line_item_id,l_orderkey,l_partkey,l_suppkey,l_linenumber,l_quantity,l_extendedprice,l_discount,l_tax,l_returnflag,l_linestatus,l_shipdate,l_commitdate,l_receiptdate,l_shipinstruct,l_shipmode,l_comment
1-1,1,1552,93,1,17.00,24710.35,0.04,0.02,N,O,1996-03-13,1996-02-12,1996-03-22,DELIVER IN PERSON,TRUCK,to beans x-ray carefull
1-2,1,674,75,2,36.00,56688.12,0.09,0.06,N,O,1996-04-12,1996-02-28,1996-04-20,TAKE BACK RETURN,MAIL, according to the final foxes. qui
1-3,1,637,38,3,8.00,12301.04,0.10,0.02,N,O,1996-01-29,1996-03-05,1996-01-31,TAKE BACK RETURN,REG AIR,ourts cajole above the furiou
1-4,1,22,48,4,28.00,25816.56,0.09,0.06,N,O,1996-04-21,1996-03-30,1996-05-16,NONE,AIR,s cajole busily above t
1-5,1,241,23,5,24.00,27389.76,0.10,0.04,N,O,1996-03-30,1996-03-14,1996-04-01,NONE,FOB," the regular, regular pa"
1-6,1,157,10,6,32.00,33828.80,0.07,0.02,N,O,1996-01-30,1996-02-07,1996-02-03,DELIVER IN PERSON,MAIL,rouches. special 
2-1,2,1062,33,1,38.00,36596.28,0.00,0.05,N,O,1997-01-28,1997-01-14,1997-02-02,TAKE BACK RETURN,RAIL,re. enticingly regular instruct
3-1,3,43,19,1,45.00,42436.80,0.06,0.00,R,F,1994-02-02,1994-01-04,1994-02-23,NONE,AIR,s cajole above the pinto beans. iro
3-2,3,191,70,2,49.00,53468.31,0.10,0.00,R,F,1993-11-09,1993-12-20,1993-11-24,TAKE BACK RETURN,RAIL,ecial pinto beans. sly
3-3,3,1285,60,3,27.00,32029.56,0.06,0.07,A,F,1994-01-16,1993-11-22,1994-01-23,DELIVER IN PERSON,SHIP,e carefully fina
3-4,3,294,22,4,2.00,2388.58,0.01,0.06,A,F,1993-12-04,1994-01-07,1994-01-01,NONE,TRUCK,ackages boost across 
3-5,3,1831,61,5,28.00,48519.24,0.04,0.00,R,F,1993-12-14,1994-01-10,1994-01-01,TAKE BACK RETURN,FOB,heodolites haggle blit
3-6,3,622,16,6,26.00,39588.12,0.10,0.02,A,F,1993-10-29,1993-12-18,1993-11-04,TAKE BACK RETURN,RAIL,telets x-ray quickly mult
4-1,4,881,81,1,30.00,53456.40,0.03,0.08,N,O,1996-01-10,1995-12-14,1996-01-18,DELIVER IN PERSON,REG AIR,s. even ideas are above the accounts. 
5-1,5,1086,87,1,15.00,14806.20,0.02,0.04,R,F,1994-10-31,1994-08-31,1994-11-20,NONE,AIR,arefully regular t
5-2,5,1240,41,2,26.00,29672.24,0.07,0.08,R,F,1994-10-16,1994-09-25,1994-10-19,NONE,FOB, theodolites. slyly pending dolphins 
5-3,5,376,5,3,50.00,63818.50,0.08,0.03,A,F,1994-08-08,1994-10-13,1994-08-26,DELIVER IN PERSON,AIR,odolites. bold accounts alo
6-1,6,1397,36,1,37.00,48040.43,0.08,0.03,A,F,1992-04-27,1992-05-15,1992-05-02,TAKE BACK RETURN,TRUCK,ly silent ideas! carefull
7-1,7,1821,51,1,12.00,20673.84,0.07,0.03,N,O,1996-05-07,1996-03-13,1996-06-03,TAKE BACK RETURN,FOB,"bout the silent, ironic sentim"
7-2,7,1453,93,2,9.00,12190.05,0.08,0.08,N,O,1996-02-01,1996-03-02,1996-02-19,TAKE BACK RETURN,SHIP,ic packages slee
7-3,7,948,17,3,46.00,85051.24,0.10,0.07,N,O,1996-01-15,1996-03-27,1996-02-03,COLLECT COD,MAIL,accounts. reque
7-4,7,1631,32,4,28.00,42913.64,0.03,0.04,N,O,1996-03-21,1996-04-08,1996-04-20,NONE,FOB,ng theodolites run furiously. 
7-5,7,1519,40,5,38.00,53979.38,0.08,0.01,N,O,1996-02-11,1996-02-24,1996-02-18,DELIVER IN PERSON,TRUCK,"he final, daring excuses. furiously eve"
7-6,7,793,26,6,35.00,59282.65,0.06,0.03,N,O,1996-01-16,1996-02-23,1996-01-22,TAKE BACK RETURN,FOB,ely pending deposits. quietly unusual requ
7-7,7,1573,54,7,5.00,7372.85,0.04,0.02,N,O,1996-02-10,1996-03-26,1996-02-13,NONE,FOB,ithely about 
32-1,32,828,95,1,28.00,48406.96,0.05,0.08,N,O,1995-10-23,1995-08-27,1995-10-26,TAKE BACK RETURN,TRUCK,y final gifts cajo
32-2,32,1980,25,2,32.00,60223.36,0.02,0.00,N,O,1995-08-14,1995-10-07,1995-08-27,COLLECT COD,AIR, accounts. deposits sleep ironicall
32-3,32,442,72,3,2.00,2684.88,0.09,0.02,N,O,1995-08-07,1995-10-07,1995-08-23,DELIVER IN PERSON,AIR,lets. furiously ironic platelets boost 
32-4,32,28,79,4,4.00,3712.08,0.09,0.03,N,O,1995-08-04,1995-10-01,1995-09-03,NONE,REG AIR, platelets x-ray 
32-5,32,859,93,5,44.00,77433.40,0.05,0.06,N,O,1995-08-28,1995-08-20,1995-09-14,DELIVER IN PERSON,AIR,as are bold requests. quickly regular brai
32-6,32,117,44,6,6.00,6102.66,0.04,0.03,N,O,1995-07-21,1995-09-23,1995-07-25,COLLECT COD,RAIL,ly final asymptotes. qui
33-1,33,614,8,1,31.00,46952.91,0.09,0.04,A,F,1993-10-29,1993-12-19,1993-11-08,COLLECT COD,TRUCK,uctions. slyly pending requests ca
33-2,33,606,69,2,32.00,48211.20,0.02,0.05,A,F,1993-12-09,1994-01-04,1993-12-28,COLLECT COD,MAIL,"y ironic, regular"
33-3,33,1375,14,3,5.00,6381.85,0.05,0.03,A,F,1993-12-09,1993-12-25,1993-12-23,TAKE BACK RETURN,AIR, pending platelets ma
33-4,33,340,41,4,41.00,50853.94,0.09,0.00,R,F,1993-11-09,1994-01-24,1993-11-11,TAKE BACK RETURN,MAIL,as about the slyly regular d
34-1,34,884,18,1,13.00,23203.44,0.00,0.07,N,O,1998-10-23,1998-09-14,1998-11-06,NONE,REG AIR,boost fluffily about the quickl
34-2,34,895,29,2,22.00,39509.58,0.08,0.06,N,O,1998-10-09,1998-10-16,1998-10-12,NONE,FOB,efully fluffi
34-3,34,1696,79,3,6.00,9586.14,0.02,0.06,N,O,1998-10-30,1998-09-20,1998-11-05,NONE,FOB,ar pinto beans.
35-1,35,5,31,1,24.00,21720.00,0.02,0.00,N,O,1996-02-21,1996-01-03,1996-03-18,TAKE BACK RETURN,FOB,r packages. eve
35-2,35,1620,62,2,34.00,51735.08,0.06,0.08,N,O,1996-01-22,1996-01-06,1996-01-27,DELIVER IN PERSON,RAIL,ptotes cajole fluffily across
35-3,35,1209,21,3,7.00,7771.40,0.06,0.04,N,O,1996-01-19,1995-12-22,1996-01-29,NONE,MAIL, deposits believe blith
35-4,35,852,86,4,25.00,43821.25,0.06,0.05,N,O,1995-11-26,1995-12-25,1995-12-21,DELIVER IN PERSON,SHIP,gular platele
35-5,35,1200,73,5,34.00,37440.80,0.08,0.06,N,O,1995-11-08,1996-01-15,1995-11-26,COLLECT COD,MAIL,ites engage according to the iro
35-6,35,308,37,6,28.00,33832.40,0.03,0.02,N,O,1996-02-01,1995-12-24,1996-02-28,COLLECT COD,RAIL,ajole final pack
36-1,36,1198,99,1,42.00,46165.98,0.09,0.00,N,O,1996-02-03,1996-01-21,1996-02-23,COLLECT COD,SHIP,s integrate about the fur
37-1,37,227,55,1,40.00,45088.80,0.09,0.03,A,F,1992-07-21,1992-08-01,1992-08-15,NONE,REG AIR,lyly according to the ironic accounts. sly
37-2,37,1268,43,2,39.00,45601.14,0.05,0.02,A,F,1992-07-02,1992-08-18,1992-07-28,TAKE BACK RETURN,RAIL,"ts. fluffy, bold theod"
37-3,37,130,57,3,43.00,44295.59,0.05,0.08,A,F,1992-07-10,1992-07-06,1992-08-02,DELIVER IN PERSON,TRUCK,nst the fi
38-1,38,1759,44,1,44.00,73073.00,0.04,0.02,N,O,1996-09-29,1996-11-17,1996-09-30,COLLECT COD,MAIL, dazzle quickly against the carefu
39-1,39,24,100,1,44.00,40656.88,0.09,0.06,N,O,1996-11-14,1996-12-15,1996-12-12,COLLECT COD,RAIL,c deposits wake fl
39-2,39,1866,96,2,26.00,45964.36,0.08,0.04,N,O,1996-11-04,1996-10-20,1996-11-20,NONE,FOB,le in place of the carefully r
39-3,39,679,73,3,46.00,72664.82,0.06,0.08,N,O,1996-09-26,1996-12-19,1996-10-26,DELIVER IN PERSON,AIR,al accounts af
39-4,39,206,34,4,32.00,35398.40,0.07,0.05,N,O,1996-10-02,1996-12-19,1996-10-14,COLLECT COD,MAIL,"the slyly silent instructions. regular, sil"
39-5,39,546,7,5,43.00,62201.22,0.01,0.01,N,O,1996-10-17,1996-11-14,1996-10-26,COLLECT COD,MAIL,ideas eat flu
39-6,39,944,79,6,40.00,73797.60,0.06,0.05,N,O,1996-12-08,1996-10-22,1997-01-01,COLLECT COD,AIR,ideas. furiously r
64-1,64,860,61,1,21.00,36978.06,0.05,0.02,R,F,1994-09-30,1994-09-18,1994-10-26,DELIVER IN PERSON,REG AIR, fluffily pending theodolites h
65-1,65,597,58,1,26.00,38937.34,0.03,0.03,A,F,1995-04-20,1995-04-25,1995-05-13,NONE,TRUCK,ly ironic pinto beans. packages haggle
65-2,65,739,4,2,22.00,36074.06,0.00,0.05,N,O,1995-07-17,1995-06-04,1995-07-19,COLLECT COD,FOB,l packages. silent
65-3,65,14,40,3,21.00,19194.21,0.09,0.07,N,O,1995-07-06,1995-05-14,1995-07-31,DELIVER IN PERSON,RAIL,was above the furiously final warthogs. iro
66-1,66,1152,89,1,31.00,32647.65,0.00,0.08,R,F,1994-02-19,1994-03-11,1994-02-20,TAKE BACK RETURN,RAIL,"haggle blithely according to the even, "
66-2,66,1735,36,2,41.00,67105.93,0.04,0.07,A,F,1994-02-21,1994-03-01,1994-03-18,COLLECT COD,AIR,ut the slyl
67-1,67,217,99,1,4.00,4468.84,0.09,0.04,N,O,1997-04-17,1997-01-31,1997-04-20,NONE,SHIP, above the blithely f
67-2,67,202,57,2,12.00,13226.40,0.09,0.05,N,O,1997-01-27,1997-02-21,1997-02-22,NONE,REG AIR,blithely. blithely pe
67-3,67,1736,79,3,5.00,8188.65,0.03,0.07,N,O,1997-02-20,1997-02-12,1997-02-21,DELIVER IN PERSON,TRUCK,. slyly final asymptotes maintai
67-4,67,876,77,4,44.00,78182.28,0.08,0.06,N,O,1997-03-18,1997-01-29,1997-04-13,DELIVER IN PERSON,RAIL,lets haggle slyly. carefully blithe asymp
67-5,67,407,95,5,23.00,30070.20,0.05,0.07,N,O,1997-04-19,1997-02-14,1997-05-06,DELIVER IN PERSON,REG AIR,"ial, final request"
67-6,67,1784,27,6,29.00,48887.62,0.02,0.05,N,O,1997-01-25,1997-01-27,1997-01-27,DELIVER IN PERSON,FOB,ular foxes 
68-1,68,71,97,1,3.00,2913.21,0.05,0.02,N,O,1998-07-04,1998-06-05,1998-07-21,NONE,RAIL,ly regular excuses. blithely express braid
68-2,68,1752,79,2,46.00,76072.50,0.02,0.05,N,O,1998-06-26,1998-06-07,1998-07-05,NONE,MAIL,o beans. packages cajole furiously. r
68-3,68,350,79,3,46.00,57516.10,0.04,0.05,N,O,1998-08-13,1998-07-08,1998-08-29,NONE,RAIL,aggle furiously across the slyly final depo
68-4,68,948,51,4,20.00,36978.80,0.07,0.01,N,O,1998-06-27,1998-05-23,1998-07-02,NONE,REG AIR,onic foxes. blithely regular
68-5,68,828,62,5,27.00,46678.14,0.03,0.06,N,O,1998-06-19,1998-06-25,1998-06-29,DELIVER IN PERSON,SHIP,arefully special excuses. instru
68-6,68,1026,62,6,30.00,27810.60,0.05,0.06,N,O,1998-08-11,1998-07-11,1998-08-14,NONE,RAIL,ifts across the slyly expre
68-7,68,1393,32,7,41.00,53069.99,0.09,0.08,N,O,1998-06-24,1998-06-27,1998-07-06,NONE,SHIP,"ravely busy pinto beans. regular, r"
69-1,69,1153,90,1,48.00,50599.20,0.01,0.07,A,F,1994-08-17,1994-08-11,1994-09-08,NONE,TRUCK,y against the slyly unusual foxes. regular
69-2,69,1042,13,2,32.00,30177.28,0.08,0.06,A,F,1994-08-24,1994-08-17,1994-08-31,NONE,REG AIR,gh the blithely express 
69-3,69,1373,88,3,17.00,21664.29,0.09,0.00,A,F,1994-07-02,1994-07-07,1994-07-03,TAKE BACK RETURN,AIR,the pinto beans. bli
69-4,69,376,33,4,3.00,3829.11,0.09,0.04,R,F,1994-06-06,1994-07-27,1994-06-15,NONE,MAIL,haggle furiously 
69-5,69,921,90,5,42.00,76520.64,0.07,0.04,R,F,1994-07-31,1994-07-26,1994-08-28,DELIVER IN PERSON,REG AIR,nts. theodolites wa
69-6,69,186,13,6,23.00,24982.14,0.05,0.00,A,F,1994-10-03,1994-08-06,1994-10-24,NONE,SHIP,cies nag. express
70-1,70,642,5,1,8.00,12341.12,0.03,0.08,R,F,1994-01-12,1994-02-27,1994-01-14,TAKE BACK RETURN,FOB,ng the regular pinto beans. fluff
70-2,70,1962,51,2,13.00,24231.48,0.06,0.06,A,F,1994-03-03,1994-02-13,1994-03-26,COLLECT COD,AIR,. bold packages acr
70-3,70,1799,26,3,1.00,1700.79,0.03,0.05,R,F,1994-01-26,1994-03-05,1994-01-28,TAKE BACK RETURN,RAIL,ts nag. fluffily unusual ideas along th
70-4,70,458,17,4,11.00,14942.95,0.01,0.05,A,F,1994-03-17,1994-03-17,1994-03-27,NONE,MAIL,ts haggle blithely express dep
70-5,70,372,29,5,37.00,47077.69,0.09,0.04,R,F,1994-02-13,1994-03-16,1994-02-21,COLLECT COD,MAIL,e packages. quick
70-6,70,557,48,6,19.00,27693.45,0.06,0.03,A,F,1994-01-26,1994-02-17,1994-02-06,TAKE BACK RETURN,SHIP,ans boost slyly. final dependenc
71-1,71,620,21,1,25.00,38015.50,0.09,0.07,N,O,1998-04-10,1998-04-22,1998-04-11,COLLECT COD,FOB, daring pin
71-2,71,660,54,2,3.00,4681.98,0.09,0.07,N,O,1998-05-23,1998-04-03,1998-06-02,COLLECT COD,SHIP,o beans. final dependencies mol
71-3,71,345,30,3,45.00,56040.30,0.00,0.07,N,O,1998-02-23,1998-03-20,1998-03-24,DELIVER IN PERSON,SHIP,y ironic packages wake carefully fu
71-4,71,967,2,4,33.00,61642.68,0.00,0.01,N,O,1998-04-12,1998-03-20,1998-04-15,NONE,FOB,ravely. slowly ironic epitaphs arou
71-5,71,1033,69,5,39.00,36427.17,0.08,0.06,N,O,1998-01-29,1998-04-07,1998-02-18,DELIVER IN PERSON,RAIL,g the blithely ironic deposits. 
71-6,71,1957,46,6,34.00,63204.30,0.04,0.01,N,O,1998-03-05,1998-04-22,1998-03-30,DELIVER IN PERSON,TRUCK,ns. pendin
96-1,96,1231,43,1,23.00,26041.29,0.10,0.06,A,F,1994-07-19,1994-06-29,1994-07-25,DELIVER IN PERSON,TRUCK,furiously stealthy
96-2,96,1354,55,2,30.00,37660.50,0.01,0.06,R,F,1994-06-03,1994-05-29,1994-06-22,DELIVER IN PERSON,TRUCK,sublate furiously. silently 
97-1,97,1195,32,1,13.00,14250.47,0.00,0.02,R,F,1993-04-01,1993-04-04,1993-04-08,NONE,TRUCK,as: blithely ironic packages wake 
97-2,97,496,26,2,37.00,51670.13,0.02,0.06,A,F,1993-04-13,1993-03-30,1993-04-14,DELIVER IN PERSON,SHIP,st the slyly thin accounts. requ
97-3,97,777,74,3,19.00,31877.63,0.06,0.08,R,F,1993-05-14,1993-03-05,1993-05-25,TAKE BACK RETURN,RAIL,final deposits detect slyly slyly regular
98-1,98,403,4,1,28.00,36495.20,0.06,0.07,A,F,1994-12-24,1994-10-25,1995-01-16,COLLECT COD,REG AIR,gular accounts after the sly
98-2,98,1098,4,2,1.00,999.09,0.00,0.00,A,F,1994-12-01,1994-12-12,1994-12-15,DELIVER IN PERSON,TRUCK,ly express asymptotes haggle c
98-3,98,448,49,3,14.00,18878.16,0.05,0.02,A,F,1994-12-30,1994-11-22,1995-01-27,COLLECT COD,AIR,"e special, special deposits. ironic depos"
98-4,98,1672,73,4,10.00,15736.70,0.03,0.03,A,F,1994-10-23,1994-11-08,1994-11-09,COLLECT COD,RAIL,. fluffily regular instructions 
99-1,99,872,72,1,10.00,17728.70,0.02,0.01,A,F,1994-05-18,1994-06-03,1994-05-23,COLLECT COD,RAIL,requests ca
99-2,99,1238,39,2,5.00,5696.15,0.02,0.07,R,F,1994-05-06,1994-05-28,1994-05-20,TAKE BACK RETURN,RAIL, slyly ironic accounts cajole. fina
99-3,99,1341,56,3,42.00,52178.28,0.02,0.02,A,F,1994-04-19,1994-05-18,1994-04-20,NONE,RAIL,nic requests. furiously regular
99-4,99,1084,20,4,36.00,35462.88,0.09,0.02,A,F,1994-07-04,1994-04-17,1994-07-30,DELIVER IN PERSON,AIR,lithely even p
100-1,100,621,22,1,28.00,42605.36,0.04,0.05,N,O,1998-05-08,1998-05-13,1998-06-07,COLLECT COD,TRUCK,ithely along the 
100-2,100,1160,97,2,22.00,23345.52,0.00,0.07,N,O,1998-06-24,1998-04-12,1998-06-29,DELIVER IN PERSON,SHIP,ar accounts boost slyly. brav
100-3,100,462,92,3,46.00,62673.16,0.03,0.04,N,O,1998-05-02,1998-04-10,1998-05-22,TAKE BACK RETURN,SHIP,kly ironic requests
100-4,100,381,38,4,14.00,17939.32,0.06,0.03,N,O,1998-05-22,1998-05-01,1998-06-03,COLLECT COD,MAIL,ter the regular courts nag b
100-5,100,535,26,5,37.00,53114.61,0.05,0.00,N,O,1998-03-06,1998-04-16,1998-03-31,TAKE BACK RETURN,TRUCK, pending depende
101-1,101,1183,92,1,49.00,53124.82,0.10,0.00,N,O,1996-06-21,1996-05-27,1996-06-29,DELIVER IN PERSON,REG AIR,carefully express excuses wake alo
101-2,101,1634,58,2,36.00,55282.68,0.00,0.01,N,O,1996-05-19,1996-05-01,1996-06-04,DELIVER IN PERSON,AIR,ar asymptotes about the blithely regul
101-3,101,1385,100,3,12.00,15436.56,0.06,0.02,N,O,1996-03-29,1996-04-20,1996-04-12,COLLECT COD,MAIL,y dogged courts a
102-1,102,890,57,1,37.00,66262.93,0.06,0.00,N,O,1997-07-24,1997-08-02,1997-08-07,TAKE BACK RETURN,SHIP,e slyly regular foxes are alongside 
102-2,102,1693,17,2,34.00,54219.46,0.03,0.08,N,O,1997-08-09,1997-07-28,1997-08-26,TAKE BACK RETURN,SHIP,s nag. furiously expr
102-3,102,1824,68,3,25.00,43145.50,0.01,0.01,N,O,1997-07-31,1997-07-24,1997-08-17,NONE,RAIL,notornis: furiously
102-4,102,612,6,4,15.00,22689.15,0.07,0.07,N,O,1997-06-02,1997-07-13,1997-06-04,DELIVER IN PERSON,SHIP,s believe. packages doubt carefully
103-1,103,1947,80,1,6.00,11093.64,0.03,0.05,N,O,1996-10-11,1996-07-25,1996-10-28,NONE,FOB,oost carefully above
103-2,103,105,32,2,37.00,37188.70,0.02,0.07,N,O,1996-09-17,1996-07-27,1996-09-20,TAKE BACK RETURN,MAIL,asymptotes. fluffily regular dependencies
103-3,103,285,86,3,23.00,27261.44,0.01,0.04,N,O,1996-09-11,1996-09-18,1996-09-26,NONE,FOB,refully. iro
103-4,103,291,46,4,32.00,38121.28,0.01,0.07,N,O,1996-07-30,1996-08-06,1996-08-04,NONE,RAIL," haggle slyly. regular, express foxe"
128-1,128,1069,5,1,38.00,36862.28,0.06,0.01,A,F,1992-09-01,1992-08-27,1992-10-01,TAKE BACK RETURN,FOB,ructions impres
129-1,129,29,55,1,46.00,42734.92,0.08,0.02,R,F,1993-02-15,1993-01-24,1993-03-05,COLLECT COD,TRUCK,osits along the carefully final 
129-2,129,1852,53,2,36.00,63138.60,0.01,0.02,A,F,1992-11-25,1992-12-25,1992-12-09,TAKE BACK RETURN,REG AIR,even excuses cajo
129-3,129,395,24,3,33.00,42747.87,0.04,0.06,A,F,1993-01-08,1993-02-14,1993-01-29,COLLECT COD,SHIP,counts through the bold t
129-4,129,1352,29,4,34.00,42613.90,0.00,0.01,R,F,1993-01-29,1993-02-14,1993-02-10,COLLECT COD,MAIL,des. pinto beans slee
129-5,129,314,99,5,24.00,29143.44,0.06,0.00,A,F,1992-12-07,1993-01-02,1992-12-11,TAKE BACK RETURN,FOB,ate carefully carefully final packages
129-6,129,771,68,6,22.00,36778.94,0.06,0.01,R,F,1993-02-15,1993-01-31,1993-02-24,COLLECT COD,SHIP,ckages boost blithel
129-7,129,1686,69,7,1.00,1587.68,0.05,0.04,R,F,1993-01-26,1993-01-08,1993-02-24,DELIVER IN PERSON,FOB,ly pending packages wake slyly
130-1,130,1289,90,1,14.00,16663.92,0.08,0.05,A,F,1992-08-15,1992-07-25,1992-09-13,COLLECT COD,RAIL,oxes. doggedly ironic deposi
130-2,130,18,44,2,48.00,44064.48,0.03,0.02,R,F,1992-07-01,1992-07-12,1992-07-24,NONE,AIR,ages use slyly even courts. c
130-3,130,119,20,3,18.00,18343.98,0.04,0.08,A,F,1992-07-04,1992-06-14,1992-07-29,DELIVER IN PERSON,MAIL,s. permanently regular pi
130-4,130,1157,66,4,13.00,13755.95,0.09,0.02,R,F,1992-06-26,1992-07-29,1992-07-05,NONE,FOB,ular requests nag carefully spe
130-5,130,692,55,5,31.00,49373.39,0.06,0.05,R,F,1992-09-01,1992-07-18,1992-09-02,TAKE BACK RETURN,RAIL, blithely even pinto
131-1,131,1676,18,1,45.00,70995.15,0.10,0.02,R,F,1994-09-14,1994-09-02,1994-10-04,NONE,FOB, are slyly about the slyly fin
131-2,131,443,2,2,50.00,67172.00,0.02,0.04,A,F,1994-09-17,1994-08-10,1994-09-21,NONE,SHIP,riously at the furiously express dependenc
131-3,131,1891,35,3,4.00,7171.56,0.04,0.03,A,F,1994-09-20,1994-08-30,1994-09-23,COLLECT COD,REG AIR,e final foxes are furi
132-1,132,1405,45,1,18.00,23515.20,0.00,0.08,R,F,1993-07-10,1993-08-05,1993-07-13,NONE,TRUCK,ss the special theodolite
132-2,132,1191,92,2,43.00,46964.17,0.01,0.08,R,F,1993-09-01,1993-08-16,1993-09-22,NONE,TRUCK,furiously slyly regul
132-3,132,1145,46,3,32.00,33476.48,0.04,0.04,A,F,1993-07-12,1993-08-05,1993-08-05,COLLECT COD,TRUCK, packages. pending 
132-4,132,281,63,4,23.00,27169.44,0.10,0.00,A,F,1993-06-16,1993-08-27,1993-06-23,DELIVER IN PERSON,AIR,ully carefully unusual for
133-1,133,1035,71,1,27.00,25272.81,0.00,0.02,N,O,1997-12-21,1998-02-23,1997-12-27,TAKE BACK RETURN,MAIL,structions sleep furiously 
133-2,133,1763,90,2,12.00,19977.12,0.02,0.06,N,O,1997-12-02,1998-01-15,1997-12-29,DELIVER IN PERSON,REG AIR,requests thrash at the furio
133-3,133,1174,83,3,29.00,31179.93,0.09,0.08,N,O,1998-02-28,1998-01-30,1998-03-09,DELIVER IN PERSON,RAIL,iously final pinto beans integr
133-4,133,899,99,4,11.00,19798.79,0.06,0.01,N,O,1998-03-21,1998-01-15,1998-04-04,DELIVER IN PERSON,REG AIR,structions integrate quickly.
134-1,134,7,8,1,21.00,19047.00,0.00,0.03,A,F,1992-07-17,1992-07-08,1992-07-26,COLLECT COD,SHIP,pending pinto bean
134-2,134,1647,30,2,35.00,54202.40,0.06,0.07,A,F,1992-08-23,1992-06-01,1992-08-24,NONE,MAIL,r pinto beans. carefully ir
134-3,134,1883,70,3,26.00,46406.88,0.09,0.06,A,F,1992-06-20,1992-07-12,1992-07-16,NONE,RAIL,sits wake. furiously fin
134-4,134,1441,42,4,47.00,63094.68,0.05,0.00,A,F,1992-08-16,1992-07-06,1992-08-28,NONE,REG AIR,l foxes: final foxes integrate fluffily aft
134-5,134,352,53,5,12.00,15028.20,0.05,0.02,A,F,1992-07-03,1992-06-01,1992-07-11,COLLECT COD,TRUCK,quickly fina
134-6,134,1332,71,6,12.00,14799.96,0.00,0.00,A,F,1992-08-08,1992-07-07,1992-08-20,TAKE BACK RETURN,FOB,e alongside of t
135-1,135,1083,84,1,47.00,46251.76,0.06,0.08,N,O,1996-02-18,1996-01-01,1996-02-25,COLLECT COD,RAIL,xpress instructions. 
135-2,135,1984,17,2,21.00,39605.58,0.00,0.07,N,O,1996-02-11,1996-01-12,1996-02-13,DELIVER IN PERSON,SHIP,er the blithely enticing dolphins. iro
135-3,135,1576,97,3,33.00,48759.81,0.02,0.00,N,O,1996-01-03,1995-11-21,1996-02-01,TAKE BACK RETURN,MAIL,special accounts are acr
135-4,135,671,3,4,34.00,53436.78,0.02,0.03,N,O,1996-01-12,1996-01-19,1996-02-05,NONE,TRUCK,cording to the deposits. blithely expr
135-5,135,1363,40,5,20.00,25287.20,0.01,0.04,N,O,1996-01-25,1995-11-20,1996-02-09,NONE,MAIL,. carefully express pa
135-6,135,1150,59,6,13.00,13664.95,0.04,0.02,N,O,1995-11-12,1995-12-22,1995-11-17,NONE,FOB,the packages. carefull
160-1,160,148,1,1,36.00,37733.04,0.07,0.01,N,O,1997-03-11,1997-03-11,1997-03-20,COLLECT COD,MAIL, unusual excuses boost: unusual depen
160-2,160,864,98,2,22.00,38826.92,0.00,0.04,N,O,1997-02-18,1997-03-05,1997-03-05,COLLECT COD,RAIL, carefully even epitaph
160-3,160,201,56,3,34.00,37440.80,0.01,0.05,N,O,1997-01-31,1997-03-13,1997-02-14,NONE,FOB,e furiously blithely even accounts. bli
161-1,161,1029,35,1,19.00,17670.38,0.01,0.01,A,F,1994-12-13,1994-11-19,1994-12-26,DELIVER IN PERSON,TRUCK,le daringly according to the 
162-1,162,1893,80,1,2.00,3589.78,0.02,0.01,N,O,1995-09-02,1995-06-17,1995-09-08,COLLECT COD,FOB,ly regular packages. quic
163-1,163,1676,100,1,43.00,67839.81,0.01,0.00,N,O,1997-09-19,1997-11-19,1997-10-03,COLLECT COD,REG AIR, ideas. blithely regular foxes n
163-2,163,1208,9,2,13.00,14419.60,0.01,0.04,N,O,1997-11-11,1997-10-18,1997-12-07,DELIVER IN PERSON,TRUCK, orbits could have to are blithely 
163-3,163,369,98,3,27.00,34272.72,0.04,0.08,N,O,1997-12-26,1997-11-28,1998-01-05,COLLECT COD,REG AIR,slyly final packages. 
163-4,163,1927,72,4,5.00,9144.60,0.02,0.00,N,O,1997-11-17,1997-10-09,1997-12-05,DELIVER IN PERSON,TRUCK,s use furio
163-5,163,1261,99,5,12.00,13947.12,0.10,0.00,N,O,1997-12-18,1997-10-26,1997-12-22,COLLECT COD,TRUCK,s wake theodolites. deposi
163-6,163,1909,98,6,20.00,36218.00,0.00,0.07,N,O,1997-09-27,1997-11-15,1997-10-07,TAKE BACK RETURN,FOB, final packages subla
164-1,164,914,49,1,26.00,47187.66,0.09,0.04,A,F,1993-01-04,1992-11-21,1993-01-07,NONE,RAIL,fully unusual requests serve after the
164-2,164,185,38,2,24.00,26044.32,0.05,0.05,R,F,1992-12-22,1992-11-27,1993-01-06,NONE,AIR,s sleep fluffily. pending asymptotes wak
164-3,164,1256,68,3,38.00,43975.50,0.03,0.06,R,F,1992-12-04,1992-11-23,1993-01-02,TAKE BACK RETURN,AIR,uses nag quickly slyly express theodolites
164-4,164,176,3,4,32.00,34437.44,0.05,0.01,R,F,1992-12-21,1992-12-23,1992-12-28,COLLECT COD,RAIL,. regular acc
164-5,164,1476,55,5,43.00,59231.21,0.06,0.01,R,F,1992-11-26,1993-01-03,1992-12-08,COLLECT COD,RAIL,ages against the furiou
164-6,164,1089,90,6,27.00,26732.16,0.10,0.04,R,F,1992-12-23,1993-01-16,1993-01-10,DELIVER IN PERSON,AIR,ackages boost along th
164-7,164,31,57,7,23.00,21413.69,0.09,0.04,A,F,1992-11-03,1992-12-02,1992-11-12,NONE,REG AIR,blithely even pearls was slyly regular in
165-1,165,332,89,1,3.00,3696.99,0.01,0.08,R,F,1993-03-29,1993-03-06,1993-04-12,DELIVER IN PERSON,REG AIR,packages are. blithely 
165-2,165,1617,41,2,43.00,65300.23,0.08,0.05,R,F,1993-02-27,1993-04-19,1993-03-03,DELIVER IN PERSON,TRUCK,nding pinto beans. sl
165-3,165,586,77,3,15.00,22298.70,0.00,0.05,R,F,1993-04-10,1993-03-29,1993-05-01,COLLECT COD,SHIP,eposits. blithely exp
165-4,165,1392,69,4,49.00,63376.11,0.07,0.06,A,F,1993-02-20,1993-04-02,1993-03-10,COLLECT COD,REG AIR, final braids. carefully pending acco
165-5,165,1551,92,5,27.00,39218.85,0.01,0.04,R,F,1993-04-27,1993-03-04,1993-05-13,NONE,MAIL,o detect. special ideas wak
166-1,166,649,12,1,37.00,57336.68,0.09,0.03,N,O,1995-11-16,1995-10-17,1995-12-13,NONE,MAIL,", final accounts. slyly e"
166-2,166,1664,65,2,13.00,20353.58,0.09,0.05,N,O,1995-11-09,1995-11-18,1995-11-14,COLLECT COD,SHIP,courts. busily even packages 
166-3,166,997,32,3,41.00,77817.59,0.07,0.03,N,O,1995-11-13,1995-11-07,1995-12-08,COLLECT COD,FOB,deposits according to the even pac
166-4,166,451,81,4,8.00,10811.60,0.05,0.02,N,O,1995-12-30,1995-11-29,1996-01-29,DELIVER IN PERSON,RAIL,egular deposits h
167-1,167,1012,13,1,28.00,25564.28,0.06,0.01,R,F,1993-02-19,1993-02-16,1993-03-03,DELIVER IN PERSON,TRUCK,hely. carefully 
167-2,167,1716,59,2,27.00,43678.17,0.09,0.00,R,F,1993-05-01,1993-03-31,1993-05-31,TAKE BACK RETURN,FOB,. final attainments along the f
192-1,192,971,40,1,23.00,43055.31,0.00,0.00,N,O,1998-02-05,1998-02-06,1998-03-07,TAKE BACK RETURN,AIR,mold furiously after the ironic instructio
192-2,192,1614,38,2,20.00,30312.20,0.07,0.01,N,O,1998-03-13,1998-02-02,1998-03-31,TAKE BACK RETURN,REG AIR,l packages.
192-3,192,1103,76,3,15.00,15061.50,0.09,0.01,N,O,1998-01-30,1998-02-10,1998-02-23,TAKE BACK RETURN,TRUCK,ing packages above the quickly 
192-4,192,1964,97,4,2.00,3731.92,0.06,0.02,N,O,1998-03-06,1998-02-03,1998-03-24,COLLECT COD,SHIP,fully bold packages x-ray furiously at 
192-5,192,830,97,5,25.00,43270.75,0.02,0.03,N,O,1998-02-15,1998-01-11,1998-03-17,COLLECT COD,TRUCK,osits. unusual excu
192-6,192,1411,51,6,45.00,59058.45,0.00,0.05,N,O,1998-03-11,1998-01-09,1998-04-03,NONE,MAIL,rts haggle quickly quickl
193-1,193,927,62,1,9.00,16451.28,0.06,0.06,A,F,1993-09-17,1993-10-08,1993-09-30,COLLECT COD,TRUCK,kly furiously ironic requests.
193-2,193,1540,61,2,15.00,21623.10,0.02,0.07,R,F,1993-11-22,1993-10-09,1993-12-05,TAKE BACK RETURN,SHIP,lar accounts. slyly ruthl
193-3,193,939,74,3,23.00,42318.39,0.06,0.05,A,F,1993-08-21,1993-10-11,1993-09-02,DELIVER IN PERSON,TRUCK,he carefully final instructions. ca
194-1,194,26,52,1,17.00,15742.34,0.05,0.04,R,F,1992-05-24,1992-05-22,1992-05-30,COLLECT COD,AIR,the ironic cour
194-2,194,1836,80,2,1.00,1737.83,0.04,0.06,R,F,1992-04-30,1992-05-18,1992-05-23,NONE,REG AIR,ost furiously final accounts? pinto
194-3,194,660,54,3,13.00,20288.58,0.08,0.08,A,F,1992-05-07,1992-06-18,1992-05-10,NONE,AIR,aggle carefull
194-4,194,1452,53,4,36.00,48724.20,0.00,0.05,R,F,1992-05-21,1992-05-18,1992-05-27,TAKE BACK RETURN,RAIL, sublate above the even requests. slyl
194-5,194,562,23,5,8.00,11700.48,0.04,0.00,R,F,1992-07-06,1992-06-25,1992-07-11,COLLECT COD,FOB,dolites are quickly? exp
194-6,194,1490,30,6,16.00,22263.84,0.06,0.03,A,F,1992-05-14,1992-06-14,1992-05-21,TAKE BACK RETURN,TRUCK,luffily unusual theodolites
194-7,194,1679,21,7,21.00,33194.07,0.02,0.01,R,F,1992-05-06,1992-05-20,1992-05-07,COLLECT COD,REG AIR,ecial theodolites. slyly ironic
195-1,195,846,13,1,6.00,10481.04,0.04,0.02,A,F,1994-01-09,1994-03-27,1994-01-28,COLLECT COD,REG AIR,ove the even asymptotes! slyly regular
195-2,195,939,42,2,41.00,75437.13,0.05,0.07,A,F,1994-02-24,1994-02-11,1994-03-20,NONE,TRUCK,"ding, final accounts bre"
195-3,195,855,89,3,34.00,59698.90,0.08,0.08,R,F,1994-01-31,1994-02-11,1994-02-12,NONE,TRUCK,ounts integrate. regular
195-4,195,855,89,4,41.00,71989.85,0.06,0.04,R,F,1994-03-14,1994-03-13,1994-04-09,COLLECT COD,RAIL,"ual, final dolphins. furiously even dep"
196-1,196,1351,28,1,19.00,23794.65,0.03,0.02,R,F,1993-04-17,1993-05-27,1993-04-30,NONE,SHIP,lar requests. carefully regular package
196-2,196,99,25,2,15.00,14986.35,0.03,0.04,A,F,1993-07-05,1993-05-08,1993-07-06,TAKE BACK RETURN,SHIP, final foxes. bra
197-1,197,985,20,1,39.00,73553.22,0.02,0.04,N,O,1995-07-21,1995-07-01,1995-08-14,TAKE BACK RETURN,AIR, wake carefully after the i
197-2,197,1772,15,2,8.00,13390.16,0.09,0.02,A,F,1995-04-17,1995-07-01,1995-04-27,DELIVER IN PERSON,SHIP,f the blithely ironic deposits! regular
197-3,197,1559,100,3,17.00,24829.35,0.06,0.02,N,O,1995-08-02,1995-06-23,1995-08-03,COLLECT COD,REG AIR,final decoy
197-4,197,180,33,4,25.00,27004.50,0.04,0.01,N,F,1995-06-13,1995-05-23,1995-06-24,TAKE BACK RETURN,FOB,". quiet, furious accounts "
197-5,197,415,45,5,14.00,18415.74,0.09,0.01,R,F,1995-05-08,1995-05-24,1995-05-12,TAKE BACK RETURN,RAIL,even requests kindle. blith
197-6,197,1059,30,6,1.00,960.05,0.07,0.05,N,O,1995-07-15,1995-06-21,1995-08-11,COLLECT COD,RAIL,ptotes use blithely. silent 
198-1,198,561,62,1,33.00,48231.48,0.07,0.02,N,O,1998-01-05,1998-03-20,1998-01-10,TAKE BACK RETURN,TRUCK,at the permanen
198-2,198,153,80,2,20.00,21063.00,0.03,0.00,N,O,1998-01-15,1998-03-31,1998-01-25,DELIVER IN PERSON,FOB,ithely final deposits. quic
198-3,198,1481,60,3,15.00,20737.20,0.04,0.02,N,O,1998-04-12,1998-02-26,1998-04-15,COLLECT COD,MAIL,regular theodolites breach abo
198-4,198,104,31,4,35.00,35143.50,0.08,0.02,N,O,1998-02-27,1998-03-23,1998-03-14,TAKE BACK RETURN,RAIL,p quickly instructions. carefully bold 
198-5,198,1020,21,5,33.00,30393.66,0.02,0.01,N,O,1998-03-22,1998-03-12,1998-04-14,DELIVER IN PERSON,SHIP,lyly express ide
199-1,199,1321,36,1,50.00,61116.00,0.02,0.00,N,O,1996-06-12,1996-06-03,1996-07-04,DELIVER IN PERSON,MAIL, packages. furiously ironic d
199-2,199,1340,41,2,30.00,37240.20,0.08,0.05,N,O,1996-03-27,1996-05-29,1996-04-14,NONE,TRUCK,ing excuses thrash after the foxes. 
224-1,224,1502,3,1,16.00,22456.00,0.04,0.00,A,F,1994-08-01,1994-07-30,1994-08-27,DELIVER IN PERSON,MAIL,ravely pending t
224-2,224,1087,23,2,34.00,33594.72,0.04,0.08,R,F,1994-07-13,1994-08-25,1994-07-31,COLLECT COD,TRUCK, slyly bold ideas ought to h
224-3,224,1900,30,3,41.00,73877.90,0.07,0.04,A,F,1994-09-01,1994-09-15,1994-09-02,TAKE BACK RETURN,SHIP,s nag. silent do
224-4,224,1664,47,4,12.00,18787.92,0.08,0.06,R,F,1994-10-12,1994-08-29,1994-10-20,DELIVER IN PERSON,MAIL,regular deposits use carefully. slyly
224-5,224,939,8,5,45.00,82796.85,0.07,0.07,R,F,1994-08-14,1994-09-02,1994-08-27,COLLECT COD,AIR,"nent, unusual platelets sleep slyly reque"
224-6,224,501,92,6,4.00,5606.00,0.02,0.00,R,F,1994-09-08,1994-08-24,1994-10-04,DELIVER IN PERSON,FOB,ctions. bl
225-1,225,1720,21,1,4.00,6486.88,0.09,0.07,N,O,1995-08-05,1995-08-19,1995-09-03,TAKE BACK RETURN,SHIP,ven frays wake carefully ironic requests.
225-2,225,1306,21,2,3.00,3621.90,0.00,0.08,N,O,1995-07-25,1995-07-08,1995-08-17,DELIVER IN PERSON,REG AIR,ounts mold according to the quickly 
225-3,225,1983,72,3,45.00,84824.10,0.06,0.01,N,O,1995-08-17,1995-08-20,1995-08-30,TAKE BACK RETURN,FOB,e blithely express deposits. reg
225-4,225,1461,1,4,24.00,32699.04,0.00,0.06,N,O,1995-09-23,1995-08-05,1995-10-16,COLLECT COD,MAIL,lently. blithely bold foxes haggl
225-5,225,76,52,5,31.00,30258.17,0.04,0.06,N,O,1995-06-21,1995-07-24,1995-07-04,TAKE BACK RETURN,FOB,tly above the slyly regular 
225-6,225,1319,34,6,12.00,14643.72,0.00,0.00,A,F,1995-06-04,1995-07-15,1995-06-08,COLLECT COD,MAIL,"riously final, regular"
225-7,225,1413,31,7,44.00,57834.04,0.10,0.06,N,O,1995-09-22,1995-08-16,1995-10-22,NONE,REG AIR,requests. b
226-1,226,970,5,1,4.00,7483.88,0.00,0.00,R,F,1993-03-31,1993-04-30,1993-04-10,NONE,TRUCK,ully regular ideas sleep after the sil
226-2,226,1379,94,2,46.00,58897.02,0.06,0.01,A,F,1993-07-06,1993-04-24,1993-07-13,COLLECT COD,FOB,sits breach above the even ideas
226-3,226,374,59,3,35.00,44602.95,0.09,0.03,A,F,1993-03-31,1993-05-18,1993-04-01,NONE,RAIL,st. daringly ironic requests are 
226-4,226,407,95,4,45.00,58833.00,0.10,0.02,R,F,1993-04-17,1993-05-27,1993-05-11,DELIVER IN PERSON,AIR,s wake quickly among 
226-5,226,1180,89,5,2.00,2162.36,0.07,0.02,R,F,1993-03-26,1993-04-13,1993-04-20,TAKE BACK RETURN,SHIP,lly even packages. quickly s
226-6,226,830,97,6,48.00,83079.84,0.02,0.00,A,F,1993-06-11,1993-05-15,1993-06-19,NONE,REG AIR,dencies sleep sometimes pending accou
226-7,226,1180,89,7,14.00,15136.52,0.09,0.00,R,F,1993-05-20,1993-06-05,1993-05-27,COLLECT COD,MAIL,ly. blithely unusual deposits against
227-1,227,1654,78,1,19.00,29557.35,0.05,0.06,N,O,1995-12-10,1996-01-30,1995-12-26,NONE,RAIL,cuses cajole against
227-2,227,1742,69,2,24.00,39449.76,0.07,0.07,N,O,1996-02-03,1995-12-24,1996-02-12,COLLECT COD,SHIP,ns hang courts. blithely close foxes slee
228-1,228,41,67,1,3.00,2823.12,0.10,0.08,A,F,1993-05-20,1993-04-08,1993-05-26,DELIVER IN PERSON,SHIP,usly furiou
229-1,229,836,3,1,20.00,34736.60,0.02,0.03,R,F,1994-01-11,1994-01-31,1994-01-26,DELIVER IN PERSON,REG AIR,press. furiously final packages believe abo
229-2,229,1290,91,2,29.00,34547.41,0.07,0.00,A,F,1994-03-15,1994-03-02,1994-03-26,COLLECT COD,SHIP,nding pinto bean
229-3,229,786,87,3,28.00,47229.84,0.02,0.02,R,F,1994-02-10,1994-02-02,1994-03-10,DELIVER IN PERSON,FOB,lyly. blithely ironic ideas acro
229-4,229,1770,55,4,3.00,5015.31,0.02,0.08,R,F,1994-03-22,1994-03-24,1994-04-04,DELIVER IN PERSON,REG AIR, theodolites. blithely special pa
229-5,229,1552,33,5,33.00,47967.15,0.03,0.06,R,F,1994-03-25,1994-02-11,1994-04-13,NONE,FOB,s across the slyly special packages h
229-6,229,1054,90,6,29.00,27696.45,0.04,0.00,R,F,1994-01-14,1994-02-16,1994-01-22,NONE,FOB,posits. permanent
230-1,230,1859,46,1,46.00,80999.10,0.09,0.00,R,F,1994-02-03,1994-01-15,1994-02-23,TAKE BACK RETURN,SHIP, sleep toward t
230-2,230,1950,95,2,6.00,11111.70,0.03,0.08,A,F,1994-01-26,1994-01-25,1994-02-13,NONE,REG AIR,lyly silent theodolites: fur
230-3,230,74,50,3,1.00,974.07,0.07,0.06,R,F,1994-01-22,1994-01-03,1994-02-05,TAKE BACK RETURN,RAIL,ackages. blithely regular packages 
230-4,230,92,18,4,44.00,43651.96,0.08,0.06,R,F,1994-02-09,1994-01-18,1994-03-11,NONE,MAIL,lites. quickly pending accoun
230-5,230,190,69,5,8.00,8721.52,0.09,0.06,R,F,1993-11-03,1994-01-20,1993-11-11,TAKE BACK RETURN,TRUCK,y against the fluffily even
230-6,230,340,25,6,8.00,9922.72,0.00,0.05,R,F,1993-11-21,1994-01-05,1993-12-19,TAKE BACK RETURN,FOB,riously special platel
231-1,231,1584,85,1,16.00,23769.28,0.04,0.08,R,F,1994-11-20,1994-10-29,1994-12-17,TAKE BACK RETURN,AIR,nticing warthogs. regular depos
231-2,231,834,34,2,46.00,79802.18,0.04,0.05,R,F,1994-12-13,1994-12-02,1994-12-14,DELIVER IN PERSON,SHIP,c depths. fluffily final theodolites inte
231-3,231,1982,27,3,50.00,94199.00,0.09,0.01,A,F,1994-12-11,1994-12-14,1994-12-13,NONE,RAIL,press accounts. fluffily final 
231-4,231,568,69,4,31.00,45525.36,0.08,0.02,A,F,1994-11-05,1994-12-27,1994-11-30,TAKE BACK RETURN,SHIP,t carefully silent accounts.
256-1,256,883,17,1,22.00,39245.36,0.09,0.02,R,F,1994-01-12,1993-12-28,1994-01-26,COLLECT COD,FOB,ccording to the regular asymptotes. fur
256-2,256,1184,57,2,40.00,43407.20,0.10,0.01,A,F,1993-11-30,1993-12-13,1993-12-02,NONE,FOB,bove the dependencies boost blithe
256-3,256,1292,67,3,45.00,53698.05,0.02,0.08,R,F,1994-01-14,1994-01-17,1994-02-10,COLLECT COD,SHIP,uses haggle. carefully express d
257-1,257,1463,64,1,7.00,9551.22,0.05,0.02,N,O,1998-06-18,1998-05-15,1998-06-27,COLLECT COD,FOB,ate quickly idle packages. s
258-1,258,1062,68,1,8.00,7704.48,0.00,0.07,R,F,1994-01-20,1994-03-21,1994-02-09,NONE,REG AIR,p carefully. slyly final accounts unwind ca
258-2,258,1962,95,2,40.00,74558.40,0.10,0.01,A,F,1994-03-13,1994-02-23,1994-04-05,DELIVER IN PERSON,FOB,. quickly quiet escapades cajole bli
258-3,258,1618,19,3,45.00,68382.45,0.07,0.07,R,F,1994-03-04,1994-02-13,1994-03-30,DELIVER IN PERSON,TRUCK,luffily carefully quick attainme
258-4,258,1330,69,4,31.00,38171.23,0.02,0.05,A,F,1994-04-20,1994-03-20,1994-04-28,COLLECT COD,REG AIR, at the slyly unusual reque
258-5,258,360,89,5,25.00,31509.00,0.08,0.02,A,F,1994-04-13,1994-02-26,1994-04-29,TAKE BACK RETURN,TRUCK, accounts toward the s
258-6,258,1465,5,6,36.00,49192.56,0.09,0.04,A,F,1994-01-11,1994-03-04,1994-01-18,DELIVER IN PERSON,AIR,the ruthlessly unusual ideas b
259-1,259,988,89,1,14.00,26445.72,0.00,0.08,A,F,1993-12-17,1993-12-09,1993-12-31,COLLECT COD,SHIP, special instructions. blith
259-2,259,1620,62,2,14.00,21302.68,0.03,0.05,R,F,1993-11-10,1993-11-20,1993-11-17,DELIVER IN PERSON,FOB, permanently acr
259-3,259,236,37,3,42.00,47721.66,0.09,0.00,R,F,1993-10-20,1993-11-18,1993-11-12,NONE,TRUCK,ld pearls alongside of the expre
259-4,259,1954,87,4,3.00,5567.85,0.08,0.06,R,F,1993-10-04,1993-11-07,1993-10-14,TAKE BACK RETURN,SHIP,"ly along the regular, pen"
259-5,259,1923,12,5,6.00,10949.52,0.00,0.05,R,F,1993-12-05,1993-12-22,1993-12-21,COLLECT COD,TRUCK,. quickly silen
260-1,260,1559,60,1,50.00,73027.50,0.07,0.08,N,O,1997-03-24,1997-02-09,1997-04-20,TAKE BACK RETURN,REG AIR,pinto beans
260-2,260,1828,29,2,26.00,44975.32,0.02,0.07,N,O,1996-12-12,1997-02-06,1996-12-15,NONE,TRUCK, ironic foxes. packages
260-3,260,413,1,3,27.00,35462.07,0.05,0.08,N,O,1997-03-23,1997-02-15,1997-04-22,TAKE BACK RETURN,RAIL,"t the express, regula"
260-4,260,54,5,4,29.00,27667.45,0.10,0.06,N,O,1997-03-15,1997-01-14,1997-04-13,NONE,MAIL,t carefully packages. carefully dogg
260-5,260,953,22,5,44.00,81573.80,0.01,0.05,N,O,1997-03-26,1997-02-03,1997-04-19,DELIVER IN PERSON,MAIL, carefully special instructions
261-1,261,14,65,1,34.00,31076.34,0.05,0.08,R,F,1993-08-18,1993-09-24,1993-08-20,COLLECT COD,REG AIR,haggle blithely quickly i
261-2,261,657,58,2,20.00,31153.00,0.00,0.06,R,F,1993-10-21,1993-08-02,1993-11-04,DELIVER IN PERSON,RAIL,arefully unu
261-3,261,1740,25,3,28.00,45968.72,0.08,0.03,R,F,1993-07-24,1993-08-20,1993-08-05,COLLECT COD,AIR,thely. quickly unusual pinto beans detec
261-4,261,1185,22,4,49.00,53222.82,0.04,0.05,R,F,1993-09-12,1993-08-31,1993-10-07,COLLECT COD,SHIP,-ray unusual foxes--
261-5,261,605,99,5,49.00,73774.40,0.01,0.08,A,F,1993-09-29,1993-09-08,1993-10-01,COLLECT COD,SHIP,y special accounts wake carefully? slyly re
261-6,261,970,5,6,20.00,37419.40,0.06,0.06,A,F,1993-10-15,1993-09-05,1993-11-07,NONE,AIR,heodolites. carefully regular acc
262-1,262,1912,13,1,39.00,70742.49,0.01,0.05,N,O,1996-01-15,1996-02-18,1996-01-28,COLLECT COD,RAIL,luffily regular account
262-2,262,601,95,2,33.00,49552.80,0.09,0.03,N,O,1996-03-10,1996-01-31,1996-03-27,TAKE BACK RETURN,AIR,"ptotes. ironic, regular instructions are bl"
262-3,262,587,78,3,35.00,52065.30,0.05,0.08,N,O,1996-03-12,1996-02-14,1996-04-11,COLLECT COD,MAIL,efully even accounts. dolphins above 
263-1,263,240,68,1,22.00,25085.28,0.06,0.08,R,F,1994-08-24,1994-06-20,1994-09-09,NONE,FOB, fluffy foxes aga
263-2,263,846,13,2,9.00,15721.56,0.08,0.00,A,F,1994-07-21,1994-07-16,1994-08-08,TAKE BACK RETURN,TRUCK,ic instruct
263-3,263,1429,47,3,50.00,66521.00,0.06,0.04,R,F,1994-08-18,1994-07-31,1994-08-22,NONE,TRUCK,n deposits nag blithely 
288-1,288,507,98,1,31.00,43632.50,0.00,0.03,N,O,1997-03-17,1997-04-28,1997-04-06,TAKE BACK RETURN,AIR,uctions. expres
288-2,288,1164,1,2,49.00,52192.84,0.08,0.05,N,O,1997-04-19,1997-05-19,1997-05-18,TAKE BACK RETURN,TRUCK,"the packages: regular, regu"
288-3,288,989,90,3,36.00,68039.28,0.02,0.02,N,O,1997-02-22,1997-05-07,1997-03-07,TAKE BACK RETURN,TRUCK,s nag slyly even
288-4,288,785,86,4,19.00,32029.82,0.07,0.07,N,O,1997-03-14,1997-04-04,1997-03-26,NONE,MAIL,s. final packages wake along the b
288-5,288,1619,2,5,31.00,47138.91,0.10,0.04,N,O,1997-05-29,1997-04-24,1997-06-20,TAKE BACK RETURN,RAIL,lites. brave
289-1,289,1733,60,1,25.00,40868.25,0.07,0.05,N,O,1997-03-18,1997-05-05,1997-04-15,DELIVER IN PERSON,FOB,ts sleep quickly blithely re
289-2,289,1118,27,2,6.00,6114.66,0.06,0.05,N,O,1997-02-18,1997-05-08,1997-03-19,DELIVER IN PERSON,SHIP,ven requests! final deposits alon
289-3,289,170,23,3,44.00,47087.48,0.10,0.08,N,O,1997-06-05,1997-04-20,1997-07-02,COLLECT COD,MAIL,fully according to the even 
289-4,289,395,24,4,48.00,62178.72,0.01,0.08,N,O,1997-03-14,1997-03-30,1997-03-24,DELIVER IN PERSON,RAIL,s affix permanently. waters sleep slyl
289-5,289,463,93,5,13.00,17724.98,0.10,0.03,N,O,1997-06-08,1997-04-06,1997-06-18,TAKE BACK RETURN,REG AIR,eful dependencies. blithely regular
290-1,290,54,5,1,35.00,33391.75,0.01,0.02,R,F,1994-04-01,1994-02-05,1994-04-27,NONE,MAIL," foxes use final, ironic instructions. so"
290-2,290,1290,28,2,2.00,2382.58,0.05,0.04,A,F,1994-01-30,1994-02-13,1994-02-21,TAKE BACK RETURN,TRUCK,ackages against the special 
290-3,290,19,45,3,5.00,4595.05,0.03,0.05,A,F,1994-01-19,1994-02-24,1994-01-27,NONE,MAIL, breach about the packages. quickl
290-4,290,1238,76,4,23.00,26202.29,0.05,0.08,R,F,1994-03-14,1994-02-21,1994-04-09,NONE,AIR, special dependencies hagg
291-1,291,1226,38,1,21.00,23671.62,0.05,0.07,A,F,1994-05-26,1994-05-10,1994-06-23,COLLECT COD,TRUCK,slyly ironic frays sleep carefully abo
291-2,291,1374,75,2,19.00,24232.03,0.08,0.02,R,F,1994-06-14,1994-04-25,1994-06-19,NONE,REG AIR,ide of the blithely regular warhorses.
291-3,291,609,72,3,30.00,45288.00,0.10,0.02,R,F,1994-03-22,1994-04-30,1994-03-24,DELIVER IN PERSON,FOB,the slyly even dolphins. furiously
292-1,292,1536,37,1,8.00,11500.24,0.10,0.03,R,F,1992-02-18,1992-03-30,1992-03-18,DELIVER IN PERSON,RAIL, furiously unusual deposits breach. sl
292-2,292,993,94,2,24.00,45455.76,0.08,0.04,R,F,1992-03-24,1992-03-06,1992-04-20,COLLECT COD,TRUCK,posits grow never. silent de
293-1,293,90,66,1,14.00,13861.26,0.02,0.05,R,F,1992-10-19,1992-12-23,1992-11-10,DELIVER IN PERSON,SHIP,"uriously special, regu"
293-2,293,1865,66,2,11.00,19435.46,0.10,0.04,R,F,1992-12-24,1992-12-01,1993-01-12,COLLECT COD,MAIL, final requests cajole slyly! unusual
293-3,293,1173,82,3,13.00,13964.21,0.04,0.02,A,F,1992-12-17,1992-12-26,1992-12-22,COLLECT COD,RAIL,riously even platelets sleep quickly along
294-1,294,597,88,1,31.00,46425.29,0.00,0.01,R,F,1993-08-06,1993-08-19,1993-08-13,TAKE BACK RETURN,AIR, the fluffily final deposit
295-1,295,1976,21,1,29.00,54461.13,0.02,0.07,A,F,1994-11-09,1994-12-08,1994-12-07,COLLECT COD,MAIL,unts. quickly bold deposits wake furiously 
295-2,295,914,17,2,26.00,47187.66,0.04,0.03,R,F,1994-12-13,1994-11-30,1995-01-06,DELIVER IN PERSON,AIR,"y. careful, ironic pinto beans above the bo"
295-3,295,153,80,3,8.00,8425.20,0.10,0.07,R,F,1995-01-13,1994-11-17,1995-01-25,NONE,TRUCK,c foxes. carefully un
295-4,295,607,39,4,26.00,39197.60,0.10,0.04,A,F,1995-01-12,1994-11-22,1995-01-22,DELIVER IN PERSON,MAIL, accounts. care
320-1,320,45,21,1,30.00,28351.20,0.05,0.01,N,O,1997-12-04,1998-01-21,1997-12-13,NONE,RAIL,"cial, regular packages. slyly stealth"
320-2,320,1922,67,2,13.00,23710.96,0.03,0.00,N,O,1997-12-16,1997-12-26,1997-12-17,TAKE BACK RETURN,AIR,s. quickly express courts are slyly e
321-1,321,4,80,1,21.00,18984.00,0.01,0.08,A,F,1993-07-18,1993-04-24,1993-08-13,TAKE BACK RETURN,REG AIR,r excuses are quickly blithel
321-2,321,1405,84,2,41.00,53562.40,0.08,0.07,R,F,1993-06-21,1993-06-07,1993-07-09,NONE,REG AIR,tructions. carefully express requests ca
322-1,322,1525,6,1,12.00,17118.24,0.08,0.07,A,F,1992-06-29,1992-05-30,1992-07-11,NONE,AIR, slyly according to the per
322-2,322,437,38,2,48.00,64196.64,0.02,0.07,A,F,1992-06-11,1992-06-16,1992-06-26,COLLECT COD,RAIL,nding excuses hag
322-3,322,127,6,3,20.00,20542.40,0.04,0.01,R,F,1992-04-26,1992-05-04,1992-05-22,DELIVER IN PERSON,MAIL,regular requ
322-4,322,1833,77,4,10.00,17348.30,0.06,0.03,R,F,1992-04-12,1992-05-13,1992-04-14,DELIVER IN PERSON,AIR,ts. ironic dolphins integrate furiou
322-5,322,117,96,5,35.00,35598.85,0.07,0.06,A,F,1992-07-17,1992-05-03,1992-08-14,TAKE BACK RETURN,RAIL,ully. quickly bold packages are carefull
322-6,322,334,91,6,3.00,3702.99,0.08,0.05,A,F,1992-07-03,1992-05-10,1992-07-28,NONE,AIR,egrate across the slyly even requests. 
322-7,322,375,60,7,5.00,6376.85,0.01,0.02,A,F,1992-04-15,1992-05-12,1992-04-26,COLLECT COD,REG AIR, slyly bold notornis wake quickly blithely
323-1,323,1637,61,1,50.00,76931.50,0.05,0.04,A,F,1994-04-20,1994-04-25,1994-05-12,DELIVER IN PERSON,REG AIR,? fluffily fin
323-2,323,952,87,2,18.00,33353.10,0.06,0.07,R,F,1994-04-13,1994-06-02,1994-05-10,DELIVER IN PERSON,TRUCK,ns are quickly multipliers. ironic pa
323-3,323,1428,29,3,9.00,11964.78,0.07,0.04,A,F,1994-06-26,1994-06-10,1994-07-13,COLLECT COD,TRUCK,ress instructions. instructions acc
324-1,324,1995,84,1,26.00,49321.74,0.07,0.01,R,F,1992-04-19,1992-05-28,1992-05-12,DELIVER IN PERSON,RAIL,"he bold, regular warthog"
325-1,325,1588,9,1,34.00,50645.72,0.09,0.04,A,F,1993-10-28,1993-12-13,1993-11-17,TAKE BACK RETURN,MAIL, the furiously silent deposit
325-2,325,1852,96,2,5.00,8769.25,0.07,0.08,A,F,1994-01-02,1994-01-05,1994-01-04,TAKE BACK RETURN,MAIL,uests boost ru
325-3,325,188,15,3,35.00,38086.30,0.07,0.07,A,F,1993-12-06,1994-01-03,1993-12-26,DELIVER IN PERSON,REG AIR,ly regular 
326-1,326,1791,76,1,41.00,69404.39,0.06,0.03,N,O,1995-08-30,1995-07-09,1995-09-12,DELIVER IN PERSON,TRUCK,uctions haggle slyly fi
326-2,326,195,22,2,38.00,41617.22,0.02,0.08,N,O,1995-09-12,1995-08-23,1995-09-14,COLLECT COD,RAIL,lyly. express foxes are enticingly acc
326-3,326,1838,25,3,25.00,43495.75,0.03,0.04,N,O,1995-08-03,1995-07-27,1995-08-16,NONE,AIR,ly final courts integrate blithe
326-4,326,849,16,4,5.00,8749.20,0.03,0.08,N,O,1995-07-29,1995-07-13,1995-08-12,NONE,REG AIR,ress packages cajole against the blithely
326-5,326,346,3,5,31.00,38636.54,0.04,0.08,N,O,1995-09-27,1995-07-06,1995-10-22,NONE,TRUCK,ely regular depo
326-6,326,1568,89,6,41.00,60251.96,0.02,0.00,N,O,1995-07-05,1995-07-23,1995-07-20,TAKE BACK RETURN,REG AIR,posits cajole furiously unusual foxes
326-7,326,422,52,7,47.00,62153.74,0.04,0.04,N,O,1995-09-16,1995-07-04,1995-10-04,NONE,REG AIR,en hockey players. speci
327-1,327,1436,54,1,16.00,21398.88,0.03,0.01,N,O,1995-07-05,1995-06-07,1995-07-09,TAKE BACK RETURN,TRUCK, the carefully fina
327-2,327,418,48,2,9.00,11865.69,0.09,0.05,A,F,1995-05-24,1995-07-11,1995-06-05,NONE,AIR,o beans wake about
352-1,352,638,39,1,17.00,26156.71,0.07,0.05,R,F,1994-06-02,1994-05-31,1994-06-29,NONE,FOB,e the quickly final packages hagg
353-1,353,1194,67,1,41.00,44902.79,0.00,0.06,A,F,1994-03-25,1994-03-31,1994-03-30,DELIVER IN PERSON,AIR,leep slyly about the s
353-2,353,1476,77,2,29.00,39946.63,0.09,0.00,A,F,1994-01-11,1994-03-19,1994-02-09,COLLECT COD,FOB,oxes are sl
353-3,353,1344,59,3,12.00,14944.08,0.06,0.01,R,F,1994-01-02,1994-03-26,1994-01-19,DELIVER IN PERSON,RAIL,among the orbits. 
353-4,353,771,36,4,46.00,76901.42,0.00,0.04,A,F,1994-04-14,1994-01-31,1994-05-05,DELIVER IN PERSON,FOB,ns wake slyly abo
353-5,353,1169,42,5,9.00,9631.44,0.02,0.02,A,F,1994-03-15,1994-03-20,1994-03-18,TAKE BACK RETURN,RAIL,ar tithes nag silent
353-6,353,1027,28,6,39.00,36192.78,0.02,0.05,A,F,1994-01-15,1994-03-30,1994-02-01,NONE,MAIL,"d packages. even, bold asymptot"
354-1,354,495,25,1,14.00,19536.86,0.08,0.04,N,O,1996-04-12,1996-06-03,1996-05-08,NONE,SHIP,"y, regular accounts cajole furiously even "
354-2,354,1939,72,2,24.00,44182.32,0.01,0.01,N,O,1996-05-08,1996-05-17,1996-06-07,DELIVER IN PERSON,AIR,en requests. regular deposits after the r
354-3,354,582,83,3,50.00,74129.00,0.08,0.05,N,O,1996-03-21,1996-05-20,1996-04-04,COLLECT COD,TRUCK,ng platele
354-4,354,1067,73,4,7.00,6776.42,0.06,0.01,N,O,1996-05-07,1996-04-18,1996-05-24,NONE,MAIL,odolites nod. slyly regular dolphin
354-5,354,306,7,5,18.00,21713.40,0.04,0.08,N,O,1996-03-31,1996-05-13,1996-04-27,DELIVER IN PERSON,RAIL,elets. carefully final packag
354-6,354,611,43,6,36.00,54417.96,0.03,0.02,N,O,1996-03-19,1996-05-29,1996-03-30,NONE,AIR, the ironic instructions sl
354-7,354,47,98,7,14.00,13258.56,0.01,0.07,N,O,1996-07-06,1996-06-08,1996-07-10,TAKE BACK RETURN,MAIL,sly ironic requests. final 
355-1,355,1140,13,1,31.00,32275.34,0.09,0.07,A,F,1994-07-13,1994-08-18,1994-07-18,DELIVER IN PERSON,FOB,"ns. ironic, final"
355-2,355,961,64,2,41.00,76340.36,0.05,0.00,A,F,1994-08-15,1994-07-19,1994-09-06,DELIVER IN PERSON,TRUCK,ully bold accounts. ca
356-1,356,453,54,1,4.00,5413.80,0.10,0.01,A,F,1994-07-28,1994-08-01,1994-08-04,DELIVER IN PERSON,REG AIR, carefully ironic accounts haggle along
356-2,356,1075,46,2,48.00,46851.36,0.02,0.03,R,F,1994-08-12,1994-07-31,1994-08-26,NONE,FOB,equests cajole quickly regul
356-3,356,1181,18,3,35.00,37876.30,0.08,0.07,R,F,1994-10-14,1994-07-31,1994-10-23,COLLECT COD,TRUCK,eas cajole blithe
356-4,356,554,15,4,41.00,59636.55,0.07,0.05,A,F,1994-09-28,1994-09-20,1994-10-07,COLLECT COD,SHIP, theodolites use. accounts cajole sl
356-5,356,1243,55,5,37.00,42336.88,0.05,0.03,A,F,1994-07-15,1994-08-24,1994-08-09,DELIVER IN PERSON,FOB, are carefully express reques
357-1,357,1132,33,1,26.00,26861.38,0.06,0.03,N,O,1996-12-28,1996-11-26,1997-01-13,NONE,FOB,. slyly final deposits cajole abo
357-2,357,1859,3,2,36.00,63390.60,0.07,0.06,N,O,1996-12-28,1996-11-13,1997-01-24,DELIVER IN PERSON,AIR,thely regular deposits cajole. 
357-3,357,1649,32,3,32.00,49620.48,0.05,0.07,N,O,1997-01-28,1996-12-29,1997-02-14,NONE,MAIL,"ously after the final, sly dolphins."
358-1,358,1901,46,1,41.00,73918.90,0.06,0.01,A,F,1993-11-18,1993-11-14,1993-11-28,NONE,TRUCK, pending accounts cajole blithely 
358-2,358,1900,30,2,32.00,57660.80,0.05,0.08,A,F,1993-10-18,1993-12-12,1993-10-31,NONE,TRUCK,y regular excuses integrate spe
358-3,358,1688,71,3,40.00,63587.20,0.09,0.01,A,F,1993-12-05,1993-11-04,1994-01-01,COLLECT COD,MAIL,ccounts. braids af
358-4,358,966,35,4,15.00,28004.40,0.08,0.08,A,F,1993-10-04,1993-12-17,1993-10-23,TAKE BACK RETURN,MAIL,wake alongside of the slyly ironic de
358-5,358,287,69,5,18.00,21371.04,0.01,0.02,R,F,1993-10-07,1993-11-01,1993-10-26,COLLECT COD,SHIP,uickly quickly quick packages. qu
358-6,358,1613,14,6,32.00,48467.52,0.03,0.05,R,F,1993-12-21,1993-11-06,1994-01-17,DELIVER IN PERSON,RAIL,ven requests detect sl
358-7,358,830,97,7,45.00,77887.35,0.05,0.02,A,F,1993-12-08,1993-10-29,1993-12-30,NONE,REG AIR,fily even asymptotes. carefully even p
359-1,359,1660,61,1,30.00,46849.80,0.00,0.08,A,F,1995-01-06,1995-02-20,1995-01-20,TAKE BACK RETURN,AIR,aters above the 
359-2,359,112,65,2,18.00,18217.98,0.00,0.03,A,F,1995-01-27,1995-03-18,1995-01-31,DELIVER IN PERSON,RAIL,ns impress slyly. instructions 
359-3,359,1315,54,3,17.00,20677.27,0.07,0.06,A,F,1995-01-31,1995-03-18,1995-02-10,COLLECT COD,SHIP,yly according to the fluffily
359-4,359,900,34,4,38.00,68434.20,0.10,0.08,R,F,1995-03-30,1995-01-20,1995-04-25,DELIVER IN PERSON,RAIL,use carefully quick accoun
359-5,359,1673,56,5,11.00,17321.37,0.01,0.03,A,F,1995-02-15,1995-01-27,1995-02-18,NONE,FOB,eas-- carefully final instructions 
359-6,359,1827,57,6,23.00,39762.86,0.04,0.07,R,F,1995-01-31,1995-03-11,1995-02-16,DELIVER IN PERSON,REG AIR,he furiously regular instructions. foxes sl
384-1,384,1785,70,1,38.00,64097.64,0.07,0.01,R,F,1992-06-02,1992-04-18,1992-06-10,DELIVER IN PERSON,TRUCK,luffily regular foxes detect furiously
384-2,384,634,66,2,49.00,75196.87,0.09,0.07,A,F,1992-04-01,1992-04-25,1992-04-18,COLLECT COD,AIR,eep-- dolphins sleep. special requests ha
384-3,384,1816,3,3,11.00,18895.91,0.02,0.08,A,F,1992-04-02,1992-04-21,1992-04-15,COLLECT COD,MAIL,bout the care
384-4,384,921,90,4,11.00,20041.12,0.00,0.06,R,F,1992-06-24,1992-05-29,1992-07-22,COLLECT COD,TRUCK,y regular notornis. bold attainments impr
384-5,384,1315,30,5,14.00,17028.34,0.08,0.06,R,F,1992-06-14,1992-05-29,1992-07-05,DELIVER IN PERSON,TRUCK,ld deposits nag according to the quickl
385-1,385,1665,7,1,7.00,10966.62,0.05,0.06,N,O,1996-05-23,1996-05-09,1996-06-06,DELIVER IN PERSON,REG AIR,"s. pending, ironic"
385-2,385,531,92,2,46.00,65850.38,0.08,0.07,N,O,1996-03-29,1996-05-17,1996-04-18,NONE,REG AIR,ully according 
386-1,386,1525,46,1,39.00,55634.28,0.10,0.07,A,F,1995-05-10,1995-02-28,1995-05-25,NONE,SHIP,foxes are carefully pending accounts
386-2,386,682,76,2,16.00,25322.88,0.06,0.01,A,F,1995-04-12,1995-04-18,1995-05-11,DELIVER IN PERSON,MAIL,ns against the
386-3,386,1301,2,3,37.00,44485.10,0.09,0.04,A,F,1995-05-23,1995-03-01,1995-05-25,TAKE BACK RETURN,MAIL, furiously. instructions beside the blit
387-1,387,1367,44,1,1.00,1268.36,0.08,0.03,N,O,1997-05-06,1997-04-23,1997-05-10,NONE,SHIP, express requests. ironically fina
387-2,387,1528,29,2,42.00,60039.84,0.07,0.05,N,O,1997-05-25,1997-02-25,1997-05-29,DELIVER IN PERSON,RAIL, escapades. ironic request
387-3,387,964,33,3,40.00,74598.40,0.09,0.02,N,O,1997-03-08,1997-04-18,1997-03-31,COLLECT COD,TRUCK,asymptotes around the forges sleep blithel
387-4,387,560,61,4,19.00,27750.64,0.08,0.00,N,O,1997-03-14,1997-04-21,1997-04-04,NONE,REG AIR,iously ironic cour
387-5,387,1484,24,5,32.00,44335.36,0.08,0.06,N,O,1997-05-02,1997-04-11,1997-05-11,DELIVER IN PERSON,TRUCK, unusual deposit
388-1,388,326,11,1,42.00,51505.44,0.05,0.06,R,F,1993-02-21,1993-02-26,1993-03-15,COLLECT COD,FOB,even accounts. fluffily 
388-2,388,1279,80,2,46.00,54292.42,0.07,0.01,A,F,1993-03-22,1993-01-26,1993-03-24,COLLECT COD,FOB,s poach quickly against the special 
388-3,388,645,8,3,40.00,61825.60,0.06,0.01,A,F,1992-12-24,1993-01-28,1993-01-19,TAKE BACK RETURN,REG AIR,"ously ironic theodolites. regular, ironi"
389-1,389,1893,37,1,2.00,3589.78,0.09,0.00,R,F,1994-04-13,1994-04-10,1994-04-25,TAKE BACK RETURN,RAIL,. requests try to print alongside of th
390-1,390,1066,2,1,10.00,9670.60,0.02,0.05,N,O,1998-05-26,1998-07-06,1998-06-23,TAKE BACK RETURN,SHIP,"es breach quickly. regular, even requests "
390-2,390,1234,46,2,17.00,19298.91,0.09,0.06,N,O,1998-06-07,1998-06-14,1998-07-07,COLLECT COD,SHIP,nal pinto beans eat furiously careful
390-3,390,1833,20,3,46.00,79802.18,0.07,0.04,N,O,1998-06-06,1998-05-20,1998-06-14,DELIVER IN PERSON,SHIP,cuses haggle quickly ironic requests
390-4,390,1420,21,4,42.00,55499.64,0.01,0.05,N,O,1998-06-06,1998-06-22,1998-07-05,COLLECT COD,SHIP,counts wake slyly unusual acco
390-5,390,1277,15,5,13.00,15317.51,0.02,0.06,N,O,1998-07-08,1998-05-10,1998-07-18,DELIVER IN PERSON,SHIP,ckly at the blithely pending requests. c
390-6,390,1247,22,6,11.00,12630.64,0.09,0.06,N,O,1998-05-05,1998-05-15,1998-06-01,DELIVER IN PERSON,SHIP,boost up the foxes. quickly pending f
390-7,390,850,50,7,24.00,42020.40,0.05,0.02,N,O,1998-04-18,1998-05-19,1998-04-28,TAKE BACK RETURN,AIR, accounts cajole against 
391-1,391,1216,91,1,14.00,15640.94,0.09,0.02,R,F,1995-02-11,1995-02-03,1995-02-13,TAKE BACK RETURN,TRUCK, packages. carefully special pack
416-1,416,936,71,1,25.00,45923.25,0.00,0.05,A,F,1993-10-11,1993-11-26,1993-10-21,DELIVER IN PERSON,TRUCK,quests. furiously unusual
416-2,416,1109,18,2,22.00,22222.20,0.10,0.00,R,F,1993-12-27,1993-12-17,1994-01-09,COLLECT COD,RAIL,even foxes are blithely even asymptote
416-3,416,1742,85,3,25.00,41093.50,0.07,0.01,R,F,1993-10-16,1993-12-03,1993-10-29,NONE,AIR,ing to the carefully ironic gifts.
417-1,417,396,97,1,39.00,50559.21,0.01,0.02,A,F,1994-05-31,1994-05-02,1994-06-06,NONE,SHIP,s. even foxes across the furio
417-2,417,693,56,2,18.00,28686.42,0.00,0.01,R,F,1994-03-29,1994-04-10,1994-04-26,TAKE BACK RETURN,FOB,r excuses cajole exp
417-3,417,442,72,3,41.00,55040.04,0.10,0.01,R,F,1994-04-11,1994-03-08,1994-05-06,COLLECT COD,RAIL,hely regular deposits sleep pendi
417-4,417,1311,12,4,2.00,2424.62,0.01,0.03,R,F,1994-02-13,1994-04-19,1994-03-15,DELIVER IN PERSON,SHIP,ironic reque
418-1,418,186,13,1,31.00,33671.58,0.00,0.03,N,F,1995-06-05,1995-06-18,1995-06-26,COLLECT COD,FOB,e slyly final requests. id
418-2,418,11,37,2,1.00,911.01,0.04,0.07,N,O,1995-06-23,1995-06-16,1995-07-23,DELIVER IN PERSON,AIR,s wake furiously amon
418-3,418,349,78,3,3.00,3748.02,0.04,0.06,N,O,1995-06-29,1995-07-12,1995-07-01,COLLECT COD,AIR,arefully pending court
419-1,419,1527,8,1,33.00,47141.16,0.05,0.02,N,O,1996-11-06,1996-12-25,1996-11-20,TAKE BACK RETURN,TRUCK,nstructions use
419-2,419,642,5,2,32.00,49364.48,0.01,0.06,N,O,1996-12-04,1996-12-04,1996-12-24,COLLECT COD,SHIP,xcuses sleep enticingly according to the
419-3,419,705,38,3,15.00,24085.50,0.07,0.04,N,O,1996-12-17,1996-11-28,1996-12-19,TAKE BACK RETURN,REG AIR,fully slyly regular requests. furiously p
419-4,419,88,64,4,15.00,14821.20,0.01,0.02,N,O,1997-01-09,1996-12-22,1997-01-25,COLLECT COD,FOB,equests. courts was carefully about the fur
419-5,419,1485,64,5,17.00,23570.16,0.01,0.00,N,O,1997-01-13,1996-12-20,1997-02-01,COLLECT COD,REG AIR,fully. unusual packages are blit
420-1,420,1009,80,1,5.00,4550.00,0.04,0.03,N,O,1995-11-04,1996-01-02,1995-11-30,NONE,REG AIR,althy instr
420-2,420,1611,35,2,22.00,33277.42,0.05,0.04,N,O,1996-01-25,1995-12-16,1996-02-03,TAKE BACK RETURN,AIR,. regular hockey players s
420-3,420,476,35,3,45.00,61941.15,0.09,0.08,N,O,1996-01-14,1996-01-01,1996-01-26,COLLECT COD,FOB,"ve, express deposits boost furiously quic"
420-4,420,748,49,4,12.00,19784.88,0.08,0.08,N,O,1996-02-05,1996-01-03,1996-02-12,TAKE BACK RETURN,REG AIR,onic deposits integ
420-5,420,730,95,5,37.00,60337.01,0.02,0.00,N,O,1995-11-16,1995-12-13,1995-11-19,DELIVER IN PERSON,SHIP,. furiously final ideas integrate iro
420-6,420,1238,50,6,40.00,45569.20,0.01,0.05,N,O,1995-11-26,1995-12-26,1995-12-20,TAKE BACK RETURN,FOB,are blithely about
420-7,420,160,61,7,39.00,41346.24,0.00,0.08,N,O,1995-12-09,1995-12-16,1995-12-31,DELIVER IN PERSON,REG AIR,. carefully bold forges are fu
421-1,421,1331,32,1,1.00,1232.33,0.02,0.07,R,F,1992-05-29,1992-04-27,1992-06-09,NONE,TRUCK,iously final packa
422-1,422,1519,60,1,25.00,35512.75,0.10,0.07,N,O,1997-07-01,1997-08-17,1997-07-09,DELIVER IN PERSON,SHIP,"ound the silent, even pa"
422-2,422,1707,50,2,10.00,16087.00,0.02,0.03,N,O,1997-06-15,1997-08-04,1997-07-08,TAKE BACK RETURN,AIR,long the furiously final ideas
422-3,422,1760,87,3,46.00,76440.96,0.09,0.00,N,O,1997-06-21,1997-07-14,1997-06-27,DELIVER IN PERSON,RAIL,quests. bl
422-4,422,1617,41,4,25.00,37965.25,0.10,0.04,N,O,1997-08-24,1997-07-09,1997-09-22,NONE,FOB,. quickly final foxes
423-1,423,1319,96,1,27.00,32948.37,0.06,0.03,N,O,1996-08-20,1996-08-01,1996-08-23,TAKE BACK RETURN,SHIP,gle. furiously express package
448-1,448,1252,53,1,4.00,4613.00,0.00,0.04,N,O,1995-11-25,1995-10-20,1995-11-26,TAKE BACK RETURN,MAIL,slyly against the final pinto 
448-2,448,1724,51,2,46.00,74783.12,0.05,0.00,N,O,1995-08-31,1995-09-30,1995-09-09,COLLECT COD,SHIP,ar packages. quickly regular acco
448-3,448,269,24,3,35.00,40924.10,0.10,0.08,N,O,1995-09-27,1995-11-19,1995-10-20,COLLECT COD,REG AIR,efully. requests among the
448-4,448,1691,92,4,8.00,12741.52,0.10,0.00,N,O,1995-11-02,1995-10-16,1995-11-15,COLLECT COD,TRUCK,ions across the slyly ironic requests 
448-5,448,1373,74,5,23.00,29310.51,0.02,0.05,N,O,1995-09-26,1995-11-02,1995-10-17,NONE,SHIP,"e bold, regular s"
449-1,449,1520,1,1,12.00,17058.24,0.02,0.08,N,O,1995-11-06,1995-08-25,1995-11-18,TAKE BACK RETURN,SHIP,above the quickly pe
449-2,449,1085,91,2,4.00,3944.32,0.10,0.06,N,O,1995-10-27,1995-09-14,1995-11-21,DELIVER IN PERSON,FOB,"uests boost bold, ironic dependencie"
449-3,449,100,1,3,3.00,3000.30,0.07,0.08,N,O,1995-07-28,1995-09-11,1995-08-01,NONE,RAIL,gular instructions detect. slyly special a
449-4,449,1577,58,4,22.00,32528.54,0.07,0.00,N,O,1995-08-17,1995-09-04,1995-09-10,COLLECT COD,FOB,ending theodolites haggle blithely: fin
450-1,450,1616,40,1,42.00,63739.62,0.03,0.00,N,F,1995-06-07,1995-05-29,1995-06-23,TAKE BACK RETURN,SHIP, accounts. express excuses 
450-2,450,1063,64,2,5.00,4820.30,0.03,0.02,A,F,1995-04-02,1995-05-06,1995-04-13,TAKE BACK RETURN,TRUCK,osits wake. b
450-3,450,1426,5,3,32.00,42477.44,0.06,0.03,N,O,1995-07-02,1995-04-25,1995-07-30,TAKE BACK RETURN,SHIP,sts haggle blithely. final excuses a
450-4,450,563,54,4,40.00,58542.40,0.05,0.03,R,F,1995-03-20,1995-05-25,1995-04-14,NONE,RAIL,bout the bold
450-5,450,781,82,5,2.00,3363.56,0.09,0.00,A,F,1995-03-11,1995-05-21,1995-03-16,COLLECT COD,AIR,lly unusual deposits. q
450-6,450,1528,69,6,33.00,47174.16,0.08,0.05,R,F,1995-05-18,1995-05-22,1995-05-23,TAKE BACK RETURN,REG AIR, sleep. slyly final pack
451-1,451,1296,71,1,36.00,43102.44,0.02,0.06,N,O,1998-06-18,1998-08-14,1998-06-20,TAKE BACK RETURN,AIR,nic foxes. furiously regular foxes wake b
451-2,451,321,78,2,42.00,51295.44,0.05,0.01,N,O,1998-08-01,1998-08-05,1998-08-30,DELIVER IN PERSON,TRUCK,lithely bold dolphins. carefully fin
451-3,451,862,63,3,1.00,1762.86,0.07,0.05,N,O,1998-07-13,1998-07-03,1998-08-04,DELIVER IN PERSON,AIR,ly above the slyly regular theodolites. sly
451-4,451,766,63,4,28.00,46669.28,0.04,0.05,N,O,1998-06-16,1998-07-09,1998-06-17,DELIVER IN PERSON,SHIP,pending pinto beans. b
452-1,452,1147,48,1,2.00,2096.28,0.04,0.03,N,O,1997-12-26,1998-01-03,1998-01-12,COLLECT COD,FOB,lets sleep quick
453-1,453,1980,69,1,45.00,84689.10,0.01,0.00,N,O,1997-06-30,1997-08-20,1997-07-19,COLLECT COD,REG AIR,l packages according
453-2,453,1752,79,2,38.00,62842.50,0.08,0.04,N,O,1997-06-30,1997-07-08,1997-07-16,DELIVER IN PERSON,REG AIR,ackages. iro
453-3,453,132,85,3,38.00,39220.94,0.10,0.01,N,O,1997-08-10,1997-07-24,1997-09-07,NONE,SHIP, of the pinto beans boos
453-4,453,958,59,4,45.00,83652.75,0.10,0.01,N,O,1997-09-18,1997-06-29,1997-10-14,TAKE BACK RETURN,AIR,excuses across the carefully fina
453-5,453,258,86,5,32.00,37064.00,0.04,0.01,N,O,1997-07-15,1997-06-27,1997-07-18,NONE,REG AIR,"ss, even foxes integrate slyly. fluff"
453-6,453,944,79,6,28.00,51658.32,0.07,0.07,N,O,1997-08-16,1997-08-12,1997-08-27,NONE,MAIL,gside of the unusual pinto beans nee
454-1,454,1176,85,1,24.00,25852.08,0.06,0.01,N,O,1996-04-26,1996-03-23,1996-05-20,NONE,TRUCK," beans about the daring, special deposits c"
455-1,455,1565,86,1,42.00,61595.52,0.10,0.02,N,O,1997-01-26,1997-01-10,1997-02-22,DELIVER IN PERSON,REG AIR,lyly according to the a
455-2,455,273,74,2,44.00,51623.88,0.05,0.08,N,O,1997-01-17,1997-02-22,1997-02-12,TAKE BACK RETURN,TRUCK,ray furiously. carefully even foxes bo
455-3,455,484,43,3,45.00,62301.60,0.04,0.06,N,O,1996-12-20,1997-01-31,1997-01-07,TAKE BACK RETURN,SHIP,xcuses haggle? furiously even gifts acr
455-4,455,1701,28,4,11.00,17629.70,0.01,0.02,N,O,1997-03-15,1997-02-14,1997-03-26,DELIVER IN PERSON,MAIL, doggedly. ironic accounts dazzle furious
480-1,480,522,23,1,22.00,31295.44,0.04,0.02,A,F,1993-06-16,1993-07-28,1993-07-09,NONE,MAIL,ly ironic foxes. ironic foxes cajole sl
481-1,481,187,66,1,17.00,18482.06,0.07,0.05,A,F,1992-10-21,1992-12-09,1992-11-19,DELIVER IN PERSON,MAIL,efully ironic theodolites. slyly un
481-2,481,207,8,2,19.00,21036.80,0.08,0.01,R,F,1993-01-09,1992-11-27,1993-01-14,TAKE BACK RETURN,AIR,efully ironic excu
481-3,481,1858,59,3,42.00,73913.70,0.08,0.08,A,F,1992-11-27,1992-11-11,1992-12-08,COLLECT COD,RAIL,to beans. foxes doubt fluffily along
481-4,481,811,78,4,11.00,18829.91,0.05,0.06,A,F,1993-01-12,1992-11-17,1993-02-05,NONE,FOB,en ideas h
481-5,481,1120,93,5,31.00,31654.72,0.05,0.01,A,F,1993-01-15,1992-12-31,1993-01-21,DELIVER IN PERSON,AIR,arefully. furiously ironic request
482-1,482,1374,75,1,32.00,40811.84,0.00,0.02,N,O,1996-05-22,1996-05-14,1996-05-29,NONE,SHIP,tes nod furiously along the q
482-2,482,1214,26,2,1.00,1115.21,0.05,0.08,N,O,1996-05-29,1996-05-20,1996-05-31,COLLECT COD,AIR,encies. fluffily busy packages nag furious
482-3,482,612,75,3,31.00,46890.91,0.04,0.03,N,O,1996-06-01,1996-05-06,1996-06-17,NONE,MAIL,ate furious
482-4,482,1959,60,4,8.00,14887.60,0.02,0.05,N,O,1996-04-19,1996-05-05,1996-04-21,NONE,TRUCK,xes. blithely unusual platelets cajole. sl
482-5,482,383,40,5,46.00,59035.48,0.01,0.06,N,O,1996-07-19,1996-06-05,1996-08-10,NONE,MAIL,gside of the carefully bold ideas;
482-6,482,787,88,6,19.00,32067.82,0.04,0.00,N,O,1996-03-27,1996-04-25,1996-04-15,NONE,FOB,ke unusual asymptotes. foxes sleep 
483-1,483,327,56,1,8.00,9818.56,0.00,0.08,N,O,1995-08-22,1995-08-23,1995-09-18,COLLECT COD,RAIL,quiet deposits about
483-2,483,798,99,2,23.00,39072.17,0.04,0.06,N,O,1995-07-20,1995-08-11,1995-08-04,DELIVER IN PERSON,MAIL,"sual, ironic requests. furiousl"
483-3,483,878,12,3,9.00,16009.83,0.04,0.03,N,O,1995-09-10,1995-09-02,1995-09-13,NONE,AIR, slyly even sheaves. c
484-1,484,302,59,1,49.00,58912.70,0.10,0.02,N,O,1997-03-06,1997-02-28,1997-03-23,COLLECT COD,TRUCK,cial request
484-2,484,320,5,2,45.00,54914.40,0.06,0.07,N,O,1997-04-09,1997-03-20,1997-04-19,DELIVER IN PERSON,TRUCK,eposits integrate at the furiously un
484-3,484,1834,78,3,50.00,86791.50,0.06,0.05,N,O,1997-01-24,1997-03-27,1997-02-22,DELIVER IN PERSON,MAIL,luffily after the slyly unusual asymptotes.
484-4,484,1649,50,4,22.00,34114.08,0.07,0.03,N,O,1997-04-29,1997-03-26,1997-05-17,TAKE BACK RETURN,SHIP,thely regular requests. requests according
484-5,484,764,29,5,48.00,79908.48,0.00,0.05,N,O,1997-03-05,1997-02-08,1997-03-22,TAKE BACK RETURN,MAIL,ithely regular deposits. qu
484-6,484,969,4,6,10.00,18699.60,0.01,0.08,N,O,1997-04-06,1997-02-14,1997-04-16,COLLECT COD,FOB," even, even requests. regula"
485-1,485,1496,97,1,50.00,69874.50,0.01,0.00,N,O,1997-03-28,1997-05-26,1997-04-18,TAKE BACK RETURN,MAIL,ly quickly ironic packages. slyly bold 
485-2,485,280,35,2,40.00,47211.20,0.08,0.01,N,O,1997-04-29,1997-05-08,1997-04-30,TAKE BACK RETURN,TRUCK,ges haggle s
485-3,485,1369,84,3,22.00,27947.92,0.00,0.05,N,O,1997-04-06,1997-04-27,1997-05-01,DELIVER IN PERSON,TRUCK," blithely regular requests. bold, even d"
486-1,486,755,56,1,36.00,59607.00,0.00,0.01,N,O,1996-06-25,1996-05-06,1996-07-07,COLLECT COD,AIR,quickly special accounts are. carefully p
486-2,486,671,72,2,40.00,62866.80,0.03,0.08,N,O,1996-05-21,1996-06-06,1996-06-07,COLLECT COD,SHIP,about the quickly regular dep
486-3,486,1360,99,3,26.00,32795.36,0.04,0.03,N,O,1996-03-16,1996-05-25,1996-03-31,NONE,RAIL,ly regular gifts 
486-4,486,719,84,4,38.00,61548.98,0.08,0.05,N,O,1996-05-07,1996-04-26,1996-05-26,TAKE BACK RETURN,TRUCK, requests. furiously r
486-5,486,281,63,5,3.00,3543.84,0.07,0.05,N,O,1996-07-07,1996-04-20,1996-07-23,DELIVER IN PERSON,RAIL,ests. slyl
486-6,486,466,96,6,46.00,62857.16,0.00,0.03,N,O,1996-04-18,1996-05-02,1996-04-20,COLLECT COD,AIR,haggle carefully pending pinto be
487-1,487,919,20,1,47.00,85535.77,0.06,0.06,R,F,1992-09-30,1992-10-08,1992-10-24,NONE,TRUCK,inal requests after
487-2,487,821,22,2,2.00,3443.64,0.02,0.06,R,F,1992-10-19,1992-11-04,1992-11-11,COLLECT COD,TRUCK,longside of the express theodoli
512-1,512,1889,33,1,19.00,34026.72,0.08,0.05,N,O,1995-07-12,1995-07-11,1995-08-04,COLLECT COD,MAIL,grate furiously along the furiously unu
512-2,512,229,84,2,37.00,41781.14,0.01,0.04,N,O,1995-06-20,1995-07-05,1995-07-16,NONE,RAIL,sly quiet deposits. slow requ
512-3,512,1795,96,3,40.00,67871.60,0.05,0.02,N,O,1995-07-06,1995-07-08,1995-07-08,COLLECT COD,TRUCK,s wake furiou
512-4,512,825,92,4,10.00,17258.20,0.09,0.02,N,O,1995-09-16,1995-07-29,1995-10-07,NONE,AIR,heodolites above the fluffily even 
512-5,512,642,43,5,6.00,9255.84,0.03,0.05,R,F,1995-06-10,1995-06-21,1995-06-16,DELIVER IN PERSON,FOB," pending, sly id"
512-6,512,321,50,6,12.00,14655.84,0.04,0.00,R,F,1995-05-21,1995-08-03,1995-06-09,COLLECT COD,FOB,"ch furiously: ironic, special foxes bo"
512-7,512,508,39,7,2.00,2817.00,0.09,0.08,N,O,1995-06-19,1995-08-13,1995-06-24,NONE,TRUCK,al accounts. pinto beans nag slyly
513-1,513,618,12,1,20.00,30372.20,0.09,0.07,N,O,1995-07-12,1995-05-31,1995-07-31,NONE,AIR,ng requests. pending deposits
513-2,513,1217,29,2,44.00,49201.24,0.01,0.01,N,O,1995-07-14,1995-07-14,1995-08-12,NONE,MAIL,ackages haggle across the final sentiments.
514-1,514,788,21,1,21.00,35464.38,0.06,0.02,N,O,1996-06-09,1996-05-15,1996-07-07,DELIVER IN PERSON,RAIL,ns are furiously above t
514-2,514,1175,12,2,34.00,36589.78,0.08,0.02,N,O,1996-04-14,1996-06-03,1996-04-23,COLLECT COD,REG AIR,s against the carefully ironic instruct
514-3,514,129,56,3,6.00,6174.72,0.06,0.01,N,O,1996-05-30,1996-06-04,1996-06-28,COLLECT COD,SHIP,its. slyly unusual theodolite
514-4,514,1154,55,4,43.00,45371.45,0.00,0.08,N,O,1996-06-07,1996-05-14,1996-07-01,TAKE BACK RETURN,FOB,he fluffily bo
515-1,515,1041,77,1,10.00,9420.40,0.03,0.02,A,F,1993-10-04,1993-11-03,1993-10-08,NONE,FOB,ickly even pai
515-2,515,1477,56,2,38.00,52381.86,0.10,0.07,A,F,1993-09-19,1993-11-12,1993-10-03,DELIVER IN PERSON,SHIP,ages are slyly. ironic asymptotes cajole qu
515-3,515,1822,52,3,11.00,18962.02,0.00,0.02,R,F,1993-09-04,1993-10-02,1993-09-05,DELIVER IN PERSON,FOB,"ven, regular pinto beans. ironic r"
515-4,515,1087,88,4,34.00,33594.72,0.09,0.03,R,F,1993-10-03,1993-10-26,1993-10-15,DELIVER IN PERSON,REG AIR,tes. slyly pen
515-5,515,1309,48,5,32.00,38729.60,0.01,0.07,R,F,1993-10-10,1993-10-08,1993-11-02,TAKE BACK RETURN,FOB,ironic requests. quickly express accounts s
515-6,515,1087,58,6,25.00,24702.00,0.04,0.08,R,F,1993-11-14,1993-11-07,1993-12-03,DELIVER IN PERSON,MAIL,hely pending pin
516-1,516,250,5,1,11.00,12652.75,0.01,0.06,N,O,1998-05-02,1998-05-23,1998-05-12,DELIVER IN PERSON,FOB,etect carefully regular deposits. i
517-1,517,446,47,1,28.00,37700.32,0.03,0.02,N,O,1997-04-30,1997-05-18,1997-05-17,COLLECT COD,MAIL,quickly. furiously reg
517-2,517,1554,95,2,15.00,21833.25,0.02,0.00,N,O,1997-04-09,1997-06-26,1997-05-01,NONE,TRUCK,y. carefully ironic foxes s
517-3,517,410,40,3,9.00,11793.69,0.04,0.00,N,O,1997-05-03,1997-06-16,1997-05-24,COLLECT COD,SHIP,haggle carefully carefully ironic instru
517-4,517,1322,23,4,11.00,13456.52,0.06,0.02,N,O,1997-06-20,1997-06-01,1997-06-27,NONE,REG AIR,ts haggle fluffily. 
517-5,517,234,89,5,23.00,26087.29,0.00,0.01,N,O,1997-04-19,1997-05-07,1997-05-12,COLLECT COD,RAIL,"c theodolites affix among the bold, "
518-1,518,1648,49,1,30.00,46489.20,0.07,0.05,N,O,1998-02-18,1998-03-27,1998-03-16,COLLECT COD,TRUCK,regular deposits nag according 
518-2,518,832,32,2,23.00,39855.09,0.05,0.07,N,O,1998-02-20,1998-05-05,1998-03-11,COLLECT COD,TRUCK,luffily express instructions are alon
518-3,518,1332,9,3,12.00,14799.96,0.01,0.06,N,O,1998-03-08,1998-03-31,1998-04-06,NONE,AIR,refully sly requests: 
518-4,518,1220,21,4,46.00,51576.12,0.07,0.02,N,O,1998-04-07,1998-04-17,1998-04-29,NONE,MAIL,l excuses cajole carefully about the fina
518-5,518,701,2,5,16.00,25627.20,0.01,0.01,N,O,1998-03-15,1998-03-24,1998-04-08,NONE,MAIL,l accounts cajole
518-6,518,1964,53,6,39.00,72772.44,0.09,0.08,N,O,1998-02-26,1998-03-17,1998-03-21,DELIVER IN PERSON,FOB,e the carefully special instructions boost
518-7,518,1860,4,7,48.00,84569.28,0.03,0.07,N,O,1998-03-06,1998-04-22,1998-03-14,NONE,FOB,usly brave packages wake final packages. fl
519-1,519,1590,71,1,1.00,1491.59,0.07,0.07,N,O,1997-12-01,1998-01-26,1997-12-23,COLLECT COD,REG AIR, regular packages nag ruthle
519-2,519,30,31,2,38.00,35341.14,0.05,0.08,N,O,1998-02-19,1997-12-15,1998-03-19,DELIVER IN PERSON,FOB,aggle furiously regular deposits. forge
519-3,519,1059,30,3,19.00,18240.95,0.00,0.02,N,O,1998-01-09,1998-01-03,1998-02-06,COLLECT COD,AIR, about the al
519-4,519,463,51,4,27.00,36813.42,0.08,0.06,N,O,1997-11-20,1997-12-06,1997-12-16,DELIVER IN PERSON,REG AIR,out the fluffily express req
519-5,519,91,42,5,13.00,12884.17,0.06,0.08,N,O,1998-02-06,1997-12-02,1998-03-03,TAKE BACK RETURN,TRUCK,", regular dolphins serve. quickly p"
519-6,519,1510,91,6,3.00,4234.53,0.04,0.00,N,O,1998-02-01,1998-01-25,1998-02-27,TAKE BACK RETURN,FOB,nto beans. carefully regular foxes 
544-1,544,1385,86,1,47.00,60459.86,0.08,0.06,R,F,1993-03-14,1993-03-27,1993-03-27,COLLECT COD,SHIP,oubt slyly? dependencies for the b
545-1,545,1696,97,1,4.00,6390.76,0.02,0.00,N,O,1996-02-23,1995-12-16,1996-03-21,DELIVER IN PERSON,FOB,tions are blithely slyly iron
545-2,545,1702,87,2,18.00,28866.60,0.00,0.00,N,O,1996-02-21,1996-01-17,1996-02-26,NONE,RAIL,arefully regular deposits. final
546-1,546,846,46,1,16.00,27949.44,0.08,0.02,N,O,1997-02-04,1996-12-30,1997-02-25,DELIVER IN PERSON,TRUCK,ding foxes! platelets haggle furio
547-1,547,708,73,1,44.00,70782.80,0.08,0.08,N,O,1996-10-18,1996-08-17,1996-10-27,TAKE BACK RETURN,FOB,ever regular foxes use deposit
547-2,547,1364,41,2,48.00,60737.28,0.01,0.04,N,O,1996-10-21,1996-08-04,1996-11-20,COLLECT COD,SHIP,fully final 
547-3,547,1814,1,3,3.00,5147.43,0.05,0.02,N,O,1996-09-04,1996-08-01,1996-09-21,COLLECT COD,SHIP,according to the i
548-1,548,1966,67,1,2.00,3735.92,0.06,0.05,A,F,1994-11-26,1994-11-06,1994-12-06,COLLECT COD,MAIL,special ideas wake quic
548-2,548,47,48,2,6.00,5682.24,0.00,0.08,A,F,1995-01-18,1994-12-08,1995-02-10,NONE,TRUCK, about the ironic ideas hag
548-3,548,2,78,3,21.00,18942.00,0.03,0.08,A,F,1995-01-13,1994-12-18,1995-01-25,NONE,AIR,ly express instructions at the theodolit
548-4,548,568,59,4,21.00,30839.76,0.08,0.03,A,F,1994-10-27,1994-12-04,1994-11-21,DELIVER IN PERSON,AIR,accounts wake carefully quiet
548-5,548,930,33,5,19.00,34787.67,0.00,0.02,A,F,1994-09-24,1994-11-24,1994-10-01,DELIVER IN PERSON,MAIL,lar dependencies;
548-6,548,1528,9,6,32.00,45744.64,0.06,0.04,A,F,1994-12-16,1994-11-20,1994-12-29,NONE,REG AIR,lyly ironic i
549-1,549,1951,40,1,18.00,33353.10,0.07,0.04,R,F,1992-10-19,1992-08-12,1992-11-13,COLLECT COD,REG AIR,sts. deposits wake blithely around the furi
549-2,549,1888,89,2,38.00,68015.44,0.07,0.05,A,F,1992-08-17,1992-08-28,1992-09-05,COLLECT COD,RAIL,ully across the quickly even account
549-3,549,653,54,3,36.00,55931.40,0.08,0.04,R,F,1992-09-11,1992-10-11,1992-09-12,DELIVER IN PERSON,AIR,ideas. careful patterns haggle furiously. f
549-4,549,202,84,4,18.00,19839.60,0.09,0.01,A,F,1992-07-31,1992-09-11,1992-08-08,NONE,RAIL,"nusual, final accounts througho"
549-5,549,235,17,5,38.00,43138.74,0.06,0.02,R,F,1992-08-23,1992-08-12,1992-08-25,COLLECT COD,REG AIR,ingly final foxes cajole furious
550-1,550,1904,49,1,31.00,55982.90,0.04,0.02,N,O,1995-10-24,1995-09-27,1995-11-04,COLLECT COD,AIR,tes cajole quickly alongside o
551-1,551,238,66,1,8.00,9105.84,0.08,0.02,N,O,1995-07-29,1995-07-18,1995-08-02,NONE,REG AIR,"ves. final, express deposits cajol"
551-2,551,1589,70,2,20.00,29811.60,0.00,0.07,N,O,1995-09-18,1995-08-25,1995-10-11,COLLECT COD,TRUCK,ests impress quickly about the bravely spec
551-3,551,1611,94,3,16.00,24201.76,0.07,0.06,N,O,1995-07-29,1995-08-19,1995-08-10,COLLECT COD,MAIL,tructions detect idly re
576-1,576,865,32,1,2.00,3531.72,0.07,0.01,N,O,1997-05-15,1997-06-30,1997-05-28,NONE,RAIL, instructions hang a
576-2,576,331,88,2,6.00,7387.98,0.06,0.05,N,O,1997-05-15,1997-07-26,1997-06-03,DELIVER IN PERSON,TRUCK,encies. carefully even accounts are
576-3,576,366,95,3,6.00,7598.16,0.08,0.07,N,O,1997-08-28,1997-06-16,1997-09-25,DELIVER IN PERSON,FOB,ow packages sleep blith
576-4,576,1377,54,4,5.00,6391.85,0.03,0.07,N,O,1997-06-11,1997-06-17,1997-07-05,NONE,REG AIR,egular decoys boost. evenly pend
577-1,577,259,14,1,25.00,28981.25,0.06,0.01,A,F,1995-04-09,1995-02-20,1995-05-09,TAKE BACK RETURN,AIR,ross the ironic sauternes hagg
577-2,577,633,96,2,14.00,21470.82,0.08,0.03,R,F,1995-03-19,1995-02-25,1995-04-09,DELIVER IN PERSON,RAIL, ideas. slowly fluffy foxes detect. bl
578-1,578,1556,57,1,40.00,58302.00,0.02,0.08,N,O,1997-02-10,1997-03-18,1997-02-11,NONE,SHIP,", pending deposi"
578-2,578,1871,58,2,23.00,40776.01,0.05,0.08,N,O,1997-03-06,1997-03-03,1997-03-20,TAKE BACK RETURN,FOB,"ons behind the regular, sile"
579-1,579,1507,88,1,9.00,12676.50,0.00,0.05,N,O,1998-06-20,1998-04-28,1998-07-19,DELIVER IN PERSON,RAIL,ges haggle furiously furiously regular d
579-2,579,322,79,2,39.00,47670.48,0.02,0.01,N,O,1998-06-21,1998-06-03,1998-06-26,COLLECT COD,REG AIR,ideas cajole quickly. fu
579-3,579,591,52,3,6.00,8949.54,0.03,0.00,N,O,1998-04-24,1998-05-03,1998-05-08,TAKE BACK RETURN,TRUCK,ithely ironic requests integrate 
579-4,579,62,88,4,41.00,39444.46,0.04,0.05,N,O,1998-05-28,1998-05-01,1998-06-04,COLLECT COD,REG AIR,"y special instructions. even, ironic instru"
579-5,579,127,54,5,28.00,28759.36,0.00,0.03,N,O,1998-07-10,1998-05-24,1998-07-19,NONE,RAIL,s. blithely silen
579-6,579,1668,10,6,5.00,7848.30,0.05,0.08,N,O,1998-05-02,1998-04-25,1998-05-05,COLLECT COD,REG AIR,ironic platelets. thinly ironic acc
580-1,580,850,50,1,33.00,57778.05,0.03,0.05,N,O,1997-10-11,1997-09-19,1997-10-16,TAKE BACK RETURN,FOB,carefully express excuses haggle blithe
580-2,580,1734,35,2,31.00,50707.63,0.04,0.08,N,O,1997-10-04,1997-09-08,1997-10-15,COLLECT COD,FOB,ealthily final dolphins
580-3,580,1845,89,3,19.00,33189.96,0.04,0.04,N,O,1997-07-23,1997-09-21,1997-08-15,NONE,FOB,nts. fluffily even asym
581-1,581,634,97,1,41.00,62919.83,0.09,0.07,N,O,1997-05-26,1997-04-06,1997-06-10,TAKE BACK RETURN,MAIL,aves wake fu
581-2,581,926,61,2,14.00,25576.88,0.06,0.08,N,O,1997-05-17,1997-04-14,1997-06-08,NONE,MAIL,eath the reg
581-3,581,1002,73,3,49.00,44247.00,0.10,0.02,N,O,1997-02-27,1997-04-24,1997-03-10,TAKE BACK RETURN,MAIL,ests cajole blithely furiously 
581-4,581,750,15,4,30.00,49522.50,0.10,0.08,N,O,1997-06-19,1997-05-21,1997-06-22,TAKE BACK RETURN,TRUCK,ecial instructions; caref
582-1,582,565,56,1,7.00,10258.92,0.07,0.00,N,O,1997-11-16,1997-11-29,1997-12-10,TAKE BACK RETURN,FOB,oost slyly about
582-2,582,503,4,2,49.00,68771.50,0.05,0.03,N,O,1997-12-17,1998-01-12,1997-12-31,COLLECT COD,REG AIR,s excuses are blithely after the carefully
582-3,582,1404,83,3,42.00,54826.80,0.07,0.00,N,O,1997-11-15,1997-12-21,1997-12-03,COLLECT COD,SHIP," packages. even, even reque"
582-4,582,1678,79,4,36.00,56868.12,0.06,0.01,N,O,1997-12-09,1997-11-27,1997-12-26,TAKE BACK RETURN,SHIP,sly regular packages. 
583-1,583,1444,45,1,1.00,1345.44,0.07,0.07,N,O,1997-06-17,1997-04-29,1997-06-28,NONE,TRUCK,ing accounts. carefully special de
583-2,583,1197,34,2,47.00,51614.93,0.10,0.06,N,O,1997-07-14,1997-05-12,1997-08-11,DELIVER IN PERSON,AIR,ic ideas. blithely ironic packages 
583-3,583,1295,33,3,34.00,40673.86,0.01,0.02,N,O,1997-05-11,1997-04-24,1997-06-03,DELIVER IN PERSON,MAIL,regular acc
583-4,583,1413,31,4,33.00,43375.53,0.10,0.01,N,O,1997-05-28,1997-04-25,1997-06-24,NONE,AIR, furiously bold dolphins wake
583-5,583,1886,16,5,13.00,23242.44,0.04,0.06,N,O,1997-06-23,1997-05-29,1997-07-08,COLLECT COD,TRUCK,equests along the slyly 
608-1,608,1536,57,1,19.00,27313.07,0.08,0.06,N,O,1996-04-19,1996-05-02,1996-05-03,DELIVER IN PERSON,RAIL,ackages sl
608-2,608,1974,63,2,40.00,75038.80,0.03,0.01,N,O,1996-05-21,1996-04-11,1996-06-02,NONE,AIR,"tes boost slyly around the express, f"
609-1,609,656,88,1,21.00,32689.65,0.01,0.05,R,F,1994-08-24,1994-08-23,1994-08-27,DELIVER IN PERSON,FOB,uickly ironic asymptotes haggle 
610-1,610,1108,81,1,49.00,49445.90,0.10,0.07,N,O,1995-08-29,1995-10-26,1995-09-12,TAKE BACK RETURN,SHIP,accounts aff
610-2,610,679,73,2,11.00,17376.37,0.07,0.08,N,O,1995-10-31,1995-10-25,1995-11-18,NONE,MAIL,r instructions 
610-3,610,1177,78,3,26.00,28032.42,0.09,0.04,N,O,1995-11-22,1995-09-09,1995-12-04,TAKE BACK RETURN,AIR, along the quickly even accounts. furio
610-4,610,1853,97,4,17.00,29832.45,0.03,0.03,N,O,1995-11-01,1995-10-30,1995-11-04,COLLECT COD,FOB,y even platelets integrate blithely quickly
610-5,610,1458,59,5,39.00,53018.55,0.08,0.05,N,O,1995-10-30,1995-10-21,1995-11-11,TAKE BACK RETURN,REG AIR, about the quickly final acco
610-6,610,944,79,6,5.00,9224.70,0.00,0.07,N,O,1995-08-11,1995-10-22,1995-08-26,TAKE BACK RETURN,FOB, in place of the i
610-7,610,1893,80,7,27.00,48462.03,0.06,0.03,N,O,1995-09-02,1995-09-19,1995-09-15,NONE,REG AIR,ccounts poach carefully even asymp
611-1,611,169,48,1,39.00,41697.24,0.05,0.06,R,F,1993-05-06,1993-04-09,1993-05-22,TAKE BACK RETURN,SHIP,s wake sly
611-2,611,807,8,2,1.00,1707.80,0.08,0.07,R,F,1993-05-17,1993-02-26,1993-06-15,DELIVER IN PERSON,MAIL, the ideas sleep quickly 
611-3,611,1196,33,3,39.00,42790.41,0.09,0.02,A,F,1993-03-10,1993-03-10,1993-03-17,TAKE BACK RETURN,TRUCK, accounts wake fluffily special d
612-1,612,1850,37,1,5.00,8759.25,0.07,0.00,R,F,1992-11-08,1992-11-20,1992-12-03,TAKE BACK RETURN,RAIL,pendencies do
612-2,612,1949,94,2,28.00,51826.32,0.07,0.06,R,F,1993-01-02,1992-12-11,1993-01-30,DELIVER IN PERSON,TRUCK,y final deposits wake alongsi
612-3,612,662,25,3,49.00,76570.34,0.00,0.08,A,F,1993-01-08,1992-11-25,1993-01-17,TAKE BACK RETURN,REG AIR,nts accord
612-4,612,390,19,4,28.00,36130.92,0.05,0.00,A,F,1992-11-12,1992-12-05,1992-12-02,TAKE BACK RETURN,REG AIR,gouts cajole. pin
612-5,612,878,12,5,1.00,1778.87,0.08,0.04,R,F,1992-12-18,1992-12-13,1992-12-20,TAKE BACK RETURN,FOB,packages. 
612-6,612,1883,13,6,33.00,58901.04,0.10,0.03,R,F,1992-11-30,1992-12-01,1992-12-12,COLLECT COD,MAIL,quests. furiously pending epitaphs be
613-1,613,901,4,1,17.00,30632.30,0.06,0.06,N,O,1995-09-23,1995-08-04,1995-10-15,NONE,SHIP,ooze fluffily 
613-2,613,784,81,2,6.00,10108.68,0.05,0.05,N,O,1995-08-05,1995-08-09,1995-08-08,TAKE BACK RETURN,MAIL,s. blithely final excu
613-3,613,1851,95,3,3.00,5258.55,0.03,0.01,N,O,1995-09-27,1995-09-11,1995-10-05,NONE,TRUCK,lly pending plat
613-4,613,1584,85,4,7.00,10399.06,0.02,0.04,N,O,1995-09-07,1995-08-02,1995-09-16,DELIVER IN PERSON,MAIL,fluffily final instructions was fluffily
614-1,614,1942,31,1,21.00,38722.74,0.00,0.03,R,F,1993-03-29,1993-01-06,1993-04-16,TAKE BACK RETURN,TRUCK,uctions snooze slyly after the
614-2,614,1869,13,2,48.00,85001.28,0.07,0.07,A,F,1993-03-09,1993-01-19,1993-03-19,DELIVER IN PERSON,SHIP,fully even dolphins hinder at the foxes.
614-3,614,1670,94,3,43.00,67581.81,0.05,0.00,A,F,1993-03-07,1993-02-22,1993-03-18,DELIVER IN PERSON,SHIP, furiously special dolphins sleep at the
614-4,614,1470,88,4,14.00,19200.58,0.04,0.06,A,F,1992-12-03,1993-02-14,1992-12-27,DELIVER IN PERSON,SHIP,s use furiously. carefully regular 
614-5,614,1954,99,5,30.00,55678.50,0.08,0.07,R,F,1993-01-16,1993-02-08,1993-02-12,TAKE BACK RETURN,FOB, against the ca
614-6,614,1363,40,6,48.00,60689.28,0.04,0.08,A,F,1992-12-14,1993-01-22,1993-01-11,NONE,TRUCK,ntegrate blithely against the final i
615-1,615,1046,47,1,36.00,34093.44,0.10,0.01,A,F,1992-06-01,1992-07-14,1992-06-27,NONE,FOB, instructions. special courts agains
640-1,640,930,33,1,49.00,89715.57,0.09,0.02,R,F,1993-03-27,1993-04-17,1993-04-15,NONE,RAIL, final request
640-2,640,5,31,2,40.00,36200.00,0.09,0.05,A,F,1993-05-11,1993-04-11,1993-05-15,COLLECT COD,TRUCK, packages sleep quickly a
640-3,640,1795,22,3,22.00,37329.38,0.05,0.07,A,F,1993-05-07,1993-04-14,1993-05-21,TAKE BACK RETURN,TRUCK,n carefully across the deposits. fina
640-4,640,315,16,4,45.00,54688.95,0.07,0.07,R,F,1993-04-15,1993-04-23,1993-04-21,DELIVER IN PERSON,REG AIR,ages haggle
641-1,641,1252,64,1,18.00,20758.50,0.01,0.08,R,F,1993-10-17,1993-10-11,1993-10-29,DELIVER IN PERSON,AIR,nt doggedly against the thinly 
641-2,641,995,30,2,1.00,1895.99,0.09,0.02,R,F,1993-12-03,1993-10-28,1993-12-26,TAKE BACK RETURN,RAIL,ons haggle carefully about the
641-3,641,944,79,3,40.00,73797.60,0.05,0.06,R,F,1993-11-22,1993-10-20,1993-12-11,DELIVER IN PERSON,REG AIR, ironic packages. theodolites about t
641-4,641,701,66,4,25.00,40042.50,0.03,0.02,A,F,1993-12-04,1993-11-18,1993-12-18,TAKE BACK RETURN,FOB,lly special 
641-5,641,38,89,5,41.00,38459.23,0.07,0.04,R,F,1993-11-29,1993-10-27,1993-12-04,TAKE BACK RETURN,FOB,refully pending accounts. ex
642-1,642,537,38,1,26.00,37375.78,0.10,0.03,A,F,1994-04-16,1994-02-01,1994-04-27,COLLECT COD,REG AIR,ons. fluffily ironic packag
643-1,643,123,2,1,28.00,28647.36,0.00,0.08,A,F,1995-04-13,1995-05-12,1995-04-14,TAKE BACK RETURN,TRUCK,n pinto beans. carefully sp
643-2,643,502,3,2,48.00,67320.00,0.01,0.02,N,O,1995-07-10,1995-06-07,1995-08-01,NONE,FOB,ages are blithely 
643-3,643,1625,67,3,23.00,35112.26,0.05,0.03,N,O,1995-07-09,1995-05-18,1995-07-31,COLLECT COD,RAIL,even requests sleep blithely accordin
643-4,643,448,36,4,39.00,52589.16,0.08,0.04,A,F,1995-06-08,1995-06-16,1995-06-13,COLLECT COD,RAIL,es dazzle along the fin
643-5,643,1895,82,5,47.00,84453.83,0.10,0.03,R,F,1995-04-05,1995-06-14,1995-04-26,DELIVER IN PERSON,RAIL,efully idl
644-1,644,1332,71,1,46.00,56733.18,0.02,0.01,A,F,1992-05-20,1992-06-14,1992-06-14,DELIVER IN PERSON,RAIL," slyly ironic courts. even, regular w"
644-2,644,1299,11,2,11.00,13203.19,0.05,0.02,A,F,1992-08-20,1992-07-21,1992-09-11,TAKE BACK RETURN,TRUCK,gle according to the quickly 
644-3,644,1001,72,3,44.00,39688.00,0.04,0.04,R,F,1992-08-17,1992-07-26,1992-08-20,COLLECT COD,REG AIR,uriously final theodolites thrash sly
644-4,644,798,95,4,7.00,11891.53,0.01,0.02,A,F,1992-05-18,1992-07-01,1992-06-07,COLLECT COD,RAIL,l accounts. furiously bold accounts n
644-5,644,493,94,5,23.00,32050.27,0.02,0.04,R,F,1992-07-31,1992-07-28,1992-08-13,DELIVER IN PERSON,TRUCK,"ic foxes haggle fluffily even, exp"
644-6,644,850,50,6,33.00,57778.05,0.00,0.07,R,F,1992-08-26,1992-07-27,1992-08-28,NONE,AIR,regular deposits sle
644-7,644,503,34,7,38.00,53333.00,0.08,0.06,R,F,1992-05-17,1992-07-10,1992-06-06,TAKE BACK RETURN,MAIL,ress deposits haggle across the blithely s
645-1,645,1597,38,1,33.00,49453.47,0.01,0.02,A,F,1994-12-09,1995-02-21,1995-01-03,NONE,TRUCK,encies haggl
645-2,645,1695,96,2,47.00,75044.43,0.07,0.05,R,F,1995-02-16,1995-02-15,1995-02-25,COLLECT COD,TRUCK,. slyly bold platelets nag fur
645-3,645,693,56,3,46.00,73309.74,0.10,0.01,A,F,1995-01-04,1995-02-21,1995-01-21,COLLECT COD,REG AIR,"ans. final, even accounts are stealthi"
645-4,645,955,24,4,49.00,90941.55,0.05,0.03,R,F,1995-01-24,1995-01-06,1995-02-17,NONE,TRUCK,ully final de
645-5,645,48,74,5,43.00,40765.72,0.06,0.02,A,F,1995-02-12,1995-02-27,1995-03-06,TAKE BACK RETURN,REG AIR,osits affix carefully afte
645-6,645,337,94,6,18.00,22271.94,0.10,0.08,A,F,1995-03-02,1995-02-08,1995-03-03,COLLECT COD,RAIL," even, special "
645-7,645,271,72,7,9.00,10541.43,0.03,0.03,A,F,1994-12-25,1995-01-04,1995-01-15,COLLECT COD,REG AIR,"ate carefully packages! unusual, un"
646-1,646,1090,96,1,31.00,30723.79,0.00,0.05,R,F,1994-12-17,1995-02-16,1995-01-04,COLLECT COD,MAIL,y express i
646-2,646,1268,69,2,1.00,1169.26,0.07,0.01,A,F,1994-12-05,1995-01-07,1994-12-31,TAKE BACK RETURN,MAIL,ily around the blithely even depo
646-3,646,298,53,3,24.00,28758.96,0.06,0.02,A,F,1995-02-20,1994-12-30,1995-03-16,TAKE BACK RETURN,TRUCK,he special theodolites. fur
646-4,646,988,57,4,34.00,64225.32,0.01,0.00,R,F,1994-12-28,1994-12-27,1994-12-31,COLLECT COD,SHIP, the ironic courts sleep slyly regular ac
646-5,646,892,59,5,17.00,30479.13,0.04,0.01,A,F,1994-12-31,1994-12-26,1995-01-01,DELIVER IN PERSON,REG AIR, sleep blithely against the sly
646-6,646,1145,18,6,40.00,41845.60,0.10,0.01,R,F,1995-01-01,1995-01-13,1995-01-11,COLLECT COD,TRUCK,cial deposits are slyly about 
647-1,647,164,91,1,41.00,43630.56,0.08,0.08,N,O,1997-11-19,1997-09-24,1997-12-15,COLLECT COD,REG AIR,ctions. furiously even reques
647-2,647,1122,95,2,5.00,5115.60,0.10,0.00,N,O,1997-09-25,1997-09-22,1997-10-25,TAKE BACK RETURN,AIR,ent foxes wake carefully about t
647-3,647,1529,10,3,15.00,21457.80,0.08,0.00,N,O,1997-09-23,1997-10-09,1997-10-21,NONE,MAIL,ending theodolites are slyly. 
672-1,672,1722,23,1,41.00,66572.52,0.06,0.06,R,F,1994-06-20,1994-07-03,1994-06-22,COLLECT COD,REG AIR,requests are. co
672-2,672,1897,98,2,9.00,16190.01,0.03,0.04,R,F,1994-06-25,1994-06-06,1994-07-19,TAKE BACK RETURN,TRUCK,"ely ironic, unusual theodolite"
672-3,672,1424,42,3,35.00,46389.70,0.02,0.01,R,F,1994-07-13,1994-06-04,1994-07-14,COLLECT COD,RAIL,o beans integrate furiously slyly 
673-1,673,705,70,1,22.00,35325.40,0.03,0.02,R,F,1994-03-15,1994-04-27,1994-03-29,TAKE BACK RETURN,TRUCK,y ironic requests wake-- fluffily bold pac
674-1,674,1014,50,1,23.00,21045.23,0.06,0.07,A,F,1992-10-25,1992-10-15,1992-11-03,COLLECT COD,SHIP,y alongside of the blithely ruthless
674-2,674,583,44,2,4.00,5934.32,0.02,0.07,R,F,1992-10-05,1992-11-22,1992-10-22,NONE,RAIL,sleep pinto beans. quickly unusu
675-1,675,1565,86,1,1.00,1466.56,0.04,0.08,N,O,1997-11-27,1997-09-30,1997-12-12,DELIVER IN PERSON,REG AIR,ost always pending instructions. platel
675-2,675,1367,82,2,35.00,44392.60,0.08,0.07,N,O,1997-08-19,1997-10-16,1997-09-17,DELIVER IN PERSON,REG AIR,the packages sleep
675-3,675,1759,2,3,34.00,56465.50,0.10,0.04,N,O,1997-11-17,1997-10-07,1997-11-27,NONE,FOB,ic platelets use among the furiousl
675-4,675,993,96,4,15.00,28409.85,0.09,0.05,N,O,1997-10-18,1997-09-28,1997-11-13,COLLECT COD,TRUCK,tions. pending tithes 
675-5,675,47,73,5,46.00,43563.84,0.09,0.05,N,O,1997-09-18,1997-10-14,1997-10-01,DELIVER IN PERSON,AIR," the even, regular theodolites. pe"
676-1,676,510,1,1,9.00,12694.59,0.09,0.02,N,O,1997-04-03,1997-02-02,1997-04-08,COLLECT COD,REG AIR,nic ideas 
676-2,676,777,74,2,20.00,33555.40,0.07,0.07,N,O,1997-02-02,1997-02-01,1997-02-11,NONE,REG AIR,o beans boost after the regu
676-3,676,1624,25,3,35.00,53396.70,0.05,0.01,N,O,1996-12-30,1997-01-13,1997-01-19,DELIVER IN PERSON,RAIL,ts try to cajole a
676-4,676,729,26,4,24.00,39113.28,0.01,0.06,N,O,1997-02-05,1997-01-16,1997-03-07,TAKE BACK RETURN,TRUCK,e accounts haggle
676-5,676,1652,76,5,31.00,48163.15,0.01,0.06,N,O,1997-02-06,1997-02-28,1997-03-08,COLLECT COD,TRUCK,ully boldly final
676-6,676,760,61,6,33.00,54805.08,0.09,0.05,N,O,1997-03-02,1997-02-22,1997-03-19,TAKE BACK RETURN,TRUCK, theodolites. carefully regular depos
676-7,676,1422,1,7,11.00,14557.62,0.07,0.02,N,O,1997-03-09,1997-03-06,1997-03-31,TAKE BACK RETURN,MAIL,luffily even 
677-1,677,590,21,1,32.00,47698.88,0.04,0.08,R,F,1994-01-06,1994-01-31,1994-02-02,NONE,RAIL,ven deposit
677-2,677,1674,75,2,39.00,61451.13,0.00,0.07,R,F,1993-12-19,1994-02-11,1994-01-05,TAKE BACK RETURN,SHIP,ly theodolites? furiously regular re
677-3,677,233,34,3,46.00,52128.58,0.01,0.02,R,F,1993-12-02,1994-02-12,1993-12-06,COLLECT COD,RAIL,packages. dependencies boost across the 
677-4,677,1477,95,4,1.00,1378.47,0.06,0.05,R,F,1993-12-01,1994-01-14,1993-12-26,DELIVER IN PERSON,MAIL,ly pending i
677-5,677,1497,15,5,25.00,34962.25,0.00,0.05,A,F,1994-03-12,1994-02-02,1994-03-28,DELIVER IN PERSON,AIR,ckages sleep carefully regul
678-1,678,1456,57,1,20.00,27149.00,0.05,0.08,R,F,1993-06-21,1993-04-07,1993-07-10,TAKE BACK RETURN,MAIL, asymptotes. quickly regular excuses na
678-2,678,366,51,2,22.00,27859.92,0.01,0.02,A,F,1993-05-10,1993-04-29,1993-06-08,NONE,REG AIR,"ts. ironic, ironic excuses are furiou"
678-3,678,1425,65,3,16.00,21222.72,0.06,0.02,R,F,1993-03-20,1993-04-13,1993-04-16,DELIVER IN PERSON,REG AIR," dependencies. final, special theodolites h"
678-4,678,1981,82,4,48.00,90383.04,0.08,0.08,R,F,1993-02-28,1993-04-04,1993-03-24,NONE,REG AIR,es haggle carefully across 
678-5,678,975,76,5,16.00,30015.52,0.06,0.04,R,F,1993-03-09,1993-04-18,1993-04-07,NONE,AIR,anently spe
678-6,678,429,30,6,11.00,14623.62,0.09,0.00,R,F,1993-04-28,1993-05-16,1993-05-11,COLLECT COD,TRUCK,e slyly quickly regul
679-1,679,1918,19,1,9.00,16379.19,0.09,0.00,N,O,1995-12-20,1996-01-27,1996-01-07,COLLECT COD,REG AIR,. blithely ironic 
704-1,704,1900,1,1,40.00,72076.00,0.05,0.05,N,O,1997-01-30,1997-01-10,1997-02-20,COLLECT COD,AIR,g blithely idea
704-2,704,39,40,2,14.00,13146.42,0.07,0.08,N,O,1997-02-02,1996-12-26,1997-02-19,DELIVER IN PERSON,REG AIR,"y ironic dependencies. special, final re"
705-1,705,1884,28,1,46.00,82150.48,0.05,0.06,N,O,1997-04-18,1997-05-06,1997-05-05,DELIVER IN PERSON,SHIP,g to the carefully silent
705-2,705,1163,72,2,35.00,37245.60,0.10,0.04,N,O,1997-03-25,1997-03-20,1997-04-23,TAKE BACK RETURN,FOB,efully ironic theodolites
706-1,706,1967,12,1,23.00,42986.08,0.05,0.00,N,O,1995-12-06,1995-12-02,1995-12-16,COLLECT COD,SHIP,ithely. blithely ironic requests
707-1,707,1548,49,1,34.00,49284.36,0.01,0.02,R,F,1994-12-08,1995-01-15,1995-01-02,NONE,RAIL,ending instru
707-2,707,427,57,2,22.00,29203.24,0.00,0.06,A,F,1995-01-12,1994-12-28,1995-01-16,DELIVER IN PERSON,REG AIR,g requests until t
708-1,708,1239,51,1,3.00,3420.69,0.05,0.02,N,O,1998-10-09,1998-09-22,1998-11-07,COLLECT COD,FOB,ons sleep against the r
708-2,708,1792,93,2,19.00,32182.01,0.06,0.00,N,O,1998-10-28,1998-09-23,1998-11-25,COLLECT COD,SHIP,egular theodolites cajole a
708-3,708,1213,25,3,33.00,36768.93,0.09,0.06,N,O,1998-09-10,1998-09-20,1998-09-22,COLLECT COD,RAIL,"t from the special, busy instructions. fu"
708-4,708,552,53,4,5.00,7262.75,0.07,0.07,N,O,1998-07-22,1998-08-15,1998-07-28,TAKE BACK RETURN,REG AIR, regular deposits cajole blithely a
708-5,708,1425,43,5,36.00,47751.12,0.08,0.01,N,O,1998-07-16,1998-09-04,1998-08-11,NONE,SHIP,s. express ideas along the s
708-6,708,224,6,6,7.00,7869.54,0.10,0.03,N,O,1998-08-16,1998-08-15,1998-09-10,COLLECT COD,REG AIR,deposits wake 
709-1,709,863,30,1,7.00,12347.02,0.00,0.00,N,O,1998-06-14,1998-06-08,1998-06-18,TAKE BACK RETURN,RAIL, unusual ideas cajole b
709-2,709,1973,18,2,15.00,28124.55,0.08,0.00,N,O,1998-07-10,1998-06-26,1998-08-09,NONE,RAIL,as. blithely blithe accounts sleep blithe
709-3,709,1685,27,3,10.00,15866.80,0.01,0.02,N,O,1998-06-04,1998-06-30,1998-06-11,NONE,REG AIR,instructions. bli
709-4,709,1073,74,4,40.00,38962.80,0.10,0.08,N,O,1998-08-12,1998-06-20,1998-08-20,DELIVER IN PERSON,RAIL,arefully regular instructions 
710-1,710,1622,46,1,47.00,71610.14,0.06,0.08,A,F,1993-01-18,1993-03-24,1993-01-24,TAKE BACK RETURN,MAIL,y pending accounts 
710-2,710,1930,31,2,38.00,69613.34,0.07,0.02,R,F,1993-04-18,1993-03-12,1993-05-15,COLLECT COD,FOB,"sts sleep stealthy, fi"
710-3,710,1390,5,3,7.00,9039.73,0.04,0.06,R,F,1993-01-20,1993-03-28,1993-02-15,TAKE BACK RETURN,REG AIR,ng asymptotes. slowly reg
710-4,710,894,95,4,25.00,44872.25,0.00,0.05,R,F,1993-03-31,1993-02-05,1993-04-22,COLLECT COD,FOB,g to the slyl
710-5,710,1855,42,5,12.00,21082.20,0.01,0.02,A,F,1993-02-18,1993-02-27,1993-03-07,DELIVER IN PERSON,MAIL,ironic requests. ironic packages h
710-6,710,1137,46,6,21.00,21800.73,0.04,0.06,R,F,1993-03-22,1993-03-05,1993-03-27,DELIVER IN PERSON,SHIP,of the final ho
710-7,710,1593,14,7,46.00,68751.14,0.03,0.07,R,F,1993-04-16,1993-03-27,1993-05-05,COLLECT COD,MAIL,ng foxes engage. quietly special instr
711-1,711,1458,98,1,2.00,2718.90,0.10,0.04,R,F,1993-12-01,1993-12-09,1993-12-16,DELIVER IN PERSON,REG AIR,accounts nag
711-2,711,1026,97,2,27.00,25029.54,0.00,0.08,A,F,1993-10-02,1993-10-26,1993-10-08,DELIVER IN PERSON,MAIL, express deposits
711-3,711,1271,46,3,46.00,53924.42,0.10,0.00,R,F,1993-12-26,1993-11-19,1994-01-21,TAKE BACK RETURN,MAIL,jole quickly caref
711-4,711,1277,78,4,20.00,23565.40,0.09,0.00,A,F,1994-01-17,1993-11-10,1994-01-31,DELIVER IN PERSON,TRUCK,lets against the
736-1,736,1574,75,1,46.00,67876.22,0.05,0.01,N,O,1998-07-16,1998-09-01,1998-08-09,NONE,AIR,"affix. final, "
736-2,736,795,96,2,23.00,39003.17,0.02,0.05,N,O,1998-10-08,1998-08-27,1998-10-19,TAKE BACK RETURN,AIR, packages. carefully exp
736-3,736,567,58,3,13.00,19078.28,0.00,0.03,N,O,1998-08-16,1998-07-26,1998-08-19,DELIVER IN PERSON,FOB,sts among the carefully
736-4,736,979,82,4,14.00,26319.58,0.06,0.04,N,O,1998-10-04,1998-08-14,1998-10-16,COLLECT COD,REG AIR,"nding, ironi"
736-5,736,1681,64,5,32.00,50645.76,0.04,0.03,N,O,1998-07-30,1998-08-22,1998-08-12,DELIVER IN PERSON,RAIL,s. furiously expres
737-1,737,1819,49,1,12.00,20649.72,0.01,0.01,R,F,1992-04-28,1992-06-30,1992-05-08,COLLECT COD,RAIL,blithely against the carefully
738-1,738,1973,62,1,34.00,63748.98,0.00,0.06,R,F,1993-06-09,1993-04-15,1993-07-09,TAKE BACK RETURN,TRUCK,uickly regular foxes. ac
738-2,738,1871,72,2,4.00,7091.48,0.00,0.03,A,F,1993-06-20,1993-04-08,1993-07-09,NONE,AIR,ely express accounts are
738-3,738,1697,98,3,23.00,36769.87,0.04,0.08,A,F,1993-03-17,1993-04-02,1993-04-05,TAKE BACK RETURN,SHIP, even requests are around the carefully f
738-4,738,1408,26,4,12.00,15712.80,0.04,0.08,A,F,1993-06-16,1993-05-05,1993-06-22,NONE,SHIP,"out the regular, regula"
738-5,738,1749,34,5,30.00,49522.20,0.02,0.00,A,F,1993-06-12,1993-05-29,1993-06-25,NONE,AIR,equests are about the blithely silent ins
739-1,739,845,79,1,28.00,48883.52,0.00,0.03,N,O,1998-06-03,1998-08-04,1998-06-29,TAKE BACK RETURN,RAIL,efully. furiously 
739-2,739,36,62,2,50.00,46801.50,0.07,0.06,N,O,1998-08-26,1998-07-16,1998-09-02,COLLECT COD,MAIL,the blithely pe
739-3,739,488,47,3,12.00,16661.76,0.05,0.00,N,O,1998-08-20,1998-07-24,1998-08-22,NONE,MAIL, the final foxes. quickly 
739-4,739,435,23,4,47.00,62765.21,0.09,0.07,N,O,1998-08-12,1998-07-09,1998-08-28,NONE,REG AIR,cajole fluffily along the regular pa
739-5,739,1876,6,5,30.00,53336.10,0.07,0.06,N,O,1998-06-19,1998-08-26,1998-07-02,DELIVER IN PERSON,REG AIR,n requests. furiously pending packages h
740-1,740,13,89,1,22.00,20086.22,0.10,0.02,N,O,1995-07-24,1995-09-11,1995-08-11,TAKE BACK RETURN,FOB," theodolites. final, regular accounts a"
740-2,740,653,47,2,35.00,54377.75,0.00,0.00,N,O,1995-09-06,1995-08-22,1995-10-02,NONE,TRUCK,eep slyly. pa
740-3,740,1981,82,3,29.00,54606.42,0.06,0.05,N,O,1995-10-26,1995-09-17,1995-10-29,DELIVER IN PERSON,FOB,endencies. quickly express waters 
741-1,741,1865,52,1,25.00,44171.50,0.03,0.06,N,O,1998-07-15,1998-08-27,1998-08-12,DELIVER IN PERSON,MAIL,iously ruthlessly bold ide
741-2,741,904,73,2,22.00,39707.80,0.09,0.01,N,O,1998-09-07,1998-09-28,1998-09-12,COLLECT COD,AIR,olve carefully furiously bold realms.
742-1,742,1014,15,1,46.00,42090.46,0.04,0.08,A,F,1995-03-12,1995-03-20,1995-03-16,TAKE BACK RETURN,SHIP, regular ideas cajole slyly. carefully ev
742-2,742,954,89,2,15.00,27824.25,0.08,0.05,A,F,1995-02-26,1995-03-20,1995-03-03,NONE,SHIP,inal requests. blithel
742-3,742,1016,52,3,24.00,22008.24,0.08,0.08,A,F,1995-02-12,1995-03-12,1995-02-14,DELIVER IN PERSON,SHIP,tructions haggle quickly
742-4,742,1919,64,4,16.00,29134.56,0.01,0.05,A,F,1995-01-15,1995-02-25,1995-01-24,COLLECT COD,AIR," slyly pending, ironic pinto bea"
742-5,742,1001,37,5,48.00,43296.00,0.09,0.08,R,F,1995-03-24,1995-01-23,1995-04-08,TAKE BACK RETURN,TRUCK, blithely a
742-6,742,1920,53,6,49.00,89274.08,0.02,0.07,A,F,1995-01-13,1995-02-13,1995-01-26,TAKE BACK RETURN,RAIL,s packages boost slyly re
743-1,743,1915,4,1,21.00,38155.11,0.01,0.04,N,O,1996-10-26,1996-11-05,1996-11-11,COLLECT COD,MAIL,es haggle closely across 
768-1,768,1959,60,1,39.00,72577.05,0.06,0.08,N,O,1996-09-25,1996-10-27,1996-10-20,NONE,SHIP,phins. unusual
768-2,768,179,80,2,2.00,2158.34,0.00,0.04,N,O,1996-11-13,1996-10-03,1996-11-25,DELIVER IN PERSON,SHIP, special requests lose special 
768-3,768,60,11,3,30.00,28801.80,0.06,0.05,N,O,1996-09-22,1996-11-03,1996-10-13,NONE,MAIL,unts. blithely bold instructions across th
768-4,768,245,27,4,37.00,42373.88,0.10,0.00,N,O,1996-10-02,1996-09-23,1996-10-14,TAKE BACK RETURN,REG AIR,s accounts was blithely. carefully
768-5,768,465,24,5,47.00,64176.62,0.06,0.05,N,O,1996-11-28,1996-10-30,1996-12-12,NONE,TRUCK,old patterns. carefully final 
768-6,768,1117,90,6,43.00,43778.73,0.10,0.06,N,O,1996-09-22,1996-11-03,1996-10-22,TAKE BACK RETURN,AIR, express dependencies n
768-7,768,481,82,7,33.00,45588.84,0.01,0.04,N,O,1996-09-06,1996-09-29,1996-10-01,COLLECT COD,RAIL,nt packages. quickly silent deposits alon
769-1,769,1751,94,1,36.00,59499.00,0.02,0.02,A,F,1993-10-01,1993-08-07,1993-10-15,NONE,AIR, regular dependen
769-2,769,1591,32,2,4.00,5970.36,0.01,0.04,R,F,1993-06-25,1993-08-12,1993-07-15,DELIVER IN PERSON,FOB,old foxes af
770-1,770,1802,46,1,39.00,66448.20,0.09,0.06,N,O,1998-07-19,1998-08-09,1998-08-04,NONE,REG AIR,e carefully alongsid
770-2,770,533,64,2,25.00,35838.25,0.03,0.02,N,O,1998-05-26,1998-07-23,1998-06-04,TAKE BACK RETURN,AIR,r the blithely special deposits. carefu
771-1,771,70,46,1,12.00,11640.84,0.10,0.08,N,O,1995-07-18,1995-08-02,1995-08-07,COLLECT COD,TRUCK,raids haggle. careful
771-2,771,1606,48,2,38.00,57288.80,0.03,0.08,N,O,1995-07-22,1995-09-10,1995-07-29,TAKE BACK RETURN,REG AIR,"he final, even instructions. pending packag"
771-3,771,64,65,3,14.00,13496.84,0.02,0.05,N,O,1995-07-31,1995-08-13,1995-08-07,DELIVER IN PERSON,AIR,ly pending accounts believe aft
771-4,771,413,14,4,7.00,9193.87,0.06,0.02,N,O,1995-06-18,1995-08-31,1995-06-20,NONE,REG AIR, believe carefully among the furiously 
771-5,771,775,72,5,13.00,21785.01,0.09,0.01,N,O,1995-08-10,1995-08-21,1995-08-30,NONE,FOB,quests are. sometimes unusual requests 
771-6,771,820,20,6,23.00,39578.86,0.08,0.03,N,O,1995-06-19,1995-09-07,1995-07-09,COLLECT COD,FOB,sly. express deposits nag. carefully 
772-1,772,527,18,1,35.00,49963.20,0.10,0.06,R,F,1993-07-05,1993-06-05,1993-08-02,NONE,SHIP,"ackages wake ironic, regular "
772-2,772,831,98,2,10.00,17318.30,0.05,0.01,R,F,1993-05-20,1993-05-19,1993-06-15,DELIVER IN PERSON,MAIL,"thely furiously even ideas; even, idle dep"
772-3,772,852,53,3,35.00,61349.75,0.03,0.04,R,F,1993-04-18,1993-06-13,1993-05-01,COLLECT COD,MAIL,t the blithely final platelets. specia
772-4,772,1799,26,4,10.00,17007.90,0.08,0.02,A,F,1993-05-17,1993-06-09,1993-05-29,COLLECT COD,AIR,refully pending accounts boost furio
772-5,772,537,38,5,42.00,60376.26,0.02,0.07,A,F,1993-06-09,1993-07-16,1993-06-12,DELIVER IN PERSON,MAIL,lly pending waters
773-1,773,994,95,1,5.00,9474.95,0.06,0.04,A,F,1993-11-21,1993-12-19,1993-12-21,COLLECT COD,MAIL,ajole carefully along the quickly fin
773-2,773,101,28,2,31.00,31034.10,0.02,0.06,A,F,1993-12-30,1993-11-02,1994-01-01,TAKE BACK RETURN,MAIL,as furiously blithely s
773-3,773,1501,22,3,39.00,54697.50,0.06,0.05,A,F,1994-01-04,1993-12-23,1994-01-26,DELIVER IN PERSON,FOB,y multiplie
773-4,773,281,36,4,28.00,33075.84,0.10,0.06,R,F,1994-01-19,1993-11-05,1994-01-23,NONE,TRUCK,. blithely regular packages
773-5,773,1331,32,5,9.00,11090.97,0.09,0.02,R,F,1993-10-09,1993-12-25,1993-11-04,TAKE BACK RETURN,FOB,sts. slyly regular deposits around th
773-6,773,396,97,6,43.00,55744.77,0.07,0.03,A,F,1993-11-06,1993-11-20,1993-11-08,TAKE BACK RETURN,SHIP,yly express platelets boost carefull
774-1,774,1827,28,1,49.00,84712.18,0.08,0.03,N,O,1995-12-06,1996-01-07,1995-12-14,DELIVER IN PERSON,SHIP,oss the carefully ironic ac
774-2,774,161,14,2,3.00,3183.48,0.10,0.06,N,O,1996-02-13,1996-01-14,1996-03-04,COLLECT COD,FOB,"n, unusual packages hinder c"
774-3,774,1479,97,3,34.00,46935.98,0.02,0.07,N,O,1996-03-16,1996-01-03,1996-03-22,COLLECT COD,FOB,s. express pinto beans hinder quickly
774-4,774,150,51,4,8.00,8401.20,0.00,0.02,N,O,1996-01-24,1996-01-15,1996-02-13,COLLECT COD,RAIL,ial courts wake carefu
774-5,774,1762,89,5,44.00,73205.44,0.09,0.07,N,O,1996-02-29,1996-01-16,1996-03-06,NONE,REG AIR,nag always about the blithely special
774-6,774,1199,100,6,2.00,2200.38,0.07,0.03,N,O,1995-12-11,1996-02-10,1995-12-14,TAKE BACK RETURN,SHIP,special pains haggle bl
775-1,775,317,74,1,16.00,19476.96,0.10,0.06,N,F,1995-05-23,1995-05-07,1995-06-19,NONE,TRUCK, final multiplie
775-2,775,1733,60,2,21.00,34329.33,0.01,0.06,R,F,1995-05-01,1995-06-02,1995-05-13,DELIVER IN PERSON,FOB,ld instructio
775-3,775,1071,77,3,20.00,19441.40,0.01,0.08,N,F,1995-06-17,1995-05-22,1995-07-13,COLLECT COD,AIR,s. blithely ironic excuses 
800-1,800,719,84,1,38.00,61548.98,0.00,0.05,N,O,1998-07-21,1998-09-25,1998-08-07,TAKE BACK RETURN,TRUCK,lites wake along the furiously ironic hock
800-2,800,843,77,2,21.00,36620.64,0.04,0.05,N,O,1998-07-23,1998-10-01,1998-08-20,TAKE BACK RETURN,RAIL,cuses. deposits affix furiously. furious
800-3,800,1751,36,3,26.00,42971.50,0.01,0.02,N,O,1998-07-23,1998-10-08,1998-07-25,DELIVER IN PERSON,FOB,ly pending accounts. quiet
801-1,801,52,28,1,13.00,12376.65,0.10,0.02,R,F,1992-04-25,1992-04-24,1992-05-16,COLLECT COD,RAIL,ar packages nag furiously. regul
801-2,801,947,16,2,21.00,38806.74,0.05,0.02,A,F,1992-03-14,1992-04-01,1992-04-05,COLLECT COD,AIR,re slyly across the pinto beans. regula
801-3,801,27,28,3,21.00,19467.42,0.05,0.03,A,F,1992-04-25,1992-03-20,1992-05-04,COLLECT COD,REG AIR,nst the blithely regula
801-4,801,1636,60,4,12.00,18451.56,0.08,0.04,A,F,1992-06-06,1992-04-14,1992-06-12,TAKE BACK RETURN,RAIL,nag. platelets ac
801-5,801,732,29,5,45.00,73472.85,0.01,0.06,R,F,1992-03-22,1992-03-22,1992-03-25,COLLECT COD,REG AIR,counts. platelet
801-6,801,1219,57,6,10.00,11202.10,0.08,0.01,A,F,1992-06-05,1992-05-15,1992-06-21,DELIVER IN PERSON,MAIL,pecial dolphins sleep at the blithely unu
801-7,801,257,12,7,11.00,12729.75,0.01,0.03,A,F,1992-05-09,1992-04-19,1992-05-15,DELIVER IN PERSON,REG AIR, accounts sleep furiously aro
802-1,802,1426,5,1,40.00,53096.80,0.08,0.08,A,F,1995-01-07,1995-04-03,1995-01-23,DELIVER IN PERSON,RAIL,ide the iron
802-2,802,1328,29,2,34.00,41796.88,0.08,0.06,A,F,1995-03-01,1995-03-15,1995-03-12,COLLECT COD,AIR, slyly regular foxes. slowly ironic p
802-3,802,1310,11,3,44.00,53297.64,0.07,0.04,R,F,1995-01-09,1995-02-04,1995-01-18,TAKE BACK RETURN,SHIP,oldly final theodolites. sl
802-4,802,1566,47,4,18.00,26416.08,0.09,0.02,R,F,1995-03-06,1995-02-07,1995-03-19,TAKE BACK RETURN,RAIL, dependencies impress furiously silent foxe
802-5,802,1318,19,5,19.00,23166.89,0.08,0.06,A,F,1995-04-01,1995-02-20,1995-04-23,DELIVER IN PERSON,REG AIR,s cajole fur
803-1,803,535,96,1,8.00,11484.24,0.07,0.01,N,O,1997-08-04,1997-06-19,1997-08-12,NONE,SHIP,er the final
803-2,803,988,89,2,21.00,39668.58,0.08,0.06,N,O,1997-08-25,1997-06-30,1997-09-10,TAKE BACK RETURN,AIR, dolphins boost furiously. silen
804-1,804,1253,54,1,30.00,34627.50,0.08,0.04,A,F,1993-03-29,1993-05-07,1993-04-14,COLLECT COD,REG AIR,eep slyly. carefully ironic d
804-2,804,1984,17,2,2.00,3771.96,0.02,0.00,A,F,1993-06-23,1993-04-30,1993-06-25,NONE,TRUCK,"ular, regular"
804-3,804,756,21,3,44.00,72897.00,0.04,0.05,R,F,1993-07-06,1993-04-13,1993-07-28,DELIVER IN PERSON,TRUCK,ests above the fluffily fin
804-4,804,376,33,4,21.00,26803.77,0.01,0.00,A,F,1993-04-12,1993-06-06,1993-04-20,DELIVER IN PERSON,RAIL,special dolphins sleep slyly. slyly speci
805-1,805,1979,24,1,25.00,47024.25,0.07,0.06,N,O,1995-08-05,1995-09-30,1995-08-06,NONE,AIR,cajole slowly fluffily regular requests. fu
805-2,805,567,98,2,29.00,42559.24,0.07,0.01,N,O,1995-08-24,1995-08-15,1995-09-16,TAKE BACK RETURN,AIR,p slyly deposits. bold packages 
805-3,805,465,66,3,12.00,16385.52,0.01,0.06,N,O,1995-07-13,1995-09-27,1995-08-02,TAKE BACK RETURN,REG AIR,bold requests. perman
805-4,805,754,87,4,26.00,43023.50,0.08,0.07,N,O,1995-08-28,1995-09-24,1995-09-11,TAKE BACK RETURN,RAIL,e special deposits. carefully f
806-1,806,1048,54,1,1.00,949.04,0.04,0.07,N,O,1996-07-14,1996-09-12,1996-07-25,COLLECT COD,RAIL,y silent requests are slyly tithes. f
806-2,806,1598,79,2,22.00,32990.98,0.08,0.02,N,O,1996-10-03,1996-08-11,1996-10-20,DELIVER IN PERSON,REG AIR,ly final real
806-3,806,904,39,3,4.00,7219.60,0.04,0.03,N,O,1996-08-09,1996-09-18,1996-08-13,COLLECT COD,TRUCK,e. regular packages must sl
807-1,807,1166,75,1,49.00,52290.84,0.00,0.00,R,F,1993-12-05,1994-01-13,1993-12-25,COLLECT COD,REG AIR,uickly among the bold requests
807-2,807,1549,30,2,49.00,71076.46,0.01,0.06,A,F,1994-01-17,1994-01-24,1994-01-22,COLLECT COD,TRUCK,r theodolites. ironic dino
807-3,807,1803,33,3,48.00,81830.40,0.07,0.07,A,F,1994-01-08,1994-02-02,1994-01-15,DELIVER IN PERSON,SHIP,d furiously afte
807-4,807,793,94,4,10.00,16937.90,0.09,0.00,R,F,1994-01-19,1994-02-12,1994-01-28,NONE,TRUCK,ding theodolites integrate sly
807-5,807,1425,4,5,30.00,39792.60,0.02,0.01,R,F,1994-01-19,1994-01-09,1994-01-27,NONE,RAIL,of the blit
807-6,807,117,96,6,11.00,11188.21,0.02,0.04,R,F,1994-03-25,1994-01-26,1994-04-14,NONE,FOB,"patterns. pending, express re"
807-7,807,2,53,7,19.00,17138.00,0.08,0.05,A,F,1994-02-10,1994-02-20,1994-03-06,NONE,SHIP,e pending theodolites do affix fu
832-1,832,1030,66,1,45.00,41896.35,0.01,0.02,A,F,1992-05-08,1992-06-06,1992-06-04,COLLECT COD,MAIL,refully pending account
832-2,832,475,34,2,24.00,33011.28,0.05,0.06,A,F,1992-06-15,1992-07-14,1992-06-17,NONE,TRUCK,fter the pending pint
833-1,833,536,37,1,1.00,1436.53,0.04,0.04,R,F,1994-04-26,1994-04-05,1994-04-29,COLLECT COD,MAIL,ily above the quietly re
833-2,833,1119,56,2,38.00,38764.18,0.05,0.05,A,F,1994-04-05,1994-04-21,1994-05-01,COLLECT COD,TRUCK,posits. fluffily special ideas
833-3,833,1612,36,3,9.00,13622.49,0.05,0.07,A,F,1994-02-28,1994-04-26,1994-03-20,TAKE BACK RETURN,FOB,refully express packages wake after the qu
834-1,834,1442,82,1,36.00,48363.84,0.06,0.04,R,F,1994-06-28,1994-07-25,1994-07-07,TAKE BACK RETURN,SHIP,ously alongside of the requests. sl
834-2,834,70,21,2,11.00,10670.77,0.03,0.00,A,F,1994-09-18,1994-08-03,1994-10-02,DELIVER IN PERSON,TRUCK,fully final pearls use
835-1,835,1065,36,1,33.00,31879.98,0.09,0.06,N,O,1995-11-01,1995-12-02,1995-11-24,DELIVER IN PERSON,RAIL,"al, even accounts cajole carefully above "
835-2,835,1846,33,2,28.00,48939.52,0.02,0.02,N,O,1995-12-27,1995-12-11,1996-01-21,NONE,SHIP,ts along the finally ironic a
836-1,836,1880,10,1,6.00,10691.28,0.09,0.03,N,O,1996-12-09,1997-01-31,1996-12-29,COLLECT COD,TRUCK,are carefully. thinly express packages sno
836-2,836,836,36,2,18.00,31262.94,0.03,0.05,N,O,1997-02-27,1997-02-11,1997-03-22,NONE,REG AIR,platelets along the bravely
836-3,836,1407,47,3,46.00,60186.40,0.05,0.07,N,O,1997-03-21,1997-02-06,1997-04-05,NONE,REG AIR, final requests detect carefully. express
837-1,837,566,97,1,39.00,57195.84,0.03,0.08,A,F,1994-07-22,1994-08-10,1994-08-11,NONE,RAIL,fully regular p
837-2,837,874,74,2,24.00,42596.88,0.08,0.00,R,F,1994-06-27,1994-09-02,1994-07-27,DELIVER IN PERSON,FOB, unusual accounts wake slyly dogged package
838-1,838,1338,77,1,20.00,24786.60,0.10,0.07,N,O,1998-04-11,1998-03-25,1998-04-19,COLLECT COD,TRUCK,ffily ironic pinto beans wake slyly
838-2,838,283,84,2,27.00,31948.56,0.05,0.07,N,O,1998-02-15,1998-04-03,1998-02-20,DELIVER IN PERSON,SHIP,old packages haggle slyly about the
838-3,838,948,83,3,23.00,42525.62,0.10,0.07,N,O,1998-03-26,1998-04-17,1998-04-02,COLLECT COD,AIR,": final, bold requests sleep. regular as"
838-4,838,432,33,4,18.00,23983.74,0.09,0.00,N,O,1998-03-28,1998-04-06,1998-03-31,TAKE BACK RETURN,AIR,yly across the bold accou
839-1,839,1571,92,1,23.00,33869.11,0.07,0.02,N,O,1995-10-17,1995-11-03,1995-11-04,COLLECT COD,AIR,e slyly regular foxes.
839-2,839,1884,85,2,47.00,83936.36,0.08,0.00,N,O,1995-10-17,1995-11-06,1995-11-10,NONE,AIR,ously bold packages wake. si
864-1,864,1297,35,1,34.00,40741.86,0.03,0.04,N,O,1997-12-16,1997-10-23,1998-01-12,TAKE BACK RETURN,SHIP,y regular dependencies boost q
864-2,864,980,49,2,7.00,13166.86,0.01,0.02,N,O,1997-11-13,1997-10-07,1997-12-13,TAKE BACK RETURN,MAIL,uests wake fluffily express foxe
864-3,864,794,27,3,34.00,57622.86,0.03,0.00,N,O,1997-09-14,1997-11-04,1997-09-21,TAKE BACK RETURN,REG AIR,ts impress. fluffily regular deposi
865-1,865,1973,18,1,16.00,29999.52,0.07,0.03,R,F,1993-08-24,1993-06-26,1993-08-28,TAKE BACK RETURN,TRUCK, regular packages? blithely final th
865-2,865,192,45,2,3.00,3276.57,0.02,0.05,A,F,1993-07-17,1993-07-14,1993-08-01,NONE,MAIL,y pending platele
865-3,865,861,28,3,15.00,26427.90,0.00,0.06,R,F,1993-07-05,1993-06-25,1993-07-26,NONE,SHIP,es. thinly ironic mult
865-4,865,1684,8,4,34.00,53913.12,0.09,0.06,A,F,1993-05-09,1993-07-28,1993-05-18,DELIVER IN PERSON,REG AIR,es sleep quickly blithely regular 
866-1,866,1358,59,1,5.00,6296.75,0.08,0.00,R,F,1993-01-22,1993-01-14,1993-02-07,TAKE BACK RETURN,AIR, at the pinto beans. slyly ex
867-1,867,1388,89,1,7.00,9025.66,0.04,0.07,A,F,1994-02-19,1993-12-25,1994-02-25,DELIVER IN PERSON,TRUCK,y. carefully regular pinto beans accordi
868-1,868,1680,81,1,8.00,12653.44,0.06,0.03,R,F,1992-10-07,1992-08-01,1992-10-16,NONE,MAIL,"fully among the unusual, regular "
868-2,868,287,42,2,13.00,15434.64,0.05,0.07,R,F,1992-07-25,1992-08-26,1992-08-04,NONE,AIR,al pinto beans
868-3,868,675,38,3,19.00,29937.73,0.09,0.06,R,F,1992-06-22,1992-08-27,1992-07-04,COLLECT COD,SHIP, sleep furiously regular foxes.
868-4,868,1211,86,4,43.00,47825.03,0.02,0.04,A,F,1992-07-02,1992-07-22,1992-07-21,COLLECT COD,SHIP, excuses haggle. carefully e
868-5,868,245,27,5,27.00,30921.48,0.04,0.01,R,F,1992-08-01,1992-08-25,1992-08-12,TAKE BACK RETURN,RAIL, enticing instructions. special
868-6,868,1243,44,6,19.00,21740.56,0.02,0.05,R,F,1992-09-20,1992-07-18,1992-10-04,NONE,FOB,"around the dogged, regular fo"
869-1,869,623,55,1,27.00,41137.74,0.07,0.07,N,O,1997-01-30,1997-02-17,1997-02-26,TAKE BACK RETURN,TRUCK,sly ironic pinto beans. ironic ideas cajo
869-2,869,461,91,2,36.00,49012.56,0.04,0.01,N,O,1997-05-03,1997-03-17,1997-05-24,NONE,RAIL,c packages sleep fluffily accord
870-1,870,492,80,1,36.00,50129.64,0.04,0.07,A,F,1993-10-18,1993-09-16,1993-11-15,COLLECT COD,MAIL,se carefully fluffily even requests
870-2,870,1859,60,2,5.00,8804.25,0.06,0.05,A,F,1993-08-13,1993-09-11,1993-08-24,COLLECT COD,FOB,ickly even multipliers
871-1,871,964,65,1,48.00,89518.08,0.10,0.03,N,O,1996-02-25,1996-02-09,1996-03-18,NONE,AIR,impress. slyly even attainments sl
871-2,871,546,7,2,47.00,67987.38,0.07,0.03,N,O,1995-12-25,1996-02-01,1996-01-24,TAKE BACK RETURN,RAIL,lar asymptote
871-3,871,1080,86,3,13.00,12754.04,0.09,0.01,N,O,1996-01-25,1996-01-24,1996-02-03,NONE,REG AIR,ly quiet depen
871-4,871,1900,1,4,29.00,52255.10,0.06,0.07,N,O,1995-11-16,1996-01-27,1995-12-16,DELIVER IN PERSON,RAIL,fluffily. regul
871-5,871,1275,50,5,8.00,9410.16,0.00,0.01,N,O,1995-11-25,1996-01-12,1995-12-12,DELIVER IN PERSON,AIR,"ly special, bold instruction"
871-6,871,1425,43,6,26.00,34486.92,0.00,0.06,N,O,1996-02-07,1996-01-05,1996-02-25,COLLECT COD,AIR,platelets sleep blithely pendin
871-7,871,1734,19,7,4.00,6542.92,0.00,0.07,N,O,1996-03-09,1996-01-20,1996-03-26,COLLECT COD,FOB,efully regular asymptotes
896-1,896,387,88,1,47.00,60506.86,0.07,0.08,R,F,1993-05-28,1993-05-15,1993-06-15,DELIVER IN PERSON,TRUCK,nst the furiously unusual accoun
896-2,896,1977,10,2,10.00,18789.70,0.03,0.07,A,F,1993-07-07,1993-06-03,1993-07-24,COLLECT COD,SHIP,ckages along the carefully regular packag
896-3,896,20,96,3,7.00,6440.14,0.09,0.02,A,F,1993-05-02,1993-05-24,1993-05-31,DELIVER IN PERSON,MAIL, ironic de
896-4,896,1517,18,4,11.00,15603.61,0.08,0.04,A,F,1993-05-19,1993-05-22,1993-06-08,COLLECT COD,MAIL,totes according to th
896-5,896,1875,5,5,34.00,60413.58,0.00,0.05,R,F,1993-05-21,1993-06-01,1993-05-23,NONE,TRUCK,ld accounts wake furiousl
896-6,896,1769,54,6,44.00,73513.44,0.09,0.08,R,F,1993-05-19,1993-04-14,1993-06-02,DELIVER IN PERSON,FOB,posits. fluffily regular accounts abo
896-7,896,1089,25,7,11.00,10890.88,0.01,0.07,A,F,1993-05-01,1993-04-09,1993-05-06,TAKE BACK RETURN,FOB,uests. quickly special asym
897-1,897,905,74,1,15.00,27088.50,0.07,0.04,R,F,1995-05-25,1995-05-09,1995-06-07,COLLECT COD,REG AIR,was final excuses. 
897-2,897,1832,62,2,26.00,45079.58,0.05,0.08,N,O,1995-07-01,1995-06-10,1995-07-14,COLLECT COD,MAIL,"ronic, even dependencies. furiously "
897-3,897,1258,96,3,13.00,15070.25,0.07,0.00,A,F,1995-03-30,1995-05-17,1995-04-21,TAKE BACK RETURN,MAIL, beans print slyly. slyly silent she
897-4,897,1012,83,4,2.00,1826.02,0.08,0.08,R,F,1995-05-22,1995-05-07,1995-06-16,COLLECT COD,RAIL, fluffy excuses are according
898-1,898,1602,3,1,9.00,13532.40,0.07,0.08,A,F,1993-07-04,1993-07-09,1993-07-25,NONE,AIR,"quests. silent, even depo"
898-2,898,1786,13,2,37.00,62447.86,0.03,0.05,A,F,1993-08-17,1993-08-04,1993-09-01,DELIVER IN PERSON,REG AIR,ages. requests kindle fu
898-3,898,483,71,3,11.00,15218.28,0.01,0.00,A,F,1993-09-13,1993-08-31,1993-09-25,TAKE BACK RETURN,MAIL,ual packages. unusu
898-4,898,1922,11,4,36.00,65661.12,0.04,0.07,R,F,1993-08-04,1993-07-25,1993-08-23,DELIVER IN PERSON,REG AIR,y ironic requests hag
899-1,899,601,33,1,18.00,27028.80,0.04,0.05,N,O,1998-08-06,1998-05-09,1998-09-05,DELIVER IN PERSON,AIR,nic requests. blithely special ac
899-2,899,461,91,2,25.00,34036.50,0.00,0.07,N,O,1998-07-21,1998-05-12,1998-08-16,NONE,REG AIR,regular pinto beans are blithely unusua
899-3,899,850,50,3,4.00,7003.40,0.09,0.05,N,O,1998-06-02,1998-06-28,1998-06-14,TAKE BACK RETURN,REG AIR, doggedly ironic accounts. quickly regular 
899-4,899,1798,83,4,14.00,23797.06,0.05,0.03,N,O,1998-05-21,1998-05-28,1998-06-03,TAKE BACK RETURN,FOB,"es. bold, even package"
899-5,899,708,73,5,4.00,6434.80,0.06,0.02,N,O,1998-04-11,1998-05-14,1998-04-27,NONE,TRUCK, packages integrate fluffily across th
899-6,899,1191,28,6,47.00,51332.93,0.00,0.04,N,O,1998-04-14,1998-05-30,1998-05-13,DELIVER IN PERSON,TRUCK,ests nag blithely. fluffily unusu
899-7,899,135,88,7,11.00,11386.43,0.02,0.08,N,O,1998-06-03,1998-06-15,1998-06-20,COLLECT COD,REG AIR,ess realms w
900-1,900,1986,31,1,44.00,83071.12,0.01,0.06,R,F,1994-12-15,1994-12-03,1994-12-27,COLLECT COD,MAIL, haggle caref
900-2,900,1147,48,2,48.00,50310.72,0.08,0.04,A,F,1994-12-22,1994-11-08,1995-01-19,COLLECT COD,TRUCK,counts. carefully unu
900-3,900,742,43,3,24.00,39425.76,0.03,0.00,R,F,1994-10-21,1994-12-25,1994-10-22,TAKE BACK RETURN,SHIP,accounts alongsid
901-1,901,212,40,1,36.00,40039.56,0.01,0.01,N,O,1998-08-11,1998-10-09,1998-08-27,DELIVER IN PERSON,REG AIR, fluffily pending a
901-2,901,453,54,2,2.00,2706.90,0.09,0.02,N,O,1998-10-25,1998-09-27,1998-11-01,DELIVER IN PERSON,AIR,ly express multip
901-3,901,427,57,3,37.00,49114.54,0.04,0.08,N,O,1998-11-01,1998-09-13,1998-11-05,NONE,AIR, eat slyly pending th
901-4,901,178,79,4,11.00,11859.87,0.00,0.06,N,O,1998-11-13,1998-10-19,1998-11-14,TAKE BACK RETURN,TRUCK,ilent tithes ought to boost. 
902-1,902,1106,7,1,3.00,3021.30,0.06,0.00,R,F,1994-10-01,1994-10-25,1994-10-28,COLLECT COD,MAIL,otes sleep. final foxes about the fluffi
902-2,902,1173,10,2,8.00,8593.36,0.06,0.07,R,F,1994-10-25,1994-09-20,1994-11-07,COLLECT COD,RAIL,asymptotes
902-3,902,1649,32,3,24.00,37215.36,0.02,0.05,R,F,1994-11-08,1994-10-12,1994-11-26,NONE,FOB," the ironic, regular requests. quickly eve"
903-1,903,644,38,1,27.00,41705.28,0.04,0.03,N,O,1995-09-18,1995-09-20,1995-10-02,TAKE BACK RETURN,SHIP,requests grow along the quic
903-2,903,89,15,2,35.00,34617.80,0.06,0.05,N,O,1995-09-18,1995-08-21,1995-10-12,TAKE BACK RETURN,TRUCK,slyly silent 
903-3,903,83,9,3,33.00,32441.64,0.02,0.03,N,O,1995-09-24,1995-09-01,1995-10-12,COLLECT COD,MAIL,lar theodolites except the carefu
903-4,903,555,16,4,9.00,13099.95,0.09,0.00,N,O,1995-10-06,1995-09-14,1995-10-24,NONE,TRUCK,ly final id
903-5,903,411,12,5,1.00,1311.41,0.04,0.00,N,O,1995-10-22,1995-09-13,1995-11-03,NONE,AIR,g instructions. special dependencies
903-6,903,1671,72,6,13.00,20444.71,0.07,0.02,N,O,1995-09-11,1995-10-04,1995-10-03,COLLECT COD,SHIP,packages about the ir
928-1,928,1682,83,1,29.00,45926.72,0.07,0.02,R,F,1995-05-17,1995-05-12,1995-05-21,NONE,REG AIR,efully unusual accoun
928-2,928,478,66,2,24.00,33083.28,0.05,0.08,A,F,1995-04-06,1995-05-08,1995-04-24,DELIVER IN PERSON,AIR,"ages. close, special accounts detec"
928-3,928,1518,59,3,46.00,65297.46,0.08,0.00,A,F,1995-05-09,1995-04-09,1995-06-01,DELIVER IN PERSON,REG AIR,ckages nag slyly. blithely bold accou
928-4,928,514,5,4,43.00,60823.93,0.10,0.05,A,F,1995-04-14,1995-04-21,1995-05-09,NONE,REG AIR,ong the quickly quick accounts integrate f
928-5,928,118,19,5,38.00,38688.18,0.02,0.08,N,F,1995-06-08,1995-04-15,1995-06-30,TAKE BACK RETURN,SHIP,refully abou
928-6,928,541,42,6,50.00,72077.00,0.05,0.00,N,F,1995-06-07,1995-04-15,1995-07-01,DELIVER IN PERSON,TRUCK,ly after the slyly pending p
928-7,928,104,31,7,11.00,11045.10,0.00,0.01,A,F,1995-04-29,1995-04-16,1995-04-30,NONE,AIR,y bold depo
929-1,929,1287,62,1,45.00,53472.60,0.09,0.01,R,F,1993-01-24,1992-12-06,1993-02-16,DELIVER IN PERSON,REG AIR, silent asymptotes
929-2,929,1743,86,2,44.00,72368.56,0.02,0.00,A,F,1992-10-09,1992-11-20,1992-10-22,DELIVER IN PERSON,SHIP, to the slyly express courts. car
929-3,929,731,32,3,14.00,22844.22,0.06,0.07,A,F,1992-10-21,1992-11-17,1992-11-15,NONE,FOB, bold pint
929-4,929,1017,53,4,7.00,6426.07,0.06,0.01,A,F,1992-12-24,1992-12-19,1993-01-08,TAKE BACK RETURN,TRUCK,carefully. furi
930-1,930,449,37,1,36.00,48579.84,0.10,0.04,R,F,1994-12-21,1995-02-20,1994-12-24,COLLECT COD,RAIL,"e ironic, bold ideas! blithely "
930-2,930,173,52,2,47.00,50438.99,0.08,0.00,A,F,1995-03-20,1995-02-04,1995-04-04,DELIVER IN PERSON,AIR,l notornis. furious
930-3,930,643,37,3,10.00,15436.40,0.07,0.08,A,F,1994-12-18,1995-01-27,1995-01-16,COLLECT COD,AIR,"olites. regular, bold depths about the care"
930-4,930,997,32,4,21.00,39857.79,0.06,0.02,A,F,1995-02-16,1995-03-03,1995-03-13,DELIVER IN PERSON,SHIP, packages according to the quickly bold 
930-5,930,1633,57,5,50.00,76731.50,0.03,0.06,A,F,1995-04-03,1995-01-29,1995-04-22,COLLECT COD,MAIL,ts shall have to sleep. blithely even ideas
930-6,930,1446,64,6,10.00,13474.40,0.00,0.04,A,F,1995-02-09,1995-02-17,1995-02-16,NONE,SHIP,"ts. unusual, ev"
930-7,930,1662,45,7,30.00,46909.80,0.07,0.08,R,F,1995-01-20,1995-02-28,1995-02-04,TAKE BACK RETURN,RAIL,lar packages against the ironic depos
931-1,931,398,99,1,18.00,23371.02,0.00,0.05,A,F,1993-04-04,1993-01-11,1993-04-13,NONE,RAIL,riously ironic 
931-2,931,168,47,2,10.00,10681.60,0.05,0.07,A,F,1993-03-01,1993-01-09,1993-03-07,TAKE BACK RETURN,SHIP, pending packages. dolph
931-3,931,1461,79,3,48.00,65398.08,0.01,0.08,A,F,1993-02-03,1993-03-02,1993-02-09,TAKE BACK RETURN,FOB,lar accounts wake besides t
931-4,931,814,81,4,38.00,65162.78,0.08,0.08,A,F,1993-03-06,1993-02-24,1993-03-27,DELIVER IN PERSON,RAIL,egular foxes against the slyly final pi
932-1,932,438,68,1,41.00,54875.63,0.01,0.05,N,O,1997-06-05,1997-07-22,1997-06-26,COLLECT COD,RAIL,ss the dependenc
933-1,933,483,71,1,23.00,31820.04,0.02,0.04,R,F,1992-08-13,1992-09-18,1992-08-25,DELIVER IN PERSON,MAIL, wake pending packages. fluffi
933-2,933,122,23,2,27.00,27597.24,0.02,0.01,R,F,1992-10-03,1992-10-02,1992-10-26,DELIVER IN PERSON,RAIL,thely daring 
933-3,933,992,27,3,26.00,49217.74,0.05,0.00,A,F,1992-11-09,1992-11-03,1992-11-16,DELIVER IN PERSON,AIR,he silently special deposits. bus
934-1,934,1179,52,1,18.00,19443.06,0.07,0.01,N,O,1996-09-10,1996-09-20,1996-09-25,COLLECT COD,RAIL,s cajole carefully. regular court
935-1,935,275,3,1,23.00,27031.21,0.05,0.00,N,O,1997-11-11,1997-11-22,1997-11-29,COLLECT COD,REG AIR,to the furiously ex
935-2,935,646,40,2,23.00,35572.72,0.02,0.01,N,O,1998-01-11,1997-11-25,1998-02-05,COLLECT COD,TRUCK,the final excuses use fluffily pe
935-3,935,1341,80,3,36.00,44724.24,0.06,0.00,N,O,1997-11-05,1997-12-05,1997-11-25,TAKE BACK RETURN,AIR,ounts among the id
935-4,935,572,33,4,13.00,19143.41,0.08,0.04,N,O,1998-01-13,1997-11-30,1998-02-08,DELIVER IN PERSON,TRUCK,y. ironic d
935-5,935,122,49,5,8.00,8176.96,0.02,0.05,N,O,1998-01-12,1997-11-02,1998-02-05,NONE,TRUCK,ly against the final orbit
935-6,935,583,74,6,1.00,1483.58,0.01,0.08,N,O,1997-12-14,1997-11-22,1998-01-08,DELIVER IN PERSON,TRUCK,ar warthogs. platelets ma
960-1,960,1070,6,1,1.00,971.07,0.07,0.00,A,F,1994-12-24,1994-10-26,1995-01-20,DELIVER IN PERSON,AIR,aggle furiously. furiously regul
960-2,960,1163,72,2,25.00,26604.00,0.06,0.08,R,F,1994-12-01,1994-10-29,1994-12-27,DELIVER IN PERSON,RAIL,ual platelets after the final 
960-3,960,1748,75,3,32.00,52791.68,0.01,0.08,R,F,1995-01-19,1994-12-17,1995-02-04,DELIVER IN PERSON,FOB,"nic, ironic accounts integ"
961-1,961,1180,53,1,7.00,7568.26,0.10,0.00,N,O,1995-07-23,1995-07-20,1995-08-11,TAKE BACK RETURN,RAIL,"nic courts. regular, final theodolites a"
961-2,961,905,6,2,18.00,32506.20,0.09,0.05,N,O,1995-07-01,1995-08-14,1995-07-04,DELIVER IN PERSON,AIR,ironic ideas. furiously pe
961-3,961,970,71,3,42.00,78580.74,0.06,0.01,N,O,1995-08-24,1995-08-21,1995-09-10,TAKE BACK RETURN,SHIP,"s, bold packages thrash blithely amon"
961-4,961,335,64,4,29.00,35824.57,0.00,0.07,N,F,1995-06-10,1995-08-20,1995-06-26,TAKE BACK RETURN,TRUCK,unusual warthogs wake carefully. ev
961-5,961,253,54,5,38.00,43823.50,0.03,0.05,N,O,1995-08-21,1995-07-19,1995-08-27,NONE,RAIL,usly fluffily regular accounts. slyly 
961-6,961,1970,71,6,30.00,56159.10,0.09,0.03,N,O,1995-07-06,1995-07-20,1995-07-26,DELIVER IN PERSON,MAIL,ously. pending
962-1,962,566,67,1,36.00,52796.16,0.01,0.03,R,F,1994-08-09,1994-07-10,1994-09-02,COLLECT COD,TRUCK,avely regular 
962-2,962,353,82,2,27.00,33840.45,0.09,0.02,A,F,1994-05-11,1994-07-10,1994-06-03,TAKE BACK RETURN,SHIP,nstructions haggle blithely after
962-3,962,797,98,3,3.00,5093.37,0.07,0.08,A,F,1994-05-08,1994-07-06,1994-06-02,DELIVER IN PERSON,FOB,accounts. carefully c
962-4,962,564,95,4,20.00,29291.20,0.04,0.02,R,F,1994-08-26,1994-06-27,1994-09-11,DELIVER IN PERSON,SHIP,ely regular packages cajole against 
962-5,962,1520,1,5,12.00,17058.24,0.02,0.00,A,F,1994-06-09,1994-06-07,1994-06-11,COLLECT COD,TRUCK,he furiously regular pinto beans-- always 
962-6,962,1874,61,6,5.00,8879.35,0.02,0.05,A,F,1994-08-29,1994-07-15,1994-09-19,COLLECT COD,TRUCK, cajole carefully express ideas. bus
963-1,963,1932,65,1,7.00,12837.51,0.01,0.00,R,F,1994-09-12,1994-07-18,1994-09-17,DELIVER IN PERSON,REG AIR,nding accounts use ag
963-2,963,975,10,2,48.00,90046.56,0.10,0.06,R,F,1994-08-25,1994-08-12,1994-09-21,DELIVER IN PERSON,RAIL,ithely even foxes. ironic instructions b
964-1,964,1990,91,1,39.00,73787.61,0.04,0.01,N,O,1995-06-21,1995-07-24,1995-06-24,NONE,AIR,"its. final, furious packages use blithel"
964-2,964,1123,24,2,1.00,1024.12,0.02,0.05,N,O,1995-08-20,1995-07-29,1995-09-10,DELIVER IN PERSON,REG AIR,e blithely. carefully express 
964-3,964,568,99,3,49.00,71959.44,0.01,0.03,N,O,1995-09-06,1995-08-10,1995-10-05,NONE,MAIL,latelets. furiously express de
964-4,964,546,77,4,44.00,63647.76,0.05,0.02,N,O,1995-09-18,1995-08-02,1995-10-17,TAKE BACK RETURN,TRUCK,ording to the
965-1,965,1073,9,1,20.00,19481.40,0.04,0.05,N,F,1995-06-16,1995-07-20,1995-07-06,COLLECT COD,MAIL,c theodolites affix. final 
965-2,965,171,24,2,23.00,24636.91,0.06,0.08,N,O,1995-07-12,1995-07-08,1995-08-11,COLLECT COD,MAIL,to beans was about the blithe
966-1,966,1794,21,1,19.00,32220.01,0.07,0.01,N,O,1998-05-26,1998-07-15,1998-05-29,COLLECT COD,FOB,ing excuses haggle furiously at th
966-2,966,1166,39,2,42.00,44820.72,0.02,0.06,N,O,1998-06-28,1998-06-20,1998-07-05,NONE,TRUCK,. carefully pending ideas
966-3,966,213,68,3,42.00,46754.82,0.06,0.08,N,O,1998-06-15,1998-06-08,1998-07-05,NONE,RAIL,packages engage carefully 
966-4,966,42,18,4,20.00,18840.80,0.04,0.01,N,O,1998-07-19,1998-07-15,1998-07-27,NONE,TRUCK,nts cajole
967-1,967,590,51,1,41.00,61114.19,0.05,0.05,R,F,1992-09-21,1992-08-15,1992-10-21,NONE,MAIL,efully even excuses at the ac
967-2,967,845,45,2,4.00,6983.36,0.01,0.02,A,F,1992-07-15,1992-07-27,1992-07-18,DELIVER IN PERSON,REG AIR,blithely across the furiously e
967-3,967,1316,55,3,10.00,12173.10,0.00,0.02,A,F,1992-09-18,1992-08-06,1992-09-19,DELIVER IN PERSON,MAIL,y special instructions: fluffily iro
967-4,967,1477,95,4,49.00,67545.03,0.01,0.04,A,F,1992-09-28,1992-09-15,1992-10-14,NONE,SHIP,ag blithely packages. unusual packag
967-5,967,169,96,5,41.00,43835.56,0.08,0.04,A,F,1992-07-23,1992-08-07,1992-08-13,TAKE BACK RETURN,FOB,e carefully final 
967-6,967,1054,90,6,17.00,16235.85,0.05,0.06,A,F,1992-10-02,1992-08-19,1992-10-25,NONE,MAIL,t along the slyly 
967-7,967,1609,92,7,18.00,27190.80,0.00,0.02,A,F,1992-10-06,1992-08-05,1992-10-15,DELIVER IN PERSON,RAIL,tes wake pe
992-1,992,600,91,1,14.00,21008.40,0.10,0.03,N,O,1998-01-29,1997-12-29,1998-02-18,TAKE BACK RETURN,MAIL,cies. pending deposits haggle carefully; q
992-2,992,380,81,2,34.00,43532.92,0.02,0.00,N,O,1997-11-29,1998-01-21,1997-11-30,NONE,RAIL,s. furiously ironic accounts use careful
992-3,992,1048,49,3,30.00,28471.20,0.10,0.00,N,O,1997-12-15,1998-02-02,1998-01-12,NONE,SHIP,instructions; even
992-4,992,473,3,4,21.00,28842.87,0.06,0.06,N,O,1997-11-13,1997-12-28,1997-12-10,NONE,TRUCK,ronic requests haggle slyly b
992-5,992,911,46,5,7.00,12683.37,0.09,0.05,N,O,1997-11-30,1997-12-24,1997-12-16,DELIVER IN PERSON,TRUCK,refully special platelets haggl
992-6,992,742,39,6,41.00,67352.34,0.10,0.01,N,O,1997-11-14,1998-02-04,1997-11-23,TAKE BACK RETURN,AIR,thely even requests. furiously final 
993-1,993,1745,88,1,33.00,54342.42,0.01,0.05,N,O,1996-01-03,1995-11-28,1996-01-23,DELIVER IN PERSON,AIR,"e ironic, bold accounts. b"
993-2,993,22,48,2,28.00,25816.56,0.06,0.08,N,O,1995-10-24,1995-11-20,1995-11-06,DELIVER IN PERSON,RAIL,usly fluffily ironic a
993-3,993,400,57,3,10.00,13004.00,0.03,0.08,N,O,1995-12-17,1995-11-13,1995-12-20,NONE,RAIL,ording to the f
993-4,993,1908,97,4,40.00,72396.00,0.01,0.01,N,O,1995-11-16,1995-11-01,1995-12-05,TAKE BACK RETURN,RAIL,lithe packages. slyly ir
993-5,993,1455,56,5,33.00,44762.85,0.09,0.08,N,O,1995-09-28,1995-10-24,1995-10-03,COLLECT COD,RAIL," foxes sleep furiously express, regular pac"
993-6,993,1370,85,6,35.00,44497.95,0.04,0.02,N,O,1995-10-26,1995-10-20,1995-11-05,DELIVER IN PERSON,FOB, instructions x-ray slyly a
993-7,993,50,26,7,15.00,14250.75,0.09,0.03,N,O,1995-09-27,1995-10-21,1995-10-17,DELIVER IN PERSON,MAIL,"uffily regular forges. idle, regular"
994-1,994,645,46,1,4.00,6182.56,0.07,0.03,R,F,1994-07-05,1994-05-21,1994-07-20,COLLECT COD,SHIP,ar requests. carefu
994-2,994,92,18,2,11.00,10912.99,0.01,0.00,R,F,1994-05-03,1994-06-10,1994-05-22,NONE,AIR,y silent pinto beans
994-3,994,308,93,3,5.00,6041.50,0.08,0.08,A,F,1994-06-24,1994-06-14,1994-06-26,NONE,MAIL,are slyly. idly ironic deposits are bol
994-4,994,1305,20,4,25.00,30157.50,0.10,0.00,A,F,1994-06-03,1994-06-02,1994-06-06,COLLECT COD,RAIL,hely express packa
995-1,995,1723,50,1,15.00,24370.80,0.08,0.05,N,O,1995-06-30,1995-08-04,1995-07-27,NONE,REG AIR,latelets up the qui
995-2,995,1288,26,2,28.00,33299.84,0.08,0.03,N,F,1995-06-12,1995-07-20,1995-06-19,DELIVER IN PERSON,SHIP,ly regular instructions poach. bl
995-3,995,1651,34,3,45.00,69869.25,0.00,0.05,N,O,1995-08-02,1995-07-21,1995-08-03,DELIVER IN PERSON,SHIP,deas above the foxes are slyly above
995-4,995,658,21,4,25.00,38966.25,0.01,0.08,N,O,1995-09-08,1995-08-05,1995-09-28,NONE,TRUCK,ole idly a
995-5,995,232,33,5,18.00,20380.14,0.06,0.03,N,O,1995-07-03,1995-07-29,1995-07-22,TAKE BACK RETURN,AIR,cial deposits; ideas ab
996-1,996,1724,9,1,43.00,69905.96,0.03,0.06,N,O,1998-03-27,1998-03-25,1998-04-06,COLLECT COD,SHIP,egular deposits ought to haggle platelets.
997-1,997,1627,28,1,11.00,16814.82,0.00,0.02,N,O,1997-06-16,1997-07-21,1997-07-14,DELIVER IN PERSON,TRUCK,onic foxes. slyly silent a
997-2,997,475,76,2,17.00,23382.99,0.03,0.00,N,O,1997-07-28,1997-07-26,1997-08-20,DELIVER IN PERSON,SHIP,e furiously above the c
998-1,998,100,76,1,22.00,22002.20,0.04,0.05,A,F,1994-12-03,1995-02-17,1994-12-19,TAKE BACK RETURN,RAIL,n requests
998-2,998,1805,92,2,7.00,11947.60,0.10,0.05,R,F,1995-03-24,1995-01-18,1995-04-03,NONE,MAIL,its are along the caref
998-3,998,1418,58,3,30.00,39582.30,0.05,0.07,A,F,1994-12-02,1995-01-23,1994-12-23,NONE,SHIP,eposits after
998-4,998,102,55,4,6.00,6012.60,0.09,0.05,R,F,1995-03-20,1994-12-27,1995-04-13,DELIVER IN PERSON,MAIL, ideas haggle alongside of the fluffil
998-5,998,725,90,5,1.00,1625.72,0.04,0.00,R,F,1995-01-05,1995-01-06,1995-01-13,NONE,SHIP,lyly beyond the boldly unusual packag
999-1,999,601,95,1,34.00,51054.40,0.00,0.08,R,F,1993-10-30,1993-10-17,1993-10-31,TAKE BACK RETURN,SHIP,oxes. ironic accounts boost
999-2,999,1988,33,2,41.00,77489.18,0.08,0.01,A,F,1993-10-16,1993-12-04,1993-11-03,DELIVER IN PERSON,REG AIR,lar foxes cajole slyly at the expre
999-3,999,1172,45,3,15.00,16097.55,0.07,0.06,A,F,1993-12-12,1993-10-18,1994-01-08,COLLECT COD,REG AIR, hockey players was furiously. qu
999-4,999,27,28,4,10.00,9270.20,0.05,0.02,A,F,1993-11-23,1993-12-02,1993-11-29,NONE,MAIL,g furiously ev
999-5,999,184,85,5,3.00,3252.54,0.03,0.00,R,F,1993-09-17,1993-10-22,1993-10-13,NONE,FOB,uctions: permanently p
999-6,999,1810,40,6,37.00,63336.97,0.00,0.04,R,F,1994-01-03,1993-10-28,1994-01-12,DELIVER IN PERSON,TRUCK,"ful accounts haggle furiously furious, bol"
1024-1,1024,1981,70,1,49.00,92266.02,0.03,0.05,N,O,1998-03-06,1998-01-26,1998-03-29,TAKE BACK RETURN,FOB,furiously pending inst
1024-2,1024,1254,29,2,34.00,39278.50,0.00,0.01,N,O,1998-01-06,1998-02-05,1998-01-26,COLLECT COD,SHIP,are blithely aroun
1024-3,1024,436,24,3,28.00,37420.04,0.04,0.01,N,O,1998-03-04,1998-03-12,1998-03-15,TAKE BACK RETURN,TRUCK,xes wake blithely bol
1024-4,1024,1833,77,4,13.00,22552.79,0.02,0.04,N,O,1998-04-11,1998-02-26,1998-04-18,NONE,FOB,"elets sleep slyly across the even, express"
1024-5,1024,209,91,5,49.00,54350.80,0.02,0.04,N,O,1998-02-27,1998-03-10,1998-03-27,COLLECT COD,FOB,ar dependencies 
1025-1,1025,1494,95,1,36.00,50237.64,0.03,0.04,A,F,1995-05-15,1995-07-05,1995-06-10,COLLECT COD,FOB,ously ironic packages. c
1025-2,1025,683,84,2,23.00,36424.64,0.08,0.03,N,F,1995-06-02,1995-07-29,1995-06-23,COLLECT COD,RAIL,ajole slyly special excuses. 
1025-3,1025,225,80,3,25.00,28130.50,0.06,0.05,R,F,1995-05-29,1995-06-21,1995-06-13,DELIVER IN PERSON,REG AIR,packages are. furiousl
1026-1,1026,373,58,1,36.00,45841.32,0.10,0.02,N,O,1997-06-14,1997-07-20,1997-06-23,NONE,SHIP,ly. regula
1026-2,1026,369,26,2,6.00,7616.16,0.10,0.08,N,O,1997-07-07,1997-08-16,1997-07-14,TAKE BACK RETURN,TRUCK,"arefully even foxes wake express, regula"
1027-1,1027,1560,41,1,43.00,62847.08,0.07,0.08,R,F,1992-06-17,1992-08-28,1992-07-10,DELIVER IN PERSON,MAIL,"ounts across the express, final "
1027-2,1027,1125,98,2,20.00,20522.40,0.01,0.02,A,F,1992-06-08,1992-08-29,1992-06-14,NONE,TRUCK,ackages would bo
1027-3,1027,1257,69,3,2.00,2316.50,0.01,0.02,R,F,1992-08-28,1992-07-09,1992-09-10,NONE,FOB,uickly pending accounts against t
1027-4,1027,993,96,4,13.00,24621.87,0.08,0.01,R,F,1992-08-22,1992-07-10,1992-09-12,DELIVER IN PERSON,RAIL, wake alongside of t
1027-5,1027,1355,94,5,22.00,27639.70,0.02,0.00,A,F,1992-09-03,1992-08-14,1992-10-01,DELIVER IN PERSON,FOB,iously ironic packages c
1027-6,1027,1050,86,6,10.00,9510.50,0.06,0.08,R,F,1992-08-28,1992-08-06,1992-09-03,COLLECT COD,REG AIR,"beans: ironic, unusual escapades nag agai"
1028-1,1028,1279,17,1,2.00,2360.54,0.09,0.03,A,F,1994-01-10,1994-03-22,1994-01-26,COLLECT COD,FOB," doze deposits-- silent, even requests amon"
1028-2,1028,1119,92,2,39.00,39784.29,0.06,0.05,R,F,1994-02-18,1994-03-22,1994-03-06,TAKE BACK RETURN,MAIL,"ans sleep. bold, special pi"
1028-3,1028,996,65,3,8.00,15175.92,0.03,0.07,A,F,1994-02-14,1994-03-28,1994-02-22,NONE,AIR,al foxes. blithely final accounts are fl
1028-4,1028,313,42,4,26.00,31546.06,0.07,0.02,A,F,1994-03-18,1994-02-08,1994-03-19,TAKE BACK RETURN,RAIL,. furiously ironic packages 
1028-5,1028,286,68,5,27.00,32029.56,0.00,0.04,A,F,1994-04-03,1994-02-07,1994-04-26,NONE,REG AIR,tes-- furiously unusual
1028-6,1028,252,80,6,39.00,44937.75,0.03,0.02,A,F,1994-02-27,1994-02-16,1994-03-02,DELIVER IN PERSON,AIR,lar instru
1028-7,1028,310,67,7,22.00,26626.82,0.03,0.00,R,F,1994-04-24,1994-02-27,1994-05-08,NONE,REG AIR,olites. enticingly special asymptotes thr
1029-1,1029,1362,1,1,45.00,56851.20,0.05,0.07,R,F,1994-07-21,1994-08-30,1994-07-29,TAKE BACK RETURN,FOB, dependencies cajol
1030-1,1030,644,38,1,17.00,26258.88,0.06,0.06,R,F,1994-10-13,1994-08-01,1994-11-10,DELIVER IN PERSON,RAIL,"es wake blithely regular, even p"
1031-1,1031,456,57,1,15.00,20346.75,0.10,0.08,A,F,1994-11-07,1994-10-29,1994-11-09,TAKE BACK RETURN,FOB,ng to the carefully specia
1031-2,1031,1648,90,2,28.00,43389.92,0.05,0.01,A,F,1994-12-10,1994-10-29,1994-12-18,COLLECT COD,FOB,s. ideas cajole after the blith
1031-3,1031,1870,100,3,27.00,47840.49,0.07,0.02,R,F,1994-09-20,1994-10-18,1994-10-10,DELIVER IN PERSON,SHIP,is. slyly even pinto beans above the
1031-4,1031,872,39,4,7.00,12410.09,0.03,0.03,R,F,1994-12-07,1994-11-11,1994-12-30,COLLECT COD,FOB,thely even ideas. f
1031-5,1031,1902,35,5,44.00,79371.60,0.01,0.07,R,F,1994-11-20,1994-11-24,1994-12-11,NONE,AIR,rnes haggle. blithely ev
1056-1,1056,1210,48,1,37.00,41114.77,0.04,0.06,R,F,1995-02-18,1995-04-01,1995-03-20,NONE,TRUCK,"n, express theodolites"
1057-1,1057,1923,68,1,29.00,52922.68,0.10,0.01,A,F,1992-05-05,1992-05-05,1992-06-03,TAKE BACK RETURN,SHIP,s. slyly thin foxes thrash
1057-2,1057,1681,23,2,11.00,17409.48,0.00,0.02,R,F,1992-03-31,1992-04-18,1992-04-18,COLLECT COD,AIR,ckages boost slyly. furious
1057-3,1057,842,9,3,21.00,36599.64,0.03,0.04,A,F,1992-02-28,1992-05-01,1992-03-10,NONE,REG AIR,lithely unusual ide
1057-4,1057,1819,6,4,20.00,34416.20,0.06,0.03,R,F,1992-03-02,1992-05-19,1992-03-13,DELIVER IN PERSON,TRUCK,ses. slyly
1057-5,1057,965,68,5,7.00,13061.72,0.06,0.05,R,F,1992-06-05,1992-04-30,1992-06-20,NONE,TRUCK,l escapades nag boldly: blithely fina
1057-6,1057,515,76,6,19.00,26894.69,0.04,0.07,A,F,1992-05-31,1992-05-09,1992-06-02,DELIVER IN PERSON,FOB,y regular foxes use furi
1058-1,1058,1396,11,1,24.00,31137.36,0.08,0.04,A,F,1993-07-09,1993-05-28,1993-07-22,DELIVER IN PERSON,TRUCK,ckages. bold orbits believe carefull
1058-2,1058,881,81,2,5.00,8909.40,0.04,0.07,R,F,1993-05-11,1993-05-29,1993-05-27,COLLECT COD,TRUCK,l requests. busy requests about t
1058-3,1058,893,94,3,44.00,78931.16,0.10,0.01,R,F,1993-06-26,1993-06-21,1993-07-20,COLLECT COD,TRUCK,al package
1058-4,1058,42,18,4,25.00,23551.00,0.09,0.01,A,F,1993-05-27,1993-06-10,1993-06-20,TAKE BACK RETURN,MAIL, pending ideas. furiously unusual pint
1059-1,1059,1776,77,1,16.00,26844.32,0.07,0.02,A,F,1994-04-24,1994-03-31,1994-04-28,DELIVER IN PERSON,SHIP, ideas solve sl
1059-2,1059,289,71,2,7.00,8324.96,0.07,0.06,R,F,1994-03-30,1994-04-01,1994-04-24,DELIVER IN PERSON,MAIL,nal excuses. always regular reques
1059-3,1059,880,14,3,45.00,80139.60,0.00,0.02,R,F,1994-06-10,1994-05-08,1994-06-21,COLLECT COD,RAIL,into beans cajole. permanently special
1059-4,1059,1098,4,4,26.00,25976.34,0.09,0.01,A,F,1994-03-17,1994-04-18,1994-03-26,DELIVER IN PERSON,TRUCK,. carefully ironic packages acco
1059-5,1059,1381,20,5,37.00,47448.06,0.09,0.04,R,F,1994-03-31,1994-05-08,1994-04-06,COLLECT COD,RAIL," final requests use quickly. special, spec"
1059-6,1059,1893,37,6,50.00,89744.50,0.00,0.03,A,F,1994-06-15,1994-05-11,1994-06-29,NONE,MAIL,ntly about the fluffily i
1059-7,1059,1222,23,7,13.00,14601.86,0.01,0.03,R,F,1994-06-12,1994-05-11,1994-07-02,COLLECT COD,TRUCK,ep at the accounts.
1060-1,1060,1955,88,1,8.00,14855.60,0.07,0.04,R,F,1993-05-21,1993-05-06,1993-06-10,DELIVER IN PERSON,FOB,fully fluffy instructions. e
1060-2,1060,77,53,2,26.00,25403.82,0.06,0.08,R,F,1993-04-12,1993-04-01,1993-04-20,DELIVER IN PERSON,TRUCK,outs. pinto beans haggle blithely 
1060-3,1060,1632,74,3,11.00,16869.93,0.01,0.07,A,F,1993-05-13,1993-05-08,1993-05-17,TAKE BACK RETURN,MAIL,thely regular packages
1060-4,1060,1099,5,4,16.00,16001.44,0.03,0.06,A,F,1993-06-15,1993-04-18,1993-07-05,COLLECT COD,SHIP,ccounts. deposits nag quickl
1060-5,1060,529,90,5,1.00,1429.52,0.04,0.06,A,F,1993-06-19,1993-05-10,1993-06-21,COLLECT COD,RAIL,eep stealthily. furiously i
1060-6,1060,714,47,6,26.00,41982.46,0.01,0.03,A,F,1993-02-28,1993-04-01,1993-03-09,TAKE BACK RETURN,FOB,cies about 
1060-7,1060,1202,77,7,36.00,39715.20,0.09,0.01,R,F,1993-03-14,1993-03-24,1993-04-02,TAKE BACK RETURN,FOB,rthogs wake f
1061-1,1061,1501,82,1,7.00,9817.50,0.04,0.04,N,O,1998-08-09,1998-08-12,1998-08-16,COLLECT COD,FOB, theodolites cajo
1061-2,1061,1186,23,2,2.00,2174.36,0.06,0.02,N,O,1998-08-15,1998-08-05,1998-08-24,COLLECT COD,MAIL,ents. blithely ironic ac
1061-3,1061,1102,75,3,26.00,26080.60,0.08,0.02,N,O,1998-06-18,1998-07-25,1998-06-24,TAKE BACK RETURN,AIR,to beans. f
1061-4,1061,1354,55,4,41.00,51469.35,0.00,0.05,N,O,1998-06-29,1998-07-02,1998-07-27,NONE,MAIL,elets cajole slyly. ironic ideas affi
1061-5,1061,1301,2,5,50.00,60115.00,0.04,0.08,N,O,1998-05-25,1998-07-22,1998-06-22,COLLECT COD,AIR,"al foxes doze after the final,"
1061-6,1061,1435,75,6,35.00,46775.05,0.09,0.05,N,O,1998-07-05,1998-07-07,1998-07-30,TAKE BACK RETURN,MAIL,. even orbits x-ray furious
1062-1,1062,1361,62,1,38.00,47969.68,0.00,0.01,N,O,1997-01-27,1997-03-07,1997-02-16,DELIVER IN PERSON,TRUCK,ccounts haggle ca
1063-1,1063,951,20,1,42.00,77781.90,0.03,0.02,A,F,1994-07-10,1994-05-25,1994-07-26,NONE,RAIL,"ans. final, regular requests ca"
1088-1,1088,1069,70,1,30.00,29101.80,0.07,0.03,A,F,1992-05-22,1992-06-25,1992-06-11,TAKE BACK RETURN,SHIP,long the furiously special packa
1088-2,1088,369,54,2,11.00,13962.96,0.06,0.00,A,F,1992-08-30,1992-07-25,1992-09-10,TAKE BACK RETURN,AIR,ts are according to the ironic reques
1088-3,1088,1804,48,3,5.00,8529.00,0.03,0.07,A,F,1992-07-01,1992-07-25,1992-07-02,NONE,AIR,kages cajole above the qui
1088-4,1088,1240,41,4,3.00,3423.72,0.09,0.03,A,F,1992-06-15,1992-08-02,1992-06-18,DELIVER IN PERSON,MAIL,eodolites wake slyl
1089-1,1089,1501,22,1,47.00,65917.50,0.05,0.06,N,O,1996-06-26,1996-06-25,1996-07-11,NONE,TRUCK,"osits sleep daringly; final, pending "
1089-2,1089,500,30,2,35.00,49017.50,0.03,0.00,N,O,1996-08-14,1996-07-10,1996-08-26,NONE,TRUCK,structions. slyly regular 
1089-3,1089,252,53,3,23.00,26501.75,0.10,0.05,N,O,1996-06-24,1996-07-25,1996-07-20,DELIVER IN PERSON,AIR, fluffily special dependencies? f
1089-4,1089,1405,23,4,1.00,1306.40,0.01,0.03,N,O,1996-07-08,1996-07-07,1996-07-17,COLLECT COD,RAIL,nts. blithely brave cour
1090-1,1090,216,17,1,5.00,5581.05,0.02,0.05,N,O,1998-02-19,1997-12-25,1998-02-24,DELIVER IN PERSON,AIR,gular platel
1090-2,1090,1125,98,2,28.00,28731.36,0.08,0.08,N,O,1998-02-20,1998-01-03,1998-03-19,NONE,FOB,lyly regular deposits prin
1091-1,1091,373,74,1,40.00,50934.80,0.10,0.06,N,O,1996-12-17,1996-10-14,1996-12-24,TAKE BACK RETURN,REG AIR,ncies use about the depos
1092-1,1092,1835,36,1,48.00,83367.84,0.04,0.04,N,O,1995-06-25,1995-04-06,1995-07-18,DELIVER IN PERSON,AIR,ages integrate enticingl
1092-2,1092,1527,48,2,1.00,1428.52,0.01,0.06,A,F,1995-03-10,1995-04-21,1995-04-06,COLLECT COD,RAIL, haggle quickly against the quickly express
1092-3,1092,1608,91,3,28.00,42268.80,0.05,0.08,R,F,1995-04-08,1995-05-01,1995-05-02,DELIVER IN PERSON,FOB,ly final excuses a
1092-4,1092,852,53,4,2.00,3505.70,0.05,0.07,R,F,1995-04-09,1995-05-12,1995-05-03,TAKE BACK RETURN,TRUCK,nts use slyly 
1093-1,1093,870,37,1,7.00,12396.09,0.04,0.02,N,O,1997-11-24,1997-09-23,1997-11-25,TAKE BACK RETURN,SHIP,quickly ironic packages are furiousl
1093-2,1093,1763,90,2,37.00,61596.12,0.08,0.04,N,O,1997-11-06,1997-10-08,1997-11-22,COLLECT COD,FOB,nag fluffily about the requests. qui
1093-3,1093,605,6,3,34.00,51190.40,0.01,0.06,N,O,1997-11-07,1997-09-06,1997-11-28,TAKE BACK RETURN,REG AIR,ut the theodolites. express foxes engage q
1094-1,1094,1145,46,1,9.00,9415.26,0.07,0.06,N,O,1997-12-28,1998-03-16,1998-01-18,DELIVER IN PERSON,AIR,cross the bl
1095-1,1095,1361,100,1,33.00,41657.88,0.01,0.02,N,O,1995-10-03,1995-09-22,1995-10-13,NONE,MAIL,ructions detect quiet
1095-2,1095,1360,75,2,24.00,30272.64,0.04,0.06,N,O,1995-08-24,1995-10-20,1995-09-09,COLLECT COD,TRUCK,ithely pending asymptotes. packages against
1095-3,1095,1553,94,3,13.00,18909.15,0.06,0.01,N,O,1995-08-24,1995-10-19,1995-09-02,TAKE BACK RETURN,REG AIR,fully bold dolphins cajole blithe
1095-4,1095,1344,59,4,28.00,34869.52,0.08,0.03,N,O,1995-09-20,1995-11-18,1995-10-02,DELIVER IN PERSON,SHIP,ole. even de
1095-5,1095,1118,27,5,40.00,40764.40,0.09,0.03,N,O,1995-10-18,1995-11-14,1995-11-09,NONE,MAIL, carefully across the blithely regular dep
1095-6,1095,1804,48,6,37.00,63114.60,0.07,0.08,N,O,1995-10-04,1995-11-13,1995-10-12,NONE,SHIP,ironic packages. fluffily u
1120-1,1120,1780,23,1,10.00,16817.80,0.08,0.05,N,O,1997-12-17,1998-01-21,1997-12-23,DELIVER IN PERSON,MAIL," express, regular exc"
1120-2,1120,191,92,2,49.00,53468.31,0.01,0.07,N,O,1998-01-03,1998-02-02,1998-01-09,TAKE BACK RETURN,RAIL,thely against the fi
1120-3,1120,755,88,3,21.00,34770.75,0.06,0.01,N,O,1998-01-11,1998-02-04,1998-01-19,COLLECT COD,REG AIR," express, ironic requests b"
1120-4,1120,457,16,4,22.00,29863.90,0.09,0.08,N,O,1997-11-15,1998-01-25,1997-12-07,TAKE BACK RETURN,REG AIR,ckly ironic courts. express ideas are s
1120-5,1120,825,26,5,10.00,17258.20,0.07,0.08,N,O,1997-11-10,1998-02-01,1997-11-28,TAKE BACK RETURN,AIR,"s! regular, pending sh"
1121-1,1121,1678,2,1,42.00,66346.14,0.04,0.05,N,O,1997-03-05,1997-03-18,1997-03-14,DELIVER IN PERSON,SHIP,ding to the busily final packages
1121-2,1121,1603,45,2,27.00,40624.20,0.08,0.00,N,O,1997-05-08,1997-03-28,1997-05-14,NONE,MAIL,kages haggle above the bold foxes. s
1121-3,1121,1569,10,3,10.00,14705.60,0.00,0.04,N,O,1997-04-17,1997-03-18,1997-05-02,TAKE BACK RETURN,RAIL,e carefully. furiously unusual account
1121-4,1121,1653,77,4,29.00,45084.85,0.02,0.01,N,O,1997-03-07,1997-04-02,1997-04-01,DELIVER IN PERSON,REG AIR,ges sleep carefully ironic accounts. c
1121-5,1121,298,53,5,47.00,56319.63,0.09,0.03,N,O,1997-04-27,1997-03-28,1997-05-14,COLLECT COD,FOB,accounts. 
1121-6,1121,1995,96,6,50.00,94849.50,0.06,0.03,N,O,1997-04-21,1997-02-16,1997-04-25,NONE,TRUCK,y final deposits across the i
1121-7,1121,791,88,7,37.00,62596.23,0.06,0.01,N,O,1997-02-27,1997-03-04,1997-03-02,COLLECT COD,RAIL,ke blithely among the enticingly even tithe
1122-1,1122,912,15,1,8.00,14503.28,0.10,0.06,N,O,1997-02-02,1997-04-03,1997-02-22,TAKE BACK RETURN,RAIL,instructions nag furiously al
1122-2,1122,1818,5,2,29.00,49874.49,0.05,0.04,N,O,1997-05-07,1997-04-07,1997-05-15,COLLECT COD,SHIP,s. quickly eve
1122-3,1122,1465,83,3,25.00,34161.50,0.09,0.01,N,O,1997-03-21,1997-03-03,1997-04-07,TAKE BACK RETURN,RAIL,ring pinto beans. c
1122-4,1122,1057,93,4,40.00,38322.00,0.08,0.08,N,O,1997-02-07,1997-03-25,1997-02-25,NONE,REG AIR,quests haggle. braids boost q
1122-5,1122,1504,5,5,15.00,21082.50,0.05,0.03,N,O,1997-04-15,1997-03-15,1997-05-07,COLLECT COD,SHIP,refully stealthy pinto 
1122-6,1122,1619,43,6,24.00,36494.64,0.04,0.01,N,O,1997-03-08,1997-02-20,1997-04-05,NONE,RAIL,s along the blithely regular instr
1122-7,1122,3,54,7,38.00,34314.00,0.00,0.08,N,O,1997-01-23,1997-04-02,1997-02-16,NONE,TRUCK,its sleep slyly. quickly ruthless
1123-1,1123,112,91,1,10.00,10121.10,0.05,0.08,N,O,1996-11-12,1996-10-04,1996-11-30,NONE,MAIL,ter the carefully silent platelets. b
1123-2,1123,1776,19,2,39.00,65433.03,0.03,0.08,N,O,1996-08-25,1996-10-21,1996-09-04,DELIVER IN PERSON,REG AIR, theodolites according to the silent idea
1123-3,1123,1009,45,3,38.00,34580.00,0.03,0.08,N,O,1996-09-23,1996-10-04,1996-09-27,DELIVER IN PERSON,FOB,r decoys across the quickly final 
1124-1,1124,1978,11,1,1.00,1879.97,0.09,0.08,N,O,1998-10-06,1998-10-02,1998-10-30,NONE,REG AIR,y even instructions. id
1124-2,1124,54,5,2,13.00,12402.65,0.05,0.04,N,O,1998-09-05,1998-10-03,1998-09-30,DELIVER IN PERSON,SHIP,ts sleep qui
1124-3,1124,923,58,3,35.00,63837.20,0.10,0.05,N,O,1998-11-25,1998-10-08,1998-12-25,TAKE BACK RETURN,AIR, unusual ideas cajole. slyly iron
1124-4,1124,492,93,4,25.00,34812.25,0.08,0.05,N,O,1998-08-05,1998-10-14,1998-08-11,NONE,MAIL,o beans. ironic depo
1124-5,1124,749,82,5,33.00,54441.42,0.05,0.04,N,O,1998-10-19,1998-09-17,1998-10-26,TAKE BACK RETURN,SHIP,slyly. even accounts do haggle. c
1124-6,1124,268,23,6,43.00,50235.18,0.01,0.03,N,O,1998-09-19,1998-10-28,1998-10-10,COLLECT COD,MAIL, packages n
1124-7,1124,942,43,7,1.00,1842.94,0.09,0.01,N,O,1998-10-07,1998-08-31,1998-10-12,NONE,TRUCK,"thy, final de"
1125-1,1125,1321,98,1,4.00,4889.28,0.08,0.02,A,F,1994-12-10,1994-12-28,1994-12-30,NONE,MAIL,ck pinto beans. pending dep
1125-2,1125,1378,79,2,24.00,30704.88,0.10,0.03,R,F,1995-01-31,1994-12-02,1995-02-20,COLLECT COD,AIR,fully special accoun
1125-3,1125,1211,49,3,26.00,28917.46,0.05,0.04,A,F,1995-02-24,1995-01-18,1995-03-05,COLLECT COD,TRUCK,pecial instru
1125-4,1125,979,48,4,29.00,54519.13,0.06,0.00,A,F,1994-11-29,1994-12-20,1994-12-10,DELIVER IN PERSON,RAIL,into beans sleep about the bold request
1126-1,1126,351,36,1,44.00,55059.40,0.08,0.03,N,O,1998-05-07,1998-04-02,1998-05-29,NONE,TRUCK,regular ideas boost s
1126-2,1126,572,33,2,7.00,10307.99,0.06,0.01,N,O,1998-05-02,1998-03-22,1998-05-21,COLLECT COD,MAIL,ggle carefully agai
1126-3,1126,1467,46,3,14.00,19158.44,0.07,0.07,N,O,1998-04-17,1998-04-15,1998-05-12,DELIVER IN PERSON,TRUCK,ts. slyly bold depo
1127-1,1127,426,56,1,35.00,46424.70,0.02,0.03,N,O,1995-11-25,1995-11-03,1995-12-17,NONE,TRUCK,deposits. blithely silent packages haggl
1127-2,1127,1098,69,2,38.00,37965.42,0.09,0.05,N,O,1995-11-07,1995-11-11,1995-11-26,DELIVER IN PERSON,RAIL,xes might haggle furiously alongs
1127-3,1127,197,98,3,29.00,31818.51,0.09,0.07,N,O,1995-09-20,1995-11-21,1995-10-11,DELIVER IN PERSON,REG AIR,ounts haggle.
1127-4,1127,1744,45,4,7.00,11520.18,0.07,0.05,N,O,1995-11-05,1995-11-02,1995-11-11,DELIVER IN PERSON,FOB,ieve quickly ironic 
1152-1,1152,87,88,1,23.00,22702.84,0.06,0.04,A,F,1994-10-14,1994-10-22,1994-10-21,DELIVER IN PERSON,MAIL,ironic accounts; blithely express
1152-2,1152,997,32,2,25.00,47449.75,0.04,0.08,R,F,1994-10-20,1994-09-18,1994-10-28,DELIVER IN PERSON,REG AIR,uffy asymptotes haggle blithely blithely fi
1152-3,1152,419,49,3,6.00,7916.46,0.07,0.03,A,F,1994-12-07,1994-11-05,1994-12-25,DELIVER IN PERSON,FOB,sly accounts haggle theodolite
1153-1,1153,851,51,1,15.00,26277.75,0.00,0.08,N,O,1996-04-24,1996-07-17,1996-04-29,TAKE BACK RETURN,SHIP,hlessly busy requests cajole after 
1153-2,1153,1690,32,2,50.00,79584.50,0.00,0.07,N,O,1996-06-27,1996-07-13,1996-07-05,COLLECT COD,REG AIR,"ar, pending dependencies aga"
1153-3,1153,434,35,3,25.00,33360.75,0.00,0.05,N,O,1996-06-18,1996-06-28,1996-07-09,NONE,TRUCK, haggle blit
1153-4,1153,912,13,4,43.00,77955.13,0.01,0.00,N,O,1996-06-09,1996-06-01,1996-07-04,DELIVER IN PERSON,MAIL,onic deposits around the quickly regular in
1153-5,1153,1413,92,5,45.00,59148.45,0.00,0.02,N,O,1996-06-18,1996-06-20,1996-07-03,TAKE BACK RETURN,AIR,iously alo
1153-6,1153,1354,55,6,26.00,32639.10,0.02,0.03,N,O,1996-08-16,1996-07-12,1996-09-08,NONE,MAIL,into beans sleep beside t
1153-7,1153,1919,64,7,5.00,9104.55,0.02,0.03,N,O,1996-05-03,1996-06-12,1996-05-28,TAKE BACK RETURN,FOB,ironic accounts. blit
1154-1,1154,1428,68,1,31.00,41212.02,0.06,0.06,A,F,1992-04-17,1992-04-26,1992-05-17,COLLECT COD,AIR,"special, regular grouc"
1154-2,1154,1475,93,2,50.00,68823.50,0.07,0.06,A,F,1992-04-22,1992-04-21,1992-05-01,NONE,TRUCK,lessly silent ideas wake flu
1154-3,1154,962,65,3,5.00,9314.80,0.09,0.04,A,F,1992-06-07,1992-05-07,1992-07-05,DELIVER IN PERSON,MAIL,g instructions
1154-4,1154,6,7,4,35.00,31710.00,0.00,0.07,A,F,1992-03-30,1992-04-02,1992-04-21,DELIVER IN PERSON,TRUCK,t instructions wake carefully along the
1154-5,1154,355,84,5,18.00,22596.30,0.02,0.03,A,F,1992-02-26,1992-03-24,1992-03-20,TAKE BACK RETURN,REG AIR,sly unusual accounts. slyly ironic in
1154-6,1154,1952,97,6,50.00,92697.50,0.06,0.03,A,F,1992-03-04,1992-04-01,1992-04-01,TAKE BACK RETURN,TRUCK,"t, ironic accou"
1155-1,1155,694,95,1,4.00,6378.76,0.09,0.05,N,O,1997-10-19,1997-12-09,1997-11-02,DELIVER IN PERSON,SHIP,excuses among the bold ideas boost fluffil
1155-2,1155,1958,47,2,39.00,72538.05,0.08,0.05,N,O,1998-01-29,1998-01-03,1998-02-01,COLLECT COD,TRUCK,he unusual deposits are car
1155-3,1155,1468,8,3,23.00,31497.58,0.08,0.03,N,O,1997-11-24,1997-11-28,1997-12-06,DELIVER IN PERSON,FOB,nal packages sleep caref
1155-4,1155,1393,94,4,12.00,15532.68,0.01,0.06,N,O,1997-11-01,1998-01-03,1997-11-19,DELIVER IN PERSON,RAIL,its wake qu
1155-5,1155,44,20,5,49.00,46257.96,0.04,0.08,N,O,1997-12-07,1997-12-30,1997-12-08,NONE,AIR,ly. bold theodolites breac
1156-1,1156,867,34,1,15.00,26517.90,0.07,0.06,N,O,1996-12-21,1997-01-03,1997-01-10,TAKE BACK RETURN,AIR,latelets haggle p
1156-2,1156,325,26,2,21.00,25731.72,0.02,0.08,N,O,1996-11-07,1997-01-14,1996-12-03,NONE,AIR,ng accounts. carefully regular excuses subl
1156-3,1156,112,91,3,29.00,29351.19,0.09,0.06,N,O,1997-01-24,1996-12-26,1997-02-04,DELIVER IN PERSON,TRUCK,"d, even pint"
1156-4,1156,1715,16,4,42.00,67901.82,0.02,0.00,N,O,1997-01-18,1997-01-12,1997-02-13,NONE,REG AIR,gle after the furiously r
1156-5,1156,738,71,5,49.00,80297.77,0.04,0.01,N,O,1996-11-16,1996-12-02,1996-12-05,COLLECT COD,AIR,packages promise 
1156-6,1156,1941,74,6,42.00,77403.48,0.02,0.06,N,O,1997-01-27,1997-01-09,1997-01-28,DELIVER IN PERSON,MAIL,e slyly special foxes. final foxes afte
1156-7,1156,462,50,7,20.00,27249.20,0.08,0.07,N,O,1997-01-01,1997-01-06,1997-01-16,COLLECT COD,MAIL,"ke furiously. silent,"
1157-1,1157,482,41,1,16.00,22119.68,0.06,0.00,N,O,1998-04-12,1998-03-09,1998-04-23,DELIVER IN PERSON,MAIL,hely final
1157-2,1157,821,88,2,4.00,6887.28,0.10,0.05,N,O,1998-02-24,1998-03-30,1998-03-24,DELIVER IN PERSON,SHIP, cajole blithely ironi
1157-3,1157,480,68,3,8.00,11043.84,0.02,0.00,N,O,1998-03-25,1998-03-16,1998-03-29,NONE,REG AIR,es are furiously
1157-4,1157,770,71,4,46.00,76855.42,0.07,0.08,N,O,1998-04-19,1998-03-13,1998-04-23,NONE,FOB, asymptotes must affix slyly fl
1157-5,1157,1599,80,5,14.00,21008.26,0.03,0.03,N,O,1998-04-17,1998-03-03,1998-05-01,NONE,FOB,ests. quickly bold frets
1158-1,1158,443,73,1,5.00,6717.20,0.02,0.04,N,O,1996-10-20,1996-07-30,1996-11-14,COLLECT COD,AIR,ecial accounts. carefull
1158-2,1158,1561,82,2,23.00,33638.88,0.00,0.08,N,O,1996-10-21,1996-08-19,1996-10-31,COLLECT COD,MAIL, asymptotes; instructions cajol
1159-1,1159,1081,82,1,39.00,38301.12,0.01,0.00,A,F,1992-11-20,1992-10-28,1992-12-18,TAKE BACK RETURN,FOB,blithely bold theodolite
1159-2,1159,955,24,2,7.00,12991.65,0.08,0.00,A,F,1992-11-25,1992-10-27,1992-12-20,NONE,AIR,re among t
1159-3,1159,975,10,3,11.00,20635.67,0.10,0.03,R,F,1992-12-09,1992-12-07,1992-12-18,DELIVER IN PERSON,MAIL, regularly
1184-1,1184,468,98,1,27.00,36948.42,0.01,0.00,N,O,1998-01-10,1997-12-02,1998-02-06,TAKE BACK RETURN,REG AIR,es. furiously final
1184-2,1184,1467,46,2,4.00,5473.84,0.04,0.03,N,O,1997-12-25,1998-01-24,1998-01-18,DELIVER IN PERSON,RAIL,y careful deposits. silent pack
1184-3,1184,1640,41,3,7.00,10791.48,0.05,0.00,N,O,1998-02-14,1998-01-06,1998-03-11,COLLECT COD,TRUCK,ns. carefully express ideas use carefu
1184-4,1184,1256,68,4,3.00,3471.75,0.02,0.05,N,O,1998-01-15,1997-12-19,1998-02-02,NONE,REG AIR,es cajole. regular requests cajol
1185-1,1185,720,85,1,8.00,12965.76,0.01,0.06,A,F,1992-12-05,1992-10-05,1992-12-28,DELIVER IN PERSON,MAIL,unts after the permanent theodolites caj
1185-2,1185,308,9,2,28.00,33832.40,0.07,0.06,A,F,1992-09-24,1992-10-07,1992-10-10,DELIVER IN PERSON,REG AIR,packages around the
1185-3,1185,1894,38,3,12.00,21550.68,0.05,0.06,R,F,1992-10-12,1992-09-26,1992-11-11,NONE,REG AIR,kages. ironic asymptotes wa
1186-1,1186,25,26,1,28.00,25900.56,0.08,0.07,N,O,1996-12-08,1996-10-17,1996-12-15,TAKE BACK RETURN,TRUCK,grate care
1186-2,1186,912,81,2,11.00,19942.01,0.07,0.05,N,O,1996-10-03,1996-10-21,1996-10-17,DELIVER IN PERSON,AIR,es. warthogs integrate f
1186-3,1186,1008,9,3,20.00,18180.00,0.07,0.07,N,O,1996-08-20,1996-10-23,1996-09-05,COLLECT COD,FOB,. blithely ironic requests a
1186-4,1186,1060,61,4,27.00,25948.62,0.06,0.04,N,O,1996-10-08,1996-11-06,1996-10-09,TAKE BACK RETURN,SHIP, along the furiously
1187-1,1187,1778,5,1,29.00,48713.33,0.01,0.04,R,F,1992-12-10,1993-02-09,1992-12-29,TAKE BACK RETURN,RAIL,l foxes are fluffi
1187-2,1187,1305,44,2,15.00,18094.50,0.03,0.04,A,F,1992-12-22,1993-01-13,1993-01-01,NONE,TRUCK,ss the slyly fluffy pack
1187-3,1187,773,6,3,40.00,66950.80,0.08,0.06,R,F,1993-03-05,1992-12-31,1993-03-12,NONE,TRUCK,es cajole carefully above the
1188-1,1188,1150,87,1,2.00,2102.30,0.00,0.04,N,O,1996-05-22,1996-05-23,1996-06-06,COLLECT COD,RAIL,cajole. pinto b
1188-2,1188,1121,22,2,9.00,9199.08,0.01,0.08,N,O,1996-08-04,1996-06-04,1996-08-19,NONE,REG AIR,ses. special pinto be
1188-3,1188,1788,89,3,41.00,69280.98,0.07,0.04,N,O,1996-06-29,1996-05-21,1996-07-21,TAKE BACK RETURN,TRUCK,"eas sleep. silent, final foxes snooze re"
1189-1,1189,507,8,1,23.00,32372.50,0.06,0.00,R,F,1994-07-25,1994-06-07,1994-08-02,COLLECT COD,FOB,al accounts are slyly furiously reg
1189-2,1189,1049,55,2,32.00,30401.28,0.09,0.02,R,F,1994-05-06,1994-07-03,1994-05-15,TAKE BACK RETURN,FOB,egular patterns sleep fluffily. slyly ir
1189-3,1189,566,97,3,22.00,32264.32,0.05,0.03,R,F,1994-06-09,1994-06-29,1994-06-23,DELIVER IN PERSON,TRUCK, quickly against the quickly ironic pinto
1190-1,1190,838,38,1,32.00,55642.56,0.07,0.06,N,O,1997-05-08,1997-04-17,1997-06-01,COLLECT COD,FOB,der among the unusual reques
1191-1,1191,483,13,1,29.00,40120.92,0.00,0.04,N,O,1996-01-24,1996-01-28,1996-02-17,COLLECT COD,AIR,ar Tiresias 
1216-1,1216,970,73,1,8.00,14967.76,0.03,0.04,R,F,1993-02-01,1993-03-06,1993-02-08,TAKE BACK RETURN,TRUCK, above the regular packag
1216-2,1216,741,38,2,48.00,78803.52,0.10,0.01,R,F,1993-01-17,1993-02-01,1993-02-13,COLLECT COD,SHIP,egular patterns breach. 
1216-3,1216,418,19,3,18.00,23731.38,0.00,0.03,A,F,1993-01-20,1993-01-28,1993-02-02,COLLECT COD,MAIL,fully stealthy notorn
1217-1,1217,592,53,1,45.00,67166.55,0.07,0.02,A,F,1992-07-01,1992-06-23,1992-07-06,COLLECT COD,AIR,haggle carefully ar
1218-1,1218,1391,30,1,16.00,20678.24,0.04,0.07,A,F,1994-06-26,1994-08-07,1994-06-30,TAKE BACK RETURN,FOB,nts. fluffily
1218-2,1218,934,69,2,41.00,75232.13,0.06,0.06,R,F,1994-08-04,1994-08-05,1994-08-11,TAKE BACK RETURN,SHIP,uctions wake carefully. unusual
1218-3,1218,479,67,3,44.00,60696.68,0.07,0.06,A,F,1994-10-05,1994-09-03,1994-10-30,COLLECT COD,TRUCK,"ests haggle always slow, permane"
1218-4,1218,414,44,4,1.00,1314.41,0.01,0.08,R,F,1994-09-15,1994-09-07,1994-10-03,COLLECT COD,TRUCK,thely even 
1219-1,1219,1319,96,1,6.00,7321.86,0.08,0.04,N,O,1995-11-13,1995-12-24,1995-11-18,NONE,MAIL, dependencies. pack
1219-2,1219,1286,24,2,4.00,4749.12,0.01,0.04,N,O,1995-11-24,1995-11-22,1995-12-07,TAKE BACK RETURN,SHIP,"e after the bold, regular ideas. fu"
1220-1,1220,1690,14,1,25.00,39792.25,0.10,0.03,N,O,1996-10-15,1996-11-07,1996-11-06,COLLECT COD,REG AIR, the carefull
1220-2,1220,1598,79,2,36.00,53985.24,0.01,0.02,N,O,1996-12-10,1996-11-14,1997-01-07,COLLECT COD,SHIP,ing packages breach furiously a
1220-3,1220,369,70,3,3.00,3808.08,0.08,0.06,N,O,1996-09-06,1996-11-03,1996-09-10,COLLECT COD,REG AIR,inal asymptotes. idle foxes haggle a
1220-4,1220,52,3,4,36.00,34273.80,0.07,0.03,N,O,1996-12-12,1996-10-03,1996-12-15,TAKE BACK RETURN,TRUCK,express theodolites are along t
1220-5,1220,490,49,5,25.00,34762.25,0.03,0.08,N,O,1996-09-11,1996-10-09,1996-09-25,DELIVER IN PERSON,RAIL,nusual pinto 
1221-1,1221,801,35,1,43.00,73177.40,0.05,0.05,R,F,1992-06-22,1992-07-15,1992-07-20,DELIVER IN PERSON,FOB, the ruthlessly pending requests kind
1221-2,1221,1695,96,2,12.00,19160.28,0.00,0.08,R,F,1992-08-07,1992-06-24,1992-08-13,COLLECT COD,AIR,", ironic pi"
1221-3,1221,683,46,3,3.00,4751.04,0.10,0.08,R,F,1992-07-01,1992-06-04,1992-07-27,COLLECT COD,TRUCK,en requests nag idl
1221-4,1221,1198,7,4,41.00,45066.79,0.06,0.02,A,F,1992-04-28,1992-07-02,1992-05-19,NONE,RAIL,eep carefully ag
1221-5,1221,1077,13,5,13.00,12714.91,0.10,0.00,R,F,1992-08-01,1992-06-29,1992-08-27,TAKE BACK RETURN,AIR,uriously final requests haggle c
1221-6,1221,843,44,6,7.00,12206.88,0.08,0.06,A,F,1992-06-27,1992-06-16,1992-07-23,TAKE BACK RETURN,RAIL,"cial, ironic dep"
1222-1,1222,713,10,1,12.00,19364.52,0.09,0.02,A,F,1993-02-12,1993-03-14,1993-03-12,TAKE BACK RETURN,RAIL, regular orbits. deposits believe requ
1222-2,1222,1587,28,2,12.00,17862.96,0.08,0.01,A,F,1993-05-05,1993-03-27,1993-05-18,TAKE BACK RETURN,REG AIR,accounts are carefully furio
1222-3,1222,76,2,3,26.00,25377.82,0.02,0.08,R,F,1993-02-13,1993-03-20,1993-02-22,TAKE BACK RETURN,MAIL,y regular platelets. slyly
1223-1,1223,995,96,1,28.00,53087.72,0.10,0.06,N,O,1996-08-07,1996-07-24,1996-08-13,TAKE BACK RETURN,MAIL," cajole express, stealthy foxes. "
1248-1,1248,1631,32,1,45.00,68968.35,0.00,0.08,A,F,1992-04-17,1992-03-31,1992-05-13,NONE,RAIL,ly furious ideas. 
1248-2,1248,1503,44,2,37.00,51966.50,0.06,0.06,R,F,1992-01-26,1992-02-05,1992-02-13,COLLECT COD,TRUCK,carefully special deposits haggle furiou
1248-3,1248,554,45,3,26.00,37818.30,0.09,0.06,A,F,1992-01-16,1992-03-01,1992-02-06,TAKE BACK RETURN,AIR,"kages. blithe, c"
1248-4,1248,1552,53,4,49.00,71223.95,0.02,0.01,A,F,1992-04-24,1992-02-18,1992-05-03,TAKE BACK RETURN,AIR,s kindle quickly according to the final f
1248-5,1248,1215,53,5,20.00,22324.20,0.08,0.00,A,F,1992-03-12,1992-03-23,1992-04-07,TAKE BACK RETURN,AIR,ly bold requests haggle. regula
1248-6,1248,615,78,6,30.00,45468.30,0.10,0.01,R,F,1992-02-01,1992-03-24,1992-02-08,TAKE BACK RETURN,MAIL, final excuses. fluffy asymp
1249-1,1249,582,43,1,49.00,72646.42,0.07,0.05,A,F,1994-03-03,1994-02-28,1994-03-08,NONE,RAIL, theodolites cajole 
1250-1,1250,11,12,1,15.00,13665.15,0.10,0.06,A,F,1992-11-05,1992-12-17,1992-12-03,TAKE BACK RETURN,SHIP,to the requ
1251-1,1251,34,35,1,37.00,34559.11,0.08,0.08,N,O,1997-12-21,1998-01-12,1997-12-26,COLLECT COD,AIR, waters? fu
1251-2,1251,780,81,2,36.00,60508.08,0.07,0.04,N,O,1997-11-29,1998-01-07,1997-12-03,TAKE BACK RETURN,RAIL,ironic asymptotes use furiously a
1251-3,1251,988,91,3,37.00,69892.26,0.09,0.02,N,O,1998-01-11,1997-12-01,1998-01-23,DELIVER IN PERSON,RAIL, furiously quickly sl
1251-4,1251,1499,17,4,7.00,9803.43,0.07,0.00,N,O,1998-01-08,1997-12-27,1998-01-18,COLLECT COD,MAIL,gainst the
1251-5,1251,1875,62,5,1.00,1776.87,0.02,0.03,N,O,1997-12-08,1998-01-06,1998-01-01,DELIVER IN PERSON,REG AIR,ording to the carefully bold pint
1252-1,1252,865,99,1,13.00,22956.18,0.10,0.01,N,O,1997-09-07,1997-09-12,1997-10-01,COLLECT COD,REG AIR,kages. bli
1252-2,1252,1109,82,2,27.00,27272.70,0.00,0.08,N,O,1997-10-22,1997-10-10,1997-11-10,TAKE BACK RETURN,REG AIR,thely. furio
1252-3,1252,392,93,3,19.00,24555.41,0.07,0.02,N,O,1997-10-13,1997-10-23,1997-10-18,NONE,AIR,ggle fluffily among the carefully busy fox
1252-4,1252,912,47,4,11.00,19942.01,0.10,0.01,N,O,1997-10-16,1997-09-22,1997-10-28,COLLECT COD,AIR,uriously slyly bold packages. blithel
1252-5,1252,788,89,5,26.00,43908.28,0.05,0.05,N,O,1997-08-05,1997-10-24,1997-08-07,DELIVER IN PERSON,SHIP, among the courts are slyly expres
1253-1,1253,1800,27,1,14.00,23825.20,0.00,0.06,R,F,1993-04-03,1993-04-16,1993-04-27,TAKE BACK RETURN,MAIL,lly bold courts against the special pinto b
1253-2,1253,540,1,2,13.00,18727.02,0.01,0.06,A,F,1993-03-05,1993-04-26,1993-03-08,DELIVER IN PERSON,FOB,le slyly fi
1253-3,1253,694,95,3,22.00,35083.18,0.05,0.06,A,F,1993-02-23,1993-04-06,1993-03-07,TAKE BACK RETURN,SHIP,"ind regular, final packages. blithely final"
1253-4,1253,1756,41,4,23.00,38128.25,0.09,0.02,R,F,1993-04-18,1993-04-18,1993-05-07,COLLECT COD,FOB,lly bold accounts af
1253-5,1253,1140,77,5,19.00,19781.66,0.05,0.05,A,F,1993-04-01,1993-04-22,1993-04-14,TAKE BACK RETURN,AIR,"es. even, pe"
1254-1,1254,1924,69,1,6.00,10955.52,0.08,0.01,N,O,1996-02-02,1996-03-21,1996-02-29,NONE,REG AIR,y around the furiously reg
1254-2,1254,1995,84,2,47.00,89158.53,0.05,0.06,N,O,1996-03-07,1996-02-20,1996-04-05,COLLECT COD,MAIL,"ending, final re"
1254-3,1254,1345,46,3,35.00,43621.90,0.05,0.06,N,O,1996-04-08,1996-02-29,1996-04-18,DELIVER IN PERSON,FOB, asymptotes. fluffily express packages
1255-1,1255,1919,64,1,12.00,21850.92,0.00,0.02,A,F,1994-08-17,1994-06-29,1994-09-04,TAKE BACK RETURN,REG AIR,accounts nag fluffily even deco
1255-2,1255,1938,71,2,46.00,84636.78,0.07,0.05,R,F,1994-07-06,1994-07-14,1994-08-05,NONE,MAIL,kages cajol
1280-1,1280,1287,62,1,17.00,20200.76,0.01,0.01,A,F,1993-02-04,1993-04-10,1993-02-07,NONE,FOB,hely carefully final requests. e
1280-2,1280,1884,14,2,6.00,10715.28,0.05,0.06,R,F,1993-03-30,1993-02-16,1993-04-18,DELIVER IN PERSON,AIR,detect slyly ac
1280-3,1280,322,79,3,13.00,15890.16,0.03,0.02,R,F,1993-03-06,1993-03-11,1993-03-18,DELIVER IN PERSON,TRUCK,th the furiously regular ideas. bli
1280-4,1280,1748,75,4,5.00,8248.70,0.06,0.03,R,F,1993-02-03,1993-02-11,1993-02-23,DELIVER IN PERSON,AIR,olites cajole. slyly special requests abo
1280-5,1280,520,51,5,24.00,34092.48,0.07,0.02,R,F,1993-03-20,1993-03-01,1993-04-09,COLLECT COD,RAIL,lites. slyly ironic orbits affix thinl
1280-6,1280,653,16,6,9.00,13982.85,0.00,0.05,R,F,1993-04-18,1993-03-28,1993-05-04,DELIVER IN PERSON,FOB,tions accor
1280-7,1280,916,19,7,19.00,34521.29,0.02,0.06,A,F,1993-02-07,1993-02-28,1993-02-12,NONE,TRUCK, haggle above the slyly ironic de
1281-1,1281,1379,18,1,33.00,42252.21,0.07,0.08,R,F,1995-02-01,1995-01-18,1995-03-03,NONE,REG AIR, the deposits are alongside of the fin
1281-2,1281,64,15,2,37.00,35670.22,0.08,0.03,A,F,1995-03-19,1995-02-02,1995-03-27,NONE,AIR,nal theodoli
1281-3,1281,937,6,3,2.00,3675.86,0.05,0.06,A,F,1994-12-27,1995-01-26,1995-01-21,TAKE BACK RETURN,FOB,cross the carefully pending foxes
1281-4,1281,1531,72,4,38.00,54436.14,0.04,0.06,R,F,1995-03-28,1995-01-11,1995-04-14,TAKE BACK RETURN,MAIL,ironic hockey players caj
1281-5,1281,1514,55,5,13.00,18401.63,0.03,0.07,A,F,1995-02-06,1995-02-13,1995-02-18,DELIVER IN PERSON,TRUCK, beans detect slyly. dep
1281-6,1281,493,81,6,4.00,5573.96,0.07,0.04,R,F,1995-03-15,1995-02-21,1995-03-20,NONE,SHIP,ording to the slyly pending requests affi
1281-7,1281,779,76,7,43.00,72230.11,0.10,0.02,R,F,1995-01-28,1995-02-08,1995-02-10,DELIVER IN PERSON,AIR, accounts. foxes play slyly alongsi
1282-1,1282,225,26,1,14.00,15753.08,0.04,0.02,R,F,1992-06-29,1992-04-05,1992-07-21,TAKE BACK RETURN,REG AIR,have to integ
1282-2,1282,292,47,2,10.00,11922.90,0.09,0.06,R,F,1992-04-10,1992-04-16,1992-05-01,DELIVER IN PERSON,SHIP,iously entic
1282-3,1282,1596,97,3,19.00,28454.21,0.01,0.03,R,F,1992-05-07,1992-04-07,1992-05-13,NONE,RAIL,tructions integrate. qui
1282-4,1282,584,85,4,19.00,28207.02,0.00,0.05,A,F,1992-06-20,1992-04-17,1992-07-05,DELIVER IN PERSON,REG AIR,uickly regular pinto beans. entic
1283-1,1283,927,30,1,47.00,85912.24,0.05,0.03,N,O,1996-10-21,1996-10-29,1996-11-12,DELIVER IN PERSON,TRUCK,ing packages kindle furiously ironic pl
1283-2,1283,1054,25,2,1.00,955.05,0.00,0.08,N,O,1996-10-07,1996-10-12,1996-10-08,NONE,RAIL,t the slyly regular accou
1283-3,1283,1371,86,3,18.00,22902.66,0.02,0.01,N,O,1996-10-14,1996-11-07,1996-10-22,DELIVER IN PERSON,AIR,ssly pending requests. inst
1283-4,1283,1920,65,4,40.00,72876.80,0.07,0.03,N,O,1996-11-09,1996-11-23,1996-11-28,NONE,MAIL,. special deposits affix furiously regul
1283-5,1283,1235,73,5,43.00,48857.89,0.01,0.04,N,O,1996-09-29,1996-11-19,1996-10-26,TAKE BACK RETURN,RAIL, final dependencies sleep fluff
1283-6,1283,76,52,6,30.00,29282.10,0.06,0.07,N,O,1996-11-22,1996-11-22,1996-12-15,COLLECT COD,TRUCK, braids wake f
1283-7,1283,1963,64,7,21.00,39164.16,0.04,0.03,N,O,1996-09-12,1996-10-02,1996-10-12,NONE,REG AIR,"onic, unusual "
1284-1,1284,1775,60,1,49.00,82161.73,0.00,0.06,N,O,1996-04-11,1996-03-04,1996-04-16,NONE,MAIL,ns wake quickly among the package
1284-2,1284,54,55,2,4.00,3816.20,0.07,0.06,N,O,1996-02-29,1996-02-11,1996-03-01,TAKE BACK RETURN,TRUCK,ly bold multipliers a
1284-3,1284,1326,27,3,39.00,47865.48,0.08,0.00,N,O,1996-01-11,1996-02-07,1996-02-05,COLLECT COD,MAIL,arefully sl
1284-4,1284,583,84,4,1.00,1483.58,0.01,0.07,N,O,1996-04-28,1996-04-02,1996-05-08,DELIVER IN PERSON,SHIP, are. furiously express requests hag
1284-5,1284,334,35,5,9.00,11108.97,0.05,0.06,N,O,1996-03-03,1996-03-19,1996-04-01,DELIVER IN PERSON,REG AIR,dencies. quickly 
1285-1,1285,216,17,1,12.00,13394.52,0.00,0.06,A,F,1992-06-21,1992-08-16,1992-07-12,COLLECT COD,MAIL,carefully express pinto beans. quickly re
1285-2,1285,1423,63,2,45.00,59598.90,0.01,0.02,R,F,1992-09-05,1992-08-08,1992-10-02,COLLECT COD,REG AIR,y. furiously final packages wake b
1285-3,1285,1882,12,3,4.00,7135.52,0.09,0.06,A,F,1992-07-20,1992-08-17,1992-07-26,DELIVER IN PERSON,FOB,yly about the slyly regular pa
1285-4,1285,1875,19,4,39.00,69297.93,0.05,0.01,A,F,1992-09-15,1992-08-05,1992-10-05,DELIVER IN PERSON,TRUCK,y final pack
1285-5,1285,836,3,5,33.00,57315.39,0.00,0.08,R,F,1992-09-08,1992-08-25,1992-09-16,NONE,SHIP,nic theodo
1286-1,1286,1771,72,1,49.00,81965.73,0.08,0.01,R,F,1993-06-24,1993-08-12,1993-06-26,DELIVER IN PERSON,SHIP,ag carefull
1286-2,1286,483,13,2,48.00,66407.04,0.01,0.04,A,F,1993-07-11,1993-07-11,1993-08-01,COLLECT COD,TRUCK, the closel
1286-3,1286,1886,73,3,11.00,19666.68,0.03,0.04,R,F,1993-08-08,1993-07-30,1993-09-05,DELIVER IN PERSON,FOB,s boost slyly quietly even
1286-4,1286,1838,39,4,37.00,64373.71,0.00,0.02,R,F,1993-05-27,1993-07-11,1993-06-01,COLLECT COD,SHIP,y: quickly even accounts after the ironic 
1286-5,1286,1641,65,5,14.00,21596.96,0.00,0.01,R,F,1993-05-23,1993-08-09,1993-06-01,NONE,REG AIR,sly furious
1286-6,1286,1460,78,6,41.00,55819.86,0.04,0.05,R,F,1993-08-02,1993-08-06,1993-08-07,TAKE BACK RETURN,FOB,sits cajole. unusual
1287-1,1287,1732,17,1,35.00,57180.55,0.09,0.06,A,F,1994-09-07,1994-09-12,1994-09-30,TAKE BACK RETURN,FOB,quickly final warho
1287-2,1287,946,15,2,10.00,18469.40,0.08,0.03,R,F,1994-07-08,1994-08-28,1994-07-10,TAKE BACK RETURN,RAIL,l pinto beans are. slyly even packages sl
1287-3,1287,3,4,3,30.00,27090.00,0.00,0.07,R,F,1994-07-12,1994-09-23,1994-08-07,NONE,RAIL,deas haggle according t
1287-4,1287,617,11,4,10.00,15176.10,0.01,0.05,A,F,1994-09-03,1994-08-12,1994-09-16,TAKE BACK RETURN,REG AIR,ideas are quietly furi
1287-5,1287,1790,75,5,21.00,35527.59,0.06,0.02,A,F,1994-10-06,1994-09-25,1994-10-16,TAKE BACK RETURN,TRUCK,otes. closely even dept
1287-6,1287,205,60,6,26.00,28735.20,0.03,0.08,R,F,1994-10-03,1994-09-27,1994-10-30,DELIVER IN PERSON,RAIL,ess ideas. sly theodolites at the bus
1312-1,1312,807,74,1,9.00,15370.20,0.04,0.08,R,F,1994-07-19,1994-06-29,1994-07-24,TAKE BACK RETURN,MAIL, furiously a
1312-2,1312,1360,61,2,28.00,35318.08,0.06,0.06,A,F,1994-09-09,1994-08-01,1994-10-02,TAKE BACK RETURN,FOB, pending courts affix alongside of th
1312-3,1312,1730,57,3,18.00,29371.14,0.03,0.07,A,F,1994-09-13,1994-07-08,1994-09-22,TAKE BACK RETURN,MAIL,thinly even id
1313-1,1313,514,5,1,48.00,67896.48,0.01,0.03,A,F,1994-12-20,1994-10-29,1995-01-07,COLLECT COD,MAIL,ep carefull
1314-1,1314,1978,23,1,5.00,9399.85,0.03,0.01,A,F,1994-05-26,1994-08-06,1994-05-31,TAKE BACK RETURN,AIR,s boost across the blithely re
1314-2,1314,1094,65,2,39.00,38808.51,0.01,0.03,R,F,1994-08-09,1994-06-14,1994-08-31,TAKE BACK RETURN,TRUCK,"l, regular dependencie"
1314-3,1314,410,11,3,11.00,14414.51,0.01,0.04,A,F,1994-05-16,1994-07-30,1994-05-31,COLLECT COD,REG AIR,ickly carefully
1315-1,1315,956,91,1,27.00,50137.65,0.01,0.03,N,O,1998-07-04,1998-06-13,1998-07-28,NONE,SHIP,e furiously. furiously regular de
1315-2,1315,158,37,2,15.00,15872.25,0.05,0.01,N,O,1998-07-12,1998-06-10,1998-08-07,COLLECT COD,AIR,wake furiously carefully ironic req
1315-3,1315,1672,96,3,25.00,39341.75,0.01,0.08,N,O,1998-06-26,1998-06-10,1998-07-06,TAKE BACK RETURN,FOB,across the carefully fina
1315-4,1315,1610,34,4,19.00,28720.59,0.02,0.05,N,O,1998-07-05,1998-05-23,1998-08-04,TAKE BACK RETURN,SHIP, quickly. carefully regular deposit
1315-5,1315,1586,27,5,32.00,47602.56,0.10,0.05,N,O,1998-03-30,1998-06-12,1998-04-25,NONE,SHIP,tions sleep. bold
1316-1,1316,1265,40,1,46.00,53647.96,0.05,0.04,A,F,1994-01-13,1994-01-24,1994-02-03,COLLECT COD,TRUCK,e furiously final
1316-2,1316,782,15,2,15.00,25241.70,0.02,0.01,R,F,1994-03-12,1994-03-02,1994-03-14,COLLECT COD,FOB,"near the permanent, iron"
1316-3,1316,1973,74,3,33.00,61874.01,0.10,0.06,R,F,1994-03-31,1994-01-23,1994-04-20,TAKE BACK RETURN,AIR, blithely regular platelets. silent
1316-4,1316,651,14,4,15.00,23274.75,0.00,0.06,R,F,1993-12-17,1994-02-04,1993-12-20,NONE,RAIL,"lly according to the special, final theodol"
1316-5,1316,408,9,5,40.00,52336.00,0.01,0.03,R,F,1994-02-04,1994-02-09,1994-02-27,NONE,REG AIR,"regular, unus"
1316-6,1316,34,60,6,7.00,6538.21,0.05,0.04,A,F,1993-12-09,1994-01-12,1993-12-30,TAKE BACK RETURN,MAIL,s. fluffily regular deposit
1316-7,1316,1621,45,7,8.00,12180.96,0.10,0.04,A,F,1994-03-26,1994-02-08,1994-04-19,NONE,SHIP,pending requests detect quickly about th
1317-1,1317,1338,39,1,34.00,42137.22,0.08,0.04,N,O,1995-08-13,1995-08-08,1995-09-10,COLLECT COD,RAIL,y ironic accounts. fluffily final court
1317-2,1317,1596,17,2,7.00,10483.13,0.05,0.01,A,F,1995-06-08,1995-08-03,1995-06-16,TAKE BACK RETURN,SHIP,ironic accounts are. slyly silent grouche
1317-3,1317,1572,73,3,26.00,38312.82,0.01,0.02,N,O,1995-07-13,1995-06-26,1995-08-06,COLLECT COD,RAIL,cuses. blithe
1317-4,1317,1052,58,4,35.00,33356.75,0.05,0.02,N,O,1995-07-16,1995-07-07,1995-07-22,TAKE BACK RETURN,FOB,nts sleep blithely fluffily bol
1317-5,1317,1495,13,5,36.00,50273.64,0.02,0.00,N,O,1995-09-03,1995-07-06,1995-09-04,DELIVER IN PERSON,AIR, furiously even
1318-1,1318,1137,46,1,24.00,24915.12,0.08,0.06,N,O,1998-09-27,1998-09-15,1998-10-12,TAKE BACK RETURN,AIR,s nag. unusual dependencies use fu
1318-2,1318,459,89,2,26.00,35345.70,0.01,0.03,N,O,1998-09-26,1998-08-09,1998-10-07,DELIVER IN PERSON,FOB,ckages. slow r
1318-3,1318,1284,22,3,31.00,36743.68,0.01,0.04,N,O,1998-08-25,1998-07-31,1998-08-31,COLLECT COD,AIR,ly pending foxes are 
1319-1,1319,610,73,1,21.00,31722.81,0.03,0.04,N,O,1996-10-05,1996-12-02,1996-10-28,COLLECT COD,FOB,nticing packages. pen
1319-2,1319,367,24,2,12.00,15208.32,0.09,0.05,N,O,1996-11-05,1996-12-12,1996-11-29,DELIVER IN PERSON,TRUCK,"s. dogged, even deposits affix caref"
1344-1,1344,1401,80,1,15.00,19536.00,0.10,0.07,A,F,1992-06-22,1992-06-24,1992-06-23,TAKE BACK RETURN,MAIL,"cross the express, even requests haggle"
1344-2,1344,1899,86,2,29.00,52225.81,0.09,0.00,A,F,1992-07-17,1992-06-07,1992-07-21,NONE,REG AIR,. instructions believe slyly slyly regu
1345-1,1345,1972,73,1,49.00,91824.53,0.08,0.00,A,F,1992-12-27,1993-01-23,1993-01-06,NONE,FOB," final, even dependencies after the bold pa"
1345-2,1345,113,66,2,37.00,37485.07,0.10,0.07,A,F,1992-11-27,1992-12-11,1992-12-07,COLLECT COD,FOB,ess requests haggle. carefully unusual depe
1345-3,1345,567,68,3,31.00,45494.36,0.08,0.07,R,F,1992-12-02,1992-12-29,1992-12-14,COLLECT COD,REG AIR,ses sleep slyly final packages
1346-1,1346,1591,32,1,29.00,43285.11,0.07,0.05,A,F,1992-08-18,1992-09-15,1992-09-17,TAKE BACK RETURN,REG AIR,usily abou
1346-2,1346,1245,46,2,48.00,55019.52,0.06,0.03,A,F,1992-09-28,1992-07-22,1992-10-13,TAKE BACK RETURN,REG AIR,"e silently. regular, sile"
1346-3,1346,539,40,3,13.00,18713.89,0.10,0.04,A,F,1992-07-22,1992-08-10,1992-08-06,NONE,SHIP,lar accounts across the quietly even plate
1346-4,1346,1236,37,4,6.00,6823.38,0.02,0.02,R,F,1992-09-13,1992-07-21,1992-09-27,TAKE BACK RETURN,AIR,"ithely even deposits use furiously. even, i"
1346-5,1346,1861,62,5,30.00,52885.80,0.01,0.07,R,F,1992-10-01,1992-07-22,1992-10-24,NONE,SHIP,l requests. regularly iron
1346-6,1346,151,30,6,45.00,47301.75,0.02,0.04,A,F,1992-09-11,1992-08-06,1992-09-12,COLLECT COD,FOB,s among the sly
1347-1,1347,802,2,1,45.00,76626.00,0.02,0.05,N,O,1997-08-24,1997-09-03,1997-09-08,COLLECT COD,AIR,ong the accounts u
1347-2,1347,1424,3,2,34.00,45064.28,0.07,0.04,N,O,1997-06-25,1997-09-08,1997-07-24,COLLECT COD,FOB,ing theodolit
1347-3,1347,1849,50,3,23.00,40269.32,0.03,0.04,N,O,1997-07-31,1997-08-25,1997-08-21,COLLECT COD,SHIP,fluffily regular ideas. furiously
1347-4,1347,1121,58,4,28.00,28619.36,0.01,0.00,N,O,1997-07-30,1997-07-22,1997-08-18,TAKE BACK RETURN,FOB, behind the pending deposits shall
1347-5,1347,642,43,5,9.00,13883.76,0.01,0.03,N,O,1997-08-28,1997-09-16,1997-09-26,DELIVER IN PERSON,AIR,usly along the final notornis. 
1347-6,1347,1524,5,6,21.00,29935.92,0.06,0.04,N,O,1997-10-10,1997-08-16,1997-11-02,NONE,FOB,ourts wake bold deposit
1347-7,1347,503,94,7,10.00,14035.00,0.02,0.07,N,O,1997-07-04,1997-07-23,1997-07-05,DELIVER IN PERSON,SHIP,gainst the s
1348-1,1348,943,78,1,13.00,23971.22,0.01,0.01,N,O,1998-04-28,1998-06-05,1998-05-12,TAKE BACK RETURN,SHIP,gular foxes
1348-2,1348,220,2,2,41.00,45929.02,0.07,0.03,N,O,1998-05-02,1998-05-26,1998-05-09,COLLECT COD,RAIL,ove the furiously fluffy requ
1348-3,1348,1983,84,3,40.00,75399.20,0.07,0.05,N,O,1998-08-14,1998-07-10,1998-08-27,COLLECT COD,AIR,ing requests.
1348-4,1348,976,45,4,2.00,3753.94,0.01,0.04,N,O,1998-05-30,1998-06-20,1998-06-05,COLLECT COD,MAIL,ly regular requests integrate blithely acr
1349-1,1349,1806,50,1,1.00,1707.80,0.06,0.03,N,O,1998-01-07,1998-01-14,1998-02-03,COLLECT COD,REG AIR,ckages. slyly
1349-2,1349,1177,14,2,45.00,48517.65,0.03,0.02,N,O,1997-12-24,1998-01-17,1997-12-28,NONE,AIR, the deposits solve carefully package
1350-1,1350,537,98,1,21.00,30188.13,0.04,0.04,A,F,1993-12-17,1993-10-17,1993-12-25,COLLECT COD,REG AIR,ctions for the account
1350-2,1350,437,38,2,32.00,42797.76,0.03,0.00,R,F,1993-11-18,1993-09-30,1993-12-16,COLLECT COD,MAIL,ts was bli
1351-1,1351,1073,74,1,25.00,24351.75,0.06,0.04,N,O,1998-06-02,1998-05-25,1998-06-22,COLLECT COD,SHIP,"al, final pa"
1376-1,1376,1686,28,1,22.00,34928.96,0.01,0.03,N,O,1997-08-05,1997-07-08,1997-09-03,NONE,REG AIR,ely bold deposits among 
1377-1,1377,1536,57,1,5.00,7187.65,0.06,0.05,N,O,1998-05-06,1998-07-08,1998-06-01,TAKE BACK RETURN,FOB,thely final asymptotes. final 
1377-2,1377,326,55,2,3.00,3678.96,0.10,0.04,N,O,1998-04-30,1998-07-02,1998-05-14,DELIVER IN PERSON,REG AIR,ans affix blithel
1377-3,1377,834,1,3,26.00,45105.58,0.07,0.07,N,O,1998-05-28,1998-06-11,1998-06-25,COLLECT COD,SHIP,ar ideas around the blithely final ac
1377-4,1377,1201,13,4,39.00,42985.80,0.00,0.03,N,O,1998-07-27,1998-07-18,1998-08-13,DELIVER IN PERSON,SHIP, bold accounts sleep. slowly unusual s
1377-5,1377,323,52,5,19.00,23243.08,0.10,0.00,N,O,1998-06-20,1998-06-27,1998-07-20,NONE,AIR,nto beans haggle slyly
1377-6,1377,1538,59,6,17.00,24472.01,0.03,0.04,N,O,1998-06-19,1998-07-20,1998-07-14,NONE,REG AIR,ep above the slyly re
1378-1,1378,1961,50,1,34.00,63340.64,0.09,0.07,N,O,1996-07-08,1996-04-23,1996-07-09,COLLECT COD,RAIL,accounts haggle. special accounts across t
1378-2,1378,1234,72,2,18.00,20434.14,0.05,0.02,N,O,1996-06-19,1996-05-16,1996-06-21,DELIVER IN PERSON,RAIL,al deposits unw
1378-3,1378,729,30,3,11.00,17926.92,0.10,0.03,N,O,1996-06-07,1996-05-09,1996-07-05,COLLECT COD,TRUCK, daringly daring noto
1378-4,1378,1707,8,4,12.00,19304.40,0.02,0.06,N,O,1996-06-16,1996-05-23,1996-07-09,COLLECT COD,SHIP,ickly darin
1378-5,1378,1553,54,5,9.00,13090.95,0.06,0.05,N,O,1996-04-20,1996-04-13,1996-05-09,COLLECT COD,REG AIR,. furiously bold packages a
1378-6,1378,1935,80,6,29.00,53270.97,0.05,0.05,N,O,1996-04-15,1996-04-23,1996-05-14,NONE,REG AIR,. accounts cajole quickly ironic
1379-1,1379,729,62,1,13.00,21186.36,0.04,0.01,N,O,1998-06-08,1998-07-13,1998-06-16,NONE,AIR,c decoys use deposits. platele
1379-2,1379,1172,9,2,50.00,53658.50,0.07,0.08,N,O,1998-08-31,1998-07-13,1998-09-02,TAKE BACK RETURN,FOB,xpress excu
1379-3,1379,124,51,3,24.00,24578.88,0.05,0.02,N,O,1998-07-06,1998-07-09,1998-07-29,DELIVER IN PERSON,MAIL,tes believe carefully furiously even 
1380-1,1380,1482,61,1,6.00,8300.88,0.00,0.04,N,O,1996-08-06,1996-10-01,1996-08-14,NONE,RAIL,ing to the ironic req
1380-2,1380,1408,87,2,40.00,52376.00,0.02,0.02,N,O,1996-10-01,1996-08-14,1996-10-20,COLLECT COD,RAIL,across the furiously sp
1380-3,1380,778,79,3,15.00,25181.55,0.05,0.02,N,O,1996-07-14,1996-08-12,1996-08-03,NONE,FOB,ounts wake among the sly
1380-4,1380,608,40,4,33.00,49783.80,0.04,0.07,N,O,1996-08-23,1996-10-01,1996-09-18,TAKE BACK RETURN,SHIP,l platelets. slyly busy dolphi
1381-1,1381,1431,71,1,47.00,62624.21,0.08,0.04,N,O,1998-09-22,1998-08-12,1998-10-12,DELIVER IN PERSON,AIR,ts wake boldly abo
1381-2,1381,332,61,2,12.00,14787.96,0.07,0.08,N,O,1998-08-13,1998-08-12,1998-08-28,TAKE BACK RETURN,AIR,tions eat furiously slyly 
1382-1,1382,1614,15,1,18.00,27280.98,0.08,0.03,R,F,1993-08-30,1993-10-19,1993-09-03,DELIVER IN PERSON,AIR,eep furiously. blithely regular
1382-2,1382,1809,10,2,29.00,49613.20,0.08,0.04,A,F,1993-10-08,1993-11-11,1993-10-10,COLLECT COD,FOB,ironic forges. accounts wake q
1382-3,1382,1779,64,3,43.00,72273.11,0.10,0.04,A,F,1993-09-02,1993-10-06,1993-09-15,DELIVER IN PERSON,AIR,es wake carefully beneath the blithely unu
1382-4,1382,1806,36,4,11.00,18785.80,0.04,0.04,R,F,1993-09-17,1993-09-29,1993-09-21,NONE,SHIP,ully across the quickly regular decoys. 
1382-5,1382,1562,63,5,31.00,45370.36,0.07,0.03,R,F,1993-10-26,1993-10-15,1993-11-09,TAKE BACK RETURN,FOB,uriously regular theodolites
1382-6,1382,99,50,6,38.00,37965.42,0.07,0.07,R,F,1993-11-17,1993-09-28,1993-11-20,COLLECT COD,SHIP,regular packages do sleep 
1382-7,1382,228,29,7,5.00,5641.10,0.07,0.01,R,F,1993-10-02,1993-09-29,1993-10-12,DELIVER IN PERSON,REG AIR,ffily. blithely even theodolites are.
1383-1,1383,1929,62,1,14.00,25632.88,0.07,0.06,A,F,1993-08-25,1993-07-09,1993-09-12,DELIVER IN PERSON,RAIL,thely along the excuses. final pin
1383-2,1383,1602,44,2,19.00,28568.40,0.06,0.04,R,F,1993-05-24,1993-07-07,1993-06-14,NONE,AIR,ages maintain carefully e
1408-1,1408,1480,98,1,29.00,40062.92,0.03,0.04,N,O,1998-03-12,1998-02-14,1998-03-17,COLLECT COD,MAIL,totes sleep carefully. pe
1408-2,1408,1724,9,2,7.00,11380.04,0.05,0.06,N,O,1998-01-14,1998-03-21,1998-01-29,COLLECT COD,AIR,"ven, express pinto beans haggle blithely"
1408-3,1408,756,89,3,11.00,18224.25,0.00,0.03,N,O,1998-04-04,1998-01-29,1998-04-18,NONE,REG AIR,. quietly express accounts 
1408-4,1408,1471,11,4,20.00,27449.40,0.06,0.00,N,O,1998-04-21,1998-01-25,1998-05-12,DELIVER IN PERSON,TRUCK, carefully about
1408-5,1408,1697,98,5,41.00,65546.29,0.02,0.06,N,O,1998-02-25,1998-02-03,1998-03-13,COLLECT COD,REG AIR,ctions are carefu
1408-6,1408,1335,50,6,42.00,51925.86,0.05,0.08,N,O,1998-01-30,1998-02-07,1998-02-18,TAKE BACK RETURN,REG AIR,ding deposits. regular instructions
1408-7,1408,546,47,7,26.00,37610.04,0.00,0.00,N,O,1998-03-19,1998-03-14,1998-04-01,COLLECT COD,RAIL,blithely re
1409-1,1409,989,24,1,23.00,43469.54,0.01,0.03,A,F,1993-04-18,1993-02-25,1993-05-06,DELIVER IN PERSON,FOB, fluffily silent excuses. furiously fi
1409-2,1409,645,8,2,36.00,55643.04,0.09,0.02,A,F,1993-01-27,1993-01-31,1993-02-07,COLLECT COD,FOB,uffily. even deposits w
1409-3,1409,1591,92,3,17.00,25374.03,0.07,0.00,R,F,1993-04-15,1993-03-01,1993-04-29,NONE,REG AIR, final deposits would haggle
1410-1,1410,1203,78,1,15.00,16563.00,0.06,0.05,N,O,1997-05-25,1997-07-08,1997-06-15,NONE,SHIP,yly across the carefull
1410-2,1410,1783,26,2,18.00,30326.04,0.03,0.00,N,O,1997-06-03,1997-05-17,1997-06-07,TAKE BACK RETURN,RAIL,g the final accounts. carefully dogged 
1410-3,1410,1082,53,3,37.00,36373.96,0.02,0.01,N,O,1997-04-17,1997-06-18,1997-04-19,COLLECT COD,TRUCK,gular pack
1410-4,1410,1876,6,4,22.00,39113.14,0.10,0.00,N,O,1997-07-31,1997-05-17,1997-08-19,TAKE BACK RETURN,RAIL,breach fluffi
1410-5,1410,659,53,5,25.00,38991.25,0.09,0.02,N,O,1997-05-07,1997-07-10,1997-05-16,NONE,REG AIR,onic deposits hang furiously along the
1411-1,1411,164,43,1,9.00,9577.44,0.06,0.04,A,F,1995-03-08,1995-03-04,1995-03-11,DELIVER IN PERSON,AIR,kages after the 
1411-2,1411,1065,66,2,26.00,25117.56,0.02,0.02,A,F,1995-04-12,1995-01-24,1995-05-03,TAKE BACK RETURN,TRUCK, ironic requ
1411-3,1411,261,16,3,37.00,42966.62,0.00,0.06,A,F,1995-02-27,1995-03-02,1995-03-24,NONE,MAIL,ndle along the slyly regular id
1411-4,1411,2000,89,4,20.00,18040.00,0.01,0.03,R,F,1995-04-06,1995-03-16,1995-04-17,COLLECT COD,FOB, the instruct
1411-5,1411,829,96,5,46.00,79571.72,0.08,0.05,A,F,1995-04-03,1995-01-20,1995-04-05,DELIVER IN PERSON,REG AIR,lyly even packages are
1411-6,1411,762,27,6,30.00,49882.80,0.09,0.04,A,F,1995-01-12,1995-02-01,1995-01-23,DELIVER IN PERSON,MAIL,e deposits wake regularly sly
1412-1,1412,572,33,1,37.00,54485.09,0.06,0.01,A,F,1993-04-10,1993-04-19,1993-04-12,DELIVER IN PERSON,RAIL,fully regular dependencie
1412-2,1412,1551,32,2,20.00,29051.00,0.10,0.05,A,F,1993-07-04,1993-05-18,1993-07-22,DELIVER IN PERSON,REG AIR,d ideas sleep blithely ag
1412-3,1412,227,82,3,2.00,2254.44,0.10,0.07,R,F,1993-04-01,1993-05-03,1993-04-12,DELIVER IN PERSON,REG AIR,nal requests-- quickly exp
1412-4,1412,1662,63,4,11.00,17200.26,0.05,0.07,R,F,1993-05-27,1993-05-30,1993-06-07,DELIVER IN PERSON,MAIL,ly silent realms. furiously even f
1412-5,1412,1577,18,5,11.00,16264.27,0.08,0.06,A,F,1993-03-30,1993-05-25,1993-04-21,NONE,FOB,"ual accounts affix slyly. ironic, special "
1413-1,1413,1780,81,1,18.00,30272.04,0.08,0.05,N,O,1997-10-11,1997-08-17,1997-10-25,NONE,FOB,lithely bold theodolites! regular th
1413-2,1413,1643,67,2,49.00,75687.36,0.07,0.06,N,O,1997-08-28,1997-08-23,1997-09-12,DELIVER IN PERSON,MAIL,pending packag
1413-3,1413,416,46,3,6.00,7898.46,0.04,0.02,N,O,1997-09-07,1997-07-30,1997-09-21,TAKE BACK RETURN,MAIL,ily. ironic instru
1414-1,1414,373,58,1,39.00,49661.43,0.10,0.03,N,O,1995-09-22,1995-09-30,1995-10-07,NONE,MAIL," nag final,"
1414-2,1414,1065,66,2,4.00,3864.24,0.02,0.05,N,O,1995-09-16,1995-11-01,1995-10-02,COLLECT COD,AIR,gainst the furi
1415-1,1415,1483,84,1,25.00,34612.00,0.06,0.00,A,F,1994-09-03,1994-07-12,1994-09-13,DELIVER IN PERSON,RAIL,ss platelets ar
1440-1,1440,1923,12,1,3.00,5474.76,0.06,0.01,N,O,1995-10-30,1995-10-17,1995-11-08,COLLECT COD,SHIP,en theodolites boost furiously. re
1440-2,1440,1138,47,2,46.00,47799.98,0.02,0.03,N,O,1995-09-21,1995-10-19,1995-10-19,NONE,RAIL,es nag furiously. regular pa
1441-1,1441,1432,11,1,5.00,6667.15,0.04,0.01,N,O,1997-05-17,1997-05-11,1997-05-30,COLLECT COD,MAIL,"ld instructions. silent, final theodol"
1441-2,1441,1767,10,2,5.00,8343.80,0.02,0.05,N,O,1997-04-25,1997-04-16,1997-05-23,COLLECT COD,FOB,ual orbits. packages af
1441-3,1441,1178,51,3,14.00,15108.38,0.01,0.03,N,O,1997-06-30,1997-04-29,1997-07-24,DELIVER IN PERSON,REG AIR, even requests hagg
1441-4,1441,1599,40,4,37.00,55521.83,0.01,0.00,N,O,1997-04-26,1997-04-27,1997-04-29,NONE,REG AIR,tions. platelets boost pending pac
1441-5,1441,714,11,5,34.00,54900.14,0.09,0.00,N,O,1997-06-12,1997-05-11,1997-06-29,TAKE BACK RETURN,RAIL,ly ironic foxes detect after the
1441-6,1441,244,99,6,15.00,17163.60,0.09,0.08,N,O,1997-05-21,1997-05-06,1997-06-04,NONE,REG AIR,ts wake furiously. f
1441-7,1441,958,61,7,50.00,92947.50,0.03,0.01,N,O,1997-06-07,1997-05-12,1997-06-08,NONE,SHIP,usly final dependenci
1442-1,1442,251,6,1,8.00,9210.00,0.05,0.01,A,F,1994-10-31,1994-09-04,1994-11-25,COLLECT COD,AIR,ly pending excuses use blithely 
1443-1,1443,337,66,1,47.00,58154.51,0.04,0.06,N,O,1997-02-05,1997-02-02,1997-03-03,NONE,RAIL,. final theodolites detect a
1444-1,1444,1696,20,1,42.00,67102.98,0.01,0.02,R,F,1994-12-22,1995-03-03,1994-12-31,NONE,SHIP, at the carefully pending instructions. u
1444-2,1444,567,28,2,34.00,49897.04,0.04,0.08,A,F,1995-02-22,1995-02-15,1995-03-19,TAKE BACK RETURN,AIR,es nag finally a
1444-3,1444,1548,89,3,34.00,49284.36,0.02,0.07,R,F,1994-12-17,1995-01-12,1995-01-03,COLLECT COD,AIR,ts nag quickly
1444-4,1444,1188,61,4,6.00,6535.08,0.06,0.03,A,F,1995-01-07,1995-03-05,1995-01-17,COLLECT COD,RAIL,ally final inst
1444-5,1444,192,93,5,35.00,38226.65,0.02,0.05,A,F,1995-02-25,1995-03-05,1995-03-24,DELIVER IN PERSON,SHIP,the excuses.
1444-6,1444,323,80,6,42.00,51379.44,0.00,0.02,A,F,1994-12-16,1995-02-18,1994-12-22,DELIVER IN PERSON,RAIL,blithely packages. asymptotes nag: b
1444-7,1444,820,21,7,12.00,20649.84,0.00,0.03,R,F,1994-12-23,1995-01-15,1995-01-13,COLLECT COD,TRUCK,sleep slyly. the
1445-1,1445,994,95,1,24.00,45479.76,0.01,0.00,A,F,1995-02-21,1995-02-22,1995-03-18,DELIVER IN PERSON,SHIP,ual packages. regular instr
1445-2,1445,669,70,2,48.00,75343.68,0.10,0.02,A,F,1995-02-28,1995-03-16,1995-03-12,COLLECT COD,MAIL,"bold, special requests boost fu"
1445-3,1445,1912,57,3,7.00,12697.37,0.10,0.04,A,F,1995-04-25,1995-02-25,1995-05-10,NONE,SHIP, packages cajole ironically 
1445-4,1445,279,61,4,17.00,20047.59,0.04,0.07,A,F,1995-04-02,1995-04-04,1995-05-01,COLLECT COD,FOB,mpress according to the qui
1445-5,1445,1345,84,5,24.00,29912.16,0.10,0.06,R,F,1995-04-23,1995-02-16,1995-05-18,NONE,REG AIR,e excuses. accounts are acco
1445-6,1445,1671,72,6,39.00,61334.13,0.03,0.02,A,F,1995-02-05,1995-02-20,1995-02-06,NONE,MAIL,even packages grow 
1446-1,1446,719,20,1,31.00,50211.01,0.10,0.02,N,O,1998-05-01,1998-05-17,1998-05-30,NONE,REG AIR,posits doze
1447-1,1447,1661,44,1,19.00,29690.54,0.06,0.04,A,F,1993-01-31,1992-12-07,1993-02-04,COLLECT COD,MAIL,st the quickly re
1447-2,1447,311,68,2,6.00,7267.86,0.01,0.05,A,F,1992-10-24,1992-12-10,1992-11-05,DELIVER IN PERSON,AIR,fully final packages wake furiously 
1447-3,1447,387,72,3,9.00,11586.42,0.04,0.00,R,F,1992-11-15,1993-01-07,1992-11-29,DELIVER IN PERSON,MAIL,"nic, even acc"
1447-4,1447,218,100,4,8.00,8945.68,0.09,0.08,R,F,1992-11-20,1993-01-12,1992-12-14,COLLECT COD,FOB,e the ironic p
1447-5,1447,1295,96,5,23.00,27514.67,0.02,0.07,A,F,1992-12-07,1992-12-25,1993-01-06,TAKE BACK RETURN,AIR,usly ironic foxes maintain 
1447-6,1447,1996,85,6,41.00,77817.59,0.08,0.02,R,F,1993-01-06,1993-01-05,1993-01-13,TAKE BACK RETURN,MAIL,y regular d
1472-1,1472,73,49,1,36.00,35030.52,0.04,0.05,N,O,1996-11-06,1996-11-13,1996-11-12,COLLECT COD,SHIP,tions use fluffily express dolphins. sly
1472-2,1472,1321,98,2,26.00,31780.32,0.03,0.05,N,O,1996-11-08,1996-11-13,1996-12-02,DELIVER IN PERSON,FOB,tes. always e
1472-3,1472,6,82,3,6.00,5436.00,0.08,0.01,N,O,1996-10-24,1996-11-19,1996-11-23,COLLECT COD,FOB, foxes nag evenly above the blithely 
1473-1,1473,535,96,1,50.00,71776.50,0.04,0.03,N,O,1997-05-05,1997-05-20,1997-05-09,NONE,TRUCK,he dependencies! pending accounts about the
1473-2,1473,675,69,2,32.00,50421.44,0.00,0.08,N,O,1997-04-18,1997-05-12,1997-05-10,DELIVER IN PERSON,REG AIR,cajole slyly. furiously regular pi
1474-1,1474,150,29,1,5.00,5250.75,0.05,0.04,A,F,1995-04-22,1995-02-20,1995-05-06,COLLECT COD,SHIP,e carefully-
1474-2,1474,1227,65,2,30.00,33846.60,0.04,0.02,A,F,1995-03-23,1995-02-11,1995-04-17,DELIVER IN PERSON,TRUCK,latelets unwind caref
1474-3,1474,911,80,3,18.00,32614.38,0.06,0.02,A,F,1995-01-23,1995-03-28,1995-02-03,NONE,RAIL, asymptotes affix
1475-1,1475,1680,4,1,15.00,23725.20,0.08,0.06,N,O,1998-02-12,1997-12-17,1998-03-02,TAKE BACK RETURN,SHIP,"ccording to the even, regular requests. bo"
1475-2,1475,1173,74,2,18.00,19335.06,0.07,0.00,N,O,1998-03-08,1998-01-18,1998-03-10,TAKE BACK RETURN,AIR,haggle furiously. enticingly ironic deposit
1475-3,1475,1440,80,3,30.00,40243.20,0.03,0.02,N,O,1998-03-11,1997-12-30,1998-03-15,COLLECT COD,REG AIR,into beans. accounts boost. furious
1475-4,1475,1870,71,4,50.00,88593.50,0.03,0.05,N,O,1997-12-14,1997-12-13,1997-12-21,COLLECT COD,AIR,long the blithe
1475-5,1475,315,72,5,33.00,40105.23,0.01,0.06,N,O,1998-01-02,1998-01-27,1998-01-11,NONE,FOB,. accounts wak
1475-6,1475,494,24,6,12.00,16733.88,0.04,0.04,N,O,1998-01-09,1997-12-30,1998-01-23,NONE,TRUCK,le about the regular pinto
1475-7,1475,1118,19,7,23.00,23439.53,0.02,0.00,N,O,1998-02-13,1998-02-05,1998-03-08,NONE,TRUCK, boost stealthily 
1476-1,1476,306,35,1,20.00,24126.00,0.02,0.03,N,O,1996-08-11,1996-09-18,1996-08-26,TAKE BACK RETURN,AIR,symptotes sleep carefully slyly s
1477-1,1477,720,85,1,31.00,50242.32,0.00,0.06,N,O,1997-12-16,1997-09-30,1997-12-17,COLLECT COD,RAIL,ideas cajole quickly. some
1477-2,1477,1097,3,2,8.00,7984.72,0.09,0.05,N,O,1997-10-25,1997-10-18,1997-11-16,COLLECT COD,MAIL,are slyly carefully special depende
1477-3,1477,1245,46,3,42.00,48142.08,0.06,0.00,N,O,1997-11-02,1997-11-02,1997-11-20,DELIVER IN PERSON,SHIP,ounts haggle quickly
1477-4,1477,1063,64,4,32.00,30849.92,0.05,0.08,N,O,1997-09-12,1997-10-26,1997-10-12,TAKE BACK RETURN,AIR,accounts. bold a
1477-5,1477,1149,50,5,41.00,43055.74,0.04,0.06,N,O,1997-12-16,1997-10-31,1998-01-12,DELIVER IN PERSON,REG AIR,ts. quickly regular asymptotes ab
1477-6,1477,690,53,6,49.00,77943.81,0.06,0.00,N,O,1997-11-18,1997-11-06,1997-11-27,COLLECT COD,FOB,"t the brave, unusual dolphins. e"
1477-7,1477,1191,28,7,33.00,36042.27,0.06,0.00,N,O,1997-11-12,1997-11-06,1997-11-24,DELIVER IN PERSON,TRUCK,ges cajole bl
1478-1,1478,337,38,1,21.00,25983.93,0.00,0.06,N,O,1997-09-20,1997-10-25,1997-10-06,TAKE BACK RETURN,MAIL,y. slyly ironic ideas
1479-1,1479,1489,29,1,33.00,45885.84,0.10,0.01,N,O,1996-03-12,1996-02-28,1996-03-31,DELIVER IN PERSON,FOB,iously furiously ironic excuses. even 
1504-1,1504,814,48,1,42.00,72022.02,0.02,0.03,R,F,1992-10-18,1992-10-14,1992-11-10,TAKE BACK RETURN,FOB,"efully express, express instructions. slyl"
1504-2,1504,1024,30,2,22.00,20350.44,0.04,0.03,A,F,1992-09-09,1992-10-29,1992-09-10,NONE,REG AIR, sleep blithely except 
1504-3,1504,1772,15,3,9.00,15063.93,0.07,0.02,R,F,1992-11-02,1992-10-12,1992-11-15,TAKE BACK RETURN,RAIL,arefully. carefully exp
1504-4,1504,1141,14,4,10.00,10421.40,0.04,0.07,A,F,1992-09-22,1992-10-22,1992-10-13,TAKE BACK RETURN,TRUCK,es are furiously. blithely unu
1504-5,1504,198,77,5,7.00,7687.33,0.02,0.00,R,F,1992-11-20,1992-11-23,1992-12-13,COLLECT COD,MAIL,g platelets a
1505-1,1505,1199,72,1,4.00,4400.76,0.09,0.00,A,F,1992-12-14,1992-11-11,1993-01-02,COLLECT COD,SHIP,ly regular de
1505-2,1505,1228,66,2,50.00,56461.00,0.00,0.02,R,F,1992-11-22,1992-09-24,1992-11-26,TAKE BACK RETURN,FOB,"tegrate regular, pending requests. "
1506-1,1506,1321,22,1,46.00,56226.72,0.04,0.05,R,F,1993-01-18,1992-11-11,1993-02-09,COLLECT COD,REG AIR,ts nag furiously fluffily unusual theodoli
1506-2,1506,1139,48,2,30.00,31203.90,0.07,0.02,A,F,1992-11-22,1992-10-25,1992-12-04,DELIVER IN PERSON,FOB,phins. blithely 
1506-3,1506,1907,52,3,28.00,50649.20,0.10,0.06,A,F,1992-09-22,1992-11-19,1992-10-09,TAKE BACK RETURN,AIR,s wake blithely. furiously r
1506-4,1506,278,33,4,37.00,43595.99,0.00,0.03,R,F,1992-11-04,1992-12-01,1992-11-23,TAKE BACK RETURN,TRUCK, regular packages. ironic packages a
1506-5,1506,1948,37,5,15.00,27749.10,0.05,0.00,R,F,1992-09-24,1992-11-11,1992-10-05,NONE,REG AIR,"pecial, unusual courts haggle. car"
1506-6,1506,496,55,6,38.00,53066.62,0.05,0.02,R,F,1992-12-02,1992-12-19,1992-12-29,NONE,REG AIR,deposits. blithely pen
1506-7,1506,1681,64,7,4.00,6330.72,0.07,0.00,R,F,1993-01-03,1992-12-06,1993-01-05,COLLECT COD,REG AIR,"c, final pinto"
1507-1,1507,671,34,1,25.00,39291.75,0.01,0.08,R,F,1994-01-07,1994-01-06,1994-01-11,NONE,RAIL, ironic packages h
1507-2,1507,400,29,2,33.00,42913.20,0.04,0.02,A,F,1993-10-29,1993-12-23,1993-11-14,DELIVER IN PERSON,REG AIR,requests are furiously blithely e
1507-3,1507,858,92,3,39.00,68595.15,0.03,0.07,R,F,1993-11-04,1993-12-16,1993-12-03,TAKE BACK RETURN,REG AIR,gular packages poach 
1508-1,1508,504,95,1,16.00,22472.00,0.02,0.06,N,O,1998-06-21,1998-05-30,1998-07-11,COLLECT COD,MAIL,c grouches cajole carefully accor
1508-2,1508,249,4,2,20.00,22984.80,0.06,0.01,N,O,1998-04-17,1998-06-11,1998-05-17,DELIVER IN PERSON,MAIL,accounts lose carefully special ex
1508-3,1508,922,25,3,43.00,78385.56,0.01,0.02,N,O,1998-06-01,1998-06-24,1998-06-03,TAKE BACK RETURN,TRUCK, mold. spe
1508-4,1508,1472,90,4,1.00,1373.47,0.02,0.02,N,O,1998-07-13,1998-06-03,1998-07-17,TAKE BACK RETURN,AIR,"final, unusual requests. ironic"
1508-5,1508,1347,24,5,29.00,36201.86,0.02,0.00,N,O,1998-08-03,1998-07-08,1998-08-22,COLLECT COD,RAIL,osits. pending packages u
1508-6,1508,27,3,6,5.00,4635.10,0.06,0.08,N,O,1998-05-22,1998-07-06,1998-06-04,COLLECT COD,REG AIR,"ss, regular instructions about the c"
1508-7,1508,1170,71,7,38.00,40704.46,0.03,0.06,N,O,1998-04-30,1998-06-23,1998-05-18,DELIVER IN PERSON,RAIL,into beans. sly accounts hag
1509-1,1509,272,27,1,14.00,16411.78,0.04,0.01,A,F,1993-10-04,1993-09-25,1993-10-21,NONE,TRUCK,side of th
1509-2,1509,109,10,2,46.00,46418.60,0.08,0.02,A,F,1993-10-15,1993-10-04,1993-11-01,TAKE BACK RETURN,FOB,eposits around 
1509-3,1509,1063,64,3,17.00,16389.02,0.06,0.05,A,F,1993-07-25,1993-08-28,1993-08-19,DELIVER IN PERSON,AIR," packages haggle bold, even pinto beans. du"
1509-4,1509,195,22,4,11.00,12047.09,0.03,0.08,R,F,1993-11-04,1993-10-03,1993-11-14,TAKE BACK RETURN,FOB,gle fluffily fluffily express idea
1509-5,1509,896,96,5,37.00,66484.93,0.01,0.08,A,F,1993-08-31,1993-09-10,1993-09-24,NONE,FOB, across the ironic grouches. 
1509-6,1509,1864,94,6,31.00,54741.66,0.04,0.03,A,F,1993-07-14,1993-08-21,1993-08-06,COLLECT COD,SHIP,ress pinto beans. furiously special account
1509-7,1509,1562,43,7,27.00,39516.12,0.01,0.01,A,F,1993-09-29,1993-09-08,1993-10-04,TAKE BACK RETURN,FOB,ns haggle carefull
1510-1,1510,975,78,1,11.00,20635.67,0.09,0.04,N,O,1996-09-23,1996-12-03,1996-10-01,DELIVER IN PERSON,RAIL,nusual deposits. blithely express theodolit
1510-2,1510,831,31,2,24.00,41563.92,0.05,0.04,N,O,1996-10-07,1996-10-22,1996-11-03,DELIVER IN PERSON,REG AIR,uickly across t
1510-3,1510,1900,44,3,36.00,64868.40,0.07,0.02,N,O,1996-10-02,1996-11-23,1996-10-05,NONE,SHIP,ing asymptotes. regularly regula
1510-4,1510,1815,45,4,8.00,13734.48,0.01,0.08,N,O,1996-10-26,1996-11-07,1996-10-30,TAKE BACK RETURN,RAIL,". regular, even "
1510-5,1510,585,86,5,27.00,40110.66,0.08,0.06,N,O,1996-10-20,1996-12-05,1996-11-02,NONE,MAIL, according to the caref
1510-6,1510,137,38,6,3.00,3111.39,0.05,0.02,N,O,1996-10-31,1996-12-03,1996-11-13,COLLECT COD,RAIL,gular pinto beans use about
1510-7,1510,215,70,7,50.00,55760.50,0.04,0.05,N,O,1996-11-01,1996-10-17,1996-11-28,NONE,MAIL,y. slyly regular requests eat. furi
1511-1,1511,972,75,1,29.00,54316.13,0.01,0.04,N,O,1997-03-17,1997-02-11,1997-03-27,DELIVER IN PERSON,AIR, requests cajole upon the r
1511-2,1511,618,81,2,32.00,48595.52,0.04,0.01,N,O,1997-01-06,1997-03-21,1997-01-26,TAKE BACK RETURN,REG AIR,according to the fluffily 
1536-1,1536,1938,39,1,5.00,9199.65,0.08,0.03,N,O,1997-02-08,1997-03-11,1997-03-02,COLLECT COD,MAIL,refully express p
1537-1,1537,175,2,1,17.00,18277.89,0.01,0.03,A,F,1992-04-12,1992-04-19,1992-04-13,NONE,TRUCK,iously ironic r
1537-2,1537,1784,69,2,50.00,84289.00,0.08,0.00,R,F,1992-05-30,1992-05-14,1992-06-23,TAKE BACK RETURN,MAIL,"ealthy, final courts wake quickly. carefull"
1537-3,1537,125,26,3,44.00,45105.28,0.05,0.04,R,F,1992-04-01,1992-03-31,1992-04-21,NONE,TRUCK,o beans are
1537-4,1537,1397,36,4,3.00,3895.17,0.08,0.07,R,F,1992-03-20,1992-04-14,1992-03-21,TAKE BACK RETURN,SHIP,fter the furiously pendi
1538-1,1538,1018,54,1,32.00,29408.32,0.05,0.05,N,O,1995-07-08,1995-07-29,1995-08-01,TAKE BACK RETURN,RAIL,ages. fluffily even packages cou
1538-2,1538,1918,19,2,27.00,49137.57,0.05,0.01,N,O,1995-09-19,1995-08-03,1995-09-24,DELIVER IN PERSON,TRUCK,above the slyly 
1538-3,1538,1298,10,3,36.00,43174.44,0.08,0.04,N,O,1995-07-11,1995-09-10,1995-07-26,DELIVER IN PERSON,MAIL,y according to
1538-4,1538,1038,44,4,28.00,26292.84,0.10,0.04,N,O,1995-09-19,1995-08-27,1995-10-10,COLLECT COD,RAIL,es. ironic ideas shall ha
1538-5,1538,1774,59,5,13.00,21785.01,0.01,0.05,N,O,1995-06-26,1995-07-30,1995-07-25,NONE,SHIP,s. blithely ironic e
1538-6,1538,1273,11,6,42.00,49319.34,0.08,0.08,N,O,1995-10-10,1995-09-12,1995-11-08,DELIVER IN PERSON,TRUCK, platelets haggle after 
1539-1,1539,1958,47,1,21.00,39058.95,0.08,0.02,R,F,1995-04-19,1995-05-10,1995-04-27,COLLECT COD,TRUCK,ously slyly pendin
1539-2,1539,860,27,2,11.00,19369.46,0.01,0.08,A,F,1995-05-27,1995-04-13,1995-06-10,TAKE BACK RETURN,TRUCK,iously along the slyly bold pac
1539-3,1539,675,38,3,7.00,11029.69,0.09,0.04,R,F,1995-05-14,1995-04-16,1995-05-30,DELIVER IN PERSON,AIR, enticing dolp
1540-1,1540,1724,51,1,38.00,61777.36,0.03,0.01,R,F,1992-09-30,1992-10-27,1992-10-12,TAKE BACK RETURN,SHIP,press packages. fi
1540-2,1540,600,91,2,35.00,52521.00,0.02,0.07,R,F,1992-10-31,1992-09-04,1992-11-05,TAKE BACK RETURN,SHIP,ages use acr
1540-3,1540,72,23,3,25.00,24301.75,0.08,0.04,R,F,1992-11-15,1992-10-24,1992-12-14,DELIVER IN PERSON,SHIP, haggle alongside o
1540-4,1540,247,29,4,6.00,6883.44,0.09,0.03,R,F,1992-08-28,1992-09-17,1992-09-14,COLLECT COD,MAIL,ong the blithely final deposits. e
1540-5,1540,870,4,5,27.00,47813.49,0.10,0.08,R,F,1992-12-02,1992-10-18,1992-12-31,NONE,SHIP,e theodolites. furiously ex
1541-1,1541,634,66,1,44.00,67523.72,0.10,0.05,N,O,1995-08-24,1995-07-13,1995-08-26,TAKE BACK RETURN,MAIL,"sual, unusual packages. car"
1541-2,1541,257,58,2,8.00,9258.00,0.10,0.08,N,F,1995-06-05,1995-08-07,1995-06-21,TAKE BACK RETURN,TRUCK,usual courts nag slyly. furious
1542-1,1542,578,79,1,37.00,54707.09,0.07,0.06,A,F,1993-12-15,1993-10-17,1994-01-07,TAKE BACK RETURN,REG AIR,"y ironic accounts. regular, even "
1542-2,1542,25,51,2,12.00,11100.24,0.09,0.06,R,F,1993-10-29,1993-11-02,1993-11-09,TAKE BACK RETURN,RAIL,cial theod
1542-3,1542,56,57,3,18.00,17208.90,0.05,0.05,R,F,1993-10-17,1993-11-15,1993-10-26,TAKE BACK RETURN,FOB,e special the
1542-4,1542,1427,67,4,21.00,27896.82,0.01,0.05,R,F,1993-10-13,1993-12-13,1993-11-12,NONE,RAIL,ironic instructions. slyly un
1542-5,1542,1550,71,5,46.00,66771.30,0.00,0.00,R,F,1993-09-28,1993-11-03,1993-10-15,COLLECT COD,FOB, nod. furiously final instru
1543-1,1543,709,74,1,34.00,54729.80,0.02,0.08,N,O,1997-05-25,1997-03-30,1997-06-04,NONE,AIR,ly ironic deposits
1543-2,1543,1145,82,2,6.00,6276.84,0.09,0.01,N,O,1997-04-16,1997-05-20,1997-05-16,DELIVER IN PERSON,MAIL,packages haggle slyly ironic
1543-3,1543,661,62,3,42.00,65589.72,0.06,0.01,N,O,1997-05-26,1997-03-30,1997-06-12,DELIVER IN PERSON,FOB," integrate unusual, bol"
1543-4,1543,1886,73,4,42.00,75090.96,0.05,0.06,N,O,1997-04-11,1997-04-11,1997-04-23,TAKE BACK RETURN,MAIL,. carefully regular foxes accord
1543-5,1543,399,100,5,9.00,11694.51,0.08,0.06,N,O,1997-03-14,1997-05-19,1997-03-26,DELIVER IN PERSON,FOB, pinto beans. dependenci
1543-6,1543,488,76,6,3.00,4165.44,0.10,0.04,N,O,1997-03-29,1997-05-10,1997-04-22,COLLECT COD,MAIL,kly regular packages. 
1543-7,1543,678,10,7,3.00,4736.01,0.00,0.02,N,O,1997-03-22,1997-04-06,1997-03-30,NONE,AIR,thely. even requests detect blithel
1568-1,1568,894,28,1,36.00,64616.04,0.02,0.03,N,O,1997-05-31,1997-04-22,1997-06-21,TAKE BACK RETURN,RAIL,"luffy, express epitaphs cajole"
1568-2,1568,90,16,2,46.00,45544.14,0.04,0.00,N,O,1997-04-06,1997-04-08,1997-04-23,TAKE BACK RETURN,MAIL,ts snooze slyly quickly 
1569-1,1569,745,42,1,5.00,8228.70,0.07,0.00,N,O,1998-04-16,1998-06-21,1998-04-18,COLLECT COD,REG AIR,inal theodolites after the slyly 
1569-2,1569,388,89,2,16.00,20614.08,0.01,0.08,N,O,1998-04-26,1998-06-16,1998-05-26,COLLECT COD,MAIL,l packages. quickly final ideas solve 
1569-3,1569,489,90,3,43.00,59747.64,0.10,0.03,N,O,1998-06-05,1998-05-31,1998-06-28,DELIVER IN PERSON,FOB,express epitap
1569-4,1569,692,93,4,30.00,47780.70,0.02,0.03,N,O,1998-07-19,1998-06-04,1998-08-10,NONE,SHIP,packages. furiously silent deposits nag fur
1570-1,1570,1827,71,1,25.00,43220.50,0.00,0.06,N,O,1998-05-03,1998-06-02,1998-06-02,DELIVER IN PERSON,REG AIR,". bold, final requests along "
1570-2,1570,851,18,2,7.00,12262.95,0.05,0.05,N,O,1998-07-10,1998-06-01,1998-07-23,TAKE BACK RETURN,MAIL, instructions. quickly un
1571-1,1571,514,15,1,47.00,66481.97,0.00,0.05,R,F,1992-12-07,1993-02-24,1993-01-01,TAKE BACK RETURN,REG AIR,ts boost fluffily. furiousl
1571-2,1571,1828,58,2,6.00,10378.92,0.03,0.00,A,F,1993-01-08,1993-02-13,1993-02-07,COLLECT COD,SHIP,sly among the ironic 
1571-3,1571,581,12,3,18.00,26668.44,0.05,0.08,A,F,1993-01-09,1993-01-12,1993-01-31,COLLECT COD,AIR,requests after the
1571-4,1571,1004,40,4,48.00,43440.00,0.05,0.05,A,F,1992-12-28,1993-01-04,1993-01-04,DELIVER IN PERSON,RAIL,less deposits c
1571-5,1571,416,75,5,10.00,13164.10,0.03,0.06,R,F,1992-12-12,1993-02-13,1992-12-29,DELIVER IN PERSON,AIR,ithely regular depths are after th
1571-6,1571,333,18,6,24.00,29599.92,0.05,0.07,A,F,1993-03-22,1993-01-31,1993-04-09,NONE,TRUCK,arefully silent accounts. bl
1572-1,1572,237,38,1,41.00,46626.43,0.02,0.00,N,O,1996-05-16,1996-04-09,1996-05-28,TAKE BACK RETURN,REG AIR,dolites. quickly expres
1572-2,1572,924,27,2,10.00,18249.20,0.04,0.06,N,O,1996-05-17,1996-03-26,1996-05-19,NONE,AIR, idly bold requests. fu
1573-1,1573,1854,55,1,5.00,8779.25,0.05,0.01,A,F,1993-04-24,1993-03-13,1993-05-17,TAKE BACK RETURN,MAIL,l packages cajol
1573-2,1573,307,8,2,17.00,20524.10,0.00,0.06,R,F,1993-02-24,1993-02-16,1993-03-08,TAKE BACK RETURN,TRUCK,s are silent asymptotes. car
1573-3,1573,823,24,3,16.00,27581.12,0.04,0.03,A,F,1993-03-15,1993-03-16,1993-03-31,COLLECT COD,AIR,onic excuses sleep quickly. slyly busy 
1573-4,1573,1938,27,4,11.00,20239.23,0.09,0.01,R,F,1993-03-23,1993-03-24,1993-04-12,TAKE BACK RETURN,RAIL,accounts use. 
1573-5,1573,1369,46,5,7.00,8892.52,0.00,0.01,R,F,1993-01-30,1993-03-14,1993-02-27,DELIVER IN PERSON,SHIP,press accounts. slyly express 
1573-6,1573,1531,52,6,30.00,42975.90,0.03,0.01,A,F,1992-12-29,1993-03-06,1993-01-02,DELIVER IN PERSON,TRUCK,usly silent asymptotes nag caref
1574-1,1574,478,66,1,41.00,56517.27,0.06,0.02,N,O,1997-03-08,1997-02-09,1997-04-01,COLLECT COD,AIR,ven accounts nag slyly
1574-2,1574,1904,37,2,50.00,90295.00,0.00,0.05,N,O,1996-12-14,1997-02-14,1996-12-16,TAKE BACK RETURN,FOB,g requests nag fluffily furiously iro
1574-3,1574,541,72,3,25.00,36038.50,0.06,0.02,N,O,1997-01-16,1997-02-14,1997-02-12,DELIVER IN PERSON,TRUCK,ial theodolites int
1574-4,1574,1909,98,4,6.00,10865.40,0.03,0.05,N,O,1997-02-24,1997-02-03,1997-03-01,NONE,AIR,sh. carefully pending requests 
1574-5,1574,1084,55,5,6.00,5910.48,0.05,0.05,N,O,1997-02-09,1997-03-02,1997-02-14,COLLECT COD,MAIL,ely regular pinto beans w
1574-6,1574,48,24,6,42.00,39817.68,0.07,0.01,N,O,1996-12-19,1997-01-13,1996-12-28,NONE,FOB,aring packages cajo
1574-7,1574,1358,35,7,14.00,17630.90,0.04,0.01,N,O,1996-12-30,1997-01-19,1997-01-20,NONE,AIR,g the even
1575-1,1575,285,86,1,42.00,49781.76,0.05,0.08,N,O,1995-10-21,1995-11-25,1995-10-24,DELIVER IN PERSON,RAIL, among the unusual deco
1575-2,1575,353,10,2,39.00,48880.65,0.00,0.06,N,O,1995-10-30,1995-10-15,1995-11-10,COLLECT COD,TRUCK,". pinto beans haggle unusual, even pinto be"
1575-3,1575,19,45,3,12.00,11028.12,0.01,0.05,N,O,1995-12-27,1995-11-11,1996-01-23,TAKE BACK RETURN,AIR,ecial accounts again
1575-4,1575,1102,11,4,39.00,39120.90,0.07,0.00,N,O,1995-09-23,1995-11-05,1995-09-25,TAKE BACK RETURN,TRUCK,s. carefully regular de
1575-5,1575,823,57,5,10.00,17238.20,0.09,0.00,N,O,1996-01-10,1995-11-20,1996-01-13,DELIVER IN PERSON,RAIL,s around the furiously ironic
1575-6,1575,1777,4,6,14.00,23502.78,0.08,0.06,N,O,1995-10-31,1995-12-06,1995-11-30,NONE,AIR,. even theodolites wake fluffily unusua
1575-7,1575,1170,7,7,48.00,51416.16,0.08,0.04,N,O,1995-11-19,1995-10-25,1995-12-07,DELIVER IN PERSON,TRUCK,pending de
1600-1,1600,1715,42,1,20.00,32334.20,0.02,0.01,R,F,1993-06-16,1993-04-23,1993-07-02,COLLECT COD,FOB,lly ironic ideas are after th
1600-2,1600,432,20,2,48.00,63956.64,0.07,0.02,R,F,1993-04-17,1993-04-14,1993-05-03,DELIVER IN PERSON,FOB, wake blithely even requests. fluffily
1600-3,1600,385,42,3,8.00,10283.04,0.04,0.07,R,F,1993-03-07,1993-04-22,1993-03-26,TAKE BACK RETURN,FOB,blithely sly accounts
1600-4,1600,685,17,4,25.00,39642.00,0.00,0.06,A,F,1993-05-25,1993-04-07,1993-06-05,TAKE BACK RETURN,REG AIR,ts are furiously throughout the e
1600-5,1600,1461,62,5,30.00,40873.80,0.03,0.08,R,F,1993-06-03,1993-05-03,1993-06-07,DELIVER IN PERSON,RAIL,ts wake quickly silent accounts? s
1601-1,1601,1662,63,1,6.00,9381.96,0.00,0.00,A,F,1994-10-19,1994-09-28,1994-10-23,COLLECT COD,SHIP,ke carefully unusual depende
1601-2,1601,1744,71,2,50.00,82287.00,0.03,0.02,R,F,1994-12-24,1994-10-23,1995-01-11,COLLECT COD,FOB,c packages.
1601-3,1601,899,33,3,14.00,25198.46,0.04,0.08,R,F,1994-09-17,1994-11-22,1994-10-03,DELIVER IN PERSON,RAIL,l accounts cajo
1602-1,1602,1829,30,1,4.00,6923.28,0.08,0.06,R,F,1993-10-31,1993-09-05,1993-11-21,NONE,RAIL,e of the accoun
1603-1,1603,382,67,1,1.00,1282.38,0.08,0.00,R,F,1993-08-17,1993-09-04,1993-08-22,TAKE BACK RETURN,REG AIR,arefully ironic dependencies sleep. 
1603-2,1603,653,85,2,29.00,45055.85,0.06,0.08,A,F,1993-09-28,1993-09-20,1993-10-28,NONE,SHIP,ously special theodolites abou
1604-1,1604,416,17,1,15.00,19746.15,0.09,0.08,R,F,1993-09-22,1993-09-03,1993-09-29,TAKE BACK RETURN,MAIL,er the accounts. iro
1604-2,1604,1405,84,2,37.00,48336.80,0.06,0.06,A,F,1993-08-22,1993-09-21,1993-09-10,COLLECT COD,SHIP," ironic, regular dolphins at the "
1604-3,1604,1133,70,3,19.00,19648.47,0.09,0.07,A,F,1993-10-15,1993-10-04,1993-11-09,COLLECT COD,RAIL,olites afte
1604-4,1604,1743,28,4,15.00,24671.10,0.03,0.00,R,F,1993-09-10,1993-08-31,1993-09-30,TAKE BACK RETURN,RAIL,e fluffily across the finally spec
1604-5,1604,201,83,5,23.00,25327.60,0.08,0.05,A,F,1993-10-11,1993-08-30,1993-10-18,DELIVER IN PERSON,RAIL,ly against the special de
1605-1,1605,1419,37,1,47.00,62059.27,0.00,0.01,N,O,1998-04-29,1998-06-12,1998-05-20,DELIVER IN PERSON,AIR,y regular the
1605-2,1605,1797,24,2,18.00,30578.22,0.10,0.00,N,O,1998-05-13,1998-06-17,1998-06-03,COLLECT COD,REG AIR,"ending frets around the final, final"
1605-3,1605,586,87,3,39.00,57976.62,0.02,0.03,N,O,1998-07-12,1998-06-05,1998-08-09,DELIVER IN PERSON,MAIL,"de of the dependencies-- express, even for"
1605-4,1605,1826,56,4,25.00,43195.50,0.06,0.02,N,O,1998-05-26,1998-06-14,1998-06-05,COLLECT COD,AIR,dolites wake slyl
1606-1,1606,1141,42,1,21.00,21884.94,0.04,0.00,N,O,1997-06-02,1997-07-02,1997-06-27,DELIVER IN PERSON,RAIL,e fluffily across the spe
1606-2,1606,1736,21,2,35.00,57320.55,0.00,0.02,N,O,1997-06-20,1997-06-19,1997-06-22,COLLECT COD,TRUCK,deas cajole f
1606-3,1606,995,98,3,23.00,43607.77,0.00,0.06,N,O,1997-04-19,1997-06-26,1997-04-30,NONE,MAIL,yly express packages was quickly along
1606-4,1606,963,98,4,20.00,37279.20,0.02,0.04,N,O,1997-05-01,1997-05-26,1997-05-28,TAKE BACK RETURN,TRUCK,re. even pa
1606-5,1606,702,67,5,14.00,22437.80,0.10,0.01,N,O,1997-05-19,1997-07-05,1997-06-10,COLLECT COD,FOB, quickly final requ
1607-1,1607,1892,22,1,2.00,3587.78,0.02,0.00,N,O,1996-01-11,1996-02-15,1996-01-19,DELIVER IN PERSON,MAIL,eas. instructions haggle carefully agains
1607-2,1607,1190,27,2,37.00,40374.03,0.05,0.02,N,O,1996-02-27,1996-02-18,1996-03-16,NONE,AIR, instructi
1607-3,1607,1227,28,3,39.00,44000.58,0.00,0.00,N,O,1996-02-01,1996-02-12,1996-02-16,NONE,FOB,ely pending deposits dete
1607-4,1607,756,89,4,34.00,56329.50,0.05,0.06,N,O,1996-01-06,1996-02-24,1996-01-10,DELIVER IN PERSON,SHIP,ctions cajole slyly
1607-5,1607,1780,23,5,48.00,80725.44,0.00,0.05,N,O,1996-02-22,1996-02-13,1996-03-09,TAKE BACK RETURN,MAIL, along the busily pendi
1632-1,1632,1906,39,1,47.00,84971.30,0.08,0.00,N,O,1997-01-25,1997-02-09,1997-02-19,TAKE BACK RETURN,RAIL,regular multipliers are bli
1632-2,1632,1480,98,2,14.00,19340.72,0.08,0.05,N,O,1997-01-15,1997-02-25,1997-01-28,NONE,RAIL,"ironic ideas cajole finally. even, expres"
1632-3,1632,1762,47,3,47.00,78196.72,0.03,0.04,N,O,1997-01-29,1997-03-03,1997-02-21,NONE,MAIL,. carefully final inst
1632-4,1632,562,53,4,33.00,48264.48,0.09,0.02,N,O,1997-04-01,1997-02-24,1997-04-29,TAKE BACK RETURN,REG AIR,uests. fluffily
1632-5,1632,1411,29,5,43.00,56433.63,0.10,0.03,N,O,1997-02-24,1997-02-19,1997-03-25,DELIVER IN PERSON,FOB,fully across the pending de
1633-1,1633,1780,65,1,35.00,58862.30,0.01,0.02,N,O,1996-01-09,1995-12-02,1996-01-21,COLLECT COD,REG AIR,s are furiously quic
1633-2,1633,42,43,2,15.00,14130.60,0.00,0.05,N,O,1995-12-13,1995-11-13,1996-01-04,TAKE BACK RETURN,FOB,lent packages ar
1634-1,1634,471,72,1,21.00,28800.87,0.00,0.00,N,O,1996-10-04,1996-10-22,1996-11-01,NONE,MAIL,final asym
1634-2,1634,1717,18,2,44.00,71223.24,0.05,0.01,N,O,1996-09-17,1996-11-09,1996-10-03,COLLECT COD,SHIP,"usly ironic accounts. regular, final de"
1634-3,1634,186,87,3,21.00,22809.78,0.06,0.07,N,O,1996-11-16,1996-10-21,1996-11-27,NONE,TRUCK, quickly final foxes
1634-4,1634,675,69,4,17.00,26786.39,0.08,0.07,N,O,1996-10-29,1996-10-15,1996-11-02,TAKE BACK RETURN,SHIP,heodolites thrash furiously carefully s
1634-5,1634,760,61,5,2.00,3321.52,0.07,0.04,N,O,1996-11-22,1996-10-28,1996-12-17,NONE,SHIP,osits across the carefully ironic fox
1634-6,1634,1697,39,6,11.00,17585.59,0.01,0.08,N,O,1996-10-04,1996-12-06,1996-10-14,DELIVER IN PERSON,SHIP,ly against the 
1634-7,1634,125,52,7,35.00,35879.20,0.06,0.02,N,O,1996-11-25,1996-11-25,1996-12-12,TAKE BACK RETURN,RAIL, ironic dependencies slee
1635-1,1635,702,35,1,3.00,4808.10,0.06,0.08,N,O,1997-03-13,1997-03-25,1997-03-27,COLLECT COD,FOB,quests cajole flu
1635-2,1635,891,92,2,8.00,14335.12,0.04,0.05,N,O,1997-04-30,1997-04-21,1997-05-09,DELIVER IN PERSON,AIR, haggle slyly along the f
1635-3,1635,1138,39,3,20.00,20782.60,0.07,0.01,N,O,1997-05-19,1997-04-01,1997-06-17,TAKE BACK RETURN,FOB, wake. furiously ironic requests cajole sl
1635-4,1635,761,58,4,40.00,66470.40,0.01,0.04,N,O,1997-02-25,1997-03-20,1997-03-12,TAKE BACK RETURN,RAIL,round the fluffily regular accounts. exp
1636-1,1636,841,41,1,2.00,3483.68,0.09,0.03,N,O,1997-09-26,1997-08-22,1997-10-05,NONE,TRUCK,"regular, final requests. express reques"
1636-2,1636,1690,91,2,45.00,71626.05,0.03,0.01,N,O,1997-07-14,1997-08-08,1997-07-27,COLLECT COD,RAIL,deas boost furiou
1636-3,1636,1079,15,3,24.00,23521.68,0.07,0.08,N,O,1997-10-07,1997-08-12,1997-11-04,TAKE BACK RETURN,MAIL,es. accounts wake furiously. pa
1636-4,1636,1524,65,4,43.00,61297.36,0.06,0.00,N,O,1997-08-23,1997-08-10,1997-09-17,NONE,REG AIR,"ing, unusual depos"
1636-5,1636,184,37,5,22.00,23851.96,0.05,0.02,N,O,1997-07-22,1997-08-18,1997-08-03,COLLECT COD,AIR,carefully 
1636-6,1636,630,62,6,34.00,52041.42,0.10,0.01,N,O,1997-08-11,1997-09-09,1997-08-23,NONE,TRUCK,olites. fu
1636-7,1636,1131,4,7,7.00,7224.91,0.04,0.00,N,O,1997-07-28,1997-09-10,1997-07-31,NONE,MAIL,riously. carefully regula
1637-1,1637,858,59,1,49.00,86183.65,0.02,0.03,N,F,1995-06-08,1995-04-19,1995-07-01,COLLECT COD,REG AIR,ing to the i
1637-2,1637,723,88,2,1.00,1623.72,0.10,0.02,A,F,1995-02-14,1995-03-26,1995-03-09,TAKE BACK RETURN,AIR,ithely against the silent accou
1637-3,1637,217,72,3,10.00,11172.10,0.02,0.05,R,F,1995-02-21,1995-03-17,1995-03-11,NONE,AIR,l theodolites. deposits along the carefu
1637-4,1637,927,62,4,42.00,76772.64,0.06,0.01,A,F,1995-03-18,1995-04-24,1995-03-31,COLLECT COD,SHIP,ng among t
1637-5,1637,41,67,5,25.00,23526.00,0.05,0.00,R,F,1995-06-07,1995-03-26,1995-06-08,COLLECT COD,RAIL,lyly above the slyly final dep
1637-6,1637,1088,59,6,38.00,37585.04,0.02,0.08,R,F,1995-03-20,1995-05-05,1995-04-14,DELIVER IN PERSON,SHIP,y ironic packages hang thinly r
1637-7,1637,518,49,7,21.00,29788.71,0.07,0.08,A,F,1995-04-30,1995-04-30,1995-05-05,COLLECT COD,SHIP,ickly ironic dependencies a
1638-1,1638,59,60,1,46.00,44116.30,0.03,0.02,N,O,1997-10-16,1997-10-28,1997-11-09,COLLECT COD,MAIL,s. final dependencies sleep slyly. even dep
1638-2,1638,1490,91,2,30.00,41744.70,0.00,0.04,N,O,1997-12-05,1997-09-17,1997-12-06,NONE,REG AIR,ccounts alongside of the slyly bold acc
1638-3,1638,302,31,3,5.00,6011.50,0.08,0.07,N,O,1997-10-15,1997-11-01,1997-11-08,DELIVER IN PERSON,FOB,d ideas sleep slyly
1638-4,1638,560,51,4,19.00,27750.64,0.00,0.08,N,O,1997-10-15,1997-10-27,1997-11-03,DELIVER IN PERSON,MAIL, ironic instruc
1638-5,1638,1429,8,5,25.00,33260.50,0.05,0.03,N,O,1997-10-06,1997-09-30,1997-11-02,DELIVER IN PERSON,REG AIR, blithely furiously special pac
1638-6,1638,1545,26,6,46.00,66540.84,0.07,0.08,N,O,1997-08-20,1997-10-10,1997-09-09,COLLECT COD,AIR,l requests integrate blithely. f
1639-1,1639,1865,66,1,24.00,42404.64,0.07,0.00,N,O,1995-08-24,1995-10-06,1995-08-31,COLLECT COD,REG AIR, packages eat requests. furiously
1639-2,1639,430,89,2,38.00,50556.34,0.01,0.04,N,O,1995-08-23,1995-11-09,1995-08-29,TAKE BACK RETURN,FOB,arefully furiously fi
1639-3,1639,1704,89,3,41.00,65833.70,0.04,0.02,N,O,1995-12-19,1995-11-11,1996-01-12,DELIVER IN PERSON,FOB,", unusual du"
1664-1,1664,1174,47,1,48.00,51608.16,0.04,0.02,N,O,1996-06-21,1996-05-01,1996-07-19,TAKE BACK RETURN,RAIL,riously above the requests. slyly special 
1664-2,1664,1722,7,2,30.00,48711.60,0.06,0.05,N,O,1996-04-04,1996-05-04,1996-05-03,COLLECT COD,FOB,s haggle s
1664-3,1664,1509,10,3,10.00,14105.00,0.00,0.06,N,O,1996-04-10,1996-05-13,1996-05-07,TAKE BACK RETURN,RAIL,the ruthlessly regular 
1664-4,1664,1543,84,4,35.00,50558.90,0.00,0.04,N,O,1996-03-06,1996-05-16,1996-03-09,DELIVER IN PERSON,REG AIR,ully quickly 
1664-5,1664,568,69,5,9.00,13217.04,0.07,0.04,N,O,1996-04-15,1996-05-14,1996-05-11,DELIVER IN PERSON,TRUCK,ly final the
1664-6,1664,1402,42,6,40.00,52136.00,0.09,0.07,N,O,1996-04-02,1996-04-22,1996-04-17,COLLECT COD,REG AIR, instructions are quickly express de
1665-1,1665,465,53,1,4.00,5461.84,0.02,0.03,A,F,1994-09-01,1994-06-07,1994-09-12,DELIVER IN PERSON,TRUCK,urious theodolites should na
1665-2,1665,771,68,2,1.00,1671.77,0.03,0.05,R,F,1994-05-22,1994-07-06,1994-05-24,TAKE BACK RETURN,TRUCK,fily even d
1666-1,1666,1844,74,1,30.00,52375.20,0.04,0.03,N,O,1995-10-28,1995-11-30,1995-11-18,TAKE BACK RETURN,AIR,"special, even courts doze. bold,"
1666-2,1666,640,3,2,20.00,30812.80,0.01,0.00,N,O,1996-01-27,1995-12-12,1996-01-31,NONE,REG AIR,e closely special accounts brea
1666-3,1666,1335,50,3,31.00,38326.23,0.05,0.07,N,O,1996-02-11,1996-01-11,1996-02-28,COLLECT COD,RAIL,ic platelets haggle-- carefully ironic
1666-4,1666,1689,31,4,41.00,65217.88,0.06,0.08,N,O,1995-11-29,1996-01-04,1995-12-24,NONE,TRUCK,lay. quickly final theodolites
1667-1,1667,203,85,1,6.00,6619.20,0.04,0.02,N,O,1997-12-07,1997-11-16,1998-01-02,COLLECT COD,FOB,thin requests are slyly alongside of th
1667-2,1667,212,67,2,29.00,32254.09,0.06,0.07,N,O,1997-10-15,1997-11-09,1997-11-11,TAKE BACK RETURN,MAIL,ake slyly final packages. final idea
1667-3,1667,950,19,3,48.00,88845.60,0.05,0.01,N,O,1998-01-27,1998-01-06,1998-02-09,TAKE BACK RETURN,SHIP,ly across the ironic packages. fur
1667-4,1667,582,73,4,24.00,35581.92,0.04,0.01,N,O,1997-10-14,1997-12-01,1997-11-09,TAKE BACK RETURN,MAIL, enticingly theodolites. q
1667-5,1667,1944,77,5,2.00,3691.88,0.07,0.00,N,O,1997-12-17,1997-11-22,1998-01-16,NONE,SHIP,ironic ideas use sl
1667-6,1667,478,66,6,6.00,8270.82,0.01,0.03,N,O,1998-01-21,1997-12-19,1998-01-28,NONE,TRUCK,ly bold packages amon
1667-7,1667,400,29,7,19.00,24707.60,0.09,0.03,N,O,1998-01-23,1997-11-24,1998-01-26,DELIVER IN PERSON,SHIP,"ggedly according to the quiet, regular i"
1668-1,1668,1317,56,1,8.00,9746.48,0.06,0.01,N,O,1997-07-23,1997-10-09,1997-08-06,DELIVER IN PERSON,FOB,y blithely regular packages--
1668-2,1668,10,86,2,25.00,22750.25,0.01,0.06,N,O,1997-08-08,1997-09-28,1997-09-01,NONE,TRUCK,uctions sleep ironic deposits; careful
1668-3,1668,742,75,3,42.00,68995.08,0.08,0.01,N,O,1997-08-09,1997-09-08,1997-08-31,NONE,FOB,eposits integrate quickly. r
1668-4,1668,1908,41,4,9.00,16289.10,0.05,0.03,N,O,1997-10-17,1997-09-05,1997-11-01,COLLECT COD,RAIL,oxes run above the carefully even the
1668-5,1668,1280,81,5,25.00,29532.00,0.01,0.02,N,O,1997-10-08,1997-09-20,1997-10-11,DELIVER IN PERSON,REG AIR,re slyly fluffily even requests. 
1668-6,1668,100,26,6,38.00,38003.80,0.07,0.01,N,O,1997-08-26,1997-09-17,1997-09-05,DELIVER IN PERSON,TRUCK,es are slyly among the f
1669-1,1669,784,85,1,24.00,40434.72,0.04,0.08,N,O,1997-09-04,1997-07-30,1997-09-20,DELIVER IN PERSON,RAIL,ronic instructions across the care
1670-1,1670,315,72,1,41.00,49827.71,0.07,0.01,N,O,1997-07-19,1997-08-20,1997-07-23,DELIVER IN PERSON,TRUCK," sleep express, special pi"
1670-2,1670,1214,15,2,10.00,11152.10,0.07,0.03,N,O,1997-09-14,1997-08-16,1997-09-23,NONE,SHIP,ajole express court
1670-3,1670,1853,40,3,41.00,71948.85,0.07,0.07,N,O,1997-07-19,1997-08-05,1997-07-26,COLLECT COD,SHIP,accounts are fu
1671-1,1671,1489,68,1,21.00,29200.08,0.02,0.07,N,O,1996-07-28,1996-09-28,1996-08-08,TAKE BACK RETURN,AIR,uriously regula
1671-2,1671,952,55,2,4.00,7411.80,0.05,0.00,N,O,1996-08-30,1996-09-19,1996-09-23,DELIVER IN PERSON,TRUCK,y according to 
1671-3,1671,1236,11,3,11.00,12509.53,0.06,0.08,N,O,1996-09-16,1996-10-21,1996-09-18,NONE,SHIP,ual excuses sleep 
1671-4,1671,1774,59,4,5.00,8378.85,0.00,0.00,N,O,1996-11-14,1996-10-20,1996-11-25,TAKE BACK RETURN,FOB,y idle instructions. acc
1671-5,1671,1266,67,5,12.00,14007.12,0.07,0.04,N,O,1996-11-17,1996-09-02,1996-12-17,COLLECT COD,RAIL,aggle carefully
1671-6,1671,1963,8,6,46.00,85788.16,0.08,0.05,N,O,1996-09-13,1996-10-14,1996-09-28,TAKE BACK RETURN,REG AIR, permanently regular theodolites cajole s
1696-1,1696,155,8,1,8.00,8441.20,0.04,0.02,N,O,1998-04-28,1998-02-07,1998-05-10,NONE,TRUCK,losely ironi
1696-2,1696,1384,23,2,13.00,16709.94,0.08,0.06,N,O,1998-03-01,1998-03-25,1998-03-24,TAKE BACK RETURN,TRUCK,sits nag blithely afte
1696-3,1696,12,38,3,19.00,17328.19,0.08,0.05,N,O,1998-05-03,1998-03-13,1998-05-28,TAKE BACK RETURN,REG AIR,"e regular, ironic asymptotes sn"
1696-4,1696,1928,29,4,21.00,38428.32,0.05,0.00,N,O,1998-05-04,1998-02-18,1998-05-07,NONE,MAIL,inder along the ironic packages. carefull
1696-5,1696,938,7,5,43.00,79073.99,0.03,0.06,N,O,1998-02-14,1998-03-29,1998-02-20,COLLECT COD,FOB,ackages haggle quick
1697-1,1697,745,78,1,6.00,9874.44,0.05,0.00,N,O,1997-01-28,1996-11-27,1997-01-31,NONE,FOB,accounts. carefully unusual a
1697-2,1697,1035,71,2,24.00,22464.72,0.00,0.08,N,O,1996-12-29,1996-12-19,1997-01-10,NONE,SHIP, express accounts was carefully ironic 
1697-3,1697,1237,75,3,27.00,30732.21,0.06,0.00,N,O,1997-01-20,1996-12-02,1997-02-05,COLLECT COD,MAIL,final accounts. slyly even sentiments af
1697-4,1697,931,32,4,49.00,89764.57,0.08,0.04,N,O,1996-12-07,1997-01-02,1996-12-31,COLLECT COD,TRUCK,g to the blithely pending accounts use qui
1697-5,1697,349,78,5,19.00,23737.46,0.03,0.07,N,O,1997-01-08,1996-11-12,1997-01-11,DELIVER IN PERSON,FOB,r deposits alongside of the slyly re
1698-1,1698,966,67,1,44.00,82146.24,0.05,0.05,N,O,1997-05-16,1997-07-05,1997-05-27,NONE,RAIL,ously quickly regular
1698-2,1698,922,57,2,6.00,10937.52,0.08,0.00,N,O,1997-08-21,1997-06-08,1997-09-03,DELIVER IN PERSON,RAIL,despite the quickly ironic
1698-3,1698,206,34,3,22.00,24336.40,0.03,0.04,N,O,1997-08-07,1997-05-28,1997-08-24,DELIVER IN PERSON,TRUCK,e around the even hocke
1698-4,1698,1120,57,4,19.00,19401.28,0.00,0.07,N,O,1997-07-04,1997-06-21,1997-08-01,NONE,RAIL, use quickl
1698-5,1698,525,26,5,37.00,52744.24,0.00,0.03,N,O,1997-05-16,1997-05-29,1997-05-27,NONE,AIR,ies; slyly regular packag
1698-6,1698,1659,60,6,15.00,23409.75,0.10,0.01,N,O,1997-07-20,1997-06-07,1997-07-21,TAKE BACK RETURN,RAIL, regularly bold asymptotes
1699-1,1699,374,31,1,50.00,63718.50,0.00,0.06,A,F,1994-03-26,1994-03-23,1994-04-20,NONE,FOB,"ffily special requests. furious, unusual mu"
1699-2,1699,1349,50,2,17.00,21255.78,0.07,0.02,R,F,1994-01-12,1994-03-12,1994-02-08,NONE,AIR,fily above the carefu
1700-1,1700,1398,75,1,38.00,49376.82,0.04,0.04,N,O,1996-10-03,1996-07-27,1996-10-22,NONE,RAIL,e carefully pending deposits. f
1700-2,1700,1560,61,2,49.00,71616.44,0.04,0.00,N,O,1996-09-26,1996-07-28,1996-10-16,NONE,TRUCK,eas-- quickly quiet foxes sleep. sl
1701-1,1701,1495,13,1,47.00,65635.03,0.08,0.05,R,F,1992-05-25,1992-06-29,1992-06-15,NONE,RAIL,tions nag quickly. carefully bold packa
1701-2,1701,531,32,2,2.00,2863.06,0.01,0.04,R,F,1992-06-24,1992-07-12,1992-06-29,COLLECT COD,SHIP,ts. slyly regular patterns cajole 
1701-3,1701,347,76,3,26.00,32430.84,0.10,0.06,R,F,1992-06-04,1992-07-11,1992-07-04,DELIVER IN PERSON,FOB,l requests sleep among the carefully
1702-1,1702,670,64,1,19.00,29842.73,0.02,0.01,N,F,1995-06-02,1995-06-30,1995-06-29,NONE,REG AIR,"posits. unusual,"
1702-2,1702,298,26,2,38.00,45535.02,0.00,0.00,N,O,1995-09-01,1995-06-10,1995-09-10,DELIVER IN PERSON,REG AIR,", even packages snooze "
1702-3,1702,1945,46,3,46.00,84959.24,0.00,0.08,N,O,1995-07-14,1995-06-30,1995-07-20,NONE,FOB,regular deposits wake blithely furiously ex
1702-4,1702,921,22,4,28.00,51013.76,0.07,0.05,R,F,1995-06-10,1995-07-26,1995-06-16,TAKE BACK RETURN,AIR,sleep quickly special brai
1702-5,1702,881,82,5,34.00,60583.92,0.01,0.06,N,O,1995-07-04,1995-06-08,1995-07-28,DELIVER IN PERSON,AIR,; slyly special asymptotes boos
1702-6,1702,416,46,6,28.00,36859.48,0.10,0.00,N,O,1995-08-14,1995-07-31,1995-09-08,COLLECT COD,RAIL,ages wake furiously around the slyly final 
1703-1,1703,1655,97,1,36.00,56039.40,0.09,0.01,R,F,1993-04-22,1993-03-05,1993-04-24,DELIVER IN PERSON,SHIP,oxes. blithely s
1703-2,1703,1362,39,2,35.00,44217.60,0.01,0.08,R,F,1993-04-14,1993-03-31,1993-04-27,NONE,RAIL,the blithely
1703-3,1703,1235,36,3,48.00,54539.04,0.06,0.02,R,F,1993-02-07,1993-04-20,1993-02-24,TAKE BACK RETURN,AIR,"egular asymptotes. final, regular th"
1728-1,1728,1253,28,1,1.00,1154.25,0.07,0.04,N,O,1996-09-16,1996-08-19,1996-09-18,COLLECT COD,FOB,ke blithely along
1728-2,1728,1044,80,2,23.00,21735.92,0.05,0.02,N,O,1996-09-08,1996-07-24,1996-09-20,NONE,FOB,old accounts about th
1728-3,1728,1641,65,3,44.00,67876.16,0.08,0.07,N,O,1996-07-31,1996-06-22,1996-08-06,COLLECT COD,FOB,tructions cajole blithe
1728-4,1728,264,65,4,34.00,39584.84,0.08,0.05,N,O,1996-08-28,1996-07-20,1996-09-12,DELIVER IN PERSON,MAIL,timents. ca
1728-5,1728,1981,70,5,31.00,58372.38,0.09,0.02,N,O,1996-07-26,1996-06-28,1996-08-14,NONE,REG AIR,lyly. even theodolit
1729-1,1729,1570,71,1,12.00,17658.84,0.08,0.04,A,F,1992-08-11,1992-07-24,1992-08-16,COLLECT COD,RAIL,elets. fluffily unusual grouches detect
1730-1,1730,1655,97,1,41.00,63822.65,0.01,0.03,N,O,1998-08-11,1998-08-29,1998-09-02,TAKE BACK RETURN,TRUCK,"nusual theodolites are final, pendi"
1730-2,1730,1614,15,2,15.00,22734.15,0.07,0.04,N,O,1998-09-07,1998-09-12,1998-09-30,TAKE BACK RETURN,AIR,beside the even deposits. blithe
1730-3,1730,1611,53,3,9.00,13613.49,0.10,0.00,N,O,1998-09-18,1998-09-15,1998-09-21,DELIVER IN PERSON,FOB,ironic platelets detect courts. slyly spe
1730-4,1730,95,71,4,40.00,39803.60,0.02,0.03,N,O,1998-10-02,1998-10-06,1998-10-03,NONE,SHIP,iers. idly sil
1730-5,1730,1403,82,5,43.00,56089.20,0.04,0.06,N,O,1998-10-26,1998-10-22,1998-11-02,DELIVER IN PERSON,TRUCK,iously final acc
1731-1,1731,1840,41,1,36.00,62706.24,0.10,0.00,N,O,1996-04-18,1996-04-03,1996-04-29,TAKE BACK RETURN,MAIL,ns about the furiously even
1731-2,1731,1383,60,2,7.00,8990.66,0.04,0.07,N,O,1996-04-11,1996-02-13,1996-04-30,DELIVER IN PERSON,REG AIR, bold foxes haggle qu
1731-3,1731,510,41,3,50.00,70525.50,0.05,0.04,N,O,1996-01-14,1996-03-13,1996-01-29,COLLECT COD,RAIL,even foxes wak
1731-4,1731,1959,92,4,23.00,42801.85,0.10,0.04,N,O,1996-04-22,1996-02-25,1996-05-16,TAKE BACK RETURN,RAIL, carefully regular pack
1731-5,1731,524,25,5,37.00,52707.24,0.10,0.05,N,O,1996-04-30,1996-03-17,1996-05-27,TAKE BACK RETURN,RAIL,long the quickly express pin
1731-6,1731,1235,47,6,41.00,46585.43,0.03,0.08,N,O,1996-04-05,1996-02-28,1996-05-01,TAKE BACK RETURN,RAIL,are among the foxes. unusual acc
1732-1,1732,44,45,1,50.00,47202.00,0.02,0.01,R,F,1993-12-05,1994-01-23,1993-12-20,TAKE BACK RETURN,FOB,refully final asymptotes would b
1732-2,1732,982,83,2,36.00,67787.28,0.01,0.03,A,F,1994-03-15,1994-02-09,1994-04-02,DELIVER IN PERSON,TRUCK,lithely ironic forges about the brave
1732-3,1732,1609,92,3,41.00,61934.60,0.00,0.04,R,F,1994-02-20,1994-01-07,1994-02-27,TAKE BACK RETURN,AIR,"carefully ironic, express foxes. q"
1732-4,1732,1513,14,4,9.00,12730.59,0.04,0.04,A,F,1994-02-25,1994-01-29,1994-03-16,TAKE BACK RETURN,FOB, the express courts. furious
1732-5,1732,1689,31,5,25.00,39767.00,0.02,0.05,A,F,1994-02-15,1994-01-07,1994-02-21,COLLECT COD,REG AIR,ent asymptotes beneath the 
1732-6,1732,730,27,6,16.00,26091.68,0.01,0.05,R,F,1994-01-07,1994-01-02,1994-01-25,COLLECT COD,SHIP,t deposits cajole slyly at the carefully 
1733-1,1733,1105,42,1,41.00,41250.10,0.08,0.01,N,O,1996-06-13,1996-07-08,1996-07-07,TAKE BACK RETURN,AIR,y silent deposits
1733-2,1733,240,22,2,16.00,18243.84,0.00,0.04,N,O,1996-08-28,1996-07-25,1996-09-27,COLLECT COD,MAIL,anent accounts integrate stealth
1733-3,1733,1197,6,3,29.00,31847.51,0.10,0.06,N,O,1996-07-16,1996-08-08,1996-07-28,NONE,TRUCK,oost furiously carefully regular request
1733-4,1733,1356,33,4,38.00,47779.30,0.01,0.03,N,O,1996-08-26,1996-07-23,1996-08-28,NONE,FOB,structions
1733-5,1733,336,93,5,22.00,27199.26,0.06,0.07,N,O,1996-07-16,1996-07-24,1996-07-30,COLLECT COD,AIR,sly. quickly unusual foxes wake furiously u
1733-6,1733,655,56,6,9.00,14000.85,0.06,0.08,N,O,1996-05-25,1996-07-23,1996-06-10,COLLECT COD,TRUCK,uickly fluffily unusual depo
1733-7,1733,1459,38,7,13.00,17685.85,0.02,0.03,N,O,1996-08-03,1996-08-02,1996-08-18,NONE,MAIL,ong the quick ideas.
1734-1,1734,1549,90,1,38.00,55120.52,0.03,0.03,R,F,1994-08-09,1994-09-07,1994-08-12,COLLECT COD,FOB,about the 
1734-2,1734,1178,15,2,4.00,4316.68,0.06,0.03,A,F,1994-08-20,1994-07-17,1994-08-25,DELIVER IN PERSON,AIR,l ideas cajole f
1735-1,1735,1555,56,1,43.00,62631.65,0.02,0.06,A,F,1993-01-14,1993-03-25,1993-02-02,DELIVER IN PERSON,FOB,s. slyly ironic a
1735-2,1735,1386,25,2,49.00,63081.62,0.03,0.04,A,F,1992-12-31,1993-02-03,1993-01-25,TAKE BACK RETURN,TRUCK,cording to the ironic deposits. 
1760-1,1760,955,24,1,38.00,70526.10,0.09,0.03,N,O,1996-06-15,1996-06-29,1996-07-11,NONE,MAIL,ecial ideas wake blithely special theodolit
1760-2,1760,73,74,2,3.00,2919.21,0.00,0.06,N,O,1996-07-18,1996-07-01,1996-08-01,NONE,RAIL,"en asymptotes across the even, final th"
1760-3,1760,1369,46,3,44.00,55895.84,0.05,0.01,N,O,1996-06-11,1996-06-16,1996-07-02,COLLECT COD,REG AIR,ccounts haggle along the blithely even pint
1761-1,1761,511,2,1,33.00,46579.83,0.09,0.03,R,F,1994-01-03,1994-01-23,1994-01-31,NONE,FOB,tions. speci
1761-2,1761,512,13,2,37.00,52262.87,0.02,0.07,R,F,1994-02-17,1994-03-08,1994-03-16,NONE,RAIL,unts. packages haggle aroun
1761-3,1761,490,20,3,37.00,51448.13,0.06,0.04,R,F,1994-01-02,1994-03-12,1994-01-25,DELIVER IN PERSON,TRUCK,s nag about the slyly pendi
1761-4,1761,726,23,4,49.00,79709.28,0.06,0.07,R,F,1994-01-08,1994-03-03,1994-02-05,TAKE BACK RETURN,FOB,t the express ideas aff
1761-5,1761,1569,10,5,37.00,54410.72,0.03,0.04,R,F,1994-04-24,1994-03-14,1994-04-29,TAKE BACK RETURN,MAIL,ep furiously carefully express requests. s
1761-6,1761,235,17,6,12.00,13622.76,0.01,0.05,A,F,1994-04-16,1994-03-08,1994-04-21,DELIVER IN PERSON,AIR,"nes integrate! final, pending reque"
1761-7,1761,9,60,7,13.00,11817.00,0.03,0.08,R,F,1994-03-06,1994-03-18,1994-03-22,DELIVER IN PERSON,TRUCK,ding to the 
1762-1,1762,253,8,1,15.00,17298.75,0.04,0.08,A,F,1994-12-18,1994-10-29,1995-01-17,TAKE BACK RETURN,REG AIR,ide of the carefully expr
1762-2,1762,496,55,2,39.00,54463.11,0.10,0.02,A,F,1994-09-12,1994-11-09,1994-10-08,DELIVER IN PERSON,MAIL,"accounts. final, special theodo"
1762-3,1762,319,48,3,7.00,8535.17,0.05,0.01,R,F,1994-09-03,1994-10-02,1994-09-10,NONE,REG AIR,its. slyly unusual epitaphs about the slyl
1762-4,1762,1442,82,4,24.00,32242.56,0.03,0.03,A,F,1994-11-30,1994-11-02,1994-12-20,NONE,REG AIR,s theodolites. ironic ideas detect carefu
1762-5,1762,75,76,5,49.00,47778.43,0.08,0.05,A,F,1994-10-20,1994-11-02,1994-11-10,TAKE BACK RETURN,SHIP,ffily special requests about
1762-6,1762,935,4,6,35.00,64257.55,0.05,0.05,A,F,1994-11-25,1994-10-21,1994-11-28,COLLECT COD,AIR,the carefully special as
1762-7,1762,730,63,7,47.00,76644.31,0.03,0.01,A,F,1994-11-02,1994-10-07,1994-11-08,NONE,SHIP,deposits boost 
1763-1,1763,118,71,1,22.00,22398.42,0.09,0.06,N,O,1997-01-17,1997-01-15,1997-02-03,TAKE BACK RETURN,SHIP, silent asymptotes around the
1763-2,1763,1565,6,2,43.00,63062.08,0.04,0.04,N,O,1996-11-04,1996-12-09,1996-11-28,DELIVER IN PERSON,FOB,"egular, even foxes. slyly express packages "
1763-3,1763,242,70,3,16.00,18275.84,0.06,0.02,N,O,1996-12-12,1996-12-04,1996-12-25,DELIVER IN PERSON,RAIL,. platelets poach. quickly
1763-4,1763,602,96,4,44.00,66114.40,0.04,0.05,N,O,1996-12-04,1997-01-06,1996-12-25,DELIVER IN PERSON,REG AIR,ld asymptotes. blithely regular notornis u
1763-5,1763,1466,6,5,13.00,17776.98,0.03,0.05,N,O,1996-11-23,1997-01-24,1996-12-05,TAKE BACK RETURN,SHIP,ously express accounts impress exc
1763-6,1763,1421,22,6,3.00,3967.26,0.05,0.03,N,O,1996-12-10,1996-12-06,1997-01-04,TAKE BACK RETURN,FOB,wake. regular hockey player
1763-7,1763,1840,70,7,2.00,3483.68,0.05,0.07,N,O,1997-02-27,1996-12-04,1997-03-27,COLLECT COD,FOB,fily unusual dolphins. regular
1764-1,1764,1203,4,1,20.00,22084.00,0.09,0.02,A,F,1992-06-09,1992-05-22,1992-07-06,COLLECT COD,MAIL,re slyly carefully regular pack
1764-2,1764,665,28,2,3.00,4696.98,0.07,0.07,R,F,1992-05-13,1992-06-07,1992-05-26,COLLECT COD,RAIL,ages. carefully 
1764-3,1764,772,69,3,27.00,45164.79,0.07,0.04,A,F,1992-05-06,1992-05-11,1992-05-23,COLLECT COD,TRUCK,e behind the blithely regular deposits. re
1765-1,1765,1606,7,1,36.00,54273.60,0.08,0.04,N,O,1996-03-02,1996-02-17,1996-03-14,DELIVER IN PERSON,SHIP,ly express asymptotes. ex
1766-1,1766,868,69,1,32.00,56603.52,0.08,0.01,N,O,1997-01-08,1996-11-11,1997-01-31,TAKE BACK RETURN,AIR,counts engage. even accounts wake. fi
1766-2,1766,340,69,2,12.00,14884.08,0.05,0.01,N,O,1996-10-28,1996-12-18,1996-11-15,DELIVER IN PERSON,AIR, use thinly slyly special courts. reque
1766-3,1766,1108,17,3,1.00,1009.10,0.10,0.02,N,O,1997-01-21,1997-01-07,1997-02-19,NONE,TRUCK,phins. quickly even accounts wake
1767-1,1767,250,5,1,32.00,36808.00,0.08,0.04,A,F,1995-05-22,1995-05-14,1995-05-23,COLLECT COD,SHIP,arefully slyly regular foxes. fu
1767-2,1767,415,3,2,1.00,1315.41,0.09,0.05,N,O,1995-06-23,1995-05-25,1995-07-03,TAKE BACK RETURN,RAIL,ructions. carefully 
1767-3,1767,1740,41,3,24.00,39401.76,0.06,0.03,R,F,1995-03-16,1995-04-29,1995-04-11,DELIVER IN PERSON,RAIL, frays boost? carefully unusual pinto
1767-4,1767,224,52,4,50.00,56211.00,0.01,0.02,R,F,1995-05-29,1995-04-14,1995-06-15,NONE,REG AIR,lar packages. 
1767-5,1767,516,47,5,40.00,56660.40,0.06,0.00,R,F,1995-04-16,1995-05-06,1995-04-21,TAKE BACK RETURN,AIR,usual packages are carefully
1792-1,1792,872,39,1,9.00,15955.83,0.09,0.04,R,F,1994-02-28,1993-12-11,1994-03-12,TAKE BACK RETURN,AIR,ithely regular c
1792-2,1792,87,63,2,5.00,4935.40,0.04,0.02,R,F,1994-02-13,1994-01-03,1994-02-28,DELIVER IN PERSON,TRUCK,"final, regular packages. ironic sentiments "
1792-3,1792,82,8,3,8.00,7856.64,0.01,0.04,A,F,1994-02-21,1994-01-26,1994-02-27,DELIVER IN PERSON,RAIL,kly besides the final ideas. fluffy foxes
1792-4,1792,1902,47,4,45.00,81175.50,0.00,0.01,A,F,1994-02-27,1993-12-24,1994-03-07,DELIVER IN PERSON,MAIL,nic instructions around the d
1792-5,1792,1988,77,5,35.00,66149.30,0.06,0.05,R,F,1994-01-31,1994-01-20,1994-02-17,NONE,FOB,s accounts. carefu
1793-1,1793,472,2,1,29.00,39801.63,0.01,0.06,R,F,1992-10-24,1992-09-20,1992-11-23,NONE,MAIL,the blithely
1793-2,1793,1252,64,2,4.00,4613.00,0.07,0.05,A,F,1992-07-28,1992-08-26,1992-08-21,COLLECT COD,RAIL, packages serve fluffily
1793-3,1793,1301,40,3,6.00,7213.80,0.01,0.05,R,F,1992-09-21,1992-09-05,1992-10-01,DELIVER IN PERSON,REG AIR,uternes. furi
1793-4,1793,1177,86,4,4.00,4312.68,0.00,0.08,R,F,1992-09-27,1992-09-21,1992-10-07,DELIVER IN PERSON,AIR,xpress package
1793-5,1793,246,47,5,42.00,48142.08,0.03,0.03,A,F,1992-10-13,1992-10-02,1992-11-06,NONE,RAIL,ticing instructions promise furious
1794-1,1794,1674,75,1,36.00,56724.12,0.09,0.08,N,O,1997-11-07,1997-11-01,1997-11-18,TAKE BACK RETURN,FOB,iet deposits among
1794-2,1794,946,15,2,3.00,5540.82,0.02,0.03,N,O,1997-11-15,1997-12-16,1997-11-20,DELIVER IN PERSON,FOB,ng the pending packages. blith
1794-3,1794,1162,63,3,23.00,24452.68,0.08,0.04,N,O,1997-10-13,1997-11-30,1997-10-28,TAKE BACK RETURN,AIR,ly. furiously bold accounts wake qui
1794-4,1794,847,14,4,34.00,59426.56,0.06,0.08,N,O,1997-09-29,1997-11-13,1997-10-07,TAKE BACK RETURN,SHIP,ress requests boost
1794-5,1794,1165,38,5,47.00,50109.52,0.10,0.06,N,O,1998-01-15,1997-11-30,1998-02-14,DELIVER IN PERSON,TRUCK,furiously regular packages cajole fluf
1794-6,1794,902,37,6,37.00,66707.30,0.01,0.01,N,O,1998-01-12,1997-12-21,1998-01-17,DELIVER IN PERSON,MAIL,. always unusu
1795-1,1795,1362,63,1,44.00,55587.84,0.08,0.08,A,F,1994-04-28,1994-05-24,1994-05-27,NONE,AIR,kly alongside of the regular
1795-2,1795,1132,33,2,34.00,35126.42,0.08,0.00,A,F,1994-04-24,1994-06-01,1994-05-08,DELIVER IN PERSON,SHIP,lar accounts. furiously regular pac
1795-3,1795,1676,100,3,25.00,39441.75,0.07,0.01,A,F,1994-05-18,1994-05-22,1994-05-20,TAKE BACK RETURN,RAIL,osits. quickly regular deposi
1795-4,1795,1249,61,4,32.00,36807.68,0.03,0.06,R,F,1994-05-10,1994-04-21,1994-05-17,DELIVER IN PERSON,SHIP,y above the fluffily regular
1795-5,1795,1624,48,5,11.00,16781.82,0.08,0.02,R,F,1994-06-19,1994-04-24,1994-07-02,TAKE BACK RETURN,TRUCK,lithely final ide
1796-1,1796,99,100,1,28.00,27974.52,0.08,0.04,A,F,1992-12-01,1993-01-01,1992-12-24,DELIVER IN PERSON,FOB,. bold epitaphs poach care
1796-2,1796,1849,36,2,8.00,14006.72,0.00,0.08,R,F,1993-01-07,1993-01-04,1993-01-10,NONE,SHIP,arefully ironic dependencies haggle even
1797-1,1797,307,36,1,17.00,20524.10,0.01,0.02,N,O,1996-08-06,1996-07-11,1996-08-29,NONE,TRUCK,ependencies thrash furiously final id
1797-2,1797,1443,83,2,16.00,21511.04,0.01,0.00,N,O,1996-06-03,1996-07-21,1996-06-07,NONE,FOB,ts haggle carefully carefully regul
1797-3,1797,118,71,3,21.00,21380.31,0.02,0.01,N,O,1996-08-05,1996-08-05,1996-08-06,DELIVER IN PERSON,AIR, regular deposits. ideas caj
1798-1,1798,1089,90,1,43.00,42573.44,0.01,0.08,N,O,1997-08-27,1997-10-23,1997-09-09,DELIVER IN PERSON,MAIL,ites sleep fluffily. even accounts 
1799-1,1799,512,43,1,8.00,11300.08,0.04,0.08,R,F,1994-06-14,1994-05-27,1994-06-27,TAKE BACK RETURN,MAIL,al packages are furiously. final esca
1799-2,1799,264,46,2,42.00,48898.92,0.02,0.02,R,F,1994-04-05,1994-04-28,1994-04-09,DELIVER IN PERSON,FOB, alongside 
1824-1,1824,1197,6,1,45.00,49418.55,0.03,0.02,R,F,1994-08-21,1994-06-21,1994-09-19,NONE,RAIL,e furiously special accounts. 
1824-2,1824,682,76,2,40.00,63307.20,0.10,0.03,A,F,1994-05-08,1994-07-24,1994-06-06,NONE,FOB,f the blithely regular warhorses. caref
1825-1,1825,1551,32,1,43.00,62459.65,0.05,0.05,A,F,1994-02-18,1994-02-19,1994-03-02,TAKE BACK RETURN,RAIL,packages. carefully ironic th
1825-2,1825,1474,14,2,39.00,53643.33,0.00,0.00,R,F,1994-04-01,1994-01-12,1994-04-21,DELIVER IN PERSON,REG AIR,zle carefully packages. bold accounts dazzl
1825-3,1825,164,17,3,7.00,7449.12,0.04,0.03,A,F,1994-01-02,1994-01-30,1994-01-30,TAKE BACK RETURN,REG AIR,ajole. furiously regular packages across 
1825-4,1825,1203,78,4,23.00,25396.60,0.05,0.01,R,F,1994-01-08,1994-02-08,1994-01-19,NONE,MAIL,s foxes nag about the
1825-5,1825,1779,80,5,33.00,55465.41,0.04,0.04,A,F,1993-12-07,1994-03-01,1993-12-16,TAKE BACK RETURN,RAIL,kages nag un
1826-1,1826,267,49,1,4.00,4669.04,0.06,0.00,R,F,1992-07-05,1992-06-12,1992-08-04,DELIVER IN PERSON,MAIL,ounts grow furiously special reques
1826-2,1826,672,66,2,9.00,14154.03,0.07,0.07,R,F,1992-07-12,1992-07-11,1992-07-15,DELIVER IN PERSON,TRUCK,cajole slyly. flu
1826-3,1826,1753,80,3,14.00,23166.50,0.05,0.01,A,F,1992-04-28,1992-05-31,1992-05-25,COLLECT COD,TRUCK,"regular, ironic accounts haggle blithely p"
1826-4,1826,1799,84,4,6.00,10204.74,0.05,0.04,R,F,1992-06-30,1992-05-17,1992-07-30,DELIVER IN PERSON,RAIL,nstructions: fluffily 
1826-5,1826,1347,62,5,46.00,57423.64,0.05,0.06,R,F,1992-05-02,1992-06-25,1992-05-26,TAKE BACK RETURN,FOB,p quickly after t
1826-6,1826,1074,45,6,43.00,41928.01,0.02,0.03,A,F,1992-07-28,1992-06-14,1992-08-03,NONE,MAIL,rave excuses. boldly pending deposits nag 
1827-1,1827,895,95,1,47.00,84406.83,0.00,0.01,N,O,1996-08-01,1996-08-07,1996-08-23,TAKE BACK RETURN,RAIL,"ts. bold, even foxes haggle caref"
1827-2,1827,1531,12,2,48.00,68761.44,0.03,0.05,N,O,1996-08-28,1996-09-15,1996-09-01,COLLECT COD,RAIL, pending pinto beans haggle qu
1827-3,1827,1999,100,3,37.00,70336.63,0.01,0.07,N,O,1996-07-20,1996-08-18,1996-08-08,DELIVER IN PERSON,REG AIR,are final accounts. requests wake accordi
1827-4,1827,1265,77,4,4.00,4665.04,0.04,0.04,N,O,1996-07-22,1996-09-10,1996-08-11,DELIVER IN PERSON,RAIL,ly regular packages wake q
1827-5,1827,796,29,5,24.00,40722.96,0.00,0.08,N,O,1996-08-07,1996-09-01,1996-09-04,DELIVER IN PERSON,SHIP,accounts use
1827-6,1827,205,6,6,7.00,7736.40,0.10,0.02,N,O,1996-08-28,1996-08-07,1996-08-31,DELIVER IN PERSON,AIR,lways even s
1827-7,1827,60,61,7,38.00,36482.28,0.05,0.01,N,O,1996-10-17,1996-08-29,1996-11-07,TAKE BACK RETURN,SHIP,iously express request
1828-1,1828,996,99,1,33.00,62600.67,0.05,0.04,R,F,1994-06-27,1994-06-10,1994-07-24,COLLECT COD,FOB, carefully during the deposi
1828-2,1828,125,4,2,40.00,41004.80,0.08,0.07,R,F,1994-05-05,1994-07-02,1994-05-19,COLLECT COD,REG AIR,es boost slyly ironic accou
1828-3,1828,1959,60,3,11.00,20470.45,0.07,0.08,R,F,1994-07-21,1994-05-28,1994-08-13,DELIVER IN PERSON,FOB,s dolphins. qui
1828-4,1828,78,29,4,45.00,44013.15,0.02,0.05,R,F,1994-05-15,1994-05-29,1994-05-28,COLLECT COD,RAIL,fluffily furiously i
1828-5,1828,782,79,5,14.00,23558.92,0.01,0.08,A,F,1994-05-20,1994-06-02,1994-05-25,TAKE BACK RETURN,SHIP,egrate slyly special deposits. enticing t
1829-1,1829,1500,40,1,12.00,16818.00,0.05,0.06,A,F,1994-08-23,1994-07-13,1994-09-04,DELIVER IN PERSON,FOB,nal packages. slyly special excu
1829-2,1829,47,48,2,11.00,10417.44,0.04,0.05,A,F,1994-05-18,1994-06-13,1994-06-07,COLLECT COD,MAIL,the even id
1829-3,1829,1036,7,3,49.00,45914.47,0.09,0.08,A,F,1994-08-26,1994-08-01,1994-09-16,NONE,TRUCK,packages across t
1829-4,1829,1530,31,4,14.00,20041.42,0.03,0.06,A,F,1994-08-15,1994-06-08,1994-08-30,TAKE BACK RETURN,AIR,rding to the final foxes. unusual fox
1829-5,1829,1658,100,5,6.00,9357.90,0.02,0.07,A,F,1994-08-09,1994-08-05,1994-09-05,DELIVER IN PERSON,MAIL,he slyly regul
1829-6,1829,1147,56,6,36.00,37733.04,0.09,0.04,R,F,1994-06-10,1994-06-23,1994-06-22,NONE,FOB,y silent packages. carefully unusual 
1830-1,1830,1196,33,1,38.00,41693.22,0.00,0.07,R,F,1995-04-20,1995-05-22,1995-04-24,TAKE BACK RETURN,TRUCK,lly around
1830-2,1830,245,73,2,9.00,10307.16,0.05,0.07,R,F,1995-03-09,1995-05-24,1995-03-14,NONE,SHIP,ouches wake fluffil
1830-3,1830,811,45,3,36.00,61625.16,0.07,0.07,R,F,1995-04-21,1995-04-14,1995-05-10,DELIVER IN PERSON,SHIP,lar accounts unwind carefully. s
1831-1,1831,1352,91,1,9.00,11280.15,0.02,0.03,A,F,1993-12-17,1994-01-27,1993-12-26,NONE,TRUCK, regular accounts boost daringly ironi
1831-2,1831,471,72,2,9.00,12343.23,0.07,0.06,R,F,1994-03-22,1994-01-07,1994-04-06,COLLECT COD,MAIL,uickly express packages caj
1831-3,1831,1150,59,3,17.00,17869.55,0.02,0.08,R,F,1994-01-18,1994-02-12,1994-01-30,TAKE BACK RETURN,MAIL,ar packages use alo
1831-4,1831,942,11,4,23.00,42387.62,0.06,0.02,R,F,1993-12-21,1994-02-08,1994-01-04,NONE,SHIP,efully furiously regular depos
1856-1,1856,550,11,1,10.00,14505.50,0.05,0.07,R,F,1992-05-11,1992-05-20,1992-06-02,TAKE BACK RETURN,FOB,. regular ideas serve quickly quickly 
1856-2,1856,970,39,2,47.00,87935.59,0.07,0.07,R,F,1992-03-22,1992-06-09,1992-04-17,DELIVER IN PERSON,FOB,s are. requests cajole idly regular pack
1856-3,1856,1166,75,3,20.00,21343.20,0.04,0.06,R,F,1992-05-04,1992-05-06,1992-05-11,DELIVER IN PERSON,MAIL,"ges. bold, final requests nag blit"
1856-4,1856,1493,94,4,22.00,30678.78,0.08,0.02,A,F,1992-05-02,1992-05-26,1992-05-20,TAKE BACK RETURN,REG AIR,efully ironic deposits cajole slyly above t
1856-5,1856,1897,98,5,14.00,25184.46,0.01,0.01,A,F,1992-04-14,1992-05-02,1992-05-11,COLLECT COD,SHIP,uches are fluffily. final sheaves h
1856-6,1856,227,9,6,36.00,40579.92,0.03,0.05,A,F,1992-06-19,1992-05-12,1992-06-28,TAKE BACK RETURN,TRUCK,ds. slyly ironic requests haggle. ironic
1856-7,1856,1299,11,7,42.00,50412.18,0.04,0.00,R,F,1992-05-23,1992-06-06,1992-06-19,COLLECT COD,RAIL,ful foxes use. furi
1857-1,1857,1739,40,1,15.00,24610.95,0.10,0.03,R,F,1993-04-05,1993-02-28,1993-04-13,COLLECT COD,RAIL,patterns cajole blit
1857-2,1857,1664,6,2,40.00,62626.40,0.10,0.00,R,F,1993-02-15,1993-03-08,1993-02-21,NONE,AIR,esias are car
1857-3,1857,1190,27,3,8.00,8729.52,0.01,0.07,R,F,1993-01-27,1993-04-04,1993-02-20,TAKE BACK RETURN,AIR,"xpress, final foxes use around the "
1857-4,1857,997,66,4,41.00,77817.59,0.07,0.07,A,F,1993-04-16,1993-02-16,1993-04-18,NONE,REG AIR,e theodoli
1858-1,1858,140,67,1,33.00,34324.62,0.01,0.02,N,O,1997-12-28,1998-02-03,1998-01-13,NONE,RAIL,ithely even requests. blit
1859-1,1859,750,51,1,18.00,29713.50,0.10,0.00,N,O,1997-08-08,1997-06-30,1997-08-26,TAKE BACK RETURN,SHIP,. furiously r
1859-2,1859,1878,8,2,36.00,64075.32,0.02,0.01,N,O,1997-05-05,1997-07-08,1997-05-25,TAKE BACK RETURN,REG AIR,thely along the blithely final packages.
1859-3,1859,1578,99,3,5.00,7397.85,0.06,0.03,N,O,1997-06-20,1997-05-20,1997-07-19,TAKE BACK RETURN,AIR,"e, ironic pi"
1859-4,1859,1909,10,4,21.00,38028.90,0.00,0.03,N,O,1997-08-06,1997-05-29,1997-08-26,TAKE BACK RETURN,REG AIR,tes sleep blithely according 
1859-5,1859,454,84,5,11.00,14898.95,0.06,0.06,N,O,1997-07-15,1997-06-05,1997-07-29,TAKE BACK RETURN,SHIP,ites cajole amon
1859-6,1859,1044,80,6,12.00,11340.48,0.08,0.03,N,O,1997-05-22,1997-06-08,1997-06-07,COLLECT COD,TRUCK,haggle carefully. accounts 
1860-1,1860,1130,31,1,9.00,9280.17,0.04,0.04,N,O,1996-08-03,1996-05-31,1996-08-04,DELIVER IN PERSON,TRUCK,ously express theodolites ar
1861-1,1861,671,34,1,7.00,11001.69,0.08,0.05,A,F,1994-01-14,1994-04-03,1994-01-16,COLLECT COD,RAIL,ong the ironic
1861-2,1861,268,69,2,31.00,36216.06,0.10,0.05,R,F,1994-01-29,1994-03-07,1994-02-15,TAKE BACK RETURN,RAIL,refully even exc
1861-3,1861,237,65,3,23.00,26156.29,0.00,0.08,A,F,1994-04-09,1994-03-04,1994-04-11,DELIVER IN PERSON,MAIL,s instructions haggle blithely regular
1861-4,1861,1152,61,4,38.00,40019.70,0.10,0.05,R,F,1994-02-26,1994-02-05,1994-03-01,NONE,RAIL,ts. regularly even dependenc
1861-5,1861,152,5,5,2.00,2104.30,0.03,0.08,R,F,1994-04-26,1994-03-15,1994-05-15,TAKE BACK RETURN,MAIL,ges against the ironic deposits wake 
1862-1,1862,297,25,1,41.00,49088.89,0.10,0.00,N,O,1998-06-05,1998-05-17,1998-07-04,COLLECT COD,FOB,ites! furiously 
1862-2,1862,1655,56,2,37.00,57596.05,0.06,0.02,N,O,1998-04-15,1998-05-15,1998-05-14,TAKE BACK RETURN,MAIL,e slyly bold requests. regular
1862-3,1862,1040,46,3,26.00,24467.04,0.02,0.01,N,O,1998-03-25,1998-05-17,1998-04-17,TAKE BACK RETURN,TRUCK,unts cajole furiously final dolphins. 
1863-1,1863,625,57,1,48.00,73229.76,0.09,0.04,A,F,1993-10-10,1993-12-09,1993-10-19,NONE,FOB,eep alongside of 
1863-2,1863,1570,51,2,48.00,70635.36,0.04,0.08,A,F,1993-11-08,1993-11-05,1993-12-08,COLLECT COD,AIR,egular requests. fluffily final packages ki
1888-1,1888,977,12,1,27.00,50705.19,0.03,0.06,R,F,1994-02-13,1994-01-16,1994-02-25,NONE,REG AIR,he furiously even excuses? fluff
1888-2,1888,735,36,2,38.00,62157.74,0.03,0.03,R,F,1993-11-29,1994-01-16,1993-12-08,TAKE BACK RETURN,TRUCK,eodolites boost
1888-3,1888,797,98,3,49.00,83191.71,0.07,0.05,A,F,1994-02-27,1994-01-14,1994-03-28,DELIVER IN PERSON,FOB,even deposits wake furious
1888-4,1888,186,87,4,9.00,9775.62,0.01,0.04,A,F,1994-02-09,1994-01-22,1994-02-19,NONE,AIR,tructions. requests nag. reque
1888-5,1888,1596,97,5,4.00,5990.36,0.03,0.06,R,F,1993-12-28,1993-12-19,1994-01-11,COLLECT COD,FOB,thely sly patterns cajole fluffily b
1888-6,1888,526,87,6,48.00,68472.96,0.08,0.08,R,F,1994-02-28,1993-12-16,1994-03-15,COLLECT COD,TRUCK,ly pending packages are sl
1888-7,1888,1664,6,7,50.00,78283.00,0.04,0.07,R,F,1993-12-22,1994-01-10,1994-01-06,DELIVER IN PERSON,FOB,e quickly evenly final ideas. slyly ironic
1889-1,1889,1512,33,1,41.00,57953.91,0.10,0.02,N,O,1997-06-15,1997-05-10,1997-07-08,NONE,AIR,s. slyly regular accou
1889-2,1889,1717,18,2,13.00,21043.23,0.05,0.00,N,O,1997-06-12,1997-04-28,1997-06-23,NONE,REG AIR,en accounts wake furiously final deposits.
1889-3,1889,1372,49,3,36.00,45841.32,0.05,0.07,N,O,1997-05-19,1997-06-14,1997-05-23,NONE,SHIP,ounts. carefully iron
1889-4,1889,1677,60,4,5.00,7893.35,0.02,0.07,N,O,1997-06-26,1997-06-09,1997-07-21,COLLECT COD,AIR,ckly after the furiously regula
1890-1,1890,1403,43,1,26.00,33914.40,0.03,0.07,N,O,1997-04-02,1997-03-13,1997-04-22,DELIVER IN PERSON,FOB, quickly silent inst
1890-2,1890,995,96,2,43.00,81527.57,0.07,0.03,N,O,1996-12-30,1997-01-31,1997-01-19,DELIVER IN PERSON,FOB,ole blithely quickly ironic pa
1890-3,1890,589,80,3,24.00,35749.92,0.06,0.04,N,O,1997-02-09,1997-02-10,1997-02-12,COLLECT COD,MAIL,bold ideas; stealthy requests run. 
1890-4,1890,673,74,4,43.00,67667.81,0.09,0.04,N,O,1997-04-08,1997-02-19,1997-04-30,TAKE BACK RETURN,FOB,"fully regular dependencies. pending, sp"
1890-5,1890,1212,13,5,45.00,50094.45,0.08,0.05,N,O,1997-04-15,1997-03-16,1997-04-19,COLLECT COD,FOB,t the regular accounts use furiously at the
1890-6,1890,1808,52,6,16.00,27356.80,0.08,0.02,N,O,1997-02-13,1997-02-18,1997-03-12,TAKE BACK RETURN,TRUCK,latelets wake carefully along the pe
1890-7,1890,1203,15,7,10.00,11042.00,0.01,0.04,N,O,1996-12-24,1997-02-19,1997-01-01,DELIVER IN PERSON,AIR,osits against the pe
1891-1,1891,761,62,1,45.00,74779.20,0.07,0.04,A,F,1994-12-20,1995-01-16,1995-01-05,NONE,RAIL,t the furi
1891-2,1891,1831,75,2,18.00,31190.94,0.06,0.00,A,F,1995-01-24,1995-01-29,1995-02-14,NONE,RAIL, slyly unusual deposits
1891-3,1891,1972,73,3,15.00,28109.55,0.03,0.00,R,F,1995-03-11,1995-03-05,1995-03-18,TAKE BACK RETURN,MAIL,ets. bold warthogs h
1892-1,1892,1128,65,1,48.00,49397.76,0.02,0.01,A,F,1994-06-16,1994-06-16,1994-06-28,NONE,RAIL,anently among the b
1892-2,1892,421,9,2,35.00,46249.70,0.04,0.08,R,F,1994-04-05,1994-05-09,1994-05-03,NONE,MAIL,quickly even requests boost final ac
1892-3,1892,1333,10,3,37.00,45670.21,0.10,0.03,R,F,1994-04-11,1994-06-04,1994-04-24,TAKE BACK RETURN,SHIP," the unusual, pending depos"
1892-4,1892,1970,15,4,14.00,26207.58,0.06,0.07,R,F,1994-04-08,1994-06-12,1994-04-27,DELIVER IN PERSON,FOB,l packages. furiously daring 
1893-1,1893,983,18,1,43.00,81011.14,0.10,0.00,N,O,1998-01-25,1998-01-06,1998-02-14,COLLECT COD,SHIP,about the slyly silen
1893-2,1893,1474,75,2,49.00,67398.03,0.03,0.05,N,O,1998-01-19,1998-01-28,1998-02-02,TAKE BACK RETURN,FOB,ironic instructi
1893-3,1893,442,43,3,3.00,4027.32,0.03,0.02,N,O,1998-02-10,1998-01-18,1998-02-25,DELIVER IN PERSON,MAIL,"al, special instructions wake p"
1893-4,1893,1007,78,4,18.00,16344.00,0.07,0.06,N,O,1998-01-24,1998-01-12,1998-02-13,TAKE BACK RETURN,RAIL,ges haggle furiously against the 
1893-5,1893,521,22,5,6.00,8529.12,0.10,0.02,N,O,1998-01-23,1997-12-22,1998-02-09,DELIVER IN PERSON,TRUCK,al instructions cajole slowly. furiousl
1894-1,1894,1683,84,1,40.00,63387.20,0.03,0.07,R,F,1992-06-07,1992-05-11,1992-07-01,DELIVER IN PERSON,FOB,aintain. blithely even tithes wo
1895-1,1895,1602,26,1,43.00,64654.80,0.09,0.07,R,F,1994-07-26,1994-07-19,1994-08-11,NONE,AIR,ermanently reg
1920-1,1920,954,55,1,24.00,44518.80,0.04,0.05,N,O,1998-09-27,1998-08-23,1998-10-15,DELIVER IN PERSON,AIR,rint packages. ca
1920-2,1920,508,69,2,31.00,43663.50,0.05,0.06,N,O,1998-08-01,1998-08-30,1998-08-17,COLLECT COD,SHIP, packages caj
1920-3,1920,172,99,3,6.00,6433.02,0.01,0.05,N,O,1998-10-01,1998-08-20,1998-10-24,COLLECT COD,SHIP,es. sly gifts nag slyl
1920-4,1920,834,35,4,50.00,86741.50,0.09,0.06,N,O,1998-10-03,1998-08-04,1998-10-29,DELIVER IN PERSON,MAIL,s affix carefully. ironic pinto beans ca
1920-5,1920,338,23,5,14.00,17336.62,0.08,0.05,N,O,1998-10-22,1998-08-10,1998-10-27,DELIVER IN PERSON,AIR,tions nag care
1921-1,1921,207,62,1,9.00,9964.80,0.08,0.00,R,F,1994-02-01,1994-03-20,1994-03-01,DELIVER IN PERSON,FOB,y express requests wake quickly regular
1921-2,1921,1397,36,2,21.00,27266.19,0.02,0.06,R,F,1994-02-08,1994-03-28,1994-02-15,COLLECT COD,FOB,iers above 
1921-3,1921,709,10,3,27.00,43461.90,0.00,0.04,A,F,1994-04-26,1994-04-07,1994-04-30,TAKE BACK RETURN,FOB,ans across the ironically idle
1922-1,1922,98,49,1,13.00,12975.17,0.05,0.03,N,O,1996-10-24,1996-09-21,1996-11-15,NONE,SHIP,erve above the fu
1923-1,1923,362,63,1,9.00,11361.24,0.01,0.08,N,O,1997-08-29,1997-09-13,1997-09-07,NONE,FOB,es haggle brave platelets. fluffily dogged 
1923-2,1923,1774,17,2,23.00,38542.71,0.07,0.05,N,O,1997-09-08,1997-08-11,1997-09-14,TAKE BACK RETURN,MAIL, ironic requests affix blithely! pin
1923-3,1923,1797,98,3,11.00,18686.69,0.03,0.03,N,O,1997-07-12,1997-09-04,1997-08-01,TAKE BACK RETURN,REG AIR,nic accounts. platelets are. foxes breach q
1923-4,1923,1927,72,4,49.00,89617.08,0.06,0.05,N,O,1997-07-21,1997-08-08,1997-07-26,NONE,AIR,ckages cajole quickly. sl
1923-5,1923,1831,18,5,25.00,43320.75,0.10,0.08,N,O,1997-08-18,1997-08-20,1997-09-12,DELIVER IN PERSON,TRUCK,ages. regular packages 
1923-6,1923,370,99,6,50.00,63518.50,0.03,0.03,N,O,1997-11-04,1997-08-08,1997-11-25,NONE,TRUCK,efully bold requests grow slyly about 
1924-1,1924,726,23,1,7.00,11387.04,0.06,0.07,N,O,1997-01-01,1996-12-02,1997-01-08,COLLECT COD,SHIP,"l requests. ironic, even pinto b"
1924-2,1924,174,53,2,47.00,50485.99,0.02,0.06,N,O,1996-11-24,1996-10-18,1996-12-13,COLLECT COD,REG AIR," the packages. even, regular asymptotes ha"
1924-3,1924,568,69,3,40.00,58742.40,0.04,0.08,N,O,1996-10-31,1996-11-30,1996-11-21,NONE,REG AIR, according to the sl
1924-4,1924,332,89,4,31.00,38202.23,0.03,0.03,N,O,1996-09-20,1996-10-19,1996-10-19,DELIVER IN PERSON,SHIP,lar packages snooze carefully fu
1924-5,1924,355,12,5,17.00,21340.95,0.04,0.05,N,O,1996-12-31,1996-11-12,1997-01-25,COLLECT COD,TRUCK,s shall boost regular requests. fluffily bo
1924-6,1924,758,55,6,15.00,24881.25,0.02,0.04,N,O,1997-01-04,1996-11-13,1997-01-27,NONE,SHIP,scapades s
1924-7,1924,396,97,7,21.00,27224.19,0.09,0.03,N,O,1996-09-21,1996-11-12,1996-10-02,TAKE BACK RETURN,AIR,"n, regular as"
1925-1,1925,1838,25,1,50.00,86991.50,0.01,0.02,R,F,1992-04-12,1992-04-23,1992-05-08,TAKE BACK RETURN,TRUCK," the bold, "
1925-2,1925,1343,58,2,35.00,43551.90,0.06,0.06,R,F,1992-05-11,1992-04-10,1992-05-14,TAKE BACK RETURN,AIR, theodolites cajole. foxes are furiously s
1925-3,1925,1151,88,3,40.00,42086.00,0.08,0.08,A,F,1992-05-17,1992-05-20,1992-06-08,TAKE BACK RETURN,AIR,lose deposits. ca
1925-4,1925,298,26,4,17.00,20370.93,0.06,0.02,R,F,1992-05-18,1992-04-06,1992-06-16,TAKE BACK RETURN,MAIL,ecial accounts sleep carefull
1926-1,1926,504,35,1,24.00,33708.00,0.06,0.05,N,O,1996-05-04,1996-03-14,1996-06-01,DELIVER IN PERSON,RAIL,elets. slyly f
1926-2,1926,1051,87,2,29.00,27609.45,0.09,0.08,N,O,1996-02-26,1996-03-14,1996-03-14,TAKE BACK RETURN,TRUCK,ronic epitaphs. quickly bold package
1926-3,1926,1777,4,3,10.00,16787.70,0.02,0.03,N,O,1996-05-23,1996-03-02,1996-06-04,NONE,AIR,uriously. regular requests detect ca
1926-4,1926,678,79,4,13.00,20522.71,0.04,0.02,N,O,1996-04-26,1996-04-13,1996-05-08,DELIVER IN PERSON,MAIL,ounts nag qui
1926-5,1926,400,57,5,29.00,37711.60,0.06,0.00,N,O,1996-02-29,1996-03-13,1996-03-24,DELIVER IN PERSON,MAIL, foxes cajole against the furiously p
1927-1,1927,679,42,1,3.00,4739.01,0.00,0.05,N,O,1995-10-06,1995-12-08,1995-11-05,COLLECT COD,FOB, excuses caj
1927-2,1927,725,90,2,15.00,24385.80,0.08,0.08,N,O,1995-12-25,1995-12-26,1995-12-31,COLLECT COD,RAIL,ounts haggle blithely according to th
1927-3,1927,648,42,3,6.00,9291.84,0.05,0.05,N,O,1995-11-29,1995-11-20,1995-12-08,TAKE BACK RETURN,TRUCK,y regular deposits
1952-1,1952,521,82,1,7.00,9950.64,0.04,0.05,A,F,1994-05-06,1994-06-11,1994-05-12,NONE,RAIL,hely beside the carefully fi
1952-2,1952,1417,96,2,6.00,7910.46,0.06,0.05,A,F,1994-05-09,1994-05-21,1994-05-26,DELIVER IN PERSON,AIR,ecial theodolites
1953-1,1953,1277,89,1,25.00,29456.75,0.07,0.06,A,F,1994-01-07,1994-01-28,1994-01-29,TAKE BACK RETURN,RAIL,furiously regul
1953-2,1953,139,40,2,35.00,36369.55,0.06,0.06,R,F,1994-02-03,1994-02-25,1994-02-14,DELIVER IN PERSON,FOB,furiously bli
1954-1,1954,1513,94,1,31.00,43849.81,0.06,0.06,N,O,1997-08-18,1997-07-07,1997-09-03,DELIVER IN PERSON,RAIL,eep above the courts. sometimes iron
1954-2,1954,1812,99,2,1.00,1713.81,0.03,0.01,N,O,1997-09-16,1997-07-08,1997-10-07,COLLECT COD,MAIL,e. silent deposits solve accordi
1954-3,1954,1987,76,3,11.00,20778.78,0.07,0.07,N,O,1997-08-07,1997-07-23,1997-08-25,DELIVER IN PERSON,TRUCK, regular requests
1954-4,1954,1583,64,4,12.00,17814.96,0.02,0.08,N,O,1997-07-19,1997-07-04,1997-08-06,COLLECT COD,AIR,ymptotes haggle busily even deposits. fina
1954-5,1954,1698,81,5,29.00,46391.01,0.08,0.08,N,O,1997-08-25,1997-07-15,1997-09-02,DELIVER IN PERSON,RAIL,y special courts wake slyly. car
1954-6,1954,1763,64,6,13.00,21641.88,0.00,0.07,N,O,1997-06-15,1997-08-22,1997-06-20,TAKE BACK RETURN,MAIL,nding theodolites shall nod 
1954-7,1954,1935,36,7,49.00,90009.57,0.05,0.06,N,O,1997-06-04,1997-08-29,1997-06-14,COLLECT COD,TRUCK,nstructions nag slyly among the pendin
1955-1,1955,1361,100,1,32.00,40395.52,0.02,0.02,A,F,1992-07-05,1992-06-29,1992-08-03,TAKE BACK RETURN,TRUCK,ly special requests sle
1955-2,1955,171,50,2,2.00,2142.34,0.03,0.01,R,F,1992-07-06,1992-07-06,1992-08-01,COLLECT COD,TRUCK,bout the fu
1955-3,1955,1577,18,3,41.00,60621.37,0.08,0.06,A,F,1992-08-01,1992-06-04,1992-08-07,COLLECT COD,AIR,y regular requests! stealthily ironi
1955-4,1955,83,34,4,16.00,15729.28,0.03,0.07,A,F,1992-04-30,1992-06-23,1992-05-23,TAKE BACK RETURN,FOB,lyly across th
1955-5,1955,1585,86,5,11.00,16352.38,0.09,0.01,A,F,1992-06-03,1992-07-04,1992-06-07,NONE,REG AIR,ar dependencies caj
1956-1,1956,1764,65,1,8.00,13326.08,0.02,0.04,A,F,1992-12-25,1992-11-24,1993-01-12,TAKE BACK RETURN,AIR,ress instructions sleep busily. sl
1956-2,1956,1030,66,2,16.00,14896.48,0.00,0.05,R,F,1992-11-11,1992-11-11,1992-11-30,NONE,FOB,kages sleep carefully a
1956-3,1956,1390,29,3,39.00,50364.21,0.08,0.02,A,F,1992-09-24,1992-11-26,1992-10-15,DELIVER IN PERSON,REG AIR,ly bold platelets. special inst
1956-4,1956,283,84,4,11.00,13016.08,0.10,0.00,A,F,1992-12-19,1992-10-29,1993-01-07,TAKE BACK RETURN,AIR,uriously special
1956-5,1956,1549,30,5,16.00,23208.64,0.08,0.02,R,F,1992-09-28,1992-10-21,1992-09-30,TAKE BACK RETURN,FOB,its wake slyly a
1957-1,1957,783,16,1,50.00,84189.00,0.09,0.05,N,O,1998-08-08,1998-09-28,1998-08-27,COLLECT COD,FOB,ously regular
1957-2,1957,1181,18,2,31.00,33547.58,0.10,0.08,N,O,1998-08-13,1998-08-31,1998-08-16,NONE,REG AIR,ckages. ironic decoys serve unus
1958-1,1958,721,86,1,9.00,14595.48,0.01,0.05,N,O,1995-12-08,1995-12-17,1995-12-18,DELIVER IN PERSON,REG AIR,le closely final f
1958-2,1958,1751,52,2,29.00,47929.75,0.05,0.06,N,O,1996-01-19,1995-12-05,1996-02-14,COLLECT COD,SHIP,fix quickly. 
1958-3,1958,1018,19,3,4.00,3676.04,0.04,0.02,N,O,1995-10-24,1995-12-09,1995-10-28,DELIVER IN PERSON,AIR,bold dinos. slyly unusual a
1958-4,1958,827,94,4,38.00,65657.16,0.09,0.07,N,O,1995-10-09,1995-11-26,1995-11-05,COLLECT COD,TRUCK,"ironic dinos sleep above the regular,"
1958-5,1958,1010,16,5,31.00,28241.31,0.08,0.01,N,O,1995-10-31,1995-11-12,1995-11-07,TAKE BACK RETURN,TRUCK,icingly fina
1958-6,1958,162,15,6,44.00,46735.04,0.08,0.04,N,O,1995-12-17,1995-11-30,1996-01-15,TAKE BACK RETURN,RAIL, foxes. ideas are carefully. final acco
1958-7,1958,384,69,7,29.00,37247.02,0.02,0.05,N,O,1995-10-14,1995-11-06,1995-11-01,NONE,REG AIR,deas. silent foxes cajole furiously.
1959-1,1959,1687,88,1,46.00,73079.28,0.04,0.00,N,O,1997-05-05,1997-03-03,1997-05-24,TAKE BACK RETURN,AIR,ully blithely
1959-2,1959,1195,68,2,15.00,16442.85,0.08,0.07,N,O,1997-01-20,1997-02-18,1997-02-08,DELIVER IN PERSON,MAIL,ajole. expr
1984-1,1984,521,12,1,45.00,63968.40,0.03,0.04,N,O,1998-04-09,1998-06-11,1998-05-01,COLLECT COD,AIR,rding to the slyly final i
1984-2,1984,700,63,2,35.00,56024.50,0.01,0.07,N,O,1998-05-18,1998-05-04,1998-06-01,COLLECT COD,RAIL,even deposits are carefully from the even 
1985-1,1985,272,54,1,33.00,38684.91,0.10,0.03,R,F,1994-12-04,1994-11-01,1994-12-05,DELIVER IN PERSON,FOB,s haggle carefully quickly eve
1985-2,1985,204,32,2,50.00,55210.00,0.04,0.02,R,F,1994-09-30,1994-10-18,1994-10-12,COLLECT COD,AIR,ys about the furiously r
1985-3,1985,1333,72,3,20.00,24686.60,0.07,0.03,R,F,1994-10-29,1994-11-12,1994-11-27,NONE,TRUCK,ts. platelets alongside of the slyl
1985-4,1985,1982,83,4,30.00,56519.40,0.05,0.07,R,F,1994-09-06,1994-10-10,1994-09-26,NONE,RAIL,ents detect! 
1985-5,1985,1239,77,5,42.00,47889.66,0.05,0.05,R,F,1994-10-25,1994-11-03,1994-11-19,DELIVER IN PERSON,SHIP,ely regular packages nag. quickly bold
1985-6,1985,197,50,6,2.00,2194.38,0.02,0.00,A,F,1994-11-25,1994-10-09,1994-12-25,TAKE BACK RETURN,FOB,uriously exp
1986-1,1986,915,16,1,12.00,21790.92,0.06,0.05,A,F,1994-08-17,1994-06-28,1994-09-02,COLLECT COD,RAIL,c tithes haggle ironic account
1986-2,1986,1047,83,2,10.00,9480.40,0.10,0.03,R,F,1994-05-14,1994-06-21,1994-06-02,COLLECT COD,REG AIR,ackages integrate along the 
1986-3,1986,628,60,3,14.00,21400.68,0.04,0.02,R,F,1994-07-14,1994-06-19,1994-08-08,NONE,SHIP,excuses ought to integrate car
1987-1,1987,151,30,1,7.00,7358.05,0.03,0.03,A,F,1994-07-30,1994-07-06,1994-08-29,NONE,REG AIR,r pinto be
1988-1,1988,711,76,1,36.00,58021.56,0.09,0.04,N,O,1996-01-21,1995-11-24,1996-01-27,NONE,RAIL,ecial foxes sleep e
1988-2,1988,1985,18,2,19.00,35852.62,0.08,0.08,N,O,1996-02-03,1995-12-10,1996-02-14,COLLECT COD,FOB,fix slyly. slyly quiet accounts affix cl
1988-3,1988,538,29,3,8.00,11508.24,0.06,0.01,N,O,1995-10-20,1995-11-11,1995-11-18,DELIVER IN PERSON,AIR,ully regular 
1988-4,1988,357,86,4,27.00,33948.45,0.08,0.00,N,O,1996-01-27,1995-12-24,1996-02-24,TAKE BACK RETURN,TRUCK, sly packages are according to the regular
1988-5,1988,782,47,5,26.00,43752.28,0.08,0.04,N,O,1996-01-25,1995-12-15,1996-01-26,COLLECT COD,SHIP,y bold accounts. expre
1988-6,1988,860,60,6,9.00,15847.74,0.08,0.03,N,O,1995-12-26,1996-01-02,1996-01-25,DELIVER IN PERSON,MAIL,e final braids haggle after the b
1989-1,1989,99,75,1,47.00,46957.23,0.10,0.02,R,F,1994-06-21,1994-05-27,1994-06-22,TAKE BACK RETURN,REG AIR,yly above the qu
1990-1,1990,1010,11,1,46.00,41906.46,0.01,0.07,R,F,1994-12-29,1995-03-14,1995-01-13,NONE,TRUCK,g instructions
1991-1,1991,1091,27,1,39.00,38691.51,0.06,0.02,A,F,1993-01-01,1992-11-29,1993-01-10,TAKE BACK RETURN,TRUCK, above the blithely even dep
1991-2,1991,529,60,2,49.00,70046.48,0.08,0.06,R,F,1992-10-19,1992-11-29,1992-10-25,NONE,SHIP,luffily special p
1991-3,1991,1736,37,3,6.00,9826.38,0.02,0.01,A,F,1992-11-02,1992-10-08,1992-11-14,TAKE BACK RETURN,REG AIR,special dugou
1991-4,1991,1374,51,4,6.00,7652.22,0.10,0.06,A,F,1992-11-21,1992-11-03,1992-11-27,NONE,RAIL,lyly unusual deposits ha
1991-5,1991,594,25,5,49.00,73234.91,0.06,0.00,R,F,1992-09-10,1992-11-30,1992-10-07,NONE,AIR,re fluffily. final pac
2016-1,2016,1461,1,1,2.00,2724.92,0.02,0.07,N,O,1996-10-12,1996-11-09,1996-10-31,DELIVER IN PERSON,TRUCK,cording to the sheaves. car
2016-2,2016,627,21,2,15.00,22914.30,0.04,0.05,N,O,1996-09-24,1996-10-05,1996-10-21,TAKE BACK RETURN,MAIL,luffily regular theodolites. bold requ
2016-3,2016,1215,53,3,8.00,8929.68,0.09,0.02,N,O,1996-09-19,1996-10-21,1996-10-13,TAKE BACK RETURN,SHIP,tions breach slyly. pending depths unwi
2017-1,2017,1026,27,1,49.00,45423.98,0.10,0.06,N,O,1998-05-26,1998-07-01,1998-06-06,COLLECT COD,TRUCK,evenly. accounts boost unusual pinto
2017-2,2017,701,2,2,14.00,22423.80,0.07,0.04,N,O,1998-06-28,1998-06-15,1998-07-11,NONE,TRUCK,arefully do
2017-3,2017,835,2,3,11.00,19094.13,0.05,0.02,N,O,1998-05-22,1998-07-13,1998-05-26,TAKE BACK RETURN,TRUCK,ffily special accounts cajole.
2018-1,2018,1943,44,1,2.00,3689.88,0.02,0.07,N,O,1995-06-25,1995-06-20,1995-07-04,NONE,TRUCK,s. quickly final tithes wake slyly quick
2018-2,2018,1282,83,2,23.00,27215.44,0.05,0.01,R,F,1995-05-05,1995-05-12,1995-05-22,TAKE BACK RETURN,RAIL,ites poach furiously. ca
2019-1,2019,33,84,1,31.00,28923.93,0.07,0.03,R,F,1992-11-18,1992-12-26,1992-11-24,DELIVER IN PERSON,FOB,ickly. bold foxes wake a
2019-2,2019,519,80,2,18.00,25551.18,0.04,0.03,R,F,1993-01-24,1992-12-22,1993-02-02,NONE,MAIL,"nticing accounts. special, bold noto"
2020-1,2020,336,21,1,50.00,61816.50,0.06,0.01,R,F,1993-07-12,1993-08-28,1993-08-02,COLLECT COD,TRUCK,"equests. regular, bold accounts are care"
2020-2,2020,1757,84,2,40.00,66350.00,0.09,0.00,A,F,1993-10-17,1993-09-14,1993-10-29,TAKE BACK RETURN,RAIL,across the unusu
2020-3,2020,139,18,3,30.00,31173.90,0.07,0.04,A,F,1993-09-08,1993-08-11,1993-09-29,TAKE BACK RETURN,AIR,express requests. accounts affix regular
2020-4,2020,609,72,4,27.00,40759.20,0.05,0.06,A,F,1993-07-14,1993-09-02,1993-08-03,NONE,FOB,"ckly around the ironic, iro"
2021-1,2021,848,48,1,7.00,12241.88,0.08,0.04,N,O,1995-10-17,1995-09-29,1995-10-20,NONE,MAIL," lose furiously among the express, sly"
2021-2,2021,1653,36,2,19.00,29538.35,0.04,0.05,N,O,1995-08-14,1995-09-05,1995-08-23,NONE,RAIL,d the regular instr
2022-1,2022,1685,27,1,38.00,60293.84,0.00,0.08,R,F,1992-07-05,1992-04-20,1992-07-13,TAKE BACK RETURN,REG AIR,al accounts. ironic ideas integrate. 
2022-2,2022,548,79,2,38.00,55044.52,0.05,0.04,R,F,1992-06-17,1992-05-15,1992-06-28,COLLECT COD,SHIP,dependencies cajole carefull
2022-3,2022,489,90,3,48.00,66695.04,0.10,0.02,A,F,1992-06-14,1992-06-04,1992-07-12,DELIVER IN PERSON,SHIP,sly deposits. slyly final excuses haggle ag
2022-4,2022,1814,15,4,16.00,27452.96,0.05,0.03,R,F,1992-06-23,1992-05-22,1992-07-07,NONE,TRUCK,ounts wake carefully
2022-5,2022,995,96,5,36.00,68255.64,0.05,0.02,R,F,1992-03-24,1992-05-07,1992-04-13,NONE,MAIL,as alongside of the regular foxes detec
2022-6,2022,1282,94,6,20.00,23665.60,0.08,0.08,A,F,1992-03-31,1992-04-17,1992-04-02,NONE,SHIP,uickly. slyly pend
2022-7,2022,772,73,7,13.00,21746.01,0.06,0.08,R,F,1992-04-04,1992-05-30,1992-04-21,NONE,FOB,ironic deposits sleep slyl
2023-1,2023,1263,75,1,9.00,10478.34,0.05,0.04,R,F,1992-06-04,1992-06-30,1992-06-10,NONE,AIR,es hinder after the regula
2023-2,2023,378,63,2,2.00,2556.74,0.01,0.00,R,F,1992-08-27,1992-07-16,1992-08-29,DELIVER IN PERSON,RAIL, somas sleep slyly against t
2023-3,2023,186,39,3,25.00,27154.50,0.10,0.03,A,F,1992-07-19,1992-07-07,1992-08-15,NONE,REG AIR,ly against the accounts. furiously pe
2023-4,2023,1849,36,4,9.00,15757.56,0.02,0.00,A,F,1992-07-23,1992-07-04,1992-08-20,TAKE BACK RETURN,AIR,cial ideas sleep idly quickly final pi
2023-5,2023,195,74,5,22.00,24094.18,0.04,0.06,A,F,1992-06-15,1992-07-13,1992-06-21,TAKE BACK RETURN,SHIP, promise blithely a
2023-6,2023,429,17,6,29.00,38553.18,0.02,0.06,A,F,1992-08-29,1992-07-28,1992-09-18,COLLECT COD,RAIL,. blithely regular depo
2023-7,2023,1340,79,7,50.00,62067.00,0.00,0.03,R,F,1992-06-20,1992-07-04,1992-06-23,DELIVER IN PERSON,FOB,deposits. careful
2048-1,2048,343,72,1,7.00,8703.38,0.06,0.01,R,F,1993-12-07,1994-01-31,1994-01-05,TAKE BACK RETURN,REG AIR,tes. quickly even instructions cajole furio
2048-2,2048,74,50,2,5.00,4870.35,0.04,0.04,A,F,1994-01-18,1994-02-01,1994-01-29,TAKE BACK RETURN,TRUCK,ular packages. bold foxe
2048-3,2048,1006,7,3,12.00,10884.00,0.01,0.05,R,F,1994-01-28,1994-01-19,1994-02-08,NONE,AIR,ic deposits af
2048-4,2048,963,66,4,11.00,20503.56,0.10,0.03,R,F,1993-12-20,1994-01-19,1994-01-04,TAKE BACK RETURN,MAIL,"ic, final packages engage fluff"
2049-1,2049,1881,82,1,25.00,44572.00,0.08,0.00,N,O,1996-03-31,1996-02-29,1996-04-15,DELIVER IN PERSON,MAIL,atelets boost quick
2049-2,2049,347,76,2,31.00,38667.54,0.10,0.05,N,O,1995-12-25,1996-02-25,1995-12-29,TAKE BACK RETURN,MAIL,ly brave accounts wake. slyly
2049-3,2049,666,98,3,18.00,28199.88,0.05,0.05,N,O,1996-01-09,1996-01-22,1996-01-25,TAKE BACK RETURN,AIR,ly across the furiously final ideas. si
2049-4,2049,55,56,4,39.00,37246.95,0.02,0.05,N,O,1996-01-17,1996-01-21,1996-02-03,TAKE BACK RETURN,MAIL,ickly pending excuses
2049-5,2049,1253,91,5,30.00,34627.50,0.04,0.06,N,O,1995-12-16,1996-02-04,1995-12-22,NONE,TRUCK,key players. bold theodolites unwind quick
2049-6,2049,831,98,6,17.00,29441.11,0.07,0.00,N,O,1996-02-04,1996-03-01,1996-02-24,NONE,FOB,dolites. express instruction
2050-1,2050,727,92,1,47.00,76502.84,0.05,0.03,A,F,1994-08-25,1994-07-18,1994-09-15,DELIVER IN PERSON,TRUCK,ounts against the blithely even courts ar
2050-2,2050,1516,17,2,48.00,68040.48,0.05,0.01,A,F,1994-09-30,1994-08-23,1994-10-29,COLLECT COD,AIR,instructions cajole bl
2050-3,2050,1121,22,3,41.00,41906.92,0.10,0.04,A,F,1994-06-08,1994-08-27,1994-06-23,NONE,AIR,timents; slyly bold request
2050-4,2050,316,1,4,11.00,13379.41,0.02,0.01,A,F,1994-07-27,1994-08-18,1994-08-02,DELIVER IN PERSON,REG AIR,ctions would use fluffily furiously bold 
2050-5,2050,1679,80,5,16.00,25290.72,0.07,0.01,R,F,1994-08-17,1994-07-28,1994-09-05,DELIVER IN PERSON,REG AIR," deposits. final, final th"
2050-6,2050,485,44,6,29.00,40178.92,0.00,0.05,A,F,1994-09-23,1994-08-01,1994-10-23,TAKE BACK RETURN,MAIL,y pending pac
2050-7,2050,473,3,7,25.00,34336.75,0.10,0.00,R,F,1994-08-18,1994-07-04,1994-09-04,TAKE BACK RETURN,RAIL,final accounts.
2051-1,2051,243,44,1,43.00,49159.32,0.08,0.04,N,O,1996-04-22,1996-06-16,1996-04-28,COLLECT COD,RAIL,regular accounts wake furiousl
2051-2,2051,1294,95,2,48.00,57373.92,0.01,0.02,N,O,1996-05-04,1996-06-14,1996-05-19,NONE,TRUCK,iously against the furiously final ac
2052-1,2052,679,11,1,50.00,78983.50,0.09,0.08,R,F,1992-06-22,1992-06-03,1992-07-19,DELIVER IN PERSON,AIR, unwind after the re
2052-2,2052,1349,88,2,35.00,43761.90,0.09,0.05,A,F,1992-05-29,1992-05-24,1992-06-11,NONE,TRUCK," regular, iron"
2052-3,2052,423,11,3,16.00,21174.72,0.01,0.08,A,F,1992-06-30,1992-07-09,1992-07-12,NONE,SHIP,arefully. express platelets are bl
2052-4,2052,960,61,4,47.00,87465.12,0.08,0.01,A,F,1992-06-18,1992-05-16,1992-07-02,TAKE BACK RETURN,REG AIR, ironic ideas use afte
2053-1,2053,1007,43,1,20.00,18160.00,0.09,0.00,A,F,1995-04-25,1995-04-12,1995-05-13,NONE,TRUCK, express deposits. regular package
2053-2,2053,323,24,2,34.00,41592.88,0.07,0.00,A,F,1995-03-15,1995-03-20,1995-04-09,TAKE BACK RETURN,TRUCK,kly according to the asymp
2053-3,2053,643,6,3,46.00,71007.44,0.01,0.03,R,F,1995-04-01,1995-04-02,1995-04-18,NONE,RAIL,"auternes integrate! final, pending "
2053-4,2053,1210,48,4,31.00,34447.51,0.06,0.08,R,F,1995-03-23,1995-03-13,1995-04-16,DELIVER IN PERSON,SHIP,d haggle slyly slyly r
2054-1,2054,1124,25,1,11.00,11276.32,0.03,0.05,R,F,1992-08-13,1992-08-26,1992-08-22,NONE,AIR,bold depos
2054-2,2054,1194,67,2,31.00,33950.89,0.05,0.08,A,F,1992-08-18,1992-09-04,1992-08-24,NONE,FOB,he blithe accounts wake quickly ironic d
2054-3,2054,1210,11,3,32.00,35558.72,0.06,0.00,A,F,1992-06-23,1992-07-08,1992-07-22,NONE,FOB,ole slyly regular packages. regul
2054-4,2054,1740,25,4,14.00,22984.36,0.10,0.05,R,F,1992-06-25,1992-09-05,1992-07-14,DELIVER IN PERSON,SHIP,. carefully 
2054-5,2054,60,11,5,40.00,38402.40,0.08,0.06,R,F,1992-06-23,1992-08-09,1992-07-04,TAKE BACK RETURN,RAIL," are blithely along the final, expre"
2054-6,2054,1335,74,6,17.00,21017.61,0.08,0.01,A,F,1992-06-09,1992-08-28,1992-06-16,NONE,AIR,atelets int
2054-7,2054,104,83,7,4.00,4016.40,0.00,0.08,R,F,1992-08-12,1992-08-31,1992-08-15,DELIVER IN PERSON,AIR,lyly against the fluffily iro
2055-1,2055,445,46,1,15.00,20181.60,0.04,0.06,A,F,1993-09-15,1993-10-06,1993-10-07,NONE,REG AIR,ctions. pending
2055-2,2055,83,84,2,15.00,14746.20,0.06,0.05,R,F,1993-10-30,1993-11-21,1993-11-22,COLLECT COD,RAIL,packages snooz
2055-3,2055,1344,83,3,12.00,14944.08,0.00,0.02,A,F,1993-10-26,1993-11-23,1993-11-22,COLLECT COD,TRUCK,pending deposi
2055-4,2055,1338,77,4,16.00,19829.28,0.02,0.02,A,F,1993-11-16,1993-11-12,1993-11-28,NONE,TRUCK,"s use. ironic, express multipliers "
2080-1,2080,69,45,1,5.00,4845.30,0.08,0.05,R,F,1993-08-26,1993-08-07,1993-09-02,DELIVER IN PERSON,TRUCK,lar platelets boost!
2080-2,2080,1970,15,2,39.00,73006.83,0.07,0.04,A,F,1993-08-22,1993-09-09,1993-08-23,COLLECT COD,FOB,packages use slyly. bravely ironic fre
2081-1,2081,885,85,1,26.00,46432.88,0.03,0.08,N,O,1997-10-21,1997-10-03,1997-11-10,NONE,FOB,nal dependencies nag ironically express
2081-2,2081,1484,63,2,13.00,18011.24,0.07,0.05,N,O,1997-08-23,1997-08-22,1997-09-09,TAKE BACK RETURN,MAIL,ily unusual decoys. 
2081-3,2081,130,83,3,32.00,32964.16,0.09,0.07,N,O,1997-09-05,1997-09-26,1997-10-03,TAKE BACK RETURN,SHIP,furiously after the special theodolites. fu
2081-4,2081,847,48,4,23.00,40200.32,0.03,0.08,N,O,1997-07-06,1997-09-11,1997-07-21,TAKE BACK RETURN,MAIL,"s. final, pending foxes run furiousl"
2081-5,2081,1122,59,5,19.00,19439.28,0.02,0.06,N,O,1997-10-01,1997-08-12,1997-10-18,COLLECT COD,SHIP, theodolites haggle furiously against the r
2081-6,2081,1416,56,6,31.00,40839.71,0.03,0.06,N,O,1997-09-19,1997-09-13,1997-09-27,NONE,AIR, final pinto
2082-1,2082,745,42,1,36.00,59246.64,0.00,0.00,R,F,1995-01-20,1995-03-18,1995-01-31,COLLECT COD,MAIL,o the fluffily even platelets! care
2082-2,2082,1046,17,2,12.00,11364.48,0.08,0.05,A,F,1995-01-27,1995-02-11,1995-02-07,NONE,FOB,"eful, final requests boost car"
2083-1,2083,240,95,1,37.00,42188.88,0.07,0.00,R,F,1993-09-07,1993-09-30,1993-09-18,TAKE BACK RETURN,MAIL,s deposits. slyly final asymptotes af
2084-1,2084,1812,42,1,42.00,71980.02,0.03,0.05,A,F,1993-03-29,1993-05-05,1993-04-22,COLLECT COD,REG AIR,ts. blithely regular de
2084-2,2084,1799,42,2,23.00,39118.17,0.09,0.08,A,F,1993-06-05,1993-05-26,1993-06-06,DELIVER IN PERSON,AIR,sly even fo
2084-3,2084,1354,69,3,37.00,46447.95,0.07,0.05,A,F,1993-07-16,1993-04-20,1993-08-06,NONE,AIR,ress dolphins. fu
2084-4,2084,938,41,4,9.00,16550.37,0.02,0.02,A,F,1993-03-18,1993-06-08,1993-03-30,NONE,TRUCK,ironic theodolites. slyly quiet 
2084-5,2084,269,51,5,28.00,32739.28,0.07,0.02,R,F,1993-05-04,1993-05-14,1993-05-31,COLLECT COD,TRUCK,lithely unusual theod
2084-6,2084,1150,87,6,15.00,15767.25,0.09,0.04,A,F,1993-06-23,1993-04-25,1993-07-23,COLLECT COD,SHIP, blithely carefully f
2084-7,2084,1935,80,7,34.00,62455.62,0.09,0.02,R,F,1993-06-20,1993-05-28,1993-06-25,DELIVER IN PERSON,RAIL,haggle idly along the unusual theod
2085-1,2085,402,32,1,45.00,58608.00,0.00,0.07,R,F,1994-02-27,1994-01-11,1994-03-29,TAKE BACK RETURN,MAIL,ld instructio
2086-1,2086,599,100,1,22.00,32990.98,0.03,0.07,R,F,1994-12-04,1994-12-16,1994-12-20,DELIVER IN PERSON,RAIL, accounts hag
2086-2,2086,1410,28,2,32.00,41965.12,0.04,0.06,A,F,1994-11-15,1995-01-05,1994-12-09,TAKE BACK RETURN,TRUCK, use slyly final pin
2086-3,2086,1050,51,3,44.00,41846.20,0.02,0.01,A,F,1994-12-04,1994-11-30,1994-12-21,DELIVER IN PERSON,FOB,s; foxes n
2086-4,2086,839,6,4,27.00,46975.41,0.02,0.00,A,F,1994-11-04,1995-01-14,1994-11-25,COLLECT COD,REG AIR,ully. regular instructions sublate a
2086-5,2086,1551,32,5,33.00,47934.15,0.04,0.00,A,F,1995-02-06,1994-11-25,1995-02-15,NONE,SHIP,lphins cajole alongside 
2086-6,2086,1992,81,6,20.00,37879.80,0.01,0.03,R,F,1994-11-30,1994-12-28,1994-12-07,COLLECT COD,FOB,ironic instruction
2086-7,2086,1560,81,7,7.00,10230.92,0.04,0.05,R,F,1994-12-27,1994-12-10,1995-01-05,COLLECT COD,RAIL,"quests. pending, "
2087-1,2087,1267,68,1,1.00,1168.26,0.05,0.04,N,O,1998-03-27,1998-03-24,1998-04-18,DELIVER IN PERSON,REG AIR,lithely pending depos
2087-2,2087,1673,97,2,46.00,72434.82,0.10,0.03,N,O,1998-02-24,1998-04-02,1998-03-04,DELIVER IN PERSON,AIR, packages across 
2087-3,2087,618,19,3,1.00,1518.61,0.02,0.05,N,O,1998-05-27,1998-04-11,1998-06-12,COLLECT COD,REG AIR,"al, unusual de"
2087-4,2087,588,79,4,6.00,8931.48,0.03,0.08,N,O,1998-04-23,1998-03-27,1998-05-18,DELIVER IN PERSON,REG AIR,ites wake carefully above
2112-1,2112,701,2,1,18.00,28830.60,0.02,0.05,N,O,1997-05-02,1997-03-16,1997-05-25,TAKE BACK RETURN,TRUCK,"onic, unusual theodolites. unusual, reg"
2113-1,2113,1228,66,1,40.00,45168.80,0.04,0.06,N,O,1998-01-16,1997-12-11,1998-02-06,TAKE BACK RETURN,TRUCK,xpress foxes. even accoun
2113-2,2113,1113,22,2,24.00,24338.64,0.03,0.02,N,O,1998-02-19,1998-01-08,1998-03-16,COLLECT COD,MAIL,tly pending instructions wake quickly
2114-1,2114,1675,76,1,50.00,78833.50,0.05,0.05,A,F,1995-02-05,1995-03-18,1995-02-13,COLLECT COD,RAIL,s haggle accordin
2114-2,2114,1851,38,2,26.00,45574.10,0.02,0.02,A,F,1995-04-30,1995-04-16,1995-05-28,NONE,SHIP,e asymptotes sleep c
2114-3,2114,1618,60,3,25.00,37990.25,0.07,0.01,A,F,1995-02-15,1995-03-13,1995-02-22,COLLECT COD,AIR,rs haggle quickly quickly even excuses.
2115-1,2115,1952,97,1,27.00,50056.65,0.06,0.03,N,O,1998-09-01,1998-07-29,1998-09-04,NONE,AIR,"ular excuses. ironic, regular acco"
2115-2,2115,1831,61,2,43.00,74511.69,0.06,0.02,N,O,1998-07-14,1998-07-25,1998-07-24,COLLECT COD,FOB,s sleep after the furiously ironic
2115-3,2115,509,100,3,3.00,4228.50,0.03,0.04,N,O,1998-07-23,1998-07-30,1998-08-14,DELIVER IN PERSON,FOB,final platelets. ironi
2115-4,2115,482,83,4,47.00,64976.56,0.06,0.07,N,O,1998-08-29,1998-07-30,1998-09-05,TAKE BACK RETURN,REG AIR,usual packages use quickly agai
2115-5,2115,1990,23,5,13.00,24595.87,0.04,0.00,N,O,1998-08-07,1998-08-06,1998-08-13,DELIVER IN PERSON,REG AIR,ts haggle evenly quickly idle 
2116-1,2116,1301,2,1,2.00,2404.60,0.00,0.02,R,F,1994-10-16,1994-11-24,1994-11-09,DELIVER IN PERSON,TRUCK, blithely special asymptotes solve care
2116-2,2116,1394,95,2,47.00,60883.33,0.10,0.06,R,F,1994-09-01,1994-11-18,1994-09-25,COLLECT COD,MAIL,ld theodolites. carefully express package
2116-3,2116,1833,77,3,11.00,19083.13,0.03,0.05,R,F,1994-09-15,1994-10-21,1994-09-21,NONE,FOB,wake. blithely regular dugouts wake furiou
2117-1,2117,1646,29,1,36.00,55715.04,0.10,0.01,N,O,1997-08-06,1997-07-15,1997-08-07,DELIVER IN PERSON,SHIP,ffily according to 
2117-2,2117,602,96,2,19.00,28549.40,0.04,0.00,N,O,1997-07-30,1997-06-18,1997-08-13,DELIVER IN PERSON,REG AIR,into beans. regular deposi
2117-3,2117,575,36,3,43.00,63449.51,0.04,0.03,N,O,1997-06-27,1997-06-12,1997-07-22,DELIVER IN PERSON,SHIP, wake blithely outside 
2117-4,2117,906,75,4,24.00,43365.60,0.00,0.07,N,O,1997-06-15,1997-05-27,1997-06-18,COLLECT COD,SHIP, pinto beans run furiously. deposits us
2117-5,2117,1468,69,5,3.00,4108.38,0.02,0.05,N,O,1997-05-05,1997-07-20,1997-05-26,TAKE BACK RETURN,TRUCK,ounts nag 
2117-6,2117,2,28,6,27.00,24354.00,0.09,0.08,N,O,1997-06-30,1997-06-27,1997-07-11,TAKE BACK RETURN,REG AIR,rious instructions detect q
2118-1,2118,1596,97,1,24.00,35942.16,0.10,0.03,N,O,1997-01-06,1996-12-14,1997-01-14,TAKE BACK RETURN,RAIL, final packages after the sl
2118-2,2118,1833,34,2,4.00,6939.32,0.08,0.01,N,O,1996-10-25,1996-11-10,1996-11-22,COLLECT COD,AIR,"old accounts-- pending, iron"
2118-3,2118,1444,62,3,11.00,14799.84,0.05,0.04,N,O,1996-12-23,1996-12-20,1997-01-01,COLLECT COD,RAIL,"egular, close deposits wake carefully darin"
2119-1,2119,1018,89,1,36.00,33084.36,0.04,0.00,N,O,1996-11-10,1996-10-25,1996-12-03,TAKE BACK RETURN,RAIL,s use. blithely final accoun
2144-1,2144,915,18,1,33.00,59925.03,0.00,0.07,R,F,1994-04-04,1994-06-20,1994-04-23,NONE,AIR, even ideas. furiously regular frets engage
2144-2,2144,509,40,2,46.00,64837.00,0.03,0.08,R,F,1994-04-08,1994-04-29,1994-05-07,COLLECT COD,SHIP, even accounts. slyly
2144-3,2144,35,86,3,29.00,27115.87,0.00,0.07,R,F,1994-05-03,1994-05-16,1994-06-01,DELIVER IN PERSON,FOB,e even requests boost ironic depos
2144-4,2144,1572,73,4,10.00,14735.70,0.00,0.04,R,F,1994-06-16,1994-05-03,1994-07-05,COLLECT COD,AIR,ely express attainments cajole. sl
2145-1,2145,774,7,1,13.00,21772.01,0.04,0.05,A,F,1992-11-12,1992-12-13,1992-12-07,TAKE BACK RETURN,MAIL,of the fluffily ironic excus
2145-2,2145,1539,60,2,6.00,8643.18,0.05,0.01,A,F,1992-10-10,1992-11-29,1992-10-14,NONE,AIR,kly regular accounts cajole furiously. f
2146-1,2146,569,100,1,42.00,61721.52,0.10,0.01,A,F,1992-09-21,1992-11-02,1992-09-23,NONE,AIR,omise silent excuses. careful
2146-2,2146,1567,8,2,6.00,8811.36,0.07,0.05,A,F,1993-01-03,1992-10-24,1993-01-24,DELIVER IN PERSON,RAIL,al requests cajole furiously regular pin
2146-3,2146,244,26,3,14.00,16019.36,0.03,0.01,R,F,1992-09-16,1992-10-16,1992-09-20,COLLECT COD,SHIP,lly final ideas.
2146-4,2146,260,42,4,31.00,35968.06,0.02,0.00,A,F,1993-01-04,1992-10-24,1993-01-15,DELIVER IN PERSON,TRUCK, deposits haggle
2146-5,2146,1686,10,5,28.00,44455.04,0.02,0.05,R,F,1993-01-03,1992-10-17,1993-01-08,COLLECT COD,MAIL,ag furiously sometimes
2146-6,2146,702,99,6,32.00,51286.40,0.07,0.03,R,F,1993-01-10,1992-10-19,1993-02-05,COLLECT COD,TRUCK,c requests cajole. furiously regular
2146-7,2146,243,44,7,39.00,44586.36,0.07,0.06,R,F,1993-01-05,1992-11-06,1993-01-14,DELIVER IN PERSON,TRUCK,ly final deposits. ironic theodolites us
2147-1,2147,288,43,1,50.00,59414.00,0.04,0.06,R,F,1992-11-18,1992-11-30,1992-11-30,NONE,RAIL,beans. instructions boost fluffily
2147-2,2147,1007,8,2,4.00,3632.00,0.01,0.04,A,F,1992-09-27,1992-11-15,1992-10-22,NONE,AIR, bold theodolites use abo
2147-3,2147,435,94,3,34.00,45404.62,0.10,0.04,R,F,1992-11-29,1992-11-08,1992-12-22,TAKE BACK RETURN,REG AIR,ccording to the unusual 
2147-4,2147,103,56,4,11.00,11034.10,0.06,0.07,A,F,1992-09-27,1992-11-16,1992-10-16,NONE,AIR,ual accounts 
2148-1,2148,1160,69,1,21.00,22284.36,0.09,0.01,R,F,1995-05-28,1995-05-26,1995-06-15,NONE,FOB,y. furiousl
2149-1,2149,183,62,1,12.00,12998.16,0.05,0.07,R,F,1993-06-01,1993-05-06,1993-06-11,TAKE BACK RETURN,TRUCK,ake slyly.
2149-2,2149,990,91,2,10.00,18909.90,0.06,0.01,R,F,1993-06-09,1993-04-17,1993-06-16,DELIVER IN PERSON,TRUCK," the special, regul"
2149-3,2149,487,46,3,47.00,65211.56,0.00,0.04,R,F,1993-06-27,1993-05-12,1993-07-11,COLLECT COD,AIR,kages poach sly
2149-4,2149,1282,57,4,18.00,21299.04,0.06,0.00,A,F,1993-04-05,1993-05-11,1993-04-23,DELIVER IN PERSON,REG AIR,thin the bold acco
2149-5,2149,594,55,5,22.00,32880.98,0.06,0.04,R,F,1993-05-24,1993-04-23,1993-06-20,TAKE BACK RETURN,SHIP,foxes integrate across the package
2150-1,2150,779,44,1,26.00,43674.02,0.00,0.03,A,F,1994-06-21,1994-08-05,1994-06-23,NONE,TRUCK, special accounts wake am
2150-2,2150,178,57,2,29.00,31266.93,0.04,0.03,A,F,1994-09-02,1994-08-04,1994-10-02,TAKE BACK RETURN,RAIL,. fluffily even pinto beans wa
2150-3,2150,1068,39,3,29.00,28102.74,0.04,0.08,R,F,1994-06-10,1994-07-31,1994-06-26,COLLECT COD,RAIL,"ss, ironic account"
2150-4,2150,538,29,4,39.00,56102.67,0.05,0.02,R,F,1994-07-31,1994-08-17,1994-08-11,TAKE BACK RETURN,TRUCK,eodolites wake according to the blithely f
2150-5,2150,1825,26,5,35.00,60438.70,0.01,0.01,A,F,1994-09-27,1994-08-17,1994-10-13,COLLECT COD,RAIL,ze slyly. regular accoun
2150-6,2150,64,90,6,12.00,11568.72,0.09,0.03,A,F,1994-08-27,1994-08-22,1994-09-18,COLLECT COD,AIR, pending instructions haggle slyly above 
2151-1,2151,1670,94,1,23.00,36148.41,0.06,0.02,N,O,1996-11-20,1996-12-17,1996-11-30,DELIVER IN PERSON,AIR,"ecial, final deposits. regularly pe"
2151-2,2151,145,72,2,29.00,30309.06,0.00,0.02,N,O,1997-03-04,1996-12-27,1997-03-21,TAKE BACK RETURN,SHIP,final requests: reg
2151-3,2151,1649,32,3,49.00,75981.36,0.07,0.01,N,O,1997-01-20,1997-02-09,1997-02-18,NONE,FOB,onic platele
2151-4,2151,177,30,4,28.00,30160.76,0.10,0.08,N,O,1996-12-11,1996-12-26,1996-12-12,DELIVER IN PERSON,AIR, bold instructions. furiously final hockey 
2176-1,2176,1903,92,1,38.00,68586.20,0.02,0.08,R,F,1992-11-29,1993-01-14,1992-12-22,DELIVER IN PERSON,REG AIR,he unusual deposits. pending deposi
2176-2,2176,942,11,2,14.00,25801.16,0.00,0.06,A,F,1992-11-17,1993-01-07,1992-12-03,DELIVER IN PERSON,SHIP,ully regular asymptot
2176-3,2176,1595,96,3,25.00,37414.75,0.02,0.02,R,F,1993-02-23,1993-01-05,1993-03-07,COLLECT COD,RAIL,doubt carefully deposits. quickly final
2176-4,2176,1423,2,4,2.00,2648.84,0.05,0.06,A,F,1993-02-26,1993-01-08,1993-03-23,DELIVER IN PERSON,AIR, cajole fluff
2177-1,2177,1286,87,1,45.00,53427.60,0.02,0.01,N,O,1997-02-11,1997-02-27,1997-02-17,NONE,SHIP,"osits. special, special pla"
2177-2,2177,1385,24,2,27.00,34732.26,0.04,0.08,N,O,1997-01-29,1997-03-20,1997-02-04,DELIVER IN PERSON,SHIP,slyly ironic
2177-3,2177,801,35,3,23.00,39141.40,0.07,0.05,N,O,1997-01-28,1997-03-02,1997-02-13,DELIVER IN PERSON,AIR,inal ideas. blithely
2177-4,2177,550,81,4,34.00,49318.70,0.05,0.07,N,O,1997-02-03,1997-04-10,1997-02-21,COLLECT COD,REG AIR,inal requests-- ironical
2177-5,2177,565,56,5,46.00,67415.76,0.09,0.05,N,O,1997-05-10,1997-02-23,1997-05-28,COLLECT COD,RAIL, instructions. eve
2177-6,2177,1217,55,6,11.00,12300.31,0.02,0.04,N,O,1997-03-20,1997-03-07,1997-04-09,DELIVER IN PERSON,MAIL,nusual escapa
2178-1,2178,1562,43,1,15.00,21953.40,0.10,0.01,N,O,1997-03-27,1997-03-10,1997-04-18,NONE,REG AIR,ans. regular accounts ac
2178-2,2178,159,86,2,27.00,28597.05,0.01,0.02,N,O,1997-02-26,1997-02-19,1997-03-25,NONE,MAIL,carefully pending account
2178-3,2178,49,25,3,40.00,37961.60,0.00,0.03,N,O,1997-03-17,1997-02-09,1997-04-15,COLLECT COD,RAIL,symptotes about the ironic asympt
2178-4,2178,777,74,4,3.00,5033.31,0.07,0.07,N,O,1997-04-07,1997-01-23,1997-04-18,COLLECT COD,MAIL,s are quick
2179-1,2179,1295,70,1,22.00,26318.38,0.05,0.08,N,O,1996-11-16,1996-11-03,1996-11-25,DELIVER IN PERSON,FOB,"ear the unusual, "
2179-2,2179,1381,20,2,20.00,25647.60,0.03,0.01,N,O,1996-09-30,1996-11-10,1996-10-30,NONE,REG AIR,ly finally
2179-3,2179,1034,5,3,5.00,4675.15,0.03,0.02,N,O,1996-11-09,1996-10-08,1996-11-11,DELIVER IN PERSON,REG AIR,instructions: ironic realms detect furiousl
2179-4,2179,53,29,4,24.00,22873.20,0.04,0.04,N,O,1996-10-26,1996-11-05,1996-11-16,COLLECT COD,RAIL,ly idle deposits. b
2179-5,2179,1074,80,5,7.00,6825.49,0.00,0.02,N,O,1996-10-24,1996-11-14,1996-11-21,TAKE BACK RETURN,RAIL,odolites are along the bold requests. slyl
2180-1,2180,152,5,1,31.00,32616.65,0.06,0.04,N,O,1996-10-20,1996-11-21,1996-11-06,COLLECT COD,REG AIR,"ly special, ironic pinto beans? even, s"
2180-2,2180,1923,56,2,39.00,71171.88,0.01,0.00,N,O,1997-01-03,1996-10-29,1997-01-25,NONE,RAIL,blithely furiously even dependencies
2180-3,2180,1970,15,3,24.00,44927.28,0.03,0.00,N,O,1997-01-03,1996-10-24,1997-01-19,NONE,SHIP,", unusual "
2180-4,2180,1103,40,4,47.00,47192.70,0.07,0.02,N,O,1996-09-23,1996-12-08,1996-10-12,NONE,FOB,osits promise furiously. iro
2180-5,2180,1429,47,5,23.00,30599.66,0.02,0.06,N,O,1996-11-08,1996-10-25,1996-11-28,NONE,TRUCK,"express, even packages. theodolites "
2180-6,2180,542,43,6,48.00,69241.92,0.09,0.03,N,O,1996-12-30,1996-11-22,1997-01-16,DELIVER IN PERSON,RAIL,etect carefully fluffily unusua
2181-1,2181,1779,80,1,4.00,6723.08,0.05,0.04,N,O,1995-09-25,1995-11-12,1995-09-28,COLLECT COD,FOB,s breach carefully. quickly even theodo
2181-2,2181,878,45,2,46.00,81828.02,0.00,0.02,N,O,1995-11-28,1995-10-17,1995-12-26,COLLECT COD,AIR,inal pinto beans boost abov
2181-3,2181,908,9,3,15.00,27133.50,0.08,0.05,N,O,1995-10-05,1995-10-27,1995-11-03,DELIVER IN PERSON,FOB,"ongside of the express, ex"
2181-4,2181,547,8,4,28.00,40531.12,0.04,0.05,N,O,1995-12-21,1995-10-23,1996-01-04,TAKE BACK RETURN,AIR,ons breach carefull
2181-5,2181,958,59,5,9.00,16730.55,0.06,0.07,N,O,1996-01-05,1995-12-05,1996-01-08,COLLECT COD,TRUCK,pecial requests. slyly pending acc
2182-1,2182,1317,32,1,27.00,32894.37,0.02,0.07,R,F,1994-05-10,1994-07-04,1994-06-04,DELIVER IN PERSON,SHIP,kages. eve
2182-2,2182,1898,28,2,3.00,5399.67,0.05,0.03,R,F,1994-04-20,1994-07-04,1994-04-24,TAKE BACK RETURN,SHIP,ely unusual ideas. fi
2182-3,2182,934,69,3,34.00,62387.62,0.02,0.03,R,F,1994-05-28,1994-06-02,1994-06-10,COLLECT COD,MAIL,r accounts. regular
2182-4,2182,61,37,4,12.00,11532.72,0.04,0.07,A,F,1994-05-08,1994-06-02,1994-05-09,COLLECT COD,REG AIR,ular package
2182-5,2182,1789,32,5,37.00,62558.86,0.06,0.02,A,F,1994-04-08,1994-06-29,1994-04-18,TAKE BACK RETURN,TRUCK,ly final ideas. slyl
2183-1,2183,707,40,1,29.00,46623.30,0.05,0.01,N,O,1996-07-21,1996-08-24,1996-08-15,TAKE BACK RETURN,RAIL,nic accounts use blithely accounts.
2183-2,2183,511,12,2,25.00,35287.75,0.06,0.02,N,O,1996-07-06,1996-08-21,1996-08-05,NONE,RAIL,w requests n
2208-1,2208,573,34,1,48.00,70731.36,0.08,0.07,A,F,1995-05-13,1995-06-30,1995-05-20,COLLECT COD,MAIL,uriously fluffily ironic pac
2208-2,2208,968,71,2,11.00,20558.56,0.08,0.01,A,F,1995-05-06,1995-07-19,1995-05-22,COLLECT COD,TRUCK,y even platelets along the thinl
2208-3,2208,734,67,3,41.00,67023.93,0.08,0.02,N,O,1995-08-18,1995-06-19,1995-09-05,COLLECT COD,RAIL,sely according to the final requests.
2208-4,2208,424,12,4,50.00,66221.00,0.07,0.07,N,F,1995-06-11,1995-05-31,1995-06-29,TAKE BACK RETURN,FOB, blithely regular
2208-5,2208,296,24,5,43.00,51440.47,0.03,0.06,A,F,1995-05-10,1995-06-02,1995-06-09,TAKE BACK RETURN,MAIL,s use furiously. packag
2208-6,2208,1663,87,6,18.00,28163.88,0.02,0.08,R,F,1995-06-06,1995-06-10,1995-06-11,TAKE BACK RETURN,TRUCK,accounts. pinto beans run. f
2208-7,2208,62,13,7,45.00,43292.70,0.00,0.08,A,F,1995-05-05,1995-06-10,1995-05-11,NONE,SHIP,he slyly final instructions. even 
2209-1,2209,227,82,1,40.00,45088.80,0.05,0.01,R,F,1992-11-01,1992-09-25,1992-11-08,DELIVER IN PERSON,SHIP,l deposits cajole against 
2209-2,2209,1028,29,2,10.00,9290.20,0.00,0.02,R,F,1992-09-02,1992-09-24,1992-09-21,DELIVER IN PERSON,AIR,. quietly pending acco
2209-3,2209,636,99,3,11.00,16902.93,0.01,0.01,A,F,1992-07-12,1992-08-24,1992-08-10,DELIVER IN PERSON,REG AIR, platelets lose slyly acc
2209-4,2209,1809,53,4,39.00,66721.20,0.08,0.07,R,F,1992-11-04,1992-09-02,1992-11-11,TAKE BACK RETURN,MAIL,venly bold platelets boost blithely accor
2209-5,2209,1234,46,5,24.00,27245.52,0.08,0.06,R,F,1992-08-09,1992-08-18,1992-08-25,COLLECT COD,AIR,ounts affix fr
2209-6,2209,1775,60,6,7.00,11737.39,0.09,0.07,A,F,1992-08-18,1992-09-09,1992-09-12,DELIVER IN PERSON,AIR,s. slyly regular idea
2210-1,2210,778,43,1,36.00,60435.72,0.10,0.00,A,F,1992-03-04,1992-03-24,1992-03-21,DELIVER IN PERSON,AIR,ges. express accounts are acros
2211-1,2211,479,38,1,25.00,34486.75,0.04,0.01,A,F,1994-10-09,1994-08-04,1994-11-03,TAKE BACK RETURN,RAIL,r dependencies nag alongside of the expre
2211-2,2211,1398,37,2,40.00,51975.60,0.09,0.06,A,F,1994-09-30,1994-09-10,1994-10-26,NONE,MAIL,ts. theodolites use doggedly acco
2211-3,2211,1599,20,3,25.00,37514.75,0.00,0.07,A,F,1994-08-13,1994-08-17,1994-08-16,NONE,AIR,g waters. slyly bus
2211-4,2211,848,15,4,23.00,40223.32,0.03,0.02,R,F,1994-10-05,1994-09-13,1994-10-17,DELIVER IN PERSON,AIR,osits. expre
2211-5,2211,1344,83,5,3.00,3736.02,0.02,0.04,A,F,1994-08-28,1994-09-10,1994-09-06,TAKE BACK RETURN,SHIP,"ide of the ironic, final excus"
2211-6,2211,1862,63,6,18.00,31749.48,0.05,0.08,A,F,1994-08-31,1994-09-07,1994-09-22,NONE,TRUCK,as. fluffily regular foxes affix
2211-7,2211,782,15,7,3.00,5048.34,0.06,0.05,R,F,1994-09-21,1994-08-10,1994-10-19,TAKE BACK RETURN,RAIL,iously. silen
2212-1,2212,709,74,1,18.00,28974.60,0.07,0.06,R,F,1994-06-22,1994-06-18,1994-06-25,TAKE BACK RETURN,FOB,y pending frets. instructions about the bli
2213-1,2213,1172,81,1,20.00,21463.40,0.01,0.00,A,F,1993-01-21,1993-04-14,1993-01-29,COLLECT COD,REG AIR,regular grouches wake flu
2213-2,2213,597,98,2,4.00,5990.36,0.09,0.05,R,F,1993-04-15,1993-04-15,1993-05-05,COLLECT COD,SHIP,asymptotes use. furiously r
2213-3,2213,696,90,3,1.00,1596.69,0.05,0.05,A,F,1993-04-25,1993-04-06,1993-04-28,TAKE BACK RETURN,AIR,"rmanent, even pinto beans"
2213-4,2213,1733,18,4,39.00,63754.47,0.09,0.05,A,F,1993-05-12,1993-04-07,1993-05-23,TAKE BACK RETURN,SHIP," regular, eve"
2213-5,2213,380,37,5,43.00,55056.34,0.04,0.03,A,F,1993-04-18,1993-03-11,1993-05-11,TAKE BACK RETURN,RAIL,e platelets. slyly special courts hagg
2213-6,2213,477,7,6,41.00,56476.27,0.01,0.00,R,F,1993-01-31,1993-03-31,1993-02-28,COLLECT COD,FOB,"kages. pending,"
2213-7,2213,639,33,7,3.00,4618.89,0.02,0.04,A,F,1993-03-09,1993-03-17,1993-04-07,TAKE BACK RETURN,AIR,longside of the ironi
2214-1,2214,757,22,1,27.00,44759.25,0.04,0.04,N,O,1998-05-31,1998-06-07,1998-06-19,DELIVER IN PERSON,REG AIR,eas. closely ironic depths nag silent
2214-2,2214,1940,41,2,50.00,92097.00,0.00,0.02,N,O,1998-07-06,1998-06-16,1998-07-16,TAKE BACK RETURN,MAIL,thely even depe
2214-3,2214,1125,62,3,42.00,43097.04,0.04,0.08,N,O,1998-05-26,1998-07-13,1998-06-22,COLLECT COD,FOB,lar package
2214-4,2214,1954,43,4,22.00,40830.90,0.01,0.01,N,O,1998-05-30,1998-07-02,1998-06-09,DELIVER IN PERSON,RAIL,"ng, regular ac"
2215-1,2215,721,18,1,33.00,53516.76,0.00,0.00,N,O,1996-07-19,1996-08-10,1996-07-30,COLLECT COD,RAIL,dolites are furi
2215-2,2215,326,55,2,30.00,36789.60,0.01,0.00,N,O,1996-08-15,1996-09-10,1996-08-25,NONE,FOB,latelets n
2215-3,2215,567,98,3,30.00,44026.80,0.07,0.03,N,O,1996-09-09,1996-07-20,1996-09-28,COLLECT COD,TRUCK,nments should have
2215-4,2215,1452,92,4,20.00,27069.00,0.02,0.02,N,O,1996-09-09,1996-08-10,1996-09-19,NONE,MAIL,ccounts cajole furiously. fluffily unus
2240-1,2240,1639,81,1,6.00,9243.78,0.01,0.00,A,F,1992-06-23,1992-05-17,1992-07-20,COLLECT COD,AIR,s wake blithely above the final 
2240-2,2240,279,61,2,37.00,43632.99,0.03,0.07,R,F,1992-03-16,1992-05-31,1992-04-05,COLLECT COD,FOB,nal dolphins are carefully silent depend
2240-3,2240,522,13,3,39.00,55478.28,0.08,0.06,A,F,1992-05-22,1992-05-10,1992-06-08,NONE,FOB,sts wake carefully. e
2240-4,2240,859,26,4,10.00,17598.50,0.09,0.00,A,F,1992-05-25,1992-04-14,1992-06-23,DELIVER IN PERSON,REG AIR,oxes play pinto beans. regular 
2240-5,2240,1606,48,5,29.00,43720.40,0.02,0.06,A,F,1992-03-29,1992-05-08,1992-04-09,COLLECT COD,MAIL,"ven, bold deposit"
2240-6,2240,808,9,6,32.00,54681.60,0.06,0.06,R,F,1992-04-11,1992-04-18,1992-04-22,NONE,MAIL,longside of the slyly unusual asymptotes.
2240-7,2240,776,41,7,24.00,40242.48,0.04,0.05,R,F,1992-05-13,1992-04-09,1992-05-14,DELIVER IN PERSON,FOB,ccounts. quickly regular accounts hagg
2241-1,2241,41,42,1,25.00,23526.00,0.00,0.08,R,F,1993-08-11,1993-07-23,1993-09-01,DELIVER IN PERSON,MAIL,e slyly fluffy grouches use above th
2241-2,2241,1947,36,2,38.00,70259.72,0.04,0.06,A,F,1993-08-04,1993-07-31,1993-08-06,TAKE BACK RETURN,TRUCK, special packages.
2241-3,2241,967,36,3,48.00,89662.08,0.08,0.04,A,F,1993-05-14,1993-07-30,1993-05-26,TAKE BACK RETURN,RAIL,lyly about the finally silent pinto beans. 
2241-4,2241,1664,47,4,19.00,29747.54,0.10,0.00,A,F,1993-06-01,1993-08-05,1993-06-07,TAKE BACK RETURN,TRUCK,gside of the daringly
2241-5,2241,815,16,5,2.00,3431.62,0.04,0.03,A,F,1993-08-16,1993-08-02,1993-08-24,NONE,REG AIR,ounts after the blithely
2241-6,2241,1155,28,6,22.00,23235.30,0.02,0.08,R,F,1993-08-13,1993-06-15,1993-08-16,DELIVER IN PERSON,TRUCK,along the quic
2241-7,2241,1416,17,7,9.00,11856.69,0.09,0.03,A,F,1993-05-14,1993-07-12,1993-05-29,NONE,AIR,riously reg
2242-1,2242,1221,22,1,15.00,16833.30,0.09,0.08,N,O,1997-08-04,1997-09-21,1997-08-11,COLLECT COD,FOB,inal requests. fluffily final accounts affi
2243-1,2243,1270,71,1,10.00,11712.70,0.04,0.06,N,O,1995-07-26,1995-07-18,1995-08-03,NONE,RAIL,sleep fluffily bold theodolites
2244-1,2244,501,62,1,3.00,4204.50,0.02,0.02,A,F,1993-04-30,1993-03-15,1993-05-19,TAKE BACK RETURN,FOB,ts. slyly even ideas must hav
2244-2,2244,1925,14,2,16.00,29230.72,0.01,0.06,R,F,1993-02-12,1993-03-09,1993-02-28,COLLECT COD,FOB," beans cajole final, t"
2245-1,2245,757,58,1,44.00,72941.00,0.03,0.03,A,F,1993-06-12,1993-06-10,1993-06-16,NONE,TRUCK,pecial packages. sil
2245-2,2245,737,2,2,28.00,45856.44,0.05,0.03,R,F,1993-08-19,1993-07-27,1993-09-04,COLLECT COD,TRUCK,. busy packages accordi
2245-3,2245,854,88,3,33.00,57910.05,0.03,0.01,R,F,1993-06-26,1993-06-11,1993-07-17,TAKE BACK RETURN,AIR,ect evenly ideas. carefully bold depos
2245-4,2245,1885,86,4,14.00,25016.32,0.02,0.04,R,F,1993-05-06,1993-07-21,1993-05-19,DELIVER IN PERSON,RAIL,instructions haggle sil
2245-5,2245,793,90,5,33.00,55895.07,0.03,0.07,R,F,1993-06-16,1993-06-05,1993-07-07,NONE,MAIL,pending pinto beans sleep 
2246-1,2246,524,25,1,22.00,31339.44,0.02,0.01,N,O,1996-07-25,1996-08-03,1996-08-24,DELIVER IN PERSON,SHIP,olve quickly sentiments. bol
2246-2,2246,1031,32,2,43.00,40077.29,0.07,0.06,N,O,1996-08-25,1996-08-23,1996-09-19,DELIVER IN PERSON,AIR," ironic, express packages integrate fu"
2246-3,2246,172,51,3,11.00,11793.87,0.10,0.00,N,O,1996-06-21,1996-07-24,1996-07-18,TAKE BACK RETURN,TRUCK,ve the blithely ev
2246-4,2246,1628,52,4,13.00,19885.06,0.08,0.05,N,O,1996-09-15,1996-07-21,1996-10-08,DELIVER IN PERSON,AIR,lly even packages haggle slyly package
2247-1,2247,1720,63,1,12.00,19460.64,0.02,0.07,A,F,1992-09-06,1992-09-18,1992-09-26,NONE,MAIL,iously even ideas play about the always sp
2272-1,2272,900,1,1,18.00,32416.20,0.04,0.00,R,F,1993-08-01,1993-07-06,1993-08-25,NONE,MAIL,ges. ironic deposits wak
2272-2,2272,335,20,2,40.00,49413.20,0.07,0.00,A,F,1993-04-25,1993-07-12,1993-05-15,DELIVER IN PERSON,FOB, cajole ca
2272-3,2272,555,86,3,36.00,52399.80,0.03,0.02,A,F,1993-05-25,1993-05-23,1993-06-09,TAKE BACK RETURN,RAIL,endencies. slyly final instructions caj
2272-4,2272,1377,16,4,30.00,38351.10,0.09,0.07,A,F,1993-07-27,1993-05-15,1993-08-13,NONE,RAIL,ackages. unusual pinto beans cajole ca
2272-5,2272,759,56,5,12.00,19917.00,0.03,0.03,A,F,1993-04-19,1993-05-14,1993-04-23,NONE,RAIL,ly express excuses at the f
2273-1,2273,1836,23,1,34.00,59086.22,0.02,0.03,N,O,1997-01-08,1997-02-02,1997-01-23,COLLECT COD,MAIL,nal packages. accounts acros
2273-2,2273,847,14,2,35.00,61174.40,0.00,0.05,N,O,1997-01-02,1997-01-19,1997-01-14,NONE,REG AIR,y about th
2273-3,2273,942,11,3,8.00,14743.52,0.00,0.04,N,O,1996-12-15,1997-02-27,1997-01-10,NONE,FOB,lphins haggle furiousl
2273-4,2273,1609,33,4,20.00,30212.00,0.06,0.04,N,O,1997-03-05,1997-02-25,1997-04-01,NONE,RAIL,y above the furiously even courts. sly
2273-5,2273,1611,35,5,18.00,27226.98,0.07,0.00,N,O,1996-12-16,1997-01-21,1997-01-03,COLLECT COD,TRUCK,kly quickly quick packages. regular 
2273-6,2273,1544,65,6,16.00,23128.64,0.10,0.03,N,O,1997-01-10,1997-02-03,1997-02-01,TAKE BACK RETURN,RAIL,es dazzle against the ironic excuses.
2273-7,2273,195,96,7,7.00,7666.33,0.05,0.05,N,O,1997-02-19,1997-01-22,1997-02-21,TAKE BACK RETURN,TRUCK, silently 
2274-1,2274,111,38,1,18.00,18199.98,0.04,0.03,R,F,1993-09-06,1993-12-03,1993-09-22,COLLECT COD,SHIP,g the quickly
2274-2,2274,1106,79,2,23.00,23163.30,0.04,0.03,R,F,1993-10-28,1993-11-03,1993-11-05,NONE,MAIL,ckly. even foxes use
2274-3,2274,1288,89,3,18.00,21407.04,0.03,0.06,R,F,1993-09-28,1993-11-22,1993-10-12,DELIVER IN PERSON,SHIP,nto beans cajole. stealthily express 
2275-1,2275,332,89,1,30.00,36969.90,0.08,0.05,R,F,1993-01-10,1992-11-21,1993-01-22,NONE,REG AIR,ld depths above the slyly b
2275-2,2275,904,73,2,11.00,19853.90,0.08,0.03,A,F,1993-01-16,1992-12-10,1993-01-25,COLLECT COD,REG AIR, around the theodolites. final pinto bea
2276-1,2276,1182,91,1,5.00,5415.90,0.07,0.08,N,O,1996-05-09,1996-06-18,1996-05-13,DELIVER IN PERSON,FOB,y final pa
2276-2,2276,1349,64,2,13.00,16254.42,0.08,0.04,N,O,1996-07-24,1996-06-18,1996-08-16,COLLECT COD,RAIL,sentiments detect? final pinto
2276-3,2276,1710,11,3,27.00,43516.17,0.07,0.08,N,O,1996-07-30,1996-06-10,1996-07-31,DELIVER IN PERSON,RAIL,d excuses. blithely special 
2276-4,2276,1081,87,4,38.00,37319.04,0.06,0.03,N,O,1996-07-07,1996-06-28,1996-07-17,COLLECT COD,RAIL,ts use after the blithel
2276-5,2276,1525,46,5,50.00,71326.00,0.03,0.05,N,O,1996-07-13,1996-06-25,1996-07-22,DELIVER IN PERSON,REG AIR, cajole furiou
2276-6,2276,51,77,6,4.00,3804.20,0.10,0.03,N,O,1996-07-05,1996-06-30,1996-08-04,COLLECT COD,FOB,ckages haggl
2277-1,2277,1369,70,1,38.00,48273.68,0.03,0.07,R,F,1995-04-23,1995-03-25,1995-05-20,TAKE BACK RETURN,TRUCK,even depos
2277-2,2277,80,6,2,2.00,1960.16,0.10,0.08,A,F,1995-02-01,1995-02-04,1995-03-02,TAKE BACK RETURN,AIR,ckages nag finally ironically 
2277-3,2277,1979,24,3,4.00,7523.88,0.05,0.06,R,F,1995-04-27,1995-03-16,1995-04-29,TAKE BACK RETURN,SHIP,e carefully besides the 
2277-4,2277,1585,66,4,31.00,46083.98,0.02,0.00,R,F,1995-03-07,1995-03-19,1995-03-26,TAKE BACK RETURN,MAIL,s promise furiously. iron
2278-1,2278,443,73,1,36.00,48363.84,0.04,0.05,N,O,1998-06-04,1998-06-06,1998-06-30,NONE,TRUCK,ously ironic requests c
2278-2,2278,449,79,2,50.00,67472.00,0.02,0.00,N,O,1998-08-09,1998-07-08,1998-09-05,DELIVER IN PERSON,RAIL,es. fluffily eve
2278-3,2278,964,99,3,22.00,41029.12,0.03,0.00,N,O,1998-05-15,1998-07-14,1998-06-04,TAKE BACK RETURN,REG AIR," enticingly. ironic, even courts w"
2279-1,2279,137,38,1,12.00,12445.56,0.07,0.08,A,F,1993-05-10,1993-03-25,1993-06-02,COLLECT COD,REG AIR, along the instructions mold excus
2279-2,2279,410,11,2,38.00,49795.58,0.08,0.07,R,F,1993-06-09,1993-04-06,1993-06-26,COLLECT COD,TRUCK, foxes. furiously enticing deposi
2279-3,2279,35,61,3,3.00,2805.09,0.09,0.04,A,F,1993-05-31,1993-05-07,1993-06-05,COLLECT COD,REG AIR,old foxes use furiously across the carefull
2279-4,2279,512,3,4,42.00,59325.42,0.02,0.00,R,F,1993-02-28,1993-04-25,1993-03-02,TAKE BACK RETURN,REG AIR,to beans nod ironically. slyly ironic 
2279-5,2279,1689,31,5,9.00,14316.12,0.05,0.04,R,F,1993-05-21,1993-03-29,1993-06-17,DELIVER IN PERSON,MAIL,"ngside of the ironic, even requests in"
2279-6,2279,1462,41,6,12.00,16361.52,0.02,0.00,R,F,1993-05-04,1993-04-26,1993-05-28,DELIVER IN PERSON,FOB,al pinto bean
2279-7,2279,1190,99,7,32.00,34918.08,0.05,0.05,A,F,1993-04-20,1993-05-22,1993-05-18,DELIVER IN PERSON,RAIL,. deposits nag slyly. express ac
2304-1,2304,1995,40,1,42.00,79673.58,0.00,0.01,A,F,1994-01-20,1994-03-04,1994-02-05,COLLECT COD,RAIL, beans. furiously even accounts 
2304-2,2304,182,61,2,48.00,51944.64,0.00,0.00,R,F,1994-02-12,1994-02-16,1994-03-10,COLLECT COD,REG AIR,y blithely bold packages. d
2304-3,2304,480,81,3,3.00,4141.44,0.00,0.05,R,F,1994-03-19,1994-03-04,1994-03-20,DELIVER IN PERSON,AIR,posits. even asymptote
2305-1,2305,1740,83,1,3.00,4925.22,0.00,0.01,A,F,1993-03-24,1993-04-05,1993-03-29,NONE,AIR,"gainst the blithely final pains. bold, ex"
2305-2,2305,591,22,2,39.00,58172.01,0.07,0.00,R,F,1993-04-16,1993-04-17,1993-04-22,COLLECT COD,MAIL,ages. blithely even
2305-3,2305,1011,12,3,32.00,29184.32,0.03,0.06,A,F,1993-04-02,1993-03-18,1993-04-03,NONE,AIR,thely even pl
2305-4,2305,1115,16,4,17.00,17273.87,0.00,0.05,A,F,1993-02-21,1993-03-30,1993-03-19,TAKE BACK RETURN,MAIL,fily. blithely bold depo
2305-5,2305,1544,65,5,26.00,37584.04,0.06,0.07,A,F,1993-05-14,1993-02-28,1993-06-04,NONE,SHIP,hely even deposits. f
2305-6,2305,510,1,6,7.00,9873.57,0.06,0.00,R,F,1993-05-15,1993-04-25,1993-06-09,DELIVER IN PERSON,RAIL, haggle slyly theodolites. carefull
2306-1,2306,1958,47,1,50.00,92997.50,0.09,0.01,N,O,1995-07-27,1995-09-26,1995-08-06,DELIVER IN PERSON,FOB, bold depo
2306-2,2306,1486,65,2,39.00,54111.72,0.04,0.00,N,O,1995-09-07,1995-09-13,1995-10-03,COLLECT COD,SHIP,gular requests according to the fluffi
2306-3,2306,1777,4,3,35.00,58756.95,0.01,0.07,N,O,1995-08-18,1995-08-30,1995-08-20,TAKE BACK RETURN,RAIL,ar platelets. slyly ironic foxes x-ray. c
2306-4,2306,1190,27,4,21.00,22914.99,0.06,0.01,N,O,1995-10-07,1995-09-18,1995-10-17,COLLECT COD,MAIL,luffily fluffy
2306-5,2306,1418,58,5,42.00,55415.22,0.04,0.07,N,O,1995-09-05,1995-08-25,1995-09-28,COLLECT COD,MAIL,express requests wak
2306-6,2306,1236,37,6,29.00,32979.67,0.00,0.03,N,O,1995-11-01,1995-09-01,1995-11-22,DELIVER IN PERSON,REG AIR,lar dugouts use fin
2306-7,2306,1754,81,7,19.00,31459.25,0.07,0.01,N,O,1995-11-17,1995-09-06,1995-11-30,DELIVER IN PERSON,AIR,lites. quickly regular deposits 
2307-1,2307,1414,54,1,24.00,31569.84,0.10,0.05,R,F,1993-10-07,1993-08-05,1993-10-20,COLLECT COD,AIR,press pinto beans. bold deposits 
2307-2,2307,1396,35,2,2.00,2594.78,0.01,0.00,A,F,1993-09-21,1993-08-22,1993-10-03,COLLECT COD,SHIP,sly regular Tiresias. furious
2307-3,2307,334,63,3,7.00,8640.31,0.07,0.04,R,F,1993-08-03,1993-09-04,1993-08-28,DELIVER IN PERSON,AIR,"ly regular courts. final, ironi"
2307-4,2307,1644,45,4,19.00,29367.16,0.08,0.06,R,F,1993-10-23,1993-09-09,1993-11-09,TAKE BACK RETURN,TRUCK,express pinto beans. pinto beans ar
2307-5,2307,1427,28,5,7.00,9298.94,0.01,0.06,R,F,1993-09-01,1993-08-08,1993-09-29,NONE,AIR,r deposits-- c
2308-1,2308,1176,77,1,24.00,25852.08,0.06,0.04,R,F,1993-02-23,1992-12-24,1993-03-10,NONE,MAIL,y final instructions alongside of 
2308-2,2308,557,18,2,36.00,52471.80,0.05,0.06,A,F,1992-11-11,1992-11-27,1992-11-23,NONE,MAIL,ithe accounts. regular deposits are ca
2309-1,2309,1699,82,1,14.00,22409.66,0.10,0.03,N,O,1996-01-01,1995-10-22,1996-01-23,NONE,AIR,ies sleep. quickly busy pinto bean
2309-2,2309,1683,25,2,1.00,1584.68,0.01,0.05,N,O,1995-12-08,1995-11-03,1995-12-31,COLLECT COD,RAIL,ffily. pending accounts boost thi
2309-3,2309,148,1,3,5.00,5240.70,0.01,0.00,N,O,1995-12-10,1995-10-29,1996-01-06,TAKE BACK RETURN,SHIP,ns against the even dependencies
2309-4,2309,1381,58,4,46.00,58989.48,0.08,0.04,N,O,1995-10-02,1995-10-30,1995-10-30,NONE,REG AIR, according to the carefully iro
2309-5,2309,1363,78,5,9.00,11379.24,0.00,0.07,N,O,1995-12-21,1995-10-10,1996-01-20,COLLECT COD,AIR,eans. quickly regular dependenc
2309-6,2309,1949,38,6,21.00,38869.74,0.09,0.00,N,O,1995-11-05,1995-11-07,1995-11-22,NONE,AIR,y regular deposits. package
2309-7,2309,1378,17,7,48.00,61409.76,0.03,0.05,N,O,1995-10-21,1995-11-21,1995-11-09,NONE,MAIL,he blithely
2310-1,2310,579,10,1,36.00,53264.52,0.03,0.03,N,O,1996-10-09,1996-10-28,1996-10-29,TAKE BACK RETURN,RAIL,"nusual, even deposits about the ironic, s"
2310-2,2310,1705,6,2,6.00,9640.20,0.07,0.01,N,O,1996-11-08,1996-12-09,1996-12-07,COLLECT COD,REG AIR,usly ironic ideas. carefully express do
2310-3,2310,411,99,3,48.00,62947.68,0.08,0.02,N,O,1996-10-04,1996-11-20,1996-10-25,TAKE BACK RETURN,FOB,al deposits after the pend
2311-1,2311,1401,41,1,18.00,23443.20,0.01,0.01,N,F,1995-06-11,1995-06-18,1995-07-02,NONE,FOB, integrate. quickly express packages use ex
2311-2,2311,1216,91,2,49.00,54743.29,0.09,0.02,R,F,1995-05-14,1995-07-11,1995-05-20,COLLECT COD,FOB,s above the
2311-3,2311,538,39,3,15.00,21577.95,0.08,0.04,N,O,1995-06-23,1995-06-06,1995-07-09,COLLECT COD,AIR,egular asymptotes cajole fluffily. furi
2311-4,2311,898,65,4,42.00,75553.38,0.01,0.06,R,F,1995-06-03,1995-06-27,1995-06-11,DELIVER IN PERSON,MAIL,ndencies wake across
2311-5,2311,465,24,5,1.00,1365.46,0.05,0.02,A,F,1995-06-07,1995-06-20,1995-06-10,NONE,AIR,kages. regular packages print fluffi
2311-6,2311,120,73,6,32.00,32643.84,0.01,0.03,N,O,1995-07-19,1995-06-26,1995-07-26,NONE,RAIL,"ual, sly pinto bean"
2336-1,2336,1922,67,1,20.00,36478.40,0.01,0.03,N,O,1996-03-12,1996-02-25,1996-03-18,NONE,REG AIR,boldly ironic
2337-1,2337,448,78,1,49.00,66073.56,0.06,0.05,N,O,1997-08-08,1997-08-15,1997-08-31,TAKE BACK RETURN,FOB,eodolites are carefully blithely
2338-1,2338,511,72,1,30.00,42345.30,0.07,0.06,N,O,1997-12-10,1997-10-15,1997-12-11,TAKE BACK RETURN,REG AIR, ironic foxes cajole car
2339-1,2339,1916,17,1,22.00,39994.02,0.03,0.03,A,F,1994-01-06,1994-03-06,1994-01-10,NONE,FOB,s nag carefully a
2339-2,2339,298,26,2,28.00,33552.12,0.00,0.00,R,F,1994-01-25,1994-01-22,1994-01-28,DELIVER IN PERSON,RAIL, daringly. blithely
2339-3,2339,1168,41,3,13.00,13899.08,0.06,0.08,R,F,1994-03-10,1994-02-18,1994-03-20,TAKE BACK RETURN,REG AIR,y pending pinto beans. furio
2340-1,2340,1378,93,1,9.00,11514.33,0.08,0.02,N,O,1996-05-01,1996-02-24,1996-05-16,COLLECT COD,RAIL, dependencies nag 
2340-2,2340,1930,75,2,21.00,38470.53,0.06,0.02,N,O,1996-01-17,1996-03-04,1996-01-29,DELIVER IN PERSON,SHIP,ly about the furiously sl
2341-1,2341,461,20,1,12.00,16337.52,0.08,0.03,R,F,1993-06-06,1993-07-08,1993-06-17,DELIVER IN PERSON,FOB,ts. slyly bold dolphins sle
2341-2,2341,704,69,2,37.00,59373.90,0.07,0.08,A,F,1993-09-23,1993-07-25,1993-10-14,DELIVER IN PERSON,RAIL,long the bl
2341-3,2341,1946,35,3,8.00,14783.52,0.03,0.07,R,F,1993-06-08,1993-07-09,1993-06-10,COLLECT COD,FOB,t accounts believe furi
2342-1,2342,412,100,1,12.00,15748.92,0.00,0.08,N,O,1996-07-31,1996-07-26,1996-08-14,NONE,TRUCK,usly against the slyly unusual account
2342-2,2342,1165,2,2,24.00,25587.84,0.10,0.06,N,O,1996-09-30,1996-07-22,1996-10-28,TAKE BACK RETURN,AIR,y. final dino
2342-3,2342,1700,1,3,50.00,80085.00,0.10,0.01,N,O,1996-08-28,1996-07-18,1996-09-22,COLLECT COD,RAIL,olites. accounts i
2342-4,2342,359,60,4,1.00,1259.35,0.04,0.06,N,O,1996-08-31,1996-08-09,1996-09-07,DELIVER IN PERSON,REG AIR, unusual packages detect across t
2342-5,2342,268,96,5,22.00,25701.72,0.08,0.01,N,O,1996-08-10,1996-08-02,1996-08-31,DELIVER IN PERSON,AIR,press depe
2343-1,2343,1099,100,1,27.00,27002.43,0.00,0.00,N,O,1995-11-10,1995-11-17,1995-12-10,TAKE BACK RETURN,SHIP,y express accoun
2343-2,2343,656,50,2,35.00,54482.75,0.03,0.06,N,O,1995-10-24,1995-11-09,1995-10-26,COLLECT COD,TRUCK,jole after the slyly pending braids. depos
2343-3,2343,1788,15,3,21.00,35485.38,0.00,0.03,N,O,1995-09-07,1995-10-26,1995-10-07,TAKE BACK RETURN,RAIL,uriously. regular deposits among the e
2368-1,2368,1520,21,1,16.00,22744.32,0.04,0.03,R,F,1993-10-31,1993-10-22,1993-11-06,NONE,REG AIR,posits haggle. express de
2368-2,2368,131,32,2,32.00,32996.16,0.03,0.00,R,F,1993-09-23,1993-10-07,1993-09-27,COLLECT COD,TRUCK,uickly bold theodolites cajole after
2368-3,2368,1489,29,3,39.00,54228.72,0.08,0.03,R,F,1993-09-03,1993-09-20,1993-09-28,COLLECT COD,RAIL,ly final packages affix carefully. fluffil
2368-4,2368,1559,80,4,17.00,24829.35,0.10,0.08,A,F,1993-10-03,1993-09-27,1993-10-05,NONE,FOB, slyly unusual instructions: furiou
2369-1,2369,239,21,1,30.00,34176.90,0.05,0.04,N,O,1997-04-23,1997-02-12,1997-05-21,COLLECT COD,REG AIR,ronic platelets are. fluffily unusual pac
2369-2,2369,1685,86,2,47.00,74573.96,0.10,0.02,N,O,1997-01-02,1997-02-18,1997-01-13,COLLECT COD,RAIL,ual foxes. slyly ir
2370-1,2370,451,81,1,3.00,4054.35,0.03,0.07,R,F,1994-03-24,1994-03-26,1994-04-15,COLLECT COD,SHIP,ross the furiously
2370-2,2370,11,37,2,24.00,21864.24,0.00,0.05,A,F,1994-05-15,1994-04-09,1994-06-12,NONE,REG AIR,ckages thra
2370-3,2370,609,10,3,32.00,48307.20,0.05,0.02,A,F,1994-04-24,1994-03-03,1994-05-15,DELIVER IN PERSON,MAIL,eaves haggle quickly accordi
2370-4,2370,51,27,4,21.00,19972.05,0.04,0.01,R,F,1994-02-01,1994-02-19,1994-02-09,TAKE BACK RETURN,MAIL,ts wake requests-- carefully eve
2371-1,2371,1587,68,1,37.00,55077.46,0.05,0.05,N,O,1998-02-11,1998-03-24,1998-02-27,DELIVER IN PERSON,TRUCK, at the bold pi
2371-2,2371,342,71,2,21.00,26089.14,0.00,0.05,N,O,1998-04-14,1998-02-14,1998-04-18,COLLECT COD,AIR,. blithely final d
2371-3,2371,1006,42,3,11.00,9977.00,0.05,0.02,N,O,1998-02-25,1998-04-06,1998-03-23,TAKE BACK RETURN,TRUCK,l courts boost about the quickly unusua
2371-4,2371,421,80,4,33.00,43606.86,0.05,0.08,N,O,1998-03-30,1998-02-06,1998-04-05,DELIVER IN PERSON,AIR, should have to sle
2371-5,2371,1646,29,5,22.00,34048.08,0.02,0.05,N,O,1998-03-26,1998-03-19,1998-04-16,DELIVER IN PERSON,REG AIR,y after the fluffily final pin
2371-6,2371,851,52,6,39.00,68322.15,0.05,0.03,N,O,1998-04-01,1998-03-13,1998-04-27,NONE,REG AIR, requests are. slyly bold requests nag fu
2371-7,2371,358,87,7,32.00,40267.20,0.07,0.07,N,O,1998-02-15,1998-04-03,1998-02-23,NONE,REG AIR, regular pinto beans ha
2372-1,2372,427,28,1,42.00,55751.64,0.08,0.02,N,O,1998-01-04,1998-01-02,1998-02-02,COLLECT COD,REG AIR,sits after the asympt
2372-2,2372,24,100,2,17.00,15708.34,0.07,0.01,N,O,1997-12-17,1998-01-17,1997-12-25,NONE,RAIL,f the thin requests boost 
2372-3,2372,1634,17,3,12.00,18427.56,0.04,0.04,N,O,1998-03-21,1997-12-21,1998-04-12,DELIVER IN PERSON,SHIP,totes. final asym
2372-4,2372,1217,92,4,4.00,4472.84,0.00,0.07,N,O,1997-12-14,1997-12-28,1997-12-16,TAKE BACK RETURN,REG AIR,ites. fluffily final requests hinder.
2372-5,2372,195,48,5,5.00,5475.95,0.02,0.04,N,O,1998-02-08,1998-01-18,1998-03-02,TAKE BACK RETURN,RAIL,pecial asymptote
2372-6,2372,1885,15,6,11.00,19655.68,0.02,0.06,N,O,1998-02-14,1998-01-18,1998-03-10,TAKE BACK RETURN,FOB,. regular attainmen
2372-7,2372,561,62,7,19.00,27769.64,0.01,0.06,N,O,1997-12-26,1998-02-19,1998-01-02,COLLECT COD,SHIP,ly never bold decoys. u
2373-1,2373,1901,34,1,17.00,30649.30,0.02,0.01,R,F,1994-03-29,1994-05-19,1994-04-20,COLLECT COD,AIR,", regular deposits haggle after t"
2373-2,2373,1353,68,2,3.00,3763.05,0.08,0.08,R,F,1994-05-15,1994-06-10,1994-06-04,COLLECT COD,TRUCK,fully idle deposits boost 
2373-3,2373,1409,49,3,29.00,38001.60,0.05,0.02,A,F,1994-06-01,1994-05-14,1994-06-17,NONE,TRUCK,"ilent dolphins. regular, pendin"
2373-4,2373,907,10,4,5.00,9039.50,0.10,0.01,R,F,1994-06-02,1994-05-03,1994-06-21,NONE,REG AIR,s use furiously throughout the 
2374-1,2374,1172,9,1,41.00,43999.97,0.07,0.00,A,F,1994-01-27,1993-12-11,1994-02-12,TAKE BACK RETURN,RAIL, carefully ironic de
2374-2,2374,1598,19,2,24.00,35990.16,0.07,0.08,A,F,1994-02-02,1994-01-12,1994-02-04,DELIVER IN PERSON,TRUCK,ccounts integrate furi
2374-3,2374,607,70,3,2.00,3015.20,0.06,0.02,R,F,1993-12-30,1994-01-24,1994-01-02,COLLECT COD,FOB, around the silent pains solve accordin
2374-4,2374,740,41,4,28.00,45940.72,0.04,0.08,R,F,1994-02-19,1993-12-16,1994-03-15,COLLECT COD,MAIL,endencies. fu
2374-5,2374,4,5,5,25.00,22600.00,0.08,0.00,A,F,1993-11-26,1993-12-15,1993-12-10,COLLECT COD,RAIL,"ironic, even acco"
2375-1,2375,1673,74,1,3.00,4724.01,0.02,0.08,N,O,1997-02-14,1996-12-25,1997-02-22,COLLECT COD,RAIL,arefully. blithely pending a
2375-2,2375,1313,52,2,9.00,10928.79,0.09,0.02,N,O,1997-02-17,1996-12-27,1997-02-27,DELIVER IN PERSON,MAIL,ly. carefully ironic ideas affix slyly a
2375-3,2375,465,95,3,26.00,35501.96,0.02,0.06,N,O,1997-03-18,1997-02-02,1997-03-29,TAKE BACK RETURN,TRUCK,ng the slyly ir
2375-4,2375,49,75,4,5.00,4745.20,0.01,0.00,N,O,1997-01-31,1997-01-25,1997-02-22,COLLECT COD,REG AIR, fluffily silent requests. blithely final b
2375-5,2375,873,73,5,42.00,74502.54,0.01,0.08,N,O,1997-01-24,1997-02-15,1997-02-07,DELIVER IN PERSON,FOB,y even packa
2375-6,2375,1256,57,6,20.00,23145.00,0.09,0.08,N,O,1996-12-01,1996-12-26,1996-12-19,TAKE BACK RETURN,SHIP,ctions. furiously ironic package
2400-1,2400,1026,62,1,48.00,44496.96,0.01,0.02,N,O,1998-10-07,1998-08-30,1998-11-03,DELIVER IN PERSON,MAIL, pinto beans
2400-2,2400,900,34,2,1.00,1800.90,0.04,0.07,N,O,1998-08-18,1998-09-12,1998-09-11,NONE,MAIL," bold, silent realms affix bl"
2400-3,2400,526,17,3,23.00,32809.96,0.02,0.08,N,O,1998-08-05,1998-08-28,1998-08-30,NONE,SHIP,e carefully slyly express accounts. caref
2400-4,2400,169,48,4,23.00,24590.68,0.09,0.04,N,O,1998-10-04,1998-10-04,1998-10-31,NONE,RAIL,ffily quiet requests according to the
2401-1,2401,1817,61,1,39.00,67033.59,0.00,0.03,N,O,1997-09-29,1997-10-21,1997-10-17,DELIVER IN PERSON,FOB,ut the care
2401-2,2401,23,74,2,49.00,45227.98,0.05,0.07,N,O,1997-09-02,1997-09-11,1997-09-13,TAKE BACK RETURN,AIR,en foxes must have to c
2402-1,2402,856,90,1,43.00,75544.55,0.03,0.08,N,O,1996-09-17,1996-11-20,1996-09-22,DELIVER IN PERSON,RAIL,", final excuses cajole flu"
2402-2,2402,1514,35,2,24.00,33972.24,0.02,0.05,N,O,1996-11-21,1996-10-19,1996-11-29,DELIVER IN PERSON,SHIP,special accounts. specia
2403-1,2403,829,29,1,34.00,58813.88,0.04,0.07,N,O,1998-05-30,1998-06-19,1998-06-05,NONE,REG AIR,al foxes grow 
2403-2,2403,1520,41,2,19.00,27008.88,0.08,0.07,N,O,1998-04-20,1998-07-02,1998-05-13,DELIVER IN PERSON,FOB,es. packages bo
2403-3,2403,1925,26,3,27.00,49326.84,0.05,0.03,N,O,1998-07-27,1998-07-08,1998-08-03,NONE,SHIP,the final accounts are regular package
2403-4,2403,305,6,4,30.00,36159.00,0.05,0.06,N,O,1998-08-08,1998-06-17,1998-08-20,NONE,TRUCK,ptotes are evenly bold deposit
2404-1,2404,1468,47,1,36.00,49300.56,0.07,0.00,N,O,1997-03-27,1997-05-16,1997-04-06,COLLECT COD,REG AIR,iously bol
2404-2,2404,357,86,2,1.00,1257.35,0.02,0.04,N,O,1997-05-22,1997-06-06,1997-05-28,DELIVER IN PERSON,MAIL,sly express accounts wake slyly furiously f
2404-3,2404,174,27,3,41.00,44040.97,0.02,0.06,N,O,1997-06-12,1997-05-03,1997-07-12,NONE,AIR,y ironic theo
2404-4,2404,567,68,4,19.00,27883.64,0.09,0.03,N,O,1997-05-07,1997-05-24,1997-05-24,TAKE BACK RETURN,SHIP,he regular requests. c
2404-5,2404,31,82,5,18.00,16758.54,0.00,0.04,N,O,1997-06-25,1997-05-06,1997-07-02,NONE,RAIL,unts are. carefully ironic instructio
2405-1,2405,886,53,1,18.00,32163.84,0.09,0.07,N,O,1997-01-23,1997-03-10,1997-02-03,COLLECT COD,REG AIR,"posits cajole. pending, ironic in"
2405-2,2405,262,44,2,30.00,34867.80,0.10,0.08,N,O,1997-03-24,1997-03-10,1997-04-14,TAKE BACK RETURN,AIR,yly sly theodolites. fluffily ir
2405-3,2405,162,63,3,49.00,52045.84,0.00,0.06,N,O,1996-12-24,1997-03-23,1997-01-01,TAKE BACK RETURN,FOB,sts. blithely thin foxes wa
2405-4,2405,1768,11,4,23.00,38404.48,0.08,0.05,N,O,1996-12-28,1997-01-29,1997-01-07,NONE,AIR,g to the quickly ironic pinto beans s
2406-1,2406,1691,15,1,18.00,28668.42,0.07,0.05,N,O,1997-02-17,1996-12-25,1997-02-19,COLLECT COD,MAIL,ctions. even requests w
2406-2,2406,405,35,2,40.00,52216.00,0.02,0.07,N,O,1997-01-09,1996-12-02,1997-01-16,NONE,SHIP,r requests wake fu
2406-3,2406,491,92,3,16.00,22263.84,0.07,0.03,N,O,1996-10-31,1996-11-28,1996-11-08,TAKE BACK RETURN,SHIP,r the accounts
2406-4,2406,1451,30,4,34.00,45983.30,0.07,0.06,N,O,1996-12-01,1996-12-07,1996-12-16,NONE,AIR,ly alongside of the instruction
2406-5,2406,1870,14,5,25.00,44296.75,0.08,0.02,N,O,1996-12-03,1996-12-14,1996-12-26,COLLECT COD,MAIL, the unusual p
2406-6,2406,583,44,6,22.00,32638.76,0.05,0.02,N,O,1996-11-22,1997-01-17,1996-12-15,NONE,TRUCK,oost fluffily quickly regular ideas.
2406-7,2406,595,86,7,30.00,44867.70,0.07,0.07,N,O,1997-01-17,1997-01-12,1997-01-22,TAKE BACK RETURN,TRUCK,leep regular courts. q
2407-1,2407,631,63,1,14.00,21442.82,0.04,0.02,N,O,1998-10-10,1998-08-25,1998-10-27,NONE,FOB,uests sleep abov
2407-2,2407,1652,53,2,9.00,13982.85,0.07,0.05,N,O,1998-08-06,1998-08-11,1998-08-20,TAKE BACK RETURN,TRUCK," requests affix. final, express e"
2407-3,2407,1303,4,3,39.00,46967.70,0.02,0.02,N,O,1998-08-20,1998-09-12,1998-08-22,DELIVER IN PERSON,MAIL,nto beans haggle quickly a
2407-4,2407,905,74,4,10.00,18059.00,0.01,0.07,N,O,1998-08-14,1998-09-10,1998-08-29,COLLECT COD,FOB,"thely deposits. even, bold excuses sl"
2407-5,2407,1976,65,5,14.00,26291.58,0.04,0.05,N,O,1998-09-24,1998-08-18,1998-10-06,DELIVER IN PERSON,FOB,l requests. quickly e
2407-6,2407,703,100,6,18.00,28866.60,0.04,0.01,N,O,1998-10-03,1998-08-30,1998-10-19,TAKE BACK RETURN,MAIL,e blithely regular deposit
2407-7,2407,1609,92,7,7.00,10574.20,0.07,0.03,N,O,1998-09-11,1998-08-15,1998-09-30,TAKE BACK RETURN,MAIL,. packages wake slyly fluffi
2432-1,2432,494,53,1,30.00,41834.70,0.03,0.02,N,O,1996-09-05,1996-10-10,1996-10-05,TAKE BACK RETURN,TRUCK,ending instructions x-ray s
2432-2,2432,1618,19,2,8.00,12156.88,0.07,0.01,N,O,1996-10-16,1996-10-01,1996-11-13,COLLECT COD,RAIL,posits. blithely unusual platel
2432-3,2432,1089,25,3,13.00,12871.04,0.07,0.06,N,O,1996-09-03,1996-10-10,1996-10-03,NONE,RAIL,according to the slyly b
2432-4,2432,125,26,4,14.00,14351.68,0.00,0.06,N,O,1996-08-18,1996-09-04,1996-08-27,TAKE BACK RETURN,RAIL,d ideas haggle above the fu
2433-1,2433,868,69,1,39.00,68985.54,0.01,0.04,R,F,1994-11-20,1994-09-23,1994-12-10,DELIVER IN PERSON,SHIP,eans against
2433-2,2433,1334,11,2,20.00,24706.60,0.05,0.06,A,F,1994-12-09,1994-10-20,1994-12-15,COLLECT COD,REG AIR,ckly even dependencies aft
2433-3,2433,1564,45,3,38.00,55691.28,0.08,0.03,A,F,1994-10-15,1994-10-23,1994-11-06,DELIVER IN PERSON,SHIP,ily ironic excuses. packages
2433-4,2433,1203,41,4,43.00,47480.60,0.01,0.05,A,F,1994-10-16,1994-10-23,1994-11-08,DELIVER IN PERSON,RAIL,pinto beans. fluffy pinto be
2433-5,2433,1072,8,5,3.00,2919.21,0.06,0.02,A,F,1994-11-08,1994-09-24,1994-11-17,COLLECT COD,AIR,fluffily. silently
2434-1,2434,945,46,1,1.00,1845.94,0.01,0.06,N,O,1997-08-02,1997-05-28,1997-08-19,TAKE BACK RETURN,MAIL,g to the blithely bold platelets. regular
2434-2,2434,1268,80,2,39.00,45601.14,0.09,0.05,N,O,1997-06-10,1997-06-08,1997-07-03,COLLECT COD,RAIL,deas believe. quickly f
2434-3,2434,1295,7,3,28.00,33496.12,0.02,0.05,N,O,1997-06-28,1997-06-26,1997-07-15,COLLECT COD,RAIL,"ing, unusual foxes. slyly silent"
2434-4,2434,1672,73,4,49.00,77109.83,0.00,0.05,N,O,1997-08-08,1997-07-23,1997-08-27,DELIVER IN PERSON,FOB, instructions haggle blithely. furiou
2435-1,2435,389,90,1,8.00,10315.04,0.08,0.03,A,F,1993-06-08,1993-04-04,1993-06-29,COLLECT COD,SHIP,quickly regular theodolites. carefully 
2435-2,2435,484,43,2,43.00,59532.64,0.03,0.08,A,F,1993-03-27,1993-05-20,1993-04-18,DELIVER IN PERSON,TRUCK,lieve slyly agains
2435-3,2435,115,68,3,24.00,24362.64,0.07,0.08,R,F,1993-03-14,1993-05-20,1993-03-26,DELIVER IN PERSON,SHIP,e slyly pending packag
2435-4,2435,1559,100,4,22.00,32132.10,0.02,0.05,R,F,1993-05-23,1993-04-14,1993-06-04,NONE,SHIP,"ructions-- ironic, final accounts nag blit"
2435-5,2435,717,50,5,3.00,4853.13,0.07,0.07,R,F,1993-06-01,1993-03-25,1993-06-27,DELIVER IN PERSON,FOB,ar platelets. slyl
2435-6,2435,456,15,6,17.00,23059.65,0.02,0.02,A,F,1993-06-05,1993-05-05,1993-06-14,NONE,TRUCK,w ironical
2435-7,2435,1207,82,7,8.00,8865.60,0.07,0.02,R,F,1993-05-03,1993-04-02,1993-05-17,COLLECT COD,SHIP, packages at the slyly regular pac
2436-1,2436,1541,42,1,48.00,69241.92,0.04,0.02,N,O,1995-10-22,1995-10-22,1995-11-16,DELIVER IN PERSON,FOB,e permanently
2436-2,2436,1166,75,2,18.00,19208.88,0.05,0.03,N,O,1995-10-14,1995-11-21,1995-11-12,TAKE BACK RETURN,TRUCK,lyly even deposits. even deposits along
2436-3,2436,1637,79,3,6.00,9231.78,0.06,0.08,N,O,1995-10-25,1995-11-30,1995-11-24,DELIVER IN PERSON,RAIL,egular packa
2437-1,2437,937,72,1,46.00,84544.78,0.07,0.04,A,F,1993-08-12,1993-06-16,1993-08-29,NONE,RAIL,ly even accounts along the fur
2437-2,2437,1894,38,2,26.00,46693.14,0.00,0.04,A,F,1993-06-25,1993-05-22,1993-07-07,DELIVER IN PERSON,REG AIR,r asymptotes doze? exp
2437-3,2437,18,69,3,23.00,21114.23,0.01,0.00,A,F,1993-08-15,1993-06-28,1993-08-23,TAKE BACK RETURN,SHIP, instructions-- b
2437-4,2437,1158,95,4,12.00,12709.80,0.03,0.08,A,F,1993-04-27,1993-07-01,1993-05-18,TAKE BACK RETURN,FOB,carefully express packages wake qui
2437-5,2437,167,46,5,29.00,30947.64,0.02,0.06,A,F,1993-05-12,1993-06-10,1993-05-25,NONE,FOB,r pinto beans. furiously bus
2437-6,2437,186,13,6,10.00,10861.80,0.10,0.06,A,F,1993-05-20,1993-06-23,1993-05-22,TAKE BACK RETURN,MAIL,furiously regular dep
2438-1,2438,1645,28,1,45.00,69598.80,0.01,0.00,A,F,1993-10-27,1993-09-24,1993-11-02,COLLECT COD,REG AIR,ckages. furiousl
2438-2,2438,128,29,2,31.00,31871.72,0.08,0.01,R,F,1993-10-16,1993-08-31,1993-11-10,COLLECT COD,REG AIR,special theodolite
2438-3,2438,675,7,3,10.00,15756.70,0.10,0.00,R,F,1993-08-18,1993-08-28,1993-09-08,NONE,SHIP,haggle alo
2438-4,2438,1605,88,4,27.00,40678.20,0.01,0.02,R,F,1993-07-27,1993-10-01,1993-08-06,TAKE BACK RETURN,FOB,lent accounts integrate carefully
2438-5,2438,1658,41,5,28.00,43670.20,0.07,0.06,R,F,1993-11-05,1993-08-22,1993-11-22,TAKE BACK RETURN,TRUCK,ts; slyly b
2438-6,2438,1485,25,6,23.00,31889.04,0.09,0.02,R,F,1993-10-06,1993-08-17,1993-10-16,DELIVER IN PERSON,MAIL,g blithely slyly regular deposits. expre
2438-7,2438,1826,13,7,46.00,79479.72,0.02,0.05,R,F,1993-10-27,1993-08-30,1993-11-14,COLLECT COD,SHIP,es breach finally. thin d
2439-1,2439,1631,14,1,2.00,3065.26,0.09,0.03,N,O,1997-04-14,1997-06-11,1997-05-09,COLLECT COD,MAIL,ily bold th
2439-2,2439,1435,36,2,5.00,6682.15,0.07,0.01,N,O,1997-04-23,1997-04-26,1997-04-28,DELIVER IN PERSON,FOB,ully bold accou
2439-3,2439,1947,92,3,33.00,61015.02,0.08,0.05,N,O,1997-06-01,1997-05-15,1997-06-07,TAKE BACK RETURN,FOB,egular deposits sleep. blithely regu
2464-1,2464,484,72,1,10.00,13844.80,0.05,0.03,N,O,1998-02-04,1997-12-29,1998-02-16,TAKE BACK RETURN,RAIL,uriously regular depos
2464-2,2464,1005,76,2,20.00,18120.00,0.01,0.07,N,O,1997-12-26,1998-01-02,1998-01-24,DELIVER IN PERSON,FOB,"nts. final, even pinto beans a"
2465-1,2465,672,35,1,27.00,42462.09,0.05,0.02,N,O,1995-09-05,1995-09-07,1995-09-17,DELIVER IN PERSON,FOB,s should have to integrate across the sly
2465-2,2465,507,98,2,34.00,47855.00,0.02,0.05,N,O,1995-10-02,1995-08-04,1995-10-09,COLLECT COD,RAIL,final decoys. ironic foxes c
2465-3,2465,311,68,3,8.00,9690.48,0.10,0.00,N,O,1995-10-16,1995-08-26,1995-11-07,TAKE BACK RETURN,FOB,slyly unusual deposits cajole flu
2465-4,2465,1478,96,4,45.00,62076.15,0.03,0.01,N,O,1995-09-27,1995-08-25,1995-10-06,NONE,TRUCK,c foxes. foxes affix courts. carefully r
2465-5,2465,468,98,5,50.00,68423.00,0.01,0.04,N,O,1995-09-01,1995-09-06,1995-09-18,TAKE BACK RETURN,TRUCK,affix never fi
2465-6,2465,1236,37,6,20.00,22744.60,0.03,0.03,N,O,1995-08-16,1995-08-13,1995-09-02,COLLECT COD,FOB,o beans. idly bold packages wak
2466-1,2466,1854,84,1,16.00,28093.60,0.00,0.02,R,F,1994-04-20,1994-04-20,1994-05-09,COLLECT COD,FOB, about the 
2466-2,2466,1047,83,2,10.00,9480.40,0.00,0.00,A,F,1994-05-08,1994-04-06,1994-06-05,DELIVER IN PERSON,AIR,", ironic deposits! slyly pending pint"
2466-3,2466,132,85,3,29.00,29931.77,0.10,0.07,A,F,1994-06-11,1994-04-27,1994-07-10,DELIVER IN PERSON,FOB,totes are blithely close deposits. f
2466-4,2466,104,57,4,29.00,29118.90,0.04,0.04,A,F,1994-04-01,1994-04-20,1994-04-23,DELIVER IN PERSON,MAIL,pearls detect blithe
2466-5,2466,788,89,5,30.00,50663.40,0.02,0.01,A,F,1994-04-11,1994-05-02,1994-05-02,DELIVER IN PERSON,REG AIR,riously fluffily final requests. slyly 
2466-6,2466,1727,12,6,19.00,30945.68,0.10,0.07,R,F,1994-06-12,1994-04-18,1994-07-12,NONE,MAIL,y along the blit
2466-7,2466,1543,64,7,35.00,50558.90,0.10,0.00,A,F,1994-06-01,1994-05-27,1994-06-21,COLLECT COD,AIR,long the quickly special packages. blithe
2467-1,2467,1329,44,1,7.00,8612.24,0.00,0.00,N,O,1995-07-28,1995-10-04,1995-08-27,NONE,REG AIR,past the slyly even id
2468-1,2468,936,5,1,46.00,84498.78,0.00,0.04,N,O,1997-07-16,1997-08-09,1997-08-07,COLLECT COD,SHIP, regularly. packages h
2468-2,2468,206,61,2,43.00,47566.60,0.00,0.04,N,O,1997-08-17,1997-08-21,1997-08-30,DELIVER IN PERSON,FOB,urts. excuse
2468-3,2468,1942,43,3,44.00,81133.36,0.00,0.03,N,O,1997-10-01,1997-08-02,1997-10-09,TAKE BACK RETURN,RAIL,regular deposits-- re
2468-4,2468,817,18,4,5.00,8589.05,0.08,0.00,N,O,1997-06-28,1997-08-02,1997-07-22,NONE,MAIL,s hinder blithely. 
2468-5,2468,1584,25,5,18.00,26740.44,0.07,0.00,N,O,1997-07-25,1997-08-26,1997-08-14,DELIVER IN PERSON,REG AIR,its are carefull
2469-1,2469,1657,81,1,11.00,17145.15,0.00,0.04,N,O,1997-02-09,1997-01-26,1997-02-16,NONE,TRUCK,le furiously furious
2469-2,2469,1134,7,2,16.00,16562.08,0.07,0.06,N,O,1997-02-19,1997-02-04,1997-03-18,NONE,MAIL,sly regular dep
2469-3,2469,103,30,3,48.00,48148.80,0.05,0.06,N,O,1997-01-11,1997-01-03,1997-01-15,TAKE BACK RETURN,AIR, furiously express pinto b
2469-4,2469,879,79,4,35.00,62295.45,0.06,0.06,N,O,1997-02-04,1997-02-02,1997-02-17,DELIVER IN PERSON,RAIL,s. furiously final dinos sleep fluffily gif
2469-5,2469,1207,19,5,30.00,33246.00,0.09,0.01,N,O,1996-12-21,1997-01-29,1997-01-02,COLLECT COD,SHIP,und the pinto beans. quickly bold accou
2469-6,2469,1031,32,6,49.00,45669.47,0.02,0.02,N,O,1997-03-03,1996-12-26,1997-03-13,NONE,AIR,ial theodolites a
2469-7,2469,1263,75,7,8.00,9314.08,0.02,0.00,N,O,1997-03-15,1997-01-20,1997-04-13,NONE,TRUCK,uickly reg
2470-1,2470,1095,66,1,12.00,11953.08,0.06,0.06,N,O,1997-07-12,1997-05-24,1997-07-17,TAKE BACK RETURN,FOB, ironic accounts. slyly ironic accounts aft
2470-2,2470,1000,3,2,50.00,45050.00,0.03,0.03,N,O,1997-06-02,1997-06-01,1997-06-09,COLLECT COD,AIR, always bo
2470-3,2470,640,72,3,10.00,15406.40,0.05,0.08,N,O,1997-06-20,1997-06-19,1997-06-24,TAKE BACK RETURN,FOB, the blithely bold
2470-4,2470,1611,12,4,30.00,45378.30,0.04,0.08,N,O,1997-08-04,1997-07-13,1997-08-14,DELIVER IN PERSON,AIR,tes. fluffily final deposit
2471-1,2471,839,40,1,37.00,64373.71,0.05,0.01,N,O,1998-05-28,1998-04-17,1998-06-08,COLLECT COD,TRUCK,"jole unusual, regular deposits. final, eve"
2496-1,2496,1402,42,1,38.00,49529.20,0.02,0.07,R,F,1994-03-26,1994-04-06,1994-04-23,COLLECT COD,RAIL,g the quickly specia
2496-2,2496,227,28,2,39.00,43961.58,0.03,0.00,R,F,1994-03-23,1994-02-18,1994-04-10,TAKE BACK RETURN,FOB,ng the slyly busy courts. even no
2496-3,2496,1886,73,3,36.00,64363.68,0.09,0.04,R,F,1994-03-27,1994-03-15,1994-04-17,TAKE BACK RETURN,SHIP,quests. slyly
2496-4,2496,233,61,4,30.00,33996.90,0.04,0.01,A,F,1994-01-27,1994-03-11,1994-01-31,DELIVER IN PERSON,RAIL,arefully bold grouches haggle quickl
2497-1,2497,111,90,1,34.00,34377.74,0.02,0.03,R,F,1992-09-02,1992-10-19,1992-09-12,COLLECT COD,AIR,carefully furious
2497-2,2497,769,2,2,15.00,25046.40,0.09,0.02,A,F,1992-12-23,1992-11-20,1993-01-18,DELIVER IN PERSON,SHIP,e final ideas. 
2497-3,2497,336,93,3,28.00,34617.24,0.02,0.08,A,F,1992-12-02,1992-11-21,1992-12-04,DELIVER IN PERSON,REG AIR,requests nag furiously silent dep
2497-4,2497,1439,40,4,48.00,64340.64,0.06,0.05,A,F,1992-09-29,1992-11-13,1992-10-19,TAKE BACK RETURN,AIR,sh blithely across the carefull
2497-5,2497,1749,92,5,28.00,46220.72,0.04,0.05,A,F,1992-11-10,1992-09-30,1992-11-18,DELIVER IN PERSON,MAIL, final packages are around the furiously
2497-6,2497,706,7,6,19.00,30527.30,0.05,0.08,A,F,1992-11-10,1992-11-20,1992-12-05,TAKE BACK RETURN,TRUCK,theodolites. carefully express ideas boo
2498-1,2498,1423,41,1,48.00,63572.16,0.10,0.01,R,F,1993-11-25,1994-01-09,1993-12-24,DELIVER IN PERSON,RAIL,nal instructions s
2499-1,2499,1494,73,1,15.00,20932.35,0.04,0.06,N,O,1995-12-21,1995-12-06,1996-01-19,DELIVER IN PERSON,FOB,posits hinder evenly ir
2499-2,2499,451,81,2,48.00,64869.60,0.09,0.03,N,O,1995-10-14,1995-12-12,1995-11-11,DELIVER IN PERSON,AIR, against the furiously pending instruction
2499-3,2499,1321,60,3,31.00,37891.92,0.09,0.05,N,O,1995-12-09,1995-10-28,1996-01-05,COLLECT COD,AIR, dependencies. special ideas wake blithely.
2499-4,2499,1585,26,4,39.00,57976.62,0.06,0.02,N,O,1995-10-26,1995-10-27,1995-11-07,TAKE BACK RETURN,SHIP, believe sl
2499-5,2499,1292,67,5,6.00,7159.74,0.02,0.01,N,O,1995-11-19,1995-12-14,1995-12-08,NONE,SHIP, among the flu
2499-6,2499,1186,23,6,12.00,13046.16,0.04,0.05,N,O,1995-11-18,1995-12-13,1995-11-23,COLLECT COD,REG AIR,he furiously express ins
2500-1,2500,1913,14,1,40.00,72596.40,0.00,0.02,A,F,1992-09-02,1992-09-30,1992-09-06,DELIVER IN PERSON,SHIP,haggle furiously among th
2500-2,2500,363,64,2,34.00,42954.24,0.06,0.02,R,F,1992-10-03,1992-11-11,1992-10-29,DELIVER IN PERSON,TRUCK,usual accou
2500-3,2500,793,26,3,41.00,69445.39,0.02,0.00,R,F,1992-09-02,1992-11-11,1992-09-06,DELIVER IN PERSON,RAIL,nag carefully above the quickly ruth
2500-4,2500,682,14,4,17.00,26905.56,0.01,0.02,A,F,1992-09-30,1992-10-16,1992-10-05,DELIVER IN PERSON,REG AIR, epitaphs alongside of the pla
2501-1,2501,835,35,1,4.00,6943.32,0.10,0.06,N,O,1997-07-17,1997-07-27,1997-07-22,COLLECT COD,RAIL,ironic ideas. accounts 
2501-2,2501,1060,31,2,33.00,31714.98,0.01,0.04,N,O,1997-07-14,1997-08-09,1997-07-26,NONE,MAIL, blithely against the packages. accounts
2501-3,2501,719,52,3,20.00,32394.20,0.10,0.06,N,O,1997-09-23,1997-07-01,1997-10-03,DELIVER IN PERSON,RAIL,"y. slow, even p"
2501-4,2501,575,66,4,26.00,38364.82,0.09,0.01,N,O,1997-07-15,1997-08-15,1997-07-28,DELIVER IN PERSON,SHIP,s. even instructions mold
2502-1,2502,1622,23,1,33.00,50279.46,0.10,0.06,R,F,1993-08-12,1993-07-22,1993-09-04,COLLECT COD,REG AIR,"gular, even a"
2503-1,2503,1226,1,1,33.00,37198.26,0.06,0.01,R,F,1993-07-06,1993-08-14,1993-08-02,NONE,SHIP, haggle along the bravely regular req
2503-2,2503,641,35,2,28.00,43165.92,0.06,0.01,R,F,1993-08-08,1993-08-31,1993-08-10,NONE,SHIP,s. ruthlessly silent 
2503-3,2503,454,55,3,50.00,67722.50,0.09,0.01,A,F,1993-09-22,1993-08-17,1993-09-29,DELIVER IN PERSON,TRUCK,iously even excuses
2503-4,2503,901,4,4,27.00,48651.30,0.09,0.00,A,F,1993-07-12,1993-07-24,1993-07-22,DELIVER IN PERSON,TRUCK,unts nag s
2503-5,2503,477,7,5,3.00,4132.41,0.04,0.02,A,F,1993-07-10,1993-09-17,1993-07-19,TAKE BACK RETURN,TRUCK,d pinto beans sleep furiously furi
2503-6,2503,1278,53,6,39.00,45991.53,0.05,0.05,R,F,1993-10-11,1993-09-09,1993-10-16,NONE,MAIL,fily about the furio
2503-7,2503,186,39,7,17.00,18465.06,0.09,0.08,R,F,1993-09-04,1993-07-31,1993-09-23,DELIVER IN PERSON,SHIP,ole deposits. quickly iro
2528-1,2528,2,3,1,10.00,9020.00,0.02,0.03,R,F,1994-12-12,1994-12-29,1994-12-28,COLLECT COD,REG AIR,nts nag quickly caref
2528-2,2528,735,100,2,13.00,21264.49,0.00,0.03,A,F,1994-11-27,1995-01-20,1994-12-03,TAKE BACK RETURN,REG AIR,lets sleep quickly. theodolites ar
2528-3,2528,1744,45,3,35.00,57600.90,0.10,0.00,R,F,1994-12-19,1995-02-04,1995-01-15,NONE,MAIL,furiously special the
2528-4,2528,642,74,4,37.00,57077.68,0.00,0.01,A,F,1994-12-25,1995-02-02,1994-12-31,COLLECT COD,AIR,", regular requests haggle slyly regular pa"
2529-1,2529,1307,22,1,4.00,4833.20,0.07,0.07,N,O,1996-10-19,1996-11-18,1996-10-24,DELIVER IN PERSON,SHIP,ccounts cajole furiously special req
2530-1,2530,204,5,1,9.00,9937.80,0.09,0.03,R,F,1994-05-10,1994-04-30,1994-05-24,TAKE BACK RETURN,REG AIR,furiously! 
2530-2,2530,924,27,2,42.00,76646.64,0.04,0.08,R,F,1994-03-27,1994-05-20,1994-03-29,NONE,RAIL,lets sleep after th
2530-3,2530,1079,15,3,8.00,7840.56,0.10,0.08,A,F,1994-05-02,1994-05-08,1994-05-24,DELIVER IN PERSON,MAIL,ld foxes. instructions are furiously
2531-1,2531,1478,96,1,9.00,12415.23,0.03,0.07,N,O,1996-07-27,1996-07-03,1996-08-01,DELIVER IN PERSON,AIR,platelets. fluff
2531-2,2531,1570,51,2,3.00,4414.71,0.07,0.06,N,O,1996-07-20,1996-06-20,1996-08-10,NONE,MAIL,ly final requ
2531-3,2531,860,27,3,20.00,35217.20,0.06,0.04,N,O,1996-07-18,1996-06-25,1996-07-29,TAKE BACK RETURN,TRUCK,iously bold request
2531-4,2531,1909,42,4,36.00,65192.40,0.08,0.01,N,O,1996-06-11,1996-07-26,1996-06-27,NONE,MAIL,sits sleep along the furiously pend
2531-5,2531,559,90,5,28.00,40867.40,0.03,0.07,N,O,1996-07-06,1996-07-31,1996-07-19,TAKE BACK RETURN,REG AIR,es nag arou
2531-6,2531,1444,62,6,46.00,61890.24,0.10,0.08,N,O,1996-07-03,1996-06-27,1996-07-12,TAKE BACK RETURN,REG AIR,ular packages. ironic d
2532-1,2532,527,28,1,3.00,4282.56,0.06,0.07,N,O,1995-12-14,1995-11-28,1995-12-15,COLLECT COD,FOB,ns print regularly alongside o
2532-2,2532,1598,19,2,33.00,49486.47,0.06,0.05,N,O,1995-11-23,1996-01-04,1995-12-16,DELIVER IN PERSON,TRUCK,ds alongside of the thinly final instruct
2532-3,2532,1343,58,3,1.00,1244.34,0.00,0.06,N,O,1996-01-27,1995-11-23,1996-01-29,DELIVER IN PERSON,REG AIR, fluffily regular theodolites nag sly
2532-4,2532,776,9,4,50.00,83838.50,0.02,0.02,N,O,1995-11-13,1996-01-01,1995-11-26,NONE,TRUCK,ges wake special ideas. iron
2532-5,2532,1131,4,5,9.00,9289.17,0.09,0.04,N,O,1995-11-30,1995-11-23,1995-12-12,DELIVER IN PERSON,TRUCK,al asymptotes detect quickly? bold plat
2532-6,2532,1493,94,6,20.00,27889.80,0.09,0.05,N,O,1995-12-02,1995-11-26,1995-12-08,TAKE BACK RETURN,AIR,", final foxes. depos"
2533-1,2533,536,97,1,36.00,51715.08,0.06,0.04,N,O,1997-06-10,1997-04-28,1997-07-01,NONE,REG AIR, beans. blithely final
2533-2,2533,1971,16,2,5.00,9364.85,0.10,0.04,N,O,1997-05-26,1997-06-02,1997-06-24,NONE,FOB,ages nag alongside of the pinto beans
2533-3,2533,1830,60,3,37.00,64077.71,0.00,0.08,N,O,1997-05-10,1997-04-26,1997-05-28,COLLECT COD,SHIP,lyly. carefully re
2533-4,2533,294,22,4,17.00,20302.93,0.06,0.02,N,O,1997-05-23,1997-05-10,1997-06-18,NONE,FOB,efully even in
2533-5,2533,1256,94,5,38.00,43975.50,0.09,0.00,N,O,1997-05-10,1997-06-02,1997-05-28,TAKE BACK RETURN,REG AIR,inal Tiresias are carefully. blithely sile
2533-6,2533,1834,35,6,20.00,34716.60,0.05,0.08,N,O,1997-07-04,1997-04-30,1997-07-05,COLLECT COD,FOB,ully final deposits 
2533-7,2533,938,7,7,14.00,25745.02,0.06,0.04,N,O,1997-07-06,1997-05-08,1997-08-03,COLLECT COD,FOB,e blithely according to the p
2534-1,2534,1386,1,1,29.00,37334.02,0.07,0.07,N,O,1996-08-09,1996-09-29,1996-08-11,COLLECT COD,TRUCK, fluffily special grouches
2534-2,2534,268,23,2,49.00,57244.74,0.08,0.08,N,O,1996-09-01,1996-08-20,1996-09-06,NONE,SHIP,riously special accounts. quickly ironic 
2534-3,2534,9,35,3,50.00,45450.00,0.10,0.06,N,O,1996-09-25,1996-10-07,1996-10-09,TAKE BACK RETURN,AIR,nts wake quietly. blithely even reque
2534-4,2534,743,40,4,43.00,70680.82,0.09,0.02,N,O,1996-10-25,1996-09-30,1996-11-05,TAKE BACK RETURN,REG AIR, beans nag caref
2534-5,2534,1649,32,5,14.00,21708.96,0.05,0.02,N,O,1996-08-12,1996-09-26,1996-08-28,COLLECT COD,MAIL,"sleep along the even, bold"
2534-6,2534,1160,97,6,12.00,12733.92,0.02,0.02,N,O,1996-07-29,1996-10-12,1996-08-14,TAKE BACK RETURN,AIR,final soma
2534-7,2534,1726,69,7,17.00,27671.24,0.02,0.07,N,O,1996-07-22,1996-09-15,1996-08-03,NONE,SHIP, deposits. fluff
2535-1,2535,1981,70,1,5.00,9414.90,0.06,0.01,A,F,1993-09-07,1993-07-25,1993-09-29,DELIVER IN PERSON,REG AIR,e quickly final
2535-2,2535,381,10,2,12.00,15376.56,0.08,0.05,A,F,1993-07-17,1993-08-17,1993-07-31,TAKE BACK RETURN,FOB, packages. final pinto beans must have 
2535-3,2535,531,32,3,5.00,7157.65,0.09,0.06,R,F,1993-07-28,1993-08-14,1993-08-11,DELIVER IN PERSON,SHIP,posits hinder quickly. quickly final asym
2535-4,2535,1593,74,4,19.00,28397.21,0.01,0.02,A,F,1993-06-01,1993-08-01,1993-06-19,DELIVER IN PERSON,FOB,es. final ideas are. bli
2535-5,2535,1738,23,5,25.00,40993.25,0.07,0.04,A,F,1993-07-19,1993-08-07,1993-07-27,NONE,REG AIR,en deposits. bl
2560-1,2560,1689,90,1,41.00,65217.88,0.07,0.01,R,F,1992-10-23,1992-11-11,1992-11-22,NONE,SHIP, excuses after the slyly pending foxes ar
2560-2,2560,38,89,2,27.00,25326.81,0.00,0.01,R,F,1992-12-03,1992-11-16,1992-12-30,NONE,MAIL,ress deposits. quickly
2560-3,2560,460,48,3,31.00,42174.26,0.01,0.05,A,F,1992-11-14,1992-10-14,1992-12-11,DELIVER IN PERSON,AIR,"gular, silent pinto beans use carefully"
2560-4,2560,712,77,4,36.00,58057.56,0.01,0.02,A,F,1992-10-18,1992-10-30,1992-11-05,TAKE BACK RETURN,MAIL,ular ideas cajole. carefully thin depo
2560-5,2560,419,7,5,9.00,11874.69,0.04,0.02,A,F,1992-10-23,1992-10-29,1992-11-02,COLLECT COD,REG AIR,arefully above the accounts. carefull
2560-6,2560,1076,77,6,13.00,12701.91,0.03,0.06,A,F,1992-09-07,1992-10-21,1992-09-24,COLLECT COD,FOB,its use fluffily a
2561-1,2561,246,1,1,32.00,36679.68,0.02,0.01,N,O,1998-01-05,1997-12-28,1998-01-26,DELIVER IN PERSON,REG AIR,uickly regular grouches are reg
2561-2,2561,971,40,2,5.00,9359.85,0.07,0.04,N,O,1997-12-27,1998-01-23,1998-01-13,TAKE BACK RETURN,AIR,"y quick accounts. bold, regula"
2561-3,2561,1726,27,3,47.00,76502.84,0.04,0.02,N,O,1997-11-19,1998-01-21,1997-12-03,DELIVER IN PERSON,REG AIR,uickly final id
2561-4,2561,1076,77,4,39.00,38105.73,0.08,0.06,N,O,1998-01-20,1997-12-16,1998-02-05,TAKE BACK RETURN,MAIL,e unusual dependencies sleep theo
2561-5,2561,1500,79,5,2.00,2803.00,0.04,0.08,N,O,1998-03-14,1998-01-21,1998-03-27,DELIVER IN PERSON,TRUCK, special packages was: slyly express sen
2561-6,2561,503,64,6,14.00,19649.00,0.02,0.03,N,O,1998-03-07,1998-02-04,1998-03-21,COLLECT COD,RAIL,ons. furiously ironic depen
2562-1,2562,523,14,1,28.00,39858.56,0.04,0.03,R,F,1992-10-04,1992-09-24,1992-10-09,COLLECT COD,MAIL,"counts. bold, silent deposits shall ar"
2562-2,2562,1473,74,2,1.00,1374.47,0.01,0.06,R,F,1992-10-16,1992-09-18,1992-10-17,NONE,TRUCK,arefully special pinto beans 
2562-3,2562,656,57,3,25.00,38916.25,0.05,0.03,A,F,1992-11-23,1992-10-08,1992-12-19,DELIVER IN PERSON,REG AIR,e quickly ironic dugouts. regular f
2562-4,2562,1472,51,4,37.00,50818.39,0.08,0.03,R,F,1992-10-29,1992-10-06,1992-11-09,COLLECT COD,FOB,ickly bold waters. carefully even deposit
2562-5,2562,1591,32,5,29.00,43285.11,0.05,0.08,A,F,1992-11-01,1992-09-29,1992-11-13,TAKE BACK RETURN,MAIL,es cajole foxes. blithely b
2562-6,2562,497,27,6,17.00,23757.33,0.01,0.06,A,F,1992-10-15,1992-10-08,1992-10-26,DELIVER IN PERSON,TRUCK,nic ideas haggle alongside o
2563-1,2563,644,76,1,10.00,15446.40,0.07,0.04,A,F,1994-01-26,1993-12-19,1994-01-28,DELIVER IN PERSON,AIR, use fluffily
2563-2,2563,1668,51,2,28.00,43950.48,0.04,0.03,R,F,1994-03-17,1994-02-04,1994-04-13,TAKE BACK RETURN,RAIL,liers. blithely f
2563-3,2563,1185,94,3,39.00,42361.02,0.07,0.00,R,F,1994-02-10,1993-12-31,1994-02-19,COLLECT COD,FOB, regular asymptotes. blithely special depos
2563-4,2563,891,91,4,50.00,89594.50,0.01,0.01,A,F,1994-01-26,1994-01-03,1994-02-09,DELIVER IN PERSON,SHIP,ously close notornis. carefully silent 
2563-5,2563,150,51,5,42.00,44106.30,0.06,0.08,R,F,1994-02-21,1994-02-14,1994-03-04,DELIVER IN PERSON,AIR,deas. slyly even excuses above the unu
2563-6,2563,1209,10,6,5.00,5551.00,0.10,0.00,R,F,1993-12-27,1993-12-19,1994-01-02,DELIVER IN PERSON,REG AIR,ing instructions cajole furio
2564-1,2564,1113,14,1,4.00,4056.44,0.02,0.00,R,F,1994-11-12,1994-10-29,1994-12-04,NONE,MAIL,unts haggle packages. pinto b
2565-1,2565,1437,38,1,42.00,56214.06,0.04,0.08,N,O,1998-04-07,1998-04-02,1998-05-04,NONE,AIR,tions-- even
2565-2,2565,1889,90,2,26.00,46562.88,0.05,0.08,N,O,1998-05-07,1998-04-09,1998-05-15,DELIVER IN PERSON,TRUCK,ainst the even asymptotes. furiousl
2565-3,2565,1144,53,3,34.00,35534.76,0.06,0.06,N,O,1998-03-19,1998-04-12,1998-04-17,DELIVER IN PERSON,SHIP,ular deposits. final p
2565-4,2565,163,42,4,25.00,26579.00,0.10,0.08,N,O,1998-06-27,1998-05-20,1998-07-13,DELIVER IN PERSON,RAIL,"s sleep unusual, pending req"
2565-5,2565,755,56,5,26.00,43049.50,0.08,0.03,N,O,1998-03-05,1998-04-11,1998-03-11,TAKE BACK RETURN,AIR,o beans among the even
2565-6,2565,1402,81,6,48.00,62563.20,0.08,0.07,N,O,1998-06-18,1998-05-06,1998-07-13,DELIVER IN PERSON,TRUCK,fully ironic platelets. 
2566-1,2566,1473,13,1,19.00,26114.93,0.06,0.07,R,F,1992-12-21,1992-11-24,1992-12-22,DELIVER IN PERSON,MAIL,foxes wake. 
2566-2,2566,1805,35,2,42.00,71685.60,0.08,0.02,R,F,1992-12-20,1992-12-22,1992-12-29,COLLECT COD,MAIL,"he dolphins. blithe, "
2566-3,2566,227,55,3,18.00,20289.96,0.09,0.02,A,F,1992-11-16,1992-12-24,1992-12-16,COLLECT COD,FOB,e furiously express
2566-4,2566,415,45,4,3.00,3946.23,0.05,0.02,A,F,1992-11-04,1992-12-30,1992-12-04,TAKE BACK RETURN,FOB, regular escapades. bold epitaphs b
2566-5,2566,213,14,5,9.00,10018.89,0.04,0.03,R,F,1992-12-14,1992-12-28,1992-12-16,NONE,FOB," even, final ideas solve blith"
2566-6,2566,1275,13,6,1.00,1176.27,0.07,0.03,A,F,1992-10-28,1992-11-20,1992-11-22,TAKE BACK RETURN,AIR,y final dolphins. ironic
2567-1,2567,258,40,1,39.00,45171.75,0.03,0.04,N,O,1998-05-10,1998-05-10,1998-05-21,NONE,SHIP,aggle carefully. fluffily ironic idea
2567-2,2567,1119,20,2,50.00,51005.50,0.06,0.05,N,O,1998-05-05,1998-04-18,1998-05-09,DELIVER IN PERSON,TRUCK,"ironic, ironic tithes across the f"
2567-3,2567,517,48,3,6.00,8505.06,0.03,0.06,N,O,1998-04-21,1998-04-14,1998-05-11,NONE,RAIL,kly final pinto beans are. s
2567-4,2567,1576,17,4,50.00,73878.50,0.05,0.03,N,O,1998-03-27,1998-05-25,1998-04-23,DELIVER IN PERSON,FOB,uctions at the
2567-5,2567,804,4,5,46.00,78420.80,0.07,0.02,N,O,1998-06-02,1998-04-30,1998-06-13,COLLECT COD,AIR,late blithely. carefully express reque
2567-6,2567,995,64,6,32.00,60671.68,0.01,0.07,N,O,1998-05-24,1998-04-30,1998-06-14,NONE,RAIL,fully ironic i
2567-7,2567,1344,21,7,43.00,53549.62,0.06,0.02,N,O,1998-05-11,1998-04-15,1998-05-29,NONE,RAIL,ong the blithely express depen
2592-1,2592,897,98,1,7.00,12585.23,0.10,0.04,R,F,1993-03-13,1993-04-25,1993-04-01,NONE,REG AIR,"about the unusual, final Tiresias. ironic"
2592-2,2592,657,51,2,2.00,3115.30,0.10,0.00,A,F,1993-03-24,1993-04-05,1993-04-16,DELIVER IN PERSON,RAIL,ly pending pa
2593-1,2593,1041,47,1,37.00,34855.48,0.08,0.06,R,F,1993-12-14,1993-10-08,1994-01-04,NONE,SHIP,ckly even req
2593-2,2593,892,92,2,28.00,50200.92,0.08,0.03,A,F,1993-10-30,1993-10-18,1993-11-06,DELIVER IN PERSON,SHIP, express dependencies 
2593-3,2593,1271,9,3,6.00,7033.62,0.04,0.05,A,F,1993-11-28,1993-10-04,1993-12-28,TAKE BACK RETURN,REG AIR,braids. pending d
2593-4,2593,1601,43,4,44.00,66114.40,0.02,0.08,A,F,1993-09-05,1993-10-23,1993-09-29,NONE,RAIL, express pinto beans boost after the qui
2593-5,2593,35,36,5,3.00,2805.09,0.03,0.00,A,F,1993-12-16,1993-11-01,1993-12-29,COLLECT COD,SHIP,leep carefully
2593-6,2593,1746,47,6,1.00,1647.74,0.08,0.08,A,F,1993-11-23,1993-10-25,1993-12-04,DELIVER IN PERSON,RAIL,wake always across th
2593-7,2593,1914,3,7,11.00,19975.01,0.00,0.07,R,F,1993-11-01,1993-11-19,1993-11-28,TAKE BACK RETURN,RAIL, pains nod blithely. furiously
2594-1,2594,715,16,1,7.00,11309.97,0.06,0.02,R,F,1993-03-26,1993-03-05,1993-04-24,DELIVER IN PERSON,FOB,quickly iron
2594-2,2594,1232,70,2,13.00,14731.99,0.10,0.05,R,F,1993-02-06,1993-03-01,1993-02-23,TAKE BACK RETURN,TRUCK,ld instructions. slyly ironic pin
2594-3,2594,1255,93,3,24.00,27750.00,0.03,0.00,A,F,1993-01-31,1993-03-10,1993-02-04,COLLECT COD,REG AIR,ackages sleep carefull
2594-4,2594,1440,19,4,46.00,61706.24,0.00,0.08,R,F,1993-04-17,1993-03-06,1993-04-21,TAKE BACK RETURN,SHIP,ully special theodolites amo
2595-1,2595,610,11,1,42.00,63445.62,0.08,0.02,N,O,1996-03-24,1996-01-28,1996-04-10,DELIVER IN PERSON,MAIL, the expres
2595-2,2595,871,5,2,30.00,53156.10,0.05,0.01,N,O,1996-03-05,1996-02-23,1996-03-19,NONE,AIR,ts. regular br
2595-3,2595,234,89,3,19.00,21550.37,0.01,0.05,N,O,1995-12-23,1996-03-02,1996-01-17,COLLECT COD,MAIL,its are fur
2595-4,2595,1588,9,4,29.00,43197.82,0.07,0.05,N,O,1996-01-01,1996-02-13,1996-01-18,TAKE BACK RETURN,RAIL,ng the blithely silent instructions
2595-5,2595,851,18,5,30.00,52555.50,0.09,0.07,N,O,1996-03-16,1996-01-31,1996-04-05,TAKE BACK RETURN,FOB,ke blithely. fluffily 
2595-6,2595,819,19,6,31.00,53314.11,0.06,0.04,N,O,1996-02-07,1996-02-10,1996-03-05,DELIVER IN PERSON,AIR,"lar, bold "
2596-1,2596,1695,19,1,6.00,9580.14,0.05,0.01,N,O,1996-12-15,1996-11-02,1996-12-29,TAKE BACK RETURN,TRUCK,auternes affix
2596-2,2596,1389,66,2,43.00,55486.34,0.07,0.03,N,O,1996-09-03,1996-10-26,1996-09-15,NONE,FOB,xpress accounts. s
2596-3,2596,385,14,3,19.00,24422.22,0.10,0.00,N,O,1996-09-02,1996-11-03,1996-09-06,COLLECT COD,AIR,ependencies 
2596-4,2596,1043,44,4,10.00,9440.40,0.06,0.05,N,O,1996-08-25,1996-11-05,1996-09-13,DELIVER IN PERSON,REG AIR,ckages. quickly even req
2597-1,2597,838,5,1,24.00,41731.92,0.07,0.00,A,F,1993-05-15,1993-03-06,1993-05-25,TAKE BACK RETURN,FOB,n accounts are during the slyly
2598-1,2598,70,46,1,12.00,11640.84,0.00,0.01,N,O,1996-06-17,1996-04-12,1996-06-24,COLLECT COD,TRUCK,regular requests. quickl
2598-2,2598,1471,89,2,40.00,54898.80,0.07,0.02,N,O,1996-05-11,1996-05-19,1996-06-08,TAKE BACK RETURN,AIR,ometimes pen
2598-3,2598,1038,9,3,4.00,3756.12,0.03,0.03,N,O,1996-05-23,1996-05-13,1996-05-25,COLLECT COD,AIR,p slyly carefully ironic
2598-4,2598,221,76,4,19.00,21303.18,0.02,0.00,N,O,1996-04-09,1996-05-30,1996-04-17,TAKE BACK RETURN,RAIL,gouts are furiously above t
2598-5,2598,1060,66,5,12.00,11532.72,0.01,0.08,N,O,1996-04-14,1996-04-24,1996-04-21,TAKE BACK RETURN,REG AIR,es use across
2599-1,2599,1008,44,1,11.00,9999.00,0.08,0.08,N,O,1997-02-01,1996-12-14,1997-02-27,TAKE BACK RETURN,FOB,sual requests a
2599-2,2599,414,73,2,26.00,34174.66,0.03,0.04,N,O,1996-11-08,1996-12-21,1996-11-24,TAKE BACK RETURN,AIR,ously bold cou
2599-3,2599,989,90,3,29.00,54809.42,0.09,0.03,N,O,1997-01-10,1996-12-10,1997-02-02,COLLECT COD,RAIL,s affix quickly after the iron
2624-1,2624,625,88,1,15.00,22884.30,0.03,0.07,N,O,1997-02-28,1997-02-19,1997-03-21,DELIVER IN PERSON,AIR,cross the slyly even asympto
2624-2,2624,1887,88,2,12.00,21466.56,0.07,0.00,N,O,1997-02-24,1997-02-22,1997-02-27,DELIVER IN PERSON,SHIP,etect along the ca
2625-1,2625,194,95,1,42.00,45955.98,0.02,0.04,R,F,1992-10-18,1992-11-17,1992-10-23,DELIVER IN PERSON,AIR,r packages wake against the qui
2626-1,2626,215,97,1,45.00,50184.45,0.09,0.04,N,O,1995-11-22,1995-11-01,1995-11-23,NONE,AIR,dencies. furiously pending instructi
2626-2,2626,1744,71,2,2.00,3291.48,0.05,0.07,N,O,1995-10-19,1995-11-09,1995-10-24,TAKE BACK RETURN,FOB,osits. furiously regular asymptotes 
2626-3,2626,1534,75,3,40.00,57421.20,0.05,0.07,N,O,1995-09-28,1995-12-03,1995-10-10,NONE,REG AIR,jole; quickly special accounts pla
2627-1,2627,1306,21,1,28.00,33804.40,0.09,0.02,R,F,1992-05-14,1992-05-09,1992-05-31,COLLECT COD,SHIP,special forges sleep quickly around 
2628-1,2628,1059,95,1,44.00,42242.20,0.07,0.03,R,F,1994-01-11,1994-01-14,1994-01-13,DELIVER IN PERSON,SHIP,ts are slyly against th
2628-2,2628,1055,91,2,14.00,13384.70,0.01,0.03,A,F,1994-01-28,1993-11-30,1994-02-20,TAKE BACK RETURN,SHIP,"bits haggle regular, regul"
2628-3,2628,639,33,3,42.00,64664.46,0.00,0.00,A,F,1993-11-20,1994-01-04,1993-12-19,DELIVER IN PERSON,TRUCK,"nal, even theodolites "
2628-4,2628,941,76,4,23.00,42364.62,0.08,0.04,A,F,1993-10-27,1994-01-08,1993-11-12,DELIVER IN PERSON,TRUCK,ly regular asymptotes. stealthily r
2628-5,2628,900,34,5,50.00,90045.00,0.07,0.01,A,F,1994-01-13,1993-12-11,1994-01-14,NONE,AIR,ymptotes across the carefully 
2629-1,2629,1179,80,1,6.00,6481.02,0.06,0.05,N,O,1998-06-10,1998-05-29,1998-06-13,DELIVER IN PERSON,SHIP, carefully pending
2629-2,2629,1231,43,2,31.00,35099.13,0.08,0.03,N,O,1998-05-24,1998-05-26,1998-06-10,COLLECT COD,AIR, final packages. ironic requests sleep de
2629-3,2629,1275,76,3,29.00,34111.83,0.08,0.07,N,O,1998-07-09,1998-06-17,1998-07-12,TAKE BACK RETURN,AIR,liers! final pinto beans alongsi
2629-4,2629,694,88,4,33.00,52624.77,0.06,0.03,N,O,1998-05-29,1998-05-14,1998-05-30,NONE,TRUCK,nding requests. sometimes pending deposit
2630-1,2630,285,40,1,46.00,54522.88,0.05,0.03,R,F,1992-11-05,1992-12-17,1992-12-05,TAKE BACK RETURN,MAIL,blate upon the 
2630-2,2630,563,24,2,8.00,11708.48,0.09,0.07,A,F,1992-11-16,1993-01-01,1992-12-07,DELIVER IN PERSON,TRUCK,dolites nag blithely. blithely s
2630-3,2630,1727,12,3,45.00,73292.40,0.08,0.07,A,F,1993-01-04,1993-01-11,1993-01-09,NONE,FOB,lites. express accounts haggle above
2630-4,2630,1616,99,4,29.00,44010.69,0.08,0.07,A,F,1992-12-03,1993-01-04,1992-12-12,DELIVER IN PERSON,SHIP,", regular requests sleep furiously."
2631-1,2631,1217,55,1,42.00,46964.82,0.00,0.03,A,F,1994-01-04,1993-12-01,1994-01-16,TAKE BACK RETURN,SHIP,among the slyly bold platelets: silent r
2631-2,2631,666,29,2,4.00,6266.64,0.07,0.06,R,F,1993-11-03,1993-12-17,1993-11-05,COLLECT COD,AIR,ously regular packages
2631-3,2631,1179,88,3,15.00,16202.55,0.06,0.05,A,F,1993-09-30,1993-11-06,1993-10-13,DELIVER IN PERSON,SHIP,t snooze furiously furious
2656-1,2656,1807,51,1,10.00,17088.00,0.02,0.06,R,F,1993-06-28,1993-07-04,1993-07-12,TAKE BACK RETURN,TRUCK,"ress, unusual braids according to the ide"
2656-2,2656,1369,70,2,38.00,48273.68,0.07,0.02,A,F,1993-06-25,1993-06-04,1993-07-24,NONE,RAIL,ackages. regular foxes lose car
2656-3,2656,13,39,3,19.00,17347.19,0.03,0.02,R,F,1993-08-03,1993-07-25,1993-08-20,TAKE BACK RETURN,MAIL,s must have to 
2656-4,2656,1093,29,4,40.00,39763.60,0.05,0.04,R,F,1993-06-09,1993-07-24,1993-06-21,DELIVER IN PERSON,RAIL,regularly bold accounts cajole about the c
2657-1,2657,1144,81,1,22.00,22993.08,0.02,0.03,N,O,1995-12-08,1995-12-28,1995-12-21,TAKE BACK RETURN,MAIL,ly regular instructions nag slyly. 
2657-2,2657,1649,32,2,15.00,23259.60,0.08,0.05,N,O,1995-12-09,1995-12-16,1995-12-18,NONE,RAIL,ter the furiously ironic pains. furious
2657-3,2657,783,16,3,25.00,42094.50,0.02,0.04,N,O,1995-10-21,1995-12-12,1995-11-09,COLLECT COD,FOB,ages. ironically thin d
2657-4,2657,549,40,4,11.00,15944.94,0.04,0.08,N,O,1995-11-19,1995-12-11,1995-11-24,COLLECT COD,TRUCK,telets nod furiously. quick
2657-5,2657,777,78,5,42.00,70466.34,0.06,0.03,N,O,1996-01-23,1995-11-22,1996-01-25,COLLECT COD,RAIL,into beans maintain ruthlessly ironic dep
2657-6,2657,1932,21,6,31.00,56851.83,0.01,0.03,N,O,1995-11-10,1995-11-27,1995-12-06,COLLECT COD,RAIL, dependencie
2658-1,2658,1312,13,1,41.00,49745.71,0.05,0.04,N,O,1995-11-07,1995-11-04,1995-12-04,NONE,MAIL,even instructions haggle fluffily a
2658-2,2658,286,14,2,22.00,26098.16,0.08,0.05,N,O,1995-11-12,1995-11-18,1995-11-14,DELIVER IN PERSON,TRUCK,olites. fluffily express instruct
2658-3,2658,179,32,3,13.00,14029.21,0.07,0.06,N,O,1995-10-24,1995-12-12,1995-11-14,COLLECT COD,FOB,ely special theodolites. carefully 
2658-4,2658,920,89,4,22.00,40060.24,0.04,0.04,N,O,1995-12-02,1995-11-03,1995-12-26,DELIVER IN PERSON,SHIP,s cajole fluffily. fluffily final deposits
2658-5,2658,68,69,5,45.00,43562.70,0.03,0.01,N,O,1995-11-02,1995-11-08,1995-11-29,DELIVER IN PERSON,MAIL,he regular requests. blithely 
2658-6,2658,1468,8,6,27.00,36975.42,0.05,0.07,N,O,1995-09-26,1995-12-08,1995-09-30,NONE,AIR,thely after the slyly e
2659-1,2659,418,6,1,28.00,36915.48,0.08,0.05,A,F,1994-03-17,1994-01-24,1994-03-19,NONE,FOB,ans. instru
2659-2,2659,423,11,2,21.00,27791.82,0.00,0.00,A,F,1993-12-23,1994-02-10,1994-01-17,DELIVER IN PERSON,RAIL,olites boost blithely. furious
2659-3,2659,1346,61,3,24.00,29936.16,0.04,0.03,R,F,1994-03-28,1994-02-20,1994-04-05,DELIVER IN PERSON,REG AIR,s integrate carefu
2659-4,2659,1181,54,4,2.00,2164.36,0.00,0.08,R,F,1994-02-19,1994-03-12,1994-02-21,NONE,MAIL,"are about the even, regular dolph"
2659-5,2659,62,38,5,9.00,8658.54,0.08,0.03,A,F,1994-02-07,1994-03-17,1994-03-04,DELIVER IN PERSON,AIR,cross the carefully expres
2660-1,2660,478,66,1,17.00,23433.99,0.00,0.05,N,O,1995-08-18,1995-09-13,1995-09-17,NONE,SHIP, slyly regular pinto beans cajole bli
2661-1,2661,1772,73,1,31.00,51886.87,0.03,0.02,N,O,1997-04-07,1997-03-10,1997-04-23,TAKE BACK RETURN,AIR,ly. express
2661-2,2661,1025,96,2,22.00,20372.44,0.08,0.02,N,O,1997-03-14,1997-03-17,1997-04-08,COLLECT COD,REG AIR,ep special requests. carefully pend
2661-3,2661,662,94,3,11.00,17189.26,0.00,0.08,N,O,1997-04-14,1997-02-11,1997-05-05,TAKE BACK RETURN,FOB,ial deposits.
2661-4,2661,1362,39,4,41.00,51797.76,0.06,0.02,N,O,1997-03-06,1997-03-27,1997-03-15,DELIVER IN PERSON,AIR,ronic theodolites. quick frays afte
2662-1,2662,1017,53,1,43.00,39474.43,0.09,0.07,N,O,1996-11-24,1996-11-04,1996-12-08,NONE,RAIL,r ideas cajole
2662-2,2662,1275,76,2,8.00,9410.16,0.02,0.07,N,O,1996-09-10,1996-10-09,1996-09-21,TAKE BACK RETURN,REG AIR,s. final deposits a
2662-3,2662,11,37,3,6.00,5466.06,0.02,0.00,N,O,1996-11-30,1996-09-20,1996-12-03,DELIVER IN PERSON,REG AIR,structions. special theodolites a
2662-4,2662,298,99,4,34.00,40741.86,0.06,0.07,N,O,1996-10-04,1996-11-05,1996-10-19,NONE,SHIP,fully. furiously special patterns
2663-1,2663,1133,42,1,35.00,36194.55,0.02,0.01,N,O,1995-12-11,1995-10-16,1996-01-07,TAKE BACK RETURN,REG AIR,"ests. unusual, r"
2688-1,2688,178,31,1,45.00,48517.65,0.08,0.08,R,F,1992-05-21,1992-04-14,1992-05-28,NONE,FOB,ly idle accounts. 
2688-2,2688,145,46,2,46.00,48076.44,0.01,0.01,R,F,1992-05-24,1992-04-01,1992-05-26,COLLECT COD,TRUCK,oxes. packages haggl
2688-3,2688,889,23,3,30.00,53696.40,0.05,0.04,A,F,1992-04-18,1992-03-18,1992-05-18,TAKE BACK RETURN,RAIL,ts sleep. fur
2688-4,2688,245,73,4,3.00,3435.72,0.00,0.03,R,F,1992-02-04,1992-03-18,1992-02-24,DELIVER IN PERSON,RAIL,y. unusual 
2688-5,2688,585,86,5,22.00,32682.76,0.02,0.05,R,F,1992-02-09,1992-04-09,1992-02-11,DELIVER IN PERSON,RAIL,er the carefully bold instructions must
2688-6,2688,1483,84,6,42.00,58148.16,0.01,0.01,R,F,1992-04-29,1992-04-04,1992-05-17,TAKE BACK RETURN,FOB,s the platelets 
2689-1,2689,58,9,1,45.00,43112.25,0.02,0.04,R,F,1992-04-29,1992-06-22,1992-04-30,COLLECT COD,SHIP,ts across the furiously unu
2690-1,2690,1391,68,1,44.00,56865.16,0.05,0.06,N,O,1996-05-30,1996-05-19,1996-06-26,NONE,REG AIR,"es? regular, expre"
2690-2,2690,510,11,2,50.00,70525.50,0.03,0.03,N,O,1996-06-13,1996-05-22,1996-06-14,DELIVER IN PERSON,MAIL,. regular idea
2690-3,2690,1245,46,3,45.00,51580.80,0.02,0.07,N,O,1996-05-23,1996-06-02,1996-05-29,DELIVER IN PERSON,MAIL,e the slyly final asymptotes affix a
2690-4,2690,1945,46,4,12.00,22163.28,0.04,0.07,N,O,1996-07-18,1996-06-03,1996-07-25,NONE,AIR, finally. request
2690-5,2690,852,52,5,30.00,52585.50,0.01,0.08,N,O,1996-05-20,1996-06-01,1996-06-04,TAKE BACK RETURN,SHIP,fully regular foxes wake slyly a
2690-6,2690,1881,11,6,3.00,5348.64,0.07,0.01,N,O,1996-07-04,1996-05-28,1996-07-06,TAKE BACK RETURN,RAIL,uests wake qui
2690-7,2690,787,84,7,35.00,59072.30,0.05,0.06,N,O,1996-07-25,1996-05-14,1996-08-03,COLLECT COD,FOB,es about the care
2691-1,2691,906,41,1,11.00,19875.90,0.04,0.07,R,F,1992-06-21,1992-06-08,1992-07-09,COLLECT COD,FOB,ccounts at the slyly special dolphins nag f
2691-2,2691,478,66,2,2.00,2756.94,0.00,0.07,R,F,1992-05-10,1992-06-04,1992-05-11,TAKE BACK RETURN,TRUCK,heodolites are about the enticing theod
2691-3,2691,1613,14,3,16.00,24233.76,0.09,0.03,R,F,1992-06-11,1992-07-29,1992-06-29,NONE,RAIL, carefully according to the silent id
2691-4,2691,1658,41,4,1.00,1559.65,0.08,0.00,A,F,1992-08-11,1992-06-07,1992-08-16,NONE,SHIP,escapades sleep. even
2692-1,2692,162,89,1,3.00,3186.48,0.10,0.04,N,O,1998-02-25,1998-01-29,1998-03-27,TAKE BACK RETURN,MAIL,tructions are slyly. carefully final 
2692-2,2692,1136,9,2,21.00,21779.73,0.03,0.05,N,O,1998-03-11,1998-02-11,1998-03-19,NONE,SHIP,iously unusual notornis cajole. unusual 
2693-1,2693,87,88,1,26.00,25664.08,0.04,0.00,N,O,1996-09-14,1996-10-07,1996-10-03,COLLECT COD,MAIL,ake quickl
2693-2,2693,1019,20,2,43.00,39560.43,0.03,0.04,N,O,1996-10-24,1996-10-24,1996-11-03,TAKE BACK RETURN,TRUCK,rges. requests sleep s
2694-1,2694,1526,67,1,30.00,42825.60,0.02,0.06,N,O,1996-06-20,1996-06-01,1996-07-15,NONE,TRUCK,s use carefully
2694-2,2694,1569,50,2,35.00,51469.60,0.07,0.03,N,O,1996-05-24,1996-06-01,1996-05-25,NONE,RAIL, detect carefully according to the always 
2694-3,2694,181,8,3,15.00,16217.70,0.08,0.02,N,O,1996-06-30,1996-05-01,1996-07-25,TAKE BACK RETURN,REG AIR,fully regular foxes use across the id
2694-4,2694,195,74,4,12.00,13142.28,0.00,0.05,N,O,1996-04-24,1996-04-22,1996-05-14,DELIVER IN PERSON,RAIL,e fluffily: quickly final
2694-5,2694,1072,73,5,10.00,9730.70,0.08,0.08,N,O,1996-06-23,1996-05-28,1996-06-27,COLLECT COD,REG AIR,ously ironic packages. bold foxes nag care
2695-1,2695,1833,20,1,21.00,36431.43,0.07,0.00,N,O,1996-10-04,1996-11-02,1996-10-21,NONE,MAIL, theodolites nag even accounts. regular the
2695-2,2695,189,68,2,44.00,47923.92,0.09,0.07,N,O,1996-10-05,1996-10-10,1996-11-01,NONE,MAIL, blithely according to t
2695-3,2695,1435,14,3,21.00,28065.03,0.02,0.07,N,O,1996-09-13,1996-09-25,1996-10-13,NONE,TRUCK,close excuses. carefully bold th
2695-4,2695,574,5,4,16.00,23593.12,0.08,0.08,N,O,1996-11-16,1996-10-05,1996-11-22,NONE,TRUCK,regular dolphins-- furiously
2695-5,2695,853,53,5,40.00,70154.00,0.02,0.03,N,O,1996-11-02,1996-10-26,1996-11-14,NONE,FOB,urts grow pending
2720-1,2720,445,46,1,5.00,6727.20,0.10,0.06,A,F,1993-06-24,1993-08-08,1993-07-08,NONE,FOB,ts. carefully regular req
2720-2,2720,167,68,2,42.00,44820.72,0.09,0.03,R,F,1993-07-25,1993-07-23,1993-08-23,COLLECT COD,REG AIR,ts use fluffi
2720-3,2720,1191,92,3,50.00,54609.50,0.10,0.02,A,F,1993-08-10,1993-07-29,1993-09-06,NONE,SHIP,ests grow epitaphs. pending accoun
2720-4,2720,1090,26,4,49.00,48563.41,0.06,0.02,A,F,1993-07-09,1993-07-14,1993-07-13,NONE,REG AIR,", final instructions against "
2720-5,2720,1209,47,5,27.00,29975.40,0.04,0.00,R,F,1993-06-29,1993-08-06,1993-07-28,NONE,TRUCK,"ts-- final, unusual req"
2721-1,2721,1825,69,1,49.00,84614.18,0.00,0.08,N,O,1996-02-14,1996-04-26,1996-03-02,DELIVER IN PERSON,AIR,theodolites nag qu
2721-2,2721,27,28,2,2.00,1854.04,0.02,0.05,N,O,1996-02-13,1996-03-14,1996-02-28,TAKE BACK RETURN,TRUCK,fluffily even notornis are bol
2722-1,2722,1239,51,1,21.00,23944.83,0.09,0.01,A,F,1994-07-29,1994-06-26,1994-08-09,NONE,RAIL, blithely even accounts. stealthily regular
2722-2,2722,1458,59,2,15.00,20391.75,0.05,0.03,R,F,1994-07-02,1994-06-01,1994-07-13,COLLECT COD,AIR,ar pinto beans. fina
2722-3,2722,338,67,3,16.00,19813.28,0.04,0.06,R,F,1994-05-25,1994-06-09,1994-05-26,NONE,MAIL,e slyly. furiously eve
2723-1,2723,127,54,1,47.00,48274.64,0.09,0.07,N,O,1995-12-05,1995-11-19,1995-12-11,TAKE BACK RETURN,AIR,ously silen
2723-2,2723,320,77,2,10.00,12203.20,0.06,0.08,N,O,1995-11-27,1995-11-29,1995-12-12,DELIVER IN PERSON,MAIL,tegrate furio
2723-3,2723,1618,60,3,2.00,3039.22,0.10,0.01,N,O,1995-11-09,1995-11-10,1995-11-14,TAKE BACK RETURN,FOB," detect. bold, ironic theodoli"
2723-4,2723,813,80,4,12.00,20565.72,0.01,0.05,N,O,1995-12-24,1995-11-15,1996-01-17,DELIVER IN PERSON,RAIL,refully against the slyly regular accounts
2723-5,2723,1281,82,5,40.00,47291.20,0.09,0.05,N,O,1995-11-17,1995-11-22,1995-11-18,TAKE BACK RETURN,MAIL,posits use blithely! slyly unusual packag
2724-1,2724,914,49,1,47.00,85300.77,0.09,0.01,A,F,1994-11-23,1994-11-13,1994-12-03,COLLECT COD,TRUCK, accounts haggle among the inst
2724-2,2724,1470,71,2,21.00,28800.87,0.09,0.02,A,F,1994-11-25,1994-10-15,1994-12-07,COLLECT COD,RAIL,ct carefully. furiously ironic account
2724-3,2724,499,58,3,22.00,30788.78,0.04,0.06,A,F,1994-09-19,1994-11-18,1994-10-17,TAKE BACK RETURN,TRUCK,counts x-r
2724-4,2724,345,2,4,1.00,1245.34,0.07,0.03,A,F,1994-12-26,1994-11-27,1995-01-07,NONE,MAIL,"ss gifts. regular, even ideas along th"
2724-5,2724,1481,60,5,29.00,40091.92,0.05,0.06,A,F,1995-01-10,1994-11-17,1995-02-04,COLLECT COD,MAIL,e quickly ironi
2725-1,2725,1176,13,1,23.00,24774.91,0.10,0.08,R,F,1994-08-25,1994-06-22,1994-08-28,TAKE BACK RETURN,REG AIR, quickly close ideas haggle care
2725-2,2725,49,75,2,41.00,38910.64,0.01,0.00,R,F,1994-07-05,1994-06-29,1994-08-02,DELIVER IN PERSON,TRUCK,ts. slyly unusual pa
2725-3,2725,1884,14,3,15.00,26788.20,0.07,0.03,R,F,1994-08-06,1994-08-09,1994-08-15,TAKE BACK RETURN,AIR,ously stealthy deposi
2726-1,2726,7,58,1,50.00,45350.00,0.00,0.06,R,F,1993-03-04,1993-01-29,1993-03-28,COLLECT COD,TRUCK,"ilent, ironic platelets abo"
2727-1,2727,1510,91,1,3.00,4234.53,0.03,0.01,N,O,1998-06-18,1998-06-06,1998-06-23,NONE,RAIL,totes. requests sleep furiousl
2752-1,2752,308,65,1,41.00,49540.30,0.02,0.05,A,F,1994-03-02,1994-01-31,1994-03-06,DELIVER IN PERSON,AIR, to promise i
2752-2,2752,69,20,2,29.00,28102.74,0.02,0.04,R,F,1994-01-22,1994-01-08,1994-01-28,COLLECT COD,TRUCK,sly ironic requ
2752-3,2752,551,52,3,4.00,5806.20,0.08,0.00,A,F,1993-12-14,1994-02-13,1994-01-05,DELIVER IN PERSON,TRUCK,ts sleep instructions. fluffil
2752-4,2752,232,14,4,40.00,45289.20,0.09,0.06,A,F,1994-01-24,1994-01-18,1994-02-22,DELIVER IN PERSON,MAIL,to beans. blithely even excu
2752-5,2752,1260,35,5,22.00,25547.72,0.03,0.04,A,F,1994-03-20,1994-02-08,1994-04-01,TAKE BACK RETURN,TRUCK,furiously. express accounts wake quickly am
2752-6,2752,1694,18,6,21.00,33509.49,0.09,0.05,R,F,1994-01-01,1994-01-24,1994-01-24,COLLECT COD,SHIP,regular asymptotes.
2752-7,2752,1990,91,7,38.00,71895.62,0.08,0.00,R,F,1994-02-23,1993-12-23,1994-03-24,DELIVER IN PERSON,SHIP,ns. slyly express requests u
2753-1,2753,129,8,1,6.00,6174.72,0.10,0.04,A,F,1993-12-30,1994-01-28,1994-01-29,COLLECT COD,TRUCK,leep fluff
2753-2,2753,471,59,2,40.00,54858.80,0.03,0.05,A,F,1994-01-06,1994-02-13,1994-02-03,DELIVER IN PERSON,SHIP,ld packages. platelets are blithe
2753-3,2753,887,54,3,30.00,53636.40,0.00,0.07,A,F,1994-01-26,1994-01-29,1994-02-02,NONE,RAIL,counts should are after the fi
2753-4,2753,309,38,4,7.00,8465.10,0.07,0.03,R,F,1994-02-11,1994-01-22,1994-03-10,DELIVER IN PERSON,AIR,fix blithely final as
2753-5,2753,1369,70,5,36.00,45732.96,0.04,0.08,R,F,1994-03-15,1994-01-03,1994-04-03,DELIVER IN PERSON,SHIP,across the slyly 
2753-6,2753,493,94,6,17.00,23689.33,0.01,0.08,A,F,1994-03-08,1994-01-17,1994-03-11,TAKE BACK RETURN,REG AIR,sits. special ideas are blithely i
2753-7,2753,1472,73,7,20.00,27469.40,0.01,0.06,R,F,1994-02-24,1994-02-04,1994-03-23,DELIVER IN PERSON,FOB, along the pe
2754-1,2754,1481,21,1,4.00,5529.92,0.05,0.08,A,F,1994-07-13,1994-05-15,1994-08-02,NONE,REG AIR,y regular pinto beans boost furiously 
2754-2,2754,1767,94,2,19.00,31706.44,0.01,0.07,A,F,1994-06-27,1994-05-06,1994-06-28,NONE,FOB,"nal, ironic "
2755-1,2755,915,50,1,19.00,34502.29,0.10,0.00,R,F,1992-02-11,1992-03-15,1992-02-14,TAKE BACK RETURN,MAIL,es haggle fluffily across 
2755-2,2755,235,90,2,11.00,12487.53,0.03,0.08,A,F,1992-04-12,1992-05-07,1992-04-21,COLLECT COD,RAIL," boost quickly regular, final d"
2755-3,2755,638,70,3,21.00,32311.23,0.08,0.04,R,F,1992-02-13,1992-04-20,1992-03-02,NONE,AIR,kages. spe
2755-4,2755,1301,16,4,5.00,6011.50,0.01,0.00,A,F,1992-02-27,1992-04-07,1992-03-09,TAKE BACK RETURN,AIR,blithely r
2755-5,2755,1151,52,5,48.00,50503.20,0.05,0.06,R,F,1992-03-22,1992-03-10,1992-04-14,DELIVER IN PERSON,MAIL,al instructions alongside 
2756-1,2756,1173,74,1,35.00,37595.95,0.03,0.02,R,F,1994-06-08,1994-06-01,1994-06-21,TAKE BACK RETURN,AIR,totes. pending accounts across t
2756-2,2756,793,58,2,47.00,79608.13,0.06,0.01,R,F,1994-05-10,1994-05-25,1994-05-13,NONE,AIR,after the 
2756-3,2756,1049,85,3,31.00,29451.24,0.01,0.07,A,F,1994-07-27,1994-07-06,1994-08-22,TAKE BACK RETURN,TRUCK,ular requests haggle slyly. 
2756-4,2756,718,51,4,30.00,48561.30,0.00,0.04,A,F,1994-06-05,1994-06-30,1994-06-14,DELIVER IN PERSON,TRUCK,lly final accounts. evenly re
2757-1,2757,1474,14,1,26.00,35762.22,0.07,0.00,N,O,1995-08-19,1995-10-02,1995-09-06,DELIVER IN PERSON,MAIL,arefully pending as
2757-2,2757,219,47,2,12.00,13430.52,0.07,0.08,N,O,1995-08-01,1995-09-04,1995-08-08,TAKE BACK RETURN,SHIP,blithely fina
2757-3,2757,728,61,3,17.00,27688.24,0.10,0.04,N,O,1995-09-06,1995-09-27,1995-09-22,DELIVER IN PERSON,AIR,r accounts can nag quick
2757-4,2757,1392,69,4,25.00,32334.75,0.08,0.01,N,O,1995-11-09,1995-09-12,1995-11-23,NONE,AIR,"osits. ironic, "
2757-5,2757,697,60,5,14.00,22367.66,0.04,0.05,N,O,1995-09-01,1995-08-24,1995-09-03,TAKE BACK RETURN,SHIP,"atelets. final, un"
2758-1,2758,1209,84,1,20.00,22204.00,0.02,0.04,N,O,1998-07-27,1998-09-10,1998-08-21,TAKE BACK RETURN,AIR,uriously express accou
2758-2,2758,229,57,2,17.00,19196.74,0.10,0.06,N,O,1998-09-25,1998-10-03,1998-10-25,NONE,MAIL,ounts. even pa
2758-3,2758,256,11,3,1.00,1156.25,0.06,0.02,N,O,1998-10-09,1998-09-15,1998-10-16,NONE,TRUCK, about the 
2759-1,2759,590,81,1,10.00,14905.90,0.10,0.03,R,F,1993-12-14,1994-01-08,1994-01-01,COLLECT COD,FOB,quiet instructions. eve
2759-2,2759,1127,100,2,37.00,38040.44,0.00,0.06,R,F,1994-03-05,1994-02-22,1994-03-18,DELIVER IN PERSON,REG AIR,ecial asymptotes need to cajole quickly pa
2759-3,2759,1117,90,3,11.00,11199.21,0.03,0.08,A,F,1994-01-24,1994-01-16,1994-02-21,DELIVER IN PERSON,TRUCK,inal accounts
2759-4,2759,228,83,4,31.00,34974.82,0.02,0.05,A,F,1994-01-11,1994-01-15,1994-01-23,NONE,SHIP,nal accoun
2784-1,2784,324,81,1,45.00,55094.40,0.03,0.01,N,O,1998-02-15,1998-04-07,1998-02-26,COLLECT COD,AIR,deposits wake about the courts?
2784-2,2784,536,37,2,23.00,33040.19,0.03,0.05,N,O,1998-03-28,1998-02-07,1998-04-17,DELIVER IN PERSON,AIR," the special, spe"
2784-3,2784,1748,33,3,40.00,65989.60,0.07,0.01,N,O,1998-04-28,1998-03-19,1998-05-03,DELIVER IN PERSON,TRUCK,have to nag carefully foxes! blit
2784-4,2784,281,82,4,3.00,3543.84,0.04,0.03,N,O,1998-01-19,1998-04-05,1998-02-05,TAKE BACK RETURN,AIR, along the blithely final packages sl
2785-1,2785,991,60,1,34.00,64327.66,0.08,0.06,N,O,1995-08-07,1995-09-09,1995-09-05,NONE,RAIL,tions. furiously expres
2785-2,2785,1098,4,2,37.00,36966.33,0.08,0.04,N,O,1995-07-25,1995-09-12,1995-08-06,DELIVER IN PERSON,TRUCK,o beans solve careful
2785-3,2785,646,40,3,33.00,51039.12,0.08,0.06,N,O,1995-10-16,1995-08-24,1995-11-02,DELIVER IN PERSON,MAIL,s. ironic packages sleep. 
2785-4,2785,472,31,4,34.00,46663.98,0.00,0.02,N,O,1995-09-16,1995-09-09,1995-10-11,COLLECT COD,SHIP,sly unusual courts are. blit
2786-1,2786,1356,71,1,15.00,18860.25,0.03,0.04,A,F,1992-05-19,1992-05-08,1992-05-28,COLLECT COD,TRUCK,upon the furiously even
2786-2,2786,502,93,2,42.00,58905.00,0.10,0.04,R,F,1992-05-15,1992-04-22,1992-05-30,DELIVER IN PERSON,AIR,counts according to the quic
2786-3,2786,1554,35,3,41.00,59677.55,0.04,0.05,R,F,1992-07-01,1992-06-04,1992-07-13,COLLECT COD,RAIL,fully deposits. blithely iro
2786-4,2786,227,28,4,24.00,27053.28,0.05,0.02,A,F,1992-04-04,1992-06-09,1992-05-02,DELIVER IN PERSON,MAIL,osits. furiously silent accounts along th
2786-5,2786,495,54,5,43.00,60006.07,0.06,0.03,R,F,1992-04-22,1992-05-13,1992-04-29,NONE,RAIL,"ts. unusual, pending d"
2786-6,2786,1613,55,6,21.00,31806.81,0.08,0.00,A,F,1992-05-03,1992-05-01,1992-05-14,COLLECT COD,AIR,to beans. blit
2787-1,2787,325,10,1,4.00,4901.28,0.04,0.04,N,O,1996-01-26,1995-11-26,1996-02-20,TAKE BACK RETURN,SHIP, fluffily close accounts. instructions bo
2788-1,2788,1762,63,1,16.00,26620.16,0.06,0.06,A,F,1994-10-04,1994-11-25,1994-10-18,DELIVER IN PERSON,AIR,s. furiously ironic ideas nag slyly bl
2789-1,2789,1625,49,1,16.00,24425.92,0.03,0.02,N,O,1998-04-18,1998-05-25,1998-05-12,DELIVER IN PERSON,REG AIR, ironic deposits. car
2789-2,2789,229,30,2,41.00,46298.02,0.02,0.05,N,O,1998-03-20,1998-05-15,1998-03-21,COLLECT COD,MAIL, instructions? quickly regul
2789-3,2789,1759,44,3,33.00,54804.75,0.06,0.02,N,O,1998-04-21,1998-05-02,1998-04-30,COLLECT COD,TRUCK,blithely ironic p
2789-4,2789,160,13,4,47.00,49827.52,0.02,0.04,N,O,1998-03-29,1998-05-05,1998-04-07,NONE,RAIL,y final asymptotes. furiously express reque
2789-5,2789,1967,100,5,23.00,42986.08,0.02,0.07,N,O,1998-03-25,1998-05-10,1998-04-24,COLLECT COD,RAIL,ly. carefully final accou
2789-6,2789,1437,38,6,16.00,21414.88,0.07,0.03,N,O,1998-05-11,1998-05-08,1998-05-24,TAKE BACK RETURN,RAIL,to beans doze blithe
2789-7,2789,1323,100,7,42.00,51421.44,0.01,0.00,N,O,1998-04-28,1998-05-17,1998-05-24,TAKE BACK RETURN,AIR,s alongside of the en
2790-1,2790,1843,44,1,27.00,47110.68,0.06,0.08,R,F,1994-09-04,1994-09-27,1994-09-16,TAKE BACK RETURN,MAIL,silent pinto beans. carefully express wate
2790-2,2790,1170,7,2,50.00,53558.50,0.00,0.06,A,F,1994-12-08,1994-11-17,1994-12-19,NONE,RAIL,lithely special requests.
2790-3,2790,1832,19,3,19.00,32942.77,0.06,0.00,R,F,1994-10-23,1994-10-03,1994-10-26,TAKE BACK RETURN,RAIL,sits boost against the furiously re
2790-4,2790,1965,66,4,24.00,44807.04,0.07,0.01,A,F,1994-12-04,1994-10-10,1994-12-25,NONE,MAIL,ckages. pendin
2790-5,2790,1480,81,5,11.00,15196.28,0.08,0.03,A,F,1994-09-28,1994-11-14,1994-10-04,TAKE BACK RETURN,AIR, carefully among the even asym
2790-6,2790,727,60,6,13.00,21160.36,0.08,0.00,R,F,1994-09-20,1994-10-10,1994-10-20,COLLECT COD,SHIP,sits doubt about the evenly final
2790-7,2790,40,16,7,32.00,30081.28,0.08,0.02,A,F,1994-09-25,1994-10-26,1994-10-01,NONE,SHIP,s. packages 
2791-1,2791,587,88,1,49.00,72891.42,0.10,0.04,A,F,1995-01-11,1994-11-10,1995-02-08,COLLECT COD,MAIL," the dependencies. bold, final requests det"
2791-2,2791,629,30,2,4.00,6118.48,0.10,0.08,A,F,1995-01-02,1994-12-28,1995-01-29,NONE,SHIP,oxes wake carefully. quickly bol
2791-3,2791,1323,62,3,44.00,53870.08,0.08,0.06,R,F,1994-11-17,1994-11-12,1994-12-14,NONE,FOB, even dependencies s
2791-4,2791,1559,80,4,24.00,35053.20,0.04,0.02,R,F,1995-01-30,1994-11-20,1995-02-08,DELIVER IN PERSON,TRUCK,to beans haggle blithely ironic foxes; flu
2791-5,2791,1046,52,5,8.00,7576.32,0.02,0.04,R,F,1995-01-30,1994-11-24,1995-02-13,NONE,FOB,kages after the slyly 
2791-6,2791,745,42,6,9.00,14811.66,0.08,0.02,R,F,1994-11-19,1994-12-14,1994-12-10,TAKE BACK RETURN,AIR,ording to the special accounts sleep c
2791-7,2791,287,69,7,26.00,30869.28,0.06,0.03,R,F,1995-02-06,1994-12-07,1995-02-23,DELIVER IN PERSON,AIR, grouches. furiously ironic
2816-1,2816,583,84,1,33.00,48958.14,0.00,0.07,R,F,1994-10-19,1994-11-10,1994-11-09,NONE,REG AIR,heodolites. furiousl
2816-2,2816,1414,15,2,4.00,5261.64,0.05,0.04,R,F,1994-12-11,1994-12-07,1995-01-03,NONE,FOB,ackages. furiously pe
2816-3,2816,1205,43,3,4.00,4424.80,0.02,0.06,R,F,1994-12-12,1994-12-05,1994-12-30,NONE,RAIL,"l, special pinto beans wake slyly among "
2817-1,2817,596,27,1,25.00,37414.75,0.07,0.01,R,F,1994-04-21,1994-06-20,1994-05-07,DELIVER IN PERSON,FOB,use slyly fluf
2817-2,2817,313,42,2,5.00,6066.55,0.03,0.04,A,F,1994-05-07,1994-05-31,1994-05-12,TAKE BACK RETURN,AIR,ons nag daringly ironic deposits. furiou
2817-3,2817,1712,39,3,35.00,56479.85,0.01,0.07,A,F,1994-05-20,1994-06-03,1994-05-22,COLLECT COD,FOB,ding to the
2817-4,2817,1609,10,4,4.00,6042.40,0.00,0.05,R,F,1994-06-04,1994-06-11,1994-06-10,NONE,TRUCK,fully regular notornis. final d
2818-1,2818,1204,16,1,12.00,13262.40,0.10,0.03,A,F,1995-02-01,1995-03-10,1995-02-16,NONE,AIR,ly busy deposits haggle
2818-2,2818,1988,77,2,22.00,41579.56,0.06,0.07,R,F,1995-02-28,1995-03-10,1995-03-06,TAKE BACK RETURN,RAIL,ut the slyly silent requests. en
2818-3,2818,443,44,3,11.00,14777.84,0.01,0.06,R,F,1995-02-18,1995-02-11,1995-03-19,TAKE BACK RETURN,TRUCK,y quick grouches haggle slyly ab
2818-4,2818,398,83,4,32.00,41548.48,0.08,0.08,R,F,1995-02-04,1995-03-05,1995-02-18,COLLECT COD,REG AIR,ress request
2818-5,2818,174,53,5,42.00,45115.14,0.08,0.04,A,F,1995-02-12,1995-02-19,1995-03-13,COLLECT COD,MAIL,lithely pending theodolites 
2818-6,2818,907,10,6,7.00,12655.30,0.06,0.03,R,F,1995-03-24,1995-03-09,1995-04-06,TAKE BACK RETURN,TRUCK,es sublate furiously 
2819-1,2819,691,92,1,17.00,27058.73,0.08,0.08,A,F,1994-07-16,1994-07-15,1994-07-17,TAKE BACK RETURN,RAIL,es. furiously final she
2819-2,2819,665,59,2,12.00,18787.92,0.03,0.08,R,F,1994-07-18,1994-06-24,1994-07-28,NONE,MAIL,y even sentiments c
2819-3,2819,50,26,3,28.00,26601.40,0.03,0.08,R,F,1994-05-09,1994-07-02,1994-05-15,NONE,RAIL,s wake according to the blithely regular 
2819-4,2819,1529,30,4,5.00,7152.60,0.00,0.02,R,F,1994-05-29,1994-06-12,1994-06-28,NONE,TRUCK,"en, silent accounts sleep furiously"
2819-5,2819,1992,81,5,6.00,11363.94,0.03,0.01,A,F,1994-07-22,1994-08-02,1994-07-29,NONE,REG AIR,dependencies affix blithely along th
2820-1,2820,1732,59,1,23.00,37575.79,0.04,0.08,R,F,1994-07-10,1994-08-08,1994-07-21,NONE,MAIL,y even requests wake furiously furiously 
2820-2,2820,1258,70,2,33.00,38255.25,0.08,0.06,A,F,1994-07-07,1994-08-17,1994-08-02,DELIVER IN PERSON,AIR,pending theodolites shall no
2820-3,2820,1401,19,3,38.00,49491.20,0.03,0.08,A,F,1994-09-10,1994-08-07,1994-10-07,TAKE BACK RETURN,MAIL,furiously. even asymptotes use. furi
2820-4,2820,1963,8,4,40.00,74598.40,0.06,0.06,A,F,1994-08-08,1994-07-30,1994-08-21,TAKE BACK RETURN,REG AIR,es are slyly slyly reg
2821-1,2821,1809,39,1,4.00,6843.20,0.00,0.00,A,F,1993-09-15,1993-10-02,1993-09-17,TAKE BACK RETURN,TRUCK,ly carefully
2821-2,2821,712,77,2,4.00,6450.84,0.09,0.00,A,F,1993-11-19,1993-09-20,1993-11-27,TAKE BACK RETURN,TRUCK,"nding, bold requests maintain blithel"
2821-3,2821,1637,20,3,27.00,41543.01,0.01,0.01,A,F,1993-11-27,1993-10-11,1993-12-08,COLLECT COD,TRUCK,packages are a
2822-1,2822,1508,49,1,39.00,54970.50,0.04,0.02,R,F,1993-09-11,1993-08-29,1993-09-18,NONE,MAIL, cajole regular r
2823-1,2823,858,92,1,45.00,79148.25,0.03,0.04,N,O,1995-12-28,1995-11-27,1996-01-02,DELIVER IN PERSON,SHIP,rns haggle quickly acr
2823-2,2823,1597,78,2,18.00,26974.62,0.00,0.03,N,O,1995-11-11,1995-10-30,1995-12-08,TAKE BACK RETURN,TRUCK,ding to the slyly even pains haggle quickl
2823-3,2823,1853,97,3,11.00,19303.35,0.07,0.02,N,O,1995-12-10,1995-11-24,1995-12-21,DELIVER IN PERSON,SHIP,e regular sauternes. blithel
2823-4,2823,1389,66,4,48.00,61938.24,0.09,0.03,N,O,1995-11-21,1995-10-30,1995-11-27,NONE,SHIP,ccording to the account
2823-5,2823,990,59,5,18.00,34037.82,0.04,0.06,N,O,1995-11-09,1995-10-30,1995-11-19,NONE,AIR, the fluffily bold packag
2823-6,2823,1225,100,6,20.00,22524.40,0.07,0.00,N,O,1995-11-13,1995-12-06,1995-12-07,NONE,MAIL,e of the packages. requests are. regular 
2823-7,2823,851,51,7,12.00,21022.20,0.02,0.04,N,O,1995-12-22,1995-11-20,1996-01-13,NONE,REG AIR,about the slyly ironic asympto
2848-1,2848,643,75,1,44.00,67920.16,0.01,0.05,R,F,1992-04-14,1992-05-09,1992-04-19,DELIVER IN PERSON,MAIL,s cajole. fluffily even platelets 
2848-2,2848,1645,46,2,8.00,12373.12,0.07,0.01,A,F,1992-03-21,1992-05-18,1992-04-07,DELIVER IN PERSON,TRUCK, boost. carefully bold packages sleep furi
2848-3,2848,1374,13,3,8.00,10202.96,0.07,0.08,A,F,1992-06-20,1992-04-12,1992-07-09,NONE,SHIP,pendencies: bold ac
2848-4,2848,1250,51,4,34.00,39142.50,0.02,0.08,A,F,1992-03-15,1992-04-24,1992-04-12,TAKE BACK RETURN,RAIL,"fter the regular, special "
2848-5,2848,1942,87,5,18.00,33190.92,0.07,0.03,R,F,1992-04-10,1992-06-01,1992-05-05,DELIVER IN PERSON,TRUCK, packages are. blithely ironic foxes 
2849-1,2849,1539,80,1,16.00,23048.48,0.09,0.08,N,O,1996-05-20,1996-07-23,1996-06-18,NONE,TRUCK,"ess, bold pinto beans ca"
2849-2,2849,1869,56,2,39.00,69063.54,0.10,0.03,N,O,1996-05-22,1996-07-18,1996-06-05,TAKE BACK RETURN,SHIP,y unusual requests sleep careful
2849-3,2849,599,100,3,24.00,35990.16,0.01,0.05,N,O,1996-06-12,1996-07-10,1996-06-27,TAKE BACK RETURN,AIR,requests cajole. regular dep
2849-4,2849,543,34,4,48.00,69289.92,0.05,0.02,N,O,1996-05-03,1996-06-05,1996-05-28,NONE,AIR,ts after the special requests slee
2849-5,2849,273,28,5,30.00,35198.10,0.10,0.06,N,O,1996-08-24,1996-07-08,1996-09-03,TAKE BACK RETURN,SHIP,", special pinto bean"
2849-6,2849,687,81,6,30.00,47630.40,0.06,0.07,N,O,1996-06-20,1996-07-23,1996-07-06,NONE,FOB,egular theodolites im
2850-1,2850,970,73,1,43.00,80451.71,0.02,0.05,N,O,1997-01-11,1996-11-03,1997-02-01,COLLECT COD,REG AIR, pending package
2850-2,2850,1093,99,2,30.00,29822.70,0.09,0.01,N,O,1996-12-14,1996-11-29,1997-01-03,COLLECT COD,AIR,eep about the packages. blithely ironic de
2850-3,2850,1048,49,3,49.00,46502.96,0.09,0.04,N,O,1996-10-07,1996-12-12,1996-10-12,TAKE BACK RETURN,MAIL,o the slyly pendin
2850-4,2850,1984,17,4,4.00,7543.92,0.04,0.04,N,O,1996-10-28,1996-12-26,1996-11-07,COLLECT COD,RAIL,e ironic deposits haggle carefully am
2851-1,2851,1475,15,1,8.00,11011.76,0.09,0.03,N,O,1997-11-12,1997-11-22,1997-12-11,NONE,REG AIR,lets promise across the packages
2852-1,2852,1762,47,1,6.00,9982.56,0.01,0.01,R,F,1993-03-02,1993-04-11,1993-03-11,TAKE BACK RETURN,RAIL,ccounts. carefully ironic accoun
2852-2,2852,401,89,2,24.00,31233.60,0.05,0.07,R,F,1993-01-18,1993-03-13,1993-02-14,DELIVER IN PERSON,MAIL,y final asy
2852-3,2852,1635,59,3,29.00,44562.27,0.09,0.05,R,F,1993-04-21,1993-03-22,1993-05-02,COLLECT COD,SHIP,ts wake ac
2852-4,2852,992,61,4,12.00,22715.88,0.08,0.02,A,F,1993-02-25,1993-03-24,1993-03-07,TAKE BACK RETURN,TRUCK,ans nod bli
2852-5,2852,1532,73,5,28.00,40138.84,0.05,0.03,R,F,1993-02-08,1993-03-30,1993-02-11,NONE,MAIL,s detect. slyly r
2853-1,2853,1389,28,1,14.00,18065.32,0.07,0.05,R,F,1994-05-16,1994-07-01,1994-05-27,NONE,TRUCK,ly express account
2853-2,2853,1331,46,2,26.00,32040.58,0.06,0.01,R,F,1994-06-26,1994-06-05,1994-07-02,TAKE BACK RETURN,MAIL,ly ironic dolphins cajole.
2853-3,2853,1727,70,3,40.00,65148.80,0.06,0.04,A,F,1994-08-06,1994-06-24,1994-08-29,NONE,RAIL,quickly even theodolites. never regula
2853-4,2853,1313,28,4,20.00,24286.20,0.02,0.04,A,F,1994-08-30,1994-06-16,1994-09-06,TAKE BACK RETURN,TRUCK, of the quickly ironic accounts. blithely 
2853-5,2853,359,16,5,1.00,1259.35,0.08,0.05,R,F,1994-09-01,1994-06-27,1994-09-12,TAKE BACK RETURN,FOB, regularly bold asymptotes are fluffi
2854-1,2854,1802,32,1,46.00,78374.80,0.00,0.04,A,F,1994-09-22,1994-08-02,1994-09-30,COLLECT COD,AIR,ar accounts nag furiously alongside of
2854-2,2854,876,77,2,29.00,51529.23,0.09,0.07,R,F,1994-07-06,1994-08-26,1994-07-09,COLLECT COD,SHIP,ful deposits sleep slyly. blithely unusual
2854-3,2854,1592,33,3,20.00,29871.80,0.08,0.01,R,F,1994-09-18,1994-08-03,1994-10-12,COLLECT COD,AIR,deas after the accounts unwind 
2854-4,2854,1695,96,4,34.00,54287.46,0.06,0.03,A,F,1994-09-06,1994-08-07,1994-09-22,NONE,REG AIR,ss requests: 
2854-5,2854,1014,15,5,7.00,6405.07,0.03,0.06,A,F,1994-09-23,1994-08-14,1994-10-10,DELIVER IN PERSON,REG AIR, into the ev
2854-6,2854,178,5,6,13.00,14016.21,0.04,0.03,R,F,1994-09-15,1994-08-18,1994-09-19,DELIVER IN PERSON,SHIP,y regular th
2855-1,2855,323,80,1,50.00,61166.00,0.03,0.07,A,F,1993-05-20,1993-06-28,1993-06-16,TAKE BACK RETURN,TRUCK,regularly expres
2880-1,2880,341,98,1,40.00,49653.60,0.09,0.00,A,F,1992-05-26,1992-06-01,1992-05-31,COLLECT COD,TRUCK,ress deposits are ca
2880-2,2880,1389,4,2,26.00,33549.88,0.07,0.07,R,F,1992-04-12,1992-04-15,1992-04-28,NONE,RAIL,. unusual asymptotes grow blith
2880-3,2880,1145,82,3,42.00,43937.88,0.01,0.01,R,F,1992-06-17,1992-05-29,1992-07-11,NONE,REG AIR,eans. fluffily even deposits try to wake. c
2880-4,2880,177,4,4,46.00,49549.82,0.02,0.02,A,F,1992-04-21,1992-06-05,1992-05-16,COLLECT COD,RAIL,", express accounts. theodo"
2881-1,2881,1794,37,1,16.00,27132.64,0.02,0.06,A,F,1992-06-21,1992-06-27,1992-07-03,TAKE BACK RETURN,TRUCK,uriously. 
2881-2,2881,92,93,2,1.00,992.09,0.09,0.03,A,F,1992-05-13,1992-07-21,1992-05-18,COLLECT COD,MAIL,uickly special accounts al
2881-3,2881,921,90,3,21.00,38260.32,0.07,0.03,A,F,1992-05-28,1992-07-03,1992-06-02,TAKE BACK RETURN,SHIP," instead of the express, regular theodolit"
2881-4,2881,1399,14,4,7.00,9102.73,0.06,0.01,R,F,1992-08-03,1992-07-10,1992-08-27,NONE,REG AIR,ven tithes. ironic accounts wake blith
2882-1,2882,38,64,1,14.00,13132.42,0.09,0.02,N,O,1995-09-28,1995-11-11,1995-10-18,TAKE BACK RETURN,MAIL,s use daringly along
2882-2,2882,411,99,2,30.00,39342.30,0.00,0.00,N,O,1995-10-15,1995-10-13,1995-10-25,NONE,REG AIR,ays bold foxes. quickly final accounts wak
2882-3,2882,1970,15,3,29.00,54287.13,0.10,0.08,N,O,1995-09-10,1995-11-01,1995-10-02,NONE,TRUCK,luffily bold dinos acco
2882-4,2882,773,70,4,27.00,45191.79,0.06,0.02,N,O,1995-09-04,1995-11-11,1995-09-12,DELIVER IN PERSON,MAIL,"ests. special, un"
2882-5,2882,1339,40,5,32.00,39690.56,0.07,0.03,N,O,1995-10-21,1995-11-10,1995-11-01,COLLECT COD,RAIL,ions use around the fu
2882-6,2882,865,66,6,47.00,82995.42,0.06,0.03,N,O,1995-09-13,1995-09-21,1995-09-14,NONE,REG AIR, cajole fu
2883-1,2883,1,27,1,33.00,29733.00,0.08,0.07,R,F,1995-02-26,1995-03-04,1995-03-01,NONE,RAIL,side of th
2883-2,2883,1244,45,2,27.00,30921.48,0.00,0.02,A,F,1995-03-12,1995-03-10,1995-04-04,TAKE BACK RETURN,REG AIR,orges. slyly pending packages beli
2883-3,2883,1887,17,3,47.00,84077.36,0.05,0.04,R,F,1995-01-29,1995-04-19,1995-02-05,DELIVER IN PERSON,SHIP, cajole furiously f
2883-4,2883,975,78,4,23.00,43147.31,0.00,0.02,R,F,1995-02-03,1995-03-17,1995-02-19,TAKE BACK RETURN,AIR,dencies cajole carefully final accounts-
2883-5,2883,1945,34,5,36.00,66489.84,0.07,0.06,A,F,1995-05-02,1995-03-14,1995-05-30,COLLECT COD,MAIL,otes wake slyly along the escapade
2884-1,2884,705,6,1,41.00,65833.70,0.03,0.00,N,O,1998-01-02,1997-12-17,1998-01-20,DELIVER IN PERSON,TRUCK,l accounts. slyly busy re
2884-2,2884,1452,70,2,25.00,33836.25,0.09,0.08,N,O,1998-01-18,1997-12-06,1998-02-16,TAKE BACK RETURN,MAIL,ally even accounts affix slowly fin
2884-3,2884,252,53,3,8.00,9218.00,0.08,0.08,N,O,1997-11-30,1997-11-28,1997-12-14,COLLECT COD,TRUCK,equests after the slyly
2885-1,2885,31,82,1,6.00,5586.18,0.10,0.01,A,F,1993-01-05,1992-12-12,1993-01-19,COLLECT COD,FOB,ithes. slyly ironic asymptotes wake qu
2885-2,2885,1120,21,2,4.00,4084.48,0.07,0.00,A,F,1992-10-09,1992-12-17,1992-11-04,TAKE BACK RETURN,SHIP,final deposits are blith
2885-3,2885,8,59,3,45.00,40860.00,0.10,0.04,A,F,1992-12-24,1992-10-30,1993-01-04,NONE,SHIP,ly even deposits cajole a
2885-4,2885,314,71,4,15.00,18214.65,0.03,0.04,R,F,1992-10-31,1992-11-24,1992-11-21,DELIVER IN PERSON,MAIL,fully according to the carefully expr
2885-5,2885,1742,85,5,43.00,70680.82,0.06,0.00,R,F,1992-11-17,1992-10-30,1992-12-04,DELIVER IN PERSON,SHIP, final requests cajole
2885-6,2885,1897,27,6,5.00,8994.45,0.01,0.02,R,F,1993-01-06,1992-11-13,1993-02-05,TAKE BACK RETURN,TRUCK, across the pending
2885-7,2885,493,81,7,40.00,55739.60,0.05,0.03,A,F,1992-09-23,1992-11-15,1992-10-07,TAKE BACK RETURN,AIR, regular ideas
2886-1,2886,598,99,1,1.00,1498.59,0.09,0.05,A,F,1995-02-01,1994-12-18,1995-02-28,COLLECT COD,REG AIR,e furiousl
2886-2,2886,1839,40,2,38.00,66151.54,0.02,0.04,A,F,1995-01-21,1995-01-08,1995-01-30,NONE,SHIP,"e across the regular, regu"
2886-3,2886,630,24,3,2.00,3061.26,0.04,0.07,A,F,1994-11-18,1995-01-31,1994-12-05,COLLECT COD,REG AIR,longside of the r
2886-4,2886,1300,12,4,46.00,55259.80,0.03,0.08,A,F,1995-02-02,1995-01-26,1995-02-15,TAKE BACK RETURN,SHIP,atelets cajole furiously against the blithe
2887-1,2887,656,19,1,11.00,17123.15,0.06,0.00,N,O,1997-07-08,1997-07-17,1997-07-15,COLLECT COD,SHIP,ously bold sheaves use 
2887-2,2887,1116,53,2,17.00,17290.87,0.00,0.08,N,O,1997-08-31,1997-07-04,1997-09-17,DELIVER IN PERSON,SHIP,olites across the furiously
2912-1,2912,1215,90,1,8.00,8929.68,0.06,0.04,A,F,1992-04-09,1992-04-19,1992-04-26,NONE,RAIL,final requests. slyly e
2912-2,2912,1146,83,2,18.00,18848.52,0.00,0.08,R,F,1992-03-13,1992-04-19,1992-03-30,TAKE BACK RETURN,RAIL,n requests hagg
2913-1,2913,1228,40,1,39.00,44039.58,0.06,0.04,N,O,1997-08-28,1997-09-27,1997-09-02,TAKE BACK RETURN,AIR,dly always ironic 
2913-2,2913,218,100,2,22.00,24600.62,0.10,0.07,N,O,1997-09-18,1997-08-11,1997-10-02,COLLECT COD,MAIL,. blithely final foxes sleep carefully. b
2913-3,2913,1654,78,3,17.00,26446.05,0.07,0.04,N,O,1997-10-21,1997-09-25,1997-11-20,NONE,FOB,es. fluffily pending asymptote
2913-4,2913,1426,27,4,5.00,6637.10,0.10,0.07,N,O,1997-10-07,1997-08-25,1997-10-09,TAKE BACK RETURN,RAIL,t blithely. quickly final in
2913-5,2913,149,76,5,13.00,13638.82,0.03,0.01,N,O,1997-10-02,1997-08-20,1997-10-26,COLLECT COD,MAIL,rnis: deposits kindle slyly special acc
2913-6,2913,1678,61,6,35.00,55288.45,0.06,0.08,N,O,1997-08-30,1997-08-21,1997-09-03,COLLECT COD,MAIL,e bold asymptotes; dependencies
2914-1,2914,657,58,1,22.00,34268.30,0.05,0.06,R,F,1993-05-11,1993-04-09,1993-05-22,DELIVER IN PERSON,FOB,"ly against the ironic asymptotes. special,"
2914-2,2914,1622,5,2,25.00,38090.50,0.03,0.04,A,F,1993-05-14,1993-04-04,1993-05-22,NONE,SHIP,nstructions. theodolites doubt. bl
2914-3,2914,346,75,3,4.00,4985.36,0.00,0.05,R,F,1993-06-11,1993-04-09,1993-06-14,TAKE BACK RETURN,SHIP, instructions integrate about the re
2914-4,2914,1204,5,4,9.00,9946.80,0.06,0.01,R,F,1993-06-17,1993-05-26,1993-06-19,NONE,REG AIR,egular requests haggle amon
2915-1,2915,1742,85,1,28.00,46024.72,0.10,0.02,R,F,1994-04-17,1994-06-09,1994-05-10,NONE,MAIL,y at the fur
2915-2,2915,934,3,2,12.00,22019.16,0.00,0.03,A,F,1994-07-18,1994-06-11,1994-07-27,TAKE BACK RETURN,RAIL,ter the quickly ironi
2915-3,2915,1355,94,3,15.00,18845.25,0.07,0.00,A,F,1994-05-01,1994-06-12,1994-05-15,DELIVER IN PERSON,TRUCK,packages. blithely pending 
2915-4,2915,802,36,4,43.00,73220.40,0.06,0.05,R,F,1994-06-02,1994-05-24,1994-06-06,DELIVER IN PERSON,SHIP,ular accounts nag furiously am
2916-1,2916,826,60,1,21.00,36263.22,0.06,0.04,N,O,1996-03-11,1996-02-21,1996-03-30,NONE,REG AIR,hy theodolites. carefully express package
2917-1,2917,927,28,1,36.00,65805.12,0.10,0.01,N,O,1998-04-07,1998-02-23,1998-05-01,DELIVER IN PERSON,RAIL," regular, qui"
2917-2,2917,208,9,2,20.00,22164.00,0.06,0.03,N,O,1997-12-31,1998-01-22,1998-01-12,NONE,MAIL,ngage against the s
2917-3,2917,894,94,3,4.00,7179.56,0.02,0.07,N,O,1998-01-10,1998-01-18,1998-02-08,TAKE BACK RETURN,REG AIR, carefully across t
2917-4,2917,1669,93,4,5.00,7853.30,0.05,0.01,N,O,1997-12-16,1998-01-26,1998-01-07,NONE,RAIL,egular accounts. carefully stealthy theo
2917-5,2917,405,93,5,37.00,48299.80,0.04,0.01,N,O,1997-12-12,1998-02-03,1997-12-23,COLLECT COD,RAIL,press packages nag alw
2917-6,2917,1940,73,6,7.00,12893.58,0.05,0.01,N,O,1998-03-21,1998-03-03,1998-03-25,NONE,REG AIR,"the regular, silent packages cajole express"
2918-1,2918,775,40,1,24.00,40218.48,0.10,0.03,N,O,1996-12-20,1996-10-28,1996-12-26,DELIVER IN PERSON,FOB,ckly slowly silent asymptotes. pending pa
2919-1,2919,1014,50,1,2.00,1830.02,0.03,0.05,R,F,1993-12-28,1994-02-23,1994-01-18,COLLECT COD,TRUCK," are carefully about the pending, even "
2919-2,2919,1203,15,2,49.00,54105.80,0.07,0.02,R,F,1993-12-16,1994-02-28,1993-12-19,COLLECT COD,FOB,. slyly regular
2919-3,2919,456,44,3,44.00,59683.80,0.07,0.07,A,F,1994-04-01,1994-01-12,1994-04-07,TAKE BACK RETURN,TRUCK,. blithely ironic pinto beans hagg
2919-4,2919,1015,51,4,44.00,40304.44,0.00,0.05,R,F,1994-02-04,1994-02-03,1994-03-02,TAKE BACK RETURN,AIR,o wake. blithe requests sleep
2944-1,2944,1199,100,1,44.00,48408.36,0.08,0.05,N,O,1997-12-25,1997-10-28,1998-01-21,COLLECT COD,AIR, beans. quickly careful
2944-2,2944,418,48,2,44.00,58010.04,0.06,0.02,N,O,1997-10-28,1997-11-22,1997-11-10,NONE,SHIP,ickly ironic asymptotes cajole furio
2944-3,2944,1697,21,3,2.00,3197.38,0.06,0.07,N,O,1997-12-13,1997-12-01,1998-01-08,DELIVER IN PERSON,REG AIR,quiet packag
2944-4,2944,164,43,4,23.00,24475.68,0.02,0.03,N,O,1998-01-12,1997-12-03,1998-01-17,TAKE BACK RETURN,MAIL,he carefully regular ideas; a
2944-5,2944,743,8,5,18.00,29587.32,0.10,0.01,N,O,1998-01-07,1997-10-26,1998-01-27,TAKE BACK RETURN,FOB,"lets. close, fi"
2944-6,2944,593,84,6,17.00,25391.03,0.00,0.03,N,O,1997-10-18,1997-11-27,1997-10-29,TAKE BACK RETURN,SHIP,le furiously. blithely final packages
2944-7,2944,893,27,7,7.00,12557.23,0.01,0.06,N,O,1997-10-30,1997-11-03,1997-11-03,DELIVER IN PERSON,FOB,tes wake slyly to the furious
2945-1,2945,590,91,1,37.00,55151.83,0.00,0.02,N,O,1996-02-10,1996-03-20,1996-02-12,COLLECT COD,SHIP," deposits poach slyly ironic, unu"
2945-2,2945,713,46,2,30.00,48411.30,0.05,0.01,N,O,1996-01-19,1996-02-11,1996-01-26,NONE,TRUCK,ly-- pending depo
2945-3,2945,1262,63,3,28.00,32571.28,0.06,0.02,N,O,1996-03-17,1996-03-13,1996-04-15,COLLECT COD,FOB,ly furiously bold inst
2945-4,2945,1879,80,4,34.00,60549.58,0.08,0.06,N,O,1996-02-03,1996-03-17,1996-02-29,COLLECT COD,REG AIR,ly regular instructions w
2945-5,2945,1723,50,5,10.00,16247.20,0.09,0.05,N,O,1996-03-13,1996-03-10,1996-04-06,COLLECT COD,FOB,ns. slyly quick accounts wake. ca
2945-6,2945,962,97,6,45.00,83833.20,0.07,0.00,N,O,1996-03-01,1996-03-25,1996-03-08,TAKE BACK RETURN,MAIL,s since the slyly ironic
2945-7,2945,513,44,7,47.00,66434.97,0.07,0.05,N,O,1996-01-05,1996-02-11,1996-01-12,DELIVER IN PERSON,MAIL,dolites sl
2946-1,2946,92,43,1,25.00,24802.25,0.05,0.02,N,O,1996-05-06,1996-04-23,1996-05-16,DELIVER IN PERSON,SHIP,y special requests use
2946-2,2946,932,33,2,48.00,87980.64,0.03,0.07,N,O,1996-06-02,1996-03-31,1996-06-16,COLLECT COD,TRUCK,s. slyly pending frays 
2946-3,2946,30,56,3,35.00,32551.05,0.03,0.00,N,O,1996-03-15,1996-04-02,1996-03-26,NONE,REG AIR, final excuses serve furiously a
2947-1,2947,100,1,1,37.00,37003.70,0.09,0.07,N,O,1995-08-09,1995-07-05,1995-08-20,DELIVER IN PERSON,RAIL,nt deposits. furio
2947-2,2947,1853,97,2,10.00,17548.50,0.09,0.07,A,F,1995-06-07,1995-06-26,1995-06-08,NONE,MAIL,"ronic, pendi"
2948-1,2948,1175,76,1,48.00,51656.16,0.00,0.04,R,F,1994-08-29,1994-10-23,1994-09-23,NONE,TRUCK,regular accounts. furiously ir
2948-2,2948,918,19,2,49.00,89126.59,0.04,0.07,R,F,1994-12-16,1994-11-08,1995-01-07,DELIVER IN PERSON,MAIL,lithely regular requests affix above t
2949-1,2949,202,30,1,4.00,4408.80,0.06,0.06,A,F,1994-06-07,1994-06-17,1994-07-04,TAKE BACK RETURN,REG AIR,old Tiresias use slyly. carefully special a
2949-2,2949,695,89,2,50.00,79784.50,0.05,0.04,A,F,1994-08-04,1994-06-23,1994-08-17,TAKE BACK RETURN,FOB,e the fluffily final waters.
2949-3,2949,1795,80,3,38.00,64478.02,0.02,0.06,R,F,1994-05-22,1994-05-25,1994-05-27,COLLECT COD,REG AIR,inst the furiously regular 
2950-1,2950,1295,96,1,32.00,38281.28,0.01,0.05,N,O,1997-09-21,1997-08-25,1997-10-08,DELIVER IN PERSON,REG AIR,y special requests nag furiously unus
2950-2,2950,658,59,2,18.00,28055.70,0.10,0.01,N,O,1997-07-19,1997-08-29,1997-08-17,COLLECT COD,TRUCK,ly regular pinto b
2950-3,2950,527,28,3,14.00,19985.28,0.01,0.02,N,O,1997-07-29,1997-08-05,1997-07-31,TAKE BACK RETURN,MAIL,stealthily express platelets. slyly
2950-4,2950,1864,65,4,45.00,79463.70,0.08,0.00,N,O,1997-09-05,1997-09-23,1997-09-11,NONE,FOB,s believe 
2950-5,2950,610,11,5,46.00,69488.06,0.02,0.05,N,O,1997-07-15,1997-09-30,1997-07-25,COLLECT COD,RAIL,bove the final pearls. express dolphins 
2950-6,2950,1736,37,6,27.00,44218.71,0.01,0.03,N,O,1997-10-01,1997-09-13,1997-10-08,NONE,TRUCK,xes. quickly unusual packages cajole. 
2951-1,2951,21,72,1,5.00,4605.10,0.03,0.03,N,O,1996-03-27,1996-04-16,1996-03-30,NONE,REG AIR, packages along 
2951-2,2951,1360,99,2,24.00,30272.64,0.07,0.03,N,O,1996-03-24,1996-04-16,1996-04-08,NONE,SHIP,silent pinto beans are carefully. bli
2951-3,2951,1861,91,3,40.00,70514.40,0.02,0.07,N,O,1996-05-03,1996-04-20,1996-05-22,COLLECT COD,REG AIR,ests. final deposits cajole against
2951-4,2951,722,55,4,21.00,34077.12,0.06,0.08,N,O,1996-04-12,1996-04-27,1996-04-14,DELIVER IN PERSON,REG AIR,lly. bold deposits wake. sly
2951-5,2951,502,63,5,15.00,21037.50,0.07,0.00,N,O,1996-03-25,1996-04-23,1996-03-27,COLLECT COD,REG AIR, along the c
2951-6,2951,1371,86,6,18.00,22902.66,0.06,0.00,N,O,1996-04-04,1996-04-27,1996-04-06,COLLECT COD,FOB, cajole quietly. sly theodolites
2976-1,2976,86,37,1,32.00,31554.56,0.06,0.00,A,F,1994-01-26,1994-02-13,1994-02-10,NONE,MAIL,hely above the closely ironic 
2976-2,2976,31,32,2,24.00,22344.72,0.00,0.03,A,F,1994-03-19,1994-01-26,1994-04-18,COLLECT COD,TRUCK,ly pending packages sleep fu
2976-3,2976,98,49,3,35.00,34933.15,0.10,0.07,R,F,1993-12-19,1994-02-14,1994-01-11,NONE,RAIL,packages will doze blithely bold packages
2976-4,2976,811,78,4,22.00,37659.82,0.00,0.04,A,F,1994-02-08,1994-03-03,1994-02-12,TAKE BACK RETURN,FOB,r deposits detect quickly even p
2976-5,2976,1333,10,5,13.00,16046.29,0.00,0.06,A,F,1994-02-06,1994-02-02,1994-02-19,NONE,FOB,the blithely ironic waters. un
2976-6,2976,1084,20,6,30.00,29552.40,0.08,0.03,R,F,1994-03-27,1994-02-01,1994-04-26,TAKE BACK RETURN,RAIL,ithely unusual d
2977-1,2977,698,92,1,25.00,39967.25,0.03,0.07,N,O,1996-09-21,1996-10-06,1996-10-13,TAKE BACK RETURN,RAIL,y sometimes 
2978-1,2978,897,98,1,29.00,52138.81,0.00,0.08,A,F,1995-06-03,1995-07-25,1995-06-06,NONE,SHIP,s are according to the cl
2978-2,2978,1270,8,2,42.00,49193.34,0.01,0.06,N,O,1995-08-19,1995-07-18,1995-09-07,DELIVER IN PERSON,MAIL,braids serve fluffily final pinto beans. 
2978-3,2978,430,18,3,26.00,34591.18,0.07,0.05,N,O,1995-07-29,1995-07-22,1995-08-20,COLLECT COD,REG AIR,n instructions. quickly pending ideas hang 
2978-4,2978,271,53,4,7.00,8198.89,0.00,0.00,N,O,1995-07-18,1995-07-03,1995-07-23,NONE,FOB,"ans use slyly express, s"
2978-5,2978,285,67,5,33.00,39114.24,0.09,0.03,R,F,1995-05-06,1995-07-23,1995-05-16,COLLECT COD,FOB,ffily idle instructions.
2978-6,2978,1671,13,6,4.00,6290.68,0.08,0.04,N,O,1995-07-06,1995-07-31,1995-07-19,COLLECT COD,AIR,ular packages 
2979-1,2979,81,57,1,8.00,7848.64,0.00,0.08,N,O,1996-06-18,1996-05-21,1996-07-06,COLLECT COD,REG AIR,y bold accounts boost about the doggedly
2979-2,2979,107,8,2,47.00,47333.70,0.05,0.00,N,O,1996-03-25,1996-05-13,1996-04-04,TAKE BACK RETURN,SHIP,"und the packages. final, bold packages "
2979-3,2979,1879,9,3,35.00,62330.45,0.04,0.03,N,O,1996-05-25,1996-06-11,1996-06-24,DELIVER IN PERSON,MAIL,carefully ironic requests!
2979-4,2979,1641,83,4,28.00,43193.92,0.05,0.08,N,O,1996-06-04,1996-04-23,1996-06-24,DELIVER IN PERSON,FOB, engage blithely against the furi
2980-1,2980,364,93,1,2.00,2528.72,0.09,0.03,N,O,1996-11-18,1996-10-22,1996-11-27,TAKE BACK RETURN,SHIP,es according to the slyly silent dinos 
2980-2,2980,96,72,2,48.00,47812.32,0.04,0.05,N,O,1996-09-25,1996-12-09,1996-10-12,NONE,REG AIR,ly bold somas sublate
2980-3,2980,1321,60,3,27.00,33002.64,0.08,0.08,N,O,1996-12-08,1996-12-03,1996-12-14,NONE,REG AIR," against the regular, special p"
2980-4,2980,247,75,4,49.00,56214.76,0.03,0.02,N,O,1996-10-04,1996-12-04,1996-10-06,NONE,RAIL,into beans use fluffil
2980-5,2980,1861,62,5,24.00,42308.64,0.05,0.04,N,O,1997-01-12,1996-10-27,1997-01-14,NONE,MAIL," the even, silent pinto be"
2980-6,2980,1087,58,6,43.00,42487.44,0.01,0.01,N,O,1996-12-07,1996-11-10,1997-01-02,COLLECT COD,AIR,regular package
2981-1,2981,136,15,1,17.00,17614.21,0.03,0.05,N,O,1998-10-17,1998-10-02,1998-10-21,DELIVER IN PERSON,RAIL,", silent deposits after the bold,"
2981-2,2981,1755,82,2,8.00,13254.00,0.06,0.03,N,O,1998-08-21,1998-09-28,1998-09-05,DELIVER IN PERSON,MAIL,es are. bli
2981-3,2981,367,52,3,14.00,17743.04,0.03,0.07,N,O,1998-08-30,1998-10-04,1998-09-04,DELIVER IN PERSON,MAIL,quickly pains. busily regular deposits d
2982-1,2982,1120,57,1,21.00,21443.52,0.00,0.01,A,F,1995-04-03,1995-06-08,1995-04-18,DELIVER IN PERSON,AIR,e quickly bravely express the
2982-2,2982,981,50,2,13.00,24465.74,0.02,0.08,R,F,1995-03-31,1995-05-07,1995-04-18,TAKE BACK RETURN,RAIL,g furiously ironic deposits. quick
2982-3,2982,695,89,3,21.00,33509.49,0.01,0.01,R,F,1995-04-19,1995-06-03,1995-04-28,COLLECT COD,SHIP,wake slyly. furiously pending 
2983-1,2983,1622,23,1,44.00,67039.28,0.03,0.06,R,F,1992-02-09,1992-03-07,1992-03-09,TAKE BACK RETURN,AIR,asymptotes among th
2983-2,2983,481,69,2,11.00,15196.28,0.09,0.06,A,F,1992-04-29,1992-02-27,1992-05-26,NONE,MAIL,o beans boost ab
3008-1,3008,1316,93,1,8.00,9738.48,0.10,0.04,N,O,1995-12-06,1996-01-12,1995-12-22,TAKE BACK RETURN,FOB,sual braids sleep final packages. fu
3008-2,3008,1998,87,2,31.00,58899.69,0.05,0.06,N,O,1995-12-14,1995-12-11,1995-12-31,TAKE BACK RETURN,AIR,kly even foxes. blit
3008-3,3008,231,32,3,40.00,45249.20,0.01,0.03,N,O,1995-12-18,1996-01-06,1996-01-11,COLLECT COD,AIR,tructions are against the furiously
3008-4,3008,591,92,4,48.00,71596.32,0.07,0.06,N,O,1996-01-23,1996-01-07,1996-02-09,COLLECT COD,SHIP,jole furiously. doggedly express accoun
3008-5,3008,1042,13,5,31.00,29234.24,0.03,0.02,N,O,1995-12-01,1996-01-20,1995-12-28,COLLECT COD,RAIL,special theodolites wake against the ev
3009-1,3009,449,8,1,48.00,64773.12,0.10,0.02,N,O,1997-03-19,1997-05-13,1997-04-11,TAKE BACK RETURN,TRUCK,"express gifts: bold, regular "
3009-2,3009,1846,90,2,38.00,66417.92,0.00,0.01,N,O,1997-05-01,1997-04-10,1997-05-17,TAKE BACK RETURN,AIR,its maintain carefully. final theodolite
3009-3,3009,1298,10,3,26.00,31181.54,0.08,0.02,N,O,1997-05-15,1997-05-10,1997-06-13,TAKE BACK RETURN,SHIP,ful pearls use 
3010-1,3010,1380,19,1,23.00,29471.74,0.04,0.00,N,O,1996-03-08,1996-02-29,1996-03-27,NONE,TRUCK,efully specia
3010-2,3010,1731,74,2,22.00,35920.06,0.09,0.06,N,O,1996-03-06,1996-04-06,1996-03-18,COLLECT COD,REG AIR,nst the slyly 
3010-3,3010,571,2,3,24.00,35317.68,0.04,0.07,N,O,1996-05-09,1996-03-14,1996-05-15,DELIVER IN PERSON,RAIL,ular pinto bean
3010-4,3010,237,19,4,28.00,31842.44,0.09,0.06,N,O,1996-03-05,1996-03-28,1996-04-03,DELIVER IN PERSON,FOB,ly bold packages haggle! carefully b
3010-5,3010,1035,36,5,9.00,8424.27,0.02,0.02,N,O,1996-04-28,1996-03-17,1996-05-18,NONE,SHIP,ments shall have to sleep. regula
3010-6,3010,920,21,6,38.00,69194.96,0.05,0.07,N,O,1996-04-15,1996-03-16,1996-04-21,DELIVER IN PERSON,RAIL,ke blithely
3011-1,3011,1976,21,1,5.00,9389.85,0.02,0.04,R,F,1992-04-21,1992-02-23,1992-05-15,NONE,TRUCK,arefully special requests wake excuses
3011-2,3011,1228,29,2,42.00,47427.24,0.05,0.00,A,F,1992-02-01,1992-03-18,1992-02-29,NONE,TRUCK,nts nag carefully quickly regu
3012-1,3012,1943,88,1,49.00,90402.06,0.00,0.00,A,F,1993-08-07,1993-07-01,1993-08-08,NONE,MAIL,sleep carefully according to the theodolit
3012-2,3012,1603,4,2,37.00,55670.20,0.06,0.03,A,F,1993-08-16,1993-06-07,1993-08-24,TAKE BACK RETURN,REG AIR, foxes except the furiously special p
3013-1,3013,937,72,1,31.00,56975.83,0.08,0.08,N,O,1997-05-03,1997-04-05,1997-05-25,NONE,AIR,ounts. carefull
3013-2,3013,1389,4,2,30.00,38711.40,0.05,0.06,N,O,1997-05-02,1997-03-09,1997-05-12,TAKE BACK RETURN,MAIL,hogs-- slyly ironic instru
3013-3,3013,1197,6,3,35.00,38436.65,0.00,0.03,N,O,1997-04-02,1997-05-04,1997-04-16,COLLECT COD,MAIL,t requests
3013-4,3013,1810,54,4,17.00,29100.77,0.01,0.07,N,O,1997-02-26,1997-05-02,1997-03-27,DELIVER IN PERSON,SHIP,ong the packages boos
3013-5,3013,599,60,5,20.00,29991.80,0.00,0.04,N,O,1997-05-06,1997-03-18,1997-05-12,COLLECT COD,RAIL,egrate. quickly bold theodolites a
3013-6,3013,716,49,6,19.00,30717.49,0.08,0.07,N,O,1997-05-11,1997-04-18,1997-05-15,COLLECT COD,REG AIR,gular instructions. carefully regular theo
3014-1,3014,1624,25,1,36.00,54922.32,0.05,0.03,A,F,1992-11-16,1993-01-20,1992-11-28,TAKE BACK RETURN,FOB,in theodolites sleep e
3014-2,3014,1051,22,2,36.00,34273.80,0.00,0.08,R,F,1992-12-28,1992-12-29,1993-01-24,COLLECT COD,MAIL, requests. furi
3014-3,3014,1509,50,3,48.00,67704.00,0.06,0.02,A,F,1992-12-19,1993-01-08,1992-12-25,DELIVER IN PERSON,REG AIR,carefully regular requests. iro
3014-4,3014,1138,11,4,14.00,14547.82,0.10,0.02,R,F,1992-11-19,1993-01-01,1992-12-17,DELIVER IN PERSON,SHIP,"silent accounts haggle. even, unusual"
3014-5,3014,743,76,5,28.00,46024.72,0.02,0.08,R,F,1993-01-09,1992-12-18,1993-01-10,TAKE BACK RETURN,FOB,. carefully unusual deposits haggle b
3014-6,3014,375,4,6,30.00,38261.10,0.04,0.01,R,F,1993-02-28,1993-01-02,1993-03-20,TAKE BACK RETURN,AIR,platelets sle
3015-1,3015,27,78,1,5.00,4635.10,0.09,0.00,A,F,1993-01-10,1992-12-02,1993-01-19,TAKE BACK RETURN,RAIL,regular ideas wake f
3015-2,3015,176,3,2,17.00,18294.89,0.03,0.01,R,F,1992-10-16,1992-11-20,1992-10-28,COLLECT COD,AIR,eep enticingly quickly regul
3015-3,3015,906,75,3,23.00,41558.70,0.03,0.05,A,F,1992-12-03,1992-11-19,1992-12-23,DELIVER IN PERSON,FOB,"rouches. pending, even ideas believe ab"
3015-4,3015,1551,52,4,7.00,10167.85,0.10,0.03,A,F,1992-12-07,1992-12-17,1992-12-30,DELIVER IN PERSON,REG AIR,ithely ironic accounts nag slyly iron
3015-5,3015,1647,89,5,42.00,65042.88,0.04,0.02,R,F,1993-01-21,1992-11-07,1993-02-11,DELIVER IN PERSON,AIR,ven instructions amon
3015-6,3015,652,53,6,18.00,27947.70,0.02,0.03,R,F,1992-10-10,1992-11-19,1992-10-18,TAKE BACK RETURN,MAIL, carefully bold acco
3040-1,3040,154,33,1,18.00,18974.70,0.08,0.04,R,F,1993-06-25,1993-07-06,1993-07-19,TAKE BACK RETURN,SHIP,y regular pea
3040-2,3040,1328,43,2,9.00,11063.88,0.00,0.01,A,F,1993-06-12,1993-05-16,1993-06-14,NONE,RAIL,s-- furiously final dependencies caj
3040-3,3040,1257,32,3,30.00,34747.50,0.01,0.01,A,F,1993-08-06,1993-05-18,1993-08-19,NONE,MAIL,und the pending pains-- carefully
3040-4,3040,821,88,4,14.00,24105.48,0.05,0.04,A,F,1993-05-13,1993-05-18,1993-05-19,TAKE BACK RETURN,REG AIR,"lithely final platelets? final, "
3040-5,3040,516,17,5,43.00,60909.93,0.04,0.04,R,F,1993-05-21,1993-05-25,1993-05-26,NONE,MAIL,t fluffily around the warthogs. unus
3040-6,3040,179,32,6,10.00,10791.70,0.08,0.04,R,F,1993-05-16,1993-06-24,1993-06-11,DELIVER IN PERSON,MAIL,p slyly. blithely regular asy
3041-1,3041,1807,37,1,5.00,8544.00,0.07,0.04,N,O,1997-07-20,1997-07-15,1997-08-17,COLLECT COD,FOB,t requests. quickly bol
3041-2,3041,1459,38,2,9.00,12244.05,0.03,0.03,N,O,1997-06-29,1997-08-14,1997-07-19,COLLECT COD,AIR,iously even ideas cajole slyly special dec
3041-3,3041,675,38,3,9.00,14181.03,0.09,0.06,N,O,1997-08-28,1997-07-23,1997-09-16,TAKE BACK RETURN,FOB,"ly about the express, spec"
3042-1,3042,1050,56,1,30.00,28531.50,0.08,0.06,A,F,1995-01-12,1995-02-15,1995-01-24,DELIVER IN PERSON,SHIP,quests haggle fluffily
3042-2,3042,1015,16,2,28.00,25648.28,0.05,0.03,A,F,1994-11-24,1995-01-02,1994-12-06,TAKE BACK RETURN,MAIL,ess deposits detec
3042-3,3042,137,64,3,34.00,35262.42,0.04,0.00,R,F,1994-12-11,1995-02-03,1994-12-21,TAKE BACK RETURN,TRUCK,"fily among the ironic, regular dolphins."
3042-4,3042,474,33,4,19.00,26114.93,0.02,0.01,A,F,1995-03-05,1995-01-24,1995-03-17,COLLECT COD,TRUCK,lyly after the sly
3043-1,3043,454,13,1,23.00,31152.35,0.07,0.04,R,F,1992-05-08,1992-07-22,1992-05-18,COLLECT COD,TRUCK,hely ironic accounts boos
3043-2,3043,59,35,2,15.00,14385.75,0.03,0.05,A,F,1992-05-27,1992-06-03,1992-06-09,COLLECT COD,FOB,efully unusual
3043-3,3043,593,94,3,42.00,62730.78,0.10,0.07,R,F,1992-07-15,1992-06-19,1992-07-23,NONE,MAIL,lyly pending 
3043-4,3043,905,6,4,5.00,9029.50,0.10,0.01,A,F,1992-05-22,1992-07-02,1992-06-20,TAKE BACK RETURN,TRUCK,unts sleep quic
3044-1,3044,1010,11,1,10.00,9110.10,0.07,0.08,N,O,1996-07-13,1996-05-06,1996-07-21,TAKE BACK RETURN,REG AIR,; pending foxes are slyly
3044-2,3044,1671,13,2,3.00,4718.01,0.06,0.02,N,O,1996-07-27,1996-05-26,1996-08-15,TAKE BACK RETURN,AIR,ies! final deposits snooze carefully. re
3044-3,3044,185,12,3,47.00,51003.46,0.09,0.00,N,O,1996-05-24,1996-06-22,1996-05-30,NONE,REG AIR,st the quickly fi
3045-1,3045,877,78,1,41.00,72892.67,0.05,0.01,N,O,1995-09-30,1995-11-24,1995-10-03,TAKE BACK RETURN,MAIL,yly along the blithely unusual deposits? 
3045-2,3045,682,45,2,48.00,75968.64,0.02,0.03,N,O,1995-10-01,1995-12-16,1995-10-10,TAKE BACK RETURN,MAIL,riously beyond the asy
3046-1,3046,733,34,1,44.00,71884.12,0.03,0.03,N,O,1996-03-03,1996-02-25,1996-04-01,NONE,AIR,heodolites. furiousl
3046-2,3046,537,38,2,46.00,66126.38,0.03,0.08,N,O,1996-03-22,1996-02-28,1996-04-07,TAKE BACK RETURN,AIR,arefully ironic ac
3046-3,3046,16,92,3,31.00,28396.31,0.03,0.07,N,O,1996-03-24,1996-01-30,1996-03-26,NONE,RAIL,"e regular, final pinto beans. carefully fi"
3047-1,3047,1040,41,1,17.00,15997.68,0.08,0.02,N,O,1997-06-14,1997-04-20,1997-06-23,COLLECT COD,FOB,final warthogs l
3047-2,3047,140,93,2,23.00,23923.22,0.00,0.04,N,O,1997-05-20,1997-06-14,1997-05-28,TAKE BACK RETURN,REG AIR,ans. slyly i
3072-1,3072,566,57,1,6.00,8799.36,0.09,0.05,R,F,1994-02-09,1994-03-24,1994-02-28,DELIVER IN PERSON,REG AIR,furiously even inst
3072-2,3072,1072,43,2,36.00,35030.52,0.07,0.02,R,F,1994-04-14,1994-04-22,1994-05-06,COLLECT COD,AIR,lithely ironic foxes aga
3072-3,3072,968,69,3,7.00,13082.72,0.04,0.07,R,F,1994-05-09,1994-03-31,1994-05-19,COLLECT COD,TRUCK,"cial attainments. regular, "
3072-4,3072,828,62,4,39.00,67423.98,0.05,0.08,A,F,1994-05-27,1994-04-20,1994-06-14,COLLECT COD,MAIL,ideas wake bl
3072-5,3072,874,75,5,1.00,1774.87,0.01,0.08,R,F,1994-02-26,1994-03-14,1994-03-19,NONE,AIR,quickly. carefully final reque
3073-1,3073,1940,29,1,16.00,29471.04,0.07,0.01,R,F,1994-03-02,1994-03-23,1994-03-31,DELIVER IN PERSON,AIR,d slyly! accounts
3073-2,3073,218,100,2,47.00,52555.87,0.09,0.00,R,F,1994-03-26,1994-02-12,1994-04-21,NONE,REG AIR,ckly. unusual asy
3073-3,3073,861,95,3,10.00,17618.60,0.03,0.00,R,F,1994-02-11,1994-03-24,1994-02-26,COLLECT COD,FOB, across the quic
3073-4,3073,286,14,4,14.00,16607.92,0.09,0.07,R,F,1994-03-24,1994-04-01,1994-04-07,NONE,RAIL, theodolites-- fluffily
3073-5,3073,405,93,5,25.00,32635.00,0.00,0.07,R,F,1994-04-14,1994-03-07,1994-04-22,NONE,TRUCK,final asymptotes. ironic foxes acr
3073-6,3073,1468,69,6,39.00,53408.94,0.09,0.02,R,F,1994-05-01,1994-02-16,1994-05-12,DELIVER IN PERSON,AIR,refully silent platelets sleep careful
3073-7,3073,438,39,7,11.00,14722.73,0.08,0.07,A,F,1994-05-01,1994-03-06,1994-05-08,COLLECT COD,SHIP,pending accounts integrate even theo
3074-1,3074,367,24,1,50.00,63368.00,0.08,0.08,A,F,1993-01-31,1992-12-15,1993-02-20,NONE,AIR,ely regular theodolites. furiously 
3074-2,3074,1384,99,2,39.00,50129.82,0.03,0.00,R,F,1992-12-08,1993-01-28,1992-12-09,DELIVER IN PERSON,TRUCK,yly. careful
3075-1,3075,90,66,1,39.00,38613.51,0.02,0.03,A,F,1994-06-10,1994-06-21,1994-06-20,NONE,FOB,ess packages. acc
3075-2,3075,512,43,2,2.00,2825.02,0.07,0.08,R,F,1994-06-14,1994-06-10,1994-06-25,TAKE BACK RETURN,AIR,equests alongside of the fluffily regular 
3076-1,3076,845,46,1,44.00,76816.96,0.00,0.05,A,F,1993-09-14,1993-10-04,1993-09-17,TAKE BACK RETURN,FOB,thely furiously
3076-2,3076,1053,24,2,22.00,20989.10,0.08,0.00,A,F,1993-09-05,1993-09-10,1993-09-27,NONE,REG AIR,"lent, ironic package"
3076-3,3076,42,68,3,31.00,29203.24,0.06,0.06,A,F,1993-08-10,1993-09-17,1993-08-17,TAKE BACK RETURN,SHIP, detect evenl
3077-1,3077,718,51,1,25.00,40467.75,0.06,0.01,N,O,1997-09-14,1997-10-16,1997-10-06,NONE,TRUCK,dinos wake c
3077-2,3077,902,37,2,40.00,72116.00,0.05,0.06,N,O,1997-10-22,1997-09-19,1997-11-19,DELIVER IN PERSON,AIR,"gle carefully ironic, "
3077-3,3077,779,44,3,13.00,21837.01,0.03,0.07,N,O,1997-09-09,1997-10-15,1997-09-19,NONE,TRUCK,refully final package
3077-4,3077,1147,56,4,23.00,24107.22,0.03,0.02,N,O,1997-11-05,1997-09-16,1997-11-20,NONE,MAIL,ptotes wake. slyly regular instruc
3078-1,3078,1315,16,1,25.00,30407.75,0.01,0.03,A,F,1993-04-22,1993-05-01,1993-04-28,TAKE BACK RETURN,AIR, furiously above the fluffily b
3078-2,3078,772,5,2,21.00,35128.17,0.09,0.07,A,F,1993-03-20,1993-03-21,1993-04-01,COLLECT COD,AIR,uctions. unu
3079-1,3079,691,85,1,20.00,31833.80,0.05,0.00,N,O,1997-10-18,1997-10-26,1997-11-14,NONE,RAIL,ole. ironic excuses use. quickly pend
3079-2,3079,1165,2,2,38.00,40514.08,0.08,0.07,N,O,1997-11-07,1997-11-25,1997-12-06,NONE,RAIL,bold hockey players. caref
3079-3,3079,167,68,3,40.00,42686.40,0.02,0.08,N,O,1997-09-26,1997-12-11,1997-10-09,NONE,RAIL,posits sleep pending requests. fur
3079-4,3079,233,34,4,2.00,2266.46,0.00,0.08,N,O,1998-01-05,1997-11-17,1998-01-28,NONE,FOB, courts was slyly slyly
3079-5,3079,1876,20,5,2.00,3555.74,0.10,0.00,N,O,1997-12-27,1997-10-25,1998-01-08,COLLECT COD,SHIP,al packages x-ray slyly 
3079-6,3079,1654,78,6,46.00,71559.90,0.00,0.00,N,O,1997-11-19,1997-11-04,1997-11-25,DELIVER IN PERSON,REG AIR,ts maintain again
3104-1,3104,506,67,1,20.00,28130.00,0.01,0.08,A,F,1993-12-31,1993-11-24,1994-01-12,DELIVER IN PERSON,REG AIR,to beans print sly
3104-2,3104,476,35,2,47.00,64694.09,0.02,0.05,A,F,1993-12-25,1993-11-02,1994-01-12,COLLECT COD,RAIL,n foxes use sl
3104-3,3104,630,31,3,11.00,16836.93,0.02,0.03,A,F,1993-10-05,1993-11-30,1993-10-27,NONE,TRUCK,deposits sleep. spe
3104-4,3104,379,80,4,26.00,33263.62,0.02,0.08,R,F,1994-01-02,1993-12-05,1994-01-31,TAKE BACK RETURN,TRUCK, blithely above the even f
3105-1,3105,1835,22,1,11.00,19105.13,0.01,0.06,N,O,1997-02-07,1997-02-09,1997-03-01,NONE,FOB,t depths. sometimes
3105-2,3105,445,46,2,9.00,12108.96,0.08,0.08,N,O,1996-12-25,1997-02-04,1997-01-09,COLLECT COD,SHIP,osits. slyly fi
3105-3,3105,245,100,3,48.00,54971.52,0.02,0.05,N,O,1997-02-28,1997-01-31,1997-03-18,DELIVER IN PERSON,REG AIR,iously pending theodolites haggle blithely.
3105-4,3105,905,8,4,23.00,41535.70,0.04,0.07,N,O,1997-03-08,1996-12-14,1997-03-18,COLLECT COD,REG AIR,ic deposits detect among the regular theodo
3105-5,3105,894,61,5,8.00,14359.12,0.07,0.07,N,O,1996-12-28,1996-12-28,1997-01-25,NONE,FOB,kages wake quickly express packages
3105-6,3105,463,51,6,30.00,40903.80,0.08,0.05,N,O,1997-03-03,1997-02-03,1997-03-05,NONE,FOB,"lar, ironic requests. expr"
3106-1,3106,857,91,1,22.00,38672.70,0.03,0.02,N,O,1997-02-28,1997-02-12,1997-03-03,DELIVER IN PERSON,FOB,ages boost closely. carefull
3106-2,3106,1359,74,2,49.00,61757.15,0.06,0.06,N,O,1997-02-27,1997-03-11,1997-03-12,NONE,TRUCK,ar frays. furiously pending d
3106-3,3106,518,79,3,42.00,59577.42,0.09,0.07,N,O,1997-04-05,1997-03-17,1997-04-22,COLLECT COD,REG AIR,ronic platelets. carefully u
3106-4,3106,1957,90,4,6.00,11153.70,0.10,0.07,N,O,1997-02-02,1997-04-11,1997-02-27,COLLECT COD,REG AIR, the fluffily final dolphins. slyly e
3106-5,3106,646,9,5,16.00,24746.24,0.09,0.08,N,O,1997-02-25,1997-04-10,1997-03-16,NONE,AIR,es. blithely p
3107-1,3107,1482,22,1,16.00,22135.68,0.05,0.04,N,O,1997-08-30,1997-10-20,1997-09-20,TAKE BACK RETURN,REG AIR,"grate. pending, regular decoys boost bli"
3107-2,3107,1417,18,2,35.00,46144.35,0.05,0.06,N,O,1997-08-27,1997-11-19,1997-09-14,COLLECT COD,TRUCK,s use slyly. slyly regular theodolites
3107-3,3107,1698,40,3,23.00,36792.87,0.03,0.06,N,O,1997-12-10,1997-11-11,1997-12-14,TAKE BACK RETURN,SHIP,to the carefull
3107-4,3107,861,95,4,27.00,47570.22,0.00,0.08,N,O,1997-11-15,1997-10-31,1997-11-28,DELIVER IN PERSON,FOB,into beans! care
3108-1,3108,1090,26,1,37.00,36670.33,0.06,0.04,A,F,1993-10-16,1993-10-01,1993-11-09,DELIVER IN PERSON,RAIL,y even requests. 
3108-2,3108,1659,83,2,26.00,40576.90,0.08,0.05,A,F,1993-11-12,1993-10-05,1993-12-09,COLLECT COD,TRUCK,ronic deposits wake furiously.
3109-1,3109,176,3,1,32.00,34437.44,0.08,0.03,A,F,1993-09-05,1993-10-06,1993-09-18,DELIVER IN PERSON,FOB,"eas are slyly. even, ir"
3109-2,3109,1448,66,2,49.00,66122.56,0.08,0.06,R,F,1993-10-24,1993-09-30,1993-11-21,TAKE BACK RETURN,AIR,ld requests: slyly special instr
3109-3,3109,1753,80,3,43.00,71154.25,0.04,0.07,R,F,1993-09-29,1993-09-06,1993-10-13,COLLECT COD,MAIL,fully special packa
3109-4,3109,782,83,4,26.00,43752.28,0.01,0.05,R,F,1993-11-16,1993-10-18,1993-12-06,TAKE BACK RETURN,TRUCK, final instructions may caj
3109-5,3109,1421,39,5,50.00,66121.00,0.01,0.08,A,F,1993-09-17,1993-10-16,1993-10-11,NONE,FOB, deposits. slyly ironic ideas cajole blit
3109-6,3109,150,77,6,10.00,10501.50,0.10,0.04,A,F,1993-10-26,1993-10-03,1993-11-09,NONE,TRUCK,yly regular theodolites doubt pending foxe
3110-1,3110,885,52,1,1.00,1785.88,0.02,0.07,A,F,1995-01-15,1995-01-20,1995-01-30,DELIVER IN PERSON,REG AIR,rets. unusual p
3110-2,3110,565,26,2,31.00,45432.36,0.01,0.06,R,F,1995-03-31,1995-03-07,1995-04-21,TAKE BACK RETURN,REG AIR,t the furiously eve
3110-3,3110,21,97,3,34.00,31314.68,0.02,0.02,A,F,1995-02-23,1995-01-27,1995-03-09,TAKE BACK RETURN,FOB," express, final tithes"
3110-4,3110,391,92,4,16.00,20662.24,0.04,0.04,A,F,1995-01-10,1995-02-06,1995-01-26,NONE,MAIL,usly fluffily silent sa
3110-5,3110,1397,12,5,39.00,50637.21,0.09,0.01,A,F,1995-02-09,1995-01-21,1995-02-21,NONE,MAIL,gular instructions sleep furiously by the f
3111-1,3111,1370,47,1,22.00,27970.14,0.06,0.05,N,O,1995-09-21,1995-11-09,1995-10-17,COLLECT COD,REG AIR,posits detect slyly. furiously even r
3111-2,3111,572,63,2,30.00,44177.10,0.06,0.05,N,O,1995-10-05,1995-11-15,1995-11-01,TAKE BACK RETURN,TRUCK, bold dependencies are express pinto bean
3111-3,3111,514,15,3,10.00,14145.10,0.02,0.02,N,O,1995-11-10,1995-11-02,1995-12-04,NONE,FOB,egular accounts may slee
3111-4,3111,1311,88,4,31.00,37581.61,0.00,0.08,N,O,1995-10-26,1995-09-26,1995-11-02,TAKE BACK RETURN,MAIL,ess dependencies cajole slyly. b
3111-5,3111,535,26,5,14.00,20097.42,0.05,0.04,N,O,1995-10-17,1995-10-19,1995-10-19,TAKE BACK RETURN,SHIP, slyly. ev
3111-6,3111,856,90,6,5.00,8784.25,0.03,0.08,N,O,1995-08-30,1995-10-16,1995-09-04,DELIVER IN PERSON,TRUCK,nal packages according
3111-7,3111,1474,75,7,41.00,56394.27,0.09,0.05,N,O,1995-11-22,1995-11-01,1995-12-01,TAKE BACK RETURN,FOB, sleep fluffily t
3136-1,3136,1414,93,1,30.00,39462.30,0.02,0.08,R,F,1994-08-13,1994-10-02,1994-09-02,TAKE BACK RETURN,RAIL,s. blithely 
3136-2,3136,1027,28,2,7.00,6496.14,0.05,0.07,A,F,1994-10-08,1994-09-14,1994-10-11,TAKE BACK RETURN,SHIP,y final accounts about the 
3136-3,3136,1573,54,3,43.00,63406.51,0.00,0.07,A,F,1994-09-05,1994-09-25,1994-09-11,NONE,RAIL,ly express instructions.
3136-4,3136,1152,61,4,26.00,27381.90,0.04,0.05,A,F,1994-10-13,1994-11-07,1994-11-05,TAKE BACK RETURN,AIR, regular requests nag carefully. slyly iron
3136-5,3136,668,69,5,2.00,3137.32,0.08,0.07,R,F,1994-11-21,1994-11-03,1994-11-26,DELIVER IN PERSON,TRUCK,"xpress, quick requ"
3136-6,3136,799,100,6,29.00,49293.91,0.08,0.07,A,F,1994-11-16,1994-10-03,1994-12-14,NONE,FOB,pendencies detec
3137-1,3137,24,25,1,6.00,5544.12,0.02,0.02,N,O,1995-09-19,1995-10-23,1995-10-16,NONE,SHIP,lyly to the c
3137-2,3137,52,28,2,4.00,3808.20,0.06,0.04,N,O,1995-10-01,1995-09-11,1995-10-30,COLLECT COD,RAIL,gular excuses affix furiously fluffily 
3138-1,3138,925,60,1,7.00,12781.44,0.05,0.05,R,F,1994-03-04,1994-03-14,1994-03-20,NONE,AIR,rious packages doze furiously fluffily 
3138-2,3138,436,37,2,27.00,36083.61,0.09,0.01,R,F,1994-03-24,1994-03-23,1994-04-18,DELIVER IN PERSON,FOB,o the closely final requests. foxes sleep 
3138-3,3138,1966,67,3,32.00,59774.72,0.00,0.01,R,F,1994-02-24,1994-05-07,1994-02-28,TAKE BACK RETURN,MAIL,to beans. even dolphins across the car
3138-4,3138,1714,15,4,38.00,61396.98,0.07,0.04,R,F,1994-02-21,1994-03-21,1994-03-13,COLLECT COD,FOB,slyly across the bo
3138-5,3138,96,97,5,12.00,11953.08,0.09,0.02,A,F,1994-03-04,1994-04-11,1994-03-21,COLLECT COD,FOB,n accounts nag carefully
3138-6,3138,432,91,6,25.00,33310.75,0.05,0.08,A,F,1994-05-19,1994-04-07,1994-06-17,TAKE BACK RETURN,AIR,permanent instructions. foxes sleep q
3139-1,3139,394,23,1,46.00,59541.94,0.08,0.03,R,F,1992-04-28,1992-03-04,1992-05-19,TAKE BACK RETURN,FOB, furiously regular account
3140-1,3140,66,42,1,21.00,20287.26,0.08,0.02,R,F,1992-04-12,1992-05-31,1992-04-21,NONE,REG AIR,usly. blithely unusual asymptotes wake.
3140-2,3140,887,21,2,10.00,17878.80,0.07,0.01,A,F,1992-05-30,1992-05-09,1992-06-09,COLLECT COD,RAIL,ests. sauternes 
3140-3,3140,1327,28,3,28.00,34392.96,0.06,0.00,R,F,1992-06-08,1992-07-07,1992-07-08,TAKE BACK RETURN,SHIP,sly pending ideas. reques
3141-1,3141,1765,50,1,32.00,53336.32,0.06,0.00,N,O,1995-11-21,1995-12-18,1995-11-26,DELIVER IN PERSON,FOB,ke permanently fluffily 
3141-2,3141,94,70,2,37.00,36781.33,0.10,0.05,N,O,1996-01-24,1995-12-16,1996-01-27,DELIVER IN PERSON,AIR,ly ironic asymptotes are according to th
3141-3,3141,782,79,3,9.00,15145.02,0.09,0.02,N,O,1995-11-11,1995-12-10,1995-12-02,DELIVER IN PERSON,MAIL,osits within the req
3141-4,3141,460,19,4,47.00,63941.62,0.03,0.01,N,O,1995-11-29,1996-01-13,1995-12-10,TAKE BACK RETURN,TRUCK,oost regularl
3142-1,3142,1193,66,1,15.00,16412.85,0.03,0.08,R,F,1992-08-15,1992-08-18,1992-08-22,DELIVER IN PERSON,AIR,s integrate along the slyly final ide
3143-1,3143,899,99,1,22.00,39597.58,0.02,0.00,A,F,1993-05-11,1993-03-26,1993-05-20,TAKE BACK RETURN,MAIL,into beans wake at the furio
3143-2,3143,1823,53,2,40.00,68992.80,0.03,0.08,A,F,1993-05-07,1993-03-29,1993-05-17,COLLECT COD,FOB, bold ideas sleep blithely carefu
3143-3,3143,1825,69,3,22.00,37990.04,0.05,0.03,A,F,1993-03-18,1993-05-09,1993-04-14,DELIVER IN PERSON,MAIL,s cajole un
3143-4,3143,657,58,4,46.00,71651.90,0.05,0.08,R,F,1993-04-19,1993-03-21,1993-05-05,COLLECT COD,REG AIR,iously about the furiously final foxes--
3168-1,3168,600,31,1,46.00,69027.60,0.08,0.08,R,F,1992-02-14,1992-03-02,1992-03-02,TAKE BACK RETURN,SHIP,e around the ironic ideas. furiously
3168-2,3168,1537,38,2,1.00,1438.53,0.06,0.08,A,F,1992-05-27,1992-03-12,1992-06-09,TAKE BACK RETURN,SHIP,"pinto beans sleep slyly special, bold ins"
3168-3,3168,1271,9,3,13.00,15239.51,0.09,0.02,A,F,1992-03-05,1992-04-29,1992-03-15,NONE,SHIP,nusual accounts sleep car
3168-4,3168,1645,69,4,11.00,17013.04,0.02,0.05,R,F,1992-04-12,1992-03-17,1992-05-12,COLLECT COD,SHIP,lites use furiously aft
3169-1,3169,1911,56,1,12.00,21754.92,0.01,0.04,R,F,1994-01-05,1994-03-18,1994-01-21,COLLECT COD,REG AIR,y accordin
3169-2,3169,1999,88,2,17.00,32316.83,0.05,0.04,R,F,1994-03-02,1994-01-21,1994-03-03,DELIVER IN PERSON,TRUCK,ccounts haggle furiously. sl
3169-3,3169,1874,75,3,12.00,21310.44,0.08,0.07,A,F,1994-04-18,1994-03-12,1994-05-08,TAKE BACK RETURN,FOB,olites. furi
3169-4,3169,1050,51,4,26.00,24727.30,0.10,0.04,R,F,1994-04-08,1994-03-21,1994-04-29,NONE,TRUCK, asymptotes nag slyly quickly si
3169-5,3169,1078,79,5,6.00,5874.42,0.09,0.01,A,F,1994-03-24,1994-02-22,1994-04-04,TAKE BACK RETURN,AIR,unts hang carefully a
3169-6,3169,1761,62,6,46.00,76486.96,0.02,0.07,A,F,1994-02-01,1994-01-22,1994-02-24,DELIVER IN PERSON,RAIL,nt accounts. silent accounts 
3170-1,3170,399,84,1,12.00,15592.68,0.03,0.03,N,O,1998-02-12,1998-01-17,1998-02-24,NONE,TRUCK,le slyly about the ideas. sl
3170-2,3170,991,26,2,21.00,39731.79,0.01,0.00,N,O,1997-12-09,1998-01-31,1997-12-21,DELIVER IN PERSON,MAIL,l packages cajole blithely slyly iron
3170-3,3170,884,51,3,27.00,48191.76,0.00,0.05,N,O,1998-02-25,1998-01-29,1998-02-27,COLLECT COD,AIR,uests. furiously even dependen
3170-4,3170,409,10,4,34.00,44519.60,0.05,0.04,N,O,1998-02-01,1998-01-11,1998-02-20,TAKE BACK RETURN,TRUCK,ag! special dolphins doubt ca
3170-5,3170,898,99,5,32.00,57564.48,0.02,0.04,N,O,1997-11-24,1997-12-12,1997-12-15,COLLECT COD,SHIP,ructions are carefully sly
3170-6,3170,1092,63,6,43.00,42702.87,0.08,0.05,N,O,1998-01-05,1998-01-04,1998-01-14,NONE,REG AIR, deposits sleep quickly; f
3170-7,3170,839,40,7,26.00,45235.58,0.10,0.05,N,O,1998-02-12,1997-12-22,1998-02-28,COLLECT COD,TRUCK,ar pinto beans nag c
3171-1,3171,464,94,1,34.00,46391.64,0.04,0.00,A,F,1993-05-30,1993-05-27,1993-06-06,DELIVER IN PERSON,REG AIR,ully; blithely regular accounts boo
3171-2,3171,1384,85,2,50.00,64269.00,0.01,0.04,A,F,1993-07-19,1993-05-15,1993-07-31,TAKE BACK RETURN,REG AIR,ld theodolites. ironic ideas boo
3172-1,3172,958,27,1,4.00,7435.80,0.06,0.07,A,F,1992-09-26,1992-08-15,1992-10-20,DELIVER IN PERSON,TRUCK,inder after the carefull
3172-2,3172,1479,97,2,43.00,59360.21,0.05,0.07,R,F,1992-08-22,1992-07-07,1992-08-26,COLLECT COD,MAIL,packages. blithel
3172-3,3172,1320,97,3,13.00,15877.16,0.03,0.01,R,F,1992-07-06,1992-08-06,1992-08-05,DELIVER IN PERSON,MAIL,l accounts haggle carefully fi
3172-4,3172,1346,23,4,28.00,34925.52,0.08,0.04,R,F,1992-07-09,1992-07-14,1992-07-16,NONE,MAIL,thely regular deposits boost fur
3172-5,3172,638,39,5,31.00,47697.53,0.05,0.08,A,F,1992-09-01,1992-08-27,1992-09-23,NONE,SHIP,atelets are at the blithely regular excus
3173-1,3173,1942,43,1,35.00,64537.90,0.01,0.08,N,O,1996-09-09,1996-10-15,1996-10-04,TAKE BACK RETURN,RAIL, ironic pearls. accounts use fur
3173-2,3173,1771,56,2,5.00,8363.85,0.09,0.07,N,O,1996-12-06,1996-09-17,1996-12-07,DELIVER IN PERSON,REG AIR,"e pending, e"
3173-3,3173,459,18,3,16.00,21751.20,0.06,0.01,N,O,1996-08-12,1996-09-21,1996-08-22,NONE,SHIP,yly final 
3173-4,3173,940,41,4,2.00,3681.88,0.00,0.00,N,O,1996-10-15,1996-11-06,1996-10-18,COLLECT COD,MAIL,refully fin
3173-5,3173,1845,46,5,2.00,3493.68,0.00,0.06,N,O,1996-08-18,1996-09-21,1996-09-07,DELIVER IN PERSON,MAIL, blithely expres
3174-1,3174,1853,97,1,6.00,10529.10,0.04,0.08,N,O,1996-03-13,1996-02-09,1996-03-22,DELIVER IN PERSON,AIR,row blithely bold
3174-2,3174,1936,25,2,4.00,7351.72,0.01,0.05,N,O,1995-11-17,1996-01-08,1995-11-27,DELIVER IN PERSON,RAIL,ic foxes accor
3174-3,3174,914,49,3,21.00,38113.11,0.08,0.05,N,O,1996-02-20,1995-12-28,1996-03-17,NONE,MAIL,ss excuses. blithely ironic Tir
3174-4,3174,1915,48,4,13.00,23619.83,0.08,0.06,N,O,1996-01-11,1996-01-26,1996-02-01,DELIVER IN PERSON,SHIP,"close packages cajole blithely bold, "
3174-5,3174,711,44,5,39.00,62856.69,0.02,0.06,N,O,1995-12-02,1996-02-08,1995-12-12,TAKE BACK RETURN,TRUCK,ronic accounts are blithely. caref
3174-6,3174,1194,67,6,8.00,8761.52,0.07,0.08,N,O,1995-12-07,1996-01-08,1995-12-29,DELIVER IN PERSON,TRUCK,lyly furiously even 
3175-1,3175,1193,2,1,28.00,30637.32,0.10,0.01,R,F,1994-09-27,1994-10-05,1994-10-04,NONE,FOB,ns. ruthlessly ironic instruc
3175-2,3175,6,32,2,38.00,34428.00,0.01,0.07,R,F,1994-10-10,1994-08-25,1994-10-28,NONE,MAIL,s nag carefully carefu
3175-3,3175,1289,27,3,12.00,14283.36,0.09,0.07,R,F,1994-10-16,1994-09-15,1994-10-18,NONE,AIR,riously about the furiously even 
3175-4,3175,850,50,4,14.00,24511.90,0.02,0.05,R,F,1994-10-21,1994-09-05,1994-11-15,NONE,MAIL,"pending, silent accounts! slyly f"
3175-5,3175,171,50,5,47.00,50344.99,0.08,0.03,R,F,1994-08-08,1994-09-10,1994-08-21,COLLECT COD,REG AIR,"lly. unusual, ironi"
3175-6,3175,1745,46,6,44.00,72456.56,0.01,0.00,R,F,1994-09-26,1994-08-30,1994-10-24,TAKE BACK RETURN,MAIL,fully ironic sentiments detect quickly fin
3175-7,3175,9,35,7,32.00,29088.00,0.01,0.02,R,F,1994-09-29,1994-09-20,1994-10-10,TAKE BACK RETURN,SHIP,re across t
3200-1,3200,1160,69,1,17.00,18039.72,0.10,0.00,N,O,1996-06-06,1996-04-21,1996-06-14,DELIVER IN PERSON,AIR,kly unusual deposits. blithe
3200-2,3200,1655,79,2,27.00,42029.55,0.03,0.00,N,O,1996-05-07,1996-05-01,1996-05-09,TAKE BACK RETURN,REG AIR,es use quickly above the unusual requ
3200-3,3200,1310,87,3,36.00,43607.16,0.01,0.01,N,O,1996-03-22,1996-03-19,1996-03-30,DELIVER IN PERSON,FOB,eposits. sly
3200-4,3200,300,55,4,11.00,13203.30,0.10,0.02,N,O,1996-03-18,1996-03-21,1996-04-14,COLLECT COD,RAIL,uternes. furiou
3200-5,3200,1977,78,5,16.00,30063.52,0.05,0.00,N,O,1996-02-28,1996-03-13,1996-03-11,NONE,RAIL,uickly ironic deposits wake blithely
3200-6,3200,1744,71,6,25.00,41143.50,0.10,0.01,N,O,1996-02-08,1996-04-11,1996-03-06,COLLECT COD,FOB,. furiously express deposits are blithely c
3201-1,3201,458,59,1,11.00,14942.95,0.10,0.06,A,F,1993-09-27,1993-08-29,1993-10-18,NONE,TRUCK,deas about the blithely t
3201-2,3201,1178,51,2,27.00,29137.59,0.08,0.02,R,F,1993-08-31,1993-08-24,1993-09-08,TAKE BACK RETURN,FOB,ly regular excuses. blit
3201-3,3201,1190,63,3,50.00,54559.50,0.00,0.08,R,F,1993-10-27,1993-09-30,1993-11-16,COLLECT COD,TRUCK,"ronic, pending theodol"
3202-1,3202,1827,14,1,30.00,51864.60,0.09,0.02,A,F,1993-03-18,1993-03-10,1993-03-23,COLLECT COD,SHIP,uickly unusual accounts. accou
3202-2,3202,198,25,2,22.00,24160.18,0.01,0.02,R,F,1993-02-16,1993-02-16,1993-03-16,TAKE BACK RETURN,MAIL,nal requests. final depo
3203-1,3203,1435,36,1,23.00,30737.89,0.01,0.07,N,O,1998-01-04,1998-01-12,1998-01-24,COLLECT COD,SHIP,instead of the slowly regular r
3203-2,3203,1878,65,2,22.00,39157.14,0.03,0.03,N,O,1998-02-12,1998-01-01,1998-02-18,TAKE BACK RETURN,REG AIR,ckly even packages. bold theodolites be
3204-1,3204,120,99,1,10.00,10201.20,0.10,0.07,R,F,1993-01-27,1993-03-08,1993-01-29,COLLECT COD,SHIP,refully ironi
3204-2,3204,65,91,2,39.00,37637.34,0.10,0.03,R,F,1993-02-11,1993-03-19,1993-02-28,TAKE BACK RETURN,MAIL,requests wake slyly silently fin
3205-1,3205,677,40,1,7.00,11043.69,0.09,0.00,R,F,1992-07-05,1992-06-17,1992-07-07,NONE,SHIP,unts! fluf
3205-2,3205,288,89,2,32.00,38024.96,0.08,0.03,A,F,1992-06-01,1992-07-10,1992-06-06,TAKE BACK RETURN,RAIL, the accou
3205-3,3205,1027,63,3,38.00,35264.76,0.10,0.08,A,F,1992-07-31,1992-06-03,1992-08-20,DELIVER IN PERSON,AIR,"ding, ironic theodolites was furiously de"
3205-4,3205,554,55,4,10.00,14545.50,0.01,0.07,A,F,1992-06-18,1992-07-04,1992-07-16,COLLECT COD,RAIL,nts integrate. regularly
3205-5,3205,691,23,5,18.00,28650.42,0.03,0.03,A,F,1992-07-04,1992-06-14,1992-08-03,TAKE BACK RETURN,RAIL,ove the quickly final deposits. c
3205-6,3205,1944,33,6,19.00,35072.86,0.07,0.08,R,F,1992-05-28,1992-05-30,1992-06-05,COLLECT COD,AIR,s. unusual excuses maintai
3205-7,3205,690,22,7,36.00,57264.84,0.06,0.03,A,F,1992-05-31,1992-06-19,1992-06-03,TAKE BACK RETURN,SHIP,al theodolites-- always pending
3206-1,3206,1752,79,1,1.00,1653.75,0.07,0.05,N,O,1996-11-22,1996-10-16,1996-12-07,TAKE BACK RETURN,FOB,ly special accounts. care
3206-2,3206,1108,45,2,37.00,37336.70,0.07,0.01,N,O,1996-09-06,1996-10-31,1996-09-25,COLLECT COD,SHIP,fully regular instructi
3206-3,3206,1856,57,3,24.00,42188.40,0.00,0.08,N,O,1996-08-25,1996-10-01,1996-09-04,COLLECT COD,TRUCK,ily. bold pinto beans u
3207-1,3207,1125,34,1,2.00,2052.24,0.10,0.03,N,O,1998-06-15,1998-04-20,1998-06-21,COLLECT COD,MAIL,ffily final courts nag quickly i
3207-2,3207,706,3,2,42.00,67481.40,0.00,0.00,N,O,1998-05-02,1998-05-10,1998-06-01,NONE,SHIP,ests. regular ideas above the slyly regular
3207-3,3207,1515,96,3,17.00,24080.67,0.03,0.04,N,O,1998-03-27,1998-04-06,1998-03-28,COLLECT COD,RAIL,thely furiously quiet pinto beans. spec
3207-4,3207,189,42,4,32.00,34853.76,0.00,0.03,N,O,1998-06-17,1998-04-26,1998-07-07,TAKE BACK RETURN,SHIP,instructions. busily final courts wa
3207-5,3207,828,62,5,8.00,13830.56,0.00,0.06,N,O,1998-06-13,1998-04-26,1998-07-11,COLLECT COD,SHIP,ly even packa
3207-6,3207,1337,14,6,32.00,39626.56,0.03,0.05,N,O,1998-04-19,1998-05-01,1998-05-08,COLLECT COD,FOB,"arefully. busy, ironic tithes cajole"
3232-1,3232,133,34,1,22.00,22728.86,0.10,0.01,A,F,1992-11-30,1992-12-09,1992-12-04,NONE,RAIL,. blithely p
3232-2,3232,1344,83,2,34.00,42341.56,0.07,0.04,R,F,1993-01-09,1992-11-14,1993-02-03,NONE,SHIP,arefully pending requests! quic
3232-3,3232,1803,33,3,3.00,5114.40,0.04,0.06,R,F,1992-12-14,1992-12-11,1992-12-29,DELIVER IN PERSON,FOB,nd the enticingly ironic
3233-1,3233,506,7,1,23.00,32349.50,0.04,0.05,A,F,1994-12-07,1995-01-11,1994-12-26,NONE,AIR,ld tithes according to the slyly even asy
3233-2,3233,1535,56,2,6.00,8619.18,0.02,0.08,A,F,1994-12-06,1994-12-05,1994-12-07,TAKE BACK RETURN,REG AIR,mptotes. furiously even instructions a
3233-3,3233,999,2,3,2.00,3799.98,0.04,0.06,R,F,1995-01-03,1995-01-02,1995-01-21,TAKE BACK RETURN,AIR,o beans. fluffily express
3233-4,3233,86,12,4,25.00,24652.00,0.04,0.07,A,F,1994-11-24,1995-01-07,1994-12-11,NONE,RAIL,ites wake 
3234-1,3234,790,91,1,45.00,76085.55,0.01,0.04,N,O,1996-05-15,1996-05-09,1996-06-02,DELIVER IN PERSON,TRUCK,lithely even theodolites use. furi
3234-2,3234,833,33,2,23.00,39878.09,0.03,0.00,N,O,1996-05-29,1996-05-15,1996-06-17,DELIVER IN PERSON,AIR,ironic ideas; regular asymp
3234-3,3234,741,6,3,16.00,26267.84,0.06,0.05,N,O,1996-06-10,1996-05-30,1996-06-18,COLLECT COD,RAIL, dolphins boost: furiously regular 
3234-4,3234,1211,86,4,50.00,55610.50,0.09,0.05,N,O,1996-06-11,1996-05-19,1996-06-18,NONE,MAIL,en pinto beans. quickly pending dolphins
3234-5,3234,1643,26,5,14.00,21624.96,0.01,0.07,N,O,1996-04-06,1996-05-30,1996-04-13,NONE,REG AIR,p carefully bold 
3235-1,3235,1082,18,1,9.00,8847.72,0.07,0.00,N,O,1995-11-17,1995-12-24,1995-11-30,COLLECT COD,AIR,cial pinto beans nag slyly. i
3235-2,3235,949,50,2,43.00,79547.42,0.10,0.07,N,O,1995-12-25,1996-01-23,1996-01-09,COLLECT COD,MAIL,"lar, bold pinto b"
3235-3,3235,1377,78,3,29.00,37072.73,0.06,0.06,N,O,1996-01-28,1995-12-26,1996-02-12,DELIVER IN PERSON,RAIL,ts boost. always e
3235-4,3235,1774,75,4,23.00,38542.71,0.00,0.01,N,O,1996-02-16,1996-01-05,1996-03-07,DELIVER IN PERSON,SHIP,luffily pending deposit
3236-1,3236,1163,36,1,10.00,10641.60,0.06,0.05,N,O,1996-11-15,1996-12-14,1996-11-29,TAKE BACK RETURN,AIR,ag slyly across the ca
3236-2,3236,1217,55,2,21.00,23482.41,0.01,0.07,N,O,1996-12-23,1996-12-12,1997-01-21,NONE,AIR,sly regular p
3236-3,3236,1171,8,3,7.00,7505.19,0.07,0.01,N,O,1996-12-27,1996-12-18,1997-01-24,DELIVER IN PERSON,SHIP,ccording to the qui
3237-1,3237,108,35,1,11.00,11089.10,0.02,0.07,A,F,1992-08-03,1992-07-31,1992-08-13,TAKE BACK RETURN,AIR,osits boost carefully. furiously specia
3238-1,3238,717,18,1,12.00,19412.52,0.06,0.01,R,F,1993-03-06,1993-05-08,1993-04-01,DELIVER IN PERSON,AIR, silent dolphins are above the ironic 
3238-2,3238,1724,9,2,26.00,42268.72,0.01,0.06,A,F,1993-02-25,1993-04-04,1993-03-20,TAKE BACK RETURN,REG AIR, deposits. slyly regular pinto beans ca
3238-3,3238,801,35,3,1.00,1701.80,0.00,0.04,R,F,1993-05-17,1993-04-18,1993-05-27,NONE,SHIP,side of the
3239-1,3239,445,4,1,50.00,67272.00,0.05,0.01,N,O,1998-02-09,1998-04-02,1998-02-22,NONE,FOB,"ial, express ac"
3239-2,3239,449,8,2,43.00,58025.92,0.01,0.06,N,O,1998-01-15,1998-03-12,1998-01-29,COLLECT COD,REG AIR,ttainments. furiously ex
3239-3,3239,130,57,3,13.00,13391.69,0.01,0.05,N,O,1998-02-10,1998-02-19,1998-02-25,DELIVER IN PERSON,MAIL,ts about the blithely
3239-4,3239,1949,50,4,26.00,48124.44,0.03,0.05,N,O,1998-01-21,1998-03-21,1998-02-08,DELIVER IN PERSON,SHIP,riously. slyly even pinto beans 
3239-5,3239,118,71,5,31.00,31561.41,0.10,0.08,N,O,1998-04-14,1998-03-24,1998-04-17,DELIVER IN PERSON,FOB,lent requests
3264-1,3264,1996,97,1,39.00,74021.61,0.06,0.06,N,O,1996-11-07,1996-12-12,1996-11-20,TAKE BACK RETURN,REG AIR,ites. quickly even accounts cajole al
3264-2,3264,1303,4,2,34.00,40946.20,0.00,0.01,N,O,1997-01-03,1997-01-06,1997-01-29,TAKE BACK RETURN,REG AIR,ts was blithely. ironic ex
3264-3,3264,1243,55,3,11.00,12586.64,0.09,0.03,N,O,1996-12-11,1996-12-19,1996-12-15,DELIVER IN PERSON,SHIP,"es are even, fin"
3264-4,3264,1087,88,4,24.00,23713.92,0.09,0.07,N,O,1997-01-07,1996-12-13,1997-01-11,TAKE BACK RETURN,RAIL,ress excuses 
3264-5,3264,622,23,5,6.00,9135.72,0.04,0.03,N,O,1996-11-10,1996-12-05,1996-11-22,TAKE BACK RETURN,SHIP, pinto beans sleep along
3264-6,3264,1404,5,6,43.00,56132.20,0.06,0.06,N,O,1997-01-17,1997-01-24,1997-02-01,TAKE BACK RETURN,TRUCK,eep carefully. fluffily f
3265-1,3265,249,4,1,8.00,9193.92,0.06,0.02,A,F,1992-09-01,1992-09-12,1992-09-27,DELIVER IN PERSON,TRUCK,e blithely pending asymptotes sleep a
3265-2,3265,718,51,2,7.00,11330.97,0.09,0.00,R,F,1992-09-16,1992-09-04,1992-10-14,DELIVER IN PERSON,MAIL,ole quickly special accounts. ir
3265-3,3265,1901,90,3,28.00,50481.20,0.09,0.08,A,F,1992-10-22,1992-08-23,1992-10-25,NONE,RAIL,gular excuses. furiously specia
3266-1,3266,632,95,1,31.00,47511.53,0.09,0.02,N,O,1995-06-19,1995-05-04,1995-07-06,COLLECT COD,MAIL,t about the quickly unusual excuses. ent
3266-2,3266,379,8,2,43.00,55012.91,0.06,0.07,R,F,1995-05-04,1995-05-30,1995-05-11,COLLECT COD,AIR,ccounts. special dependenci
3267-1,3267,1843,73,1,33.00,57579.72,0.06,0.01,N,O,1997-03-30,1997-03-25,1997-04-23,TAKE BACK RETURN,AIR,ld theodol
3268-1,3268,957,58,1,1.00,1857.95,0.06,0.08,A,F,1994-09-12,1994-08-31,1994-09-16,NONE,TRUCK," accounts across the daring, special"
3268-2,3268,420,50,2,40.00,52816.80,0.08,0.01,R,F,1994-06-30,1994-08-22,1994-07-25,COLLECT COD,FOB, according to
3269-1,3269,1608,50,1,40.00,60384.00,0.02,0.07,N,O,1996-06-11,1996-05-06,1996-06-15,DELIVER IN PERSON,TRUCK,"nal, silent p"
3269-2,3269,373,58,2,46.00,58575.02,0.00,0.02,N,O,1996-04-21,1996-04-12,1996-05-10,DELIVER IN PERSON,MAIL,accounts affix. care
3269-3,3269,431,19,3,39.00,51925.77,0.02,0.03,N,O,1996-03-13,1996-05-26,1996-03-19,COLLECT COD,MAIL,he quickly final fox
3269-4,3269,821,88,4,37.00,63707.34,0.07,0.05,N,O,1996-06-14,1996-04-27,1996-07-07,NONE,MAIL,tes. accounts alongside of th
3269-5,3269,925,28,5,42.00,76688.64,0.09,0.05,N,O,1996-03-19,1996-04-24,1996-04-18,COLLECT COD,TRUCK,about the carefully unu
3269-6,3269,1301,16,6,16.00,19236.80,0.01,0.08,N,O,1996-03-03,1996-04-06,1996-03-06,NONE,RAIL, the silently regular excuses a
3270-1,3270,341,70,1,11.00,13654.74,0.07,0.06,N,O,1997-07-29,1997-08-11,1997-08-05,TAKE BACK RETURN,AIR,blithely unusual requests wake a
3270-2,3270,372,57,2,44.00,55984.28,0.10,0.05,N,O,1997-07-20,1997-08-15,1997-08-04,DELIVER IN PERSON,SHIP,ve the blithely sly grouch
3270-3,3270,643,75,3,20.00,30872.80,0.01,0.02,N,O,1997-08-26,1997-07-31,1997-08-30,DELIVER IN PERSON,FOB,ctions impress. daringl
3270-4,3270,1881,11,4,29.00,51703.52,0.06,0.05,N,O,1997-07-01,1997-07-23,1997-07-10,TAKE BACK RETURN,MAIL,gular foxes cajole? quickly final
3270-5,3270,338,23,5,32.00,39626.56,0.03,0.00,N,O,1997-09-23,1997-08-17,1997-09-27,NONE,REG AIR,wake alongside of 
3270-6,3270,570,1,6,29.00,42646.53,0.01,0.04,N,O,1997-08-22,1997-08-17,1997-09-06,COLLECT COD,RAIL,slyly ironic packages? requests wake plate
3270-7,3270,1168,5,7,9.00,9622.44,0.06,0.08,N,O,1997-08-14,1997-08-11,1997-09-09,DELIVER IN PERSON,SHIP, even packag
3271-1,3271,565,56,1,30.00,43966.80,0.01,0.04,A,F,1992-01-16,1992-03-20,1992-01-17,DELIVER IN PERSON,AIR,carefully final instr
3271-2,3271,533,34,2,18.00,25803.54,0.09,0.06,R,F,1992-05-01,1992-03-28,1992-05-29,DELIVER IN PERSON,FOB, platelets was quickly. slyly enticing t
3271-3,3271,949,50,3,14.00,25899.16,0.05,0.01,A,F,1992-02-24,1992-02-14,1992-03-23,NONE,AIR,"x dogged, special "
3271-4,3271,634,97,4,29.00,44504.27,0.07,0.04,A,F,1992-03-10,1992-02-05,1992-03-14,COLLECT COD,MAIL,lly quickly ironic grouches. slyly 
3296-1,3296,835,35,1,12.00,20829.96,0.06,0.07,R,F,1994-12-08,1994-12-14,1994-12-24,COLLECT COD,AIR,iously pending dugouts boost flu
3296-2,3296,1485,3,2,31.00,42980.88,0.08,0.00,R,F,1995-01-26,1994-12-25,1995-02-16,NONE,REG AIR,counts boost s
3296-3,3296,1842,43,3,29.00,50571.36,0.02,0.04,A,F,1995-01-12,1994-11-26,1995-02-06,DELIVER IN PERSON,SHIP,ckages. carefull
3296-4,3296,1397,74,4,47.00,61024.33,0.06,0.00,A,F,1994-11-08,1994-12-20,1994-11-30,NONE,FOB,usual pinto beans hag
3296-5,3296,1765,50,5,16.00,26668.16,0.06,0.02,R,F,1995-01-11,1994-12-27,1995-01-12,DELIVER IN PERSON,SHIP,ts sleep slyly above th
3296-6,3296,1966,99,6,40.00,74718.40,0.00,0.04,A,F,1994-12-28,1994-12-08,1995-01-13,COLLECT COD,REG AIR,ts-- slyly silent requ
3296-7,3296,358,43,7,6.00,7550.10,0.02,0.01,R,F,1995-01-03,1994-12-23,1995-01-27,TAKE BACK RETURN,AIR, unusual depo
3297-1,3297,1333,72,1,10.00,12343.30,0.10,0.04,A,F,1992-12-14,1993-01-21,1992-12-26,NONE,SHIP,edly alongs
3298-1,3298,1485,25,1,9.00,12478.32,0.01,0.06,N,O,1996-08-15,1996-05-24,1996-09-12,COLLECT COD,REG AIR,inal somas. ca
3298-2,3298,1860,61,2,27.00,47570.22,0.06,0.06,N,O,1996-07-10,1996-05-21,1996-07-15,DELIVER IN PERSON,FOB,ly final accounts. evenly reg
3298-3,3298,289,71,3,25.00,29732.00,0.10,0.08,N,O,1996-06-30,1996-05-31,1996-07-23,COLLECT COD,SHIP,s! final pin
3298-4,3298,1908,41,4,1.00,1809.90,0.10,0.03,N,O,1996-07-31,1996-05-23,1996-08-24,TAKE BACK RETURN,FOB, could have to sleep
3299-1,3299,1825,55,1,40.00,69072.80,0.03,0.02,A,F,1994-03-21,1994-03-23,1994-04-12,COLLECT COD,AIR,ckly even instruc
3300-1,3300,1288,26,1,3.00,3567.84,0.07,0.02,N,O,1995-11-01,1995-10-02,1995-11-20,NONE,REG AIR,uffily ironic deposits atop the c
3300-2,3300,1481,82,2,23.00,31797.04,0.02,0.02,N,O,1995-08-17,1995-09-03,1995-09-04,COLLECT COD,TRUCK,sual ideas wake qui
3301-1,3301,1690,32,1,45.00,71626.05,0.04,0.05,A,F,1994-11-19,1994-10-27,1994-11-24,TAKE BACK RETURN,FOB,lyly at the dependencies. slyly expres
3302-1,3302,354,83,1,45.00,56445.75,0.09,0.00,N,O,1996-01-24,1995-12-16,1996-02-13,COLLECT COD,FOB,k packages use. b
3303-1,3303,1839,40,1,25.00,43520.75,0.06,0.01,N,O,1998-03-25,1998-01-31,1998-04-12,NONE,SHIP,"s. even, unusu"
3303-2,3303,209,10,2,15.00,16638.00,0.04,0.06,N,O,1998-01-29,1998-01-22,1998-02-21,COLLECT COD,SHIP,nal ideas? 
3303-3,3303,986,87,3,37.00,69818.26,0.05,0.02,N,O,1998-02-16,1998-03-07,1998-02-18,TAKE BACK RETURN,TRUCK,odolites x-ray furiously
3303-4,3303,353,38,4,26.00,32587.10,0.09,0.00,N,O,1998-01-18,1998-03-11,1998-02-11,DELIVER IN PERSON,REG AIR,doubt blithely furiously r
3328-1,3328,1126,63,1,6.00,6162.72,0.03,0.08,A,F,1993-03-07,1993-01-25,1993-03-29,COLLECT COD,TRUCK,ilent pinto beans wake closely c
3328-2,3328,44,20,2,23.00,21712.92,0.01,0.06,R,F,1993-01-12,1993-02-07,1993-01-30,TAKE BACK RETURN,MAIL,ding to th
3328-3,3328,1390,91,3,44.00,56821.16,0.05,0.00,R,F,1992-12-03,1992-12-19,1992-12-09,TAKE BACK RETURN,FOB,the carefully final request
3328-4,3328,941,44,4,42.00,77361.48,0.01,0.05,R,F,1992-11-24,1992-12-20,1992-12-06,DELIVER IN PERSON,AIR,ect slyly abou
3328-5,3328,1304,19,5,25.00,30132.50,0.05,0.00,R,F,1993-01-28,1993-01-04,1993-01-31,NONE,RAIL,instructions
3329-1,3329,1379,18,1,36.00,46093.32,0.09,0.08,N,O,1995-08-06,1995-08-03,1995-08-14,DELIVER IN PERSON,TRUCK, silent excu
3329-2,3329,59,35,2,9.00,8631.45,0.00,0.02,N,O,1995-07-24,1995-08-02,1995-08-01,COLLECT COD,MAIL, of the gifts.
3329-3,3329,1222,23,3,1.00,1123.22,0.04,0.08,N,O,1995-08-22,1995-09-28,1995-09-09,COLLECT COD,REG AIR,s. busily special instruction
3330-1,3330,191,44,1,49.00,53468.31,0.05,0.01,R,F,1995-03-02,1995-03-03,1995-03-16,DELIVER IN PERSON,TRUCK,manent requests eat busily busy theodoli
3331-1,3331,633,27,1,9.00,13802.67,0.08,0.07,A,F,1993-07-18,1993-07-03,1993-08-16,TAKE BACK RETURN,AIR,t the excuses. permanen
3331-2,3331,205,6,2,38.00,41997.60,0.06,0.04,R,F,1993-07-24,1993-06-22,1993-08-23,NONE,AIR, sleep across the quickly pen
3331-3,3331,26,2,3,26.00,24076.52,0.09,0.05,A,F,1993-08-05,1993-07-17,1993-08-29,DELIVER IN PERSON,MAIL,fully unusual asymptotes should us
3332-1,3332,838,39,1,28.00,48687.24,0.10,0.02,R,F,1994-12-30,1995-01-16,1995-01-16,COLLECT COD,FOB,le quickly. furiously pending packages 
3332-2,3332,1360,75,2,21.00,26488.56,0.08,0.04,R,F,1995-02-04,1995-01-08,1995-02-06,COLLECT COD,MAIL,asymptotes? instruc
3332-3,3332,1336,13,3,27.00,33407.91,0.03,0.02,A,F,1994-12-10,1995-01-14,1994-12-11,TAKE BACK RETURN,FOB,ly express requests cajole
3333-1,3333,1500,18,1,27.00,37840.50,0.06,0.08,A,F,1992-12-06,1992-10-26,1992-12-07,COLLECT COD,SHIP,r asymptotes hag
3333-2,3333,1989,22,2,36.00,68075.28,0.08,0.07,R,F,1992-11-20,1992-11-06,1992-12-16,TAKE BACK RETURN,FOB,lar requests. fi
3333-3,3333,1073,9,3,38.00,37014.66,0.05,0.05,A,F,1992-10-30,1992-11-03,1992-11-04,NONE,MAIL,nstructions engage
3333-4,3333,1123,24,4,49.00,50181.88,0.07,0.07,R,F,1992-10-02,1992-11-30,1992-10-12,DELIVER IN PERSON,MAIL,y. ironic ideas 
3333-5,3333,430,18,5,45.00,59869.35,0.07,0.08,A,F,1992-10-04,1992-11-08,1992-10-27,COLLECT COD,SHIP,ckages. furiously 
3334-1,3334,1865,52,1,20.00,35337.20,0.04,0.03,N,O,1996-05-21,1996-04-08,1996-05-26,TAKE BACK RETURN,AIR,s affix within the slyly express deposi
3334-2,3334,1891,78,2,7.00,12550.23,0.09,0.07,N,O,1996-04-28,1996-04-08,1996-05-25,NONE,SHIP,ld theodolites. furiously bold
3335-1,3335,1044,15,1,13.00,12285.52,0.06,0.07,N,O,1996-01-20,1995-12-20,1996-02-09,COLLECT COD,REG AIR,tions. even ideas accordin
3335-2,3335,308,9,2,44.00,53165.20,0.07,0.02,N,O,1996-01-05,1995-12-25,1996-01-18,DELIVER IN PERSON,SHIP,ctions haggle around
3335-3,3335,1398,37,3,16.00,20790.24,0.01,0.06,N,O,1995-10-18,1995-12-08,1995-11-03,DELIVER IN PERSON,SHIP,s theodolites need to sleep? bold i
3335-4,3335,894,94,4,47.00,84359.83,0.10,0.03,N,O,1995-12-02,1995-11-19,1995-12-27,NONE,MAIL,equests unwind quickly 
3360-1,3360,1738,81,1,31.00,50831.63,0.08,0.04,N,O,1998-04-24,1998-04-12,1998-05-23,COLLECT COD,REG AIR,es sleep furiously unusual dependencies. u
3360-2,3360,902,37,2,29.00,52284.10,0.00,0.06,N,O,1998-04-15,1998-02-25,1998-05-13,TAKE BACK RETURN,FOB,sly special accounts. quietly sile
3360-3,3360,814,15,3,39.00,66877.59,0.08,0.03,N,O,1998-04-09,1998-04-20,1998-05-05,DELIVER IN PERSON,REG AIR,uffily ironic dinos above the 
3360-4,3360,1168,77,4,29.00,31005.64,0.10,0.01,N,O,1998-05-19,1998-03-03,1998-06-09,TAKE BACK RETURN,FOB,y carefully reg
3360-5,3360,571,2,5,4.00,5886.28,0.08,0.07,N,O,1998-02-27,1998-03-23,1998-03-28,COLLECT COD,SHIP,egular plate
3360-6,3360,701,34,6,42.00,67271.40,0.04,0.01,N,O,1998-05-07,1998-04-18,1998-06-04,DELIVER IN PERSON,FOB,furiously even package
3361-1,3361,1438,39,1,6.00,8036.58,0.02,0.02,R,F,1992-10-02,1992-10-25,1992-10-05,DELIVER IN PERSON,FOB,he regular accounts. even packa
3361-2,3361,1701,86,2,33.00,52889.10,0.01,0.02,R,F,1992-11-09,1992-10-15,1992-11-11,TAKE BACK RETURN,MAIL,r accounts-- unusual requests about 
3361-3,3361,1901,34,3,31.00,55889.90,0.06,0.04,R,F,1992-08-29,1992-10-13,1992-09-08,NONE,FOB,oxes. asymptotes along the even account
3362-1,3362,214,96,1,14.00,15598.94,0.06,0.05,N,O,1995-08-01,1995-09-06,1995-08-22,NONE,FOB,ns at the 
3362-2,3362,1950,51,2,41.00,75929.95,0.05,0.03,N,O,1995-10-31,1995-09-04,1995-11-17,COLLECT COD,REG AIR,jole quickly final de
3362-3,3362,1149,86,3,40.00,42005.60,0.05,0.06,N,O,1995-08-19,1995-10-17,1995-09-05,TAKE BACK RETURN,FOB,ly final pinto beans
3362-4,3362,12,63,4,3.00,2736.03,0.03,0.01,N,O,1995-08-26,1995-09-02,1995-09-17,NONE,SHIP,haggle-- fluffily bold theodoli
3362-5,3362,1372,73,5,36.00,45841.32,0.06,0.00,N,O,1995-10-05,1995-08-28,1995-11-03,TAKE BACK RETURN,RAIL,packages affix carefully slyly final 
3362-6,3362,1879,80,6,46.00,81920.02,0.09,0.05,N,O,1995-08-02,1995-10-12,1995-08-28,COLLECT COD,REG AIR,slyly regular ideas haggle according to 
3363-1,3363,98,24,1,42.00,41919.78,0.00,0.08,N,O,1995-11-09,1995-11-25,1995-11-15,TAKE BACK RETURN,RAIL,c instructions detect fluffily 
3363-2,3363,1902,91,2,21.00,37881.90,0.08,0.08,N,O,1995-12-10,1995-10-28,1995-12-28,COLLECT COD,RAIL,n asymptotes wake blithely? e
3363-3,3363,1587,28,3,2.00,2977.16,0.01,0.07,N,O,1996-01-22,1995-12-01,1996-02-18,TAKE BACK RETURN,SHIP,y final package
3363-4,3363,1127,36,4,20.00,20562.40,0.07,0.06,N,O,1995-12-11,1995-11-15,1995-12-21,COLLECT COD,MAIL,ajole carefully after the slyly 
3363-5,3363,1992,25,5,4.00,7575.96,0.00,0.08,N,O,1995-10-30,1995-11-17,1995-11-22,COLLECT COD,FOB,. furiously express
3364-1,3364,893,93,1,49.00,87900.61,0.03,0.05,N,O,1997-09-17,1997-08-23,1997-10-06,NONE,SHIP,e slyly-- slyly p
3364-2,3364,1102,3,2,38.00,38117.80,0.02,0.02,N,O,1997-08-30,1997-09-12,1997-09-27,COLLECT COD,REG AIR,ts. dependenci
3364-3,3364,1560,1,3,10.00,14615.60,0.00,0.01,N,O,1997-08-10,1997-08-24,1997-08-15,TAKE BACK RETURN,SHIP,te among the carefully special deposits
3364-4,3364,1594,75,4,7.00,10469.13,0.10,0.05,N,O,1997-07-09,1997-08-01,1997-07-16,NONE,TRUCK,mpress ironic requests. fluffily ironic re
3364-5,3364,805,72,5,3.00,5117.40,0.01,0.00,N,O,1997-10-19,1997-08-15,1997-10-28,TAKE BACK RETURN,TRUCK, requests haggle quickly. 
3365-1,3365,1502,83,1,37.00,51929.50,0.02,0.08,R,F,1994-12-22,1995-02-07,1995-01-20,TAKE BACK RETURN,SHIP,requests wake. blithely regular accounts
3365-2,3365,1664,88,2,37.00,57929.42,0.07,0.08,A,F,1994-11-24,1995-01-09,1994-11-27,NONE,REG AIR,special platelets cajole furiously again
3365-3,3365,1142,43,3,13.00,13560.82,0.09,0.02,R,F,1995-02-25,1995-01-31,1995-03-16,NONE,RAIL,re. ideas s
3365-4,3365,1751,78,4,49.00,80984.75,0.02,0.07,R,F,1995-01-03,1995-01-01,1995-01-18,COLLECT COD,MAIL,deas use daringly alongside of
3365-5,3365,153,6,5,2.00,2106.30,0.00,0.03,R,F,1995-02-04,1994-12-30,1995-03-06,TAKE BACK RETURN,FOB,ctions across the reg
3365-6,3365,1254,29,6,24.00,27726.00,0.01,0.00,R,F,1995-02-27,1995-01-09,1995-03-27,DELIVER IN PERSON,REG AIR,ccounts are furiously. slyly
3366-1,3366,398,99,1,4.00,5193.56,0.07,0.01,N,O,1997-05-20,1997-06-25,1997-06-03,DELIVER IN PERSON,AIR,quickly carefully
3366-2,3366,1352,91,2,9.00,11280.15,0.00,0.08,N,O,1997-06-02,1997-07-05,1997-06-26,COLLECT COD,REG AIR," use furiously. express, pending packa"
3367-1,3367,404,92,1,27.00,35218.80,0.01,0.03,A,F,1993-04-13,1993-03-16,1993-04-26,NONE,RAIL, the carefully final depo
3367-2,3367,1410,28,2,34.00,44587.94,0.04,0.08,A,F,1993-03-30,1993-02-23,1993-04-11,COLLECT COD,MAIL,"refully final, final "
3367-3,3367,1195,68,3,38.00,41655.22,0.03,0.03,R,F,1993-03-13,1993-02-12,1993-03-31,NONE,RAIL,ully final accounts detect around the c
3392-1,3392,1705,90,1,40.00,64268.00,0.01,0.01,N,O,1996-02-18,1995-12-16,1996-02-26,COLLECT COD,MAIL,lyly blithely thin instructions. ironi
3392-2,3392,1222,97,2,13.00,14601.86,0.09,0.02,N,O,1995-11-26,1996-01-17,1995-12-01,NONE,MAIL,lithely carefully regular foxes. c
3392-3,3392,1266,78,3,34.00,39686.84,0.10,0.08,N,O,1996-01-20,1996-01-21,1996-01-24,DELIVER IN PERSON,MAIL,ainst the unusual request
3392-4,3392,1233,8,4,7.00,7939.61,0.08,0.05,N,O,1995-12-07,1996-01-09,1995-12-29,TAKE BACK RETURN,RAIL,fully. bravely daring packages 
3393-1,3393,1165,74,1,16.00,17058.56,0.01,0.00,N,O,1995-07-17,1995-08-19,1995-08-04,COLLECT COD,TRUCK,lly pending deposits. furiously regula
3393-2,3393,1249,24,2,44.00,50610.56,0.08,0.04,N,O,1995-10-16,1995-08-05,1995-11-01,NONE,AIR, furiously pend
3393-3,3393,964,67,3,25.00,46624.00,0.07,0.02,N,O,1995-10-17,1995-08-12,1995-11-11,DELIVER IN PERSON,MAIL,regular pa
3393-4,3393,711,44,4,48.00,77362.08,0.06,0.06,N,O,1995-07-12,1995-09-15,1995-08-02,NONE,FOB,ly pending accounts. f
3393-5,3393,1779,64,5,37.00,62188.49,0.07,0.02,N,O,1995-10-16,1995-08-19,1995-10-19,COLLECT COD,AIR,ironic ideas nag slyly special deposits;
3393-6,3393,619,13,6,17.00,25833.37,0.04,0.01,N,O,1995-08-15,1995-09-07,1995-09-10,COLLECT COD,MAIL,packages detect quickly a
3394-1,3394,1547,48,1,33.00,47801.82,0.07,0.08,N,O,1996-08-07,1996-07-17,1996-09-02,TAKE BACK RETURN,SHIP,egular requests along
3394-2,3394,1458,98,2,43.00,58456.35,0.08,0.03,N,O,1996-08-23,1996-07-20,1996-08-25,COLLECT COD,RAIL,. slyly even deposits cajole quickly final 
3394-3,3394,880,14,3,26.00,46302.88,0.01,0.00,N,O,1996-08-08,1996-06-12,1996-09-05,TAKE BACK RETURN,RAIL,tipliers across the slyly regular dep
3394-4,3394,802,3,4,14.00,23839.20,0.08,0.00,N,O,1996-06-02,1996-07-02,1996-06-19,COLLECT COD,MAIL,ns. special deposits affix blithely 
3394-5,3394,1265,66,5,30.00,34987.80,0.04,0.06,N,O,1996-05-12,1996-07-24,1996-05-19,COLLECT COD,REG AIR,ies eat! slyly final requests across 
3394-6,3394,1835,22,6,14.00,24315.62,0.05,0.05,N,O,1996-06-18,1996-06-24,1996-07-17,NONE,REG AIR,e pending accounts 
3395-1,3395,1417,18,1,21.00,27686.61,0.03,0.06,R,F,1994-12-19,1995-01-13,1994-12-25,TAKE BACK RETURN,SHIP,ld excuses. 
3395-2,3395,354,39,2,38.00,47665.30,0.01,0.07,R,F,1995-01-13,1995-01-13,1995-01-25,COLLECT COD,SHIP,"ronic theodolites. special, f"
3395-3,3395,422,23,3,43.00,56864.06,0.06,0.07,A,F,1994-12-13,1995-01-07,1994-12-14,COLLECT COD,AIR,"uickly across the regular, iron"
3395-4,3395,1216,91,4,39.00,43571.19,0.05,0.07,R,F,1994-12-03,1995-01-17,1994-12-10,NONE,AIR,arhorses detect never after the 
3396-1,3396,1280,55,1,34.00,40163.52,0.00,0.06,A,F,1994-05-30,1994-08-16,1994-06-11,NONE,AIR,"lently final, even accounts."
3396-2,3396,484,14,2,43.00,59532.64,0.03,0.08,A,F,1994-07-03,1994-08-09,1994-07-14,TAKE BACK RETURN,MAIL,eposits. pinto beans along the slyly regu
3396-3,3396,1376,15,3,9.00,11496.33,0.01,0.06,R,F,1994-07-01,1994-08-18,1994-07-21,DELIVER IN PERSON,AIR,cross the bold sheaves. carefully even ex
3396-4,3396,744,41,4,32.00,52631.68,0.06,0.02,R,F,1994-08-07,1994-08-10,1994-09-05,COLLECT COD,TRUCK, excuses nag quickly fluffily regula
3396-5,3396,1251,26,5,27.00,31110.75,0.02,0.01,A,F,1994-09-14,1994-07-26,1994-09-28,DELIVER IN PERSON,FOB, the quickly 
3396-6,3396,387,88,6,18.00,23172.84,0.10,0.00,A,F,1994-07-27,1994-06-26,1994-08-25,TAKE BACK RETURN,REG AIR,; regular pinto beans among the fluffily 
3396-7,3396,1973,6,7,31.00,58124.07,0.05,0.06,A,F,1994-06-07,1994-06-23,1994-06-19,TAKE BACK RETURN,REG AIR,ng the busy ideas snooze sly
3397-1,3397,1943,32,1,8.00,14759.52,0.07,0.01,A,F,1994-08-05,1994-08-11,1994-08-08,DELIVER IN PERSON,RAIL,"inal, pending"
3397-2,3397,121,100,2,11.00,11232.32,0.00,0.07,A,F,1994-07-29,1994-09-18,1994-08-12,DELIVER IN PERSON,REG AIR,d deposits engage furiousl
3397-3,3397,1840,84,3,1.00,1741.84,0.07,0.05,R,F,1994-08-03,1994-07-30,1994-08-28,NONE,RAIL,pecial excuses 
3397-4,3397,856,57,4,33.00,57976.05,0.05,0.01,R,F,1994-09-04,1994-08-06,1994-09-22,COLLECT COD,RAIL,ounts dazzle furiously acco
3397-5,3397,1316,17,5,28.00,34084.68,0.05,0.05,R,F,1994-07-13,1994-08-26,1994-07-17,NONE,TRUCK,carefully final accounts aroun
3398-1,3398,1730,31,1,1.00,1631.73,0.01,0.08,N,O,1996-11-22,1996-11-16,1996-12-09,COLLECT COD,MAIL,unusual ideas. furiously 
3399-1,3399,1339,16,1,28.00,34729.24,0.09,0.05,N,O,1995-06-29,1995-05-19,1995-07-12,COLLECT COD,AIR,"usual excuses. pending, regular pa"
3399-2,3399,546,47,2,8.00,11572.32,0.01,0.05,A,F,1995-05-15,1995-04-19,1995-06-05,COLLECT COD,TRUCK,lyly final accounts. slyly b
3399-3,3399,665,28,3,3.00,4696.98,0.03,0.00,N,F,1995-06-16,1995-04-04,1995-06-23,NONE,SHIP,ding requests. regula
3399-4,3399,137,38,4,21.00,21779.73,0.09,0.06,A,F,1995-03-12,1995-05-18,1995-03-28,TAKE BACK RETURN,MAIL,ously regular deposi
3424-1,3424,1809,39,1,39.00,66721.20,0.06,0.07,N,O,1996-11-03,1996-11-08,1996-11-23,DELIVER IN PERSON,MAIL,ironic braids. excuses pri
3425-1,3425,1196,97,1,11.00,12069.09,0.03,0.08,N,O,1996-04-24,1996-05-29,1996-05-23,DELIVER IN PERSON,FOB,ing requests across the requests
3425-2,3425,785,82,2,37.00,62373.86,0.06,0.03,N,O,1996-06-04,1996-05-09,1996-06-12,NONE,SHIP,er the slyly final excuses cajole
3425-3,3425,135,14,3,8.00,8281.04,0.06,0.08,N,O,1996-07-22,1996-06-07,1996-07-26,TAKE BACK RETURN,AIR,into beans. slyly even requests bo
3425-4,3425,190,91,4,37.00,40337.03,0.04,0.01,N,O,1996-07-10,1996-05-10,1996-08-02,NONE,SHIP,ions cajole slyly across the flu
3425-5,3425,784,17,5,48.00,80869.44,0.08,0.04,N,O,1996-04-14,1996-05-25,1996-04-23,TAKE BACK RETURN,AIR,y express accounts boost fl
3425-6,3425,1480,81,6,24.00,33155.52,0.05,0.04,N,O,1996-04-22,1996-06-24,1996-04-25,TAKE BACK RETURN,AIR,egular asymptotes
3426-1,3426,1098,69,1,20.00,19981.80,0.05,0.04,N,O,1996-11-10,1996-12-24,1996-12-01,COLLECT COD,FOB,fully express de
3426-2,3426,134,13,2,19.00,19648.47,0.10,0.08,N,O,1996-11-02,1997-01-13,1996-11-15,DELIVER IN PERSON,RAIL,nstructions. packages slee
3426-3,3426,665,97,3,19.00,29747.54,0.08,0.05,N,O,1996-12-07,1996-12-15,1996-12-14,DELIVER IN PERSON,FOB,l depths boost across th
3426-4,3426,53,54,4,9.00,8577.45,0.09,0.05,N,O,1996-12-24,1997-01-14,1997-01-13,NONE,FOB,ding to the fluffily thin acco
3426-5,3426,486,16,5,31.00,42980.88,0.07,0.08,N,O,1996-11-11,1996-12-10,1996-12-10,DELIVER IN PERSON,SHIP,riously special
3427-1,3427,534,35,1,41.00,58815.73,0.10,0.01,N,O,1997-09-11,1997-07-03,1997-10-04,COLLECT COD,RAIL,sual theodolite
3427-2,3427,1890,77,2,24.00,43005.36,0.02,0.04,N,O,1997-07-01,1997-07-28,1997-07-30,NONE,SHIP,instructions nag. theodolit
3427-3,3427,1390,29,3,40.00,51655.60,0.06,0.05,N,O,1997-06-12,1997-08-19,1997-06-23,COLLECT COD,MAIL, silent requests. 
3427-4,3427,1181,54,4,31.00,33547.58,0.08,0.04,N,O,1997-08-12,1997-07-26,1997-08-25,COLLECT COD,RAIL,ag slyly fluff
3428-1,3428,1977,78,1,4.00,7515.88,0.00,0.03,N,O,1996-05-09,1996-06-13,1996-06-02,NONE,REG AIR,ns haggle across the req
3428-2,3428,1175,76,2,35.00,37665.95,0.02,0.03,N,O,1996-05-01,1996-06-07,1996-05-20,COLLECT COD,TRUCK, requests. regular instructi
3428-3,3428,1354,55,3,47.00,59001.45,0.07,0.05,N,O,1996-04-16,1996-06-08,1996-05-05,NONE,REG AIR,ajole always i
3429-1,3429,1368,45,1,48.00,60929.28,0.06,0.02,N,O,1997-04-08,1997-03-09,1997-04-25,TAKE BACK RETURN,SHIP,en instructions. fur
3429-2,3429,585,16,2,15.00,22283.70,0.03,0.04,N,O,1997-02-04,1997-03-09,1997-03-01,TAKE BACK RETURN,TRUCK,lent dolphin
3429-3,3429,686,80,3,10.00,15866.80,0.05,0.07,N,O,1997-01-19,1997-02-22,1997-01-25,TAKE BACK RETURN,REG AIR,s cajole enticingl
3429-4,3429,884,18,4,28.00,49976.64,0.10,0.07,N,O,1997-01-30,1997-03-18,1997-02-17,TAKE BACK RETURN,AIR,t the asymptotes was ca
3429-5,3429,1641,42,5,45.00,69418.80,0.10,0.00,N,O,1997-04-21,1997-03-08,1997-05-05,COLLECT COD,REG AIR,dugouts. pen
3430-1,3430,1882,69,1,2.00,3567.76,0.07,0.06,R,F,1995-03-07,1995-01-28,1995-03-30,TAKE BACK RETURN,MAIL,deposits haggle during the sometimes f
3430-2,3430,807,74,2,32.00,54649.60,0.08,0.00,R,F,1995-01-17,1995-01-28,1995-02-06,NONE,TRUCK,o beans nag carefu
3430-3,3430,964,65,3,41.00,76463.36,0.06,0.04,R,F,1995-02-18,1995-02-21,1995-03-11,TAKE BACK RETURN,AIR,nal ideas haggle blithe
3430-4,3430,650,13,4,50.00,77532.50,0.01,0.00,R,F,1994-12-15,1995-03-03,1994-12-24,COLLECT COD,REG AIR,against the silent packages. pinto beans 
3430-5,3430,948,51,5,5.00,9244.70,0.05,0.05,A,F,1995-04-02,1995-02-12,1995-04-08,DELIVER IN PERSON,FOB,ic pinto beans. slyly even pin
3430-6,3430,1708,93,6,15.00,24145.50,0.08,0.07,A,F,1995-02-01,1995-03-12,1995-02-04,COLLECT COD,SHIP,fily bold foxes might wake blit
3430-7,3430,514,75,7,23.00,32533.73,0.09,0.08,A,F,1995-03-06,1995-03-01,1995-03-10,COLLECT COD,MAIL,ly unusual requests 
3431-1,3431,1793,20,1,41.00,69486.39,0.03,0.06,A,F,1993-09-26,1993-10-13,1993-10-22,NONE,AIR, carefully even packages. final pac
3456-1,3456,1104,77,1,34.00,34173.40,0.10,0.06,A,F,1993-08-29,1993-08-26,1993-09-07,TAKE BACK RETURN,SHIP,cajole! packages 
3457-1,3457,1813,100,1,29.00,49729.49,0.03,0.02,R,F,1995-05-12,1995-07-13,1995-06-05,NONE,TRUCK,lyly ironic theodolites ca
3457-2,3457,1060,61,2,22.00,21143.32,0.06,0.01,N,O,1995-06-23,1995-06-16,1995-06-29,NONE,SHIP,ly bold theodolites. furiously
3457-3,3457,1081,17,3,7.00,6874.56,0.07,0.08,N,O,1995-08-14,1995-07-06,1995-08-18,COLLECT COD,SHIP,as. regular accounts across
3457-4,3457,10,11,4,24.00,21840.24,0.07,0.07,N,O,1995-08-03,1995-05-30,1995-08-14,TAKE BACK RETURN,REG AIR, among the furiously iron
3457-5,3457,1086,57,5,42.00,41457.36,0.05,0.01,A,F,1995-06-12,1995-06-14,1995-06-14,COLLECT COD,MAIL,uests cajole accordin
3457-6,3457,1438,78,6,45.00,60274.35,0.08,0.01,N,O,1995-08-12,1995-07-18,1995-08-23,TAKE BACK RETURN,SHIP,nic packages wa
3457-7,3457,1667,50,7,9.00,14117.94,0.04,0.00,R,F,1995-05-29,1995-06-30,1995-06-12,DELIVER IN PERSON,FOB,"ongside of the even, silent"
3458-1,3458,1325,2,1,48.00,58863.36,0.06,0.04,R,F,1995-03-17,1995-01-25,1995-03-28,TAKE BACK RETURN,AIR,elieve quickly alo
3458-2,3458,492,51,2,46.00,64054.54,0.06,0.06,R,F,1995-03-08,1995-01-21,1995-03-10,TAKE BACK RETURN,SHIP,ts. ironic hockey players sleep fur
3458-3,3458,1421,22,3,36.00,47607.12,0.01,0.06,R,F,1995-04-20,1995-02-14,1995-05-09,TAKE BACK RETURN,REG AIR, unusual braids. final accounts run? s
3458-4,3458,153,80,4,16.00,16850.40,0.09,0.03,R,F,1995-03-01,1995-02-25,1995-03-06,TAKE BACK RETURN,AIR,ully pending ideas. ironic platelets b
3458-5,3458,1564,5,5,2.00,2931.12,0.09,0.03,A,F,1995-02-05,1995-02-01,1995-03-07,COLLECT COD,FOB,e instructions cajole across the regular a
3458-6,3458,1419,37,6,6.00,7922.46,0.09,0.04,A,F,1995-03-10,1995-02-02,1995-03-23,TAKE BACK RETURN,AIR,s nag fluffily along the bold instru
3459-1,3459,1781,8,1,31.00,52166.18,0.06,0.01,A,F,1994-09-05,1994-10-20,1994-10-03,NONE,REG AIR,y final ideas 
3459-2,3459,1293,68,2,30.00,35828.70,0.04,0.08,R,F,1994-11-22,1994-09-12,1994-12-11,NONE,REG AIR,lithely regular requests 
3459-3,3459,401,31,3,45.00,58563.00,0.04,0.05,A,F,1994-07-31,1994-09-09,1994-08-02,TAKE BACK RETURN,REG AIR,"sly. bold,"
3459-4,3459,681,82,4,10.00,15816.80,0.05,0.06,A,F,1994-10-06,1994-09-16,1994-11-03,TAKE BACK RETURN,REG AIR,ht to wake permanently f
3459-5,3459,1886,16,5,10.00,17878.80,0.02,0.02,R,F,1994-08-01,1994-10-17,1994-08-11,TAKE BACK RETURN,FOB,pending asymptotes. quickly regular
3460-1,3460,107,86,1,40.00,40284.00,0.10,0.06,N,O,1995-12-28,1995-12-14,1996-01-02,NONE,REG AIR,e carefully. ironic theodolites 
3460-2,3460,734,67,2,3.00,4904.19,0.06,0.00,N,O,1996-01-19,1995-12-28,1996-01-31,COLLECT COD,AIR, regular ac
3460-3,3460,347,76,3,40.00,49893.60,0.08,0.07,N,O,1995-10-29,1995-11-10,1995-11-24,TAKE BACK RETURN,REG AIR,oxes use slyly fluf
3460-4,3460,947,16,4,50.00,92397.00,0.02,0.07,N,O,1996-01-30,1995-12-10,1996-02-06,DELIVER IN PERSON,SHIP,e of the blithely sil
3460-5,3460,1294,95,5,47.00,56178.63,0.08,0.05,N,O,1995-12-09,1995-11-12,1995-12-22,TAKE BACK RETURN,SHIP,"es sleep regular, regular requests. "
3460-6,3460,621,84,6,46.00,69994.52,0.03,0.07,N,O,1996-01-27,1996-01-01,1996-02-01,NONE,TRUCK,phins cajole furiously final tithes. slyly
3460-7,3460,446,76,7,28.00,37700.32,0.00,0.01,N,O,1995-10-28,1995-11-13,1995-11-17,COLLECT COD,SHIP,sly express instructions haggle care
3461-1,3461,998,1,1,49.00,93050.51,0.06,0.06,A,F,1993-03-09,1993-04-16,1993-03-13,DELIVER IN PERSON,RAIL,ccounts. un
3461-2,3461,625,26,2,27.00,41191.74,0.06,0.06,A,F,1993-02-10,1993-03-02,1993-03-04,COLLECT COD,SHIP,en packages above the sly pinto 
3461-3,3461,390,19,3,44.00,56777.16,0.09,0.06,A,F,1993-05-20,1993-04-03,1993-05-27,COLLECT COD,RAIL,s sleep blithely. deposits cajo
3461-4,3461,943,78,4,41.00,75601.54,0.09,0.02,R,F,1993-02-19,1993-04-20,1993-02-21,NONE,TRUCK,indle always regular theod
3461-5,3461,898,65,5,16.00,28782.24,0.08,0.06,A,F,1993-05-09,1993-04-29,1993-05-26,TAKE BACK RETURN,TRUCK,ounts. escapade
3461-6,3461,1669,93,6,24.00,37695.84,0.10,0.00,A,F,1993-06-01,1993-03-12,1993-06-20,TAKE BACK RETURN,MAIL, blithely regular f
3462-1,3462,1509,30,1,4.00,5642.00,0.09,0.04,N,O,1997-06-12,1997-07-31,1997-06-16,COLLECT COD,RAIL,egular theo
3462-2,3462,395,52,2,43.00,55701.77,0.08,0.03,N,O,1997-08-01,1997-07-18,1997-08-29,NONE,RAIL,onic dependencies. slowly special packages
3462-3,3462,1283,21,3,6.00,7105.68,0.05,0.04,N,O,1997-06-02,1997-08-09,1997-06-30,NONE,RAIL,ress packages acc
3462-4,3462,981,84,4,2.00,3763.96,0.09,0.07,N,O,1997-09-10,1997-08-08,1997-09-19,NONE,AIR,"ronic pinto beans use. daring, bold Ti"
3462-5,3462,374,59,5,14.00,17841.18,0.01,0.02,N,O,1997-05-31,1997-07-05,1997-06-24,COLLECT COD,MAIL,"es-- regular, even Tiresias acros"
3463-1,3463,608,40,1,45.00,67887.00,0.02,0.02,A,F,1993-10-30,1993-11-04,1993-11-08,DELIVER IN PERSON,FOB,ld above the r
3463-2,3463,980,49,2,43.00,80882.14,0.04,0.02,A,F,1993-10-28,1993-09-24,1993-11-03,DELIVER IN PERSON,FOB,"ial, regular"
3488-1,3488,1598,79,1,1.00,1499.59,0.04,0.01,A,F,1995-03-06,1995-02-16,1995-03-23,DELIVER IN PERSON,FOB,jole slyly slyly regular theodolites. blit
3488-2,3488,1035,6,2,48.00,44929.44,0.00,0.03,A,F,1995-03-29,1995-03-26,1995-04-28,COLLECT COD,SHIP,jole blithely. furio
3488-3,3488,1591,92,3,11.00,16418.49,0.03,0.08,R,F,1995-03-25,1995-02-08,1995-04-16,COLLECT COD,TRUCK,y special 
3488-4,3488,411,41,4,12.00,15736.92,0.05,0.07,R,F,1995-04-27,1995-02-16,1995-05-09,DELIVER IN PERSON,RAIL,ully final instructions detect fluffi
3488-5,3488,1552,33,5,18.00,26163.90,0.09,0.06,A,F,1995-03-18,1995-03-19,1995-03-29,DELIVER IN PERSON,FOB,ffily regular asy
3489-1,3489,1857,1,1,19.00,33418.15,0.09,0.05,A,F,1993-07-31,1993-10-26,1993-08-15,NONE,SHIP,efully final packages cajole against th
3489-2,3489,281,9,2,46.00,54338.88,0.00,0.00,A,F,1993-08-02,1993-10-09,1993-08-10,TAKE BACK RETURN,TRUCK,oxes haggle quickly ironic attainme
3490-1,3490,914,17,1,43.00,78041.13,0.05,0.05,N,O,1997-08-04,1997-08-06,1997-08-14,TAKE BACK RETURN,SHIP,special instructions 
3490-2,3490,855,55,2,50.00,87792.50,0.05,0.07,N,O,1997-06-27,1997-08-15,1997-06-28,NONE,RAIL,ake carefully 
3490-3,3490,925,28,3,8.00,14607.36,0.10,0.04,N,O,1997-08-11,1997-07-25,1997-08-28,COLLECT COD,MAIL,ckages. slyly ironic depos
3491-1,3491,1535,76,1,28.00,40222.84,0.04,0.03,N,O,1998-09-29,1998-09-08,1998-10-23,COLLECT COD,FOB,ely daring t
3491-2,3491,1218,19,2,22.00,24622.62,0.08,0.02,N,O,1998-08-19,1998-08-22,1998-09-03,TAKE BACK RETURN,REG AIR,boost express requests. bold accounts hagg
3492-1,3492,1559,60,1,3.00,4381.65,0.02,0.08,R,F,1994-11-26,1994-12-28,1994-12-19,COLLECT COD,REG AIR,blithely pending package
3492-2,3492,1256,68,2,7.00,8100.75,0.04,0.00,R,F,1995-03-10,1995-01-03,1995-03-16,COLLECT COD,FOB,. dependencies nag! 
3492-3,3492,1089,90,3,34.00,33662.72,0.05,0.06,A,F,1994-12-07,1994-12-29,1994-12-24,COLLECT COD,AIR, furiously ironic acc
3492-4,3492,1469,87,4,30.00,41113.80,0.02,0.06,A,F,1995-01-29,1995-01-02,1995-02-13,DELIVER IN PERSON,MAIL,ly ruthless packages wake slyly above the 
3492-5,3492,1215,90,5,47.00,52461.87,0.09,0.07,R,F,1995-03-24,1994-12-28,1995-03-29,NONE,REG AIR,ully regular deposits. sly
3492-6,3492,212,40,6,47.00,52273.87,0.04,0.07,R,F,1994-12-12,1995-01-18,1994-12-26,COLLECT COD,RAIL,nal multipliers cajo
3493-1,3493,926,95,1,31.00,56634.52,0.06,0.07,R,F,1993-10-22,1993-10-12,1993-11-07,DELIVER IN PERSON,REG AIR,s. final accounts are carefully. carefully 
3493-2,3493,1320,21,2,10.00,12213.20,0.02,0.06,R,F,1993-08-27,1993-10-07,1993-09-23,COLLECT COD,TRUCK,ounts wake careful
3494-1,3494,1162,99,1,40.00,42526.40,0.05,0.04,R,F,1993-07-10,1993-06-01,1993-07-25,TAKE BACK RETURN,TRUCK,. quickly silent requests sleep regu
3494-2,3494,742,43,2,23.00,37783.02,0.10,0.01,A,F,1993-06-19,1993-06-04,1993-07-14,NONE,FOB, about the
3494-3,3494,1972,5,3,40.00,74958.80,0.02,0.08,A,F,1993-05-30,1993-07-02,1993-06-20,TAKE BACK RETURN,MAIL,ets. furiously ironic
3494-4,3494,761,62,4,30.00,49852.80,0.04,0.03,R,F,1993-07-01,1993-06-08,1993-07-15,TAKE BACK RETURN,TRUCK,t furiously by the quick
3495-1,3495,274,2,1,20.00,23485.40,0.10,0.03,N,O,1996-04-24,1996-05-18,1996-05-01,TAKE BACK RETURN,RAIL, special accounts. silent excuses about
3495-2,3495,1722,49,2,24.00,38969.28,0.05,0.02,N,O,1996-03-22,1996-04-10,1996-04-07,DELIVER IN PERSON,RAIL,asymptotes. silent escapades beneath t
3495-3,3495,1986,87,3,16.00,30207.68,0.08,0.02,N,O,1996-03-30,1996-04-02,1996-04-12,TAKE BACK RETURN,AIR,even warthogs use slyly about the carefull
3520-1,3520,280,62,1,30.00,35408.40,0.04,0.02,N,O,1997-11-11,1997-10-02,1997-12-06,COLLECT COD,SHIP,olites wake. blithely regular dependencies
3520-2,3520,1668,51,2,38.00,59647.08,0.00,0.04,N,O,1997-08-14,1997-10-26,1997-09-09,NONE,RAIL,blithely special excuses. fluffily express
3520-3,3520,1053,89,3,5.00,4770.25,0.01,0.02,N,O,1997-11-13,1997-09-22,1997-12-09,NONE,MAIL,ct. slyly final accou
3520-4,3520,638,39,4,41.00,63083.83,0.01,0.01,N,O,1997-08-06,1997-09-20,1997-08-20,TAKE BACK RETURN,AIR,its maintain bli
3520-5,3520,1622,5,5,35.00,53326.70,0.02,0.02,N,O,1997-09-16,1997-09-03,1997-09-24,DELIVER IN PERSON,FOB,"carefully thin, unusual accounts; furiousl"
3521-1,3521,585,46,1,48.00,71307.84,0.09,0.03,A,F,1993-01-03,1992-12-31,1993-01-22,NONE,AIR,lly final instructions cajole after the
3521-2,3521,1309,10,2,2.00,2420.60,0.05,0.06,R,F,1993-01-29,1992-12-20,1993-02-23,NONE,MAIL, blithely fl
3521-3,3521,1780,23,3,38.00,63907.64,0.00,0.08,A,F,1993-02-15,1992-12-10,1993-03-10,COLLECT COD,FOB,arefully. 
3521-4,3521,1440,19,4,26.00,34877.44,0.02,0.08,R,F,1993-01-04,1993-01-20,1993-01-17,DELIVER IN PERSON,AIR,ges. slyly even ideas wake fi
3521-5,3521,351,8,5,28.00,35037.80,0.10,0.01,A,F,1993-01-06,1993-01-22,1993-02-02,TAKE BACK RETURN,FOB,structions promise after the 
3522-1,3522,37,88,1,6.00,5622.18,0.08,0.03,A,F,1995-01-21,1994-12-09,1995-01-23,NONE,SHIP,about the i
3522-2,3522,865,99,2,48.00,84761.28,0.00,0.03,R,F,1994-12-05,1994-10-30,1994-12-26,TAKE BACK RETURN,SHIP,ite the blithely final packages
3522-3,3522,1567,48,3,46.00,67553.76,0.09,0.02,A,F,1994-11-12,1994-11-30,1994-11-20,NONE,AIR,ts haggle slyly along the express
3522-4,3522,1299,74,4,7.00,8402.03,0.10,0.02,A,F,1994-10-31,1994-11-19,1994-11-28,NONE,TRUCK,"lms; final,"
3522-5,3522,492,80,5,27.00,37597.23,0.02,0.05,R,F,1994-11-29,1994-12-15,1994-12-08,COLLECT COD,REG AIR,kly. carefully
3522-6,3522,1580,1,6,18.00,26668.44,0.01,0.03,A,F,1994-11-16,1994-10-29,1994-11-29,COLLECT COD,RAIL,nts are carefully bold 
3523-1,3523,245,46,1,15.00,17178.60,0.06,0.02,N,O,1998-06-26,1998-05-22,1998-07-24,COLLECT COD,REG AIR,ly pending dugouts. 
3523-2,3523,1322,37,2,4.00,4893.28,0.03,0.06,N,O,1998-05-08,1998-05-18,1998-05-25,TAKE BACK RETURN,MAIL,s. final dependencies sleep alongside of t
3523-3,3523,492,22,3,24.00,33419.76,0.07,0.04,N,O,1998-08-02,1998-06-22,1998-08-27,COLLECT COD,FOB,lets detect for the carefully e
3523-4,3523,1913,58,4,36.00,65336.76,0.06,0.08,N,O,1998-05-26,1998-06-04,1998-06-25,DELIVER IN PERSON,SHIP,"ng the regular, unusual"
3523-5,3523,1332,33,5,48.00,59199.84,0.00,0.01,N,O,1998-07-22,1998-06-25,1998-08-19,DELIVER IN PERSON,AIR,deposits cajole a
3524-1,3524,1362,63,1,5.00,6316.80,0.01,0.04,R,F,1992-05-23,1992-07-25,1992-06-19,DELIVER IN PERSON,RAIL, theodolites are. carefully 
3524-2,3524,1430,9,2,17.00,22634.31,0.09,0.08,A,F,1992-09-01,1992-07-17,1992-09-05,DELIVER IN PERSON,FOB,to beans. slyly special theodolite
3525-1,3525,455,56,1,12.00,16265.40,0.01,0.03,N,O,1996-03-08,1996-03-18,1996-03-16,NONE,TRUCK,s alongside of the platel
3525-2,3525,1373,50,2,27.00,34407.99,0.03,0.03,N,O,1995-12-30,1996-01-23,1996-01-02,DELIVER IN PERSON,SHIP,s are even packages. pendi
3525-3,3525,744,77,3,31.00,50986.94,0.00,0.03,N,O,1996-03-08,1996-02-27,1996-03-13,COLLECT COD,TRUCK,counts. ca
3525-4,3525,1834,64,4,28.00,48603.24,0.03,0.02,N,O,1996-01-22,1996-02-08,1996-01-27,COLLECT COD,FOB,fully bold theo
3526-1,3526,977,78,1,11.00,20657.67,0.02,0.03,R,F,1995-05-23,1995-05-28,1995-05-24,NONE,TRUCK,structions cajole. quick
3526-2,3526,1164,73,2,23.00,24498.68,0.03,0.04,A,F,1995-05-01,1995-05-31,1995-05-25,DELIVER IN PERSON,FOB,ts? slyly bold ideas above the pen
3526-3,3526,326,11,3,20.00,24526.40,0.05,0.08,N,F,1995-06-16,1995-04-26,1995-06-22,DELIVER IN PERSON,REG AIR,layers. regular theodolites eat quickly
3527-1,3527,1014,85,1,47.00,43005.47,0.07,0.02,N,O,1997-07-14,1997-07-29,1997-07-21,DELIVER IN PERSON,RAIL,express instruct
3527-2,3527,251,33,2,33.00,37991.25,0.01,0.02,N,O,1997-09-25,1997-09-17,1997-10-12,NONE,FOB,y regular deposit
3527-3,3527,1613,37,3,50.00,75730.50,0.09,0.07,N,O,1997-07-17,1997-08-03,1997-07-29,DELIVER IN PERSON,SHIP, the unusual packages. even 
3527-4,3527,1272,10,4,17.00,19945.59,0.02,0.05,N,O,1997-07-30,1997-09-01,1997-08-17,COLLECT COD,MAIL,". express, ironi"
3552-1,3552,1965,66,1,18.00,33605.28,0.01,0.07,N,O,1997-08-11,1997-07-14,1997-08-15,DELIVER IN PERSON,TRUCK,"eposits nag carefully within the even, fina"
3552-2,3552,894,28,2,44.00,78975.16,0.01,0.00,N,O,1997-08-08,1997-06-15,1997-08-29,COLLECT COD,FOB,ith the pending deposits.
3552-3,3552,1605,29,3,36.00,54237.60,0.04,0.08,N,O,1997-06-29,1997-06-24,1997-07-21,COLLECT COD,TRUCK,ronic foxes boost slyly bli
3553-1,3553,1421,61,1,4.00,5289.68,0.05,0.01,R,F,1994-06-13,1994-07-10,1994-07-03,COLLECT COD,RAIL, are furiously f
3553-2,3553,642,74,2,26.00,40108.64,0.05,0.08,A,F,1994-08-06,1994-07-30,1994-08-23,DELIVER IN PERSON,MAIL,the fluffily r
3553-3,3553,213,95,3,18.00,20037.78,0.04,0.03,A,F,1994-07-03,1994-06-30,1994-07-07,COLLECT COD,RAIL,packages are sly
3553-4,3553,311,40,4,40.00,48452.40,0.06,0.00,A,F,1994-09-14,1994-06-26,1994-09-25,NONE,RAIL,lar packages boost quickly blithely bold a
3553-5,3553,1561,42,5,36.00,52652.16,0.06,0.08,R,F,1994-08-12,1994-06-25,1994-09-06,DELIVER IN PERSON,TRUCK,s wake furiously after the regular 
3554-1,3554,1742,85,1,32.00,52599.68,0.01,0.05,N,O,1995-09-28,1995-09-01,1995-10-07,NONE,RAIL, deposits are quick
3554-2,3554,1441,42,2,18.00,24163.92,0.03,0.00,N,O,1995-09-11,1995-08-12,1995-10-04,DELIVER IN PERSON,REG AIR,to beans shall have to affix slyly ar
3554-3,3554,1916,17,3,41.00,74534.31,0.02,0.01,N,O,1995-07-13,1995-08-28,1995-07-27,DELIVER IN PERSON,MAIL,"ix ironic, regular as"
3555-1,3555,1656,39,1,11.00,17134.15,0.05,0.02,N,O,1996-09-25,1996-10-01,1996-10-03,NONE,FOB,ctions. qu
3555-2,3555,785,86,2,15.00,25286.70,0.03,0.08,N,O,1996-07-13,1996-09-01,1996-08-02,TAKE BACK RETURN,RAIL,hily quiet pinto beans
3555-3,3555,421,9,3,25.00,33035.50,0.09,0.07,N,O,1996-10-01,1996-08-23,1996-10-24,TAKE BACK RETURN,MAIL,oxes. blithely express 
3555-4,3555,45,46,4,19.00,17955.76,0.00,0.05,N,O,1996-09-08,1996-09-14,1996-10-01,COLLECT COD,REG AIR,pinto beans solve quic
3555-5,3555,330,87,5,29.00,35679.57,0.07,0.04,N,O,1996-08-02,1996-09-04,1996-08-08,DELIVER IN PERSON,TRUCK,kly regular court
3555-6,3555,274,2,6,33.00,38750.91,0.04,0.08,N,O,1996-09-20,1996-09-23,1996-10-05,TAKE BACK RETURN,AIR,ironic frays are. 
3555-7,3555,1253,28,7,9.00,10388.25,0.07,0.02,N,O,1996-10-13,1996-10-02,1996-10-22,NONE,SHIP,ies poach against the blith
3556-1,3556,1415,55,1,45.00,59238.45,0.05,0.06,A,F,1992-10-14,1992-12-21,1992-10-16,NONE,TRUCK,s. fluffily express
3556-2,3556,304,61,2,43.00,51784.90,0.02,0.06,R,F,1993-01-18,1992-11-09,1993-02-04,NONE,FOB,furiously. re
3556-3,3556,869,70,3,28.00,49556.08,0.10,0.04,A,F,1993-01-06,1992-11-27,1993-01-16,NONE,MAIL,"posits snooze among the ironic, bold sen"
3557-1,3557,1743,70,1,41.00,67434.34,0.01,0.07,R,F,1993-01-30,1992-12-31,1993-02-18,COLLECT COD,FOB,slyly special 
3557-2,3557,1289,90,2,37.00,44040.36,0.03,0.05,R,F,1993-02-16,1993-01-05,1993-03-15,DELIVER IN PERSON,RAIL,slyly ironic pa
3558-1,3558,864,65,1,8.00,14118.88,0.01,0.03,N,O,1996-05-31,1996-05-26,1996-06-25,COLLECT COD,AIR,o the furiously sil
3558-2,3558,96,72,2,28.00,27890.52,0.02,0.08,N,O,1996-06-02,1996-04-18,1996-06-24,COLLECT COD,TRUCK, packages. 
3558-3,3558,1865,52,3,3.00,5300.58,0.03,0.06,N,O,1996-05-19,1996-04-28,1996-05-26,DELIVER IN PERSON,RAIL, beans. fluffily close theodol
3558-4,3558,906,9,4,22.00,39751.80,0.06,0.03,N,O,1996-04-27,1996-04-19,1996-04-30,DELIVER IN PERSON,SHIP,counts. blithely final foxes amon
3558-5,3558,289,44,5,38.00,45192.64,0.03,0.08,N,O,1996-05-29,1996-05-02,1996-06-09,COLLECT COD,RAIL,s boost slyly regular id
3558-6,3558,719,84,6,17.00,27535.07,0.07,0.07,N,O,1996-03-14,1996-05-04,1996-04-05,NONE,RAIL,s. furiously regular
3559-1,3559,896,97,1,29.00,52109.81,0.00,0.07,R,F,1992-12-10,1992-12-03,1992-12-20,COLLECT COD,REG AIR,ught to boost. deposits wake
3584-1,3584,102,55,1,4.00,4008.40,0.04,0.08,N,O,1997-08-16,1997-10-31,1997-08-28,DELIVER IN PERSON,TRUCK,"ans. bold,"
3584-2,3584,1595,36,2,23.00,34421.57,0.00,0.03,N,O,1997-09-10,1997-10-15,1997-09-30,COLLECT COD,TRUCK,o the fluffily unusual asymptotes
3584-3,3584,233,34,3,6.00,6799.38,0.03,0.06,N,O,1997-10-28,1997-11-09,1997-11-24,TAKE BACK RETURN,MAIL,express orbits wake
3584-4,3584,1456,74,4,11.00,14931.95,0.06,0.02,N,O,1997-11-27,1997-10-15,1997-12-08,NONE,REG AIR,ar accounts ar
3584-5,3584,180,33,5,39.00,42127.02,0.09,0.07,N,O,1997-09-20,1997-10-31,1997-10-06,COLLECT COD,AIR,xpress theodoli
3585-1,3585,1218,93,1,21.00,23503.41,0.05,0.04,A,F,1994-12-04,1994-12-25,1995-01-01,TAKE BACK RETURN,TRUCK,y even deposits: slyly regular deposit
3585-2,3585,186,87,2,40.00,43447.20,0.03,0.00,R,F,1995-01-22,1995-01-17,1995-02-07,TAKE BACK RETURN,RAIL,"ld packages. final, bold dolphins hagg"
3585-3,3585,1114,23,3,11.00,11166.21,0.01,0.04,R,F,1995-01-04,1995-02-14,1995-01-15,NONE,MAIL,quests. furio
3585-4,3585,480,39,4,33.00,45555.84,0.08,0.08,A,F,1994-12-14,1995-01-19,1994-12-22,NONE,RAIL,al accounts doze quickly above
3585-5,3585,246,28,5,13.00,14901.12,0.06,0.07,R,F,1995-03-15,1995-01-22,1995-03-17,DELIVER IN PERSON,AIR,sual packages. unusual dependenc
3585-6,3585,935,4,6,7.00,12851.51,0.10,0.02,A,F,1994-12-13,1995-01-20,1995-01-05,TAKE BACK RETURN,TRUCK,ts. quickly express i
3585-7,3585,417,5,7,45.00,59283.45,0.03,0.00,A,F,1995-01-20,1995-02-19,1995-02-11,DELIVER IN PERSON,MAIL,cuses cajole q
3586-1,3586,1937,26,1,2.00,3677.86,0.03,0.08,R,F,1994-02-10,1994-01-07,1994-03-03,DELIVER IN PERSON,RAIL,". regular, unusual dep"
3586-2,3586,834,35,2,29.00,50310.07,0.04,0.07,R,F,1994-03-06,1994-03-02,1994-03-13,DELIVER IN PERSON,RAIL,efully furiously
3586-3,3586,575,36,3,2.00,2951.14,0.03,0.06,R,F,1994-03-22,1994-02-20,1994-04-08,NONE,REG AIR,o beans haggle among the sly
3586-4,3586,838,39,4,33.00,57381.39,0.06,0.01,R,F,1994-01-24,1994-02-09,1994-02-07,NONE,TRUCK,nto beans wake careful
3586-5,3586,1080,16,5,8.00,7848.64,0.06,0.02,A,F,1994-03-29,1994-02-26,1994-04-02,NONE,FOB,"even, bold pinto"
3586-6,3586,986,21,6,8.00,15095.84,0.09,0.01,A,F,1994-03-18,1994-01-17,1994-04-06,DELIVER IN PERSON,RAIL,ly even instructions boost carefully dari
3586-7,3586,1227,28,7,33.00,37231.26,0.05,0.04,A,F,1994-02-11,1994-01-15,1994-03-03,NONE,REG AIR,"even requests. unusual, special foxe"
3587-1,3587,1968,57,1,5.00,9349.80,0.09,0.07,N,O,1996-09-03,1996-07-05,1996-09-11,DELIVER IN PERSON,SHIP,jole. furiously express deposits
3587-2,3587,1313,28,2,48.00,58286.88,0.00,0.03,N,O,1996-08-02,1996-07-02,1996-08-05,TAKE BACK RETURN,MAIL,ly silent deposits. regula
3587-3,3587,1504,25,3,36.00,50598.00,0.05,0.05,N,O,1996-07-26,1996-06-16,1996-08-23,TAKE BACK RETURN,MAIL,l ideas. blithely f
3587-4,3587,1237,75,4,31.00,35285.13,0.03,0.01,N,O,1996-07-21,1996-07-01,1996-07-23,COLLECT COD,SHIP,usly even ideas cajo
3587-5,3587,696,59,5,12.00,19160.28,0.06,0.03,N,O,1996-08-30,1996-07-04,1996-09-22,DELIVER IN PERSON,RAIL,rve slyly about the blithely eve
3587-6,3587,1061,32,6,16.00,15392.96,0.01,0.03,N,O,1996-05-11,1996-06-19,1996-06-04,COLLECT COD,FOB,beans. excuses at the b
3587-7,3587,733,30,7,23.00,37575.79,0.07,0.05,N,O,1996-08-30,1996-07-01,1996-09-10,COLLECT COD,FOB,usual packages inside the deposits unwin
3588-1,3588,902,5,1,28.00,50481.20,0.04,0.08,R,F,1995-05-03,1995-05-03,1995-05-14,DELIVER IN PERSON,TRUCK,inments above the deposits haggle beside
3588-2,3588,878,12,2,6.00,10673.22,0.06,0.08,A,F,1995-04-09,1995-05-30,1995-04-10,TAKE BACK RETURN,MAIL,gainst the unusu
3588-3,3588,1588,89,3,45.00,67031.10,0.04,0.02,R,F,1995-05-07,1995-05-04,1995-05-28,TAKE BACK RETURN,TRUCK,pinto beans boost. even deposits are q
3588-4,3588,1263,75,4,22.00,25613.72,0.05,0.00,A,F,1995-04-08,1995-05-06,1995-04-27,NONE,RAIL, theodolites affix furious
3588-5,3588,550,81,5,28.00,40615.40,0.03,0.03,A,F,1995-04-23,1995-05-25,1995-04-28,DELIVER IN PERSON,TRUCK,ithely ironic packages will have
3588-6,3588,1095,31,6,37.00,36855.33,0.08,0.04,N,F,1995-06-17,1995-05-25,1995-06-24,TAKE BACK RETURN,RAIL,equests sleep blithely regula
3588-7,3588,385,14,7,46.00,59127.48,0.08,0.07,A,F,1995-06-06,1995-05-08,1995-06-08,NONE,AIR,ithely final excuses sleep around
3589-1,3589,366,51,1,42.00,53187.12,0.08,0.08,R,F,1994-08-11,1994-07-17,1994-08-23,DELIVER IN PERSON,AIR,aggle quickly according
3590-1,3590,1760,3,1,10.00,16617.60,0.08,0.00,N,O,1995-07-17,1995-06-26,1995-08-12,TAKE BACK RETURN,SHIP,ve furiously. slyly 
3590-2,3590,944,45,2,19.00,35053.86,0.03,0.03,N,O,1995-08-02,1995-06-20,1995-08-08,NONE,SHIP,he express theodolites. bold plat
3590-3,3590,956,25,3,43.00,79848.85,0.07,0.06,N,O,1995-07-12,1995-07-25,1995-07-16,DELIVER IN PERSON,SHIP,Tiresias among the 
3590-4,3590,554,45,4,26.00,37818.30,0.01,0.03,N,O,1995-07-08,1995-06-17,1995-08-02,DELIVER IN PERSON,SHIP,of the theodolite
3590-5,3590,1903,4,5,37.00,66781.30,0.00,0.08,N,O,1995-09-01,1995-06-29,1995-09-10,NONE,SHIP, express requests doze carefully bold de
3590-6,3590,1189,90,6,31.00,33795.58,0.03,0.01,N,O,1995-06-24,1995-07-12,1995-06-25,DELIVER IN PERSON,REG AIR, thinly pending pinto beans. quickly ironic
3590-7,3590,1936,25,7,44.00,80868.92,0.05,0.04,N,F,1995-06-07,1995-06-15,1995-06-27,NONE,MAIL,y regular instructions. quietly ironic re
3591-1,3591,289,44,1,21.00,24974.88,0.03,0.03,A,F,1994-02-25,1994-02-02,1994-03-05,DELIVER IN PERSON,TRUCK," cajole. even, regu"
3591-2,3591,683,46,2,24.00,38008.32,0.04,0.04,R,F,1993-12-26,1994-01-07,1994-01-25,COLLECT COD,FOB,press deposits breach slyly regularly
3591-3,3591,1633,57,3,4.00,6138.52,0.01,0.03,A,F,1994-04-04,1994-02-19,1994-05-02,DELIVER IN PERSON,RAIL,press deposits dazzle always special th
3591-4,3591,1526,27,4,49.00,69948.48,0.01,0.00,A,F,1994-03-21,1994-01-26,1994-03-28,COLLECT COD,AIR, accounts. quic
3616-1,3616,1966,11,1,30.00,56038.80,0.01,0.00,A,F,1994-05-05,1994-04-24,1994-05-12,TAKE BACK RETURN,FOB,instructions. fluffily fina
3616-2,3616,1380,81,2,28.00,35878.64,0.08,0.06,R,F,1994-02-20,1994-04-18,1994-03-05,DELIVER IN PERSON,REG AIR,beans integrate carefully car
3617-1,3617,1161,62,1,46.00,48859.36,0.03,0.02,N,O,1996-05-19,1996-05-14,1996-06-11,NONE,RAIL,sleep furiously. cou
3617-2,3617,980,81,2,16.00,30095.68,0.05,0.02,N,O,1996-05-08,1996-06-03,1996-05-19,COLLECT COD,RAIL,inal account
3617-3,3617,978,81,3,32.00,60127.04,0.00,0.06,N,O,1996-04-20,1996-06-07,1996-05-19,DELIVER IN PERSON,MAIL,"iously. ironic, final packages are blithe"
3617-4,3617,408,96,4,22.00,28784.80,0.10,0.05,N,O,1996-07-11,1996-05-02,1996-07-25,NONE,REG AIR,ests affix furiously above the furiously sp
3617-5,3617,1363,40,5,11.00,13907.96,0.08,0.05,N,O,1996-07-16,1996-04-23,1996-07-28,COLLECT COD,MAIL,kly pending deposits. blithely 
3618-1,3618,1397,74,1,38.00,49338.82,0.08,0.00,N,O,1997-12-22,1998-02-23,1998-01-03,TAKE BACK RETURN,TRUCK,ironic requests haggle ironic dolphins
3618-2,3618,1434,35,2,48.00,64100.64,0.04,0.00,N,O,1998-03-12,1998-02-13,1998-03-29,DELIVER IN PERSON,TRUCK,ke slyly final asymptote
3618-3,3618,621,53,3,24.00,36518.88,0.01,0.04,N,O,1998-01-26,1998-01-15,1998-02-17,TAKE BACK RETURN,AIR, requests.
3618-4,3618,1605,6,4,26.00,39171.60,0.01,0.05,N,O,1998-03-23,1998-01-24,1998-04-15,DELIVER IN PERSON,AIR, accounts. carefully regular accounts a
3619-1,3619,958,59,1,49.00,91088.55,0.01,0.08,N,O,1997-01-22,1996-12-21,1997-02-17,TAKE BACK RETURN,MAIL,e the furiously final accounts. r
3619-2,3619,1157,94,2,27.00,28570.05,0.08,0.04,N,O,1996-12-12,1997-01-18,1996-12-18,TAKE BACK RETURN,SHIP,ans wake except the ironic 
3619-3,3619,471,59,3,46.00,63087.62,0.08,0.03,N,O,1997-01-31,1997-01-27,1997-02-11,NONE,SHIP,excuses integ
3619-4,3619,930,99,4,18.00,32956.74,0.04,0.02,N,O,1997-03-18,1996-12-24,1997-03-21,COLLECT COD,AIR,packages. 
3619-5,3619,1193,2,5,38.00,41579.22,0.05,0.08,N,O,1996-12-08,1997-02-03,1997-01-07,NONE,RAIL, alongside of the acco
3619-6,3619,1520,21,6,43.00,61125.36,0.01,0.01,N,O,1997-01-25,1997-01-06,1997-02-07,COLLECT COD,RAIL,oss the unu
3620-1,3620,587,18,1,41.00,60990.78,0.03,0.08,N,O,1997-03-21,1997-04-20,1997-03-30,COLLECT COD,FOB, against the slyly bold 
3620-2,3620,1666,49,2,16.00,25082.56,0.00,0.06,N,O,1997-05-17,1997-05-08,1997-06-03,COLLECT COD,SHIP,ifts. final tithes 
3621-1,3621,165,66,1,29.00,30889.64,0.02,0.06,A,F,1993-08-03,1993-07-08,1993-08-10,DELIVER IN PERSON,FOB,special deposit
3621-2,3621,924,59,2,13.00,23723.96,0.09,0.04,R,F,1993-08-30,1993-06-30,1993-09-01,NONE,REG AIR,ven packages haggle against the even p
3621-3,3621,1636,60,3,45.00,69193.35,0.07,0.07,R,F,1993-08-09,1993-06-18,1993-09-05,DELIVER IN PERSON,AIR,wake closely after the carefully ironic p
3621-4,3621,433,21,4,20.00,26668.60,0.05,0.04,R,F,1993-05-27,1993-07-04,1993-06-22,TAKE BACK RETURN,SHIP,riously carefully ironic platelet
3622-1,3622,1748,49,1,47.00,77537.78,0.09,0.00,N,O,1996-02-24,1996-02-22,1996-03-12,TAKE BACK RETURN,TRUCK,ronic depen
3622-2,3622,884,18,2,4.00,7139.52,0.04,0.04,N,O,1996-02-03,1996-02-19,1996-02-16,TAKE BACK RETURN,TRUCK,its haggle slyly against 
3622-3,3622,1895,96,3,46.00,82656.94,0.07,0.07,N,O,1995-12-18,1996-01-23,1996-01-12,TAKE BACK RETURN,AIR,"osits. ironic, un"
3622-4,3622,1766,67,4,9.00,15009.84,0.08,0.05,N,O,1995-12-12,1996-02-09,1995-12-13,TAKE BACK RETURN,SHIP,ans. requests nag above the final f
3623-1,3623,799,32,1,32.00,54393.28,0.05,0.00,N,O,1997-04-18,1997-03-15,1997-05-09,COLLECT COD,SHIP, carefully bold packages x-ray qui
3623-2,3623,1163,36,2,33.00,35117.28,0.08,0.01,N,O,1997-03-17,1997-02-13,1997-04-02,TAKE BACK RETURN,TRUCK,ges use quietly. quick
3623-3,3623,231,13,3,21.00,23755.83,0.02,0.02,N,O,1997-01-19,1997-03-18,1997-01-24,NONE,FOB, sleep slyly. regula
3623-4,3623,1648,31,4,42.00,65084.88,0.05,0.06,N,O,1997-01-11,1997-03-24,1997-01-21,COLLECT COD,RAIL,carefully. even dolphins wak
3623-5,3623,878,78,5,30.00,53366.10,0.10,0.04,N,O,1997-04-04,1997-03-03,1997-05-01,NONE,RAIL,ironic requests cajole caref
3623-6,3623,1852,39,6,7.00,12276.95,0.01,0.02,N,O,1997-01-05,1997-03-26,1997-01-26,NONE,TRUCK,s deposits. furiously express grouches 
3623-7,3623,1399,38,7,13.00,16905.07,0.03,0.08,N,O,1997-01-02,1997-02-26,1997-01-26,DELIVER IN PERSON,SHIP,"the slow, final deposi"
3648-1,3648,1431,32,1,16.00,21318.88,0.02,0.06,A,F,1993-08-14,1993-08-14,1993-08-15,COLLECT COD,FOB,yly regular pac
3648-2,3648,1048,54,2,30.00,28471.20,0.00,0.01,R,F,1993-08-31,1993-09-06,1993-09-06,DELIVER IN PERSON,FOB,counts. daringly pending reque
3648-3,3648,459,60,3,34.00,46221.30,0.10,0.00,A,F,1993-08-21,1993-07-25,1993-09-15,DELIVER IN PERSON,FOB,lly bold excuses. slyly even ideas
3648-4,3648,121,74,4,16.00,16337.92,0.06,0.03,R,F,1993-07-27,1993-08-26,1993-08-24,DELIVER IN PERSON,FOB,s nag among the accounts. furiously re
3648-5,3648,1170,79,5,25.00,26779.25,0.06,0.03,R,F,1993-08-15,1993-08-25,1993-09-09,TAKE BACK RETURN,TRUCK,t furiously. quickly reg
3648-6,3648,1685,86,6,14.00,22213.52,0.08,0.06,R,F,1993-10-02,1993-08-26,1993-10-09,COLLECT COD,AIR, nag. deposits haggle slyly unus
3648-7,3648,1942,43,7,49.00,90353.06,0.09,0.03,R,F,1993-06-27,1993-07-27,1993-07-24,TAKE BACK RETURN,FOB,ounts haggle quickly fluffily final pint
3649-1,3649,48,49,1,25.00,23701.00,0.10,0.04,A,F,1994-10-27,1994-08-23,1994-11-05,TAKE BACK RETURN,TRUCK,encies are
3649-2,3649,890,57,2,23.00,41190.47,0.08,0.00,R,F,1994-09-26,1994-10-01,1994-09-28,NONE,REG AIR,xpress deposits c
3649-3,3649,693,56,3,14.00,22311.66,0.02,0.04,A,F,1994-09-19,1994-08-17,1994-10-12,DELIVER IN PERSON,TRUCK,as integrate bravely silen
3649-4,3649,755,52,4,40.00,66230.00,0.00,0.08,R,F,1994-07-20,1994-08-30,1994-08-14,TAKE BACK RETURN,RAIL, against the furiously special deposi
3649-5,3649,997,98,5,24.00,45551.76,0.05,0.03,A,F,1994-07-07,1994-08-20,1994-07-27,TAKE BACK RETURN,FOB,"silent deposits are unusual, qui"
3649-6,3649,1211,12,6,3.00,3336.63,0.10,0.04,A,F,1994-07-17,1994-08-10,1994-08-03,NONE,FOB,silent deposits boost i
3650-1,3650,1356,95,1,30.00,37720.50,0.10,0.00,A,F,1992-08-26,1992-07-05,1992-09-01,DELIVER IN PERSON,SHIP, according to the slyly ironic instru
3650-2,3650,1280,81,2,43.00,50795.04,0.05,0.05,A,F,1992-09-07,1992-08-12,1992-09-10,COLLECT COD,TRUCK,unusual pinto bean
3650-3,3650,17,93,3,1.00,917.01,0.04,0.06,A,F,1992-06-23,1992-07-18,1992-07-08,NONE,REG AIR,luffily against the
3650-4,3650,621,53,4,31.00,47170.22,0.10,0.08,R,F,1992-06-15,1992-07-01,1992-07-15,DELIVER IN PERSON,RAIL, ideas haggle blithely according t
3650-5,3650,1864,65,5,19.00,33551.34,0.05,0.04,R,F,1992-08-29,1992-08-09,1992-09-21,DELIVER IN PERSON,AIR,areful accounts nag furiously ironic exc
3650-6,3650,936,39,6,27.00,49597.11,0.07,0.08,A,F,1992-07-03,1992-07-23,1992-07-13,COLLECT COD,MAIL,ests according to the slyly regular foxe
3650-7,3650,691,54,7,43.00,68442.67,0.10,0.07,A,F,1992-06-25,1992-07-09,1992-07-22,DELIVER IN PERSON,RAIL,nic ideas sleep care
3651-1,3651,181,60,1,20.00,21623.60,0.01,0.04,N,O,1998-06-10,1998-06-06,1998-06-23,NONE,SHIP,en pinto beans. slyly bo
3651-2,3651,1544,65,2,24.00,34692.96,0.09,0.04,N,O,1998-06-22,1998-07-17,1998-07-10,DELIVER IN PERSON,RAIL,after the carefully special in
3651-3,3651,1125,98,3,41.00,42070.92,0.00,0.05,N,O,1998-05-10,1998-07-09,1998-05-13,NONE,RAIL,fully bold deposits 
3651-4,3651,1092,63,4,27.00,26813.43,0.05,0.03,N,O,1998-05-03,1998-06-30,1998-05-05,DELIVER IN PERSON,RAIL,ckly bold asymptotes. regula
3652-1,3652,1798,25,1,24.00,40794.96,0.05,0.03,N,O,1997-06-07,1997-04-07,1997-06-12,COLLECT COD,MAIL,ress packag
3652-2,3652,1365,66,2,37.00,46855.32,0.02,0.05,N,O,1997-05-11,1997-04-06,1997-06-05,COLLECT COD,MAIL,"unts wake. unusual,"
3652-3,3652,1627,51,3,39.00,59616.18,0.01,0.02,N,O,1997-03-10,1997-04-03,1997-03-21,NONE,REG AIR,round the blithely final p
3652-4,3652,797,62,4,1.00,1697.79,0.01,0.04,N,O,1997-04-20,1997-05-03,1997-05-18,DELIVER IN PERSON,SHIP,pecial accounts. requests nag
3653-1,3653,1448,66,1,38.00,51278.72,0.08,0.05,A,F,1994-06-26,1994-05-13,1994-07-13,NONE,REG AIR,quickly sp
3653-2,3653,631,94,2,29.00,44417.27,0.07,0.01,A,F,1994-04-11,1994-06-11,1994-04-29,COLLECT COD,RAIL,uffily even hockey players a
3653-3,3653,1806,50,3,17.00,29032.60,0.09,0.03,R,F,1994-06-24,1994-06-02,1994-07-17,DELIVER IN PERSON,RAIL,ideas haggle. exp
3653-4,3653,1853,40,4,9.00,15793.65,0.10,0.07,R,F,1994-04-03,1994-05-19,1994-04-10,COLLECT COD,FOB,regular tithes integ
3653-5,3653,1878,22,5,41.00,72974.67,0.08,0.01,A,F,1994-06-18,1994-05-18,1994-06-20,COLLECT COD,RAIL,y ironic deposits haggl
3653-6,3653,425,26,6,9.00,11928.78,0.05,0.03,A,F,1994-07-21,1994-05-31,1994-08-17,NONE,MAIL,e slyly regular 
3653-7,3653,485,15,7,2.00,2770.96,0.06,0.03,R,F,1994-06-02,1994-05-31,1994-06-29,NONE,FOB,as wake bravely 
3654-1,3654,1647,30,1,46.00,71237.44,0.08,0.05,A,F,1992-06-05,1992-08-19,1992-06-06,DELIVER IN PERSON,FOB,deas cajole blithely arou
3654-2,3654,927,28,2,29.00,53009.68,0.07,0.06,A,F,1992-09-11,1992-07-20,1992-10-04,DELIVER IN PERSON,FOB,osits wake against the acc
3654-3,3654,17,68,3,37.00,33929.37,0.07,0.05,A,F,1992-09-22,1992-07-20,1992-10-19,TAKE BACK RETURN,RAIL,", final foxes impres"
3654-4,3654,1673,74,4,11.00,17321.37,0.08,0.00,A,F,1992-07-20,1992-07-30,1992-07-23,TAKE BACK RETURN,SHIP,"bold accounts are excuses. unusual, f"
3654-5,3654,936,37,5,34.00,62455.62,0.04,0.00,R,F,1992-07-26,1992-08-26,1992-08-12,TAKE BACK RETURN,REG AIR,dolites. f
3654-6,3654,1066,72,6,20.00,19341.20,0.03,0.02,A,F,1992-07-30,1992-07-05,1992-08-05,COLLECT COD,SHIP, regular packages wake. 
3654-7,3654,1723,50,7,45.00,73112.40,0.01,0.07,A,F,1992-09-15,1992-07-04,1992-09-20,DELIVER IN PERSON,FOB,the carefully express dinos. 
3655-1,3655,1839,69,1,5.00,8704.15,0.03,0.04,R,F,1993-01-17,1992-12-31,1993-01-23,DELIVER IN PERSON,TRUCK,daring packages after
3655-2,3655,967,36,2,1.00,1867.96,0.10,0.06,R,F,1992-10-24,1992-12-18,1992-11-07,DELIVER IN PERSON,AIR,ic asymptotes nod furiously. 
3655-3,3655,300,28,3,35.00,42010.50,0.01,0.04,R,F,1992-12-20,1992-11-16,1993-01-15,TAKE BACK RETURN,MAIL,. packages must are furiously. furiously 
3655-4,3655,714,15,4,35.00,56514.85,0.04,0.07,R,F,1992-10-17,1992-12-23,1992-10-28,COLLECT COD,MAIL, bold pearls sleep furiously along the 
3680-1,3680,1765,50,1,48.00,80004.48,0.00,0.06,R,F,1993-01-16,1993-01-23,1993-01-19,COLLECT COD,FOB,nal foxes could boost b
3680-2,3680,43,69,2,41.00,38664.64,0.00,0.04,A,F,1993-01-06,1993-03-02,1993-01-08,NONE,FOB,ly regular requests boost 
3680-3,3680,551,82,3,33.00,47901.15,0.09,0.08,R,F,1993-03-16,1993-02-19,1993-04-05,NONE,FOB,osits against th
3681-1,3681,1053,89,1,35.00,33391.75,0.03,0.08,R,F,1992-07-31,1992-05-18,1992-08-07,COLLECT COD,FOB,regular instruction
3682-1,3682,607,39,1,6.00,9045.60,0.07,0.02,N,O,1997-05-06,1997-04-04,1997-05-11,NONE,AIR,thless requests. blithely flu
3682-2,3682,1156,57,2,18.00,19028.70,0.06,0.06,N,O,1997-04-30,1997-03-21,1997-05-10,NONE,FOB,xpress accounts. flu
3682-3,3682,467,26,3,17.00,23246.82,0.03,0.05,N,O,1997-02-12,1997-04-04,1997-02-22,COLLECT COD,FOB,icing requests wake slyl
3682-4,3682,565,96,4,30.00,43966.80,0.09,0.05,N,O,1997-04-16,1997-04-16,1997-04-29,NONE,MAIL,foxes boost along the blithely even warhor
3683-1,3683,1009,45,1,35.00,31850.00,0.05,0.03,A,F,1993-05-31,1993-04-17,1993-06-14,NONE,SHIP,"s. special, special"
3683-2,3683,487,75,2,41.00,56886.68,0.01,0.06,A,F,1993-03-26,1993-05-06,1993-04-09,NONE,TRUCK,onic requests boost about the care
3683-3,3683,994,63,3,23.00,43584.77,0.00,0.08,R,F,1993-07-02,1993-05-16,1993-07-30,NONE,TRUCK,among the furiously express de
3684-1,3684,1252,53,1,48.00,55356.00,0.04,0.06,A,F,1993-08-20,1993-09-02,1993-09-10,DELIVER IN PERSON,REG AIR,nto beans detect qu
3684-2,3684,454,55,2,6.00,8126.70,0.06,0.08,R,F,1993-08-09,1993-10-05,1993-09-06,DELIVER IN PERSON,FOB,express requests. blithely regular ac
3684-3,3684,1625,49,3,19.00,29005.78,0.04,0.02,A,F,1993-10-19,1993-08-25,1993-11-02,COLLECT COD,FOB,are slyly. carefully regular packa
3684-4,3684,1349,64,4,13.00,16254.42,0.02,0.05,A,F,1993-07-23,1993-09-16,1993-08-06,NONE,TRUCK,"the even, bold foxes are evenly un"
3685-1,3685,462,92,1,37.00,50411.02,0.02,0.03,R,F,1992-03-11,1992-04-09,1992-04-05,DELIVER IN PERSON,TRUCK,nstruction
3685-2,3685,575,6,2,7.00,10328.99,0.05,0.00,R,F,1992-05-16,1992-02-23,1992-05-17,DELIVER IN PERSON,FOB,ss requests! even asymptotes haggle 
3685-3,3685,1338,39,3,38.00,47094.54,0.08,0.03,A,F,1992-05-17,1992-03-16,1992-06-06,TAKE BACK RETURN,TRUCK,arefully. idly unu
3685-4,3685,1917,6,4,39.00,70937.49,0.10,0.05,R,F,1992-02-19,1992-04-06,1992-03-02,COLLECT COD,FOB,yly ironic deposits. slyly unusual
3685-5,3685,558,59,5,37.00,53966.35,0.00,0.01,A,F,1992-03-02,1992-04-10,1992-03-04,NONE,FOB,ular deposits at the blithely special pint
3686-1,3686,1216,28,1,7.00,7820.47,0.02,0.04,N,O,1998-07-15,1998-08-22,1998-07-30,DELIVER IN PERSON,TRUCK,"promise even, even ideas"
3686-2,3686,1992,37,2,38.00,71971.62,0.06,0.03,N,O,1998-09-04,1998-08-11,1998-09-19,DELIVER IN PERSON,AIR,ers boost furiously at the regular pack
3686-3,3686,448,49,3,31.00,41801.64,0.10,0.06,N,O,1998-09-09,1998-08-28,1998-10-09,COLLECT COD,MAIL,lyly pending packages. quickly even p
3686-4,3686,1161,98,4,7.00,7435.12,0.10,0.01,N,O,1998-07-16,1998-09-02,1998-07-22,NONE,FOB,refully regular pinto bea
3687-1,3687,1441,59,1,32.00,42958.08,0.03,0.06,R,F,1993-05-07,1993-04-05,1993-05-25,DELIVER IN PERSON,AIR,r foxes nag ca
3687-2,3687,806,40,2,2.00,3413.60,0.00,0.08,R,F,1993-02-23,1993-03-25,1993-03-11,NONE,TRUCK,yly silent requests sleep blithely; clo
3687-3,3687,1737,80,3,10.00,16387.30,0.01,0.02,A,F,1993-02-11,1993-03-22,1993-03-09,NONE,FOB, slyly silent a
3687-4,3687,1617,100,4,19.00,28853.59,0.02,0.05,A,F,1993-05-14,1993-04-24,1993-06-01,DELIVER IN PERSON,MAIL,ly. slyly bold grouches wake blith
3687-5,3687,1181,90,5,31.00,33547.58,0.07,0.08,A,F,1993-05-28,1993-03-20,1993-06-05,DELIVER IN PERSON,FOB, ironic dolphins boost slyly along the spe
3712-1,3712,1401,80,1,27.00,35164.80,0.01,0.05,R,F,1992-02-01,1992-02-26,1992-03-02,TAKE BACK RETURN,SHIP,luffily besides the ironic accounts. ca
3712-2,3712,1850,80,2,13.00,22774.05,0.03,0.03,R,F,1992-04-30,1992-02-11,1992-05-30,DELIVER IN PERSON,FOB,lly carefully regular requests. speci
3712-3,3712,640,3,3,44.00,67788.16,0.01,0.01,A,F,1992-03-26,1992-02-19,1992-04-18,TAKE BACK RETURN,FOB,busily pending deposits. iron
3712-4,3712,1471,89,4,38.00,52153.86,0.01,0.06,A,F,1992-01-15,1992-03-24,1992-01-27,COLLECT COD,RAIL,"play. special, regular pint"
3713-1,3713,1114,51,1,41.00,41619.51,0.07,0.08,N,O,1998-05-11,1998-07-17,1998-05-22,COLLECT COD,RAIL,grate alongside of the sil
3713-2,3713,1770,13,2,19.00,31763.63,0.04,0.04,N,O,1998-06-25,1998-07-24,1998-07-08,DELIVER IN PERSON,AIR,ly against the special pinto beans. slyl
3713-3,3713,1797,98,3,19.00,32277.01,0.03,0.02,N,O,1998-05-19,1998-07-06,1998-06-09,DELIVER IN PERSON,REG AIR," special, final accou"
3713-4,3713,1690,91,4,45.00,71626.05,0.06,0.04,N,O,1998-06-15,1998-07-30,1998-07-14,DELIVER IN PERSON,MAIL,s wake quickly across the carefully r
3713-5,3713,892,59,5,46.00,82472.94,0.10,0.04,N,O,1998-08-22,1998-06-27,1998-08-31,NONE,MAIL, the furiously final theodolites. regu
3713-6,3713,1815,59,6,29.00,49787.49,0.09,0.03,N,O,1998-08-04,1998-06-13,1998-08-21,NONE,RAIL,s haggle about the even foxes. regular
3713-7,3713,1299,100,7,14.00,16804.06,0.04,0.00,N,O,1998-07-19,1998-07-02,1998-07-28,DELIVER IN PERSON,SHIP,nic asymptotes. bold pint
3714-1,3714,685,48,1,13.00,20613.84,0.07,0.03,N,O,1998-06-26,1998-06-17,1998-07-07,TAKE BACK RETURN,REG AIR,dencies above the bl
3714-2,3714,1457,97,2,14.00,19018.30,0.02,0.05,N,O,1998-05-30,1998-06-30,1998-05-31,DELIVER IN PERSON,RAIL,g packages. fluffily ironic notorni
3714-3,3714,1589,90,3,16.00,23849.28,0.00,0.02,N,O,1998-05-25,1998-07-07,1998-06-17,TAKE BACK RETURN,AIR,es haggle furious
3714-4,3714,293,48,4,44.00,52504.76,0.04,0.02,N,O,1998-07-18,1998-07-10,1998-07-22,DELIVER IN PERSON,AIR,lyly stealthy foxes maintain dol
3715-1,3715,967,70,1,13.00,24283.48,0.00,0.03,N,O,1996-05-11,1996-04-25,1996-06-09,TAKE BACK RETURN,SHIP,ietly unusual de
3715-2,3715,1690,73,2,16.00,25467.04,0.01,0.06,N,O,1996-06-28,1996-04-22,1996-06-30,TAKE BACK RETURN,AIR, use blithely ironic dependencies-- slyly
3715-3,3715,117,18,3,37.00,37633.07,0.05,0.02,N,O,1996-05-03,1996-04-30,1996-05-17,NONE,SHIP,. slyly even deposits
3716-1,3716,318,47,1,10.00,12183.10,0.09,0.04,N,O,1997-12-02,1997-11-09,1997-12-14,TAKE BACK RETURN,SHIP,ual asymptotes. furiously 
3716-2,3716,1931,32,2,39.00,71484.27,0.02,0.08,N,O,1997-11-27,1997-10-23,1997-12-24,COLLECT COD,REG AIR,ously. blithel
3716-3,3716,1069,70,3,42.00,40742.52,0.02,0.08,N,O,1997-12-03,1997-10-12,1997-12-15,NONE,TRUCK,ns? furiousl
3716-4,3716,1644,68,4,19.00,29367.16,0.05,0.08,N,O,1997-09-25,1997-10-18,1997-10-12,NONE,TRUCK,ial ideas against the carefull
3716-5,3716,1817,61,5,25.00,42970.25,0.06,0.05,N,O,1997-11-23,1997-10-24,1997-11-24,COLLECT COD,REG AIR,ular ideas. bold packages cajo
3717-1,3717,1523,4,1,45.00,64103.40,0.07,0.04,N,O,1998-08-09,1998-08-18,1998-08-14,TAKE BACK RETURN,TRUCK,usly special pinto beans will have to no
3717-2,3717,521,12,2,3.00,4264.56,0.01,0.07,N,O,1998-06-09,1998-07-31,1998-06-14,NONE,REG AIR,n deposits are. carefully even i
3717-3,3717,1953,54,3,45.00,83472.75,0.05,0.08,N,O,1998-09-19,1998-07-22,1998-09-28,DELIVER IN PERSON,MAIL,oxes. carefully ir
3717-4,3717,684,47,4,5.00,7923.40,0.06,0.03,N,O,1998-09-02,1998-08-20,1998-09-26,TAKE BACK RETURN,AIR,unts! pending 
3717-5,3717,153,54,5,7.00,7372.05,0.09,0.02,N,O,1998-09-08,1998-07-18,1998-09-10,DELIVER IN PERSON,RAIL,gular accounts n
3717-6,3717,636,99,6,38.00,58391.94,0.01,0.07,N,O,1998-07-10,1998-07-08,1998-07-29,COLLECT COD,RAIL, even excuses us
3717-7,3717,1053,54,7,28.00,26713.40,0.03,0.01,N,O,1998-07-25,1998-08-12,1998-08-16,COLLECT COD,RAIL,uses integ
3718-1,3718,208,63,1,40.00,44328.00,0.01,0.04,N,O,1996-11-20,1996-12-17,1996-12-03,DELIVER IN PERSON,MAIL,es can are furiously alo
3718-2,3718,1627,51,2,16.00,24457.92,0.02,0.06,N,O,1996-11-11,1996-12-25,1996-11-12,COLLECT COD,TRUCK,refully unusual asymptotes wake accounts. 
3718-3,3718,696,90,3,8.00,12773.52,0.05,0.03,N,O,1996-12-06,1996-12-06,1996-12-15,TAKE BACK RETURN,AIR,ely regular frets across the unusual
3719-1,3719,215,97,1,35.00,39032.35,0.06,0.08,N,O,1997-06-11,1997-04-03,1997-06-15,TAKE BACK RETURN,TRUCK,ss the express deposits sleep careful
3719-2,3719,1740,83,2,2.00,3283.48,0.02,0.08,N,O,1997-02-17,1997-04-25,1997-03-03,NONE,REG AIR,er the quickly speci
3719-3,3719,1816,3,3,12.00,20613.72,0.05,0.06,N,O,1997-06-10,1997-05-04,1997-07-09,TAKE BACK RETURN,REG AIR,ffily furiously idle id
3719-4,3719,893,93,4,13.00,23320.57,0.02,0.00,N,O,1997-05-03,1997-04-16,1997-05-27,TAKE BACK RETURN,SHIP,ess pinto beans. es
3719-5,3719,777,10,5,19.00,31877.63,0.06,0.08,N,O,1997-05-22,1997-03-20,1997-06-12,COLLECT COD,TRUCK, special platelets serve careful
3719-6,3719,1414,93,6,43.00,56562.63,0.03,0.08,N,O,1997-05-08,1997-04-15,1997-06-06,COLLECT COD,RAIL, packages use fluffily against t
3719-7,3719,185,86,7,16.00,17362.88,0.10,0.01,N,O,1997-03-02,1997-03-18,1997-03-28,TAKE BACK RETURN,RAIL,ven requests cajole qui
3744-1,3744,1948,37,1,30.00,55498.20,0.05,0.06,A,F,1992-05-07,1992-02-12,1992-05-17,TAKE BACK RETURN,FOB,l packages
3745-1,3745,1363,40,1,18.00,22758.48,0.01,0.05,A,F,1993-10-17,1993-11-16,1993-11-13,DELIVER IN PERSON,SHIP,"usual, unusual packages. carefully ir"
3746-1,3746,1641,42,1,37.00,57077.68,0.07,0.00,A,F,1994-12-29,1994-10-25,1995-01-03,COLLECT COD,FOB,ar foxes about t
3746-2,3746,1436,15,2,28.00,37448.04,0.06,0.08,R,F,1994-09-20,1994-10-21,1994-09-27,DELIVER IN PERSON,FOB,c theodolites are pinto beans. car
3746-3,3746,1879,80,3,3.00,5342.61,0.10,0.01,R,F,1994-11-03,1994-12-10,1994-11-12,NONE,MAIL,gular accounts. carefully final dep
3746-4,3746,275,30,4,11.00,12927.97,0.00,0.05,R,F,1994-10-02,1994-11-19,1994-10-10,COLLECT COD,SHIP,latelets cajole furiously. silen
3747-1,3747,1406,24,1,42.00,54910.80,0.05,0.05,N,O,1996-11-10,1996-10-19,1996-11-19,TAKE BACK RETURN,REG AIR,onic ideas. furi
3747-2,3747,1700,1,2,33.00,52856.10,0.01,0.03,N,O,1996-10-14,1996-11-12,1996-11-11,NONE,REG AIR,"inal, spec"
3747-3,3747,1386,87,3,30.00,38621.40,0.00,0.07,N,O,1996-12-16,1996-11-15,1996-12-17,NONE,RAIL,ely about the
3747-4,3747,330,15,4,21.00,25836.93,0.00,0.06,N,O,1996-11-18,1996-09-23,1996-11-26,TAKE BACK RETURN,AIR,long the carefully dogged tithes. slyl
3747-5,3747,1259,34,5,32.00,37128.00,0.08,0.05,N,O,1996-09-10,1996-11-04,1996-10-10,DELIVER IN PERSON,MAIL,ounts would af
3747-6,3747,1540,41,6,14.00,20181.56,0.08,0.07,N,O,1996-11-03,1996-10-29,1996-11-06,TAKE BACK RETURN,AIR, the furiously even id
3747-7,3747,1180,17,7,23.00,24867.14,0.00,0.04,N,O,1996-11-08,1996-11-10,1996-12-03,NONE,REG AIR,es. fluffily reg
3748-1,3748,1036,72,1,12.00,11244.36,0.06,0.01,N,O,1998-04-17,1998-04-15,1998-05-12,NONE,AIR,y. ideas a
3748-2,3748,1648,90,2,24.00,37191.36,0.08,0.04,N,O,1998-06-07,1998-05-02,1998-06-21,DELIVER IN PERSON,TRUCK,"rding to the unusual,"
3748-3,3748,1961,94,3,19.00,35396.24,0.05,0.01,N,O,1998-04-23,1998-05-17,1998-05-23,COLLECT COD,RAIL,? fluffy accounts are always i
3748-4,3748,1867,54,4,5.00,8844.30,0.00,0.07,N,O,1998-06-29,1998-05-06,1998-07-12,DELIVER IN PERSON,MAIL,promise slyly finally silent decoys; expr
3748-5,3748,1467,7,5,21.00,28737.66,0.07,0.08,N,O,1998-03-30,1998-04-07,1998-04-05,TAKE BACK RETURN,MAIL,s the carefully bold deposits. permanently 
3749-1,3749,1729,72,1,11.00,17937.92,0.07,0.05,N,O,1995-06-25,1995-05-23,1995-07-10,TAKE BACK RETURN,RAIL, ironic requests. blithely
3749-2,3749,1282,57,2,9.00,10649.52,0.08,0.05,A,F,1995-04-23,1995-04-18,1995-04-26,NONE,REG AIR,ccounts use carefully ev
3749-3,3749,1989,78,3,31.00,58620.38,0.00,0.05,N,F,1995-06-11,1995-05-20,1995-06-27,COLLECT COD,REG AIR, regular epitaphs-- instructions n
3749-4,3749,1304,81,4,7.00,8437.10,0.07,0.06,A,F,1995-03-31,1995-04-05,1995-04-11,NONE,TRUCK,inal foxes grow slyly af
3749-5,3749,1824,68,5,14.00,24161.48,0.02,0.00,N,F,1995-06-11,1995-05-19,1995-07-11,DELIVER IN PERSON,SHIP,odolites slee
3749-6,3749,538,29,6,10.00,14385.30,0.10,0.03,N,O,1995-06-24,1995-05-24,1995-07-18,COLLECT COD,SHIP,about the express
3750-1,3750,1333,72,1,37.00,45670.21,0.04,0.03,N,O,1995-07-08,1995-07-28,1995-07-28,DELIVER IN PERSON,REG AIR,ironic pinto bean
3750-2,3750,1518,19,2,33.00,46843.83,0.05,0.03,N,O,1995-06-27,1995-06-20,1995-07-03,TAKE BACK RETURN,REG AIR,pecial accounts affix furiously 
3750-3,3750,794,27,3,20.00,33895.80,0.09,0.05,N,F,1995-06-17,1995-06-06,1995-06-28,TAKE BACK RETURN,REG AIR,ously furiously ironic p
3750-4,3750,1659,83,4,33.00,51501.45,0.04,0.03,N,F,1995-06-15,1995-06-04,1995-06-29,COLLECT COD,RAIL,ly regular packages sleep. caref
3750-5,3750,827,61,5,1.00,1727.82,0.05,0.01,N,O,1995-07-24,1995-06-25,1995-08-21,DELIVER IN PERSON,REG AIR,ithely express theodolites c
3750-6,3750,1124,61,6,47.00,48180.64,0.01,0.08,R,F,1995-05-11,1995-06-13,1995-06-02,TAKE BACK RETURN,FOB,hely pending accounts doze along the
3751-1,3751,1718,61,1,37.00,59929.27,0.00,0.04,R,F,1994-04-30,1994-05-30,1994-05-30,NONE,REG AIR,eodolites use acro
3751-2,3751,1407,47,2,32.00,41868.80,0.03,0.05,R,F,1994-05-05,1994-07-02,1994-06-02,COLLECT COD,MAIL,lithely packages. express
3751-3,3751,643,6,3,45.00,69463.80,0.08,0.06,R,F,1994-05-27,1994-06-19,1994-06-14,NONE,RAIL,old asymptote
3751-4,3751,139,18,4,39.00,40526.07,0.07,0.01,A,F,1994-08-16,1994-07-11,1994-09-12,COLLECT COD,TRUCK,quests. blithely final accou
3751-5,3751,571,32,5,12.00,17658.84,0.02,0.03,A,F,1994-08-09,1994-06-30,1994-08-12,TAKE BACK RETURN,TRUCK,"y even, busy requests"
3751-6,3751,756,21,6,39.00,64613.25,0.02,0.08,R,F,1994-08-01,1994-06-01,1994-08-26,COLLECT COD,SHIP,ts. furiously unusual requests detect
3776-1,3776,22,98,1,39.00,35958.78,0.05,0.01,R,F,1993-01-03,1993-02-05,1993-01-08,COLLECT COD,FOB,ainst the carefully regular t
3776-2,3776,1582,63,2,14.00,20770.12,0.06,0.08,R,F,1992-12-30,1993-02-12,1993-01-27,DELIVER IN PERSON,RAIL, instructions: final requests haggle
3776-3,3776,1410,50,3,49.00,64259.09,0.01,0.08,R,F,1992-12-03,1993-02-16,1992-12-28,TAKE BACK RETURN,RAIL," quickly. unusual, thin sauter"
3776-4,3776,916,19,4,49.00,89028.59,0.08,0.05,A,F,1993-02-11,1993-01-06,1993-02-27,COLLECT COD,MAIL,ily regular instructions. frets ag
3777-1,3777,995,98,1,11.00,20855.89,0.02,0.03,A,F,1994-04-09,1994-06-05,1994-04-14,NONE,FOB,y final courts. furiously 
3777-2,3777,75,51,2,10.00,9750.70,0.03,0.01,R,F,1994-05-22,1994-05-29,1994-06-13,COLLECT COD,RAIL,ly ironic instructi
3777-3,3777,1655,56,3,18.00,28019.70,0.10,0.06,R,F,1994-05-04,1994-05-23,1994-05-22,COLLECT COD,REG AIR,ckages. regular requests after the furi
3777-4,3777,172,73,4,35.00,37525.95,0.10,0.04,A,F,1994-05-25,1994-05-26,1994-06-13,COLLECT COD,AIR,ckly express platelets around the fluff
3777-5,3777,975,10,5,14.00,26263.58,0.04,0.05,R,F,1994-05-06,1994-06-24,1994-05-31,NONE,TRUCK,even deposits run
3778-1,3778,567,28,1,21.00,30818.76,0.01,0.06,R,F,1993-05-27,1993-07-10,1993-06-03,COLLECT COD,REG AIR,are after the carefully ironi
3778-2,3778,286,87,2,32.00,37960.96,0.09,0.00,A,F,1993-06-22,1993-08-18,1993-07-03,TAKE BACK RETURN,MAIL,its haggle blithely express fo
3778-3,3778,935,70,3,41.00,75273.13,0.05,0.00,R,F,1993-06-21,1993-07-27,1993-07-15,COLLECT COD,FOB, requests. requests h
3778-4,3778,1689,13,4,28.00,44539.04,0.03,0.05,R,F,1993-08-18,1993-07-10,1993-09-06,TAKE BACK RETURN,REG AIR,"furiously ironic accounts. regular, unus"
3778-5,3778,971,74,5,28.00,52415.16,0.01,0.06,R,F,1993-09-02,1993-08-08,1993-10-02,DELIVER IN PERSON,FOB,ests boost carefull
3778-6,3778,195,48,6,26.00,28474.94,0.00,0.01,A,F,1993-09-24,1993-07-06,1993-10-22,NONE,TRUCK, bold warthogs among 
3778-7,3778,1048,49,7,49.00,46502.96,0.02,0.04,A,F,1993-06-13,1993-08-08,1993-07-04,DELIVER IN PERSON,MAIL,nto beans at th
3779-1,3779,458,46,1,28.00,38036.60,0.04,0.05,N,O,1997-05-06,1997-04-01,1997-05-18,TAKE BACK RETURN,AIR,deposits. blithely bold
3779-2,3779,1091,27,2,5.00,4960.45,0.07,0.03,N,O,1997-01-07,1997-03-26,1997-02-05,DELIVER IN PERSON,AIR,ickly requests. carefully f
3780-1,3780,1262,63,1,25.00,29081.50,0.08,0.04,N,O,1996-06-27,1996-07-02,1996-07-22,NONE,AIR,usy deposit
3780-2,3780,1895,25,2,40.00,71875.60,0.10,0.04,N,O,1996-06-06,1996-05-29,1996-07-01,COLLECT COD,SHIP,the unusual deposits. furiously pen
3781-1,3781,132,33,1,48.00,49542.24,0.02,0.06,N,O,1996-08-22,1996-08-13,1996-09-15,NONE,REG AIR,es are slyly alongside of 
3781-2,3781,1875,76,2,39.00,69297.93,0.10,0.00,N,O,1996-08-20,1996-08-16,1996-09-01,DELIVER IN PERSON,REG AIR, packages. furiously e
3781-3,3781,299,100,3,17.00,20387.93,0.01,0.03,N,O,1996-06-23,1996-09-04,1996-07-19,TAKE BACK RETURN,REG AIR,counts. inst
3781-4,3781,309,66,4,15.00,18139.50,0.05,0.00,N,O,1996-08-23,1996-08-08,1996-09-06,TAKE BACK RETURN,AIR,heodolites cajole
3781-5,3781,151,30,5,23.00,24176.45,0.09,0.08,N,O,1996-09-05,1996-08-18,1996-09-27,DELIVER IN PERSON,SHIP,y ironic account
3782-1,3782,269,51,1,29.00,33908.54,0.01,0.07,N,O,1996-09-17,1996-10-03,1996-10-07,DELIVER IN PERSON,REG AIR,sts cajole blithely regular instructions. i
3782-2,3782,1529,70,2,10.00,14305.20,0.03,0.05,N,O,1996-09-07,1996-11-19,1996-10-04,COLLECT COD,FOB,ly ironic p
3782-3,3782,1353,54,3,30.00,37630.50,0.06,0.06,N,O,1996-12-19,1996-10-31,1997-01-14,TAKE BACK RETURN,MAIL,ent warthogs wake carefull
3782-4,3782,1164,73,4,34.00,36215.44,0.02,0.06,N,O,1996-11-07,1996-10-22,1996-11-19,DELIVER IN PERSON,MAIL,arefully slyly regu
3782-5,3782,1293,5,5,40.00,47771.60,0.09,0.04,N,O,1996-12-16,1996-11-22,1997-01-01,COLLECT COD,AIR,its haggle about the quiet de
3783-1,3783,1666,49,1,36.00,56435.76,0.04,0.08,R,F,1993-12-17,1994-02-26,1994-01-03,DELIVER IN PERSON,SHIP,he carefully quiet dolphins. packages
3783-2,3783,729,62,2,36.00,58669.92,0.02,0.02,R,F,1994-03-02,1994-02-09,1994-03-15,COLLECT COD,TRUCK,packages. fluff
3783-3,3783,850,84,3,50.00,87542.50,0.04,0.01,R,F,1994-03-14,1994-01-09,1994-04-10,DELIVER IN PERSON,FOB,special deposits nag slyly furi
3783-4,3783,263,18,4,37.00,43040.62,0.10,0.05,R,F,1993-12-09,1994-02-17,1993-12-30,COLLECT COD,REG AIR,uriously according to the special acc
3808-1,3808,428,58,1,28.00,37195.76,0.02,0.01,R,F,1994-05-27,1994-06-18,1994-06-22,TAKE BACK RETURN,FOB,lithely slyly final re
3808-2,3808,1264,39,2,47.00,54767.22,0.04,0.08,R,F,1994-06-12,1994-06-03,1994-07-02,COLLECT COD,TRUCK, pearls according to the slyly final pack
3808-3,3808,303,4,3,45.00,54148.50,0.00,0.03,R,F,1994-07-03,1994-05-29,1994-07-14,TAKE BACK RETURN,REG AIR,lyly at the fluffi
3808-4,3808,995,96,4,34.00,64463.66,0.07,0.04,R,F,1994-08-13,1994-07-22,1994-08-31,DELIVER IN PERSON,FOB,ts poach above the do
3808-5,3808,1548,69,5,29.00,42036.66,0.08,0.03,A,F,1994-06-22,1994-05-26,1994-07-06,TAKE BACK RETURN,TRUCK,beans use carefully. pen
3808-6,3808,1672,55,6,44.00,69241.48,0.06,0.06,A,F,1994-06-07,1994-06-04,1994-06-25,NONE,REG AIR,foxes cajole carefully sly platelets. bl
3809-1,3809,1904,49,1,17.00,30700.30,0.10,0.04,N,O,1996-08-14,1996-07-05,1996-09-04,DELIVER IN PERSON,FOB,boldly quiet excuses of
3809-2,3809,1330,31,2,32.00,39402.56,0.01,0.02,N,O,1996-07-03,1996-06-01,1996-07-25,COLLECT COD,SHIP,eans sleep fluffily after the final asympto
3809-3,3809,1048,49,3,46.00,43655.84,0.10,0.06,N,O,1996-08-20,1996-06-01,1996-08-24,TAKE BACK RETURN,TRUCK,integrate alongside of
3809-4,3809,1773,74,4,43.00,72015.11,0.00,0.04,N,O,1996-05-06,1996-06-22,1996-06-05,TAKE BACK RETURN,TRUCK,"lly ironic theodolites. express,"
3810-1,3810,1835,65,1,49.00,85104.67,0.05,0.01,R,F,1992-11-27,1992-10-30,1992-12-16,COLLECT COD,AIR,ross the bl
3810-2,3810,1688,30,2,18.00,28614.24,0.01,0.04,A,F,1992-11-28,1992-11-15,1992-12-27,DELIVER IN PERSON,SHIP,use beside the closely sile
3810-3,3810,1368,7,3,41.00,52043.76,0.08,0.08,A,F,1992-10-26,1992-10-27,1992-11-05,COLLECT COD,SHIP,ously regular instructions. furiously
3810-4,3810,1811,55,4,11.00,18840.91,0.06,0.04,A,F,1992-12-18,1992-12-11,1993-01-15,DELIVER IN PERSON,MAIL,ckages across the express cour
3811-1,3811,1634,76,1,24.00,36855.12,0.04,0.02,N,O,1998-07-13,1998-05-16,1998-08-12,TAKE BACK RETURN,TRUCK, final requests boost about the blith
3811-2,3811,1660,2,2,2.00,3123.32,0.01,0.08,N,O,1998-06-16,1998-06-16,1998-06-23,NONE,MAIL,e quickly e
3811-3,3811,425,84,3,19.00,25182.98,0.02,0.06,N,O,1998-07-20,1998-06-14,1998-07-29,NONE,MAIL,ly. ideas sleep around 
3811-4,3811,1705,48,4,50.00,80335.00,0.08,0.03,N,O,1998-07-28,1998-07-06,1998-08-16,COLLECT COD,FOB, blithely. final accounts affix. 
3811-5,3811,1812,56,5,23.00,39417.63,0.00,0.04,N,O,1998-08-13,1998-07-09,1998-08-29,COLLECT COD,AIR,use quickly on the quickly unusual shea
3811-6,3811,17,68,6,35.00,32095.35,0.04,0.07,N,O,1998-04-17,1998-06-30,1998-04-25,NONE,REG AIR,instructions. furiously regular instruct
3812-1,3812,1447,65,1,33.00,44498.52,0.00,0.05,N,O,1996-10-10,1996-10-05,1996-10-15,TAKE BACK RETURN,MAIL,its sleep carefully carefully re
3812-2,3812,1725,10,2,33.00,53681.76,0.06,0.03,N,O,1996-10-05,1996-10-13,1996-10-22,TAKE BACK RETURN,MAIL,fully regular 
3813-1,3813,1756,57,1,37.00,61336.75,0.05,0.04,N,O,1998-10-13,1998-09-19,1998-10-28,NONE,REG AIR,eas alongside of the blithely fi
3813-2,3813,1228,3,2,39.00,44039.58,0.05,0.00,N,O,1998-08-30,1998-08-12,1998-09-29,COLLECT COD,FOB,ickly stealthy packages! instruct
3814-1,3814,1305,20,1,7.00,8444.10,0.02,0.02,R,F,1995-05-01,1995-05-09,1995-05-28,DELIVER IN PERSON,REG AIR,packages. slyly
3814-2,3814,1727,70,2,14.00,22802.08,0.01,0.00,R,F,1995-03-17,1995-05-10,1995-04-16,DELIVER IN PERSON,AIR,"final, even theodolites use fluffily"
3814-3,3814,1672,14,3,36.00,56652.12,0.06,0.02,N,O,1995-06-19,1995-04-18,1995-06-28,COLLECT COD,SHIP,final requests nod furi
3814-4,3814,651,52,4,20.00,31033.00,0.04,0.07,R,F,1995-02-23,1995-03-26,1995-03-04,DELIVER IN PERSON,SHIP,unts use quickly according to the quickly 
3814-5,3814,1063,34,5,15.00,14460.90,0.03,0.04,N,O,1995-06-23,1995-03-25,1995-07-09,COLLECT COD,SHIP,e furiously final pinto beans. special
3814-6,3814,822,89,6,47.00,80972.54,0.09,0.05,A,F,1995-04-16,1995-04-03,1995-05-14,DELIVER IN PERSON,AIR,"eposits. careful, ir"
3814-7,3814,1314,53,7,12.00,14583.72,0.10,0.01,R,F,1995-03-18,1995-04-16,1995-03-20,TAKE BACK RETURN,REG AIR,gle carefully bold dependencies. ev
3815-1,3815,761,94,1,3.00,4985.28,0.07,0.00,N,O,1997-11-16,1997-11-15,1997-11-30,NONE,FOB,sits haggle furiously according to the b
3815-2,3815,1299,37,2,11.00,13203.19,0.02,0.04,N,O,1997-11-01,1997-11-05,1997-11-27,COLLECT COD,TRUCK, nag always 
3840-1,3840,1865,9,1,45.00,79508.70,0.02,0.08,N,O,1998-10-31,1998-09-19,1998-11-30,DELIVER IN PERSON,TRUCK, are furiously. pending foxes snooze 
3840-2,3840,456,15,2,12.00,16277.40,0.04,0.07,N,O,1998-10-02,1998-08-19,1998-10-20,TAKE BACK RETURN,RAIL,inst the fluffily regular depo
3840-3,3840,730,31,3,45.00,73382.85,0.02,0.05,N,O,1998-10-12,1998-10-12,1998-10-28,TAKE BACK RETURN,FOB,"ing, unusual theodolites. c"
3840-4,3840,1473,74,4,41.00,56353.27,0.07,0.02,N,O,1998-07-21,1998-10-08,1998-08-01,TAKE BACK RETURN,MAIL,ly even instructions. slyly even re
3840-5,3840,1730,73,5,7.00,11422.11,0.09,0.08,N,O,1998-09-17,1998-09-20,1998-10-14,DELIVER IN PERSON,MAIL,carefully special packages cajole slyly fin
3840-6,3840,1062,63,6,33.00,31780.98,0.10,0.02,N,O,1998-07-29,1998-10-06,1998-08-04,DELIVER IN PERSON,SHIP,s are along the furiou
3841-1,3841,1569,10,1,1.00,1470.56,0.06,0.03,A,F,1994-10-10,1994-11-12,1994-10-21,DELIVER IN PERSON,AIR,nic ideas. bli
3841-2,3841,209,64,2,31.00,34385.20,0.09,0.03,A,F,1995-01-24,1994-11-25,1995-02-20,TAKE BACK RETURN,SHIP,ooze fluffily about the slyly final accoun
3841-3,3841,1519,60,3,40.00,56820.40,0.06,0.02,A,F,1995-02-02,1994-11-30,1995-02-14,TAKE BACK RETURN,MAIL, furiously regular waters play carefully
3841-4,3841,498,99,4,9.00,12586.41,0.10,0.07,A,F,1994-11-21,1994-12-26,1994-11-26,NONE,FOB,uffily furiously final deposits. bold
3841-5,3841,1758,59,5,3.00,4979.25,0.04,0.02,R,F,1994-10-24,1994-12-07,1994-11-09,COLLECT COD,FOB,al packages. bli
3841-6,3841,1624,48,6,48.00,73229.76,0.03,0.00,R,F,1994-11-23,1994-11-22,1994-12-01,DELIVER IN PERSON,FOB,"elets solve. pending, ironi"
3842-1,3842,1619,43,1,28.00,42577.08,0.05,0.07,A,F,1992-06-17,1992-06-03,1992-06-24,DELIVER IN PERSON,TRUCK,e the final dependencies: c
3842-2,3842,1218,93,2,21.00,23503.41,0.07,0.05,R,F,1992-07-15,1992-06-02,1992-07-21,NONE,RAIL,y across t
3842-3,3842,1931,20,3,28.00,51322.04,0.00,0.00,A,F,1992-06-20,1992-05-22,1992-07-13,DELIVER IN PERSON,MAIL,slyly even instructi
3842-4,3842,874,74,4,15.00,26623.05,0.07,0.01,A,F,1992-06-26,1992-06-23,1992-07-09,COLLECT COD,MAIL, accounts. slyly regu
3842-5,3842,674,68,5,13.00,20470.71,0.09,0.02,R,F,1992-04-13,1992-06-22,1992-05-11,COLLECT COD,RAIL,regular requests. blithely even accounts
3842-6,3842,1070,76,6,24.00,23305.68,0.08,0.08,R,F,1992-08-05,1992-06-29,1992-08-16,TAKE BACK RETURN,MAIL,ly dolphins. furi
3843-1,3843,148,49,1,7.00,7336.98,0.10,0.03,N,O,1997-02-13,1997-02-21,1997-02-20,TAKE BACK RETURN,SHIP,t the final decoys. regular deposits w
3843-2,3843,5,31,2,30.00,27150.00,0.01,0.05,N,O,1997-02-14,1997-03-25,1997-03-13,DELIVER IN PERSON,AIR,ual deposits nod against the pack
3844-1,3844,1346,85,1,2.00,2494.68,0.03,0.07,R,F,1995-02-24,1995-02-03,1995-03-18,TAKE BACK RETURN,AIR,"re slyly. ironic, sp"
3844-2,3844,1020,91,2,5.00,4605.10,0.10,0.03,R,F,1995-04-29,1995-02-24,1995-05-05,TAKE BACK RETURN,RAIL,ow pinto beans might are? furiously 
3845-1,3845,339,40,1,44.00,54530.52,0.01,0.08,A,F,1992-07-20,1992-07-15,1992-07-24,DELIVER IN PERSON,REG AIR,es haggle furiously fluffy account
3845-2,3845,239,21,2,16.00,18227.68,0.09,0.05,A,F,1992-08-08,1992-06-08,1992-08-26,DELIVER IN PERSON,SHIP,ly unusual accounts ar
3845-3,3845,590,81,3,17.00,25340.03,0.08,0.01,A,F,1992-06-12,1992-07-05,1992-06-26,TAKE BACK RETURN,RAIL, pending accounts 
3845-4,3845,454,13,4,1.00,1354.45,0.04,0.05,R,F,1992-05-21,1992-06-07,1992-06-17,COLLECT COD,REG AIR,ross the brave req
3845-5,3845,1954,55,5,27.00,50110.65,0.00,0.05,R,F,1992-08-20,1992-07-17,1992-09-02,COLLECT COD,REG AIR,requests ha
3845-6,3845,1048,84,6,30.00,28471.20,0.09,0.06,R,F,1992-08-21,1992-07-07,1992-08-25,COLLECT COD,FOB,p closely. furiously bold deposits use bu
3846-1,3846,602,34,1,15.00,22539.00,0.06,0.03,N,O,1998-02-17,1998-04-27,1998-02-21,NONE,REG AIR,al decoys wake along th
3846-2,3846,1703,4,2,30.00,48141.00,0.08,0.07,N,O,1998-05-01,1998-03-12,1998-05-20,TAKE BACK RETURN,FOB,even requests. regular reques
3846-3,3846,148,27,3,49.00,51358.86,0.08,0.07,N,O,1998-02-14,1998-03-22,1998-02-17,DELIVER IN PERSON,RAIL,"d pinto beans. regular, even packages a"
3846-4,3846,1641,65,4,33.00,50907.12,0.05,0.00,N,O,1998-05-12,1998-03-14,1998-05-14,DELIVER IN PERSON,TRUCK,quickly ironic request
3847-1,3847,1883,84,1,7.00,12494.16,0.08,0.00,A,F,1993-05-06,1993-06-06,1993-05-22,COLLECT COD,MAIL,ully above the accounts. quickly regula
3872-1,3872,1804,91,1,28.00,47762.40,0.10,0.04,N,O,1996-11-05,1996-11-10,1996-11-24,DELIVER IN PERSON,REG AIR,kages. furiously express dependencies m
3872-2,3872,167,20,2,38.00,40552.08,0.04,0.05,N,O,1996-10-18,1996-12-03,1996-11-15,TAKE BACK RETURN,AIR,", pending instructions haggle furiou"
3872-3,3872,1685,9,3,18.00,28560.24,0.07,0.07,N,O,1996-12-25,1996-10-24,1997-01-08,TAKE BACK RETURN,SHIP,he carefully regular theodolites. iron
3872-4,3872,107,8,4,41.00,41291.10,0.07,0.03,N,O,1996-11-23,1996-11-12,1996-12-03,COLLECT COD,REG AIR,sleep slyly carefully fin
3872-5,3872,693,56,5,42.00,66934.98,0.03,0.00,N,O,1997-01-03,1996-10-12,1997-01-16,COLLECT COD,MAIL,lyly. slyly
3872-6,3872,1397,12,6,40.00,51935.60,0.07,0.05,N,O,1997-01-02,1996-10-29,1997-01-14,NONE,REG AIR,ss furiously deposits? c
3873-1,3873,678,72,1,19.00,29994.73,0.04,0.04,N,O,1998-05-15,1998-05-10,1998-05-17,NONE,FOB,lites mold
3873-2,3873,1450,29,2,44.00,59463.80,0.05,0.05,N,O,1998-07-23,1998-05-22,1998-08-14,COLLECT COD,AIR,sits-- carefully final pa
3873-3,3873,1393,32,3,29.00,37537.31,0.01,0.04,N,O,1998-06-22,1998-05-20,1998-07-05,COLLECT COD,REG AIR,fily accor
3874-1,3874,1692,75,1,21.00,33467.49,0.09,0.08,R,F,1993-06-19,1993-07-20,1993-07-08,DELIVER IN PERSON,SHIP,ithely fluffy dependen
3874-2,3874,190,43,2,48.00,52329.12,0.06,0.07,R,F,1993-06-13,1993-07-20,1993-06-20,NONE,RAIL,"y regular, regular"
3875-1,3875,810,10,1,24.00,41059.44,0.02,0.08,N,O,1997-10-15,1997-11-27,1997-11-09,COLLECT COD,AIR, deposits run ar
3875-2,3875,1128,65,2,49.00,50426.88,0.04,0.04,N,O,1997-10-18,1997-10-13,1997-10-19,NONE,MAIL,"lly. regular, express requests was careful"
3876-1,3876,1402,42,1,12.00,15640.80,0.06,0.07,N,O,1996-09-16,1996-10-23,1996-10-05,TAKE BACK RETURN,REG AIR,"uickly unusual, pending instructions. care"
3876-2,3876,1393,32,2,37.00,47892.43,0.00,0.03,N,O,1996-11-30,1996-10-18,1996-12-18,DELIVER IN PERSON,AIR,s cajole alongside of the theodolites-- f
3876-3,3876,1267,68,3,41.00,47898.66,0.02,0.04,N,O,1996-10-15,1996-10-17,1996-10-19,NONE,AIR, frays. furio
3877-1,3877,498,28,1,12.00,16781.88,0.06,0.01,R,F,1993-05-30,1993-08-09,1993-06-24,TAKE BACK RETURN,FOB,cial packages. packages wake about t
3877-2,3877,1447,65,2,47.00,63376.68,0.05,0.00,A,F,1993-08-01,1993-08-16,1993-08-04,NONE,FOB, thin theodolites sleep carefully ironic de
3877-3,3877,797,94,3,44.00,74702.76,0.09,0.00,A,F,1993-06-07,1993-07-15,1993-07-06,DELIVER IN PERSON,REG AIR,ideas. carefully final deposits use
3877-4,3877,1479,80,4,36.00,49696.92,0.06,0.01,A,F,1993-07-27,1993-07-13,1993-08-11,DELIVER IN PERSON,AIR,nticing requests affix about the b
3877-5,3877,47,48,5,41.00,38828.64,0.03,0.07,A,F,1993-06-30,1993-07-20,1993-07-01,DELIVER IN PERSON,FOB,"ng, ironic requests integrat"
3877-6,3877,1226,27,6,7.00,7890.54,0.04,0.08,R,F,1993-06-14,1993-07-09,1993-06-28,NONE,TRUCK,are slyly slyly final dolphin
3878-1,3878,1997,98,1,6.00,11393.94,0.07,0.04,N,O,1997-06-21,1997-05-22,1997-07-01,COLLECT COD,FOB, slyly even packa
3878-2,3878,874,75,2,13.00,23073.31,0.01,0.06,N,O,1997-06-08,1997-06-03,1997-06-25,TAKE BACK RETURN,TRUCK,"d, ironic pinto beans. quietly p"
3878-3,3878,401,31,3,20.00,26028.00,0.08,0.03,N,O,1997-06-20,1997-05-24,1997-07-20,TAKE BACK RETURN,MAIL,against the fluffily permanent accounts boo
3878-4,3878,1520,21,4,20.00,28430.40,0.01,0.07,N,O,1997-07-13,1997-05-22,1997-07-20,NONE,FOB, deposits sleep quickly above
3879-1,3879,1257,32,1,45.00,52121.25,0.10,0.08,N,O,1996-03-18,1996-01-03,1996-04-03,COLLECT COD,RAIL,luffily regular packages
3879-2,3879,441,29,2,35.00,46950.40,0.00,0.07,N,O,1995-12-08,1996-01-23,1995-12-28,TAKE BACK RETURN,MAIL,ns grow blithely against the pinto bea
3904-1,3904,375,60,1,22.00,28058.14,0.04,0.03,N,O,1998-02-02,1998-02-09,1998-02-10,TAKE BACK RETURN,REG AIR, requests. express requests sublate blit
3904-2,3904,1838,68,2,19.00,33056.77,0.09,0.01,N,O,1998-02-10,1998-02-13,1998-02-20,TAKE BACK RETURN,AIR,ymptotes-- special ideas wake blithe
3905-1,3905,1008,14,1,43.00,39087.00,0.07,0.08,A,F,1994-03-30,1994-02-18,1994-04-09,DELIVER IN PERSON,REG AIR,final deposit
3905-2,3905,1160,97,2,7.00,7428.12,0.03,0.00,R,F,1994-03-01,1994-02-19,1994-03-11,DELIVER IN PERSON,AIR,o beans. deposits cajole slyl
3905-3,3905,1700,83,3,6.00,9610.20,0.07,0.02,R,F,1994-04-07,1994-03-07,1994-04-21,DELIVER IN PERSON,RAIL,he slyly even packages nag packages
3906-1,3906,1530,71,1,42.00,60124.26,0.00,0.04,R,F,1992-09-03,1992-07-22,1992-09-04,COLLECT COD,RAIL," cajole fluffily regular accounts. even, s"
3906-2,3906,394,51,2,50.00,64719.50,0.01,0.07,R,F,1992-09-24,1992-08-24,1992-09-29,NONE,MAIL,dogged theodolit
3906-3,3906,1797,82,3,15.00,25481.85,0.06,0.02,R,F,1992-07-30,1992-08-26,1992-08-02,TAKE BACK RETURN,FOB, slyly regular excus
3906-4,3906,583,84,4,36.00,53408.88,0.08,0.08,A,F,1992-08-07,1992-08-08,1992-08-24,NONE,SHIP,dencies haggle slyly above t
3907-1,3907,1118,55,1,41.00,41783.51,0.06,0.02,A,F,1992-09-13,1992-10-23,1992-09-29,COLLECT COD,MAIL,ronic excuses about the packages cajol
3907-2,3907,1445,63,2,41.00,55204.04,0.03,0.00,A,F,1992-10-25,1992-10-17,1992-11-01,TAKE BACK RETURN,RAIL,ackages. quickly ironic foxes are carefu
3907-3,3907,516,7,3,45.00,63742.95,0.02,0.07,R,F,1992-09-21,1992-09-19,1992-10-18,COLLECT COD,REG AIR,s. carefully bold excu
3907-4,3907,1757,42,4,48.00,79620.00,0.05,0.07,A,F,1992-09-24,1992-10-16,1992-10-06,DELIVER IN PERSON,TRUCK,ages. asymptotes poach quick
3907-5,3907,620,21,5,22.00,33453.64,0.09,0.01,R,F,1992-09-20,1992-10-30,1992-09-29,TAKE BACK RETURN,TRUCK,ackages. deposits boost fluffily final 
3907-6,3907,1251,63,6,34.00,39176.50,0.02,0.02,R,F,1992-09-06,1992-10-08,1992-09-12,COLLECT COD,FOB,olites cajole carefully. carefully even d
3907-7,3907,1093,64,7,8.00,7952.72,0.10,0.01,A,F,1992-09-18,1992-10-29,1992-09-27,NONE,REG AIR,"usy, regular packages sle"
3908-1,3908,919,54,1,50.00,90995.50,0.05,0.04,R,F,1993-06-19,1993-04-27,1993-07-05,DELIVER IN PERSON,MAIL,. quickly ironic acc
3908-2,3908,1471,72,2,8.00,10979.76,0.06,0.03,A,F,1993-03-12,1993-04-13,1993-03-22,DELIVER IN PERSON,SHIP,unusual dependencies sleep quickly slyly
3909-1,3909,1780,7,1,30.00,50453.40,0.03,0.07,N,O,1998-10-17,1998-10-14,1998-10-28,COLLECT COD,TRUCK,hely regular packages haggle slyly. slyly 
3909-2,3909,1909,98,2,46.00,83301.40,0.03,0.01,N,O,1998-10-08,1998-10-15,1998-10-24,NONE,FOB,nal theodolites according 
3910-1,3910,1387,64,1,10.00,12883.80,0.00,0.08,N,O,1996-10-18,1996-10-31,1996-11-14,DELIVER IN PERSON,FOB,ly express deposits thrash quic
3910-2,3910,708,73,2,31.00,49869.70,0.05,0.03,N,O,1996-12-22,1996-11-14,1997-01-01,TAKE BACK RETURN,SHIP,p furiously final 
3910-3,3910,198,51,3,6.00,6589.14,0.04,0.04,N,O,1996-12-08,1996-10-30,1996-12-31,DELIVER IN PERSON,MAIL,fully across the final requests. final
3910-4,3910,1527,68,4,1.00,1428.52,0.03,0.06,N,O,1996-09-12,1996-10-21,1996-09-19,DELIVER IN PERSON,FOB,s affix furi
3911-1,3911,1129,66,1,10.00,10301.20,0.07,0.06,N,O,1995-06-22,1995-05-30,1995-06-28,COLLECT COD,FOB,ous deposits. slyly final deposits 
3911-2,3911,1189,98,2,14.00,15262.52,0.08,0.05,R,F,1995-04-28,1995-05-03,1995-05-22,NONE,RAIL,ickly across the blit
3911-3,3911,911,80,3,12.00,21742.92,0.10,0.05,R,F,1995-04-04,1995-04-16,1995-04-10,COLLECT COD,FOB,eas haggle ironically. s
3936-1,3936,1364,65,1,25.00,31634.00,0.06,0.03,N,O,1996-12-03,1996-12-27,1997-01-01,DELIVER IN PERSON,RAIL,fully quickly express a
3936-2,3936,1877,21,2,24.00,42692.88,0.10,0.07,N,O,1996-11-22,1997-01-01,1996-12-08,NONE,AIR,sts integrate above 
3936-3,3936,821,88,3,42.00,72316.44,0.00,0.07,N,O,1997-01-03,1997-01-29,1997-01-14,COLLECT COD,AIR,refully ironic
3936-4,3936,611,5,4,12.00,18139.32,0.06,0.05,N,O,1996-11-25,1997-01-09,1996-12-06,DELIVER IN PERSON,SHIP,fully final deposits are. foxes sleep
3936-5,3936,836,37,5,35.00,60789.05,0.02,0.08,N,O,1996-12-04,1997-01-06,1996-12-22,NONE,SHIP,fluffily even p
3936-6,3936,1021,57,6,26.00,23972.52,0.01,0.02,N,O,1997-02-27,1997-01-16,1997-03-22,NONE,RAIL,ounts eat s
3937-1,3937,695,58,1,48.00,76593.12,0.10,0.02,N,O,1998-03-15,1998-02-22,1998-03-30,DELIVER IN PERSON,FOB,s cajole furious
3937-2,3937,474,33,2,30.00,41234.10,0.01,0.07,N,O,1998-01-17,1998-01-03,1998-02-08,COLLECT COD,TRUCK,ously express pi
3937-3,3937,1145,54,3,27.00,28245.78,0.03,0.00,N,O,1998-02-06,1998-01-12,1998-02-20,NONE,MAIL,s. blithely even requ
3937-4,3937,1531,72,4,50.00,71626.50,0.01,0.02,N,O,1998-01-15,1998-01-09,1998-02-04,DELIVER IN PERSON,AIR,ckly according to the
3937-5,3937,30,6,5,29.00,26970.87,0.03,0.07,N,O,1998-03-06,1998-02-22,1998-03-14,NONE,TRUCK,epitaphs may haggle blithely. idle req
3937-6,3937,1921,10,6,6.00,10937.52,0.00,0.00,N,O,1998-01-24,1998-02-13,1998-01-27,DELIVER IN PERSON,FOB,ly evenly even ideas; carefully bold asympt
3937-7,3937,1639,63,7,1.00,1540.63,0.02,0.05,N,O,1998-03-29,1998-01-08,1998-04-27,TAKE BACK RETURN,TRUCK, dependencies.
3938-1,3938,1584,65,1,46.00,68336.68,0.10,0.07,R,F,1993-05-20,1993-05-04,1993-06-12,DELIVER IN PERSON,FOB,"ges haggle ironic, silent "
3939-1,3939,1596,37,1,8.00,11980.72,0.03,0.06,N,O,1996-01-29,1996-04-05,1996-02-26,COLLECT COD,REG AIR,deas use about the quick
3940-1,3940,1771,56,1,33.00,55201.41,0.10,0.07,N,O,1996-05-19,1996-04-19,1996-05-23,TAKE BACK RETURN,RAIL,riously final foxes. blithely bold deposit
3940-2,3940,686,80,2,40.00,63467.20,0.08,0.02,N,O,1996-02-29,1996-03-22,1996-03-04,NONE,MAIL,eposits? furiou
3940-3,3940,889,90,3,8.00,14319.04,0.07,0.08,N,O,1996-04-04,1996-04-12,1996-04-18,DELIVER IN PERSON,RAIL,"es are final, ironic accounts. slyly silent"
3940-4,3940,1363,2,4,11.00,13907.96,0.09,0.05,N,O,1996-03-09,1996-05-13,1996-03-17,COLLECT COD,REG AIR,re carefully accounts. slyly ironic 
3940-5,3940,10,61,5,41.00,37310.41,0.00,0.07,N,O,1996-05-08,1996-05-03,1996-06-03,COLLECT COD,MAIL,ly express gifts. furio
3941-1,3941,409,10,1,47.00,61541.80,0.05,0.07,N,O,1996-11-24,1996-10-09,1996-12-22,DELIVER IN PERSON,RAIL, even accounts. fl
3941-2,3941,1226,38,2,19.00,21417.18,0.05,0.00,N,O,1996-11-10,1996-10-26,1996-12-05,COLLECT COD,RAIL,carefully. slyly pending idea
3941-3,3941,97,23,3,2.00,1994.18,0.01,0.03,N,O,1996-12-04,1996-10-01,1996-12-25,NONE,REG AIR,aggle carefully e
3941-4,3941,1094,100,4,29.00,28857.61,0.00,0.03,N,O,1996-09-14,1996-10-04,1996-09-19,NONE,MAIL,d packages acc
3942-1,3942,1823,10,1,6.00,10348.92,0.05,0.05,A,F,1993-07-01,1993-09-14,1993-07-23,DELIVER IN PERSON,SHIP,ely along the blithely unusual sheaves. s
3942-2,3942,1938,27,2,5.00,9199.65,0.06,0.02,R,F,1993-09-27,1993-09-24,1993-10-07,DELIVER IN PERSON,MAIL,kages across the grouches haggle blithely
3942-3,3942,1555,96,3,25.00,36413.75,0.04,0.06,R,F,1993-09-13,1993-08-01,1993-09-29,COLLECT COD,RAIL,s. final foxes wake 
3943-1,3943,1977,10,1,15.00,28184.55,0.03,0.01,N,O,1997-01-13,1996-12-17,1997-02-02,COLLECT COD,REG AIR,ideas against the asymptotes doz
3943-2,3943,956,57,2,9.00,16712.55,0.00,0.06,N,O,1996-11-27,1997-01-03,1996-12-17,COLLECT COD,RAIL, special accoun
3943-3,3943,169,22,3,32.00,34213.12,0.00,0.02,N,O,1996-10-22,1996-12-17,1996-11-04,TAKE BACK RETURN,TRUCK,quests nag furiously beyond the carefully i
3943-4,3943,491,92,4,5.00,6957.45,0.04,0.04,N,O,1997-01-09,1996-11-10,1997-02-06,COLLECT COD,RAIL, slyly regular gifts. final dino
3968-1,3968,537,68,1,27.00,38813.31,0.04,0.05,N,O,1997-04-25,1997-04-17,1997-05-11,TAKE BACK RETURN,MAIL, slyly even
3968-2,3968,252,34,2,45.00,51851.25,0.00,0.07,N,O,1997-06-18,1997-04-24,1997-06-25,DELIVER IN PERSON,FOB,lyly regular 
3968-3,3968,1552,53,3,43.00,62502.65,0.07,0.06,N,O,1997-04-30,1997-05-14,1997-05-18,TAKE BACK RETURN,SHIP,usly bold pinto bea
3968-4,3968,602,65,4,7.00,10518.20,0.07,0.02,N,O,1997-03-30,1997-05-01,1997-04-12,DELIVER IN PERSON,SHIP, the deposits. regularly unusual 
3969-1,3969,511,2,1,39.00,55048.89,0.04,0.04,N,O,1997-06-12,1997-06-13,1997-07-05,NONE,MAIL,tes. carefully 
3969-2,3969,1968,1,2,26.00,48618.96,0.05,0.03,N,O,1997-07-08,1997-07-30,1997-07-10,TAKE BACK RETURN,AIR,egular packages. careful
3969-3,3969,788,53,3,46.00,77683.88,0.04,0.02,N,O,1997-05-29,1997-06-15,1997-06-10,TAKE BACK RETURN,SHIP,gside of the quickly even deposits. package
3969-4,3969,1502,43,4,21.00,29473.50,0.07,0.04,N,O,1997-08-31,1997-07-16,1997-09-02,TAKE BACK RETURN,MAIL," are slyly about the final, e"
3969-5,3969,716,17,5,40.00,64668.40,0.09,0.00,N,O,1997-05-19,1997-08-02,1997-06-05,COLLECT COD,TRUCK, instructions along the quickly unusual pac
3969-6,3969,1050,86,6,4.00,3804.20,0.02,0.01,N,O,1997-06-04,1997-07-31,1997-06-13,COLLECT COD,REG AIR,"ndencies. unusual, ironic instructions mol"
3970-1,3970,873,74,1,2.00,3547.74,0.01,0.07,R,F,1992-04-24,1992-06-03,1992-05-16,TAKE BACK RETURN,RAIL,"engage fluffily blithe ideas. regular,"
3970-2,3970,1081,87,2,18.00,17677.44,0.03,0.08,A,F,1992-06-06,1992-06-18,1992-07-05,DELIVER IN PERSON,TRUCK,ily across the bold
3970-3,3970,1536,57,3,10.00,14375.30,0.10,0.04,A,F,1992-07-01,1992-05-31,1992-07-02,NONE,AIR,ost furiously. quiet ideas alongside of t
3970-4,3970,216,98,4,34.00,37951.14,0.05,0.00,A,F,1992-06-25,1992-05-23,1992-07-12,COLLECT COD,SHIP,uests cajole slyly furiously re
3970-5,3970,291,73,5,23.00,27399.67,0.05,0.04,A,F,1992-06-04,1992-06-14,1992-06-13,COLLECT COD,TRUCK,eans. express ideas haggle caref
3970-6,3970,88,64,6,46.00,45451.68,0.07,0.04,R,F,1992-04-29,1992-05-14,1992-05-24,NONE,FOB,r requests
3970-7,3970,41,67,7,46.00,43287.84,0.08,0.08,R,F,1992-05-02,1992-05-12,1992-05-10,COLLECT COD,MAIL,s detect slyly across t
3971-1,3971,954,89,1,47.00,87182.65,0.06,0.04,N,O,1996-07-07,1996-08-08,1996-08-01,TAKE BACK RETURN,RAIL,xes sleep quickly accounts. ironi
3971-2,3971,1903,36,2,2.00,3609.80,0.04,0.03,N,O,1996-07-15,1996-08-12,1996-07-26,NONE,SHIP,", even asym"
3972-1,3972,505,96,1,2.00,2811.00,0.05,0.03,A,F,1994-07-24,1994-06-30,1994-08-13,TAKE BACK RETURN,SHIP,requests sleep car
3973-1,3973,296,51,1,21.00,25122.09,0.02,0.06,R,F,1992-06-18,1992-06-03,1992-07-02,COLLECT COD,REG AIR, carefully express
3973-2,3973,1143,16,2,37.00,38633.18,0.07,0.00,A,F,1992-05-29,1992-05-04,1992-06-23,TAKE BACK RETURN,SHIP,"uses sleep carefully. regular, even reque"
3973-3,3973,393,22,3,40.00,51735.60,0.08,0.05,R,F,1992-05-03,1992-06-09,1992-05-21,COLLECT COD,RAIL,egular foxes haggle slyl
3974-1,3974,211,66,1,47.00,52226.87,0.10,0.03,N,O,1996-06-03,1996-05-08,1996-06-28,NONE,TRUCK,"nic, final foxes boo"
3974-2,3974,605,68,2,17.00,25595.20,0.05,0.07,N,O,1996-04-05,1996-05-21,1996-04-28,COLLECT COD,TRUCK,affix furiously about the fluffily
3975-1,3975,561,52,1,38.00,55539.28,0.01,0.05,N,O,1995-08-02,1995-06-18,1995-08-19,COLLECT COD,TRUCK,"st the regular, ironic"
4000-1,4000,1957,58,1,41.00,76216.95,0.06,0.01,A,F,1992-03-02,1992-03-14,1992-03-27,COLLECT COD,FOB,carefully ironi
4000-2,4000,746,79,2,44.00,72456.56,0.09,0.06,A,F,1992-03-27,1992-02-18,1992-03-31,COLLECT COD,AIR, blithely furious orbits. stealthily
4001-1,4001,1052,23,1,26.00,24779.30,0.00,0.01,N,O,1997-07-26,1997-06-18,1997-08-08,DELIVER IN PERSON,RAIL,eep carefully bl
4001-2,4001,410,98,2,19.00,24897.79,0.03,0.02,N,O,1997-08-23,1997-06-15,1997-09-18,COLLECT COD,SHIP,"osits. ironic, ironic pa"
4001-3,4001,931,32,3,18.00,32974.74,0.07,0.00,N,O,1997-06-04,1997-06-22,1997-06-13,DELIVER IN PERSON,MAIL,press theodolite
4001-4,4001,20,96,4,39.00,35880.78,0.00,0.00,N,O,1997-06-13,1997-06-17,1997-06-25,NONE,SHIP, frets serve furiously 
4002-1,4002,1108,45,1,35.00,35318.50,0.01,0.08,N,O,1997-05-16,1997-06-15,1997-06-02,DELIVER IN PERSON,TRUCK,efully regul
4002-2,4002,1979,80,2,20.00,37619.40,0.00,0.03,N,O,1997-06-15,1997-05-20,1997-07-11,NONE,MAIL,al excuses! 
4002-3,4002,399,56,3,6.00,7796.34,0.08,0.07,N,O,1997-05-02,1997-07-07,1997-05-16,TAKE BACK RETURN,RAIL, are slyly busily express courts. acc
4002-4,4002,1987,20,4,6.00,11333.88,0.06,0.06,N,O,1997-07-01,1997-05-15,1997-07-31,NONE,MAIL,uests. final
4002-5,4002,982,17,5,4.00,7531.92,0.08,0.07,N,O,1997-05-06,1997-06-15,1997-05-24,NONE,REG AIR,"bove the final, unusual"
4003-1,4003,512,3,1,18.00,25425.18,0.04,0.07,R,F,1993-02-02,1993-04-15,1993-02-28,TAKE BACK RETURN,AIR,ly even pinto
4004-1,4004,1201,2,1,23.00,25350.60,0.07,0.02,A,F,1993-08-12,1993-07-13,1993-08-16,TAKE BACK RETURN,TRUCK,"he blithely quiet asymptotes. regular, iron"
4004-2,4004,636,37,2,47.00,72221.61,0.07,0.04,R,F,1993-06-25,1993-08-03,1993-07-12,NONE,SHIP,s use quickly. quickly regular
4004-3,4004,1132,33,3,39.00,40292.07,0.10,0.05,R,F,1993-07-12,1993-07-27,1993-07-18,NONE,MAIL,pending pinto beans. 
4004-4,4004,737,70,4,46.00,75335.58,0.10,0.04,R,F,1993-09-04,1993-07-13,1993-09-28,COLLECT COD,FOB,ide of the pending platelets. furiously s
4004-5,4004,1548,89,5,9.00,13045.86,0.04,0.06,A,F,1993-08-25,1993-06-10,1993-09-24,COLLECT COD,MAIL,lyly final requests nod quickly slyly f
4004-6,4004,1601,43,6,44.00,66114.40,0.07,0.05,R,F,1993-07-25,1993-07-23,1993-08-16,TAKE BACK RETURN,REG AIR,ly. packages are slyly pendin
4004-7,4004,1254,66,7,20.00,23105.00,0.07,0.05,A,F,1993-06-19,1993-06-14,1993-07-04,COLLECT COD,REG AIR,fully ironic platelets. fluffily r
4005-1,4005,37,13,1,26.00,24362.78,0.09,0.05,N,O,1996-12-01,1997-02-03,1996-12-15,NONE,REG AIR,unts cajole 
4005-2,4005,167,68,2,28.00,29880.48,0.02,0.06,N,O,1996-12-11,1997-01-24,1996-12-17,DELIVER IN PERSON,REG AIR,". even, ironic ideas haggle fluffil"
4005-3,4005,714,11,3,28.00,45211.88,0.03,0.01,N,O,1996-12-08,1997-01-14,1996-12-30,TAKE BACK RETURN,MAIL,ake slyly silent th
4005-4,4005,147,74,4,49.00,51309.86,0.09,0.00,N,O,1997-01-31,1996-12-24,1997-03-02,NONE,RAIL,y bold frets use along the regu
4005-5,4005,58,59,5,14.00,13412.70,0.09,0.08,N,O,1996-11-27,1997-01-09,1996-12-25,NONE,TRUCK,ajole quickly among the fluffily i
4006-1,4006,548,39,1,11.00,15933.94,0.05,0.08,A,F,1995-04-29,1995-02-21,1995-05-20,TAKE BACK RETURN,RAIL,usly quick instructions
4006-2,4006,1581,62,2,18.00,26686.44,0.05,0.03,A,F,1995-01-29,1995-03-08,1995-02-02,TAKE BACK RETURN,MAIL,ounts. blithely b
4006-3,4006,232,33,3,15.00,16983.45,0.01,0.02,R,F,1995-02-23,1995-04-02,1995-02-25,TAKE BACK RETURN,RAIL,ithely bold accounts n
4006-4,4006,1135,36,4,25.00,25903.25,0.00,0.07,A,F,1995-02-23,1995-02-09,1995-02-24,DELIVER IN PERSON,SHIP,ts integrate quickl
4007-1,4007,561,22,1,32.00,46769.92,0.00,0.03,R,F,1993-09-30,1993-08-16,1993-10-03,DELIVER IN PERSON,RAIL,r packages. slyly pen
4007-2,4007,1155,92,2,41.00,43302.15,0.04,0.06,A,F,1993-10-11,1993-08-30,1993-11-04,DELIVER IN PERSON,TRUCK, deposits wake fluffily. express requests
4007-3,4007,1015,21,3,5.00,4580.05,0.09,0.06,A,F,1993-09-17,1993-08-29,1993-10-12,TAKE BACK RETURN,FOB, ironic account
4007-4,4007,1380,95,4,15.00,19220.70,0.05,0.02,A,F,1993-09-01,1993-07-19,1993-09-03,DELIVER IN PERSON,FOB,instructions. regular
4007-5,4007,259,60,5,23.00,26662.75,0.02,0.07,A,F,1993-10-08,1993-09-09,1993-10-23,COLLECT COD,MAIL,ly final foxes maintai
4032-1,4032,1017,18,1,8.00,7344.08,0.06,0.00,N,O,1998-06-04,1998-05-17,1998-07-03,TAKE BACK RETURN,RAIL,long the requests
4032-2,4032,17,93,2,27.00,24759.27,0.09,0.00,N,O,1998-05-31,1998-04-19,1998-06-24,COLLECT COD,REG AIR,ay blithely unusual pinto
4032-3,4032,1537,78,3,23.00,33086.19,0.09,0.06,N,O,1998-06-12,1998-05-11,1998-06-24,COLLECT COD,MAIL,ounts are slyl
4032-4,4032,847,81,4,10.00,17478.40,0.09,0.05,N,O,1998-03-31,1998-04-22,1998-04-07,NONE,REG AIR,final accounts
4033-1,4033,1096,97,1,27.00,26921.43,0.01,0.04,R,F,1993-08-08,1993-08-14,1993-08-09,NONE,AIR,ily slyly f
4033-2,4033,374,3,2,34.00,43328.58,0.07,0.00,R,F,1993-07-19,1993-08-05,1993-07-26,NONE,RAIL,ar instructions hag
4034-1,4034,1900,87,1,48.00,86491.20,0.03,0.03,A,F,1994-03-01,1994-01-16,1994-03-16,NONE,RAIL, use furiously. fluffily final instructi
4034-2,4034,568,99,2,47.00,69022.32,0.07,0.05,A,F,1994-01-27,1993-12-26,1994-02-04,NONE,TRUCK,d pinto beans. unusual asymptotes af
4034-3,4034,539,40,3,43.00,61899.79,0.10,0.03,A,F,1993-11-29,1994-01-08,1993-12-10,DELIVER IN PERSON,FOB,yly above the busy ideas
4034-4,4034,277,78,4,46.00,54154.42,0.06,0.00,A,F,1994-02-22,1994-01-09,1994-03-04,DELIVER IN PERSON,AIR,nding accounts haggle after the blithely s
4034-5,4034,1952,85,5,7.00,12977.65,0.07,0.06,R,F,1994-03-04,1994-01-22,1994-04-01,NONE,AIR,"ar, final ideas wake carefully regular a"
4034-6,4034,493,81,6,5.00,6967.45,0.01,0.06,A,F,1994-02-12,1994-01-24,1994-02-13,COLLECT COD,AIR,ly pending packages affix furiously 
4035-1,4035,968,69,1,4.00,7475.84,0.08,0.03,R,F,1992-04-21,1992-04-23,1992-04-25,COLLECT COD,AIR,uests wake blith
4035-2,4035,1351,52,2,4.00,5009.40,0.07,0.00,A,F,1992-05-21,1992-04-24,1992-05-24,DELIVER IN PERSON,FOB,mptotes. furiously bold req
4035-3,4035,1171,80,3,1.00,1072.17,0.03,0.01,R,F,1992-06-18,1992-05-19,1992-07-02,COLLECT COD,FOB,ructions cajole fur
4035-4,4035,1813,43,4,13.00,22292.53,0.00,0.01,R,F,1992-06-10,1992-05-16,1992-07-10,NONE,SHIP,stealthy accounts after the furious
4036-1,4036,56,7,1,46.00,43978.30,0.09,0.00,N,O,1997-06-21,1997-05-29,1997-07-18,NONE,REG AIR,lar instructions. regul
4036-2,4036,525,56,2,21.00,29935.92,0.09,0.07,N,O,1997-08-08,1997-06-28,1997-08-09,COLLECT COD,MAIL,l accounts. iron
4036-3,4036,1417,18,3,6.00,7910.46,0.07,0.01,N,O,1997-06-19,1997-06-16,1997-07-01,DELIVER IN PERSON,SHIP,pending pinto beans-- deposits
4036-4,4036,1261,73,4,20.00,23245.20,0.08,0.02,N,O,1997-08-11,1997-07-11,1997-09-03,NONE,TRUCK, haggle. even asymptotes was carefully. fu
4037-1,4037,638,32,1,32.00,49236.16,0.00,0.06,A,F,1993-05-06,1993-06-08,1993-05-31,DELIVER IN PERSON,AIR,y ideas. packages hagg
4037-2,4037,468,69,2,4.00,5473.84,0.09,0.07,A,F,1993-07-05,1993-06-12,1993-08-03,DELIVER IN PERSON,RAIL,ial sauternes. ironic theodolit
4038-1,4038,1957,90,1,40.00,74358.00,0.05,0.01,N,O,1996-01-15,1996-03-13,1996-01-25,COLLECT COD,TRUCK,nst the slyly regular deposits 
4038-2,4038,113,66,2,37.00,37485.07,0.04,0.03,N,O,1996-03-17,1996-03-19,1996-04-07,DELIVER IN PERSON,REG AIR,slyly unus
4038-3,4038,319,20,3,24.00,29263.44,0.10,0.04,N,O,1996-04-06,1996-02-15,1996-04-18,TAKE BACK RETURN,RAIL, furiously among t
4038-4,4038,1493,94,4,29.00,40440.21,0.07,0.06,N,O,1996-01-07,1996-03-08,1996-01-13,NONE,FOB, pending dependencies. silent d
4038-5,4038,788,85,5,24.00,40530.72,0.07,0.06,N,O,1996-04-01,1996-04-05,1996-04-28,DELIVER IN PERSON,TRUCK, foxes detect. final theodolites was a
4038-6,4038,359,88,6,6.00,7556.10,0.07,0.05,N,O,1996-02-09,1996-03-05,1996-03-10,COLLECT COD,SHIP, quietly alongside of the sl
4039-1,4039,932,33,1,38.00,69651.34,0.03,0.06,N,O,1998-03-09,1997-12-31,1998-03-21,DELIVER IN PERSON,REG AIR,ckages. regular deposits about the blith
4039-2,4039,1211,23,2,17.00,18907.57,0.10,0.04,N,O,1998-01-15,1998-01-20,1998-01-28,TAKE BACK RETURN,MAIL,uriously furiously bold deposits. 
4039-3,4039,633,96,3,9.00,13802.67,0.10,0.01,N,O,1998-03-08,1998-02-05,1998-04-05,TAKE BACK RETURN,FOB,pecial packages unwind furiously above th
4039-4,4039,271,99,4,43.00,50364.61,0.01,0.02,N,O,1998-01-02,1997-12-22,1998-01-15,NONE,FOB,nts. slyly regular
4039-5,4039,1333,34,5,43.00,53076.19,0.09,0.00,N,O,1998-01-20,1998-01-11,1998-02-05,COLLECT COD,SHIP,d furiously. slyly bold 
4064-1,4064,1984,29,1,3.00,5657.94,0.10,0.04,N,O,1997-01-04,1997-01-01,1997-01-23,NONE,SHIP, deposits. slyl
4064-2,4064,395,24,2,15.00,19430.85,0.02,0.02,N,O,1996-11-09,1996-12-04,1996-11-18,DELIVER IN PERSON,MAIL,boost furiously quickly regular platel
4064-3,4064,1967,56,3,32.00,59806.72,0.04,0.07,N,O,1997-01-14,1997-01-01,1997-01-21,COLLECT COD,REG AIR,leep slyly along 
4064-4,4064,1622,46,4,24.00,36566.88,0.02,0.02,N,O,1997-01-01,1996-12-31,1997-01-23,DELIVER IN PERSON,SHIP, alongside of the
4064-5,4064,207,8,5,12.00,13286.40,0.08,0.08,N,O,1997-02-08,1996-12-18,1997-03-06,TAKE BACK RETURN,RAIL,es haggle slyly fina
4064-6,4064,1834,64,6,46.00,79848.18,0.03,0.00,N,O,1996-10-13,1997-01-05,1996-11-06,DELIVER IN PERSON,REG AIR,: carefully regula
4064-7,4064,1997,42,7,9.00,17090.91,0.01,0.06,N,O,1996-12-17,1996-12-13,1997-01-12,NONE,AIR, cajole sly
4065-1,4065,1374,75,1,14.00,17855.18,0.04,0.02,A,F,1994-08-22,1994-07-29,1994-09-19,DELIVER IN PERSON,TRUCK,arefully final depen
4065-2,4065,141,42,2,46.00,47892.44,0.03,0.05,A,F,1994-06-29,1994-08-01,1994-07-03,TAKE BACK RETURN,SHIP,r deposits; ironic frets are carefully
4065-3,4065,965,34,3,33.00,61576.68,0.00,0.03,A,F,1994-09-03,1994-08-16,1994-09-13,DELIVER IN PERSON,AIR,structions sl
4065-4,4065,1065,36,4,8.00,7728.48,0.00,0.01,R,F,1994-10-04,1994-08-05,1994-10-25,TAKE BACK RETURN,SHIP,. slyly bold requests
4065-5,4065,1227,28,5,29.00,32718.38,0.02,0.07,A,F,1994-06-29,1994-08-19,1994-07-17,NONE,RAIL,fter the furiously express p
4065-6,4065,1091,62,6,16.00,15873.44,0.05,0.00,R,F,1994-08-25,1994-08-06,1994-09-09,COLLECT COD,TRUCK,even packages are fluffily furi
4065-7,4065,1432,11,7,11.00,14667.73,0.10,0.04,A,F,1994-07-25,1994-08-02,1994-07-30,NONE,RAIL,s eat slyly express 
4066-1,4066,1384,99,1,9.00,11568.42,0.01,0.05,N,O,1997-05-06,1997-03-25,1997-05-27,COLLECT COD,FOB,"y bold excuses. unusual, fina"
4066-2,4066,926,61,2,19.00,34711.48,0.05,0.00,N,O,1997-05-13,1997-04-17,1997-06-08,NONE,TRUCK, accounts wake fur
4066-3,4066,758,23,3,8.00,13270.00,0.03,0.03,N,O,1997-04-24,1997-03-11,1997-05-20,NONE,REG AIR," the regular, enticing sentim"
4066-4,4066,1782,25,4,49.00,82505.22,0.01,0.01,N,O,1997-02-17,1997-03-24,1997-02-19,NONE,TRUCK,accounts. idle accounts are ruthlessly 
4066-5,4066,1703,4,5,43.00,69002.10,0.05,0.02,N,O,1997-02-16,1997-04-14,1997-02-18,DELIVER IN PERSON,MAIL,l deposits cajole. furiously p
4066-6,4066,1085,21,6,44.00,43387.52,0.01,0.00,N,O,1997-03-01,1997-04-27,1997-03-29,DELIVER IN PERSON,MAIL,jole fluffily. deposits 
4067-1,4067,1791,92,1,18.00,30470.22,0.03,0.08,A,F,1993-01-24,1992-12-23,1993-02-20,TAKE BACK RETURN,FOB,ns. regular instructions hag
4067-2,4067,954,57,2,14.00,25969.30,0.00,0.00,R,F,1993-02-03,1992-12-02,1993-02-07,TAKE BACK RETURN,TRUCK, final packages play daringly regular dep
4067-3,4067,1403,21,3,17.00,22174.80,0.03,0.05,A,F,1993-01-26,1992-11-23,1993-01-27,NONE,REG AIR,e according to the accounts. f
4067-4,4067,897,31,4,40.00,71915.60,0.07,0.08,R,F,1993-01-09,1992-11-21,1993-01-16,DELIVER IN PERSON,TRUCK,thely regular requests across the quic
4067-5,4067,849,16,5,17.00,29747.28,0.08,0.03,A,F,1993-01-20,1992-12-29,1993-02-03,DELIVER IN PERSON,REG AIR, haggle carefully against th
4067-6,4067,956,91,6,12.00,22283.40,0.04,0.03,A,F,1992-12-12,1992-11-28,1992-12-15,DELIVER IN PERSON,AIR,ally against the caref
4067-7,4067,827,61,7,17.00,29372.94,0.01,0.01,R,F,1992-12-12,1992-12-23,1992-12-30,NONE,AIR,"r, express dolphins. slyly special pi"
4068-1,4068,1092,93,1,43.00,42702.87,0.05,0.06,N,O,1996-11-28,1996-11-16,1996-12-22,NONE,AIR,blithely final dependencies boost
4068-2,4068,570,1,2,31.00,45587.67,0.08,0.03,N,O,1996-12-11,1996-12-07,1996-12-30,NONE,SHIP,d asymptotes. regularl
4069-1,4069,1281,93,1,39.00,46108.92,0.09,0.02,R,F,1992-09-06,1992-07-22,1992-09-25,COLLECT COD,SHIP, pending packages are carefully bol
4069-2,4069,426,27,2,32.00,42445.44,0.10,0.08,A,F,1992-06-18,1992-07-20,1992-07-07,TAKE BACK RETURN,TRUCK, deposits sle
4069-3,4069,1851,95,3,3.00,5258.55,0.06,0.01,R,F,1992-07-26,1992-07-07,1992-08-04,COLLECT COD,FOB, the slyly express
4069-4,4069,785,50,4,22.00,37087.16,0.10,0.05,A,F,1992-08-05,1992-08-04,1992-08-25,COLLECT COD,SHIP,inal requests cajole quickly 
4069-5,4069,1569,10,5,50.00,73528.00,0.09,0.06,A,F,1992-07-26,1992-06-30,1992-08-01,TAKE BACK RETURN,REG AIR,"s alongside of the special, expre"
4069-6,4069,1250,62,6,3.00,3453.75,0.02,0.01,A,F,1992-05-24,1992-06-18,1992-06-12,COLLECT COD,MAIL,along the carefully regular excuses s
4069-7,4069,1835,79,7,50.00,86841.50,0.00,0.01,R,F,1992-09-03,1992-06-14,1992-10-01,NONE,REG AIR,odolites sleep against t
4070-1,4070,1827,14,1,2.00,3457.64,0.09,0.08,N,O,1995-08-03,1995-09-10,1995-08-17,TAKE BACK RETURN,REG AIR,g pains are 
4070-2,4070,1549,90,2,40.00,58021.60,0.07,0.07,N,O,1995-07-13,1995-07-23,1995-08-06,COLLECT COD,MAIL,. fluffily fluffy packages 
4070-3,4070,618,19,3,11.00,16704.71,0.00,0.08,N,O,1995-08-23,1995-08-15,1995-08-31,TAKE BACK RETURN,MAIL,d under the slowly re
4070-4,4070,285,13,4,46.00,54522.88,0.02,0.02,N,O,1995-06-22,1995-07-14,1995-07-11,DELIVER IN PERSON,REG AIR,y regular pinto beans
4071-1,4071,1119,28,1,22.00,22442.42,0.02,0.07,N,O,1996-10-31,1996-12-14,1996-11-05,NONE,REG AIR,ong the quickly express excuses wake s
4071-2,4071,178,57,2,47.00,50673.99,0.00,0.03,N,O,1996-11-04,1996-12-09,1996-11-16,NONE,TRUCK,ven packages. carefully regul
4096-1,4096,269,51,1,31.00,36247.06,0.10,0.02,A,F,1992-07-14,1992-09-03,1992-07-31,COLLECT COD,TRUCK, special requests. carefully si
4096-2,4096,561,52,2,17.00,24846.52,0.07,0.03,R,F,1992-09-30,1992-08-11,1992-10-11,TAKE BACK RETURN,REG AIR,final packages use quickly 
4096-3,4096,87,88,3,21.00,20728.68,0.08,0.00,A,F,1992-08-24,1992-09-04,1992-09-11,DELIVER IN PERSON,MAIL,wake boldly 
4096-4,4096,1277,15,4,20.00,23565.40,0.02,0.07,R,F,1992-08-24,1992-09-13,1992-08-28,DELIVER IN PERSON,TRUCK,ording to the requests. requests thrash car
4097-1,4097,735,36,1,50.00,81786.50,0.04,0.04,N,O,1996-08-31,1996-08-14,1996-09-27,DELIVER IN PERSON,MAIL,ual ideas. busily bold deposits w
4097-2,4097,733,66,2,46.00,75151.58,0.10,0.01,N,O,1996-07-29,1996-08-19,1996-08-25,COLLECT COD,AIR,onic depende
4097-3,4097,1738,65,3,42.00,68868.66,0.06,0.06,N,O,1996-08-11,1996-07-30,1996-08-15,NONE,FOB,carefully slow packages. slyly regular 
4098-1,4098,1995,96,1,46.00,87261.54,0.07,0.03,N,O,1997-01-26,1997-01-27,1997-02-13,TAKE BACK RETURN,SHIP,s along the unusual instructions sleep 
4099-1,4099,31,57,1,29.00,26999.87,0.09,0.07,R,F,1992-11-21,1992-11-04,1992-11-30,NONE,FOB,ely silent forges. evenly bold platelets
4099-2,4099,1370,85,2,3.00,3814.11,0.04,0.06,A,F,1992-09-12,1992-10-18,1992-10-01,NONE,RAIL,e. deposits cajole blith
4099-3,4099,501,92,3,36.00,50454.00,0.06,0.06,R,F,1992-11-06,1992-09-28,1992-12-02,NONE,FOB,quests detect blithely after the i
4099-4,4099,1390,5,4,7.00,9039.73,0.05,0.02,A,F,1992-09-12,1992-11-13,1992-09-14,TAKE BACK RETURN,AIR,against the slyly quick accou
4099-5,4099,1630,13,5,48.00,73518.24,0.00,0.02,R,F,1992-10-18,1992-10-14,1992-11-01,NONE,REG AIR,ages use doggedly special dependen
4099-6,4099,582,83,6,39.00,57820.62,0.07,0.02,R,F,1992-12-13,1992-11-13,1992-12-26,DELIVER IN PERSON,REG AIR,"after the regular, final accounts. e"
4099-7,4099,1793,20,7,46.00,77960.34,0.06,0.07,R,F,1992-10-29,1992-11-03,1992-11-10,DELIVER IN PERSON,REG AIR, ironic requests h
4100-1,4100,737,38,1,4.00,6550.92,0.03,0.03,N,O,1996-06-20,1996-04-29,1996-06-21,TAKE BACK RETURN,FOB,p after the carefully r
4101-1,4101,1144,17,1,22.00,22993.08,0.05,0.02,R,F,1994-02-02,1994-02-19,1994-02-12,COLLECT COD,AIR, for the accounts. carefully fin
4102-1,4102,98,24,1,17.00,16967.53,0.02,0.02,N,O,1996-06-03,1996-05-06,1996-07-02,COLLECT COD,AIR,r accounts are busily silent accounts. 
4102-2,4102,686,18,2,5.00,7933.40,0.08,0.02,N,O,1996-05-11,1996-05-11,1996-05-16,COLLECT COD,AIR,depths. carefully e
4102-3,4102,668,31,3,39.00,61177.74,0.08,0.01,N,O,1996-04-14,1996-05-18,1996-04-20,DELIVER IN PERSON,AIR,sleep furiously among the sl
4102-4,4102,1391,30,4,39.00,50403.21,0.02,0.00,N,O,1996-06-15,1996-06-06,1996-06-30,DELIVER IN PERSON,SHIP,es. carefully pending deposit
4102-5,4102,2,53,5,32.00,28864.00,0.08,0.01,N,O,1996-05-14,1996-04-29,1996-05-29,NONE,RAIL,instructions sleep regular theodo
4102-6,4102,1362,39,6,7.00,8843.52,0.02,0.01,N,O,1996-06-19,1996-05-21,1996-07-15,NONE,REG AIR,thely bold requests. slyly iro
4103-1,4103,748,13,1,40.00,65949.60,0.05,0.03,R,F,1992-09-19,1992-08-14,1992-09-21,COLLECT COD,RAIL,ounts? special packages hang. slyly unus
4128-1,4128,1959,4,1,5.00,9304.75,0.04,0.04,N,O,1995-10-18,1995-11-28,1995-10-28,TAKE BACK RETURN,FOB,cross the furiou
4129-1,4129,553,44,1,32.00,46513.60,0.03,0.04,A,F,1993-09-16,1993-08-25,1993-09-25,TAKE BACK RETURN,MAIL,fter the bli
4129-2,4129,270,25,2,39.00,45640.53,0.06,0.07,R,F,1993-10-21,1993-08-04,1993-10-29,COLLECT COD,MAIL,slyly regular accounts boost blithely. 
4130-1,4130,1780,7,1,44.00,73998.32,0.07,0.04,N,O,1996-05-14,1996-04-15,1996-05-15,COLLECT COD,TRUCK,ly ironic accoun
4130-2,4130,630,93,2,2.00,3061.26,0.05,0.06,N,O,1996-05-19,1996-04-24,1996-06-17,TAKE BACK RETURN,RAIL,s according to the ironic theodolites s
4131-1,4131,498,28,1,6.00,8390.94,0.05,0.01,N,O,1998-04-27,1998-04-18,1998-04-29,TAKE BACK RETURN,MAIL,ress deposits. furiously r
4131-2,4131,1776,19,2,32.00,53688.64,0.08,0.01,N,O,1998-03-02,1998-03-21,1998-03-07,TAKE BACK RETURN,TRUCK,ely final theodolites about the reque
4131-3,4131,253,35,3,25.00,28831.25,0.02,0.07,N,O,1998-02-24,1998-03-01,1998-02-27,TAKE BACK RETURN,FOB, silent re
4131-4,4131,351,8,4,8.00,10010.80,0.04,0.01,N,O,1998-03-03,1998-03-15,1998-03-26,COLLECT COD,FOB,hely pending excuses. careful
4131-5,4131,1244,45,5,30.00,34357.20,0.01,0.01,N,O,1998-04-01,1998-04-13,1998-04-08,TAKE BACK RETURN,FOB,ctions detect blithely un
4131-6,4131,1020,91,6,47.00,43287.94,0.02,0.00,N,O,1998-03-09,1998-04-05,1998-03-13,TAKE BACK RETURN,RAIL,al courts. carefully
4132-1,4132,1374,13,1,28.00,35710.36,0.07,0.03,N,O,1995-08-16,1995-08-01,1995-08-29,TAKE BACK RETURN,SHIP,the unusual accounts. blithely fluffy foxes
4132-2,4132,143,22,2,23.00,23992.22,0.07,0.07,N,O,1995-06-27,1995-07-27,1995-07-13,TAKE BACK RETURN,FOB,totes nag slyly regular dolphins. carefully
4132-3,4132,867,34,3,18.00,31821.48,0.09,0.04,A,F,1995-06-01,1995-08-01,1995-06-02,TAKE BACK RETURN,RAIL,ronic pint
4133-1,4133,237,38,1,35.00,39803.05,0.02,0.00,A,F,1992-11-25,1992-09-15,1992-12-25,NONE,AIR,ffix. fluffily regular packages belie
4134-1,4134,1203,15,1,34.00,37542.80,0.02,0.05,R,F,1995-04-29,1995-03-13,1995-05-11,DELIVER IN PERSON,FOB,osits. fluffily unusual dependenc
4134-2,4134,957,60,2,34.00,63170.30,0.01,0.03,A,F,1995-05-06,1995-03-28,1995-05-13,DELIVER IN PERSON,SHIP,"ar, pending requests. furiously e"
4134-3,4134,1706,33,3,12.00,19292.40,0.05,0.04,A,F,1995-03-19,1995-03-27,1995-04-14,COLLECT COD,TRUCK,es cajole deposits. busy depen
4134-4,4134,1000,3,4,45.00,40545.00,0.08,0.02,A,F,1995-04-11,1995-03-27,1995-04-17,TAKE BACK RETURN,MAIL, fluffily 
4135-1,4135,20,21,1,23.00,21160.46,0.06,0.01,N,O,1997-04-09,1997-05-12,1997-04-16,TAKE BACK RETURN,FOB,ingly across the slyly regular th
4135-2,4135,1194,95,2,32.00,35046.08,0.07,0.00,N,O,1997-03-14,1997-04-23,1997-04-12,TAKE BACK RETURN,TRUCK,y. blithely regular accounts bo
4135-3,4135,1593,74,3,33.00,49321.47,0.05,0.05,N,O,1997-05-01,1997-05-23,1997-05-23,DELIVER IN PERSON,AIR,dolites bo
4135-4,4135,1948,49,4,13.00,24049.22,0.04,0.07,N,O,1997-03-16,1997-05-19,1997-04-03,COLLECT COD,RAIL,arefully final account
4160-1,4160,1125,98,1,25.00,25653.00,0.10,0.04,N,O,1996-09-22,1996-10-17,1996-09-24,NONE,SHIP,theodolites wake against
4160-2,4160,1217,55,2,12.00,13418.52,0.00,0.03,N,O,1996-11-22,1996-09-25,1996-12-10,DELIVER IN PERSON,REG AIR,thely final re
4160-3,4160,625,26,3,48.00,73229.76,0.04,0.04,N,O,1996-09-19,1996-11-02,1996-09-24,COLLECT COD,FOB,onic grouches. car
4161-1,4161,1216,54,1,12.00,13406.52,0.08,0.02,R,F,1993-08-25,1993-10-04,1993-09-22,COLLECT COD,RAIL,nal multipliers n
4161-2,4161,274,2,2,47.00,55190.69,0.05,0.00,A,F,1993-12-20,1993-10-29,1994-01-19,TAKE BACK RETURN,RAIL, accounts. regular requests cajole careful
4161-3,4161,1371,10,3,42.00,53439.54,0.03,0.04,R,F,1993-11-12,1993-10-04,1993-11-27,COLLECT COD,MAIL,he blithely special deposits sleep fluffil
4161-4,4161,95,46,4,45.00,44779.05,0.02,0.06,A,F,1993-10-22,1993-10-17,1993-10-30,COLLECT COD,REG AIR,ers. blithely final instructions sleep 
4161-5,4161,284,85,5,46.00,54476.88,0.05,0.01,A,F,1993-11-09,1993-11-17,1993-11-17,TAKE BACK RETURN,TRUCK,es. slyly special packages are above th
4161-6,4161,1471,72,6,19.00,26076.93,0.07,0.00,R,F,1993-08-22,1993-11-11,1993-09-01,TAKE BACK RETURN,REG AIR,y alongside of
4162-1,4162,732,97,1,45.00,73472.85,0.10,0.07,A,F,1992-03-21,1992-05-02,1992-03-29,DELIVER IN PERSON,AIR,gular deposits ought t
4162-2,4162,894,95,2,29.00,52051.81,0.00,0.05,R,F,1992-02-25,1992-04-25,1992-03-17,NONE,REG AIR,e even asymptotes. special inst
4163-1,4163,329,30,1,13.00,15981.16,0.08,0.03,A,F,1993-02-17,1993-03-13,1993-03-15,DELIVER IN PERSON,REG AIR,above the furiously regular escap
4164-1,4164,1197,70,1,9.00,9883.71,0.07,0.02,N,O,1998-08-25,1998-08-13,1998-09-19,DELIVER IN PERSON,SHIP,rding to the carefully final requ
4165-1,4165,402,3,1,12.00,15628.80,0.00,0.01,N,O,1997-09-20,1997-10-20,1997-10-12,TAKE BACK RETURN,REG AIR," the regular deposits. regular, unusual id"
4166-1,4166,1408,26,1,8.00,10475.20,0.00,0.08,A,F,1993-06-05,1993-04-10,1993-07-05,COLLECT COD,MAIL,ymptotes alongside of the b
4166-2,4166,922,57,2,8.00,14583.36,0.06,0.04,A,F,1993-06-07,1993-04-17,1993-06-16,DELIVER IN PERSON,REG AIR, even accounts kindle furiously. b
4166-3,4166,64,90,3,17.00,16389.02,0.02,0.06,R,F,1993-06-29,1993-05-15,1993-07-24,DELIVER IN PERSON,SHIP,eep slyly a
4166-4,4166,856,56,4,36.00,63246.60,0.06,0.05,R,F,1993-03-01,1993-05-25,1993-03-05,COLLECT COD,MAIL,ites nag carefully silent requests
4166-5,4166,764,29,5,5.00,8323.80,0.08,0.01,A,F,1993-06-19,1993-04-24,1993-06-27,NONE,REG AIR,ly. special pearls sleep furiously pe
4166-6,4166,1019,55,6,6.00,5520.06,0.04,0.08,R,F,1993-04-30,1993-04-17,1993-05-08,DELIVER IN PERSON,MAIL,sual deposits above the slyly bold packag
4166-7,4166,232,33,7,26.00,29437.98,0.09,0.01,R,F,1993-03-17,1993-05-09,1993-03-25,NONE,MAIL,ully. furiously unu
4167-1,4167,607,70,1,47.00,70857.20,0.04,0.02,N,O,1998-08-02,1998-08-24,1998-08-28,DELIVER IN PERSON,REG AIR,thely regular deposits cajole furious
4167-2,4167,866,67,2,17.00,30036.62,0.06,0.07,N,O,1998-09-18,1998-09-06,1998-10-07,COLLECT COD,REG AIR,fluffily regular deposit
4167-3,4167,726,59,3,1.00,1626.72,0.03,0.06,N,O,1998-10-11,1998-08-14,1998-10-13,COLLECT COD,TRUCK,the bravely regular deposit
4192-1,4192,109,88,1,36.00,36327.60,0.06,0.08,N,O,1998-04-25,1998-05-26,1998-05-03,COLLECT COD,TRUCK,ithely bold dep
4192-2,4192,1207,45,2,15.00,16623.00,0.04,0.08,N,O,1998-06-26,1998-05-26,1998-07-16,COLLECT COD,AIR, the regular deposits. blithely unusual p
4192-3,4192,1350,27,3,7.00,8759.45,0.06,0.03,N,O,1998-05-19,1998-07-08,1998-05-31,COLLECT COD,FOB,ggle fluffily daring requests. steal
4192-4,4192,233,88,4,32.00,36263.36,0.09,0.04,N,O,1998-06-23,1998-06-25,1998-07-17,NONE,FOB,rding to the carefully final requ
4192-5,4192,471,59,5,48.00,65830.56,0.08,0.01,N,O,1998-08-17,1998-07-11,1998-09-03,NONE,AIR, use until the re
4192-6,4192,1496,36,6,44.00,61489.56,0.10,0.02,N,O,1998-08-06,1998-07-09,1998-08-20,NONE,FOB,arefully ironi
4192-7,4192,1699,23,7,27.00,43218.63,0.02,0.00,N,O,1998-07-03,1998-06-26,1998-07-13,TAKE BACK RETURN,AIR,t according to the furiously fi
4193-1,4193,1303,18,1,37.00,44559.10,0.09,0.06,A,F,1994-04-25,1994-02-24,1994-05-08,NONE,AIR,nding deposits. furiously bold foxes alo
4193-2,4193,1165,74,2,3.00,3198.48,0.09,0.05,R,F,1994-04-29,1994-03-20,1994-05-29,TAKE BACK RETURN,REG AIR,y express ideas boos
4193-3,4193,1785,86,3,10.00,16867.80,0.06,0.03,A,F,1994-02-10,1994-03-22,1994-03-09,COLLECT COD,RAIL,y. quickly
4193-4,4193,501,32,4,29.00,40643.50,0.09,0.05,A,F,1994-02-11,1994-03-11,1994-03-13,TAKE BACK RETURN,RAIL,y silent foxes dazzle caref
4193-5,4193,199,52,5,50.00,54959.50,0.01,0.01,R,F,1994-04-28,1994-03-23,1994-05-09,NONE,FOB,oss the slyly express requests wake
4193-6,4193,653,47,6,21.00,32626.65,0.02,0.04,R,F,1994-04-26,1994-03-22,1994-05-23,DELIVER IN PERSON,TRUCK,ly final deposits
4194-1,4194,1968,1,1,43.00,80408.28,0.08,0.06,A,F,1994-11-06,1994-12-09,1994-11-16,NONE,TRUCK,lets hang. fluffily even
4194-2,4194,466,25,2,18.00,24596.28,0.07,0.07,A,F,1995-02-14,1994-12-04,1995-03-11,TAKE BACK RETURN,TRUCK,tions. furiously even ac
4195-1,4195,57,83,1,14.00,13398.70,0.09,0.04,R,F,1993-09-06,1993-07-21,1993-09-18,DELIVER IN PERSON,REG AIR,he fluffily pending ideas. always 
4195-2,4195,660,54,2,22.00,34334.52,0.10,0.08,R,F,1993-07-01,1993-07-23,1993-07-28,COLLECT COD,RAIL," regular, silent pack"
4195-3,4195,1937,70,3,19.00,34939.67,0.01,0.06,R,F,1993-09-06,1993-08-13,1993-09-15,TAKE BACK RETURN,REG AIR,yly about the express instructions. pendi
4196-1,4196,1551,92,1,30.00,43576.50,0.02,0.06,N,O,1998-08-09,1998-06-30,1998-09-05,COLLECT COD,SHIP,gular foxes. bl
4196-2,4196,83,59,2,31.00,30475.48,0.09,0.08,N,O,1998-06-12,1998-07-28,1998-07-11,NONE,MAIL,sleep blithely. furiously e
4196-3,4196,1776,77,3,46.00,77177.42,0.05,0.00,N,O,1998-09-05,1998-06-28,1998-09-10,TAKE BACK RETURN,MAIL,iously. carefu
4196-4,4196,1139,76,4,42.00,43685.46,0.04,0.06,N,O,1998-08-13,1998-07-18,1998-09-07,TAKE BACK RETURN,AIR,lphins sleep carefully express foxes.
4196-5,4196,717,50,5,3.00,4853.13,0.01,0.03,N,O,1998-05-17,1998-07-21,1998-05-18,DELIVER IN PERSON,TRUCK,ve the furiou
4196-6,4196,861,95,6,43.00,75759.98,0.01,0.06,N,O,1998-08-12,1998-07-12,1998-08-22,DELIVER IN PERSON,FOB," regular, pendi"
4196-7,4196,31,7,7,3.00,2793.09,0.00,0.06,N,O,1998-08-05,1998-07-28,1998-08-15,DELIVER IN PERSON,REG AIR,ccording to the blithely special realms. u
4197-1,4197,1281,56,1,50.00,59114.00,0.06,0.03,N,O,1996-11-15,1996-11-01,1996-11-20,NONE,FOB,"ackages haggle fluffily. final, unusua"
4197-2,4197,697,29,2,39.00,62309.91,0.02,0.08,N,O,1996-10-07,1996-10-11,1996-10-18,DELIVER IN PERSON,RAIL,e unusual escapades. packages among the 
4197-3,4197,320,49,3,28.00,34168.96,0.06,0.02,N,O,1996-10-05,1996-10-24,1996-10-22,TAKE BACK RETURN,AIR, dependenci
4197-4,4197,954,55,4,23.00,42663.85,0.00,0.03,N,O,1996-09-10,1996-10-10,1996-09-25,NONE,AIR,nto beans. special sheaves about the re
4197-5,4197,1210,48,5,37.00,41114.77,0.03,0.04,N,O,1996-10-20,1996-10-10,1996-11-10,COLLECT COD,TRUCK,ironic dependencies wake. unu
4197-6,4197,307,36,6,48.00,57950.40,0.08,0.00,N,O,1996-10-07,1996-10-25,1996-10-23,COLLECT COD,REG AIR,he slyly silent realms. special 
4198-1,4198,1452,31,1,48.00,64965.60,0.09,0.05,N,O,1997-09-03,1997-07-18,1997-09-11,NONE,REG AIR,sts. carefully special pinto beans
4198-2,4198,1423,2,2,46.00,60923.32,0.09,0.01,N,O,1997-08-17,1997-09-08,1997-09-11,COLLECT COD,TRUCK,s the pending g
4198-3,4198,1446,64,3,13.00,17516.72,0.03,0.04,N,O,1997-07-18,1997-07-24,1997-08-10,NONE,REG AIR,ven requests detect f
4199-1,4199,697,91,1,16.00,25563.04,0.10,0.00,A,F,1992-06-11,1992-04-10,1992-07-10,COLLECT COD,TRUCK, could have to haggle ironic theo
4199-2,4199,89,90,2,18.00,17803.44,0.00,0.01,A,F,1992-06-01,1992-03-30,1992-06-28,DELIVER IN PERSON,RAIL,fter the carefully silent deposits c
4224-1,4224,1983,84,1,27.00,50894.46,0.05,0.03,N,O,1997-09-05,1997-08-19,1997-09-30,NONE,SHIP,uests are. blithely bold acco
4224-2,4224,368,53,2,20.00,25367.20,0.07,0.05,N,O,1997-11-09,1997-08-23,1997-11-14,NONE,FOB,slyly express packages. furiously regul
4224-3,4224,238,20,3,4.00,4552.92,0.08,0.05,N,O,1997-09-07,1997-09-05,1997-09-25,TAKE BACK RETURN,FOB,unusual dependencies 
4224-4,4224,1597,18,4,50.00,74929.50,0.10,0.06,N,O,1997-07-30,1997-09-10,1997-08-19,COLLECT COD,RAIL,the carefully quiet accounts. sl
4224-5,4224,842,76,5,48.00,83656.32,0.00,0.04,N,O,1997-10-03,1997-08-31,1997-10-10,NONE,RAIL, accounts are slyly. furiously sly p
4225-1,4225,488,76,1,25.00,34712.00,0.08,0.04,N,O,1997-07-10,1997-08-08,1997-07-31,TAKE BACK RETURN,TRUCK,ss theodolites cajole. slyly special req
4225-2,4225,951,86,2,23.00,42594.85,0.02,0.04,N,O,1997-09-18,1997-08-31,1997-10-11,TAKE BACK RETURN,RAIL,ular deposi
4225-3,4225,980,15,3,28.00,52667.44,0.08,0.03,N,O,1997-07-11,1997-09-01,1997-08-03,DELIVER IN PERSON,FOB," ironic, unusual requests. blithe"
4226-1,4226,1871,15,1,27.00,47867.49,0.06,0.08,A,F,1993-05-03,1993-04-12,1993-05-16,COLLECT COD,AIR, ruthless packages. slyly final ideas
4227-1,4227,1572,13,1,19.00,27997.83,0.01,0.08,A,F,1995-05-05,1995-05-03,1995-05-22,COLLECT COD,REG AIR, pinto beans. permanently even courts boos
4227-2,4227,327,28,2,8.00,9818.56,0.09,0.00,N,F,1995-06-11,1995-04-30,1995-06-28,COLLECT COD,REG AIR,theodolites cajole after th
4227-3,4227,747,48,3,11.00,18125.14,0.10,0.04,A,F,1995-03-30,1995-05-02,1995-04-26,DELIVER IN PERSON,SHIP,thely even dependencies after the inst
4227-4,4227,1993,26,4,2.00,3789.98,0.02,0.05,R,F,1995-04-24,1995-05-09,1995-05-21,DELIVER IN PERSON,AIR,nts. final
4227-5,4227,1469,87,5,49.00,67152.54,0.05,0.06,R,F,1995-05-19,1995-04-12,1995-06-12,TAKE BACK RETURN,REG AIR,symptotes x-ray about the blithely special
4228-1,4228,1410,28,1,20.00,26228.20,0.00,0.06,N,O,1997-04-24,1997-05-29,1997-05-17,NONE,RAIL,the blithely final deposits. regul
4229-1,4229,954,23,1,44.00,81617.80,0.02,0.05,N,O,1998-05-29,1998-05-12,1998-06-16,DELIVER IN PERSON,AIR,usly express p
4229-2,4229,46,72,2,34.00,32165.36,0.07,0.05,N,O,1998-05-26,1998-04-13,1998-06-08,DELIVER IN PERSON,MAIL,le along the slyly express pinto be
4230-1,4230,452,40,1,38.00,51393.10,0.10,0.03,A,F,1992-04-28,1992-04-21,1992-05-28,TAKE BACK RETURN,FOB,unusual foxes sleep fluffily on the quic
4230-2,4230,1987,20,2,43.00,81226.14,0.02,0.08,R,F,1992-03-14,1992-05-13,1992-03-28,NONE,FOB,unusual deposits sublate. final
4230-3,4230,1951,40,3,10.00,18529.50,0.06,0.02,A,F,1992-06-11,1992-04-11,1992-07-02,TAKE BACK RETURN,MAIL, the slyly silen
4230-4,4230,744,45,4,28.00,46052.72,0.01,0.03,R,F,1992-05-12,1992-05-10,1992-06-01,TAKE BACK RETURN,MAIL,y express r
4230-5,4230,1248,86,5,50.00,57462.00,0.00,0.01,A,F,1992-03-29,1992-05-19,1992-04-20,TAKE BACK RETURN,SHIP, slyly special asymptotes
4230-6,4230,349,6,6,30.00,37480.20,0.05,0.07,A,F,1992-03-11,1992-04-29,1992-03-30,NONE,AIR,ely even asymptotes sleep u
4230-7,4230,1511,12,7,18.00,25425.18,0.10,0.04,R,F,1992-06-23,1992-05-10,1992-07-04,COLLECT COD,SHIP,yly unusual the
4231-1,4231,1416,17,1,47.00,61918.27,0.09,0.03,N,O,1997-11-27,1998-01-26,1997-12-17,NONE,REG AIR,. blithely final instruc
4231-2,4231,1652,35,2,4.00,6214.60,0.06,0.02,N,O,1997-11-28,1998-01-26,1997-12-12,TAKE BACK RETURN,MAIL,r packages. carefully r
4231-3,4231,1204,5,3,31.00,34261.20,0.07,0.08,N,O,1998-02-14,1997-12-27,1998-03-01,DELIVER IN PERSON,FOB,s sleep blithely
4231-4,4231,391,48,4,35.00,45198.65,0.10,0.00,N,O,1998-02-21,1998-01-24,1998-03-18,DELIVER IN PERSON,FOB,luffily even platelets u
4256-1,4256,1504,45,1,22.00,30921.00,0.05,0.05,R,F,1992-07-30,1992-05-14,1992-08-14,NONE,TRUCK,uctions was carefully even theodolites
4257-1,4257,645,39,1,3.00,4636.92,0.10,0.03,N,O,1995-06-18,1995-05-01,1995-07-12,DELIVER IN PERSON,MAIL,ests sleep. even orbits alongside of 
4257-2,4257,350,7,2,5.00,6251.75,0.01,0.04,R,F,1995-04-29,1995-06-05,1995-05-13,TAKE BACK RETURN,TRUCK,sits sleep. fluffily ir
4257-3,4257,1271,72,3,33.00,38684.91,0.03,0.04,A,F,1995-05-23,1995-05-03,1995-05-31,COLLECT COD,AIR,furiously regular accounts
4258-1,4258,1651,52,1,36.00,55895.40,0.02,0.06,N,O,1997-02-23,1997-01-25,1997-02-27,TAKE BACK RETURN,SHIP,nal theodolit
4258-2,4258,1618,60,2,19.00,28872.59,0.03,0.02,N,O,1997-01-14,1996-12-12,1997-01-20,TAKE BACK RETURN,AIR,"onic foxes. pending, fina"
4258-3,4258,309,94,3,46.00,55627.80,0.04,0.07,N,O,1997-01-02,1996-12-26,1997-01-12,DELIVER IN PERSON,AIR,al deposits. de
4258-4,4258,343,44,4,22.00,27353.48,0.04,0.04,N,O,1996-12-12,1996-12-06,1996-12-20,TAKE BACK RETURN,AIR,cial packages. slyly
4258-5,4258,1629,12,5,9.00,13775.58,0.04,0.03,N,O,1996-12-04,1996-12-08,1996-12-20,DELIVER IN PERSON,TRUCK,"kages kindle carefully around the ironic,"
4259-1,4259,426,85,1,14.00,18569.88,0.05,0.03,N,O,1998-01-09,1997-11-21,1998-01-29,TAKE BACK RETURN,RAIL,ular dolphins cajole slyly. quickly bo
4260-1,4260,234,16,1,21.00,23818.83,0.08,0.04,R,F,1992-08-06,1992-06-18,1992-08-22,NONE,AIR,s use blithely final pack
4261-1,4261,1094,95,1,12.00,11941.08,0.05,0.01,A,F,1992-11-01,1993-01-01,1992-11-12,NONE,FOB,ully ironic
4261-2,4261,818,18,2,4.00,6875.24,0.02,0.07,R,F,1992-12-11,1992-12-18,1992-12-24,DELIVER IN PERSON,FOB,bout the carefully unusual war
4261-3,4261,1743,86,3,3.00,4934.22,0.07,0.02,R,F,1992-11-10,1992-12-14,1992-11-17,COLLECT COD,RAIL,. quickly special dependencies sl
4261-4,4261,1733,18,4,36.00,58850.28,0.04,0.06,R,F,1992-12-02,1992-12-18,1992-12-25,NONE,REG AIR,le carefully
4261-5,4261,237,19,5,28.00,31842.44,0.07,0.06,A,F,1992-10-08,1992-12-23,1992-10-11,TAKE BACK RETURN,MAIL,tructions boost furi
4262-1,4262,756,57,1,30.00,49702.50,0.01,0.03,N,O,1996-08-11,1996-10-11,1996-09-09,TAKE BACK RETURN,RAIL,s. quickly unusual pack
4262-2,4262,957,58,2,5.00,9289.75,0.02,0.05,N,O,1996-09-27,1996-09-05,1996-10-25,COLLECT COD,SHIP,slyly regular theodolites use furio
4262-3,4262,1611,53,3,5.00,7563.05,0.08,0.00,N,O,1996-10-02,1996-10-16,1996-10-05,NONE,REG AIR,xes hinder blithely. care
4262-4,4262,734,31,4,45.00,73562.85,0.02,0.01,N,O,1996-11-09,1996-09-09,1996-11-12,DELIVER IN PERSON,SHIP,y pending requests wake. bold instructio
4262-5,4262,992,61,5,28.00,53003.72,0.06,0.02,N,O,1996-10-22,1996-09-06,1996-11-13,DELIVER IN PERSON,FOB,ckages cajole carefull
4262-6,4262,165,44,6,26.00,27694.16,0.03,0.02,N,O,1996-08-29,1996-09-25,1996-08-31,NONE,RAIL,ncies. excuses haggle blithely bl
4262-7,4262,1595,76,7,41.00,61360.19,0.03,0.01,N,O,1996-08-28,1996-09-14,1996-09-20,COLLECT COD,RAIL,symptotes haggl
4263-1,4263,171,72,1,9.00,9640.53,0.08,0.07,N,O,1998-04-04,1998-04-29,1998-05-04,COLLECT COD,AIR,l packages cajole fina
4263-2,4263,1956,89,2,28.00,52022.60,0.05,0.03,N,O,1998-06-24,1998-06-08,1998-07-14,NONE,MAIL,eposits kindle; carefully 
4263-3,4263,103,82,3,38.00,38117.80,0.01,0.01,N,O,1998-07-10,1998-05-08,1998-07-17,NONE,TRUCK,slyly special pa
4263-4,4263,182,9,4,20.00,21643.60,0.02,0.07,N,O,1998-04-09,1998-04-30,1998-05-04,NONE,RAIL,leep slyly quickly final dolphins. care
4263-5,4263,1980,13,5,14.00,26347.72,0.09,0.06,N,O,1998-05-06,1998-04-17,1998-05-11,DELIVER IN PERSON,TRUCK,"nag fluffily. final, final deposits around"
4263-6,4263,1130,3,6,47.00,48463.11,0.08,0.06,N,O,1998-06-28,1998-05-09,1998-07-02,DELIVER IN PERSON,TRUCK, beans integrate furiously slyly e
4263-7,4263,288,16,7,6.00,7129.68,0.04,0.04,N,O,1998-05-01,1998-06-02,1998-05-14,TAKE BACK RETURN,REG AIR, slyly silent theodolites haggle bl
4288-1,4288,731,32,1,32.00,52215.36,0.10,0.07,R,F,1993-03-19,1993-01-26,1993-04-18,TAKE BACK RETURN,AIR,its. furiously bold theodolites wak
4288-2,4288,1050,51,2,39.00,37090.95,0.05,0.02,R,F,1993-03-25,1993-02-06,1993-03-28,DELIVER IN PERSON,AIR,excuses sleep blithe
4288-3,4288,1247,59,3,7.00,8037.68,0.03,0.01,A,F,1993-01-15,1993-02-05,1993-01-26,NONE,TRUCK,ronic Tiresias poach blithely 
4289-1,4289,1957,58,1,19.00,35320.05,0.06,0.06,R,F,1993-12-31,1993-11-06,1994-01-23,DELIVER IN PERSON,TRUCK,the unusual requests. final a
4290-1,4290,1368,7,1,23.00,29195.28,0.06,0.04,R,F,1995-04-04,1995-02-16,1995-04-07,TAKE BACK RETURN,REG AIR,"al, special pains. care"
4290-2,4290,984,53,2,3.00,5654.94,0.09,0.03,A,F,1995-03-25,1995-03-07,1995-04-11,NONE,RAIL,ugouts wake among th
4291-1,4291,1919,52,1,3.00,5462.73,0.08,0.08,A,F,1994-03-17,1994-02-21,1994-03-27,COLLECT COD,SHIP,ly unusual instructions against the 
4291-2,4291,1249,61,2,43.00,49460.32,0.01,0.06,A,F,1994-02-01,1994-02-27,1994-02-06,DELIVER IN PERSON,REG AIR,ar theodolites slee
4291-3,4291,80,6,3,25.00,24502.00,0.09,0.08,R,F,1994-02-14,1994-02-08,1994-03-15,COLLECT COD,AIR,ly among the pending grouches.
4292-1,4292,436,24,1,22.00,29401.46,0.08,0.03,R,F,1992-02-14,1992-02-16,1992-03-01,NONE,FOB,hins. ironic r
4292-2,4292,399,84,2,1.00,1299.39,0.03,0.01,A,F,1992-02-07,1992-03-16,1992-02-10,DELIVER IN PERSON,FOB,e carefully. quic
4292-3,4292,1193,2,3,35.00,38296.65,0.03,0.06,A,F,1992-03-23,1992-04-04,1992-04-02,COLLECT COD,TRUCK,ully express ideas wake blithely p
4292-4,4292,1624,7,4,40.00,61024.80,0.05,0.04,A,F,1992-04-27,1992-03-07,1992-05-04,COLLECT COD,REG AIR,"oze regular, ironic instructions."
4292-5,4292,1303,18,5,6.00,7225.80,0.07,0.08,R,F,1992-03-03,1992-02-24,1992-03-25,COLLECT COD,FOB,furiously bold requests;
4292-6,4292,31,7,6,47.00,43758.41,0.05,0.00,R,F,1992-05-02,1992-03-21,1992-05-27,TAKE BACK RETURN,FOB,s: slyly ironic deposits sno
4293-1,4293,10,61,1,34.00,30940.34,0.03,0.08,N,O,1996-11-05,1996-10-12,1996-12-04,NONE,FOB,uctions haggle deposit
4293-2,4293,769,66,2,50.00,83488.00,0.01,0.05,N,O,1996-11-27,1996-10-30,1996-12-22,COLLECT COD,MAIL,usly regular theodolites ea
4293-3,4293,1986,31,3,47.00,88735.06,0.08,0.02,N,O,1996-09-07,1996-10-24,1996-09-15,NONE,RAIL,"counts eat. brave, careful"
4293-4,4293,879,79,4,25.00,44496.75,0.04,0.04,N,O,1996-09-11,1996-11-14,1996-09-22,DELIVER IN PERSON,FOB,ickly even 
4293-5,4293,1807,51,5,1.00,1708.80,0.06,0.05,N,O,1996-11-15,1996-10-09,1996-11-26,COLLECT COD,AIR,n deposits are furiously specia
4293-6,4293,790,87,6,45.00,76085.55,0.10,0.04,N,O,1996-11-04,1996-11-06,1996-11-23,NONE,MAIL,"e final, even deposits."
4294-1,4294,1050,86,1,19.00,18069.95,0.03,0.04,A,F,1992-10-16,1992-11-13,1992-10-26,DELIVER IN PERSON,AIR," packages haggle carefully; express, ironi"
4294-2,4294,266,94,2,16.00,18660.16,0.01,0.02,R,F,1992-08-17,1992-09-24,1992-09-04,TAKE BACK RETURN,REG AIR,y express ac
4294-3,4294,1971,60,3,30.00,56189.10,0.01,0.00,A,F,1992-09-12,1992-11-06,1992-09-25,NONE,MAIL,"y final dolphins boost pending, idle warth"
4294-4,4294,1045,51,4,34.00,32165.36,0.02,0.01,R,F,1992-09-09,1992-11-06,1992-10-04,TAKE BACK RETURN,REG AIR,"ing, regula"
4294-5,4294,1190,27,5,37.00,40374.03,0.05,0.01,R,F,1992-09-07,1992-10-13,1992-09-08,NONE,REG AIR,e ironic requests b
4294-6,4294,863,97,6,42.00,74082.12,0.02,0.03,A,F,1992-09-30,1992-11-13,1992-10-15,DELIVER IN PERSON,FOB,symptotes nod slyly arou
4294-7,4294,1748,75,7,47.00,77537.78,0.02,0.08,R,F,1992-11-09,1992-11-03,1992-12-05,TAKE BACK RETURN,SHIP,r instructions
4295-1,4295,285,67,1,49.00,58078.72,0.09,0.01,N,O,1996-05-25,1996-03-17,1996-06-19,TAKE BACK RETURN,REG AIR, near the carefully even f
4295-2,4295,706,3,2,4.00,6426.80,0.09,0.07,N,O,1996-06-05,1996-04-26,1996-06-13,DELIVER IN PERSON,TRUCK,ate fluffily blithely slow platelets
4295-3,4295,1927,28,3,3.00,5486.76,0.04,0.00,N,O,1996-06-04,1996-04-24,1996-06-24,DELIVER IN PERSON,AIR,", even pinto beans ca"
4295-4,4295,795,60,4,30.00,50873.70,0.07,0.06,N,O,1996-03-22,1996-04-23,1996-04-20,NONE,SHIP,ecial packages after the unusual ideas
4320-1,4320,459,47,1,28.00,38064.60,0.02,0.06,N,O,1997-01-28,1997-02-07,1997-02-07,COLLECT COD,FOB,fter the enticing instructions
4320-2,4320,1392,31,2,6.00,7760.34,0.08,0.08,N,O,1997-01-11,1997-01-26,1997-01-22,DELIVER IN PERSON,SHIP,regular accounts wake carefully ev
4320-3,4320,1877,64,3,33.00,58702.71,0.09,0.02,N,O,1996-12-11,1997-02-27,1997-01-08,TAKE BACK RETURN,SHIP,according to the 
4321-1,4321,1469,87,1,33.00,45225.18,0.09,0.02,A,F,1994-09-01,1994-08-17,1994-09-05,DELIVER IN PERSON,TRUCK,es: carefully special requests
4321-2,4321,533,64,2,45.00,64508.85,0.00,0.08,R,F,1994-11-13,1994-09-15,1994-11-18,DELIVER IN PERSON,SHIP, according to the waters. even pinto beans
4321-3,4321,1853,54,3,23.00,40361.55,0.01,0.05,A,F,1994-11-03,1994-10-08,1994-11-06,DELIVER IN PERSON,SHIP,slyly final pinto b
4321-4,4321,903,4,4,4.00,7215.60,0.02,0.00,R,F,1994-09-10,1994-10-06,1994-09-11,NONE,FOB,g deposits-- 
4321-5,4321,1717,60,5,10.00,16187.10,0.04,0.03,A,F,1994-09-07,1994-08-23,1994-09-17,TAKE BACK RETURN,SHIP,lar deposits. pending instru
4322-1,4322,688,82,1,39.00,61958.52,0.04,0.02,N,O,1998-04-27,1998-06-03,1998-05-04,TAKE BACK RETURN,MAIL,en deposits. slyly spec
4322-2,4322,1398,99,2,9.00,11694.51,0.05,0.08,N,O,1998-05-18,1998-04-27,1998-05-28,COLLECT COD,AIR,arefully final
4322-3,4322,76,77,3,12.00,11712.84,0.09,0.05,N,O,1998-03-29,1998-06-05,1998-04-16,DELIVER IN PERSON,TRUCK,yers against the carefully express
4322-4,4322,459,60,4,17.00,23110.65,0.09,0.08,N,O,1998-05-31,1998-05-31,1998-06-10,TAKE BACK RETURN,FOB,inments along t
4322-5,4322,1014,85,5,10.00,9150.10,0.00,0.05,N,O,1998-05-31,1998-04-27,1998-06-25,TAKE BACK RETURN,REG AIR,kly. carefully final sauternes about 
4322-6,4322,595,26,6,39.00,58328.01,0.09,0.08,N,O,1998-03-16,1998-05-21,1998-04-11,COLLECT COD,AIR,ven accounts nag fu
4322-7,4322,132,11,7,34.00,35092.42,0.05,0.00,N,O,1998-05-27,1998-04-12,1998-06-16,NONE,REG AIR,sts; blithely unusual accounts bo
4323-1,4323,4,5,1,33.00,29832.00,0.09,0.02,A,F,1994-05-04,1994-03-06,1994-05-23,COLLECT COD,TRUCK,"regular deposits. final, iro"
4324-1,4324,503,4,1,44.00,61754.00,0.05,0.04,N,O,1995-10-15,1995-09-07,1995-11-07,DELIVER IN PERSON,AIR,ly. slyly r
4324-2,4324,472,60,2,12.00,16469.64,0.04,0.02,N,O,1995-10-05,1995-09-07,1995-10-18,NONE,REG AIR,"ding to the regular, regular accounts. "
4324-3,4324,814,14,3,14.00,24007.34,0.07,0.06,N,O,1995-11-12,1995-08-26,1995-11-21,COLLECT COD,AIR,pending accounts are slyly account
4324-4,4324,500,30,4,14.00,19607.00,0.02,0.04,N,O,1995-09-20,1995-10-08,1995-10-06,COLLECT COD,RAIL,icing accounts use deposits. 
4324-5,4324,835,69,5,22.00,38188.26,0.07,0.03,N,O,1995-09-13,1995-10-04,1995-09-23,DELIVER IN PERSON,SHIP,ular deposits hinder blith
4324-6,4324,425,13,6,31.00,41088.02,0.08,0.04,N,O,1995-10-23,1995-09-14,1995-11-09,COLLECT COD,RAIL, theodolit
4324-7,4324,1531,52,7,46.00,65896.38,0.00,0.03,N,O,1995-11-03,1995-09-28,1995-11-22,NONE,SHIP, close deposits. c
4325-1,4325,1597,18,1,18.00,26974.62,0.01,0.07,N,O,1996-10-07,1996-09-28,1996-10-31,DELIVER IN PERSON,RAIL,fully pend
4326-1,4326,1628,29,1,11.00,16825.82,0.01,0.01,N,O,1997-02-02,1996-12-10,1997-02-20,DELIVER IN PERSON,TRUCK,efully regu
4326-2,4326,1670,12,2,27.00,42435.09,0.06,0.01,N,O,1996-11-29,1997-01-20,1996-12-23,COLLECT COD,AIR,"uickly even, regular accounts. furiousl"
4327-1,4327,949,18,1,18.00,33298.92,0.08,0.00,N,F,1995-06-16,1995-04-20,1995-07-12,COLLECT COD,RAIL,onic instructions. ironically ironic courts
4327-2,4327,1060,96,2,40.00,38442.40,0.07,0.01,N,F,1995-05-26,1995-04-17,1995-06-18,NONE,AIR,express asymptotes. slyly unu
4327-3,4327,1445,85,3,11.00,14810.84,0.10,0.07,R,F,1995-04-24,1995-05-27,1995-05-24,TAKE BACK RETURN,FOB,blate furiously 
4327-4,4327,201,56,4,8.00,8809.60,0.04,0.08,N,F,1995-05-26,1995-05-28,1995-06-19,DELIVER IN PERSON,AIR,ckages around the silent foxes hag
4327-5,4327,1891,92,5,39.00,69922.71,0.01,0.00,N,O,1995-06-23,1995-04-18,1995-07-13,TAKE BACK RETURN,FOB,ular instructions acco
4327-6,4327,1511,32,6,10.00,14125.10,0.00,0.06,A,F,1995-04-28,1995-06-11,1995-05-07,TAKE BACK RETURN,TRUCK,gular request
4352-1,4352,1058,94,1,18.00,17262.90,0.00,0.03,N,O,1998-02-27,1998-02-02,1998-03-01,DELIVER IN PERSON,RAIL,fully bold
4353-1,4353,937,40,1,22.00,40434.46,0.05,0.05,N,O,1998-01-19,1998-01-23,1998-02-10,COLLECT COD,FOB,"bold, bold packages use furiously."
4354-1,4354,143,70,1,30.00,31294.20,0.08,0.07,R,F,1995-01-27,1994-11-24,1995-02-25,TAKE BACK RETURN,REG AIR,refully regul
4354-2,4354,1522,3,2,23.00,32740.96,0.01,0.08,R,F,1994-11-20,1994-12-23,1994-11-27,TAKE BACK RETURN,AIR,regular packages boost bl
4354-3,4354,508,69,3,2.00,2817.00,0.10,0.04,A,F,1995-01-09,1994-12-15,1995-01-24,TAKE BACK RETURN,REG AIR,doubt carefull
4354-4,4354,852,52,4,36.00,63102.60,0.05,0.05,A,F,1994-11-20,1994-12-06,1994-12-06,DELIVER IN PERSON,AIR,es. regular pac
4354-5,4354,644,38,5,37.00,57151.68,0.06,0.02,R,F,1995-01-13,1994-12-29,1995-01-31,DELIVER IN PERSON,FOB,l packages. blithely pending accounts use
4354-6,4354,1074,45,6,36.00,35102.52,0.03,0.04,R,F,1994-12-03,1994-12-05,1995-01-02,TAKE BACK RETURN,TRUCK,"eans. express, regular depths wake s"
4354-7,4354,1388,27,7,18.00,23208.84,0.03,0.04,A,F,1994-12-07,1994-12-11,1994-12-11,TAKE BACK RETURN,SHIP,integrate doggedly 
4355-1,4355,1941,86,1,32.00,58974.08,0.10,0.02,N,O,1996-12-29,1997-02-08,1997-01-24,DELIVER IN PERSON,REG AIR,r deposits are. blit
4355-2,4355,166,93,2,4.00,4264.64,0.05,0.02,N,O,1997-02-25,1997-01-29,1997-03-17,TAKE BACK RETURN,TRUCK,slyly according to the regula
4355-3,4355,8,9,3,13.00,11804.00,0.07,0.05,N,O,1997-01-21,1996-12-22,1997-02-14,COLLECT COD,TRUCK,old theodolites sleep slyly. furiously 
4355-4,4355,1939,84,4,14.00,25773.02,0.04,0.02,N,O,1997-03-08,1997-01-22,1997-03-26,NONE,RAIL,sts snooze slyly. pinto beans sleep blith
4355-5,4355,306,91,5,50.00,60315.00,0.10,0.00,N,O,1996-11-25,1997-01-01,1996-12-06,DELIVER IN PERSON,REG AIR, decoys. final platelets wake slyl
4355-6,4355,1219,57,6,35.00,39207.35,0.00,0.08,N,O,1997-01-28,1997-01-28,1997-02-20,NONE,FOB,uickly ironic accounts sl
4355-7,4355,1009,45,7,47.00,42770.00,0.09,0.02,N,O,1996-12-28,1996-12-29,1997-01-09,NONE,RAIL,ickly. blithely quic
4356-1,4356,1938,39,1,35.00,64397.55,0.00,0.04,R,F,1994-05-30,1994-06-14,1994-06-08,COLLECT COD,MAIL,e carefully fina
4357-1,4357,834,34,1,50.00,86741.50,0.04,0.07,N,O,1997-11-25,1997-12-03,1997-12-17,DELIVER IN PERSON,RAIL,"pending, ex"
4357-2,4357,1079,80,2,17.00,16661.19,0.10,0.07,N,O,1998-02-01,1997-12-08,1998-02-09,DELIVER IN PERSON,MAIL,uffy theodolites u
4358-1,4358,1251,26,1,47.00,54155.75,0.04,0.00,N,O,1997-10-15,1997-10-14,1997-11-04,DELIVER IN PERSON,SHIP,oxes. carefully 
4359-1,4359,1738,23,1,41.00,67228.93,0.03,0.07,A,F,1993-04-06,1993-05-06,1993-04-14,COLLECT COD,RAIL,xes cajole 
4359-2,4359,1528,9,2,8.00,11436.16,0.03,0.08,R,F,1993-06-27,1993-05-16,1993-07-04,DELIVER IN PERSON,MAIL,en theodolites. ironic ideas accor
4359-3,4359,1923,12,3,32.00,58397.44,0.10,0.03,R,F,1993-06-18,1993-04-04,1993-07-18,COLLECT COD,MAIL, are furiously along the
4359-4,4359,776,9,4,1.00,1676.77,0.05,0.03,R,F,1993-04-27,1993-05-09,1993-05-08,NONE,MAIL,omise among the quickly pe
4359-5,4359,326,83,5,22.00,26979.04,0.04,0.01,A,F,1993-03-28,1993-06-01,1993-04-13,NONE,REG AIR,inal accounts boost furiously final a
4384-1,4384,1355,56,1,5.00,6281.75,0.09,0.01,A,F,1992-08-22,1992-08-24,1992-09-20,DELIVER IN PERSON,MAIL,"ctions snooze thin, ironic excuses. reg"
4384-2,4384,887,87,2,38.00,67939.44,0.07,0.06,A,F,1992-10-18,1992-09-24,1992-11-04,NONE,FOB, express excuses boost 
4384-3,4384,890,90,3,11.00,19699.79,0.05,0.04,R,F,1992-08-31,1992-10-04,1992-09-28,TAKE BACK RETURN,FOB,ly regular theodolites. bold accounts use.
4385-1,4385,1110,83,1,38.00,38422.18,0.00,0.02,N,O,1996-11-22,1996-10-30,1996-12-21,DELIVER IN PERSON,TRUCK,ccounts sleep fluffily regu
4386-1,4386,1294,6,1,10.00,11952.90,0.05,0.07,N,O,1998-06-03,1998-04-16,1998-06-28,TAKE BACK RETURN,MAIL,sits. foxes boost blithe
4386-2,4386,1171,8,2,28.00,30020.76,0.03,0.06,N,O,1998-03-19,1998-05-01,1998-03-27,NONE,FOB, final deposits sleep slyly 
4386-3,4386,1397,74,3,4.00,5193.56,0.07,0.05,N,O,1998-04-07,1998-03-25,1998-04-19,COLLECT COD,FOB,affix among the carefully unusua
4386-4,4386,1205,6,4,21.00,23230.20,0.09,0.00,N,O,1998-05-05,1998-03-19,1998-05-13,NONE,RAIL,haggle carefu
4386-5,4386,1293,5,5,39.00,46577.31,0.09,0.06,N,O,1998-03-05,1998-03-15,1998-03-16,NONE,RAIL,onic accounts wake after the unus
4386-6,4386,895,96,6,18.00,32326.02,0.02,0.05,N,O,1998-04-12,1998-04-09,1998-05-12,TAKE BACK RETURN,SHIP, dependencies about the carefully pendin
4386-7,4386,199,26,7,16.00,17587.04,0.07,0.02,N,O,1998-05-05,1998-03-17,1998-06-03,COLLECT COD,AIR,ly even deposits haggl
4387-1,4387,1218,30,1,3.00,3357.63,0.02,0.01,N,O,1996-01-17,1996-01-14,1996-01-28,COLLECT COD,AIR,sual asymptotes wake alongside of the ca
4387-2,4387,1769,96,2,48.00,80196.48,0.06,0.05,N,O,1995-10-29,1995-12-11,1995-11-01,NONE,REG AIR,y regular foxes. quickly
4387-3,4387,17,43,3,15.00,13755.15,0.00,0.03,N,O,1996-01-11,1996-01-14,1996-01-30,TAKE BACK RETURN,REG AIR,regular excuses. unusual foxes 
4387-4,4387,469,70,4,9.00,12325.14,0.00,0.03,N,O,1996-01-04,1995-12-26,1996-01-12,DELIVER IN PERSON,REG AIR,quickly. regular instructions haggl
4387-5,4387,814,81,5,3.00,5144.43,0.05,0.08,N,O,1995-11-17,1995-12-28,1995-11-25,COLLECT COD,SHIP,sly special s
4387-6,4387,51,27,6,40.00,38042.00,0.02,0.04,N,O,1995-11-29,1995-12-10,1995-12-20,NONE,REG AIR,arefully pending dependencies. final excus
4388-1,4388,650,44,1,30.00,46519.50,0.02,0.07,N,O,1996-06-07,1996-05-07,1996-06-22,DELIVER IN PERSON,FOB,carefully final 
4388-2,4388,833,100,2,28.00,48547.24,0.05,0.04,N,O,1996-05-08,1996-06-20,1996-05-12,TAKE BACK RETURN,RAIL, instructio
4388-3,4388,514,5,3,13.00,18388.63,0.07,0.05,N,O,1996-06-28,1996-05-23,1996-07-04,DELIVER IN PERSON,REG AIR,"ts! unusual, e"
4389-1,4389,1568,49,1,20.00,29391.20,0.08,0.00,A,F,1994-06-06,1994-06-17,1994-06-17,DELIVER IN PERSON,SHIP,nt ideas. carefully ironic
4389-2,4389,1529,50,2,13.00,18596.76,0.00,0.00,A,F,1994-08-18,1994-06-06,1994-08-20,NONE,RAIL,across the 
4389-3,4389,781,14,3,39.00,65589.42,0.04,0.07,A,F,1994-06-08,1994-06-04,1994-06-10,TAKE BACK RETURN,TRUCK,tructions. furiously pending requests hag
4389-4,4389,1596,17,4,5.00,7487.95,0.09,0.00,A,F,1994-09-03,1994-06-23,1994-09-16,NONE,FOB,ly unusual acco
4389-5,4389,105,32,5,22.00,22112.20,0.08,0.00,R,F,1994-07-05,1994-06-12,1994-07-12,NONE,TRUCK,y enticing re
4389-6,4389,15,16,6,22.00,20130.22,0.01,0.04,R,F,1994-06-07,1994-06-29,1994-06-19,COLLECT COD,TRUCK,ions cajole daringly above the pinto be
4389-7,4389,1841,42,7,4.00,6971.36,0.09,0.08,R,F,1994-06-14,1994-06-30,1994-07-06,NONE,REG AIR,luffily along th
4390-1,4390,1512,53,1,35.00,49472.85,0.07,0.04,R,F,1995-05-30,1995-07-02,1995-06-15,DELIVER IN PERSON,TRUCK,onic theodolites breach. carefully
4390-2,4390,1951,96,2,28.00,51882.60,0.03,0.00,N,O,1995-09-07,1995-06-22,1995-10-05,COLLECT COD,SHIP,ending deposits. carefully ev
4390-3,4390,1008,14,3,42.00,38178.00,0.05,0.08,A,F,1995-06-12,1995-07-16,1995-06-17,NONE,AIR,osits use blithely s
4390-4,4390,972,75,4,32.00,59935.04,0.07,0.08,N,O,1995-09-15,1995-08-12,1995-10-05,TAKE BACK RETURN,TRUCK, around the s
4391-1,4391,1610,52,1,1.00,1511.61,0.09,0.00,R,F,1992-06-18,1992-04-27,1992-06-20,COLLECT COD,TRUCK,e fluffily carefully un
4391-2,4391,1870,100,2,45.00,79734.15,0.07,0.04,R,F,1992-04-01,1992-05-01,1992-04-13,TAKE BACK RETURN,TRUCK,furiously final i
4416-1,4416,940,9,1,37.00,68114.78,0.08,0.03,A,F,1992-10-23,1992-08-23,1992-11-16,COLLECT COD,RAIL,onic asymptotes 
4416-2,4416,890,91,2,3.00,5372.67,0.06,0.03,R,F,1992-10-22,1992-08-06,1992-11-13,DELIVER IN PERSON,SHIP,usly. fluffily thin platel
4416-3,4416,87,63,3,45.00,44418.60,0.09,0.03,A,F,1992-10-16,1992-09-09,1992-10-28,COLLECT COD,AIR,ges. furiously unusual pearls boost. 
4417-1,4417,745,78,1,28.00,46080.72,0.08,0.02,N,O,1998-09-04,1998-10-04,1998-09-19,TAKE BACK RETURN,REG AIR,theodolites after the 
4417-2,4417,1808,95,2,1.00,1709.80,0.06,0.08,N,O,1998-10-23,1998-08-22,1998-10-24,NONE,REG AIR, deposits haggle furiously. requests 
4417-3,4417,978,81,3,35.00,65763.95,0.06,0.04,N,O,1998-08-08,1998-09-23,1998-09-02,DELIVER IN PERSON,FOB,s haggle blithely against the fluffily ir
4418-1,4418,348,77,1,32.00,39946.88,0.02,0.06,A,F,1993-05-28,1993-06-02,1993-05-30,TAKE BACK RETURN,RAIL,cross the silent
4418-2,4418,220,2,2,14.00,15683.08,0.03,0.04,A,F,1993-05-20,1993-06-18,1993-06-05,TAKE BACK RETURN,SHIP,o beans nag even foxes. carefully
4418-3,4418,781,78,3,3.00,5045.34,0.00,0.02,R,F,1993-04-08,1993-06-04,1993-05-02,NONE,SHIP,y alongside of the quickly express plat
4419-1,4419,1074,75,1,45.00,43878.15,0.01,0.05,N,O,1996-07-20,1996-09-07,1996-08-18,DELIVER IN PERSON,TRUCK,al instructions. furiously final re
4419-2,4419,317,46,2,42.00,51127.02,0.00,0.03,N,O,1996-09-18,1996-07-25,1996-09-21,COLLECT COD,RAIL,iously speci
4419-3,4419,1318,95,3,6.00,7315.86,0.02,0.08,N,O,1996-06-25,1996-09-04,1996-07-20,DELIVER IN PERSON,AIR,ts across the slyly speci
4420-1,4420,74,50,1,7.00,6818.49,0.07,0.03,R,F,1994-08-30,1994-09-03,1994-09-25,NONE,FOB,regular foxes. theodolites about t
4421-1,4421,976,79,1,37.00,69447.89,0.09,0.08,N,O,1997-07-22,1997-06-27,1997-07-25,DELIVER IN PERSON,SHIP, furiously. quickly even a
4421-2,4421,554,15,2,46.00,66909.30,0.04,0.04,N,O,1997-04-21,1997-05-13,1997-05-15,DELIVER IN PERSON,FOB,"platelets. even, final"
4421-3,4421,1662,4,3,46.00,71928.36,0.00,0.06,N,O,1997-05-25,1997-05-21,1997-06-23,COLLECT COD,TRUCK, special dep
4421-4,4421,1907,96,4,32.00,57884.80,0.06,0.04,N,O,1997-07-09,1997-06-03,1997-07-25,NONE,SHIP,se furiously ironic dependencie
4421-5,4421,1900,1,5,32.00,57660.80,0.06,0.04,N,O,1997-07-28,1997-06-14,1997-08-13,NONE,REG AIR,efully regularly regular deposits. quic
4421-6,4421,466,54,6,44.00,60124.24,0.09,0.06,N,O,1997-06-17,1997-06-20,1997-06-29,NONE,TRUCK,latelets. slyly 
4421-7,4421,1154,27,7,18.00,18992.70,0.01,0.00,N,O,1997-06-07,1997-05-13,1997-06-10,DELIVER IN PERSON,FOB,deposits. th
4422-1,4422,1346,61,1,5.00,6236.70,0.09,0.07,N,O,1995-07-17,1995-08-13,1995-07-25,NONE,SHIP,yly alongside of th
4422-2,4422,475,5,2,41.00,56394.27,0.08,0.05,N,F,1995-06-12,1995-07-09,1995-06-20,COLLECT COD,TRUCK,arefully at the u
4422-3,4422,1024,30,3,39.00,36075.78,0.00,0.05,N,O,1995-09-02,1995-06-24,1995-09-14,NONE,TRUCK,leep fluffily. slyly iro
4422-4,4422,1522,23,4,4.00,5694.08,0.02,0.05,N,O,1995-09-18,1995-08-12,1995-10-18,COLLECT COD,FOB, are blithely sly
4422-5,4422,797,62,5,20.00,33955.80,0.07,0.05,N,O,1995-08-17,1995-07-16,1995-09-13,DELIVER IN PERSON,RAIL,lyly final platelets s
4423-1,4423,1493,11,1,3.00,4183.47,0.03,0.00,A,F,1995-03-22,1995-04-06,1995-04-19,NONE,TRUCK, slyly. special asymptotes according
4423-2,4423,596,57,2,2.00,2993.18,0.07,0.04,A,F,1995-03-04,1995-04-04,1995-03-08,TAKE BACK RETURN,REG AIR,sual grouches are
4448-1,4448,516,77,1,24.00,33996.24,0.10,0.07,N,O,1998-09-09,1998-07-06,1998-09-27,DELIVER IN PERSON,SHIP,"excuses above the pending, bold request"
4448-2,4448,1887,31,2,13.00,23255.44,0.00,0.01,N,O,1998-07-26,1998-07-03,1998-08-14,COLLECT COD,MAIL,c escapades. quickly regular packages hagg
4448-3,4448,410,69,3,35.00,45864.35,0.10,0.06,N,O,1998-09-18,1998-07-27,1998-10-08,NONE,REG AIR,accounts sublate carefully final f
4448-4,4448,1402,3,4,3.00,3910.20,0.01,0.01,N,O,1998-07-20,1998-07-10,1998-08-07,DELIVER IN PERSON,TRUCK, dependenci
4448-5,4448,902,3,5,41.00,73918.90,0.00,0.08,N,O,1998-07-30,1998-08-09,1998-08-03,NONE,AIR,usual deposits wake quickly. regular 
4448-6,4448,1715,16,6,12.00,19400.52,0.06,0.03,N,O,1998-08-21,1998-06-30,1998-09-09,COLLECT COD,RAIL,s at the quickly final de
4449-1,4449,315,72,1,42.00,51043.02,0.10,0.07,N,O,1998-03-22,1998-05-09,1998-04-03,NONE,FOB,"ic, even packages wake bli"
4449-2,4449,1407,47,2,10.00,13084.00,0.02,0.03,N,O,1998-05-09,1998-05-04,1998-05-15,NONE,SHIP,nal packages sleep across the quickly spe
4450-1,4450,1732,33,1,44.00,71884.12,0.10,0.00,N,O,1997-10-12,1997-10-13,1997-10-29,DELIVER IN PERSON,RAIL,"ss, special re"
4450-2,4450,148,49,2,9.00,9433.26,0.03,0.03,N,O,1997-08-13,1997-08-16,1997-08-15,NONE,FOB,sly alongside of the furiously idle depend
4450-3,4450,955,90,3,45.00,83517.75,0.08,0.01,N,O,1997-09-01,1997-10-06,1997-09-19,NONE,TRUCK,ts grow carefully about the silent 
4450-4,4450,620,83,4,13.00,19768.06,0.00,0.00,N,O,1997-08-26,1997-09-18,1997-09-20,COLLECT COD,MAIL,ackages against the request
4450-5,4450,551,52,5,6.00,8709.30,0.09,0.01,N,O,1997-09-02,1997-09-30,1997-09-09,NONE,FOB,ans boost furiously furious accou
4451-1,4451,1631,32,1,40.00,61305.20,0.03,0.03,A,F,1994-11-18,1994-12-25,1994-11-26,DELIVER IN PERSON,RAIL,pinto beans nag carefully around 
4451-2,4451,623,24,2,34.00,51803.08,0.10,0.02,A,F,1994-11-30,1994-12-04,1994-12-13,COLLECT COD,SHIP,y final theodol
4451-3,4451,1586,87,3,19.00,28264.02,0.05,0.06,R,F,1994-10-09,1994-11-26,1994-10-23,COLLECT COD,FOB,y final depths are 
4452-1,4452,1135,72,1,21.00,21758.73,0.07,0.03,R,F,1994-10-06,1994-08-23,1994-10-15,COLLECT COD,TRUCK,sits inside the final deposits wake iron
4452-2,4452,2,78,2,47.00,42394.00,0.01,0.06,A,F,1994-10-08,1994-08-09,1994-10-09,TAKE BACK RETURN,TRUCK,riously. quickly final
4453-1,4453,1470,49,1,41.00,56230.27,0.00,0.08,N,O,1997-07-17,1997-05-15,1997-07-31,NONE,REG AIR,ully regular packages sleep among th
4453-2,4453,1328,29,2,16.00,19669.12,0.03,0.00,N,O,1997-07-22,1997-05-05,1997-08-03,COLLECT COD,FOB,furiously final platelets boost about t
4453-3,4453,619,13,3,48.00,72941.28,0.02,0.07,N,O,1997-05-29,1997-06-24,1997-06-03,NONE,SHIP,"st the silent, ironic instructions. even d"
4453-4,4453,1018,54,4,26.00,23894.26,0.06,0.07,N,O,1997-05-07,1997-06-07,1997-05-22,NONE,TRUCK,", final deposits sle"
4454-1,4454,1509,50,1,20.00,28210.00,0.10,0.08,R,F,1994-05-06,1994-03-17,1994-05-20,COLLECT COD,SHIP, regular theodolites. slyly idle
4454-2,4454,1511,52,2,22.00,31075.22,0.06,0.02,A,F,1994-02-06,1994-04-11,1994-03-06,DELIVER IN PERSON,RAIL, foxes affix carefully. dependencies d
4454-3,4454,1916,17,3,45.00,81805.95,0.07,0.04,A,F,1994-03-29,1994-03-26,1994-04-04,TAKE BACK RETURN,RAIL,"y unusual ideas. regular, specia"
4454-4,4454,14,15,4,1.00,914.01,0.09,0.05,A,F,1994-02-05,1994-04-19,1994-02-12,COLLECT COD,RAIL,tes. furious
4454-5,4454,511,2,5,48.00,67752.48,0.00,0.07,R,F,1994-04-23,1994-04-03,1994-04-26,COLLECT COD,FOB,"lent, regular platelets"
4454-6,4454,1597,38,6,20.00,29971.80,0.10,0.03,A,F,1994-04-08,1994-03-06,1994-04-26,DELIVER IN PERSON,TRUCK,ess packages. even accounts cajole 
4455-1,4455,698,92,1,20.00,31973.80,0.01,0.05,A,F,1994-01-31,1993-11-21,1994-03-02,DELIVER IN PERSON,MAIL,"ven, silent theodolites beyond the even, "
4455-2,4455,1526,27,2,47.00,67093.44,0.09,0.01,R,F,1994-01-01,1993-12-25,1994-01-05,COLLECT COD,FOB,s the furiously unusual asy
4455-3,4455,1228,3,3,34.00,38393.48,0.00,0.06,A,F,1993-10-24,1993-11-27,1993-11-04,TAKE BACK RETURN,AIR,"unusual ideas. final, express asymptot"
4480-1,4480,1079,85,1,30.00,29402.10,0.08,0.03,R,F,1994-07-29,1994-06-22,1994-08-01,NONE,FOB,kages. slyly 
4481-1,4481,240,68,1,50.00,57012.00,0.02,0.06,N,O,1996-07-22,1996-05-13,1996-08-14,DELIVER IN PERSON,RAIL,ly regular deposits
4481-2,4481,1891,35,2,27.00,48408.03,0.02,0.03,N,O,1996-04-06,1996-05-17,1996-04-12,TAKE BACK RETURN,AIR,"dogged, even packages"
4482-1,4482,709,10,1,32.00,51510.40,0.06,0.03,A,F,1995-05-16,1995-07-22,1995-06-07,NONE,RAIL,jole slyly quic
4482-2,4482,952,21,2,32.00,59294.40,0.01,0.06,N,O,1995-08-16,1995-06-26,1995-09-10,DELIVER IN PERSON,AIR,ole furiously unusua
4483-1,4483,52,53,1,32.00,30465.60,0.07,0.07,R,F,1992-04-05,1992-05-25,1992-04-08,DELIVER IN PERSON,MAIL,yly even accounts
4483-2,4483,619,51,2,50.00,75980.50,0.01,0.06,A,F,1992-06-19,1992-05-12,1992-07-08,DELIVER IN PERSON,TRUCK,s; bold foxes ea
4483-3,4483,84,35,3,50.00,49204.00,0.00,0.04,R,F,1992-06-10,1992-04-18,1992-06-17,DELIVER IN PERSON,MAIL,ular deposits are blithe
4484-1,4484,948,51,1,4.00,7395.76,0.06,0.03,N,O,1997-04-09,1997-02-11,1997-04-12,TAKE BACK RETURN,TRUCK,ove the fur
4484-2,4484,1369,70,2,39.00,49544.04,0.05,0.02,N,O,1997-04-01,1997-01-26,1997-04-21,NONE,RAIL,y express accounts. closel
4484-3,4484,1900,1,3,38.00,68472.20,0.06,0.07,N,O,1997-03-07,1997-01-31,1997-04-01,COLLECT COD,REG AIR,st furiously after
4484-4,4484,1212,24,4,41.00,45641.61,0.06,0.03,N,O,1997-01-25,1997-02-15,1997-01-29,TAKE BACK RETURN,REG AIR,ckly. final epitaphs wake slyly across th
4484-5,4484,26,27,5,42.00,38892.84,0.03,0.07,N,O,1997-03-25,1997-02-21,1997-04-05,DELIVER IN PERSON,REG AIR,blithely final foxes are carefully eve
4484-6,4484,356,57,6,29.00,36434.15,0.09,0.06,N,O,1996-12-27,1997-03-10,1997-01-13,NONE,FOB,ake quickly along the
4484-7,4484,1023,94,7,50.00,46201.00,0.07,0.01,N,O,1997-03-17,1997-03-16,1997-03-21,COLLECT COD,FOB, pending pinto beans. th
4485-1,4485,1907,40,1,1.00,1808.90,0.03,0.05,R,F,1994-12-04,1995-02-07,1994-12-09,NONE,AIR,ockey players. carefully ironic asym
4485-2,4485,1401,19,2,46.00,59910.40,0.04,0.06,R,F,1995-03-09,1994-12-14,1995-03-23,DELIVER IN PERSON,AIR,s: furiously ironic excuses thrash
4485-3,4485,1747,48,3,43.00,70895.82,0.01,0.05,R,F,1995-01-17,1995-02-11,1995-02-07,DELIVER IN PERSON,TRUCK,regular accounts. furiously unusual 
4485-4,4485,1431,32,4,43.00,57294.49,0.08,0.06,R,F,1995-01-28,1995-01-26,1995-02-07,DELIVER IN PERSON,AIR, deposits 
4485-5,4485,51,52,5,47.00,44699.35,0.08,0.04,R,F,1995-03-11,1995-01-11,1995-03-21,TAKE BACK RETURN,RAIL,dencies. final depo
4486-1,4486,1343,82,1,46.00,57239.64,0.08,0.00,N,O,1998-05-02,1998-04-05,1998-05-08,COLLECT COD,MAIL,ffix furiously 
4486-2,4486,488,47,2,19.00,26381.12,0.10,0.01,N,O,1998-06-07,1998-05-28,1998-07-02,NONE,MAIL, slyly final ideas.
4486-3,4486,952,53,3,47.00,87088.65,0.02,0.07,N,O,1998-04-09,1998-05-24,1998-05-07,DELIVER IN PERSON,MAIL,lyly pending deposits doze blit
4486-4,4486,901,70,4,28.00,50453.20,0.07,0.02,N,O,1998-04-21,1998-04-19,1998-04-26,TAKE BACK RETURN,AIR,efully above the blithely ironic depend
4487-1,4487,1372,11,1,37.00,47114.69,0.03,0.07,R,F,1993-02-28,1993-04-18,1993-03-17,TAKE BACK RETURN,MAIL,"l, final re"
4487-2,4487,1129,2,2,49.00,50475.88,0.10,0.00,R,F,1993-06-13,1993-05-08,1993-07-10,COLLECT COD,FOB, the furiously regular 
4487-3,4487,1896,40,3,1.00,1797.89,0.02,0.07,A,F,1993-05-11,1993-05-23,1993-05-17,TAKE BACK RETURN,FOB,al packages? iron
4487-4,4487,929,30,4,25.00,45748.00,0.07,0.03,A,F,1993-03-09,1993-04-27,1993-03-30,COLLECT COD,RAIL,. quickly regular dependencies wa
4512-1,4512,1613,55,1,30.00,45438.30,0.07,0.07,N,O,1996-01-28,1995-12-22,1996-02-22,TAKE BACK RETURN,TRUCK,gular pinto beans.
4512-2,4512,410,69,2,24.00,31449.84,0.04,0.06,N,O,1995-12-16,1996-01-16,1995-12-25,NONE,SHIP,er furiously special dependencies. furiousl
4512-3,4512,1450,29,3,21.00,28380.45,0.00,0.00,N,O,1995-10-31,1995-12-30,1995-11-15,NONE,REG AIR, would solve slyly 
4512-4,4512,1403,4,4,32.00,41740.80,0.10,0.01,N,O,1995-11-25,1995-12-28,1995-12-06,NONE,FOB,c pinto beans. stealthily ironic accoun
4512-5,4512,1330,7,5,43.00,52947.19,0.06,0.00,N,O,1995-12-20,1995-11-28,1996-01-14,NONE,AIR,tructions. deposits sleep blith
4513-1,4513,1691,92,1,29.00,46188.01,0.03,0.01,N,O,1996-05-18,1996-05-23,1996-06-08,NONE,REG AIR,packages sleep blithely carefully
4513-2,4513,700,32,2,39.00,62427.30,0.01,0.04,N,O,1996-06-25,1996-05-14,1996-07-24,NONE,MAIL,y regular instructions: carefully even
4513-3,4513,1374,89,3,34.00,43362.58,0.00,0.03,N,O,1996-03-27,1996-06-12,1996-04-06,DELIVER IN PERSON,SHIP,y even ideas. silent foxes sleep
4513-4,4513,1914,47,4,13.00,23606.83,0.08,0.08,N,O,1996-04-12,1996-05-19,1996-04-25,DELIVER IN PERSON,AIR, deposits serve blithely unu
4514-1,4514,1637,61,1,27.00,41543.01,0.06,0.06,R,F,1994-07-01,1994-07-13,1994-07-26,COLLECT COD,AIR,y slow notornis. regul
4514-2,4514,452,82,2,15.00,20286.75,0.10,0.04,R,F,1994-08-24,1994-07-11,1994-09-14,DELIVER IN PERSON,RAIL,ut the final deposits affix blit
4514-3,4514,775,8,3,10.00,16757.70,0.09,0.05,A,F,1994-06-19,1994-06-25,1994-07-01,COLLECT COD,SHIP,s are slyly above the fluffily pending fo
4514-4,4514,808,42,4,9.00,15379.20,0.10,0.03,A,F,1994-08-04,1994-07-01,1994-09-01,DELIVER IN PERSON,REG AIR,ld excuses
4514-5,4514,1487,5,5,12.00,16661.76,0.02,0.03,R,F,1994-08-20,1994-06-09,1994-09-15,TAKE BACK RETURN,FOB,boldly ironic platelets boost aga
4514-6,4514,1888,89,6,38.00,68015.44,0.03,0.05,A,F,1994-07-28,1994-07-06,1994-08-25,NONE,AIR, beans sleep fluff
4514-7,4514,1765,66,7,27.00,45002.52,0.04,0.06,A,F,1994-06-24,1994-07-14,1994-06-30,TAKE BACK RETURN,TRUCK, about the r
4515-1,4515,381,82,1,15.00,19220.70,0.06,0.01,R,F,1992-05-26,1992-05-25,1992-06-03,NONE,SHIP,y. furiousl
4515-2,4515,1021,27,2,50.00,46101.00,0.06,0.03,A,F,1992-03-28,1992-05-16,1992-04-20,NONE,AIR,eaves breach. slyly exp
4515-3,4515,1533,54,3,27.00,38732.31,0.09,0.01,A,F,1992-06-06,1992-06-08,1992-06-07,DELIVER IN PERSON,REG AIR,atelets haggle furio
4515-4,4515,539,40,4,32.00,46064.96,0.06,0.03,R,F,1992-04-07,1992-05-11,1992-04-09,COLLECT COD,MAIL,yly ironic deposits ab
4515-5,4515,447,6,5,22.00,29643.68,0.09,0.07,A,F,1992-07-16,1992-05-07,1992-07-23,NONE,SHIP, even deposits cajole carefully regula
4515-6,4515,1800,27,6,23.00,39141.40,0.04,0.00,R,F,1992-05-23,1992-06-15,1992-06-20,TAKE BACK RETURN,FOB,", ironic a"
4516-1,4516,1696,38,1,34.00,54321.46,0.05,0.04,A,F,1994-05-16,1994-06-23,1994-06-12,NONE,SHIP,es. final foxes use fluff
4517-1,4517,426,27,1,50.00,66321.00,0.01,0.02,N,O,1998-06-08,1998-04-18,1998-06-20,DELIVER IN PERSON,MAIL,t the slyly express 
4518-1,4518,1438,17,1,9.00,12054.87,0.09,0.04,N,O,1997-06-26,1997-07-07,1997-07-10,NONE,RAIL,e blithely. slyly even theo
4518-2,4518,441,42,2,19.00,25487.36,0.10,0.05,N,O,1997-08-09,1997-06-06,1997-08-27,COLLECT COD,RAIL,ic accounts. sly
4519-1,4519,547,78,1,30.00,43426.20,0.09,0.07,R,F,1993-04-11,1993-06-05,1993-04-22,DELIVER IN PERSON,REG AIR,s. asymptotes solve carefully. bli
4519-2,4519,1901,46,2,37.00,66707.30,0.06,0.08,R,F,1993-07-22,1993-06-16,1993-08-19,COLLECT COD,AIR,ajole slyly about the 
4544-1,4544,1307,46,1,40.00,48332.00,0.07,0.01,N,O,1997-08-15,1997-10-16,1997-08-20,DELIVER IN PERSON,RAIL,the regularly unusual requests. iron
4544-2,4544,1711,54,2,19.00,30641.49,0.08,0.01,N,O,1997-08-14,1997-09-08,1997-08-25,NONE,SHIP,"osits are carefully. even, idle g"
4544-3,4544,707,4,3,20.00,32154.00,0.02,0.07,N,O,1997-10-12,1997-10-11,1997-10-13,COLLECT COD,REG AIR,pending dinos hag
4544-4,4544,506,67,4,39.00,54853.50,0.07,0.05,N,O,1997-08-20,1997-09-07,1997-08-27,COLLECT COD,REG AIR,nic packages use
4544-5,4544,1323,100,5,31.00,37953.92,0.09,0.03,N,O,1997-08-09,1997-09-29,1997-08-17,COLLECT COD,TRUCK,epitaphs sleep carefully. 
4544-6,4544,261,62,6,8.00,9290.08,0.10,0.03,N,O,1997-10-13,1997-10-06,1997-10-25,COLLECT COD,AIR,ronic theo
4545-1,4545,1729,56,1,38.00,61967.36,0.06,0.06,R,F,1993-01-27,1993-03-01,1993-02-04,NONE,TRUCK,lithely unusual decoys. c
4545-2,4545,625,26,2,27.00,41191.74,0.01,0.06,R,F,1993-02-07,1993-02-18,1993-02-18,NONE,FOB,tes. warhorses haggle quickly above
4545-3,4545,862,62,3,9.00,15865.74,0.10,0.06,R,F,1993-03-20,1993-02-23,1993-04-11,TAKE BACK RETURN,AIR,riously final i
4545-4,4545,640,34,4,2.00,3081.28,0.10,0.00,R,F,1993-04-16,1993-04-17,1993-05-03,NONE,REG AIR,sts boost evenly final
4545-5,4545,1168,5,5,27.00,28867.32,0.08,0.05,A,F,1993-03-18,1993-02-22,1993-03-23,NONE,RAIL,ffily above the pinto beans. deposi
4545-6,4545,1087,23,6,8.00,7904.64,0.03,0.02,A,F,1993-05-01,1993-03-12,1993-05-15,NONE,FOB,te slyly. platelets
4545-7,4545,84,10,7,36.00,35426.88,0.10,0.04,R,F,1993-01-28,1993-03-30,1993-02-04,DELIVER IN PERSON,SHIP,y final packages along the regular instruc
4546-1,4546,1325,2,1,10.00,12263.20,0.09,0.02,N,O,1995-09-23,1995-10-10,1995-10-23,COLLECT COD,TRUCK, ironically unusual pl
4546-2,4546,1704,89,2,15.00,24085.50,0.04,0.07,N,O,1995-07-31,1995-10-17,1995-08-06,NONE,REG AIR,y regular requests after the
4546-3,4546,770,71,3,4.00,6683.08,0.06,0.08,N,O,1995-08-14,1995-10-07,1995-08-16,COLLECT COD,MAIL,nts. fluffily bold dependencies wake bli
4546-4,4546,1488,28,4,10.00,13894.80,0.08,0.02,N,O,1995-09-02,1995-09-16,1995-09-10,DELIVER IN PERSON,FOB,refully ironic requests. ironically fina
4547-1,4547,1878,22,1,15.00,26698.05,0.10,0.04,A,F,1993-12-08,1993-11-15,1993-12-22,NONE,REG AIR,luffily above the blithely bold pi
4547-2,4547,1152,89,2,7.00,7372.05,0.10,0.02,A,F,1993-09-04,1993-09-29,1993-09-20,COLLECT COD,RAIL,ual theodolites
4547-3,4547,450,80,3,15.00,20256.75,0.00,0.00,R,F,1993-11-18,1993-10-06,1993-12-13,NONE,TRUCK,ithely furiously permanent 
4547-4,4547,1471,89,4,15.00,20587.05,0.05,0.08,R,F,1993-11-29,1993-10-12,1993-12-29,COLLECT COD,REG AIR,. brave pinto beans los
4548-1,4548,133,60,1,21.00,21695.73,0.10,0.05,N,O,1996-07-11,1996-09-04,1996-07-30,COLLECT COD,REG AIR,ublate furiousl
4548-2,4548,461,20,2,17.00,23144.82,0.00,0.08,N,O,1996-07-23,1996-09-21,1996-07-26,DELIVER IN PERSON,REG AIR,ully with the furiously bold asymptote
4548-3,4548,1228,3,3,47.00,53073.34,0.05,0.04,N,O,1996-07-24,1996-09-12,1996-08-08,NONE,MAIL,s haggle across the even p
4548-4,4548,1764,49,4,22.00,36646.72,0.07,0.01,N,O,1996-07-06,1996-08-23,1996-07-15,DELIVER IN PERSON,RAIL, sleep furiously at the excuses. 
4548-5,4548,446,34,5,36.00,48471.84,0.04,0.06,N,O,1996-08-19,1996-09-12,1996-09-08,COLLECT COD,FOB,. furiously fi
4549-1,4549,1581,2,1,44.00,65233.52,0.08,0.00,N,O,1998-03-13,1998-04-15,1998-03-27,TAKE BACK RETURN,TRUCK,l ideas across the deposits cajole f
4549-2,4549,881,15,2,1.00,1781.88,0.05,0.08,N,O,1998-05-04,1998-04-11,1998-05-14,TAKE BACK RETURN,AIR,osits along the blithely quick 
4550-1,4550,1491,31,1,9.00,12532.41,0.05,0.06,R,F,1995-04-19,1995-02-07,1995-04-24,COLLECT COD,SHIP,onic deposits affix blithely agains
4550-2,4550,656,88,2,19.00,29576.35,0.06,0.04,A,F,1995-01-01,1995-02-13,1995-01-20,NONE,AIR,er the regular p
4551-1,4551,105,84,1,6.00,6030.60,0.08,0.08,N,O,1996-05-18,1996-04-23,1996-06-13,DELIVER IN PERSON,TRUCK,ss the blithel
4551-2,4551,1781,66,2,26.00,43752.28,0.02,0.04,N,O,1996-04-14,1996-04-26,1996-04-17,TAKE BACK RETURN,RAIL,oxes run slyly special deposits. quickly e
4551-3,4551,218,73,3,22.00,24600.62,0.08,0.01,N,O,1996-05-12,1996-03-17,1996-05-29,TAKE BACK RETURN,REG AIR, furiously unusu
4551-4,4551,1977,22,4,27.00,50732.19,0.00,0.01,N,O,1996-04-28,1996-03-22,1996-05-22,TAKE BACK RETURN,RAIL,the pinto beans. blithe
4576-1,4576,896,97,1,5.00,8984.45,0.09,0.03,N,O,1996-08-23,1996-11-08,1996-09-20,TAKE BACK RETURN,AIR,"lar, final packages. thinly e"
4576-2,4576,580,81,2,43.00,63664.94,0.08,0.06,N,O,1996-10-24,1996-09-23,1996-11-10,NONE,SHIP,structions integrate bra
4576-3,4576,414,2,3,14.00,18401.74,0.09,0.01,N,O,1996-09-12,1996-09-30,1996-09-24,COLLECT COD,MAIL,ly final acco
4577-1,4577,1841,85,1,43.00,74942.12,0.01,0.03,N,O,1998-06-16,1998-07-09,1998-06-17,TAKE BACK RETURN,AIR,ronic depo
4577-2,4577,1770,55,2,43.00,71886.11,0.05,0.03,N,O,1998-08-24,1998-06-02,1998-09-14,TAKE BACK RETURN,RAIL,s use carefully slyly r
4577-3,4577,685,48,3,12.00,19028.16,0.07,0.05,N,O,1998-07-29,1998-06-17,1998-08-04,DELIVER IN PERSON,TRUCK,st the fluffily
4578-1,4578,732,29,1,10.00,16327.30,0.09,0.06,R,F,1993-01-01,1992-11-19,1993-01-28,TAKE BACK RETURN,REG AIR,gular courts. blithe
4578-2,4578,1684,85,2,42.00,66598.56,0.06,0.00,R,F,1993-01-05,1992-11-06,1993-01-13,DELIVER IN PERSON,FOB,ironic pack
4578-3,4578,1785,70,3,15.00,25301.70,0.01,0.01,R,F,1992-10-23,1992-11-22,1992-11-09,DELIVER IN PERSON,REG AIR,thely slyly 
4578-4,4578,1387,64,4,7.00,9018.66,0.09,0.08,A,F,1992-12-07,1992-11-27,1993-01-05,TAKE BACK RETURN,SHIP,. regular requests haggle blithely afte
4578-5,4578,1624,66,5,20.00,30512.40,0.04,0.02,A,F,1993-01-11,1992-11-09,1993-01-23,TAKE BACK RETURN,RAIL,ly even packages wake carefu
4579-1,4579,1741,26,1,14.00,22998.36,0.02,0.02,N,O,1996-02-01,1996-01-08,1996-02-08,TAKE BACK RETURN,MAIL,ding foxes. furiously iron
4579-2,4579,419,20,2,28.00,36943.48,0.02,0.05,N,O,1996-01-22,1996-02-13,1996-02-03,DELIVER IN PERSON,RAIL,odolites? careful
4579-3,4579,1775,76,3,34.00,57010.18,0.05,0.02,N,O,1996-02-26,1996-02-22,1996-03-16,COLLECT COD,MAIL,s are regular deposits. express
4579-4,4579,1196,97,4,8.00,8777.52,0.05,0.06,N,O,1995-12-16,1996-01-15,1995-12-18,TAKE BACK RETURN,AIR,"sly idle, special theodo"
4580-1,4580,911,80,1,22.00,39862.02,0.01,0.05,A,F,1994-01-16,1994-01-26,1994-02-05,COLLECT COD,AIR,es. blithely express t
4580-2,4580,319,76,2,10.00,12193.10,0.05,0.04,R,F,1993-12-20,1993-12-30,1994-01-17,COLLECT COD,RAIL,unts haggle carefully about t
4580-3,4580,10,86,3,41.00,37310.41,0.00,0.07,R,F,1993-12-13,1994-01-31,1994-01-06,NONE,SHIP, integrate furiously carefully bold fox
4580-4,4580,1778,21,4,5.00,8398.85,0.07,0.00,A,F,1994-01-28,1993-12-17,1994-02-22,NONE,TRUCK,riously. s
4580-5,4580,1889,33,5,39.00,69844.32,0.03,0.02,R,F,1993-12-28,1993-12-26,1994-01-23,NONE,RAIL,yly slowly bold depths. deposits haggle bl
4581-1,4581,1650,92,1,37.00,57411.05,0.01,0.04,A,F,1992-10-17,1992-11-05,1992-11-04,DELIVER IN PERSON,MAIL,eposits nag carefully. never 
4581-2,4581,497,56,2,7.00,9782.43,0.01,0.02,A,F,1992-10-09,1992-10-20,1992-10-21,TAKE BACK RETURN,MAIL,rmanent foxes doze
4581-3,4581,206,61,3,46.00,50885.20,0.04,0.04,A,F,1992-09-09,1992-11-27,1992-09-26,NONE,REG AIR,fully across the ideas. express foxes nag
4582-1,4582,1915,4,1,17.00,30887.47,0.09,0.08,N,O,1996-08-17,1996-08-26,1996-08-20,COLLECT COD,REG AIR,long the carefull
4583-1,4583,1405,6,1,17.00,22208.80,0.01,0.05,A,F,1994-11-08,1994-11-03,1994-11-29,COLLECT COD,MAIL,cajole slyly a
4583-2,4583,1866,67,2,43.00,76017.98,0.04,0.04,A,F,1994-10-30,1994-12-17,1994-11-16,COLLECT COD,RAIL,e slyly. fluffily fin
4583-3,4583,1956,89,3,28.00,52022.60,0.00,0.07,A,F,1994-10-29,1994-11-21,1994-11-28,NONE,SHIP,uriously regular in
4583-4,4583,1722,23,4,27.00,43840.44,0.08,0.03,R,F,1995-01-11,1994-12-24,1995-02-10,DELIVER IN PERSON,TRUCK,sits. furiously ironic decoys boost theo
4583-5,4583,1838,25,5,36.00,62633.88,0.09,0.06,A,F,1995-01-06,1994-11-25,1995-01-29,DELIVER IN PERSON,RAIL,"ronic, unusual instructions nag quietly"
4583-6,4583,1218,56,6,14.00,15668.94,0.09,0.01,R,F,1994-11-17,1994-11-08,1994-11-21,DELIVER IN PERSON,AIR,pecial dependencies nag sly
4583-7,4583,869,36,7,32.00,56635.52,0.04,0.00,A,F,1995-01-13,1994-10-29,1995-02-08,TAKE BACK RETURN,RAIL,lly even packages lose quickly s
4608-1,4608,1723,50,1,30.00,48741.60,0.08,0.05,R,F,1994-10-08,1994-07-18,1994-10-25,DELIVER IN PERSON,SHIP,pecial platelets
4608-2,4608,463,64,2,50.00,68173.00,0.06,0.01,A,F,1994-07-25,1994-09-01,1994-08-10,NONE,FOB,unusual inst
4608-3,4608,782,15,3,50.00,84139.00,0.03,0.01,A,F,1994-08-04,1994-09-10,1994-08-13,COLLECT COD,TRUCK, blithely express deposits after the fu
4608-4,4608,306,7,4,36.00,43426.80,0.05,0.06,R,F,1994-10-04,1994-08-02,1994-10-21,COLLECT COD,FOB,y regular theodolites. pendi
4609-1,4609,465,53,1,28.00,38232.88,0.10,0.05,N,O,1997-02-02,1997-02-17,1997-03-02,DELIVER IN PERSON,REG AIR,"ong the regular, special instructions. "
4609-2,4609,1844,88,2,3.00,5237.52,0.09,0.03,N,O,1996-12-28,1997-02-06,1997-01-20,NONE,FOB,posits. fluffily enticing dolphins
4609-3,4609,224,25,3,46.00,51714.12,0.05,0.05,N,O,1997-02-11,1997-01-16,1997-03-07,NONE,FOB, blithely express foxes above the
4610-1,4610,862,29,1,21.00,37020.06,0.07,0.07,R,F,1993-08-10,1993-08-05,1993-08-27,NONE,REG AIR,p slyly after the packages. i
4610-2,4610,1749,92,2,14.00,23110.36,0.00,0.07,R,F,1993-07-28,1993-07-25,1993-07-31,TAKE BACK RETURN,SHIP,nusual platelets. regular packages are unu
4610-3,4610,1584,5,3,44.00,65365.52,0.05,0.03,A,F,1993-08-05,1993-07-20,1993-08-19,COLLECT COD,TRUCK,s nag. regular theo
4610-4,4610,746,43,4,26.00,42815.24,0.06,0.03,R,F,1993-07-01,1993-07-19,1993-07-19,NONE,MAIL,ular instructions nod. fluffily ir
4610-5,4610,1462,63,5,29.00,39540.34,0.08,0.04,R,F,1993-08-09,1993-07-27,1993-08-16,DELIVER IN PERSON,AIR,"equests. silent, ironic theodoli"
4611-1,4611,513,74,1,47.00,66434.97,0.09,0.06,A,F,1993-03-05,1993-03-01,1993-03-17,COLLECT COD,TRUCK,"egular, unusual sentiment"
4611-2,4611,349,50,2,31.00,38729.54,0.04,0.02,A,F,1993-01-28,1993-02-14,1993-01-29,TAKE BACK RETURN,AIR," across the unusual, regular excu"
4611-3,4611,817,18,3,50.00,85890.50,0.08,0.01,R,F,1993-01-22,1993-03-30,1993-02-16,TAKE BACK RETURN,AIR,ingly fluffil
4611-4,4611,705,2,4,48.00,77073.60,0.02,0.08,R,F,1993-02-28,1993-02-12,1993-03-01,COLLECT COD,AIR,ly final pinto
4612-1,4612,60,86,1,20.00,19201.20,0.02,0.03,R,F,1993-09-24,1993-12-18,1993-10-22,NONE,AIR,os. blithely express acc
4612-2,4612,498,28,2,17.00,23774.33,0.10,0.06,A,F,1994-01-09,1993-11-08,1994-02-06,TAKE BACK RETURN,REG AIR,arefully even courts. slyly ironic fo
4612-3,4612,1364,41,3,40.00,50614.40,0.08,0.01,R,F,1993-10-08,1993-11-23,1993-10-24,DELIVER IN PERSON,RAIL, frays. carefully 
4612-4,4612,1847,91,4,10.00,17488.40,0.10,0.06,A,F,1993-11-11,1993-11-19,1993-11-13,TAKE BACK RETURN,SHIP,ach carefully f
4613-1,4613,374,75,1,17.00,21664.29,0.09,0.07,N,O,1998-06-07,1998-05-11,1998-06-29,DELIVER IN PERSON,SHIP,ke-- silently 
4613-2,4613,1079,15,2,25.00,24501.75,0.05,0.04,N,O,1998-05-22,1998-04-11,1998-05-27,TAKE BACK RETURN,SHIP,egular excuses. deposits sleep furiously. 
4613-3,4613,1737,22,3,15.00,24580.95,0.10,0.02,N,O,1998-05-31,1998-04-16,1998-06-25,DELIVER IN PERSON,MAIL,yly unusual dependenc
4613-4,4613,72,98,4,36.00,34994.52,0.04,0.01,N,O,1998-04-22,1998-05-05,1998-05-04,DELIVER IN PERSON,AIR,dependencies haggle blithel
4613-5,4613,1102,75,5,35.00,35108.50,0.04,0.06,N,O,1998-06-04,1998-04-17,1998-06-20,COLLECT COD,MAIL,ests. furiously regular accounts sle
4613-6,4613,1959,4,6,47.00,87464.65,0.04,0.04,N,O,1998-07-03,1998-05-26,1998-07-09,NONE,FOB,quests wake sometimes blithel
4613-7,4613,1188,25,7,39.00,42478.02,0.09,0.05,N,O,1998-06-12,1998-06-01,1998-07-06,DELIVER IN PERSON,REG AIR,refully pendi
4614-1,4614,61,12,1,19.00,18260.14,0.09,0.08,N,O,1996-05-17,1996-06-21,1996-06-08,TAKE BACK RETURN,AIR,"ts. pending, silent di"
4614-2,4614,647,48,2,3.00,4642.92,0.08,0.01,N,O,1996-07-22,1996-07-21,1996-08-07,NONE,MAIL,. carefully bold courts ha
4614-3,4614,72,98,3,36.00,34994.52,0.10,0.04,N,O,1996-07-05,1996-06-26,1996-07-07,NONE,REG AIR,s the carefully pendi
4614-4,4614,1251,63,4,6.00,6913.50,0.09,0.01,N,O,1996-06-11,1996-05-30,1996-07-03,COLLECT COD,REG AIR,arefully unusual accounts across t
4614-5,4614,721,54,5,24.00,38921.28,0.07,0.06,N,O,1996-07-01,1996-06-24,1996-07-08,COLLECT COD,REG AIR, regular pack
4614-6,4614,332,33,6,32.00,39434.56,0.10,0.05,N,O,1996-08-21,1996-05-28,1996-09-16,NONE,REG AIR,s cajole fu
4614-7,4614,1271,83,7,41.00,48063.07,0.01,0.07,N,O,1996-07-31,1996-07-12,1996-08-16,COLLECT COD,REG AIR, silent requests. furiously bold accounts 
4615-1,4615,913,48,1,10.00,18139.10,0.02,0.08,A,F,1993-11-20,1993-10-05,1993-12-08,DELIVER IN PERSON,AIR,quests sleep blithely about the 
4640-1,4640,875,75,1,5.00,8879.35,0.03,0.08,N,O,1996-02-05,1996-02-14,1996-02-15,TAKE BACK RETURN,RAIL,egular depths boost against t
4640-2,4640,873,73,2,9.00,15964.83,0.03,0.05,N,O,1996-02-12,1996-02-14,1996-02-29,DELIVER IN PERSON,AIR,usual pinto be
4640-3,4640,263,45,3,18.00,20938.68,0.02,0.07,N,O,1996-02-28,1996-03-06,1996-03-28,DELIVER IN PERSON,RAIL, instead of the carefu
4640-4,4640,224,79,4,36.00,40471.92,0.06,0.08,N,O,1996-01-03,1996-03-09,1996-01-11,DELIVER IN PERSON,RAIL,fully bold dependencies boost during the
4640-5,4640,1560,41,5,15.00,21923.40,0.03,0.02,N,O,1996-03-19,1996-02-09,1996-04-11,TAKE BACK RETURN,FOB,"ial theodolites sleep. regular, express co"
4641-1,4641,1898,28,1,45.00,80995.05,0.07,0.03,R,F,1993-05-11,1993-04-19,1993-05-21,DELIVER IN PERSON,MAIL, foxes boost slyl
4641-2,4641,943,78,2,39.00,71913.66,0.06,0.00,R,F,1993-02-10,1993-03-06,1993-02-15,TAKE BACK RETURN,REG AIR,riously alongsi
4641-3,4641,353,54,3,15.00,18800.25,0.01,0.08,R,F,1993-01-25,1993-04-09,1993-02-05,TAKE BACK RETURN,AIR,haggle carefully. sly
4642-1,4642,1932,21,1,11.00,20173.23,0.04,0.07,A,F,1995-05-23,1995-04-26,1995-06-04,COLLECT COD,TRUCK,ly after the final dep
4642-2,4642,1796,39,2,34.00,57724.86,0.04,0.07,R,F,1995-04-01,1995-05-11,1995-04-23,COLLECT COD,SHIP,print-- furiously even deposits maintain? 
4642-3,4642,202,3,3,10.00,11022.00,0.04,0.02,R,F,1995-04-16,1995-04-28,1995-04-24,COLLECT COD,RAIL,ly ironic requests sleep furious
4642-4,4642,937,6,4,18.00,33082.74,0.00,0.04,N,F,1995-06-16,1995-04-16,1995-06-21,NONE,TRUCK,final realms. slowly pen
4642-5,4642,1790,91,5,41.00,69363.39,0.10,0.00,R,F,1995-04-08,1995-04-13,1995-05-01,DELIVER IN PERSON,MAIL,nstructions are. ironic pinto beans across 
4643-1,4643,1850,80,1,50.00,87592.50,0.08,0.05,N,O,1995-09-11,1995-08-13,1995-09-30,DELIVER IN PERSON,SHIP,affix along the furiou
4644-1,4644,1769,12,1,4.00,6683.04,0.06,0.03,N,O,1998-05-06,1998-03-19,1998-05-28,NONE,MAIL,ix slyly bold pinto b
4644-2,4644,966,67,2,16.00,29871.36,0.03,0.04,N,O,1998-03-13,1998-02-21,1998-04-03,COLLECT COD,SHIP,beans haggle. carefully
4644-3,4644,1144,81,3,10.00,10451.40,0.02,0.02,N,O,1998-02-21,1998-02-28,1998-03-19,COLLECT COD,REG AIR,ong the furiously spec
4644-4,4644,1540,81,4,45.00,64869.30,0.10,0.07,N,O,1998-02-02,1998-04-08,1998-02-15,COLLECT COD,SHIP,eep slyly fu
4644-5,4644,867,67,5,10.00,17678.60,0.08,0.08,N,O,1998-03-12,1998-03-11,1998-03-19,TAKE BACK RETURN,REG AIR,o wake above the ev
4645-1,4645,494,24,1,45.00,62752.05,0.09,0.05,A,F,1994-12-27,1994-11-02,1994-12-31,DELIVER IN PERSON,AIR,ges sleep package
4645-2,4645,651,52,2,32.00,49652.80,0.10,0.08,A,F,1994-11-17,1994-10-30,1994-11-18,COLLECT COD,REG AIR,ronic foxes use ruthlessl
4645-3,4645,536,37,3,25.00,35913.25,0.03,0.00,R,F,1994-10-25,1994-12-11,1994-11-14,NONE,REG AIR,. furiously final packages at th
4645-4,4645,367,24,4,42.00,53229.12,0.10,0.02,R,F,1994-12-02,1994-12-18,1994-12-16,COLLECT COD,TRUCK,. quickly bold packages 
4645-5,4645,1601,43,5,35.00,52591.00,0.03,0.07,A,F,1994-12-08,1994-11-25,1994-12-09,TAKE BACK RETURN,FOB,r accounts. fin
4645-6,4645,415,45,6,27.00,35516.07,0.09,0.08,R,F,1994-11-26,1994-10-25,1994-12-04,NONE,SHIP,e blithely about the theodolites. speci
4645-7,4645,302,3,7,42.00,50496.60,0.10,0.06,A,F,1994-12-31,1994-10-22,1995-01-28,DELIVER IN PERSON,AIR,e furiously blithe dugouts must i
4646-1,4646,1902,47,1,24.00,43293.60,0.02,0.05,N,O,1996-09-18,1996-08-09,1996-09-21,TAKE BACK RETURN,RAIL,ter the carefully pending accounts. braid
4646-2,4646,1776,3,2,26.00,43622.02,0.07,0.00,N,O,1996-10-02,1996-08-25,1996-10-27,DELIVER IN PERSON,MAIL, deposits hang carefully arou
4646-3,4646,332,17,3,18.00,22181.94,0.01,0.00,N,O,1996-06-30,1996-08-10,1996-07-12,TAKE BACK RETURN,TRUCK,"ronic, regular "
4646-4,4646,392,93,4,38.00,49110.82,0.08,0.01,N,O,1996-09-01,1996-08-23,1996-09-27,COLLECT COD,SHIP,ely. regular deposits run. unusual i
4646-5,4646,259,87,5,22.00,25503.50,0.01,0.08,N,O,1996-07-14,1996-08-06,1996-07-29,DELIVER IN PERSON,MAIL, regular decoys. foxes are blithely b
4647-1,4647,929,98,1,16.00,29278.72,0.09,0.07,R,F,1994-09-07,1994-07-15,1994-10-06,COLLECT COD,RAIL,ecial frets cajole quickly. slyly iron
4647-2,4647,1289,1,2,34.00,40469.52,0.01,0.02,R,F,1994-05-20,1994-06-20,1994-05-29,COLLECT COD,TRUCK,ckly. pinto bea
4647-3,4647,1467,68,3,27.00,36948.42,0.03,0.08,R,F,1994-05-20,1994-06-26,1994-05-30,NONE,FOB, deposits sl
4647-4,4647,1383,84,4,2.00,2568.76,0.04,0.07,R,F,1994-07-03,1994-07-22,1994-07-22,TAKE BACK RETURN,RAIL,unts. regular frays haggle slyly above 
4647-5,4647,1869,70,5,2.00,3541.72,0.07,0.06,A,F,1994-05-27,1994-08-05,1994-06-10,TAKE BACK RETURN,FOB,s. quietly unusual requests wake. packages 
4647-6,4647,285,13,6,28.00,33187.84,0.02,0.03,A,F,1994-08-25,1994-08-06,1994-09-18,DELIVER IN PERSON,FOB, grouches detect slyly abou
4672-1,4672,582,13,1,22.00,32616.76,0.01,0.07,N,O,1995-12-03,1995-12-08,1995-12-17,COLLECT COD,AIR,ly; carefully express accounts after the 
4672-2,4672,610,42,2,41.00,61935.01,0.00,0.00,N,O,1995-12-01,1995-12-15,1995-12-12,COLLECT COD,RAIL,ut the unus
4672-3,4672,1621,4,3,24.00,36542.88,0.04,0.03,N,O,1995-11-11,1995-12-28,1995-12-04,NONE,REG AIR,ding to the caref
4672-4,4672,562,23,4,13.00,19013.28,0.10,0.03,N,O,1996-02-02,1995-12-13,1996-03-02,DELIVER IN PERSON,RAIL,y bold deposits use always around the
4672-5,4672,541,2,5,45.00,64869.30,0.08,0.07,N,O,1996-02-07,1996-01-16,1996-02-14,DELIVER IN PERSON,MAIL,as. blithely specia
4672-6,4672,1410,50,6,20.00,26228.20,0.02,0.07,N,O,1995-12-08,1996-01-25,1995-12-19,COLLECT COD,REG AIR,dly across the un
4672-7,4672,719,16,7,38.00,61548.98,0.01,0.01,N,O,1995-11-28,1995-12-08,1995-12-13,COLLECT COD,SHIP,ckages. blithely speci
4673-1,4673,167,68,1,8.00,8537.28,0.08,0.01,N,O,1996-10-12,1996-10-05,1996-11-04,TAKE BACK RETURN,FOB,sleep slyly regu
4673-2,4673,1009,10,2,44.00,40040.00,0.06,0.01,N,O,1996-12-11,1996-10-31,1997-01-08,DELIVER IN PERSON,RAIL,ironic foxes are c
4673-3,4673,1223,98,3,9.00,10117.98,0.04,0.07,N,O,1996-10-15,1996-09-30,1996-10-30,DELIVER IN PERSON,MAIL, requests should
4674-1,4674,1491,31,1,50.00,69624.50,0.07,0.08,A,F,1994-05-13,1994-06-15,1994-06-05,COLLECT COD,RAIL,uctions nag blithely unu
4674-2,4674,1888,32,2,35.00,62645.80,0.02,0.05,A,F,1994-08-02,1994-06-04,1994-08-21,COLLECT COD,FOB,yly express packages lose slyly f
4674-3,4674,1105,42,3,3.00,3018.30,0.01,0.05,A,F,1994-07-19,1994-05-28,1994-07-23,TAKE BACK RETURN,RAIL,ts above the blithel
4674-4,4674,122,49,4,21.00,21464.52,0.02,0.08,R,F,1994-05-08,1994-07-02,1994-06-04,COLLECT COD,RAIL,ly bold theodolites cajole blithely ca
4675-1,4675,1704,5,1,6.00,9634.20,0.00,0.05,R,F,1994-01-22,1994-01-06,1994-02-12,TAKE BACK RETURN,TRUCK,ding warthogs nod furiou
4675-2,4675,1437,16,2,12.00,16061.16,0.00,0.04,A,F,1993-12-22,1994-01-12,1993-12-23,TAKE BACK RETURN,AIR,", special theodolites "
4675-3,4675,1810,11,3,5.00,8559.05,0.05,0.05,A,F,1994-01-16,1994-01-05,1994-01-18,DELIVER IN PERSON,RAIL,ctions along the
4675-4,4675,337,22,4,26.00,32170.58,0.03,0.01,A,F,1993-12-16,1993-12-29,1993-12-23,DELIVER IN PERSON,SHIP,e the furiously regular attainment
4675-5,4675,805,6,5,18.00,30704.40,0.01,0.08,R,F,1994-02-23,1994-01-18,1994-03-05,TAKE BACK RETURN,FOB,even courts. ironi
4675-6,4675,1181,82,6,1.00,1082.18,0.10,0.06,R,F,1994-03-18,1994-02-14,1994-04-17,NONE,SHIP,"l, ironic a"
4676-1,4676,1647,30,1,47.00,72786.08,0.03,0.06,N,O,1995-12-20,1995-10-04,1996-01-09,NONE,AIR,blithely silent instructions unwind care
4676-2,4676,51,2,2,33.00,31384.65,0.08,0.05,N,O,1995-12-29,1995-10-01,1996-01-18,TAKE BACK RETURN,FOB,ltipliers do
4676-3,4676,1452,92,3,4.00,5413.80,0.10,0.06,N,O,1995-12-12,1995-10-22,1995-12-13,TAKE BACK RETURN,TRUCK,elets. fluffily unusual requests are. quick
4676-4,4676,1109,10,4,50.00,50505.00,0.07,0.01,N,O,1995-09-20,1995-11-20,1995-10-18,TAKE BACK RETURN,AIR,ts. fluffily permanent foxes boost furiousl
4676-5,4676,1211,49,5,29.00,32254.09,0.01,0.02,N,O,1995-12-29,1995-11-12,1996-01-06,TAKE BACK RETURN,RAIL, slyly. final requests cajole
4676-6,4676,456,57,6,8.00,10851.60,0.08,0.08,N,O,1995-12-05,1995-10-18,1996-01-02,COLLECT COD,AIR,ht to nag. ironic
4676-7,4676,633,96,7,13.00,19937.19,0.05,0.07,N,O,1995-11-18,1995-11-07,1995-12-10,TAKE BACK RETURN,TRUCK,ss the accounts are among the ironic accou
4677-1,4677,1279,17,1,25.00,29506.75,0.04,0.04,N,O,1998-04-11,1998-05-11,1998-04-18,TAKE BACK RETURN,REG AIR,o beans lose furiou
4678-1,4678,574,5,1,35.00,51609.95,0.04,0.08,N,O,1998-11-27,1998-10-02,1998-12-17,TAKE BACK RETURN,AIR,"ests. unusual, special foxes about t"
4678-2,4678,1167,4,2,18.00,19226.88,0.03,0.06,N,O,1998-10-30,1998-09-22,1998-11-25,TAKE BACK RETURN,SHIP,cajole along
4678-3,4678,954,23,3,13.00,24114.35,0.10,0.07,N,O,1998-11-03,1998-10-17,1998-11-06,TAKE BACK RETURN,SHIP,kages. packages are sly
4678-4,4678,218,73,4,23.00,25718.83,0.06,0.05,N,O,1998-09-03,1998-09-20,1998-09-04,DELIVER IN PERSON,SHIP,ly after the s
4678-5,4678,1778,79,5,40.00,67190.80,0.03,0.07,N,O,1998-11-11,1998-10-27,1998-11-24,TAKE BACK RETURN,AIR, furiously dolphins. ideas boost quic
4679-1,4679,1892,79,1,7.00,12557.23,0.10,0.05,R,F,1993-05-11,1993-04-11,1993-05-16,NONE,TRUCK,xpress pinto beans. even a
4704-1,4704,780,77,1,14.00,23530.92,0.04,0.04,N,O,1996-10-27,1996-11-02,1996-11-07,DELIVER IN PERSON,TRUCK,y even pinto beans sleep carefully alongs
4704-2,4704,277,5,2,7.00,8240.89,0.03,0.04,N,O,1996-12-04,1996-10-30,1996-12-23,DELIVER IN PERSON,SHIP,s. furiously
4704-3,4704,631,32,3,44.00,67391.72,0.02,0.05,N,O,1996-09-02,1996-10-07,1996-09-17,DELIVER IN PERSON,REG AIR,rts. slyly e
4705-1,4705,1108,81,1,22.00,22200.20,0.04,0.04,R,F,1992-07-05,1992-05-11,1992-07-29,DELIVER IN PERSON,SHIP,ding platelets. furiously fin
4705-2,4705,306,35,2,14.00,16888.20,0.00,0.08,R,F,1992-07-14,1992-05-23,1992-07-25,DELIVER IN PERSON,TRUCK,-- furiously final
4705-3,4705,555,16,3,16.00,23288.80,0.07,0.08,R,F,1992-07-02,1992-06-06,1992-07-06,DELIVER IN PERSON,RAIL,"s. express, even pac"
4705-4,4705,1292,4,4,31.00,36991.99,0.03,0.03,R,F,1992-04-03,1992-05-30,1992-04-05,COLLECT COD,TRUCK,e carefully. blithely
4705-5,4705,1625,8,5,28.00,42745.36,0.10,0.01,A,F,1992-06-03,1992-06-07,1992-06-22,DELIVER IN PERSON,MAIL,e carefully bold deposits: slyly specia
4705-6,4705,1838,82,6,23.00,40016.09,0.06,0.03,R,F,1992-06-22,1992-06-11,1992-07-18,DELIVER IN PERSON,MAIL,riously. final deposits
4705-7,4705,886,53,7,40.00,71475.20,0.08,0.06,A,F,1992-04-19,1992-04-28,1992-05-07,COLLECT COD,TRUCK,lar packages.
4706-1,4706,1819,63,1,37.00,63669.97,0.02,0.06,A,F,1993-02-20,1993-03-05,1993-03-03,DELIVER IN PERSON,TRUCK,thely ironic package
4706-2,4706,1212,13,2,23.00,25603.83,0.03,0.01,A,F,1993-04-01,1993-03-13,1993-05-01,COLLECT COD,FOB, accounts. ca
4706-3,4706,672,35,3,6.00,9436.02,0.01,0.04,R,F,1993-01-20,1993-03-18,1993-01-26,NONE,MAIL,. slyly ex
4706-4,4706,1155,92,4,5.00,5280.75,0.06,0.06,R,F,1993-02-14,1993-01-31,1993-02-26,NONE,REG AIR,"deas. silent, un"
4706-5,4706,492,22,5,27.00,37597.23,0.06,0.08,A,F,1993-04-04,1993-03-11,1993-04-09,COLLECT COD,REG AIR,sual warthogs haggle across the quic
4707-1,4707,336,93,1,7.00,8654.31,0.02,0.05,R,F,1995-05-14,1995-04-06,1995-06-06,COLLECT COD,SHIP,e the slyly final orbits could hav
4707-2,4707,1356,33,2,49.00,61610.15,0.00,0.07,N,F,1995-06-17,1995-05-16,1995-06-25,COLLECT COD,FOB,lithely special asymptotes integrate abov
4708-1,4708,1910,99,1,18.00,32614.38,0.02,0.04,A,F,1994-11-11,1994-11-15,1994-11-26,NONE,REG AIR, platelets s
4708-2,4708,741,38,2,5.00,8208.70,0.05,0.05,A,F,1994-10-15,1994-12-02,1994-11-12,COLLECT COD,MAIL, final packages c
4708-3,4708,769,2,3,32.00,53432.32,0.04,0.07,A,F,1994-11-12,1994-11-14,1994-11-23,TAKE BACK RETURN,MAIL,fully. deposits
4709-1,4709,244,45,1,25.00,28606.00,0.03,0.05,N,O,1996-02-21,1996-02-11,1996-03-17,DELIVER IN PERSON,AIR, epitaphs along the furiously express tit
4709-2,4709,1761,88,2,25.00,41569.00,0.05,0.03,N,O,1996-01-22,1996-03-03,1996-02-21,DELIVER IN PERSON,REG AIR,leep slyly according t
4710-1,4710,1827,57,1,40.00,69152.80,0.10,0.08,A,F,1995-03-09,1995-02-25,1995-03-29,TAKE BACK RETURN,AIR, brave packages use carefully about the
4710-2,4710,1273,11,2,47.00,55190.69,0.04,0.01,R,F,1995-02-22,1995-01-12,1995-02-28,NONE,RAIL," even, express deposits. slyly express ins"
4711-1,4711,1324,25,1,7.00,8577.24,0.03,0.01,N,O,1998-05-12,1998-06-24,1998-05-24,COLLECT COD,MAIL,he regular foxes are furiou
4711-2,4711,1441,42,2,15.00,20136.60,0.08,0.07,N,O,1998-06-09,1998-07-30,1998-06-18,COLLECT COD,SHIP,"lar instructions sleep silent,"
4711-3,4711,1491,92,3,22.00,30634.78,0.02,0.03,N,O,1998-06-21,1998-06-18,1998-07-19,TAKE BACK RETURN,REG AIR,s doze fluffily. carefully silent orbit
4711-4,4711,641,35,4,8.00,12333.12,0.07,0.00,N,O,1998-06-17,1998-06-13,1998-06-27,TAKE BACK RETURN,SHIP,ial deposits. furiously pending packages b
4711-5,4711,489,48,5,15.00,20842.20,0.05,0.01,N,O,1998-09-03,1998-07-15,1998-09-13,TAKE BACK RETURN,SHIP,o beans. quickly ironic theodolit
4711-6,4711,1157,58,6,45.00,47616.75,0.05,0.06,N,O,1998-05-19,1998-07-14,1998-05-21,COLLECT COD,SHIP,even deposits above 
4711-7,4711,452,40,7,18.00,24344.10,0.05,0.04,N,O,1998-07-03,1998-07-31,1998-07-23,DELIVER IN PERSON,RAIL,tes. pinto beans through 
4736-1,4736,1956,89,1,26.00,48306.70,0.03,0.03,N,O,1996-02-02,1996-01-18,1996-02-09,DELIVER IN PERSON,AIR,arefully: re
4736-2,4736,34,10,2,43.00,40163.29,0.06,0.07,N,O,1996-02-05,1995-12-21,1996-02-06,COLLECT COD,MAIL, bold dolphins sle
4737-1,4737,1902,35,1,37.00,66744.30,0.03,0.04,R,F,1993-05-17,1993-04-10,1993-05-30,DELIVER IN PERSON,TRUCK,t the slyly express 
4737-2,4737,684,16,2,22.00,34862.96,0.04,0.04,A,F,1993-03-29,1993-05-22,1993-04-16,TAKE BACK RETURN,RAIL,deposits cajole slyly. 
4738-1,4738,1868,98,1,9.00,15928.74,0.04,0.04,A,F,1992-06-01,1992-06-26,1992-06-02,COLLECT COD,TRUCK,ding to the fluffily ironic inst
4738-2,4738,1725,68,2,16.00,26027.52,0.07,0.08,A,F,1992-06-17,1992-06-20,1992-06-21,NONE,MAIL,ter the furiously ironic depth
4738-3,4738,992,27,3,50.00,94649.50,0.04,0.02,A,F,1992-06-18,1992-07-04,1992-07-07,TAKE BACK RETURN,TRUCK,press pinto beans use. foxes boost reg
4738-4,4738,283,11,4,22.00,26032.16,0.02,0.08,A,F,1992-05-25,1992-05-19,1992-06-12,COLLECT COD,SHIP,"y requests. ironic, regu"
4738-5,4738,1863,64,5,13.00,22943.18,0.04,0.05,R,F,1992-05-30,1992-06-11,1992-06-26,COLLECT COD,AIR,ans along the ironic ideas haggl
4738-6,4738,1586,7,6,10.00,14875.80,0.10,0.01,R,F,1992-07-10,1992-06-16,1992-07-25,TAKE BACK RETURN,SHIP," the unusual, "
4738-7,4738,828,28,7,28.00,48406.96,0.05,0.07,A,F,1992-06-09,1992-07-05,1992-06-25,NONE,AIR,dencies about the carefully regu
4739-1,4739,1680,81,1,8.00,12653.44,0.07,0.07,R,F,1993-06-22,1993-05-10,1993-07-11,TAKE BACK RETURN,SHIP,nts wake fluffi
4739-2,4739,1841,85,2,31.00,54028.04,0.09,0.06,R,F,1993-06-20,1993-05-18,1993-06-26,COLLECT COD,SHIP,platelets. blithely 
4739-3,4739,992,95,3,30.00,56789.70,0.09,0.00,A,F,1993-05-29,1993-04-12,1993-06-18,NONE,TRUCK,"hely even ideas. even, ironic "
4740-1,4740,23,24,1,22.00,20306.44,0.06,0.01,N,O,1996-10-04,1996-08-17,1996-10-05,TAKE BACK RETURN,RAIL,ross the carefully regu
4740-2,4740,1523,44,2,24.00,34188.48,0.08,0.02,N,O,1996-09-10,1996-09-27,1996-10-07,TAKE BACK RETURN,TRUCK,ideas. final dolphins
4741-1,4741,728,93,1,24.00,39089.28,0.00,0.01,A,F,1992-09-16,1992-09-19,1992-09-20,DELIVER IN PERSON,RAIL,efully pending accounts are carefully
4741-2,4741,1122,23,2,16.00,16369.92,0.01,0.07,R,F,1992-08-25,1992-08-10,1992-08-29,TAKE BACK RETURN,FOB,xpress packages. fur
4741-3,4741,1557,78,3,24.00,35005.20,0.05,0.08,A,F,1992-11-04,1992-08-14,1992-11-06,TAKE BACK RETURN,MAIL,ts. regular pi
4741-4,4741,510,1,4,39.00,55009.89,0.09,0.06,R,F,1992-10-28,1992-10-03,1992-11-11,COLLECT COD,SHIP,ross the carefully 
4741-5,4741,1786,87,5,40.00,67511.20,0.09,0.03,R,F,1992-09-20,1992-09-23,1992-10-09,TAKE BACK RETURN,REG AIR,the even pinto beans? bold requests ha
4741-6,4741,1567,8,6,34.00,49931.04,0.02,0.07,R,F,1992-08-25,1992-08-18,1992-09-20,DELIVER IN PERSON,RAIL,uickly. regular theodolites between the 
4742-1,4742,1556,97,1,32.00,46641.60,0.10,0.08,R,F,1995-04-04,1995-06-12,1995-04-19,COLLECT COD,RAIL,y even dependencies. fluffily ironic foxes 
4742-2,4742,1549,70,2,29.00,42065.66,0.02,0.03,N,F,1995-06-15,1995-05-05,1995-06-24,COLLECT COD,REG AIR,deposits. regular request
4742-3,4742,711,8,3,15.00,24175.65,0.06,0.04,N,O,1995-07-20,1995-05-26,1995-08-11,NONE,SHIP,"run regular,"
4742-4,4742,1880,10,4,31.00,55238.28,0.05,0.08,N,F,1995-06-13,1995-05-08,1995-06-24,COLLECT COD,REG AIR,"ake regular, express packag"
4742-5,4742,994,95,5,45.00,85274.55,0.05,0.00,R,F,1995-05-12,1995-05-14,1995-06-07,TAKE BACK RETURN,RAIL,requests sleep c
4743-1,4743,595,56,1,19.00,28416.21,0.04,0.07,A,F,1993-06-23,1993-05-03,1993-07-20,COLLECT COD,AIR,ly regular deposit
4743-2,4743,1584,65,2,3.00,4456.74,0.01,0.03,R,F,1993-04-14,1993-06-08,1993-05-09,NONE,TRUCK,even gifts. blithely even
4743-3,4743,730,95,3,21.00,34245.33,0.08,0.03,A,F,1993-07-02,1993-06-15,1993-07-26,DELIVER IN PERSON,RAIL,ckages should nag finally above the bo
4743-4,4743,336,37,4,27.00,33380.91,0.08,0.05,R,F,1993-07-26,1993-05-27,1993-08-24,DELIVER IN PERSON,AIR," instructions. bold, speci"
4768-1,4768,359,16,1,5.00,6296.75,0.00,0.03,R,F,1993-12-27,1994-02-09,1994-01-11,NONE,MAIL,r foxes wake slyly express instruc
4769-1,4769,343,28,1,16.00,19893.44,0.08,0.05,N,O,1995-07-16,1995-07-05,1995-07-22,TAKE BACK RETURN,FOB,olites are fluffily against the
4769-2,4769,630,24,2,34.00,52041.42,0.06,0.07,N,O,1995-07-26,1995-05-18,1995-08-03,COLLECT COD,REG AIR,en packages use afte
4769-3,4769,465,24,3,36.00,49156.56,0.10,0.03,N,O,1995-07-22,1995-06-16,1995-08-11,NONE,RAIL,ffily even ideas acc
4769-4,4769,685,86,4,45.00,71355.60,0.08,0.06,R,F,1995-06-01,1995-07-13,1995-06-04,TAKE BACK RETURN,RAIL,y final instructions. quickly bol
4769-5,4769,1117,54,5,15.00,15271.65,0.07,0.08,N,F,1995-06-12,1995-07-07,1995-07-04,NONE,SHIP,equests use quickly. quickly slow theod
4770-1,4770,320,5,1,41.00,50033.12,0.00,0.08,N,O,1995-09-04,1995-08-08,1995-09-10,COLLECT COD,FOB,ular deposits haggle slyly. bold
4770-2,4770,1561,2,2,30.00,43876.80,0.09,0.07,N,O,1995-08-25,1995-08-27,1995-09-07,COLLECT COD,SHIP,fully special theodolites above the ca
4771-1,4771,487,88,1,9.00,12487.32,0.01,0.00,R,F,1993-02-28,1993-02-19,1993-03-25,NONE,FOB,s. final theodolites was quickly
4771-2,4771,154,55,2,21.00,22137.15,0.09,0.01,R,F,1993-01-19,1993-02-10,1993-02-01,NONE,FOB,ly accounts? i
4771-3,4771,116,17,3,5.00,5080.55,0.06,0.08,R,F,1993-01-07,1993-01-19,1993-01-26,NONE,RAIL,the slyly ironic deposits. foxes boost blit
4771-4,4771,85,36,4,21.00,20686.68,0.05,0.04,A,F,1992-12-20,1993-01-22,1992-12-26,TAKE BACK RETURN,SHIP, are around t
4772-1,4772,869,70,1,1.00,1769.86,0.10,0.00,R,F,1994-11-13,1994-10-25,1994-11-15,DELIVER IN PERSON,AIR,beans. blithely bol
4772-2,4772,1456,35,2,16.00,21719.20,0.07,0.06,R,F,1994-10-27,1994-12-07,1994-10-29,TAKE BACK RETURN,MAIL,sts cajole furiously. 
4772-3,4772,948,49,3,31.00,57317.14,0.02,0.04,A,F,1994-10-02,1994-10-21,1994-10-13,TAKE BACK RETURN,FOB,posits print slyly quickly silent
4772-4,4772,708,73,4,15.00,24130.50,0.02,0.07,R,F,1994-09-19,1994-10-22,1994-09-26,COLLECT COD,TRUCK,nent accounts. final dependenc
4773-1,4773,1432,33,1,23.00,30668.89,0.00,0.08,N,O,1996-01-01,1996-03-19,1996-01-04,NONE,FOB,oxes: blithely pending 
4773-2,4773,1965,10,2,36.00,67210.56,0.09,0.04,N,O,1996-04-08,1996-03-03,1996-05-01,COLLECT COD,REG AIR,l accounts against the
4773-3,4773,1661,62,3,49.00,76570.34,0.05,0.02,N,O,1996-01-26,1996-02-29,1996-01-27,TAKE BACK RETURN,FOB,posits. slyly
4773-4,4773,194,73,4,49.00,53615.31,0.09,0.04,N,O,1996-01-12,1996-02-17,1996-02-05,TAKE BACK RETURN,TRUCK,blithely according to the express a
4773-5,4773,1495,74,5,20.00,27929.80,0.02,0.07,N,O,1995-12-28,1996-02-17,1996-01-15,COLLECT COD,TRUCK,into beans are carefully enticingly 
4773-6,4773,1893,37,6,11.00,19743.79,0.10,0.06,N,O,1996-01-02,1996-01-29,1996-01-24,DELIVER IN PERSON,REG AIR,re quickly. blithely
4773-7,4773,1574,55,7,6.00,8853.42,0.07,0.01,N,O,1996-03-09,1996-03-18,1996-03-27,NONE,AIR, furiously along 
4774-1,4774,832,66,1,45.00,77977.35,0.10,0.00,R,F,1993-07-07,1993-06-08,1993-07-31,COLLECT COD,TRUCK,iously pending idea
4774-2,4774,389,18,2,4.00,5157.52,0.02,0.03,A,F,1993-08-03,1993-05-30,1993-08-19,COLLECT COD,FOB,ckly. slyly express theodolites sleep somet
4774-3,4774,1725,26,3,47.00,76455.84,0.10,0.08,R,F,1993-06-13,1993-07-04,1993-07-09,TAKE BACK RETURN,FOB,c dependencies. excuses breach.
4774-4,4774,1292,4,4,30.00,35798.70,0.05,0.08,A,F,1993-08-18,1993-06-08,1993-08-21,DELIVER IN PERSON,REG AIR,lites cajole slyly furiously regular reque
4775-1,4775,740,73,1,1.00,1640.74,0.10,0.02,N,O,1995-09-06,1995-09-28,1995-09-29,DELIVER IN PERSON,MAIL," regular, regular packages "
4775-2,4775,1528,69,2,37.00,52892.24,0.02,0.01,N,O,1995-09-06,1995-09-28,1995-09-28,COLLECT COD,TRUCK,ly. ironic packages cajole quickly.
4775-3,4775,1523,44,3,34.00,48433.68,0.09,0.06,N,O,1995-09-14,1995-10-15,1995-09-21,DELIVER IN PERSON,MAIL,gainst the slyly
4775-4,4775,1185,94,4,39.00,42361.02,0.07,0.04,N,O,1995-08-30,1995-10-12,1995-09-20,NONE,AIR,y express pinto beans haggle among t
4800-1,4800,965,34,1,11.00,20525.56,0.03,0.03,R,F,1992-01-27,1992-03-16,1992-02-19,TAKE BACK RETURN,RAIL,. requests a
4800-2,4800,255,10,2,1.00,1155.25,0.06,0.06,A,F,1992-02-23,1992-03-16,1992-03-20,TAKE BACK RETURN,MAIL,egular requests snooze furiously among 
4800-3,4800,106,59,3,21.00,21128.10,0.09,0.05,A,F,1992-02-14,1992-03-15,1992-02-26,NONE,SHIP,ests are blithely qu
4800-4,4800,1753,54,4,38.00,62880.50,0.10,0.08,R,F,1992-02-01,1992-02-28,1992-02-21,NONE,TRUCK,"he final deposits. even,"
4800-5,4800,523,24,5,24.00,34164.48,0.08,0.04,R,F,1992-01-14,1992-02-23,1992-01-25,NONE,TRUCK, carefully aroun
4801-1,4801,1840,70,1,37.00,64448.08,0.10,0.02,N,O,1996-03-09,1996-02-29,1996-03-25,TAKE BACK RETURN,FOB,s wake slyly. carefully bold pinto bean
4801-2,4801,253,81,2,34.00,39210.50,0.03,0.02,N,O,1996-02-05,1996-04-16,1996-02-23,NONE,SHIP,ecial instruction
4801-3,4801,1093,94,3,4.00,3976.36,0.04,0.04,N,O,1996-03-23,1996-04-04,1996-03-25,COLLECT COD,RAIL,c theodolites. expres
4801-4,4801,912,13,4,39.00,70703.49,0.07,0.01,N,O,1996-03-19,1996-03-21,1996-04-17,TAKE BACK RETURN,REG AIR,sly express asymptotes sublate ca
4802-1,4802,395,96,1,6.00,7772.34,0.00,0.06,N,O,1997-04-16,1997-03-25,1997-04-21,TAKE BACK RETURN,SHIP,"ilent, bold foxes. fluffily pendi"
4803-1,4803,1311,88,1,2.00,2424.62,0.08,0.03,N,O,1996-04-16,1996-03-20,1996-05-15,NONE,REG AIR,ages. speci
4803-2,4803,1752,79,2,47.00,77726.25,0.10,0.00,N,O,1996-03-14,1996-03-30,1996-03-15,DELIVER IN PERSON,FOB,. quickly ironic platelets haggle ar
4803-3,4803,1958,3,3,42.00,78117.90,0.04,0.08,N,O,1996-04-27,1996-05-05,1996-05-17,NONE,TRUCK,ounts are slyly blithely u
4803-4,4803,214,69,4,24.00,26741.04,0.10,0.04,N,O,1996-02-24,1996-04-02,1996-02-28,NONE,MAIL, dolphins. furiously special depe
4803-5,4803,1882,12,5,21.00,37461.48,0.03,0.06,N,O,1996-05-25,1996-03-15,1996-06-09,COLLECT COD,FOB,odolites detect. even d
4803-6,4803,1936,37,6,19.00,34920.67,0.07,0.00,N,O,1996-04-20,1996-03-25,1996-04-27,TAKE BACK RETURN,RAIL,ong the furiously s
4804-1,4804,1271,83,1,44.00,51579.88,0.06,0.08,A,F,1992-05-02,1992-03-24,1992-05-28,TAKE BACK RETURN,AIR,pecial accounts among the furiou
4804-2,4804,350,7,2,41.00,51264.35,0.10,0.02,R,F,1992-04-06,1992-04-12,1992-05-03,COLLECT COD,MAIL,usly accounts. blithely bold real
4804-3,4804,649,12,3,33.00,51138.12,0.09,0.05,A,F,1992-03-02,1992-04-14,1992-03-13,DELIVER IN PERSON,AIR,d blithely acros
4805-1,4805,1493,94,1,7.00,9761.43,0.09,0.03,A,F,1992-05-01,1992-07-09,1992-05-09,NONE,FOB,le slyly carefully silent 
4805-2,4805,1890,34,2,45.00,80635.05,0.02,0.03,R,F,1992-06-16,1992-06-08,1992-07-03,NONE,TRUCK,mptotes kindle slyl
4805-3,4805,1539,60,3,44.00,63383.32,0.01,0.02,R,F,1992-05-14,1992-06-23,1992-05-25,DELIVER IN PERSON,SHIP,y final foxes. thinly bold 
4805-4,4805,643,6,4,13.00,20067.32,0.04,0.04,R,F,1992-07-16,1992-06-07,1992-08-10,COLLECT COD,AIR,. furiously silent deposits sleep. final
4805-5,4805,86,87,5,42.00,41415.36,0.03,0.03,R,F,1992-08-17,1992-07-03,1992-09-14,NONE,REG AIR,ly unusual reques
4805-6,4805,1360,37,6,18.00,22704.48,0.06,0.04,A,F,1992-06-07,1992-07-10,1992-06-12,COLLECT COD,TRUCK, the regular foxes. 
4806-1,4806,151,52,1,26.00,27329.90,0.10,0.05,R,F,1993-05-28,1993-06-07,1993-05-29,DELIVER IN PERSON,SHIP,ts haggle even accounts-- slow ideas dete
4806-2,4806,712,9,2,6.00,9676.26,0.01,0.06,A,F,1993-05-17,1993-07-19,1993-05-29,TAKE BACK RETURN,SHIP, theodolites are after the ca
4806-3,4806,289,17,3,8.00,9514.24,0.09,0.00,A,F,1993-05-08,1993-07-16,1993-05-28,NONE,TRUCK, carefully final excuses caj
4807-1,4807,1220,95,1,9.00,10090.98,0.04,0.08,N,O,1997-04-23,1997-03-01,1997-05-15,TAKE BACK RETURN,TRUCK,s. ironically pending packages detect. q
4807-2,4807,98,99,2,41.00,40921.69,0.07,0.08,N,O,1997-05-02,1997-03-31,1997-05-15,TAKE BACK RETURN,AIR,sleep carefu
4807-3,4807,1444,45,3,34.00,45744.96,0.06,0.02,N,O,1997-01-31,1997-03-13,1997-02-01,NONE,SHIP,ual packages wake instructions. furiously 
4807-4,4807,1894,81,4,32.00,57468.48,0.05,0.00,N,O,1997-04-04,1997-03-21,1997-04-16,NONE,RAIL,ular dependencies use abo
4807-5,4807,1588,9,5,2.00,2979.16,0.02,0.05,N,O,1997-05-09,1997-04-03,1997-06-05,TAKE BACK RETURN,RAIL,uriously fina
4807-6,4807,1591,92,6,22.00,32836.98,0.09,0.06,N,O,1997-03-13,1997-02-23,1997-04-01,NONE,FOB,ic packages: slyly unusual deposits u
4832-1,4832,148,49,1,23.00,24107.22,0.03,0.01,N,O,1997-12-05,1998-01-05,1997-12-10,NONE,RAIL,ckly final req
4832-2,4832,1514,35,2,10.00,14155.10,0.00,0.06,N,O,1998-01-08,1998-02-01,1998-01-11,DELIVER IN PERSON,MAIL,"y accounts. regular, even theodolites gro"
4832-3,4832,1483,23,3,4.00,5537.92,0.04,0.01,N,O,1998-01-16,1998-02-12,1998-02-08,TAKE BACK RETURN,AIR,ges sleep according to the furiously ir
4832-4,4832,639,40,4,6.00,9237.78,0.02,0.01,N,O,1997-12-08,1998-02-03,1997-12-10,COLLECT COD,TRUCK,counts cajole furiously hockey players. b
4832-5,4832,1374,89,5,43.00,54840.91,0.10,0.08,N,O,1997-12-31,1998-02-20,1998-01-26,COLLECT COD,RAIL,counts. blithely silent fr
4833-1,4833,1062,98,1,31.00,29854.86,0.08,0.04,N,O,1996-06-24,1996-07-15,1996-07-02,NONE,SHIP,ke slyly blithely final packages. careful
4833-2,4833,1161,70,2,11.00,11683.76,0.03,0.01,N,O,1996-08-24,1996-07-26,1996-09-19,NONE,REG AIR,lly after the furiously exp
4833-3,4833,171,72,3,26.00,27850.42,0.08,0.04,N,O,1996-05-13,1996-07-12,1996-05-31,NONE,SHIP,quickly ironic multi
4833-4,4833,354,11,4,19.00,23832.65,0.07,0.07,N,O,1996-08-21,1996-07-09,1996-09-10,TAKE BACK RETURN,AIR,ackages snooze ag
4833-5,4833,343,28,5,4.00,4973.36,0.10,0.02,N,O,1996-08-16,1996-06-29,1996-08-22,NONE,AIR, to the final requests wake blithely even d
4834-1,4834,1827,57,1,27.00,46678.14,0.06,0.02,N,O,1997-01-09,1996-10-27,1997-01-27,DELIVER IN PERSON,RAIL,s detect abov
4834-2,4834,710,43,2,26.00,41878.46,0.01,0.00,N,O,1996-10-04,1996-10-21,1996-10-10,DELIVER IN PERSON,TRUCK,fully furious requests cajole carefully a
4834-3,4834,230,85,3,34.00,38427.82,0.03,0.01,N,O,1996-12-09,1996-11-26,1996-12-10,NONE,MAIL, about the iron
4834-4,4834,1427,67,4,38.00,50479.96,0.03,0.06,N,O,1997-01-10,1996-12-06,1997-01-22,COLLECT COD,FOB,idle packages. furiously unusual requ
4835-1,4835,1783,84,1,18.00,30326.04,0.00,0.03,R,F,1995-02-17,1994-12-14,1995-03-17,DELIVER IN PERSON,MAIL,. slyly regular multipliers was 
4835-2,4835,906,41,2,3.00,5420.70,0.09,0.06,R,F,1995-01-24,1995-01-12,1995-02-16,COLLECT COD,AIR,yly ironic reque
4835-3,4835,855,56,3,27.00,47407.95,0.05,0.00,A,F,1994-12-10,1994-12-13,1995-01-02,DELIVER IN PERSON,REG AIR,nal deposits. packages 
4835-4,4835,1012,83,4,23.00,20999.23,0.08,0.07,A,F,1995-02-05,1995-01-04,1995-02-28,NONE,SHIP,regular requests are quickly along the fina
4836-1,4836,1616,58,1,22.00,33387.42,0.01,0.03,N,O,1997-03-03,1997-02-23,1997-03-04,NONE,SHIP,ter the fluffily iro
4836-2,4836,474,4,2,16.00,21991.52,0.07,0.08,N,O,1997-01-14,1997-03-05,1997-01-30,COLLECT COD,MAIL,pending requests detect quickly about th
4836-3,4836,757,54,3,14.00,23208.50,0.03,0.08,N,O,1997-02-21,1997-02-06,1997-03-08,COLLECT COD,MAIL,leep; final asymptotes must have
4836-4,4836,1054,25,4,15.00,14325.75,0.10,0.00,N,O,1997-03-08,1997-03-14,1997-03-30,TAKE BACK RETURN,TRUCK,olites. ironic dolphins haggle 
4836-5,4836,502,63,5,12.00,16830.00,0.01,0.04,N,O,1997-02-02,1997-02-10,1997-02-03,COLLECT COD,TRUCK,usly ironic instr
4837-1,4837,418,6,1,16.00,21094.56,0.09,0.04,N,O,1998-08-12,1998-06-06,1998-08-26,COLLECT COD,FOB,rthogs boost across the carefully final dep
4837-2,4837,1928,73,2,16.00,29278.72,0.01,0.02,N,O,1998-08-19,1998-06-18,1998-08-26,NONE,RAIL,ses around the silent depo
4837-3,4837,678,41,3,42.00,66304.14,0.10,0.00,N,O,1998-06-19,1998-07-06,1998-06-23,COLLECT COD,MAIL,ses affix quickly within the regular id
4838-1,4838,1218,19,1,35.00,39172.35,0.01,0.00,R,F,1992-10-30,1992-10-23,1992-11-21,TAKE BACK RETURN,RAIL, fluffily special dependencies. careful
4838-2,4838,1471,11,2,2.00,2744.94,0.03,0.08,R,F,1992-08-11,1992-09-16,1992-08-26,COLLECT COD,MAIL,iously: forges boost unusual packages. b
4838-3,4838,512,13,3,26.00,36725.26,0.06,0.04,R,F,1992-09-03,1992-10-25,1992-09-11,TAKE BACK RETURN,FOB,icingly. theodolites boost blithely above
4839-1,4839,598,89,1,5.00,7492.95,0.10,0.07,A,F,1994-09-07,1994-07-15,1994-10-05,DELIVER IN PERSON,FOB,eans. furiously pending deposits haggle ca
4839-2,4839,97,98,2,25.00,24927.25,0.02,0.02,R,F,1994-05-20,1994-07-08,1994-05-30,NONE,REG AIR,"atterns. pending, e"
4839-3,4839,597,98,3,18.00,26956.62,0.06,0.01,R,F,1994-05-18,1994-06-13,1994-06-09,TAKE BACK RETURN,FOB, pinto beans sleep quickly against th
4839-4,4839,992,93,4,19.00,35966.81,0.07,0.08,R,F,1994-05-20,1994-07-14,1994-05-30,NONE,REG AIR,furiously even attainments hag
4839-5,4839,710,75,5,9.00,14496.39,0.05,0.01,R,F,1994-06-17,1994-06-18,1994-07-10,NONE,SHIP,special asymptotes against t
4864-1,4864,1498,16,1,28.00,39185.72,0.06,0.08,A,F,1993-02-06,1992-12-15,1993-02-10,COLLECT COD,REG AIR,y. carefully special
4864-2,4864,375,4,2,38.00,48464.06,0.10,0.02,R,F,1992-12-20,1993-01-07,1993-01-06,TAKE BACK RETURN,SHIP,reach blithely within th
4864-3,4864,1325,2,3,45.00,55184.40,0.02,0.01,A,F,1992-11-17,1993-01-02,1992-11-26,COLLECT COD,SHIP,eposits wake. fluffily ironic 
4864-4,4864,309,66,4,46.00,55627.80,0.07,0.03,A,F,1993-02-24,1993-01-02,1993-03-17,TAKE BACK RETURN,RAIL,ptotes. stealthily special packages a
4865-1,4865,1615,39,1,16.00,24265.76,0.07,0.05,N,O,1997-10-02,1997-08-20,1997-10-04,COLLECT COD,TRUCK,gainst the fluffi
4865-2,4865,1363,64,2,4.00,5057.44,0.07,0.01,N,O,1997-07-24,1997-07-25,1997-08-07,TAKE BACK RETURN,FOB, instructions. hockey players abo
4865-3,4865,677,71,3,44.00,69417.48,0.10,0.08,N,O,1997-07-25,1997-08-20,1997-08-22,COLLECT COD,FOB,ing to the carefully regular pinto beans.
4865-4,4865,500,59,4,21.00,29410.50,0.04,0.02,N,O,1997-07-17,1997-08-10,1997-07-21,NONE,RAIL,accounts are busil
4865-5,4865,538,99,5,33.00,47471.49,0.00,0.05,N,O,1997-07-17,1997-08-16,1997-07-30,TAKE BACK RETURN,FOB,ch carefully. slyly f
4865-6,4865,648,11,6,47.00,72786.08,0.00,0.05,N,O,1997-08-26,1997-08-07,1997-08-31,NONE,RAIL,ironic ideas wake across the
4866-1,4866,106,59,1,9.00,9054.90,0.01,0.05,N,O,1997-08-30,1997-09-18,1997-09-24,TAKE BACK RETURN,MAIL,le across the fluffily ironi
4866-2,4866,1013,14,2,1.00,914.01,0.06,0.00,N,O,1997-10-15,1997-10-01,1997-11-14,TAKE BACK RETURN,AIR, accounts. pend
4866-3,4866,1305,44,3,17.00,20507.10,0.07,0.00,N,O,1997-11-26,1997-10-11,1997-12-12,COLLECT COD,TRUCK, above the blithely even ideas cajole
4867-1,4867,817,18,1,7.00,12024.67,0.09,0.03,A,F,1992-07-17,1992-08-17,1992-07-22,COLLECT COD,FOB,packages wake furiously requests. fluffil
4867-2,4867,1597,38,2,3.00,4495.77,0.04,0.08,R,F,1992-07-04,1992-07-15,1992-07-21,NONE,AIR,efully bold deposit
4868-1,4868,726,59,1,47.00,76455.84,0.03,0.03,N,O,1997-04-29,1997-04-27,1997-05-11,DELIVER IN PERSON,SHIP,quickly unusual requests cajole carefully
4868-2,4868,1791,92,2,8.00,13542.32,0.10,0.08,N,O,1997-03-26,1997-05-09,1997-04-16,NONE,RAIL,iously regula
4868-3,4868,1908,9,3,49.00,88685.10,0.09,0.03,N,O,1997-04-23,1997-05-07,1997-04-26,NONE,SHIP,blithely spec
4868-4,4868,791,92,4,34.00,57520.86,0.04,0.02,N,O,1997-05-19,1997-04-27,1997-06-15,NONE,RAIL,ly! furiously ironic ide
4868-5,4868,1216,17,5,22.00,24578.62,0.07,0.06,N,O,1997-04-26,1997-05-16,1997-05-01,DELIVER IN PERSON,FOB,"sly ironic packages. even, pendin"
4869-1,4869,409,39,1,31.00,40591.40,0.10,0.01,A,F,1995-01-17,1994-11-30,1995-02-02,NONE,SHIP,ly regular requests haggle slyly above 
4869-2,4869,574,35,2,24.00,35389.68,0.09,0.06,A,F,1994-11-17,1994-11-07,1994-11-27,COLLECT COD,MAIL,xes haggle across the special accounts. 
4869-3,4869,1561,62,3,25.00,36564.00,0.00,0.05,R,F,1994-11-25,1994-11-14,1994-12-19,DELIVER IN PERSON,AIR,sts? carefull
4869-4,4869,1026,97,4,24.00,22248.48,0.10,0.07,R,F,1994-11-23,1994-11-18,1994-12-11,DELIVER IN PERSON,MAIL,cajole slyly according to th
4869-5,4869,1729,14,5,42.00,68490.24,0.07,0.04,R,F,1994-10-16,1994-12-10,1994-11-07,TAKE BACK RETURN,REG AIR,ly regular dolphins haggle
4869-6,4869,1211,23,6,30.00,33366.30,0.00,0.05,A,F,1995-01-09,1994-11-20,1995-02-02,COLLECT COD,RAIL,ers sleep slyly after 
4870-1,4870,479,9,1,49.00,67594.03,0.05,0.05,R,F,1994-11-14,1994-10-24,1994-12-12,TAKE BACK RETURN,SHIP,packages. carefull
4870-2,4870,1262,74,2,6.00,6979.56,0.06,0.08,A,F,1994-09-09,1994-10-16,1994-09-21,DELIVER IN PERSON,TRUCK,odolites. regular theodolites wake sl
4870-3,4870,302,59,3,5.00,6011.50,0.05,0.00,R,F,1994-10-11,1994-10-07,1994-10-24,NONE,AIR,y unusual packages sleep fluffily afte
4870-4,4870,60,86,4,4.00,3840.24,0.03,0.08,A,F,1994-10-23,1994-09-16,1994-11-04,COLLECT COD,RAIL,ckly ironic theodolites nag c
4870-5,4870,706,39,5,36.00,57841.20,0.09,0.06,A,F,1994-09-06,1994-09-17,1994-10-01,COLLECT COD,REG AIR,ns wake furiously. fluffily even req
4871-1,4871,1767,94,1,14.00,23362.64,0.07,0.03,N,O,1995-09-30,1995-07-29,1995-10-18,TAKE BACK RETURN,REG AIR,ly regular sheaves. sl
4871-2,4871,1606,30,2,17.00,25629.20,0.07,0.03,N,O,1995-09-09,1995-09-01,1995-10-02,DELIVER IN PERSON,AIR, regularly ironi
4871-3,4871,621,22,3,3.00,4564.86,0.03,0.06,N,O,1995-10-03,1995-08-10,1995-10-06,DELIVER IN PERSON,TRUCK, excuses. fluffily exp
4871-4,4871,1485,3,4,35.00,48526.80,0.08,0.07,N,O,1995-08-11,1995-07-18,1995-08-29,DELIVER IN PERSON,TRUCK,ornis use b
4871-5,4871,1515,16,5,10.00,14165.10,0.09,0.02,N,O,1995-09-12,1995-09-02,1995-10-05,TAKE BACK RETURN,AIR, pinto beans wake quick
4871-6,4871,1355,70,6,36.00,45228.60,0.02,0.08,N,O,1995-09-18,1995-08-29,1995-10-05,TAKE BACK RETURN,AIR,en theodolite
4871-7,4871,1391,6,7,10.00,12923.90,0.10,0.02,N,O,1995-07-13,1995-08-19,1995-07-29,NONE,REG AIR,ideas are according to the slyly final 
4896-1,4896,408,9,1,19.00,24859.60,0.09,0.05,A,F,1992-12-13,1992-11-13,1993-01-09,NONE,AIR,. special a
4896-2,4896,1396,73,2,44.00,57085.16,0.04,0.03,A,F,1992-11-24,1992-11-15,1992-12-18,COLLECT COD,MAIL,ms wake carefully re
4896-3,4896,572,63,3,6.00,8835.42,0.04,0.04,A,F,1992-10-30,1992-11-12,1992-11-28,DELIVER IN PERSON,TRUCK,"ding, unusual request"
4896-4,4896,228,29,4,5.00,5641.10,0.08,0.02,R,F,1992-12-02,1992-11-11,1992-12-19,COLLECT COD,SHIP, the carefully ironic notor
4896-5,4896,851,51,5,21.00,36788.85,0.07,0.08,R,F,1992-11-18,1992-11-18,1992-11-29,DELIVER IN PERSON,TRUCK,yly regular accounts after the quick theodo
4897-1,4897,545,46,1,26.00,37584.04,0.01,0.01,R,F,1992-12-22,1992-10-25,1992-12-27,DELIVER IN PERSON,TRUCK,y pending packages bel
4897-2,4897,1422,1,2,34.00,44996.28,0.02,0.00,R,F,1992-12-31,1992-11-11,1993-01-30,COLLECT COD,AIR,es are across the carefully final requ
4897-3,4897,548,39,3,42.00,60838.68,0.09,0.03,A,F,1992-09-23,1992-10-28,1992-10-02,DELIVER IN PERSON,FOB,ts are carefully about the furiously unu
4897-4,4897,1034,35,4,19.00,17765.57,0.03,0.00,A,F,1992-11-08,1992-12-14,1992-12-03,DELIVER IN PERSON,FOB,oost thinly enticingly even requests. bold
4898-1,4898,716,81,1,44.00,71135.24,0.07,0.02,A,F,1994-09-13,1994-08-18,1994-09-16,NONE,FOB,eodolites. final package
4899-1,4899,331,16,1,14.00,17238.62,0.06,0.00,R,F,1993-11-10,1994-01-10,1993-11-20,NONE,REG AIR,ress foxes
4900-1,4900,1154,27,1,40.00,42206.00,0.10,0.03,A,F,1992-09-02,1992-09-25,1992-09-21,COLLECT COD,TRUCK, against the carefu
4900-2,4900,764,65,2,33.00,54937.08,0.06,0.06,R,F,1992-08-18,1992-09-20,1992-08-19,COLLECT COD,MAIL,ctions; deposits sleep 
4900-3,4900,1021,92,3,48.00,44256.96,0.02,0.00,R,F,1992-09-18,1992-08-14,1992-09-28,TAKE BACK RETURN,MAIL, slyly special packages. iro
4900-4,4900,311,12,4,20.00,24226.20,0.05,0.00,R,F,1992-09-22,1992-09-23,1992-09-27,TAKE BACK RETURN,MAIL,quests sleep carefully acc
4900-5,4900,1049,85,5,40.00,38001.60,0.03,0.02,R,F,1992-07-14,1992-09-05,1992-07-20,NONE,REG AIR,", ironic pinto be"
4900-6,4900,1025,61,6,46.00,42596.92,0.06,0.08,R,F,1992-07-11,1992-09-19,1992-07-16,TAKE BACK RETURN,SHIP,ronic foxes c
4901-1,4901,1410,28,1,37.00,48522.17,0.00,0.04,N,O,1998-01-26,1998-02-20,1998-01-31,DELIVER IN PERSON,TRUCK,e carefully d
4901-2,4901,1644,86,2,12.00,18547.68,0.00,0.04,N,O,1998-01-12,1998-02-06,1998-02-03,COLLECT COD,REG AIR,ar theodolites affix ca
4901-3,4901,1198,35,3,16.00,17587.04,0.05,0.08,N,O,1998-04-19,1998-03-18,1998-04-21,NONE,AIR,eat carefully across t
4901-4,4901,357,58,4,41.00,51551.35,0.03,0.00,N,O,1998-03-18,1998-02-18,1998-04-14,TAKE BACK RETURN,AIR,nal multipliers. dependencies at the exp
4901-5,4901,1157,58,5,40.00,42326.00,0.06,0.02,N,O,1998-01-08,1998-01-30,1998-01-15,DELIVER IN PERSON,MAIL,ctions affix requests
4902-1,4902,1952,85,1,22.00,40786.90,0.00,0.04,N,O,1998-10-17,1998-08-10,1998-10-21,COLLECT COD,RAIL,e blithely express deposi
4902-2,4902,824,91,2,1.00,1724.82,0.09,0.04,N,O,1998-10-12,1998-08-20,1998-11-08,NONE,RAIL,eposits. Tiresias detect. carefully fina
4903-1,4903,1208,9,1,1.00,1109.20,0.06,0.03,R,F,1992-04-23,1992-06-13,1992-05-03,NONE,SHIP,"ul, close foxes"
4903-2,4903,1644,45,2,6.00,9273.84,0.09,0.07,R,F,1992-04-01,1992-05-16,1992-04-11,DELIVER IN PERSON,SHIP,iously bold ideas boost fluffily final asy
4903-3,4903,1198,7,3,27.00,29678.13,0.07,0.06,A,F,1992-06-29,1992-06-09,1992-07-08,COLLECT COD,RAIL,riously after the
4928-1,4928,994,95,1,4.00,7579.96,0.04,0.02,R,F,1993-10-25,1993-12-24,1993-11-16,TAKE BACK RETURN,REG AIR, regular instructions. even packages ha
4928-2,4928,929,30,2,20.00,36598.40,0.03,0.08,A,F,1994-01-19,1993-11-29,1994-02-13,DELIVER IN PERSON,SHIP,arefully pending dep
4928-3,4928,1483,1,3,34.00,47072.32,0.06,0.05,A,F,1993-10-12,1993-12-31,1993-10-14,DELIVER IN PERSON,AIR,ironic packages
4929-1,4929,136,89,1,20.00,20722.60,0.00,0.04,N,O,1996-03-12,1996-05-23,1996-03-20,COLLECT COD,REG AIR,ckly regular deposits run blithel
4929-2,4929,781,78,2,40.00,67271.20,0.08,0.03,N,O,1996-05-30,1996-04-13,1996-06-22,TAKE BACK RETURN,AIR,equests accor
4929-3,4929,765,98,3,32.00,53304.32,0.08,0.02,N,O,1996-04-28,1996-05-23,1996-04-30,COLLECT COD,TRUCK,s sleep fluffily alongside of t
4929-4,4929,1090,61,4,26.00,25768.34,0.00,0.05,N,O,1996-06-10,1996-05-29,1996-06-26,DELIVER IN PERSON,RAIL,", even dep"
4929-5,4929,665,66,5,24.00,37575.84,0.09,0.05,N,O,1996-04-15,1996-04-30,1996-05-09,NONE,MAIL,jole furiously.
4930-1,4930,1866,67,1,35.00,61875.10,0.03,0.01,A,F,1994-07-09,1994-07-30,1994-07-15,NONE,RAIL,uriously express deposits. deposits 
4930-2,4930,1148,57,2,20.00,20982.80,0.02,0.04,A,F,1994-08-21,1994-06-17,1994-08-24,COLLECT COD,FOB,he furiously
4930-3,4930,1678,20,3,28.00,44230.76,0.00,0.08,R,F,1994-08-27,1994-06-27,1994-09-18,COLLECT COD,TRUCK,ven packages are across the sile
4930-4,4930,1656,57,4,42.00,65421.30,0.00,0.00,A,F,1994-06-18,1994-06-22,1994-07-10,COLLECT COD,AIR,al pinto beans. packages was. slyly speci
4930-5,4930,1896,26,5,38.00,68319.82,0.02,0.03,A,F,1994-06-06,1994-06-18,1994-07-03,TAKE BACK RETURN,AIR,carefully final packages.
4931-1,4931,1931,20,1,1.00,1832.93,0.08,0.06,A,F,1995-01-24,1994-12-19,1995-02-07,DELIVER IN PERSON,SHIP,boost blith
4931-2,4931,1506,27,2,8.00,11260.00,0.06,0.02,R,F,1994-12-15,1995-01-14,1995-01-06,NONE,SHIP,"press instructions. ironic,"
4931-3,4931,1431,32,3,20.00,26648.60,0.09,0.00,A,F,1995-01-25,1994-12-21,1995-02-06,DELIVER IN PERSON,MAIL,ependencies
4931-4,4931,1993,26,4,50.00,94749.50,0.04,0.01,A,F,1994-12-15,1994-12-18,1994-12-23,COLLECT COD,REG AIR," slow, fina"
4931-5,4931,1492,32,5,25.00,34837.25,0.05,0.05,R,F,1994-12-19,1995-01-05,1994-12-21,COLLECT COD,FOB,ove the quickly regular packages. r
4931-6,4931,1025,61,6,8.00,7408.16,0.02,0.03,A,F,1995-02-16,1994-12-30,1995-03-15,DELIVER IN PERSON,SHIP, furiously ironic depe
4932-1,4932,503,94,1,13.00,18245.50,0.04,0.03,A,F,1993-09-13,1993-10-16,1993-09-20,DELIVER IN PERSON,SHIP,ular theodolites. pinto beans sleep 
4932-2,4932,1025,31,2,15.00,13890.30,0.01,0.02,R,F,1993-11-15,1993-10-25,1993-11-29,NONE,REG AIR, blithely 
4932-3,4932,869,3,3,5.00,8849.30,0.06,0.06,A,F,1993-10-01,1993-09-13,1993-10-04,NONE,MAIL,foxes. requests cajole slyly among the furi
4932-4,4932,973,42,4,11.00,20613.67,0.09,0.06,A,F,1993-09-21,1993-09-30,1993-09-23,COLLECT COD,SHIP,c foxes among the b
4933-1,4933,314,99,1,48.00,58286.88,0.08,0.00,N,O,1995-10-10,1995-10-03,1995-11-04,COLLECT COD,SHIP,ld ideas c
4933-2,4933,820,87,2,2.00,3441.64,0.09,0.00,N,O,1995-10-01,1995-09-29,1995-10-19,DELIVER IN PERSON,MAIL,according to the carefully bold Tire
4934-1,4934,961,30,1,48.00,89374.08,0.00,0.01,N,O,1997-05-20,1997-04-22,1997-06-02,TAKE BACK RETURN,SHIP,deposits. bo
4934-2,4934,1094,95,2,41.00,40798.69,0.06,0.06,N,O,1997-06-04,1997-04-11,1997-06-25,TAKE BACK RETURN,FOB, the regular package
4934-3,4934,1398,99,3,8.00,10395.12,0.03,0.06,N,O,1997-05-20,1997-04-30,1997-05-27,TAKE BACK RETURN,MAIL,ng deposits sleep. slowly u
4934-4,4934,1473,13,4,9.00,12370.23,0.06,0.08,N,O,1997-06-10,1997-04-09,1997-06-12,TAKE BACK RETURN,REG AIR,ndencies. slyly final pa
4934-5,4934,1371,72,5,29.00,36898.73,0.09,0.03,N,O,1997-04-10,1997-05-05,1997-05-04,DELIVER IN PERSON,AIR,ironic foxes haggle alongside of the furi
4934-6,4934,517,18,6,42.00,59535.42,0.00,0.07,N,O,1997-03-19,1997-05-05,1997-03-25,NONE,MAIL, dependencies det
4934-7,4934,107,34,7,2.00,2014.20,0.10,0.06,N,O,1997-06-05,1997-03-26,1997-06-09,COLLECT COD,MAIL,yly. pinto beans doubt caref
4935-1,4935,1608,9,1,13.00,19624.80,0.09,0.01,A,F,1993-06-20,1993-08-13,1993-06-27,COLLECT COD,REG AIR,fter the carefully slow ideas affi
4935-2,4935,392,77,2,37.00,47818.43,0.01,0.05,R,F,1993-08-30,1993-07-23,1993-09-07,TAKE BACK RETURN,RAIL,ar requests. blithely eve
4935-3,4935,109,62,3,24.00,24218.40,0.06,0.04,A,F,1993-05-29,1993-08-17,1993-06-22,NONE,RAIL,ithely final
4935-4,4935,450,51,4,49.00,66172.05,0.06,0.01,A,F,1993-09-16,1993-08-21,1993-10-12,COLLECT COD,TRUCK,ual theodolites snooze
4935-5,4935,96,97,5,14.00,13945.26,0.08,0.08,A,F,1993-05-30,1993-07-25,1993-05-31,COLLECT COD,FOB,ole about the
4935-6,4935,1880,67,6,36.00,64147.68,0.10,0.00,R,F,1993-07-11,1993-07-04,1993-08-01,DELIVER IN PERSON,RAIL,"osits? ironic, regular th"
4960-1,4960,171,24,1,36.00,38562.12,0.01,0.05,R,F,1995-03-06,1995-05-04,1995-04-05,TAKE BACK RETURN,RAIL,he pending court
4960-2,4960,444,3,2,6.00,8066.64,0.03,0.08,R,F,1995-03-21,1995-05-13,1995-04-14,TAKE BACK RETURN,SHIP,al patterns
4960-3,4960,1481,99,3,9.00,12442.32,0.01,0.03,A,F,1995-03-20,1995-05-05,1995-04-17,COLLECT COD,RAIL," quickly foxes; idle, sil"
4960-4,4960,1191,64,4,14.00,15290.66,0.00,0.06,A,F,1995-04-03,1995-04-17,1995-04-07,NONE,RAIL,ges mold about the always ironic a
4960-5,4960,972,41,5,8.00,14983.76,0.07,0.04,R,F,1995-03-14,1995-04-18,1995-04-09,NONE,FOB,nag quickly. regular pinto beans 
4960-6,4960,1452,53,6,37.00,50077.65,0.10,0.04,R,F,1995-05-23,1995-04-12,1995-06-01,DELIVER IN PERSON,MAIL,ly above the ironic 
4960-7,4960,1697,98,7,42.00,67144.98,0.08,0.07,A,F,1995-04-19,1995-04-11,1995-05-08,NONE,SHIP,blithely ironic dep
4961-1,4961,438,97,1,38.00,50860.34,0.10,0.07,N,O,1998-07-09,1998-06-03,1998-07-11,TAKE BACK RETURN,FOB, beans haggle. platelets nag. expres
4961-2,4961,600,61,2,1.00,1500.60,0.08,0.08,N,O,1998-07-08,1998-05-25,1998-07-12,DELIVER IN PERSON,MAIL,ress gifts along the always bold 
4961-3,4961,1612,13,3,41.00,62058.01,0.02,0.02,N,O,1998-07-15,1998-06-15,1998-08-05,TAKE BACK RETURN,REG AIR,"s the express, bo"
4961-4,4961,994,63,4,10.00,18949.90,0.02,0.04,N,O,1998-04-15,1998-07-03,1998-04-18,DELIVER IN PERSON,MAIL,"d slyly across the ironic, blithe theodoli"
4962-1,4962,184,37,1,46.00,49872.28,0.01,0.07,R,F,1993-08-23,1993-09-04,1993-08-27,COLLECT COD,REG AIR,heodolites snooze carefully-- 
4963-1,4963,1679,62,1,38.00,60065.46,0.08,0.02,N,O,1996-12-25,1996-12-12,1997-01-02,COLLECT COD,AIR,". final, even platelet"
4963-2,4963,754,51,2,16.00,26476.00,0.00,0.03,N,O,1996-11-20,1997-01-13,1996-12-06,COLLECT COD,MAIL,ggle along the sly
4964-1,4964,1325,64,1,29.00,35563.28,0.04,0.01,N,O,1997-10-18,1997-08-30,1997-11-01,NONE,AIR," regular foxes sleep final, bold accou"
4964-2,4964,1471,11,2,46.00,63133.62,0.06,0.06,N,O,1997-10-05,1997-09-12,1997-10-11,NONE,TRUCK,", final deposi"
4964-3,4964,1426,27,3,18.00,23893.56,0.00,0.06,N,O,1997-10-13,1997-09-01,1997-11-10,DELIVER IN PERSON,AIR, special dolphins
4964-4,4964,1798,41,4,12.00,20397.48,0.08,0.01,N,O,1997-09-03,1997-10-25,1997-09-15,NONE,TRUCK,ng the foxes. ironic pinto 
4964-5,4964,407,95,5,42.00,54910.80,0.06,0.04,N,O,1997-09-04,1997-08-28,1997-10-02,TAKE BACK RETURN,AIR,requests boost fur
4964-6,4964,1928,61,6,22.00,40258.24,0.04,0.08,N,O,1997-09-11,1997-10-06,1997-09-29,NONE,AIR,as! slyly regular platelets 
4964-7,4964,1728,29,7,28.00,45632.16,0.00,0.05,N,O,1997-08-30,1997-09-15,1997-09-18,COLLECT COD,RAIL,ly. blithely even packages
4965-1,4965,1301,78,1,28.00,33664.40,0.05,0.03,A,F,1994-01-02,1993-11-20,1994-01-04,TAKE BACK RETURN,REG AIR,cial accounts. platelets nag fluffil
4965-2,4965,121,74,2,25.00,25528.00,0.10,0.02,R,F,1994-02-05,1993-12-15,1994-02-24,TAKE BACK RETURN,MAIL,nic deposits are fluffily. 
4965-3,4965,1006,12,3,27.00,24489.00,0.05,0.06,R,F,1993-11-06,1993-12-24,1993-11-30,TAKE BACK RETURN,SHIP, deposits? ironic 
4965-4,4965,1375,52,4,33.00,42120.21,0.04,0.04,A,F,1993-12-31,1993-11-29,1994-01-27,DELIVER IN PERSON,REG AIR, among the c
4966-1,4966,758,91,1,10.00,16587.50,0.06,0.03,N,O,1996-09-23,1996-11-02,1996-10-07,TAKE BACK RETURN,SHIP,lar deposits wake along the furiously
4966-2,4966,1939,84,2,6.00,11045.58,0.02,0.01,N,O,1996-12-09,1996-11-29,1996-12-30,NONE,AIR,"ccounts use idle, regular instruction"
4966-3,4966,1650,51,3,7.00,10861.55,0.00,0.01,N,O,1996-12-08,1996-10-09,1997-01-06,COLLECT COD,MAIL,nusual accounts h
4966-4,4966,159,38,4,26.00,27537.90,0.08,0.03,N,O,1996-11-14,1996-11-29,1996-12-05,COLLECT COD,REG AIR,ach bravely according to the blithely 
4966-5,4966,1437,77,5,12.00,16061.16,0.02,0.07,N,O,1996-12-07,1996-11-23,1996-12-20,DELIVER IN PERSON,RAIL,", regular packages. unusual, pending requ"
4967-1,4967,708,41,1,50.00,80435.00,0.07,0.01,N,O,1997-05-27,1997-05-13,1997-06-12,NONE,REG AIR,ggle fluffily around the slyly e
4967-2,4967,524,15,2,43.00,61254.36,0.00,0.07,N,O,1997-05-28,1997-04-10,1997-06-09,NONE,TRUCK,ully pending theodolites. 
4967-3,4967,500,1,3,15.00,21007.50,0.08,0.02,N,O,1997-04-16,1997-04-12,1997-05-08,TAKE BACK RETURN,MAIL,ven pinto 
4967-4,4967,1225,100,4,1.00,1126.22,0.10,0.07,N,O,1997-06-04,1997-03-29,1997-06-23,NONE,FOB,ly bold instructions. carefully regul
4992-1,4992,1836,37,1,42.00,72988.86,0.07,0.01,R,F,1992-07-19,1992-06-16,1992-08-17,TAKE BACK RETURN,RAIL,ronic instructions. final accounts ac
4992-2,4992,1465,5,2,47.00,64223.62,0.10,0.08,A,F,1992-09-04,1992-08-05,1992-09-21,COLLECT COD,MAIL,sly regular pinto bea
4992-3,4992,1432,11,3,17.00,22668.31,0.03,0.03,A,F,1992-07-05,1992-07-19,1992-07-30,TAKE BACK RETURN,FOB,ess deposits hagg
4992-4,4992,700,63,4,25.00,40017.50,0.04,0.06,R,F,1992-08-06,1992-07-11,1992-08-20,NONE,SHIP,into beans wake slyly against the slyl
4992-5,4992,1385,100,5,23.00,29586.74,0.01,0.08,R,F,1992-06-28,1992-07-15,1992-07-12,DELIVER IN PERSON,MAIL,lly blithe a
4992-6,4992,1627,51,6,44.00,67259.28,0.05,0.02,A,F,1992-06-01,1992-07-22,1992-06-03,NONE,RAIL, blithely pending accounts print carefull
4993-1,4993,373,58,1,34.00,43294.58,0.05,0.00,R,F,1994-09-21,1994-10-31,1994-09-24,TAKE BACK RETURN,REG AIR,onic theodolites. carefully regular foxe
4993-2,4993,1286,24,2,39.00,46303.92,0.03,0.08,R,F,1994-09-10,1994-09-04,1994-09-26,COLLECT COD,SHIP,lar foxes above the closely regular p
4993-3,4993,1657,81,3,42.00,65463.30,0.06,0.00,A,F,1994-08-27,1994-09-24,1994-09-05,NONE,MAIL,. furiously even instruc
4993-4,4993,1574,15,4,31.00,45742.67,0.10,0.06,A,F,1994-10-02,1994-10-29,1994-10-15,NONE,AIR,nding theodolites lose. p
4994-1,4994,1559,80,1,36.00,52579.80,0.00,0.06,N,O,1996-09-29,1996-07-30,1996-10-03,TAKE BACK RETURN,TRUCK,ly ironic deposits. furiously e
4994-2,4994,793,58,2,47.00,79608.13,0.04,0.05,N,O,1996-09-20,1996-08-04,1996-10-15,COLLECT COD,TRUCK,ronic deposits sleep along the asymp
4994-3,4994,1821,65,3,29.00,49961.78,0.08,0.01,N,O,1996-08-26,1996-09-27,1996-09-25,DELIVER IN PERSON,RAIL,. furiously bold theod
4994-4,4994,382,83,4,40.00,51295.20,0.01,0.06,N,O,1996-08-25,1996-08-16,1996-09-07,TAKE BACK RETURN,REG AIR,l theodolites a
4994-5,4994,414,44,5,24.00,31545.84,0.01,0.07,N,O,1996-08-19,1996-09-24,1996-08-25,TAKE BACK RETURN,FOB,ent requests about the final pack
4994-6,4994,726,27,6,6.00,9760.32,0.01,0.02,N,O,1996-09-05,1996-08-04,1996-09-30,TAKE BACK RETURN,FOB,oss the furiously silent 
4994-7,4994,1298,99,7,31.00,37177.99,0.07,0.04,N,O,1996-10-14,1996-09-23,1996-11-08,TAKE BACK RETURN,RAIL,aggle furiously special r
4995-1,4995,650,82,1,16.00,24810.40,0.02,0.05,N,O,1996-02-27,1996-04-03,1996-02-29,DELIVER IN PERSON,MAIL,arefully regular deposits. s
4995-2,4995,805,5,2,43.00,73349.40,0.00,0.06,N,O,1996-02-24,1996-02-20,1996-03-07,NONE,AIR,e daringly express theodolites. s
4995-3,4995,1555,56,3,22.00,32044.10,0.03,0.06,N,O,1996-03-17,1996-03-12,1996-04-01,DELIVER IN PERSON,MAIL,esias sleep around the regular foxes:
4995-4,4995,400,57,4,9.00,11703.60,0.07,0.07,N,O,1996-03-07,1996-03-17,1996-03-11,DELIVER IN PERSON,FOB,nic accounts nag slyly packages.
4995-5,4995,1477,95,5,48.00,66166.56,0.08,0.07,N,O,1996-03-22,1996-04-01,1996-04-07,NONE,SHIP,"osits boost express, ironic requests."
4995-6,4995,1099,70,6,48.00,48004.32,0.09,0.07,N,O,1996-04-14,1996-04-04,1996-05-07,DELIVER IN PERSON,RAIL,the furiously express ideas hang f
4996-1,4996,559,20,1,35.00,51084.25,0.07,0.01,A,F,1992-10-30,1992-10-27,1992-11-05,TAKE BACK RETURN,SHIP,le quietly special dependencies. slyly unus
4996-2,4996,1559,60,2,39.00,56961.45,0.02,0.07,A,F,1992-09-19,1992-10-19,1992-10-06,COLLECT COD,FOB, pending pinto beans wake b
4996-3,4996,1278,53,3,12.00,14151.24,0.04,0.06,R,F,1993-01-09,1992-11-22,1993-02-04,DELIVER IN PERSON,SHIP,uriously furiously even accoun
4996-4,4996,1436,54,4,13.00,17386.59,0.00,0.00,A,F,1992-09-17,1992-12-02,1992-10-07,DELIVER IN PERSON,TRUCK,inst the deposits cajole acro
4997-1,4997,781,78,1,44.00,73998.32,0.02,0.05,N,O,1998-06-09,1998-06-12,1998-07-07,NONE,RAIL,theodolites ha
4997-2,4997,162,41,2,5.00,5310.80,0.02,0.04,N,O,1998-05-16,1998-06-05,1998-06-07,COLLECT COD,REG AIR,"ains above the final, final requests b"
4997-3,4997,572,73,3,24.00,35341.68,0.04,0.06,N,O,1998-04-20,1998-04-23,1998-05-16,NONE,AIR,yly. furio
4997-4,4997,391,20,4,5.00,6456.95,0.10,0.03,N,O,1998-06-12,1998-04-24,1998-06-13,DELIVER IN PERSON,TRUCK,"e even, unusual excuses wake bold, e"
4997-5,4997,219,47,5,46.00,51483.66,0.00,0.04,N,O,1998-04-28,1998-06-04,1998-05-08,TAKE BACK RETURN,SHIP,pending pinto beans sleep 
4997-6,4997,290,72,6,2.00,2380.58,0.07,0.01,N,O,1998-07-09,1998-06-10,1998-07-21,TAKE BACK RETURN,REG AIR,against the 
4998-1,4998,1535,76,1,12.00,17238.36,0.04,0.03,A,F,1992-02-20,1992-03-06,1992-03-01,TAKE BACK RETURN,RAIL,nic gifts cajole carefully blithely ironic
4998-2,4998,1827,14,2,15.00,25932.30,0.06,0.00,R,F,1992-04-24,1992-03-21,1992-05-02,NONE,REG AIR,r deposits affix around t
4998-3,4998,590,91,3,27.00,40245.93,0.06,0.02,R,F,1992-03-17,1992-02-26,1992-04-05,DELIVER IN PERSON,MAIL,ss packages play qui
4998-4,4998,624,87,4,47.00,71657.14,0.10,0.04,A,F,1992-02-07,1992-03-07,1992-02-19,DELIVER IN PERSON,TRUCK,e. blithely regu
4998-5,4998,1446,64,5,24.00,32338.56,0.01,0.04,R,F,1992-01-25,1992-03-16,1992-01-27,COLLECT COD,REG AIR,tructions acc
4998-6,4998,985,20,6,8.00,15087.84,0.03,0.07,A,F,1992-05-01,1992-03-03,1992-05-24,TAKE BACK RETURN,AIR,. furiously final packages sleep carefully 
4999-1,4999,1527,8,1,30.00,42855.60,0.00,0.02,A,F,1993-08-20,1993-08-15,1993-08-30,NONE,AIR,e. furiously regular pinto beans 
4999-2,4999,93,94,2,44.00,43695.96,0.03,0.01,A,F,1993-08-01,1993-08-04,1993-08-17,COLLECT COD,REG AIR,onic dependencies among 
4999-3,4999,860,61,3,30.00,52825.80,0.09,0.01,R,F,1993-07-21,1993-08-11,1993-08-20,DELIVER IN PERSON,RAIL,k packages. quickly ironic
5024-1,5024,1655,38,1,17.00,26463.05,0.10,0.02,N,O,1996-11-24,1997-01-10,1996-12-04,NONE,AIR,y bold pinto 
5024-2,5024,576,7,2,41.00,60539.37,0.06,0.01,N,O,1996-11-09,1996-12-03,1996-12-01,COLLECT COD,REG AIR,across the fluffily bol
5024-3,5024,1111,48,3,18.00,18217.98,0.04,0.03,N,O,1996-12-02,1997-01-16,1996-12-05,NONE,MAIL,equests haggle carefully. regula
5024-4,5024,1226,64,4,42.00,47343.24,0.03,0.06,N,O,1996-12-02,1996-12-08,1996-12-04,DELIVER IN PERSON,RAIL,al asymptotes. caref
5025-1,5025,295,50,1,11.00,13148.19,0.00,0.04,N,O,1997-02-21,1997-04-16,1997-03-14,COLLECT COD,SHIP, carefully ironic dolph
5025-2,5025,775,40,2,10.00,16757.70,0.07,0.04,N,O,1997-06-04,1997-04-29,1997-06-28,COLLECT COD,RAIL,alongside of the silent packages wake 
5026-1,5026,954,89,1,13.00,24114.35,0.02,0.04,N,O,1997-12-23,1997-11-02,1998-01-03,TAKE BACK RETURN,SHIP,re carefully. carefully silent f
5027-1,5027,973,76,1,6.00,11243.82,0.04,0.05,N,O,1997-09-28,1997-11-24,1997-10-25,NONE,FOB,nt deposits. furi
5027-2,5027,618,19,2,39.00,59225.79,0.06,0.01,N,O,1997-09-09,1997-11-13,1997-09-21,TAKE BACK RETURN,FOB,ully unusual decoys haggle among 
5027-3,5027,1252,27,3,32.00,36904.00,0.00,0.01,N,O,1997-11-13,1997-10-29,1997-11-18,TAKE BACK RETURN,RAIL,ular packa
5027-4,5027,256,57,4,37.00,42781.25,0.02,0.00,N,O,1997-10-05,1997-10-30,1997-10-26,NONE,REG AIR,ly express ideas a
5027-5,5027,1428,29,5,3.00,3988.26,0.03,0.06,N,O,1997-09-30,1997-11-26,1997-10-05,DELIVER IN PERSON,AIR,ven packages.
5027-6,5027,865,99,6,25.00,44146.50,0.06,0.00,N,O,1997-09-16,1997-11-25,1997-10-08,TAKE BACK RETURN,RAIL,packages sleep blithely-- express pa
5027-7,5027,805,39,7,50.00,85290.00,0.07,0.02,N,O,1997-09-18,1997-11-07,1997-10-05,DELIVER IN PERSON,MAIL,are above the slyly final requests. c
5028-1,5028,139,92,1,15.00,15586.95,0.07,0.07,R,F,1992-07-17,1992-07-16,1992-08-05,COLLECT COD,REG AIR,the slyly regular packages haggle blithely
5028-2,5028,1987,88,2,15.00,28334.70,0.03,0.07,R,F,1992-08-02,1992-07-09,1992-08-30,NONE,REG AIR, carefully ironic acc
5029-1,5029,1536,37,1,17.00,24438.01,0.02,0.01,A,F,1993-03-12,1992-12-18,1993-04-02,DELIVER IN PERSON,FOB,ests sleep furiously special reque
5029-2,5029,965,100,2,2.00,3731.92,0.00,0.04,A,F,1992-11-25,1993-01-04,1992-12-20,DELIVER IN PERSON,MAIL,instructions haggle blith
5030-1,5030,1014,15,1,22.00,20130.22,0.04,0.06,N,O,1998-09-01,1998-08-15,1998-09-30,TAKE BACK RETURN,TRUCK,counts. slyly final deposits bo
5030-2,5030,798,63,2,50.00,84939.50,0.05,0.06,N,O,1998-08-22,1998-07-25,1998-09-18,TAKE BACK RETURN,FOB,gle regular asymptot
5031-1,5031,500,1,1,15.00,21007.50,0.02,0.05,R,F,1995-04-01,1995-02-24,1995-04-12,DELIVER IN PERSON,AIR,nusual deposits use iron
5031-2,5031,1609,33,2,40.00,60424.00,0.10,0.04,A,F,1994-12-04,1995-01-27,1995-01-01,NONE,TRUCK,instructions. packages det
5031-3,5031,1531,52,3,4.00,5730.12,0.01,0.07,R,F,1994-12-26,1995-02-24,1995-01-11,NONE,RAIL,into beans according to the foxes wake b
5031-4,5031,1805,49,4,31.00,52910.80,0.10,0.08,R,F,1995-01-15,1995-01-08,1995-02-09,COLLECT COD,MAIL,to the carefully silent excuses. busily re
5056-1,5056,474,62,1,7.00,9621.29,0.09,0.01,N,O,1997-04-28,1997-04-07,1997-05-15,DELIVER IN PERSON,TRUCK,pecial notornis wake across the d
5056-2,5056,1964,97,2,19.00,35453.24,0.04,0.00,N,O,1997-03-24,1997-05-05,1997-04-23,DELIVER IN PERSON,AIR,s use carefully after t
5056-3,5056,891,58,3,23.00,41213.47,0.02,0.05,N,O,1997-05-12,1997-04-28,1997-05-25,NONE,SHIP, beans along the fluffily pending de
5056-4,5056,870,37,4,14.00,24792.18,0.08,0.00,N,O,1997-06-09,1997-04-13,1997-07-06,COLLECT COD,SHIP,al accounts affix carefully deposit
5057-1,5057,370,55,1,38.00,48274.06,0.02,0.03,N,O,1997-10-24,1997-09-07,1997-10-30,TAKE BACK RETURN,MAIL, special ideas. furiously fi
5057-2,5057,71,97,2,45.00,43698.15,0.08,0.07,N,O,1997-09-20,1997-10-02,1997-10-20,NONE,FOB,onic packages before 
5058-1,5058,1925,70,1,16.00,29230.72,0.09,0.07,N,O,1998-07-12,1998-06-09,1998-07-15,DELIVER IN PERSON,SHIP,". even, sly deposit"
5059-1,5059,696,90,1,5.00,7983.45,0.03,0.08,R,F,1993-12-23,1994-01-12,1993-12-24,TAKE BACK RETURN,FOB,he express requests in
5059-2,5059,1229,4,2,19.00,21474.18,0.06,0.04,R,F,1994-03-02,1993-12-26,1994-03-14,TAKE BACK RETURN,MAIL,deposits. blithely regular depos
5059-3,5059,764,97,3,45.00,74914.20,0.02,0.00,A,F,1994-01-28,1994-01-08,1994-02-18,DELIVER IN PERSON,MAIL,ly ironic pinto beans. furiously regul
5060-1,5060,250,32,1,27.00,31056.75,0.10,0.07,R,F,1992-07-23,1992-09-05,1992-08-07,COLLECT COD,SHIP,s. blithel
5060-2,5060,311,40,2,28.00,33916.68,0.04,0.04,R,F,1992-09-25,1992-08-11,1992-10-09,NONE,REG AIR,arefully q
5060-3,5060,1603,4,3,15.00,22569.00,0.06,0.01,A,F,1992-08-28,1992-08-20,1992-09-01,DELIVER IN PERSON,AIR,r courts. fluffi
5061-1,5061,1649,32,1,18.00,27911.52,0.03,0.00,A,F,1993-10-20,1993-10-05,1993-10-28,TAKE BACK RETURN,SHIP,tions use quickly ab
5061-2,5061,1975,64,2,8.00,15015.76,0.01,0.02,R,F,1993-09-07,1993-10-31,1993-10-04,DELIVER IN PERSON,REG AIR, regular instruct
5061-3,5061,233,34,3,26.00,29463.98,0.02,0.05,A,F,1993-11-07,1993-09-13,1993-11-13,NONE,REG AIR,deposits. quickly special pa
5062-1,5062,1008,44,1,9.00,8181.00,0.08,0.00,R,F,1993-01-02,1992-12-01,1993-01-20,TAKE BACK RETURN,MAIL,tegrate blithely. furiously
5062-2,5062,747,48,2,4.00,6590.96,0.02,0.02,R,F,1993-02-06,1992-12-14,1993-03-03,DELIVER IN PERSON,AIR,ular accounts lose carefully speci
5062-3,5062,1586,87,3,50.00,74379.00,0.09,0.07,A,F,1992-12-25,1992-12-13,1992-12-29,TAKE BACK RETURN,MAIL, alongside of the fluffily bold ins
5062-4,5062,1602,44,4,18.00,27064.80,0.03,0.07,R,F,1992-11-04,1992-12-25,1992-11-05,NONE,SHIP,ggle at the even accounts. fluffily ev
5062-5,5062,1937,70,5,25.00,45973.25,0.08,0.02,R,F,1992-12-15,1992-11-17,1993-01-01,NONE,TRUCK,ss pearls detect a
5063-1,5063,1286,87,1,31.00,36805.68,0.08,0.01,N,O,1997-06-02,1997-06-20,1997-06-27,NONE,RAIL,ges are about the furiously unusual depos
5063-2,5063,1737,64,2,43.00,70465.39,0.04,0.08,N,O,1997-09-14,1997-07-05,1997-10-05,TAKE BACK RETURN,TRUCK,efully regular ideas with the pending fo
5063-3,5063,1663,46,3,2.00,3129.32,0.02,0.03,N,O,1997-06-17,1997-07-27,1997-06-24,COLLECT COD,SHIP,eposits sleep
5063-4,5063,1346,23,4,18.00,22452.12,0.08,0.05,N,O,1997-06-02,1997-06-18,1997-06-06,TAKE BACK RETURN,RAIL, hockey players wake
5063-5,5063,1607,90,5,1.00,1508.60,0.06,0.07,N,O,1997-09-03,1997-06-26,1997-10-03,NONE,FOB,to beans. fina
5088-1,5088,779,76,1,23.00,38634.71,0.06,0.06,R,F,1993-03-03,1993-03-07,1993-03-08,NONE,FOB, of the carefully ironic pac
5088-2,5088,501,92,2,41.00,57461.50,0.09,0.00,R,F,1993-01-22,1993-03-07,1993-02-09,TAKE BACK RETURN,TRUCK, Tiresias. flu
5088-3,5088,853,53,3,36.00,63138.60,0.10,0.05,A,F,1993-04-16,1993-04-03,1993-05-14,NONE,TRUCK, cajole about the quickly express theodoli
5088-4,5088,1085,91,4,10.00,9860.80,0.04,0.05,R,F,1993-04-07,1993-02-06,1993-04-26,NONE,FOB,riously pending asymptotes
5089-1,5089,1571,12,1,4.00,5890.28,0.05,0.06,R,F,1992-09-18,1992-09-28,1992-10-13,DELIVER IN PERSON,TRUCK,special deposits ar
5089-2,5089,1616,17,2,20.00,30352.20,0.00,0.07,R,F,1992-10-10,1992-10-07,1992-11-06,COLLECT COD,RAIL,ng pinto beans. 
5089-3,5089,1236,48,3,46.00,52312.58,0.03,0.04,A,F,1992-11-09,1992-10-13,1992-11-10,TAKE BACK RETURN,RAIL,ly ironic requests hinder aroun
5089-4,5089,335,64,4,38.00,46942.54,0.05,0.03,R,F,1992-11-23,1992-09-11,1992-12-22,TAKE BACK RETURN,SHIP,"ial, even instructions s"
5090-1,5090,214,15,1,22.00,24512.62,0.07,0.00,N,O,1997-05-10,1997-05-25,1997-05-24,TAKE BACK RETURN,TRUCK,nding excuses sleep quickly
5090-2,5090,1286,87,2,46.00,54614.88,0.05,0.00,N,O,1997-04-05,1997-04-14,1997-05-01,COLLECT COD,REG AIR,to the fluffily ironic inst
5090-3,5090,19,95,3,22.00,20218.22,0.09,0.05,N,O,1997-07-03,1997-04-12,1997-07-26,NONE,REG AIR,ally special ide
5090-4,5090,1137,74,4,2.00,2076.26,0.03,0.06,N,O,1997-04-07,1997-04-23,1997-05-01,TAKE BACK RETURN,AIR,ependencies. do
5090-5,5090,477,78,5,21.00,28926.87,0.10,0.02,N,O,1997-03-29,1997-04-24,1997-04-25,TAKE BACK RETURN,FOB,atelets detect. quickly even requ
5090-6,5090,797,62,6,30.00,50933.70,0.02,0.03,N,O,1997-05-04,1997-04-14,1997-05-30,COLLECT COD,MAIL," deposits nag. even, regular"
5091-1,5091,774,71,1,50.00,83738.50,0.05,0.03,N,O,1998-07-21,1998-06-22,1998-07-26,COLLECT COD,REG AIR,thely special warh
5092-1,5092,1631,14,1,30.00,45978.90,0.06,0.00,N,O,1995-12-27,1995-12-08,1996-01-09,DELIVER IN PERSON,MAIL, after the requests. furiously iron
5092-2,5092,448,36,2,34.00,45846.96,0.04,0.02,N,O,1995-12-09,1995-12-26,1995-12-21,TAKE BACK RETURN,AIR,y ruthlessl
5092-3,5092,1393,8,3,13.00,16827.07,0.06,0.01,N,O,1995-11-21,1996-01-05,1995-12-19,TAKE BACK RETURN,SHIP,y express dep
5092-4,5092,1793,94,4,14.00,23727.06,0.04,0.00,N,O,1996-02-20,1995-11-30,1996-03-20,DELIVER IN PERSON,REG AIR,ily pending platelets. furiously ironic ac
5092-5,5092,1857,1,5,42.00,73871.70,0.01,0.02,N,O,1995-11-06,1996-01-01,1995-12-06,DELIVER IN PERSON,AIR,ly silent fox
5092-6,5092,1776,3,6,11.00,18455.47,0.03,0.03,N,O,1995-12-02,1995-12-27,1995-12-11,COLLECT COD,MAIL,ding requests. bold excuse
5092-7,5092,1584,85,7,50.00,74279.00,0.10,0.03,N,O,1995-11-30,1996-01-14,1995-12-19,NONE,REG AIR,ggle blithely fluffily i
5093-1,5093,1677,78,1,40.00,63146.80,0.05,0.01,R,F,1993-09-16,1993-11-04,1993-10-05,TAKE BACK RETURN,REG AIR,ly furiously regular ideas. furiously re
5093-2,5093,735,32,2,15.00,24535.95,0.01,0.04,A,F,1993-12-02,1993-11-18,1994-01-01,DELIVER IN PERSON,FOB,". regular, unusual packag"
5093-3,5093,1508,49,3,31.00,43694.50,0.00,0.02,R,F,1993-09-22,1993-11-14,1993-09-26,TAKE BACK RETURN,REG AIR,rding to the
5093-4,5093,1557,38,4,37.00,53966.35,0.04,0.00,A,F,1993-10-26,1993-12-02,1993-10-27,NONE,TRUCK,ts after th
5093-5,5093,1149,22,5,30.00,31504.20,0.06,0.05,A,F,1993-11-22,1993-11-27,1993-12-14,DELIVER IN PERSON,TRUCK,ick pinto beans wake. quickly f
5093-6,5093,1202,40,6,31.00,34199.20,0.01,0.08,A,F,1993-12-17,1993-11-14,1994-01-02,NONE,SHIP,ly express pinto beans boost bli
5094-1,5094,1426,66,1,19.00,25220.98,0.03,0.03,R,F,1993-03-31,1993-06-12,1993-04-04,NONE,AIR,ically final pack
5094-2,5094,1077,83,2,23.00,22495.61,0.05,0.07,R,F,1993-06-13,1993-05-19,1993-07-06,NONE,MAIL,ests haggle slyly alongside of the c
5094-3,5094,915,18,3,11.00,19975.01,0.04,0.08,A,F,1993-06-25,1993-06-24,1993-07-18,TAKE BACK RETURN,MAIL,ven packages. blithely regular ideas hagg
5094-4,5094,786,87,4,21.00,35422.38,0.09,0.08,R,F,1993-07-26,1993-05-03,1993-08-16,NONE,MAIL,y unusual pinto beans poach 
5095-1,5095,643,37,1,46.00,71007.44,0.07,0.01,A,F,1992-06-26,1992-06-25,1992-07-05,COLLECT COD,RAIL,accounts nag furio
5095-2,5095,1055,61,2,2.00,1912.10,0.07,0.08,A,F,1992-07-09,1992-05-25,1992-07-21,DELIVER IN PERSON,REG AIR,ets. caref
5095-3,5095,1228,66,3,28.00,31618.16,0.01,0.04,A,F,1992-06-20,1992-06-27,1992-06-22,DELIVER IN PERSON,AIR,"o beans sleep. regular, pe"
5095-4,5095,1780,65,4,42.00,70634.76,0.08,0.08,R,F,1992-05-23,1992-06-01,1992-06-18,COLLECT COD,TRUCK,ully. quickly regular requests
5095-5,5095,1655,56,5,9.00,14009.85,0.10,0.07,R,F,1992-08-14,1992-06-23,1992-08-16,TAKE BACK RETURN,REG AIR,ly special instructions are slyly? d
5095-6,5095,968,69,6,15.00,28034.40,0.01,0.06,A,F,1992-07-11,1992-07-12,1992-08-09,COLLECT COD,AIR,ackages use. regular requ
5095-7,5095,1689,90,7,40.00,63627.20,0.05,0.02,A,F,1992-07-11,1992-06-07,1992-07-26,DELIVER IN PERSON,MAIL,ironic theodolites. ex
5120-1,5120,1324,1,1,28.00,34308.96,0.06,0.03,N,O,1996-07-20,1996-08-31,1996-08-06,NONE,RAIL,ss requests. final deposits are sl
5121-1,5121,1836,66,1,23.00,39970.09,0.06,0.01,A,F,1992-05-18,1992-06-20,1992-06-02,TAKE BACK RETURN,REG AIR, express instructions doubt blithely
5121-2,5121,1108,17,2,45.00,45409.50,0.08,0.04,A,F,1992-08-13,1992-07-27,1992-09-12,NONE,TRUCK,r gifts snooze carefully 
5121-3,5121,966,35,3,27.00,50407.92,0.08,0.07,R,F,1992-06-17,1992-06-11,1992-06-19,NONE,MAIL,waters. ironic inst
5121-4,5121,671,3,4,10.00,15716.70,0.04,0.05,R,F,1992-06-08,1992-07-10,1992-07-02,TAKE BACK RETURN,FOB,o the carefully spec
5121-5,5121,883,84,5,46.00,82058.48,0.03,0.02,R,F,1992-05-27,1992-07-19,1992-05-28,TAKE BACK RETURN,FOB,s after the deposits are 
5121-6,5121,1,77,6,2.00,1802.00,0.04,0.07,R,F,1992-08-10,1992-06-28,1992-08-11,NONE,FOB,n place of the deposits
5122-1,5122,1823,53,1,28.00,48294.96,0.03,0.00,N,O,1996-04-20,1996-03-29,1996-04-29,DELIVER IN PERSON,FOB,uickly special notornis boost fur
5122-2,5122,820,20,2,43.00,73995.26,0.09,0.03,N,O,1996-05-31,1996-04-12,1996-06-13,NONE,MAIL,uthless accounts. carefully unusual p
5122-3,5122,441,42,3,12.00,16097.28,0.07,0.03,N,O,1996-04-02,1996-04-27,1996-04-10,DELIVER IN PERSON,AIR, sleep furiously 
5123-1,5123,258,59,1,13.00,15057.25,0.08,0.07,N,O,1998-05-17,1998-03-23,1998-06-02,COLLECT COD,MAIL,es. even braid
5124-1,5124,542,33,1,43.00,62029.22,0.00,0.02,N,O,1997-07-10,1997-05-13,1997-07-31,COLLECT COD,AIR,maintain amo
5124-2,5124,52,28,2,41.00,39034.05,0.02,0.06,N,O,1997-07-05,1997-06-29,1997-07-23,DELIVER IN PERSON,RAIL,le slyly even p
5124-3,5124,1248,49,3,44.00,50566.56,0.03,0.03,N,O,1997-07-13,1997-06-26,1997-08-01,DELIVER IN PERSON,RAIL,furiously express foxes wake
5124-4,5124,695,27,4,36.00,57444.84,0.10,0.07,N,O,1997-04-20,1997-07-03,1997-05-04,TAKE BACK RETURN,AIR,". blithe, bus"
5125-1,5125,55,81,1,38.00,36291.90,0.09,0.05,N,O,1998-03-20,1998-04-14,1998-03-22,COLLECT COD,MAIL,lithely unusual req
5125-2,5125,1591,92,2,5.00,7462.95,0.08,0.06,N,O,1998-04-07,1998-04-14,1998-04-29,COLLECT COD,RAIL,egular deposits. 
5126-1,5126,236,91,1,33.00,37495.59,0.02,0.02,R,F,1993-02-04,1992-12-23,1993-02-14,NONE,RAIL, final accounts snooze. regular request
5126-2,5126,1009,80,2,43.00,39130.00,0.09,0.04,R,F,1993-01-07,1992-12-19,1993-01-16,COLLECT COD,MAIL,refully quick platelets. furiously u
5126-3,5126,776,9,3,23.00,38565.71,0.08,0.01,R,F,1993-01-02,1993-01-02,1993-01-05,COLLECT COD,TRUCK, shall are against the b
5127-1,5127,187,14,1,33.00,35876.94,0.08,0.04,N,O,1997-03-25,1997-03-02,1997-04-04,NONE,SHIP,l dependencies are furiously b
5127-2,5127,312,41,2,20.00,24246.20,0.01,0.03,N,O,1997-05-11,1997-02-26,1997-05-12,TAKE BACK RETURN,SHIP,sly special requests above the even
5152-1,5152,1050,56,1,9.00,8559.45,0.04,0.03,N,O,1997-04-11,1997-02-11,1997-04-18,COLLECT COD,AIR,yly express pinto beans. slyly even t
5152-2,5152,1334,73,2,50.00,61766.50,0.04,0.04,N,O,1997-03-10,1997-02-04,1997-03-15,COLLECT COD,FOB,ously slyly ironic requests! carefully 
5153-1,5153,345,74,1,42.00,52304.28,0.03,0.01,N,O,1995-10-03,1995-11-09,1995-10-11,COLLECT COD,RAIL,silent packages d
5153-2,5153,529,20,2,14.00,20013.28,0.05,0.05,N,O,1995-11-29,1995-10-21,1995-12-08,TAKE BACK RETURN,TRUCK,ular deposits solve slyly unusual pinto be
5153-3,5153,679,11,3,30.00,47390.10,0.09,0.01,N,O,1995-11-10,1995-11-14,1995-11-16,DELIVER IN PERSON,AIR,its detect aft
5153-4,5153,1722,7,4,32.00,51959.04,0.10,0.08,N,O,1995-12-05,1995-09-25,1996-01-03,DELIVER IN PERSON,MAIL,"l, special asymptotes "
5153-5,5153,1117,26,5,36.00,36651.96,0.01,0.03,N,O,1995-12-15,1995-11-08,1995-12-30,COLLECT COD,TRUCK,"osits. final, "
5153-6,5153,1351,66,6,42.00,52598.70,0.00,0.03,N,O,1995-10-19,1995-11-23,1995-11-06,TAKE BACK RETURN,RAIL,carefully even de
5154-1,5154,1898,42,1,11.00,19798.79,0.02,0.05,N,O,1997-08-06,1997-06-30,1997-09-04,NONE,RAIL,uriously regular pinto be
5154-2,5154,1440,41,2,15.00,20121.60,0.07,0.08,N,O,1997-06-23,1997-07-11,1997-07-11,NONE,AIR,y pending accounts about th
5155-1,5155,480,81,1,1.00,1380.48,0.00,0.00,A,F,1994-07-03,1994-08-11,1994-07-29,COLLECT COD,FOB,packages cajole blithely final instructi
5155-2,5155,1876,63,2,5.00,8889.35,0.08,0.02,A,F,1994-06-30,1994-08-13,1994-07-15,TAKE BACK RETURN,AIR,ckly bold requests. foxes 
5155-3,5155,1055,61,3,28.00,26769.40,0.05,0.02,R,F,1994-07-01,1994-07-19,1994-07-18,COLLECT COD,REG AIR,"ic, bold dependencies are express pinto b"
5155-4,5155,789,86,4,39.00,65901.42,0.09,0.06,A,F,1994-08-25,1994-09-01,1994-09-18,COLLECT COD,TRUCK,y ironic requests ha
5156-1,5156,1166,39,1,21.00,22410.36,0.06,0.03,N,O,1997-01-01,1997-01-30,1997-01-11,TAKE BACK RETURN,TRUCK,special foxes. enticingly ironic de
5156-2,5156,1471,50,2,36.00,49408.92,0.04,0.07,N,O,1997-02-12,1996-12-10,1997-03-13,TAKE BACK RETURN,REG AIR,arefully ironic 
5157-1,5157,542,33,1,35.00,50488.90,0.06,0.08,N,O,1997-07-28,1997-09-30,1997-08-15,TAKE BACK RETURN,REG AIR,fully silent asympto
5157-2,5157,1379,80,2,18.00,23046.66,0.10,0.04,N,O,1997-09-06,1997-10-03,1997-09-19,COLLECT COD,MAIL,hely according to the unusual packages-- 
5157-3,5157,1664,65,3,15.00,23484.90,0.09,0.00,N,O,1997-07-27,1997-08-30,1997-08-08,DELIVER IN PERSON,RAIL,lly unusual 
5157-4,5157,582,13,4,25.00,37064.50,0.00,0.03,N,O,1997-08-24,1997-09-23,1997-08-28,COLLECT COD,REG AIR,osits-- carefully ironic theodolites use s
5157-5,5157,1490,8,5,40.00,55659.60,0.09,0.06,N,O,1997-08-11,1997-08-28,1997-09-01,TAKE BACK RETURN,FOB,ites are. fluffily even ac
5157-6,5157,1492,10,6,26.00,36230.74,0.10,0.01,N,O,1997-07-28,1997-08-22,1997-08-22,NONE,FOB, are blithely. expre
5157-7,5157,488,76,7,12.00,16661.76,0.10,0.08,N,O,1997-10-19,1997-08-07,1997-10-26,NONE,FOB,dependencie
5158-1,5158,443,31,1,43.00,57767.92,0.10,0.04,N,O,1997-04-10,1997-03-06,1997-04-15,DELIVER IN PERSON,AIR,efully final accounts affix ideas. quickly
5158-2,5158,843,44,2,18.00,31389.12,0.04,0.04,N,O,1997-04-30,1997-03-28,1997-05-12,COLLECT COD,REG AIR,rges play. iron
5158-3,5158,1419,59,3,41.00,54136.81,0.05,0.05,N,O,1997-02-25,1997-03-19,1997-03-03,COLLECT COD,AIR,nding packages are furious
5158-4,5158,1301,16,4,49.00,58912.70,0.05,0.01,N,O,1997-04-10,1997-03-21,1997-04-30,NONE,REG AIR,onic decoys; blith
5158-5,5158,1185,94,5,20.00,21723.60,0.01,0.04,N,O,1997-02-03,1997-02-20,1997-02-08,TAKE BACK RETURN,AIR,osits wake carefully 
5158-6,5158,880,14,6,39.00,69454.32,0.08,0.04,N,O,1997-05-15,1997-04-04,1997-06-02,DELIVER IN PERSON,FOB,n dependenci
5158-7,5158,901,4,7,38.00,68472.20,0.10,0.05,N,O,1997-05-09,1997-03-03,1997-06-04,NONE,SHIP,"sts. silent, fina"
5159-1,5159,1234,46,1,39.00,44273.97,0.06,0.07,N,O,1996-12-17,1996-12-08,1997-01-10,COLLECT COD,MAIL,nding deposits are carefully about the
5159-2,5159,167,94,2,46.00,49089.36,0.01,0.01,N,O,1996-12-15,1996-12-07,1996-12-30,DELIVER IN PERSON,SHIP,quickly bold asymptotes. blithel
5159-3,5159,1513,34,3,22.00,31119.22,0.01,0.02,N,O,1996-11-06,1996-11-04,1996-11-15,TAKE BACK RETURN,SHIP,xcuses grow fluff
5159-4,5159,520,21,4,5.00,7102.60,0.10,0.00,N,O,1996-11-25,1996-12-19,1996-12-25,TAKE BACK RETURN,FOB,c deposits are boldly furiously final id
5159-5,5159,1979,24,5,36.00,67714.92,0.06,0.01,N,O,1997-01-24,1996-11-07,1997-02-08,NONE,REG AIR,"uick, unusual "
5184-1,5184,1526,7,1,33.00,47108.16,0.07,0.04,N,O,1998-08-17,1998-10-16,1998-08-24,TAKE BACK RETURN,AIR,"asymptotes. final, ironic deposit"
5184-2,5184,158,37,2,47.00,49733.05,0.05,0.01,N,O,1998-11-02,1998-08-19,1998-11-07,COLLECT COD,TRUCK,ages haggle slyly among the careful
5184-3,5184,875,9,3,39.00,69258.93,0.03,0.06,N,O,1998-10-27,1998-10-17,1998-11-19,DELIVER IN PERSON,FOB,"nic, regular idea"
5184-4,5184,1760,61,4,26.00,43205.76,0.05,0.08,N,O,1998-11-11,1998-08-26,1998-12-01,TAKE BACK RETURN,TRUCK,arefully amon
5184-5,5184,1231,69,5,19.00,21512.37,0.06,0.03,N,O,1998-11-15,1998-10-12,1998-11-21,COLLECT COD,REG AIR,grate carefully ironic packages. special
5184-6,5184,796,61,6,49.00,83142.71,0.02,0.00,N,O,1998-09-18,1998-08-28,1998-10-14,COLLECT COD,FOB,capades. regular asymptotes
5185-1,5185,1965,98,1,37.00,69077.52,0.00,0.04,N,O,1997-08-08,1997-09-08,1997-08-14,COLLECT COD,SHIP,"ccounts. ironic, regular foxe"
5185-2,5185,246,28,2,32.00,36679.68,0.06,0.00,N,O,1997-08-17,1997-09-30,1997-08-24,TAKE BACK RETURN,REG AIR," theodolites. final, special"
5185-3,5185,1959,48,3,41.00,76298.95,0.00,0.05,N,O,1997-10-15,1997-10-11,1997-11-02,COLLECT COD,REG AIR, express frays alongside
5185-4,5185,958,59,4,30.00,55768.50,0.09,0.04,N,O,1997-10-17,1997-09-16,1997-10-23,TAKE BACK RETURN,SHIP,ously express deposits acco
5185-5,5185,1278,79,5,8.00,9434.16,0.04,0.00,N,O,1997-08-30,1997-09-02,1997-09-22,COLLECT COD,REG AIR,aggle fluffily. deposits w
5185-6,5185,1459,38,6,50.00,68022.50,0.03,0.04,N,O,1997-10-15,1997-10-19,1997-11-06,TAKE BACK RETURN,FOB,ously about the quickly even escapad
5186-1,5186,545,6,1,38.00,54930.52,0.06,0.02,N,O,1996-11-23,1996-09-21,1996-12-11,DELIVER IN PERSON,MAIL,nts cajole quickly against 
5186-2,5186,910,11,2,31.00,56138.21,0.09,0.03,N,O,1996-10-19,1996-09-26,1996-10-25,TAKE BACK RETURN,REG AIR,"as solve even, express pinto bean"
5186-3,5186,883,50,3,26.00,46380.88,0.03,0.02,N,O,1996-08-08,1996-10-05,1996-08-21,DELIVER IN PERSON,FOB,sts. pending deposits sleep agai
5186-4,5186,893,94,4,8.00,14351.12,0.10,0.05,N,O,1996-09-23,1996-09-29,1996-09-30,COLLECT COD,RAIL,equests. ironic theo
5186-5,5186,175,2,5,28.00,30104.76,0.09,0.03,N,O,1996-10-05,1996-10-27,1996-10-19,TAKE BACK RETURN,RAIL,s. blithely iro
5186-6,5186,820,54,6,35.00,60228.70,0.00,0.05,N,O,1996-10-20,1996-10-12,1996-11-12,TAKE BACK RETURN,RAIL,its sublate car
5186-7,5186,1979,24,7,44.00,82762.68,0.00,0.08,N,O,1996-09-23,1996-10-14,1996-10-01,NONE,TRUCK,e. carefully bold accounts ac
5187-1,5187,110,89,1,49.00,49495.39,0.04,0.06,N,O,1997-10-20,1997-10-12,1997-10-26,DELIVER IN PERSON,AIR,y unusual deposits cajole blithely. quickly
5187-2,5187,829,30,2,1.00,1729.82,0.10,0.08,N,O,1997-08-08,1997-08-24,1997-08-22,DELIVER IN PERSON,REG AIR,wake blithely acr
5188-1,5188,1176,13,1,18.00,19389.06,0.04,0.03,N,O,1995-06-19,1995-05-19,1995-06-25,DELIVER IN PERSON,AIR, carefully special deposits along
5188-2,5188,1938,71,2,36.00,66237.48,0.04,0.02,A,F,1995-03-09,1995-05-16,1995-03-19,NONE,TRUCK,ep final sauternes. 
5188-3,5188,1480,59,3,9.00,12433.32,0.06,0.08,A,F,1995-05-09,1995-05-22,1995-05-19,TAKE BACK RETURN,REG AIR,ests integrate carefully. iro
5189-1,5189,1374,51,1,44.00,56116.28,0.02,0.06,A,F,1994-01-13,1994-02-07,1994-01-21,DELIVER IN PERSON,MAIL,ndencies along t
5189-2,5189,159,12,2,38.00,40247.70,0.06,0.00,A,F,1994-03-26,1994-01-28,1994-04-20,DELIVER IN PERSON,REG AIR,asymptotes detect carefully ab
5189-3,5189,1099,70,3,4.00,4000.36,0.09,0.02,A,F,1993-12-21,1994-02-23,1994-01-09,DELIVER IN PERSON,REG AIR,uctions. ironi
5189-4,5189,932,1,4,49.00,89813.57,0.05,0.01,R,F,1994-01-22,1994-01-19,1994-02-04,TAKE BACK RETURN,SHIP,kly expres
5189-5,5189,1221,96,5,14.00,15711.08,0.02,0.03,A,F,1994-01-23,1994-01-05,1994-02-12,DELIVER IN PERSON,REG AIR, platelets. fl
5189-6,5189,162,63,6,41.00,43548.56,0.02,0.06,R,F,1993-12-12,1994-02-05,1994-01-09,DELIVER IN PERSON,RAIL,furiously. instructions serve blithely s
5190-1,5190,556,17,1,43.00,62631.65,0.09,0.06,A,F,1992-08-19,1992-06-10,1992-09-01,DELIVER IN PERSON,FOB,counts. carefully ironic ideas cajole car
5190-2,5190,1314,91,2,6.00,7291.86,0.10,0.08,A,F,1992-08-08,1992-07-14,1992-08-22,COLLECT COD,RAIL,regular accounts was alongside of the unus
5190-3,5190,885,52,3,45.00,80364.60,0.04,0.03,A,F,1992-07-23,1992-06-16,1992-08-04,NONE,FOB, blithely special instruct
5191-1,5191,1148,49,1,41.00,43014.74,0.00,0.08,A,F,1995-02-05,1995-02-27,1995-02-15,DELIVER IN PERSON,AIR,blithely. carefully even accounts alo
5191-2,5191,1678,20,2,40.00,63186.80,0.02,0.01,A,F,1995-03-31,1995-02-21,1995-04-02,NONE,AIR, carefully above the furiously dar
5191-3,5191,423,24,3,27.00,35732.34,0.07,0.05,A,F,1994-12-26,1995-01-24,1995-01-14,DELIVER IN PERSON,RAIL,eodolites wake. slyly bold foxes na
5191-4,5191,1829,59,4,7.00,12115.74,0.01,0.04,A,F,1995-03-24,1995-01-30,1995-03-30,NONE,RAIL,. regular deposi
5216-1,5216,681,82,1,17.00,26888.56,0.04,0.06,N,O,1997-08-20,1997-11-07,1997-09-14,COLLECT COD,FOB,riously unusual instructions h
5217-1,5217,796,97,1,50.00,84839.50,0.05,0.02,N,O,1995-12-26,1995-11-21,1996-01-24,DELIVER IN PERSON,MAIL,ly express packages dazzle qui
5217-2,5217,154,55,2,23.00,24245.45,0.06,0.07,N,O,1996-01-18,1995-12-24,1996-02-10,COLLECT COD,RAIL, carefully carefully fi
5217-3,5217,1013,84,3,23.00,21022.23,0.03,0.02,N,O,1995-11-15,1995-12-17,1995-11-27,DELIVER IN PERSON,FOB,arefully express deposits.
5217-4,5217,804,38,4,47.00,80125.60,0.04,0.00,N,O,1995-11-24,1995-12-25,1995-11-25,COLLECT COD,AIR,ly. furiously un
5218-1,5218,828,28,1,43.00,74339.26,0.05,0.04,A,F,1992-08-04,1992-09-12,1992-08-17,DELIVER IN PERSON,SHIP, slyly along the blithely pendi
5218-2,5218,1248,23,2,33.00,37924.92,0.06,0.01,R,F,1992-09-16,1992-09-30,1992-09-27,NONE,TRUCK,the ironic depo
5219-1,5219,1349,50,1,2.00,2500.68,0.08,0.00,N,O,1997-06-26,1997-04-29,1997-07-08,TAKE BACK RETURN,FOB,attainments nag furiously blith
5219-2,5219,1187,96,2,20.00,21763.60,0.05,0.00,N,O,1997-04-20,1997-05-26,1997-05-13,COLLECT COD,FOB,"s. final, special e"
5220-1,5220,828,95,1,27.00,46678.14,0.10,0.04,R,F,1992-09-21,1992-08-29,1992-10-16,DELIVER IN PERSON,RAIL,even instructions wake above the
5221-1,5221,1035,6,1,24.00,22464.72,0.07,0.03,N,O,1995-10-04,1995-08-11,1995-10-30,COLLECT COD,REG AIR,rash carefully. instruct
5221-2,5221,88,89,2,34.00,33594.72,0.01,0.05,N,O,1995-09-11,1995-07-17,1995-10-10,COLLECT COD,SHIP,deas wake. 
5221-3,5221,1792,35,3,16.00,27100.64,0.04,0.01,N,O,1995-08-29,1995-09-06,1995-09-12,TAKE BACK RETURN,TRUCK,y unusual requ
5222-1,5222,1505,26,1,1.00,1406.50,0.00,0.00,A,F,1994-08-19,1994-07-16,1994-09-08,TAKE BACK RETURN,FOB,thely ironic deposits. blithely special fox
5223-1,5223,446,34,1,24.00,32314.56,0.00,0.00,A,F,1994-10-03,1994-09-20,1994-10-11,TAKE BACK RETURN,TRUCK," dogged, regular packages haggle furious"
5223-2,5223,1234,72,2,25.00,28380.75,0.09,0.02,R,F,1994-07-12,1994-08-13,1994-08-01,NONE,FOB, beans. furiously regul
5223-3,5223,58,34,3,19.00,18202.95,0.04,0.01,R,F,1994-10-28,1994-08-26,1994-10-31,COLLECT COD,REG AIR,xes cajole blithely regular re
5223-4,5223,1299,74,4,40.00,48011.60,0.01,0.04,R,F,1994-10-01,1994-09-18,1994-10-28,COLLECT COD,SHIP,cial pinto b
5248-1,5248,803,3,1,39.00,66448.20,0.05,0.03,N,O,1995-08-10,1995-07-04,1995-09-09,TAKE BACK RETURN,MAIL,ronic packages along t
5248-2,5248,1372,49,2,45.00,57301.65,0.00,0.06,A,F,1995-05-09,1995-07-12,1995-05-27,DELIVER IN PERSON,FOB,"e the even, stealthy ac"
5249-1,5249,498,86,1,31.00,43353.19,0.07,0.03,A,F,1994-11-21,1994-11-19,1994-12-08,NONE,REG AIR,of the carefully final depos
5249-2,5249,301,30,2,44.00,52857.20,0.05,0.00,A,F,1994-12-28,1994-11-29,1994-12-29,TAKE BACK RETURN,MAIL,xcuses snooz
5249-3,5249,318,47,3,13.00,15838.03,0.09,0.00,R,F,1994-09-27,1994-10-20,1994-10-05,DELIVER IN PERSON,SHIP,ind quickly. quic
5249-4,5249,1454,94,4,29.00,39308.05,0.00,0.05,A,F,1994-09-16,1994-11-03,1994-10-06,NONE,TRUCK, furiously 
5249-5,5249,1578,19,5,12.00,17754.84,0.01,0.08,R,F,1994-12-28,1994-11-07,1995-01-15,COLLECT COD,MAIL,ly regular frets. furiously sly request
5250-1,5250,436,24,1,2.00,2672.86,0.08,0.04,N,O,1995-08-09,1995-10-10,1995-08-13,COLLECT COD,AIR,y fluffily final
5250-2,5250,1916,49,2,27.00,49083.57,0.10,0.05,N,O,1995-10-24,1995-09-03,1995-11-18,COLLECT COD,TRUCK,s after the requests affix alongsid
5251-1,5251,1390,67,1,36.00,46490.04,0.10,0.01,N,O,1995-07-16,1995-07-05,1995-07-28,DELIVER IN PERSON,FOB,ithely fina
5252-1,5252,1410,28,1,13.00,17048.33,0.02,0.01,N,O,1996-03-02,1996-05-10,1996-03-11,NONE,FOB,"ing deposits. bold, pe"
5252-2,5252,1390,29,2,39.00,50364.21,0.06,0.05,N,O,1996-05-17,1996-04-23,1996-05-23,COLLECT COD,AIR,"ly bold, unusua"
5252-3,5252,1941,74,3,9.00,16586.46,0.09,0.03,N,O,1996-05-30,1996-05-03,1996-06-26,TAKE BACK RETURN,RAIL, carefully final asymp
5252-4,5252,866,33,4,48.00,84809.28,0.01,0.06,N,O,1996-04-17,1996-03-19,1996-05-03,COLLECT COD,AIR,silent requests. caref
5252-5,5252,678,41,5,24.00,37888.08,0.04,0.05,N,O,1996-05-11,1996-04-17,1996-05-12,COLLECT COD,REG AIR,al packages. even depos
5252-6,5252,23,99,6,41.00,37843.82,0.02,0.03,N,O,1996-03-16,1996-04-18,1996-03-17,NONE,TRUCK,ronic requests after the carefully ironi
5253-1,5253,307,64,1,35.00,42255.50,0.02,0.00,N,O,1995-07-23,1995-06-12,1995-08-03,DELIVER IN PERSON,AIR,ackages sleep furious
5253-2,5253,1495,35,2,38.00,53066.62,0.02,0.06,N,O,1995-08-03,1995-06-14,1995-08-27,DELIVER IN PERSON,REG AIR,egular dolphins are even acc
5253-3,5253,140,41,3,9.00,9361.26,0.03,0.08,N,F,1995-06-08,1995-05-12,1995-06-23,DELIVER IN PERSON,REG AIR,gular instructions. slyly ironic
5253-4,5253,1651,75,4,25.00,38816.25,0.04,0.03,A,F,1995-05-21,1995-06-13,1995-06-09,COLLECT COD,TRUCK,fluffily ironic asy
5254-1,5254,1102,3,1,35.00,35108.50,0.01,0.07,A,F,1992-07-28,1992-09-05,1992-08-07,COLLECT COD,REG AIR,furiously bold instructions. quickly
5254-2,5254,1343,20,2,10.00,12443.40,0.05,0.04,A,F,1992-11-19,1992-10-20,1992-12-15,COLLECT COD,SHIP,egular requests wake idea
5254-3,5254,1918,7,3,32.00,58237.12,0.00,0.08,A,F,1992-08-10,1992-09-21,1992-08-16,NONE,RAIL,eodolites wake permanen
5254-4,5254,1623,65,4,45.00,68607.90,0.05,0.06,A,F,1992-11-11,1992-09-01,1992-12-07,COLLECT COD,REG AIR,g furiously even gifts. dolph
5254-5,5254,287,42,5,23.00,27307.44,0.02,0.06,A,F,1992-08-16,1992-09-05,1992-09-15,COLLECT COD,RAIL,onic instructions. blithely even foxes 
5254-6,5254,1577,58,6,34.00,50271.38,0.09,0.02,R,F,1992-08-29,1992-10-16,1992-09-20,TAKE BACK RETURN,RAIL,into beans wake above the slyly
5254-7,5254,196,49,7,9.00,9865.71,0.09,0.03,R,F,1992-07-29,1992-10-15,1992-08-20,TAKE BACK RETURN,REG AIR,hely even ideas. bli
5255-1,5255,1308,23,1,2.00,2418.60,0.04,0.08,N,O,1996-09-27,1996-10-04,1996-10-04,DELIVER IN PERSON,RAIL,jole. doggedly regu
5255-2,5255,1712,39,2,30.00,48411.30,0.04,0.08,N,O,1996-09-20,1996-08-18,1996-10-09,TAKE BACK RETURN,AIR,g to the furious accounts. slyly
5255-3,5255,1299,11,3,41.00,49211.89,0.09,0.03,N,O,1996-08-21,1996-09-24,1996-09-05,COLLECT COD,FOB, bold sentiments. reque
5280-1,5280,961,96,1,16.00,29791.36,0.02,0.03,N,O,1998-03-29,1998-01-28,1998-04-03,TAKE BACK RETURN,SHIP,cuses nag carefully about the 
5280-2,5280,1756,41,2,46.00,76256.50,0.01,0.06,N,O,1998-01-04,1998-01-21,1998-02-03,TAKE BACK RETURN,FOB,ickly even foxes caj
5281-1,5281,1136,9,1,37.00,38373.81,0.05,0.02,N,O,1995-11-10,1996-01-31,1995-11-22,DELIVER IN PERSON,MAIL,"ts wake carefully. regular, even pla"
5281-2,5281,1046,52,2,38.00,35987.52,0.00,0.05,N,O,1996-02-17,1995-12-19,1996-02-29,NONE,RAIL,egular dolphins sleep slyly afte
5281-3,5281,1262,100,3,23.00,26754.98,0.08,0.00,N,O,1995-12-30,1996-01-26,1996-01-23,COLLECT COD,REG AIR," pinto beans haggle quickly final, c"
5281-4,5281,865,32,4,48.00,84761.28,0.03,0.05,N,O,1996-01-31,1995-12-23,1996-02-08,TAKE BACK RETURN,REG AIR,"s. regular, expre"
5281-5,5281,429,59,5,33.00,43870.86,0.01,0.07,N,O,1996-03-01,1995-12-28,1996-03-05,COLLECT COD,RAIL,uickly silent packages above the regular
5282-1,5282,1174,11,1,36.00,38706.12,0.05,0.02,N,O,1998-05-20,1998-04-10,1998-06-14,DELIVER IN PERSON,TRUCK,"the express, b"
5282-2,5282,518,49,2,32.00,45392.32,0.02,0.05,N,O,1998-03-01,1998-03-31,1998-03-03,NONE,FOB,al deposits haggle sl
5282-3,5282,573,64,3,28.00,41259.96,0.03,0.06,N,O,1998-05-06,1998-04-24,1998-05-30,COLLECT COD,SHIP,uriously against t
5283-1,5283,42,18,1,20.00,18840.80,0.05,0.02,A,F,1994-09-16,1994-08-03,1994-10-15,TAKE BACK RETURN,TRUCK,y regular requests unwind slyly around
5283-2,5283,1860,4,2,1.00,1761.86,0.10,0.08,R,F,1994-06-20,1994-08-03,1994-07-01,COLLECT COD,FOB,ial sheaves are furiously
5284-1,5284,1725,52,1,16.00,26027.52,0.04,0.02,N,O,1995-08-17,1995-08-23,1995-08-26,DELIVER IN PERSON,TRUCK,luffily up the unusual packa
5284-2,5284,431,90,2,24.00,31954.32,0.03,0.08,N,O,1995-10-21,1995-08-23,1995-10-27,COLLECT COD,AIR,ornis sleep carefu
5285-1,5285,1930,75,1,31.00,56789.83,0.08,0.00,A,F,1994-04-17,1994-04-05,1994-05-09,NONE,RAIL, requests. quickly e
5285-2,5285,301,58,2,37.00,44448.10,0.09,0.02,R,F,1994-02-26,1994-02-18,1994-03-27,NONE,SHIP,nstructions
5285-3,5285,339,24,3,24.00,29743.92,0.02,0.04,A,F,1994-04-19,1994-04-03,1994-04-25,DELIVER IN PERSON,FOB,n ideas. furiously even theodolites are. pl
5285-4,5285,422,10,4,12.00,15869.04,0.05,0.06,A,F,1994-04-22,1994-04-07,1994-05-19,NONE,AIR,sly regular pinto beans. slyly regula
5285-5,5285,707,8,5,1.00,1607.70,0.03,0.05,R,F,1994-03-14,1994-02-20,1994-04-10,COLLECT COD,TRUCK,eas alongside of the furiously ironic
5285-6,5285,1457,58,6,1.00,1358.45,0.06,0.01,R,F,1994-02-08,1994-04-02,1994-02-17,COLLECT COD,SHIP,y even pinto beans u
5286-1,5286,1986,31,1,1.00,1887.98,0.01,0.07,N,O,1997-11-25,1997-11-07,1997-12-17,COLLECT COD,REG AIR, slyly regular requests 
5286-2,5286,963,66,2,7.00,13047.72,0.06,0.05,N,O,1997-10-23,1997-12-10,1997-11-20,TAKE BACK RETURN,RAIL,run furiously even theodolites. fluff
5286-3,5286,155,82,3,3.00,3165.45,0.06,0.08,N,O,1997-12-04,1997-11-06,1997-12-09,COLLECT COD,MAIL,otes above 
5286-4,5286,391,20,4,6.00,7748.34,0.04,0.03,N,O,1997-10-15,1997-12-05,1997-11-12,COLLECT COD,RAIL,"nal, final "
5286-5,5286,1854,55,5,38.00,66722.30,0.07,0.05,N,O,1997-11-29,1997-11-26,1997-12-15,TAKE BACK RETURN,SHIP,ckages. slyly even accounts nag c
5286-6,5286,1380,81,6,24.00,30753.12,0.08,0.00,N,O,1997-09-27,1997-12-21,1997-09-30,COLLECT COD,TRUCK,eposits above the quick
5287-1,5287,383,40,1,32.00,41068.16,0.01,0.01,A,F,1994-01-29,1994-01-27,1994-02-08,NONE,RAIL,uses. furiously pending
5312-1,5312,609,3,1,27.00,40759.20,0.04,0.08,A,F,1995-04-20,1995-04-09,1995-04-25,COLLECT COD,SHIP,"cial, ironic mu"
5312-2,5312,11,37,2,43.00,39173.43,0.05,0.08,A,F,1995-03-24,1995-05-07,1995-03-28,NONE,TRUCK,nal courts
5313-1,5313,161,88,1,34.00,36079.44,0.10,0.02,N,O,1997-08-07,1997-08-12,1997-08-24,DELIVER IN PERSON,FOB,s breach slyly. pending foxes nag blit
5313-2,5313,122,75,2,17.00,17376.04,0.00,0.02,N,O,1997-09-02,1997-08-20,1997-09-07,NONE,SHIP,sits sleep
5313-3,5313,1118,91,3,47.00,47898.17,0.06,0.08,N,O,1997-08-12,1997-08-18,1997-08-13,TAKE BACK RETURN,RAIL,ependencies affix quick
5313-4,5313,1966,99,4,16.00,29887.36,0.08,0.00,N,O,1997-10-04,1997-08-02,1997-10-25,COLLECT COD,REG AIR,"ecoys. ironic, regular th"
5313-5,5313,720,85,5,30.00,48621.60,0.06,0.08,N,O,1997-06-27,1997-07-18,1997-06-30,NONE,SHIP,osits affix carefu
5313-6,5313,1200,73,6,21.00,23125.20,0.05,0.05,N,O,1997-09-26,1997-09-02,1997-10-18,COLLECT COD,FOB,nically blithely unusual deposits. ev
5314-1,5314,1173,74,1,10.00,10741.70,0.07,0.05,N,O,1995-09-26,1995-07-24,1995-10-19,DELIVER IN PERSON,RAIL,ic deposits. bold dep
5314-2,5314,1248,49,2,16.00,18387.84,0.00,0.04,N,O,1995-09-25,1995-07-08,1995-10-17,COLLECT COD,SHIP,final pinto beans haggle 
5315-1,5315,346,31,1,12.00,14956.08,0.08,0.06,R,F,1992-12-18,1993-01-16,1993-01-10,NONE,AIR,sits use after the blith
5315-2,5315,1787,88,2,39.00,65862.42,0.00,0.06,R,F,1992-11-09,1992-12-29,1992-12-07,NONE,SHIP,fily final Tiresias. q
5316-1,5316,1078,14,1,29.00,28393.03,0.10,0.05,R,F,1994-03-28,1994-04-29,1994-04-09,DELIVER IN PERSON,REG AIR,ar requests around th
5316-2,5316,1352,53,2,31.00,38853.85,0.00,0.08,A,F,1994-04-01,1994-04-21,1994-04-12,DELIVER IN PERSON,MAIL,uriously. fluffily final de
5317-1,5317,811,11,1,29.00,49642.49,0.02,0.06,A,F,1994-11-28,1994-11-27,1994-12-16,COLLECT COD,FOB," nag. express, i"
5317-2,5317,1703,4,2,18.00,28884.60,0.06,0.06,A,F,1995-01-02,1994-10-29,1995-01-16,NONE,RAIL,nic requests. slyly
5317-3,5317,1192,29,3,37.00,40448.03,0.09,0.00,R,F,1994-09-15,1994-10-24,1994-09-23,NONE,TRUCK,iresias promise among the f
5317-4,5317,665,97,4,50.00,78283.00,0.09,0.01,A,F,1994-10-17,1994-10-25,1994-11-03,NONE,REG AIR,nts according to the blithely pendin
5317-5,5317,948,17,5,19.00,35129.86,0.07,0.07,R,F,1994-12-15,1994-10-18,1994-12-27,NONE,MAIL,ly pending accounts alo
5317-6,5317,1148,85,6,48.00,50358.72,0.01,0.03,A,F,1994-09-19,1994-11-25,1994-10-03,COLLECT COD,MAIL, snooze fluffily. carefully unusua
5317-7,5317,1685,9,7,30.00,47600.40,0.07,0.07,A,F,1994-10-13,1994-10-31,1994-10-28,NONE,AIR,"e the even, unusual instructi"
5318-1,5318,601,95,1,13.00,19520.80,0.10,0.04,R,F,1993-07-15,1993-06-25,1993-08-13,COLLECT COD,REG AIR,y. slyly pending dolphins wake about the
5318-2,5318,1796,97,2,26.00,44142.54,0.00,0.04,R,F,1993-07-07,1993-05-23,1993-07-28,COLLECT COD,SHIP," silent, even ideas sleep slyly along the p"
5318-3,5318,62,88,3,37.00,35596.22,0.07,0.05,A,F,1993-07-09,1993-06-22,1993-07-21,COLLECT COD,SHIP, regular courts ha
5318-4,5318,1413,92,4,31.00,40746.71,0.01,0.04,R,F,1993-07-28,1993-05-06,1993-08-06,DELIVER IN PERSON,REG AIR,to the furiously ironic pinto bea
5319-1,5319,1498,16,1,31.00,43384.19,0.04,0.07,N,O,1996-03-26,1996-03-07,1996-04-24,COLLECT COD,TRUCK,fluffily bold deposits. ironic packages ca
5319-2,5319,433,21,2,39.00,52003.77,0.09,0.05,N,O,1996-05-17,1996-03-14,1996-06-11,NONE,TRUCK,c requests wake after 
5344-1,5344,182,9,1,6.00,6493.08,0.07,0.01,N,O,1998-08-04,1998-09-03,1998-08-11,TAKE BACK RETURN,REG AIR,deposits boost blithely expres
5344-2,5344,782,15,2,37.00,62262.86,0.03,0.07,N,O,1998-10-09,1998-07-26,1998-11-08,NONE,TRUCK,ts. slyly bold package
5344-3,5344,663,64,3,26.00,40655.16,0.02,0.06,N,O,1998-08-27,1998-08-22,1998-09-24,NONE,AIR,lar realms. regular orbits hinder tith
5344-4,5344,382,39,4,21.00,26929.98,0.03,0.01,N,O,1998-08-31,1998-09-06,1998-09-02,NONE,MAIL,ay blithely along the final tithes. qui
5345-1,5345,826,60,1,3.00,5180.46,0.05,0.01,N,O,1997-12-10,1997-10-03,1998-01-05,COLLECT COD,SHIP,cross the daring deposits. b
5345-2,5345,1457,75,2,2.00,2716.90,0.10,0.02,N,O,1997-11-18,1997-10-12,1997-12-08,NONE,MAIL,e the blithely fina
5345-3,5345,1911,100,3,46.00,83393.86,0.06,0.04,N,O,1997-10-06,1997-09-27,1997-10-18,COLLECT COD,REG AIR,"symptotes. final, regular p"
5345-4,5345,1137,46,4,37.00,38410.81,0.01,0.01,N,O,1997-11-01,1997-10-09,1997-11-26,DELIVER IN PERSON,AIR,osits boost slyly. careful
5345-5,5345,336,65,5,22.00,27199.26,0.02,0.02,N,O,1997-08-27,1997-11-22,1997-09-10,TAKE BACK RETURN,MAIL,ions along the quickly
5346-1,5346,1482,100,1,21.00,29053.08,0.07,0.08,R,F,1994-03-11,1994-03-07,1994-04-04,DELIVER IN PERSON,RAIL, packages. carefully
5346-2,5346,1917,6,2,13.00,23645.83,0.04,0.04,A,F,1994-02-03,1994-02-05,1994-02-09,COLLECT COD,TRUCK,ic packages above the fluffily regula
5346-3,5346,1089,25,3,7.00,6930.56,0.08,0.05,A,F,1994-01-30,1994-03-26,1994-01-31,DELIVER IN PERSON,SHIP, deposits haggle quickly a
5346-4,5346,1613,14,4,35.00,53011.35,0.06,0.02,A,F,1994-02-09,1994-03-01,1994-02-14,TAKE BACK RETURN,FOB,ual requests cajole. pen
5346-5,5346,1206,7,5,25.00,27680.00,0.05,0.06,R,F,1993-12-28,1994-03-19,1994-01-09,TAKE BACK RETURN,REG AIR,uffily final packages sleep furiously 
5346-6,5346,330,15,6,6.00,7381.98,0.08,0.04,R,F,1994-03-01,1994-02-04,1994-03-09,NONE,REG AIR,ronic pinto beans whithout the ironic
5346-7,5346,793,58,7,41.00,69445.39,0.05,0.04,R,F,1994-01-10,1994-02-15,1994-01-26,TAKE BACK RETURN,REG AIR, haggle against the c
5347-1,5347,823,90,1,48.00,82743.36,0.04,0.08,A,F,1995-02-25,1995-04-26,1995-03-26,NONE,SHIP,across the regular pinto beans: 
5347-2,5347,1235,10,2,47.00,53402.81,0.02,0.01,N,F,1995-06-05,1995-03-29,1995-06-28,COLLECT COD,AIR,kly bold accounts ha
5347-3,5347,229,84,3,34.00,38393.48,0.06,0.00,A,F,1995-05-18,1995-04-04,1995-06-02,DELIVER IN PERSON,SHIP,dolites sleep about the final pinto beans
5347-4,5347,395,96,4,4.00,5181.56,0.06,0.03,A,F,1995-03-24,1995-04-03,1995-04-01,NONE,SHIP, carefully express request
5347-5,5347,1308,85,5,21.00,25395.30,0.08,0.04,R,F,1995-04-01,1995-04-16,1995-04-23,NONE,SHIP," ironic, ironic deposits around t"
5347-6,5347,555,16,6,6.00,8733.30,0.06,0.02,A,F,1995-04-11,1995-04-14,1995-05-02,NONE,TRUCK,sts sleep packages. s
5347-7,5347,496,26,7,18.00,25136.82,0.01,0.01,N,F,1995-05-24,1995-05-07,1995-06-19,NONE,FOB," quickly. express, unusual f"
5348-1,5348,685,79,1,21.00,33299.28,0.10,0.04,N,O,1997-12-11,1997-12-24,1997-12-28,NONE,REG AIR,lithely ironic requests. fluffi
5348-2,5348,1559,40,2,31.00,45277.05,0.07,0.02,N,O,1998-01-04,1997-12-09,1998-01-17,COLLECT COD,RAIL,sly alongsi
5348-3,5348,167,68,3,16.00,17074.56,0.06,0.08,N,O,1998-02-28,1997-12-25,1998-03-12,DELIVER IN PERSON,AIR,its mold across the slyly 
5348-4,5348,192,19,4,7.00,7645.33,0.04,0.00,N,O,1998-01-29,1997-12-20,1998-02-10,DELIVER IN PERSON,RAIL,daringly pending p
5348-5,5348,19,45,5,37.00,34003.37,0.06,0.07,N,O,1997-12-01,1998-02-02,1997-12-07,NONE,FOB,"eep slyly special, unusual pinto beans-- "
5348-6,5348,1429,69,6,14.00,18625.88,0.06,0.05,N,O,1997-12-16,1998-01-12,1997-12-24,COLLECT COD,FOB,ickly across the furiously
5349-1,5349,1551,52,1,19.00,27598.45,0.06,0.01,N,O,1996-09-11,1996-11-18,1996-09-22,TAKE BACK RETURN,FOB,sly. carefully final packages wake 
5349-2,5349,1672,96,2,14.00,22031.38,0.06,0.00,N,O,1996-11-07,1996-11-17,1996-11-20,TAKE BACK RETURN,TRUCK,lar packages. 
5349-3,5349,35,36,3,6.00,5610.18,0.10,0.01,N,O,1996-12-30,1996-10-08,1997-01-01,DELIVER IN PERSON,MAIL,y slyly final pinto beans. sl
5350-1,5350,1211,12,1,19.00,21131.99,0.02,0.06,R,F,1993-10-20,1993-11-15,1993-11-17,DELIVER IN PERSON,RAIL,s run blithely silen
5350-2,5350,1909,98,2,44.00,79679.60,0.04,0.06,R,F,1993-10-30,1993-11-23,1993-11-25,DELIVER IN PERSON,AIR, wake closely above the instruc
5350-3,5350,531,92,3,12.00,17178.36,0.10,0.04,A,F,1994-01-30,1993-11-21,1994-02-15,COLLECT COD,REG AIR,beans run fluffily. express ideas sleep f
5350-4,5350,1550,31,4,7.00,10160.85,0.08,0.00,R,F,1993-10-19,1993-12-28,1993-11-04,NONE,SHIP, packages are a
5350-5,5350,1288,89,5,27.00,32110.56,0.07,0.04,A,F,1993-11-25,1993-12-27,1993-12-08,COLLECT COD,TRUCK,ructions should have to are 
5351-1,5351,61,12,1,36.00,34598.16,0.06,0.05,N,O,1998-07-27,1998-07-06,1998-08-25,NONE,MAIL, carefully final grouches. even packages 
5351-2,5351,321,50,2,47.00,57402.04,0.04,0.01,N,O,1998-05-30,1998-08-08,1998-06-23,DELIVER IN PERSON,REG AIR,kages. requests cajole b
5351-3,5351,1054,60,3,2.00,1910.10,0.00,0.02,N,O,1998-05-12,1998-07-15,1998-05-24,NONE,TRUCK,e slyly. quickly regular packages grow car
5376-1,5376,608,2,1,42.00,63361.20,0.10,0.04,A,F,1994-09-20,1994-08-30,1994-09-29,TAKE BACK RETURN,REG AIR,nally even instructions cajole sometimes
5376-2,5376,910,79,2,44.00,79680.04,0.05,0.02,R,F,1994-08-30,1994-08-05,1994-09-07,COLLECT COD,AIR,s the blithely slow ideas. slyly ironic d
5376-3,5376,649,50,3,18.00,27893.52,0.02,0.08,A,F,1994-10-29,1994-09-13,1994-11-01,COLLECT COD,MAIL,ests atop the
5377-1,5377,782,47,1,40.00,67311.20,0.00,0.04,N,O,1997-05-21,1997-06-15,1997-05-26,DELIVER IN PERSON,AIR,ily atop the theodolites. bold pack
5377-2,5377,294,76,2,17.00,20302.93,0.09,0.00,N,O,1997-07-05,1997-05-25,1997-07-22,COLLECT COD,RAIL, regular requests. ironic the
5377-3,5377,1025,96,3,23.00,21298.46,0.07,0.08,N,O,1997-06-26,1997-07-13,1997-07-08,COLLECT COD,RAIL,d deposits
5377-4,5377,1032,68,4,12.00,11196.36,0.05,0.07,N,O,1997-05-08,1997-06-15,1997-05-15,DELIVER IN PERSON,MAIL,ic accounts. b
5377-5,5377,1723,66,5,27.00,43867.44,0.08,0.02,N,O,1997-07-11,1997-06-12,1997-08-08,TAKE BACK RETURN,MAIL,e furiously alongsid
5378-1,5378,1548,89,1,39.00,56532.06,0.07,0.04,R,F,1992-11-25,1992-12-22,1992-12-02,COLLECT COD,AIR,. pending deposits wake c
5378-2,5378,611,74,2,46.00,69534.06,0.01,0.04,A,F,1993-02-17,1993-01-20,1993-02-26,COLLECT COD,REG AIR,press requests engag
5378-3,5378,98,74,3,18.00,17965.62,0.02,0.03,R,F,1992-11-25,1992-12-21,1992-12-10,COLLECT COD,FOB,ly final pinto beans aff
5379-1,5379,1988,33,1,40.00,75599.20,0.01,0.08,N,O,1995-10-01,1995-10-19,1995-10-30,COLLECT COD,MAIL,st the closely daring deposits. fluffily r
5380-1,5380,1813,14,1,14.00,24007.34,0.10,0.01,N,O,1997-12-18,1997-12-03,1998-01-06,NONE,RAIL,ss the boldly sp
5380-2,5380,1464,82,2,10.00,13654.60,0.09,0.05,N,O,1997-11-24,1998-01-10,1997-12-21,COLLECT COD,AIR,s-- blithely final gifts sleep blithely s
5380-3,5380,1838,82,3,40.00,69593.20,0.02,0.08,N,O,1997-12-30,1997-11-27,1998-01-09,DELIVER IN PERSON,SHIP,ously even gifts haggle f
5380-4,5380,658,21,4,6.00,9351.90,0.09,0.05,N,O,1997-11-15,1998-01-08,1997-12-11,COLLECT COD,MAIL,s. quickly quick requests detect. bl
5380-5,5380,1068,69,5,48.00,46514.88,0.04,0.03,N,O,1997-12-01,1997-12-28,1997-12-05,DELIVER IN PERSON,FOB,"nding, final depo"
5381-1,5381,1874,18,1,37.00,65707.19,0.04,0.01,A,F,1993-04-08,1993-04-07,1993-04-12,DELIVER IN PERSON,SHIP,s wake furiously final packages. quickly 
5381-2,5381,1101,74,2,48.00,48100.80,0.04,0.03,R,F,1993-04-22,1993-04-17,1993-05-14,TAKE BACK RETURN,FOB,ay furiously
5381-3,5381,1911,12,3,13.00,23567.83,0.08,0.03,R,F,1993-05-09,1993-04-26,1993-05-25,NONE,FOB,unusual depos
5381-4,5381,1673,97,4,17.00,26769.39,0.05,0.05,R,F,1993-05-25,1993-04-14,1993-06-17,NONE,MAIL, requests. slyly express depos
5381-5,5381,624,18,5,49.00,74706.38,0.06,0.02,R,F,1993-05-08,1993-04-07,1993-06-03,NONE,FOB,oost carefully across the 
5381-6,5381,1311,88,6,33.00,40006.23,0.10,0.00,A,F,1993-04-09,1993-04-03,1993-04-22,DELIVER IN PERSON,SHIP,gle against the furi
5381-7,5381,434,22,7,31.00,41367.33,0.04,0.05,A,F,1993-04-10,1993-03-22,1993-04-13,TAKE BACK RETURN,MAIL,ges. fluffily ironi
5382-1,5382,1530,11,1,34.00,48672.02,0.03,0.03,R,F,1992-02-22,1992-02-18,1992-03-02,DELIVER IN PERSON,FOB,ietly. slyly pending instructions engag
5382-2,5382,549,80,2,13.00,18844.02,0.09,0.06,A,F,1992-01-16,1992-03-12,1992-02-06,NONE,MAIL,furiously furiously eve
5382-3,5382,1481,82,3,3.00,4147.44,0.10,0.06,A,F,1992-03-22,1992-03-06,1992-04-19,TAKE BACK RETURN,AIR, lose against
5382-4,5382,618,81,4,20.00,30372.20,0.08,0.02,A,F,1992-03-26,1992-02-17,1992-04-15,DELIVER IN PERSON,FOB,al instructions nod carefully across
5382-5,5382,1763,64,5,14.00,23306.64,0.02,0.02,A,F,1992-04-05,1992-04-05,1992-05-04,TAKE BACK RETURN,FOB,unts. regular theodo
5382-6,5382,1798,83,6,6.00,10198.74,0.02,0.01,A,F,1992-03-07,1992-04-02,1992-03-18,TAKE BACK RETURN,FOB,oost slyly. blithely fi
5382-7,5382,1044,50,7,48.00,45361.92,0.05,0.05,A,F,1992-02-14,1992-03-19,1992-02-25,DELIVER IN PERSON,REG AIR,e of the furiously even 
5383-1,5383,952,53,1,12.00,22235.40,0.04,0.00,N,O,1995-07-02,1995-08-16,1995-08-01,TAKE BACK RETURN,AIR,integrate furiously
5408-1,5408,1020,91,1,2.00,1842.04,0.07,0.04,R,F,1992-08-21,1992-10-03,1992-08-28,DELIVER IN PERSON,MAIL,rays may solve. slyl
5408-2,5408,1178,15,2,35.00,37770.95,0.04,0.05,R,F,1992-10-02,1992-10-17,1992-10-13,TAKE BACK RETURN,AIR,ounts. blithely even requests cajole acro
5408-3,5408,752,85,3,34.00,56193.50,0.10,0.02,A,F,1992-10-22,1992-08-25,1992-11-16,DELIVER IN PERSON,TRUCK,thely. sometimes ironic re
5408-4,5408,532,63,4,48.00,68761.44,0.04,0.05,R,F,1992-09-30,1992-08-27,1992-10-27,NONE,TRUCK,te blithely across t
5408-5,5408,1826,13,5,8.00,13822.56,0.03,0.07,A,F,1992-10-24,1992-09-06,1992-11-03,NONE,AIR,lent courts above t
5409-1,5409,1934,67,1,27.00,49570.11,0.01,0.02,A,F,1992-02-14,1992-03-18,1992-02-23,DELIVER IN PERSON,AIR,o beans sl
5409-2,5409,1036,37,2,38.00,35607.14,0.01,0.02,A,F,1992-03-17,1992-03-29,1992-04-13,NONE,REG AIR,"nent theodolites. silent, final instr"
5409-3,5409,1404,22,3,17.00,22191.80,0.07,0.00,A,F,1992-01-13,1992-04-05,1992-01-20,DELIVER IN PERSON,AIR, carefully. i
5409-4,5409,5,81,4,9.00,8145.00,0.07,0.03,A,F,1992-02-15,1992-04-02,1992-02-28,DELIVER IN PERSON,AIR,s: blithely ironic depos
5409-5,5409,1582,83,5,37.00,54892.46,0.06,0.04,R,F,1992-05-07,1992-02-10,1992-05-20,DELIVER IN PERSON,FOB,ly bold accounts. regular packag
5409-6,5409,640,72,6,14.00,21568.96,0.03,0.08,R,F,1992-02-14,1992-03-26,1992-02-29,DELIVER IN PERSON,AIR, are fluffily blithely
5410-1,5410,1168,69,1,48.00,51319.68,0.04,0.08,N,O,1998-09-27,1998-09-11,1998-10-01,TAKE BACK RETURN,AIR,ietly quickly even tithes. regular ideas ha
5410-2,5410,1045,81,2,41.00,38787.64,0.01,0.07,N,O,1998-08-25,1998-10-20,1998-09-01,DELIVER IN PERSON,REG AIR,nal ideas haggle according to
5410-3,5410,281,9,3,40.00,47251.20,0.07,0.08,N,O,1998-11-17,1998-10-02,1998-11-27,COLLECT COD,TRUCK,ix even theodolites. carefully unusu
5410-4,5410,496,26,4,8.00,11171.92,0.05,0.04,N,O,1998-09-12,1998-10-22,1998-09-22,DELIVER IN PERSON,TRUCK,"arefully after the regular, bold p"
5411-1,5411,955,24,1,17.00,31551.15,0.05,0.01,N,O,1997-07-22,1997-07-14,1997-07-30,TAKE BACK RETURN,REG AIR,ding theodolites cajole boldly before t
5411-2,5411,1121,58,2,10.00,10221.20,0.08,0.01,N,O,1997-07-19,1997-08-04,1997-07-26,TAKE BACK RETURN,MAIL,quests cajole blithely c
5411-3,5411,551,52,3,5.00,7257.75,0.10,0.01,N,O,1997-09-12,1997-08-03,1997-09-23,DELIVER IN PERSON,FOB,ly regular instructi
5411-4,5411,1286,61,4,15.00,17809.20,0.08,0.05,N,O,1997-07-01,1997-07-15,1997-07-07,COLLECT COD,RAIL,s print. quiet tithes sleep pi
5411-5,5411,31,32,5,19.00,17689.57,0.05,0.08,N,O,1997-05-25,1997-07-30,1997-06-19,COLLECT COD,RAIL,ly final accounts above the fur
5412-1,5412,531,92,1,2.00,2863.06,0.03,0.07,N,O,1998-04-14,1998-04-02,1998-04-19,TAKE BACK RETURN,REG AIR,ld pinto beans. blithel
5412-2,5412,652,46,2,48.00,74527.20,0.01,0.08,N,O,1998-02-22,1998-03-28,1998-03-18,TAKE BACK RETURN,TRUCK,times slyly ironic deposits. silent i
5412-3,5412,737,34,3,31.00,50769.63,0.05,0.08,N,O,1998-03-23,1998-04-17,1998-04-10,NONE,SHIP,quickly daring pinto beans cajole furio
5412-4,5412,964,33,4,26.00,48488.96,0.02,0.08,N,O,1998-01-22,1998-04-19,1998-02-17,NONE,AIR,ans are slyl
5413-1,5413,1255,56,1,48.00,55500.00,0.02,0.08,N,O,1998-01-25,1997-11-20,1998-02-22,COLLECT COD,SHIP,"hely ironic, ironic foxes. final, ir"
5413-2,5413,1419,59,2,37.00,48855.17,0.02,0.07,N,O,1997-12-08,1998-01-01,1997-12-13,COLLECT COD,TRUCK,"iously on the frays. final, express sautern"
5413-3,5413,1109,82,3,36.00,36363.60,0.02,0.07,N,O,1997-12-12,1997-11-28,1997-12-25,NONE,TRUCK, the fluffily ironic theodolites. carefu
5413-4,5413,1093,29,4,22.00,21869.98,0.02,0.08,N,O,1997-11-10,1997-11-24,1997-11-22,DELIVER IN PERSON,FOB, after the ca
5413-5,5413,1887,17,5,5.00,8944.40,0.10,0.01,N,O,1997-11-28,1997-11-24,1997-12-05,NONE,RAIL,ackages ha
5413-6,5413,1891,92,6,32.00,57372.48,0.02,0.03,N,O,1997-10-28,1998-01-03,1997-11-10,NONE,TRUCK,regular deposits? quick
5413-7,5413,301,30,7,32.00,38441.60,0.06,0.07,N,O,1997-10-23,1997-12-09,1997-11-17,NONE,TRUCK,es cajole carefully among the carefully e
5414-1,5414,671,72,1,40.00,62866.80,0.07,0.06,R,F,1993-04-07,1993-05-18,1993-04-23,COLLECT COD,AIR,"timents. ironic, clo"
5414-2,5414,1222,60,2,48.00,53914.56,0.06,0.07,R,F,1993-06-08,1993-05-14,1993-07-06,DELIVER IN PERSON,FOB,"thely final deposits. silent, silent dol"
5414-3,5414,348,33,3,23.00,28711.82,0.10,0.00,A,F,1993-07-22,1993-05-26,1993-08-08,COLLECT COD,MAIL,ges. unusual packages wake car
5414-4,5414,1321,22,4,15.00,18334.80,0.06,0.08,R,F,1993-05-18,1993-06-09,1993-05-27,DELIVER IN PERSON,REG AIR,"ag blithely after the regular, spe"
5414-5,5414,84,10,5,19.00,18697.52,0.01,0.05,R,F,1993-04-06,1993-05-12,1993-05-02,DELIVER IN PERSON,RAIL, express attainments use. r
5414-6,5414,972,41,6,28.00,52443.16,0.10,0.05,A,F,1993-03-27,1993-06-04,1993-04-07,TAKE BACK RETURN,SHIP,press ideas
5415-1,5415,1018,54,1,44.00,40436.44,0.00,0.06,A,F,1992-08-19,1992-10-26,1992-09-17,TAKE BACK RETURN,TRUCK,t the carefully silent theodolites. regular
5415-2,5415,303,88,2,16.00,19252.80,0.08,0.00,A,F,1992-09-29,1992-09-12,1992-10-10,NONE,AIR,g the furiously regular wate
5415-3,5415,1011,82,3,6.00,5472.06,0.10,0.03,A,F,1992-10-28,1992-09-09,1992-11-20,COLLECT COD,RAIL,gside of the packa
5415-4,5415,151,52,4,43.00,45199.45,0.01,0.02,R,F,1992-11-17,1992-09-14,1992-12-14,DELIVER IN PERSON,SHIP,theodolites among the slow dolphins ca
5415-5,5415,1601,25,5,11.00,16528.60,0.00,0.01,R,F,1992-11-22,1992-10-19,1992-12-10,DELIVER IN PERSON,SHIP,nal package
5415-6,5415,1438,78,6,46.00,61613.78,0.03,0.03,R,F,1992-08-25,1992-09-10,1992-09-22,DELIVER IN PERSON,REG AIR,y final packages
5415-7,5415,1530,31,7,11.00,15746.83,0.08,0.06,A,F,1992-08-21,1992-09-04,1992-08-23,NONE,TRUCK,press accounts integrate on the
5440-1,5440,1141,14,1,3.00,3126.42,0.02,0.08,N,O,1997-02-18,1997-02-28,1997-03-15,NONE,SHIP,ts. fluffily regular deposits int
5441-1,5441,1635,18,1,3.00,4609.89,0.00,0.02,R,F,1994-08-12,1994-10-14,1994-09-01,TAKE BACK RETURN,REG AIR,tect quickly f
5441-2,5441,1308,9,2,49.00,59255.70,0.02,0.03,A,F,1994-09-23,1994-09-22,1994-10-22,NONE,FOB,onic excuses are fu
5441-3,5441,1431,49,3,33.00,43970.19,0.09,0.02,R,F,1994-10-09,1994-10-06,1994-10-30,DELIVER IN PERSON,TRUCK, according to the acco
5441-4,5441,662,25,4,47.00,73445.02,0.07,0.08,R,F,1994-11-19,1994-10-16,1994-12-16,TAKE BACK RETURN,FOB,es. furiously regular deposits are atop 
5442-1,5442,420,79,1,16.00,21126.72,0.00,0.00,N,O,1998-04-12,1998-03-03,1998-05-04,TAKE BACK RETURN,RAIL," sleep furiously up the special, enticing p"
5442-2,5442,872,72,2,45.00,79779.15,0.08,0.01,N,O,1998-03-30,1998-02-24,1998-04-18,TAKE BACK RETURN,AIR,e furiously iron
5442-3,5442,604,67,3,12.00,18055.20,0.01,0.08,N,O,1998-04-15,1998-03-18,1998-05-05,DELIVER IN PERSON,TRUCK,"ans. idle, "
5442-4,5442,1573,74,4,21.00,30965.97,0.07,0.06,N,O,1998-03-13,1998-02-19,1998-04-06,COLLECT COD,MAIL,ously. requests dazzle furiously ironic a
5442-5,5442,160,61,5,25.00,26504.00,0.04,0.00,N,O,1998-03-29,1998-02-13,1998-04-13,TAKE BACK RETURN,REG AIR,ar deposits should have to nag 
5442-6,5442,1436,54,6,26.00,34773.18,0.08,0.07,N,O,1998-03-21,1998-03-21,1998-03-25,TAKE BACK RETURN,AIR,y above the special packages-- express de
5443-1,5443,1773,74,1,14.00,23446.78,0.02,0.00,N,O,1996-10-27,1996-11-11,1996-11-21,DELIVER IN PERSON,RAIL,n requests maintain carefully regular war
5443-2,5443,714,15,2,39.00,62973.69,0.03,0.07,N,O,1996-11-01,1996-11-30,1996-11-19,NONE,RAIL,"ong the ironic, unusual accounts. p"
5443-3,5443,1598,79,3,25.00,37489.75,0.05,0.00,N,O,1996-12-07,1997-01-08,1997-01-05,NONE,FOB, furiously final packages. blithe
5443-4,5443,1902,91,4,6.00,10823.40,0.05,0.02,N,O,1996-11-17,1996-12-03,1996-11-30,TAKE BACK RETURN,AIR,equests sublate
5443-5,5443,828,62,5,40.00,69152.80,0.03,0.03,N,O,1997-01-28,1996-12-10,1997-02-13,NONE,FOB,ully above the fluff
5444-1,5444,1856,86,1,21.00,36914.85,0.01,0.07,A,F,1995-04-11,1995-04-25,1995-04-21,DELIVER IN PERSON,RAIL,affix carefully after the f
5444-2,5444,422,81,2,40.00,52896.80,0.05,0.08,N,O,1995-07-09,1995-04-25,1995-07-19,COLLECT COD,TRUCK,y about the slyly bold packages. ideas w
5444-3,5444,1499,17,3,40.00,56019.60,0.08,0.01,A,F,1995-04-06,1995-05-08,1995-05-06,DELIVER IN PERSON,AIR,structions slee
5444-4,5444,590,51,4,33.00,49189.47,0.05,0.04,N,O,1995-06-24,1995-04-24,1995-07-13,DELIVER IN PERSON,SHIP,s sleep along the final ideas? regula
5444-5,5444,1707,34,5,21.00,33782.70,0.04,0.00,R,F,1995-05-05,1995-05-25,1995-05-29,TAKE BACK RETURN,REG AIR,ctions haggle:
5444-6,5444,191,44,6,21.00,22914.99,0.07,0.01,A,F,1995-03-30,1995-05-01,1995-03-31,COLLECT COD,AIR,ymptotes are stealthily bli
5445-1,5445,892,59,1,33.00,59165.37,0.08,0.07,A,F,1993-10-21,1993-10-14,1993-10-28,DELIVER IN PERSON,REG AIR,nusual asymptotes. quick
5445-2,5445,1302,3,2,12.00,14439.60,0.09,0.08,R,F,1993-11-02,1993-09-05,1993-11-26,COLLECT COD,FOB,hy requests boost blithely. blithely fi
5445-3,5445,1029,100,3,46.00,42780.92,0.04,0.07,A,F,1993-10-06,1993-09-15,1993-10-28,DELIVER IN PERSON,RAIL,ve the car
5445-4,5445,1487,88,4,10.00,13884.80,0.08,0.06,A,F,1993-09-16,1993-10-05,1993-10-01,NONE,TRUCK,"r, ironic "
5445-5,5445,125,78,5,14.00,14351.68,0.00,0.02,R,F,1993-11-19,1993-10-18,1993-12-07,NONE,RAIL,"usual, even pinto be"
5446-1,5446,1894,81,1,27.00,48489.03,0.05,0.07,R,F,1994-07-21,1994-08-25,1994-08-17,TAKE BACK RETURN,RAIL,le blithely slyly sil
5447-1,5447,986,21,1,31.00,58496.38,0.09,0.03,N,O,1996-07-14,1996-05-07,1996-07-17,COLLECT COD,SHIP,s. fluffily ironic asymptotes unwind fluffi
5472-1,5472,590,91,1,27.00,40245.93,0.09,0.06,A,F,1993-08-04,1993-07-07,1993-09-03,COLLECT COD,TRUCK,ajole. final foxes play pinto 
5472-2,5472,677,71,2,28.00,44174.76,0.00,0.03,A,F,1993-07-28,1993-05-28,1993-08-11,TAKE BACK RETURN,FOB,packages. sl
5472-3,5472,1773,58,3,45.00,75364.65,0.06,0.02,R,F,1993-06-05,1993-05-14,1993-06-10,NONE,TRUCK, grouches boost regu
5472-4,5472,1837,24,4,37.00,64336.71,0.07,0.05,R,F,1993-06-15,1993-07-03,1993-07-09,DELIVER IN PERSON,RAIL,y ironic ideas nag among the ir
5472-5,5472,741,42,5,40.00,65669.60,0.02,0.05,A,F,1993-04-13,1993-07-04,1993-05-04,NONE,REG AIR,en theodolites. brave packages breach care
5472-6,5472,1670,94,6,39.00,61295.13,0.02,0.03,R,F,1993-04-18,1993-07-10,1993-05-12,TAKE BACK RETURN,MAIL, the ironic gifts. 
5472-7,5472,144,23,7,1.00,1044.14,0.03,0.02,A,F,1993-04-14,1993-06-28,1993-04-16,NONE,RAIL,le furiously
5473-1,5473,479,9,1,9.00,12415.23,0.03,0.07,R,F,1992-06-03,1992-05-30,1992-06-09,TAKE BACK RETURN,AIR,"counts sleep slyly. permanent, ironi"
5473-2,5473,692,93,2,27.00,43002.63,0.01,0.03,A,F,1992-04-06,1992-04-26,1992-04-29,TAKE BACK RETURN,MAIL,l requests. ironic asymptotes w
5473-3,5473,145,24,3,33.00,34489.62,0.09,0.00,R,F,1992-05-18,1992-06-10,1992-06-13,TAKE BACK RETURN,MAIL,ts detect slyly across 
5474-1,5474,1838,39,1,38.00,66113.54,0.01,0.08,A,F,1992-07-15,1992-07-16,1992-07-20,NONE,REG AIR,sits haggle pen
5474-2,5474,937,40,2,10.00,18379.30,0.06,0.00,R,F,1992-08-08,1992-08-10,1992-08-24,TAKE BACK RETURN,TRUCK,y even dep
5474-3,5474,479,38,3,31.00,42763.57,0.00,0.08,R,F,1992-08-02,1992-07-12,1992-08-04,NONE,TRUCK,"- express, ironic dependencies wak"
5474-4,5474,896,63,4,46.00,82656.94,0.03,0.04,A,F,1992-06-07,1992-07-11,1992-06-22,NONE,TRUCK,as sleep. blithely
5475-1,5475,1825,55,1,10.00,17268.20,0.09,0.08,N,O,1996-07-19,1996-08-22,1996-07-23,COLLECT COD,AIR,"g, regular accounts; pinto bea"
5476-1,5476,477,36,1,13.00,17907.11,0.01,0.04,N,O,1997-12-27,1997-12-08,1997-12-29,COLLECT COD,TRUCK,"nding, even excus"
5476-2,5476,197,24,2,17.00,18652.23,0.10,0.01,N,O,1998-02-02,1998-01-28,1998-02-14,COLLECT COD,FOB, tithes nag furiously unusu
5477-1,5477,793,90,1,20.00,33875.80,0.03,0.01,N,O,1998-03-21,1998-02-09,1998-04-07,TAKE BACK RETURN,SHIP,hely after the quickly bol
5477-2,5477,762,95,2,21.00,34917.96,0.03,0.00,N,O,1998-01-28,1998-02-15,1998-02-24,TAKE BACK RETURN,SHIP,tes wake slyly afte
5477-3,5477,1338,39,3,31.00,38419.23,0.04,0.01,N,O,1998-01-11,1998-01-30,1998-02-04,DELIVER IN PERSON,MAIL,special packages promise slyly slyly expres
5477-4,5477,1922,11,4,16.00,29182.72,0.00,0.01,N,O,1998-03-07,1998-03-12,1998-04-06,COLLECT COD,RAIL,. carefull
5477-5,5477,958,27,5,23.00,42755.85,0.00,0.06,N,O,1998-01-04,1998-02-23,1998-01-24,NONE,REG AIR,ruthless theodolites. c
5477-6,5477,1204,42,6,19.00,20998.80,0.10,0.03,N,O,1998-02-03,1998-01-30,1998-03-04,TAKE BACK RETURN,MAIL,cross the quickly even 
5478-1,5478,73,74,1,39.00,37949.73,0.09,0.06,N,O,1996-08-19,1996-06-25,1996-09-08,DELIVER IN PERSON,SHIP,"ly ironic, ev"
5478-2,5478,11,37,2,47.00,42817.47,0.10,0.01,N,O,1996-08-15,1996-07-12,1996-08-31,NONE,RAIL,ly-- pinto beans haggle blithely slyly 
5478-3,5478,1189,26,3,25.00,27254.50,0.09,0.07,N,O,1996-06-08,1996-07-12,1996-07-07,NONE,TRUCK,jole carefully slyly ironic braids. car
5479-1,5479,1378,17,1,50.00,63968.50,0.02,0.02,A,F,1993-12-24,1994-02-14,1994-01-18,DELIVER IN PERSON,MAIL,. requests nag slyly requests. slyl
5479-2,5479,1040,41,2,19.00,17879.76,0.05,0.03,A,F,1994-01-22,1994-03-07,1994-02-11,DELIVER IN PERSON,SHIP,sts. slyly 
5504-1,5504,672,35,1,4.00,6290.68,0.10,0.07,A,F,1993-04-30,1993-03-01,1993-05-22,DELIVER IN PERSON,AIR,lly regular deposi
5504-2,5504,1761,62,2,7.00,11639.32,0.03,0.05,R,F,1993-04-25,1993-03-15,1993-05-06,NONE,TRUCK,quickly pains. busily regular deposits d
5504-3,5504,1596,17,3,29.00,43430.11,0.05,0.03,A,F,1993-01-28,1993-02-13,1993-02-27,NONE,SHIP,ly ironic deposits wa
5505-1,5505,246,28,1,43.00,49288.32,0.07,0.01,N,O,1997-12-30,1997-11-28,1998-01-09,TAKE BACK RETURN,TRUCK,tes. deposits lose slyly. regular ac
5505-2,5505,1815,45,2,33.00,56654.73,0.05,0.08,N,O,1998-01-11,1997-11-11,1998-01-30,TAKE BACK RETURN,AIR, even theodolites. ironic asymp
5505-3,5505,1547,28,3,10.00,14485.40,0.06,0.01,N,O,1997-10-28,1997-11-27,1997-10-29,DELIVER IN PERSON,AIR,despite the blithely si
5505-4,5505,395,52,4,18.00,23317.02,0.04,0.04,N,O,1997-10-25,1997-12-12,1997-10-30,TAKE BACK RETURN,RAIL,ronic packages. carefully e
5505-5,5505,1620,3,5,46.00,69994.52,0.05,0.00,N,O,1998-01-06,1997-11-04,1998-02-04,TAKE BACK RETURN,SHIP,stealthily final accounts. carefully ir
5506-1,5506,1394,95,1,2.00,2590.78,0.00,0.03,R,F,1994-02-04,1994-01-13,1994-02-17,COLLECT COD,MAIL,pths. slyly final dolphins b
5506-2,5506,1591,92,2,6.00,8955.54,0.07,0.06,R,F,1994-02-21,1994-01-30,1994-02-27,DELIVER IN PERSON,MAIL,osits haggle blithely along the carefu
5507-1,5507,96,47,1,23.00,22910.07,0.05,0.04,N,O,1998-09-04,1998-07-04,1998-09-18,TAKE BACK RETURN,AIR,ironic instructions. fluffily final ac
5507-2,5507,1377,78,2,48.00,61361.76,0.03,0.01,N,O,1998-08-03,1998-08-10,1998-08-24,DELIVER IN PERSON,AIR,ly. quickly regular deposits nod ne
5507-3,5507,447,77,3,4.00,5389.76,0.04,0.06,N,O,1998-06-06,1998-07-02,1998-06-27,TAKE BACK RETURN,RAIL,hely special r
5507-4,5507,669,1,4,22.00,34532.52,0.07,0.01,N,O,1998-07-08,1998-08-10,1998-07-22,DELIVER IN PERSON,TRUCK,accounts. silently enticin
5507-5,5507,1315,16,5,48.00,58382.88,0.06,0.01,N,O,1998-07-21,1998-07-15,1998-07-31,DELIVER IN PERSON,SHIP,lly final theodolite
5508-1,5508,1170,79,1,4.00,4284.68,0.10,0.04,N,O,1996-09-01,1996-08-02,1996-09-17,COLLECT COD,AIR,y pending asymptotes. ca
5509-1,5509,1967,56,1,3.00,5606.88,0.03,0.02,A,F,1994-06-14,1994-05-11,1994-06-17,NONE,SHIP,phins. accou
5509-2,5509,986,89,2,17.00,32078.66,0.03,0.07,R,F,1994-07-01,1994-06-30,1994-07-31,COLLECT COD,AIR,ing packages po
5509-3,5509,927,30,3,30.00,54837.60,0.04,0.04,A,F,1994-07-23,1994-06-01,1994-08-08,NONE,AIR,even accounts across the carefully un
5509-4,5509,999,68,4,45.00,85499.55,0.00,0.07,A,F,1994-07-24,1994-05-28,1994-08-20,COLLECT COD,AIR,yly even packag
5509-5,5509,1558,79,5,35.00,51084.25,0.04,0.03,A,F,1994-04-17,1994-06-29,1994-04-24,COLLECT COD,RAIL,foxes affix am
5510-1,5510,159,38,1,8.00,8473.20,0.01,0.01,A,F,1993-03-16,1993-03-29,1993-03-24,DELIVER IN PERSON,FOB,sts. slyly ironic re
5510-2,5510,193,72,2,46.00,50286.74,0.02,0.07,A,F,1993-03-12,1993-02-09,1993-03-19,NONE,TRUCK,uriously pending excuses up the carefull
5510-3,5510,1611,12,3,47.00,71092.67,0.03,0.01,A,F,1993-01-20,1993-03-25,1993-02-15,DELIVER IN PERSON,SHIP,ideas. depths cajole about the bold req
5510-4,5510,234,16,4,29.00,32892.67,0.09,0.08,A,F,1993-02-28,1993-03-28,1993-03-12,COLLECT COD,AIR,ructions. pinto beans cajol
5511-1,5511,1645,87,1,16.00,24746.24,0.10,0.05,A,F,1995-02-02,1995-01-06,1995-02-19,TAKE BACK RETURN,RAIL,. gifts about the thinl
5511-2,5511,1642,66,2,31.00,47852.84,0.09,0.01,A,F,1995-02-23,1995-01-21,1995-03-02,COLLECT COD,REG AIR,ng ideas. quickly unusual ideas sleep. car
5511-3,5511,1278,16,3,49.00,57784.23,0.05,0.05,R,F,1994-12-21,1995-01-27,1994-12-26,NONE,REG AIR,. ironic ideas print blithely f
5511-4,5511,1215,53,4,4.00,4464.84,0.08,0.02,R,F,1994-12-28,1995-01-16,1995-01-24,TAKE BACK RETURN,RAIL,n the carefully even frays.
5511-5,5511,90,16,5,23.00,22772.07,0.10,0.07,A,F,1995-03-11,1995-01-21,1995-03-27,TAKE BACK RETURN,TRUCK,gged foxes d
5511-6,5511,1875,62,6,5.00,8884.35,0.08,0.05,R,F,1994-12-29,1995-01-16,1995-01-24,DELIVER IN PERSON,MAIL,ultipliers might wake above the f
5511-7,5511,1427,45,7,23.00,30553.66,0.02,0.07,R,F,1995-02-03,1995-01-05,1995-02-18,COLLECT COD,REG AIR,gular instructions sleep fur
5536-1,5536,898,98,1,14.00,25184.46,0.08,0.06,N,O,1998-05-18,1998-05-08,1998-06-05,COLLECT COD,MAIL,out the furiously e
5536-2,5536,611,43,2,20.00,30232.20,0.08,0.04,N,O,1998-05-08,1998-05-10,1998-05-31,DELIVER IN PERSON,REG AIR,e blithely
5536-3,5536,1969,14,3,35.00,65483.60,0.07,0.02,N,O,1998-05-19,1998-06-08,1998-06-05,NONE,MAIL,gular depende
5536-4,5536,89,90,4,30.00,29672.40,0.05,0.07,N,O,1998-04-15,1998-05-23,1998-05-03,NONE,FOB," sleep furiously regular, sly deposits"
5536-5,5536,1409,10,5,11.00,14414.40,0.02,0.08,N,O,1998-03-18,1998-05-12,1998-03-28,TAKE BACK RETURN,FOB,s cajole care
5537-1,5537,441,100,1,10.00,13414.40,0.05,0.08,N,O,1997-01-13,1996-12-25,1997-01-28,TAKE BACK RETURN,AIR,unts are quickly alongside of the
5537-2,5537,1495,13,2,15.00,20947.35,0.07,0.04,N,O,1997-01-13,1996-12-25,1997-01-27,COLLECT COD,AIR,ges are alongside of the busily reg
5537-3,5537,1509,90,3,39.00,55009.50,0.03,0.00,N,O,1996-12-17,1996-11-08,1997-01-15,COLLECT COD,REG AIR,"the ironic, unusual pearls n"
5537-4,5537,961,64,4,38.00,70754.48,0.01,0.00,N,O,1996-11-06,1996-11-23,1996-11-12,TAKE BACK RETURN,MAIL,as according to the ironic pinto beans
5538-1,5538,1534,15,1,42.00,60292.26,0.05,0.00,A,F,1994-04-08,1994-03-17,1994-05-05,DELIVER IN PERSON,REG AIR,t slyly. blithely bold deposits haggle slyl
5538-2,5538,1201,2,2,4.00,4408.80,0.02,0.03,R,F,1994-03-21,1994-02-17,1994-04-11,TAKE BACK RETURN,REG AIR,ns. deposits wake 
5538-3,5538,186,13,3,38.00,41274.84,0.03,0.06,R,F,1994-03-17,1994-02-11,1994-04-10,TAKE BACK RETURN,FOB,"nic, special deposits-- blithely pend"
5538-4,5538,777,74,4,9.00,15099.93,0.00,0.01,R,F,1993-12-26,1994-01-31,1994-01-03,TAKE BACK RETURN,REG AIR,s are carefully alongside of th
5539-1,5539,645,39,1,42.00,64916.88,0.10,0.08,A,F,1994-09-29,1994-09-17,1994-10-20,DELIVER IN PERSON,RAIL,ly regular instructions are
5540-1,5540,1809,10,1,42.00,71853.60,0.02,0.08,N,O,1996-11-12,1996-12-18,1996-12-05,TAKE BACK RETURN,RAIL,ally stealthy plate
5540-2,5540,1011,12,2,2.00,1824.02,0.06,0.02,N,O,1996-12-12,1997-01-09,1996-12-25,DELIVER IN PERSON,MAIL,ven packages. carefully 
5540-3,5540,634,66,3,19.00,29157.97,0.01,0.03,N,O,1997-02-06,1996-11-18,1997-02-20,DELIVER IN PERSON,SHIP,furiously q
5540-4,5540,715,12,4,24.00,38777.04,0.10,0.05,N,O,1997-01-09,1996-12-02,1997-01-23,COLLECT COD,FOB,arefully even dugouts. regular account
5541-1,5541,954,89,1,39.00,72343.05,0.08,0.05,N,O,1997-11-17,1997-12-27,1997-12-11,TAKE BACK RETURN,RAIL,"nt foxes wake. ironic, even dinos solve bl"
5542-1,5542,1883,84,1,6.00,10709.28,0.03,0.01,N,O,1996-06-14,1996-05-28,1996-07-11,DELIVER IN PERSON,TRUCK,ess pinto beans. carefully e
5543-1,5543,1427,67,1,14.00,18597.88,0.02,0.03,R,F,1993-10-09,1993-12-09,1993-10-21,NONE,SHIP,quickly abo
5543-2,5543,1616,40,2,22.00,33387.42,0.04,0.00,A,F,1993-11-06,1993-11-02,1993-12-02,DELIVER IN PERSON,SHIP,"inal, unusual platelets dazzle careful"
5543-3,5543,670,2,3,3.00,4712.01,0.08,0.05,R,F,1993-11-18,1993-11-05,1993-12-17,NONE,FOB,lly against
5543-4,5543,1468,47,4,8.00,10955.68,0.05,0.01,R,F,1993-10-28,1993-11-18,1993-11-07,NONE,SHIP,use after t
5543-5,5543,800,1,5,32.00,54425.60,0.03,0.03,R,F,1993-10-04,1993-11-14,1993-11-03,DELIVER IN PERSON,AIR,c theodolites. f
5543-6,5543,1834,64,6,1.00,1735.83,0.03,0.07,A,F,1993-10-29,1993-11-11,1993-11-23,TAKE BACK RETURN,FOB,lly fluffy plat
5543-7,5543,1282,57,7,39.00,46147.92,0.06,0.00,R,F,1993-10-07,1993-11-15,1993-10-28,TAKE BACK RETURN,MAIL,s mold. fluffily regular packages wake blit
5568-1,5568,1654,96,1,50.00,77782.50,0.05,0.05,N,O,1995-07-14,1995-09-04,1995-08-03,COLLECT COD,TRUCK,ly above th
5568-2,5568,431,32,2,18.00,23965.74,0.01,0.08,N,O,1995-08-19,1995-08-18,1995-08-24,DELIVER IN PERSON,SHIP,carefully quiet foxes according to th
5568-3,5568,888,89,3,35.00,62610.80,0.08,0.07,N,O,1995-09-17,1995-09-04,1995-10-14,NONE,SHIP,osits. qui
5569-1,5569,289,17,1,25.00,29732.00,0.10,0.03,R,F,1993-06-29,1993-07-18,1993-07-05,TAKE BACK RETURN,TRUCK, unusual instructions 
5569-2,5569,573,64,2,26.00,38312.82,0.09,0.06,A,F,1993-08-21,1993-07-22,1993-09-09,DELIVER IN PERSON,MAIL,ackages wake quickl
5569-3,5569,548,79,3,48.00,69529.92,0.02,0.03,R,F,1993-06-16,1993-06-15,1993-07-09,COLLECT COD,SHIP,carefully id
5569-4,5569,1466,45,4,19.00,25981.74,0.10,0.08,R,F,1993-07-30,1993-06-21,1993-08-13,TAKE BACK RETURN,FOB, regular p
5569-5,5569,586,77,5,15.00,22298.70,0.02,0.06,A,F,1993-06-29,1993-07-06,1993-07-05,DELIVER IN PERSON,MAIL, foxes. regular deposits cajole
5570-1,5570,1606,30,1,37.00,55781.20,0.08,0.02,N,O,1996-08-29,1996-10-23,1996-09-11,NONE,RAIL,ackages. unu
5570-2,5570,387,44,2,15.00,19310.70,0.09,0.02,N,O,1996-10-04,1996-10-05,1996-10-28,TAKE BACK RETURN,REG AIR,g the fluffily express foxes. final a
5570-3,5570,594,95,3,29.00,43343.11,0.02,0.05,N,O,1996-10-12,1996-10-20,1996-11-08,TAKE BACK RETURN,SHIP,ts. final foxes alongside of 
5571-1,5571,1535,76,1,32.00,45968.96,0.05,0.01,R,F,1992-12-25,1993-03-01,1993-01-23,NONE,FOB,ajole carefully special accounts.
5571-2,5571,933,36,2,31.00,56851.83,0.09,0.07,R,F,1993-01-05,1993-01-18,1993-02-04,DELIVER IN PERSON,SHIP,ly pending multipliers sublate s
5571-3,5571,915,18,3,18.00,32686.38,0.10,0.05,R,F,1993-03-11,1993-02-28,1993-04-03,COLLECT COD,REG AIR,he pending accounts. final theod
5572-1,5572,216,71,1,24.00,26789.04,0.08,0.08,R,F,1994-10-30,1994-10-02,1994-11-27,TAKE BACK RETURN,MAIL,thely regular packages among t
5572-2,5572,1717,44,2,27.00,43705.17,0.03,0.04,A,F,1994-08-29,1994-09-10,1994-08-30,TAKE BACK RETURN,SHIP,slyly across the carefully bold p
5572-3,5572,863,64,3,19.00,33513.34,0.10,0.00,A,F,1994-08-12,1994-10-07,1994-09-01,DELIVER IN PERSON,RAIL,"ss the silent pinto beans. express, busy p"
5572-4,5572,1344,59,4,46.00,57285.64,0.02,0.01,R,F,1994-09-08,1994-10-14,1994-10-01,NONE,REG AIR, along the blithely r
5572-5,5572,231,86,5,34.00,38461.82,0.10,0.08,R,F,1994-10-22,1994-08-16,1994-11-08,NONE,TRUCK,es. special requests af
5572-6,5572,1001,2,6,14.00,12628.00,0.04,0.05,A,F,1994-11-02,1994-09-20,1994-11-03,COLLECT COD,RAIL,"equests. stealthy, final packages affix. sl"
5572-7,5572,253,81,7,24.00,27678.00,0.01,0.05,R,F,1994-09-26,1994-09-04,1994-10-22,DELIVER IN PERSON,FOB,ideas wake quickly against the regular
5573-1,5573,202,30,1,32.00,35270.40,0.05,0.07,N,O,1996-09-30,1996-10-25,1996-10-15,DELIVER IN PERSON,RAIL,hin the blithely da
5573-2,5573,495,54,2,2.00,2790.98,0.01,0.07,N,O,1996-08-26,1996-09-29,1996-09-04,COLLECT COD,TRUCK,pending requests ar
5573-3,5573,108,61,3,46.00,46372.60,0.06,0.01,N,O,1996-11-04,1996-10-02,1996-11-15,DELIVER IN PERSON,MAIL,onic pinto 
5573-4,5573,1687,11,4,43.00,68313.24,0.10,0.03,N,O,1996-10-22,1996-11-03,1996-11-02,TAKE BACK RETURN,FOB,symptotes. slyly special asymptotes 
5573-5,5573,1377,78,5,43.00,54969.91,0.05,0.04,N,O,1996-09-09,1996-09-24,1996-09-28,COLLECT COD,AIR,he pending ex
5574-1,5574,1846,90,1,46.00,80400.64,0.02,0.07,A,F,1992-06-20,1992-04-19,1992-07-11,NONE,FOB,ully final courts. thinly ironic accoun
5574-2,5574,324,81,2,21.00,25710.72,0.05,0.08,A,F,1992-03-22,1992-04-26,1992-04-16,TAKE BACK RETURN,TRUCK,nag slyly. furiously silent patterns sl
5574-3,5574,1186,59,3,27.00,29353.86,0.10,0.06,R,F,1992-05-08,1992-05-19,1992-06-05,TAKE BACK RETURN,REG AIR,"sits wake furiously ironic, re"
5574-4,5574,934,69,4,14.00,25689.02,0.09,0.01,R,F,1992-05-20,1992-04-09,1992-05-23,COLLECT COD,REG AIR,ect since the blithely ironic pinto beans. 
5574-5,5574,841,8,5,19.00,33094.96,0.05,0.03,A,F,1992-05-28,1992-04-24,1992-06-11,TAKE BACK RETURN,REG AIR,usly alongside o
5575-1,5575,571,62,1,7.00,10300.99,0.01,0.07,N,O,1995-10-01,1995-09-30,1995-10-06,NONE,FOB,ges are carefully; finally expres
5575-2,5575,302,87,2,23.00,27652.90,0.04,0.02,N,O,1995-10-26,1995-10-09,1995-11-13,TAKE BACK RETURN,AIR,to beans with the carefully express i
5575-3,5575,625,19,3,16.00,24409.92,0.00,0.07,N,O,1995-08-17,1995-10-14,1995-08-30,NONE,RAIL,he pains. pending foxes integra
5575-4,5575,1098,99,4,7.00,6993.63,0.01,0.04,N,O,1995-10-15,1995-09-14,1995-10-18,DELIVER IN PERSON,RAIL, requests nag unusual deposits.
5600-1,5600,1863,7,1,34.00,60005.24,0.02,0.00,N,O,1997-03-22,1997-04-05,1997-04-09,TAKE BACK RETURN,MAIL,refully about the furiously regular 
5600-2,5600,74,50,2,19.00,18507.33,0.00,0.01,N,O,1997-04-10,1997-03-24,1997-04-16,TAKE BACK RETURN,TRUCK,ermanently special r
5601-1,5601,380,65,1,29.00,37131.02,0.09,0.04,A,F,1992-04-06,1992-02-24,1992-04-29,DELIVER IN PERSON,TRUCK,pendencies wake slyl
5601-2,5601,1632,15,2,45.00,69013.35,0.10,0.07,A,F,1992-03-25,1992-04-03,1992-04-04,TAKE BACK RETURN,MAIL,blithely carefully final waters. carefully 
5601-3,5601,723,24,3,38.00,61701.36,0.07,0.00,A,F,1992-01-08,1992-03-01,1992-01-09,TAKE BACK RETURN,REG AIR,usual instructions. slyly fi
5601-4,5601,1479,19,4,12.00,16565.64,0.03,0.01,A,F,1992-02-27,1992-03-16,1992-03-27,COLLECT COD,TRUCK,latelets. care
5602-1,5602,1754,81,1,9.00,14901.75,0.08,0.03,N,O,1997-10-14,1997-09-14,1997-11-11,COLLECT COD,FOB,ular foxes around the furiou
5602-2,5602,611,5,2,31.00,46859.91,0.04,0.08,N,O,1997-09-04,1997-10-24,1997-09-07,NONE,TRUCK,ithely ironic accounts haggle carefully 
5602-3,5602,677,40,3,30.00,47330.10,0.04,0.00,N,O,1997-09-20,1997-10-25,1997-10-12,DELIVER IN PERSON,FOB,ymptotes use furiously furious
5603-1,5603,979,82,1,50.00,93998.50,0.03,0.02,A,F,1992-10-06,1992-08-20,1992-10-08,COLLECT COD,SHIP,inst the carefully spec
5603-2,5603,1158,67,2,49.00,51898.35,0.06,0.05,A,F,1992-06-24,1992-07-28,1992-07-01,DELIVER IN PERSON,FOB,silent ideas sleep. blithely unusual
5603-3,5603,319,4,3,49.00,59746.19,0.00,0.02,R,F,1992-10-07,1992-07-21,1992-10-10,DELIVER IN PERSON,TRUCK,ts sleep carefully. regular ins
5604-1,5604,1351,52,1,44.00,55103.40,0.05,0.01,N,O,1998-08-06,1998-07-08,1998-09-04,NONE,RAIL, deposits ex
5604-2,5604,1351,90,2,49.00,61365.15,0.10,0.00,N,O,1998-05-02,1998-07-07,1998-05-20,NONE,FOB,s cajole. iron
5604-3,5604,771,4,3,10.00,16717.70,0.07,0.05,N,O,1998-08-03,1998-06-23,1998-08-04,COLLECT COD,SHIP,to the slyly bold pinto b
5605-1,5605,868,35,1,50.00,88443.00,0.08,0.05,N,O,1996-08-26,1996-10-15,1996-09-04,TAKE BACK RETURN,RAIL,t fluffily alongside of the carefully f
5605-2,5605,1508,9,2,7.00,9866.50,0.06,0.01,N,O,1996-12-13,1996-10-13,1996-12-15,TAKE BACK RETURN,FOB,unts haggle among the slyly bold accoun
5605-3,5605,1722,7,3,3.00,4871.16,0.01,0.02,N,O,1996-09-01,1996-10-02,1996-09-20,TAKE BACK RETURN,AIR,g platelets haggle reques
5605-4,5605,549,80,4,45.00,65229.30,0.00,0.01,N,O,1996-09-05,1996-10-04,1996-09-13,COLLECT COD,FOB,tes over the carefully even requests play f
5605-5,5605,700,63,5,39.00,62427.30,0.00,0.08,N,O,1996-12-13,1996-11-03,1996-12-24,DELIVER IN PERSON,REG AIR,usual ideas. fluffily ironic
5605-6,5605,1660,61,6,29.00,45288.14,0.08,0.08,N,O,1996-09-19,1996-10-22,1996-10-06,DELIVER IN PERSON,SHIP,furiously express instruction
5606-1,5606,1740,41,1,47.00,77161.78,0.10,0.04,N,O,1996-12-23,1997-01-31,1997-01-20,DELIVER IN PERSON,REG AIR,yly. slyly regular deposits are final
5606-2,5606,917,18,2,34.00,61808.94,0.09,0.06,N,O,1997-02-23,1997-02-08,1997-03-09,TAKE BACK RETURN,REG AIR,nt attainments. fu
5606-3,5606,1268,69,3,46.00,53785.96,0.04,0.00,N,O,1997-03-11,1997-01-13,1997-03-23,DELIVER IN PERSON,REG AIR, permanent requests. regular realms cajole 
5606-4,5606,817,18,4,30.00,51534.30,0.08,0.04,N,O,1997-02-06,1997-01-26,1997-02-16,DELIVER IN PERSON,REG AIR,y final accounts use always even reques
5606-5,5606,64,15,5,25.00,24101.50,0.06,0.00,N,O,1996-12-25,1997-01-12,1997-01-11,TAKE BACK RETURN,AIR,ke furiously quickly final forge
5606-6,5606,1540,41,6,3.00,4324.62,0.04,0.06,N,O,1997-01-11,1997-01-04,1997-02-08,COLLECT COD,AIR,e of the slyly quic
5606-7,5606,739,40,7,46.00,75427.58,0.07,0.01,N,O,1997-02-01,1997-01-31,1997-02-15,DELIVER IN PERSON,TRUCK,ts. carefully pending requests sleep realm
5607-1,5607,1316,55,1,23.00,27998.13,0.02,0.06,R,F,1992-04-17,1992-02-12,1992-04-30,DELIVER IN PERSON,MAIL,he blithely final requests? 
5632-1,5632,91,17,1,48.00,47572.32,0.06,0.06,N,O,1996-05-08,1996-03-24,1996-06-04,TAKE BACK RETURN,FOB,s doubt around
5632-2,5632,1056,57,2,21.00,20098.05,0.02,0.08,N,O,1996-03-22,1996-03-10,1996-04-10,NONE,AIR,xpress dependencies. pinto beans affix qui
5632-3,5632,663,57,3,24.00,37527.84,0.04,0.06,N,O,1996-03-23,1996-04-02,1996-03-30,TAKE BACK RETURN,MAIL,inal courts are carefully exp
5633-1,5633,1593,14,1,28.00,41848.52,0.02,0.00,N,O,1998-08-14,1998-07-24,1998-08-26,TAKE BACK RETURN,SHIP,ial pinto beans nag carefully. i
5633-2,5633,1018,19,2,10.00,9190.10,0.09,0.04,N,O,1998-07-15,1998-08-03,1998-08-03,COLLECT COD,AIR,unts x-ray quickly. fluffily unusual accou
5633-3,5633,459,60,3,27.00,36705.15,0.03,0.02,N,O,1998-09-28,1998-07-28,1998-10-12,DELIVER IN PERSON,AIR,ate about the accounts. quickly silent 
5633-4,5633,1637,38,4,50.00,76931.50,0.02,0.05,N,O,1998-07-23,1998-07-09,1998-08-21,DELIVER IN PERSON,TRUCK, final deposits. f
5633-5,5633,994,29,5,48.00,90959.52,0.01,0.05,N,O,1998-06-24,1998-07-22,1998-07-18,DELIVER IN PERSON,TRUCK,ckly regular pinto beans! unusual fo
5633-6,5633,1066,37,6,1.00,967.06,0.02,0.03,N,O,1998-09-29,1998-08-28,1998-10-19,NONE,RAIL, foxes. ironic d
5633-7,5633,107,34,7,39.00,39276.90,0.02,0.08,N,O,1998-07-12,1998-07-03,1998-07-13,COLLECT COD,TRUCK,requests haggle according to the 
5634-1,5634,1843,73,1,26.00,45365.84,0.10,0.08,N,O,1996-10-29,1996-09-15,1996-11-24,COLLECT COD,REG AIR,xcuses alongsi
5634-2,5634,1749,76,2,22.00,36316.28,0.02,0.05,N,O,1996-09-01,1996-08-31,1996-09-05,DELIVER IN PERSON,MAIL,lyly blithely unusual multipliers. carefu
5634-3,5634,1086,92,3,16.00,15793.28,0.08,0.02,N,O,1996-11-15,1996-09-14,1996-12-04,NONE,AIR,"es; ironic, regular requests x-ray regul"
5634-4,5634,1811,98,4,29.00,49671.49,0.00,0.01,N,O,1996-08-10,1996-10-29,1996-08-11,TAKE BACK RETURN,MAIL,. slyly bold packages haggle slyly a
5634-5,5634,4,5,5,1.00,904.00,0.04,0.02,N,O,1996-10-02,1996-10-21,1996-10-27,COLLECT COD,MAIL,"theodolites; regular, regular deposits"
5635-1,5635,821,88,1,43.00,74038.26,0.03,0.00,R,F,1992-10-12,1992-09-29,1992-11-01,TAKE BACK RETURN,TRUCK,e foxes use
5635-2,5635,714,15,2,5.00,8073.55,0.05,0.08,R,F,1992-10-02,1992-11-05,1992-10-26,TAKE BACK RETURN,REG AIR,grouches are express acc
5635-3,5635,713,78,3,12.00,19364.52,0.09,0.02,A,F,1992-10-18,1992-09-24,1992-11-17,NONE,REG AIR,uffily stealthy theodolites was carefull
5635-4,5635,78,54,4,40.00,39122.80,0.03,0.01,A,F,1992-09-25,1992-11-05,1992-10-11,NONE,FOB,en dependencies around the care
5635-5,5635,1686,87,5,38.00,60331.84,0.05,0.06,A,F,1992-10-09,1992-09-25,1992-10-18,NONE,MAIL,ies toward 
5635-6,5635,1616,99,6,23.00,34905.03,0.05,0.04,A,F,1992-08-24,1992-11-10,1992-09-21,NONE,AIR,deas. sometimes bold platel
5635-7,5635,1362,1,7,32.00,40427.52,0.03,0.08,R,F,1992-11-24,1992-09-20,1992-12-17,TAKE BACK RETURN,TRUCK,efully abo
5636-1,5636,699,31,1,18.00,28794.42,0.05,0.03,R,F,1995-05-14,1995-05-17,1995-06-12,DELIVER IN PERSON,REG AIR,detect furiously. even deposits nag c
5636-2,5636,692,86,2,26.00,41409.94,0.03,0.06,A,F,1995-03-05,1995-05-16,1995-03-23,TAKE BACK RETURN,AIR,ding foxes wake blithely accou
5636-3,5636,894,95,3,21.00,37692.69,0.03,0.03,A,F,1995-03-13,1995-05-11,1995-03-24,COLLECT COD,AIR,ans cajole slyly. ironi
5636-4,5636,1083,89,4,15.00,14761.20,0.03,0.04,R,F,1995-04-21,1995-04-30,1995-05-05,DELIVER IN PERSON,REG AIR,riously final 
5636-5,5636,468,98,5,13.00,17789.98,0.10,0.03,A,F,1995-05-11,1995-04-27,1995-05-26,COLLECT COD,AIR,gular ideas nag slyly. p
5636-6,5636,113,14,6,33.00,33432.63,0.06,0.04,A,F,1995-03-09,1995-04-05,1995-03-23,DELIVER IN PERSON,MAIL,eep slyly un
5636-7,5636,1333,72,7,24.00,29623.92,0.10,0.05,R,F,1995-04-12,1995-03-27,1995-04-16,DELIVER IN PERSON,RAIL,"cial, regular theodolite"
5637-1,5637,467,97,1,14.00,19144.44,0.03,0.05,N,O,1996-07-20,1996-07-26,1996-08-14,COLLECT COD,MAIL,. requests integrat
5637-2,5637,1719,20,2,35.00,56724.85,0.09,0.08,N,O,1996-08-01,1996-08-04,1996-08-20,NONE,AIR,ites haggle around the blithely express 
5637-3,5637,954,57,3,22.00,40808.90,0.01,0.07,N,O,1996-08-28,1996-07-30,1996-09-17,COLLECT COD,REG AIR,te. quickly final orb
5637-4,5637,652,46,4,16.00,24842.40,0.03,0.03,N,O,1996-09-08,1996-08-31,1996-09-29,TAKE BACK RETURN,TRUCK,refully regular deposits. qu
5637-5,5637,1957,58,5,10.00,18589.50,0.01,0.00,N,O,1996-08-25,1996-08-11,1996-09-23,TAKE BACK RETURN,MAIL,dolites are carefully dolphins. packag
5637-6,5637,1283,21,6,27.00,31975.56,0.01,0.05,N,O,1996-06-27,1996-08-09,1996-07-27,DELIVER IN PERSON,REG AIR,heodolites among the final pinto be
5638-1,5638,1379,80,1,45.00,57616.65,0.09,0.07,A,F,1994-05-17,1994-03-09,1994-06-15,NONE,TRUCK,"equests are across the ironic, regul"
5638-2,5638,1677,1,2,12.00,18944.04,0.02,0.05,A,F,1994-02-05,1994-04-01,1994-02-25,COLLECT COD,TRUCK,ly special packages wake alongside of 
5638-3,5638,1620,3,3,21.00,31954.02,0.08,0.00,A,F,1994-03-13,1994-03-27,1994-03-17,DELIVER IN PERSON,TRUCK, pinto beans. iron
5639-1,5639,467,26,1,11.00,15042.06,0.09,0.02,R,F,1994-09-18,1994-07-10,1994-10-12,TAKE BACK RETURN,SHIP,arefully furiously unusual in
5664-1,5664,1211,86,1,25.00,27805.25,0.00,0.06,N,O,1998-10-29,1998-09-23,1998-11-25,COLLECT COD,FOB,ideas doubt slyly along the care
5664-2,5664,1725,10,2,9.00,14640.48,0.07,0.05,N,O,1998-07-31,1998-08-26,1998-08-12,COLLECT COD,RAIL,"nic packages are idly ironic, ironic "
5664-3,5664,525,26,3,31.00,44191.12,0.01,0.03,N,O,1998-11-10,1998-09-12,1998-12-07,TAKE BACK RETURN,FOB,are. ironic platelets nag fluf
5664-4,5664,1376,53,4,33.00,42153.21,0.08,0.03,N,O,1998-08-29,1998-09-17,1998-09-25,DELIVER IN PERSON,RAIL,lithely pend
5664-5,5664,1118,27,5,44.00,44840.84,0.01,0.06,N,O,1998-09-24,1998-09-26,1998-10-23,NONE,TRUCK,ronic requests. bl
5664-6,5664,678,41,6,34.00,53674.78,0.09,0.01,N,O,1998-09-10,1998-10-05,1998-09-15,COLLECT COD,RAIL,ss the even sheaves nag depos
5664-7,5664,1815,45,7,9.00,15451.29,0.01,0.05,N,O,1998-11-04,1998-10-15,1998-11-20,TAKE BACK RETURN,REG AIR,ording to the quickly t
5665-1,5665,1010,11,1,32.00,29152.32,0.00,0.02,A,F,1993-08-11,1993-08-01,1993-09-07,NONE,AIR,"leep furiously alongside of the pending, s"
5665-2,5665,50,76,2,14.00,13300.70,0.02,0.00,R,F,1993-06-29,1993-09-16,1993-07-16,DELIVER IN PERSON,AIR, fluffily regular pinto beans haggle fluffi
5665-3,5665,1572,73,3,41.00,60416.37,0.09,0.02,A,F,1993-08-23,1993-09-22,1993-09-11,COLLECT COD,REG AIR, asymptotes wake sl
5665-4,5665,452,11,4,47.00,63565.15,0.01,0.01,A,F,1993-10-06,1993-09-19,1993-11-01,NONE,RAIL,"ely. regular, bold deposits across the sp"
5666-1,5666,1213,25,1,7.00,7799.47,0.09,0.08,R,F,1994-05-10,1994-04-06,1994-05-21,NONE,FOB, express accounts. unu
5666-2,5666,358,15,2,14.00,17616.90,0.08,0.01,A,F,1994-02-27,1994-04-11,1994-03-06,DELIVER IN PERSON,TRUCK," wake fluffily pending, regular ideas. sly"
5666-3,5666,1922,11,3,39.00,71132.88,0.00,0.01,A,F,1994-05-13,1994-04-02,1994-06-12,DELIVER IN PERSON,TRUCK, deposits. quickly final requests a
5666-4,5666,1307,84,4,24.00,28999.20,0.07,0.01,R,F,1994-02-14,1994-03-09,1994-03-06,DELIVER IN PERSON,FOB,eposits affix along the fluffily
5666-5,5666,1085,86,5,36.00,35498.88,0.07,0.07,R,F,1994-03-15,1994-03-16,1994-03-18,COLLECT COD,TRUCK,ts cajole. furious
5667-1,5667,1445,63,1,37.00,49818.28,0.09,0.06,N,O,1995-09-24,1995-09-17,1995-10-03,NONE,REG AIR,thely express
5668-1,5668,37,88,1,15.00,14055.45,0.03,0.04,A,F,1995-04-06,1995-05-12,1995-04-17,COLLECT COD,FOB,"y. final, regular realms cajole ca"
5669-1,5669,1909,10,1,7.00,12676.30,0.06,0.06,N,O,1996-06-19,1996-07-07,1996-07-11,COLLECT COD,SHIP,aggle quickly furiously blithe packages. ex
5669-2,5669,1559,80,2,2.00,2921.10,0.06,0.07,N,O,1996-08-04,1996-06-15,1996-08-20,NONE,SHIP,nusual asymptotes. caref
5669-3,5669,1577,78,3,40.00,59142.80,0.00,0.02,N,O,1996-08-30,1996-06-15,1996-09-07,TAKE BACK RETURN,FOB,yly bold excuses use carefully pendin
5669-4,5669,893,94,4,31.00,55610.59,0.04,0.05,N,O,1996-08-05,1996-06-10,1996-08-29,COLLECT COD,AIR,ss excuses after the deposits are
5669-5,5669,1397,12,5,30.00,38951.70,0.07,0.01,N,O,1996-07-14,1996-07-28,1996-08-10,TAKE BACK RETURN,TRUCK,g waters. fluffi
5670-1,5670,896,97,1,27.00,48516.03,0.10,0.06,R,F,1993-05-09,1993-05-30,1993-06-06,TAKE BACK RETURN,REG AIR,pendencies after t
5670-2,5670,1853,97,2,43.00,75458.55,0.06,0.00,A,F,1993-07-09,1993-06-03,1993-07-14,DELIVER IN PERSON,FOB,pending platelets sleep quickly. bold de
5670-3,5670,65,66,3,24.00,23161.44,0.09,0.04,A,F,1993-07-17,1993-07-01,1993-08-03,NONE,AIR, unusual requests solve about 
5670-4,5670,1414,54,4,11.00,14469.51,0.06,0.06,R,F,1993-07-11,1993-06-26,1993-07-24,DELIVER IN PERSON,MAIL,pendencies. carefully special atta
5671-1,5671,1195,68,1,25.00,27404.75,0.00,0.08,N,O,1998-04-17,1998-03-28,1998-05-06,DELIVER IN PERSON,AIR,"ermanent packages might boost. special, "
5671-2,5671,1289,64,2,46.00,54752.88,0.05,0.08,N,O,1998-03-28,1998-04-22,1998-04-19,TAKE BACK RETURN,MAIL,sublate ironic instructions
5671-3,5671,1714,41,3,13.00,21004.23,0.10,0.06,N,O,1998-03-02,1998-04-03,1998-03-08,TAKE BACK RETURN,TRUCK,cajole quickly pending
5671-4,5671,1103,12,4,42.00,42172.20,0.00,0.07,N,O,1998-02-17,1998-04-24,1998-03-17,TAKE BACK RETURN,SHIP,"fully. regular, unusual request"
5671-5,5671,1281,19,5,13.00,15369.64,0.09,0.00,N,O,1998-04-24,1998-03-26,1998-04-27,NONE,REG AIR, the warthogs. slyly pending deposits are
5671-6,5671,1134,7,6,30.00,31053.90,0.09,0.07,N,O,1998-06-06,1998-04-15,1998-07-01,DELIVER IN PERSON,TRUCK,ns. pendin
5696-1,5696,1364,79,1,28.00,35430.08,0.03,0.06,N,O,1995-07-03,1995-06-14,1995-07-27,COLLECT COD,REG AIR,lithely bold forges affix b
5696-2,5696,590,81,2,46.00,68567.14,0.01,0.00,N,O,1995-08-10,1995-07-08,1995-08-25,COLLECT COD,AIR,es. pending theo
5696-3,5696,1663,87,3,42.00,65715.72,0.04,0.01,N,F,1995-06-06,1995-06-11,1995-06-19,TAKE BACK RETURN,SHIP,uickly iro
5696-4,5696,977,12,4,20.00,37559.40,0.08,0.00,N,O,1995-06-25,1995-07-18,1995-07-16,NONE,TRUCK,express asymptotes. bold pinto bean
5696-5,5696,1236,74,5,19.00,21607.37,0.07,0.05,N,O,1995-08-31,1995-06-13,1995-09-10,COLLECT COD,SHIP,"nic, even packages. quickly bold pi"
5696-6,5696,1320,35,6,37.00,45188.84,0.04,0.05,N,O,1995-07-21,1995-06-23,1995-08-19,NONE,RAIL,"inal, regular pin"
5696-7,5696,1016,22,7,6.00,5502.06,0.07,0.05,N,O,1995-08-03,1995-07-15,1995-09-01,DELIVER IN PERSON,REG AIR,furiously express accounts
5697-1,5697,542,33,1,24.00,34620.96,0.10,0.07,R,F,1992-10-27,1992-11-28,1992-11-20,NONE,RAIL, to the fi
5697-2,5697,153,80,2,43.00,45285.45,0.06,0.02,R,F,1992-12-08,1992-12-03,1992-12-17,TAKE BACK RETURN,FOB,ajole blithe
5697-3,5697,555,46,3,42.00,61133.10,0.03,0.01,A,F,1992-12-19,1992-12-08,1993-01-03,COLLECT COD,TRUCK,ly express instructions cajole blithe
5698-1,5698,105,58,1,30.00,30153.00,0.01,0.05,A,F,1994-05-26,1994-08-16,1994-06-19,COLLECT COD,AIR,y even pinto beans. carefully 
5698-2,5698,1621,22,2,25.00,38065.50,0.08,0.07,R,F,1994-08-06,1994-06-21,1994-08-25,NONE,SHIP,nding theodolites according to th
5698-3,5698,1550,91,3,45.00,65319.75,0.03,0.01,A,F,1994-06-23,1994-08-13,1994-07-02,NONE,FOB,onic accounts. quickly regular reque
5698-4,5698,572,3,4,15.00,22088.55,0.07,0.08,R,F,1994-06-29,1994-07-03,1994-07-02,COLLECT COD,REG AIR,excuses sleep daringly about the 
5698-5,5698,1395,96,5,37.00,47966.43,0.06,0.06,A,F,1994-06-30,1994-06-23,1994-07-22,TAKE BACK RETURN,SHIP,y final dependenc
5698-6,5698,1877,21,6,1.00,1778.87,0.06,0.04,R,F,1994-05-31,1994-07-10,1994-06-03,DELIVER IN PERSON,MAIL,. furiously ironic ideas are according 
5699-1,5699,19,70,1,24.00,22056.24,0.01,0.07,A,F,1992-10-21,1992-09-04,1992-11-04,COLLECT COD,AIR,uctions ar
5699-2,5699,545,6,2,26.00,37584.04,0.06,0.06,R,F,1992-08-11,1992-09-21,1992-08-14,COLLECT COD,MAIL, throughout the bold pinto beans
5699-3,5699,175,2,3,48.00,51608.16,0.10,0.05,R,F,1992-11-23,1992-10-20,1992-11-29,DELIVER IN PERSON,TRUCK,the silent request
5699-4,5699,544,75,4,46.00,66448.84,0.08,0.02,A,F,1992-11-28,1992-09-23,1992-12-27,TAKE BACK RETURN,FOB,blithely fi
5699-5,5699,273,28,5,21.00,24638.67,0.02,0.02,A,F,1992-10-13,1992-09-30,1992-10-19,NONE,MAIL,daringly quick
5699-6,5699,1901,34,6,30.00,54087.00,0.08,0.05,R,F,1992-11-13,1992-10-01,1992-12-11,DELIVER IN PERSON,AIR,y pending packages ca
5699-7,5699,1283,58,7,45.00,53292.60,0.09,0.06,A,F,1992-09-23,1992-10-22,1992-10-04,DELIVER IN PERSON,SHIP, stealthily bold ideas. regular the
5700-1,5700,1679,62,1,24.00,37936.08,0.09,0.00,N,O,1997-12-26,1998-01-28,1998-01-18,DELIVER IN PERSON,REG AIR,special somas
5700-2,5700,1225,63,2,30.00,33786.60,0.00,0.06,N,O,1998-04-19,1998-03-13,1998-04-27,COLLECT COD,MAIL,", final courts. platelets alongsid"
5700-3,5700,1254,29,3,23.00,26570.75,0.03,0.05,N,O,1998-01-30,1998-01-31,1998-01-31,NONE,REG AIR,accounts. carefully even requests daz
5701-1,5701,535,66,1,17.00,24404.01,0.02,0.05,N,O,1997-03-27,1997-04-08,1997-04-21,DELIVER IN PERSON,RAIL, according to the br
5702-1,5702,770,3,1,44.00,73513.88,0.06,0.02,R,F,1994-01-04,1993-11-25,1994-01-22,NONE,RAIL,e among the packages. slyly bold depos
5702-2,5702,856,57,2,37.00,65003.45,0.10,0.05,R,F,1993-12-14,1993-10-21,1994-01-08,NONE,FOB,ding accounts. special packages sle
5702-3,5702,1307,22,3,44.00,53165.20,0.00,0.02,R,F,1993-11-28,1993-12-02,1993-12-22,NONE,TRUCK,asymptotes eat slyl
5702-4,5702,623,17,4,31.00,47232.22,0.00,0.04,A,F,1994-01-04,1993-10-22,1994-01-26,DELIVER IN PERSON,TRUCK,press packages are sly
5703-1,5703,877,11,1,2.00,3555.74,0.09,0.01,R,F,1993-05-29,1993-07-26,1993-06-05,TAKE BACK RETURN,REG AIR,"lyly express, express package"
5728-1,5728,436,66,1,47.00,62812.21,0.10,0.05,A,F,1994-12-13,1995-01-25,1994-12-25,TAKE BACK RETURN,MAIL,al requests. courts according to the even 
5728-2,5728,1588,9,2,40.00,59583.20,0.05,0.08,A,F,1995-03-28,1995-01-17,1995-04-14,TAKE BACK RETURN,SHIP,ts. fluffily ironic asympt
5729-1,5729,1424,25,1,5.00,6627.10,0.07,0.00,R,F,1994-11-27,1994-11-11,1994-12-23,TAKE BACK RETURN,MAIL,encies. furiously pending re
5729-2,5729,1062,98,2,39.00,37559.34,0.10,0.00,A,F,1995-01-22,1994-11-21,1995-02-13,TAKE BACK RETURN,MAIL,riously care
5729-3,5729,112,13,3,50.00,50605.50,0.00,0.05,R,F,1994-12-09,1994-12-31,1994-12-24,TAKE BACK RETURN,AIR,", even packages. packages "
5730-1,5730,1501,2,1,2.00,2805.00,0.08,0.00,N,O,1998-02-24,1998-03-15,1998-03-11,COLLECT COD,SHIP,above the carefully thin
5730-2,5730,1997,98,2,9.00,17090.91,0.10,0.01,N,O,1998-03-05,1998-02-02,1998-03-28,DELIVER IN PERSON,MAIL,ress excuses nag. pinto
5731-1,5731,1918,51,1,13.00,23658.83,0.02,0.04,N,O,1997-07-30,1997-06-23,1997-08-13,COLLECT COD,RAIL,ely regular warhorses haggle packag
5731-2,5731,1042,43,2,11.00,10373.44,0.00,0.08,N,O,1997-06-06,1997-07-08,1997-06-25,NONE,MAIL,ag quickly ironic requests. slyly
5731-3,5731,1109,10,3,6.00,6060.60,0.01,0.04,N,O,1997-07-02,1997-07-01,1997-07-08,COLLECT COD,SHIP,y bold ideas. packages use. regular sautern
5731-4,5731,135,88,4,6.00,6210.78,0.03,0.06,N,O,1997-09-07,1997-06-20,1997-09-20,TAKE BACK RETURN,RAIL,ly silent requests sleep
5731-5,5731,1950,51,5,19.00,35187.05,0.08,0.02,N,O,1997-06-29,1997-06-27,1997-07-15,NONE,REG AIR,ckages haggle carefully. bl
5732-1,5732,1383,98,1,26.00,33393.88,0.02,0.07,N,O,1997-08-18,1997-10-25,1997-09-12,TAKE BACK RETURN,TRUCK,uriously final excuses. carefully unusual 
5733-1,5733,329,30,1,39.00,47943.48,0.01,0.07,A,F,1993-03-22,1993-05-24,1993-04-04,DELIVER IN PERSON,FOB,lly pending
5734-1,5734,1830,74,1,29.00,50223.07,0.05,0.01,N,O,1997-12-01,1997-12-08,1997-12-23,NONE,RAIL,nts. packages sleep. furiously sp
5734-2,5734,1493,72,2,6.00,8366.94,0.07,0.00,N,O,1997-10-27,1997-12-19,1997-11-02,COLLECT COD,RAIL,y ironic instructions wake quickly special 
5734-3,5734,668,69,3,10.00,15686.60,0.01,0.03,N,O,1997-12-28,1997-12-24,1998-01-24,DELIVER IN PERSON,TRUCK,s use against the blith
5735-1,5735,598,99,1,41.00,61442.19,0.01,0.01,R,F,1994-12-23,1995-02-10,1995-01-22,COLLECT COD,MAIL,ully bold platele
5760-1,5760,7,83,1,6.00,5442.00,0.09,0.03,R,F,1994-07-30,1994-07-31,1994-08-16,COLLECT COD,REG AIR,s. regular 
5760-2,5760,58,9,2,24.00,22993.20,0.04,0.05,A,F,1994-07-15,1994-07-04,1994-08-08,NONE,MAIL,al packages. sly deposits are ac
5760-3,5760,1474,14,3,8.00,11003.76,0.07,0.04,A,F,1994-09-06,1994-08-03,1994-10-06,NONE,AIR,"ong the courts. regular, regular reque"
5760-4,5760,1223,24,4,19.00,21360.18,0.10,0.01,R,F,1994-08-02,1994-08-02,1994-08-15,COLLECT COD,SHIP,heodolites. furiously regular packages
5760-5,5760,1657,81,5,6.00,9351.90,0.03,0.07,R,F,1994-06-09,1994-07-06,1994-06-16,DELIVER IN PERSON,MAIL,y enticing platelets. ironic fox
5761-1,5761,463,51,1,41.00,55901.86,0.08,0.00,N,O,1998-07-31,1998-08-09,1998-08-08,TAKE BACK RETURN,TRUCK,accounts shall nag 
5761-2,5761,1073,74,2,36.00,35066.52,0.00,0.07,N,O,1998-09-07,1998-09-21,1998-09-11,TAKE BACK RETURN,TRUCK,requests boost slyly beside the carefully 
5761-3,5761,1974,7,3,49.00,91922.53,0.04,0.08,N,O,1998-07-14,1998-08-20,1998-07-25,NONE,SHIP,"xes. regular, even instructions"
5762-1,5762,1750,51,1,6.00,9910.50,0.05,0.02,N,O,1997-04-07,1997-03-25,1997-05-02,NONE,AIR,enly regular theodolites. caref
5762-2,5762,1018,24,2,27.00,24813.27,0.02,0.08,N,O,1997-02-21,1997-05-08,1997-03-23,NONE,REG AIR,"ajole slyly after the final, ironic"
5762-3,5762,884,85,3,40.00,71395.20,0.00,0.08,N,O,1997-04-30,1997-05-09,1997-05-08,COLLECT COD,SHIP,", bold packages. slyly bo"
5762-4,5762,1324,25,4,47.00,57590.04,0.05,0.06,N,O,1997-03-02,1997-03-23,1997-03-19,NONE,RAIL,s sleep. furiously special requests nag sly
5762-5,5762,246,47,5,28.00,32094.72,0.02,0.06,N,O,1997-02-22,1997-03-25,1997-02-24,TAKE BACK RETURN,SHIP,"l, even deposits was blithely a"
5762-6,5762,117,44,6,12.00,12205.32,0.00,0.06,N,O,1997-04-18,1997-04-27,1997-05-11,DELIVER IN PERSON,REG AIR,e final requ
5763-1,5763,1308,85,1,32.00,38697.60,0.02,0.06,N,O,1998-07-16,1998-09-13,1998-08-02,DELIVER IN PERSON,FOB,nic accounts 
5763-2,5763,1357,96,2,23.00,28942.05,0.09,0.04,N,O,1998-07-25,1998-09-21,1998-08-15,DELIVER IN PERSON,SHIP,the ironically regul
5763-3,5763,124,3,3,25.00,25603.00,0.01,0.02,N,O,1998-10-04,1998-08-16,1998-10-09,DELIVER IN PERSON,REG AIR, integrate blithely about
5763-4,5763,1210,48,4,47.00,52226.87,0.09,0.00,N,O,1998-08-22,1998-09-22,1998-09-04,NONE,REG AIR,oss the express deposits.
5763-5,5763,1230,31,5,8.00,9049.84,0.06,0.05,N,O,1998-09-23,1998-09-15,1998-09-27,DELIVER IN PERSON,TRUCK,ets nod. blithely bol
5763-6,5763,1892,93,6,9.00,16145.01,0.08,0.02,N,O,1998-09-24,1998-09-01,1998-10-02,NONE,AIR,"n, pending packag"
5764-1,5764,1007,8,1,28.00,25424.00,0.04,0.04,A,F,1993-12-07,1993-12-20,1993-12-26,TAKE BACK RETURN,RAIL,posits. ca
5764-2,5764,1992,81,2,20.00,37879.80,0.10,0.05,A,F,1993-10-17,1993-12-24,1993-10-18,TAKE BACK RETURN,FOB,arefully regular theo
5764-3,5764,1872,2,3,4.00,7095.48,0.03,0.05,A,F,1993-10-25,1993-12-23,1993-11-06,DELIVER IN PERSON,AIR,g to the regular accounts
5765-1,5765,1620,44,1,31.00,47170.22,0.00,0.06,A,F,1995-01-11,1995-02-13,1995-01-23,TAKE BACK RETURN,AIR, bold packa
5765-2,5765,1239,77,2,29.00,33066.67,0.07,0.08,A,F,1994-12-29,1995-02-01,1995-01-26,NONE,RAIL,usly pending ideas. carefully regular depe
5765-3,5765,1384,61,3,31.00,39846.78,0.05,0.01,R,F,1995-03-01,1995-01-23,1995-03-31,TAKE BACK RETURN,REG AIR,carefully 
5765-4,5765,1518,39,4,46.00,65297.46,0.07,0.07,R,F,1995-03-13,1995-02-12,1995-03-20,DELIVER IN PERSON,MAIL,s. regular packages ac
5765-5,5765,1735,20,5,48.00,78563.04,0.09,0.02,A,F,1995-03-30,1995-01-14,1995-04-09,DELIVER IN PERSON,SHIP,eposits. quickly ironic pinto b
5765-6,5765,821,88,6,41.00,70594.62,0.04,0.00,A,F,1994-12-31,1995-02-11,1995-01-17,TAKE BACK RETURN,SHIP,"ions. daring, final de"
5765-7,5765,413,72,7,21.00,27581.61,0.05,0.04,R,F,1995-04-05,1995-02-12,1995-05-05,COLLECT COD,TRUCK,ckly. quickly special theodolites haggle bl
5766-1,5766,1871,15,1,1.00,1772.87,0.10,0.01,R,F,1994-01-16,1993-11-16,1994-01-23,NONE,MAIL,ly express frets nag
5766-2,5766,1486,4,2,39.00,54111.72,0.02,0.07,A,F,1993-10-24,1993-12-07,1993-11-08,DELIVER IN PERSON,SHIP, haggle furiously alongside of the furiousl
5766-3,5766,1178,87,3,4.00,4316.68,0.08,0.08,R,F,1993-11-10,1993-10-30,1993-12-01,COLLECT COD,TRUCK,final escapades. blithel
5767-1,5767,1669,70,1,11.00,17277.26,0.08,0.01,A,F,1992-06-02,1992-05-30,1992-06-08,NONE,TRUCK,e blithely. furiously regular accou
5767-2,5767,686,18,2,15.00,23800.20,0.07,0.05,R,F,1992-06-05,1992-07-28,1992-06-08,DELIVER IN PERSON,MAIL,ly bold accounts. carefully b
5767-3,5767,1905,50,3,42.00,75889.80,0.06,0.01,R,F,1992-07-31,1992-06-09,1992-08-09,COLLECT COD,TRUCK,ys special som
5767-4,5767,1525,26,4,34.00,48501.68,0.06,0.01,R,F,1992-06-02,1992-06-23,1992-06-17,NONE,FOB,oxes after the
5767-5,5767,453,54,5,36.00,48724.20,0.03,0.00,A,F,1992-07-17,1992-06-10,1992-07-19,COLLECT COD,AIR,latelets use slyly caref
5792-1,5792,1771,14,1,34.00,56874.18,0.08,0.07,R,F,1993-05-23,1993-06-25,1993-06-12,NONE,RAIL,s. blithely regular fo
5792-2,5792,1565,6,2,47.00,68928.32,0.10,0.00,A,F,1993-06-08,1993-05-10,1993-06-26,COLLECT COD,AIR,ously bold excuses agains
5792-3,5792,1829,30,3,32.00,55386.24,0.05,0.08,R,F,1993-06-26,1993-05-23,1993-07-07,COLLECT COD,RAIL,er the fluffily blithe pla
5792-4,5792,139,66,4,14.00,14547.82,0.09,0.02,A,F,1993-07-28,1993-06-17,1993-08-27,DELIVER IN PERSON,RAIL,packages among the bli
5792-5,5792,1014,20,5,31.00,28365.31,0.02,0.01,A,F,1993-06-17,1993-05-05,1993-07-01,COLLECT COD,TRUCK, beans haggle quickly furiously
5793-1,5793,521,12,1,20.00,28430.40,0.05,0.03,N,O,1997-10-05,1997-09-04,1997-10-30,COLLECT COD,AIR,as. blithely b
5793-2,5793,1700,24,2,41.00,65669.70,0.06,0.06,N,O,1997-08-04,1997-10-10,1997-08-12,DELIVER IN PERSON,TRUCK,y final acco
5793-3,5793,428,29,3,8.00,10627.36,0.07,0.03,N,O,1997-08-16,1997-09-08,1997-08-28,COLLECT COD,AIR,beans. eve
5793-4,5793,1477,95,4,48.00,66166.56,0.02,0.02,N,O,1997-09-27,1997-08-23,1997-10-27,DELIVER IN PERSON,REG AIR,ly according to the fluffily ironic the
5794-1,5794,1572,73,1,42.00,61889.94,0.06,0.05,R,F,1993-06-29,1993-05-30,1993-07-28,COLLECT COD,REG AIR, ironic as
5794-2,5794,1148,21,2,14.00,14687.96,0.09,0.02,R,F,1993-04-19,1993-07-02,1993-05-18,COLLECT COD,SHIP,counts. quickly final accounts 
5794-3,5794,69,70,3,15.00,14535.90,0.09,0.06,R,F,1993-06-25,1993-06-27,1993-07-09,NONE,MAIL,"quickly slyly close accounts. special, even"
5794-4,5794,1363,2,4,47.00,59424.92,0.00,0.08,A,F,1993-07-16,1993-06-21,1993-08-05,TAKE BACK RETURN,REG AIR, quickly. fluffy foxes use.
5795-1,5795,1930,19,1,34.00,62285.62,0.09,0.05,A,F,1992-08-21,1992-07-30,1992-08-27,COLLECT COD,REG AIR,ly regular platelets need to cajole along t
5796-1,5796,580,41,1,27.00,39975.66,0.10,0.00,N,O,1996-04-06,1996-02-29,1996-04-20,DELIVER IN PERSON,RAIL,lly stealthy escap
5797-1,5797,610,4,1,17.00,25680.37,0.09,0.03,N,O,1997-12-13,1998-01-12,1997-12-23,NONE,REG AIR,s the final asymptotes ar
5798-1,5798,1261,62,1,2.00,2324.52,0.09,0.00,N,O,1998-05-25,1998-06-22,1998-06-09,COLLECT COD,FOB,ses beside the fina
5798-2,5798,1239,77,2,14.00,15963.22,0.06,0.05,N,O,1998-04-01,1998-06-14,1998-04-27,NONE,RAIL,s affix furiously furiously express instr
5798-3,5798,1337,14,3,22.00,27243.26,0.02,0.01,N,O,1998-06-24,1998-06-06,1998-07-20,COLLECT COD,TRUCK,ash around the caref
5798-4,5798,1457,97,4,40.00,54338.00,0.08,0.06,N,O,1998-07-09,1998-06-24,1998-07-16,NONE,TRUCK,ly along the iron
5798-5,5798,1487,5,5,7.00,9719.36,0.06,0.07,N,O,1998-06-06,1998-05-10,1998-06-07,NONE,SHIP,al packages! slyly ironic pinto
5798-6,5798,375,60,6,9.00,11478.33,0.06,0.02,N,O,1998-05-05,1998-05-25,1998-05-09,DELIVER IN PERSON,REG AIR,uriously a
5798-7,5798,1149,86,7,32.00,33604.48,0.08,0.01,N,O,1998-04-27,1998-05-03,1998-05-08,TAKE BACK RETURN,REG AIR, packages nag blithely.
5799-1,5799,946,47,1,41.00,75724.54,0.04,0.02,N,O,1995-11-13,1995-10-31,1995-11-16,COLLECT COD,TRUCK,unts. blithely special inst
5799-2,5799,999,68,2,30.00,56999.70,0.03,0.08,N,O,1995-09-12,1995-09-13,1995-09-19,NONE,RAIL, quickly abo
5824-1,5824,762,95,1,40.00,66510.40,0.06,0.06,N,O,1997-01-14,1997-01-17,1997-02-02,NONE,REG AIR,efully ironic p
5824-2,5824,1811,98,2,42.00,71938.02,0.09,0.00,N,O,1997-02-01,1997-02-20,1997-02-07,COLLECT COD,SHIP,longside of the braids. regular sheave
5824-3,5824,722,19,3,16.00,25963.52,0.03,0.02,N,O,1997-02-13,1997-01-07,1997-02-17,TAKE BACK RETURN,TRUCK,ns after the f
5824-4,5824,911,80,4,32.00,57981.12,0.03,0.02,N,O,1997-02-16,1997-01-24,1997-02-20,DELIVER IN PERSON,RAIL,ccording to th
5824-5,5824,1070,71,5,44.00,42727.08,0.08,0.03,N,O,1997-01-24,1997-01-31,1997-02-11,COLLECT COD,TRUCK,e quickly! careful
5825-1,5825,1583,24,1,23.00,34145.34,0.10,0.05,R,F,1995-05-10,1995-04-28,1995-05-13,DELIVER IN PERSON,TRUCK,ss theodolites. quickly silent packages 
5826-1,5826,1440,80,1,4.00,5365.76,0.03,0.06,N,O,1998-07-31,1998-09-10,1998-08-27,NONE,AIR," theodolites sleep regular, silent"
5826-2,5826,638,39,2,18.00,27695.34,0.04,0.01,N,O,1998-07-17,1998-09-03,1998-07-22,NONE,SHIP,uffily. special dec
5827-1,5827,1867,68,1,30.00,53065.80,0.03,0.05,N,O,1998-11-11,1998-09-27,1998-11-30,DELIVER IN PERSON,RAIL,the fluffil
5827-2,5827,1022,58,2,23.00,21229.46,0.09,0.05,N,O,1998-11-16,1998-09-14,1998-11-17,COLLECT COD,RAIL,ing excuses haggle furiously bo
5827-3,5827,1638,21,3,3.00,4618.89,0.03,0.06,N,O,1998-10-17,1998-09-29,1998-10-28,DELIVER IN PERSON,MAIL,ss deposits boost slyly fina
5827-4,5827,1991,92,4,26.00,49217.74,0.06,0.00,N,O,1998-07-29,1998-09-24,1998-07-30,DELIVER IN PERSON,SHIP,ns sleep blithely furiously final a
5827-5,5827,1117,90,5,38.00,38688.18,0.03,0.06,N,O,1998-10-18,1998-08-27,1998-10-23,TAKE BACK RETURN,TRUCK, fluffily among the 
5827-6,5827,165,18,6,14.00,14912.24,0.05,0.01,N,O,1998-08-31,1998-09-06,1998-09-13,TAKE BACK RETURN,RAIL,refully slyly express p
5828-1,5828,14,90,1,28.00,25592.28,0.10,0.03,A,F,1994-05-15,1994-05-20,1994-06-08,DELIVER IN PERSON,MAIL,sits. furiously bold foxes abo
5828-2,5828,1574,55,2,37.00,54596.09,0.01,0.00,R,F,1994-06-07,1994-05-30,1994-06-17,NONE,RAIL,"s. regular, spec"
5829-1,5829,397,54,1,4.00,5189.56,0.01,0.02,N,O,1997-03-01,1997-02-17,1997-03-22,NONE,TRUCK,onic asymptotes. slyly ironic courts cajole
5829-2,5829,1066,2,2,40.00,38682.40,0.04,0.01,N,O,1997-04-21,1997-02-12,1997-05-04,COLLECT COD,TRUCK," ironic, daring theodolites. care"
5829-3,5829,1283,58,3,6.00,7105.68,0.05,0.06,N,O,1997-01-22,1997-03-12,1997-02-02,TAKE BACK RETURN,AIR,re silent deposits. r
5829-4,5829,892,59,4,42.00,75301.38,0.02,0.07,N,O,1997-03-26,1997-04-01,1997-03-30,COLLECT COD,REG AIR, accounts. carefully unusual dependenci
5829-5,5829,1908,41,5,49.00,88685.10,0.05,0.01,N,O,1997-01-31,1997-03-13,1997-02-18,NONE,MAIL, accounts above the neve
5829-6,5829,171,24,6,17.00,18209.89,0.09,0.02,N,O,1997-04-10,1997-03-29,1997-04-22,COLLECT COD,AIR,s. blithely idle requests affix fur
5829-7,5829,780,81,7,27.00,45381.06,0.08,0.04,N,O,1997-02-25,1997-03-31,1997-03-03,DELIVER IN PERSON,AIR,leep slyly quickly sly the
5830-1,5830,1593,14,1,29.00,43343.11,0.10,0.02,R,F,1993-06-19,1993-05-10,1993-07-13,DELIVER IN PERSON,REG AIR,latelets. slyl
5831-1,5831,1904,5,1,2.00,3611.80,0.10,0.01,N,O,1997-02-09,1997-01-20,1997-03-07,TAKE BACK RETURN,TRUCK, alongside of the 
5831-2,5831,735,100,2,33.00,53979.09,0.04,0.03,N,O,1996-11-20,1997-01-18,1996-12-18,TAKE BACK RETURN,MAIL,ironic excuses. slyly even pa
5831-3,5831,817,51,3,6.00,10306.86,0.05,0.07,N,O,1997-01-29,1997-01-14,1997-02-09,NONE,MAIL,"pending, blithe requests hagg"
5831-4,5831,130,83,4,46.00,47385.98,0.06,0.02,N,O,1997-02-24,1997-01-18,1997-03-02,COLLECT COD,MAIL,accounts ha
5831-5,5831,429,30,5,37.00,49188.54,0.05,0.01,N,O,1997-01-17,1997-02-08,1997-02-01,NONE,FOB,ake slyly even deposit
5856-1,5856,37,13,1,1.00,937.03,0.03,0.02,A,F,1994-12-29,1995-01-07,1995-01-10,TAKE BACK RETURN,MAIL,"otes sleep about the regular, pending pl"
5856-2,5856,344,1,2,35.00,43551.90,0.09,0.02,R,F,1994-11-24,1994-12-23,1994-11-30,COLLECT COD,AIR,ct carefully alongs
5856-3,5856,1528,29,3,39.00,55751.28,0.05,0.03,A,F,1995-01-18,1995-01-11,1995-01-19,DELIVER IN PERSON,TRUCK, even braids. blithely i
5857-1,5857,573,74,1,25.00,36839.25,0.03,0.02,N,O,1997-12-02,1997-12-17,1997-12-08,DELIVER IN PERSON,REG AIR,n packages. quickly final re
5857-2,5857,1948,81,2,50.00,92497.00,0.06,0.07,N,O,1997-12-04,1997-12-16,1997-12-20,NONE,TRUCK,uests above
5857-3,5857,679,73,3,1.00,1579.67,0.03,0.01,N,O,1998-02-01,1997-12-09,1998-02-20,TAKE BACK RETURN,SHIP,l pinto beans are slyly. ironic 
5857-4,5857,1180,17,4,12.00,12974.16,0.03,0.08,N,O,1998-01-24,1997-12-27,1998-02-10,TAKE BACK RETURN,AIR,quickly special dolphi
5857-5,5857,1913,58,5,14.00,25408.74,0.07,0.07,N,O,1997-12-10,1998-01-06,1998-01-04,TAKE BACK RETURN,TRUCK,ccounts impr
5857-6,5857,929,64,6,49.00,89666.08,0.00,0.04,N,O,1998-01-23,1997-12-12,1998-01-28,DELIVER IN PERSON,REG AIR,fully carefully bl
5858-1,5858,1209,21,1,20.00,22204.00,0.02,0.06,A,F,1992-07-23,1992-08-26,1992-07-24,COLLECT COD,SHIP,pending platelets sleep quickly 
5858-2,5858,151,52,2,36.00,37841.40,0.00,0.05,A,F,1992-09-25,1992-08-16,1992-10-11,NONE,SHIP,slyly special foxes. requests s
5858-3,5858,1480,20,3,7.00,9670.36,0.08,0.02,A,F,1992-10-07,1992-08-16,1992-10-15,TAKE BACK RETURN,REG AIR,ly ironic packages thrash carefully ev
5858-4,5858,1635,59,4,46.00,70684.98,0.07,0.06,R,F,1992-09-07,1992-10-06,1992-10-06,DELIVER IN PERSON,MAIL,special idea
5858-5,5858,1602,85,5,18.00,27064.80,0.00,0.07,A,F,1992-11-05,1992-10-08,1992-12-03,NONE,TRUCK,accounts. blithe
5858-6,5858,1540,21,6,7.00,10090.78,0.04,0.00,A,F,1992-09-14,1992-10-01,1992-10-01,TAKE BACK RETURN,RAIL,usly after the
5858-7,5858,108,35,7,50.00,50405.00,0.06,0.00,R,F,1992-07-20,1992-10-07,1992-07-25,NONE,TRUCK,en deposits los
5859-1,5859,1750,35,1,50.00,82587.50,0.07,0.01,N,O,1997-07-08,1997-06-20,1997-07-27,COLLECT COD,MAIL,its. carefully bold packages ca
5859-2,5859,88,64,2,17.00,16797.36,0.03,0.03,N,O,1997-05-15,1997-06-30,1997-05-26,DELIVER IN PERSON,AIR,gular deposits. quickly daring dolphins
5859-3,5859,458,88,3,33.00,44828.85,0.10,0.04,N,O,1997-07-08,1997-06-22,1997-07-18,TAKE BACK RETURN,TRUCK,tions integrate fluffily. slyly ironic r
5859-4,5859,923,24,4,40.00,72956.80,0.09,0.02,N,O,1997-08-05,1997-06-17,1997-08-20,NONE,REG AIR,quick ideas.
5859-5,5859,1527,8,5,35.00,49998.20,0.00,0.08,N,O,1997-05-28,1997-07-14,1997-06-15,COLLECT COD,TRUCK,"cial, speci"
5859-6,5859,435,36,6,9.00,12018.87,0.01,0.02,N,O,1997-06-15,1997-06-06,1997-06-20,NONE,RAIL,ages detect across the even a
5859-7,5859,1902,35,7,27.00,48705.30,0.05,0.08,N,O,1997-07-30,1997-07-08,1997-08-08,NONE,MAIL,s print fi
5860-1,5860,502,93,1,10.00,14025.00,0.04,0.04,A,F,1992-03-11,1992-03-30,1992-03-31,NONE,MAIL,"nag. ironic, pending packages hang blit"
5861-1,5861,1909,42,1,32.00,57948.80,0.00,0.03,N,O,1997-05-27,1997-05-29,1997-05-28,TAKE BACK RETURN,MAIL, lose fluffily after the slyly fluffy th
5861-2,5861,857,24,2,6.00,10547.10,0.10,0.03,N,O,1997-07-28,1997-05-18,1997-08-24,TAKE BACK RETURN,TRUCK,are quickly i
5862-1,5862,1121,58,1,4.00,4088.48,0.09,0.06,N,O,1997-06-04,1997-04-26,1997-06-19,NONE,TRUCK,ly regular deposit
5862-2,5862,14,65,2,29.00,26506.29,0.03,0.05,N,O,1997-04-02,1997-04-16,1997-04-04,NONE,FOB,"lly daring, pending p"
5863-1,5863,1606,48,1,45.00,67842.00,0.07,0.06,A,F,1993-12-19,1994-01-25,1994-01-05,NONE,REG AIR,ffix foxes. care
5863-2,5863,1594,35,2,21.00,31407.39,0.09,0.03,R,F,1994-01-13,1994-01-09,1994-01-28,DELIVER IN PERSON,FOB,"deas. final, ironic depos"
5888-1,5888,613,7,1,46.00,69626.06,0.02,0.00,N,O,1996-11-18,1996-11-05,1996-12-08,TAKE BACK RETURN,FOB,. carefully regular id
5888-2,5888,1116,17,2,24.00,24410.64,0.03,0.01,N,O,1996-11-07,1996-11-30,1996-11-20,COLLECT COD,SHIP,are slyly care
5889-1,5889,762,95,1,17.00,28266.92,0.09,0.02,N,O,1995-07-01,1995-08-12,1995-07-25,NONE,AIR,onic pinto beans. blithely spe
5890-1,5890,1123,24,1,38.00,38916.56,0.01,0.08,A,F,1993-02-14,1992-12-09,1993-02-27,COLLECT COD,FOB,efully final requests. furiously quie
5891-1,5891,850,51,1,22.00,38518.70,0.00,0.06,R,F,1993-01-01,1993-02-18,1993-01-14,DELIVER IN PERSON,TRUCK,yond the asymptotes. instructions ab
5891-2,5891,1856,100,2,9.00,15820.65,0.03,0.07,R,F,1993-01-20,1993-02-27,1993-02-10,COLLECT COD,REG AIR,ages solve about 
5891-3,5891,297,52,3,10.00,11972.90,0.08,0.01,A,F,1993-04-14,1993-02-07,1993-04-15,DELIVER IN PERSON,RAIL,", final deposits "
5892-1,5892,1478,79,1,7.00,9656.29,0.02,0.03,N,O,1995-06-26,1995-07-18,1995-07-25,COLLECT COD,AIR,aggle blithely. furiously express dep
5892-2,5892,1500,18,2,37.00,51855.50,0.09,0.06,N,O,1995-08-12,1995-06-11,1995-09-05,NONE,REG AIR,"s use slyly. final, i"
5892-3,5892,21,22,3,28.00,25788.56,0.03,0.06,N,O,1995-08-16,1995-07-06,1995-08-22,DELIVER IN PERSON,MAIL,"alongside of the ironic, ironic asymptotes"
5892-4,5892,748,49,4,23.00,37921.02,0.08,0.04,R,F,1995-05-18,1995-07-06,1995-05-29,COLLECT COD,MAIL, wake. slyly regular deposits 
5893-1,5893,1338,53,1,43.00,53291.19,0.05,0.02,R,F,1992-11-02,1992-09-27,1992-11-21,TAKE BACK RETURN,RAIL,ages? fluffily ironic accounts sleep slyly.
5893-2,5893,19,95,2,2.00,1838.02,0.10,0.04,R,F,1992-07-18,1992-09-10,1992-08-12,NONE,RAIL,"l, brave reques"
5894-1,5894,74,50,1,23.00,22403.61,0.04,0.08,A,F,1994-09-05,1994-10-27,1994-09-13,NONE,TRUCK,ilent accounts to the bold theodoli
5894-2,5894,785,50,2,48.00,80917.44,0.04,0.08,A,F,1994-09-04,1994-11-03,1994-09-17,NONE,TRUCK,press ideas. quickly even dolphins are
5895-1,5895,148,75,1,38.00,39829.32,0.05,0.08,N,O,1997-04-05,1997-03-06,1997-05-03,DELIVER IN PERSON,RAIL,s sleep carefully. carefully unusual theo
5895-2,5895,1216,17,2,47.00,52508.87,0.04,0.06,N,O,1997-04-27,1997-03-17,1997-05-07,DELIVER IN PERSON,AIR,fily bold deposits. furi
5895-3,5895,838,38,3,49.00,85202.67,0.03,0.07,N,O,1997-03-15,1997-02-17,1997-04-04,NONE,TRUCK,r packages wake quickly f
5895-4,5895,1458,59,4,31.00,42142.95,0.03,0.01,N,O,1997-03-03,1997-03-30,1997-03-08,TAKE BACK RETURN,TRUCK,r special requests nag carefully:
5895-5,5895,1992,93,5,20.00,37879.80,0.07,0.00,N,O,1997-04-30,1997-02-07,1997-05-08,DELIVER IN PERSON,AIR,ly ironic theodolites. blithely regular pl
5895-6,5895,778,43,6,15.00,25181.55,0.08,0.08,N,O,1997-04-19,1997-03-09,1997-05-13,TAKE BACK RETURN,RAIL, sleep careful
5920-1,5920,1861,62,1,50.00,88143.00,0.06,0.00,A,F,1995-03-13,1995-01-03,1995-03-31,TAKE BACK RETURN,RAIL,ly regular ideas cajole furiously. car
5920-2,5920,578,79,2,24.00,35485.68,0.01,0.05,A,F,1994-12-28,1995-01-21,1994-12-31,DELIVER IN PERSON,FOB,luffily final pinto beans at the
5920-3,5920,1170,7,3,2.00,2142.34,0.08,0.07,A,F,1995-02-18,1995-01-13,1995-03-04,NONE,SHIP, above the 
5920-4,5920,114,93,4,28.00,28395.08,0.06,0.02,R,F,1994-12-17,1995-02-13,1994-12-31,NONE,SHIP,lithely pending deposits. blith
5920-5,5920,992,95,5,42.00,79505.58,0.09,0.08,A,F,1994-12-18,1995-01-07,1995-01-14,COLLECT COD,AIR,s. carefully ironic depths a
5921-1,5921,981,84,1,44.00,82807.12,0.07,0.01,R,F,1994-07-14,1994-06-30,1994-07-15,NONE,TRUCK,around the quickly ev
5921-2,5921,1457,36,2,25.00,33961.25,0.06,0.01,A,F,1994-05-19,1994-06-15,1994-06-17,COLLECT COD,TRUCK,final platelets haggle among the unu
5921-3,5921,672,35,3,17.00,26735.39,0.06,0.01,R,F,1994-05-20,1994-05-26,1994-05-23,NONE,FOB,lithely express dependencies. quickly 
5921-4,5921,274,29,4,26.00,30531.02,0.03,0.04,A,F,1994-05-03,1994-07-06,1994-05-06,NONE,AIR,ly express r
5921-5,5921,1423,63,5,41.00,54301.22,0.04,0.02,R,F,1994-04-13,1994-05-31,1994-04-26,DELIVER IN PERSON,AIR,dolites. blithely ironi
5921-6,5921,1145,46,6,5.00,5230.70,0.02,0.00,R,F,1994-06-01,1994-05-07,1994-06-10,COLLECT COD,TRUCK,eep around the ironic ideas. ca
5922-1,5922,1957,90,1,9.00,16730.55,0.07,0.00,N,O,1996-12-04,1997-01-20,1996-12-08,DELIVER IN PERSON,RAIL,he ironic pinto beans. even dinos en
5922-2,5922,1566,47,2,37.00,54299.72,0.01,0.04,N,O,1996-12-19,1996-12-16,1997-01-15,COLLECT COD,RAIL, ironic requests detect slyly regular pinto
5922-3,5922,896,63,3,35.00,62891.15,0.08,0.00,N,O,1996-12-12,1997-01-21,1997-01-01,DELIVER IN PERSON,SHIP, furiously iro
5922-4,5922,651,52,4,13.00,20171.45,0.08,0.07,N,O,1997-03-08,1996-12-26,1997-04-03,DELIVER IN PERSON,FOB,bout the furiously regular courts-- r
5922-5,5922,565,96,5,39.00,57156.84,0.04,0.07,N,O,1997-03-04,1997-01-17,1997-03-25,TAKE BACK RETURN,SHIP,lyly ironic packages. ironic
5922-6,5922,1789,32,6,10.00,16907.80,0.04,0.01,N,O,1997-02-23,1996-12-26,1997-03-04,NONE,REG AIR,itaphs sleep after the furiously even a
5923-1,5923,1770,71,1,27.00,45137.79,0.08,0.03,N,O,1997-08-16,1997-06-27,1997-08-29,DELIVER IN PERSON,RAIL,s mold acc
5923-2,5923,1186,23,2,42.00,45661.56,0.01,0.08,N,O,1997-09-16,1997-07-23,1997-09-27,COLLECT COD,REG AIR, slyly final ideas wake
5923-3,5923,1076,82,3,2.00,1954.14,0.06,0.05,N,O,1997-06-19,1997-07-31,1997-06-28,TAKE BACK RETURN,TRUCK,rls integrate across the furiou
5923-4,5923,1732,75,4,46.00,75151.58,0.05,0.04,N,O,1997-07-29,1997-07-23,1997-08-23,COLLECT COD,SHIP,es haggle slyly never e
5923-5,5923,586,47,5,35.00,52030.30,0.04,0.05,N,O,1997-07-21,1997-07-11,1997-08-01,DELIVER IN PERSON,AIR,"final, regular foxes integrate furiously a"
5924-1,5924,1752,37,1,38.00,62842.50,0.06,0.05,N,O,1995-12-17,1995-12-11,1996-01-06,TAKE BACK RETURN,AIR,"ans haggle furiously ironic, iro"
5924-2,5924,524,55,2,49.00,69801.48,0.04,0.00,N,O,1995-10-25,1995-12-11,1995-11-08,NONE,MAIL,tes serve. unusual platelets grow slyly a
5924-3,5924,168,69,3,24.00,25635.84,0.09,0.08,N,O,1996-01-12,1995-12-13,1996-01-25,COLLECT COD,REG AIR, carefully regular request
5925-1,5925,866,100,1,42.00,74208.12,0.05,0.02,N,O,1996-03-05,1996-01-13,1996-03-10,COLLECT COD,SHIP,ounts x-ray. pen
5925-2,5925,1250,25,2,31.00,35688.75,0.03,0.03,N,O,1996-01-02,1995-12-14,1996-01-07,TAKE BACK RETURN,FOB,ts was furiously unusual foxes. b
5925-3,5925,883,50,3,50.00,89194.00,0.03,0.04,N,O,1996-02-14,1996-01-10,1996-02-15,NONE,TRUCK,"symptotes are quickly. ironic, unusual"
5925-4,5925,534,95,4,30.00,43035.90,0.02,0.07,N,O,1996-02-21,1996-02-11,1996-03-10,NONE,TRUCK,final theo
5925-5,5925,1598,99,5,41.00,61483.19,0.00,0.06,N,O,1996-02-03,1995-12-24,1996-02-20,NONE,SHIP,he blithely regular instructions. quic
5925-6,5925,499,87,6,48.00,67175.52,0.02,0.00,N,O,1996-02-03,1996-01-19,1996-03-04,DELIVER IN PERSON,REG AIR,sly final warhorses.
5926-1,5926,893,60,1,8.00,14351.12,0.02,0.00,R,F,1994-07-17,1994-07-20,1994-08-11,COLLECT COD,MAIL,"ffily against the final, regula"
5926-2,5926,498,86,2,27.00,37759.23,0.09,0.05,A,F,1994-07-05,1994-08-11,1994-08-02,DELIVER IN PERSON,MAIL,the foxes. acco
5926-3,5926,1268,69,3,46.00,53785.96,0.01,0.03,R,F,1994-09-05,1994-08-12,1994-09-11,COLLECT COD,RAIL,old courts about the quick
5926-4,5926,1897,27,4,23.00,41374.47,0.01,0.02,A,F,1994-07-23,1994-08-10,1994-07-27,DELIVER IN PERSON,FOB, the packages! dependencies s
5927-1,5927,896,30,1,44.00,79063.16,0.04,0.05,N,O,1997-11-29,1997-11-21,1997-12-13,DELIVER IN PERSON,TRUCK,uests are slyly. carefully final 
5927-2,5927,1146,19,2,8.00,8377.12,0.04,0.05,N,O,1997-09-24,1997-11-15,1997-10-22,TAKE BACK RETURN,SHIP, regular deposits. regul
5927-3,5927,1661,3,3,32.00,50005.12,0.10,0.07,N,O,1997-12-26,1997-10-27,1997-12-31,COLLECT COD,AIR,luffily regular requests; slyly iro
5952-1,5952,1999,44,1,49.00,93148.51,0.10,0.02,N,O,1997-06-30,1997-07-10,1997-07-02,COLLECT COD,AIR,atelets sleep quick
5952-2,5952,1902,35,2,11.00,19842.90,0.10,0.05,N,O,1997-05-13,1997-06-04,1997-05-27,DELIVER IN PERSON,FOB,sits haggle specia
5952-3,5952,704,5,3,43.00,69002.10,0.01,0.01,N,O,1997-06-29,1997-06-06,1997-07-15,COLLECT COD,MAIL,quests unwind careful gifts! carefully
5952-4,5952,1579,60,4,23.00,34053.11,0.00,0.07,N,O,1997-05-13,1997-06-27,1997-05-20,NONE,TRUCK,e furiously bold account
5953-1,5953,1282,83,1,36.00,42598.08,0.03,0.00,R,F,1992-05-28,1992-06-24,1992-05-29,DELIVER IN PERSON,FOB,ers. accounts
5953-2,5953,121,48,2,34.00,34718.08,0.03,0.04,A,F,1992-05-04,1992-06-12,1992-06-02,NONE,RAIL,refully. quickly ironic dolphins grow s
5953-3,5953,1611,94,3,5.00,7563.05,0.07,0.06,A,F,1992-04-10,1992-04-27,1992-04-14,NONE,SHIP,al dependenc
5953-4,5953,1684,26,4,23.00,36470.64,0.09,0.02,R,F,1992-06-05,1992-06-03,1992-06-29,TAKE BACK RETURN,FOB,s. slyly blithe pinto beans will
5954-1,5954,1468,86,1,8.00,10955.68,0.03,0.00,A,F,1993-03-27,1993-01-22,1993-04-04,TAKE BACK RETURN,AIR,oxes are f
5954-2,5954,803,37,2,40.00,68152.00,0.02,0.01,A,F,1992-12-30,1993-01-16,1993-01-09,COLLECT COD,RAIL,", bold deposits. furiously s"
5954-3,5954,934,37,3,20.00,36698.60,0.09,0.07,A,F,1992-12-25,1993-02-05,1992-12-31,COLLECT COD,REG AIR,tions sleep. blithely
5954-4,5954,1447,65,4,20.00,26968.80,0.00,0.01,R,F,1993-02-27,1993-01-04,1993-03-08,NONE,TRUCK,ses. slyly bold requests affix furi
5954-5,5954,998,1,5,35.00,66464.65,0.04,0.06,A,F,1993-03-17,1993-02-06,1993-04-10,NONE,SHIP,usual requests use alongside 
5954-6,5954,1921,66,6,39.00,71093.88,0.04,0.08,A,F,1993-02-27,1993-02-25,1993-03-29,DELIVER IN PERSON,REG AIR,mptotes. fluffily regular packages ca
5955-1,5955,1394,71,1,14.00,18135.46,0.08,0.08,N,O,1995-06-22,1995-05-23,1995-06-24,DELIVER IN PERSON,TRUCK,ously. even grouches aff
5955-2,5955,616,10,2,15.00,22749.15,0.08,0.07,R,F,1995-04-22,1995-05-28,1995-04-27,NONE,FOB,s integrate ruthless accounts. 
5955-3,5955,1112,85,3,40.00,40524.40,0.03,0.00,R,F,1995-04-01,1995-06-11,1995-04-27,NONE,FOB,old requests. carefully 
5956-1,5956,1541,82,1,10.00,14425.40,0.04,0.05,N,O,1998-07-27,1998-07-04,1998-08-21,NONE,MAIL,y regular idea
5956-2,5956,542,33,2,23.00,33178.42,0.08,0.03,N,O,1998-06-06,1998-07-10,1998-06-15,DELIVER IN PERSON,RAIL,arefully around t
5956-3,5956,1749,92,3,47.00,77584.78,0.04,0.06,N,O,1998-09-06,1998-06-29,1998-09-18,TAKE BACK RETURN,MAIL,requests nag careful
5956-4,5956,200,79,4,40.00,44008.00,0.09,0.05,N,O,1998-06-11,1998-07-19,1998-06-21,NONE,MAIL, bold platelets. regular accounts sleep. f
5957-1,5957,147,74,1,37.00,38744.18,0.07,0.00,A,F,1994-04-18,1994-02-19,1994-05-11,NONE,AIR,le furiously at the fu
5957-2,5957,588,49,2,46.00,68474.68,0.04,0.08,A,F,1994-01-23,1994-01-30,1994-02-07,NONE,SHIP,lyly along the furiously regular reque
5957-3,5957,14,65,3,17.00,15538.17,0.01,0.01,A,F,1994-01-24,1994-02-16,1994-02-08,TAKE BACK RETURN,SHIP,g dolphins boost furiousl
5957-4,5957,1315,92,4,29.00,35272.99,0.01,0.03,R,F,1994-02-24,1994-03-04,1994-03-08,COLLECT COD,REG AIR,"xes nag regular asymptotes. silent, pending"
5957-5,5957,873,73,5,40.00,70954.80,0.04,0.04,R,F,1994-01-07,1994-02-05,1994-01-26,DELIVER IN PERSON,SHIP,y even theodolites play furiously agai
5957-6,5957,51,2,6,41.00,38993.05,0.10,0.07,R,F,1994-03-25,1994-02-20,1994-03-31,DELIVER IN PERSON,MAIL,mong the final ideas. blithely unusu
5957-7,5957,1585,6,7,32.00,47570.56,0.10,0.07,A,F,1994-03-05,1994-02-20,1994-03-09,NONE,TRUCK,ockey players wake blithely-
5958-1,5958,1489,7,1,33.00,45885.84,0.02,0.04,N,O,1995-09-24,1995-12-12,1995-10-05,COLLECT COD,MAIL,gular ideas. carefully even ide
5958-2,5958,430,89,2,23.00,30599.89,0.03,0.04,N,O,1995-09-26,1995-10-19,1995-09-27,COLLECT COD,SHIP,deposits. finally final accounts alongside 
5958-3,5958,1527,8,3,42.00,59997.84,0.10,0.00,N,O,1995-12-12,1995-10-19,1996-01-09,NONE,AIR,special asymptotes after the theodo
5958-4,5958,385,86,4,18.00,23136.84,0.04,0.05,N,O,1995-12-02,1995-10-17,1995-12-22,COLLECT COD,FOB,ymptotes. silent accoun
5958-5,5958,1318,57,5,32.00,39017.92,0.06,0.00,N,O,1995-09-20,1995-12-10,1995-10-14,COLLECT COD,REG AIR,uctions haggle according to the finally eve
5959-1,5959,1342,81,1,49.00,60923.66,0.07,0.03,R,F,1992-07-16,1992-08-09,1992-08-14,DELIVER IN PERSON,SHIP,"l pinto beans are regular, bol"
5959-2,5959,1463,64,2,17.00,23195.82,0.09,0.07,R,F,1992-06-10,1992-07-06,1992-06-23,COLLECT COD,MAIL, express accounts. e
5959-3,5959,44,45,3,4.00,3776.16,0.04,0.03,R,F,1992-06-14,1992-07-05,1992-07-01,NONE,MAIL,ole furiously aft
5959-4,5959,1960,61,4,13.00,24205.48,0.03,0.00,A,F,1992-07-29,1992-07-13,1992-08-20,COLLECT COD,SHIP,ven accounts. ironic de
5959-5,5959,400,85,5,37.00,48114.80,0.04,0.01,R,F,1992-06-05,1992-07-18,1992-06-29,NONE,TRUCK,thely pending d
5959-6,5959,1182,19,6,35.00,37911.30,0.03,0.00,A,F,1992-05-27,1992-06-19,1992-06-23,NONE,TRUCK,integrate deposits. c
5959-7,5959,422,52,7,47.00,62153.74,0.02,0.01,R,F,1992-08-28,1992-07-24,1992-09-09,TAKE BACK RETURN,RAIL,s. furiously close requests
5984-1,5984,695,89,1,13.00,20743.97,0.06,0.07,R,F,1994-10-16,1994-09-06,1994-11-11,NONE,MAIL,; instructions a
5984-2,5984,1013,14,2,25.00,22850.25,0.05,0.08,R,F,1994-10-06,1994-07-21,1994-10-28,COLLECT COD,RAIL,t requests. carefully even accounts caj
5984-3,5984,4,30,3,8.00,7232.00,0.10,0.00,R,F,1994-09-17,1994-08-28,1994-09-25,COLLECT COD,RAIL, enticingly b
5984-4,5984,1898,99,4,35.00,62996.15,0.00,0.01,A,F,1994-08-25,1994-08-05,1994-08-31,DELIVER IN PERSON,SHIP, theodolites are f
5985-1,5985,858,92,1,4.00,7035.40,0.02,0.02,A,F,1995-05-04,1995-04-01,1995-05-17,DELIVER IN PERSON,MAIL,integrate blithely dogged ex
5986-1,5986,788,85,1,26.00,43908.28,0.00,0.00,R,F,1992-08-10,1992-05-23,1992-08-24,TAKE BACK RETURN,SHIP, use slyly even instructions. re
5986-2,5986,1953,98,2,25.00,46373.75,0.03,0.06,A,F,1992-06-16,1992-07-17,1992-06-29,TAKE BACK RETURN,MAIL,the carefully pending accounts 
5986-3,5986,297,25,3,1.00,1197.29,0.07,0.06,A,F,1992-05-21,1992-06-21,1992-05-24,DELIVER IN PERSON,REG AIR,iously about the quickly even pinto beans. 
5986-4,5986,896,96,4,31.00,55703.59,0.00,0.03,A,F,1992-08-21,1992-06-29,1992-09-14,NONE,AIR,g foxes. slyly ironic requests alongsid
5986-5,5986,1352,53,5,6.00,7520.10,0.05,0.02,A,F,1992-07-16,1992-06-10,1992-07-29,DELIVER IN PERSON,RAIL, ironic dinos wake carefully ac
5987-1,5987,221,76,1,1.00,1121.22,0.01,0.04,N,O,1996-09-13,1996-10-29,1996-09-21,DELIVER IN PERSON,REG AIR,ts boost slyly according to the furiously
5987-2,5987,1753,38,2,20.00,33095.00,0.10,0.06,N,O,1996-11-28,1996-09-17,1996-12-05,TAKE BACK RETURN,RAIL,r deposits nag. waters nag among th
5987-3,5987,912,13,3,43.00,77955.13,0.08,0.04,N,O,1996-10-30,1996-10-13,1996-11-12,NONE,AIR,leep among the pending packages. regul
5987-4,5987,961,64,4,37.00,68892.52,0.08,0.08,N,O,1996-10-15,1996-10-27,1996-11-09,NONE,MAIL,posits cajole after the furious
5988-1,5988,1720,5,1,41.00,66490.52,0.08,0.03,R,F,1994-01-20,1994-02-06,1994-02-10,COLLECT COD,AIR,ake furiously around the f
5989-1,5989,787,84,1,46.00,77637.88,0.09,0.05,N,O,1996-01-28,1995-11-26,1996-02-27,NONE,SHIP,arefully final pinto bea
5989-2,5989,1121,58,2,41.00,41906.92,0.04,0.08,N,O,1996-01-29,1995-12-26,1996-02-20,DELIVER IN PERSON,SHIP, ironic warhorses. express theodolites 
5989-3,5989,1507,8,3,49.00,69016.50,0.05,0.05,N,O,1995-11-20,1995-11-22,1995-11-30,NONE,AIR,rays wake. regular deposits
5989-4,5989,1822,52,4,31.00,53438.42,0.03,0.06,N,O,1996-01-23,1996-01-04,1996-02-20,TAKE BACK RETURN,TRUCK,carefully slow excuses. furi
5989-5,5989,762,95,5,26.00,43231.76,0.09,0.03,N,O,1995-11-22,1995-12-07,1995-12-14,COLLECT COD,RAIL,"l, final grouches dazzle furiously. furi"
5989-6,5989,453,54,6,32.00,43310.40,0.10,0.00,N,O,1995-11-21,1995-12-09,1995-12-21,TAKE BACK RETURN,MAIL,hily furiously 
5989-7,5989,60,11,7,32.00,30721.92,0.02,0.00,N,O,1996-01-23,1995-11-22,1996-01-31,NONE,AIR, dolphins doze after t
5990-1,5990,1290,65,1,31.00,36929.99,0.00,0.06,A,F,1993-06-02,1993-06-02,1993-06-30,NONE,SHIP,kages. carefully pending excuses unwind. 
5990-2,5990,1990,35,2,28.00,52975.72,0.00,0.01,A,F,1993-04-22,1993-05-16,1993-05-16,COLLECT COD,AIR,ithely unusual platelets sleep fluffily iro
5990-3,5990,802,3,3,44.00,74923.20,0.01,0.06,R,F,1993-06-22,1993-05-21,1993-06-28,NONE,FOB,es! quickly ironic requests nag 
5991-1,5991,1650,33,1,4.00,6206.60,0.06,0.01,R,F,1994-08-13,1994-06-30,1994-08-20,COLLECT COD,TRUCK,the slyly ruthless platelets. furiou
5991-2,5991,112,39,2,30.00,30363.30,0.10,0.04,A,F,1994-05-21,1994-08-01,1994-06-02,TAKE BACK RETURN,MAIL,"le slyly above the pending, regular excus"
5991-3,5991,458,17,3,10.00,13584.50,0.03,0.03,A,F,1994-05-29,1994-06-30,1994-06-13,TAKE BACK RETURN,AIR,ndencies. asymptotes wake bl
6016-1,6016,1447,26,1,14.00,18878.16,0.01,0.08,A,F,1992-04-13,1992-04-11,1992-04-18,NONE,MAIL,r the foxes. ironi
6016-2,6016,207,62,2,50.00,55360.00,0.08,0.03,R,F,1992-04-29,1992-04-12,1992-05-27,NONE,FOB,s. ironic req
6016-3,6016,487,88,3,20.00,27749.60,0.10,0.01,A,F,1992-04-18,1992-03-23,1992-05-11,TAKE BACK RETURN,SHIP,among the bold requests hang ab
6017-1,6017,1986,87,1,13.00,24543.74,0.10,0.08,R,F,1995-03-19,1995-03-05,1995-04-04,COLLECT COD,MAIL,ackages. slyly even d
6017-2,6017,1367,68,2,44.00,55807.84,0.05,0.01,A,F,1995-03-20,1995-04-09,1995-04-18,TAKE BACK RETURN,REG AIR,y regular ideas sle
6017-3,6017,237,38,3,19.00,21607.37,0.06,0.06,R,F,1995-03-18,1995-03-28,1995-04-05,DELIVER IN PERSON,REG AIR,onic attainments d
6017-4,6017,253,8,4,29.00,33444.25,0.07,0.03,R,F,1995-02-16,1995-03-16,1995-03-13,DELIVER IN PERSON,RAIL,ronically ironic pinto beans 
6017-5,6017,1569,70,5,9.00,13235.04,0.02,0.01,R,F,1995-02-08,1995-03-12,1995-03-06,TAKE BACK RETURN,REG AIR,counts sleep furio
6018-1,6018,1154,55,1,2.00,2110.30,0.07,0.06,R,F,1992-09-09,1992-10-29,1992-09-16,TAKE BACK RETURN,MAIL,slyly special ideas unwi
6018-2,6018,1284,85,2,17.00,20149.76,0.09,0.07,R,F,1992-09-17,1992-11-17,1992-10-08,COLLECT COD,RAIL,eas haggle furio
6019-1,6019,402,61,1,28.00,36467.20,0.05,0.03,A,F,1993-08-14,1993-10-28,1993-08-18,TAKE BACK RETURN,SHIP, nag reque
6020-1,6020,1196,69,1,50.00,54859.50,0.03,0.00,A,F,1994-11-18,1994-12-11,1994-11-24,TAKE BACK RETURN,REG AIR,ag across the slowly reg
6020-2,6020,512,3,2,47.00,66387.97,0.03,0.07,R,F,1994-10-31,1994-10-29,1994-11-21,NONE,TRUCK,ages. busy asymptotes along the
6020-3,6020,278,79,3,1.00,1178.27,0.06,0.05,A,F,1995-01-12,1994-11-03,1995-01-27,TAKE BACK RETURN,FOB,hely final hockey players nag request
6020-4,6020,698,61,4,38.00,60750.22,0.05,0.00,R,F,1994-11-07,1994-10-30,1994-11-15,DELIVER IN PERSON,RAIL,pecial accounts 
6020-5,6020,1702,45,5,33.00,52922.10,0.09,0.01,R,F,1994-12-11,1994-11-06,1995-01-09,DELIVER IN PERSON,FOB, thrash slyly furiously regular foxes. fina
6020-6,6020,1741,68,6,32.00,52567.68,0.00,0.01,A,F,1994-10-30,1994-11-30,1994-11-27,NONE,TRUCK,ily unusual requests run silent ac
6020-7,6020,269,70,7,37.00,43262.62,0.09,0.06,R,F,1994-10-15,1994-11-17,1994-11-10,NONE,RAIL,"ular, unusual deposit"
6021-1,6021,630,24,1,16.00,24490.08,0.06,0.07,N,O,1998-01-28,1997-12-14,1998-02-11,COLLECT COD,AIR,y unusual packages haggle slyly; ironic
6021-2,6021,1407,47,2,37.00,48410.80,0.03,0.02,N,O,1997-12-12,1998-01-05,1997-12-13,TAKE BACK RETURN,SHIP,as use carefully inside the blithely i
6021-3,6021,1850,94,3,31.00,54307.35,0.01,0.05,N,O,1997-12-30,1998-01-30,1997-12-31,TAKE BACK RETURN,SHIP,s along the special deposits cajole ag
6021-4,6021,1923,12,4,7.00,12774.44,0.10,0.06,N,O,1998-01-30,1998-01-14,1998-02-23,COLLECT COD,REG AIR,atelets. evenly
6021-5,6021,1608,9,5,12.00,18115.20,0.06,0.04,N,O,1997-11-25,1998-01-24,1997-12-02,DELIVER IN PERSON,MAIL,reach boldly express deposits.
6021-6,6021,678,79,6,38.00,59989.46,0.03,0.00,N,O,1997-12-11,1997-12-21,1998-01-10,NONE,MAIL,s. blithely regular instruc
6022-1,6022,612,75,1,23.00,34790.03,0.06,0.04,A,F,1995-05-05,1995-03-25,1995-05-14,COLLECT COD,SHIP,"c, final deposits wake according to the the"
6022-2,6022,1435,36,2,37.00,49447.91,0.07,0.01,N,F,1995-06-10,1995-03-15,1995-07-07,NONE,FOB,. slyly ironic packages b
6022-3,6022,1170,43,3,9.00,9640.53,0.05,0.08,A,F,1995-02-20,1995-05-14,1995-03-02,DELIVER IN PERSON,AIR,uffily ironic instructions boost 
6022-4,6022,328,57,4,24.00,29479.68,0.01,0.03,N,F,1995-06-10,1995-05-02,1995-06-22,COLLECT COD,TRUCK,arefully regular ideas alo
6022-5,6022,560,51,5,46.00,67185.76,0.03,0.06,A,F,1995-02-20,1995-05-02,1995-03-22,COLLECT COD,TRUCK,ep! careful
6022-6,6022,1559,40,6,42.00,61343.10,0.05,0.04,N,F,1995-06-14,1995-03-21,1995-06-27,COLLECT COD,REG AIR,l deposits. thin orbits use quickl
6022-7,6022,1750,51,7,32.00,52856.00,0.03,0.06,A,F,1995-03-02,1995-05-14,1995-03-27,COLLECT COD,MAIL,eposits. regular instructio
6023-1,6023,718,51,1,12.00,19424.52,0.03,0.08,N,O,1998-04-16,1998-05-18,1998-05-13,TAKE BACK RETURN,RAIL,ix alongside of the quic
6023-2,6023,1566,7,2,20.00,29351.20,0.07,0.02,N,O,1998-06-14,1998-05-18,1998-07-08,DELIVER IN PERSON,MAIL, platelets sleep quickly si
6023-3,6023,1995,84,3,9.00,17072.91,0.10,0.01,N,O,1998-06-24,1998-06-23,1998-07-10,NONE,FOB,"ironic, ironic pains doze"
6023-4,6023,21,72,4,48.00,44208.96,0.02,0.07,N,O,1998-06-25,1998-05-25,1998-07-04,TAKE BACK RETURN,SHIP,al courts wake around the final pattern
6023-5,6023,1280,18,5,27.00,31894.56,0.02,0.01,N,O,1998-04-28,1998-07-09,1998-05-16,TAKE BACK RETURN,MAIL,to beans kindl
6023-6,6023,1985,74,6,45.00,84914.10,0.07,0.01,N,O,1998-06-14,1998-06-14,1998-07-08,DELIVER IN PERSON,RAIL,"y regular, "
6023-7,6023,277,59,7,2.00,2354.54,0.10,0.06,N,O,1998-05-10,1998-07-02,1998-06-09,NONE,TRUCK,rding to the slyly even ideas. silen
6048-1,6048,1188,61,1,6.00,6535.08,0.05,0.06,N,O,1996-05-03,1996-07-02,1996-05-20,DELIVER IN PERSON,REG AIR,al deposits
6048-2,6048,1410,11,2,4.00,5245.64,0.05,0.05,N,O,1996-06-21,1996-05-18,1996-07-19,TAKE BACK RETURN,AIR,ptotes use slyl
6048-3,6048,170,23,3,12.00,12842.04,0.01,0.06,N,O,1996-05-28,1996-05-31,1996-06-02,DELIVER IN PERSON,FOB,aggle blithely cou
6048-4,6048,1130,3,4,22.00,22684.86,0.00,0.08,N,O,1996-07-24,1996-06-20,1996-07-28,NONE,TRUCK,re express deposits. regular deposits a
6048-5,6048,740,5,5,19.00,31174.06,0.05,0.04,N,O,1996-07-17,1996-07-08,1996-07-31,NONE,SHIP,ress foxes 
6048-6,6048,1130,67,6,39.00,40214.07,0.06,0.08,N,O,1996-06-26,1996-05-16,1996-06-27,NONE,TRUCK,jole quickly ironically final
6048-7,6048,1996,41,7,14.00,26571.86,0.09,0.01,N,O,1996-08-04,1996-06-27,1996-08-15,COLLECT COD,RAIL,regular excu
6049-1,6049,1021,27,1,44.00,40568.88,0.00,0.07,N,O,1998-06-26,1998-04-18,1998-06-29,DELIVER IN PERSON,SHIP,lyly ironi
6049-2,6049,583,74,2,1.00,1483.58,0.00,0.05,N,O,1998-06-17,1998-05-05,1998-07-12,COLLECT COD,SHIP,ccording to the slyl
6049-3,6049,1664,6,3,10.00,15656.60,0.08,0.04,N,O,1998-04-06,1998-05-15,1998-05-03,DELIVER IN PERSON,SHIP, final ide
6049-4,6049,382,39,4,41.00,52577.58,0.05,0.00,N,O,1998-04-13,1998-05-19,1998-05-13,COLLECT COD,SHIP,regular deposits. express 
6049-5,6049,53,79,5,18.00,17154.90,0.09,0.05,N,O,1998-03-18,1998-04-21,1998-04-13,TAKE BACK RETURN,FOB,inal somas. theodolites cajo
6049-6,6049,739,4,6,19.00,31154.87,0.04,0.00,N,O,1998-04-21,1998-04-20,1998-05-17,TAKE BACK RETURN,RAIL,counts. never ironi
6049-7,6049,1052,58,7,46.00,43840.30,0.03,0.08,N,O,1998-04-08,1998-04-28,1998-04-16,COLLECT COD,RAIL,regular instructions according to the q
6050-1,6050,1988,89,1,31.00,58589.38,0.04,0.02,A,F,1993-06-06,1993-04-30,1993-06-10,DELIVER IN PERSON,RAIL, quickly along the carefully
6050-2,6050,265,66,2,28.00,32627.28,0.08,0.05,R,F,1993-07-12,1993-05-14,1993-07-21,TAKE BACK RETURN,FOB,ogs. regul
6050-3,6050,1609,33,3,27.00,40786.20,0.09,0.06,A,F,1993-05-26,1993-05-19,1993-06-14,DELIVER IN PERSON,TRUCK, regular pinto beans wake fluffil
6050-4,6050,1542,83,4,28.00,40419.12,0.03,0.03,A,F,1993-04-16,1993-05-16,1993-04-28,COLLECT COD,RAIL,ver ironic deposits. furiously special acc
6051-1,6051,1894,95,1,44.00,79019.16,0.07,0.07,N,O,1998-08-19,1998-07-04,1998-09-13,COLLECT COD,FOB, the quickly i
6051-2,6051,1347,24,2,8.00,9986.72,0.05,0.07,N,O,1998-06-09,1998-08-01,1998-06-22,NONE,SHIP,ironic excuses sleep aft
6051-3,6051,1422,23,3,30.00,39702.60,0.09,0.06,N,O,1998-07-05,1998-06-29,1998-07-17,TAKE BACK RETURN,REG AIR,sly quiet pinto beans
6051-4,6051,836,37,4,17.00,29526.11,0.09,0.05,N,O,1998-08-17,1998-07-28,1998-08-29,NONE,SHIP,"ar, stealthy packages cajole car"
6051-5,6051,1539,60,5,50.00,72026.50,0.05,0.05,N,O,1998-06-15,1998-07-29,1998-06-30,DELIVER IN PERSON,TRUCK,xes nag slyly afte
6051-6,6051,1307,8,6,27.00,32624.10,0.08,0.01,N,O,1998-05-23,1998-07-06,1998-06-20,NONE,FOB,ress accounts after the f
6052-1,6052,781,82,1,12.00,20181.36,0.10,0.05,A,F,1993-04-30,1993-05-19,1993-05-08,COLLECT COD,REG AIR,he foxes are q
6052-2,6052,1400,15,2,45.00,58563.00,0.09,0.06,R,F,1993-08-13,1993-07-05,1993-08-17,TAKE BACK RETURN,SHIP,"he regular, special instructions. furio"
6053-1,6053,882,49,1,23.00,41006.24,0.08,0.05,R,F,1994-01-26,1994-01-24,1994-02-11,NONE,SHIP,pending dependenc
6053-2,6053,713,78,2,22.00,35501.62,0.09,0.07,A,F,1994-01-22,1994-02-04,1994-02-09,NONE,FOB,"quests cajole regular, ironic acco"
6054-1,6054,1797,82,1,42.00,71349.18,0.07,0.08,N,O,1995-11-30,1995-10-11,1995-12-05,TAKE BACK RETURN,TRUCK,quickly blithely final
6054-2,6054,1749,50,2,30.00,49522.20,0.05,0.08,N,O,1995-09-19,1995-10-29,1995-10-03,TAKE BACK RETURN,MAIL,omise carefully
6055-1,6055,883,50,1,5.00,8919.40,0.04,0.05,N,O,1997-01-04,1997-01-20,1997-01-21,TAKE BACK RETURN,REG AIR,nments wake slyly instruct
6055-2,6055,494,95,2,40.00,55779.60,0.07,0.07,N,O,1996-11-19,1997-01-07,1996-12-08,COLLECT COD,TRUCK,lly along the furiously quick packages. r
6055-3,6055,1053,54,3,9.00,8586.45,0.10,0.02,N,O,1997-02-25,1996-12-29,1997-03-13,DELIVER IN PERSON,AIR,e quickly. blithely
6055-4,6055,1256,94,4,14.00,16201.50,0.05,0.06,N,O,1996-12-29,1997-01-17,1997-01-04,DELIVER IN PERSON,SHIP,y special excuses boost f
6055-5,6055,962,65,5,6.00,11177.76,0.05,0.00,N,O,1997-02-14,1996-12-20,1997-03-04,NONE,RAIL,y bold pinto beans boost slyly. c
6055-6,6055,1755,56,6,48.00,79524.00,0.04,0.07,N,O,1996-12-01,1996-12-12,1996-12-15,DELIVER IN PERSON,RAIL,slyly ironic wat
6055-7,6055,525,56,7,6.00,8553.12,0.05,0.07,N,O,1997-02-20,1996-12-15,1997-03-07,COLLECT COD,FOB,carefully under the slyly ironic theod
6080-1,6080,719,20,1,41.00,66408.11,0.03,0.07,N,O,1996-10-02,1996-08-20,1996-10-14,NONE,RAIL,al deposits. slyly final deposi
6081-1,6081,921,22,1,48.00,87452.16,0.05,0.04,N,O,1997-12-29,1998-01-04,1998-01-05,TAKE BACK RETURN,TRUCK,ully bold platelets
6081-2,6081,549,80,2,8.00,11596.32,0.07,0.08,N,O,1998-02-22,1998-01-06,1998-03-11,TAKE BACK RETURN,SHIP,furiously ironic accounts wake
6081-3,6081,348,5,3,4.00,4993.36,0.08,0.01,N,O,1997-12-05,1998-01-27,1997-12-23,COLLECT COD,TRUCK,refully pending pinto beans. expr
6081-4,6081,1756,41,4,26.00,43101.50,0.04,0.08,N,O,1997-12-07,1998-01-10,1997-12-13,TAKE BACK RETURN,REG AIR,otes. slyly express pinto beans
6081-5,6081,840,41,5,8.00,13926.72,0.07,0.06,N,O,1997-11-11,1997-12-07,1997-12-03,COLLECT COD,FOB,lar foxes. blithely bold foxes 
6081-6,6081,176,77,6,36.00,38742.12,0.04,0.00,N,O,1998-01-14,1998-01-05,1998-02-02,TAKE BACK RETURN,RAIL,al accounts use
6082-1,6082,1143,52,1,48.00,50118.72,0.03,0.08,N,O,1996-06-06,1996-05-06,1996-06-08,NONE,FOB,hely unusual accounts. express sheaves mi
6082-2,6082,975,78,2,2.00,3751.94,0.04,0.08,N,O,1996-05-31,1996-04-12,1996-06-13,DELIVER IN PERSON,AIR,ymptotes. ideas along the blithely sp
6082-3,6082,346,31,3,45.00,56085.30,0.09,0.06,N,O,1996-04-08,1996-04-29,1996-04-27,TAKE BACK RETURN,REG AIR, slyly special theod
6083-1,6083,799,32,1,19.00,32296.01,0.07,0.06,N,O,1996-09-27,1996-09-28,1996-10-12,DELIVER IN PERSON,SHIP,esias are furiously at the 
6083-2,6083,1456,57,2,46.00,62442.70,0.03,0.07,N,O,1996-10-23,1996-09-04,1996-11-04,TAKE BACK RETURN,SHIP,ding to the special deposi
6084-1,6084,909,78,1,27.00,48867.30,0.04,0.08,N,O,1997-03-01,1997-02-14,1997-03-17,COLLECT COD,AIR, beans outside the final depos
6084-2,6084,69,45,2,4.00,3876.24,0.07,0.03,N,O,1997-03-30,1997-03-14,1997-04-20,NONE,MAIL,iresias cajo
6084-3,6084,275,30,3,3.00,3525.81,0.10,0.05,N,O,1997-04-01,1997-02-20,1997-04-29,COLLECT COD,TRUCK,express ideas
6084-4,6084,1084,20,4,15.00,14776.20,0.09,0.00,N,O,1996-12-21,1997-01-16,1996-12-28,NONE,REG AIR,e slyly ironic
6084-5,6084,332,61,5,26.00,32040.58,0.10,0.03,N,O,1997-04-17,1997-03-17,1997-04-23,TAKE BACK RETURN,FOB, packages sleep fu
6084-6,6084,186,13,6,12.00,13034.16,0.02,0.07,N,O,1996-12-19,1997-02-22,1997-01-17,DELIVER IN PERSON,REG AIR,brave ideas unwind blithely pending
6085-1,6085,1957,58,1,17.00,31602.15,0.10,0.07,N,O,1998-05-10,1998-04-01,1998-06-01,TAKE BACK RETURN,FOB,"lithely furiously regular packages. bold, "
6085-2,6085,308,65,2,2.00,2416.60,0.05,0.04,N,O,1998-03-30,1998-03-15,1998-04-26,DELIVER IN PERSON,RAIL,sly even asymptotes sleep about the furious
6085-3,6085,199,52,3,8.00,8793.52,0.01,0.02,N,O,1998-05-03,1998-05-05,1998-05-14,COLLECT COD,TRUCK,s. slowly express pl
6086-1,6086,1772,57,1,42.00,70298.34,0.03,0.06,N,O,1996-01-17,1995-11-16,1996-02-07,NONE,MAIL, regular dep
6086-2,6086,89,15,2,10.00,9890.80,0.03,0.00,N,O,1996-01-13,1995-12-19,1996-01-25,DELIVER IN PERSON,TRUCK,ly final pinto b
6086-3,6086,553,44,3,25.00,36338.75,0.01,0.02,N,O,1995-10-18,1995-11-04,1995-11-06,NONE,TRUCK,fix carefully ironic deposits. ironic id
6086-4,6086,812,79,4,37.00,63373.97,0.05,0.02,N,O,1995-10-15,1995-11-17,1995-11-04,TAKE BACK RETURN,MAIL, against the theodolites. slyly even court
6086-5,6086,1481,21,5,2.00,2764.96,0.05,0.05,N,O,1995-12-24,1995-11-20,1996-01-03,NONE,AIR,equests are sly
6086-6,6086,232,87,6,50.00,56611.50,0.10,0.05,N,O,1995-11-26,1995-10-28,1995-12-13,NONE,MAIL,final requests. slyly unusu
6087-1,6087,1658,59,1,15.00,23394.75,0.02,0.02,N,O,1998-03-11,1998-02-12,1998-03-18,TAKE BACK RETURN,REG AIR,ntegrate slyly at the furious
6087-2,6087,503,64,2,43.00,60350.50,0.04,0.06,N,O,1998-04-17,1998-03-14,1998-04-28,TAKE BACK RETURN,SHIP,y even requests. furiously pend
6087-3,6087,604,98,3,44.00,66202.40,0.07,0.07,N,O,1998-03-25,1998-03-14,1998-04-05,NONE,MAIL,usly final packages haggle slyly final
6087-4,6087,1198,7,4,10.00,10991.90,0.05,0.00,N,O,1998-01-21,1998-03-26,1998-01-29,TAKE BACK RETURN,AIR,quickly pending excuses cajole. final pi
6087-5,6087,702,3,5,22.00,35259.40,0.09,0.07,N,O,1998-02-01,1998-02-23,1998-02-27,NONE,RAIL,ct quickly
6087-6,6087,1749,76,6,9.00,14856.66,0.09,0.06,N,O,1998-03-19,1998-02-13,1998-03-23,COLLECT COD,MAIL,s the carefully final ins
6087-7,6087,1892,36,7,48.00,86106.72,0.05,0.01,N,O,1998-04-05,1998-03-21,1998-04-25,COLLECT COD,REG AIR,ts sleep blithely silent 
6112-1,6112,267,68,1,12.00,14007.12,0.03,0.02,R,F,1994-09-29,1994-11-18,1994-10-19,DELIVER IN PERSON,TRUCK,refully unusual theodolites haggle along th
6112-2,6112,342,71,2,1.00,1242.34,0.05,0.07,A,F,1994-09-13,1994-11-01,1994-09-26,TAKE BACK RETURN,AIR,auternes. fur
6112-3,6112,126,5,3,7.00,7182.84,0.08,0.08,A,F,1994-10-06,1994-10-20,1994-10-07,DELIVER IN PERSON,MAIL,e final platelets. slyly regular 
6112-4,6112,154,33,4,24.00,25299.60,0.06,0.04,R,F,1994-12-17,1994-11-12,1994-12-18,COLLECT COD,REG AIR,p slyly after th
6112-5,6112,1962,51,5,32.00,59646.72,0.00,0.00,R,F,1994-10-30,1994-10-31,1994-11-12,COLLECT COD,AIR, among the quickly iron
6112-6,6112,651,45,6,28.00,43446.20,0.06,0.08,R,F,1994-10-04,1994-10-14,1994-10-09,NONE,RAIL, cajole slyly final instructions
6112-7,6112,1468,69,7,5.00,6847.30,0.03,0.06,R,F,1994-09-11,1994-11-12,1994-09-25,DELIVER IN PERSON,FOB,ress excuse
6113-1,6113,1722,7,1,48.00,77938.56,0.09,0.03,N,O,1998-11-11,1998-09-23,1998-11-22,NONE,AIR,cuses. slyly regular 
6113-2,6113,986,87,2,16.00,30191.68,0.03,0.02,N,O,1998-10-02,1998-10-11,1998-10-11,COLLECT COD,FOB,ges. final deposits haggle quickl
6113-3,6113,1589,10,3,11.00,16396.38,0.01,0.08,N,O,1998-10-09,1998-09-16,1998-11-06,TAKE BACK RETURN,RAIL,lphins wake furi
6113-4,6113,640,34,4,31.00,47759.84,0.03,0.08,N,O,1998-10-19,1998-08-22,1998-11-14,TAKE BACK RETURN,MAIL,ole. special accounts use furio
6113-5,6113,411,70,5,13.00,17048.33,0.00,0.07,N,O,1998-10-09,1998-09-22,1998-10-15,COLLECT COD,REG AIR,y regular depos
6113-6,6113,280,35,6,33.00,38949.24,0.09,0.02,N,O,1998-11-13,1998-09-05,1998-12-07,COLLECT COD,FOB,n. furiously permanent deposi
6113-7,6113,656,50,7,11.00,17123.15,0.09,0.04,N,O,1998-09-11,1998-09-20,1998-09-29,DELIVER IN PERSON,SHIP,deposits. express instructions na
6114-1,6114,1791,92,1,7.00,11849.53,0.09,0.02,N,O,1998-05-17,1998-07-03,1998-05-24,TAKE BACK RETURN,REG AIR, bold instruct
6114-2,6114,549,80,2,14.00,20293.56,0.07,0.07,N,O,1998-04-17,1998-05-25,1998-05-07,TAKE BACK RETURN,SHIP,efully regular pains nag foxes. quickly
6114-3,6114,931,100,3,27.00,49462.11,0.03,0.04,N,O,1998-04-23,1998-07-05,1998-05-21,DELIVER IN PERSON,SHIP,efully express deposits above the dec
6114-4,6114,833,34,4,7.00,12136.81,0.03,0.01,N,O,1998-04-13,1998-07-01,1998-05-08,TAKE BACK RETURN,TRUCK,ts poach sometimes pending fox
6114-5,6114,1821,8,5,19.00,32733.58,0.05,0.08,N,O,1998-05-31,1998-07-07,1998-06-03,DELIVER IN PERSON,TRUCK, above the car
6114-6,6114,265,93,6,9.00,10487.34,0.09,0.03,N,O,1998-05-12,1998-05-20,1998-05-25,COLLECT COD,MAIL, bold instructions eat blithely. carefully 
6115-1,6115,366,67,1,32.00,40523.52,0.06,0.01,R,F,1993-10-30,1993-11-18,1993-11-05,DELIVER IN PERSON,FOB,ounts. slyly bold requests solve above t
6115-2,6115,1320,35,2,43.00,52516.76,0.02,0.01,R,F,1994-01-09,1993-11-26,1994-02-06,NONE,SHIP,pecial dependencies. fur
6115-3,6115,1498,77,3,24.00,33587.76,0.06,0.06,A,F,1993-12-25,1993-10-23,1993-12-26,DELIVER IN PERSON,SHIP,the furiously bold excuse
6115-4,6115,452,11,4,12.00,16229.40,0.00,0.00,R,F,1993-12-08,1993-11-02,1993-12-15,COLLECT COD,AIR,rts. requests wake carefu
6115-5,6115,750,83,5,44.00,72633.00,0.00,0.04,R,F,1993-11-22,1993-11-23,1993-12-09,TAKE BACK RETURN,MAIL,al theodolites wake. theodolites acc
6115-6,6115,610,73,6,20.00,30212.20,0.02,0.07,R,F,1993-11-27,1993-10-29,1993-12-07,NONE,FOB,unusual request
6116-1,6116,428,29,1,6.00,7970.52,0.07,0.07,R,F,1994-06-12,1994-06-08,1994-06-29,NONE,SHIP,? regular deposits need to nag s
6116-2,6116,1820,21,2,2.00,3443.64,0.10,0.08,R,F,1994-04-07,1994-06-16,1994-05-05,TAKE BACK RETURN,REG AIR,"ld, ironic pinto beans wake around the"
6116-3,6116,1321,60,3,42.00,51337.44,0.01,0.00,R,F,1994-07-13,1994-06-07,1994-07-25,DELIVER IN PERSON,SHIP,unusual in
6116-4,6116,1995,96,4,33.00,62600.67,0.06,0.00,R,F,1994-03-25,1994-06-04,1994-04-03,TAKE BACK RETURN,RAIL,osits use slyly according t
6116-5,6116,1143,80,5,43.00,44898.02,0.08,0.03,A,F,1994-04-27,1994-05-09,1994-05-04,COLLECT COD,RAIL, regular deposits haggle c
6116-6,6116,379,64,6,14.00,17911.18,0.02,0.01,A,F,1994-05-18,1994-06-16,1994-05-24,TAKE BACK RETURN,REG AIR,ully final deposits. furiously 
6116-7,6116,143,22,7,30.00,31294.20,0.09,0.08,R,F,1994-06-30,1994-05-01,1994-07-07,COLLECT COD,TRUCK,ests above the ideas use sl
6117-1,6117,781,46,1,34.00,57180.52,0.03,0.05,R,F,1993-01-28,1993-03-06,1993-02-02,NONE,TRUCK,y above the blithely unusual requests.
6117-2,6117,158,59,2,42.00,44442.30,0.06,0.00,R,F,1993-02-07,1993-02-25,1993-02-25,NONE,TRUCK,"nticing theodolites. careful, final pinto "
6117-3,6117,464,65,3,22.00,30018.12,0.05,0.02,A,F,1992-12-27,1993-03-10,1993-01-20,NONE,TRUCK,ic foxes! p
6117-4,6117,1145,18,4,25.00,26153.50,0.04,0.02,R,F,1993-03-15,1993-02-09,1993-03-16,TAKE BACK RETURN,FOB,inal ideas sl
6117-5,6117,680,81,5,16.00,25290.88,0.04,0.06,R,F,1993-04-17,1993-03-19,1993-05-10,NONE,REG AIR,fily furiously e
6117-6,6117,183,62,6,3.00,3249.54,0.08,0.03,R,F,1993-03-07,1993-01-28,1993-04-04,COLLECT COD,RAIL,ar pinto beans hagg
6118-1,6118,223,51,1,23.00,25834.06,0.07,0.07,N,O,1997-06-01,1997-06-19,1997-06-13,DELIVER IN PERSON,AIR,"haggle even, special "
6118-2,6118,1824,68,2,43.00,74210.26,0.03,0.01,N,O,1997-05-30,1997-05-14,1997-06-26,NONE,REG AIR,y bold deposit
6118-3,6118,1408,48,3,4.00,5237.60,0.10,0.04,N,O,1997-05-13,1997-05-19,1997-06-04,TAKE BACK RETURN,TRUCK, slyly even pinto beans unwin
6118-4,6118,406,65,4,44.00,57481.60,0.04,0.06,N,O,1997-05-18,1997-06-01,1997-05-27,COLLECT COD,AIR,he ironic ideas. regular theodolites
6118-5,6118,1391,6,5,7.00,9046.73,0.01,0.00,N,O,1997-04-02,1997-06-01,1997-04-04,TAKE BACK RETURN,MAIL,y carefully re
6119-1,6119,772,69,1,22.00,36800.94,0.04,0.03,R,F,1992-08-06,1992-09-05,1992-08-08,NONE,AIR,express accounts haggle among the fin
6119-2,6119,1823,53,2,26.00,44845.32,0.10,0.06,A,F,1992-08-30,1992-09-24,1992-09-10,COLLECT COD,MAIL, carefully ironic ideas wa
6144-1,6144,105,6,1,46.00,46234.60,0.08,0.02,A,F,1994-08-26,1994-09-06,1994-09-17,NONE,FOB, use slyly after the bold pac
6144-2,6144,1781,82,2,20.00,33655.60,0.05,0.04,A,F,1994-09-06,1994-09-18,1994-09-27,NONE,REG AIR,lent dependencies integrate fur
6144-3,6144,722,23,3,7.00,11359.04,0.00,0.07,A,F,1994-10-07,1994-07-26,1994-10-15,COLLECT COD,AIR,cial tithes al
6144-4,6144,399,100,4,22.00,28586.58,0.07,0.00,R,F,1994-07-08,1994-09-14,1994-07-17,NONE,MAIL,lar excuses are careful deposits. ideas 
6145-1,6145,1977,78,1,14.00,26305.58,0.04,0.00,N,O,1998-06-27,1998-06-10,1998-07-27,NONE,AIR,he requests. final deposits use
6145-2,6145,1717,2,2,1.00,1618.71,0.05,0.04,N,O,1998-07-10,1998-07-09,1998-08-05,COLLECT COD,RAIL, slyly. slyly regular packa
6146-1,6146,1543,44,1,35.00,50558.90,0.01,0.00,N,O,1996-03-17,1996-01-28,1996-04-12,DELIVER IN PERSON,MAIL,haggle. carefully regular requests s
6146-2,6146,949,84,2,9.00,16649.46,0.00,0.08,N,O,1996-03-07,1996-02-14,1996-03-12,DELIVER IN PERSON,SHIP,hely against the final deposit
6146-3,6146,1666,67,3,16.00,25082.56,0.09,0.06,N,O,1996-02-29,1996-01-29,1996-03-01,COLLECT COD,MAIL,sly packages. carefully final Tiresias ca
6147-1,6147,1905,94,1,35.00,63241.50,0.06,0.05,N,O,1995-10-13,1995-11-28,1995-10-21,COLLECT COD,SHIP,fily ironic d
6147-2,6147,1793,20,2,24.00,40674.96,0.09,0.00,N,O,1995-11-01,1995-11-26,1995-11-24,DELIVER IN PERSON,RAIL,regular requests. final instructions det
6147-3,6147,1749,92,3,49.00,80886.26,0.04,0.07,N,O,1995-11-11,1995-12-14,1995-12-11,TAKE BACK RETURN,RAIL,posits integrate blithely. slyly ev
6148-1,6148,689,90,1,24.00,38152.32,0.10,0.04,N,O,1996-02-05,1996-03-19,1996-02-12,NONE,SHIP,to beans haggle carefully th
6148-2,6148,1376,77,2,49.00,62591.13,0.10,0.00,N,O,1996-01-13,1996-03-17,1996-01-29,DELIVER IN PERSON,TRUCK,. even deposit
6149-1,6149,1875,5,1,1.00,1776.87,0.01,0.06,N,O,1997-02-22,1997-02-13,1997-03-10,NONE,SHIP, according to the requests. furiously 
6150-1,6150,276,58,1,14.00,16467.78,0.03,0.08,R,F,1993-01-01,1992-11-27,1993-01-15,TAKE BACK RETURN,MAIL,refully un
6150-2,6150,1659,83,2,44.00,68668.60,0.03,0.05,A,F,1993-01-23,1992-12-12,1993-02-10,COLLECT COD,REG AIR,ess requests use furiously a
6150-3,6150,1300,38,3,18.00,21623.40,0.01,0.05,A,F,1992-10-04,1992-12-06,1992-10-27,DELIVER IN PERSON,RAIL,ing ideas are: special packages against t
6150-4,6150,48,74,4,50.00,47402.00,0.09,0.02,R,F,1992-10-19,1992-11-08,1992-10-31,NONE,MAIL,tions sleep slyl
6150-5,6150,135,62,5,7.00,7245.91,0.09,0.02,R,F,1992-11-09,1992-12-31,1992-11-27,TAKE BACK RETURN,AIR,furiously. sau
6150-6,6150,837,37,6,14.00,24329.62,0.02,0.04,A,F,1992-11-26,1992-12-12,1992-11-29,COLLECT COD,RAIL,". regular, unusual theodo"
6150-7,6150,502,33,7,46.00,64515.00,0.01,0.03,A,F,1992-10-07,1992-11-24,1992-11-04,DELIVER IN PERSON,FOB,es are blithely about the
6151-1,6151,274,75,1,50.00,58713.50,0.09,0.03,A,F,1993-07-22,1993-09-27,1993-07-23,DELIVER IN PERSON,FOB,ironically furiously
6151-2,6151,1146,47,2,6.00,6282.84,0.10,0.00,A,F,1993-10-22,1993-08-30,1993-11-11,DELIVER IN PERSON,AIR,ly ironic packages. never final t
6176-1,6176,1000,69,1,40.00,36040.00,0.01,0.04,N,O,1996-12-06,1997-01-13,1996-12-12,COLLECT COD,REG AIR,ke fluffily about the
6176-2,6176,934,3,2,9.00,16514.37,0.07,0.07,N,O,1996-12-02,1996-12-12,1996-12-09,COLLECT COD,RAIL,cajole furiously. furious
6176-3,6176,471,59,3,19.00,26057.93,0.03,0.01,N,O,1997-03-09,1996-12-13,1997-03-13,NONE,AIR,losely above the blithely r
6177-1,6177,739,4,1,49.00,80346.77,0.07,0.03,N,O,1997-09-28,1997-08-01,1997-10-06,COLLECT COD,RAIL,instructions are into th
6177-2,6177,1183,56,2,8.00,8673.44,0.08,0.07,N,O,1997-07-10,1997-09-07,1997-07-26,DELIVER IN PERSON,AIR,old instructi
6177-3,6177,222,77,3,49.00,54988.78,0.06,0.01,N,O,1997-08-22,1997-09-15,1997-09-10,DELIVER IN PERSON,AIR,s. furiously ironic acc
6178-1,6178,1344,45,1,47.00,58530.98,0.00,0.00,N,O,1995-09-25,1995-09-29,1995-10-24,NONE,TRUCK,"ke. even, special theodolites haggle"
6179-1,6179,1296,71,1,49.00,58667.21,0.10,0.07,A,F,1994-08-13,1994-08-05,1994-08-28,DELIVER IN PERSON,RAIL, boost carefully blithely ironic asympto
6179-2,6179,559,20,2,42.00,61301.10,0.04,0.07,R,F,1994-07-02,1994-07-27,1994-07-27,DELIVER IN PERSON,REG AIR,"c requests nag slowly permanent, regular"
6179-3,6179,1646,88,3,31.00,47976.84,0.08,0.05,R,F,1994-08-21,1994-08-09,1994-09-04,TAKE BACK RETURN,FOB, dugouts poach blithely abo
6179-4,6179,1,2,4,5.00,4505.00,0.05,0.00,A,F,1994-06-05,1994-07-27,1994-06-26,COLLECT COD,MAIL,ecial packages cajole furi
6179-5,6179,1249,24,5,16.00,18403.84,0.04,0.06,A,F,1994-06-12,1994-08-21,1994-06-28,COLLECT COD,FOB,he regular requests. quickly
6179-6,6179,1599,40,6,28.00,42016.52,0.04,0.01,A,F,1994-07-23,1994-08-09,1994-08-09,COLLECT COD,MAIL, to the slyly express acc
6180-1,6180,588,49,1,39.00,58054.62,0.08,0.07,A,F,1995-05-16,1995-07-01,1995-05-28,DELIVER IN PERSON,RAIL,t quickly express pint
6180-2,6180,746,79,2,39.00,64222.86,0.03,0.03,R,F,1995-05-18,1995-05-26,1995-06-11,NONE,TRUCK,es. slyly final deposits maintain blith
6181-1,6181,480,81,1,30.00,41414.40,0.00,0.07,N,O,1996-06-06,1996-08-05,1996-06-09,TAKE BACK RETURN,FOB,ly silent Tiresias. furiously ev
6182-1,6182,1533,14,1,10.00,14345.30,0.07,0.02,R,F,1992-10-08,1992-10-07,1992-10-09,COLLECT COD,AIR,xpress theodolites are 
6182-2,6182,604,5,2,22.00,33101.20,0.03,0.01,R,F,1992-11-08,1992-10-09,1992-11-21,DELIVER IN PERSON,FOB, foxes cajole fluffily
6182-3,6182,347,32,3,35.00,43656.90,0.08,0.02,A,F,1992-10-26,1992-09-28,1992-11-13,TAKE BACK RETURN,MAIL,equests. fluffily final req
6182-4,6182,1263,75,4,36.00,41913.36,0.04,0.02,R,F,1992-10-27,1992-10-19,1992-11-23,COLLECT COD,TRUCK,boost quickly final pinto beans. bol
6182-5,6182,727,92,5,47.00,76502.84,0.01,0.02,R,F,1992-09-17,1992-08-23,1992-10-08,COLLECT COD,RAIL,n deposits. furiously ironic pi
6182-6,6182,1383,98,6,47.00,60365.86,0.00,0.07,A,F,1992-11-08,1992-10-06,1992-11-11,COLLECT COD,AIR,cording to
6182-7,6182,50,51,7,3.00,2850.15,0.07,0.04,A,F,1992-11-11,1992-10-14,1992-12-07,NONE,REG AIR,g the special d
6183-1,6183,1569,10,1,26.00,38234.56,0.10,0.01,A,F,1992-08-30,1992-07-24,1992-09-03,DELIVER IN PERSON,TRUCK,taphs. accounts integrate. theodolites ar
6183-2,6183,1190,63,2,13.00,14185.47,0.09,0.08,A,F,1992-06-28,1992-07-17,1992-07-01,TAKE BACK RETURN,MAIL,. ironic courts haggle slyly even requ
6183-3,6183,811,45,3,50.00,85590.50,0.04,0.01,R,F,1992-06-21,1992-09-07,1992-07-03,COLLECT COD,FOB,ts are among the slyly regular
6183-4,6183,1070,71,4,14.00,13594.98,0.06,0.06,A,F,1992-10-10,1992-09-14,1992-10-30,COLLECT COD,REG AIR,o the final dolphins cajole around the the
6183-5,6183,166,67,5,46.00,49043.36,0.07,0.01,A,F,1992-08-17,1992-07-21,1992-08-31,TAKE BACK RETURN,TRUCK,en deposits sleep. furi
6183-6,6183,1619,43,6,19.00,28891.59,0.02,0.00,A,F,1992-08-12,1992-08-01,1992-08-31,COLLECT COD,SHIP,"e. regular, silent deposits are. ironic th"
6208-1,6208,1931,32,1,29.00,53154.97,0.09,0.03,N,O,1996-12-25,1996-11-13,1997-01-01,NONE,RAIL,ly regular 
6208-2,6208,763,28,2,28.00,46585.28,0.02,0.05,N,O,1997-01-12,1996-12-14,1997-02-04,TAKE BACK RETURN,REG AIR,"longside of the ironic, special deposit"
6209-1,6209,1601,25,1,13.00,19533.80,0.00,0.06,N,O,1996-08-30,1996-10-22,1996-09-08,TAKE BACK RETURN,TRUCK,silent requests. blithely regular package
6209-2,6209,813,13,2,32.00,54841.92,0.06,0.04,N,O,1996-11-13,1996-09-07,1996-11-19,TAKE BACK RETURN,AIR,nding accounts could have to affix abo
6209-3,6209,336,65,3,41.00,50689.53,0.00,0.04,N,O,1996-10-08,1996-09-20,1996-10-14,DELIVER IN PERSON,REG AIR,tructions. ideas wake slyly. 
6209-4,6209,589,80,4,8.00,11916.64,0.04,0.08,N,O,1996-09-03,1996-10-17,1996-10-03,TAKE BACK RETURN,MAIL,nding ideas print b
6210-1,6210,56,7,1,37.00,35373.85,0.03,0.08,N,O,1997-01-02,1997-01-23,1997-01-28,DELIVER IN PERSON,SHIP,sly ironic packages wake around the 
6210-2,6210,835,36,2,35.00,60754.05,0.09,0.03,N,O,1997-02-20,1997-01-12,1997-03-04,NONE,REG AIR,refully bold deposits hagg
6210-3,6210,1699,100,3,12.00,19208.28,0.05,0.07,N,O,1997-01-17,1997-01-23,1997-01-30,COLLECT COD,RAIL, ironic deposits. quickly express foxes 
6210-4,6210,453,83,4,1.00,1353.45,0.07,0.03,N,O,1996-11-26,1997-01-28,1996-12-04,DELIVER IN PERSON,AIR,heodolites 
6210-5,6210,1248,60,5,19.00,21835.56,0.00,0.08,N,O,1997-02-27,1996-12-15,1997-03-27,NONE,AIR, carefully even
6210-6,6210,1516,17,6,23.00,32602.73,0.06,0.05,N,O,1996-11-12,1996-12-27,1996-11-13,TAKE BACK RETURN,AIR,cuses affix carefully about 
6210-7,6210,1412,13,7,41.00,53849.81,0.09,0.03,N,O,1997-01-21,1997-01-18,1997-02-14,DELIVER IN PERSON,MAIL,p blithely. quickly silent sauternes cajo
6211-1,6211,643,6,1,1.00,1543.64,0.05,0.02,A,F,1995-03-02,1995-02-20,1995-03-07,COLLECT COD,REG AIR,"d, regular ideas play bli"
6211-2,6211,380,9,2,39.00,49934.82,0.05,0.07,A,F,1995-03-20,1995-01-17,1995-04-12,NONE,TRUCK, the carefully ironic requ
6211-3,6211,1612,13,3,34.00,51462.74,0.00,0.05,A,F,1994-12-05,1995-02-11,1994-12-18,NONE,REG AIR, instructions along the blithely ironic dol
6211-4,6211,1472,73,4,33.00,45324.51,0.09,0.01,R,F,1995-02-23,1995-01-22,1995-03-13,DELIVER IN PERSON,TRUCK, slyly bold excuses according to t
6212-1,6212,374,3,1,31.00,39505.47,0.07,0.03,N,O,1996-07-02,1996-06-11,1996-07-12,DELIVER IN PERSON,TRUCK,ts use furio
6213-1,6213,1118,19,1,11.00,11210.21,0.04,0.06,N,O,1995-09-24,1995-08-26,1995-10-16,COLLECT COD,REG AIR,nic platelets haggle
6213-2,6213,1407,8,2,36.00,47102.40,0.04,0.06,N,O,1995-07-27,1995-10-04,1995-08-23,TAKE BACK RETURN,FOB,ounts among the sl
6214-1,6214,1448,88,1,3.00,4048.32,0.09,0.07,N,O,1996-10-02,1996-09-22,1996-10-17,COLLECT COD,MAIL,mptotes. carefully darin
6215-1,6215,617,11,1,49.00,74362.89,0.10,0.01,N,O,1996-12-16,1997-01-12,1997-01-12,NONE,MAIL,he quickly final pack
6215-2,6215,1419,37,2,50.00,66020.50,0.08,0.04,N,O,1996-12-06,1997-01-20,1997-01-02,TAKE BACK RETURN,MAIL,packages. final
6215-3,6215,715,16,3,46.00,74322.66,0.02,0.06,N,O,1997-03-07,1997-02-13,1997-03-23,COLLECT COD,RAIL,uses. foxes sleep fur
6215-4,6215,1173,46,4,41.00,44040.97,0.00,0.02,N,O,1997-01-03,1997-01-12,1997-01-27,NONE,AIR,d courts. ironic deposits cajole furiously
6215-5,6215,1121,58,5,13.00,13287.56,0.08,0.07,N,O,1996-12-25,1997-01-04,1996-12-27,DELIVER IN PERSON,TRUCK, deposits. express 
6215-6,6215,732,97,6,46.00,75105.58,0.10,0.02,N,O,1996-12-18,1996-12-30,1996-12-30,TAKE BACK RETURN,REG AIR,. packages inside the regular pearls 
6240-1,6240,1972,61,1,15.00,28109.55,0.01,0.04,N,O,1998-07-03,1998-07-24,1998-07-25,DELIVER IN PERSON,FOB,dolites according to the regu
6240-2,6240,965,100,2,36.00,67174.56,0.01,0.08,N,O,1998-09-06,1998-08-20,1998-09-17,NONE,AIR,along the regular deposits. furiously r
6240-3,6240,104,83,3,34.00,34139.40,0.08,0.00,N,O,1998-06-20,1998-08-08,1998-06-29,DELIVER IN PERSON,MAIL,"nts. pending, regular frets s"
6240-4,6240,1661,85,4,26.00,40629.16,0.08,0.03,N,O,1998-08-29,1998-08-28,1998-09-11,COLLECT COD,RAIL,ts above the regular packages brea
6240-5,6240,805,39,5,15.00,25587.00,0.07,0.02,N,O,1998-06-06,1998-09-01,1998-06-09,NONE,FOB,r accounts sleep blithely idle instructio
6241-1,6241,431,90,1,23.00,30622.89,0.10,0.00,R,F,1995-03-31,1995-03-07,1995-04-16,COLLECT COD,AIR,jole furiously fluffily special deposit
6241-2,6241,638,70,2,18.00,27695.34,0.04,0.00,A,F,1995-03-15,1995-03-03,1995-04-07,NONE,MAIL,"st carefully special, "
6241-3,6241,1553,54,3,8.00,11636.40,0.07,0.08,R,F,1995-03-27,1995-03-28,1995-04-23,DELIVER IN PERSON,REG AIR,mptotes cajole over 
6241-4,6241,750,15,4,13.00,21459.75,0.05,0.04,A,F,1995-01-13,1995-03-27,1995-01-15,TAKE BACK RETURN,RAIL,packages. acc
6242-1,6242,1436,76,1,46.00,61521.78,0.09,0.06,N,O,1998-02-22,1998-02-15,1998-03-14,TAKE BACK RETURN,SHIP,ns. fluffily ironic accounts cajole abov
6242-2,6242,430,89,2,29.00,38582.47,0.04,0.06,N,O,1998-02-20,1998-01-30,1998-03-14,TAKE BACK RETURN,RAIL,lithely ironic accounts cajole furiously a
6242-3,6242,187,88,3,9.00,9784.62,0.08,0.03,N,O,1998-03-26,1998-02-19,1998-03-28,COLLECT COD,FOB,refully regular accounts run sl
6242-4,6242,1470,88,4,33.00,45258.51,0.07,0.07,N,O,1998-03-03,1998-03-01,1998-03-19,TAKE BACK RETURN,RAIL,furiously. regular acco
6242-5,6242,1056,27,5,9.00,8613.45,0.06,0.04,N,O,1998-01-21,1998-02-11,1998-02-20,TAKE BACK RETURN,SHIP,"re furiously final, even deposits. bu"
6242-6,6242,223,51,6,33.00,37066.26,0.01,0.04,N,O,1998-03-15,1998-01-03,1998-04-05,NONE,SHIP, the blithely busy instructi
6243-1,6243,1198,99,1,15.00,16487.85,0.00,0.04,A,F,1994-12-08,1994-11-10,1994-12-29,TAKE BACK RETURN,AIR,s are carefully at the carefully unus
6243-2,6243,95,46,2,47.00,46769.23,0.09,0.07,R,F,1994-12-13,1994-12-16,1995-01-07,DELIVER IN PERSON,FOB,accounts. blithely i
6243-3,6243,163,90,3,15.00,15947.40,0.08,0.05,A,F,1994-11-07,1994-12-20,1994-11-21,COLLECT COD,RAIL,ly even requests. silent 
6243-4,6243,1776,19,4,2.00,3355.54,0.08,0.05,R,F,1995-01-26,1994-11-30,1995-02-03,COLLECT COD,MAIL,nusual deposits are. 
6244-1,6244,328,29,1,29.00,35621.28,0.04,0.06,R,F,1993-12-12,1993-10-14,1994-01-07,DELIVER IN PERSON,RAIL,ously pending accounts sleep carefu
6244-2,6244,1819,49,2,14.00,24091.34,0.08,0.08,A,F,1993-12-14,1993-10-30,1994-01-06,COLLECT COD,AIR,ges. quickly spec
6245-1,6245,1141,42,1,47.00,48980.58,0.09,0.01,N,O,1997-12-20,1998-01-25,1998-01-09,NONE,SHIP, packages above the final accounts hagg
6245-2,6245,1963,8,2,29.00,54083.84,0.00,0.00,N,O,1998-02-04,1998-01-10,1998-02-16,TAKE BACK RETURN,AIR,lly ironic accounts w
6246-1,6246,1297,35,1,18.00,21569.22,0.00,0.06,R,F,1994-10-29,1995-01-02,1994-11-15,DELIVER IN PERSON,RAIL,c instructions. carefully express reques
6246-2,6246,1598,99,2,29.00,43488.11,0.02,0.00,R,F,1994-11-23,1994-12-09,1994-12-12,DELIVER IN PERSON,TRUCK, the slyly even packages. idle warhorses 
6246-3,6246,865,32,3,49.00,86527.14,0.00,0.05,A,F,1995-02-18,1994-12-20,1995-03-05,TAKE BACK RETURN,AIR,nto beans. 
6246-4,6246,384,85,4,39.00,50090.82,0.02,0.04,R,F,1994-12-14,1994-12-24,1994-12-24,COLLECT COD,REG AIR, the blithely special dependencies. platele
6246-5,6246,177,30,5,12.00,12926.04,0.02,0.04,A,F,1995-02-06,1994-12-09,1995-02-08,TAKE BACK RETURN,TRUCK,tructions. quickly re
6246-6,6246,456,86,6,17.00,23059.65,0.01,0.08,A,F,1995-01-06,1994-12-31,1995-02-02,DELIVER IN PERSON,AIR,y regular foxes c
6247-1,6247,1503,84,1,28.00,39326.00,0.10,0.06,N,O,1997-01-19,1996-12-22,1997-01-21,NONE,RAIL,ias. final pack
6247-2,6247,1245,83,2,12.00,13754.88,0.06,0.08,N,O,1996-12-07,1997-02-17,1996-12-15,COLLECT COD,MAIL,boost furiously ironic courts. slo
6272-1,6272,10,11,1,25.00,22750.25,0.04,0.00,A,F,1993-04-27,1993-04-18,1993-05-03,COLLECT COD,RAIL, above the requests are quietly ironi
6272-2,6272,1913,14,2,18.00,32668.38,0.01,0.00,A,F,1993-04-06,1993-05-23,1993-04-16,NONE,MAIL,heodolites mold across
6272-3,6272,1873,60,3,32.00,56795.84,0.04,0.03,R,F,1993-04-21,1993-05-14,1993-05-12,TAKE BACK RETURN,RAIL, along the furiously 
6272-4,6272,1671,72,4,36.00,56616.12,0.10,0.06,A,F,1993-03-27,1993-05-24,1993-04-12,DELIVER IN PERSON,REG AIR, final accounts. slow instructions are
6272-5,6272,573,4,5,13.00,19156.41,0.09,0.08,R,F,1993-06-18,1993-04-27,1993-07-03,COLLECT COD,REG AIR, blithely special instructions wake 
6272-6,6272,176,29,6,24.00,25828.08,0.05,0.02,R,F,1993-03-09,1993-04-06,1993-03-11,NONE,FOB,thily. regular ac
6272-7,6272,1367,68,7,16.00,20293.76,0.03,0.05,A,F,1993-04-30,1993-04-13,1993-05-17,COLLECT COD,RAIL,riously furiously reg
6273-1,6273,1,27,1,33.00,29733.00,0.04,0.08,R,F,1995-04-23,1995-05-02,1995-05-13,DELIVER IN PERSON,TRUCK,ng the blithely bold accounts wake fur
6274-1,6274,731,32,1,13.00,21212.49,0.04,0.02,N,O,1995-10-23,1995-09-26,1995-11-17,NONE,RAIL,fily special deposits. ironic ideas
6274-2,6274,1528,69,2,13.00,18583.76,0.05,0.06,N,O,1995-10-02,1995-10-07,1995-10-29,NONE,REG AIR,arefully ironic asymptotes about
6274-3,6274,1207,8,3,37.00,41003.40,0.01,0.01,N,O,1995-07-28,1995-08-21,1995-08-04,COLLECT COD,REG AIR,press accounts. req
6274-4,6274,1610,52,4,39.00,58952.79,0.07,0.03,N,O,1995-08-07,1995-09-09,1995-08-28,DELIVER IN PERSON,MAIL,usly regular warhorses. regu
6274-5,6274,1795,22,5,23.00,39026.17,0.06,0.07,N,O,1995-10-17,1995-09-15,1995-11-12,COLLECT COD,MAIL,regular deposits poach flu
6274-6,6274,1091,62,6,22.00,21825.98,0.03,0.01,N,O,1995-09-23,1995-09-13,1995-10-01,DELIVER IN PERSON,AIR, carefully bold foxes wake furiously a
6274-7,6274,1621,63,7,13.00,19794.06,0.01,0.08,N,O,1995-08-05,1995-08-15,1995-08-24,DELIVER IN PERSON,FOB,"nts. express, bold dep"
6275-1,6275,595,96,1,47.00,70292.73,0.07,0.02,N,O,1997-04-21,1997-03-07,1997-05-07,TAKE BACK RETURN,TRUCK,sits. pinto beans wake slyly regu
6275-2,6275,473,32,2,39.00,53565.33,0.03,0.02,N,O,1997-02-11,1997-02-26,1997-03-08,COLLECT COD,FOB,unts. furiously even ideas ar
6275-3,6275,1930,63,3,27.00,49462.11,0.00,0.05,N,O,1997-03-19,1997-02-01,1997-04-17,TAKE BACK RETURN,FOB,hins. dependencies haggle. final 
6275-4,6275,1215,53,4,38.00,42415.98,0.05,0.08,N,O,1997-01-18,1997-03-12,1997-02-05,TAKE BACK RETURN,REG AIR,ily even sentiment
6276-1,6276,411,12,1,5.00,6557.05,0.08,0.07,N,O,1995-08-07,1995-07-17,1995-09-03,COLLECT COD,REG AIR,cording to the blithely regular d
6276-2,6276,1459,99,2,30.00,40813.50,0.02,0.03,N,F,1995-06-10,1995-08-04,1995-06-26,COLLECT COD,SHIP, blithely express for
6276-3,6276,944,79,3,26.00,47968.44,0.01,0.07,N,O,1995-08-29,1995-06-07,1995-08-31,TAKE BACK RETURN,REG AIR,iously final dep
6276-4,6276,629,92,4,48.00,73421.76,0.10,0.03,A,F,1995-05-17,1995-07-17,1995-06-04,DELIVER IN PERSON,FOB, slyly exp
6276-5,6276,962,97,5,11.00,20492.56,0.00,0.07,N,O,1995-09-01,1995-07-04,1995-09-19,DELIVER IN PERSON,TRUCK,ake carefully final theodolites. furio
6277-1,6277,447,48,1,31.00,41770.64,0.08,0.02,N,O,1997-03-18,1997-03-23,1997-04-01,DELIVER IN PERSON,REG AIR,xpress packages.
6277-2,6277,965,68,2,48.00,89566.08,0.04,0.03,N,O,1997-03-06,1997-04-10,1997-04-01,NONE,REG AIR,nic excuses
6278-1,6278,35,11,1,3.00,2805.09,0.09,0.06,R,F,1992-03-03,1992-03-27,1992-03-10,COLLECT COD,REG AIR,press packages use. carefu
6278-2,6278,151,78,2,1.00,1051.15,0.03,0.07,A,F,1992-02-01,1992-03-01,1992-02-25,TAKE BACK RETURN,TRUCK,accounts thrash excuses. ca
6278-3,6278,1293,31,3,8.00,9554.32,0.04,0.07,A,F,1992-03-19,1992-03-04,1992-03-31,COLLECT COD,TRUCK,quests haggle doggedly special
6278-4,6278,1635,18,4,38.00,58391.94,0.02,0.06,A,F,1992-02-22,1992-03-14,1992-03-12,NONE,RAIL,inst the foxes wake slyly quickly ev
6278-5,6278,640,3,5,8.00,12325.12,0.09,0.03,R,F,1992-02-10,1992-02-23,1992-03-01,NONE,SHIP,"g to the regular accounts. special, r"
6278-6,6278,1936,37,6,35.00,64327.55,0.04,0.05,R,F,1992-02-13,1992-02-07,1992-02-29,COLLECT COD,MAIL,ironic deposits boost slyly slyly pending i
6278-7,6278,1296,71,7,8.00,9578.32,0.05,0.07,R,F,1992-02-12,1992-03-23,1992-02-19,COLLECT COD,FOB,lly ironic deposits; blithely ironic
6279-1,6279,642,36,1,49.00,75589.36,0.03,0.02,R,F,1993-02-09,1993-03-17,1993-02-23,TAKE BACK RETURN,AIR,ymptotes boost even instructions. d
6304-1,6304,1535,16,1,32.00,45968.96,0.06,0.05,N,O,1995-09-30,1995-09-11,1995-10-04,NONE,REG AIR,long the blithely busy foxes boost car
6304-2,6304,1355,94,2,24.00,30152.40,0.07,0.06,N,O,1995-09-08,1995-10-21,1995-10-01,COLLECT COD,MAIL,egular platel
6304-3,6304,1385,62,3,27.00,34732.26,0.01,0.05,N,O,1995-11-19,1995-10-22,1995-12-06,NONE,RAIL,"f the ironic, unusual instructio"
6304-4,6304,72,23,4,14.00,13608.98,0.06,0.01,N,O,1995-10-29,1995-09-21,1995-11-25,TAKE BACK RETURN,RAIL,old warhorses detect 
6305-1,6305,501,62,1,48.00,67272.00,0.10,0.08,N,O,1997-03-10,1997-03-19,1997-04-04,TAKE BACK RETURN,FOB,deposits maintain slyly quic
6305-2,6305,859,60,2,19.00,33437.15,0.10,0.04,N,O,1997-03-29,1997-02-19,1997-04-15,DELIVER IN PERSON,REG AIR, bold packages breac
6305-3,6305,1631,14,3,28.00,42913.64,0.02,0.08,N,O,1997-03-07,1997-04-09,1997-03-08,TAKE BACK RETURN,FOB,"bold, special foxes. instructions above t"
6305-4,6305,52,78,4,40.00,38082.00,0.08,0.00,N,O,1997-03-18,1997-03-11,1997-03-29,COLLECT COD,MAIL,ully bold ideas haggle. slyly bold a
6305-5,6305,231,59,5,5.00,5656.15,0.03,0.06,N,O,1997-02-12,1997-02-22,1997-03-12,NONE,FOB,s requests. flu
6305-6,6305,184,63,6,35.00,37946.30,0.08,0.01,N,O,1997-02-19,1997-02-27,1997-03-10,TAKE BACK RETURN,SHIP,uickly regular accounts. furiou
6306-1,6306,1722,49,1,16.00,25979.52,0.08,0.01,N,O,1998-07-25,1998-06-16,1998-07-28,COLLECT COD,AIR,ss furiously instead of the ironic dep
6307-1,6307,1289,1,1,38.00,45230.64,0.00,0.06,N,O,1997-11-22,1997-12-30,1997-12-02,DELIVER IN PERSON,REG AIR,e to cajole furiously c
6308-1,6308,1954,99,1,23.00,42686.85,0.10,0.06,N,O,1997-10-13,1997-08-30,1997-11-10,NONE,TRUCK,ding to the special ac
6309-1,6309,122,1,1,18.00,18398.16,0.04,0.07,R,F,1993-06-27,1993-07-18,1993-07-27,NONE,MAIL,dependencies. carefully r
6309-2,6309,353,10,2,39.00,48880.65,0.08,0.04,R,F,1993-10-03,1993-07-17,1993-10-13,COLLECT COD,MAIL,"re regular, pending deposit"
6309-3,6309,1757,84,3,15.00,24881.25,0.00,0.03,R,F,1993-07-09,1993-08-15,1993-07-27,NONE,SHIP,hins wake blithely. caref
6309-4,6309,1217,55,4,18.00,20127.78,0.10,0.05,A,F,1993-07-30,1993-08-16,1993-08-15,NONE,SHIP,ideas enga
6309-5,6309,1156,93,5,24.00,25371.60,0.00,0.06,R,F,1993-08-06,1993-07-16,1993-08-15,COLLECT COD,MAIL,unts. blithely bo
6309-6,6309,171,50,6,26.00,27850.42,0.02,0.04,A,F,1993-07-11,1993-08-08,1993-08-01,NONE,TRUCK,slyly across the slyl
6309-7,6309,123,76,7,48.00,49109.76,0.01,0.08,R,F,1993-08-23,1993-08-03,1993-09-20,COLLECT COD,AIR,s. final requests are slyly along 
6310-1,6310,961,64,1,6.00,11171.76,0.00,0.00,A,F,1994-07-02,1994-07-13,1994-07-08,DELIVER IN PERSON,SHIP,lithely carefully ironic theodolites.
6310-2,6310,1378,93,2,47.00,60130.39,0.10,0.08,A,F,1994-05-10,1994-06-25,1994-05-29,COLLECT COD,REG AIR,carefully blithely ironic requests. even 
6310-3,6310,1994,95,3,20.00,37919.80,0.10,0.08,R,F,1994-08-25,1994-07-20,1994-08-27,TAKE BACK RETURN,SHIP,s beside the blithely bold dol
6310-4,6310,1842,86,4,18.00,31389.12,0.08,0.05,A,F,1994-05-24,1994-06-24,1994-06-16,DELIVER IN PERSON,SHIP,lyly final depo
6310-5,6310,1943,44,5,9.00,16604.46,0.04,0.06,R,F,1994-08-16,1994-07-08,1994-09-14,NONE,REG AIR,inal dependencies nag
6310-6,6310,1322,61,6,37.00,45262.84,0.00,0.07,R,F,1994-06-03,1994-07-07,1994-06-28,DELIVER IN PERSON,RAIL, to the inst
6310-7,6310,1527,68,7,49.00,69997.48,0.04,0.03,A,F,1994-06-10,1994-06-20,1994-06-17,COLLECT COD,REG AIR,ites. acco
6311-1,6311,942,43,1,24.00,44230.56,0.05,0.02,A,F,1993-03-20,1993-04-28,1993-04-04,NONE,FOB,", bold deposits int"
6336-1,6336,1950,51,1,35.00,64818.25,0.07,0.01,N,O,1995-09-28,1995-10-17,1995-10-16,TAKE BACK RETURN,RAIL,pitaphs kindle aft
6336-2,6336,721,54,2,9.00,14595.48,0.03,0.00,N,O,1995-12-05,1995-10-06,1995-12-08,COLLECT COD,REG AIR,ic excuses
6337-1,6337,1398,13,1,25.00,32484.75,0.02,0.03,N,O,1995-10-29,1995-11-23,1995-11-03,COLLECT COD,AIR,s along the furiously even 
6337-2,6337,1446,25,2,18.00,24253.92,0.09,0.08,N,O,1995-10-18,1995-11-30,1995-11-02,NONE,TRUCK, slyly regu
6337-3,6337,1943,44,3,20.00,36898.80,0.02,0.01,N,O,1995-10-30,1995-10-17,1995-11-05,DELIVER IN PERSON,MAIL,e final deposits. blithely regular real
6337-4,6337,529,20,4,32.00,45744.64,0.01,0.07,N,O,1995-12-23,1995-10-27,1996-01-06,DELIVER IN PERSON,FOB,as according to the d
6337-5,6337,467,26,5,34.00,46493.64,0.02,0.08,N,O,1995-09-03,1995-10-30,1995-09-04,COLLECT COD,SHIP,ies cajole against the pinto b
6337-6,6337,1704,31,6,7.00,11239.90,0.09,0.00,N,O,1995-09-07,1995-10-18,1995-10-01,COLLECT COD,TRUCK,re slyly silent packages. packages use pend
6338-1,6338,1304,43,1,3.00,3615.90,0.00,0.04,R,F,1992-03-31,1992-04-01,1992-04-28,DELIVER IN PERSON,RAIL,uickly silent requests
6338-2,6338,1383,60,2,24.00,30825.12,0.04,0.06,R,F,1992-04-28,1992-03-30,1992-05-14,DELIVER IN PERSON,REG AIR,ully even 
6338-3,6338,1851,81,3,41.00,71866.85,0.10,0.07,R,F,1992-04-06,1992-05-03,1992-04-27,TAKE BACK RETURN,REG AIR,egular pinto be
6338-4,6338,1004,40,4,27.00,24435.00,0.09,0.01,A,F,1992-04-12,1992-03-28,1992-04-15,NONE,SHIP,al packages haggle furiousl
6339-1,6339,557,18,1,16.00,23320.80,0.01,0.03,A,F,1993-02-16,1993-02-17,1993-02-27,COLLECT COD,FOB,eans haggle furiously. carefully fina
6339-2,6339,14,15,2,10.00,9140.10,0.03,0.02,A,F,1992-12-27,1993-01-16,1993-01-03,NONE,AIR, theodolites. carefully pen
6339-3,6339,1916,49,3,37.00,67262.67,0.09,0.02,A,F,1993-01-16,1993-03-08,1993-01-28,TAKE BACK RETURN,FOB,eep closely silent deposits. sometimes 
6339-4,6339,1473,74,4,6.00,8246.82,0.03,0.04,A,F,1993-03-16,1993-01-23,1993-03-30,DELIVER IN PERSON,AIR,efully express foxes print blithely. furiou
6339-5,6339,286,68,5,19.00,22539.32,0.06,0.04,A,F,1993-01-31,1993-03-07,1993-02-15,COLLECT COD,TRUCK, instructions. even packages haggle unus
6339-6,6339,1389,90,6,11.00,14194.18,0.07,0.00,A,F,1993-04-07,1993-01-26,1993-04-18,DELIVER IN PERSON,TRUCK,ts cajole blithely blithely bold r
6340-1,6340,1147,20,1,31.00,32492.34,0.00,0.02,N,O,1997-01-16,1996-11-10,1997-01-24,COLLECT COD,SHIP,eans use. furious
6340-2,6340,1406,7,2,46.00,60140.40,0.07,0.00,N,O,1997-01-20,1996-11-26,1997-01-26,COLLECT COD,AIR,tain. pinto beans nag
6340-3,6340,1941,86,3,13.00,23958.22,0.01,0.08,N,O,1997-01-31,1996-12-08,1997-02-25,NONE,FOB,le furiously even depo
6340-4,6340,718,19,4,29.00,46942.59,0.01,0.00,N,O,1996-12-07,1996-11-21,1996-12-24,COLLECT COD,REG AIR,e blithely daring deposit
6340-5,6340,243,25,5,47.00,53732.28,0.01,0.06,N,O,1997-01-24,1996-11-28,1997-02-04,TAKE BACK RETURN,RAIL,ole slyly. fluffily re
6341-1,6341,1700,1,1,11.00,17618.70,0.09,0.03,N,O,1996-08-11,1996-07-17,1996-09-02,DELIVER IN PERSON,REG AIR, pinto beans. always ironi
6341-2,6341,529,60,2,16.00,22872.32,0.08,0.03,N,O,1996-08-27,1996-07-19,1996-09-21,TAKE BACK RETURN,RAIL,"press, ironi"
6341-3,6341,625,57,3,26.00,39666.12,0.10,0.04,N,O,1996-06-16,1996-07-13,1996-07-01,TAKE BACK RETURN,RAIL,ly ironic theodolites at the
6341-4,6341,1224,62,4,35.00,39382.70,0.00,0.05,N,O,1996-09-16,1996-07-27,1996-09-21,DELIVER IN PERSON,SHIP,r foxes integrate 
6341-5,6341,1493,72,5,46.00,64146.54,0.08,0.05,N,O,1996-07-19,1996-08-29,1996-08-09,TAKE BACK RETURN,MAIL,ular packages across 
6342-1,6342,479,38,1,44.00,60696.68,0.09,0.04,N,O,1997-12-07,1997-12-31,1997-12-12,NONE,SHIP,ven courts haggle
6342-2,6342,25,1,2,10.00,9250.20,0.00,0.04,N,O,1998-02-26,1997-12-29,1998-03-01,TAKE BACK RETURN,MAIL,unusual ideas haggl
6342-3,6342,539,40,3,38.00,54702.14,0.05,0.08,N,O,1997-12-19,1998-02-05,1997-12-25,NONE,REG AIR, deposits wake 
6342-4,6342,1784,11,4,28.00,47201.84,0.06,0.02,N,O,1997-12-09,1998-01-06,1997-12-13,NONE,AIR,l packages affix f
6342-5,6342,1072,43,5,18.00,17515.26,0.02,0.06,N,O,1998-02-19,1998-02-16,1998-03-01,NONE,SHIP,carefully fluffily even requests. s
6342-6,6342,1358,73,6,1.00,1259.35,0.10,0.01,N,O,1998-01-28,1997-12-31,1998-02-13,DELIVER IN PERSON,TRUCK,the blithely ironic ac
6343-1,6343,632,33,1,3.00,4597.89,0.02,0.04,N,O,1998-07-04,1998-05-15,1998-07-08,DELIVER IN PERSON,RAIL,ickly even packages slee
6343-2,6343,923,26,2,49.00,89372.08,0.07,0.06,N,O,1998-06-19,1998-05-23,1998-06-26,COLLECT COD,FOB,furiously. dep
6343-3,6343,1360,99,3,31.00,39102.16,0.05,0.07,N,O,1998-07-08,1998-06-07,1998-07-28,DELIVER IN PERSON,AIR,above the quickly final deposits.
6343-4,6343,1336,37,4,25.00,30933.25,0.00,0.00,N,O,1998-05-04,1998-06-15,1998-05-20,NONE,AIR,ular accoun
6343-5,6343,676,77,5,48.00,75680.16,0.10,0.04,N,O,1998-04-30,1998-06-16,1998-05-18,NONE,AIR,s according to the iro
6343-6,6343,307,64,6,48.00,57950.40,0.10,0.05,N,O,1998-05-17,1998-04-20,1998-05-21,DELIVER IN PERSON,TRUCK, excuses nag among the daringly silent
6368-1,6368,825,59,1,38.00,65581.16,0.05,0.03,A,F,1994-03-22,1994-05-09,1994-03-25,TAKE BACK RETURN,TRUCK,n packages. bold requests wake slyly. fur
6368-2,6368,1708,93,2,36.00,57949.20,0.04,0.01,R,F,1994-03-09,1994-05-03,1994-04-06,TAKE BACK RETURN,SHIP,ronic pains breach
6368-3,6368,1374,51,3,44.00,56116.28,0.02,0.00,A,F,1994-05-11,1994-05-17,1994-05-24,DELIVER IN PERSON,RAIL,inal pinto bean
6369-1,6369,1452,31,1,32.00,43310.40,0.05,0.06,A,F,1995-03-13,1995-03-02,1995-03-20,NONE,SHIP,sts cajole slyly alongside of the regul
6369-2,6369,1407,8,2,47.00,61494.80,0.01,0.00,R,F,1995-03-29,1995-01-23,1995-04-24,COLLECT COD,SHIP,fluffily quick ideas haggle.
6369-3,6369,224,6,3,34.00,38223.48,0.07,0.03,R,F,1995-02-10,1995-03-18,1995-03-12,COLLECT COD,TRUCK,requests. 
6369-4,6369,1647,48,4,39.00,60396.96,0.09,0.01,R,F,1995-01-25,1995-02-04,1995-02-19,NONE,AIR,ely thin requests after the ideas are bol
6370-1,6370,1444,45,1,6.00,8072.64,0.01,0.05,A,F,1993-03-16,1993-01-31,1993-04-01,DELIVER IN PERSON,REG AIR,ar packages breach fluffily after t
6370-2,6370,325,54,2,38.00,46562.16,0.01,0.06,R,F,1993-02-19,1993-02-14,1993-03-18,TAKE BACK RETURN,AIR, bold requests. bol
6371-1,6371,394,95,1,9.00,11649.51,0.07,0.06,R,F,1993-07-30,1993-06-25,1993-08-27,DELIVER IN PERSON,TRUCK,"y unusual, e"
6371-2,6371,947,50,2,31.00,57286.14,0.06,0.08,R,F,1993-07-14,1993-06-20,1993-08-10,COLLECT COD,RAIL,onic accounts un
6371-3,6371,1475,54,3,20.00,27529.40,0.05,0.08,A,F,1993-05-13,1993-06-06,1993-06-07,COLLECT COD,MAIL,platelets. carefully regular foxes across 
6371-4,6371,1515,16,4,26.00,36829.26,0.09,0.03,R,F,1993-07-15,1993-05-18,1993-07-21,TAKE BACK RETURN,FOB,osits. carefully regular theodolites a
6371-5,6371,1103,4,5,50.00,50205.00,0.07,0.00,A,F,1993-06-13,1993-06-09,1993-06-20,DELIVER IN PERSON,AIR,cial platele
6372-1,6372,1647,48,1,24.00,37167.36,0.07,0.06,R,F,1994-06-18,1994-04-18,1994-06-22,TAKE BACK RETURN,REG AIR,sual excuses sleep blithely. slyly 
6372-2,6372,945,80,2,39.00,71991.66,0.04,0.05,R,F,1994-05-09,1994-05-01,1994-05-25,DELIVER IN PERSON,TRUCK,ccounts. f
6372-3,6372,1299,74,3,39.00,46811.31,0.00,0.07,A,F,1994-04-14,1994-04-07,1994-05-02,DELIVER IN PERSON,AIR,ites haggle regular pac
6373-1,6373,387,16,1,9.00,11586.42,0.09,0.05,R,F,1992-03-18,1992-04-19,1992-04-15,TAKE BACK RETURN,MAIL,un furiously
6373-2,6373,1592,73,2,9.00,13442.31,0.10,0.01,A,F,1992-04-08,1992-03-20,1992-04-17,NONE,REG AIR,thout the slyly even pinto beans. c
6373-3,6373,237,92,3,48.00,54587.04,0.10,0.06,R,F,1992-02-05,1992-04-11,1992-02-28,TAKE BACK RETURN,TRUCK,xes. packages nag entici
6373-4,6373,1147,84,4,4.00,4192.56,0.10,0.03,R,F,1992-05-06,1992-04-18,1992-05-17,DELIVER IN PERSON,REG AIR,carefully regular 
6373-5,6373,56,57,5,5.00,4780.25,0.05,0.04,A,F,1992-01-26,1992-04-12,1992-02-23,TAKE BACK RETURN,AIR,eep furiously unusual courts. c
6373-6,6373,1990,91,6,50.00,94599.50,0.06,0.06,A,F,1992-04-25,1992-03-11,1992-04-30,DELIVER IN PERSON,REG AIR,ing deposits wak
6374-1,6374,253,8,1,6.00,6919.50,0.03,0.03,N,O,1995-08-28,1995-09-17,1995-09-17,DELIVER IN PERSON,REG AIR,refully silent packages. furiously express
6374-2,6374,1232,33,2,37.00,41929.51,0.05,0.02,N,O,1995-11-07,1995-09-14,1995-11-29,COLLECT COD,RAIL,"cally final accounts. ironic, pend"
6374-3,6374,805,5,3,1.00,1705.80,0.03,0.04,N,O,1995-09-01,1995-10-21,1995-09-19,DELIVER IN PERSON,MAIL,ves use. fluffily even platelets sleep.
6374-4,6374,1187,60,4,28.00,30469.04,0.01,0.07,N,O,1995-09-25,1995-10-16,1995-10-01,TAKE BACK RETURN,FOB,r the fluffy foxes. exp
6374-5,6374,1357,96,5,22.00,27683.70,0.06,0.03,N,O,1995-11-20,1995-10-24,1995-11-28,DELIVER IN PERSON,REG AIR,ly. evenly bold
6374-6,6374,975,10,6,24.00,45023.28,0.01,0.05,N,O,1995-08-20,1995-09-07,1995-09-06,COLLECT COD,AIR,inal requests are fluffily according to t
6375-1,6375,646,47,1,40.00,61865.60,0.08,0.05,N,O,1998-01-10,1998-01-28,1998-01-18,DELIVER IN PERSON,SHIP,packages. ironic 
6375-2,6375,12,63,2,50.00,45600.50,0.02,0.02,N,O,1998-02-10,1998-01-11,1998-03-08,NONE,FOB,deposits. car
6375-3,6375,1009,15,3,43.00,39130.00,0.08,0.03,N,O,1998-02-25,1998-02-04,1998-03-04,NONE,MAIL, boost carefu
6375-4,6375,1822,52,4,45.00,77571.90,0.07,0.03,N,O,1997-11-23,1997-12-24,1997-11-28,DELIVER IN PERSON,FOB, ideas. blithely even requests
6375-5,6375,396,97,5,4.00,5185.56,0.03,0.01,N,O,1998-03-05,1998-01-10,1998-03-25,NONE,AIR,refully. furiously
6375-6,6375,424,54,6,37.00,49003.54,0.03,0.05,N,O,1998-01-06,1998-01-11,1998-01-10,DELIVER IN PERSON,TRUCK,carefully u
6400-1,6400,919,54,1,22.00,40038.02,0.10,0.07,A,F,1994-02-25,1994-04-07,1994-03-06,COLLECT COD,TRUCK, beans. carefully ironic asymp
6400-2,6400,1423,24,2,49.00,64896.58,0.01,0.06,R,F,1994-03-07,1994-03-05,1994-03-20,TAKE BACK RETURN,MAIL,y slyly bold ideas. furiously
6401-1,6401,1195,68,1,36.00,39462.84,0.06,0.07,N,O,1997-05-07,1997-06-20,1997-05-13,DELIVER IN PERSON,RAIL,dolites. slyly final accounts affix. blithe
6401-2,6401,339,24,2,39.00,48333.87,0.08,0.01,N,O,1997-05-23,1997-06-16,1997-05-25,COLLECT COD,MAIL,nding deposits. e
6401-3,6401,114,93,3,6.00,6084.66,0.07,0.06,N,O,1997-06-08,1997-05-24,1997-06-18,DELIVER IN PERSON,TRUCK,ets doze furiously
6401-4,6401,1494,95,4,18.00,25118.82,0.01,0.07,N,O,1997-05-19,1997-06-07,1997-05-29,COLLECT COD,REG AIR,lyly ironic ideas detect quick
6401-5,6401,171,24,5,25.00,26779.25,0.04,0.05,N,O,1997-08-01,1997-06-25,1997-08-30,COLLECT COD,RAIL,y pending foxes about 
6402-1,6402,1808,9,1,40.00,68392.00,0.07,0.01,N,O,1995-06-23,1995-06-06,1995-06-28,TAKE BACK RETURN,SHIP,xpress asy
6402-2,6402,1884,85,2,42.00,75006.96,0.09,0.07,A,F,1995-04-28,1995-07-23,1995-05-21,NONE,SHIP,ully express warthogs are 
6402-3,6402,1934,35,3,27.00,49570.11,0.07,0.06,N,O,1995-07-22,1995-06-10,1995-07-23,DELIVER IN PERSON,TRUCK,uickly final dolphins haggle quickly. q
6402-4,6402,716,49,4,18.00,29100.78,0.04,0.06,N,F,1995-06-16,1995-06-29,1995-06-19,COLLECT COD,MAIL,s after the furiously iron
6403-1,6403,1273,48,1,13.00,15265.51,0.07,0.00,N,F,1995-05-31,1995-03-20,1995-06-30,TAKE BACK RETURN,TRUCK,packages affix carefully? final deposits al
6403-2,6403,128,7,2,13.00,13365.56,0.01,0.04,R,F,1995-04-01,1995-03-19,1995-04-15,DELIVER IN PERSON,RAIL,ven packages print carefully s
6403-3,6403,1549,30,3,49.00,71076.46,0.09,0.03,R,F,1995-02-26,1995-03-21,1995-03-28,COLLECT COD,REG AIR,sits haggle. final accounts about the pen
6404-1,6404,1431,32,1,45.00,59959.35,0.02,0.04,N,O,1996-07-13,1996-08-15,1996-08-03,COLLECT COD,MAIL,s dazzle blithely ironic packages. accoun
6405-1,6405,356,41,1,1.00,1256.35,0.09,0.07,N,O,1997-08-13,1997-07-30,1997-09-09,NONE,FOB,"gs. regular, close theodol"
6405-2,6405,87,38,2,39.00,38496.12,0.09,0.04,N,O,1997-06-26,1997-07-27,1997-07-05,NONE,RAIL,"ording to the unusual, express courts"
6406-1,6406,1747,90,1,19.00,31326.06,0.00,0.04,R,F,1994-11-14,1994-10-15,1994-11-30,DELIVER IN PERSON,SHIP,counts wake blithely close a
6406-2,6406,175,54,2,3.00,3225.51,0.02,0.06,R,F,1994-09-09,1994-11-01,1994-10-09,COLLECT COD,AIR, even packages
6406-3,6406,461,49,3,11.00,14976.06,0.04,0.05,R,F,1994-08-26,1994-10-07,1994-09-04,DELIVER IN PERSON,FOB,ully final pinto beans are close
6406-4,6406,1567,8,4,24.00,35245.44,0.06,0.01,R,F,1994-11-18,1994-09-28,1994-12-13,COLLECT COD,AIR,yly regular foxes. slyly ironic ac
6406-5,6406,1477,95,5,15.00,20677.05,0.04,0.01,R,F,1994-10-09,1994-11-09,1994-11-02,TAKE BACK RETURN,RAIL,r platelets 
6407-1,6407,677,78,1,38.00,59951.46,0.03,0.03,N,O,1995-10-31,1995-09-11,1995-11-14,COLLECT COD,AIR, fluffily expr
6407-2,6407,25,26,2,48.00,44400.96,0.01,0.06,N,O,1995-08-05,1995-10-05,1995-08-30,TAKE BACK RETURN,FOB,. slyly thin packages haggle furio
6432-1,6432,261,43,1,37.00,42966.62,0.04,0.00,N,O,1996-01-25,1995-12-28,1996-02-03,TAKE BACK RETURN,FOB,"ar deposits. final, ironic accounts "
6432-2,6432,717,18,2,26.00,42060.46,0.02,0.06,N,O,1996-02-02,1996-01-12,1996-03-01,COLLECT COD,REG AIR,le ideas m
6432-3,6432,619,13,3,25.00,37990.25,0.02,0.02,N,O,1996-02-28,1995-12-11,1996-03-02,COLLECT COD,SHIP,ally across the idly ex
6432-4,6432,1257,32,4,26.00,30114.50,0.01,0.01,N,O,1996-01-17,1995-12-27,1996-01-26,NONE,RAIL,ironic packages boost slyly blithely speci
6432-5,6432,1122,31,5,21.00,21485.52,0.04,0.06,N,O,1995-12-27,1995-12-13,1996-01-06,NONE,RAIL,ic instructions 
6432-6,6432,476,77,6,2.00,2752.94,0.02,0.06,N,O,1995-11-25,1996-01-01,1995-12-25,DELIVER IN PERSON,TRUCK,sly permanent deposits sleep furi
6432-7,6432,1972,17,7,2.00,3747.94,0.07,0.01,N,O,1996-02-06,1996-01-09,1996-02-22,TAKE BACK RETURN,REG AIR,xpress foxes. carefu
6433-1,6433,733,30,1,50.00,81686.50,0.01,0.04,N,O,1995-12-02,1996-01-22,1995-12-27,NONE,MAIL,kages. express deposits nag blithely final 
6433-2,6433,1387,88,2,42.00,54111.96,0.07,0.06,N,O,1996-03-14,1996-02-01,1996-04-05,DELIVER IN PERSON,RAIL,ccounts will engage packag
6433-3,6433,101,28,3,45.00,45049.50,0.08,0.03,N,O,1996-01-04,1996-02-05,1996-01-08,COLLECT COD,REG AIR, haggle blithely along the care
6433-4,6433,1103,76,4,15.00,15061.50,0.09,0.04,N,O,1996-01-27,1995-12-27,1996-02-15,DELIVER IN PERSON,MAIL,"its above the express, express"
6433-5,6433,481,82,5,29.00,40062.92,0.03,0.03,N,O,1995-12-11,1996-02-07,1996-01-07,NONE,AIR,aring requests boost slyly 
6433-6,6433,1997,42,6,16.00,30383.84,0.00,0.03,N,O,1996-03-01,1996-01-31,1996-03-05,TAKE BACK RETURN,RAIL,"ly even theodolites. regular, final packa"
6433-7,6433,1269,7,7,19.00,22234.94,0.08,0.05,N,O,1995-11-29,1996-01-26,1995-12-26,COLLECT COD,RAIL,e instructions.
6434-1,6434,1519,40,1,43.00,61081.93,0.05,0.00,R,F,1994-07-19,1994-09-01,1994-08-05,TAKE BACK RETURN,MAIL,sts use carefully. regular deposit
6434-2,6434,1929,30,2,46.00,84222.32,0.01,0.04,A,F,1994-06-17,1994-07-11,1994-06-27,DELIVER IN PERSON,AIR,es. packages nag slyly along the ironi
6434-3,6434,1402,3,3,29.00,37798.60,0.09,0.05,R,F,1994-08-12,1994-07-24,1994-09-08,TAKE BACK RETURN,MAIL,s. regular requests detect q
6435-1,6435,527,28,1,29.00,41398.08,0.04,0.07,N,O,1996-06-12,1996-08-14,1996-06-29,COLLECT COD,REG AIR,thely express multipliers are according t
6435-2,6435,857,91,2,46.00,80861.10,0.04,0.07,N,O,1996-09-21,1996-07-26,1996-10-21,COLLECT COD,RAIL,cajole furiou
6435-3,6435,1874,18,3,18.00,31965.66,0.01,0.06,N,O,1996-07-16,1996-08-22,1996-07-24,TAKE BACK RETURN,MAIL,e accounts. always even instructions
6435-4,6435,1660,2,4,19.00,29671.54,0.01,0.07,N,O,1996-07-19,1996-07-23,1996-07-26,TAKE BACK RETURN,TRUCK,- special foxes run qu
6435-5,6435,1114,15,5,35.00,35528.85,0.10,0.03,N,O,1996-09-10,1996-08-18,1996-09-11,COLLECT COD,MAIL,fluffily pending accounts. e
6435-6,6435,732,33,6,19.00,31021.87,0.06,0.06,N,O,1996-09-16,1996-08-23,1996-09-20,TAKE BACK RETURN,MAIL,ecial deposits after the fl
6435-7,6435,736,37,7,10.00,16367.30,0.09,0.03,N,O,1996-07-09,1996-08-11,1996-07-23,COLLECT COD,MAIL, final accounts. blithely 
6436-1,6436,965,34,1,7.00,13061.72,0.09,0.06,A,F,1992-05-07,1992-05-05,1992-06-06,TAKE BACK RETURN,MAIL, depths. requests among the slyl
6436-2,6436,182,9,2,4.00,4328.72,0.00,0.02,R,F,1992-04-21,1992-05-28,1992-05-01,TAKE BACK RETURN,SHIP,ial courts. q
6437-1,6437,1609,10,1,10.00,15106.00,0.05,0.08,R,F,1994-04-18,1994-03-26,1994-04-21,NONE,MAIL,"ic packages. regular, express request"
6437-2,6437,671,65,2,18.00,28290.06,0.07,0.05,A,F,1994-02-07,1994-03-22,1994-03-01,TAKE BACK RETURN,AIR,e of the ideas wake sly
6437-3,6437,1856,57,3,49.00,86134.65,0.01,0.04,R,F,1994-02-07,1994-04-22,1994-03-06,NONE,RAIL,accounts. 
6437-4,6437,1996,29,4,36.00,68327.64,0.09,0.08,R,F,1994-02-09,1994-03-06,1994-03-11,COLLECT COD,SHIP, haggle against the bold accounts.
6438-1,6438,350,7,1,8.00,10002.80,0.00,0.08,A,F,1993-07-28,1993-07-18,1993-08-21,COLLECT COD,MAIL,"as use ironic, iro"
6438-2,6438,1293,94,2,6.00,7165.74,0.01,0.07,A,F,1993-05-27,1993-07-02,1993-06-15,TAKE BACK RETURN,FOB,ickly even platelets. quickly un
6438-3,6438,1816,46,3,3.00,5153.43,0.10,0.07,R,F,1993-07-27,1993-08-12,1993-08-06,DELIVER IN PERSON,RAIL,"eans. final, final in"
6438-4,6438,875,75,4,23.00,40845.01,0.08,0.02,R,F,1993-08-25,1993-06-25,1993-08-27,COLLECT COD,RAIL,. furiously special deposits serve
6438-5,6438,1733,76,5,37.00,60485.01,0.07,0.03,A,F,1993-07-27,1993-07-27,1993-08-24,DELIVER IN PERSON,SHIP,y regular requests cajol
6439-1,6439,1559,100,1,2.00,2921.10,0.05,0.00,N,O,1995-07-23,1995-09-15,1995-07-28,TAKE BACK RETURN,RAIL, requests. even deposits s
6439-2,6439,1267,42,2,16.00,18692.16,0.10,0.08,N,O,1995-08-29,1995-09-25,1995-08-31,DELIVER IN PERSON,TRUCK, regular accounts are furiously after 
6439-3,6439,1248,49,3,48.00,55163.52,0.02,0.05,N,O,1995-09-25,1995-09-24,1995-10-10,TAKE BACK RETURN,SHIP,ructions against the slyly final warhors
6439-4,6439,1992,37,4,42.00,79547.58,0.08,0.02,N,O,1995-10-10,1995-09-01,1995-10-19,COLLECT COD,SHIP,lites poach sl
6439-5,6439,630,31,5,48.00,73470.24,0.01,0.06,N,O,1995-08-04,1995-08-12,1995-08-20,DELIVER IN PERSON,FOB,iments cajole slyly. theodolites wa
6464-1,6464,1016,87,1,39.00,35763.39,0.08,0.06,A,F,1994-07-24,1994-07-21,1994-08-05,DELIVER IN PERSON,FOB,ly regular packages around the even excuse
6464-2,6464,122,49,2,32.00,32707.84,0.06,0.04,A,F,1994-07-24,1994-07-10,1994-08-17,TAKE BACK RETURN,TRUCK,final accounts boost carefully
6464-3,6464,1956,89,3,40.00,74318.00,0.07,0.04,R,F,1994-08-27,1994-08-24,1994-09-17,NONE,SHIP,bout the regular packages. blithel
6464-4,6464,1669,11,4,3.00,4711.98,0.08,0.08,R,F,1994-06-17,1994-07-18,1994-06-27,TAKE BACK RETURN,FOB,e carefully
6464-5,6464,725,22,5,8.00,13005.76,0.09,0.04,R,F,1994-09-05,1994-07-29,1994-09-28,COLLECT COD,SHIP,ly even theodolites cajole slyly.
6464-6,6464,1933,34,6,8.00,14679.44,0.07,0.04,R,F,1994-06-26,1994-08-18,1994-07-09,DELIVER IN PERSON,RAIL,lways bold dependencies. slyly ironic
6465-1,6465,1918,51,1,29.00,52777.39,0.07,0.07,N,O,1995-10-18,1995-10-05,1995-11-12,TAKE BACK RETURN,FOB,y special foxes use furiously
6465-2,6465,1954,99,2,4.00,7423.80,0.01,0.01,N,O,1995-11-06,1995-09-17,1995-11-30,COLLECT COD,TRUCK,furious packages. carefully ir
6465-3,6465,684,85,3,35.00,55463.80,0.01,0.05,N,O,1995-11-22,1995-10-01,1995-12-02,DELIVER IN PERSON,REG AIR, after the never regular instructions slee
6465-4,6465,784,81,4,3.00,5054.34,0.10,0.08,N,O,1995-10-10,1995-10-18,1995-10-30,TAKE BACK RETURN,AIR,ns! slyly pending dugouts 
6465-5,6465,458,88,5,4.00,5433.80,0.00,0.05,N,O,1995-11-12,1995-11-05,1995-11-22,NONE,RAIL,as need to haggle through the ca
6465-6,6465,1845,46,6,43.00,75114.12,0.05,0.02,N,O,1995-11-10,1995-10-23,1995-11-25,TAKE BACK RETURN,REG AIR,g above the furiously regular deposits
6465-7,6465,476,6,7,10.00,13764.70,0.01,0.02,N,O,1995-08-17,1995-10-24,1995-09-03,NONE,SHIP,arly across the blithely regular accounts. 
6466-1,6466,829,30,1,25.00,43245.50,0.02,0.01,N,O,1997-06-22,1997-06-18,1997-07-04,TAKE BACK RETURN,SHIP,ly special instr
6467-1,6467,222,23,1,50.00,56111.00,0.05,0.06,N,O,1998-06-02,1998-05-05,1998-06-06,NONE,REG AIR,nding ideas. a
6468-1,6468,1741,84,1,18.00,29569.32,0.00,0.04,N,O,1996-11-04,1996-11-01,1996-11-14,DELIVER IN PERSON,REG AIR,es. furiously bold
6469-1,6469,1600,21,1,28.00,42044.80,0.04,0.04,N,O,1996-04-05,1996-06-07,1996-04-08,TAKE BACK RETURN,FOB,l accounts nag fluffily above the f
6469-2,6469,807,7,2,49.00,83682.20,0.09,0.03,N,O,1996-05-05,1996-05-02,1996-05-14,COLLECT COD,REG AIR,s sleep. pinto beans ar
6469-3,6469,1990,23,3,18.00,34055.82,0.02,0.05,N,O,1996-04-09,1996-05-25,1996-04-26,DELIVER IN PERSON,AIR,quickly abo
6469-4,6469,360,45,4,19.00,23946.84,0.03,0.07,N,O,1996-03-20,1996-05-07,1996-03-26,COLLECT COD,MAIL,le among the unusual forges. slyly 
6469-5,6469,182,9,5,8.00,8657.44,0.04,0.02,N,O,1996-06-07,1996-05-11,1996-06-12,TAKE BACK RETURN,MAIL,uctions believe 
6469-6,6469,650,82,6,12.00,18607.80,0.00,0.03,N,O,1996-04-18,1996-05-08,1996-05-06,DELIVER IN PERSON,RAIL,ounts haggle careful
6469-7,6469,578,69,7,48.00,70971.36,0.09,0.05,N,O,1996-04-30,1996-04-24,1996-05-28,COLLECT COD,RAIL,"pecial, permanent instructions. "
6470-1,6470,525,56,1,30.00,42765.60,0.02,0.06,N,O,1995-10-23,1995-12-01,1995-11-20,COLLECT COD,AIR,"ronic pinto beans. bold, express reque"
6470-2,6470,1562,63,2,44.00,64396.64,0.07,0.04,N,O,1995-12-15,1995-11-10,1995-12-27,TAKE BACK RETURN,FOB,oldly even requests. blithely final accou
6470-3,6470,1518,19,3,44.00,62458.44,0.07,0.06,N,O,1995-12-17,1995-10-16,1996-01-14,COLLECT COD,FOB,y requests. regu
6470-4,6470,1155,56,4,12.00,12673.80,0.08,0.03,N,O,1995-12-09,1995-10-29,1995-12-12,NONE,TRUCK,inst the deposits. asymptotes sleep ironi
6470-5,6470,1459,38,5,42.00,57138.90,0.07,0.03,N,O,1995-10-23,1995-12-03,1995-11-11,DELIVER IN PERSON,SHIP, cajole slyly outsid
6470-6,6470,375,4,6,37.00,47188.69,0.03,0.07,N,O,1995-09-14,1995-10-22,1995-09-24,COLLECT COD,SHIP,lent attainm
6470-7,6470,1847,77,7,9.00,15739.56,0.01,0.05,N,O,1996-01-09,1995-11-28,1996-01-20,DELIVER IN PERSON,AIR,above the quickly ironic
6471-1,6471,380,9,1,49.00,62738.62,0.09,0.03,N,O,1998-05-18,1998-03-31,1998-06-12,NONE,AIR,ts around the 
6471-2,6471,505,66,2,36.00,50598.00,0.02,0.02,N,O,1998-05-03,1998-04-08,1998-05-20,DELIVER IN PERSON,TRUCK,s sleep furiously regular decoys. regular a
6471-3,6471,1589,10,3,8.00,11924.64,0.06,0.04,N,O,1998-05-18,1998-05-05,1998-05-23,NONE,RAIL,refully quickly reg
6471-4,6471,1906,39,4,6.00,10847.40,0.09,0.03,N,O,1998-04-12,1998-05-20,1998-04-30,NONE,TRUCK,y pending foxes. express dolphins ha
6471-5,6471,1701,44,5,49.00,78532.30,0.04,0.05,N,O,1998-04-09,1998-05-05,1998-04-28,DELIVER IN PERSON,REG AIR,ent deposits impress according
6471-6,6471,1895,82,6,16.00,28750.24,0.03,0.07,N,O,1998-04-29,1998-04-09,1998-05-02,TAKE BACK RETURN,SHIP,ng to the regula
6471-7,6471,1684,67,7,26.00,41227.68,0.03,0.08,N,O,1998-06-22,1998-05-08,1998-07-14,DELIVER IN PERSON,MAIL,mpress bli
6496-1,6496,1360,61,1,36.00,45408.96,0.06,0.04,N,O,1995-10-27,1995-08-06,1995-11-20,TAKE BACK RETURN,RAIL,run carefully. silent theodoli
6496-2,6496,286,68,2,41.00,48637.48,0.06,0.00,N,O,1995-08-03,1995-09-24,1995-08-15,TAKE BACK RETURN,REG AIR,unusual pinto beans 
6496-3,6496,1874,4,3,24.00,42620.88,0.01,0.01,N,O,1995-10-10,1995-09-18,1995-10-22,COLLECT COD,AIR,s theodolites. b
6496-4,6496,1891,35,4,15.00,26893.35,0.03,0.08,N,O,1995-10-26,1995-09-02,1995-11-15,DELIVER IN PERSON,TRUCK,ckly pending packages. final ide
6496-5,6496,841,41,5,23.00,40062.32,0.04,0.01,N,O,1995-10-04,1995-08-27,1995-10-12,COLLECT COD,RAIL, packages-- regular deposits 
6496-6,6496,1301,78,6,12.00,14427.60,0.05,0.03,N,O,1995-10-16,1995-07-31,1995-11-07,DELIVER IN PERSON,AIR,"r, pending packages cajo"
6497-1,6497,1899,29,1,27.00,48624.03,0.07,0.04,N,O,1997-12-10,1997-11-11,1997-12-27,NONE,AIR,equests thrash after the bold pearls. 
6498-1,6498,1335,12,1,43.00,53162.19,0.00,0.03,A,F,1994-04-26,1994-04-20,1994-05-21,DELIVER IN PERSON,REG AIR,as are quickly. asymp
6498-2,6498,1434,52,2,20.00,26708.60,0.04,0.07,R,F,1994-06-16,1994-06-01,1994-07-08,NONE,TRUCK,sleep after the
6499-1,6499,1470,10,1,23.00,31543.81,0.07,0.04,N,O,1995-08-14,1995-07-17,1995-08-16,TAKE BACK RETURN,TRUCK, instructions. regu
6499-2,6499,1461,62,2,39.00,53135.94,0.01,0.04,N,O,1995-06-19,1995-06-14,1995-07-19,DELIVER IN PERSON,REG AIR,rts sleep furiously pending platelets. 
6499-3,6499,1227,39,3,8.00,9025.76,0.05,0.07,N,O,1995-07-13,1995-07-11,1995-08-02,DELIVER IN PERSON,SHIP,slyly regular ex
6500-1,6500,639,33,1,31.00,47728.53,0.04,0.06,A,F,1993-01-16,1992-12-01,1993-01-27,TAKE BACK RETURN,MAIL,es sleep thinly. slyly express p
6500-2,6500,902,37,2,8.00,14423.20,0.10,0.01,R,F,1992-12-03,1992-12-05,1992-12-13,COLLECT COD,FOB,lar courts. re
6500-3,6500,324,53,3,47.00,57543.04,0.04,0.00,R,F,1993-01-17,1992-12-22,1993-02-14,NONE,MAIL,ealms. furiously pending pinto beans hagg
6501-1,6501,1244,82,1,15.00,17178.60,0.09,0.04,R,F,1992-04-16,1992-02-27,1992-04-28,NONE,SHIP,slyly alongside of the special d
6501-2,6501,1826,13,2,43.00,74296.26,0.05,0.08,R,F,1992-02-20,1992-03-29,1992-03-09,DELIVER IN PERSON,AIR,ckages. carefully even requests use care
6501-3,6501,1009,15,3,24.00,21840.00,0.03,0.06,A,F,1992-04-01,1992-03-28,1992-04-30,NONE,TRUCK,y against the
6501-4,6501,1972,61,4,30.00,56219.10,0.06,0.03,R,F,1992-01-25,1992-04-04,1992-02-13,NONE,MAIL,nto beans. sil
6502-1,6502,460,61,1,1.00,1360.46,0.01,0.05,N,O,1995-10-13,1995-10-07,1995-10-17,TAKE BACK RETURN,MAIL,. fluffily b
6502-2,6502,1498,77,2,19.00,26590.31,0.03,0.04,N,O,1995-11-23,1995-11-02,1995-12-08,COLLECT COD,TRUCK,ckages outs
6502-3,6502,274,56,3,4.00,4697.08,0.09,0.08,N,O,1995-12-14,1995-10-07,1995-12-18,COLLECT COD,SHIP, after the blithel
6502-4,6502,595,96,4,16.00,23929.44,0.09,0.03,N,O,1995-10-16,1995-11-14,1995-11-08,COLLECT COD,FOB, doze slyly deposits. carefully final idea
6502-5,6502,1664,47,5,6.00,9393.96,0.09,0.01,N,O,1995-08-24,1995-10-12,1995-09-20,NONE,SHIP,iments. carefull
6502-6,6502,1677,1,6,41.00,64725.47,0.01,0.07,N,O,1995-10-17,1995-10-21,1995-10-31,NONE,AIR,carefully across the furious platel
6503-1,6503,640,34,1,20.00,30812.80,0.05,0.05,N,O,1997-09-09,1997-10-02,1997-09-20,TAKE BACK RETURN,REG AIR,ray blithely slyly final ide
6503-2,6503,1916,61,2,24.00,43629.84,0.00,0.04,N,O,1997-10-16,1997-09-23,1997-10-17,COLLECT COD,RAIL,"ld, bold deposits use a"
6503-3,6503,1276,14,3,47.00,55331.69,0.09,0.01,N,O,1997-10-29,1997-08-24,1997-11-27,NONE,AIR," platelets. brave, reg"
6528-1,6528,487,17,1,30.00,41624.40,0.09,0.01,A,F,1993-05-29,1993-03-12,1993-06-09,TAKE BACK RETURN,AIR,g pinto beans poach slyly carefully regul
6528-2,6528,52,53,2,44.00,41890.20,0.08,0.05,R,F,1993-04-26,1993-04-06,1993-05-11,DELIVER IN PERSON,SHIP,totes. quickly final 
6528-3,6528,150,77,3,48.00,50407.20,0.07,0.05,R,F,1993-02-26,1993-03-15,1993-03-12,DELIVER IN PERSON,FOB,ly final requests. carefully regul
6528-4,6528,390,47,4,36.00,46454.04,0.01,0.01,A,F,1993-03-07,1993-03-21,1993-03-10,COLLECT COD,REG AIR,ously carefully ironic platelet
6529-1,6529,821,88,1,50.00,86091.00,0.08,0.03,A,F,1992-12-11,1993-01-29,1992-12-17,DELIVER IN PERSON,MAIL,hroughout the quickly un
6529-2,6529,199,100,2,20.00,21983.80,0.05,0.04,R,F,1992-12-18,1993-01-18,1992-12-24,DELIVER IN PERSON,REG AIR,d platelets. quickly bo
6529-3,6529,1023,59,3,9.00,8316.18,0.01,0.06,R,F,1992-12-20,1993-01-01,1993-01-15,TAKE BACK RETURN,REG AIR,uriously final dependencies after the c
6529-4,6529,1707,34,4,9.00,14478.30,0.09,0.05,A,F,1993-02-11,1993-02-11,1993-02-17,COLLECT COD,MAIL,warthogs use. pa
6529-5,6529,1410,28,5,15.00,19671.15,0.06,0.00,A,F,1993-02-01,1993-01-24,1993-02-22,TAKE BACK RETURN,SHIP, blithely express pinto beans. s
6529-6,6529,223,51,6,4.00,4492.88,0.02,0.02,A,F,1993-01-27,1993-01-18,1993-01-29,TAKE BACK RETURN,SHIP, sleep quickly carefully ironi
6529-7,6529,820,54,7,20.00,34416.40,0.09,0.00,A,F,1992-12-07,1993-02-17,1992-12-21,NONE,FOB, quickly bold accoun
6530-1,6530,1804,91,1,5.00,8529.00,0.10,0.00,N,O,1997-11-19,1997-10-15,1997-12-07,COLLECT COD,FOB,the furiously regular requests. 
6531-1,6531,282,37,1,27.00,31921.56,0.00,0.04,R,F,1993-10-06,1993-10-05,1993-10-30,TAKE BACK RETURN,AIR,ully regular 
6531-2,6531,787,84,2,18.00,30380.04,0.07,0.08,R,F,1993-07-20,1993-08-20,1993-08-19,COLLECT COD,RAIL,ly pending ex
6531-3,6531,659,22,3,18.00,28073.70,0.10,0.03,R,F,1993-07-28,1993-09-12,1993-07-29,COLLECT COD,REG AIR,nal foxes among the ir
6531-4,6531,565,66,4,1.00,1465.56,0.06,0.05,R,F,1993-09-29,1993-09-30,1993-10-12,NONE,RAIL, the carefully express deposits. 
6531-5,6531,1946,79,5,24.00,44350.56,0.01,0.00,A,F,1993-08-29,1993-09-13,1993-09-07,TAKE BACK RETURN,REG AIR,s. slyly ironic pinto beans w
6531-6,6531,1885,86,6,38.00,67901.44,0.03,0.00,A,F,1993-08-13,1993-09-28,1993-08-14,DELIVER IN PERSON,RAIL, slow deposits. quickly regu
6532-1,6532,1764,49,1,19.00,31649.44,0.03,0.03,N,O,1996-04-21,1996-04-30,1996-05-08,DELIVER IN PERSON,SHIP,fily quietly regular asympto
6532-2,6532,628,22,2,26.00,39744.12,0.06,0.00,N,O,1996-06-15,1996-04-02,1996-06-27,TAKE BACK RETURN,SHIP,y alongside of the accounts. slyly express
6532-3,6532,1583,84,3,31.00,46021.98,0.07,0.03,N,O,1996-06-16,1996-04-19,1996-07-01,COLLECT COD,SHIP,al deposits. pa
6532-4,6532,811,45,4,9.00,15406.29,0.01,0.06,N,O,1996-05-26,1996-04-07,1996-06-20,TAKE BACK RETURN,AIR,odolites sleep.
6533-1,6533,1940,85,1,20.00,36838.80,0.09,0.07,N,O,1998-04-19,1998-04-19,1998-05-05,DELIVER IN PERSON,AIR,furiously according to the carefully
6533-2,6533,1446,25,2,46.00,61982.24,0.07,0.05,N,O,1998-04-02,1998-05-30,1998-04-03,TAKE BACK RETURN,SHIP,l theodolites wake blithely
6533-3,6533,1714,41,3,16.00,25851.36,0.01,0.08,N,O,1998-05-10,1998-04-27,1998-05-19,NONE,REG AIR,oxes wake 
6533-4,6533,849,83,4,42.00,73493.28,0.05,0.06,N,O,1998-05-08,1998-04-24,1998-05-16,COLLECT COD,FOB,ross the ironic
6533-5,6533,82,8,5,7.00,6874.56,0.04,0.05,N,O,1998-03-13,1998-05-10,1998-03-22,TAKE BACK RETURN,FOB,tes cajole. blit
6534-1,6534,1317,94,1,6.00,7309.86,0.00,0.05,N,O,1997-05-24,1997-06-28,1997-06-02,COLLECT COD,REG AIR,xpress fox
6534-2,6534,475,76,2,19.00,26133.93,0.09,0.00,N,O,1997-07-05,1997-07-01,1997-08-01,TAKE BACK RETURN,FOB,ding notornis hagg
6535-1,6535,1171,8,1,46.00,49319.82,0.05,0.01,R,F,1992-09-09,1992-07-30,1992-09-15,COLLECT COD,FOB,ing to the ironic t
6535-2,6535,1401,41,2,46.00,59910.40,0.07,0.01,R,F,1992-08-19,1992-09-05,1992-08-22,DELIVER IN PERSON,TRUCK,y final packages. carefull
6535-3,6535,755,88,3,19.00,31459.25,0.02,0.02,A,F,1992-08-16,1992-08-20,1992-09-05,NONE,TRUCK,"sly regular, final requests. regular"
6535-4,6535,1666,49,4,43.00,67409.38,0.00,0.07,R,F,1992-07-17,1992-07-18,1992-08-14,COLLECT COD,AIR,ole furiously quickl
6560-1,6560,1133,42,1,32.00,33092.16,0.10,0.00,A,F,1995-03-25,1995-02-27,1995-04-08,NONE,SHIP,nstructions. furiously final request
6560-2,6560,928,31,2,27.00,49380.84,0.05,0.08,R,F,1995-02-27,1995-03-25,1995-03-23,COLLECT COD,MAIL,special courts. quickly ironic a
6560-3,6560,1279,54,3,23.00,27146.21,0.08,0.01,R,F,1995-04-04,1995-02-14,1995-04-28,COLLECT COD,SHIP,slyly ironic pinto beans bel
6560-4,6560,1260,61,4,34.00,39482.84,0.07,0.05,R,F,1995-03-25,1995-03-08,1995-04-20,DELIVER IN PERSON,AIR,t the quickly final notornis
6560-5,6560,613,76,5,45.00,68112.45,0.10,0.06,R,F,1995-01-28,1995-03-27,1995-02-11,COLLECT COD,SHIP,alongside 
6560-6,6560,219,47,6,43.00,48126.03,0.00,0.01,R,F,1995-03-06,1995-03-22,1995-03-14,COLLECT COD,TRUCK, excuses use sly
6560-7,6560,600,91,7,39.00,58523.40,0.02,0.05,A,F,1995-02-16,1995-03-10,1995-03-14,DELIVER IN PERSON,MAIL,uriously ironi
6561-1,6561,1285,23,1,49.00,58127.72,0.10,0.08,R,F,1994-06-09,1994-07-17,1994-07-07,NONE,REG AIR," ideas; silent, expr"
6561-2,6561,1231,69,2,45.00,50950.35,0.04,0.08,A,F,1994-08-23,1994-08-15,1994-09-21,TAKE BACK RETURN,TRUCK,lithely express packages 
6561-3,6561,1824,25,3,34.00,58677.88,0.00,0.01,A,F,1994-08-07,1994-07-15,1994-08-28,TAKE BACK RETURN,SHIP,gle about the accounts! quickly final pac
6561-4,6561,377,62,4,28.00,35766.36,0.10,0.00,R,F,1994-06-06,1994-08-12,1994-07-02,TAKE BACK RETURN,RAIL,eodolites. carefully sly instruct
6562-1,6562,566,57,1,19.00,27864.64,0.06,0.06,R,F,1995-02-08,1995-03-06,1995-03-09,COLLECT COD,REG AIR,s wake after the final deposits. e
6562-2,6562,774,75,2,33.00,55267.41,0.00,0.03,A,F,1995-01-17,1995-02-03,1995-01-25,DELIVER IN PERSON,FOB,dependencies. never even attainments are 
6562-3,6562,281,82,3,20.00,23625.60,0.04,0.04,R,F,1995-01-03,1995-03-03,1995-01-28,DELIVER IN PERSON,AIR,ts. furious
6562-4,6562,138,17,4,9.00,9343.17,0.09,0.03,A,F,1995-03-24,1995-02-28,1995-04-10,TAKE BACK RETURN,AIR,ges boost carefully permanently b
6562-5,6562,842,43,5,22.00,38342.48,0.04,0.02,A,F,1995-03-08,1995-02-26,1995-03-19,COLLECT COD,REG AIR,xes haggle quickly
6562-6,6562,1710,95,6,45.00,72526.95,0.10,0.03,R,F,1995-03-24,1995-03-05,1995-04-12,TAKE BACK RETURN,REG AIR,tions. requests among the furiously f
6563-1,6563,1228,66,1,49.00,55331.78,0.03,0.06,R,F,1993-01-28,1992-12-18,1993-01-30,TAKE BACK RETURN,REG AIR, the caref
6563-2,6563,1204,5,2,15.00,16578.00,0.09,0.06,R,F,1992-12-19,1992-12-09,1992-12-30,COLLECT COD,REG AIR,es. slyly express deposits alon
6563-3,6563,1713,14,3,14.00,22605.94,0.10,0.06,R,F,1992-12-05,1993-01-11,1992-12-12,NONE,TRUCK,"e slyly final, ironic packages. car"
6564-1,6564,1657,81,1,34.00,52994.10,0.06,0.06,A,F,1995-04-11,1995-02-27,1995-04-24,NONE,MAIL, carefully pending platelets
6564-2,6564,1975,64,2,9.00,16892.73,0.01,0.01,A,F,1995-02-01,1995-04-02,1995-02-02,TAKE BACK RETURN,SHIP,kages breach quickly express foxes. deposi
6564-3,6564,472,60,3,35.00,48036.45,0.09,0.02,A,F,1995-03-07,1995-03-21,1995-03-23,TAKE BACK RETURN,REG AIR, theodolites snooze ca
6564-4,6564,357,14,4,14.00,17602.90,0.10,0.00,R,F,1995-05-14,1995-03-13,1995-05-28,TAKE BACK RETURN,AIR,des the fluffily regular accounts use quick
6564-5,6564,1479,97,5,16.00,22087.52,0.07,0.01,A,F,1995-04-20,1995-03-23,1995-05-11,TAKE BACK RETURN,MAIL,slyly even p
6565-1,6565,1405,23,1,35.00,45724.00,0.07,0.04,N,O,1997-04-03,1997-04-11,1997-04-10,COLLECT COD,MAIL,unts nag carefully quickly ironic exc
6565-2,6565,997,32,2,21.00,39857.79,0.09,0.07,N,O,1997-06-26,1997-04-13,1997-07-11,NONE,AIR,"structions haggle against the regular, spe"
6565-3,6565,998,1,3,27.00,51272.73,0.07,0.04,N,O,1997-04-05,1997-03-28,1997-04-27,TAKE BACK RETURN,AIR,es nag furiousl
6565-4,6565,20,71,4,16.00,14720.32,0.07,0.04,N,O,1997-03-07,1997-05-04,1997-03-25,COLLECT COD,AIR, carefully unusual instruc
6565-5,6565,757,54,5,14.00,23208.50,0.01,0.00,N,O,1997-05-22,1997-04-11,1997-06-14,DELIVER IN PERSON,SHIP,s cajole quiet deposits. quic
6565-6,6565,989,92,6,48.00,90719.04,0.01,0.03,N,O,1997-04-19,1997-05-23,1997-05-17,DELIVER IN PERSON,TRUCK,"ncies. regular, final requests use. iron"
6566-1,6566,1676,59,1,23.00,36286.41,0.08,0.06,N,O,1995-09-02,1995-08-15,1995-09-13,DELIVER IN PERSON,TRUCK,ts sublate blithel
6566-2,6566,1121,30,2,40.00,40884.80,0.08,0.07,N,O,1995-08-14,1995-06-27,1995-09-09,DELIVER IN PERSON,AIR,aggle furiously! st
6566-3,6566,1523,44,3,6.00,8547.12,0.06,0.07,N,O,1995-08-22,1995-07-22,1995-09-15,TAKE BACK RETURN,REG AIR,bold requests. 
6566-4,6566,1525,46,4,9.00,12838.68,0.09,0.05,N,O,1995-08-08,1995-08-19,1995-09-03,COLLECT COD,FOB,the special requests. re
6566-5,6566,102,55,5,10.00,10021.00,0.06,0.00,N,O,1995-07-20,1995-07-17,1995-08-06,COLLECT COD,SHIP, along the furiously ironic instructions. s
6566-6,6566,1083,89,6,48.00,47235.84,0.06,0.07,N,O,1995-08-27,1995-07-15,1995-09-15,DELIVER IN PERSON,MAIL,"e regular, regular depos"
6566-7,6566,534,95,7,17.00,24387.01,0.10,0.01,N,F,1995-06-09,1995-08-13,1995-07-06,COLLECT COD,REG AIR,fully across the regu
6567-1,6567,891,92,1,2.00,3583.78,0.09,0.03,N,O,1997-09-24,1997-10-06,1997-09-25,NONE,TRUCK,ously regular asy
6567-2,6567,1495,13,2,2.00,2792.98,0.03,0.06,N,O,1997-10-03,1997-08-31,1997-10-23,DELIVER IN PERSON,MAIL,totes alongside of the ironic d
6567-3,6567,444,45,3,1.00,1344.44,0.09,0.07,N,O,1997-07-30,1997-08-22,1997-08-15,NONE,SHIP,even depths? slyly express packages haggl
6567-4,6567,1530,51,4,13.00,18609.89,0.01,0.02,N,O,1997-11-03,1997-09-11,1997-12-03,DELIVER IN PERSON,SHIP,al dependencies hag
6567-5,6567,427,86,5,20.00,26548.40,0.05,0.07,N,O,1997-10-09,1997-09-04,1997-10-15,DELIVER IN PERSON,RAIL,pinto beans. fu
6592-1,6592,1084,85,1,48.00,47283.84,0.03,0.06,A,F,1995-03-21,1995-02-07,1995-04-03,TAKE BACK RETURN,TRUCK,d carefully pa
6592-2,6592,604,67,2,37.00,55670.20,0.09,0.05,A,F,1994-12-25,1995-01-21,1995-01-19,COLLECT COD,RAIL,ray furiously pending theodo
6592-3,6592,1999,44,3,17.00,32316.83,0.03,0.08,A,F,1995-02-26,1995-02-28,1995-03-08,TAKE BACK RETURN,REG AIR,ideas sleep blithe
6592-4,6592,434,22,4,3.00,4003.29,0.01,0.03,A,F,1995-01-18,1995-02-23,1995-02-09,TAKE BACK RETURN,MAIL,. fluffily regular 
6592-5,6592,1245,46,5,41.00,46995.84,0.04,0.04,A,F,1995-01-27,1995-02-13,1995-02-06,COLLECT COD,AIR,. slyly silent requests along the blith
6592-6,6592,583,44,6,34.00,50441.72,0.02,0.08,A,F,1995-01-25,1995-02-09,1995-01-31,DELIVER IN PERSON,SHIP,latelets. theodolites cajol
6593-1,6593,201,29,1,13.00,14315.60,0.10,0.00,N,O,1997-07-01,1997-07-05,1997-07-20,DELIVER IN PERSON,REG AIR,ously ironic 
6593-2,6593,1589,90,2,2.00,2981.16,0.10,0.08,N,O,1997-06-14,1997-06-25,1997-06-30,NONE,FOB,ding theodolites. bold sauternes sleep fina
6593-3,6593,1259,97,3,25.00,29006.25,0.09,0.04,N,O,1997-06-19,1997-08-01,1997-06-26,NONE,RAIL,y express as
6593-4,6593,1272,73,4,24.00,28158.48,0.03,0.02,N,O,1997-06-15,1997-06-24,1997-07-09,TAKE BACK RETURN,REG AIR,ter the dependencies. ironic r
6593-5,6593,1073,9,5,40.00,38962.80,0.08,0.03,N,O,1997-08-28,1997-06-29,1997-09-12,COLLECT COD,MAIL,ic requests cajole desp
6593-6,6593,848,49,6,10.00,17488.40,0.10,0.00,N,O,1997-08-26,1997-08-11,1997-09-05,NONE,REG AIR,uriously pending foxe
6594-1,6594,1499,39,1,9.00,12604.41,0.00,0.06,N,O,1996-10-12,1996-10-17,1996-10-25,COLLECT COD,REG AIR,ts. foxes use finall
6594-2,6594,1842,29,2,6.00,10463.04,0.10,0.06,N,O,1996-10-13,1996-10-13,1996-10-29,DELIVER IN PERSON,RAIL,ic theodolites are unusual packages. s
6594-3,6594,1218,30,3,37.00,41410.77,0.05,0.05,N,O,1996-12-02,1996-10-30,1996-12-05,DELIVER IN PERSON,RAIL,", bold pinto bea"
6594-4,6594,770,67,4,26.00,43440.02,0.00,0.03,N,O,1996-12-04,1996-11-10,1996-12-05,COLLECT COD,TRUCK,ges sleep bl
6594-5,6594,1320,21,5,26.00,31754.32,0.02,0.05,N,O,1996-08-27,1996-11-17,1996-09-02,DELIVER IN PERSON,FOB,kly express ideas. furiously regular 
6594-6,6594,965,66,6,16.00,29855.36,0.10,0.08,N,O,1996-09-12,1996-09-22,1996-10-02,TAKE BACK RETURN,MAIL, cajole at the quickly pending accounts. d
6594-7,6594,320,5,7,28.00,34168.96,0.01,0.02,N,O,1996-11-26,1996-11-02,1996-12-24,NONE,TRUCK,xes. careful
6595-1,6595,1327,66,1,21.00,25794.72,0.05,0.01,A,F,1993-01-23,1992-11-05,1993-01-31,COLLECT COD,MAIL,foxes use sile
6596-1,6596,709,6,1,8.00,12877.60,0.05,0.08,N,O,1995-07-25,1995-09-12,1995-08-13,COLLECT COD,RAIL,y? blithely pending requests cajole 
6596-2,6596,108,87,2,3.00,3024.30,0.05,0.05,N,O,1995-08-26,1995-10-12,1995-09-10,DELIVER IN PERSON,MAIL,cording to the regular packag
6596-3,6596,1619,61,3,48.00,72989.28,0.02,0.08,N,O,1995-10-24,1995-10-01,1995-10-25,TAKE BACK RETURN,MAIL," beans. quick, even deposits abo"
6596-4,6596,69,45,4,9.00,8721.54,0.07,0.07,N,O,1995-09-27,1995-09-21,1995-10-09,COLLECT COD,FOB,slyly final excuses. slyly regular hockey 
6596-5,6596,1283,58,5,17.00,20132.76,0.00,0.01,N,O,1995-09-11,1995-09-26,1995-09-23,COLLECT COD,SHIP,final tithes. ca
6596-6,6596,1123,96,6,41.00,41988.92,0.02,0.07,N,O,1995-10-11,1995-10-01,1995-11-09,COLLECT COD,FOB,ecial platelets cajole always after th
6596-7,6596,140,41,7,3.00,3120.42,0.06,0.01,N,O,1995-08-26,1995-09-01,1995-09-15,TAKE BACK RETURN,AIR,fluffily. bol
6597-1,6597,281,63,1,34.00,40163.52,0.09,0.03,N,O,1998-08-20,1998-09-24,1998-09-10,TAKE BACK RETURN,AIR,e quickly sl
6597-2,6597,1579,60,2,43.00,63664.51,0.08,0.08,N,O,1998-09-10,1998-09-18,1998-10-04,NONE,TRUCK,ly slyly silent accounts. expres
6598-1,6598,1434,74,1,31.00,41398.33,0.07,0.03,R,F,1992-09-06,1992-06-21,1992-09-08,COLLECT COD,SHIP,"the regular,"
6598-2,6598,1579,20,2,17.00,25169.69,0.01,0.08,A,F,1992-05-20,1992-06-16,1992-06-13,NONE,RAIL,usly final deposits. spe
6599-1,6599,1604,5,1,41.00,61729.60,0.00,0.07,N,O,1998-04-26,1998-06-16,1998-05-04,DELIVER IN PERSON,SHIP,n theodoli
6599-2,6599,1454,33,2,11.00,14909.95,0.02,0.02,N,O,1998-08-06,1998-07-13,1998-08-08,TAKE BACK RETURN,REG AIR,ts. deposits 
6599-3,6599,1807,51,3,35.00,59808.00,0.03,0.01,N,O,1998-05-05,1998-05-26,1998-05-11,NONE,REG AIR,press furiously-- carefully bold deposits 
6599-4,6599,1989,78,4,37.00,69966.26,0.02,0.06,N,O,1998-05-01,1998-06-07,1998-05-03,COLLECT COD,TRUCK,lar accounts. furiously final deposi
6599-5,6599,1977,10,5,1.00,1878.97,0.03,0.05,N,O,1998-07-24,1998-06-24,1998-08-21,DELIVER IN PERSON,FOB,ickly final theodolites sleep slyly quic
6624-1,6624,1275,50,1,36.00,42345.72,0.01,0.05,N,O,1997-11-06,1997-10-16,1997-12-01,TAKE BACK RETURN,RAIL, deposits. packages
6625-1,6625,1934,23,1,9.00,16523.37,0.08,0.05,R,F,1993-09-21,1993-10-03,1993-09-22,TAKE BACK RETURN,MAIL, to boost carefully
6626-1,6626,671,65,1,4.00,6286.68,0.10,0.07,R,F,1994-06-11,1994-06-24,1994-06-29,COLLECT COD,RAIL,efully thin pinto beans affix about the car
6626-2,6626,630,24,2,30.00,45918.90,0.08,0.05,A,F,1994-06-22,1994-06-14,1994-06-29,TAKE BACK RETURN,TRUCK,thely bold pin
6626-3,6626,1749,92,3,26.00,42919.24,0.06,0.08,A,F,1994-07-22,1994-07-13,1994-08-07,COLLECT COD,FOB,e dinos doubt 
6626-4,6626,1133,42,4,11.00,11375.43,0.05,0.00,R,F,1994-07-08,1994-06-27,1994-08-02,DELIVER IN PERSON,REG AIR,re special acco
6627-1,6627,1130,31,1,22.00,22684.86,0.09,0.07,N,O,1995-06-18,1995-04-27,1995-06-21,TAKE BACK RETURN,FOB,"s breach quickly. regular, even requests a"
6627-2,6627,1895,82,2,37.00,66484.93,0.09,0.06,R,F,1995-05-17,1995-05-23,1995-06-15,COLLECT COD,REG AIR,ermanently 
6628-1,6628,677,40,1,49.00,77305.83,0.07,0.02,A,F,1994-06-19,1994-06-19,1994-07-14,NONE,FOB,ickly. furiously regular 
6628-2,6628,949,52,2,11.00,20349.34,0.09,0.06,A,F,1994-04-30,1994-07-01,1994-05-20,NONE,RAIL,ts wake. carefully regular ideas wake blit
6628-3,6628,1691,74,3,7.00,11148.83,0.01,0.00,R,F,1994-08-18,1994-06-20,1994-09-12,COLLECT COD,AIR,al pinto beans sleep slyl
6628-4,6628,1359,74,4,27.00,34029.45,0.06,0.06,A,F,1994-07-14,1994-06-05,1994-07-15,DELIVER IN PERSON,AIR,". ironic accounts use. regular, bold id"
6629-1,6629,948,51,1,31.00,57317.14,0.03,0.07,R,F,1994-05-09,1994-03-23,1994-05-18,DELIVER IN PERSON,TRUCK,special packages sleep qui
6629-2,6629,1373,88,2,1.00,1274.37,0.06,0.07,A,F,1994-03-29,1994-03-15,1994-04-22,TAKE BACK RETURN,REG AIR,s the furiously specia
6629-3,6629,1825,12,3,8.00,13814.56,0.00,0.05,R,F,1994-05-09,1994-04-14,1994-06-01,TAKE BACK RETURN,RAIL,endencies cajole ruthless foxes. blith
6629-4,6629,1862,6,4,14.00,24694.04,0.05,0.04,R,F,1994-04-26,1994-04-07,1994-05-20,NONE,AIR, final foxes. even
6629-5,6629,1788,73,5,21.00,35485.38,0.02,0.00,R,F,1994-05-12,1994-03-24,1994-05-19,NONE,RAIL,eposits. dol
6629-6,6629,1771,14,6,38.00,63565.26,0.06,0.08,R,F,1994-03-03,1994-04-02,1994-03-18,NONE,SHIP,ar ideas boost furiously slyly even req
6630-1,6630,346,3,1,49.00,61070.66,0.00,0.03,N,O,1997-03-08,1997-02-02,1997-03-09,NONE,AIR,"quests! express, d"
6630-2,6630,923,24,2,50.00,91196.00,0.06,0.04,N,O,1997-03-03,1997-01-19,1997-03-12,DELIVER IN PERSON,REG AIR,"posits. even foxes poach at the final, unus"
6630-3,6630,1512,13,3,23.00,32510.73,0.08,0.01,N,O,1997-02-15,1997-01-26,1997-02-24,TAKE BACK RETURN,REG AIR,fter the always special
6630-4,6630,729,30,4,18.00,29334.96,0.03,0.02,N,O,1997-01-23,1997-02-13,1997-02-12,TAKE BACK RETURN,RAIL,quickly even theodolites are. slyly f
6630-5,6630,1579,60,5,29.00,42936.53,0.03,0.01,N,O,1996-12-16,1997-02-17,1997-01-11,DELIVER IN PERSON,TRUCK,l packages breach car
6630-6,6630,29,55,6,42.00,39018.84,0.07,0.05,N,O,1997-02-06,1997-02-14,1997-02-13,TAKE BACK RETURN,SHIP,"e regular, unus"
6630-7,6630,1397,36,7,26.00,33758.14,0.08,0.07,N,O,1997-03-18,1997-01-04,1997-03-24,DELIVER IN PERSON,SHIP,express excuses among the caref
6631-1,6631,772,73,1,47.00,78620.19,0.01,0.02,N,O,1995-11-19,1995-10-23,1995-12-02,TAKE BACK RETURN,RAIL,ously final packag
6631-2,6631,533,24,2,5.00,7167.65,0.09,0.08,N,O,1995-12-14,1995-11-12,1995-12-27,NONE,AIR,he deposits are about the
6631-3,6631,644,45,3,18.00,27803.52,0.06,0.07,N,O,1995-11-10,1995-11-06,1995-11-29,NONE,AIR,hely. quickly unusual theodolites boost 
6631-4,6631,87,38,4,28.00,27638.24,0.03,0.08,N,O,1995-09-18,1995-11-10,1995-10-01,COLLECT COD,AIR,re furiously even pinto beans. packa
6631-5,6631,1607,49,5,49.00,73921.40,0.07,0.04,N,O,1995-11-03,1995-11-30,1995-11-16,NONE,TRUCK,e according to the even pearls. spec
6656-1,6656,1999,100,1,29.00,55128.71,0.02,0.00,R,F,1994-08-17,1994-07-10,1994-08-23,TAKE BACK RETURN,MAIL,slyly ironic attainments above the furiou
6656-2,6656,1095,66,2,2.00,1992.18,0.09,0.06,R,F,1994-08-07,1994-08-09,1994-08-31,DELIVER IN PERSON,SHIP,nal packages se
6656-3,6656,901,36,3,3.00,5405.70,0.08,0.06,R,F,1994-05-20,1994-07-19,1994-06-07,TAKE BACK RETURN,REG AIR,xpress platelets use furiously. ironic 
6656-4,6656,1834,78,4,26.00,45131.58,0.10,0.04,A,F,1994-06-18,1994-08-06,1994-07-10,TAKE BACK RETURN,TRUCK,althily final accou
6656-5,6656,89,90,5,38.00,37585.04,0.01,0.00,A,F,1994-06-28,1994-06-22,1994-07-08,TAKE BACK RETURN,RAIL,y even platelets. blithely pending package
6656-6,6656,1571,12,6,32.00,47122.24,0.05,0.08,A,F,1994-05-23,1994-07-24,1994-06-16,TAKE BACK RETURN,AIR,foxes during the fluffily final deco
6656-7,6656,1514,55,7,29.00,41049.79,0.02,0.00,A,F,1994-07-13,1994-08-01,1994-08-09,COLLECT COD,TRUCK,integrate: idly pending requests must hav
6657-1,6657,1115,52,1,8.00,8128.88,0.00,0.02,R,F,1992-03-14,1992-02-22,1992-04-10,DELIVER IN PERSON,SHIP,es cajole carefully around the slyly
6657-2,6657,201,83,2,29.00,31934.80,0.04,0.08,R,F,1992-03-07,1992-02-16,1992-03-13,COLLECT COD,TRUCK, after the furiously silent packages. sl
6658-1,6658,1369,46,1,34.00,43192.24,0.02,0.01,N,O,1996-10-13,1996-08-05,1996-11-03,COLLECT COD,SHIP,es snooze fluffily furiously final o
6659-1,6659,1830,17,1,26.00,45027.58,0.04,0.03,N,O,1998-01-18,1998-03-12,1998-01-23,DELIVER IN PERSON,SHIP,usly regular
6659-2,6659,587,48,2,20.00,29751.60,0.07,0.07,N,O,1998-03-17,1998-03-27,1998-04-03,TAKE BACK RETURN,TRUCK,des above the ironic foxes haggle alongsi
6659-3,6659,161,14,3,4.00,4244.64,0.01,0.00,N,O,1998-04-30,1998-04-12,1998-05-27,COLLECT COD,REG AIR,gular foxes 
6660-1,6660,1644,68,1,25.00,38641.00,0.03,0.00,N,O,1998-07-16,1998-07-11,1998-07-26,DELIVER IN PERSON,SHIP,iously regular accounts haggle ruthle
6660-2,6660,284,12,2,43.00,50924.04,0.07,0.02,N,O,1998-05-26,1998-07-27,1998-06-20,DELIVER IN PERSON,MAIL, across the quickly final ideas ha
6660-3,6660,303,4,3,1.00,1203.30,0.09,0.06,N,O,1998-07-07,1998-07-29,1998-07-19,TAKE BACK RETURN,MAIL,leep carefully. regul
6660-4,6660,1024,25,4,8.00,7400.16,0.10,0.04,N,O,1998-08-29,1998-07-03,1998-09-03,NONE,MAIL,lly stealthy pinto beans nag
6660-5,6660,76,27,5,33.00,32210.31,0.01,0.01,N,O,1998-06-28,1998-08-02,1998-07-17,DELIVER IN PERSON,FOB,eep slyly a
6661-1,6661,1273,74,1,42.00,49319.34,0.06,0.01,R,F,1993-07-06,1993-06-17,1993-07-31,TAKE BACK RETURN,RAIL,lar requests. blithely silent pack
6661-2,6661,1025,61,2,15.00,13890.30,0.02,0.01,A,F,1993-07-06,1993-05-20,1993-07-30,DELIVER IN PERSON,AIR,sts cajole. carefully final dependencies
6662-1,6662,582,83,1,27.00,40029.66,0.08,0.04,N,O,1996-02-05,1996-02-13,1996-03-06,NONE,SHIP,ely regular requests. 
6662-2,6662,914,49,2,19.00,34483.29,0.10,0.07,N,O,1996-02-21,1995-12-25,1996-03-15,COLLECT COD,RAIL,ggle about the slyl
6662-3,6662,758,91,3,8.00,13270.00,0.04,0.08,N,O,1995-12-14,1996-02-04,1995-12-28,NONE,REG AIR,ess requests. 
6662-4,6662,452,40,4,39.00,52745.55,0.03,0.01,N,O,1996-02-26,1996-01-21,1996-03-01,NONE,RAIL,leep enticingly fluffily regular reques
6663-1,6663,885,19,1,35.00,62505.80,0.07,0.00,A,F,1995-05-25,1995-04-17,1995-06-13,NONE,RAIL,ackages cajol
6663-2,6663,1839,26,2,11.00,19149.13,0.07,0.04,N,F,1995-05-23,1995-04-12,1995-06-19,COLLECT COD,AIR,nd the slyly r
6663-3,6663,833,67,3,17.00,29475.11,0.01,0.04,A,F,1995-02-07,1995-03-13,1995-03-02,DELIVER IN PERSON,SHIP, deposits. car
6663-4,6663,1277,15,4,20.00,23565.40,0.09,0.07,R,F,1995-02-22,1995-04-28,1995-03-06,TAKE BACK RETURN,SHIP,en pinto be
6688-1,6688,1378,93,1,20.00,25587.40,0.00,0.06,N,O,1997-05-08,1997-04-15,1997-05-15,DELIVER IN PERSON,REG AIR,nstructions. furiously dogged tithes im
6688-2,6688,48,24,2,38.00,36025.52,0.10,0.06,N,O,1997-06-19,1997-04-24,1997-07-03,TAKE BACK RETURN,AIR,onic platelets. carefully r
6688-3,6688,1611,12,3,16.00,24201.76,0.00,0.06,N,O,1997-03-09,1997-03-26,1997-03-19,COLLECT COD,TRUCK,detect slyly regular reques
6688-4,6688,1041,42,4,42.00,39565.68,0.09,0.01,N,O,1997-05-25,1997-05-01,1997-06-17,TAKE BACK RETURN,TRUCK,ronic ideas wak
6689-1,6689,219,74,1,4.00,4476.84,0.05,0.07,N,O,1997-08-08,1997-08-03,1997-09-01,COLLECT COD,FOB,ly bold depos
6689-2,6689,1666,49,2,26.00,40759.16,0.04,0.00,N,O,1997-09-22,1997-08-18,1997-10-12,TAKE BACK RETURN,SHIP,"ng deposits. even, pending depo"
6689-3,6689,510,41,3,13.00,18336.63,0.00,0.04,N,O,1997-08-16,1997-07-03,1997-09-07,NONE,AIR,as. carefull
6690-1,6690,785,82,1,34.00,57316.52,0.00,0.00,N,O,1996-09-15,1996-09-18,1996-10-09,NONE,SHIP,kly final deposits cajole furiousl
6690-2,6690,778,75,2,3.00,5036.31,0.08,0.07,N,O,1996-06-30,1996-09-05,1996-07-03,COLLECT COD,REG AIR," cajole slyly regular, expr"
6690-3,6690,133,86,3,23.00,23761.99,0.01,0.04,N,O,1996-06-29,1996-09-01,1996-07-12,COLLECT COD,RAIL,"quickly above the express, s"
6690-4,6690,1100,1,4,9.00,9009.90,0.05,0.05,N,O,1996-09-24,1996-08-06,1996-09-30,NONE,FOB,"s among the regular, express theodo"
6690-5,6690,1374,13,5,30.00,38261.10,0.06,0.00,N,O,1996-08-10,1996-08-25,1996-08-19,COLLECT COD,AIR,al packages. pe
6690-6,6690,529,90,6,43.00,61469.36,0.03,0.06,N,O,1996-10-06,1996-07-30,1996-11-01,COLLECT COD,AIR,ronic deposits. requests use slyly a
6691-1,6691,254,82,1,18.00,20776.50,0.07,0.02,R,F,1994-09-08,1994-07-30,1994-10-07,TAKE BACK RETURN,MAIL,ges. carefully final fo
6691-2,6691,1060,66,2,33.00,31714.98,0.10,0.00,A,F,1994-08-12,1994-08-21,1994-09-04,TAKE BACK RETURN,REG AIR,lites x-ray fluffily along the quiet
6691-3,6691,222,4,3,3.00,3366.66,0.03,0.00,A,F,1994-06-26,1994-08-12,1994-07-03,DELIVER IN PERSON,TRUCK,ular instructions. requests affix
6691-4,6691,1453,54,4,27.00,36570.15,0.06,0.02,R,F,1994-06-17,1994-08-12,1994-07-13,DELIVER IN PERSON,TRUCK,"as. packages are under the pending, ir"
6691-5,6691,409,39,5,19.00,24878.60,0.04,0.03,R,F,1994-07-12,1994-08-30,1994-07-28,COLLECT COD,TRUCK,efully regular
6691-6,6691,931,66,6,42.00,76941.06,0.04,0.05,R,F,1994-09-21,1994-08-06,1994-10-12,TAKE BACK RETURN,MAIL,arefully stealthy acc
6691-7,6691,574,5,7,41.00,60457.37,0.00,0.05,A,F,1994-07-13,1994-07-24,1994-08-12,NONE,SHIP,regular pinto bean
6692-1,6692,269,97,1,40.00,46770.40,0.04,0.08,N,O,1996-09-26,1996-12-02,1996-10-07,DELIVER IN PERSON,RAIL,y ironic accounts
6692-2,6692,422,52,2,39.00,51574.38,0.07,0.00,N,O,1996-12-31,1996-11-20,1997-01-08,NONE,AIR,ons sleep. deposit
6692-3,6692,1402,20,3,36.00,46922.40,0.06,0.05,N,O,1996-11-08,1996-11-28,1996-11-20,TAKE BACK RETURN,SHIP,gainst the carefully bold deposits. busily 
6692-4,6692,48,49,4,25.00,23701.00,0.00,0.04,N,O,1996-10-08,1996-11-12,1996-10-16,TAKE BACK RETURN,REG AIR,ic foxes. qui
6692-5,6692,1224,99,5,29.00,32631.38,0.08,0.01,N,O,1996-10-10,1996-11-12,1996-10-24,DELIVER IN PERSON,MAIL,iously unusu
6692-6,6692,764,61,6,27.00,44948.52,0.05,0.07,N,O,1996-10-29,1996-11-25,1996-11-10,NONE,RAIL,. furiously even packages haggle again
6692-7,6692,1397,12,7,31.00,40250.09,0.10,0.06,N,O,1996-10-06,1996-10-31,1996-10-17,COLLECT COD,FOB,y regular packages x-ray b
6693-1,6693,674,37,1,43.00,67710.81,0.09,0.04,R,F,1992-06-10,1992-07-20,1992-06-24,COLLECT COD,SHIP,ly special ideas. ca
6693-2,6693,137,90,2,17.00,17631.21,0.02,0.05,A,F,1992-07-27,1992-08-04,1992-08-16,NONE,RAIL,ggle slowl
6693-3,6693,1822,52,3,45.00,77571.90,0.04,0.04,R,F,1992-08-27,1992-07-16,1992-09-10,COLLECT COD,SHIP,ly slowly even a
6693-4,6693,929,98,4,13.00,23788.96,0.03,0.08,R,F,1992-08-03,1992-08-05,1992-08-24,NONE,SHIP,. carefully 
6693-5,6693,1672,55,5,42.00,66094.14,0.01,0.01,A,F,1992-06-02,1992-08-01,1992-06-10,NONE,RAIL, accounts am
6693-6,6693,181,82,6,7.00,7568.26,0.08,0.04,R,F,1992-07-05,1992-07-16,1992-07-26,COLLECT COD,MAIL,"unusual, pending patt"
6694-1,6694,1248,49,1,28.00,32178.72,0.08,0.05,A,F,1992-12-07,1992-11-14,1992-12-20,DELIVER IN PERSON,RAIL,"usly above the regular, final asympto"
6694-2,6694,181,60,2,7.00,7568.26,0.06,0.03,A,F,1992-11-15,1992-11-20,1992-11-19,COLLECT COD,RAIL,deas hang closely silent theodoli
6694-3,6694,326,55,3,50.00,61316.00,0.10,0.01,R,F,1992-11-14,1992-11-21,1992-11-16,COLLECT COD,SHIP,nstructions nag furiously. slyly regular du
6695-1,6695,409,68,1,50.00,65470.00,0.10,0.07,R,F,1992-08-16,1992-08-16,1992-08-17,NONE,AIR,uses. fluffily pending packages 
6695-2,6695,1754,39,2,10.00,16557.50,0.02,0.01,A,F,1992-09-05,1992-09-15,1992-09-12,DELIVER IN PERSON,FOB,regular excuses wak
6695-3,6695,1307,22,3,1.00,1208.30,0.06,0.03,A,F,1992-07-19,1992-09-20,1992-08-18,COLLECT COD,SHIP,atelets across the carefully ironi
6695-4,6695,1154,63,4,37.00,39040.55,0.10,0.00,R,F,1992-07-13,1992-08-31,1992-07-22,NONE,RAIL,y. furiously regular ideas sleep. fluff
6695-5,6695,1194,67,5,50.00,54759.50,0.02,0.00,R,F,1992-07-13,1992-09-17,1992-08-11,NONE,REG AIR,uriously regular accounts. accou
6695-6,6695,807,41,6,48.00,81974.40,0.08,0.04,A,F,1992-08-08,1992-08-19,1992-09-03,COLLECT COD,AIR,ounts are fluffily across t
6695-7,6695,378,79,7,43.00,54969.91,0.00,0.05,R,F,1992-08-24,1992-07-29,1992-08-26,DELIVER IN PERSON,SHIP, grow never a
6720-1,6720,593,54,1,25.00,37339.75,0.09,0.07,A,F,1993-09-20,1993-10-26,1993-10-18,TAKE BACK RETURN,SHIP,ily final dependenci
6720-2,6720,698,61,2,10.00,15986.90,0.03,0.02,A,F,1993-09-12,1993-11-04,1993-10-10,TAKE BACK RETURN,TRUCK,sly final foxes. ruthlessly even
6720-3,6720,1045,81,3,14.00,13244.56,0.03,0.03,R,F,1993-10-08,1993-11-07,1993-10-11,NONE,RAIL,s cajole blithely final packages
6720-4,6720,1879,80,4,46.00,81920.02,0.05,0.02,R,F,1993-10-11,1993-11-21,1993-10-20,NONE,AIR,fully final platelets. ironic som
6720-5,6720,404,34,5,14.00,18261.60,0.07,0.07,A,F,1993-11-15,1993-11-28,1993-11-26,DELIVER IN PERSON,SHIP,foxes against the slyl
6720-6,6720,1463,3,6,37.00,50485.02,0.01,0.02,A,F,1993-12-08,1993-11-13,1993-12-14,DELIVER IN PERSON,TRUCK,taphs nag fu
6720-7,6720,777,42,7,9.00,15099.93,0.03,0.03,R,F,1993-10-16,1993-11-24,1993-10-26,NONE,REG AIR,s pinto beans haggle bli
6721-1,6721,109,10,1,20.00,20182.00,0.07,0.03,N,O,1996-12-20,1997-02-26,1997-01-08,DELIVER IN PERSON,MAIL,ounts. slyly pending accounts main
6721-2,6721,221,76,2,31.00,34757.82,0.07,0.08,N,O,1997-03-15,1997-01-14,1997-04-12,COLLECT COD,AIR,y. busily ironic courts w
6721-3,6721,1354,55,3,35.00,43937.25,0.02,0.00,N,O,1996-12-09,1997-02-03,1996-12-23,TAKE BACK RETURN,AIR,lent gifts doubt about 
6721-4,6721,200,53,4,38.00,41807.60,0.02,0.08,N,O,1997-03-27,1997-02-12,1997-04-26,NONE,SHIP,nding instructions haggle silent
6722-1,6722,1544,25,1,39.00,56376.06,0.07,0.08,N,O,1996-09-01,1996-08-11,1996-09-22,NONE,MAIL,"en, ironic deposit"
6722-2,6722,1243,81,2,27.00,30894.48,0.07,0.02,N,O,1996-09-10,1996-09-09,1996-09-27,NONE,RAIL,. ironic deposits wake furious
6722-3,6722,380,65,3,49.00,62738.62,0.08,0.05,N,O,1996-09-23,1996-08-03,1996-10-19,NONE,AIR, nag carefully. ironic foxes run beyond th
6722-4,6722,297,52,4,22.00,26340.38,0.08,0.08,N,O,1996-07-18,1996-08-23,1996-08-03,DELIVER IN PERSON,TRUCK,lyly final excuses at the fina
6722-5,6722,921,90,5,4.00,7287.68,0.03,0.06,N,O,1996-07-26,1996-09-20,1996-08-10,COLLECT COD,TRUCK,ilent somas. requests across the final
6722-6,6722,732,29,6,42.00,68574.66,0.07,0.03,N,O,1996-07-19,1996-08-17,1996-07-26,TAKE BACK RETURN,MAIL,around the pinto beans integrate carefull
6722-7,6722,1625,67,7,43.00,65644.66,0.08,0.01,N,O,1996-08-07,1996-09-17,1996-08-17,DELIVER IN PERSON,SHIP,s wake regular instructions; car
6723-1,6723,995,64,1,47.00,89111.53,0.04,0.00,N,O,1998-07-19,1998-07-27,1998-07-25,COLLECT COD,FOB,fully about the quickly regular dolphins. 
6723-2,6723,1103,76,2,39.00,39159.90,0.03,0.06,N,O,1998-08-22,1998-07-11,1998-09-07,TAKE BACK RETURN,SHIP,sly. fluffily pending
6723-3,6723,1435,36,3,46.00,61475.78,0.08,0.03,N,O,1998-09-16,1998-07-23,1998-10-14,DELIVER IN PERSON,RAIL,ideas. pend
6723-4,6723,599,30,4,1.00,1499.59,0.09,0.01,N,O,1998-09-25,1998-07-26,1998-10-02,NONE,RAIL,"unts. regular deposits are. express,"
6723-5,6723,1629,12,5,49.00,75000.38,0.06,0.07,N,O,1998-09-30,1998-07-06,1998-10-10,COLLECT COD,SHIP,lithely regular dependencies. carefully spe
6724-1,6724,1028,34,1,46.00,42734.92,0.08,0.04,N,O,1995-10-31,1995-12-24,1995-11-30,NONE,MAIL, special braids use blithely even acc
6724-2,6724,174,75,2,46.00,49411.82,0.07,0.03,N,O,1995-11-08,1996-01-05,1995-11-18,DELIVER IN PERSON,TRUCK,e after the final patterns. caref
6724-3,6724,570,31,3,17.00,24999.69,0.07,0.03,N,O,1995-11-10,1995-12-23,1995-11-11,DELIVER IN PERSON,AIR, slyly up the bol
6725-1,6725,727,28,1,42.00,68364.24,0.03,0.01,N,O,1996-01-02,1995-11-16,1996-01-14,TAKE BACK RETURN,MAIL,ly ironic requests doubt quic
6725-2,6725,807,7,2,20.00,34156.00,0.10,0.03,N,O,1996-01-31,1996-01-07,1996-02-04,NONE,SHIP,tions haggle fu
6725-3,6725,606,69,3,9.00,13559.40,0.05,0.07,N,O,1996-01-17,1996-01-04,1996-01-25,DELIVER IN PERSON,REG AIR,"st final, thin requests. express "
6725-4,6725,1506,27,4,4.00,5630.00,0.02,0.07,N,O,1996-01-22,1995-12-16,1996-02-03,TAKE BACK RETURN,RAIL,e furiously furiously
6726-1,6726,1588,69,1,23.00,34260.34,0.08,0.01,A,F,1993-12-08,1994-01-23,1993-12-31,TAKE BACK RETURN,MAIL,lly express deposits; requests integrate ab
6726-2,6726,1818,19,2,21.00,36116.01,0.05,0.05,R,F,1993-12-31,1993-12-31,1994-01-22,TAKE BACK RETURN,RAIL,refully ev
6726-3,6726,424,83,3,39.00,51652.38,0.03,0.05,R,F,1993-12-17,1994-02-01,1994-01-14,DELIVER IN PERSON,REG AIR,nts-- express re
6726-4,6726,665,28,4,25.00,39141.50,0.07,0.04,R,F,1994-03-11,1994-01-11,1994-03-27,NONE,MAIL,oxes boost carefully packages. care
6726-5,6726,243,44,5,20.00,22864.80,0.05,0.02,A,F,1994-02-26,1994-01-29,1994-03-16,COLLECT COD,SHIP,lites doze fluffily a
6726-6,6726,531,92,6,49.00,70144.97,0.03,0.01,R,F,1994-02-01,1994-02-06,1994-02-19,TAKE BACK RETURN,FOB,wake quickly about the furiously regular
6727-1,6727,108,9,1,28.00,28226.80,0.09,0.03,R,F,1994-11-03,1994-11-15,1994-12-01,DELIVER IN PERSON,AIR,kages across the carefully even
6727-2,6727,652,53,2,39.00,60553.35,0.00,0.02,R,F,1994-11-02,1994-11-15,1994-11-23,COLLECT COD,TRUCK,ove the carefu
6727-3,6727,512,3,3,16.00,22600.16,0.01,0.08,R,F,1994-10-15,1994-11-25,1994-10-23,TAKE BACK RETURN,REG AIR,efully at t
6727-4,6727,1664,6,4,18.00,28181.88,0.01,0.00,R,F,1994-10-07,1994-11-16,1994-10-12,COLLECT COD,REG AIR,across the warhorses. furiously even depo
6727-5,6727,211,12,5,19.00,21112.99,0.07,0.05,A,F,1994-12-07,1994-10-14,1994-12-18,NONE,AIR,ons haggle e
6727-6,6727,177,4,6,19.00,20466.23,0.05,0.02,A,F,1994-11-16,1994-11-07,1994-12-01,DELIVER IN PERSON,MAIL,nal deposits about the ironic excu
6727-7,6727,867,67,7,46.00,81321.56,0.04,0.00,R,F,1994-09-05,1994-11-02,1994-09-30,TAKE BACK RETURN,AIR,g furiously 
6752-1,6752,1975,8,1,28.00,52555.16,0.00,0.00,N,O,1996-12-25,1996-12-01,1996-12-27,COLLECT COD,AIR,r slyly bold deposits. blit
6753-1,6753,1504,5,1,37.00,52003.50,0.00,0.05,A,F,1993-12-22,1993-12-23,1993-12-27,TAKE BACK RETURN,REG AIR,ular requests sleep quickly
6753-2,6753,1131,68,2,17.00,17546.21,0.00,0.03,R,F,1993-12-19,1993-11-05,1993-12-23,DELIVER IN PERSON,FOB,furiously regular packa
6753-3,6753,381,38,3,19.00,24346.22,0.00,0.00,A,F,1993-10-22,1993-11-09,1993-10-23,COLLECT COD,SHIP,kages. even deposits use quick
6753-4,6753,1210,48,4,29.00,32225.09,0.08,0.02,A,F,1994-01-05,1993-11-07,1994-01-06,DELIVER IN PERSON,MAIL,onic accounts na
6753-5,6753,1080,81,5,8.00,7848.64,0.03,0.01,R,F,1993-12-22,1993-12-03,1993-12-23,TAKE BACK RETURN,REG AIR, even requests. ironicall
6754-1,6754,1240,41,1,47.00,53638.28,0.02,0.02,N,O,1995-12-05,1995-10-08,1996-01-02,TAKE BACK RETURN,TRUCK,ithely ironic courts. carefully iro
6754-2,6754,225,53,2,47.00,52885.34,0.00,0.08,N,O,1995-09-27,1995-10-09,1995-10-13,TAKE BACK RETURN,TRUCK,fully final
6755-1,6755,1546,27,1,19.00,27503.26,0.03,0.03,N,O,1995-06-25,1995-07-27,1995-06-26,COLLECT COD,AIR,lar sentiments. final ideas haggle blithel
6756-1,6756,518,9,1,44.00,62414.44,0.08,0.07,A,F,1993-12-01,1993-11-23,1993-12-19,NONE,SHIP,al pearls use unusual r
6756-2,6756,1422,40,2,41.00,54260.22,0.03,0.05,A,F,1993-11-26,1993-09-30,1993-12-01,DELIVER IN PERSON,MAIL,fix carefully quickly bold deposits.
6756-3,6756,1661,44,3,37.00,57818.42,0.08,0.07,A,F,1993-10-24,1993-11-20,1993-11-20,TAKE BACK RETURN,REG AIR,symptotes poach. pending theodo
6756-4,6756,1435,36,4,10.00,13364.30,0.03,0.04,R,F,1993-10-19,1993-10-27,1993-11-03,DELIVER IN PERSON,RAIL,tterns haggle carefully ca
6756-5,6756,529,20,5,39.00,55751.28,0.10,0.05,R,F,1993-09-08,1993-11-21,1993-09-15,TAKE BACK RETURN,RAIL,quickly pending deposits boost a
6757-1,6757,699,100,1,13.00,20795.97,0.07,0.00,A,F,1992-02-27,1992-04-05,1992-03-21,NONE,REG AIR,along the fluffily final requests
6757-2,6757,1441,59,2,49.00,65779.56,0.00,0.04,A,F,1992-04-10,1992-03-22,1992-04-15,DELIVER IN PERSON,AIR,slyly unusual foxes. enti
6757-3,6757,150,51,3,47.00,49357.05,0.01,0.03,A,F,1992-03-31,1992-04-19,1992-04-30,DELIVER IN PERSON,AIR,ar deposits 
6757-4,6757,1083,19,4,34.00,33458.72,0.05,0.07,R,F,1992-05-04,1992-04-15,1992-05-30,NONE,SHIP,s. warthogs believe qu
6757-5,6757,1763,90,5,37.00,61596.12,0.01,0.04,A,F,1992-03-29,1992-03-06,1992-04-25,DELIVER IN PERSON,FOB,es about the furiously regu
6757-6,6757,438,39,6,15.00,20076.45,0.10,0.05,R,F,1992-03-23,1992-05-02,1992-03-26,TAKE BACK RETURN,REG AIR,lyly special instruct
6757-7,6757,1279,17,7,18.00,21244.86,0.00,0.00,A,F,1992-02-13,1992-04-04,1992-03-12,NONE,RAIL,posits grow blithely e
6758-1,6758,1000,35,1,8.00,7208.00,0.00,0.03,A,F,1994-08-31,1994-07-27,1994-09-27,DELIVER IN PERSON,RAIL,ously expre
6759-1,6759,726,27,1,45.00,73202.40,0.03,0.07,N,O,1996-07-01,1996-09-22,1996-07-15,DELIVER IN PERSON,AIR, the ironically final accounts. blithely 
6759-2,6759,88,39,2,43.00,42487.44,0.05,0.06,N,O,1996-10-25,1996-08-25,1996-11-16,DELIVER IN PERSON,AIR,ilent theodolites. blithely final instruct
6759-3,6759,1310,25,3,3.00,3633.93,0.07,0.04,N,O,1996-10-28,1996-08-08,1996-11-16,COLLECT COD,TRUCK,deposits wake blithely after the silent
6784-1,6784,132,33,1,7.00,7224.91,0.01,0.07,N,O,1997-07-12,1997-08-11,1997-08-11,DELIVER IN PERSON,SHIP,riously ironic foxes. final accounts dazz
6785-1,6785,1369,84,1,9.00,11433.24,0.05,0.07,A,F,1992-05-18,1992-07-19,1992-05-22,DELIVER IN PERSON,AIR,sly besides th
6785-2,6785,1497,37,2,25.00,34962.25,0.00,0.02,A,F,1992-08-27,1992-08-01,1992-09-05,DELIVER IN PERSON,MAIL,ly quiet deposit
6785-3,6785,1025,96,3,44.00,40744.88,0.05,0.01,R,F,1992-05-27,1992-08-01,1992-06-21,COLLECT COD,RAIL,"fily final, dogged frets! bli"
6786-1,6786,1256,31,1,39.00,45132.75,0.10,0.01,N,O,1997-10-18,1997-10-26,1997-11-17,TAKE BACK RETURN,SHIP,ly express requests cajo
6786-2,6786,1011,47,2,28.00,25536.28,0.05,0.07,N,O,1997-09-30,1997-10-12,1997-10-23,DELIVER IN PERSON,REG AIR,he daringly even tithes. ironic accou
6786-3,6786,767,68,3,21.00,35022.96,0.10,0.08,N,O,1997-10-26,1997-11-06,1997-10-31,COLLECT COD,REG AIR,accounts hang carefully about t
6786-4,6786,357,14,4,22.00,27661.70,0.10,0.07,N,O,1997-10-26,1997-10-21,1997-10-30,COLLECT COD,FOB,gular foxes hagg
6786-5,6786,677,78,5,20.00,31553.40,0.06,0.01,N,O,1997-11-23,1997-11-01,1997-12-16,NONE,RAIL,ackages maintain 
6786-6,6786,1645,28,6,35.00,54132.40,0.03,0.02,N,O,1997-08-20,1997-10-02,1997-09-19,TAKE BACK RETURN,FOB,", ironic platelets! furiously ev"
6786-7,6786,1569,70,7,21.00,30881.76,0.03,0.06,N,O,1997-08-22,1997-10-13,1997-08-23,DELIVER IN PERSON,RAIL,ccounts are. unusual theodolite
6787-1,6787,1752,37,1,40.00,66150.00,0.00,0.06,N,O,1995-08-02,1995-07-21,1995-08-18,DELIVER IN PERSON,SHIP,ect alongside of the carefully slow
6788-1,6788,948,49,1,23.00,42525.62,0.05,0.04,N,O,1995-08-26,1995-10-08,1995-08-28,NONE,SHIP,iously dogged 
6788-2,6788,518,79,2,4.00,5674.04,0.06,0.01,N,O,1995-08-06,1995-09-17,1995-08-29,COLLECT COD,TRUCK,unts: carefully daring ideas wake 
6788-3,6788,1588,89,3,8.00,11916.64,0.01,0.08,N,O,1995-11-18,1995-09-12,1995-11-23,COLLECT COD,MAIL,nts boost against the blithely regular 
6788-4,6788,475,34,4,28.00,38513.16,0.00,0.01,N,O,1995-11-12,1995-09-21,1995-12-04,NONE,MAIL,quickly final multipliers cajole ca
6788-5,6788,1021,57,5,39.00,35958.78,0.04,0.03,N,O,1995-11-19,1995-10-16,1995-12-01,TAKE BACK RETURN,FOB,express packages should cajol
6789-1,6789,341,98,1,2.00,2482.68,0.08,0.06,N,O,1998-06-11,1998-06-27,1998-07-01,COLLECT COD,AIR,thely ironic accounts.
6789-2,6789,1975,76,2,19.00,35662.43,0.03,0.03,N,O,1998-07-11,1998-05-28,1998-08-09,TAKE BACK RETURN,REG AIR,ts. carefully e
6789-3,6789,1503,4,3,5.00,7022.50,0.10,0.07,N,O,1998-05-02,1998-06-08,1998-05-03,COLLECT COD,RAIL,terns again
6789-4,6789,1345,22,4,26.00,32404.84,0.05,0.05,N,O,1998-05-20,1998-07-03,1998-05-27,NONE,RAIL,ng packages. carefully spec
6789-5,6789,1446,64,5,50.00,67372.00,0.10,0.04,N,O,1998-07-20,1998-06-23,1998-08-18,DELIVER IN PERSON,REG AIR,"ely. final, final frets integr"
6789-6,6789,1133,6,6,8.00,8273.04,0.01,0.05,N,O,1998-06-05,1998-07-04,1998-06-23,TAKE BACK RETURN,TRUCK, foxes use. carefully final
6789-7,6789,1211,12,7,11.00,12234.31,0.06,0.04,N,O,1998-08-08,1998-06-20,1998-09-05,COLLECT COD,REG AIR,uriously express theodolites. 
6790-1,6790,1182,83,1,28.00,30329.04,0.01,0.00,R,F,1995-06-01,1995-07-06,1995-06-12,NONE,FOB,ess furiously around the
6791-1,6791,431,90,1,3.00,3994.29,0.07,0.06,A,F,1995-04-03,1995-04-22,1995-04-18,COLLECT COD,TRUCK,ular instructions. blithely ir
6791-2,6791,1059,95,2,19.00,18240.95,0.08,0.00,A,F,1995-03-02,1995-03-30,1995-03-26,NONE,FOB,e the fluffily ruthless ideas. 
6791-3,6791,1452,53,3,37.00,50077.65,0.02,0.02,A,F,1995-03-18,1995-03-04,1995-03-22,TAKE BACK RETURN,TRUCK,ly even pla
6791-4,6791,1700,24,4,31.00,49652.70,0.04,0.08,R,F,1995-02-16,1995-04-01,1995-03-08,DELIVER IN PERSON,REG AIR,ctions x-ray
6816-1,6816,218,19,1,20.00,22364.20,0.01,0.02,N,O,1998-05-21,1998-03-19,1998-06-13,DELIVER IN PERSON,AIR,es. quickly final req
6816-2,6816,442,72,2,16.00,21479.04,0.08,0.01,N,O,1998-03-20,1998-04-30,1998-03-27,NONE,REG AIR, regular requests are above t
6817-1,6817,1735,62,1,50.00,81836.50,0.08,0.01,N,O,1997-03-05,1997-01-25,1997-03-22,TAKE BACK RETURN,MAIL,kly unusual accounts 
6817-2,6817,1917,18,2,42.00,76394.22,0.09,0.04,N,O,1997-01-06,1997-02-27,1997-02-05,TAKE BACK RETURN,REG AIR, ideas. quickly final requ
6817-3,6817,1620,3,3,48.00,73037.76,0.06,0.05,N,O,1996-12-24,1997-01-31,1997-01-14,DELIVER IN PERSON,FOB, the carefully brav
6817-4,6817,1127,36,4,36.00,37012.32,0.03,0.05,N,O,1996-12-18,1997-02-07,1997-01-04,DELIVER IN PERSON,RAIL,the special accounts. regularly e
6817-5,6817,222,23,5,33.00,37033.26,0.06,0.00,N,O,1997-03-25,1997-01-16,1997-04-23,COLLECT COD,RAIL,lithely ironic package
6818-1,6818,1439,57,1,39.00,52276.77,0.06,0.01,N,O,1996-04-25,1996-04-09,1996-05-02,NONE,RAIL,. fluffily sile
6818-2,6818,89,90,2,32.00,31650.56,0.08,0.04,N,O,1996-03-03,1996-04-12,1996-03-25,DELIVER IN PERSON,FOB,ng to the pinto beans. expr
6818-3,6818,1615,57,3,33.00,50048.13,0.07,0.06,N,O,1996-04-14,1996-04-15,1996-04-27,DELIVER IN PERSON,SHIP,luffily final packages 
6818-4,6818,763,28,4,4.00,6655.04,0.00,0.05,N,O,1996-05-15,1996-05-13,1996-05-26,DELIVER IN PERSON,MAIL,quests cajole above the r
6818-5,6818,1884,71,5,10.00,17858.80,0.05,0.03,N,O,1996-05-29,1996-04-13,1996-06-12,TAKE BACK RETURN,TRUCK,s sublate across 
6818-6,6818,419,49,6,7.00,9235.87,0.00,0.05,N,O,1996-03-10,1996-05-07,1996-04-03,TAKE BACK RETURN,REG AIR,"final, bold dugouts na"
6819-1,6819,433,63,1,18.00,24001.74,0.03,0.07,N,O,1998-05-19,1998-04-08,1998-06-10,DELIVER IN PERSON,REG AIR,fully regular pinto beans wake
6819-2,6819,1204,5,2,4.00,4420.80,0.03,0.04,N,O,1998-03-17,1998-05-26,1998-03-18,NONE,TRUCK,", even foxes cajole according to"
6819-3,6819,701,66,3,49.00,78483.30,0.05,0.05,N,O,1998-03-24,1998-05-06,1998-03-30,DELIVER IN PERSON,REG AIR,ully even req
6819-4,6819,179,6,4,20.00,21583.40,0.07,0.08,N,O,1998-04-30,1998-05-24,1998-05-12,COLLECT COD,AIR,ts wake carefully blithely even package
6819-5,6819,1387,2,5,46.00,59265.48,0.06,0.00,N,O,1998-06-29,1998-05-08,1998-07-23,NONE,SHIP,ven requests after the
6819-6,6819,664,65,6,29.00,45375.14,0.07,0.07,N,O,1998-03-08,1998-04-15,1998-03-10,NONE,REG AIR,s. carefully even pinto beans boos
6819-7,6819,927,30,7,3.00,5483.76,0.03,0.02,N,O,1998-05-26,1998-05-17,1998-05-28,TAKE BACK RETURN,RAIL,ns. slyly express forges al
6820-1,6820,867,34,1,32.00,56571.52,0.05,0.03,N,O,1995-09-05,1995-08-05,1995-09-07,TAKE BACK RETURN,MAIL,es. asymptotes are fur
6820-2,6820,1574,75,2,43.00,63449.51,0.08,0.00,N,O,1995-10-10,1995-08-07,1995-10-12,COLLECT COD,AIR,e at the furiously unusual packages. s
6821-1,6821,1608,32,1,40.00,60384.00,0.02,0.02,N,O,1997-12-19,1997-11-14,1997-12-31,COLLECT COD,MAIL,usly final packages sle
6821-2,6821,1014,50,2,31.00,28365.31,0.07,0.03,N,O,1998-01-30,1997-11-18,1998-02-08,TAKE BACK RETURN,RAIL,ackages. daringly unusual idea
6822-1,6822,111,12,1,11.00,11122.21,0.02,0.07,N,O,1997-07-29,1997-08-30,1997-08-09,NONE,SHIP,even frets affix near the even ex
6822-2,6822,1417,96,2,48.00,63283.68,0.08,0.05,N,O,1997-07-05,1997-08-08,1997-07-23,TAKE BACK RETURN,MAIL,nusual packages. slyly even theodolites sle
6822-3,6822,1367,44,3,10.00,12683.60,0.10,0.06,N,O,1997-09-05,1997-08-09,1997-10-01,COLLECT COD,REG AIR,"bold foxes according to the final, pen"
6822-4,6822,1215,16,4,23.00,25672.83,0.07,0.04,N,O,1997-07-09,1997-08-18,1997-07-31,TAKE BACK RETURN,SHIP,cross the pending pa
6822-5,6822,1716,43,5,15.00,24265.65,0.06,0.08,N,O,1997-06-30,1997-08-01,1997-07-27,TAKE BACK RETURN,SHIP,express dugouts sleep
6822-6,6822,1858,59,6,22.00,38716.70,0.03,0.05,N,O,1997-07-24,1997-08-21,1997-08-06,TAKE BACK RETURN,MAIL,rding to the care
6822-7,6822,396,97,7,4.00,5185.56,0.04,0.04,N,O,1997-09-20,1997-09-09,1997-10-18,DELIVER IN PERSON,AIR,otes. quickly even accou
6823-1,6823,1338,15,1,8.00,9914.64,0.07,0.03,A,F,1994-08-06,1994-09-27,1994-08-07,COLLECT COD,REG AIR,ests. silent accounts wake
6823-2,6823,1803,90,2,36.00,61372.80,0.06,0.04,R,F,1994-09-25,1994-09-28,1994-10-21,DELIVER IN PERSON,SHIP,press requests. theodolites cajol
6823-3,6823,636,30,3,19.00,29195.97,0.10,0.02,A,F,1994-10-13,1994-09-12,1994-10-15,NONE,TRUCK,"ainst the ironic, regul"
6823-4,6823,48,74,4,20.00,18960.80,0.06,0.04,R,F,1994-09-18,1994-08-27,1994-09-21,DELIVER IN PERSON,REG AIR,express ideas lose carefully. carefully
6823-5,6823,148,75,5,48.00,50310.72,0.03,0.01,A,F,1994-08-17,1994-09-14,1994-09-05,NONE,MAIL,kages sleep. carefully final requests br
6823-6,6823,273,28,6,39.00,45757.53,0.04,0.07,R,F,1994-09-13,1994-09-13,1994-09-16,DELIVER IN PERSON,REG AIR,inal theodolites. caref
6848-1,6848,487,75,1,42.00,58274.16,0.04,0.02,A,F,1993-12-13,1993-11-07,1994-01-12,TAKE BACK RETURN,AIR,fter the quickly 
6848-2,6848,1178,87,2,42.00,45325.14,0.07,0.04,A,F,1993-11-06,1993-12-13,1993-12-02,TAKE BACK RETURN,SHIP,y even packages wake quietly 
6848-3,6848,1078,84,3,36.00,35246.52,0.03,0.03,R,F,1993-11-17,1993-11-11,1993-12-11,TAKE BACK RETURN,AIR,hless theodol
6848-4,6848,358,15,4,38.00,47817.30,0.01,0.01,A,F,1993-09-26,1993-11-28,1993-10-06,TAKE BACK RETURN,FOB,s boost. qu
6849-1,6849,134,87,1,24.00,24819.12,0.06,0.08,N,O,1998-04-11,1998-03-18,1998-05-03,DELIVER IN PERSON,REG AIR,al deposits about the blithely ironic packa
6849-2,6849,1206,18,2,31.00,34323.20,0.07,0.05,N,O,1998-03-08,1998-03-16,1998-03-25,NONE,TRUCK,"special, final ideas. carefully spe"
6849-3,6849,462,50,3,12.00,16349.52,0.00,0.03,N,O,1998-04-16,1998-02-27,1998-04-17,NONE,REG AIR,ss deposits accor
6849-4,6849,1699,100,4,43.00,68829.67,0.05,0.02,N,O,1998-03-02,1998-03-23,1998-03-09,DELIVER IN PERSON,SHIP,ring requests s
6850-1,6850,1150,23,1,3.00,3153.45,0.06,0.03,A,F,1993-04-26,1993-04-06,1993-04-27,COLLECT COD,FOB,ccounts alongside of the carefu
6850-2,6850,438,97,2,41.00,54875.63,0.05,0.05,R,F,1993-05-13,1993-04-25,1993-05-16,NONE,MAIL,thely express packages wake. ironi
6850-3,6850,1766,93,3,21.00,35022.96,0.10,0.00,A,F,1993-02-22,1993-05-05,1993-02-23,DELIVER IN PERSON,AIR,s since the carefully 
6850-4,6850,1703,30,4,37.00,59373.90,0.09,0.08,R,F,1993-03-13,1993-04-23,1993-03-14,DELIVER IN PERSON,RAIL,asymptotes. ironic warh
6851-1,6851,1210,48,1,6.00,6667.26,0.06,0.03,N,O,1997-07-22,1997-09-16,1997-07-28,COLLECT COD,FOB,"even, even instructions. fluffily special"
6851-2,6851,532,93,2,48.00,68761.44,0.04,0.07,N,O,1997-10-24,1997-08-10,1997-11-04,NONE,FOB,e of the flu
6851-3,6851,1133,34,3,11.00,11375.43,0.00,0.01,N,O,1997-09-26,1997-09-13,1997-10-25,TAKE BACK RETURN,FOB,ackages cajole blithely specia
6852-1,6852,539,100,1,21.00,30230.13,0.10,0.08,N,O,1997-08-10,1997-08-25,1997-08-22,TAKE BACK RETURN,SHIP,luffily unusual platelets cajole 
6853-1,6853,1543,84,1,11.00,15889.94,0.10,0.07,N,O,1997-02-20,1997-04-26,1997-03-12,NONE,TRUCK,lyly pending
6853-2,6853,12,13,2,33.00,30096.33,0.03,0.07,N,O,1997-04-07,1997-04-04,1997-04-26,DELIVER IN PERSON,FOB,rets nag furi
6854-1,6854,1273,74,1,14.00,16439.78,0.01,0.03,R,F,1994-02-14,1994-03-05,1994-03-15,TAKE BACK RETURN,TRUCK,efully regular requests de
6854-2,6854,1055,61,2,16.00,15296.80,0.03,0.06,A,F,1994-02-26,1994-02-13,1994-02-27,TAKE BACK RETURN,SHIP,y ironic acc
6854-3,6854,1572,93,3,31.00,45680.67,0.03,0.06,A,F,1994-01-23,1994-03-02,1994-02-09,NONE,SHIP,ar excuses 
6854-4,6854,920,89,4,48.00,87404.16,0.02,0.02,A,F,1994-01-30,1994-02-22,1994-02-22,NONE,REG AIR, theodolite
6854-5,6854,249,50,5,28.00,32178.72,0.01,0.07,A,F,1994-03-24,1994-02-23,1994-04-11,NONE,RAIL,"t foxes alongside of the ironic, specia"
6854-6,6854,1582,23,6,16.00,23737.28,0.03,0.06,R,F,1994-04-19,1994-03-17,1994-05-15,NONE,SHIP,old accounts. slyly pending p
6854-7,6854,1033,34,7,49.00,45767.47,0.07,0.04,R,F,1994-02-09,1994-02-14,1994-02-25,NONE,REG AIR, regular dependencies ha
6855-1,6855,1349,50,1,19.00,23756.46,0.10,0.04,N,O,1995-12-16,1995-10-01,1996-01-05,TAKE BACK RETURN,TRUCK,efully quickly fin
6855-2,6855,1827,57,2,37.00,63966.34,0.08,0.07,N,O,1995-09-02,1995-09-29,1995-09-10,NONE,REG AIR,heodolites im
6880-1,6880,104,83,1,36.00,36147.60,0.10,0.08,R,F,1994-09-04,1994-07-21,1994-09-18,DELIVER IN PERSON,REG AIR,ironically 
6880-2,6880,1486,26,2,37.00,51336.76,0.02,0.04,R,F,1994-06-21,1994-08-15,1994-06-24,COLLECT COD,AIR, pending notornis b
6880-3,6880,1516,97,3,45.00,63787.95,0.00,0.03,A,F,1994-06-06,1994-08-17,1994-06-10,DELIVER IN PERSON,SHIP,nding foxe
6881-1,6881,882,82,1,7.00,12480.16,0.08,0.08,R,F,1994-05-24,1994-05-12,1994-06-16,COLLECT COD,MAIL,ly according to the carefu
6881-2,6881,473,61,2,23.00,31589.81,0.10,0.00,A,F,1994-05-13,1994-05-15,1994-05-27,NONE,REG AIR,egular ideas. 
6882-1,6882,602,3,1,42.00,63109.20,0.01,0.00,N,O,1997-05-28,1997-05-10,1997-05-31,NONE,REG AIR,sly ironic excuses. slyly regular ide
6882-2,6882,1213,25,2,48.00,53482.08,0.04,0.06,N,O,1997-07-16,1997-07-05,1997-07-17,DELIVER IN PERSON,MAIL,s maintain quickly. silent deposits af
6882-3,6882,484,72,3,41.00,56763.68,0.08,0.07,N,O,1997-05-13,1997-05-24,1997-06-10,TAKE BACK RETURN,AIR,l requests. unusual packages boost quic
6882-4,6882,584,15,4,43.00,63836.94,0.02,0.04,N,O,1997-07-05,1997-06-22,1997-07-15,NONE,REG AIR,ular deposits. u
6882-5,6882,425,55,5,47.00,62294.74,0.07,0.04,N,O,1997-06-24,1997-05-31,1997-06-30,NONE,AIR,re slyly? bold accounts grow slyly after th
6882-6,6882,1890,34,6,39.00,69883.71,0.05,0.00,N,O,1997-04-29,1997-05-19,1997-05-05,TAKE BACK RETURN,RAIL,carefully along the unusual
6882-7,6882,433,63,7,43.00,57337.49,0.02,0.03,N,O,1997-08-03,1997-07-06,1997-08-13,COLLECT COD,AIR,the bold pl
6883-1,6883,497,98,1,31.00,43322.19,0.09,0.07,N,O,1997-10-16,1997-08-18,1997-11-11,TAKE BACK RETURN,MAIL,refully bold deposits. 
6883-2,6883,550,41,2,30.00,43516.50,0.10,0.02,N,O,1997-08-17,1997-10-01,1997-09-11,COLLECT COD,REG AIR,unts across the
6883-3,6883,1924,25,3,30.00,54777.60,0.07,0.04,N,O,1997-09-05,1997-08-22,1997-10-01,DELIVER IN PERSON,MAIL,"-- ironic, ironic "
6883-4,6883,1463,81,4,47.00,64129.62,0.06,0.08,N,O,1997-10-17,1997-09-09,1997-11-03,COLLECT COD,TRUCK,luffily blithely pendin
6883-5,6883,361,90,5,49.00,61806.64,0.10,0.03,N,O,1997-10-03,1997-08-22,1997-10-30,NONE,REG AIR,"he evenly unusual accounts. final, express"
6884-1,6884,1489,68,1,22.00,30590.56,0.05,0.04,R,F,1994-03-25,1994-03-11,1994-04-21,COLLECT COD,FOB, regular dinos. pending acc
6884-2,6884,1136,37,2,23.00,23853.99,0.01,0.06,R,F,1994-04-14,1994-03-27,1994-05-07,NONE,FOB,quests are blithely. furiously iro
6884-3,6884,777,78,3,44.00,73821.88,0.03,0.07,R,F,1994-01-18,1994-04-02,1994-02-08,NONE,AIR,s cajole slyly unusual dec
6884-4,6884,932,67,4,46.00,84314.78,0.02,0.04,R,F,1994-01-27,1994-04-08,1994-02-22,DELIVER IN PERSON,FOB,. slyly regular packages sle
6884-5,6884,1146,47,5,2.00,2094.28,0.09,0.00,R,F,1994-03-27,1994-02-24,1994-04-03,TAKE BACK RETURN,SHIP,ing theodolites? slyly e
6884-6,6884,493,23,6,14.00,19508.86,0.03,0.00,A,F,1994-04-05,1994-03-24,1994-04-08,COLLECT COD,REG AIR,. regular theodolites ha
6885-1,6885,1834,35,1,26.00,45131.58,0.05,0.02,R,F,1992-08-03,1992-08-23,1992-08-09,NONE,FOB,y ironic theodolites boost
6885-2,6885,964,99,2,25.00,46624.00,0.00,0.00,R,F,1992-06-22,1992-09-17,1992-07-18,DELIVER IN PERSON,RAIL,ffily final instructions. bravel
6885-3,6885,1125,26,3,18.00,18470.16,0.06,0.03,R,F,1992-08-31,1992-07-28,1992-09-12,TAKE BACK RETURN,FOB,o the quickly final theodolite
6885-4,6885,14,90,4,26.00,23764.26,0.08,0.06,R,F,1992-09-19,1992-08-07,1992-09-21,COLLECT COD,MAIL,"o the special, even a"
6885-5,6885,802,3,5,16.00,27244.80,0.05,0.01,A,F,1992-06-27,1992-09-06,1992-07-27,TAKE BACK RETURN,TRUCK,ual reques
6885-6,6885,479,67,6,1.00,1379.47,0.06,0.06,R,F,1992-07-04,1992-08-28,1992-07-24,NONE,RAIL,ndencies. carefully pendi
6886-1,6886,1320,59,1,3.00,3663.96,0.06,0.03,A,F,1992-03-26,1992-03-27,1992-03-29,DELIVER IN PERSON,SHIP,thely bold deposits. final 
6886-2,6886,135,88,2,27.00,27948.51,0.07,0.00,R,F,1992-03-12,1992-04-14,1992-04-06,DELIVER IN PERSON,SHIP,foxes across the slyly i
6886-3,6886,1086,57,3,9.00,8883.72,0.06,0.03,R,F,1992-04-12,1992-03-17,1992-04-17,DELIVER IN PERSON,AIR,le blithely ab
6886-4,6886,76,77,4,48.00,46851.36,0.06,0.02,R,F,1992-03-04,1992-04-03,1992-03-27,NONE,REG AIR, blithely final epitaphs. furiously p
6886-5,6886,1144,81,5,22.00,22993.08,0.10,0.06,A,F,1992-03-02,1992-03-15,1992-03-22,NONE,REG AIR,s. quickly bold packages use
6886-6,6886,44,45,6,49.00,46257.96,0.06,0.02,R,F,1992-02-20,1992-03-02,1992-03-09,DELIVER IN PERSON,AIR,ss the carefully expr
6887-1,6887,184,85,1,12.00,13010.16,0.05,0.05,N,O,1995-12-13,1995-10-22,1995-12-15,DELIVER IN PERSON,SHIP,old foxes above
6887-2,6887,1006,7,2,23.00,20861.00,0.02,0.01,N,O,1995-10-17,1995-10-01,1995-11-10,TAKE BACK RETURN,RAIL,rve accordin
6887-3,6887,178,57,3,26.00,28032.42,0.04,0.04,N,O,1995-10-30,1995-10-19,1995-11-09,TAKE BACK RETURN,TRUCK,"reach slyly brave accounts. even, express i"
6887-4,6887,389,18,4,10.00,12893.80,0.09,0.04,N,O,1995-12-05,1995-11-05,1995-12-10,TAKE BACK RETURN,AIR,rious theodolites. furiously ironic packag
6887-5,6887,934,35,5,44.00,80736.92,0.02,0.05,N,O,1995-10-22,1995-10-23,1995-10-27,DELIVER IN PERSON,TRUCK,fully ruthless deposits
6887-6,6887,695,96,6,17.00,27126.73,0.00,0.08,N,O,1995-11-15,1995-11-12,1995-12-10,COLLECT COD,RAIL,ges are iron
6887-7,6887,1000,1,7,10.00,9010.00,0.04,0.06,N,O,1995-11-02,1995-11-08,1995-11-10,COLLECT COD,SHIP,"ly final packages! even, unusual ins"
6912-1,6912,107,60,1,19.00,19134.90,0.00,0.06,N,O,1996-03-31,1996-01-12,1996-04-21,TAKE BACK RETURN,AIR," final, express requests are "
6913-1,6913,1091,92,1,36.00,35715.24,0.00,0.08,A,F,1993-03-16,1993-01-31,1993-03-25,TAKE BACK RETURN,REG AIR,n foxes wake furiously along the 
6913-2,6913,932,1,2,38.00,69651.34,0.07,0.06,R,F,1993-01-29,1993-01-01,1993-02-14,DELIVER IN PERSON,RAIL,etect blithely after the package
6914-1,6914,998,67,1,42.00,79757.58,0.05,0.04,A,F,1994-04-06,1994-02-28,1994-04-13,TAKE BACK RETURN,TRUCK,ular requests haggle furiously abo
6915-1,6915,562,23,1,24.00,35101.44,0.10,0.08,N,O,1996-05-22,1996-05-05,1996-06-08,TAKE BACK RETURN,AIR,e silent packages. b
6915-2,6915,536,37,2,9.00,12928.77,0.08,0.05,N,O,1996-05-14,1996-04-06,1996-06-07,COLLECT COD,SHIP,s solve with th
6915-3,6915,15,66,3,21.00,19215.21,0.09,0.00,N,O,1996-04-27,1996-04-25,1996-05-19,NONE,REG AIR,wake carefully above the
6916-1,6916,68,19,1,6.00,5808.36,0.06,0.03,R,F,1993-08-28,1993-08-01,1993-09-11,TAKE BACK RETURN,FOB,ully. fluffily ironic asympto
6916-2,6916,731,28,2,35.00,57110.55,0.10,0.00,R,F,1993-08-01,1993-07-14,1993-08-04,COLLECT COD,FOB,"quickly along the unusual, expres"
6916-3,6916,299,54,3,49.00,58765.21,0.04,0.02,R,F,1993-09-05,1993-08-20,1993-09-21,DELIVER IN PERSON,SHIP,hind the special instruction
6917-1,6917,203,31,1,19.00,20960.80,0.02,0.03,N,O,1998-10-15,1998-10-10,1998-11-12,COLLECT COD,RAIL,inal decoys serve carefully careful
6917-2,6917,448,49,2,4.00,5393.76,0.03,0.04,N,O,1998-09-20,1998-09-28,1998-10-03,NONE,RAIL,"he final, unusual accounts. blithely exp"
6917-3,6917,199,78,3,8.00,8793.52,0.08,0.00,N,O,1998-11-04,1998-10-13,1998-11-26,NONE,TRUCK,he quickly final acco
6917-4,6917,895,96,4,13.00,23346.57,0.00,0.08,N,O,1998-09-09,1998-09-05,1998-09-15,TAKE BACK RETURN,MAIL,ounts are ruthlessly. packages integrate
6917-5,6917,824,25,5,18.00,31046.76,0.01,0.08,N,O,1998-09-01,1998-09-12,1998-09-18,COLLECT COD,RAIL,ously regular
6917-6,6917,352,37,6,2.00,2504.70,0.08,0.01,N,O,1998-09-22,1998-10-04,1998-10-21,DELIVER IN PERSON,REG AIR,"ely. final, even "
6918-1,6918,1651,93,1,2.00,3105.30,0.08,0.06,N,O,1995-07-08,1995-08-10,1995-07-11,COLLECT COD,RAIL,boldly regu
6918-2,6918,1392,69,2,48.00,62082.72,0.03,0.06,N,O,1995-09-19,1995-09-23,1995-10-12,TAKE BACK RETURN,SHIP,"dependencies. final, "
6918-3,6918,1770,71,3,14.00,23404.78,0.09,0.08,N,O,1995-07-21,1995-08-20,1995-07-28,DELIVER IN PERSON,RAIL,"ular, ironic deposits. fluffily final p"
6918-4,6918,1222,23,4,35.00,39312.70,0.10,0.06,N,O,1995-10-03,1995-09-23,1995-10-22,DELIVER IN PERSON,FOB,kages. even packages sleep re
6918-5,6918,1177,50,5,28.00,30188.76,0.02,0.07,N,O,1995-07-09,1995-09-26,1995-07-26,TAKE BACK RETURN,AIR,carefully final asymptotes was slyly. spec
6918-6,6918,1978,23,6,21.00,39479.37,0.02,0.01,N,O,1995-08-29,1995-09-27,1995-08-31,COLLECT COD,FOB,posits sleep ab
6918-7,6918,1146,47,7,15.00,15707.10,0.09,0.05,N,O,1995-10-11,1995-09-06,1995-10-20,COLLECT COD,RAIL,ts integrate blithely express co
6919-1,6919,524,85,1,6.00,8547.12,0.07,0.03,N,O,1998-08-03,1998-07-10,1998-08-21,TAKE BACK RETURN,MAIL,"inal, ironic packages. slyly unusual ho"
6919-2,6919,1468,69,2,37.00,50670.02,0.01,0.03,N,O,1998-06-07,1998-07-27,1998-06-16,COLLECT COD,REG AIR,structions cajole 
6919-3,6919,1901,90,3,10.00,18029.00,0.01,0.01,N,O,1998-08-29,1998-07-14,1998-09-08,NONE,REG AIR,ly regular ideas. quietly regular 
6919-4,6919,1490,91,4,22.00,30612.78,0.09,0.04,N,O,1998-07-05,1998-06-04,1998-07-26,DELIVER IN PERSON,AIR,round the ironically regular
6919-5,6919,46,97,5,23.00,21758.92,0.08,0.00,N,O,1998-06-07,1998-06-07,1998-06-08,NONE,MAIL,heodolites according to the regular i
6919-6,6919,1544,45,6,38.00,54930.52,0.10,0.00,N,O,1998-08-30,1998-07-16,1998-09-29,NONE,MAIL,nding requ
6944-1,6944,1588,29,1,6.00,8937.48,0.02,0.04,R,F,1992-04-22,1992-05-16,1992-05-16,DELIVER IN PERSON,RAIL,tructions. quickly bold deposits h
6945-1,6945,1281,56,1,7.00,8275.96,0.06,0.06,N,F,1995-06-08,1995-06-24,1995-06-22,TAKE BACK RETURN,REG AIR,y final deposits affix furiously even req
6946-1,6946,1642,84,1,50.00,77182.00,0.04,0.01,N,O,1997-10-15,1997-07-23,1997-10-30,DELIVER IN PERSON,TRUCK,"refully regular packages. even, "
6947-1,6947,297,79,1,22.00,26340.38,0.02,0.08,N,O,1995-08-26,1995-09-02,1995-09-23,TAKE BACK RETURN,SHIP,onic foxes sleep after the
6947-2,6947,305,6,2,24.00,28927.20,0.09,0.04,N,O,1995-09-27,1995-09-01,1995-10-17,NONE,SHIP,the furiously express Tiresias serv
6947-3,6947,43,69,3,25.00,23576.00,0.07,0.06,N,O,1995-07-28,1995-10-03,1995-08-23,NONE,FOB,as play after the carefully ev
6948-1,6948,1963,96,1,29.00,54083.84,0.00,0.00,R,F,1994-02-21,1994-01-16,1994-03-05,NONE,SHIP,tions wake. bl
6948-2,6948,1358,97,2,39.00,49114.65,0.07,0.05,A,F,1994-01-14,1994-02-07,1994-01-20,COLLECT COD,SHIP,into beans behind t
6948-3,6948,307,92,3,30.00,36219.00,0.00,0.08,R,F,1994-01-21,1994-02-04,1994-01-25,NONE,RAIL,ily silent instructions sleep slyly 
6948-4,6948,1705,6,4,24.00,38560.80,0.07,0.02,R,F,1994-01-20,1994-01-21,1994-01-29,DELIVER IN PERSON,AIR,e blithely along the
6948-5,6948,1084,55,5,46.00,45313.68,0.10,0.01,R,F,1994-03-10,1994-03-09,1994-03-28,NONE,FOB, slyly ironic packages along the blit
6948-6,6948,1687,70,6,35.00,55603.80,0.09,0.03,A,F,1994-01-23,1994-02-17,1994-02-01,DELIVER IN PERSON,MAIL,ke slyly. slyly unusual deposits i
6949-1,6949,398,27,1,50.00,64919.50,0.01,0.08,R,F,1992-06-12,1992-06-19,1992-07-02,COLLECT COD,AIR,ar requests. final foxes alongside of 
6949-2,6949,1044,15,2,22.00,20790.88,0.02,0.02,A,F,1992-07-14,1992-07-07,1992-08-12,TAKE BACK RETURN,RAIL,kages wake slyly multipliers. re
6949-3,6949,1576,97,3,2.00,2955.14,0.01,0.06,R,F,1992-07-19,1992-07-11,1992-07-20,COLLECT COD,FOB,lyly regular requests alon
6949-4,6949,1169,6,4,26.00,27824.16,0.01,0.06,R,F,1992-07-02,1992-06-07,1992-07-29,NONE,SHIP,uctions. sauternes detect blit
6950-1,6950,227,9,1,16.00,18035.52,0.07,0.01,R,F,1992-06-04,1992-05-23,1992-06-07,TAKE BACK RETURN,AIR,iet packages. packages use-- blithe
6950-2,6950,311,40,2,5.00,6056.55,0.02,0.01,R,F,1992-04-18,1992-06-15,1992-05-15,COLLECT COD,REG AIR,n furiously ins
6951-1,6951,1297,98,1,7.00,8388.03,0.09,0.04,N,O,1996-10-11,1996-10-11,1996-10-23,TAKE BACK RETURN,REG AIR,es wake carefully. regu
6976-1,6976,778,75,1,46.00,77223.42,0.02,0.05,R,F,1993-11-17,1993-12-21,1993-11-21,NONE,REG AIR,according to the regular pack
6976-2,6976,1653,36,2,33.00,51303.45,0.06,0.08,R,F,1993-11-15,1994-01-09,1993-11-24,NONE,AIR,lithely idle foxes. ironic pinto b
6976-3,6976,401,31,3,27.00,35137.80,0.02,0.02,A,F,1993-11-06,1993-11-19,1993-11-09,NONE,FOB,s against t
6977-1,6977,1825,26,1,25.00,43170.50,0.05,0.06,A,F,1995-03-30,1995-01-22,1995-04-25,TAKE BACK RETURN,MAIL,lites hagg
6977-2,6977,1703,4,2,9.00,14442.30,0.09,0.03,R,F,1995-03-05,1995-01-22,1995-03-06,COLLECT COD,RAIL,y special re
6977-3,6977,56,32,3,35.00,33461.75,0.08,0.08,R,F,1995-01-31,1995-02-19,1995-02-22,DELIVER IN PERSON,RAIL,und the blithely final ideas. theodolites 
6977-4,6977,497,27,4,37.00,51707.13,0.07,0.07,R,F,1995-03-24,1995-02-21,1995-04-20,COLLECT COD,TRUCK,usly special de
6977-5,6977,664,65,5,25.00,39116.50,0.02,0.05,R,F,1995-01-05,1995-03-05,1995-01-07,TAKE BACK RETURN,SHIP, foxes are above the car
6978-1,6978,1182,55,1,28.00,30329.04,0.02,0.00,A,F,1994-01-31,1994-02-12,1994-02-23,NONE,SHIP,ven asymptotes
6978-2,6978,60,86,2,2.00,1920.12,0.01,0.06,A,F,1994-01-02,1994-02-18,1994-01-03,DELIVER IN PERSON,TRUCK,onic requests above the carefully even pi
6978-3,6978,432,20,3,1.00,1332.43,0.05,0.03,A,F,1993-12-17,1994-02-26,1994-01-10,DELIVER IN PERSON,MAIL, sleep. express packages among the requ
6978-4,6978,1496,36,4,49.00,68477.01,0.00,0.03,R,F,1994-02-03,1994-01-14,1994-02-11,TAKE BACK RETURN,RAIL, ironic requests. qu
6978-5,6978,1115,16,5,49.00,49789.39,0.03,0.03,R,F,1994-03-04,1994-01-19,1994-03-26,NONE,AIR,the furiously regular
6979-1,6979,1105,78,1,7.00,7042.70,0.06,0.04,A,F,1994-04-02,1994-05-16,1994-05-01,TAKE BACK RETURN,REG AIR,ve the regular packages
6979-2,6979,873,7,2,8.00,14190.96,0.01,0.04,R,F,1994-03-26,1994-03-31,1994-03-28,DELIVER IN PERSON,RAIL,uriously permanent requests. furiously 
6979-3,6979,1321,98,3,33.00,40336.56,0.08,0.07,R,F,1994-03-16,1994-04-24,1994-04-05,DELIVER IN PERSON,TRUCK,carefully along the sl
6979-4,6979,120,73,4,39.00,39784.68,0.01,0.07,R,F,1994-05-03,1994-05-01,1994-05-24,NONE,RAIL,accounts alon
6980-1,6980,748,45,1,33.00,54408.42,0.03,0.06,A,F,1993-06-16,1993-04-15,1993-07-12,COLLECT COD,AIR, express ins
6980-2,6980,920,23,2,11.00,20030.12,0.08,0.01,A,F,1993-05-26,1993-05-02,1993-06-22,TAKE BACK RETURN,RAIL,ainments. express theodolites pla
6980-3,6980,82,83,3,40.00,39283.20,0.03,0.05,R,F,1993-03-25,1993-04-07,1993-04-01,COLLECT COD,SHIP,le carefully sl
6980-4,6980,43,94,4,22.00,20746.88,0.09,0.08,A,F,1993-06-09,1993-03-24,1993-07-04,TAKE BACK RETURN,SHIP,"en deposits are slyly final,"
6980-5,6980,1967,68,5,6.00,11213.76,0.08,0.05,A,F,1993-05-03,1993-04-12,1993-05-25,NONE,MAIL,"ent, final dolphins. carefully even ac"
6980-6,6980,1063,69,6,3.00,2892.18,0.04,0.02,A,F,1993-02-25,1993-04-21,1993-03-17,DELIVER IN PERSON,SHIP,nts are ironic instructions. 
6980-7,6980,1953,98,7,12.00,22259.40,0.04,0.04,A,F,1993-03-27,1993-04-27,1993-04-06,TAKE BACK RETURN,TRUCK, accounts believe slyly. bus
6981-1,6981,258,86,1,27.00,31272.75,0.05,0.07,N,O,1998-09-19,1998-07-26,1998-10-19,NONE,RAIL,ounts. fluffily special packages integra
6981-2,6981,1236,37,2,22.00,25019.06,0.01,0.00,N,O,1998-07-30,1998-07-18,1998-08-17,NONE,REG AIR,gside of the finally ironic packages are ca
6981-3,6981,1483,23,3,49.00,67839.52,0.05,0.06,N,O,1998-09-07,1998-09-11,1998-10-06,DELIVER IN PERSON,MAIL,ccounts. blithely re
6981-4,6981,140,41,4,2.00,2080.28,0.06,0.08,N,O,1998-08-30,1998-07-19,1998-09-21,COLLECT COD,REG AIR,efully blithe deposits cajole. f
6982-1,6982,238,93,1,40.00,45529.20,0.07,0.07,N,O,1995-12-26,1996-01-01,1995-12-29,NONE,AIR,s. even depths kin
6982-2,6982,1173,46,2,43.00,46189.31,0.06,0.02,N,O,1996-01-24,1996-01-21,1996-01-26,TAKE BACK RETURN,AIR,carefully 
6982-3,6982,1037,38,3,45.00,42211.35,0.07,0.03,N,O,1996-01-30,1995-12-18,1996-02-25,DELIVER IN PERSON,FOB,unts. carefully even asy
6983-1,6983,442,1,1,47.00,63094.68,0.07,0.03,N,O,1998-04-22,1998-04-12,1998-05-04,NONE,SHIP,y regular dolphins cajole carefully iro
7008-1,7008,596,57,1,37.00,55373.83,0.07,0.06,R,F,1992-11-16,1992-11-26,1992-12-14,TAKE BACK RETURN,MAIL,unts. furiously final pi
7009-1,7009,1234,46,1,30.00,34056.90,0.04,0.04,N,O,1995-12-05,1996-01-19,1995-12-28,DELIVER IN PERSON,TRUCK,s deposits. blithely exp
7009-2,7009,590,91,2,35.00,52170.65,0.02,0.07,N,O,1996-01-21,1996-02-15,1996-02-12,TAKE BACK RETURN,RAIL,r packages about th
7009-3,7009,1584,65,3,20.00,29711.60,0.03,0.00,N,O,1996-01-30,1996-01-12,1996-02-28,DELIVER IN PERSON,REG AIR,l requests wake furiously express pinto
7010-1,7010,1204,5,1,2.00,2210.40,0.06,0.01,N,O,1998-08-23,1998-06-18,1998-08-27,NONE,FOB,s affix carefully a
7010-2,7010,705,38,2,25.00,40142.50,0.04,0.04,N,O,1998-07-18,1998-07-21,1998-08-14,TAKE BACK RETURN,TRUCK,the blithely regular sheaves kindle 
7011-1,7011,698,92,1,32.00,51158.08,0.10,0.08,N,O,1998-01-04,1998-03-14,1998-01-30,TAKE BACK RETURN,FOB, slyly. express dugouts affix furiously ab
7012-1,7012,1631,55,1,2.00,3065.26,0.04,0.05,N,O,1998-06-29,1998-07-15,1998-07-09,TAKE BACK RETURN,REG AIR, deposits haggle above th
7013-1,7013,1297,35,1,37.00,44336.73,0.02,0.04,N,O,1997-05-29,1997-05-14,1997-06-06,DELIVER IN PERSON,AIR,egular Tiresias play slyly after the 
7013-2,7013,1415,33,2,22.00,28961.02,0.09,0.04,N,O,1997-05-05,1997-06-25,1997-05-09,NONE,AIR,y. final pinto
7013-3,7013,1249,24,3,36.00,41408.64,0.03,0.06,N,O,1997-07-19,1997-06-15,1997-07-25,DELIVER IN PERSON,RAIL,leep fluffily against the carefull
7014-1,7014,1505,86,1,32.00,45008.00,0.02,0.06,N,O,1996-08-23,1996-07-25,1996-08-27,COLLECT COD,TRUCK,le. final theodolit
7014-2,7014,30,81,2,46.00,42781.38,0.00,0.02,N,O,1996-06-30,1996-07-24,1996-07-07,NONE,SHIP,"nt, silent dolphins wake about "
7014-3,7014,1034,5,3,33.00,30855.99,0.05,0.00,N,O,1996-10-13,1996-08-23,1996-11-07,COLLECT COD,FOB, sometimes final pinto beans. slyly
7014-4,7014,1159,68,4,21.00,22263.15,0.06,0.05,N,O,1996-07-18,1996-07-26,1996-08-11,DELIVER IN PERSON,AIR,"venly: pending, ironic excuses boost f"
7015-1,7015,1645,46,1,46.00,71145.44,0.00,0.04,A,F,1994-01-11,1993-12-09,1994-02-09,TAKE BACK RETURN,TRUCK,yly ironic accounts haggle fluffily regula
7015-2,7015,1873,60,2,31.00,55020.97,0.02,0.08,A,F,1994-02-08,1993-12-14,1994-03-07,NONE,SHIP,uests. quickly unusual deposit
7015-3,7015,423,53,3,26.00,34408.92,0.10,0.01,R,F,1993-11-08,1993-12-20,1993-11-15,COLLECT COD,SHIP, excuses. pe
7015-4,7015,856,23,4,30.00,52705.50,0.04,0.08,A,F,1993-10-30,1993-12-15,1993-11-04,NONE,FOB, deposits 
7015-5,7015,574,35,5,43.00,63406.51,0.07,0.05,R,F,1993-12-22,1993-12-09,1994-01-06,NONE,AIR,ously special 
7015-6,7015,1151,52,6,4.00,4208.60,0.05,0.04,A,F,1993-12-23,1993-12-16,1993-12-28,TAKE BACK RETURN,SHIP,equests use acco
7040-1,7040,344,73,1,19.00,23642.46,0.01,0.03,N,O,1996-09-13,1996-07-16,1996-10-05,COLLECT COD,SHIP,endencies haggle ca
7040-2,7040,396,53,2,50.00,64819.50,0.01,0.08,N,O,1996-08-25,1996-07-24,1996-08-27,DELIVER IN PERSON,AIR,the requests en
7041-1,7041,798,63,1,48.00,81541.92,0.07,0.03,N,O,1997-12-09,1997-11-12,1997-12-18,COLLECT COD,FOB, courts. careful
7041-2,7041,631,25,2,17.00,26037.71,0.07,0.01,N,O,1997-12-16,1997-12-03,1998-01-01,TAKE BACK RETURN,RAIL,cial ideas serve blithely ironi
7042-1,7042,1528,69,1,21.00,30019.92,0.03,0.00,A,F,1992-02-12,1992-03-09,1992-03-01,TAKE BACK RETURN,REG AIR," regular accounts. express, ruthless"
7042-2,7042,1701,44,2,14.00,22437.80,0.05,0.05,A,F,1992-03-28,1992-02-22,1992-04-07,COLLECT COD,REG AIR,es. quickly pending accounts along the exc
7042-3,7042,1575,56,3,35.00,51679.95,0.07,0.05,R,F,1992-01-24,1992-02-13,1992-02-05,DELIVER IN PERSON,MAIL,"uests. ironic, special attainments"
7042-4,7042,825,92,4,49.00,84565.18,0.06,0.06,R,F,1992-02-01,1992-03-26,1992-02-14,COLLECT COD,SHIP,usly about the accounts. never fi
7042-5,7042,1222,34,5,21.00,23587.62,0.05,0.00,A,F,1992-04-18,1992-02-20,1992-05-13,COLLECT COD,MAIL, slyly bold patterns against the speci
7043-1,7043,420,21,1,14.00,18485.88,0.00,0.04,R,F,1994-02-16,1994-04-23,1994-02-26,TAKE BACK RETURN,REG AIR,g the fluffily regular dep
7044-1,7044,1943,32,1,16.00,29519.04,0.08,0.05,R,F,1994-08-14,1994-10-27,1994-08-23,TAKE BACK RETURN,SHIP,blithely express pinto beans are
7044-2,7044,793,90,2,2.00,3387.58,0.06,0.06,A,F,1994-08-14,1994-10-17,1994-09-12,NONE,MAIL,efully even 
7044-3,7044,1991,80,3,32.00,60575.68,0.04,0.04,R,F,1994-09-06,1994-11-11,1994-09-28,DELIVER IN PERSON,AIR,d foxes integrate silent accoun
7045-1,7045,764,61,1,36.00,59931.36,0.00,0.08,N,O,1997-10-11,1997-10-09,1997-10-20,COLLECT COD,FOB,ve slyly after the ca
7045-2,7045,402,32,2,46.00,59910.40,0.08,0.03,N,O,1997-11-05,1997-09-28,1997-11-28,DELIVER IN PERSON,SHIP,ss depths are fu
7045-3,7045,294,22,3,43.00,51354.47,0.08,0.05,N,O,1997-09-09,1997-09-18,1997-09-30,DELIVER IN PERSON,RAIL,eas hang quickly blith
7045-4,7045,531,62,4,50.00,71576.50,0.03,0.02,N,O,1997-11-18,1997-10-11,1997-11-27,NONE,MAIL,onic deposi
7046-1,7046,703,36,1,50.00,80185.00,0.07,0.00,N,O,1996-04-05,1996-02-24,1996-04-29,COLLECT COD,AIR,uickly regular excuses x-ray furiou
7046-2,7046,1779,80,2,48.00,80676.96,0.06,0.03,N,O,1996-03-08,1996-03-09,1996-03-27,TAKE BACK RETURN,TRUCK,pending packages sleep slyly after the
7046-3,7046,497,27,3,27.00,37732.23,0.05,0.05,N,O,1996-03-03,1996-04-09,1996-04-01,DELIVER IN PERSON,REG AIR,osits up the regular pack
7046-4,7046,653,47,4,43.00,66806.95,0.02,0.08,N,O,1996-04-03,1996-04-11,1996-04-27,NONE,SHIP,braids doubt sl
7047-1,7047,1134,35,1,36.00,37264.68,0.02,0.03,N,O,1997-01-24,1996-12-29,1997-02-16,DELIVER IN PERSON,RAIL,ts nag among the slyly even ideas.
7047-2,7047,1822,23,2,44.00,75848.08,0.08,0.06,N,O,1997-02-03,1997-01-29,1997-03-01,COLLECT COD,FOB,ely around the realms. 
7047-3,7047,1373,74,3,14.00,17841.18,0.03,0.06,N,O,1997-01-28,1997-01-12,1997-02-20,NONE,RAIL,lets integrate fluffily ironic deposi
7047-4,7047,1345,60,4,27.00,33651.18,0.02,0.05,N,O,1997-02-16,1997-02-06,1997-03-18,TAKE BACK RETURN,TRUCK,"en, ironic pa"
7047-5,7047,656,57,5,45.00,70049.25,0.04,0.08,N,O,1997-02-18,1997-02-25,1997-03-18,DELIVER IN PERSON,TRUCK,furiously pendin
7047-6,7047,1189,98,6,14.00,15262.52,0.02,0.08,N,O,1997-02-02,1997-01-03,1997-03-01,DELIVER IN PERSON,RAIL,olites haggle ironically along the blit
7072-1,7072,507,68,1,38.00,53485.00,0.03,0.07,R,F,1992-02-24,1992-04-07,1992-03-25,TAKE BACK RETURN,SHIP,nto beans. final pinto beans nag caref
7072-2,7072,1796,23,2,11.00,18675.69,0.04,0.03,A,F,1992-05-10,1992-04-18,1992-05-15,DELIVER IN PERSON,TRUCK,e furiously about t
7073-1,7073,260,61,1,8.00,9282.08,0.01,0.03,N,O,1997-10-11,1997-12-07,1997-10-22,COLLECT COD,TRUCK,y final deposits. f
7073-2,7073,1762,5,2,14.00,23292.64,0.01,0.07,N,O,1998-01-09,1997-11-04,1998-01-28,DELIVER IN PERSON,RAIL,ts. quickly even theodolite
7073-3,7073,581,42,3,46.00,68152.68,0.09,0.03,N,O,1997-12-30,1997-11-12,1998-01-27,NONE,TRUCK,ckages. regular deposits 
7073-4,7073,208,36,4,25.00,27705.00,0.02,0.04,N,O,1997-12-05,1997-12-02,1997-12-25,DELIVER IN PERSON,SHIP,ironic requests boost. e
7074-1,7074,727,60,1,45.00,73247.40,0.05,0.06,R,F,1993-08-16,1993-08-07,1993-08-30,DELIVER IN PERSON,MAIL,unts. doggedly unusual instruc
7075-1,7075,1752,37,1,40.00,66150.00,0.04,0.06,N,O,1995-12-16,1995-11-16,1996-01-06,COLLECT COD,SHIP, even orbits haggle slyly. fluffily ironic 
7075-2,7075,399,84,2,26.00,33784.14,0.02,0.08,N,O,1996-01-12,1995-12-28,1996-01-22,NONE,AIR, accounts. p
7075-3,7075,1807,51,3,40.00,68352.00,0.07,0.05,N,O,1995-11-14,1995-11-29,1995-11-18,COLLECT COD,RAIL,ld requests. fina
7075-4,7075,387,16,4,41.00,52782.58,0.07,0.04,N,O,1995-11-19,1995-12-19,1995-12-06,DELIVER IN PERSON,SHIP,egular platelets! furiou
7075-5,7075,1691,15,5,16.00,25483.04,0.01,0.07,N,O,1995-11-21,1995-12-12,1995-12-05,DELIVER IN PERSON,AIR,ily ironic accounts. quickl
7075-6,7075,431,61,6,39.00,51925.77,0.10,0.08,N,O,1995-12-26,1995-12-25,1996-01-17,DELIVER IN PERSON,RAIL, regular de
7076-1,7076,1842,86,1,19.00,33132.96,0.06,0.03,N,O,1996-02-20,1996-02-26,1996-03-21,TAKE BACK RETURN,REG AIR,into beans mus
7076-2,7076,1920,53,2,38.00,69232.96,0.04,0.01,N,O,1995-12-20,1996-03-05,1995-12-31,DELIVER IN PERSON,FOB,ackages. pinto b
7077-1,7077,382,11,1,38.00,48730.44,0.09,0.06,N,O,1996-03-06,1996-02-23,1996-03-10,DELIVER IN PERSON,MAIL, the fluffily fluffy instructio
7077-2,7077,98,74,2,14.00,13973.26,0.09,0.00,N,O,1996-02-12,1996-03-16,1996-03-04,COLLECT COD,MAIL, brave accounts wake along the slyly i
7077-3,7077,771,72,3,49.00,81916.73,0.06,0.01,N,O,1996-03-04,1996-03-05,1996-03-29,COLLECT COD,TRUCK,"e ironic, ironic accounts. pending, reg"
7077-4,7077,1616,58,4,28.00,42493.08,0.03,0.07,N,O,1996-02-18,1996-03-02,1996-02-19,TAKE BACK RETURN,FOB,olites hagg
7077-5,7077,1373,50,5,32.00,40779.84,0.08,0.03,N,O,1996-04-10,1996-02-02,1996-04-20,COLLECT COD,REG AIR,pinto beans. fluffily final
7077-6,7077,1638,39,6,23.00,35411.49,0.10,0.08,N,O,1996-02-08,1996-01-30,1996-02-16,DELIVER IN PERSON,RAIL,brave epit
7077-7,7077,971,6,7,3.00,5615.91,0.02,0.03,N,O,1996-03-05,1996-02-26,1996-03-16,TAKE BACK RETURN,TRUCK, idle dolphins
7078-1,7078,1594,35,1,16.00,23929.44,0.08,0.02,A,F,1993-06-04,1993-07-11,1993-06-11,COLLECT COD,TRUCK,ly unusual accounts. unusual theodolites 
7078-2,7078,620,83,2,33.00,50180.46,0.01,0.04,A,F,1993-05-11,1993-05-14,1993-06-02,COLLECT COD,REG AIR,ver even packages nag blith
7078-3,7078,1468,69,3,34.00,46561.64,0.06,0.02,R,F,1993-04-25,1993-06-23,1993-05-25,TAKE BACK RETURN,RAIL,kly special pearls should have 
7078-4,7078,455,43,4,14.00,18976.30,0.05,0.07,A,F,1993-07-06,1993-05-23,1993-07-13,TAKE BACK RETURN,RAIL,"e final, even pinto beans affix fl"
7078-5,7078,1832,62,5,1.00,1733.83,0.01,0.00,A,F,1993-05-02,1993-06-22,1993-05-12,NONE,FOB,n packages. 
7079-1,7079,949,18,1,27.00,49948.38,0.02,0.05,A,F,1993-03-31,1993-03-20,1993-04-14,DELIVER IN PERSON,RAIL,ilent pack
7079-2,7079,807,7,2,50.00,85390.00,0.09,0.08,R,F,1993-05-26,1993-05-02,1993-05-27,COLLECT COD,RAIL,fluffily bold requests. f
7079-3,7079,1047,18,3,40.00,37921.60,0.07,0.07,R,F,1993-05-30,1993-03-29,1993-06-01,TAKE BACK RETURN,TRUCK,ermanently across the furiously bold t
7079-4,7079,909,12,4,22.00,39817.80,0.06,0.06,A,F,1993-03-25,1993-04-21,1993-04-14,TAKE BACK RETURN,AIR,sts sleep quietly furiousl
7079-5,7079,856,23,5,45.00,79058.25,0.01,0.05,A,F,1993-05-08,1993-04-12,1993-05-24,NONE,FOB,packages according to the expre
7079-6,7079,748,81,6,50.00,82437.00,0.10,0.01,A,F,1993-04-20,1993-03-20,1993-05-04,DELIVER IN PERSON,FOB,"uses are regular, ironic deposits"
7104-1,7104,263,45,1,26.00,30244.76,0.04,0.03,N,O,1997-04-22,1997-02-14,1997-04-28,TAKE BACK RETURN,MAIL,en orbits a
7105-1,7105,54,80,1,15.00,14310.75,0.03,0.00,R,F,1993-08-14,1993-08-09,1993-08-26,COLLECT COD,SHIP, haggle sly
7105-2,7105,1464,82,2,33.00,45060.18,0.07,0.01,A,F,1993-10-16,1993-09-10,1993-10-29,DELIVER IN PERSON,TRUCK,ly final acco
7105-3,7105,482,12,3,10.00,13824.80,0.08,0.05,A,F,1993-08-26,1993-09-02,1993-08-29,TAKE BACK RETURN,FOB,p blithely s
7105-4,7105,1195,96,4,6.00,6577.14,0.05,0.02,A,F,1993-07-04,1993-08-13,1993-07-24,DELIVER IN PERSON,TRUCK,ts wake slowly daringly ironic tithes. 
7105-5,7105,1499,100,5,26.00,36412.74,0.08,0.01,A,F,1993-07-21,1993-07-29,1993-08-05,DELIVER IN PERSON,TRUCK,s? final deposits cajole fluff
7105-6,7105,1088,24,6,24.00,23737.92,0.08,0.07,R,F,1993-08-07,1993-09-16,1993-08-13,NONE,MAIL,. gifts according to the gifts nag fur
7106-1,7106,527,28,1,36.00,51390.72,0.03,0.00,A,F,1992-08-10,1992-06-22,1992-08-13,TAKE BACK RETURN,SHIP,sly busy foxes. carefully 
7106-2,7106,1553,34,2,41.00,59636.55,0.01,0.05,R,F,1992-05-30,1992-07-10,1992-06-18,DELIVER IN PERSON,SHIP,counts. stealthily regular deposits p
7106-3,7106,696,97,3,15.00,23950.35,0.00,0.02,A,F,1992-08-06,1992-07-11,1992-08-08,DELIVER IN PERSON,SHIP,oxes above the furiously final re
7106-4,7106,1026,97,4,26.00,24102.52,0.01,0.07,A,F,1992-06-10,1992-08-03,1992-07-07,COLLECT COD,AIR,y regular packages 
7106-5,7106,325,10,5,44.00,53914.08,0.07,0.01,A,F,1992-05-23,1992-08-06,1992-06-10,TAKE BACK RETURN,MAIL,es detect slyly. furiously u
7106-6,7106,1062,68,6,7.00,6741.42,0.01,0.05,R,F,1992-05-14,1992-07-07,1992-05-22,COLLECT COD,AIR,boost fluffily. carefully regul
7106-7,7106,1607,49,7,43.00,64869.80,0.01,0.04,A,F,1992-08-16,1992-06-28,1992-09-09,TAKE BACK RETURN,MAIL,requests. carefully regular dependencie
7107-1,7107,424,83,1,25.00,33110.50,0.04,0.03,A,F,1992-01-13,1992-02-20,1992-01-25,COLLECT COD,RAIL,ests across the quickly 
7107-2,7107,711,12,2,31.00,49963.01,0.04,0.08,R,F,1992-04-15,1992-03-21,1992-04-18,TAKE BACK RETURN,MAIL,final tithes wake around the ironic package
7107-3,7107,370,27,3,21.00,26677.77,0.04,0.03,A,F,1992-01-31,1992-02-25,1992-02-23,DELIVER IN PERSON,RAIL,uffily. requests sublate fluffil
7107-4,7107,1934,67,4,38.00,69765.34,0.03,0.00,R,F,1992-03-30,1992-02-29,1992-04-06,DELIVER IN PERSON,REG AIR,oost blithe
7107-5,7107,628,22,5,17.00,25986.54,0.04,0.01,A,F,1992-03-23,1992-02-11,1992-04-09,DELIVER IN PERSON,SHIP,tions. silently ironic dependencies sl
7107-6,7107,1451,69,6,1.00,1352.45,0.08,0.00,A,F,1992-02-10,1992-04-01,1992-03-05,COLLECT COD,REG AIR,s. furiously final accounts
7107-7,7107,1942,43,7,44.00,81133.36,0.02,0.02,R,F,1992-02-16,1992-02-14,1992-03-11,DELIVER IN PERSON,TRUCK,nusual accounts are ac
7108-1,7108,664,58,1,39.00,61021.74,0.09,0.06,N,O,1996-04-02,1996-05-16,1996-04-11,DELIVER IN PERSON,FOB,equests; platelets wake 
7108-2,7108,600,1,2,29.00,43517.40,0.01,0.00,N,O,1996-05-17,1996-04-23,1996-06-02,NONE,FOB,"g to the idle, ironic requests. quickly "
7109-1,7109,1743,70,1,24.00,39473.76,0.00,0.05,N,O,1996-10-01,1996-09-20,1996-10-20,COLLECT COD,MAIL,ts breach careful
7109-2,7109,1889,90,2,13.00,23281.44,0.02,0.06,N,O,1996-10-07,1996-09-02,1996-10-25,DELIVER IN PERSON,RAIL,eposits. carefully fin
7109-3,7109,600,91,3,29.00,43517.40,0.03,0.00,N,O,1996-07-28,1996-07-29,1996-08-10,DELIVER IN PERSON,SHIP,unts. thinly ironic asymptotes mus
7109-4,7109,334,35,4,11.00,13577.63,0.02,0.03,N,O,1996-09-13,1996-09-20,1996-10-05,TAKE BACK RETURN,AIR,unusual packages cajole-- furiou
7110-1,7110,1024,95,1,8.00,7400.16,0.00,0.05,N,O,1995-08-31,1995-10-01,1995-09-26,COLLECT COD,MAIL,ular account
7110-2,7110,566,27,2,37.00,54262.72,0.04,0.00,N,O,1995-11-08,1995-09-24,1995-11-20,COLLECT COD,MAIL,ets nag sly
7111-1,7111,1142,15,1,22.00,22949.08,0.04,0.06,N,O,1996-12-24,1997-01-29,1996-12-28,COLLECT COD,SHIP,"manent, ironic theodol"
7111-2,7111,966,35,2,36.00,67210.56,0.07,0.05,N,O,1997-01-13,1996-12-07,1997-02-10,TAKE BACK RETURN,AIR,blithely carefull
7136-1,7136,1015,86,1,14.00,12824.14,0.10,0.06,A,F,1994-06-12,1994-04-28,1994-06-28,TAKE BACK RETURN,MAIL,even reques
7136-2,7136,783,48,2,48.00,80821.44,0.02,0.01,A,F,1994-05-14,1994-06-19,1994-05-24,DELIVER IN PERSON,FOB,sts are fluffily bold de
7136-3,7136,1169,70,3,40.00,42806.40,0.02,0.02,R,F,1994-03-27,1994-06-09,1994-04-12,TAKE BACK RETURN,AIR,"pending, even pinto b"
7136-4,7136,1387,2,4,34.00,43804.92,0.01,0.02,A,F,1994-07-13,1994-06-15,1994-08-02,DELIVER IN PERSON,REG AIR,e of the blithely regul
7136-5,7136,564,55,5,37.00,54188.72,0.07,0.08,A,F,1994-06-17,1994-06-15,1994-06-23,COLLECT COD,SHIP,are furiou
7136-6,7136,1056,57,6,42.00,40196.10,0.09,0.04,A,F,1994-06-29,1994-06-21,1994-07-27,NONE,TRUCK,y carefully express realms. regular reques
7136-7,7136,1540,81,7,29.00,41804.66,0.05,0.07,A,F,1994-06-29,1994-05-29,1994-07-20,NONE,AIR, theodolites wake thinly final
7137-1,7137,1232,33,1,21.00,23797.83,0.05,0.05,N,O,1995-09-22,1995-09-01,1995-10-17,TAKE BACK RETURN,RAIL,"ix fluffily unusual, final foxes. ideas "
7137-2,7137,1451,91,2,20.00,27049.00,0.00,0.00,N,O,1995-10-11,1995-09-11,1995-11-10,TAKE BACK RETURN,TRUCK,olites integrate
7138-1,7138,958,93,1,36.00,66922.20,0.08,0.07,N,O,1998-06-21,1998-06-22,1998-07-02,NONE,TRUCK,ts. ironic theodolites against 
7138-2,7138,818,52,2,42.00,72190.02,0.04,0.02,N,O,1998-06-06,1998-08-03,1998-06-18,NONE,MAIL,ld quickly. carefully regular ex
7138-3,7138,1087,23,3,24.00,23713.92,0.02,0.08,N,O,1998-06-19,1998-06-25,1998-06-21,DELIVER IN PERSON,TRUCK,sleep carefully regular theodolit
7138-4,7138,724,57,4,2.00,3249.44,0.08,0.01,N,O,1998-07-11,1998-06-28,1998-08-07,TAKE BACK RETURN,MAIL,ly final packages cajole blith
7138-5,7138,1015,21,5,31.00,28396.31,0.08,0.05,N,O,1998-05-29,1998-06-21,1998-06-07,NONE,TRUCK, engage fur
7139-1,7139,833,34,1,20.00,34676.60,0.08,0.05,N,O,1996-08-11,1996-09-13,1996-09-09,NONE,MAIL,ular accounts.
7140-1,7140,1944,89,1,8.00,14767.52,0.09,0.04,A,F,1994-03-02,1994-04-13,1994-03-18,NONE,REG AIR,cuses after the fluffily regular req
7140-2,7140,1380,19,2,37.00,47411.06,0.07,0.04,R,F,1994-03-24,1994-04-12,1994-04-17,COLLECT COD,TRUCK,"foxes. express, regular ideas caj"
7140-3,7140,1436,15,3,9.00,12036.87,0.02,0.02,A,F,1994-05-13,1994-03-27,1994-05-26,COLLECT COD,AIR,ly even accounts. blithely f
7141-1,7141,1890,91,1,32.00,57340.48,0.10,0.03,N,O,1996-10-17,1996-08-26,1996-10-30,TAKE BACK RETURN,FOB,cuses sleep furiously. careful
7141-2,7141,1992,93,2,31.00,58713.69,0.06,0.08,N,O,1996-11-16,1996-10-15,1996-12-02,DELIVER IN PERSON,RAIL,"regular, final theodolites. slyly pendi"
7141-3,7141,336,21,3,32.00,39562.56,0.03,0.05,N,O,1996-09-04,1996-10-01,1996-09-05,TAKE BACK RETURN,RAIL,e. ironic requests w
7141-4,7141,1515,96,4,8.00,11332.08,0.04,0.04,N,O,1996-11-11,1996-10-07,1996-12-11,DELIVER IN PERSON,MAIL,ronic deposits. even 
7141-5,7141,1684,8,5,45.00,71355.60,0.08,0.06,N,O,1996-10-29,1996-09-14,1996-11-19,TAKE BACK RETURN,REG AIR,lar instructions are 
7141-6,7141,986,55,6,21.00,39626.58,0.08,0.03,N,O,1996-07-21,1996-10-04,1996-08-05,COLLECT COD,FOB,arls. carefully regu
7142-1,7142,578,79,1,43.00,63578.51,0.05,0.06,N,O,1995-09-17,1995-09-02,1995-10-17,NONE,SHIP,ions. blithely re
7142-2,7142,1595,36,2,24.00,35918.16,0.07,0.08,N,O,1995-11-07,1995-09-14,1995-11-15,COLLECT COD,MAIL,e furiously above the pinto beans. de
7142-3,7142,410,98,3,9.00,11793.69,0.00,0.08,N,O,1995-08-01,1995-10-03,1995-08-05,COLLECT COD,AIR,out the even re
7142-4,7142,1165,74,4,48.00,51175.68,0.05,0.08,N,O,1995-09-13,1995-10-09,1995-10-09,DELIVER IN PERSON,AIR,ggedly unu
7143-1,7143,1999,88,1,1.00,1900.99,0.04,0.07,N,O,1998-02-17,1997-12-18,1998-03-07,DELIVER IN PERSON,REG AIR,counts. bl
7168-1,7168,1069,70,1,13.00,12610.78,0.00,0.02,N,O,1998-01-23,1998-01-24,1998-02-10,COLLECT COD,SHIP, deposits haggle busily. 
7168-2,7168,603,35,2,48.00,72172.80,0.05,0.08,N,O,1998-04-15,1998-01-24,1998-05-14,TAKE BACK RETURN,MAIL, furiously fin
7168-3,7168,768,33,3,21.00,35043.96,0.08,0.07,N,O,1998-02-21,1998-02-14,1998-03-09,NONE,AIR,ial ideas sleep special requests. careful
7168-4,7168,1914,3,4,42.00,76268.22,0.00,0.04,N,O,1998-02-15,1998-03-11,1998-03-06,COLLECT COD,SHIP,uctions. quick
7168-5,7168,94,45,5,39.00,38769.51,0.05,0.01,N,O,1998-03-04,1998-03-11,1998-03-30,DELIVER IN PERSON,REG AIR,ke slyly care
7168-6,7168,859,93,6,10.00,17598.50,0.04,0.06,N,O,1998-02-20,1998-02-09,1998-03-15,DELIVER IN PERSON,TRUCK,efully alongside of the express dolphin
7168-7,7168,1432,33,7,47.00,62671.21,0.02,0.02,N,O,1998-02-11,1998-01-23,1998-03-04,TAKE BACK RETURN,AIR, slyly even pinto beans sleep carefully af
7169-1,7169,1255,56,1,37.00,42781.25,0.02,0.02,A,F,1993-06-09,1993-06-23,1993-07-09,TAKE BACK RETURN,REG AIR,lar accounts. blithely final ideas de
7169-2,7169,1367,6,2,36.00,45660.96,0.07,0.05,R,F,1993-06-20,1993-05-03,1993-07-09,COLLECT COD,AIR,fix blithe
7169-3,7169,1388,3,3,11.00,14183.18,0.03,0.08,A,F,1993-07-23,1993-06-24,1993-08-13,DELIVER IN PERSON,REG AIR,rs cajole blithely regu
7169-4,7169,1706,7,4,31.00,49838.70,0.04,0.05,A,F,1993-05-30,1993-05-23,1993-06-08,DELIVER IN PERSON,RAIL,foxes. carefully sile
7169-5,7169,597,28,5,36.00,53913.24,0.07,0.01,R,F,1993-06-12,1993-05-21,1993-06-27,COLLECT COD,REG AIR,"posits x-ray blithely even, r"
7170-1,7170,1840,41,1,33.00,57480.72,0.03,0.07,N,O,1998-02-15,1997-12-15,1998-02-28,DELIVER IN PERSON,AIR,bold accounts.
7170-2,7170,959,94,2,22.00,40918.90,0.10,0.06,N,O,1998-02-08,1997-12-25,1998-02-11,NONE,MAIL,ss foxes are carefully upon the
7170-3,7170,1567,88,3,3.00,4405.68,0.06,0.01,N,O,1997-11-01,1998-01-04,1997-11-09,NONE,AIR,wake carefully. special asymptotes haggle 
7170-4,7170,1158,95,4,40.00,42366.00,0.03,0.04,N,O,1997-11-11,1998-01-23,1997-12-09,DELIVER IN PERSON,SHIP," cajole final excuses. ironic, ironic "
7171-1,7171,782,15,1,14.00,23558.92,0.03,0.02,A,F,1995-04-13,1995-05-15,1995-04-27,COLLECT COD,RAIL,s: furiously even package
7171-2,7171,1181,90,2,4.00,4328.72,0.01,0.08,A,F,1995-05-19,1995-03-29,1995-06-11,COLLECT COD,FOB, cajole quickl
7171-3,7171,1765,50,3,40.00,66670.40,0.05,0.07,A,F,1995-05-11,1995-04-10,1995-05-17,COLLECT COD,REG AIR,lly ironic hockey pla
7171-4,7171,925,94,4,46.00,83992.32,0.01,0.03,R,F,1995-05-17,1995-04-13,1995-05-29,TAKE BACK RETURN,SHIP,ies boost furi
7171-5,7171,295,77,5,12.00,14343.48,0.03,0.03,A,F,1995-03-31,1995-03-28,1995-04-29,TAKE BACK RETURN,TRUCK,ross the furiously regular depend
7171-6,7171,266,67,6,13.00,15161.38,0.02,0.06,R,F,1995-04-07,1995-03-27,1995-04-15,DELIVER IN PERSON,MAIL, attainment
7171-7,7171,1910,11,7,40.00,72476.40,0.01,0.01,A,F,1995-03-01,1995-04-24,1995-03-13,DELIVER IN PERSON,MAIL,ithely alo
7172-1,7172,799,64,1,8.00,13598.32,0.09,0.03,N,O,1997-12-18,1997-12-04,1998-01-10,TAKE BACK RETURN,SHIP,"ar, quick accounts. quickly final pa"
7172-2,7172,1308,9,2,44.00,53209.20,0.00,0.05,N,O,1997-11-12,1997-12-02,1997-11-24,NONE,AIR,regular accounts a
7172-3,7172,1084,55,3,12.00,11820.96,0.05,0.07,N,O,1997-11-13,1998-01-14,1997-11-28,TAKE BACK RETURN,RAIL,e slyly regular theodolites. slyly special
7172-4,7172,1186,23,4,31.00,33702.58,0.05,0.08,N,O,1997-12-17,1998-01-04,1997-12-27,DELIVER IN PERSON,SHIP, blithely unusual foxes sl
7173-1,7173,378,63,1,2.00,2556.74,0.10,0.05,R,F,1992-11-08,1992-09-26,1992-11-15,COLLECT COD,MAIL,"posits use bold, final a"
7173-2,7173,828,95,2,19.00,32847.58,0.06,0.06,A,F,1992-09-22,1992-09-10,1992-09-27,COLLECT COD,FOB,p carefully? slyly iro
7174-1,7174,87,38,1,31.00,30599.48,0.00,0.01,A,F,1992-05-20,1992-05-12,1992-06-05,COLLECT COD,RAIL,he carefully rut
7174-2,7174,629,61,2,2.00,3059.24,0.00,0.07,R,F,1992-03-27,1992-05-06,1992-04-01,NONE,MAIL,blithely final deposits haggle slyly
7174-3,7174,954,57,3,7.00,12984.65,0.10,0.04,R,F,1992-04-09,1992-04-14,1992-04-14,DELIVER IN PERSON,RAIL, dependencies. furiously silent deposits 
7174-4,7174,656,57,4,24.00,37359.60,0.08,0.02,A,F,1992-03-24,1992-04-11,1992-04-11,TAKE BACK RETURN,AIR, express theodolites wake quickly. ironic
7175-1,7175,1144,53,1,15.00,15677.10,0.09,0.03,R,F,1993-06-08,1993-04-06,1993-06-30,NONE,TRUCK, according to the qui
7200-1,7200,1183,84,1,16.00,17346.88,0.10,0.01,R,F,1994-01-01,1993-10-16,1994-01-14,TAKE BACK RETURN,AIR,sleep according to the blithely unusua
7200-2,7200,134,13,2,25.00,25853.25,0.05,0.06,A,F,1993-10-20,1993-11-13,1993-11-01,NONE,TRUCK,inal deposits
7200-3,7200,1369,84,3,16.00,20325.76,0.06,0.06,A,F,1993-10-13,1993-11-03,1993-11-07,TAKE BACK RETURN,AIR,s are slyly. unusual accounts are slyly a
7200-4,7200,245,46,4,17.00,19469.08,0.07,0.02,A,F,1993-12-15,1993-11-21,1993-12-18,NONE,FOB,ckly bold requests w
7200-5,7200,786,83,5,29.00,48916.62,0.08,0.03,R,F,1993-12-01,1993-12-05,1993-12-10,COLLECT COD,REG AIR,al requests; fluffi
7200-6,7200,496,97,6,49.00,68428.01,0.09,0.00,R,F,1993-11-19,1993-10-29,1993-12-13,DELIVER IN PERSON,RAIL,"nic, regular requests. quickly even pinto b"
7200-7,7200,1375,52,7,29.00,37014.73,0.02,0.05,A,F,1993-09-22,1993-10-12,1993-10-02,DELIVER IN PERSON,TRUCK,r packages wake carefu
7201-1,7201,1855,42,1,25.00,43921.25,0.10,0.01,N,O,1996-08-04,1996-05-24,1996-08-19,DELIVER IN PERSON,SHIP,heodolites cajole s
7202-1,7202,267,95,1,22.00,25679.72,0.01,0.06,N,O,1996-07-27,1996-08-25,1996-07-31,COLLECT COD,REG AIR, slyly after th
7202-2,7202,1558,59,2,41.00,59841.55,0.08,0.01,N,O,1996-07-10,1996-08-31,1996-08-04,DELIVER IN PERSON,REG AIR, busy accounts haggle blithely. packages 
7202-3,7202,1190,63,3,15.00,16367.85,0.06,0.06,N,O,1996-07-21,1996-07-19,1996-07-26,TAKE BACK RETURN,FOB,s cajole. carefully d
7202-4,7202,1078,84,4,50.00,48953.50,0.10,0.04,N,O,1996-08-03,1996-08-07,1996-08-30,DELIVER IN PERSON,TRUCK, the final deposits haggle special platelet
7202-5,7202,1240,41,5,21.00,23966.04,0.08,0.06,N,O,1996-09-30,1996-07-17,1996-10-08,COLLECT COD,TRUCK,hinder furiously bold requests
7203-1,7203,1031,37,1,26.00,24232.78,0.05,0.02,R,F,1994-03-11,1994-02-19,1994-03-17,DELIVER IN PERSON,SHIP,efully express re
7203-2,7203,963,98,2,50.00,93198.00,0.07,0.02,R,F,1994-01-19,1994-03-29,1994-02-04,TAKE BACK RETURN,MAIL,s. blithely express excuses detect acr
7204-1,7204,1779,80,1,42.00,70592.34,0.00,0.08,N,O,1996-02-18,1996-03-27,1996-03-19,DELIVER IN PERSON,AIR,oxes: fluffily ironic excuses
7204-2,7204,588,79,2,34.00,50611.72,0.08,0.03,N,O,1996-04-13,1996-02-10,1996-05-04,TAKE BACK RETURN,MAIL,efully final requests sleep. fi
7204-3,7204,1594,75,3,10.00,14955.90,0.09,0.04,N,O,1996-03-30,1996-02-12,1996-04-29,NONE,RAIL,ngside of th
7205-1,7205,80,81,1,42.00,41163.36,0.08,0.05,R,F,1994-10-07,1994-10-10,1994-10-09,DELIVER IN PERSON,TRUCK,accounts doubt qui
7205-2,7205,863,63,2,12.00,21166.32,0.01,0.05,R,F,1994-09-12,1994-09-20,1994-09-22,COLLECT COD,RAIL,e regularly about the furi
7205-3,7205,1865,95,3,22.00,38870.92,0.02,0.06,R,F,1994-08-17,1994-10-12,1994-09-06,COLLECT COD,AIR,final theodolites. slyly regu
7205-4,7205,1567,8,4,23.00,33776.88,0.07,0.00,A,F,1994-11-03,1994-09-13,1994-11-28,NONE,SHIP, haggle slowly against the never s
7205-5,7205,522,23,5,27.00,38408.04,0.04,0.01,R,F,1994-10-06,1994-10-04,1994-10-14,TAKE BACK RETURN,TRUCK,ending packages. slyly pending 
7205-6,7205,1341,56,6,44.00,54662.96,0.07,0.01,A,F,1994-11-01,1994-09-10,1994-11-03,DELIVER IN PERSON,TRUCK,are furiously deposits. packages ag
7206-1,7206,699,100,1,3.00,4799.07,0.00,0.07,R,F,1994-05-30,1994-05-21,1994-06-17,COLLECT COD,MAIL,thely special packages nag fi
7207-1,7207,1144,53,1,47.00,49121.58,0.00,0.07,N,O,1998-06-16,1998-04-05,1998-07-04,COLLECT COD,AIR,efully ironic accounts alongsi
7207-2,7207,230,12,2,13.00,14692.99,0.06,0.07,N,O,1998-05-06,1998-04-16,1998-05-14,COLLECT COD,FOB,xes affix somet
7207-3,7207,142,43,3,4.00,4168.56,0.09,0.00,N,O,1998-04-18,1998-04-15,1998-05-08,NONE,FOB,ctions around
7207-4,7207,12,13,4,28.00,25536.28,0.00,0.04,N,O,1998-05-01,1998-04-19,1998-05-28,TAKE BACK RETURN,REG AIR,he packages hinder silently according to t
7232-1,7232,1677,1,1,47.00,74197.49,0.01,0.00,N,O,1998-06-23,1998-04-29,1998-06-27,TAKE BACK RETURN,AIR,"nto beans. regular, even packages "
7232-2,7232,812,12,2,7.00,11989.67,0.06,0.02,N,O,1998-04-18,1998-06-24,1998-05-14,COLLECT COD,REG AIR,"around the bold, special pinto beans use"
7232-3,7232,417,76,3,7.00,9221.87,0.01,0.02,N,O,1998-04-24,1998-06-03,1998-04-29,COLLECT COD,MAIL,"permanent, ironic foxes cajole carefully a"
7233-1,7233,697,98,1,25.00,39942.25,0.07,0.05,N,O,1996-11-27,1997-01-13,1996-12-01,COLLECT COD,REG AIR,"he blithely ironic requests. bold, reg"
7233-2,7233,1049,50,2,37.00,35151.48,0.05,0.00,N,O,1997-01-05,1996-12-23,1997-01-10,COLLECT COD,MAIL, carefully
7234-1,7234,561,62,1,4.00,5846.24,0.00,0.05,N,O,1998-10-06,1998-08-25,1998-10-18,COLLECT COD,MAIL,mptotes nag 
7235-1,7235,260,42,1,5.00,5801.30,0.02,0.06,N,O,1996-11-01,1996-11-15,1996-11-23,NONE,REG AIR,ending frays haggle after 
7235-2,7235,709,6,2,42.00,67607.40,0.09,0.08,N,O,1997-01-19,1996-11-12,1997-01-29,NONE,SHIP,lar deposits after the ev
7235-3,7235,346,31,3,13.00,16202.42,0.03,0.02,N,O,1996-12-31,1996-12-19,1997-01-07,TAKE BACK RETURN,MAIL,s among the warthogs
7236-1,7236,1095,1,1,21.00,20917.89,0.09,0.05,A,F,1993-02-20,1993-03-30,1993-03-08,COLLECT COD,MAIL,slyly alongside of
7236-2,7236,1341,56,2,27.00,33543.18,0.03,0.06,A,F,1993-02-03,1993-02-14,1993-03-05,TAKE BACK RETURN,REG AIR,l orbits boost carefully special account
7236-3,7236,1741,26,3,29.00,47639.46,0.05,0.08,R,F,1993-04-27,1993-04-01,1993-05-18,TAKE BACK RETURN,RAIL,lar deposits haggle blithely 
7236-4,7236,1744,87,4,36.00,59246.64,0.00,0.07,R,F,1993-02-14,1993-02-16,1993-03-12,COLLECT COD,TRUCK,ully even theodolites caj
7237-1,7237,1673,15,1,10.00,15746.70,0.07,0.03,N,O,1998-02-17,1998-03-12,1998-03-02,COLLECT COD,RAIL,ular deposits. 
7237-2,7237,1057,63,2,23.00,22035.15,0.05,0.06,N,O,1998-05-13,1998-02-22,1998-05-14,DELIVER IN PERSON,AIR, final requests. ir
7237-3,7237,1237,75,3,20.00,22764.60,0.03,0.07,N,O,1998-05-02,1998-02-24,1998-05-25,COLLECT COD,MAIL, wake blithely special requests.
7238-1,7238,1680,22,1,44.00,69593.92,0.00,0.07,N,O,1998-05-11,1998-06-01,1998-05-31,DELIVER IN PERSON,RAIL,even asymptotes-- requ
7238-2,7238,64,40,2,49.00,47238.94,0.10,0.02,N,O,1998-04-28,1998-05-14,1998-05-02,DELIVER IN PERSON,REG AIR,ular deposits across the bold escapades a
7238-3,7238,1528,29,3,47.00,67187.44,0.08,0.00,N,O,1998-03-29,1998-04-24,1998-04-14,TAKE BACK RETURN,REG AIR,de of the quickly ironic deposits wake 
7239-1,7239,1644,68,1,36.00,55643.04,0.06,0.02,N,O,1995-09-12,1995-09-13,1995-09-19,DELIVER IN PERSON,RAIL,ses grow furiou
7239-2,7239,160,87,2,24.00,25443.84,0.01,0.08,N,O,1995-08-08,1995-08-30,1995-08-12,COLLECT COD,RAIL,y final foxes nag quickly. i
7264-1,7264,811,45,1,18.00,30812.58,0.08,0.08,N,O,1998-04-08,1998-05-05,1998-05-01,NONE,SHIP,y final platelets will have to mai
7264-2,7264,1248,49,2,22.00,25283.28,0.10,0.03,N,O,1998-04-22,1998-04-30,1998-04-30,TAKE BACK RETURN,AIR,deposits. furiously d
7264-3,7264,1725,52,3,32.00,52055.04,0.00,0.05,N,O,1998-05-21,1998-04-25,1998-06-18,NONE,MAIL,ckly even deposits. special deposit
7264-4,7264,285,86,4,45.00,53337.60,0.05,0.00,N,O,1998-04-15,1998-04-25,1998-04-24,COLLECT COD,REG AIR,e furiously. courts use. furiou
7265-1,7265,364,93,1,26.00,32873.36,0.03,0.02,N,O,1995-11-20,1996-02-08,1995-12-10,DELIVER IN PERSON,REG AIR,ake furiously even as
7265-2,7265,245,100,2,15.00,17178.60,0.06,0.03,N,O,1995-11-27,1996-02-11,1995-12-13,TAKE BACK RETURN,MAIL, express accounts. even platelets wake 
7266-1,7266,1565,66,1,27.00,39597.12,0.06,0.02,N,O,1996-08-23,1996-08-29,1996-08-25,TAKE BACK RETURN,AIR,ithely. foxes haggle blithely about th
7266-2,7266,305,34,2,8.00,9642.40,0.00,0.06,N,O,1996-10-06,1996-09-24,1996-10-15,COLLECT COD,FOB,uickly against the blithely pending plat
7266-3,7266,1833,34,3,4.00,6939.32,0.03,0.06,N,O,1996-11-13,1996-10-18,1996-11-21,NONE,FOB,counts cajole carefully sly
7266-4,7266,1765,50,4,26.00,43335.76,0.03,0.03,N,O,1996-07-22,1996-08-23,1996-08-15,DELIVER IN PERSON,TRUCK,uternes after the carefully regular
7267-1,7267,1341,56,1,40.00,49693.60,0.08,0.03,A,F,1992-11-11,1992-10-09,1992-11-13,TAKE BACK RETURN,FOB,g. special packages across the slowly
7267-2,7267,665,66,2,36.00,56363.76,0.07,0.04,R,F,1992-10-25,1992-10-04,1992-11-13,COLLECT COD,TRUCK, accounts. pinto beans nod s
7267-3,7267,1570,71,3,37.00,54448.09,0.03,0.08,R,F,1992-10-17,1992-11-24,1992-11-03,NONE,REG AIR,"lar, regular requ"
7267-4,7267,50,1,4,49.00,46552.45,0.05,0.07,A,F,1992-11-01,1992-11-05,1992-11-14,COLLECT COD,AIR,unts are furiously. blithely pending 
7267-5,7267,633,96,5,47.00,72080.61,0.00,0.08,A,F,1992-09-23,1992-10-17,1992-10-04,COLLECT COD,RAIL,gular platelets p
7268-1,7268,1168,77,1,48.00,51319.68,0.06,0.07,N,O,1997-02-01,1996-12-31,1997-02-23,NONE,MAIL,"regular, even deposits. deposits accor"
7268-2,7268,1493,33,2,5.00,6972.45,0.10,0.02,N,O,1997-01-18,1996-12-20,1997-02-05,NONE,AIR,olites cajol
7269-1,7269,196,49,1,48.00,52617.12,0.07,0.07,A,F,1994-09-18,1994-10-19,1994-10-10,TAKE BACK RETURN,MAIL,uickly express dependencies ca
7270-1,7270,1020,26,1,48.00,44208.96,0.04,0.05,N,O,1998-04-11,1998-03-09,1998-04-24,TAKE BACK RETURN,FOB,. final idea
7270-2,7270,1424,64,2,29.00,38437.18,0.05,0.05,N,O,1998-02-20,1998-04-23,1998-02-22,COLLECT COD,REG AIR, furiously near the fu
7270-3,7270,1308,47,3,6.00,7255.80,0.10,0.06,N,O,1998-02-26,1998-03-12,1998-03-07,COLLECT COD,AIR,ar dolphins beside the slyly reg
7270-4,7270,725,58,4,24.00,39017.28,0.02,0.01,N,O,1998-03-24,1998-03-18,1998-04-03,NONE,RAIL,oxes. blith
7270-5,7270,1662,86,5,40.00,62546.40,0.08,0.00,N,O,1998-02-06,1998-04-22,1998-03-08,TAKE BACK RETURN,TRUCK, haggle above the eve
7270-6,7270,530,61,6,45.00,64373.85,0.09,0.08,N,O,1998-05-16,1998-04-24,1998-06-14,NONE,TRUCK,usly special braids. ca
7271-1,7271,1456,96,1,1.00,1357.45,0.06,0.08,N,O,1998-08-14,1998-10-14,1998-08-23,NONE,AIR,uickly slyly iron
7271-2,7271,1137,10,2,43.00,44639.59,0.06,0.06,N,O,1998-09-29,1998-10-14,1998-10-12,DELIVER IN PERSON,REG AIR,uests integrate. carefully special depos
7271-3,7271,1397,98,3,4.00,5193.56,0.05,0.01,N,O,1998-09-04,1998-09-01,1998-09-25,DELIVER IN PERSON,FOB,ag. slyly final ideas integr
7271-4,7271,1257,32,4,8.00,9266.00,0.10,0.06,N,O,1998-10-06,1998-10-16,1998-11-04,DELIVER IN PERSON,AIR,excuses integrate. regular theodolites bre
7271-5,7271,377,34,5,17.00,21715.29,0.09,0.03,N,O,1998-09-30,1998-10-26,1998-10-05,TAKE BACK RETURN,SHIP, blithely regular instructions. regular
7271-6,7271,22,98,6,42.00,38724.84,0.05,0.04,N,O,1998-11-07,1998-10-01,1998-11-08,TAKE BACK RETURN,SHIP,"ironic, regular requests detect p"
7296-1,7296,1156,29,1,12.00,12685.80,0.04,0.03,N,O,1996-12-14,1997-01-08,1996-12-30,DELIVER IN PERSON,FOB,en accounts: blithely special ideas boo
7297-1,7297,925,60,1,35.00,63907.20,0.03,0.05,A,F,1994-11-30,1994-11-20,1994-12-27,NONE,RAIL,odolites sleep careful
7297-2,7297,769,70,2,25.00,41744.00,0.06,0.05,R,F,1994-10-09,1994-10-29,1994-10-23,DELIVER IN PERSON,FOB,ing requests wake blithely. iron
7297-3,7297,1314,29,3,36.00,43751.16,0.09,0.05,R,F,1994-11-08,1994-11-16,1994-11-17,DELIVER IN PERSON,TRUCK,ully final packages. furiously fi
7297-4,7297,978,79,4,7.00,13152.79,0.06,0.00,R,F,1994-11-28,1994-11-20,1994-12-01,NONE,SHIP,ons. furiously e
7297-5,7297,851,18,5,14.00,24525.90,0.02,0.04,R,F,1994-11-27,1994-12-12,1994-12-12,TAKE BACK RETURN,FOB,ackages sleep furiously accordi
7297-6,7297,241,23,6,27.00,30813.48,0.06,0.03,A,F,1994-09-18,1994-12-11,1994-10-14,COLLECT COD,REG AIR,ers wake carefully. specia
7297-7,7297,707,8,7,20.00,32154.00,0.10,0.06,A,F,1994-12-02,1994-12-12,1994-12-05,COLLECT COD,REG AIR,fily above the blithely reg
7298-1,7298,1350,89,1,43.00,53808.05,0.02,0.04,N,O,1997-10-18,1997-09-01,1997-11-10,DELIVER IN PERSON,FOB,eodolites. blithely pending pinto beans 
7298-2,7298,1972,5,2,21.00,39353.37,0.10,0.03,N,O,1997-07-12,1997-08-31,1997-07-31,NONE,SHIP,r requests: blithely unusual 
7298-3,7298,231,59,3,1.00,1131.23,0.06,0.01,N,O,1997-10-05,1997-08-27,1997-10-15,TAKE BACK RETURN,FOB,structions. pinto beans are final pinto 
7298-4,7298,1580,81,4,22.00,32594.76,0.08,0.04,N,O,1997-07-24,1997-09-28,1997-08-16,NONE,REG AIR,ly special excuses wake fluff
7299-1,7299,339,40,1,37.00,45855.21,0.04,0.01,R,F,1992-06-03,1992-04-27,1992-06-08,NONE,REG AIR,ng the per
7299-2,7299,672,4,2,12.00,18872.04,0.06,0.01,A,F,1992-05-18,1992-04-19,1992-06-03,DELIVER IN PERSON,TRUCK, asymptotes along the carefully 
7299-3,7299,582,73,3,23.00,34099.34,0.09,0.04,A,F,1992-03-11,1992-04-13,1992-04-04,TAKE BACK RETURN,MAIL,of the fluffily permanent a
7300-1,7300,708,73,1,16.00,25739.20,0.09,0.06,R,F,1994-05-08,1994-04-27,1994-06-04,COLLECT COD,MAIL, asymptotes? packages o
7300-2,7300,421,22,2,32.00,42285.44,0.03,0.00,R,F,1994-06-27,1994-05-21,1994-07-18,TAKE BACK RETURN,MAIL, up the final requests wake ac
7300-3,7300,953,54,3,25.00,46348.75,0.08,0.08,A,F,1994-04-22,1994-06-09,1994-05-04,COLLECT COD,TRUCK, quickly ironic 
7300-4,7300,1243,18,4,4.00,4576.96,0.08,0.06,A,F,1994-05-07,1994-04-24,1994-05-27,NONE,REG AIR,s nag quickly above the q
7300-5,7300,497,27,5,21.00,29347.29,0.00,0.06,A,F,1994-07-19,1994-05-06,1994-08-01,DELIVER IN PERSON,MAIL,xpress pains. quickly even pinto be
7300-6,7300,346,47,6,39.00,48607.26,0.00,0.05,R,F,1994-04-05,1994-04-19,1994-04-29,COLLECT COD,FOB,es. carefully 
7300-7,7300,261,62,7,50.00,58063.00,0.08,0.00,A,F,1994-06-04,1994-05-12,1994-06-09,DELIVER IN PERSON,AIR,ess instructions are fluffily fu
7301-1,7301,1142,79,1,32.00,33380.48,0.00,0.07,R,F,1994-02-25,1994-02-18,1994-03-20,DELIVER IN PERSON,AIR,totes snooze furiously. busy
7302-1,7302,1709,36,1,36.00,57985.20,0.01,0.04,N,O,1995-06-18,1995-05-14,1995-07-16,TAKE BACK RETURN,REG AIR,ckages. furiously regular sauter
7302-2,7302,208,36,2,18.00,19947.60,0.00,0.05,A,F,1995-04-07,1995-05-29,1995-04-26,TAKE BACK RETURN,FOB,ally ironic theodolit
7303-1,7303,331,88,1,34.00,41865.22,0.06,0.05,R,F,1993-07-27,1993-08-06,1993-08-01,TAKE BACK RETURN,REG AIR,s. slyly regular foxes 
7303-2,7303,1848,49,2,23.00,40246.32,0.01,0.04,A,F,1993-07-01,1993-08-23,1993-07-11,DELIVER IN PERSON,AIR,ronic packages use carefully about the regu
7328-1,7328,1962,7,1,39.00,72694.44,0.10,0.04,N,O,1998-06-24,1998-07-18,1998-07-17,TAKE BACK RETURN,SHIP,ake blithely thin foxes. carefu
7328-2,7328,804,5,2,18.00,30686.40,0.06,0.06,N,O,1998-05-22,1998-06-04,1998-05-26,NONE,REG AIR,y final deposits. requests
7328-3,7328,1095,1,3,40.00,39843.60,0.01,0.02,N,O,1998-08-09,1998-05-30,1998-08-18,DELIVER IN PERSON,SHIP,ts after the ironic i
7328-4,7328,387,44,4,15.00,19310.70,0.05,0.05,N,O,1998-07-31,1998-05-25,1998-08-13,TAKE BACK RETURN,SHIP,dependencies. slowly ironic
7328-5,7328,283,84,5,28.00,33131.84,0.04,0.06,N,O,1998-06-21,1998-06-01,1998-06-28,DELIVER IN PERSON,SHIP, accounts detect q
7328-6,7328,1759,44,6,17.00,28232.75,0.03,0.06,N,O,1998-04-30,1998-07-02,1998-05-04,TAKE BACK RETURN,FOB,y unusual instructions. regular accounts 
7328-7,7328,298,26,7,8.00,9586.32,0.01,0.06,N,O,1998-08-18,1998-06-27,1998-09-11,NONE,AIR,ses. regular requests cajole blit
7329-1,7329,1374,75,1,40.00,51014.80,0.01,0.07,N,O,1996-12-15,1996-11-21,1997-01-08,DELIVER IN PERSON,FOB,r packages cajole. furiously final i
7329-2,7329,517,8,2,7.00,9922.57,0.04,0.01,N,O,1996-10-16,1997-01-01,1996-11-01,TAKE BACK RETURN,AIR,nusual water
7329-3,7329,1622,64,3,35.00,53326.70,0.09,0.05,N,O,1996-10-08,1996-11-12,1996-10-15,TAKE BACK RETURN,MAIL,ly even ideas. idea
7329-4,7329,1986,31,4,13.00,24543.74,0.08,0.04,N,O,1996-10-12,1996-12-25,1996-11-10,TAKE BACK RETURN,MAIL,asymptotes are furiously. depen
7329-5,7329,1426,5,5,28.00,37167.76,0.06,0.07,N,O,1997-01-20,1996-12-30,1997-01-26,NONE,TRUCK,nto beans run carefully. fluffily 
7330-1,7330,396,53,1,45.00,58337.55,0.08,0.08,N,O,1998-09-04,1998-09-28,1998-09-09,COLLECT COD,AIR,"c, ironic escapades haggle flu"
7330-2,7330,140,93,2,34.00,35364.76,0.10,0.05,N,O,1998-10-04,1998-10-06,1998-10-09,NONE,RAIL,ironic accounts; deposits haggle never a
7330-3,7330,683,84,3,47.00,74432.96,0.04,0.02,N,O,1998-10-08,1998-09-28,1998-10-12,COLLECT COD,REG AIR,e quickly across the quickly p
7330-4,7330,608,40,4,5.00,7543.00,0.05,0.08,N,O,1998-07-18,1998-09-03,1998-08-09,NONE,FOB,posits. deposits lose fluffily alongside o
7330-5,7330,599,60,5,42.00,62982.78,0.02,0.08,N,O,1998-07-15,1998-09-07,1998-07-20,DELIVER IN PERSON,SHIP,atelets. blithely slow instructions wake f
7331-1,7331,423,11,1,22.00,29115.24,0.00,0.05,N,O,1996-08-26,1996-08-28,1996-09-13,DELIVER IN PERSON,AIR," blithely regular, pending hockey player"
7331-2,7331,1829,30,2,13.00,22500.66,0.02,0.07,N,O,1996-09-27,1996-08-27,1996-10-10,DELIVER IN PERSON,MAIL,. express excuses nag qui
7331-3,7331,299,81,3,10.00,11992.90,0.08,0.08,N,O,1996-10-04,1996-10-20,1996-10-23,TAKE BACK RETURN,SHIP,ly special requests boost slyly through 
7331-4,7331,1960,49,4,17.00,31653.32,0.09,0.08,N,O,1996-09-16,1996-09-13,1996-09-27,COLLECT COD,SHIP,d the blithely express ideas hinder ag
7331-5,7331,177,78,5,31.00,33392.27,0.01,0.00,N,O,1996-10-04,1996-09-20,1996-10-07,COLLECT COD,AIR,nic requests according to the 
7331-6,7331,1705,48,6,43.00,69088.10,0.00,0.08,N,O,1996-07-28,1996-09-18,1996-08-21,COLLECT COD,SHIP,rly ironic excus
7332-1,7332,399,56,1,16.00,20790.24,0.10,0.01,N,O,1996-11-28,1996-09-18,1996-12-02,COLLECT COD,MAIL,ainst the qu
7332-2,7332,1178,87,2,50.00,53958.50,0.00,0.01,N,O,1996-09-17,1996-11-06,1996-10-07,NONE,TRUCK, the slyly iron
7332-3,7332,799,64,3,1.00,1699.79,0.08,0.04,N,O,1996-11-07,1996-10-20,1996-11-28,NONE,MAIL,ely unusual dependenci
7332-4,7332,1780,81,4,17.00,28590.26,0.07,0.07,N,O,1996-10-04,1996-10-23,1996-10-24,NONE,REG AIR,theodolites. enticingly r
7332-5,7332,58,9,5,7.00,6706.35,0.04,0.04,N,O,1996-09-12,1996-09-20,1996-09-19,COLLECT COD,TRUCK,arefully bold foxes. ca
7333-1,7333,1697,98,1,45.00,71941.05,0.06,0.05,N,O,1996-11-06,1996-12-13,1996-12-06,DELIVER IN PERSON,FOB, the furiously 
7333-2,7333,411,99,2,3.00,3934.23,0.00,0.00,N,O,1996-10-15,1996-11-25,1996-10-26,NONE,RAIL,ilent sentiments detect fluffily unusu
7334-1,7334,91,67,1,23.00,22795.07,0.02,0.04,N,O,1997-11-24,1997-10-27,1997-12-12,NONE,RAIL,ole fluffily. final instructi
7334-2,7334,914,15,2,32.00,58077.12,0.07,0.02,N,O,1997-09-08,1997-10-21,1997-10-07,TAKE BACK RETURN,AIR,aids. spec
7334-3,7334,86,62,3,16.00,15777.28,0.08,0.04,N,O,1997-08-16,1997-10-03,1997-09-15,NONE,FOB,he pending dinos-
7334-4,7334,1835,79,4,5.00,8684.15,0.08,0.00,N,O,1997-09-19,1997-09-30,1997-10-15,COLLECT COD,AIR,"ar, express requests nag furi"
7335-1,7335,1952,85,1,45.00,83427.75,0.02,0.08,R,F,1993-09-26,1993-07-11,1993-10-26,COLLECT COD,TRUCK,". ironic, even courts wake slyly ca"
7335-2,7335,533,24,2,6.00,8601.18,0.08,0.02,A,F,1993-06-11,1993-08-25,1993-06-22,NONE,RAIL,n deposits boost carefully among the 
7335-3,7335,1826,56,3,42.00,72568.44,0.05,0.03,A,F,1993-07-24,1993-08-11,1993-08-14,DELIVER IN PERSON,SHIP,times regular Tiresias. quickly furious
7335-4,7335,1538,39,4,19.00,27351.07,0.06,0.07,A,F,1993-08-27,1993-08-26,1993-09-18,DELIVER IN PERSON,TRUCK,s! even instructions sleep against the q
7335-5,7335,310,67,5,31.00,37519.61,0.09,0.06,A,F,1993-07-12,1993-07-26,1993-08-11,DELIVER IN PERSON,TRUCK,y pending plat
7360-1,7360,1802,3,1,33.00,56225.40,0.06,0.03,N,O,1998-02-19,1998-01-12,1998-02-28,COLLECT COD,TRUCK,out the blithely bold accounts 
7361-1,7361,1085,56,1,42.00,41415.36,0.09,0.05,A,F,1994-10-13,1994-11-30,1994-11-05,NONE,SHIP,ts! final sheaves sleep blithely car
7361-2,7361,1891,78,2,32.00,57372.48,0.02,0.02,A,F,1995-01-14,1994-12-10,1995-02-04,NONE,FOB,nal requests sleep car
7361-3,7361,1696,79,3,25.00,39942.25,0.10,0.06,R,F,1994-12-12,1994-11-16,1994-12-14,COLLECT COD,FOB,y ironic dependencies. spec
7361-4,7361,914,15,4,38.00,68966.58,0.00,0.03,A,F,1995-01-31,1994-12-18,1995-02-20,COLLECT COD,FOB,hould have to sleep
7361-5,7361,269,97,5,15.00,17538.90,0.10,0.01,A,F,1994-10-16,1994-12-17,1994-10-25,TAKE BACK RETURN,SHIP,eas about the asymptotes 
7361-6,7361,478,37,6,34.00,46867.98,0.04,0.03,A,F,1994-12-18,1994-12-16,1994-12-30,DELIVER IN PERSON,REG AIR, according to the quickly sp
7362-1,7362,1618,60,1,1.00,1519.61,0.02,0.01,R,F,1994-12-20,1995-02-09,1994-12-28,TAKE BACK RETURN,REG AIR,furiously! quic
7362-2,7362,1828,29,2,36.00,62273.52,0.03,0.02,A,F,1994-11-24,1994-12-31,1994-12-05,TAKE BACK RETURN,MAIL,ts thrash slyly quick accounts.
7363-1,7363,216,17,1,31.00,34602.51,0.05,0.03,A,F,1993-12-21,1993-12-15,1994-01-06,TAKE BACK RETURN,RAIL, express pinto beans. quick account
7363-2,7363,1294,32,2,18.00,21515.22,0.09,0.01,R,F,1994-01-03,1994-01-04,1994-01-29,DELIVER IN PERSON,AIR, unusual somas. regular instr
7364-1,7364,1191,92,1,50.00,54609.50,0.08,0.07,R,F,1994-07-12,1994-07-19,1994-07-27,COLLECT COD,MAIL,ess packages above the furiously f
7364-2,7364,752,17,2,18.00,29749.50,0.08,0.00,A,F,1994-07-27,1994-07-29,1994-08-23,COLLECT COD,RAIL,ong the furiou
7364-3,7364,1661,44,3,20.00,31253.20,0.10,0.01,A,F,1994-08-07,1994-08-04,1994-08-19,TAKE BACK RETURN,MAIL,cording to the blith
7365-1,7365,476,77,1,35.00,48176.45,0.04,0.03,N,O,1998-05-29,1998-05-25,1998-06-11,DELIVER IN PERSON,SHIP,uests boost blithely final
7365-2,7365,108,87,2,17.00,17137.70,0.05,0.00,N,O,1998-06-28,1998-05-17,1998-07-16,COLLECT COD,SHIP,. instructions hang fluffily even
7365-3,7365,184,63,3,44.00,47703.92,0.02,0.02,N,O,1998-07-03,1998-05-07,1998-07-07,NONE,AIR,"y. regular, pending deposits among the q"
7365-4,7365,1022,28,4,30.00,27690.60,0.04,0.03,N,O,1998-05-23,1998-04-06,1998-05-25,NONE,REG AIR,"n, silent deposits are. fi"
7365-5,7365,1174,83,5,41.00,44081.97,0.07,0.00,N,O,1998-04-24,1998-05-03,1998-05-11,DELIVER IN PERSON,AIR,"asymptotes. unusual, p"
7366-1,7366,1856,57,1,19.00,33399.15,0.02,0.07,R,F,1994-06-17,1994-04-17,1994-07-07,COLLECT COD,REG AIR,egular instructions: f
7366-2,7366,782,83,2,27.00,45435.06,0.10,0.02,A,F,1994-07-10,1994-05-14,1994-08-05,NONE,TRUCK,"xpress requests. regular, regular deposits "
7367-1,7367,1062,63,1,29.00,27928.74,0.03,0.02,N,O,1995-07-17,1995-08-22,1995-07-18,TAKE BACK RETURN,AIR,eas. final acco
7367-2,7367,1924,25,2,24.00,43822.08,0.01,0.03,N,O,1995-06-28,1995-07-06,1995-07-12,NONE,AIR,ions. ironic platelets c
7367-3,7367,1492,71,3,14.00,19508.86,0.03,0.06,N,O,1995-07-24,1995-08-08,1995-08-07,NONE,MAIL, detect quickly. final p
7367-4,7367,1973,6,4,15.00,28124.55,0.08,0.05,N,O,1995-08-06,1995-07-16,1995-08-20,NONE,TRUCK,"mptotes boost. ironic, unusual ideas haggle"
7392-1,7392,828,29,1,21.00,36305.22,0.10,0.02,N,O,1996-07-05,1996-06-24,1996-07-29,COLLECT COD,TRUCK,uriously ironic instructions.
7392-2,7392,1834,21,2,20.00,34716.60,0.00,0.05,N,O,1996-06-14,1996-07-12,1996-07-02,TAKE BACK RETURN,REG AIR,s sleep slyly across the bold deposits
7392-3,7392,58,59,3,18.00,17244.90,0.02,0.05,N,O,1996-05-08,1996-07-02,1996-05-26,DELIVER IN PERSON,FOB,p fluffily after the ideas. quic
7392-4,7392,789,22,4,49.00,82799.22,0.06,0.08,N,O,1996-05-25,1996-06-08,1996-06-13,DELIVER IN PERSON,MAIL,posits sleep quickl
7392-5,7392,390,75,5,11.00,14194.29,0.02,0.00,N,O,1996-05-02,1996-06-18,1996-05-28,TAKE BACK RETURN,AIR, fluffily special accounts affix
7393-1,7393,641,4,1,11.00,16958.04,0.08,0.01,N,O,1996-01-13,1996-02-21,1996-02-09,DELIVER IN PERSON,TRUCK,rmanent accounts. s
7393-2,7393,984,85,2,35.00,65974.30,0.06,0.06,N,O,1996-04-12,1996-01-29,1996-05-04,TAKE BACK RETURN,SHIP,xes. ironic foxes use slyl
7393-3,7393,1908,97,3,48.00,86875.20,0.05,0.01,N,O,1996-02-25,1996-02-25,1996-03-06,TAKE BACK RETURN,MAIL,ly express accounts cajole eve
7393-4,7393,969,38,4,22.00,41139.12,0.00,0.07,N,O,1996-03-28,1996-02-04,1996-04-14,DELIVER IN PERSON,FOB,uriously about 
7393-5,7393,715,48,5,4.00,6462.84,0.03,0.03,N,O,1996-02-29,1996-03-06,1996-03-06,DELIVER IN PERSON,MAIL,uriously regular depos
7394-1,7394,706,7,1,25.00,40167.50,0.09,0.03,N,O,1998-07-16,1998-09-13,1998-08-06,NONE,SHIP,"he pending, ironic requests. carefully iron"
7394-2,7394,8,59,2,17.00,15436.00,0.02,0.01,N,O,1998-09-18,1998-08-11,1998-10-18,TAKE BACK RETURN,SHIP,he quickly regular deposits cajole about th
7394-3,7394,493,81,3,1.00,1393.49,0.07,0.04,N,O,1998-10-31,1998-08-13,1998-11-29,TAKE BACK RETURN,AIR,ly final pa
7394-4,7394,183,10,4,32.00,34661.76,0.00,0.03,N,O,1998-08-07,1998-09-23,1998-09-05,DELIVER IN PERSON,MAIL,ending theodolites among
7395-1,7395,803,4,1,4.00,6815.20,0.09,0.08,N,O,1998-02-23,1998-04-15,1998-03-25,DELIVER IN PERSON,SHIP,"ly brave gifts. special, final theodol"
7395-2,7395,337,94,2,27.00,33407.91,0.02,0.06,N,O,1998-03-09,1998-02-27,1998-03-26,COLLECT COD,RAIL,pending accounts ar
7395-3,7395,214,42,3,44.00,49025.24,0.02,0.02,N,O,1998-05-14,1998-04-18,1998-06-11,TAKE BACK RETURN,RAIL,es cajole blithely accor
7395-4,7395,1013,84,4,28.00,25592.28,0.10,0.04,N,O,1998-03-23,1998-03-20,1998-04-18,TAKE BACK RETURN,FOB, regular packages. iron
7395-5,7395,1521,42,5,21.00,29872.92,0.00,0.03,N,O,1998-03-23,1998-04-08,1998-04-07,DELIVER IN PERSON,TRUCK,oach furiou
7395-6,7395,1284,59,6,43.00,50967.04,0.00,0.03,N,O,1998-04-08,1998-03-04,1998-04-22,NONE,RAIL,ments. ironic foxes boost. carefully reg
7396-1,7396,1849,79,1,41.00,71784.44,0.01,0.05,N,O,1998-04-28,1998-04-01,1998-05-06,TAKE BACK RETURN,MAIL,dencies. even requests use blithely fina
7396-2,7396,409,68,2,9.00,11784.60,0.03,0.04,N,O,1998-04-16,1998-02-13,1998-05-01,TAKE BACK RETURN,FOB,regular pac
7397-1,7397,1575,16,1,9.00,13289.13,0.08,0.04,R,F,1994-09-06,1994-06-28,1994-09-07,TAKE BACK RETURN,FOB,"deposits according to the regular, ev"
7398-1,7398,1148,21,1,3.00,3147.42,0.05,0.03,R,F,1994-09-08,1994-07-19,1994-09-13,TAKE BACK RETURN,FOB,e slyly bold foxes. idea
7398-2,7398,536,37,2,18.00,25857.54,0.08,0.01,A,F,1994-06-16,1994-07-25,1994-06-28,DELIVER IN PERSON,MAIL,ts. furiously special foxes acro
7398-3,7398,1722,65,3,10.00,16237.20,0.10,0.00,A,F,1994-07-09,1994-07-17,1994-08-06,COLLECT COD,REG AIR,cuses. fluff
7398-4,7398,1974,63,4,12.00,22511.64,0.02,0.02,R,F,1994-07-31,1994-07-11,1994-08-16,DELIVER IN PERSON,SHIP,"nts; regular, express packages cajole even"
7398-5,7398,1414,32,5,15.00,19731.15,0.02,0.07,R,F,1994-06-19,1994-07-29,1994-06-22,NONE,SHIP, excuses boost alongside of the final p
7398-6,7398,547,38,6,20.00,28950.80,0.06,0.07,R,F,1994-09-05,1994-07-07,1994-10-03,COLLECT COD,MAIL,efully ironic accounts would
7398-7,7398,1054,90,7,40.00,38202.00,0.07,0.03,R,F,1994-07-04,1994-07-11,1994-07-09,COLLECT COD,AIR,y regular ideas
7399-1,7399,1571,72,1,21.00,30923.97,0.06,0.02,N,O,1997-09-07,1997-10-31,1997-09-15,DELIVER IN PERSON,REG AIR, nag fluffily about 
7399-2,7399,1516,97,2,7.00,9922.57,0.04,0.03,N,O,1997-09-14,1997-09-11,1997-10-13,NONE,REG AIR,uriously. carefully ironic ideas
7399-3,7399,1410,28,3,37.00,48522.17,0.09,0.08,N,O,1997-09-12,1997-09-13,1997-09-17,TAKE BACK RETURN,SHIP, foxes. ca
7399-4,7399,1090,26,4,8.00,7928.72,0.08,0.03,N,O,1997-10-17,1997-10-25,1997-11-06,TAKE BACK RETURN,AIR,"arefully final requests. regular, eve"
7399-5,7399,959,60,5,43.00,79977.85,0.00,0.03,N,O,1997-10-06,1997-09-25,1997-10-09,NONE,AIR,al ideas serve slyly. quickly p
7399-6,7399,1288,26,6,38.00,45192.64,0.00,0.06,N,O,1997-09-13,1997-09-30,1997-09-14,COLLECT COD,REG AIR,ndencies. quickly even accounts hag
7424-1,7424,1581,62,1,6.00,8895.48,0.00,0.06,N,O,1998-07-12,1998-07-15,1998-07-26,NONE,FOB,uriously caref
7425-1,7425,817,84,1,34.00,58405.54,0.03,0.04,N,O,1997-10-25,1997-11-05,1997-11-04,NONE,REG AIR,ously pending request
7425-2,7425,899,66,2,21.00,37797.69,0.10,0.00,N,O,1997-09-29,1997-11-16,1997-10-02,NONE,REG AIR,latelets use blithely quickly unusual pa
7425-3,7425,549,40,3,8.00,11596.32,0.04,0.07,N,O,1997-09-26,1997-11-26,1997-10-10,TAKE BACK RETURN,AIR,yly pending deposits wake ironically carefu
7426-1,7426,77,53,1,15.00,14656.05,0.00,0.04,A,F,1995-05-11,1995-02-19,1995-05-16,DELIVER IN PERSON,FOB,ial requests sleep. f
7427-1,7427,1882,12,1,21.00,37461.48,0.08,0.03,A,F,1993-02-05,1993-01-28,1993-03-03,NONE,FOB,nal packages. fluffily express packag
7427-2,7427,366,67,2,31.00,39257.16,0.09,0.00,R,F,1993-01-14,1993-03-08,1993-01-19,DELIVER IN PERSON,TRUCK, to the thi
7427-3,7427,208,63,3,32.00,35462.40,0.08,0.01,R,F,1992-12-25,1993-02-17,1993-01-14,NONE,FOB,unts cajole sometimes. ironic instructions
7427-4,7427,454,55,4,19.00,25734.55,0.08,0.02,A,F,1992-12-20,1993-01-19,1993-01-15,COLLECT COD,AIR,c sauternes. fluffily
7427-5,7427,1201,39,5,28.00,30861.60,0.01,0.02,R,F,1993-02-27,1993-02-27,1993-03-06,NONE,FOB, slow theodolites. pendi
7427-6,7427,1303,42,6,45.00,54193.50,0.07,0.03,R,F,1993-02-08,1993-01-26,1993-02-22,COLLECT COD,AIR, requests sleep always? carefull
7427-7,7427,9,35,7,29.00,26361.00,0.09,0.02,R,F,1993-02-23,1993-02-27,1993-03-04,DELIVER IN PERSON,FOB,s. blithely ironic hockey players are
7428-1,7428,1223,35,1,46.00,51714.12,0.02,0.01,N,O,1997-08-15,1997-10-07,1997-09-01,DELIVER IN PERSON,FOB,nal deposits sleep d
7428-2,7428,1413,31,2,38.00,49947.58,0.02,0.01,N,O,1997-11-02,1997-09-22,1997-11-03,DELIVER IN PERSON,SHIP,are blithely. carefully 
7429-1,7429,1067,38,1,21.00,20329.26,0.00,0.04,A,F,1993-08-05,1993-08-21,1993-08-20,NONE,REG AIR,y. theodolites accord
7429-2,7429,632,33,2,29.00,44446.27,0.03,0.03,A,F,1993-09-13,1993-08-15,1993-09-23,COLLECT COD,RAIL,"ke. pending, ironic packages run"
7429-3,7429,1014,85,3,13.00,11895.13,0.03,0.02,A,F,1993-08-23,1993-07-31,1993-09-22,NONE,FOB,y even excuses nag fu
7429-4,7429,1820,21,4,42.00,72316.44,0.03,0.03,R,F,1993-09-09,1993-08-24,1993-09-21,NONE,MAIL,efully pending inst
7430-1,7430,700,1,1,17.00,27211.90,0.02,0.06,A,F,1993-06-29,1993-07-22,1993-07-28,NONE,SHIP,y carefully even requests. blithely pe
7430-2,7430,1932,21,2,39.00,71523.27,0.05,0.03,A,F,1993-07-04,1993-08-18,1993-07-13,DELIVER IN PERSON,MAIL,e courts cajole carefully d
7431-1,7431,37,63,1,26.00,24362.78,0.05,0.08,R,F,1994-06-09,1994-07-18,1994-07-02,TAKE BACK RETURN,SHIP,l accounts sleep s
7431-2,7431,1423,2,2,10.00,13244.20,0.07,0.03,A,F,1994-07-08,1994-07-09,1994-07-30,NONE,RAIL,en grouches are. f
7431-3,7431,842,43,3,46.00,80170.64,0.04,0.04,R,F,1994-07-07,1994-07-20,1994-07-19,TAKE BACK RETURN,SHIP,ular deposits integrate sly
7456-1,7456,1467,46,1,48.00,65686.08,0.10,0.00,N,O,1997-04-05,1997-05-04,1997-04-07,NONE,AIR,as. quickly final deposits sleep
7456-2,7456,1953,54,2,25.00,46373.75,0.05,0.01,N,O,1997-05-20,1997-05-13,1997-06-12,COLLECT COD,MAIL,sits boost acco
7456-3,7456,1912,1,3,39.00,70742.49,0.04,0.08,N,O,1997-03-30,1997-06-02,1997-04-03,NONE,MAIL, fluffily silent reque
7457-1,7457,1045,81,1,19.00,17974.76,0.05,0.02,R,F,1994-01-07,1993-12-11,1994-02-01,NONE,RAIL,y regular ideas. regula
7457-2,7457,314,71,2,30.00,36429.30,0.02,0.04,R,F,1993-10-05,1993-12-12,1993-11-01,DELIVER IN PERSON,RAIL,inst the stealthy ins
7457-3,7457,1322,23,3,11.00,13456.52,0.02,0.08,R,F,1993-10-21,1993-12-26,1993-10-30,DELIVER IN PERSON,TRUCK,ans haggle slyly over the regu
7457-4,7457,1072,73,4,46.00,44761.22,0.02,0.02,A,F,1993-10-05,1993-11-28,1993-10-15,COLLECT COD,TRUCK,ular foxes. slyly bo
7457-5,7457,188,15,5,16.00,17410.88,0.04,0.03,R,F,1993-10-31,1993-12-13,1993-11-08,DELIVER IN PERSON,RAIL,"ent, regular packages. even"
7457-6,7457,492,80,6,46.00,64054.54,0.09,0.01,R,F,1993-10-03,1993-11-26,1993-11-01,COLLECT COD,MAIL, up the requests. furiously even fr
7458-1,7458,1555,56,1,41.00,59718.55,0.07,0.02,R,F,1992-07-22,1992-06-24,1992-08-15,NONE,SHIP,kly carefully even deposits. 
7458-2,7458,2,53,2,13.00,11726.00,0.10,0.00,A,F,1992-06-12,1992-05-18,1992-07-02,DELIVER IN PERSON,SHIP,ongside of the carefully
7458-3,7458,559,20,3,1.00,1459.55,0.02,0.03,A,F,1992-06-22,1992-05-16,1992-06-29,COLLECT COD,REG AIR,thely final foxes sleep aga
7458-4,7458,565,66,4,13.00,19052.28,0.02,0.04,A,F,1992-04-30,1992-05-05,1992-05-12,DELIVER IN PERSON,RAIL,ons wake always carefully ironic instruc
7458-5,7458,455,14,5,17.00,23042.65,0.03,0.05,R,F,1992-06-07,1992-07-02,1992-06-13,COLLECT COD,FOB,pinto beans. furiously ironi
7458-6,7458,234,16,6,6.00,6805.38,0.10,0.04,R,F,1992-05-16,1992-06-19,1992-06-01,NONE,TRUCK,arefully pending foxes coul
7459-1,7459,477,65,1,24.00,33059.28,0.05,0.01,N,O,1997-06-12,1997-07-16,1997-06-14,NONE,MAIL, carefully regular requests.
7459-2,7459,238,20,2,4.00,4552.92,0.07,0.02,N,O,1997-08-01,1997-08-04,1997-08-15,DELIVER IN PERSON,REG AIR, the fluffily final i
7459-3,7459,1239,14,3,25.00,28505.75,0.04,0.04,N,O,1997-06-16,1997-07-26,1997-07-10,COLLECT COD,REG AIR,s. theodolites shall have to
7460-1,7460,374,31,1,25.00,31859.25,0.07,0.06,N,O,1996-08-06,1996-06-25,1996-08-30,NONE,SHIP,c platelets. 
7461-1,7461,1452,31,1,7.00,9474.15,0.05,0.08,A,F,1994-01-16,1994-04-04,1994-01-21,TAKE BACK RETURN,MAIL,mptotes sleep. ir
7461-2,7461,1033,39,2,26.00,24284.78,0.07,0.00,R,F,1994-02-02,1994-03-03,1994-02-14,COLLECT COD,RAIL,ven foxes? blithely fin
7461-3,7461,943,44,3,15.00,27659.10,0.07,0.03,A,F,1994-01-28,1994-03-04,1994-02-09,COLLECT COD,REG AIR,lay carefully furiously ironi
7461-4,7461,1817,4,4,38.00,65314.78,0.05,0.00,A,F,1994-03-24,1994-03-08,1994-04-22,DELIVER IN PERSON,TRUCK,ding to the slyly regular pac
7461-5,7461,1923,56,5,10.00,18249.20,0.02,0.05,A,F,1994-01-24,1994-03-06,1994-01-31,TAKE BACK RETURN,SHIP,"l pinto beans. silent, special co"
7461-6,7461,1650,51,6,2.00,3103.30,0.10,0.07,A,F,1994-02-10,1994-04-07,1994-03-09,NONE,REG AIR,ackages affix slyly r
7461-7,7461,1223,98,7,20.00,22484.40,0.08,0.02,A,F,1994-04-29,1994-04-05,1994-05-20,COLLECT COD,AIR,ncies according to the q
7462-1,7462,1096,32,1,46.00,45866.14,0.00,0.08,A,F,1995-05-02,1995-04-30,1995-05-09,COLLECT COD,MAIL,ng accounts. busy pinto b
7462-2,7462,1503,4,2,35.00,49157.50,0.04,0.08,R,F,1995-03-22,1995-05-17,1995-04-20,TAKE BACK RETURN,RAIL,oxes according to the deposits m
7462-3,7462,621,84,3,2.00,3043.24,0.07,0.01,A,F,1995-03-23,1995-03-28,1995-04-08,DELIVER IN PERSON,TRUCK,ss the blithely i
7462-4,7462,140,67,4,46.00,47846.44,0.08,0.01,A,F,1995-05-03,1995-05-13,1995-06-02,COLLECT COD,MAIL," the regular, regular deposits. carefu"
7462-5,7462,1633,16,5,5.00,7673.15,0.04,0.08,N,F,1995-06-17,1995-05-12,1995-06-22,TAKE BACK RETURN,SHIP,accounts sleep. permanent requests boo
7463-1,7463,1036,37,1,34.00,31859.02,0.10,0.00,N,O,1997-12-09,1997-09-19,1997-12-23,NONE,FOB,ng deposits boost. ste
7463-2,7463,1861,5,2,49.00,86380.14,0.05,0.03,N,O,1997-09-02,1997-10-18,1997-09-11,DELIVER IN PERSON,REG AIR,fully regular theodolites boost regularly 
7463-3,7463,762,59,3,6.00,9976.56,0.08,0.06,N,O,1997-10-06,1997-09-24,1997-10-07,NONE,FOB, express braids cajole quietly. furiousl
7463-4,7463,1871,72,4,15.00,26593.05,0.02,0.07,N,O,1997-10-07,1997-11-08,1997-10-23,NONE,AIR,equests are; deposits sleep carefull
7463-5,7463,1981,70,5,15.00,28244.70,0.03,0.06,N,O,1997-09-27,1997-09-14,1997-10-17,DELIVER IN PERSON,AIR,. carefully even instructions shall 
7463-6,7463,1022,93,6,11.00,10153.22,0.10,0.08,N,O,1997-09-14,1997-10-02,1997-09-16,DELIVER IN PERSON,RAIL,ntegrate carefully acros
7488-1,7488,1599,80,1,48.00,72028.32,0.04,0.04,A,F,1992-08-20,1992-07-10,1992-08-29,COLLECT COD,AIR,nic pinto beans sleep slyly. ironic pint
7488-2,7488,214,69,2,12.00,13370.52,0.08,0.04,R,F,1992-06-28,1992-06-14,1992-07-01,TAKE BACK RETURN,TRUCK, the instructions. final theodo
7488-3,7488,1737,64,3,22.00,36052.06,0.01,0.04,A,F,1992-06-19,1992-07-12,1992-06-27,DELIVER IN PERSON,SHIP,kly deposits
7488-4,7488,462,21,4,39.00,53135.94,0.01,0.08,R,F,1992-05-23,1992-06-04,1992-06-05,DELIVER IN PERSON,AIR,pending requests. express foxes 
7489-1,7489,1199,36,1,38.00,41807.22,0.02,0.01,A,F,1993-12-31,1993-12-11,1994-01-17,NONE,MAIL,slyly regular 
7489-2,7489,734,31,2,36.00,58850.28,0.09,0.05,R,F,1993-11-03,1993-12-06,1993-11-25,NONE,AIR,y ironic instructions
7490-1,7490,433,21,1,21.00,28002.03,0.00,0.06,A,F,1995-01-06,1994-11-26,1995-01-22,DELIVER IN PERSON,RAIL,s. quietly final accounts kindle across th
7490-2,7490,1279,54,2,25.00,29506.75,0.01,0.00,A,F,1994-10-29,1995-01-19,1994-11-05,NONE,SHIP,nic courts hag
7490-3,7490,1559,40,3,39.00,56961.45,0.09,0.04,R,F,1995-01-04,1995-01-01,1995-01-29,TAKE BACK RETURN,MAIL,uickly according to the ironic foxes. fu
7490-4,7490,421,9,4,18.00,23785.56,0.07,0.05,A,F,1994-11-18,1994-12-11,1994-12-01,NONE,FOB,ld account
7491-1,7491,1496,97,1,8.00,11179.92,0.00,0.02,N,O,1998-04-30,1998-06-28,1998-05-02,TAKE BACK RETURN,AIR,"lar, pending reques"
7491-2,7491,1482,22,2,46.00,63640.08,0.09,0.08,N,O,1998-08-02,1998-05-26,1998-08-19,NONE,AIR,longside of the carefully quick
7491-3,7491,902,37,3,28.00,50481.20,0.07,0.08,N,O,1998-08-20,1998-07-17,1998-09-12,TAKE BACK RETURN,MAIL,ly special pint
7492-1,7492,355,12,1,17.00,21340.95,0.05,0.02,N,O,1996-08-09,1996-08-26,1996-08-29,DELIVER IN PERSON,AIR,lites. even 
7492-2,7492,283,65,2,38.00,44964.64,0.03,0.00,N,O,1996-10-09,1996-08-05,1996-10-20,COLLECT COD,SHIP,ding pinto beans haggle with the 
7493-1,7493,641,42,1,11.00,16958.04,0.02,0.02,A,F,1995-03-10,1995-02-16,1995-03-19,DELIVER IN PERSON,SHIP,ly regular requests solve flu
7493-2,7493,1303,80,2,44.00,52989.20,0.00,0.07,A,F,1995-03-15,1995-03-15,1995-03-28,DELIVER IN PERSON,FOB,nto beans wak
7494-1,7494,526,57,1,44.00,62766.88,0.07,0.07,N,O,1996-06-08,1996-06-19,1996-06-12,DELIVER IN PERSON,TRUCK,nts; slyly regular packages 
7494-2,7494,607,70,2,4.00,6030.40,0.10,0.06,N,O,1996-04-11,1996-05-31,1996-04-29,NONE,RAIL,eposits haggle abou
7495-1,7495,169,70,1,7.00,7484.12,0.03,0.00,R,F,1994-11-12,1995-01-08,1994-12-06,DELIVER IN PERSON,TRUCK,posits are
7495-2,7495,1754,81,2,13.00,21524.75,0.10,0.02,R,F,1995-01-17,1995-02-01,1995-02-14,TAKE BACK RETURN,TRUCK,lar packages. ironic 
7520-1,7520,1083,84,1,45.00,44283.60,0.08,0.04,N,O,1997-03-26,1997-03-23,1997-04-24,DELIVER IN PERSON,MAIL,ions about t
7520-2,7520,1385,24,2,13.00,16722.94,0.06,0.06,N,O,1997-05-16,1997-03-31,1997-05-26,TAKE BACK RETURN,FOB,he blithel
7520-3,7520,935,36,3,2.00,3671.86,0.03,0.02,N,O,1997-04-12,1997-02-27,1997-04-19,NONE,FOB,s haggle foxes. courts poac
7520-4,7520,863,64,4,22.00,38804.92,0.01,0.00,N,O,1997-03-08,1997-03-26,1997-04-02,TAKE BACK RETURN,RAIL,usly express deposits
7520-5,7520,628,60,5,42.00,64202.04,0.02,0.03,N,O,1997-02-01,1997-03-16,1997-03-03,NONE,MAIL,accounts boost quickly ironic ideas. sl
7521-1,7521,1235,10,1,26.00,29541.98,0.04,0.04,A,F,1995-05-29,1995-03-31,1995-06-07,COLLECT COD,AIR,g the busily regular theodolites. blithel
7521-2,7521,1713,14,2,29.00,46826.59,0.03,0.03,R,F,1995-04-03,1995-04-30,1995-04-29,TAKE BACK RETURN,REG AIR, beans are furiously fu
7521-3,7521,26,77,3,27.00,25002.54,0.09,0.06,N,O,1995-06-18,1995-04-29,1995-06-21,NONE,REG AIR,pending foxe
7522-1,7522,262,17,1,15.00,17433.90,0.10,0.04,N,O,1997-02-18,1997-02-04,1997-03-14,NONE,SHIP,cajole. packages wake alon
7522-2,7522,1333,34,2,12.00,14811.96,0.04,0.08,N,O,1996-12-26,1997-02-10,1997-01-15,NONE,SHIP,en excuses. slyly spe
7522-3,7522,1866,67,3,3.00,5303.58,0.06,0.02,N,O,1997-02-20,1997-02-18,1997-03-04,NONE,MAIL,carefully express patterns. furiously reg
7522-4,7522,1804,48,4,32.00,54585.60,0.00,0.03,N,O,1997-01-26,1997-01-18,1997-02-13,NONE,FOB,"s. bold, r"
7522-5,7522,44,95,5,48.00,45313.92,0.09,0.03,N,O,1996-12-21,1997-01-25,1996-12-23,DELIVER IN PERSON,SHIP,"al deposits wake unusual, unusual fox"
7522-6,7522,1943,76,6,10.00,18449.40,0.09,0.07,N,O,1997-02-05,1997-02-13,1997-02-27,TAKE BACK RETURN,SHIP,ously idle accounts a
7522-7,7522,1841,42,7,43.00,74942.12,0.04,0.07,N,O,1996-12-17,1997-02-04,1997-01-02,DELIVER IN PERSON,MAIL,the blithely silent ideas. blit
7523-1,7523,216,44,1,11.00,12278.31,0.08,0.04,N,O,1997-06-21,1997-05-11,1997-07-14,DELIVER IN PERSON,SHIP,"lms: bold, regular"
7523-2,7523,1490,69,2,43.00,59834.07,0.03,0.07,N,O,1997-06-04,1997-06-11,1997-06-25,COLLECT COD,FOB,s. slyly final requests 
7523-3,7523,714,79,3,36.00,58129.56,0.07,0.00,N,O,1997-07-30,1997-07-06,1997-08-11,NONE,FOB,s. furiously
7523-4,7523,896,97,4,44.00,79063.16,0.05,0.03,N,O,1997-06-02,1997-06-05,1997-06-25,NONE,SHIP,ckly finally bold asymptot
7523-5,7523,72,98,5,40.00,38882.80,0.03,0.06,N,O,1997-04-25,1997-06-01,1997-05-24,COLLECT COD,RAIL,onic accounts. unusual tith
7523-6,7523,508,9,6,40.00,56340.00,0.07,0.06,N,O,1997-06-01,1997-05-26,1997-06-16,DELIVER IN PERSON,MAIL,arefully according to the packages. ca
7523-7,7523,1176,77,7,43.00,46318.31,0.09,0.04,N,O,1997-07-08,1997-06-04,1997-07-15,DELIVER IN PERSON,REG AIR,lly unusual deposits lose around t
7524-1,7524,875,9,1,2.00,3551.74,0.09,0.08,A,F,1992-08-09,1992-10-16,1992-08-13,TAKE BACK RETURN,FOB,uriously a
7524-2,7524,1257,69,2,12.00,13899.00,0.04,0.07,R,F,1992-10-03,1992-10-11,1992-10-10,NONE,SHIP,y pending accounts sleep
7524-3,7524,1288,63,3,3.00,3567.84,0.08,0.01,A,F,1992-08-03,1992-09-17,1992-08-31,COLLECT COD,TRUCK,ans sleep. eve
7524-4,7524,383,40,4,28.00,35934.64,0.02,0.00,A,F,1992-11-15,1992-08-27,1992-11-18,NONE,SHIP,ic requests. packages haggle blithely 
7524-5,7524,1111,20,5,29.00,29351.19,0.05,0.04,A,F,1992-08-20,1992-10-12,1992-09-14,COLLECT COD,RAIL,oxes engage regularly. bold
7524-6,7524,255,83,6,48.00,55452.00,0.00,0.06,R,F,1992-11-03,1992-10-06,1992-11-16,COLLECT COD,RAIL,"wake under the ironic, regular pinto bea"
7525-1,7525,649,12,1,46.00,71283.44,0.10,0.02,N,O,1997-05-27,1997-05-19,1997-06-06,DELIVER IN PERSON,MAIL,unts must poach according to the carefu
7525-2,7525,267,49,2,7.00,8170.82,0.08,0.02,N,O,1997-04-25,1997-05-04,1997-05-03,COLLECT COD,AIR,ptotes: quickly pen
7526-1,7526,1235,36,1,36.00,40904.28,0.04,0.01,N,O,1997-03-23,1997-03-12,1997-04-06,NONE,REG AIR,ep slyly final packages. bold foxes hi
7526-2,7526,96,47,2,18.00,17929.62,0.00,0.02,N,O,1997-02-24,1997-02-25,1997-03-24,NONE,REG AIR,. furiously final asymptotes around the fu
7527-1,7527,337,94,1,11.00,13610.63,0.01,0.08,A,F,1995-02-12,1995-02-24,1995-02-21,NONE,REG AIR,uctions. q
7527-2,7527,192,71,2,4.00,4368.76,0.04,0.00,A,F,1995-02-26,1995-02-17,1995-03-18,TAKE BACK RETURN,MAIL, beans. fluffi
7527-3,7527,147,48,3,13.00,13612.82,0.04,0.07,R,F,1995-03-31,1995-03-04,1995-04-29,TAKE BACK RETURN,MAIL,posits sleep after the blithely bold
7527-4,7527,1971,60,4,28.00,52443.16,0.00,0.06,R,F,1995-01-05,1995-02-10,1995-01-14,TAKE BACK RETURN,AIR,he quickly 
7552-1,7552,1211,49,1,49.00,54498.29,0.01,0.04,R,F,1993-01-05,1992-10-30,1993-01-06,COLLECT COD,FOB,dolites against the slyly even packag
7552-2,7552,1136,37,2,6.00,6222.78,0.04,0.01,A,F,1992-12-27,1992-11-17,1993-01-10,TAKE BACK RETURN,TRUCK,yly final instructions about t
7553-1,7553,635,29,1,30.00,46068.90,0.02,0.07,R,F,1993-08-31,1993-07-07,1993-09-25,NONE,FOB,. regular ideas are around t
7553-2,7553,1594,75,2,11.00,16451.49,0.03,0.05,A,F,1993-05-14,1993-07-02,1993-06-01,NONE,MAIL,cross the slyly 
7553-3,7553,981,84,3,49.00,92217.02,0.10,0.04,A,F,1993-08-08,1993-07-28,1993-08-29,TAKE BACK RETURN,REG AIR,are regular requests. even dep
7553-4,7553,748,45,4,40.00,65949.60,0.04,0.04,R,F,1993-06-29,1993-07-16,1993-07-13,DELIVER IN PERSON,SHIP,ironic platelets. carefully regular
7553-5,7553,775,40,5,43.00,72058.11,0.07,0.05,R,F,1993-06-25,1993-06-13,1993-07-23,COLLECT COD,TRUCK,d frays. furiously even sheave
7554-1,7554,1123,96,1,2.00,2048.24,0.08,0.04,N,O,1996-07-28,1996-09-10,1996-08-22,TAKE BACK RETURN,REG AIR,the regular theodolite
7554-2,7554,1447,48,2,13.00,17529.72,0.08,0.08,N,O,1996-09-18,1996-08-02,1996-10-16,COLLECT COD,TRUCK,iously. quickly silent requests solve am
7554-3,7554,65,91,3,8.00,7720.48,0.01,0.01,N,O,1996-10-09,1996-08-25,1996-10-12,COLLECT COD,TRUCK,blithely special ideas. r
7554-4,7554,1206,7,4,1.00,1107.20,0.05,0.01,N,O,1996-10-15,1996-08-12,1996-11-12,NONE,REG AIR,unts. furiously regular deposi
7555-1,7555,1060,31,1,47.00,45169.82,0.01,0.01,N,O,1996-01-19,1996-04-10,1996-01-20,DELIVER IN PERSON,FOB," unusual, special instructions "
7555-2,7555,411,99,2,35.00,45899.35,0.00,0.04,N,O,1996-04-06,1996-03-06,1996-04-16,TAKE BACK RETURN,MAIL,against the blithely final pa
7555-3,7555,819,20,3,40.00,68792.40,0.08,0.06,N,O,1996-02-20,1996-02-18,1996-03-01,TAKE BACK RETURN,MAIL,accounts. slyly
7556-1,7556,16,67,1,18.00,16488.18,0.03,0.03,R,F,1994-01-01,1994-01-31,1994-01-09,DELIVER IN PERSON,REG AIR,he express excuses. fo
7556-2,7556,33,59,2,36.00,33589.08,0.02,0.07,A,F,1994-03-10,1994-01-07,1994-03-28,TAKE BACK RETURN,FOB,"ncies lose blithely. final, regular packa"
7557-1,7557,1943,88,1,14.00,25829.16,0.09,0.01,N,O,1997-09-16,1997-08-31,1997-10-06,TAKE BACK RETURN,REG AIR,"ularly final, express tithes. foxes w"
7558-1,7558,1422,1,1,28.00,37055.76,0.05,0.01,A,F,1994-03-11,1994-02-10,1994-03-25,DELIVER IN PERSON,RAIL,ously express deposits. carefull
7558-2,7558,1000,1,2,50.00,45050.00,0.09,0.08,A,F,1994-02-06,1994-02-06,1994-02-21,DELIVER IN PERSON,SHIP, along the blithely ironic
7559-1,7559,983,86,1,6.00,11303.88,0.05,0.00,R,F,1993-10-20,1993-11-26,1993-11-12,DELIVER IN PERSON,SHIP,refully final foxes through the 
7559-2,7559,560,91,2,40.00,58422.40,0.04,0.07,R,F,1993-12-09,1993-12-08,1993-12-21,TAKE BACK RETURN,TRUCK,carefully fluffy r
7559-3,7559,1443,44,3,36.00,48399.84,0.08,0.00,R,F,1994-01-02,1993-11-16,1994-01-24,DELIVER IN PERSON,RAIL,e carefully. daringly final dugou
7559-4,7559,1492,71,4,46.00,64100.54,0.06,0.00,A,F,1994-01-01,1993-11-19,1994-01-26,NONE,FOB,ly packages--
7559-5,7559,1607,90,5,41.00,61852.60,0.08,0.08,R,F,1994-01-13,1993-12-28,1994-02-06,COLLECT COD,MAIL," among the express, ironic theodo"
7559-6,7559,1180,53,6,39.00,42166.02,0.02,0.03,R,F,1994-02-07,1993-12-13,1994-03-03,DELIVER IN PERSON,TRUCK,uriously unusual requests sleep 
7584-1,7584,933,34,1,31.00,56851.83,0.10,0.06,N,O,1997-06-14,1997-05-14,1997-06-27,TAKE BACK RETURN,MAIL,ids sleep beneath the request
7584-2,7584,1676,18,2,1.00,1577.67,0.06,0.00,N,O,1997-06-19,1997-05-14,1997-07-01,DELIVER IN PERSON,TRUCK,ons are carefully about t
7584-3,7584,1518,99,3,13.00,18453.63,0.08,0.01,N,O,1997-04-23,1997-07-05,1997-05-05,DELIVER IN PERSON,AIR,y ironic accounts boost above the regula
7584-4,7584,479,38,4,40.00,55178.80,0.02,0.06,N,O,1997-06-07,1997-05-24,1997-07-01,NONE,REG AIR,ronic packages boost qui
7584-5,7584,1466,84,5,6.00,8204.76,0.04,0.06,N,O,1997-05-03,1997-05-27,1997-05-20,DELIVER IN PERSON,MAIL, ideas are quickly alongside of the u
7585-1,7585,189,68,1,50.00,54459.00,0.00,0.07,N,F,1995-06-12,1995-06-26,1995-07-04,COLLECT COD,REG AIR,ts wake slyly against the blithe
7585-2,7585,1401,19,2,13.00,16931.20,0.09,0.08,N,F,1995-06-11,1995-08-16,1995-06-30,TAKE BACK RETURN,FOB,"eep. ironic, "
7585-3,7585,1139,76,3,48.00,49926.24,0.04,0.03,N,O,1995-08-18,1995-07-11,1995-09-17,COLLECT COD,TRUCK,lly blithe a
7585-4,7585,1671,13,4,21.00,33026.07,0.06,0.03,N,O,1995-06-28,1995-07-27,1995-07-26,DELIVER IN PERSON,REG AIR,ial accounts nag against the reque
7586-1,7586,521,52,1,39.00,55439.28,0.09,0.06,N,O,1995-10-19,1995-08-14,1995-11-12,COLLECT COD,SHIP,pinto beans are blithely furiously spe
7586-2,7586,163,42,2,50.00,53158.00,0.10,0.00,N,O,1995-10-08,1995-09-19,1995-10-21,TAKE BACK RETURN,SHIP,unts. slyly express fox
7587-1,7587,338,95,1,24.00,29719.92,0.04,0.02,A,F,1992-06-06,1992-03-20,1992-06-24,TAKE BACK RETURN,MAIL, fluffily final requests with the s
7588-1,7588,1116,25,1,3.00,3051.33,0.09,0.08,A,F,1993-03-08,1993-01-28,1993-03-15,NONE,AIR,ess accounts detect. blithely final packag
7588-2,7588,433,34,2,49.00,65338.07,0.02,0.00,R,F,1993-04-18,1993-03-16,1993-04-23,DELIVER IN PERSON,AIR,tes detect fin
7588-3,7588,518,79,3,37.00,52484.87,0.02,0.01,A,F,1993-03-19,1993-03-21,1993-04-08,COLLECT COD,MAIL,"bold, ironic requests are "
7589-1,7589,828,62,1,49.00,84712.18,0.10,0.05,N,O,1997-05-17,1997-07-03,1997-06-04,DELIVER IN PERSON,REG AIR,lowly special at
7589-2,7589,1980,25,2,49.00,92217.02,0.00,0.07,N,O,1997-06-18,1997-06-07,1997-06-24,TAKE BACK RETURN,REG AIR,"express asymptotes sleep. final, "
7589-3,7589,708,9,3,5.00,8043.50,0.10,0.08,N,O,1997-05-18,1997-06-24,1997-06-10,COLLECT COD,SHIP,ld requests. slyly ironi
7589-4,7589,1232,33,4,24.00,27197.52,0.00,0.02,N,O,1997-05-03,1997-07-09,1997-05-31,DELIVER IN PERSON,REG AIR,lly against the carefully regular rea
7589-5,7589,1237,12,5,40.00,45529.20,0.01,0.04,N,O,1997-06-25,1997-05-31,1997-07-23,TAKE BACK RETURN,REG AIR, are quickly express deposits? silent p
7590-1,7590,1411,51,1,28.00,36747.48,0.08,0.07,N,O,1998-08-02,1998-06-21,1998-08-13,NONE,TRUCK,he final instruction
7590-2,7590,689,21,2,22.00,34972.96,0.09,0.08,N,O,1998-07-08,1998-06-05,1998-07-15,COLLECT COD,AIR,efully unusual packages. quickly expre
7590-3,7590,1695,19,3,13.00,20756.97,0.04,0.04,N,O,1998-05-09,1998-07-15,1998-05-18,NONE,AIR,azzle slyly
7590-4,7590,290,45,4,49.00,58324.21,0.04,0.02,N,O,1998-05-01,1998-07-12,1998-05-05,NONE,SHIP,thely pending requests 
7591-1,7591,1965,54,1,11.00,20536.56,0.01,0.00,R,F,1993-06-13,1993-07-24,1993-06-20,DELIVER IN PERSON,AIR,"lent requests according to the pending, e"
7591-2,7591,917,20,2,17.00,30904.47,0.07,0.01,R,F,1993-06-01,1993-06-24,1993-06-14,DELIVER IN PERSON,RAIL,ackages affix evenly alongside of
7591-3,7591,1540,41,3,49.00,70635.46,0.10,0.00,A,F,1993-06-04,1993-08-05,1993-06-12,COLLECT COD,AIR,s deposits cajole. carefully e
7591-4,7591,1442,21,4,22.00,29555.68,0.05,0.03,R,F,1993-07-11,1993-06-20,1993-08-07,NONE,MAIL,grate slyly bold packages. blithely final
7591-5,7591,1488,89,5,41.00,56968.68,0.03,0.02,A,F,1993-07-02,1993-07-21,1993-07-13,TAKE BACK RETURN,SHIP,e carefully ironic ideas
7591-6,7591,317,74,6,35.00,42605.85,0.05,0.08,R,F,1993-05-21,1993-07-10,1993-05-28,TAKE BACK RETURN,MAIL,g closely express requests. express req
7591-7,7591,1034,40,7,7.00,6545.21,0.02,0.07,A,F,1993-05-29,1993-06-14,1993-06-15,COLLECT COD,MAIL,ironic asymptotes. packages inside t
7616-1,7616,975,10,1,8.00,15007.76,0.01,0.05,R,F,1993-12-02,1993-12-22,1993-12-05,COLLECT COD,MAIL,ound the blithely regular packa
7616-2,7616,95,96,2,29.00,28857.61,0.04,0.02,A,F,1993-10-10,1993-12-06,1993-10-13,DELIVER IN PERSON,MAIL,s after the furiously 
7616-3,7616,1035,36,3,29.00,27144.87,0.05,0.07,R,F,1994-01-22,1993-12-10,1994-02-03,NONE,RAIL,"y ironic excuses! careful, bold instr"
7617-1,7617,520,11,1,47.00,66764.44,0.10,0.06,N,O,1998-09-19,1998-09-09,1998-09-27,NONE,AIR,"ggle regular, ironic depo"
7617-2,7617,749,14,2,24.00,39593.76,0.10,0.04,N,O,1998-07-31,1998-08-07,1998-08-18,NONE,AIR,he furiously
7617-3,7617,403,4,3,28.00,36495.20,0.10,0.01,N,O,1998-06-23,1998-08-18,1998-07-22,DELIVER IN PERSON,MAIL,inal pinto beans. furiously ironic reque
7617-4,7617,1716,1,4,40.00,64708.40,0.05,0.01,N,O,1998-08-08,1998-08-10,1998-08-17,DELIVER IN PERSON,RAIL,ely silent ideas integrate fluff
7617-5,7617,1660,43,5,44.00,68713.04,0.08,0.02,N,O,1998-10-02,1998-08-16,1998-10-31,NONE,FOB,re furiously. furiously silent reques
7617-6,7617,1323,100,6,44.00,53870.08,0.02,0.06,N,O,1998-10-01,1998-09-09,1998-10-29,COLLECT COD,AIR,unusual pinto beans.
7618-1,7618,500,59,1,45.00,63022.50,0.08,0.00,R,F,1992-01-19,1992-02-06,1992-02-12,TAKE BACK RETURN,AIR,blithely r
7618-2,7618,285,86,2,45.00,53337.60,0.02,0.03,R,F,1992-05-01,1992-03-03,1992-05-12,TAKE BACK RETURN,AIR,posits. carefully 
7618-3,7618,1550,51,3,28.00,40643.40,0.03,0.08,R,F,1992-04-25,1992-02-18,1992-05-01,DELIVER IN PERSON,MAIL,blithely ironic packages. final
7618-4,7618,138,17,4,47.00,48792.11,0.04,0.03,R,F,1992-02-05,1992-03-24,1992-02-11,NONE,TRUCK,y express requests. slyly 
7618-5,7618,1906,95,5,22.00,39773.80,0.05,0.01,R,F,1992-04-12,1992-03-02,1992-04-25,TAKE BACK RETURN,SHIP, after the r
7618-6,7618,1981,14,6,15.00,28244.70,0.05,0.05,A,F,1992-01-23,1992-02-09,1992-02-09,NONE,TRUCK,ths. pinto beans use carefully. accounts 
7618-7,7618,1334,49,7,24.00,29647.92,0.08,0.03,R,F,1992-01-31,1992-03-09,1992-02-01,TAKE BACK RETURN,FOB,ular instructio
7619-1,7619,454,42,1,10.00,13544.50,0.10,0.01,A,F,1993-12-11,1993-12-25,1993-12-19,NONE,MAIL,d deposits. 
7619-2,7619,184,85,2,26.00,28188.68,0.06,0.04,R,F,1994-02-02,1993-12-29,1994-02-27,TAKE BACK RETURN,TRUCK,ites among th
7619-3,7619,50,76,3,39.00,37051.95,0.08,0.04,A,F,1993-11-04,1994-01-06,1993-12-04,TAKE BACK RETURN,TRUCK,en theodolites boost blithel
7620-1,7620,1247,48,1,3.00,3444.72,0.03,0.05,A,F,1994-09-06,1994-08-14,1994-10-03,COLLECT COD,REG AIR,he slyly unus
7621-1,7621,929,32,1,6.00,10979.52,0.07,0.02,N,O,1997-06-08,1997-06-14,1997-06-21,COLLECT COD,MAIL,express acc
7621-2,7621,1088,24,2,4.00,3956.32,0.07,0.06,N,O,1997-06-17,1997-05-08,1997-06-30,COLLECT COD,AIR,furiously 
7621-3,7621,283,84,3,45.00,53247.60,0.01,0.04,N,O,1997-06-15,1997-05-26,1997-06-26,TAKE BACK RETURN,REG AIR,ic deposits use. slyly p
7621-4,7621,1364,41,4,14.00,17715.04,0.08,0.03,N,O,1997-06-07,1997-06-30,1997-07-06,COLLECT COD,RAIL,ng the slyly regular pinto bea
7622-1,7622,835,2,1,31.00,53810.73,0.06,0.06,N,O,1998-03-14,1998-04-20,1998-04-03,COLLECT COD,REG AIR,"ular, even packages haggl"
7622-2,7622,1834,64,2,24.00,41659.92,0.05,0.00,N,O,1998-02-17,1998-04-14,1998-03-08,TAKE BACK RETURN,TRUCK,"ges alongside of the ironic, idle f"
7623-1,7623,807,41,1,34.00,58065.20,0.09,0.04,R,F,1995-01-04,1995-01-15,1995-01-31,NONE,FOB,es. deposits haggle blithely along 
7623-2,7623,637,38,2,24.00,36903.12,0.02,0.02,R,F,1994-12-21,1994-12-11,1995-01-11,NONE,REG AIR,nder carefully special deposits. ca
7623-3,7623,1321,98,3,18.00,22001.76,0.00,0.00,A,F,1994-11-24,1994-12-14,1994-12-06,DELIVER IN PERSON,TRUCK,uctions? furiously iron
7623-4,7623,293,21,4,45.00,53698.05,0.10,0.08,R,F,1994-11-03,1994-12-10,1994-11-17,NONE,SHIP,uctions. regular accounts wake 
7648-1,7648,909,10,1,9.00,16289.10,0.10,0.07,N,O,1997-07-18,1997-07-04,1997-08-11,TAKE BACK RETURN,REG AIR,urts sleep. fluffily unusual frets hinder 
7649-1,7649,483,71,1,34.00,47038.32,0.02,0.07,N,O,1995-07-18,1995-09-24,1995-08-11,NONE,AIR,cording to the slyly express deposits. pac
7649-2,7649,735,68,2,32.00,52343.36,0.06,0.04,N,O,1995-10-16,1995-09-05,1995-10-31,COLLECT COD,TRUCK,"nt, bold pinto beans must use within"
7649-3,7649,943,78,3,7.00,12907.58,0.05,0.06,N,O,1995-07-27,1995-08-19,1995-08-02,COLLECT COD,FOB,ly even accounts. furiously even 
7649-4,7649,367,52,4,35.00,44357.60,0.05,0.04,N,O,1995-08-14,1995-08-25,1995-09-11,NONE,FOB,ngside of the furious
7650-1,7650,941,76,1,14.00,25787.16,0.03,0.08,R,F,1995-04-14,1995-05-11,1995-05-06,NONE,SHIP,he quickly final idea
7650-2,7650,1589,10,2,27.00,40245.66,0.06,0.02,N,F,1995-06-16,1995-05-28,1995-07-06,DELIVER IN PERSON,MAIL,"n, ironic frets impress ironic requests. "
7651-1,7651,1462,63,1,47.00,64082.62,0.10,0.06,R,F,1995-05-02,1995-03-06,1995-05-14,TAKE BACK RETURN,MAIL,"ual, final Tiresias. escapa"
7652-1,7652,1983,16,1,25.00,47124.50,0.00,0.06,R,F,1994-02-19,1994-03-04,1994-03-06,TAKE BACK RETURN,RAIL,e carefully. ironic accounts cajole e
7653-1,7653,1002,8,1,10.00,9030.00,0.03,0.03,A,F,1992-04-29,1992-05-11,1992-05-18,TAKE BACK RETURN,AIR,ccording to the unusual instructions. slyly
7653-2,7653,872,73,2,38.00,67369.06,0.06,0.05,R,F,1992-03-21,1992-05-08,1992-04-02,TAKE BACK RETURN,SHIP,dependencies cajole
7653-3,7653,299,27,3,16.00,19188.64,0.05,0.04,R,F,1992-05-23,1992-04-04,1992-06-08,COLLECT COD,AIR,nal accounts after the furiousl
7653-4,7653,639,33,4,41.00,63124.83,0.01,0.04,R,F,1992-03-30,1992-05-26,1992-04-05,NONE,SHIP,express fo
7654-1,7654,1845,46,1,6.00,10481.04,0.10,0.02,A,F,1993-05-19,1993-04-26,1993-06-12,TAKE BACK RETURN,RAIL,es affix furiously
7654-2,7654,173,74,2,31.00,33268.27,0.02,0.01,A,F,1993-03-22,1993-04-29,1993-04-04,DELIVER IN PERSON,FOB, around the furiously c
7654-3,7654,843,77,3,10.00,17438.40,0.07,0.01,A,F,1993-04-21,1993-03-24,1993-05-04,DELIVER IN PERSON,SHIP,r the even accounts boost c
7654-4,7654,1911,12,4,5.00,9064.55,0.09,0.03,A,F,1993-05-01,1993-04-04,1993-05-25,TAKE BACK RETURN,MAIL, final accounts. theodolites cajole bl
7654-5,7654,346,75,5,24.00,29912.16,0.09,0.04,R,F,1993-02-15,1993-04-11,1993-03-04,COLLECT COD,FOB,ng the carefully even accounts.
7654-6,7654,890,57,6,47.00,84171.83,0.07,0.03,R,F,1993-05-10,1993-03-26,1993-06-04,DELIVER IN PERSON,REG AIR, requests. express requests cajo
7655-1,7655,797,30,1,4.00,6791.16,0.04,0.01,R,F,1993-05-28,1993-04-08,1993-06-26,DELIVER IN PERSON,REG AIR, ironic reque
7655-2,7655,1316,17,2,41.00,49909.71,0.00,0.00,A,F,1993-02-15,1993-04-14,1993-03-04,COLLECT COD,RAIL, the busily even accoun
7680-1,7680,1050,56,1,13.00,12363.65,0.05,0.04,A,F,1995-04-15,1995-06-07,1995-05-08,NONE,RAIL,g deposits nag c
7680-2,7680,402,90,2,46.00,59910.40,0.01,0.03,N,O,1995-07-15,1995-05-26,1995-07-18,DELIVER IN PERSON,TRUCK,l instructions are slyly. eve
7680-3,7680,462,21,3,35.00,47686.10,0.07,0.08,N,O,1995-07-05,1995-07-04,1995-07-29,TAKE BACK RETURN,FOB,requests. furiously i
7680-4,7680,83,59,4,26.00,25560.08,0.05,0.05,N,O,1995-08-01,1995-05-29,1995-08-17,TAKE BACK RETURN,RAIL,ts are. furiousl
7680-5,7680,942,43,5,36.00,66345.84,0.03,0.06,N,O,1995-07-25,1995-07-06,1995-08-11,NONE,SHIP,lve pending foxes. sly
7680-6,7680,232,14,6,48.00,54347.04,0.09,0.08,N,O,1995-07-06,1995-05-24,1995-08-03,DELIVER IN PERSON,RAIL,ents cajole carefully above the spec
7680-7,7680,504,65,7,32.00,44944.00,0.00,0.05,R,F,1995-06-08,1995-05-22,1995-06-10,TAKE BACK RETURN,MAIL,requests about the express request
7681-1,7681,1242,17,1,4.00,4572.96,0.04,0.05,A,F,1994-01-07,1994-02-12,1994-02-04,COLLECT COD,MAIL,lar accounts. fluff
7681-2,7681,1930,31,2,30.00,54957.90,0.04,0.01,R,F,1994-03-11,1994-03-09,1994-03-24,TAKE BACK RETURN,REG AIR,ly regular accounts affix blithely
7682-1,7682,602,34,1,16.00,24041.60,0.03,0.08,N,O,1998-02-09,1997-11-21,1998-03-02,TAKE BACK RETURN,TRUCK,ep slyly after the sile
7682-2,7682,1067,73,2,12.00,11616.72,0.10,0.06,N,O,1997-12-06,1997-12-01,1998-01-03,DELIVER IN PERSON,AIR,"iously final, ironic instructions. slyly pe"
7682-3,7682,1254,29,3,15.00,17328.75,0.00,0.04,N,O,1997-12-31,1997-12-16,1998-01-16,NONE,REG AIR,ly ironic 
7683-1,7683,950,85,1,14.00,25913.30,0.03,0.04,N,O,1998-04-25,1998-05-08,1998-05-03,COLLECT COD,RAIL, requests about the instructions use furio
7683-2,7683,496,55,2,49.00,68428.01,0.00,0.05,N,O,1998-06-05,1998-04-12,1998-06-11,COLLECT COD,SHIP,. slyly unusual 
7683-3,7683,1798,41,3,29.00,49293.91,0.04,0.05,N,O,1998-05-24,1998-05-10,1998-06-08,NONE,AIR,s across the blithely final r
7683-4,7683,445,33,4,34.00,45744.96,0.10,0.05,N,O,1998-05-20,1998-03-28,1998-06-13,DELIVER IN PERSON,AIR,uriously regular deposits against the s
7684-1,7684,1129,2,1,46.00,47385.52,0.03,0.02,R,F,1992-02-09,1992-03-23,1992-02-25,NONE,REG AIR,lar ideas. slyly special instructions a
7684-2,7684,1617,18,2,39.00,59225.79,0.03,0.07,R,F,1992-05-15,1992-03-07,1992-06-14,NONE,RAIL,. slyly final pinto beans alongsid
7684-3,7684,1502,83,3,47.00,65964.50,0.10,0.02,A,F,1992-03-31,1992-03-14,1992-04-29,NONE,AIR,even accounts are furio
7684-4,7684,1123,32,4,36.00,36868.32,0.03,0.01,A,F,1992-03-28,1992-03-31,1992-04-01,NONE,AIR,thrash at the req
7685-1,7685,517,18,1,32.00,45360.32,0.10,0.02,N,O,1998-06-03,1998-04-27,1998-06-05,DELIVER IN PERSON,AIR,onic packages. blithely expre
7685-2,7685,1061,32,2,33.00,31747.98,0.03,0.06,N,O,1998-05-24,1998-04-17,1998-06-01,NONE,RAIL,luffily above the fur
7685-3,7685,1617,59,3,3.00,4555.83,0.08,0.07,N,O,1998-04-18,1998-04-09,1998-05-10,COLLECT COD,FOB,y pending braids. deposits wa
7685-4,7685,574,75,4,22.00,32440.54,0.07,0.08,N,O,1998-05-11,1998-04-05,1998-06-01,NONE,AIR,r platelets
7685-5,7685,865,32,5,35.00,61805.10,0.06,0.00,N,O,1998-06-09,1998-05-14,1998-06-10,NONE,SHIP,final requests. furiously ironic ins
7685-6,7685,1019,20,6,10.00,9200.10,0.04,0.06,N,O,1998-04-18,1998-04-09,1998-05-10,TAKE BACK RETURN,RAIL, accounts. packages sublate slyly. ideas 
7685-7,7685,481,69,7,20.00,27629.60,0.07,0.08,N,O,1998-06-18,1998-04-27,1998-06-26,TAKE BACK RETURN,FOB,y ironic foxe
7686-1,7686,1651,52,1,3.00,4657.95,0.01,0.04,R,F,1994-07-01,1994-08-08,1994-07-18,DELIVER IN PERSON,SHIP,. ironic ideas boost quickly expr
7686-2,7686,611,12,2,49.00,74068.89,0.03,0.08,R,F,1994-06-15,1994-07-30,1994-07-10,DELIVER IN PERSON,REG AIR,s. regularly pen
7686-3,7686,1627,10,3,38.00,58087.56,0.08,0.05,R,F,1994-07-01,1994-08-02,1994-07-08,NONE,REG AIR,ithely bold dol
7687-1,7687,397,26,1,27.00,35029.53,0.10,0.07,R,F,1993-03-30,1993-05-29,1993-04-15,NONE,RAIL,mong the bravely bold ideas! id
7687-2,7687,339,40,2,29.00,35940.57,0.02,0.07,A,F,1993-04-10,1993-04-17,1993-04-24,DELIVER IN PERSON,REG AIR,fully final packages
7687-3,7687,367,68,3,26.00,32951.36,0.09,0.07,R,F,1993-03-25,1993-04-18,1993-04-05,DELIVER IN PERSON,SHIP,. instructions nag. furious
7687-4,7687,539,40,4,49.00,70536.97,0.10,0.03,R,F,1993-05-25,1993-05-13,1993-06-09,TAKE BACK RETURN,REG AIR, at the blithely e
7687-5,7687,499,58,5,33.00,46183.17,0.01,0.08,R,F,1993-05-13,1993-04-17,1993-06-03,TAKE BACK RETURN,RAIL,"ccounts. silent, car"
7687-6,7687,323,8,6,33.00,40369.56,0.04,0.04,A,F,1993-03-28,1993-05-04,1993-04-13,TAKE BACK RETURN,AIR,ans are carefully. slyly
7687-7,7687,361,90,7,49.00,61806.64,0.04,0.00,A,F,1993-05-25,1993-05-17,1993-05-31,DELIVER IN PERSON,FOB,c pinto beans
7712-1,7712,347,32,1,42.00,52388.28,0.06,0.03,N,O,1996-10-26,1996-11-29,1996-11-12,COLLECT COD,RAIL,encies haggle am
7713-1,7713,506,37,1,26.00,36569.00,0.09,0.08,N,O,1996-04-05,1996-04-14,1996-04-18,DELIVER IN PERSON,REG AIR,ts. regular packages sleep slyly. 
7714-1,7714,1979,68,1,21.00,39500.37,0.08,0.04,N,O,1996-08-04,1996-09-02,1996-08-05,DELIVER IN PERSON,SHIP,furiously above 
7714-2,7714,1859,46,2,30.00,52825.50,0.04,0.03,N,O,1996-09-01,1996-08-19,1996-09-16,NONE,TRUCK,y final deposits. ideas after
7714-3,7714,1648,72,3,18.00,27893.52,0.09,0.00,N,O,1996-07-28,1996-08-30,1996-08-07,COLLECT COD,AIR,larly special notornis wake acros
7714-4,7714,554,85,4,9.00,13090.95,0.10,0.03,N,O,1996-10-11,1996-09-15,1996-10-22,COLLECT COD,MAIL,lithely final theodolite
7714-5,7714,1731,74,5,20.00,32654.60,0.04,0.04,N,O,1996-09-12,1996-08-10,1996-10-05,COLLECT COD,FOB,lly. slyly sil
7715-1,7715,1968,1,1,22.00,41139.12,0.03,0.02,R,F,1993-10-14,1993-09-18,1993-10-15,COLLECT COD,FOB,express deposits sleep. final ideas c
7715-2,7715,1896,83,2,38.00,68319.82,0.07,0.03,R,F,1993-10-01,1993-10-24,1993-10-06,COLLECT COD,MAIL,ix blithely ironic accounts. even in
7715-3,7715,1754,39,3,28.00,46361.00,0.09,0.04,A,F,1993-11-09,1993-10-05,1993-11-16,NONE,SHIP,nding accounts cajole q
7716-1,7716,1255,30,1,47.00,54343.75,0.04,0.03,N,O,1996-01-03,1996-02-15,1996-01-30,NONE,REG AIR,tructions sleep fluf
7716-2,7716,1511,92,2,47.00,66387.97,0.09,0.03,N,O,1996-02-27,1996-01-29,1996-03-03,NONE,RAIL, quickly carefully ev
7716-3,7716,377,62,3,3.00,3832.11,0.09,0.06,N,O,1996-01-31,1996-03-21,1996-02-29,COLLECT COD,MAIL,ly ironic deposits. furiously blithe dep
7716-4,7716,537,38,4,31.00,44563.43,0.05,0.07,N,O,1996-01-06,1996-01-25,1996-01-25,NONE,REG AIR,ckly ironic dependencies af
7717-1,7717,1642,25,1,15.00,23154.60,0.00,0.04,N,O,1996-12-04,1996-10-05,1996-12-07,COLLECT COD,FOB,y silent theod
7717-2,7717,78,54,2,35.00,34232.45,0.03,0.04,N,O,1996-12-02,1996-10-06,1996-12-03,DELIVER IN PERSON,MAIL,nts along the slyly bold p
7717-3,7717,929,32,3,45.00,82346.40,0.02,0.06,N,O,1996-12-01,1996-11-10,1996-12-09,NONE,FOB,y even foxes. blithe
7717-4,7717,1151,88,4,25.00,26303.75,0.02,0.08,N,O,1996-11-16,1996-10-25,1996-12-13,DELIVER IN PERSON,AIR,ully ironic accounts. express asymptotes 
7717-5,7717,1952,41,5,2.00,3707.90,0.00,0.02,N,O,1996-12-23,1996-11-03,1997-01-15,DELIVER IN PERSON,REG AIR,sual foxes: regular cou
7718-1,7718,291,19,1,8.00,9530.32,0.04,0.07,N,O,1998-03-15,1998-04-07,1998-03-19,DELIVER IN PERSON,AIR,"even, regular asymptotes."
7718-2,7718,643,37,2,3.00,4630.92,0.09,0.00,N,O,1998-04-06,1998-04-19,1998-04-25,DELIVER IN PERSON,SHIP, theodolites. furiously 
7718-3,7718,1826,70,3,45.00,77751.90,0.00,0.06,N,O,1998-03-11,1998-04-16,1998-03-14,TAKE BACK RETURN,REG AIR, after the fluffi
7718-4,7718,768,1,4,34.00,56737.84,0.09,0.04,N,O,1998-03-31,1998-04-05,1998-04-19,NONE,REG AIR, instructions are b
7718-5,7718,874,41,5,13.00,23073.31,0.04,0.01,N,O,1998-03-28,1998-03-23,1998-04-05,DELIVER IN PERSON,SHIP,"special, even deposits boost quickly final"
7719-1,7719,713,46,1,4.00,6454.84,0.03,0.03,A,F,1994-03-31,1994-06-05,1994-04-03,TAKE BACK RETURN,REG AIR, slyly unusual packages eat slyly unu
7744-1,7744,706,39,1,18.00,28920.60,0.00,0.01,A,F,1995-03-07,1994-12-30,1995-03-30,TAKE BACK RETURN,AIR,es are idly. sly
7744-2,7744,1548,49,2,20.00,28990.80,0.09,0.04,A,F,1994-12-05,1995-02-10,1994-12-24,NONE,MAIL,ding accounts cajole slyly ironic foxes: 
7744-3,7744,176,55,3,14.00,15066.38,0.06,0.00,R,F,1995-03-10,1995-01-11,1995-03-13,COLLECT COD,FOB,c excuses hagg
7744-4,7744,680,12,4,17.00,26871.56,0.02,0.00,A,F,1995-02-09,1995-02-03,1995-02-17,DELIVER IN PERSON,SHIP,r asymptotes are bold
7744-5,7744,74,25,5,14.00,13636.98,0.03,0.03,A,F,1995-02-17,1995-01-17,1995-02-18,NONE,FOB,oss the furiously ironic pi
7744-6,7744,1820,21,6,27.00,46489.14,0.09,0.02,R,F,1995-02-23,1995-01-15,1995-03-25,NONE,SHIP,"onic foxes across the final, silent"
7744-7,7744,317,18,7,42.00,51127.02,0.00,0.06,R,F,1994-12-28,1995-01-09,1995-01-03,COLLECT COD,SHIP, furiously ironic depen
7745-1,7745,1332,33,1,16.00,19733.28,0.07,0.07,A,F,1994-04-10,1994-05-23,1994-05-01,NONE,REG AIR,ly above the regular accoun
7745-2,7745,1953,42,2,46.00,85327.70,0.07,0.04,R,F,1994-05-10,1994-05-17,1994-06-09,TAKE BACK RETURN,MAIL,"ss, special accoun"
7745-3,7745,454,84,3,15.00,20316.75,0.02,0.08,R,F,1994-04-03,1994-05-02,1994-04-21,NONE,SHIP,ly bold escapades sleep
7745-4,7745,26,2,4,41.00,37966.82,0.00,0.06,R,F,1994-06-21,1994-05-15,1994-07-17,COLLECT COD,REG AIR,lly furiously final accounts. thinly
7745-5,7745,1735,36,5,36.00,58922.28,0.05,0.01,A,F,1994-06-01,1994-05-07,1994-06-03,NONE,AIR, theodolites.
7746-1,7746,1562,83,1,11.00,16099.16,0.06,0.02,A,F,1994-02-21,1994-02-04,1994-03-20,DELIVER IN PERSON,AIR,ests. blithely iron
7746-2,7746,1720,5,2,44.00,71355.68,0.03,0.06,R,F,1993-12-10,1994-02-25,1993-12-12,COLLECT COD,MAIL,sts haggle-- slyly spec
7746-3,7746,817,17,3,24.00,41227.44,0.09,0.04,A,F,1994-03-14,1994-01-30,1994-03-22,DELIVER IN PERSON,SHIP,ing requests; sometimes regular depos
7746-4,7746,1844,45,4,36.00,62850.24,0.10,0.06,R,F,1994-02-13,1994-01-17,1994-03-13,COLLECT COD,REG AIR,tructions around the 
7747-1,7747,79,55,1,41.00,40141.87,0.02,0.06,R,F,1992-06-12,1992-07-14,1992-06-23,COLLECT COD,FOB,ial grouches. slyly ironic fo
7748-1,7748,1176,77,1,40.00,43086.80,0.02,0.02,N,O,1998-05-13,1998-04-08,1998-06-05,COLLECT COD,REG AIR,", final pinto "
7749-1,7749,1734,35,1,50.00,81786.50,0.06,0.01,R,F,1993-11-11,1993-12-10,1993-11-21,TAKE BACK RETURN,SHIP, foxes sleep above the slyly final d
7749-2,7749,595,86,2,31.00,46363.29,0.06,0.04,R,F,1993-09-30,1993-12-19,1993-10-04,NONE,TRUCK, ideas wake carefully express packages. fu
7749-3,7749,384,41,3,33.00,42384.54,0.02,0.07,A,F,1993-10-04,1993-11-04,1993-10-31,NONE,MAIL,usly final requests. even depen
7749-4,7749,256,11,4,16.00,18500.00,0.04,0.02,R,F,1993-10-04,1993-10-26,1993-10-18,DELIVER IN PERSON,FOB,"ly close platelets cajole. final, even "
7749-5,7749,1818,19,5,10.00,17198.10,0.09,0.05,A,F,1993-12-14,1993-10-23,1993-12-25,NONE,SHIP,r deposits are slyly ir
7750-1,7750,1345,60,1,2.00,2492.68,0.05,0.06,R,F,1993-02-03,1993-03-20,1993-02-16,COLLECT COD,SHIP, are. special pinto beans haggl
7750-2,7750,1640,82,2,33.00,50874.12,0.03,0.08,R,F,1992-12-31,1993-01-26,1993-01-27,TAKE BACK RETURN,TRUCK,ress deposits.
7750-3,7750,1093,94,3,11.00,10934.99,0.01,0.07,R,F,1993-04-18,1993-03-14,1993-05-08,TAKE BACK RETURN,AIR, boost permanently accordin
7750-4,7750,302,87,4,44.00,52901.20,0.07,0.00,R,F,1993-03-18,1993-03-15,1993-03-25,NONE,TRUCK,. blithely entici
7751-1,7751,1834,78,1,31.00,53810.73,0.02,0.01,R,F,1992-12-28,1993-02-07,1993-01-14,NONE,AIR,ep fluffily accordi
7751-2,7751,891,25,2,10.00,17918.90,0.10,0.01,A,F,1993-02-16,1993-02-05,1993-02-21,NONE,TRUCK,odolites integrate. slyly regular
7751-3,7751,920,55,3,29.00,52806.68,0.04,0.02,A,F,1993-03-26,1993-01-31,1993-04-08,TAKE BACK RETURN,RAIL,leep slyly daringly brave requests. furiou
7776-1,7776,118,45,1,30.00,30543.30,0.09,0.03,R,F,1994-03-28,1994-05-23,1994-04-23,TAKE BACK RETURN,SHIP,al deposits sleep carefully again
7776-2,7776,961,96,2,2.00,3723.92,0.04,0.05,R,F,1994-06-14,1994-05-31,1994-06-28,NONE,FOB, blithely final 
7776-3,7776,1585,86,3,16.00,23785.28,0.05,0.05,A,F,1994-04-28,1994-06-13,1994-05-11,DELIVER IN PERSON,REG AIR,nding packages are! slyly
7776-4,7776,1879,23,4,19.00,33836.53,0.09,0.01,R,F,1994-04-13,1994-06-05,1994-04-19,NONE,FOB,nwind even grou
7776-5,7776,1221,22,5,2.00,2244.44,0.04,0.00,R,F,1994-04-15,1994-05-07,1994-05-13,TAKE BACK RETURN,FOB,packages run furiously above the pend
7776-6,7776,851,52,6,42.00,73577.70,0.04,0.07,A,F,1994-03-23,1994-05-18,1994-04-11,NONE,SHIP,uses. ideas wake slyly fluffily pending
7777-1,7777,175,2,1,27.00,29029.59,0.05,0.06,N,O,1998-05-17,1998-04-06,1998-05-25,COLLECT COD,TRUCK,regular ideas cajole carefu
7777-2,7777,334,19,2,48.00,59247.84,0.08,0.08,N,O,1998-05-16,1998-04-29,1998-06-03,TAKE BACK RETURN,SHIP, boost fluffily. furiously bol
7778-1,7778,1957,90,1,6.00,11153.70,0.03,0.04,R,F,1995-03-01,1995-02-09,1995-03-11,DELIVER IN PERSON,REG AIR,t the theodolites. final theodolite
7778-2,7778,1847,34,2,18.00,31479.12,0.06,0.03,A,F,1995-01-17,1995-02-12,1995-02-08,DELIVER IN PERSON,REG AIR,ts boost across the slyly fina
7778-3,7778,1219,57,3,16.00,17923.36,0.04,0.05,R,F,1994-12-12,1995-01-17,1994-12-26,NONE,AIR,e carefully-- furiously even requests
7778-4,7778,795,96,4,23.00,39003.17,0.01,0.06,R,F,1995-03-02,1994-12-26,1995-03-23,NONE,AIR,s are carefully past the slo
7778-5,7778,1033,4,5,41.00,38295.23,0.10,0.08,A,F,1994-12-19,1994-12-25,1995-01-05,DELIVER IN PERSON,FOB,"ronic, regular "
7779-1,7779,501,32,1,31.00,43446.50,0.03,0.01,N,O,1995-07-19,1995-06-28,1995-08-14,TAKE BACK RETURN,REG AIR, pinto bean
7779-2,7779,495,83,2,44.00,61401.56,0.04,0.08,N,O,1995-08-10,1995-06-23,1995-08-19,DELIVER IN PERSON,MAIL,lar packages cajole. quickly 
7779-3,7779,160,39,3,13.00,13782.08,0.10,0.01,N,O,1995-08-07,1995-06-30,1995-08-26,TAKE BACK RETURN,MAIL, against the sly
7779-4,7779,115,68,4,25.00,25377.75,0.03,0.04,N,O,1995-08-01,1995-07-14,1995-08-14,DELIVER IN PERSON,TRUCK,". ironic, regula"
7779-5,7779,217,72,5,15.00,16758.15,0.09,0.03,N,O,1995-08-19,1995-06-30,1995-09-01,DELIVER IN PERSON,RAIL,"ong the regular, final asym"
7780-1,7780,544,35,1,28.00,40447.12,0.00,0.00,N,O,1998-02-26,1998-03-29,1998-03-20,TAKE BACK RETURN,SHIP,es affix carefully across the 
7781-1,7781,1910,99,1,13.00,23554.83,0.02,0.08,N,O,1998-06-05,1998-08-20,1998-06-17,COLLECT COD,MAIL,. bold requests cajol
7782-1,7782,106,33,1,41.00,41250.10,0.01,0.07,A,F,1994-07-25,1994-08-20,1994-07-31,COLLECT COD,TRUCK,ts. carefully regular pl
7782-2,7782,407,8,2,26.00,33992.40,0.06,0.05,R,F,1994-08-27,1994-08-13,1994-09-19,TAKE BACK RETURN,TRUCK,sts snooze about the bl
7782-3,7782,1355,56,3,23.00,28896.05,0.09,0.08,R,F,1994-10-21,1994-09-05,1994-10-27,TAKE BACK RETURN,FOB,rns haggle blithely. slyly special depo
7782-4,7782,1333,34,4,35.00,43201.55,0.05,0.01,R,F,1994-07-17,1994-08-22,1994-08-01,NONE,FOB,ash quickl
7783-1,7783,769,34,1,47.00,78478.72,0.01,0.00,A,F,1992-01-30,1992-03-31,1992-02-23,DELIVER IN PERSON,REG AIR,cross the quickly permanent req
7783-2,7783,157,84,2,48.00,50743.20,0.08,0.00,A,F,1992-03-02,1992-03-03,1992-03-29,COLLECT COD,MAIL, requests c
7783-3,7783,704,69,3,38.00,60978.60,0.04,0.04,R,F,1992-04-10,1992-03-01,1992-05-08,TAKE BACK RETURN,FOB,furiously. carefully ironic the
7808-1,7808,1920,21,1,38.00,69232.96,0.06,0.00,N,O,1996-02-01,1996-03-14,1996-02-24,NONE,TRUCK,ffily ironic frays snooze blithely fluffil
7809-1,7809,967,70,1,6.00,11207.76,0.04,0.02,N,O,1996-10-13,1996-12-20,1996-10-20,COLLECT COD,MAIL,ideas use carefully. furiously even excu
7809-2,7809,1202,40,2,24.00,26476.80,0.00,0.06,N,O,1997-01-07,1996-12-14,1997-01-15,COLLECT COD,FOB,ependencies. carefully r
7809-3,7809,463,51,3,16.00,21815.36,0.08,0.01,N,O,1996-11-11,1996-12-15,1996-11-25,DELIVER IN PERSON,SHIP,even attainments a
7810-1,7810,339,40,1,23.00,28504.59,0.03,0.03,N,O,1997-06-29,1997-04-25,1997-07-29,DELIVER IN PERSON,FOB,refully final requests wake blithely. 
7810-2,7810,561,92,2,12.00,17538.72,0.07,0.00,N,O,1997-03-21,1997-06-01,1997-04-05,DELIVER IN PERSON,FOB,ly unusual theodolites
7810-3,7810,479,38,3,37.00,51040.39,0.09,0.08,N,O,1997-05-02,1997-04-27,1997-05-28,TAKE BACK RETURN,RAIL,"ial, even ac"
7810-4,7810,683,77,4,12.00,19004.16,0.04,0.05,N,O,1997-04-29,1997-04-09,1997-04-30,NONE,TRUCK,nding packages use. b
7810-5,7810,779,44,5,42.00,70550.34,0.00,0.00,N,O,1997-06-27,1997-04-26,1997-06-30,NONE,FOB,es. quickly careful pains integ
7811-1,7811,156,35,1,29.00,30628.35,0.01,0.05,N,O,1996-05-26,1996-05-04,1996-06-16,TAKE BACK RETURN,SHIP, the furiously special packages. furiou
7811-2,7811,778,11,2,6.00,10072.62,0.01,0.00,N,O,1996-05-31,1996-06-12,1996-06-19,DELIVER IN PERSON,RAIL,wake slyly. sly t
7811-3,7811,1212,13,3,7.00,7792.47,0.00,0.03,N,O,1996-04-25,1996-06-03,1996-05-23,DELIVER IN PERSON,REG AIR,nic theodolites are blithely above th
7811-4,7811,1771,56,4,28.00,46837.56,0.10,0.02,N,O,1996-07-17,1996-04-20,1996-07-24,NONE,FOB,ests boost slyly. quickly thin deco
7811-5,7811,1146,19,5,12.00,12565.68,0.08,0.08,N,O,1996-05-30,1996-05-13,1996-06-13,DELIVER IN PERSON,MAIL,"deposits. bold, unusu"
7811-6,7811,1070,41,6,18.00,17479.26,0.09,0.07,N,O,1996-04-12,1996-05-11,1996-04-28,COLLECT COD,RAIL,uickly express
7812-1,7812,777,42,1,11.00,18455.47,0.02,0.00,N,O,1995-07-11,1995-07-01,1995-08-01,COLLECT COD,TRUCK,equests after the slyly
7812-2,7812,559,50,2,29.00,42326.95,0.10,0.00,N,O,1995-07-11,1995-06-03,1995-07-17,TAKE BACK RETURN,FOB,ggle furiously alon
7812-3,7812,1869,56,3,47.00,83230.42,0.01,0.00,N,O,1995-06-18,1995-07-20,1995-06-24,DELIVER IN PERSON,REG AIR,structions cajole furiously. express
7812-4,7812,1645,69,4,27.00,41759.28,0.04,0.01,N,O,1995-06-19,1995-07-05,1995-07-13,DELIVER IN PERSON,SHIP,ding to the sometimes pending foxes. ca
7812-5,7812,692,86,5,46.00,73263.74,0.05,0.04,A,F,1995-05-02,1995-06-13,1995-05-17,TAKE BACK RETURN,MAIL, requests. blithely pending pinto
7812-6,7812,1922,67,6,28.00,51069.76,0.06,0.08,A,F,1995-05-20,1995-07-03,1995-06-14,DELIVER IN PERSON,FOB,althy ideas. blithely ironic deposits wake 
7813-1,7813,302,59,1,25.00,30057.50,0.09,0.07,A,F,1994-04-22,1994-05-04,1994-05-22,NONE,MAIL,tween the carefully even deposi
7813-2,7813,857,91,2,21.00,36914.85,0.07,0.07,R,F,1994-03-21,1994-03-14,1994-03-26,TAKE BACK RETURN,MAIL,g to the blithely pending deposits. de
7814-1,7814,1072,8,1,23.00,22380.61,0.00,0.04,N,O,1995-08-03,1995-09-23,1995-08-12,NONE,RAIL,ckly pending tithes nag q
7815-1,7815,69,70,1,23.00,22288.38,0.03,0.04,R,F,1994-04-04,1994-02-22,1994-04-15,NONE,TRUCK,along the daringly even accounts. slyly ev
7840-1,7840,1869,13,1,14.00,24792.04,0.07,0.05,A,F,1995-04-21,1995-03-09,1995-05-15,TAKE BACK RETURN,MAIL,players use furiously. slyly expre
7840-2,7840,216,17,2,13.00,14510.73,0.10,0.00,R,F,1995-03-22,1995-03-20,1995-04-15,DELIVER IN PERSON,TRUCK,"ld, bold platelets. flu"
7840-3,7840,1717,44,3,47.00,76079.37,0.04,0.00,R,F,1995-05-03,1995-03-25,1995-05-06,NONE,RAIL,"he unusual, final accounts. excuses hagg"
7840-4,7840,635,29,4,34.00,52211.42,0.04,0.03,A,F,1995-04-30,1995-02-16,1995-05-08,NONE,TRUCK,nstructions sle
7841-1,7841,95,71,1,48.00,47764.32,0.06,0.06,A,F,1992-07-10,1992-07-25,1992-08-07,COLLECT COD,RAIL,to beans are 
7841-2,7841,1392,93,2,4.00,5173.56,0.05,0.03,R,F,1992-08-27,1992-07-24,1992-09-19,DELIVER IN PERSON,MAIL,ts cajole quickly abov
7841-3,7841,1178,15,3,9.00,9712.53,0.08,0.03,A,F,1992-08-22,1992-07-09,1992-09-03,DELIVER IN PERSON,FOB,ost about the quickly iro
7841-4,7841,169,96,4,47.00,50250.52,0.06,0.04,A,F,1992-06-29,1992-07-12,1992-07-28,TAKE BACK RETURN,RAIL,into beans; quickly silen
7841-5,7841,1797,40,5,36.00,61156.44,0.09,0.07,R,F,1992-06-07,1992-07-06,1992-06-24,NONE,TRUCK,eodolites cajole against the c
7841-6,7841,1271,72,6,37.00,43373.99,0.04,0.00,R,F,1992-06-04,1992-08-02,1992-06-11,NONE,FOB,ully regular deposits acc
7842-1,7842,342,43,1,7.00,8696.38,0.02,0.02,R,F,1994-12-05,1994-11-26,1994-12-09,NONE,RAIL,cial instructions. qui
7842-2,7842,1285,97,2,42.00,49823.76,0.02,0.08,R,F,1995-01-06,1994-12-11,1995-02-03,COLLECT COD,TRUCK,e of the packages wake across the 
7842-3,7842,6,7,3,5.00,4530.00,0.09,0.00,A,F,1994-12-19,1994-11-04,1995-01-01,NONE,MAIL,grow quickly requests? a
7842-4,7842,487,46,4,21.00,29137.08,0.01,0.04,A,F,1994-12-19,1994-12-12,1994-12-21,NONE,MAIL,eas integrate across the fi
7843-1,7843,1258,70,1,8.00,9274.00,0.02,0.05,N,O,1995-09-18,1995-07-23,1995-09-20,TAKE BACK RETURN,SHIP,ic packages. carefull
7843-2,7843,519,10,2,46.00,65297.46,0.02,0.06,N,O,1995-06-18,1995-07-21,1995-06-28,DELIVER IN PERSON,SHIP, pinto beans. fur
7843-3,7843,1493,72,3,15.00,20917.35,0.01,0.07,N,O,1995-07-13,1995-08-12,1995-08-11,COLLECT COD,SHIP,uriously unusual de
7843-4,7843,1866,10,4,7.00,12375.02,0.01,0.05,N,O,1995-08-03,1995-07-09,1995-08-13,NONE,RAIL,he carefully
7843-5,7843,501,62,5,27.00,37840.50,0.04,0.06,N,O,1995-09-20,1995-08-11,1995-10-17,DELIVER IN PERSON,RAIL,ges agains
7843-6,7843,793,58,6,35.00,59282.65,0.10,0.00,N,O,1995-06-24,1995-07-24,1995-06-26,COLLECT COD,MAIL,ter the final accounts. regu
7844-1,7844,1918,7,1,38.00,69156.58,0.05,0.03,N,O,1996-10-01,1996-10-19,1996-10-20,NONE,RAIL,xpress deposi
7844-2,7844,1423,2,2,6.00,7946.52,0.07,0.06,N,O,1996-09-21,1996-12-03,1996-10-08,NONE,FOB, blithely s
7844-3,7844,1779,22,3,26.00,43700.02,0.04,0.07,N,O,1996-10-29,1996-11-01,1996-11-07,NONE,AIR,ithely eve
7845-1,7845,1808,9,1,49.00,83780.20,0.03,0.04,R,F,1994-12-26,1995-01-28,1995-01-25,COLLECT COD,RAIL,ns wake again
7845-2,7845,1428,46,2,1.00,1329.42,0.05,0.06,R,F,1995-04-08,1995-02-15,1995-04-19,TAKE BACK RETURN,REG AIR,he slyly final excuses. 
7845-3,7845,936,37,3,39.00,71640.27,0.00,0.05,R,F,1995-04-09,1995-03-01,1995-04-28,COLLECT COD,MAIL,egrate blit
7845-4,7845,1925,70,4,14.00,25576.88,0.04,0.07,R,F,1995-02-14,1995-01-18,1995-03-14,COLLECT COD,AIR,kindle slyly fluffily sp
7845-5,7845,1310,49,5,9.00,10901.79,0.10,0.05,R,F,1994-12-23,1995-02-16,1995-01-21,COLLECT COD,TRUCK, platelets 
7846-1,7846,832,66,1,13.00,22526.79,0.05,0.08,N,O,1995-10-15,1995-09-18,1995-10-28,TAKE BACK RETURN,TRUCK,ily regular pinto beans. ironically fin
7846-2,7846,1674,75,2,2.00,3151.34,0.01,0.05,N,O,1995-07-31,1995-09-01,1995-08-04,COLLECT COD,REG AIR,ggle slyly. carefully regul
7846-3,7846,896,30,3,20.00,35937.80,0.01,0.01,N,O,1995-10-15,1995-09-16,1995-10-17,COLLECT COD,MAIL,ly special requests after the slyly b
7846-4,7846,1631,73,4,39.00,59772.57,0.05,0.06,N,O,1995-07-07,1995-09-20,1995-07-12,NONE,RAIL,y. carefully ironic dependencies i
7846-5,7846,1140,77,5,7.00,7287.98,0.08,0.05,N,O,1995-07-21,1995-08-19,1995-08-17,TAKE BACK RETURN,AIR,hang according to the even packages
7847-1,7847,1692,93,1,44.00,70122.36,0.10,0.00,N,O,1995-07-11,1995-09-22,1995-08-02,COLLECT COD,SHIP,pending excuses cajole furiously 
7847-2,7847,732,33,2,9.00,14694.57,0.09,0.06,N,O,1995-10-23,1995-10-01,1995-11-01,TAKE BACK RETURN,RAIL,efully ironic requests sleep. carefully ev
7847-3,7847,999,2,3,32.00,60799.68,0.10,0.07,N,O,1995-10-26,1995-10-01,1995-11-18,DELIVER IN PERSON,SHIP,beans. caref
7872-1,7872,1906,95,1,6.00,10847.40,0.08,0.03,R,F,1992-12-05,1993-01-01,1992-12-19,DELIVER IN PERSON,FOB,. carefully even packages sleep above th
7872-2,7872,1515,96,2,22.00,31163.22,0.07,0.01,A,F,1993-01-10,1992-12-16,1993-01-31,DELIVER IN PERSON,RAIL,its against the quickly ironic foxes haggl
7872-3,7872,1831,75,3,19.00,32923.77,0.02,0.04,A,F,1993-02-09,1993-01-16,1993-03-05,TAKE BACK RETURN,SHIP,he platelets sublate care
7872-4,7872,958,93,4,27.00,50191.65,0.08,0.03,A,F,1993-02-09,1993-01-06,1993-02-20,COLLECT COD,FOB,ffix aroun
7872-5,7872,469,99,5,27.00,36975.42,0.01,0.04,R,F,1993-01-11,1992-12-20,1993-01-28,NONE,AIR,kages cajole furiousl
7873-1,7873,170,71,1,1.00,1070.17,0.09,0.02,A,F,1992-08-24,1992-09-18,1992-09-13,DELIVER IN PERSON,AIR,among the blithely unusual dependenci
7873-2,7873,632,33,2,29.00,44446.27,0.09,0.03,A,F,1992-07-08,1992-09-11,1992-07-24,TAKE BACK RETURN,TRUCK,"s. unusual, final theodo"
7873-3,7873,1257,58,3,47.00,54437.75,0.04,0.06,R,F,1992-07-14,1992-09-01,1992-07-27,NONE,RAIL,hrash fluffily? furiously ironic a
7873-4,7873,458,17,4,9.00,12226.05,0.08,0.06,R,F,1992-09-15,1992-08-26,1992-10-01,COLLECT COD,RAIL,ets dazzle-- fi
7873-5,7873,848,49,5,40.00,69953.60,0.05,0.01,R,F,1992-08-24,1992-09-21,1992-09-01,NONE,MAIL,lyly pending instruction
7873-6,7873,1823,53,6,42.00,72442.44,0.01,0.08,A,F,1992-08-22,1992-08-26,1992-09-20,NONE,REG AIR,iresias use care
7874-1,7874,1834,21,1,10.00,17358.30,0.08,0.04,N,O,1998-10-11,1998-08-16,1998-11-07,COLLECT COD,AIR,quickly regular asymptotes 
7874-2,7874,1243,81,2,29.00,33182.96,0.01,0.07,N,O,1998-06-29,1998-08-27,1998-07-09,NONE,AIR,"ously daring instructions use even, "
7874-3,7874,1547,68,3,15.00,21728.10,0.04,0.07,N,O,1998-07-11,1998-09-14,1998-07-24,COLLECT COD,REG AIR,d accounts cajole f
7874-4,7874,45,46,4,35.00,33076.40,0.03,0.08,N,O,1998-10-17,1998-08-31,1998-11-13,COLLECT COD,RAIL,gle up the regular pinto beans. 
7874-5,7874,284,39,5,2.00,2368.56,0.07,0.03,N,O,1998-10-12,1998-08-12,1998-10-19,NONE,SHIP,platelets 
7874-6,7874,866,66,6,2.00,3533.72,0.10,0.02,N,O,1998-08-04,1998-08-11,1998-08-15,COLLECT COD,FOB,y. carefully silent accounts boost even
7874-7,7874,718,19,7,2.00,3237.42,0.08,0.07,N,O,1998-08-06,1998-08-11,1998-08-15,NONE,MAIL,are special theodolites
7875-1,7875,1198,35,1,31.00,34074.89,0.10,0.07,R,F,1993-04-13,1993-04-11,1993-04-19,COLLECT COD,REG AIR,es. frays boost blithely. blithely final ac
7875-2,7875,337,22,2,16.00,19797.28,0.00,0.03,A,F,1993-02-17,1993-04-20,1993-03-09,NONE,REG AIR, dependencies.
7875-3,7875,332,89,3,32.00,39434.56,0.05,0.00,A,F,1993-03-19,1993-04-24,1993-04-04,NONE,RAIL,d instructions. qu
7875-4,7875,1288,89,4,34.00,40435.52,0.03,0.00,R,F,1993-03-19,1993-05-07,1993-04-03,COLLECT COD,RAIL," haggle requests. busy, express requ"
7876-1,7876,1564,85,1,37.00,54225.72,0.10,0.02,N,O,1996-10-17,1996-10-18,1996-11-06,TAKE BACK RETURN,TRUCK,y ironic pa
7876-2,7876,1371,86,2,42.00,53439.54,0.06,0.05,N,O,1996-10-05,1996-11-02,1996-10-16,TAKE BACK RETURN,REG AIR,ajole fluffily. patterns h
7877-1,7877,223,5,1,10.00,11232.20,0.06,0.00,N,O,1996-04-27,1996-05-02,1996-05-12,TAKE BACK RETURN,RAIL,ep about the slyly final 
7877-2,7877,85,36,2,46.00,45313.68,0.07,0.07,N,O,1996-07-03,1996-05-28,1996-07-28,NONE,MAIL,eep slyly agains
7877-3,7877,957,60,3,38.00,70602.10,0.06,0.06,N,O,1996-04-15,1996-05-31,1996-04-28,DELIVER IN PERSON,REG AIR,lly after the slyly 
7877-4,7877,1202,40,4,21.00,23167.20,0.04,0.06,N,O,1996-04-28,1996-04-12,1996-05-09,DELIVER IN PERSON,AIR,old requests; sometime
7877-5,7877,1926,71,5,50.00,91396.00,0.03,0.04,N,O,1996-05-06,1996-05-22,1996-05-26,NONE,FOB,tions use sly 
7877-6,7877,122,75,6,15.00,15331.80,0.01,0.03,N,O,1996-04-08,1996-05-24,1996-04-11,NONE,REG AIR,ns cajole around the unusual pack
7877-7,7877,346,47,7,27.00,33651.18,0.03,0.00,N,O,1996-06-28,1996-05-30,1996-07-14,TAKE BACK RETURN,REG AIR,bold ideas. blithe
7878-1,7878,461,62,1,32.00,43566.72,0.09,0.04,N,F,1995-06-11,1995-07-11,1995-06-18,DELIVER IN PERSON,MAIL,. slyly regu
7878-2,7878,50,1,2,8.00,7600.40,0.03,0.02,R,F,1995-05-22,1995-06-02,1995-06-04,COLLECT COD,FOB,even requests use quickly. quickly unusual 
7878-3,7878,1387,64,3,46.00,59265.48,0.07,0.03,N,O,1995-08-13,1995-07-13,1995-09-10,TAKE BACK RETURN,SHIP,thely regular theodolites sleep slyly acr
7878-4,7878,1852,53,4,45.00,78923.25,0.07,0.05,R,F,1995-05-05,1995-07-24,1995-05-29,DELIVER IN PERSON,RAIL,ironic packages. blithely
7878-5,7878,1092,63,5,42.00,41709.78,0.00,0.03,N,O,1995-06-23,1995-07-14,1995-07-16,DELIVER IN PERSON,TRUCK,es print quickly. slyly spec
7879-1,7879,1482,83,1,34.00,47038.32,0.04,0.05,R,F,1994-10-27,1994-09-27,1994-10-30,NONE,SHIP,riously express pinto b
7879-2,7879,75,1,2,33.00,32177.31,0.07,0.02,R,F,1994-08-07,1994-09-03,1994-08-16,COLLECT COD,MAIL,ages. slyly special platelets are bl
7879-3,7879,520,21,3,37.00,52559.24,0.08,0.00,R,F,1994-10-10,1994-09-02,1994-10-14,COLLECT COD,MAIL, pending foxes nag quickly among the care
7879-4,7879,32,33,4,30.00,27960.90,0.01,0.05,R,F,1994-10-18,1994-10-23,1994-10-22,DELIVER IN PERSON,TRUCK,dle accounts about the even foxes cajo
7904-1,7904,871,38,1,41.00,72646.67,0.09,0.06,R,F,1993-08-15,1993-07-02,1993-08-20,DELIVER IN PERSON,AIR,ven requests along the pen
7904-2,7904,1263,1,2,26.00,30270.76,0.01,0.08,R,F,1993-09-01,1993-07-18,1993-09-21,TAKE BACK RETURN,REG AIR,refully ironic es
7905-1,7905,1693,17,1,45.00,71761.05,0.10,0.04,R,F,1994-09-20,1994-09-01,1994-09-30,DELIVER IN PERSON,REG AIR,tly outside 
7905-2,7905,1932,77,2,29.00,53183.97,0.06,0.05,R,F,1994-08-18,1994-08-24,1994-08-23,COLLECT COD,SHIP,express attainments cajole. slyly 
7905-3,7905,1041,42,3,1.00,942.04,0.03,0.07,R,F,1994-09-17,1994-07-26,1994-10-07,DELIVER IN PERSON,REG AIR,und the furiously reg
7905-4,7905,1069,70,4,43.00,41712.58,0.00,0.07,A,F,1994-08-26,1994-08-25,1994-09-02,TAKE BACK RETURN,FOB,ep. idly final accou
7905-5,7905,535,96,5,19.00,27275.07,0.08,0.05,A,F,1994-06-22,1994-08-01,1994-07-07,NONE,MAIL,ly regular ideas. fluffily even somas h
7906-1,7906,614,15,1,26.00,39379.86,0.09,0.00,R,F,1994-10-25,1994-12-12,1994-11-15,TAKE BACK RETURN,MAIL,osits. someti
7906-2,7906,138,17,2,29.00,30105.77,0.08,0.01,A,F,1995-01-30,1994-11-28,1995-02-09,NONE,AIR,s boost slyly requests. ironic ex
7906-3,7906,132,11,3,12.00,12385.56,0.05,0.00,A,F,1994-12-26,1994-12-17,1994-12-28,TAKE BACK RETURN,RAIL,"s. regular, i"
7906-4,7906,1844,88,4,42.00,73325.28,0.01,0.04,R,F,1995-02-04,1994-12-05,1995-02-21,DELIVER IN PERSON,TRUCK,le slyly. care
7907-1,7907,5,31,1,50.00,45250.00,0.09,0.05,N,O,1996-10-22,1997-01-03,1996-11-09,NONE,MAIL,ously even packages affix slyly a
7907-2,7907,1630,31,2,38.00,58201.94,0.03,0.05,N,O,1996-11-17,1997-01-06,1996-11-20,TAKE BACK RETURN,REG AIR," ironic, regu"
7907-3,7907,25,76,3,42.00,38850.84,0.01,0.04,N,O,1996-12-02,1996-11-22,1996-12-08,DELIVER IN PERSON,SHIP,counts are slyly. quickly si
7907-4,7907,134,87,4,13.00,13443.69,0.07,0.04,N,O,1997-01-28,1996-11-30,1997-01-29,TAKE BACK RETURN,RAIL,s accounts. slyly pe
7908-1,7908,383,12,1,28.00,35934.64,0.03,0.05,N,O,1997-01-22,1996-12-19,1997-02-14,TAKE BACK RETURN,MAIL,structions. theodolites af
7908-2,7908,1932,21,2,37.00,67855.41,0.02,0.01,N,O,1996-11-05,1997-01-09,1996-11-20,TAKE BACK RETURN,FOB,iously. slyly regular requ
7908-3,7908,458,88,3,29.00,39395.05,0.03,0.03,N,O,1996-11-06,1997-01-06,1996-11-10,DELIVER IN PERSON,RAIL,lites. furiously express pl
7908-4,7908,1468,69,4,30.00,41083.80,0.04,0.06,N,O,1997-02-12,1996-11-28,1997-02-13,TAKE BACK RETURN,REG AIR,e carefully after the quickly iro
7908-5,7908,1106,79,5,30.00,30213.00,0.00,0.08,N,O,1996-11-03,1996-11-14,1996-11-15,DELIVER IN PERSON,RAIL,ver the closel
7908-6,7908,188,67,6,23.00,25028.14,0.05,0.05,N,O,1997-02-10,1996-12-19,1997-02-20,NONE,RAIL,y final acco
7908-7,7908,842,9,7,32.00,55770.88,0.00,0.06,N,O,1996-11-26,1996-11-24,1996-12-25,NONE,MAIL,inal reque
7909-1,7909,1874,18,1,1.00,1775.87,0.03,0.04,A,F,1994-03-06,1994-03-27,1994-03-12,TAKE BACK RETURN,RAIL, sleep furiously besides 
7909-2,7909,30,6,2,38.00,35341.14,0.03,0.08,A,F,1994-01-21,1994-03-23,1994-01-25,DELIVER IN PERSON,FOB, instructions.
7909-3,7909,670,33,3,10.00,15706.70,0.01,0.05,A,F,1994-02-11,1994-02-10,1994-03-01,TAKE BACK RETURN,FOB,yly according to the ruthlessly even dolph
7910-1,7910,1899,100,1,34.00,61230.26,0.03,0.00,A,F,1993-08-19,1993-05-24,1993-09-02,COLLECT COD,TRUCK,kages. deposits ha
7910-2,7910,499,100,2,10.00,13994.90,0.03,0.07,R,F,1993-06-15,1993-06-14,1993-06-26,COLLECT COD,REG AIR,s grow furiously. s
7910-3,7910,1343,20,3,41.00,51017.94,0.05,0.06,A,F,1993-04-30,1993-07-04,1993-05-30,NONE,RAIL,s around the fi
7910-4,7910,1110,47,4,21.00,21233.31,0.05,0.01,A,F,1993-07-01,1993-07-04,1993-07-19,NONE,AIR,nding theodolites. furiou
7910-5,7910,1284,96,5,43.00,50967.04,0.06,0.00,R,F,1993-05-08,1993-06-28,1993-05-13,TAKE BACK RETURN,TRUCK,e quickly al
7910-6,7910,743,76,6,25.00,41093.50,0.03,0.02,A,F,1993-07-30,1993-06-21,1993-08-09,COLLECT COD,AIR,manently; carefully furious accounts
7910-7,7910,1834,64,7,20.00,34716.60,0.04,0.05,R,F,1993-07-19,1993-06-19,1993-08-05,TAKE BACK RETURN,MAIL,"he final, pending in"
7911-1,7911,1163,72,1,5.00,5320.80,0.05,0.07,N,O,1997-12-09,1997-10-14,1997-12-21,COLLECT COD,REG AIR,elets. speci
7911-2,7911,444,74,2,3.00,4033.32,0.00,0.00,N,O,1997-10-23,1997-11-29,1997-11-01,COLLECT COD,TRUCK,phins thrash against the final reque
7911-3,7911,1327,66,3,25.00,30708.00,0.04,0.02,N,O,1997-12-20,1997-11-23,1997-12-22,TAKE BACK RETURN,FOB,"r, even instructions are. requests cajol"
7911-4,7911,290,18,4,39.00,46421.31,0.10,0.07,N,O,1997-10-31,1997-11-13,1997-11-04,COLLECT COD,AIR,gular requests cajole entic
7911-5,7911,323,80,5,8.00,9786.56,0.02,0.07,N,O,1997-10-01,1997-11-11,1997-10-12,COLLECT COD,AIR, the carefu
7936-1,7936,251,79,1,19.00,21873.75,0.00,0.03,A,F,1993-06-21,1993-06-16,1993-07-08,NONE,FOB,"osits. even,"
7936-2,7936,200,27,2,30.00,33006.00,0.09,0.02,A,F,1993-05-20,1993-06-21,1993-06-18,DELIVER IN PERSON,MAIL, requests cajole sometimes aft
7936-3,7936,182,35,3,12.00,12986.16,0.10,0.05,A,F,1993-05-11,1993-06-20,1993-05-28,TAKE BACK RETURN,SHIP, bold reques
7936-4,7936,10,61,4,26.00,23660.26,0.07,0.02,A,F,1993-05-22,1993-05-27,1993-06-21,TAKE BACK RETURN,MAIL,kly pending accounts ea
7937-1,7937,1102,39,1,14.00,14043.40,0.10,0.03,R,F,1993-05-15,1993-06-25,1993-06-08,TAKE BACK RETURN,AIR,atelets. blithely final excuse
7937-2,7937,1879,66,2,30.00,53426.10,0.06,0.00,R,F,1993-07-20,1993-05-02,1993-08-17,DELIVER IN PERSON,FOB,blithely according 
7938-1,7938,953,54,1,34.00,63034.30,0.04,0.08,A,F,1993-07-10,1993-04-13,1993-08-01,NONE,TRUCK,e slyly express pack
7938-2,7938,562,53,2,47.00,68740.32,0.09,0.04,A,F,1993-06-09,1993-06-04,1993-07-03,TAKE BACK RETURN,AIR,ly final accoun
7938-3,7938,1397,98,3,24.00,31161.36,0.07,0.07,A,F,1993-05-01,1993-05-03,1993-05-18,COLLECT COD,TRUCK,ts across 
7939-1,7939,1764,7,1,17.00,28317.92,0.08,0.03,N,O,1997-02-26,1996-12-20,1997-03-21,COLLECT COD,FOB,ress foxes wak
7939-2,7939,1009,80,2,45.00,40950.00,0.09,0.08,N,O,1997-01-07,1997-01-22,1997-01-26,DELIVER IN PERSON,MAIL, the instructions sleep furiously
7939-3,7939,818,85,3,21.00,36095.01,0.06,0.06,N,O,1996-11-11,1997-01-13,1996-12-08,TAKE BACK RETURN,AIR,", final instructions haggle qui"
7939-4,7939,503,34,4,18.00,25263.00,0.10,0.01,N,O,1996-12-01,1996-12-04,1996-12-22,DELIVER IN PERSON,RAIL, furiously pending ideas wake evenly 
7940-1,7940,540,31,1,12.00,17286.48,0.03,0.01,N,O,1996-03-28,1996-05-05,1996-04-01,TAKE BACK RETURN,FOB,sly regular requests. quickly final req
7941-1,7941,477,36,1,11.00,15152.17,0.04,0.07,A,F,1992-04-16,1992-06-11,1992-05-04,TAKE BACK RETURN,FOB,osits sleep packages. blithely iron
7941-2,7941,15,16,2,48.00,43920.48,0.03,0.01,R,F,1992-06-15,1992-04-24,1992-07-02,TAKE BACK RETURN,FOB,e slyly stealthily final
7941-3,7941,1055,91,3,20.00,19121.00,0.08,0.08,A,F,1992-04-07,1992-06-05,1992-04-08,TAKE BACK RETURN,SHIP,fluffily final deposits hag
7942-1,7942,1620,44,1,16.00,24345.92,0.08,0.05,A,F,1994-08-07,1994-07-09,1994-08-23,COLLECT COD,RAIL,e carefully final pinto beans. quickly 
7942-2,7942,1052,23,2,45.00,42887.25,0.06,0.07,R,F,1994-05-12,1994-07-07,1994-05-18,COLLECT COD,TRUCK,"luffily pending accounts. bold, even saut"
7942-3,7942,508,69,3,3.00,4225.50,0.07,0.01,A,F,1994-05-03,1994-05-22,1994-05-28,DELIVER IN PERSON,MAIL,use slyly even r
7942-4,7942,368,97,4,9.00,11415.24,0.00,0.04,R,F,1994-08-05,1994-07-13,1994-08-30,NONE,MAIL,bold dolphins al
7942-5,7942,654,55,5,12.00,18655.80,0.08,0.02,R,F,1994-08-10,1994-07-19,1994-08-27,TAKE BACK RETURN,AIR,"e against the bold, regu"
7943-1,7943,1938,71,1,26.00,47838.18,0.00,0.01,N,O,1996-09-26,1996-11-20,1996-10-25,COLLECT COD,MAIL,le quickly inside the 
7968-1,7968,1713,14,1,44.00,71047.24,0.02,0.02,R,F,1993-12-14,1993-10-20,1993-12-16,COLLECT COD,FOB," packages. quick, regular accoun"
7968-2,7968,1438,78,2,28.00,37504.04,0.08,0.06,A,F,1994-01-10,1993-10-25,1994-02-09,NONE,FOB,e along the carefully regular requests. 
7968-3,7968,760,93,3,23.00,38197.48,0.03,0.02,R,F,1993-10-20,1993-10-25,1993-11-12,NONE,RAIL, quickly even accounts! asymptotes around
7968-4,7968,7,33,4,22.00,19954.00,0.04,0.07,A,F,1993-12-25,1993-11-01,1994-01-24,TAKE BACK RETURN,TRUCK,eep quickly. even accounts sleep thinly a
7968-5,7968,1671,13,5,34.00,53470.78,0.08,0.02,A,F,1993-10-16,1993-10-29,1993-10-19,NONE,MAIL,es boost. carefully blithe depos
7969-1,7969,483,71,1,28.00,38737.44,0.10,0.05,N,O,1998-11-02,1998-09-07,1998-11-17,TAKE BACK RETURN,FOB,es haggle slyly alongside of the furiously
7969-2,7969,1075,11,2,49.00,47827.43,0.03,0.05,N,O,1998-09-17,1998-09-23,1998-10-01,DELIVER IN PERSON,FOB,"in the final, unusual pinto beans."
7969-3,7969,980,81,3,5.00,9404.90,0.05,0.05,N,O,1998-08-04,1998-10-06,1998-08-14,DELIVER IN PERSON,REG AIR,equests. carefully ironic foxes boost
7969-4,7969,286,87,4,34.00,40333.52,0.04,0.04,N,O,1998-10-15,1998-09-13,1998-10-28,DELIVER IN PERSON,AIR, according to the
7969-5,7969,448,7,5,6.00,8090.64,0.05,0.00,N,O,1998-09-05,1998-09-27,1998-09-13,COLLECT COD,RAIL,into beans use blithely before the q
7969-6,7969,1354,55,6,6.00,7532.10,0.07,0.08,N,O,1998-08-21,1998-09-20,1998-09-03,COLLECT COD,SHIP,es must have to wake. special acco
7970-1,7970,743,76,1,26.00,42737.24,0.04,0.01,N,O,1996-11-26,1996-12-22,1996-12-20,DELIVER IN PERSON,SHIP,ly blithel
7970-2,7970,254,36,2,36.00,41553.00,0.00,0.03,N,O,1997-01-06,1996-11-16,1997-02-02,DELIVER IN PERSON,MAIL,hrough the car
7971-1,7971,812,13,1,44.00,75363.64,0.09,0.04,R,F,1994-07-19,1994-07-07,1994-08-12,TAKE BACK RETURN,TRUCK,quests: blithely i
7971-2,7971,1739,66,2,27.00,44299.71,0.05,0.01,R,F,1994-08-05,1994-08-06,1994-09-03,COLLECT COD,MAIL,ts. carefully final accounts cajole 
7971-3,7971,1527,48,3,19.00,27141.88,0.07,0.08,A,F,1994-09-28,1994-08-10,1994-10-25,COLLECT COD,FOB,hlessly regular packages. ironic ideas u
7972-1,7972,687,88,1,8.00,12701.44,0.01,0.05,N,O,1998-07-13,1998-07-10,1998-08-05,COLLECT COD,FOB,iously final waters may d
7972-2,7972,1211,23,2,11.00,12234.31,0.03,0.00,N,O,1998-09-11,1998-07-22,1998-10-04,COLLECT COD,AIR, slyly carefully silen
7972-3,7972,1214,89,3,2.00,2230.42,0.07,0.00,N,O,1998-08-12,1998-08-11,1998-08-22,DELIVER IN PERSON,RAIL,"n, ironic packages wake furiously against t"
7972-4,7972,423,82,4,44.00,58230.48,0.02,0.00,N,O,1998-05-28,1998-07-27,1998-05-29,COLLECT COD,SHIP,er the iro
7972-5,7972,1904,5,5,47.00,84877.30,0.08,0.03,N,O,1998-08-16,1998-08-10,1998-09-04,DELIVER IN PERSON,REG AIR,"l, regular requests are slow"
7972-6,7972,1851,52,6,25.00,43821.25,0.10,0.05,N,O,1998-07-23,1998-07-16,1998-08-03,TAKE BACK RETURN,RAIL,g the accounts. furiously regula
7972-7,7972,305,62,7,24.00,28927.20,0.06,0.04,N,O,1998-07-15,1998-07-01,1998-08-04,NONE,MAIL, sleep slyly. t
7973-1,7973,1970,15,1,43.00,80494.71,0.05,0.06,A,F,1992-02-29,1992-04-20,1992-03-04,DELIVER IN PERSON,FOB,"express accounts. silent, final accounts"
7974-1,7974,1979,80,1,31.00,58310.07,0.03,0.00,A,F,1992-07-01,1992-08-11,1992-07-30,COLLECT COD,FOB,e even deposits-- asympto
7975-1,7975,731,28,1,28.00,45688.44,0.08,0.03,N,O,1997-05-14,1997-04-29,1997-05-30,COLLECT COD,TRUCK,ironic requests
8000-1,8000,1337,76,1,28.00,34673.24,0.05,0.03,A,F,1994-01-11,1993-11-28,1994-01-18,DELIVER IN PERSON,AIR,uses boost sly
8000-2,8000,1668,51,2,23.00,36102.18,0.09,0.02,R,F,1993-10-15,1993-11-05,1993-11-08,NONE,FOB,s are accounts. furiousl
8000-3,8000,1967,56,3,42.00,78496.32,0.09,0.04,A,F,1993-12-08,1993-11-27,1994-01-02,COLLECT COD,SHIP,egular accounts 
8000-4,8000,1497,37,4,29.00,40556.21,0.00,0.08,A,F,1993-11-22,1993-11-17,1993-12-05,TAKE BACK RETURN,RAIL,x-ray furiously ab
8000-5,8000,623,17,5,23.00,35043.26,0.10,0.04,A,F,1993-10-05,1993-10-21,1993-10-30,TAKE BACK RETURN,RAIL,ronic theodolites above the
8000-6,8000,1463,42,6,11.00,15009.06,0.10,0.00,R,F,1993-11-16,1993-12-08,1993-11-29,COLLECT COD,REG AIR,accounts. even deposits ab
8001-1,8001,1985,86,1,26.00,49061.48,0.04,0.07,A,F,1994-03-08,1994-02-01,1994-03-13,DELIVER IN PERSON,RAIL,ach according to the slyly ironic court
8001-2,8001,1123,60,2,5.00,5120.60,0.10,0.06,R,F,1993-11-26,1994-02-09,1993-12-20,TAKE BACK RETURN,AIR,neath the deposits. regularly unu
8001-3,8001,1146,55,3,46.00,48168.44,0.00,0.01,R,F,1994-01-07,1993-12-31,1994-01-24,NONE,AIR,ickly. bold theodolites around th
8001-4,8001,605,68,4,20.00,30112.00,0.02,0.05,R,F,1994-03-17,1994-02-07,1994-03-29,DELIVER IN PERSON,SHIP,pending instructions na
8001-5,8001,852,19,5,40.00,70114.00,0.08,0.02,R,F,1994-01-06,1993-12-31,1994-01-11,NONE,RAIL,furiously unusual theodolites alon
8001-6,8001,566,57,6,22.00,32264.32,0.06,0.06,R,F,1993-12-24,1994-01-25,1994-01-17,NONE,RAIL, instructions. fluffily unusual dep
8001-7,8001,1015,51,7,16.00,14656.16,0.05,0.02,A,F,1993-12-26,1994-02-02,1994-01-25,NONE,RAIL,ccounts are slyly carefull
8002-1,8002,992,93,1,48.00,90863.52,0.08,0.05,R,F,1993-03-26,1993-05-23,1993-04-17,NONE,TRUCK,its cajole slyly. pending de
8002-2,8002,188,41,2,32.00,34821.76,0.04,0.08,R,F,1993-06-12,1993-05-23,1993-06-17,COLLECT COD,FOB, fluffily ironic requests eat f
8002-3,8002,1355,56,3,47.00,59048.45,0.06,0.03,A,F,1993-07-11,1993-06-08,1993-07-16,DELIVER IN PERSON,SHIP,ts. slyly even instructions cajole a
8003-1,8003,490,78,1,20.00,27809.80,0.07,0.00,N,O,1996-01-22,1995-11-25,1996-02-17,NONE,REG AIR,accounts solve
8003-2,8003,1962,63,2,40.00,74558.40,0.03,0.00,N,O,1996-01-05,1996-01-08,1996-01-14,TAKE BACK RETURN,FOB, deposits. carefully ironic instructions
8003-3,8003,1988,77,3,25.00,47249.50,0.02,0.05,N,O,1995-12-19,1995-12-29,1995-12-29,TAKE BACK RETURN,AIR,egular ideas x-
8003-4,8003,1270,82,4,14.00,16397.78,0.05,0.04,N,O,1996-01-30,1995-12-03,1996-02-24,NONE,MAIL,nic ideas sleep 
8003-5,8003,1996,85,5,44.00,83511.56,0.10,0.08,N,O,1995-12-09,1995-11-23,1996-01-06,TAKE BACK RETURN,FOB,x slyly. blithely regular accoun
8003-6,8003,989,90,6,9.00,17009.82,0.07,0.07,N,O,1995-11-22,1995-12-28,1995-12-09,DELIVER IN PERSON,FOB,lyly even ideas. furio
8003-7,8003,466,96,7,24.00,32795.04,0.10,0.04,N,O,1995-11-14,1996-01-16,1995-11-17,COLLECT COD,RAIL,kages. slyly
8004-1,8004,548,9,1,46.00,66632.84,0.02,0.05,N,F,1995-06-08,1995-07-26,1995-07-06,TAKE BACK RETURN,FOB,ake furiously. pac
8004-2,8004,109,10,2,40.00,40364.00,0.03,0.06,N,O,1995-09-09,1995-06-12,1995-09-16,DELIVER IN PERSON,AIR,ges across the fluffily final
8004-3,8004,1870,71,3,43.00,76190.41,0.01,0.04,N,O,1995-07-06,1995-07-31,1995-07-22,NONE,TRUCK,ly even packages are
8004-4,8004,1684,26,4,25.00,39642.00,0.05,0.02,N,O,1995-08-26,1995-07-02,1995-09-19,COLLECT COD,AIR, carefully
8004-5,8004,780,81,5,23.00,38657.94,0.03,0.06,N,O,1995-07-21,1995-06-24,1995-08-01,DELIVER IN PERSON,REG AIR,ges use. slyly unusual deposits use careful
8004-6,8004,991,92,6,11.00,20811.89,0.06,0.07,N,O,1995-09-08,1995-07-10,1995-09-22,NONE,MAIL,nal asymptotes. slyly even packages use
8005-1,8005,716,49,1,19.00,30717.49,0.01,0.02,R,F,1992-05-28,1992-06-18,1992-06-06,NONE,REG AIR,gular deposit
8005-2,8005,1840,27,2,19.00,33094.96,0.09,0.05,A,F,1992-07-10,1992-05-29,1992-08-06,TAKE BACK RETURN,RAIL,refully alongside of the unusual gifts. 
8005-3,8005,493,52,3,47.00,65494.03,0.01,0.00,R,F,1992-07-10,1992-06-15,1992-07-15,TAKE BACK RETURN,FOB,en somas. carefully final courts 
8005-4,8005,692,55,4,49.00,78041.81,0.04,0.03,R,F,1992-04-19,1992-06-19,1992-05-16,TAKE BACK RETURN,FOB,ts. ironic deposits are carefully 
8005-5,8005,1383,60,5,31.00,39815.78,0.03,0.06,A,F,1992-04-24,1992-05-24,1992-05-23,DELIVER IN PERSON,RAIL,even requests. asymptotes nag carefully. 
8005-6,8005,1345,46,6,2.00,2492.68,0.07,0.06,R,F,1992-07-08,1992-05-11,1992-07-29,TAKE BACK RETURN,AIR,quiet hockey players. pending depo
8005-7,8005,1260,72,7,30.00,34837.80,0.05,0.00,R,F,1992-04-08,1992-05-12,1992-05-01,DELIVER IN PERSON,REG AIR,blithely around the re
8006-1,8006,1450,90,1,7.00,9460.15,0.09,0.08,N,O,1995-09-29,1995-09-02,1995-10-23,COLLECT COD,AIR,side of the fi
8006-2,8006,1028,29,2,47.00,43663.94,0.02,0.05,N,O,1995-08-30,1995-08-24,1995-09-21,TAKE BACK RETURN,SHIP,lly pending theodol
8006-3,8006,455,43,3,36.00,48796.20,0.04,0.07,N,O,1995-08-22,1995-07-30,1995-09-12,COLLECT COD,FOB,es sleep slyly pending ideas. p
8006-4,8006,909,44,4,43.00,77825.70,0.03,0.04,N,O,1995-07-30,1995-09-01,1995-08-17,DELIVER IN PERSON,SHIP, accounts. fluffily un
8006-5,8006,1901,46,5,42.00,75721.80,0.06,0.00,N,O,1995-07-31,1995-07-09,1995-08-07,TAKE BACK RETURN,AIR,"s ideas boost. ironic, ironi"
8006-6,8006,254,36,6,16.00,18468.00,0.03,0.00,N,F,1995-06-15,1995-07-18,1995-06-19,COLLECT COD,REG AIR,. carefully ironic ideas boost blithely as
8007-1,8007,1304,5,1,50.00,60265.00,0.07,0.01,R,F,1992-04-24,1992-03-17,1992-05-22,NONE,FOB,ans boost carefully quiet
8007-2,8007,1438,56,2,41.00,54916.63,0.03,0.08,A,F,1992-02-16,1992-04-18,1992-03-02,COLLECT COD,TRUCK,y within the pending ideas. 
8007-3,8007,561,22,3,46.00,67231.76,0.01,0.06,R,F,1992-06-10,1992-05-11,1992-06-29,TAKE BACK RETURN,TRUCK,excuses. carefull
8007-4,8007,909,44,4,31.00,56106.90,0.02,0.05,R,F,1992-04-23,1992-05-04,1992-05-15,DELIVER IN PERSON,FOB,oost blith
8032-1,8032,1280,92,1,34.00,40163.52,0.01,0.05,R,F,1995-01-17,1995-02-15,1995-01-28,COLLECT COD,SHIP,e fluffily ironic packages. ironic
8033-1,8033,189,90,1,6.00,6535.08,0.09,0.08,A,F,1992-06-19,1992-06-14,1992-07-01,NONE,MAIL,ironic req
8033-2,8033,1242,43,2,1.00,1143.24,0.00,0.06,R,F,1992-06-19,1992-06-07,1992-06-29,NONE,REG AIR,he fluffily even requests. ir
8033-3,8033,1734,61,3,30.00,49071.90,0.05,0.01,A,F,1992-05-04,1992-06-02,1992-05-24,DELIVER IN PERSON,RAIL, foxes. quickly
8033-4,8033,898,98,4,20.00,35977.80,0.01,0.08,A,F,1992-05-24,1992-07-03,1992-05-29,NONE,REG AIR, to the furiously
8034-1,8034,627,28,1,24.00,36662.88,0.00,0.08,A,F,1992-04-11,1992-03-08,1992-04-16,DELIVER IN PERSON,AIR,regular pack
8034-2,8034,541,32,2,13.00,18740.02,0.02,0.02,A,F,1992-02-26,1992-03-08,1992-03-21,NONE,RAIL,arefully sp
8034-3,8034,1131,32,3,16.00,16514.08,0.00,0.03,R,F,1992-01-22,1992-02-21,1992-01-24,TAKE BACK RETURN,FOB,y even packages. dogged a
8034-4,8034,192,71,4,35.00,38226.65,0.05,0.06,R,F,1992-03-07,1992-02-26,1992-03-29,DELIVER IN PERSON,REG AIR,nd the accounts d
8034-5,8034,46,47,5,13.00,12298.52,0.02,0.00,R,F,1992-02-29,1992-03-29,1992-03-12,COLLECT COD,RAIL,ily pending packages. carefully pending
8034-6,8034,189,42,6,28.00,30497.04,0.04,0.04,R,F,1992-01-28,1992-02-22,1992-01-30,TAKE BACK RETURN,RAIL,nal pinto beans doubt according to t
8035-1,8035,1529,50,1,42.00,60081.84,0.00,0.05,R,F,1992-06-04,1992-04-20,1992-06-21,DELIVER IN PERSON,TRUCK,kly unusual ideas aft
8035-2,8035,500,59,2,31.00,43415.50,0.00,0.02,A,F,1992-04-20,1992-05-14,1992-05-15,DELIVER IN PERSON,AIR,ly. bold instructions sleep fina
8035-3,8035,1909,42,3,4.00,7243.60,0.07,0.02,R,F,1992-04-11,1992-05-31,1992-05-02,NONE,SHIP, slyly pinto beans
8035-4,8035,1340,41,4,9.00,11172.06,0.05,0.02,A,F,1992-03-31,1992-04-23,1992-04-19,COLLECT COD,FOB,o the furiously express
8035-5,8035,1324,39,5,21.00,25731.72,0.07,0.03,A,F,1992-06-10,1992-04-21,1992-06-13,NONE,AIR,lyly unusual accounts. final orbits boos
8035-6,8035,403,33,6,16.00,20854.40,0.03,0.06,R,F,1992-05-14,1992-04-23,1992-05-17,TAKE BACK RETURN,AIR,"nic excuses. express, ironic frays"
8035-7,8035,1697,39,7,18.00,28776.42,0.03,0.06,A,F,1992-04-04,1992-05-24,1992-04-26,TAKE BACK RETURN,AIR,ously regular theodolites wake care
8036-1,8036,1288,26,1,20.00,23785.60,0.00,0.01,N,O,1997-04-26,1997-06-22,1997-05-14,TAKE BACK RETURN,SHIP,ly final theodolites boost again
8036-2,8036,409,10,2,14.00,18331.60,0.05,0.05,N,O,1997-05-26,1997-06-01,1997-06-23,COLLECT COD,AIR,"l, ironic courts between the "
8036-3,8036,809,76,3,29.00,49584.20,0.08,0.08,N,O,1997-06-22,1997-06-25,1997-07-05,TAKE BACK RETURN,REG AIR,ggle furiously ironic orbits. furiously do
8036-4,8036,902,5,4,16.00,28846.40,0.02,0.00,N,O,1997-06-18,1997-05-21,1997-07-14,TAKE BACK RETURN,REG AIR,nstructions serve carefully according 
8036-5,8036,1669,11,5,30.00,47119.80,0.08,0.06,N,O,1997-04-17,1997-06-14,1997-04-27,TAKE BACK RETURN,RAIL,ts wake thinly along the
8036-6,8036,638,70,6,6.00,9231.78,0.09,0.05,N,O,1997-08-11,1997-06-20,1997-09-07,NONE,AIR,er the slyly ev
8036-7,8036,1316,31,7,39.00,47475.09,0.09,0.04,N,O,1997-05-24,1997-05-20,1997-05-29,TAKE BACK RETURN,MAIL,ely regular packages boost quickly above t
8037-1,8037,153,54,1,4.00,4212.60,0.10,0.04,N,O,1996-07-07,1996-05-07,1996-07-31,NONE,RAIL,ironic pac
8037-2,8037,11,62,2,48.00,43728.48,0.02,0.08,N,O,1996-05-24,1996-04-20,1996-06-19,DELIVER IN PERSON,SHIP,uests. furiously special platelets cajole
8037-3,8037,1466,45,3,38.00,51963.48,0.08,0.00,N,O,1996-05-21,1996-04-30,1996-06-05,DELIVER IN PERSON,FOB,s grow. furiously slow ide
8037-4,8037,1353,92,4,42.00,52682.70,0.03,0.00,N,O,1996-05-26,1996-05-21,1996-06-04,DELIVER IN PERSON,FOB, detect ideas; carefully iron
8038-1,8038,603,4,1,48.00,72172.80,0.05,0.01,A,F,1992-12-02,1992-12-04,1992-12-16,NONE,MAIL,he finally regular pinto beans
8038-2,8038,1379,56,2,29.00,37130.73,0.04,0.02,A,F,1992-12-23,1993-01-10,1993-01-07,TAKE BACK RETURN,REG AIR,are fluffily ironic fox
8038-3,8038,683,46,3,8.00,12669.44,0.06,0.03,A,F,1993-01-23,1992-12-24,1993-02-20,NONE,TRUCK,carefully regular
8039-1,8039,1989,90,1,11.00,20800.78,0.06,0.06,A,F,1992-10-24,1992-11-12,1992-10-26,TAKE BACK RETURN,TRUCK,es. furiously unusual requests sle
8039-2,8039,542,33,2,45.00,64914.30,0.06,0.06,A,F,1992-12-16,1992-10-14,1993-01-06,COLLECT COD,REG AIR,ets. slyly regular pi
8064-1,8064,1926,59,1,30.00,54837.60,0.09,0.07,N,O,1995-08-03,1995-06-13,1995-08-19,TAKE BACK RETURN,FOB,ts. final ideas use carefully quickl
8064-2,8064,1749,92,2,47.00,77584.78,0.06,0.01,N,F,1995-05-23,1995-07-23,1995-06-22,COLLECT COD,AIR,ounts. unusual hockey pl
8064-3,8064,1569,70,3,25.00,36764.00,0.01,0.01,N,O,1995-08-16,1995-06-27,1995-09-09,DELIVER IN PERSON,RAIL,counts thrash across t
8064-4,8064,171,98,4,6.00,6427.02,0.05,0.07,N,O,1995-06-21,1995-08-03,1995-06-23,TAKE BACK RETURN,TRUCK,le carefully special d
8065-1,8065,103,82,1,36.00,36111.60,0.03,0.00,R,F,1992-12-20,1992-12-01,1992-12-21,NONE,TRUCK,tes are above the final pinto b
8065-2,8065,916,19,2,48.00,87211.68,0.01,0.02,A,F,1993-01-21,1992-12-18,1993-02-05,COLLECT COD,REG AIR,pending theodolites
8065-3,8065,1818,48,3,30.00,51594.30,0.03,0.02,A,F,1993-01-14,1993-01-12,1993-02-07,DELIVER IN PERSON,RAIL, final foxes sleep sly
8065-4,8065,1902,91,4,6.00,10823.40,0.04,0.02,R,F,1993-01-25,1993-01-14,1993-02-13,DELIVER IN PERSON,SHIP, carefully. quietly silent requests use.
8065-5,8065,926,29,5,12.00,21923.04,0.08,0.01,R,F,1992-12-28,1992-12-13,1993-01-13,TAKE BACK RETURN,TRUCK,ly across the carefully quiet pac
8065-6,8065,288,43,6,4.00,4753.12,0.10,0.08,A,F,1993-01-05,1992-12-23,1993-01-23,COLLECT COD,TRUCK,luffily unusual 
8066-1,8066,1476,55,1,17.00,23416.99,0.10,0.03,N,O,1997-04-24,1997-03-11,1997-05-15,TAKE BACK RETURN,REG AIR,ithely pending deposits affi
8066-2,8066,1682,83,2,29.00,45926.72,0.09,0.08,N,O,1997-05-02,1997-03-11,1997-06-01,NONE,FOB,y final notornis against the quickly
8066-3,8066,1682,65,3,5.00,7918.40,0.06,0.00,N,O,1997-02-12,1997-03-15,1997-02-22,TAKE BACK RETURN,SHIP, deposits. slyly silent ideas boost. 
8066-4,8066,1685,9,4,30.00,47600.40,0.06,0.03,N,O,1997-02-13,1997-04-03,1997-02-25,DELIVER IN PERSON,MAIL,"old requests will detect. special, sp"
8066-5,8066,1612,54,5,45.00,68112.45,0.04,0.08,N,O,1997-05-09,1997-04-30,1997-05-21,DELIVER IN PERSON,TRUCK,ajole furiously. carefully
8067-1,8067,94,70,1,46.00,45728.14,0.01,0.05,R,F,1992-05-03,1992-04-20,1992-05-08,COLLECT COD,FOB,es are furiously furiously regular acc
8067-2,8067,1010,81,2,2.00,1822.02,0.04,0.06,A,F,1992-02-27,1992-04-05,1992-03-01,COLLECT COD,REG AIR,ackages doubt furiously accordi
8067-3,8067,495,96,3,37.00,51633.13,0.08,0.03,A,F,1992-03-09,1992-04-10,1992-03-22,TAKE BACK RETURN,REG AIR,uriously fluffily special requests. ca
8068-1,8068,6,7,1,31.00,28086.00,0.01,0.04,N,O,1996-09-01,1996-10-28,1996-09-22,DELIVER IN PERSON,AIR,e according to the quic
8068-2,8068,1454,33,2,26.00,35241.70,0.03,0.07,N,O,1996-10-12,1996-09-22,1996-10-24,COLLECT COD,MAIL,hely bold instructions nag furiously. slyly
8068-3,8068,646,78,3,25.00,38666.00,0.04,0.03,N,O,1996-08-16,1996-09-19,1996-09-13,TAKE BACK RETURN,RAIL, unusual foxes
8068-4,8068,136,37,4,31.00,32120.03,0.03,0.07,N,O,1996-10-12,1996-09-25,1996-11-06,COLLECT COD,TRUCK,latelets. fluffy d
8068-5,8068,1924,25,5,37.00,67559.04,0.08,0.03,N,O,1996-10-16,1996-10-10,1996-10-30,COLLECT COD,MAIL,beans. carefull
8068-6,8068,1675,76,6,36.00,56760.12,0.07,0.02,N,O,1996-10-21,1996-11-04,1996-10-22,NONE,TRUCK,s. fluffily special accounts impress across
8068-7,8068,651,83,7,18.00,27929.70,0.03,0.02,N,O,1996-09-07,1996-11-03,1996-09-11,DELIVER IN PERSON,SHIP, integrate. carefully
8069-1,8069,739,4,1,38.00,62309.74,0.07,0.00,A,F,1994-11-20,1994-10-07,1994-12-15,COLLECT COD,FOB,he furiously final fo
8069-2,8069,723,88,2,28.00,45464.16,0.09,0.00,A,F,1994-09-08,1994-10-17,1994-09-30,DELIVER IN PERSON,MAIL,of the furiously s
8069-3,8069,88,14,3,37.00,36558.96,0.01,0.00,A,F,1994-09-04,1994-10-05,1994-09-21,DELIVER IN PERSON,REG AIR,ies; slyly
8070-1,8070,1846,76,1,16.00,27965.44,0.04,0.00,A,F,1992-04-10,1992-03-23,1992-04-16,COLLECT COD,REG AIR,"s the special deposits. special, i"
8070-2,8070,1072,73,2,39.00,37949.73,0.00,0.00,A,F,1992-05-09,1992-04-09,1992-05-14,DELIVER IN PERSON,FOB,egular pinto beans. blithel
8070-3,8070,1026,27,3,13.00,12051.26,0.07,0.08,A,F,1992-04-21,1992-03-02,1992-05-10,NONE,REG AIR,usly unusual theodolites.
8070-4,8070,1862,92,4,50.00,88193.00,0.04,0.03,R,F,1992-05-20,1992-04-22,1992-06-13,COLLECT COD,REG AIR,sly. furious
8070-5,8070,1353,68,5,42.00,52682.70,0.01,0.03,A,F,1992-03-31,1992-02-29,1992-04-09,NONE,TRUCK,osits wake carefully regular depo
8070-6,8070,679,42,6,38.00,60027.46,0.07,0.00,A,F,1992-03-30,1992-03-25,1992-04-18,COLLECT COD,FOB, boost. blit
8070-7,8070,1532,73,7,49.00,70242.97,0.05,0.01,R,F,1992-03-05,1992-04-10,1992-04-02,DELIVER IN PERSON,MAIL,ely alongsid
8071-1,8071,305,34,1,50.00,60265.00,0.03,0.08,N,O,1996-07-14,1996-06-05,1996-08-07,COLLECT COD,FOB,ending theodolit
8071-2,8071,608,2,2,6.00,9051.60,0.06,0.02,N,O,1996-05-15,1996-06-10,1996-06-06,NONE,REG AIR,fluffily even deposits. sly
8071-3,8071,1819,20,3,29.00,49903.49,0.03,0.02,N,O,1996-07-20,1996-06-06,1996-07-22,TAKE BACK RETURN,SHIP,ic excuses nag blithely
8071-4,8071,1407,86,4,1.00,1308.40,0.02,0.07,N,O,1996-04-18,1996-05-09,1996-04-20,DELIVER IN PERSON,RAIL,uriously even ideas promise afte
8096-1,8096,1684,8,1,37.00,58670.16,0.01,0.05,N,O,1997-01-22,1997-02-04,1997-02-19,COLLECT COD,REG AIR,ter the regular depos
8096-2,8096,1032,38,2,38.00,35455.14,0.01,0.01,N,O,1997-02-12,1996-12-11,1997-03-02,NONE,FOB,eposits! even braids detect ca
8097-1,8097,1462,41,1,1.00,1363.46,0.09,0.01,A,F,1994-03-24,1994-01-15,1994-04-12,TAKE BACK RETURN,REG AIR,urts wake.
8097-2,8097,890,57,2,17.00,30445.13,0.07,0.03,R,F,1994-03-23,1994-02-21,1994-04-18,TAKE BACK RETURN,AIR,re furiously furiously e
8097-3,8097,1490,69,3,42.00,58442.58,0.09,0.06,A,F,1993-12-27,1994-02-24,1994-01-09,DELIVER IN PERSON,AIR,nding dependencies
8097-4,8097,1987,20,4,31.00,58558.38,0.01,0.06,A,F,1994-03-26,1994-01-18,1994-04-07,NONE,RAIL,ironic ideas. carefully
8097-5,8097,63,39,5,2.00,1926.12,0.09,0.01,R,F,1994-02-14,1994-01-23,1994-03-09,NONE,REG AIR,e furiously regular deposi
8098-1,8098,1211,12,1,21.00,23356.41,0.03,0.03,N,O,1997-12-13,1998-01-09,1998-01-11,NONE,AIR,nal accounts sleep quickly agai
8098-2,8098,1951,84,2,41.00,75970.95,0.02,0.08,N,O,1998-01-14,1998-01-06,1998-01-16,NONE,REG AIR,"ts: quiet, special sheaves h"
8099-1,8099,144,23,1,17.00,17750.38,0.04,0.06,N,O,1996-02-05,1996-03-30,1996-03-02,COLLECT COD,TRUCK, sleep. regular accounts sleep carefully
8100-1,8100,1670,12,1,49.00,77011.83,0.01,0.07,N,O,1997-04-05,1997-02-23,1997-04-19,COLLECT COD,MAIL,y. blithely ironic warth
8100-2,8100,1263,38,2,12.00,13971.12,0.06,0.07,N,O,1997-04-29,1997-04-01,1997-04-30,DELIVER IN PERSON,REG AIR,ven deposits wak
8100-3,8100,221,3,3,10.00,11212.20,0.07,0.08,N,O,1997-05-06,1997-03-06,1997-05-26,TAKE BACK RETURN,SHIP,s are quickly
8100-4,8100,730,63,4,40.00,65229.20,0.06,0.00,N,O,1997-04-25,1997-04-04,1997-05-04,COLLECT COD,SHIP,t the furiously regul
8100-5,8100,1373,88,5,25.00,31859.25,0.08,0.05,N,O,1997-02-12,1997-02-21,1997-02-14,NONE,AIR,ges at the r
8100-6,8100,27,28,6,19.00,17613.38,0.03,0.00,N,O,1997-05-03,1997-03-05,1997-05-16,DELIVER IN PERSON,REG AIR,final deposits haggle. theod
8100-7,8100,814,14,7,42.00,72022.02,0.00,0.00,N,O,1997-03-20,1997-02-23,1997-04-02,COLLECT COD,REG AIR,x carefully. furiously silent pinto b
8101-1,8101,554,85,1,12.00,17454.60,0.03,0.08,A,F,1993-04-11,1993-05-01,1993-04-28,COLLECT COD,AIR,s. final the
8101-2,8101,1042,13,2,18.00,16974.72,0.00,0.01,R,F,1993-03-17,1993-04-24,1993-04-08,DELIVER IN PERSON,SHIP,ts run along t
8101-3,8101,381,10,3,14.00,17939.32,0.01,0.02,A,F,1993-04-19,1993-05-07,1993-05-15,COLLECT COD,AIR,ly ironic theodolites. final requests are
8101-4,8101,43,94,4,19.00,17917.76,0.04,0.06,R,F,1993-04-24,1993-04-21,1993-04-26,COLLECT COD,SHIP,excuses. carefully final deposits hagg
8101-5,8101,1436,37,5,13.00,17386.59,0.02,0.04,A,F,1993-06-21,1993-04-16,1993-07-18,NONE,FOB,posits. quickly
8101-6,8101,564,25,6,19.00,27826.64,0.05,0.04,R,F,1993-03-31,1993-05-15,1993-04-12,TAKE BACK RETURN,TRUCK,c packages are carefully pe
8101-7,8101,1575,96,7,35.00,51679.95,0.04,0.04,R,F,1993-07-02,1993-05-16,1993-07-23,TAKE BACK RETURN,FOB,ng the pinto 
8102-1,8102,1060,61,1,43.00,41325.58,0.05,0.04,N,O,1997-09-30,1997-08-23,1997-10-04,DELIVER IN PERSON,AIR,ly regular pains. carefully regula
8102-2,8102,702,35,2,35.00,56094.50,0.04,0.07,N,O,1997-07-23,1997-07-27,1997-08-04,COLLECT COD,AIR,sleep about the iro
8102-3,8102,979,48,3,31.00,58279.07,0.09,0.04,N,O,1997-07-10,1997-08-12,1997-07-23,NONE,TRUCK,"requests. final, regular"
8102-4,8102,1953,86,4,45.00,83472.75,0.09,0.08,N,O,1997-09-04,1997-08-19,1997-09-11,TAKE BACK RETURN,TRUCK,al platelets sleep som
8102-5,8102,1959,4,5,11.00,20470.45,0.04,0.06,N,O,1997-08-29,1997-08-10,1997-09-13,TAKE BACK RETURN,MAIL,refully special platelets sleep with
8103-1,8103,1927,72,1,16.00,29262.72,0.08,0.07,A,F,1994-12-31,1995-01-08,1995-01-19,TAKE BACK RETURN,AIR,ect carefull
8103-2,8103,761,58,2,29.00,48191.04,0.00,0.07,R,F,1994-12-17,1995-02-01,1994-12-30,NONE,FOB,deposits. regular a
8103-3,8103,1902,3,3,48.00,86587.20,0.02,0.08,R,F,1995-02-14,1994-12-22,1995-02-22,DELIVER IN PERSON,REG AIR,quickly regular acco
8128-1,8128,104,57,1,3.00,3012.30,0.01,0.08,N,O,1996-11-01,1996-11-04,1996-11-05,DELIVER IN PERSON,SHIP,"s. ironic, "
8128-2,8128,1190,91,2,11.00,12003.09,0.07,0.04,N,O,1996-12-13,1996-11-06,1996-12-25,NONE,MAIL,ronic dolphins. even hockey players
8128-3,8128,867,68,3,46.00,81321.56,0.05,0.03,N,O,1997-01-18,1996-12-18,1997-02-15,TAKE BACK RETURN,TRUCK,ully silent packages use a
8129-1,8129,635,36,1,39.00,59889.57,0.10,0.05,N,O,1998-03-17,1998-03-04,1998-04-04,DELIVER IN PERSON,SHIP,"ns hang furiously final, regular deposits."
8129-2,8129,1062,98,2,37.00,35633.22,0.01,0.06,N,O,1998-04-30,1998-02-11,1998-05-26,COLLECT COD,RAIL,"the even, even theodolites"
8129-3,8129,808,8,3,8.00,13670.40,0.09,0.01,N,O,1998-04-08,1998-03-12,1998-05-02,COLLECT COD,AIR,beans do haggle. furiously regul
8129-4,8129,1344,59,4,38.00,47322.92,0.05,0.04,N,O,1998-02-06,1998-03-04,1998-03-04,DELIVER IN PERSON,REG AIR, alongside of 
8130-1,8130,1992,93,1,13.00,24621.87,0.05,0.07,R,F,1992-08-21,1992-08-09,1992-08-28,TAKE BACK RETURN,REG AIR,y even foxes play fluffily
8130-2,8130,515,76,2,28.00,39634.28,0.09,0.01,R,F,1992-07-17,1992-06-14,1992-08-01,TAKE BACK RETURN,SHIP,lithely final 
8131-1,8131,1932,33,1,5.00,9169.65,0.01,0.07,R,F,1993-08-04,1993-07-10,1993-08-31,DELIVER IN PERSON,FOB,old foxes alongside of th
8131-2,8131,1406,85,2,10.00,13074.00,0.08,0.02,A,F,1993-08-02,1993-07-29,1993-08-18,NONE,MAIL,. express accounts cajole slyly. qu
8132-1,8132,1192,93,1,31.00,33888.89,0.09,0.08,A,F,1994-07-22,1994-06-30,1994-08-18,NONE,TRUCK,ts sublate carefully across the ironic
8132-2,8132,804,71,2,18.00,30686.40,0.10,0.02,R,F,1994-06-20,1994-08-04,1994-06-30,NONE,SHIP,ly close depos
8132-3,8132,1674,57,3,36.00,56724.12,0.07,0.03,R,F,1994-08-21,1994-07-17,1994-09-20,NONE,SHIP, furiously along the blithely unusu
8132-4,8132,1885,15,4,48.00,85770.24,0.00,0.01,A,F,1994-05-23,1994-07-29,1994-06-06,NONE,TRUCK,mptotes sleep ca
8132-5,8132,733,66,5,3.00,4901.19,0.00,0.08,A,F,1994-09-03,1994-07-30,1994-09-15,COLLECT COD,FOB,ounts upon the final accounts 
8132-6,8132,1605,47,6,47.00,70810.20,0.03,0.00,R,F,1994-08-23,1994-08-06,1994-09-02,NONE,AIR,"nst the express, final ideas wake b"
8133-1,8133,1636,60,1,30.00,46128.90,0.05,0.04,R,F,1995-06-06,1995-04-23,1995-06-08,DELIVER IN PERSON,AIR,pending platelets.
8133-2,8133,440,99,2,5.00,6702.20,0.07,0.08,A,F,1995-05-22,1995-04-05,1995-05-28,TAKE BACK RETURN,TRUCK,the fluffily unusual instru
8133-3,8133,213,95,3,33.00,36735.93,0.06,0.07,R,F,1995-04-23,1995-03-31,1995-05-01,DELIVER IN PERSON,RAIL,close requests alongside of the carefully 
8133-4,8133,1141,50,4,11.00,11463.54,0.03,0.04,N,F,1995-06-17,1995-05-16,1995-07-12,DELIVER IN PERSON,FOB,g to the ironic
8133-5,8133,852,19,5,38.00,66608.30,0.10,0.04,R,F,1995-04-08,1995-05-12,1995-04-12,DELIVER IN PERSON,REG AIR,en requests thrash carefully. re
8133-6,8133,858,25,6,31.00,54524.35,0.07,0.05,R,F,1995-04-07,1995-05-09,1995-05-07,COLLECT COD,REG AIR,ts wake. idea
8134-1,8134,982,51,1,6.00,11297.88,0.05,0.05,N,O,1998-03-14,1998-01-20,1998-03-27,NONE,TRUCK,"ing, even warthogs doubt slyly care"
8134-2,8134,899,99,2,23.00,41397.47,0.05,0.04,N,O,1998-01-25,1998-01-18,1998-02-19,TAKE BACK RETURN,FOB,to beans whith
8134-3,8134,947,48,3,27.00,49894.38,0.06,0.04,N,O,1998-01-14,1997-12-25,1998-01-25,TAKE BACK RETURN,AIR,about the ruthlessly specia
8134-4,8134,1003,4,4,4.00,3616.00,0.01,0.02,N,O,1997-11-30,1997-12-16,1997-12-12,NONE,SHIP, boost blithely? quickly expre
8134-5,8134,1257,69,5,23.00,26639.75,0.05,0.06,N,O,1998-01-19,1998-01-22,1998-01-28,COLLECT COD,AIR,"ronic, even th"
8134-6,8134,506,7,6,23.00,32349.50,0.02,0.06,N,O,1998-01-21,1998-01-27,1998-02-04,DELIVER IN PERSON,MAIL, ironic dolphins against the furiously f
8134-7,8134,1635,36,7,6.00,9219.78,0.05,0.07,N,O,1997-12-01,1998-02-10,1997-12-24,NONE,MAIL,"to beans. express, s"
8135-1,8135,1142,15,1,50.00,52157.00,0.02,0.03,N,O,1995-07-08,1995-08-11,1995-07-22,NONE,MAIL,ag fluffily. carefully
8135-2,8135,173,74,2,30.00,32195.10,0.07,0.05,N,O,1995-07-04,1995-08-22,1995-07-17,DELIVER IN PERSON,RAIL,. fluffily ironic requests haggle 
8135-3,8135,1542,43,3,7.00,10104.78,0.02,0.07,N,O,1995-08-30,1995-08-05,1995-09-22,DELIVER IN PERSON,REG AIR,otes sleep. sly
8135-4,8135,635,29,4,11.00,16891.93,0.04,0.05,N,O,1995-07-23,1995-09-14,1995-07-27,TAKE BACK RETURN,AIR,"s along the ironic, even instru"
8135-5,8135,1353,68,5,7.00,8780.45,0.10,0.08,N,O,1995-09-15,1995-08-24,1995-09-18,COLLECT COD,REG AIR,y furiously unusual deposits. furio
8160-1,8160,1378,55,1,50.00,63968.50,0.09,0.00,N,O,1996-07-20,1996-06-11,1996-08-06,NONE,MAIL,nstructions after the regular pinto beans a
8160-2,8160,1006,42,2,49.00,44443.00,0.09,0.00,N,O,1996-05-14,1996-06-15,1996-05-21,NONE,RAIL,thely express packages haggle carefully. s
8160-3,8160,1383,98,3,36.00,46237.68,0.09,0.06,N,O,1996-08-09,1996-07-04,1996-08-26,DELIVER IN PERSON,MAIL,ids boost carefully si
8161-1,8161,1285,97,1,4.00,4745.12,0.00,0.04,A,F,1994-06-24,1994-07-15,1994-07-12,NONE,FOB,es cajole f
8161-2,8161,479,67,2,8.00,11035.76,0.02,0.05,R,F,1994-09-18,1994-08-02,1994-10-04,DELIVER IN PERSON,REG AIR,ts. slyly regular 
8162-1,8162,662,56,1,47.00,73445.02,0.03,0.02,R,F,1994-12-27,1994-11-12,1995-01-24,COLLECT COD,MAIL,egular somas. blithely even deposits cajol
8162-2,8162,1785,86,2,44.00,74218.32,0.07,0.00,A,F,1994-12-10,1994-12-01,1994-12-14,COLLECT COD,FOB,sly quickly even foxes. ironic dependen
8162-3,8162,1780,23,3,8.00,13454.24,0.10,0.06,A,F,1994-12-13,1994-12-31,1994-12-28,COLLECT COD,SHIP,quests; blithely
8162-4,8162,200,79,4,15.00,16503.00,0.06,0.07,A,F,1995-01-17,1994-11-08,1995-02-04,NONE,AIR,carefully bol
8162-5,8162,515,16,5,7.00,9908.57,0.05,0.04,A,F,1994-11-26,1994-11-16,1994-12-13,DELIVER IN PERSON,MAIL,"y ironic packages. even, silent"
8162-6,8162,1593,94,6,24.00,35870.16,0.00,0.01,R,F,1994-12-03,1994-12-14,1994-12-30,COLLECT COD,TRUCK,kages sleep flu
8162-7,8162,761,26,7,37.00,61485.12,0.08,0.03,A,F,1995-01-14,1994-11-24,1995-02-10,TAKE BACK RETURN,MAIL,y express foxes affix furiously be
8163-1,8163,704,5,1,19.00,30489.30,0.05,0.04,N,O,1997-04-17,1997-04-28,1997-04-29,NONE,AIR,"e, express depths. furio"
8163-2,8163,226,54,2,42.00,47301.24,0.07,0.01,N,O,1997-04-23,1997-03-23,1997-05-21,DELIVER IN PERSON,TRUCK,ments. care
8163-3,8163,683,77,3,15.00,23755.20,0.07,0.08,N,O,1997-05-19,1997-03-27,1997-06-09,NONE,SHIP,furiously r
8163-4,8163,973,42,4,36.00,67462.92,0.05,0.02,N,O,1997-06-01,1997-04-08,1997-06-03,DELIVER IN PERSON,RAIL,oss the slow waters: evenly fi
8163-5,8163,57,8,5,7.00,6699.35,0.02,0.07,N,O,1997-03-23,1997-04-01,1997-04-06,TAKE BACK RETURN,SHIP,ns nag along the regular 
8164-1,8164,1371,10,1,42.00,53439.54,0.04,0.08,R,F,1994-11-19,1994-10-18,1994-12-10,COLLECT COD,RAIL,he final ideas. bli
8164-2,8164,537,28,2,35.00,50313.55,0.03,0.03,A,F,1995-01-01,1994-11-25,1995-01-02,COLLECT COD,AIR,to beans promise against the deposits. 
8164-3,8164,1300,12,3,17.00,20422.10,0.02,0.07,A,F,1994-11-13,1994-11-15,1994-12-05,COLLECT COD,MAIL,ld packages hag
8164-4,8164,1723,8,4,34.00,55240.48,0.00,0.05,R,F,1994-12-12,1994-10-23,1995-01-05,DELIVER IN PERSON,SHIP,express requests-- slyly ironic ideas
8164-5,8164,379,64,5,32.00,40939.84,0.06,0.07,R,F,1994-11-19,1994-12-14,1994-12-16,COLLECT COD,FOB,use at the regular
8165-1,8165,1250,51,1,25.00,28781.25,0.09,0.00,A,F,1994-12-04,1995-01-01,1994-12-31,DELIVER IN PERSON,REG AIR,ructions no
8165-2,8165,1667,9,2,43.00,67452.38,0.01,0.03,A,F,1994-11-02,1994-12-04,1994-12-01,TAKE BACK RETURN,MAIL,ly ironic pac
8165-3,8165,1108,9,3,31.00,31282.10,0.00,0.07,A,F,1994-12-20,1994-11-28,1994-12-25,COLLECT COD,REG AIR,as. blithely 
8165-4,8165,1748,75,4,17.00,28045.58,0.10,0.04,A,F,1994-12-09,1994-12-04,1994-12-11,DELIVER IN PERSON,MAIL,ages: sentiments thrash. 
8165-5,8165,269,51,5,45.00,52616.70,0.01,0.06,R,F,1994-10-22,1995-01-11,1994-11-07,DELIVER IN PERSON,FOB,riously ironic deposits. blithe
8165-6,8165,984,53,6,11.00,20734.78,0.01,0.02,R,F,1994-11-28,1994-11-30,1994-12-18,COLLECT COD,FOB, ironic requests alo
8166-1,8166,570,71,1,13.00,19117.41,0.09,0.03,N,O,1997-02-23,1997-04-19,1997-03-05,NONE,FOB, deposits. carefully final pa
8166-2,8166,1462,2,2,46.00,62719.16,0.04,0.06,N,O,1997-05-18,1997-04-14,1997-06-12,TAKE BACK RETURN,RAIL,above the never unusual 
8166-3,8166,1733,18,3,40.00,65389.20,0.00,0.03,N,O,1997-02-22,1997-05-06,1997-02-28,COLLECT COD,SHIP,g quickly regular packages. special 
8166-4,8166,1580,61,4,45.00,66671.10,0.08,0.08,N,O,1997-04-27,1997-04-26,1997-05-27,TAKE BACK RETURN,TRUCK,d foxes. e
8166-5,8166,1965,98,5,19.00,35472.24,0.01,0.07,N,O,1997-05-18,1997-04-21,1997-06-09,TAKE BACK RETURN,SHIP,rts are acro
8166-6,8166,1386,25,6,6.00,7724.28,0.03,0.06,N,O,1997-03-20,1997-04-14,1997-04-14,NONE,MAIL,kages run quickly in
8166-7,8166,780,45,7,47.00,78996.66,0.05,0.05,N,O,1997-04-08,1997-03-14,1997-04-26,TAKE BACK RETURN,TRUCK,rate furiousl
8167-1,8167,891,91,1,28.00,50172.92,0.10,0.05,A,F,1992-09-04,1992-10-11,1992-09-13,COLLECT COD,TRUCK,"lithely. express, re"
8167-2,8167,1026,32,2,45.00,41715.90,0.10,0.07,A,F,1992-11-19,1992-10-13,1992-11-26,TAKE BACK RETURN,MAIL,its. furio
8167-3,8167,240,41,3,4.00,4560.96,0.03,0.05,A,F,1992-11-06,1992-10-30,1992-12-05,DELIVER IN PERSON,AIR,ironic accounts sleep along the special p
8167-4,8167,201,83,4,10.00,11012.00,0.02,0.02,A,F,1992-08-28,1992-09-04,1992-09-10,COLLECT COD,FOB,"inst the special, sp"
8192-1,8192,748,81,1,45.00,74193.30,0.09,0.00,R,F,1995-03-02,1995-03-02,1995-03-06,COLLECT COD,AIR,iously. quickly unusual dolph
8193-1,8193,535,36,1,35.00,50243.55,0.05,0.07,N,O,1997-09-25,1997-10-14,1997-10-18,TAKE BACK RETURN,TRUCK,regular foxes cajole never alongside o
8193-2,8193,1104,13,2,37.00,37188.70,0.08,0.01,N,O,1997-09-17,1997-10-01,1997-10-15,NONE,FOB, unusual ideas. perm
8193-3,8193,835,2,3,35.00,60754.05,0.10,0.00,N,O,1997-09-30,1997-09-27,1997-10-30,DELIVER IN PERSON,TRUCK,"g, ironic r"
8193-4,8193,3,29,4,37.00,33411.00,0.05,0.07,N,O,1997-10-28,1997-09-11,1997-11-10,NONE,MAIL,ncies hinder. 
8193-5,8193,1086,57,5,18.00,17767.44,0.10,0.07,N,O,1997-08-27,1997-09-21,1997-08-31,COLLECT COD,RAIL,ainst the reg
8193-6,8193,1597,38,6,20.00,29971.80,0.04,0.02,N,O,1997-09-14,1997-10-06,1997-09-25,DELIVER IN PERSON,FOB,e blithely qu
8194-1,8194,1831,32,1,34.00,58916.22,0.06,0.01,N,O,1996-02-11,1996-02-08,1996-02-12,NONE,FOB,ely regular pinto beans 
8195-1,8195,1469,70,1,25.00,34261.50,0.09,0.08,R,F,1995-03-13,1995-04-07,1995-03-17,TAKE BACK RETURN,TRUCK,ly ironic 
8195-2,8195,1334,35,2,14.00,17294.62,0.02,0.02,R,F,1995-03-30,1995-03-25,1995-03-31,NONE,RAIL, special deposits afte
8195-3,8195,1856,43,3,39.00,68556.15,0.02,0.02,R,F,1995-02-14,1995-03-14,1995-03-05,NONE,SHIP,al asymptotes around the slyly regu
8195-4,8195,1467,7,4,40.00,54738.40,0.00,0.02,R,F,1995-03-23,1995-02-13,1995-04-10,DELIVER IN PERSON,FOB,dolphins. slyly unusual 
8195-5,8195,310,11,5,24.00,29047.44,0.05,0.01,A,F,1995-05-02,1995-03-21,1995-05-08,COLLECT COD,MAIL, regular foxes; final ideas 
8196-1,8196,195,74,1,1.00,1095.19,0.00,0.00,N,O,1997-11-11,1997-11-02,1997-11-16,TAKE BACK RETURN,MAIL, furiously bold ideas across
8196-2,8196,1932,33,2,37.00,67855.41,0.04,0.00,N,O,1997-10-31,1997-10-06,1997-11-20,TAKE BACK RETURN,RAIL,nic requests. furiously regular
8196-3,8196,884,85,3,26.00,46406.88,0.06,0.06,N,O,1997-12-09,1997-11-02,1997-12-22,TAKE BACK RETURN,RAIL,integrate instead of the slyly ironic 
8196-4,8196,1660,43,4,30.00,46849.80,0.08,0.07,N,O,1997-11-06,1997-11-20,1997-12-01,NONE,REG AIR,cuses haggle perma
8196-5,8196,716,49,5,26.00,42034.46,0.00,0.07,N,O,1997-11-13,1997-10-16,1997-12-03,NONE,AIR,alongside of the in
8196-6,8196,1738,65,6,17.00,27875.41,0.03,0.07,N,O,1997-10-24,1997-10-13,1997-11-02,COLLECT COD,SHIP,rding to the slyly even packages. blithel
8196-7,8196,270,25,7,22.00,25745.94,0.01,0.08,N,O,1997-11-20,1997-11-16,1997-11-27,COLLECT COD,FOB,ans wake q
8197-1,8197,1043,79,1,23.00,21712.92,0.08,0.00,N,O,1998-02-19,1998-03-19,1998-03-08,NONE,MAIL, foxes are against the s
8197-2,8197,1198,7,2,27.00,29678.13,0.02,0.05,N,O,1998-02-01,1998-04-01,1998-02-07,COLLECT COD,RAIL,al courts. foxes affix quickly ac
8197-3,8197,1682,83,3,25.00,39592.00,0.10,0.03,N,O,1998-02-02,1998-02-09,1998-02-22,NONE,RAIL,arefully furiou
8197-4,8197,1776,61,4,40.00,67110.80,0.00,0.06,N,O,1998-02-28,1998-03-31,1998-03-09,DELIVER IN PERSON,TRUCK, ironic deposits. furiously special accoun
8198-1,8198,948,83,1,40.00,73957.60,0.00,0.00,N,O,1997-06-14,1997-06-05,1997-07-13,TAKE BACK RETURN,REG AIR,to beans. slyly even theodolites boos
8198-2,8198,1059,95,2,9.00,8640.45,0.02,0.05,N,O,1997-08-05,1997-07-04,1997-08-28,NONE,FOB,lyly regular accounts use. blith
8199-1,8199,257,39,1,27.00,31245.75,0.03,0.04,N,O,1997-04-09,1997-05-15,1997-05-03,DELIVER IN PERSON,MAIL,y final deposits haggle. court
8224-1,8224,1255,30,1,2.00,2312.50,0.02,0.03,A,F,1992-02-15,1992-03-13,1992-03-14,NONE,FOB, unusual instructions sleep among the foxe
8224-2,8224,904,73,2,47.00,84830.30,0.10,0.02,R,F,1992-05-18,1992-05-07,1992-06-16,COLLECT COD,AIR,requests integrate. requests after 
8224-3,8224,1656,98,3,28.00,43614.20,0.06,0.03,A,F,1992-03-14,1992-04-08,1992-03-15,DELIVER IN PERSON,RAIL,"yly silent accounts. bold, pending d"
8225-1,8225,617,18,1,32.00,48563.52,0.03,0.08,R,F,1993-09-09,1993-10-06,1993-09-15,TAKE BACK RETURN,MAIL,. carefully express packages
8225-2,8225,159,60,2,12.00,12709.80,0.03,0.02,A,F,1993-11-23,1993-11-01,1993-11-27,COLLECT COD,REG AIR,its are fluffily among
8225-3,8225,913,16,3,45.00,81625.95,0.02,0.03,A,F,1993-10-20,1993-10-13,1993-11-01,COLLECT COD,REG AIR,ent asymptotes. quickly final
8225-4,8225,1696,20,4,49.00,78286.81,0.08,0.04,R,F,1993-11-23,1993-10-19,1993-12-17,DELIVER IN PERSON,TRUCK, packages. expr
8226-1,8226,731,28,1,34.00,55478.82,0.10,0.07,N,O,1996-04-12,1996-02-14,1996-04-20,COLLECT COD,FOB,ely final t
8226-2,8226,483,71,2,49.00,67790.52,0.10,0.07,N,O,1996-04-18,1996-02-24,1996-05-17,NONE,FOB,heodolites sleep slyly against the fluffi
8226-3,8226,1936,81,3,21.00,38596.53,0.01,0.06,N,O,1996-02-29,1996-03-23,1996-03-18,DELIVER IN PERSON,REG AIR,nic requests engag
8227-1,8227,1458,76,1,32.00,43502.40,0.04,0.04,R,F,1993-04-05,1993-03-17,1993-05-03,COLLECT COD,FOB,ernes. furi
8227-2,8227,1815,45,2,37.00,63521.97,0.02,0.08,R,F,1993-02-15,1993-04-06,1993-03-14,DELIVER IN PERSON,TRUCK,nstructions. special plate
8227-3,8227,601,2,3,34.00,51054.40,0.10,0.04,A,F,1993-04-03,1993-04-03,1993-04-20,DELIVER IN PERSON,FOB,"pecial requests above the express,"
8227-4,8227,1238,13,4,24.00,27341.52,0.05,0.07,A,F,1993-03-06,1993-04-10,1993-03-18,TAKE BACK RETURN,MAIL,unusual request
8227-5,8227,600,31,5,35.00,52521.00,0.05,0.05,R,F,1993-02-16,1993-02-28,1993-02-23,NONE,MAIL,r the regular requests. express inst
8227-6,8227,471,30,6,25.00,34286.75,0.10,0.06,R,F,1993-04-23,1993-04-06,1993-05-15,TAKE BACK RETURN,TRUCK,s ideas haggle bl
8228-1,8228,157,10,1,12.00,12685.80,0.00,0.08,A,F,1993-08-24,1993-09-10,1993-09-23,COLLECT COD,MAIL,fully regular excuses ha
8228-2,8228,1334,73,2,35.00,43236.55,0.09,0.00,A,F,1993-09-08,1993-10-06,1993-09-14,COLLECT COD,REG AIR,ic deposits. furiou
8229-1,8229,702,99,1,38.00,60902.60,0.09,0.04,A,F,1994-12-22,1995-02-14,1995-01-10,COLLECT COD,AIR,tterns slee
8229-2,8229,1349,64,2,5.00,6251.70,0.09,0.06,R,F,1995-03-17,1995-01-21,1995-04-16,NONE,FOB,sh slyly. final accounts nag quickly accor
8229-3,8229,1801,88,3,22.00,37461.60,0.06,0.07,R,F,1995-02-21,1995-01-21,1995-02-27,NONE,TRUCK,ithely silent deposits poa
8229-4,8229,1737,22,4,37.00,60633.01,0.10,0.05,R,F,1995-03-18,1995-02-18,1995-04-05,NONE,TRUCK,luffily ironic re
8229-5,8229,1237,75,5,5.00,5691.15,0.06,0.02,R,F,1994-12-24,1995-02-15,1995-01-07,DELIVER IN PERSON,TRUCK,"nding, even deposits alon"
8229-6,8229,1186,87,6,14.00,15220.52,0.02,0.05,A,F,1995-02-13,1995-01-12,1995-02-20,DELIVER IN PERSON,TRUCK,und the foxes sleep fluf
8229-7,8229,255,83,7,31.00,35812.75,0.03,0.05,A,F,1994-12-24,1995-02-14,1994-12-30,COLLECT COD,TRUCK,nag quickl
8230-1,8230,673,36,1,36.00,56652.12,0.02,0.01,N,O,1996-10-25,1996-09-08,1996-10-29,DELIVER IN PERSON,SHIP,symptotes caj
8230-2,8230,1136,37,2,9.00,9334.17,0.07,0.06,N,O,1996-08-27,1996-09-27,1996-08-28,DELIVER IN PERSON,FOB,. quiet deposi
8230-3,8230,532,33,3,9.00,12892.77,0.02,0.06,N,O,1996-10-05,1996-10-02,1996-10-28,TAKE BACK RETURN,TRUCK,regular excuses nag furio
8230-4,8230,193,94,4,24.00,26236.56,0.02,0.01,N,O,1996-11-03,1996-09-20,1996-11-16,DELIVER IN PERSON,RAIL, asymptotes are thinly against the slyl
8230-5,8230,1475,93,5,49.00,67447.03,0.08,0.00,N,O,1996-10-01,1996-10-31,1996-10-20,NONE,MAIL,press pinto beans haggle among the de
8230-6,8230,1198,71,6,1.00,1099.19,0.03,0.02,N,O,1996-11-03,1996-09-19,1996-11-20,NONE,AIR,ccounts doze blithely furiously express 
8231-1,8231,1720,5,1,5.00,8108.60,0.01,0.08,R,F,1992-11-16,1992-12-12,1992-12-05,DELIVER IN PERSON,TRUCK,uthless reques
8231-2,8231,846,46,2,5.00,8734.20,0.05,0.01,A,F,1992-12-24,1992-11-30,1993-01-02,DELIVER IN PERSON,MAIL,special deposits use. slyly close package
8231-3,8231,863,30,3,6.00,10583.16,0.08,0.07,R,F,1992-12-20,1993-01-11,1993-01-15,NONE,AIR, beans. furiously final ideas
8231-4,8231,1192,1,4,47.00,51379.93,0.00,0.05,A,F,1992-12-21,1992-12-17,1992-12-31,COLLECT COD,AIR,posits wake. fina
8231-5,8231,1745,30,5,38.00,62576.12,0.05,0.02,R,F,1992-11-22,1993-01-11,1992-12-02,NONE,AIR,lly final deposits sleep 
8256-1,8256,1039,75,1,34.00,31961.02,0.09,0.00,R,F,1992-10-29,1992-09-10,1992-11-15,DELIVER IN PERSON,MAIL,c excuses cajo
8256-2,8256,460,90,2,48.00,65302.08,0.06,0.07,R,F,1992-10-16,1992-09-29,1992-11-02,COLLECT COD,FOB,counts for the packages detect furiously al
8256-3,8256,1672,96,3,37.00,58225.79,0.06,0.06,A,F,1992-08-23,1992-10-28,1992-09-18,DELIVER IN PERSON,AIR,s sleep at the furiousl
8256-4,8256,876,43,4,32.00,56859.84,0.00,0.01,A,F,1992-11-20,1992-11-02,1992-12-04,COLLECT COD,FOB,deposits. fluffily eve
8257-1,8257,89,40,1,14.00,13847.12,0.00,0.08,R,F,1994-07-07,1994-06-17,1994-08-01,COLLECT COD,TRUCK, past the final instructions
8257-2,8257,1978,67,2,7.00,13159.79,0.07,0.02,A,F,1994-05-16,1994-05-27,1994-05-28,DELIVER IN PERSON,TRUCK,counts after the carefully final asymptote
8257-3,8257,997,100,3,8.00,15183.92,0.01,0.03,A,F,1994-06-15,1994-05-19,1994-07-13,COLLECT COD,MAIL,ly special
8257-4,8257,1652,94,4,50.00,77682.50,0.10,0.02,R,F,1994-04-22,1994-05-26,1994-05-20,DELIVER IN PERSON,SHIP,he quietly even dolphins. blithely e
8257-5,8257,1967,12,5,42.00,78496.32,0.05,0.06,A,F,1994-06-22,1994-05-26,1994-07-10,DELIVER IN PERSON,SHIP, ideas haggl
8257-6,8257,748,45,6,18.00,29677.32,0.08,0.04,R,F,1994-03-27,1994-05-25,1994-03-31,TAKE BACK RETURN,MAIL,ully. express accounts sleep at the
8258-1,8258,1754,81,1,37.00,61262.75,0.08,0.03,A,F,1994-06-26,1994-05-31,1994-06-29,TAKE BACK RETURN,SHIP,ss packages poach c
8258-2,8258,1436,37,2,32.00,42797.76,0.05,0.04,R,F,1994-04-04,1994-04-05,1994-04-25,TAKE BACK RETURN,REG AIR,g requests u
8258-3,8258,415,16,3,46.00,60508.86,0.05,0.08,R,F,1994-03-21,1994-05-18,1994-03-27,DELIVER IN PERSON,AIR,s haggle across
8259-1,8259,1742,43,1,23.00,37806.02,0.07,0.00,R,F,1994-08-17,1994-06-08,1994-09-06,NONE,MAIL,ges. blith
8259-2,8259,858,92,2,10.00,17588.50,0.06,0.05,A,F,1994-06-23,1994-06-11,1994-06-26,TAKE BACK RETURN,SHIP,ironic requests cajole blithely blithely 
8260-1,8260,1066,72,1,1.00,967.06,0.05,0.01,A,F,1993-08-17,1993-07-26,1993-09-11,TAKE BACK RETURN,SHIP, deposits after the blithely fin
8260-2,8260,281,36,2,25.00,29532.00,0.08,0.07,R,F,1993-07-29,1993-07-01,1993-08-14,NONE,MAIL,. packages boost blithely. 
8261-1,8261,872,39,1,11.00,19501.57,0.08,0.00,R,F,1994-06-11,1994-06-04,1994-06-22,NONE,MAIL,ssly above the fluffily bol
8261-2,8261,1628,70,2,33.00,50477.46,0.04,0.02,R,F,1994-07-26,1994-05-20,1994-08-18,COLLECT COD,AIR,ng accounts cajole quickly
8261-3,8261,1651,93,3,22.00,34158.30,0.04,0.00,A,F,1994-06-12,1994-07-11,1994-07-06,TAKE BACK RETURN,MAIL,s. carefully final depo
8261-4,8261,1468,69,4,12.00,16433.52,0.01,0.00,A,F,1994-05-22,1994-06-23,1994-06-21,DELIVER IN PERSON,SHIP,lthily regular pac
8261-5,8261,1614,38,5,6.00,9093.66,0.02,0.04,R,F,1994-06-02,1994-07-07,1994-06-08,COLLECT COD,FOB,fully pending pinto b
8262-1,8262,696,97,1,43.00,68657.67,0.05,0.05,N,O,1998-05-29,1998-06-28,1998-06-08,TAKE BACK RETURN,FOB,"ess, even dolphins ar"
8262-2,8262,468,27,2,20.00,27369.20,0.06,0.02,N,O,1998-08-28,1998-07-17,1998-09-16,NONE,FOB,endencies. quietly regular deposits a
8262-3,8262,964,99,3,35.00,65273.60,0.10,0.01,N,O,1998-07-25,1998-06-19,1998-08-11,COLLECT COD,RAIL,uriously regular acc
8262-4,8262,1228,29,4,23.00,25972.06,0.05,0.04,N,O,1998-06-22,1998-07-25,1998-07-11,COLLECT COD,SHIP, above the
8263-1,8263,1078,14,1,29.00,28393.03,0.10,0.00,A,F,1995-03-22,1995-03-10,1995-04-14,DELIVER IN PERSON,FOB,unusual platele
8263-2,8263,1613,96,2,26.00,39379.86,0.07,0.01,A,F,1995-05-21,1995-03-14,1995-06-14,TAKE BACK RETURN,RAIL,equests. regular ideas
8263-3,8263,520,21,3,5.00,7102.60,0.01,0.01,R,F,1995-03-08,1995-03-16,1995-04-01,DELIVER IN PERSON,TRUCK,. hockey players slee
8263-4,8263,279,7,4,42.00,49529.34,0.04,0.07,R,F,1995-04-08,1995-03-08,1995-04-10,DELIVER IN PERSON,MAIL,are. regular theodolites bo
8288-1,8288,510,71,1,8.00,11284.08,0.09,0.02,N,O,1995-07-12,1995-06-19,1995-08-01,COLLECT COD,REG AIR, foxes breach furiously final deposits. fur
8288-2,8288,184,63,2,35.00,37946.30,0.04,0.05,N,O,1995-06-29,1995-06-13,1995-07-08,NONE,RAIL,ecial deposits use quickly 
8288-3,8288,727,24,3,39.00,63481.08,0.02,0.02,N,O,1995-08-09,1995-07-24,1995-08-24,TAKE BACK RETURN,MAIL,onic pinto beans detect evenly blithe
8288-4,8288,1077,83,4,23.00,22495.61,0.01,0.03,N,O,1995-08-26,1995-08-02,1995-08-30,COLLECT COD,MAIL,"haggle final, even asymptotes. theodolites "
8288-5,8288,1062,98,5,3.00,2889.18,0.07,0.05,N,O,1995-06-25,1995-07-30,1995-07-05,NONE,FOB,furiously furiously
8288-6,8288,323,8,6,33.00,40369.56,0.04,0.08,N,O,1995-07-21,1995-08-02,1995-08-13,DELIVER IN PERSON,REG AIR, pinto beans. slyly final accoun
8289-1,8289,1046,82,1,41.00,38828.64,0.00,0.00,R,F,1992-12-19,1993-01-18,1992-12-23,COLLECT COD,TRUCK,g the furiously 
8289-2,8289,1549,70,2,42.00,60922.68,0.07,0.01,A,F,1992-12-11,1993-01-04,1993-01-05,NONE,TRUCK, instruction
8289-3,8289,758,59,3,42.00,69667.50,0.08,0.08,A,F,1992-11-01,1993-01-05,1992-11-25,TAKE BACK RETURN,MAIL,ly regular requests use a
8289-4,8289,910,13,4,1.00,1810.91,0.03,0.03,A,F,1992-11-17,1993-01-19,1992-11-24,NONE,REG AIR,equests across the blithely eve
8290-1,8290,1776,3,1,41.00,68788.57,0.09,0.05,A,F,1995-01-23,1995-01-10,1995-02-21,TAKE BACK RETURN,SHIP,lyly. slyly bold waters cajole slyly to th
8290-2,8290,802,2,2,3.00,5108.40,0.09,0.08,A,F,1995-04-01,1995-02-26,1995-04-29,TAKE BACK RETURN,MAIL,ld packages.
8290-3,8290,976,45,3,34.00,63816.98,0.10,0.01,A,F,1995-03-15,1995-02-28,1995-03-19,NONE,REG AIR,. final fo
8291-1,8291,1749,34,1,34.00,56125.16,0.08,0.02,R,F,1992-08-07,1992-07-03,1992-09-04,DELIVER IN PERSON,MAIL,raids. carefully final deposits detec
8291-2,8291,1600,81,2,3.00,4504.80,0.05,0.03,R,F,1992-09-13,1992-07-12,1992-10-11,TAKE BACK RETURN,FOB, slyly. qu
8292-1,8292,1940,41,1,27.00,49732.38,0.09,0.05,A,F,1993-03-26,1993-03-31,1993-04-24,TAKE BACK RETURN,MAIL,eposits wake bli
8292-2,8292,336,37,2,45.00,55634.85,0.04,0.06,R,F,1993-04-15,1993-04-18,1993-05-10,NONE,MAIL,deas kindle quickly c
8292-3,8292,346,31,3,7.00,8724.38,0.05,0.04,R,F,1993-06-02,1993-05-03,1993-06-06,TAKE BACK RETURN,SHIP,nal accounts according to the slyly f
8292-4,8292,1134,43,4,23.00,23807.99,0.03,0.07,R,F,1993-05-31,1993-03-05,1993-06-20,NONE,FOB,"eaves nag idle, bold "
8292-5,8292,211,66,5,6.00,6667.26,0.05,0.05,A,F,1993-02-06,1993-04-17,1993-03-08,TAKE BACK RETURN,FOB,to beans. pinto beans nag slyly 
8293-1,8293,147,74,1,50.00,52357.00,0.07,0.06,A,F,1992-10-01,1992-09-16,1992-10-25,NONE,TRUCK,e ideas are about the pinto beans
8293-2,8293,1060,61,2,42.00,40364.52,0.03,0.06,R,F,1992-08-21,1992-09-24,1992-08-23,DELIVER IN PERSON,SHIP, carefully reg
8293-3,8293,1835,65,3,5.00,8684.15,0.10,0.06,A,F,1992-11-30,1992-09-20,1992-12-21,DELIVER IN PERSON,SHIP,beans cajole. blithe pinto b
8293-4,8293,174,75,4,34.00,36521.78,0.00,0.08,A,F,1992-08-20,1992-11-01,1992-09-15,TAKE BACK RETURN,AIR, theodolites caj
8294-1,8294,855,22,1,33.00,57943.05,0.08,0.04,R,F,1992-10-11,1992-08-01,1992-11-05,COLLECT COD,SHIP,egular theodolites. bold requests abov
8294-2,8294,372,73,2,9.00,11451.33,0.01,0.02,R,F,1992-08-16,1992-08-05,1992-08-19,DELIVER IN PERSON,SHIP,efully expr
8294-3,8294,1103,4,3,7.00,7028.70,0.04,0.05,R,F,1992-09-02,1992-08-27,1992-09-25,COLLECT COD,FOB,ccording to the furiously sp
8295-1,8295,1523,64,1,22.00,31339.44,0.05,0.04,R,F,1994-07-02,1994-05-02,1994-08-01,DELIVER IN PERSON,FOB,phins. requests according to the i
8295-2,8295,1301,40,2,48.00,57710.40,0.08,0.02,A,F,1994-04-25,1994-06-27,1994-05-17,DELIVER IN PERSON,FOB,kly. quickly spe
8295-3,8295,220,21,3,42.00,47049.24,0.05,0.08,R,F,1994-07-15,1994-06-15,1994-08-05,DELIVER IN PERSON,FOB, haggle furiously about the final excuses.
8295-4,8295,185,12,4,34.00,36896.12,0.02,0.07,A,F,1994-07-09,1994-05-29,1994-07-31,NONE,AIR,detect carefu
8295-5,8295,1174,83,5,44.00,47307.48,0.03,0.02,R,F,1994-06-06,1994-05-19,1994-07-06,NONE,RAIL,ithely above the quickly bold packages. bli
8295-6,8295,1229,67,6,44.00,49729.68,0.03,0.03,R,F,1994-04-09,1994-05-09,1994-04-11,TAKE BACK RETURN,TRUCK,nal ideas cajole carefully ac
8320-1,8320,1493,33,1,14.00,19522.86,0.03,0.07,R,F,1994-10-20,1994-11-04,1994-10-24,COLLECT COD,SHIP,requests agains
8320-2,8320,470,29,2,31.00,42484.57,0.01,0.00,A,F,1994-10-18,1994-12-06,1994-10-21,DELIVER IN PERSON,REG AIR,arefully ironic requests ag
8320-3,8320,692,86,3,30.00,47780.70,0.02,0.00,R,F,1994-11-27,1994-12-14,1994-12-23,COLLECT COD,MAIL,deposits-- furiou
8320-4,8320,502,3,4,26.00,36465.00,0.06,0.03,A,F,1994-12-17,1994-12-12,1994-12-29,DELIVER IN PERSON,RAIL,uests are carefully acc
8320-5,8320,1433,73,5,25.00,33360.75,0.01,0.08,R,F,1994-12-27,1994-12-14,1995-01-12,DELIVER IN PERSON,RAIL,ss accounts engage carefully after th
8321-1,8321,1435,36,1,32.00,42765.76,0.03,0.08,A,F,1994-01-10,1994-01-27,1994-01-30,DELIVER IN PERSON,RAIL,posits nod slyly alongside of 
8321-2,8321,1920,65,2,10.00,18219.20,0.04,0.04,A,F,1993-11-25,1994-01-06,1993-12-20,TAKE BACK RETURN,RAIL, slyly final depo
8321-3,8321,1163,64,3,49.00,52143.84,0.09,0.02,A,F,1994-03-10,1994-01-12,1994-04-08,DELIVER IN PERSON,MAIL,ely unusual package
8321-4,8321,36,37,4,1.00,936.03,0.10,0.04,A,F,1994-03-03,1994-02-08,1994-03-31,DELIVER IN PERSON,FOB,"ainst the deposits: final, final asymp"
8321-5,8321,1057,28,5,31.00,29699.55,0.07,0.04,A,F,1993-11-18,1994-01-25,1993-11-22,NONE,FOB,y across the slyly 
8321-6,8321,675,38,6,15.00,23635.05,0.04,0.05,A,F,1994-02-23,1993-12-18,1994-03-07,COLLECT COD,TRUCK, carefully inside the special b
8321-7,8321,629,92,7,35.00,53536.70,0.03,0.04,R,F,1993-11-22,1994-01-04,1993-12-03,DELIVER IN PERSON,RAIL,nusual deposits
8322-1,8322,1764,49,1,30.00,49972.80,0.05,0.04,N,O,1996-06-15,1996-05-03,1996-07-08,NONE,AIR,old slyly carefully even accounts. ex
8322-2,8322,950,53,2,42.00,77739.90,0.06,0.01,N,O,1996-04-30,1996-04-30,1996-05-15,NONE,RAIL,ans poach alon
8322-3,8322,47,98,3,18.00,17046.72,0.10,0.03,N,O,1996-07-12,1996-06-12,1996-07-19,DELIVER IN PERSON,AIR, even packages cajole slyly arou
8322-4,8322,1127,64,4,3.00,3084.36,0.03,0.08,N,O,1996-04-08,1996-06-19,1996-04-16,TAKE BACK RETURN,TRUCK,ual packages ought to thrash re
8323-1,8323,1143,80,1,37.00,38633.18,0.04,0.03,N,O,1995-12-09,1995-11-21,1996-01-03,COLLECT COD,AIR,ccounts. bl
8323-2,8323,1737,38,2,46.00,75381.58,0.01,0.05,N,O,1995-10-22,1995-10-25,1995-10-29,NONE,REG AIR,theodolites. final ideas above the 
8323-3,8323,1781,24,3,44.00,74042.32,0.07,0.02,N,O,1995-12-12,1995-10-24,1995-12-29,COLLECT COD,SHIP,"s detect blithely against the ironic, reg"
8324-1,8324,927,30,1,31.00,56665.52,0.03,0.03,A,F,1994-11-04,1994-10-25,1994-11-06,NONE,REG AIR, foxes cajole qui
8324-2,8324,1918,7,2,1.00,1819.91,0.02,0.01,R,F,1994-12-18,1994-11-17,1994-12-25,NONE,FOB,ously furious instructions grow. final
8324-3,8324,126,79,3,47.00,48227.64,0.09,0.08,A,F,1994-12-17,1994-10-30,1994-12-25,COLLECT COD,SHIP,after the slyly regul
8324-4,8324,1536,37,4,14.00,20125.42,0.02,0.01,R,F,1994-10-26,1994-10-04,1994-10-30,NONE,RAIL,xpress accounts sleep. carefully ironic
8325-1,8325,408,96,1,30.00,39252.00,0.00,0.02,A,F,1994-04-08,1994-03-04,1994-04-15,TAKE BACK RETURN,TRUCK,y after the slyly unusual r
8325-2,8325,1327,42,2,5.00,6141.60,0.10,0.05,R,F,1994-01-17,1994-04-05,1994-01-25,COLLECT COD,REG AIR,ay quickly silent asymp
8326-1,8326,208,9,1,43.00,47652.60,0.02,0.00,N,O,1996-04-07,1996-04-21,1996-04-10,NONE,TRUCK,"nding, regular excuses sleep "
8326-2,8326,950,19,2,16.00,29615.20,0.04,0.05,N,O,1996-06-22,1996-04-22,1996-06-27,COLLECT COD,MAIL,nently special deposits sleep caref
8327-1,8327,1665,48,1,47.00,73633.02,0.04,0.03,N,O,1997-11-14,1998-01-08,1997-11-19,TAKE BACK RETURN,REG AIR,xes sleep slyly along the exp
8327-2,8327,1260,98,2,8.00,9290.08,0.07,0.03,N,O,1998-01-14,1998-01-13,1998-02-03,DELIVER IN PERSON,REG AIR,y regular dependen
8352-1,8352,22,23,1,2.00,1844.04,0.05,0.05,R,F,1993-09-01,1993-09-27,1993-09-20,COLLECT COD,TRUCK,l theodolites. blithely i
8352-2,8352,484,43,2,40.00,55379.20,0.09,0.03,R,F,1993-08-15,1993-08-30,1993-09-08,TAKE BACK RETURN,MAIL,onic sentiments nag care
8352-3,8352,1968,57,3,4.00,7479.84,0.09,0.00,R,F,1993-08-08,1993-09-09,1993-08-26,DELIVER IN PERSON,MAIL,r requests. carefully 
8352-4,8352,370,27,4,2.00,2540.74,0.08,0.08,R,F,1993-08-04,1993-08-27,1993-08-21,COLLECT COD,SHIP,s breach furiously about the fl
8353-1,8353,879,80,1,21.00,37377.27,0.00,0.03,R,F,1994-09-03,1994-07-13,1994-10-01,COLLECT COD,FOB,ly furiously reg
8353-2,8353,1753,96,2,25.00,41368.75,0.00,0.00,A,F,1994-08-16,1994-08-13,1994-09-03,COLLECT COD,REG AIR,ly according to 
8353-3,8353,435,65,3,41.00,54752.63,0.09,0.04,A,F,1994-07-16,1994-06-22,1994-07-23,TAKE BACK RETURN,MAIL,"packages. bold, special exc"
8353-4,8353,79,55,4,41.00,40141.87,0.08,0.03,R,F,1994-08-23,1994-08-07,1994-08-27,DELIVER IN PERSON,AIR,counts after the pending ideas grow sl
8354-1,8354,91,17,1,1.00,991.09,0.09,0.08,N,O,1996-10-13,1996-12-08,1996-11-02,NONE,RAIL,ts nag furious
8355-1,8355,1275,76,1,21.00,24701.67,0.02,0.03,N,O,1998-01-26,1998-01-12,1998-02-14,COLLECT COD,FOB,"nal, ironic re"
8355-2,8355,136,15,2,14.00,14505.82,0.02,0.07,N,O,1998-01-17,1998-01-19,1998-02-02,NONE,REG AIR,cuses. furiously silent deposits beli
8355-3,8355,947,50,3,13.00,24023.22,0.09,0.07,N,O,1997-12-13,1998-02-13,1998-01-10,NONE,AIR,"s carefully final ideas. ironic, express "
8355-4,8355,992,61,4,11.00,20822.89,0.04,0.06,N,O,1998-01-18,1997-12-21,1998-02-10,NONE,TRUCK,inal pinto bean
8355-5,8355,55,6,5,42.00,40112.10,0.09,0.06,N,O,1997-12-28,1998-01-25,1998-01-27,NONE,TRUCK,ions must haggle amo
8355-6,8355,1188,61,6,47.00,51191.46,0.07,0.00,N,O,1998-02-26,1998-01-25,1998-02-28,DELIVER IN PERSON,FOB,r asymptotes. unusual depos
8355-7,8355,998,67,7,31.00,58868.69,0.02,0.02,N,O,1997-12-29,1998-02-16,1998-01-18,TAKE BACK RETURN,SHIP,ges engage carefully even frets
8356-1,8356,516,77,1,31.00,43911.81,0.07,0.05,N,O,1995-07-05,1995-06-19,1995-08-02,COLLECT COD,RAIL,y slyly final deposits. quickly expr
8357-1,8357,564,55,1,42.00,61511.52,0.07,0.01,N,O,1997-12-03,1997-11-09,1997-12-11,COLLECT COD,AIR,ly ironic foxes against th
8357-2,8357,1854,41,2,38.00,66722.30,0.04,0.05,N,O,1997-11-02,1997-10-14,1997-11-22,DELIVER IN PERSON,FOB,around the carefully iro
8358-1,8358,297,79,1,24.00,28734.96,0.07,0.04,N,O,1997-02-09,1997-02-11,1997-03-06,TAKE BACK RETURN,TRUCK, the quickly express
8358-2,8358,1285,23,2,44.00,52196.32,0.01,0.05,N,O,1997-04-01,1997-03-19,1997-04-04,TAKE BACK RETURN,TRUCK,eposits ar
8358-3,8358,1338,77,3,6.00,7435.98,0.06,0.07,N,O,1997-03-03,1997-03-26,1997-03-26,TAKE BACK RETURN,SHIP,ornis. quickly even foxes cajo
8358-4,8358,687,50,4,39.00,61919.52,0.04,0.06,N,O,1997-04-01,1997-03-08,1997-04-09,NONE,AIR,arefully alongside of the sauternes.
8358-5,8358,260,42,5,9.00,10442.34,0.06,0.03,N,O,1997-02-04,1997-03-10,1997-02-05,NONE,SHIP,xcuses wake quickly about the d
8359-1,8359,699,100,1,31.00,49590.39,0.03,0.03,A,F,1992-08-15,1992-08-04,1992-09-09,DELIVER IN PERSON,MAIL,ronic excuses affix slyly 
8359-2,8359,1309,10,2,26.00,31467.80,0.08,0.00,R,F,1992-06-27,1992-07-30,1992-07-10,TAKE BACK RETURN,TRUCK,eodolites hagg
8359-3,8359,1365,66,3,21.00,26593.56,0.02,0.06,R,F,1992-05-21,1992-07-25,1992-06-19,NONE,REG AIR,nt requests into the ironic instruct
8359-4,8359,857,91,4,19.00,33399.15,0.02,0.06,R,F,1992-08-13,1992-07-06,1992-08-25,DELIVER IN PERSON,REG AIR,arefully fluffily ironic excuses.
8384-1,8384,1224,25,1,19.00,21379.18,0.07,0.02,R,F,1993-06-11,1993-06-06,1993-07-05,TAKE BACK RETURN,AIR,ly unusual platel
8384-2,8384,1789,16,2,29.00,49032.62,0.02,0.03,A,F,1993-06-22,1993-07-20,1993-07-02,NONE,SHIP,nding accounts. c
8384-3,8384,337,38,3,19.00,23509.27,0.06,0.01,R,F,1993-05-25,1993-06-23,1993-06-13,DELIVER IN PERSON,SHIP,unts boost after the busily daring pinto be
8384-4,8384,1873,60,4,34.00,60345.58,0.10,0.02,A,F,1993-07-17,1993-08-04,1993-07-27,NONE,SHIP, requests are
8384-5,8384,1221,22,5,24.00,26933.28,0.01,0.00,A,F,1993-07-19,1993-07-22,1993-08-06,DELIVER IN PERSON,TRUCK,efully ironic deposits. 
8385-1,8385,1209,84,1,37.00,41077.40,0.01,0.08,N,O,1997-09-29,1997-07-28,1997-10-24,TAKE BACK RETURN,TRUCK,totes. quickly final depo
8385-2,8385,1931,76,2,9.00,16496.37,0.00,0.06,N,O,1997-10-09,1997-09-21,1997-10-28,TAKE BACK RETURN,SHIP,ts sleep blithely final ideas. 
8385-3,8385,1196,97,3,35.00,38401.65,0.07,0.01,N,O,1997-08-19,1997-08-19,1997-09-14,TAKE BACK RETURN,SHIP,s. furiously ironic asymptotes was among th
8385-4,8385,1295,33,4,2.00,2392.58,0.07,0.03,N,O,1997-09-04,1997-08-05,1997-09-18,DELIVER IN PERSON,RAIL,he special reque
8385-5,8385,399,28,5,10.00,12993.90,0.03,0.04,N,O,1997-09-01,1997-09-17,1997-09-14,COLLECT COD,MAIL,regular hockey players.
8385-6,8385,1657,58,6,28.00,43642.20,0.01,0.05,N,O,1997-07-18,1997-07-28,1997-07-25,COLLECT COD,RAIL,uffily even packages.
8385-7,8385,772,69,7,12.00,20073.24,0.03,0.07,N,O,1997-09-16,1997-08-24,1997-10-10,NONE,SHIP,es sleep furiously. slyly fin
8386-1,8386,1904,49,1,47.00,84877.30,0.07,0.08,N,O,1998-04-05,1998-04-11,1998-04-26,DELIVER IN PERSON,FOB,ic packages; carefully final
8386-2,8386,762,59,2,31.00,51545.56,0.03,0.06,N,O,1998-03-20,1998-05-04,1998-04-08,DELIVER IN PERSON,MAIL,"ly quickly special instructions. express,"
8386-3,8386,407,8,3,30.00,39222.00,0.09,0.01,N,O,1998-04-02,1998-04-20,1998-04-14,DELIVER IN PERSON,TRUCK,eep slyly about the never regular packa
8387-1,8387,608,71,1,22.00,33189.20,0.09,0.08,A,F,1993-05-08,1993-04-22,1993-05-16,NONE,AIR,ly regular instructions. doggedly regu
8387-2,8387,312,13,2,35.00,42430.85,0.05,0.06,A,F,1993-05-25,1993-05-17,1993-06-11,DELIVER IN PERSON,FOB,are fluffily alongside of th
8387-3,8387,636,30,3,25.00,38415.75,0.10,0.08,R,F,1993-04-15,1993-05-10,1993-05-03,DELIVER IN PERSON,MAIL,its sleep furiously above the regular
8387-4,8387,1588,89,4,27.00,40218.66,0.03,0.07,R,F,1993-04-08,1993-05-31,1993-04-23,COLLECT COD,FOB,to beans use slyly closely even foxe
8387-5,8387,1843,87,5,42.00,73283.28,0.10,0.01,R,F,1993-05-04,1993-06-13,1993-06-02,DELIVER IN PERSON,SHIP,er quiet p
8388-1,8388,385,70,1,30.00,38561.40,0.06,0.07,R,F,1992-06-07,1992-04-24,1992-06-18,DELIVER IN PERSON,AIR,al deposits. fluffily ironic packa
8388-2,8388,314,43,2,50.00,60715.50,0.03,0.04,R,F,1992-02-26,1992-05-21,1992-02-27,NONE,TRUCK, deposits dazzle carefully f
8388-3,8388,63,89,3,24.00,23113.44,0.02,0.02,A,F,1992-06-05,1992-04-09,1992-06-13,TAKE BACK RETURN,AIR,egular instructions are carefully f
8388-4,8388,756,57,4,32.00,53016.00,0.10,0.04,A,F,1992-05-12,1992-04-10,1992-05-21,COLLECT COD,AIR, idly across the fi
8388-5,8388,631,63,5,4.00,6126.52,0.06,0.06,R,F,1992-03-18,1992-04-17,1992-03-31,TAKE BACK RETURN,SHIP, the blithely ironic packages
8388-6,8388,1471,11,6,47.00,64506.09,0.07,0.05,A,F,1992-04-13,1992-05-15,1992-04-29,NONE,FOB,"l instructions. unusual, bold packa"
8389-1,8389,101,2,1,2.00,2002.20,0.06,0.02,R,F,1994-08-03,1994-06-18,1994-08-29,NONE,TRUCK,unts. quickly final ideas wake furiously r
8389-2,8389,1929,18,2,42.00,76898.64,0.08,0.01,A,F,1994-08-15,1994-05-24,1994-08-25,DELIVER IN PERSON,REG AIR,ckly final pinto beans doubt ironic d
8389-3,8389,885,19,3,19.00,33931.72,0.00,0.04,R,F,1994-07-17,1994-07-21,1994-07-26,DELIVER IN PERSON,TRUCK,ial accounts-- furiously regular dol
8389-4,8389,1743,28,4,17.00,27960.58,0.08,0.04,A,F,1994-05-05,1994-06-07,1994-05-27,COLLECT COD,SHIP,quests cajole alongside of the sly
8389-5,8389,313,42,5,19.00,23052.89,0.06,0.06,R,F,1994-06-08,1994-06-06,1994-07-03,COLLECT COD,SHIP,use blithely quickly ironic requests. 
8390-1,8390,390,47,1,24.00,30969.36,0.01,0.05,R,F,1992-08-15,1992-07-10,1992-08-31,COLLECT COD,FOB,inal requests nag carefully. fluffi
8390-2,8390,1866,53,2,40.00,70714.40,0.01,0.05,R,F,1992-07-20,1992-07-18,1992-08-07,TAKE BACK RETURN,MAIL,ular ideas. caref
8391-1,8391,1789,90,1,45.00,76085.10,0.01,0.06,N,O,1995-10-15,1995-10-17,1995-10-25,COLLECT COD,RAIL,carefully slyly bold packages. f
8391-2,8391,1449,28,2,42.00,56718.48,0.00,0.06,N,O,1995-09-22,1995-10-31,1995-09-24,COLLECT COD,SHIP,s. regular platelets haggle ca
8391-3,8391,71,47,3,3.00,2913.21,0.06,0.01,N,O,1995-12-22,1995-11-10,1996-01-02,TAKE BACK RETURN,AIR,affix furiously fu
8391-4,8391,506,37,4,43.00,60479.50,0.01,0.08,N,O,1995-10-09,1995-10-01,1995-10-28,COLLECT COD,AIR,ily pending theodolites; quickly r
8391-5,8391,89,65,5,16.00,15825.28,0.08,0.01,N,O,1995-12-13,1995-10-10,1995-12-31,DELIVER IN PERSON,TRUCK, requests? pinto beans above the evenly s
8391-6,8391,1351,52,6,10.00,12523.50,0.08,0.00,N,O,1995-09-02,1995-11-19,1995-09-15,TAKE BACK RETURN,SHIP,ar accounts are
8416-1,8416,273,1,1,13.00,15252.51,0.06,0.01,R,F,1993-09-22,1993-10-23,1993-10-08,NONE,REG AIR,usly special ideas; regular
8416-2,8416,693,94,2,38.00,60560.22,0.06,0.03,R,F,1993-09-28,1993-09-07,1993-10-11,TAKE BACK RETURN,TRUCK,oxes. accou
8416-3,8416,1794,95,3,48.00,81397.92,0.02,0.08,R,F,1993-09-27,1993-10-24,1993-10-19,COLLECT COD,AIR,", brave accounts. qu"
8416-4,8416,886,86,4,48.00,85770.24,0.01,0.01,R,F,1993-09-17,1993-10-30,1993-09-18,TAKE BACK RETURN,SHIP,ths run furiously final pinto beans. ca
8416-5,8416,1404,83,5,48.00,62659.20,0.07,0.04,R,F,1993-09-09,1993-09-06,1993-09-15,DELIVER IN PERSON,FOB,the unusual dependencies. furiously
8417-1,8417,758,23,1,23.00,38151.25,0.05,0.03,N,O,1997-10-19,1997-11-04,1997-10-28,DELIVER IN PERSON,FOB,tegrate furiousl
8417-2,8417,404,34,2,33.00,43045.20,0.01,0.01,N,O,1997-09-18,1997-09-26,1997-10-06,TAKE BACK RETURN,RAIL,es haggle: blithely reg
8417-3,8417,82,33,3,5.00,4910.40,0.01,0.06,N,O,1997-10-25,1997-09-26,1997-10-31,NONE,FOB,unts unwind furiously along the
8418-1,8418,819,53,1,8.00,13758.48,0.10,0.05,N,O,1996-11-07,1996-11-16,1996-11-11,DELIVER IN PERSON,REG AIR,en deposits alongside of the instructi
8419-1,8419,1204,42,1,48.00,53049.60,0.04,0.06,N,O,1995-10-25,1995-12-24,1995-11-23,NONE,REG AIR,"te furiously. regular, fin"
8419-2,8419,1304,19,2,20.00,24106.00,0.07,0.01,N,O,1996-01-28,1995-12-02,1996-02-23,DELIVER IN PERSON,MAIL,kages detect blithely furi
8419-3,8419,221,22,3,39.00,43727.58,0.02,0.06,N,O,1995-12-22,1995-12-28,1996-01-07,NONE,REG AIR,"s the final, pending the"
8419-4,8419,1396,35,4,2.00,2594.78,0.07,0.00,N,O,1995-10-11,1995-12-12,1995-11-01,TAKE BACK RETURN,MAIL,theodolites cajole furiously sp
8419-5,8419,469,99,5,38.00,52039.48,0.05,0.06,N,O,1995-12-24,1995-11-02,1996-01-01,DELIVER IN PERSON,MAIL,ts believe furiously 
8419-6,8419,414,73,6,44.00,57834.04,0.01,0.06,N,O,1995-12-15,1995-12-07,1995-12-19,NONE,FOB,ts. express packages wake furiously. pen
8419-7,8419,783,16,7,33.00,55564.74,0.07,0.04,N,O,1995-12-02,1995-11-10,1995-12-22,DELIVER IN PERSON,FOB,ress ideas. blithely 
8420-1,8420,1162,99,1,1.00,1063.16,0.01,0.05,N,O,1997-09-29,1997-08-25,1997-10-07,TAKE BACK RETURN,REG AIR,"lar, express de"
8421-1,8421,444,74,1,13.00,17477.72,0.09,0.05,N,O,1997-06-30,1997-06-16,1997-07-29,DELIVER IN PERSON,MAIL,ar package
8421-2,8421,1020,21,2,40.00,36840.80,0.05,0.05,N,O,1997-04-06,1997-04-28,1997-04-24,TAKE BACK RETURN,FOB,ickly even escapades nod slyly accordin
8421-3,8421,284,66,3,26.00,30791.28,0.04,0.07,N,O,1997-06-27,1997-04-22,1997-07-18,NONE,AIR,ests haggle furiously 
8421-4,8421,338,23,4,41.00,50771.53,0.08,0.05,N,O,1997-07-06,1997-06-01,1997-07-14,TAKE BACK RETURN,MAIL,s along the blithely final packages s
8421-5,8421,621,53,5,16.00,24345.92,0.09,0.06,N,O,1997-06-09,1997-06-09,1997-06-27,DELIVER IN PERSON,TRUCK,le furiously about the furiously silen
8421-6,8421,782,83,6,33.00,55531.74,0.09,0.02,N,O,1997-06-14,1997-05-14,1997-06-19,COLLECT COD,RAIL,ake furious
8421-7,8421,1761,4,7,42.00,69835.92,0.01,0.01,N,O,1997-04-02,1997-06-12,1997-04-26,NONE,AIR,y even foxes haggle slyly! accounts 
8422-1,8422,322,51,1,35.00,42781.20,0.10,0.00,A,F,1994-08-11,1994-05-18,1994-08-23,COLLECT COD,REG AIR,", final packages. carefully"
8422-2,8422,504,35,2,21.00,29494.50,0.02,0.04,R,F,1994-08-07,1994-05-15,1994-08-14,DELIVER IN PERSON,RAIL,arefully. dinos wake. blithely regula
8422-3,8422,1815,2,3,32.00,54937.92,0.05,0.03,R,F,1994-08-11,1994-06-08,1994-09-08,NONE,FOB,e under the slyly regular accounts. bl
8422-4,8422,578,69,4,38.00,56185.66,0.04,0.06,A,F,1994-06-18,1994-05-17,1994-06-26,NONE,TRUCK,pending excuses. slyly sile
8422-5,8422,1478,18,5,50.00,68973.50,0.08,0.01,R,F,1994-07-09,1994-05-31,1994-07-13,NONE,MAIL,uctions cajole slyly final dinos? sly
8422-6,8422,427,86,6,37.00,49114.54,0.08,0.03,R,F,1994-07-11,1994-06-12,1994-07-13,COLLECT COD,REG AIR,ggedly slyly expres
8423-1,8423,1792,35,1,36.00,60976.44,0.07,0.07,N,O,1997-02-23,1997-02-05,1997-02-26,TAKE BACK RETURN,REG AIR,le slyly aft
8423-2,8423,1098,4,2,24.00,23978.16,0.01,0.02,N,O,1997-01-26,1997-01-15,1997-02-23,NONE,FOB,y against the fluffily ironic 
8423-3,8423,1102,39,3,25.00,25077.50,0.09,0.04,N,O,1997-02-17,1997-03-08,1997-03-19,NONE,SHIP, blithely pending pearls wake final
8423-4,8423,466,54,4,23.00,31428.58,0.03,0.02,N,O,1997-01-22,1997-02-10,1997-02-13,DELIVER IN PERSON,MAIL,round the theodolites: even 
8448-1,8448,234,16,1,13.00,14744.99,0.04,0.05,N,O,1996-01-09,1995-11-30,1996-01-14,TAKE BACK RETURN,MAIL,finally un
8448-2,8448,1205,80,2,24.00,26548.80,0.09,0.01,N,O,1995-11-20,1995-11-14,1995-12-02,NONE,REG AIR,lent tithes haggle blithely along the u
8448-3,8448,140,93,3,14.00,14561.96,0.06,0.03,N,O,1995-12-29,1995-12-13,1996-01-24,TAKE BACK RETURN,MAIL, against the b
8449-1,8449,1892,93,1,17.00,30496.13,0.02,0.00,N,O,1997-01-06,1996-12-18,1997-01-28,COLLECT COD,REG AIR,structions. sly requests are fluffily. 
8449-2,8449,305,90,2,5.00,6026.50,0.00,0.06,N,O,1997-01-02,1996-11-26,1997-01-19,DELIVER IN PERSON,FOB,lithely silent request
8449-3,8449,538,69,3,15.00,21577.95,0.07,0.05,N,O,1996-10-12,1997-01-06,1996-10-25,COLLECT COD,AIR, packages could have 
8449-4,8449,1148,49,4,10.00,10491.40,0.09,0.02,N,O,1996-11-22,1996-11-19,1996-12-10,COLLECT COD,MAIL,ongside of the slyly pendi
8449-5,8449,1326,41,5,50.00,61366.00,0.04,0.04,N,O,1997-02-07,1996-12-02,1997-02-22,NONE,FOB,efully ironic deposits. sl
8450-1,8450,197,50,1,42.00,46081.98,0.09,0.02,R,F,1992-06-16,1992-06-06,1992-07-11,TAKE BACK RETURN,RAIL,gular asymptotes wake
8450-2,8450,1589,90,2,8.00,11924.64,0.06,0.03,A,F,1992-08-04,1992-07-02,1992-08-30,TAKE BACK RETURN,AIR,jole blithely regular requests.
8451-1,8451,590,51,1,30.00,44717.70,0.07,0.02,N,O,1996-03-04,1996-02-28,1996-03-16,DELIVER IN PERSON,AIR, accounts. carefully ironic decoys
8451-2,8451,214,42,2,19.00,21169.99,0.04,0.06,N,O,1996-02-18,1996-02-17,1996-02-25,TAKE BACK RETURN,AIR,use. furiously unus
8452-1,8452,935,38,1,44.00,80780.92,0.10,0.04,R,F,1992-11-11,1992-09-04,1992-12-11,NONE,RAIL,"ven, final attainment"
8452-2,8452,144,71,2,29.00,30280.06,0.01,0.07,A,F,1992-11-15,1992-09-20,1992-11-20,TAKE BACK RETURN,FOB, final ideas wake slyly. slyly express theo
8452-3,8452,1405,45,3,2.00,2612.80,0.00,0.08,R,F,1992-10-23,1992-09-23,1992-11-07,NONE,SHIP,s according to the unusual 
8452-4,8452,1029,35,4,46.00,42780.92,0.04,0.01,R,F,1992-10-15,1992-09-29,1992-10-24,COLLECT COD,MAIL, wake blithely pending platel
8452-5,8452,208,63,5,13.00,14406.60,0.09,0.01,A,F,1992-10-12,1992-09-08,1992-11-08,COLLECT COD,AIR,mptotes wake furiously special depen
8452-6,8452,1161,62,6,2.00,2124.32,0.06,0.00,A,F,1992-08-05,1992-10-10,1992-08-08,DELIVER IN PERSON,MAIL,accounts haggle according to the ca
8452-7,8452,331,60,7,48.00,59103.84,0.06,0.08,R,F,1992-08-04,1992-09-15,1992-09-02,DELIVER IN PERSON,SHIP,kly regular deposits behi
8453-1,8453,1363,2,1,22.00,27815.92,0.05,0.04,N,O,1997-12-07,1997-10-20,1997-12-23,COLLECT COD,TRUCK,inal pinto beans haggle furiously blithely
8453-2,8453,1766,51,2,9.00,15009.84,0.02,0.08,N,O,1997-12-18,1997-11-27,1998-01-04,TAKE BACK RETURN,REG AIR,to beans. slyly
8453-3,8453,459,47,3,19.00,25829.55,0.09,0.03,N,O,1997-10-16,1997-10-23,1997-11-09,TAKE BACK RETURN,TRUCK,ts wake furiously. carefully 
8453-4,8453,402,90,4,28.00,36467.20,0.00,0.00,N,O,1997-10-18,1997-11-21,1997-11-13,TAKE BACK RETURN,REG AIR,hinly. regular packages nag furiously
8454-1,8454,1573,94,1,28.00,41287.96,0.03,0.02,A,F,1992-11-20,1992-09-30,1992-11-26,DELIVER IN PERSON,TRUCK,ng the carefully bold acco
8454-2,8454,1138,47,2,1.00,1039.13,0.00,0.06,A,F,1992-08-23,1992-10-30,1992-09-02,DELIVER IN PERSON,MAIL,eodolites after the furio
8454-3,8454,1811,12,3,49.00,83927.69,0.06,0.02,R,F,1992-11-07,1992-10-09,1992-12-03,DELIVER IN PERSON,MAIL,press theo
8454-4,8454,136,37,4,43.00,44553.59,0.04,0.07,A,F,1992-09-23,1992-10-09,1992-10-11,NONE,TRUCK,nal theodolites nag quickly final requests
8454-5,8454,614,77,5,23.00,34836.03,0.03,0.03,A,F,1992-09-10,1992-11-06,1992-09-19,NONE,AIR,sits serve 
8455-1,8455,493,52,1,20.00,27869.80,0.08,0.05,A,F,1994-08-24,1994-10-06,1994-09-14,NONE,SHIP,ously bold ideas wake furio
8455-2,8455,1764,49,2,31.00,51638.56,0.02,0.00,R,F,1994-09-22,1994-11-09,1994-10-19,NONE,MAIL,fluffily. even accounts sleep even
8480-1,8480,1294,32,1,4.00,4781.16,0.03,0.06,R,F,1995-05-25,1995-03-17,1995-06-07,TAKE BACK RETURN,REG AIR,. carefully even deposits abo
8480-2,8480,783,16,2,47.00,79137.66,0.08,0.00,R,F,1995-02-04,1995-04-14,1995-02-20,DELIVER IN PERSON,AIR,cajole slyly carefully silent req
8480-3,8480,1563,84,3,27.00,39543.12,0.05,0.02,A,F,1995-03-24,1995-03-24,1995-04-13,NONE,SHIP,eep slyly.
8480-4,8480,1022,28,4,29.00,26767.58,0.07,0.01,A,F,1995-01-31,1995-04-12,1995-02-14,DELIVER IN PERSON,AIR,slyly regular dolphins will are agains
8480-5,8480,337,94,5,35.00,43306.55,0.02,0.01,A,F,1995-02-19,1995-04-10,1995-03-09,NONE,MAIL,. theodolites across the slyly expre
8480-6,8480,560,91,6,1.00,1460.56,0.06,0.02,A,F,1995-03-15,1995-03-31,1995-03-28,TAKE BACK RETURN,FOB,arefully even instructions. care
8480-7,8480,1684,26,7,48.00,76112.64,0.07,0.08,A,F,1995-04-25,1995-04-28,1995-05-25,COLLECT COD,REG AIR,ely final multipliers sleep
8481-1,8481,1645,69,1,19.00,29386.16,0.03,0.08,N,O,1998-05-05,1998-05-21,1998-05-08,COLLECT COD,TRUCK,regular deposits. blithely r
8482-1,8482,884,84,1,38.00,67825.44,0.01,0.01,N,O,1997-07-08,1997-05-07,1997-07-11,TAKE BACK RETURN,AIR,n accounts. fu
8482-2,8482,1615,39,2,44.00,66730.84,0.04,0.06,N,O,1997-07-01,1997-05-03,1997-07-03,NONE,FOB,ccounts affix slyly. 
8483-1,8483,1615,16,1,15.00,22749.15,0.02,0.08,N,O,1996-02-17,1996-01-14,1996-02-24,TAKE BACK RETURN,TRUCK,ross the blithely bold accou
8483-2,8483,898,98,2,39.00,70156.71,0.09,0.02,N,O,1995-11-06,1995-12-03,1995-11-25,TAKE BACK RETURN,FOB,s detect. eve
8484-1,8484,939,74,1,42.00,77277.06,0.07,0.01,N,O,1995-12-07,1995-11-18,1995-12-31,COLLECT COD,REG AIR,lphins. quickly ironic accounts u
8484-2,8484,1328,67,2,20.00,24586.40,0.05,0.08,N,O,1995-09-26,1995-11-18,1995-10-05,DELIVER IN PERSON,REG AIR,ly. regular platelets
8484-3,8484,1550,51,3,10.00,14515.50,0.09,0.00,N,O,1995-10-21,1995-11-30,1995-10-24,COLLECT COD,AIR, slyly iron
8484-4,8484,1491,31,4,13.00,18102.37,0.10,0.05,N,O,1995-12-23,1995-11-12,1996-01-10,TAKE BACK RETURN,RAIL,s sleep. furiously silent foxes integrat
8485-1,8485,296,51,1,5.00,5981.45,0.05,0.08,N,O,1997-10-04,1997-11-20,1997-10-06,DELIVER IN PERSON,REG AIR, platelets. slyly even ac
8485-2,8485,335,64,2,39.00,48177.87,0.03,0.04,N,O,1997-11-10,1997-10-14,1997-11-23,NONE,REG AIR,s are along
8486-1,8486,1229,4,1,15.00,16953.30,0.09,0.05,N,O,1997-03-26,1997-03-02,1997-04-03,COLLECT COD,RAIL,ithely ironic asymptotes. carefully re
8486-2,8486,481,40,2,11.00,15196.28,0.05,0.01,N,O,1997-04-04,1997-03-09,1997-04-14,COLLECT COD,MAIL,"r, ironic acc"
8486-3,8486,864,98,3,10.00,17648.60,0.02,0.03,N,O,1997-04-21,1997-03-16,1997-04-28,TAKE BACK RETURN,FOB, slyly pinto bean
8486-4,8486,1016,52,4,15.00,13755.15,0.04,0.07,N,O,1997-01-23,1997-02-26,1997-02-17,DELIVER IN PERSON,AIR,cies wake. slyly fina
8486-5,8486,1108,81,5,19.00,19172.90,0.06,0.02,N,O,1997-02-04,1997-02-24,1997-02-15,NONE,FOB,ong the pinto
8487-1,8487,1112,21,1,33.00,33432.63,0.02,0.02,N,O,1997-02-27,1997-02-12,1997-03-11,DELIVER IN PERSON,SHIP,horses wake fluffily.
8487-2,8487,1919,20,2,43.00,78299.13,0.04,0.03,N,O,1997-03-27,1997-03-05,1997-04-03,COLLECT COD,RAIL,"al, special deposits c"
8487-3,8487,1671,95,3,15.00,23590.05,0.10,0.05,N,O,1997-05-02,1997-04-05,1997-05-17,DELIVER IN PERSON,FOB,above the final
8487-4,8487,176,29,4,10.00,10761.70,0.10,0.02,N,O,1997-02-14,1997-03-03,1997-02-21,COLLECT COD,TRUCK,"r requests. regular, express theodoli"
8487-5,8487,1698,22,5,20.00,31993.80,0.08,0.00,N,O,1997-01-08,1997-03-22,1997-01-18,NONE,MAIL,eposits impress fu
8487-6,8487,1793,20,6,25.00,42369.75,0.05,0.03,N,O,1997-02-15,1997-03-15,1997-03-01,NONE,MAIL, the bold realms. caref
8512-1,8512,928,31,1,8.00,14631.36,0.03,0.02,R,F,1994-09-09,1994-09-20,1994-10-04,COLLECT COD,REG AIR,re fluffily along th
8512-2,8512,1646,70,2,32.00,49524.48,0.06,0.00,A,F,1994-10-08,1994-08-18,1994-11-06,TAKE BACK RETURN,MAIL,foxes grow requests. fluffily sp
8513-1,8513,641,73,1,31.00,47790.84,0.07,0.06,N,O,1995-09-08,1995-09-07,1995-09-09,COLLECT COD,REG AIR,ly final tithes? blithely even account
8513-2,8513,553,44,2,38.00,55234.90,0.06,0.04,N,O,1995-10-04,1995-09-01,1995-10-07,DELIVER IN PERSON,FOB,slyly ironic packages nag b
8513-3,8513,62,63,3,12.00,11544.72,0.06,0.03,N,O,1995-11-06,1995-09-08,1995-11-14,NONE,AIR,"egular, regular braids believe "
8513-4,8513,1777,20,4,7.00,11751.39,0.04,0.02,N,O,1995-08-02,1995-09-03,1995-08-03,NONE,AIR, after the even requests wake ruthlessly 
8514-1,8514,1142,15,1,6.00,6258.84,0.08,0.05,N,O,1996-05-19,1996-03-18,1996-05-25,NONE,RAIL,ckages integr
8514-2,8514,903,38,2,26.00,46901.40,0.08,0.07,N,O,1996-04-27,1996-05-09,1996-05-03,NONE,AIR, express accounts
8514-3,8514,1292,4,3,43.00,51311.47,0.07,0.06,N,O,1996-04-14,1996-03-29,1996-04-24,NONE,SHIP,olites. pending excuses boost. 
8514-4,8514,659,53,4,48.00,74863.20,0.04,0.07,N,O,1996-02-26,1996-03-31,1996-03-26,NONE,MAIL,tes wake. daringly special instructions i
8514-5,8514,1346,61,5,15.00,18710.10,0.07,0.08,N,O,1996-04-01,1996-04-19,1996-04-25,TAKE BACK RETURN,REG AIR,uriously ironic asymptotes. dinos use ca
8514-6,8514,663,95,6,6.00,9381.96,0.08,0.02,N,O,1996-03-27,1996-03-27,1996-03-29,TAKE BACK RETURN,MAIL,ons boost. slyly ironi
8514-7,8514,1186,23,7,45.00,48923.10,0.09,0.04,N,O,1996-05-18,1996-05-10,1996-05-27,TAKE BACK RETURN,SHIP,oost blithely 
8515-1,8515,1599,80,1,49.00,73528.91,0.06,0.00,R,F,1994-03-12,1994-02-02,1994-03-31,DELIVER IN PERSON,FOB,usual excuses use quickl
8515-2,8515,1442,82,2,9.00,12090.96,0.03,0.03,A,F,1993-12-31,1994-01-29,1994-01-19,TAKE BACK RETURN,RAIL,carefully final accounts. e
8515-3,8515,383,40,3,18.00,23100.84,0.00,0.01,A,F,1994-03-12,1994-03-12,1994-04-02,DELIVER IN PERSON,MAIL,leep blithely against the sly
8515-4,8515,538,39,4,42.00,60418.26,0.07,0.06,R,F,1993-12-28,1994-02-20,1994-01-07,COLLECT COD,RAIL,s wake. caref
8515-5,8515,218,100,5,33.00,36900.93,0.06,0.03,A,F,1994-03-23,1994-02-09,1994-03-24,COLLECT COD,TRUCK,he slyly final excuses are past t
8515-6,8515,113,14,6,11.00,11144.21,0.10,0.01,A,F,1994-02-08,1994-02-25,1994-03-05,COLLECT COD,AIR,"could have to wake silent, ironic packages."
8516-1,8516,1346,85,1,40.00,49893.60,0.09,0.02,N,O,1996-07-01,1996-05-11,1996-07-04,TAKE BACK RETURN,SHIP,requests detect. fluffily fluffy de
8516-2,8516,828,29,2,46.00,79525.72,0.04,0.06,N,O,1996-04-28,1996-05-16,1996-05-22,COLLECT COD,SHIP,uriously unusual requests haggl
8516-3,8516,1720,47,3,40.00,64868.80,0.06,0.02,N,O,1996-04-11,1996-06-07,1996-04-15,NONE,SHIP,lithely. bravel
8516-4,8516,1340,41,4,19.00,23585.46,0.01,0.07,N,O,1996-06-26,1996-06-20,1996-07-17,COLLECT COD,RAIL,lyly regular requests are bli
8516-5,8516,1275,87,5,28.00,32935.56,0.10,0.03,N,O,1996-07-31,1996-05-08,1996-08-17,DELIVER IN PERSON,TRUCK,se furiously instead of the ironic packag
8516-6,8516,738,3,6,50.00,81936.50,0.09,0.08,N,O,1996-06-12,1996-05-30,1996-07-04,COLLECT COD,RAIL,icing dependencies. quickly pending foxes 
8516-7,8516,1271,72,7,48.00,56268.96,0.10,0.03,N,O,1996-07-15,1996-05-31,1996-08-14,COLLECT COD,TRUCK,d the courts. fluffily special pl
8517-1,8517,1420,21,1,44.00,58142.48,0.06,0.08,N,O,1997-05-26,1997-04-11,1997-06-09,NONE,RAIL, packages. stealthily thin
8517-2,8517,371,100,2,42.00,53397.54,0.03,0.02,N,O,1997-07-02,1997-05-25,1997-07-25,TAKE BACK RETURN,REG AIR,unts. fluffily ironic requests am
8517-3,8517,1054,25,3,17.00,16235.85,0.03,0.01,N,O,1997-06-29,1997-05-09,1997-07-20,NONE,AIR,l packages use carefully above
8517-4,8517,1840,84,4,36.00,62706.24,0.02,0.07,N,O,1997-05-14,1997-05-07,1997-05-20,TAKE BACK RETURN,TRUCK,press foxes. blithely bold pa
8517-5,8517,603,97,5,33.00,49618.80,0.06,0.06,N,O,1997-05-09,1997-04-26,1997-05-19,DELIVER IN PERSON,AIR,rding to the blithely e
8518-1,8518,560,51,1,5.00,7302.80,0.04,0.03,N,O,1998-06-05,1998-06-06,1998-07-02,NONE,RAIL,"even, regular dependencies are furiously"
8518-2,8518,482,12,2,16.00,22119.68,0.06,0.08,N,O,1998-05-06,1998-06-07,1998-05-08,COLLECT COD,REG AIR,lites above the unusua
8518-3,8518,1938,83,3,24.00,44158.32,0.10,0.00,N,O,1998-06-25,1998-07-11,1998-07-21,NONE,TRUCK, waters. carefully express package
8519-1,8519,11,62,1,38.00,34618.38,0.07,0.05,N,O,1996-11-21,1996-10-03,1996-11-22,COLLECT COD,AIR,al dependen
8519-2,8519,70,71,2,48.00,46563.36,0.07,0.02,N,O,1996-12-24,1996-10-10,1997-01-16,DELIVER IN PERSON,SHIP,ependencies cajole slyly agai
8519-3,8519,980,81,3,7.00,13166.86,0.02,0.00,N,O,1996-09-19,1996-11-12,1996-09-24,TAKE BACK RETURN,FOB, ideas mold blithel
8519-4,8519,572,33,4,44.00,64793.08,0.05,0.04,N,O,1996-11-23,1996-10-18,1996-11-29,TAKE BACK RETURN,FOB,l ideas. special ins
8519-5,8519,398,55,5,16.00,20774.24,0.08,0.06,N,O,1996-10-04,1996-10-19,1996-10-29,COLLECT COD,AIR,sts. carefully unusual
8519-6,8519,1332,9,6,47.00,57966.51,0.07,0.07,N,O,1996-09-24,1996-09-29,1996-10-11,TAKE BACK RETURN,MAIL,es. furiou
8544-1,8544,1138,39,1,13.00,13508.69,0.06,0.04,A,F,1993-03-19,1993-04-18,1993-04-16,NONE,MAIL, instructions. carefully 
8544-2,8544,1162,35,2,4.00,4252.64,0.08,0.07,A,F,1993-04-17,1993-03-20,1993-05-09,DELIVER IN PERSON,SHIP,e accounts cajole on the fluff
8544-3,8544,556,47,3,6.00,8739.30,0.07,0.07,A,F,1993-03-23,1993-04-03,1993-04-02,COLLECT COD,SHIP,use fluffily.
8544-4,8544,397,98,4,9.00,11676.51,0.00,0.01,A,F,1993-04-11,1993-05-03,1993-04-16,NONE,TRUCK,silent requests. slyly bold
8545-1,8545,352,81,1,46.00,57608.10,0.01,0.03,R,F,1994-09-24,1994-08-12,1994-10-13,TAKE BACK RETURN,AIR,ep against th
8545-2,8545,1032,33,2,34.00,31723.02,0.10,0.03,R,F,1994-09-20,1994-08-01,1994-10-08,COLLECT COD,TRUCK,en accounts. furious
8545-3,8545,1781,24,3,45.00,75725.10,0.04,0.03,R,F,1994-09-06,1994-08-05,1994-09-19,COLLECT COD,TRUCK,ter the dependencies. carefully bold packa
8545-4,8545,865,66,4,41.00,72400.26,0.06,0.06,A,F,1994-09-02,1994-08-13,1994-09-14,TAKE BACK RETURN,RAIL,y pending platelets wake alo
8545-5,8545,932,1,5,3.00,5498.79,0.00,0.05,R,F,1994-06-20,1994-08-26,1994-06-22,DELIVER IN PERSON,TRUCK,"ress packages. regular, e"
8545-6,8545,1394,33,6,34.00,44043.26,0.08,0.06,R,F,1994-07-23,1994-07-30,1994-07-26,COLLECT COD,REG AIR,ackages wake slyly evenly final e
8546-1,8546,1272,47,1,40.00,46930.80,0.05,0.01,R,F,1992-05-31,1992-05-03,1992-06-19,NONE,MAIL," accounts. requests wake regular, regular a"
8546-2,8546,559,50,2,2.00,2919.10,0.07,0.04,R,F,1992-07-06,1992-06-05,1992-07-31,TAKE BACK RETURN,RAIL,ses cajole slyly regular acco
8546-3,8546,799,96,3,11.00,18697.69,0.06,0.08,R,F,1992-06-06,1992-05-28,1992-06-23,DELIVER IN PERSON,AIR,ual orbits are bold foxes. caref
8546-4,8546,1802,32,4,42.00,71559.60,0.08,0.03,R,F,1992-04-17,1992-06-22,1992-05-09,COLLECT COD,RAIL,ts. daringly final packa
8547-1,8547,1059,65,1,40.00,38402.00,0.02,0.02,N,O,1997-04-09,1997-02-08,1997-04-20,COLLECT COD,MAIL,ven accounts above the final deposits hag
8547-2,8547,720,53,2,42.00,68070.24,0.04,0.05,N,O,1997-04-18,1997-03-13,1997-04-21,DELIVER IN PERSON,RAIL,furiously among the slyly final accounts
8547-3,8547,1364,3,3,22.00,27837.92,0.04,0.00,N,O,1997-01-19,1997-03-05,1997-02-11,COLLECT COD,FOB,kages. regular requests sleep sl
8547-4,8547,1980,81,4,37.00,69633.26,0.07,0.04,N,O,1997-03-07,1997-03-16,1997-03-17,NONE,FOB,lithely ironic gifts t
8547-5,8547,261,16,5,23.00,26708.98,0.07,0.05,N,O,1997-01-03,1997-03-03,1997-01-31,TAKE BACK RETURN,REG AIR,oss the slyly unusual packages cajole car
8548-1,8548,738,35,1,24.00,39329.52,0.08,0.07,N,O,1997-10-15,1997-10-03,1997-11-05,COLLECT COD,SHIP,t the final
8548-2,8548,1725,68,2,42.00,68322.24,0.08,0.01,N,O,1997-11-15,1997-10-29,1997-12-12,TAKE BACK RETURN,MAIL, across the blithely 
8548-3,8548,1933,22,3,12.00,22019.16,0.08,0.01,N,O,1997-09-06,1997-09-16,1997-09-13,COLLECT COD,MAIL,st fluffily. pe
8549-1,8549,820,54,1,32.00,55066.24,0.07,0.08,N,O,1997-12-26,1997-11-09,1998-01-12,COLLECT COD,FOB,en instructions. carefully
8549-2,8549,1289,90,2,50.00,59514.00,0.00,0.02,N,O,1997-11-18,1997-11-01,1997-12-07,TAKE BACK RETURN,RAIL, boost blithely against the final req
8549-3,8549,683,77,3,44.00,69681.92,0.10,0.07,N,O,1998-01-14,1997-11-06,1998-02-05,TAKE BACK RETURN,SHIP,blithely silent ide
8549-4,8549,926,29,4,50.00,91346.00,0.07,0.05,N,O,1998-01-17,1997-11-30,1998-02-02,TAKE BACK RETURN,AIR,ong the sly asymptotes affix furiously iron
8550-1,8550,909,12,1,48.00,86875.20,0.04,0.07,A,F,1993-04-13,1993-04-25,1993-05-08,COLLECT COD,MAIL,iously unusua
8550-2,8550,568,59,2,3.00,4405.68,0.10,0.08,A,F,1993-03-07,1993-03-15,1993-03-13,COLLECT COD,AIR,fily even accoun
8550-3,8550,9,85,3,13.00,11817.00,0.06,0.00,R,F,1993-04-28,1993-03-23,1993-05-12,TAKE BACK RETURN,TRUCK,egular requests haggle. careful
8550-4,8550,1854,41,4,18.00,31605.30,0.03,0.06,R,F,1993-03-29,1993-04-06,1993-04-16,DELIVER IN PERSON,FOB,st. requests after the final tithes ca
8550-5,8550,1507,88,5,34.00,47889.00,0.08,0.07,A,F,1993-04-20,1993-04-14,1993-04-25,DELIVER IN PERSON,AIR,ost quickly fluffily special de
8550-6,8550,592,23,6,9.00,13433.31,0.10,0.06,R,F,1993-05-07,1993-03-15,1993-05-14,NONE,SHIP,mptotes. fin
8551-1,8551,1904,37,1,19.00,34312.10,0.09,0.08,R,F,1994-10-01,1994-09-05,1994-10-15,NONE,RAIL,furiously regular packages affix above t
8551-2,8551,860,60,2,38.00,66912.68,0.10,0.01,R,F,1994-11-18,1994-08-31,1994-12-08,COLLECT COD,TRUCK," are regular, even theodolites. blith"
8551-3,8551,1982,27,3,1.00,1883.98,0.08,0.08,A,F,1994-10-31,1994-10-19,1994-11-22,NONE,MAIL, unusual foxes integrate. unusual dolph
8551-4,8551,1262,100,4,18.00,20938.68,0.03,0.03,R,F,1994-11-16,1994-10-16,1994-12-05,TAKE BACK RETURN,SHIP,ntly regular a
8551-5,8551,1311,88,5,48.00,58190.88,0.10,0.05,R,F,1994-09-20,1994-10-19,1994-09-25,DELIVER IN PERSON,SHIP,ts grow slyly
8576-1,8576,1123,60,1,35.00,35844.20,0.05,0.00,A,F,1994-05-02,1994-03-20,1994-05-17,DELIVER IN PERSON,AIR,"ts after the even, special requests sleep"
8576-2,8576,1676,59,2,15.00,23665.05,0.01,0.04,R,F,1994-04-17,1994-03-20,1994-05-17,NONE,SHIP,quickly ironic in
8576-3,8576,1016,52,3,6.00,5502.06,0.00,0.01,R,F,1994-02-18,1994-03-23,1994-03-01,DELIVER IN PERSON,MAIL,ould have to wake. regular re
8576-4,8576,656,88,4,24.00,37359.60,0.03,0.00,R,F,1994-02-05,1994-03-16,1994-02-06,TAKE BACK RETURN,TRUCK,riously carefully even ideas. 
8577-1,8577,1402,42,1,49.00,63866.60,0.04,0.02,N,O,1997-02-23,1997-01-08,1997-03-20,COLLECT COD,SHIP,ly even packages. furiously 
8577-2,8577,824,58,2,12.00,20697.84,0.03,0.05,N,O,1997-01-14,1997-02-03,1997-02-01,COLLECT COD,MAIL, unusual deposits.
8577-3,8577,1757,84,3,3.00,4976.25,0.08,0.04,N,O,1997-01-04,1997-01-31,1997-01-23,DELIVER IN PERSON,TRUCK,across the carefully even grouches
8577-4,8577,887,87,4,50.00,89394.00,0.03,0.00,N,O,1997-02-15,1996-12-10,1997-03-10,DELIVER IN PERSON,TRUCK, blithely slyly s
8577-5,8577,1739,82,5,48.00,78755.04,0.03,0.07,N,O,1996-11-16,1997-01-02,1996-12-07,TAKE BACK RETURN,TRUCK,ven notornis after the final packages mus
8577-6,8577,1586,7,6,36.00,53552.88,0.09,0.05,N,O,1996-12-04,1997-01-10,1996-12-23,DELIVER IN PERSON,TRUCK,ckly carefully unusual requests. furiously
8577-7,8577,1096,2,7,22.00,21935.98,0.04,0.02,N,O,1997-01-12,1997-01-18,1997-01-13,COLLECT COD,REG AIR,he ironic theodolites nod acco
8578-1,8578,1768,95,1,26.00,43413.76,0.08,0.01,N,O,1995-09-06,1995-10-04,1995-09-14,DELIVER IN PERSON,SHIP,ully pending accounts are 
8578-2,8578,1121,30,2,30.00,30663.60,0.06,0.08,N,O,1995-11-17,1995-11-18,1995-12-09,NONE,FOB,"ts. close, speci"
8578-3,8578,48,49,3,25.00,23701.00,0.03,0.04,N,O,1995-09-28,1995-10-12,1995-10-06,TAKE BACK RETURN,RAIL,ns upon the expres
8578-4,8578,700,94,4,34.00,54423.80,0.02,0.03,N,O,1995-11-30,1995-11-08,1995-12-12,TAKE BACK RETURN,MAIL,ess dependencies. caref
8578-5,8578,683,15,5,19.00,30089.92,0.04,0.05,N,O,1995-12-09,1995-10-30,1995-12-17,NONE,REG AIR,each. quickly 
8579-1,8579,1798,41,1,46.00,78190.34,0.03,0.02,N,O,1997-12-14,1997-10-31,1997-12-21,DELIVER IN PERSON,AIR,ely regular requests. slyly final do
8579-2,8579,1325,2,2,39.00,47826.48,0.06,0.08,N,O,1997-12-23,1997-10-16,1997-12-25,DELIVER IN PERSON,RAIL,fully silent deposits
8579-3,8579,1266,4,3,7.00,8170.82,0.01,0.07,N,O,1997-10-10,1997-11-28,1997-10-19,NONE,AIR,uriously ironic the
8579-4,8579,1031,67,4,44.00,41009.32,0.07,0.05,N,O,1997-11-07,1997-11-24,1997-11-16,NONE,AIR,the finally bold accounts. carefully even 
8580-1,8580,1494,12,1,29.00,40469.21,0.01,0.00,A,F,1995-05-20,1995-06-10,1995-05-30,NONE,FOB,beans are deposit
8580-2,8580,1979,80,2,45.00,84643.65,0.09,0.05,A,F,1995-05-26,1995-05-27,1995-05-27,TAKE BACK RETURN,AIR,s foxes boost. carefully pending dolphins
8580-3,8580,1003,39,3,31.00,28024.00,0.05,0.03,N,F,1995-06-01,1995-05-31,1995-06-28,TAKE BACK RETURN,FOB,al accounts. f
8581-1,8581,593,94,1,27.00,40326.93,0.03,0.08,R,F,1993-08-22,1993-09-19,1993-09-21,TAKE BACK RETURN,MAIL,e fluffily about the slyly e
8581-2,8581,416,17,2,8.00,10531.28,0.07,0.05,R,F,1993-08-19,1993-09-23,1993-09-01,DELIVER IN PERSON,AIR,c warhorses. furiously daring packages 
8581-3,8581,389,74,3,23.00,29655.74,0.05,0.06,A,F,1993-07-16,1993-08-20,1993-08-06,DELIVER IN PERSON,RAIL,ar accounts wake. blithely regular re
8581-4,8581,1030,66,4,50.00,46551.50,0.10,0.00,A,F,1993-09-09,1993-08-27,1993-10-09,DELIVER IN PERSON,FOB,unts boost sl
8581-5,8581,1307,84,5,33.00,39873.90,0.07,0.00,A,F,1993-07-24,1993-08-22,1993-08-22,NONE,SHIP,slyly express pinto 
8582-1,8582,1337,52,1,8.00,9906.64,0.03,0.07,A,F,1994-03-12,1994-01-20,1994-03-26,NONE,AIR,ly express deposits na
8582-2,8582,1896,40,2,33.00,59330.37,0.07,0.04,R,F,1994-02-28,1994-01-30,1994-03-24,TAKE BACK RETURN,FOB,yly express platelets haggle sly
8582-3,8582,91,67,3,18.00,17839.62,0.08,0.04,A,F,1994-01-14,1994-02-11,1994-02-03,COLLECT COD,REG AIR,ular packages could have to sleep slyl
8582-4,8582,1889,33,4,42.00,75216.96,0.08,0.06,A,F,1994-01-05,1994-02-15,1994-01-21,COLLECT COD,RAIL,uests are among the 
8582-5,8582,902,37,5,48.00,86539.20,0.05,0.06,R,F,1993-12-29,1994-02-11,1994-01-13,NONE,RAIL, regular asymptotes wake furiously 
8583-1,8583,57,8,1,10.00,9570.50,0.00,0.04,A,F,1993-08-29,1993-08-13,1993-09-13,DELIVER IN PERSON,SHIP,s: regular theodolites haggle 
8583-2,8583,696,28,2,33.00,52690.77,0.02,0.02,R,F,1993-07-19,1993-07-25,1993-07-26,NONE,TRUCK,sts wake quickly express asymptotes-- f
8583-3,8583,1626,27,3,28.00,42773.36,0.08,0.07,R,F,1993-07-31,1993-08-27,1993-08-01,NONE,RAIL,ajole final foxes. 
8608-1,8608,18,44,1,32.00,29376.32,0.08,0.00,N,O,1996-05-28,1996-06-04,1996-06-21,DELIVER IN PERSON,REG AIR,uriously regular pi
8608-2,8608,1250,88,2,44.00,50655.00,0.10,0.07,N,O,1996-07-13,1996-05-23,1996-08-05,TAKE BACK RETURN,TRUCK,eas alongside of the pending foxes h
8608-3,8608,298,80,3,2.00,2396.58,0.04,0.02,N,O,1996-04-14,1996-06-02,1996-04-17,NONE,RAIL,c requests use quickly. e
8608-4,8608,404,5,4,45.00,58698.00,0.01,0.06,N,O,1996-07-03,1996-05-11,1996-07-17,DELIVER IN PERSON,SHIP,ss accounts. pending accounts against
8609-1,8609,922,91,1,30.00,54687.60,0.04,0.00,R,F,1992-05-09,1992-05-25,1992-05-27,TAKE BACK RETURN,FOB,ts. furiously regular packages 
8609-2,8609,1021,22,2,10.00,9220.20,0.05,0.08,R,F,1992-08-14,1992-07-03,1992-08-19,DELIVER IN PERSON,RAIL, regular accounts above the pac
8609-3,8609,1528,9,3,5.00,7147.60,0.07,0.07,A,F,1992-06-30,1992-07-14,1992-07-15,NONE,MAIL,egular packages
8609-4,8609,1844,45,4,24.00,41900.16,0.10,0.01,A,F,1992-07-17,1992-05-21,1992-07-22,DELIVER IN PERSON,TRUCK,telets sleep according
8609-5,8609,171,50,5,33.00,35348.61,0.01,0.08,A,F,1992-04-27,1992-06-02,1992-05-01,DELIVER IN PERSON,RAIL,"special, regular deposits around the qui"
8610-1,8610,1816,3,1,18.00,30920.58,0.09,0.05,R,F,1994-06-21,1994-06-27,1994-06-23,TAKE BACK RETURN,SHIP,eans. slyly final deposi
8610-2,8610,1285,97,2,47.00,55755.16,0.03,0.06,A,F,1994-07-11,1994-06-17,1994-07-24,COLLECT COD,SHIP,arefully ironic packages slee
8610-3,8610,1844,31,3,5.00,8729.20,0.06,0.03,R,F,1994-08-05,1994-07-10,1994-08-31,COLLECT COD,TRUCK,unts boost sl
8610-4,8610,1128,1,4,14.00,14407.68,0.02,0.03,R,F,1994-05-16,1994-07-21,1994-06-08,COLLECT COD,AIR,leep for the regular accounts. fur
8610-5,8610,184,37,5,48.00,52040.64,0.10,0.03,A,F,1994-07-06,1994-07-04,1994-07-30,NONE,RAIL,imes dolphins. ironi
8610-6,8610,1982,15,6,42.00,79127.16,0.00,0.06,R,F,1994-06-24,1994-07-02,1994-07-05,TAKE BACK RETURN,MAIL,yly regular pin
8610-7,8610,141,68,7,7.00,7287.98,0.06,0.01,A,F,1994-07-06,1994-08-06,1994-07-27,NONE,REG AIR, affix slyly regular instruct
8611-1,8611,590,51,1,29.00,43227.11,0.09,0.08,N,O,1996-08-12,1996-07-15,1996-09-05,DELIVER IN PERSON,SHIP,hely carefu
8611-2,8611,1407,8,2,21.00,27476.40,0.01,0.07,N,O,1996-09-01,1996-06-13,1996-09-27,TAKE BACK RETURN,SHIP,yly across the final packages.
8612-1,8612,1342,81,1,3.00,3730.02,0.07,0.04,N,O,1996-09-28,1996-10-18,1996-10-19,TAKE BACK RETURN,SHIP, are furiou
8612-2,8612,1671,54,2,18.00,28308.06,0.03,0.08,N,O,1996-10-03,1996-09-20,1996-10-13,DELIVER IN PERSON,MAIL,ounts. final foxes d
8612-3,8612,395,96,3,44.00,56997.16,0.06,0.06,N,O,1996-11-20,1996-09-27,1996-12-02,COLLECT COD,AIR,"en, pending requests sleep slyly. slyly i"
8613-1,8613,559,90,1,40.00,58382.00,0.09,0.01,R,F,1993-10-22,1993-12-06,1993-11-12,NONE,AIR,omise. regularly ironic pearls around the 
8613-2,8613,129,56,2,43.00,44252.16,0.04,0.07,R,F,1993-10-29,1993-10-29,1993-11-06,COLLECT COD,REG AIR,courts. furiously regular asym
8614-1,8614,1545,26,1,50.00,72327.00,0.09,0.03,A,F,1994-09-09,1994-08-20,1994-09-12,NONE,AIR,arefully! pinto beans haggle b
8614-2,8614,797,30,2,31.00,52631.49,0.00,0.04,R,F,1994-08-28,1994-08-18,1994-09-14,NONE,REG AIR,"s affix from the bold, special foxes. f"
8614-3,8614,1091,62,3,11.00,10912.99,0.07,0.04,R,F,1994-09-27,1994-08-12,1994-10-26,COLLECT COD,FOB,"nding, express theodolites"
8615-1,8615,1674,98,1,17.00,26786.39,0.01,0.08,N,O,1996-08-14,1996-09-08,1996-09-13,COLLECT COD,AIR,beans; fluffily express p
8615-2,8615,1110,83,2,36.00,36399.96,0.06,0.07,N,O,1996-07-03,1996-09-01,1996-07-31,NONE,AIR,ts cajole abov
8615-3,8615,609,72,3,10.00,15096.00,0.03,0.03,N,O,1996-07-28,1996-09-01,1996-08-04,NONE,FOB,posits wake furiously 
8640-1,8640,1726,69,1,4.00,6510.88,0.03,0.01,R,F,1993-12-28,1993-11-27,1994-01-19,DELIVER IN PERSON,REG AIR,en requests use 
8640-2,8640,858,59,2,13.00,22865.05,0.02,0.06,R,F,1993-09-25,1993-12-11,1993-10-02,DELIVER IN PERSON,FOB,g to the packa
8641-1,8641,1932,21,1,27.00,49516.11,0.05,0.03,R,F,1995-04-28,1995-05-05,1995-05-03,NONE,AIR,sleep carefully across the slyly ironic 
8641-2,8641,1911,56,2,41.00,74329.31,0.07,0.07,A,F,1995-04-01,1995-06-22,1995-04-17,DELIVER IN PERSON,SHIP, regular foxes use according to the fi
8642-1,8642,1397,36,1,7.00,9088.73,0.07,0.06,R,F,1993-02-04,1993-03-17,1993-02-07,COLLECT COD,RAIL,ckages. carefully regular ideas may are ab
8642-2,8642,1050,21,2,15.00,14265.75,0.02,0.05,R,F,1993-03-06,1993-03-14,1993-04-03,COLLECT COD,FOB,usual pack
8642-3,8642,115,16,3,31.00,31468.41,0.05,0.03,R,F,1993-03-25,1993-02-28,1993-04-22,COLLECT COD,RAIL,e slyly. carefully expres
8643-1,8643,1067,3,1,17.00,16457.02,0.10,0.08,N,O,1998-09-23,1998-09-02,1998-10-12,COLLECT COD,AIR,ts above the special courts snooze furi
8643-2,8643,899,66,2,3.00,5399.67,0.09,0.03,N,O,1998-10-08,1998-09-24,1998-10-15,TAKE BACK RETURN,TRUCK,equests affix carefully 
8644-1,8644,1097,98,1,34.00,33935.06,0.08,0.07,A,F,1994-09-06,1994-09-01,1994-09-09,DELIVER IN PERSON,SHIP,quickly final
8644-2,8644,700,94,2,45.00,72031.50,0.00,0.03,R,F,1994-11-02,1994-09-04,1994-11-04,TAKE BACK RETURN,FOB,the carefully regular courts. c
8645-1,8645,1604,28,1,23.00,34628.80,0.09,0.07,N,O,1997-02-25,1997-01-23,1997-03-14,NONE,AIR,al foxes nag slyly slyly pending
8645-2,8645,384,41,2,39.00,50090.82,0.07,0.02,N,O,1997-02-05,1996-11-28,1997-02-13,COLLECT COD,AIR,fily even platelets integrate carefully sl
8645-3,8645,883,50,3,21.00,37461.48,0.00,0.03,N,O,1997-01-02,1996-12-08,1997-01-11,DELIVER IN PERSON,SHIP,"en, ironic de"
8645-4,8645,1,77,4,34.00,30634.00,0.03,0.03,N,O,1996-12-29,1997-01-25,1997-01-16,TAKE BACK RETURN,FOB,d pinto beans x-ray slyly. fina
8645-5,8645,762,27,5,39.00,64847.64,0.06,0.01,N,O,1996-11-03,1996-11-26,1996-11-13,TAKE BACK RETURN,SHIP,"deposits. final, rut"
8645-6,8645,133,12,6,34.00,35126.42,0.00,0.00,N,O,1997-01-10,1996-12-12,1997-01-23,NONE,TRUCK,structions impress. dar
8645-7,8645,1226,27,7,42.00,47343.24,0.03,0.03,N,O,1997-01-09,1997-01-25,1997-01-26,TAKE BACK RETURN,TRUCK,unts solve. busily even 
8646-1,8646,327,28,1,35.00,42956.20,0.03,0.08,R,F,1994-06-28,1994-07-03,1994-06-29,DELIVER IN PERSON,MAIL,out the furiously final
8646-2,8646,1316,17,2,22.00,26780.82,0.05,0.00,A,F,1994-05-28,1994-05-18,1994-06-24,COLLECT COD,TRUCK,ress pinto beans sleep fluffily slyly even
8646-3,8646,1437,55,3,2.00,2676.86,0.04,0.06,R,F,1994-05-03,1994-06-10,1994-05-18,NONE,REG AIR,lyly final instructions. regular
8646-4,8646,1013,14,4,23.00,21022.23,0.10,0.08,R,F,1994-07-28,1994-07-02,1994-08-13,DELIVER IN PERSON,REG AIR,olites. furiously reg
8646-5,8646,1197,34,5,9.00,9883.71,0.03,0.07,R,F,1994-05-28,1994-05-18,1994-06-01,DELIVER IN PERSON,FOB,yly even requests across the 
8646-6,8646,478,37,6,4.00,5513.88,0.09,0.03,R,F,1994-05-24,1994-06-08,1994-06-02,TAKE BACK RETURN,FOB,bold dolphins. carefully final reques
8647-1,8647,1178,79,1,50.00,53958.50,0.03,0.05,A,F,1994-02-14,1994-02-11,1994-03-04,NONE,SHIP,gle above the regular packages. ca
8647-2,8647,862,29,2,3.00,5288.58,0.02,0.01,R,F,1993-11-30,1994-01-19,1993-12-03,COLLECT COD,RAIL, quickly bold reque
8672-1,8672,212,94,1,45.00,50049.45,0.06,0.04,R,F,1993-08-30,1993-08-09,1993-09-15,DELIVER IN PERSON,SHIP, boost fluffily fluf
8672-2,8672,423,82,2,10.00,13234.20,0.09,0.04,A,F,1993-08-31,1993-08-11,1993-09-15,DELIVER IN PERSON,FOB, final waters mold carefully. sly
8673-1,8673,1988,33,1,3.00,5669.94,0.08,0.04,N,O,1996-02-18,1996-03-21,1996-03-01,DELIVER IN PERSON,TRUCK, packages. blith
8673-2,8673,1090,91,2,1.00,991.09,0.04,0.05,N,O,1996-05-10,1996-05-11,1996-05-26,NONE,MAIL,y at the always regular theodolites. b
8673-3,8673,1799,26,3,41.00,69732.39,0.08,0.08,N,O,1996-04-09,1996-05-13,1996-04-11,TAKE BACK RETURN,FOB, quickly above the caref
8673-4,8673,126,27,4,44.00,45149.28,0.06,0.04,N,O,1996-02-18,1996-04-02,1996-02-28,COLLECT COD,SHIP,ckly even p
8673-5,8673,272,54,5,49.00,57441.23,0.02,0.08,N,O,1996-06-07,1996-04-03,1996-06-15,TAKE BACK RETURN,RAIL,es integrate bol
8674-1,8674,1852,39,1,22.00,38584.70,0.03,0.06,N,O,1997-06-13,1997-04-10,1997-06-27,TAKE BACK RETURN,FOB,y about the carefully special asymptot
8674-2,8674,1276,51,2,25.00,29431.75,0.08,0.01,N,O,1997-03-24,1997-05-11,1997-04-06,NONE,TRUCK,pinto beans. exc
8674-3,8674,1093,99,3,17.00,16899.53,0.07,0.08,N,O,1997-06-02,1997-05-12,1997-07-01,TAKE BACK RETURN,REG AIR, special accou
8675-1,8675,246,1,1,11.00,12608.64,0.04,0.03,N,O,1997-10-09,1997-12-20,1997-10-27,DELIVER IN PERSON,REG AIR,ending excuses wake e
8675-2,8675,1026,97,2,48.00,44496.96,0.03,0.01,N,O,1997-10-22,1997-12-29,1997-11-15,DELIVER IN PERSON,REG AIR," regular, pending foxes cajole. "
8675-3,8675,997,98,3,20.00,37959.80,0.06,0.03,N,O,1997-11-13,1997-11-21,1997-12-02,NONE,MAIL,atelets. furiously express instruct
8676-1,8676,719,20,1,19.00,30774.49,0.01,0.06,N,O,1996-05-15,1996-06-09,1996-06-02,TAKE BACK RETURN,RAIL,cial Tiresias. dog
8677-1,8677,1332,33,1,11.00,13566.63,0.10,0.03,R,F,1992-10-12,1992-12-05,1992-10-22,TAKE BACK RETURN,AIR,long the fina
8677-2,8677,1507,28,2,21.00,29578.50,0.07,0.07,A,F,1992-12-31,1992-11-19,1993-01-08,NONE,REG AIR,g instructions should
8678-1,8678,492,22,1,6.00,8354.94,0.02,0.02,R,F,1993-01-21,1992-11-09,1993-02-11,TAKE BACK RETURN,RAIL,", regular sentiments. furiously "
8678-2,8678,1993,26,2,30.00,56849.70,0.08,0.04,A,F,1992-11-10,1992-11-06,1992-11-22,NONE,MAIL,y bold ideas. even packages along the
8678-3,8678,1435,14,3,20.00,26728.60,0.01,0.04,A,F,1992-10-27,1992-11-29,1992-11-22,NONE,MAIL,requests need to maintain about the car
8678-4,8678,1049,85,4,42.00,39901.68,0.08,0.00,A,F,1993-01-16,1992-11-11,1993-02-15,NONE,MAIL,ggle slyly alongside of the c
8678-5,8678,1207,45,5,14.00,15514.80,0.07,0.07,R,F,1993-01-24,1992-11-15,1993-01-28,NONE,RAIL, about the blithe
8679-1,8679,1970,71,1,13.00,24335.61,0.05,0.03,A,F,1992-07-12,1992-07-28,1992-07-25,COLLECT COD,FOB,pending packages sleep. quickly bo
8679-2,8679,565,66,2,29.00,42501.24,0.05,0.03,A,F,1992-08-26,1992-06-27,1992-09-04,COLLECT COD,RAIL,rnes. quickly regular foxes after the furi
8679-3,8679,1452,31,3,44.00,59551.80,0.08,0.05,R,F,1992-05-17,1992-07-01,1992-06-11,NONE,TRUCK,ckages cajole blithely 
8704-1,8704,1593,34,1,43.00,64267.37,0.06,0.07,N,O,1995-07-06,1995-08-26,1995-07-13,COLLECT COD,FOB,y. furiously quick 
8704-2,8704,565,26,2,18.00,26380.08,0.09,0.04,N,O,1995-07-18,1995-08-22,1995-08-04,DELIVER IN PERSON,RAIL,"ecial, bold deposits nag among the bus"
8704-3,8704,675,76,3,1.00,1575.67,0.10,0.01,N,O,1995-08-02,1995-08-06,1995-08-20,TAKE BACK RETURN,TRUCK,efore the blithely pe
8704-4,8704,351,8,4,41.00,51305.35,0.06,0.05,N,O,1995-07-06,1995-09-01,1995-07-25,DELIVER IN PERSON,TRUCK,"s. final packages run regular, u"
8704-5,8704,1621,63,5,36.00,54814.32,0.10,0.06,N,O,1995-08-07,1995-08-15,1995-08-08,NONE,FOB,s. slyly d
8704-6,8704,355,40,6,47.00,59001.45,0.07,0.08,N,O,1995-09-05,1995-09-05,1995-10-01,COLLECT COD,REG AIR,ly blithe sheaves
8704-7,8704,1233,8,7,22.00,24953.06,0.05,0.05,N,O,1995-10-06,1995-09-29,1995-10-28,TAKE BACK RETURN,REG AIR,eposits across
8705-1,8705,1402,81,1,20.00,26068.00,0.09,0.01,N,O,1996-04-01,1996-05-11,1996-05-01,COLLECT COD,FOB,lphins. blithely fi
8705-2,8705,43,19,2,17.00,16031.68,0.06,0.00,N,O,1996-05-21,1996-04-21,1996-06-04,NONE,REG AIR,furiously regular excuses shall have 
8705-3,8705,82,58,3,45.00,44193.60,0.09,0.04,N,O,1996-04-16,1996-05-21,1996-05-02,NONE,RAIL,sauternes. special packages sleep fluff
8705-4,8705,1972,5,4,12.00,22487.64,0.09,0.05,N,O,1996-06-21,1996-06-08,1996-07-05,TAKE BACK RETURN,SHIP,ckly regular asymptotes! blithely ir
8706-1,8706,1438,56,1,34.00,45540.62,0.04,0.07,N,O,1996-08-14,1996-08-09,1996-09-11,TAKE BACK RETURN,TRUCK,"ronic, bold package"
8706-2,8706,1090,61,2,22.00,21803.98,0.01,0.05,N,O,1996-08-02,1996-10-03,1996-08-24,TAKE BACK RETURN,FOB,oost across the blithely unus
8706-3,8706,1257,69,3,36.00,41697.00,0.09,0.02,N,O,1996-10-08,1996-08-17,1996-10-21,COLLECT COD,RAIL,posits. quietly even pack
8706-4,8706,465,66,4,28.00,38232.88,0.04,0.01,N,O,1996-10-22,1996-09-23,1996-10-23,NONE,MAIL,the deposits hang blithely accordi
8706-5,8706,966,1,5,22.00,41073.12,0.10,0.01,N,O,1996-08-15,1996-09-07,1996-08-20,DELIVER IN PERSON,AIR,fully furiously regular f
8706-6,8706,1783,68,6,48.00,80869.44,0.02,0.05,N,O,1996-10-04,1996-08-09,1996-11-02,NONE,TRUCK, haggle above 
8706-7,8706,69,70,7,44.00,42638.64,0.10,0.00,N,O,1996-10-16,1996-09-21,1996-11-04,NONE,AIR,ily even excuses are blithely f
8707-1,8707,750,83,1,34.00,56125.50,0.01,0.02,N,O,1998-02-25,1998-02-05,1998-03-25,DELIVER IN PERSON,FOB,luffily ruthless instructions. furi
8707-2,8707,509,100,2,14.00,19733.00,0.02,0.03,N,O,1998-03-22,1998-01-18,1998-04-16,COLLECT COD,FOB,ress reques
8707-3,8707,1368,7,3,11.00,13962.96,0.10,0.08,N,O,1998-03-03,1998-02-28,1998-03-07,COLLECT COD,MAIL,g about the unusual dep
8707-4,8707,1259,60,4,2.00,2320.50,0.03,0.00,N,O,1998-01-31,1998-03-04,1998-02-09,DELIVER IN PERSON,SHIP,blithely around the fluffil
8707-5,8707,1919,20,5,2.00,3641.82,0.03,0.01,N,O,1998-01-02,1998-01-18,1998-01-06,DELIVER IN PERSON,REG AIR,y regular packages are furiously. car
8707-6,8707,1257,95,6,42.00,48646.50,0.02,0.06,N,O,1998-01-16,1998-01-28,1998-01-30,COLLECT COD,MAIL,s cajole slyly after the regular reque
8707-7,8707,249,4,7,24.00,27581.76,0.02,0.08,N,O,1998-01-20,1998-02-03,1998-02-12,NONE,MAIL,aringly from th
8708-1,8708,1110,11,1,18.00,18199.98,0.02,0.06,N,O,1998-02-21,1998-02-17,1998-02-23,TAKE BACK RETURN,REG AIR,express instructions use 
8708-2,8708,1697,39,2,30.00,47960.70,0.10,0.00,N,O,1998-03-20,1998-02-20,1998-03-30,NONE,FOB,gular ideas must haggle slowly e
8708-3,8708,5,56,3,5.00,4525.00,0.09,0.07,N,O,1998-03-14,1997-12-27,1998-04-05,TAKE BACK RETURN,TRUCK,counts haggle regular
8708-4,8708,1359,36,4,17.00,21425.95,0.08,0.02,N,O,1998-01-12,1998-02-18,1998-01-14,TAKE BACK RETURN,FOB,nments. never special r
8708-5,8708,421,9,5,17.00,22464.14,0.04,0.05,N,O,1998-03-12,1998-02-08,1998-04-04,NONE,AIR,egular foxes. blith
8708-6,8708,841,8,6,31.00,53997.04,0.03,0.05,N,O,1998-02-16,1998-02-04,1998-02-21,NONE,SHIP,side of the
8709-1,8709,1011,82,1,35.00,31920.35,0.05,0.04,R,F,1994-05-23,1994-04-30,1994-06-16,NONE,MAIL,s. unusual deposits ar
8709-2,8709,476,77,2,4.00,5505.88,0.07,0.06,A,F,1994-04-30,1994-04-16,1994-05-12,TAKE BACK RETURN,TRUCK,"sual, even pinto beans a"
8709-3,8709,1836,80,3,40.00,69513.20,0.05,0.08,A,F,1994-04-28,1994-04-19,1994-05-20,DELIVER IN PERSON,MAIL,he bold acco
8709-4,8709,603,4,4,37.00,55633.20,0.09,0.07,R,F,1994-06-15,1994-05-01,1994-07-08,DELIVER IN PERSON,SHIP,s the regular deposits sleep slyly 
8709-5,8709,1274,12,5,48.00,56412.96,0.02,0.05,R,F,1994-06-20,1994-04-27,1994-07-10,COLLECT COD,FOB,ecial platelets haggle alongside of 
8709-6,8709,1300,12,6,11.00,13214.30,0.03,0.04,A,F,1994-06-19,1994-04-27,1994-06-25,TAKE BACK RETURN,REG AIR,egular requests 
8709-7,8709,280,81,7,39.00,46030.92,0.10,0.05,A,F,1994-05-16,1994-05-05,1994-05-23,DELIVER IN PERSON,SHIP,uickly final instructions cajole pendi
8710-1,8710,1451,91,1,3.00,4057.35,0.10,0.02,R,F,1994-04-22,1994-02-14,1994-04-25,DELIVER IN PERSON,SHIP,fluffily ironic i
8710-2,8710,1659,83,2,46.00,71789.90,0.09,0.03,A,F,1994-02-03,1994-04-04,1994-02-25,NONE,FOB,the slyly special asymptotes haggle care
8710-3,8710,1874,61,3,10.00,17758.70,0.07,0.00,R,F,1994-04-30,1994-03-30,1994-05-26,TAKE BACK RETURN,FOB,atelets. ir
8710-4,8710,386,71,4,35.00,45023.30,0.04,0.04,R,F,1994-03-28,1994-03-13,1994-04-22,COLLECT COD,TRUCK,ress packages. frays are quickly.
8711-1,8711,90,41,1,21.00,20791.89,0.10,0.08,N,O,1997-05-16,1997-05-15,1997-05-29,DELIVER IN PERSON,TRUCK,ions. ironic requests 
8711-2,8711,280,62,2,49.00,57833.72,0.00,0.03,N,O,1997-06-02,1997-05-01,1997-06-22,TAKE BACK RETURN,SHIP,oost furiously. regu
8711-3,8711,331,16,3,37.00,45559.21,0.06,0.06,N,O,1997-04-23,1997-04-20,1997-05-08,COLLECT COD,FOB,deposits could are regular theo
8711-4,8711,1553,94,4,33.00,48000.15,0.06,0.00,N,O,1997-05-21,1997-06-13,1997-06-02,NONE,SHIP, the reques
8711-5,8711,1282,94,5,30.00,35498.40,0.01,0.05,N,O,1997-06-03,1997-05-24,1997-06-04,TAKE BACK RETURN,RAIL,ys wake carefully
8711-6,8711,1025,31,6,17.00,15742.34,0.07,0.03,N,O,1997-06-07,1997-04-24,1997-06-29,DELIVER IN PERSON,REG AIR,blithely express pi
8736-1,8736,1322,23,1,3.00,3669.96,0.10,0.06,R,F,1993-10-14,1993-11-06,1993-10-24,TAKE BACK RETURN,RAIL,frets. express foxes impress slyly. ideas 
8736-2,8736,691,23,2,44.00,70034.36,0.00,0.04,R,F,1993-10-11,1993-11-28,1993-10-25,NONE,FOB,ecial instructions cajole inside the sly
8736-3,8736,1524,5,3,30.00,42765.60,0.04,0.01,A,F,1993-12-09,1993-11-15,1993-12-28,COLLECT COD,FOB,quests. quickly regular p
8736-4,8736,1904,37,4,7.00,12641.30,0.09,0.05,R,F,1993-09-20,1993-11-03,1993-10-13,TAKE BACK RETURN,MAIL,oxes mold. blithely
8736-5,8736,1263,38,5,35.00,40749.10,0.04,0.04,R,F,1993-12-27,1993-11-29,1994-01-04,NONE,AIR,gle final accounts. re
8736-6,8736,191,70,6,33.00,36009.27,0.00,0.00,A,F,1994-01-06,1993-10-26,1994-01-25,DELIVER IN PERSON,MAIL,ructions. un
8736-7,8736,1168,77,7,23.00,24590.68,0.08,0.04,R,F,1993-09-26,1993-10-28,1993-10-01,NONE,AIR,ong the ironi
8737-1,8737,83,59,1,45.00,44238.60,0.03,0.04,N,O,1998-04-07,1998-04-01,1998-04-21,TAKE BACK RETURN,TRUCK,al packages integrate packages. blithely p
8737-2,8737,968,69,2,2.00,3737.92,0.08,0.05,N,O,1998-01-25,1998-02-07,1998-02-19,DELIVER IN PERSON,RAIL,endencies detect regular instructio
8737-3,8737,471,1,3,1.00,1371.47,0.09,0.00,N,O,1998-04-24,1998-04-04,1998-04-26,NONE,FOB,nstructions along the th
8737-4,8737,98,49,4,37.00,36929.33,0.01,0.01,N,O,1998-04-06,1998-03-28,1998-04-22,COLLECT COD,MAIL,ag slyly quickly express pinto be
8737-5,8737,1671,72,5,13.00,20444.71,0.07,0.02,N,O,1998-01-19,1998-02-11,1998-02-15,TAKE BACK RETURN,FOB,nd along the regul
8737-6,8737,1647,89,6,6.00,9291.84,0.03,0.04,N,O,1998-02-23,1998-02-24,1998-03-12,TAKE BACK RETURN,TRUCK," the even, unusual ideas"
8737-7,8737,276,58,7,13.00,15291.51,0.09,0.04,N,O,1998-01-08,1998-02-21,1998-02-04,COLLECT COD,SHIP,about the blithely even asymp
8738-1,8738,1452,92,1,3.00,4060.35,0.07,0.01,N,O,1998-04-26,1998-03-12,1998-05-10,COLLECT COD,MAIL,ress theodolites wake
8738-2,8738,1856,86,2,18.00,31641.30,0.09,0.07,N,O,1998-05-02,1998-03-01,1998-05-17,TAKE BACK RETURN,TRUCK,ggle bravely ironic requests. stealthy i
8738-3,8738,1219,20,3,14.00,15682.94,0.00,0.07,N,O,1998-04-06,1998-04-13,1998-05-02,NONE,TRUCK,ly even depos
8739-1,8739,1746,73,1,20.00,32954.80,0.06,0.04,N,O,1998-08-18,1998-08-10,1998-09-10,TAKE BACK RETURN,AIR, carefully express pearls. fluff
8739-2,8739,1544,85,2,14.00,20237.56,0.05,0.01,N,O,1998-09-14,1998-09-17,1998-09-24,NONE,RAIL, the quickly pending pa
8739-3,8739,1000,35,3,5.00,4505.00,0.02,0.04,N,O,1998-10-10,1998-08-29,1998-11-02,TAKE BACK RETURN,TRUCK, against the blithely iron
8739-4,8739,582,43,4,27.00,40029.66,0.09,0.06,N,O,1998-10-19,1998-09-28,1998-11-02,COLLECT COD,REG AIR,ular excuses affi
8740-1,8740,379,36,1,31.00,39660.47,0.08,0.06,N,O,1998-09-01,1998-09-05,1998-09-22,NONE,SHIP,press deposits. final deposits s
8740-2,8740,752,49,2,44.00,72721.00,0.05,0.04,N,O,1998-09-24,1998-08-07,1998-10-23,COLLECT COD,MAIL, ideas. carefu
8740-3,8740,1856,43,3,35.00,61524.75,0.05,0.02,N,O,1998-09-22,1998-09-06,1998-10-06,DELIVER IN PERSON,TRUCK,carefully 
8741-1,8741,357,42,1,35.00,44007.25,0.03,0.06,N,O,1997-11-06,1997-10-20,1997-11-26,COLLECT COD,MAIL,wake unusual plat
8741-2,8741,303,60,2,42.00,50538.60,0.06,0.06,N,O,1997-10-26,1997-10-23,1997-11-17,DELIVER IN PERSON,SHIP,ckly regular acc
8741-3,8741,972,75,3,7.00,13110.79,0.03,0.07,N,O,1997-09-10,1997-11-17,1997-10-04,NONE,SHIP,y final dependencies a
8741-4,8741,250,78,4,1.00,1150.25,0.05,0.02,N,O,1997-12-05,1997-11-12,1997-12-11,TAKE BACK RETURN,FOB,accounts. furio
8741-5,8741,821,88,5,32.00,55098.24,0.07,0.08,N,O,1997-11-07,1997-10-10,1997-11-20,TAKE BACK RETURN,FOB,uriously regular depo
8742-1,8742,1980,69,1,15.00,28229.70,0.05,0.03,N,O,1997-10-27,1997-10-24,1997-11-10,NONE,REG AIR,nts use blithely slyly quiet fox
8742-2,8742,1485,3,2,26.00,36048.48,0.08,0.00,N,O,1997-09-30,1997-11-06,1997-10-07,TAKE BACK RETURN,REG AIR,cies boost. accounts haggle slyly. e
8742-3,8742,1226,38,3,41.00,46216.02,0.00,0.06,N,O,1997-11-25,1997-11-12,1997-12-04,DELIVER IN PERSON,RAIL,n dependencies. bold waters after the
8742-4,8742,514,15,4,20.00,28290.20,0.10,0.01,N,O,1997-09-15,1997-10-28,1997-09-17,DELIVER IN PERSON,TRUCK, the furiously bold packages. carefully
8742-5,8742,1427,6,5,10.00,13284.20,0.05,0.08,N,O,1997-10-05,1997-11-03,1997-10-31,TAKE BACK RETURN,REG AIR,ep never. 
8742-6,8742,756,57,6,13.00,21537.75,0.01,0.06,N,O,1997-09-13,1997-10-08,1997-09-24,DELIVER IN PERSON,MAIL,"ng, ironic foxes sl"
8743-1,8743,1371,10,1,39.00,49622.43,0.10,0.07,N,O,1995-10-20,1995-10-18,1995-10-24,NONE,TRUCK,ly fluffily regular ideas. unusu
8743-2,8743,1969,14,2,33.00,61741.68,0.10,0.07,N,O,1995-08-29,1995-09-27,1995-09-26,TAKE BACK RETURN,SHIP,blithely final packa
8743-3,8743,475,34,3,19.00,26133.93,0.07,0.06,N,O,1995-11-24,1995-09-23,1995-12-20,DELIVER IN PERSON,RAIL,ouches could wake slyly around the caref
8743-4,8743,1468,47,4,46.00,62995.16,0.06,0.07,N,O,1995-08-10,1995-10-01,1995-08-29,NONE,TRUCK,"riously after the even deposits. bold, expr"
8768-1,8768,1150,51,1,6.00,6306.90,0.03,0.08,N,O,1995-08-22,1995-10-27,1995-09-05,COLLECT COD,SHIP,ys haggle furiously blithely 
8768-2,8768,1811,41,2,42.00,71938.02,0.05,0.02,N,O,1995-10-22,1995-09-27,1995-10-23,TAKE BACK RETURN,RAIL,ccounts integrate furiously across
8768-3,8768,958,61,3,23.00,42755.85,0.02,0.04,N,O,1995-09-27,1995-11-11,1995-10-01,COLLECT COD,AIR,blithely. blithely pending foxes a
8768-4,8768,605,68,4,4.00,6022.40,0.05,0.04,N,O,1995-11-26,1995-09-29,1995-12-21,DELIVER IN PERSON,MAIL,al deposits. bold
8769-1,8769,1995,96,1,12.00,22763.88,0.09,0.02,N,O,1997-06-15,1997-07-29,1997-07-05,TAKE BACK RETURN,AIR,o beans affix furiou
8769-2,8769,1891,35,2,12.00,21514.68,0.00,0.05,N,O,1997-07-27,1997-07-17,1997-07-28,TAKE BACK RETURN,RAIL, even foxes wake alongside of the express 
8769-3,8769,1905,38,3,32.00,57820.80,0.07,0.04,N,O,1997-06-05,1997-06-27,1997-06-30,TAKE BACK RETURN,REG AIR, regular packages cajole.
8769-4,8769,802,69,4,8.00,13622.40,0.04,0.05,N,O,1997-07-10,1997-06-28,1997-07-20,NONE,RAIL,quickly after the regular instruct
8770-1,8770,621,22,1,18.00,27389.16,0.02,0.03,N,O,1996-09-24,1996-09-18,1996-09-27,COLLECT COD,SHIP,ep carefully above the regular accounts. bl
8770-2,8770,400,57,2,36.00,46814.40,0.10,0.05,N,O,1996-09-29,1996-08-17,1996-10-25,COLLECT COD,AIR,nal instru
8770-3,8770,770,71,3,37.00,61818.49,0.06,0.01,N,O,1996-10-25,1996-08-29,1996-11-23,DELIVER IN PERSON,MAIL,pending pinto beans haggle carefully.
8771-1,8771,567,68,1,13.00,19078.28,0.02,0.00,R,F,1992-06-24,1992-06-17,1992-07-09,NONE,MAIL,foxes. ironic accoun
8771-2,8771,1782,67,2,48.00,80821.44,0.10,0.07,R,F,1992-07-05,1992-06-11,1992-07-19,TAKE BACK RETURN,MAIL,"ites use furiously. final, express pac"
8771-3,8771,1524,5,3,10.00,14255.20,0.00,0.00,A,F,1992-04-16,1992-05-03,1992-04-29,DELIVER IN PERSON,REG AIR,ake ruthlessly p
8772-1,8772,1286,61,1,1.00,1187.28,0.01,0.07,A,F,1992-04-22,1992-04-24,1992-05-12,NONE,TRUCK,ly careful pains. slyly specia
8772-2,8772,1186,87,2,11.00,11958.98,0.09,0.00,A,F,1992-03-09,1992-04-18,1992-03-25,TAKE BACK RETURN,TRUCK,ilent packages around the regular depen
8773-1,8773,469,28,1,22.00,30128.12,0.05,0.07,N,O,1995-12-15,1995-12-13,1996-01-09,DELIVER IN PERSON,SHIP,d accounts about the even foxes u
8773-2,8773,1701,86,2,7.00,11218.90,0.10,0.07,N,O,1995-11-16,1996-01-08,1995-12-11,COLLECT COD,RAIL,ular packag
8773-3,8773,1361,38,3,11.00,13885.96,0.10,0.05,N,O,1995-11-05,1995-11-22,1995-11-11,TAKE BACK RETURN,RAIL,refully above the fur
8774-1,8774,175,2,1,22.00,23653.74,0.00,0.07,N,O,1996-07-12,1996-05-15,1996-07-15,TAKE BACK RETURN,MAIL,furiously regular theodolites cajole
8774-2,8774,1934,79,2,12.00,22031.16,0.06,0.07,N,O,1996-06-28,1996-05-24,1996-07-18,DELIVER IN PERSON,AIR, pains nag regular d
8774-3,8774,646,47,3,31.00,47945.84,0.02,0.00,N,O,1996-05-27,1996-07-02,1996-06-22,COLLECT COD,RAIL,"l, bold deposits cajole furiously. fluffily"
8774-4,8774,39,65,4,21.00,19719.63,0.04,0.02,N,O,1996-04-20,1996-05-19,1996-04-21,NONE,SHIP,y pinto beans. never busy foxes integrate
8774-5,8774,593,24,5,26.00,38833.34,0.10,0.03,N,O,1996-08-02,1996-06-24,1996-08-16,NONE,TRUCK, bold foxes integrate sly
8774-6,8774,658,90,6,24.00,37407.60,0.02,0.06,N,O,1996-08-11,1996-06-05,1996-08-18,TAKE BACK RETURN,TRUCK,ns are furiously ironic 
8774-7,8774,472,31,7,50.00,68623.50,0.06,0.07,N,O,1996-07-03,1996-06-07,1996-07-25,DELIVER IN PERSON,AIR,even accounts. furiously special 
8775-1,8775,1360,61,1,50.00,63068.00,0.05,0.04,A,F,1995-05-17,1995-05-02,1995-06-06,DELIVER IN PERSON,REG AIR,l asymptotes serve about the bl
8800-1,8800,45,71,1,13.00,12285.52,0.02,0.03,R,F,1993-02-24,1993-01-16,1993-03-08,COLLECT COD,MAIL, furiously pending accounts along the b
8801-1,8801,1184,93,1,44.00,47747.92,0.08,0.04,R,F,1992-09-28,1992-09-29,1992-10-23,NONE,FOB,y ironic decoys. sl
8801-2,8801,1631,73,2,44.00,67435.72,0.02,0.08,A,F,1992-11-27,1992-10-18,1992-12-06,COLLECT COD,RAIL,etimes slyly iron
8801-3,8801,158,59,3,1.00,1058.15,0.00,0.04,R,F,1992-11-24,1992-10-22,1992-12-19,COLLECT COD,RAIL, quickly. slyly special instructions 
8801-4,8801,51,2,4,50.00,47552.50,0.07,0.03,A,F,1992-11-15,1992-09-18,1992-11-29,TAKE BACK RETURN,TRUCK,inal instruc
8801-5,8801,863,97,5,6.00,10583.16,0.04,0.02,A,F,1992-12-07,1992-10-03,1992-12-24,DELIVER IN PERSON,MAIL, about the slyly sly re
8801-6,8801,250,5,6,23.00,26455.75,0.04,0.01,A,F,1992-09-17,1992-09-26,1992-09-24,NONE,REG AIR,ideas serve among the 
8801-7,8801,1141,78,7,20.00,20842.80,0.00,0.05,A,F,1992-11-25,1992-09-28,1992-12-14,TAKE BACK RETURN,SHIP,"ep final, spe"
8802-1,8802,713,10,1,13.00,20978.23,0.02,0.04,A,F,1995-04-10,1995-03-03,1995-04-26,DELIVER IN PERSON,MAIL,dle according to the regular dep
8802-2,8802,483,42,2,14.00,19368.72,0.02,0.02,R,F,1995-03-26,1995-03-18,1995-04-22,NONE,TRUCK,quickly along the blithel
8802-3,8802,1308,9,3,22.00,26604.60,0.03,0.08,A,F,1995-03-27,1995-04-04,1995-04-06,TAKE BACK RETURN,RAIL,ckly even theodolites wake. pen
8802-4,8802,1138,47,4,24.00,24939.12,0.04,0.01,A,F,1995-05-14,1995-04-14,1995-05-26,DELIVER IN PERSON,MAIL,ke furiously at th
8802-5,8802,93,19,5,17.00,16882.53,0.05,0.01,R,F,1995-03-02,1995-04-26,1995-03-16,COLLECT COD,FOB,nusual req
8803-1,8803,520,81,1,18.00,25569.36,0.03,0.08,R,F,1993-04-08,1993-01-26,1993-05-05,TAKE BACK RETURN,SHIP,unusual theodolites. furiously final 
8803-2,8803,235,17,2,22.00,24975.06,0.09,0.00,R,F,1993-02-15,1993-02-28,1993-02-28,TAKE BACK RETURN,REG AIR,yly final theodolites bel
8803-3,8803,602,34,3,11.00,16528.60,0.08,0.08,R,F,1993-04-06,1993-01-31,1993-04-20,NONE,FOB, carefully after the even ideas. fluffily 
8803-4,8803,1226,1,4,17.00,19162.74,0.03,0.01,A,F,1993-04-01,1993-03-13,1993-04-22,NONE,MAIL, deposits are along th
8803-5,8803,79,55,5,43.00,42100.01,0.01,0.06,R,F,1993-03-24,1993-03-18,1993-04-11,TAKE BACK RETURN,AIR,the furiou
8803-6,8803,205,60,6,22.00,24314.40,0.08,0.06,A,F,1992-12-25,1993-01-22,1993-01-24,TAKE BACK RETURN,TRUCK,tions. furiously regular d
8803-7,8803,536,67,7,22.00,31603.66,0.09,0.00,R,F,1992-12-29,1993-01-26,1993-01-26,NONE,FOB,"press, special pinto beans are theodolites-"
8804-1,8804,281,36,1,28.00,33075.84,0.10,0.07,N,O,1998-02-08,1998-02-16,1998-02-23,DELIVER IN PERSON,MAIL,inal pinto be
8804-2,8804,175,54,2,17.00,18277.89,0.09,0.05,N,O,1998-02-22,1997-12-29,1998-03-23,NONE,MAIL,"ic, bold packages cajole "
8804-3,8804,68,94,3,29.00,28073.74,0.07,0.06,N,O,1997-11-26,1997-12-26,1997-12-20,COLLECT COD,FOB,es thrash carefully against the carefully f
8804-4,8804,1768,11,4,43.00,71799.68,0.01,0.08,N,O,1998-01-24,1998-01-04,1998-02-15,DELIVER IN PERSON,MAIL,e closely. never regular ideas wake furiou
8804-5,8804,1135,8,5,44.00,45589.72,0.05,0.05,N,O,1998-02-01,1998-01-21,1998-02-08,TAKE BACK RETURN,RAIL,r multipliers are blithely final pa
8804-6,8804,1479,58,6,9.00,12424.23,0.03,0.05,N,O,1998-01-18,1998-01-25,1998-02-02,DELIVER IN PERSON,REG AIR, frets sleep furiously fluffily re
8804-7,8804,633,65,7,12.00,18403.56,0.10,0.04,N,O,1998-01-09,1998-02-13,1998-01-30,COLLECT COD,MAIL,yly pending courts d
8805-1,8805,610,11,1,42.00,63445.62,0.00,0.02,N,O,1996-10-20,1996-09-18,1996-10-28,COLLECT COD,RAIL,g quickly. slyly final waters sleep slyly 
8805-2,8805,501,2,2,30.00,42045.00,0.01,0.06,N,O,1996-10-16,1996-09-14,1996-10-30,COLLECT COD,TRUCK,eep instead of the express depo
8805-3,8805,836,36,3,38.00,65999.54,0.07,0.03,N,O,1996-08-04,1996-09-21,1996-08-27,COLLECT COD,SHIP,ng deposits nag quickly across th
8805-4,8805,900,67,4,46.00,82841.40,0.04,0.01,N,O,1996-08-25,1996-09-16,1996-09-01,DELIVER IN PERSON,RAIL,nal theodolites. re
8805-5,8805,914,17,5,38.00,68966.58,0.02,0.00,N,O,1996-10-21,1996-09-19,1996-11-10,COLLECT COD,TRUCK,jole slyly. silent accounts wake furi
8805-6,8805,652,53,6,23.00,35710.95,0.09,0.04,N,O,1996-11-15,1996-08-30,1996-11-28,DELIVER IN PERSON,RAIL,inments. quickly pending excuses abo
8805-7,8805,1088,24,7,7.00,6923.56,0.01,0.08,N,O,1996-10-18,1996-10-08,1996-10-21,NONE,RAIL,unusual packages. carefu
8806-1,8806,275,76,1,8.00,9402.16,0.09,0.04,N,O,1996-04-26,1996-06-15,1996-05-20,TAKE BACK RETURN,TRUCK,al accounts are: slyly 
8806-2,8806,1658,100,2,48.00,74863.20,0.03,0.05,N,O,1996-07-30,1996-06-13,1996-08-17,DELIVER IN PERSON,AIR,"ar deposits around the bold, enticing req"
8806-3,8806,1199,8,3,25.00,27504.75,0.06,0.06,N,O,1996-04-05,1996-06-28,1996-04-24,NONE,TRUCK, instructions. final theodolites cajo
8806-4,8806,941,76,4,28.00,51574.32,0.04,0.04,N,O,1996-07-03,1996-06-18,1996-07-16,DELIVER IN PERSON,TRUCK,ages. even deposits lose care
8807-1,8807,1047,18,1,18.00,17064.72,0.01,0.03,R,F,1993-03-01,1993-05-12,1993-03-14,NONE,REG AIR,wake blithely carefully ironic reque
8807-2,8807,1949,94,2,50.00,92547.00,0.00,0.07,A,F,1993-05-14,1993-05-21,1993-06-03,TAKE BACK RETURN,SHIP,le slyly re
8807-3,8807,1328,29,3,4.00,4917.28,0.04,0.00,A,F,1993-06-13,1993-05-01,1993-07-08,NONE,AIR,of the always permanent 
8832-1,8832,1791,76,1,33.00,55862.07,0.07,0.04,A,F,1992-03-20,1992-03-11,1992-04-13,TAKE BACK RETURN,SHIP,osits: accounts alongside of the slyly fina
8832-2,8832,530,21,2,50.00,71526.50,0.09,0.08,R,F,1992-03-16,1992-04-05,1992-03-27,COLLECT COD,RAIL,ending theodolites. ironic theodoli
8833-1,8833,2000,33,1,43.00,38786.00,0.06,0.08,R,F,1992-05-27,1992-07-06,1992-06-10,TAKE BACK RETURN,TRUCK,"nic, special pinto beans. sly"
8833-2,8833,704,5,2,49.00,78630.30,0.06,0.07,R,F,1992-06-22,1992-07-27,1992-06-27,DELIVER IN PERSON,MAIL, quickly bold plate
8834-1,8834,1322,61,1,41.00,50156.12,0.05,0.01,R,F,1993-11-20,1994-02-07,1993-12-10,COLLECT COD,AIR, to the ironic theodolites nag furiously 
8834-2,8834,399,56,2,48.00,62370.72,0.01,0.08,R,F,1994-01-18,1993-12-15,1994-01-26,NONE,REG AIR,ies lose across the ironic platelets. sile
8834-3,8834,645,46,3,26.00,40186.64,0.08,0.01,R,F,1994-02-01,1994-01-31,1994-02-24,COLLECT COD,AIR,y. furiously silent packages around 
8835-1,8835,1358,35,1,25.00,31483.75,0.00,0.08,A,F,1994-11-21,1995-01-05,1994-11-24,NONE,SHIP,"lar, ironic accounts integr"
8835-2,8835,989,58,2,3.00,5669.94,0.06,0.04,R,F,1994-12-22,1994-12-27,1995-01-04,DELIVER IN PERSON,SHIP,ular deposits. idly pending theodolites wa
8835-3,8835,725,22,3,9.00,14631.48,0.03,0.06,A,F,1994-11-10,1994-12-25,1994-11-11,NONE,SHIP,the final pack
8835-4,8835,341,42,4,49.00,60825.66,0.03,0.08,R,F,1994-11-15,1994-11-24,1994-12-04,NONE,SHIP,"ic pinto beans are regular, final"
8835-5,8835,1572,73,5,15.00,22103.55,0.04,0.02,A,F,1994-10-23,1994-12-21,1994-11-11,COLLECT COD,SHIP,ly even deposit
8836-1,8836,129,82,1,39.00,40135.68,0.03,0.04,N,O,1996-11-26,1996-12-10,1996-12-05,NONE,TRUCK,l accounts sleep special
8836-2,8836,1890,91,2,47.00,84218.83,0.03,0.07,N,O,1996-12-09,1997-01-15,1996-12-13,NONE,TRUCK, special accounts sleep blithely. sly
8836-3,8836,415,45,3,44.00,57878.04,0.08,0.04,N,O,1996-12-28,1996-12-21,1997-01-25,COLLECT COD,SHIP,uffily ironic deposits cajole blithely 
8836-4,8836,793,90,4,34.00,57588.86,0.04,0.05,N,O,1996-11-14,1996-12-07,1996-11-27,DELIVER IN PERSON,RAIL,eep among the blithely sile
8836-5,8836,1274,12,5,24.00,28206.48,0.10,0.07,N,O,1996-10-22,1997-01-18,1996-11-06,TAKE BACK RETURN,RAIL,gainst the slyly special depths. 
8836-6,8836,1574,75,6,7.00,10328.99,0.08,0.05,N,O,1997-02-01,1997-01-15,1997-02-23,DELIVER IN PERSON,MAIL,ly sly theodolites are
8837-1,8837,1924,25,1,34.00,62081.28,0.07,0.04,N,O,1997-05-19,1997-05-09,1997-05-27,COLLECT COD,AIR,ch furiously unusual depende
8837-2,8837,1786,29,2,3.00,5063.34,0.10,0.06,N,O,1997-03-29,1997-04-24,1997-04-01,NONE,SHIP,uctions! sometimes special packages hagg
8837-3,8837,1534,75,3,20.00,28710.60,0.08,0.08,N,O,1997-06-06,1997-03-27,1997-06-11,COLLECT COD,REG AIR,s across the furiously special foxes are
8838-1,8838,1042,48,1,3.00,2829.12,0.03,0.00,N,O,1997-10-04,1997-10-19,1997-10-09,NONE,SHIP,sts boost-- even 
8838-2,8838,420,50,2,15.00,19806.30,0.09,0.04,N,O,1997-11-21,1997-12-18,1997-11-30,COLLECT COD,TRUCK,lly inside the final theodolites. 
8838-3,8838,1349,64,3,20.00,25006.80,0.03,0.00,N,O,1997-11-03,1997-12-18,1997-11-16,DELIVER IN PERSON,TRUCK,n instructions.
8838-4,8838,1936,25,4,4.00,7351.72,0.04,0.00,N,O,1997-11-05,1997-11-29,1997-11-14,DELIVER IN PERSON,AIR,"ons? deposits above the special, final f"
8838-5,8838,1807,51,5,15.00,25632.00,0.09,0.08,N,O,1997-10-09,1997-12-04,1997-10-13,TAKE BACK RETURN,TRUCK,onic excus
8839-1,8839,199,26,1,36.00,39570.84,0.00,0.04,N,F,1995-06-09,1995-06-12,1995-06-22,DELIVER IN PERSON,RAIL,e regular deposits dazzle sometimes 
8864-1,8864,917,86,1,5.00,9089.55,0.01,0.04,N,O,1997-02-18,1997-04-26,1997-02-19,DELIVER IN PERSON,AIR,y regular theodolites sleep quic
8864-2,8864,1579,60,2,36.00,53300.52,0.02,0.06,N,O,1997-04-09,1997-04-10,1997-05-05,NONE,RAIL,eans wake blithely final instructions. fluf
8865-1,8865,684,16,1,7.00,11092.76,0.09,0.08,A,F,1993-06-30,1993-07-02,1993-07-02,COLLECT COD,MAIL,counts boost ca
8866-1,8866,1673,56,1,32.00,50389.44,0.04,0.00,N,O,1998-06-22,1998-04-09,1998-07-17,COLLECT COD,AIR,riously unusu
8866-2,8866,718,15,2,36.00,58273.56,0.01,0.04,N,O,1998-05-18,1998-05-01,1998-06-04,DELIVER IN PERSON,TRUCK,lets. carefully fl
8866-3,8866,554,15,3,45.00,65454.75,0.03,0.08,N,O,1998-06-21,1998-05-10,1998-07-06,COLLECT COD,TRUCK,y final packages impress abo
8866-4,8866,1823,10,4,1.00,1724.82,0.07,0.04,N,O,1998-04-12,1998-04-12,1998-04-25,COLLECT COD,MAIL,ding to the blithely even depo
8866-5,8866,1383,22,5,26.00,33393.88,0.06,0.01,N,O,1998-02-28,1998-04-06,1998-03-03,NONE,SHIP,carefully. theodolites a
8867-1,8867,336,93,1,50.00,61816.50,0.01,0.07,N,O,1997-04-04,1997-03-17,1997-04-10,NONE,TRUCK,", regular deposits inside the quickly "
8867-2,8867,954,57,2,40.00,74198.00,0.07,0.04,N,O,1997-03-10,1997-03-05,1997-03-23,COLLECT COD,RAIL,ding asymp
8867-3,8867,38,14,3,17.00,15946.51,0.05,0.04,N,O,1997-03-18,1997-03-09,1997-03-20,COLLECT COD,SHIP,xcuses cajo
8867-4,8867,1984,73,4,11.00,20745.78,0.04,0.00,N,O,1997-01-03,1997-02-07,1997-01-11,NONE,REG AIR, deposits boost slyly 
8867-5,8867,1430,48,5,37.00,49262.91,0.04,0.04,N,O,1997-02-25,1997-02-13,1997-03-18,DELIVER IN PERSON,REG AIR,uriously unusual 
8867-6,8867,470,29,6,25.00,34261.75,0.02,0.02,N,O,1997-02-26,1997-02-12,1997-03-17,NONE,AIR,yly grouches. carefully spec
8867-7,8867,1129,30,7,18.00,18542.16,0.05,0.01,N,O,1997-02-16,1997-03-14,1997-02-21,NONE,RAIL,l packages about the quickly final account
8868-1,8868,1160,61,1,50.00,53058.00,0.10,0.05,A,F,1994-05-29,1994-04-01,1994-06-28,TAKE BACK RETURN,SHIP,osits boost slyly express 
8868-2,8868,751,16,2,34.00,56159.50,0.03,0.01,A,F,1994-05-29,1994-03-07,1994-06-23,NONE,RAIL,into beans a
8868-3,8868,391,48,3,39.00,50364.21,0.08,0.00,A,F,1994-02-25,1994-04-29,1994-03-14,NONE,RAIL,kly careful c
8868-4,8868,865,32,4,10.00,17658.60,0.04,0.02,R,F,1994-05-10,1994-04-28,1994-05-27,NONE,SHIP,n deposits haggle slyly ab
8869-1,8869,1199,100,1,39.00,42907.41,0.03,0.03,R,F,1993-09-19,1993-08-15,1993-09-26,COLLECT COD,FOB,accounts affix careful
8869-2,8869,515,6,2,36.00,50958.36,0.01,0.05,A,F,1993-06-20,1993-07-19,1993-07-04,DELIVER IN PERSON,RAIL,about the stealthil
8869-3,8869,949,52,3,44.00,81397.36,0.05,0.03,R,F,1993-08-06,1993-06-24,1993-08-30,COLLECT COD,TRUCK,"l theodolites hinder. special, regula"
8869-4,8869,266,21,4,18.00,20992.68,0.00,0.06,R,F,1993-09-12,1993-07-07,1993-09-27,DELIVER IN PERSON,AIR,yly even theodolites? ironic packages bo
8870-1,8870,816,83,1,23.00,39486.63,0.02,0.02,R,F,1993-04-14,1993-04-07,1993-04-25,TAKE BACK RETURN,SHIP,kly ironic accounts are al
8870-2,8870,1116,89,2,50.00,50855.50,0.06,0.04,R,F,1993-04-04,1993-05-29,1993-04-28,COLLECT COD,MAIL,e slyly above the quickly eve
8871-1,8871,112,65,1,37.00,37448.07,0.01,0.00,A,F,1993-12-23,1993-12-12,1993-12-25,TAKE BACK RETURN,RAIL,after the packages
8896-1,8896,1849,93,1,28.00,49023.52,0.04,0.08,N,O,1997-04-01,1997-04-06,1997-04-03,DELIVER IN PERSON,SHIP,ar deposits. blithel
8897-1,8897,586,47,1,37.00,55003.46,0.10,0.00,N,O,1997-09-30,1997-11-06,1997-10-14,COLLECT COD,AIR,beans. slyly 
8897-2,8897,577,8,2,16.00,23641.12,0.01,0.05,N,O,1997-10-03,1997-10-22,1997-10-22,TAKE BACK RETURN,MAIL,ages haggle slyly. slyly ev
8897-3,8897,182,61,3,20.00,21643.60,0.05,0.01,N,O,1997-10-04,1997-11-07,1997-11-01,NONE,RAIL, wake carefully against the blithely e
8897-4,8897,1817,61,4,48.00,82502.88,0.09,0.03,N,O,1997-11-04,1997-11-05,1997-11-05,DELIVER IN PERSON,TRUCK,refully final pinto beans nag carefully r
8897-5,8897,212,40,5,50.00,55610.50,0.02,0.02,N,O,1997-09-26,1997-11-22,1997-10-03,NONE,SHIP,uickly ironic waters. q
8897-6,8897,1667,50,6,43.00,67452.38,0.00,0.02,N,O,1997-10-24,1997-11-08,1997-11-13,DELIVER IN PERSON,AIR,special accounts
8898-1,8898,1351,66,1,46.00,57608.10,0.10,0.02,N,O,1996-09-05,1996-10-24,1996-09-26,COLLECT COD,TRUCK,sts are across the quickly final inst
8898-2,8898,439,40,2,29.00,38843.47,0.10,0.02,N,O,1996-12-17,1996-11-01,1997-01-11,NONE,FOB,he furiously
8899-1,8899,1794,95,1,18.00,30524.22,0.05,0.01,A,F,1993-11-30,1993-10-26,1993-12-09,COLLECT COD,SHIP, sleep furio
8899-2,8899,337,94,2,36.00,44543.88,0.09,0.08,A,F,1993-08-18,1993-11-07,1993-09-04,DELIVER IN PERSON,TRUCK,dolites sleep quickly at the fur
8899-3,8899,256,57,3,34.00,39312.50,0.04,0.04,A,F,1993-10-31,1993-10-31,1993-11-28,COLLECT COD,REG AIR,y ironic decoys cajo
8900-1,8900,1812,42,1,11.00,18851.91,0.10,0.04,N,O,1996-06-24,1996-06-18,1996-07-11,NONE,FOB,slow pinto beans engage across the
8900-2,8900,209,91,2,40.00,44368.00,0.03,0.00,N,O,1996-06-18,1996-06-23,1996-06-23,NONE,TRUCK,ing reques
8900-3,8900,958,93,3,24.00,44614.80,0.06,0.03,N,O,1996-07-01,1996-05-27,1996-07-07,NONE,TRUCK,. tithes across the ironic
8900-4,8900,545,36,4,28.00,40475.12,0.02,0.03,N,O,1996-05-05,1996-05-05,1996-05-06,DELIVER IN PERSON,REG AIR,eposits along the pending d
8900-5,8900,1163,100,5,47.00,50015.52,0.05,0.00,N,O,1996-07-11,1996-06-13,1996-07-23,DELIVER IN PERSON,TRUCK,express packages. slyly unu
8900-6,8900,549,10,6,29.00,42036.66,0.08,0.08,N,O,1996-04-04,1996-05-16,1996-04-11,COLLECT COD,REG AIR,fully instructions! slyly bold asymptotes 
8900-7,8900,1084,55,7,20.00,19701.60,0.01,0.04,N,O,1996-05-11,1996-05-22,1996-05-25,TAKE BACK RETURN,SHIP,tructions serve fluffily a
8901-1,8901,860,60,1,3.00,5282.58,0.00,0.08,N,O,1995-11-21,1995-09-26,1995-12-15,TAKE BACK RETURN,SHIP,along the quickly pending reques
8901-2,8901,1938,27,2,25.00,45998.25,0.01,0.07,N,O,1995-08-29,1995-09-29,1995-09-08,COLLECT COD,SHIP,ruthlessly
8902-1,8902,1301,2,1,13.00,15629.90,0.10,0.04,N,O,1995-10-03,1995-09-03,1995-10-31,NONE,RAIL,"ily regular, final ac"
8903-1,8903,165,66,1,26.00,27694.16,0.09,0.05,R,F,1994-10-04,1994-10-31,1994-10-25,TAKE BACK RETURN,FOB,press instruc
8903-2,8903,1104,5,2,10.00,10051.00,0.09,0.07,A,F,1994-08-29,1994-09-19,1994-09-18,TAKE BACK RETURN,RAIL,ly along the slyly bold asymptotes. qu
8903-3,8903,1005,6,3,2.00,1812.00,0.05,0.02,R,F,1994-11-25,1994-09-10,1994-11-29,NONE,TRUCK,cajole always s
8903-4,8903,1764,65,4,50.00,83288.00,0.10,0.04,R,F,1994-08-15,1994-10-31,1994-09-11,COLLECT COD,REG AIR,pinto beans. slyly regular ex
8928-1,8928,875,9,1,11.00,19534.57,0.02,0.02,R,F,1995-01-24,1994-12-07,1995-01-28,TAKE BACK RETURN,RAIL,y special r
8929-1,8929,1928,17,1,9.00,16469.28,0.06,0.00,N,O,1998-01-15,1997-11-27,1998-01-17,COLLECT COD,FOB,lar accounts. slyly unusual packages are s
8929-2,8929,1294,6,2,38.00,45421.02,0.05,0.04,N,O,1997-12-27,1997-12-06,1998-01-23,TAKE BACK RETURN,SHIP,ronic requests cajole about the furiousl
8929-3,8929,1939,72,3,44.00,81000.92,0.08,0.02,N,O,1997-11-30,1997-12-03,1997-12-16,COLLECT COD,AIR,ual excuses across the courts nag slyl
8930-1,8930,1278,53,1,29.00,34198.83,0.09,0.05,R,F,1994-05-21,1994-07-25,1994-06-13,TAKE BACK RETURN,SHIP,fully unusual accounts about the carefu
8930-2,8930,1524,65,2,3.00,4276.56,0.07,0.05,A,F,1994-08-24,1994-07-19,1994-09-07,TAKE BACK RETURN,RAIL,efully slow pi
8930-3,8930,755,88,3,12.00,19869.00,0.02,0.06,A,F,1994-07-20,1994-08-17,1994-08-12,NONE,SHIP,"ing, even dep"
8931-1,8931,323,24,1,18.00,22019.76,0.02,0.03,N,O,1996-06-11,1996-07-27,1996-07-02,TAKE BACK RETURN,RAIL,ess dependencies up the unusual 
8931-2,8931,1829,30,2,45.00,77886.90,0.03,0.01,N,O,1996-07-21,1996-07-25,1996-07-25,DELIVER IN PERSON,MAIL, pending deposits w
8932-1,8932,1022,58,1,2.00,1846.04,0.10,0.08,R,F,1993-06-13,1993-07-08,1993-06-29,DELIVER IN PERSON,FOB, regular pa
8933-1,8933,774,71,1,4.00,6699.08,0.04,0.02,R,F,1993-10-10,1993-11-08,1993-10-31,DELIVER IN PERSON,MAIL, fluffily regular pinto beans against t
8933-2,8933,361,62,2,9.00,11352.24,0.06,0.00,R,F,1994-01-05,1993-12-31,1994-01-06,COLLECT COD,FOB,long the ironic
8933-3,8933,1636,78,3,11.00,16913.93,0.01,0.02,A,F,1993-10-27,1994-01-02,1993-11-25,COLLECT COD,SHIP,deposits. bold r
8933-4,8933,437,96,4,3.00,4012.29,0.09,0.04,A,F,1994-01-25,1994-01-05,1994-02-06,TAKE BACK RETURN,RAIL,lyly across the furiously fin
8934-1,8934,661,24,1,11.00,17178.26,0.00,0.06,N,O,1997-01-01,1996-11-21,1997-01-25,COLLECT COD,AIR,ironic requests. carefully eve
8934-2,8934,1988,21,2,46.00,86939.08,0.02,0.00,N,O,1996-10-19,1996-11-29,1996-11-01,TAKE BACK RETURN,REG AIR,ests. accoun
8934-3,8934,1680,81,3,27.00,42705.36,0.08,0.01,N,O,1996-11-30,1996-10-27,1996-12-29,TAKE BACK RETURN,REG AIR,"ronic, express asymptotes slee"
8934-4,8934,1330,69,4,8.00,9850.64,0.07,0.08,N,O,1996-12-18,1996-10-22,1996-12-27,COLLECT COD,AIR,mptotes cajol
8934-5,8934,817,17,5,40.00,68712.40,0.10,0.00,N,O,1997-01-14,1996-11-16,1997-01-23,DELIVER IN PERSON,RAIL,ly ironic ac
8934-6,8934,1839,26,6,13.00,22630.79,0.02,0.08,N,O,1996-09-25,1996-10-30,1996-10-03,DELIVER IN PERSON,RAIL,"sts. ironic, final "
8935-1,8935,1941,30,1,49.00,90304.06,0.05,0.01,N,O,1998-06-15,1998-05-15,1998-06-22,COLLECT COD,AIR,usual ideas. slyly spe
8935-2,8935,1106,7,2,4.00,4028.40,0.03,0.04,N,O,1998-05-22,1998-05-17,1998-06-17,DELIVER IN PERSON,SHIP,e the express packages. final idea
8960-1,8960,491,79,1,1.00,1391.49,0.07,0.02,A,F,1993-09-01,1993-08-16,1993-09-26,TAKE BACK RETURN,SHIP,ggle. never even excuses along the sl
8960-2,8960,742,75,2,26.00,42711.24,0.02,0.04,A,F,1993-09-05,1993-08-06,1993-09-27,TAKE BACK RETURN,RAIL,e quickly express ideas. accounts nag
8960-3,8960,1126,63,3,9.00,9244.08,0.09,0.08,A,F,1993-09-02,1993-08-04,1993-09-06,DELIVER IN PERSON,TRUCK,y quickly regular braids. quic
8960-4,8960,1095,96,4,35.00,34863.15,0.06,0.03,R,F,1993-09-03,1993-07-18,1993-09-19,COLLECT COD,MAIL,y carefully ironic packages. quickly
8960-5,8960,969,72,5,14.00,26179.44,0.07,0.02,A,F,1993-07-08,1993-08-22,1993-07-26,DELIVER IN PERSON,FOB,"the pending, regular ideas wa"
8960-6,8960,67,18,6,48.00,46418.88,0.10,0.08,A,F,1993-07-13,1993-08-12,1993-08-03,DELIVER IN PERSON,FOB,sly slyly fl
8961-1,8961,1838,82,1,42.00,73072.86,0.02,0.04,N,O,1995-09-25,1995-08-10,1995-10-21,TAKE BACK RETURN,RAIL,s sleep. idly ironic instructions
8961-2,8961,111,38,2,41.00,41455.51,0.02,0.06,N,O,1995-07-02,1995-07-30,1995-07-27,NONE,REG AIR,regular platelets cajole sl
8961-3,8961,60,86,3,39.00,37442.34,0.04,0.01,N,O,1995-08-15,1995-07-31,1995-08-31,NONE,TRUCK,counts play blithely carefully express ide
8961-4,8961,1225,100,4,5.00,5631.10,0.01,0.05,N,O,1995-08-16,1995-07-31,1995-08-31,COLLECT COD,RAIL,ven tithes sleep furiously. furiously 
8961-5,8961,350,79,5,3.00,3751.05,0.04,0.05,N,O,1995-09-29,1995-08-23,1995-10-02,NONE,SHIP,carefully across t
8962-1,8962,1957,2,1,38.00,70640.10,0.07,0.02,N,O,1997-06-21,1997-08-02,1997-06-30,NONE,REG AIR,beans breach ideas. requests a
8962-2,8962,1110,47,2,1.00,1011.11,0.06,0.04,N,O,1997-09-07,1997-07-24,1997-09-12,COLLECT COD,TRUCK,dependencies. ideas print blithely. ironic 
8963-1,8963,480,10,1,36.00,49697.28,0.00,0.00,N,O,1997-03-22,1997-04-22,1997-04-02,NONE,FOB,ct always? bold ideas cajole. slyly reg
8963-2,8963,1739,40,2,2.00,3281.46,0.02,0.02,N,O,1997-03-27,1997-06-02,1997-04-14,NONE,RAIL,ven requests sleep furiously. iro
8963-3,8963,475,5,3,25.00,34386.75,0.08,0.01,N,O,1997-04-13,1997-04-26,1997-05-11,NONE,RAIL,y fluffily ironic instruct
8963-4,8963,1177,78,4,5.00,5390.85,0.00,0.00,N,O,1997-05-07,1997-06-12,1997-05-17,DELIVER IN PERSON,TRUCK,otes cajole carefully f
8963-5,8963,1920,53,5,20.00,36438.40,0.05,0.03,N,O,1997-06-23,1997-05-31,1997-07-06,COLLECT COD,TRUCK,ously express packages. fluffily ironic 
8964-1,8964,1235,73,1,26.00,29541.98,0.04,0.03,N,O,1998-04-05,1998-03-21,1998-04-18,DELIVER IN PERSON,TRUCK, even Tiresias wa
8964-2,8964,1315,54,2,42.00,51085.02,0.00,0.06,N,O,1998-05-27,1998-03-31,1998-06-16,COLLECT COD,MAIL,old epitaphs try to play. carefully final
8964-3,8964,537,68,3,1.00,1437.53,0.07,0.05,N,O,1998-04-04,1998-05-01,1998-04-12,TAKE BACK RETURN,AIR,n deposits across the pending
8964-4,8964,1594,95,4,42.00,62814.78,0.03,0.06,N,O,1998-03-25,1998-04-13,1998-04-14,COLLECT COD,RAIL,y express ideas wake around the f
8965-1,8965,1958,91,1,28.00,52078.60,0.01,0.05,R,F,1993-10-31,1993-12-08,1993-11-06,COLLECT COD,FOB,furiously slowly ironic theodolites. f
8965-2,8965,1004,75,2,48.00,43440.00,0.08,0.07,A,F,1994-01-29,1993-12-24,1994-02-11,NONE,AIR,the fluffily bold ideas.
8966-1,8966,1035,71,1,12.00,11232.36,0.05,0.00,N,O,1996-08-26,1996-07-24,1996-09-25,COLLECT COD,AIR,s instructions sleep daringly against
8966-2,8966,216,98,2,32.00,35718.72,0.05,0.05,N,O,1996-07-12,1996-07-19,1996-07-17,TAKE BACK RETURN,FOB,foxes was. r
8966-3,8966,892,59,3,35.00,62751.15,0.05,0.04,N,O,1996-09-06,1996-07-23,1996-09-10,NONE,RAIL,quests are quickly around
8966-4,8966,1503,4,4,46.00,64607.00,0.00,0.08,N,O,1996-06-13,1996-07-31,1996-07-01,NONE,REG AIR,heodolites are. final ideas across th
8966-5,8966,393,50,5,9.00,11640.51,0.05,0.00,N,O,1996-07-24,1996-06-15,1996-08-16,TAKE BACK RETURN,SHIP,ts. packages b
8967-1,8967,1404,22,1,50.00,65270.00,0.01,0.02,N,O,1995-10-31,1995-08-17,1995-11-13,NONE,RAIL,"ke daringly silent, regula"
8992-1,8992,793,90,1,15.00,25406.85,0.08,0.00,A,F,1993-11-26,1994-01-22,1993-12-22,TAKE BACK RETURN,TRUCK,ts cajole. s
8992-2,8992,480,68,2,34.00,46936.32,0.08,0.04,R,F,1993-12-16,1993-12-17,1993-12-26,TAKE BACK RETURN,RAIL,nic excuses bre
8992-3,8992,659,60,3,5.00,7798.25,0.04,0.06,A,F,1994-02-20,1994-01-30,1994-03-16,DELIVER IN PERSON,AIR,e slyly spe
8992-4,8992,1591,92,4,49.00,73136.91,0.00,0.08,A,F,1993-12-21,1994-01-19,1994-01-13,TAKE BACK RETURN,FOB,yly against the sometimes regular f
8992-5,8992,1124,25,5,8.00,8200.96,0.10,0.05,A,F,1994-01-19,1994-02-10,1994-01-29,DELIVER IN PERSON,SHIP,ual dependenci
8992-6,8992,540,71,6,13.00,18727.02,0.07,0.00,A,F,1994-02-01,1994-01-20,1994-02-27,DELIVER IN PERSON,SHIP,"tect slyly permanent, final dep"
8993-1,8993,472,31,1,32.00,43919.04,0.02,0.05,N,F,1995-06-11,1995-08-12,1995-07-09,NONE,MAIL,gular depths. q
8993-2,8993,428,29,2,17.00,22583.14,0.00,0.05,N,O,1995-07-29,1995-08-19,1995-08-13,COLLECT COD,RAIL,ckly since the theodo
8994-1,8994,1093,99,1,18.00,17893.62,0.07,0.06,A,F,1994-05-02,1994-07-06,1994-05-12,DELIVER IN PERSON,FOB,counts coul
8994-2,8994,1435,36,2,27.00,36083.61,0.04,0.06,A,F,1994-06-04,1994-06-18,1994-06-17,COLLECT COD,SHIP, blithely even dependencies. carefully
8994-3,8994,503,4,3,46.00,64561.00,0.07,0.02,A,F,1994-08-05,1994-06-21,1994-08-31,DELIVER IN PERSON,REG AIR,tions nag according to the warthogs. unusua
8994-4,8994,1891,78,4,45.00,80680.05,0.05,0.03,R,F,1994-07-16,1994-05-22,1994-08-06,COLLECT COD,AIR,into beans play. even e
8994-5,8994,1915,4,5,11.00,19986.01,0.05,0.04,R,F,1994-05-04,1994-07-03,1994-05-14,COLLECT COD,TRUCK,sy pinto beans. furiously final pint
8995-1,8995,1062,63,1,13.00,12519.78,0.08,0.06,N,O,1995-08-21,1995-07-23,1995-09-19,DELIVER IN PERSON,RAIL,lyly sly requests detect quickly 
8995-2,8995,567,98,2,49.00,71910.44,0.08,0.02,N,O,1995-09-10,1995-07-16,1995-09-20,TAKE BACK RETURN,REG AIR,ular accounts. bold
8995-3,8995,1477,56,3,1.00,1378.47,0.04,0.03,N,O,1995-07-16,1995-07-11,1995-07-28,TAKE BACK RETURN,FOB,ven deposits sleep above the silently ev
8995-4,8995,679,73,4,3.00,4739.01,0.10,0.05,N,O,1995-07-27,1995-06-29,1995-08-05,TAKE BACK RETURN,TRUCK,are slyly among
8995-5,8995,107,86,5,39.00,39276.90,0.01,0.06,N,O,1995-06-30,1995-07-28,1995-07-16,COLLECT COD,MAIL,ideas after the bli
8995-6,8995,491,21,6,49.00,68183.01,0.01,0.07,N,O,1995-06-27,1995-08-15,1995-06-28,DELIVER IN PERSON,AIR,. even deposits across the ruthl
8996-1,8996,182,61,1,9.00,9739.62,0.02,0.08,A,F,1995-06-10,1995-08-27,1995-06-11,DELIVER IN PERSON,SHIP,ependencies wake furi
8996-2,8996,340,69,2,19.00,23566.46,0.05,0.06,N,O,1995-09-21,1995-07-10,1995-10-01,COLLECT COD,TRUCK, theodolites. deposits haggle quickl
8996-3,8996,1786,87,3,35.00,59072.30,0.00,0.03,N,O,1995-07-22,1995-08-05,1995-07-30,DELIVER IN PERSON,REG AIR,rnes. regular acc
8996-4,8996,644,38,4,40.00,61785.60,0.02,0.00,N,O,1995-06-20,1995-07-09,1995-07-16,NONE,SHIP,"xpress, ironi"
8997-1,8997,1245,83,1,18.00,20632.32,0.01,0.08,A,F,1994-09-24,1994-09-22,1994-10-19,TAKE BACK RETURN,SHIP, ideas. special packages wake carefully. ca
8997-2,8997,194,95,2,25.00,27354.75,0.05,0.03,R,F,1994-08-05,1994-09-29,1994-08-15,TAKE BACK RETURN,AIR,ithely according to t
8997-3,8997,578,79,3,11.00,16264.27,0.04,0.00,R,F,1994-09-12,1994-09-10,1994-09-19,NONE,RAIL,kages boost sly
8997-4,8997,1497,76,4,1.00,1398.49,0.07,0.01,A,F,1994-10-13,1994-09-05,1994-10-21,NONE,REG AIR,carefully 
8997-5,8997,1959,60,5,33.00,61411.35,0.05,0.04,A,F,1994-09-02,1994-09-25,1994-09-19,NONE,MAIL,ending packages wake. quickly bo
8997-6,8997,1011,12,6,23.00,20976.23,0.00,0.01,R,F,1994-08-20,1994-09-23,1994-09-18,DELIVER IN PERSON,TRUCK,bove the never f
8998-1,8998,1198,35,1,47.00,51661.93,0.01,0.07,A,F,1993-01-22,1993-02-21,1993-02-09,DELIVER IN PERSON,RAIL, pinto beans cajole about the reg
8998-2,8998,1669,52,2,37.00,58114.42,0.02,0.05,A,F,1993-02-21,1993-03-24,1993-03-23,COLLECT COD,AIR,usual dugouts solve quickly. perma
8998-3,8998,32,58,3,12.00,11184.36,0.04,0.02,R,F,1993-03-04,1993-02-08,1993-03-27,NONE,AIR,ach alongside of the blithely pen
8998-4,8998,582,43,4,15.00,22238.70,0.03,0.01,A,F,1993-01-19,1993-02-27,1993-01-23,DELIVER IN PERSON,RAIL, deposits. blithely i
8999-1,8999,1076,77,1,21.00,20518.47,0.10,0.06,A,F,1994-08-23,1994-08-12,1994-08-27,TAKE BACK RETURN,FOB,eep slyly ironic
8999-2,8999,90,66,2,48.00,47524.32,0.02,0.06,A,F,1994-10-04,1994-08-16,1994-10-24,TAKE BACK RETURN,FOB,"ly regular, iron"
8999-3,8999,386,15,3,26.00,33445.88,0.09,0.03,R,F,1994-09-03,1994-08-03,1994-10-03,DELIVER IN PERSON,FOB,l requests are. regular packages use along
8999-4,8999,1501,82,4,9.00,12622.50,0.00,0.06,A,F,1994-08-24,1994-08-18,1994-08-31,TAKE BACK RETURN,AIR,slyly even deposits cajo
9024-1,9024,1870,71,1,21.00,37209.27,0.05,0.06,A,F,1992-09-11,1992-08-30,1992-09-17,DELIVER IN PERSON,MAIL,"nusual, fin"
9024-2,9024,1895,39,2,12.00,21562.68,0.04,0.08,A,F,1992-09-21,1992-07-19,1992-10-08,DELIVER IN PERSON,AIR, instruction
9024-3,9024,959,60,3,19.00,35339.05,0.10,0.08,A,F,1992-07-12,1992-08-14,1992-07-20,NONE,SHIP,cording to the blithely even requests.
9024-4,9024,1195,4,4,46.00,50424.74,0.10,0.05,A,F,1992-06-27,1992-08-22,1992-07-15,TAKE BACK RETURN,RAIL,nticingly final depos
9024-5,9024,587,88,5,31.00,46114.98,0.05,0.03,A,F,1992-09-28,1992-08-20,1992-10-19,NONE,TRUCK,quests. blithely ironic deposit
9024-6,9024,1747,90,6,37.00,61003.38,0.03,0.08,A,F,1992-08-25,1992-08-03,1992-09-17,COLLECT COD,TRUCK,ts sleep blithely. idly reg
9024-7,9024,844,45,7,27.00,47110.68,0.06,0.07,A,F,1992-09-27,1992-07-16,1992-10-14,COLLECT COD,SHIP,ts cajole sly
9025-1,9025,1595,96,1,18.00,26938.62,0.04,0.01,A,F,1994-06-14,1994-06-28,1994-06-19,TAKE BACK RETURN,TRUCK,y regular requests detect b
9025-2,9025,7,8,2,15.00,13605.00,0.00,0.08,R,F,1994-08-26,1994-07-06,1994-09-21,TAKE BACK RETURN,RAIL,? even requests are caref
9025-3,9025,1273,74,3,49.00,57539.23,0.08,0.07,A,F,1994-09-15,1994-06-20,1994-10-04,TAKE BACK RETURN,FOB,es above the instructions are fluffily u
9026-1,9026,1776,61,1,21.00,35233.17,0.04,0.03,N,O,1996-10-02,1996-09-06,1996-10-25,NONE,MAIL,d dependencie
9026-2,9026,352,81,2,1.00,1252.35,0.05,0.08,N,O,1996-10-22,1996-10-13,1996-11-07,NONE,AIR,"nto beans. special,"
9026-3,9026,1024,60,3,28.00,25900.56,0.03,0.08,N,O,1996-09-14,1996-09-21,1996-10-12,NONE,RAIL,dolites breach ca
9027-1,9027,71,47,1,39.00,37871.73,0.00,0.03,N,O,1995-09-26,1995-12-02,1995-10-01,DELIVER IN PERSON,MAIL,"es nag regular, "
9027-2,9027,1757,84,2,44.00,72985.00,0.02,0.03,N,O,1995-10-01,1995-11-29,1995-10-23,TAKE BACK RETURN,FOB,s sleep carefully accord
9027-3,9027,905,74,3,24.00,43341.60,0.05,0.04,N,O,1995-11-26,1995-11-09,1995-12-15,NONE,RAIL,al requests 
9028-1,9028,533,24,1,45.00,64508.85,0.06,0.04,R,F,1994-04-01,1994-01-28,1994-04-09,COLLECT COD,SHIP,nder. unusual accoun
9029-1,9029,763,96,1,40.00,66550.40,0.03,0.05,R,F,1992-12-15,1993-01-13,1993-01-02,NONE,FOB,platelets sleep furiously
9029-2,9029,1077,78,2,11.00,10758.77,0.06,0.08,A,F,1993-03-01,1992-12-28,1993-03-15,TAKE BACK RETURN,REG AIR,ronic accounts sleep s
9030-1,9030,1597,98,1,28.00,41960.52,0.09,0.08,N,O,1998-09-02,1998-08-16,1998-09-10,DELIVER IN PERSON,TRUCK,ffily unusual
9030-2,9030,361,62,2,2.00,2522.72,0.09,0.03,N,O,1998-08-19,1998-09-14,1998-09-18,DELIVER IN PERSON,TRUCK,r deposits according to the quickly b
9030-3,9030,1129,30,3,43.00,44295.16,0.00,0.05,N,O,1998-08-27,1998-09-02,1998-08-31,COLLECT COD,MAIL,ts. furiou
9030-4,9030,481,40,4,5.00,6907.40,0.10,0.08,N,O,1998-07-20,1998-09-17,1998-07-28,COLLECT COD,RAIL,the furiously regu
9030-5,9030,1502,3,5,47.00,65964.50,0.00,0.04,N,O,1998-09-29,1998-09-24,1998-10-13,COLLECT COD,AIR, quickly quickly even a
9030-6,9030,629,23,6,38.00,58125.56,0.04,0.07,N,O,1998-09-03,1998-10-04,1998-10-02,TAKE BACK RETURN,MAIL,ages. caref
9031-1,9031,1812,13,1,5.00,8569.05,0.02,0.07,R,F,1994-01-24,1994-02-11,1994-02-10,TAKE BACK RETURN,SHIP,thely alongside 
9031-2,9031,1466,67,2,48.00,65638.08,0.06,0.07,R,F,1994-04-05,1994-03-14,1994-04-18,DELIVER IN PERSON,REG AIR,nusual packages. slyly regular re
9031-3,9031,1052,88,3,19.00,18107.95,0.10,0.03,R,F,1994-03-18,1994-02-17,1994-04-10,TAKE BACK RETURN,RAIL,ely. regular ideas detect above the
9031-4,9031,1044,50,4,21.00,19845.84,0.09,0.08,R,F,1994-03-07,1994-02-24,1994-03-22,COLLECT COD,FOB,. regular ideas slee
9031-5,9031,1879,23,5,33.00,58768.71,0.01,0.03,A,F,1994-04-15,1994-03-12,1994-05-06,COLLECT COD,MAIL, slyly. carefu
9031-6,9031,560,51,6,49.00,71567.44,0.10,0.00,A,F,1994-02-21,1994-03-20,1994-03-08,COLLECT COD,RAIL, requests are f
9031-7,9031,1600,41,7,24.00,36038.40,0.03,0.00,A,F,1993-12-31,1994-03-11,1994-01-29,DELIVER IN PERSON,SHIP, ironic forges after the s
9056-1,9056,1595,36,1,34.00,50884.06,0.07,0.07,N,O,1996-09-20,1996-10-18,1996-09-30,DELIVER IN PERSON,REG AIR,carefully even packages. fl
9056-2,9056,1528,69,2,43.00,61469.36,0.01,0.05,N,O,1996-10-24,1996-10-06,1996-11-19,TAKE BACK RETURN,AIR,lar deposits. slyly ironic decoy
9056-3,9056,973,42,3,19.00,35605.43,0.06,0.05,N,O,1996-09-09,1996-10-19,1996-09-20,NONE,MAIL,es integra
9056-4,9056,1093,94,4,5.00,4970.45,0.02,0.06,N,O,1996-10-23,1996-09-19,1996-11-08,NONE,REG AIR,ounts cajole across the bold excu
9056-5,9056,1228,3,5,13.00,14679.86,0.03,0.07,N,O,1996-08-28,1996-09-24,1996-09-12,DELIVER IN PERSON,FOB,"s are quickly special, pending acco"
9057-1,9057,247,48,1,35.00,40153.40,0.07,0.05,R,F,1994-11-06,1995-01-15,1994-11-18,NONE,SHIP,g accounts affix daring ideas. furious
9057-2,9057,1686,69,2,41.00,65094.88,0.09,0.03,A,F,1995-01-26,1995-01-24,1995-02-09,DELIVER IN PERSON,REG AIR, accounts-- fluffily even platelets cajo
9057-3,9057,901,4,3,45.00,81085.50,0.02,0.01,A,F,1994-12-08,1995-01-10,1994-12-27,NONE,TRUCK, attainments. slyly regular
9057-4,9057,856,56,4,17.00,29866.45,0.06,0.00,A,F,1995-03-03,1994-12-29,1995-03-29,NONE,SHIP,nt somas wake blithely slyly
9057-5,9057,147,26,5,17.00,17801.38,0.05,0.06,R,F,1995-01-22,1995-01-16,1995-02-12,COLLECT COD,FOB,"ently even deposits. even, idle accounts "
9057-6,9057,1325,26,6,9.00,11036.88,0.07,0.06,R,F,1994-12-30,1994-12-27,1995-01-07,DELIVER IN PERSON,REG AIR,al accounts according to the fur
9057-7,9057,760,93,7,48.00,79716.48,0.01,0.05,R,F,1995-02-04,1994-12-31,1995-02-19,DELIVER IN PERSON,FOB,refully at the spec
9058-1,9058,1589,70,1,41.00,61113.78,0.07,0.08,A,F,1993-09-11,1993-09-25,1993-09-17,COLLECT COD,SHIP,sual requests. slyly ir
9058-2,9058,1230,5,2,2.00,2262.46,0.08,0.00,A,F,1993-09-02,1993-09-26,1993-10-01,TAKE BACK RETURN,AIR,ully above the final ac
9059-1,9059,1528,69,1,50.00,71476.00,0.06,0.03,N,O,1996-08-11,1996-09-17,1996-09-02,NONE,FOB,ges sleep above the blithe
9059-2,9059,313,70,2,20.00,24266.20,0.02,0.01,N,O,1996-11-22,1996-10-06,1996-11-23,TAKE BACK RETURN,MAIL,lyly pending accounts. slyly even 
9059-3,9059,898,32,3,29.00,52167.81,0.10,0.03,N,O,1996-09-06,1996-10-14,1996-09-10,NONE,TRUCK,eas: instructions wake fu
9059-4,9059,1540,61,4,24.00,34596.96,0.05,0.08,N,O,1996-09-23,1996-10-18,1996-10-03,TAKE BACK RETURN,AIR, theodolites. silent foxes are furiously bo
9059-5,9059,1783,10,5,6.00,10108.68,0.00,0.04,N,O,1996-11-25,1996-10-15,1996-12-06,TAKE BACK RETURN,SHIP, the slyly special deposits. furiously re
9060-1,9060,1665,7,1,11.00,17233.26,0.10,0.02,N,O,1996-06-21,1996-07-23,1996-07-02,COLLECT COD,REG AIR,to the even instructions affix carefull
9060-2,9060,1311,12,2,12.00,14547.72,0.06,0.02,N,O,1996-09-02,1996-07-11,1996-09-07,NONE,MAIL,"nst the express accounts? final, express th"
9060-3,9060,1610,34,3,10.00,15116.10,0.04,0.07,N,O,1996-08-21,1996-08-01,1996-09-01,NONE,FOB,. slyly express instructions cajole above t
9061-1,9061,1812,99,1,23.00,39417.63,0.00,0.08,N,O,1996-03-31,1996-02-27,1996-04-25,NONE,TRUCK,ggle closely quickly final depos
9061-2,9061,1104,13,2,24.00,24122.40,0.04,0.02,N,O,1996-04-08,1996-03-15,1996-05-02,NONE,RAIL,luffily final dependencies 
9062-1,9062,1597,18,1,34.00,50952.06,0.09,0.03,R,F,1995-03-28,1995-05-07,1995-04-25,DELIVER IN PERSON,SHIP, accounts. spe
9062-2,9062,1254,55,2,13.00,15018.25,0.06,0.07,N,F,1995-06-08,1995-05-26,1995-06-22,NONE,SHIP,fully regular accounts are final 
9062-3,9062,1486,4,3,9.00,12487.32,0.04,0.07,N,O,1995-07-06,1995-05-24,1995-07-21,COLLECT COD,FOB,y regular depths. fu
9062-4,9062,550,51,4,46.00,66725.30,0.04,0.04,A,F,1995-03-22,1995-04-22,1995-04-03,TAKE BACK RETURN,MAIL,its sleep fu
9062-5,9062,1443,61,5,50.00,67222.00,0.08,0.01,R,F,1995-03-28,1995-05-18,1995-04-23,TAKE BACK RETURN,AIR,lyly ironic platelets alon
9062-6,9062,641,73,6,5.00,7708.20,0.00,0.03,R,F,1995-04-02,1995-06-02,1995-04-20,NONE,RAIL,e carefully. fu
9063-1,9063,1750,77,1,31.00,51204.25,0.06,0.06,N,O,1997-06-05,1997-04-29,1997-06-27,COLLECT COD,FOB,furiously final pinto be
9088-1,9088,1749,92,1,49.00,80886.26,0.09,0.00,A,F,1994-09-14,1994-08-30,1994-10-03,TAKE BACK RETURN,RAIL, final instructions sleep? blithe
9088-2,9088,131,84,2,42.00,43307.46,0.02,0.02,A,F,1994-10-14,1994-09-06,1994-11-01,COLLECT COD,SHIP, express decoys. bold ideas wake
9088-3,9088,686,49,3,31.00,49187.08,0.09,0.08,A,F,1994-10-18,1994-09-10,1994-10-25,TAKE BACK RETURN,FOB," blithely final, regular forges."
9088-4,9088,77,3,4,13.00,12701.91,0.02,0.08,R,F,1994-09-20,1994-08-17,1994-10-06,NONE,REG AIR, about the slyly final accoun
9088-5,9088,342,27,5,39.00,48451.26,0.08,0.02,R,F,1994-08-10,1994-08-31,1994-08-17,COLLECT COD,TRUCK,usual accounts should 
9089-1,9089,1048,19,1,28.00,26573.12,0.06,0.02,R,F,1993-06-23,1993-08-05,1993-07-17,COLLECT COD,SHIP,gle furiousl
9089-2,9089,761,94,2,8.00,13294.08,0.05,0.08,A,F,1993-06-14,1993-07-31,1993-07-05,DELIVER IN PERSON,TRUCK,r foxes along the regul
9090-1,9090,1141,14,1,10.00,10421.40,0.10,0.05,N,O,1997-03-15,1997-02-14,1997-03-25,NONE,REG AIR,"egular, even instr"
9091-1,9091,911,46,1,4.00,7247.64,0.04,0.06,R,F,1993-12-06,1994-01-08,1993-12-24,TAKE BACK RETURN,FOB,packages try to 
9091-2,9091,1959,92,2,48.00,89325.60,0.09,0.01,R,F,1993-12-22,1994-01-29,1994-01-14,COLLECT COD,REG AIR,ld foxes. furiously silent plate
9091-3,9091,1554,55,3,36.00,52399.80,0.01,0.03,A,F,1993-12-12,1993-12-24,1994-01-08,DELIVER IN PERSON,TRUCK,ctions haggl
9091-4,9091,1944,45,4,18.00,33226.92,0.10,0.02,R,F,1994-02-14,1994-01-26,1994-02-19,COLLECT COD,SHIP,"ets. regular, even "
9091-5,9091,1794,21,5,25.00,42394.75,0.01,0.00,A,F,1994-03-01,1993-12-25,1994-03-23,DELIVER IN PERSON,TRUCK,cial requests. 
9091-6,9091,1154,27,6,26.00,27433.90,0.06,0.04,R,F,1993-12-05,1994-02-02,1993-12-10,NONE,TRUCK,against the iron
9092-1,9092,996,99,1,19.00,36042.81,0.03,0.07,A,F,1994-08-10,1994-09-15,1994-08-15,COLLECT COD,RAIL,ily thin asymptote
9092-2,9092,1672,55,2,19.00,29899.73,0.04,0.01,R,F,1994-11-10,1994-10-14,1994-11-24,NONE,RAIL,quickly alongside of the 
9092-3,9092,130,57,3,33.00,33994.29,0.03,0.05,R,F,1994-10-22,1994-10-08,1994-11-10,DELIVER IN PERSON,MAIL,into beans haggle furiously. carefu
9092-4,9092,709,74,4,14.00,22535.80,0.03,0.01,A,F,1994-09-29,1994-10-03,1994-10-29,TAKE BACK RETURN,FOB,y. slyly pending pint
9092-5,9092,1616,40,5,11.00,16693.71,0.05,0.04,R,F,1994-10-10,1994-09-14,1994-10-30,TAKE BACK RETURN,AIR,ests cajole furiously regular 
9092-6,9092,922,91,6,15.00,27343.80,0.00,0.08,A,F,1994-09-19,1994-09-17,1994-09-30,TAKE BACK RETURN,RAIL, accounts are according to the slyly even
9092-7,9092,1058,29,7,37.00,35484.85,0.05,0.00,A,F,1994-08-01,1994-09-25,1994-08-05,COLLECT COD,AIR,long the slyly ironic accounts unwind sl
9093-1,9093,1122,31,1,19.00,19439.28,0.02,0.02,N,O,1996-03-25,1996-02-11,1996-04-20,TAKE BACK RETURN,SHIP,"ecial, bold dependencies. req"
9094-1,9094,578,69,1,32.00,47314.24,0.04,0.03,N,O,1998-07-09,1998-08-19,1998-07-30,TAKE BACK RETURN,MAIL,. fluffily bold instructi
9095-1,9095,273,1,1,43.00,50450.61,0.01,0.00,N,O,1995-09-05,1995-08-30,1995-09-16,COLLECT COD,MAIL,ar deposits. even packages 
9120-1,9120,1568,49,1,5.00,7347.80,0.00,0.07,A,F,1992-08-03,1992-07-26,1992-08-21,COLLECT COD,MAIL,equests detect quickly accordin
9120-2,9120,1919,20,2,4.00,7283.64,0.06,0.04,A,F,1992-09-09,1992-08-04,1992-10-02,TAKE BACK RETURN,TRUCK,e slyly sly dolphins cajole along t
9120-3,9120,668,31,3,24.00,37647.84,0.03,0.04,R,F,1992-08-05,1992-08-18,1992-08-08,COLLECT COD,AIR,inal packages detect by the forges. 
9120-4,9120,1048,54,4,21.00,19929.84,0.07,0.02,A,F,1992-07-03,1992-08-14,1992-07-16,COLLECT COD,TRUCK,olites. instructio
9120-5,9120,1021,92,5,15.00,13830.30,0.02,0.07,A,F,1992-10-04,1992-09-12,1992-10-27,NONE,SHIP,beans. slyly final courts doze slyly. un
9120-6,9120,597,58,6,22.00,32946.98,0.02,0.04,A,F,1992-07-19,1992-08-29,1992-07-27,DELIVER IN PERSON,RAIL,uriously regular deposits. carefully
9120-7,9120,622,85,7,6.00,9135.72,0.04,0.00,A,F,1992-08-05,1992-09-04,1992-08-14,COLLECT COD,FOB,he brave theodolites doub
9121-1,9121,152,5,1,49.00,51555.35,0.03,0.07,N,O,1996-07-24,1996-08-04,1996-08-01,NONE,AIR,. blithely fina
9121-2,9121,1406,85,2,30.00,39222.00,0.02,0.07,N,O,1996-10-31,1996-08-15,1996-11-20,DELIVER IN PERSON,RAIL,posits nag! special dolphins
9122-1,9122,1920,53,1,40.00,72876.80,0.06,0.00,N,O,1997-01-30,1997-02-10,1997-02-09,DELIVER IN PERSON,SHIP,ctions. quickly unusua
9122-2,9122,491,92,2,42.00,58442.58,0.03,0.07,N,O,1997-04-01,1997-01-19,1997-04-28,DELIVER IN PERSON,SHIP,uests are f
9122-3,9122,950,85,3,16.00,29615.20,0.06,0.04,N,O,1997-03-06,1997-01-24,1997-03-25,TAKE BACK RETURN,SHIP, quickly. express accounts use
9122-4,9122,219,20,4,29.00,32457.09,0.04,0.07,N,O,1997-02-23,1997-02-26,1997-03-07,NONE,SHIP, x-ray carefully after the 
9122-5,9122,1776,61,5,28.00,46977.56,0.09,0.01,N,O,1997-03-22,1997-02-09,1997-04-20,NONE,TRUCK, slyly final instructions use among the
9123-1,9123,1570,91,1,5.00,7357.85,0.05,0.01,R,F,1993-07-07,1993-08-16,1993-07-29,NONE,AIR, foxes dazzle blithely a
9123-2,9123,1623,65,2,32.00,48787.84,0.02,0.00,A,F,1993-08-04,1993-09-01,1993-08-27,NONE,FOB,ely above the regular
9123-3,9123,58,9,3,7.00,6706.35,0.00,0.06,R,F,1993-07-20,1993-09-05,1993-08-01,DELIVER IN PERSON,AIR,eep furiously carefull
9123-4,9123,527,88,4,2.00,2855.04,0.10,0.01,A,F,1993-08-10,1993-09-17,1993-08-31,COLLECT COD,AIR,eas use permanently. blithely expre
9124-1,9124,1691,33,1,16.00,25483.04,0.04,0.07,N,O,1995-12-24,1996-01-10,1996-01-07,COLLECT COD,AIR,efully pending foxes. accounts
9124-2,9124,244,99,2,3.00,3432.72,0.04,0.02,N,O,1995-10-28,1995-12-13,1995-10-31,COLLECT COD,MAIL,unts. carefully unusual pinto beans sleep
9124-3,9124,1865,66,3,46.00,81275.56,0.03,0.08,N,O,1995-12-28,1995-12-08,1996-01-15,TAKE BACK RETURN,MAIL," unusual, final dep"
9124-4,9124,26,52,4,2.00,1852.04,0.07,0.02,N,O,1995-12-10,1995-12-31,1995-12-12,TAKE BACK RETURN,FOB,ckages nag bli
9124-5,9124,1346,23,5,19.00,23699.46,0.09,0.03,N,O,1995-11-13,1995-11-28,1995-12-05,TAKE BACK RETURN,SHIP,"sits. ironic, final request"
9124-6,9124,1840,27,6,21.00,36578.64,0.07,0.03,N,O,1995-12-27,1995-12-16,1996-01-03,DELIVER IN PERSON,TRUCK,n blithely: quickly final th
9125-1,9125,1888,32,1,5.00,8949.40,0.07,0.05,N,O,1998-07-11,1998-07-31,1998-07-21,TAKE BACK RETURN,MAIL,"s are quickly. pending, pending accounts w"
9125-2,9125,470,29,2,8.00,10963.76,0.06,0.06,N,O,1998-08-01,1998-07-28,1998-08-25,TAKE BACK RETURN,TRUCK,lphins dazzle across 
9125-3,9125,1232,70,3,14.00,15865.22,0.08,0.07,N,O,1998-06-05,1998-08-05,1998-06-11,TAKE BACK RETURN,AIR," grouches. regular, bold requests around th"
9125-4,9125,1709,94,4,42.00,67649.40,0.05,0.04,N,O,1998-09-07,1998-08-20,1998-09-11,TAKE BACK RETURN,SHIP,ar request
9125-5,9125,901,36,5,11.00,19820.90,0.03,0.02,N,O,1998-06-06,1998-08-27,1998-06-08,COLLECT COD,REG AIR, nag deposits. fl
9125-6,9125,881,81,6,25.00,44547.00,0.09,0.03,N,O,1998-09-11,1998-07-30,1998-09-29,TAKE BACK RETURN,MAIL, hang carefully. slyly 
9125-7,9125,371,100,7,26.00,33055.62,0.05,0.02,N,O,1998-07-16,1998-08-10,1998-07-18,DELIVER IN PERSON,SHIP,ep slyly among the final asymptotes
9126-1,9126,585,46,1,28.00,41596.24,0.05,0.03,R,F,1995-01-05,1995-02-03,1995-01-26,TAKE BACK RETURN,SHIP,s. fluffily ironic theodolites promise. spe
9126-2,9126,736,69,2,40.00,65469.20,0.02,0.02,A,F,1995-01-03,1995-02-14,1995-01-17,TAKE BACK RETURN,REG AIR,ions doubt 
9127-1,9127,1997,98,1,23.00,43676.77,0.05,0.00,N,O,1995-12-05,1995-11-17,1995-12-19,TAKE BACK RETURN,SHIP,d cajole furiou
9127-2,9127,1310,87,2,33.00,39973.23,0.08,0.02,N,O,1995-11-09,1995-12-08,1995-11-10,COLLECT COD,SHIP,bold instructions ha
9152-1,9152,1446,86,1,20.00,26948.80,0.03,0.00,A,F,1993-08-29,1993-10-18,1993-09-03,DELIVER IN PERSON,RAIL,bove the carefully ironi
9152-2,9152,1010,46,2,8.00,7288.08,0.00,0.06,R,F,1993-11-14,1993-11-02,1993-12-13,TAKE BACK RETURN,MAIL,uriously special accounts. pend
9152-3,9152,378,63,3,32.00,40907.84,0.02,0.04,R,F,1993-09-03,1993-11-04,1993-09-18,TAKE BACK RETURN,REG AIR,s. carefully unusual excuses slee
9152-4,9152,346,3,4,46.00,57331.64,0.07,0.01,A,F,1993-09-06,1993-10-02,1993-09-28,NONE,REG AIR,eodolites try to wake furiously iron
9153-1,9153,991,60,1,41.00,77571.59,0.02,0.04,N,O,1997-09-08,1997-10-05,1997-09-24,DELIVER IN PERSON,RAIL,. pending instructions use furious
9153-2,9153,1485,3,2,29.00,40207.92,0.00,0.08,N,O,1997-07-27,1997-08-22,1997-08-03,DELIVER IN PERSON,TRUCK,e quickly express f
9153-3,9153,822,89,3,5.00,8614.10,0.07,0.00,N,O,1997-08-10,1997-09-17,1997-09-02,TAKE BACK RETURN,MAIL,lyly ironic pint
9153-4,9153,1554,95,4,40.00,58222.00,0.08,0.00,N,O,1997-10-13,1997-08-21,1997-10-15,NONE,MAIL,the furiousl
9153-5,9153,1275,76,5,18.00,21172.86,0.08,0.01,N,O,1997-09-13,1997-10-11,1997-09-14,COLLECT COD,FOB,ong the final excuses. qui
9153-6,9153,1402,3,6,5.00,6517.00,0.03,0.03,N,O,1997-08-14,1997-10-14,1997-09-02,COLLECT COD,SHIP,xpress requ
9154-1,9154,866,100,1,45.00,79508.70,0.06,0.06,N,O,1997-09-24,1997-08-11,1997-10-14,NONE,FOB,orses. quickly even packages engage careful
9154-2,9154,143,22,2,7.00,7301.98,0.09,0.05,N,O,1997-09-28,1997-09-21,1997-10-27,TAKE BACK RETURN,SHIP,ts after the idl
9154-3,9154,534,65,3,46.00,65988.38,0.04,0.01,N,O,1997-07-18,1997-08-22,1997-07-31,NONE,MAIL," over the bold, unusual theodolites. i"
9154-4,9154,1967,100,4,31.00,57937.76,0.00,0.00,N,O,1997-08-28,1997-07-29,1997-09-07,NONE,AIR,g. furiously pending foxes maintain f
9154-5,9154,1770,13,5,12.00,20061.24,0.00,0.00,N,O,1997-08-20,1997-07-26,1997-09-17,NONE,RAIL,are fluffily above the blithely express de
9154-6,9154,1403,43,6,40.00,52176.00,0.03,0.02,N,O,1997-06-24,1997-09-03,1997-07-24,COLLECT COD,TRUCK,g the braids
9154-7,9154,1735,36,7,47.00,76926.31,0.04,0.05,N,O,1997-07-07,1997-09-07,1997-07-25,DELIVER IN PERSON,SHIP,s. final theodolites sleep car
9155-1,9155,1294,32,1,10.00,11952.90,0.04,0.03,R,F,1992-11-01,1992-10-23,1992-11-23,DELIVER IN PERSON,AIR,c requests sleep blithely s
9155-2,9155,1311,12,2,44.00,53341.64,0.02,0.02,A,F,1992-11-09,1992-11-20,1992-11-20,COLLECT COD,TRUCK,pecial theodolites after the neve
9155-3,9155,357,86,3,14.00,17602.90,0.01,0.04,A,F,1992-10-02,1992-10-21,1992-10-23,TAKE BACK RETURN,REG AIR,yly ironic requests x-ray among th
9156-1,9156,929,98,1,5.00,9149.60,0.06,0.01,A,F,1994-05-31,1994-03-20,1994-06-03,NONE,REG AIR,ly special th
9156-2,9156,1762,47,2,22.00,36602.72,0.03,0.00,R,F,1994-02-08,1994-04-01,1994-02-24,DELIVER IN PERSON,AIR,ideas wake a
9156-3,9156,137,64,3,15.00,15556.95,0.05,0.00,A,F,1994-03-29,1994-05-01,1994-04-06,NONE,SHIP,lly ironic accounts? carefully pendi
9156-4,9156,1191,28,4,35.00,38226.65,0.07,0.05,A,F,1994-05-31,1994-03-24,1994-06-20,TAKE BACK RETURN,FOB,lly even ideas haggle 
9156-5,9156,517,18,5,28.00,39690.28,0.03,0.01,A,F,1994-05-08,1994-04-04,1994-05-25,TAKE BACK RETURN,FOB,the bold pinto beans wake above the care
9157-1,9157,147,48,1,3.00,3141.42,0.10,0.00,A,F,1992-08-27,1992-07-26,1992-09-11,TAKE BACK RETURN,MAIL, sleep. deposits wake carefully. special 
9157-2,9157,1909,54,2,28.00,50705.20,0.09,0.08,A,F,1992-06-27,1992-08-24,1992-07-12,NONE,RAIL,"uriously after the special, speci"
9158-1,9158,1843,44,1,32.00,55834.88,0.06,0.05,N,F,1995-06-13,1995-06-19,1995-07-02,DELIVER IN PERSON,MAIL,ly fluffy dep
9158-2,9158,445,4,2,1.00,1345.44,0.07,0.00,A,F,1995-05-10,1995-06-27,1995-05-24,DELIVER IN PERSON,AIR, packages wake within the quickly ex
9158-3,9158,422,52,3,33.00,43639.86,0.10,0.03,N,F,1995-06-02,1995-07-02,1995-06-20,TAKE BACK RETURN,SHIP,ously regular foxes sleep slyly across the
9159-1,9159,13,39,1,34.00,31042.34,0.03,0.05,N,O,1995-08-22,1995-10-18,1995-09-04,DELIVER IN PERSON,MAIL,"e unusual, unu"
9159-2,9159,1177,50,2,8.00,8625.36,0.06,0.08,N,O,1995-08-16,1995-09-20,1995-09-09,DELIVER IN PERSON,AIR, deposits. furiously express
9159-3,9159,1209,47,3,49.00,54399.80,0.07,0.05,N,O,1995-09-06,1995-09-06,1995-09-28,TAKE BACK RETURN,MAIL,olites. slyly express forges accordin
9159-4,9159,1426,27,4,5.00,6637.10,0.09,0.01,N,O,1995-08-04,1995-09-19,1995-08-17,COLLECT COD,REG AIR,ar courts lose carefully across the ca
9184-1,9184,1182,55,1,46.00,49826.28,0.01,0.04,N,O,1997-09-07,1997-09-30,1997-10-03,NONE,SHIP,"yly asymptotes. final, expre"
9184-2,9184,103,56,2,1.00,1003.10,0.05,0.02,N,O,1997-11-15,1997-09-08,1997-12-12,COLLECT COD,SHIP,ecial courts hagg
9184-3,9184,574,75,3,3.00,4423.71,0.10,0.02,N,O,1997-08-26,1997-10-07,1997-09-08,TAKE BACK RETURN,REG AIR, wake slyly along the 
9185-1,9185,1380,81,1,32.00,41004.16,0.08,0.08,R,F,1994-07-12,1994-07-24,1994-07-20,DELIVER IN PERSON,AIR,nal pinto beans
9185-2,9185,1840,41,2,14.00,24385.76,0.06,0.02,R,F,1994-08-19,1994-07-30,1994-09-15,TAKE BACK RETURN,REG AIR,"refully final, bold ideas. carefully pe"
9186-1,9186,549,10,1,48.00,69577.92,0.05,0.06,A,F,1992-05-10,1992-05-03,1992-05-19,TAKE BACK RETURN,SHIP,endencies. furiously
9186-2,9186,424,54,2,45.00,59598.90,0.07,0.06,R,F,1992-04-30,1992-05-10,1992-05-13,TAKE BACK RETURN,REG AIR,regular deposits. ironic excuses cajo
9186-3,9186,136,15,3,5.00,5180.65,0.07,0.03,R,F,1992-07-01,1992-06-27,1992-07-03,TAKE BACK RETURN,REG AIR,instructions. carefully sile
9186-4,9186,653,54,4,22.00,34180.30,0.03,0.03,R,F,1992-05-30,1992-06-01,1992-06-18,COLLECT COD,TRUCK,"its? even, even instructions against the"
9187-1,9187,256,84,1,45.00,52031.25,0.00,0.06,R,F,1994-11-21,1994-11-06,1994-12-17,TAKE BACK RETURN,FOB,riously foxes. quick
9187-2,9187,1618,42,2,49.00,74460.89,0.05,0.02,R,F,1994-09-21,1994-11-04,1994-10-12,COLLECT COD,AIR,the quickly
9187-3,9187,964,65,3,24.00,44759.04,0.03,0.01,A,F,1994-10-30,1994-11-11,1994-11-24,TAKE BACK RETURN,MAIL,e quickly even d
9187-4,9187,236,18,4,36.00,40904.28,0.00,0.01,R,F,1994-11-12,1994-09-27,1994-11-21,TAKE BACK RETURN,TRUCK,counts affix fluffily
9188-1,9188,253,8,1,38.00,43823.50,0.05,0.08,N,O,1998-01-28,1998-04-16,1998-02-12,TAKE BACK RETURN,TRUCK,lar dependencies. quietly pendin
9188-2,9188,1009,45,2,13.00,11830.00,0.06,0.00,N,O,1998-05-24,1998-03-02,1998-06-12,NONE,AIR,"sual, express dependenci"
9188-3,9188,574,35,3,23.00,33915.11,0.07,0.06,N,O,1998-04-01,1998-03-18,1998-04-21,COLLECT COD,SHIP, furiously doggedly ironic
9188-4,9188,714,79,4,38.00,61358.98,0.09,0.03,N,O,1998-03-27,1998-04-16,1998-03-31,NONE,REG AIR,since the final dep
9188-5,9188,1655,79,5,50.00,77832.50,0.09,0.05,N,O,1998-02-23,1998-04-13,1998-03-23,NONE,MAIL,"al instructions. bold, ex"
9188-6,9188,854,21,6,2.00,3509.70,0.07,0.06,N,O,1998-03-10,1998-04-01,1998-04-04,TAKE BACK RETURN,MAIL, the ironic packages. reque
9189-1,9189,1531,52,1,44.00,63031.32,0.09,0.00,N,O,1996-12-30,1997-01-12,1997-01-26,TAKE BACK RETURN,SHIP,ckey players-- 
9189-2,9189,1904,5,2,27.00,48759.30,0.00,0.07,N,O,1997-03-16,1997-01-25,1997-03-27,DELIVER IN PERSON,SHIP, regularly enticing excuses cajole 
9190-1,9190,797,94,1,30.00,50933.70,0.02,0.07,N,O,1998-05-01,1998-05-14,1998-05-12,NONE,RAIL,xes wake bl
9190-2,9190,1045,16,2,27.00,25543.08,0.08,0.02,N,O,1998-04-12,1998-05-25,1998-04-28,DELIVER IN PERSON,MAIL, final dependenc
9190-3,9190,1643,85,3,33.00,50973.12,0.09,0.04,N,O,1998-05-08,1998-05-20,1998-06-01,COLLECT COD,MAIL,quests-- ironic instructions across t
9190-4,9190,1224,62,4,44.00,49509.68,0.01,0.05,N,O,1998-04-29,1998-05-19,1998-05-29,TAKE BACK RETURN,FOB,ironic warthogs among the f
9190-5,9190,406,65,5,40.00,52256.00,0.01,0.06,N,O,1998-03-11,1998-04-06,1998-04-10,COLLECT COD,RAIL,kly. carefully busy id
9190-6,9190,1889,76,6,24.00,42981.12,0.05,0.00,N,O,1998-04-11,1998-04-16,1998-04-19,TAKE BACK RETURN,FOB,pinto beans are carefully 
9191-1,9191,412,71,1,17.00,22310.97,0.06,0.01,N,O,1996-06-17,1996-06-15,1996-07-02,DELIVER IN PERSON,MAIL,ep quietly furiously bold p
9216-1,9216,1329,30,1,43.00,52903.76,0.00,0.04,N,O,1995-07-27,1995-05-17,1995-08-13,TAKE BACK RETURN,MAIL,arefully even deposits about 
9216-2,9216,1686,28,2,22.00,34928.96,0.06,0.03,N,O,1995-07-13,1995-05-23,1995-08-11,COLLECT COD,REG AIR,ironic packages use carefully about the reg
9216-3,9216,1894,24,3,31.00,55672.59,0.00,0.05,N,O,1995-07-12,1995-06-13,1995-07-19,COLLECT COD,SHIP,e carefully behind the packages. 
9217-1,9217,1141,78,1,26.00,27095.64,0.09,0.08,N,O,1997-07-30,1997-08-16,1997-08-20,DELIVER IN PERSON,RAIL,ackages wake about the car
9217-2,9217,58,59,2,5.00,4790.25,0.06,0.02,N,O,1997-08-22,1997-08-24,1997-08-30,NONE,RAIL,uctions cajole carefully ag
9217-3,9217,1534,35,3,34.00,48808.02,0.04,0.05,N,O,1997-07-06,1997-08-14,1997-07-19,TAKE BACK RETURN,AIR,gular depo
9217-4,9217,93,19,4,37.00,36744.33,0.01,0.01,N,O,1997-06-21,1997-07-14,1997-07-21,DELIVER IN PERSON,TRUCK,"nal, even sauternes. doggedly e"
9218-1,9218,513,4,1,14.00,19789.14,0.10,0.00,N,O,1997-12-22,1998-02-10,1997-12-26,COLLECT COD,MAIL,counts. carefull
9218-2,9218,374,31,2,11.00,14018.07,0.03,0.00,N,O,1998-03-31,1998-02-20,1998-04-02,DELIVER IN PERSON,RAIL, theodolites. ironic asymptotes cajole 
9219-1,9219,1277,78,1,29.00,34169.83,0.00,0.06,R,F,1995-01-21,1994-11-10,1995-02-02,COLLECT COD,MAIL,onic deposits mold 
9219-2,9219,376,33,2,26.00,33185.62,0.00,0.01,R,F,1995-01-25,1994-11-23,1995-02-10,DELIVER IN PERSON,AIR,arefully s
9219-3,9219,1962,63,3,37.00,68966.52,0.02,0.02,R,F,1994-10-08,1994-12-10,1994-10-12,DELIVER IN PERSON,MAIL,final instructions. carefully fi
9219-4,9219,1244,19,4,19.00,21759.56,0.01,0.07,A,F,1994-11-13,1994-12-07,1994-12-13,NONE,RAIL,ironic ideas. carefully p
9219-5,9219,736,1,5,28.00,45828.44,0.10,0.06,R,F,1994-12-26,1994-12-18,1995-01-09,COLLECT COD,AIR,lly unusual accounts whithout the caref
9220-1,9220,1125,62,1,1.00,1026.12,0.07,0.04,N,O,1998-07-06,1998-07-06,1998-08-03,DELIVER IN PERSON,AIR,accounts. furiously iron
9221-1,9221,1885,29,1,43.00,76835.84,0.00,0.02,R,F,1995-03-30,1995-03-26,1995-04-15,NONE,REG AIR, regular requests poach slyly around
9221-2,9221,1580,1,2,41.00,60744.78,0.09,0.06,R,F,1995-02-19,1995-02-27,1995-02-25,TAKE BACK RETURN,RAIL,he fluffily express requests. carefully eve
9221-3,9221,1496,36,3,49.00,68477.01,0.08,0.04,R,F,1995-03-20,1995-02-11,1995-04-03,NONE,MAIL,sly ironic deposits.
9221-4,9221,729,62,4,43.00,70077.96,0.04,0.06,A,F,1995-04-16,1995-03-22,1995-04-29,TAKE BACK RETURN,MAIL,arefully carefully enticing foxes. f
9222-1,9222,237,38,1,38.00,43214.74,0.03,0.08,A,F,1994-04-24,1994-03-30,1994-05-03,TAKE BACK RETURN,AIR,press requests against the sly
9222-2,9222,948,17,2,49.00,90598.06,0.03,0.01,A,F,1994-03-07,1994-05-02,1994-03-25,NONE,TRUCK,ckly pending pearls. 
9222-3,9222,705,6,3,50.00,80285.00,0.08,0.01,A,F,1994-02-22,1994-03-24,1994-03-23,NONE,FOB,rly quiet warhors
9222-4,9222,1946,79,4,1.00,1847.94,0.05,0.02,A,F,1994-02-23,1994-03-17,1994-03-12,NONE,SHIP,as. blithely pending accounts detect re
9222-5,9222,971,6,5,26.00,48671.22,0.06,0.05,A,F,1994-04-30,1994-03-31,1994-05-11,TAKE BACK RETURN,REG AIR,ully even fo
9223-1,9223,721,18,1,5.00,8108.60,0.08,0.08,N,O,1997-10-24,1997-09-22,1997-11-06,NONE,TRUCK,sts are around the 
9223-2,9223,1016,87,2,37.00,33929.37,0.08,0.08,N,O,1997-11-10,1997-10-31,1997-11-28,DELIVER IN PERSON,TRUCK,s asymptotes play carefully slyly
9223-3,9223,1176,85,3,43.00,46318.31,0.02,0.01,N,O,1997-11-02,1997-10-02,1997-11-26,TAKE BACK RETURN,SHIP, decoys affix for the ironic dependenc
9223-4,9223,1954,87,4,36.00,66814.20,0.03,0.04,N,O,1997-09-27,1997-10-19,1997-10-16,DELIVER IN PERSON,AIR, the final account
9223-5,9223,210,92,5,3.00,3330.63,0.03,0.02,N,O,1997-09-28,1997-09-22,1997-10-13,NONE,MAIL,e along the fin
9223-6,9223,1071,72,6,16.00,15553.12,0.02,0.00,N,O,1997-09-27,1997-10-12,1997-10-04,TAKE BACK RETURN,TRUCK, accounts. 
9223-7,9223,736,37,7,26.00,42554.98,0.03,0.02,N,O,1997-10-08,1997-09-12,1997-10-24,NONE,RAIL,nto beans grow carefully. regular i
9248-1,9248,1655,97,1,22.00,34246.30,0.07,0.00,R,F,1995-04-24,1995-02-08,1995-05-19,DELIVER IN PERSON,REG AIR,even ideas affix quickly final requ
9248-2,9248,366,23,2,8.00,10130.88,0.02,0.08,R,F,1995-01-08,1995-03-21,1995-01-14,NONE,AIR,ess packages across the regul
9248-3,9248,1723,24,3,26.00,42242.72,0.08,0.08,A,F,1995-04-14,1995-01-29,1995-05-10,COLLECT COD,MAIL,totes! carefully regular foxes boost slyl
9248-4,9248,1248,86,4,24.00,27581.76,0.07,0.03,A,F,1995-01-27,1995-03-11,1995-02-12,COLLECT COD,RAIL, decoys are a
9249-1,9249,178,5,1,36.00,38814.12,0.02,0.04,A,F,1993-06-03,1993-06-28,1993-06-29,DELIVER IN PERSON,FOB,usly quickly even ideas? thin 
9249-2,9249,259,41,2,36.00,41733.00,0.09,0.08,R,F,1993-06-30,1993-07-29,1993-07-07,COLLECT COD,FOB,ely even packages. quickly unu
9249-3,9249,1515,96,3,15.00,21247.65,0.02,0.01,R,F,1993-05-29,1993-07-16,1993-06-26,COLLECT COD,SHIP,ve the carefully regular pack
9249-4,9249,310,39,4,28.00,33888.68,0.00,0.01,A,F,1993-05-23,1993-06-22,1993-05-26,NONE,MAIL,inal foxes boost 
9249-5,9249,1889,33,5,15.00,26863.20,0.07,0.04,R,F,1993-06-01,1993-06-29,1993-06-25,NONE,FOB,structions above the doggedly express dep
9250-1,9250,852,19,1,11.00,19281.35,0.02,0.08,R,F,1992-08-17,1992-09-14,1992-08-28,TAKE BACK RETURN,TRUCK,iously silent theo
9250-2,9250,1849,93,2,20.00,35016.80,0.09,0.05,A,F,1992-12-08,1992-09-18,1992-12-26,COLLECT COD,REG AIR,unusual packages
9250-3,9250,1101,74,3,15.00,15031.50,0.02,0.08,R,F,1992-09-17,1992-09-30,1992-10-05,NONE,TRUCK,ly blithely special theodolites. busily u
9250-4,9250,1500,18,4,12.00,16818.00,0.07,0.01,A,F,1992-11-30,1992-10-31,1992-12-08,TAKE BACK RETURN,SHIP, furiously
9251-1,9251,103,30,1,29.00,29089.90,0.03,0.06,R,F,1993-12-19,1993-10-12,1994-01-04,TAKE BACK RETURN,RAIL, theodolites among the carefully special 
9252-1,9252,914,17,1,24.00,43557.84,0.08,0.03,N,O,1998-02-18,1998-02-07,1998-03-06,TAKE BACK RETURN,SHIP,totes sleep care
9252-2,9252,1475,15,2,9.00,12388.23,0.08,0.02,N,O,1998-03-17,1998-02-05,1998-04-16,DELIVER IN PERSON,FOB, to the asymptotes. e
9252-3,9252,1691,74,3,23.00,36631.87,0.01,0.02,N,O,1998-03-25,1998-02-14,1998-04-17,DELIVER IN PERSON,FOB,lyly final
9253-1,9253,1725,26,1,34.00,55308.48,0.10,0.07,A,F,1992-03-03,1992-04-25,1992-03-09,COLLECT COD,RAIL, among the slyly ironic 
9253-2,9253,1116,17,2,44.00,44752.84,0.03,0.06,R,F,1992-04-22,1992-04-09,1992-05-09,COLLECT COD,AIR,uriously slyly pending instructions. expr
9253-3,9253,1547,88,3,26.00,37662.04,0.09,0.06,A,F,1992-02-11,1992-03-28,1992-03-09,COLLECT COD,TRUCK,s haggle alongside of
9253-4,9253,1290,2,4,30.00,35738.70,0.03,0.01,R,F,1992-05-10,1992-03-09,1992-06-07,TAKE BACK RETURN,AIR,lly quickly silent foxes. f
9253-5,9253,184,11,5,23.00,24936.14,0.00,0.02,A,F,1992-02-08,1992-03-27,1992-02-19,TAKE BACK RETURN,RAIL,ng to the packa
9253-6,9253,1601,2,6,42.00,63109.20,0.08,0.03,A,F,1992-02-21,1992-04-14,1992-03-21,TAKE BACK RETURN,REG AIR,ter the furiously ironic 
9254-1,9254,1174,75,1,6.00,6451.02,0.05,0.03,R,F,1993-06-29,1993-07-11,1993-07-13,TAKE BACK RETURN,TRUCK,. special court
9254-2,9254,476,35,2,16.00,22023.52,0.05,0.01,A,F,1993-08-20,1993-07-11,1993-09-10,COLLECT COD,MAIL,"fily ironic ideas. special, r"
9254-3,9254,592,83,3,16.00,23881.44,0.03,0.03,R,F,1993-06-14,1993-07-02,1993-06-25,TAKE BACK RETURN,RAIL,pending accounts about the
9254-4,9254,779,12,4,3.00,5039.31,0.07,0.08,R,F,1993-06-07,1993-07-03,1993-06-16,NONE,REG AIR,lly bold reques
9255-1,9255,912,81,1,8.00,14503.28,0.06,0.03,N,O,1996-02-29,1996-01-26,1996-03-19,DELIVER IN PERSON,FOB,"onic, thin accou"
9255-2,9255,1373,50,2,49.00,62444.13,0.08,0.06,N,O,1996-03-26,1996-02-06,1996-04-10,DELIVER IN PERSON,MAIL, to the slyly pending accounts wake s
9255-3,9255,1916,61,3,36.00,65444.76,0.10,0.08,N,O,1995-12-15,1996-03-03,1995-12-27,COLLECT COD,SHIP, along the carefully bold 
9255-4,9255,52,53,4,16.00,15232.80,0.08,0.04,N,O,1996-02-16,1996-02-28,1996-02-17,TAKE BACK RETURN,TRUCK,deposits. slyly ironic requ
9280-1,9280,422,52,1,30.00,39672.60,0.03,0.05,N,O,1998-08-21,1998-07-31,1998-08-27,COLLECT COD,TRUCK,unts haggle slyly alon
9280-2,9280,608,9,2,21.00,31680.60,0.09,0.08,N,O,1998-09-19,1998-08-24,1998-09-22,NONE,MAIL,unts nag across the blithely r
9280-3,9280,1374,75,3,7.00,8927.59,0.05,0.02,N,O,1998-08-17,1998-07-20,1998-09-12,DELIVER IN PERSON,FOB,eposits. silent excuses along the blith
9280-4,9280,967,2,4,49.00,91530.04,0.10,0.01,N,O,1998-09-02,1998-09-10,1998-09-10,NONE,TRUCK,pending escapades. f
9280-5,9280,1824,25,5,36.00,62129.52,0.10,0.07,N,O,1998-09-07,1998-07-18,1998-09-14,COLLECT COD,REG AIR," to the even, ironic ide"
9280-6,9280,576,67,6,14.00,20671.98,0.07,0.04,N,O,1998-09-21,1998-08-16,1998-10-15,DELIVER IN PERSON,AIR,ut the carefully ironic packages boost bli
9280-7,9280,113,92,7,31.00,31406.41,0.03,0.05,N,O,1998-07-11,1998-08-02,1998-07-17,TAKE BACK RETURN,MAIL,ckly bold requests. f
9281-1,9281,1891,92,1,4.00,7171.56,0.05,0.05,R,F,1992-04-24,1992-05-20,1992-05-16,TAKE BACK RETURN,RAIL, slyly ironic accou
9281-2,9281,110,63,2,22.00,22222.42,0.01,0.07,A,F,1992-03-27,1992-04-22,1992-04-23,TAKE BACK RETURN,REG AIR,ructions shal
9281-3,9281,1092,98,3,26.00,25820.34,0.00,0.06,A,F,1992-04-08,1992-04-17,1992-04-15,COLLECT COD,MAIL,re around the car
9281-4,9281,137,90,4,48.00,49782.24,0.03,0.05,A,F,1992-06-18,1992-03-30,1992-06-21,TAKE BACK RETURN,FOB,he regularly regular requests
9281-5,9281,1201,76,5,26.00,28657.20,0.04,0.01,A,F,1992-05-09,1992-05-21,1992-06-01,NONE,TRUCK,es. blithely final deposits cajole. req
9281-6,9281,68,69,6,27.00,26137.62,0.04,0.00,R,F,1992-03-11,1992-04-13,1992-03-20,COLLECT COD,TRUCK,gs. express reque
9281-7,9281,1352,91,7,10.00,12533.50,0.09,0.02,R,F,1992-02-28,1992-05-05,1992-03-21,NONE,FOB,pending platelets affix car
9282-1,9282,969,38,1,19.00,35529.24,0.05,0.03,N,O,1996-02-12,1996-01-19,1996-02-23,COLLECT COD,REG AIR, pending deposi
9283-1,9283,1572,53,1,5.00,7367.85,0.02,0.08,R,F,1994-07-15,1994-07-10,1994-07-29,DELIVER IN PERSON,RAIL,s about the carefully ironic deposits w
9284-1,9284,1319,34,1,49.00,59795.19,0.06,0.00,R,F,1994-08-20,1994-09-08,1994-09-07,TAKE BACK RETURN,AIR,furiously accordi
9285-1,9285,378,79,1,13.00,16618.81,0.04,0.02,A,F,1994-02-14,1994-03-19,1994-03-07,COLLECT COD,MAIL,rve among the regular deposits
9285-2,9285,544,45,2,50.00,72227.00,0.06,0.07,A,F,1994-01-29,1994-02-15,1994-02-17,TAKE BACK RETURN,RAIL, sometimes express requests wake f
9285-3,9285,517,48,3,21.00,29767.71,0.01,0.01,R,F,1994-03-01,1994-04-03,1994-03-10,TAKE BACK RETURN,TRUCK,ly regular excuses cajole slyly q
9286-1,9286,1280,18,1,10.00,11812.80,0.01,0.07,R,F,1995-05-27,1995-06-22,1995-06-06,TAKE BACK RETURN,FOB,uctions. carefully bold requests wake furio
9286-2,9286,383,68,2,8.00,10267.04,0.07,0.05,N,O,1995-07-11,1995-05-11,1995-07-15,COLLECT COD,FOB,refully unusual sheaves 
9286-3,9286,1170,43,3,11.00,11782.87,0.07,0.05,N,O,1995-06-27,1995-06-27,1995-07-17,NONE,AIR,"nag. special, ironic deposits"
9286-4,9286,547,48,4,21.00,30398.34,0.07,0.03,N,F,1995-05-25,1995-05-27,1995-06-20,TAKE BACK RETURN,MAIL,ts. special pinto beans
9286-5,9286,1837,38,5,11.00,19127.13,0.06,0.08,N,O,1995-07-22,1995-05-24,1995-08-07,COLLECT COD,RAIL,counts wake furiously. quickly busy ideas 
9286-6,9286,345,46,6,12.00,14944.08,0.07,0.05,N,O,1995-06-21,1995-06-22,1995-07-02,TAKE BACK RETURN,REG AIR,usly regular 
9286-7,9286,1778,5,7,34.00,57112.18,0.04,0.07,R,F,1995-04-09,1995-06-01,1995-04-26,DELIVER IN PERSON,TRUCK,ular frays doubt furiously fluff
9287-1,9287,9,10,1,16.00,14544.00,0.07,0.00,N,O,1998-03-25,1998-02-10,1998-04-16,DELIVER IN PERSON,FOB,. attainments unwi
9312-1,9312,441,100,1,9.00,12072.96,0.01,0.04,A,F,1992-07-21,1992-07-28,1992-08-04,NONE,SHIP,e quickly special dugouts haggle 
9312-2,9312,241,69,2,19.00,21683.56,0.05,0.01,A,F,1992-07-02,1992-07-09,1992-07-10,DELIVER IN PERSON,TRUCK,tions mold fu
9312-3,9312,994,63,3,49.00,92854.51,0.02,0.08,R,F,1992-07-06,1992-08-16,1992-07-17,TAKE BACK RETURN,AIR,nts. furiously r
9312-4,9312,584,45,4,35.00,51960.30,0.07,0.03,R,F,1992-05-21,1992-07-24,1992-05-30,NONE,AIR,riously regular pack
9312-5,9312,774,71,5,28.00,46893.56,0.08,0.05,A,F,1992-06-08,1992-07-20,1992-06-16,TAKE BACK RETURN,SHIP, stealthily silent asymptot
9313-1,9313,120,99,1,37.00,37744.44,0.09,0.03,N,O,1996-07-26,1996-06-10,1996-08-18,DELIVER IN PERSON,SHIP,uffily around
9313-2,9313,913,82,2,49.00,88881.59,0.01,0.08,N,O,1996-06-14,1996-06-26,1996-06-20,TAKE BACK RETURN,REG AIR,re fluffily blithe theodolites! quickly 
9313-3,9313,646,47,3,16.00,24746.24,0.10,0.04,N,O,1996-04-29,1996-06-12,1996-05-25,DELIVER IN PERSON,AIR," haggle furiously careful, sp"
9313-4,9313,115,68,4,22.00,22332.42,0.05,0.06,N,O,1996-04-25,1996-06-11,1996-04-26,NONE,REG AIR, pending accounts a
9313-5,9313,1035,6,5,29.00,27144.87,0.01,0.07,N,O,1996-06-24,1996-06-16,1996-07-13,COLLECT COD,FOB,oss the pending deposits. 
9313-6,9313,1052,58,6,18.00,17154.90,0.01,0.06,N,O,1996-06-28,1996-06-08,1996-07-14,NONE,RAIL,silent theodolites grow sl
9314-1,9314,1333,48,1,12.00,14811.96,0.07,0.03,R,F,1995-03-26,1995-04-15,1995-04-10,TAKE BACK RETURN,SHIP,cross the even pinto beans cajole blithe
9315-1,9315,461,49,1,11.00,14976.06,0.01,0.08,N,O,1998-04-21,1998-05-11,1998-05-19,NONE,REG AIR,"ronic, careful foxes use blithely ir"
9316-1,9316,1850,51,1,27.00,47299.95,0.06,0.06,N,O,1995-10-17,1995-12-03,1995-10-27,NONE,SHIP,quests. final platelets 
9316-2,9316,268,96,2,32.00,37384.32,0.05,0.06,N,O,1995-09-26,1995-12-04,1995-09-29,NONE,MAIL,y ironic deposits h
9316-3,9316,1442,21,3,25.00,33586.00,0.03,0.01,N,O,1995-12-12,1995-11-18,1995-12-24,DELIVER IN PERSON,TRUCK,ss dependencies. slyly regular theodolites
9316-4,9316,494,82,4,46.00,64146.54,0.05,0.05,N,O,1995-11-23,1995-12-12,1995-12-22,TAKE BACK RETURN,RAIL,lar instructions wake.
9316-5,9316,292,47,5,36.00,42922.44,0.06,0.08,N,O,1995-12-09,1995-12-04,1996-01-08,DELIVER IN PERSON,RAIL, warhorses ac
9317-1,9317,30,56,1,8.00,7440.24,0.10,0.01,A,F,1994-05-08,1994-05-05,1994-05-12,TAKE BACK RETURN,REG AIR,ter the unusual decoys. blithely
9317-2,9317,911,14,2,39.00,70664.49,0.06,0.00,R,F,1994-04-04,1994-05-11,1994-04-11,NONE,MAIL,ructions. regular hockey players
9317-3,9317,938,39,3,28.00,51490.04,0.00,0.07,R,F,1994-03-17,1994-06-08,1994-04-02,COLLECT COD,AIR,es serve carefully un
9317-4,9317,1996,85,4,15.00,28469.85,0.00,0.00,A,F,1994-05-24,1994-05-30,1994-05-25,COLLECT COD,FOB,"nic, ironic deposits around the furi"
9318-1,9318,1364,3,1,10.00,12653.60,0.02,0.07,R,F,1992-11-18,1992-09-15,1992-11-20,DELIVER IN PERSON,RAIL,sts. slyly specia
9318-2,9318,831,98,2,44.00,76200.52,0.06,0.05,A,F,1992-08-18,1992-10-23,1992-08-22,NONE,FOB,y according to the fu
9318-3,9318,1541,42,3,15.00,21638.10,0.04,0.00,R,F,1992-07-29,1992-10-26,1992-08-10,NONE,TRUCK,ckly regular instructions; blithely pendi
9319-1,9319,1528,69,1,6.00,8577.12,0.05,0.02,A,F,1992-10-23,1992-12-05,1992-11-10,NONE,FOB,nag according to the quickly final asymptot
9319-2,9319,1440,41,2,31.00,41584.64,0.01,0.02,A,F,1993-01-03,1992-11-13,1993-02-01,TAKE BACK RETURN,SHIP,ndencies. 
9319-3,9319,736,1,3,20.00,32734.60,0.09,0.05,R,F,1992-10-05,1992-12-03,1992-10-23,DELIVER IN PERSON,REG AIR,equests wake car
9319-4,9319,464,52,4,17.00,23195.82,0.06,0.03,A,F,1992-12-24,1992-10-14,1993-01-12,DELIVER IN PERSON,REG AIR, across the daringly regular ideas! pen
9344-1,9344,1994,83,1,29.00,54983.71,0.00,0.04,N,O,1996-03-13,1996-02-27,1996-03-22,NONE,REG AIR,ng the instructio
9344-2,9344,1699,23,2,2.00,3201.38,0.10,0.03,N,O,1996-02-08,1996-03-03,1996-02-15,TAKE BACK RETURN,MAIL,ess depths are carefully acro
9344-3,9344,1213,88,3,40.00,44568.40,0.04,0.05,N,O,1996-02-25,1996-02-21,1996-03-16,NONE,RAIL,te carefully. final pack
9344-4,9344,1836,37,4,39.00,67775.37,0.06,0.07,N,O,1995-12-20,1996-02-23,1995-12-21,DELIVER IN PERSON,REG AIR,ests use slyly. silent theo
9344-5,9344,979,48,5,44.00,82718.68,0.04,0.04,N,O,1995-12-18,1996-02-23,1995-12-25,TAKE BACK RETURN,FOB,ove the furiously ironic deposits. pendi
9344-6,9344,561,52,6,39.00,57000.84,0.03,0.03,N,O,1996-03-02,1996-03-06,1996-03-27,TAKE BACK RETURN,MAIL,ular theodolites wake b
9344-7,9344,452,40,7,27.00,36516.15,0.09,0.07,N,O,1996-01-16,1996-01-20,1996-02-11,NONE,RAIL,blithely regu
9345-1,9345,1971,60,1,20.00,37459.40,0.06,0.01,N,O,1996-03-07,1996-03-13,1996-03-20,COLLECT COD,RAIL,the carefully ironic package
9345-2,9345,1966,67,2,16.00,29887.36,0.03,0.06,N,O,1996-03-31,1996-03-30,1996-04-26,NONE,SHIP, blithely special foxe
9345-3,9345,985,88,3,17.00,32061.66,0.02,0.05,N,O,1996-03-06,1996-04-01,1996-03-07,TAKE BACK RETURN,AIR,"deposits sleep along the regular, "
9345-4,9345,106,7,4,43.00,43262.30,0.08,0.06,N,O,1996-04-22,1996-03-21,1996-05-08,NONE,SHIP,ckages among 
9345-5,9345,1497,98,5,16.00,22375.84,0.01,0.00,N,O,1996-03-31,1996-04-03,1996-04-13,NONE,AIR, quickly ironic d
9346-1,9346,1800,27,1,44.00,74879.20,0.10,0.04,N,O,1996-12-22,1996-11-08,1997-01-06,NONE,MAIL,leep always bl
9346-2,9346,1839,69,2,7.00,12185.81,0.08,0.04,N,O,1996-12-15,1996-11-20,1996-12-20,COLLECT COD,RAIL,jole carefully about the packages. quic
9346-3,9346,1425,43,3,24.00,31834.08,0.03,0.04,N,O,1997-01-01,1997-01-06,1997-01-05,DELIVER IN PERSON,RAIL,unusual asymptotes wake fluf
9346-4,9346,1292,30,4,14.00,16706.06,0.00,0.07,N,O,1997-01-06,1996-12-06,1997-01-25,COLLECT COD,REG AIR,. furiously ironic packages wa
9346-5,9346,1475,93,5,33.00,45423.51,0.08,0.01,N,O,1996-10-12,1996-11-16,1996-11-06,DELIVER IN PERSON,REG AIR,y along the fluffily special deposits. s
9347-1,9347,263,91,1,40.00,46530.40,0.09,0.06,R,F,1992-11-10,1992-11-03,1992-12-09,DELIVER IN PERSON,MAIL,"e even, un"
9347-2,9347,1634,35,2,43.00,66032.09,0.02,0.08,A,F,1992-11-07,1992-10-28,1992-11-15,TAKE BACK RETURN,RAIL,old theodolites haggle c
9347-3,9347,4,30,3,4.00,3616.00,0.08,0.05,R,F,1992-10-31,1992-09-19,1992-11-17,TAKE BACK RETURN,REG AIR,egular dol
9347-4,9347,1045,46,4,46.00,43517.84,0.05,0.08,R,F,1992-08-31,1992-11-03,1992-09-21,NONE,MAIL, sleep slyly regular id
9348-1,9348,668,62,1,8.00,12549.28,0.09,0.05,N,O,1996-08-09,1996-08-23,1996-09-06,DELIVER IN PERSON,AIR,cording to the e
9348-2,9348,1686,87,2,1.00,1587.68,0.08,0.03,N,O,1996-06-16,1996-08-28,1996-06-24,COLLECT COD,MAIL,y whithout t
9348-3,9348,1138,75,3,22.00,22860.86,0.04,0.03,N,O,1996-07-24,1996-08-11,1996-08-11,NONE,TRUCK,d instructions are slyly above the bold
9348-4,9348,1678,20,4,34.00,53708.78,0.07,0.04,N,O,1996-09-27,1996-08-24,1996-10-07,COLLECT COD,MAIL,rts nag carefully quickly regular
9348-5,9348,789,86,5,6.00,10138.68,0.04,0.08,N,O,1996-07-22,1996-07-14,1996-08-12,TAKE BACK RETURN,RAIL,ke fluffily according to t
9348-6,9348,124,25,6,22.00,22530.64,0.03,0.00,N,O,1996-09-01,1996-09-01,1996-09-06,TAKE BACK RETURN,TRUCK,final depo
9349-1,9349,1868,12,1,13.00,23008.18,0.09,0.07,N,O,1997-09-02,1997-10-08,1997-09-11,NONE,RAIL,ts. deposits c
9349-2,9349,379,8,2,12.00,15352.44,0.01,0.06,N,O,1997-12-23,1997-11-09,1998-01-09,DELIVER IN PERSON,SHIP,bove the slyly unu
9349-3,9349,1415,33,3,3.00,3949.23,0.06,0.04,N,O,1997-10-28,1997-10-27,1997-11-22,TAKE BACK RETURN,RAIL,ross the slyly ironic deposits. i
9349-4,9349,948,51,4,35.00,64712.90,0.06,0.04,N,O,1997-09-25,1997-10-28,1997-10-08,NONE,TRUCK,rate slyly. blithely ironic a
9349-5,9349,172,25,5,46.00,49319.82,0.07,0.02,N,O,1997-10-28,1997-09-29,1997-11-03,DELIVER IN PERSON,RAIL,"pecial, final excuses haggle ar"
9349-6,9349,1208,83,6,29.00,32166.80,0.03,0.05,N,O,1997-09-28,1997-10-01,1997-10-25,COLLECT COD,AIR,ts integrate. furiously ironic excuses wa
9349-7,9349,729,26,7,20.00,32594.40,0.04,0.02,N,O,1997-10-18,1997-10-16,1997-10-22,DELIVER IN PERSON,AIR,ly regular theodolites doze perm
9350-1,9350,98,49,1,31.00,30940.79,0.03,0.07,R,F,1993-02-24,1993-01-19,1993-02-25,COLLECT COD,FOB,ily silent multip
9350-2,9350,1694,95,2,8.00,12765.52,0.00,0.04,A,F,1992-11-15,1993-01-16,1992-11-27,DELIVER IN PERSON,TRUCK,"rave, express attainments engage furiously"
9350-3,9350,1648,72,3,39.00,60435.96,0.06,0.01,A,F,1993-01-03,1993-01-21,1993-01-07,COLLECT COD,SHIP,w ruthlessly among the b
9350-4,9350,888,88,4,9.00,16099.92,0.04,0.00,A,F,1992-11-17,1992-12-30,1992-12-05,COLLECT COD,FOB,"g slyly regular, ironic gifts. slyly "
9350-5,9350,1824,54,5,50.00,86291.00,0.03,0.02,R,F,1993-01-10,1993-01-19,1993-01-14,TAKE BACK RETURN,MAIL,jole furiously finally regular escapa
9350-6,9350,816,17,6,30.00,51504.30,0.04,0.05,A,F,1992-11-09,1992-12-19,1992-12-04,COLLECT COD,TRUCK, ironic pinto beans sl
9351-1,9351,1534,75,1,12.00,17226.36,0.08,0.01,N,O,1996-08-08,1996-07-22,1996-08-25,TAKE BACK RETURN,REG AIR,"ven, bold patterns? dogged,"
9351-2,9351,722,23,2,39.00,63286.08,0.01,0.04,N,O,1996-07-02,1996-06-28,1996-07-21,DELIVER IN PERSON,TRUCK," foxes wake furiously. regular, unusu"
9376-1,9376,1033,39,1,33.00,30822.99,0.04,0.01,N,O,1997-11-07,1997-09-11,1997-11-24,NONE,FOB,ely final dependencies 
9376-2,9376,278,79,2,13.00,15317.51,0.08,0.01,N,O,1997-10-28,1997-09-12,1997-10-29,DELIVER IN PERSON,AIR,ly bold packages. fin
9376-3,9376,1232,7,3,18.00,20398.14,0.00,0.01,N,O,1997-10-15,1997-09-15,1997-11-07,COLLECT COD,AIR,beans nag acr
9376-4,9376,1042,13,4,38.00,35835.52,0.04,0.06,N,O,1997-08-11,1997-08-27,1997-08-24,TAKE BACK RETURN,SHIP,y realms alongside
9376-5,9376,465,53,5,13.00,17750.98,0.02,0.06,N,O,1997-11-17,1997-09-21,1997-12-02,COLLECT COD,TRUCK,hinly about th
9376-6,9376,1355,70,6,20.00,25127.00,0.04,0.06,N,O,1997-08-22,1997-08-24,1997-08-25,DELIVER IN PERSON,FOB,"requests. silent, ironic packa"
9377-1,9377,293,21,1,8.00,9546.32,0.10,0.05,A,F,1993-07-17,1993-06-23,1993-08-08,COLLECT COD,MAIL,s solve around the thinly bold platele
9378-1,9378,583,74,1,14.00,20770.12,0.05,0.01,N,O,1997-11-24,1997-12-22,1997-12-03,COLLECT COD,AIR, blithely regular accounts cajole furio
9378-2,9378,436,24,2,17.00,22719.31,0.09,0.05,N,O,1997-12-26,1997-11-16,1998-01-01,TAKE BACK RETURN,TRUCK,ies. slyly regular theodolites integrate. r
9378-3,9378,1926,15,3,43.00,78600.56,0.10,0.05,N,O,1997-12-27,1997-12-01,1998-01-05,TAKE BACK RETURN,REG AIR, furiously. furio
9379-1,9379,1218,19,1,31.00,34695.51,0.01,0.06,A,F,1992-04-03,1992-02-19,1992-04-25,COLLECT COD,REG AIR, instructions boost slyly regular ac
9379-2,9379,386,71,2,22.00,28300.36,0.09,0.08,A,F,1992-02-12,1992-03-27,1992-02-22,DELIVER IN PERSON,SHIP,l realms wake slyly instead of the fu
9379-3,9379,1854,84,3,38.00,66722.30,0.02,0.05,R,F,1992-03-22,1992-03-27,1992-03-27,DELIVER IN PERSON,REG AIR,ages. blithe
9379-4,9379,556,57,4,13.00,18935.15,0.00,0.01,A,F,1992-01-09,1992-03-20,1992-01-12,COLLECT COD,TRUCK,counts boost according to the ironic de
9380-1,9380,41,17,1,35.00,32936.40,0.00,0.08,A,F,1994-12-18,1994-10-01,1994-12-28,NONE,REG AIR,l deposits wake slyly slowly silent ide
9380-2,9380,919,88,2,38.00,69156.58,0.08,0.05,R,F,1994-11-12,1994-10-05,1994-11-24,COLLECT COD,SHIP,encies sleep blithely final depen
9380-3,9380,1938,27,3,36.00,66237.48,0.03,0.02,A,F,1994-11-07,1994-11-15,1994-11-08,TAKE BACK RETURN,AIR,unusual notornis around th
9381-1,9381,1334,35,1,17.00,21000.61,0.10,0.06,N,O,1996-01-02,1996-01-31,1996-01-29,TAKE BACK RETURN,RAIL,y final accounts. regular pinto bea
9381-2,9381,777,10,2,43.00,72144.11,0.02,0.05,N,O,1996-01-01,1996-02-11,1996-01-28,TAKE BACK RETURN,REG AIR,he slyly final packages sleep sly
9382-1,9382,328,85,1,23.00,28251.36,0.09,0.06,N,O,1996-03-27,1996-04-16,1996-04-04,TAKE BACK RETURN,AIR,fully slyly regular accounts! slyl
9382-2,9382,1626,9,2,45.00,68742.90,0.07,0.04,N,O,1996-05-31,1996-05-03,1996-06-10,DELIVER IN PERSON,TRUCK,lyly even asymptotes s
9382-3,9382,257,12,3,4.00,4629.00,0.07,0.00,N,O,1996-03-08,1996-04-27,1996-04-02,TAKE BACK RETURN,REG AIR,tions are slyly slyly pending ex
9382-4,9382,1761,46,4,30.00,49882.80,0.02,0.08,N,O,1996-03-27,1996-04-28,1996-04-21,DELIVER IN PERSON,SHIP,ial attainments. fluffily bold packages u
9383-1,9383,1627,28,1,12.00,18343.44,0.03,0.02,R,F,1994-03-22,1994-05-16,1994-04-17,NONE,TRUCK, thrash carefully reg
9383-2,9383,1754,81,2,27.00,44705.25,0.01,0.04,R,F,1994-07-09,1994-05-16,1994-07-25,TAKE BACK RETURN,AIR,ithely regular accounts. qu
9383-3,9383,835,2,3,1.00,1735.83,0.04,0.03,A,F,1994-06-10,1994-04-16,1994-06-28,DELIVER IN PERSON,TRUCK,ix against
9383-4,9383,864,98,4,31.00,54710.66,0.09,0.01,A,F,1994-06-05,1994-04-21,1994-06-10,TAKE BACK RETURN,TRUCK,ld pains after the q
9383-5,9383,747,44,5,43.00,70852.82,0.10,0.01,A,F,1994-04-28,1994-06-10,1994-05-10,COLLECT COD,AIR,r the ironic pac
9408-1,9408,1536,17,1,9.00,12937.77,0.09,0.01,A,F,1992-11-19,1992-11-29,1992-11-25,NONE,MAIL,"ronic, unusual foxes use quickly "
9409-1,9409,656,57,1,14.00,21793.10,0.09,0.08,R,F,1992-08-27,1992-07-24,1992-09-09,TAKE BACK RETURN,AIR,nic foxes haggle quickly against th
9409-2,9409,1847,77,2,6.00,10493.04,0.03,0.05,A,F,1992-06-21,1992-06-30,1992-07-19,TAKE BACK RETURN,FOB,ges cajole sly
9409-3,9409,128,81,3,22.00,22618.64,0.08,0.05,R,F,1992-06-15,1992-06-05,1992-06-30,NONE,FOB,the quickly even deposi
9409-4,9409,1404,5,4,47.00,61353.80,0.04,0.03,A,F,1992-06-27,1992-06-19,1992-07-18,DELIVER IN PERSON,FOB,ar requests. carefully
9409-5,9409,1354,55,5,31.00,38915.85,0.00,0.05,R,F,1992-05-09,1992-07-25,1992-05-31,COLLECT COD,SHIP,thely ironic pack
9410-1,9410,565,96,1,48.00,70346.88,0.03,0.06,N,O,1997-11-02,1997-09-19,1997-11-03,NONE,AIR,"l, final pint"
9410-2,9410,55,81,2,6.00,5730.30,0.02,0.07,N,O,1997-07-21,1997-10-13,1997-08-06,DELIVER IN PERSON,SHIP,"ts; silent, ironic pinto beans"
9410-3,9410,1379,80,3,8.00,10242.96,0.07,0.04,N,O,1997-10-10,1997-10-04,1997-11-01,COLLECT COD,TRUCK,ccounts. ironic
9411-1,9411,151,30,1,25.00,26278.75,0.09,0.02,R,F,1995-04-04,1995-03-10,1995-04-17,TAKE BACK RETURN,AIR,"beans cajole among the special, "
9411-2,9411,446,5,2,23.00,30968.12,0.05,0.06,A,F,1995-03-15,1995-03-26,1995-03-16,DELIVER IN PERSON,MAIL,pinto beans nag. ironic 
9412-1,9412,1350,89,1,11.00,13764.85,0.09,0.03,N,O,1998-10-31,1998-09-04,1998-11-22,COLLECT COD,SHIP,"; blithely express requests boost ironic, "
9412-2,9412,755,52,2,47.00,77820.25,0.08,0.06,N,O,1998-09-24,1998-09-30,1998-10-09,COLLECT COD,TRUCK,ar packages along the carefully ironic exc
9412-3,9412,1401,41,3,50.00,65120.00,0.00,0.08,N,O,1998-10-08,1998-09-13,1998-10-25,TAKE BACK RETURN,AIR,s along the bold package
9412-4,9412,1601,25,4,40.00,60104.00,0.10,0.07,N,O,1998-10-20,1998-09-04,1998-11-01,COLLECT COD,SHIP,ermanent requests. carefully even acco
9412-5,9412,1342,43,5,24.00,29840.16,0.09,0.06,N,O,1998-08-11,1998-08-28,1998-08-22,TAKE BACK RETURN,RAIL,refully around the furiously pending depen
9413-1,9413,967,70,1,33.00,61642.68,0.04,0.08,N,O,1995-09-19,1995-09-10,1995-10-02,COLLECT COD,AIR,es above the furiously ironic 
9413-2,9413,1145,46,2,41.00,42891.74,0.01,0.03,N,O,1995-07-25,1995-09-06,1995-07-29,TAKE BACK RETURN,TRUCK," packages. special, even accounts ha"
9413-3,9413,1191,100,3,24.00,26212.56,0.08,0.06,N,O,1995-08-19,1995-09-06,1995-09-13,COLLECT COD,RAIL,ckly pending deposits. ironic packages prom
9413-4,9413,3,79,4,18.00,16254.00,0.03,0.08,N,O,1995-10-22,1995-08-23,1995-11-10,NONE,TRUCK,equests solve furiously. blithel
9414-1,9414,1665,48,1,3.00,4699.98,0.09,0.07,A,F,1993-11-23,1993-11-11,1993-11-25,COLLECT COD,SHIP,fully; quickly regular
9414-2,9414,550,51,2,26.00,37714.30,0.07,0.03,R,F,1993-12-09,1993-10-15,1993-12-17,TAKE BACK RETURN,FOB,thely. forges are slyly carefully e
9414-3,9414,1516,57,3,39.00,55282.89,0.01,0.05,R,F,1993-11-20,1993-12-04,1993-12-05,COLLECT COD,MAIL, regular depen
9415-1,9415,1886,87,1,36.00,64363.68,0.04,0.01,A,F,1992-08-26,1992-10-27,1992-08-29,NONE,AIR,courts sle
9415-2,9415,1932,21,2,32.00,58685.76,0.06,0.07,R,F,1992-08-25,1992-10-04,1992-09-15,DELIVER IN PERSON,RAIL,ounts haggle. slyly special
9415-3,9415,690,53,3,8.00,12725.52,0.10,0.05,R,F,1992-10-22,1992-11-01,1992-11-14,COLLECT COD,FOB,sly final foxes--
9415-4,9415,1003,74,4,25.00,22600.00,0.10,0.04,R,F,1992-12-11,1992-10-15,1992-12-25,TAKE BACK RETURN,RAIL,s accounts wake carefull
9415-5,9415,1357,34,5,13.00,16358.55,0.07,0.03,R,F,1992-11-28,1992-11-12,1992-12-22,NONE,AIR,he express requests. carefully pending
9415-6,9415,684,78,6,38.00,60217.84,0.00,0.06,R,F,1992-10-13,1992-10-29,1992-10-17,COLLECT COD,REG AIR,unusual requests are reque
9415-7,9415,555,86,7,5.00,7277.75,0.00,0.01,A,F,1992-09-20,1992-11-01,1992-10-20,COLLECT COD,RAIL, special excuses 
9440-1,9440,195,22,1,4.00,4380.76,0.04,0.03,A,F,1994-07-29,1994-07-25,1994-07-30,TAKE BACK RETURN,TRUCK,ully unusual
9441-1,9441,1779,6,1,2.00,3361.54,0.08,0.04,N,O,1997-08-25,1997-09-16,1997-09-03,TAKE BACK RETURN,TRUCK, accounts might are 
9442-1,9442,644,7,1,49.00,75687.36,0.07,0.02,A,F,1993-04-29,1993-05-14,1993-05-03,TAKE BACK RETURN,MAIL,ngly final accounts. quic
9442-2,9442,120,73,2,21.00,21422.52,0.08,0.02,A,F,1993-06-17,1993-06-06,1993-07-13,DELIVER IN PERSON,REG AIR,"s. express, even ideas"
9442-3,9442,1530,11,3,8.00,11452.24,0.03,0.01,A,F,1993-03-31,1993-04-11,1993-04-16,DELIVER IN PERSON,RAIL,ly. carefully unusual somas above the e
9443-1,9443,1648,31,1,20.00,30992.80,0.10,0.00,N,O,1997-08-15,1997-06-25,1997-08-19,NONE,FOB,"after the bold, even"
9443-2,9443,1554,35,2,11.00,16011.05,0.06,0.08,N,O,1997-05-18,1997-06-27,1997-06-15,DELIVER IN PERSON,AIR,"r, even requests gro"
9443-3,9443,1316,55,3,28.00,34084.68,0.02,0.08,N,O,1997-08-08,1997-06-16,1997-08-31,COLLECT COD,SHIP,y express ideas haggle f
9443-4,9443,552,43,4,50.00,72627.50,0.04,0.01,N,O,1997-08-14,1997-06-07,1997-09-09,TAKE BACK RETURN,AIR,counts. instructions across the careful
9443-5,9443,1772,99,5,10.00,16737.70,0.09,0.07,N,O,1997-07-30,1997-07-14,1997-08-12,COLLECT COD,AIR,inally quickly final a
9444-1,9444,857,58,1,10.00,17578.50,0.09,0.06,N,O,1996-10-08,1996-10-14,1996-10-09,TAKE BACK RETURN,SHIP,ccounts are ironically alongside of the b
9444-2,9444,1025,31,2,12.00,11112.24,0.01,0.06,N,O,1996-07-23,1996-08-23,1996-08-14,TAKE BACK RETURN,MAIL,riously slyly final 
9444-3,9444,1433,34,3,6.00,8006.58,0.10,0.06,N,O,1996-11-12,1996-10-13,1996-11-25,NONE,MAIL,usual instru
9445-1,9445,342,99,1,22.00,27331.48,0.06,0.05,N,O,1998-03-06,1997-12-30,1998-03-12,DELIVER IN PERSON,TRUCK," above the even, bold excuses. theodolit"
9445-2,9445,1299,37,2,40.00,48011.60,0.04,0.08,N,O,1998-01-30,1998-02-02,1998-02-12,NONE,SHIP, pinto beans. carefully express accoun
9446-1,9446,1247,59,1,23.00,26409.52,0.03,0.00,N,O,1998-04-14,1998-02-06,1998-04-27,COLLECT COD,FOB," ideas cajole. special, unusual theodolite"
9446-2,9446,3,4,2,36.00,32508.00,0.05,0.02,N,O,1998-02-03,1998-02-20,1998-02-28,TAKE BACK RETURN,FOB, snooze alongside of the foxes. f
9446-3,9446,1116,53,3,49.00,49838.39,0.09,0.07,N,O,1998-03-05,1998-02-19,1998-03-21,DELIVER IN PERSON,FOB,"ents. regular, special pinto beans sl"
9446-4,9446,1035,71,4,16.00,14976.48,0.03,0.01,N,O,1998-04-28,1998-02-25,1998-05-02,NONE,RAIL,". ironic, ironic depo"
9446-5,9446,1359,60,5,44.00,55455.40,0.01,0.07,N,O,1998-04-06,1998-03-21,1998-05-04,TAKE BACK RETURN,REG AIR, fluffily unusual deposits h
9446-6,9446,1957,2,6,21.00,39037.95,0.09,0.05,N,O,1998-02-07,1998-02-11,1998-02-08,DELIVER IN PERSON,REG AIR,"deposits after the pending, ev"
9447-1,9447,203,4,1,32.00,35302.40,0.09,0.08,N,O,1995-07-10,1995-09-01,1995-08-08,DELIVER IN PERSON,FOB,mong the qu
9447-2,9447,1198,35,2,43.00,47265.17,0.08,0.03,N,O,1995-10-14,1995-07-23,1995-11-04,DELIVER IN PERSON,FOB,s. carefully even p
9472-1,9472,532,93,1,12.00,17190.36,0.09,0.06,N,O,1995-08-20,1995-08-25,1995-08-23,COLLECT COD,MAIL,nusual requests haggle sly
9472-2,9472,1339,40,2,24.00,29767.92,0.10,0.03,N,O,1995-07-10,1995-09-05,1995-07-23,TAKE BACK RETURN,REG AIR,"usly regular tithes; silent, final de"
9473-1,9473,1289,64,1,36.00,42850.08,0.01,0.03,R,F,1993-02-02,1992-12-20,1993-02-22,DELIVER IN PERSON,FOB,"g to the express, f"
9473-2,9473,1538,19,2,4.00,5758.12,0.10,0.04,A,F,1992-10-16,1992-12-02,1992-10-29,COLLECT COD,AIR, blithely silent 
9473-3,9473,1721,22,3,23.00,37322.56,0.07,0.00,R,F,1992-11-15,1992-11-11,1992-12-04,DELIVER IN PERSON,FOB,nding packages nag bl
9473-4,9473,1591,72,4,33.00,49255.47,0.05,0.06,A,F,1992-11-29,1992-12-14,1992-12-21,COLLECT COD,SHIP,ress platelets. bo
9473-5,9473,630,31,5,14.00,21428.82,0.04,0.00,A,F,1993-02-06,1992-12-09,1993-02-25,COLLECT COD,FOB,endencies haggle even dependenc
9473-6,9473,1298,36,6,50.00,59964.50,0.04,0.02,A,F,1992-11-03,1993-01-02,1992-11-27,DELIVER IN PERSON,MAIL,odolites! carefully iro
9474-1,9474,243,25,1,9.00,10289.16,0.09,0.00,N,F,1995-06-10,1995-06-21,1995-06-29,TAKE BACK RETURN,REG AIR,ages doze furiousl
9474-2,9474,1728,29,2,44.00,71707.68,0.10,0.05,N,O,1995-08-28,1995-06-11,1995-09-10,NONE,TRUCK,rges. express foxes sleep in place o
9474-3,9474,1646,47,3,44.00,68096.16,0.00,0.06,N,O,1995-08-23,1995-06-13,1995-08-28,NONE,AIR,y regular requests. carefu
9474-4,9474,1546,27,4,48.00,69481.92,0.07,0.00,N,O,1995-07-28,1995-07-17,1995-08-11,COLLECT COD,RAIL,express acco
9474-5,9474,1712,13,5,21.00,33887.91,0.08,0.05,N,O,1995-08-02,1995-08-02,1995-08-10,COLLECT COD,RAIL,ravely silent requests cajole above 
9475-1,9475,1115,16,1,3.00,3048.33,0.00,0.07,N,O,1997-01-12,1997-01-08,1997-01-16,TAKE BACK RETURN,TRUCK,into beans. blithe warthogs nag i
9475-2,9475,1682,65,2,50.00,79184.00,0.07,0.03,N,O,1997-01-02,1996-12-27,1997-01-14,DELIVER IN PERSON,REG AIR, about the expre
9475-3,9475,691,54,3,24.00,38200.56,0.00,0.03,N,O,1997-02-25,1997-02-17,1997-03-02,DELIVER IN PERSON,RAIL,ans poach quickly
9475-4,9475,1942,31,4,47.00,86665.18,0.06,0.08,N,O,1997-03-14,1997-02-17,1997-04-04,COLLECT COD,MAIL,requests above
9476-1,9476,1893,23,1,24.00,43077.36,0.08,0.07,A,F,1994-06-16,1994-08-22,1994-06-22,COLLECT COD,SHIP,courts about
9476-2,9476,557,48,2,1.00,1457.55,0.09,0.06,R,F,1994-08-31,1994-08-02,1994-09-05,NONE,TRUCK,nto beans nag fluf
9476-3,9476,400,57,3,6.00,7802.40,0.09,0.07,A,F,1994-07-02,1994-08-08,1994-07-24,COLLECT COD,TRUCK,gular accounts nag s
9476-4,9476,1759,86,4,25.00,41518.75,0.03,0.00,R,F,1994-07-15,1994-08-09,1994-08-08,TAKE BACK RETURN,MAIL,nstructions sleep f
9476-5,9476,1378,93,5,2.00,2558.74,0.02,0.06,R,F,1994-07-04,1994-07-25,1994-07-07,NONE,MAIL,ve the furiously express packages. r
9476-6,9476,670,71,6,26.00,40837.42,0.00,0.00,R,F,1994-08-09,1994-08-22,1994-08-14,TAKE BACK RETURN,TRUCK,"ver pending, "
9476-7,9476,253,81,7,36.00,41517.00,0.00,0.02,R,F,1994-06-27,1994-07-25,1994-07-26,TAKE BACK RETURN,REG AIR," special, unusual theodolites grow c"
9477-1,9477,1051,22,1,3.00,2856.15,0.06,0.00,N,O,1998-04-07,1998-05-13,1998-04-30,NONE,SHIP,eas. packages use carefully careful
9477-2,9477,1993,82,2,17.00,32214.83,0.07,0.06,N,O,1998-05-13,1998-05-27,1998-06-08,TAKE BACK RETURN,AIR,refully after t
9477-3,9477,1609,51,3,45.00,67977.00,0.07,0.02,N,O,1998-04-18,1998-05-29,1998-04-30,TAKE BACK RETURN,RAIL, engage abou
9477-4,9477,722,19,4,44.00,71399.68,0.08,0.00,N,O,1998-04-28,1998-05-15,1998-05-04,TAKE BACK RETURN,MAIL,"ully across the regular, even theodolit"
9477-5,9477,630,93,5,28.00,42857.64,0.09,0.03,N,O,1998-04-01,1998-04-19,1998-04-16,COLLECT COD,REG AIR,elets affix
9477-6,9477,1428,46,6,20.00,26588.40,0.08,0.02,N,O,1998-04-09,1998-05-10,1998-04-20,TAKE BACK RETURN,FOB,slyly express ideas cajole blit
9477-7,9477,1189,90,7,34.00,37066.12,0.00,0.07,N,O,1998-04-10,1998-06-06,1998-05-03,NONE,SHIP,etect carefully among
9478-1,9478,1636,37,1,19.00,29214.97,0.09,0.05,A,F,1994-07-05,1994-06-21,1994-07-06,DELIVER IN PERSON,REG AIR, boost carefully about the r
9478-2,9478,1584,85,2,44.00,65365.52,0.05,0.00,R,F,1994-05-01,1994-05-21,1994-05-09,COLLECT COD,TRUCK,"d deposits. bold, pendi"
9478-3,9478,1558,79,3,15.00,21893.25,0.05,0.02,R,F,1994-07-12,1994-05-13,1994-07-16,COLLECT COD,TRUCK,fluffy sauternes. slyly unusual 
9478-4,9478,986,89,4,35.00,66044.30,0.10,0.04,R,F,1994-05-10,1994-05-24,1994-06-08,NONE,SHIP, furiously ir
9479-1,9479,865,32,1,42.00,74166.12,0.02,0.05,A,F,1994-10-23,1994-12-16,1994-11-05,DELIVER IN PERSON,RAIL,counts nag across the slyly regul
9504-1,9504,1368,7,1,28.00,35542.08,0.08,0.03,A,F,1992-12-07,1993-01-08,1992-12-25,DELIVER IN PERSON,MAIL,". ironic, even requests "
9504-2,9504,112,65,2,44.00,44532.84,0.05,0.03,R,F,1993-03-08,1993-02-11,1993-03-28,NONE,MAIL,ending accounts. carefully unusual 
9504-3,9504,698,30,3,48.00,76737.12,0.08,0.05,A,F,1992-12-14,1993-02-21,1992-12-23,TAKE BACK RETURN,MAIL,"old, even requests according to th"
9504-4,9504,946,49,4,11.00,20316.34,0.09,0.07,R,F,1993-01-24,1993-02-07,1993-02-09,COLLECT COD,MAIL, even deposits. q
9505-1,9505,1422,23,1,21.00,27791.82,0.06,0.02,A,F,1992-10-07,1992-08-23,1992-11-05,TAKE BACK RETURN,MAIL,ully unusual accounts against the thin requ
9505-2,9505,313,42,2,14.00,16986.34,0.07,0.04,R,F,1992-06-16,1992-08-23,1992-07-14,DELIVER IN PERSON,RAIL,long the blithely ironic theodol
9505-3,9505,406,65,3,32.00,41804.80,0.08,0.02,A,F,1992-06-13,1992-08-05,1992-06-19,TAKE BACK RETURN,MAIL,ake quietly against the ironic req
9505-4,9505,1762,5,4,49.00,81524.24,0.00,0.06,R,F,1992-08-20,1992-07-13,1992-08-25,DELIVER IN PERSON,MAIL,beans integrate? slyly even 
9505-5,9505,1860,90,5,25.00,44046.50,0.05,0.04,R,F,1992-09-14,1992-07-12,1992-10-02,COLLECT COD,TRUCK,s. instructions along the closely even
9505-6,9505,386,71,6,5.00,6431.90,0.04,0.08,R,F,1992-09-16,1992-07-25,1992-09-28,DELIVER IN PERSON,TRUCK,eposits use. final dolphins 
9505-7,9505,488,47,7,46.00,63870.08,0.05,0.07,A,F,1992-07-09,1992-08-28,1992-08-03,DELIVER IN PERSON,MAIL, sleep. slyl
9506-1,9506,398,27,1,38.00,49338.82,0.07,0.04,A,F,1994-06-02,1994-04-10,1994-06-27,DELIVER IN PERSON,TRUCK,s use carefull
9507-1,9507,136,37,1,33.00,34192.29,0.03,0.03,A,F,1995-01-28,1995-02-02,1995-02-19,DELIVER IN PERSON,FOB,he blithely ironic deposit
9508-1,9508,1494,12,1,4.00,5581.96,0.04,0.02,N,O,1996-08-18,1996-06-19,1996-09-08,NONE,TRUCK,uriously carefully thi
9508-2,9508,1850,94,2,46.00,80585.10,0.06,0.01,N,O,1996-06-20,1996-06-10,1996-06-28,DELIVER IN PERSON,TRUCK, even dependenci
9508-3,9508,595,96,3,41.00,61319.19,0.04,0.02,N,O,1996-07-01,1996-07-16,1996-07-20,DELIVER IN PERSON,REG AIR,e slyly regular ideas? slyly fi
9508-4,9508,659,53,4,24.00,37431.60,0.01,0.01,N,O,1996-08-10,1996-05-29,1996-08-23,COLLECT COD,REG AIR,mong the carefully unusual excuse
9508-5,9508,1093,99,5,42.00,41751.78,0.02,0.00,N,O,1996-06-10,1996-07-20,1996-07-09,COLLECT COD,RAIL,"lar, regul"
9508-6,9508,1051,57,6,17.00,16184.85,0.09,0.01,N,O,1996-06-25,1996-06-03,1996-07-22,COLLECT COD,TRUCK," after the ironic, regular deposits detect "
9509-1,9509,173,74,1,45.00,48292.65,0.01,0.01,A,F,1993-01-31,1992-12-15,1993-02-08,NONE,TRUCK,riously. blithely final deposits are slyly
9509-2,9509,366,23,2,41.00,51920.76,0.08,0.07,A,F,1992-12-16,1992-11-15,1992-12-23,DELIVER IN PERSON,MAIL,ccounts. thinl
9509-3,9509,1970,71,3,22.00,41183.34,0.07,0.06,R,F,1993-01-02,1992-11-20,1993-01-24,DELIVER IN PERSON,REG AIR,deposits. enticing pac
9509-4,9509,1601,84,4,49.00,73627.40,0.10,0.05,R,F,1993-01-30,1992-12-27,1993-02-05,NONE,REG AIR,nly unusual theodolites. quickly e
9509-5,9509,709,74,5,9.00,14487.30,0.03,0.05,R,F,1992-10-24,1992-11-22,1992-11-06,COLLECT COD,REG AIR, stealthily for t
9510-1,9510,1360,99,1,3.00,3784.08,0.10,0.08,N,O,1997-02-08,1996-12-23,1997-02-21,DELIVER IN PERSON,FOB, unusual accounts x-ray alongs
9510-2,9510,504,65,2,24.00,33708.00,0.10,0.01,N,O,1997-02-04,1997-02-12,1997-02-05,COLLECT COD,TRUCK,c requests doze along the dependencies. f
9510-3,9510,282,64,3,49.00,57931.72,0.02,0.05,N,O,1996-12-29,1997-01-06,1997-01-19,COLLECT COD,AIR,y pending pinto beans. deposits use 
9511-1,9511,425,55,1,45.00,59643.90,0.05,0.01,N,O,1996-10-29,1996-10-17,1996-11-20,DELIVER IN PERSON,REG AIR,structions run 
9511-2,9511,1086,22,2,39.00,38496.12,0.02,0.03,N,O,1996-11-24,1996-10-04,1996-12-15,DELIVER IN PERSON,TRUCK,riously regular r
9536-1,9536,1627,69,1,23.00,35158.26,0.00,0.03,N,O,1997-09-14,1997-11-09,1997-09-20,TAKE BACK RETURN,TRUCK,. carefully special deposits wake carefully
9536-2,9536,1678,2,2,29.00,45810.43,0.01,0.00,N,O,1997-11-20,1997-10-13,1997-11-22,NONE,REG AIR,"as. regular, bold deposits boost ca"
9536-3,9536,1699,100,3,16.00,25611.04,0.06,0.00,N,O,1997-09-18,1997-10-03,1997-10-18,NONE,RAIL, even accounts. express requests 
9537-1,9537,833,67,1,39.00,67619.37,0.07,0.04,A,F,1995-02-25,1995-04-25,1995-03-10,TAKE BACK RETURN,REG AIR,. deposits across the quickly 
9537-2,9537,1824,68,2,45.00,77661.90,0.08,0.00,R,F,1995-03-18,1995-04-16,1995-03-28,NONE,REG AIR,iously carefully 
9537-3,9537,1806,36,3,45.00,76851.00,0.05,0.02,A,F,1995-03-09,1995-05-11,1995-03-25,DELIVER IN PERSON,REG AIR, silent dependencies sleep furiously a
9537-4,9537,1657,81,4,24.00,37407.60,0.04,0.06,R,F,1995-05-17,1995-05-12,1995-05-29,DELIVER IN PERSON,RAIL,counts. furiously 
9538-1,9538,1787,30,1,19.00,32086.82,0.02,0.03,A,F,1994-03-21,1994-05-15,1994-03-31,DELIVER IN PERSON,SHIP,y. furiously final packages boost slyly acc
9539-1,9539,1110,11,1,29.00,29322.19,0.09,0.00,N,O,1996-01-20,1995-12-19,1996-02-04,COLLECT COD,FOB,d unusual foxes. fluffil
9540-1,9540,303,88,1,36.00,43318.80,0.02,0.01,R,F,1994-09-07,1994-07-23,1994-09-15,TAKE BACK RETURN,MAIL,"c, express a"
9540-2,9540,1256,94,2,47.00,54390.75,0.03,0.01,A,F,1994-06-28,1994-09-03,1994-06-29,DELIVER IN PERSON,AIR,instructions. furiously furious acco
9541-1,9541,1074,10,1,43.00,41928.01,0.10,0.05,R,F,1992-07-14,1992-04-30,1992-08-08,COLLECT COD,FOB,ose with th
9541-2,9541,1755,56,2,40.00,66270.00,0.01,0.01,A,F,1992-06-25,1992-05-24,1992-06-27,DELIVER IN PERSON,SHIP,yly ruthless deposits cajole furiously
9542-1,9542,806,6,1,43.00,73392.40,0.04,0.06,N,O,1996-02-23,1996-02-12,1996-03-15,NONE,SHIP,ithely even Tiresias. caref
9542-2,9542,380,9,2,37.00,47374.06,0.01,0.00,N,O,1996-04-15,1996-02-05,1996-05-09,COLLECT COD,RAIL,after the furiously final requests. fox
9543-1,9543,254,82,1,3.00,3462.75,0.10,0.06,A,F,1992-08-03,1992-08-03,1992-08-21,NONE,AIR,t the regular theodol
9543-2,9543,1882,26,2,35.00,62435.80,0.08,0.00,A,F,1992-06-22,1992-07-31,1992-07-06,NONE,FOB, special packages across the final pl
9543-3,9543,1436,76,3,37.00,49484.91,0.01,0.01,R,F,1992-05-25,1992-06-25,1992-06-10,TAKE BACK RETURN,SHIP,"l, final foxes. blithely bold de"
9543-4,9543,1750,77,4,23.00,37990.25,0.10,0.03,A,F,1992-09-01,1992-06-27,1992-09-17,NONE,SHIP, final asymptotes integrat
9568-1,9568,512,43,1,37.00,52262.87,0.08,0.07,A,F,1993-05-15,1993-05-23,1993-05-25,NONE,FOB,ar accounts: expres
9568-2,9568,657,89,2,19.00,29595.35,0.06,0.05,R,F,1993-04-25,1993-04-19,1993-05-03,TAKE BACK RETURN,FOB, regular fox
9569-1,9569,404,63,1,44.00,57393.60,0.08,0.04,N,O,1997-11-30,1998-01-03,1997-12-19,TAKE BACK RETURN,AIR,"ronic, unusual accounts sleep "
9569-2,9569,1805,49,2,25.00,42670.00,0.04,0.05,N,O,1998-01-19,1997-12-22,1998-02-08,NONE,TRUCK," regular, regular depo"
9569-3,9569,158,85,3,30.00,31744.50,0.07,0.00,N,O,1998-02-23,1997-12-08,1998-03-02,COLLECT COD,TRUCK,xes across
9569-4,9569,1678,20,4,40.00,63186.80,0.00,0.02,N,O,1997-11-15,1997-12-15,1997-11-26,NONE,RAIL,ccounts. furiously even requests sleep bl
9569-5,9569,976,79,5,10.00,18769.70,0.07,0.06,N,O,1998-01-09,1997-12-12,1998-01-13,COLLECT COD,REG AIR,s. furiously pending accounts sleep 
9570-1,9570,786,87,1,6.00,10120.68,0.02,0.06,N,O,1996-06-19,1996-07-15,1996-06-27,NONE,AIR,refully after
9570-2,9570,1359,36,2,7.00,8822.45,0.02,0.05,N,O,1996-06-08,1996-07-16,1996-06-17,DELIVER IN PERSON,TRUCK,lites. pending requests wake s
9570-3,9570,652,53,3,20.00,31053.00,0.09,0.07,N,O,1996-09-06,1996-08-06,1996-09-17,COLLECT COD,RAIL,s. express ideas
9570-4,9570,1982,27,4,6.00,11303.88,0.01,0.04,N,O,1996-07-12,1996-07-10,1996-07-19,DELIVER IN PERSON,REG AIR,gle above the qui
9570-5,9570,24,100,5,19.00,17556.38,0.06,0.07,N,O,1996-06-18,1996-08-07,1996-06-22,DELIVER IN PERSON,AIR,ily regular foxes according to
9571-1,9571,1350,27,1,4.00,5005.40,0.07,0.04,N,O,1996-08-10,1996-06-01,1996-08-25,TAKE BACK RETURN,FOB, special deposits doub
9571-2,9571,1346,85,2,45.00,56130.30,0.06,0.01,N,O,1996-06-21,1996-07-14,1996-07-20,TAKE BACK RETURN,SHIP,s pinto beans.
9572-1,9572,418,19,1,33.00,43507.53,0.08,0.02,N,O,1998-06-13,1998-06-02,1998-06-30,COLLECT COD,TRUCK, asymptotes wake
9572-2,9572,1732,59,2,17.00,27773.41,0.10,0.00,N,O,1998-05-13,1998-05-30,1998-05-27,TAKE BACK RETURN,REG AIR,accounts use accordin
9572-3,9572,106,59,3,21.00,21128.10,0.07,0.01,N,O,1998-04-29,1998-04-27,1998-05-23,COLLECT COD,AIR,e slyly regular excu
9573-1,9573,1243,44,1,5.00,5721.20,0.01,0.00,R,F,1992-09-23,1992-08-02,1992-10-20,NONE,AIR,tes across the blithely regular d
9573-2,9573,1412,91,2,45.00,59103.45,0.04,0.00,R,F,1992-09-05,1992-07-19,1992-09-14,NONE,TRUCK,nto beans use blithe
9573-3,9573,679,42,3,50.00,78983.50,0.08,0.07,A,F,1992-07-12,1992-07-16,1992-07-16,NONE,AIR,foxes wake quickly quickly regular do
9574-1,9574,1305,6,1,48.00,57902.40,0.04,0.03,N,O,1995-09-13,1995-09-02,1995-10-12,COLLECT COD,RAIL,ide of the fina
9574-2,9574,1665,66,2,24.00,37599.84,0.04,0.06,N,O,1995-08-01,1995-09-20,1995-08-18,COLLECT COD,FOB,waters. fluffily pending accounts sl
9574-3,9574,479,67,3,38.00,52419.86,0.04,0.00,N,O,1995-11-16,1995-10-22,1995-11-23,NONE,MAIL,structions haggl
9575-1,9575,1172,81,1,2.00,2146.34,0.10,0.06,R,F,1992-07-01,1992-06-05,1992-07-19,TAKE BACK RETURN,REG AIR,to nod alongside of the blithely s
9575-2,9575,1431,10,2,19.00,25316.17,0.07,0.08,A,F,1992-04-15,1992-06-09,1992-05-09,DELIVER IN PERSON,RAIL,ickly aroun
9600-1,9600,1509,10,1,40.00,56420.00,0.03,0.00,A,F,1994-02-01,1994-01-13,1994-02-24,DELIVER IN PERSON,REG AIR,nt ideas about the slyly pendi
9600-2,9600,16,42,2,3.00,2748.03,0.01,0.03,R,F,1993-12-19,1993-12-28,1994-01-15,DELIVER IN PERSON,MAIL,ular accounts. furiously regula
9600-3,9600,864,64,3,24.00,42356.64,0.08,0.08,R,F,1993-12-11,1993-12-15,1993-12-20,TAKE BACK RETURN,TRUCK,heodolites wake slyly
9601-1,9601,301,2,1,25.00,30032.50,0.00,0.06,N,O,1996-04-07,1996-04-24,1996-05-04,NONE,SHIP,l packages. final theodolites cajole bl
9601-2,9601,724,25,2,28.00,45492.16,0.10,0.05,N,O,1996-03-31,1996-04-21,1996-04-30,DELIVER IN PERSON,MAIL,. fluffily even ins
9601-3,9601,1228,29,3,17.00,19196.74,0.04,0.05,N,O,1996-06-29,1996-05-18,1996-07-12,TAKE BACK RETURN,FOB,s use perm
9601-4,9601,1374,51,4,14.00,17855.18,0.02,0.08,N,O,1996-06-10,1996-06-10,1996-06-24,TAKE BACK RETURN,SHIP,inal ideas. qui
9601-5,9601,1604,5,5,21.00,31617.60,0.10,0.07,N,O,1996-05-04,1996-05-05,1996-06-03,TAKE BACK RETURN,MAIL, final theodolites lose 
9602-1,9602,35,61,1,24.00,22440.72,0.04,0.05,A,F,1993-01-21,1992-12-28,1993-02-19,NONE,AIR, slyly throughout the q
9602-2,9602,1795,38,2,44.00,74658.76,0.05,0.03,R,F,1993-01-09,1993-01-01,1993-01-25,DELIVER IN PERSON,RAIL,furiously pending 
9602-3,9602,977,46,3,20.00,37559.40,0.09,0.02,A,F,1993-02-16,1993-01-29,1993-02-26,COLLECT COD,AIR,ul theodolites. quickl
9602-4,9602,187,14,4,28.00,30441.04,0.04,0.00,R,F,1992-11-15,1993-01-12,1992-11-21,COLLECT COD,SHIP,ely blithely ironic accounts
9602-5,9602,1969,58,5,19.00,35548.24,0.06,0.02,A,F,1993-01-17,1993-02-07,1993-01-31,COLLECT COD,RAIL,"ithely regular, even pinto bean"
9603-1,9603,1882,69,1,46.00,82058.48,0.08,0.02,N,O,1998-04-08,1998-02-13,1998-04-19,DELIVER IN PERSON,FOB,"nal, even foxes boost. carefully even"
9603-2,9603,1899,86,2,36.00,64832.04,0.05,0.03,N,O,1998-03-10,1998-03-15,1998-03-22,NONE,RAIL,osits cajole against the quickly s
9603-3,9603,1728,55,3,11.00,17926.92,0.02,0.04,N,O,1998-04-22,1998-02-12,1998-05-11,NONE,TRUCK,"ke express, "
9603-4,9603,909,12,4,26.00,47057.40,0.05,0.06,N,O,1998-04-25,1998-03-12,1998-04-27,TAKE BACK RETURN,MAIL,ld deposits haggle blit
9603-5,9603,1393,8,5,45.00,58247.55,0.01,0.02,N,O,1998-01-14,1998-04-02,1998-01-20,DELIVER IN PERSON,TRUCK,"ding accounts sleep. express, i"
9603-6,9603,735,36,6,33.00,53979.09,0.10,0.05,N,O,1998-04-25,1998-03-20,1998-05-15,NONE,MAIL,"g, regular ideas are regularl"
9604-1,9604,1994,27,1,26.00,49295.74,0.04,0.03,N,O,1996-07-15,1996-08-13,1996-08-11,DELIVER IN PERSON,FOB,ly express platelets. blithely daring sh
9605-1,9605,1871,1,1,22.00,39003.14,0.04,0.02,R,F,1993-03-24,1993-02-08,1993-04-01,TAKE BACK RETURN,MAIL,jole. slyly final deposits cajol
9605-2,9605,1778,21,2,48.00,80628.96,0.08,0.01,R,F,1993-02-10,1993-03-23,1993-02-25,DELIVER IN PERSON,FOB, ironic pa
9606-1,9606,1444,62,1,45.00,60544.80,0.00,0.04,A,F,1994-08-24,1994-09-17,1994-09-07,TAKE BACK RETURN,SHIP,"ccounts. unusual, ironic ideas ar"
9606-2,9606,1787,30,2,18.00,30398.04,0.05,0.04,R,F,1994-08-11,1994-10-11,1994-08-13,DELIVER IN PERSON,RAIL,al platelets. slyly pending de
9606-3,9606,1136,73,3,7.00,7259.91,0.00,0.01,A,F,1994-08-07,1994-10-25,1994-08-24,TAKE BACK RETURN,AIR,fully ironic ideas h
9606-4,9606,1391,68,4,23.00,29724.97,0.08,0.00,R,F,1994-10-25,1994-09-10,1994-11-21,TAKE BACK RETURN,AIR,uffily express ideas. carefully final
9606-5,9606,1625,49,5,14.00,21372.68,0.04,0.08,R,F,1994-11-05,1994-09-23,1994-11-23,DELIVER IN PERSON,TRUCK,xpress waters wake slyl
9607-1,9607,1523,24,1,33.00,47009.16,0.08,0.04,N,O,1996-01-07,1996-03-11,1996-01-24,DELIVER IN PERSON,SHIP,kages boost after the b
9632-1,9632,1467,68,1,31.00,42422.26,0.08,0.01,R,F,1992-04-30,1992-04-07,1992-05-22,NONE,AIR,are quickly even foxes
9632-2,9632,276,77,2,9.00,10586.43,0.07,0.04,R,F,1992-02-28,1992-04-12,1992-03-02,TAKE BACK RETURN,TRUCK,into beans. 
9632-3,9632,952,87,3,46.00,85235.70,0.05,0.07,A,F,1992-02-26,1992-03-17,1992-03-03,DELIVER IN PERSON,SHIP,slowly ironic accounts are afte
9632-4,9632,306,91,4,8.00,9650.40,0.01,0.02,A,F,1992-05-05,1992-04-12,1992-06-03,NONE,RAIL,boost quickly acr
9633-1,9633,600,1,1,36.00,54021.60,0.07,0.06,N,O,1995-12-12,1995-11-15,1996-01-05,COLLECT COD,SHIP,deas sleep special ins
9633-2,9633,548,79,2,43.00,62287.22,0.09,0.04,N,O,1995-12-26,1995-11-09,1996-01-10,DELIVER IN PERSON,MAIL,uld snooze after the pending pinto beans. u
9633-3,9633,1354,69,3,42.00,52724.70,0.05,0.00,N,O,1995-09-15,1995-11-09,1995-10-15,NONE,FOB,"s. bold, ironic ideas cajole carefu"
9633-4,9633,590,21,4,12.00,17887.08,0.09,0.04,N,O,1995-11-12,1995-11-13,1995-11-18,COLLECT COD,AIR,ggle. pinto beans haggle accou
9633-5,9633,1211,23,5,11.00,12234.31,0.09,0.06,N,O,1995-12-04,1995-11-20,1995-12-14,COLLECT COD,FOB,ts haggle carefully special ac
9634-1,9634,894,94,1,43.00,77180.27,0.06,0.04,N,O,1998-02-23,1998-03-01,1998-03-05,COLLECT COD,SHIP,lly pending depo
9634-2,9634,119,46,2,25.00,25477.75,0.00,0.07,N,O,1998-04-21,1998-03-30,1998-04-27,NONE,TRUCK,"ironic deposits solve regular, pendin"
9634-3,9634,1038,9,3,19.00,17841.57,0.07,0.02,N,O,1998-04-17,1998-02-17,1998-05-05,DELIVER IN PERSON,MAIL,furiously unusual acco
9634-4,9634,712,45,4,47.00,75797.37,0.09,0.05,N,O,1998-05-03,1998-02-12,1998-05-24,NONE,TRUCK, ideas alongside of the f
9634-5,9634,1836,23,5,27.00,46921.41,0.10,0.06,N,O,1998-03-26,1998-03-06,1998-04-14,DELIVER IN PERSON,MAIL,ckly final deposits! carefully regula
9634-6,9634,1694,77,6,48.00,76593.12,0.01,0.03,N,O,1998-04-03,1998-03-20,1998-04-12,TAKE BACK RETURN,FOB,beans nag slyly even packages. slyly silent
9635-1,9635,589,50,1,11.00,16385.38,0.07,0.08,A,F,1994-05-02,1994-06-08,1994-05-18,DELIVER IN PERSON,SHIP,lar packages. somet
9635-2,9635,504,5,2,30.00,42135.00,0.05,0.07,R,F,1994-07-14,1994-06-25,1994-07-19,NONE,REG AIR, dolphins are thinly above the express
9635-3,9635,1568,49,3,19.00,27921.64,0.09,0.03,A,F,1994-08-08,1994-06-09,1994-08-26,NONE,FOB,usly final asymptotes. 
9635-4,9635,1125,34,4,12.00,12313.44,0.05,0.06,R,F,1994-07-09,1994-06-05,1994-07-31,TAKE BACK RETURN,MAIL,rding to the 
9635-5,9635,559,60,5,26.00,37948.30,0.03,0.02,A,F,1994-07-24,1994-05-29,1994-08-21,NONE,FOB,ole slyly quickly express dependencies. ev
9635-6,9635,339,96,6,28.00,34701.24,0.06,0.01,R,F,1994-08-11,1994-06-14,1994-08-24,DELIVER IN PERSON,SHIP,"s nag blithely after the regular, "
9636-1,9636,145,98,1,47.00,49121.58,0.02,0.02,N,O,1997-02-05,1997-03-31,1997-02-26,TAKE BACK RETURN,AIR,telets. furiously regular i
9636-2,9636,738,3,2,36.00,58994.28,0.08,0.02,N,O,1997-02-10,1997-04-14,1997-03-05,NONE,SHIP,lly ironic 
9636-3,9636,82,8,3,5.00,4910.40,0.00,0.04,N,O,1997-05-25,1997-03-07,1997-06-16,TAKE BACK RETURN,SHIP, thrash carefully 
9637-1,9637,636,68,1,45.00,69148.35,0.10,0.02,R,F,1994-03-24,1994-02-28,1994-03-30,COLLECT COD,SHIP, to the bold packages are carefully pend
9637-2,9637,1474,92,2,6.00,8252.82,0.05,0.02,A,F,1994-03-18,1994-04-04,1994-03-28,DELIVER IN PERSON,MAIL,ironic accounts. slyly busy packages sl
9637-3,9637,1366,5,3,33.00,41822.88,0.05,0.01,R,F,1994-02-27,1994-04-02,1994-03-26,NONE,FOB,lithely ironic notornis. fluffily bus
9637-4,9637,1109,82,4,1.00,1010.10,0.02,0.02,A,F,1994-03-21,1994-03-19,1994-04-15,TAKE BACK RETURN,FOB,to the requests. even packages m
9638-1,9638,1679,21,1,48.00,75872.16,0.06,0.07,N,O,1996-09-26,1996-09-06,1996-10-15,NONE,FOB,ironic account
9638-2,9638,1346,85,2,4.00,4989.36,0.06,0.02,N,O,1996-07-03,1996-08-07,1996-07-28,COLLECT COD,FOB,s use alongside of the fluffily bol
9638-3,9638,1975,64,3,6.00,11261.82,0.03,0.04,N,O,1996-07-24,1996-08-24,1996-08-02,TAKE BACK RETURN,FOB, ironic foxes. blithely final excuses mo
9638-4,9638,948,49,4,10.00,18489.40,0.00,0.06,N,O,1996-09-04,1996-09-04,1996-09-21,COLLECT COD,SHIP, regularly silent theodolites. slo
9639-1,9639,322,79,1,34.00,41558.88,0.06,0.05,R,F,1993-10-23,1993-11-24,1993-11-01,TAKE BACK RETURN,RAIL,arefully about the pendin
9639-2,9639,230,12,2,42.00,47469.66,0.09,0.08,A,F,1993-09-24,1993-11-16,1993-09-27,NONE,MAIL,ses through th
9639-3,9639,1809,53,3,33.00,56456.40,0.01,0.03,A,F,1993-10-28,1993-11-22,1993-11-01,COLLECT COD,TRUCK, slyly even excuses. special de
9639-4,9639,1796,23,4,2.00,3395.58,0.10,0.04,A,F,1993-11-22,1993-11-01,1993-12-21,NONE,TRUCK," fluffy, regular packages "
9639-5,9639,945,14,5,44.00,81221.36,0.02,0.07,A,F,1993-12-28,1993-10-18,1994-01-16,DELIVER IN PERSON,MAIL,l requests b
9639-6,9639,882,82,6,3.00,5348.64,0.10,0.07,A,F,1993-11-13,1993-10-14,1993-12-13,TAKE BACK RETURN,RAIL,ording to the quickly special 
9639-7,9639,1106,43,7,6.00,6042.60,0.01,0.03,A,F,1993-12-21,1993-11-26,1993-12-30,TAKE BACK RETURN,AIR,es after the carefully unusual asympto
9664-1,9664,358,87,1,50.00,62917.50,0.09,0.07,A,F,1993-04-18,1993-05-28,1993-04-22,DELIVER IN PERSON,MAIL,ests. slyly ironic pain
9664-2,9664,353,10,2,1.00,1253.35,0.00,0.04,A,F,1993-06-01,1993-06-06,1993-06-19,TAKE BACK RETURN,AIR,eas. furiously even pack
9664-3,9664,310,67,3,37.00,44781.47,0.08,0.03,R,F,1993-05-30,1993-05-27,1993-06-04,COLLECT COD,TRUCK,he slyly ironic packages. f
9665-1,9665,884,84,1,11.00,19633.68,0.06,0.00,R,F,1994-05-11,1994-06-28,1994-06-04,TAKE BACK RETURN,MAIL,oxes along the regular pinto beans hagg
9665-2,9665,1824,68,2,5.00,8629.10,0.02,0.04,A,F,1994-06-27,1994-06-12,1994-07-21,NONE,RAIL,pecial packages m
9665-3,9665,1168,77,3,50.00,53458.00,0.02,0.04,R,F,1994-07-31,1994-07-12,1994-08-11,TAKE BACK RETURN,REG AIR,oost carefully according to the sil
9666-1,9666,960,61,1,32.00,59550.72,0.00,0.02,N,O,1996-06-27,1996-07-09,1996-07-01,DELIVER IN PERSON,RAIL,gouts eat. slyly unusual requests nod qu
9666-2,9666,431,61,2,49.00,65240.07,0.07,0.08,N,O,1996-06-03,1996-07-08,1996-06-07,DELIVER IN PERSON,SHIP,lar packages. blithely
9666-3,9666,971,6,3,2.00,3743.94,0.04,0.01,N,O,1996-05-19,1996-06-25,1996-05-20,DELIVER IN PERSON,SHIP,packages. fluffily regu
9666-4,9666,1950,39,4,46.00,85189.70,0.03,0.02,N,O,1996-06-12,1996-08-05,1996-06-13,COLLECT COD,AIR,y careful dolphins serve 
9666-5,9666,1484,63,5,8.00,11083.84,0.09,0.07,N,O,1996-07-06,1996-07-24,1996-07-30,TAKE BACK RETURN,SHIP,. silent packa
9666-6,9666,1420,99,6,12.00,15857.04,0.03,0.02,N,O,1996-06-05,1996-07-02,1996-07-04,DELIVER IN PERSON,MAIL,deas. packages nag quietly bold
9667-1,9667,217,45,1,16.00,17875.36,0.03,0.08,N,O,1996-04-11,1996-05-11,1996-05-11,DELIVER IN PERSON,RAIL,he quickly bold de
9667-2,9667,344,45,2,43.00,53506.62,0.04,0.04,N,O,1996-04-29,1996-04-04,1996-05-15,COLLECT COD,SHIP,tes engage carefully final requests. pen
9667-3,9667,612,6,3,38.00,57479.18,0.03,0.04,N,O,1996-06-19,1996-05-17,1996-07-07,NONE,FOB,ily final excuses
9667-4,9667,432,20,4,8.00,10659.44,0.07,0.02,N,O,1996-04-01,1996-05-14,1996-04-16,DELIVER IN PERSON,RAIL,carefully alongside of the fl
9667-5,9667,1924,69,5,25.00,45648.00,0.09,0.04,N,O,1996-03-28,1996-04-16,1996-04-06,DELIVER IN PERSON,TRUCK,ly regular accoun
9667-6,9667,618,12,6,7.00,10630.27,0.06,0.06,N,O,1996-03-01,1996-03-27,1996-03-16,DELIVER IN PERSON,REG AIR,requests. regular pint
9667-7,9667,118,45,7,16.00,16289.76,0.09,0.00,N,O,1996-04-26,1996-04-30,1996-05-20,COLLECT COD,REG AIR,s across the r
9668-1,9668,1990,35,1,41.00,77571.59,0.04,0.04,R,F,1994-10-06,1994-10-07,1994-11-02,NONE,AIR,sual deposits nod quickly ironically 
9669-1,9669,800,33,1,49.00,83339.20,0.08,0.04,R,F,1994-06-19,1994-07-14,1994-06-25,TAKE BACK RETURN,TRUCK,ructions wake regular i
9670-1,9670,327,56,1,44.00,54002.08,0.10,0.07,N,O,1998-02-14,1997-12-15,1998-03-09,DELIVER IN PERSON,AIR, cajole alongside 
9670-2,9670,19,95,2,34.00,31246.34,0.01,0.04,N,O,1998-01-20,1997-12-25,1998-02-14,TAKE BACK RETURN,TRUCK,ndencies. blithely
9670-3,9670,580,11,3,27.00,39975.66,0.06,0.04,N,O,1997-11-27,1998-01-25,1997-12-27,COLLECT COD,FOB,slyly according to the carefully bo
9670-4,9670,1842,72,4,46.00,80216.64,0.06,0.03,N,O,1998-01-07,1998-02-05,1998-01-23,COLLECT COD,SHIP,h above the regular accou
9671-1,9671,1737,22,1,50.00,81936.50,0.07,0.07,N,O,1995-10-28,1995-11-15,1995-11-24,COLLECT COD,TRUCK,ch slyly. deposits sle
9671-2,9671,1938,27,2,18.00,33118.74,0.10,0.07,N,O,1995-12-10,1995-12-01,1995-12-12,NONE,TRUCK,ily even ideas ab
9671-3,9671,1555,76,3,32.00,46609.60,0.06,0.00,N,O,1995-10-07,1995-11-02,1995-10-14,NONE,TRUCK, the carefully regular packages
9696-1,9696,1692,16,1,43.00,68528.67,0.07,0.07,A,F,1995-05-24,1995-03-31,1995-05-31,TAKE BACK RETURN,TRUCK,c pinto beans. silent 
9696-2,9696,1768,69,2,28.00,46753.28,0.03,0.03,A,F,1995-03-28,1995-05-06,1995-04-04,COLLECT COD,REG AIR,refully ironic deposits. ironic ideas de
9696-3,9696,260,61,3,49.00,56852.74,0.01,0.04,A,F,1995-04-08,1995-04-21,1995-04-20,NONE,AIR,courts sleep slyly across the furiously 
9696-4,9696,150,29,4,37.00,38855.55,0.07,0.05,N,F,1995-06-08,1995-04-01,1995-06-20,DELIVER IN PERSON,TRUCK,s print furiously. quickly exp
9697-1,9697,1298,36,1,8.00,9594.32,0.10,0.05,A,F,1995-02-26,1995-04-16,1995-03-25,COLLECT COD,RAIL,ully furiously final packa
9697-2,9697,969,70,2,21.00,39269.16,0.08,0.03,R,F,1995-04-06,1995-03-10,1995-04-23,NONE,FOB, special excuses. quickly regular 
9697-3,9697,1376,91,3,6.00,7664.22,0.09,0.08,R,F,1995-02-05,1995-03-30,1995-02-07,NONE,RAIL,the furiously express dependencies. re
9697-4,9697,1480,59,4,19.00,26248.12,0.04,0.04,A,F,1995-02-08,1995-04-05,1995-03-02,NONE,RAIL,rays. carefully final or
9697-5,9697,1137,10,5,34.00,35296.42,0.05,0.02,A,F,1995-04-16,1995-04-16,1995-05-10,NONE,AIR,inal deposi
9697-6,9697,1752,53,6,39.00,64496.25,0.07,0.01,A,F,1995-03-25,1995-03-31,1995-04-23,DELIVER IN PERSON,RAIL,unusual accounts along th
9698-1,9698,704,37,1,5.00,8023.50,0.08,0.04,N,O,1995-09-15,1995-10-18,1995-10-11,COLLECT COD,AIR, idle theod
9699-1,9699,230,31,1,10.00,11302.30,0.10,0.06,A,F,1995-03-29,1995-04-18,1995-04-21,DELIVER IN PERSON,TRUCK,equests alongside o
9700-1,9700,269,51,1,47.00,54955.22,0.10,0.02,N,O,1995-11-12,1995-10-16,1995-12-03,NONE,REG AIR,ously regular dolp
9700-2,9700,254,82,2,42.00,48478.50,0.06,0.06,N,O,1995-11-15,1995-10-19,1995-12-10,TAKE BACK RETURN,AIR,e furiously. slyly blithe dependencies al
9700-3,9700,883,83,3,42.00,74922.96,0.04,0.04,N,O,1995-11-26,1995-09-20,1995-11-27,NONE,FOB, final packages.
9700-4,9700,1176,77,4,44.00,47395.48,0.03,0.00,N,O,1995-08-30,1995-09-20,1995-09-28,NONE,FOB,packages grow quickly unusual the
9700-5,9700,1104,5,5,31.00,31158.10,0.08,0.03,N,O,1995-08-31,1995-10-25,1995-09-12,TAKE BACK RETURN,AIR,bold dolphins wake quickly pen
9700-6,9700,1957,90,6,9.00,16730.55,0.01,0.06,N,O,1995-10-25,1995-09-30,1995-11-06,DELIVER IN PERSON,REG AIR,y silent requests. t
9701-1,9701,1595,16,1,33.00,49387.47,0.03,0.07,A,F,1993-04-29,1993-05-09,1993-05-07,NONE,RAIL, the carefully 
9701-2,9701,1910,99,2,32.00,57981.12,0.02,0.01,R,F,1993-03-20,1993-05-01,1993-03-26,TAKE BACK RETURN,MAIL,"nal, bold accounts agai"
9701-3,9701,1073,74,3,17.00,16559.19,0.06,0.03,R,F,1993-05-28,1993-05-17,1993-06-24,NONE,SHIP,al requests hang carefully express pack
9701-4,9701,1251,52,4,36.00,41481.00,0.10,0.00,R,F,1993-04-20,1993-04-03,1993-05-12,DELIVER IN PERSON,MAIL,inal asymptotes. 
9701-5,9701,166,45,5,38.00,40514.08,0.04,0.08,A,F,1993-05-07,1993-04-23,1993-05-12,DELIVER IN PERSON,SHIP,against the blithely bold packages. iron
9701-6,9701,712,77,6,43.00,69346.53,0.03,0.05,A,F,1993-06-26,1993-05-04,1993-07-01,TAKE BACK RETURN,TRUCK,ajole. slyly ir
9701-7,9701,1554,55,7,2.00,2911.10,0.06,0.00,R,F,1993-06-19,1993-04-02,1993-07-11,TAKE BACK RETURN,RAIL, haggle furiously. sl
9702-1,9702,825,92,1,18.00,31064.76,0.09,0.05,N,O,1996-11-07,1996-10-15,1996-11-15,TAKE BACK RETURN,AIR,ly even foxes boost fluffily final theo
9702-2,9702,122,1,2,14.00,14309.68,0.05,0.06,N,O,1996-10-10,1996-10-06,1996-10-14,DELIVER IN PERSON,AIR,deas. blithely speci
9702-3,9702,373,30,3,5.00,6366.85,0.08,0.00,N,O,1996-09-02,1996-10-16,1996-09-24,COLLECT COD,RAIL,uriously quickly pending pinto bean
9702-4,9702,310,39,4,37.00,44781.47,0.06,0.06,N,O,1996-10-08,1996-09-27,1996-10-25,DELIVER IN PERSON,FOB,g the ironic braids. special packag
9702-5,9702,971,6,5,28.00,52415.16,0.07,0.07,N,O,1996-11-25,1996-11-14,1996-12-03,TAKE BACK RETURN,TRUCK,arefully regular deposits above the fi
9702-6,9702,1523,4,6,17.00,24216.84,0.04,0.06,N,O,1996-09-16,1996-11-04,1996-10-02,DELIVER IN PERSON,SHIP,otes are furiously. regular packages solve
9702-7,9702,1363,64,7,9.00,11379.24,0.09,0.06,N,O,1996-10-29,1996-11-02,1996-11-12,DELIVER IN PERSON,TRUCK,y final deposits wake regular in
9703-1,9703,357,42,1,24.00,30176.40,0.05,0.01,R,F,1994-10-22,1994-12-24,1994-11-01,COLLECT COD,REG AIR,onic epitaphs hinder s
9728-1,9728,454,55,1,32.00,43342.40,0.10,0.01,A,F,1993-07-04,1993-09-25,1993-07-08,COLLECT COD,SHIP,usual deposits. carefully pending dolphins
9729-1,9729,444,3,1,39.00,52433.16,0.04,0.03,N,O,1996-07-30,1996-08-22,1996-08-17,COLLECT COD,MAIL,es haggle afte
9729-2,9729,1792,19,2,44.00,74526.76,0.08,0.08,N,O,1996-08-04,1996-08-23,1996-08-26,COLLECT COD,MAIL,eposits. quickly final
9729-3,9729,30,81,3,25.00,23250.75,0.05,0.05,N,O,1996-10-21,1996-09-12,1996-11-14,DELIVER IN PERSON,RAIL,the regular sheaves. slyly final 
9729-4,9729,1037,8,4,15.00,14070.45,0.09,0.05,N,O,1996-08-22,1996-08-25,1996-09-15,DELIVER IN PERSON,RAIL,yly even packages solve furiously about 
9730-1,9730,554,85,1,24.00,34909.20,0.05,0.05,N,O,1997-04-22,1997-05-31,1997-05-22,NONE,FOB,tions. final theod
9730-2,9730,615,47,2,37.00,56077.57,0.06,0.06,N,O,1997-05-01,1997-05-12,1997-05-22,COLLECT COD,MAIL,re carefully bold packages. sl
9730-3,9730,1137,10,3,29.00,30105.77,0.03,0.05,N,O,1997-03-24,1997-05-24,1997-03-26,COLLECT COD,AIR, integrate blithely re
9730-4,9730,1269,81,4,50.00,58513.00,0.10,0.02,N,O,1997-04-06,1997-06-02,1997-04-17,NONE,TRUCK,ly ironic asymptotes are quickly 
9730-5,9730,1898,99,5,33.00,59396.37,0.01,0.08,N,O,1997-06-15,1997-05-04,1997-07-09,COLLECT COD,MAIL,ans need to cajole according to the sly
9730-6,9730,1055,26,6,41.00,39198.05,0.02,0.03,N,O,1997-06-16,1997-05-23,1997-07-04,NONE,FOB,bove the excuses haggle fluf
9731-1,9731,1238,50,1,8.00,9113.84,0.08,0.06,A,F,1993-11-26,1994-01-09,1993-12-05,COLLECT COD,RAIL,xcuses affix according to the c
9731-2,9731,1940,85,2,7.00,12893.58,0.06,0.05,A,F,1994-01-03,1993-12-09,1994-01-12,COLLECT COD,REG AIR,"ep slowly pending packages. final, daring "
9732-1,9732,1452,92,1,4.00,5413.80,0.09,0.06,N,O,1995-06-25,1995-05-26,1995-07-12,DELIVER IN PERSON,AIR,lets. slyly re
9732-2,9732,1011,17,2,47.00,42864.47,0.10,0.08,A,F,1995-04-02,1995-04-20,1995-04-06,DELIVER IN PERSON,REG AIR,quests are quickly a
9732-3,9732,1335,74,3,20.00,24726.60,0.08,0.00,A,F,1995-04-11,1995-05-09,1995-04-12,DELIVER IN PERSON,REG AIR,. quickly express pinto beans according
9733-1,9733,1977,66,1,23.00,43216.31,0.01,0.06,A,F,1994-04-28,1994-05-02,1994-05-19,TAKE BACK RETURN,FOB,"e beside the final, si"
9733-2,9733,1097,98,2,10.00,9980.90,0.10,0.01,A,F,1994-06-04,1994-05-31,1994-06-18,COLLECT COD,SHIP,ld accounts. slyly unusu
9733-3,9733,1272,10,3,17.00,19945.59,0.10,0.00,R,F,1994-06-24,1994-06-03,1994-07-02,TAKE BACK RETURN,AIR,requests haggle furio
9734-1,9734,988,57,1,48.00,90671.04,0.07,0.05,N,O,1997-02-24,1997-05-04,1997-02-27,TAKE BACK RETURN,SHIP,e of the sheaves. regul
9734-2,9734,1874,61,2,21.00,37293.27,0.06,0.02,N,O,1997-05-22,1997-04-29,1997-06-02,DELIVER IN PERSON,FOB," pending, "
9735-1,9735,1081,87,1,1.00,982.08,0.10,0.08,N,O,1997-10-24,1997-08-05,1997-11-19,NONE,AIR,er the carefully bol
9735-2,9735,1604,28,2,13.00,19572.80,0.03,0.07,N,O,1997-08-15,1997-09-10,1997-09-14,COLLECT COD,FOB,ic accounts wake carefu
9735-3,9735,906,75,3,10.00,18069.00,0.09,0.06,N,O,1997-07-09,1997-08-12,1997-07-30,COLLECT COD,MAIL,ependencies 
9735-4,9735,634,66,4,22.00,33761.86,0.06,0.03,N,O,1997-07-23,1997-08-29,1997-08-17,COLLECT COD,AIR,y. bravely iron
9735-5,9735,898,65,5,26.00,46771.14,0.08,0.02,N,O,1997-08-23,1997-08-27,1997-09-05,NONE,AIR,uriously above the quickly iro
9760-1,9760,746,43,1,17.00,27994.58,0.02,0.05,N,O,1998-04-28,1998-06-20,1998-04-30,TAKE BACK RETURN,FOB,nstructions. regular deposits against th
9760-2,9760,652,84,2,30.00,46579.50,0.03,0.07,N,O,1998-05-31,1998-05-24,1998-06-21,NONE,SHIP,y even dependencies serve carefully acros
9760-3,9760,1667,50,3,14.00,21961.24,0.03,0.05,N,O,1998-05-25,1998-06-04,1998-06-22,TAKE BACK RETURN,REG AIR,-- fluffily express excuses
9760-4,9760,1552,33,4,40.00,58142.00,0.02,0.04,N,O,1998-07-05,1998-06-29,1998-08-01,COLLECT COD,FOB,al dependencies wake blithely caref
9761-1,9761,800,33,1,27.00,45921.60,0.07,0.04,A,F,1992-02-12,1992-03-22,1992-02-16,NONE,FOB,ost. fluffily express depe
9761-2,9761,1091,27,2,26.00,25794.34,0.05,0.08,A,F,1992-04-08,1992-03-09,1992-04-23,COLLECT COD,MAIL," haggle; bold, pending dependencies ag"
9762-1,9762,1175,76,1,17.00,18294.89,0.02,0.06,R,F,1994-04-24,1994-03-13,1994-05-17,TAKE BACK RETURN,AIR, hinder. quickly f
9762-2,9762,1179,80,2,30.00,32405.10,0.10,0.03,R,F,1994-02-02,1994-04-01,1994-02-25,DELIVER IN PERSON,TRUCK,beans. blithely ironic pinto beans accordin
9762-3,9762,1186,95,3,30.00,32615.40,0.06,0.08,A,F,1994-04-21,1994-03-16,1994-04-22,COLLECT COD,REG AIR,d excuses wake carefully: 
9762-4,9762,1576,17,4,33.00,48759.81,0.00,0.02,R,F,1994-04-18,1994-03-20,1994-05-15,DELIVER IN PERSON,RAIL, silent decoys. fin
9762-5,9762,1307,84,5,12.00,14499.60,0.04,0.00,A,F,1994-04-21,1994-02-16,1994-05-17,COLLECT COD,RAIL,st against the the
9762-6,9762,1933,66,6,50.00,91746.50,0.06,0.08,A,F,1994-03-26,1994-03-14,1994-04-08,NONE,FOB,es. unusual excuses detect furiously ironi
9763-1,9763,1074,75,1,50.00,48753.50,0.10,0.04,N,O,1995-11-21,1995-10-27,1995-11-28,COLLECT COD,REG AIR, ironic foxes a
9763-2,9763,897,98,2,2.00,3595.78,0.07,0.00,N,O,1995-10-09,1995-09-22,1995-11-05,DELIVER IN PERSON,RAIL,leep carefully across the carefully even a
9763-3,9763,1130,3,3,1.00,1031.13,0.02,0.02,N,O,1995-11-11,1995-10-18,1995-12-01,NONE,RAIL,c theodolites sleep slyly! pending r
9763-4,9763,224,25,4,14.00,15739.08,0.02,0.07,N,O,1995-09-27,1995-09-28,1995-10-22,COLLECT COD,SHIP,ely excuses. regular fox
9763-5,9763,761,58,5,12.00,19941.12,0.09,0.02,N,O,1995-09-17,1995-10-06,1995-10-14,NONE,MAIL,gular tithes. special f
9763-6,9763,1448,66,6,14.00,18892.16,0.01,0.04,N,O,1995-09-14,1995-10-22,1995-09-20,COLLECT COD,MAIL,leep carefully express instruction
9763-7,9763,1936,81,7,15.00,27568.95,0.06,0.07,N,O,1995-10-23,1995-10-12,1995-10-28,COLLECT COD,REG AIR,n requests. carefully express accounts ha
9764-1,9764,1355,56,1,23.00,28896.05,0.09,0.03,A,F,1993-02-25,1993-03-04,1993-03-15,DELIVER IN PERSON,AIR, doubt quickly above the quickly iro
9764-2,9764,190,17,2,5.00,5450.95,0.00,0.06,R,F,1993-01-01,1993-03-27,1993-01-23,TAKE BACK RETURN,RAIL,uickly unusual theodolites 
9764-3,9764,1085,56,3,26.00,25638.08,0.08,0.01,A,F,1993-02-17,1993-02-04,1993-02-28,NONE,RAIL,iously after the quickly reg
9765-1,9765,1365,66,1,34.00,43056.24,0.01,0.06,A,F,1992-11-04,1992-12-16,1992-11-19,COLLECT COD,FOB,egular packages doze above the furiously
9766-1,9766,1398,37,1,46.00,59771.94,0.08,0.01,A,F,1992-11-18,1992-10-02,1992-12-04,TAKE BACK RETURN,FOB,beans along the final pinto beans cajol
9766-2,9766,1387,88,2,3.00,3865.14,0.04,0.04,R,F,1992-08-28,1992-10-22,1992-09-17,TAKE BACK RETURN,FOB,". carefully blithe grouches sleep. bold, "
9766-3,9766,1803,90,3,25.00,42620.00,0.03,0.06,A,F,1992-11-21,1992-10-14,1992-12-11,COLLECT COD,TRUCK,sleep after the furiously 
9766-4,9766,264,65,4,50.00,58213.00,0.00,0.07,R,F,1992-12-11,1992-10-12,1992-12-17,COLLECT COD,RAIL,"al, regular dolphins are blithe"
9767-1,9767,848,15,1,28.00,48967.52,0.08,0.04,A,F,1994-08-29,1994-08-17,1994-09-07,NONE,AIR,"s, unusual requests are flu"
9792-1,9792,1698,99,1,16.00,25595.04,0.07,0.03,N,O,1995-10-24,1995-10-03,1995-10-29,TAKE BACK RETURN,AIR,ggle slyly Tiresias. qu
9792-2,9792,986,89,2,25.00,47174.50,0.03,0.06,N,O,1995-09-25,1995-10-12,1995-10-25,COLLECT COD,TRUCK,y. daringly bold pinto beans across the
9792-3,9792,1580,61,3,41.00,60744.78,0.01,0.00,N,O,1995-08-05,1995-10-20,1995-08-25,COLLECT COD,FOB, quickly ab
9792-4,9792,1159,32,4,4.00,4240.60,0.06,0.02,N,O,1995-08-27,1995-08-26,1995-09-02,NONE,AIR, pending requests. sile
9792-5,9792,303,60,5,29.00,34895.70,0.06,0.05,N,O,1995-11-05,1995-08-25,1995-11-24,DELIVER IN PERSON,MAIL,usy ideas haggle furiously
9793-1,9793,284,66,1,7.00,8289.96,0.04,0.06,A,F,1992-06-22,1992-06-10,1992-07-07,TAKE BACK RETURN,MAIL, even deposits sl
9793-2,9793,1417,57,2,2.00,2636.82,0.01,0.06,R,F,1992-05-01,1992-05-05,1992-05-03,DELIVER IN PERSON,AIR,s cajole fluffily. bl
9793-3,9793,848,82,3,4.00,6995.36,0.09,0.04,R,F,1992-06-22,1992-06-14,1992-07-02,NONE,TRUCK,"ests poach final, regular excuses. d"
9793-4,9793,140,19,4,33.00,34324.62,0.01,0.05,A,F,1992-04-14,1992-05-06,1992-04-22,COLLECT COD,MAIL,le slyly furiously bold acc
9793-5,9793,1068,4,5,29.00,28102.74,0.06,0.03,R,F,1992-07-20,1992-06-25,1992-07-21,COLLECT COD,FOB,symptotes. furiously bold r
9794-1,9794,1049,55,1,32.00,30401.28,0.09,0.01,R,F,1992-04-28,1992-05-15,1992-05-03,NONE,FOB, pinto beans about the iro
9794-2,9794,1112,85,2,3.00,3039.33,0.09,0.08,A,F,1992-07-12,1992-05-17,1992-07-28,NONE,REG AIR,xcuses. regular decoys haggle about the f
9794-3,9794,1856,100,3,17.00,29883.45,0.06,0.06,A,F,1992-05-14,1992-04-24,1992-06-11,NONE,MAIL,e carefully pending dependenc
9794-4,9794,2000,1,4,44.00,39688.00,0.08,0.07,R,F,1992-05-14,1992-05-14,1992-05-31,DELIVER IN PERSON,AIR, pinto bea
9794-5,9794,37,38,5,32.00,29984.96,0.06,0.08,R,F,1992-04-30,1992-05-13,1992-05-22,NONE,FOB,carefully final packages wake flu
9794-6,9794,970,71,6,40.00,74838.80,0.01,0.05,R,F,1992-05-03,1992-05-27,1992-05-24,TAKE BACK RETURN,AIR, theodolites cajole caref
9794-7,9794,104,57,7,8.00,8032.80,0.00,0.05,A,F,1992-07-01,1992-05-15,1992-07-25,DELIVER IN PERSON,AIR,ets haggle b
9795-1,9795,1153,62,1,13.00,13703.95,0.08,0.01,N,O,1998-05-26,1998-03-16,1998-06-07,NONE,SHIP,across the furiously reg
9795-2,9795,412,13,2,26.00,34122.66,0.06,0.02,N,O,1998-04-22,1998-05-01,1998-05-06,TAKE BACK RETURN,FOB,even hockey players against the hockey 
9795-3,9795,1047,18,3,23.00,21804.92,0.06,0.06,N,O,1998-05-13,1998-04-05,1998-06-09,NONE,RAIL,ecial realm
9795-4,9795,753,54,4,47.00,77726.25,0.01,0.04,N,O,1998-03-10,1998-05-04,1998-03-21,TAKE BACK RETURN,AIR,ithely final requests are 
9795-5,9795,1175,12,5,27.00,29056.59,0.09,0.02,N,O,1998-02-09,1998-04-22,1998-02-26,DELIVER IN PERSON,RAIL,ding accounts. p
9795-6,9795,1287,88,6,34.00,40401.52,0.05,0.07,N,O,1998-02-25,1998-03-07,1998-03-07,TAKE BACK RETURN,SHIP,tructions alongside 
9796-1,9796,1822,52,1,36.00,62057.52,0.00,0.06,A,F,1993-10-15,1993-10-15,1993-11-01,COLLECT COD,RAIL,s breach about the packages. quick
9796-2,9796,785,50,2,25.00,42144.50,0.03,0.05,A,F,1993-10-10,1993-11-13,1993-10-31,TAKE BACK RETURN,AIR,ithely bold excuses use caref
9796-3,9796,1415,55,3,18.00,23695.38,0.03,0.06,A,F,1993-09-28,1993-10-30,1993-10-02,TAKE BACK RETURN,SHIP,yly after the fluffily bo
9796-4,9796,450,38,4,31.00,41863.95,0.03,0.06,R,F,1993-09-19,1993-12-01,1993-09-29,NONE,RAIL,"ng the final, pending requests; some"
9796-5,9796,1583,4,5,39.00,57898.62,0.07,0.06,A,F,1993-09-28,1993-10-11,1993-10-23,COLLECT COD,REG AIR,ave to nag slyly sil
9796-6,9796,750,47,6,8.00,13206.00,0.03,0.07,R,F,1993-11-27,1993-11-01,1993-12-19,DELIVER IN PERSON,FOB,fully regular frays? alwa
9797-1,9797,414,15,1,4.00,5257.64,0.10,0.05,R,F,1993-12-20,1993-11-21,1993-12-26,NONE,REG AIR,s theodolites sleep slyly bold depo
9797-2,9797,1935,80,2,28.00,51434.04,0.10,0.01,R,F,1993-10-03,1993-11-03,1993-10-04,NONE,FOB,g to the furiously bold pinto beans. expr
9797-3,9797,1753,54,3,22.00,36404.50,0.00,0.04,A,F,1993-10-01,1993-11-07,1993-10-14,NONE,SHIP,ilent requests use carefull
9797-4,9797,1425,4,4,33.00,43771.86,0.02,0.01,A,F,1993-12-16,1993-11-03,1994-01-06,NONE,FOB,lly across the doggedly unus
9797-5,9797,870,37,5,31.00,54896.97,0.09,0.02,R,F,1993-10-24,1993-12-12,1993-11-21,DELIVER IN PERSON,AIR,avely final accounts haggle bli
9797-6,9797,1703,30,6,2.00,3209.40,0.00,0.06,A,F,1993-12-25,1993-11-04,1993-12-30,DELIVER IN PERSON,REG AIR,ar packages would
9797-7,9797,27,28,7,24.00,22248.48,0.04,0.03,R,F,1993-12-08,1993-12-01,1994-01-02,COLLECT COD,MAIL,accounts. blithely ironic accounts
9798-1,9798,61,87,1,2.00,1922.12,0.05,0.03,N,O,1996-06-11,1996-05-07,1996-07-08,NONE,MAIL, among the care
9798-2,9798,1186,95,2,20.00,21743.60,0.03,0.03,N,O,1996-05-20,1996-05-27,1996-05-29,DELIVER IN PERSON,FOB,ole furiously. express
9799-1,9799,357,14,1,4.00,5029.40,0.06,0.03,N,O,1996-04-25,1996-06-29,1996-05-24,COLLECT COD,SHIP,. carefully unusual excus
9799-2,9799,1630,31,2,12.00,18379.56,0.02,0.05,N,O,1996-05-28,1996-05-26,1996-06-05,DELIVER IN PERSON,RAIL, the quickly express requests. furiously pe
9799-3,9799,890,90,3,16.00,28654.24,0.04,0.05,N,O,1996-04-12,1996-06-15,1996-05-06,TAKE BACK RETURN,TRUCK,olites. furious
9799-4,9799,1982,15,4,9.00,16955.82,0.06,0.07,N,O,1996-08-06,1996-06-19,1996-08-19,DELIVER IN PERSON,MAIL,onic accounts cajole furiously. qui
9799-5,9799,1254,92,5,49.00,56607.25,0.08,0.04,N,O,1996-07-18,1996-06-11,1996-08-15,COLLECT COD,REG AIR,"ironic depths. brave, pending fox"
9799-6,9799,1298,10,6,23.00,27583.67,0.02,0.05,N,O,1996-07-10,1996-05-25,1996-08-08,TAKE BACK RETURN,REG AIR,se enticingly above the slyly express req
9824-1,9824,414,2,1,8.00,10515.28,0.05,0.07,N,F,1995-05-24,1995-04-21,1995-06-21,TAKE BACK RETURN,FOB,"y unusual, regular f"
9824-2,9824,732,65,2,1.00,1632.73,0.02,0.07,A,F,1995-01-26,1995-04-16,1995-02-11,COLLECT COD,TRUCK,xpress requests 
9824-3,9824,1913,14,3,38.00,68966.58,0.03,0.05,A,F,1995-03-11,1995-03-27,1995-03-15,COLLECT COD,REG AIR,blithely express theo
9824-4,9824,1947,92,4,11.00,20338.34,0.07,0.01,R,F,1995-05-08,1995-04-17,1995-05-14,NONE,REG AIR,breach aft
9824-5,9824,304,5,5,11.00,13247.30,0.09,0.00,A,F,1995-04-15,1995-04-14,1995-05-04,TAKE BACK RETURN,FOB,"e. even, final platelets sleep. blit"
9824-6,9824,711,12,6,49.00,78973.79,0.04,0.01,R,F,1995-03-10,1995-04-07,1995-03-11,NONE,MAIL,e carefully after t
9824-7,9824,980,15,7,25.00,47024.50,0.00,0.07,A,F,1995-02-17,1995-03-12,1995-02-22,COLLECT COD,RAIL,dependencies are quietly. fluffily fina
9825-1,9825,1051,87,1,22.00,20945.10,0.04,0.06,N,O,1996-04-21,1996-07-01,1996-05-19,NONE,MAIL," the even, bold the"
9825-2,9825,1801,2,2,16.00,27244.80,0.07,0.07,N,O,1996-06-15,1996-07-08,1996-07-11,DELIVER IN PERSON,TRUCK,nal dependencies cajole slyly. u
9825-3,9825,759,24,3,4.00,6639.00,0.09,0.00,N,O,1996-06-29,1996-06-28,1996-07-15,NONE,TRUCK,ges haggle accounts. 
9825-4,9825,637,31,4,25.00,38440.75,0.02,0.04,N,O,1996-05-03,1996-07-06,1996-05-18,DELIVER IN PERSON,RAIL,cajole slyly platelets; slyly final pa
9826-1,9826,1721,64,1,34.00,55172.48,0.10,0.05,R,F,1992-07-18,1992-06-12,1992-07-30,DELIVER IN PERSON,AIR,ven packages sleep furiously ev
9826-2,9826,456,86,2,1.00,1356.45,0.02,0.04,A,F,1992-04-22,1992-05-06,1992-05-15,COLLECT COD,MAIL,"olites sleep special, express foxes. theod"
9826-3,9826,1086,57,3,50.00,49354.00,0.03,0.08,R,F,1992-05-07,1992-06-13,1992-05-21,COLLECT COD,FOB,nts integrate slyly ac
9827-1,9827,279,7,1,16.00,18868.32,0.09,0.08,N,O,1998-08-15,1998-09-13,1998-09-08,NONE,SHIP,ul deposits sleep. 
9827-2,9827,1000,1,2,20.00,18020.00,0.08,0.08,N,O,1998-10-23,1998-09-07,1998-11-15,DELIVER IN PERSON,TRUCK,kly even deposits 
9828-1,9828,716,13,1,39.00,63051.69,0.00,0.05,R,F,1992-04-29,1992-06-16,1992-05-23,COLLECT COD,RAIL,ng to the c
9828-2,9828,64,15,2,17.00,16389.02,0.00,0.03,A,F,1992-05-31,1992-06-28,1992-06-23,DELIVER IN PERSON,FOB,"n, silent accounts detect af"
9828-3,9828,508,39,3,21.00,29578.50,0.00,0.06,R,F,1992-06-05,1992-06-29,1992-07-02,COLLECT COD,AIR,usly bold de
9828-4,9828,1837,24,4,32.00,55642.56,0.06,0.00,A,F,1992-08-16,1992-06-17,1992-08-17,DELIVER IN PERSON,SHIP,he courts affix requests. stealthily speci
9828-5,9828,123,2,5,25.00,25578.00,0.01,0.01,R,F,1992-08-19,1992-06-12,1992-08-21,NONE,TRUCK,ing to the bold d
9828-6,9828,1398,99,6,41.00,53274.99,0.02,0.06,A,F,1992-07-25,1992-07-10,1992-08-03,TAKE BACK RETURN,RAIL,"omise regular, pending deposits. slyly f"
9828-7,9828,1773,16,7,13.00,21772.01,0.00,0.01,R,F,1992-06-27,1992-07-15,1992-07-18,COLLECT COD,RAIL,ly ironic ideas integrate about the f
9829-1,9829,210,92,1,2.00,2220.42,0.08,0.08,N,O,1996-03-31,1996-01-25,1996-04-06,DELIVER IN PERSON,MAIL,ng deposits. blithely 
9829-2,9829,599,60,2,3.00,4498.77,0.03,0.01,N,O,1996-02-25,1996-03-01,1996-03-20,NONE,AIR,"into beans wake slyly among the final, r"
9830-1,9830,1575,56,1,26.00,38390.82,0.00,0.06,N,O,1997-12-01,1997-10-09,1997-12-22,DELIVER IN PERSON,TRUCK, deposits poach furiously 
9830-2,9830,231,59,2,34.00,38461.82,0.04,0.03,N,O,1997-10-06,1997-11-28,1997-11-03,NONE,SHIP, regular in
9830-3,9830,347,32,3,17.00,21204.78,0.02,0.01,N,O,1997-12-04,1997-10-16,1997-12-20,NONE,MAIL,l packages. carefully even a
9830-4,9830,835,2,4,19.00,32980.77,0.03,0.04,N,O,1997-11-16,1997-10-10,1997-11-21,COLLECT COD,AIR,"the unusual, regular foxes cajole packag"
9830-5,9830,1806,7,5,42.00,71727.60,0.10,0.08,N,O,1997-12-25,1997-11-07,1998-01-15,DELIVER IN PERSON,AIR,y even requests. blithely ironic
9831-1,9831,162,89,1,23.00,24429.68,0.06,0.04,N,O,1996-10-05,1996-08-13,1996-10-20,DELIVER IN PERSON,RAIL,e carefully between the 
9831-2,9831,696,28,2,37.00,59077.53,0.02,0.08,N,O,1996-07-28,1996-08-05,1996-08-24,DELIVER IN PERSON,MAIL,ctions sleep fur
9856-1,9856,1138,47,1,31.00,32213.03,0.09,0.03,R,F,1993-06-07,1993-08-10,1993-06-30,COLLECT COD,AIR,special packages: dogged dep
9856-2,9856,1360,75,2,49.00,61806.64,0.08,0.06,R,F,1993-08-25,1993-07-24,1993-09-12,COLLECT COD,SHIP,final accounts bo
9856-3,9856,1917,62,3,48.00,87307.68,0.03,0.00,A,F,1993-06-24,1993-08-11,1993-07-18,DELIVER IN PERSON,MAIL,"onic, unusual dolphins"
9856-4,9856,1690,32,4,37.00,58892.53,0.00,0.04,A,F,1993-06-14,1993-08-23,1993-06-27,NONE,TRUCK,le along the closely final e
9857-1,9857,1088,89,1,6.00,5934.48,0.06,0.02,A,F,1993-05-15,1993-06-26,1993-05-19,TAKE BACK RETURN,FOB,riously around the bl
9857-2,9857,2000,33,2,42.00,37884.00,0.05,0.07,A,F,1993-07-22,1993-08-03,1993-07-27,TAKE BACK RETURN,MAIL,sly along the slyly ironic
9857-3,9857,1062,63,3,6.00,5778.36,0.03,0.03,A,F,1993-06-01,1993-07-27,1993-06-18,TAKE BACK RETURN,MAIL,ain according to the d
9857-4,9857,877,44,4,40.00,71114.80,0.00,0.07,R,F,1993-07-18,1993-06-14,1993-08-11,TAKE BACK RETURN,RAIL,"ending, even packages. slyly silent depo"
9857-5,9857,167,68,5,10.00,10671.60,0.00,0.03,R,F,1993-08-08,1993-07-25,1993-08-20,COLLECT COD,REG AIR,across the qui
9857-6,9857,163,16,6,5.00,5315.80,0.09,0.00,A,F,1993-08-04,1993-06-27,1993-09-02,DELIVER IN PERSON,AIR,t the carefully un
9857-7,9857,1437,38,7,13.00,17399.59,0.08,0.03,A,F,1993-08-31,1993-06-17,1993-09-02,DELIVER IN PERSON,SHIP,ly regular accounts boo
9858-1,9858,353,38,1,18.00,22560.30,0.10,0.01,N,O,1997-12-15,1998-02-04,1998-01-09,NONE,RAIL,quests cajole slyly. quietly slow
9858-2,9858,318,3,2,37.00,45077.47,0.04,0.03,N,O,1998-01-13,1998-02-19,1998-02-06,DELIVER IN PERSON,TRUCK,eans. slyly bold exc
9858-3,9858,346,31,3,30.00,37390.20,0.02,0.06,N,O,1998-01-04,1998-01-10,1998-01-11,NONE,RAIL,", final somas haggle quic"
9859-1,9859,1092,93,1,20.00,19861.80,0.04,0.06,N,O,1996-09-03,1996-09-06,1996-10-02,DELIVER IN PERSON,AIR,luffily special deposits wake
9859-2,9859,490,49,2,50.00,69524.50,0.02,0.05,N,O,1996-11-09,1996-10-13,1996-11-18,TAKE BACK RETURN,AIR, packages wake beneath the caref
9859-3,9859,205,87,3,30.00,33156.00,0.03,0.08,N,O,1996-10-26,1996-09-25,1996-11-25,TAKE BACK RETURN,TRUCK,g to the final tithes. regular requests nag
9859-4,9859,1479,97,4,37.00,51077.39,0.09,0.00,N,O,1996-08-20,1996-09-25,1996-09-15,DELIVER IN PERSON,TRUCK,orses nag furiously sl
9859-5,9859,540,71,5,49.00,70586.46,0.00,0.06,N,O,1996-08-27,1996-09-16,1996-09-17,COLLECT COD,REG AIR, blithely silent accounts affix furio
9860-1,9860,756,21,1,4.00,6627.00,0.06,0.07,A,F,1993-12-03,1993-12-27,1993-12-13,COLLECT COD,MAIL, quickly final re
9860-2,9860,1861,48,2,30.00,52885.80,0.03,0.00,A,F,1993-11-02,1993-11-10,1993-11-30,COLLECT COD,SHIP,telets after the blit
9860-3,9860,419,49,3,37.00,48818.17,0.03,0.05,A,F,1994-02-07,1994-01-03,1994-03-04,DELIVER IN PERSON,FOB,ake slyly ironic frets. carefully reg
9860-4,9860,994,63,4,4.00,7579.96,0.04,0.03,A,F,1993-10-18,1993-12-23,1993-11-03,TAKE BACK RETURN,RAIL,ly ironic foxes. ironic 
9860-5,9860,1307,46,5,15.00,18124.50,0.03,0.08,R,F,1994-01-12,1993-12-08,1994-01-30,TAKE BACK RETURN,REG AIR,kages wake furious
9860-6,9860,26,2,6,19.00,17594.38,0.04,0.04,R,F,1993-10-28,1993-12-10,1993-11-15,TAKE BACK RETURN,REG AIR,sits. carefully even deposits affix. req
9861-1,9861,1349,88,1,1.00,1250.34,0.08,0.03,R,F,1992-11-16,1992-11-30,1992-12-04,COLLECT COD,AIR,"ld ideas sleep ironic, unusual pac"
9861-2,9861,109,62,2,7.00,7063.70,0.09,0.02,A,F,1992-11-28,1992-12-12,1992-12-23,DELIVER IN PERSON,RAIL, the fluffily regular th
9861-3,9861,1356,57,3,21.00,26404.35,0.03,0.08,R,F,1993-01-28,1993-01-10,1993-01-31,DELIVER IN PERSON,REG AIR,unts. ideas haggle
9861-4,9861,1122,31,4,6.00,6138.72,0.10,0.05,A,F,1992-12-26,1992-12-04,1993-01-21,COLLECT COD,SHIP,"ily; regular, even plat"
9861-5,9861,1914,15,5,13.00,23606.83,0.02,0.08,R,F,1992-12-31,1993-01-15,1993-01-30,COLLECT COD,MAIL,counts are
9862-1,9862,863,97,1,26.00,45860.36,0.05,0.06,N,O,1998-01-15,1997-11-19,1998-01-25,NONE,FOB,kages cajo
9862-2,9862,396,97,2,11.00,14260.29,0.06,0.06,N,O,1997-12-18,1998-01-03,1998-01-12,TAKE BACK RETURN,AIR,sly pinto beans
9862-3,9862,1959,92,3,37.00,68855.15,0.05,0.07,N,O,1997-11-20,1997-12-27,1997-12-15,DELIVER IN PERSON,SHIP,ctions! blit
9862-4,9862,1827,57,4,4.00,6915.28,0.10,0.01,N,O,1997-12-12,1997-12-06,1998-01-04,TAKE BACK RETURN,SHIP,even requests. special packages nag fluffi
9862-5,9862,1357,58,5,45.00,56625.75,0.07,0.07,N,O,1997-12-15,1997-11-21,1997-12-30,NONE,RAIL,ely silent attainments cajole da
9863-1,9863,856,90,1,48.00,84328.80,0.06,0.08,N,O,1995-12-11,1995-10-11,1996-01-04,NONE,SHIP,tions. fluffily special foxes wake furious
9863-2,9863,130,31,2,47.00,48416.11,0.06,0.04,N,O,1995-11-17,1995-10-14,1995-12-14,TAKE BACK RETURN,AIR,careful deposi
9863-3,9863,1875,62,3,27.00,47975.49,0.07,0.05,N,O,1995-11-13,1995-11-22,1995-11-29,NONE,RAIL,ar asymptotes integrate quickly 
9863-4,9863,1745,46,4,36.00,59282.64,0.04,0.04,N,O,1995-11-17,1995-10-12,1995-11-27,COLLECT COD,AIR," asymptotes cajole furiously. final,"
9863-5,9863,1709,36,5,18.00,28992.60,0.01,0.06,N,O,1995-12-12,1995-11-22,1995-12-14,TAKE BACK RETURN,AIR,even foxes 
9863-6,9863,1037,43,6,43.00,40335.29,0.03,0.06,N,O,1995-10-21,1995-10-06,1995-10-22,COLLECT COD,FOB,ending courts nag 
9863-7,9863,1867,97,7,29.00,51296.94,0.07,0.08,N,O,1995-11-06,1995-11-19,1995-11-12,COLLECT COD,TRUCK, blithely against the 
9888-1,9888,582,13,1,34.00,50407.72,0.04,0.06,A,F,1994-11-25,1994-12-09,1994-12-13,TAKE BACK RETURN,FOB," nag carefully ironic, ironic instructio"
9888-2,9888,669,63,2,12.00,18835.92,0.10,0.03,A,F,1994-11-11,1994-11-25,1994-11-12,TAKE BACK RETURN,REG AIR, express warthogs are alongside
9888-3,9888,1042,43,3,6.00,5658.24,0.07,0.04,A,F,1994-11-25,1994-12-06,1994-12-12,NONE,TRUCK,"regular, regular deposits eat s"
9889-1,9889,1809,96,1,11.00,18818.80,0.02,0.00,A,F,1994-12-26,1994-11-30,1995-01-06,DELIVER IN PERSON,MAIL,p fluffily deposits.
9889-2,9889,1039,40,2,20.00,18800.60,0.10,0.00,A,F,1994-11-10,1994-12-01,1994-11-14,NONE,RAIL, carefully final t
9890-1,9890,1187,60,1,26.00,28292.68,0.00,0.01,R,F,1995-03-15,1995-03-27,1995-03-23,COLLECT COD,MAIL,gle furiously. bold 
9890-2,9890,1660,43,2,41.00,64028.06,0.09,0.01,N,O,1995-06-22,1995-04-14,1995-06-25,DELIVER IN PERSON,AIR,al ideas are furiously abov
9891-1,9891,1959,48,1,5.00,9304.75,0.02,0.05,N,O,1995-09-16,1995-07-23,1995-09-18,TAKE BACK RETURN,RAIL,oost according to the care
9891-2,9891,1731,74,2,32.00,52247.36,0.03,0.02,N,F,1995-06-13,1995-07-09,1995-06-23,COLLECT COD,AIR,final excuses. blithely pending platelets a
9892-1,9892,1970,59,1,5.00,9359.85,0.09,0.08,R,F,1992-09-11,1992-10-06,1992-09-16,NONE,MAIL,ual foxes. carefu
9892-2,9892,1090,91,2,4.00,3964.36,0.05,0.02,A,F,1992-09-22,1992-08-24,1992-10-04,DELIVER IN PERSON,RAIL,telets haggle carefully f
9892-3,9892,1101,2,3,3.00,3006.30,0.02,0.04,R,F,1992-09-21,1992-10-06,1992-10-17,NONE,TRUCK,l excuses lose fluffily. slyl
9893-1,9893,1446,86,1,31.00,41770.64,0.03,0.05,R,F,1994-11-22,1994-10-21,1994-11-29,NONE,REG AIR,ter the fluffily final packages. 
9893-2,9893,875,42,2,13.00,23086.31,0.02,0.07,R,F,1994-08-31,1994-09-17,1994-09-12,DELIVER IN PERSON,TRUCK, requests haggle quickly af
9893-3,9893,1646,70,3,25.00,38691.00,0.04,0.04,A,F,1994-09-08,1994-11-02,1994-10-01,DELIVER IN PERSON,MAIL,onic ideas after
9894-1,9894,1325,40,1,23.00,28205.36,0.01,0.00,A,F,1994-05-06,1994-04-26,1994-06-03,DELIVER IN PERSON,SHIP,s nag final instructions. 
9894-2,9894,802,3,2,6.00,10216.80,0.00,0.07,R,F,1994-05-15,1994-06-09,1994-06-05,NONE,AIR,. slyly even a
9894-3,9894,1972,61,3,33.00,61841.01,0.06,0.06,R,F,1994-05-18,1994-04-26,1994-06-07,DELIVER IN PERSON,MAIL,es around the ironic excuses
9895-1,9895,730,63,1,50.00,81536.50,0.00,0.01,R,F,1993-05-07,1993-07-17,1993-05-14,DELIVER IN PERSON,RAIL,"ic, pending requests h"
9895-2,9895,1375,14,2,24.00,30632.88,0.05,0.05,A,F,1993-04-23,1993-06-30,1993-04-29,COLLECT COD,REG AIR,ar accounts. pen
9895-3,9895,278,79,3,46.00,54200.42,0.02,0.04,A,F,1993-05-23,1993-07-18,1993-06-04,DELIVER IN PERSON,TRUCK,gular deposits sleep blithe
9895-4,9895,1621,45,4,48.00,73085.76,0.02,0.08,A,F,1993-05-24,1993-07-06,1993-06-18,DELIVER IN PERSON,REG AIR,about the slyly bold instructions. accounts
9920-1,9920,1339,16,1,1.00,1240.33,0.06,0.02,N,O,1996-08-05,1996-07-12,1996-08-31,TAKE BACK RETURN,FOB,posits wake silently. sile
9920-2,9920,1910,55,2,28.00,50733.48,0.08,0.03,N,O,1996-09-25,1996-08-30,1996-10-01,DELIVER IN PERSON,FOB, fluffy packages. bl
9920-3,9920,1036,72,3,29.00,27173.87,0.08,0.03,N,O,1996-08-31,1996-07-13,1996-09-19,TAKE BACK RETURN,TRUCK,carefully. blithely express dolphins wake 
9921-1,9921,561,92,1,9.00,13154.04,0.07,0.05,N,O,1995-07-10,1995-08-07,1995-07-14,COLLECT COD,FOB,es across the fluffily fina
9921-2,9921,1804,34,2,48.00,81878.40,0.00,0.04,N,F,1995-05-31,1995-07-02,1995-06-20,TAKE BACK RETURN,TRUCK,c accounts. dependencies wake
9921-3,9921,246,74,3,7.00,8023.68,0.03,0.04,N,O,1995-08-24,1995-06-29,1995-08-30,NONE,RAIL,refully. quickl
9921-4,9921,496,97,4,28.00,39101.72,0.05,0.01,N,O,1995-06-19,1995-06-22,1995-06-25,COLLECT COD,MAIL, quickly express deposi
9922-1,9922,886,86,1,20.00,35737.60,0.01,0.02,R,F,1995-05-09,1995-07-03,1995-05-17,NONE,FOB,unts boost quickly quickly regular asymptot
9922-2,9922,803,3,2,1.00,1703.80,0.09,0.00,N,F,1995-06-16,1995-06-17,1995-06-27,DELIVER IN PERSON,SHIP,osits. furio
9922-3,9922,529,20,3,21.00,30019.92,0.03,0.04,R,F,1995-04-21,1995-06-09,1995-04-29,DELIVER IN PERSON,MAIL,"n requests: ironic, express requests cajol"
9922-4,9922,1473,91,4,31.00,42608.57,0.09,0.04,R,F,1995-05-27,1995-06-04,1995-06-10,DELIVER IN PERSON,MAIL,requests cajole after the slyly ironic 
9922-5,9922,1800,43,5,16.00,27228.80,0.06,0.05,A,F,1995-05-24,1995-06-09,1995-06-05,DELIVER IN PERSON,MAIL,"s; even, ironic requ"
9922-6,9922,686,49,6,32.00,50773.76,0.09,0.04,N,F,1995-06-13,1995-05-17,1995-06-21,NONE,TRUCK,uriously bold as
9922-7,9922,1763,64,7,2.00,3329.52,0.09,0.02,N,O,1995-08-01,1995-06-15,1995-08-10,NONE,REG AIR,inst the bo
9923-1,9923,1439,57,1,11.00,14744.73,0.09,0.05,R,F,1995-01-26,1994-11-15,1995-02-22,TAKE BACK RETURN,SHIP,lyly express pinto beans. ex
9923-2,9923,1022,93,2,45.00,41535.90,0.02,0.00,R,F,1994-12-05,1994-11-11,1994-12-12,COLLECT COD,RAIL, haggle slyly carefully regular id
9923-3,9923,928,31,3,33.00,60354.36,0.04,0.03,A,F,1994-12-30,1994-11-29,1995-01-21,TAKE BACK RETURN,MAIL,kly along the blithel
9923-4,9923,167,20,4,6.00,6402.96,0.07,0.02,R,F,1994-10-23,1994-12-09,1994-11-02,DELIVER IN PERSON,FOB, deposits. s
9923-5,9923,1427,67,5,26.00,34538.92,0.05,0.01,R,F,1995-01-21,1994-11-29,1995-01-22,COLLECT COD,RAIL,o beans detect care
9923-6,9923,827,27,6,41.00,70840.62,0.02,0.01,A,F,1995-01-02,1995-01-01,1995-02-01,COLLECT COD,REG AIR,ickly bold requests. pinto beans boost
9924-1,9924,803,3,1,2.00,3407.60,0.04,0.01,N,O,1997-09-05,1997-06-15,1997-09-18,COLLECT COD,TRUCK,y silently pending req
9924-2,9924,675,69,2,31.00,48845.77,0.09,0.06,N,O,1997-08-25,1997-06-24,1997-09-06,NONE,MAIL, slyly against the foxes. slyl
9924-3,9924,1933,66,3,27.00,49543.11,0.01,0.05,N,O,1997-05-13,1997-07-21,1997-05-20,TAKE BACK RETURN,RAIL,". unusual, final instruction"
9924-4,9924,562,93,4,27.00,39489.12,0.00,0.00,N,O,1997-06-17,1997-06-19,1997-07-16,COLLECT COD,AIR,", express packages since the daringly sly "
9924-5,9924,1751,78,5,34.00,56193.50,0.09,0.00,N,O,1997-08-23,1997-08-06,1997-08-29,COLLECT COD,MAIL,y regular request
9925-1,9925,1590,31,1,40.00,59663.60,0.08,0.01,R,F,1992-03-18,1992-04-09,1992-03-27,COLLECT COD,AIR,"as wake across the regular, unusual in"
9925-2,9925,504,35,2,46.00,64607.00,0.09,0.04,R,F,1992-02-02,1992-03-26,1992-02-06,DELIVER IN PERSON,FOB,iously even requests are furi
9925-3,9925,417,5,3,48.00,63235.68,0.07,0.00,A,F,1992-05-25,1992-04-11,1992-06-10,DELIVER IN PERSON,RAIL,excuses accordi
9925-4,9925,817,84,4,38.00,65276.78,0.07,0.08,A,F,1992-05-16,1992-04-30,1992-06-03,TAKE BACK RETURN,SHIP,ously brave foxes could cajol
9925-5,9925,315,100,5,6.00,7291.86,0.10,0.03,A,F,1992-05-18,1992-04-14,1992-06-07,DELIVER IN PERSON,RAIL,"r, even pinto beans grow slyly. ironic, fi"
9925-6,9925,299,100,6,40.00,47971.60,0.03,0.04,A,F,1992-02-29,1992-04-22,1992-03-10,NONE,TRUCK,ly according to the quickly f
9926-1,9926,283,38,1,42.00,49697.76,0.04,0.02,A,F,1995-01-21,1994-11-21,1995-02-06,COLLECT COD,AIR, final platelets. quickly special requ
9926-2,9926,1737,22,2,4.00,6554.92,0.08,0.07,A,F,1994-11-26,1994-11-23,1994-12-09,TAKE BACK RETURN,TRUCK,cajole furiously according 
9926-3,9926,408,96,3,33.00,43177.20,0.10,0.05,A,F,1994-11-28,1995-01-10,1994-12-25,COLLECT COD,AIR,eas. carefully regular deposits 
9926-4,9926,345,74,4,34.00,42341.56,0.09,0.00,R,F,1995-01-02,1994-12-09,1995-01-22,NONE,TRUCK,"ld, even re"
9926-5,9926,188,67,5,32.00,34821.76,0.10,0.05,A,F,1995-01-30,1994-11-19,1995-02-22,DELIVER IN PERSON,TRUCK,lithely reg
9926-6,9926,643,37,6,39.00,60201.96,0.07,0.03,R,F,1995-01-24,1994-12-12,1995-02-05,NONE,AIR,wake after the
9927-1,9927,9,35,1,43.00,39087.00,0.01,0.05,N,O,1995-12-16,1995-09-16,1995-12-28,COLLECT COD,TRUCK,the furiou
9927-2,9927,1032,33,2,9.00,8397.27,0.07,0.04,N,O,1995-10-12,1995-09-25,1995-10-28,COLLECT COD,MAIL,ly theodol
9927-3,9927,702,99,3,46.00,73724.20,0.09,0.06,N,O,1995-10-25,1995-10-24,1995-11-09,COLLECT COD,AIR,ely pending deposits sleep regularly expr
9927-4,9927,996,31,4,32.00,60703.68,0.07,0.00,N,O,1995-11-03,1995-09-18,1995-11-15,DELIVER IN PERSON,SHIP,"regular ideas are except the unusual, fina"
9927-5,9927,1517,18,5,37.00,52484.87,0.01,0.03,N,O,1995-11-15,1995-09-23,1995-12-15,TAKE BACK RETURN,RAIL, carefully express excuses. reg
9927-6,9927,1194,67,6,8.00,8761.52,0.07,0.08,N,O,1995-10-21,1995-10-31,1995-11-11,DELIVER IN PERSON,MAIL,ke fluffily blithely express request
9952-1,9952,998,33,1,23.00,43676.77,0.05,0.04,R,F,1992-08-24,1992-07-22,1992-08-27,NONE,REG AIR, ironic theodolites against the s
9952-2,9952,419,7,2,20.00,26388.20,0.03,0.00,A,F,1992-05-21,1992-06-07,1992-06-01,NONE,AIR,express foxes haggl
9952-3,9952,429,88,3,15.00,19941.30,0.10,0.04,R,F,1992-05-07,1992-06-24,1992-05-19,COLLECT COD,SHIP,"inal deposits. pending, silent "
9953-1,9953,1800,85,1,2.00,3403.60,0.09,0.06,A,F,1995-04-05,1995-04-28,1995-05-03,DELIVER IN PERSON,MAIL,cajole. depths caj
9953-2,9953,1593,74,2,10.00,14945.90,0.06,0.05,R,F,1995-03-09,1995-05-23,1995-04-06,COLLECT COD,MAIL,nstructions. 
9954-1,9954,922,23,1,30.00,54687.60,0.00,0.07,R,F,1994-07-26,1994-09-01,1994-08-24,DELIVER IN PERSON,RAIL,ole at the carefully final ideas. fluffi
9954-2,9954,1542,63,2,3.00,4330.62,0.01,0.06,A,F,1994-09-10,1994-09-02,1994-10-04,DELIVER IN PERSON,REG AIR, boost above the slyly e
9954-3,9954,319,48,3,28.00,34140.68,0.04,0.02,A,F,1994-09-08,1994-07-24,1994-09-28,TAKE BACK RETURN,TRUCK,ts. ironic
9954-4,9954,1435,36,4,37.00,49447.91,0.05,0.02,R,F,1994-08-08,1994-07-21,1994-09-01,DELIVER IN PERSON,FOB,requests sleep accordin
9954-5,9954,1830,74,5,20.00,34636.60,0.05,0.06,R,F,1994-07-14,1994-09-08,1994-07-20,NONE,REG AIR,"cial deposits engage fluffily: regular, "
9954-6,9954,1813,43,6,18.00,30866.58,0.09,0.02,A,F,1994-06-21,1994-08-26,1994-06-29,TAKE BACK RETURN,TRUCK,rious packa
9955-1,9955,62,13,1,36.00,34634.16,0.09,0.00,N,O,1995-12-17,1995-10-24,1995-12-23,NONE,AIR,quests. slyly b
9955-2,9955,286,41,2,15.00,17794.20,0.00,0.03,N,O,1995-11-12,1995-11-19,1995-11-26,NONE,RAIL,ully special pains caj
9955-3,9955,1939,72,3,42.00,77319.06,0.01,0.08,N,O,1995-10-11,1995-10-16,1995-10-14,TAKE BACK RETURN,AIR,"ions. regular, final i"
9955-4,9955,526,57,4,9.00,12838.68,0.01,0.07,N,O,1995-10-24,1995-12-02,1995-11-14,COLLECT COD,SHIP,y ironic theodoli
9955-5,9955,388,73,5,23.00,29632.74,0.05,0.00,N,O,1995-12-23,1995-11-06,1996-01-13,NONE,REG AIR,s. ironic deposits
9955-6,9955,1132,33,6,14.00,14463.82,0.05,0.04,N,O,1995-10-30,1995-10-25,1995-11-25,NONE,TRUCK,ross the slyly even deposits. 
9956-1,9956,69,95,1,40.00,38762.40,0.02,0.02,R,F,1993-05-13,1993-05-30,1993-06-01,COLLECT COD,MAIL,ong the silent instructions. fl
9957-1,9957,1497,15,1,23.00,32165.27,0.03,0.03,A,F,1994-03-30,1994-02-05,1994-04-13,DELIVER IN PERSON,SHIP,ithely unusual packages nag slyly after the
9957-2,9957,706,3,2,21.00,33740.70,0.09,0.06,R,F,1994-03-08,1994-01-21,1994-04-04,TAKE BACK RETURN,AIR, are slyly. sl
9958-1,9958,1788,15,1,37.00,62521.86,0.09,0.04,A,F,1994-01-25,1994-01-27,1994-02-03,DELIVER IN PERSON,AIR,arefully. even deposits haggl
9958-2,9958,1282,57,2,38.00,44964.64,0.03,0.05,R,F,1994-03-24,1993-12-27,1994-04-12,DELIVER IN PERSON,FOB," beans do solve final, ironic accounts."
9958-3,9958,1911,56,3,23.00,41696.93,0.08,0.00,A,F,1993-12-21,1994-01-21,1993-12-23,DELIVER IN PERSON,REG AIR, final dependenci
9958-4,9958,395,96,4,38.00,49224.82,0.05,0.06,R,F,1994-01-11,1994-01-22,1994-01-30,NONE,AIR,blithely ir
9959-1,9959,490,20,1,6.00,8342.94,0.00,0.03,N,O,1995-11-13,1995-12-13,1995-11-16,COLLECT COD,RAIL," pending, si"
9959-2,9959,1147,20,2,10.00,10481.40,0.07,0.07,N,O,1995-11-07,1995-11-17,1995-11-28,TAKE BACK RETURN,SHIP,ages. final ac
9984-1,9984,1201,2,1,18.00,19839.60,0.01,0.04,N,O,1998-09-26,1998-08-27,1998-10-13,NONE,REG AIR,ites. slyly even deposits promise fu
9984-2,9984,1518,19,2,49.00,69555.99,0.01,0.03,N,O,1998-08-02,1998-09-13,1998-08-08,TAKE BACK RETURN,FOB,sts promise boldly about the sl
9984-3,9984,1393,94,3,33.00,42714.87,0.03,0.00,N,O,1998-09-03,1998-09-15,1998-09-16,COLLECT COD,REG AIR,xpress requests? accounts 
9984-4,9984,800,97,4,27.00,45921.60,0.04,0.05,N,O,1998-07-14,1998-08-21,1998-07-15,TAKE BACK RETURN,AIR,e quickly among the id
9984-5,9984,482,83,5,41.00,56681.68,0.07,0.02,N,O,1998-10-18,1998-08-20,1998-10-31,TAKE BACK RETURN,TRUCK,y special requests haggle slyly. quick
9985-1,9985,1604,87,1,38.00,57212.80,0.06,0.08,A,F,1993-08-21,1993-10-23,1993-09-06,NONE,MAIL,around the slyly pending platelet
9985-2,9985,977,78,2,1.00,1877.97,0.03,0.00,A,F,1993-10-08,1993-11-06,1993-10-24,COLLECT COD,RAIL,nts sleep a
9985-3,9985,524,55,3,17.00,24216.84,0.08,0.01,R,F,1993-10-17,1993-10-03,1993-11-10,NONE,TRUCK,ts cajole blithely re
9986-1,9986,217,18,1,40.00,44688.40,0.04,0.07,N,O,1998-01-20,1997-11-03,1998-01-31,DELIVER IN PERSON,RAIL,eposits. ideas haggle until
9986-2,9986,677,40,2,47.00,74150.49,0.02,0.02,N,O,1997-10-02,1997-12-19,1997-10-13,TAKE BACK RETURN,REG AIR,uffily express excuses cajole carefully. f
9986-3,9986,467,26,3,22.00,30084.12,0.00,0.01,N,O,1997-12-10,1997-12-17,1997-12-16,TAKE BACK RETURN,REG AIR,"s. special, ironic packag"
9987-1,9987,1830,31,1,11.00,19050.13,0.06,0.07,N,O,1995-12-28,1996-02-16,1996-01-10,TAKE BACK RETURN,SHIP,ly regular asympto
9987-2,9987,654,55,2,41.00,63740.65,0.10,0.08,N,O,1996-02-23,1996-01-22,1996-03-22,DELIVER IN PERSON,TRUCK,refully furious accounts. fluffy dep
9987-3,9987,70,21,3,20.00,19401.40,0.09,0.06,N,O,1996-01-15,1996-02-10,1996-01-22,NONE,AIR,sly regular depo
9987-4,9987,1611,12,4,41.00,62017.01,0.06,0.07,N,O,1996-03-03,1996-01-30,1996-03-25,TAKE BACK RETURN,MAIL,ld unusual excuses. blithely fin
9987-5,9987,141,68,5,38.00,39563.32,0.02,0.01,N,O,1996-01-10,1996-02-13,1996-02-06,COLLECT COD,SHIP,packages. slyly unusual 
9987-6,9987,1337,38,6,33.00,40864.89,0.06,0.05,N,O,1996-01-22,1996-02-02,1996-01-25,DELIVER IN PERSON,RAIL,y quickly unusual deposits. quic
9988-1,9988,1757,100,1,37.00,61373.75,0.07,0.05,N,O,1998-02-01,1998-02-05,1998-02-22,TAKE BACK RETURN,TRUCK,furiously even accounts. daring deposits 
9988-2,9988,1732,75,2,50.00,81686.50,0.04,0.01,N,O,1997-12-19,1998-02-02,1997-12-31,COLLECT COD,MAIL,ideas across the unusual depo
9989-1,9989,248,3,1,8.00,9185.92,0.06,0.08,A,F,1993-08-17,1993-09-16,1993-09-14,COLLECT COD,TRUCK,ily even instructions
9989-2,9989,260,61,2,4.00,4641.04,0.00,0.02,R,F,1993-09-02,1993-08-16,1993-09-21,TAKE BACK RETURN,MAIL, above the quickly slow accounts wa
9989-3,9989,1194,67,3,28.00,30665.32,0.08,0.02,A,F,1993-08-21,1993-07-22,1993-09-13,NONE,SHIP,lly regular
9989-4,9989,1524,25,4,50.00,71276.00,0.05,0.04,A,F,1993-09-11,1993-09-12,1993-09-13,NONE,TRUCK,pending pa
9990-1,9990,786,87,1,48.00,80965.44,0.06,0.06,R,F,1992-03-29,1992-06-08,1992-04-14,COLLECT COD,AIR,ckages inside the blithely even acco
9991-1,9991,49,75,1,37.00,35114.48,0.01,0.00,N,O,1996-07-07,1996-07-22,1996-07-16,COLLECT COD,AIR,tes detect ruthless pinto beans. fu
9991-2,9991,1273,85,2,47.00,55190.69,0.02,0.00,N,O,1996-06-21,1996-08-16,1996-07-11,COLLECT COD,AIR,ckly even ideas boost c
10016-1,10016,321,6,1,23.00,28090.36,0.02,0.06,R,F,1993-05-10,1993-04-02,1993-06-03,TAKE BACK RETURN,FOB, carefully ironic instructions poa
10017-1,10017,326,55,1,50.00,61316.00,0.01,0.01,N,O,1998-06-07,1998-05-25,1998-06-10,NONE,SHIP,usly special accounts nag b
10017-2,10017,1319,96,2,31.00,37829.61,0.04,0.07,N,O,1998-07-27,1998-05-12,1998-08-23,TAKE BACK RETURN,SHIP, express accounts sleep care
10018-1,10018,1363,40,1,1.00,1264.36,0.08,0.03,A,F,1993-07-16,1993-08-04,1993-08-02,COLLECT COD,SHIP,nal accounts. accounts wake be
10018-2,10018,1552,93,2,35.00,50874.25,0.10,0.02,R,F,1993-07-13,1993-08-30,1993-07-28,DELIVER IN PERSON,MAIL,ly special instructions. blithely silent 
10018-3,10018,323,52,3,31.00,37922.92,0.06,0.05,A,F,1993-07-12,1993-08-02,1993-08-07,COLLECT COD,FOB,cuses boost blithely. furiously bold pac
10019-1,10019,551,82,1,50.00,72577.50,0.02,0.04,R,F,1994-10-08,1994-10-09,1994-10-20,COLLECT COD,RAIL,cajole carefully into the pinto beans. care
10019-2,10019,244,72,2,32.00,36615.68,0.01,0.07,R,F,1994-08-10,1994-08-20,1994-08-30,COLLECT COD,FOB,dencies are fluffily furiously spec
10019-3,10019,1090,91,3,42.00,41625.78,0.05,0.03,A,F,1994-08-31,1994-09-07,1994-09-28,TAKE BACK RETURN,REG AIR,e regular requests. furiously regular d
10019-4,10019,1550,31,4,11.00,15967.05,0.03,0.04,R,F,1994-10-06,1994-09-22,1994-10-18,TAKE BACK RETURN,REG AIR,e slyly furiously even requests. 
10020-1,10020,1217,92,1,23.00,25718.83,0.02,0.00,N,O,1998-05-24,1998-06-21,1998-06-01,NONE,REG AIR,gular requests. careful theodolites haggle
10020-2,10020,915,84,2,40.00,72636.40,0.03,0.05,N,O,1998-07-31,1998-06-27,1998-08-13,NONE,REG AIR,ously at the furiously regular acco
10021-1,10021,178,31,1,18.00,19407.06,0.02,0.00,R,F,1992-09-09,1992-10-16,1992-09-28,COLLECT COD,SHIP,"old, busy deposits. fu"
10021-2,10021,1211,23,2,28.00,31141.88,0.04,0.06,A,F,1992-10-02,1992-10-16,1992-10-21,COLLECT COD,RAIL,"r theodolites wake. regular, even"
10022-1,10022,266,94,1,40.00,46650.40,0.05,0.08,R,F,1994-04-17,1994-05-04,1994-04-27,COLLECT COD,REG AIR,ackages at the quickly fi
10022-2,10022,402,90,2,18.00,23443.20,0.03,0.02,A,F,1994-07-04,1994-04-26,1994-07-30,DELIVER IN PERSON,FOB,s? closely final deposits detect unus
10023-1,10023,241,69,1,40.00,45649.60,0.03,0.03,N,O,1996-12-17,1997-02-18,1996-12-30,DELIVER IN PERSON,MAIL,fully. regular theodolites according
10023-2,10023,1997,98,2,7.00,13292.93,0.02,0.02,N,O,1997-01-04,1997-01-17,1997-01-12,NONE,SHIP,lithely regular requests. regular
10023-3,10023,1085,86,3,31.00,30568.48,0.05,0.04,N,O,1997-03-31,1997-01-01,1997-04-16,NONE,REG AIR,hely quickly special sheaves. orbits 
10023-4,10023,1322,99,4,15.00,18349.80,0.03,0.06,N,O,1997-02-27,1997-01-18,1997-03-06,COLLECT COD,MAIL,urious foxes breach. quickly even
10048-1,10048,1737,64,1,19.00,31135.87,0.01,0.04,A,F,1994-08-31,1994-06-29,1994-09-22,TAKE BACK RETURN,AIR,longside of the pinto
10048-2,10048,3,79,2,34.00,30702.00,0.03,0.05,A,F,1994-06-07,1994-08-10,1994-06-11,DELIVER IN PERSON,RAIL,yly express accounts
10049-1,10049,686,87,1,39.00,61880.52,0.00,0.06,N,O,1997-10-09,1997-09-25,1997-10-12,NONE,RAIL,ss dolphins. carefully
10049-2,10049,1656,39,2,34.00,52960.10,0.04,0.07,N,O,1997-08-27,1997-10-05,1997-09-07,DELIVER IN PERSON,AIR,onic packages wake at the carefu
10049-3,10049,1594,15,3,4.00,5982.36,0.00,0.00,N,O,1997-11-13,1997-09-26,1997-12-11,NONE,FOB,s pinto beans cajole ac
10049-4,10049,1641,83,4,30.00,46279.20,0.09,0.04,N,O,1997-08-26,1997-09-18,1997-09-07,DELIVER IN PERSON,MAIL,to beans. slyly final courts sleep across 
10050-1,10050,1999,32,1,33.00,62732.67,0.08,0.05,N,O,1996-11-12,1996-11-09,1996-11-25,NONE,TRUCK,es. specia
10050-2,10050,1758,43,2,35.00,58091.25,0.06,0.00,N,O,1997-01-02,1996-11-14,1997-01-19,COLLECT COD,FOB,e even theodolites.
10050-3,10050,1046,82,3,5.00,4735.20,0.08,0.08,N,O,1996-09-15,1996-10-24,1996-09-28,COLLECT COD,RAIL,bold requests. ironic the
10050-4,10050,228,10,4,29.00,32718.38,0.06,0.04,N,O,1996-11-15,1996-11-14,1996-11-27,COLLECT COD,MAIL,eans. final platelets n
10051-1,10051,829,29,1,31.00,53624.42,0.08,0.04,N,O,1996-06-20,1996-07-17,1996-07-18,DELIVER IN PERSON,SHIP,accounts: blithely final accou
10051-2,10051,978,47,2,28.00,52611.16,0.06,0.08,N,O,1996-06-04,1996-06-24,1996-06-08,TAKE BACK RETURN,TRUCK,g to the ironic 
10051-3,10051,870,71,3,14.00,24792.18,0.08,0.00,N,O,1996-08-23,1996-08-18,1996-09-10,TAKE BACK RETURN,REG AIR,yly regular ideas. courts
10051-4,10051,55,56,4,46.00,43932.30,0.08,0.02,N,O,1996-07-11,1996-08-21,1996-07-29,COLLECT COD,TRUCK, the slyly final requests integ
10052-1,10052,387,88,1,30.00,38621.40,0.07,0.06,A,F,1994-12-18,1994-12-02,1994-12-29,NONE,SHIP,rding to the even dolphi
10052-2,10052,544,35,2,39.00,56337.06,0.09,0.07,A,F,1994-12-22,1994-10-10,1995-01-06,TAKE BACK RETURN,AIR,s wake quickly fluffily unusual dependenc
10052-3,10052,177,78,3,29.00,31237.93,0.01,0.04,A,F,1994-12-09,1994-11-26,1995-01-04,NONE,TRUCK,mong the quickly silent foxes w
10052-4,10052,135,36,4,25.00,25878.25,0.06,0.05,R,F,1995-01-02,1994-11-11,1995-01-07,DELIVER IN PERSON,MAIL,uses wake unusu
10052-5,10052,1100,36,5,29.00,29031.90,0.05,0.04,A,F,1994-09-10,1994-12-06,1994-09-16,NONE,MAIL, furiously speci
10052-6,10052,714,47,6,10.00,16147.10,0.01,0.01,R,F,1994-10-19,1994-11-06,1994-11-02,DELIVER IN PERSON,MAIL,ternes use furiously fl
10053-1,10053,77,53,1,15.00,14656.05,0.08,0.00,R,F,1992-01-12,1992-03-08,1992-02-08,TAKE BACK RETURN,TRUCK,xes sleep blithely ironic instruction
10053-2,10053,1345,46,2,24.00,29912.16,0.01,0.01,R,F,1992-04-16,1992-02-18,1992-05-13,NONE,TRUCK, requests 
10053-3,10053,1440,41,3,21.00,28170.24,0.02,0.07,R,F,1992-03-20,1992-02-10,1992-03-25,COLLECT COD,TRUCK,heodolites. carefully final 
10053-4,10053,1402,20,4,24.00,31281.60,0.07,0.06,R,F,1992-01-14,1992-03-05,1992-01-18,TAKE BACK RETURN,TRUCK,equests wake slyly ironic
10053-5,10053,1288,63,5,43.00,51139.04,0.09,0.05,A,F,1992-04-08,1992-02-22,1992-04-11,TAKE BACK RETURN,REG AIR,theodolites. slyly 
10054-1,10054,966,35,1,34.00,63476.64,0.00,0.01,N,O,1995-08-11,1995-07-21,1995-09-10,TAKE BACK RETURN,MAIL,olites sleep slyly across the quickly iron
10054-2,10054,582,13,2,31.00,45959.98,0.02,0.06,N,O,1995-07-17,1995-07-08,1995-07-25,DELIVER IN PERSON,AIR,ites integrate fluffily furiously 
10055-1,10055,1603,4,1,43.00,64697.80,0.00,0.04,N,O,1996-04-23,1996-05-26,1996-04-29,COLLECT COD,REG AIR,s detect furiously 
10055-2,10055,1685,9,2,2.00,3173.36,0.04,0.01,N,O,1996-05-14,1996-04-02,1996-05-18,DELIVER IN PERSON,REG AIR,fily regular accounts nag above
10055-3,10055,1474,75,3,11.00,15130.17,0.00,0.00,N,O,1996-03-10,1996-05-07,1996-03-31,DELIVER IN PERSON,RAIL,after the iro
10055-4,10055,960,95,4,13.00,24192.48,0.04,0.01,N,O,1996-04-18,1996-05-17,1996-05-13,DELIVER IN PERSON,RAIL,the Tiresias caj
10080-1,10080,207,8,1,44.00,48716.80,0.03,0.05,R,F,1993-05-21,1993-04-23,1993-05-26,COLLECT COD,FOB,aggle according to the carefully 
10080-2,10080,149,2,2,24.00,25179.36,0.05,0.01,R,F,1993-04-20,1993-03-26,1993-04-30,TAKE BACK RETURN,SHIP,as sleep carefully iron
10080-3,10080,571,72,3,49.00,72106.93,0.04,0.03,R,F,1993-06-06,1993-05-12,1993-06-09,NONE,SHIP,lithely even depen
10080-4,10080,409,97,4,32.00,41900.80,0.04,0.04,R,F,1993-04-11,1993-05-01,1993-05-04,TAKE BACK RETURN,TRUCK,ajole ironic foxes?
10080-5,10080,1282,20,5,10.00,11832.80,0.05,0.01,A,F,1993-03-18,1993-04-13,1993-04-06,NONE,REG AIR,"lly. even, unu"
10080-6,10080,494,82,6,14.00,19522.86,0.07,0.06,R,F,1993-05-17,1993-03-17,1993-05-27,DELIVER IN PERSON,FOB, foxes. carefully special 
10080-7,10080,258,13,7,2.00,2316.50,0.07,0.07,A,F,1993-05-11,1993-03-19,1993-05-12,TAKE BACK RETURN,REG AIR,s. quickly regular requests are blithely a
10081-1,10081,1419,98,1,28.00,36971.48,0.02,0.07,A,F,1993-10-18,1993-09-28,1993-11-15,NONE,TRUCK,ke ironic pearls. accounts along th
10081-2,10081,1486,26,2,41.00,56886.68,0.04,0.02,A,F,1993-10-22,1993-10-08,1993-10-28,DELIVER IN PERSON,FOB,quickly final r
10081-3,10081,1804,91,3,37.00,63114.60,0.07,0.06,A,F,1993-10-31,1993-09-30,1993-11-28,COLLECT COD,TRUCK,"onic, special accounts. ironic acc"
10081-4,10081,1667,50,4,38.00,59609.08,0.02,0.06,R,F,1993-11-23,1993-10-03,1993-11-25,TAKE BACK RETURN,REG AIR,"ronic, even foxes haggle fluffily iro"
10081-5,10081,1349,64,5,1.00,1250.34,0.04,0.08,R,F,1993-09-19,1993-10-17,1993-10-19,COLLECT COD,SHIP,eans. fluffily
10081-6,10081,383,84,6,39.00,50051.82,0.06,0.02,A,F,1993-12-06,1993-09-28,1993-12-20,NONE,REG AIR,kages haggle? closely speci
10082-1,10082,201,83,1,48.00,52857.60,0.05,0.00,R,F,1994-12-13,1994-11-10,1994-12-25,TAKE BACK RETURN,FOB,onic packages among the plat
10082-2,10082,774,71,2,10.00,16747.70,0.06,0.08,R,F,1994-12-17,1994-10-19,1994-12-20,NONE,AIR,iously express courts. foxe
10082-3,10082,847,47,3,25.00,43696.00,0.10,0.04,R,F,1994-09-04,1994-11-18,1994-09-07,TAKE BACK RETURN,TRUCK,"egular, even request"
10082-4,10082,970,5,4,23.00,43032.31,0.10,0.03,A,F,1994-09-15,1994-10-10,1994-09-27,TAKE BACK RETURN,AIR,ly blithely 
10082-5,10082,718,83,5,20.00,32374.20,0.07,0.04,R,F,1994-10-11,1994-11-12,1994-10-29,DELIVER IN PERSON,SHIP,ans: slyly regular
10082-6,10082,182,83,6,35.00,37876.30,0.05,0.02,A,F,1994-10-12,1994-09-30,1994-11-06,TAKE BACK RETURN,SHIP,ss tithes. foxes wake fluffily silent 
10083-1,10083,1507,28,1,40.00,56340.00,0.04,0.02,N,O,1995-10-12,1995-12-05,1995-10-22,NONE,SHIP,n platelets. bold excu
10084-1,10084,954,57,1,3.00,5564.85,0.09,0.05,N,O,1997-09-07,1997-09-18,1997-09-22,NONE,AIR,ously even depos
10085-1,10085,1958,59,1,35.00,65098.25,0.08,0.06,N,O,1996-07-12,1996-06-15,1996-07-19,NONE,MAIL,posits are about the blithely reg
10085-2,10085,275,76,2,34.00,39959.18,0.05,0.04,N,O,1996-04-06,1996-06-22,1996-04-20,TAKE BACK RETURN,MAIL,xes. enticingly bold pinto b
10085-3,10085,1233,34,3,14.00,15879.22,0.01,0.00,N,O,1996-05-19,1996-06-04,1996-05-20,DELIVER IN PERSON,TRUCK,"ic, pending foxes. instructio"
10085-4,10085,722,55,4,33.00,53549.76,0.07,0.06,N,O,1996-06-04,1996-05-08,1996-06-26,NONE,MAIL, theodolites above the regular 
10085-5,10085,747,48,5,33.00,54375.42,0.06,0.04,N,O,1996-06-13,1996-05-03,1996-06-16,COLLECT COD,REG AIR,atelets sleep above the regular d
10086-1,10086,1579,60,1,35.00,51819.95,0.08,0.07,N,O,1995-06-29,1995-08-01,1995-07-21,TAKE BACK RETURN,MAIL," instructions. pending, unusual requests a"
10087-1,10087,1410,28,1,48.00,62947.68,0.09,0.06,N,O,1997-05-08,1997-06-05,1997-05-13,NONE,MAIL,deposits poach qu
10087-2,10087,335,64,2,14.00,17294.62,0.00,0.00,N,O,1997-05-11,1997-06-07,1997-05-13,DELIVER IN PERSON,RAIL,dencies. ev
10112-1,10112,1712,39,1,21.00,33887.91,0.00,0.04,A,F,1994-03-03,1994-03-04,1994-03-30,DELIVER IN PERSON,TRUCK,g ideas. boldly pending accounts use blithe
10113-1,10113,1873,17,1,35.00,62120.45,0.03,0.02,R,F,1994-07-20,1994-07-18,1994-07-25,COLLECT COD,REG AIR,ate around the
10113-2,10113,1493,11,2,20.00,27889.80,0.08,0.02,A,F,1994-08-12,1994-09-04,1994-08-22,NONE,SHIP, bold packages. carefully final excuses 
10113-3,10113,725,58,3,28.00,45520.16,0.05,0.05,R,F,1994-10-04,1994-07-13,1994-10-24,COLLECT COD,FOB, deposits. slyly ironic pac
10113-4,10113,1534,15,4,40.00,57421.20,0.01,0.07,R,F,1994-07-02,1994-07-23,1994-07-04,COLLECT COD,REG AIR,ts haggle fluffily. accounts mold f
10114-1,10114,1443,22,1,34.00,45710.96,0.05,0.08,R,F,1993-04-11,1993-03-13,1993-04-30,TAKE BACK RETURN,MAIL,y final packages affix fu
10115-1,10115,1767,68,1,16.00,26700.16,0.00,0.00,N,O,1998-10-01,1998-08-10,1998-10-26,NONE,FOB,riously regular foxes. blithely bol
10115-2,10115,279,80,2,40.00,47170.80,0.07,0.06,N,O,1998-09-05,1998-08-31,1998-09-19,COLLECT COD,RAIL,carefully? bra
10115-3,10115,237,38,3,28.00,31842.44,0.06,0.01,N,O,1998-09-15,1998-09-11,1998-09-22,TAKE BACK RETURN,MAIL, furiously regul
10115-4,10115,1857,58,4,23.00,40453.55,0.04,0.07,N,O,1998-10-25,1998-08-06,1998-11-05,TAKE BACK RETURN,RAIL,nusual packages sleep quickl
10116-1,10116,880,81,1,36.00,64111.68,0.00,0.03,N,O,1997-04-26,1997-04-26,1997-05-17,DELIVER IN PERSON,FOB,ronic ideas. car
10116-2,10116,1778,79,2,9.00,15117.93,0.06,0.07,N,O,1997-07-20,1997-06-12,1997-08-17,TAKE BACK RETURN,FOB,deas cajole. slyly even courts are. blith
10116-3,10116,104,31,3,48.00,48196.80,0.09,0.05,N,O,1997-04-21,1997-06-21,1997-05-20,COLLECT COD,FOB,are furiously ironic notornis. al
10116-4,10116,160,87,4,31.00,32864.96,0.02,0.07,N,O,1997-06-09,1997-04-29,1997-06-17,TAKE BACK RETURN,TRUCK, bold asymptotes above the deposits sle
10116-5,10116,1506,7,5,43.00,60522.50,0.04,0.05,N,O,1997-04-17,1997-05-08,1997-05-11,DELIVER IN PERSON,REG AIR,ounts are fluff
10117-1,10117,1682,6,1,47.00,74432.96,0.08,0.00,R,F,1993-12-22,1993-12-18,1994-01-08,DELIVER IN PERSON,FOB, final ideas. requ
10117-2,10117,117,96,2,12.00,12205.32,0.03,0.08,R,F,1994-02-15,1993-12-28,1994-03-03,DELIVER IN PERSON,FOB,"regular, regul"
10117-3,10117,428,16,3,38.00,50479.96,0.03,0.00,A,F,1994-02-26,1994-02-13,1994-02-27,NONE,TRUCK,blithely above the
10118-1,10118,1889,33,1,14.00,25072.32,0.03,0.01,R,F,1994-06-12,1994-05-12,1994-06-18,COLLECT COD,MAIL,the final packages. quickly regular foxe
10119-1,10119,1982,27,1,27.00,50867.46,0.04,0.06,N,O,1996-07-12,1996-09-21,1996-08-05,NONE,TRUCK,uctions cajole accounts. slyly fu
10144-1,10144,1417,18,1,17.00,22412.97,0.06,0.08,A,F,1995-04-05,1995-03-21,1995-04-26,TAKE BACK RETURN,AIR,quests wake blithely slyly unusu
10144-2,10144,1289,90,2,19.00,22615.32,0.07,0.05,A,F,1995-03-30,1995-02-21,1995-04-12,DELIVER IN PERSON,FOB, carefully even theodolites. even 
10144-3,10144,1365,80,3,41.00,51920.76,0.07,0.06,A,F,1995-02-19,1995-03-27,1995-03-01,DELIVER IN PERSON,MAIL, foxes. furiously special d
10144-4,10144,1972,5,4,40.00,74958.80,0.07,0.00,R,F,1995-02-07,1995-03-15,1995-03-02,NONE,RAIL,yly. fluffily final foxe
10144-5,10144,1763,90,5,42.00,69919.92,0.06,0.06,R,F,1995-02-19,1995-03-30,1995-03-02,NONE,REG AIR, daring requests are. pattern
10145-1,10145,1757,84,1,30.00,49762.50,0.01,0.02,N,O,1995-07-31,1995-07-15,1995-08-02,NONE,FOB,c accounts are bli
10145-2,10145,907,42,2,16.00,28926.40,0.01,0.03,N,O,1995-07-11,1995-08-10,1995-07-28,NONE,AIR,efully according
10145-3,10145,1987,88,3,19.00,35890.62,0.00,0.06,N,O,1995-08-11,1995-07-24,1995-08-17,TAKE BACK RETURN,TRUCK,iously even deposits. closely even d
10145-4,10145,1439,79,4,47.00,63000.21,0.00,0.07,R,F,1995-05-27,1995-07-02,1995-06-14,TAKE BACK RETURN,FOB,e pending deposit
10145-5,10145,214,96,5,37.00,41225.77,0.10,0.03,N,O,1995-06-19,1995-06-29,1995-07-12,DELIVER IN PERSON,REG AIR,courts nag care
10145-6,10145,1759,44,6,46.00,76394.50,0.02,0.05,N,F,1995-05-31,1995-07-21,1995-06-30,COLLECT COD,TRUCK,use furiously after the ironic pack
10146-1,10146,281,36,1,32.00,37800.96,0.01,0.04,A,F,1994-05-29,1994-06-18,1994-06-09,COLLECT COD,FOB,s are blithely. unu
10146-2,10146,644,45,2,33.00,50973.12,0.07,0.05,A,F,1994-06-19,1994-07-21,1994-07-01,NONE,REG AIR, theodolites. deposits integr
10146-3,10146,1346,85,3,13.00,16215.42,0.03,0.06,R,F,1994-05-10,1994-06-15,1994-06-04,COLLECT COD,REG AIR,es snooze quickly quickly final 
10146-4,10146,624,56,4,11.00,16770.82,0.05,0.07,R,F,1994-05-25,1994-07-31,1994-06-08,COLLECT COD,AIR, regular packages. blithely ironic deposits
10146-5,10146,1161,70,5,31.00,32926.96,0.04,0.07,R,F,1994-07-27,1994-07-29,1994-08-03,DELIVER IN PERSON,MAIL,fter the furiously bold account
10146-6,10146,1821,8,6,30.00,51684.60,0.03,0.08,A,F,1994-06-26,1994-07-18,1994-07-25,COLLECT COD,FOB,express ideas are. regula
10146-7,10146,1439,40,7,20.00,26808.60,0.00,0.01,R,F,1994-05-16,1994-07-20,1994-06-05,NONE,FOB,"xes haggle after the ironic, bold depos"
10147-1,10147,152,5,1,40.00,42086.00,0.08,0.07,A,F,1993-12-23,1993-11-14,1994-01-05,NONE,MAIL,y ironic excuses cajole. carefully 
10147-2,10147,1384,99,2,1.00,1285.38,0.06,0.08,A,F,1993-12-30,1993-11-14,1994-01-23,NONE,AIR,ccounts cajole. regular frays m
10147-3,10147,1907,96,3,10.00,18089.00,0.00,0.07,A,F,1993-11-13,1994-01-01,1993-12-13,DELIVER IN PERSON,SHIP,wake against the blithel
10147-4,10147,1946,47,4,44.00,81309.36,0.10,0.07,A,F,1993-12-25,1993-12-18,1994-01-03,TAKE BACK RETURN,AIR,", bold asymptotes. special p"
10147-5,10147,1382,59,5,47.00,60318.86,0.02,0.07,A,F,1993-10-15,1993-12-18,1993-10-22,TAKE BACK RETURN,AIR,"gular, bold packages slee"
10148-1,10148,1015,21,1,10.00,9160.10,0.00,0.01,R,F,1994-04-25,1994-05-15,1994-05-10,NONE,MAIL,tes affix fluffily slyly careful id
10148-2,10148,1628,11,2,16.00,24473.92,0.02,0.02,R,F,1994-05-19,1994-06-02,1994-06-15,COLLECT COD,REG AIR,onic requests sleep above the even theodol
10148-3,10148,1957,2,3,28.00,52050.60,0.07,0.08,A,F,1994-05-21,1994-06-24,1994-05-28,DELIVER IN PERSON,FOB,equests past the express instruc
10148-4,10148,1806,7,4,33.00,56357.40,0.05,0.02,R,F,1994-05-20,1994-04-29,1994-06-01,TAKE BACK RETURN,FOB,f the daring
10149-1,10149,687,50,1,32.00,50805.76,0.08,0.02,A,F,1994-10-03,1994-11-07,1994-11-02,COLLECT COD,RAIL,ades shall wake slyly sly
10149-2,10149,1631,14,2,46.00,70500.98,0.10,0.02,R,F,1994-11-04,1994-11-05,1994-12-03,TAKE BACK RETURN,TRUCK,fully since the carefully iron
10149-3,10149,501,2,3,13.00,18219.50,0.10,0.06,R,F,1994-12-27,1994-11-19,1995-01-05,TAKE BACK RETURN,SHIP,thely pending requests. carefully unusual a
10149-4,10149,1641,24,4,8.00,12341.12,0.02,0.03,A,F,1994-12-19,1994-11-25,1995-01-06,DELIVER IN PERSON,MAIL,y. regular
10149-5,10149,139,40,5,23.00,23899.99,0.00,0.06,A,F,1995-01-15,1994-11-13,1995-01-21,COLLECT COD,RAIL,ironic requests sleep carefully int
10149-6,10149,702,35,6,1.00,1602.70,0.07,0.04,A,F,1994-11-08,1994-10-28,1994-11-19,NONE,RAIL,"sly alongside of the final, "
10150-1,10150,837,4,1,49.00,85153.67,0.02,0.03,A,F,1992-07-18,1992-07-21,1992-08-09,TAKE BACK RETURN,REG AIR,ites after the special requests 
10150-2,10150,1175,48,2,27.00,29056.59,0.00,0.00,R,F,1992-06-16,1992-06-03,1992-06-25,NONE,FOB,s wake carefully per
10150-3,10150,549,80,3,41.00,59431.14,0.08,0.04,R,F,1992-05-12,1992-06-19,1992-06-05,NONE,MAIL,deposits haggle blithe
10150-4,10150,378,63,4,13.00,16618.81,0.10,0.01,A,F,1992-06-14,1992-06-01,1992-07-03,NONE,SHIP,ronic foxes cajole quickly ironic requests
10150-5,10150,541,32,5,28.00,40363.12,0.04,0.00,A,F,1992-06-10,1992-06-28,1992-06-17,DELIVER IN PERSON,TRUCK,yly unusual t
10150-6,10150,539,100,6,44.00,63339.32,0.03,0.07,A,F,1992-08-29,1992-06-30,1992-09-19,NONE,REG AIR,ole carefull
10151-1,10151,1640,23,1,7.00,10791.48,0.10,0.06,R,F,1992-04-13,1992-03-07,1992-04-15,NONE,MAIL, asymptotes above the slyly regular ide
10176-1,10176,321,22,1,46.00,56180.72,0.08,0.03,N,O,1996-09-01,1996-11-18,1996-09-20,TAKE BACK RETURN,TRUCK,nding foxes. furiously e
10176-2,10176,1857,44,2,29.00,51006.65,0.06,0.03,N,O,1996-11-14,1996-10-24,1996-12-13,TAKE BACK RETURN,TRUCK,ld packages after
10177-1,10177,1353,30,1,43.00,53937.05,0.05,0.03,N,O,1996-09-20,1996-08-05,1996-10-13,COLLECT COD,FOB,ickly blith
10177-2,10177,1187,96,2,32.00,34821.76,0.07,0.03,N,O,1996-07-14,1996-08-19,1996-08-02,DELIVER IN PERSON,TRUCK,final asymptotes boost furiously alo
10177-3,10177,965,34,3,41.00,76504.36,0.02,0.02,N,O,1996-07-12,1996-09-02,1996-07-23,NONE,SHIP, final accounts hang unusual dependencies.
10177-4,10177,203,85,4,41.00,45231.20,0.03,0.04,N,O,1996-10-22,1996-08-21,1996-11-17,COLLECT COD,TRUCK, pending multipliers sublate slyl
10177-5,10177,175,54,5,1.00,1075.17,0.10,0.01,N,O,1996-08-19,1996-08-11,1996-08-22,TAKE BACK RETURN,TRUCK,ully along the furious
10178-1,10178,1488,67,1,33.00,45852.84,0.00,0.01,A,F,1994-01-29,1994-02-27,1994-02-06,COLLECT COD,RAIL,s haggle. platelets
10179-1,10179,680,43,1,34.00,53743.12,0.09,0.03,N,O,1996-08-23,1996-06-27,1996-08-29,COLLECT COD,SHIP, accounts. 
10179-2,10179,1660,2,2,31.00,48411.46,0.10,0.06,N,O,1996-07-26,1996-07-09,1996-08-10,COLLECT COD,AIR,ole fluffily. bold foxe
10179-3,10179,1414,54,3,44.00,57878.04,0.08,0.07,N,O,1996-06-02,1996-06-15,1996-06-16,DELIVER IN PERSON,REG AIR,oost furiously carefully ironic pinto
10180-1,10180,1252,90,1,9.00,10379.25,0.00,0.05,N,O,1997-04-23,1997-05-20,1997-04-28,COLLECT COD,SHIP,y furious packages 
10180-2,10180,493,94,2,29.00,40411.21,0.10,0.05,N,O,1997-04-28,1997-04-24,1997-05-02,NONE,FOB,"to beans wake ironic, even deposits. bl"
10180-3,10180,1745,46,3,17.00,27994.58,0.04,0.01,N,O,1997-04-20,1997-05-23,1997-05-02,NONE,SHIP,"accounts. express, final"
10181-1,10181,673,67,1,12.00,18884.04,0.00,0.02,N,O,1996-03-25,1996-04-30,1996-03-29,DELIVER IN PERSON,FOB,lly busy the
10181-2,10181,290,18,2,23.00,27376.67,0.07,0.06,N,O,1996-02-22,1996-04-09,1996-03-21,NONE,SHIP,sly regular accounts haggle
10182-1,10182,1418,58,1,44.00,58054.04,0.05,0.04,R,F,1994-06-24,1994-07-04,1994-07-20,DELIVER IN PERSON,SHIP,ep slyly. re
10182-2,10182,448,78,2,24.00,32362.56,0.04,0.08,A,F,1994-09-23,1994-08-16,1994-10-22,DELIVER IN PERSON,TRUCK,egular excuses shall have to use slow
10182-3,10182,863,64,3,3.00,5291.58,0.03,0.07,A,F,1994-08-08,1994-07-25,1994-08-19,NONE,MAIL,final ideas. foxes after th
10182-4,10182,1838,68,4,46.00,80032.18,0.05,0.08,A,F,1994-06-15,1994-07-28,1994-07-10,TAKE BACK RETURN,RAIL,y quick packages wake blithely c
10182-5,10182,1410,28,5,16.00,20982.56,0.05,0.05,R,F,1994-09-10,1994-08-21,1994-10-10,DELIVER IN PERSON,RAIL,s according to t
10183-1,10183,538,29,1,33.00,47471.49,0.02,0.03,A,F,1995-03-02,1995-01-26,1995-03-17,NONE,SHIP,"ic, express deposits. never final "
10183-2,10183,1140,13,2,2.00,2082.28,0.03,0.00,R,F,1995-02-24,1995-01-03,1995-03-19,DELIVER IN PERSON,FOB, furiously even packages-- forges boost at 
10183-3,10183,675,38,3,1.00,1575.67,0.00,0.06,A,F,1994-12-23,1995-01-29,1995-01-09,DELIVER IN PERSON,FOB, deposits. quickly slow waters cajole blith
10183-4,10183,1140,49,4,19.00,19781.66,0.05,0.03,R,F,1995-02-09,1995-01-19,1995-02-25,TAKE BACK RETURN,MAIL, ironic pains. sl
10183-5,10183,1809,96,5,15.00,25662.00,0.02,0.07,A,F,1995-03-25,1995-01-23,1995-04-02,DELIVER IN PERSON,MAIL,ove the blithely ironic platelets. regul
10183-6,10183,107,34,6,13.00,13092.30,0.08,0.05,A,F,1994-11-26,1995-02-11,1994-12-08,TAKE BACK RETURN,FOB,olphins haggle. regular requests serve 
10208-1,10208,1767,52,1,31.00,51731.56,0.08,0.05,N,O,1996-11-16,1996-11-18,1996-12-05,NONE,RAIL,blithely special packages.
10208-2,10208,392,93,2,44.00,56865.16,0.00,0.03,N,O,1996-09-29,1996-09-28,1996-10-08,NONE,REG AIR,g accounts. blithely regular packages above
10208-3,10208,416,46,3,38.00,50023.58,0.01,0.04,N,O,1996-10-20,1996-10-06,1996-10-25,TAKE BACK RETURN,FOB,ructions haggle quickly. blithely express d
10208-4,10208,1406,7,4,22.00,28762.80,0.06,0.02,N,O,1996-09-24,1996-09-26,1996-10-24,TAKE BACK RETURN,FOB,use against the fi
10208-5,10208,1019,90,5,2.00,1840.02,0.08,0.03,N,O,1996-10-24,1996-11-13,1996-11-06,DELIVER IN PERSON,MAIL,"hely theodolites. even, regular "
10208-6,10208,1931,76,6,26.00,47656.18,0.07,0.08,N,O,1996-11-19,1996-10-03,1996-11-28,TAKE BACK RETURN,TRUCK," haggle ironic packages. unusual, bold brai"
10208-7,10208,1435,53,7,41.00,54793.63,0.10,0.00,N,O,1996-10-30,1996-10-27,1996-11-20,TAKE BACK RETURN,TRUCK,oward the acco
10209-1,10209,1606,48,1,44.00,66334.40,0.04,0.07,A,F,1994-02-20,1994-01-17,1994-03-04,COLLECT COD,REG AIR,ns. even deposits use. slyly regular instru
10209-2,10209,1470,49,2,18.00,24686.46,0.05,0.06,A,F,1994-02-07,1993-12-31,1994-02-08,TAKE BACK RETURN,FOB,g frays sle
10209-3,10209,1392,31,3,46.00,59495.94,0.02,0.07,R,F,1994-03-07,1994-01-11,1994-03-31,DELIVER IN PERSON,MAIL, above the quickly unusual deposits. 
10209-4,10209,1717,44,4,27.00,43705.17,0.10,0.08,R,F,1993-12-14,1994-02-21,1994-01-02,COLLECT COD,MAIL,y bold requests c
10209-5,10209,597,88,5,47.00,70386.73,0.00,0.05,A,F,1994-01-22,1994-01-05,1994-02-07,DELIVER IN PERSON,REG AIR,ages. slyly
10209-6,10209,1981,70,6,31.00,58372.38,0.03,0.01,A,F,1993-12-03,1994-02-28,1993-12-12,COLLECT COD,TRUCK,s packages sleep f
10209-7,10209,431,32,7,50.00,66571.50,0.00,0.07,A,F,1994-01-20,1994-02-17,1994-02-16,NONE,TRUCK,aggle quickly. stealthily bold ideas cajol
10210-1,10210,1029,65,1,8.00,7440.16,0.02,0.02,N,O,1995-10-11,1995-09-22,1995-11-08,NONE,AIR,final pinto beans
10210-2,10210,1754,55,2,11.00,18213.25,0.10,0.04,N,O,1995-08-08,1995-08-31,1995-08-10,DELIVER IN PERSON,FOB,uickly even accounts. regular dolphin
10210-3,10210,471,1,3,36.00,49372.92,0.02,0.03,N,O,1995-10-20,1995-09-19,1995-11-10,TAKE BACK RETURN,RAIL,s sublate bl
10210-4,10210,1070,41,4,11.00,10681.77,0.03,0.05,N,O,1995-09-06,1995-09-14,1995-09-11,COLLECT COD,REG AIR,s haggle car
10210-5,10210,1292,67,5,42.00,50118.18,0.06,0.01,N,O,1995-10-13,1995-08-26,1995-10-18,NONE,AIR,about the 
10210-6,10210,1247,48,6,4.00,4592.96,0.04,0.03,N,O,1995-07-11,1995-08-21,1995-07-12,NONE,MAIL,r accounts. carefully unusual theodoli
10210-7,10210,334,63,7,10.00,12343.30,0.09,0.00,N,O,1995-07-02,1995-07-27,1995-08-01,COLLECT COD,TRUCK,iously alongside 
10211-1,10211,470,100,1,44.00,60300.68,0.09,0.06,N,O,1997-10-07,1997-09-11,1997-10-22,DELIVER IN PERSON,TRUCK, against the carefully final pack
10211-2,10211,1447,87,2,21.00,28317.24,0.04,0.07,N,O,1997-10-24,1997-09-24,1997-11-07,NONE,MAIL,g about the regular requests.
10211-3,10211,399,84,3,15.00,19490.85,0.03,0.03,N,O,1997-11-26,1997-08-30,1997-12-20,NONE,RAIL,the slyly pe
10211-4,10211,786,51,4,28.00,47229.84,0.08,0.07,N,O,1997-10-12,1997-10-19,1997-11-09,TAKE BACK RETURN,SHIP,ven instructions sleep car
10211-5,10211,90,66,5,42.00,41583.78,0.08,0.02,N,O,1997-10-30,1997-10-02,1997-11-08,DELIVER IN PERSON,AIR,quickly even instructions use q
10212-1,10212,1282,20,1,23.00,27215.44,0.09,0.03,A,F,1993-08-09,1993-08-10,1993-08-19,TAKE BACK RETURN,MAIL,ully special hockey players ar
10212-2,10212,1080,51,2,40.00,39243.20,0.01,0.00,A,F,1993-08-17,1993-08-18,1993-08-18,COLLECT COD,AIR,ave to cajole qui
10212-3,10212,536,97,3,46.00,66080.38,0.06,0.00,A,F,1993-07-06,1993-07-06,1993-07-12,NONE,MAIL,"l accounts. final, special asymptotes"
10213-1,10213,1516,57,1,4.00,5670.04,0.00,0.02,A,F,1995-03-15,1995-03-24,1995-04-12,DELIVER IN PERSON,MAIL,e the furiously regular escapades
10213-2,10213,1821,51,2,9.00,15505.38,0.10,0.08,N,F,1995-06-14,1995-04-24,1995-07-01,NONE,REG AIR,ost along the never even requests
10213-3,10213,1829,59,3,13.00,22500.66,0.03,0.01,N,F,1995-05-28,1995-03-22,1995-06-22,TAKE BACK RETURN,MAIL,packages. express accounts print blithely. 
10214-1,10214,367,96,1,22.00,27881.92,0.02,0.02,N,O,1996-03-08,1996-04-09,1996-04-03,DELIVER IN PERSON,REG AIR,slyly busy forges 
10214-2,10214,947,16,2,5.00,9239.70,0.01,0.03,N,O,1996-03-20,1996-04-15,1996-04-09,TAKE BACK RETURN,RAIL,"ly blithely regular excuses. pending,"
10214-3,10214,772,37,3,40.00,66910.80,0.01,0.06,N,O,1996-04-16,1996-04-17,1996-04-22,NONE,REG AIR,gular instructions. 
10214-4,10214,921,22,4,20.00,36438.40,0.04,0.08,N,O,1996-03-15,1996-03-04,1996-04-10,TAKE BACK RETURN,RAIL,quests. final deposits aff
10215-1,10215,1604,5,1,1.00,1505.60,0.00,0.05,N,O,1996-11-18,1996-11-07,1996-11-29,COLLECT COD,SHIP,"ding, final packages na"
10215-2,10215,1683,7,2,30.00,47540.40,0.05,0.02,N,O,1996-10-13,1996-11-15,1996-10-27,TAKE BACK RETURN,FOB,cajole above the 
10215-3,10215,517,18,3,17.00,24097.67,0.10,0.00,N,O,1996-08-31,1996-10-10,1996-09-26,DELIVER IN PERSON,MAIL,ldly express asymptotes wa
10215-4,10215,1410,50,4,9.00,11802.69,0.02,0.02,N,O,1996-11-27,1996-09-19,1996-12-05,COLLECT COD,AIR, the packages haggle fur
10215-5,10215,1635,18,5,47.00,72221.61,0.04,0.08,N,O,1996-11-21,1996-10-07,1996-12-11,NONE,SHIP,elets boost carefully regul
10240-1,10240,353,10,1,33.00,41360.55,0.02,0.02,A,F,1994-08-01,1994-06-19,1994-08-06,COLLECT COD,FOB,ld asymptotes acr
10241-1,10241,416,4,1,27.00,35543.07,0.06,0.02,N,O,1997-12-01,1997-12-06,1997-12-22,DELIVER IN PERSON,TRUCK,lthy packages cajole 
10241-2,10241,90,66,2,20.00,19801.80,0.02,0.05,N,O,1997-10-21,1997-10-30,1997-11-11,TAKE BACK RETURN,TRUCK,express shea
10242-1,10242,324,81,1,44.00,53870.08,0.00,0.03,R,F,1994-02-01,1994-02-02,1994-02-02,COLLECT COD,RAIL,use even foxes. theodolites integrat
10242-2,10242,1444,45,2,8.00,10763.52,0.10,0.00,R,F,1994-03-02,1994-03-11,1994-03-14,TAKE BACK RETURN,RAIL, the regular deposits. blithely silent requ
10242-3,10242,1694,95,3,3.00,4787.07,0.05,0.05,A,F,1994-04-03,1994-03-10,1994-04-27,TAKE BACK RETURN,SHIP,y final reques
10242-4,10242,1640,23,4,30.00,46249.20,0.01,0.01,R,F,1993-12-16,1994-02-18,1994-01-08,TAKE BACK RETURN,FOB,ckly regular accounts. 
10242-5,10242,1740,83,5,9.00,14775.66,0.03,0.07,A,F,1994-03-23,1994-03-04,1994-04-05,TAKE BACK RETURN,AIR,lyly pendin
10242-6,10242,1302,17,6,23.00,27675.90,0.07,0.05,A,F,1994-01-26,1994-02-02,1994-02-19,DELIVER IN PERSON,REG AIR,ly bold ideas sleep slyl
10242-7,10242,1158,67,7,32.00,33892.80,0.02,0.06,A,F,1994-03-29,1994-01-25,1994-04-03,COLLECT COD,SHIP,quests engage f
10243-1,10243,1851,38,1,40.00,70114.00,0.01,0.04,N,O,1996-04-21,1996-02-01,1996-04-25,DELIVER IN PERSON,RAIL,ing ideas. unusual instructions 
10244-1,10244,54,5,1,19.00,18126.95,0.10,0.02,N,O,1996-04-22,1996-06-11,1996-05-11,COLLECT COD,AIR, ironic platelets detect against the ca
10244-2,10244,24,100,2,48.00,44352.96,0.07,0.05,N,O,1996-07-22,1996-05-09,1996-07-24,TAKE BACK RETURN,SHIP,pinto beans towar
10244-3,10244,1126,99,3,21.00,21569.52,0.05,0.01,N,O,1996-07-29,1996-06-03,1996-08-16,DELIVER IN PERSON,FOB,ending accounts are alongsid
10244-4,10244,1790,17,4,28.00,47370.12,0.01,0.04,N,O,1996-08-02,1996-05-26,1996-08-09,TAKE BACK RETURN,REG AIR,y carefully regular i
10245-1,10245,1287,88,1,49.00,58225.72,0.08,0.02,R,F,1995-03-18,1995-03-21,1995-04-17,TAKE BACK RETURN,SHIP,s courts wake at 
10245-2,10245,1444,23,2,5.00,6727.20,0.06,0.01,A,F,1995-05-06,1995-05-07,1995-05-14,TAKE BACK RETURN,FOB,"deposits boost final, final packag"
10245-3,10245,1902,3,3,2.00,3607.80,0.02,0.05,R,F,1995-04-17,1995-04-09,1995-05-10,DELIVER IN PERSON,REG AIR,into beans 
10245-4,10245,1712,55,4,50.00,80685.50,0.06,0.03,R,F,1995-04-08,1995-04-25,1995-04-21,TAKE BACK RETURN,AIR,ial requests maintain blith
10245-5,10245,226,8,5,39.00,43922.58,0.04,0.01,R,F,1995-03-08,1995-04-12,1995-03-19,NONE,SHIP,usly express deposits about the ruthlessly 
10245-6,10245,850,51,6,48.00,84040.80,0.06,0.00,A,F,1995-03-22,1995-04-06,1995-04-10,DELIVER IN PERSON,TRUCK,ironic acc
10245-7,10245,107,86,7,4.00,4028.40,0.01,0.01,R,F,1995-03-23,1995-03-19,1995-04-02,NONE,SHIP,sleep blithely u
10246-1,10246,996,99,1,50.00,94849.50,0.07,0.02,N,O,1997-10-04,1997-09-07,1997-10-15,COLLECT COD,SHIP, detect unusual wa
10246-2,10246,1532,33,2,13.00,18635.89,0.10,0.06,N,O,1997-08-24,1997-07-21,1997-09-03,NONE,AIR,are slyly along the carefully ir
10246-3,10246,244,26,3,11.00,12586.64,0.09,0.04,N,O,1997-09-11,1997-09-01,1997-10-03,NONE,REG AIR,xpress packages could have to impress.
10246-4,10246,1736,79,4,42.00,68784.66,0.06,0.06,N,O,1997-08-08,1997-08-10,1997-08-21,COLLECT COD,REG AIR,es are final theodolites. bold theodoli
10247-1,10247,616,79,1,13.00,19715.93,0.01,0.01,A,F,1993-01-25,1993-03-28,1993-02-23,COLLECT COD,REG AIR,silent packages haggle furious
10247-2,10247,199,100,2,42.00,46165.98,0.09,0.08,A,F,1993-02-12,1993-03-13,1993-03-02,COLLECT COD,SHIP,unts cajole final accounts. unusua
10247-3,10247,792,25,3,45.00,76175.55,0.08,0.04,R,F,1993-02-06,1993-03-12,1993-02-12,DELIVER IN PERSON,MAIL,sual asymptotes are! thinly special p
10247-4,10247,1403,4,4,2.00,2608.80,0.06,0.07,A,F,1993-03-07,1993-04-03,1993-03-27,DELIVER IN PERSON,SHIP,x quickly after the furiously regu
10247-5,10247,1060,96,5,42.00,40364.52,0.04,0.04,A,F,1993-03-31,1993-04-11,1993-04-21,TAKE BACK RETURN,TRUCK,g requests haggle blit
10247-6,10247,1589,10,6,5.00,7452.90,0.06,0.01,A,F,1993-02-22,1993-02-25,1993-02-27,DELIVER IN PERSON,FOB,e the fina
10272-1,10272,156,57,1,34.00,35909.10,0.03,0.04,R,F,1994-03-12,1994-04-07,1994-03-27,NONE,TRUCK,special requests alongside of the 
10272-2,10272,937,38,2,46.00,84544.78,0.03,0.06,R,F,1994-02-02,1994-04-16,1994-02-22,DELIVER IN PERSON,TRUCK,kly ironic in
10272-3,10272,1955,56,3,14.00,25997.30,0.06,0.04,A,F,1994-03-01,1994-02-20,1994-03-27,COLLECT COD,SHIP,"ideas. regular, final accounts hang furious"
10272-4,10272,1582,23,4,16.00,23737.28,0.00,0.07,R,F,1994-02-08,1994-04-10,1994-03-09,NONE,REG AIR, dazzle slyly across the quickl
10272-5,10272,1578,59,5,35.00,51784.95,0.05,0.07,R,F,1994-02-13,1994-02-22,1994-02-14,NONE,RAIL,ideas wake careful
10272-6,10272,376,33,6,18.00,22974.66,0.04,0.07,A,F,1994-04-27,1994-03-08,1994-05-01,TAKE BACK RETURN,FOB,y. even acc
10272-7,10272,1792,19,7,32.00,54201.28,0.02,0.01,A,F,1994-05-11,1994-04-12,1994-05-23,DELIVER IN PERSON,RAIL," final, ru"
10273-1,10273,1970,15,1,21.00,39311.37,0.06,0.06,N,O,1998-06-29,1998-07-15,1998-07-07,COLLECT COD,REG AIR,uffily pending accounts nag slyly among th
10273-2,10273,228,29,2,50.00,56411.00,0.05,0.03,N,O,1998-07-08,1998-07-03,1998-07-27,COLLECT COD,SHIP,uriously ironic deposits? bl
10273-3,10273,303,88,3,47.00,56555.10,0.03,0.00,N,O,1998-07-09,1998-07-11,1998-07-21,COLLECT COD,FOB, pending dependencies ca
10273-4,10273,1650,74,4,23.00,35687.95,0.02,0.01,N,O,1998-05-30,1998-06-09,1998-06-06,TAKE BACK RETURN,FOB,s after the blithely regular deposits l
10273-5,10273,1318,95,5,33.00,40237.23,0.02,0.06,N,O,1998-07-09,1998-06-10,1998-07-29,DELIVER IN PERSON,FOB,longside of the b
10273-6,10273,152,5,6,49.00,51555.35,0.10,0.00,N,O,1998-06-18,1998-06-11,1998-07-17,DELIVER IN PERSON,TRUCK,lar requests. blithely special excuses pro
10274-1,10274,254,82,1,26.00,30010.50,0.04,0.03,R,F,1993-12-17,1994-01-09,1994-01-01,TAKE BACK RETURN,MAIL,"nding, regular deposits. fluffily bo"
10274-2,10274,342,99,2,17.00,21119.78,0.03,0.03,R,F,1994-03-27,1994-02-03,1994-04-15,TAKE BACK RETURN,SHIP,ly across th
10275-1,10275,1707,8,1,12.00,19304.40,0.00,0.01,N,O,1997-08-31,1997-08-14,1997-09-17,DELIVER IN PERSON,AIR,cording to the quickly re
10275-2,10275,1674,57,2,36.00,56724.12,0.02,0.06,N,O,1997-07-12,1997-08-08,1997-07-24,TAKE BACK RETURN,TRUCK,gular requests agains
10276-1,10276,1240,52,1,39.00,44508.36,0.09,0.03,N,O,1996-06-24,1996-04-15,1996-07-14,DELIVER IN PERSON,SHIP,quests cajole ev
10276-2,10276,618,50,2,45.00,68337.45,0.03,0.08,N,O,1996-06-21,1996-04-16,1996-07-17,COLLECT COD,SHIP,"boost carefully express, regu"
10276-3,10276,1417,96,3,29.00,38233.89,0.06,0.03,N,O,1996-05-25,1996-05-07,1996-05-27,NONE,TRUCK,furiously among the carefully even exc
10276-4,10276,487,46,4,43.00,59661.64,0.09,0.06,N,O,1996-05-31,1996-04-22,1996-06-18,COLLECT COD,RAIL,ptotes. furiously sly deposits haggl
10276-5,10276,558,19,5,40.00,58342.00,0.09,0.07,N,O,1996-04-13,1996-04-01,1996-05-10,DELIVER IN PERSON,SHIP,y silent platelets across t
10277-1,10277,1275,50,1,12.00,14115.24,0.07,0.07,A,F,1994-07-27,1994-05-22,1994-08-11,NONE,RAIL,ole furiously after the slyly even as
10277-2,10277,683,84,2,8.00,12669.44,0.04,0.07,R,F,1994-04-25,1994-06-14,1994-05-11,COLLECT COD,SHIP,nag. quickly even foxes
10277-3,10277,811,12,3,45.00,77031.45,0.10,0.05,A,F,1994-06-25,1994-06-26,1994-07-01,NONE,AIR, even accounts are carefully. slyly iro
10277-4,10277,793,90,4,21.00,35569.59,0.00,0.06,R,F,1994-08-07,1994-06-20,1994-08-18,NONE,FOB,ve carefully around the express the
10277-5,10277,688,51,5,1.00,1588.68,0.05,0.08,R,F,1994-07-21,1994-06-04,1994-08-05,COLLECT COD,RAIL,xes about the carefully
10278-1,10278,1796,97,1,34.00,57724.86,0.07,0.01,N,O,1995-11-02,1995-12-10,1995-11-06,DELIVER IN PERSON,AIR,ly furiously regular forges. speci
10278-2,10278,289,90,2,28.00,33299.84,0.04,0.06,N,O,1995-12-01,1995-12-06,1995-12-15,COLLECT COD,AIR,dencies. accounts are bli
10278-3,10278,1314,91,3,21.00,25521.51,0.05,0.02,N,O,1995-10-19,1995-10-14,1995-11-12,TAKE BACK RETURN,TRUCK,among the evenly 
10278-4,10278,602,34,4,36.00,54093.60,0.10,0.01,N,O,1995-09-24,1995-11-21,1995-10-06,NONE,FOB, regular pint
10279-1,10279,1445,46,1,29.00,39046.76,0.07,0.00,N,O,1996-10-22,1996-12-13,1996-11-17,COLLECT COD,FOB, ironic exc
10279-2,10279,182,9,2,29.00,31383.22,0.01,0.00,N,O,1996-11-18,1996-10-22,1996-11-22,TAKE BACK RETURN,MAIL,ckly daring requests use stealthi
10279-3,10279,916,51,3,47.00,85394.77,0.00,0.01,N,O,1996-11-16,1996-11-19,1996-12-10,COLLECT COD,FOB,- furiously even depe
10279-4,10279,352,37,4,15.00,18785.25,0.01,0.05,N,O,1997-01-02,1996-11-05,1997-01-11,COLLECT COD,MAIL,nd the furiously final depend
10279-5,10279,417,18,5,42.00,55331.22,0.06,0.05,N,O,1997-01-18,1996-11-14,1997-02-07,DELIVER IN PERSON,FOB, the depende
10304-1,10304,21,72,1,20.00,18420.40,0.07,0.05,N,O,1996-02-13,1996-01-28,1996-03-07,COLLECT COD,SHIP,gular courts.
10304-2,10304,768,33,2,35.00,58406.60,0.05,0.02,N,O,1996-01-18,1996-01-19,1996-02-02,COLLECT COD,SHIP,nusual accounts above the blithel
10304-3,10304,1506,47,3,40.00,56300.00,0.09,0.04,N,O,1995-11-17,1995-12-23,1995-12-06,NONE,SHIP,r accounts: slyly final 
10304-4,10304,427,57,4,3.00,3982.26,0.04,0.08,N,O,1996-01-14,1996-01-23,1996-02-10,NONE,REG AIR,uriously unusual 
10304-5,10304,199,26,5,36.00,39570.84,0.05,0.08,N,O,1995-11-30,1996-01-14,1995-12-16,NONE,AIR, theodolites wak
10304-6,10304,870,71,6,43.00,76147.41,0.01,0.03,N,O,1996-01-29,1995-12-27,1996-02-26,COLLECT COD,REG AIR,"nst the even, bold depe"
10304-7,10304,1310,11,7,43.00,52086.33,0.06,0.07,N,O,1996-02-20,1996-02-06,1996-03-13,DELIVER IN PERSON,SHIP,e carefully e
10305-1,10305,710,11,1,36.00,57985.56,0.01,0.08,R,F,1994-08-13,1994-09-09,1994-08-29,TAKE BACK RETURN,TRUCK,stealthily at the slyly bold req
10305-2,10305,1068,39,2,1.00,969.06,0.08,0.06,A,F,1994-10-14,1994-09-18,1994-10-30,TAKE BACK RETURN,RAIL,ns. carefully express pinto beans wake
10305-3,10305,560,91,3,40.00,58422.40,0.09,0.07,A,F,1994-09-18,1994-09-26,1994-09-23,DELIVER IN PERSON,AIR,packages. regu
10305-4,10305,1982,83,4,17.00,32027.66,0.02,0.02,A,F,1994-08-11,1994-09-17,1994-09-07,NONE,FOB,ironic dependencies cajole carefu
10305-5,10305,1995,96,5,1.00,1896.99,0.08,0.05,A,F,1994-08-05,1994-09-23,1994-09-02,DELIVER IN PERSON,RAIL,ly final accounts was
10306-1,10306,1210,11,1,8.00,8889.68,0.04,0.02,A,F,1993-07-26,1993-09-21,1993-08-12,TAKE BACK RETURN,TRUCK,ng to the slyly express frets. carefull
10306-2,10306,1785,70,2,18.00,30362.04,0.03,0.05,R,F,1993-10-22,1993-08-27,1993-10-29,TAKE BACK RETURN,AIR,counts. carefully ironic i
10306-3,10306,558,49,3,36.00,52507.80,0.05,0.04,A,F,1993-10-21,1993-08-24,1993-10-27,COLLECT COD,FOB,thely silent accounts over the
10307-1,10307,489,48,1,40.00,55579.20,0.02,0.00,N,O,1998-05-26,1998-04-28,1998-06-10,DELIVER IN PERSON,TRUCK,its sleep ev
10307-2,10307,579,80,2,50.00,73978.50,0.03,0.05,N,O,1998-02-18,1998-03-21,1998-02-27,DELIVER IN PERSON,MAIL,ly final plat
10307-3,10307,681,44,3,30.00,47450.40,0.00,0.05,N,O,1998-04-22,1998-04-01,1998-04-24,DELIVER IN PERSON,REG AIR,nts. quick platelets ar
10307-4,10307,1864,8,4,29.00,51209.94,0.08,0.06,N,O,1998-03-10,1998-04-28,1998-04-02,COLLECT COD,SHIP, quickly ironic requests n
10307-5,10307,1143,16,5,1.00,1044.14,0.02,0.08,N,O,1998-04-26,1998-03-23,1998-05-10,NONE,TRUCK,. quickly ir
10308-1,10308,88,64,1,49.00,48415.92,0.06,0.07,A,F,1995-05-09,1995-06-27,1995-05-30,TAKE BACK RETURN,REG AIR,egular instructions. carefully sil
10308-2,10308,1622,23,2,27.00,41137.74,0.06,0.02,N,O,1995-06-27,1995-06-30,1995-07-05,DELIVER IN PERSON,RAIL, wake blithely against the enticing
10308-3,10308,1248,23,3,4.00,4596.96,0.04,0.08,R,F,1995-05-08,1995-06-04,1995-05-29,COLLECT COD,SHIP," dolphins. silent, ironic instructions ca"
10308-4,10308,734,35,4,41.00,67023.93,0.04,0.05,N,O,1995-07-25,1995-07-15,1995-08-03,DELIVER IN PERSON,FOB,ly special dependencies maintain c
10308-5,10308,1782,9,5,42.00,70718.76,0.08,0.05,N,O,1995-08-04,1995-06-30,1995-08-13,NONE,AIR,bold courts maintain blit
10308-6,10308,1402,81,6,39.00,50832.60,0.04,0.02,R,F,1995-05-07,1995-07-20,1995-05-16,NONE,MAIL,"nal, bold deposits mold carefull"
10309-1,10309,694,88,1,20.00,31893.80,0.10,0.00,R,F,1995-01-18,1995-02-08,1995-01-27,COLLECT COD,MAIL,"osits nag slyly. even, even excuses s"
10309-2,10309,1073,44,2,30.00,29222.10,0.01,0.01,A,F,1995-02-22,1995-01-19,1995-03-19,COLLECT COD,AIR,posits. blithely
10309-3,10309,845,45,3,19.00,33170.96,0.01,0.03,A,F,1995-01-23,1994-12-22,1995-02-03,NONE,FOB,ckages impress furious
10309-4,10309,467,68,4,12.00,16409.52,0.06,0.04,R,F,1995-01-11,1995-01-20,1995-01-19,NONE,SHIP,deposits after the expres
10309-5,10309,439,27,5,47.00,62953.21,0.04,0.05,R,F,1994-12-30,1995-01-19,1995-01-15,NONE,TRUCK,al platelets are according to the s
10309-6,10309,126,79,6,44.00,45149.28,0.04,0.03,A,F,1994-12-06,1994-12-26,1994-12-14,DELIVER IN PERSON,REG AIR,into beans: blithely final accounts wake
10310-1,10310,202,3,1,36.00,39679.20,0.08,0.07,A,F,1994-03-09,1994-04-08,1994-03-21,DELIVER IN PERSON,AIR,inal instru
10310-2,10310,850,17,2,33.00,57778.05,0.09,0.07,R,F,1994-03-24,1994-03-14,1994-03-29,COLLECT COD,TRUCK,g accounts. even foxes are
10310-3,10310,1429,47,3,7.00,9312.94,0.08,0.02,R,F,1994-04-03,1994-03-31,1994-04-06,DELIVER IN PERSON,MAIL,ual requests affix
10310-4,10310,1878,65,4,50.00,88993.50,0.01,0.08,R,F,1994-02-19,1994-05-07,1994-03-21,TAKE BACK RETURN,REG AIR,lyly bold pinto beans according to the
10310-5,10310,1443,22,5,12.00,16133.28,0.10,0.01,R,F,1994-06-04,1994-03-29,1994-07-04,NONE,AIR,fily ironic reques
10311-1,10311,965,100,1,3.00,5597.88,0.09,0.02,R,F,1992-11-12,1992-09-18,1992-11-27,TAKE BACK RETURN,TRUCK,inal instructions caj
10336-1,10336,532,63,1,16.00,22920.48,0.10,0.05,N,O,1997-07-09,1997-08-11,1997-07-18,NONE,RAIL,ash carefully after the slyly s
10336-2,10336,607,8,2,24.00,36182.40,0.08,0.08,N,O,1997-06-16,1997-09-04,1997-07-08,DELIVER IN PERSON,REG AIR,pinto beans are furiously a
10337-1,10337,1035,36,1,7.00,6552.21,0.06,0.08,N,O,1996-04-22,1996-05-13,1996-05-18,DELIVER IN PERSON,FOB, regular pinto b
10337-2,10337,1566,47,2,9.00,13208.04,0.04,0.02,N,O,1996-07-02,1996-06-03,1996-07-20,NONE,REG AIR,equests. final ideas mold. furious
10337-3,10337,672,4,3,4.00,6290.68,0.01,0.07,N,O,1996-05-24,1996-06-05,1996-05-30,NONE,MAIL,ccording to the
10337-4,10337,924,59,4,20.00,36498.40,0.03,0.04,N,O,1996-05-09,1996-06-06,1996-05-28,DELIVER IN PERSON,AIR,xes print carefully among the accounts. 
10338-1,10338,400,1,1,2.00,2600.80,0.05,0.06,N,O,1995-08-01,1995-09-02,1995-08-07,DELIVER IN PERSON,AIR,to beans along the ruthless theodolites d
10338-2,10338,1152,61,2,6.00,6318.90,0.08,0.08,N,O,1995-08-12,1995-09-08,1995-08-13,TAKE BACK RETURN,REG AIR,slyly final packages. furiously regular
10338-3,10338,106,85,3,38.00,38231.80,0.01,0.07,N,O,1995-09-09,1995-09-01,1995-09-12,COLLECT COD,AIR,ccounts. pending deposits pri
10338-4,10338,113,14,4,4.00,4052.44,0.07,0.06,N,O,1995-09-01,1995-08-20,1995-09-27,NONE,MAIL,"r ideas. ironic, special "
10338-5,10338,1248,60,5,2.00,2298.48,0.09,0.07,N,O,1995-09-09,1995-08-27,1995-09-21,NONE,MAIL,yly express as
10338-6,10338,1580,61,6,30.00,44447.40,0.06,0.07,N,O,1995-11-01,1995-08-14,1995-11-13,NONE,RAIL,its. bold 
10339-1,10339,864,98,1,20.00,35297.20,0.06,0.00,N,O,1996-02-05,1995-12-19,1996-03-01,TAKE BACK RETURN,TRUCK, dependencies boost furiously. fu
10339-2,10339,103,56,2,48.00,48148.80,0.07,0.05,N,O,1996-01-24,1995-12-02,1996-02-04,NONE,FOB,sly among the slyly final account
10339-3,10339,969,4,3,19.00,35529.24,0.00,0.01,N,O,1995-12-25,1996-01-10,1996-01-24,DELIVER IN PERSON,MAIL,ticingly. regular 
10340-1,10340,50,76,1,47.00,44652.35,0.06,0.05,N,O,1995-09-08,1995-08-11,1995-09-24,COLLECT COD,TRUCK,telets across the slyly ent
10340-2,10340,1640,82,2,37.00,57040.68,0.00,0.05,N,O,1995-07-15,1995-08-07,1995-08-10,DELIVER IN PERSON,SHIP,"riously special, even asymptotes. ir"
10340-3,10340,1141,78,3,12.00,12505.68,0.09,0.04,N,O,1995-08-05,1995-09-16,1995-08-20,DELIVER IN PERSON,SHIP,ously even accounts cajole entic
10340-4,10340,24,25,4,19.00,17556.38,0.01,0.01,N,O,1995-08-08,1995-08-11,1995-08-18,NONE,AIR, nag carefully.
10340-5,10340,1564,45,5,27.00,39570.12,0.01,0.01,N,O,1995-07-04,1995-07-30,1995-07-14,DELIVER IN PERSON,MAIL,ly pending ideas us
10340-6,10340,639,2,6,43.00,66204.09,0.01,0.08,N,O,1995-09-16,1995-08-30,1995-09-23,NONE,RAIL, sleep alongside of the 
10341-1,10341,380,37,1,8.00,10243.04,0.09,0.07,R,F,1993-03-22,1993-01-30,1993-04-20,TAKE BACK RETURN,AIR,ideas haggle 
10341-2,10341,966,67,2,41.00,76545.36,0.09,0.00,R,F,1993-03-02,1993-02-17,1993-03-11,COLLECT COD,FOB,ackages wake decoys. accounts nag carefully
10341-3,10341,26,52,3,47.00,43522.94,0.06,0.04,A,F,1993-01-31,1993-01-31,1993-02-16,NONE,FOB,blithely regular deposits. slyl
10341-4,10341,1833,77,4,43.00,74597.69,0.00,0.04,R,F,1993-01-13,1993-02-17,1993-02-09,COLLECT COD,SHIP,osits haggle. boldly express the
10341-5,10341,781,82,5,21.00,35317.38,0.00,0.05,R,F,1993-01-19,1993-01-21,1993-01-27,COLLECT COD,FOB, braids. slyly regular deposits nag acros
10341-6,10341,412,71,6,11.00,14436.51,0.08,0.06,A,F,1993-02-02,1993-03-16,1993-02-16,DELIVER IN PERSON,RAIL,ly even foxes. stealthily final
10342-1,10342,1563,4,1,19.00,27826.64,0.02,0.04,N,O,1996-01-05,1996-01-10,1996-01-14,NONE,TRUCK,requests. furiously even dep
10342-2,10342,1978,11,2,50.00,93998.50,0.06,0.05,N,O,1995-12-12,1996-02-10,1995-12-27,TAKE BACK RETURN,TRUCK,refully fluffily i
10342-3,10342,1722,49,3,8.00,12989.76,0.10,0.00,N,O,1996-01-14,1995-12-25,1996-01-27,COLLECT COD,AIR,arefully even request
10342-4,10342,1832,19,4,41.00,71087.03,0.04,0.06,N,O,1996-02-03,1996-02-09,1996-02-10,TAKE BACK RETURN,TRUCK, after the
10342-5,10342,1591,92,5,42.00,62688.78,0.00,0.02,N,O,1996-01-15,1996-01-04,1996-02-05,TAKE BACK RETURN,AIR,y regular theodolit
10342-6,10342,627,59,6,3.00,4582.86,0.08,0.00,N,O,1996-02-20,1996-01-16,1996-03-19,COLLECT COD,MAIL, accounts are across the regular a
10343-1,10343,793,26,1,27.00,45732.33,0.08,0.05,A,F,1992-03-31,1992-05-20,1992-04-06,NONE,AIR,s are blithely after the slyly u
10368-1,10368,1600,81,1,43.00,64568.80,0.04,0.04,N,O,1996-07-24,1996-08-11,1996-08-02,COLLECT COD,SHIP,es integrate quickly around the carefully
10369-1,10369,1257,95,1,43.00,49804.75,0.01,0.04,N,O,1996-03-06,1996-01-15,1996-03-26,DELIVER IN PERSON,TRUCK,fluffily ironic accounts cajole furiou
10369-2,10369,1776,61,2,45.00,75499.65,0.08,0.00,N,O,1995-11-17,1995-12-16,1995-11-24,DELIVER IN PERSON,REG AIR,refully even deposits are regular i
10370-1,10370,1377,54,1,35.00,44742.95,0.07,0.01,A,F,1994-07-26,1994-06-16,1994-08-06,DELIVER IN PERSON,REG AIR,pths. accounts haggle carefully e
10370-2,10370,841,8,2,41.00,71415.44,0.05,0.04,A,F,1994-08-17,1994-06-02,1994-09-14,NONE,REG AIR,r the furiously final requests wake across 
10371-1,10371,449,50,1,24.00,32386.56,0.09,0.00,A,F,1994-11-21,1994-12-06,1994-12-08,NONE,REG AIR,ously regular accounts. carefully final fox
10371-2,10371,1398,37,2,43.00,55873.77,0.08,0.05,A,F,1994-09-21,1994-10-17,1994-10-01,DELIVER IN PERSON,AIR, pending i
10371-3,10371,1853,97,3,50.00,87742.50,0.00,0.02,A,F,1994-12-05,1994-12-04,1994-12-11,DELIVER IN PERSON,MAIL,have to detect a
10371-4,10371,38,39,4,35.00,32831.05,0.09,0.06,A,F,1994-10-19,1994-11-15,1994-10-30,DELIVER IN PERSON,SHIP,ove the blithely even deposi
10372-1,10372,586,17,1,50.00,74329.00,0.03,0.04,N,O,1995-07-11,1995-09-24,1995-07-21,DELIVER IN PERSON,REG AIR,l ideas. pending depe
10372-2,10372,1009,15,2,30.00,27300.00,0.03,0.02,N,O,1995-10-23,1995-08-04,1995-10-24,NONE,SHIP,s. bold attainments impress along the slyl
10373-1,10373,1253,28,1,45.00,51941.25,0.01,0.06,A,F,1993-08-10,1993-08-10,1993-09-01,NONE,FOB, pending ideas. reque
10373-2,10373,640,41,2,45.00,69328.80,0.04,0.06,R,F,1993-09-04,1993-09-19,1993-09-12,TAKE BACK RETURN,AIR,inal packages sleep through the regular s
10373-3,10373,361,62,3,12.00,15136.32,0.09,0.05,A,F,1993-10-16,1993-07-31,1993-11-03,NONE,RAIL,"l, regular"
10373-4,10373,286,87,4,3.00,3558.84,0.00,0.08,A,F,1993-10-18,1993-08-19,1993-11-02,TAKE BACK RETURN,MAIL,t accounts. carefully silent excuses 
10373-5,10373,1627,10,5,48.00,73373.76,0.01,0.05,A,F,1993-10-16,1993-09-22,1993-10-22,NONE,SHIP," ironic courts. enticing, unusual"
10373-6,10373,1455,73,6,25.00,33911.25,0.02,0.06,R,F,1993-08-14,1993-09-02,1993-08-20,NONE,SHIP,ss above the car
10374-1,10374,1536,17,1,19.00,27313.07,0.00,0.04,A,F,1993-11-09,1993-09-24,1993-11-16,DELIVER IN PERSON,RAIL,tions sleep
10375-1,10375,779,12,1,7.00,11758.39,0.00,0.03,N,O,1997-04-10,1997-03-10,1997-04-18,TAKE BACK RETURN,TRUCK,ages. pending accounts haggle behind t
10375-2,10375,59,35,2,23.00,22058.15,0.06,0.05,N,O,1997-02-08,1997-03-20,1997-02-20,TAKE BACK RETURN,TRUCK,ans wake furiously accounts. e
10375-3,10375,1196,5,3,21.00,23040.99,0.05,0.01,N,O,1997-03-16,1997-03-10,1997-04-09,TAKE BACK RETURN,AIR,ies. unusual r
10400-1,10400,1460,100,1,50.00,68073.00,0.07,0.04,N,O,1996-11-07,1996-11-27,1996-11-19,NONE,REG AIR, regular packages affix furiousl
10400-2,10400,335,92,2,27.00,33353.91,0.00,0.03,N,O,1996-12-23,1997-01-17,1997-01-13,NONE,REG AIR,ending packages are slyly
10400-3,10400,320,5,3,3.00,3660.96,0.03,0.04,N,O,1997-01-08,1997-01-16,1997-02-02,NONE,MAIL,s along the final theodolites play blit
10400-4,10400,1059,30,4,48.00,46082.40,0.03,0.08,N,O,1997-02-01,1996-12-12,1997-02-15,DELIVER IN PERSON,RAIL,fully silent forges. dolphin
10400-5,10400,1595,16,5,20.00,29931.80,0.07,0.04,N,O,1996-11-08,1996-12-19,1996-11-18,DELIVER IN PERSON,TRUCK,ithely among the even deposits. blithel
10400-6,10400,1416,17,6,27.00,35570.07,0.08,0.03,N,O,1996-11-26,1997-01-22,1996-12-09,TAKE BACK RETURN,AIR,"uriously regular excuses. ironic, bold a"
10401-1,10401,1421,22,1,1.00,1322.42,0.08,0.04,N,O,1998-08-30,1998-09-14,1998-09-23,NONE,SHIP,ly even foxes. regular ideas are packages.
10401-2,10401,1535,76,2,10.00,14365.30,0.07,0.04,N,O,1998-09-04,1998-10-08,1998-09-28,TAKE BACK RETURN,REG AIR,ully regular 
10402-1,10402,537,28,1,38.00,54626.14,0.07,0.07,N,O,1998-04-04,1998-02-09,1998-04-19,COLLECT COD,TRUCK,al theodolites wake busily. carefu
10402-2,10402,646,78,2,10.00,15466.40,0.01,0.02,N,O,1997-12-21,1998-01-20,1997-12-27,COLLECT COD,MAIL,nts boost blithely after the s
10403-1,10403,1790,17,1,29.00,49061.91,0.10,0.02,N,O,1996-08-10,1996-07-30,1996-09-03,NONE,FOB,furiously unusual 
10403-2,10403,1733,34,2,47.00,76832.31,0.02,0.08,N,O,1996-06-06,1996-06-29,1996-06-08,COLLECT COD,AIR, the blithely un
10403-3,10403,573,74,3,26.00,38312.82,0.10,0.07,N,O,1996-09-11,1996-07-22,1996-09-15,TAKE BACK RETURN,FOB, regular packages doze along the ca
10403-4,10403,1153,90,4,24.00,25299.60,0.07,0.02,N,O,1996-09-03,1996-08-19,1996-09-22,TAKE BACK RETURN,TRUCK,p. slyly fi
10403-5,10403,88,64,5,29.00,28654.32,0.07,0.05,N,O,1996-06-27,1996-06-23,1996-07-12,COLLECT COD,RAIL,uests nod blithely close acc
10403-6,10403,4,55,6,21.00,18984.00,0.07,0.02,N,O,1996-07-12,1996-07-18,1996-07-16,COLLECT COD,FOB,es. fluffily 
10403-7,10403,556,17,7,29.00,42239.95,0.09,0.04,N,O,1996-06-28,1996-07-31,1996-07-20,COLLECT COD,REG AIR,nticingly alongside of the 
10404-1,10404,1785,28,1,35.00,59037.30,0.08,0.01,N,O,1998-06-12,1998-05-14,1998-06-15,NONE,MAIL,r packages wake against th
10404-2,10404,825,26,2,9.00,15532.38,0.03,0.08,N,O,1998-04-13,1998-05-05,1998-04-21,NONE,TRUCK,", ironic requests. ironic accounts sle"
10404-3,10404,1509,10,3,49.00,69114.50,0.02,0.02,N,O,1998-04-20,1998-05-13,1998-04-22,DELIVER IN PERSON,SHIP,lar theodolites m
10404-4,10404,463,93,4,6.00,8180.76,0.07,0.04,N,O,1998-06-27,1998-06-13,1998-07-02,COLLECT COD,AIR,re carefully final foxes. fina
10405-1,10405,1350,27,1,25.00,31283.75,0.08,0.07,N,O,1998-01-31,1998-03-02,1998-02-25,DELIVER IN PERSON,MAIL,c accounts affix
10405-2,10405,107,8,2,14.00,14099.40,0.01,0.02,N,O,1998-05-01,1998-03-17,1998-05-10,NONE,REG AIR,lithely bold a
10405-3,10405,684,78,3,37.00,58633.16,0.06,0.00,N,O,1998-02-28,1998-02-25,1998-03-27,TAKE BACK RETURN,REG AIR,ickly quickly regular accounts. qu
10405-4,10405,93,44,4,22.00,21847.98,0.08,0.05,N,O,1998-04-01,1998-03-13,1998-04-28,TAKE BACK RETURN,TRUCK, ironic re
10405-5,10405,1390,5,5,27.00,34867.53,0.07,0.08,N,O,1998-04-19,1998-03-08,1998-05-07,NONE,MAIL,haggle above the s
10406-1,10406,1310,25,1,23.00,27860.13,0.01,0.06,N,O,1996-06-12,1996-05-23,1996-07-11,NONE,RAIL,essly after the carefu
10406-2,10406,1130,31,2,41.00,42276.33,0.09,0.05,N,O,1996-04-25,1996-05-20,1996-04-26,NONE,AIR,s nag quick
10406-3,10406,834,35,3,41.00,71128.03,0.10,0.00,N,O,1996-04-27,1996-04-27,1996-05-20,COLLECT COD,MAIL,ests are f
10406-4,10406,145,46,4,10.00,10451.40,0.06,0.00,N,O,1996-05-04,1996-04-16,1996-05-15,DELIVER IN PERSON,SHIP,posits affix slyly. fina
10407-1,10407,331,60,1,9.00,11081.97,0.10,0.04,N,O,1996-05-30,1996-04-25,1996-06-05,DELIVER IN PERSON,TRUCK,g fluffily? slyly even 
10407-2,10407,390,75,2,10.00,12903.90,0.01,0.03,N,O,1996-07-18,1996-05-25,1996-07-27,COLLECT COD,AIR,ely busy idea
10407-3,10407,1185,94,3,20.00,21723.60,0.00,0.00,N,O,1996-05-13,1996-05-05,1996-06-05,DELIVER IN PERSON,TRUCK,rts across the furiously regu
10407-4,10407,433,63,4,12.00,16001.16,0.06,0.00,N,O,1996-04-06,1996-05-09,1996-05-04,NONE,REG AIR,s asymptotes. bold accounts haggle slyl
10407-5,10407,1085,56,5,10.00,9860.80,0.06,0.08,N,O,1996-06-08,1996-05-21,1996-06-10,NONE,RAIL,into beans. ex
10407-6,10407,208,36,6,2.00,2216.40,0.04,0.02,N,O,1996-04-19,1996-05-18,1996-05-19,TAKE BACK RETURN,REG AIR,"ake furiously above the ironic, "
10432-1,10432,1705,90,1,40.00,64268.00,0.06,0.05,R,F,1992-03-04,1992-02-10,1992-03-18,COLLECT COD,REG AIR, requests. b
10432-2,10432,54,80,2,46.00,43886.30,0.00,0.02,A,F,1992-04-29,1992-03-19,1992-05-03,COLLECT COD,SHIP,sits integrate blithely. slyly even
10432-3,10432,1292,93,3,26.00,31025.54,0.05,0.07,A,F,1992-04-23,1992-03-08,1992-04-26,NONE,REG AIR,lithely! thinly regular accounts wak
10432-4,10432,647,41,4,18.00,27857.52,0.06,0.07,A,F,1992-01-27,1992-03-19,1992-02-06,NONE,FOB,ake slyly again
10433-1,10433,1268,43,1,16.00,18708.16,0.05,0.08,A,F,1993-05-09,1993-04-10,1993-05-29,COLLECT COD,REG AIR,"leep furiously. ironic, ironic foxes "
10434-1,10434,1523,24,1,6.00,8547.12,0.02,0.07,R,F,1995-02-11,1995-03-17,1995-03-12,DELIVER IN PERSON,SHIP,inst the ironic deposits s
10434-2,10434,465,66,2,42.00,57349.32,0.09,0.04,R,F,1995-03-27,1995-02-24,1995-04-25,DELIVER IN PERSON,TRUCK,ven foxes haggle furiously alongsid
10435-1,10435,493,94,1,39.00,54346.11,0.08,0.03,R,F,1993-08-23,1993-11-04,1993-08-27,DELIVER IN PERSON,AIR,dependencies wake fur
10435-2,10435,1702,3,2,9.00,14433.30,0.10,0.06,R,F,1993-12-05,1993-09-19,1993-12-10,TAKE BACK RETURN,SHIP,ges around the f
10435-3,10435,1795,80,3,4.00,6787.16,0.05,0.05,R,F,1993-08-25,1993-09-14,1993-08-26,TAKE BACK RETURN,TRUCK,"cial, final foxes. bli"
10435-4,10435,957,26,4,25.00,46448.75,0.04,0.01,A,F,1993-10-29,1993-10-23,1993-10-31,NONE,MAIL,ecial instructions detect fu
10435-5,10435,1935,68,5,19.00,34901.67,0.00,0.05,A,F,1993-08-27,1993-10-30,1993-09-25,DELIVER IN PERSON,MAIL, the blithely regular accounts haggle sl
10435-6,10435,661,62,6,20.00,31233.20,0.03,0.06,A,F,1993-09-23,1993-10-07,1993-10-15,TAKE BACK RETURN,AIR,he theodolites. blith
10436-1,10436,1197,34,1,31.00,34043.89,0.09,0.05,A,F,1995-04-26,1995-03-11,1995-05-07,TAKE BACK RETURN,MAIL,egular deposits. carefully unusual ac
10437-1,10437,883,83,1,13.00,23190.44,0.09,0.01,A,F,1994-08-24,1994-09-20,1994-09-17,NONE,TRUCK,the slyly bold forges haggle quick
10437-2,10437,1165,66,2,27.00,28786.32,0.02,0.03,A,F,1994-11-04,1994-11-07,1994-11-25,DELIVER IN PERSON,TRUCK,sts doubt. carefully b
10437-3,10437,358,87,3,11.00,13841.85,0.03,0.05,A,F,1994-10-08,1994-11-16,1994-10-27,DELIVER IN PERSON,REG AIR,equests nag quickly special ideas: care
10438-1,10438,1978,11,1,46.00,86478.62,0.09,0.03,A,F,1993-02-05,1993-03-01,1993-02-06,DELIVER IN PERSON,RAIL,es. regular requests impress furiously. f
10438-2,10438,1710,11,2,34.00,54798.14,0.03,0.04,A,F,1992-12-12,1993-02-17,1992-12-26,TAKE BACK RETURN,MAIL,en requests. furiously i
10438-3,10438,1359,74,3,15.00,18905.25,0.02,0.00,A,F,1993-02-12,1993-03-02,1993-02-27,TAKE BACK RETURN,AIR,odolites snooze bl
10438-4,10438,390,91,4,27.00,34840.53,0.06,0.07,R,F,1993-01-27,1993-01-15,1993-02-15,DELIVER IN PERSON,AIR,e fluffily. blithely silent re
10439-1,10439,161,40,1,32.00,33957.12,0.08,0.04,R,F,1992-05-20,1992-06-23,1992-06-13,DELIVER IN PERSON,FOB," bold, ironic instructions. furious"
10439-2,10439,122,1,2,27.00,27597.24,0.05,0.03,R,F,1992-06-29,1992-05-06,1992-07-10,NONE,MAIL,y among the 
10439-3,10439,899,99,3,49.00,88194.61,0.00,0.00,A,F,1992-04-13,1992-06-03,1992-04-16,COLLECT COD,FOB,e carefully 
10439-4,10439,537,38,4,15.00,21562.95,0.09,0.03,A,F,1992-04-06,1992-06-13,1992-05-04,COLLECT COD,FOB,ously around the 
10439-5,10439,1596,97,5,30.00,44927.70,0.05,0.04,R,F,1992-06-05,1992-06-01,1992-06-13,NONE,REG AIR,es are bold e
10439-6,10439,1598,19,6,33.00,49486.47,0.00,0.03,R,F,1992-06-06,1992-05-08,1992-06-20,DELIVER IN PERSON,FOB, slyly regul
10439-7,10439,1998,87,7,20.00,37999.80,0.04,0.01,R,F,1992-06-02,1992-04-29,1992-06-27,NONE,AIR, blithely unusual asymp
10464-1,10464,1015,86,1,47.00,43052.47,0.06,0.03,R,F,1994-08-21,1994-10-19,1994-09-01,TAKE BACK RETURN,AIR,luffily special platelets snooze against
10465-1,10465,1512,13,1,16.00,22616.16,0.00,0.05,N,O,1997-04-20,1997-05-20,1997-05-15,COLLECT COD,REG AIR,xes wake caref
10465-2,10465,1773,58,2,21.00,35170.17,0.06,0.02,N,O,1997-05-06,1997-05-23,1997-05-23,TAKE BACK RETURN,FOB,ajole furiously even 
10465-3,10465,340,97,3,1.00,1240.34,0.00,0.03,N,O,1997-04-23,1997-05-13,1997-05-08,TAKE BACK RETURN,RAIL,to affix regularly alongsid
10465-4,10465,1946,35,4,47.00,86853.18,0.07,0.03,N,O,1997-08-02,1997-06-16,1997-08-14,NONE,SHIP,inal asymptotes should h
10465-5,10465,779,76,5,49.00,82308.73,0.10,0.03,N,O,1997-07-07,1997-05-21,1997-07-09,COLLECT COD,MAIL, special packages boost. stealthily bo
10465-6,10465,63,64,6,49.00,47189.94,0.06,0.08,N,O,1997-07-22,1997-05-29,1997-08-03,TAKE BACK RETURN,MAIL,s. furiously ironic ideas are
10465-7,10465,1475,54,7,17.00,23399.99,0.04,0.04,N,O,1997-05-30,1997-07-09,1997-06-13,COLLECT COD,TRUCK,furiously s
10466-1,10466,1372,73,1,44.00,56028.28,0.08,0.02,R,F,1993-03-13,1993-02-25,1993-04-07,COLLECT COD,SHIP, blithely even packages boost.
10466-2,10466,1959,4,2,15.00,27914.25,0.00,0.08,A,F,1993-01-18,1993-02-17,1993-02-02,NONE,REG AIR,wake against the sly
10466-3,10466,655,49,3,42.00,65337.30,0.06,0.06,A,F,1993-02-25,1993-03-01,1993-03-21,TAKE BACK RETURN,AIR,"e even, ironic deposits sleep furiousl"
10467-1,10467,1128,29,1,36.00,37048.32,0.00,0.05,N,O,1997-06-30,1997-05-17,1997-07-07,COLLECT COD,MAIL,. slyly ironic theodolites
10467-2,10467,1900,44,2,16.00,28830.40,0.03,0.01,N,O,1997-07-04,1997-05-07,1997-07-31,TAKE BACK RETURN,RAIL,er blithely according to the carefully si
10467-3,10467,1338,53,3,26.00,32222.58,0.08,0.05,N,O,1997-05-13,1997-05-15,1997-05-19,NONE,AIR,even deposits alon
10467-4,10467,1997,86,4,28.00,53171.72,0.01,0.02,N,O,1997-03-28,1997-05-08,1997-04-22,COLLECT COD,RAIL,ges cajole a
10467-5,10467,764,61,5,3.00,4994.28,0.07,0.03,N,O,1997-06-04,1997-04-22,1997-06-08,NONE,REG AIR,lent sauternes a
10467-6,10467,1810,97,6,20.00,34236.20,0.10,0.02,N,O,1997-05-07,1997-05-09,1997-05-18,DELIVER IN PERSON,RAIL,hang carefull
10467-7,10467,224,6,7,11.00,12366.42,0.07,0.05,N,O,1997-04-26,1997-05-20,1997-05-16,NONE,RAIL,oss the carefully final foxes. furiously
10468-1,10468,348,77,1,6.00,7490.04,0.02,0.00,A,F,1995-02-28,1995-03-05,1995-03-02,DELIVER IN PERSON,FOB,"nt, regular t"
10468-2,10468,196,97,2,39.00,42751.41,0.00,0.02,R,F,1994-12-26,1995-03-06,1994-12-31,COLLECT COD,REG AIR,ackages. excuses above the pendin
10469-1,10469,737,2,1,26.00,42580.98,0.08,0.00,N,O,1996-12-20,1996-10-21,1996-12-27,DELIVER IN PERSON,FOB,g across the iro
10469-2,10469,13,64,2,1.00,913.01,0.02,0.06,N,O,1996-09-18,1996-10-05,1996-09-27,TAKE BACK RETURN,SHIP,fter the express platelets? f
10469-3,10469,1795,96,3,28.00,47510.12,0.01,0.06,N,O,1996-10-10,1996-11-03,1996-10-21,TAKE BACK RETURN,RAIL,are alongside of the
10470-1,10470,1696,20,1,48.00,76689.12,0.07,0.04,R,F,1992-08-01,1992-07-05,1992-08-02,DELIVER IN PERSON,SHIP,arefully unusual packages.
10470-2,10470,720,53,2,46.00,74553.12,0.08,0.03,R,F,1992-08-16,1992-06-11,1992-08-23,DELIVER IN PERSON,MAIL,the deposits are carefully dep
10470-3,10470,455,56,3,50.00,67772.50,0.05,0.08,R,F,1992-07-18,1992-06-06,1992-07-28,NONE,RAIL,ringly. fluffily special deposits use d
10470-4,10470,985,86,4,41.00,77325.18,0.00,0.01,R,F,1992-06-19,1992-06-16,1992-07-12,TAKE BACK RETURN,SHIP,s. quietly regular accounts
10470-5,10470,1431,71,5,21.00,27981.03,0.05,0.07,R,F,1992-06-11,1992-07-12,1992-06-23,DELIVER IN PERSON,REG AIR,ross the slyly ironic accounts. regular
10470-6,10470,1117,18,6,1.00,1018.11,0.06,0.05,R,F,1992-07-18,1992-06-28,1992-08-01,TAKE BACK RETURN,MAIL, carefully express packages accord
10471-1,10471,244,45,1,46.00,52635.04,0.08,0.01,R,F,1993-01-21,1992-12-24,1993-02-17,TAKE BACK RETURN,MAIL,efully regular pains boos
10471-2,10471,912,47,2,35.00,63451.85,0.02,0.05,A,F,1992-10-11,1992-12-09,1992-11-08,DELIVER IN PERSON,TRUCK,l courts breach 
10471-3,10471,1643,44,3,8.00,12357.12,0.06,0.01,A,F,1992-12-10,1992-12-23,1992-12-26,DELIVER IN PERSON,REG AIR,ts. furiously even asymptotes are quickly a
10471-4,10471,825,92,4,35.00,60403.70,0.09,0.00,R,F,1992-10-17,1993-01-03,1992-11-07,COLLECT COD,SHIP,auternes. requests according to t
10471-5,10471,1244,56,5,39.00,44664.36,0.04,0.05,R,F,1992-12-05,1992-11-11,1992-12-25,COLLECT COD,FOB,e asymptotes. idly 
10471-6,10471,816,50,6,48.00,82406.88,0.03,0.05,A,F,1992-11-28,1992-12-13,1992-12-16,DELIVER IN PERSON,SHIP,. carefully silent packages wa
10496-1,10496,103,56,1,8.00,8024.80,0.08,0.01,N,O,1997-03-26,1997-04-11,1997-04-22,NONE,REG AIR,lyly regular instructions sleep permanent
10496-2,10496,1687,29,2,37.00,58781.16,0.00,0.01,N,O,1997-05-06,1997-05-01,1997-05-30,TAKE BACK RETURN,RAIL,gage blithely. slyly bold theodoli
10497-1,10497,395,80,1,10.00,12953.90,0.08,0.06,N,O,1996-09-11,1996-09-14,1996-09-13,NONE,AIR,"nst the ironic, ironic deposits. "
10497-2,10497,538,69,2,29.00,41717.37,0.05,0.03,N,O,1996-08-01,1996-09-19,1996-08-25,TAKE BACK RETURN,FOB,ar dependencies cajole special instructio
10497-3,10497,1471,11,3,36.00,49408.92,0.07,0.08,N,O,1996-09-13,1996-08-12,1996-09-27,COLLECT COD,MAIL,e furiously f
10498-1,10498,1140,41,1,3.00,3123.42,0.00,0.07,A,F,1993-11-01,1993-12-23,1993-11-10,DELIVER IN PERSON,REG AIR, the carefully final request
10498-2,10498,697,91,2,34.00,54321.46,0.03,0.00,A,F,1994-02-16,1993-12-09,1994-02-19,COLLECT COD,REG AIR,inal dolphi
10498-3,10498,720,85,3,31.00,50242.32,0.08,0.05,A,F,1994-01-21,1993-11-30,1994-02-07,NONE,REG AIR,ecial accounts sl
10498-4,10498,1961,6,4,25.00,46574.00,0.09,0.00,A,F,1994-01-07,1993-11-27,1994-01-08,DELIVER IN PERSON,FOB,structions hinder carefully a
10499-1,10499,176,3,1,12.00,12914.04,0.00,0.08,R,F,1994-03-08,1994-02-02,1994-04-04,TAKE BACK RETURN,SHIP,"elets-- special, ev"
10499-2,10499,854,88,2,32.00,56155.20,0.05,0.07,R,F,1993-12-20,1994-01-22,1994-01-17,NONE,RAIL,"as cajole carefully; brave, ironic d"
10499-3,10499,1474,75,3,30.00,41264.10,0.09,0.04,R,F,1994-01-27,1994-02-14,1994-02-11,NONE,RAIL,y regular courts. blithely reg
10499-4,10499,482,83,4,39.00,53916.72,0.09,0.06,R,F,1994-02-28,1994-02-11,1994-03-26,NONE,REG AIR," nag slyly. bold, exp"
10499-5,10499,696,97,5,2.00,3193.38,0.03,0.00,R,F,1994-03-14,1994-01-04,1994-04-09,DELIVER IN PERSON,FOB,ccounts. furiously final accounts
10499-6,10499,75,1,6,21.00,20476.47,0.01,0.04,R,F,1994-02-19,1993-12-28,1994-03-07,COLLECT COD,SHIP,the ironic theodolites. slyly bo
10500-1,10500,726,23,1,16.00,26027.52,0.00,0.03,R,F,1994-04-14,1994-03-10,1994-04-19,COLLECT COD,REG AIR,"among the regular, expres"
10501-1,10501,1701,28,1,12.00,19232.40,0.02,0.04,N,O,1998-09-28,1998-09-24,1998-10-08,NONE,RAIL,endencies sleep furiously ironic pearls. 
10501-2,10501,831,98,2,40.00,69273.20,0.04,0.03,N,O,1998-07-24,1998-08-06,1998-08-01,NONE,FOB,ests sleep among the slyly express
10501-3,10501,1791,18,3,43.00,72789.97,0.01,0.03,N,O,1998-07-27,1998-09-26,1998-08-23,NONE,REG AIR,y even theodolites. carefully final req
10501-4,10501,1335,50,4,22.00,27199.26,0.00,0.04,N,O,1998-09-25,1998-08-20,1998-10-10,COLLECT COD,FOB, never. quic
10501-5,10501,463,93,5,11.00,14998.06,0.06,0.02,N,O,1998-10-28,1998-09-06,1998-11-21,TAKE BACK RETURN,AIR,yly pending deposits are furiously pendin
10501-6,10501,1243,44,6,21.00,24029.04,0.09,0.03,N,O,1998-09-18,1998-08-22,1998-10-01,COLLECT COD,REG AIR,uests sleep carefully expres
10502-1,10502,1776,3,1,50.00,83888.50,0.01,0.00,A,F,1993-05-20,1993-06-25,1993-05-22,COLLECT COD,FOB, unusual theodolite
10502-2,10502,1667,9,2,48.00,75295.68,0.09,0.01,A,F,1993-06-11,1993-08-01,1993-06-12,TAKE BACK RETURN,MAIL,ding to the furiously
10502-3,10502,1470,71,3,8.00,10971.76,0.10,0.04,R,F,1993-08-30,1993-06-23,1993-09-19,TAKE BACK RETURN,REG AIR,osits use c
10502-4,10502,36,62,4,17.00,15912.51,0.09,0.04,R,F,1993-09-02,1993-06-16,1993-09-26,DELIVER IN PERSON,MAIL,y unusual ideas us
10503-1,10503,92,93,1,28.00,27778.52,0.07,0.06,N,O,1996-09-15,1996-08-07,1996-09-26,TAKE BACK RETURN,AIR,ly. deposits according to the bold instr
10503-2,10503,1500,79,2,12.00,16818.00,0.04,0.01,N,O,1996-09-07,1996-07-15,1996-09-18,DELIVER IN PERSON,RAIL, final asymptotes cajole blithely against 
10503-3,10503,843,43,3,45.00,78472.80,0.03,0.04,N,O,1996-08-08,1996-07-15,1996-08-29,NONE,TRUCK,silent accoun
10503-4,10503,45,21,4,28.00,26461.12,0.01,0.07,N,O,1996-06-23,1996-07-25,1996-07-17,DELIVER IN PERSON,RAIL,. foxes impress blithely of the carefully f
10528-1,10528,845,79,1,45.00,78562.80,0.09,0.02,A,F,1995-01-07,1994-10-20,1995-01-22,NONE,FOB,rding to the final dolphins cajole around
10528-2,10528,185,86,2,4.00,4340.72,0.02,0.08,A,F,1994-10-20,1994-12-07,1994-11-12,NONE,MAIL,s since the fu
10528-3,10528,1700,1,3,18.00,28830.60,0.06,0.03,R,F,1994-10-02,1994-10-28,1994-10-06,TAKE BACK RETURN,SHIP,e of the slyly regular platelet
10528-4,10528,1788,15,4,13.00,21967.14,0.08,0.07,R,F,1994-10-11,1994-11-18,1994-10-28,NONE,AIR,"lar accounts sleep instead of the ironic, p"
10529-1,10529,1011,17,1,37.00,33744.37,0.01,0.08,N,O,1997-10-28,1998-01-16,1997-11-12,COLLECT COD,SHIP,"ons. pending, express foxes boost q"
10529-2,10529,270,52,2,41.00,47981.07,0.01,0.04,N,O,1998-01-10,1997-12-29,1998-01-21,TAKE BACK RETURN,MAIL,p fluffily 
10529-3,10529,1866,67,3,31.00,54803.66,0.05,0.08,N,O,1998-01-15,1997-12-13,1998-02-05,DELIVER IN PERSON,AIR,lyly final instruc
10530-1,10530,1990,23,1,20.00,37839.80,0.06,0.00,A,F,1994-03-03,1994-03-20,1994-03-06,NONE,TRUCK,nal packages sleep quietly p
10530-2,10530,802,36,2,28.00,47678.40,0.05,0.04,R,F,1994-04-30,1994-03-16,1994-05-14,COLLECT COD,RAIL,". pending, ironic "
10530-3,10530,1662,63,3,25.00,39091.50,0.07,0.04,R,F,1994-04-10,1994-03-24,1994-04-29,DELIVER IN PERSON,REG AIR,nts. silen
10531-1,10531,705,38,1,24.00,38536.80,0.08,0.00,R,F,1992-03-21,1992-05-29,1992-04-10,COLLECT COD,RAIL,iously even requests are furiously blit
10531-2,10531,25,26,2,14.00,12950.28,0.09,0.07,A,F,1992-03-27,1992-04-19,1992-04-10,DELIVER IN PERSON,RAIL,nal requests at 
10531-3,10531,1097,98,3,40.00,39923.60,0.08,0.07,R,F,1992-04-20,1992-04-29,1992-04-26,COLLECT COD,REG AIR, sleep fluffily. carefully unusual fo
10531-4,10531,1639,22,4,25.00,38515.75,0.09,0.05,A,F,1992-07-16,1992-05-18,1992-08-10,COLLECT COD,REG AIR,as around the f
10531-5,10531,789,54,5,2.00,3379.56,0.00,0.02,A,F,1992-04-14,1992-04-26,1992-04-23,NONE,RAIL,ccounts cajole. regular instru
10531-6,10531,1660,84,6,2.00,3123.32,0.00,0.00,A,F,1992-05-25,1992-05-16,1992-06-06,DELIVER IN PERSON,SHIP,cajole furiously above the carefully p
10531-7,10531,923,26,7,24.00,43774.08,0.00,0.04,R,F,1992-04-02,1992-05-30,1992-04-09,NONE,TRUCK,"nal accounts. quick, final T"
10532-1,10532,1771,14,1,25.00,41819.25,0.00,0.01,N,O,1997-12-30,1998-01-26,1998-01-13,DELIVER IN PERSON,SHIP,eans. furiously pending sheaves hag
10532-2,10532,1821,8,2,15.00,25842.30,0.00,0.07,N,O,1998-03-26,1997-12-30,1998-04-25,NONE,SHIP,ymptotes above the
10532-3,10532,1083,54,3,26.00,25586.08,0.02,0.02,N,O,1998-01-05,1998-02-02,1998-01-23,DELIVER IN PERSON,AIR,"ackages. pending, bold ideas cajole fur"
10532-4,10532,1702,45,4,44.00,70562.80,0.03,0.07,N,O,1998-03-14,1998-01-08,1998-03-29,NONE,REG AIR,to the ironic account
10532-5,10532,1689,31,5,23.00,36585.64,0.10,0.05,N,O,1998-01-25,1998-01-13,1998-01-30,DELIVER IN PERSON,REG AIR, accounts. packages nag
10532-6,10532,1857,1,6,50.00,87942.50,0.05,0.00,N,O,1998-01-08,1998-01-04,1998-01-26,COLLECT COD,SHIP,"ar dependencies. regular, ironi"
10532-7,10532,124,25,7,30.00,30723.60,0.05,0.07,N,O,1997-12-24,1998-02-19,1998-01-14,COLLECT COD,REG AIR,ously. fluffily special accounts a
10533-1,10533,1399,38,1,16.00,20806.24,0.04,0.06,N,O,1998-08-02,1998-07-16,1998-08-21,TAKE BACK RETURN,MAIL,hily according to the slyly regular packa
10533-2,10533,521,22,2,16.00,22744.32,0.00,0.06,N,O,1998-07-07,1998-06-29,1998-07-09,NONE,FOB,uternes boost quickly. package
10533-3,10533,354,83,3,46.00,57700.10,0.02,0.07,N,O,1998-08-10,1998-06-15,1998-08-31,COLLECT COD,FOB,g instruction
10533-4,10533,1019,20,4,42.00,38640.42,0.05,0.04,N,O,1998-07-13,1998-07-14,1998-07-31,COLLECT COD,FOB,ndencies. regular packa
10533-5,10533,813,13,5,27.00,46272.87,0.09,0.00,N,O,1998-07-18,1998-06-29,1998-08-11,DELIVER IN PERSON,MAIL, furiously.
10534-1,10534,1554,35,1,3.00,4366.65,0.05,0.07,R,F,1993-07-13,1993-07-16,1993-08-06,COLLECT COD,MAIL, even packages abo
10535-1,10535,743,44,1,2.00,3287.48,0.00,0.04,N,O,1995-06-29,1995-08-08,1995-07-21,NONE,REG AIR,express fo
10535-2,10535,685,86,2,30.00,47570.40,0.01,0.07,N,O,1995-07-29,1995-07-15,1995-08-03,DELIVER IN PERSON,REG AIR,p blithely pending accounts. bol
10535-3,10535,728,25,3,33.00,53747.76,0.09,0.01,N,O,1995-07-29,1995-07-30,1995-08-18,TAKE BACK RETURN,REG AIR,y express excuses along the ruth
10535-4,10535,1038,39,4,22.00,20658.66,0.02,0.03,N,O,1995-09-22,1995-07-01,1995-09-27,NONE,FOB, even dependencies. slyly regul
10535-5,10535,1912,45,5,40.00,72556.40,0.00,0.03,N,O,1995-09-04,1995-08-14,1995-09-11,TAKE BACK RETURN,RAIL,s thrash ironic waters. even deposits h
10535-6,10535,1853,54,6,20.00,35097.00,0.01,0.04,N,O,1995-09-02,1995-08-15,1995-09-15,DELIVER IN PERSON,MAIL,egular requests. ca
10535-7,10535,447,6,7,11.00,14821.84,0.01,0.01,N,O,1995-07-09,1995-07-27,1995-07-20,COLLECT COD,RAIL,ons sleep. deposit
10560-1,10560,1016,22,1,8.00,7336.08,0.08,0.00,N,O,1997-10-08,1997-10-19,1997-10-31,DELIVER IN PERSON,MAIL,deposits cajole. pending
10560-2,10560,1386,63,2,49.00,63081.62,0.07,0.06,N,O,1997-11-27,1997-09-07,1997-12-25,DELIVER IN PERSON,AIR, quietly. quickly permanent packages caj
10560-3,10560,1978,79,3,8.00,15039.76,0.04,0.07,N,O,1997-08-08,1997-10-24,1997-09-04,NONE,MAIL,fluffily brave packages among the fur
10560-4,10560,1567,8,4,18.00,26434.08,0.10,0.06,N,O,1997-08-07,1997-10-17,1997-08-15,TAKE BACK RETURN,RAIL,"ular waters. express, bold courts c"
10560-5,10560,703,100,5,6.00,9622.20,0.01,0.07,N,O,1997-10-08,1997-10-02,1997-10-09,TAKE BACK RETURN,REG AIR,fully pending do
10560-6,10560,736,1,6,38.00,62195.74,0.03,0.01,N,O,1997-10-05,1997-08-29,1997-11-02,DELIVER IN PERSON,SHIP, packages into the f
10560-7,10560,1083,54,7,5.00,4920.40,0.10,0.04,N,O,1997-10-03,1997-09-07,1997-10-12,NONE,MAIL,inst the carefully regular deposi
10561-1,10561,551,52,1,30.00,43546.50,0.02,0.08,N,O,1997-06-18,1997-07-08,1997-06-22,COLLECT COD,SHIP,foxes according
10561-2,10561,949,84,2,25.00,46248.50,0.09,0.00,N,O,1997-07-24,1997-06-18,1997-07-29,TAKE BACK RETURN,FOB,ronic pinto beans play about the req
10561-3,10561,1021,27,3,44.00,40568.88,0.08,0.05,N,O,1997-05-16,1997-06-26,1997-06-12,COLLECT COD,RAIL,y dogged foxes. quickly regul
10561-4,10561,440,28,4,30.00,40213.20,0.01,0.04,N,O,1997-07-28,1997-07-26,1997-08-18,NONE,AIR,e accounts. furiously bold accounts s
10561-5,10561,1737,64,5,31.00,50800.63,0.08,0.08,N,O,1997-06-06,1997-06-13,1997-06-30,NONE,TRUCK,final pinto
10562-1,10562,1436,37,1,37.00,49484.91,0.06,0.07,R,F,1994-12-21,1995-01-08,1995-01-12,COLLECT COD,FOB,pinto beans. final attainmen
10562-2,10562,1643,26,2,37.00,57151.68,0.05,0.04,R,F,1994-12-12,1995-01-07,1994-12-24,NONE,RAIL,s. packages boost s
10562-3,10562,592,93,3,25.00,37314.75,0.09,0.02,R,F,1995-03-05,1995-01-18,1995-03-07,COLLECT COD,REG AIR,iously pending cour
10562-4,10562,952,21,4,13.00,24088.35,0.06,0.04,R,F,1995-02-05,1995-01-23,1995-02-26,TAKE BACK RETURN,SHIP,y. carefully final
10562-5,10562,762,95,5,46.00,76486.96,0.03,0.02,R,F,1995-03-06,1994-12-22,1995-03-17,TAKE BACK RETURN,TRUCK,e theodolites. furiously
10562-6,10562,118,71,6,8.00,8144.88,0.10,0.00,A,F,1995-01-17,1995-01-10,1995-02-09,DELIVER IN PERSON,TRUCK,ven foxes. regu
10562-7,10562,569,30,7,34.00,49965.04,0.02,0.02,A,F,1995-02-19,1995-01-30,1995-02-20,NONE,SHIP,with the slyly express multipliers sleep e
10563-1,10563,1475,93,1,12.00,16517.64,0.06,0.01,R,F,1994-01-04,1993-11-14,1994-02-01,DELIVER IN PERSON,SHIP,y ironic instructions above the blith
10563-2,10563,1369,70,2,35.00,44462.60,0.10,0.06,R,F,1993-11-15,1993-12-21,1993-12-09,COLLECT COD,RAIL,eodolites. i
10563-3,10563,2000,33,3,46.00,41492.00,0.05,0.00,A,F,1993-11-11,1993-11-05,1993-11-18,COLLECT COD,MAIL,pending dep
10563-4,10563,1108,9,4,46.00,46418.60,0.07,0.07,R,F,1994-01-10,1993-11-02,1994-01-17,DELIVER IN PERSON,RAIL,e regular accounts. slyly special packag
10564-1,10564,1613,55,1,13.00,19689.93,0.06,0.06,N,O,1996-03-31,1996-04-20,1996-04-19,TAKE BACK RETURN,AIR, alongside of the
10564-2,10564,402,32,2,23.00,29955.20,0.04,0.03,N,O,1996-05-03,1996-05-15,1996-05-09,DELIVER IN PERSON,TRUCK, slyly ironic pinto
10564-3,10564,87,38,3,25.00,24677.00,0.00,0.06,N,O,1996-06-19,1996-05-26,1996-07-02,NONE,MAIL,sual deposits. iron
10564-4,10564,1144,17,4,2.00,2090.28,0.02,0.05,N,O,1996-03-19,1996-04-27,1996-03-31,COLLECT COD,AIR,g to the furio
10565-1,10565,867,68,1,11.00,19446.46,0.03,0.03,N,O,1997-08-26,1997-10-21,1997-09-21,NONE,MAIL, according to the special foxes ca
10565-2,10565,1519,40,2,15.00,21307.65,0.07,0.04,N,O,1997-10-07,1997-11-04,1997-10-14,COLLECT COD,AIR,egular accounts are quickl
10565-3,10565,395,52,3,31.00,40157.09,0.01,0.05,N,O,1997-10-30,1997-10-17,1997-11-13,DELIVER IN PERSON,AIR,out the furi
10565-4,10565,1152,53,4,27.00,28435.05,0.01,0.06,N,O,1997-11-21,1997-11-07,1997-12-18,COLLECT COD,MAIL,ly over the blithely
10565-5,10565,40,41,5,27.00,25381.08,0.01,0.06,N,O,1997-09-23,1997-10-05,1997-10-08,DELIVER IN PERSON,REG AIR,thely regula
10566-1,10566,663,95,1,44.00,68801.04,0.01,0.04,N,O,1995-10-25,1995-11-18,1995-11-14,TAKE BACK RETURN,MAIL,about the deposits. carefull
10566-2,10566,911,46,2,1.00,1811.91,0.01,0.03,N,O,1995-10-03,1995-11-04,1995-10-31,NONE,RAIL,ly even foxes. quickly dogged 
10566-3,10566,1665,89,3,18.00,28199.88,0.10,0.00,N,O,1995-10-13,1995-09-30,1995-11-11,COLLECT COD,RAIL,e express accounts. speci
10566-4,10566,82,8,4,36.00,35354.88,0.01,0.02,N,O,1995-10-18,1995-10-13,1995-11-11,NONE,SHIP,refully unusual accounts breach quickl
10566-5,10566,285,40,5,9.00,10667.52,0.00,0.04,N,O,1995-09-22,1995-10-21,1995-10-16,NONE,RAIL,oost slyly fl
10566-6,10566,1911,56,6,41.00,74329.31,0.06,0.08,N,O,1995-11-10,1995-09-29,1995-11-23,COLLECT COD,RAIL,s wake quickly packages. e
10567-1,10567,1471,50,1,37.00,50781.39,0.05,0.01,A,F,1992-05-05,1992-06-07,1992-05-06,NONE,REG AIR,ptotes. carefully special courts acco
10567-2,10567,1661,62,2,9.00,14063.94,0.02,0.07,A,F,1992-05-01,1992-06-07,1992-05-29,COLLECT COD,TRUCK, blithely b
10567-3,10567,984,19,3,22.00,41469.56,0.05,0.05,A,F,1992-04-10,1992-05-16,1992-04-26,TAKE BACK RETURN,MAIL, ironic inst
10592-1,10592,1835,22,1,41.00,71210.03,0.10,0.07,N,O,1996-01-08,1995-12-14,1996-02-06,TAKE BACK RETURN,AIR,s cajole after the regula
10592-2,10592,378,7,2,12.00,15340.44,0.03,0.08,N,O,1995-12-02,1996-02-02,1995-12-19,NONE,TRUCK,ly according to the slyly bold account
10593-1,10593,1379,94,1,10.00,12803.70,0.03,0.02,R,F,1992-05-24,1992-03-23,1992-06-12,DELIVER IN PERSON,SHIP,uests are furiously. stealthy 
10593-2,10593,1927,28,2,7.00,12802.44,0.08,0.05,R,F,1992-05-10,1992-04-24,1992-05-22,COLLECT COD,AIR,. unusual 
10593-3,10593,1403,43,3,36.00,46958.40,0.08,0.08,A,F,1992-03-03,1992-03-22,1992-03-15,COLLECT COD,SHIP,furiously eve
10593-4,10593,1288,63,4,36.00,42814.08,0.01,0.01,R,F,1992-05-13,1992-03-20,1992-06-01,DELIVER IN PERSON,AIR,he carefully regular packages. dolphins a
10593-5,10593,1840,27,5,23.00,40062.32,0.05,0.08,A,F,1992-04-09,1992-04-18,1992-04-17,DELIVER IN PERSON,SHIP,l packages. fin
10593-6,10593,1210,85,6,5.00,5556.05,0.09,0.00,A,F,1992-05-14,1992-04-20,1992-05-20,TAKE BACK RETURN,MAIL,ly bold deposits wake acr
10594-1,10594,444,32,1,5.00,6722.20,0.03,0.02,N,O,1996-05-03,1996-05-18,1996-05-10,NONE,TRUCK,posits integrate about the furiously un
10595-1,10595,265,47,1,19.00,22139.94,0.01,0.06,N,O,1998-03-17,1998-01-30,1998-03-19,TAKE BACK RETURN,SHIP,ual waters x-ray fu
10596-1,10596,1631,73,1,42.00,64370.46,0.10,0.03,N,O,1997-05-31,1997-06-04,1997-06-06,TAKE BACK RETURN,TRUCK,cial excuses poac
10596-2,10596,1309,24,2,19.00,22995.70,0.09,0.00,N,O,1997-06-22,1997-05-04,1997-06-25,DELIVER IN PERSON,MAIL,ly deposits. carefully s
10596-3,10596,1793,36,3,15.00,25421.85,0.03,0.04,N,O,1997-05-02,1997-06-25,1997-05-20,TAKE BACK RETURN,SHIP,ds cajole 
10597-1,10597,1162,63,1,23.00,24452.68,0.07,0.08,N,O,1996-12-24,1996-10-28,1997-01-19,NONE,FOB,. ironic dolphins sleep. blithely
10597-2,10597,1414,15,2,27.00,35516.07,0.01,0.07,N,O,1996-12-01,1996-10-22,1996-12-19,COLLECT COD,TRUCK, packages. ev
10597-3,10597,1084,85,3,6.00,5910.48,0.06,0.03,N,O,1996-09-24,1996-10-30,1996-10-03,DELIVER IN PERSON,AIR,"sleep special, pending dependencies. blith"
10598-1,10598,286,41,1,16.00,18980.48,0.03,0.05,R,F,1992-06-02,1992-04-07,1992-07-02,NONE,AIR, express excuses lose carefully regu
10599-1,10599,107,86,1,42.00,42298.20,0.02,0.07,N,O,1997-08-11,1997-08-26,1997-08-31,TAKE BACK RETURN,TRUCK,"special pinto beans. silent, final p"
10599-2,10599,692,93,2,16.00,25483.04,0.00,0.04,N,O,1997-08-27,1997-09-19,1997-08-31,DELIVER IN PERSON,RAIL,accounts beside the bold foxes boost blithe
10599-3,10599,306,63,3,24.00,28951.20,0.00,0.06,N,O,1997-10-24,1997-09-22,1997-10-25,NONE,RAIL,ons. carefully ironic 
10599-4,10599,189,42,4,40.00,43567.20,0.09,0.04,N,O,1997-07-30,1997-09-21,1997-08-13,COLLECT COD,SHIP,ggle carefully final platelets. fina
10624-1,10624,1052,23,1,23.00,21920.15,0.06,0.04,R,F,1995-02-09,1995-02-23,1995-03-09,COLLECT COD,AIR,romise carefully? foxes detect 
10624-2,10624,113,92,2,46.00,46603.06,0.03,0.05,A,F,1995-03-13,1995-02-07,1995-03-20,COLLECT COD,AIR,olites. fluffily re
10624-3,10624,1548,89,3,22.00,31889.88,0.02,0.05,A,F,1995-01-19,1995-03-08,1995-01-23,COLLECT COD,REG AIR,lyly regular accounts. qu
10624-4,10624,1471,72,4,24.00,32939.28,0.10,0.07,A,F,1995-04-16,1995-02-19,1995-05-01,NONE,RAIL,ronic dependencies nag fluffily
10624-5,10624,754,51,5,30.00,49642.50,0.09,0.05,A,F,1995-02-18,1995-03-07,1995-03-18,COLLECT COD,REG AIR,upon the furiously ironic req
10624-6,10624,1859,60,6,7.00,12325.95,0.10,0.02,A,F,1994-12-24,1995-03-04,1995-01-07,TAKE BACK RETURN,TRUCK, according to the furio
10625-1,10625,889,90,1,20.00,35797.60,0.09,0.01,N,O,1996-02-14,1996-03-20,1996-03-06,TAKE BACK RETURN,AIR,ding packages detect stealthily fina
10625-2,10625,1809,10,2,13.00,22240.40,0.03,0.00,N,O,1996-02-07,1996-03-24,1996-03-08,DELIVER IN PERSON,REG AIR,deposits. quickly ironic depo
10625-3,10625,1962,7,3,46.00,85742.16,0.03,0.01,N,O,1996-03-01,1996-03-27,1996-03-14,COLLECT COD,MAIL,ticingly pending pin
10625-4,10625,117,18,4,7.00,7119.77,0.07,0.02,N,O,1996-02-15,1996-04-20,1996-03-12,COLLECT COD,MAIL,"ross the even, final "
10625-5,10625,819,53,5,12.00,20637.72,0.03,0.08,N,O,1996-02-02,1996-03-06,1996-02-19,COLLECT COD,MAIL,. slyly final deposits haggle 
10625-6,10625,117,44,6,12.00,12205.32,0.10,0.04,N,O,1996-02-15,1996-03-22,1996-02-28,TAKE BACK RETURN,SHIP, furious re
10625-7,10625,618,12,7,35.00,53151.35,0.04,0.08,N,O,1996-03-20,1996-03-22,1996-04-11,NONE,AIR,ckly according to the slyly ironic pack
10626-1,10626,1019,20,1,21.00,19320.21,0.04,0.03,N,O,1995-12-26,1996-01-28,1996-01-11,DELIVER IN PERSON,TRUCK," ironic, bold"
10627-1,10627,1743,70,1,24.00,39473.76,0.01,0.03,R,F,1993-02-26,1993-04-30,1993-03-20,DELIVER IN PERSON,TRUCK, deposits use slyly al
10627-2,10627,1471,89,2,27.00,37056.69,0.08,0.02,A,F,1993-03-16,1993-05-19,1993-03-29,DELIVER IN PERSON,MAIL,thely regu
10627-3,10627,564,25,3,41.00,60046.96,0.06,0.02,R,F,1993-03-11,1993-05-18,1993-04-07,COLLECT COD,RAIL, pending acc
10627-4,10627,499,58,4,28.00,39185.72,0.01,0.08,A,F,1993-04-06,1993-04-10,1993-04-20,TAKE BACK RETURN,SHIP,e carefully ac
10627-5,10627,1207,19,5,35.00,38787.00,0.09,0.02,R,F,1993-04-08,1993-03-30,1993-05-06,DELIVER IN PERSON,RAIL,instructions. furiously e
10628-1,10628,487,75,1,4.00,5549.92,0.01,0.04,N,O,1998-08-16,1998-08-08,1998-09-08,COLLECT COD,REG AIR,ts. blithel
10629-1,10629,1108,81,1,24.00,24218.40,0.04,0.08,R,F,1994-11-03,1994-10-23,1994-11-16,TAKE BACK RETURN,SHIP,"packages. even, spe"
10629-2,10629,1934,35,2,16.00,29374.88,0.00,0.02,A,F,1994-12-03,1994-11-23,1994-12-24,COLLECT COD,MAIL,fully of the ca
10630-1,10630,1447,26,1,29.00,39104.76,0.10,0.01,R,F,1993-04-23,1993-04-10,1993-05-11,NONE,AIR,unts are sly
10630-2,10630,1469,70,2,15.00,20556.90,0.10,0.00,R,F,1993-04-03,1993-04-23,1993-04-20,NONE,RAIL,ages. fluffily silent dependencies are 
10630-3,10630,847,81,3,37.00,64670.08,0.06,0.08,A,F,1993-03-04,1993-04-09,1993-03-26,NONE,TRUCK,riously final foxe
10630-4,10630,1305,82,4,20.00,24126.00,0.08,0.05,R,F,1993-05-16,1993-04-01,1993-06-02,DELIVER IN PERSON,FOB,"hins are blithely. regular, ironic pa"
10631-1,10631,753,54,1,45.00,74418.75,0.08,0.03,A,F,1993-07-24,1993-07-15,1993-08-08,NONE,MAIL,unts sleep caref
10631-2,10631,1035,6,2,10.00,9360.30,0.05,0.02,A,F,1993-07-07,1993-07-29,1993-07-09,COLLECT COD,REG AIR,ole. furiou
10631-3,10631,1541,42,3,36.00,51931.44,0.08,0.00,R,F,1993-08-16,1993-07-19,1993-09-14,NONE,AIR,sly final hockey players. pending acc
10631-4,10631,1564,5,4,23.00,33707.88,0.09,0.01,R,F,1993-08-11,1993-07-25,1993-09-10,COLLECT COD,REG AIR,"the pending, special packages. r"
10631-5,10631,289,90,5,24.00,28542.72,0.08,0.01,A,F,1993-06-20,1993-08-09,1993-07-17,TAKE BACK RETURN,SHIP, carefully
10631-6,10631,894,61,6,41.00,73590.49,0.02,0.02,A,F,1993-08-02,1993-07-07,1993-08-13,TAKE BACK RETURN,MAIL,ajole about the pin
10656-1,10656,1982,15,1,47.00,88547.06,0.05,0.00,N,O,1995-11-06,1996-01-23,1995-11-16,NONE,TRUCK,"ests haggle carefully ironic, pe"
10656-2,10656,1181,90,2,11.00,11903.98,0.08,0.03,N,O,1995-12-02,1995-12-30,1995-12-10,TAKE BACK RETURN,SHIP,ests promise blithely regular pack
10656-3,10656,320,77,3,1.00,1220.32,0.00,0.05,N,O,1995-12-27,1995-12-03,1996-01-07,DELIVER IN PERSON,RAIL,its detect slyly final dep
10657-1,10657,1064,70,1,20.00,19301.20,0.03,0.04,A,F,1993-11-16,1993-12-09,1993-11-30,TAKE BACK RETURN,TRUCK, regular pinto beans around the
10657-2,10657,1925,58,2,29.00,52980.68,0.01,0.06,A,F,1993-11-12,1993-11-14,1993-12-06,NONE,AIR,leep enticingly. furiously reg
10657-3,10657,373,58,3,13.00,16553.81,0.06,0.03,R,F,1993-12-01,1993-12-05,1993-12-07,TAKE BACK RETURN,TRUCK,"l, regular packages. carefull"
10658-1,10658,864,31,1,19.00,33532.34,0.09,0.00,R,F,1994-10-15,1994-10-05,1994-10-24,NONE,SHIP," to the regular, even requests are aga"
10658-2,10658,1368,83,2,2.00,2538.72,0.00,0.04,R,F,1994-12-01,1994-11-04,1994-12-30,NONE,FOB,ously bold requests try to doze car
10658-3,10658,1332,33,3,6.00,7399.98,0.01,0.08,R,F,1994-09-28,1994-10-19,1994-10-12,COLLECT COD,SHIP, furiously express requests. furiously bo
10658-4,10658,551,42,4,2.00,2903.10,0.06,0.00,A,F,1994-12-02,1994-10-17,1994-12-14,COLLECT COD,TRUCK,"stealthy, unusual platelets use above the a"
10658-5,10658,1868,55,5,3.00,5309.58,0.05,0.01,A,F,1994-11-17,1994-11-02,1994-11-22,TAKE BACK RETURN,TRUCK,"iously along the even, final ex"
10658-6,10658,33,34,6,37.00,34522.11,0.06,0.08,A,F,1994-09-21,1994-09-30,1994-09-27,NONE,FOB,y bold requests. furio
10658-7,10658,770,35,7,21.00,35086.17,0.07,0.04,R,F,1994-12-06,1994-11-08,1994-12-15,COLLECT COD,AIR,sleep. furious
10659-1,10659,1999,32,1,6.00,11405.94,0.08,0.06,R,F,1994-08-28,1994-07-12,1994-09-24,DELIVER IN PERSON,SHIP,s. even packa
10659-2,10659,870,37,2,41.00,72605.67,0.10,0.00,R,F,1994-07-01,1994-06-16,1994-07-15,TAKE BACK RETURN,TRUCK,ctions. special request
10659-3,10659,778,43,3,26.00,43648.02,0.03,0.05,R,F,1994-05-19,1994-06-17,1994-06-01,TAKE BACK RETURN,MAIL,he slowly special accounts. careful
10659-4,10659,498,86,4,15.00,20977.35,0.09,0.01,R,F,1994-08-14,1994-07-17,1994-08-23,DELIVER IN PERSON,SHIP,he even asymp
10659-5,10659,1848,35,5,41.00,71743.44,0.00,0.07,A,F,1994-08-21,1994-07-16,1994-09-19,NONE,AIR, haggle. fina
10659-6,10659,1459,99,6,49.00,66662.05,0.04,0.00,R,F,1994-08-10,1994-08-02,1994-09-08,COLLECT COD,MAIL,e the busily final foxes mold sl
10659-7,10659,641,42,7,6.00,9249.84,0.00,0.06,R,F,1994-08-07,1994-07-09,1994-08-11,DELIVER IN PERSON,SHIP,ular somas. blithely even deposits cajole.
10660-1,10660,1799,100,1,49.00,83338.71,0.09,0.04,N,O,1998-08-22,1998-06-27,1998-09-07,TAKE BACK RETURN,SHIP,express deposits wake furiously amo
10660-2,10660,1784,11,2,10.00,16857.80,0.05,0.03,N,O,1998-07-02,1998-07-14,1998-07-18,COLLECT COD,REG AIR,"hely even, iro"
10660-3,10660,1000,3,3,48.00,43248.00,0.10,0.02,N,O,1998-07-24,1998-06-28,1998-08-13,TAKE BACK RETURN,AIR, theodolites after
10661-1,10661,1563,64,1,33.00,48330.48,0.09,0.01,R,F,1994-05-03,1994-03-08,1994-05-06,TAKE BACK RETURN,FOB,uts. furiously 
10661-2,10661,1090,26,2,16.00,15857.44,0.00,0.08,R,F,1994-02-16,1994-03-17,1994-02-20,DELIVER IN PERSON,RAIL,uses haggle against the special
10661-3,10661,1267,5,3,27.00,31543.02,0.09,0.00,A,F,1994-01-27,1994-03-23,1994-02-08,COLLECT COD,REG AIR,thely unusual acco
10662-1,10662,465,95,1,4.00,5461.84,0.10,0.01,N,O,1995-07-15,1995-07-14,1995-07-24,TAKE BACK RETURN,AIR,egular packages nag furiously. 
10662-2,10662,1529,70,2,41.00,58651.32,0.03,0.04,N,O,1995-07-15,1995-06-26,1995-08-13,NONE,RAIL,"thely ironic, ironic foxes. final, i"
10662-3,10662,1106,43,3,39.00,39276.90,0.01,0.02,A,F,1995-05-26,1995-07-07,1995-06-09,NONE,TRUCK,unusual pinto beans wake b
10662-4,10662,1489,90,4,39.00,54228.72,0.07,0.06,R,F,1995-05-26,1995-06-26,1995-05-28,DELIVER IN PERSON,AIR,l theodolites caj
10663-1,10663,78,54,1,27.00,26407.89,0.09,0.03,R,F,1994-06-09,1994-08-16,1994-07-08,DELIVER IN PERSON,AIR,s. quickly bold deposits against the unusu
10663-2,10663,1786,13,2,35.00,59072.30,0.07,0.01,R,F,1994-07-20,1994-07-21,1994-08-01,TAKE BACK RETURN,MAIL,e. blithely regular packages u
10663-3,10663,903,4,3,25.00,45097.50,0.10,0.00,A,F,1994-05-29,1994-07-05,1994-06-27,NONE,AIR,ly about the bold foxes. furiously regul
10663-4,10663,1761,46,4,19.00,31592.44,0.00,0.04,A,F,1994-07-13,1994-07-29,1994-08-06,DELIVER IN PERSON,MAIL,fully. attainments integrate fl
10688-1,10688,451,81,1,16.00,21623.20,0.05,0.01,A,F,1992-06-19,1992-07-31,1992-07-06,TAKE BACK RETURN,AIR, regular instructions are carefu
10688-2,10688,1326,27,2,19.00,23319.08,0.09,0.07,R,F,1992-06-16,1992-06-27,1992-07-05,TAKE BACK RETURN,MAIL,ully stealthy deposits. express platele
10689-1,10689,1371,48,1,26.00,33081.62,0.08,0.08,N,O,1996-09-09,1996-08-25,1996-09-21,COLLECT COD,FOB,lyly ironic requests mold re
10689-2,10689,395,52,2,11.00,14249.29,0.09,0.07,N,O,1996-07-25,1996-10-17,1996-08-20,TAKE BACK RETURN,RAIL,theodolites sleep about t
10689-3,10689,1287,88,3,47.00,55849.16,0.06,0.00,N,O,1996-08-15,1996-09-21,1996-09-02,TAKE BACK RETURN,REG AIR,se busily express excuses. 
10690-1,10690,1506,47,1,14.00,19705.00,0.05,0.07,N,O,1997-12-19,1998-01-22,1997-12-31,NONE,REG AIR,ly. slyly pending ideas haggle
10690-2,10690,344,1,2,27.00,33597.18,0.08,0.06,N,O,1998-01-06,1998-01-26,1998-01-23,DELIVER IN PERSON,MAIL,l asymptotes. quickly regular
10690-3,10690,986,21,3,1.00,1886.98,0.00,0.05,N,O,1998-03-22,1998-02-21,1998-04-04,TAKE BACK RETURN,REG AIR,ly about the re
10691-1,10691,1548,29,1,10.00,14495.40,0.04,0.00,R,F,1995-04-11,1995-05-16,1995-05-10,DELIVER IN PERSON,MAIL,es of the special pack
10691-2,10691,1487,88,2,18.00,24992.64,0.05,0.08,A,F,1995-05-14,1995-05-05,1995-06-06,TAKE BACK RETURN,MAIL,"ding, final dependenc"
10691-3,10691,308,65,3,43.00,51956.90,0.10,0.02,R,F,1995-06-02,1995-05-16,1995-06-17,DELIVER IN PERSON,SHIP,express deposits. close pin
10692-1,10692,1878,8,1,1.00,1779.87,0.09,0.03,A,F,1994-08-27,1994-09-13,1994-09-13,NONE,REG AIR,special escapades. furiously fin
10692-2,10692,1319,58,2,3.00,3660.93,0.07,0.06,R,F,1994-10-04,1994-09-19,1994-10-09,DELIVER IN PERSON,AIR, silent packages. pending requests a
10692-3,10692,1235,47,3,49.00,55675.27,0.03,0.06,A,F,1994-08-14,1994-09-08,1994-08-19,TAKE BACK RETURN,REG AIR, carefully against the depen
10692-4,10692,1309,10,4,7.00,8472.10,0.07,0.01,A,F,1994-08-27,1994-10-13,1994-09-22,COLLECT COD,REG AIR,"l, ironic theodolites cajole! blithel"
10692-5,10692,724,57,5,28.00,45492.16,0.02,0.00,A,F,1994-08-06,1994-09-25,1994-08-30,DELIVER IN PERSON,TRUCK, haggle furi
10692-6,10692,181,8,6,40.00,43247.20,0.05,0.05,A,F,1994-07-29,1994-08-30,1994-08-11,DELIVER IN PERSON,SHIP,ly express accounts acro
10693-1,10693,1453,32,1,35.00,47405.75,0.10,0.02,N,F,1995-06-15,1995-07-14,1995-07-10,COLLECT COD,FOB, even asymptotes. blithely id
10694-1,10694,1806,36,1,19.00,32448.20,0.05,0.03,N,O,1998-01-22,1998-02-10,1998-01-28,TAKE BACK RETURN,TRUCK,even accounts. silent dolphins
10694-2,10694,1006,7,2,11.00,9977.00,0.08,0.03,N,O,1998-03-07,1998-02-26,1998-03-23,TAKE BACK RETURN,AIR,ar instructions. carefully express theodol
10694-3,10694,903,38,3,32.00,57724.80,0.08,0.04,N,O,1997-12-24,1998-01-17,1998-01-19,COLLECT COD,AIR,: blithely 
10694-4,10694,899,33,4,15.00,26998.35,0.07,0.03,N,O,1997-12-25,1998-02-24,1998-01-06,TAKE BACK RETURN,REG AIR,nusual dep
10694-5,10694,1161,70,5,38.00,40362.08,0.00,0.05,N,O,1998-01-03,1998-01-19,1998-01-30,COLLECT COD,REG AIR," dugouts-- regular, even e"
10694-6,10694,1040,11,6,8.00,7528.32,0.03,0.08,N,O,1998-03-08,1998-01-17,1998-03-25,NONE,FOB,. quiet instructions p
10694-7,10694,1020,56,7,12.00,11052.24,0.07,0.03,N,O,1998-01-05,1998-02-06,1998-01-12,DELIVER IN PERSON,FOB,l pinto beans need to are along the p
10695-1,10695,785,18,1,5.00,8428.90,0.09,0.02,N,O,1995-07-05,1995-07-07,1995-07-28,COLLECT COD,AIR,egular accounts use am
10695-2,10695,1770,55,2,39.00,65199.03,0.06,0.01,N,F,1995-06-02,1995-06-20,1995-06-23,TAKE BACK RETURN,MAIL,telets boost of the silently pending pinto
10695-3,10695,1999,44,3,9.00,17108.91,0.05,0.01,R,F,1995-05-28,1995-07-14,1995-06-16,NONE,REG AIR, slyly. doggedly blithe instructi
10695-4,10695,1570,11,4,5.00,7357.85,0.02,0.03,N,O,1995-07-31,1995-07-29,1995-08-02,TAKE BACK RETURN,MAIL,packages cajole furiously. accounts accor
10720-1,10720,142,95,1,9.00,9379.26,0.03,0.06,N,O,1998-04-19,1998-06-07,1998-04-21,TAKE BACK RETURN,MAIL,encies wake blithely fina
10720-2,10720,1189,90,2,32.00,34885.76,0.05,0.03,N,O,1998-07-29,1998-06-24,1998-08-05,TAKE BACK RETURN,SHIP,quests unwind regular platelets. ex
10720-3,10720,358,87,3,7.00,8808.45,0.01,0.03,N,O,1998-04-25,1998-06-10,1998-04-29,DELIVER IN PERSON,SHIP,n deposits are. carefully final reques
10720-4,10720,113,92,4,20.00,20262.20,0.09,0.07,N,O,1998-06-28,1998-05-25,1998-07-23,DELIVER IN PERSON,RAIL,ic foxes. blithely ironic gro
10720-5,10720,1228,66,5,15.00,16938.30,0.06,0.06,N,O,1998-05-05,1998-06-11,1998-05-22,NONE,AIR,he furiously final deposits
10721-1,10721,1348,25,1,25.00,31233.50,0.02,0.08,N,O,1996-04-18,1996-05-09,1996-04-28,DELIVER IN PERSON,AIR, deposits nag furi
10721-2,10721,1413,53,2,11.00,14458.51,0.05,0.00,N,O,1996-05-22,1996-04-18,1996-06-01,NONE,RAIL,"beans haggle around the final, fi"
10721-3,10721,687,81,3,39.00,61919.52,0.05,0.03,N,O,1996-06-22,1996-04-26,1996-07-09,DELIVER IN PERSON,RAIL,egular requests. qui
10722-1,10722,718,15,1,27.00,43705.17,0.00,0.08,R,F,1995-04-26,1995-02-23,1995-05-13,NONE,REG AIR,"nic packages. final, stealthy br"
10722-2,10722,489,48,2,30.00,41684.40,0.08,0.05,A,F,1995-02-26,1995-03-29,1995-03-24,COLLECT COD,TRUCK,ly theodolites; acc
10722-3,10722,1273,74,3,48.00,56364.96,0.04,0.00,R,F,1995-03-04,1995-03-23,1995-03-17,NONE,TRUCK, furiously special deposits haggle fluff
10722-4,10722,1018,89,4,7.00,6433.07,0.06,0.03,R,F,1995-05-10,1995-04-13,1995-05-16,COLLECT COD,FOB,fully ironic exc
10722-5,10722,660,61,5,43.00,67108.38,0.04,0.01,R,F,1995-02-25,1995-03-01,1995-03-04,DELIVER IN PERSON,AIR," the final, final ideas. quick"
10722-6,10722,1131,68,6,6.00,6192.78,0.09,0.03,R,F,1995-02-12,1995-04-02,1995-02-21,NONE,FOB,ns. furiously unusual accounts wake slyly 
10723-1,10723,904,73,1,23.00,41512.70,0.06,0.05,N,O,1998-07-25,1998-06-30,1998-08-11,TAKE BACK RETURN,REG AIR,the slyly regular accounts. spe
10723-2,10723,114,67,2,27.00,27380.97,0.03,0.06,N,O,1998-07-07,1998-08-08,1998-07-13,TAKE BACK RETURN,TRUCK,efully idly unusual requests. carefully reg
10724-1,10724,606,7,1,38.00,57250.80,0.02,0.08,A,F,1994-10-30,1994-11-06,1994-11-12,NONE,FOB,ts nod into the slyly r
10724-2,10724,254,9,2,14.00,16159.50,0.00,0.08,A,F,1994-09-21,1994-11-24,1994-10-05,COLLECT COD,SHIP,r pinto beans. sly
10724-3,10724,1960,49,3,47.00,87512.12,0.10,0.08,A,F,1995-01-04,1994-11-02,1995-01-14,COLLECT COD,MAIL,"gular, ironic requests. deposits "
10724-4,10724,751,52,4,32.00,52856.00,0.01,0.01,R,F,1994-11-28,1994-10-17,1994-12-28,DELIVER IN PERSON,MAIL,y express accounts sleep above the package
10725-1,10725,1012,18,1,28.00,25564.28,0.01,0.07,N,O,1998-05-14,1998-06-10,1998-06-05,NONE,MAIL, carefully. quickly express pint
10725-2,10725,1717,60,2,28.00,45323.88,0.09,0.00,N,O,1998-05-19,1998-06-29,1998-06-09,COLLECT COD,SHIP, furiously final instructions. furiously 
10725-3,10725,873,74,3,5.00,8869.35,0.01,0.01,N,O,1998-07-07,1998-05-22,1998-07-09,NONE,FOB, theodolites. f
10726-1,10726,1679,80,1,17.00,26871.39,0.01,0.04,A,F,1993-06-25,1993-07-02,1993-07-14,DELIVER IN PERSON,REG AIR,nusual sauternes. ruthlessly i
10726-2,10726,1434,35,2,10.00,13354.30,0.01,0.01,A,F,1993-05-14,1993-06-11,1993-05-16,COLLECT COD,SHIP,ing foxes are slyl
10726-3,10726,1722,65,3,26.00,42216.72,0.08,0.06,A,F,1993-05-17,1993-06-10,1993-06-05,DELIVER IN PERSON,RAIL,cross the a
10726-4,10726,176,55,4,48.00,51656.16,0.09,0.02,R,F,1993-06-24,1993-06-12,1993-07-21,DELIVER IN PERSON,AIR,kly fluffily specia
10726-5,10726,1900,30,5,13.00,23424.70,0.02,0.05,A,F,1993-06-20,1993-07-15,1993-07-07,NONE,REG AIR,ly above the blithely e
10726-6,10726,1179,16,6,48.00,51848.16,0.05,0.08,A,F,1993-06-13,1993-06-12,1993-07-10,DELIVER IN PERSON,SHIP,latelets unwind sly
10726-7,10726,1717,2,7,5.00,8093.55,0.05,0.03,R,F,1993-05-31,1993-07-07,1993-06-10,COLLECT COD,FOB,ar ideas against the slyly unusual T
10727-1,10727,985,54,1,34.00,64123.32,0.08,0.07,A,F,1992-10-10,1992-10-23,1992-11-07,TAKE BACK RETURN,MAIL,nic accounts. 
10727-2,10727,1824,54,2,38.00,65581.16,0.07,0.02,R,F,1992-11-22,1992-10-03,1992-11-29,DELIVER IN PERSON,RAIL,lyly special instructions are along the ev
10727-3,10727,272,73,3,17.00,19928.59,0.02,0.07,R,F,1992-08-13,1992-10-28,1992-08-14,COLLECT COD,REG AIR,ly pending accounts wake across the fi
10727-4,10727,1132,41,4,22.00,22728.86,0.10,0.07,R,F,1992-08-29,1992-09-21,1992-09-01,TAKE BACK RETURN,REG AIR,egrate fluffily. carefull
10727-5,10727,849,50,5,48.00,83992.32,0.09,0.00,A,F,1992-08-06,1992-09-26,1992-09-03,TAKE BACK RETURN,RAIL,regular pinto beans 
10727-6,10727,1898,42,6,20.00,35997.80,0.07,0.00,R,F,1992-10-13,1992-09-04,1992-11-07,COLLECT COD,MAIL,es. slyly ironic accounts alongside of the 
10727-7,10727,395,80,7,27.00,34975.53,0.07,0.03,A,F,1992-11-08,1992-09-08,1992-11-16,DELIVER IN PERSON,MAIL, beans according to the s
10752-1,10752,331,32,1,39.00,48021.87,0.03,0.02,N,O,1995-09-27,1995-12-09,1995-10-15,COLLECT COD,MAIL,nusual accounts haggle sly
10752-2,10752,1400,77,2,49.00,63768.60,0.08,0.02,N,O,1995-10-20,1995-11-02,1995-11-18,COLLECT COD,SHIP,kly regular requests sl
10752-3,10752,1328,43,3,27.00,33191.64,0.09,0.01,N,O,1995-09-25,1995-11-28,1995-09-26,NONE,AIR,ly about the r
10752-4,10752,1859,46,4,50.00,88042.50,0.06,0.04,N,O,1995-11-08,1995-11-30,1995-12-01,DELIVER IN PERSON,SHIP,after the slyly unusual deposits affix 
10753-1,10753,126,79,1,22.00,22574.64,0.08,0.00,A,F,1994-08-14,1994-07-29,1994-08-19,COLLECT COD,TRUCK,y: furiously quick
10754-1,10754,1166,39,1,46.00,49089.36,0.10,0.03,R,F,1993-06-16,1993-04-25,1993-06-29,DELIVER IN PERSON,AIR,alongside of th
10754-2,10754,903,72,2,34.00,61332.60,0.03,0.05,R,F,1993-07-11,1993-06-09,1993-08-09,DELIVER IN PERSON,REG AIR,ly final pinto bean
10754-3,10754,401,89,3,14.00,18219.60,0.03,0.03,A,F,1993-04-18,1993-05-13,1993-05-01,COLLECT COD,MAIL, the carefully regular requests
10754-4,10754,369,26,4,34.00,43158.24,0.03,0.06,R,F,1993-03-31,1993-05-01,1993-04-22,NONE,FOB,gular accounts are furiously furiously pen
10754-5,10754,1078,84,5,27.00,26434.89,0.08,0.01,A,F,1993-06-09,1993-05-18,1993-06-11,DELIVER IN PERSON,FOB,lithely even instructions. furi
10754-6,10754,1890,77,6,21.00,37629.69,0.10,0.03,A,F,1993-06-30,1993-04-22,1993-07-30,COLLECT COD,TRUCK,wake carefully. s
10755-1,10755,1221,96,1,48.00,53866.56,0.04,0.04,R,F,1993-08-22,1993-09-22,1993-09-13,DELIVER IN PERSON,RAIL,"deposits doze ironic, ironic acco"
10755-2,10755,826,26,2,6.00,10360.92,0.08,0.08,A,F,1993-08-18,1993-09-05,1993-09-09,COLLECT COD,SHIP,le quickly. blithely p
10755-3,10755,775,72,3,9.00,15081.93,0.06,0.05,A,F,1993-10-06,1993-09-25,1993-10-18,NONE,SHIP,dolites are carefully. furiously bol
10755-4,10755,742,39,4,34.00,55853.16,0.07,0.04,A,F,1993-07-17,1993-09-12,1993-08-09,NONE,SHIP,refully re
10756-1,10756,1158,95,1,39.00,41306.85,0.06,0.05,A,F,1992-06-23,1992-07-14,1992-06-27,TAKE BACK RETURN,SHIP,s boost carefully
10757-1,10757,968,71,1,39.00,72889.44,0.04,0.07,N,O,1998-09-04,1998-07-18,1998-09-16,NONE,REG AIR,y after the slyl
10757-2,10757,1060,31,2,19.00,18260.14,0.07,0.05,N,O,1998-07-21,1998-08-26,1998-08-18,TAKE BACK RETURN,RAIL,ously unusual theodolites caj
10758-1,10758,528,29,1,34.00,48569.68,0.05,0.08,N,O,1997-01-26,1997-01-28,1997-02-24,COLLECT COD,FOB,yly pending 
10758-2,10758,1936,69,2,17.00,31244.81,0.01,0.00,N,O,1997-02-19,1996-12-17,1997-03-02,DELIVER IN PERSON,RAIL,s. regular platelets will have to are sl
10758-3,10758,143,44,3,2.00,2086.28,0.06,0.07,N,O,1997-01-29,1997-01-18,1997-01-30,DELIVER IN PERSON,FOB,kages according 
10758-4,10758,1709,52,4,33.00,53153.10,0.03,0.04,N,O,1997-01-24,1996-12-28,1997-01-29,NONE,AIR,riously blithely regular dependen
10759-1,10759,1510,51,1,10.00,14115.10,0.05,0.07,N,O,1996-10-18,1996-11-16,1996-11-02,DELIVER IN PERSON,TRUCK,ily regular dependencies pr
10759-2,10759,630,93,2,26.00,39796.38,0.01,0.02,N,O,1996-10-06,1996-12-16,1996-10-25,TAKE BACK RETURN,RAIL,tructions b
10784-1,10784,1581,82,1,31.00,45959.98,0.03,0.01,A,F,1993-10-30,1993-09-13,1993-11-28,DELIVER IN PERSON,AIR,to the blithely ex
10784-2,10784,1744,87,2,9.00,14811.66,0.00,0.06,R,F,1993-09-08,1993-09-11,1993-09-30,COLLECT COD,RAIL," idle, even pinto beans unwind quick"
10784-3,10784,1383,98,3,20.00,25687.60,0.03,0.04,A,F,1993-10-28,1993-09-27,1993-11-05,NONE,SHIP,efully alongside of the speci
10784-4,10784,1633,34,4,42.00,64454.46,0.09,0.00,A,F,1993-10-15,1993-08-13,1993-11-14,COLLECT COD,FOB,tegrate at the even deposits. 
10784-5,10784,98,49,5,8.00,7984.72,0.08,0.03,A,F,1993-09-04,1993-09-29,1993-09-30,COLLECT COD,FOB,iet foxes. multipliers cajol
10784-6,10784,903,4,6,18.00,32470.20,0.05,0.03,A,F,1993-07-20,1993-09-21,1993-07-21,NONE,REG AIR,kages accordin
10785-1,10785,1552,53,1,1.00,1453.55,0.03,0.07,R,F,1992-09-08,1992-08-14,1992-09-16,TAKE BACK RETURN,MAIL,ular ideas cajole carefully 
10786-1,10786,480,39,1,36.00,49697.28,0.08,0.03,N,O,1995-10-30,1995-09-26,1995-11-14,COLLECT COD,MAIL,ironic accounts across the special acc
10786-2,10786,790,23,2,14.00,23671.06,0.08,0.05,N,O,1995-10-07,1995-09-16,1995-10-19,TAKE BACK RETURN,SHIP,ggle deposits
10786-3,10786,158,85,3,1.00,1058.15,0.08,0.03,N,O,1995-10-08,1995-11-02,1995-10-10,NONE,SHIP,onic packages alongside of the fu
10787-1,10787,668,69,1,29.00,45491.14,0.00,0.04,N,O,1997-05-01,1997-04-01,1997-05-08,NONE,TRUCK,nal deposits. careful
10787-2,10787,1342,81,2,42.00,52220.28,0.06,0.02,N,O,1997-02-15,1997-05-05,1997-03-14,COLLECT COD,AIR,te furiously bold a
10787-3,10787,534,25,3,47.00,67422.91,0.01,0.07,N,O,1997-04-22,1997-03-19,1997-05-01,TAKE BACK RETURN,REG AIR,al requests dazzle furiously regular instru
10787-4,10787,1764,7,4,36.00,59967.36,0.10,0.07,N,O,1997-04-01,1997-04-11,1997-04-23,COLLECT COD,RAIL,usly thin requests cajole quickly c
10787-5,10787,1157,94,5,47.00,49733.05,0.04,0.00,N,O,1997-06-06,1997-04-25,1997-06-17,COLLECT COD,FOB,foxes above the quickly unus
10787-6,10787,1671,13,6,30.00,47180.10,0.07,0.05,N,O,1997-05-16,1997-04-03,1997-06-07,DELIVER IN PERSON,MAIL,ons wake blithely agains
10787-7,10787,1977,66,7,28.00,52611.16,0.02,0.02,N,O,1997-04-30,1997-04-15,1997-05-06,NONE,AIR, slyly express escapades
10788-1,10788,509,100,1,22.00,31009.00,0.00,0.06,N,O,1997-04-18,1997-03-18,1997-05-01,NONE,AIR,lyly. final pinto 
10788-2,10788,153,32,2,27.00,28435.05,0.01,0.04,N,O,1997-03-06,1997-03-17,1997-03-28,NONE,REG AIR,al packages above the ev
10788-3,10788,535,26,3,26.00,37323.78,0.03,0.01,N,O,1997-03-06,1997-04-13,1997-03-28,NONE,AIR,osits. carefully final requests affix 
10788-4,10788,1965,66,4,28.00,52274.88,0.08,0.02,N,O,1997-05-13,1997-04-10,1997-06-05,TAKE BACK RETURN,SHIP,uests. regular accounts sleep.
10789-1,10789,1556,77,1,7.00,10202.85,0.08,0.00,R,F,1993-09-23,1993-10-24,1993-10-11,NONE,SHIP, silent requests. q
10789-2,10789,176,55,2,36.00,38742.12,0.08,0.00,R,F,1993-08-25,1993-10-23,1993-09-11,TAKE BACK RETURN,MAIL,l requests. blithely expres
10789-3,10789,209,91,3,25.00,27730.00,0.09,0.06,A,F,1993-09-06,1993-10-31,1993-09-12,COLLECT COD,SHIP,the slyly pending ideas. furiously regula
10789-4,10789,98,99,4,9.00,8982.81,0.00,0.08,R,F,1993-12-11,1993-10-11,1993-12-16,NONE,TRUCK,among the special idea
10789-5,10789,760,61,5,7.00,11625.32,0.00,0.07,A,F,1993-08-26,1993-11-11,1993-09-02,COLLECT COD,TRUCK,"r, even foxes sleep furiously fi"
10790-1,10790,1566,67,1,27.00,39624.12,0.09,0.00,A,F,1994-12-17,1995-01-23,1995-01-15,TAKE BACK RETURN,TRUCK,al foxes cajo
10790-2,10790,1827,28,2,24.00,41491.68,0.03,0.03,R,F,1995-01-30,1995-01-29,1995-02-15,TAKE BACK RETURN,FOB, after the
10791-1,10791,285,86,1,35.00,41484.80,0.03,0.08,N,O,1995-09-21,1995-10-26,1995-10-04,DELIVER IN PERSON,SHIP,ly quickly even depths. blithe
10791-2,10791,1742,69,2,24.00,39449.76,0.07,0.03,N,O,1995-10-08,1995-10-09,1995-10-24,COLLECT COD,AIR,"ges cajole express, regular ideas. ideas ha"
10791-3,10791,1162,71,3,40.00,42526.40,0.06,0.03,N,O,1995-08-22,1995-11-02,1995-09-21,NONE,FOB,ully unusual theodolites wake careful
10791-4,10791,930,31,4,23.00,42111.39,0.09,0.06,N,O,1995-10-29,1995-11-10,1995-11-02,NONE,TRUCK,lyly. blithely ironic accou
10791-5,10791,1570,71,5,8.00,11772.56,0.10,0.02,N,O,1995-10-06,1995-11-12,1995-10-21,TAKE BACK RETURN,FOB,ecial requests above the 
10816-1,10816,1219,57,1,22.00,24644.62,0.01,0.06,N,O,1996-02-17,1996-02-27,1996-03-10,NONE,MAIL,rding to the permanently ex
10816-2,10816,1603,27,2,14.00,21064.40,0.08,0.02,N,O,1996-04-25,1996-02-22,1996-05-17,NONE,FOB,sly ironic asymptotes haggle slyly requests
10817-1,10817,224,6,1,4.00,4496.88,0.06,0.05,N,O,1997-02-26,1997-02-13,1997-03-06,TAKE BACK RETURN,FOB,pitaphs. theodoli
10817-2,10817,1377,92,2,39.00,49856.43,0.00,0.07,N,O,1997-02-23,1997-01-17,1997-02-28,TAKE BACK RETURN,FOB,aggle slyly even warhorses. 
10817-3,10817,20,96,3,43.00,39560.86,0.05,0.05,N,O,1997-04-06,1997-03-04,1997-04-25,DELIVER IN PERSON,REG AIR,uick platelets. slyly final foxe
10817-4,10817,579,70,4,33.00,48825.81,0.03,0.04,N,O,1997-03-04,1997-02-19,1997-03-24,COLLECT COD,FOB,ly even theodolites
10817-5,10817,1693,76,5,44.00,70166.36,0.07,0.03,N,O,1996-12-27,1997-01-08,1997-01-21,TAKE BACK RETURN,REG AIR,efully special ideas are. furi
10818-1,10818,647,41,1,9.00,13928.76,0.03,0.08,N,O,1998-06-06,1998-07-22,1998-06-26,DELIVER IN PERSON,SHIP,ding dependencies. final excuses around th
10818-2,10818,1040,46,2,45.00,42346.80,0.08,0.08,N,O,1998-07-26,1998-07-28,1998-08-09,TAKE BACK RETURN,MAIL,eodolites. fluffily f
10818-3,10818,149,28,3,15.00,15737.10,0.02,0.08,N,O,1998-06-07,1998-06-26,1998-06-19,NONE,MAIL, the pending dolphin
10818-4,10818,598,99,4,33.00,49453.47,0.06,0.03,N,O,1998-08-11,1998-07-30,1998-08-25,TAKE BACK RETURN,AIR,even theodolites. accounts use s
10818-5,10818,1048,84,5,38.00,36063.52,0.06,0.05,N,O,1998-07-03,1998-06-20,1998-07-26,TAKE BACK RETURN,FOB,ld deposits use blithely careful
10818-6,10818,736,33,6,50.00,81836.50,0.07,0.04,N,O,1998-06-05,1998-07-11,1998-07-03,NONE,RAIL,"nts wake about the silent, iro"
10818-7,10818,1383,98,7,8.00,10275.04,0.10,0.02,N,O,1998-08-23,1998-07-29,1998-09-13,COLLECT COD,MAIL,"ending, regular packages haggle a"
10819-1,10819,965,100,1,12.00,22391.52,0.03,0.08,R,F,1993-11-02,1993-11-09,1993-11-04,TAKE BACK RETURN,RAIL,deposits thrash slyly bold ideas. blith
10819-2,10819,1997,86,2,32.00,60767.68,0.07,0.00,A,F,1993-08-31,1993-10-30,1993-09-26,DELIVER IN PERSON,FOB,blithely pending acc
10820-1,10820,713,78,1,28.00,45183.88,0.10,0.03,N,O,1996-04-14,1996-01-27,1996-05-01,TAKE BACK RETURN,TRUCK,ncies boost quickly pending in
10820-2,10820,147,48,2,37.00,38744.18,0.09,0.03,N,O,1995-12-29,1996-02-08,1996-01-11,COLLECT COD,REG AIR,y even theodo
10820-3,10820,1491,70,3,24.00,33419.76,0.02,0.07,N,O,1996-03-17,1996-03-09,1996-04-09,NONE,TRUCK,e slyly ironic realms.
10820-4,10820,1703,88,4,26.00,41722.20,0.01,0.02,N,O,1996-03-15,1996-02-17,1996-03-26,DELIVER IN PERSON,FOB,ests about the sly
10820-5,10820,848,49,5,21.00,36725.64,0.01,0.04,N,O,1996-01-28,1996-02-28,1996-02-08,DELIVER IN PERSON,REG AIR,ven pinto beans 
10820-6,10820,669,63,6,16.00,25114.56,0.05,0.01,N,O,1996-04-04,1996-03-16,1996-04-25,NONE,RAIL,heodolites are furiously sp
10820-7,10820,1546,47,7,2.00,2895.08,0.06,0.08,N,O,1996-03-20,1996-03-17,1996-04-15,COLLECT COD,RAIL,", unusual ideas "
10821-1,10821,1633,16,1,46.00,70592.98,0.09,0.07,N,O,1996-07-18,1996-06-19,1996-07-23,COLLECT COD,MAIL,s boost carefully specia
10821-2,10821,1247,85,2,47.00,53967.28,0.01,0.07,N,O,1996-07-31,1996-07-28,1996-08-28,DELIVER IN PERSON,MAIL,lose deposits. unusua
10821-3,10821,736,69,3,33.00,54012.09,0.05,0.05,N,O,1996-08-02,1996-07-11,1996-08-26,TAKE BACK RETURN,REG AIR,c pinto beans use furiously against
10822-1,10822,985,86,1,10.00,18859.80,0.03,0.05,A,F,1994-02-23,1994-02-08,1994-03-09,TAKE BACK RETURN,RAIL, slyly special pinto beans. blithely ir
10823-1,10823,678,79,1,32.00,50517.44,0.06,0.04,A,F,1992-07-03,1992-08-24,1992-07-17,TAKE BACK RETURN,AIR,o beans are quickly furio
10823-2,10823,629,30,2,40.00,61184.80,0.01,0.00,R,F,1992-09-01,1992-09-07,1992-09-21,NONE,SHIP,ites boost car
10848-1,10848,692,55,1,41.00,65300.29,0.01,0.04,N,O,1997-01-31,1996-12-28,1997-02-12,TAKE BACK RETURN,TRUCK,ress accounts.
10849-1,10849,216,71,1,33.00,36834.93,0.01,0.06,N,O,1997-05-08,1997-03-03,1997-05-20,COLLECT COD,TRUCK,st the final
10849-2,10849,1590,31,2,38.00,56680.42,0.10,0.03,N,O,1997-05-26,1997-03-26,1997-06-03,COLLECT COD,MAIL," special, ironic "
10849-3,10849,879,46,3,2.00,3559.74,0.03,0.00,N,O,1997-04-16,1997-04-08,1997-05-16,COLLECT COD,RAIL, blithely regularly express courts. f
10849-4,10849,1585,66,4,50.00,74329.00,0.06,0.06,N,O,1997-02-01,1997-03-20,1997-02-24,NONE,AIR,ut the even requests boost ca
10849-5,10849,835,35,5,50.00,86791.50,0.04,0.00,N,O,1997-05-13,1997-04-15,1997-05-17,TAKE BACK RETURN,MAIL,aggle slyly accounts
10849-6,10849,597,88,6,39.00,58406.01,0.02,0.00,N,O,1997-04-09,1997-04-30,1997-04-16,DELIVER IN PERSON,REG AIR, deposits; slyly bol
10850-1,10850,1298,10,1,9.00,10793.61,0.06,0.02,N,O,1996-11-25,1996-12-19,1996-12-04,COLLECT COD,FOB,"y courts. silent, regular "
10850-2,10850,603,97,2,1.00,1503.60,0.07,0.05,N,O,1996-12-11,1996-11-20,1997-01-09,DELIVER IN PERSON,REG AIR,ick deposits nag. care
10850-3,10850,479,80,3,15.00,20692.05,0.06,0.04,N,O,1996-11-23,1996-10-25,1996-12-02,TAKE BACK RETURN,SHIP,kly special requests aroun
10850-4,10850,1222,23,4,41.00,46052.02,0.03,0.00,N,O,1996-11-29,1996-10-29,1996-12-12,NONE,MAIL,sits. unusual dolphins are carefully slyly
10850-5,10850,1894,95,5,1.00,1795.89,0.04,0.02,N,O,1996-09-27,1996-11-24,1996-10-02,DELIVER IN PERSON,FOB,ns. carefully final foxes sleep furi
10851-1,10851,75,1,1,4.00,3900.28,0.06,0.04,R,F,1994-06-27,1994-06-12,1994-07-19,NONE,FOB,to beans. final accounts affix f
10851-2,10851,697,60,2,33.00,52723.77,0.07,0.05,R,F,1994-06-16,1994-07-01,1994-07-08,DELIVER IN PERSON,AIR,int fluffily among the carefully e
10851-3,10851,1452,92,3,18.00,24362.10,0.00,0.04,R,F,1994-05-01,1994-06-15,1994-05-09,TAKE BACK RETURN,TRUCK,ly furious asymptotes haggle 
10851-4,10851,1711,54,4,29.00,46768.59,0.01,0.02,A,F,1994-05-18,1994-06-26,1994-05-21,NONE,MAIL,pinto beans: slyly unu
10851-5,10851,924,59,5,27.00,49272.84,0.05,0.04,R,F,1994-04-12,1994-06-14,1994-04-18,DELIVER IN PERSON,MAIL,even foxes. quickly ruthless reque
10851-6,10851,271,72,6,18.00,21082.86,0.04,0.05,R,F,1994-07-06,1994-07-01,1994-07-31,NONE,AIR,thely carefully pending pa
10851-7,10851,671,65,7,35.00,55008.45,0.00,0.07,R,F,1994-06-27,1994-06-04,1994-07-22,COLLECT COD,REG AIR,ial foxes. pend
10852-1,10852,1597,38,1,31.00,46456.29,0.03,0.07,A,F,1994-01-15,1994-01-14,1994-02-09,TAKE BACK RETURN,MAIL,x enticingly bold instructions. carefu
10852-2,10852,1553,74,2,11.00,16000.05,0.10,0.00,R,F,1994-01-24,1993-12-01,1994-02-07,DELIVER IN PERSON,MAIL,gside of the q
10852-3,10852,746,43,3,39.00,64222.86,0.02,0.06,A,F,1993-12-03,1994-01-12,1993-12-07,DELIVER IN PERSON,MAIL,s. silent dugout
10852-4,10852,855,55,4,35.00,61454.75,0.07,0.00,A,F,1993-12-17,1993-11-26,1994-01-03,TAKE BACK RETURN,MAIL,sits cajole carefully accounts. bol
10852-5,10852,1966,11,5,43.00,80322.28,0.01,0.02,A,F,1993-12-10,1993-12-27,1993-12-26,TAKE BACK RETURN,RAIL,sts sleep b
10852-6,10852,133,12,6,23.00,23761.99,0.03,0.01,A,F,1993-12-11,1993-12-29,1994-01-02,COLLECT COD,TRUCK,ress dolphi
10853-1,10853,1490,30,1,14.00,19480.86,0.02,0.04,R,F,1994-01-27,1994-03-28,1994-02-07,NONE,SHIP, regular theodolites. carefully unu
10853-2,10853,1619,61,2,21.00,31932.81,0.03,0.02,A,F,1994-01-31,1994-04-01,1994-02-21,DELIVER IN PERSON,SHIP,egular deposi
10853-3,10853,643,44,3,12.00,18523.68,0.10,0.04,A,F,1994-02-10,1994-03-19,1994-03-11,NONE,RAIL,riously against the enticingly ironic pac
10854-1,10854,785,82,1,3.00,5057.34,0.08,0.05,N,O,1998-08-11,1998-07-30,1998-08-17,DELIVER IN PERSON,AIR, the ironic deposits. quickly slow waters 
10855-1,10855,5,31,1,38.00,34390.00,0.10,0.06,N,O,1997-07-23,1997-09-17,1997-08-22,COLLECT COD,RAIL,ress deposits. slyly regular dependen
10855-2,10855,1513,14,2,36.00,50922.36,0.08,0.00,N,O,1997-10-07,1997-08-17,1997-10-27,DELIVER IN PERSON,RAIL,sits. unusual requests poa
10855-3,10855,20,96,3,46.00,42320.92,0.02,0.03,N,O,1997-10-15,1997-09-27,1997-10-18,COLLECT COD,RAIL,. blithely unusual ideas affix slyl
10855-4,10855,1758,43,4,11.00,18257.25,0.00,0.00,N,O,1997-09-24,1997-09-10,1997-10-01,COLLECT COD,REG AIR,e final accounts. furiousl
10855-5,10855,32,58,5,27.00,25164.81,0.09,0.05,N,O,1997-09-17,1997-09-22,1997-09-23,TAKE BACK RETURN,REG AIR,arefully iron
10855-6,10855,1521,22,6,8.00,11380.16,0.07,0.05,N,O,1997-08-09,1997-09-17,1997-08-26,TAKE BACK RETURN,TRUCK,slyly final packages are blithely acr
10855-7,10855,1408,48,7,41.00,53685.40,0.09,0.05,N,O,1997-09-21,1997-09-19,1997-10-04,COLLECT COD,AIR,uts. slyly unusual 
10880-1,10880,842,76,1,25.00,43571.00,0.09,0.01,R,F,1992-06-22,1992-07-31,1992-07-02,COLLECT COD,REG AIR,y stealthy deposits. slyly regu
10881-1,10881,1267,42,1,15.00,17523.90,0.00,0.08,R,F,1994-06-01,1994-03-29,1994-06-14,TAKE BACK RETURN,SHIP,al requests are carefully fi
10881-2,10881,1351,66,2,15.00,18785.25,0.09,0.00,A,F,1994-04-08,1994-04-27,1994-04-22,DELIVER IN PERSON,AIR,y ironic theodolites afte
10881-3,10881,884,85,3,11.00,19633.68,0.06,0.07,A,F,1994-03-01,1994-04-11,1994-03-02,DELIVER IN PERSON,FOB,nstructions h
10881-4,10881,798,31,4,19.00,32277.01,0.01,0.01,A,F,1994-02-24,1994-04-26,1994-03-08,TAKE BACK RETURN,REG AIR,fily. carefully pending ideas haggle
10881-5,10881,976,77,5,32.00,60063.04,0.01,0.08,A,F,1994-05-19,1994-04-01,1994-05-29,COLLECT COD,FOB,rses sleep bli
10881-6,10881,696,59,6,46.00,73447.74,0.02,0.01,R,F,1994-03-20,1994-04-02,1994-03-26,NONE,SHIP,sly pending fox
10881-7,10881,518,9,7,7.00,9929.57,0.00,0.05,A,F,1994-06-09,1994-03-29,1994-06-25,COLLECT COD,AIR,"requests sleep furiously. final, silent p"
10882-1,10882,964,65,1,37.00,69003.52,0.05,0.02,N,O,1998-07-18,1998-07-23,1998-08-11,COLLECT COD,AIR,s. blithely special th
10882-2,10882,523,84,2,1.00,1423.52,0.08,0.00,N,O,1998-07-06,1998-07-14,1998-07-10,TAKE BACK RETURN,REG AIR,ideas cajole regular excuses?
10882-3,10882,194,21,3,1.00,1094.19,0.06,0.02,N,O,1998-06-21,1998-08-10,1998-07-07,TAKE BACK RETURN,FOB,; carefully special accounts wake carefully
10882-4,10882,323,24,4,3.00,3669.96,0.02,0.05,N,O,1998-08-09,1998-08-05,1998-08-28,NONE,FOB,ar foxes: regular a
10882-5,10882,1960,49,5,16.00,29791.36,0.00,0.04,N,O,1998-08-25,1998-08-18,1998-09-22,TAKE BACK RETURN,REG AIR,hely. carefully f
10883-1,10883,507,8,1,47.00,66152.50,0.06,0.04,N,O,1998-05-17,1998-04-04,1998-06-01,DELIVER IN PERSON,SHIP,s sleep slyly unu
10883-2,10883,1228,40,2,19.00,21455.18,0.06,0.05,N,O,1998-04-22,1998-04-07,1998-05-01,DELIVER IN PERSON,TRUCK,ding requests haggle. fluffily regular a
10883-3,10883,1672,96,3,9.00,14163.03,0.10,0.05,N,O,1998-03-04,1998-03-08,1998-04-02,DELIVER IN PERSON,MAIL,"regular, ironic ideas ar"
10883-4,10883,579,80,4,14.00,20713.98,0.07,0.01,N,O,1998-03-02,1998-04-18,1998-03-08,DELIVER IN PERSON,RAIL,ully express instruction
10884-1,10884,1392,69,1,17.00,21987.63,0.01,0.07,A,F,1995-02-02,1995-02-02,1995-02-27,COLLECT COD,FOB,ickly ruthless 
10884-2,10884,1037,8,2,32.00,30016.96,0.06,0.07,A,F,1994-12-30,1995-01-03,1995-01-09,DELIVER IN PERSON,REG AIR,ly. package
10884-3,10884,223,5,3,21.00,23587.62,0.03,0.06,R,F,1995-01-13,1995-01-16,1995-02-03,DELIVER IN PERSON,MAIL,sts detect slyly 
10884-4,10884,816,16,4,1.00,1716.81,0.05,0.00,R,F,1995-01-08,1995-01-29,1995-01-24,COLLECT COD,FOB,press dependencies. 
10884-5,10884,1509,30,5,8.00,11284.00,0.01,0.00,R,F,1995-01-19,1995-01-12,1995-02-13,DELIVER IN PERSON,FOB,"lar, pending requests-- slyly silent d"
10884-6,10884,1111,20,6,50.00,50605.50,0.00,0.03,R,F,1995-01-15,1994-12-27,1995-01-18,NONE,MAIL,efully regular ideas. ev
10884-7,10884,1280,18,7,46.00,54338.88,0.09,0.03,A,F,1994-12-14,1995-01-16,1994-12-23,COLLECT COD,FOB, theodolites are. blithel
10885-1,10885,1963,8,1,22.00,41029.12,0.01,0.05,N,O,1998-05-29,1998-07-13,1998-06-04,NONE,AIR,y packages. ironic requests among the fu
10885-2,10885,678,41,2,36.00,56832.12,0.01,0.01,N,O,1998-05-09,1998-06-21,1998-06-02,NONE,MAIL,es. express pinto beans cajole 
10885-3,10885,1419,37,3,9.00,11883.69,0.04,0.00,N,O,1998-05-27,1998-05-22,1998-06-04,DELIVER IN PERSON,REG AIR,ully special package
10885-4,10885,1340,55,4,45.00,55860.30,0.09,0.05,N,O,1998-04-22,1998-05-25,1998-05-07,NONE,MAIL,ly regular packages 
10885-5,10885,1917,6,5,47.00,85488.77,0.00,0.04,N,O,1998-05-01,1998-07-16,1998-05-28,TAKE BACK RETURN,REG AIR,ily special requests detect blithely 
10886-1,10886,779,80,1,50.00,83988.50,0.03,0.02,A,F,1994-12-16,1994-11-18,1995-01-10,COLLECT COD,FOB,s are quickly special sauternes. eve
10886-2,10886,1139,48,2,42.00,43685.46,0.05,0.00,R,F,1994-11-18,1994-11-02,1994-12-03,COLLECT COD,AIR,ent instructions. ironic packages a
10886-3,10886,460,48,3,36.00,48976.56,0.02,0.06,R,F,1994-10-21,1994-10-16,1994-10-24,DELIVER IN PERSON,AIR,according to the slyly
10886-4,10886,1477,95,4,12.00,16541.64,0.07,0.08,A,F,1994-10-27,1994-10-29,1994-10-30,NONE,TRUCK,"s. pending,"
10886-5,10886,795,28,5,21.00,35611.59,0.03,0.03,R,F,1994-10-27,1994-11-13,1994-11-14,DELIVER IN PERSON,FOB,usly unusu
10886-6,10886,368,53,6,21.00,26635.56,0.06,0.08,R,F,1994-09-03,1994-09-26,1994-09-11,COLLECT COD,SHIP,ts along the never ironic
10886-7,10886,1704,89,7,13.00,20874.10,0.06,0.05,R,F,1994-10-11,1994-11-04,1994-11-08,COLLECT COD,TRUCK,ter the furiously silen
10887-1,10887,1569,90,1,36.00,52940.16,0.05,0.00,N,O,1995-08-17,1995-07-09,1995-09-07,DELIVER IN PERSON,SHIP,ular deposits wake furiously unusual 
10912-1,10912,1277,89,1,26.00,30635.02,0.02,0.08,N,O,1996-12-30,1997-03-06,1997-01-24,NONE,MAIL,ravely express instructions. ideas
10912-2,10912,1731,74,2,12.00,19592.76,0.07,0.00,N,O,1997-03-15,1997-02-06,1997-03-20,DELIVER IN PERSON,RAIL, of the carefully bold inst
10912-3,10912,383,84,3,37.00,47485.06,0.02,0.08,N,O,1997-03-05,1997-03-23,1997-03-30,COLLECT COD,AIR,xpress requests. regular acco
10912-4,10912,899,99,4,48.00,86394.72,0.03,0.02,N,O,1997-04-06,1997-02-03,1997-05-01,TAKE BACK RETURN,REG AIR,ending dolphins detect 
10912-5,10912,1917,62,5,31.00,56386.21,0.10,0.00,N,O,1997-03-30,1997-02-25,1997-04-05,NONE,FOB,efully final platelets
10912-6,10912,1673,74,6,4.00,6298.68,0.07,0.06,N,O,1997-03-03,1997-02-15,1997-03-18,COLLECT COD,SHIP,regular excuses. quickly regula
10913-1,10913,670,64,1,27.00,42408.09,0.10,0.02,A,F,1993-03-23,1993-04-26,1993-04-10,TAKE BACK RETURN,AIR,ully ironic packages agai
10913-2,10913,969,4,2,18.00,33659.28,0.08,0.03,R,F,1993-02-26,1993-04-30,1993-03-24,TAKE BACK RETURN,TRUCK, furiously ironic escapades.
10913-3,10913,952,21,3,30.00,55588.50,0.09,0.08,R,F,1993-02-19,1993-04-25,1993-02-27,DELIVER IN PERSON,RAIL,s wake quickly express package
10914-1,10914,1536,77,1,19.00,27313.07,0.09,0.03,R,F,1995-02-26,1995-04-01,1995-03-07,COLLECT COD,REG AIR,ns mold furiously special pack
10914-2,10914,589,20,2,28.00,41708.24,0.07,0.04,R,F,1995-03-24,1995-03-06,1995-04-08,TAKE BACK RETURN,AIR,ter the furiously e
10914-3,10914,1775,2,3,13.00,21798.01,0.05,0.02,R,F,1995-04-24,1995-03-28,1995-05-20,NONE,TRUCK,sual pinto beans sublate instr
10914-4,10914,1895,82,4,32.00,57500.48,0.03,0.07,R,F,1995-02-28,1995-02-27,1995-03-07,DELIVER IN PERSON,TRUCK,into beans. q
10914-5,10914,1442,21,5,24.00,32242.56,0.05,0.06,A,F,1995-04-28,1995-03-27,1995-05-11,DELIVER IN PERSON,TRUCK,ular deposits alongs
10914-6,10914,563,24,6,24.00,35125.44,0.04,0.01,A,F,1995-04-21,1995-04-03,1995-04-26,NONE,REG AIR,. final asymptotes us
10915-1,10915,916,19,1,2.00,3633.82,0.00,0.05,R,F,1993-12-30,1994-01-28,1994-01-02,COLLECT COD,AIR,pearls hagg
10915-2,10915,720,53,2,6.00,9724.32,0.09,0.05,R,F,1993-11-30,1994-01-14,1993-12-05,TAKE BACK RETURN,SHIP,l theodolites wake after
10915-3,10915,773,6,3,30.00,50213.10,0.04,0.02,A,F,1994-01-07,1994-01-19,1994-01-23,NONE,AIR,"totes. requests sleep slyly. even, "
10915-4,10915,649,50,4,22.00,34092.08,0.07,0.01,A,F,1994-02-20,1993-12-28,1994-02-25,DELIVER IN PERSON,SHIP,"lent, regul"
10915-5,10915,972,75,5,44.00,82410.68,0.00,0.02,A,F,1994-02-22,1993-12-21,1994-03-10,COLLECT COD,MAIL, deposits. carefully per
10916-1,10916,1824,54,1,39.00,67306.98,0.00,0.08,N,O,1995-07-02,1995-05-17,1995-07-13,COLLECT COD,MAIL,c deposits haggle care
10916-2,10916,1946,35,2,33.00,60982.02,0.09,0.02,R,F,1995-04-17,1995-05-04,1995-04-25,DELIVER IN PERSON,AIR, theodolites boost ironic theodolites-- 
10916-3,10916,1071,77,3,32.00,31106.24,0.08,0.07,N,F,1995-06-13,1995-05-28,1995-07-02,NONE,TRUCK,ecial requests 
10916-4,10916,384,69,4,30.00,38531.40,0.01,0.02,R,F,1995-05-15,1995-04-26,1995-06-06,COLLECT COD,RAIL,uriously bold accounts. quickly regular r
10916-5,10916,147,100,5,34.00,35602.76,0.05,0.05,N,F,1995-06-10,1995-05-27,1995-07-07,NONE,SHIP,usual courts haggle. doggedl
10916-6,10916,533,34,6,2.00,2867.06,0.01,0.00,A,F,1995-05-21,1995-04-14,1995-05-25,DELIVER IN PERSON,SHIP,ffily regular 
10916-7,10916,1757,58,7,10.00,16587.50,0.09,0.05,N,O,1995-06-21,1995-05-28,1995-07-06,NONE,MAIL,lites are blit
10917-1,10917,193,94,1,15.00,16397.85,0.01,0.01,R,F,1992-03-23,1992-03-31,1992-04-12,DELIVER IN PERSON,AIR, about the even theodo
10917-2,10917,562,53,2,1.00,1462.56,0.05,0.02,A,F,1992-06-09,1992-04-30,1992-06-10,COLLECT COD,MAIL,"ideas. pending, final dolphins h"
10917-3,10917,1499,100,3,18.00,25208.82,0.09,0.08,A,F,1992-03-12,1992-04-18,1992-04-08,DELIVER IN PERSON,AIR,s nag fluffily special foxes. bli
10917-4,10917,1258,70,4,45.00,52166.25,0.07,0.02,A,F,1992-04-10,1992-04-07,1992-04-14,TAKE BACK RETURN,REG AIR,ajole furiously. accounts according to th
10917-5,10917,1960,93,5,19.00,35377.24,0.05,0.04,A,F,1992-04-17,1992-04-14,1992-04-29,DELIVER IN PERSON,SHIP,osits sleep among the slyly bold accou
10918-1,10918,311,40,1,8.00,9690.48,0.09,0.06,N,O,1996-02-13,1995-11-29,1996-03-03,NONE,AIR,regular dol
10918-2,10918,656,88,2,46.00,71605.90,0.05,0.04,N,O,1995-11-30,1995-12-27,1995-12-19,COLLECT COD,SHIP,press waters solve carefully along t
10919-1,10919,1365,4,1,45.00,56986.20,0.05,0.04,A,F,1993-07-04,1993-05-29,1993-07-15,COLLECT COD,SHIP,the silent multip
10944-1,10944,836,3,1,11.00,19105.13,0.05,0.05,N,O,1996-01-14,1995-12-28,1996-02-05,NONE,SHIP,refully alongside of the carefully brave 
10944-2,10944,759,24,2,41.00,68049.75,0.07,0.07,N,O,1995-12-03,1996-02-03,1995-12-14,DELIVER IN PERSON,FOB,s; silent accounts amo
10944-3,10944,7,33,3,34.00,30838.00,0.01,0.06,N,O,1995-12-02,1995-12-20,1995-12-03,COLLECT COD,RAIL,usly ironic deposits. final decoys use slyl
10944-4,10944,365,22,4,9.00,11388.24,0.05,0.00,N,O,1996-02-21,1996-01-29,1996-02-27,COLLECT COD,RAIL,efully regular requests sle
10945-1,10945,1798,99,1,28.00,47594.12,0.06,0.07,A,F,1992-02-13,1992-03-30,1992-02-25,TAKE BACK RETURN,REG AIR,deposits against the blithely e
10945-2,10945,262,63,2,35.00,40679.10,0.06,0.06,A,F,1992-02-19,1992-03-13,1992-03-14,COLLECT COD,AIR,quickly unusual accounts use
10945-3,10945,1553,54,3,17.00,24727.35,0.09,0.01,A,F,1992-01-28,1992-02-13,1992-02-22,NONE,FOB, blithely final theodolites across the
10945-4,10945,148,75,4,49.00,51358.86,0.08,0.01,R,F,1992-02-18,1992-03-06,1992-03-07,DELIVER IN PERSON,RAIL,refully even requests. packages are fluff
10945-5,10945,1979,24,5,5.00,9404.85,0.04,0.06,R,F,1992-03-19,1992-02-24,1992-04-12,NONE,TRUCK,nt deposits. courts cajole according to 
10946-1,10946,1155,28,1,43.00,45414.45,0.08,0.05,N,O,1997-05-11,1997-06-09,1997-05-19,NONE,SHIP,lites detect blithely furiously i
10946-2,10946,739,40,2,30.00,49191.90,0.04,0.02,N,O,1997-06-26,1997-05-10,1997-07-18,COLLECT COD,RAIL,inal foxes wake furiously bo
10946-3,10946,1669,93,3,20.00,31413.20,0.10,0.06,N,O,1997-03-30,1997-05-23,1997-04-01,NONE,RAIL,press frets along
10946-4,10946,1783,10,4,39.00,65706.42,0.01,0.07,N,O,1997-05-29,1997-05-25,1997-06-03,DELIVER IN PERSON,AIR, blithely regular depo
10946-5,10946,1725,10,5,48.00,78082.56,0.06,0.03,N,O,1997-05-10,1997-05-20,1997-06-04,TAKE BACK RETURN,TRUCK,egular mul
10946-6,10946,1803,90,6,39.00,66487.20,0.04,0.02,N,O,1997-05-30,1997-06-01,1997-06-09,COLLECT COD,FOB,eep blithel
10947-1,10947,1679,21,1,21.00,33194.07,0.07,0.04,N,O,1996-01-14,1996-03-28,1996-01-25,TAKE BACK RETURN,MAIL,ts are above the fluffily unusual
10947-2,10947,1368,45,2,1.00,1269.36,0.05,0.03,N,O,1996-02-20,1996-03-24,1996-02-23,DELIVER IN PERSON,TRUCK, deposits. unusual instructi
10947-3,10947,1108,81,3,42.00,42382.20,0.05,0.02,N,O,1996-05-06,1996-02-07,1996-05-16,TAKE BACK RETURN,SHIP,"nst the regular, express packages. even,"
10947-4,10947,583,74,4,43.00,63793.94,0.09,0.05,N,O,1996-04-07,1996-04-02,1996-04-23,TAKE BACK RETURN,REG AIR,symptotes are. even packages affix care
10948-1,10948,38,39,1,44.00,41273.32,0.09,0.01,A,F,1992-10-24,1992-10-16,1992-11-01,TAKE BACK RETURN,SHIP,s boost requests. furiously eve
10948-2,10948,1571,72,2,49.00,72155.93,0.05,0.06,A,F,1992-11-25,1992-09-16,1992-12-14,DELIVER IN PERSON,FOB,e quickly final deposits. 
10948-3,10948,1708,35,3,43.00,69217.10,0.01,0.08,R,F,1992-10-27,1992-11-09,1992-11-19,DELIVER IN PERSON,TRUCK,dinos. blithely e
10948-4,10948,1487,66,4,27.00,37488.96,0.01,0.06,A,F,1992-10-09,1992-10-31,1992-10-24,NONE,AIR,elets wake slyly across the excuses. qui
10949-1,10949,248,3,1,24.00,27557.76,0.10,0.07,A,F,1994-05-13,1994-06-06,1994-06-12,TAKE BACK RETURN,SHIP,ording to the unusual escapades haggle qui
10949-2,10949,93,94,2,19.00,18868.71,0.01,0.07,R,F,1994-07-13,1994-06-10,1994-07-16,NONE,AIR, carefully unusual requests among the e
10949-3,10949,751,84,3,39.00,64418.25,0.02,0.05,R,F,1994-05-26,1994-06-01,1994-06-23,DELIVER IN PERSON,MAIL, after the special accounts 
10950-1,10950,1404,44,1,29.00,37856.60,0.00,0.00,N,O,1997-08-01,1997-08-25,1997-08-14,NONE,REG AIR,ackages. carefully pending
10951-1,10951,1026,97,1,26.00,24102.52,0.02,0.08,R,F,1993-02-10,1993-01-31,1993-02-12,TAKE BACK RETURN,SHIP,eposits integrate silently carefully reg
10951-2,10951,646,47,2,22.00,34026.08,0.10,0.05,R,F,1992-12-09,1993-01-14,1992-12-24,DELIVER IN PERSON,MAIL, foxes. slyly even platelets besides the
10951-3,10951,1354,31,3,26.00,32639.10,0.08,0.01,R,F,1992-12-27,1993-01-19,1993-01-13,DELIVER IN PERSON,MAIL,ely. carefully unusual accou
10951-4,10951,741,6,4,31.00,50893.94,0.03,0.05,R,F,1992-12-04,1993-01-27,1992-12-29,COLLECT COD,FOB,telets. bli
10951-5,10951,1831,32,5,21.00,36389.43,0.10,0.08,R,F,1992-12-10,1992-12-18,1993-01-02,NONE,MAIL,ely bold multipliers.
10976-1,10976,241,23,1,11.00,12553.64,0.02,0.04,A,F,1992-12-21,1992-11-13,1993-01-13,TAKE BACK RETURN,SHIP,pecial pinto beans. furi
10976-2,10976,383,40,2,26.00,33367.88,0.04,0.03,A,F,1993-01-05,1992-11-14,1993-01-20,TAKE BACK RETURN,FOB,eep carefully among t
10976-3,10976,183,36,3,19.00,20580.42,0.05,0.03,R,F,1992-11-28,1992-12-25,1992-12-16,TAKE BACK RETURN,REG AIR,ajole furiously. silently regular
10976-4,10976,776,73,4,13.00,21798.01,0.08,0.06,R,F,1992-10-26,1992-11-15,1992-11-09,DELIVER IN PERSON,REG AIR,nal excuses use according
10976-5,10976,1908,97,5,28.00,50677.20,0.03,0.08,A,F,1992-12-08,1992-12-07,1992-12-16,TAKE BACK RETURN,TRUCK, regular pa
10976-6,10976,1281,82,6,27.00,31921.56,0.10,0.06,R,F,1992-10-21,1992-12-25,1992-10-27,COLLECT COD,SHIP,ccounts. special pinto bean
10976-7,10976,347,32,7,13.00,16215.42,0.10,0.08,A,F,1992-11-13,1992-12-05,1992-11-21,NONE,RAIL, thrash. slyly spec
10977-1,10977,238,20,1,41.00,46667.43,0.01,0.08,N,O,1998-06-19,1998-07-24,1998-07-14,DELIVER IN PERSON,SHIP, special ideas use. i
10977-2,10977,969,4,2,6.00,11219.76,0.10,0.01,N,O,1998-09-01,1998-08-14,1998-09-19,TAKE BACK RETURN,RAIL,e carefully ab
10977-3,10977,1492,71,3,3.00,4180.47,0.03,0.04,N,O,1998-06-27,1998-08-08,1998-06-30,DELIVER IN PERSON,MAIL,ously final packages. carefully iron
10977-4,10977,172,99,4,31.00,33237.27,0.00,0.05,N,O,1998-09-21,1998-08-17,1998-10-11,NONE,TRUCK,rding to the blithely final pinto beans use
10978-1,10978,1597,38,1,40.00,59943.60,0.00,0.04,A,F,1994-05-31,1994-05-06,1994-06-13,DELIVER IN PERSON,TRUCK," affix ironic, regula"
10978-2,10978,457,16,2,13.00,17646.85,0.07,0.03,R,F,1994-06-11,1994-06-13,1994-07-07,DELIVER IN PERSON,MAIL, regular theodolites. quickly unusual fo
10978-3,10978,11,62,3,32.00,29152.32,0.10,0.05,R,F,1994-05-03,1994-05-13,1994-05-15,COLLECT COD,REG AIR,y. fluffily regular escapades wake f
10979-1,10979,1389,90,1,28.00,36130.64,0.09,0.02,N,O,1995-11-09,1995-11-06,1995-12-05,DELIVER IN PERSON,TRUCK,are fluffily above the doggedly i
10979-2,10979,1665,7,2,5.00,7833.30,0.04,0.03,N,O,1996-01-30,1995-11-18,1996-01-31,NONE,FOB,ts use slyly blithely 
10979-3,10979,1164,73,3,25.00,26629.00,0.10,0.06,N,O,1995-12-18,1995-12-31,1995-12-29,NONE,TRUCK,ly ironic ideas. accounts
10979-4,10979,269,24,4,11.00,12861.86,0.00,0.07,N,O,1995-10-29,1995-12-04,1995-11-17,TAKE BACK RETURN,TRUCK,sly regular theodolites nag 
10979-5,10979,1720,47,5,23.00,37299.56,0.02,0.03,N,O,1995-10-28,1995-11-07,1995-11-09,NONE,RAIL,"ges cajole. fluffy, furious deposits affix "
10979-6,10979,1613,14,6,27.00,40894.47,0.06,0.05,N,O,1995-11-05,1995-11-13,1995-11-20,COLLECT COD,AIR,e carefull
10979-7,10979,1709,94,7,5.00,8053.50,0.09,0.05,N,O,1995-10-25,1995-12-15,1995-11-10,TAKE BACK RETURN,SHIP,al theodolites 
10980-1,10980,10,11,1,28.00,25480.28,0.09,0.07,N,O,1996-11-13,1996-10-12,1996-12-02,TAKE BACK RETURN,SHIP,ully busy deposits are blithely
10980-2,10980,1285,97,2,43.00,51010.04,0.04,0.01,N,O,1996-10-08,1996-09-09,1996-11-02,TAKE BACK RETURN,MAIL,p always. furiously ironic deposits
10980-3,10980,1797,40,3,1.00,1698.79,0.03,0.02,N,O,1996-08-10,1996-09-24,1996-09-06,TAKE BACK RETURN,AIR,s. careful 
10981-1,10981,677,9,1,26.00,41019.42,0.04,0.07,A,F,1993-08-16,1993-07-10,1993-09-13,NONE,FOB,st. furiously unusual packages sleep. exp
10981-2,10981,329,30,2,20.00,24586.40,0.01,0.06,R,F,1993-08-04,1993-07-04,1993-08-25,COLLECT COD,TRUCK, ideas. ironic
10981-3,10981,513,44,3,25.00,35337.75,0.10,0.00,R,F,1993-07-04,1993-08-11,1993-07-06,TAKE BACK RETURN,MAIL,- special dependencies are 
10981-4,10981,604,36,4,16.00,24073.60,0.07,0.01,R,F,1993-06-03,1993-07-25,1993-06-20,DELIVER IN PERSON,SHIP,ests nag slyly blithely even the
10981-5,10981,1589,30,5,19.00,28321.02,0.08,0.02,R,F,1993-08-25,1993-07-01,1993-08-28,TAKE BACK RETURN,SHIP,e furiously f
10981-6,10981,1800,1,6,30.00,51054.00,0.01,0.08,R,F,1993-06-09,1993-07-15,1993-06-12,DELIVER IN PERSON,AIR,"egular, pending senti"
10981-7,10981,194,73,7,30.00,32825.70,0.02,0.00,A,F,1993-07-10,1993-08-12,1993-07-26,DELIVER IN PERSON,TRUCK,ously final deposits affix iron
10982-1,10982,1076,82,1,6.00,5862.42,0.07,0.01,A,F,1993-02-25,1993-01-22,1993-03-01,NONE,REG AIR,ructions haggle
10982-2,10982,1677,60,2,18.00,28416.06,0.07,0.06,A,F,1993-01-31,1993-01-14,1993-02-09,TAKE BACK RETURN,AIR,ly along the boldly ironic
10982-3,10982,1308,47,3,39.00,47162.70,0.05,0.06,A,F,1993-01-31,1993-01-26,1993-02-08,DELIVER IN PERSON,SHIP,gle furiously blithely unusual 
10982-4,10982,1862,49,4,35.00,61735.10,0.09,0.05,R,F,1993-01-06,1993-01-13,1993-01-22,DELIVER IN PERSON,SHIP,pending ins
10982-5,10982,1113,14,5,4.00,4056.44,0.06,0.01,A,F,1993-02-16,1993-02-09,1993-03-03,NONE,REG AIR, somas detect ruthlessly. ev
10982-6,10982,519,20,6,25.00,35487.75,0.08,0.07,R,F,1993-01-09,1993-01-13,1993-01-26,COLLECT COD,AIR,urts haggle. fur
10982-7,10982,1206,81,7,18.00,19929.60,0.01,0.04,R,F,1992-12-21,1993-03-11,1993-01-17,TAKE BACK RETURN,SHIP,es snooze after the furiously final 
10983-1,10983,844,78,1,36.00,62814.24,0.07,0.04,N,O,1997-03-15,1997-03-12,1997-04-01,COLLECT COD,AIR,le even packages. blithely even idea
10983-2,10983,1162,63,2,43.00,45715.88,0.06,0.07,N,O,1997-04-15,1997-03-18,1997-05-11,DELIVER IN PERSON,MAIL,ng requests nag quickly near the i
11008-1,11008,1811,55,1,30.00,51384.30,0.10,0.06,A,F,1994-03-05,1994-04-04,1994-03-22,TAKE BACK RETURN,RAIL,eposits. regularly regular pinto 
11008-2,11008,843,44,2,39.00,68009.76,0.00,0.03,R,F,1994-06-10,1994-04-18,1994-06-11,TAKE BACK RETURN,SHIP,egular excuses bo
11008-3,11008,799,32,3,16.00,27196.64,0.08,0.01,A,F,1994-05-07,1994-04-02,1994-05-31,NONE,MAIL, furiously after the depths. furi
11008-4,11008,589,50,4,15.00,22343.70,0.05,0.03,R,F,1994-05-04,1994-03-31,1994-06-02,DELIVER IN PERSON,TRUCK,ts hang carefully express plate
11008-5,11008,1446,25,5,42.00,56592.48,0.01,0.00,R,F,1994-03-23,1994-05-24,1994-04-18,DELIVER IN PERSON,RAIL,ending platelets dazzle along t
11009-1,11009,1482,100,1,41.00,56722.68,0.07,0.05,N,O,1997-03-09,1997-05-17,1997-04-03,TAKE BACK RETURN,MAIL,ld dependencies are blithely; bo
11009-2,11009,1667,68,2,6.00,9411.96,0.00,0.08,N,O,1997-04-06,1997-04-21,1997-04-24,TAKE BACK RETURN,TRUCK,mptotes: i
11010-1,11010,812,12,1,23.00,39394.63,0.08,0.07,N,O,1997-04-03,1997-06-20,1997-04-18,COLLECT COD,AIR,y express instructi
11010-2,11010,1477,17,2,23.00,31704.81,0.01,0.03,N,O,1997-06-07,1997-05-04,1997-06-26,DELIVER IN PERSON,FOB,l deposits acc
11010-3,11010,565,56,3,8.00,11724.48,0.03,0.08,N,O,1997-04-13,1997-04-27,1997-05-10,DELIVER IN PERSON,FOB,"inal, close excuses. furiously bo"
11010-4,11010,970,39,4,22.00,41161.34,0.09,0.00,N,O,1997-04-17,1997-05-20,1997-04-21,DELIVER IN PERSON,SHIP, the special ideas solve carefully sl
11010-5,11010,210,65,5,39.00,43298.19,0.07,0.06,N,O,1997-04-28,1997-05-30,1997-05-03,TAKE BACK RETURN,MAIL,"ns. even, ironic ideas against the i"
11011-1,11011,1725,68,1,16.00,26027.52,0.05,0.08,R,F,1992-05-27,1992-08-01,1992-05-29,NONE,FOB,ial instructions boos
11011-2,11011,1405,23,2,50.00,65320.00,0.07,0.02,R,F,1992-08-18,1992-08-11,1992-09-02,COLLECT COD,MAIL,hockey players at the s
11011-3,11011,8,59,3,36.00,32688.00,0.06,0.05,R,F,1992-08-02,1992-06-28,1992-08-15,TAKE BACK RETURN,TRUCK,ters kindle. blithely final pinto beans p
11011-4,11011,1420,60,4,29.00,38321.18,0.00,0.02,R,F,1992-05-27,1992-07-06,1992-06-26,COLLECT COD,RAIL,tions. furi
11011-5,11011,1290,65,5,14.00,16678.06,0.03,0.08,A,F,1992-08-30,1992-08-03,1992-09-08,NONE,SHIP,theodolites use furiously. regular fo
11011-6,11011,579,80,6,12.00,17754.84,0.08,0.06,A,F,1992-05-22,1992-08-01,1992-06-02,DELIVER IN PERSON,FOB,venly regular theodolites. caref
11011-7,11011,960,63,7,31.00,57689.76,0.08,0.01,R,F,1992-06-18,1992-06-19,1992-06-23,TAKE BACK RETURN,FOB,ckly special foxes mol
11012-1,11012,410,98,1,47.00,61589.27,0.06,0.06,N,O,1998-07-25,1998-05-23,1998-08-01,NONE,AIR,scapades are fur
11012-2,11012,171,72,2,49.00,52487.33,0.07,0.08,N,O,1998-07-14,1998-06-14,1998-08-08,COLLECT COD,REG AIR,"e express, unusual deposits. fluf"
11013-1,11013,441,71,1,2.00,2682.88,0.08,0.05,R,F,1994-07-24,1994-06-09,1994-08-02,DELIVER IN PERSON,AIR, slyly. slyly bold 
11014-1,11014,323,24,1,43.00,52602.76,0.04,0.02,A,F,1993-12-16,1993-11-15,1993-12-27,COLLECT COD,RAIL,pecial reque
11014-2,11014,1708,35,2,9.00,14487.30,0.10,0.05,A,F,1993-12-12,1993-10-09,1994-01-06,NONE,TRUCK,ously blithely express
11014-3,11014,70,96,3,20.00,19401.40,0.02,0.00,A,F,1993-09-24,1993-12-03,1993-09-28,DELIVER IN PERSON,RAIL,ove the furiously final asymptotes.
11014-4,11014,1841,85,4,36.00,62742.24,0.04,0.01,R,F,1993-11-10,1993-11-05,1993-12-09,TAKE BACK RETURN,REG AIR,ong the blithely e
11014-5,11014,255,56,5,5.00,5776.25,0.08,0.07,A,F,1993-09-18,1993-10-13,1993-09-19,NONE,REG AIR,le furiously unus
11015-1,11015,1388,89,1,16.00,20630.08,0.04,0.05,N,O,1997-12-03,1997-11-30,1997-12-26,DELIVER IN PERSON,SHIP,lithely final requests. careful
11015-2,11015,1525,46,2,16.00,22824.32,0.05,0.07,N,O,1997-10-06,1997-10-19,1997-10-28,NONE,SHIP,ly even in
11015-3,11015,258,86,3,15.00,17373.75,0.10,0.02,N,O,1998-01-06,1997-11-15,1998-01-18,COLLECT COD,SHIP,eposits. bli
11015-4,11015,391,76,4,43.00,55529.77,0.08,0.03,N,O,1997-09-22,1997-12-11,1997-09-24,COLLECT COD,REG AIR, regular dolphins. regular d
11015-5,11015,1718,19,5,13.00,21056.23,0.08,0.04,N,O,1997-10-02,1997-11-25,1997-10-31,TAKE BACK RETURN,MAIL,even deposits boost blithely final dep
11040-1,11040,1710,37,1,48.00,77362.08,0.03,0.02,N,O,1995-11-13,1996-01-14,1995-12-09,TAKE BACK RETURN,SHIP,uests haggle fu
11040-2,11040,1864,51,2,19.00,33551.34,0.07,0.08,N,O,1996-02-11,1995-12-03,1996-02-27,NONE,RAIL, regular excuses was blithely bold req
11040-3,11040,102,55,3,21.00,21044.10,0.03,0.06,N,O,1996-01-15,1995-12-12,1996-02-06,TAKE BACK RETURN,MAIL,rnis above the fluffily regular asymptotes
11040-4,11040,775,76,4,49.00,82112.73,0.04,0.01,N,O,1996-02-14,1996-01-18,1996-02-27,COLLECT COD,MAIL, frets cajole furiously fu
11041-1,11041,475,76,1,40.00,55018.80,0.03,0.01,N,O,1997-06-29,1997-05-29,1997-07-27,NONE,SHIP,es are fluffily ac
11041-2,11041,185,86,2,10.00,10851.80,0.10,0.06,N,O,1997-05-30,1997-05-29,1997-06-27,COLLECT COD,TRUCK,"detect final, unusual ins"
11041-3,11041,1686,87,3,9.00,14289.12,0.04,0.02,N,O,1997-07-05,1997-06-02,1997-07-19,DELIVER IN PERSON,FOB,c accounts--
11041-4,11041,545,6,4,24.00,34692.96,0.06,0.03,N,O,1997-04-17,1997-05-13,1997-04-18,COLLECT COD,MAIL,the deposits. furiousl
11041-5,11041,1589,70,5,12.00,17886.96,0.08,0.03,N,O,1997-05-18,1997-05-06,1997-06-10,TAKE BACK RETURN,SHIP,ns. slyly bold pinto
11042-1,11042,81,7,1,6.00,5886.48,0.04,0.08,N,O,1998-06-03,1998-07-22,1998-06-05,TAKE BACK RETURN,SHIP,counts. finally
11042-2,11042,1565,46,2,49.00,71861.44,0.03,0.04,N,O,1998-07-04,1998-07-24,1998-07-14,NONE,SHIP,rding to the furi
11042-3,11042,421,80,3,49.00,64749.58,0.04,0.07,N,O,1998-05-30,1998-06-30,1998-06-19,DELIVER IN PERSON,SHIP,re furiously according to the spe
11042-4,11042,957,26,4,41.00,76175.95,0.02,0.05,N,O,1998-07-29,1998-07-14,1998-08-01,COLLECT COD,RAIL,ns wake caref
11043-1,11043,1153,90,1,23.00,24245.45,0.03,0.06,R,F,1995-03-17,1995-04-30,1995-03-29,DELIVER IN PERSON,SHIP,inal ideas cajole blithely. carefull
11043-2,11043,24,100,2,24.00,22176.48,0.07,0.04,R,F,1995-02-24,1995-05-11,1995-02-25,NONE,FOB,ng to the carefully even depos
11043-3,11043,1676,100,3,23.00,36286.41,0.04,0.03,R,F,1995-05-30,1995-05-19,1995-06-08,DELIVER IN PERSON,TRUCK, blithely final exc
11043-4,11043,1011,17,4,21.00,19152.21,0.01,0.05,R,F,1995-04-26,1995-04-29,1995-05-20,DELIVER IN PERSON,RAIL,ronically final accounts. final theodolit
11044-1,11044,1196,69,1,37.00,40596.03,0.07,0.01,R,F,1992-08-31,1992-08-08,1992-09-03,DELIVER IN PERSON,FOB,egular deposits
11044-2,11044,85,86,2,6.00,5910.48,0.03,0.00,R,F,1992-08-22,1992-07-30,1992-09-21,TAKE BACK RETURN,MAIL,y ironic theodolites? sl
11044-3,11044,1750,93,3,15.00,24776.25,0.01,0.02,A,F,1992-09-07,1992-08-12,1992-10-02,NONE,FOB,ajole along the blithely even excuse
11045-1,11045,97,73,1,36.00,35895.24,0.03,0.00,A,F,1992-05-09,1992-05-14,1992-05-29,COLLECT COD,TRUCK,ithely slyly e
11045-2,11045,232,60,2,16.00,18115.68,0.04,0.02,A,F,1992-07-23,1992-05-04,1992-08-06,DELIVER IN PERSON,RAIL,al deposits boost ca
11045-3,11045,1756,57,3,22.00,36470.50,0.03,0.00,A,F,1992-05-16,1992-05-04,1992-06-10,NONE,MAIL, courts use furiously. even d
11045-4,11045,1009,80,4,5.00,4550.00,0.00,0.03,R,F,1992-06-11,1992-05-12,1992-07-05,NONE,MAIL,gle. fluffily express packages 
11045-5,11045,1345,22,5,46.00,57331.64,0.06,0.06,R,F,1992-04-15,1992-05-06,1992-04-30,COLLECT COD,RAIL,le quickly against the quickly ironic pin
11045-6,11045,1912,13,6,18.00,32650.38,0.03,0.07,R,F,1992-04-09,1992-05-17,1992-04-12,NONE,SHIP,"iously pending ideas. final, final de"
11045-7,11045,731,64,7,27.00,44056.71,0.06,0.04,R,F,1992-06-26,1992-05-24,1992-07-18,NONE,RAIL, requests nag carefully under the careful
11046-1,11046,1956,57,1,46.00,85465.70,0.06,0.03,N,O,1997-08-01,1997-08-24,1997-08-11,NONE,RAIL,"ular requests are final, regula"
11046-2,11046,489,19,2,33.00,45852.84,0.07,0.05,N,O,1997-10-06,1997-08-23,1997-10-22,TAKE BACK RETURN,TRUCK,quests cajole furi
11046-3,11046,1318,57,3,45.00,54868.95,0.02,0.02,N,O,1997-08-03,1997-07-21,1997-08-21,TAKE BACK RETURN,TRUCK,". regular, special deposits x-ray. bold, "
11046-4,11046,840,40,4,24.00,41780.16,0.02,0.04,N,O,1997-09-21,1997-08-02,1997-10-14,TAKE BACK RETURN,MAIL,"unusual, final accounts cajole arou"
11046-5,11046,1044,50,5,4.00,3780.16,0.04,0.02,N,O,1997-09-08,1997-09-09,1997-10-06,NONE,AIR,packages against the fluff
11046-6,11046,1839,83,6,48.00,83559.84,0.02,0.04,N,O,1997-08-14,1997-08-22,1997-08-21,TAKE BACK RETURN,RAIL,cial frays integrate carefully; c
11046-7,11046,1504,5,7,18.00,25299.00,0.08,0.02,N,O,1997-10-08,1997-09-09,1997-10-12,COLLECT COD,AIR,"t, ironic p"
11047-1,11047,1260,61,1,34.00,39482.84,0.05,0.08,A,F,1994-03-29,1994-02-04,1994-04-27,NONE,FOB,"ular, regular requests. "
11047-2,11047,660,23,2,15.00,23409.90,0.06,0.06,R,F,1994-02-08,1994-01-20,1994-03-09,TAKE BACK RETURN,SHIP,of the blithely final 
11047-3,11047,1857,1,3,4.00,7035.40,0.09,0.02,R,F,1994-01-14,1994-02-01,1994-01-30,COLLECT COD,AIR,ays. ironically ironic atta
11072-1,11072,1428,7,1,37.00,49188.54,0.04,0.02,N,O,1996-09-26,1996-09-29,1996-10-13,NONE,RAIL,es wake fluffily furiously ironic theodolit
11072-2,11072,1260,98,2,34.00,39482.84,0.00,0.04,N,O,1996-07-21,1996-08-31,1996-08-03,DELIVER IN PERSON,AIR,inal packages are blithe
11072-3,11072,1517,98,3,29.00,41136.79,0.01,0.04,N,O,1996-08-10,1996-08-13,1996-08-26,TAKE BACK RETURN,SHIP,d accounts! instructions boost quickl
11072-4,11072,1540,21,4,21.00,30272.34,0.06,0.06,N,O,1996-11-08,1996-09-14,1996-11-09,TAKE BACK RETURN,REG AIR,oach carefully furiously ironic realms.
11072-5,11072,60,36,5,48.00,46082.88,0.03,0.02,N,O,1996-08-12,1996-10-03,1996-08-21,NONE,SHIP,tructions cajole carefully fu
11073-1,11073,1428,7,1,40.00,53176.80,0.04,0.00,R,F,1995-01-09,1995-01-08,1995-01-16,NONE,TRUCK,st furiously furiously regular theodoli
11073-2,11073,667,99,2,5.00,7838.30,0.07,0.04,A,F,1995-03-24,1995-01-08,1995-04-17,NONE,TRUCK,ecial dugouts sleep thinly pinto beans. sl
11073-3,11073,680,12,3,43.00,67969.24,0.05,0.04,A,F,1995-03-15,1995-02-26,1995-03-17,NONE,MAIL,e regular ideas.
11073-4,11073,1487,27,4,37.00,51373.76,0.03,0.04,R,F,1994-12-16,1995-01-03,1995-01-14,DELIVER IN PERSON,SHIP,quests hang quickly fur
11074-1,11074,1600,1,1,46.00,69073.60,0.06,0.01,N,O,1995-06-23,1995-07-20,1995-07-19,COLLECT COD,MAIL,ly quick pinto be
11074-2,11074,1308,47,2,18.00,21767.40,0.04,0.02,N,O,1995-08-15,1995-08-11,1995-08-24,TAKE BACK RETURN,MAIL,in deposits. sl
11074-3,11074,161,14,3,44.00,46691.04,0.08,0.01,N,O,1995-08-11,1995-07-11,1995-08-24,NONE,RAIL,lar deposits. even 
11074-4,11074,1923,24,4,44.00,80296.48,0.10,0.06,N,O,1995-07-13,1995-08-28,1995-07-30,NONE,REG AIR,x blithely against the final deposits. ex
11074-5,11074,1326,27,5,24.00,29455.68,0.08,0.07,N,O,1995-08-10,1995-08-03,1995-08-20,NONE,MAIL,ages serve regular i
11074-6,11074,491,79,6,48.00,66791.52,0.02,0.02,N,O,1995-10-04,1995-08-25,1995-10-24,DELIVER IN PERSON,RAIL,"xpress, final accounts haggle among the s"
11075-1,11075,1266,78,1,40.00,46690.40,0.01,0.04,N,O,1996-04-25,1996-05-15,1996-05-23,COLLECT COD,RAIL,haggle. special r
11075-2,11075,1992,37,2,29.00,54925.71,0.03,0.05,N,O,1996-04-12,1996-05-05,1996-04-23,TAKE BACK RETURN,MAIL,quickly stealthy packages are daringly aft
11075-3,11075,349,78,3,37.00,46225.58,0.10,0.07,N,O,1996-05-19,1996-05-04,1996-05-29,COLLECT COD,SHIP,foxes boost carefully among th
11075-4,11075,1630,31,4,45.00,68923.35,0.09,0.06,N,O,1996-03-20,1996-04-28,1996-04-03,COLLECT COD,RAIL,egular acco
11076-1,11076,979,14,1,26.00,48879.22,0.10,0.05,R,F,1994-09-28,1994-11-02,1994-10-22,TAKE BACK RETURN,SHIP, quickly even pinto be
11076-2,11076,1127,100,2,8.00,8224.96,0.00,0.01,A,F,1994-08-22,1994-11-01,1994-09-05,DELIVER IN PERSON,MAIL,"ding to the ironic, even dependencie"
11077-1,11077,1717,44,1,45.00,72841.95,0.00,0.05,R,F,1994-07-03,1994-04-22,1994-07-10,NONE,FOB,ts across 
11078-1,11078,757,58,1,28.00,46417.00,0.06,0.04,A,F,1992-08-06,1992-08-12,1992-08-07,TAKE BACK RETURN,RAIL,f the slyly special
11078-2,11078,1562,43,2,40.00,58542.40,0.02,0.02,A,F,1992-08-22,1992-08-20,1992-09-11,COLLECT COD,REG AIR,ding ideas. carefull
11079-1,11079,225,26,1,3.00,3375.66,0.01,0.03,N,O,1997-11-26,1997-10-22,1997-12-08,DELIVER IN PERSON,SHIP,regular asymptotes. special dolphins inte
11079-2,11079,1535,36,2,35.00,50278.55,0.06,0.05,N,O,1997-12-06,1997-10-08,1997-12-18,NONE,FOB,odolites. instructions 
11079-3,11079,205,6,3,42.00,46418.40,0.05,0.02,N,O,1997-11-30,1997-10-26,1997-12-21,COLLECT COD,FOB, pending accounts nag above the depos
11104-1,11104,1971,16,1,26.00,48697.22,0.00,0.05,N,O,1998-09-08,1998-09-06,1998-09-16,TAKE BACK RETURN,FOB,ravely fluffily sp
11105-1,11105,311,68,1,17.00,20592.27,0.03,0.04,N,O,1996-03-26,1996-02-07,1996-04-25,COLLECT COD,MAIL,s nag since the carefully unus
11106-1,11106,1362,1,1,10.00,12633.60,0.05,0.00,N,O,1995-06-27,1995-06-07,1995-07-21,COLLECT COD,SHIP," affix slyly after the ironic, ex"
11106-2,11106,1467,85,2,35.00,47896.10,0.03,0.02,R,F,1995-04-16,1995-06-19,1995-05-08,TAKE BACK RETURN,SHIP,ccounts. quickly unusua
11107-1,11107,1195,32,1,27.00,29597.13,0.01,0.06,N,O,1995-11-19,1996-01-20,1995-12-16,DELIVER IN PERSON,REG AIR,. slyly regul
11107-2,11107,1313,52,2,2.00,2428.62,0.05,0.05,N,O,1995-11-04,1995-12-26,1995-11-14,NONE,REG AIR,silent accounts. regular instructions 
11107-3,11107,413,1,3,23.00,30208.43,0.05,0.07,N,O,1995-11-27,1995-12-03,1995-12-25,NONE,AIR,"onic, unusual pinto beans"
11108-1,11108,1946,35,1,37.00,68373.78,0.06,0.04,R,F,1992-08-26,1992-10-08,1992-09-07,COLLECT COD,MAIL,gular packages according to the furiously
11108-2,11108,452,11,2,39.00,52745.55,0.03,0.06,A,F,1992-10-26,1992-11-05,1992-11-12,DELIVER IN PERSON,TRUCK,"bold depths. ironic, ironic deposits "
11108-3,11108,220,2,3,15.00,16803.30,0.08,0.07,R,F,1992-12-06,1992-11-12,1992-12-10,NONE,SHIP,dolites use furiously alongside of the p
11108-4,11108,31,82,4,4.00,3724.12,0.08,0.03,R,F,1992-11-27,1992-10-28,1992-12-08,TAKE BACK RETURN,AIR,s. slyly d
11108-5,11108,44,45,5,41.00,38705.64,0.06,0.08,A,F,1992-10-25,1992-09-23,1992-11-21,NONE,TRUCK,oost about the blithely pending instru
11108-6,11108,1492,10,6,19.00,26476.31,0.00,0.00,R,F,1992-10-05,1992-10-05,1992-10-19,TAKE BACK RETURN,TRUCK,sual platelets. carefully final depos
11108-7,11108,1325,40,7,24.00,29431.68,0.00,0.06,R,F,1992-11-24,1992-10-03,1992-12-06,NONE,RAIL, express dependencies. quickly pending acco
11109-1,11109,1357,58,1,3.00,3775.05,0.09,0.07,R,F,1995-03-24,1995-05-09,1995-04-03,NONE,AIR,"ts. express, even grouches wake care"
11109-2,11109,787,88,2,1.00,1687.78,0.06,0.05,R,F,1995-03-21,1995-05-31,1995-04-13,NONE,SHIP,accounts haggle slyly regular deposits. flu
11110-1,11110,550,51,1,2.00,2901.10,0.10,0.03,N,O,1996-09-25,1996-08-08,1996-10-18,NONE,AIR, quickly fluffy accou
11110-2,11110,95,21,2,33.00,32837.97,0.09,0.07,N,O,1996-09-01,1996-07-26,1996-09-21,COLLECT COD,RAIL," ironic deposits maintain. regular, iron"
11110-3,11110,1992,25,3,21.00,39773.79,0.03,0.06,N,O,1996-10-07,1996-08-02,1996-10-30,NONE,TRUCK,ut the fluffily express fre
11110-4,11110,1945,46,4,6.00,11081.64,0.03,0.03,N,O,1996-10-07,1996-07-27,1996-10-14,COLLECT COD,REG AIR," foxes. ironic, pending packages cajole"
11110-5,11110,1076,82,5,41.00,40059.87,0.05,0.04,N,O,1996-07-15,1996-09-13,1996-07-22,TAKE BACK RETURN,REG AIR,ular packag
11110-6,11110,1627,51,6,18.00,27515.16,0.01,0.01,N,O,1996-07-21,1996-08-18,1996-07-30,COLLECT COD,MAIL,. special theodolit
11111-1,11111,724,89,1,39.00,63364.08,0.06,0.07,A,F,1995-02-03,1995-04-12,1995-02-24,NONE,FOB,posits nod blithely about the deposits. fo
11111-2,11111,215,70,2,25.00,27880.25,0.00,0.03,A,F,1995-03-24,1995-04-08,1995-03-31,DELIVER IN PERSON,MAIL,"carefully even deposits. final, "
11111-3,11111,134,87,3,1.00,1034.13,0.01,0.06,A,F,1995-02-19,1995-03-13,1995-03-03,TAKE BACK RETURN,MAIL,hely special packages. sil
11111-4,11111,997,98,4,16.00,30367.84,0.10,0.04,A,F,1995-05-10,1995-04-17,1995-05-15,NONE,MAIL,l deposits. packages boost about th
11136-1,11136,305,34,1,50.00,60265.00,0.07,0.08,R,F,1994-01-23,1994-02-02,1994-02-20,COLLECT COD,FOB,ccounts. requests upo
11137-1,11137,1269,70,1,3.00,3510.78,0.08,0.08,R,F,1992-12-07,1993-02-17,1993-01-04,COLLECT COD,RAIL,ake blithely final ex
11137-2,11137,440,28,2,2.00,2680.88,0.00,0.06,A,F,1993-01-06,1993-01-01,1993-01-22,COLLECT COD,AIR,tegrate final notornis. carefully
11137-3,11137,1866,10,3,19.00,33589.34,0.07,0.04,R,F,1992-12-16,1993-01-13,1993-01-06,COLLECT COD,SHIP,"st the regular, regular dolphins boost"
11137-4,11137,141,68,4,28.00,29151.92,0.02,0.04,R,F,1993-02-25,1993-01-20,1993-03-21,COLLECT COD,AIR,t packages. blithely bold pack
11137-5,11137,125,78,5,47.00,48180.64,0.04,0.04,A,F,1993-02-03,1993-01-07,1993-03-01,NONE,SHIP,al deposits thrash final requests: qui
11137-6,11137,889,23,6,32.00,57276.16,0.04,0.08,A,F,1993-03-05,1993-01-20,1993-03-23,TAKE BACK RETURN,TRUCK,kages. carefully express foxes
11137-7,11137,4,5,7,31.00,28024.00,0.04,0.05,A,F,1993-01-06,1993-01-04,1993-01-13,DELIVER IN PERSON,RAIL,blithely pending rea
11138-1,11138,1744,71,1,40.00,65829.60,0.06,0.06,R,F,1995-05-12,1995-04-13,1995-05-21,NONE,TRUCK,ial foxes. furiously unusual asymptotes
11138-2,11138,879,80,2,48.00,85433.76,0.07,0.05,N,F,1995-06-07,1995-05-05,1995-07-05,NONE,FOB, never bold foxes cajole. slyly regular
11138-3,11138,1696,79,3,9.00,14379.21,0.05,0.00,R,F,1995-05-04,1995-05-19,1995-05-10,DELIVER IN PERSON,FOB, requests cajol
11139-1,11139,556,57,1,15.00,21848.25,0.05,0.08,N,O,1998-08-03,1998-07-07,1998-08-16,NONE,TRUCK,he fluffil
11139-2,11139,637,31,2,39.00,59967.57,0.08,0.03,N,O,1998-09-09,1998-08-15,1998-10-02,TAKE BACK RETURN,SHIP,fily pending instructi
11139-3,11139,654,48,3,13.00,20210.45,0.10,0.06,N,O,1998-07-01,1998-07-06,1998-07-19,TAKE BACK RETURN,SHIP,thlessly final deposits slee
11139-4,11139,1141,50,4,17.00,17716.38,0.10,0.05,N,O,1998-09-15,1998-08-07,1998-10-03,TAKE BACK RETURN,TRUCK,lyly pending accounts. quickl
11140-1,11140,1858,59,1,25.00,43996.25,0.06,0.02,N,O,1997-10-25,1997-09-30,1997-10-28,TAKE BACK RETURN,TRUCK,ly pending requests grow atop
11140-2,11140,1750,51,2,16.00,26428.00,0.07,0.06,N,O,1997-08-23,1997-10-04,1997-09-11,TAKE BACK RETURN,SHIP,al packages. furiously even asymptotes a
11140-3,11140,1173,82,3,9.00,9667.53,0.08,0.03,N,O,1997-10-07,1997-08-28,1997-10-14,DELIVER IN PERSON,TRUCK,"ely ironic excuses! careful, bold ins"
11140-4,11140,20,46,4,9.00,8280.18,0.07,0.01,N,O,1997-08-19,1997-09-06,1997-09-17,NONE,AIR,slyly carefully final packages. fu
11140-5,11140,1736,21,5,33.00,54045.09,0.02,0.00,N,O,1997-08-15,1997-09-28,1997-09-10,TAKE BACK RETURN,AIR,ckly. even theodolites
11140-6,11140,775,40,6,13.00,21785.01,0.10,0.01,N,O,1997-10-30,1997-10-09,1997-11-13,DELIVER IN PERSON,TRUCK,e quickly ruthless 
11140-7,11140,1297,72,7,31.00,37146.99,0.10,0.08,N,O,1997-08-27,1997-09-23,1997-09-18,TAKE BACK RETURN,SHIP,ts. fluffily silent requests haggle f
11141-1,11141,1714,15,1,33.00,53318.43,0.07,0.02,N,O,1998-04-27,1998-03-03,1998-05-06,TAKE BACK RETURN,FOB,fully fina
11141-2,11141,1846,47,2,11.00,19226.24,0.06,0.05,N,O,1998-04-20,1998-02-19,1998-05-14,COLLECT COD,RAIL, carefully regular accou
11141-3,11141,1755,82,3,2.00,3313.50,0.03,0.01,N,O,1998-05-16,1998-04-08,1998-05-27,NONE,FOB,ges along the furiously regular d
11142-1,11142,628,60,1,48.00,73373.76,0.05,0.07,N,O,1997-12-06,1997-12-05,1997-12-14,TAKE BACK RETURN,SHIP,sly silent deposits boost carefully 
11142-2,11142,532,33,2,49.00,70193.97,0.08,0.07,N,O,1997-11-11,1997-12-24,1997-12-01,NONE,RAIL,es. quickly final req
11142-3,11142,449,37,3,9.00,12144.96,0.02,0.01,N,O,1997-11-29,1997-12-23,1997-12-20,TAKE BACK RETURN,MAIL,ending forge
11142-4,11142,986,55,4,29.00,54722.42,0.01,0.06,N,O,1997-10-16,1997-11-04,1997-10-30,TAKE BACK RETURN,AIR, accounts dazzle accord
11142-5,11142,1596,97,5,44.00,65893.96,0.06,0.02,N,O,1997-11-17,1997-11-28,1997-11-21,TAKE BACK RETURN,SHIP,riously even br
11142-6,11142,310,11,6,37.00,44781.47,0.06,0.04,N,O,1997-10-19,1997-11-19,1997-11-11,TAKE BACK RETURN,SHIP,s poach quickly carefully 
11142-7,11142,1855,99,7,44.00,77301.40,0.04,0.01,N,O,1997-11-17,1997-12-06,1997-11-29,TAKE BACK RETURN,TRUCK,essly slyly ironic deposits. 
11143-1,11143,1610,93,1,40.00,60464.40,0.09,0.00,R,F,1993-03-26,1993-01-26,1993-04-24,COLLECT COD,FOB,ly final deposits boost foxes. blithely ca
11143-2,11143,1607,31,2,38.00,57326.80,0.10,0.04,A,F,1992-12-22,1993-02-10,1993-01-16,DELIVER IN PERSON,SHIP,ts detect after the fluffily unusual acc
11143-3,11143,980,15,3,34.00,63953.32,0.04,0.02,A,F,1993-02-05,1993-02-17,1993-02-14,TAKE BACK RETURN,MAIL,uffily furiously special dugouts. slyly i
11143-4,11143,302,3,4,1.00,1202.30,0.05,0.08,R,F,1992-12-16,1993-01-07,1993-01-08,NONE,AIR,efully dogged de
11168-1,11168,654,55,1,8.00,12437.20,0.04,0.05,R,F,1993-01-21,1992-12-13,1993-01-22,NONE,AIR,boost quickly attainments. pinto beans d
11168-2,11168,1369,8,2,47.00,59706.92,0.01,0.05,R,F,1993-01-20,1992-12-07,1993-02-05,DELIVER IN PERSON,REG AIR,furiously special d
11169-1,11169,1460,78,1,35.00,47651.10,0.05,0.06,R,F,1993-08-14,1993-07-23,1993-08-19,NONE,REG AIR,iously final deposits aroun
11169-2,11169,570,31,2,1.00,1470.57,0.00,0.06,R,F,1993-09-11,1993-08-20,1993-09-20,DELIVER IN PERSON,SHIP,s. furiously regular instructions
11169-3,11169,124,77,3,39.00,39940.68,0.10,0.04,A,F,1993-08-13,1993-06-22,1993-09-09,NONE,FOB,s sleep quickl
11169-4,11169,1025,61,4,41.00,37966.82,0.10,0.02,R,F,1993-06-05,1993-07-05,1993-06-13,TAKE BACK RETURN,TRUCK,posits. pearls are fu
11170-1,11170,1622,23,1,40.00,60944.80,0.03,0.07,N,O,1997-09-07,1997-09-15,1997-09-08,NONE,FOB,equests sleep c
11170-2,11170,1703,4,2,25.00,40117.50,0.08,0.01,N,O,1997-11-03,1997-10-01,1997-11-27,DELIVER IN PERSON,REG AIR,"counts nag pending accounts. bold, regu"
11170-3,11170,1720,63,3,4.00,6486.88,0.00,0.03,N,O,1997-09-29,1997-09-17,1997-10-24,COLLECT COD,AIR, the blithely even accounts wak
11170-4,11170,813,47,4,28.00,47986.68,0.10,0.06,N,O,1997-08-10,1997-09-12,1997-08-21,TAKE BACK RETURN,MAIL,uctions. unusual ideas breach bl
11171-1,11171,1959,92,1,36.00,66994.20,0.08,0.08,N,O,1995-09-11,1995-09-28,1995-09-16,NONE,MAIL,y ironic foxes. 
11171-2,11171,1259,60,2,35.00,40608.75,0.08,0.02,N,O,1995-09-21,1995-09-15,1995-10-15,NONE,AIR,y bold instructions? quickly regular pla
11172-1,11172,1908,41,1,22.00,39817.80,0.09,0.01,N,O,1998-03-09,1998-02-09,1998-04-06,NONE,REG AIR, accounts.
11172-2,11172,922,91,2,23.00,41927.16,0.10,0.07,N,O,1998-02-06,1998-02-02,1998-02-15,NONE,FOB,lites are. fluf
11172-3,11172,927,28,3,35.00,63977.20,0.08,0.02,N,O,1998-02-02,1998-03-28,1998-03-02,TAKE BACK RETURN,FOB,lithely slyly regular reque
11172-4,11172,51,77,4,32.00,30433.60,0.03,0.01,N,O,1998-03-06,1998-02-13,1998-04-01,COLLECT COD,MAIL,s the unusual accounts. carefu
11173-1,11173,753,54,1,6.00,9922.50,0.10,0.06,R,F,1992-04-07,1992-06-29,1992-04-09,NONE,MAIL,nal packages. quickly bold foxes
11173-2,11173,239,67,2,26.00,29619.98,0.08,0.05,A,F,1992-05-28,1992-05-07,1992-06-25,TAKE BACK RETURN,AIR,tions sleep a
11173-3,11173,1447,87,3,32.00,43150.08,0.04,0.04,A,F,1992-07-02,1992-05-12,1992-07-31,TAKE BACK RETURN,RAIL,ully pending instructions run a
11173-4,11173,134,87,4,16.00,16546.08,0.05,0.03,R,F,1992-05-30,1992-06-10,1992-06-09,COLLECT COD,AIR, attainments sleep blithely across the
11173-5,11173,406,94,5,9.00,11757.60,0.05,0.06,R,F,1992-04-01,1992-05-11,1992-04-17,DELIVER IN PERSON,SHIP,dle slyly fl
11173-6,11173,197,76,6,39.00,42790.41,0.06,0.04,R,F,1992-05-24,1992-05-05,1992-06-22,TAKE BACK RETURN,MAIL, cajole carefully slyly unus
11173-7,11173,32,33,7,29.00,27028.87,0.04,0.08,R,F,1992-07-23,1992-05-25,1992-08-07,TAKE BACK RETURN,MAIL,"ve the pending, special theod"
11174-1,11174,1135,44,1,22.00,22794.86,0.01,0.06,A,F,1994-04-24,1994-05-19,1994-05-10,TAKE BACK RETURN,REG AIR,"aintain bold, ironic warh"
11174-2,11174,240,95,2,2.00,2280.48,0.04,0.05,R,F,1994-05-30,1994-05-19,1994-06-27,COLLECT COD,MAIL,r the blithe
11174-3,11174,841,41,3,18.00,31353.12,0.02,0.04,A,F,1994-05-31,1994-05-12,1994-06-14,NONE,RAIL,e slyly among the bold foxes. special instr
11174-4,11174,649,12,4,8.00,12397.12,0.01,0.00,R,F,1994-04-22,1994-07-04,1994-05-07,NONE,TRUCK,l foxes nag fluffily. slyly eve
11174-5,11174,1805,92,5,31.00,52910.80,0.01,0.00,R,F,1994-06-23,1994-05-16,1994-07-16,TAKE BACK RETURN,AIR,"tes? express, final foxes maintain furious"
11174-6,11174,991,94,6,14.00,26487.86,0.07,0.08,A,F,1994-08-08,1994-05-11,1994-08-12,NONE,RAIL,l ideas. final tithes ca
11175-1,11175,1344,45,1,6.00,7472.04,0.04,0.02,N,O,1998-03-08,1998-05-13,1998-03-31,COLLECT COD,TRUCK,ages boost ca
11175-2,11175,742,75,2,6.00,9856.44,0.05,0.00,N,O,1998-04-23,1998-05-25,1998-05-19,TAKE BACK RETURN,REG AIR,final platelets may integra
11175-3,11175,1154,63,3,26.00,27433.90,0.00,0.00,N,O,1998-05-27,1998-05-05,1998-05-31,TAKE BACK RETURN,TRUCK,uickly bold accounts. s
11200-1,11200,294,22,1,36.00,42994.44,0.10,0.01,N,O,1997-04-14,1997-04-04,1997-04-18,COLLECT COD,TRUCK,usy ideas. packages wake fu
11200-2,11200,424,54,2,3.00,3973.26,0.02,0.00,N,O,1997-03-14,1997-04-28,1997-04-03,COLLECT COD,SHIP,bravely regular foxes haggle blithely expre
11200-3,11200,1624,66,3,47.00,71704.14,0.05,0.04,N,O,1997-04-28,1997-05-01,1997-05-26,NONE,SHIP,y unusual accounts affix carefully. b
11201-1,11201,1767,68,1,2.00,3337.52,0.05,0.04,N,O,1996-12-21,1997-02-21,1996-12-27,DELIVER IN PERSON,AIR,structions ar
11202-1,11202,292,74,1,39.00,46499.31,0.04,0.06,R,F,1992-04-29,1992-06-11,1992-05-13,NONE,MAIL,sly ironic dependencies wake sly
11202-2,11202,507,68,2,44.00,61930.00,0.01,0.05,R,F,1992-06-22,1992-05-09,1992-07-16,DELIVER IN PERSON,SHIP,even excuses across th
11202-3,11202,1351,90,3,38.00,47589.30,0.04,0.01,R,F,1992-06-23,1992-04-27,1992-07-12,COLLECT COD,SHIP,s. furiously ironic foxes use. 
11203-1,11203,712,9,1,39.00,62895.69,0.05,0.06,N,O,1996-09-06,1996-07-31,1996-09-29,NONE,SHIP,"nding packages are carefully. regular, "
11203-2,11203,242,43,2,19.00,21702.56,0.04,0.03,N,O,1996-07-26,1996-09-11,1996-08-09,COLLECT COD,REG AIR, across the carefully final
11204-1,11204,343,28,1,22.00,27353.48,0.07,0.06,N,O,1998-11-19,1998-08-25,1998-12-18,TAKE BACK RETURN,REG AIR,arefully quickly regular package
11204-2,11204,1493,11,2,2.00,2788.98,0.09,0.04,N,O,1998-09-12,1998-09-30,1998-10-01,DELIVER IN PERSON,TRUCK,e requests wake furiously 
11205-1,11205,799,32,1,9.00,15298.11,0.03,0.08,N,O,1996-11-01,1996-11-05,1996-11-05,TAKE BACK RETURN,RAIL,ajole slyly. slyly unusual instruction
11205-2,11205,907,8,2,9.00,16271.10,0.07,0.05,N,O,1996-10-20,1996-10-16,1996-11-10,COLLECT COD,AIR,carefully. furi
11205-3,11205,926,61,3,34.00,62115.28,0.04,0.03,N,O,1996-11-20,1996-10-28,1996-12-16,COLLECT COD,TRUCK,ly. slyly express instructions cajole furio
11206-1,11206,1768,53,1,33.00,55102.08,0.04,0.01,R,F,1995-04-20,1995-03-28,1995-05-11,TAKE BACK RETURN,REG AIR,instructions wake quickly. even acc
11206-2,11206,578,39,2,22.00,32528.54,0.02,0.02,A,F,1995-02-16,1995-02-28,1995-03-06,DELIVER IN PERSON,RAIL," requests. even, final deposits ar"
11206-3,11206,1266,78,3,23.00,26846.98,0.03,0.05,A,F,1995-04-02,1995-01-29,1995-04-17,NONE,TRUCK,etect carefully regula
11206-4,11206,1683,84,4,27.00,42786.36,0.04,0.03,A,F,1995-01-07,1995-02-06,1995-01-14,TAKE BACK RETURN,MAIL, integrate quickly quic
11206-5,11206,819,53,5,33.00,56753.73,0.08,0.03,A,F,1995-02-18,1995-03-16,1995-03-08,DELIVER IN PERSON,SHIP,"ickly silent, regula"
11207-1,11207,85,61,1,40.00,39403.20,0.02,0.00,N,O,1996-07-23,1996-06-04,1996-08-13,DELIVER IN PERSON,RAIL,lar accounts haggle slyly above the final
11207-2,11207,88,14,2,15.00,14821.20,0.02,0.02,N,O,1996-04-19,1996-05-07,1996-05-14,NONE,FOB,totes against the dugouts mold 
11207-3,11207,1747,48,3,19.00,31326.06,0.02,0.00,N,O,1996-07-21,1996-06-20,1996-08-15,NONE,REG AIR,nding foxes are blithely about the 
11232-1,11232,872,39,1,10.00,17728.70,0.00,0.04,N,O,1996-04-14,1996-03-30,1996-05-01,DELIVER IN PERSON,RAIL,jole above the regular excuses? bl
11232-2,11232,979,82,2,4.00,7519.88,0.02,0.05,N,O,1996-05-15,1996-03-22,1996-06-05,DELIVER IN PERSON,RAIL,s. quickly final depos
11232-3,11232,569,70,3,29.00,42617.24,0.07,0.04,N,O,1996-05-21,1996-04-05,1996-06-03,TAKE BACK RETURN,REG AIR,uests whithout th
11232-4,11232,525,26,4,7.00,9978.64,0.04,0.06,N,O,1996-05-15,1996-04-18,1996-05-29,TAKE BACK RETURN,RAIL,"he furiously ironic foxes. ironic, final ac"
11233-1,11233,1516,17,1,17.00,24097.67,0.02,0.00,N,O,1995-09-12,1995-10-23,1995-09-19,DELIVER IN PERSON,FOB, even deposi
11233-2,11233,1382,21,2,25.00,32084.50,0.05,0.03,N,O,1995-11-28,1995-10-30,1995-12-12,COLLECT COD,RAIL,fily carefully regular depend
11233-3,11233,1361,38,3,36.00,45444.96,0.10,0.02,N,O,1995-10-14,1995-10-26,1995-10-24,COLLECT COD,AIR,hely regular dep
11234-1,11234,523,84,1,36.00,51246.72,0.07,0.07,A,F,1993-04-12,1993-04-03,1993-05-01,DELIVER IN PERSON,REG AIR, haggle. blithel
11234-2,11234,1913,14,2,9.00,16334.19,0.03,0.07,A,F,1993-05-17,1993-05-01,1993-05-26,NONE,AIR,arefully regular deposits cajole 
11234-3,11234,1793,36,3,29.00,49148.91,0.01,0.01,R,F,1993-05-16,1993-04-18,1993-05-26,TAKE BACK RETURN,AIR,iously regular packages.
11235-1,11235,1416,34,1,15.00,19761.15,0.08,0.04,N,O,1996-05-27,1996-06-10,1996-06-03,NONE,REG AIR, requests 
11235-2,11235,1046,82,2,28.00,26517.12,0.01,0.07,N,O,1996-05-23,1996-06-27,1996-06-13,NONE,SHIP,ts. even platelets ha
11235-3,11235,131,84,3,50.00,51556.50,0.10,0.01,N,O,1996-05-23,1996-06-01,1996-06-14,NONE,TRUCK,packages. busy foxes are quickly pen
11235-4,11235,355,56,4,9.00,11298.15,0.08,0.03,N,O,1996-05-29,1996-06-17,1996-06-06,DELIVER IN PERSON,SHIP,"gainst the regular, final p"
11235-5,11235,238,39,5,48.00,54635.04,0.01,0.01,N,O,1996-05-16,1996-06-30,1996-06-01,TAKE BACK RETURN,MAIL,silent deposits are furio
11235-6,11235,417,76,6,43.00,56648.63,0.00,0.06,N,O,1996-04-15,1996-06-01,1996-04-27,COLLECT COD,REG AIR,"le final, regular excuses. ca"
11235-7,11235,908,11,7,34.00,61502.60,0.05,0.01,N,O,1996-07-26,1996-06-23,1996-08-15,DELIVER IN PERSON,FOB,requests nag blithely. carefully ex
11236-1,11236,512,13,1,17.00,24012.67,0.02,0.08,A,F,1993-11-23,1994-01-21,1993-11-29,NONE,MAIL,hely ruthless foxes haggle busi
11236-2,11236,81,57,2,19.00,18640.52,0.02,0.00,A,F,1993-12-29,1994-01-28,1994-01-20,COLLECT COD,MAIL,usly even requests-- fluffi
11236-3,11236,279,80,3,46.00,54246.42,0.00,0.04,R,F,1993-11-05,1993-12-14,1993-11-30,TAKE BACK RETURN,SHIP,sly special 
11236-4,11236,1625,8,4,23.00,35112.26,0.07,0.08,R,F,1993-12-02,1994-01-08,1993-12-08,COLLECT COD,FOB,ounts after the pend
11236-5,11236,1367,6,5,26.00,32977.36,0.06,0.00,R,F,1994-02-10,1993-12-17,1994-02-18,TAKE BACK RETURN,SHIP,o beans affix permanent dolphins.
11236-6,11236,1420,38,6,34.00,44928.28,0.07,0.06,R,F,1993-11-13,1993-12-01,1993-11-15,TAKE BACK RETURN,MAIL, affix about the blithel
11237-1,11237,546,7,1,43.00,62201.22,0.05,0.06,N,O,1996-10-06,1996-08-01,1996-11-01,NONE,REG AIR,fily unusual pinto beans boost care
11237-2,11237,1897,98,2,32.00,57564.48,0.05,0.03,N,O,1996-09-20,1996-07-21,1996-10-18,TAKE BACK RETURN,REG AIR,eposits boost f
11237-3,11237,1852,53,3,15.00,26307.75,0.01,0.06,N,O,1996-07-09,1996-08-14,1996-07-16,COLLECT COD,FOB, carefully care
11237-4,11237,1174,11,4,8.00,8601.36,0.04,0.04,N,O,1996-06-29,1996-08-11,1996-06-30,TAKE BACK RETURN,TRUCK, wake blithely after the enticin
11238-1,11238,1303,4,1,35.00,42150.50,0.01,0.05,N,O,1996-10-09,1996-10-16,1996-10-30,DELIVER IN PERSON,TRUCK,"thless, idle pinto b"
11238-2,11238,1624,25,2,7.00,10679.34,0.04,0.01,N,O,1996-07-27,1996-09-19,1996-07-31,COLLECT COD,AIR,row carefully carefully unus
11238-3,11238,1662,4,3,5.00,7818.30,0.09,0.05,N,O,1996-09-10,1996-08-28,1996-09-16,COLLECT COD,AIR, even pinto beans along the slyl
11238-4,11238,1045,46,4,50.00,47302.00,0.09,0.07,N,O,1996-09-12,1996-09-05,1996-09-25,DELIVER IN PERSON,FOB,"ven ideas. final, special foxes in"
11238-5,11238,1079,80,5,2.00,1960.14,0.00,0.04,N,O,1996-10-17,1996-09-14,1996-10-18,TAKE BACK RETURN,SHIP,final instr
11238-6,11238,104,5,6,17.00,17069.70,0.05,0.05,N,O,1996-11-01,1996-09-14,1996-11-06,COLLECT COD,REG AIR, express requests. unusual p
11239-1,11239,1321,60,1,41.00,50115.12,0.04,0.05,R,F,1992-05-15,1992-04-14,1992-05-27,COLLECT COD,RAIL,ng instruct
11239-2,11239,1824,11,2,39.00,67306.98,0.06,0.05,A,F,1992-04-08,1992-04-26,1992-05-04,DELIVER IN PERSON,RAIL, about the slyly final pearls
11239-3,11239,1825,69,3,10.00,17268.20,0.08,0.04,A,F,1992-02-26,1992-04-03,1992-02-28,DELIVER IN PERSON,SHIP,urious packages boost silently 
11239-4,11239,670,71,4,34.00,53402.78,0.00,0.05,R,F,1992-05-25,1992-04-11,1992-05-28,COLLECT COD,REG AIR,. bravely regular de
11239-5,11239,785,86,5,39.00,65745.42,0.08,0.03,R,F,1992-06-10,1992-04-02,1992-06-27,DELIVER IN PERSON,FOB,"ns. even, special a"
11239-6,11239,175,76,6,5.00,5375.85,0.10,0.04,R,F,1992-05-13,1992-03-15,1992-05-24,NONE,REG AIR,eas against the pending packages
11239-7,11239,335,36,7,40.00,49413.20,0.00,0.08,A,F,1992-05-05,1992-03-21,1992-05-29,NONE,AIR, slyly. foxes alon
11264-1,11264,1695,96,1,22.00,35127.18,0.08,0.07,N,O,1996-12-13,1996-10-03,1996-12-17,TAKE BACK RETURN,FOB,". unusual, ruthless attainme"
11264-2,11264,892,92,2,11.00,19721.79,0.01,0.05,N,O,1996-10-04,1996-11-25,1996-10-25,TAKE BACK RETURN,TRUCK, special accounts. final de
11264-3,11264,794,91,3,20.00,33895.80,0.00,0.02,N,O,1996-12-26,1996-11-18,1997-01-10,TAKE BACK RETURN,REG AIR,beans use. fluffily even d
11264-4,11264,1707,50,4,26.00,41826.20,0.03,0.03,N,O,1996-11-11,1996-11-13,1996-11-30,TAKE BACK RETURN,REG AIR,"y about the pending, ironic court"
11264-5,11264,355,84,5,16.00,20085.60,0.03,0.08,N,O,1996-11-12,1996-11-13,1996-12-03,DELIVER IN PERSON,AIR," packages thrash carefully even, specia"
11265-1,11265,1831,32,1,24.00,41587.92,0.07,0.02,N,O,1997-07-09,1997-08-03,1997-07-20,TAKE BACK RETURN,AIR,ding orbits b
11265-2,11265,738,35,2,29.00,47523.17,0.04,0.00,N,O,1997-07-18,1997-07-25,1997-07-19,NONE,MAIL, carefully regular packages after
11265-3,11265,92,93,3,4.00,3968.36,0.03,0.02,N,O,1997-07-21,1997-06-26,1997-08-15,DELIVER IN PERSON,FOB,"olites. regular,"
11266-1,11266,1734,35,1,8.00,13085.84,0.00,0.04,N,O,1997-10-16,1997-10-24,1997-11-07,COLLECT COD,FOB,lar packages among the blithely fina
11267-1,11267,199,26,1,3.00,3297.57,0.00,0.01,R,F,1992-05-28,1992-04-11,1992-06-23,NONE,REG AIR,o beans. blithe
11267-2,11267,156,35,2,40.00,42246.00,0.01,0.01,A,F,1992-03-01,1992-03-28,1992-03-29,NONE,TRUCK," of the quickly ironic ideas. even,"
11268-1,11268,745,10,1,12.00,19748.88,0.00,0.03,N,O,1998-10-13,1998-09-05,1998-10-15,TAKE BACK RETURN,TRUCK,y regular courts. slyly ironic depo
11268-2,11268,978,81,2,7.00,13152.79,0.01,0.01,N,O,1998-09-15,1998-08-10,1998-10-11,NONE,FOB,l theodolites! quickly reg
11268-3,11268,777,78,3,48.00,80532.96,0.09,0.07,N,O,1998-10-06,1998-07-30,1998-11-02,COLLECT COD,REG AIR,pendencies. quickly regular depo
11268-4,11268,777,78,4,49.00,82210.73,0.10,0.05,N,O,1998-09-25,1998-09-03,1998-10-21,TAKE BACK RETURN,RAIL,ously final asymptotes must aff
11269-1,11269,781,46,1,31.00,52135.18,0.02,0.00,A,F,1992-08-06,1992-08-23,1992-08-12,TAKE BACK RETURN,TRUCK,fix along the furious
11269-2,11269,1821,22,2,33.00,56853.06,0.01,0.04,R,F,1992-07-26,1992-08-11,1992-07-30,NONE,FOB,ly final accounts boos
11269-3,11269,1265,66,3,6.00,6997.56,0.01,0.06,R,F,1992-08-16,1992-08-23,1992-08-30,DELIVER IN PERSON,SHIP,arefully unusual d
11269-4,11269,1062,98,4,41.00,39485.46,0.09,0.08,A,F,1992-09-18,1992-07-05,1992-09-19,DELIVER IN PERSON,RAIL,ly express packag
11269-5,11269,1298,36,5,49.00,58765.21,0.07,0.03,A,F,1992-08-03,1992-08-20,1992-08-15,DELIVER IN PERSON,REG AIR, express instructions are furious
11269-6,11269,82,83,6,34.00,33390.72,0.07,0.02,R,F,1992-08-30,1992-07-27,1992-09-12,TAKE BACK RETURN,FOB,yly ironic packages around the carefu
11269-7,11269,1447,87,7,9.00,12135.96,0.01,0.03,R,F,1992-09-25,1992-06-26,1992-10-14,DELIVER IN PERSON,SHIP,the foxes haggl
11270-1,11270,720,17,1,6.00,9724.32,0.03,0.01,N,O,1995-09-05,1995-09-23,1995-09-09,TAKE BACK RETURN,SHIP,y among the quickly final depos
11270-2,11270,374,3,2,29.00,36956.73,0.09,0.06,N,O,1995-08-10,1995-09-06,1995-08-19,TAKE BACK RETURN,REG AIR,cording to the bold
11270-3,11270,282,83,3,39.00,46108.92,0.02,0.06,N,O,1995-10-04,1995-08-25,1995-10-07,TAKE BACK RETURN,SHIP,ound the s
11270-4,11270,1108,9,4,49.00,49445.90,0.10,0.02,N,O,1995-09-20,1995-08-21,1995-09-21,TAKE BACK RETURN,SHIP,s deposits sleep. careful
11270-5,11270,843,77,5,28.00,48827.52,0.02,0.03,N,O,1995-10-16,1995-09-25,1995-11-03,COLLECT COD,AIR,s maintain quickly fluffily regular 
11270-6,11270,1917,18,6,6.00,10913.46,0.09,0.01,N,O,1995-08-01,1995-08-19,1995-08-25,NONE,MAIL,ove the furiously ironic requests. furio
11271-1,11271,1487,5,1,23.00,31935.04,0.00,0.04,N,O,1995-12-06,1995-12-19,1995-12-10,NONE,SHIP,old ideas. blith
11271-2,11271,995,96,2,17.00,32231.83,0.08,0.06,N,O,1995-12-15,1995-11-18,1995-12-30,DELIVER IN PERSON,REG AIR,ependencies about the slyly even pint
11271-3,11271,615,9,3,45.00,68202.45,0.04,0.04,N,O,1996-01-22,1995-11-19,1996-02-09,DELIVER IN PERSON,TRUCK,ully regular platelets along the re
11271-4,11271,795,28,4,41.00,69527.39,0.09,0.06,N,O,1996-01-15,1996-01-15,1996-01-18,COLLECT COD,TRUCK,lar dolphins sleep fluffily after the quick
11271-5,11271,485,15,5,21.00,29095.08,0.04,0.02,N,O,1996-01-19,1995-12-13,1996-02-12,COLLECT COD,MAIL, packages hag
11271-6,11271,609,72,6,2.00,3019.20,0.00,0.07,N,O,1996-01-21,1995-12-12,1996-02-15,TAKE BACK RETURN,MAIL, furiously regular 
11271-7,11271,126,27,7,25.00,25653.00,0.09,0.02,N,O,1995-12-11,1996-01-16,1995-12-12,NONE,REG AIR,yly silent requests.
11296-1,11296,702,67,1,29.00,46478.30,0.03,0.02,R,F,1992-03-08,1992-02-11,1992-04-05,DELIVER IN PERSON,TRUCK,blithely across the quickly
11296-2,11296,1718,19,2,36.00,58309.56,0.02,0.06,A,F,1992-03-06,1992-03-29,1992-03-09,COLLECT COD,MAIL,ar sentiment
11296-3,11296,1789,16,3,35.00,59177.30,0.08,0.00,R,F,1992-02-17,1992-03-08,1992-02-26,NONE,FOB,the courts. final deposits use accoun
11296-4,11296,1620,21,4,50.00,76081.00,0.00,0.07,A,F,1992-02-14,1992-03-21,1992-02-25,NONE,SHIP, daringly slyly even requests.
11296-5,11296,996,31,5,35.00,66394.65,0.07,0.03,A,F,1992-03-24,1992-03-19,1992-04-13,NONE,MAIL,ag slyly slyly fina
11296-6,11296,1848,78,6,41.00,71743.44,0.06,0.07,A,F,1992-03-09,1992-02-12,1992-04-07,NONE,FOB,ecial instructions. final requests grow fur
11297-1,11297,422,52,1,32.00,42317.44,0.08,0.04,R,F,1993-04-07,1993-03-20,1993-04-30,COLLECT COD,RAIL,ckages sleep
11297-2,11297,755,88,2,45.00,74508.75,0.08,0.01,R,F,1993-03-15,1993-03-11,1993-04-01,NONE,AIR,usly regular courts. 
11298-1,11298,370,55,1,34.00,43192.58,0.04,0.00,N,O,1998-03-09,1998-03-07,1998-03-26,DELIVER IN PERSON,AIR,nts haggle f
11298-2,11298,442,43,2,17.00,22821.48,0.00,0.08,N,O,1998-02-08,1998-03-21,1998-02-26,COLLECT COD,AIR,egular dep
11298-3,11298,1874,18,3,32.00,56827.84,0.09,0.01,N,O,1998-01-29,1998-03-26,1998-02-02,NONE,RAIL,he carefully pending instructions. blit
11298-4,11298,651,83,4,43.00,66720.95,0.01,0.06,N,O,1998-01-18,1998-04-03,1998-02-08,COLLECT COD,MAIL,beans cajole about the fox
11298-5,11298,1569,90,5,15.00,22058.40,0.07,0.03,N,O,1998-03-05,1998-03-03,1998-03-30,DELIVER IN PERSON,SHIP,g the slyly ironic d
11298-6,11298,1687,29,6,12.00,19064.16,0.06,0.07,N,O,1998-01-20,1998-03-21,1998-02-15,DELIVER IN PERSON,AIR,dependencies integrat
11299-1,11299,1142,43,1,42.00,43811.88,0.06,0.03,R,F,1993-12-02,1994-01-07,1993-12-04,COLLECT COD,FOB,l instruct
11299-2,11299,257,39,2,15.00,17358.75,0.07,0.07,R,F,1993-12-21,1993-12-13,1994-01-14,DELIVER IN PERSON,AIR,int quickly after the regular acco
11299-3,11299,176,55,3,45.00,48427.65,0.10,0.00,A,F,1993-12-03,1993-12-14,1993-12-13,COLLECT COD,REG AIR,se blithely above t
11299-4,11299,1228,66,4,17.00,19196.74,0.05,0.05,A,F,1993-12-29,1994-02-03,1994-01-03,DELIVER IN PERSON,REG AIR,ermanent depen
11299-5,11299,654,17,5,38.00,59076.70,0.09,0.02,R,F,1994-03-09,1993-12-13,1994-03-13,TAKE BACK RETURN,MAIL,es are slyly acros
11299-6,11299,324,81,6,47.00,57543.04,0.01,0.07,A,F,1994-01-02,1994-02-01,1994-02-01,TAKE BACK RETURN,FOB,dencies are final pinto beans. quickly pend
11299-7,11299,567,28,7,10.00,14675.60,0.06,0.08,A,F,1994-01-12,1994-01-19,1994-02-10,DELIVER IN PERSON,RAIL,encies. regular packages haggle fu
11300-1,11300,713,10,1,47.00,75844.37,0.03,0.05,N,O,1996-09-07,1996-08-31,1996-09-11,NONE,AIR,eposits integrate blithely a
11301-1,11301,835,69,1,24.00,41659.92,0.04,0.07,R,F,1992-07-05,1992-06-16,1992-07-06,NONE,MAIL,ly carefully express pinto beans. 
11301-2,11301,859,26,2,20.00,35197.00,0.02,0.00,R,F,1992-06-20,1992-06-15,1992-07-14,NONE,SHIP, pinto beans. sp
11301-3,11301,1488,67,3,22.00,30568.56,0.06,0.01,R,F,1992-03-28,1992-06-07,1992-04-13,NONE,TRUCK, regular instructions. regular accounts
11301-4,11301,1491,92,4,2.00,2784.98,0.05,0.08,A,F,1992-06-19,1992-05-10,1992-06-22,TAKE BACK RETURN,MAIL,ly even packages inte
11301-5,11301,1417,96,5,23.00,30323.43,0.01,0.00,A,F,1992-04-24,1992-05-13,1992-04-26,COLLECT COD,RAIL, furiously about the sl
11301-6,11301,1662,63,6,33.00,51600.78,0.02,0.03,A,F,1992-06-23,1992-04-26,1992-06-28,DELIVER IN PERSON,FOB,egular accounts. carefully regular depo
11302-1,11302,414,15,1,39.00,51261.99,0.10,0.07,R,F,1994-04-23,1994-04-04,1994-05-04,DELIVER IN PERSON,AIR,r foxes. carefully ironic inst
11302-2,11302,77,3,2,16.00,15633.12,0.00,0.08,A,F,1994-04-11,1994-04-29,1994-05-07,NONE,AIR,furiously. slyly
11302-3,11302,949,18,3,50.00,92497.00,0.08,0.01,A,F,1994-05-10,1994-04-01,1994-05-18,NONE,MAIL, deposits haggle quietly al
11302-4,11302,1216,54,4,32.00,35750.72,0.10,0.06,A,F,1994-03-27,1994-05-24,1994-03-31,TAKE BACK RETURN,REG AIR,kindle blithely along the furiously re
11302-5,11302,89,65,5,27.00,26705.16,0.01,0.07,R,F,1994-06-30,1994-04-21,1994-07-06,DELIVER IN PERSON,MAIL,ing pinto beans. 
11302-6,11302,1542,63,6,21.00,30314.34,0.03,0.00,A,F,1994-06-19,1994-05-13,1994-06-21,TAKE BACK RETURN,RAIL,deas haggle furiously according to the
11303-1,11303,1288,89,1,25.00,29732.00,0.06,0.05,R,F,1992-06-28,1992-06-24,1992-07-19,DELIVER IN PERSON,SHIP,"ts. stealthy deposits along the regular, "
11303-2,11303,1725,10,2,23.00,37414.56,0.10,0.04,A,F,1992-07-14,1992-06-16,1992-07-19,TAKE BACK RETURN,SHIP, across the special asymptotes. furiousl
11303-3,11303,970,39,3,16.00,29935.52,0.09,0.05,R,F,1992-04-11,1992-05-08,1992-04-12,COLLECT COD,SHIP, excuses cajole carefully even i
11328-1,11328,351,36,1,15.00,18770.25,0.06,0.06,R,F,1992-07-08,1992-05-04,1992-08-02,TAKE BACK RETURN,MAIL,ts. furiously ironic requests sleep blith
11329-1,11329,19,70,1,27.00,24813.27,0.02,0.03,N,O,1995-10-27,1995-10-17,1995-11-07,TAKE BACK RETURN,FOB,never express packages ha
11329-2,11329,773,74,2,38.00,63603.26,0.06,0.01,N,O,1995-11-04,1995-11-02,1995-11-07,NONE,RAIL,ages after the carefully final excu
11329-3,11329,1107,16,3,42.00,42340.20,0.03,0.02,N,O,1995-10-01,1995-10-03,1995-10-11,DELIVER IN PERSON,AIR,boost slyly regular packages. foxes caj
11329-4,11329,376,33,4,32.00,40843.84,0.02,0.06,N,O,1995-08-19,1995-10-10,1995-09-04,COLLECT COD,RAIL,ide of the fu
11329-5,11329,899,99,5,20.00,35997.80,0.04,0.02,N,O,1995-09-08,1995-09-17,1995-09-26,COLLECT COD,RAIL,affix carefully 
11329-6,11329,571,2,6,44.00,64749.08,0.01,0.05,N,O,1995-10-10,1995-10-08,1995-11-05,NONE,RAIL,ronic foxes wake bravely. theodolites wa
11330-1,11330,439,40,1,3.00,4018.29,0.05,0.00,R,F,1992-07-15,1992-05-28,1992-07-28,DELIVER IN PERSON,REG AIR,. slyly even dependencies
11331-1,11331,1194,31,1,18.00,19713.42,0.09,0.01,N,O,1996-03-11,1996-03-15,1996-03-12,COLLECT COD,AIR,arefully ironic asymptotes doubt. slyly 
11332-1,11332,69,70,1,42.00,40700.52,0.00,0.03,R,F,1994-11-18,1995-01-26,1994-12-02,DELIVER IN PERSON,AIR,ent sheaves. iro
11332-2,11332,1572,53,2,8.00,11788.56,0.08,0.00,A,F,1994-12-26,1995-01-28,1995-01-12,TAKE BACK RETURN,REG AIR,y unusual packages haggle blit
11332-3,11332,126,53,3,15.00,15391.80,0.05,0.06,R,F,1995-03-08,1994-12-28,1995-03-24,TAKE BACK RETURN,MAIL, final packages. fina
11332-4,11332,508,39,4,5.00,7042.50,0.08,0.00,A,F,1995-03-05,1994-12-24,1995-03-11,DELIVER IN PERSON,SHIP, deposits integrat
11332-5,11332,1356,95,5,3.00,3772.05,0.01,0.01,R,F,1995-01-22,1994-12-25,1995-02-21,COLLECT COD,FOB, play carefully slyly quiet pinto 
11332-6,11332,672,73,6,45.00,70770.15,0.00,0.07,R,F,1994-12-02,1994-12-22,1994-12-28,NONE,MAIL,yly requests. blithely regular courts shall
11332-7,11332,669,70,7,38.00,59647.08,0.04,0.04,R,F,1994-11-24,1995-01-11,1994-12-03,DELIVER IN PERSON,SHIP,ep carefully. iron
11333-1,11333,1723,8,1,10.00,16247.20,0.06,0.03,A,F,1994-10-05,1994-08-14,1994-10-10,COLLECT COD,AIR, packages. ironic depos
11334-1,11334,1906,51,1,43.00,77739.70,0.01,0.01,N,O,1997-09-23,1997-10-22,1997-10-03,COLLECT COD,FOB,ccounts. slyly unusual requests 
11334-2,11334,1945,78,2,35.00,64642.90,0.09,0.05,N,O,1997-10-08,1997-10-10,1997-10-14,NONE,AIR,ial deposits
11334-3,11334,1310,25,3,4.00,4845.24,0.08,0.04,N,O,1997-11-03,1997-09-07,1997-11-11,COLLECT COD,SHIP,"et, unusua"
11334-4,11334,141,20,4,38.00,39563.32,0.03,0.06,N,O,1997-10-07,1997-09-10,1997-11-04,NONE,TRUCK,ecial deposits. carefully
11334-5,11334,920,89,5,33.00,60090.36,0.10,0.08,N,O,1997-09-18,1997-09-20,1997-10-18,NONE,AIR,ully regula
11334-6,11334,73,99,6,25.00,24326.75,0.08,0.00,N,O,1997-11-25,1997-09-28,1997-11-30,TAKE BACK RETURN,FOB,above the carefully pending th
11334-7,11334,885,52,7,43.00,76792.84,0.06,0.08,N,O,1997-11-02,1997-10-17,1997-11-17,TAKE BACK RETURN,RAIL,foxes. slyly even packages are car
11335-1,11335,1786,29,1,4.00,6751.12,0.01,0.08,R,F,1994-12-16,1994-12-10,1994-12-19,NONE,FOB,uctions haggle ironic wat
11335-2,11335,259,87,2,46.00,53325.50,0.00,0.02,R,F,1995-01-05,1994-12-26,1995-01-23,COLLECT COD,REG AIR,c ideas dete
11335-3,11335,838,38,3,7.00,12171.81,0.08,0.05,A,F,1995-01-25,1994-12-19,1995-02-22,NONE,MAIL,ests haggle carefully. b
11335-4,11335,174,27,4,17.00,18260.89,0.03,0.05,R,F,1995-02-08,1994-12-11,1995-02-23,COLLECT COD,SHIP,ut the final escapades. furi
11335-5,11335,115,16,5,41.00,41619.51,0.03,0.03,R,F,1994-12-24,1995-01-15,1995-01-06,COLLECT COD,FOB,"kly final, regu"
11360-1,11360,445,4,1,3.00,4036.32,0.01,0.05,N,O,1997-11-09,1997-10-30,1997-12-08,NONE,FOB, busy deposits. c
11360-2,11360,661,62,2,41.00,64028.06,0.07,0.06,N,O,1997-11-25,1997-11-16,1997-12-13,COLLECT COD,FOB,ost regular deposits. bl
11361-1,11361,517,18,1,49.00,69457.99,0.04,0.01,R,F,1994-10-02,1994-11-23,1994-11-01,TAKE BACK RETURN,RAIL,old theodolites
11361-2,11361,852,52,2,33.00,57844.05,0.02,0.03,R,F,1994-09-29,1994-11-01,1994-10-22,DELIVER IN PERSON,FOB,e permanen
11361-3,11361,889,23,3,1.00,1789.88,0.04,0.03,R,F,1994-11-07,1994-12-17,1994-12-07,COLLECT COD,REG AIR,es after the carefully regular pint
11361-4,11361,984,85,4,48.00,90479.04,0.08,0.03,A,F,1995-01-16,1994-12-06,1995-01-22,TAKE BACK RETURN,MAIL,sly unusual packages. foxes nag
11361-5,11361,544,45,5,22.00,31779.88,0.02,0.00,R,F,1995-01-09,1994-11-07,1995-02-08,NONE,FOB,jole furiously among the fur
11361-6,11361,852,19,6,4.00,7011.40,0.02,0.05,R,F,1994-11-29,1994-11-10,1994-12-15,NONE,MAIL,equests wake slyly blithe
11362-1,11362,1810,11,1,32.00,54777.92,0.09,0.07,R,F,1992-10-24,1992-11-12,1992-11-04,NONE,REG AIR,gedly even requests are furiously along th
11362-2,11362,1641,83,2,10.00,15426.40,0.02,0.05,R,F,1992-12-19,1992-12-09,1993-01-10,NONE,SHIP, deposits doubt closely regular 
11362-3,11362,1641,42,3,45.00,69418.80,0.09,0.07,R,F,1993-01-03,1992-10-22,1993-01-30,COLLECT COD,MAIL,"etect bold, unusual f"
11362-4,11362,1798,41,4,50.00,84989.50,0.00,0.03,A,F,1992-10-23,1992-11-22,1992-11-14,DELIVER IN PERSON,TRUCK,slow deposits. pending ideas eat 
11362-5,11362,551,12,5,18.00,26127.90,0.08,0.07,A,F,1992-11-05,1992-12-05,1992-11-16,NONE,RAIL,ake furiously s
11363-1,11363,1779,6,1,44.00,73953.88,0.03,0.03,N,O,1998-06-07,1998-05-07,1998-06-08,COLLECT COD,FOB,olites. qu
11363-2,11363,1603,4,2,9.00,13541.40,0.03,0.04,N,O,1998-03-12,1998-04-15,1998-03-20,TAKE BACK RETURN,REG AIR,nding accounts haggle among th
11363-3,11363,71,47,3,20.00,19421.40,0.03,0.03,N,O,1998-03-15,1998-04-23,1998-03-21,TAKE BACK RETURN,AIR,bout the carefully r
11363-4,11363,959,28,4,29.00,53938.55,0.02,0.07,N,O,1998-03-22,1998-03-20,1998-04-12,COLLECT COD,FOB,he slyly ironic foxe
11364-1,11364,399,56,1,24.00,31185.36,0.08,0.08,N,O,1997-04-22,1997-05-25,1997-05-20,NONE,FOB,gle blithely. account
11364-2,11364,859,59,2,44.00,77433.40,0.04,0.03,N,O,1997-06-12,1997-05-16,1997-06-27,NONE,SHIP,he slyly regular pack
11365-1,11365,482,12,1,31.00,42856.88,0.00,0.04,N,O,1997-12-28,1997-11-03,1998-01-13,COLLECT COD,MAIL,: blithely 
11365-2,11365,407,95,2,31.00,40529.40,0.00,0.00,N,O,1997-10-21,1997-10-27,1997-11-08,TAKE BACK RETURN,REG AIR,are regular req
11365-3,11365,1856,100,3,27.00,47461.95,0.06,0.07,N,O,1997-11-24,1997-10-22,1997-12-14,NONE,MAIL,cording to
11365-4,11365,1505,26,4,17.00,23910.50,0.09,0.06,N,O,1997-10-30,1997-11-13,1997-11-20,COLLECT COD,AIR,s sleep slyly. slyly special packages 
11365-5,11365,1800,85,5,32.00,54457.60,0.02,0.05,N,O,1997-12-28,1997-10-09,1998-01-22,DELIVER IN PERSON,AIR,packages. final instructions hag
11366-1,11366,1511,52,1,9.00,12712.59,0.01,0.01,R,F,1992-08-08,1992-07-22,1992-08-30,DELIVER IN PERSON,FOB,y regular packages
11367-1,11367,1076,77,1,19.00,18564.33,0.06,0.04,A,F,1995-04-13,1995-01-24,1995-04-19,TAKE BACK RETURN,RAIL,furiously. carefully e
11392-1,11392,338,95,1,46.00,56963.18,0.00,0.03,R,F,1994-12-02,1994-11-09,1994-12-24,TAKE BACK RETURN,SHIP,ilent foxes
11392-2,11392,1891,21,2,46.00,82472.94,0.09,0.02,A,F,1994-12-11,1994-10-15,1994-12-25,TAKE BACK RETURN,SHIP,hang slyly even deposits. regular theodolit
11393-1,11393,1900,30,1,49.00,88293.10,0.08,0.01,A,F,1992-05-08,1992-05-26,1992-05-26,NONE,TRUCK,st. furiously express packages acc
11393-2,11393,1280,18,2,48.00,56701.44,0.06,0.06,A,F,1992-04-12,1992-06-13,1992-05-02,NONE,AIR,eposits sleep after the fina
11394-1,11394,1282,57,1,35.00,41414.80,0.04,0.06,N,O,1998-04-13,1998-04-28,1998-04-28,DELIVER IN PERSON,FOB,hless instruc
11394-2,11394,1886,30,2,8.00,14303.04,0.09,0.01,N,O,1998-04-16,1998-04-17,1998-05-12,NONE,TRUCK,vely final foxes wake fur
11394-3,11394,685,79,3,32.00,50741.76,0.02,0.01,N,O,1998-06-06,1998-04-20,1998-06-25,TAKE BACK RETURN,RAIL,ruthless ideas. blith
11394-4,11394,7,83,4,50.00,45350.00,0.06,0.06,N,O,1998-04-05,1998-04-06,1998-05-04,COLLECT COD,FOB,ites according to the carefully pending pea
11394-5,11394,1355,94,5,25.00,31408.75,0.01,0.00,N,O,1998-06-14,1998-04-20,1998-06-27,COLLECT COD,REG AIR,ial platelets are quickly fu
11395-1,11395,322,23,1,24.00,29335.68,0.02,0.03,N,O,1997-10-28,1997-10-16,1997-10-31,DELIVER IN PERSON,AIR,nt packages nag bravely about the ide
11395-2,11395,1123,32,2,7.00,7168.84,0.04,0.08,N,O,1997-09-25,1997-10-26,1997-10-23,TAKE BACK RETURN,AIR,deposits. f
11395-3,11395,201,29,3,9.00,9910.80,0.06,0.05,N,O,1997-09-13,1997-10-01,1997-10-13,COLLECT COD,TRUCK,sual pinto beans sleep. pinto bea
11396-1,11396,680,74,1,15.00,23710.20,0.09,0.03,R,F,1992-09-16,1992-10-05,1992-09-19,COLLECT COD,REG AIR,s. blithely regular accounts across
11396-2,11396,1995,96,2,15.00,28454.85,0.03,0.02,A,F,1992-09-14,1992-08-25,1992-09-17,DELIVER IN PERSON,TRUCK,as cajole carefully accounts. 
11396-3,11396,581,82,3,38.00,56300.04,0.05,0.07,A,F,1992-10-21,1992-09-26,1992-10-23,DELIVER IN PERSON,REG AIR,fily special sentiments. fina
11397-1,11397,517,8,1,41.00,58117.91,0.09,0.05,N,O,1996-11-19,1996-12-24,1996-12-06,NONE,AIR,arefully s
11398-1,11398,213,14,1,18.00,20037.78,0.06,0.08,A,F,1992-09-21,1992-10-04,1992-10-05,DELIVER IN PERSON,RAIL,ously express accounts 
11398-2,11398,773,70,2,17.00,28454.09,0.09,0.07,R,F,1992-09-30,1992-11-05,1992-10-08,COLLECT COD,FOB,according to the s
11398-3,11398,202,84,3,46.00,50701.20,0.10,0.05,R,F,1992-08-14,1992-10-12,1992-09-08,COLLECT COD,AIR,s. foxes are furio
11398-4,11398,1131,32,4,35.00,36124.55,0.07,0.01,R,F,1992-08-30,1992-10-30,1992-09-13,TAKE BACK RETURN,RAIL,. ironic depths haggle furiousl
11398-5,11398,1845,89,5,39.00,68126.76,0.01,0.07,A,F,1992-09-06,1992-10-24,1992-09-12,TAKE BACK RETURN,RAIL, blithely unusual accounts sl
11398-6,11398,288,89,6,49.00,58225.72,0.10,0.07,A,F,1992-09-12,1992-11-03,1992-10-05,NONE,RAIL,"s. express, ironic dolphins"
11399-1,11399,776,73,1,23.00,38565.71,0.03,0.06,R,F,1994-07-11,1994-06-02,1994-07-16,TAKE BACK RETURN,SHIP,xcuses serve quickly accordi
11424-1,11424,1676,59,1,37.00,58373.79,0.03,0.04,A,F,1993-06-30,1993-05-03,1993-07-12,NONE,FOB, are furiously. unusual request
11425-1,11425,1952,53,1,15.00,27809.25,0.08,0.05,N,O,1995-09-14,1995-09-09,1995-10-11,DELIVER IN PERSON,SHIP,uffily even pinto beans cajole. fl
11425-2,11425,59,60,2,4.00,3836.20,0.05,0.06,N,O,1995-09-19,1995-07-31,1995-10-10,COLLECT COD,REG AIR, packages wake carefully. furiously brav
11425-3,11425,141,42,3,44.00,45810.16,0.02,0.07,N,O,1995-08-04,1995-07-31,1995-08-31,NONE,SHIP,y even depend
11425-4,11425,683,84,4,8.00,12669.44,0.02,0.07,N,O,1995-09-18,1995-08-08,1995-09-21,TAKE BACK RETURN,REG AIR,", final accounts! careful"
11425-5,11425,1781,8,5,5.00,8413.90,0.04,0.01,N,O,1995-09-01,1995-08-30,1995-09-27,NONE,TRUCK,"lyly ironic, ir"
11425-6,11425,1368,45,6,44.00,55851.84,0.00,0.00,N,O,1995-07-01,1995-08-26,1995-07-29,DELIVER IN PERSON,AIR,c courts-- blithely even accounts
11426-1,11426,470,100,1,8.00,10963.76,0.03,0.05,A,F,1994-06-18,1994-07-24,1994-06-28,DELIVER IN PERSON,FOB,"en, final foxes are blithely furiousl"
11426-2,11426,292,20,2,32.00,38153.28,0.03,0.00,R,F,1994-05-22,1994-07-08,1994-06-19,DELIVER IN PERSON,REG AIR,ly express accounts. express forges affix 
11426-3,11426,1016,17,3,20.00,18340.20,0.06,0.03,A,F,1994-07-19,1994-07-27,1994-08-02,NONE,TRUCK,ckey players. care
11426-4,11426,841,75,4,13.00,22643.92,0.10,0.08,A,F,1994-05-24,1994-07-02,1994-06-10,COLLECT COD,TRUCK,ng to the account
11426-5,11426,1287,25,5,6.00,7129.68,0.07,0.00,R,F,1994-08-04,1994-07-22,1994-08-29,NONE,RAIL,r ideas sleep ruthles
11427-1,11427,41,92,1,24.00,22584.96,0.05,0.03,R,F,1994-03-03,1994-01-27,1994-03-24,DELIVER IN PERSON,AIR,ay. regular accounts after the theodol
11427-2,11427,1241,79,2,14.00,15991.36,0.08,0.04,R,F,1994-03-08,1994-02-13,1994-03-22,TAKE BACK RETURN,MAIL,eposits. qu
11427-3,11427,1758,85,3,34.00,56431.50,0.01,0.07,A,F,1994-03-05,1994-02-08,1994-03-17,TAKE BACK RETURN,REG AIR,e the quickly regular ideas. 
11427-4,11427,216,44,4,50.00,55810.50,0.09,0.04,A,F,1994-01-18,1993-12-25,1994-02-02,NONE,TRUCK,e carefully even requests. carefully
11427-5,11427,938,7,5,20.00,36778.60,0.05,0.07,R,F,1994-03-06,1994-02-19,1994-03-29,NONE,MAIL,ress foxes about the slyly
11427-6,11427,1569,90,6,42.00,61763.52,0.01,0.03,R,F,1994-03-13,1994-02-07,1994-03-25,COLLECT COD,RAIL,ts. express deposits 
11427-7,11427,1789,74,7,35.00,59177.30,0.09,0.05,A,F,1993-12-14,1994-01-23,1994-01-11,NONE,REG AIR,. final depend
11428-1,11428,1141,14,1,7.00,7294.98,0.08,0.05,R,F,1992-04-06,1992-04-19,1992-04-28,COLLECT COD,SHIP,even platelets affix carefully r
11429-1,11429,537,68,1,30.00,43125.90,0.10,0.05,A,F,1993-04-10,1993-04-20,1993-04-14,COLLECT COD,AIR,nusual accounts.
11429-2,11429,1268,6,2,28.00,32739.28,0.06,0.01,R,F,1993-04-06,1993-05-11,1993-04-26,COLLECT COD,REG AIR, packages. carefully spec
11429-3,11429,1394,9,3,32.00,41452.48,0.02,0.05,R,F,1993-05-04,1993-06-02,1993-05-07,DELIVER IN PERSON,AIR,y express requests boost quickly pendi
11429-4,11429,101,28,4,33.00,33036.30,0.06,0.00,R,F,1993-03-21,1993-05-06,1993-03-29,NONE,MAIL," after the final, iron"
11430-1,11430,364,93,1,3.00,3793.08,0.04,0.00,N,O,1998-02-04,1998-03-21,1998-02-05,TAKE BACK RETURN,AIR,ng accounts. regul
11431-1,11431,622,23,1,11.00,16748.82,0.04,0.03,R,F,1992-08-08,1992-10-18,1992-08-30,COLLECT COD,RAIL, final deposits? furiously unusu
11431-2,11431,1022,23,2,28.00,25844.56,0.06,0.08,R,F,1992-09-24,1992-10-07,1992-10-20,TAKE BACK RETURN,REG AIR,en excuses. carefully f
11431-3,11431,195,96,3,44.00,48188.36,0.01,0.08,R,F,1992-09-16,1992-10-14,1992-10-05,TAKE BACK RETURN,SHIP,e carefully final depos
11431-4,11431,1101,38,4,16.00,16033.60,0.05,0.04,R,F,1992-08-19,1992-10-14,1992-08-21,NONE,FOB,fter the slyly expre
11431-5,11431,791,88,5,22.00,37219.38,0.06,0.02,R,F,1992-08-13,1992-10-14,1992-08-26,COLLECT COD,TRUCK,nts among the blit
11431-6,11431,209,64,6,50.00,55460.00,0.05,0.07,R,F,1992-08-12,1992-09-16,1992-08-15,TAKE BACK RETURN,TRUCK,ithely about th
11431-7,11431,86,37,7,28.00,27610.24,0.05,0.07,R,F,1992-09-28,1992-09-02,1992-09-30,NONE,SHIP,carefully after the quic
11456-1,11456,1032,33,1,24.00,22392.72,0.04,0.07,A,F,1993-06-13,1993-06-28,1993-06-28,DELIVER IN PERSON,MAIL,unts haggle carefully across the never spec
11456-2,11456,1227,28,2,6.00,6769.32,0.04,0.03,A,F,1993-06-20,1993-07-12,1993-06-21,DELIVER IN PERSON,AIR, furiously even ideas. quietl
11456-3,11456,1552,33,3,5.00,7267.75,0.03,0.08,A,F,1993-06-20,1993-07-12,1993-06-26,NONE,AIR, final accounts nag idly ideas. even pa
11456-4,11456,809,76,4,10.00,17098.00,0.10,0.05,R,F,1993-06-13,1993-05-23,1993-06-18,DELIVER IN PERSON,REG AIR,ing to the blithe
11457-1,11457,384,41,1,22.00,28256.36,0.07,0.04,N,O,1996-02-17,1996-02-11,1996-03-14,TAKE BACK RETURN,FOB,e carefully about the carefully silent theo
11457-2,11457,878,12,2,12.00,21346.44,0.01,0.05,N,O,1996-03-21,1996-03-12,1996-04-20,COLLECT COD,TRUCK, are blithe
11457-3,11457,549,40,3,34.00,49284.36,0.08,0.04,N,O,1996-02-07,1996-02-23,1996-02-25,COLLECT COD,AIR,s boost across the pinto beans.
11457-4,11457,1394,95,4,14.00,18135.46,0.10,0.08,N,O,1996-02-26,1996-01-14,1996-03-25,NONE,TRUCK,"lar ideas. regular, special t"
11457-5,11457,1265,3,5,37.00,43151.62,0.06,0.03,N,O,1995-12-17,1996-01-24,1996-01-03,COLLECT COD,MAIL,cross the regul
11457-6,11457,1719,46,6,50.00,81035.50,0.10,0.05,N,O,1996-01-13,1996-02-04,1996-02-04,DELIVER IN PERSON,SHIP,its. idly regular foxes wake slyl
11458-1,11458,1376,91,1,8.00,10218.96,0.08,0.07,N,O,1998-05-04,1998-06-10,1998-05-25,NONE,MAIL, are carefully according to the quietl
11458-2,11458,1738,81,2,38.00,62309.74,0.08,0.04,N,O,1998-05-29,1998-05-05,1998-06-20,TAKE BACK RETURN,RAIL,ly regular accounts are car
11458-3,11458,952,87,3,22.00,40764.90,0.09,0.03,N,O,1998-07-11,1998-05-18,1998-07-13,TAKE BACK RETURN,FOB,dependencies
11458-4,11458,697,60,4,36.00,57516.84,0.02,0.05,N,O,1998-04-11,1998-06-26,1998-04-21,NONE,AIR, blithely even deposits breach along
11458-5,11458,142,95,5,30.00,31264.20,0.08,0.06,N,O,1998-05-31,1998-06-02,1998-06-11,COLLECT COD,SHIP, carefully express platelets ca
11458-6,11458,1882,12,6,2.00,3567.76,0.05,0.04,N,O,1998-07-13,1998-06-05,1998-08-05,TAKE BACK RETURN,AIR, bold fret
11459-1,11459,637,38,1,9.00,13838.67,0.10,0.00,N,O,1996-09-10,1996-10-05,1996-10-10,COLLECT COD,AIR,l platelets haggle carefully 
11459-2,11459,935,70,2,46.00,84452.78,0.01,0.04,N,O,1996-10-17,1996-08-29,1996-11-06,TAKE BACK RETURN,REG AIR,the bold foxes. express asymptotes after 
11459-3,11459,1607,90,3,16.00,24137.60,0.01,0.00,N,O,1996-10-08,1996-09-12,1996-10-26,TAKE BACK RETURN,SHIP,ess courts; fluffily 
11459-4,11459,154,33,4,34.00,35841.10,0.06,0.04,N,O,1996-07-25,1996-08-18,1996-07-29,TAKE BACK RETURN,MAIL,side of the 
11459-5,11459,533,94,5,39.00,55907.67,0.05,0.07,N,O,1996-09-07,1996-09-25,1996-09-18,COLLECT COD,FOB, slyly exp
11459-6,11459,989,92,6,5.00,9449.90,0.09,0.02,N,O,1996-11-04,1996-10-09,1996-11-23,DELIVER IN PERSON,REG AIR,"y silent dugouts. final, regular de"
11459-7,11459,1572,73,7,5.00,7367.85,0.08,0.03,N,O,1996-10-12,1996-09-29,1996-11-02,COLLECT COD,REG AIR,"s. even, express deposits against the care"
11460-1,11460,321,78,1,6.00,7327.92,0.07,0.06,A,F,1993-11-14,1993-10-31,1993-11-25,DELIVER IN PERSON,AIR, packages across the furiously iro
11460-2,11460,1368,7,2,32.00,40619.52,0.10,0.08,A,F,1993-09-21,1993-10-23,1993-09-28,COLLECT COD,SHIP,ickly regular ideas haggle aft
11460-3,11460,1746,31,3,3.00,4943.22,0.04,0.01,A,F,1993-12-24,1993-11-03,1993-12-25,NONE,AIR,ven deposits cajole. furiously busy Ti
11461-1,11461,1682,24,1,16.00,25338.88,0.05,0.08,N,O,1996-06-29,1996-07-13,1996-07-16,TAKE BACK RETURN,TRUCK, carefully around the slyly final
11461-2,11461,1198,99,2,23.00,25281.37,0.10,0.03,N,O,1996-05-16,1996-07-19,1996-05-28,COLLECT COD,RAIL,egular pinto beans.
11461-3,11461,719,16,3,19.00,30774.49,0.01,0.01,N,O,1996-08-08,1996-06-09,1996-08-25,TAKE BACK RETURN,FOB,the pending accounts. blithel
11462-1,11462,843,77,1,8.00,13950.72,0.03,0.02,N,O,1996-09-07,1996-10-28,1996-09-14,NONE,REG AIR,unusual pinto beans. sometimes express wart
11462-2,11462,1157,66,2,14.00,14814.10,0.05,0.07,N,O,1996-09-23,1996-11-16,1996-10-22,NONE,AIR,s. even accounts wake bl
11462-3,11462,1188,89,3,44.00,47923.92,0.04,0.08,N,O,1996-11-17,1996-11-23,1996-12-09,TAKE BACK RETURN,MAIL,nos at the car
11462-4,11462,841,75,4,5.00,8709.20,0.04,0.05,N,O,1996-11-26,1996-09-28,1996-12-24,NONE,TRUCK,equests after
11462-5,11462,1703,46,5,9.00,14442.30,0.00,0.02,N,O,1996-12-01,1996-11-01,1996-12-28,COLLECT COD,RAIL,ites use fluffily. special de
11462-6,11462,1698,99,6,39.00,62387.91,0.05,0.05,N,O,1996-09-03,1996-11-10,1996-09-27,DELIVER IN PERSON,REG AIR,", unusual ideas. furiously final depos"
11463-1,11463,304,5,1,17.00,20473.10,0.03,0.03,N,O,1998-04-02,1998-03-13,1998-04-29,COLLECT COD,MAIL, enticing inst
11463-2,11463,1804,48,2,42.00,71643.60,0.03,0.00,N,O,1998-04-19,1998-03-08,1998-05-13,NONE,RAIL,te sometimes ironic excuses. quick
11463-3,11463,1738,39,3,48.00,78707.04,0.07,0.03,N,O,1998-03-15,1998-02-09,1998-04-13,TAKE BACK RETURN,AIR,refully blithely final instr
11463-4,11463,571,72,4,8.00,11772.56,0.06,0.03,N,O,1998-03-20,1998-03-12,1998-04-03,NONE,TRUCK,gly ironic ideas alongside of the depos
11463-5,11463,661,62,5,5.00,7808.30,0.04,0.06,N,O,1998-03-21,1998-02-11,1998-04-13,COLLECT COD,MAIL,quests nag furiously alongside of the exp
11463-6,11463,973,76,6,25.00,46849.25,0.02,0.08,N,O,1998-04-16,1998-01-30,1998-04-23,DELIVER IN PERSON,AIR,packages sleep blithely. accounts detec
11463-7,11463,332,61,7,19.00,23414.27,0.00,0.04,N,O,1998-04-14,1998-02-14,1998-05-08,NONE,REG AIR,ag excuses. carefully express grouches wake
11488-1,11488,123,24,1,28.00,28647.36,0.09,0.06,R,F,1993-11-10,1993-10-16,1993-11-24,TAKE BACK RETURN,AIR,lyly special requests solv
11488-2,11488,662,63,2,45.00,70319.70,0.09,0.02,R,F,1993-09-27,1993-11-21,1993-10-22,TAKE BACK RETURN,REG AIR,"decoys nag busy, silent deposits. ca"
11489-1,11489,764,97,1,49.00,81573.24,0.03,0.07,N,O,1996-12-05,1996-12-10,1996-12-26,NONE,REG AIR,uickly ironic instructions doubt slyly. ir
11489-2,11489,2000,33,2,19.00,17138.00,0.06,0.01,N,O,1996-12-24,1996-12-09,1997-01-15,DELIVER IN PERSON,RAIL,quests. regularly fina
11490-1,11490,1262,37,1,42.00,48856.92,0.05,0.01,N,O,1996-11-02,1996-11-28,1996-11-23,NONE,SHIP,ffily regular sheaves. accounts acco
11490-2,11490,930,33,2,10.00,18309.30,0.02,0.08,N,O,1996-12-10,1996-12-01,1996-12-25,DELIVER IN PERSON,REG AIR,detect furiously 
11491-1,11491,1855,56,1,10.00,17568.50,0.04,0.01,A,F,1993-10-30,1993-11-07,1993-10-31,DELIVER IN PERSON,FOB, furiously 
11491-2,11491,197,76,2,45.00,49373.55,0.10,0.05,R,F,1993-12-03,1993-09-29,1993-12-19,COLLECT COD,TRUCK,y according to the fluffily ironic
11491-3,11491,1658,41,3,29.00,45229.85,0.09,0.05,R,F,1993-10-28,1993-09-30,1993-11-19,DELIVER IN PERSON,RAIL,al pinto beans. furiously
11491-4,11491,1673,97,4,48.00,75584.16,0.05,0.03,R,F,1993-09-26,1993-10-31,1993-10-26,TAKE BACK RETURN,RAIL,xpress accounts wake car
11491-5,11491,1979,24,5,16.00,30095.52,0.00,0.04,A,F,1993-11-25,1993-10-08,1993-12-25,COLLECT COD,SHIP,sits. slyly special reque
11491-6,11491,458,59,6,18.00,24452.10,0.02,0.08,R,F,1993-12-10,1993-10-12,1994-01-03,TAKE BACK RETURN,FOB,wake above th
11491-7,11491,1633,75,7,3.00,4603.89,0.02,0.03,R,F,1993-09-13,1993-10-31,1993-09-23,NONE,REG AIR,eaves. carefully pending ideas ha
11492-1,11492,74,100,1,20.00,19481.40,0.02,0.06,N,O,1997-05-30,1997-05-22,1997-05-31,DELIVER IN PERSON,REG AIR,"usly. busy, final "
11492-2,11492,1095,1,2,46.00,45820.14,0.00,0.00,N,O,1997-06-13,1997-05-05,1997-07-05,NONE,AIR,carefully unusual pin
11492-3,11492,1461,40,3,48.00,65398.08,0.08,0.02,N,O,1997-04-15,1997-04-15,1997-05-08,DELIVER IN PERSON,TRUCK,ernes wake closely after the carefully ir
11492-4,11492,105,6,4,14.00,14071.40,0.05,0.03,N,O,1997-04-05,1997-05-02,1997-04-27,NONE,RAIL,accounts haggle
11493-1,11493,1583,24,1,9.00,13361.22,0.09,0.02,N,O,1995-12-02,1996-01-04,1995-12-08,COLLECT COD,AIR,unts are quickly furio
11493-2,11493,1887,88,2,28.00,50088.64,0.04,0.07,N,O,1995-10-26,1995-12-29,1995-11-14,DELIVER IN PERSON,RAIL,ckages maintain carefully against the
11494-1,11494,817,18,1,13.00,22331.53,0.05,0.00,N,O,1997-10-03,1997-10-15,1997-10-17,COLLECT COD,RAIL,hely according to the quickly spec
11494-2,11494,763,60,2,2.00,3327.52,0.07,0.02,N,O,1997-08-07,1997-10-17,1997-08-25,TAKE BACK RETURN,TRUCK,es. final depend
11494-3,11494,410,98,3,15.00,19656.15,0.00,0.03,N,O,1997-08-08,1997-09-05,1997-08-15,TAKE BACK RETURN,RAIL,ely unusual packages. 
11494-4,11494,225,80,4,40.00,45008.80,0.01,0.03,N,O,1997-10-09,1997-09-11,1997-10-23,TAKE BACK RETURN,MAIL,its affix among the furiously regular pack
11495-1,11495,1987,88,1,15.00,28334.70,0.05,0.08,N,O,1995-09-26,1995-09-23,1995-10-26,TAKE BACK RETURN,TRUCK,uriously against the blithely final ideas; 
11495-2,11495,949,18,2,8.00,14799.52,0.06,0.07,N,O,1995-08-19,1995-09-21,1995-09-02,TAKE BACK RETURN,RAIL,s haggle. carefully bold accounts wake af
11520-1,11520,309,38,1,45.00,54418.50,0.10,0.00,A,F,1994-12-11,1994-11-03,1995-01-08,NONE,MAIL,ully above the deposits. ide
11520-2,11520,471,59,2,47.00,64459.09,0.07,0.05,A,F,1995-01-01,1994-10-30,1995-01-23,COLLECT COD,AIR, bold accounts boost. final deposits pr
11521-1,11521,1166,67,1,8.00,8537.28,0.03,0.05,N,O,1996-09-13,1996-10-26,1996-09-26,COLLECT COD,SHIP,t foxes boo
11521-2,11521,81,32,2,12.00,11772.96,0.09,0.03,N,O,1997-01-03,1996-11-04,1997-01-11,TAKE BACK RETURN,FOB,nal pinto beans? furiou
11522-1,11522,1044,45,1,16.00,15120.64,0.03,0.05,A,F,1993-10-02,1993-11-02,1993-10-14,COLLECT COD,RAIL,ic accounts. furiously even re
11522-2,11522,348,77,2,5.00,6241.70,0.03,0.00,A,F,1993-10-10,1993-11-13,1993-10-19,DELIVER IN PERSON,AIR,fily ironic dugouts. exp
11523-1,11523,315,16,1,31.00,37674.61,0.08,0.02,N,O,1998-11-22,1998-09-13,1998-12-11,TAKE BACK RETURN,AIR,s. furiously ironic acc
11523-2,11523,1136,73,2,21.00,21779.73,0.03,0.06,N,O,1998-08-06,1998-09-09,1998-08-13,DELIVER IN PERSON,AIR,are slyly. f
11523-3,11523,605,99,3,15.00,22584.00,0.03,0.03,N,O,1998-09-20,1998-08-30,1998-10-14,TAKE BACK RETURN,MAIL,ong the blithely regular platelets nag a
11523-4,11523,1738,65,4,48.00,78707.04,0.08,0.05,N,O,1998-08-18,1998-10-11,1998-09-09,NONE,SHIP,ct furiously after the furiously ironic ide
11523-5,11523,1617,59,5,19.00,28853.59,0.07,0.00,N,O,1998-11-17,1998-09-01,1998-11-27,COLLECT COD,SHIP,e of the regular foxes
11523-6,11523,667,61,6,17.00,26650.22,0.04,0.05,N,O,1998-07-28,1998-10-08,1998-08-08,DELIVER IN PERSON,MAIL,across the pending ideas-
11524-1,11524,1328,29,1,6.00,7375.92,0.02,0.03,N,O,1996-02-23,1996-03-06,1996-03-16,TAKE BACK RETURN,SHIP,ourts. fluffily final courts affix blit
11525-1,11525,796,93,1,33.00,55994.07,0.08,0.07,N,O,1997-03-21,1997-05-15,1997-03-24,TAKE BACK RETURN,MAIL,ular ideas. carefully final requests w
11525-2,11525,595,86,2,32.00,47858.88,0.00,0.02,N,O,1997-06-16,1997-05-19,1997-07-03,DELIVER IN PERSON,TRUCK,packages haggle carefully. carefully perman
11525-3,11525,366,95,3,5.00,6331.80,0.03,0.07,N,O,1997-07-12,1997-05-23,1997-08-07,NONE,TRUCK,lly bold ideas. carefu
11525-4,11525,398,55,4,46.00,59725.94,0.03,0.01,N,O,1997-05-10,1997-06-18,1997-05-23,TAKE BACK RETURN,SHIP, ideas use fu
11526-1,11526,1333,10,1,12.00,14811.96,0.08,0.08,N,O,1998-05-26,1998-04-30,1998-06-12,DELIVER IN PERSON,REG AIR,ticingly bold p
11526-2,11526,740,41,2,30.00,49222.20,0.01,0.08,N,O,1998-06-12,1998-05-03,1998-06-26,DELIVER IN PERSON,SHIP,"ven, regular warthogs against th"
11526-3,11526,524,25,3,39.00,55556.28,0.00,0.02,N,O,1998-05-29,1998-05-05,1998-06-11,DELIVER IN PERSON,RAIL,platelets. carefully final
11527-1,11527,210,92,1,47.00,52179.87,0.10,0.00,A,F,1994-10-24,1994-09-03,1994-11-16,NONE,TRUCK,ses play. special ideas
11552-1,11552,1371,86,1,28.00,35626.36,0.08,0.06,R,F,1993-03-08,1993-03-03,1993-03-31,COLLECT COD,MAIL, asymptotes cajole never pinto beans. final
11553-1,11553,246,74,1,49.00,56165.76,0.00,0.01,A,F,1994-08-03,1994-06-16,1994-08-23,COLLECT COD,TRUCK,iously regular requests. requests 
11553-2,11553,1326,65,2,21.00,25773.72,0.02,0.07,R,F,1994-07-09,1994-06-14,1994-07-16,COLLECT COD,FOB," sleep. pending, special accounts "
11553-3,11553,372,1,3,49.00,62346.13,0.10,0.02,R,F,1994-04-24,1994-06-21,1994-05-18,NONE,FOB,instructions are careful
11553-4,11553,72,48,4,41.00,39854.87,0.02,0.03,R,F,1994-07-09,1994-05-28,1994-08-06,NONE,REG AIR,l requests am
11553-5,11553,599,60,5,18.00,26992.62,0.05,0.03,R,F,1994-06-18,1994-06-09,1994-06-26,NONE,SHIP,omise after the blithely silent multipliers
11554-1,11554,764,65,1,49.00,81573.24,0.03,0.03,N,O,1998-07-24,1998-07-14,1998-08-11,COLLECT COD,TRUCK,ilent theodolites. blith
11554-2,11554,857,57,2,27.00,47461.95,0.06,0.01,N,O,1998-07-13,1998-07-09,1998-07-20,TAKE BACK RETURN,RAIL,ong the blithely final deposits. carefull
11554-3,11554,956,91,3,1.00,1856.95,0.01,0.04,N,O,1998-07-26,1998-08-06,1998-08-13,DELIVER IN PERSON,TRUCK,ar accounts. foxes nag 
11554-4,11554,43,69,4,50.00,47152.00,0.06,0.07,N,O,1998-07-08,1998-07-20,1998-07-10,DELIVER IN PERSON,SHIP,"riously regular, final instruc"
11554-5,11554,1255,30,5,27.00,31218.75,0.02,0.07,N,O,1998-09-24,1998-07-11,1998-10-23,NONE,REG AIR,es. pearls nag quickly.
11554-6,11554,196,75,6,40.00,43847.60,0.09,0.08,N,O,1998-08-20,1998-08-01,1998-09-13,NONE,TRUCK,ithely final f
11554-7,11554,1940,29,7,10.00,18419.40,0.02,0.00,N,O,1998-09-15,1998-07-12,1998-10-08,TAKE BACK RETURN,AIR,"s are warhorses. special, even"
11555-1,11555,678,79,1,42.00,66304.14,0.01,0.05,N,O,1996-07-06,1996-07-20,1996-07-12,COLLECT COD,MAIL,yly among the quickly ironi
11555-2,11555,811,45,2,34.00,58201.54,0.04,0.03,N,O,1996-07-10,1996-07-10,1996-07-13,DELIVER IN PERSON,REG AIR,"es cajole furiously foxes. quiet, p"
11555-3,11555,597,88,3,16.00,23961.44,0.04,0.01,N,O,1996-06-10,1996-08-22,1996-06-24,TAKE BACK RETURN,SHIP,he dinos use against the 
11555-4,11555,139,40,4,47.00,48839.11,0.09,0.03,N,O,1996-09-05,1996-08-13,1996-10-01,NONE,SHIP,oze slyly ironic packages; ironic 
11555-5,11555,274,56,5,40.00,46970.80,0.03,0.03,N,O,1996-09-08,1996-06-27,1996-09-15,COLLECT COD,TRUCK,ular pinto beans cajole. ca
11556-1,11556,806,73,1,34.00,58031.20,0.09,0.06,N,O,1996-03-06,1996-04-07,1996-03-23,DELIVER IN PERSON,FOB,o beans wake carefully among the depo
11556-2,11556,446,34,2,32.00,43086.08,0.05,0.04,N,O,1996-04-16,1996-05-16,1996-04-17,NONE,SHIP,und the unusual requests. quick
11556-3,11556,123,76,3,21.00,21485.52,0.05,0.03,N,O,1996-04-07,1996-04-21,1996-04-27,TAKE BACK RETURN,MAIL,the carefully regular accounts. un
11556-4,11556,332,33,4,13.00,16020.29,0.09,0.02,N,O,1996-05-22,1996-05-26,1996-06-13,DELIVER IN PERSON,AIR,regular foxes are across t
11556-5,11556,1705,90,5,15.00,24100.50,0.04,0.06,N,O,1996-07-02,1996-05-08,1996-07-25,COLLECT COD,TRUCK,hely ironic deposits. permanent p
11556-6,11556,902,3,6,39.00,70313.10,0.04,0.00,N,O,1996-06-30,1996-04-05,1996-07-22,TAKE BACK RETURN,AIR,ccounts snooze blithely slyly ironic dep
11556-7,11556,1725,68,7,7.00,11387.04,0.03,0.03,N,O,1996-04-26,1996-05-08,1996-05-14,TAKE BACK RETURN,MAIL,st the asympt
11557-1,11557,753,54,1,2.00,3307.50,0.09,0.02,N,O,1997-06-15,1997-05-24,1997-07-04,NONE,MAIL, across the carefully final requests. regu
11557-2,11557,61,37,2,35.00,33637.10,0.04,0.07,N,O,1997-07-28,1997-05-22,1997-08-04,DELIVER IN PERSON,REG AIR,ides the quickly si
11557-3,11557,956,57,3,1.00,1856.95,0.08,0.05,N,O,1997-08-05,1997-05-22,1997-08-19,NONE,RAIL,slyly even a
11558-1,11558,642,36,1,9.00,13883.76,0.04,0.05,A,F,1994-05-02,1994-06-09,1994-05-31,DELIVER IN PERSON,TRUCK,"al, unusual foxes haggle alongside of t"
11558-2,11558,1677,60,2,21.00,33152.07,0.03,0.04,A,F,1994-05-05,1994-05-04,1994-05-24,DELIVER IN PERSON,REG AIR,boost fluffily
11559-1,11559,474,62,1,42.00,57727.74,0.08,0.02,N,O,1996-01-12,1995-12-03,1996-01-14,DELIVER IN PERSON,FOB,ular courts wake. sometimes 
11584-1,11584,413,14,1,39.00,51222.99,0.01,0.01,A,F,1994-12-22,1994-12-24,1994-12-29,COLLECT COD,FOB,yly final instruct
11584-2,11584,733,34,2,46.00,75151.58,0.01,0.08,R,F,1994-12-07,1995-01-04,1995-01-01,COLLECT COD,AIR, closely along
11584-3,11584,687,19,3,25.00,39692.00,0.01,0.06,A,F,1995-01-19,1995-01-09,1995-01-20,TAKE BACK RETURN,SHIP,the requests. regular packages nag sly
11584-4,11584,1373,12,4,32.00,40779.84,0.09,0.02,A,F,1995-02-18,1994-12-25,1995-03-07,COLLECT COD,SHIP,"ironic, ironic ideas against the blithel"
11584-5,11584,705,2,5,22.00,35325.40,0.03,0.07,R,F,1995-01-13,1995-01-15,1995-02-08,NONE,TRUCK,ly regular escapades! quickly silent
11584-6,11584,722,87,6,45.00,73022.40,0.10,0.03,A,F,1994-12-23,1994-12-24,1995-01-05,DELIVER IN PERSON,REG AIR,iously. requests detect furiously caref
11584-7,11584,1177,14,7,32.00,34501.44,0.00,0.01,R,F,1994-12-21,1995-01-14,1994-12-31,NONE,SHIP, regular instructions. final theodoli
11585-1,11585,655,87,1,28.00,43558.20,0.02,0.02,R,F,1994-05-20,1994-04-17,1994-06-16,DELIVER IN PERSON,MAIL,unwind quickly slyly bold frays. final
11585-2,11585,1203,15,2,1.00,1104.20,0.08,0.05,R,F,1994-04-04,1994-05-30,1994-04-18,DELIVER IN PERSON,REG AIR,dolphins impress ruth
11585-3,11585,1791,34,3,9.00,15235.11,0.04,0.03,R,F,1994-06-13,1994-05-29,1994-06-17,DELIVER IN PERSON,FOB,ss pinto beans alongside of the slyly
11586-1,11586,1788,73,1,12.00,20277.36,0.06,0.07,R,F,1993-12-29,1994-01-23,1994-01-24,NONE,FOB, final requests. fluffily special dependen
11586-2,11586,1136,45,2,4.00,4148.52,0.04,0.00,A,F,1993-11-27,1994-01-30,1993-12-24,COLLECT COD,REG AIR,l packages nag. quickly ex
11587-1,11587,1701,28,1,22.00,35259.40,0.10,0.06,N,O,1998-06-16,1998-05-31,1998-07-09,NONE,SHIP,usly. furiously slow requests afte
11587-2,11587,1501,82,2,33.00,46282.50,0.09,0.00,N,O,1998-06-03,1998-04-12,1998-06-09,COLLECT COD,SHIP,al instructions boost quickly above the
11587-3,11587,1749,76,3,44.00,72632.56,0.03,0.05,N,O,1998-05-05,1998-05-27,1998-05-06,COLLECT COD,RAIL,ding to the carefully ironic se
11588-1,11588,1705,32,1,33.00,53021.10,0.00,0.05,N,O,1998-01-14,1997-12-06,1998-01-28,COLLECT COD,SHIP,slyly even theodolites promise quic
11588-2,11588,1869,70,2,18.00,31875.48,0.06,0.05,N,O,1998-01-16,1997-12-10,1998-01-24,NONE,AIR,usly regular package
11588-3,11588,949,18,3,9.00,16649.46,0.06,0.04,N,O,1997-11-15,1997-12-22,1997-12-04,COLLECT COD,FOB,t accounts cajole fluffily. sl
11588-4,11588,1604,87,4,35.00,52696.00,0.08,0.08,N,O,1998-02-14,1997-12-16,1998-03-14,NONE,MAIL,g against the
11588-5,11588,63,89,5,35.00,33707.10,0.09,0.04,N,O,1998-01-26,1998-01-16,1998-02-18,TAKE BACK RETURN,TRUCK,ow deposits nag across the furiously ironic
11589-1,11589,851,85,1,21.00,36788.85,0.07,0.04,A,F,1992-06-03,1992-07-02,1992-07-01,TAKE BACK RETURN,TRUCK,haggle blithely accordin
11589-2,11589,686,18,2,45.00,71400.60,0.02,0.02,A,F,1992-06-09,1992-07-08,1992-06-21,COLLECT COD,AIR,s haggle careful
11590-1,11590,30,31,1,43.00,39991.29,0.01,0.00,N,O,1996-06-23,1996-06-18,1996-07-07,COLLECT COD,FOB,osits are quickly 
11590-2,11590,311,40,2,47.00,56931.57,0.03,0.06,N,O,1996-07-26,1996-06-12,1996-08-25,NONE,TRUCK,ss the furiously special deposits. th
11590-3,11590,1327,4,3,41.00,50361.12,0.01,0.06,N,O,1996-07-08,1996-05-31,1996-07-15,NONE,SHIP, grouches. th
11590-4,11590,1225,37,4,49.00,55184.78,0.01,0.08,N,O,1996-04-27,1996-05-29,1996-05-15,DELIVER IN PERSON,AIR,"the final deposits. bold, regular requests"
11590-5,11590,1624,7,5,27.00,41191.74,0.06,0.07,N,O,1996-05-01,1996-05-26,1996-05-04,COLLECT COD,REG AIR,ld theodolites. blithe
11591-1,11591,620,83,1,42.00,63866.04,0.07,0.01,R,F,1993-02-01,1993-04-02,1993-02-24,COLLECT COD,SHIP,slyly according to the fluffily 
11591-2,11591,274,75,2,42.00,49319.34,0.05,0.04,A,F,1993-02-06,1993-02-22,1993-02-12,COLLECT COD,TRUCK,ns. unusual requests over the blithely
11616-1,11616,630,93,1,6.00,9183.78,0.06,0.00,N,O,1996-10-28,1996-10-10,1996-11-11,TAKE BACK RETURN,RAIL,"ronic deposits. even, unusual r"
11616-2,11616,503,64,2,42.00,58947.00,0.00,0.06,N,O,1996-11-08,1996-09-07,1996-11-12,COLLECT COD,REG AIR,ccounts. caref
11616-3,11616,1166,75,3,27.00,28813.32,0.02,0.07,N,O,1996-08-10,1996-09-24,1996-09-09,TAKE BACK RETURN,TRUCK,beans integrate accounts. fluffily spe
11616-4,11616,251,6,4,42.00,48352.50,0.08,0.01,N,O,1996-09-13,1996-09-09,1996-09-21,TAKE BACK RETURN,REG AIR,ns are blithely according to
11616-5,11616,1525,26,5,37.00,52781.24,0.10,0.02,N,O,1996-08-03,1996-10-29,1996-08-07,COLLECT COD,AIR,ymptotes. orbit
11616-6,11616,448,49,6,6.00,8090.64,0.10,0.07,N,O,1996-09-18,1996-09-28,1996-10-13,COLLECT COD,FOB,efully express r
11616-7,11616,1789,16,7,34.00,57486.52,0.03,0.05,N,O,1996-09-13,1996-09-12,1996-09-30,TAKE BACK RETURN,REG AIR,structions use at the carefully u
11617-1,11617,1491,92,1,8.00,11139.92,0.05,0.02,R,F,1994-12-29,1995-01-29,1995-01-25,TAKE BACK RETURN,FOB,iously ironic instructi
11617-2,11617,1738,39,2,46.00,75427.58,0.02,0.04,A,F,1995-04-03,1995-01-14,1995-04-23,DELIVER IN PERSON,FOB,y final pinto beans. foxes
11617-3,11617,987,22,3,33.00,62303.34,0.08,0.02,A,F,1995-03-20,1995-02-27,1995-03-30,DELIVER IN PERSON,SHIP,"its. unusual, regul"
11617-4,11617,322,79,4,2.00,2444.64,0.00,0.03,A,F,1995-03-02,1995-02-14,1995-03-10,NONE,AIR,ly express theo
11617-5,11617,595,96,5,16.00,23929.44,0.04,0.04,R,F,1995-03-07,1995-02-17,1995-04-04,DELIVER IN PERSON,SHIP,egular ideas: slyly special requ
11617-6,11617,687,81,6,9.00,14289.12,0.03,0.01,A,F,1995-01-06,1995-03-05,1995-01-13,TAKE BACK RETURN,MAIL,fully. fluffily ironic requests above the 
11618-1,11618,594,55,1,27.00,40353.93,0.01,0.02,N,O,1998-05-17,1998-04-01,1998-05-25,COLLECT COD,SHIP,ites are quickly requests. furiously 
11618-2,11618,1682,24,2,4.00,6334.72,0.00,0.03,N,O,1998-02-23,1998-04-23,1998-03-18,DELIVER IN PERSON,MAIL,"ideas. final, even deposits haggle blithely"
11618-3,11618,1507,28,3,22.00,30987.00,0.08,0.06,N,O,1998-03-02,1998-03-19,1998-03-28,NONE,AIR,es wake blithely furiously unusual theodo
11618-4,11618,582,43,4,6.00,8895.48,0.07,0.00,N,O,1998-03-20,1998-04-04,1998-03-23,COLLECT COD,SHIP,egular courts 
11618-5,11618,1766,51,5,25.00,41694.00,0.07,0.06,N,O,1998-06-04,1998-04-26,1998-07-02,DELIVER IN PERSON,RAIL,es sleep quickly. si
11619-1,11619,1661,3,1,8.00,12501.28,0.02,0.00,N,O,1998-10-15,1998-08-12,1998-11-05,DELIVER IN PERSON,MAIL,es are about the express p
11619-2,11619,737,70,2,10.00,16377.30,0.08,0.04,N,O,1998-08-05,1998-10-09,1998-09-02,NONE,SHIP,blithely bold ideas. pending pinto bea
11619-3,11619,363,92,3,13.00,16423.68,0.09,0.00,N,O,1998-10-27,1998-08-26,1998-11-07,DELIVER IN PERSON,MAIL,ial deposits. furiously blithe theodol
11620-1,11620,1786,29,1,7.00,11814.46,0.09,0.04,N,O,1997-07-28,1997-10-07,1997-08-22,COLLECT COD,RAIL,carefully after the instr
11620-2,11620,538,69,2,5.00,7192.65,0.00,0.08,N,O,1997-09-23,1997-10-16,1997-09-26,NONE,REG AIR,"es detect along the final, fina"
11620-3,11620,1064,100,3,23.00,22196.38,0.09,0.05,N,O,1997-08-18,1997-09-15,1997-09-11,COLLECT COD,RAIL,"usual, furious foxes. packages wake furiou"
11620-4,11620,1377,92,4,26.00,33237.62,0.08,0.06,N,O,1997-07-29,1997-09-13,1997-08-19,NONE,FOB,bout the fluffily final accounts are f
11620-5,11620,1530,71,5,31.00,44377.43,0.07,0.03,N,O,1997-09-26,1997-10-18,1997-10-14,COLLECT COD,RAIL,nstructions breach after the fluf
11621-1,11621,1272,84,1,8.00,9386.16,0.03,0.08,N,O,1996-01-20,1996-01-26,1996-02-12,COLLECT COD,AIR,"s. regular, pe"
11621-2,11621,1920,53,2,47.00,85630.24,0.03,0.03,N,O,1996-02-12,1995-12-25,1996-03-10,NONE,AIR,he blithely regular dolphins. car
11621-3,11621,200,79,3,12.00,13202.40,0.01,0.05,N,O,1995-12-01,1996-02-07,1995-12-30,COLLECT COD,RAIL,ithely bold foxes haggle. unusual 
11621-4,11621,1373,12,4,10.00,12743.70,0.02,0.03,N,O,1996-01-14,1995-12-13,1996-01-28,COLLECT COD,RAIL,en deposits haggle around the
11621-5,11621,1526,47,5,35.00,49963.20,0.01,0.05,N,O,1996-01-08,1996-01-01,1996-01-14,TAKE BACK RETURN,SHIP,luffily slyly regular foxes. slyly qu
11621-6,11621,593,84,6,42.00,62730.78,0.09,0.05,N,O,1995-12-07,1996-01-10,1995-12-17,TAKE BACK RETURN,MAIL,"silent foxes alongside of the ironic, "
11622-1,11622,1501,42,1,22.00,30855.00,0.02,0.07,N,O,1996-06-01,1996-07-25,1996-06-04,DELIVER IN PERSON,MAIL,ed to wake furiously even accounts. fina
11622-2,11622,239,40,2,20.00,22784.60,0.07,0.00,N,O,1996-05-22,1996-06-18,1996-06-19,NONE,REG AIR,"y ironic accounts. furious, busy reque"
11622-3,11622,1229,4,3,40.00,45208.80,0.03,0.03,N,O,1996-08-02,1996-06-20,1996-08-20,TAKE BACK RETURN,SHIP,furiously pending inst
11622-4,11622,1631,55,4,20.00,30652.60,0.06,0.07,N,O,1996-07-31,1996-07-22,1996-08-25,COLLECT COD,SHIP,he silently bold accounts haggle per
11622-5,11622,164,91,5,40.00,42566.40,0.09,0.03,N,O,1996-06-19,1996-05-27,1996-06-23,NONE,SHIP,ial excuses cajole quickly. express acc
11623-1,11623,716,49,1,45.00,72751.95,0.03,0.01,N,O,1996-01-15,1996-03-06,1996-01-19,COLLECT COD,AIR,nal accounts. quickly
11623-2,11623,1614,56,2,48.00,72749.28,0.05,0.01,N,O,1996-03-27,1996-03-03,1996-04-13,NONE,AIR,nal pinto beans haggle furiously blithely 
11623-3,11623,572,73,3,35.00,51539.95,0.07,0.04,N,O,1996-02-16,1996-01-21,1996-03-07,DELIVER IN PERSON,TRUCK,final packages 
11623-4,11623,1741,68,4,19.00,31212.06,0.04,0.03,N,O,1996-03-25,1996-01-18,1996-04-13,DELIVER IN PERSON,MAIL,jole express deposits.
11623-5,11623,196,97,5,15.00,16442.85,0.10,0.05,N,O,1995-12-18,1996-02-24,1995-12-31,TAKE BACK RETURN,SHIP,ise carefully bold packages. slyly regular
11623-6,11623,1420,21,6,46.00,60785.32,0.06,0.00,N,O,1996-04-05,1996-03-05,1996-04-30,DELIVER IN PERSON,SHIP,luffily regular accounts. requests are ab
11623-7,11623,1016,52,7,46.00,42182.46,0.09,0.08,N,O,1995-12-28,1996-03-14,1996-01-24,NONE,SHIP,e slyly fi
11648-1,11648,1133,42,1,38.00,39296.94,0.02,0.00,R,F,1995-05-18,1995-06-21,1995-05-21,NONE,REG AIR, permanent
11648-2,11648,1624,25,2,39.00,59499.18,0.01,0.00,N,O,1995-08-07,1995-06-17,1995-08-15,COLLECT COD,FOB,sly requests. carefully ev
11648-3,11648,358,59,3,5.00,6291.75,0.04,0.08,A,F,1995-04-26,1995-06-20,1995-05-01,NONE,SHIP,pecial dolphins accord
11648-4,11648,1461,40,4,2.00,2724.92,0.05,0.08,R,F,1995-05-08,1995-07-01,1995-05-26,NONE,REG AIR,ag furiously. busy
11648-5,11648,1436,15,5,38.00,50822.34,0.10,0.06,N,O,1995-06-24,1995-07-04,1995-07-24,COLLECT COD,RAIL,carefully regular theodolites. 
11648-6,11648,571,2,6,22.00,32374.54,0.03,0.00,A,F,1995-05-01,1995-06-20,1995-05-12,DELIVER IN PERSON,REG AIR, special platelet
11648-7,11648,1693,94,7,24.00,38272.56,0.07,0.05,N,O,1995-08-06,1995-06-09,1995-09-03,COLLECT COD,MAIL,ven accounts. carefully f
11649-1,11649,611,43,1,3.00,4534.83,0.08,0.00,N,O,1996-08-07,1996-09-08,1996-08-22,COLLECT COD,REG AIR, requests. quietly bold dep
11649-2,11649,727,28,2,35.00,56970.20,0.06,0.01,N,O,1996-10-16,1996-09-08,1996-11-11,COLLECT COD,TRUCK, requests.
11649-3,11649,1688,30,3,45.00,71535.60,0.03,0.03,N,O,1996-07-20,1996-07-30,1996-07-30,COLLECT COD,REG AIR,"the unusual, silent packages. furiously si"
11649-4,11649,1881,68,4,44.00,78446.72,0.10,0.04,N,O,1996-09-21,1996-09-19,1996-10-16,COLLECT COD,TRUCK,e daringly final instructions. blithely fin
11649-5,11649,680,81,5,40.00,63227.20,0.04,0.04,N,O,1996-08-01,1996-08-24,1996-08-22,COLLECT COD,FOB,old theodolites use slyly. regular platelet
11649-6,11649,718,19,6,16.00,25899.36,0.06,0.03,N,O,1996-07-21,1996-08-13,1996-08-04,COLLECT COD,FOB,"tructions are blithely about the regular, e"
11649-7,11649,1789,74,7,26.00,43960.28,0.01,0.04,N,O,1996-08-19,1996-08-28,1996-08-22,COLLECT COD,SHIP,refully final accounts wake blit
11650-1,11650,1335,74,1,48.00,59343.84,0.06,0.01,A,F,1992-11-23,1992-12-02,1992-12-23,DELIVER IN PERSON,MAIL,uriously pending i
11650-2,11650,444,32,2,50.00,67222.00,0.03,0.07,R,F,1993-01-06,1992-12-12,1993-01-16,DELIVER IN PERSON,TRUCK,ng to the slyly re
11650-3,11650,34,85,3,30.00,28020.90,0.04,0.00,R,F,1992-11-09,1992-12-18,1992-11-25,DELIVER IN PERSON,FOB, ideas use 
11651-1,11651,1381,96,1,41.00,52577.58,0.00,0.06,A,F,1995-05-26,1995-04-19,1995-06-16,DELIVER IN PERSON,RAIL,iously carefully ironic reque
11651-2,11651,1563,44,2,8.00,11716.48,0.08,0.03,N,F,1995-06-03,1995-04-08,1995-06-18,TAKE BACK RETURN,RAIL,"ructions. pending, "
11652-1,11652,1975,64,1,39.00,73201.83,0.07,0.04,N,O,1995-12-22,1996-01-28,1996-01-04,TAKE BACK RETURN,TRUCK, slyly. dependenc
11652-2,11652,1997,98,2,11.00,20888.89,0.06,0.06,N,O,1996-02-13,1996-01-16,1996-03-01,COLLECT COD,AIR,lyly pending accounts run carefull
11652-3,11652,292,93,3,28.00,33384.12,0.08,0.08,N,O,1996-02-11,1996-01-04,1996-02-28,DELIVER IN PERSON,FOB,. slyly special accounts nag. b
11652-4,11652,1673,97,4,24.00,37792.08,0.02,0.02,N,O,1996-02-28,1996-01-30,1996-03-07,COLLECT COD,AIR, wake slyly u
11652-5,11652,1641,65,5,10.00,15426.40,0.07,0.08,N,O,1996-01-26,1996-01-13,1996-02-20,TAKE BACK RETURN,REG AIR,"slyly ironic, regul"
11652-6,11652,1857,1,6,8.00,14070.80,0.10,0.00,N,O,1996-03-01,1996-01-30,1996-03-13,COLLECT COD,MAIL,"olphins run blithely about the pending, iro"
11652-7,11652,812,12,7,21.00,35969.01,0.03,0.07,N,O,1996-02-26,1996-01-22,1996-03-18,DELIVER IN PERSON,SHIP,refully above the blithely bold deposits
11653-1,11653,363,92,1,18.00,22740.48,0.01,0.01,N,O,1997-09-30,1997-08-24,1997-10-05,DELIVER IN PERSON,FOB,even ideas. careful
11653-2,11653,455,43,2,25.00,33886.25,0.07,0.01,N,O,1997-09-27,1997-09-25,1997-10-26,TAKE BACK RETURN,TRUCK,carefully pending d
11653-3,11653,1914,59,3,27.00,49029.57,0.01,0.04,N,O,1997-10-26,1997-08-18,1997-11-17,TAKE BACK RETURN,AIR,c platelets use quickly abou
11653-4,11653,1784,27,4,42.00,70802.76,0.10,0.01,N,O,1997-07-30,1997-09-18,1997-08-20,DELIVER IN PERSON,MAIL,ick dolphins use blithely close acc
11653-5,11653,159,60,5,22.00,23301.30,0.07,0.00,N,O,1997-09-01,1997-08-31,1997-09-18,COLLECT COD,AIR,s are carefully pinto beans.
11654-1,11654,746,43,1,47.00,77396.78,0.06,0.02,R,F,1993-11-29,1993-12-23,1993-12-15,COLLECT COD,MAIL,s cajole carefully about the furiously fin
11654-2,11654,1178,87,2,39.00,42087.63,0.03,0.00,A,F,1993-11-29,1993-12-01,1993-12-22,NONE,FOB,ts. slyly express asymptotes integrate qui
11655-1,11655,1353,92,1,32.00,40139.20,0.04,0.04,N,O,1998-08-11,1998-09-25,1998-09-02,TAKE BACK RETURN,SHIP,fter the pending requests wake c
11655-2,11655,1741,68,2,49.00,80494.26,0.06,0.07,N,O,1998-07-04,1998-09-20,1998-07-06,COLLECT COD,SHIP,regular excus
11655-3,11655,499,87,3,46.00,64376.54,0.01,0.00,N,O,1998-10-10,1998-09-01,1998-10-21,DELIVER IN PERSON,MAIL,slyly dogged pinto beans wake above the 
11680-1,11680,244,26,1,27.00,30894.48,0.00,0.01,A,F,1994-11-10,1994-11-05,1994-11-12,TAKE BACK RETURN,SHIP,". regular, ironic requ"
11680-2,11680,269,24,2,35.00,40924.10,0.09,0.01,R,F,1994-09-17,1994-11-29,1994-09-25,NONE,MAIL,bold deposits. furiously unusual 
11680-3,11680,1690,14,3,43.00,68442.67,0.06,0.01,R,F,1994-11-05,1994-11-16,1994-11-25,COLLECT COD,MAIL,c gifts. fluffily pending ideas cajol
11680-4,11680,850,84,4,49.00,85791.65,0.02,0.08,R,F,1994-11-05,1994-11-05,1994-11-20,TAKE BACK RETURN,REG AIR, the slyly quiet braids.
11680-5,11680,202,30,5,24.00,26452.80,0.01,0.00,R,F,1994-09-08,1994-11-11,1994-09-09,NONE,TRUCK,symptotes h
11680-6,11680,150,77,6,26.00,27303.90,0.10,0.01,R,F,1994-10-22,1994-11-02,1994-11-02,NONE,MAIL,according to the pinto beans; s
11680-7,11680,692,24,7,9.00,14334.21,0.09,0.02,R,F,1994-12-20,1994-11-29,1995-01-19,DELIVER IN PERSON,AIR,press slyly against the furiousl
11681-1,11681,230,85,1,28.00,31646.44,0.07,0.02,A,F,1993-02-15,1992-12-11,1993-03-04,TAKE BACK RETURN,REG AIR,nstructions according to 
11681-2,11681,1236,11,2,37.00,42077.51,0.06,0.06,A,F,1992-12-29,1992-12-11,1993-01-27,TAKE BACK RETURN,RAIL,ing theodolites dazzle theodoli
11681-3,11681,10,11,3,31.00,28210.31,0.09,0.01,A,F,1993-01-26,1992-12-18,1993-02-07,NONE,AIR,asymptotes detect
11681-4,11681,1920,21,4,30.00,54657.60,0.02,0.06,A,F,1993-01-12,1992-11-24,1993-02-09,NONE,RAIL,onic excuses. bravely ironic requests integ
11681-5,11681,1997,30,5,47.00,89252.53,0.02,0.05,A,F,1993-01-27,1992-12-13,1993-01-29,COLLECT COD,TRUCK, requests wake idly unu
11682-1,11682,317,46,1,13.00,15825.03,0.06,0.06,R,F,1993-10-04,1993-08-06,1993-10-11,NONE,REG AIR,l requests cajole. slyly unusual 
11682-2,11682,689,21,2,35.00,55638.80,0.05,0.08,R,F,1993-11-01,1993-09-07,1993-11-04,TAKE BACK RETURN,RAIL, fluffily regu
11682-3,11682,1772,15,3,46.00,76993.42,0.02,0.07,R,F,1993-08-06,1993-10-03,1993-08-28,COLLECT COD,AIR,osits are carefully
11683-1,11683,1626,50,1,31.00,47356.22,0.00,0.01,R,F,1992-05-04,1992-04-01,1992-06-03,NONE,MAIL,nt ruthlessly slyly unusual excu
11683-2,11683,1794,79,2,18.00,30524.22,0.08,0.04,A,F,1992-03-15,1992-03-28,1992-03-19,NONE,TRUCK,fluffily pending foxes. carefully ironic p
11683-3,11683,1120,21,3,38.00,38802.56,0.04,0.07,A,F,1992-05-29,1992-03-17,1992-06-19,NONE,MAIL, beans sleep. furiously even requ
11683-4,11683,1988,89,4,1.00,1889.98,0.08,0.05,R,F,1992-03-17,1992-03-31,1992-03-29,DELIVER IN PERSON,FOB,. fluffily final deposits are slyl
11683-5,11683,1225,100,5,7.00,7883.54,0.09,0.02,A,F,1992-06-01,1992-03-26,1992-06-25,NONE,AIR, deposits. deposit
11683-6,11683,1717,44,6,8.00,12949.68,0.03,0.03,R,F,1992-05-27,1992-03-20,1992-06-12,NONE,SHIP,g pinto beans wake according t
11683-7,11683,1248,49,7,40.00,45969.60,0.08,0.05,A,F,1992-03-02,1992-03-11,1992-04-01,COLLECT COD,MAIL, furiously i
11684-1,11684,616,48,1,48.00,72797.28,0.03,0.02,A,F,1992-11-15,1992-10-05,1992-11-25,COLLECT COD,TRUCK,inst the final packages. sl
11684-2,11684,1913,58,2,30.00,54447.30,0.07,0.03,R,F,1992-10-10,1992-09-09,1992-10-19,TAKE BACK RETURN,TRUCK,e carefully 
11684-3,11684,1438,17,3,27.00,36164.61,0.02,0.04,R,F,1992-09-03,1992-09-15,1992-10-02,DELIVER IN PERSON,MAIL,ss pinto beans along the caref
11684-4,11684,1704,89,4,49.00,78679.30,0.08,0.05,R,F,1992-08-24,1992-09-08,1992-09-02,NONE,FOB,hely. final foxes sleep quickly?
11684-5,11684,1902,47,5,25.00,45097.50,0.01,0.01,A,F,1992-10-20,1992-10-19,1992-11-09,DELIVER IN PERSON,AIR,al waters cajole. slyly even depo
11685-1,11685,642,43,1,19.00,29310.16,0.08,0.04,N,O,1997-04-02,1997-04-22,1997-05-01,NONE,AIR,e slyly after t
11685-2,11685,1463,81,2,16.00,21831.36,0.04,0.02,N,O,1997-06-24,1997-05-28,1997-06-28,TAKE BACK RETURN,RAIL,e always ab
11685-3,11685,71,47,3,7.00,6797.49,0.06,0.07,N,O,1997-04-01,1997-04-30,1997-04-05,NONE,FOB, dinos will
11685-4,11685,364,49,4,19.00,24022.84,0.01,0.07,N,O,1997-06-13,1997-04-23,1997-07-04,COLLECT COD,FOB,long the furiously special asymptotes?
11685-5,11685,501,92,5,36.00,50454.00,0.01,0.00,N,O,1997-07-10,1997-05-26,1997-08-07,DELIVER IN PERSON,FOB,egular ideas sleep. even
11685-6,11685,1194,95,6,30.00,32855.70,0.03,0.06,N,O,1997-04-05,1997-06-13,1997-04-12,DELIVER IN PERSON,AIR,ests sleep caref
11685-7,11685,1930,31,7,50.00,91596.50,0.06,0.04,N,O,1997-04-23,1997-06-05,1997-05-20,DELIVER IN PERSON,REG AIR,eodolites above the fl
11686-1,11686,900,100,1,36.00,64832.40,0.10,0.01,A,F,1994-03-28,1994-04-04,1994-04-02,COLLECT COD,FOB,"n, pending dinos use "
11686-2,11686,498,28,2,5.00,6992.45,0.01,0.04,R,F,1994-04-18,1994-04-05,1994-05-12,TAKE BACK RETURN,SHIP,lar depths boost fu
11686-3,11686,1289,90,3,50.00,59514.00,0.04,0.01,A,F,1994-02-06,1994-03-12,1994-02-14,DELIVER IN PERSON,RAIL,de of the packages 
11686-4,11686,1401,2,4,37.00,48188.80,0.07,0.01,R,F,1994-03-09,1994-04-18,1994-04-07,DELIVER IN PERSON,MAIL,ts along t
11687-1,11687,235,17,1,23.00,26110.29,0.07,0.00,N,O,1996-02-22,1996-02-04,1996-02-28,NONE,FOB,fter the quickly regula
11687-2,11687,134,35,2,18.00,18614.34,0.10,0.07,N,O,1996-04-04,1996-02-29,1996-05-03,NONE,REG AIR, blithely even ideas was carefully around 
11687-3,11687,1628,52,3,23.00,35181.26,0.02,0.08,N,O,1996-02-28,1996-02-06,1996-03-22,DELIVER IN PERSON,RAIL,sly silent pack
11687-4,11687,1807,8,4,32.00,54681.60,0.08,0.01,N,O,1996-01-09,1996-03-08,1996-01-20,NONE,AIR,lar excuses are blithely. packages 
11687-5,11687,1879,9,5,28.00,49864.36,0.00,0.05,N,O,1996-01-05,1996-02-21,1996-01-10,TAKE BACK RETURN,TRUCK,ss pinto b
11712-1,11712,1526,27,1,19.00,27122.88,0.10,0.04,A,F,1994-06-23,1994-07-24,1994-07-01,NONE,MAIL,ully dependen
11712-2,11712,1787,30,2,36.00,60796.08,0.07,0.05,R,F,1994-05-14,1994-07-09,1994-05-15,COLLECT COD,TRUCK,nstructions. slyly
11712-3,11712,1343,82,3,26.00,32352.84,0.03,0.04,R,F,1994-08-23,1994-06-26,1994-09-22,NONE,AIR,ndencies. quickly unusual requests acco
11713-1,11713,1356,95,1,17.00,21374.95,0.10,0.08,R,F,1994-03-11,1994-02-07,1994-03-28,COLLECT COD,MAIL,e carefully express requests. 
11713-2,11713,426,27,2,33.00,43771.86,0.04,0.03,A,F,1994-03-11,1994-02-09,1994-03-21,NONE,TRUCK,"le across the regular,"
11713-3,11713,1231,32,3,46.00,52082.58,0.09,0.06,A,F,1994-04-07,1994-03-08,1994-04-08,DELIVER IN PERSON,TRUCK," according to the even,"
11713-4,11713,1848,92,4,6.00,10499.04,0.10,0.07,A,F,1994-03-19,1994-02-20,1994-04-05,COLLECT COD,REG AIR,s. furiously regular foxes haggle
11714-1,11714,1437,77,1,24.00,32122.32,0.09,0.02,A,F,1994-10-20,1994-10-27,1994-11-14,DELIVER IN PERSON,FOB,ar requests. quickly ironic asymptotes sle
11714-2,11714,942,77,2,20.00,36858.80,0.01,0.05,A,F,1994-11-20,1994-10-29,1994-11-24,DELIVER IN PERSON,FOB,blithely according to the 
11714-3,11714,1021,57,3,46.00,42412.92,0.09,0.06,A,F,1994-08-29,1994-09-13,1994-09-04,TAKE BACK RETURN,TRUCK,fluffily even pin
11714-4,11714,1161,62,4,23.00,24429.68,0.07,0.08,A,F,1994-11-11,1994-10-29,1994-12-08,DELIVER IN PERSON,AIR,efully special platelets. regular dolp
11714-5,11714,991,94,5,17.00,32163.83,0.08,0.04,R,F,1994-11-05,1994-09-05,1994-11-11,TAKE BACK RETURN,RAIL,he carefully regular theodolit
11714-6,11714,59,10,6,6.00,5754.30,0.00,0.01,A,F,1994-11-01,1994-10-27,1994-11-14,DELIVER IN PERSON,SHIP,"l, ironic requests haggle. packa"
11715-1,11715,910,11,1,7.00,12676.37,0.08,0.02,R,F,1994-10-02,1994-10-30,1994-10-22,COLLECT COD,RAIL,ggle blithely f
11715-2,11715,1947,36,2,25.00,46223.50,0.03,0.05,A,F,1994-10-18,1994-10-30,1994-10-26,TAKE BACK RETURN,TRUCK,uickly ironic requests hagg
11715-3,11715,114,93,3,2.00,2028.22,0.05,0.01,A,F,1994-12-03,1994-11-13,1994-12-19,TAKE BACK RETURN,FOB,es nag quickly about the
11715-4,11715,1579,100,4,4.00,5922.28,0.01,0.05,A,F,1995-01-04,1994-12-05,1995-01-18,DELIVER IN PERSON,REG AIR,kly final ideas are. pending packages are
11716-1,11716,1442,82,1,38.00,51050.72,0.02,0.03,A,F,1994-02-09,1993-11-28,1994-03-05,TAKE BACK RETURN,MAIL,nts cajole on the fluffily fin
11716-2,11716,1802,46,2,41.00,69855.80,0.09,0.03,R,F,1993-11-11,1993-12-31,1993-11-29,NONE,AIR,s sleep blithely. carefully r
11716-3,11716,428,58,3,48.00,63764.16,0.08,0.05,A,F,1993-11-27,1993-12-09,1993-12-07,NONE,RAIL,arefully ironic idea
11717-1,11717,1890,91,1,12.00,21502.68,0.00,0.06,N,O,1998-06-21,1998-05-11,1998-06-25,NONE,AIR, the bold deposits: furiously bold
11717-2,11717,1568,89,2,41.00,60251.96,0.08,0.08,N,O,1998-04-19,1998-05-13,1998-04-30,NONE,AIR,ial theodolites. even requests
11717-3,11717,820,54,3,11.00,18929.02,0.04,0.00,N,O,1998-05-02,1998-06-16,1998-05-07,TAKE BACK RETURN,MAIL,ve to integrate carefully regular ide
11717-4,11717,1035,41,4,38.00,35569.14,0.04,0.04,N,O,1998-03-23,1998-05-11,1998-04-06,DELIVER IN PERSON,SHIP,e the ironic depo
11717-5,11717,821,88,5,10.00,17218.20,0.07,0.06,N,O,1998-06-15,1998-05-21,1998-07-07,COLLECT COD,SHIP,ove the final sentiments: qui
11718-1,11718,766,31,1,20.00,33335.20,0.00,0.06,A,F,1995-04-12,1995-03-11,1995-05-03,COLLECT COD,MAIL,ate slyly even packag
11719-1,11719,948,49,1,21.00,38827.74,0.03,0.01,A,F,1995-04-16,1995-05-07,1995-05-02,NONE,AIR,ns unwind accounts. fl
11719-2,11719,1792,19,2,44.00,74526.76,0.06,0.00,R,F,1995-03-27,1995-03-09,1995-04-06,DELIVER IN PERSON,TRUCK,es. patterns
11719-3,11719,887,88,3,5.00,8939.40,0.10,0.06,R,F,1995-05-30,1995-03-19,1995-06-06,DELIVER IN PERSON,SHIP,ests. furiously un
11719-4,11719,976,79,4,17.00,31908.49,0.01,0.03,A,F,1995-02-20,1995-03-29,1995-03-19,COLLECT COD,SHIP,nts cajole. fluffil
11719-5,11719,1593,74,5,40.00,59783.60,0.02,0.00,A,F,1995-03-29,1995-03-09,1995-04-09,DELIVER IN PERSON,AIR, busy pinto beans ca
11719-6,11719,1976,9,6,18.00,33803.46,0.05,0.02,R,F,1995-03-09,1995-04-11,1995-03-13,TAKE BACK RETURN,SHIP,g to the carefully regula
11744-1,11744,828,29,1,28.00,48406.96,0.06,0.03,N,O,1996-09-12,1996-08-16,1996-09-23,NONE,FOB,ts. blithely bold gi
11744-2,11744,1720,21,2,42.00,68112.24,0.01,0.02,N,O,1996-08-25,1996-09-01,1996-08-29,TAKE BACK RETURN,SHIP,oggedly among the regularly final depen
11744-3,11744,1524,5,3,50.00,71276.00,0.07,0.03,N,O,1996-09-21,1996-08-25,1996-10-15,NONE,FOB,slyly before the packages. quickly unu
11745-1,11745,1245,83,1,34.00,38972.16,0.03,0.01,R,F,1992-08-03,1992-09-29,1992-08-28,NONE,AIR,are blithely accounts. regular forg
11745-2,11745,1534,55,2,35.00,50243.55,0.02,0.03,R,F,1992-09-13,1992-09-23,1992-09-19,NONE,RAIL,al pinto beans. fluffily 
11745-3,11745,1258,59,3,29.00,33618.25,0.02,0.00,A,F,1992-10-02,1992-10-14,1992-10-17,COLLECT COD,REG AIR,omise slyly above the regular plat
11745-4,11745,1524,5,4,12.00,17106.24,0.07,0.08,A,F,1992-09-17,1992-08-28,1992-09-20,COLLECT COD,TRUCK,hockey players a
11745-5,11745,339,40,5,7.00,8675.31,0.07,0.03,A,F,1992-11-16,1992-08-29,1992-11-26,COLLECT COD,TRUCK, foxes sleep
11746-1,11746,1808,9,1,22.00,37615.60,0.09,0.05,N,O,1998-05-09,1998-07-05,1998-05-12,DELIVER IN PERSON,RAIL,as sleep blithe
11746-2,11746,162,15,2,6.00,6372.96,0.04,0.06,N,O,1998-05-27,1998-06-12,1998-06-09,NONE,RAIL,ar deposits haggle
11746-3,11746,138,39,3,25.00,25953.25,0.00,0.02,N,O,1998-08-27,1998-06-08,1998-09-01,COLLECT COD,REG AIR,against the ca
11746-4,11746,1318,33,4,26.00,31702.06,0.00,0.02,N,O,1998-08-09,1998-06-30,1998-08-14,COLLECT COD,REG AIR,al sheaves. sile
11746-5,11746,171,72,5,13.00,13925.21,0.01,0.02,N,O,1998-06-16,1998-07-14,1998-07-01,DELIVER IN PERSON,RAIL,s. blithely
11746-6,11746,1143,80,6,36.00,37589.04,0.00,0.06,N,O,1998-08-16,1998-06-15,1998-08-26,COLLECT COD,REG AIR,foxes. accounts above the fur
11746-7,11746,1939,40,7,12.00,22091.16,0.06,0.07,N,O,1998-07-22,1998-06-20,1998-07-23,DELIVER IN PERSON,RAIL,final requests. even depo
11747-1,11747,993,96,1,27.00,51137.73,0.10,0.01,A,F,1993-06-25,1993-04-13,1993-07-16,COLLECT COD,TRUCK,ideas nag packages. slyly iron
11748-1,11748,1977,78,1,23.00,43216.31,0.00,0.00,A,F,1994-07-04,1994-07-30,1994-07-15,COLLECT COD,AIR,y regular ideas
11749-1,11749,765,62,1,7.00,11660.32,0.01,0.07,N,O,1998-04-11,1998-05-02,1998-04-15,COLLECT COD,SHIP, beans play blithel
11749-2,11749,1421,61,2,48.00,63476.16,0.02,0.01,N,O,1998-05-24,1998-05-11,1998-06-20,NONE,TRUCK,. even courts boost flu
11750-1,11750,1434,74,1,23.00,30714.89,0.07,0.08,N,O,1997-04-21,1997-04-21,1997-04-25,COLLECT COD,TRUCK,ss ideas nag carefully. quick
11750-2,11750,1489,7,2,21.00,29200.08,0.06,0.06,N,O,1997-06-09,1997-05-18,1997-06-19,DELIVER IN PERSON,TRUCK,special requests u
11750-3,11750,1919,52,3,31.00,56448.21,0.02,0.02,N,O,1997-06-27,1997-04-08,1997-07-09,TAKE BACK RETURN,AIR, blithely eve
11750-4,11750,1088,24,4,1.00,989.08,0.05,0.08,N,O,1997-04-02,1997-04-14,1997-04-13,DELIVER IN PERSON,SHIP,"ing notornis sleep. regular, r"
11751-1,11751,908,9,1,23.00,41604.70,0.05,0.00,N,O,1996-07-06,1996-08-19,1996-07-19,COLLECT COD,RAIL,"pecial, unusual sheaves across the iron"
11751-2,11751,712,77,2,45.00,72571.95,0.08,0.07,N,O,1996-09-05,1996-07-12,1996-09-07,DELIVER IN PERSON,SHIP,c sauternes. carefully specia
11751-3,11751,542,43,3,5.00,7212.70,0.06,0.08,N,O,1996-07-09,1996-08-10,1996-08-01,COLLECT COD,AIR,st the blithely regular d
11751-4,11751,209,10,4,29.00,32166.80,0.01,0.01,N,O,1996-06-09,1996-08-19,1996-07-05,TAKE BACK RETURN,REG AIR,wake carefully re
11776-1,11776,1809,39,1,50.00,85540.00,0.07,0.08,A,F,1992-05-26,1992-04-21,1992-05-31,NONE,AIR, of the unusual pinto beans need to 
11776-2,11776,1024,25,2,5.00,4625.10,0.10,0.02,A,F,1992-06-05,1992-03-28,1992-06-12,COLLECT COD,MAIL,. fluffily regular pack
11777-1,11777,1871,15,1,31.00,54958.97,0.05,0.08,R,F,1995-03-13,1995-03-16,1995-03-30,NONE,SHIP,s. special pearls about the re
11778-1,11778,1347,48,1,43.00,53678.62,0.04,0.05,N,O,1997-06-21,1997-05-07,1997-07-02,COLLECT COD,MAIL, packages use furiously. ironic p
11778-2,11778,1075,76,2,5.00,4880.35,0.08,0.05,N,O,1997-07-01,1997-06-20,1997-07-15,TAKE BACK RETURN,SHIP, express waters sleep furiously fina
11778-3,11778,1066,2,3,47.00,45451.82,0.05,0.02,N,O,1997-05-20,1997-06-05,1997-05-31,DELIVER IN PERSON,TRUCK, furiously after the blithely final 
11779-1,11779,1503,24,1,15.00,21067.50,0.05,0.08,R,F,1993-10-05,1993-08-06,1993-10-10,NONE,SHIP,ss the regular theodol
11779-2,11779,865,65,2,9.00,15892.74,0.00,0.03,A,F,1993-10-15,1993-09-27,1993-11-13,COLLECT COD,RAIL,theodolites wake
11779-3,11779,1710,53,3,27.00,43516.17,0.03,0.01,R,F,1993-10-25,1993-08-04,1993-11-13,COLLECT COD,RAIL,r dolphins. qu
11779-4,11779,1819,20,4,7.00,12045.67,0.06,0.03,A,F,1993-10-24,1993-09-21,1993-11-08,NONE,MAIL,gular accounts integrat
11779-5,11779,207,89,5,50.00,55360.00,0.06,0.08,R,F,1993-09-30,1993-09-10,1993-10-20,TAKE BACK RETURN,TRUCK,ons sleep blithely bold theodolites
11779-6,11779,152,5,6,32.00,33668.80,0.02,0.06,R,F,1993-08-12,1993-09-23,1993-09-11,TAKE BACK RETURN,REG AIR,oxes-- fluffily sile
11780-1,11780,395,52,1,41.00,53110.99,0.09,0.07,A,F,1993-10-21,1993-12-12,1993-10-30,TAKE BACK RETURN,SHIP,bold asymptotes are along the carefully 
11780-2,11780,1950,39,2,36.00,66670.20,0.04,0.02,A,F,1993-12-24,1993-12-11,1994-01-09,DELIVER IN PERSON,RAIL,"lar, ironic platelets. bo"
11780-3,11780,936,37,3,7.00,12858.51,0.09,0.05,R,F,1993-10-18,1993-11-28,1993-10-20,DELIVER IN PERSON,TRUCK," slyly pending, final fo"
11781-1,11781,350,79,1,37.00,46262.95,0.07,0.01,N,O,1996-06-14,1996-06-27,1996-06-20,TAKE BACK RETURN,MAIL,usual platelets. furiousl
11781-2,11781,1136,45,2,42.00,43559.46,0.07,0.05,N,O,1996-04-24,1996-06-02,1996-04-28,NONE,SHIP," even deposits. special, ironic deposit"
11781-3,11781,686,80,3,42.00,66640.56,0.10,0.03,N,O,1996-07-08,1996-07-07,1996-07-17,NONE,TRUCK, special p
11782-1,11782,1593,34,1,27.00,40353.93,0.01,0.00,A,F,1992-08-10,1992-09-05,1992-08-20,DELIVER IN PERSON,AIR,ong the special ideas. carefully sp
11782-2,11782,1362,77,2,35.00,44217.60,0.09,0.08,A,F,1992-09-14,1992-09-06,1992-09-21,TAKE BACK RETURN,FOB,mptotes. furiously final de
11782-3,11782,366,67,3,50.00,63318.00,0.10,0.07,R,F,1992-10-25,1992-10-02,1992-11-07,COLLECT COD,MAIL,ffix slyly above the slyly e
11782-4,11782,1283,84,4,17.00,20132.76,0.07,0.04,R,F,1992-11-20,1992-09-20,1992-12-20,NONE,AIR,encies. regular pinto beans 
11783-1,11783,596,57,1,3.00,4489.77,0.03,0.04,N,O,1998-06-12,1998-05-04,1998-06-21,DELIVER IN PERSON,MAIL,final excuses sleep 
11783-2,11783,1561,2,2,13.00,19013.28,0.05,0.02,N,O,1998-07-20,1998-05-23,1998-07-26,DELIVER IN PERSON,SHIP,"ickly. final, ironic requests nag iron"
11808-1,11808,608,9,1,12.00,18103.20,0.03,0.08,A,F,1992-11-15,1992-09-17,1992-11-27,TAKE BACK RETURN,RAIL,packages. furiously pendi
11808-2,11808,527,88,2,30.00,42825.60,0.06,0.04,R,F,1992-09-03,1992-10-22,1992-09-20,TAKE BACK RETURN,SHIP, dependencies are
11809-1,11809,224,79,1,22.00,24732.84,0.07,0.07,N,O,1996-07-18,1996-07-18,1996-07-19,DELIVER IN PERSON,FOB, are carefully. doggedly careful 
11809-2,11809,1232,70,2,49.00,55528.27,0.03,0.03,N,O,1996-05-03,1996-06-15,1996-05-12,COLLECT COD,FOB,uctions. slyly ironic waters breach. fu
11809-3,11809,1132,33,3,18.00,18596.34,0.08,0.03,N,O,1996-07-21,1996-07-05,1996-08-10,TAKE BACK RETURN,AIR,the platelets. slyly unusua
11809-4,11809,1327,66,4,29.00,35621.28,0.04,0.02,N,O,1996-06-04,1996-06-14,1996-06-18,NONE,MAIL, of the final accounts. furiously
11809-5,11809,1146,47,5,3.00,3141.42,0.08,0.03,N,O,1996-08-04,1996-06-23,1996-08-22,TAKE BACK RETURN,SHIP,"r, pending packages. quickly ironic account"
11809-6,11809,566,57,6,18.00,26398.08,0.02,0.01,N,O,1996-07-16,1996-06-10,1996-07-23,NONE,SHIP,"boost even, unusual "
11810-1,11810,694,95,1,47.00,74950.43,0.00,0.03,A,F,1992-08-02,1992-06-20,1992-08-22,NONE,RAIL,"ites wake quickly special, regular ins"
11811-1,11811,1056,27,1,8.00,7656.40,0.09,0.06,A,F,1993-02-07,1992-11-28,1993-02-09,COLLECT COD,RAIL,y around the deposits. ir
11812-1,11812,6,57,1,20.00,18120.00,0.05,0.00,A,F,1993-09-16,1993-08-23,1993-10-03,COLLECT COD,REG AIR,iously. pending de
11813-1,11813,1476,55,1,49.00,67496.03,0.03,0.05,A,F,1994-05-24,1994-03-21,1994-05-26,COLLECT COD,MAIL,s are carefully special packages. 
11813-2,11813,506,97,2,32.00,45008.00,0.02,0.04,A,F,1994-03-17,1994-04-27,1994-03-21,DELIVER IN PERSON,FOB,n accounts. quickly i
11813-3,11813,469,28,3,47.00,64364.62,0.02,0.07,R,F,1994-02-24,1994-04-13,1994-03-21,NONE,TRUCK,regular platelets slee
11813-4,11813,310,39,4,25.00,30257.75,0.02,0.00,R,F,1994-03-30,1994-05-07,1994-04-21,DELIVER IN PERSON,MAIL,uickly express instructions use
11814-1,11814,1152,89,1,9.00,9478.35,0.08,0.04,R,F,1993-04-25,1993-03-22,1993-04-29,TAKE BACK RETURN,RAIL,ges. furiously even excuses slee
11814-2,11814,1836,66,2,46.00,79940.18,0.09,0.03,A,F,1993-04-09,1993-03-11,1993-04-19,COLLECT COD,RAIL, accounts use around the fluffil
11814-3,11814,1156,65,3,39.00,41228.85,0.06,0.03,R,F,1993-05-12,1993-04-02,1993-06-01,NONE,TRUCK,sly: even requests ha
11814-4,11814,992,95,4,41.00,77612.59,0.04,0.00,A,F,1993-04-27,1993-03-06,1993-04-30,TAKE BACK RETURN,AIR,lyly final re
11815-1,11815,1377,16,1,38.00,48578.06,0.04,0.03,N,O,1995-10-31,1995-11-25,1995-11-06,COLLECT COD,REG AIR, beans sleep blithely. plate
11815-2,11815,404,5,2,28.00,36523.20,0.02,0.04,N,O,1995-10-22,1995-11-11,1995-10-29,TAKE BACK RETURN,AIR,"ions. regular, ruthless p"
11815-3,11815,457,45,3,37.00,50225.65,0.03,0.06,N,O,1995-10-29,1995-10-19,1995-11-05,DELIVER IN PERSON,SHIP, ironic packages use quickly. accounts n
11815-4,11815,1376,15,4,33.00,42153.21,0.02,0.06,N,O,1995-12-01,1995-10-22,1995-12-07,DELIVER IN PERSON,SHIP,ffily even packages cajole fina
11815-5,11815,1616,58,5,12.00,18211.32,0.02,0.04,N,O,1995-11-21,1995-11-19,1995-12-18,DELIVER IN PERSON,REG AIR, requests wake
11840-1,11840,414,15,1,27.00,35489.07,0.01,0.08,A,F,1994-12-02,1994-10-03,1994-12-16,DELIVER IN PERSON,TRUCK, courts serve across the furiousl
11840-2,11840,1235,47,2,13.00,14770.99,0.10,0.05,R,F,1994-12-10,1994-10-27,1994-12-19,COLLECT COD,MAIL,ss the furiously final requests. slyl
11840-3,11840,839,73,3,25.00,43495.75,0.10,0.01,A,F,1994-08-31,1994-10-08,1994-09-20,NONE,FOB, deposits. blithely even theodolites
11840-4,11840,739,72,4,37.00,60670.01,0.00,0.06,R,F,1994-09-17,1994-10-15,1994-09-30,DELIVER IN PERSON,FOB,sleep carefully regular deposits. quickly 
11840-5,11840,1872,16,5,41.00,72728.67,0.06,0.01,R,F,1994-09-14,1994-10-16,1994-10-14,NONE,MAIL,ges are. accounts
11840-6,11840,862,63,6,33.00,58174.38,0.04,0.05,A,F,1994-10-23,1994-11-12,1994-11-19,COLLECT COD,RAIL,eans. permanently even
11841-1,11841,169,70,1,22.00,23521.52,0.01,0.06,R,F,1993-07-28,1993-05-25,1993-08-21,COLLECT COD,MAIL,lithely bli
11841-2,11841,1842,43,2,26.00,45339.84,0.06,0.05,R,F,1993-05-22,1993-06-21,1993-06-02,DELIVER IN PERSON,SHIP,accounts boost slyly regular reque
11841-3,11841,225,53,3,26.00,29255.72,0.09,0.05,A,F,1993-05-21,1993-06-21,1993-06-12,COLLECT COD,TRUCK,olites use fur
11841-4,11841,841,42,4,22.00,38320.48,0.06,0.07,A,F,1993-06-30,1993-06-06,1993-07-25,DELIVER IN PERSON,FOB,ake at the requests.
11841-5,11841,1859,3,5,4.00,7043.40,0.03,0.01,A,F,1993-08-01,1993-07-08,1993-08-09,DELIVER IN PERSON,AIR,al deposits. furi
11841-6,11841,245,100,6,14.00,16033.36,0.08,0.03,A,F,1993-05-10,1993-06-18,1993-06-06,COLLECT COD,MAIL,its nag among the pending theodolite
11842-1,11842,630,24,1,17.00,26020.71,0.08,0.00,N,O,1996-07-24,1996-06-12,1996-07-27,DELIVER IN PERSON,MAIL, slyly final pinto beans cajo
11842-2,11842,101,54,2,26.00,26028.60,0.02,0.06,N,O,1996-04-13,1996-05-25,1996-04-22,TAKE BACK RETURN,AIR,ns. packages are. furiou
11842-3,11842,1915,60,3,21.00,38155.11,0.01,0.04,N,O,1996-04-14,1996-06-05,1996-04-27,NONE,AIR,requests according to the quickly final
11843-1,11843,1892,79,1,37.00,66373.93,0.02,0.02,R,F,1994-11-10,1994-08-21,1994-11-22,NONE,AIR,nts boost slyly accounts. carefully regu
11843-2,11843,368,97,2,32.00,40587.52,0.06,0.02,R,F,1994-07-26,1994-09-09,1994-08-12,NONE,FOB,furiously b
11843-3,11843,1414,54,3,50.00,65770.50,0.01,0.01,A,F,1994-07-25,1994-09-15,1994-08-02,NONE,SHIP, ideas sleep. express foxes can wake.
11843-4,11843,1197,98,4,37.00,40633.03,0.04,0.05,R,F,1994-11-01,1994-10-04,1994-11-04,TAKE BACK RETURN,AIR, deposits doze carefully furiously 
11844-1,11844,481,69,1,5.00,6907.40,0.06,0.07,N,O,1997-04-06,1997-03-27,1997-04-24,NONE,AIR,le slyly. d
11844-2,11844,43,94,2,38.00,35835.52,0.09,0.08,N,O,1997-04-03,1997-02-27,1997-04-05,TAKE BACK RETURN,AIR,"final, even id"
11844-3,11844,1967,12,3,23.00,42986.08,0.06,0.08,N,O,1997-02-04,1997-03-19,1997-02-28,TAKE BACK RETURN,RAIL,uriously. deposits 
11844-4,11844,27,28,4,1.00,927.02,0.03,0.08,N,O,1997-01-21,1997-03-13,1997-02-17,NONE,AIR,ove the requests. carefully bold requests 
11845-1,11845,1523,4,1,5.00,7122.60,0.10,0.05,N,O,1997-05-29,1997-06-18,1997-06-03,NONE,MAIL,refully even requests. regular
11845-2,11845,643,6,2,30.00,46309.20,0.04,0.01,N,O,1997-07-18,1997-05-17,1997-08-07,COLLECT COD,REG AIR, warhorses affix alongside of the c
11845-3,11845,117,18,3,48.00,48821.28,0.05,0.08,N,O,1997-05-21,1997-06-25,1997-06-13,DELIVER IN PERSON,REG AIR,sleep. courts caj
11845-4,11845,1882,26,4,13.00,23190.44,0.03,0.05,N,O,1997-06-14,1997-05-26,1997-07-05,TAKE BACK RETURN,TRUCK,urts. furiously regular requests x-ray. p
11846-1,11846,1426,44,1,15.00,19911.30,0.04,0.03,A,F,1993-07-01,1993-07-06,1993-07-10,COLLECT COD,REG AIR,uests wake even orbits-
11846-2,11846,859,59,2,17.00,29917.45,0.10,0.02,A,F,1993-07-22,1993-06-29,1993-08-08,TAKE BACK RETURN,SHIP,anent asymptotes. foxes enga
11846-3,11846,1429,8,3,2.00,2660.84,0.04,0.00,R,F,1993-05-22,1993-07-16,1993-06-01,NONE,TRUCK,ronic accounts u
11846-4,11846,1756,83,4,1.00,1657.75,0.10,0.08,A,F,1993-07-01,1993-06-23,1993-07-06,COLLECT COD,RAIL,s solve carefully alongside
11847-1,11847,1109,18,1,19.00,19191.90,0.05,0.07,N,O,1997-11-10,1997-11-02,1997-12-06,COLLECT COD,FOB,"ts. ironic, silent packages ag"
11847-2,11847,177,4,2,14.00,15080.38,0.02,0.00,N,O,1997-12-20,1997-12-02,1998-01-08,TAKE BACK RETURN,MAIL,lets near the furiously 
11847-3,11847,333,34,3,10.00,12333.30,0.08,0.00,N,O,1997-10-31,1997-11-23,1997-11-30,TAKE BACK RETURN,FOB, blithely spe
11847-4,11847,1669,11,4,5.00,7853.30,0.04,0.05,N,O,1997-12-31,1997-12-25,1998-01-14,NONE,MAIL,"es. express, ironic pinto beans detect"
11847-5,11847,491,92,5,4.00,5565.96,0.10,0.05,N,O,1997-10-14,1997-11-23,1997-11-04,NONE,MAIL,ual ideas nag furiou
11847-6,11847,494,95,6,26.00,36256.74,0.07,0.06,N,O,1997-12-15,1997-11-07,1997-12-23,TAKE BACK RETURN,AIR,uests integrate after the silently bold
11872-1,11872,975,44,1,43.00,80666.71,0.07,0.01,A,F,1994-10-29,1994-10-07,1994-11-17,COLLECT COD,MAIL,ole slyly; 
11873-1,11873,697,60,1,14.00,22367.66,0.07,0.01,N,O,1996-06-23,1996-07-05,1996-07-20,COLLECT COD,FOB,"rate since the bold, even deposits."
11874-1,11874,1335,74,1,50.00,61816.50,0.09,0.00,R,F,1992-12-02,1992-10-10,1992-12-15,COLLECT COD,REG AIR,"ts against the unusual, bo"
11874-2,11874,1062,98,2,20.00,19261.20,0.03,0.05,A,F,1992-12-17,1992-10-29,1992-12-19,NONE,FOB,y regular accounts. blithely ruthless th
11874-3,11874,100,26,3,29.00,29002.90,0.02,0.07,R,F,1992-11-11,1992-11-05,1992-11-17,COLLECT COD,TRUCK,n braids. furiously thin fre
11874-4,11874,1070,6,4,15.00,14566.05,0.05,0.08,R,F,1992-10-24,1992-10-22,1992-11-22,COLLECT COD,RAIL,"ic deposits. final, iro"
11874-5,11874,492,51,5,44.00,61269.56,0.02,0.00,A,F,1992-12-19,1992-10-28,1993-01-01,DELIVER IN PERSON,TRUCK,fluffily across the blithely ironic pac
11874-6,11874,453,54,6,9.00,12181.05,0.10,0.03,A,F,1992-10-12,1992-12-02,1992-10-31,COLLECT COD,REG AIR,l deposits a
11874-7,11874,1071,77,7,32.00,31106.24,0.08,0.01,R,F,1992-12-25,1992-12-07,1993-01-15,DELIVER IN PERSON,RAIL,ecial grouc
11875-1,11875,683,77,1,40.00,63347.20,0.04,0.05,R,F,1992-11-11,1992-10-27,1992-12-03,COLLECT COD,MAIL,furiously silent t
11875-2,11875,225,80,2,30.00,33756.60,0.05,0.03,R,F,1992-09-08,1992-10-23,1992-10-08,TAKE BACK RETURN,RAIL,kly regular reque
11875-3,11875,711,12,3,1.00,1611.71,0.01,0.07,A,F,1992-10-06,1992-10-05,1992-10-09,COLLECT COD,RAIL,use alongside of the regular 
11876-1,11876,273,55,1,14.00,16425.78,0.05,0.06,N,O,1995-09-25,1995-08-10,1995-10-04,NONE,FOB,lar theodolites. furiously pending dep
11876-2,11876,77,3,2,3.00,2931.21,0.00,0.06,N,O,1995-09-07,1995-08-06,1995-09-23,DELIVER IN PERSON,REG AIR,o beans. pinto beans try 
11876-3,11876,835,35,3,8.00,13886.64,0.01,0.04,N,O,1995-10-20,1995-09-23,1995-10-27,COLLECT COD,MAIL,he regular pinto beans was along the bli
11876-4,11876,1024,25,4,34.00,31450.68,0.09,0.07,N,O,1995-10-29,1995-09-21,1995-11-17,NONE,FOB,elets. even pinto beans sle
11876-5,11876,1598,19,5,2.00,2999.18,0.00,0.07,N,O,1995-10-12,1995-09-19,1995-11-04,DELIVER IN PERSON,AIR,ic ideas haggle fluffily unusual acc
11876-6,11876,1725,52,6,43.00,69948.96,0.10,0.00,N,O,1995-10-09,1995-08-04,1995-10-12,DELIVER IN PERSON,AIR,counts are carefully carefully final
11877-1,11877,900,34,1,4.00,7203.60,0.10,0.01,R,F,1993-06-19,1993-07-08,1993-07-18,COLLECT COD,TRUCK,usual excu
11877-2,11877,1643,26,2,4.00,6178.56,0.00,0.03,R,F,1993-06-12,1993-08-11,1993-06-17,DELIVER IN PERSON,SHIP,requests haggle quietly regular ideas. sly
11877-3,11877,1755,40,3,50.00,82837.50,0.07,0.07,R,F,1993-08-31,1993-07-01,1993-09-23,TAKE BACK RETURN,MAIL,e carefully. quic
11877-4,11877,76,77,4,22.00,21473.54,0.03,0.00,A,F,1993-05-29,1993-07-24,1993-06-09,TAKE BACK RETURN,FOB, even foxes should ar
11877-5,11877,1343,44,5,5.00,6221.70,0.04,0.04,R,F,1993-09-03,1993-08-01,1993-09-19,COLLECT COD,MAIL,"y pending courts cajole unusual, regular p"
11878-1,11878,1342,19,1,50.00,62167.00,0.06,0.00,A,F,1993-05-26,1993-05-22,1993-06-14,TAKE BACK RETURN,AIR,counts nag slyly c
11878-2,11878,311,96,2,29.00,35127.99,0.08,0.04,R,F,1993-03-29,1993-03-31,1993-04-04,COLLECT COD,REG AIR,iously furiously express accounts
11879-1,11879,684,78,1,41.00,64971.88,0.04,0.07,A,F,1993-07-26,1993-09-10,1993-08-20,TAKE BACK RETURN,TRUCK, to the silent requests nag carefully f
11879-2,11879,1711,38,2,14.00,22577.94,0.03,0.06,A,F,1993-10-05,1993-08-24,1993-10-29,COLLECT COD,AIR,ual packages haggle. furiously final ex
11879-3,11879,498,57,3,31.00,43353.19,0.06,0.05,R,F,1993-07-13,1993-09-13,1993-08-03,COLLECT COD,MAIL, ideas. furiously final platelets nag b
11879-4,11879,1091,62,4,32.00,31746.88,0.02,0.03,R,F,1993-09-09,1993-09-02,1993-09-14,TAKE BACK RETURN,FOB,". special, ir"
11879-5,11879,6,32,5,22.00,19932.00,0.02,0.04,R,F,1993-10-13,1993-09-15,1993-10-24,DELIVER IN PERSON,TRUCK,efully fluffily bold packages.
11904-1,11904,170,71,1,45.00,48157.65,0.08,0.06,N,O,1998-01-29,1998-02-07,1998-02-06,DELIVER IN PERSON,MAIL, foxes cajole blithely final accou
11904-2,11904,1652,76,2,27.00,41948.55,0.00,0.02,N,O,1997-12-09,1998-01-28,1998-01-08,DELIVER IN PERSON,FOB, quickly against the regular instructions.
11904-3,11904,1213,51,3,3.00,3342.63,0.08,0.07,N,O,1998-03-21,1998-01-08,1998-04-09,COLLECT COD,SHIP,theodolites. blithely express deposits am
11904-4,11904,1878,65,4,27.00,48056.49,0.06,0.03,N,O,1998-03-18,1998-02-17,1998-03-21,COLLECT COD,MAIL, fluffily speci
11904-5,11904,497,56,5,28.00,39129.72,0.02,0.07,N,O,1998-02-09,1998-01-02,1998-02-26,TAKE BACK RETURN,RAIL,rash. ironic packages detect ironical
11904-6,11904,870,4,6,21.00,37188.27,0.07,0.02,N,O,1998-03-31,1998-02-01,1998-04-28,COLLECT COD,REG AIR,nal packages. slyly eve
11904-7,11904,1553,94,7,44.00,64000.20,0.08,0.08,N,O,1998-01-15,1998-02-11,1998-01-19,NONE,AIR,across the slyly pending requests. 
11905-1,11905,1227,65,1,27.00,30461.94,0.05,0.01,N,O,1997-08-19,1997-08-11,1997-09-17,NONE,TRUCK,gle furiously. bold foxes 
11905-2,11905,391,76,2,18.00,23245.02,0.01,0.00,N,O,1997-08-30,1997-09-13,1997-09-08,TAKE BACK RETURN,MAIL,ironic pinto beans cajo
11905-3,11905,1168,5,3,43.00,45973.88,0.05,0.08,N,O,1997-10-06,1997-08-04,1997-10-22,COLLECT COD,MAIL,sly pending asymptotes breach against
11905-4,11905,308,93,4,2.00,2416.60,0.04,0.03,N,O,1997-08-28,1997-09-05,1997-09-25,DELIVER IN PERSON,SHIP,hinly accordi
11906-1,11906,56,32,1,41.00,39198.05,0.07,0.07,N,O,1997-01-08,1997-01-21,1997-01-17,DELIVER IN PERSON,SHIP,rts. notornis wake slyly. slyly regu
11906-2,11906,913,82,2,39.00,70742.49,0.03,0.03,N,O,1996-12-21,1997-02-28,1997-01-11,TAKE BACK RETURN,REG AIR,r packages nag carefully ac
11906-3,11906,1280,55,3,35.00,41344.80,0.09,0.00,N,O,1997-01-14,1997-02-08,1997-01-24,TAKE BACK RETURN,TRUCK,ully regular pinto bean
11906-4,11906,1601,84,4,45.00,67617.00,0.10,0.00,N,O,1997-02-14,1997-02-21,1997-02-21,DELIVER IN PERSON,MAIL, hang slyly alongside o
11906-5,11906,421,22,5,33.00,43606.86,0.01,0.02,N,O,1997-03-10,1997-02-12,1997-04-09,COLLECT COD,MAIL,al deposits engage
11906-6,11906,987,56,6,39.00,73631.22,0.04,0.03,N,O,1997-01-07,1997-02-09,1997-01-12,NONE,RAIL,ithely bold r
11907-1,11907,1267,5,1,26.00,30374.76,0.02,0.07,A,F,1993-12-11,1993-11-09,1993-12-28,DELIVER IN PERSON,TRUCK,into beans haggle furious
11907-2,11907,1101,74,2,35.00,35073.50,0.10,0.01,R,F,1993-10-23,1993-10-01,1993-11-01,COLLECT COD,MAIL, thrash fluffily 
11907-3,11907,195,48,3,32.00,35046.08,0.03,0.08,R,F,1993-12-18,1993-10-16,1993-12-19,COLLECT COD,REG AIR,"nts nag carefully. ironic, final excuses "
11907-4,11907,1302,79,4,24.00,28879.20,0.08,0.03,A,F,1993-09-03,1993-11-02,1993-09-05,DELIVER IN PERSON,REG AIR,s. carefully ironic dolphins nag 
11908-1,11908,876,10,1,29.00,51529.23,0.03,0.05,R,F,1993-07-02,1993-08-12,1993-07-27,NONE,REG AIR,fully final ideas. blithely specia
11908-2,11908,755,52,2,13.00,21524.75,0.08,0.02,A,F,1993-08-31,1993-08-19,1993-09-19,NONE,FOB,final deposits across the requests believe 
11908-3,11908,680,43,3,30.00,47420.40,0.02,0.00,A,F,1993-06-19,1993-07-18,1993-06-26,TAKE BACK RETURN,REG AIR,ged excuses wake between the ca
11908-4,11908,1962,95,4,3.00,5591.88,0.06,0.07,R,F,1993-06-10,1993-08-13,1993-06-18,NONE,REG AIR,kages. carefully bold pinto beans cajol
11908-5,11908,1720,21,5,12.00,19460.64,0.10,0.08,R,F,1993-07-22,1993-07-01,1993-08-21,NONE,MAIL,n pinto bean
11908-6,11908,1210,22,6,35.00,38892.35,0.08,0.02,A,F,1993-08-22,1993-07-15,1993-09-17,DELIVER IN PERSON,TRUCK,arefully regular
11909-1,11909,1593,14,1,8.00,11956.72,0.07,0.00,R,F,1995-03-01,1995-01-15,1995-03-16,DELIVER IN PERSON,SHIP, regular packages wake slyly across the
11909-2,11909,796,29,2,20.00,33935.80,0.07,0.05,A,F,1995-02-10,1995-01-17,1995-02-21,COLLECT COD,FOB,final somas. pinto beans 
11909-3,11909,1899,43,3,4.00,7203.56,0.01,0.03,R,F,1994-12-08,1995-02-12,1994-12-12,NONE,AIR,ual deposits against the
11910-1,11910,969,38,1,16.00,29919.36,0.10,0.06,N,O,1995-08-07,1995-09-05,1995-08-27,NONE,AIR,onic deposits. fluffily ironic package
11910-2,11910,1447,26,2,11.00,14832.84,0.05,0.05,N,O,1995-07-20,1995-08-09,1995-07-28,NONE,TRUCK,al accounts run furiously abo
11910-3,11910,851,85,3,28.00,49051.80,0.06,0.08,N,O,1995-09-19,1995-08-25,1995-10-16,NONE,FOB,"nt, final theodolite"
11910-4,11910,1996,85,4,5.00,9489.95,0.05,0.02,N,O,1995-08-14,1995-08-23,1995-08-24,DELIVER IN PERSON,TRUCK, express platelets wake blithely. fluff
11911-1,11911,568,99,1,33.00,48462.48,0.02,0.02,R,F,1994-03-11,1994-02-04,1994-04-01,DELIVER IN PERSON,TRUCK,ress accounts shall have to are fluffily 
11911-2,11911,1594,35,2,47.00,70292.73,0.05,0.05,R,F,1994-02-19,1994-01-04,1994-03-12,NONE,SHIP,ccording to th
11911-3,11911,706,7,3,16.00,25707.20,0.05,0.08,A,F,1994-01-03,1994-01-27,1994-01-07,NONE,REG AIR,furiously. 
11911-4,11911,1084,55,4,43.00,42358.44,0.06,0.06,A,F,1994-01-03,1994-01-25,1994-01-18,DELIVER IN PERSON,AIR,"egular theodolites. ironic, regu"
11911-5,11911,483,42,5,25.00,34587.00,0.07,0.00,R,F,1993-11-21,1993-12-13,1993-12-04,NONE,TRUCK,ggle idly above the packages. 
11936-1,11936,988,57,1,13.00,24556.74,0.10,0.03,N,O,1995-11-10,1995-11-04,1995-12-06,COLLECT COD,TRUCK,ly ironic dep
11936-2,11936,849,50,2,5.00,8749.20,0.08,0.06,N,O,1996-01-05,1995-10-25,1996-01-22,DELIVER IN PERSON,AIR,he quickly final asymptotes. slyly
11936-3,11936,718,83,3,21.00,33992.91,0.03,0.07,N,O,1995-10-16,1995-10-31,1995-11-08,COLLECT COD,REG AIR,s. regular pinto beans
11936-4,11936,342,99,4,5.00,6211.70,0.05,0.04,N,O,1995-10-22,1995-11-22,1995-11-17,DELIVER IN PERSON,MAIL,kages sleep blithely
11936-5,11936,201,56,5,33.00,36339.60,0.10,0.01,N,O,1995-10-05,1995-12-01,1995-10-16,COLLECT COD,REG AIR,sits sleep carefully. b
11936-6,11936,524,25,6,42.00,59829.84,0.02,0.06,N,O,1995-11-28,1995-11-19,1995-12-16,COLLECT COD,RAIL,ly final r
11937-1,11937,1238,39,1,6.00,6835.38,0.07,0.00,N,O,1998-10-24,1998-09-19,1998-11-08,COLLECT COD,TRUCK,onic accounts cajole even theodo
11937-2,11937,293,94,2,21.00,25059.09,0.03,0.04,N,O,1998-08-26,1998-09-17,1998-09-21,NONE,FOB, haggle carefully about the ideas. slyly re
11937-3,11937,421,51,3,10.00,13214.20,0.05,0.04,N,O,1998-10-07,1998-08-06,1998-11-06,COLLECT COD,AIR,ding excuses u
11937-4,11937,235,63,4,32.00,36327.36,0.09,0.07,N,O,1998-08-18,1998-09-06,1998-08-30,DELIVER IN PERSON,AIR,ages use blithely
11937-5,11937,486,87,5,19.00,26343.12,0.10,0.03,N,O,1998-08-04,1998-09-22,1998-08-08,DELIVER IN PERSON,RAIL,ons wake careful
11937-6,11937,730,31,6,18.00,29353.14,0.00,0.00,N,O,1998-07-26,1998-09-06,1998-07-30,NONE,FOB, regular deposits cajole regular pl
11937-7,11937,632,26,7,18.00,27587.34,0.08,0.01,N,O,1998-09-22,1998-08-30,1998-10-15,NONE,REG AIR,packages integrate a
11938-1,11938,1101,74,1,40.00,40084.00,0.01,0.05,N,O,1998-08-22,1998-10-18,1998-08-28,COLLECT COD,TRUCK,"sits are carefully along the regular, fi"
11938-2,11938,646,78,2,48.00,74238.72,0.09,0.07,N,O,1998-08-25,1998-10-23,1998-09-02,TAKE BACK RETURN,AIR,s. slowly regular
11938-3,11938,123,24,3,19.00,19439.28,0.06,0.03,N,O,1998-10-29,1998-08-29,1998-11-14,NONE,MAIL,ular depos
11938-4,11938,9,10,4,33.00,29997.00,0.08,0.03,N,O,1998-11-14,1998-09-22,1998-11-20,COLLECT COD,REG AIR,ymptotes wake fluffily slyly re
11939-1,11939,415,74,1,46.00,60508.86,0.03,0.01,N,O,1996-12-12,1996-11-14,1996-12-14,TAKE BACK RETURN,FOB, daringly even dugouts. regula
11939-2,11939,309,94,2,22.00,26604.60,0.07,0.03,N,O,1996-12-11,1996-12-23,1996-12-30,DELIVER IN PERSON,REG AIR,r accounts cajole
11940-1,11940,734,31,1,9.00,14712.57,0.01,0.08,N,O,1998-07-16,1998-08-04,1998-08-12,COLLECT COD,TRUCK,ly ironic pin
11940-2,11940,1304,81,2,11.00,13258.30,0.09,0.00,N,O,1998-08-29,1998-08-14,1998-09-27,NONE,SHIP, wake. even requests 
11940-3,11940,1144,17,3,42.00,43895.88,0.00,0.00,N,O,1998-07-14,1998-07-04,1998-07-26,TAKE BACK RETURN,FOB,cies hang blithely about the slyly final in
11940-4,11940,1701,28,4,7.00,11218.90,0.02,0.03,N,O,1998-09-15,1998-08-19,1998-10-10,NONE,TRUCK,ronic accounts. even pac
11940-5,11940,336,93,5,20.00,24726.60,0.04,0.04,N,O,1998-06-10,1998-08-25,1998-06-21,NONE,TRUCK,arefully r
11940-6,11940,1265,40,6,36.00,41985.36,0.00,0.00,N,O,1998-08-30,1998-07-06,1998-09-09,TAKE BACK RETURN,REG AIR, ironic pl
11941-1,11941,451,81,1,11.00,14865.95,0.00,0.05,A,F,1993-07-16,1993-08-01,1993-07-19,NONE,SHIP,refully ironic ideas according to t
11941-2,11941,204,32,2,33.00,36438.60,0.07,0.07,A,F,1993-10-21,1993-08-09,1993-10-26,DELIVER IN PERSON,SHIP,ts cajole sometimes. final pint
11941-3,11941,150,51,3,34.00,35705.10,0.08,0.02,A,F,1993-09-23,1993-08-06,1993-09-26,TAKE BACK RETURN,RAIL,es may serve around the carefully bold
11941-4,11941,1256,31,4,36.00,41661.00,0.02,0.03,A,F,1993-07-03,1993-07-31,1993-07-21,TAKE BACK RETURN,TRUCK,slyly final 
11941-5,11941,1369,70,5,20.00,25407.20,0.05,0.00,A,F,1993-08-15,1993-08-04,1993-08-18,NONE,AIR,ong the bold accounts. silent foxes 
11941-6,11941,1178,79,6,5.00,5395.85,0.00,0.08,A,F,1993-08-29,1993-09-08,1993-09-06,NONE,SHIP, bold depo
11942-1,11942,1258,59,1,36.00,41733.00,0.01,0.06,A,F,1994-07-04,1994-07-23,1994-07-25,COLLECT COD,REG AIR,osely even theodolites haggle across th
11943-1,11943,1022,93,1,46.00,42458.92,0.07,0.00,R,F,1993-06-08,1993-06-01,1993-06-15,COLLECT COD,SHIP,"ular, regular instructions haggl"
11943-2,11943,100,1,2,40.00,40004.00,0.10,0.04,A,F,1993-04-15,1993-06-18,1993-04-30,NONE,FOB,xpress pinto beans are along the slyly
11943-3,11943,318,19,3,50.00,60915.50,0.00,0.02,R,F,1993-07-23,1993-06-27,1993-07-24,NONE,RAIL,nag. regular packages are furiously 
11943-4,11943,924,27,4,33.00,60222.36,0.09,0.04,A,F,1993-06-24,1993-05-21,1993-07-01,TAKE BACK RETURN,AIR,long the blithely iro
11943-5,11943,1940,41,5,9.00,16577.46,0.04,0.02,R,F,1993-08-06,1993-06-25,1993-08-15,TAKE BACK RETURN,REG AIR,ing ideas haggle against t
11943-6,11943,1503,84,6,17.00,23876.50,0.03,0.01,R,F,1993-07-23,1993-06-22,1993-08-13,TAKE BACK RETURN,AIR,cial theodolites wa
11968-1,11968,453,12,1,15.00,20301.75,0.06,0.02,A,F,1995-05-19,1995-05-02,1995-06-16,TAKE BACK RETURN,RAIL,"ng forges. pending, ironic "
11968-2,11968,144,45,2,25.00,26103.50,0.10,0.02,N,F,1995-05-26,1995-06-13,1995-06-22,COLLECT COD,SHIP,s in place of the quickly final de
11969-1,11969,300,82,1,10.00,12003.00,0.10,0.04,R,F,1992-01-30,1992-03-01,1992-02-01,COLLECT COD,TRUCK,refully qu
11969-2,11969,1260,98,2,38.00,44127.88,0.09,0.05,A,F,1992-01-29,1992-03-26,1992-02-10,DELIVER IN PERSON,AIR,t the courts. furiously reg
11969-3,11969,955,90,3,37.00,68670.15,0.04,0.05,R,F,1992-04-24,1992-03-24,1992-04-29,COLLECT COD,FOB,uests grow across the r
11969-4,11969,1016,22,4,4.00,3668.04,0.04,0.05,A,F,1992-02-15,1992-03-27,1992-02-16,COLLECT COD,REG AIR, even deposits cajole daringly blithel
11969-5,11969,1241,42,5,43.00,49116.32,0.02,0.04,R,F,1992-02-12,1992-04-16,1992-02-21,TAKE BACK RETURN,AIR,arefully special ins
11969-6,11969,823,90,6,30.00,51714.60,0.06,0.07,R,F,1992-04-23,1992-02-19,1992-05-14,COLLECT COD,REG AIR,arefully unusual accounts are
11969-7,11969,1111,84,7,44.00,44532.84,0.08,0.04,A,F,1992-04-21,1992-03-14,1992-04-24,DELIVER IN PERSON,REG AIR,furiously ironic courts. slyly final ideas 
11970-1,11970,1777,78,1,18.00,30217.86,0.06,0.00,N,O,1998-06-03,1998-08-20,1998-06-15,DELIVER IN PERSON,SHIP, fluffily by the packages. slyly regul
11970-2,11970,983,52,2,28.00,52751.44,0.09,0.04,N,O,1998-08-20,1998-07-30,1998-09-08,TAKE BACK RETURN,MAIL,bold foxes snooze blithely.
11970-3,11970,199,78,3,17.00,18686.23,0.02,0.07,N,O,1998-09-05,1998-07-11,1998-09-22,COLLECT COD,MAIL,ly pending dependencies cajole slyly. ca
11970-4,11970,1801,2,4,21.00,35758.80,0.01,0.00,N,O,1998-06-12,1998-07-06,1998-06-15,TAKE BACK RETURN,AIR, sleep fluffily after the s
11970-5,11970,1366,81,5,48.00,60833.28,0.00,0.05,N,O,1998-07-28,1998-07-21,1998-08-18,COLLECT COD,REG AIR,counts hinder permanently accor
11970-6,11970,463,22,6,41.00,55901.86,0.03,0.08,N,O,1998-06-04,1998-07-13,1998-06-08,TAKE BACK RETURN,FOB,packages w
11971-1,11971,1167,68,1,5.00,5340.80,0.03,0.08,N,O,1997-04-12,1997-05-15,1997-05-05,NONE,MAIL,ffily. slyly final ideas boo
11971-2,11971,94,20,2,5.00,4970.45,0.08,0.05,N,O,1997-04-01,1997-06-04,1997-04-23,COLLECT COD,FOB,"counts. close, si"
11971-3,11971,909,44,3,36.00,65156.40,0.05,0.00,N,O,1997-05-05,1997-06-10,1997-05-27,DELIVER IN PERSON,FOB,furiously. slyly regular accounts are fur
11971-4,11971,447,48,4,34.00,45812.96,0.00,0.03,N,O,1997-04-03,1997-05-16,1997-05-01,TAKE BACK RETURN,MAIL, to the carefully pending theodolit
11972-1,11972,1931,32,1,10.00,18329.30,0.02,0.03,R,F,1994-03-13,1994-02-22,1994-04-08,DELIVER IN PERSON,REG AIR,uriously special pi
11972-2,11972,1413,14,2,38.00,49947.58,0.02,0.02,R,F,1994-03-24,1994-02-23,1994-04-19,DELIVER IN PERSON,RAIL,fluffily even pinto beans ar
11972-3,11972,172,99,3,38.00,40742.46,0.02,0.00,A,F,1994-03-26,1994-02-07,1994-04-05,COLLECT COD,REG AIR,pending dolph
11972-4,11972,1798,25,4,20.00,33995.80,0.02,0.01,A,F,1994-02-10,1994-02-03,1994-03-04,DELIVER IN PERSON,FOB,ely. slyly final instructions 
11972-5,11972,206,7,5,5.00,5531.00,0.01,0.03,A,F,1994-03-15,1994-03-19,1994-04-11,DELIVER IN PERSON,REG AIR,ecial ideas wake 
11973-1,11973,184,85,1,2.00,2168.36,0.10,0.07,R,F,1994-04-05,1994-04-21,1994-05-04,NONE,FOB,leep quickly quickly regular acco
11973-2,11973,966,69,2,45.00,84013.20,0.05,0.02,R,F,1994-06-16,1994-05-28,1994-06-26,TAKE BACK RETURN,REG AIR, across the s
11973-3,11973,1389,4,3,15.00,19355.70,0.08,0.07,A,F,1994-03-05,1994-04-06,1994-03-07,NONE,TRUCK,efully regular dugo
11973-4,11973,134,87,4,11.00,11375.43,0.09,0.06,A,F,1994-04-23,1994-04-04,1994-05-20,DELIVER IN PERSON,SHIP,regular deposit
11973-5,11973,59,35,5,1.00,959.05,0.05,0.01,R,F,1994-03-31,1994-04-08,1994-04-11,NONE,RAIL,en hockey players. quickly e
11973-6,11973,1599,40,6,30.00,45017.70,0.08,0.07,R,F,1994-04-27,1994-04-04,1994-05-16,COLLECT COD,SHIP,eep doggedly. s
11974-1,11974,769,66,1,42.00,70129.92,0.07,0.06,R,F,1992-10-24,1992-12-28,1992-11-08,DELIVER IN PERSON,RAIL,sleep stealthily ab
11974-2,11974,782,83,2,12.00,20193.36,0.10,0.05,R,F,1992-10-18,1993-01-02,1992-10-28,DELIVER IN PERSON,MAIL,. carefully
11975-1,11975,1736,63,1,23.00,37667.79,0.07,0.05,N,O,1995-06-18,1995-07-03,1995-06-30,COLLECT COD,TRUCK,deposits haggle care
11975-2,11975,674,75,2,19.00,29918.73,0.10,0.01,N,O,1995-07-01,1995-06-17,1995-07-17,NONE,FOB,s according to the furio
11975-3,11975,713,14,3,40.00,64548.40,0.02,0.00,N,O,1995-07-23,1995-06-15,1995-08-02,NONE,SHIP,ss the closely sly 
11975-4,11975,667,99,4,34.00,53300.44,0.06,0.03,N,O,1995-06-22,1995-05-24,1995-06-26,NONE,MAIL,al packages. foxes nag carefull
11975-5,11975,1730,73,5,32.00,52215.36,0.04,0.03,N,O,1995-08-09,1995-05-25,1995-08-11,NONE,FOB,ly bold accounts. furiously e
12000-1,12000,1295,70,1,33.00,39477.57,0.03,0.03,R,F,1994-09-10,1994-08-01,1994-10-04,DELIVER IN PERSON,MAIL,ounts wake careful
12000-2,12000,644,76,2,6.00,9267.84,0.09,0.01,A,F,1994-06-15,1994-06-17,1994-07-12,COLLECT COD,MAIL,y unusual acco
12000-3,12000,780,13,3,9.00,15127.02,0.03,0.05,R,F,1994-09-05,1994-07-22,1994-09-26,TAKE BACK RETURN,AIR,ons wake fluffily. 
12000-4,12000,1969,2,4,13.00,24322.48,0.00,0.06,R,F,1994-06-09,1994-08-08,1994-06-13,COLLECT COD,RAIL,s. carefully express deposi
12001-1,12001,1958,3,1,8.00,14879.60,0.01,0.01,R,F,1994-07-18,1994-09-30,1994-08-03,TAKE BACK RETURN,SHIP,ronic waters. unusual deposits 
12001-2,12001,459,18,2,23.00,31267.35,0.04,0.05,R,F,1994-08-11,1994-10-05,1994-08-30,NONE,FOB, express instructions haggle careful
12001-3,12001,907,10,3,11.00,19886.90,0.05,0.04,R,F,1994-07-17,1994-09-25,1994-08-12,TAKE BACK RETURN,TRUCK,symptotes. qui
12001-4,12001,1719,20,4,46.00,74552.66,0.09,0.07,R,F,1994-09-19,1994-08-10,1994-10-12,NONE,SHIP,ithely unusual acco
12002-1,12002,1968,57,1,44.00,82278.24,0.07,0.04,R,F,1994-03-28,1994-02-10,1994-03-30,COLLECT COD,REG AIR,ding ideas maintain final foxes-- expres
12003-1,12003,1720,21,1,10.00,16217.20,0.06,0.07,N,O,1998-07-06,1998-08-10,1998-07-27,COLLECT COD,REG AIR,n asymptot
12004-1,12004,649,81,1,47.00,72833.08,0.04,0.07,R,F,1995-02-10,1995-01-30,1995-02-11,COLLECT COD,SHIP,ag at the blithely busy inst
12005-1,12005,342,43,1,13.00,16150.42,0.03,0.02,R,F,1992-07-09,1992-07-31,1992-08-05,TAKE BACK RETURN,AIR,ly ruthlessly ironic dependencies. 
12005-2,12005,1634,17,2,26.00,39926.38,0.10,0.01,R,F,1992-08-03,1992-08-10,1992-08-29,TAKE BACK RETURN,MAIL,as. final courts 
12005-3,12005,925,94,3,25.00,45648.00,0.06,0.07,R,F,1992-09-21,1992-08-17,1992-10-01,NONE,REG AIR,"eposits boost. unusual, express accounts "
12005-4,12005,1252,53,4,2.00,2306.50,0.09,0.00,A,F,1992-08-18,1992-08-05,1992-09-10,TAKE BACK RETURN,AIR,nal dependencies wake slyly
12005-5,12005,1351,28,5,41.00,51346.35,0.06,0.01,R,F,1992-07-19,1992-08-20,1992-08-14,NONE,FOB, foxes wake. deposits boost abov
12005-6,12005,674,6,6,40.00,62986.80,0.09,0.07,R,F,1992-07-29,1992-09-22,1992-08-20,COLLECT COD,AIR,y across the blithely pending ideas. 
12005-7,12005,1,77,7,46.00,41446.00,0.05,0.03,R,F,1992-07-01,1992-08-15,1992-07-18,TAKE BACK RETURN,AIR,en instructions will maintain accordi
12006-1,12006,1011,17,1,37.00,33744.37,0.01,0.04,N,O,1997-06-20,1997-08-31,1997-07-05,TAKE BACK RETURN,AIR,riously iro
12006-2,12006,65,66,2,32.00,30881.92,0.00,0.05,N,O,1997-09-21,1997-07-05,1997-10-17,NONE,FOB,ld accounts. furiously bold depos
12006-3,12006,920,23,3,18.00,32776.56,0.04,0.02,N,O,1997-09-02,1997-07-25,1997-09-03,COLLECT COD,REG AIR, are fluffily after the fluffil
12006-4,12006,14,15,4,19.00,17366.19,0.02,0.05,N,O,1997-08-08,1997-07-24,1997-09-06,COLLECT COD,REG AIR,ounts. slyly regular asymptotes nag fluffi
12006-5,12006,935,38,5,7.00,12851.51,0.08,0.01,N,O,1997-08-04,1997-08-06,1997-08-10,TAKE BACK RETURN,REG AIR,ly fluffily regular 
12007-1,12007,948,51,1,45.00,83202.30,0.06,0.05,R,F,1994-12-18,1994-12-22,1994-12-30,TAKE BACK RETURN,FOB,along the accounts cajole carefully
12007-2,12007,984,53,2,11.00,20734.78,0.10,0.03,R,F,1994-10-10,1994-10-30,1994-11-04,TAKE BACK RETURN,REG AIR,s sleep. furiously 
12007-3,12007,1582,23,3,41.00,60826.78,0.08,0.03,R,F,1995-01-27,1994-11-19,1995-02-17,DELIVER IN PERSON,RAIL,. furiously 
12007-4,12007,570,31,4,8.00,11764.56,0.02,0.08,R,F,1994-11-05,1994-12-18,1994-11-21,NONE,SHIP,cajole furiously. unusual 
12007-5,12007,1926,15,5,40.00,73116.80,0.07,0.00,A,F,1994-10-20,1994-12-07,1994-11-05,COLLECT COD,AIR,ent deposi
12032-1,12032,415,16,1,28.00,36831.48,0.05,0.03,N,O,1997-10-19,1997-10-13,1997-11-16,TAKE BACK RETURN,AIR,t the bold p
12032-2,12032,1289,1,2,39.00,46420.92,0.01,0.06,N,O,1997-11-27,1997-10-22,1997-11-29,DELIVER IN PERSON,MAIL,symptotes. slyly 
12032-3,12032,1477,17,3,1.00,1378.47,0.04,0.07,N,O,1997-11-18,1997-10-18,1997-11-27,DELIVER IN PERSON,TRUCK,bold instr
12032-4,12032,877,11,4,10.00,17778.70,0.09,0.00,N,O,1997-08-25,1997-11-08,1997-09-10,TAKE BACK RETURN,TRUCK,s are furiously after the fl
12033-1,12033,521,12,1,33.00,46910.16,0.06,0.03,A,F,1992-11-03,1992-11-27,1992-11-23,DELIVER IN PERSON,SHIP,ly unusual theodolites haggle. dep
12033-2,12033,197,76,2,30.00,32915.70,0.07,0.00,R,F,1992-10-19,1992-10-22,1992-11-09,COLLECT COD,AIR,ts. slyly p
12033-3,12033,485,15,3,22.00,30480.56,0.02,0.07,R,F,1992-12-22,1992-11-08,1993-01-18,NONE,MAIL,onic foxes haggle blithely alongside o
12033-4,12033,710,75,4,35.00,56374.85,0.10,0.08,R,F,1992-11-07,1992-11-03,1992-12-05,TAKE BACK RETURN,RAIL,e bravely. special deposits acc
12033-5,12033,1347,86,5,39.00,48685.26,0.01,0.07,R,F,1993-01-07,1992-10-21,1993-01-13,NONE,AIR," are quickly express, u"
12034-1,12034,1673,56,1,33.00,51964.11,0.03,0.00,N,O,1997-01-22,1997-01-17,1997-02-12,DELIVER IN PERSON,AIR,the requests. regular courts 
12034-2,12034,1927,60,2,21.00,38407.32,0.06,0.06,N,O,1997-01-29,1997-02-11,1997-02-26,DELIVER IN PERSON,SHIP,o the carefully ironic requests. quickly 
12035-1,12035,1449,89,1,35.00,47265.40,0.08,0.04,N,O,1996-12-11,1996-12-30,1996-12-26,DELIVER IN PERSON,RAIL,lyly final instructions. furious
12035-2,12035,1446,25,2,41.00,55245.04,0.00,0.06,N,O,1996-11-15,1997-02-06,1996-11-26,DELIVER IN PERSON,RAIL,arefully even pinto bean
12035-3,12035,602,3,3,7.00,10518.20,0.04,0.05,N,O,1996-12-31,1997-01-17,1997-01-03,NONE,TRUCK,. furiously even gifts ha
12035-4,12035,800,33,4,39.00,66331.20,0.04,0.01,N,O,1997-02-16,1997-02-05,1997-03-05,COLLECT COD,REG AIR,excuses against the furi
12035-5,12035,560,61,5,1.00,1460.56,0.08,0.00,N,O,1997-01-20,1997-01-28,1997-01-26,TAKE BACK RETURN,FOB,sly above the bli
12035-6,12035,97,48,6,34.00,33901.06,0.06,0.00,N,O,1996-12-01,1996-12-19,1996-12-27,TAKE BACK RETURN,RAIL,requests haggl
12035-7,12035,492,93,7,25.00,34812.25,0.04,0.02,N,O,1997-03-01,1996-12-15,1997-03-22,TAKE BACK RETURN,SHIP,le slyly special depe
12036-1,12036,1644,27,1,38.00,58734.32,0.04,0.02,N,O,1998-03-23,1998-03-30,1998-04-05,TAKE BACK RETURN,FOB,g alongsid
12036-2,12036,1722,23,2,33.00,53582.76,0.01,0.08,N,O,1998-03-28,1998-02-15,1998-04-19,TAKE BACK RETURN,MAIL,"ly after the even,"
12036-3,12036,1075,76,3,29.00,28306.03,0.09,0.00,N,O,1998-03-02,1998-04-07,1998-03-05,TAKE BACK RETURN,SHIP,uickly. ironic ideas h
12036-4,12036,445,46,4,19.00,25563.36,0.02,0.07,N,O,1998-04-02,1998-03-12,1998-04-20,DELIVER IN PERSON,TRUCK,furiously. careful
12036-5,12036,1346,61,5,7.00,8731.38,0.03,0.05,N,O,1998-01-23,1998-03-03,1998-02-21,COLLECT COD,TRUCK,s detect fluffily ironic dependen
12036-6,12036,56,7,6,35.00,33461.75,0.00,0.04,N,O,1998-02-08,1998-04-16,1998-02-28,TAKE BACK RETURN,REG AIR,"inal, regular pinto be"
12036-7,12036,1708,93,7,20.00,32194.00,0.09,0.03,N,O,1998-05-09,1998-03-02,1998-06-06,TAKE BACK RETURN,FOB,"regular, pe"
12037-1,12037,555,56,1,3.00,4366.65,0.02,0.05,N,O,1995-08-20,1995-08-23,1995-09-01,DELIVER IN PERSON,MAIL, regular excuses. packages hinder qu
12037-2,12037,1222,23,2,20.00,22464.40,0.03,0.05,N,O,1995-07-20,1995-08-26,1995-08-07,NONE,FOB,ording to the carefully even packages. 
12037-3,12037,1192,1,3,12.00,13118.28,0.05,0.03,N,O,1995-08-19,1995-09-29,1995-08-26,DELIVER IN PERSON,RAIL,ular packag
12037-4,12037,803,70,4,10.00,17038.00,0.00,0.01,N,O,1995-09-23,1995-09-19,1995-10-11,NONE,RAIL, slyly alongside of the
12037-5,12037,669,32,5,5.00,7848.30,0.09,0.06,N,O,1995-10-16,1995-08-14,1995-10-26,NONE,SHIP,ly pending deposits wake furiously a
12037-6,12037,497,56,6,46.00,64284.54,0.09,0.07,N,O,1995-08-29,1995-08-16,1995-09-04,NONE,FOB,pending hockey players. furiously un
12037-7,12037,2000,33,7,13.00,11726.00,0.04,0.08,N,O,1995-07-03,1995-08-21,1995-07-26,NONE,AIR, furiously special instructions. carefu
12038-1,12038,316,1,1,15.00,18244.65,0.04,0.06,N,O,1995-12-14,1996-01-07,1996-01-04,TAKE BACK RETURN,RAIL,o the furiously quiet pinto bea
12038-2,12038,561,52,2,28.00,40923.68,0.04,0.04,N,O,1996-02-29,1996-01-26,1996-03-16,COLLECT COD,REG AIR,y regular packages. bold multipliers
12039-1,12039,450,80,1,49.00,66172.05,0.03,0.06,A,F,1993-08-09,1993-07-29,1993-08-22,TAKE BACK RETURN,RAIL,yly pending
12039-2,12039,290,91,2,43.00,51182.47,0.06,0.07,R,F,1993-07-24,1993-08-14,1993-08-21,DELIVER IN PERSON,TRUCK,e foxes. slyly regular accounts caj
12039-3,12039,1313,52,3,44.00,53429.64,0.10,0.03,R,F,1993-09-25,1993-08-14,1993-10-14,TAKE BACK RETURN,AIR,tructions at
12039-4,12039,501,92,4,7.00,9810.50,0.01,0.04,A,F,1993-08-05,1993-08-10,1993-09-01,NONE,RAIL,ons. blithely dogged g
12039-5,12039,1687,88,5,46.00,73079.28,0.09,0.01,A,F,1993-07-17,1993-08-08,1993-08-02,DELIVER IN PERSON,TRUCK,se enticingly
12039-6,12039,1086,57,6,46.00,45405.68,0.06,0.05,R,F,1993-08-12,1993-07-17,1993-08-16,COLLECT COD,FOB,beans. regular accounts 
12039-7,12039,1370,71,7,10.00,12713.70,0.10,0.07,R,F,1993-08-05,1993-08-31,1993-08-07,DELIVER IN PERSON,AIR,. special pa
12064-1,12064,1963,8,1,9.00,16784.64,0.04,0.06,R,F,1993-01-01,1992-11-14,1993-01-26,NONE,MAIL,ructions was carefully carefully fina
12064-2,12064,753,86,2,13.00,21498.75,0.04,0.04,A,F,1992-11-08,1992-11-26,1992-11-25,TAKE BACK RETURN,AIR,"nal packages. express, even deposits use fl"
12064-3,12064,1203,15,3,3.00,3312.60,0.09,0.08,R,F,1992-12-27,1992-12-06,1992-12-31,NONE,FOB,"ly final packages. bold, final req"
12064-4,12064,465,95,4,24.00,32771.04,0.03,0.04,R,F,1992-12-08,1992-12-03,1993-01-06,DELIVER IN PERSON,AIR,ackages! permanent dep
12064-5,12064,1443,44,5,24.00,32266.56,0.08,0.04,A,F,1992-11-17,1992-11-23,1992-12-17,NONE,MAIL,cial deposits nag fluffil
12064-6,12064,1154,55,6,27.00,28489.05,0.05,0.01,A,F,1992-09-26,1992-10-24,1992-10-05,NONE,RAIL,e carefully ac
12065-1,12065,1302,17,1,48.00,57758.40,0.00,0.04,N,O,1997-02-04,1997-03-12,1997-02-17,COLLECT COD,FOB,ar packages x-r
12066-1,12066,1212,13,1,12.00,13358.52,0.09,0.03,A,F,1995-05-15,1995-04-09,1995-06-07,COLLECT COD,TRUCK, silent accounts. slyly pending theodolit
12066-2,12066,990,93,2,21.00,39710.79,0.03,0.01,A,F,1995-04-05,1995-03-22,1995-04-12,TAKE BACK RETURN,SHIP,hely around the excu
12066-3,12066,673,36,3,23.00,36194.41,0.03,0.01,R,F,1995-04-22,1995-04-07,1995-05-08,TAKE BACK RETURN,AIR,even ideas s
12066-4,12066,1963,8,4,35.00,65273.60,0.08,0.05,R,F,1995-05-27,1995-03-31,1995-06-10,TAKE BACK RETURN,SHIP,"en, ironic deposits wake quickly about"
12066-5,12066,1490,91,5,27.00,37570.23,0.07,0.07,N,F,1995-06-03,1995-04-18,1995-06-22,COLLECT COD,REG AIR,esias; slyly silent hockey players
12067-1,12067,1503,4,1,23.00,32303.50,0.06,0.04,R,F,1993-03-16,1993-04-24,1993-04-10,COLLECT COD,FOB,y theodolites eat 
12067-2,12067,1485,86,2,32.00,44367.36,0.10,0.00,A,F,1993-04-14,1993-04-04,1993-04-25,NONE,RAIL,lyly pending pinto bea
12067-3,12067,1332,9,3,22.00,27133.26,0.04,0.05,A,F,1993-05-09,1993-04-08,1993-06-03,COLLECT COD,TRUCK,e ironic accounts
12067-4,12067,107,86,4,30.00,30213.00,0.08,0.00,R,F,1993-04-06,1993-05-06,1993-04-12,NONE,AIR,ss the blithely idle r
12067-5,12067,1428,68,5,1.00,1329.42,0.02,0.04,A,F,1993-03-09,1993-04-09,1993-03-21,COLLECT COD,TRUCK,ges grow along the fluffily u
12067-6,12067,506,37,6,50.00,70325.00,0.07,0.07,A,F,1993-02-10,1993-05-06,1993-02-24,NONE,MAIL,s. quickly brave accounts against the 
12067-7,12067,1823,53,7,18.00,31046.76,0.06,0.01,A,F,1993-05-09,1993-05-01,1993-05-11,TAKE BACK RETURN,TRUCK,g the carefully even asymptotes. regular 
12068-1,12068,810,44,1,8.00,13686.48,0.09,0.03,N,O,1996-08-19,1996-08-03,1996-08-24,NONE,RAIL,iously special pinto beans wake about the f
12068-2,12068,1078,84,2,8.00,7832.56,0.04,0.00,N,O,1996-06-07,1996-08-06,1996-06-15,TAKE BACK RETURN,FOB, slyly. blithely ironic packages haggle s
12069-1,12069,1874,4,1,35.00,62155.45,0.03,0.01,N,O,1995-12-12,1995-12-12,1995-12-22,COLLECT COD,MAIL,lly regular pa
12069-2,12069,1291,66,2,28.00,33384.12,0.01,0.05,N,O,1995-12-14,1995-12-10,1995-12-22,NONE,REG AIR,al grouches? slyly final platelets haggle
12069-3,12069,1136,73,3,8.00,8297.04,0.08,0.08,N,O,1995-11-20,1995-12-29,1995-12-03,DELIVER IN PERSON,MAIL,"gular, unusual requests. blithely quiet i"
12069-4,12069,98,49,4,35.00,34933.15,0.05,0.03,N,O,1995-12-28,1996-01-25,1995-12-29,COLLECT COD,REG AIR, wake around 
12069-5,12069,1424,3,5,21.00,27833.82,0.08,0.07,N,O,1995-12-15,1996-01-29,1996-01-09,DELIVER IN PERSON,REG AIR,ges cajole against the even pack
12069-6,12069,856,56,6,41.00,72030.85,0.08,0.06,N,O,1995-12-04,1996-01-13,1995-12-16,NONE,SHIP,e. carefully even hoc
12070-1,12070,40,91,1,4.00,3760.16,0.10,0.03,N,O,1998-08-08,1998-06-23,1998-09-06,TAKE BACK RETURN,TRUCK,ly furiousl
12070-2,12070,1451,69,2,50.00,67622.50,0.00,0.04,N,O,1998-06-18,1998-08-15,1998-07-06,TAKE BACK RETURN,TRUCK,ly ironic requests. blithely final depo
12070-3,12070,1535,76,3,19.00,27294.07,0.02,0.01,N,O,1998-06-16,1998-07-29,1998-06-19,DELIVER IN PERSON,REG AIR,"ans grow! final, express requests ca"
12070-4,12070,1276,77,4,48.00,56508.96,0.02,0.07,N,O,1998-05-28,1998-08-19,1998-06-07,NONE,RAIL,furiously regular ac
12070-5,12070,1785,12,5,14.00,23614.92,0.09,0.03,N,O,1998-07-22,1998-08-10,1998-07-27,NONE,TRUCK,ly according to the furio
12070-6,12070,488,76,6,40.00,55539.20,0.00,0.07,N,O,1998-06-19,1998-08-13,1998-06-22,DELIVER IN PERSON,REG AIR,y furiously bol
12070-7,12070,1748,49,7,9.00,14847.66,0.01,0.03,N,O,1998-05-26,1998-08-16,1998-05-31,DELIVER IN PERSON,FOB,iet theodolites use qu
12071-1,12071,934,37,1,27.00,49543.11,0.02,0.00,N,O,1998-08-17,1998-08-24,1998-09-10,NONE,SHIP,luffily express accounts sleep care
12071-2,12071,704,37,2,23.00,36908.10,0.05,0.06,N,O,1998-10-07,1998-08-15,1998-10-28,DELIVER IN PERSON,SHIP,ke quickly quickly regular accounts. c
12071-3,12071,94,20,3,15.00,14911.35,0.08,0.06,N,O,1998-08-18,1998-08-13,1998-08-27,DELIVER IN PERSON,RAIL, cajole furiously blithely ironic ac
12096-1,12096,60,36,1,21.00,20161.26,0.10,0.03,A,F,1992-12-10,1992-11-08,1992-12-13,DELIVER IN PERSON,SHIP,s. quickly express dolphins wake finall
12096-2,12096,494,82,2,48.00,66935.52,0.00,0.05,A,F,1992-10-08,1992-10-23,1992-10-27,TAKE BACK RETURN,TRUCK,the carefully ironic ins
12096-3,12096,185,12,3,13.00,14107.34,0.10,0.00,A,F,1992-11-07,1992-11-29,1992-11-25,COLLECT COD,TRUCK,bove the requests. furio
12096-4,12096,57,83,4,29.00,27754.45,0.04,0.07,A,F,1993-01-15,1992-11-03,1993-01-28,DELIVER IN PERSON,REG AIR,ly pending platele
12096-5,12096,349,34,5,24.00,29984.16,0.00,0.04,R,F,1992-12-03,1992-11-20,1992-12-18,TAKE BACK RETURN,TRUCK,ronic packages. blithe
12096-6,12096,812,13,6,40.00,68512.40,0.05,0.03,A,F,1992-11-09,1992-11-12,1992-11-29,DELIVER IN PERSON,SHIP,ut the depo
12096-7,12096,1871,72,7,17.00,30138.79,0.08,0.04,R,F,1992-11-14,1992-11-11,1992-12-02,NONE,TRUCK,ans. blithely final foxes against the 
12097-1,12097,1381,58,1,50.00,64119.00,0.03,0.02,R,F,1994-01-19,1994-01-23,1994-02-14,DELIVER IN PERSON,REG AIR,uickly even account
12097-2,12097,52,53,2,17.00,16184.85,0.08,0.06,A,F,1993-12-30,1994-01-17,1994-01-12,NONE,AIR," beans. ironic, special depo"
12097-3,12097,920,89,3,33.00,60090.36,0.06,0.01,R,F,1994-03-01,1993-12-16,1994-03-12,TAKE BACK RETURN,RAIL,s sleep furiously final accounts
12097-4,12097,396,53,4,15.00,19445.85,0.03,0.08,A,F,1994-02-20,1994-01-10,1994-03-19,TAKE BACK RETURN,TRUCK,g platelets haggle 
12098-1,12098,1574,55,1,25.00,36889.25,0.08,0.03,A,F,1993-06-24,1993-07-19,1993-07-02,NONE,TRUCK, pending packages; furiously ironic package
12099-1,12099,1331,8,1,22.00,27111.26,0.10,0.07,A,F,1994-09-23,1994-10-29,1994-10-14,TAKE BACK RETURN,TRUCK,"ly final, even Tiresias. blithely fluffy"
12099-2,12099,859,60,2,19.00,33437.15,0.01,0.04,R,F,1994-10-10,1994-10-27,1994-10-22,COLLECT COD,AIR,ess dependencies. unusual theodolites w
12099-3,12099,466,54,3,41.00,56024.86,0.05,0.08,R,F,1994-12-18,1994-12-11,1994-12-26,NONE,FOB,"s. unusual, bold d"
12099-4,12099,1422,40,4,37.00,48966.54,0.01,0.03,A,F,1994-11-08,1994-12-09,1994-11-15,NONE,SHIP, slyly even braids are. slyly bold pac
12099-5,12099,414,2,5,17.00,22344.97,0.10,0.03,A,F,1994-12-28,1994-11-25,1995-01-25,NONE,MAIL,c requests wake acco
12099-6,12099,1969,14,6,22.00,41161.12,0.02,0.03,R,F,1994-09-14,1994-10-25,1994-10-13,TAKE BACK RETURN,FOB,hely ironic deposits boos
12100-1,12100,1810,40,1,36.00,61625.16,0.00,0.02,N,O,1996-06-10,1996-06-11,1996-06-20,TAKE BACK RETURN,SHIP,ges around the carefully even deposits
12101-1,12101,1201,13,1,28.00,30861.60,0.08,0.01,A,F,1995-02-13,1995-02-27,1995-03-14,DELIVER IN PERSON,TRUCK,kly final asymptotes nag sl
12101-2,12101,16,17,2,25.00,22900.25,0.04,0.04,A,F,1995-02-13,1995-03-02,1995-02-14,COLLECT COD,REG AIR,osits. bold ideas use carefu
12101-3,12101,144,23,3,48.00,50118.72,0.03,0.06,R,F,1995-03-07,1995-02-06,1995-04-02,NONE,TRUCK,as haggle. never pend
12102-1,12102,366,51,1,22.00,27859.92,0.07,0.04,N,O,1996-02-09,1995-12-20,1996-03-02,COLLECT COD,MAIL,furiously regula
12102-2,12102,600,61,2,20.00,30012.00,0.01,0.05,N,O,1996-01-21,1996-01-18,1996-02-15,COLLECT COD,RAIL,o the furiously bold accounts. f
12102-3,12102,1733,18,3,32.00,52311.36,0.07,0.06,N,O,1996-01-24,1995-12-28,1996-02-23,TAKE BACK RETURN,RAIL, instructions wake furiously. special reque
12102-4,12102,77,78,4,34.00,33220.38,0.05,0.05,N,O,1996-01-04,1996-01-20,1996-01-25,TAKE BACK RETURN,MAIL,ep blithely. slyly pending pinto beans 
12102-5,12102,1822,9,5,38.00,65505.16,0.06,0.07,N,O,1995-11-20,1996-01-10,1995-12-04,TAKE BACK RETURN,REG AIR,s integrate furiously
12103-1,12103,698,99,1,24.00,38368.56,0.09,0.01,N,O,1997-02-17,1997-02-23,1997-03-08,COLLECT COD,REG AIR,ckly unusual deposit
12103-2,12103,924,25,2,33.00,60222.36,0.02,0.03,N,O,1996-12-23,1996-12-27,1997-01-21,COLLECT COD,RAIL,"t theodolites. silent, final instruct"
12103-3,12103,1766,67,3,5.00,8338.80,0.05,0.08,N,O,1997-01-23,1996-12-29,1997-02-05,TAKE BACK RETURN,RAIL, the even accounts boost aga
12103-4,12103,372,29,4,35.00,44532.95,0.06,0.01,N,O,1996-12-26,1997-01-16,1997-01-22,TAKE BACK RETURN,RAIL,es nag carefully. slyly expres
12103-5,12103,288,16,5,19.00,22577.32,0.01,0.00,N,O,1997-01-22,1997-02-17,1997-01-27,DELIVER IN PERSON,SHIP,counts haggle slyly final packages.
12128-1,12128,268,50,1,22.00,25701.72,0.10,0.04,N,O,1997-08-30,1997-09-04,1997-09-01,DELIVER IN PERSON,AIR,p blithely fluffil
12128-2,12128,608,2,2,16.00,24137.60,0.07,0.03,N,O,1997-07-13,1997-08-19,1997-08-10,COLLECT COD,AIR,as. furiously ironic accounts about the c
12128-3,12128,106,85,3,31.00,31189.10,0.01,0.08,N,O,1997-07-06,1997-08-14,1997-07-22,NONE,SHIP,deas sleep slyly accordi
12128-4,12128,834,34,4,47.00,81537.01,0.06,0.08,N,O,1997-10-20,1997-08-14,1997-11-07,DELIVER IN PERSON,REG AIR,ffily bold theo
12129-1,12129,1911,44,1,8.00,14503.28,0.00,0.00,A,F,1993-02-06,1993-02-21,1993-03-05,NONE,RAIL, serve slyly among the quickly 
12129-2,12129,917,52,2,11.00,19997.01,0.02,0.06,R,F,1993-01-09,1993-03-15,1993-01-16,TAKE BACK RETURN,SHIP,usly brave ideas throug
12129-3,12129,749,14,3,45.00,74238.30,0.00,0.00,R,F,1993-03-19,1993-02-24,1993-03-21,COLLECT COD,AIR," quick, pe"
12129-4,12129,1440,41,4,2.00,2682.88,0.07,0.01,A,F,1993-01-31,1993-02-16,1993-03-01,NONE,MAIL,ns wake care
12129-5,12129,498,28,5,4.00,5593.96,0.05,0.04,A,F,1993-01-15,1993-02-25,1993-01-30,NONE,RAIL,riously even re
12130-1,12130,949,50,1,35.00,64747.90,0.07,0.03,N,O,1996-02-04,1996-03-06,1996-03-05,COLLECT COD,SHIP,"fluffily pending ideas. unusual, "
12130-2,12130,1959,60,2,11.00,20470.45,0.05,0.05,N,O,1995-12-18,1996-02-19,1996-01-03,NONE,MAIL,en deposits. express packa
12130-3,12130,1228,29,3,47.00,53073.34,0.01,0.02,N,O,1996-01-17,1996-02-05,1996-02-08,NONE,TRUCK, foxes breach. packages cajo
12130-4,12130,1109,10,4,10.00,10101.00,0.09,0.04,N,O,1995-12-13,1996-01-20,1995-12-22,COLLECT COD,RAIL,lly pending braids. carefully
12130-5,12130,1839,69,5,7.00,12185.81,0.05,0.00,N,O,1996-03-01,1996-02-24,1996-03-21,COLLECT COD,FOB,r packages! stealth
12131-1,12131,1060,31,1,26.00,24987.56,0.03,0.01,N,O,1998-09-20,1998-08-06,1998-10-02,COLLECT COD,SHIP,eposits detect car
12131-2,12131,1340,17,2,9.00,11172.06,0.06,0.06,N,O,1998-06-30,1998-08-12,1998-07-21,DELIVER IN PERSON,FOB,fluffily regular theodolites 
12131-3,12131,799,96,3,21.00,35695.59,0.07,0.07,N,O,1998-10-06,1998-07-31,1998-10-13,COLLECT COD,FOB,inst the blithely regular foxes! carefu
12131-4,12131,689,83,4,40.00,63587.20,0.08,0.00,N,O,1998-07-05,1998-08-27,1998-07-07,NONE,AIR,ptotes. inst
12131-5,12131,1862,6,5,21.00,37041.06,0.06,0.04,N,O,1998-07-22,1998-08-07,1998-07-26,TAKE BACK RETURN,SHIP,s boost quickly bli
12131-6,12131,758,59,6,43.00,71326.25,0.03,0.08,N,O,1998-09-12,1998-07-31,1998-09-25,COLLECT COD,MAIL,"aggle above the final, ironic"
12131-7,12131,1636,37,7,28.00,43053.64,0.01,0.06,N,O,1998-07-08,1998-09-14,1998-07-23,COLLECT COD,MAIL,e of the instructions boost carefully r
12132-1,12132,755,88,1,32.00,52984.00,0.04,0.05,N,O,1997-01-03,1996-11-05,1997-01-20,TAKE BACK RETURN,SHIP,al deposits sleep blithely. bold pea
12132-2,12132,707,72,2,48.00,77169.60,0.01,0.08,N,O,1996-09-09,1996-11-27,1996-09-11,DELIVER IN PERSON,AIR,lly regular sheaves wake fluffily regu
12132-3,12132,1670,12,3,7.00,11001.69,0.07,0.05,N,O,1996-09-23,1996-10-08,1996-10-19,NONE,REG AIR, requests. furiously express foxes 
12132-4,12132,1553,54,4,31.00,45091.05,0.04,0.00,N,O,1996-10-02,1996-10-11,1996-10-20,NONE,RAIL,ously bold accounts. final packages are 
12132-5,12132,219,20,5,11.00,12311.31,0.03,0.00,N,O,1996-09-28,1996-11-01,1996-10-15,DELIVER IN PERSON,REG AIR,final pinto beans are. mult
12132-6,12132,355,40,6,44.00,55235.40,0.03,0.08,N,O,1996-10-05,1996-11-17,1996-10-24,COLLECT COD,MAIL,xpress theodolites are 
12132-7,12132,1053,59,7,13.00,12402.65,0.08,0.07,N,O,1996-10-14,1996-11-03,1996-10-21,TAKE BACK RETURN,RAIL,"uickly pending, special requests. regular, "
12133-1,12133,1675,76,1,35.00,55183.45,0.09,0.04,R,F,1992-08-09,1992-05-16,1992-09-08,COLLECT COD,FOB,d packages cajole among t
12134-1,12134,493,81,1,23.00,32050.27,0.08,0.00,N,O,1996-06-05,1996-07-21,1996-06-26,DELIVER IN PERSON,FOB,ep carefully 
12134-2,12134,1318,33,2,22.00,26824.82,0.03,0.04,N,O,1996-07-22,1996-08-09,1996-08-13,NONE,REG AIR,yly even accounts
12135-1,12135,985,86,1,26.00,49035.48,0.02,0.08,N,O,1996-01-16,1995-12-18,1996-02-08,DELIVER IN PERSON,SHIP,blithely pending excuses. pend
12135-2,12135,1398,13,2,49.00,63670.11,0.04,0.02,N,O,1995-10-21,1995-11-20,1995-11-08,TAKE BACK RETURN,REG AIR, cajole final ideas. accounts doze blit
12135-3,12135,1181,82,3,36.00,38958.48,0.10,0.08,N,O,1995-12-23,1995-12-31,1996-01-21,DELIVER IN PERSON,TRUCK,hely ironic theodolites
12135-4,12135,631,63,4,5.00,7658.15,0.07,0.06,N,O,1995-10-14,1995-12-13,1995-11-06,DELIVER IN PERSON,MAIL,nal packages after the sly
12135-5,12135,605,68,5,12.00,18067.20,0.04,0.06,N,O,1995-12-02,1995-11-15,1995-12-26,NONE,RAIL,lyly. carefully regular attainments b
12135-6,12135,1911,100,6,46.00,83393.86,0.08,0.08,N,O,1995-11-27,1995-11-09,1995-11-30,NONE,RAIL, even deposit
12135-7,12135,1531,32,7,5.00,7162.65,0.05,0.06,N,O,1996-01-21,1995-11-28,1996-01-22,TAKE BACK RETURN,FOB, furiously regular dependencies wake alo
12160-1,12160,1001,72,1,3.00,2706.00,0.10,0.07,R,F,1994-02-15,1994-02-27,1994-02-27,DELIVER IN PERSON,SHIP,? evenly ironic requests throughout
12160-2,12160,321,6,2,9.00,10991.88,0.01,0.01,R,F,1994-01-29,1994-02-18,1994-02-23,TAKE BACK RETURN,TRUCK,s the stealthil
12160-3,12160,115,68,3,44.00,44664.84,0.00,0.01,R,F,1993-12-29,1994-03-09,1994-01-15,NONE,FOB,express accounts. blithely dog
12160-4,12160,1246,21,4,8.00,9177.92,0.03,0.04,A,F,1994-01-06,1994-01-28,1994-01-12,NONE,FOB,ly according to t
12161-1,12161,422,23,1,31.00,40995.02,0.06,0.05,N,O,1997-04-03,1997-06-10,1997-04-22,COLLECT COD,REG AIR,ular reques
12161-2,12161,248,49,2,5.00,5741.20,0.02,0.01,N,O,1997-06-28,1997-05-08,1997-07-01,TAKE BACK RETURN,MAIL,uriously unusual ideas are carefully u
12161-3,12161,1355,32,3,42.00,52766.70,0.09,0.02,N,O,1997-03-26,1997-04-28,1997-04-09,COLLECT COD,AIR,tes. furiously bold 
12161-4,12161,399,100,4,9.00,11694.51,0.00,0.07,N,O,1997-05-10,1997-05-10,1997-06-02,DELIVER IN PERSON,FOB,e. quickly eve
12161-5,12161,678,72,5,42.00,66304.14,0.10,0.01,N,O,1997-03-24,1997-05-27,1997-04-11,DELIVER IN PERSON,TRUCK,boost blith
12161-6,12161,866,33,6,14.00,24736.04,0.05,0.08,N,O,1997-05-08,1997-05-14,1997-05-16,NONE,FOB,e after the furiously ironic packages. q
12161-7,12161,81,82,7,22.00,21583.76,0.02,0.03,N,O,1997-04-01,1997-05-08,1997-04-29,NONE,FOB,r foxes. enticingly final re
12162-1,12162,653,47,1,31.00,48163.15,0.06,0.06,N,O,1997-03-21,1997-05-09,1997-04-07,DELIVER IN PERSON,FOB,es cajole. fluffily regular dependenc
12163-1,12163,1815,59,1,38.00,65238.78,0.09,0.07,N,O,1997-08-21,1997-09-28,1997-09-07,TAKE BACK RETURN,FOB, special pinto beans.
12163-2,12163,1046,17,2,39.00,36934.56,0.08,0.00,N,O,1997-09-28,1997-09-23,1997-10-04,TAKE BACK RETURN,TRUCK,olites. furious
12163-3,12163,1653,54,3,32.00,49748.80,0.01,0.07,N,O,1997-08-10,1997-08-26,1997-08-18,TAKE BACK RETURN,AIR,es. blithely regular instructions 
12163-4,12163,1361,62,4,48.00,60593.28,0.10,0.02,N,O,1997-07-23,1997-09-29,1997-08-09,COLLECT COD,FOB,pinto beans use carefully bold accounts. 
12164-1,12164,1825,55,1,27.00,46624.14,0.06,0.07,R,F,1994-01-31,1993-11-30,1994-02-26,NONE,SHIP,ffily even deposits ha
12164-2,12164,371,72,2,19.00,24156.03,0.09,0.04,A,F,1993-12-22,1993-12-16,1994-01-02,COLLECT COD,RAIL,counts. bl
12164-3,12164,1604,5,3,22.00,33123.20,0.01,0.06,R,F,1993-10-28,1993-12-07,1993-11-18,DELIVER IN PERSON,REG AIR, sleep furiously above the regular accou
12164-4,12164,1194,3,4,28.00,30665.32,0.02,0.02,R,F,1994-01-28,1993-12-30,1994-02-06,COLLECT COD,SHIP,e the fluffily even deposits? carefu
12164-5,12164,1652,94,5,5.00,7768.25,0.04,0.08,R,F,1993-11-06,1993-11-24,1993-12-01,TAKE BACK RETURN,AIR,furiously iro
12164-6,12164,782,83,6,22.00,37021.16,0.04,0.06,R,F,1993-12-16,1993-11-29,1994-01-07,DELIVER IN PERSON,REG AIR,eposits. sl
12165-1,12165,1375,14,1,12.00,15316.44,0.02,0.07,R,F,1994-07-14,1994-06-28,1994-07-25,DELIVER IN PERSON,FOB,uffily special pinto beans sle
12165-2,12165,33,84,2,42.00,39187.26,0.01,0.00,A,F,1994-08-05,1994-07-09,1994-08-13,NONE,SHIP,ave theodolites about the 
12165-3,12165,1556,77,3,30.00,43726.50,0.00,0.05,A,F,1994-06-15,1994-05-17,1994-06-30,NONE,MAIL,he slyly pending inst
12165-4,12165,133,60,4,47.00,48557.11,0.07,0.07,R,F,1994-06-09,1994-05-17,1994-06-30,DELIVER IN PERSON,RAIL,dly regular deposits. furiously ironic requ
12165-5,12165,235,63,5,4.00,4540.92,0.01,0.06,A,F,1994-05-13,1994-05-29,1994-05-29,NONE,RAIL,lar ideas. unusua
12166-1,12166,1770,55,1,11.00,18389.47,0.04,0.02,A,F,1995-05-08,1995-05-08,1995-05-21,DELIVER IN PERSON,RAIL,bove the fluffily pending requests. deposi
12167-1,12167,27,53,1,22.00,20394.44,0.00,0.05,N,O,1998-08-10,1998-07-01,1998-09-08,NONE,REG AIR,iously sile
12167-2,12167,508,39,2,26.00,36621.00,0.02,0.08,N,O,1998-06-25,1998-07-09,1998-07-13,COLLECT COD,SHIP,he furiously spec
12192-1,12192,922,91,1,15.00,27343.80,0.07,0.07,R,F,1995-02-10,1995-01-14,1995-03-04,DELIVER IN PERSON,RAIL,y unusual accounts throughout t
12193-1,12193,1942,43,1,35.00,64537.90,0.04,0.06,N,O,1996-10-16,1996-09-18,1996-11-02,DELIVER IN PERSON,TRUCK,s wake quickly carefully close accounts. fl
12193-2,12193,1030,1,2,9.00,8379.27,0.02,0.02,N,O,1996-09-25,1996-09-19,1996-10-08,NONE,SHIP, slyly silen
12193-3,12193,1811,98,3,38.00,65086.78,0.08,0.03,N,O,1996-10-06,1996-10-09,1996-10-19,TAKE BACK RETURN,AIR,r the packages. ruthlessly special de
12193-4,12193,208,63,4,21.00,23272.20,0.05,0.07,N,O,1996-10-28,1996-10-09,1996-11-02,DELIVER IN PERSON,RAIL,ts. blithe requ
12194-1,12194,323,24,1,32.00,39146.24,0.02,0.01,A,F,1995-04-11,1995-05-14,1995-04-18,TAKE BACK RETURN,FOB,sts above the qui
12194-2,12194,595,26,2,14.00,20938.26,0.06,0.07,A,F,1995-04-10,1995-05-24,1995-04-17,DELIVER IN PERSON,AIR,ously blithely regular deposits. carefu
12195-1,12195,1788,73,1,40.00,67591.20,0.04,0.00,N,O,1997-07-16,1997-06-09,1997-07-28,NONE,AIR,lites are slyly even requests. care
12195-2,12195,68,69,2,46.00,44530.76,0.03,0.02,N,O,1997-07-17,1997-05-30,1997-08-10,COLLECT COD,REG AIR,usly regular pinto beans h
12196-1,12196,876,76,1,1.00,1776.87,0.09,0.07,A,F,1993-06-15,1993-08-12,1993-06-30,COLLECT COD,SHIP,ly final accou
12196-2,12196,743,44,2,4.00,6574.96,0.02,0.07,R,F,1993-09-20,1993-08-09,1993-10-02,DELIVER IN PERSON,MAIL,ounts according to 
12196-3,12196,1477,17,3,6.00,8270.82,0.04,0.01,A,F,1993-06-18,1993-08-05,1993-06-25,NONE,MAIL,c escapades sleep furiously. regularly i
12196-4,12196,235,17,4,30.00,34056.90,0.01,0.00,A,F,1993-07-26,1993-09-01,1993-08-01,DELIVER IN PERSON,FOB,packages cajole slyly 
12196-5,12196,383,68,5,19.00,24384.22,0.07,0.08,R,F,1993-09-19,1993-08-01,1993-09-21,COLLECT COD,TRUCK, packages 
12196-6,12196,377,78,6,7.00,8941.59,0.03,0.05,A,F,1993-08-10,1993-07-16,1993-08-16,DELIVER IN PERSON,RAIL,idle package
12197-1,12197,678,10,1,48.00,75776.16,0.08,0.05,N,O,1997-08-23,1997-09-23,1997-08-29,TAKE BACK RETURN,AIR,ts integrate. carefully even foxes ha
12197-2,12197,102,3,2,44.00,44092.40,0.01,0.02,N,O,1997-07-26,1997-09-25,1997-08-13,DELIVER IN PERSON,MAIL,haggle carefully after the slyl
12197-3,12197,431,32,3,20.00,26628.60,0.03,0.06,N,O,1997-09-27,1997-08-20,1997-10-01,TAKE BACK RETURN,SHIP,arefully. furiously eve
12197-4,12197,431,61,4,41.00,54588.63,0.01,0.03,N,O,1997-07-29,1997-08-27,1997-08-01,TAKE BACK RETURN,AIR,ts. carefully 
12197-5,12197,1579,60,5,4.00,5922.28,0.09,0.03,N,O,1997-10-01,1997-09-08,1997-10-06,COLLECT COD,RAIL, carefully final deposits. pend
12198-1,12198,1693,76,1,37.00,59003.53,0.05,0.07,A,F,1993-06-04,1993-05-15,1993-06-05,TAKE BACK RETURN,REG AIR,"es. final ideas poach slyly. regular,"
12199-1,12199,1349,64,1,3.00,3751.02,0.03,0.03,N,O,1996-03-04,1996-03-06,1996-03-25,DELIVER IN PERSON,TRUCK,rnes. slyly sly instr
12199-2,12199,1719,4,2,2.00,3241.42,0.08,0.02,N,O,1996-02-23,1996-01-16,1996-03-04,COLLECT COD,FOB,ithely final ideas
12199-3,12199,831,32,3,38.00,65809.54,0.05,0.08,N,O,1996-02-10,1996-03-08,1996-02-14,COLLECT COD,TRUCK,s affix blithely fluffily unusual acc
12199-4,12199,1411,51,4,22.00,28873.02,0.06,0.07,N,O,1995-12-17,1996-02-04,1996-01-09,DELIVER IN PERSON,MAIL, requests. slyly permanent a
12224-1,12224,433,21,1,11.00,14667.73,0.03,0.00,R,F,1995-04-12,1995-02-06,1995-04-13,NONE,SHIP,t quickly. pe
12224-2,12224,552,53,2,46.00,66817.30,0.00,0.03,A,F,1995-03-12,1995-02-15,1995-04-10,COLLECT COD,MAIL,arefully even deposits wake slyl
12224-3,12224,973,42,3,47.00,88076.59,0.09,0.05,R,F,1995-03-14,1995-02-09,1995-04-11,DELIVER IN PERSON,AIR,ly. slyly f
12224-4,12224,1143,52,4,42.00,43853.88,0.04,0.08,A,F,1995-01-03,1995-01-23,1995-01-21,DELIVER IN PERSON,RAIL,ely bold ideas affix slo
12225-1,12225,1110,19,1,2.00,2022.22,0.02,0.04,N,O,1997-03-27,1997-03-30,1997-03-31,TAKE BACK RETURN,MAIL, run blithely
12225-2,12225,566,97,2,29.00,42530.24,0.08,0.05,N,O,1997-03-14,1997-03-06,1997-03-19,NONE,TRUCK,y special requests cajole quickly a
12225-3,12225,303,32,3,48.00,57758.40,0.04,0.04,N,O,1997-04-14,1997-03-11,1997-05-05,DELIVER IN PERSON,MAIL,ently. regular request
12225-4,12225,1792,35,4,13.00,22019.27,0.05,0.00,N,O,1997-02-14,1997-04-12,1997-03-04,COLLECT COD,FOB,into beans haggle fluffily. q
12225-5,12225,288,89,5,36.00,42778.08,0.10,0.04,N,O,1997-03-06,1997-03-02,1997-03-19,TAKE BACK RETURN,TRUCK,r ideas. car
12225-6,12225,548,79,6,19.00,27522.26,0.09,0.05,N,O,1997-05-25,1997-03-21,1997-06-08,COLLECT COD,RAIL,ending foxes. blithely unusual accounts abo
12226-1,12226,1060,66,1,33.00,31714.98,0.06,0.07,N,O,1998-04-06,1998-05-12,1998-05-02,TAKE BACK RETURN,REG AIR,pecial theodolites 
12226-2,12226,590,51,2,39.00,58133.01,0.02,0.07,N,O,1998-04-02,1998-06-12,1998-04-05,COLLECT COD,REG AIR, requests cajole blithe
12226-3,12226,816,50,3,16.00,27468.96,0.04,0.06,N,O,1998-07-11,1998-06-17,1998-07-20,DELIVER IN PERSON,MAIL,final platelets? d
12227-1,12227,1180,53,1,3.00,3243.54,0.08,0.03,N,O,1998-08-11,1998-08-13,1998-08-29,DELIVER IN PERSON,RAIL,ly ironic requests wake after t
12227-2,12227,1515,96,2,44.00,62326.44,0.00,0.02,N,O,1998-10-09,1998-09-09,1998-11-05,DELIVER IN PERSON,TRUCK,", bold packages across the furi"
12227-3,12227,1833,63,3,11.00,19083.13,0.01,0.07,N,O,1998-08-13,1998-07-28,1998-08-29,COLLECT COD,MAIL,sts affix slyly. furi
12227-4,12227,1247,22,4,34.00,39040.16,0.10,0.01,N,O,1998-10-06,1998-08-04,1998-10-27,TAKE BACK RETURN,REG AIR,scapades integrate bl
12227-5,12227,1091,62,5,40.00,39683.60,0.00,0.01,N,O,1998-07-25,1998-07-31,1998-08-22,NONE,TRUCK,patterns. carefully even accounts 
12227-6,12227,152,5,6,23.00,24199.45,0.00,0.03,N,O,1998-09-08,1998-09-12,1998-09-19,COLLECT COD,REG AIR,s use carefully bold excuses. even
12227-7,12227,1881,25,7,13.00,23177.44,0.09,0.08,N,O,1998-08-15,1998-09-22,1998-08-31,DELIVER IN PERSON,AIR,eposits. fluffily final warho
12228-1,12228,810,10,1,17.00,29083.77,0.06,0.00,A,F,1994-08-20,1994-08-22,1994-09-18,DELIVER IN PERSON,SHIP,"ss the silent, unusual"
12228-2,12228,736,37,2,50.00,81836.50,0.06,0.04,A,F,1994-10-14,1994-08-25,1994-11-01,TAKE BACK RETURN,MAIL,ar pinto beans. c
12228-3,12228,1436,15,3,18.00,24073.74,0.08,0.00,A,F,1994-08-21,1994-08-13,1994-08-27,COLLECT COD,FOB, deposits across the s
12228-4,12228,116,69,4,9.00,9144.99,0.10,0.01,R,F,1994-08-07,1994-09-09,1994-09-04,COLLECT COD,TRUCK,packages. carefully final deposit
12228-5,12228,1807,94,5,30.00,51264.00,0.01,0.00,A,F,1994-08-10,1994-09-04,1994-08-14,COLLECT COD,MAIL,ly along the slyl
12228-6,12228,690,84,6,47.00,74762.43,0.02,0.05,R,F,1994-08-10,1994-09-02,1994-08-21,NONE,AIR,s integrate quickly. b
12228-7,12228,840,7,7,6.00,10445.04,0.02,0.04,A,F,1994-10-01,1994-08-13,1994-10-19,DELIVER IN PERSON,TRUCK,ges sublate slyly. blithely ruthless braids
12229-1,12229,145,24,1,12.00,12541.68,0.09,0.06,N,O,1996-08-28,1996-09-09,1996-09-11,TAKE BACK RETURN,AIR,ily regular accounts. furiously iron
12229-2,12229,702,3,2,21.00,33656.70,0.06,0.06,N,O,1996-09-27,1996-10-14,1996-10-19,TAKE BACK RETURN,AIR,s wake fluffily bold ex
12229-3,12229,1633,57,3,38.00,58315.94,0.03,0.07,N,O,1996-07-27,1996-08-26,1996-08-03,NONE,SHIP,foxes. furiously ironic braids grow s
12230-1,12230,44,70,1,19.00,17936.76,0.03,0.06,N,O,1998-05-03,1998-05-12,1998-05-05,COLLECT COD,TRUCK,ackages. blithely e
12230-2,12230,1141,42,2,30.00,31264.20,0.03,0.03,N,O,1998-06-07,1998-05-10,1998-07-06,TAKE BACK RETURN,TRUCK,ual accounts wake never. pen
12230-3,12230,854,54,3,12.00,21058.20,0.07,0.00,N,O,1998-06-03,1998-06-20,1998-07-03,COLLECT COD,AIR,inal instru
12230-4,12230,1171,8,4,25.00,26804.25,0.07,0.08,N,O,1998-07-09,1998-06-20,1998-08-07,DELIVER IN PERSON,RAIL,"s. unusual, final theod"
12230-5,12230,1758,1,5,40.00,66390.00,0.07,0.06,N,O,1998-07-05,1998-06-10,1998-07-10,TAKE BACK RETURN,MAIL,ans wake carefully until the fluffy ideas.
12231-1,12231,955,58,1,9.00,16703.55,0.09,0.06,N,O,1997-10-17,1997-09-10,1997-11-16,COLLECT COD,SHIP,iously slyly
12231-2,12231,640,72,2,17.00,26190.88,0.07,0.01,N,O,1997-11-22,1997-10-27,1997-12-22,DELIVER IN PERSON,TRUCK,"ecial theodolites against the final, silen"
12231-3,12231,1421,61,3,16.00,21158.72,0.09,0.04,N,O,1997-09-25,1997-09-07,1997-10-02,TAKE BACK RETURN,TRUCK,e above the even
12231-4,12231,1092,28,4,35.00,34758.15,0.05,0.07,N,O,1997-11-16,1997-08-29,1997-12-12,TAKE BACK RETURN,TRUCK,sts boost fluffily 
12231-5,12231,600,1,5,44.00,66026.40,0.02,0.08,N,O,1997-11-17,1997-10-04,1997-12-16,DELIVER IN PERSON,SHIP,y ironic platelets. s
12231-6,12231,1906,7,6,43.00,77739.70,0.01,0.01,N,O,1997-08-29,1997-09-03,1997-09-04,COLLECT COD,SHIP,oggedly silent deposits. fluffily regular 
12256-1,12256,1830,60,1,17.00,29441.11,0.03,0.04,A,F,1993-02-12,1993-03-09,1993-02-24,TAKE BACK RETURN,FOB, packages. carefully ev
12256-2,12256,1904,37,2,11.00,19864.90,0.02,0.04,R,F,1993-03-21,1993-02-11,1993-04-20,COLLECT COD,TRUCK, quickly. regular accounts use carefully 
12256-3,12256,411,41,3,20.00,26228.20,0.09,0.04,R,F,1993-04-12,1993-02-15,1993-05-10,NONE,RAIL, quickly spec
12256-4,12256,1178,79,4,19.00,20504.23,0.08,0.06,R,F,1993-01-16,1993-03-09,1993-02-03,NONE,TRUCK,y special requests sleep furiously. sile
12256-5,12256,1244,19,5,44.00,50390.56,0.01,0.04,R,F,1992-12-24,1993-02-11,1992-12-28,COLLECT COD,TRUCK,xpress pinto beans. furiously bold pa
12257-1,12257,1093,99,1,21.00,20875.89,0.04,0.05,N,O,1996-07-28,1996-05-29,1996-08-17,TAKE BACK RETURN,REG AIR,lly even packages kindle carefull
12257-2,12257,1922,11,2,27.00,49245.84,0.00,0.03,N,O,1996-08-14,1996-07-10,1996-08-20,DELIVER IN PERSON,FOB,latelets wake across the f
12257-3,12257,1329,6,3,46.00,56594.72,0.04,0.04,N,O,1996-05-27,1996-05-28,1996-06-07,DELIVER IN PERSON,REG AIR, always ironic sauternes 
12258-1,12258,770,67,1,31.00,51793.87,0.07,0.03,A,F,1995-02-11,1995-01-22,1995-03-09,TAKE BACK RETURN,FOB,ly pending
12258-2,12258,1097,33,2,27.00,26948.43,0.03,0.05,A,F,1994-12-05,1995-02-25,1995-01-01,DELIVER IN PERSON,MAIL,ously special accounts. slyly unusual de
12258-3,12258,1609,51,3,25.00,37765.00,0.05,0.02,R,F,1995-02-28,1995-01-11,1995-03-02,NONE,AIR, across the dog
12258-4,12258,1972,61,4,36.00,67462.92,0.07,0.05,A,F,1994-12-23,1995-02-07,1995-01-07,TAKE BACK RETURN,TRUCK,busily bold 
12258-5,12258,821,22,5,20.00,34436.40,0.01,0.00,A,F,1994-12-19,1995-02-06,1994-12-24,DELIVER IN PERSON,REG AIR,refully ac
12258-6,12258,822,89,6,39.00,67189.98,0.07,0.06,R,F,1995-01-20,1995-01-26,1995-02-08,NONE,RAIL,hely final theodolites. slyly fina
12258-7,12258,1161,62,7,20.00,21243.20,0.05,0.00,R,F,1994-12-15,1995-01-30,1995-01-03,TAKE BACK RETURN,SHIP,inal deposits. ironic accounts are care
12259-1,12259,823,57,1,1.00,1723.82,0.02,0.03,R,F,1993-05-15,1993-05-14,1993-05-31,TAKE BACK RETURN,RAIL,e furiously bold packages. un
12259-2,12259,57,33,2,34.00,32539.70,0.06,0.02,R,F,1993-05-15,1993-05-11,1993-05-24,COLLECT COD,SHIP, across the quickly regular pinto beans. un
12259-3,12259,204,59,3,13.00,14354.60,0.09,0.05,R,F,1993-05-17,1993-04-22,1993-06-14,TAKE BACK RETURN,TRUCK,lar requests. fluffily
12259-4,12259,1477,56,4,32.00,44111.04,0.08,0.05,R,F,1993-04-18,1993-04-16,1993-04-29,DELIVER IN PERSON,TRUCK," cajole furiously final realms. regular,"
12259-5,12259,512,43,5,34.00,48025.34,0.10,0.00,A,F,1993-04-07,1993-03-21,1993-04-14,COLLECT COD,SHIP,thely foxes. r
12259-6,12259,139,92,6,16.00,16626.08,0.01,0.06,R,F,1993-05-17,1993-03-20,1993-05-28,DELIVER IN PERSON,RAIL,ts cajole furiously 
12259-7,12259,936,39,7,14.00,25717.02,0.07,0.00,R,F,1993-03-11,1993-04-12,1993-03-29,DELIVER IN PERSON,AIR,quickly. carefully unusual tithes nag
12260-1,12260,1254,92,1,26.00,30036.50,0.03,0.02,R,F,1993-01-29,1993-02-15,1993-02-21,COLLECT COD,MAIL,he carefully regular excuses doze blith
12260-2,12260,1476,94,2,11.00,15152.17,0.09,0.06,A,F,1993-03-26,1993-01-17,1993-04-17,NONE,REG AIR,yly ironic reques
12260-3,12260,806,7,3,36.00,61444.80,0.07,0.03,A,F,1993-03-05,1993-02-20,1993-03-16,DELIVER IN PERSON,RAIL, pinto beans ha
12260-4,12260,705,70,4,13.00,20874.10,0.06,0.00,A,F,1993-03-11,1992-12-31,1993-03-19,DELIVER IN PERSON,FOB,hely regular pain
12260-5,12260,1437,38,5,38.00,50860.34,0.09,0.07,R,F,1993-01-31,1993-01-11,1993-02-24,COLLECT COD,SHIP,lyly regular pinto beans cajole furious
12261-1,12261,306,35,1,28.00,33776.40,0.09,0.00,A,F,1994-02-13,1994-01-22,1994-03-14,COLLECT COD,SHIP,wake slyly express platelets. entici
12261-2,12261,751,84,2,30.00,49552.50,0.08,0.00,R,F,1993-12-30,1993-12-18,1994-01-28,COLLECT COD,AIR, about the f
12261-3,12261,925,60,3,41.00,74862.72,0.05,0.01,R,F,1994-02-03,1993-12-03,1994-02-26,DELIVER IN PERSON,MAIL,kages cajole carefully even decoys. p
12261-4,12261,1742,69,4,37.00,60818.38,0.10,0.06,R,F,1993-11-24,1993-12-18,1993-12-21,NONE,REG AIR,e slyly regular theodolites
12261-5,12261,602,96,5,39.00,58601.40,0.05,0.08,A,F,1994-02-03,1993-12-08,1994-02-26,DELIVER IN PERSON,MAIL,iously. sly s
12261-6,12261,48,49,6,49.00,46453.96,0.05,0.06,R,F,1993-10-29,1994-01-07,1993-11-28,TAKE BACK RETURN,TRUCK,ffily regular pinto be
12261-7,12261,638,39,7,32.00,49236.16,0.04,0.04,R,F,1994-01-21,1994-01-15,1994-01-26,NONE,MAIL,ep. boldly ironic 
12262-1,12262,216,17,1,17.00,18975.57,0.02,0.07,N,O,1996-01-29,1996-01-25,1996-02-11,DELIVER IN PERSON,AIR,nusual accounts h
12262-2,12262,958,27,2,33.00,61345.35,0.05,0.04,N,O,1996-01-12,1996-01-21,1996-02-07,DELIVER IN PERSON,MAIL,ithely express instructio
12262-3,12262,1523,44,3,9.00,12820.68,0.08,0.08,N,O,1996-03-04,1996-03-09,1996-03-18,COLLECT COD,FOB,l dependencies are id
12262-4,12262,281,82,4,43.00,50795.04,0.09,0.00,N,O,1995-12-24,1996-02-18,1996-01-02,DELIVER IN PERSON,RAIL,posits haggl
12263-1,12263,653,54,1,35.00,54377.75,0.08,0.02,N,O,1995-08-24,1995-08-29,1995-09-11,TAKE BACK RETURN,SHIP,cross the special deposits are quickly 
12263-2,12263,934,35,2,33.00,60552.69,0.05,0.00,N,O,1995-09-14,1995-09-02,1995-10-07,TAKE BACK RETURN,REG AIR,ometimes regular
12263-3,12263,39,65,3,13.00,12207.39,0.03,0.00,N,O,1995-08-21,1995-09-16,1995-08-23,COLLECT COD,TRUCK,olphins. blithely fin
12263-4,12263,545,76,4,29.00,41920.66,0.08,0.06,N,O,1995-09-19,1995-09-02,1995-10-19,NONE,RAIL,e slowly special accoun
12288-1,12288,753,54,1,21.00,34728.75,0.05,0.00,N,O,1996-12-29,1996-12-15,1997-01-15,TAKE BACK RETURN,REG AIR,kages about the slyly
12288-2,12288,624,87,2,13.00,19820.06,0.04,0.04,N,O,1996-12-26,1996-12-06,1997-01-09,TAKE BACK RETURN,TRUCK, packages wake furiou
12288-3,12288,1677,19,3,17.00,26837.39,0.05,0.03,N,O,1997-01-19,1997-01-13,1997-01-24,NONE,SHIP,y regular Tiresias along t
12288-4,12288,1021,22,4,48.00,44256.96,0.02,0.07,N,O,1997-02-15,1996-12-13,1997-03-01,DELIVER IN PERSON,MAIL,gle across the quickly spe
12289-1,12289,1855,42,1,39.00,68517.15,0.02,0.07,N,O,1996-04-16,1996-02-12,1996-05-13,NONE,RAIL,ss instructions are. accounts thras
12289-2,12289,1936,81,2,29.00,53299.97,0.01,0.08,N,O,1996-03-11,1996-03-21,1996-04-06,COLLECT COD,AIR, closely final deposits detect unusua
12290-1,12290,1666,8,1,49.00,76815.34,0.07,0.04,N,O,1995-09-30,1995-08-11,1995-10-14,TAKE BACK RETURN,MAIL,its cajole across the express
12290-2,12290,1361,76,2,23.00,29034.28,0.03,0.02,N,O,1995-10-09,1995-09-01,1995-10-10,NONE,FOB,gside of th
12291-1,12291,1403,21,1,14.00,18261.60,0.02,0.08,N,O,1998-05-03,1998-06-12,1998-05-17,TAKE BACK RETURN,RAIL,"ccording to the even, regular i"
12292-1,12292,820,87,1,45.00,77436.90,0.07,0.08,A,F,1992-08-07,1992-07-14,1992-08-09,COLLECT COD,REG AIR,"ns sleep closely final, ironic reques"
12292-2,12292,1157,30,2,25.00,26453.75,0.10,0.01,A,F,1992-07-20,1992-07-06,1992-07-24,TAKE BACK RETURN,AIR,pecial theodolites
12292-3,12292,1514,35,3,42.00,59451.42,0.05,0.00,R,F,1992-06-12,1992-07-05,1992-07-07,DELIVER IN PERSON,SHIP,iously courts. req
12292-4,12292,293,75,4,15.00,17899.35,0.02,0.03,R,F,1992-08-26,1992-07-20,1992-09-11,COLLECT COD,RAIL,refully express excuses boost 
12293-1,12293,1684,85,1,28.00,44399.04,0.04,0.07,N,O,1995-10-02,1995-08-26,1995-10-14,COLLECT COD,AIR,"t regular, f"
12293-2,12293,2000,33,2,37.00,33374.00,0.10,0.02,N,O,1995-09-11,1995-09-07,1995-09-25,DELIVER IN PERSON,REG AIR,usly ironic deposits. r
12293-3,12293,1443,44,3,20.00,26888.80,0.03,0.00,N,O,1995-10-16,1995-07-26,1995-10-31,DELIVER IN PERSON,SHIP,slyly. furiously regular plat
12294-1,12294,1321,22,1,15.00,18334.80,0.06,0.04,N,O,1995-08-31,1995-08-25,1995-09-20,COLLECT COD,AIR,pinto beans. carefully ironic req
12294-2,12294,1050,51,2,39.00,37090.95,0.10,0.00,N,O,1995-11-02,1995-10-03,1995-11-26,DELIVER IN PERSON,AIR,against the bold deposits
12294-3,12294,1369,84,3,16.00,20325.76,0.00,0.08,N,O,1995-07-25,1995-09-13,1995-08-01,COLLECT COD,RAIL,sts. quickly express deposits wake 
12294-4,12294,6,82,4,39.00,35334.00,0.06,0.01,N,O,1995-09-09,1995-08-07,1995-09-22,COLLECT COD,TRUCK, regular deposits. spec
12294-5,12294,760,57,5,48.00,79716.48,0.05,0.00,N,O,1995-08-02,1995-09-11,1995-08-31,TAKE BACK RETURN,AIR, among the carefully pending a
12295-1,12295,823,23,1,45.00,77571.90,0.06,0.00,A,F,1993-12-02,1994-01-17,1993-12-13,COLLECT COD,FOB,uests. regular 
12295-2,12295,1490,30,2,8.00,11131.92,0.06,0.08,A,F,1994-03-01,1994-01-01,1994-03-12,NONE,TRUCK,ounts wake slyly. 
12320-1,12320,1370,85,1,43.00,54668.91,0.02,0.07,N,O,1996-02-29,1996-02-29,1996-03-28,NONE,REG AIR,ong the slyly silent requests serve among t
12320-2,12320,1937,38,2,33.00,60684.69,0.05,0.06,N,O,1996-02-18,1996-03-09,1996-02-29,COLLECT COD,TRUCK,its. even asymptotes cajole
12321-1,12321,1052,58,1,13.00,12389.65,0.01,0.02,A,F,1994-05-16,1994-05-14,1994-05-31,NONE,AIR,al courts. slyly express accounts aff
12322-1,12322,553,84,1,11.00,15989.05,0.00,0.06,N,F,1995-06-10,1995-06-12,1995-06-21,COLLECT COD,MAIL,y. careful
12322-2,12322,1185,22,2,20.00,21723.60,0.00,0.04,N,O,1995-07-20,1995-06-24,1995-08-04,TAKE BACK RETURN,REG AIR,ically regular 
12322-3,12322,1088,24,3,3.00,2967.24,0.07,0.06,R,F,1995-05-24,1995-08-05,1995-06-16,NONE,AIR,c hockey players. furiously un
12323-1,12323,1186,23,1,1.00,1087.18,0.04,0.00,N,O,1995-06-26,1995-06-13,1995-07-13,NONE,MAIL,sly final instruct
12323-2,12323,550,51,2,4.00,5802.20,0.02,0.05,N,O,1995-06-20,1995-06-04,1995-07-06,TAKE BACK RETURN,MAIL,ep slyly. 
12323-3,12323,193,46,3,34.00,37168.46,0.00,0.08,N,O,1995-07-28,1995-05-26,1995-08-05,COLLECT COD,RAIL,furiously ironic platelets am
12323-4,12323,978,81,4,35.00,65763.95,0.09,0.08,N,O,1995-06-28,1995-06-19,1995-07-05,COLLECT COD,TRUCK,ages wake quickly
12323-5,12323,371,100,5,6.00,7628.22,0.03,0.05,R,F,1995-04-19,1995-06-16,1995-05-02,NONE,AIR,al theodolites. express r
12323-6,12323,755,56,6,12.00,19869.00,0.00,0.02,N,O,1995-07-20,1995-06-01,1995-08-19,TAKE BACK RETURN,FOB,rding to the carefully regular depo
12324-1,12324,273,28,1,11.00,12905.97,0.07,0.06,N,O,1998-10-08,1998-10-01,1998-11-04,DELIVER IN PERSON,REG AIR,olites cajole slyly ac
12324-2,12324,1532,13,2,42.00,60208.26,0.00,0.03,N,O,1998-11-09,1998-09-27,1998-12-08,DELIVER IN PERSON,TRUCK, sleep blithely pending accounts. 
12324-3,12324,113,40,3,35.00,35458.85,0.02,0.08,N,O,1998-09-25,1998-10-22,1998-09-27,DELIVER IN PERSON,MAIL,s along the furiously even ide
12324-4,12324,487,17,4,13.00,18037.24,0.04,0.03,N,O,1998-11-07,1998-10-14,1998-11-10,NONE,AIR,unts sleep quickly regular packages. si
12324-5,12324,259,87,5,16.00,18548.00,0.07,0.00,N,O,1998-09-21,1998-10-21,1998-10-02,COLLECT COD,REG AIR,r requests are quickly blithely regula
12324-6,12324,1654,78,6,34.00,52892.10,0.03,0.07,N,O,1998-09-12,1998-10-16,1998-09-20,NONE,TRUCK,ependencies wake blithely
12325-1,12325,625,57,1,49.00,74755.38,0.08,0.02,R,F,1995-03-07,1995-04-04,1995-03-17,DELIVER IN PERSON,RAIL,ke carefully slyly regular requests. iron
12326-1,12326,427,86,1,12.00,15929.04,0.06,0.03,R,F,1995-04-17,1995-04-12,1995-05-02,TAKE BACK RETURN,MAIL,o the slyly unusual accounts. accounts a
12326-2,12326,1581,62,2,29.00,42994.82,0.05,0.03,R,F,1995-03-11,1995-05-04,1995-04-06,NONE,REG AIR,ideas nod carefully. even pinto be
12326-3,12326,776,41,3,43.00,72101.11,0.02,0.00,A,F,1995-05-07,1995-04-09,1995-05-10,DELIVER IN PERSON,TRUCK,lly special deposits.
12326-4,12326,1978,79,4,30.00,56399.10,0.09,0.04,R,F,1995-05-02,1995-03-19,1995-05-08,COLLECT COD,SHIP,cies. accounts cajole at the fi
12327-1,12327,1624,48,1,9.00,13730.58,0.07,0.04,N,O,1998-05-31,1998-05-30,1998-06-11,NONE,SHIP,ng to the blithely final requests. pe
12327-2,12327,1684,85,2,10.00,15856.80,0.05,0.02,N,O,1998-06-27,1998-06-24,1998-07-04,TAKE BACK RETURN,FOB,y regular deposits unw
12327-3,12327,276,4,3,9.00,10586.43,0.04,0.03,N,O,1998-07-12,1998-06-19,1998-08-02,COLLECT COD,SHIP,uriously e
12352-1,12352,343,72,1,31.00,38543.54,0.08,0.03,R,F,1992-06-15,1992-05-26,1992-07-15,NONE,FOB,ffily unusual 
12352-2,12352,1957,2,2,44.00,81793.80,0.09,0.01,A,F,1992-07-23,1992-05-04,1992-08-19,NONE,TRUCK,foxes according to t
12352-3,12352,1299,11,3,39.00,46811.31,0.05,0.08,A,F,1992-04-01,1992-05-27,1992-04-19,TAKE BACK RETURN,AIR,. slyly final accounts sleep after the
12352-4,12352,522,13,4,30.00,42675.60,0.10,0.07,A,F,1992-05-15,1992-05-15,1992-05-23,COLLECT COD,TRUCK,onic grouches affix 
12352-5,12352,378,63,5,20.00,25567.40,0.03,0.03,R,F,1992-06-13,1992-05-04,1992-06-30,COLLECT COD,FOB,s. busily stealthy foxes abov
12352-6,12352,1854,41,6,18.00,31605.30,0.04,0.00,R,F,1992-04-12,1992-05-27,1992-04-30,DELIVER IN PERSON,SHIP,. furiously ironic deposits g
12352-7,12352,751,84,7,48.00,79284.00,0.09,0.04,A,F,1992-06-12,1992-05-22,1992-06-29,DELIVER IN PERSON,REG AIR, to the quickly furious deposits. 
12353-1,12353,619,13,1,28.00,42549.08,0.02,0.04,N,O,1996-05-24,1996-06-10,1996-06-22,TAKE BACK RETURN,MAIL,equests wake slyly pending notorn
12353-2,12353,1002,38,2,43.00,38829.00,0.04,0.03,N,O,1996-08-05,1996-06-20,1996-08-28,NONE,TRUCK,"usual, unusual requests. ironi"
12353-3,12353,534,35,3,33.00,47339.49,0.10,0.01,N,O,1996-06-27,1996-05-25,1996-07-02,TAKE BACK RETURN,SHIP,lly around the slyly c
12353-4,12353,1977,10,4,26.00,48853.22,0.00,0.06,N,O,1996-07-25,1996-06-06,1996-08-02,TAKE BACK RETURN,REG AIR,uriously regular requests. carefully r
12353-5,12353,135,62,5,43.00,44510.59,0.05,0.02,N,O,1996-05-07,1996-06-11,1996-05-25,DELIVER IN PERSON,REG AIR,tructions sleep 
12354-1,12354,1726,69,1,18.00,29298.96,0.04,0.07,N,O,1997-02-07,1997-03-16,1997-03-05,TAKE BACK RETURN,TRUCK,ross the quickly i
12354-2,12354,219,74,2,15.00,16788.15,0.09,0.08,N,O,1997-04-27,1997-03-19,1997-05-14,TAKE BACK RETURN,SHIP, blithely final reque
12354-3,12354,150,77,3,8.00,8401.20,0.05,0.05,N,O,1997-05-02,1997-03-10,1997-05-08,DELIVER IN PERSON,REG AIR,y express accounts.
12355-1,12355,1258,59,1,31.00,35936.75,0.01,0.02,N,O,1995-09-08,1995-08-19,1995-09-19,NONE,SHIP,carefully silent
12355-2,12355,551,82,2,36.00,52255.80,0.09,0.06,N,O,1995-08-11,1995-07-14,1995-08-17,COLLECT COD,TRUCK,ly regular platelets. 
12355-3,12355,1016,17,3,14.00,12838.14,0.08,0.02,N,F,1995-06-13,1995-06-28,1995-07-11,NONE,MAIL,"sly silent,"
12355-4,12355,1685,86,4,47.00,74573.96,0.10,0.08,N,O,1995-06-30,1995-08-25,1995-07-03,NONE,TRUCK,"sts engage quickly. regular, unusual dec"
12355-5,12355,791,24,5,18.00,30452.22,0.09,0.04,N,F,1995-06-17,1995-08-20,1995-07-13,DELIVER IN PERSON,MAIL, carefully regular
12355-6,12355,947,16,6,35.00,64677.90,0.05,0.06,N,O,1995-09-21,1995-07-25,1995-10-20,DELIVER IN PERSON,FOB,quickly ironic sentime
12355-7,12355,1130,31,7,20.00,20622.60,0.01,0.02,N,O,1995-09-08,1995-07-10,1995-10-01,TAKE BACK RETURN,MAIL,final request
12356-1,12356,58,84,1,50.00,47902.50,0.05,0.03,A,F,1993-02-13,1992-12-03,1993-02-17,TAKE BACK RETURN,MAIL,tions. even packages haggle after 
12356-2,12356,547,48,2,26.00,37636.04,0.06,0.05,R,F,1992-11-25,1992-12-06,1992-12-24,DELIVER IN PERSON,TRUCK,posits unwind carefu
12356-3,12356,1124,25,3,38.00,38954.56,0.07,0.04,A,F,1992-11-19,1992-12-26,1992-12-09,TAKE BACK RETURN,TRUCK,s. even foxes haggle. packages about t
12357-1,12357,359,88,1,4.00,5037.40,0.09,0.04,N,O,1995-11-07,1995-11-16,1995-11-25,NONE,REG AIR,"al, unusual foxes abou"
12357-2,12357,1149,58,2,18.00,18902.52,0.06,0.04,N,O,1995-09-16,1995-10-06,1995-09-18,TAKE BACK RETURN,TRUCK,ess theodolites. 
12357-3,12357,1136,37,3,42.00,43559.46,0.03,0.08,N,O,1995-11-27,1995-10-06,1995-12-10,NONE,REG AIR,-ray quickly
12357-4,12357,943,12,4,12.00,22127.28,0.03,0.03,N,O,1995-11-29,1995-11-20,1995-11-30,TAKE BACK RETURN,TRUCK,ajole fluffily furiously f
12358-1,12358,1899,100,1,19.00,34216.91,0.04,0.00,N,O,1997-01-15,1996-12-03,1997-02-10,DELIVER IN PERSON,AIR, quickly final accounts
12358-2,12358,1539,40,2,27.00,38894.31,0.02,0.02,N,O,1996-11-17,1996-11-29,1996-12-14,TAKE BACK RETURN,RAIL,ld ideas wake fluffily slyly regu
12358-3,12358,1336,37,3,3.00,3711.99,0.04,0.00,N,O,1996-12-26,1996-12-09,1997-01-02,TAKE BACK RETURN,SHIP, carefully. packages haggle. f
12358-4,12358,511,72,4,31.00,43756.81,0.05,0.05,N,O,1997-01-29,1996-11-28,1997-02-27,TAKE BACK RETURN,REG AIR,g requests cajole fluffily 
12358-5,12358,1912,45,5,32.00,58045.12,0.08,0.01,N,O,1997-01-30,1996-11-10,1997-02-03,NONE,RAIL,riously regular requests haggl
12358-6,12358,1405,23,6,1.00,1306.40,0.06,0.04,N,O,1996-10-16,1996-11-19,1996-11-13,COLLECT COD,RAIL,rmanent foxes doubt slyly. slyly final acco
12358-7,12358,976,79,7,30.00,56309.10,0.01,0.02,N,O,1997-01-24,1997-01-06,1997-01-28,COLLECT COD,FOB,lms. carefully special requests pla
12359-1,12359,581,72,1,33.00,48892.14,0.00,0.08,N,O,1997-07-23,1997-07-21,1997-08-08,DELIVER IN PERSON,FOB,eep against the bravel
12359-2,12359,1087,88,2,42.00,41499.36,0.03,0.08,N,O,1997-06-16,1997-07-18,1997-06-17,TAKE BACK RETURN,RAIL,ackages impress bli
12359-3,12359,913,16,3,27.00,48975.57,0.10,0.02,N,O,1997-08-05,1997-08-19,1997-08-25,NONE,REG AIR,unusual packages. carefully expres
12359-4,12359,1697,98,4,48.00,76737.12,0.03,0.00,N,O,1997-08-18,1997-08-17,1997-09-12,COLLECT COD,REG AIR,egular instructions. b
12384-1,12384,1877,21,1,17.00,30240.79,0.03,0.00,N,O,1998-11-14,1998-09-05,1998-12-01,COLLECT COD,AIR,nst the express accounts. slyly
12384-2,12384,1503,4,2,47.00,66011.50,0.05,0.07,N,O,1998-09-01,1998-09-28,1998-10-01,NONE,MAIL,posits snooze closely among the 
12384-3,12384,453,41,3,20.00,27069.00,0.09,0.06,N,O,1998-08-11,1998-10-23,1998-09-05,DELIVER IN PERSON,MAIL,"r, even accounts."
12384-4,12384,1358,73,4,8.00,10074.80,0.09,0.01,N,O,1998-10-15,1998-10-09,1998-11-05,COLLECT COD,MAIL,nic deposits use regu
12384-5,12384,842,42,5,6.00,10457.04,0.04,0.00,N,O,1998-11-26,1998-10-04,1998-12-08,COLLECT COD,RAIL,e fluffily ironic packages. fu
12384-6,12384,791,56,6,39.00,65979.81,0.04,0.01,N,O,1998-08-06,1998-10-11,1998-09-01,NONE,REG AIR,wake along the fluffily special packages
12384-7,12384,1073,79,7,8.00,7792.56,0.01,0.01,N,O,1998-09-22,1998-09-22,1998-10-18,TAKE BACK RETURN,RAIL,special packages cajole fur
12385-1,12385,1322,99,1,6.00,7339.92,0.01,0.03,R,F,1993-03-20,1993-02-10,1993-03-26,COLLECT COD,RAIL,ies detect blit
12385-2,12385,1588,9,2,22.00,32770.76,0.01,0.04,R,F,1993-01-01,1993-02-12,1993-01-19,DELIVER IN PERSON,TRUCK,ounts. regular accou
12385-3,12385,1919,20,3,1.00,1820.91,0.00,0.08,R,F,1993-01-28,1993-01-05,1993-02-22,NONE,FOB,y pending deposits sleep quickly above t
12385-4,12385,371,100,4,32.00,40683.84,0.01,0.02,A,F,1993-01-10,1993-01-01,1993-01-22,NONE,RAIL,cial dependencies. quickly sp
12385-5,12385,1451,69,5,6.00,8114.70,0.02,0.08,A,F,1993-02-19,1993-01-29,1993-03-09,NONE,RAIL,gular ideas nag q
12386-1,12386,965,100,1,49.00,91432.04,0.10,0.06,R,F,1992-06-29,1992-06-01,1992-07-24,COLLECT COD,REG AIR,ajole slyly a
12386-2,12386,1751,36,2,34.00,56193.50,0.07,0.02,R,F,1992-05-26,1992-05-18,1992-06-15,TAKE BACK RETURN,MAIL,en packages. enticingly iron
12386-3,12386,1056,27,3,32.00,30625.60,0.08,0.06,A,F,1992-05-29,1992-05-08,1992-06-08,TAKE BACK RETURN,TRUCK,"regular, regular ideas affix sl"
12386-4,12386,845,12,4,43.00,75071.12,0.03,0.08,A,F,1992-06-19,1992-05-25,1992-07-10,TAKE BACK RETURN,MAIL,"regular foxes. unusual, un"
12386-5,12386,1703,46,5,43.00,69002.10,0.07,0.02,A,F,1992-04-15,1992-05-17,1992-05-01,NONE,AIR,old foxes. blithely regular
12387-1,12387,1287,99,1,46.00,54660.88,0.10,0.07,N,O,1997-09-18,1997-08-30,1997-10-03,TAKE BACK RETURN,AIR,e the carefully regular asymptotes are qu
12388-1,12388,1869,13,1,47.00,83230.42,0.01,0.04,N,O,1997-12-07,1997-12-01,1997-12-08,COLLECT COD,SHIP, accounts wake quickly ab
12388-2,12388,1693,94,2,17.00,27109.73,0.09,0.07,N,O,1998-01-13,1997-12-17,1998-01-25,NONE,MAIL,old dugout
12388-3,12388,1196,5,3,15.00,16457.85,0.04,0.08,N,O,1997-11-17,1998-01-12,1997-12-15,COLLECT COD,TRUCK, regular accounts use. idle packa
12388-4,12388,1703,46,4,31.00,49745.70,0.02,0.04,N,O,1997-12-28,1997-11-26,1998-01-07,TAKE BACK RETURN,REG AIR,egular deposits haggle 
12388-5,12388,209,64,5,40.00,44368.00,0.03,0.01,N,O,1997-12-19,1997-11-15,1998-01-12,DELIVER IN PERSON,RAIL,uses. requests
12388-6,12388,1813,100,6,50.00,85740.50,0.10,0.00,N,O,1997-11-29,1997-12-10,1997-12-09,NONE,REG AIR,es use slyly sil
12388-7,12388,1162,99,7,29.00,30831.64,0.08,0.08,N,O,1997-11-01,1998-01-07,1997-11-11,NONE,AIR,ins haggle furio
12389-1,12389,793,58,1,31.00,52507.49,0.06,0.06,R,F,1994-09-07,1994-09-30,1994-09-29,DELIVER IN PERSON,TRUCK,"ggle idly final, pending theodolit"
12389-2,12389,562,23,2,44.00,64352.64,0.02,0.03,A,F,1994-10-29,1994-10-22,1994-11-13,DELIVER IN PERSON,REG AIR,unts. blithely regular escap
12389-3,12389,1188,89,3,12.00,13070.16,0.07,0.04,R,F,1994-09-19,1994-10-18,1994-10-15,DELIVER IN PERSON,AIR,ial foxes by the caref
12389-4,12389,567,68,4,43.00,63105.08,0.10,0.03,A,F,1994-09-22,1994-09-20,1994-10-05,TAKE BACK RETURN,AIR,l accounts haggl
12389-5,12389,67,18,5,20.00,19341.20,0.06,0.08,A,F,1994-10-04,1994-10-21,1994-10-06,NONE,TRUCK,ow pinto beans after the final pac
12389-6,12389,210,65,6,8.00,8881.68,0.01,0.02,R,F,1994-08-12,1994-10-06,1994-09-11,DELIVER IN PERSON,FOB,ly along the 
12389-7,12389,1508,9,7,19.00,26780.50,0.10,0.06,A,F,1994-10-14,1994-10-04,1994-10-15,TAKE BACK RETURN,MAIL,uriously ironic ideas! da
12390-1,12390,1676,59,1,16.00,25242.72,0.03,0.02,N,O,1996-07-21,1996-08-04,1996-08-20,TAKE BACK RETURN,TRUCK,"its affix through the regular, pend"
12390-2,12390,1392,69,2,8.00,10347.12,0.10,0.03,N,O,1996-07-20,1996-08-17,1996-08-17,DELIVER IN PERSON,REG AIR,ts wake furiously according to the requests
12390-3,12390,1852,53,3,9.00,15784.65,0.09,0.06,N,O,1996-06-30,1996-08-18,1996-07-17,TAKE BACK RETURN,FOB,lets. carefully bold pinto beans amo
12391-1,12391,480,68,1,26.00,35892.48,0.05,0.05,N,O,1998-10-26,1998-09-23,1998-11-24,DELIVER IN PERSON,TRUCK,"al requests wake carefully regular,"
12391-2,12391,467,68,2,45.00,61535.70,0.07,0.03,N,O,1998-08-15,1998-08-29,1998-08-22,NONE,SHIP,furiously ironic th
12416-1,12416,601,2,1,7.00,10511.20,0.10,0.05,R,F,1993-10-18,1993-09-01,1993-10-27,DELIVER IN PERSON,AIR,tealthy asymptotes
12417-1,12417,452,53,1,25.00,33811.25,0.03,0.08,R,F,1993-11-23,1993-12-29,1993-12-11,NONE,AIR,bold reque
12417-2,12417,1843,30,2,21.00,36641.64,0.02,0.01,A,F,1993-11-26,1994-01-11,1993-12-12,NONE,AIR,olites. furiously regular 
12417-3,12417,1567,48,3,45.00,66085.20,0.08,0.00,R,F,1994-01-03,1994-01-07,1994-01-11,COLLECT COD,AIR,pendencies wake quic
12417-4,12417,1441,42,4,45.00,60409.80,0.01,0.06,A,F,1994-02-04,1993-11-25,1994-02-28,NONE,TRUCK,p quickly ins
12417-5,12417,499,100,5,24.00,33587.76,0.01,0.05,A,F,1993-11-03,1993-12-25,1993-11-18,NONE,REG AIR, requests sleep busi
12418-1,12418,1922,23,1,7.00,12767.44,0.05,0.03,A,F,1992-05-20,1992-04-09,1992-06-09,COLLECT COD,RAIL,theodolites nag 
12418-2,12418,867,67,2,5.00,8839.30,0.09,0.03,R,F,1992-04-14,1992-03-27,1992-05-07,COLLECT COD,RAIL,deposits sleep. carefully express 
12418-3,12418,1109,46,3,38.00,38383.80,0.05,0.04,A,F,1992-05-11,1992-03-28,1992-06-07,NONE,MAIL,"are ironic, ironic requ"
12418-4,12418,103,4,4,34.00,34105.40,0.04,0.06,A,F,1992-06-05,1992-05-03,1992-06-19,DELIVER IN PERSON,MAIL,gular accounts. packages beyond the sl
12418-5,12418,119,46,5,10.00,10191.10,0.10,0.05,A,F,1992-04-24,1992-05-03,1992-05-16,DELIVER IN PERSON,MAIL,the furiously unusual ins
12418-6,12418,1890,91,6,12.00,21502.68,0.08,0.08,A,F,1992-06-15,1992-05-12,1992-06-17,COLLECT COD,SHIP, slyly acr
12419-1,12419,907,42,1,26.00,47005.40,0.09,0.06,N,O,1995-11-28,1995-12-26,1995-12-01,COLLECT COD,REG AIR,y regular requests. qui
12419-2,12419,1151,52,2,18.00,18938.70,0.02,0.07,N,O,1996-01-29,1995-12-20,1996-02-06,COLLECT COD,FOB, slyly regula
12419-3,12419,1742,43,3,44.00,72324.56,0.08,0.00,N,O,1995-10-31,1996-01-08,1995-11-02,NONE,TRUCK,accounts print quickly 
12419-4,12419,820,87,4,42.00,72274.44,0.04,0.04,N,O,1996-02-09,1995-11-15,1996-02-19,TAKE BACK RETURN,REG AIR,ts. slyly ironic dinos wake slyly. quick
12419-5,12419,50,1,5,24.00,22801.20,0.05,0.06,N,O,1996-01-25,1996-01-14,1996-02-05,COLLECT COD,RAIL," foxes. regular, pending accounts are car"
12419-6,12419,1440,58,6,19.00,25487.36,0.09,0.01,N,O,1995-11-30,1995-12-06,1995-12-20,COLLECT COD,FOB,und the slyly bold 
12419-7,12419,588,19,7,12.00,17862.96,0.00,0.04,N,O,1995-11-21,1995-11-18,1995-12-07,DELIVER IN PERSON,RAIL,s use blithely pendi
12420-1,12420,644,7,1,39.00,60240.96,0.04,0.06,R,F,1994-04-06,1994-03-20,1994-04-25,NONE,AIR,"the unusual, final"
12420-2,12420,1771,72,2,22.00,36800.94,0.09,0.03,A,F,1994-03-31,1994-02-03,1994-04-05,NONE,SHIP,ep furiously according to the entic
12420-3,12420,1351,90,3,5.00,6261.75,0.07,0.08,A,F,1994-01-16,1994-03-02,1994-02-01,NONE,REG AIR,slyly according 
12420-4,12420,634,97,4,7.00,10742.41,0.10,0.08,A,F,1994-02-18,1994-02-09,1994-02-22,COLLECT COD,TRUCK,ckages. blithely bold packages 
12420-5,12420,952,87,5,30.00,55588.50,0.02,0.03,R,F,1994-01-12,1994-02-26,1994-02-06,DELIVER IN PERSON,RAIL,ounts. carefully unusual ideas nag bli
12420-6,12420,1346,23,6,9.00,11226.06,0.08,0.03,A,F,1994-02-12,1994-02-12,1994-02-18,DELIVER IN PERSON,FOB,ounts. carefully regular accounts are slyly
12421-1,12421,292,93,1,37.00,44114.73,0.05,0.01,N,O,1996-02-26,1995-12-15,1996-03-22,COLLECT COD,REG AIR,y pending foxes? carefully regul
12421-2,12421,1173,82,2,24.00,25780.08,0.00,0.03,N,O,1995-12-25,1995-12-20,1996-01-06,DELIVER IN PERSON,SHIP,xes boost about th
12421-3,12421,1305,20,3,43.00,51870.90,0.04,0.08,N,O,1995-11-09,1996-01-26,1995-11-20,TAKE BACK RETURN,REG AIR,ic asymptotes. 
12421-4,12421,133,60,4,6.00,6198.78,0.09,0.08,N,O,1995-12-04,1996-01-05,1995-12-20,DELIVER IN PERSON,MAIL,y final deposits sleep slyly above th
12421-5,12421,505,36,5,43.00,60436.50,0.07,0.00,N,O,1996-02-20,1996-01-08,1996-03-06,TAKE BACK RETURN,FOB, the blith
12421-6,12421,1167,68,6,27.00,28840.32,0.10,0.05,N,O,1996-01-13,1996-01-10,1996-01-18,NONE,TRUCK,"ilent, final do"
12422-1,12422,82,33,1,33.00,32408.64,0.08,0.05,N,O,1995-08-01,1995-08-11,1995-08-24,COLLECT COD,FOB,requests use until the never ironic requ
12422-2,12422,1303,4,2,21.00,25290.30,0.05,0.08,N,O,1995-07-08,1995-07-24,1995-07-19,COLLECT COD,MAIL,carefully speci
12422-3,12422,1484,24,3,14.00,19396.72,0.02,0.00,N,F,1995-06-06,1995-08-09,1995-06-28,NONE,REG AIR,ly regular packages cajole. depe
12422-4,12422,1956,57,4,46.00,85465.70,0.09,0.08,N,O,1995-09-20,1995-06-26,1995-10-07,TAKE BACK RETURN,REG AIR,y ironic dep
12422-5,12422,93,94,5,16.00,15889.44,0.02,0.03,N,O,1995-06-19,1995-07-01,1995-06-27,DELIVER IN PERSON,TRUCK,kly final accounts. blithely even somas p
12422-6,12422,1497,76,6,29.00,40556.21,0.02,0.03,N,F,1995-06-16,1995-07-10,1995-06-24,DELIVER IN PERSON,FOB,gular accounts
12423-1,12423,900,34,1,2.00,3601.80,0.08,0.02,R,F,1992-09-05,1992-09-09,1992-09-14,COLLECT COD,RAIL,haggle furiously. ideas across 
12423-2,12423,1264,76,2,26.00,30296.76,0.04,0.05,R,F,1992-08-07,1992-10-01,1992-08-11,COLLECT COD,MAIL,"yly after the ironic, express depo"
12423-3,12423,594,85,3,38.00,56794.42,0.05,0.05,R,F,1992-10-09,1992-08-20,1992-10-29,COLLECT COD,SHIP,le quickly across the carefully sp
12448-1,12448,1113,22,1,16.00,16225.76,0.06,0.02,N,O,1996-03-01,1996-01-19,1996-03-06,DELIVER IN PERSON,TRUCK,es poach blithely slyly exp
12448-2,12448,1226,27,2,17.00,19162.74,0.05,0.05,N,O,1996-03-05,1995-12-31,1996-04-02,COLLECT COD,TRUCK,final hockey players sleep slyly quic
12448-3,12448,1588,9,3,42.00,62562.36,0.03,0.06,N,O,1996-01-24,1995-12-15,1996-02-10,NONE,FOB,its mold from th
12448-4,12448,352,9,4,24.00,30056.40,0.01,0.05,N,O,1996-02-12,1996-01-05,1996-02-26,COLLECT COD,SHIP,special excuse
12448-5,12448,1799,100,5,17.00,28913.43,0.07,0.05,N,O,1995-11-24,1996-01-30,1995-12-09,DELIVER IN PERSON,MAIL,use packages. ironic frets 
12449-1,12449,1522,3,1,45.00,64058.40,0.02,0.03,A,F,1993-04-08,1993-03-28,1993-04-10,TAKE BACK RETURN,REG AIR,instructions. accounts boo
12449-2,12449,180,7,2,45.00,48608.10,0.09,0.02,A,F,1993-02-06,1993-04-26,1993-02-24,COLLECT COD,TRUCK, deposits. slyly final pinto beans about
12449-3,12449,1682,65,3,16.00,25338.88,0.06,0.00,A,F,1993-02-04,1993-04-27,1993-03-06,COLLECT COD,RAIL,s deposits impress fluffily
12450-1,12450,1091,92,1,40.00,39683.60,0.01,0.06,R,F,1994-03-31,1994-06-09,1994-04-07,TAKE BACK RETURN,SHIP,ep carefully fu
12451-1,12451,310,95,1,49.00,59305.19,0.07,0.06,R,F,1993-06-27,1993-07-05,1993-06-28,NONE,FOB,y along the furiously express
12451-2,12451,1430,9,2,29.00,38611.47,0.04,0.06,A,F,1993-06-24,1993-07-11,1993-07-17,NONE,MAIL,"usly. final, ironic excuses haggle furiou"
12451-3,12451,1010,81,3,19.00,17309.19,0.02,0.02,R,F,1993-06-04,1993-05-23,1993-06-15,NONE,MAIL,excuses haggl
12451-4,12451,824,25,4,49.00,84516.18,0.02,0.08,A,F,1993-05-08,1993-07-14,1993-05-26,COLLECT COD,REG AIR,blithely even
12451-5,12451,244,26,5,20.00,22884.80,0.09,0.05,R,F,1993-06-27,1993-05-29,1993-07-22,DELIVER IN PERSON,TRUCK,onic ideas haggle across the c
12451-6,12451,1561,82,6,28.00,40951.68,0.00,0.00,A,F,1993-06-13,1993-07-13,1993-07-04,DELIVER IN PERSON,MAIL,s according to the fluffily unusual platel
12451-7,12451,277,78,7,26.00,30609.02,0.00,0.03,R,F,1993-07-01,1993-06-30,1993-07-27,DELIVER IN PERSON,RAIL,icingly express instructio
12452-1,12452,1252,27,1,14.00,16145.50,0.08,0.01,R,F,1994-03-29,1994-01-17,1994-04-10,NONE,MAIL,"ular requests. quiet, s"
12452-2,12452,1614,15,2,31.00,46983.91,0.10,0.07,R,F,1994-01-04,1994-01-15,1994-01-16,NONE,RAIL,vely along the ironic accoun
12452-3,12452,717,14,3,31.00,50149.01,0.09,0.07,A,F,1994-01-14,1994-02-09,1994-01-31,NONE,MAIL,ly across the 
12452-4,12452,616,10,4,44.00,66730.84,0.10,0.07,A,F,1994-03-29,1994-01-10,1994-04-14,DELIVER IN PERSON,TRUCK, ironic accounts. regular pa
12453-1,12453,1788,89,1,33.00,55762.74,0.03,0.06,R,F,1994-03-26,1994-03-08,1994-04-06,TAKE BACK RETURN,RAIL,hely bold gifts are carefully request
12453-2,12453,1400,39,2,20.00,26028.00,0.00,0.03,R,F,1994-04-04,1994-03-08,1994-04-05,COLLECT COD,MAIL,ic packages cajole acros
12453-3,12453,1396,11,3,26.00,33732.14,0.08,0.05,R,F,1994-01-20,1994-04-07,1994-01-22,DELIVER IN PERSON,TRUCK,ng the packages. furiously final deposits 
12453-4,12453,833,34,4,1.00,1733.83,0.10,0.05,R,F,1994-04-20,1994-04-07,1994-04-26,NONE,REG AIR,"equests. regular, furious ideas nag a"
12453-5,12453,1584,25,5,28.00,41596.24,0.07,0.01,R,F,1994-05-09,1994-02-19,1994-06-06,NONE,SHIP,final foxes cajole ironic packages. caref
12453-6,12453,1393,70,6,17.00,22004.63,0.01,0.08,A,F,1994-02-12,1994-03-04,1994-03-07,DELIVER IN PERSON,MAIL,"iously regular, express r"
12454-1,12454,1170,7,1,39.00,41775.63,0.05,0.07,N,O,1997-04-01,1997-05-23,1997-04-25,DELIVER IN PERSON,AIR,ackages. blithely ironic depo
12455-1,12455,1996,29,1,37.00,70225.63,0.10,0.07,A,F,1992-12-14,1992-10-29,1992-12-28,TAKE BACK RETURN,MAIL,ironic idea
12455-2,12455,864,31,2,10.00,17648.60,0.09,0.01,A,F,1992-10-05,1992-11-26,1992-10-11,NONE,RAIL,usual deposits. bli
12455-3,12455,797,94,3,45.00,76400.55,0.05,0.06,R,F,1992-12-21,1992-11-06,1992-12-22,NONE,AIR,xcuses breach slyly beneath the slowly
12455-4,12455,995,96,4,29.00,54983.71,0.09,0.06,A,F,1992-11-23,1992-11-21,1992-11-24,DELIVER IN PERSON,AIR,ges are beyond the even
12455-5,12455,448,36,5,2.00,2696.88,0.01,0.03,A,F,1992-09-30,1992-10-28,1992-10-05,DELIVER IN PERSON,REG AIR,nal theodolites. furiously even
12480-1,12480,613,7,1,30.00,45408.30,0.05,0.02,A,F,1994-09-11,1994-09-10,1994-09-17,COLLECT COD,RAIL,ong the platelets doubt sly
12480-2,12480,521,12,2,22.00,31273.44,0.06,0.08,R,F,1994-07-31,1994-08-26,1994-08-12,NONE,RAIL, pending excuses. accounts wake quickly wi
12480-3,12480,869,70,3,26.00,46016.36,0.02,0.03,R,F,1994-11-05,1994-09-16,1994-11-06,COLLECT COD,TRUCK,omas sleep al
12481-1,12481,852,52,1,14.00,24539.90,0.02,0.00,N,O,1995-11-05,1995-08-18,1995-11-20,TAKE BACK RETURN,AIR,c dependencies. quickly silent pi
12481-2,12481,1291,92,2,23.00,27422.67,0.04,0.03,N,O,1995-09-22,1995-09-15,1995-09-27,NONE,TRUCK,carefully ironic instru
12481-3,12481,1202,3,3,23.00,25373.60,0.09,0.04,N,O,1995-08-10,1995-08-15,1995-09-07,COLLECT COD,RAIL,onic dolphins. even foxes wake slyly ab
12481-4,12481,1292,67,4,9.00,10739.61,0.08,0.08,N,O,1995-07-31,1995-10-05,1995-08-17,DELIVER IN PERSON,TRUCK, boost evenly toward the enticing
12482-1,12482,168,21,1,10.00,10681.60,0.03,0.05,N,O,1996-02-19,1996-03-05,1996-03-09,DELIVER IN PERSON,RAIL,structions doze regularly aft
12482-2,12482,1175,12,2,40.00,43046.80,0.05,0.06,N,O,1996-04-10,1996-03-09,1996-04-22,NONE,TRUCK,slyly bold accounts haggle slyly about the 
12482-3,12482,138,39,3,50.00,51906.50,0.10,0.02,N,O,1996-05-04,1996-03-04,1996-05-28,COLLECT COD,TRUCK,structions haggle. silent i
12482-4,12482,179,58,4,8.00,8633.36,0.07,0.02,N,O,1996-03-18,1996-04-06,1996-04-16,COLLECT COD,MAIL, believe abou
12482-5,12482,1128,29,5,45.00,46310.40,0.10,0.04,N,O,1996-01-11,1996-02-10,1996-02-10,NONE,TRUCK,re ironic notornis. bold deposits haggl
12483-1,12483,894,28,1,22.00,39487.58,0.07,0.08,R,F,1993-10-31,1993-10-27,1993-11-02,NONE,TRUCK,ffix-- fluffily regular fo
12483-2,12483,1888,32,2,28.00,50116.64,0.10,0.06,R,F,1993-11-19,1993-10-07,1993-11-23,DELIVER IN PERSON,REG AIR,s. blithely unusual asymptotes cajole ar
12483-3,12483,11,87,3,29.00,26419.29,0.07,0.00,R,F,1993-08-22,1993-09-22,1993-09-04,NONE,REG AIR,ironic ideas boost caref
12483-4,12483,512,73,4,28.00,39550.28,0.01,0.04,R,F,1993-10-28,1993-09-23,1993-11-10,COLLECT COD,RAIL, beans. slyly iron
12483-5,12483,1299,37,5,1.00,1200.29,0.05,0.01,R,F,1993-08-12,1993-09-11,1993-08-27,TAKE BACK RETURN,MAIL,ld packages. carefully unusual
12484-1,12484,351,80,1,34.00,42545.90,0.06,0.02,N,O,1995-09-28,1995-11-06,1995-10-19,COLLECT COD,TRUCK,al packages! pinto bean
12484-2,12484,362,47,2,30.00,37870.80,0.10,0.00,N,O,1995-12-12,1995-10-13,1995-12-25,COLLECT COD,SHIP,carefully pending packages. final fray
12484-3,12484,1671,54,3,26.00,40889.42,0.01,0.01,N,O,1995-09-29,1995-10-09,1995-10-28,NONE,REG AIR,. slyly regular packages about the furiou
12484-4,12484,75,26,4,1.00,975.07,0.04,0.07,N,O,1995-11-15,1995-11-16,1995-12-02,DELIVER IN PERSON,REG AIR,arly regular packages haggle. blithely i
12484-5,12484,126,79,5,50.00,51306.00,0.01,0.00,N,O,1995-09-19,1995-10-16,1995-09-30,TAKE BACK RETURN,RAIL,ests detect carefully furiousl
12484-6,12484,1282,57,6,14.00,16565.92,0.07,0.08,N,O,1995-12-07,1995-10-27,1995-12-21,TAKE BACK RETURN,AIR,ully even instructions. slyly regular reque
12485-1,12485,1051,52,1,41.00,39034.05,0.03,0.07,R,F,1993-11-14,1993-10-15,1993-11-30,COLLECT COD,RAIL,uests. furiously fin
12485-2,12485,1190,27,2,32.00,34918.08,0.01,0.07,R,F,1993-11-26,1993-09-10,1993-12-05,DELIVER IN PERSON,FOB,after the quickly ironic dolphin
12485-3,12485,361,18,3,8.00,10090.88,0.08,0.01,R,F,1993-10-05,1993-10-23,1993-10-27,TAKE BACK RETURN,RAIL," even, even asymptotes. bli"
12485-4,12485,1213,14,4,28.00,31197.88,0.07,0.04,A,F,1993-11-17,1993-11-03,1993-12-07,TAKE BACK RETURN,MAIL,round the regular requests. un
12485-5,12485,103,30,5,29.00,29089.90,0.05,0.03,A,F,1993-08-31,1993-09-09,1993-09-22,TAKE BACK RETURN,FOB,express asymptotes use blithely 
12485-6,12485,1150,87,6,19.00,19971.85,0.10,0.08,A,F,1993-08-17,1993-09-07,1993-09-07,COLLECT COD,MAIL,lithely regu
12485-7,12485,212,40,7,43.00,47825.03,0.08,0.01,R,F,1993-09-12,1993-10-16,1993-09-30,COLLECT COD,FOB,y regular packages. carefully regular 
12486-1,12486,1471,72,1,26.00,35684.22,0.09,0.04,A,F,1995-04-30,1995-04-11,1995-05-14,NONE,SHIP, into the reg
12486-2,12486,1185,58,2,19.00,20637.42,0.08,0.04,A,F,1995-06-01,1995-04-10,1995-06-07,DELIVER IN PERSON,MAIL,ly express packages
12486-3,12486,837,4,3,15.00,26067.45,0.07,0.04,N,F,1995-06-07,1995-04-09,1995-06-22,TAKE BACK RETURN,SHIP,hely between the slyly reg
12486-4,12486,197,76,4,19.00,20846.61,0.06,0.04,N,O,1995-06-20,1995-05-13,1995-07-19,NONE,RAIL, requests above t
12486-5,12486,1106,7,5,20.00,20142.00,0.10,0.05,N,F,1995-06-16,1995-05-08,1995-06-28,TAKE BACK RETURN,MAIL,ges cajole. foxes use beneath the bold
12486-6,12486,997,32,6,4.00,7591.96,0.08,0.05,R,F,1995-03-05,1995-04-03,1995-03-07,DELIVER IN PERSON,TRUCK,across the carefully unusual a
12486-7,12486,1580,81,7,38.00,56300.04,0.01,0.05,N,F,1995-06-15,1995-04-17,1995-06-29,NONE,SHIP,g deposits engage fluffily. carefully 
12487-1,12487,1277,78,1,34.00,40061.18,0.02,0.05,R,F,1995-02-07,1995-02-28,1995-02-27,TAKE BACK RETURN,FOB,"rding to the asymptotes. final, regula"
12512-1,12512,1248,49,1,25.00,28731.00,0.03,0.08,N,O,1996-05-02,1996-05-17,1996-05-18,NONE,MAIL,al foxes sleep quickly according to
12512-2,12512,1784,69,2,28.00,47201.84,0.10,0.01,N,O,1996-07-04,1996-05-06,1996-07-22,DELIVER IN PERSON,AIR,sly pending ideas must have to sleep. 
12512-3,12512,1288,63,3,27.00,32110.56,0.03,0.06,N,O,1996-07-22,1996-05-11,1996-07-25,NONE,RAIL,"ges. regular, express deposits aga"
12513-1,12513,254,82,1,31.00,35781.75,0.07,0.02,N,O,1997-11-18,1997-10-14,1997-12-18,NONE,TRUCK,tegrate furious
12513-2,12513,827,27,2,2.00,3455.64,0.01,0.04,N,O,1997-09-13,1997-11-28,1997-09-24,TAKE BACK RETURN,REG AIR,y regular acc
12513-3,12513,1765,8,3,16.00,26668.16,0.09,0.01,N,O,1997-10-10,1997-10-10,1997-10-15,TAKE BACK RETURN,FOB,among the carefully ironic accounts
12514-1,12514,1399,100,1,22.00,28608.58,0.04,0.06,A,F,1994-08-23,1994-05-28,1994-09-02,COLLECT COD,TRUCK,ven instructions sleep
12514-2,12514,676,39,2,6.00,9460.02,0.01,0.00,R,F,1994-05-27,1994-07-07,1994-06-23,TAKE BACK RETURN,AIR," final, even deposits use along the ironic"
12515-1,12515,1733,76,1,37.00,60485.01,0.00,0.05,A,F,1993-06-07,1993-07-28,1993-07-01,TAKE BACK RETURN,FOB,latelets are slowly quickly even dep
12515-2,12515,1911,56,2,29.00,52574.39,0.07,0.07,A,F,1993-07-03,1993-07-17,1993-07-28,COLLECT COD,MAIL,ously bold pinto bea
12515-3,12515,162,15,3,11.00,11683.76,0.02,0.07,A,F,1993-06-11,1993-07-23,1993-06-25,COLLECT COD,REG AIR,s. dependencies detect
12516-1,12516,1816,17,1,35.00,60123.35,0.09,0.03,R,F,1994-08-04,1994-08-13,1994-08-23,TAKE BACK RETURN,MAIL,ending packages wa
12516-2,12516,619,13,2,28.00,42549.08,0.03,0.04,R,F,1994-05-26,1994-07-10,1994-06-24,COLLECT COD,SHIP,gular ideas. unusual pint
12516-3,12516,1043,44,3,14.00,13216.56,0.05,0.08,R,F,1994-09-23,1994-07-18,1994-10-22,DELIVER IN PERSON,SHIP,detect around
12517-1,12517,546,37,1,21.00,30377.34,0.07,0.07,N,O,1997-03-27,1997-03-24,1997-04-01,COLLECT COD,RAIL," are. bold, final e"
12517-2,12517,653,16,2,17.00,26412.05,0.08,0.08,N,O,1997-02-22,1997-03-24,1997-03-21,COLLECT COD,REG AIR,refully. silent
12517-3,12517,1803,4,3,17.00,28981.60,0.05,0.01,N,O,1997-04-18,1997-03-24,1997-04-26,NONE,SHIP,kages. fluffily ev
12518-1,12518,631,25,1,11.00,16847.93,0.08,0.03,A,F,1993-10-25,1993-09-09,1993-10-31,TAKE BACK RETURN,TRUCK, wake fluffily. theodolites
12518-2,12518,753,86,2,19.00,31421.25,0.08,0.00,A,F,1993-11-03,1993-09-25,1993-11-16,COLLECT COD,MAIL, packages detect. gifts haggle
12518-3,12518,1763,90,3,21.00,34959.96,0.09,0.07,A,F,1993-09-13,1993-10-12,1993-10-13,NONE,RAIL,"regular, ironic f"
12518-4,12518,1718,3,4,7.00,11337.97,0.05,0.02,A,F,1993-09-16,1993-10-03,1993-09-17,DELIVER IN PERSON,TRUCK,uriously ironic asymptotes wake blithely 
12518-5,12518,1669,11,5,6.00,9423.96,0.05,0.00,A,F,1993-07-27,1993-10-21,1993-08-21,DELIVER IN PERSON,TRUCK,losely upo
12518-6,12518,1064,35,6,3.00,2895.18,0.03,0.00,R,F,1993-08-12,1993-10-19,1993-08-13,TAKE BACK RETURN,TRUCK, pinto beans boost after the foxes: 
12518-7,12518,78,79,7,50.00,48903.50,0.00,0.07,A,F,1993-10-10,1993-08-22,1993-10-11,NONE,MAIL,express instructions cajole furiously aft
12519-1,12519,460,90,1,23.00,31290.58,0.08,0.02,R,F,1994-04-30,1994-03-15,1994-05-04,DELIVER IN PERSON,SHIP, carefully slyly 
12519-2,12519,487,75,2,47.00,65211.56,0.05,0.02,A,F,1994-03-08,1994-03-01,1994-04-04,DELIVER IN PERSON,SHIP, furiously regular instructions. slyly f
12519-3,12519,283,11,3,26.00,30765.28,0.08,0.00,R,F,1994-01-11,1994-02-28,1994-02-04,DELIVER IN PERSON,AIR, unusual accounts detect fur
12519-4,12519,1916,61,4,4.00,7271.64,0.07,0.04,A,F,1994-04-19,1994-03-21,1994-05-04,NONE,RAIL,enticingly final accounts? speci
12519-5,12519,1485,3,5,20.00,27729.60,0.03,0.02,A,F,1994-02-17,1994-02-02,1994-02-24,DELIVER IN PERSON,MAIL,he furiously silent
12519-6,12519,72,23,6,36.00,34994.52,0.09,0.01,A,F,1994-02-25,1994-02-20,1994-03-20,NONE,MAIL,thely final accounts pr
12544-1,12544,1333,34,1,25.00,30858.25,0.04,0.05,A,F,1994-05-22,1994-04-24,1994-06-01,NONE,FOB, requests cajole
12544-2,12544,1455,34,2,24.00,32554.80,0.04,0.02,R,F,1994-04-07,1994-05-09,1994-04-14,COLLECT COD,TRUCK,furiously carefully ironic dolphins. sp
12545-1,12545,1750,51,1,4.00,6607.00,0.03,0.06,N,O,1996-07-19,1996-09-13,1996-08-01,DELIVER IN PERSON,RAIL,e blithely 
12545-2,12545,1154,27,2,42.00,44316.30,0.07,0.04,N,O,1996-08-31,1996-08-09,1996-09-09,COLLECT COD,SHIP,"gular, ironic packages. unusual, express"
12545-3,12545,1324,25,3,20.00,24506.40,0.10,0.07,N,O,1996-07-08,1996-09-02,1996-07-21,COLLECT COD,SHIP,"ing, express instructions against the"
12545-4,12545,14,65,4,1.00,914.01,0.00,0.08,N,O,1996-07-18,1996-09-16,1996-07-21,NONE,SHIP,ss the instru
12546-1,12546,1202,40,1,4.00,4412.80,0.00,0.03,N,O,1996-03-30,1996-04-19,1996-04-17,DELIVER IN PERSON,FOB,gular ideas cajol
12546-2,12546,612,75,2,5.00,7563.05,0.06,0.07,N,O,1996-05-05,1996-03-30,1996-05-21,TAKE BACK RETURN,FOB,lly according to the deposits. fur
12546-3,12546,902,71,3,28.00,50481.20,0.01,0.03,N,O,1996-03-13,1996-04-27,1996-03-29,COLLECT COD,TRUCK,c ideas use carefully among th
12546-4,12546,1038,39,4,25.00,23475.75,0.06,0.01,N,O,1996-02-23,1996-03-28,1996-02-24,NONE,TRUCK,rses. blithely furi
12546-5,12546,905,6,5,2.00,3611.80,0.06,0.01,N,O,1996-03-15,1996-03-18,1996-03-18,DELIVER IN PERSON,TRUCK,tions-- ironic accounts
12547-1,12547,1529,30,1,50.00,71526.00,0.07,0.05,N,O,1998-08-04,1998-06-23,1998-08-07,DELIVER IN PERSON,FOB,y regular ideas haggle. qu
12547-2,12547,1721,22,2,46.00,74645.12,0.00,0.02,N,O,1998-06-04,1998-05-19,1998-06-20,NONE,AIR,"usual, special ideas"
12547-3,12547,1487,27,3,1.00,1388.48,0.09,0.06,N,O,1998-04-16,1998-07-11,1998-04-22,TAKE BACK RETURN,RAIL,e deposits affix final pinto b
12547-4,12547,927,96,4,32.00,58493.44,0.03,0.02,N,O,1998-07-08,1998-06-24,1998-08-03,DELIVER IN PERSON,SHIP,pon the express de
12548-1,12548,1565,86,1,27.00,39597.12,0.03,0.08,N,O,1998-01-19,1998-01-29,1998-01-26,TAKE BACK RETURN,FOB,theodolite
12548-2,12548,313,14,2,31.00,37612.61,0.10,0.07,N,O,1997-12-13,1998-02-08,1997-12-25,COLLECT COD,TRUCK, blithely. ironic accounts cajole. quickly
12548-3,12548,69,20,3,23.00,22288.38,0.03,0.01,N,O,1997-12-15,1998-02-16,1997-12-18,DELIVER IN PERSON,MAIL, are. slyly ironic accou
12548-4,12548,1165,66,4,41.00,43712.56,0.03,0.05,N,O,1998-03-19,1997-12-31,1998-04-12,DELIVER IN PERSON,AIR,aggle against the fluffily regular
12548-5,12548,731,64,5,40.00,65269.20,0.05,0.06,N,O,1997-12-29,1998-01-29,1998-01-01,TAKE BACK RETURN,TRUCK,uthless platelets 
12549-1,12549,371,100,1,13.00,16527.81,0.05,0.03,N,O,1997-08-07,1997-07-12,1997-08-08,NONE,RAIL,le after the slyly pendin
12549-2,12549,1523,44,2,33.00,47009.16,0.05,0.01,N,O,1997-07-05,1997-08-20,1997-07-22,NONE,AIR,equests cajole slyly slyly pending 
12549-3,12549,1528,9,3,28.00,40026.56,0.04,0.02,N,O,1997-07-09,1997-07-06,1997-07-21,NONE,RAIL,olites detect. express pack
12550-1,12550,104,57,1,3.00,3012.30,0.01,0.06,R,F,1993-03-17,1993-05-22,1993-04-03,DELIVER IN PERSON,RAIL,packages. furiously silent 
12550-2,12550,1152,25,2,35.00,36860.25,0.08,0.07,R,F,1993-05-17,1993-05-23,1993-06-09,TAKE BACK RETURN,MAIL,sits cajole against the ideas.
12551-1,12551,1657,99,1,30.00,46759.50,0.01,0.02,A,F,1992-07-31,1992-09-10,1992-08-20,DELIVER IN PERSON,RAIL,"ress, ironic in"
12551-2,12551,90,66,2,26.00,25742.34,0.04,0.08,R,F,1992-10-11,1992-07-15,1992-10-13,TAKE BACK RETURN,TRUCK,ticing dugouts. pen
12551-3,12551,1314,29,3,25.00,30382.75,0.07,0.00,A,F,1992-08-26,1992-08-21,1992-09-05,DELIVER IN PERSON,MAIL, quickly ironic dolph
12551-4,12551,805,5,4,47.00,80172.60,0.08,0.01,R,F,1992-07-13,1992-07-31,1992-07-30,NONE,TRUCK, wake blithely around 
12576-1,12576,1311,26,1,28.00,33944.68,0.03,0.03,R,F,1993-04-02,1993-04-10,1993-04-17,DELIVER IN PERSON,RAIL, to the carefully 
12577-1,12577,1459,77,1,8.00,10883.60,0.06,0.04,N,O,1998-06-09,1998-07-29,1998-06-28,TAKE BACK RETURN,SHIP,ess foxes a
12577-2,12577,173,26,2,17.00,18243.89,0.05,0.07,N,O,1998-06-04,1998-08-06,1998-06-06,DELIVER IN PERSON,AIR,about the slyly regular requ
12577-3,12577,423,53,3,49.00,64847.58,0.00,0.06,N,O,1998-06-14,1998-06-30,1998-06-21,NONE,FOB,e slyly special packages hinder evenly
12577-4,12577,1042,13,4,43.00,40550.72,0.10,0.01,N,O,1998-07-15,1998-07-09,1998-08-09,TAKE BACK RETURN,AIR,thely ironic packages doze. i
12578-1,12578,1867,68,1,32.00,56603.52,0.01,0.04,N,O,1996-12-16,1997-01-28,1996-12-27,TAKE BACK RETURN,AIR,p blithely. closel
12578-2,12578,81,32,2,21.00,20602.68,0.05,0.03,N,O,1997-01-18,1997-02-03,1997-01-21,COLLECT COD,SHIP, finally unusual ideas boost carefully. ca
12578-3,12578,329,86,3,49.00,60236.68,0.09,0.07,N,O,1997-02-03,1997-01-18,1997-02-28,DELIVER IN PERSON,MAIL,its. carefully 
12578-4,12578,1216,17,4,11.00,12289.31,0.08,0.04,N,O,1996-12-07,1997-01-01,1997-01-04,TAKE BACK RETURN,FOB,ate fluffil
12578-5,12578,1081,82,5,17.00,16695.36,0.01,0.06,N,O,1996-12-20,1997-01-18,1996-12-24,DELIVER IN PERSON,FOB,c dependencies. regular theodolites across
12578-6,12578,473,3,6,17.00,23348.99,0.07,0.06,N,O,1997-03-16,1996-12-28,1997-04-01,DELIVER IN PERSON,FOB,ular pinto beans about the caref
12578-7,12578,589,90,7,47.00,70010.26,0.06,0.00,N,O,1997-03-05,1996-12-30,1997-03-25,TAKE BACK RETURN,FOB,tect slyly ironic deposits. ironic theod
12579-1,12579,1879,66,1,26.00,46302.62,0.02,0.04,N,O,1995-07-08,1995-08-31,1995-07-26,NONE,TRUCK,ges. furiously silent accounts cajole q
12580-1,12580,9,35,1,32.00,29088.00,0.10,0.07,R,F,1993-04-05,1993-02-28,1993-05-05,COLLECT COD,REG AIR,ans sleep across th
12580-2,12580,1526,7,2,10.00,14275.20,0.03,0.00,A,F,1993-04-22,1993-03-29,1993-05-08,DELIVER IN PERSON,MAIL,al pinto beans sleep slyly. furiou
12581-1,12581,1660,43,1,37.00,57781.42,0.06,0.03,A,F,1994-11-11,1994-12-03,1994-12-06,NONE,SHIP,sleep carefully even idea
12581-2,12581,1050,56,2,25.00,23776.25,0.04,0.07,A,F,1994-12-08,1994-12-06,1995-01-03,DELIVER IN PERSON,FOB,ully unusual foxes n
12581-3,12581,1019,90,3,28.00,25760.28,0.01,0.02,R,F,1994-11-13,1994-12-23,1994-11-22,COLLECT COD,TRUCK,n dependencies 
12582-1,12582,1067,38,1,23.00,22265.38,0.06,0.08,A,F,1993-03-21,1993-04-08,1993-04-08,TAKE BACK RETURN,AIR,c sheaves. quickly sp
12583-1,12583,609,3,1,30.00,45288.00,0.09,0.04,N,O,1996-02-10,1996-03-27,1996-02-23,DELIVER IN PERSON,AIR, theodolites above
12608-1,12608,614,15,1,4.00,6058.44,0.10,0.04,R,F,1993-06-16,1993-04-09,1993-07-08,NONE,TRUCK,"according to the even, express excuses. "
12608-2,12608,1815,16,2,7.00,12017.67,0.08,0.01,R,F,1993-06-22,1993-06-04,1993-07-02,TAKE BACK RETURN,AIR,yly. carefull
12608-3,12608,1418,97,3,36.00,47498.76,0.06,0.01,A,F,1993-05-04,1993-05-26,1993-05-30,COLLECT COD,MAIL,e above the qui
12609-1,12609,684,47,1,31.00,49125.08,0.03,0.06,N,O,1996-02-08,1996-04-01,1996-02-24,DELIVER IN PERSON,MAIL,y regular accounts boost blithely final p
12609-2,12609,1926,71,2,15.00,27418.80,0.08,0.02,N,O,1996-04-29,1996-03-25,1996-05-24,COLLECT COD,TRUCK,ithely unusual ideas cajole quickly
12609-3,12609,681,82,3,24.00,37960.32,0.04,0.01,N,O,1996-05-15,1996-03-25,1996-06-13,COLLECT COD,MAIL,g packages according to the 
12609-4,12609,452,11,4,11.00,14876.95,0.01,0.02,N,O,1996-05-15,1996-03-21,1996-06-06,COLLECT COD,TRUCK,xes. blithely iron
12610-1,12610,1832,33,1,6.00,10402.98,0.07,0.04,A,F,1993-09-26,1993-09-13,1993-10-16,NONE,TRUCK,"er the regular, regu"
12611-1,12611,750,15,1,26.00,42919.50,0.04,0.07,N,O,1995-11-08,1995-12-06,1995-11-17,TAKE BACK RETURN,RAIL,. even accounts was fi
12611-2,12611,1248,23,2,35.00,40223.40,0.05,0.04,N,O,1995-12-06,1995-12-24,1995-12-28,COLLECT COD,TRUCK,counts. deposits haggle. furiously iron
12611-3,12611,973,74,3,3.00,5621.91,0.00,0.02,N,O,1996-01-20,1995-12-14,1996-01-26,NONE,RAIL,egular platelets past the ruthless asymptot
12611-4,12611,1260,98,4,48.00,55740.48,0.06,0.03,N,O,1996-01-07,1995-12-26,1996-01-12,NONE,MAIL, frays hinder caref
12611-5,12611,739,72,5,25.00,40993.25,0.01,0.04,N,O,1995-11-22,1995-12-25,1995-11-27,COLLECT COD,TRUCK,es. stealthily final pinto beans cajole qu
12612-1,12612,436,66,1,25.00,33410.75,0.04,0.08,R,F,1994-02-17,1994-02-07,1994-03-11,COLLECT COD,FOB,"he regular, pending theodolites. final r"
12612-2,12612,1568,9,2,36.00,52904.16,0.06,0.08,A,F,1994-02-27,1994-01-24,1994-03-18,DELIVER IN PERSON,MAIL,etect furiously furi
12612-3,12612,1262,74,3,45.00,52346.70,0.01,0.03,R,F,1994-03-14,1994-03-01,1994-04-04,COLLECT COD,AIR,ts wake quickly furiously quie
12612-4,12612,169,70,4,15.00,16037.40,0.01,0.08,A,F,1994-01-18,1994-02-05,1994-02-09,NONE,FOB,lithely special instructions. ironic 
12612-5,12612,1395,72,5,4.00,5185.56,0.06,0.01,R,F,1994-04-11,1994-01-21,1994-04-12,COLLECT COD,SHIP,xpress accounts sleep
12612-6,12612,1376,15,6,17.00,21715.29,0.06,0.06,A,F,1994-01-27,1994-02-06,1994-01-31,DELIVER IN PERSON,RAIL,he blithely final pinto beans. 
12613-1,12613,286,68,1,17.00,20166.76,0.10,0.04,A,F,1993-04-18,1993-06-04,1993-05-06,DELIVER IN PERSON,REG AIR,cial deposits about the blithely pending
12613-2,12613,1282,94,2,9.00,10649.52,0.03,0.07,A,F,1993-04-20,1993-05-26,1993-05-15,COLLECT COD,TRUCK,ve the furiously even
12613-3,12613,1184,85,3,9.00,9766.62,0.06,0.02,R,F,1993-04-16,1993-07-03,1993-05-12,COLLECT COD,RAIL,ts. enticingly 
12613-4,12613,870,37,4,35.00,61980.45,0.04,0.06,R,F,1993-04-24,1993-05-18,1993-04-27,NONE,TRUCK,tructions! dependencies hag
12613-5,12613,495,25,5,11.00,15350.39,0.10,0.01,R,F,1993-08-01,1993-07-07,1993-08-06,NONE,AIR,the slyly regular ideas: slyl
12614-1,12614,1539,80,1,25.00,36013.25,0.02,0.05,N,O,1996-05-16,1996-05-25,1996-06-03,NONE,FOB,totes sleep slyly bold instructio
12614-2,12614,1789,90,2,18.00,30434.04,0.08,0.07,N,O,1996-04-27,1996-04-12,1996-05-08,TAKE BACK RETURN,FOB,latelets. blithely regular 
12614-3,12614,876,76,3,39.00,69297.93,0.10,0.06,N,O,1996-03-07,1996-04-20,1996-03-28,NONE,RAIL,ts sleep furiously even excuses
12614-4,12614,1962,95,4,35.00,65238.60,0.01,0.01,N,O,1996-05-30,1996-05-27,1996-06-14,DELIVER IN PERSON,REG AIR,thely carefully bold instructions. c
12614-5,12614,1553,94,5,46.00,66909.30,0.03,0.00,N,O,1996-04-19,1996-04-25,1996-05-19,NONE,RAIL,es. fluffily final excuses a
12614-6,12614,41,67,6,11.00,10351.44,0.09,0.04,N,O,1996-06-09,1996-04-15,1996-06-20,DELIVER IN PERSON,FOB," dependencies haggle furiously even, ex"
12615-1,12615,1406,7,1,16.00,20918.40,0.05,0.05,A,F,1995-04-19,1995-05-18,1995-05-04,COLLECT COD,TRUCK,eposits. blithely regu
12640-1,12640,1959,48,1,21.00,39079.95,0.01,0.03,N,O,1998-07-31,1998-09-05,1998-08-05,NONE,TRUCK,accounts. blithely fina
12640-2,12640,1202,3,2,33.00,36405.60,0.02,0.03,N,O,1998-09-26,1998-10-14,1998-10-24,NONE,RAIL,sits boost always above th
12641-1,12641,351,8,1,33.00,41294.55,0.03,0.05,A,F,1995-05-01,1995-05-14,1995-05-29,TAKE BACK RETURN,AIR,ular deposits nag slyly 
12641-2,12641,950,19,2,7.00,12956.65,0.04,0.03,A,F,1995-04-30,1995-04-18,1995-05-24,COLLECT COD,MAIL,ironic instructions wa
12641-3,12641,416,4,3,24.00,31593.84,0.03,0.05,R,F,1995-04-01,1995-04-17,1995-04-04,DELIVER IN PERSON,FOB,furiously a
12641-4,12641,1989,34,4,3.00,5672.94,0.07,0.03,R,F,1995-02-26,1995-05-06,1995-03-19,COLLECT COD,REG AIR,c requests. s
12641-5,12641,682,45,5,39.00,61724.52,0.04,0.03,A,F,1995-04-14,1995-03-28,1995-05-11,COLLECT COD,TRUCK,arhorses at
12641-6,12641,1942,75,6,46.00,84821.24,0.06,0.08,N,F,1995-06-17,1995-04-10,1995-07-11,TAKE BACK RETURN,SHIP, boost blithely. fluffil
12642-1,12642,246,74,1,40.00,45849.60,0.04,0.01,R,F,1994-07-08,1994-07-03,1994-07-15,COLLECT COD,AIR,bits. blithely final re
12642-2,12642,1217,55,2,13.00,14536.73,0.08,0.08,A,F,1994-08-23,1994-05-28,1994-09-20,TAKE BACK RETURN,SHIP, slyly ironic deposits wake abou
12642-3,12642,741,38,3,1.00,1641.74,0.07,0.01,R,F,1994-06-01,1994-07-01,1994-06-11,COLLECT COD,RAIL,ar ideas affix qu
12642-4,12642,1609,10,4,37.00,55892.20,0.00,0.05,R,F,1994-07-07,1994-07-25,1994-07-19,DELIVER IN PERSON,RAIL,ight play slyly regular accounts. quickl
12642-5,12642,321,6,5,20.00,24426.40,0.01,0.04,R,F,1994-06-12,1994-05-29,1994-07-04,DELIVER IN PERSON,MAIL,"ic, pending "
12642-6,12642,1530,11,6,26.00,37219.78,0.03,0.07,A,F,1994-08-08,1994-07-13,1994-08-27,COLLECT COD,AIR, requests among the slyly regular acc
12642-7,12642,1409,49,7,50.00,65520.00,0.04,0.03,A,F,1994-06-09,1994-06-15,1994-06-17,COLLECT COD,RAIL,s. express i
12643-1,12643,1190,91,1,25.00,27279.75,0.03,0.00,A,F,1993-05-25,1993-06-13,1993-06-10,DELIVER IN PERSON,REG AIR,final packag
12643-2,12643,1873,3,2,40.00,70994.80,0.09,0.06,R,F,1993-07-13,1993-05-04,1993-07-27,COLLECT COD,TRUCK,ial foxes haggle. ironic 
12643-3,12643,291,46,3,25.00,29782.25,0.07,0.06,R,F,1993-04-15,1993-04-26,1993-05-09,TAKE BACK RETURN,MAIL, even deposits cajol
12644-1,12644,1098,4,1,19.00,18982.71,0.09,0.04,A,F,1992-02-07,1992-03-31,1992-02-24,DELIVER IN PERSON,AIR,ly slyly regular pinto 
12644-2,12644,1922,67,2,39.00,71132.88,0.01,0.05,R,F,1992-04-21,1992-03-27,1992-04-30,COLLECT COD,FOB,se furiously. enticingly unusual deposits h
12644-3,12644,1709,36,3,32.00,51542.40,0.06,0.05,A,F,1992-02-25,1992-04-07,1992-03-08,DELIVER IN PERSON,RAIL,es. quickly unusual ideas wake carefully
12644-4,12644,730,31,4,5.00,8153.65,0.03,0.00,A,F,1992-04-23,1992-04-23,1992-04-25,COLLECT COD,FOB, dependencies. even patte
12645-1,12645,1127,64,1,17.00,17478.04,0.01,0.00,A,F,1994-08-25,1994-08-13,1994-09-20,COLLECT COD,RAIL,"efully. even, ironic requests"
12645-2,12645,446,76,2,34.00,45778.96,0.03,0.06,R,F,1994-09-07,1994-08-27,1994-09-12,DELIVER IN PERSON,RAIL,nic pinto beans boost against the fin
12645-3,12645,1506,27,3,32.00,45040.00,0.10,0.02,A,F,1994-09-21,1994-08-06,1994-09-24,NONE,FOB,oss the quickly ironic accounts. blith
12645-4,12645,172,25,4,11.00,11793.87,0.01,0.06,A,F,1994-07-12,1994-09-20,1994-07-23,NONE,AIR,uriously after the unusual deposits. final
12645-5,12645,1627,10,5,50.00,76431.00,0.09,0.00,A,F,1994-11-01,1994-09-14,1994-11-16,DELIVER IN PERSON,MAIL,"eve furiously bold foxes-- pending, reg"
12645-6,12645,295,77,6,8.00,9562.32,0.03,0.01,R,F,1994-10-08,1994-09-25,1994-10-27,TAKE BACK RETURN,AIR,regular deposits. never unusual 
12645-7,12645,1225,37,7,32.00,36039.04,0.07,0.03,R,F,1994-10-20,1994-09-04,1994-11-19,TAKE BACK RETURN,AIR,pinto beans nag 
12646-1,12646,1578,19,1,35.00,51784.95,0.07,0.06,A,F,1993-05-20,1993-04-08,1993-05-22,DELIVER IN PERSON,FOB,es after the quickly final foxes doub
12646-2,12646,1137,10,2,29.00,30105.77,0.06,0.03,A,F,1993-03-02,1993-05-08,1993-03-15,COLLECT COD,TRUCK,ep. blithely even requests thrash
12646-3,12646,1066,67,3,40.00,38682.40,0.05,0.00,R,F,1993-05-16,1993-04-07,1993-05-19,DELIVER IN PERSON,TRUCK,ide of the slyl
12647-1,12647,302,59,1,32.00,38473.60,0.07,0.07,N,O,1997-06-02,1997-05-15,1997-06-10,NONE,RAIL,leep carefully regular grouches. blith
12672-1,12672,1716,1,1,6.00,9706.26,0.01,0.05,R,F,1994-09-14,1994-08-30,1994-09-17,DELIVER IN PERSON,FOB,leep fluffily carefully even accounts. fi
12672-2,12672,455,43,2,20.00,27109.00,0.02,0.02,A,F,1994-08-09,1994-08-16,1994-09-03,NONE,AIR,ly even deposits. fl
12673-1,12673,1322,61,1,18.00,22019.76,0.07,0.07,R,F,1994-08-22,1994-08-31,1994-09-20,COLLECT COD,SHIP,ong the blithel
12674-1,12674,1453,93,1,29.00,39279.05,0.08,0.00,A,F,1992-09-21,1992-08-31,1992-10-01,DELIVER IN PERSON,AIR,y among the the
12674-2,12674,1102,11,2,21.00,21065.10,0.08,0.06,R,F,1992-08-19,1992-09-06,1992-08-23,NONE,RAIL,g the unusual ideas wake 
12674-3,12674,228,56,3,21.00,23692.62,0.01,0.03,R,F,1992-10-09,1992-08-14,1992-10-20,TAKE BACK RETURN,RAIL,uests. blithely unusual deposits caj
12674-4,12674,1149,86,4,9.00,9451.26,0.01,0.01,A,F,1992-08-19,1992-09-28,1992-09-13,TAKE BACK RETURN,MAIL,nts integrate furiously about the slyly br
12674-5,12674,178,57,5,6.00,6469.02,0.00,0.03,R,F,1992-08-14,1992-10-01,1992-08-27,TAKE BACK RETURN,FOB,thely even reques
12675-1,12675,774,7,1,17.00,28471.09,0.06,0.08,R,F,1994-02-03,1994-03-19,1994-02-12,NONE,FOB,ly according to the blithely regular d
12675-2,12675,84,60,2,35.00,34442.80,0.08,0.01,A,F,1994-02-11,1994-03-08,1994-02-28,DELIVER IN PERSON,MAIL,"cial asymptotes are carefully ironic, "
12675-3,12675,1506,7,3,41.00,57707.50,0.05,0.07,A,F,1994-05-11,1994-03-06,1994-05-15,DELIVER IN PERSON,FOB,ts according to the quickly regular instr
12675-4,12675,1602,26,4,26.00,39093.60,0.08,0.00,R,F,1994-05-10,1994-03-24,1994-06-06,TAKE BACK RETURN,AIR,ess accounts
12676-1,12676,1312,13,1,5.00,6066.55,0.03,0.00,A,F,1994-04-17,1994-03-10,1994-04-23,NONE,AIR,ronic packages after the quickly fin
12677-1,12677,1393,32,1,30.00,38831.70,0.10,0.03,N,O,1996-08-12,1996-08-12,1996-08-15,DELIVER IN PERSON,SHIP,along the quickly regular platelets nag fur
12677-2,12677,764,29,2,13.00,21641.88,0.03,0.00,N,O,1996-08-17,1996-08-14,1996-08-22,TAKE BACK RETURN,FOB,osits are quickly even deposits. caref
12677-3,12677,394,79,3,21.00,27182.19,0.01,0.00,N,O,1996-06-28,1996-07-10,1996-07-15,TAKE BACK RETURN,AIR,refully pending inst
12677-4,12677,1073,9,4,40.00,38962.80,0.06,0.05,N,O,1996-09-07,1996-07-07,1996-09-08,NONE,MAIL,"ing, even pinto beans cajol"
12677-5,12677,1769,12,5,17.00,28402.92,0.05,0.03,N,O,1996-07-12,1996-08-07,1996-07-19,COLLECT COD,TRUCK,odolites. quickly r
12677-6,12677,1033,39,6,41.00,38295.23,0.07,0.04,N,O,1996-07-07,1996-08-12,1996-07-19,COLLECT COD,MAIL,"alongside of the bold, bold pinto beans sl"
12678-1,12678,1452,53,1,10.00,13534.50,0.10,0.05,N,O,1998-05-13,1998-04-03,1998-06-10,TAKE BACK RETURN,FOB,nal dependencies. fluffily e
12678-2,12678,342,27,2,5.00,6211.70,0.10,0.03,N,O,1998-05-26,1998-04-22,1998-06-03,NONE,MAIL,"-- final, final foxes sleep about the f"
12678-3,12678,1906,95,3,16.00,28926.40,0.03,0.03,N,O,1998-03-25,1998-04-26,1998-03-26,NONE,RAIL,counts at the blithely bo
12678-4,12678,180,59,4,25.00,27004.50,0.00,0.06,N,O,1998-05-26,1998-04-18,1998-05-27,DELIVER IN PERSON,TRUCK,e bold hockey players. slyly
12678-5,12678,1789,16,5,1.00,1690.78,0.01,0.05,N,O,1998-04-16,1998-03-25,1998-05-09,TAKE BACK RETURN,RAIL, to the carefully regular excuses.
12679-1,12679,39,15,1,3.00,2817.09,0.10,0.06,N,O,1997-10-05,1997-08-24,1997-10-30,TAKE BACK RETURN,SHIP,sts are fluffily. packages cajole somet
12679-2,12679,1594,75,2,50.00,74779.50,0.05,0.03,N,O,1997-07-04,1997-09-15,1997-07-20,DELIVER IN PERSON,SHIP,inal platelets 
12704-1,12704,1349,50,1,21.00,26257.14,0.09,0.02,A,F,1993-02-20,1993-05-05,1993-03-09,COLLECT COD,RAIL,"ructions. regular, ironic pain"
12704-2,12704,1332,71,2,30.00,36999.90,0.10,0.06,R,F,1993-04-18,1993-04-24,1993-05-08,TAKE BACK RETURN,SHIP,press theodol
12704-3,12704,1793,94,3,28.00,47454.12,0.07,0.03,A,F,1993-06-07,1993-03-21,1993-06-27,COLLECT COD,RAIL,its poach slyly unusual requests. bo
12704-4,12704,436,95,4,11.00,14700.73,0.05,0.03,A,F,1993-02-14,1993-04-25,1993-02-19,NONE,MAIL,longside of t
12704-5,12704,640,3,5,16.00,24650.24,0.10,0.06,A,F,1993-04-29,1993-04-03,1993-05-08,TAKE BACK RETURN,RAIL,eodolites. quickly even accounts wak
12705-1,12705,1370,9,1,40.00,50854.80,0.01,0.08,R,F,1995-01-05,1994-12-08,1995-01-30,TAKE BACK RETURN,SHIP,c requests haggle slyly ironic excu
12705-2,12705,32,33,2,24.00,22368.72,0.09,0.01,R,F,1994-10-15,1994-11-20,1994-10-22,TAKE BACK RETURN,FOB,ependencies. instructions s
12706-1,12706,1906,39,1,32.00,57852.80,0.02,0.04,R,F,1995-01-04,1994-12-24,1995-01-16,NONE,RAIL,deposits wake above 
12706-2,12706,35,61,2,41.00,38336.23,0.09,0.08,A,F,1995-02-24,1995-01-07,1995-03-16,NONE,MAIL,hely express dependencies
12706-3,12706,1481,21,3,16.00,22119.68,0.02,0.02,A,F,1995-03-18,1994-12-27,1995-03-19,TAKE BACK RETURN,TRUCK,posits sleep packages. blithely iro
12706-4,12706,403,91,4,30.00,39102.00,0.06,0.05,A,F,1995-01-12,1995-01-16,1995-01-15,COLLECT COD,TRUCK, unusual packages run
12707-1,12707,1687,11,1,17.00,27007.56,0.09,0.06,R,F,1993-08-15,1993-07-21,1993-09-07,TAKE BACK RETURN,AIR,"ely. final, final ideas affix quick"
12707-2,12707,1691,92,2,47.00,74856.43,0.07,0.02,A,F,1993-07-07,1993-07-25,1993-07-08,NONE,MAIL, solve busily carefully dogged packages.
12707-3,12707,1504,25,3,11.00,15460.50,0.06,0.01,A,F,1993-07-31,1993-08-01,1993-08-21,COLLECT COD,REG AIR, requests. blithe
12707-4,12707,1357,34,4,35.00,44042.25,0.04,0.02,R,F,1993-08-04,1993-07-03,1993-08-29,COLLECT COD,RAIL,"y for the furious, ironic asymptotes."
12707-5,12707,626,20,5,47.00,71751.14,0.04,0.06,A,F,1993-09-05,1993-08-01,1993-09-26,COLLECT COD,RAIL,"y players. express, even the"
12707-6,12707,969,4,6,13.00,24309.48,0.02,0.03,R,F,1993-08-08,1993-07-01,1993-08-10,COLLECT COD,REG AIR,ter the slyly even instructions. furiousl
12707-7,12707,1110,83,7,1.00,1011.11,0.07,0.06,A,F,1993-08-11,1993-07-31,1993-08-13,TAKE BACK RETURN,MAIL,usly regular ideas. theodolites integrate q
12708-1,12708,986,89,1,14.00,26417.72,0.02,0.05,R,F,1993-03-08,1993-02-24,1993-03-22,DELIVER IN PERSON,MAIL,ding to the instruction
12708-2,12708,1496,97,2,20.00,27949.80,0.04,0.05,A,F,1993-03-06,1993-03-03,1993-03-24,TAKE BACK RETURN,MAIL,y ironic packages sleep alongside of th
12708-3,12708,1289,27,3,49.00,58323.72,0.10,0.08,A,F,1993-01-10,1993-03-07,1993-01-26,DELIVER IN PERSON,MAIL,e slyly fluffily ir
12708-4,12708,1950,51,4,44.00,81485.80,0.04,0.08,A,F,1993-03-03,1993-03-07,1993-03-26,TAKE BACK RETURN,FOB,ly around the quickly
12708-5,12708,1246,58,5,10.00,11472.40,0.06,0.06,R,F,1993-01-25,1993-03-21,1993-02-11,TAKE BACK RETURN,TRUCK," fluffily regular accounts! ironic, "
12708-6,12708,218,19,6,7.00,7827.47,0.02,0.03,A,F,1993-02-03,1993-03-17,1993-02-15,TAKE BACK RETURN,TRUCK,furiously to the blithely careful requests.
12708-7,12708,104,5,7,50.00,50205.00,0.09,0.03,R,F,1993-03-11,1993-03-15,1993-04-03,TAKE BACK RETURN,RAIL, use at the 
12709-1,12709,554,45,1,17.00,24727.35,0.09,0.01,N,O,1996-08-01,1996-06-17,1996-08-21,COLLECT COD,REG AIR,"ess foxes. unusual, regular sentiments i"
12709-2,12709,1213,51,2,49.00,54596.29,0.08,0.03,N,O,1996-07-06,1996-07-07,1996-07-18,DELIVER IN PERSON,FOB,according to the c
12710-1,12710,322,79,1,13.00,15890.16,0.04,0.06,A,F,1993-11-25,1993-10-07,1993-12-07,COLLECT COD,FOB, final accounts cajole after the slyly pe
12710-2,12710,846,46,2,28.00,48911.52,0.03,0.04,R,F,1993-12-10,1993-11-07,1993-12-17,COLLECT COD,AIR,ages. carefully even excuses wak
12710-3,12710,654,86,3,49.00,76177.85,0.10,0.03,R,F,1993-11-18,1993-11-06,1993-11-26,NONE,RAIL,uctions wake carefully 
12710-4,12710,1200,9,4,21.00,23125.20,0.09,0.03,A,F,1993-12-01,1993-11-14,1993-12-30,COLLECT COD,SHIP,ronic packages. ironic
12710-5,12710,647,79,5,49.00,75834.36,0.06,0.04,A,F,1993-09-27,1993-09-24,1993-10-27,DELIVER IN PERSON,AIR,posits. forges haggle furiously among the
12710-6,12710,236,37,6,41.00,46585.43,0.03,0.06,R,F,1993-12-16,1993-10-30,1994-01-13,TAKE BACK RETURN,REG AIR,y. carefully pending packa
12710-7,12710,1931,76,7,14.00,25661.02,0.05,0.04,A,F,1993-12-06,1993-10-10,1994-01-01,TAKE BACK RETURN,SHIP,deposits sleep fu
12711-1,12711,533,94,1,9.00,12901.77,0.06,0.01,A,F,1992-06-20,1992-05-15,1992-06-22,COLLECT COD,AIR,tions cajole carefully upon
12711-2,12711,1135,72,2,48.00,49734.24,0.09,0.04,A,F,1992-06-11,1992-04-16,1992-06-27,TAKE BACK RETURN,RAIL,counts. blithely even wa
12711-3,12711,80,81,3,17.00,16661.36,0.02,0.06,A,F,1992-06-01,1992-04-19,1992-06-11,DELIVER IN PERSON,SHIP,refully regular theodolites according to t
12711-4,12711,149,28,4,4.00,4196.56,0.09,0.07,A,F,1992-04-09,1992-03-27,1992-04-27,TAKE BACK RETURN,SHIP,"ding grouches cajole quick, regular "
12736-1,12736,442,43,1,26.00,34903.44,0.09,0.02,R,F,1993-04-28,1993-05-31,1993-05-06,NONE,MAIL,requests. careful
12736-2,12736,936,71,2,33.00,60618.69,0.09,0.07,R,F,1993-05-31,1993-05-21,1993-06-22,NONE,AIR,tions. even theodolites after the 
12736-3,12736,722,19,3,18.00,29208.96,0.03,0.05,R,F,1993-04-20,1993-04-28,1993-04-26,DELIVER IN PERSON,REG AIR,le idly ironic ex
12736-4,12736,1987,76,4,48.00,90671.04,0.10,0.07,A,F,1993-06-13,1993-04-15,1993-07-11,TAKE BACK RETURN,MAIL,usual packages wake slyly thinly ev
12736-5,12736,965,66,5,48.00,89566.08,0.10,0.06,R,F,1993-04-14,1993-04-10,1993-05-11,NONE,TRUCK,sly across the blithely ironic accounts. r
12736-6,12736,526,17,6,37.00,52781.24,0.01,0.00,R,F,1993-06-02,1993-05-28,1993-06-30,TAKE BACK RETURN,TRUCK,ckly pending frays: unu
12737-1,12737,590,81,1,3.00,4471.77,0.06,0.02,R,F,1994-05-12,1994-06-25,1994-05-18,NONE,MAIL,gainst the blithely regu
12737-2,12737,322,51,2,9.00,11000.88,0.02,0.07,R,F,1994-05-14,1994-07-03,1994-05-27,NONE,AIR,ly after the sometimes r
12737-3,12737,906,75,3,50.00,90345.00,0.08,0.07,A,F,1994-08-16,1994-07-16,1994-08-22,DELIVER IN PERSON,FOB,riously unusual instructions around the f
12737-4,12737,1311,50,4,42.00,50917.02,0.03,0.04,R,F,1994-08-11,1994-07-27,1994-09-07,TAKE BACK RETURN,REG AIR,onic deposits haggle for
12737-5,12737,356,57,5,50.00,62817.50,0.09,0.04,R,F,1994-06-09,1994-06-16,1994-06-21,COLLECT COD,RAIL,ular courts. ironic accounts
12737-6,12737,1775,76,6,22.00,36888.94,0.01,0.05,A,F,1994-08-08,1994-07-23,1994-08-12,TAKE BACK RETURN,FOB,"ly. even, brave dinos haggle caref"
12737-7,12737,1646,47,7,45.00,69643.80,0.10,0.06,R,F,1994-05-26,1994-06-28,1994-06-07,TAKE BACK RETURN,REG AIR,ckages. regularly regular 
12738-1,12738,277,5,1,11.00,12949.97,0.01,0.07,N,O,1998-07-12,1998-08-25,1998-08-08,TAKE BACK RETURN,RAIL,ns boost f
12738-2,12738,803,3,2,16.00,27260.80,0.02,0.03,N,O,1998-07-03,1998-08-03,1998-07-04,COLLECT COD,FOB,blithely special pinto beans. furiously 
12738-3,12738,654,55,3,24.00,37311.60,0.03,0.06,N,O,1998-08-21,1998-08-31,1998-09-09,NONE,SHIP,lar pinto bea
12738-4,12738,1852,82,4,37.00,64892.45,0.10,0.06,N,O,1998-09-25,1998-07-31,1998-10-18,TAKE BACK RETURN,AIR,riously. blithely ironic i
12738-5,12738,1380,19,5,32.00,41004.16,0.01,0.01,N,O,1998-09-04,1998-08-16,1998-10-02,COLLECT COD,FOB,unts. unusual pac
12739-1,12739,1988,21,1,30.00,56699.40,0.08,0.08,A,F,1992-05-15,1992-05-10,1992-05-26,COLLECT COD,REG AIR, even frays are carefully against the f
12740-1,12740,622,85,1,41.00,62427.42,0.04,0.03,N,O,1997-08-19,1997-07-12,1997-09-09,DELIVER IN PERSON,RAIL,ding accounts haggle against th
12741-1,12741,1325,2,1,41.00,50279.12,0.00,0.02,A,F,1992-10-17,1992-09-06,1992-11-11,TAKE BACK RETURN,MAIL, even deposits. furiously sil
12741-2,12741,498,57,2,27.00,37759.23,0.10,0.04,A,F,1992-09-10,1992-10-04,1992-10-06,DELIVER IN PERSON,AIR,the final foxes. 
12741-3,12741,1777,4,3,6.00,10072.62,0.06,0.06,A,F,1992-07-25,1992-09-16,1992-08-03,DELIVER IN PERSON,RAIL,l nag slyly alongsi
12741-4,12741,922,25,4,1.00,1822.92,0.05,0.07,A,F,1992-09-11,1992-08-24,1992-09-13,DELIVER IN PERSON,RAIL,usly final foxes haggle. deposits across th
12741-5,12741,1989,78,5,32.00,60511.36,0.01,0.07,R,F,1992-09-24,1992-08-20,1992-10-08,TAKE BACK RETURN,AIR,s. carefully final 
12742-1,12742,786,19,1,22.00,37109.16,0.03,0.01,N,O,1997-08-15,1997-07-11,1997-08-20,TAKE BACK RETURN,AIR,l sheaves. blithely expres
12743-1,12743,430,60,1,32.00,42573.76,0.05,0.00,A,F,1993-10-07,1993-09-06,1993-10-31,NONE,REG AIR, unusual packages after the careful
12743-2,12743,1448,66,2,11.00,14843.84,0.09,0.08,A,F,1993-07-24,1993-08-20,1993-08-04,COLLECT COD,AIR,g dugouts. pending reque
12743-3,12743,807,7,3,22.00,37571.60,0.09,0.06,A,F,1993-08-23,1993-08-07,1993-09-22,TAKE BACK RETURN,SHIP,e furiously slyly ironic accounts. bo
12743-4,12743,335,92,4,9.00,11117.97,0.09,0.02,R,F,1993-08-07,1993-09-06,1993-08-11,COLLECT COD,AIR, unusual packages. furiously
12768-1,12768,164,65,1,25.00,26604.00,0.06,0.06,R,F,1994-05-01,1994-06-01,1994-05-31,TAKE BACK RETURN,MAIL,"erve express, pending accounts. carefull"
12768-2,12768,470,29,2,18.00,24668.46,0.03,0.08,R,F,1994-04-15,1994-06-09,1994-04-27,TAKE BACK RETURN,TRUCK,quickly silent theodoli
12768-3,12768,359,16,3,17.00,21408.95,0.08,0.02,R,F,1994-05-26,1994-05-25,1994-06-05,NONE,RAIL, ironic pains sleep.
12768-4,12768,551,12,4,21.00,30482.55,0.00,0.04,A,F,1994-07-15,1994-06-10,1994-08-02,COLLECT COD,FOB,careful accounts. ex
12768-5,12768,806,7,5,10.00,17068.00,0.06,0.07,R,F,1994-04-23,1994-05-10,1994-05-21,DELIVER IN PERSON,AIR,re sometimes a
12769-1,12769,1913,14,1,16.00,29038.56,0.07,0.08,R,F,1992-04-01,1992-03-24,1992-04-21,NONE,RAIL,ial packages sleep blit
12770-1,12770,460,90,1,3.00,4081.38,0.09,0.02,A,F,1993-07-22,1993-06-15,1993-08-04,NONE,RAIL,nstructions are carefully after the blithe
12770-2,12770,1167,76,2,17.00,18158.72,0.02,0.08,R,F,1993-07-11,1993-07-11,1993-08-04,NONE,TRUCK,cajole quickly final dependencies. 
12770-3,12770,102,55,3,49.00,49102.90,0.05,0.04,A,F,1993-04-28,1993-05-20,1993-04-29,DELIVER IN PERSON,FOB, regular deposits. regular
12770-4,12770,1901,2,4,4.00,7211.60,0.01,0.02,A,F,1993-06-08,1993-05-18,1993-07-08,COLLECT COD,TRUCK,ys wake. regul
12770-5,12770,531,92,5,37.00,52966.61,0.10,0.06,A,F,1993-07-09,1993-07-04,1993-07-27,DELIVER IN PERSON,MAIL,en accounts are carefully pe
12771-1,12771,596,27,1,30.00,44897.70,0.08,0.06,R,F,1994-04-14,1994-03-03,1994-04-21,COLLECT COD,SHIP,about the carefully dogged accounts? blithe
12771-2,12771,1483,23,2,28.00,38765.44,0.09,0.06,A,F,1994-04-03,1994-03-09,1994-04-22,TAKE BACK RETURN,SHIP,ously express platelets wake
12771-3,12771,1968,13,3,28.00,52358.88,0.01,0.07,R,F,1994-02-16,1994-03-31,1994-03-03,TAKE BACK RETURN,SHIP,leep. quickly pending pinto bean
12771-4,12771,551,42,4,41.00,59513.55,0.06,0.03,A,F,1994-04-09,1994-02-21,1994-05-06,TAKE BACK RETURN,AIR,ar packages. fluffily express deposits
12771-5,12771,772,37,5,5.00,8363.85,0.02,0.08,A,F,1994-04-27,1994-04-06,1994-05-25,NONE,REG AIR,ests are car
12772-1,12772,79,30,1,37.00,36225.59,0.09,0.02,R,F,1995-05-17,1995-07-03,1995-05-19,DELIVER IN PERSON,MAIL,oss the expres
12772-2,12772,1163,64,2,34.00,36181.44,0.07,0.00,N,O,1995-07-24,1995-08-07,1995-08-06,DELIVER IN PERSON,SHIP,g requests sleep about 
12772-3,12772,1608,9,3,44.00,66422.40,0.02,0.03,N,O,1995-07-14,1995-08-06,1995-07-18,NONE,TRUCK,y idle requests sleep blit
12772-4,12772,1221,33,4,32.00,35911.04,0.01,0.04,R,F,1995-06-07,1995-06-16,1995-06-13,TAKE BACK RETURN,TRUCK,x quickly idle dolphins. carefully
12772-5,12772,1787,72,5,30.00,50663.40,0.04,0.03,N,O,1995-07-15,1995-06-26,1995-07-21,NONE,SHIP, wake above the slyly even platelets. r
12773-1,12773,1792,93,1,17.00,28794.43,0.06,0.08,R,F,1995-02-04,1995-04-02,1995-02-09,NONE,AIR,ts according to 
12773-2,12773,1892,93,2,39.00,69961.71,0.01,0.06,R,F,1995-02-25,1995-03-12,1995-03-27,COLLECT COD,TRUCK,ly carefully even requ
12773-3,12773,1975,64,3,38.00,71324.86,0.05,0.02,A,F,1995-03-18,1995-03-13,1995-03-24,NONE,TRUCK,counts. flu
12773-4,12773,534,25,4,16.00,22952.48,0.08,0.03,A,F,1995-03-09,1995-02-28,1995-03-13,TAKE BACK RETURN,RAIL,. even theodolites snooze.
12773-5,12773,653,85,5,41.00,63699.65,0.07,0.02,R,F,1995-03-31,1995-03-03,1995-04-18,NONE,SHIP,"s the ideas. final, even pinto beans d"
12773-6,12773,1238,76,6,23.00,26202.29,0.02,0.06,R,F,1995-04-01,1995-03-27,1995-04-11,TAKE BACK RETURN,REG AIR,ely. furiously even theodolites behind th
12773-7,12773,231,32,7,20.00,22624.60,0.03,0.07,R,F,1995-03-09,1995-03-26,1995-03-25,COLLECT COD,FOB,s. never silent accounts mig
12774-1,12774,1054,60,1,16.00,15280.80,0.08,0.05,R,F,1993-01-09,1992-12-25,1993-01-19,DELIVER IN PERSON,FOB,blate blithely 
12774-2,12774,1524,25,2,29.00,41340.08,0.04,0.04,A,F,1992-10-24,1992-11-27,1992-11-08,DELIVER IN PERSON,RAIL,sual asymptotes. slyly even deposit
12774-3,12774,26,2,3,5.00,4630.10,0.04,0.04,R,F,1993-02-07,1992-12-13,1993-02-28,DELIVER IN PERSON,TRUCK,ly final requests accordi
12775-1,12775,844,45,1,45.00,78517.80,0.02,0.00,N,O,1996-12-06,1996-12-07,1996-12-25,TAKE BACK RETURN,RAIL,lar packages affix. regular f
12775-2,12775,1035,6,2,9.00,8424.27,0.06,0.02,N,O,1996-10-24,1996-12-11,1996-10-31,DELIVER IN PERSON,AIR,arefully regular braids. packages
12775-3,12775,1372,49,3,33.00,42021.21,0.05,0.01,N,O,1996-11-09,1996-11-17,1996-11-25,COLLECT COD,TRUCK,iresias are quickly 
12775-4,12775,335,36,4,2.00,2470.66,0.10,0.05,N,O,1996-10-16,1996-12-21,1996-10-28,NONE,TRUCK,posits. braids after the furiously fi
12800-1,12800,1529,10,1,47.00,67234.44,0.01,0.06,R,F,1993-07-12,1993-07-23,1993-07-27,TAKE BACK RETURN,MAIL,"long the express, bold theodolites. n"
12800-2,12800,1940,41,2,43.00,79203.42,0.03,0.07,R,F,1993-09-19,1993-08-17,1993-10-01,DELIVER IN PERSON,TRUCK,"even, silent asymptotes must cajole "
12800-3,12800,1639,40,3,27.00,41597.01,0.08,0.06,R,F,1993-06-12,1993-07-02,1993-06-19,DELIVER IN PERSON,REG AIR,ular epitaphs. 
12800-4,12800,310,11,4,24.00,29047.44,0.10,0.04,R,F,1993-07-20,1993-06-25,1993-08-07,COLLECT COD,FOB, carefully. fluffily bold pinto beans 
12800-5,12800,1792,93,5,47.00,79608.13,0.02,0.05,A,F,1993-08-23,1993-08-02,1993-09-22,NONE,AIR,ously regular accounts wake 
12801-1,12801,425,13,1,42.00,55667.64,0.08,0.07,N,O,1997-08-30,1997-10-01,1997-09-03,COLLECT COD,AIR,unts. unusual accou
12801-2,12801,67,43,2,1.00,967.06,0.04,0.05,N,O,1997-09-10,1997-10-27,1997-10-01,COLLECT COD,SHIP,refully bold deposits nag bo
12801-3,12801,1361,38,3,39.00,49232.04,0.03,0.03,N,O,1997-10-17,1997-11-15,1997-11-01,NONE,FOB,tions use blithely de
12801-4,12801,932,33,4,45.00,82481.85,0.01,0.07,N,O,1997-09-13,1997-10-21,1997-09-18,DELIVER IN PERSON,RAIL,the carefully pen
12801-5,12801,74,50,5,35.00,34092.45,0.02,0.01,N,O,1997-09-03,1997-10-03,1997-09-27,COLLECT COD,REG AIR,ular foxes
12802-1,12802,890,57,1,43.00,77008.27,0.02,0.02,N,O,1998-05-27,1998-05-17,1998-06-19,COLLECT COD,MAIL,ffily pending ideas. regula
12802-2,12802,1054,25,2,28.00,26741.40,0.09,0.01,N,O,1998-03-29,1998-04-25,1998-04-03,TAKE BACK RETURN,REG AIR, cajole. furiously regular 
12802-3,12802,1820,50,3,17.00,29270.94,0.04,0.04,N,O,1998-04-27,1998-04-06,1998-05-06,NONE,AIR, slyly final deposits n
12802-4,12802,462,63,4,22.00,29974.12,0.02,0.04,N,O,1998-04-29,1998-05-26,1998-05-16,DELIVER IN PERSON,MAIL,iously ironic deposits above the s
12802-5,12802,1741,42,5,44.00,72280.56,0.00,0.00,N,O,1998-06-29,1998-05-20,1998-07-16,DELIVER IN PERSON,SHIP,onic accounts above
12803-1,12803,45,71,1,16.00,15120.64,0.08,0.04,R,F,1993-03-30,1993-05-24,1993-04-18,TAKE BACK RETURN,AIR,yly silent requests. slyly final ideas d
12803-2,12803,1161,34,2,13.00,13808.08,0.10,0.04,A,F,1993-03-12,1993-05-24,1993-03-20,TAKE BACK RETURN,AIR,s haggle silently regular
12804-1,12804,230,12,1,50.00,56511.50,0.02,0.04,R,F,1992-09-17,1992-07-25,1992-10-13,TAKE BACK RETURN,MAIL,gular accounts haggle furiously ironic foxe
12804-2,12804,1659,42,2,24.00,37455.60,0.09,0.05,A,F,1992-07-08,1992-08-04,1992-07-15,NONE,AIR,nstructions. quickly 
12804-3,12804,990,93,3,40.00,75639.60,0.01,0.04,A,F,1992-08-19,1992-08-02,1992-09-04,TAKE BACK RETURN,SHIP,ic requests nag carefully platelets. 
12804-4,12804,600,61,4,49.00,73529.40,0.04,0.06,A,F,1992-06-25,1992-08-12,1992-07-04,DELIVER IN PERSON,SHIP,ges cajole a
12804-5,12804,1559,80,5,19.00,27750.45,0.00,0.04,R,F,1992-08-13,1992-06-25,1992-09-01,NONE,MAIL,"ully across the slow, regu"
12804-6,12804,1558,39,6,46.00,67139.30,0.03,0.08,R,F,1992-07-22,1992-08-18,1992-08-01,DELIVER IN PERSON,RAIL,ideas sleep carefully after the q
12804-7,12804,432,91,7,10.00,13324.30,0.06,0.02,R,F,1992-07-23,1992-07-09,1992-07-28,NONE,MAIL,urts. permanently 
12805-1,12805,1910,55,1,9.00,16307.19,0.04,0.07,N,O,1997-02-13,1997-02-24,1997-02-15,COLLECT COD,FOB,". final, regular packa"
12805-2,12805,1359,74,2,24.00,30248.40,0.04,0.06,N,O,1997-02-16,1997-03-10,1997-02-22,NONE,REG AIR,"closely special foxes. regular,"
12805-3,12805,1430,70,3,23.00,30622.89,0.09,0.03,N,O,1997-02-25,1997-02-13,1997-03-08,NONE,REG AIR, dependenci
12806-1,12806,1202,14,1,1.00,1103.20,0.00,0.06,N,O,1996-01-18,1996-02-21,1996-01-25,TAKE BACK RETURN,FOB,ly quickly special pinto bea
12806-2,12806,1960,5,2,44.00,81926.24,0.07,0.07,N,O,1996-03-03,1996-01-25,1996-03-28,COLLECT COD,SHIP,ages. silent dolphins hin
12806-3,12806,1690,14,3,41.00,65259.29,0.04,0.03,N,O,1996-01-16,1996-03-19,1996-01-21,COLLECT COD,TRUCK,nstructions wake quick
12806-4,12806,1775,76,4,14.00,23474.78,0.08,0.06,N,O,1995-12-30,1996-02-26,1996-01-06,TAKE BACK RETURN,TRUCK,unts believe regular
12806-5,12806,1563,64,5,3.00,4393.68,0.00,0.03,N,O,1996-03-03,1996-02-02,1996-03-20,DELIVER IN PERSON,TRUCK,"ckages doze. even, "
12806-6,12806,1691,15,6,21.00,33446.49,0.01,0.03,N,O,1996-01-15,1996-02-19,1996-01-25,TAKE BACK RETURN,AIR,gainst the furiously pending 
12807-1,12807,1308,23,1,7.00,8465.10,0.10,0.01,N,O,1998-04-14,1998-03-20,1998-05-13,NONE,SHIP,ully final deposits c
12807-2,12807,632,33,2,16.00,24522.08,0.00,0.08,N,O,1998-03-19,1998-04-07,1998-04-01,COLLECT COD,REG AIR,slyly ironic accounts are about the 
12832-1,12832,1428,29,1,49.00,65141.58,0.02,0.04,A,F,1995-03-13,1995-03-04,1995-03-18,NONE,RAIL,arefully ironic acc
12833-1,12833,763,64,1,11.00,18301.36,0.02,0.01,N,O,1998-08-10,1998-08-01,1998-09-08,TAKE BACK RETURN,FOB,ly quickly final deposits. slyly 
12833-2,12833,951,20,2,47.00,87041.65,0.07,0.04,N,O,1998-09-27,1998-08-12,1998-10-22,NONE,RAIL,xcuses. re
12834-1,12834,1434,74,1,28.00,37392.04,0.06,0.03,N,O,1996-12-26,1996-12-03,1997-01-03,TAKE BACK RETURN,SHIP,g deposits cajole
12834-2,12834,1258,33,2,41.00,47529.25,0.05,0.01,N,O,1997-01-30,1997-01-28,1997-02-27,NONE,FOB,ously alongside
12834-3,12834,1719,46,3,37.00,59966.27,0.06,0.05,N,O,1996-11-15,1996-12-29,1996-12-11,TAKE BACK RETURN,RAIL,ckages integr
12834-4,12834,420,21,4,18.00,23767.56,0.04,0.01,N,O,1996-12-12,1996-12-20,1996-12-19,TAKE BACK RETURN,MAIL,refully even deposits nag according to
12834-5,12834,1167,40,5,16.00,17090.56,0.03,0.06,N,O,1997-02-21,1996-12-17,1997-03-17,DELIVER IN PERSON,SHIP,uffily express ideas. i
12834-6,12834,44,95,6,34.00,32097.36,0.01,0.01,N,O,1996-12-06,1996-12-25,1996-12-17,TAKE BACK RETURN,REG AIR,ing accounts cajole fluffily along
12834-7,12834,909,44,7,26.00,47057.40,0.01,0.07,N,O,1996-12-24,1996-12-26,1996-12-30,TAKE BACK RETURN,MAIL,nts alongside of the blithely iron
12835-1,12835,1560,1,1,1.00,1461.56,0.08,0.07,N,O,1997-01-27,1997-03-27,1997-01-30,DELIVER IN PERSON,SHIP,tructions wake sile
12835-2,12835,1831,32,2,15.00,25992.45,0.04,0.00,N,O,1997-03-24,1997-03-05,1997-03-31,TAKE BACK RETURN,REG AIR,uickly. quickly ironic dolphins
12835-3,12835,1123,96,3,11.00,11265.32,0.03,0.03,N,O,1997-05-13,1997-04-20,1997-05-19,DELIVER IN PERSON,FOB, regular accounts. carefully unusual
12835-4,12835,727,92,4,33.00,53714.76,0.08,0.06,N,O,1997-05-09,1997-03-25,1997-05-28,DELIVER IN PERSON,AIR,the slyly final packages. final request
12835-5,12835,604,67,5,5.00,7523.00,0.04,0.02,N,O,1997-02-24,1997-02-22,1997-03-25,TAKE BACK RETURN,MAIL,express requests wake furio
12835-6,12835,1441,59,6,5.00,6712.20,0.00,0.03,N,O,1997-03-10,1997-04-06,1997-03-30,COLLECT COD,RAIL,sly pending waters. furiously bold
12835-7,12835,1577,98,7,28.00,41399.96,0.07,0.00,N,O,1997-05-20,1997-04-17,1997-06-01,DELIVER IN PERSON,TRUCK,eans nag slyly stealthy instruc
12836-1,12836,1832,62,1,1.00,1733.83,0.04,0.03,N,O,1996-05-14,1996-06-23,1996-05-20,TAKE BACK RETURN,AIR,ole slyly final accounts
12836-2,12836,1009,80,2,48.00,43680.00,0.07,0.06,N,O,1996-06-13,1996-06-30,1996-06-28,COLLECT COD,SHIP,ickly quietly unusual hockey
12836-3,12836,1835,65,3,33.00,57315.39,0.03,0.00,N,O,1996-07-08,1996-05-21,1996-08-04,NONE,SHIP,lets. quietly final reque
12836-4,12836,45,96,4,44.00,41581.76,0.06,0.01,N,O,1996-07-10,1996-05-18,1996-07-14,COLLECT COD,SHIP,beans affix blithely after the car
12836-5,12836,1377,78,5,19.00,24289.03,0.01,0.01,N,O,1996-04-21,1996-06-22,1996-05-08,COLLECT COD,RAIL,usual deposits? pint
12836-6,12836,74,100,6,21.00,20455.47,0.09,0.03,N,O,1996-07-08,1996-06-12,1996-07-11,NONE,REG AIR,n courts after the doggedly
12836-7,12836,1327,28,7,31.00,38077.92,0.04,0.07,N,O,1996-05-11,1996-05-27,1996-05-30,NONE,TRUCK,"ts doze quickly. bold, even ideas detect"
12837-1,12837,596,27,1,14.00,20952.26,0.10,0.03,A,F,1993-01-09,1993-01-26,1993-01-15,DELIVER IN PERSON,RAIL,e slyly even theodolites. ins
12837-2,12837,24,25,2,38.00,35112.76,0.05,0.07,R,F,1993-01-11,1993-02-24,1993-01-16,TAKE BACK RETURN,MAIL,olites wake never slyly regular hockey p
12837-3,12837,1464,82,3,8.00,10923.68,0.00,0.00,R,F,1993-01-22,1993-01-17,1993-02-17,NONE,REG AIR,y blithe deposits. fu
12837-4,12837,232,87,4,44.00,49818.12,0.08,0.02,R,F,1993-02-08,1993-01-03,1993-02-13,TAKE BACK RETURN,FOB,g slyly alongside of t
12838-1,12838,1899,29,1,21.00,37818.69,0.10,0.07,N,O,1998-07-17,1998-08-28,1998-07-25,DELIVER IN PERSON,AIR,furiously regular multipliers a
12838-2,12838,423,11,2,27.00,35732.34,0.10,0.05,N,O,1998-09-05,1998-09-18,1998-09-28,DELIVER IN PERSON,MAIL,s the furiously pending T
12838-3,12838,1655,38,3,24.00,37359.60,0.07,0.00,N,O,1998-10-21,1998-08-26,1998-11-10,TAKE BACK RETURN,RAIL,requests sleep about the requests. sl
12839-1,12839,1640,82,1,26.00,40082.64,0.05,0.01,N,O,1998-01-23,1998-03-12,1998-02-08,COLLECT COD,RAIL,ely? accounts h
12839-2,12839,774,71,2,34.00,56942.18,0.02,0.02,N,O,1998-02-16,1998-03-11,1998-03-06,DELIVER IN PERSON,AIR,e fluffily a
12839-3,12839,90,16,3,2.00,1980.18,0.01,0.08,N,O,1998-04-26,1998-03-31,1998-05-26,NONE,MAIL,efully exp
12839-4,12839,1659,1,4,21.00,32773.65,0.00,0.07,N,O,1998-02-12,1998-03-01,1998-02-22,DELIVER IN PERSON,TRUCK,"y even accounts. final, express pac"
12839-5,12839,458,59,5,5.00,6792.25,0.10,0.04,N,O,1998-02-14,1998-02-19,1998-03-11,DELIVER IN PERSON,AIR,equests. slyly sly
12839-6,12839,1168,77,6,37.00,39558.92,0.08,0.08,N,O,1998-03-14,1998-03-31,1998-04-09,NONE,SHIP, accounts boost thin
12864-1,12864,1462,63,1,5.00,6817.30,0.03,0.02,R,F,1994-08-05,1994-06-23,1994-08-09,TAKE BACK RETURN,TRUCK,carefully regular ideas. carefully
12864-2,12864,1939,72,2,43.00,79159.99,0.04,0.03,R,F,1994-07-12,1994-07-17,1994-08-04,COLLECT COD,MAIL,uctions along the pending dependenci
12864-3,12864,789,54,3,34.00,57452.52,0.00,0.00,A,F,1994-06-07,1994-07-31,1994-06-28,TAKE BACK RETURN,REG AIR,er the quickly regular i
12865-1,12865,1540,21,1,33.00,47570.82,0.04,0.00,N,O,1997-06-28,1997-07-18,1997-07-27,COLLECT COD,FOB,excuses boost quickly. regular accounts 
12865-2,12865,993,62,2,1.00,1893.99,0.01,0.01,N,O,1997-07-13,1997-08-18,1997-08-07,COLLECT COD,REG AIR,e carefully special pinto beans. fin
12865-3,12865,1619,61,3,50.00,76030.50,0.04,0.00,N,O,1997-09-17,1997-07-02,1997-10-16,NONE,AIR,dly slyly silent instructions. never
12865-4,12865,431,90,4,21.00,27960.03,0.08,0.02,N,O,1997-06-11,1997-07-07,1997-07-06,NONE,SHIP,g dependencies boost carefully. unus
12865-5,12865,976,79,5,32.00,60063.04,0.00,0.05,N,O,1997-09-08,1997-08-04,1997-09-11,DELIVER IN PERSON,MAIL,ully regular packages c
12865-6,12865,1126,99,6,2.00,2054.24,0.10,0.02,N,O,1997-08-13,1997-07-05,1997-08-16,NONE,REG AIR,quickly entic
12865-7,12865,701,34,7,21.00,33635.70,0.08,0.06,N,O,1997-07-03,1997-08-05,1997-07-18,COLLECT COD,MAIL,s. unusual accounts haggle furiously unu
12866-1,12866,380,9,1,6.00,7682.28,0.02,0.06,N,O,1997-02-06,1997-04-10,1997-02-07,COLLECT COD,MAIL,ructions. instruction
12866-2,12866,1664,88,2,32.00,50101.12,0.00,0.07,N,O,1997-05-11,1997-04-10,1997-06-05,COLLECT COD,MAIL,ngside of the exc
12866-3,12866,1118,27,3,35.00,35668.85,0.06,0.01,N,O,1997-04-27,1997-04-07,1997-05-26,DELIVER IN PERSON,FOB,otes are carefully 
12866-4,12866,912,13,4,9.00,16316.19,0.01,0.02,N,O,1997-04-11,1997-02-20,1997-05-09,DELIVER IN PERSON,SHIP,n deposits c
12866-5,12866,1233,71,5,17.00,19281.91,0.06,0.07,N,O,1997-02-05,1997-03-10,1997-02-25,DELIVER IN PERSON,FOB,c requests haggle fluffily along the 
12866-6,12866,876,43,6,8.00,14214.96,0.05,0.05,N,O,1997-04-04,1997-03-18,1997-05-04,TAKE BACK RETURN,AIR,ey players. even requests detect fluf
12866-7,12866,637,69,7,12.00,18451.56,0.00,0.08,N,O,1997-05-04,1997-03-02,1997-05-28,TAKE BACK RETURN,SHIP,ronic requests. sly
12867-1,12867,722,87,1,14.00,22718.08,0.02,0.04,A,F,1995-04-20,1995-05-29,1995-05-09,DELIVER IN PERSON,AIR,riously furiously fluffy instruc
12867-2,12867,1833,63,2,45.00,78067.35,0.10,0.08,N,F,1995-06-10,1995-05-02,1995-07-04,TAKE BACK RETURN,SHIP,refully bold id
12867-3,12867,1021,57,3,48.00,44256.96,0.00,0.06,A,F,1995-06-06,1995-06-08,1995-06-13,NONE,REG AIR,lets above the
12867-4,12867,1490,69,4,20.00,27829.80,0.07,0.03,R,F,1995-04-15,1995-04-15,1995-04-29,DELIVER IN PERSON,SHIP,the slyly even theodolites. sl
12867-5,12867,1737,22,5,15.00,24580.95,0.06,0.06,A,F,1995-05-17,1995-06-07,1995-06-10,TAKE BACK RETURN,RAIL,uriously according to
12868-1,12868,1881,82,1,10.00,17828.80,0.02,0.01,R,F,1995-03-12,1995-04-08,1995-03-29,NONE,MAIL,he packages wake fl
12868-2,12868,505,66,2,46.00,64653.00,0.00,0.03,A,F,1995-05-30,1995-05-17,1995-06-15,COLLECT COD,MAIL,efully final asymptotes? carefully expr
12868-3,12868,430,31,3,32.00,42573.76,0.00,0.04,N,O,1995-06-21,1995-05-28,1995-07-04,COLLECT COD,RAIL,"ns. special, enticing pinto beans are sly"
12868-4,12868,1651,52,4,45.00,69869.25,0.06,0.05,A,F,1995-04-08,1995-05-31,1995-04-12,DELIVER IN PERSON,MAIL, asymptotes are. furiously 
12868-5,12868,1151,88,5,3.00,3156.45,0.07,0.04,N,F,1995-06-10,1995-04-30,1995-07-07,COLLECT COD,MAIL,ironic braids-- care
12868-6,12868,999,34,6,15.00,28499.85,0.02,0.04,R,F,1995-04-11,1995-04-26,1995-04-12,DELIVER IN PERSON,TRUCK, carefully according to the e
12869-1,12869,1437,77,1,35.00,46845.05,0.06,0.07,A,F,1994-05-23,1994-03-12,1994-06-12,TAKE BACK RETURN,FOB,nusual foxes are quickly final pinto bean
12869-2,12869,983,52,2,44.00,82895.12,0.05,0.07,R,F,1994-05-15,1994-04-08,1994-05-19,TAKE BACK RETURN,TRUCK, the carefully regular de
12870-1,12870,337,22,1,39.00,48255.87,0.01,0.08,A,F,1993-10-22,1993-09-21,1993-11-02,NONE,AIR,ithely regular deposits. carefully 
12871-1,12871,142,21,1,33.00,34390.62,0.00,0.02,N,O,1995-11-29,1995-12-04,1995-12-28,COLLECT COD,FOB,osits. blithely express accounts slee
12871-2,12871,318,75,2,50.00,60915.50,0.09,0.02,N,O,1996-01-13,1995-12-22,1996-01-18,TAKE BACK RETURN,MAIL,elets are fl
12871-3,12871,535,36,3,29.00,41630.37,0.08,0.04,N,O,1995-10-17,1995-12-12,1995-10-23,COLLECT COD,REG AIR,"ts nod blithely regular, even courts. sl"
12871-4,12871,8,9,4,15.00,13620.00,0.07,0.02,N,O,1995-11-29,1995-11-09,1995-12-18,TAKE BACK RETURN,MAIL,esias. permanently final i
12871-5,12871,378,35,5,25.00,31959.25,0.02,0.03,N,O,1995-11-29,1995-12-03,1995-12-07,COLLECT COD,RAIL,ncies around the quickly thin th
12871-6,12871,1874,4,6,10.00,17758.70,0.00,0.03,N,O,1996-01-26,1995-12-24,1996-02-02,COLLECT COD,MAIL,ages use fluff
12896-1,12896,844,11,1,47.00,82007.48,0.08,0.00,N,O,1997-04-18,1997-02-18,1997-04-30,DELIVER IN PERSON,REG AIR," ironic, unusual depende"
12896-2,12896,1950,95,2,16.00,29631.20,0.01,0.02,N,O,1997-01-01,1997-02-27,1997-01-16,NONE,RAIL,blithely fi
12896-3,12896,1804,48,3,42.00,71643.60,0.09,0.07,N,O,1996-12-26,1997-02-03,1997-01-04,COLLECT COD,TRUCK,equests. furiously
12896-4,12896,847,47,4,48.00,83896.32,0.01,0.00,N,O,1997-01-30,1997-03-13,1997-02-08,DELIVER IN PERSON,MAIL,"s. bold, regular packa"
12896-5,12896,839,73,5,10.00,17398.30,0.09,0.08,N,O,1997-04-14,1997-02-08,1997-04-27,COLLECT COD,AIR,ng requests may are furiously. flu
12896-6,12896,556,47,6,11.00,16022.05,0.03,0.03,N,O,1997-03-13,1997-02-13,1997-04-09,COLLECT COD,MAIL, regular instructions inte
12896-7,12896,1920,65,7,17.00,30972.64,0.06,0.04,N,O,1997-01-21,1997-02-03,1997-02-10,DELIVER IN PERSON,RAIL,unts: instructions use slyly after 
12897-1,12897,1957,58,1,32.00,59486.40,0.10,0.02,N,O,1995-08-08,1995-08-29,1995-08-22,NONE,RAIL, final deposits. carefully r
12897-2,12897,1381,82,2,27.00,34624.26,0.06,0.01,N,O,1995-11-04,1995-09-27,1995-11-27,TAKE BACK RETURN,FOB,uriously. furiously special foxes according
12897-3,12897,816,50,3,19.00,32619.39,0.03,0.06,N,O,1995-08-02,1995-09-17,1995-08-15,TAKE BACK RETURN,FOB,nusual somas. theodo
12897-4,12897,1119,20,4,4.00,4080.44,0.02,0.00,N,O,1995-10-20,1995-08-29,1995-10-29,DELIVER IN PERSON,TRUCK,heodolites haggle: sl
12897-5,12897,241,42,5,2.00,2282.48,0.00,0.03,N,O,1995-09-27,1995-09-07,1995-10-01,COLLECT COD,AIR,foxes sleep. carefully unusual 
12897-6,12897,1040,11,6,29.00,27290.16,0.08,0.03,N,O,1995-08-17,1995-10-13,1995-08-22,TAKE BACK RETURN,MAIL,"c, final pinto beans haggle slyly. f"
12898-1,12898,1447,65,1,32.00,43150.08,0.01,0.05,R,F,1994-11-05,1994-12-06,1994-11-27,COLLECT COD,MAIL,nic requests cajole quickly alongs
12899-1,12899,329,14,1,18.00,22127.76,0.10,0.01,N,O,1996-04-09,1996-06-22,1996-05-03,COLLECT COD,AIR,ckages affix blithely among t
12899-2,12899,477,65,2,5.00,6887.35,0.04,0.07,N,O,1996-07-03,1996-05-28,1996-07-24,TAKE BACK RETURN,SHIP,"c, unusual pinto beans haggle furious"
12899-3,12899,1936,37,3,7.00,12865.51,0.03,0.07,N,O,1996-04-12,1996-06-30,1996-04-26,TAKE BACK RETURN,MAIL,jole according to th
12900-1,12900,1828,72,1,11.00,19028.02,0.03,0.05,R,F,1993-05-20,1993-07-27,1993-05-28,NONE,REG AIR,carefully careful requests. blithely fi
12900-2,12900,1196,97,2,19.00,20846.61,0.00,0.05,R,F,1993-07-08,1993-06-19,1993-07-25,NONE,AIR,bold foxes are after the furiously special 
12901-1,12901,1633,57,1,33.00,50642.79,0.04,0.06,R,F,1994-07-09,1994-07-30,1994-07-30,DELIVER IN PERSON,SHIP,ly close asy
12901-2,12901,609,3,2,21.00,31701.60,0.09,0.08,A,F,1994-06-16,1994-07-27,1994-06-26,NONE,AIR,le slyly packages! quic
12901-3,12901,317,74,3,39.00,47475.09,0.07,0.05,A,F,1994-08-10,1994-07-25,1994-08-13,NONE,RAIL,ly pending
12901-4,12901,272,27,4,46.00,53924.42,0.04,0.08,R,F,1994-06-30,1994-07-06,1994-07-06,NONE,FOB,mptotes boost careful
12901-5,12901,263,64,5,42.00,48856.92,0.00,0.05,R,F,1994-06-27,1994-07-25,1994-07-21,NONE,RAIL, furiously r
12901-6,12901,107,34,6,43.00,43305.30,0.03,0.08,A,F,1994-09-03,1994-06-16,1994-09-19,TAKE BACK RETURN,TRUCK,arefully final packages. furi
12901-7,12901,1932,77,7,12.00,22007.16,0.07,0.01,A,F,1994-08-06,1994-07-06,1994-08-08,COLLECT COD,RAIL,ickly thin account
12902-1,12902,976,77,1,50.00,93848.50,0.09,0.04,R,F,1993-11-27,1993-12-26,1993-12-06,TAKE BACK RETURN,REG AIR,refully of the ex
12902-2,12902,376,33,2,15.00,19145.55,0.05,0.02,A,F,1994-01-28,1993-12-05,1994-02-17,COLLECT COD,AIR,gside of the carefully pendi
12902-3,12902,1555,56,3,24.00,34957.20,0.05,0.04,A,F,1993-10-31,1993-12-14,1993-11-16,NONE,SHIP,he platelets. sl
12902-4,12902,737,38,4,37.00,60596.01,0.04,0.00,R,F,1993-12-06,1993-12-05,1993-12-15,DELIVER IN PERSON,FOB,y ironic grouches haggle furiou
12902-5,12902,312,13,5,26.00,31520.06,0.10,0.05,A,F,1993-12-31,1993-12-18,1994-01-26,NONE,FOB,y. carefully regu
12902-6,12902,155,34,6,40.00,42206.00,0.08,0.00,R,F,1993-11-15,1994-01-09,1993-11-26,COLLECT COD,AIR,uests use 
12902-7,12902,1349,64,7,44.00,55014.96,0.08,0.04,R,F,1993-12-14,1993-12-26,1994-01-02,COLLECT COD,MAIL,s boost according to the ironic deposits
12903-1,12903,580,11,1,20.00,29611.60,0.05,0.02,R,F,1994-11-04,1994-11-13,1994-11-19,DELIVER IN PERSON,REG AIR,ts nag. quickly unusual
12903-2,12903,1319,34,2,20.00,24406.20,0.05,0.02,R,F,1994-10-30,1994-11-24,1994-11-16,DELIVER IN PERSON,REG AIR,ously regular requests impress furiously 
12903-3,12903,359,44,3,29.00,36521.15,0.03,0.01,R,F,1994-12-15,1994-11-30,1995-01-14,DELIVER IN PERSON,TRUCK,"al theodolites use blithely. even,"
12903-4,12903,1074,45,4,1.00,975.07,0.09,0.08,R,F,1994-11-20,1994-11-06,1994-12-07,NONE,AIR, furiously regular pinto beans. asymptotes
12928-1,12928,1327,66,1,28.00,34392.96,0.00,0.03,R,F,1994-04-05,1994-06-06,1994-04-21,NONE,SHIP, furiously. requests along the permanently 
12928-2,12928,1610,52,2,2.00,3023.22,0.04,0.08,A,F,1994-04-26,1994-05-01,1994-05-11,NONE,RAIL,r foxes wake f
12928-3,12928,608,2,3,48.00,72412.80,0.01,0.04,R,F,1994-06-06,1994-05-17,1994-06-10,NONE,MAIL,"r, even packages. blithely final "
12928-4,12928,194,95,4,8.00,8753.52,0.00,0.04,R,F,1994-05-02,1994-06-09,1994-05-06,NONE,FOB,unusual pinto beans haggle fluffily alon
12928-5,12928,1515,16,5,33.00,46744.83,0.04,0.06,R,F,1994-07-20,1994-05-25,1994-08-14,COLLECT COD,TRUCK,uriously. thinly final theodolites d
12928-6,12928,649,81,6,29.00,44939.56,0.02,0.02,A,F,1994-07-27,1994-06-04,1994-08-11,COLLECT COD,FOB,equests. quickly final 
12928-7,12928,831,98,7,27.00,46759.41,0.10,0.03,A,F,1994-05-24,1994-05-09,1994-06-13,COLLECT COD,RAIL, excuses boost furiously slyly i
12929-1,12929,571,72,1,40.00,58862.80,0.02,0.02,A,F,1993-10-11,1993-11-22,1993-11-02,TAKE BACK RETURN,AIR, regular f
12929-2,12929,1586,87,2,7.00,10413.06,0.06,0.04,A,F,1993-10-04,1993-10-02,1993-10-11,COLLECT COD,AIR,are quickly according to the f
12929-3,12929,749,14,3,34.00,56091.16,0.04,0.04,A,F,1993-12-23,1993-10-23,1994-01-18,TAKE BACK RETURN,AIR,uests. bold pinto beans
12929-4,12929,131,58,4,13.00,13404.69,0.03,0.04,A,F,1993-11-11,1993-10-09,1993-11-16,DELIVER IN PERSON,SHIP,requests. pending deposit
12930-1,12930,187,40,1,10.00,10871.80,0.04,0.04,N,O,1995-12-27,1996-01-08,1996-01-18,NONE,AIR,s use blithely blithely even accounts
12931-1,12931,1818,5,1,4.00,6879.24,0.08,0.03,R,F,1992-06-11,1992-06-28,1992-06-23,NONE,TRUCK, carefully even accounts use fluffily 
12931-2,12931,1824,54,2,24.00,41419.68,0.04,0.06,A,F,1992-05-27,1992-07-17,1992-06-18,COLLECT COD,AIR, braids. slyly regular foxes are 
12931-3,12931,1092,63,3,24.00,23834.16,0.09,0.08,R,F,1992-05-22,1992-06-25,1992-06-19,DELIVER IN PERSON,MAIL," doubt slyly about the pending, even the"
12932-1,12932,1617,100,1,44.00,66818.84,0.05,0.07,N,O,1997-10-17,1997-11-19,1997-10-23,COLLECT COD,REG AIR,y above the express sentiment
12932-2,12932,402,32,2,50.00,65120.00,0.07,0.06,N,O,1997-12-16,1997-11-20,1997-12-30,DELIVER IN PERSON,AIR," blithely about the ironic, i"
12932-3,12932,771,68,3,5.00,8358.85,0.02,0.02,N,O,1997-09-07,1997-10-15,1997-09-26,NONE,TRUCK,kly? dependencies above the slyly expres
12932-4,12932,599,60,4,7.00,10497.13,0.00,0.03,N,O,1997-09-08,1997-11-12,1997-10-01,COLLECT COD,FOB,e carefully bold
12933-1,12933,1652,94,1,3.00,4660.95,0.00,0.03,N,O,1998-06-07,1998-04-05,1998-06-11,DELIVER IN PERSON,TRUCK,ctions are blit
12933-2,12933,1595,16,2,27.00,40407.93,0.07,0.06,N,O,1998-05-24,1998-03-26,1998-06-05,TAKE BACK RETURN,RAIL,xes. furiously special dugout
12933-3,12933,602,3,3,17.00,25544.20,0.04,0.03,N,O,1998-03-17,1998-05-09,1998-03-22,COLLECT COD,RAIL,"ake unusual, ironic d"
12933-4,12933,1092,93,4,30.00,29792.70,0.00,0.05,N,O,1998-03-06,1998-04-13,1998-03-12,DELIVER IN PERSON,TRUCK, the permanently
12933-5,12933,1677,60,5,50.00,78933.50,0.07,0.01,N,O,1998-05-29,1998-05-16,1998-06-22,COLLECT COD,REG AIR,e carefully regular ideas cajole ca
12933-6,12933,1978,79,6,31.00,58279.07,0.09,0.06,N,O,1998-03-19,1998-05-07,1998-04-02,TAKE BACK RETURN,AIR,cuses. furiously special instructions acros
12933-7,12933,1709,94,7,14.00,22549.80,0.04,0.00,N,O,1998-05-15,1998-05-07,1998-05-25,DELIVER IN PERSON,RAIL,ress packages. pending platelets wake
12934-1,12934,1682,83,1,37.00,58596.16,0.10,0.02,A,F,1994-03-15,1994-05-31,1994-04-13,TAKE BACK RETURN,FOB,past the slyly regular o
12934-2,12934,790,87,2,34.00,57486.86,0.01,0.07,R,F,1994-07-04,1994-05-16,1994-07-26,DELIVER IN PERSON,REG AIR,nently ironic multipliers. expre
12934-3,12934,640,41,3,5.00,7703.20,0.03,0.01,R,F,1994-05-20,1994-05-28,1994-06-04,COLLECT COD,RAIL,ubt fluffily slyly regular instructions. 
12934-4,12934,116,69,4,7.00,7112.77,0.07,0.04,R,F,1994-06-20,1994-05-10,1994-07-13,TAKE BACK RETURN,SHIP, slyly across
12934-5,12934,111,12,5,13.00,13144.43,0.02,0.07,A,F,1994-04-25,1994-05-06,1994-05-21,DELIVER IN PERSON,AIR,ely according to the unusual packages-- s
12934-6,12934,794,95,6,50.00,84739.50,0.03,0.00,A,F,1994-06-16,1994-05-06,1994-06-23,TAKE BACK RETURN,MAIL,deposits haggle carefully. fluffi
12934-7,12934,1184,93,7,47.00,51003.46,0.06,0.01,A,F,1994-04-22,1994-05-25,1994-05-16,NONE,SHIP,ep slyly. slyly unusual r
12935-1,12935,17,18,1,9.00,8253.09,0.10,0.01,A,F,1994-08-10,1994-07-01,1994-08-20,TAKE BACK RETURN,MAIL,from the carefully final pinto beans 
12935-2,12935,1275,50,2,4.00,4705.08,0.01,0.00,A,F,1994-05-27,1994-08-05,1994-06-13,DELIVER IN PERSON,FOB,into beans. accounts haggle above the
12935-3,12935,413,72,3,3.00,3940.23,0.00,0.02,R,F,1994-06-01,1994-07-15,1994-06-22,TAKE BACK RETURN,REG AIR,ously final packages nag furiously unusual 
12935-4,12935,1882,69,4,31.00,55300.28,0.10,0.07,A,F,1994-08-23,1994-07-07,1994-08-29,NONE,SHIP,es eat across the silently
12960-1,12960,303,4,1,38.00,45725.40,0.02,0.04,A,F,1993-10-26,1994-01-08,1993-11-14,NONE,AIR,d packages
12960-2,12960,127,28,2,32.00,32867.84,0.06,0.07,A,F,1994-02-08,1993-12-19,1994-02-21,COLLECT COD,REG AIR,"efully. final, regular packages s"
12960-3,12960,1374,51,3,8.00,10202.96,0.01,0.02,R,F,1994-01-05,1993-11-27,1994-02-01,DELIVER IN PERSON,AIR,the slyly express theodolites cajol
12960-4,12960,237,65,4,38.00,43214.74,0.08,0.06,A,F,1993-12-04,1993-11-18,1993-12-21,TAKE BACK RETURN,SHIP, instructio
12961-1,12961,157,84,1,43.00,45457.45,0.02,0.01,A,F,1995-04-08,1995-01-31,1995-05-01,COLLECT COD,REG AIR,s. carefully ironic deposits sleep furi
12961-2,12961,1373,74,2,15.00,19115.55,0.04,0.01,A,F,1995-02-16,1995-01-30,1995-03-04,COLLECT COD,TRUCK,leep furiously at th
12961-3,12961,1700,1,3,22.00,35237.40,0.04,0.02,R,F,1995-03-25,1995-02-06,1995-04-17,NONE,MAIL,ckages sle
12961-4,12961,960,63,4,20.00,37219.20,0.07,0.03,R,F,1995-01-10,1995-01-30,1995-01-29,NONE,AIR,gle after the dolphins! slyly 
12962-1,12962,1619,2,1,25.00,38015.25,0.10,0.07,N,O,1995-10-30,1996-01-26,1995-11-03,NONE,RAIL,ully pending deposits sleep regularly fi
12962-2,12962,1931,64,2,16.00,29326.88,0.07,0.04,N,O,1995-12-29,1995-11-30,1996-01-06,NONE,AIR,ly express dolphins
12962-3,12962,1537,58,3,43.00,61856.79,0.00,0.06,N,O,1996-02-04,1996-01-16,1996-03-01,NONE,TRUCK,kly final ac
12963-1,12963,746,47,1,42.00,69163.08,0.00,0.05,N,O,1998-08-27,1998-08-23,1998-09-01,COLLECT COD,TRUCK,osits. special pinto beans integra
12964-1,12964,265,20,1,7.00,8156.82,0.05,0.04,N,O,1998-03-31,1998-03-30,1998-04-06,TAKE BACK RETURN,FOB, beans. quickly bold escap
12964-2,12964,1371,72,2,11.00,13996.07,0.02,0.07,N,O,1998-05-08,1998-03-27,1998-06-07,NONE,TRUCK,"ay about the silent, ironic accounts. car"
12964-3,12964,1304,5,3,14.00,16874.20,0.03,0.00,N,O,1998-05-11,1998-02-26,1998-06-03,DELIVER IN PERSON,REG AIR, regular dependencies inte
12964-4,12964,444,3,4,33.00,44366.52,0.07,0.08,N,O,1998-01-30,1998-03-19,1998-02-12,TAKE BACK RETURN,MAIL,ly express pa
12964-5,12964,885,19,5,32.00,57148.16,0.05,0.07,N,O,1998-03-14,1998-04-02,1998-03-24,DELIVER IN PERSON,AIR,y special pint
12964-6,12964,183,10,6,28.00,30329.04,0.02,0.07,N,O,1998-02-26,1998-02-22,1998-03-01,DELIVER IN PERSON,MAIL, according to the finally
12964-7,12964,619,82,7,38.00,57745.18,0.10,0.05,N,O,1998-02-02,1998-03-11,1998-02-09,TAKE BACK RETURN,RAIL,"quests cajole. ironic, final dep"
12965-1,12965,499,100,1,15.00,20992.35,0.00,0.08,A,F,1993-08-17,1993-08-30,1993-09-12,TAKE BACK RETURN,FOB,ts. quickly express 
12965-2,12965,1462,80,2,34.00,46357.64,0.03,0.08,R,F,1993-09-10,1993-09-07,1993-09-21,COLLECT COD,TRUCK,nding deposits haggle fu
12965-3,12965,1115,52,3,35.00,35563.85,0.02,0.03,R,F,1993-06-29,1993-09-19,1993-07-05,COLLECT COD,FOB,y thin dolphins among the carefu
12966-1,12966,464,52,1,35.00,47756.10,0.02,0.07,N,O,1997-12-15,1997-12-11,1997-12-21,COLLECT COD,AIR,ly. regular deposits are 
12966-2,12966,1648,90,2,1.00,1549.64,0.05,0.04,N,O,1997-12-28,1997-12-21,1998-01-01,TAKE BACK RETURN,AIR,ronic platelet
12967-1,12967,388,89,1,8.00,10307.04,0.07,0.02,R,F,1993-10-01,1993-12-03,1993-10-02,TAKE BACK RETURN,FOB,final ideas sleep furiously. ca
12992-1,12992,16,42,1,32.00,29312.32,0.01,0.02,N,O,1997-04-09,1997-04-13,1997-04-18,COLLECT COD,RAIL,ons according to t
12992-2,12992,614,77,2,6.00,9087.66,0.06,0.08,N,O,1997-04-04,1997-04-29,1997-04-17,DELIVER IN PERSON,RAIL,sts. furiously final packages 
12992-3,12992,1293,68,3,32.00,38217.28,0.03,0.01,N,O,1997-05-01,1997-04-03,1997-05-19,NONE,RAIL,r deposits haggle slyly against the careful
12992-4,12992,602,34,4,26.00,39067.60,0.01,0.02,N,O,1997-06-15,1997-03-29,1997-06-17,DELIVER IN PERSON,MAIL,ully. blithe
12992-5,12992,666,67,5,44.00,68933.04,0.03,0.00,N,O,1997-03-14,1997-04-21,1997-03-31,NONE,REG AIR,al accounts. stealthily silen
12992-6,12992,671,65,6,10.00,15716.70,0.00,0.05,N,O,1997-05-31,1997-05-04,1997-06-22,NONE,MAIL,ing accounts nag furiously. packages sl
12993-1,12993,1209,84,1,7.00,7771.40,0.08,0.06,N,O,1998-07-09,1998-07-21,1998-08-04,COLLECT COD,FOB,"regular, even"
12993-2,12993,907,8,2,22.00,39773.80,0.05,0.04,N,O,1998-08-03,1998-07-14,1998-08-29,NONE,AIR," above the dinos. special, specia"
12994-1,12994,175,76,1,48.00,51608.16,0.00,0.05,A,F,1995-03-12,1995-02-07,1995-03-21,NONE,AIR,quests play fluffily slyly pending dugo
12995-1,12995,1011,82,1,46.00,41952.46,0.03,0.00,N,O,1996-08-02,1996-09-14,1996-09-01,DELIVER IN PERSON,SHIP,s try to nag carefully across the qu
12995-2,12995,1826,70,2,14.00,24189.48,0.01,0.08,N,O,1996-08-20,1996-09-04,1996-09-01,NONE,MAIL,wake quickly. 
12995-3,12995,1768,53,3,31.00,51762.56,0.01,0.02,N,O,1996-10-19,1996-10-17,1996-10-30,DELIVER IN PERSON,MAIL,ly final excuses sleep furiously. furi
12995-4,12995,1179,52,4,33.00,35645.61,0.09,0.00,N,O,1996-10-20,1996-09-27,1996-11-18,NONE,FOB, slyly after the ironic foxes. careful
12995-5,12995,369,26,5,6.00,7616.16,0.10,0.08,N,O,1996-10-13,1996-09-01,1996-10-19,TAKE BACK RETURN,MAIL,ctions. fluffily fina
12995-6,12995,1459,60,6,30.00,40813.50,0.01,0.04,N,O,1996-09-23,1996-10-10,1996-09-30,COLLECT COD,SHIP,x according to the slyly final instruction
12996-1,12996,660,23,1,8.00,12485.28,0.09,0.03,N,O,1996-02-19,1996-02-26,1996-03-19,TAKE BACK RETURN,TRUCK,ously silent de
12996-2,12996,1237,49,2,6.00,6829.38,0.08,0.01,N,O,1996-02-16,1996-02-03,1996-02-28,NONE,RAIL,nusual asymptotes sleep across the special
12996-3,12996,1324,25,3,49.00,60040.68,0.04,0.03,N,O,1995-12-25,1996-02-12,1996-01-08,NONE,SHIP,blithely furiously special acco
12996-4,12996,1102,11,4,30.00,30093.00,0.02,0.02,N,O,1996-04-04,1996-01-14,1996-04-28,COLLECT COD,FOB, across the ironic 
12997-1,12997,1292,4,1,6.00,7159.74,0.05,0.05,N,O,1996-06-06,1996-08-07,1996-06-30,NONE,RAIL,ts sleep sly
12997-2,12997,1303,4,2,7.00,8430.10,0.04,0.06,N,O,1996-07-07,1996-06-27,1996-07-08,NONE,REG AIR,above the furiously regular foxes. blithel
12997-3,12997,696,28,3,5.00,7983.45,0.05,0.00,N,O,1996-08-18,1996-08-10,1996-09-12,NONE,AIR,ly among the quietly regular fox
12998-1,12998,650,51,1,2.00,3101.30,0.04,0.08,N,O,1997-01-25,1996-11-29,1997-02-04,COLLECT COD,AIR,y bold foxes sleep fluffily
12998-2,12998,1380,81,2,18.00,23064.84,0.07,0.06,N,O,1996-10-23,1996-11-23,1996-10-27,COLLECT COD,REG AIR, accounts. slyly special deposits bo
12999-1,12999,1899,43,1,45.00,81040.05,0.10,0.05,A,F,1993-07-09,1993-06-23,1993-08-04,TAKE BACK RETURN,TRUCK,ges. quickly pending requests use pending c
12999-2,12999,1522,23,2,31.00,44129.12,0.01,0.06,A,F,1993-05-09,1993-05-21,1993-05-14,DELIVER IN PERSON,TRUCK,"le after the excuses. pending, busy "
12999-3,12999,650,82,3,36.00,55823.40,0.00,0.03,A,F,1993-04-24,1993-05-19,1993-05-11,TAKE BACK RETURN,RAIL,d sentiments grow slyly furiously final e
12999-4,12999,856,57,4,20.00,35137.00,0.01,0.04,A,F,1993-07-05,1993-06-24,1993-07-10,DELIVER IN PERSON,TRUCK,s boost quickly express requests
13024-1,13024,790,91,1,24.00,40578.96,0.04,0.04,R,F,1992-06-16,1992-05-26,1992-07-04,DELIVER IN PERSON,RAIL,lve. package
13024-2,13024,1258,33,2,1.00,1159.25,0.10,0.02,R,F,1992-05-15,1992-06-11,1992-06-09,COLLECT COD,AIR,regular platelets. quickly ir
13024-3,13024,533,34,3,12.00,17202.36,0.09,0.05,R,F,1992-04-17,1992-04-30,1992-04-24,DELIVER IN PERSON,MAIL,osits? furiously ste
13025-1,13025,544,75,1,26.00,37558.04,0.10,0.01,N,O,1998-02-07,1998-03-22,1998-02-08,NONE,FOB,egular platelets across the regular
13025-2,13025,107,60,2,24.00,24170.40,0.00,0.03,N,O,1998-05-19,1998-03-21,1998-05-31,TAKE BACK RETURN,RAIL,ely silent asymptotes. deposits sleep 
13025-3,13025,1037,8,3,21.00,19698.63,0.08,0.02,N,O,1998-04-15,1998-02-27,1998-04-21,TAKE BACK RETURN,FOB, cajole quick
13025-4,13025,939,40,4,32.00,58877.76,0.00,0.03,N,O,1998-03-15,1998-03-13,1998-04-03,DELIVER IN PERSON,REG AIR,ular packages wake. quiet packa
13026-1,13026,965,100,1,44.00,82102.24,0.05,0.07,N,O,1997-06-08,1997-05-23,1997-06-18,DELIVER IN PERSON,RAIL,ges. fluffily busy foxe
13026-2,13026,1746,89,2,18.00,29659.32,0.04,0.01,N,O,1997-05-06,1997-06-23,1997-05-29,COLLECT COD,RAIL,ckages sleep quickly carefully 
13026-3,13026,308,37,3,11.00,13291.30,0.05,0.00,N,O,1997-07-30,1997-05-17,1997-08-23,TAKE BACK RETURN,AIR,uffily regular deposits 
13026-4,13026,1710,95,4,26.00,41904.46,0.10,0.06,N,O,1997-05-21,1997-06-10,1997-06-20,COLLECT COD,REG AIR,requests. sly ac
13026-5,13026,1524,45,5,21.00,29935.92,0.06,0.07,N,O,1997-06-01,1997-05-07,1997-06-29,DELIVER IN PERSON,FOB, packages. slyly even ins
13027-1,13027,1003,4,1,30.00,27120.00,0.05,0.02,A,F,1992-01-17,1992-02-24,1992-02-04,DELIVER IN PERSON,TRUCK,sual accounts was furiously express pint
13027-2,13027,222,4,2,33.00,37033.26,0.01,0.07,R,F,1992-03-24,1992-03-22,1992-04-04,TAKE BACK RETURN,MAIL,thogs. quietly ev
13027-3,13027,729,94,3,15.00,24445.80,0.08,0.04,A,F,1992-04-06,1992-04-04,1992-04-28,NONE,SHIP,slyly final accou
13027-4,13027,1671,13,4,6.00,9436.02,0.09,0.01,A,F,1992-03-19,1992-04-04,1992-04-10,TAKE BACK RETURN,REG AIR,cajole quickly. fluffily unusual requ
13027-5,13027,1554,35,5,45.00,65499.75,0.10,0.06,A,F,1992-03-07,1992-03-05,1992-03-18,COLLECT COD,MAIL,eaves. qui
13028-1,13028,1085,21,1,35.00,34512.80,0.07,0.07,A,F,1994-04-13,1994-06-22,1994-05-09,DELIVER IN PERSON,RAIL, slyly ironic accoun
13028-2,13028,1559,40,2,3.00,4381.65,0.06,0.00,A,F,1994-05-21,1994-07-03,1994-05-30,NONE,RAIL, blithely silent dinos thra
13028-3,13028,924,27,3,40.00,72996.80,0.10,0.01,A,F,1994-05-30,1994-06-25,1994-06-05,DELIVER IN PERSON,SHIP,he packages boost instead of the carefull
13028-4,13028,1431,49,4,49.00,65289.07,0.03,0.06,A,F,1994-05-18,1994-06-13,1994-06-06,COLLECT COD,TRUCK,ithely reg
13028-5,13028,447,6,5,43.00,57939.92,0.01,0.03,R,F,1994-08-05,1994-06-30,1994-08-31,DELIVER IN PERSON,TRUCK,fully final request
13029-1,13029,1014,50,1,4.00,3660.04,0.04,0.08,N,O,1997-11-13,1998-01-13,1997-12-09,DELIVER IN PERSON,MAIL,lly regular deposits sleep b
13029-2,13029,614,8,2,14.00,21204.54,0.04,0.06,N,O,1998-03-03,1998-01-16,1998-03-26,TAKE BACK RETURN,RAIL,ss sheaves sleep at t
13029-3,13029,821,21,3,39.00,67150.98,0.10,0.01,N,O,1997-12-04,1998-01-14,1997-12-26,NONE,TRUCK,deas wake blithely blithely final 
13029-4,13029,170,71,4,34.00,36385.78,0.00,0.01,N,O,1998-02-04,1998-01-24,1998-03-02,TAKE BACK RETURN,AIR,"phins. special, even pa"
13029-5,13029,314,43,5,44.00,53429.64,0.03,0.04,N,O,1998-01-23,1997-12-21,1998-02-06,NONE,AIR,yly regular dependencies w
13030-1,13030,1671,13,1,42.00,66052.14,0.03,0.00,A,F,1994-10-17,1994-09-24,1994-10-30,TAKE BACK RETURN,RAIL,onic pinto beans are quickly around the fur
13030-2,13030,182,61,2,46.00,49780.28,0.08,0.07,A,F,1994-08-07,1994-09-16,1994-09-02,TAKE BACK RETURN,MAIL,furiously blit
13030-3,13030,1334,11,3,27.00,33353.91,0.05,0.07,R,F,1994-11-19,1994-09-26,1994-11-27,COLLECT COD,REG AIR,ggle slowly pinto beans. blith
13031-1,13031,1122,59,1,19.00,19439.28,0.01,0.07,R,F,1993-01-17,1993-02-26,1993-01-24,COLLECT COD,TRUCK,dly pending ideas 
13031-2,13031,764,97,2,39.00,64925.64,0.01,0.07,R,F,1993-01-07,1993-02-15,1993-01-31,DELIVER IN PERSON,TRUCK,furiously bold foxes cajole blithely th
13031-3,13031,940,41,3,17.00,31295.98,0.07,0.07,A,F,1993-03-08,1993-02-26,1993-03-27,TAKE BACK RETURN,REG AIR,deposits. 
13031-4,13031,1859,89,4,12.00,21130.20,0.00,0.05,R,F,1993-01-28,1993-02-16,1993-02-07,TAKE BACK RETURN,AIR,arefully express dependen
13031-5,13031,414,15,5,44.00,57834.04,0.05,0.08,R,F,1993-04-03,1993-02-08,1993-04-04,TAKE BACK RETURN,SHIP,ly final requests nag busily furiously
13031-6,13031,78,29,6,38.00,37166.66,0.08,0.04,R,F,1993-03-08,1993-02-08,1993-03-18,COLLECT COD,MAIL,entiments. final ideas haggle blithely acr
13056-1,13056,1222,23,1,29.00,32573.38,0.09,0.08,A,F,1994-05-27,1994-05-29,1994-05-31,NONE,FOB,ly across the quickly bold f
13056-2,13056,1235,36,2,36.00,40904.28,0.03,0.02,R,F,1994-04-24,1994-06-30,1994-05-01,DELIVER IN PERSON,REG AIR,"ly slow theodolites nag. pending, bold d"
13056-3,13056,705,70,3,28.00,44959.60,0.07,0.03,R,F,1994-06-20,1994-07-18,1994-07-13,NONE,MAIL,lites wake slyly slyly spec
13056-4,13056,32,33,4,11.00,10252.33,0.02,0.01,R,F,1994-07-21,1994-05-28,1994-08-20,TAKE BACK RETURN,REG AIR,ily regular deposits are furi
13056-5,13056,625,57,5,21.00,32038.02,0.07,0.04,R,F,1994-07-14,1994-06-09,1994-07-30,NONE,SHIP,y above the slyly special foxes. ide
13056-6,13056,467,55,6,28.00,38288.88,0.09,0.06,R,F,1994-07-06,1994-06-21,1994-08-03,COLLECT COD,SHIP,telets sleep. b
13057-1,13057,1850,37,1,44.00,77081.40,0.02,0.02,N,O,1998-02-22,1998-02-12,1998-03-19,COLLECT COD,SHIP,. carefully pending deposits haggle sly
13057-2,13057,809,76,2,16.00,27356.80,0.08,0.03,N,O,1998-01-14,1998-01-28,1998-02-07,TAKE BACK RETURN,AIR,pecial accou
13058-1,13058,459,89,1,9.00,12235.05,0.03,0.05,N,O,1997-05-19,1997-06-14,1997-05-24,COLLECT COD,SHIP,egrate furiously. caref
13059-1,13059,413,14,1,22.00,28895.02,0.01,0.01,N,O,1997-07-20,1997-06-30,1997-08-04,DELIVER IN PERSON,TRUCK,excuses. fur
13059-2,13059,850,84,2,3.00,5252.55,0.00,0.05,N,O,1997-07-14,1997-08-20,1997-07-17,TAKE BACK RETURN,AIR,lithely final requests above the even
13059-3,13059,1161,34,3,40.00,42486.40,0.03,0.00,N,O,1997-09-20,1997-07-27,1997-09-22,COLLECT COD,RAIL,oxes sleep. regular ideas against t
13059-4,13059,1339,16,4,36.00,44651.88,0.08,0.08,N,O,1997-06-29,1997-08-08,1997-07-13,NONE,FOB,ep blithely blithely special warhors
13059-5,13059,1073,79,5,21.00,20455.47,0.09,0.05,N,O,1997-06-15,1997-08-06,1997-07-06,TAKE BACK RETURN,RAIL,ronic accounts. carefully express packag
13059-6,13059,1789,32,6,35.00,59177.30,0.05,0.03,N,O,1997-09-24,1997-07-21,1997-10-14,DELIVER IN PERSON,AIR,excuses haggl
13060-1,13060,1992,81,1,17.00,32197.83,0.01,0.08,N,O,1997-06-03,1997-04-24,1997-06-05,NONE,REG AIR,blithely regular pl
13060-2,13060,1785,70,2,30.00,50603.40,0.05,0.00,N,O,1997-04-30,1997-04-05,1997-05-04,COLLECT COD,REG AIR,osits. carefully
13060-3,13060,53,54,3,7.00,6671.35,0.10,0.03,N,O,1997-02-10,1997-04-24,1997-02-14,COLLECT COD,REG AIR," requests. special, even instructi"
13060-4,13060,853,87,4,40.00,70154.00,0.10,0.07,N,O,1997-03-26,1997-04-14,1997-04-10,TAKE BACK RETURN,AIR,the blithely b
13060-5,13060,1216,54,5,36.00,40219.56,0.05,0.01,N,O,1997-04-19,1997-03-10,1997-04-26,COLLECT COD,TRUCK,"eans poach ironic, express"
13060-6,13060,731,64,6,19.00,31002.87,0.06,0.04,N,O,1997-05-09,1997-05-02,1997-05-26,NONE,RAIL,blithely even deposits print 
13060-7,13060,740,5,7,32.00,52503.68,0.10,0.00,N,O,1997-04-14,1997-03-28,1997-05-01,TAKE BACK RETURN,MAIL,deas grow blithely ex
13061-1,13061,588,19,1,1.00,1488.58,0.04,0.04,N,O,1997-10-17,1997-10-19,1997-11-03,TAKE BACK RETURN,MAIL,odolites along the blithe
13061-2,13061,1204,16,2,9.00,9946.80,0.04,0.08,N,O,1997-11-27,1997-12-10,1997-12-05,TAKE BACK RETURN,SHIP,ecial packages boost always dep
13061-3,13061,1874,75,3,37.00,65707.19,0.06,0.04,N,O,1997-11-14,1997-10-28,1997-11-28,TAKE BACK RETURN,AIR,s. furiously regular platelets b
13062-1,13062,1026,32,1,39.00,36153.78,0.05,0.07,N,O,1996-08-08,1996-06-03,1996-08-14,DELIVER IN PERSON,RAIL,yly pending 
13062-2,13062,1021,57,2,27.00,24894.54,0.09,0.06,N,O,1996-07-19,1996-07-29,1996-07-25,NONE,FOB,c packages. instructions sleep blithely
13062-3,13062,442,72,3,2.00,2684.88,0.10,0.02,N,O,1996-07-22,1996-07-19,1996-08-02,DELIVER IN PERSON,MAIL,"ss the deposits? bold, "
13063-1,13063,441,100,1,29.00,38901.76,0.08,0.00,N,O,1997-03-03,1997-03-29,1997-03-22,NONE,MAIL,ecial instructions. pendin
13063-2,13063,1506,47,2,24.00,33780.00,0.07,0.06,N,O,1997-02-22,1997-03-13,1997-03-20,COLLECT COD,SHIP,into beans haggle
13063-3,13063,448,78,3,27.00,36407.88,0.03,0.01,N,O,1997-02-25,1997-03-05,1997-03-09,COLLECT COD,REG AIR,slyly special accounts slee
13063-4,13063,359,88,4,45.00,56670.75,0.05,0.03,N,O,1997-05-13,1997-03-06,1997-05-17,DELIVER IN PERSON,REG AIR,h the quickly regular f
13063-5,13063,966,67,5,5.00,9334.80,0.06,0.04,N,O,1997-04-28,1997-04-02,1997-05-11,DELIVER IN PERSON,MAIL,press theodolites.
13063-6,13063,1541,22,6,45.00,64914.30,0.04,0.03,N,O,1997-04-24,1997-03-10,1997-05-20,TAKE BACK RETURN,TRUCK,f the pinto beans cajole caref
13063-7,13063,1980,13,7,45.00,84689.10,0.01,0.01,N,O,1997-03-19,1997-03-05,1997-04-08,TAKE BACK RETURN,FOB,ular theodolites.
13088-1,13088,153,6,1,18.00,18956.70,0.01,0.00,R,F,1993-08-15,1993-05-27,1993-08-21,NONE,RAIL,"nusual, bold theodolites sleep caref"
13088-2,13088,20,96,2,42.00,38640.84,0.10,0.07,R,F,1993-08-02,1993-07-08,1993-08-14,NONE,REG AIR,ly final accounts are according to the d
13088-3,13088,1511,52,3,35.00,49437.85,0.00,0.06,A,F,1993-05-08,1993-06-15,1993-05-21,COLLECT COD,AIR,gle thinly. ironic dep
13088-4,13088,1009,45,4,15.00,13650.00,0.06,0.01,R,F,1993-07-31,1993-07-06,1993-08-02,COLLECT COD,FOB,cross the f
13088-5,13088,1903,48,5,3.00,5414.70,0.01,0.06,A,F,1993-08-04,1993-06-09,1993-08-14,COLLECT COD,TRUCK,te fluffily furiously express accounts. 
13088-6,13088,582,73,6,48.00,71163.84,0.10,0.05,A,F,1993-06-01,1993-06-04,1993-06-23,DELIVER IN PERSON,SHIP,hless packages 
13088-7,13088,565,96,7,46.00,67415.76,0.04,0.04,A,F,1993-08-11,1993-05-29,1993-09-07,NONE,RAIL,ptotes. carefully express req
13089-1,13089,1909,10,1,28.00,50705.20,0.05,0.08,N,O,1996-04-07,1996-01-25,1996-04-22,DELIVER IN PERSON,AIR,ss packages wake fluffily i
13089-2,13089,944,13,2,50.00,92247.00,0.03,0.08,N,O,1996-03-01,1996-02-01,1996-03-18,COLLECT COD,SHIP,. carefully ironic ideas abou
13089-3,13089,475,76,3,40.00,55018.80,0.06,0.08,N,O,1996-02-24,1996-01-29,1996-03-11,NONE,AIR,es; furiously
13089-4,13089,653,54,4,49.00,76128.85,0.07,0.03,N,O,1996-03-19,1996-03-01,1996-04-10,DELIVER IN PERSON,FOB,ptotes sleep slyly afte
13090-1,13090,855,56,1,32.00,56187.20,0.10,0.00,R,F,1993-10-08,1993-08-31,1993-11-01,COLLECT COD,RAIL,ly despite the s
13090-2,13090,104,83,2,34.00,34139.40,0.09,0.03,R,F,1993-09-24,1993-09-19,1993-09-28,COLLECT COD,TRUCK,the deposits. acco
13090-3,13090,1664,88,3,18.00,28181.88,0.10,0.08,R,F,1993-11-24,1993-08-28,1993-12-02,COLLECT COD,RAIL,ages are slyly
13090-4,13090,717,50,4,10.00,16177.10,0.01,0.07,A,F,1993-08-20,1993-09-29,1993-08-25,TAKE BACK RETURN,MAIL,ding to the carefully 
13090-5,13090,22,23,5,20.00,18440.40,0.00,0.05,R,F,1993-11-01,1993-10-24,1993-11-16,COLLECT COD,RAIL,ely according to the
13091-1,13091,1923,56,1,11.00,20074.12,0.00,0.00,R,F,1995-02-08,1994-12-28,1995-02-18,DELIVER IN PERSON,SHIP,ackages. slyly regular accounts nag deposit
13091-2,13091,436,24,2,11.00,14700.73,0.10,0.04,A,F,1994-11-22,1995-01-17,1994-12-08,TAKE BACK RETURN,MAIL,gular instructions sleep slyly. r
13091-3,13091,232,87,3,23.00,26041.29,0.02,0.02,R,F,1995-02-22,1994-12-27,1995-02-23,NONE,AIR,"courts nag about the final, express packag"
13091-4,13091,1058,59,4,31.00,29730.55,0.07,0.06,A,F,1995-01-26,1995-01-21,1995-01-30,DELIVER IN PERSON,TRUCK,the quickly pending accounts. slyly pen
13091-5,13091,1398,75,5,38.00,49376.82,0.08,0.04,R,F,1995-01-26,1995-02-10,1995-02-21,NONE,REG AIR, deposits along the fluffily express
13091-6,13091,1510,91,6,48.00,67752.48,0.06,0.01,A,F,1995-03-02,1995-01-23,1995-03-29,DELIVER IN PERSON,SHIP,slyly even packages detect accordi
13092-1,13092,974,77,1,31.00,58124.07,0.00,0.02,N,O,1998-10-20,1998-08-27,1998-11-17,DELIVER IN PERSON,TRUCK,xpress attainments cajole regu
13092-2,13092,936,71,2,48.00,88172.64,0.09,0.04,N,O,1998-07-24,1998-09-10,1998-07-27,DELIVER IN PERSON,AIR, the furiously express theodo
13093-1,13093,1630,31,1,31.00,47480.53,0.06,0.06,N,O,1996-07-24,1996-06-30,1996-08-11,COLLECT COD,FOB,"ly ironic foxes. special, ironic reques"
13093-2,13093,970,73,2,39.00,72967.83,0.08,0.07,N,O,1996-07-02,1996-07-18,1996-07-20,COLLECT COD,MAIL,xes affix acro
13093-3,13093,1817,61,3,15.00,25782.15,0.03,0.03,N,O,1996-05-15,1996-06-18,1996-05-31,COLLECT COD,TRUCK,furiously final cou
13094-1,13094,1277,89,1,41.00,48309.07,0.00,0.02,R,F,1993-09-15,1993-11-04,1993-09-19,COLLECT COD,TRUCK,y against the furiously regular ideas
13094-2,13094,32,58,2,16.00,14912.48,0.00,0.01,R,F,1993-10-05,1993-09-30,1993-10-14,NONE,FOB,ess packages above the iro
13095-1,13095,225,7,1,42.00,47259.24,0.10,0.02,N,O,1996-11-20,1996-09-24,1996-12-05,NONE,SHIP,es through the r
13095-2,13095,1016,52,2,49.00,44933.49,0.02,0.01,N,O,1996-10-18,1996-10-14,1996-11-10,COLLECT COD,FOB,gular braids ru
13095-3,13095,1288,100,3,46.00,54706.88,0.08,0.03,N,O,1996-08-29,1996-09-07,1996-09-21,COLLECT COD,SHIP,ove the express courts sleep among the
13095-4,13095,592,83,4,34.00,50748.06,0.10,0.03,N,O,1996-08-25,1996-09-14,1996-09-02,TAKE BACK RETURN,TRUCK, according to
13095-5,13095,1690,32,5,29.00,46159.01,0.10,0.08,N,O,1996-07-28,1996-09-15,1996-08-24,TAKE BACK RETURN,RAIL, special fo
13095-6,13095,1264,65,6,17.00,19809.42,0.07,0.06,N,O,1996-09-20,1996-09-18,1996-10-10,NONE,REG AIR,: carefully final req
13095-7,13095,1315,92,7,27.00,32840.37,0.05,0.00,N,O,1996-10-07,1996-08-21,1996-10-24,TAKE BACK RETURN,RAIL,inal packages. carefully permanent pearls 
13120-1,13120,622,16,1,44.00,66995.28,0.04,0.08,A,F,1994-12-21,1995-01-15,1995-01-03,COLLECT COD,MAIL,. slyly ironic packages are care
13120-2,13120,1137,46,2,22.00,22838.86,0.06,0.00,R,F,1995-03-14,1995-02-11,1995-04-08,NONE,MAIL,long the fluffily regular
13121-1,13121,1061,97,1,50.00,48103.00,0.10,0.06,A,F,1993-03-26,1993-05-21,1993-03-31,DELIVER IN PERSON,TRUCK,e furiously ironic theodo
13121-2,13121,100,1,2,17.00,17001.70,0.08,0.06,R,F,1993-03-14,1993-05-20,1993-03-17,TAKE BACK RETURN,REG AIR,quickly slyly
13121-3,13121,1723,24,3,1.00,1624.72,0.06,0.05,A,F,1993-06-17,1993-04-14,1993-06-28,NONE,AIR,inal packages. ironic depo
13121-4,13121,1495,96,4,44.00,61445.56,0.00,0.04,A,F,1993-05-01,1993-06-02,1993-05-07,NONE,MAIL,quickly busy packages! blithel
13121-5,13121,1063,64,5,24.00,23137.44,0.01,0.07,R,F,1993-05-27,1993-04-12,1993-06-03,TAKE BACK RETURN,AIR,thely close requests. blithely fin
13121-6,13121,755,56,6,11.00,18213.25,0.05,0.03,A,F,1993-06-23,1993-04-25,1993-07-11,NONE,MAIL,the furiousl
13121-7,13121,247,75,7,18.00,20650.32,0.00,0.00,R,F,1993-07-01,1993-05-12,1993-07-10,COLLECT COD,MAIL,arefully express dependencies are blit
13122-1,13122,1095,31,1,42.00,41835.78,0.08,0.08,A,F,1994-10-15,1994-11-28,1994-11-06,DELIVER IN PERSON,AIR,equests. iro
13122-2,13122,806,6,2,8.00,13654.40,0.09,0.02,A,F,1995-01-15,1994-11-23,1995-01-19,DELIVER IN PERSON,AIR,equests po
13122-3,13122,617,11,3,34.00,51598.74,0.05,0.06,A,F,1994-12-16,1994-12-09,1995-01-08,COLLECT COD,FOB,ly pending deposits believe slyly
13122-4,13122,1938,71,4,16.00,29438.88,0.00,0.08,A,F,1995-01-02,1994-12-15,1995-01-20,DELIVER IN PERSON,MAIL,ly final theodolites. fi
13122-5,13122,197,50,5,23.00,25235.37,0.01,0.08,A,F,1994-10-31,1994-10-30,1994-11-08,TAKE BACK RETURN,AIR,"ular, regu"
13123-1,13123,1537,58,1,11.00,15823.83,0.02,0.00,N,O,1998-10-05,1998-08-04,1998-10-27,DELIVER IN PERSON,REG AIR,t carefully! final inst
13123-2,13123,1476,55,2,13.00,17907.11,0.06,0.01,N,O,1998-09-17,1998-08-17,1998-10-16,TAKE BACK RETURN,AIR,"g theodolites. ironic, final inst"
13123-3,13123,318,19,3,37.00,45077.47,0.09,0.03,N,O,1998-10-28,1998-09-04,1998-11-25,COLLECT COD,MAIL, bold deposits use blithely against the 
13123-4,13123,1670,12,4,50.00,78583.50,0.04,0.07,N,O,1998-07-21,1998-08-30,1998-07-31,TAKE BACK RETURN,MAIL,e pinto beans. as
13123-5,13123,1564,45,5,16.00,23448.96,0.03,0.08,N,O,1998-08-22,1998-08-13,1998-09-02,NONE,MAIL,quickly ironic dependencies. accoun
13123-6,13123,521,22,6,18.00,25587.36,0.09,0.03,N,O,1998-09-21,1998-08-15,1998-10-19,DELIVER IN PERSON,TRUCK,ar dependencies wake furiously agai
13123-7,13123,375,76,7,4.00,5101.48,0.08,0.01,N,O,1998-08-12,1998-09-09,1998-08-21,TAKE BACK RETURN,TRUCK,ites boost above the even deposits. fluf
13124-1,13124,295,77,1,28.00,33468.12,0.03,0.07,A,F,1994-01-18,1994-01-27,1994-01-28,NONE,REG AIR, blithely even fox
13124-2,13124,1537,78,2,12.00,17262.36,0.06,0.04,A,F,1994-02-23,1994-02-06,1994-03-24,TAKE BACK RETURN,SHIP,ackages affix slyly. slyly
13124-3,13124,671,72,3,4.00,6286.68,0.09,0.06,A,F,1994-04-04,1994-02-26,1994-04-09,NONE,AIR," along the silent, even accounts sleep "
13125-1,13125,1485,64,1,16.00,22183.68,0.06,0.04,R,F,1994-03-07,1994-02-18,1994-03-27,DELIVER IN PERSON,RAIL,ckages affix quickly
13125-2,13125,1211,12,2,2.00,2224.42,0.01,0.05,R,F,1994-04-10,1994-02-04,1994-04-18,NONE,REG AIR,s. quickly ironic pinto be
13125-3,13125,95,21,3,25.00,24877.25,0.05,0.05,A,F,1994-02-19,1994-03-03,1994-02-23,DELIVER IN PERSON,SHIP,y ideas. bold request
13125-4,13125,912,81,4,41.00,74329.31,0.06,0.06,A,F,1994-01-18,1994-01-22,1994-02-03,DELIVER IN PERSON,FOB,o beans. blithely iro
13125-5,13125,1528,69,5,27.00,38597.04,0.08,0.03,A,F,1994-02-03,1994-02-18,1994-02-06,NONE,TRUCK,"n, ironic package"
13125-6,13125,37,38,6,27.00,25299.81,0.01,0.01,A,F,1994-04-05,1994-02-04,1994-04-17,TAKE BACK RETURN,SHIP,carefully. even deposits wake. quickly
13125-7,13125,536,97,7,4.00,5746.12,0.08,0.00,A,F,1994-01-23,1994-02-16,1994-02-21,COLLECT COD,TRUCK,bout the final p
13126-1,13126,1453,93,1,50.00,67722.50,0.10,0.08,N,O,1996-02-12,1995-12-22,1996-02-26,DELIVER IN PERSON,FOB,"its. ironic, even account"
13126-2,13126,1566,47,2,16.00,23480.96,0.08,0.02,N,O,1995-12-13,1996-01-02,1995-12-28,COLLECT COD,SHIP,le blithely. ironic a
13126-3,13126,781,14,3,2.00,3363.56,0.02,0.00,N,O,1995-12-09,1995-12-09,1995-12-26,DELIVER IN PERSON,TRUCK,onic ideas. final requests haggle fi
13126-4,13126,1470,71,4,11.00,15086.17,0.10,0.04,N,O,1995-12-13,1996-01-12,1996-01-12,COLLECT COD,SHIP,"c, express ins"
13126-5,13126,1082,83,5,26.00,25560.08,0.02,0.04,N,O,1995-12-05,1996-01-16,1995-12-23,DELIVER IN PERSON,TRUCK,eep platelets. quickly 
13127-1,13127,1139,40,1,40.00,41605.20,0.07,0.00,R,F,1993-09-06,1993-10-30,1993-09-25,COLLECT COD,FOB,. deposits haggle blithely ex
13152-1,13152,1706,7,1,40.00,64308.00,0.00,0.01,R,F,1994-04-12,1994-04-27,1994-04-17,COLLECT COD,MAIL,eas use furiously around the carefull
13152-2,13152,1243,44,2,47.00,53779.28,0.08,0.06,R,F,1994-03-13,1994-05-16,1994-03-19,NONE,MAIL,ly final request
13152-3,13152,91,42,3,24.00,23786.16,0.05,0.06,A,F,1994-04-16,1994-04-01,1994-05-15,COLLECT COD,MAIL,"ly ironic, final packages. instruct"
13152-4,13152,866,66,4,48.00,84809.28,0.01,0.06,A,F,1994-02-18,1994-04-25,1994-02-23,COLLECT COD,FOB,kages. fluffily s
13152-5,13152,235,90,5,47.00,53355.81,0.07,0.08,R,F,1994-05-07,1994-03-29,1994-05-25,NONE,RAIL,egular deposits. slyly
13153-1,13153,1751,52,1,23.00,38013.25,0.06,0.07,N,O,1997-01-26,1997-01-23,1997-02-06,DELIVER IN PERSON,RAIL, dependencies nag furious
13153-2,13153,1137,74,2,7.00,7266.91,0.04,0.06,N,O,1996-12-03,1997-01-16,1997-01-01,NONE,FOB,kages nag fluffily blithely furious deposit
13153-3,13153,1592,93,3,22.00,32858.98,0.04,0.00,N,O,1997-02-04,1997-01-10,1997-03-01,TAKE BACK RETURN,SHIP,t packages cajole b
13153-4,13153,580,11,4,13.00,19247.54,0.01,0.05,N,O,1997-03-03,1997-01-08,1997-03-06,DELIVER IN PERSON,AIR,r accounts-- quickly b
13153-5,13153,1208,9,5,32.00,35494.40,0.03,0.04,N,O,1997-02-28,1997-01-14,1997-03-13,TAKE BACK RETURN,FOB,usly pending instructions 
13153-6,13153,614,15,6,21.00,31806.81,0.04,0.07,N,O,1997-03-07,1996-12-11,1997-04-01,COLLECT COD,SHIP,"ffix slyly at the bold, regular requests."
13154-1,13154,161,40,1,42.00,44568.72,0.09,0.05,N,O,1997-12-03,1998-01-02,1997-12-27,TAKE BACK RETURN,MAIL,s. furiousl
13154-2,13154,484,85,2,31.00,42918.88,0.04,0.03,N,O,1997-11-02,1997-12-26,1997-11-25,TAKE BACK RETURN,SHIP,ajole. quickly express deposits are blithe
13154-3,13154,423,82,3,33.00,43672.86,0.04,0.05,N,O,1997-11-12,1997-11-21,1997-12-06,NONE,MAIL,odolites alongs
13154-4,13154,1869,99,4,10.00,17708.60,0.03,0.05,N,O,1998-02-07,1997-12-09,1998-02-11,COLLECT COD,REG AIR, even ideas are carefull
13154-5,13154,131,32,5,45.00,46400.85,0.01,0.07,N,O,1998-02-09,1998-01-06,1998-02-26,COLLECT COD,RAIL," after the ironic, ironic ide"
13154-6,13154,602,96,6,34.00,51088.40,0.10,0.05,N,O,1997-12-12,1997-11-25,1997-12-30,NONE,AIR, furiously final attainments nag sly
13154-7,13154,1574,55,7,29.00,42791.53,0.07,0.05,N,O,1998-01-06,1997-11-26,1998-01-30,COLLECT COD,FOB,s. deposits
13155-1,13155,303,88,1,5.00,6016.50,0.06,0.01,N,O,1996-07-15,1996-08-27,1996-07-22,DELIVER IN PERSON,AIR,y bold deposits nag final pin
13155-2,13155,1750,35,2,16.00,26428.00,0.04,0.06,N,O,1996-07-18,1996-08-25,1996-07-27,DELIVER IN PERSON,FOB,asymptotes haggle blithely blith
13155-3,13155,361,18,3,12.00,15136.32,0.10,0.02,N,O,1996-06-20,1996-08-05,1996-07-14,COLLECT COD,FOB,s run busily above the close request
13155-4,13155,1130,31,4,24.00,24747.12,0.05,0.01,N,O,1996-10-13,1996-08-15,1996-11-09,TAKE BACK RETURN,SHIP,jole blithely according to
13155-5,13155,532,23,5,23.00,32948.19,0.08,0.08,N,O,1996-10-13,1996-09-04,1996-10-18,TAKE BACK RETURN,REG AIR,t about the instru
13155-6,13155,260,15,6,31.00,35968.06,0.08,0.07,N,O,1996-07-24,1996-07-30,1996-07-31,DELIVER IN PERSON,TRUCK,unts against the regular dolphins hagg
13155-7,13155,1727,70,7,35.00,57005.20,0.10,0.02,N,O,1996-07-18,1996-07-18,1996-07-27,COLLECT COD,RAIL,s across the regular platelets 
13156-1,13156,274,75,1,4.00,4697.08,0.05,0.06,N,O,1996-01-02,1995-11-14,1996-01-31,NONE,SHIP,sides the carefully regular
13156-2,13156,1884,85,2,22.00,39289.36,0.03,0.00,N,O,1995-12-03,1995-12-18,1995-12-07,TAKE BACK RETURN,AIR, furiously even deposits wake careful
13156-3,13156,1630,54,3,48.00,73518.24,0.08,0.08,N,O,1996-01-16,1995-11-27,1996-02-15,NONE,REG AIR, regular p
13156-4,13156,280,81,4,32.00,37768.96,0.10,0.06,N,O,1995-12-20,1995-11-12,1996-01-02,COLLECT COD,SHIP,y thin accounts.
13156-5,13156,292,20,5,26.00,30999.54,0.09,0.02,N,O,1996-01-04,1995-12-15,1996-01-13,COLLECT COD,REG AIR,e across the reg
13157-1,13157,1494,12,1,29.00,40469.21,0.01,0.08,R,F,1992-03-20,1992-05-03,1992-04-19,COLLECT COD,FOB,kages integrate furiously carefully pend
13157-2,13157,1819,20,2,13.00,22370.53,0.09,0.07,R,F,1992-06-12,1992-03-19,1992-06-26,DELIVER IN PERSON,REG AIR,"ly even, final attai"
13157-3,13157,1119,28,3,34.00,34683.74,0.07,0.04,R,F,1992-03-17,1992-03-19,1992-03-28,COLLECT COD,REG AIR, the ironi
13157-4,13157,1432,50,4,47.00,62671.21,0.04,0.02,R,F,1992-03-09,1992-04-04,1992-03-14,NONE,FOB, silent foxes ca
13157-5,13157,1459,38,5,33.00,44894.85,0.03,0.04,R,F,1992-04-05,1992-05-02,1992-04-11,COLLECT COD,RAIL,posits. carefully final pinto beans doze c
13157-6,13157,101,2,6,41.00,41045.10,0.04,0.07,A,F,1992-02-18,1992-04-13,1992-02-23,DELIVER IN PERSON,FOB,"n, ironic packages hinder. i"
13157-7,13157,253,81,7,26.00,29984.50,0.08,0.08,A,F,1992-05-11,1992-04-14,1992-05-14,COLLECT COD,RAIL,unusual packages. carefu
13158-1,13158,872,6,1,49.00,86870.63,0.10,0.07,A,F,1992-12-08,1993-01-10,1992-12-18,NONE,FOB,ily ironic deposits slee
13158-2,13158,1322,37,2,24.00,29359.68,0.06,0.04,R,F,1993-03-22,1993-01-28,1993-03-27,COLLECT COD,MAIL,"final, bold frays are furi"
13158-3,13158,891,91,3,13.00,23294.57,0.08,0.08,R,F,1993-01-09,1993-02-08,1993-02-08,TAKE BACK RETURN,MAIL," silent, iron"
13158-4,13158,492,51,4,2.00,2784.98,0.07,0.03,R,F,1992-12-14,1992-12-28,1992-12-26,DELIVER IN PERSON,REG AIR,"ding, pending package"
13158-5,13158,1949,82,5,32.00,59230.08,0.06,0.08,R,F,1993-01-23,1993-01-21,1993-02-06,DELIVER IN PERSON,RAIL,sts believe. packages doubt careful
13159-1,13159,998,67,1,50.00,94949.50,0.02,0.05,N,O,1996-12-25,1997-02-14,1997-01-21,DELIVER IN PERSON,AIR,pecial packages haggle blit
13159-2,13159,1819,49,2,26.00,44741.06,0.09,0.04,N,O,1996-12-20,1997-02-27,1997-01-13,TAKE BACK RETURN,FOB,ost slyly alongside of the sl
13159-3,13159,1310,25,3,12.00,14535.72,0.10,0.01,N,O,1997-02-20,1997-01-29,1997-03-14,DELIVER IN PERSON,FOB,deposits. regular pin
13159-4,13159,577,78,4,16.00,23641.12,0.07,0.02,N,O,1997-02-22,1997-01-14,1997-03-13,COLLECT COD,MAIL, even deposits. final
13184-1,13184,1960,5,1,12.00,22343.52,0.06,0.04,N,O,1998-05-01,1998-06-18,1998-05-14,TAKE BACK RETURN,MAIL,luffily unusual requests.
13185-1,13185,654,86,1,26.00,40420.90,0.06,0.07,N,O,1997-11-12,1997-09-11,1997-11-18,DELIVER IN PERSON,RAIL, waters after the busily idle accounts hi
13185-2,13185,1029,35,2,30.00,27900.60,0.01,0.05,N,O,1997-09-14,1997-09-07,1997-10-02,NONE,AIR,out the blithely ir
13185-3,13185,508,9,3,49.00,69016.50,0.08,0.00,N,O,1997-08-15,1997-09-17,1997-08-28,TAKE BACK RETURN,SHIP,"accounts. regular, iron"
13185-4,13185,853,54,4,44.00,77169.40,0.00,0.03,N,O,1997-09-24,1997-09-24,1997-09-27,NONE,REG AIR,hely final reque
13185-5,13185,1937,70,5,6.00,11033.58,0.08,0.04,N,O,1997-11-11,1997-08-15,1997-11-13,NONE,FOB, packages.
13185-6,13185,1149,50,6,30.00,31504.20,0.01,0.06,N,O,1997-09-23,1997-10-08,1997-09-27,NONE,TRUCK,ickly furious pinto beans affix furious
13185-7,13185,1237,12,7,40.00,45529.20,0.08,0.05,N,O,1997-10-12,1997-08-21,1997-10-14,COLLECT COD,TRUCK,accounts mold sl
13186-1,13186,446,76,1,42.00,56550.48,0.01,0.05,N,O,1996-12-20,1996-11-20,1996-12-23,NONE,AIR,ccounts. fox
13186-2,13186,508,69,2,21.00,29578.50,0.07,0.03,N,O,1996-10-22,1996-10-30,1996-11-19,NONE,MAIL,ly express foxes kindle fur
13186-3,13186,1649,50,3,18.00,27911.52,0.08,0.04,N,O,1996-11-11,1996-11-27,1996-11-28,DELIVER IN PERSON,REG AIR,ully blithely ironic request
13186-4,13186,1469,48,4,35.00,47966.10,0.04,0.06,N,O,1996-09-29,1996-11-30,1996-10-16,NONE,REG AIR,fully quiet deposits. foxes maintain
13186-5,13186,1132,5,5,43.00,44424.59,0.06,0.04,N,O,1996-10-04,1996-11-22,1996-10-16,NONE,TRUCK,kages snooze furiously. accounts cajole 
13187-1,13187,441,100,1,24.00,32194.56,0.08,0.07,R,F,1994-02-01,1994-02-18,1994-02-08,DELIVER IN PERSON,TRUCK,unts use. ca
13187-2,13187,124,25,2,38.00,38916.56,0.10,0.08,R,F,1994-01-01,1994-01-12,1994-01-12,COLLECT COD,TRUCK,sly final pinto beans doubt bravely. es
13187-3,13187,913,16,3,5.00,9069.55,0.05,0.05,A,F,1994-01-28,1994-02-21,1994-01-29,TAKE BACK RETURN,AIR,al frays. 
13188-1,13188,1783,10,1,26.00,43804.28,0.10,0.04,N,O,1998-08-27,1998-09-28,1998-09-18,COLLECT COD,MAIL,are quickly. regul
13188-2,13188,958,61,2,18.00,33461.10,0.08,0.03,N,O,1998-09-03,1998-09-10,1998-09-09,TAKE BACK RETURN,MAIL,pendencies. finally pending pint
13188-3,13188,1559,60,3,16.00,23368.80,0.04,0.02,N,O,1998-10-03,1998-10-06,1998-10-17,TAKE BACK RETURN,RAIL,al requests are along 
13189-1,13189,1355,56,1,2.00,2512.70,0.06,0.00,A,F,1995-06-04,1995-07-02,1995-06-09,NONE,SHIP,e furiously slyly bold dependencies
13190-1,13190,1886,16,1,14.00,25030.32,0.02,0.01,N,O,1998-07-21,1998-08-01,1998-07-31,DELIVER IN PERSON,RAIL,ly enticing pac
13191-1,13191,1004,5,1,21.00,19005.00,0.09,0.05,N,O,1998-03-09,1998-03-24,1998-03-27,DELIVER IN PERSON,REG AIR, busy accounts wake a
13191-2,13191,1870,71,2,41.00,72646.67,0.06,0.03,N,O,1998-01-01,1998-02-05,1998-01-29,DELIVER IN PERSON,SHIP,pecial theodol
13191-3,13191,815,82,3,33.00,56621.73,0.03,0.05,N,O,1998-04-09,1998-02-09,1998-04-14,NONE,SHIP,ect alongside
13191-4,13191,830,64,4,29.00,50194.07,0.07,0.03,N,O,1997-12-29,1998-03-21,1998-01-26,NONE,TRUCK, accounts will have to sleep furiously 
13191-5,13191,842,76,5,24.00,41828.16,0.03,0.02,N,O,1998-02-13,1998-02-02,1998-03-04,DELIVER IN PERSON,MAIL,"al, pending excuses could wake quickly amon"
13191-6,13191,613,7,6,48.00,72653.28,0.09,0.02,N,O,1998-02-04,1998-03-21,1998-02-25,COLLECT COD,AIR,iously final mult
13191-7,13191,1080,86,7,28.00,27470.24,0.03,0.07,N,O,1998-01-12,1998-02-03,1998-01-30,TAKE BACK RETURN,MAIL,es are blithely above the quickly unusual
13216-1,13216,1491,9,1,27.00,37597.23,0.10,0.06,A,F,1992-05-31,1992-06-19,1992-06-05,COLLECT COD,FOB,gular instruct
13216-2,13216,1786,29,2,37.00,62447.86,0.06,0.05,R,F,1992-05-29,1992-07-01,1992-06-01,DELIVER IN PERSON,RAIL,furiously close pinto beans slee
13217-1,13217,461,91,1,50.00,68073.00,0.07,0.06,N,O,1997-09-27,1997-11-11,1997-10-21,NONE,TRUCK,ully ironic foxes at 
13218-1,13218,270,98,1,36.00,42129.72,0.07,0.01,A,F,1994-08-06,1994-08-14,1994-08-27,DELIVER IN PERSON,SHIP,inst the careful
13218-2,13218,1325,2,2,20.00,24526.40,0.00,0.08,A,F,1994-05-18,1994-06-20,1994-05-25,NONE,REG AIR,ctions. final foxes cajol
13218-3,13218,574,35,3,30.00,44237.10,0.07,0.04,R,F,1994-07-12,1994-07-07,1994-07-22,DELIVER IN PERSON,REG AIR,lar accounts impr
13218-4,13218,1807,8,4,49.00,83731.20,0.06,0.00,A,F,1994-08-03,1994-07-05,1994-08-11,DELIVER IN PERSON,RAIL,"unts. final, unu"
13218-5,13218,1633,57,5,14.00,21484.82,0.09,0.01,R,F,1994-08-25,1994-07-26,1994-09-23,NONE,REG AIR,es cajole along the final pint
13218-6,13218,681,82,6,2.00,3163.36,0.02,0.04,A,F,1994-08-03,1994-07-10,1994-09-01,DELIVER IN PERSON,RAIL,telets boost fluffily fluffily un
13219-1,13219,896,63,1,21.00,37734.69,0.01,0.02,N,O,1998-01-30,1998-01-05,1998-02-05,TAKE BACK RETURN,FOB, blithely final requests. pin
13219-2,13219,524,85,2,43.00,61254.36,0.04,0.04,N,O,1997-12-27,1997-12-09,1998-01-16,NONE,SHIP,efully regular instructions eat ironical
13219-3,13219,949,50,3,29.00,53648.26,0.00,0.06,N,O,1997-11-02,1997-12-08,1997-11-30,TAKE BACK RETURN,TRUCK,heodolites. carefully even accou
13219-4,13219,1631,55,4,23.00,35250.49,0.10,0.07,N,O,1997-12-08,1997-11-29,1997-12-27,DELIVER IN PERSON,FOB,s ideas dete
13220-1,13220,1019,25,1,30.00,27600.30,0.01,0.06,N,O,1998-10-23,1998-10-23,1998-11-13,DELIVER IN PERSON,MAIL, silent requests haggle blithely. quic
13220-2,13220,60,11,2,1.00,960.06,0.01,0.03,N,O,1998-11-16,1998-08-30,1998-12-12,NONE,MAIL,ter the slyly final theodolites nag bo
13220-3,13220,1184,93,3,22.00,23873.96,0.02,0.06,N,O,1998-09-07,1998-08-30,1998-09-26,COLLECT COD,MAIL,xes? quickly bold pinto
13220-4,13220,249,50,4,9.00,10343.16,0.05,0.01,N,O,1998-09-12,1998-10-10,1998-10-02,COLLECT COD,RAIL,odolites use furiously regul
13220-5,13220,629,23,5,44.00,67303.28,0.01,0.05,N,O,1998-10-06,1998-09-14,1998-10-08,DELIVER IN PERSON,SHIP, blithely fluffy asymptotes-- slyly regula
13221-1,13221,1019,90,1,20.00,18400.20,0.03,0.06,N,O,1995-11-09,1996-01-09,1995-11-13,TAKE BACK RETURN,AIR, requests. f
13221-2,13221,804,4,2,22.00,37505.60,0.10,0.07,N,O,1996-01-18,1995-12-18,1996-02-04,COLLECT COD,AIR,y carefully regular foxes. slyly
13221-3,13221,570,1,3,34.00,49999.38,0.00,0.03,N,O,1995-12-24,1995-11-15,1996-01-22,DELIVER IN PERSON,TRUCK,"ect bold, final "
13222-1,13222,1424,42,1,20.00,26508.40,0.06,0.07,N,O,1997-07-29,1997-06-10,1997-08-24,COLLECT COD,TRUCK,uickly pending requests wake
13222-2,13222,147,74,2,10.00,10471.40,0.07,0.00,N,O,1997-06-17,1997-07-12,1997-07-14,TAKE BACK RETURN,TRUCK,its haggle furiously perma
13222-3,13222,321,50,3,35.00,42746.20,0.03,0.07,N,O,1997-05-19,1997-07-08,1997-05-30,DELIVER IN PERSON,RAIL,y ironic deposits acros
13222-4,13222,1004,40,4,14.00,12670.00,0.05,0.06,N,O,1997-06-02,1997-07-16,1997-06-07,NONE,FOB,fily furiously regular packages. 
13223-1,13223,665,59,1,30.00,46969.80,0.06,0.04,N,O,1996-08-22,1996-10-14,1996-09-07,NONE,SHIP,"ely. special, ironic pla"
13248-1,13248,1315,92,1,10.00,12163.10,0.08,0.07,N,O,1997-05-12,1997-04-15,1997-05-13,TAKE BACK RETURN,AIR,sual requests in
13248-2,13248,373,2,2,18.00,22920.66,0.03,0.02,N,O,1997-05-09,1997-03-07,1997-05-24,TAKE BACK RETURN,FOB,ss packages. pa
13248-3,13248,146,99,3,5.00,5230.70,0.08,0.07,N,O,1997-03-02,1997-04-03,1997-03-30,DELIVER IN PERSON,MAIL,ag against the sl
13249-1,13249,641,4,1,38.00,58582.32,0.03,0.05,N,O,1997-09-06,1997-09-27,1997-09-25,TAKE BACK RETURN,RAIL,thely pendin
13249-2,13249,1489,68,2,24.00,33371.52,0.08,0.01,N,O,1997-08-14,1997-10-02,1997-08-18,COLLECT COD,TRUCK,"al, express packages haggle. sl"
13249-3,13249,1433,73,3,14.00,18682.02,0.10,0.08,N,O,1997-09-19,1997-09-17,1997-10-07,DELIVER IN PERSON,REG AIR,heodolites. quickly pen
13249-4,13249,551,42,4,26.00,37740.30,0.04,0.00,N,O,1997-10-20,1997-08-19,1997-10-21,COLLECT COD,TRUCK,the sheaves hinder al
13249-5,13249,972,41,5,37.00,69299.89,0.10,0.08,N,O,1997-11-01,1997-09-24,1997-11-22,DELIVER IN PERSON,MAIL,y special platele
13249-6,13249,1175,48,6,6.00,6457.02,0.08,0.04,N,O,1997-08-02,1997-10-04,1997-08-13,TAKE BACK RETURN,FOB,ve the spec
13249-7,13249,1798,41,7,2.00,3399.58,0.04,0.05,N,O,1997-10-07,1997-09-26,1997-11-04,TAKE BACK RETURN,AIR,ar request
13250-1,13250,383,12,1,33.00,42351.54,0.08,0.06,N,O,1997-09-26,1997-10-27,1997-10-19,TAKE BACK RETURN,RAIL,ins. slyly ironic grouches wake carefully.
13250-2,13250,829,29,2,2.00,3459.64,0.09,0.05,N,O,1997-09-25,1997-11-16,1997-10-17,TAKE BACK RETURN,RAIL,sentiments. quickl
13250-3,13250,1871,58,3,37.00,65596.19,0.09,0.07,N,O,1997-09-12,1997-09-29,1997-09-24,NONE,TRUCK,"express, final pl"
13250-4,13250,1147,56,4,4.00,4192.56,0.03,0.05,N,O,1997-10-12,1997-10-22,1997-10-29,TAKE BACK RETURN,AIR,blithely sil
13250-5,13250,1617,18,5,16.00,24297.76,0.05,0.06,N,O,1997-11-13,1997-09-30,1997-12-10,TAKE BACK RETURN,SHIP, dogged accounts use blith
13250-6,13250,251,79,6,4.00,4605.00,0.04,0.05,N,O,1997-10-07,1997-11-02,1997-10-09,TAKE BACK RETURN,RAIL,". busy, final excuses wake fluf"
13251-1,13251,1848,92,1,33.00,57744.72,0.08,0.07,N,O,1997-07-18,1997-05-23,1997-08-02,TAKE BACK RETURN,SHIP,ions. quickly ironic 
13251-2,13251,204,32,2,14.00,15458.80,0.02,0.06,N,O,1997-05-20,1997-06-03,1997-05-21,DELIVER IN PERSON,TRUCK,ly ironic pinto 
13251-3,13251,1269,7,3,12.00,14043.12,0.03,0.04,N,O,1997-03-29,1997-05-01,1997-04-19,COLLECT COD,FOB,iously regular accou
13251-4,13251,1087,93,4,24.00,23713.92,0.01,0.03,N,O,1997-04-05,1997-04-29,1997-04-30,TAKE BACK RETURN,SHIP,"cial, ironic accounts "
13251-5,13251,691,23,5,8.00,12733.52,0.10,0.04,N,O,1997-07-18,1997-05-03,1997-08-16,COLLECT COD,MAIL,"sly final foxes was across the ironic, "
13252-1,13252,502,63,1,9.00,12622.50,0.10,0.04,R,F,1994-06-28,1994-05-18,1994-07-02,COLLECT COD,MAIL, bravely special wate
13252-2,13252,1458,59,2,18.00,24470.10,0.04,0.03,R,F,1994-05-31,1994-05-06,1994-06-06,NONE,TRUCK,onic asymptotes. furiously
13252-3,13252,579,40,3,50.00,73978.50,0.10,0.05,A,F,1994-05-17,1994-06-21,1994-06-08,TAKE BACK RETURN,REG AIR,"ular, ironic dependencies"
13252-4,13252,163,16,4,32.00,34021.12,0.10,0.06,R,F,1994-05-15,1994-06-04,1994-06-06,DELIVER IN PERSON,FOB,gedly. quickly regular t
13252-5,13252,1295,96,5,18.00,21533.22,0.03,0.08,A,F,1994-06-09,1994-04-23,1994-07-01,COLLECT COD,REG AIR,fully alongside 
13252-6,13252,1019,90,6,3.00,2760.03,0.08,0.00,A,F,1994-06-28,1994-04-29,1994-07-24,NONE,RAIL,"ely idle packages boost unusual, ironic cou"
13253-1,13253,1844,31,1,42.00,73325.28,0.07,0.06,N,O,1997-02-05,1996-12-13,1997-03-02,NONE,REG AIR,equests affix against the ca
13253-2,13253,1524,5,2,28.00,39914.56,0.00,0.05,N,O,1997-01-28,1997-01-12,1997-02-02,COLLECT COD,SHIP,e quickly among the quickly sil
13253-3,13253,1815,59,3,16.00,27468.96,0.06,0.00,N,O,1996-11-05,1996-12-22,1996-11-17,NONE,AIR,structions: bold dugouts
13253-4,13253,1590,91,4,18.00,26848.62,0.10,0.08,N,O,1996-11-17,1997-01-03,1996-12-01,NONE,FOB, use quickly across the careful
13253-5,13253,1203,41,5,50.00,55210.00,0.03,0.07,N,O,1996-12-17,1996-12-12,1996-12-19,COLLECT COD,SHIP,lets are fluffi
13253-6,13253,1430,9,6,4.00,5325.72,0.01,0.00,N,O,1996-12-28,1997-01-01,1997-01-04,NONE,REG AIR,"pinto beans wake special, "
13253-7,13253,1799,26,7,30.00,51023.70,0.10,0.06,N,O,1997-01-20,1996-12-05,1997-02-04,DELIVER IN PERSON,MAIL,urts are about the bold requests. 
13254-1,13254,1028,29,1,49.00,45521.98,0.09,0.00,N,O,1998-04-08,1998-03-25,1998-05-03,COLLECT COD,SHIP,inder quickly quietly final ac
13254-2,13254,801,35,2,46.00,78282.80,0.10,0.03,N,O,1998-03-17,1998-04-25,1998-04-02,TAKE BACK RETURN,MAIL,d dependen
13254-3,13254,991,26,3,37.00,70003.63,0.02,0.01,N,O,1998-03-11,1998-05-13,1998-04-10,TAKE BACK RETURN,SHIP,longside of the furiously ironi
13254-4,13254,421,22,4,12.00,15857.04,0.01,0.06,N,O,1998-05-19,1998-03-25,1998-06-12,NONE,AIR,"lar, enticing theodolites;"
13254-5,13254,1233,34,5,4.00,4536.92,0.08,0.04,N,O,1998-03-01,1998-04-08,1998-03-18,TAKE BACK RETURN,MAIL, theodolites. deposits cajole care
13255-1,13255,1790,75,1,8.00,13534.32,0.09,0.08,A,F,1993-11-05,1993-09-06,1993-11-25,COLLECT COD,MAIL,ld requests. furiously ironic 
13255-2,13255,1634,17,2,18.00,27641.34,0.10,0.03,R,F,1993-07-25,1993-09-10,1993-07-30,TAKE BACK RETURN,TRUCK,ounts. furiously final sauternes 
13255-3,13255,1406,85,3,8.00,10459.20,0.09,0.02,A,F,1993-09-30,1993-08-24,1993-10-22,COLLECT COD,TRUCK,"manent, ironic theodol"
13255-4,13255,297,52,4,39.00,46694.31,0.07,0.00,A,F,1993-10-15,1993-09-09,1993-10-26,DELIVER IN PERSON,AIR, slowly ironic accounts. pinto beans ac
13255-5,13255,1073,74,5,22.00,21429.54,0.02,0.04,A,F,1993-11-11,1993-10-03,1993-11-16,COLLECT COD,FOB,"against the regular, unusu"
13280-1,13280,1428,29,1,24.00,31906.08,0.08,0.02,A,F,1994-12-19,1994-11-18,1995-01-10,COLLECT COD,AIR,s boost fi
13280-2,13280,1595,96,2,41.00,61360.19,0.05,0.08,R,F,1995-01-10,1994-12-04,1995-01-18,DELIVER IN PERSON,RAIL,"c, final d"
13280-3,13280,720,85,3,45.00,72932.40,0.07,0.07,A,F,1994-10-05,1994-11-30,1994-10-13,TAKE BACK RETURN,RAIL,fully ironic acc
13280-4,13280,261,16,4,1.00,1161.26,0.04,0.02,R,F,1994-10-08,1994-10-22,1994-10-22,DELIVER IN PERSON,RAIL,ckly final deposits
13280-5,13280,864,98,5,42.00,74124.12,0.07,0.02,R,F,1995-01-02,1994-11-09,1995-01-06,DELIVER IN PERSON,REG AIR,en ideas. blithely regular pa
13281-1,13281,877,78,1,27.00,48002.49,0.10,0.01,R,F,1992-08-01,1992-06-22,1992-08-16,DELIVER IN PERSON,TRUCK,"ic platelets. even, silent package"
13281-2,13281,1687,88,2,50.00,79434.00,0.09,0.02,R,F,1992-06-04,1992-07-10,1992-06-30,DELIVER IN PERSON,REG AIR,"nic, ironic dependencies. car"
13281-3,13281,808,9,3,27.00,46137.60,0.00,0.02,A,F,1992-05-09,1992-06-16,1992-05-13,DELIVER IN PERSON,RAIL,e regular requests print clo
13282-1,13282,677,78,1,17.00,26820.39,0.10,0.05,A,F,1992-09-01,1992-06-15,1992-09-15,TAKE BACK RETURN,TRUCK,final platelets us
13282-2,13282,1066,2,2,1.00,967.06,0.08,0.03,R,F,1992-08-29,1992-08-03,1992-09-19,COLLECT COD,TRUCK,ic requests are carefully across the re
13282-3,13282,742,39,3,34.00,55853.16,0.02,0.02,R,F,1992-07-04,1992-07-15,1992-07-30,TAKE BACK RETURN,RAIL,ong the furiously even excuses integrat
13282-4,13282,1514,95,4,7.00,9908.57,0.07,0.02,R,F,1992-09-06,1992-07-28,1992-09-07,NONE,TRUCK,"uffily stealthy, express platele"
13282-5,13282,1259,60,5,8.00,9282.00,0.02,0.07,A,F,1992-05-14,1992-07-03,1992-06-04,COLLECT COD,FOB,s are blithely. packages are sometimes
13282-6,13282,1819,49,6,28.00,48182.68,0.00,0.08,A,F,1992-09-04,1992-07-17,1992-09-22,DELIVER IN PERSON,REG AIR,. slyly silent ideas wake after the iro
13283-1,13283,1738,65,1,37.00,60670.01,0.03,0.05,N,O,1998-04-07,1998-03-12,1998-04-26,COLLECT COD,FOB,ual requests. regular theodolites
13283-2,13283,1156,65,2,12.00,12685.80,0.05,0.07,N,O,1998-02-18,1998-02-27,1998-02-25,TAKE BACK RETURN,SHIP,", regular instru"
13283-3,13283,1443,83,3,40.00,53777.60,0.03,0.06,N,O,1998-03-11,1998-03-02,1998-04-08,NONE,FOB,pinto beans. 
13284-1,13284,846,46,1,39.00,68126.76,0.00,0.03,R,F,1992-09-23,1992-10-10,1992-09-27,TAKE BACK RETURN,FOB,"x blithe requests! final, unusual requests"
13284-2,13284,178,57,2,31.00,33423.27,0.01,0.05,A,F,1992-09-18,1992-10-29,1992-10-06,TAKE BACK RETURN,FOB,kages haggle bli
13284-3,13284,1008,9,3,12.00,10908.00,0.01,0.00,R,F,1992-09-24,1992-11-04,1992-10-12,TAKE BACK RETURN,FOB,". final, ironic i"
13284-4,13284,150,29,4,20.00,21003.00,0.03,0.01,R,F,1992-11-21,1992-09-12,1992-12-18,DELIVER IN PERSON,TRUCK,sly unusual requests. even
13285-1,13285,640,3,1,5.00,7703.20,0.00,0.06,N,O,1995-07-26,1995-06-20,1995-08-12,DELIVER IN PERSON,TRUCK,gle. slyly regul
13286-1,13286,1570,91,1,1.00,1471.57,0.00,0.03,N,O,1995-10-28,1996-01-04,1995-11-25,NONE,FOB,ular ideas haggle furiously. final requ
13286-2,13286,486,87,2,5.00,6932.40,0.04,0.08,N,O,1996-01-11,1995-11-18,1996-01-28,DELIVER IN PERSON,REG AIR,ithely doggedly silent 
13286-3,13286,638,1,3,46.00,70776.98,0.10,0.08,N,O,1996-01-18,1995-12-31,1996-01-21,DELIVER IN PERSON,REG AIR,cross the furiously pending courts. bli
13286-4,13286,388,45,4,3.00,3865.14,0.09,0.06,N,O,1996-01-07,1995-12-22,1996-02-02,DELIVER IN PERSON,MAIL,iously carefully p
13287-1,13287,1003,74,1,3.00,2712.00,0.09,0.04,N,O,1997-07-06,1997-04-12,1997-07-15,DELIVER IN PERSON,FOB,arefully unusual theodolites
13287-2,13287,576,77,2,34.00,50203.38,0.07,0.00,N,O,1997-05-26,1997-06-03,1997-06-08,NONE,REG AIR,eposits cajole even tithes. carefully ir
13287-3,13287,465,53,3,13.00,17750.98,0.01,0.00,N,O,1997-03-23,1997-06-02,1997-04-20,NONE,RAIL,y pending accounts. quickly b
13287-4,13287,1710,11,4,16.00,25787.36,0.02,0.03,N,O,1997-03-17,1997-04-18,1997-03-19,TAKE BACK RETURN,REG AIR," foxes: special, "
13287-5,13287,111,90,5,41.00,41455.51,0.03,0.05,N,O,1997-06-16,1997-06-04,1997-07-11,DELIVER IN PERSON,FOB,ideas. carefully final packages sleep b
13287-6,13287,912,47,6,8.00,14503.28,0.08,0.02,N,O,1997-06-15,1997-05-15,1997-07-12,DELIVER IN PERSON,SHIP, fluffily silent accounts wake
13287-7,13287,1231,69,7,18.00,20380.14,0.05,0.01,N,O,1997-06-25,1997-05-14,1997-07-25,COLLECT COD,TRUCK,ctions. regular theodolites solv
13312-1,13312,311,12,1,12.00,14535.72,0.02,0.02,N,O,1997-01-27,1997-01-11,1997-02-23,TAKE BACK RETURN,FOB,eans wake slyly against the slyly sile
13312-2,13312,1561,42,2,49.00,71665.44,0.10,0.03,N,O,1996-12-19,1997-01-15,1997-01-12,TAKE BACK RETURN,MAIL,ests engage! b
13313-1,13313,234,16,1,36.00,40832.28,0.10,0.01,A,F,1994-10-19,1994-09-17,1994-11-13,NONE,REG AIR,. slyly even dolphins a
13313-2,13313,1397,36,2,19.00,24669.41,0.02,0.01,A,F,1994-10-04,1994-09-02,1994-11-01,NONE,MAIL,lithely regular deposits solve slyly unusu
13313-3,13313,1969,2,3,11.00,20580.56,0.00,0.08,R,F,1994-11-09,1994-09-13,1994-11-21,DELIVER IN PERSON,SHIP,"lar, ironic deposits. bold"
13313-4,13313,411,70,4,7.00,9179.87,0.05,0.01,A,F,1994-10-15,1994-08-17,1994-10-22,TAKE BACK RETURN,RAIL,packages wake furiously
13313-5,13313,538,69,5,30.00,43155.90,0.00,0.02,R,F,1994-11-04,1994-09-03,1994-11-13,TAKE BACK RETURN,AIR,y at the carefull
13313-6,13313,1384,61,6,47.00,60412.86,0.08,0.06,A,F,1994-10-06,1994-09-26,1994-10-09,DELIVER IN PERSON,RAIL, the carefully unusual requests believe
13313-7,13313,740,73,7,37.00,60707.38,0.08,0.05,R,F,1994-11-05,1994-08-28,1994-11-27,DELIVER IN PERSON,MAIL,ronic waters.
13314-1,13314,89,40,1,41.00,40552.28,0.04,0.06,A,F,1994-06-05,1994-07-18,1994-06-07,TAKE BACK RETURN,RAIL,s. regular deposits integrate 
13314-2,13314,1118,91,2,36.00,36687.96,0.05,0.08,A,F,1994-06-25,1994-08-02,1994-07-13,COLLECT COD,MAIL,mptotes wake. slyly regular instru
13314-3,13314,1838,39,3,12.00,20877.96,0.02,0.05,A,F,1994-06-24,1994-06-24,1994-07-18,TAKE BACK RETURN,AIR,unts-- slyly regular 
13314-4,13314,1611,35,4,32.00,48403.52,0.03,0.07,A,F,1994-09-05,1994-07-23,1994-09-12,COLLECT COD,SHIP, bold ideas. carefully brave accounts
13314-5,13314,1629,12,5,1.00,1530.62,0.03,0.01,A,F,1994-07-25,1994-06-18,1994-08-20,NONE,RAIL,eposits promise 
13314-6,13314,661,24,6,46.00,71836.36,0.00,0.04,R,F,1994-08-20,1994-07-05,1994-09-12,TAKE BACK RETURN,RAIL,ly accounts; carefully ironic epitaph
13315-1,13315,700,94,1,22.00,35215.40,0.10,0.05,N,O,1996-12-27,1996-12-27,1997-01-14,DELIVER IN PERSON,SHIP,nt requests thrash about the blit
13315-2,13315,231,86,2,27.00,30543.21,0.07,0.03,N,O,1997-01-03,1997-01-11,1997-01-20,TAKE BACK RETURN,REG AIR, fluffily. regular attai
13315-3,13315,25,76,3,8.00,7400.16,0.00,0.05,N,O,1996-12-27,1997-01-01,1996-12-31,DELIVER IN PERSON,AIR,ly final platel
13315-4,13315,565,66,4,43.00,63019.08,0.07,0.07,N,O,1996-12-10,1997-01-13,1997-01-02,COLLECT COD,RAIL,ironic pinto beans. instructions above
13315-5,13315,1745,46,5,29.00,47755.46,0.03,0.06,N,O,1996-10-24,1996-11-15,1996-11-21,NONE,FOB, carefully. careful
13315-6,13315,1230,68,6,10.00,11312.30,0.07,0.03,N,O,1996-12-12,1996-12-20,1996-12-29,DELIVER IN PERSON,RAIL,about the ironic theodo
13316-1,13316,1076,77,1,1.00,977.07,0.10,0.02,R,F,1993-01-26,1993-01-09,1993-02-22,NONE,AIR,ly regular deposits alongside of 
13316-2,13316,119,98,2,43.00,43821.73,0.10,0.05,A,F,1993-01-25,1992-12-08,1993-02-08,DELIVER IN PERSON,TRUCK,sly among the furiously bold deposits. i
13317-1,13317,1202,77,1,22.00,24270.40,0.06,0.02,N,O,1996-04-25,1996-06-26,1996-05-16,COLLECT COD,MAIL,gged deposits d
13317-2,13317,774,75,2,13.00,21772.01,0.07,0.01,N,O,1996-07-08,1996-07-06,1996-07-17,TAKE BACK RETURN,SHIP,lets are idly 
13318-1,13318,1195,32,1,44.00,48232.36,0.06,0.02,N,O,1997-09-14,1997-08-03,1997-10-01,TAKE BACK RETURN,MAIL,l deposits da
13318-2,13318,1700,24,2,50.00,80085.00,0.05,0.01,N,O,1997-06-16,1997-07-14,1997-07-03,TAKE BACK RETURN,RAIL, special excuses wake slyly eve
13318-3,13318,85,11,3,11.00,10835.88,0.02,0.05,N,O,1997-08-26,1997-08-19,1997-09-08,TAKE BACK RETURN,AIR,ses above the fluffil
13318-4,13318,170,23,4,5.00,5350.85,0.03,0.07,N,O,1997-06-27,1997-07-21,1997-07-20,NONE,RAIL,l platelets alongside of the special 
13318-5,13318,891,58,5,39.00,69883.71,0.01,0.02,N,O,1997-08-13,1997-07-16,1997-08-20,NONE,RAIL,ake fluffily eve
13318-6,13318,1113,86,6,16.00,16225.76,0.06,0.07,N,O,1997-07-15,1997-08-11,1997-07-19,DELIVER IN PERSON,TRUCK,g requests are after the specia
13318-7,13318,911,14,7,11.00,19931.01,0.00,0.06,N,O,1997-10-03,1997-08-11,1997-11-02,NONE,FOB,carefully silen
13319-1,13319,374,75,1,8.00,10194.96,0.03,0.01,N,O,1996-04-25,1996-04-10,1996-05-16,COLLECT COD,SHIP,as. ironic packages boost
13319-2,13319,955,90,2,46.00,85373.70,0.06,0.00,N,O,1996-04-23,1996-04-17,1996-05-16,DELIVER IN PERSON,MAIL,about the f
13319-3,13319,1038,44,3,50.00,46951.50,0.04,0.07,N,O,1996-01-22,1996-04-12,1996-02-10,DELIVER IN PERSON,RAIL,efully across the carefully p
13344-1,13344,625,19,1,17.00,25935.54,0.09,0.02,N,O,1997-04-07,1997-05-26,1997-04-19,NONE,REG AIR,regular dolphi
13344-2,13344,325,10,2,5.00,6126.60,0.00,0.06,N,O,1997-04-05,1997-05-19,1997-04-17,DELIVER IN PERSON,TRUCK,", even deposits. sly de"
13344-3,13344,1541,82,3,30.00,43276.20,0.08,0.02,N,O,1997-07-17,1997-05-20,1997-08-15,DELIVER IN PERSON,AIR,fluffily bold accounts. 
13344-4,13344,299,54,4,17.00,20387.93,0.04,0.01,N,O,1997-07-12,1997-05-21,1997-07-30,TAKE BACK RETURN,MAIL,slyly unus
13345-1,13345,544,5,1,16.00,23112.64,0.02,0.00,A,F,1992-10-25,1992-10-05,1992-10-26,NONE,AIR, ironic theodolite
13345-2,13345,535,96,2,45.00,64598.85,0.04,0.06,R,F,1992-11-13,1992-11-29,1992-11-16,TAKE BACK RETURN,TRUCK, the ideas lose care
13345-3,13345,322,7,3,38.00,46448.16,0.04,0.08,R,F,1992-12-08,1992-10-11,1992-12-20,NONE,AIR, quickly among the special deposits. blithe
13346-1,13346,299,54,1,15.00,17989.35,0.05,0.04,A,F,1993-01-23,1993-01-17,1993-02-04,DELIVER IN PERSON,SHIP,ructions. special re
13346-2,13346,939,8,2,42.00,77277.06,0.00,0.01,R,F,1993-02-22,1993-01-29,1993-03-11,COLLECT COD,REG AIR,ways silent ideas
13346-3,13346,1412,13,3,32.00,42029.12,0.05,0.08,A,F,1992-12-15,1993-01-28,1993-01-07,COLLECT COD,FOB,ole silent courts. regular theodolites
13346-4,13346,1315,92,4,26.00,31624.06,0.02,0.07,A,F,1993-01-05,1993-01-08,1993-02-02,COLLECT COD,RAIL,xcuses. even 
13346-5,13346,636,37,5,32.00,49172.16,0.08,0.06,R,F,1992-12-05,1993-01-17,1992-12-27,TAKE BACK RETURN,RAIL,es detect bold ideas. closel
13346-6,13346,818,52,6,8.00,13750.48,0.08,0.01,R,F,1993-01-13,1993-01-25,1993-01-19,NONE,RAIL,s. grouches sleep stealthi
13346-7,13346,1669,93,7,8.00,12565.28,0.04,0.00,A,F,1993-01-10,1992-12-20,1993-01-21,TAKE BACK RETURN,RAIL,y silent theod
13347-1,13347,1341,56,1,26.00,32300.84,0.07,0.05,A,F,1993-07-01,1993-07-13,1993-07-11,DELIVER IN PERSON,REG AIR,ly after the r
13347-2,13347,129,82,2,44.00,45281.28,0.09,0.06,R,F,1993-05-13,1993-06-07,1993-05-26,DELIVER IN PERSON,FOB, deposits. 
13347-3,13347,788,53,3,30.00,50663.40,0.02,0.05,A,F,1993-06-13,1993-05-28,1993-07-07,DELIVER IN PERSON,RAIL,ing excuses!
13347-4,13347,1552,93,4,39.00,56688.45,0.10,0.07,A,F,1993-06-20,1993-06-06,1993-06-28,COLLECT COD,RAIL, regular asymptotes are blithely above th
13347-5,13347,1546,47,5,34.00,49216.36,0.05,0.03,A,F,1993-08-10,1993-07-09,1993-08-15,DELIVER IN PERSON,RAIL, dinos. even pinto beans according to the 
13347-6,13347,1979,24,6,11.00,20690.67,0.10,0.07,R,F,1993-05-23,1993-06-24,1993-06-13,COLLECT COD,FOB,iously unusual requests wake furiousl
13348-1,13348,69,45,1,11.00,10659.66,0.10,0.06,R,F,1993-11-22,1994-01-24,1993-12-10,TAKE BACK RETURN,RAIL, decoys haggle across the quickly
13348-2,13348,1828,29,2,19.00,32866.58,0.06,0.01,R,F,1993-11-26,1993-12-23,1993-12-03,NONE,REG AIR,s. fluffily final requests wake quick
13348-3,13348,657,20,3,1.00,1557.65,0.08,0.01,R,F,1993-12-02,1994-01-20,1993-12-12,NONE,TRUCK,cial dependenc
13348-4,13348,692,24,4,15.00,23890.35,0.03,0.03,A,F,1993-12-19,1993-12-26,1994-01-06,COLLECT COD,RAIL,ckages by the slyly ironic deposit
13348-5,13348,1109,18,5,28.00,28282.80,0.08,0.06,R,F,1994-02-02,1994-01-15,1994-02-26,NONE,AIR,uick deposits-- 
13349-1,13349,1984,17,1,20.00,37719.60,0.06,0.08,A,F,1994-09-28,1994-11-02,1994-10-14,DELIVER IN PERSON,MAIL, even instructions. eve
13349-2,13349,447,77,2,40.00,53897.60,0.04,0.02,A,F,1994-11-03,1994-11-30,1994-12-01,NONE,REG AIR,y silent requests. sil
13350-1,13350,1744,29,1,49.00,80641.26,0.05,0.08,N,O,1998-09-04,1998-07-09,1998-09-24,NONE,TRUCK,lar dependencies. furiously regular as
13350-2,13350,1096,32,2,31.00,30909.79,0.08,0.07,N,O,1998-06-29,1998-07-29,1998-07-24,NONE,FOB,uriously about the slyly close accou
13350-3,13350,1083,54,3,2.00,1968.16,0.09,0.02,N,O,1998-07-10,1998-06-08,1998-07-31,COLLECT COD,AIR,ccounts. s
13350-4,13350,1330,45,4,39.00,48021.87,0.08,0.07,N,O,1998-08-13,1998-08-01,1998-08-29,COLLECT COD,AIR,xes boost slyly even ideas. 
13350-5,13350,1229,67,5,35.00,39557.70,0.08,0.01,N,O,1998-05-25,1998-06-29,1998-06-02,COLLECT COD,MAIL,ronic tithes. quickly final excuse
13350-6,13350,1938,39,6,24.00,44158.32,0.00,0.08,N,O,1998-08-19,1998-07-12,1998-09-12,TAKE BACK RETURN,MAIL,refully bold pinto beans.
13351-1,13351,186,65,1,42.00,45619.56,0.02,0.07,R,F,1993-08-19,1993-07-19,1993-08-26,NONE,FOB, special packages sleep furiousl
13351-2,13351,1466,45,2,31.00,42391.26,0.06,0.08,R,F,1993-05-16,1993-06-06,1993-06-12,DELIVER IN PERSON,AIR,es. fluffily
13351-3,13351,1426,66,3,4.00,5309.68,0.10,0.01,A,F,1993-08-08,1993-07-14,1993-09-07,TAKE BACK RETURN,AIR,s. fluffily sil
13351-4,13351,224,52,4,29.00,32602.38,0.09,0.05,A,F,1993-08-30,1993-07-07,1993-09-02,DELIVER IN PERSON,REG AIR,ests affix above the blithely pending d
13351-5,13351,1721,6,5,42.00,68154.24,0.05,0.03,A,F,1993-07-02,1993-07-14,1993-07-27,DELIVER IN PERSON,RAIL, the pending gifts. regular deposits mu
13351-6,13351,431,61,6,7.00,9320.01,0.02,0.08,R,F,1993-09-03,1993-06-16,1993-09-21,TAKE BACK RETURN,SHIP,ffily final instructions. deposits haggle
13376-1,13376,399,100,1,43.00,55873.77,0.09,0.06,A,F,1992-10-20,1992-12-22,1992-10-22,NONE,SHIP,final ideas sleep slyly after
13376-2,13376,926,61,2,17.00,31057.64,0.02,0.08,A,F,1992-11-02,1992-11-19,1992-11-04,DELIVER IN PERSON,RAIL,ole pinto beans
13376-3,13376,918,53,3,27.00,49110.57,0.10,0.01,A,F,1992-12-28,1992-12-07,1993-01-23,NONE,MAIL,s. slyly final deposit
13376-4,13376,1381,96,4,28.00,35906.64,0.08,0.07,A,F,1992-12-27,1993-01-03,1993-01-16,NONE,REG AIR,ccounts! blit
13376-5,13376,730,95,5,25.00,40768.25,0.05,0.06,A,F,1993-01-06,1993-01-01,1993-01-21,DELIVER IN PERSON,TRUCK,cuses sleep permanently 
13376-6,13376,1119,92,6,37.00,37744.07,0.00,0.00,A,F,1992-10-14,1992-11-17,1992-11-06,COLLECT COD,AIR, above the slyly even instr
13377-1,13377,716,17,1,35.00,56584.85,0.03,0.07,N,O,1995-11-15,1995-09-06,1995-11-28,COLLECT COD,TRUCK,ely final d
13377-2,13377,1474,14,2,1.00,1375.47,0.02,0.00,N,O,1995-11-17,1995-09-30,1995-12-07,DELIVER IN PERSON,AIR,ecial request
13378-1,13378,1258,33,1,37.00,42892.25,0.08,0.07,A,F,1994-09-30,1994-12-10,1994-10-25,TAKE BACK RETURN,AIR,ets; even excuses integrate slyly ac
13378-2,13378,403,62,2,2.00,2606.80,0.04,0.01,A,F,1994-09-30,1994-12-09,1994-10-05,COLLECT COD,REG AIR,ithely. blithely iro
13378-3,13378,990,93,3,50.00,94549.50,0.10,0.08,A,F,1994-10-18,1994-11-21,1994-11-09,TAKE BACK RETURN,FOB,he furiously stealthy ideas. u
13378-4,13378,1743,28,4,21.00,34539.54,0.03,0.01,R,F,1994-10-11,1994-11-07,1994-11-02,DELIVER IN PERSON,MAIL,ular asymptotes could wake furio
13378-5,13378,92,18,5,37.00,36707.33,0.06,0.07,A,F,1994-10-03,1994-11-11,1994-10-17,TAKE BACK RETURN,FOB,nic packages use fluffily above th
13379-1,13379,1524,5,1,40.00,57020.80,0.04,0.07,R,F,1994-02-01,1993-12-14,1994-03-03,DELIVER IN PERSON,RAIL,luffily daringly bold
13379-2,13379,1192,93,2,8.00,8745.52,0.05,0.00,R,F,1993-12-05,1993-12-25,1993-12-26,DELIVER IN PERSON,RAIL,aids. ironically
13379-3,13379,824,58,3,2.00,3449.64,0.04,0.02,R,F,1993-11-26,1994-01-26,1993-12-14,COLLECT COD,SHIP,nts boost among the final accounts. quic
13379-4,13379,668,31,4,24.00,37647.84,0.04,0.03,A,F,1994-03-08,1994-01-11,1994-03-29,COLLECT COD,SHIP,grate after the doggedly final exc
13380-1,13380,1855,99,1,14.00,24595.90,0.09,0.00,R,F,1994-09-29,1994-09-11,1994-10-05,NONE,RAIL,daring theodolites. ironic instructio
13380-2,13380,1937,82,2,5.00,9194.65,0.02,0.06,A,F,1994-10-06,1994-09-30,1994-10-11,TAKE BACK RETURN,REG AIR,thely about the bl
13380-3,13380,1300,12,3,21.00,25227.30,0.09,0.05,A,F,1994-10-20,1994-08-24,1994-11-01,DELIVER IN PERSON,FOB,ke above the furious
13380-4,13380,1844,88,4,43.00,75071.12,0.08,0.07,R,F,1994-07-17,1994-08-29,1994-07-21,TAKE BACK RETURN,REG AIR,final instruc
13381-1,13381,800,97,1,32.00,54425.60,0.01,0.04,N,O,1995-10-14,1995-09-28,1995-11-13,TAKE BACK RETURN,MAIL,equests cajole. blithe
13381-2,13381,1201,13,2,29.00,31963.80,0.07,0.05,N,O,1995-08-28,1995-09-17,1995-09-16,COLLECT COD,MAIL,ironic deposits sleep slyly according to
13381-3,13381,1501,2,3,12.00,16830.00,0.10,0.03,N,O,1995-12-12,1995-10-14,1995-12-14,COLLECT COD,MAIL,inal grouches. quickly final acc
13382-1,13382,543,74,1,27.00,38975.58,0.02,0.05,N,O,1996-02-16,1996-01-14,1996-02-24,TAKE BACK RETURN,RAIL,de of the theo
13382-2,13382,666,98,2,15.00,23499.90,0.03,0.02,N,O,1996-02-22,1995-12-02,1996-03-04,COLLECT COD,FOB,y ironic dependencies. slyly final 
13382-3,13382,74,75,3,1.00,974.07,0.09,0.08,N,O,1996-01-05,1996-01-16,1996-01-18,DELIVER IN PERSON,AIR,"l, even foxes. car"
13383-1,13383,725,22,1,36.00,58525.92,0.09,0.07,R,F,1992-10-03,1992-07-21,1992-10-15,NONE,TRUCK,lithely regular 
13383-2,13383,263,18,2,30.00,34897.80,0.00,0.06,R,F,1992-07-01,1992-08-12,1992-07-04,DELIVER IN PERSON,FOB,ely regular requests haggle 
13383-3,13383,689,90,3,44.00,69945.92,0.07,0.01,A,F,1992-08-16,1992-08-07,1992-08-18,DELIVER IN PERSON,MAIL,lent deposits. carefully ironic account
13383-4,13383,1127,36,4,6.00,6168.72,0.03,0.03,A,F,1992-06-18,1992-07-31,1992-07-12,COLLECT COD,FOB,"s after the ironic, "
13408-1,13408,398,99,1,34.00,44145.26,0.05,0.04,R,F,1994-06-04,1994-04-24,1994-07-03,DELIVER IN PERSON,SHIP,ously final packages haggle slyly fina
13408-2,13408,486,45,2,32.00,44367.36,0.07,0.07,A,F,1994-04-27,1994-04-12,1994-05-18,TAKE BACK RETURN,MAIL, blithely fluffily bold deposits. 
13408-3,13408,1372,11,3,20.00,25467.40,0.06,0.01,R,F,1994-06-02,1994-05-10,1994-06-14,NONE,FOB,sts hang bl
13408-4,13408,350,51,4,40.00,50014.00,0.01,0.07,A,F,1994-06-11,1994-05-13,1994-07-08,COLLECT COD,MAIL,yly over the ironic requests. 
13408-5,13408,1313,90,5,40.00,48572.40,0.05,0.02,R,F,1994-05-04,1994-04-19,1994-05-22,COLLECT COD,REG AIR,"t, furious"
13409-1,13409,1786,71,1,28.00,47257.84,0.06,0.05,R,F,1993-08-30,1993-09-27,1993-09-10,NONE,AIR,r excuses sleep before the slyly re
13410-1,13410,1316,55,1,4.00,4869.24,0.08,0.02,A,F,1993-09-10,1993-07-20,1993-09-17,COLLECT COD,TRUCK,onic multipliers detect. blithely
13410-2,13410,901,4,2,12.00,21622.80,0.08,0.05,A,F,1993-09-18,1993-08-10,1993-09-25,COLLECT COD,RAIL, dependencies hinder sometimes 
13410-3,13410,1048,54,3,1.00,949.04,0.09,0.06,A,F,1993-08-24,1993-07-21,1993-09-15,DELIVER IN PERSON,REG AIR,uests! carefully iron
13410-4,13410,509,70,4,32.00,45104.00,0.08,0.08,A,F,1993-09-13,1993-08-19,1993-09-22,COLLECT COD,MAIL,egular deposits among the silent
13411-1,13411,1380,81,1,21.00,26908.98,0.03,0.03,R,F,1994-07-22,1994-05-18,1994-07-26,COLLECT COD,AIR,about the acc
13411-2,13411,54,5,2,4.00,3816.20,0.06,0.01,R,F,1994-07-25,1994-06-16,1994-08-23,TAKE BACK RETURN,MAIL,uld detect slyly. ironic pinto beans
13411-3,13411,1044,15,3,22.00,20790.88,0.04,0.00,A,F,1994-06-29,1994-05-27,1994-07-07,COLLECT COD,TRUCK,nts breach slyly fluffily final
13411-4,13411,1330,69,4,26.00,32014.58,0.04,0.05,R,F,1994-07-17,1994-05-19,1994-08-13,NONE,MAIL,ending foxes must have to
13411-5,13411,797,94,5,29.00,49235.91,0.09,0.06,R,F,1994-08-05,1994-06-14,1994-08-12,TAKE BACK RETURN,TRUCK,gular theo
13412-1,13412,1210,48,1,49.00,54449.29,0.09,0.03,N,O,1997-09-04,1997-09-12,1997-09-16,DELIVER IN PERSON,FOB,e slyly among the
13412-2,13412,1894,95,2,39.00,70039.71,0.09,0.01,N,O,1997-09-26,1997-09-30,1997-10-24,TAKE BACK RETURN,SHIP,y unusual dependencies lose car
13413-1,13413,891,92,1,47.00,84218.83,0.05,0.01,A,F,1993-03-12,1993-03-28,1993-03-22,NONE,REG AIR,special dependencies wa
13413-2,13413,1841,85,2,3.00,5228.52,0.06,0.02,R,F,1993-03-28,1993-03-29,1993-04-11,TAKE BACK RETURN,FOB,sts wake slyly iro
13413-3,13413,1545,66,3,44.00,63647.76,0.10,0.01,A,F,1993-02-21,1993-03-04,1993-03-11,DELIVER IN PERSON,FOB,to the sly
13413-4,13413,245,46,4,46.00,52681.04,0.08,0.03,R,F,1993-05-08,1993-04-25,1993-05-09,TAKE BACK RETURN,REG AIR,iously ironic deposits. ca
13413-5,13413,1572,53,5,26.00,38312.82,0.06,0.06,R,F,1993-04-01,1993-03-13,1993-04-19,TAKE BACK RETURN,SHIP,totes. slyly regular 
13414-1,13414,53,4,1,10.00,9530.50,0.01,0.07,N,O,1995-07-28,1995-08-24,1995-08-10,TAKE BACK RETURN,FOB,s boost bli
13414-2,13414,733,98,2,1.00,1633.73,0.04,0.02,N,O,1995-10-27,1995-08-21,1995-11-10,DELIVER IN PERSON,TRUCK,uffily careful
13414-3,13414,275,57,3,30.00,35258.10,0.07,0.07,N,O,1995-07-15,1995-08-25,1995-08-10,NONE,MAIL,bove the final foxe
13414-4,13414,286,87,4,35.00,41519.80,0.02,0.01,N,O,1995-08-24,1995-08-07,1995-08-28,NONE,AIR,special ideas. furiou
13414-5,13414,1344,83,5,45.00,56040.30,0.05,0.04,N,O,1995-08-02,1995-08-08,1995-08-12,NONE,REG AIR,le fluffily blithely even
13415-1,13415,1308,23,1,19.00,22976.70,0.02,0.01,N,O,1997-06-18,1997-08-05,1997-07-06,NONE,FOB,lly according to the carefully
13415-2,13415,903,38,2,16.00,28862.40,0.03,0.01,N,O,1997-07-30,1997-08-25,1997-08-14,DELIVER IN PERSON,REG AIR,final gifts
13415-3,13415,1839,26,3,2.00,3481.66,0.01,0.00,N,O,1997-07-05,1997-08-07,1997-07-16,DELIVER IN PERSON,MAIL,osits sleep car
13415-4,13415,957,58,4,31.00,57596.45,0.07,0.05,N,O,1997-09-26,1997-08-01,1997-10-06,DELIVER IN PERSON,MAIL,fully pending foxes agai
13415-5,13415,1903,92,5,32.00,57756.80,0.04,0.04,N,O,1997-09-06,1997-08-28,1997-09-10,DELIVER IN PERSON,AIR,mptotes was q
13415-6,13415,1382,97,6,44.00,56468.72,0.04,0.03,N,O,1997-06-27,1997-07-31,1997-07-16,TAKE BACK RETURN,MAIL,lly slyly regular platelets.
13415-7,13415,165,44,7,45.00,47932.20,0.01,0.00,N,O,1997-07-06,1997-08-09,1997-07-07,TAKE BACK RETURN,FOB,s cajole sometimes. ironic instructions wa
13440-1,13440,1631,73,1,17.00,26054.71,0.08,0.02,R,F,1994-01-25,1993-11-15,1994-02-14,TAKE BACK RETURN,RAIL,ithely about 
13441-1,13441,269,24,1,2.00,2338.52,0.06,0.07,N,O,1995-10-22,1995-10-03,1995-11-12,NONE,TRUCK,lithely regular foxes inte
13441-2,13441,394,79,2,46.00,59541.94,0.05,0.02,N,O,1995-11-14,1995-11-29,1995-11-27,DELIVER IN PERSON,RAIL,e the regular theodolites. quickl
13442-1,13442,1155,92,1,45.00,47526.75,0.10,0.04,N,O,1997-11-13,1997-09-25,1997-11-19,COLLECT COD,REG AIR,lyly against
13442-2,13442,1703,30,2,3.00,4814.10,0.01,0.04,N,O,1997-11-24,1997-09-25,1997-12-18,NONE,REG AIR,final accounts. blithely fina
13442-3,13442,1517,38,3,46.00,65251.46,0.02,0.07,N,O,1997-11-20,1997-10-11,1997-11-24,NONE,FOB,y even deposits 
13442-4,13442,1134,71,4,22.00,22772.86,0.09,0.01,N,O,1997-10-17,1997-09-28,1997-10-29,COLLECT COD,FOB,uick pains. blithely regular pinto bea
13443-1,13443,1954,99,1,14.00,25983.30,0.01,0.00,A,F,1994-01-23,1993-11-14,1994-01-27,COLLECT COD,AIR,luffily unusual dependencies ca
13443-2,13443,1705,90,2,36.00,57841.20,0.03,0.07,A,F,1993-11-19,1993-12-27,1993-11-28,TAKE BACK RETURN,MAIL,nic packages must haggle after the 
13443-3,13443,1581,62,3,23.00,34099.34,0.07,0.06,R,F,1994-01-29,1993-11-15,1994-01-31,COLLECT COD,RAIL, requests until
13443-4,13443,1579,60,4,21.00,31091.97,0.03,0.05,A,F,1994-01-24,1993-12-13,1994-02-18,NONE,SHIP,tes detect bli
13443-5,13443,44,20,5,20.00,18880.80,0.03,0.00,R,F,1993-10-29,1993-11-26,1993-11-19,DELIVER IN PERSON,SHIP,odolites. furiously even packag
13443-6,13443,1433,51,6,13.00,17347.59,0.02,0.07,A,F,1993-10-22,1993-12-29,1993-10-25,NONE,REG AIR,"out the ironic, expres"
13443-7,13443,1761,62,7,17.00,28266.92,0.04,0.06,R,F,1993-11-13,1993-12-18,1993-11-14,COLLECT COD,TRUCK,usly daring pinto beans: regular 
13444-1,13444,1754,55,1,22.00,36426.50,0.05,0.01,A,F,1992-04-09,1992-03-02,1992-04-18,COLLECT COD,TRUCK, accounts. enticingly regul
13444-2,13444,1979,80,2,48.00,90286.56,0.05,0.04,A,F,1992-04-29,1992-02-08,1992-05-20,COLLECT COD,AIR,egular ideas? blithel
13444-3,13444,1188,97,3,12.00,13070.16,0.06,0.08,R,F,1992-03-21,1992-02-13,1992-04-03,DELIVER IN PERSON,MAIL,y regular dep
13444-4,13444,397,82,4,5.00,6486.95,0.04,0.07,A,F,1992-01-15,1992-04-01,1992-01-17,NONE,REG AIR,sts wake quickly after the blith
13444-5,13444,737,2,5,38.00,62233.74,0.04,0.01,A,F,1992-01-24,1992-03-13,1992-02-18,DELIVER IN PERSON,REG AIR,atelets nag along the final d
13444-6,13444,268,50,6,36.00,42057.36,0.05,0.05,R,F,1992-04-25,1992-02-19,1992-05-13,COLLECT COD,TRUCK,ong the packages grow alongside of 
13444-7,13444,1860,61,7,35.00,61665.10,0.09,0.03,A,F,1992-01-20,1992-04-04,1992-02-19,DELIVER IN PERSON,TRUCK,gular sentiments cajole furiously fi
13445-1,13445,802,3,1,14.00,23839.20,0.09,0.00,N,O,1998-01-15,1998-03-10,1998-02-11,COLLECT COD,REG AIR,deas. furiously final d
13446-1,13446,1961,50,1,13.00,24218.48,0.02,0.00,N,O,1996-06-28,1996-04-17,1996-07-21,DELIVER IN PERSON,AIR,posits nag quickly across the pinto 
13446-2,13446,977,12,2,17.00,31925.49,0.02,0.02,N,O,1996-06-03,1996-05-13,1996-06-29,COLLECT COD,FOB,"e express, regula"
13447-1,13447,1603,27,1,45.00,67707.00,0.01,0.08,A,F,1993-02-06,1993-02-09,1993-03-05,NONE,FOB,. carefully regular packages p
13472-1,13472,753,86,1,30.00,49612.50,0.08,0.04,N,O,1995-11-17,1995-12-17,1995-12-02,TAKE BACK RETURN,RAIL," special, "
13472-2,13472,1960,5,2,3.00,5585.88,0.06,0.02,N,O,1996-02-19,1996-01-09,1996-03-15,DELIVER IN PERSON,AIR,usual packages. furiously
13472-3,13472,1846,76,3,9.00,15730.56,0.01,0.06,N,O,1995-11-22,1995-12-08,1995-12-11,DELIVER IN PERSON,REG AIR,e even deposits. careful
13473-1,13473,1020,21,1,2.00,1842.04,0.06,0.05,N,O,1996-03-27,1996-05-09,1996-04-12,DELIVER IN PERSON,TRUCK, pending pinto beans wake. bravely s
13473-2,13473,167,68,2,13.00,13873.08,0.08,0.05,N,O,1996-06-26,1996-06-08,1996-06-30,DELIVER IN PERSON,MAIL,losely acros
13473-3,13473,738,3,3,27.00,44245.71,0.05,0.06,N,O,1996-07-11,1996-05-17,1996-07-18,DELIVER IN PERSON,SHIP,ly bold multiplie
13473-4,13473,1962,7,4,18.00,33551.28,0.08,0.05,N,O,1996-05-27,1996-05-23,1996-05-28,COLLECT COD,AIR,ss deposits h
13473-5,13473,210,11,5,19.00,21093.99,0.06,0.00,N,O,1996-04-26,1996-05-15,1996-05-22,COLLECT COD,AIR,endencies ac
13473-6,13473,895,96,6,46.00,82610.94,0.06,0.04,N,O,1996-06-03,1996-05-08,1996-06-16,NONE,AIR,nic requests. 
13474-1,13474,697,98,1,20.00,31953.80,0.04,0.04,N,O,1997-06-13,1997-07-09,1997-06-18,DELIVER IN PERSON,TRUCK,posits boost fluff
13474-2,13474,58,59,2,37.00,35447.85,0.05,0.04,N,O,1997-06-27,1997-08-13,1997-07-22,NONE,SHIP,tes are. furiously express accounts along t
13474-3,13474,276,77,3,30.00,35288.10,0.09,0.07,N,O,1997-07-11,1997-07-10,1997-07-24,NONE,TRUCK,y unusual deposits. slyly regular excuse
13475-1,13475,1662,63,1,45.00,70364.70,0.04,0.04,A,F,1994-07-19,1994-07-29,1994-07-28,NONE,FOB,lites nag against the carefull
13475-2,13475,576,37,2,45.00,66445.65,0.07,0.05,A,F,1994-08-09,1994-07-13,1994-08-20,DELIVER IN PERSON,FOB,"c packages. even, silent reques"
13475-3,13475,754,51,3,36.00,59571.00,0.02,0.03,R,F,1994-09-16,1994-08-07,1994-09-18,NONE,SHIP,s. furiously special foxes hag
13475-4,13475,1470,49,4,22.00,30172.34,0.07,0.04,A,F,1994-06-25,1994-08-28,1994-07-02,TAKE BACK RETURN,RAIL,s along the pendi
13475-5,13475,281,82,5,12.00,14175.36,0.09,0.01,A,F,1994-07-05,1994-08-01,1994-07-11,DELIVER IN PERSON,REG AIR, fluffy platelets print slyly among the 
13475-6,13475,1554,35,6,24.00,34933.20,0.03,0.03,A,F,1994-06-19,1994-08-02,1994-07-01,DELIVER IN PERSON,TRUCK,ronic deposits-
13475-7,13475,145,72,7,22.00,22993.08,0.03,0.04,A,F,1994-10-04,1994-08-26,1994-10-31,NONE,SHIP,refully fluffy platel
13476-1,13476,1035,36,1,10.00,9360.30,0.05,0.05,A,F,1994-01-25,1993-12-07,1994-01-26,DELIVER IN PERSON,MAIL,eas sleep. nev
13476-2,13476,1488,28,2,30.00,41684.40,0.09,0.06,R,F,1994-01-30,1993-12-04,1994-02-04,DELIVER IN PERSON,TRUCK,ructions maintain. final
13476-3,13476,1614,56,3,38.00,57593.18,0.09,0.00,R,F,1994-02-08,1993-12-27,1994-02-09,NONE,AIR, ideas. regular dinos cajole furious
13476-4,13476,696,90,4,29.00,46304.01,0.06,0.04,R,F,1993-12-21,1993-12-18,1994-01-05,NONE,MAIL,xes snooze slyly furiously expre
13476-5,13476,1014,85,5,40.00,36600.40,0.05,0.06,A,F,1993-12-20,1993-11-25,1994-01-07,DELIVER IN PERSON,RAIL,cording to the carefully regular 
13476-6,13476,1991,24,6,41.00,77612.59,0.02,0.06,A,F,1994-01-01,1993-12-16,1994-01-11,DELIVER IN PERSON,SHIP,ole blithel
13477-1,13477,161,40,1,14.00,14856.24,0.01,0.01,N,O,1998-03-22,1998-02-13,1998-04-06,NONE,MAIL,ronic packages. regular theodolites sleep
13477-2,13477,1161,98,2,2.00,2124.32,0.03,0.04,N,O,1997-12-27,1998-01-14,1998-01-17,NONE,AIR,l packages affix evenly alongside
13477-3,13477,1887,74,3,23.00,41144.24,0.03,0.05,N,O,1998-02-05,1998-02-14,1998-02-16,DELIVER IN PERSON,REG AIR,hes doze: quickly final Tiresias wake aft
13477-4,13477,959,28,4,19.00,35339.05,0.07,0.06,N,O,1998-02-23,1998-01-27,1998-03-16,NONE,RAIL,ng to the slyly bold the
13477-5,13477,191,18,5,46.00,50194.74,0.00,0.00,N,O,1997-12-20,1998-01-03,1998-01-02,NONE,SHIP,tes. carefully bold excuses 
13478-1,13478,1518,99,1,28.00,39746.28,0.06,0.06,N,O,1998-01-16,1998-03-08,1998-02-09,COLLECT COD,MAIL,"lly above the ironic, ironi"
13478-2,13478,441,100,2,50.00,67072.00,0.09,0.00,N,O,1998-03-20,1998-02-10,1998-04-01,NONE,AIR,luffily beyond the d
13478-3,13478,1482,83,3,18.00,24902.64,0.10,0.08,N,O,1998-04-23,1998-03-06,1998-05-10,COLLECT COD,MAIL,es along the carefully fina
13478-4,13478,1356,71,4,22.00,27661.70,0.06,0.04,N,O,1998-04-21,1998-03-23,1998-04-25,NONE,TRUCK,ccounts wake f
13478-5,13478,1177,86,5,15.00,16172.55,0.08,0.03,N,O,1998-02-08,1998-03-26,1998-02-27,COLLECT COD,SHIP,"e the furious, pending patterns. q"
13479-1,13479,1441,59,1,28.00,37588.32,0.06,0.08,R,F,1995-02-16,1995-01-19,1995-03-07,TAKE BACK RETURN,SHIP,sly unusual p
13479-2,13479,1192,65,2,18.00,19677.42,0.06,0.03,A,F,1995-04-04,1995-02-10,1995-04-18,COLLECT COD,FOB,carefully. bold
13479-3,13479,1954,87,3,22.00,40830.90,0.07,0.06,A,F,1995-02-20,1995-01-24,1995-03-17,COLLECT COD,MAIL,s are. slyly regular platelets abo
13479-4,13479,1799,100,4,34.00,57826.86,0.08,0.06,A,F,1995-03-11,1995-02-02,1995-03-21,NONE,RAIL,bout the slyly even excuse
13479-5,13479,1125,62,5,16.00,16417.92,0.08,0.08,R,F,1995-02-06,1995-01-06,1995-02-28,TAKE BACK RETURN,SHIP,sly bold deposits. slyly express foxes eng
13504-1,13504,1322,99,1,26.00,31806.32,0.02,0.04,N,O,1997-10-02,1997-08-17,1997-10-06,NONE,RAIL,"ests. even instructions around the final, "
13504-2,13504,663,64,2,5.00,7818.30,0.00,0.06,N,O,1997-08-02,1997-09-07,1997-08-27,TAKE BACK RETURN,AIR,ounts among the 
13504-3,13504,375,60,3,41.00,52290.17,0.07,0.00,N,O,1997-06-19,1997-07-19,1997-06-25,NONE,RAIL,e carefully ironi
13504-4,13504,233,88,4,31.00,35130.13,0.02,0.08,N,O,1997-06-24,1997-08-28,1997-06-26,DELIVER IN PERSON,AIR,cies wake slyl
13505-1,13505,1974,63,1,6.00,11255.82,0.02,0.02,N,O,1997-06-09,1997-08-06,1997-06-19,TAKE BACK RETURN,FOB,accounts cajole along t
13505-2,13505,127,80,2,22.00,22596.64,0.03,0.08,N,O,1997-08-14,1997-07-05,1997-08-31,DELIVER IN PERSON,TRUCK,usly above the carefully regular platelets
13505-3,13505,825,25,3,32.00,55226.24,0.10,0.05,N,O,1997-08-13,1997-07-27,1997-09-09,NONE,AIR,g the ruthles
13505-4,13505,991,60,4,40.00,75679.60,0.05,0.05,N,O,1997-07-23,1997-07-17,1997-08-08,COLLECT COD,AIR,ithely. packages cajole sly
13505-5,13505,1648,90,5,39.00,60435.96,0.08,0.02,N,O,1997-09-11,1997-08-03,1997-10-02,COLLECT COD,MAIL,gular theodolites. fluffily
13506-1,13506,1041,77,1,12.00,11304.48,0.02,0.00,N,O,1995-10-03,1995-10-03,1995-10-04,TAKE BACK RETURN,RAIL,"ly after the bold, reg"
13506-2,13506,1477,17,2,18.00,24812.46,0.06,0.01,N,O,1995-08-24,1995-08-30,1995-09-16,DELIVER IN PERSON,MAIL,uffily final theodolites. blithely 
13506-3,13506,187,66,3,48.00,52184.64,0.02,0.01,N,O,1995-09-24,1995-09-21,1995-09-26,NONE,TRUCK,fully blithely unusual accounts.
13506-4,13506,113,14,4,25.00,25327.75,0.06,0.04,N,O,1995-10-18,1995-10-15,1995-11-12,DELIVER IN PERSON,TRUCK,xpress foxes are acc
13507-1,13507,672,66,1,11.00,17299.37,0.07,0.07,A,F,1993-02-16,1993-02-04,1993-03-03,TAKE BACK RETURN,TRUCK,"ns. regular, express instructio"
13507-2,13507,1060,66,2,47.00,45169.82,0.10,0.08,A,F,1993-01-16,1993-02-05,1993-02-09,DELIVER IN PERSON,MAIL,"ntly regular, bold foxes."
13507-3,13507,1031,37,3,30.00,27960.90,0.04,0.03,A,F,1993-02-13,1993-01-30,1993-03-09,DELIVER IN PERSON,RAIL,st. carefully final theodo
13507-4,13507,1487,66,4,22.00,30546.56,0.09,0.03,R,F,1993-01-11,1993-02-24,1993-02-03,NONE,FOB,ites believe quickly special instructions-
13508-1,13508,1696,79,1,2.00,3195.38,0.10,0.03,N,O,1997-07-18,1997-07-15,1997-07-24,TAKE BACK RETURN,TRUCK,fluffily iron
13509-1,13509,891,92,1,39.00,69883.71,0.03,0.01,N,O,1997-01-04,1996-12-30,1997-01-16,COLLECT COD,REG AIR,kindle. sl
13510-1,13510,1059,95,1,22.00,21121.10,0.06,0.02,N,O,1998-01-16,1997-12-03,1998-01-17,TAKE BACK RETURN,FOB,equests across the fi
13510-2,13510,1134,7,2,29.00,30018.77,0.08,0.05,N,O,1998-01-15,1997-11-14,1998-01-24,TAKE BACK RETURN,RAIL,nag blithely about the iron
13510-3,13510,971,72,3,16.00,29951.52,0.01,0.05,N,O,1998-01-25,1997-11-18,1998-01-30,COLLECT COD,REG AIR,ers sleep carefully ironic a
13511-1,13511,577,8,1,42.00,62057.94,0.00,0.01,N,O,1998-03-24,1998-02-28,1998-04-19,COLLECT COD,RAIL,y ironic instructions. carefully si
13511-2,13511,97,48,2,29.00,28915.61,0.05,0.04,N,O,1998-02-16,1998-03-24,1998-03-10,NONE,TRUCK,"ld, even requests. permanently u"
13511-3,13511,923,24,3,4.00,7295.68,0.00,0.07,N,O,1998-03-21,1998-02-23,1998-03-30,TAKE BACK RETURN,REG AIR,ve above the fluffily even sentiments. 
13511-4,13511,1154,55,4,13.00,13716.95,0.10,0.02,N,O,1998-02-08,1998-03-01,1998-02-22,DELIVER IN PERSON,FOB,usly about the acco
13511-5,13511,1572,53,5,16.00,23577.12,0.02,0.00,N,O,1998-04-20,1998-03-30,1998-05-01,NONE,RAIL,"nts use among the bold, even packages. blit"
13536-1,13536,56,82,1,19.00,18164.95,0.10,0.06,R,F,1994-10-04,1994-09-24,1994-10-24,NONE,MAIL, blithely courts. carefully pend
13536-2,13536,1632,33,2,25.00,38340.75,0.01,0.00,A,F,1994-11-23,1994-10-09,1994-12-07,COLLECT COD,AIR,pecial ideas. bold account
13536-3,13536,227,28,3,36.00,40579.92,0.10,0.07,A,F,1994-11-09,1994-09-19,1994-11-12,NONE,REG AIR,express courts. quickly ironic sentiments 
13536-4,13536,576,7,4,37.00,54633.09,0.03,0.04,R,F,1994-09-24,1994-09-27,1994-09-28,DELIVER IN PERSON,REG AIR, requests. furio
13536-5,13536,937,38,5,20.00,36758.60,0.06,0.01,A,F,1994-10-25,1994-10-12,1994-11-19,TAKE BACK RETURN,RAIL,ve the furious
13536-6,13536,114,67,6,8.00,8112.88,0.02,0.08,R,F,1994-10-21,1994-10-06,1994-10-24,DELIVER IN PERSON,MAIL,wind quickly fluffily ironic 
13537-1,13537,481,40,1,20.00,27629.60,0.08,0.04,R,F,1993-07-29,1993-07-25,1993-08-22,TAKE BACK RETURN,MAIL,y even platelets according to the 
13538-1,13538,360,45,1,49.00,61757.64,0.02,0.06,N,O,1997-05-23,1997-03-08,1997-06-05,DELIVER IN PERSON,SHIP,are carefully slyly regular 
13538-2,13538,1097,98,2,1.00,998.09,0.07,0.07,N,O,1997-02-12,1997-03-12,1997-02-27,DELIVER IN PERSON,MAIL,. accounts boost slyly r
13539-1,13539,497,98,1,15.00,20962.35,0.10,0.00,N,O,1997-05-08,1997-03-29,1997-05-30,NONE,RAIL,he furiously re
13539-2,13539,36,87,2,47.00,43993.41,0.09,0.01,N,O,1997-04-13,1997-04-28,1997-04-30,TAKE BACK RETURN,AIR,eve carefully ac
13539-3,13539,747,80,3,11.00,18125.14,0.01,0.04,N,O,1997-03-19,1997-05-12,1997-03-25,TAKE BACK RETURN,MAIL,r requests cajole furiou
13539-4,13539,1002,73,4,50.00,45150.00,0.06,0.04,N,O,1997-02-15,1997-04-27,1997-03-10,TAKE BACK RETURN,FOB,p furiously
13539-5,13539,1948,37,5,35.00,64747.90,0.01,0.01,N,O,1997-03-11,1997-04-01,1997-04-07,COLLECT COD,MAIL,y even deposits integrate slyly. furiousl
13539-6,13539,57,83,6,4.00,3828.20,0.04,0.04,N,O,1997-02-24,1997-04-18,1997-03-12,COLLECT COD,FOB,ithely regular foxes sleep carefully a
13540-1,13540,884,18,1,25.00,44622.00,0.10,0.02,R,F,1993-06-02,1993-08-02,1993-06-29,TAKE BACK RETURN,MAIL,e slyly. carefully regu
13540-2,13540,954,55,2,44.00,81617.80,0.06,0.08,R,F,1993-07-01,1993-07-19,1993-07-16,TAKE BACK RETURN,MAIL,lly. even ac
13540-3,13540,762,63,3,6.00,9976.56,0.01,0.01,R,F,1993-08-09,1993-06-26,1993-09-08,NONE,SHIP,sly across the quickly ironic deposits
13540-4,13540,247,29,4,48.00,55067.52,0.08,0.02,A,F,1993-08-04,1993-08-04,1993-08-30,TAKE BACK RETURN,TRUCK,hely. express excuses serve. s
13540-5,13540,134,35,5,26.00,26887.38,0.01,0.02,A,F,1993-07-18,1993-07-22,1993-08-04,COLLECT COD,AIR,ubt fluffily carefully
13540-6,13540,1930,31,6,17.00,31142.81,0.10,0.04,R,F,1993-09-04,1993-08-12,1993-09-19,TAKE BACK RETURN,AIR,eodolites. de
13540-7,13540,1450,29,7,28.00,37840.60,0.09,0.05,R,F,1993-09-08,1993-08-13,1993-10-08,DELIVER IN PERSON,MAIL,ons haggle c
13541-1,13541,356,85,1,21.00,26383.35,0.07,0.02,N,O,1996-09-03,1996-09-02,1996-09-06,NONE,RAIL,fully ironic pa
13541-2,13541,1470,49,2,1.00,1371.47,0.04,0.07,N,O,1996-10-02,1996-09-24,1996-10-27,TAKE BACK RETURN,AIR,ss excuses are among th
13541-3,13541,769,2,3,17.00,28385.92,0.07,0.04,N,O,1996-09-20,1996-10-02,1996-09-25,DELIVER IN PERSON,MAIL,s sleep. furiously pending account
13542-1,13542,953,88,1,42.00,77865.90,0.04,0.03,R,F,1994-07-01,1994-05-21,1994-07-22,TAKE BACK RETURN,RAIL,uickly along the even accounts. depos
13542-2,13542,1204,5,2,46.00,50839.20,0.00,0.06,R,F,1994-06-02,1994-06-05,1994-06-27,TAKE BACK RETURN,SHIP," bold, bold accounts slee"
13542-3,13542,788,85,3,46.00,77683.88,0.10,0.01,A,F,1994-06-21,1994-04-20,1994-07-02,DELIVER IN PERSON,AIR,the carefull
13542-4,13542,1412,30,4,45.00,59103.45,0.03,0.02,R,F,1994-04-16,1994-05-25,1994-05-06,DELIVER IN PERSON,SHIP,regular theodolites mainta
13542-5,13542,1416,17,5,34.00,44791.94,0.05,0.00,R,F,1994-03-24,1994-04-26,1994-03-26,TAKE BACK RETURN,RAIL,ts believe furiously permanent ideas?
13543-1,13543,786,51,1,11.00,18554.58,0.10,0.00,R,F,1992-10-05,1992-09-19,1992-10-25,DELIVER IN PERSON,RAIL, packages along the carefully even foxes
13543-2,13543,1126,99,2,7.00,7189.84,0.02,0.05,A,F,1992-08-28,1992-10-15,1992-09-08,DELIVER IN PERSON,AIR,es use furiously carefu
13568-1,13568,1361,38,1,17.00,21460.12,0.03,0.02,R,F,1993-07-23,1993-07-20,1993-07-26,COLLECT COD,MAIL,ymptotes hang dep
13568-2,13568,1949,38,2,4.00,7403.76,0.01,0.07,A,F,1993-05-31,1993-07-25,1993-06-12,DELIVER IN PERSON,MAIL,s impress. even dolphins dazzle a
13568-3,13568,510,1,3,38.00,53599.38,0.06,0.04,A,F,1993-07-18,1993-06-15,1993-07-31,DELIVER IN PERSON,FOB,"express, even deposits nag blithely ir"
13569-1,13569,6,57,1,26.00,23556.00,0.05,0.08,R,F,1995-05-21,1995-05-21,1995-06-17,TAKE BACK RETURN,MAIL,ss pinto beans nag carefully. carefull
13569-2,13569,1606,30,2,38.00,57288.80,0.04,0.08,R,F,1995-04-29,1995-05-12,1995-05-26,COLLECT COD,SHIP,regular theodolites according to the caref
13569-3,13569,638,32,3,15.00,23079.45,0.08,0.01,A,F,1995-05-11,1995-07-04,1995-05-30,COLLECT COD,MAIL,are quickly blithely even gifts. q
13569-4,13569,710,11,4,9.00,14496.39,0.02,0.04,N,O,1995-06-21,1995-06-28,1995-06-24,DELIVER IN PERSON,TRUCK,ar frays integrate quickly asymptote
13569-5,13569,16,17,5,14.00,12824.14,0.03,0.06,N,O,1995-07-11,1995-05-30,1995-08-04,TAKE BACK RETURN,RAIL,. ironic packages sle
13569-6,13569,106,85,6,33.00,33201.30,0.05,0.03,R,F,1995-05-10,1995-06-11,1995-05-22,NONE,SHIP,oss the regular packages. carefully regul
13569-7,13569,731,28,7,14.00,22844.22,0.06,0.01,N,O,1995-07-08,1995-05-31,1995-08-05,COLLECT COD,TRUCK,fluffily pending accounts. u
13570-1,13570,1846,76,1,19.00,33208.96,0.05,0.03,A,F,1993-02-02,1993-02-26,1993-02-04,NONE,SHIP,gouts boost slyly. busy theodolites 
13570-2,13570,453,83,2,17.00,23008.65,0.03,0.05,A,F,1993-02-28,1993-02-17,1993-03-19,COLLECT COD,FOB,egular pinto beans. furiou
13570-3,13570,320,21,3,44.00,53694.08,0.06,0.08,R,F,1992-12-27,1993-02-19,1993-01-12,TAKE BACK RETURN,SHIP, the fluffily ironic ideas
13570-4,13570,798,31,4,33.00,56060.07,0.08,0.08,A,F,1993-01-23,1993-01-30,1993-01-29,TAKE BACK RETURN,REG AIR," the pending, final requests ha"
13570-5,13570,1278,53,5,50.00,58963.50,0.03,0.06,R,F,1993-01-25,1993-03-03,1993-02-16,DELIVER IN PERSON,FOB,y regular ideas int
13571-1,13571,32,83,1,25.00,23300.75,0.02,0.01,N,O,1998-06-08,1998-08-01,1998-07-01,DELIVER IN PERSON,SHIP,s nod always unusual requests. e
13571-2,13571,1994,95,2,32.00,60671.68,0.03,0.02,N,O,1998-09-29,1998-07-15,1998-10-18,TAKE BACK RETURN,AIR,nts sleep furiousl
13571-3,13571,398,55,3,20.00,25967.80,0.01,0.04,N,O,1998-07-02,1998-08-21,1998-07-15,NONE,FOB,regular accounts. iro
13571-4,13571,1186,23,4,31.00,33702.58,0.06,0.02,N,O,1998-10-01,1998-07-10,1998-10-03,NONE,SHIP,lly even instructions sleep blit
13572-1,13572,1357,58,1,7.00,8808.45,0.05,0.03,R,F,1992-05-28,1992-08-11,1992-06-02,NONE,AIR,s sleep slyly. i
13572-2,13572,1088,59,2,1.00,989.08,0.08,0.07,A,F,1992-07-15,1992-07-05,1992-08-05,DELIVER IN PERSON,REG AIR,alongside of the fluffil
13572-3,13572,1553,54,3,21.00,30545.55,0.03,0.07,R,F,1992-07-11,1992-06-28,1992-08-01,TAKE BACK RETURN,RAIL,. even requests affix 
13572-4,13572,1754,97,4,8.00,13246.00,0.10,0.07,A,F,1992-06-18,1992-07-14,1992-06-25,TAKE BACK RETURN,TRUCK,he carefully even depths integrate quickly 
13572-5,13572,374,31,5,42.00,53523.54,0.05,0.08,R,F,1992-06-26,1992-08-02,1992-07-05,DELIVER IN PERSON,FOB,ording to the fluffily regul
13572-6,13572,309,38,6,5.00,6046.50,0.04,0.07,R,F,1992-07-27,1992-06-25,1992-08-23,COLLECT COD,MAIL,fily regular dependencies detect alongsi
13573-1,13573,696,90,1,9.00,14370.21,0.01,0.04,N,O,1997-07-30,1997-06-10,1997-08-15,DELIVER IN PERSON,SHIP,lar theodolites haggle fl
13573-2,13573,550,11,2,30.00,43516.50,0.06,0.01,N,O,1997-05-05,1997-07-08,1997-06-02,DELIVER IN PERSON,SHIP,he furiously 
13573-3,13573,1670,12,3,7.00,11001.69,0.09,0.06,N,O,1997-06-24,1997-06-21,1997-06-27,COLLECT COD,TRUCK,the carefully quiet accounts. carefully ir
13573-4,13573,124,51,4,12.00,12289.44,0.06,0.01,N,O,1997-06-28,1997-06-04,1997-07-26,NONE,REG AIR,ses after the blithely bold 
13574-1,13574,928,63,1,41.00,74985.72,0.10,0.08,N,O,1997-11-27,1997-12-25,1997-12-27,DELIVER IN PERSON,AIR,nts. ironic dolphi
13575-1,13575,867,1,1,29.00,51267.94,0.01,0.01,R,F,1992-11-22,1992-11-25,1992-12-08,COLLECT COD,AIR,xpress pinto beans hinder quickly. iro
13575-2,13575,1074,80,2,42.00,40952.94,0.05,0.05,R,F,1992-12-06,1992-10-23,1992-12-27,DELIVER IN PERSON,REG AIR, instructions behind the 
13600-1,13600,1433,34,1,24.00,32026.32,0.02,0.05,A,F,1993-08-07,1993-08-10,1993-08-30,NONE,TRUCK, cajole furiously slyly blithe hockey p
13600-2,13600,71,97,2,7.00,6797.49,0.06,0.05,A,F,1993-08-16,1993-09-01,1993-08-24,DELIVER IN PERSON,AIR,"ers. unusual, ironic reque"
13600-3,13600,926,95,3,48.00,87692.16,0.06,0.03,A,F,1993-11-03,1993-09-19,1993-11-12,DELIVER IN PERSON,FOB,"ake. special, even"
13601-1,13601,406,65,1,24.00,31353.60,0.02,0.07,R,F,1992-11-05,1992-10-28,1992-11-28,NONE,TRUCK,eans haggle aga
13601-2,13601,1464,65,2,48.00,65542.08,0.04,0.07,R,F,1992-12-06,1992-10-16,1992-12-07,TAKE BACK RETURN,REG AIR,uctions affix furiously. 
13601-3,13601,1772,73,3,43.00,71972.11,0.05,0.07,A,F,1992-10-11,1992-10-17,1992-11-09,NONE,MAIL,g the blithely regular deposits kind
13601-4,13601,958,61,4,27.00,50191.65,0.03,0.02,A,F,1992-08-23,1992-09-29,1992-09-15,NONE,AIR,ously special deposits. regular theo
13601-5,13601,125,52,5,32.00,32803.84,0.04,0.07,R,F,1992-08-28,1992-11-04,1992-09-25,DELIVER IN PERSON,RAIL,ggle above the blithely regular accounts;
13602-1,13602,1519,20,1,34.00,48297.34,0.03,0.00,A,F,1994-03-03,1994-03-04,1994-03-27,NONE,SHIP,s. regularly regular accounts are after th
13602-2,13602,1871,1,2,49.00,86870.63,0.04,0.07,A,F,1994-03-19,1994-03-24,1994-04-01,COLLECT COD,SHIP,", final reque"
13602-3,13602,1765,66,3,44.00,73337.44,0.09,0.02,A,F,1994-04-30,1994-03-03,1994-05-27,NONE,SHIP,y regular deposits mold blithely slyl
13602-4,13602,234,35,4,4.00,4536.92,0.01,0.08,R,F,1994-04-08,1994-03-14,1994-04-26,COLLECT COD,SHIP,nusual instructions sl
13602-5,13602,1622,23,5,49.00,74657.38,0.01,0.02,R,F,1994-02-08,1994-03-03,1994-02-28,TAKE BACK RETURN,TRUCK,"nal, silent re"
13603-1,13603,530,21,1,26.00,37193.78,0.10,0.03,N,O,1997-07-29,1997-09-05,1997-08-27,DELIVER IN PERSON,MAIL,lly final depths. iro
13603-2,13603,291,46,2,3.00,3573.87,0.10,0.00,N,O,1997-08-04,1997-07-26,1997-08-16,DELIVER IN PERSON,FOB, furiously regular 
13603-3,13603,449,79,3,18.00,24289.92,0.09,0.05,N,O,1997-09-08,1997-08-28,1997-09-15,TAKE BACK RETURN,RAIL,eposits. carefully bold
13603-4,13603,1090,26,4,22.00,21803.98,0.03,0.08,N,O,1997-06-18,1997-07-10,1997-07-07,DELIVER IN PERSON,FOB,al foxes d
13603-5,13603,494,24,5,4.00,5577.96,0.10,0.08,N,O,1997-06-29,1997-07-29,1997-07-09,COLLECT COD,MAIL,riously regular dependencies cajole s
13603-6,13603,681,75,6,44.00,69593.92,0.03,0.04,N,O,1997-08-06,1997-08-05,1997-08-12,DELIVER IN PERSON,MAIL,"e regular, special deposits. furiousl"
13603-7,13603,25,26,7,39.00,36075.78,0.00,0.08,N,O,1997-09-27,1997-07-13,1997-10-07,TAKE BACK RETURN,MAIL,gular dependencies are
13604-1,13604,1417,96,1,15.00,19776.15,0.02,0.00,R,F,1994-05-22,1994-04-28,1994-06-01,TAKE BACK RETURN,FOB,rding to the final dolphins. carefu
13604-2,13604,825,26,2,20.00,34516.40,0.01,0.05,A,F,1994-03-31,1994-04-23,1994-04-10,NONE,FOB,boost quietly above the furious
13604-3,13604,1428,29,3,17.00,22600.14,0.05,0.03,R,F,1994-04-26,1994-04-27,1994-05-01,NONE,TRUCK,blithely even packages. final
13604-4,13604,838,38,4,30.00,52164.90,0.10,0.02,R,F,1994-06-03,1994-03-25,1994-06-13,TAKE BACK RETURN,FOB,use fluffily beneath the expre
13604-5,13604,280,81,5,35.00,41309.80,0.02,0.08,R,F,1994-03-12,1994-03-07,1994-04-05,TAKE BACK RETURN,RAIL,fully enticing instructions breach blithely
13604-6,13604,24,100,6,40.00,36960.80,0.06,0.03,R,F,1994-04-29,1994-03-10,1994-05-16,COLLECT COD,RAIL,gular requests. pend
13604-7,13604,885,52,7,42.00,75006.96,0.01,0.02,A,F,1994-03-06,1994-03-27,1994-03-29,TAKE BACK RETURN,TRUCK,". deposits use carefully. unusual, perm"
13605-1,13605,1453,54,1,30.00,40633.50,0.08,0.01,N,O,1996-08-24,1996-09-02,1996-08-29,NONE,AIR,ke along the foxes.
13605-2,13605,790,87,2,27.00,45651.33,0.08,0.01,N,O,1996-08-01,1996-09-01,1996-08-09,NONE,MAIL,sits haggle slyly
13605-3,13605,1969,58,3,7.00,13096.72,0.03,0.05,N,O,1996-10-03,1996-09-08,1996-10-09,COLLECT COD,MAIL,ccounts wake slyly carefully silen
13605-4,13605,1030,36,4,4.00,3724.12,0.09,0.08,N,O,1996-09-03,1996-09-03,1996-09-21,DELIVER IN PERSON,MAIL,gle according to the regularly unusual inst
13605-5,13605,391,48,5,40.00,51655.60,0.04,0.07,N,O,1996-07-05,1996-09-04,1996-07-15,TAKE BACK RETURN,RAIL,eas. ironic
13605-6,13605,214,96,6,34.00,37883.14,0.00,0.05,N,O,1996-07-26,1996-09-01,1996-08-14,COLLECT COD,RAIL,deposits. dependencies alo
13605-7,13605,1056,57,7,12.00,11484.60,0.02,0.04,N,O,1996-06-16,1996-07-30,1996-07-12,DELIVER IN PERSON,REG AIR,eposits. ironic ideas detect. platelets a
13606-1,13606,497,98,1,27.00,37732.23,0.09,0.04,R,F,1994-04-29,1994-07-22,1994-05-01,DELIVER IN PERSON,TRUCK,ts. carefully even instructions sleep.
13606-2,13606,173,26,2,13.00,13951.21,0.09,0.06,R,F,1994-06-23,1994-06-25,1994-07-03,COLLECT COD,REG AIR, about the blithely regula
13606-3,13606,309,38,3,27.00,32651.10,0.10,0.08,R,F,1994-04-28,1994-06-10,1994-05-22,NONE,REG AIR,tions detect of the 
13606-4,13606,1402,20,4,34.00,44315.60,0.07,0.07,A,F,1994-05-05,1994-05-28,1994-05-17,COLLECT COD,REG AIR,dependencies hang quick
13606-5,13606,1664,47,5,17.00,26616.22,0.02,0.01,R,F,1994-06-15,1994-06-27,1994-07-03,COLLECT COD,SHIP,"as; even, u"
13606-6,13606,1207,19,6,45.00,49869.00,0.01,0.04,A,F,1994-07-31,1994-06-19,1994-08-02,DELIVER IN PERSON,TRUCK,rmanent foxes. r
13606-7,13606,567,98,7,5.00,7337.80,0.06,0.00,A,F,1994-06-29,1994-07-13,1994-07-22,DELIVER IN PERSON,MAIL,ess requests about the 
13607-1,13607,1722,49,1,42.00,68196.24,0.03,0.01,R,F,1994-02-20,1994-01-27,1994-03-19,COLLECT COD,FOB,ly final packages gro
13607-2,13607,1720,21,2,44.00,71355.68,0.10,0.08,A,F,1994-01-01,1994-02-09,1994-01-24,COLLECT COD,FOB,y carefully c
13607-3,13607,1815,45,3,6.00,10300.86,0.07,0.02,R,F,1994-02-17,1993-12-19,1994-03-03,COLLECT COD,FOB,special pinto bea
13607-4,13607,1511,12,4,7.00,9887.57,0.01,0.03,R,F,1994-02-16,1993-12-26,1994-02-18,COLLECT COD,RAIL,ely! accounts according to the s
13607-5,13607,199,78,5,22.00,24182.18,0.00,0.01,A,F,1993-11-29,1993-12-19,1993-12-20,NONE,RAIL,y around the bold deposits. slyl
13607-6,13607,534,65,6,14.00,20083.42,0.07,0.04,R,F,1994-03-07,1993-12-25,1994-04-02,DELIVER IN PERSON,REG AIR,l requests. furi
13607-7,13607,539,30,7,7.00,10076.71,0.02,0.03,A,F,1994-03-12,1994-02-09,1994-03-19,DELIVER IN PERSON,RAIL,nic packages haggle quickly alongsid
13632-1,13632,171,24,1,45.00,48202.65,0.08,0.07,A,F,1994-04-23,1994-04-29,1994-05-19,TAKE BACK RETURN,SHIP,ly pending accounts a
13632-2,13632,1207,19,2,1.00,1108.20,0.04,0.08,R,F,1994-03-20,1994-05-21,1994-04-13,DELIVER IN PERSON,AIR,nts shall have to affix 
13632-3,13632,1341,56,3,49.00,60874.66,0.10,0.04,R,F,1994-03-15,1994-06-05,1994-03-24,TAKE BACK RETURN,AIR,yly above t
13632-4,13632,65,66,4,50.00,48253.00,0.00,0.00,A,F,1994-06-08,1994-05-24,1994-07-03,COLLECT COD,MAIL,aphs haggle slyly regular packages. quic
13632-5,13632,635,98,5,28.00,42997.64,0.05,0.04,A,F,1994-06-20,1994-05-05,1994-07-07,TAKE BACK RETURN,RAIL,"ending, silent i"
13632-6,13632,1354,69,6,8.00,10042.80,0.10,0.08,A,F,1994-04-11,1994-05-28,1994-04-12,TAKE BACK RETURN,RAIL,the blithely silent ideas. final 
13632-7,13632,458,17,7,42.00,57054.90,0.00,0.03,R,F,1994-06-24,1994-05-31,1994-07-03,TAKE BACK RETURN,RAIL,egrate carefully after t
13633-1,13633,1804,34,1,13.00,22175.40,0.02,0.08,A,F,1992-06-30,1992-05-16,1992-07-20,COLLECT COD,REG AIR,ts at the bli
13633-2,13633,901,4,2,11.00,19820.90,0.04,0.06,R,F,1992-07-07,1992-06-21,1992-07-15,TAKE BACK RETURN,AIR,cording to the ironic instr
13633-3,13633,1023,59,3,20.00,18480.40,0.10,0.08,R,F,1992-05-25,1992-06-22,1992-06-02,DELIVER IN PERSON,FOB,c foxes run across the furious
13633-4,13633,1031,2,4,23.00,21436.69,0.02,0.01,A,F,1992-06-28,1992-06-14,1992-07-06,DELIVER IN PERSON,RAIL,inal ideas must have 
13633-5,13633,1695,37,5,5.00,7983.45,0.09,0.04,R,F,1992-06-24,1992-06-26,1992-06-28,NONE,AIR,olites. unusual platelets cajo
13633-6,13633,973,74,6,44.00,82454.68,0.05,0.06,R,F,1992-05-09,1992-06-28,1992-05-14,DELIVER IN PERSON,RAIL,nic packages across the quickly bo
13634-1,13634,251,33,1,21.00,24176.25,0.03,0.07,A,F,1995-05-14,1995-06-01,1995-06-07,NONE,REG AIR,nto beans. carefully regular deposi
13634-2,13634,1564,5,2,13.00,19052.28,0.07,0.02,N,O,1995-07-03,1995-07-07,1995-08-02,TAKE BACK RETURN,FOB,y pending foxes sleep about the blithel
13635-1,13635,725,90,1,22.00,35765.84,0.02,0.05,A,F,1994-08-19,1994-06-28,1994-09-17,TAKE BACK RETURN,FOB,sits are bli
13635-2,13635,960,95,2,46.00,85604.16,0.08,0.07,R,F,1994-06-22,1994-06-27,1994-06-28,DELIVER IN PERSON,AIR," boost final, express account"
13636-1,13636,1524,25,1,1.00,1425.52,0.00,0.06,R,F,1994-05-11,1994-03-14,1994-05-31,NONE,TRUCK,furiously even dependencies 
13636-2,13636,1374,51,2,27.00,34434.99,0.03,0.02,A,F,1994-04-03,1994-03-20,1994-04-08,COLLECT COD,RAIL,lly accordi
13636-3,13636,1071,42,3,48.00,46659.36,0.00,0.06,A,F,1994-05-11,1994-04-19,1994-05-18,DELIVER IN PERSON,REG AIR,gedly even excuses wake caref
13636-4,13636,1816,46,4,49.00,84172.69,0.05,0.08,A,F,1994-01-25,1994-03-20,1994-02-10,TAKE BACK RETURN,FOB,e furiously slyly unusua
13637-1,13637,1415,55,1,47.00,61871.27,0.00,0.08,N,O,1996-02-27,1996-03-02,1996-03-22,COLLECT COD,FOB,quickly daring accounts do integrat
13638-1,13638,246,47,1,24.00,27509.76,0.02,0.07,N,O,1995-11-27,1995-11-07,1995-12-21,DELIVER IN PERSON,TRUCK,nding foxes. deposits wake furious
13638-2,13638,1817,61,2,43.00,73908.83,0.01,0.07,N,O,1996-01-06,1995-12-26,1996-01-17,COLLECT COD,TRUCK,instruction
13638-3,13638,1899,29,3,22.00,39619.58,0.02,0.04,N,O,1995-11-19,1995-11-28,1995-12-14,TAKE BACK RETURN,AIR,furiously special deposits eat bl
13638-4,13638,717,50,4,42.00,67943.82,0.00,0.02,N,O,1995-10-30,1995-11-18,1995-11-04,TAKE BACK RETURN,REG AIR,y deposits. furiously ironic deposits 
13638-5,13638,1463,3,5,28.00,38204.88,0.02,0.06,N,O,1995-11-16,1995-11-29,1995-11-30,TAKE BACK RETURN,AIR,foxes boost quickl
13638-6,13638,1826,56,6,41.00,70840.62,0.04,0.05,N,O,1995-12-30,1995-12-11,1996-01-07,COLLECT COD,SHIP,ilent requests detect furiously. slyly re
13639-1,13639,1017,53,1,34.00,31212.34,0.05,0.01,N,O,1997-09-25,1997-08-18,1997-10-05,DELIVER IN PERSON,TRUCK,uickly furiously final p
13639-2,13639,521,12,2,46.00,65389.92,0.03,0.03,N,O,1997-09-18,1997-07-20,1997-10-12,DELIVER IN PERSON,FOB,"jole carefully bold, "
13639-3,13639,63,14,3,31.00,29854.86,0.01,0.06,N,O,1997-09-05,1997-08-23,1997-10-03,DELIVER IN PERSON,SHIP,n multipliers s
13664-1,13664,1885,86,1,19.00,33950.72,0.04,0.07,N,O,1996-03-23,1996-02-15,1996-04-03,NONE,AIR, alongside of the pending requests-- expres
13664-2,13664,140,93,2,40.00,41605.60,0.05,0.02,N,O,1996-04-01,1996-03-04,1996-04-15,DELIVER IN PERSON,AIR,ses haggle
13664-3,13664,664,96,3,48.00,75103.68,0.01,0.08,N,O,1995-12-31,1996-02-16,1996-01-26,NONE,REG AIR,rding to the pending
13664-4,13664,1364,41,4,47.00,59471.92,0.00,0.02,N,O,1996-02-05,1996-02-22,1996-02-07,DELIVER IN PERSON,RAIL,quests caj
13664-5,13664,1253,28,5,12.00,13851.00,0.06,0.06,N,O,1995-12-18,1996-02-25,1996-01-06,NONE,TRUCK,"ely bold packages use regular, regular pac"
13664-6,13664,540,31,6,45.00,64824.30,0.06,0.02,N,O,1996-03-22,1996-02-23,1996-04-07,COLLECT COD,REG AIR,e carefully final 
13665-1,13665,1660,2,1,34.00,53096.44,0.09,0.08,N,O,1996-06-19,1996-06-27,1996-07-01,DELIVER IN PERSON,RAIL,ep furiously acros
13665-2,13665,1890,91,2,16.00,28670.24,0.02,0.06,N,O,1996-07-03,1996-06-20,1996-08-02,NONE,AIR,ans-- express accounts according to the re
13665-3,13665,862,63,3,20.00,35257.20,0.04,0.07,N,O,1996-04-10,1996-05-10,1996-04-28,DELIVER IN PERSON,MAIL, along the ev
13665-4,13665,425,84,4,30.00,39762.60,0.01,0.06,N,O,1996-06-07,1996-06-03,1996-06-10,COLLECT COD,RAIL,deas. furiously ir
13665-5,13665,1704,89,5,4.00,6422.80,0.04,0.03,N,O,1996-08-01,1996-06-28,1996-08-29,COLLECT COD,RAIL,cial asymptotes haggle carefully accordin
13665-6,13665,594,95,6,10.00,14945.90,0.06,0.06,N,O,1996-05-17,1996-06-24,1996-06-03,TAKE BACK RETURN,REG AIR,uests. regular deposits wake before
13666-1,13666,88,89,1,28.00,27666.24,0.07,0.05,R,F,1992-05-12,1992-05-31,1992-05-14,NONE,RAIL,y bold packages. fluffily even foxes
13666-2,13666,1600,81,2,21.00,31533.60,0.00,0.02,R,F,1992-03-31,1992-04-20,1992-04-13,COLLECT COD,FOB,f the carefully even theodolites. carefully
13667-1,13667,1337,76,1,5.00,6191.65,0.06,0.04,N,O,1997-01-18,1997-02-03,1997-02-04,TAKE BACK RETURN,RAIL,eposits: Tiresias h
13667-2,13667,203,85,2,2.00,2206.40,0.05,0.08,N,O,1997-03-24,1997-01-03,1997-04-03,NONE,AIR,carefully ironic requests. quickly 
13667-3,13667,119,72,3,16.00,16305.76,0.05,0.03,N,O,1997-01-05,1997-02-04,1997-01-25,DELIVER IN PERSON,RAIL,egular platelets use i
13667-4,13667,1356,33,4,31.00,38977.85,0.08,0.08,N,O,1997-01-05,1997-02-13,1997-01-22,COLLECT COD,AIR,e furiously after the fluffi
13667-5,13667,1517,98,5,35.00,49647.85,0.03,0.08,N,O,1997-02-13,1997-01-20,1997-03-03,COLLECT COD,MAIL,y final ideas. slyly regular packages wa
13667-6,13667,1587,88,6,38.00,56566.04,0.00,0.00,N,O,1996-12-23,1997-01-24,1996-12-28,TAKE BACK RETURN,MAIL,old accounts
13667-7,13667,288,43,7,34.00,40401.52,0.10,0.02,N,O,1997-02-09,1997-01-10,1997-02-19,DELIVER IN PERSON,SHIP,unusual deposits. pending acc
13668-1,13668,764,61,1,49.00,81573.24,0.02,0.02,A,F,1992-04-18,1992-04-04,1992-05-08,NONE,TRUCK,nt requests a
13668-2,13668,1632,15,2,6.00,9201.78,0.09,0.04,A,F,1992-06-04,1992-05-22,1992-06-20,DELIVER IN PERSON,TRUCK,ar packages.
13668-3,13668,1787,30,3,50.00,84439.00,0.05,0.02,R,F,1992-06-09,1992-04-26,1992-06-13,TAKE BACK RETURN,FOB,ly even multipliers haggle. dependen
13668-4,13668,101,28,4,44.00,44048.40,0.01,0.07,A,F,1992-03-24,1992-04-19,1992-03-25,COLLECT COD,REG AIR,ly special deposits dete
13669-1,13669,903,4,1,29.00,52313.10,0.05,0.03,N,O,1996-10-21,1996-10-20,1996-11-18,NONE,REG AIR,unts haggle requests. q
13669-2,13669,1142,51,2,40.00,41725.60,0.03,0.03,N,O,1996-08-30,1996-11-08,1996-09-18,NONE,SHIP,s: fluffily final packages haggle
13669-3,13669,360,17,3,16.00,20165.76,0.06,0.00,N,O,1996-10-18,1996-11-09,1996-11-15,NONE,MAIL,tions. slyly silent accounts cajole bold
13669-4,13669,1524,25,4,7.00,9978.64,0.04,0.03,N,O,1996-12-09,1996-09-26,1997-01-01,NONE,AIR,ions print blithely abo
13669-5,13669,280,35,5,22.00,25966.16,0.07,0.08,N,O,1996-08-16,1996-09-27,1996-09-07,TAKE BACK RETURN,AIR,its. regularly expre
13669-6,13669,662,56,6,10.00,15626.60,0.08,0.02,N,O,1996-09-29,1996-10-16,1996-10-08,NONE,REG AIR,ies. furious foxes breach. quickl
13669-7,13669,1398,99,7,13.00,16892.07,0.06,0.04,N,O,1996-10-15,1996-10-15,1996-11-14,NONE,FOB,r courts. slyly regular instructions
13670-1,13670,1883,84,1,38.00,67825.44,0.04,0.08,A,F,1992-06-29,1992-07-17,1992-07-17,TAKE BACK RETURN,MAIL, above the 
13670-2,13670,554,55,2,21.00,30545.55,0.05,0.01,R,F,1992-06-03,1992-07-06,1992-06-21,NONE,SHIP,usual ideas. slyly fi
13670-3,13670,1191,64,3,50.00,54609.50,0.05,0.03,A,F,1992-06-20,1992-07-21,1992-07-13,COLLECT COD,AIR,ss foxes. furiously unusua
13671-1,13671,889,90,1,14.00,25058.32,0.06,0.03,N,O,1996-11-11,1996-09-24,1996-12-06,DELIVER IN PERSON,RAIL,rs-- fluffily final pinto beans wake slyly 
13671-2,13671,120,21,2,40.00,40804.80,0.07,0.05,N,O,1996-10-06,1996-09-24,1996-11-03,COLLECT COD,FOB,lent deposits. carefully ironic requ
13671-3,13671,529,60,3,20.00,28590.40,0.04,0.02,N,O,1996-08-12,1996-10-10,1996-08-24,TAKE BACK RETURN,AIR, ironic accounts. permane
13671-4,13671,1421,39,4,12.00,15869.04,0.07,0.01,N,O,1996-08-17,1996-09-13,1996-08-27,NONE,MAIL,ely among the ironic deposits. bli
13671-5,13671,617,49,5,41.00,62222.01,0.10,0.05,N,O,1996-08-31,1996-09-20,1996-09-05,NONE,RAIL,ial ideas sublate carefully 
13671-6,13671,554,15,6,30.00,43636.50,0.10,0.06,N,O,1996-10-04,1996-08-26,1996-10-05,COLLECT COD,AIR,ly special pat
13671-7,13671,598,89,7,8.00,11988.72,0.06,0.01,N,O,1996-08-31,1996-08-25,1996-09-03,TAKE BACK RETURN,REG AIR,es. pinto beans wake above the carefully
13696-1,13696,226,27,1,30.00,33786.60,0.00,0.00,N,O,1997-12-01,1997-11-01,1997-12-31,COLLECT COD,TRUCK,ngly carefully express hock
13696-2,13696,628,91,2,8.00,12228.96,0.06,0.02,N,O,1997-09-12,1997-11-11,1997-09-20,NONE,REG AIR,ckages. express instructions
13696-3,13696,462,92,3,7.00,9537.22,0.09,0.04,N,O,1997-11-24,1997-10-31,1997-11-25,NONE,SHIP,"ng to the final, even dolphins. quickly"
13696-4,13696,1081,17,4,46.00,45175.68,0.09,0.02,N,O,1997-09-01,1997-10-17,1997-09-08,DELIVER IN PERSON,MAIL,lets engage blithely bold pack
13696-5,13696,229,57,5,1.00,1129.22,0.00,0.04,N,O,1997-09-02,1997-10-31,1997-09-24,TAKE BACK RETURN,MAIL,ng courts. re
13696-6,13696,1339,54,6,18.00,22325.94,0.07,0.01,N,O,1997-11-15,1997-10-16,1997-12-03,NONE,MAIL,nusual deposits. carefully bra
13697-1,13697,667,68,1,2.00,3135.32,0.07,0.08,N,O,1998-07-11,1998-07-01,1998-08-04,DELIVER IN PERSON,TRUCK,s boost across the ideas. f
13697-2,13697,1808,38,2,30.00,51294.00,0.04,0.08,N,O,1998-07-19,1998-05-22,1998-08-18,NONE,SHIP,latelets. blithely regular
13697-3,13697,906,75,3,28.00,50593.20,0.08,0.02,N,O,1998-04-26,1998-06-21,1998-05-10,TAKE BACK RETURN,TRUCK, the pending accounts 
13698-1,13698,4,5,1,50.00,45200.00,0.03,0.03,A,F,1994-09-23,1994-11-01,1994-09-26,TAKE BACK RETURN,MAIL,gular requests are furiously expres
13698-2,13698,680,12,2,46.00,72711.28,0.08,0.03,R,F,1994-10-27,1994-10-21,1994-11-06,TAKE BACK RETURN,REG AIR,ackages are slyly
13698-3,13698,32,8,3,34.00,31689.02,0.00,0.07,R,F,1994-08-19,1994-10-25,1994-09-03,NONE,FOB,"the regular, idle instructions are q"
13698-4,13698,159,86,4,7.00,7414.05,0.10,0.06,R,F,1994-10-13,1994-09-29,1994-11-01,TAKE BACK RETURN,REG AIR,"ggle never. express, fluffy pa"
13699-1,13699,1549,90,1,15.00,21758.10,0.00,0.05,N,O,1997-05-31,1997-06-07,1997-06-15,DELIVER IN PERSON,FOB, courts. regular requests after 
13700-1,13700,143,96,1,19.00,19819.66,0.01,0.03,R,F,1992-06-11,1992-03-19,1992-07-06,DELIVER IN PERSON,FOB,grouches. furiously reg
13701-1,13701,611,43,1,47.00,71045.67,0.02,0.01,N,O,1998-08-01,1998-06-17,1998-08-12,TAKE BACK RETURN,RAIL,es affix alo
13701-2,13701,249,77,2,5.00,5746.20,0.04,0.01,N,O,1998-07-14,1998-07-11,1998-08-07,TAKE BACK RETURN,FOB,ully ironic packages. unu
13701-3,13701,311,40,3,25.00,30282.75,0.04,0.05,N,O,1998-06-26,1998-08-13,1998-07-13,COLLECT COD,TRUCK,ts wake slyly regular dolphins. bl
13701-4,13701,37,63,4,3.00,2811.09,0.01,0.00,N,O,1998-07-25,1998-06-30,1998-08-12,DELIVER IN PERSON,TRUCK,final packages. even reque
13701-5,13701,1803,33,5,30.00,51144.00,0.01,0.08,N,O,1998-07-17,1998-08-05,1998-08-14,TAKE BACK RETURN,FOB,r the express requests. ca
13701-6,13701,542,3,6,41.00,59144.14,0.02,0.01,N,O,1998-06-11,1998-06-28,1998-06-15,COLLECT COD,TRUCK,"oxes. express, unusual ideas in place "
13702-1,13702,1898,28,1,20.00,35997.80,0.10,0.00,N,O,1995-12-23,1995-10-28,1996-01-16,COLLECT COD,FOB,slyly regular pearls nag care
13702-2,13702,362,19,2,16.00,20197.76,0.05,0.02,N,O,1995-12-04,1995-11-21,1995-12-22,TAKE BACK RETURN,TRUCK,ess packages after the regular packages 
13703-1,13703,813,80,1,13.00,22279.53,0.04,0.08,N,O,1997-04-22,1997-03-17,1997-05-14,NONE,REG AIR,eans. carefully even sentime
13703-2,13703,1635,36,2,20.00,30732.60,0.02,0.02,N,O,1997-03-14,1997-03-15,1997-04-09,DELIVER IN PERSON,TRUCK,ding requests nag carefully slow excuses.
13703-3,13703,1374,75,3,42.00,53565.54,0.03,0.05,N,O,1997-04-11,1997-03-13,1997-04-17,NONE,MAIL,y behind the even dependencies. 
13703-4,13703,1055,61,4,38.00,36329.90,0.02,0.06,N,O,1997-02-27,1997-03-07,1997-03-12,NONE,FOB,uickly against the express ideas. furiousl
13703-5,13703,791,92,5,40.00,67671.60,0.00,0.08,N,O,1997-03-04,1997-02-18,1997-03-16,NONE,FOB, slyly final requests integrate careful
13728-1,13728,863,63,1,36.00,63498.96,0.04,0.00,N,O,1996-01-22,1996-01-26,1996-02-19,NONE,SHIP, the slyly unusual foxes breach flu
13728-2,13728,231,59,2,20.00,22624.60,0.09,0.02,N,O,1996-01-28,1996-03-09,1996-02-11,NONE,RAIL,equests-- quickly express
13728-3,13728,125,26,3,40.00,41004.80,0.03,0.05,N,O,1996-01-30,1996-01-15,1996-01-31,TAKE BACK RETURN,REG AIR,nstructions sleep fur
13729-1,13729,63,89,1,14.00,13482.84,0.01,0.06,A,F,1994-04-27,1994-03-19,1994-05-04,COLLECT COD,RAIL,l theodolites. even i
13729-2,13729,271,26,2,18.00,21082.86,0.02,0.06,A,F,1994-01-19,1994-03-22,1994-01-28,TAKE BACK RETURN,SHIP,riously special pinto 
13729-3,13729,292,47,3,44.00,52460.76,0.04,0.04,A,F,1994-02-11,1994-03-24,1994-02-26,DELIVER IN PERSON,TRUCK,fully alongside of 
13730-1,13730,1033,34,1,42.00,39229.26,0.09,0.03,N,F,1995-06-06,1995-07-22,1995-06-28,NONE,RAIL,its wake about the slyly 
13731-1,13731,647,10,1,41.00,63453.24,0.05,0.02,A,F,1993-07-09,1993-07-07,1993-07-17,TAKE BACK RETURN,RAIL,ven instruction
13731-2,13731,940,75,2,31.00,57069.14,0.07,0.00,R,F,1993-05-23,1993-06-29,1993-06-03,TAKE BACK RETURN,SHIP,onic pinto 
13731-3,13731,243,44,3,30.00,34297.20,0.00,0.06,R,F,1993-08-23,1993-06-12,1993-08-27,NONE,AIR,fter the silent exc
13731-4,13731,847,47,4,33.00,57678.72,0.01,0.02,R,F,1993-08-08,1993-06-21,1993-08-19,COLLECT COD,MAIL, along the blithely regula
13732-1,13732,212,67,1,5.00,5561.05,0.09,0.07,R,F,1993-01-21,1993-02-08,1993-02-07,TAKE BACK RETURN,RAIL,y final pac
13732-2,13732,1602,85,2,15.00,22554.00,0.06,0.07,R,F,1993-03-11,1993-02-17,1993-04-06,COLLECT COD,SHIP,s the carefully ironic theodolites h
13732-3,13732,1803,4,3,40.00,68192.00,0.02,0.07,A,F,1993-03-23,1993-02-19,1993-04-04,NONE,MAIL,lphins integra
13732-4,13732,864,98,4,38.00,67064.68,0.04,0.04,A,F,1993-02-04,1993-02-02,1993-02-08,TAKE BACK RETURN,AIR,tructions are blithely. slyly ironic
13733-1,13733,1984,73,1,50.00,94299.00,0.02,0.05,N,O,1998-01-15,1998-03-01,1998-02-06,DELIVER IN PERSON,AIR,"ing, even deposits along "
13733-2,13733,1887,17,2,8.00,14311.04,0.00,0.05,N,O,1998-01-11,1998-03-20,1998-01-14,DELIVER IN PERSON,MAIL,beans. slyly pending ideas are blithely a
13733-3,13733,1760,61,3,39.00,64808.64,0.01,0.02,N,O,1998-03-17,1998-03-28,1998-03-26,DELIVER IN PERSON,RAIL,after the pending ideas. fu
13733-4,13733,1116,89,4,3.00,3051.33,0.10,0.07,N,O,1998-03-12,1998-02-16,1998-03-31,DELIVER IN PERSON,AIR,ly regular pinto 
13733-5,13733,1640,41,5,41.00,63207.24,0.01,0.03,N,O,1998-03-26,1998-03-18,1998-04-23,NONE,RAIL,"eposits are bold, ironic packages. caref"
13733-6,13733,986,87,6,2.00,3773.96,0.02,0.05,N,O,1998-02-02,1998-03-23,1998-02-17,COLLECT COD,SHIP, the carefully eve
13733-7,13733,1645,87,7,49.00,75785.36,0.01,0.06,N,O,1998-03-18,1998-02-14,1998-03-19,NONE,FOB,fix. slyly regular dependencie
13734-1,13734,1835,36,1,31.00,53841.73,0.03,0.01,N,O,1996-11-02,1996-11-07,1996-11-22,TAKE BACK RETURN,REG AIR, permanently regular 
13734-2,13734,1358,59,2,34.00,42817.90,0.05,0.08,N,O,1996-10-29,1996-10-28,1996-11-04,TAKE BACK RETURN,FOB,n excuses. carefull
13734-3,13734,794,27,3,37.00,62707.23,0.10,0.06,N,O,1996-09-04,1996-10-08,1996-09-13,NONE,RAIL,usual asymptotes wake alongside of the c
13735-1,13735,837,71,1,25.00,43445.75,0.03,0.00,A,F,1994-07-11,1994-08-17,1994-08-07,COLLECT COD,RAIL,"nal deposits. regular, even fo"
13735-2,13735,545,6,2,23.00,33247.42,0.05,0.01,R,F,1994-05-30,1994-08-10,1994-06-26,DELIVER IN PERSON,SHIP,. carefully unusual packages 
13735-3,13735,1450,68,3,40.00,54058.00,0.00,0.05,R,F,1994-06-10,1994-07-20,1994-07-06,COLLECT COD,REG AIR,ronic dependenc
13760-1,13760,518,49,1,29.00,41136.79,0.03,0.07,N,O,1996-07-15,1996-07-06,1996-07-16,COLLECT COD,RAIL,s wake fluffily final requ
13760-2,13760,576,67,2,11.00,16242.27,0.05,0.05,N,O,1996-07-24,1996-08-07,1996-08-11,COLLECT COD,TRUCK,xpress deposits sleep blithely blithely fi
13760-3,13760,179,80,3,23.00,24820.91,0.05,0.03,N,O,1996-08-02,1996-07-15,1996-08-04,NONE,FOB,s theodolites affix ironic
13760-4,13760,913,48,4,3.00,5441.73,0.03,0.05,N,O,1996-08-12,1996-08-23,1996-08-28,TAKE BACK RETURN,TRUCK,beans integrate
13760-5,13760,1284,59,5,14.00,16593.92,0.08,0.02,N,O,1996-08-09,1996-07-10,1996-09-05,NONE,MAIL,eas. unusual packag
13760-6,13760,1091,27,6,21.00,20833.89,0.10,0.08,N,O,1996-07-30,1996-07-10,1996-08-11,NONE,RAIL,the packages cajole about the express packa
13760-7,13760,1906,95,7,3.00,5423.70,0.00,0.07,N,O,1996-07-13,1996-07-27,1996-07-22,TAKE BACK RETURN,MAIL,arefully slyly final dependenc
13761-1,13761,1962,7,1,22.00,41007.12,0.03,0.02,R,F,1994-11-12,1994-12-05,1994-11-16,NONE,SHIP,. ironic foxes affix slyly alongside of 
13761-2,13761,1995,40,2,39.00,73982.61,0.07,0.04,A,F,1994-11-15,1994-12-09,1994-12-09,COLLECT COD,FOB,ns. quickly regular
13761-3,13761,678,41,3,19.00,29994.73,0.03,0.01,A,F,1994-12-19,1994-12-07,1995-01-04,DELIVER IN PERSON,SHIP,efully never
13761-4,13761,1928,73,4,1.00,1829.92,0.10,0.08,R,F,1995-02-09,1994-12-19,1995-02-18,DELIVER IN PERSON,TRUCK,xes. quickly close orbits haggle slyly. th
13761-5,13761,1401,80,5,24.00,31257.60,0.02,0.05,R,F,1995-02-13,1994-12-15,1995-02-18,DELIVER IN PERSON,FOB,eans are. furiously stealthy requests wak
13761-6,13761,353,54,6,2.00,2506.70,0.10,0.02,R,F,1995-01-23,1995-01-01,1995-01-29,TAKE BACK RETURN,AIR,ges. quickly special
13761-7,13761,1299,100,7,17.00,20404.93,0.00,0.06,A,F,1994-12-28,1994-12-28,1995-01-12,TAKE BACK RETURN,FOB,atelets wake. quickly ironic package
13762-1,13762,1768,95,1,27.00,45083.52,0.09,0.08,A,F,1993-10-02,1993-07-27,1993-10-09,DELIVER IN PERSON,FOB,inal pinto beans sleep quickly fur
13762-2,13762,630,93,2,22.00,33673.86,0.09,0.00,A,F,1993-10-14,1993-08-05,1993-10-24,NONE,TRUCK,t deposits. slyly b
13762-3,13762,1792,19,3,3.00,5081.37,0.04,0.01,R,F,1993-09-24,1993-08-02,1993-10-24,DELIVER IN PERSON,SHIP,refully final foxes. pac
13762-4,13762,1529,50,4,27.00,38624.04,0.04,0.01,A,F,1993-08-17,1993-08-28,1993-08-23,TAKE BACK RETURN,AIR,"es above the ironic, final"
13762-5,13762,612,6,5,25.00,37815.25,0.08,0.08,R,F,1993-08-15,1993-09-12,1993-08-22,DELIVER IN PERSON,TRUCK,ld platelets nag blithely. re
13762-6,13762,789,86,6,30.00,50693.40,0.01,0.05,R,F,1993-08-21,1993-08-15,1993-09-06,COLLECT COD,FOB,arefully silent excuses. quickly ironic pac
13762-7,13762,139,18,7,3.00,3117.39,0.04,0.05,R,F,1993-07-09,1993-08-20,1993-07-20,DELIVER IN PERSON,TRUCK,ntly above the slyly bold depos
13763-1,13763,78,54,1,25.00,24451.75,0.03,0.02,N,O,1997-07-28,1997-08-07,1997-08-02,COLLECT COD,RAIL,yly brave requests u
13763-2,13763,1612,36,2,48.00,72653.28,0.03,0.08,N,O,1997-10-19,1997-08-15,1997-11-18,COLLECT COD,TRUCK,st carefully about the carefully even pa
13763-3,13763,431,90,3,41.00,54588.63,0.03,0.01,N,O,1997-10-06,1997-08-15,1997-11-04,NONE,REG AIR, above the furiously silent re
13763-4,13763,146,47,4,10.00,10461.40,0.02,0.02,N,O,1997-10-24,1997-09-24,1997-11-14,COLLECT COD,SHIP,deposits. regula
13764-1,13764,1398,75,1,20.00,25987.80,0.03,0.03,N,O,1995-09-11,1995-09-14,1995-09-29,COLLECT COD,SHIP,sly final foxes sleep furiously
13764-2,13764,1092,28,2,11.00,10923.99,0.02,0.03,N,O,1995-11-08,1995-10-08,1995-12-05,TAKE BACK RETURN,AIR,ven foxes wake. requests boost. ideas
13764-3,13764,999,34,3,44.00,83599.56,0.04,0.06,N,O,1995-08-24,1995-10-05,1995-09-09,DELIVER IN PERSON,RAIL,courts nag regular
13765-1,13765,785,18,1,27.00,45516.06,0.02,0.03,A,F,1994-06-01,1994-06-28,1994-06-18,COLLECT COD,REG AIR,sits. carefully daring dep
13765-2,13765,1860,47,2,9.00,15856.74,0.03,0.03,R,F,1994-04-22,1994-06-20,1994-05-18,TAKE BACK RETURN,RAIL,"ets sleep carefully express, e"
13765-3,13765,164,91,3,48.00,51079.68,0.02,0.01,R,F,1994-06-19,1994-05-24,1994-07-03,NONE,SHIP,? bold instructions nag. special dep
13765-4,13765,1566,7,4,32.00,46961.92,0.10,0.05,A,F,1994-04-23,1994-05-20,1994-04-28,NONE,RAIL,ic accounts will mold doggedly among the fi
13766-1,13766,916,85,1,26.00,47239.66,0.06,0.02,R,F,1993-01-09,1992-12-13,1993-01-19,TAKE BACK RETURN,REG AIR, boldly final foxes. ironic accoun
13767-1,13767,1505,46,1,17.00,23910.50,0.01,0.00,R,F,1993-09-15,1993-11-09,1993-10-03,TAKE BACK RETURN,FOB,ts. furious
13767-2,13767,396,25,2,43.00,55744.77,0.03,0.08,A,F,1993-09-30,1993-11-20,1993-10-04,DELIVER IN PERSON,RAIL,lly even dep
13767-3,13767,210,92,3,19.00,21093.99,0.02,0.08,A,F,1993-11-06,1993-11-13,1993-11-24,NONE,MAIL," the silent, bold requests. bold, "
13767-4,13767,1261,62,4,9.00,10460.34,0.03,0.01,R,F,1993-09-21,1993-10-12,1993-10-19,DELIVER IN PERSON,SHIP,of the carefully bold ideas; steal
13767-5,13767,832,32,5,13.00,22526.79,0.09,0.03,A,F,1993-11-27,1993-11-01,1993-11-28,COLLECT COD,SHIP,slyly pending f
13767-6,13767,104,83,6,44.00,44180.40,0.06,0.07,R,F,1993-12-23,1993-11-10,1994-01-21,DELIVER IN PERSON,RAIL,the requests. slyly ironic dep
13767-7,13767,200,79,7,28.00,30805.60,0.06,0.08,A,F,1993-11-26,1993-10-09,1993-12-19,COLLECT COD,SHIP, ironic deposits. fl
13792-1,13792,348,5,1,42.00,52430.28,0.10,0.03,N,O,1996-06-01,1996-03-30,1996-06-26,TAKE BACK RETURN,REG AIR,ithe packages are slyly above the q
13793-1,13793,1100,36,1,17.00,17018.70,0.00,0.06,N,O,1995-10-30,1995-11-03,1995-11-14,DELIVER IN PERSON,TRUCK,ns; pending accounts haggle quickly
13794-1,13794,502,3,1,50.00,70125.00,0.10,0.03,R,F,1994-02-14,1994-04-04,1994-02-21,NONE,TRUCK,de of the requests. furiously eve
13794-2,13794,371,72,2,6.00,7628.22,0.03,0.05,R,F,1994-04-16,1994-03-01,1994-04-23,TAKE BACK RETURN,REG AIR,l asymptotes cajole fluffi
13794-3,13794,1895,39,3,24.00,43125.36,0.03,0.02,R,F,1994-03-08,1994-03-10,1994-03-20,NONE,TRUCK,egular ideas. fluffily pending pla
13794-4,13794,1401,41,4,49.00,63817.60,0.01,0.04,A,F,1994-03-23,1994-02-13,1994-04-20,NONE,TRUCK,"ong the unusual, even p"
13794-5,13794,1048,49,5,35.00,33216.40,0.03,0.04,A,F,1994-03-05,1994-04-02,1994-03-22,COLLECT COD,SHIP,nly. pending dinos cajole blithe
13794-6,13794,438,97,6,2.00,2676.86,0.04,0.03,A,F,1994-04-18,1994-02-15,1994-04-27,COLLECT COD,FOB,e the pinto beans. slyly final packages bo
13794-7,13794,1977,66,7,9.00,16910.73,0.04,0.05,A,F,1994-01-14,1994-03-26,1994-01-28,COLLECT COD,FOB," furious, ruthless requests pla"
13795-1,13795,998,67,1,4.00,7595.96,0.05,0.08,N,O,1995-07-01,1995-06-19,1995-07-24,TAKE BACK RETURN,RAIL,ffily final dependencies may sleep qui
13795-2,13795,1205,43,2,10.00,11062.00,0.01,0.05,R,F,1995-06-06,1995-06-25,1995-06-14,NONE,REG AIR,ly ironic accounts. iro
13795-3,13795,269,24,3,9.00,10523.34,0.06,0.05,A,F,1995-04-14,1995-06-01,1995-04-17,NONE,REG AIR,d requests haggle regular
13795-4,13795,754,55,4,43.00,71154.25,0.06,0.03,R,F,1995-05-17,1995-05-13,1995-06-06,DELIVER IN PERSON,FOB,ar the quickly pendi
13795-5,13795,310,95,5,49.00,59305.19,0.06,0.07,N,O,1995-07-13,1995-06-30,1995-07-14,TAKE BACK RETURN,REG AIR,hely regular packages sleep carefully aga
13795-6,13795,352,37,6,50.00,62617.50,0.02,0.07,R,F,1995-05-03,1995-06-03,1995-05-16,TAKE BACK RETURN,REG AIR, accounts. carefully regular request
13795-7,13795,1569,90,7,7.00,10293.92,0.08,0.01,N,O,1995-07-19,1995-06-02,1995-07-21,COLLECT COD,TRUCK,r furiously about the regula
13796-1,13796,1835,79,1,47.00,81631.01,0.00,0.03,N,O,1997-08-14,1997-09-17,1997-09-02,DELIVER IN PERSON,MAIL,: carefully ironic pinto beans 
13796-2,13796,1245,20,2,40.00,45849.60,0.00,0.04,N,O,1997-10-12,1997-09-04,1997-10-18,NONE,RAIL,", final deposits ar"
13796-3,13796,1512,13,3,49.00,69261.99,0.09,0.03,N,O,1997-09-07,1997-08-14,1997-09-16,COLLECT COD,MAIL,y. ideas are quickly alongside of the asymp
13796-4,13796,267,49,4,42.00,49024.92,0.07,0.07,N,O,1997-06-27,1997-09-13,1997-07-02,COLLECT COD,SHIP, even packages cajo
13797-1,13797,670,64,1,34.00,53402.78,0.02,0.02,N,O,1996-12-14,1996-11-02,1997-01-08,NONE,TRUCK,as above the carefully expr
13797-2,13797,1453,32,2,18.00,24380.10,0.03,0.08,N,O,1996-11-23,1996-11-03,1996-12-22,COLLECT COD,RAIL,against the blithely bold pac
13797-3,13797,872,73,3,22.00,39003.14,0.08,0.04,N,O,1996-10-07,1996-10-05,1996-10-28,COLLECT COD,MAIL,s around the furiously special multipliers
13797-4,13797,1509,30,4,35.00,49367.50,0.06,0.02,N,O,1996-09-09,1996-10-23,1996-09-30,NONE,TRUCK,"ding, regular asy"
13797-5,13797,542,73,5,36.00,51931.44,0.10,0.07,N,O,1996-10-31,1996-10-27,1996-11-13,NONE,SHIP,ornis. carefully regular do
13797-6,13797,353,10,6,11.00,13786.85,0.06,0.04,N,O,1996-11-28,1996-11-12,1996-12-17,TAKE BACK RETURN,FOB, haggle ag
13798-1,13798,1276,51,1,30.00,35318.10,0.01,0.01,N,O,1996-03-31,1996-03-19,1996-04-07,COLLECT COD,REG AIR,yly express deposits wake f
13798-2,13798,566,27,2,26.00,38130.56,0.08,0.06,N,O,1996-05-24,1996-04-28,1996-05-29,NONE,FOB, boost fluffily. bravely special re
13798-3,13798,137,90,3,11.00,11408.43,0.01,0.02,N,O,1996-06-02,1996-04-10,1996-06-20,DELIVER IN PERSON,AIR,foxes wake s
13798-4,13798,1489,90,4,29.00,40323.92,0.02,0.01,N,O,1996-05-05,1996-04-22,1996-05-17,DELIVER IN PERSON,SHIP,ithely pending deposits haggle abo
13799-1,13799,506,37,1,42.00,59073.00,0.09,0.03,R,F,1994-01-30,1994-01-09,1994-02-21,TAKE BACK RETURN,SHIP,"s deposits alongside of the regular, ironi"
13799-2,13799,1522,23,2,39.00,55517.28,0.07,0.02,R,F,1994-03-04,1994-03-01,1994-03-15,DELIVER IN PERSON,RAIL,regular id
13799-3,13799,1023,24,3,38.00,35112.76,0.07,0.06,A,F,1994-03-27,1994-01-29,1994-04-15,NONE,RAIL,accounts. even de
13824-1,13824,1295,96,1,33.00,39477.57,0.01,0.07,R,F,1995-04-26,1995-03-08,1995-05-04,COLLECT COD,TRUCK,usual acco
13824-2,13824,192,71,2,8.00,8737.52,0.04,0.03,A,F,1995-01-15,1995-02-25,1995-02-06,TAKE BACK RETURN,FOB, ironic requests. accounts w
13824-3,13824,1829,59,3,19.00,32885.58,0.08,0.01,A,F,1995-03-01,1995-02-24,1995-03-29,TAKE BACK RETURN,REG AIR,lar platelets nag busil
13824-4,13824,418,77,4,27.00,35597.07,0.09,0.05,A,F,1995-03-19,1995-03-18,1995-04-03,DELIVER IN PERSON,TRUCK,eas haggle blithely across the evenly
13825-1,13825,13,64,1,34.00,31042.34,0.06,0.03,A,F,1994-04-14,1994-05-03,1994-04-15,TAKE BACK RETURN,MAIL,ages against the blithely regular ideas
13825-2,13825,1983,16,2,5.00,9424.90,0.04,0.06,R,F,1994-05-01,1994-04-29,1994-05-02,TAKE BACK RETURN,SHIP,kages haggle
13825-3,13825,1088,59,3,19.00,18792.52,0.10,0.08,R,F,1994-05-21,1994-04-26,1994-06-01,COLLECT COD,FOB,yly regular deposits are a
13825-4,13825,1575,96,4,29.00,42820.53,0.09,0.06,R,F,1994-07-08,1994-04-29,1994-08-07,TAKE BACK RETURN,REG AIR,lve. excuses around the carefully
13825-5,13825,773,6,5,2.00,3347.54,0.04,0.07,A,F,1994-06-17,1994-06-11,1994-06-18,DELIVER IN PERSON,MAIL,ely regular
13825-6,13825,670,2,6,11.00,17277.37,0.03,0.01,A,F,1994-05-14,1994-05-22,1994-05-15,COLLECT COD,TRUCK,unts. furi
13825-7,13825,1985,30,7,29.00,54722.42,0.04,0.04,A,F,1994-07-03,1994-05-27,1994-07-05,NONE,FOB,egular instructi
13826-1,13826,1666,90,1,3.00,4702.98,0.00,0.03,N,O,1997-06-02,1997-05-05,1997-06-04,COLLECT COD,AIR,ts wake carefully. regular deposits above t
13826-2,13826,1656,80,2,10.00,15576.50,0.06,0.01,N,O,1997-03-21,1997-04-25,1997-04-08,NONE,MAIL,ong the furiously bold accou
13826-3,13826,861,61,3,26.00,45808.36,0.09,0.04,N,O,1997-04-25,1997-05-20,1997-04-27,COLLECT COD,AIR,lithely sp
13826-4,13826,1352,29,4,43.00,53894.05,0.09,0.07,N,O,1997-02-28,1997-04-16,1997-03-21,COLLECT COD,FOB,egular instructions. ironic dinos dete
13826-5,13826,54,80,5,48.00,45794.40,0.06,0.04,N,O,1997-05-01,1997-04-17,1997-05-13,NONE,SHIP, detect along the 
13827-1,13827,1269,7,1,38.00,44469.88,0.01,0.01,R,F,1993-08-08,1993-09-17,1993-08-11,NONE,RAIL,onic requests sl
13828-1,13828,551,12,1,31.00,44998.05,0.02,0.08,A,F,1994-08-06,1994-08-25,1994-08-18,NONE,MAIL,y final asymptotes across t
13828-2,13828,488,18,2,28.00,38877.44,0.07,0.05,A,F,1994-09-18,1994-09-04,1994-10-01,TAKE BACK RETURN,MAIL,"esias poach blithely ironic, ex"
13829-1,13829,353,54,1,26.00,32587.10,0.00,0.01,N,O,1996-12-06,1996-11-18,1997-01-05,COLLECT COD,MAIL,"lly express excuses. regular, "
13829-2,13829,764,97,2,23.00,38289.48,0.07,0.00,N,O,1997-01-17,1996-11-30,1997-01-19,NONE,SHIP,es. furiously e
13829-3,13829,916,17,3,12.00,21802.92,0.05,0.04,N,O,1996-09-29,1996-11-21,1996-10-20,DELIVER IN PERSON,AIR,into beans. furiously even pinto
13829-4,13829,1994,95,4,50.00,94799.50,0.00,0.04,N,O,1996-11-18,1996-12-14,1996-11-25,DELIVER IN PERSON,SHIP,refully ac
13830-1,13830,499,87,1,11.00,15394.39,0.03,0.05,R,F,1995-04-15,1995-02-18,1995-05-06,COLLECT COD,REG AIR,n deposits 
13830-2,13830,1972,61,2,30.00,56219.10,0.04,0.08,R,F,1995-03-03,1995-02-18,1995-04-01,TAKE BACK RETURN,TRUCK,ccounts. quiet accounts are bl
13830-3,13830,1011,17,3,30.00,27360.30,0.07,0.00,R,F,1995-03-28,1995-01-23,1995-04-15,COLLECT COD,TRUCK,about the slowly pending foxes. 
13830-4,13830,1463,3,4,49.00,66858.54,0.00,0.05,R,F,1995-04-05,1995-02-18,1995-04-23,COLLECT COD,SHIP,es boost slyly silent de
13831-1,13831,926,95,1,46.00,84038.32,0.03,0.05,N,O,1996-05-28,1996-06-07,1996-06-05,DELIVER IN PERSON,RAIL,brave packages haggle abo
13831-2,13831,1408,87,2,38.00,49757.20,0.08,0.02,N,O,1996-07-03,1996-06-23,1996-07-17,DELIVER IN PERSON,AIR,ng carefully. carefully ruthless packa
13831-3,13831,1079,80,3,20.00,19601.40,0.03,0.04,N,O,1996-07-16,1996-05-25,1996-07-30,DELIVER IN PERSON,MAIL,: regular deposits beneath the
13831-4,13831,1501,82,4,30.00,42075.00,0.07,0.02,N,O,1996-07-31,1996-07-11,1996-08-12,NONE,RAIL,uriously slo
13831-5,13831,832,32,5,12.00,20793.96,0.01,0.01,N,O,1996-06-09,1996-06-15,1996-06-28,COLLECT COD,REG AIR, accounts try to haggle against the 
13831-6,13831,38,64,6,24.00,22512.72,0.08,0.07,N,O,1996-06-07,1996-06-06,1996-07-03,COLLECT COD,RAIL,quests wake furio
13856-1,13856,1867,11,1,4.00,7075.44,0.06,0.00,N,O,1998-03-06,1998-02-26,1998-03-12,DELIVER IN PERSON,SHIP,y regular requests. carefully p
13856-2,13856,604,98,2,8.00,12036.80,0.01,0.07,N,O,1997-12-09,1998-01-14,1997-12-23,COLLECT COD,TRUCK,ding to the slyly ironic
13856-3,13856,965,34,3,23.00,42917.08,0.06,0.07,N,O,1998-01-26,1998-01-09,1998-02-02,DELIVER IN PERSON,TRUCK,ronic ideas 
13856-4,13856,1487,27,4,30.00,41654.40,0.10,0.00,N,O,1998-01-16,1998-01-23,1998-01-18,NONE,MAIL,bold requests. busy instructio
13856-5,13856,1323,62,5,15.00,18364.80,0.02,0.01,N,O,1998-03-12,1998-01-24,1998-04-07,NONE,MAIL,y express packages cajole above the care
13856-6,13856,397,26,6,8.00,10379.12,0.10,0.03,N,O,1998-03-15,1998-01-24,1998-04-01,TAKE BACK RETURN,FOB,"ly regular, regular pearls. fu"
13856-7,13856,1351,52,7,21.00,26299.35,0.02,0.02,N,O,1998-03-14,1998-01-09,1998-04-11,NONE,FOB,furiously even deposits. fluffily special 
13857-1,13857,586,87,1,6.00,8919.48,0.02,0.06,N,O,1995-08-26,1995-10-11,1995-09-15,TAKE BACK RETURN,TRUCK,cial pinto beans. furio
13858-1,13858,955,90,1,24.00,44542.80,0.09,0.02,A,F,1994-07-14,1994-09-27,1994-07-15,TAKE BACK RETURN,REG AIR,es wake? slyly unusual foxes boo
13858-2,13858,577,78,2,2.00,2955.14,0.09,0.05,A,F,1994-07-29,1994-08-19,1994-08-05,TAKE BACK RETURN,TRUCK, dolphins cajole carefully b
13859-1,13859,1464,43,1,25.00,34136.50,0.02,0.07,N,O,1997-02-21,1997-03-05,1997-03-18,NONE,FOB,efully above the blit
13859-2,13859,1506,7,2,5.00,7037.50,0.00,0.03,N,O,1997-04-29,1997-03-25,1997-05-23,NONE,FOB,uriously-- slyly regular frays c
13859-3,13859,1909,54,3,38.00,68814.20,0.06,0.03,N,O,1997-02-20,1997-03-20,1997-03-14,COLLECT COD,SHIP,ickly dogge
13859-4,13859,185,38,4,10.00,10851.80,0.05,0.03,N,O,1997-03-16,1997-03-30,1997-03-24,TAKE BACK RETURN,REG AIR,al accounts are. carefull
13859-5,13859,1044,45,5,5.00,4725.20,0.04,0.03,N,O,1997-01-20,1997-03-15,1997-02-14,TAKE BACK RETURN,FOB,hely regular pack
13859-6,13859,852,52,6,32.00,56091.20,0.02,0.00,N,O,1997-02-14,1997-03-02,1997-02-19,NONE,SHIP,serve bravely throughout the pinto beans. i
13859-7,13859,960,61,7,27.00,50245.92,0.08,0.05,N,O,1997-02-13,1997-03-15,1997-02-15,TAKE BACK RETURN,RAIL,y ironic platelets sleep among th
13860-1,13860,1604,28,1,42.00,63235.20,0.05,0.03,A,F,1994-11-06,1994-11-29,1994-11-19,TAKE BACK RETURN,SHIP,en platelets use. s
13861-1,13861,441,29,1,18.00,24145.92,0.06,0.03,A,F,1993-10-06,1993-09-23,1993-10-07,COLLECT COD,TRUCK,the slyly pending ideas
13861-2,13861,1405,84,2,17.00,22208.80,0.03,0.08,A,F,1993-10-04,1993-10-08,1993-10-30,DELIVER IN PERSON,TRUCK,ts sublate quickly exp
13861-3,13861,986,87,3,29.00,54722.42,0.03,0.08,R,F,1993-09-21,1993-09-22,1993-10-13,TAKE BACK RETURN,FOB,c grouches un
13861-4,13861,614,8,4,31.00,46952.91,0.01,0.05,A,F,1993-11-20,1993-09-24,1993-12-02,DELIVER IN PERSON,REG AIR,ole furiously quickly final packages. fur
13861-5,13861,511,42,5,22.00,31053.22,0.01,0.08,R,F,1993-11-18,1993-10-12,1993-12-03,COLLECT COD,REG AIR,lar ideas haggle. q
13861-6,13861,1232,33,6,25.00,28330.75,0.09,0.07,A,F,1993-09-28,1993-09-29,1993-10-21,TAKE BACK RETURN,MAIL,bold instructions haggle fluffily regular
13861-7,13861,1243,44,7,9.00,10298.16,0.05,0.05,A,F,1993-11-10,1993-09-24,1993-11-21,DELIVER IN PERSON,AIR,ggedly final theodolites lose furiously a
13862-1,13862,564,55,1,39.00,57117.84,0.08,0.08,N,O,1997-11-22,1997-10-28,1997-12-03,TAKE BACK RETURN,TRUCK,beans nag blithel
13862-2,13862,1479,58,2,34.00,46935.98,0.01,0.06,N,O,1997-12-22,1997-10-03,1998-01-13,COLLECT COD,RAIL,ide of the sl
13862-3,13862,1728,71,3,15.00,24445.80,0.02,0.00,N,O,1997-10-19,1997-10-05,1997-10-28,TAKE BACK RETURN,FOB,special dolphins. asy
13862-4,13862,804,71,4,3.00,5114.40,0.04,0.07,N,O,1997-09-06,1997-10-14,1997-09-30,COLLECT COD,RAIL,inal deposits. carefully bold requ
13862-5,13862,1119,56,5,34.00,34683.74,0.04,0.08,N,O,1997-10-06,1997-10-09,1997-11-01,NONE,MAIL,theodolites boost blithely along the f
13862-6,13862,392,21,6,50.00,64619.50,0.03,0.00,N,O,1997-10-17,1997-10-21,1997-10-18,TAKE BACK RETURN,SHIP, according
13863-1,13863,1593,34,1,19.00,28397.21,0.01,0.03,R,F,1992-09-14,1992-07-10,1992-10-01,COLLECT COD,FOB,"s against the special, ironic"
13863-2,13863,586,77,2,15.00,22298.70,0.02,0.00,A,F,1992-09-23,1992-07-06,1992-09-27,TAKE BACK RETURN,SHIP,foxes. fluffily bold dependencies cajol
13863-3,13863,1881,68,3,48.00,85578.24,0.10,0.06,A,F,1992-06-09,1992-08-15,1992-06-22,NONE,AIR, ironic excuses affix fluffily bold d
13888-1,13888,1011,47,1,8.00,7296.08,0.10,0.01,R,F,1993-08-04,1993-07-04,1993-08-22,TAKE BACK RETURN,REG AIR,urts wake along the car
13889-1,13889,1745,72,1,26.00,42815.24,0.02,0.00,N,O,1995-11-27,1995-11-24,1995-12-27,DELIVER IN PERSON,RAIL,ag. carefully
13889-2,13889,1832,76,2,19.00,32942.77,0.09,0.06,N,O,1995-12-31,1995-11-04,1996-01-06,TAKE BACK RETURN,FOB, slyly final deposits. slyly bold
13890-1,13890,1437,38,1,12.00,16061.16,0.04,0.01,N,O,1996-09-18,1996-06-24,1996-09-23,TAKE BACK RETURN,FOB,according to the deposits. furiously qui
13890-2,13890,192,19,2,4.00,4368.76,0.05,0.06,N,O,1996-06-05,1996-07-04,1996-06-24,TAKE BACK RETURN,MAIL,s lose carefully slyly regular
13890-3,13890,1936,37,3,3.00,5513.79,0.04,0.02,N,O,1996-08-23,1996-08-04,1996-09-12,DELIVER IN PERSON,SHIP,quests integrate blithely. blithely sly fo
13890-4,13890,1525,26,4,18.00,25677.36,0.06,0.04,N,O,1996-08-05,1996-07-27,1996-08-23,COLLECT COD,TRUCK,ial requests cajole
13891-1,13891,1073,9,1,25.00,24351.75,0.08,0.00,N,O,1996-07-15,1996-08-22,1996-07-27,NONE,AIR,ges lose besides the slyly bold requests. 
13891-2,13891,415,16,2,17.00,22361.97,0.05,0.01,N,O,1996-07-24,1996-08-09,1996-08-07,TAKE BACK RETURN,SHIP,hins boost slyly against
13891-3,13891,184,85,3,5.00,5420.90,0.03,0.04,N,O,1996-07-09,1996-08-23,1996-07-14,TAKE BACK RETURN,MAIL,ding to the quickly final courts;
13891-4,13891,1916,5,4,7.00,12725.37,0.01,0.04,N,O,1996-07-23,1996-09-09,1996-08-01,DELIVER IN PERSON,SHIP,he gifts. slyly pending requests use
13892-1,13892,350,51,1,49.00,61267.15,0.06,0.05,A,F,1992-08-09,1992-06-26,1992-09-04,NONE,AIR,ctions wake. furiously special 
13892-2,13892,861,95,2,44.00,77521.84,0.06,0.08,R,F,1992-06-09,1992-06-02,1992-06-17,TAKE BACK RETURN,SHIP,y unusual theodolites
13892-3,13892,981,16,3,38.00,71515.24,0.00,0.08,A,F,1992-07-14,1992-06-19,1992-08-05,NONE,FOB,tealthily even ideas d
13893-1,13893,860,61,1,47.00,82760.42,0.01,0.07,N,O,1998-06-19,1998-06-10,1998-07-11,NONE,REG AIR,ts haggle expres
13893-2,13893,1162,71,2,31.00,32957.96,0.09,0.03,N,O,1998-05-03,1998-05-17,1998-05-06,COLLECT COD,REG AIR,y pending pa
13893-3,13893,1334,11,3,12.00,14823.96,0.04,0.00,N,O,1998-05-20,1998-06-30,1998-05-21,TAKE BACK RETURN,TRUCK,"fluffily. deposits sleep even, bold"
13894-1,13894,225,26,1,22.00,24754.84,0.01,0.08,R,F,1992-04-19,1992-05-19,1992-05-16,DELIVER IN PERSON,RAIL,"ess, ironic requests unwind"
13894-2,13894,1499,17,2,39.00,54619.11,0.01,0.02,A,F,1992-07-21,1992-05-13,1992-08-18,TAKE BACK RETURN,REG AIR,ts nag furiously regular requests.
13894-3,13894,872,73,3,8.00,14182.96,0.04,0.06,R,F,1992-08-06,1992-06-15,1992-08-27,TAKE BACK RETURN,TRUCK,ts. blithely final as
13894-4,13894,1096,97,4,30.00,29912.70,0.09,0.08,R,F,1992-08-06,1992-06-11,1992-08-16,COLLECT COD,AIR,ven platelets. never unusual package
13895-1,13895,1896,40,1,47.00,84500.83,0.09,0.02,R,F,1994-03-12,1994-01-27,1994-03-19,TAKE BACK RETURN,AIR,ions nag. furiously 
13895-2,13895,1692,34,2,45.00,71716.05,0.05,0.03,R,F,1994-03-18,1994-01-21,1994-04-07,NONE,RAIL,lly pending epita
13895-3,13895,266,48,3,9.00,10496.34,0.08,0.01,A,F,1994-03-17,1993-12-21,1994-04-10,COLLECT COD,REG AIR, final req
13895-4,13895,1489,7,4,50.00,69524.00,0.10,0.08,A,F,1993-12-15,1994-01-13,1993-12-27,DELIVER IN PERSON,MAIL,e carefully above the caref
13920-1,13920,583,14,1,37.00,54892.46,0.01,0.04,R,F,1995-01-14,1994-12-29,1995-02-02,DELIVER IN PERSON,SHIP,ajole. busily ironic pinto bea
13920-2,13920,786,87,2,39.00,65784.42,0.00,0.02,A,F,1995-01-30,1994-12-14,1995-02-17,TAKE BACK RETURN,REG AIR,ress deposits nag. unu
13920-3,13920,806,6,3,19.00,32429.20,0.09,0.07,R,F,1995-01-17,1994-12-06,1995-01-23,NONE,REG AIR,inal instructions integr
13921-1,13921,362,47,1,4.00,5049.44,0.03,0.07,N,O,1997-09-09,1997-09-27,1997-10-05,COLLECT COD,FOB,gle quietly fluffily ironic
13921-2,13921,744,77,2,40.00,65789.60,0.01,0.04,N,O,1997-09-07,1997-10-29,1997-09-09,NONE,AIR,sly blithely regular platelets. fina
13921-3,13921,879,79,3,14.00,24918.18,0.03,0.08,N,O,1997-10-16,1997-11-05,1997-11-04,DELIVER IN PERSON,SHIP,"to beans. final, even de"
13921-4,13921,745,46,4,33.00,54309.42,0.03,0.01,N,O,1997-12-07,1997-10-12,1998-01-03,NONE,MAIL,t the slowly spe
13922-1,13922,162,63,1,14.00,14870.24,0.08,0.03,N,O,1995-10-13,1995-09-28,1995-11-06,COLLECT COD,FOB,sily unusual packages print 
13922-2,13922,1268,80,2,50.00,58463.00,0.03,0.00,N,O,1995-09-18,1995-10-11,1995-10-04,DELIVER IN PERSON,TRUCK,gular instru
13922-3,13922,243,71,3,37.00,42299.88,0.01,0.05,N,O,1995-09-30,1995-10-17,1995-10-29,NONE,SHIP,arefully above the carefu
13922-4,13922,1028,99,4,45.00,41805.90,0.02,0.07,N,O,1995-11-20,1995-10-23,1995-11-24,COLLECT COD,MAIL,lithely unusual packages. quickly
13922-5,13922,114,93,5,20.00,20282.20,0.00,0.07,N,O,1995-10-11,1995-09-14,1995-10-26,TAKE BACK RETURN,SHIP,"jole at the enticing, unusual somas. bl"
13922-6,13922,1098,4,6,41.00,40962.69,0.09,0.08,N,O,1995-11-01,1995-10-25,1995-11-16,TAKE BACK RETURN,MAIL,es detect slyly
13922-7,13922,150,77,7,32.00,33604.80,0.09,0.06,N,O,1995-08-31,1995-09-28,1995-09-22,COLLECT COD,FOB,lithely after the even frets. 
13923-1,13923,555,56,1,42.00,61133.10,0.02,0.00,R,F,1992-09-02,1992-09-20,1992-09-27,DELIVER IN PERSON,RAIL,ackages hang quic
13923-2,13923,972,41,2,13.00,24348.61,0.07,0.03,A,F,1992-10-19,1992-09-09,1992-11-01,TAKE BACK RETURN,RAIL,ckages. quick
13923-3,13923,737,34,3,1.00,1637.73,0.00,0.03,R,F,1992-07-23,1992-09-24,1992-07-26,COLLECT COD,AIR,ding deposits. quickly
13923-4,13923,1542,83,4,26.00,37532.04,0.06,0.01,R,F,1992-10-01,1992-09-08,1992-10-08,NONE,REG AIR,its. regular ideas promise blithely
13923-5,13923,1971,72,5,2.00,3745.94,0.08,0.05,A,F,1992-08-15,1992-08-14,1992-08-27,NONE,REG AIR,e. pending requests x-ray ca
13923-6,13923,438,97,6,24.00,32122.32,0.05,0.04,A,F,1992-09-17,1992-08-20,1992-10-06,COLLECT COD,AIR,fter the furiously fi
13924-1,13924,987,22,1,2.00,3775.96,0.05,0.02,A,F,1995-04-03,1995-01-28,1995-04-28,DELIVER IN PERSON,SHIP,slyly ironic deposits wake above the plate
13925-1,13925,813,47,1,16.00,27420.96,0.01,0.07,N,O,1997-04-29,1997-03-16,1997-05-24,TAKE BACK RETURN,FOB,platelets detect about the slyly regu
13925-2,13925,562,63,2,16.00,23400.96,0.00,0.03,N,O,1997-02-14,1997-02-07,1997-02-24,DELIVER IN PERSON,FOB, express deposits beli
13925-3,13925,329,14,3,1.00,1229.32,0.06,0.08,N,O,1997-04-06,1997-02-11,1997-05-04,NONE,REG AIR,ng platelets. slyly bold theodolites ar
13925-4,13925,1116,53,4,38.00,38650.18,0.06,0.08,N,O,1997-03-08,1997-03-17,1997-03-25,COLLECT COD,MAIL,e after the furious excuses. qu
13925-5,13925,767,32,5,43.00,71713.68,0.09,0.05,N,O,1997-01-19,1997-03-24,1997-02-04,NONE,AIR,quests. requests wake carefully slyl
13926-1,13926,1803,90,1,28.00,47734.40,0.10,0.05,N,O,1997-08-29,1997-08-17,1997-09-26,NONE,AIR,bold theodolites. quickly unusual
13926-2,13926,287,42,2,1.00,1187.28,0.01,0.01,N,O,1997-09-14,1997-08-12,1997-09-26,NONE,AIR,ly. fluffily even requests sleep furi
13926-3,13926,898,32,3,3.00,5396.67,0.00,0.08,N,O,1997-10-30,1997-09-19,1997-11-05,COLLECT COD,SHIP,beans detect against the unu
13927-1,13927,1091,62,1,17.00,16865.53,0.04,0.00,R,F,1994-11-13,1994-10-10,1994-12-07,TAKE BACK RETURN,FOB,r excuses. finally ironic accounts sleep f
13927-2,13927,550,11,2,9.00,13054.95,0.05,0.02,A,F,1994-11-27,1994-11-16,1994-12-07,DELIVER IN PERSON,SHIP,as: slyly bold 
13927-3,13927,1227,2,3,21.00,23692.62,0.05,0.01,R,F,1994-09-08,1994-11-11,1994-09-13,COLLECT COD,SHIP,thily carefully ironic acc
13927-4,13927,952,21,4,24.00,44470.80,0.01,0.06,A,F,1994-11-27,1994-10-29,1994-12-02,TAKE BACK RETURN,FOB,"eans. bold, ironic pinto beans sleep"
13927-5,13927,1163,64,5,6.00,6384.96,0.00,0.02,A,F,1994-12-05,1994-10-10,1994-12-07,TAKE BACK RETURN,FOB,r the closely bold pinto
13927-6,13927,412,42,6,13.00,17061.33,0.00,0.00,R,F,1994-10-19,1994-11-25,1994-10-25,COLLECT COD,MAIL,nly ironic foxes wake even asympt
13952-1,13952,271,72,1,31.00,36309.37,0.05,0.06,N,O,1997-06-06,1997-06-03,1997-06-18,DELIVER IN PERSON,REG AIR,ructions e
13952-2,13952,132,85,2,41.00,42317.33,0.09,0.02,N,O,1997-08-12,1997-07-24,1997-08-28,COLLECT COD,AIR,heodolites cajole furiously q
13952-3,13952,849,49,3,22.00,38496.48,0.03,0.05,N,O,1997-05-28,1997-06-28,1997-06-08,TAKE BACK RETURN,REG AIR,g packages sleep furiously sp
13953-1,13953,1840,70,1,29.00,50513.36,0.02,0.02,N,O,1995-09-09,1995-08-22,1995-09-24,COLLECT COD,AIR,ual deposits haggle quickly. slyl
13953-2,13953,586,77,2,49.00,72842.42,0.05,0.06,N,O,1995-09-09,1995-08-03,1995-09-10,NONE,TRUCK, regular deposits 
13953-3,13953,1332,47,3,48.00,59199.84,0.03,0.07,N,O,1995-08-11,1995-08-14,1995-09-02,COLLECT COD,REG AIR,ies are furiously. quickly 
13953-4,13953,225,80,4,47.00,52885.34,0.09,0.01,N,O,1995-08-15,1995-07-09,1995-08-28,NONE,TRUCK,final deposits x-ray. deposits are across 
13954-1,13954,1962,7,1,3.00,5591.88,0.05,0.06,N,O,1996-06-17,1996-06-13,1996-07-03,COLLECT COD,REG AIR,se sometimes furiously bold requests.
13954-2,13954,977,46,2,45.00,84508.65,0.08,0.08,N,O,1996-08-30,1996-06-08,1996-09-28,TAKE BACK RETURN,RAIL,ly ironic packages. instru
13954-3,13954,1649,91,3,20.00,31012.80,0.06,0.07,N,O,1996-06-06,1996-06-17,1996-06-25,DELIVER IN PERSON,REG AIR,sleep slyly furiously daring packages. sl
13954-4,13954,1082,53,4,13.00,12780.04,0.06,0.01,N,O,1996-07-03,1996-06-13,1996-07-12,COLLECT COD,RAIL,its are at the furiously final pinto beans:
13955-1,13955,973,42,1,28.00,52471.16,0.00,0.00,N,O,1998-07-18,1998-07-02,1998-08-09,DELIVER IN PERSON,REG AIR,thely carefully final requests. regul
13955-2,13955,776,9,2,8.00,13414.16,0.10,0.00,N,O,1998-05-20,1998-08-05,1998-06-03,DELIVER IN PERSON,FOB,atelets against 
13955-3,13955,1124,25,3,16.00,16401.92,0.06,0.00,N,O,1998-07-31,1998-07-24,1998-08-10,TAKE BACK RETURN,MAIL,according to the
13955-4,13955,925,28,4,42.00,76688.64,0.01,0.08,N,O,1998-08-10,1998-07-14,1998-08-22,COLLECT COD,RAIL,cuses are blithely agains
13956-1,13956,1127,36,1,20.00,20562.40,0.03,0.03,A,F,1995-04-02,1995-04-27,1995-04-03,TAKE BACK RETURN,TRUCK,y-- fluffily even platelet
13956-2,13956,1980,13,2,13.00,24465.74,0.05,0.04,R,F,1995-05-09,1995-05-02,1995-05-13,TAKE BACK RETURN,REG AIR,ording to the blithely regular accounts 
13956-3,13956,539,100,3,4.00,5758.12,0.08,0.00,N,F,1995-06-12,1995-05-03,1995-06-20,COLLECT COD,TRUCK,luffily regular packages are 
13956-4,13956,1657,58,4,38.00,59228.70,0.10,0.07,N,O,1995-07-04,1995-04-17,1995-07-13,TAKE BACK RETURN,TRUCK,ag slowly pending packages. sile
13957-1,13957,1526,47,1,46.00,65665.92,0.05,0.00,N,O,1995-08-13,1995-10-12,1995-08-30,TAKE BACK RETURN,TRUCK,ongside of the carefully unusual request
13957-2,13957,331,60,2,32.00,39402.56,0.07,0.06,N,O,1995-09-09,1995-09-12,1995-10-05,COLLECT COD,MAIL,lithely. blithely dogged foxes d
13957-3,13957,795,28,3,48.00,81397.92,0.09,0.02,N,O,1995-09-19,1995-09-21,1995-09-30,NONE,RAIL,ly above the deposi
13958-1,13958,1097,33,1,7.00,6986.63,0.10,0.00,R,F,1993-03-15,1993-03-08,1993-03-31,TAKE BACK RETURN,MAIL,packages. bold packages use daringl
13958-2,13958,1264,39,2,29.00,33792.54,0.10,0.02,R,F,1993-04-23,1993-03-13,1993-05-04,TAKE BACK RETURN,TRUCK, among the quickly dogged fo
13958-3,13958,110,37,3,16.00,16161.76,0.10,0.01,A,F,1993-04-25,1993-03-31,1993-05-20,DELIVER IN PERSON,TRUCK,the furiously bold pinto bean
13959-1,13959,1241,16,1,44.00,50258.56,0.03,0.04,R,F,1994-05-09,1994-05-25,1994-05-25,DELIVER IN PERSON,SHIP,dencies need to
13959-2,13959,1230,31,2,47.00,53167.81,0.10,0.01,R,F,1994-07-22,1994-05-11,1994-07-30,NONE,FOB,requests wake fluffily
13984-1,13984,924,25,1,39.00,71171.88,0.07,0.00,A,F,1992-11-30,1992-11-08,1992-12-21,TAKE BACK RETURN,AIR,deas sleep blithel
13984-2,13984,1086,57,2,45.00,44418.60,0.07,0.08,R,F,1992-12-03,1992-11-25,1992-12-16,NONE,MAIL,into beans ar
13984-3,13984,1821,8,3,1.00,1722.82,0.00,0.04,A,F,1993-01-22,1992-11-12,1993-02-17,COLLECT COD,REG AIR,unts. quietly even foxes w
13984-4,13984,793,26,4,48.00,81301.92,0.01,0.06,A,F,1992-12-19,1992-12-17,1992-12-22,DELIVER IN PERSON,FOB,he instructions integrate against t
13985-1,13985,355,84,1,7.00,8787.45,0.02,0.08,N,O,1998-10-09,1998-08-24,1998-11-02,NONE,SHIP, use special escapades. express ideas wake
13985-2,13985,366,23,2,7.00,8864.52,0.05,0.08,N,O,1998-08-22,1998-08-26,1998-09-08,NONE,RAIL,"ckages. final, ironic instructions haggle"
13985-3,13985,879,79,3,38.00,67635.06,0.06,0.03,N,O,1998-07-24,1998-07-15,1998-08-03,COLLECT COD,SHIP,nd slyly final dolphins. 
13985-4,13985,1033,34,4,36.00,33625.08,0.09,0.04,N,O,1998-09-09,1998-07-24,1998-09-18,DELIVER IN PERSON,MAIL,"against the express, final foxes. reques"
13985-5,13985,806,7,5,8.00,13654.40,0.04,0.06,N,O,1998-08-17,1998-07-15,1998-08-20,NONE,REG AIR,iously final 
13985-6,13985,1643,85,6,29.00,44794.56,0.01,0.02,N,O,1998-07-02,1998-08-07,1998-07-29,DELIVER IN PERSON,MAIL,heodolites behind the bold packages wake a
13986-1,13986,356,13,1,9.00,11307.15,0.00,0.08,N,O,1995-11-07,1995-11-13,1995-11-20,DELIVER IN PERSON,TRUCK,ts wake furiously 
13986-2,13986,731,28,2,24.00,39161.52,0.03,0.04,N,O,1995-11-07,1996-01-04,1995-11-16,DELIVER IN PERSON,TRUCK, express foxes sleep quickly reque
13986-3,13986,872,39,3,23.00,40776.01,0.10,0.05,N,O,1996-02-09,1996-01-02,1996-03-01,TAKE BACK RETURN,AIR,"odolites. pending, express packages slee"
13986-4,13986,128,81,4,13.00,13365.56,0.07,0.08,N,O,1995-11-16,1996-01-05,1995-11-29,DELIVER IN PERSON,REG AIR, deposits hag
13987-1,13987,475,34,1,25.00,34386.75,0.07,0.03,N,O,1998-07-28,1998-05-17,1998-08-12,TAKE BACK RETURN,RAIL,ructions use
13987-2,13987,326,83,2,20.00,24526.40,0.04,0.05,N,O,1998-07-25,1998-05-17,1998-08-23,DELIVER IN PERSON,AIR, use blithely according to the fluffily 
13987-3,13987,1480,81,3,5.00,6907.40,0.09,0.07,N,O,1998-07-28,1998-07-01,1998-08-22,DELIVER IN PERSON,TRUCK,ickly bold pl
13988-1,13988,289,44,1,40.00,47571.20,0.03,0.08,A,F,1992-08-22,1992-09-15,1992-08-27,NONE,SHIP,s above the bold requests nag slyly s
13988-2,13988,789,54,2,10.00,16897.80,0.07,0.06,A,F,1992-08-29,1992-10-30,1992-09-24,DELIVER IN PERSON,FOB,sts nag slyly final theo
13988-3,13988,1726,27,3,28.00,45576.16,0.01,0.06,A,F,1992-12-01,1992-09-21,1992-12-27,COLLECT COD,AIR,tructions. silent d
13989-1,13989,1731,16,1,14.00,22858.22,0.03,0.01,N,O,1997-07-26,1997-09-18,1997-07-30,NONE,FOB,"express, fi"
13989-2,13989,1492,32,2,49.00,68281.01,0.06,0.05,N,O,1997-09-26,1997-08-27,1997-10-23,DELIVER IN PERSON,RAIL,ccounts na
13989-3,13989,1629,30,3,33.00,50510.46,0.04,0.08,N,O,1997-08-13,1997-08-25,1997-08-20,COLLECT COD,REG AIR,y? carefully final deposits cajole qui
13989-4,13989,1844,88,4,7.00,12220.88,0.02,0.06,N,O,1997-10-11,1997-08-11,1997-11-08,COLLECT COD,MAIL,cording to the ca
13989-5,13989,1066,67,5,37.00,35781.22,0.05,0.02,N,O,1997-11-01,1997-08-18,1997-11-12,DELIVER IN PERSON,SHIP,ithe deposits. fluffily ironic depos
13990-1,13990,970,5,1,11.00,20580.67,0.04,0.01,N,O,1998-05-10,1998-03-10,1998-06-04,TAKE BACK RETURN,AIR,"nic, ironic "
13990-2,13990,399,84,2,13.00,16892.07,0.01,0.01,N,O,1998-05-13,1998-03-16,1998-05-15,TAKE BACK RETURN,FOB," ironic, brave "
13990-3,13990,1709,52,3,12.00,19328.40,0.06,0.02,N,O,1998-03-10,1998-04-18,1998-03-18,TAKE BACK RETURN,REG AIR,ously ironic instructions.
13990-4,13990,373,58,4,5.00,6366.85,0.02,0.05,N,O,1998-03-14,1998-04-09,1998-03-30,TAKE BACK RETURN,RAIL, requests nag furiously. final acc
13990-5,13990,803,37,5,37.00,63040.60,0.05,0.03,N,O,1998-05-30,1998-03-29,1998-06-20,DELIVER IN PERSON,TRUCK,uctions. regular instructions haggle.
13990-6,13990,1981,14,6,11.00,20712.78,0.07,0.03,N,O,1998-05-04,1998-04-05,1998-05-10,NONE,TRUCK,ding dolphins d
13991-1,13991,1858,2,1,17.00,29917.45,0.10,0.01,R,F,1992-06-04,1992-04-12,1992-06-26,NONE,SHIP,ts sleep doggedly regular packages. sly
13991-2,13991,1368,83,2,43.00,54582.48,0.02,0.02,A,F,1992-04-17,1992-04-14,1992-05-12,DELIVER IN PERSON,FOB, closely. quickly final requ
13991-3,13991,1821,22,3,32.00,55130.24,0.03,0.05,A,F,1992-03-21,1992-05-08,1992-04-18,TAKE BACK RETURN,SHIP,- slyly furious deposits above the
13991-4,13991,886,53,4,43.00,76835.84,0.00,0.00,R,F,1992-03-18,1992-06-02,1992-03-21,COLLECT COD,FOB,ss ideas. careful
13991-5,13991,899,100,5,26.00,46797.14,0.02,0.01,A,F,1992-03-28,1992-04-25,1992-04-02,DELIVER IN PERSON,SHIP, ruthless accounts cajole
14016-1,14016,1906,95,1,14.00,25310.60,0.00,0.00,A,F,1992-09-29,1992-08-12,1992-10-11,TAKE BACK RETURN,AIR,gular packages do hinder slyly.
14016-2,14016,1053,24,2,44.00,41978.20,0.08,0.02,A,F,1992-10-31,1992-08-25,1992-11-16,COLLECT COD,RAIL,ies. even patterns boost c
14016-3,14016,211,93,3,41.00,45559.61,0.07,0.01,R,F,1992-07-18,1992-09-21,1992-08-05,COLLECT COD,FOB,lithely pending orbits boost; blithel
14016-4,14016,1313,90,4,48.00,58286.88,0.03,0.06,A,F,1992-08-27,1992-08-14,1992-09-12,NONE,RAIL,lar accounts a
14016-5,14016,1482,61,5,2.00,2766.96,0.02,0.02,R,F,1992-10-31,1992-09-07,1992-11-11,DELIVER IN PERSON,RAIL, wake slyly. bravel
14016-6,14016,1657,99,6,18.00,28055.70,0.10,0.08,R,F,1992-09-09,1992-09-20,1992-09-10,DELIVER IN PERSON,TRUCK,to beans wake quickly fin
14016-7,14016,545,36,7,3.00,4336.62,0.10,0.00,A,F,1992-08-17,1992-09-30,1992-09-16,NONE,AIR,l mold dog
14017-1,14017,205,87,1,10.00,11052.00,0.08,0.05,A,F,1994-07-02,1994-05-13,1994-07-12,NONE,TRUCK,riously unusual dolphins boost bli
14017-2,14017,1405,6,2,22.00,28740.80,0.10,0.03,R,F,1994-05-06,1994-04-17,1994-05-18,NONE,RAIL, haggle slyly a
14017-3,14017,786,19,3,31.00,52290.18,0.05,0.06,R,F,1994-04-21,1994-05-12,1994-05-17,DELIVER IN PERSON,TRUCK,s sleep carefully i
14017-4,14017,1094,95,4,37.00,36818.33,0.06,0.03,R,F,1994-05-12,1994-06-05,1994-05-25,NONE,FOB,blithely; regular pinto beans caj
14017-5,14017,1150,51,5,1.00,1051.15,0.00,0.08,R,F,1994-05-17,1994-05-29,1994-06-14,DELIVER IN PERSON,REG AIR, cajole. regular
14017-6,14017,1196,5,6,14.00,15360.66,0.02,0.06,R,F,1994-06-16,1994-04-29,1994-06-20,TAKE BACK RETURN,FOB," unusual, final dependencies are fluffil"
14018-1,14018,330,87,1,11.00,13533.63,0.00,0.03,R,F,1993-08-05,1993-08-02,1993-08-25,COLLECT COD,AIR,theodolites wake ste
14018-2,14018,1745,72,2,16.00,26347.84,0.06,0.03,A,F,1993-07-28,1993-08-17,1993-08-03,NONE,FOB,believe. pending deposit
14018-3,14018,367,96,3,21.00,26614.56,0.03,0.01,A,F,1993-06-20,1993-07-26,1993-07-18,DELIVER IN PERSON,TRUCK,into beans alongside of the carefully ir
14018-4,14018,465,24,4,27.00,36867.42,0.07,0.04,A,F,1993-06-08,1993-08-13,1993-06-25,COLLECT COD,AIR," across the sly, exp"
14019-1,14019,476,64,1,6.00,8258.82,0.05,0.00,N,O,1997-12-17,1997-10-21,1998-01-12,COLLECT COD,MAIL, regular requests. sl
14019-2,14019,740,5,2,30.00,49222.20,0.01,0.07,N,O,1997-11-23,1997-11-07,1997-12-07,COLLECT COD,RAIL,are. quickly unusual asymptotes
14019-3,14019,399,100,3,47.00,61071.33,0.05,0.04,N,O,1997-11-27,1997-12-05,1997-11-29,NONE,FOB,foxes sleep slyly bold foxes. carefully un
14019-4,14019,997,32,4,19.00,36061.81,0.01,0.03,N,O,1997-10-16,1997-12-01,1997-11-13,DELIVER IN PERSON,AIR,"pades. asymptotes cajole unusual, regular"
14019-5,14019,596,97,5,39.00,58367.01,0.05,0.07,N,O,1997-10-14,1997-11-12,1997-10-30,TAKE BACK RETURN,MAIL,deas are above the thin theodolites. ca
14020-1,14020,1973,6,1,24.00,44999.28,0.00,0.03,N,O,1998-04-02,1998-03-23,1998-04-10,COLLECT COD,TRUCK,en requests. deposits play pending instr
14020-2,14020,1027,33,2,33.00,30624.66,0.06,0.01,N,O,1998-04-16,1998-04-16,1998-04-23,NONE,REG AIR,detect blithely along the furiously bo
14021-1,14021,1998,31,1,4.00,7599.96,0.10,0.00,A,F,1995-04-17,1995-05-13,1995-04-21,DELIVER IN PERSON,FOB,"bold, unusua"
14021-2,14021,1405,23,2,34.00,44417.60,0.02,0.00,A,F,1995-04-08,1995-05-11,1995-04-14,COLLECT COD,RAIL, blithely. even requests among t
14021-3,14021,1519,60,3,20.00,28410.20,0.10,0.02,R,F,1995-03-12,1995-05-03,1995-03-31,DELIVER IN PERSON,REG AIR,"even requests. regular, idle asymptotes acc"
14021-4,14021,369,26,4,40.00,50774.40,0.02,0.00,N,O,1995-06-27,1995-06-05,1995-07-01,TAKE BACK RETURN,REG AIR, permanent ideas. 
14021-5,14021,1965,10,5,27.00,50407.92,0.10,0.05,A,F,1995-04-04,1995-04-17,1995-04-22,TAKE BACK RETURN,TRUCK,sleep furiously pending
14021-6,14021,491,92,6,15.00,20872.35,0.00,0.00,R,F,1995-05-09,1995-04-26,1995-05-18,NONE,RAIL,riously regular foxes acr
14021-7,14021,68,94,7,12.00,11616.72,0.01,0.02,A,F,1995-06-03,1995-05-09,1995-06-09,DELIVER IN PERSON,SHIP," requests. pending, idle deposits haggle re"
14022-1,14022,1108,45,1,4.00,4036.40,0.05,0.00,R,F,1995-05-16,1995-05-03,1995-06-14,TAKE BACK RETURN,AIR,ilent accounts about the blithely ironic
14022-2,14022,699,62,2,41.00,65587.29,0.03,0.06,N,F,1995-06-08,1995-04-01,1995-06-28,TAKE BACK RETURN,REG AIR,e blithely even dep
14023-1,14023,273,1,1,36.00,42237.72,0.06,0.08,R,F,1993-05-15,1993-05-04,1993-05-30,TAKE BACK RETURN,RAIL,"ess, bold deposits. ironic packages will ha"
14023-2,14023,1472,12,2,3.00,4120.41,0.02,0.02,R,F,1993-04-17,1993-05-05,1993-05-07,COLLECT COD,TRUCK,le carefully acr
14023-3,14023,1979,80,3,31.00,58310.07,0.06,0.07,R,F,1993-04-20,1993-04-13,1993-04-30,TAKE BACK RETURN,RAIL,. slyly final de
14023-4,14023,1371,86,4,17.00,21630.29,0.04,0.05,A,F,1993-02-28,1993-04-10,1993-03-22,DELIVER IN PERSON,SHIP, quickly pendin
14048-1,14048,1019,20,1,25.00,23000.25,0.02,0.07,R,F,1993-08-26,1993-06-27,1993-09-13,NONE,SHIP,ake above the ruthless instructions. si
14048-2,14048,385,42,2,7.00,8997.66,0.01,0.08,A,F,1993-08-25,1993-07-27,1993-09-01,COLLECT COD,TRUCK,cial packages according to the final 
14048-3,14048,1784,85,3,30.00,50573.40,0.00,0.00,A,F,1993-06-07,1993-07-29,1993-06-21,COLLECT COD,FOB,s detect slyly bold pinto be
14048-4,14048,850,17,4,37.00,64781.45,0.08,0.06,R,F,1993-07-02,1993-06-24,1993-07-19,COLLECT COD,AIR,fully clos
14048-5,14048,186,39,5,35.00,38016.30,0.02,0.08,A,F,1993-09-09,1993-08-01,1993-10-01,TAKE BACK RETURN,AIR,"cial, regular excuses. blithely speci"
14048-6,14048,678,72,6,2.00,3157.34,0.10,0.01,A,F,1993-06-13,1993-07-29,1993-07-06,TAKE BACK RETURN,RAIL,egular pearls h
14048-7,14048,605,68,7,21.00,31617.60,0.06,0.03,A,F,1993-06-04,1993-07-20,1993-06-20,NONE,SHIP, slyly ironic platelets are. fluffily un
14049-1,14049,314,15,1,39.00,47358.09,0.00,0.02,N,O,1996-05-14,1996-04-27,1996-05-24,DELIVER IN PERSON,MAIL,le silent deposits. furiously fin
14049-2,14049,427,57,2,3.00,3982.26,0.06,0.00,N,O,1996-02-22,1996-03-22,1996-03-15,COLLECT COD,RAIL,oost. furiously final instructions de
14049-3,14049,1925,58,3,10.00,18269.20,0.07,0.07,N,O,1996-05-07,1996-03-31,1996-05-31,TAKE BACK RETURN,AIR,y after the quickly fina
14050-1,14050,1304,5,1,7.00,8437.10,0.01,0.02,N,O,1997-10-27,1997-10-17,1997-11-21,COLLECT COD,FOB,sits: ironic foxes cajole quickly final p
14050-2,14050,1305,82,2,14.00,16888.20,0.08,0.08,N,O,1997-10-19,1997-09-26,1997-10-25,DELIVER IN PERSON,RAIL,tes wake within the deposits-- slyly spec
14050-3,14050,1658,59,3,32.00,49908.80,0.08,0.04,N,O,1997-09-07,1997-10-19,1997-09-28,COLLECT COD,SHIP,ymptotes sleep careful
14050-4,14050,1242,54,4,8.00,9145.92,0.00,0.08,N,O,1997-12-05,1997-11-17,1997-12-14,COLLECT COD,MAIL, along the foxes. 
14050-5,14050,126,79,5,47.00,48227.64,0.07,0.04,N,O,1997-11-09,1997-09-26,1997-11-23,NONE,FOB,uickly regular escapades kindle fin
14050-6,14050,1709,36,6,21.00,33824.70,0.06,0.01,N,O,1997-09-07,1997-10-06,1997-09-29,TAKE BACK RETURN,TRUCK,the furiously ex
14051-1,14051,297,52,1,19.00,22748.51,0.06,0.04,A,F,1993-10-12,1993-11-25,1993-11-10,TAKE BACK RETURN,FOB,g the final accounts. s
14052-1,14052,1408,9,1,17.00,22259.80,0.04,0.08,R,F,1995-04-15,1995-04-17,1995-04-18,NONE,AIR,ideas cajo
14053-1,14053,1568,89,1,4.00,5878.24,0.10,0.08,R,F,1993-03-12,1993-03-22,1993-04-08,NONE,REG AIR,sly express instructions.
14053-2,14053,237,19,2,19.00,21607.37,0.10,0.02,A,F,1993-04-26,1993-04-29,1993-04-30,NONE,REG AIR,egular theodolit
14054-1,14054,1395,72,1,46.00,59633.94,0.06,0.01,N,O,1996-04-10,1996-04-10,1996-04-11,NONE,FOB,ely even ideas above the expr
14054-2,14054,444,45,2,40.00,53777.60,0.09,0.07,N,O,1996-03-12,1996-02-15,1996-03-31,COLLECT COD,MAIL,ully ironic accounts haggle slyly across
14054-3,14054,888,88,3,13.00,23255.44,0.05,0.05,N,O,1996-04-24,1996-04-03,1996-05-22,NONE,REG AIR," the special, regu"
14054-4,14054,1318,95,4,20.00,24386.20,0.06,0.02,N,O,1996-04-12,1996-04-07,1996-04-30,DELIVER IN PERSON,AIR,y regular escapades. slyly unusual pi
14054-5,14054,1208,9,5,17.00,18856.40,0.08,0.02,N,O,1996-01-26,1996-03-07,1996-02-13,DELIVER IN PERSON,RAIL,hily fluffy deposits. speci
14054-6,14054,490,91,6,32.00,44495.68,0.02,0.03,N,O,1996-03-08,1996-02-18,1996-03-19,COLLECT COD,SHIP,nal deposits. furiously even accou
14054-7,14054,1656,98,7,45.00,70094.25,0.10,0.07,N,O,1996-01-25,1996-04-03,1996-02-17,NONE,RAIL,ymptotes. warhorses affix accor
14055-1,14055,1358,97,1,46.00,57930.10,0.05,0.06,A,F,1994-12-08,1994-11-22,1994-12-14,COLLECT COD,RAIL,"es. thin, final accounts det"
14055-2,14055,376,5,2,1.00,1276.37,0.02,0.04,A,F,1994-12-12,1994-11-17,1994-12-17,DELIVER IN PERSON,SHIP,jole furious
14055-3,14055,1269,81,3,26.00,30426.76,0.06,0.07,A,F,1994-09-12,1994-11-19,1994-09-20,COLLECT COD,REG AIR,r theodolites. s
14080-1,14080,796,29,1,38.00,64478.02,0.04,0.01,N,O,1998-08-19,1998-07-11,1998-09-12,DELIVER IN PERSON,MAIL,he pending 
14081-1,14081,710,43,1,45.00,72481.95,0.10,0.06,R,F,1993-10-14,1994-01-04,1993-10-29,TAKE BACK RETURN,REG AIR,s across the excuse
14081-2,14081,1217,92,2,41.00,45846.61,0.08,0.07,A,F,1994-02-02,1993-11-24,1994-02-23,TAKE BACK RETURN,RAIL,ously regular deposits above the reques
14082-1,14082,957,26,1,28.00,52022.60,0.10,0.03,N,O,1998-06-17,1998-06-10,1998-07-09,NONE,FOB,nal dependencies haggle carefu
14083-1,14083,566,27,1,8.00,11732.48,0.00,0.00,A,F,1994-11-12,1994-10-17,1994-12-04,TAKE BACK RETURN,AIR,y final accounts: sl
14084-1,14084,1903,36,1,43.00,77610.70,0.07,0.02,N,O,1995-10-27,1995-10-31,1995-11-07,COLLECT COD,MAIL,ake thinly. regular
14084-2,14084,794,27,2,46.00,77960.34,0.05,0.00,N,O,1995-09-01,1995-09-08,1995-09-14,COLLECT COD,RAIL,l packages. bold plat
14084-3,14084,983,18,3,31.00,58403.38,0.04,0.05,N,O,1995-10-23,1995-10-18,1995-10-29,TAKE BACK RETURN,TRUCK,"p. special, bold"
14084-4,14084,1978,11,4,43.00,80838.71,0.00,0.08,N,O,1995-08-12,1995-10-09,1995-08-18,COLLECT COD,REG AIR,"ly regular, final acco"
14084-5,14084,750,15,5,6.00,9904.50,0.02,0.02,N,O,1995-08-25,1995-10-12,1995-09-18,TAKE BACK RETURN,SHIP,ld ideas. pending pinto beans boost fur
14085-1,14085,1125,34,1,34.00,34888.08,0.09,0.03,R,F,1994-03-04,1994-04-17,1994-03-05,DELIVER IN PERSON,TRUCK,"oost final, bold requests. "
14085-2,14085,868,2,2,7.00,12382.02,0.07,0.01,A,F,1994-03-01,1994-03-11,1994-03-15,COLLECT COD,RAIL,refully ironic pa
14085-3,14085,1416,56,3,34.00,44791.94,0.09,0.03,R,F,1994-05-29,1994-04-03,1994-06-04,DELIVER IN PERSON,SHIP,cross the slyly even courts. sl
14085-4,14085,1189,90,4,50.00,54509.00,0.10,0.02,R,F,1994-05-25,1994-04-11,1994-06-22,TAKE BACK RETURN,MAIL,y. final theodolites nag.
14086-1,14086,1212,13,1,7.00,7792.47,0.10,0.01,R,F,1993-12-26,1993-12-11,1994-01-10,NONE,RAIL,final deposits sleep carefull
14086-2,14086,462,63,2,21.00,28611.66,0.04,0.04,A,F,1993-12-03,1993-12-03,1993-12-20,COLLECT COD,SHIP,regular deposits. ideas haggle with the qu
14086-3,14086,500,88,3,7.00,9803.50,0.04,0.00,A,F,1993-11-27,1994-01-09,1993-12-01,COLLECT COD,MAIL,ckly slyly even requests. carefu
14086-4,14086,1142,15,4,9.00,9388.26,0.09,0.07,R,F,1993-11-18,1993-12-15,1993-11-30,NONE,REG AIR,s theodolites after the 
14087-1,14087,508,39,1,23.00,32395.50,0.00,0.06,N,O,1997-04-18,1997-04-06,1997-04-23,TAKE BACK RETURN,REG AIR,unts cajole q
14087-2,14087,1288,63,2,35.00,41624.80,0.02,0.07,N,O,1997-05-17,1997-03-28,1997-06-04,TAKE BACK RETURN,AIR,refully above the quickly even pl
14087-3,14087,37,13,3,50.00,46851.50,0.08,0.00,N,O,1997-06-02,1997-05-11,1997-06-08,NONE,TRUCK, theodolites hag
14087-4,14087,67,18,4,37.00,35781.22,0.06,0.02,N,O,1997-04-29,1997-03-25,1997-05-04,COLLECT COD,REG AIR,ress foxes wake furiously blithel
14087-5,14087,1854,98,5,30.00,52675.50,0.01,0.02,N,O,1997-05-14,1997-03-16,1997-06-05,NONE,AIR,ts kindle permanently. regular dep
14112-1,14112,511,42,1,15.00,21172.65,0.03,0.01,R,F,1994-09-13,1994-10-14,1994-09-20,NONE,REG AIR, wake carefully careful theodolites. p
14113-1,14113,1649,50,1,4.00,6202.56,0.02,0.03,N,O,1995-09-09,1995-10-21,1995-09-17,TAKE BACK RETURN,RAIL, haggle blithe
14113-2,14113,63,14,2,21.00,20224.26,0.00,0.03,N,O,1995-10-28,1995-10-19,1995-11-10,COLLECT COD,TRUCK,"ter the final, unusual deposits. "
14114-1,14114,1286,87,1,31.00,36805.68,0.09,0.05,A,F,1994-05-19,1994-05-22,1994-06-17,NONE,AIR,. blithely final packages
14114-2,14114,1430,48,2,35.00,46600.05,0.01,0.06,R,F,1994-06-02,1994-06-04,1994-06-24,TAKE BACK RETURN,AIR,"egular, special"
14114-3,14114,484,85,3,17.00,23536.16,0.05,0.04,R,F,1994-05-27,1994-05-19,1994-06-14,DELIVER IN PERSON,RAIL,quickly regular packages use
14114-4,14114,11,62,4,15.00,13665.15,0.03,0.03,R,F,1994-05-13,1994-05-21,1994-05-24,DELIVER IN PERSON,MAIL,yly special deposi
14114-5,14114,588,19,5,9.00,13397.22,0.08,0.02,A,F,1994-07-26,1994-05-21,1994-08-17,TAKE BACK RETURN,REG AIR,eas boost carefully accounts. 
14114-6,14114,107,34,6,40.00,40284.00,0.09,0.03,A,F,1994-05-12,1994-06-12,1994-06-02,TAKE BACK RETURN,MAIL,"se slyly regular, silent ins"
14115-1,14115,71,72,1,31.00,30103.17,0.08,0.06,A,F,1994-09-05,1994-10-07,1994-09-24,TAKE BACK RETURN,RAIL," even, bold theodolites l"
14115-2,14115,404,5,2,30.00,39132.00,0.00,0.00,A,F,1994-11-05,1994-11-03,1994-11-27,NONE,FOB,tructions wake furious
14116-1,14116,240,41,1,9.00,10262.16,0.04,0.01,N,O,1995-10-12,1995-12-15,1995-10-22,DELIVER IN PERSON,RAIL,ehind the ca
14116-2,14116,293,21,2,7.00,8353.03,0.04,0.06,N,O,1995-11-09,1995-12-01,1995-12-01,TAKE BACK RETURN,AIR,slyly bold ideas could use care
14116-3,14116,988,91,3,30.00,56669.40,0.05,0.06,N,O,1995-12-17,1995-11-21,1995-12-28,DELIVER IN PERSON,MAIL, furiously among the carefully reg
14116-4,14116,1099,5,4,36.00,36003.24,0.00,0.07,N,O,1995-12-25,1995-12-21,1996-01-19,DELIVER IN PERSON,REG AIR,ully. final gifts impress slyly? blithe
14116-5,14116,1030,1,5,39.00,36310.17,0.09,0.03,N,O,1995-12-27,1995-12-07,1996-01-10,TAKE BACK RETURN,RAIL,usual accounts. pe
14116-6,14116,106,33,6,41.00,41250.10,0.00,0.07,N,O,1995-12-06,1995-11-29,1995-12-16,DELIVER IN PERSON,RAIL,st the slyly fin
14117-1,14117,1639,40,1,23.00,35434.49,0.03,0.06,A,F,1993-10-14,1993-10-31,1993-10-25,DELIVER IN PERSON,AIR,of the furiously pendi
14117-2,14117,177,30,2,43.00,46318.31,0.09,0.04,R,F,1993-12-03,1993-10-29,1994-01-01,NONE,SHIP,", final sentiments. fu"
14117-3,14117,106,59,3,47.00,47286.70,0.03,0.02,R,F,1993-11-04,1993-10-12,1993-11-05,COLLECT COD,FOB,ithely silent ideas wake above the rut
14117-4,14117,1365,66,4,48.00,60785.28,0.06,0.07,A,F,1993-10-09,1993-11-07,1993-10-26,TAKE BACK RETURN,MAIL,l dependenci
14117-5,14117,1196,97,5,32.00,35110.08,0.04,0.04,A,F,1993-10-29,1993-09-27,1993-11-09,DELIVER IN PERSON,RAIL, detect blithely regular ideas. furi
14117-6,14117,1899,100,6,5.00,9004.45,0.05,0.05,A,F,1993-09-08,1993-10-08,1993-09-28,NONE,FOB,refully special requests are b
14117-7,14117,1414,15,7,39.00,51300.99,0.05,0.02,R,F,1993-11-02,1993-10-22,1993-11-07,NONE,MAIL,nag blithely along the furiously b
14118-1,14118,323,52,1,37.00,45262.84,0.10,0.01,A,F,1993-07-02,1993-08-16,1993-07-25,DELIVER IN PERSON,SHIP,ly pending foxes boost
14119-1,14119,1188,97,1,42.00,45745.56,0.04,0.01,A,F,1993-07-15,1993-07-28,1993-08-11,NONE,RAIL,ular deposits. furiously silent deposits in
14119-2,14119,763,96,2,30.00,49912.80,0.06,0.00,A,F,1993-07-12,1993-07-26,1993-07-19,TAKE BACK RETURN,FOB,ress excuses: accounts use slyl
14119-3,14119,842,43,3,6.00,10457.04,0.01,0.04,R,F,1993-07-21,1993-07-27,1993-07-23,TAKE BACK RETURN,AIR,"ar, bold f"
14119-4,14119,1418,97,4,26.00,34304.66,0.03,0.02,A,F,1993-08-01,1993-07-16,1993-08-16,NONE,MAIL,accounts affix furiously. fluffily sil
14119-5,14119,1209,21,5,10.00,11102.00,0.05,0.05,A,F,1993-08-12,1993-08-06,1993-09-08,TAKE BACK RETURN,FOB, according to the furiously express d
14119-6,14119,209,91,6,48.00,53241.60,0.02,0.08,A,F,1993-07-31,1993-07-13,1993-08-21,COLLECT COD,MAIL,ake after the
14144-1,14144,827,28,1,29.00,50106.78,0.03,0.05,N,O,1997-08-18,1997-06-28,1997-08-21,DELIVER IN PERSON,SHIP,ccounts are blithely accordi
14144-2,14144,1842,43,2,48.00,83704.32,0.04,0.06,N,O,1997-07-13,1997-07-06,1997-07-19,DELIVER IN PERSON,SHIP,nusual ideas. final deposits boost t
14144-3,14144,1314,53,3,31.00,37674.61,0.05,0.06,N,O,1997-07-25,1997-07-12,1997-08-16,TAKE BACK RETURN,AIR," platelets. final, ironic request"
14144-4,14144,793,58,4,22.00,37263.38,0.07,0.05,N,O,1997-08-20,1997-07-16,1997-09-11,DELIVER IN PERSON,REG AIR,es sleep along the
14144-5,14144,1929,62,5,8.00,14647.36,0.05,0.01,N,O,1997-05-29,1997-07-22,1997-06-22,NONE,MAIL,. carefully eve
14144-6,14144,843,10,6,46.00,80216.64,0.00,0.04,N,O,1997-05-24,1997-07-18,1997-05-27,NONE,SHIP,ages cajole.
14145-1,14145,1388,27,1,45.00,58022.10,0.02,0.05,N,O,1997-06-13,1997-06-19,1997-06-20,DELIVER IN PERSON,TRUCK,ously furiously even deposits. c
14145-2,14145,156,57,2,43.00,45414.45,0.02,0.06,N,O,1997-04-25,1997-06-09,1997-04-28,NONE,MAIL,ies are carefully across th
14145-3,14145,1037,43,3,6.00,5628.18,0.02,0.08,N,O,1997-06-27,1997-07-07,1997-07-11,COLLECT COD,FOB,tructions cajole 
14145-4,14145,795,28,4,40.00,67831.60,0.08,0.05,N,O,1997-07-26,1997-07-09,1997-08-22,COLLECT COD,MAIL,nd the pinto beans. packag
14145-5,14145,1464,4,5,27.00,36867.42,0.10,0.00,N,O,1997-05-06,1997-06-30,1997-05-12,TAKE BACK RETURN,RAIL,about the furiously sly fo
14145-6,14145,1308,47,6,48.00,58046.40,0.00,0.02,N,O,1997-05-10,1997-07-09,1997-06-01,NONE,RAIL,"ructions. pending,"
14146-1,14146,1725,52,1,25.00,40668.00,0.08,0.06,N,O,1996-01-25,1996-03-17,1996-02-05,TAKE BACK RETURN,FOB,ions x-ray busily slyly final
14146-2,14146,1271,72,2,14.00,16411.78,0.01,0.03,N,O,1996-04-20,1996-03-31,1996-05-13,NONE,SHIP,ns impress quickl
14146-3,14146,1989,90,3,20.00,37819.60,0.08,0.01,N,O,1996-01-14,1996-02-15,1996-01-29,TAKE BACK RETURN,REG AIR,ctions. carefully bold pinto beans sublat
14146-4,14146,1600,21,4,8.00,12012.80,0.03,0.05,N,O,1996-03-04,1996-02-04,1996-03-05,TAKE BACK RETURN,REG AIR, enticingl
14146-5,14146,152,31,5,4.00,4208.60,0.02,0.08,N,O,1996-04-11,1996-03-04,1996-04-19,NONE,TRUCK,ts was about the
14147-1,14147,430,18,1,4.00,5321.72,0.08,0.01,A,F,1993-05-20,1993-05-15,1993-05-27,TAKE BACK RETURN,SHIP,tructions across t
14147-2,14147,1607,31,2,12.00,18103.20,0.05,0.01,A,F,1993-07-01,1993-04-30,1993-07-29,COLLECT COD,SHIP,phins. slyly express requests wake
14147-3,14147,1934,67,3,38.00,69765.34,0.05,0.03,R,F,1993-06-30,1993-05-09,1993-07-30,COLLECT COD,AIR,heodolites. furiously special 
14147-4,14147,1672,73,4,47.00,73962.49,0.07,0.06,R,F,1993-07-02,1993-05-24,1993-07-21,DELIVER IN PERSON,FOB,ully regular d
14147-5,14147,868,35,5,31.00,54834.66,0.07,0.08,R,F,1993-03-26,1993-05-27,1993-04-16,TAKE BACK RETURN,FOB,ar packages try to nod blithe
14147-6,14147,1436,37,6,17.00,22736.31,0.06,0.05,R,F,1993-07-07,1993-06-06,1993-07-28,DELIVER IN PERSON,MAIL,hely even dependencies acro
14147-7,14147,1799,42,7,12.00,20409.48,0.00,0.03,A,F,1993-06-03,1993-05-15,1993-06-25,TAKE BACK RETURN,SHIP,lly close dependencies. evenly ironic
14148-1,14148,1084,20,1,12.00,11820.96,0.02,0.08,N,O,1998-07-29,1998-06-26,1998-08-09,COLLECT COD,FOB,old platelets. 
14148-2,14148,1547,28,2,50.00,72427.00,0.07,0.00,N,O,1998-05-25,1998-06-10,1998-06-07,COLLECT COD,FOB,counts boost carefully. the
14148-3,14148,848,48,3,14.00,24483.76,0.02,0.07,N,O,1998-08-10,1998-05-30,1998-08-17,DELIVER IN PERSON,FOB," regular, special packages bre"
14148-4,14148,397,26,4,21.00,27245.19,0.10,0.03,N,O,1998-05-27,1998-06-24,1998-06-03,NONE,MAIL,al dependencies. silent instructions ca
14149-1,14149,569,60,1,5.00,7347.80,0.04,0.08,N,O,1998-02-17,1998-03-23,1998-03-03,DELIVER IN PERSON,RAIL,ns. deposits cajole slyly carefu
14149-2,14149,1096,97,2,4.00,3988.36,0.01,0.08,N,O,1998-05-09,1998-03-18,1998-05-21,NONE,AIR,ges sleep fluffily a
14149-3,14149,1394,71,3,15.00,19430.85,0.00,0.04,N,O,1998-05-06,1998-03-05,1998-05-24,TAKE BACK RETURN,REG AIR,r instructions. carefully final deposit
14149-4,14149,1485,3,4,10.00,13864.80,0.05,0.08,N,O,1998-05-04,1998-03-28,1998-05-22,DELIVER IN PERSON,SHIP,"ding to the even, fi"
14149-5,14149,441,100,5,12.00,16097.28,0.02,0.02,N,O,1998-02-03,1998-04-12,1998-02-22,COLLECT COD,SHIP," slow, blithe pa"
14149-6,14149,986,55,6,24.00,45287.52,0.06,0.08,N,O,1998-03-25,1998-03-16,1998-04-12,NONE,RAIL,p along the furio
14149-7,14149,1528,49,7,35.00,50033.20,0.08,0.06,N,O,1998-03-27,1998-03-19,1998-04-18,NONE,FOB,l instructio
14150-1,14150,1031,67,1,3.00,2796.09,0.09,0.03,A,F,1994-03-07,1994-04-27,1994-03-29,TAKE BACK RETURN,AIR, pinto bea
14150-2,14150,790,87,2,38.00,64250.02,0.02,0.07,R,F,1994-02-12,1994-05-09,1994-03-03,DELIVER IN PERSON,MAIL,c accounts use along the slyly sp
14150-3,14150,1959,60,3,33.00,61411.35,0.01,0.04,A,F,1994-02-17,1994-04-16,1994-03-05,TAKE BACK RETURN,SHIP,xpress pinto be
14150-4,14150,1768,95,4,37.00,61781.12,0.02,0.04,R,F,1994-03-20,1994-04-09,1994-04-01,COLLECT COD,FOB,dolites are above the exp
14151-1,14151,750,47,1,37.00,61077.75,0.10,0.04,N,O,1997-08-19,1997-08-07,1997-08-25,TAKE BACK RETURN,RAIL,tween the sly instructions kindle c
14151-2,14151,21,22,2,36.00,33156.72,0.01,0.04,N,O,1997-09-30,1997-08-26,1997-10-03,TAKE BACK RETURN,TRUCK,furiously 
14151-3,14151,1686,69,3,39.00,61919.52,0.01,0.01,N,O,1997-09-30,1997-07-23,1997-10-29,TAKE BACK RETURN,FOB,requests sleep. ironi
14151-4,14151,350,79,4,9.00,11253.15,0.09,0.00,N,O,1997-09-12,1997-07-21,1997-09-20,NONE,FOB,ess requests haggle slyly alongside
14151-5,14151,1677,78,5,32.00,50517.44,0.08,0.04,N,O,1997-08-03,1997-08-18,1997-08-30,COLLECT COD,MAIL,fix. final instructions
14151-6,14151,1735,78,6,40.00,65469.20,0.09,0.00,N,O,1997-07-03,1997-08-22,1997-07-12,COLLECT COD,SHIP,kly ironic theodolites. slyly fina
14151-7,14151,66,67,7,16.00,15456.96,0.00,0.01,N,O,1997-10-04,1997-09-01,1997-10-20,TAKE BACK RETURN,MAIL,ess accounts. blithe
14176-1,14176,75,26,1,22.00,21451.54,0.04,0.06,R,F,1994-06-14,1994-04-12,1994-06-20,DELIVER IN PERSON,TRUCK,ges cajole blithely quickly special de
14176-2,14176,678,72,2,33.00,52096.11,0.09,0.07,A,F,1994-06-28,1994-05-04,1994-07-20,COLLECT COD,SHIP,ng the quickly unu
14176-3,14176,722,87,3,24.00,38945.28,0.00,0.02,A,F,1994-05-15,1994-05-10,1994-05-29,TAKE BACK RETURN,AIR,elets haggle furiously even ac
14176-4,14176,445,4,4,20.00,26908.80,0.01,0.08,A,F,1994-06-11,1994-05-05,1994-06-23,COLLECT COD,SHIP,nic packages sl
14177-1,14177,490,49,1,23.00,31981.27,0.03,0.07,R,F,1992-04-09,1992-06-03,1992-04-17,NONE,SHIP,sts use carefully. regular deposit
14177-2,14177,1309,10,2,16.00,19364.80,0.04,0.07,A,F,1992-04-29,1992-07-01,1992-05-29,TAKE BACK RETURN,TRUCK,. blithely special 
14177-3,14177,1867,68,3,34.00,60141.24,0.02,0.01,A,F,1992-07-10,1992-06-24,1992-08-04,NONE,SHIP,requests sle
14178-1,14178,1312,27,1,9.00,10919.79,0.02,0.05,R,F,1995-04-10,1995-03-21,1995-04-21,NONE,RAIL,ously regular ac
14179-1,14179,1765,8,1,41.00,68337.16,0.02,0.07,N,O,1997-11-29,1997-11-07,1997-11-30,DELIVER IN PERSON,SHIP,to beans wake carefully deposits. pack
14179-2,14179,968,37,2,30.00,56068.80,0.00,0.08,N,O,1997-11-19,1997-12-02,1997-11-20,NONE,TRUCK,ly furiously pending f
14179-3,14179,853,53,3,43.00,75415.55,0.00,0.05,N,O,1997-09-23,1997-10-10,1997-10-15,TAKE BACK RETURN,REG AIR, regular deposits sleep carefully sp
14179-4,14179,797,62,4,40.00,67911.60,0.01,0.05,N,O,1997-11-15,1997-10-20,1997-12-15,NONE,RAIL,ly? fluffily bra
14179-5,14179,1091,97,5,46.00,45636.14,0.00,0.03,N,O,1997-10-15,1997-10-13,1997-10-29,TAKE BACK RETURN,TRUCK, carefully abo
14179-6,14179,255,56,6,46.00,53141.50,0.00,0.04,N,O,1997-10-04,1997-10-08,1997-10-25,DELIVER IN PERSON,TRUCK, the bold instructions ha
14180-1,14180,567,98,1,24.00,35221.44,0.00,0.05,N,O,1997-09-08,1997-07-19,1997-09-23,NONE,TRUCK,ly. furiously regular accounts ea
14180-2,14180,1616,99,2,46.00,69810.06,0.09,0.01,N,O,1997-07-07,1997-06-28,1997-07-26,COLLECT COD,AIR,es. regular request
14180-3,14180,856,23,3,32.00,56219.20,0.08,0.02,N,O,1997-06-13,1997-07-28,1997-07-10,TAKE BACK RETURN,AIR,. slyly unusual
14180-4,14180,340,69,4,21.00,26047.14,0.00,0.00,N,O,1997-08-03,1997-06-27,1997-09-01,NONE,MAIL, the carefully unusual pinto beans are w
14180-5,14180,967,36,5,4.00,7471.84,0.05,0.04,N,O,1997-07-09,1997-08-20,1997-08-02,NONE,FOB,c asymptotes. furiously ironic packages
14181-1,14181,896,30,1,18.00,32344.02,0.06,0.03,N,O,1998-06-13,1998-03-15,1998-06-21,DELIVER IN PERSON,RAIL,deposits wake furiously.
14181-2,14181,839,6,2,26.00,45235.58,0.07,0.08,N,O,1998-03-14,1998-03-15,1998-03-29,NONE,MAIL,r the instructions can nag alongside of th
14181-3,14181,23,99,3,34.00,31382.68,0.05,0.08,N,O,1998-03-20,1998-03-21,1998-04-19,DELIVER IN PERSON,RAIL,ial requests. foxes nod against 
14181-4,14181,513,44,4,18.00,25443.18,0.00,0.07,N,O,1998-03-06,1998-03-22,1998-03-07,DELIVER IN PERSON,REG AIR,bout the blithely even hock
14181-5,14181,77,28,5,3.00,2931.21,0.00,0.01,N,O,1998-05-04,1998-04-08,1998-05-20,DELIVER IN PERSON,AIR," packages except the regular, "
14181-6,14181,465,95,6,37.00,50522.02,0.06,0.08,N,O,1998-05-19,1998-03-16,1998-06-08,DELIVER IN PERSON,MAIL,ke dependencies. regular requests cajole 
14181-7,14181,450,51,7,29.00,39163.05,0.07,0.00,N,O,1998-04-01,1998-05-11,1998-04-12,NONE,MAIL,lose enticingly. car
14182-1,14182,1867,11,1,37.00,65447.82,0.09,0.05,A,F,1994-09-05,1994-07-30,1994-09-23,COLLECT COD,SHIP,"fully about the express, s"
14182-2,14182,1185,94,2,5.00,5430.90,0.02,0.08,R,F,1994-10-21,1994-09-12,1994-10-26,TAKE BACK RETURN,TRUCK,y above the accounts. grouches play fluffil
14183-1,14183,1846,47,1,4.00,6991.36,0.09,0.01,N,O,1997-05-02,1997-05-18,1997-05-10,COLLECT COD,TRUCK, regular theodolites detect carefull
14183-2,14183,1734,77,2,50.00,81786.50,0.04,0.01,N,O,1997-03-18,1997-06-03,1997-03-21,COLLECT COD,FOB,blithely furiously p
14208-1,14208,984,19,1,33.00,62204.34,0.04,0.08,N,O,1995-08-26,1995-07-23,1995-09-10,DELIVER IN PERSON,MAIL,rmanent somas after the blithely reg
14208-2,14208,270,71,2,27.00,31597.29,0.06,0.04,N,O,1995-07-14,1995-06-06,1995-07-28,COLLECT COD,FOB,to the caref
14208-3,14208,1023,94,3,28.00,25872.56,0.04,0.04,N,O,1995-06-29,1995-06-17,1995-07-17,DELIVER IN PERSON,FOB,ites cajole blithely across the packages. 
14209-1,14209,1909,54,1,26.00,47083.40,0.06,0.03,N,O,1996-12-16,1997-01-30,1996-12-30,TAKE BACK RETURN,RAIL,ns. asymptotes alongside
14209-2,14209,637,38,2,7.00,10763.41,0.09,0.04,N,O,1996-11-23,1996-12-24,1996-12-21,COLLECT COD,REG AIR,onic foxes among the fluffily bold theodo
14209-3,14209,590,91,3,35.00,52170.65,0.07,0.04,N,O,1997-01-22,1997-01-08,1997-02-19,NONE,MAIL,hely even accounts. furiously iro
14209-4,14209,683,84,4,7.00,11085.76,0.06,0.07,N,O,1997-01-29,1997-01-11,1997-02-16,DELIVER IN PERSON,RAIL,er the furiously unusual 
14209-5,14209,1295,33,5,17.00,20336.93,0.04,0.03,N,O,1996-12-23,1996-12-16,1996-12-29,DELIVER IN PERSON,RAIL,ing requests. regular accounts haggle fur
14210-1,14210,609,72,1,15.00,22644.00,0.00,0.04,A,F,1992-09-13,1992-08-17,1992-10-12,COLLECT COD,MAIL,the carefu
14211-1,14211,472,60,1,11.00,15097.17,0.00,0.08,R,F,1994-02-28,1994-04-21,1994-03-05,TAKE BACK RETURN,REG AIR,c accounts cajole according to the blithely
14211-2,14211,1126,27,2,14.00,14379.68,0.00,0.01,R,F,1994-03-07,1994-04-17,1994-03-13,NONE,SHIP, across the blithely ironic accounts caj
14211-3,14211,747,80,3,29.00,47784.46,0.08,0.02,A,F,1994-03-14,1994-05-08,1994-04-01,DELIVER IN PERSON,REG AIR,ly regular packages abo
14211-4,14211,722,23,4,35.00,56795.20,0.06,0.04,R,F,1994-05-01,1994-03-15,1994-05-09,COLLECT COD,MAIL,s. slyly ironic ideas cajole fluffily furio
14211-5,14211,1922,11,5,3.00,5471.76,0.05,0.03,A,F,1994-03-26,1994-05-07,1994-04-03,DELIVER IN PERSON,AIR, express requests cajole sly
14211-6,14211,1375,14,6,41.00,52331.17,0.00,0.01,R,F,1994-05-28,1994-04-16,1994-05-31,NONE,REG AIR, the slyly bold packa
14212-1,14212,1746,73,1,44.00,72500.56,0.08,0.01,A,F,1992-04-24,1992-04-18,1992-05-19,COLLECT COD,MAIL, detect enticingly 
14212-2,14212,760,61,2,45.00,74734.20,0.04,0.07,R,F,1992-03-07,1992-04-28,1992-04-06,COLLECT COD,RAIL,ffily even packages after the a
14212-3,14212,1687,70,3,20.00,31773.60,0.09,0.03,R,F,1992-02-28,1992-04-14,1992-03-13,COLLECT COD,TRUCK,uriously special depo
14212-4,14212,656,19,4,15.00,23349.75,0.09,0.06,R,F,1992-04-11,1992-03-26,1992-04-20,DELIVER IN PERSON,AIR,furiously unusual i
14213-1,14213,189,42,1,45.00,49013.10,0.01,0.05,R,F,1994-01-05,1994-03-18,1994-01-24,TAKE BACK RETURN,TRUCK,ages are for the notornis! sl
14214-1,14214,1995,28,1,26.00,49321.74,0.00,0.05,N,O,1997-09-17,1997-10-12,1997-10-15,TAKE BACK RETURN,MAIL,ithely regular deposits sublate slyly
14214-2,14214,1076,82,2,3.00,2931.21,0.09,0.06,N,O,1997-12-08,1997-09-23,1998-01-03,TAKE BACK RETURN,SHIP,st the final epitaphs. ironic foxes caj
14214-3,14214,1227,65,3,29.00,32718.38,0.07,0.06,N,O,1997-11-23,1997-10-10,1997-12-06,NONE,TRUCK,s boost daringly about the special 
14214-4,14214,1295,70,4,36.00,43066.44,0.09,0.07,N,O,1997-09-24,1997-09-20,1997-10-23,TAKE BACK RETURN,TRUCK,pecial excuses wake
14215-1,14215,1833,77,1,4.00,6939.32,0.07,0.05,A,F,1992-09-10,1992-09-26,1992-10-09,DELIVER IN PERSON,SHIP,e across the carefu
14215-2,14215,1249,24,2,11.00,12652.64,0.04,0.08,R,F,1992-08-09,1992-10-02,1992-08-22,TAKE BACK RETURN,TRUCK,c accounts boos
14215-3,14215,35,11,3,35.00,32726.05,0.09,0.03,R,F,1992-07-18,1992-08-16,1992-08-08,NONE,RAIL,quiet asymptotes are slyly a
14240-1,14240,1113,86,1,47.00,47663.17,0.06,0.00,R,F,1992-06-06,1992-04-08,1992-07-04,COLLECT COD,AIR,e carefully. slyly final ideas shal
14240-2,14240,1115,24,2,26.00,26418.86,0.00,0.02,R,F,1992-05-08,1992-04-19,1992-06-05,TAKE BACK RETURN,REG AIR,epths cajole fluffily. fluffily final depo
14240-3,14240,1371,10,3,14.00,17813.18,0.06,0.02,A,F,1992-05-24,1992-04-04,1992-06-07,DELIVER IN PERSON,TRUCK,ally ironic foxes boost slyly; ironic pla
14240-4,14240,1332,71,4,35.00,43166.55,0.03,0.02,A,F,1992-05-08,1992-05-15,1992-06-07,COLLECT COD,FOB,r deposits. furiously pending instructions
14240-5,14240,1121,94,5,9.00,9199.08,0.05,0.01,A,F,1992-06-04,1992-03-21,1992-06-11,TAKE BACK RETURN,MAIL,hely even 
14240-6,14240,865,32,6,14.00,24722.04,0.09,0.04,R,F,1992-04-29,1992-04-21,1992-05-03,COLLECT COD,RAIL,slyly bold forges ar
14240-7,14240,1879,66,7,26.00,46302.62,0.00,0.00,R,F,1992-05-10,1992-04-15,1992-05-23,DELIVER IN PERSON,FOB, regular dolphins cajole ne
14241-1,14241,1564,85,1,44.00,64484.64,0.05,0.08,A,F,1992-10-03,1992-09-12,1992-10-04,COLLECT COD,SHIP, wake furiously around
14241-2,14241,878,45,2,47.00,83606.89,0.00,0.04,A,F,1992-09-04,1992-09-02,1992-09-22,DELIVER IN PERSON,RAIL,hely. carefully final foxes sleep qui
14242-1,14242,445,4,1,17.00,22872.48,0.03,0.04,N,F,1995-06-17,1995-06-09,1995-06-25,DELIVER IN PERSON,AIR,al ideas sleep idly quickly final pint
14242-2,14242,576,67,2,7.00,10335.99,0.04,0.05,R,F,1995-05-13,1995-07-04,1995-05-18,DELIVER IN PERSON,FOB, deposits along the busy ide
14242-3,14242,884,84,3,10.00,17848.80,0.02,0.07,N,O,1995-08-21,1995-07-29,1995-09-15,DELIVER IN PERSON,RAIL,forges against the special reque
14242-4,14242,1742,85,4,34.00,55887.16,0.08,0.08,N,O,1995-08-22,1995-07-23,1995-09-12,DELIVER IN PERSON,MAIL, pinto beans 
14242-5,14242,1372,11,5,6.00,7640.22,0.09,0.08,N,O,1995-07-13,1995-06-29,1995-07-17,NONE,SHIP,y unusual deposits. requests promise qu
14243-1,14243,1878,65,1,33.00,58735.71,0.04,0.05,N,O,1997-03-24,1997-05-04,1997-03-30,TAKE BACK RETURN,REG AIR,are quickly ironic deposits. carefull
14243-2,14243,1674,98,2,3.00,4727.01,0.09,0.06,N,O,1997-02-28,1997-05-12,1997-03-14,COLLECT COD,RAIL, blithely carefully ironic depos
14244-1,14244,773,38,1,14.00,23432.78,0.00,0.02,N,O,1998-03-25,1998-04-23,1998-03-27,NONE,MAIL,"tructions might haggle. even, ir"
14244-2,14244,59,85,2,3.00,2877.15,0.08,0.08,N,O,1998-05-19,1998-05-29,1998-06-06,COLLECT COD,RAIL,t haggle evenly. slyly even multipl
14244-3,14244,1064,70,3,27.00,26056.62,0.01,0.02,N,O,1998-05-19,1998-04-05,1998-06-04,COLLECT COD,FOB,ct about the slyly pending notornis
14245-1,14245,1419,37,1,3.00,3961.23,0.00,0.02,A,F,1993-03-11,1993-04-14,1993-04-03,DELIVER IN PERSON,FOB,courts wake slyly pend
14245-2,14245,415,3,2,35.00,46039.35,0.09,0.07,R,F,1993-03-06,1993-04-13,1993-04-03,NONE,RAIL,ng packages wake. theo
14245-3,14245,1345,46,3,21.00,26173.14,0.06,0.01,A,F,1993-04-15,1993-04-11,1993-04-16,COLLECT COD,RAIL,requests serve quickly. unusual pinto 
14246-1,14246,625,26,1,34.00,51871.08,0.03,0.07,N,O,1997-12-30,1998-01-02,1998-01-25,DELIVER IN PERSON,AIR, sentiments nag sl
14246-2,14246,407,95,2,20.00,26148.00,0.00,0.04,N,O,1998-01-07,1997-12-23,1998-01-26,COLLECT COD,AIR, theodolites. pinto 
14246-3,14246,57,8,3,37.00,35410.85,0.09,0.00,N,O,1997-11-16,1997-11-15,1997-12-14,NONE,REG AIR,usly bold ideas use carefully c
14246-4,14246,1043,49,4,19.00,17936.76,0.08,0.04,N,O,1997-12-01,1997-11-21,1997-12-31,COLLECT COD,MAIL, to impress blithely furiously
14246-5,14246,477,7,5,2.00,2754.94,0.01,0.05,N,O,1997-10-21,1997-11-12,1997-10-23,COLLECT COD,FOB,final ideas wake. evenly sp
14247-1,14247,1571,72,1,19.00,27978.83,0.00,0.03,N,O,1995-11-24,1995-11-13,1995-12-19,COLLECT COD,TRUCK, beans. steal
14247-2,14247,1037,73,2,21.00,19698.63,0.06,0.00,N,O,1995-09-27,1995-10-13,1995-10-14,DELIVER IN PERSON,MAIL,longside of the dependencies wak
14247-3,14247,1348,49,3,21.00,26236.14,0.04,0.01,N,O,1995-11-06,1995-09-17,1995-11-21,COLLECT COD,MAIL,- slyly final dolphins may are. express acc
14247-4,14247,802,36,4,33.00,56192.40,0.02,0.00,N,O,1995-08-18,1995-09-28,1995-09-02,DELIVER IN PERSON,TRUCK, packages 
14247-5,14247,669,63,5,38.00,59647.08,0.02,0.00,N,O,1995-12-12,1995-11-14,1995-12-19,TAKE BACK RETURN,SHIP, close packag
14247-6,14247,440,41,6,6.00,8042.64,0.03,0.00,N,O,1995-11-24,1995-10-29,1995-12-05,DELIVER IN PERSON,RAIL,the requests! pending excuses bo
14247-7,14247,975,76,7,13.00,24387.61,0.02,0.06,N,O,1995-12-06,1995-11-11,1996-01-02,DELIVER IN PERSON,MAIL,hely express excuses use 
14272-1,14272,614,77,1,28.00,42409.08,0.08,0.08,A,F,1992-03-02,1992-04-21,1992-03-20,TAKE BACK RETURN,TRUCK,bold somas a
14272-2,14272,1216,54,2,11.00,12289.31,0.09,0.07,A,F,1992-05-22,1992-05-08,1992-06-06,COLLECT COD,FOB,ding dependencies are. quic
14272-3,14272,670,71,3,30.00,47120.10,0.09,0.02,R,F,1992-02-17,1992-04-01,1992-03-04,TAKE BACK RETURN,AIR,iously special requests wak
14273-1,14273,594,55,1,21.00,31386.39,0.00,0.03,N,O,1996-03-26,1996-05-28,1996-04-12,NONE,RAIL,er the furiously regular theodolite
14273-2,14273,1507,88,2,39.00,54931.50,0.00,0.06,N,O,1996-06-01,1996-06-03,1996-06-16,DELIVER IN PERSON,RAIL,al requests sleep. slyly regular
14274-1,14274,1140,41,1,44.00,45810.16,0.03,0.00,A,F,1994-05-05,1994-03-12,1994-06-03,NONE,TRUCK,c platelets wake blithely express depen
14274-2,14274,1501,42,2,34.00,47685.00,0.09,0.04,R,F,1994-04-12,1994-03-22,1994-04-30,TAKE BACK RETURN,TRUCK,"ording to the final, unusu"
14274-3,14274,1134,71,3,13.00,13456.69,0.03,0.03,R,F,1994-02-06,1994-04-04,1994-02-15,COLLECT COD,RAIL,silent deposits about the fin
14274-4,14274,854,55,4,49.00,85987.65,0.10,0.03,A,F,1994-03-08,1994-03-05,1994-03-09,NONE,MAIL,aggle furiously afte
14274-5,14274,944,13,5,4.00,7379.76,0.07,0.07,A,F,1994-03-06,1994-03-25,1994-03-11,COLLECT COD,TRUCK,es are slyly final requests. fluffily even 
14274-6,14274,176,77,6,48.00,51656.16,0.01,0.07,R,F,1994-04-22,1994-02-27,1994-04-24,DELIVER IN PERSON,REG AIR,ng to the regular realms cajole quickly f
14275-1,14275,122,75,1,19.00,19420.28,0.01,0.07,R,F,1993-10-12,1993-08-13,1993-10-30,TAKE BACK RETURN,RAIL,ernes wake slyly against the carefully f
14275-2,14275,342,27,2,31.00,38512.54,0.01,0.05,A,F,1993-07-26,1993-08-07,1993-08-09,TAKE BACK RETURN,REG AIR,t according to th
14275-3,14275,1598,79,3,1.00,1499.59,0.03,0.04,A,F,1993-08-31,1993-09-01,1993-09-19,COLLECT COD,REG AIR,"tes believe after the silent, fina"
14275-4,14275,694,88,4,6.00,9568.14,0.04,0.08,R,F,1993-07-01,1993-07-30,1993-07-23,TAKE BACK RETURN,MAIL, instructions. ideas use 
14275-5,14275,1742,43,5,23.00,37806.02,0.08,0.08,R,F,1993-07-09,1993-09-12,1993-08-06,DELIVER IN PERSON,REG AIR,y final ideas haggle d
14275-6,14275,1253,65,6,41.00,47324.25,0.09,0.07,R,F,1993-09-15,1993-07-26,1993-10-01,DELIVER IN PERSON,REG AIR,kly bold packages use. blithely ir
14275-7,14275,1364,65,7,11.00,13918.96,0.05,0.00,A,F,1993-07-18,1993-08-24,1993-08-15,COLLECT COD,RAIL,ar dependencies integrate fluffily i
14276-1,14276,871,72,1,49.00,86821.63,0.09,0.01,R,F,1994-08-20,1994-08-24,1994-08-30,DELIVER IN PERSON,AIR,deas: excuses may poach. deposi
14276-2,14276,577,38,2,25.00,36939.25,0.06,0.01,R,F,1994-09-01,1994-08-13,1994-09-24,DELIVER IN PERSON,REG AIR,egular pains are along the pend
14276-3,14276,252,34,3,32.00,36872.00,0.01,0.05,R,F,1994-10-11,1994-07-28,1994-10-25,NONE,TRUCK,ges. slyly fi
14276-4,14276,1245,83,4,15.00,17193.60,0.10,0.00,A,F,1994-09-21,1994-09-16,1994-10-18,NONE,MAIL,ly against the ironic accounts. blit
14276-5,14276,977,80,5,40.00,75118.80,0.10,0.07,R,F,1994-09-30,1994-08-25,1994-10-14,COLLECT COD,FOB,e fluffily even id
14277-1,14277,186,39,1,35.00,38016.30,0.03,0.07,N,O,1998-04-24,1998-05-07,1998-04-29,NONE,MAIL,"pt the silent, ironic accounts sleep fur"
14277-2,14277,1057,58,2,3.00,2874.15,0.05,0.05,N,O,1998-05-14,1998-04-30,1998-06-04,TAKE BACK RETURN,REG AIR,"xpress, spec"
14277-3,14277,292,20,3,41.00,48883.89,0.05,0.06,N,O,1998-05-12,1998-05-04,1998-05-23,NONE,REG AIR,express forge
14277-4,14277,853,54,4,16.00,28061.60,0.10,0.00,N,O,1998-03-16,1998-04-11,1998-04-03,NONE,FOB,e furiously. pending instructions wake
14278-1,14278,1395,34,1,30.00,38891.70,0.03,0.03,N,O,1998-06-14,1998-08-01,1998-06-28,COLLECT COD,MAIL,rays cajole carefully furiously final 
14278-2,14278,1628,11,2,46.00,70362.52,0.04,0.06,N,O,1998-07-30,1998-07-04,1998-08-17,COLLECT COD,FOB,ts around the blithely ironic forges wa
14278-3,14278,356,13,3,23.00,28896.05,0.05,0.03,N,O,1998-09-10,1998-08-24,1998-10-04,DELIVER IN PERSON,REG AIR,c packages. carefully even foxe
14278-4,14278,1882,83,4,14.00,24974.32,0.03,0.01,N,O,1998-06-17,1998-08-19,1998-06-19,DELIVER IN PERSON,SHIP,odolites n
14278-5,14278,1444,45,5,48.00,64581.12,0.02,0.03,N,O,1998-07-30,1998-07-17,1998-07-31,TAKE BACK RETURN,SHIP,uriously above the
14278-6,14278,1884,14,6,6.00,10715.28,0.03,0.00,N,O,1998-07-16,1998-08-23,1998-08-01,NONE,AIR,ideas use atop t
14278-7,14278,88,89,7,29.00,28654.32,0.09,0.06,N,O,1998-08-23,1998-07-28,1998-09-05,NONE,FOB,platelets. furiously regular depo
14279-1,14279,1456,35,1,4.00,5429.80,0.00,0.08,N,O,1998-04-15,1998-04-29,1998-05-11,DELIVER IN PERSON,REG AIR,ect blithely
14279-2,14279,939,42,2,47.00,86476.71,0.03,0.01,N,O,1998-06-02,1998-05-02,1998-06-19,NONE,TRUCK,s forges use along 
14279-3,14279,1570,51,3,8.00,11772.56,0.09,0.05,N,O,1998-05-23,1998-04-08,1998-06-19,DELIVER IN PERSON,MAIL,accounts. blithe pac
14279-4,14279,1358,73,4,42.00,52892.70,0.00,0.03,N,O,1998-03-14,1998-05-10,1998-03-19,COLLECT COD,AIR, sly requests. regular theod
14279-5,14279,1668,10,5,1.00,1569.66,0.08,0.06,N,O,1998-04-24,1998-03-23,1998-05-10,TAKE BACK RETURN,SHIP,fter the furiously 
14304-1,14304,149,2,1,33.00,34621.62,0.09,0.03,N,O,1997-12-31,1998-01-01,1998-01-07,NONE,MAIL,oxes. fluffily pending attainments
14304-2,14304,1813,14,2,9.00,15433.29,0.01,0.07,N,O,1997-11-16,1998-02-07,1997-12-06,COLLECT COD,MAIL,"s. requests are. idle, pe"
14304-3,14304,800,1,3,30.00,51024.00,0.06,0.00,N,O,1998-01-24,1998-01-19,1998-02-10,COLLECT COD,SHIP,counts sleep quickly across the
14304-4,14304,1560,81,4,48.00,70154.88,0.09,0.06,N,O,1998-01-27,1997-12-24,1998-02-10,TAKE BACK RETURN,TRUCK,ic accounts. sheaves haggle sly
14304-5,14304,899,66,5,5.00,8999.45,0.10,0.02,N,O,1998-03-01,1997-12-15,1998-03-25,DELIVER IN PERSON,MAIL,ely bold theodolites affix ironic
14304-6,14304,1612,36,6,30.00,45408.30,0.08,0.03,N,O,1998-01-07,1997-12-15,1998-01-28,TAKE BACK RETURN,MAIL,"r, final dependenc"
14305-1,14305,994,29,1,44.00,83379.56,0.05,0.02,N,O,1996-08-27,1996-09-12,1996-09-07,TAKE BACK RETURN,SHIP,e. carefully silent instructions unwi
14306-1,14306,867,1,1,15.00,26517.90,0.04,0.07,A,F,1993-11-15,1993-12-27,1993-11-23,COLLECT COD,FOB,packages. carefully even foxe
14307-1,14307,682,83,1,16.00,25322.88,0.01,0.03,N,O,1997-06-30,1997-07-25,1997-07-24,COLLECT COD,AIR,fily pending accounts 
14307-2,14307,1453,93,2,47.00,63659.15,0.05,0.01,N,O,1997-07-11,1997-09-10,1997-07-24,COLLECT COD,MAIL,usly blithely even frays. final re
14307-3,14307,141,20,3,27.00,28110.78,0.08,0.05,N,O,1997-10-06,1997-08-01,1997-10-13,NONE,MAIL,lyly slyly even ideas. even fox
14307-4,14307,15,91,4,41.00,37515.41,0.07,0.07,N,O,1997-08-03,1997-08-19,1997-08-05,DELIVER IN PERSON,MAIL,ly final deposits sleep slyly
14307-5,14307,945,46,5,15.00,27689.10,0.08,0.08,N,O,1997-08-19,1997-08-02,1997-08-20,NONE,REG AIR,c foxes nag sly
14308-1,14308,1575,56,1,20.00,29531.40,0.04,0.03,N,O,1997-11-11,1997-11-05,1997-11-30,DELIVER IN PERSON,REG AIR,leep slyly! pending requests cajole s
14308-2,14308,1111,84,2,46.00,46557.06,0.08,0.07,N,O,1997-10-17,1997-09-21,1997-11-11,DELIVER IN PERSON,RAIL,gular requests haggle carefu
14308-3,14308,1410,89,3,45.00,59013.45,0.04,0.02,N,O,1997-12-09,1997-10-09,1998-01-07,DELIVER IN PERSON,RAIL,oss the slyly ironic Tiresias
14309-1,14309,1710,95,1,37.00,59633.27,0.08,0.04,R,F,1994-05-18,1994-03-02,1994-06-04,DELIVER IN PERSON,MAIL,cial deposits
14309-2,14309,1205,6,2,28.00,30973.60,0.08,0.03,R,F,1994-03-19,1994-03-09,1994-03-22,DELIVER IN PERSON,SHIP,sits: regular accounts eat ruthlessly a
14309-3,14309,1901,90,3,10.00,18029.00,0.07,0.01,R,F,1994-05-06,1994-04-16,1994-06-01,DELIVER IN PERSON,AIR,hely ironic realms. furiou
14310-1,14310,505,66,1,42.00,59031.00,0.01,0.02,N,O,1997-09-24,1997-12-01,1997-10-08,NONE,SHIP,uickly pending depo
14311-1,14311,1947,48,1,26.00,48072.44,0.10,0.00,R,F,1994-11-07,1994-10-26,1994-11-15,COLLECT COD,SHIP,"express, regular instructions. carefully"
14311-2,14311,840,74,2,2.00,3481.68,0.01,0.06,R,F,1994-09-15,1994-09-22,1994-10-03,TAKE BACK RETURN,TRUCK,n deposits.
14336-1,14336,225,53,1,29.00,32631.38,0.03,0.08,R,F,1994-11-26,1994-12-25,1994-12-21,NONE,FOB,se carefully a
14336-2,14336,65,91,2,6.00,5790.36,0.07,0.04,R,F,1995-02-06,1995-01-25,1995-02-10,COLLECT COD,REG AIR,gular notornis sleep slyly whithout 
14336-3,14336,1314,53,3,23.00,27952.13,0.02,0.07,A,F,1994-12-14,1995-02-08,1995-01-04,DELIVER IN PERSON,REG AIR,ely regular pinto bean
14336-4,14336,298,26,4,44.00,52724.76,0.04,0.01,A,F,1994-11-25,1995-02-07,1994-12-23,TAKE BACK RETURN,FOB,ffily regular r
14336-5,14336,319,4,5,45.00,54868.95,0.08,0.04,A,F,1994-12-02,1995-01-05,1994-12-06,TAKE BACK RETURN,SHIP,nts. blithely unusual packages haggle re
14337-1,14337,892,26,1,25.00,44822.25,0.10,0.07,N,O,1997-10-17,1997-12-03,1997-11-12,COLLECT COD,SHIP,ual accounts. 
14337-2,14337,563,94,2,6.00,8781.36,0.04,0.01,N,O,1997-11-09,1997-12-08,1997-11-12,COLLECT COD,AIR,usly ironic depos
14337-3,14337,382,67,3,37.00,47448.06,0.04,0.03,N,O,1998-01-27,1997-12-11,1998-02-06,TAKE BACK RETURN,MAIL,r the regular dependencies. blithe
14337-4,14337,692,86,4,50.00,79634.50,0.06,0.02,N,O,1998-01-07,1997-11-21,1998-01-08,COLLECT COD,RAIL, slyly regular accounts. blithely regul
14337-5,14337,83,84,5,18.00,17695.44,0.03,0.02,N,O,1997-11-20,1997-12-15,1997-12-15,NONE,REG AIR,sts sleep against the slo
14337-6,14337,1933,22,6,25.00,45873.25,0.03,0.01,N,O,1998-01-26,1997-12-06,1998-02-23,COLLECT COD,AIR, special instructions above 
14337-7,14337,1854,98,7,23.00,40384.55,0.01,0.07,N,O,1997-10-27,1997-12-28,1997-11-20,COLLECT COD,REG AIR,regular accounts run qu
14338-1,14338,843,43,1,33.00,57546.72,0.00,0.03,R,F,1993-02-17,1993-05-01,1993-02-25,NONE,AIR,ts. carefully fluffy frets across the bold 
14338-2,14338,232,14,2,35.00,39628.05,0.04,0.00,A,F,1993-05-16,1993-03-18,1993-06-06,COLLECT COD,RAIL,xes. special id
14339-1,14339,1162,63,1,34.00,36147.44,0.09,0.06,N,O,1997-08-05,1997-10-21,1997-08-24,TAKE BACK RETURN,REG AIR,e blithely above the b
14339-2,14339,1980,13,2,28.00,52695.44,0.01,0.04,N,O,1997-10-24,1997-10-20,1997-11-18,COLLECT COD,MAIL,ully regular requests. blithely 
14339-3,14339,1830,31,3,28.00,48491.24,0.00,0.00,N,O,1997-07-28,1997-08-29,1997-08-01,TAKE BACK RETURN,SHIP,special accounts was at the r
14339-4,14339,1877,21,4,14.00,24904.18,0.01,0.00,N,O,1997-08-15,1997-10-21,1997-09-02,TAKE BACK RETURN,MAIL,thely according to the 
14339-5,14339,612,44,5,34.00,51428.74,0.10,0.01,N,O,1997-10-28,1997-09-06,1997-11-12,NONE,REG AIR,gular requ
14340-1,14340,1509,30,1,17.00,23978.50,0.06,0.00,N,O,1996-01-30,1995-12-08,1996-02-27,TAKE BACK RETURN,TRUCK,egrate daringly. bold excuses use. carefu
14340-2,14340,469,57,2,29.00,39714.34,0.10,0.03,N,O,1996-01-29,1995-11-15,1996-02-01,DELIVER IN PERSON,FOB, slyly special pinto beans boost furi
14340-3,14340,1016,22,3,50.00,45850.50,0.06,0.08,N,O,1996-01-05,1995-12-05,1996-01-27,COLLECT COD,TRUCK,ans are furi
14340-4,14340,229,11,4,18.00,20325.96,0.03,0.06,N,O,1996-01-08,1995-12-22,1996-02-01,COLLECT COD,AIR,es are quickly 
14340-5,14340,483,13,5,23.00,31820.04,0.01,0.07,N,O,1995-10-30,1996-01-02,1995-11-21,TAKE BACK RETURN,MAIL, regular theodolites kindle slyly about 
14340-6,14340,921,22,6,35.00,63767.20,0.04,0.01,N,O,1995-11-05,1995-12-21,1995-11-10,TAKE BACK RETURN,AIR,sits. furiously unusual packag
14341-1,14341,689,52,1,48.00,76304.64,0.01,0.05,R,F,1993-09-18,1993-10-13,1993-10-14,COLLECT COD,RAIL,inal deposits among
14341-2,14341,1909,54,2,7.00,12676.30,0.09,0.05,R,F,1993-10-14,1993-10-28,1993-10-25,COLLECT COD,AIR,p furiously slyly reg
14341-3,14341,1851,52,3,37.00,64855.45,0.00,0.02,A,F,1993-10-13,1993-10-19,1993-10-31,COLLECT COD,FOB,after the furi
14341-4,14341,1021,27,4,8.00,7376.16,0.04,0.01,A,F,1993-12-25,1993-11-18,1993-12-27,NONE,SHIP, beans boost. carefull
14341-5,14341,1275,76,5,28.00,32935.56,0.01,0.00,A,F,1993-09-19,1993-11-05,1993-09-28,COLLECT COD,MAIL,ong the carefully unusual excuses
14342-1,14342,12,63,1,45.00,41040.45,0.00,0.06,A,F,1994-08-01,1994-06-09,1994-08-31,DELIVER IN PERSON,FOB,"ecoys cajole quiet, final packages: "
14342-2,14342,896,97,2,33.00,59297.37,0.01,0.01,A,F,1994-06-16,1994-06-09,1994-06-22,TAKE BACK RETURN,SHIP, unusual pac
14342-3,14342,572,33,3,10.00,14725.70,0.03,0.03,R,F,1994-07-19,1994-07-27,1994-07-30,TAKE BACK RETURN,TRUCK,lithely silent
14342-4,14342,302,31,4,4.00,4809.20,0.01,0.08,A,F,1994-05-16,1994-05-28,1994-05-29,TAKE BACK RETURN,FOB,odolites. furiously special packages wa
14342-5,14342,1953,54,5,8.00,14839.60,0.00,0.03,A,F,1994-08-03,1994-06-19,1994-08-05,NONE,FOB,after the slyly regular requ
14343-1,14343,1015,51,1,13.00,11908.13,0.10,0.02,N,O,1996-04-25,1996-04-24,1996-05-19,TAKE BACK RETURN,MAIL,ly bold hockey players boost w
14343-2,14343,1147,84,2,44.00,46118.16,0.01,0.04,N,O,1996-04-23,1996-05-21,1996-05-15,COLLECT COD,SHIP,fully ironic packages. fluffy dependencie
14368-1,14368,1261,62,1,42.00,48814.92,0.09,0.02,N,O,1995-09-19,1995-11-14,1995-10-05,COLLECT COD,TRUCK,nticing dolphins: packag
14368-2,14368,1442,82,2,6.00,8060.64,0.07,0.07,N,O,1995-11-17,1995-10-22,1995-12-14,NONE,RAIL,fily bold theodolites. carefully regul
14368-3,14368,1465,83,3,7.00,9565.22,0.01,0.07,N,O,1995-09-23,1995-11-19,1995-10-20,NONE,AIR, sleep quick
14368-4,14368,385,42,4,42.00,53985.96,0.01,0.00,N,O,1995-12-16,1995-11-24,1996-01-02,NONE,FOB,sts about the slyly permanent fox
14368-5,14368,1679,80,5,3.00,4742.01,0.04,0.03,N,O,1995-11-30,1995-10-20,1995-12-30,TAKE BACK RETURN,SHIP,aggle packages. 
14369-1,14369,1271,83,1,45.00,52752.15,0.02,0.01,N,O,1996-12-04,1997-02-20,1996-12-09,NONE,MAIL,uriously final packages sleep qu
14369-2,14369,1516,57,2,46.00,65205.46,0.09,0.05,N,O,1997-03-17,1997-01-01,1997-04-06,NONE,SHIP,equests are. pending requests snooze
14369-3,14369,410,11,3,34.00,44553.94,0.00,0.01,N,O,1997-01-20,1997-01-25,1997-01-28,COLLECT COD,REG AIR,ly ironic dugouts are sly
14369-4,14369,1997,98,4,35.00,66464.65,0.09,0.05,N,O,1997-01-20,1997-02-06,1997-01-30,DELIVER IN PERSON,AIR,ounts hang thin
14369-5,14369,170,23,5,33.00,35315.61,0.05,0.02,N,O,1997-03-17,1997-01-25,1997-04-05,NONE,MAIL,ackages. blithely regular dolph
14369-6,14369,1477,17,6,11.00,15163.17,0.07,0.07,N,O,1996-12-05,1997-01-03,1996-12-14,TAKE BACK RETURN,SHIP,around the 
14370-1,14370,82,83,1,44.00,43211.52,0.00,0.06,N,O,1997-07-30,1997-07-28,1997-08-19,DELIVER IN PERSON,MAIL,carefully eve
14370-2,14370,310,39,2,38.00,45991.78,0.01,0.08,N,O,1997-07-06,1997-06-26,1997-07-17,COLLECT COD,FOB,gular asymptotes. carefully unusual warh
14370-3,14370,289,17,3,42.00,49949.76,0.07,0.08,N,O,1997-07-01,1997-06-27,1997-07-08,DELIVER IN PERSON,AIR, carefully special foxes haggle. quickly
14370-4,14370,579,70,4,12.00,17754.84,0.00,0.01,N,O,1997-07-22,1997-06-03,1997-07-26,COLLECT COD,TRUCK, packages. unusual depos
14371-1,14371,87,13,1,33.00,32573.64,0.08,0.05,A,F,1993-08-11,1993-09-08,1993-08-14,COLLECT COD,TRUCK,latelets nag furiously. quickly pending p
14371-2,14371,1565,46,2,49.00,71861.44,0.08,0.03,R,F,1993-10-20,1993-08-26,1993-10-28,COLLECT COD,TRUCK,kly final 
14371-3,14371,211,12,3,16.00,17779.36,0.06,0.01,R,F,1993-09-13,1993-08-12,1993-09-22,TAKE BACK RETURN,RAIL,unts. blithely ev
14372-1,14372,979,48,1,28.00,52639.16,0.09,0.02,R,F,1993-01-22,1992-12-23,1993-02-05,COLLECT COD,AIR,the account
14372-2,14372,968,69,2,2.00,3737.92,0.09,0.08,A,F,1993-02-06,1993-01-12,1993-03-05,NONE,REG AIR,unts along the bold packages grow slyly reg
14372-3,14372,743,40,3,31.00,50955.94,0.01,0.08,R,F,1992-12-13,1992-12-23,1992-12-29,TAKE BACK RETURN,RAIL,g the furiously special fo
14372-4,14372,1540,81,4,40.00,57661.60,0.02,0.06,A,F,1992-12-07,1992-12-30,1992-12-14,TAKE BACK RETURN,TRUCK,instructions ca
14373-1,14373,1152,53,1,49.00,51604.35,0.01,0.04,A,F,1993-10-08,1993-10-21,1993-10-20,DELIVER IN PERSON,REG AIR,e fluffily excuses. slyly fi
14374-1,14374,1984,73,1,39.00,73553.22,0.00,0.07,N,O,1995-08-30,1995-08-14,1995-09-18,COLLECT COD,AIR,inst the furiously ironic foxes so
14374-2,14374,626,89,2,18.00,27479.16,0.06,0.07,N,O,1995-07-30,1995-07-04,1995-08-18,TAKE BACK RETURN,REG AIR,ole. ideas s
14374-3,14374,1970,59,3,9.00,16847.73,0.10,0.01,N,O,1995-08-17,1995-06-17,1995-08-23,COLLECT COD,REG AIR,special requests affix carefully bold pi
14375-1,14375,1471,89,1,30.00,41174.10,0.10,0.07,A,F,1993-02-05,1993-04-27,1993-03-07,NONE,TRUCK,packages. fluffily bold braids haggle
14375-2,14375,1563,4,2,5.00,7322.80,0.07,0.07,A,F,1993-04-15,1993-03-10,1993-05-09,NONE,RAIL,s cajole quickly acro
14375-3,14375,1317,94,3,25.00,30457.75,0.06,0.03,R,F,1993-04-28,1993-03-13,1993-05-19,TAKE BACK RETURN,MAIL,lithely final pinto beans. stealthy 
14375-4,14375,725,90,4,4.00,6502.88,0.04,0.03,A,F,1993-02-11,1993-03-30,1993-02-25,TAKE BACK RETURN,SHIP, furiously special depths. q
14375-5,14375,1851,38,5,14.00,24539.90,0.00,0.03,R,F,1993-05-12,1993-03-09,1993-05-28,DELIVER IN PERSON,RAIL,"ts according to the unusual, bold gi"
14375-6,14375,1414,15,6,9.00,11838.69,0.01,0.05,A,F,1993-02-16,1993-03-31,1993-02-25,DELIVER IN PERSON,REG AIR,ccounts shall have to cajole s
14375-7,14375,1778,79,7,12.00,20157.24,0.05,0.07,R,F,1993-05-05,1993-04-14,1993-05-26,TAKE BACK RETURN,FOB,thrash fluffily 
14400-1,14400,1023,24,1,5.00,4620.10,0.02,0.05,A,F,1994-02-28,1994-03-21,1994-03-28,NONE,RAIL,ss the bol
14400-2,14400,934,37,2,3.00,5504.79,0.05,0.05,A,F,1994-03-25,1994-03-16,1994-04-14,DELIVER IN PERSON,TRUCK,sely. careful
14400-3,14400,1907,8,3,26.00,47031.40,0.00,0.01,R,F,1994-03-30,1994-04-15,1994-04-08,DELIVER IN PERSON,AIR, wake furiousl
14400-4,14400,599,90,4,23.00,34490.57,0.01,0.08,R,F,1994-02-09,1994-04-10,1994-02-25,NONE,AIR,ffily fluf
14400-5,14400,1130,39,5,40.00,41245.20,0.07,0.08,A,F,1994-02-23,1994-03-08,1994-03-25,DELIVER IN PERSON,FOB,ithely bold dependencies sleep carefull
14400-6,14400,561,62,6,35.00,51154.60,0.05,0.02,A,F,1994-03-31,1994-04-02,1994-04-24,DELIVER IN PERSON,RAIL,uests among the stealthil
14400-7,14400,1717,2,7,48.00,77698.08,0.06,0.05,A,F,1994-05-27,1994-04-23,1994-06-26,COLLECT COD,SHIP, ideas. carefully silent 
14401-1,14401,519,10,1,33.00,46843.83,0.04,0.03,N,O,1995-11-17,1995-09-14,1995-12-09,TAKE BACK RETURN,SHIP,"ronic, pending pa"
14401-2,14401,1294,95,2,24.00,28686.96,0.10,0.01,N,O,1995-10-24,1995-10-13,1995-10-27,COLLECT COD,MAIL,ions wake carefully 
14401-3,14401,1497,15,3,15.00,20977.35,0.06,0.05,N,O,1995-09-24,1995-10-28,1995-10-03,NONE,FOB,ld among th
14401-4,14401,1245,46,4,29.00,33240.96,0.06,0.00,N,O,1995-08-22,1995-10-31,1995-09-03,COLLECT COD,TRUCK,ely ironic dependencie
14401-5,14401,1798,41,5,20.00,33995.80,0.07,0.03,N,O,1995-10-07,1995-09-05,1995-10-14,COLLECT COD,MAIL,"ecial, regular "
14402-1,14402,247,48,1,33.00,37858.92,0.02,0.00,A,F,1993-11-11,1993-12-25,1993-11-25,DELIVER IN PERSON,FOB,ans are quic
14402-2,14402,217,99,2,41.00,45805.61,0.00,0.08,R,F,1994-02-01,1993-12-02,1994-02-20,DELIVER IN PERSON,MAIL,lose dependencies wake slyly. fu
14402-3,14402,85,61,3,25.00,24627.00,0.08,0.00,A,F,1994-01-27,1993-12-08,1994-02-21,TAKE BACK RETURN,TRUCK,cross the 
14403-1,14403,1306,83,1,48.00,57950.40,0.10,0.05,N,O,1998-03-25,1998-05-21,1998-04-04,COLLECT COD,SHIP,nt platelets. furiou
14403-2,14403,842,9,2,33.00,57513.72,0.05,0.05,N,O,1998-07-01,1998-05-09,1998-07-20,NONE,TRUCK,thely regular pinto beans. slyly final epit
14403-3,14403,1375,76,3,7.00,8934.59,0.04,0.02,N,O,1998-06-25,1998-05-12,1998-07-18,DELIVER IN PERSON,AIR,e carefully regular accounts. blithely ex
14404-1,14404,1431,71,1,39.00,51964.77,0.00,0.00,N,O,1996-12-25,1996-12-31,1997-01-11,DELIVER IN PERSON,SHIP,quickly ironic account
14404-2,14404,1612,36,2,32.00,48435.52,0.00,0.06,N,O,1997-02-14,1996-12-24,1997-03-11,DELIVER IN PERSON,RAIL,rmanent ac
14404-3,14404,1452,92,3,31.00,41956.95,0.03,0.05,N,O,1997-01-22,1996-12-15,1997-02-18,TAKE BACK RETURN,TRUCK,ways theodolites. sl
14404-4,14404,873,40,4,40.00,70954.80,0.02,0.03,N,O,1997-01-16,1997-01-18,1997-01-22,DELIVER IN PERSON,MAIL,ments. carefully regular asymptote
14404-5,14404,44,70,5,41.00,38705.64,0.04,0.04,N,O,1996-11-18,1997-01-29,1996-11-22,TAKE BACK RETURN,REG AIR,"ides the bold, express a"
14404-6,14404,751,52,6,33.00,54507.75,0.07,0.00,N,O,1997-02-16,1996-12-05,1997-02-23,COLLECT COD,MAIL,ular deposits run blithely fina
14404-7,14404,354,83,7,42.00,52682.70,0.10,0.01,N,O,1997-02-14,1997-01-20,1997-03-11,TAKE BACK RETURN,RAIL,ng the quick
14405-1,14405,1107,8,1,36.00,36291.60,0.04,0.00,N,O,1996-06-26,1996-06-14,1996-06-29,COLLECT COD,SHIP,"ronic, even ideas against the bo"
14405-2,14405,563,54,2,17.00,24880.52,0.04,0.04,N,O,1996-07-29,1996-06-30,1996-08-28,NONE,AIR, furiously after t
14405-3,14405,1885,72,3,20.00,35737.60,0.10,0.08,N,O,1996-07-05,1996-06-26,1996-07-08,COLLECT COD,FOB,fily pending depo
14406-1,14406,315,44,1,12.00,14583.72,0.03,0.00,R,F,1993-07-05,1993-05-25,1993-07-25,DELIVER IN PERSON,MAIL, around the e
14406-2,14406,1442,82,2,9.00,12090.96,0.04,0.08,A,F,1993-06-04,1993-04-18,1993-06-27,NONE,FOB,eposits along t
14406-3,14406,969,38,3,24.00,44879.04,0.04,0.01,A,F,1993-03-23,1993-04-18,1993-04-16,TAKE BACK RETURN,TRUCK,refully unusual pinto beans across the
14406-4,14406,547,48,4,20.00,28950.80,0.02,0.02,R,F,1993-04-30,1993-05-07,1993-05-19,NONE,MAIL,ully regular instructions boost 
14406-5,14406,284,66,5,12.00,14211.36,0.06,0.03,R,F,1993-05-21,1993-04-20,1993-06-03,DELIVER IN PERSON,TRUCK, special a
14406-6,14406,820,87,6,49.00,84320.18,0.09,0.07,R,F,1993-03-27,1993-05-28,1993-04-10,COLLECT COD,REG AIR,the regular dolphins. carefully spec
14407-1,14407,22,73,1,24.00,22128.48,0.04,0.03,A,F,1993-11-17,1994-01-22,1993-12-05,TAKE BACK RETURN,SHIP,ng depths wake regular instr
14432-1,14432,168,95,1,42.00,44862.72,0.07,0.06,N,O,1997-01-18,1997-01-20,1997-01-19,NONE,REG AIR,eep furiously
14433-1,14433,1297,9,1,46.00,55121.34,0.06,0.03,N,O,1996-05-20,1996-07-26,1996-06-08,DELIVER IN PERSON,SHIP,uriously special ideas play furio
14433-2,14433,1876,77,2,9.00,16000.83,0.02,0.08,N,O,1996-08-13,1996-08-06,1996-08-17,TAKE BACK RETURN,RAIL,uests dazzle furi
14433-3,14433,1607,8,3,5.00,7543.00,0.03,0.02,N,O,1996-08-24,1996-07-31,1996-09-07,TAKE BACK RETURN,AIR,ily final ac
14433-4,14433,1832,33,4,40.00,69353.20,0.09,0.04,N,O,1996-08-02,1996-07-10,1996-08-22,TAKE BACK RETURN,REG AIR,posits. fur
14433-5,14433,1959,4,5,5.00,9304.75,0.03,0.05,N,O,1996-07-28,1996-06-15,1996-08-02,COLLECT COD,FOB,he regular p
14433-6,14433,1435,53,6,40.00,53457.20,0.05,0.00,N,O,1996-07-10,1996-07-10,1996-08-02,COLLECT COD,SHIP,. blithely ironic frays integrate fin
14434-1,14434,488,47,1,7.00,9719.36,0.06,0.05,R,F,1995-05-28,1995-04-07,1995-06-17,NONE,REG AIR,blithely even ideas a
14434-2,14434,845,45,2,23.00,40154.32,0.05,0.02,R,F,1995-05-04,1995-04-02,1995-05-19,TAKE BACK RETURN,AIR,structions. quickly regu
14434-3,14434,941,10,3,35.00,64467.90,0.09,0.00,A,F,1995-04-06,1995-03-20,1995-04-15,NONE,TRUCK,efully final asymptotes cajole furiousl
14434-4,14434,152,79,4,2.00,2104.30,0.05,0.07,R,F,1995-03-25,1995-04-09,1995-04-18,TAKE BACK RETURN,TRUCK,ly ironic courts. thinly express acc
14434-5,14434,730,95,5,41.00,66859.93,0.08,0.01,A,F,1995-03-01,1995-04-14,1995-03-28,NONE,SHIP,"the regular, even instr"
14435-1,14435,1795,22,1,10.00,16967.90,0.10,0.08,A,F,1993-04-01,1993-02-11,1993-05-01,NONE,TRUCK,e carefully. pinto beans above 
14435-2,14435,718,51,2,25.00,40467.75,0.08,0.07,R,F,1992-12-23,1993-02-09,1992-12-25,DELIVER IN PERSON,MAIL,le quickly c
14435-3,14435,1810,97,3,22.00,37659.82,0.01,0.06,A,F,1992-12-28,1993-02-15,1993-01-18,NONE,AIR,ges wake quick
14435-4,14435,1169,78,4,32.00,34245.12,0.02,0.05,R,F,1993-01-22,1993-02-15,1993-01-24,DELIVER IN PERSON,AIR,uickly ruthlessly e
14435-5,14435,448,78,5,8.00,10787.52,0.03,0.03,A,F,1993-02-22,1993-01-13,1993-03-12,TAKE BACK RETURN,REG AIR, platelets. slyly regular excuses acros
14435-6,14435,661,55,6,17.00,26548.22,0.02,0.07,A,F,1993-01-23,1993-02-24,1993-01-29,TAKE BACK RETURN,FOB,he dogged a
14435-7,14435,1529,50,7,14.00,20027.28,0.02,0.08,R,F,1992-12-31,1993-02-10,1993-01-27,TAKE BACK RETURN,RAIL,ckages. quickly bold requests wake slyly fu
14436-1,14436,698,61,1,33.00,52756.77,0.09,0.06,R,F,1994-05-05,1994-05-21,1994-05-25,NONE,SHIP," furiously express, bold depos"
14436-2,14436,1818,5,2,39.00,67072.59,0.03,0.03,A,F,1994-06-17,1994-05-19,1994-07-02,COLLECT COD,MAIL,xes. express ac
14436-3,14436,728,29,3,9.00,14658.48,0.05,0.07,R,F,1994-06-07,1994-05-04,1994-07-02,TAKE BACK RETURN,AIR,"ffix special, regular pinto "
14436-4,14436,315,100,4,11.00,13368.41,0.04,0.02,R,F,1994-03-27,1994-05-03,1994-04-14,COLLECT COD,FOB,"ial, express foxes ar"
14436-5,14436,923,58,5,50.00,91196.00,0.10,0.04,A,F,1994-05-12,1994-06-02,1994-05-15,TAKE BACK RETURN,AIR,hely regular deposits after 
14437-1,14437,93,19,1,36.00,35751.24,0.09,0.03,R,F,1994-06-28,1994-07-13,1994-07-23,COLLECT COD,RAIL,uriously p
14437-2,14437,1381,96,2,35.00,44883.30,0.01,0.05,R,F,1994-08-14,1994-07-06,1994-08-28,TAKE BACK RETURN,FOB,posits acr
14437-3,14437,1595,36,3,19.00,28435.21,0.07,0.05,A,F,1994-05-22,1994-07-05,1994-06-20,TAKE BACK RETURN,FOB,t sometimes. packages haggle after t
14437-4,14437,1126,35,4,27.00,27732.24,0.07,0.03,A,F,1994-07-25,1994-07-10,1994-08-15,DELIVER IN PERSON,SHIP, furiously regular depo
14437-5,14437,397,98,5,30.00,38921.70,0.00,0.04,A,F,1994-06-07,1994-06-22,1994-06-23,NONE,SHIP,l accounts. furiously special instruct
14437-6,14437,1586,7,6,42.00,62478.36,0.06,0.04,R,F,1994-06-24,1994-08-08,1994-07-13,TAKE BACK RETURN,AIR,kages wake across the fluffily fin
14437-7,14437,200,79,7,45.00,49509.00,0.04,0.04,R,F,1994-07-21,1994-08-02,1994-08-19,DELIVER IN PERSON,FOB,y pending foxes n
14438-1,14438,527,58,1,37.00,52818.24,0.09,0.01,N,O,1995-10-27,1995-11-06,1995-11-08,COLLECT COD,TRUCK,ironic requests. enticing accounts sleep
14438-2,14438,624,87,2,11.00,16770.82,0.08,0.01,N,O,1995-08-29,1995-10-21,1995-09-16,COLLECT COD,FOB,pinto beans. furiously 
14438-3,14438,425,26,3,33.00,43738.86,0.06,0.05,N,O,1995-12-01,1995-10-16,1995-12-23,COLLECT COD,SHIP,theodolites acr
14439-1,14439,534,65,1,3.00,4303.59,0.09,0.03,R,F,1992-09-22,1992-10-22,1992-10-09,NONE,AIR,"r, special accounts inte"
14464-1,14464,1710,11,1,29.00,46739.59,0.07,0.01,N,O,1998-05-08,1998-04-19,1998-05-16,TAKE BACK RETURN,SHIP,to beans boost at the
14465-1,14465,1129,38,1,48.00,49445.76,0.00,0.07,R,F,1994-09-19,1994-09-05,1994-10-17,COLLECT COD,AIR,e quickly express ideas. accounts nag
14465-2,14465,1244,45,2,7.00,8016.68,0.01,0.03,R,F,1994-08-28,1994-07-28,1994-09-12,COLLECT COD,SHIP, blithely regular frets cajole slyly. 
14465-3,14465,1869,99,3,17.00,30104.62,0.08,0.06,A,F,1994-09-25,1994-08-07,1994-10-02,NONE,TRUCK,tructions lose furiously. 
14465-4,14465,26,2,4,12.00,11112.24,0.10,0.07,R,F,1994-06-26,1994-07-30,1994-07-25,COLLECT COD,REG AIR,ithely final reque
14465-5,14465,370,71,5,6.00,7622.22,0.01,0.03,A,F,1994-08-24,1994-08-26,1994-09-13,DELIVER IN PERSON,FOB,kages sleep packages. slowly ruthless 
14466-1,14466,1302,79,1,17.00,20456.10,0.09,0.06,N,O,1996-08-21,1996-06-26,1996-09-15,COLLECT COD,RAIL, deposits b
14467-1,14467,1724,25,1,16.00,26011.52,0.00,0.08,N,O,1996-07-20,1996-07-10,1996-08-08,COLLECT COD,MAIL,es sleep at the asymp
14467-2,14467,1747,32,2,44.00,72544.56,0.01,0.00,N,O,1996-08-17,1996-08-24,1996-08-20,COLLECT COD,SHIP,lithely final ideas sleep across the fu
14467-3,14467,1991,24,3,24.00,45431.76,0.02,0.00,N,O,1996-09-13,1996-07-20,1996-10-07,COLLECT COD,REG AIR,pecial requests use furiously. b
14467-4,14467,1234,46,4,15.00,17028.45,0.05,0.01,N,O,1996-06-02,1996-08-13,1996-06-22,COLLECT COD,FOB,symptotes. car
14468-1,14468,924,25,1,10.00,18249.20,0.01,0.08,N,O,1998-07-27,1998-09-26,1998-08-18,DELIVER IN PERSON,TRUCK,e blithely unusual instructions slee
14468-2,14468,977,12,2,23.00,43193.31,0.10,0.06,N,O,1998-07-22,1998-10-07,1998-08-14,DELIVER IN PERSON,RAIL, even depths. c
14469-1,14469,741,74,1,19.00,31193.06,0.08,0.07,N,O,1997-06-02,1997-04-23,1997-07-01,NONE,TRUCK,after the stealthily regular somas ar
14469-2,14469,1707,8,2,33.00,53087.10,0.02,0.00,N,O,1997-05-05,1997-04-09,1997-05-14,DELIVER IN PERSON,SHIP,carefully special pinto beans n
14470-1,14470,559,20,1,28.00,40867.40,0.10,0.06,R,F,1995-05-06,1995-03-26,1995-05-14,TAKE BACK RETURN,TRUCK,ly blithe packages affix slyly quickl
14470-2,14470,1690,73,2,38.00,60484.22,0.04,0.02,A,F,1995-02-22,1995-04-12,1995-03-22,COLLECT COD,RAIL, deposits. furiously ironic requests 
14470-3,14470,971,72,3,20.00,37439.40,0.00,0.07,R,F,1995-05-04,1995-03-11,1995-05-19,DELIVER IN PERSON,MAIL,arefully bold accounts w
14470-4,14470,990,25,4,1.00,1890.99,0.01,0.00,R,F,1995-04-20,1995-03-29,1995-05-05,DELIVER IN PERSON,RAIL,ely final 
14471-1,14471,391,76,1,50.00,64569.50,0.06,0.05,N,O,1995-07-03,1995-07-25,1995-07-05,TAKE BACK RETURN,MAIL,t pinto beans cajole al
14471-2,14471,1462,2,2,13.00,17724.98,0.01,0.00,N,O,1995-08-11,1995-08-14,1995-08-30,TAKE BACK RETURN,RAIL,ously special p
14471-3,14471,1502,43,3,50.00,70175.00,0.01,0.07,N,O,1995-09-24,1995-07-20,1995-10-16,NONE,FOB, the slyly ironic requests. quickly iron
14471-4,14471,217,99,4,19.00,21226.99,0.08,0.04,N,O,1995-06-30,1995-08-09,1995-07-30,TAKE BACK RETURN,SHIP,". unusual, silent requests affix after "
14471-5,14471,895,62,5,42.00,75427.38,0.05,0.04,N,F,1995-06-07,1995-08-23,1995-06-29,DELIVER IN PERSON,AIR,nal deposits poach according to the
14471-6,14471,1778,5,6,35.00,58791.95,0.05,0.03,A,F,1995-06-07,1995-07-01,1995-06-08,TAKE BACK RETURN,SHIP,quickly even 
14471-7,14471,1902,47,7,9.00,16235.10,0.03,0.03,N,O,1995-09-13,1995-07-09,1995-09-15,NONE,AIR,"nal, pending instructions. d"
14496-1,14496,1274,12,1,22.00,25855.94,0.03,0.07,N,O,1996-05-20,1996-06-25,1996-06-08,NONE,AIR,r requests 
14496-2,14496,1422,1,2,27.00,35732.34,0.04,0.08,N,O,1996-07-14,1996-05-27,1996-08-03,DELIVER IN PERSON,AIR,"slyly along the express,"
14496-3,14496,1934,23,3,48.00,88124.64,0.07,0.03,N,O,1996-06-14,1996-05-22,1996-07-04,COLLECT COD,AIR,ckages nag furiously about the furiously
14496-4,14496,1143,16,4,9.00,9397.26,0.07,0.05,N,O,1996-08-06,1996-06-30,1996-08-10,DELIVER IN PERSON,MAIL,ly final packages.
14496-5,14496,1849,50,5,29.00,50774.36,0.06,0.02,N,O,1996-05-26,1996-06-27,1996-05-30,TAKE BACK RETURN,MAIL, theodolites haggle furio
14497-1,14497,1694,95,1,48.00,76593.12,0.02,0.07,R,F,1992-07-16,1992-07-26,1992-07-26,TAKE BACK RETURN,SHIP,ending foxes. evenly final packages wake un
14497-2,14497,1220,32,2,17.00,19060.74,0.07,0.03,A,F,1992-08-02,1992-07-20,1992-08-09,COLLECT COD,TRUCK,ly regular theodolites. 
14497-3,14497,1178,79,3,1.00,1079.17,0.08,0.07,A,F,1992-08-03,1992-08-14,1992-09-01,DELIVER IN PERSON,RAIL,"eep even, blithe deposits."
14497-4,14497,508,39,4,22.00,30987.00,0.08,0.08,R,F,1992-08-13,1992-06-22,1992-08-26,TAKE BACK RETURN,REG AIR,fully bold waters. final reques
14498-1,14498,149,76,1,5.00,5245.70,0.06,0.02,N,O,1996-11-17,1997-01-02,1996-12-04,DELIVER IN PERSON,SHIP,fully pending package
14498-2,14498,1403,21,2,23.00,30001.20,0.08,0.08,N,O,1996-10-14,1996-11-21,1996-11-04,NONE,FOB, the regular package
14498-3,14498,942,45,3,10.00,18429.40,0.08,0.06,N,O,1996-10-28,1996-11-06,1996-11-12,DELIVER IN PERSON,FOB,y express instructions are. final foxes ha
14498-4,14498,811,78,4,14.00,23965.34,0.10,0.08,N,O,1996-11-26,1996-12-24,1996-12-22,TAKE BACK RETURN,REG AIR,lar instructions cajole ironic i
14498-5,14498,1853,40,5,7.00,12283.95,0.09,0.08,N,O,1996-10-31,1996-12-16,1996-11-03,COLLECT COD,AIR,arefully final notorn
14498-6,14498,1520,61,6,20.00,28430.40,0.08,0.03,N,O,1996-11-17,1996-12-19,1996-12-02,NONE,AIR,lithely even pack
14498-7,14498,644,7,7,40.00,61785.60,0.10,0.04,N,O,1996-12-24,1996-11-06,1997-01-01,NONE,FOB,aggle about th
14499-1,14499,1372,11,1,46.00,58575.02,0.10,0.02,R,F,1993-12-24,1994-01-08,1994-01-02,NONE,FOB,ounts. fluffily regular
14499-2,14499,1538,59,2,25.00,35988.25,0.02,0.01,R,F,1993-12-04,1994-02-07,1993-12-05,TAKE BACK RETURN,SHIP,"ounts print slyly express, e"
14499-3,14499,1950,83,3,41.00,75929.95,0.02,0.02,R,F,1994-01-01,1994-01-23,1994-01-29,TAKE BACK RETURN,TRUCK,"y after the even, slo"
14499-4,14499,1217,29,4,41.00,45846.61,0.01,0.07,A,F,1994-02-05,1994-02-11,1994-02-18,TAKE BACK RETURN,RAIL,ly bold ideas detect fluffily pe
14499-5,14499,1275,76,5,42.00,49403.34,0.00,0.07,R,F,1994-02-10,1994-02-05,1994-03-12,NONE,AIR,ns cajole furiously. pinto be
14499-6,14499,103,30,6,6.00,6018.60,0.04,0.04,A,F,1994-01-26,1994-01-07,1994-02-16,NONE,AIR,riously express foxes about the foxe
14499-7,14499,1078,84,7,36.00,35246.52,0.04,0.01,A,F,1994-01-30,1994-01-12,1994-02-08,COLLECT COD,SHIP, slyly against the quic
14500-1,14500,1462,2,1,30.00,40903.80,0.07,0.03,N,O,1995-07-23,1995-07-29,1995-07-29,TAKE BACK RETURN,TRUCK,ending instructions are. fluffily ir
14500-2,14500,947,50,2,33.00,60982.02,0.00,0.01,N,O,1995-09-21,1995-09-04,1995-10-09,NONE,TRUCK,ly about the slyly regular
14501-1,14501,1160,97,1,33.00,35018.28,0.01,0.08,N,O,1997-10-20,1997-10-10,1997-11-13,DELIVER IN PERSON,MAIL, wake carefu
14501-2,14501,1362,39,2,36.00,45480.96,0.06,0.07,N,O,1997-12-04,1997-11-10,1997-12-17,NONE,AIR,ly final platelets. fluffily furious packag
14502-1,14502,563,24,1,33.00,48297.48,0.05,0.00,N,O,1996-11-11,1996-10-05,1996-12-05,TAKE BACK RETURN,RAIL,ly around the i
14502-2,14502,1891,92,2,26.00,46615.14,0.10,0.00,N,O,1996-09-09,1996-10-05,1996-09-14,NONE,MAIL,thely furiously ironic packages. blit
14503-1,14503,979,14,1,11.00,20679.67,0.07,0.03,R,F,1995-03-26,1995-03-19,1995-04-04,NONE,RAIL,tipliers around the s
14503-2,14503,769,2,2,30.00,50092.80,0.05,0.05,A,F,1995-03-22,1995-04-25,1995-04-04,DELIVER IN PERSON,REG AIR,. quickly regular accounts wake furiously
14503-3,14503,1937,70,3,42.00,77235.06,0.06,0.02,A,F,1995-04-15,1995-03-24,1995-05-05,NONE,TRUCK,cross the carefully fi
14503-4,14503,1427,28,4,41.00,54465.22,0.06,0.06,A,F,1995-05-19,1995-04-21,1995-05-27,COLLECT COD,AIR,eas detect furiously slyly ironic reques
14528-1,14528,1660,61,1,48.00,74959.68,0.04,0.03,A,F,1994-08-18,1994-08-07,1994-09-02,TAKE BACK RETURN,MAIL,deposits mold
14528-2,14528,1135,36,2,36.00,37300.68,0.02,0.06,R,F,1994-07-16,1994-09-02,1994-07-29,DELIVER IN PERSON,AIR,ckages. requ
14528-3,14528,1035,36,3,21.00,19656.63,0.05,0.04,A,F,1994-08-27,1994-08-25,1994-08-30,COLLECT COD,REG AIR, cajole. carefully express de
14528-4,14528,329,14,4,19.00,23357.08,0.01,0.00,R,F,1994-07-26,1994-09-01,1994-08-20,DELIVER IN PERSON,FOB,y according to the carefully 
14529-1,14529,195,74,1,43.00,47093.17,0.01,0.03,R,F,1993-11-15,1993-10-21,1993-12-08,NONE,FOB,fily ruthless deposits boost busily 
14529-2,14529,504,5,2,26.00,36517.00,0.02,0.01,A,F,1994-01-09,1993-11-24,1994-02-06,TAKE BACK RETURN,TRUCK,s. asymptotes haggle. fluffily u
14529-3,14529,1770,13,3,22.00,36778.94,0.05,0.03,A,F,1994-01-08,1993-11-03,1994-01-10,COLLECT COD,RAIL,refully. i
14529-4,14529,1386,1,4,28.00,36046.64,0.06,0.04,R,F,1993-10-07,1993-12-05,1993-11-01,COLLECT COD,RAIL,hely special deposits.
14529-5,14529,206,7,5,22.00,24336.40,0.01,0.04,A,F,1993-11-16,1993-12-01,1993-12-04,NONE,REG AIR,yly even deposits
14529-6,14529,892,59,6,7.00,12550.23,0.04,0.07,R,F,1994-01-15,1993-11-04,1994-02-12,NONE,SHIP,"ove the ironic, final a"
14530-1,14530,1816,46,1,48.00,82454.88,0.03,0.06,A,F,1994-06-09,1994-06-28,1994-06-18,COLLECT COD,AIR,y final requests wake furious
14530-2,14530,1493,72,2,35.00,48807.15,0.06,0.01,A,F,1994-07-28,1994-06-20,1994-08-22,DELIVER IN PERSON,FOB,ully among the ironic pinto beans. care
14530-3,14530,1532,13,3,16.00,22936.48,0.09,0.08,A,F,1994-07-04,1994-06-10,1994-07-18,DELIVER IN PERSON,MAIL,ounts. accounts wake furiously. quickl
14530-4,14530,88,89,4,45.00,44463.60,0.08,0.07,R,F,1994-08-06,1994-05-11,1994-09-04,NONE,FOB,uriously even theodolites? 
14530-5,14530,1725,68,5,4.00,6506.88,0.02,0.07,R,F,1994-06-17,1994-06-05,1994-06-25,NONE,REG AIR,ncies x-ray th
14530-6,14530,1744,29,6,8.00,13165.92,0.10,0.06,R,F,1994-07-01,1994-06-18,1994-07-02,NONE,REG AIR,express asymptotes sleep among
14530-7,14530,1553,94,7,16.00,23272.80,0.01,0.02,A,F,1994-06-17,1994-07-05,1994-07-10,COLLECT COD,REG AIR,dependencies sleep carefully above the unus
14531-1,14531,31,82,1,47.00,43758.41,0.03,0.07,N,O,1997-07-17,1997-07-23,1997-07-18,COLLECT COD,MAIL,lar warhorses try to de
14531-2,14531,891,91,2,34.00,60924.26,0.04,0.00,N,O,1997-07-11,1997-07-11,1997-08-02,DELIVER IN PERSON,SHIP,ts boost across the slyly unusual 
14531-3,14531,1652,76,3,45.00,69914.25,0.06,0.02,N,O,1997-08-22,1997-09-05,1997-09-13,TAKE BACK RETURN,MAIL, ironic ideas haggle slyl
14531-4,14531,734,99,4,34.00,55580.82,0.08,0.01,N,O,1997-10-05,1997-08-21,1997-10-27,TAKE BACK RETURN,RAIL,ages are ab
14532-1,14532,812,46,1,9.00,15415.29,0.06,0.04,N,O,1996-07-19,1996-06-21,1996-08-16,DELIVER IN PERSON,FOB,l requests wake furiously pen
14533-1,14533,115,16,1,19.00,19287.09,0.06,0.02,N,O,1996-08-27,1996-07-21,1996-08-29,NONE,SHIP,ke slyly furiously ironi
14533-2,14533,793,26,2,4.00,6775.16,0.01,0.01,N,O,1996-05-31,1996-06-20,1996-06-28,TAKE BACK RETURN,TRUCK,oxes. furiously ironic i
14533-3,14533,1884,85,3,36.00,64291.68,0.04,0.03,N,O,1996-06-21,1996-07-08,1996-07-04,NONE,FOB, boost quickly reg
14533-4,14533,989,24,4,8.00,15119.84,0.02,0.05,N,O,1996-06-06,1996-07-17,1996-06-19,COLLECT COD,RAIL,s are quietly around the
14533-5,14533,276,77,5,17.00,19996.59,0.00,0.00,N,O,1996-06-30,1996-07-08,1996-07-05,NONE,FOB,al ideas. quickly even acc
14533-6,14533,1495,96,6,27.00,37705.23,0.07,0.05,N,O,1996-07-21,1996-07-08,1996-08-13,NONE,REG AIR,pendencies at the bold ide
14534-1,14534,1258,59,1,46.00,53325.50,0.07,0.02,A,F,1993-09-02,1993-09-11,1993-09-24,COLLECT COD,FOB,g the fluf
14534-2,14534,768,33,2,43.00,71756.68,0.05,0.08,R,F,1993-10-03,1993-08-28,1993-10-10,DELIVER IN PERSON,FOB, around the blithely regular platele
14534-3,14534,261,62,3,14.00,16257.64,0.03,0.00,R,F,1993-08-15,1993-08-30,1993-08-16,TAKE BACK RETURN,RAIL,e after the fluffily even accoun
14534-4,14534,277,78,4,19.00,22368.13,0.00,0.05,A,F,1993-08-04,1993-08-26,1993-08-07,DELIVER IN PERSON,MAIL,t the carefully silent theodolites. regular
14534-5,14534,895,95,5,48.00,86202.72,0.03,0.02,R,F,1993-07-28,1993-09-08,1993-08-25,TAKE BACK RETURN,AIR,ts. slyly ironic decoys cajole slyly
14535-1,14535,1227,2,1,5.00,5641.10,0.00,0.01,A,F,1993-11-13,1993-12-12,1993-12-01,DELIVER IN PERSON,REG AIR,ronic requests haggle fluffily according t
14535-2,14535,68,44,2,27.00,26137.62,0.02,0.01,R,F,1994-01-19,1993-12-26,1994-02-16,TAKE BACK RETURN,AIR, unusual re
14535-3,14535,1234,46,3,27.00,30651.21,0.02,0.00,R,F,1993-12-03,1993-11-25,1993-12-08,TAKE BACK RETURN,TRUCK,round the quickl
14535-4,14535,1589,70,4,22.00,32792.76,0.02,0.06,R,F,1994-01-29,1993-11-03,1994-02-01,DELIVER IN PERSON,RAIL,ackages. fi
14560-1,14560,1466,6,1,24.00,32819.04,0.05,0.06,N,O,1998-01-29,1998-02-07,1998-02-16,COLLECT COD,AIR,ccounts. requests sleep furiously final
14561-1,14561,1168,77,1,50.00,53458.00,0.03,0.07,N,O,1998-08-02,1998-08-15,1998-08-05,DELIVER IN PERSON,REG AIR,lly regular excus
14561-2,14561,1809,53,2,9.00,15397.20,0.02,0.02,N,O,1998-09-02,1998-09-09,1998-09-15,COLLECT COD,MAIL,"le pending, express deposits."
14561-3,14561,62,13,3,29.00,27899.74,0.04,0.08,N,O,1998-10-13,1998-08-09,1998-10-16,DELIVER IN PERSON,FOB,es across the slyly even accounts are
14561-4,14561,390,91,4,48.00,61938.72,0.01,0.03,N,O,1998-08-11,1998-08-10,1998-08-13,NONE,FOB,slyly about the quickly regular inst
14561-5,14561,171,24,5,21.00,22494.57,0.00,0.02,N,O,1998-07-12,1998-08-29,1998-07-13,COLLECT COD,MAIL,ong the ironic theodolites. packages wa
14561-6,14561,1361,62,6,36.00,45444.96,0.00,0.08,N,O,1998-07-29,1998-09-08,1998-08-04,TAKE BACK RETURN,SHIP,to beans. regular accounts after the f
14561-7,14561,740,73,7,25.00,41018.50,0.09,0.06,N,O,1998-08-17,1998-08-24,1998-09-02,NONE,FOB,"ully express packages. ironic, idle asymp"
14562-1,14562,1579,80,1,13.00,19247.41,0.01,0.03,N,O,1996-11-12,1996-10-11,1996-11-21,COLLECT COD,SHIP,al packages sleep fluf
14562-2,14562,1381,82,2,36.00,46165.68,0.07,0.03,N,O,1996-07-25,1996-09-27,1996-08-16,NONE,RAIL,refully furiously ironi
14562-3,14562,1393,70,3,17.00,22004.63,0.10,0.05,N,O,1996-08-19,1996-08-29,1996-09-17,NONE,RAIL,y pending requests boost blithely final e
14562-4,14562,1457,36,4,50.00,67922.50,0.08,0.05,N,O,1996-11-06,1996-08-28,1996-12-03,DELIVER IN PERSON,REG AIR,ly ironic deposits. 
14563-1,14563,1436,54,1,31.00,41460.33,0.08,0.05,N,O,1996-02-05,1996-01-04,1996-02-23,TAKE BACK RETURN,AIR, packages? requests boost quickly 
14563-2,14563,822,56,2,44.00,75804.08,0.07,0.02,N,O,1996-02-06,1996-01-24,1996-03-05,NONE,SHIP, asymptotes. theodolites detect carefully
14563-3,14563,1787,30,3,30.00,50663.40,0.01,0.00,N,O,1996-03-01,1996-01-26,1996-03-04,DELIVER IN PERSON,FOB,ly ironic pinto beans integr
14563-4,14563,1764,7,4,32.00,53304.32,0.02,0.08,N,O,1996-02-05,1996-01-19,1996-02-21,NONE,TRUCK,es boost slyly along the qui
14563-5,14563,1875,76,5,10.00,17768.70,0.04,0.06,N,O,1996-03-11,1996-01-02,1996-04-05,TAKE BACK RETURN,FOB,e fluffily. b
14564-1,14564,1591,72,1,1.00,1492.59,0.09,0.00,A,F,1993-09-14,1993-07-15,1993-10-08,TAKE BACK RETURN,FOB,iously bold packages affix furi
14565-1,14565,368,53,1,33.00,41855.88,0.01,0.00,N,O,1998-01-31,1998-02-05,1998-02-24,TAKE BACK RETURN,FOB,he slyly unusual instructions! blit
14565-2,14565,1853,40,2,5.00,8774.25,0.05,0.03,N,O,1998-01-04,1998-02-05,1998-01-30,DELIVER IN PERSON,SHIP,iously regular deposits: 
14566-1,14566,1701,2,1,25.00,40067.50,0.02,0.01,N,O,1997-01-29,1997-01-18,1997-02-12,NONE,FOB,ronic foxes.
14566-2,14566,878,79,2,22.00,39135.14,0.01,0.04,N,O,1996-12-17,1997-01-10,1996-12-29,DELIVER IN PERSON,TRUCK,ld are agai
14566-3,14566,808,42,3,14.00,23923.20,0.07,0.08,N,O,1996-12-25,1996-12-10,1997-01-15,DELIVER IN PERSON,REG AIR,fully unusua
14566-4,14566,1906,95,4,28.00,50621.20,0.07,0.04,N,O,1997-01-25,1997-01-06,1997-02-05,DELIVER IN PERSON,TRUCK,foxes boost furiously b
14566-5,14566,6,57,5,40.00,36240.00,0.08,0.03,N,O,1997-02-01,1997-01-07,1997-02-10,DELIVER IN PERSON,FOB,theodolites wa
14566-6,14566,617,80,6,20.00,30352.20,0.00,0.01,N,O,1996-11-09,1997-01-06,1996-11-30,DELIVER IN PERSON,FOB,uthless theodolites. carefully express pac
14566-7,14566,1317,18,7,3.00,3654.93,0.07,0.00,N,O,1996-11-03,1996-12-01,1996-11-18,COLLECT COD,TRUCK,latelets a
14567-1,14567,816,50,1,19.00,32619.39,0.07,0.03,N,O,1996-11-03,1997-01-05,1996-11-30,NONE,AIR,inal ideas sleep slyly. slyly sile
14567-2,14567,1451,30,2,46.00,62212.70,0.03,0.04,N,O,1996-11-21,1997-01-05,1996-12-03,COLLECT COD,MAIL,ongside of the slyly e
14567-3,14567,99,75,3,7.00,6993.63,0.09,0.02,N,O,1997-01-02,1996-11-18,1997-01-21,DELIVER IN PERSON,TRUCK,ites among 
14567-4,14567,1401,41,4,6.00,7814.40,0.08,0.05,N,O,1996-12-31,1996-12-28,1997-01-25,DELIVER IN PERSON,SHIP,ly bold deposits run quickly about the 
14567-5,14567,208,9,5,31.00,34354.20,0.06,0.00,N,O,1996-10-29,1996-11-24,1996-11-20,NONE,MAIL,ly unusual
14567-6,14567,1790,75,6,13.00,21993.27,0.08,0.02,N,O,1997-01-05,1997-01-13,1997-01-23,NONE,REG AIR, pinto beans use quic
14567-7,14567,1062,33,7,16.00,15408.96,0.03,0.03,N,O,1996-11-17,1996-11-28,1996-11-22,COLLECT COD,TRUCK,anent attainments.
14592-1,14592,57,58,1,28.00,26797.40,0.00,0.04,N,O,1995-08-16,1995-09-28,1995-09-06,TAKE BACK RETURN,AIR, to the blithely ironic requests. fluffil
14592-2,14592,538,29,2,21.00,30209.13,0.06,0.02,N,O,1995-07-22,1995-08-08,1995-08-16,NONE,SHIP,es cajole of the q
14592-3,14592,1136,45,3,36.00,37336.68,0.08,0.07,N,O,1995-07-12,1995-09-15,1995-08-04,TAKE BACK RETURN,AIR,lphins dazzle furiously carefully regula
14593-1,14593,266,48,1,8.00,9330.08,0.08,0.00,N,O,1998-02-02,1998-04-05,1998-03-03,NONE,SHIP," atop the bold, express pi"
14593-2,14593,142,43,2,6.00,6252.84,0.09,0.07,N,O,1998-03-20,1998-04-01,1998-04-12,COLLECT COD,MAIL,al packages x
14593-3,14593,121,100,3,44.00,44929.28,0.01,0.06,N,O,1998-04-20,1998-04-01,1998-04-21,COLLECT COD,MAIL,ly even notornis wake slyly above 
14594-1,14594,1311,26,1,15.00,18184.65,0.10,0.01,A,F,1993-10-13,1993-11-19,1993-11-10,COLLECT COD,SHIP,fully pending
14595-1,14595,1669,52,1,20.00,31413.20,0.01,0.05,N,O,1998-01-11,1998-02-27,1998-02-10,TAKE BACK RETURN,FOB,sits. account
14596-1,14596,1969,58,1,28.00,52386.88,0.05,0.00,A,F,1994-01-30,1994-03-04,1994-02-15,TAKE BACK RETURN,TRUCK,kly quiet packag
14596-2,14596,1296,97,2,37.00,44299.73,0.00,0.03,A,F,1994-03-09,1994-03-06,1994-03-23,NONE,SHIP,the unusual pl
14596-3,14596,32,58,3,7.00,6524.21,0.06,0.03,R,F,1994-04-18,1994-03-29,1994-04-21,COLLECT COD,MAIL, wake carefully excus
14596-4,14596,1450,90,4,31.00,41894.95,0.06,0.05,R,F,1994-02-06,1994-04-08,1994-02-21,DELIVER IN PERSON,FOB," the regular, even pa"
14596-5,14596,1698,81,5,8.00,12797.52,0.01,0.02,A,F,1994-04-20,1994-03-23,1994-05-10,COLLECT COD,TRUCK,accounts alongside of the some
14596-6,14596,1659,83,6,8.00,12485.20,0.09,0.04,R,F,1994-03-13,1994-04-02,1994-03-22,COLLECT COD,RAIL,"nic, regular request"
14597-1,14597,708,41,1,45.00,72391.50,0.09,0.06,A,F,1993-09-09,1993-10-21,1993-09-15,NONE,AIR,fully express requests dazzle furiously
14597-2,14597,763,60,2,44.00,73205.44,0.00,0.05,R,F,1993-09-10,1993-10-29,1993-09-14,NONE,FOB,e instructi
14597-3,14597,1290,2,3,10.00,11912.90,0.07,0.00,R,F,1993-10-10,1993-09-30,1993-10-13,NONE,FOB,ons can are slyly slyly bold packages. e
14597-4,14597,1135,44,4,39.00,40409.07,0.04,0.01,R,F,1993-09-12,1993-11-26,1993-10-12,DELIVER IN PERSON,RAIL,into beans. ideas are furi
14597-5,14597,349,50,5,48.00,59968.32,0.04,0.07,A,F,1993-11-24,1993-10-20,1993-12-16,COLLECT COD,AIR,bold requests cajo
14597-6,14597,1993,82,6,18.00,34109.82,0.01,0.04,R,F,1993-11-11,1993-11-14,1993-12-06,DELIVER IN PERSON,SHIP,ly express pa
14598-1,14598,1504,25,1,43.00,60436.50,0.00,0.00,N,O,1998-05-30,1998-04-13,1998-06-19,NONE,TRUCK, ironic accounts along t
14598-2,14598,1383,60,2,35.00,44953.30,0.07,0.03,N,O,1998-05-23,1998-03-17,1998-06-19,TAKE BACK RETURN,RAIL,gular instructions. asympto
14598-3,14598,190,91,3,40.00,43607.60,0.08,0.06,N,O,1998-03-05,1998-03-17,1998-03-17,TAKE BACK RETURN,MAIL,uriously i
14598-4,14598,1370,47,4,13.00,16527.81,0.06,0.00,N,O,1998-03-30,1998-04-19,1998-04-08,COLLECT COD,REG AIR,posits impress 
14598-5,14598,573,64,5,7.00,10314.99,0.06,0.02,N,O,1998-03-18,1998-04-28,1998-04-02,DELIVER IN PERSON,AIR,c accounts along the unu
14599-1,14599,1228,29,1,12.00,13550.64,0.02,0.04,A,F,1992-09-03,1992-07-14,1992-09-14,NONE,MAIL,lyly blithely final pinto beans.
14624-1,14624,1991,24,1,12.00,22715.88,0.03,0.08,N,O,1998-07-16,1998-06-28,1998-08-15,NONE,AIR,arefully. enticingly pendi
14624-2,14624,859,59,2,35.00,61594.75,0.08,0.04,N,O,1998-06-18,1998-05-28,1998-06-25,DELIVER IN PERSON,RAIL,es haggle furiously alongside o
14624-3,14624,848,48,3,21.00,36725.64,0.02,0.03,N,O,1998-06-23,1998-06-14,1998-06-25,DELIVER IN PERSON,FOB,ix furiously unusual platelets. q
14624-4,14624,1040,76,4,36.00,33877.44,0.01,0.02,N,O,1998-08-12,1998-05-24,1998-09-01,TAKE BACK RETURN,TRUCK,lyly packages? pending asymptotes ar
14624-5,14624,1632,56,5,24.00,36807.12,0.05,0.07,N,O,1998-07-12,1998-06-27,1998-07-29,DELIVER IN PERSON,REG AIR, against the slyly special packag
14624-6,14624,866,100,6,5.00,8834.30,0.07,0.08,N,O,1998-07-05,1998-06-22,1998-07-12,TAKE BACK RETURN,REG AIR, regular packages. quick
14624-7,14624,760,93,7,6.00,9964.56,0.04,0.04,N,O,1998-05-07,1998-07-06,1998-05-26,TAKE BACK RETURN,MAIL,as. carefully quiet packages
14625-1,14625,1109,18,1,2.00,2020.20,0.01,0.03,A,F,1992-03-10,1992-04-01,1992-04-01,DELIVER IN PERSON,REG AIR,uffily bold
14626-1,14626,610,4,1,4.00,6042.44,0.01,0.03,N,O,1997-10-27,1997-09-26,1997-11-02,NONE,SHIP,unts boost furiou
14626-2,14626,1882,83,2,19.00,33893.72,0.00,0.00,N,O,1997-09-04,1997-09-14,1997-09-23,DELIVER IN PERSON,SHIP,blithely ironic theodo
14626-3,14626,1316,17,3,30.00,36519.30,0.02,0.07,N,O,1997-08-23,1997-10-06,1997-09-04,NONE,RAIL, furiously final requests. 
14626-4,14626,128,81,4,41.00,42152.92,0.07,0.02,N,O,1997-08-14,1997-09-27,1997-08-18,COLLECT COD,TRUCK,tions affix slyly quick
14627-1,14627,188,41,1,40.00,43527.20,0.02,0.01,A,F,1994-04-23,1994-04-25,1994-04-24,NONE,REG AIR,lay carefully regular deposits. bli
14627-2,14627,986,55,2,1.00,1886.98,0.04,0.04,R,F,1994-03-29,1994-03-11,1994-04-04,NONE,SHIP,s are. furiously reg
14627-3,14627,775,72,3,33.00,55300.41,0.01,0.07,R,F,1994-02-15,1994-04-07,1994-03-04,DELIVER IN PERSON,MAIL,carefully ironic accounts. packages
14627-4,14627,1106,43,4,38.00,38269.80,0.08,0.01,A,F,1994-02-18,1994-03-27,1994-03-19,DELIVER IN PERSON,SHIP,fily ironic accounts. instruction
14627-5,14627,807,74,5,27.00,46110.60,0.00,0.07,R,F,1994-04-04,1994-04-19,1994-04-16,TAKE BACK RETURN,FOB, carefully u
14627-6,14627,264,65,6,18.00,20956.68,0.00,0.04,A,F,1994-05-01,1994-03-19,1994-05-03,COLLECT COD,AIR, to the slyly bold foxes. 
14627-7,14627,113,40,7,2.00,2026.22,0.01,0.06,A,F,1994-05-31,1994-04-29,1994-06-09,TAKE BACK RETURN,AIR,d instructions wake; ir
14628-1,14628,703,4,1,50.00,80185.00,0.07,0.01,A,F,1993-08-08,1993-08-13,1993-08-18,TAKE BACK RETURN,MAIL,accounts along t
14629-1,14629,1752,79,1,50.00,82687.50,0.06,0.01,A,F,1993-02-13,1993-02-21,1993-02-19,DELIVER IN PERSON,MAIL,ss ideas past the furiou
14630-1,14630,1822,23,1,39.00,67228.98,0.02,0.04,A,F,1992-12-26,1992-11-20,1993-01-12,TAKE BACK RETURN,RAIL, the furiously qui
14630-2,14630,1832,62,2,40.00,69353.20,0.03,0.00,R,F,1992-11-27,1992-12-16,1992-12-17,DELIVER IN PERSON,TRUCK, even deposits. slyly ironic request
14630-3,14630,1570,91,3,14.00,20601.98,0.07,0.01,R,F,1993-01-29,1993-01-02,1993-02-15,DELIVER IN PERSON,TRUCK,iously into the un
14630-4,14630,1893,37,4,20.00,35897.80,0.08,0.03,R,F,1993-02-10,1993-01-10,1993-03-04,COLLECT COD,AIR,ilent accounts. slyly express de
14631-1,14631,1590,91,1,14.00,20882.26,0.01,0.03,N,O,1997-06-01,1997-07-12,1997-06-22,COLLECT COD,FOB,"-ray. final, special deposits dazzle"
14631-2,14631,629,30,2,9.00,13766.58,0.05,0.01,N,O,1997-05-01,1997-07-02,1997-05-19,TAKE BACK RETURN,FOB, unusual packages. requests affix furiousl
14656-1,14656,596,97,1,21.00,31428.39,0.09,0.00,N,O,1998-01-23,1997-12-23,1998-02-15,DELIVER IN PERSON,AIR,"eep against the dolphins. even, silent th"
14657-1,14657,338,39,1,49.00,60678.17,0.04,0.08,A,F,1994-03-23,1994-04-18,1994-03-29,COLLECT COD,SHIP,y final packages. fur
14657-2,14657,236,37,2,50.00,56811.50,0.09,0.03,A,F,1994-05-07,1994-05-06,1994-05-28,TAKE BACK RETURN,REG AIR, the blithel
14658-1,14658,968,69,1,3.00,5606.88,0.04,0.00,R,F,1994-04-08,1994-06-25,1994-05-03,COLLECT COD,TRUCK, final packages should have t
14658-2,14658,133,34,2,40.00,41325.20,0.03,0.07,A,F,1994-04-10,1994-05-21,1994-05-01,DELIVER IN PERSON,REG AIR, the express
14659-1,14659,737,2,1,47.00,76973.31,0.08,0.08,N,O,1998-03-28,1998-04-22,1998-03-30,TAKE BACK RETURN,SHIP,. slyly iron
14659-2,14659,1726,69,2,18.00,29298.96,0.07,0.04,N,O,1998-06-08,1998-05-01,1998-06-20,TAKE BACK RETURN,FOB,"ep even, ironic "
14659-3,14659,453,54,3,16.00,21655.20,0.07,0.06,N,O,1998-05-06,1998-04-27,1998-05-22,COLLECT COD,TRUCK,ar ideas hinder slyly express
14659-4,14659,876,43,4,11.00,19545.57,0.03,0.02,N,O,1998-06-01,1998-05-04,1998-06-05,COLLECT COD,REG AIR,s. carefully bol
14660-1,14660,1259,34,1,48.00,55692.00,0.10,0.04,N,O,1997-06-10,1997-07-02,1997-06-19,COLLECT COD,SHIP,pecial sentiments bo
14660-2,14660,450,9,2,12.00,16205.40,0.04,0.07,N,O,1997-08-26,1997-08-09,1997-09-05,NONE,REG AIR,jole until the carefully regular requests
14660-3,14660,46,97,3,8.00,7568.32,0.06,0.07,N,O,1997-06-20,1997-08-10,1997-06-27,NONE,FOB,ag fluffily ca
14660-4,14660,1721,48,4,39.00,63286.08,0.08,0.08,N,O,1997-06-07,1997-08-20,1997-07-06,DELIVER IN PERSON,REG AIR,ckages wake acco
14661-1,14661,273,74,1,32.00,37544.64,0.00,0.02,R,F,1993-03-30,1993-03-24,1993-04-18,DELIVER IN PERSON,FOB,p. slyly perman
14662-1,14662,701,66,1,17.00,27228.90,0.02,0.03,N,O,1996-01-08,1995-12-22,1996-01-21,TAKE BACK RETURN,TRUCK,gle sometime
14662-2,14662,701,98,2,4.00,6406.80,0.09,0.04,N,O,1996-01-05,1996-01-01,1996-01-20,TAKE BACK RETURN,TRUCK,could have to are bl
14662-3,14662,1696,38,3,19.00,30356.11,0.03,0.05,N,O,1995-11-21,1996-02-01,1995-12-16,COLLECT COD,REG AIR, slyly bold accounts. blithely
14662-4,14662,1315,16,4,18.00,21893.58,0.00,0.01,N,O,1996-02-15,1995-12-31,1996-02-19,TAKE BACK RETURN,AIR,sits. fluffily regular depo
14662-5,14662,545,46,5,48.00,69385.92,0.01,0.04,N,O,1995-11-21,1996-01-21,1995-12-13,DELIVER IN PERSON,RAIL,refully regular ideas. even d
14662-6,14662,1131,40,6,41.00,42317.33,0.07,0.07,N,O,1996-02-18,1996-01-13,1996-03-09,TAKE BACK RETURN,AIR,ounts detect boldly bl
14663-1,14663,1274,49,1,36.00,42309.72,0.06,0.03,A,F,1993-02-02,1992-12-23,1993-02-23,COLLECT COD,SHIP,oss the fluf
14663-2,14663,1526,7,2,1.00,1427.52,0.00,0.01,A,F,1993-02-02,1992-12-21,1993-03-01,DELIVER IN PERSON,MAIL,gside of the expre
14688-1,14688,13,89,1,11.00,10043.11,0.04,0.08,N,O,1997-06-19,1997-04-04,1997-07-09,COLLECT COD,FOB,furiously silent theodolites hagg
14688-2,14688,656,88,2,20.00,31133.00,0.01,0.01,N,O,1997-02-19,1997-04-11,1997-03-08,DELIVER IN PERSON,SHIP,uests wake quickly dependencies-- careful
14688-3,14688,1731,58,3,10.00,16327.30,0.02,0.08,N,O,1997-03-14,1997-04-22,1997-04-05,COLLECT COD,AIR,he carefully pending instruct
14688-4,14688,817,51,4,40.00,68712.40,0.00,0.00,N,O,1997-04-08,1997-04-06,1997-05-07,DELIVER IN PERSON,SHIP,owly along the deposits. daring deposits mo
14689-1,14689,982,51,1,29.00,54606.42,0.05,0.06,N,O,1998-08-22,1998-09-11,1998-09-09,NONE,TRUCK,nal deposits. slyly re
14689-2,14689,1484,24,2,6.00,8312.88,0.01,0.06,N,O,1998-08-30,1998-10-19,1998-09-01,COLLECT COD,FOB,jole furiously. ironic deposits haggle sly
14689-3,14689,899,66,3,3.00,5399.67,0.10,0.07,N,O,1998-09-17,1998-10-21,1998-09-27,DELIVER IN PERSON,SHIP,"wind against the bold, regular de"
14690-1,14690,874,74,1,23.00,40822.01,0.02,0.03,N,O,1997-09-16,1997-07-31,1997-10-03,COLLECT COD,SHIP, the carefully regular excus
14691-1,14691,297,25,1,23.00,27537.67,0.09,0.01,N,O,1998-06-21,1998-05-28,1998-06-28,DELIVER IN PERSON,MAIL,efully permanent
14691-2,14691,451,52,2,42.00,56760.90,0.08,0.07,N,O,1998-07-26,1998-07-07,1998-08-01,DELIVER IN PERSON,SHIP,ly even accounts cajole blithely a
14692-1,14692,1264,39,1,18.00,20974.68,0.01,0.00,N,O,1996-06-17,1996-05-15,1996-07-07,NONE,REG AIR,usly along the idly special theodolites. e
14692-2,14692,241,96,2,30.00,34237.20,0.06,0.02,N,O,1996-05-16,1996-03-29,1996-05-20,NONE,SHIP,"regular, regular requests cajo"
14693-1,14693,612,75,1,31.00,46890.91,0.01,0.03,A,F,1995-03-07,1995-02-10,1995-03-09,TAKE BACK RETURN,RAIL,"nal, special foxes sleep. packages nag "
14693-2,14693,887,88,2,47.00,84030.36,0.06,0.04,A,F,1995-01-19,1995-02-22,1995-02-05,COLLECT COD,RAIL,ual deposits w
14693-3,14693,508,39,3,40.00,56340.00,0.10,0.03,A,F,1995-04-04,1995-02-25,1995-05-02,COLLECT COD,TRUCK,cording to the slyly even deposits. flu
14693-4,14693,743,8,4,16.00,26299.84,0.07,0.06,R,F,1995-01-24,1995-04-08,1995-02-13,NONE,FOB,nal accounts use c
14693-5,14693,728,93,5,22.00,35831.84,0.01,0.07,A,F,1995-02-14,1995-04-07,1995-02-20,TAKE BACK RETURN,REG AIR,mptotes haggle sl
14694-1,14694,503,4,1,45.00,63157.50,0.07,0.05,N,O,1998-11-21,1998-10-22,1998-11-26,DELIVER IN PERSON,SHIP,", silent theodolites. slyly unusual pa"
14694-2,14694,1645,46,2,17.00,26292.88,0.04,0.08,N,O,1998-11-01,1998-10-06,1998-11-04,DELIVER IN PERSON,TRUCK,special deposits. slyly pending packag
14694-3,14694,1232,44,3,47.00,53261.81,0.05,0.02,N,O,1998-09-22,1998-10-13,1998-10-10,DELIVER IN PERSON,SHIP,he carefully 
14694-4,14694,20,46,4,33.00,30360.66,0.06,0.08,N,O,1998-08-11,1998-09-06,1998-09-10,DELIVER IN PERSON,AIR,"ns. special, bold asy"
14694-5,14694,1728,13,5,22.00,35853.84,0.06,0.02,N,O,1998-09-23,1998-08-30,1998-10-13,COLLECT COD,REG AIR,ckages! carefully ironic packa
14694-6,14694,714,15,6,40.00,64588.40,0.05,0.02,N,O,1998-10-06,1998-10-03,1998-10-14,COLLECT COD,FOB,ross the carefully
14694-7,14694,1243,81,7,44.00,50346.56,0.06,0.07,N,O,1998-11-09,1998-10-25,1998-11-21,NONE,SHIP,pending deposits integrate across the iro
14695-1,14695,372,73,1,32.00,40715.84,0.08,0.01,A,F,1992-09-23,1992-10-16,1992-10-01,DELIVER IN PERSON,SHIP,"hins doubt quickly final packages. unusual,"
14695-2,14695,458,46,2,11.00,14942.95,0.01,0.00,R,F,1992-11-07,1992-11-20,1992-12-01,COLLECT COD,REG AIR,is try to are court
14695-3,14695,1279,91,3,32.00,37768.64,0.04,0.04,R,F,1992-10-04,1992-12-01,1992-10-19,COLLECT COD,RAIL,e. final deposits cajole blith
14695-4,14695,357,86,4,43.00,54066.05,0.09,0.08,A,F,1992-09-28,1992-10-22,1992-10-24,NONE,AIR,rding to the theodolit
14695-5,14695,1555,76,5,43.00,62631.65,0.06,0.05,A,F,1992-10-08,1992-12-02,1992-10-30,TAKE BACK RETURN,SHIP,e slyly after the slyly bold 
14720-1,14720,446,47,1,23.00,30968.12,0.06,0.00,R,F,1993-10-06,1993-12-01,1993-10-23,TAKE BACK RETURN,RAIL, pending deposits.
14720-2,14720,1563,44,2,4.00,5858.24,0.00,0.01,A,F,1993-09-11,1993-11-27,1993-09-26,DELIVER IN PERSON,AIR,above the blithely even cour
14720-3,14720,1006,42,3,20.00,18140.00,0.08,0.06,R,F,1993-11-27,1993-11-09,1993-12-22,NONE,AIR,yly regular accounts 
14720-4,14720,1648,72,4,23.00,35641.72,0.04,0.07,R,F,1993-10-03,1993-11-13,1993-10-29,DELIVER IN PERSON,MAIL,uests nag furiously among the quickly 
14720-5,14720,1858,59,5,48.00,84472.80,0.10,0.08,A,F,1993-12-05,1993-11-24,1993-12-21,COLLECT COD,FOB,ronic deposits around the carefully i
14721-1,14721,1296,97,1,39.00,46694.31,0.08,0.08,N,O,1997-07-31,1997-07-28,1997-08-18,TAKE BACK RETURN,REG AIR,eep furiously. even packages are slyly
14721-2,14721,1518,59,2,37.00,52521.87,0.08,0.02,N,O,1997-07-06,1997-06-04,1997-07-28,TAKE BACK RETURN,RAIL,nic requests sleep slyly pending foxes. 
14721-3,14721,790,87,3,21.00,35506.59,0.01,0.06,N,O,1997-06-03,1997-07-21,1997-06-16,NONE,AIR,pinto beans are slyly-- blithely regula
14721-4,14721,1417,57,4,23.00,30323.43,0.06,0.03,N,O,1997-05-31,1997-07-08,1997-06-16,COLLECT COD,AIR,y final dolphins! ca
14721-5,14721,1334,49,5,3.00,3705.99,0.00,0.02,N,O,1997-08-16,1997-07-30,1997-09-06,COLLECT COD,MAIL,pecial packages among the furi
14722-1,14722,794,91,1,49.00,83044.71,0.06,0.01,N,O,1997-07-18,1997-07-14,1997-07-31,DELIVER IN PERSON,REG AIR,ly after the quickly final 
14722-2,14722,286,41,2,35.00,41519.80,0.03,0.08,N,O,1997-06-14,1997-07-31,1997-07-14,NONE,REG AIR,around the furiously pe
14722-3,14722,129,30,3,49.00,50426.88,0.05,0.03,N,O,1997-08-11,1997-08-01,1997-08-12,TAKE BACK RETURN,SHIP,express ideas sleep throughout t
14722-4,14722,1395,34,4,46.00,59633.94,0.02,0.03,N,O,1997-05-29,1997-07-28,1997-06-20,COLLECT COD,REG AIR,"sts haggle final,"
14722-5,14722,1445,85,5,25.00,33661.00,0.08,0.06,N,O,1997-09-08,1997-08-11,1997-10-05,NONE,AIR,ress accounts dazzle furiously among the qu
14723-1,14723,286,14,1,34.00,40333.52,0.02,0.02,N,O,1997-01-16,1997-03-17,1997-02-10,COLLECT COD,TRUCK,sleep slyly. 
14724-1,14724,1302,17,1,36.00,43318.80,0.06,0.03,N,O,1996-02-06,1996-02-04,1996-02-11,COLLECT COD,MAIL,arefully accord
14725-1,14725,1458,98,1,15.00,20391.75,0.07,0.04,N,O,1995-06-27,1995-07-17,1995-07-24,TAKE BACK RETURN,REG AIR,ully pending accounts
14725-2,14725,1094,100,2,10.00,9950.90,0.03,0.02,N,O,1995-07-05,1995-07-29,1995-07-20,DELIVER IN PERSON,TRUCK,rate blithely among the
14725-3,14725,791,24,3,14.00,23685.06,0.04,0.07,N,O,1995-07-08,1995-09-09,1995-07-20,COLLECT COD,RAIL,thely special foxes. fina
14725-4,14725,1253,54,4,48.00,55404.00,0.04,0.00,N,O,1995-09-06,1995-07-28,1995-10-04,DELIVER IN PERSON,SHIP,of the slyly even packages 
14725-5,14725,859,60,5,50.00,87992.50,0.05,0.08,N,O,1995-09-06,1995-08-21,1995-09-29,NONE,MAIL,tes. ironi
14725-6,14725,1181,82,6,22.00,23807.96,0.09,0.05,N,O,1995-08-11,1995-08-20,1995-09-09,TAKE BACK RETURN,SHIP,re according to the fur
14725-7,14725,899,100,7,23.00,41397.47,0.05,0.06,N,O,1995-06-24,1995-09-07,1995-07-03,COLLECT COD,TRUCK,y final deposits detect blithely. fluff
14726-1,14726,1112,85,1,30.00,30393.30,0.09,0.05,A,F,1992-02-16,1992-03-27,1992-02-29,NONE,TRUCK,ts according to 
14726-2,14726,23,99,2,12.00,11076.24,0.00,0.08,A,F,1992-03-18,1992-02-08,1992-04-16,DELIVER IN PERSON,TRUCK,final pains unwi
14726-3,14726,921,22,3,30.00,54657.60,0.08,0.05,R,F,1992-01-13,1992-02-11,1992-01-28,DELIVER IN PERSON,TRUCK,"y pending, ironic accounts"
14727-1,14727,1343,82,1,12.00,14932.08,0.10,0.05,R,F,1992-10-21,1992-09-01,1992-10-24,DELIVER IN PERSON,MAIL,nding deposits. slyly regu
14727-2,14727,1214,15,2,11.00,12267.31,0.03,0.04,R,F,1992-08-03,1992-08-19,1992-08-24,DELIVER IN PERSON,TRUCK,"r, pending requests. final accou"
14727-3,14727,562,63,3,16.00,23400.96,0.03,0.06,A,F,1992-07-31,1992-08-21,1992-08-20,DELIVER IN PERSON,RAIL,"nic, even "
14727-4,14727,539,70,4,38.00,54702.14,0.08,0.03,R,F,1992-10-26,1992-09-22,1992-11-17,NONE,RAIL,ndencies nag across the final
14752-1,14752,1699,23,1,21.00,33614.49,0.08,0.02,R,F,1994-02-11,1994-03-19,1994-02-20,NONE,MAIL, blithely. regular deposits a
14753-1,14753,421,22,1,23.00,30392.66,0.10,0.01,N,O,1997-01-13,1997-02-16,1997-01-23,DELIVER IN PERSON,SHIP, blithely ironic requests try to sublate a
14753-2,14753,615,47,2,2.00,3031.22,0.08,0.06,N,O,1997-04-11,1997-03-31,1997-05-03,NONE,TRUCK,long the carefully final 
14753-3,14753,1552,73,3,10.00,14535.50,0.03,0.05,N,O,1997-02-02,1997-03-19,1997-02-03,TAKE BACK RETURN,FOB, fluffily regular accounts. ironic re
14754-1,14754,251,33,1,18.00,20722.50,0.03,0.03,N,O,1996-07-17,1996-08-27,1996-08-10,DELIVER IN PERSON,SHIP,uffily. unusual package
14754-2,14754,1029,35,2,8.00,7440.16,0.07,0.07,N,O,1996-08-23,1996-08-28,1996-09-03,COLLECT COD,MAIL,ackages after the slyly final accounts un
14754-3,14754,487,75,3,12.00,16649.76,0.02,0.04,N,O,1996-06-30,1996-09-07,1996-07-16,TAKE BACK RETURN,MAIL,oss the fluffily
14754-4,14754,1396,97,4,3.00,3892.17,0.06,0.07,N,O,1996-08-16,1996-08-17,1996-08-30,COLLECT COD,MAIL,eas. furiously
14754-5,14754,783,48,5,36.00,60616.08,0.10,0.08,N,O,1996-07-16,1996-08-05,1996-08-10,DELIVER IN PERSON,TRUCK,ites detect blithely after the blithely b
14754-6,14754,1225,26,6,4.00,4504.88,0.10,0.08,N,O,1996-07-26,1996-08-23,1996-08-03,DELIVER IN PERSON,FOB,n accounts. ironically ironi
14755-1,14755,322,23,1,48.00,58671.36,0.05,0.06,A,F,1993-02-24,1993-03-13,1993-03-18,COLLECT COD,TRUCK,es integrate blithely
14755-2,14755,1882,12,2,47.00,83842.36,0.01,0.05,R,F,1993-01-20,1993-03-13,1993-02-19,TAKE BACK RETURN,SHIP,ly ironic requests haggle along t
14755-3,14755,926,29,3,31.00,56634.52,0.04,0.07,R,F,1993-04-01,1993-03-23,1993-04-02,DELIVER IN PERSON,AIR,lithely final foxes sleep
14755-4,14755,1863,93,4,14.00,24708.04,0.05,0.06,R,F,1993-01-22,1993-04-04,1993-02-11,NONE,MAIL,final accounts. even instructions nag
14755-5,14755,1586,27,5,29.00,43139.82,0.08,0.08,R,F,1993-04-03,1993-02-11,1993-04-20,COLLECT COD,FOB,ly slyly final requests. blithely dar
14755-6,14755,1693,17,6,36.00,57408.84,0.06,0.02,A,F,1993-04-26,1993-04-01,1993-05-17,TAKE BACK RETURN,RAIL,"ckly furious accounts-- regular, p"
14755-7,14755,146,47,7,30.00,31384.20,0.06,0.05,A,F,1993-02-19,1993-04-04,1993-03-20,COLLECT COD,AIR,yly ironic deposi
14756-1,14756,1890,91,1,43.00,77051.27,0.01,0.02,R,F,1994-11-12,1994-11-06,1994-11-13,COLLECT COD,TRUCK,ly along the quickly even accou
14756-2,14756,847,48,2,23.00,40200.32,0.05,0.00,A,F,1994-10-05,1994-11-17,1994-10-21,COLLECT COD,REG AIR, sleep slyly. pe
14756-3,14756,304,61,3,9.00,10838.70,0.10,0.04,R,F,1994-12-27,1994-10-03,1995-01-11,TAKE BACK RETURN,AIR, regular packages boost slyly exp
14756-4,14756,1124,33,4,6.00,6150.72,0.01,0.08,A,F,1994-10-09,1994-11-25,1994-10-14,NONE,AIR,ajole quickly. blithely even 
14757-1,14757,1362,39,1,43.00,54324.48,0.00,0.03,N,O,1998-04-14,1998-03-21,1998-05-11,TAKE BACK RETURN,REG AIR,ts. express deposi
14758-1,14758,1137,10,1,8.00,8305.04,0.09,0.07,R,F,1994-01-28,1994-01-04,1994-02-22,COLLECT COD,AIR, pinto beans after t
14758-2,14758,1134,43,2,9.00,9316.17,0.10,0.08,R,F,1994-02-06,1994-01-10,1994-02-12,DELIVER IN PERSON,AIR,ual hockey players. c
14758-3,14758,849,83,3,6.00,10499.04,0.04,0.03,A,F,1994-02-21,1994-01-04,1994-03-20,COLLECT COD,TRUCK,unusual instructio
14758-4,14758,263,91,4,2.00,2326.52,0.00,0.06,R,F,1993-12-13,1994-01-18,1994-01-02,DELIVER IN PERSON,MAIL, pinto beans. q
14758-5,14758,1723,8,5,5.00,8123.60,0.10,0.07,R,F,1994-01-03,1993-12-24,1994-01-20,DELIVER IN PERSON,RAIL,"s. bold, silent dolphins su"
14759-1,14759,1396,97,1,19.00,24650.41,0.01,0.03,N,O,1997-04-24,1997-03-22,1997-05-08,COLLECT COD,MAIL,sly even deposits. quickly regular packages
14759-2,14759,358,87,2,13.00,16358.55,0.09,0.06,N,O,1997-02-19,1997-03-31,1997-03-05,DELIVER IN PERSON,RAIL,kly regular accounts boost fluffily ev
14784-1,14784,529,20,1,36.00,51462.72,0.05,0.03,R,F,1992-05-11,1992-04-23,1992-05-19,DELIVER IN PERSON,FOB,even asymptotes. blith
14784-2,14784,1141,14,2,11.00,11463.54,0.05,0.01,R,F,1992-05-23,1992-05-31,1992-06-05,DELIVER IN PERSON,FOB,"gular, final somas. even realms h"
14784-3,14784,239,67,3,21.00,23923.83,0.03,0.08,R,F,1992-04-10,1992-04-15,1992-04-27,COLLECT COD,AIR,"y sometimes express deposits. even, fina"
14784-4,14784,1078,14,4,18.00,17623.26,0.03,0.02,R,F,1992-05-20,1992-05-21,1992-06-02,DELIVER IN PERSON,RAIL,onic requests shall have to cajole benea
14784-5,14784,1889,90,5,24.00,42981.12,0.06,0.08,R,F,1992-07-03,1992-05-30,1992-08-01,TAKE BACK RETURN,RAIL,gular packages grow according to the qu
14784-6,14784,1278,53,6,37.00,43632.99,0.07,0.00,A,F,1992-06-29,1992-05-26,1992-07-01,COLLECT COD,SHIP,ly even pinto beans impress furiously. idea
14785-1,14785,1142,79,1,3.00,3129.42,0.03,0.07,A,F,1994-12-22,1994-12-03,1995-01-10,NONE,RAIL,ges wake slyly slyl
14785-2,14785,139,66,2,2.00,2078.26,0.01,0.05,A,F,1994-10-18,1994-12-07,1994-11-15,DELIVER IN PERSON,MAIL,mold carefully. quic
14785-3,14785,1524,65,3,3.00,4276.56,0.02,0.06,A,F,1995-01-05,1995-01-01,1995-01-24,TAKE BACK RETURN,MAIL,re against the blith
14785-4,14785,997,100,4,1.00,1897.99,0.01,0.08,R,F,1994-12-28,1994-12-31,1995-01-12,TAKE BACK RETURN,FOB,s. carefully express excuses b
14785-5,14785,1393,8,5,21.00,27182.19,0.04,0.02,R,F,1994-11-05,1994-11-30,1994-12-01,TAKE BACK RETURN,RAIL,beans across the furiously silent 
14785-6,14785,1173,10,6,5.00,5370.85,0.04,0.03,R,F,1994-10-14,1994-11-27,1994-11-12,COLLECT COD,AIR,es cajole finally unusu
14785-7,14785,1998,43,7,34.00,64599.66,0.04,0.03,R,F,1994-10-28,1994-12-28,1994-11-04,COLLECT COD,REG AIR,"tructions. ironic, final foxes"
14786-1,14786,1152,61,1,33.00,34753.95,0.02,0.00,N,O,1997-08-05,1997-05-29,1997-08-31,NONE,MAIL, cajole blithely. furiously special depos
14787-1,14787,1513,34,1,6.00,8487.06,0.10,0.08,N,O,1998-07-24,1998-09-20,1998-07-28,DELIVER IN PERSON,SHIP,eas affix careful
14787-2,14787,1412,13,2,50.00,65670.50,0.04,0.05,N,O,1998-10-23,1998-08-18,1998-11-08,TAKE BACK RETURN,SHIP,es. even dolphins alongside of the pendi
14787-3,14787,1893,37,3,32.00,57436.48,0.01,0.07,N,O,1998-07-29,1998-09-02,1998-08-01,TAKE BACK RETURN,AIR,gular deposits. furiously special reques
14788-1,14788,1370,71,1,41.00,52126.17,0.09,0.08,N,O,1997-11-05,1998-01-07,1997-11-27,DELIVER IN PERSON,SHIP,"nic, final deposits are carefully ac"
14789-1,14789,62,88,1,45.00,43292.70,0.07,0.06,A,F,1993-12-16,1994-02-05,1994-01-10,COLLECT COD,FOB,sleep slyly among the slyly 
14789-2,14789,1681,82,2,45.00,71220.60,0.02,0.05,A,F,1994-03-31,1994-02-20,1994-04-30,COLLECT COD,AIR,he carefully pending deposits; perm
14789-3,14789,813,14,3,49.00,83976.69,0.02,0.05,A,F,1994-02-13,1994-02-01,1994-02-24,COLLECT COD,TRUCK,ding dinos nag above the expre
14789-4,14789,686,80,4,8.00,12693.44,0.10,0.04,R,F,1994-03-30,1994-01-24,1994-04-06,NONE,TRUCK, foxes. reques
14790-1,14790,1866,96,1,47.00,83089.42,0.02,0.06,N,O,1996-09-11,1996-10-09,1996-09-20,TAKE BACK RETURN,MAIL,regular packages affix against the 
14790-2,14790,274,75,2,30.00,35228.10,0.10,0.04,N,O,1996-09-14,1996-09-22,1996-10-04,TAKE BACK RETURN,SHIP,lphins hinder slyly 
14790-3,14790,1661,44,3,39.00,60943.74,0.06,0.07,N,O,1996-09-17,1996-10-12,1996-10-12,DELIVER IN PERSON,AIR,symptotes detect against the 
14790-4,14790,242,43,4,4.00,4568.96,0.06,0.00,N,O,1996-09-23,1996-11-01,1996-09-28,DELIVER IN PERSON,AIR,ate with the silent
14790-5,14790,82,83,5,10.00,9820.80,0.06,0.04,N,O,1996-09-23,1996-09-23,1996-09-28,TAKE BACK RETURN,MAIL,luffily ironi
14790-6,14790,282,10,6,28.00,33103.84,0.00,0.02,N,O,1996-12-02,1996-09-27,1996-12-27,TAKE BACK RETURN,SHIP,sits wake along the even pa
14790-7,14790,173,100,7,42.00,45073.14,0.07,0.00,N,O,1996-10-24,1996-10-18,1996-11-22,TAKE BACK RETURN,FOB,sits. slyly iro
14791-1,14791,45,46,1,25.00,23626.00,0.06,0.05,R,F,1993-03-06,1993-04-10,1993-03-27,DELIVER IN PERSON,AIR,"e carefully even, special pinto bea"
14791-2,14791,350,79,2,50.00,62517.50,0.05,0.01,R,F,1993-06-05,1993-04-27,1993-06-14,DELIVER IN PERSON,AIR,aggle bold packages. carefully
14791-3,14791,678,41,3,2.00,3157.34,0.01,0.02,R,F,1993-04-06,1993-04-06,1993-04-30,COLLECT COD,RAIL,across the carefully regular packages
14816-1,14816,1498,16,1,47.00,65776.03,0.05,0.01,R,F,1993-08-07,1993-09-23,1993-08-13,NONE,FOB,xes above the bli
14816-2,14816,1892,22,2,15.00,26908.35,0.04,0.04,R,F,1993-08-26,1993-09-16,1993-09-08,DELIVER IN PERSON,MAIL, final foxes wake fluf
14817-1,14817,852,52,1,27.00,47326.95,0.04,0.00,A,F,1992-08-29,1992-09-04,1992-09-18,COLLECT COD,FOB,dependencies. fluffily
14817-2,14817,1864,94,2,24.00,42380.64,0.10,0.04,R,F,1992-08-21,1992-09-14,1992-09-20,TAKE BACK RETURN,AIR,l foxes sleep slyly furio
14817-3,14817,190,91,3,5.00,5450.95,0.05,0.08,A,F,1992-08-15,1992-09-07,1992-08-26,TAKE BACK RETURN,SHIP,eposits integrate against
14817-4,14817,534,95,4,25.00,35863.25,0.10,0.04,A,F,1992-08-03,1992-10-17,1992-08-07,NONE,TRUCK,nts use. fluffily regular deposits af
14817-5,14817,1057,93,5,15.00,14370.75,0.08,0.08,R,F,1992-08-01,1992-09-28,1992-08-07,NONE,TRUCK,r deposits nag slyly. carefull
14818-1,14818,1269,70,1,34.00,39788.84,0.00,0.04,N,O,1997-01-25,1997-02-05,1997-02-07,DELIVER IN PERSON,SHIP, even requests c
14818-2,14818,1925,58,2,24.00,43846.08,0.10,0.08,N,O,1997-01-05,1997-02-09,1997-01-16,DELIVER IN PERSON,REG AIR,r the furiously final requests. foxes among
14818-3,14818,483,42,3,1.00,1383.48,0.08,0.05,N,O,1997-02-23,1997-01-06,1997-03-01,NONE,AIR,to the slyly even dolphins detect slyl
14818-4,14818,482,83,4,22.00,30414.56,0.08,0.03,N,O,1997-02-03,1997-02-13,1997-02-19,NONE,MAIL,beans nag alongside of the quick
14818-5,14818,878,45,5,26.00,46250.62,0.05,0.03,N,O,1996-12-09,1997-01-16,1996-12-21,COLLECT COD,REG AIR, foxes. blithely final depo
14818-6,14818,1844,31,6,13.00,22695.92,0.06,0.06,N,O,1997-02-20,1997-02-09,1997-03-14,COLLECT COD,MAIL,. blithely even depths detect. blithel
14819-1,14819,1158,31,1,10.00,10591.50,0.01,0.04,A,F,1993-05-23,1993-03-16,1993-05-28,DELIVER IN PERSON,FOB,ests. slyly express patterns detect. qui
14819-2,14819,639,33,2,9.00,13856.67,0.07,0.04,R,F,1993-02-27,1993-03-23,1993-03-20,COLLECT COD,RAIL,", regular requests sleep blith"
14819-3,14819,1709,36,3,49.00,78924.30,0.09,0.03,A,F,1993-05-13,1993-02-25,1993-05-17,COLLECT COD,FOB,y about the carefull
14819-4,14819,593,24,4,28.00,41820.52,0.00,0.04,A,F,1993-04-17,1993-03-16,1993-05-04,TAKE BACK RETURN,SHIP,"ests haggle. ironic,"
14820-1,14820,1314,53,1,9.00,10937.79,0.05,0.02,A,F,1992-03-04,1992-02-13,1992-03-31,COLLECT COD,SHIP,eposits wake 
14820-2,14820,1883,13,2,46.00,82104.48,0.01,0.08,R,F,1992-03-09,1992-03-28,1992-03-16,DELIVER IN PERSON,REG AIR, decoys wake carefully above the fin
14820-3,14820,1694,95,3,38.00,60636.22,0.05,0.07,R,F,1992-02-21,1992-02-27,1992-03-17,DELIVER IN PERSON,SHIP,al foxes. fluffily i
14821-1,14821,72,73,1,28.00,27217.96,0.00,0.00,N,O,1998-10-03,1998-07-31,1998-10-10,NONE,TRUCK,"eodolites. quick, fin"
14821-2,14821,1351,52,2,39.00,48841.65,0.00,0.04,N,O,1998-07-05,1998-09-09,1998-07-12,COLLECT COD,FOB,"tions promise carefully. ironic, care"
14821-3,14821,1099,5,3,22.00,22001.98,0.09,0.07,N,O,1998-10-10,1998-09-10,1998-10-13,NONE,FOB,onic pinto
14821-4,14821,1774,17,4,27.00,45245.79,0.06,0.06,N,O,1998-06-13,1998-08-31,1998-07-09,DELIVER IN PERSON,SHIP, unusual packages sleep fluffily above the 
14821-5,14821,1853,97,5,45.00,78968.25,0.02,0.06,N,O,1998-10-07,1998-07-30,1998-11-05,TAKE BACK RETURN,MAIL,ans. furiously ironic requests are.
14821-6,14821,1560,81,6,39.00,57000.84,0.08,0.03,N,O,1998-08-14,1998-08-11,1998-08-27,DELIVER IN PERSON,MAIL, quickly across the bold
14821-7,14821,45,46,7,43.00,40636.72,0.01,0.03,N,O,1998-09-27,1998-07-17,1998-10-26,COLLECT COD,AIR,"dependencies alongside of the final, "
14822-1,14822,1832,62,1,23.00,39878.09,0.06,0.04,N,O,1996-07-22,1996-06-05,1996-08-13,DELIVER IN PERSON,AIR,eans on th
14822-2,14822,1992,25,2,29.00,54925.71,0.08,0.04,N,O,1996-04-21,1996-06-17,1996-05-11,COLLECT COD,TRUCK,promise. carefully ironic p
14822-3,14822,388,45,3,34.00,43804.92,0.02,0.02,N,O,1996-06-05,1996-05-29,1996-07-05,COLLECT COD,SHIP,y excuses. fluffily express ideas affix. 
14822-4,14822,368,69,4,38.00,48197.68,0.06,0.04,N,O,1996-06-22,1996-05-26,1996-07-16,NONE,MAIL,ilent ideas 
14823-1,14823,168,21,1,29.00,30976.64,0.08,0.04,A,F,1994-03-06,1994-04-12,1994-03-22,TAKE BACK RETURN,FOB,s; carefully pending requests sleep careful
14823-2,14823,301,86,2,35.00,42045.50,0.01,0.00,R,F,1994-05-21,1994-04-06,1994-05-25,NONE,TRUCK, slyly ironic ideas. q
14823-3,14823,1300,38,3,31.00,37240.30,0.01,0.02,A,F,1994-02-22,1994-04-10,1994-03-20,COLLECT COD,SHIP,heodolites across the 
14823-4,14823,1909,10,4,47.00,85112.30,0.10,0.06,A,F,1994-04-22,1994-03-27,1994-05-22,NONE,MAIL,press packages. accounts
14848-1,14848,345,74,1,4.00,4981.36,0.00,0.06,N,O,1996-12-06,1996-12-09,1996-12-27,COLLECT COD,MAIL,ar courts according to t
14848-2,14848,1862,63,2,38.00,67026.68,0.02,0.07,N,O,1996-11-16,1996-12-15,1996-11-17,TAKE BACK RETURN,AIR,al request
14848-3,14848,1507,28,3,11.00,15493.50,0.05,0.05,N,O,1997-01-11,1997-01-14,1997-01-25,DELIVER IN PERSON,SHIP,ingly ironic accounts. ironic
14848-4,14848,1403,21,4,5.00,6522.00,0.10,0.01,N,O,1996-10-26,1997-01-01,1996-11-08,COLLECT COD,AIR,carefully even ideas. furiously ironic pack
14848-5,14848,1852,96,5,7.00,12276.95,0.08,0.05,N,O,1996-10-27,1997-01-03,1996-11-01,COLLECT COD,SHIP,ng to the final packages. e
14848-6,14848,85,11,6,6.00,5910.48,0.01,0.06,N,O,1997-01-15,1996-11-30,1997-01-28,NONE,AIR,osits are quickly. carefully express ins
14849-1,14849,583,44,1,3.00,4450.74,0.08,0.08,N,O,1997-03-03,1997-04-07,1997-03-11,NONE,AIR,"express, iron"
14849-2,14849,61,87,2,27.00,25948.62,0.07,0.07,N,O,1997-06-03,1997-05-02,1997-06-20,COLLECT COD,RAIL,platelets about the carefully unus
14849-3,14849,1433,34,3,2.00,2668.86,0.07,0.00,N,O,1997-03-20,1997-04-27,1997-04-05,NONE,RAIL,nusual pinto b
14849-4,14849,425,84,4,25.00,33135.50,0.04,0.04,N,O,1997-04-17,1997-03-18,1997-05-10,DELIVER IN PERSON,REG AIR, ought to 
14849-5,14849,44,70,5,19.00,17936.76,0.10,0.04,N,O,1997-02-22,1997-05-04,1997-03-11,NONE,AIR,ously final p
14850-1,14850,1775,76,1,8.00,13414.16,0.06,0.07,N,O,1998-03-27,1998-01-08,1998-04-16,TAKE BACK RETURN,REG AIR,arefully regula
14850-2,14850,59,85,2,41.00,39321.05,0.01,0.03,N,O,1998-02-18,1998-01-04,1998-03-10,COLLECT COD,TRUCK,eposits use e
14850-3,14850,1146,83,3,28.00,29319.92,0.01,0.03,N,O,1998-04-02,1998-02-01,1998-04-29,COLLECT COD,MAIL,final dolphins about the bold deposits 
14850-4,14850,671,34,4,15.00,23575.05,0.03,0.07,N,O,1998-02-19,1998-01-03,1998-02-27,DELIVER IN PERSON,REG AIR," asymptotes are foxes. even, r"
14850-5,14850,1776,3,5,47.00,78855.19,0.07,0.00,N,O,1998-03-22,1998-01-12,1998-04-17,NONE,AIR,es wake slyly carefully regular package
14850-6,14850,327,12,6,40.00,49092.80,0.07,0.01,N,O,1997-12-07,1998-02-05,1998-01-06,NONE,FOB,uctions. carefully regular asympto
14851-1,14851,1281,19,1,23.00,27192.44,0.09,0.04,R,F,1992-06-06,1992-07-18,1992-06-07,DELIVER IN PERSON,TRUCK,tes cajole blithely on the express
14851-2,14851,1662,63,2,25.00,39091.50,0.06,0.03,R,F,1992-08-10,1992-06-27,1992-08-28,DELIVER IN PERSON,RAIL,furiously bold requests against the caref
14851-3,14851,758,59,3,23.00,38151.25,0.08,0.02,R,F,1992-07-27,1992-06-25,1992-07-28,DELIVER IN PERSON,FOB,al instructions. quickly ironic accounts c
14851-4,14851,317,46,4,29.00,35301.99,0.04,0.05,R,F,1992-08-03,1992-07-12,1992-08-16,NONE,REG AIR,ironic pinto beans cajole blithely. u
14851-5,14851,583,44,5,9.00,13352.22,0.10,0.02,R,F,1992-08-05,1992-07-13,1992-08-29,DELIVER IN PERSON,SHIP,s. slyly bold pack
14851-6,14851,1879,66,6,49.00,87262.63,0.09,0.04,A,F,1992-07-29,1992-07-26,1992-08-20,NONE,RAIL,e slowly regular deposits. carefu
14852-1,14852,257,39,1,22.00,25459.50,0.03,0.03,N,O,1996-03-26,1996-02-08,1996-04-25,DELIVER IN PERSON,FOB,ns cajole blithely. busi
14852-2,14852,165,92,2,9.00,9586.44,0.05,0.01,N,O,1996-01-12,1996-02-16,1996-01-25,TAKE BACK RETURN,RAIL,ts promise carefully 
14853-1,14853,1213,14,1,16.00,17827.36,0.07,0.00,N,O,1996-11-19,1996-12-02,1996-11-26,COLLECT COD,AIR,n platelets wake 
14853-2,14853,1925,14,2,46.00,84038.32,0.03,0.08,N,O,1996-12-25,1996-11-02,1996-12-26,DELIVER IN PERSON,MAIL,. stealthily regul
14853-3,14853,827,27,3,18.00,31100.76,0.00,0.00,N,O,1996-12-01,1996-11-20,1996-12-08,TAKE BACK RETURN,RAIL,leep ironic depos
14853-4,14853,186,87,4,16.00,17378.88,0.02,0.01,N,O,1996-11-18,1996-10-10,1996-12-04,DELIVER IN PERSON,TRUCK,s. slyly bold id
14854-1,14854,1698,99,1,20.00,31993.80,0.10,0.04,A,F,1993-04-30,1993-06-30,1993-05-08,DELIVER IN PERSON,REG AIR,n packages cajole slyly around t
14854-2,14854,1836,66,2,3.00,5213.49,0.00,0.07,R,F,1993-08-27,1993-07-26,1993-09-09,DELIVER IN PERSON,AIR,uickly close packages wake. carefully un
14854-3,14854,1867,97,3,9.00,15919.74,0.00,0.00,R,F,1993-06-17,1993-06-21,1993-07-14,COLLECT COD,FOB,usly around the sl
14854-4,14854,1194,95,4,23.00,25189.37,0.04,0.00,R,F,1993-05-24,1993-07-09,1993-06-14,DELIVER IN PERSON,TRUCK,dogged platelets integra
14855-1,14855,940,43,1,2.00,3681.88,0.09,0.06,A,F,1993-08-13,1993-06-16,1993-08-28,COLLECT COD,RAIL,instructions; u
14855-2,14855,1280,18,2,28.00,33075.84,0.04,0.01,R,F,1993-08-04,1993-06-11,1993-08-20,DELIVER IN PERSON,AIR,deposits wake across t
14855-3,14855,184,85,3,49.00,53124.82,0.01,0.01,R,F,1993-06-30,1993-06-28,1993-07-06,DELIVER IN PERSON,TRUCK,carefully final pinto beans wake
14855-4,14855,119,46,4,43.00,43821.73,0.06,0.06,A,F,1993-05-16,1993-06-13,1993-06-03,NONE,SHIP, requests ar
14855-5,14855,1422,40,5,7.00,9263.94,0.08,0.08,A,F,1993-08-02,1993-07-22,1993-08-14,DELIVER IN PERSON,REG AIR,ges cajole furiously ev
14880-1,14880,1791,92,1,26.00,44012.54,0.02,0.03,N,O,1998-02-25,1998-02-18,1998-03-22,DELIVER IN PERSON,RAIL,uests wake accounts. furiously ironic fo
14880-2,14880,1728,29,2,42.00,68448.24,0.04,0.03,N,O,1997-12-11,1998-01-14,1997-12-24,COLLECT COD,RAIL,es affix blithely bl
14880-3,14880,1977,22,3,23.00,43216.31,0.09,0.01,N,O,1998-01-10,1998-01-24,1998-02-08,TAKE BACK RETURN,MAIL,ironic excuses. c
14880-4,14880,1474,14,4,17.00,23382.99,0.06,0.01,N,O,1998-02-07,1998-01-04,1998-02-08,NONE,FOB,ans according to the blithely unusual 
14880-5,14880,1802,46,5,13.00,22149.40,0.01,0.03,N,O,1998-01-25,1998-02-12,1998-02-01,NONE,REG AIR,ve the asymp
14880-6,14880,1773,100,6,8.00,13398.16,0.10,0.06,N,O,1998-01-17,1998-01-20,1998-02-12,NONE,REG AIR,arefully above the
14881-1,14881,1793,20,1,35.00,59317.65,0.07,0.03,N,O,1996-10-30,1996-12-14,1996-11-25,NONE,AIR,kly ironic dep
14881-2,14881,37,13,2,35.00,32796.05,0.04,0.00,N,O,1996-11-18,1997-01-08,1996-12-07,NONE,MAIL,usly regular instructions. unu
14881-3,14881,619,20,3,23.00,34951.03,0.00,0.08,N,O,1996-11-20,1996-12-21,1996-12-03,TAKE BACK RETURN,REG AIR,"y ironic, ironic theodoli"
14882-1,14882,1395,10,1,35.00,45373.65,0.08,0.01,N,O,1997-05-26,1997-03-22,1997-06-25,DELIVER IN PERSON,TRUCK,ial requests ca
14882-2,14882,322,79,2,41.00,50115.12,0.08,0.03,N,O,1997-03-18,1997-04-05,1997-03-21,TAKE BACK RETURN,MAIL,unts: slyl
14883-1,14883,1806,50,1,37.00,63188.60,0.02,0.03,N,O,1995-09-05,1995-06-07,1995-09-11,DELIVER IN PERSON,MAIL,blithely regular t
14883-2,14883,549,80,2,23.00,33339.42,0.00,0.07,A,F,1995-05-24,1995-07-16,1995-05-31,NONE,SHIP,c dependencies nag fur
14883-3,14883,79,80,3,9.00,8811.63,0.01,0.04,N,O,1995-06-20,1995-07-07,1995-07-17,COLLECT COD,FOB,ow quickly ironic foxes
14883-4,14883,337,94,4,9.00,11135.97,0.10,0.00,N,O,1995-07-16,1995-07-11,1995-08-06,COLLECT COD,AIR,structions. final dependencies caj
14883-5,14883,1670,71,5,8.00,12573.36,0.04,0.04,N,O,1995-07-10,1995-07-31,1995-07-12,NONE,MAIL,iously pending courts detect furiously a
14883-6,14883,82,83,6,18.00,17677.44,0.02,0.03,N,O,1995-07-16,1995-06-16,1995-07-20,COLLECT COD,FOB,"e. special, iro"
14884-1,14884,288,16,1,37.00,43966.36,0.10,0.00,N,O,1995-11-26,1995-12-03,1995-12-09,DELIVER IN PERSON,TRUCK,ess above the gifts. pending deposit
14884-2,14884,680,12,2,18.00,28452.24,0.08,0.08,N,O,1995-10-05,1995-11-06,1995-10-17,COLLECT COD,REG AIR,furiously final in
14884-3,14884,1075,46,3,42.00,40994.94,0.03,0.01,N,O,1995-12-09,1995-12-24,1995-12-19,TAKE BACK RETURN,MAIL,"ular, ironic sa"
14884-4,14884,7,8,4,17.00,15419.00,0.00,0.05,N,O,1995-11-26,1995-10-29,1995-12-19,NONE,TRUCK,al accounts mold above the sly
14884-5,14884,1778,79,5,30.00,50393.10,0.08,0.08,N,O,1995-10-27,1995-12-13,1995-11-04,DELIVER IN PERSON,TRUCK,lithely final courts sleep carefully
14884-6,14884,1781,82,6,34.00,57214.52,0.08,0.07,N,O,1995-11-19,1995-10-28,1995-11-29,TAKE BACK RETURN,MAIL,ve to sleep blithely re
14884-7,14884,191,44,7,42.00,45829.98,0.01,0.05,N,O,1996-01-11,1995-12-26,1996-02-02,COLLECT COD,FOB,to the furiously regular wart
14885-1,14885,362,47,1,15.00,18935.40,0.09,0.02,N,O,1997-11-04,1997-11-16,1997-11-10,TAKE BACK RETURN,RAIL,uriously ironic theodol
14885-2,14885,392,93,2,28.00,36186.92,0.07,0.06,N,O,1998-01-15,1997-11-10,1998-02-09,TAKE BACK RETURN,FOB,ly special deposits. slyly 
14885-3,14885,1989,78,3,2.00,3781.96,0.00,0.08,N,O,1997-11-21,1997-10-27,1997-12-09,NONE,FOB,equests along the ironic ideas ca
14885-4,14885,673,5,4,37.00,58225.79,0.09,0.08,N,O,1997-12-23,1997-11-16,1998-01-08,DELIVER IN PERSON,AIR, special tithes. requests about the car
14885-5,14885,1342,81,5,40.00,49733.60,0.05,0.06,N,O,1997-10-17,1997-12-11,1997-11-15,NONE,RAIL,kages. pending dependencies wake bli
14885-6,14885,477,65,6,30.00,41324.10,0.04,0.01,N,O,1997-12-04,1997-11-17,1997-12-09,COLLECT COD,SHIP,ackages. blithely silent i
14885-7,14885,460,90,7,42.00,57139.32,0.02,0.01,N,O,1997-10-19,1997-11-08,1997-11-14,TAKE BACK RETURN,AIR, theodolites x-ray quickly above the furi
14886-1,14886,1610,93,1,50.00,75580.50,0.02,0.01,A,F,1994-08-08,1994-08-06,1994-08-20,COLLECT COD,AIR,y ironic ideas wak
14886-2,14886,957,26,2,5.00,9289.75,0.04,0.08,A,F,1994-07-04,1994-07-24,1994-07-07,COLLECT COD,TRUCK,e even pinto beans boost sly
14887-1,14887,1487,27,1,23.00,31935.04,0.05,0.04,N,O,1996-07-08,1996-06-05,1996-07-10,NONE,SHIP,ackages wake above the enticingly
14887-2,14887,1335,12,2,34.00,42035.22,0.08,0.06,N,O,1996-07-16,1996-05-11,1996-08-04,DELIVER IN PERSON,REG AIR,detect quietly. slyly unusu
14887-3,14887,265,93,3,14.00,16313.64,0.02,0.05,N,O,1996-07-16,1996-06-16,1996-08-09,COLLECT COD,RAIL, courts. furiously bold deposits haggle.
14887-4,14887,615,47,4,23.00,34859.03,0.06,0.08,N,O,1996-04-02,1996-05-22,1996-04-29,NONE,MAIL,ounts wake iro
14912-1,14912,353,38,1,14.00,17546.90,0.02,0.02,R,F,1993-11-16,1994-01-24,1993-12-09,COLLECT COD,AIR,e unusual accounts. fluffily iro
14912-2,14912,569,30,2,7.00,10286.92,0.02,0.05,R,F,1993-12-20,1993-12-28,1993-12-22,DELIVER IN PERSON,MAIL,notornis. accounts across the unusual asy
14913-1,14913,1695,37,1,27.00,43110.63,0.10,0.06,A,F,1994-03-14,1994-05-03,1994-04-09,NONE,FOB,e dependencies. furiously 
14913-2,14913,836,3,2,12.00,20841.96,0.05,0.01,R,F,1994-05-13,1994-04-20,1994-06-09,NONE,MAIL,counts boost daringly about the spe
14913-3,14913,413,72,3,10.00,13134.10,0.03,0.04,A,F,1994-04-23,1994-04-30,1994-05-22,NONE,SHIP,nding platelets nag. carefully ir
14913-4,14913,468,98,4,44.00,60212.24,0.00,0.06,A,F,1994-03-31,1994-03-31,1994-04-05,TAKE BACK RETURN,AIR,ely pending accounts. u
14913-5,14913,792,93,5,25.00,42319.75,0.10,0.05,A,F,1994-03-11,1994-03-28,1994-03-31,TAKE BACK RETURN,TRUCK,en foxes. special accounts boost furi
14914-1,14914,867,67,1,20.00,35357.20,0.08,0.08,N,O,1998-05-26,1998-05-05,1998-06-02,NONE,SHIP, packages hag
14914-2,14914,514,15,2,38.00,53751.38,0.04,0.02,N,O,1998-03-17,1998-04-26,1998-04-04,TAKE BACK RETURN,RAIL,nding requests cajole according to the q
14914-3,14914,1092,63,3,20.00,19861.80,0.07,0.05,N,O,1998-04-03,1998-04-24,1998-04-10,TAKE BACK RETURN,MAIL, slyly. evenly e
14914-4,14914,1601,25,4,19.00,28549.40,0.06,0.05,N,O,1998-05-28,1998-03-25,1998-06-22,NONE,MAIL, slyly regular deposits. exp
14914-5,14914,495,83,5,24.00,33491.76,0.10,0.02,N,O,1998-02-17,1998-05-09,1998-03-04,TAKE BACK RETURN,MAIL, furiously quick de
14914-6,14914,1502,23,6,20.00,28070.00,0.10,0.01,N,O,1998-02-19,1998-04-29,1998-03-21,TAKE BACK RETURN,TRUCK,ffily ironi
14915-1,14915,824,25,1,1.00,1724.82,0.06,0.06,N,O,1996-11-22,1996-11-25,1996-12-11,NONE,FOB, unusual requests
14915-2,14915,380,65,2,45.00,57617.10,0.00,0.01,N,O,1997-01-08,1996-10-27,1997-01-22,NONE,SHIP,pearls sleep furiously. slyly pending d
14916-1,14916,201,2,1,25.00,27530.00,0.04,0.07,A,F,1994-05-07,1994-04-20,1994-06-03,TAKE BACK RETURN,FOB,xpress dependencies haggle quick
14916-2,14916,135,36,2,43.00,44510.59,0.04,0.03,A,F,1994-06-26,1994-04-18,1994-07-25,DELIVER IN PERSON,REG AIR,sits nag. fluffily unusual 
14917-1,14917,445,4,1,26.00,34981.44,0.08,0.01,N,O,1998-04-25,1998-03-14,1998-05-07,COLLECT COD,SHIP, cajole at the quickly ironi
14917-2,14917,1731,74,2,29.00,47349.17,0.05,0.03,N,O,1998-03-24,1998-02-20,1998-03-28,NONE,FOB,ular instruction
14917-3,14917,1899,86,3,48.00,86442.72,0.08,0.07,N,O,1998-03-05,1998-04-11,1998-03-13,COLLECT COD,TRUCK, boost carefully carefully spe
14917-4,14917,86,12,4,40.00,39443.20,0.04,0.06,N,O,1998-02-20,1998-03-13,1998-03-14,COLLECT COD,TRUCK,luffily acros
14917-5,14917,1919,20,5,21.00,38239.11,0.04,0.05,N,O,1998-02-18,1998-04-01,1998-03-02,DELIVER IN PERSON,AIR,le quickly among the furiously 
14917-6,14917,62,88,6,43.00,41368.58,0.10,0.03,N,O,1998-05-11,1998-04-07,1998-05-12,DELIVER IN PERSON,AIR,"onic, unusual ideas na"
14918-1,14918,272,27,1,33.00,38684.91,0.04,0.05,N,O,1997-09-04,1997-08-30,1997-09-11,TAKE BACK RETURN,FOB,ious reques
14918-2,14918,1294,95,2,24.00,28686.96,0.00,0.02,N,O,1997-06-20,1997-08-11,1997-07-10,COLLECT COD,FOB,gular courts af
14919-1,14919,526,17,1,24.00,34236.48,0.00,0.07,N,O,1996-09-29,1996-11-09,1996-10-16,COLLECT COD,AIR,ual dependencies. 
14944-1,14944,1734,35,1,50.00,81786.50,0.01,0.05,N,O,1997-11-30,1997-12-08,1997-12-11,COLLECT COD,RAIL,xpress accounts nag sly
14944-2,14944,1733,18,2,21.00,34329.33,0.05,0.06,N,O,1998-01-11,1997-12-01,1998-01-26,TAKE BACK RETURN,AIR,efully slow packages breac
14945-1,14945,94,95,1,28.00,27834.52,0.05,0.06,N,O,1996-07-04,1996-06-09,1996-07-23,COLLECT COD,MAIL,ngside of the carefully final decoys
14945-2,14945,1878,22,2,24.00,42716.88,0.10,0.03,N,O,1996-05-27,1996-05-05,1996-06-01,NONE,REG AIR,p blithely pending d
14945-3,14945,1453,54,3,38.00,51469.10,0.01,0.05,N,O,1996-04-29,1996-04-30,1996-05-20,TAKE BACK RETURN,SHIP,thely above th
14945-4,14945,547,38,4,2.00,2895.08,0.09,0.07,N,O,1996-07-03,1996-05-13,1996-07-16,COLLECT COD,FOB, slyly final pat
14945-5,14945,85,86,5,44.00,43343.52,0.08,0.03,N,O,1996-06-20,1996-05-03,1996-07-14,DELIVER IN PERSON,RAIL,s x-ray according to the slyly r
14945-6,14945,1393,8,6,37.00,47892.43,0.05,0.00,N,O,1996-07-02,1996-05-15,1996-07-31,NONE,FOB,are carefully blit
14946-1,14946,53,79,1,38.00,36215.90,0.00,0.04,N,O,1996-12-13,1997-02-04,1997-01-08,NONE,MAIL,hely ironic packages. blithely sp
14946-2,14946,795,60,2,37.00,62744.23,0.01,0.01,N,O,1996-11-27,1997-02-01,1996-11-29,COLLECT COD,AIR,"ly even packages. final, final "
14947-1,14947,312,41,1,14.00,16972.34,0.09,0.02,N,O,1995-11-05,1995-09-25,1995-11-27,TAKE BACK RETURN,RAIL,e regularly final 
14947-2,14947,1071,72,2,29.00,28190.03,0.04,0.06,N,O,1995-11-08,1995-08-30,1995-12-03,TAKE BACK RETURN,FOB,"ckly. unusual, ev"
14947-3,14947,1869,13,3,33.00,58438.38,0.08,0.07,N,O,1995-10-24,1995-10-05,1995-11-18,NONE,SHIP,"ideas sleep carefully among the final, fina"
14947-4,14947,783,80,4,38.00,63983.64,0.06,0.05,N,O,1995-09-10,1995-09-23,1995-09-22,NONE,SHIP,ves. quickly final depos
14948-1,14948,1625,26,1,39.00,59538.18,0.09,0.01,N,F,1995-06-13,1995-07-03,1995-06-23,NONE,MAIL, silent tithes cajole car
14948-2,14948,217,99,2,16.00,17875.36,0.02,0.02,N,O,1995-09-25,1995-07-26,1995-10-08,COLLECT COD,RAIL,gle carefully quickly special request
14948-3,14948,611,74,3,40.00,60464.40,0.10,0.03,N,O,1995-07-12,1995-07-06,1995-08-05,TAKE BACK RETURN,TRUCK,osits above the carefully regular plate
14949-1,14949,618,50,1,34.00,51632.74,0.02,0.05,R,F,1994-02-14,1993-12-30,1994-03-03,TAKE BACK RETURN,AIR,ptotes. furiously ironic i
14949-2,14949,1369,84,2,34.00,43192.24,0.00,0.06,A,F,1993-11-27,1993-12-29,1993-12-05,TAKE BACK RETURN,TRUCK,ts. slyly brave pa
14949-3,14949,1377,54,3,4.00,5113.48,0.01,0.07,A,F,1994-01-21,1993-12-31,1994-02-09,COLLECT COD,FOB, blithely regular accounts; unusual
14949-4,14949,839,73,4,24.00,41755.92,0.01,0.04,A,F,1993-11-30,1994-01-26,1993-12-09,NONE,MAIL, theodolite
14949-5,14949,858,25,5,1.00,1758.85,0.04,0.02,R,F,1994-01-25,1993-12-02,1994-02-06,DELIVER IN PERSON,TRUCK,ual ideas nag. furiously regular dugouts c
14949-6,14949,330,15,6,4.00,4921.32,0.02,0.07,A,F,1994-02-22,1993-12-31,1994-03-11,TAKE BACK RETURN,AIR,ly regular Tiresias haggle. deposits
14950-1,14950,245,27,1,49.00,56116.76,0.03,0.02,R,F,1993-10-28,1993-11-28,1993-11-10,NONE,AIR,rve blithely. carefull
14950-2,14950,1688,71,2,49.00,77894.32,0.02,0.00,A,F,1993-11-04,1993-10-30,1993-12-04,DELIVER IN PERSON,TRUCK,carefully special requests are
14951-1,14951,509,40,1,47.00,66246.50,0.02,0.06,N,O,1995-08-13,1995-07-27,1995-08-16,TAKE BACK RETURN,RAIL,y ironic platelets wake. quickly perm
14951-2,14951,1640,41,2,44.00,67832.16,0.09,0.02,N,O,1995-06-22,1995-06-25,1995-07-17,COLLECT COD,AIR,oxes after the fluffily even depos
14951-3,14951,1494,34,3,9.00,12559.41,0.04,0.02,N,O,1995-07-09,1995-07-15,1995-07-30,TAKE BACK RETURN,FOB,counts believe according
14951-4,14951,1852,53,4,42.00,73661.70,0.05,0.02,N,O,1995-08-22,1995-06-28,1995-09-21,DELIVER IN PERSON,MAIL, deposits.
14951-5,14951,341,70,5,1.00,1241.34,0.06,0.05,N,O,1995-08-21,1995-07-19,1995-09-13,COLLECT COD,FOB,refully fluffy deposits. depo
14951-6,14951,1925,26,6,5.00,9134.60,0.01,0.04,N,O,1995-09-09,1995-07-28,1995-09-13,COLLECT COD,FOB,ct even re
14976-1,14976,563,24,1,31.00,45370.36,0.07,0.04,N,O,1995-09-22,1995-10-05,1995-09-23,NONE,REG AIR, blithely regular packa
14976-2,14976,490,78,2,41.00,57010.09,0.05,0.04,N,O,1995-07-29,1995-10-02,1995-08-01,TAKE BACK RETURN,AIR,"ilent, final requests haggle furiou"
14976-3,14976,110,37,3,22.00,22222.42,0.00,0.04,N,O,1995-11-12,1995-09-26,1995-11-27,TAKE BACK RETURN,SHIP,ly: quickly silent deposits haggle 
14976-4,14976,1384,61,4,37.00,47559.06,0.01,0.00,N,O,1995-07-28,1995-09-03,1995-08-17,TAKE BACK RETURN,MAIL,bold requests. furiously final a
14976-5,14976,1692,34,5,11.00,17530.59,0.07,0.07,N,O,1995-10-31,1995-08-23,1995-11-12,NONE,MAIL,s nag quickly silent t
14977-1,14977,776,41,1,43.00,72101.11,0.08,0.02,N,O,1998-01-16,1997-12-19,1998-02-08,DELIVER IN PERSON,TRUCK, platelets thrash evenly alo
14978-1,14978,1110,19,1,23.00,23255.53,0.08,0.03,R,F,1993-09-21,1993-07-06,1993-10-13,TAKE BACK RETURN,AIR,xes run carefully carefully unusual depo
14978-2,14978,557,88,2,3.00,4372.65,0.08,0.04,R,F,1993-06-10,1993-08-17,1993-07-03,DELIVER IN PERSON,SHIP, furiously across the pinto bea
14978-3,14978,1469,48,3,24.00,32891.04,0.04,0.03,R,F,1993-06-01,1993-08-24,1993-06-29,DELIVER IN PERSON,RAIL, according to the slyly pending requests
14978-4,14978,1130,67,4,47.00,48463.11,0.09,0.08,R,F,1993-08-27,1993-07-26,1993-09-03,TAKE BACK RETURN,SHIP,tes detect: carefully pending
14979-1,14979,849,50,1,15.00,26247.60,0.00,0.03,N,O,1996-07-07,1996-09-12,1996-07-25,COLLECT COD,REG AIR, sleep foxes. furiously express deposi
14979-2,14979,531,62,2,46.00,65850.38,0.04,0.00,N,O,1996-08-01,1996-08-27,1996-08-25,DELIVER IN PERSON,SHIP,"s. pending, pending deposits "
14980-1,14980,1717,18,1,19.00,30755.49,0.09,0.06,R,F,1992-07-17,1992-10-01,1992-08-08,NONE,AIR,ly regular a
14980-2,14980,125,4,2,36.00,36904.32,0.08,0.03,A,F,1992-09-21,1992-09-08,1992-10-10,DELIVER IN PERSON,TRUCK, regular dinos. instructions acco
14980-3,14980,585,16,3,40.00,59423.20,0.03,0.04,R,F,1992-10-26,1992-10-02,1992-11-21,COLLECT COD,FOB, bold packages. care
14980-4,14980,198,25,4,3.00,3294.57,0.06,0.04,R,F,1992-11-10,1992-09-26,1992-11-30,TAKE BACK RETURN,TRUCK,sits affix fluffily acc
14980-5,14980,1335,12,5,20.00,24726.60,0.08,0.06,R,F,1992-09-12,1992-09-10,1992-10-01,DELIVER IN PERSON,AIR,ajole slyly furiously fin
14980-6,14980,569,70,6,24.00,35269.44,0.04,0.06,R,F,1992-07-27,1992-09-28,1992-08-25,TAKE BACK RETURN,AIR," about the final requests. thin, regular "
14981-1,14981,1842,29,1,7.00,12206.88,0.08,0.07,A,F,1994-01-30,1993-12-28,1994-02-06,NONE,TRUCK,ial packages b
14981-2,14981,1929,30,2,42.00,76898.64,0.04,0.03,R,F,1994-01-30,1993-12-14,1994-02-02,DELIVER IN PERSON,AIR,"ding, bold acc"
14981-3,14981,481,11,3,29.00,40062.92,0.09,0.06,A,F,1993-12-27,1994-01-13,1994-01-06,NONE,SHIP,ckly. final realms wake. blithely stealth
14981-4,14981,1198,7,4,49.00,53860.31,0.04,0.01,A,F,1993-11-11,1993-12-26,1993-12-10,TAKE BACK RETURN,SHIP,ackages are q
14981-5,14981,1537,18,5,6.00,8631.18,0.04,0.03,R,F,1994-01-06,1994-01-01,1994-01-22,DELIVER IN PERSON,REG AIR,sleep quickly. carefully express pa
14981-6,14981,1959,92,6,33.00,61411.35,0.03,0.00,A,F,1994-01-01,1993-11-29,1994-01-27,TAKE BACK RETURN,RAIL,y furiously fi
14981-7,14981,958,93,7,17.00,31602.15,0.07,0.06,A,F,1993-12-17,1993-12-16,1993-12-26,NONE,RAIL,ly silent re
14982-1,14982,1202,40,1,3.00,3309.60,0.08,0.05,R,F,1994-06-20,1994-04-22,1994-06-28,TAKE BACK RETURN,AIR,ctions detect blith
14983-1,14983,1999,44,1,12.00,22811.88,0.09,0.04,A,F,1994-05-08,1994-04-23,1994-05-28,NONE,RAIL,furiously express 
14983-2,14983,1818,48,2,33.00,56753.73,0.02,0.08,R,F,1994-02-13,1994-05-03,1994-03-13,COLLECT COD,AIR,oxes nag fu
14983-3,14983,441,71,3,32.00,42926.08,0.07,0.01,A,F,1994-03-06,1994-03-28,1994-03-29,NONE,TRUCK,ar instructions about th
14983-4,14983,1160,97,4,44.00,46691.04,0.07,0.07,R,F,1994-05-10,1994-04-24,1994-05-25,COLLECT COD,RAIL,"hely special,"
14983-5,14983,627,90,5,14.00,21386.68,0.08,0.03,A,F,1994-06-09,1994-05-05,1994-06-18,NONE,REG AIR,riously slyl
14983-6,14983,776,41,6,30.00,50303.10,0.08,0.07,R,F,1994-03-15,1994-04-16,1994-03-28,TAKE BACK RETURN,FOB, alongside of the 
15008-1,15008,1217,29,1,38.00,42491.98,0.01,0.01,N,O,1997-12-24,1998-03-03,1998-01-08,TAKE BACK RETURN,MAIL, quickly furiously
15009-1,15009,1913,2,1,39.00,70781.49,0.07,0.07,N,O,1996-04-06,1996-03-03,1996-04-23,COLLECT COD,FOB,gularly abo
15009-2,15009,1322,99,2,42.00,51379.44,0.04,0.06,N,O,1996-01-26,1996-03-06,1996-01-27,TAKE BACK RETURN,REG AIR, instructions hinder i
15009-3,15009,1611,53,3,23.00,34790.03,0.07,0.06,N,O,1996-03-30,1996-02-15,1996-04-12,COLLECT COD,FOB,ironic courts u
15009-4,15009,888,88,4,3.00,5366.64,0.03,0.03,N,O,1996-04-18,1996-02-04,1996-05-05,COLLECT COD,TRUCK,regular deposits wak
15010-1,15010,1428,7,1,4.00,5317.68,0.09,0.03,R,F,1994-03-24,1994-02-11,1994-04-03,COLLECT COD,MAIL,uffily express depen
15010-2,15010,491,79,2,9.00,12523.41,0.03,0.08,R,F,1994-02-23,1994-02-05,1994-03-07,COLLECT COD,REG AIR,ing theodolites: even requests after the 
15010-3,15010,1784,11,3,36.00,60688.08,0.04,0.05,R,F,1993-12-23,1994-01-25,1994-01-06,COLLECT COD,SHIP,ld foxes. unusual deposits sno
15010-4,15010,1719,4,4,44.00,71311.24,0.07,0.01,A,F,1994-01-08,1994-01-03,1994-01-31,DELIVER IN PERSON,TRUCK,carefully special accounts are ca
15010-5,15010,1695,96,5,19.00,30337.11,0.06,0.04,A,F,1994-02-02,1994-02-03,1994-02-24,TAKE BACK RETURN,SHIP,uriously ironic
15011-1,15011,1030,36,1,41.00,38172.23,0.01,0.02,R,F,1994-11-29,1994-11-04,1994-12-10,DELIVER IN PERSON,MAIL,uickly to the furious
15011-2,15011,916,85,2,44.00,79944.04,0.03,0.02,R,F,1994-12-19,1994-10-23,1995-01-10,NONE,FOB, cajole carefully slyly final courts. 
15012-1,15012,474,62,1,28.00,38485.16,0.10,0.03,A,F,1993-03-30,1993-04-18,1993-04-28,NONE,AIR, against the blithely 
15013-1,15013,1732,17,1,49.00,80052.77,0.03,0.06,A,F,1992-08-14,1992-05-23,1992-08-21,TAKE BACK RETURN,AIR,st the blith
15014-1,15014,1656,39,1,13.00,20249.45,0.10,0.05,R,F,1993-05-15,1993-03-28,1993-05-31,COLLECT COD,SHIP,ts. pinto beans cajole slyly even frays. 
15014-2,15014,1889,90,2,23.00,41190.24,0.02,0.04,A,F,1993-04-18,1993-04-01,1993-05-12,TAKE BACK RETURN,REG AIR,the stealthily f
15014-3,15014,1918,7,3,2.00,3639.82,0.00,0.03,R,F,1993-03-19,1993-05-04,1993-04-11,NONE,RAIL,ans. carefully 
15014-4,15014,442,43,4,16.00,21479.04,0.06,0.07,A,F,1993-05-27,1993-04-10,1993-06-11,DELIVER IN PERSON,RAIL,ial pinto beans. fu
15014-5,15014,680,43,5,33.00,52162.44,0.01,0.03,A,F,1993-03-22,1993-04-05,1993-04-19,NONE,REG AIR,furious theodolites
15014-6,15014,1554,35,6,8.00,11644.40,0.04,0.03,R,F,1993-06-09,1993-04-16,1993-06-29,COLLECT COD,REG AIR,"dazzle finally accounts. even, pen"
15015-1,15015,734,99,1,3.00,4904.19,0.01,0.06,R,F,1994-01-27,1994-01-26,1994-02-16,DELIVER IN PERSON,SHIP,ithely above the blith
15015-2,15015,1831,61,2,7.00,12129.81,0.00,0.00,A,F,1994-02-22,1994-01-12,1994-03-21,TAKE BACK RETURN,AIR,y pending foxes solve. 
15015-3,15015,1022,93,3,3.00,2769.06,0.09,0.08,R,F,1994-03-13,1994-02-19,1994-03-24,TAKE BACK RETURN,SHIP,e final excuses us
15015-4,15015,1161,70,4,29.00,30802.64,0.00,0.04,R,F,1994-02-20,1994-01-17,1994-03-01,TAKE BACK RETURN,RAIL, special depo
15040-1,15040,1592,93,1,7.00,10455.13,0.05,0.01,A,F,1994-12-10,1995-01-04,1994-12-18,DELIVER IN PERSON,REG AIR, furiously special depende
15040-2,15040,668,100,2,19.00,29804.54,0.02,0.05,R,F,1994-12-16,1995-02-28,1994-12-21,NONE,REG AIR,ly. unusual requests boost.
15040-3,15040,432,33,3,21.00,27981.03,0.10,0.08,R,F,1995-03-12,1995-02-19,1995-03-18,COLLECT COD,AIR,ages? blithe
15040-4,15040,1393,32,4,30.00,38831.70,0.03,0.08,A,F,1994-12-23,1995-02-26,1995-01-06,DELIVER IN PERSON,TRUCK,"al, bold deposits mold carefully"
15040-5,15040,217,99,5,14.00,15640.94,0.06,0.01,R,F,1995-03-12,1995-01-11,1995-03-23,TAKE BACK RETURN,SHIP,al pinto beans; 
15040-6,15040,1154,63,6,15.00,15827.25,0.04,0.00,R,F,1995-03-05,1995-01-26,1995-04-03,TAKE BACK RETURN,AIR,ic dependencies are s
15040-7,15040,827,94,7,30.00,51834.60,0.03,0.06,R,F,1995-01-17,1995-01-28,1995-01-19,DELIVER IN PERSON,REG AIR,egular escapades are even deposits
15041-1,15041,1323,100,1,34.00,41626.88,0.10,0.07,N,O,1998-06-27,1998-04-26,1998-07-20,DELIVER IN PERSON,RAIL,sly even requests doze carefully alon
15041-2,15041,1154,91,2,34.00,35875.10,0.04,0.05,N,O,1998-07-08,1998-05-13,1998-07-14,DELIVER IN PERSON,AIR,ges above the slyly eve
15041-3,15041,250,78,3,13.00,14953.25,0.09,0.06,N,O,1998-05-24,1998-06-06,1998-06-16,DELIVER IN PERSON,RAIL,sts doze slyly around
15041-4,15041,1162,63,4,40.00,42526.40,0.04,0.08,N,O,1998-06-21,1998-05-05,1998-07-21,NONE,AIR,der carefu
15041-5,15041,797,30,5,48.00,81493.92,0.01,0.08,N,O,1998-07-12,1998-06-09,1998-08-03,TAKE BACK RETURN,AIR, are idly ironic accounts. slyly final r
15041-6,15041,1767,10,6,2.00,3337.52,0.00,0.08,N,O,1998-06-26,1998-04-27,1998-07-18,NONE,MAIL,s boost quickly quickly regular asymptotes.
15042-1,15042,1569,70,1,29.00,42646.24,0.00,0.08,N,O,1996-05-20,1996-06-16,1996-05-22,NONE,SHIP,yly furiously even ideas. re
15042-2,15042,1900,87,2,24.00,43245.60,0.07,0.08,N,O,1996-03-25,1996-05-09,1996-04-22,DELIVER IN PERSON,MAIL,blithely regula
15043-1,15043,1473,13,1,12.00,16493.64,0.07,0.03,R,F,1992-11-09,1992-11-21,1992-11-10,TAKE BACK RETURN,MAIL,ular requests believe quickly. furiously 
15043-2,15043,134,35,2,46.00,47569.98,0.05,0.07,R,F,1992-10-20,1992-11-09,1992-11-02,COLLECT COD,SHIP,lithely pending 
15043-3,15043,830,64,3,30.00,51924.90,0.07,0.01,R,F,1992-11-09,1992-12-19,1992-11-24,COLLECT COD,RAIL,quickly bold dependencies haggle furiously 
15043-4,15043,1764,7,4,28.00,46641.28,0.03,0.00,A,F,1992-11-13,1992-11-01,1992-12-05,NONE,AIR,lyly regular theodolites h
15043-5,15043,1270,71,5,33.00,38651.91,0.00,0.04,R,F,1992-11-29,1992-11-20,1992-12-24,COLLECT COD,FOB,sly. carefully iron
15044-1,15044,1011,82,1,30.00,27360.30,0.01,0.03,A,F,1992-07-02,1992-06-03,1992-07-16,NONE,AIR,"carefully. final, ironi"
15044-2,15044,625,88,2,31.00,47294.22,0.07,0.01,A,F,1992-05-25,1992-05-28,1992-06-04,DELIVER IN PERSON,SHIP,s affix ar
15045-1,15045,1008,14,1,32.00,29088.00,0.07,0.03,A,F,1993-09-30,1993-10-03,1993-10-08,COLLECT COD,MAIL,totes use furiously notornis. furiously 
15045-2,15045,716,13,2,18.00,29100.78,0.06,0.04,R,F,1993-12-03,1993-10-31,1993-12-27,DELIVER IN PERSON,MAIL,s deposits bo
15045-3,15045,1501,82,3,20.00,28050.00,0.07,0.08,A,F,1993-12-20,1993-11-03,1993-12-29,COLLECT COD,AIR,kages integrate blithely alongside of 
15045-4,15045,745,42,4,31.00,51017.94,0.06,0.05,R,F,1993-12-08,1993-10-31,1993-12-24,TAKE BACK RETURN,RAIL,platelets nag furiously. quickly pending 
15045-5,15045,1867,68,5,38.00,67216.68,0.00,0.03,R,F,1993-09-09,1993-10-05,1993-10-08,COLLECT COD,AIR,"ing, regular deposits cajole "
15045-6,15045,792,89,6,5.00,8463.95,0.00,0.08,R,F,1993-08-26,1993-11-13,1993-09-21,TAKE BACK RETURN,MAIL, beans. furiously express requests
15045-7,15045,655,18,7,16.00,24890.40,0.04,0.06,R,F,1993-10-06,1993-11-15,1993-10-21,COLLECT COD,MAIL,ngside of the fluffily i
15046-1,15046,1873,3,1,30.00,53246.10,0.00,0.04,N,O,1997-09-21,1997-11-22,1997-10-15,TAKE BACK RETURN,RAIL,"ages. bold, pe"
15046-2,15046,374,3,2,3.00,3823.11,0.03,0.07,N,O,1997-12-27,1997-11-15,1998-01-19,NONE,MAIL, ideas detect slyly
15046-3,15046,964,33,3,29.00,54083.84,0.04,0.03,N,O,1997-12-09,1997-11-27,1997-12-20,COLLECT COD,SHIP,lithely un
15046-4,15046,1469,48,4,43.00,58929.78,0.03,0.06,N,O,1997-10-11,1997-11-09,1997-10-21,NONE,TRUCK,o the even instructions! blithely i
15046-5,15046,1712,39,5,36.00,58093.56,0.10,0.02,N,O,1997-09-21,1997-10-22,1997-10-10,NONE,FOB, to the fluffily spe
15046-6,15046,269,24,6,12.00,14031.12,0.10,0.02,N,O,1997-12-02,1997-10-31,1997-12-31,NONE,FOB,g accounts. final accounts b
15047-1,15047,525,86,1,42.00,59871.84,0.00,0.01,R,F,1992-11-21,1992-09-12,1992-12-11,DELIVER IN PERSON,REG AIR,ans. furiously pen
15072-1,15072,1389,66,1,34.00,43872.92,0.01,0.01,N,O,1997-03-06,1997-04-14,1997-03-16,COLLECT COD,FOB,lithely unusual in
15072-2,15072,1847,77,2,47.00,82195.48,0.03,0.07,N,O,1997-04-14,1997-04-18,1997-05-13,NONE,SHIP,he quickly sp
15072-3,15072,1687,70,3,3.00,4766.04,0.09,0.05,N,O,1997-03-24,1997-04-18,1997-04-06,DELIVER IN PERSON,RAIL,. ironic requests unw
15072-4,15072,279,34,4,31.00,36557.37,0.03,0.01,N,O,1997-03-10,1997-03-29,1997-04-02,TAKE BACK RETURN,FOB,ages cajole furiousl
15072-5,15072,1558,79,5,41.00,59841.55,0.05,0.06,N,O,1997-06-26,1997-04-17,1997-07-25,DELIVER IN PERSON,TRUCK,s Tiresias sleep. quic
15072-6,15072,561,22,6,38.00,55539.28,0.04,0.03,N,O,1997-06-27,1997-05-27,1997-07-27,DELIVER IN PERSON,AIR,lly around the car
15073-1,15073,119,72,1,39.00,39745.29,0.04,0.04,A,F,1992-03-21,1992-04-18,1992-03-23,TAKE BACK RETURN,AIR,ackages. carefully ironic instructions na
15073-2,15073,638,1,2,12.00,18463.56,0.08,0.04,A,F,1992-03-19,1992-02-25,1992-04-07,COLLECT COD,FOB,uctions wake slyly expr
15073-3,15073,1524,45,3,15.00,21382.80,0.01,0.01,A,F,1992-05-16,1992-03-23,1992-05-19,NONE,AIR,sleep carefully even deposi
15074-1,15074,903,72,1,49.00,88391.10,0.06,0.07,R,F,1995-01-18,1995-01-17,1995-02-16,COLLECT COD,RAIL,final requests. blithely regular packag
15074-2,15074,1785,86,2,23.00,38795.94,0.04,0.04,A,F,1995-02-02,1995-01-18,1995-02-19,NONE,FOB,nal accounts haggle furi
15075-1,15075,535,26,1,9.00,12919.77,0.02,0.06,A,F,1994-12-05,1994-11-26,1995-01-02,DELIVER IN PERSON,SHIP,ajole fluffily stealthy instru
15075-2,15075,127,80,2,39.00,40057.68,0.04,0.08,A,F,1995-01-08,1994-12-20,1995-01-25,NONE,FOB,s. ironic deposits cajole furiously final r
15075-3,15075,1911,12,3,26.00,47135.66,0.10,0.07,A,F,1995-01-18,1994-12-04,1995-01-25,COLLECT COD,TRUCK,ly regular excuses sleep blith
15075-4,15075,496,26,4,39.00,54463.11,0.07,0.05,R,F,1994-11-22,1994-12-04,1994-12-11,DELIVER IN PERSON,FOB,carefully unusual depos
15075-5,15075,1674,75,5,42.00,66178.14,0.08,0.00,A,F,1994-12-03,1995-01-02,1994-12-20,DELIVER IN PERSON,TRUCK,al accounts. furiously regular foxe
15075-6,15075,1447,87,6,1.00,1348.44,0.09,0.08,R,F,1995-02-02,1994-11-27,1995-02-19,COLLECT COD,FOB, boldly across th
15076-1,15076,223,5,1,25.00,28080.50,0.06,0.06,N,O,1996-07-07,1996-06-16,1996-07-09,COLLECT COD,MAIL,counts. regul
15077-1,15077,1828,15,1,15.00,25947.30,0.03,0.08,N,O,1997-09-01,1997-06-17,1997-09-25,TAKE BACK RETURN,SHIP,uests integrate: idly pending requests mu
15077-2,15077,987,22,2,38.00,71743.24,0.02,0.04,N,O,1997-07-17,1997-07-03,1997-08-16,COLLECT COD,MAIL, unusual excuse
15077-3,15077,268,96,3,36.00,42057.36,0.07,0.02,N,O,1997-06-07,1997-08-07,1997-06-28,DELIVER IN PERSON,REG AIR, final packa
15077-4,15077,1115,52,4,6.00,6096.66,0.04,0.08,N,O,1997-09-05,1997-07-23,1997-09-10,DELIVER IN PERSON,RAIL,y even requests
15077-5,15077,275,76,5,19.00,22330.13,0.05,0.05,N,O,1997-08-19,1997-07-23,1997-08-28,COLLECT COD,TRUCK,bout the slyly express p
15077-6,15077,1997,42,6,35.00,66464.65,0.07,0.07,N,O,1997-05-22,1997-08-03,1997-06-17,COLLECT COD,FOB,uriously ironic 
15077-7,15077,1175,12,7,37.00,39818.29,0.03,0.01,N,O,1997-05-16,1997-07-06,1997-05-22,TAKE BACK RETURN,SHIP,carefully special 
15078-1,15078,1734,35,1,35.00,57250.55,0.02,0.05,R,F,1993-12-10,1993-12-11,1993-12-18,NONE,TRUCK," the ironic, bold excu"
15078-2,15078,1184,85,2,44.00,47747.92,0.00,0.02,R,F,1994-02-09,1993-12-17,1994-02-18,DELIVER IN PERSON,RAIL,oze slyly ironic foxe
15078-3,15078,1262,63,3,39.00,45367.14,0.03,0.06,R,F,1993-11-13,1994-01-11,1993-12-11,DELIVER IN PERSON,FOB,ely ironic ideas. ironic foxes boost outsid
15078-4,15078,417,18,4,37.00,48744.17,0.06,0.04,A,F,1993-12-11,1994-01-12,1994-01-05,NONE,RAIL,". ironic, bold excus"
15078-5,15078,1755,40,5,20.00,33135.00,0.05,0.05,A,F,1993-11-19,1993-12-13,1993-11-23,NONE,RAIL,thely regular sentiments sleep slyly e
15079-1,15079,350,51,1,9.00,11253.15,0.09,0.00,R,F,1993-02-16,1993-03-10,1993-02-19,COLLECT COD,RAIL, are slyly carefully even packages.
15079-2,15079,179,6,2,39.00,42087.63,0.00,0.03,R,F,1993-03-06,1993-03-13,1993-03-28,DELIVER IN PERSON,REG AIR,counts wake caref
15079-3,15079,1034,40,3,24.00,22440.72,0.10,0.08,A,F,1993-03-20,1993-04-15,1993-04-05,NONE,RAIL,encies haggle slyly above the furiously reg
15079-4,15079,1607,49,4,37.00,55818.20,0.08,0.08,A,F,1993-04-06,1993-04-07,1993-04-07,TAKE BACK RETURN,REG AIR, slyly unusual deposits across th
15079-5,15079,184,37,5,41.00,44451.38,0.06,0.07,R,F,1993-03-03,1993-04-06,1993-03-25,COLLECT COD,REG AIR,deas. ideas cajole after the bl
15079-6,15079,1439,40,6,11.00,14744.73,0.09,0.08,R,F,1993-01-27,1993-03-08,1993-02-20,TAKE BACK RETURN,TRUCK,nal foxes. carefully
15079-7,15079,1992,25,7,33.00,62501.67,0.03,0.04,R,F,1993-05-03,1993-03-22,1993-06-02,NONE,SHIP, deposits. dog
15104-1,15104,1259,97,1,21.00,24365.25,0.00,0.02,R,F,1992-07-17,1992-06-05,1992-08-09,NONE,RAIL,ording to the sly
15105-1,15105,1326,3,1,10.00,12273.20,0.05,0.00,R,F,1995-02-01,1995-01-09,1995-02-14,DELIVER IN PERSON,TRUCK,nto beans. unusual 
15106-1,15106,928,97,1,43.00,78643.56,0.02,0.01,A,F,1995-03-23,1995-04-07,1995-04-14,TAKE BACK RETURN,MAIL,. blithely bol
15106-2,15106,80,31,2,22.00,21561.76,0.00,0.06,A,F,1995-02-28,1995-04-07,1995-03-19,COLLECT COD,TRUCK, platelets. furiously even excuses i
15106-3,15106,302,59,3,3.00,3606.90,0.05,0.03,A,F,1995-03-30,1995-03-03,1995-04-04,DELIVER IN PERSON,MAIL,s according to the even requests haggle 
15106-4,15106,990,91,4,32.00,60511.68,0.02,0.07,A,F,1995-03-04,1995-04-24,1995-03-05,NONE,SHIP,he furiously final ide
15106-5,15106,191,18,5,29.00,31644.51,0.01,0.04,A,F,1995-03-19,1995-04-12,1995-03-21,TAKE BACK RETURN,TRUCK,oxes. carefully ironic depo
15106-6,15106,1315,92,6,13.00,15812.03,0.01,0.02,A,F,1995-03-10,1995-04-04,1995-03-19,TAKE BACK RETURN,MAIL, unwind. fu
15107-1,15107,937,40,1,26.00,47786.18,0.09,0.07,N,O,1996-07-16,1996-08-16,1996-08-12,NONE,SHIP,sleep quickly pinto beans. quickly bol
15107-2,15107,1326,3,2,50.00,61366.00,0.05,0.03,N,O,1996-06-20,1996-08-04,1996-07-06,TAKE BACK RETURN,RAIL, sleep carefully slyly final
15107-3,15107,1753,96,3,42.00,69499.50,0.04,0.01,N,O,1996-06-11,1996-08-22,1996-06-30,DELIVER IN PERSON,FOB,nwind pending deposits. slyly unusu
15107-4,15107,758,91,4,14.00,23222.50,0.07,0.02,N,O,1996-09-21,1996-08-27,1996-10-08,COLLECT COD,FOB,nto beans cajole idle reques
15107-5,15107,142,95,5,50.00,52107.00,0.07,0.06,N,O,1996-09-08,1996-07-20,1996-10-03,DELIVER IN PERSON,REG AIR, across the blithe
15108-1,15108,1018,54,1,49.00,45031.49,0.02,0.01,A,F,1994-11-21,1994-10-03,1994-11-29,DELIVER IN PERSON,TRUCK,e blithely pending accoun
15108-2,15108,1028,99,2,39.00,36231.78,0.05,0.03,R,F,1994-10-20,1994-11-04,1994-10-24,DELIVER IN PERSON,SHIP,across the blithely express sauternes. r
15108-3,15108,662,56,3,25.00,39066.50,0.03,0.06,A,F,1994-10-14,1994-11-05,1994-11-06,DELIVER IN PERSON,FOB,"le, special requests. "
15108-4,15108,179,80,4,29.00,31295.93,0.06,0.02,A,F,1994-11-22,1994-11-09,1994-12-04,NONE,TRUCK,uickly regular platelets
15108-5,15108,502,33,5,30.00,42075.00,0.01,0.08,A,F,1994-11-23,1994-10-10,1994-12-01,COLLECT COD,FOB,c deposits haggle
15108-6,15108,441,71,6,3.00,4024.32,0.05,0.04,A,F,1994-09-09,1994-11-11,1994-09-10,COLLECT COD,TRUCK,blithely inside the ironic accounts
15109-1,15109,703,36,1,27.00,43299.90,0.02,0.04,A,F,1994-01-01,1994-01-18,1994-01-10,COLLECT COD,AIR,gular accounts.
15109-2,15109,1869,56,2,9.00,15937.74,0.03,0.07,A,F,1994-01-03,1994-02-14,1994-01-21,NONE,TRUCK,riously final deposits 
15109-3,15109,598,29,3,42.00,62940.78,0.03,0.05,R,F,1994-02-15,1994-03-02,1994-03-01,TAKE BACK RETURN,MAIL,at the ideas. slyly unusual acco
15109-4,15109,67,68,4,39.00,37715.34,0.08,0.06,R,F,1994-03-15,1994-02-10,1994-03-29,NONE,TRUCK,to beans ar
15109-5,15109,481,69,5,42.00,58022.16,0.09,0.08,R,F,1994-01-10,1994-01-29,1994-01-30,COLLECT COD,SHIP,st. always even excuses 
15109-6,15109,931,100,6,7.00,12823.51,0.09,0.05,A,F,1994-02-03,1994-03-08,1994-02-05,NONE,AIR,ecial orbits mold 
15109-7,15109,475,76,7,36.00,49516.92,0.09,0.08,R,F,1994-03-07,1994-02-28,1994-03-16,COLLECT COD,REG AIR,y around the sly
15110-1,15110,668,31,1,38.00,59609.08,0.06,0.07,A,F,1993-09-07,1993-10-29,1993-09-29,TAKE BACK RETURN,TRUCK, carefully regular ideas may are about the 
15111-1,15111,1974,75,1,19.00,35643.43,0.09,0.04,A,F,1995-02-18,1995-03-15,1995-03-17,NONE,AIR,ncies. ruthless pinto beans haggle ca
15111-2,15111,79,80,2,13.00,12727.91,0.07,0.00,R,F,1995-03-01,1995-03-08,1995-03-02,DELIVER IN PERSON,REG AIR,"kages. even, thin asymptotes print idly fi"
15111-3,15111,444,3,3,42.00,56466.48,0.09,0.08,R,F,1995-02-19,1995-02-14,1995-02-24,TAKE BACK RETURN,MAIL,luffily silent theodolites. blithely
15111-4,15111,1798,83,4,31.00,52693.49,0.09,0.06,A,F,1995-04-12,1995-03-11,1995-05-10,TAKE BACK RETURN,AIR,arly. slyly fin
15136-1,15136,68,69,1,39.00,37754.34,0.10,0.05,N,O,1996-04-07,1996-02-21,1996-04-15,DELIVER IN PERSON,TRUCK,e slyly regular ideas? slyly fi
15136-2,15136,403,62,2,45.00,58653.00,0.04,0.02,N,O,1996-02-17,1996-02-09,1996-02-20,NONE,AIR,platelets. carefully regular requests a
15137-1,15137,1783,26,1,11.00,18532.58,0.10,0.03,N,O,1996-08-10,1996-05-16,1996-08-30,NONE,AIR,ideas wake slowly al
15137-2,15137,945,48,2,48.00,88605.12,0.08,0.02,N,O,1996-05-05,1996-06-03,1996-05-25,NONE,AIR,ual instructions boost after the reques
15138-1,15138,1031,32,1,4.00,3728.12,0.07,0.01,R,F,1995-03-10,1995-05-11,1995-03-31,DELIVER IN PERSON,SHIP,final courts integrate quickly agai
15138-2,15138,1266,67,2,30.00,35017.80,0.04,0.02,N,F,1995-06-12,1995-04-15,1995-06-25,NONE,SHIP, theodolites along the furiou
15139-1,15139,1986,75,1,3.00,5663.94,0.04,0.03,A,F,1995-03-02,1995-01-23,1995-03-14,COLLECT COD,AIR,lyly even requests. carefully ruthl
15139-2,15139,1793,94,2,24.00,40674.96,0.02,0.08,R,F,1995-03-19,1995-01-22,1995-04-08,DELIVER IN PERSON,FOB,"uses! even, even r"
15139-3,15139,1433,12,3,24.00,32026.32,0.01,0.00,R,F,1995-03-19,1995-01-19,1995-03-26,NONE,TRUCK, according to the blithely r
15139-4,15139,1724,25,4,2.00,3251.44,0.05,0.07,A,F,1995-03-20,1995-02-13,1995-04-04,COLLECT COD,RAIL,"ly after the final, th"
15139-5,15139,832,32,5,5.00,8664.15,0.05,0.08,A,F,1994-12-04,1995-01-25,1994-12-28,COLLECT COD,FOB,ess packages boost
15139-6,15139,532,33,6,32.00,45840.96,0.03,0.04,A,F,1994-11-23,1995-02-12,1994-12-21,NONE,TRUCK,s. furiously special account
15140-1,15140,959,60,1,42.00,78117.90,0.04,0.04,N,O,1996-12-08,1997-01-15,1996-12-23,NONE,FOB,ymptotes. sometim
15140-2,15140,905,6,2,50.00,90295.00,0.04,0.00,N,O,1997-01-24,1996-12-27,1997-02-02,COLLECT COD,AIR,mong the quic
15140-3,15140,1876,20,3,26.00,46224.62,0.03,0.04,N,O,1996-11-08,1996-12-26,1996-11-19,NONE,FOB,he fluffily ironic depths eng
15140-4,15140,1929,62,4,12.00,21971.04,0.08,0.05,N,O,1997-02-16,1996-12-02,1997-03-04,TAKE BACK RETURN,TRUCK,"ts integrate after the bold, iro"
15140-5,15140,409,97,5,20.00,26188.00,0.09,0.02,N,O,1997-01-29,1997-01-07,1997-02-16,DELIVER IN PERSON,RAIL, pending pinto beans. slyly regular pac
15140-6,15140,1614,15,6,14.00,21218.54,0.05,0.05,N,O,1997-02-12,1997-01-22,1997-03-08,DELIVER IN PERSON,MAIL,"ular, ironic dol"
15140-7,15140,1516,57,7,50.00,70875.50,0.10,0.03,N,O,1996-12-14,1996-12-11,1996-12-24,NONE,MAIL,ites kindle slyly eve
15141-1,15141,1020,56,1,22.00,20262.44,0.02,0.05,R,F,1992-04-28,1992-03-20,1992-05-16,DELIVER IN PERSON,MAIL,ronic accounts shall have to nag. blit
15141-2,15141,1868,98,2,48.00,84953.28,0.05,0.08,R,F,1992-02-14,1992-03-20,1992-03-02,COLLECT COD,RAIL," foxes. even, exp"
15141-3,15141,1453,71,3,4.00,5417.80,0.00,0.00,A,F,1992-04-16,1992-02-27,1992-05-06,COLLECT COD,MAIL,ainst the caref
15141-4,15141,891,25,4,6.00,10751.34,0.00,0.05,R,F,1992-04-03,1992-03-31,1992-04-17,NONE,RAIL,tes haggle slyl
15141-5,15141,188,89,5,4.00,4352.72,0.00,0.04,A,F,1992-04-05,1992-02-21,1992-04-13,DELIVER IN PERSON,MAIL,"c, final depo"
15141-6,15141,1459,99,6,8.00,10883.60,0.01,0.07,A,F,1992-02-29,1992-02-17,1992-03-30,COLLECT COD,SHIP,dolites cajole slyly across the quic
15142-1,15142,525,16,1,12.00,17106.24,0.05,0.00,A,F,1992-07-06,1992-06-27,1992-07-22,TAKE BACK RETURN,RAIL,l instructions. fluffily
15142-2,15142,1523,44,2,49.00,69801.48,0.09,0.00,R,F,1992-06-15,1992-05-25,1992-06-29,DELIVER IN PERSON,FOB, the courts. depo
15142-3,15142,609,41,3,1.00,1509.60,0.01,0.08,A,F,1992-05-26,1992-06-11,1992-06-16,COLLECT COD,FOB,althy packag
15142-4,15142,412,42,4,13.00,17061.33,0.07,0.06,A,F,1992-04-28,1992-06-30,1992-05-20,TAKE BACK RETURN,MAIL,n requests-
15143-1,15143,787,52,1,7.00,11814.46,0.08,0.06,N,O,1998-09-19,1998-07-09,1998-10-15,DELIVER IN PERSON,AIR,. fluffily special deposits wake regu
15143-2,15143,1458,76,2,49.00,66613.05,0.01,0.03,N,O,1998-06-09,1998-07-10,1998-06-15,COLLECT COD,FOB,"ironic accounts. ironic,"
15143-3,15143,82,83,3,29.00,28480.32,0.08,0.00,N,O,1998-09-14,1998-07-05,1998-09-27,DELIVER IN PERSON,MAIL, nag carefully across the slyly silent excu
15143-4,15143,1060,66,4,48.00,46130.88,0.09,0.04,N,O,1998-09-04,1998-08-09,1998-09-30,COLLECT COD,FOB,quests are alongsi
15168-1,15168,979,80,1,44.00,82718.68,0.02,0.06,N,O,1996-07-07,1996-07-23,1996-08-05,NONE,SHIP,as are slyly ironic deposits. p
15169-1,15169,628,91,1,41.00,62673.42,0.05,0.04,N,O,1996-04-15,1996-07-01,1996-04-16,COLLECT COD,FOB,mong the silently even reques
15169-2,15169,1723,8,2,25.00,40618.00,0.10,0.08,N,O,1996-05-01,1996-05-11,1996-05-13,TAKE BACK RETURN,SHIP,. permanentl
15170-1,15170,906,7,1,22.00,39751.80,0.00,0.05,A,F,1994-04-06,1994-06-07,1994-04-29,TAKE BACK RETURN,AIR,ccounts. pack
15170-2,15170,1442,82,2,1.00,1343.44,0.07,0.06,A,F,1994-05-27,1994-05-24,1994-06-21,NONE,TRUCK,"l, pending i"
15170-3,15170,1525,26,3,10.00,14265.20,0.01,0.03,R,F,1994-04-18,1994-05-18,1994-05-07,COLLECT COD,MAIL,nticingly. blithe 
15170-4,15170,1999,44,4,11.00,20910.89,0.08,0.07,R,F,1994-03-28,1994-05-09,1994-04-12,DELIVER IN PERSON,REG AIR,quests. pending 
15171-1,15171,778,11,1,27.00,45326.79,0.08,0.03,N,O,1996-09-12,1996-10-31,1996-09-29,TAKE BACK RETURN,SHIP,sly ironic foxe
15172-1,15172,464,94,1,40.00,54578.40,0.02,0.03,N,O,1995-07-03,1995-08-13,1995-07-22,DELIVER IN PERSON,REG AIR,dolites cajole careful
15172-2,15172,641,35,2,19.00,29291.16,0.06,0.00,N,O,1995-08-03,1995-08-30,1995-08-05,COLLECT COD,RAIL,y bold theodolites? ex
15172-3,15172,1595,16,3,10.00,14965.90,0.03,0.06,N,O,1995-10-03,1995-08-08,1995-10-30,TAKE BACK RETURN,TRUCK,aggle. busily even platelets dazzle. pen
15172-4,15172,442,30,4,14.00,18794.16,0.08,0.05,N,O,1995-10-03,1995-08-08,1995-10-21,DELIVER IN PERSON,FOB,posits are above the blithely enticing mu
15172-5,15172,1623,6,5,1.00,1524.62,0.09,0.05,N,O,1995-08-24,1995-09-14,1995-08-31,NONE,FOB,its. carefully 
15173-1,15173,1571,52,1,40.00,58902.80,0.09,0.05,A,F,1992-07-02,1992-04-05,1992-07-13,TAKE BACK RETURN,FOB,s are sometime
15173-2,15173,290,45,2,9.00,10712.61,0.07,0.05,R,F,1992-05-29,1992-05-27,1992-06-14,NONE,SHIP,deposits cajole blithe
15173-3,15173,1454,33,3,21.00,28464.45,0.04,0.02,A,F,1992-03-18,1992-05-13,1992-04-11,DELIVER IN PERSON,AIR,kly. blithely even
15173-4,15173,70,71,4,21.00,20371.47,0.07,0.00,R,F,1992-05-13,1992-05-11,1992-06-09,TAKE BACK RETURN,FOB,e about the ironic
15173-5,15173,936,5,5,22.00,40412.46,0.04,0.04,R,F,1992-04-03,1992-05-24,1992-04-26,COLLECT COD,REG AIR,egularly. careful
15173-6,15173,465,95,6,34.00,46425.64,0.04,0.04,A,F,1992-06-27,1992-05-23,1992-07-13,COLLECT COD,AIR,g to the regular ideas. carefully 
15173-7,15173,1430,9,7,6.00,7988.58,0.10,0.04,A,F,1992-04-04,1992-04-18,1992-04-05,DELIVER IN PERSON,MAIL,ggle even pinto beans-- pinto beans u
15174-1,15174,1669,93,1,47.00,73821.02,0.08,0.08,A,F,1992-12-24,1993-01-16,1993-01-21,COLLECT COD,TRUCK,he requests. slyly even 
15175-1,15175,1420,99,1,30.00,39642.60,0.09,0.06,A,F,1992-09-29,1992-09-19,1992-10-11,COLLECT COD,REG AIR,ending reque
15175-2,15175,645,8,2,22.00,34004.08,0.01,0.03,R,F,1992-10-22,1992-09-22,1992-10-23,COLLECT COD,AIR,blithely. forges da
15200-1,15200,115,16,1,33.00,33498.63,0.01,0.01,R,F,1994-08-20,1994-06-01,1994-09-01,TAKE BACK RETURN,SHIP,y regular deposits. fluffily final requests
15200-2,15200,847,48,2,2.00,3495.68,0.01,0.08,R,F,1994-07-12,1994-06-20,1994-08-08,NONE,FOB, somas solv
15201-1,15201,133,60,1,2.00,2066.26,0.01,0.00,N,O,1995-06-22,1995-07-15,1995-07-04,COLLECT COD,TRUCK,ard the furious
15201-2,15201,820,20,2,40.00,68832.80,0.07,0.03,N,O,1995-08-03,1995-08-06,1995-08-11,DELIVER IN PERSON,FOB,". even, even accounts sleep fu"
15201-3,15201,942,45,3,22.00,40544.68,0.00,0.02,N,O,1995-09-26,1995-07-08,1995-10-24,TAKE BACK RETURN,AIR,osely bold ideas can 
15202-1,15202,314,99,1,48.00,58286.88,0.08,0.03,R,F,1993-10-31,1993-09-27,1993-11-25,DELIVER IN PERSON,REG AIR, special ac
15202-2,15202,876,77,2,42.00,74628.54,0.04,0.07,R,F,1993-07-22,1993-10-04,1993-07-29,DELIVER IN PERSON,REG AIR,telets cajole blithely even p
15202-3,15202,83,59,3,33.00,32441.64,0.00,0.03,R,F,1993-08-15,1993-09-11,1993-09-05,COLLECT COD,FOB," about the special, quick depths-- blit"
15202-4,15202,629,92,4,36.00,55066.32,0.02,0.00,R,F,1993-07-31,1993-10-06,1993-08-04,NONE,FOB,"s sleep express, even foxes. qu"
15202-5,15202,1953,86,5,37.00,68633.15,0.04,0.08,R,F,1993-07-14,1993-09-13,1993-08-12,TAKE BACK RETURN,TRUCK,des. blithely final th
15202-6,15202,358,87,6,44.00,55367.40,0.04,0.07,A,F,1993-09-28,1993-08-26,1993-10-18,COLLECT COD,RAIL,even accounts 
15202-7,15202,1541,42,7,17.00,24523.18,0.03,0.03,R,F,1993-10-08,1993-08-26,1993-10-09,NONE,TRUCK,accounts nag quietly fluffil
15203-1,15203,685,17,1,38.00,60255.84,0.00,0.04,N,O,1996-10-27,1996-10-18,1996-11-04,TAKE BACK RETURN,SHIP,nic foxes boost across the even deposits. 
15204-1,15204,1828,58,1,9.00,15568.38,0.10,0.03,A,F,1993-08-14,1993-06-21,1993-09-12,NONE,SHIP,"ully. express, expre"
15205-1,15205,348,49,1,31.00,38698.54,0.07,0.07,N,O,1995-07-05,1995-04-24,1995-07-23,NONE,FOB,gly regular dolphins caj
15205-2,15205,1651,34,2,31.00,48132.15,0.03,0.06,A,F,1995-05-27,1995-05-29,1995-06-16,DELIVER IN PERSON,FOB,longside of 
15205-3,15205,998,67,3,29.00,55070.71,0.01,0.03,A,F,1995-04-30,1995-04-17,1995-05-18,DELIVER IN PERSON,FOB,heodolites after the dino
15205-4,15205,15,91,4,43.00,39345.43,0.02,0.00,R,F,1995-04-30,1995-05-21,1995-05-22,NONE,TRUCK,s affix sly
15205-5,15205,553,14,5,41.00,59595.55,0.04,0.05,A,F,1995-04-17,1995-05-27,1995-05-01,DELIVER IN PERSON,FOB,ss requests cajole slyly request
15205-6,15205,902,3,6,11.00,19831.90,0.05,0.01,A,F,1995-05-15,1995-05-30,1995-05-17,DELIVER IN PERSON,FOB,dle among the ironic theo
15205-7,15205,1531,72,7,38.00,54436.14,0.09,0.04,R,F,1995-04-12,1995-05-14,1995-04-24,NONE,REG AIR,dencies are quickly fina
15206-1,15206,1598,19,1,46.00,68981.14,0.02,0.05,R,F,1993-12-12,1994-01-25,1994-01-11,NONE,TRUCK,s. slyly pending packages aft
15206-2,15206,1837,38,2,7.00,12171.81,0.04,0.07,R,F,1994-02-03,1993-12-21,1994-02-16,TAKE BACK RETURN,RAIL,heodolites at the fluffily special ideas de
15206-3,15206,110,11,3,31.00,31313.41,0.07,0.03,A,F,1994-01-14,1993-12-19,1994-02-03,NONE,RAIL,y pending deposits. slyly exp
15206-4,15206,1458,37,4,50.00,67972.50,0.03,0.01,R,F,1994-01-17,1993-12-07,1994-01-30,DELIVER IN PERSON,FOB,ns. quickly bold accounts wake carefull
15206-5,15206,1152,61,5,26.00,27381.90,0.00,0.04,R,F,1994-02-24,1994-01-30,1994-03-20,DELIVER IN PERSON,MAIL,"le carefully after the quick, bold"
15207-1,15207,77,53,1,47.00,45922.29,0.05,0.01,A,F,1992-12-26,1992-11-20,1993-01-03,DELIVER IN PERSON,REG AIR,ctions. fluffily quiet instructi
15207-2,15207,1795,38,2,50.00,84839.50,0.04,0.07,A,F,1992-11-04,1992-11-06,1992-11-21,TAKE BACK RETURN,SHIP,ages. regular pinto
15232-1,15232,31,32,1,29.00,26999.87,0.04,0.05,N,O,1997-04-07,1997-02-25,1997-04-13,NONE,RAIL,uctions. slyly quick foxes across the eve
15232-2,15232,1303,18,2,10.00,12043.00,0.10,0.04,N,O,1997-03-21,1997-03-06,1997-03-22,TAKE BACK RETURN,FOB, accounts. unusual theodolites haggle:
15233-1,15233,1499,39,1,25.00,35012.25,0.10,0.08,A,F,1993-02-24,1993-02-01,1993-03-14,COLLECT COD,RAIL,carefully about the iro
15233-2,15233,1729,14,2,48.00,78274.56,0.06,0.03,A,F,1993-04-09,1993-02-03,1993-04-29,NONE,TRUCK,eans! blithely final requests accordin
15233-3,15233,1235,47,3,9.00,10226.07,0.08,0.07,R,F,1993-01-15,1993-03-27,1993-01-25,COLLECT COD,MAIL,ong the blithely bold excuses sleep bold
15233-4,15233,49,25,4,26.00,24675.04,0.10,0.08,R,F,1993-03-15,1993-02-09,1993-03-16,NONE,SHIP,riously unusual excuses hinder foxe
15233-5,15233,1479,19,5,39.00,53838.33,0.08,0.00,R,F,1993-01-27,1993-03-26,1993-02-16,NONE,AIR,s against t
15233-6,15233,1168,5,6,28.00,29936.48,0.06,0.06,A,F,1993-02-18,1993-02-10,1993-02-25,TAKE BACK RETURN,TRUCK,ckly express foxes cajole fu
15234-1,15234,1651,34,1,35.00,54342.75,0.04,0.07,R,F,1993-05-02,1993-04-27,1993-05-28,COLLECT COD,REG AIR,ter the pending accounts. accounts haggle f
15234-2,15234,1580,81,2,22.00,32594.76,0.00,0.03,R,F,1993-03-25,1993-05-19,1993-04-13,NONE,MAIL, express packages boost
15234-3,15234,728,61,3,38.00,61891.36,0.10,0.04,A,F,1993-05-28,1993-05-03,1993-06-08,COLLECT COD,RAIL,dugouts thrash care
15234-4,15234,507,38,4,11.00,15482.50,0.05,0.06,A,F,1993-04-03,1993-04-17,1993-04-17,TAKE BACK RETURN,SHIP,l pinto beans
15235-1,15235,1759,60,1,49.00,81376.75,0.08,0.07,N,O,1996-03-23,1996-03-18,1996-04-15,NONE,AIR,ial packages engage
15235-2,15235,1449,89,2,35.00,47265.40,0.08,0.07,N,O,1996-02-14,1996-03-10,1996-02-25,TAKE BACK RETURN,SHIP,ments. furiously regular reques
15236-1,15236,909,12,1,32.00,57916.80,0.04,0.07,A,F,1992-08-06,1992-06-29,1992-08-20,TAKE BACK RETURN,AIR,eep regular requests.
15236-2,15236,242,70,2,2.00,2284.48,0.10,0.06,A,F,1992-06-01,1992-07-07,1992-06-04,NONE,RAIL,uests. blithely sil
15236-3,15236,1564,5,3,3.00,4396.68,0.07,0.01,A,F,1992-04-16,1992-05-11,1992-04-29,COLLECT COD,RAIL,"lar, silent instructions. furious"
15236-4,15236,573,64,4,34.00,50101.38,0.05,0.05,R,F,1992-07-21,1992-06-29,1992-07-26,NONE,AIR, cajole. pend
15236-5,15236,1367,68,5,31.00,39319.16,0.00,0.08,R,F,1992-07-10,1992-06-28,1992-08-03,TAKE BACK RETURN,FOB,l packages cajole fluffily across t
15237-1,15237,148,49,1,37.00,38781.18,0.01,0.04,N,O,1997-05-27,1997-05-28,1997-06-08,TAKE BACK RETURN,REG AIR,s are quickly
15238-1,15238,1777,62,1,17.00,28539.09,0.05,0.04,N,O,1997-04-27,1997-06-01,1997-05-07,DELIVER IN PERSON,TRUCK,eans. quiet pint
15238-2,15238,1340,41,2,14.00,17378.76,0.03,0.02,N,O,1997-07-04,1997-05-16,1997-07-15,DELIVER IN PERSON,SHIP,e quickly regular packages. furiously fin
15238-3,15238,874,75,3,26.00,46146.62,0.00,0.03,N,O,1997-05-11,1997-04-23,1997-05-12,COLLECT COD,AIR,- blithely express theodolites haggle c
15239-1,15239,122,49,1,44.00,44973.28,0.03,0.05,N,O,1997-05-17,1997-06-07,1997-05-22,DELIVER IN PERSON,RAIL,"grate carefully. pending, ironic dolphins"
15239-2,15239,1025,31,2,41.00,37966.82,0.01,0.08,N,O,1997-07-11,1997-06-04,1997-07-27,TAKE BACK RETURN,REG AIR,ts. carefully even dinos before the speci
15239-3,15239,470,71,3,21.00,28779.87,0.04,0.05,N,O,1997-08-09,1997-07-21,1997-08-11,COLLECT COD,RAIL,; dolphins use blithely arou
15239-4,15239,188,15,4,46.00,50056.28,0.05,0.03,N,O,1997-06-10,1997-07-22,1997-07-05,COLLECT COD,REG AIR,ully ironic theodolites. 
15239-5,15239,1195,96,5,1.00,1096.19,0.10,0.02,N,O,1997-08-13,1997-07-03,1997-09-04,COLLECT COD,AIR, around the silent instru
15264-1,15264,367,52,1,47.00,59565.92,0.02,0.00,N,O,1996-02-11,1995-12-24,1996-03-10,DELIVER IN PERSON,RAIL,n accounts affix boldly. final asymptote
15264-2,15264,450,51,2,9.00,12154.05,0.00,0.05,N,O,1995-12-31,1996-01-10,1996-01-24,COLLECT COD,AIR,s against th
15264-3,15264,1501,82,3,33.00,46282.50,0.02,0.06,N,O,1996-02-19,1996-01-07,1996-03-09,TAKE BACK RETURN,TRUCK,onic deposits. fluffily iro
15264-4,15264,120,47,4,9.00,9181.08,0.06,0.00,N,O,1995-12-01,1996-02-04,1995-12-18,NONE,SHIP, the ruthlessly pend
15264-5,15264,888,88,5,14.00,25044.32,0.02,0.02,N,O,1996-01-20,1996-02-04,1996-02-18,NONE,MAIL,ing requests wake 
15265-1,15265,1982,15,1,47.00,88547.06,0.10,0.00,N,O,1996-04-07,1996-04-22,1996-04-19,DELIVER IN PERSON,RAIL, fluffily even requests. furiou
15265-2,15265,993,96,2,16.00,30303.84,0.03,0.05,N,O,1996-05-14,1996-05-24,1996-05-15,NONE,AIR,"y special ideas. final, even dep"
15265-3,15265,709,42,3,34.00,54729.80,0.10,0.02,N,O,1996-04-23,1996-04-01,1996-05-08,NONE,AIR,are. carefully regular theodolites
15266-1,15266,59,10,1,32.00,30689.60,0.04,0.07,R,F,1993-02-27,1993-03-15,1993-03-29,TAKE BACK RETURN,RAIL,deposits wake pinto beans. bravely pend
15266-2,15266,1108,17,2,43.00,43391.30,0.10,0.03,A,F,1993-02-26,1993-02-27,1993-02-27,NONE,RAIL, detect regular i
15266-3,15266,459,18,3,49.00,66613.05,0.02,0.04,R,F,1993-01-28,1993-03-17,1993-02-03,NONE,RAIL,ckages. requests nag car
15266-4,15266,829,96,4,4.00,6919.28,0.02,0.08,A,F,1993-03-05,1993-03-29,1993-03-31,NONE,MAIL,nic deposits
15266-5,15266,1403,82,5,16.00,20870.40,0.08,0.07,A,F,1993-02-22,1993-02-27,1993-03-05,NONE,MAIL,tructions wake. quickly
15266-6,15266,548,9,6,18.00,26073.72,0.03,0.01,R,F,1993-02-09,1993-03-26,1993-02-20,TAKE BACK RETURN,AIR,sly among th
15267-1,15267,53,4,1,10.00,9530.50,0.02,0.02,N,O,1996-03-20,1996-06-07,1996-03-22,DELIVER IN PERSON,FOB,t the stealthily regular orbits
15268-1,15268,149,50,1,40.00,41965.60,0.05,0.00,N,O,1996-10-01,1996-10-03,1996-10-02,TAKE BACK RETURN,REG AIR,arefully f
15269-1,15269,629,92,1,10.00,15296.20,0.09,0.04,N,O,1997-01-03,1996-11-14,1997-01-18,NONE,RAIL,es haggle quickly fluffily fin
15269-2,15269,22,23,2,12.00,11064.24,0.09,0.02,N,O,1996-12-17,1996-11-22,1996-12-25,DELIVER IN PERSON,TRUCK," idle, final theodolites"
15269-3,15269,1427,28,3,8.00,10627.36,0.08,0.08,N,O,1996-09-11,1996-10-31,1996-10-10,COLLECT COD,TRUCK,its affix regular ideas. blit
15269-4,15269,835,69,4,48.00,83319.84,0.04,0.00,N,O,1996-09-26,1996-12-02,1996-10-07,TAKE BACK RETURN,TRUCK,egular requests. slyl
15269-5,15269,359,16,5,3.00,3778.05,0.09,0.04,N,O,1996-09-25,1996-11-15,1996-10-03,DELIVER IN PERSON,AIR, regular deposits. ide
15270-1,15270,1778,5,1,35.00,58791.95,0.05,0.01,R,F,1994-04-26,1994-04-06,1994-05-11,TAKE BACK RETURN,TRUCK,l packages shall have to wake quickly
15271-1,15271,509,100,1,47.00,66246.50,0.03,0.04,A,F,1993-09-03,1993-09-29,1993-09-20,NONE,MAIL,vely final theodolites boost slyly asymp
15271-2,15271,688,51,2,26.00,41305.68,0.01,0.05,A,F,1993-08-02,1993-09-15,1993-08-13,COLLECT COD,REG AIR,"r, special requests. fluffily pending idea"
15271-3,15271,1833,77,3,30.00,52044.90,0.05,0.01,R,F,1993-11-23,1993-09-18,1993-12-21,DELIVER IN PERSON,TRUCK,bout the slyly busy a
15271-4,15271,300,55,4,34.00,40810.20,0.06,0.00,A,F,1993-08-16,1993-09-22,1993-08-28,TAKE BACK RETURN,TRUCK,ve the carefully speci
15271-5,15271,1966,55,5,18.00,33623.28,0.03,0.01,A,F,1993-10-06,1993-09-05,1993-10-13,NONE,MAIL,", ironic requests are slyly along the acc"
15271-6,15271,1864,8,6,13.00,22956.18,0.06,0.07,R,F,1993-10-11,1993-10-07,1993-10-19,TAKE BACK RETURN,FOB,oxes. furiously un
15271-7,15271,1546,87,7,38.00,55006.52,0.04,0.02,A,F,1993-11-16,1993-10-14,1993-12-03,DELIVER IN PERSON,RAIL, are quickly among th
15296-1,15296,1713,14,1,50.00,80735.50,0.03,0.03,A,F,1992-09-08,1992-09-16,1992-09-11,COLLECT COD,AIR,ss the express foxes. quickly ev
15296-2,15296,923,26,2,9.00,16415.28,0.02,0.02,A,F,1992-09-10,1992-09-28,1992-09-25,DELIVER IN PERSON,REG AIR,cajole. blithely even pint
15296-3,15296,661,24,3,6.00,9369.96,0.00,0.01,A,F,1992-08-14,1992-10-03,1992-08-18,NONE,MAIL,efully ironic foxes hag
15297-1,15297,608,9,1,42.00,63361.20,0.00,0.04,N,O,1996-10-20,1996-08-18,1996-10-28,NONE,SHIP,ges. carefully pending ide
15297-2,15297,1248,23,2,2.00,2298.48,0.05,0.03,N,O,1996-08-30,1996-09-17,1996-09-20,DELIVER IN PERSON,MAIL,y express deposits. furiously f
15297-3,15297,131,10,3,5.00,5155.65,0.10,0.02,N,O,1996-11-05,1996-08-23,1996-11-24,NONE,SHIP,gage slyly slyly ironic
15297-4,15297,951,20,4,39.00,72226.05,0.03,0.02,N,O,1996-10-10,1996-09-17,1996-10-21,TAKE BACK RETURN,TRUCK,ending instructions. pendin
15297-5,15297,1741,84,5,33.00,54210.42,0.01,0.07,N,O,1996-09-12,1996-09-05,1996-10-04,DELIVER IN PERSON,REG AIR,s. fluffily ironic accounts boost enticing
15298-1,15298,1683,25,1,35.00,55463.80,0.05,0.03,N,O,1995-12-17,1995-10-08,1995-12-22,NONE,SHIP,ilent accounts wake after the slyly final
15298-2,15298,696,59,2,15.00,23950.35,0.02,0.05,N,O,1995-09-18,1995-10-30,1995-10-02,DELIVER IN PERSON,RAIL,ackages affix fluffily express acco
15298-3,15298,1711,38,3,25.00,40317.75,0.10,0.03,N,O,1995-09-17,1995-10-25,1995-09-23,NONE,AIR,nic deposits serve. care
15298-4,15298,179,58,4,2.00,2158.34,0.06,0.00,N,O,1996-01-02,1995-10-17,1996-01-25,NONE,REG AIR,uriously ironic requests-- slyly
15298-5,15298,872,72,5,24.00,42548.88,0.09,0.03,N,O,1995-10-07,1995-11-10,1995-10-16,TAKE BACK RETURN,TRUCK,lar foxes sleep furiously ev
15299-1,15299,358,87,1,45.00,56625.75,0.01,0.00,N,O,1996-08-15,1996-07-20,1996-08-28,DELIVER IN PERSON,SHIP,ely even depos
15299-2,15299,152,5,2,4.00,4208.60,0.01,0.01,N,O,1996-07-17,1996-07-05,1996-07-30,COLLECT COD,RAIL,"express, final theodolites haggle furio"
15299-3,15299,1995,96,3,8.00,15175.92,0.04,0.08,N,O,1996-07-22,1996-08-02,1996-07-25,TAKE BACK RETURN,RAIL,ges. carefully regular packages sleep fur
15300-1,15300,918,87,1,25.00,45472.75,0.09,0.02,A,F,1995-05-15,1995-04-08,1995-06-05,TAKE BACK RETURN,FOB,slyly close th
15300-2,15300,318,75,2,32.00,38985.92,0.06,0.06,A,F,1995-05-27,1995-03-13,1995-06-14,TAKE BACK RETURN,FOB,wake slyly slyly exp
15300-3,15300,614,46,3,5.00,7573.05,0.02,0.06,A,F,1995-03-22,1995-04-18,1995-04-21,COLLECT COD,SHIP,g the decoys; slyly stealthy accounts wa
15300-4,15300,210,65,4,35.00,38857.35,0.05,0.08,A,F,1995-04-13,1995-05-04,1995-05-12,COLLECT COD,TRUCK, packages. slowly
15300-5,15300,916,19,5,48.00,87211.68,0.03,0.02,A,F,1995-02-24,1995-04-13,1995-03-13,TAKE BACK RETURN,REG AIR,ual packages. furiously final packages boo
15301-1,15301,191,18,1,16.00,17459.04,0.09,0.02,A,F,1995-03-22,1995-02-03,1995-04-18,TAKE BACK RETURN,AIR,"g the bold, regul"
15301-2,15301,241,23,2,40.00,45649.60,0.09,0.03,R,F,1995-03-16,1995-02-21,1995-03-23,TAKE BACK RETURN,TRUCK,"ers. silent, ruthless foxes cajole above "
15301-3,15301,884,84,3,6.00,10709.28,0.06,0.08,A,F,1995-01-13,1995-02-01,1995-01-28,TAKE BACK RETURN,TRUCK,iously even requests are. spe
15302-1,15302,1916,49,1,42.00,76352.22,0.04,0.05,N,O,1996-09-07,1996-09-03,1996-09-11,COLLECT COD,AIR,regular ideas.
15302-2,15302,457,58,2,15.00,20361.75,0.03,0.08,N,O,1996-09-06,1996-08-29,1996-09-20,NONE,FOB,lithely regular theodolites haggle aroun
15302-3,15302,1521,62,3,28.00,39830.56,0.06,0.02,N,O,1996-10-12,1996-09-25,1996-11-05,NONE,SHIP,deposits use carefully al
15302-4,15302,701,34,4,50.00,80085.00,0.03,0.07,N,O,1996-07-15,1996-09-25,1996-07-22,TAKE BACK RETURN,REG AIR,ests promise quickly. fluff
15303-1,15303,896,63,1,24.00,43125.36,0.05,0.04,R,F,1993-09-16,1993-11-08,1993-10-13,COLLECT COD,REG AIR,kages thrash along the carefully spe
15303-2,15303,121,74,2,6.00,6126.72,0.01,0.05,A,F,1993-09-15,1993-11-12,1993-10-01,NONE,TRUCK,ideas sleep quickly.
15303-3,15303,1501,22,3,17.00,23842.50,0.05,0.05,A,F,1993-09-23,1993-11-29,1993-10-03,COLLECT COD,AIR, platelets. furiously final deposi
15303-4,15303,982,51,4,26.00,48957.48,0.00,0.08,A,F,1993-11-01,1993-10-24,1993-11-21,COLLECT COD,FOB,uests. carefully regular accounts nag r
15303-5,15303,920,21,5,10.00,18209.20,0.08,0.06,R,F,1993-12-16,1993-10-14,1994-01-06,DELIVER IN PERSON,SHIP, use. frets grow quickly. qui
15303-6,15303,685,79,6,41.00,65012.88,0.05,0.07,A,F,1993-10-09,1993-12-13,1993-10-16,TAKE BACK RETURN,RAIL, bold ideas sleep. furiously sp
15328-1,15328,992,27,1,23.00,43538.77,0.03,0.06,N,O,1997-01-11,1997-03-19,1997-02-07,COLLECT COD,TRUCK,"nt, special requests haggle pinto beans."
15328-2,15328,169,96,2,24.00,25659.84,0.01,0.08,N,O,1997-02-24,1997-02-17,1997-03-07,DELIVER IN PERSON,TRUCK,kly regular foxes about the slyly 
15329-1,15329,900,67,1,31.00,55827.90,0.02,0.04,A,F,1992-05-13,1992-06-16,1992-05-21,TAKE BACK RETURN,REG AIR,ubt. fluffily express packages boost about
15329-2,15329,1694,36,2,40.00,63827.60,0.02,0.01,R,F,1992-07-27,1992-06-15,1992-08-15,NONE,RAIL,ly regular deposits
15330-1,15330,543,44,1,21.00,30314.34,0.00,0.04,R,F,1993-08-22,1993-07-25,1993-09-16,DELIVER IN PERSON,RAIL,n courts. slyly bold deposits sleep
15331-1,15331,440,41,1,49.00,65681.56,0.00,0.08,N,O,1997-10-09,1997-10-02,1997-10-17,COLLECT COD,TRUCK,osits alongside of the 
15331-2,15331,815,82,2,21.00,36032.01,0.06,0.05,N,O,1997-09-15,1997-09-18,1997-10-09,DELIVER IN PERSON,TRUCK,"ven, ironic excuses about the packages"
15331-3,15331,1440,19,3,15.00,20121.60,0.04,0.04,N,O,1997-07-25,1997-09-21,1997-08-12,NONE,RAIL, regular asymptotes nag. slyly
15331-4,15331,1696,38,4,7.00,11183.83,0.09,0.08,N,O,1997-07-29,1997-09-12,1997-08-02,NONE,SHIP,s promise quickly around the silent
15331-5,15331,275,76,5,24.00,28206.48,0.09,0.06,N,O,1997-07-25,1997-09-01,1997-07-31,COLLECT COD,REG AIR,r deposits. regular pinto 
15331-6,15331,1470,88,6,39.00,53487.33,0.10,0.07,N,O,1997-08-11,1997-09-24,1997-09-03,DELIVER IN PERSON,AIR, the ironically speci
15331-7,15331,1119,56,7,9.00,9180.99,0.09,0.04,N,O,1997-07-23,1997-08-13,1997-08-14,TAKE BACK RETURN,MAIL,special requests. blithely fina
15332-1,15332,354,39,1,17.00,21323.95,0.01,0.03,R,F,1993-07-02,1993-08-07,1993-07-08,NONE,SHIP,y fluffily special accounts? f
15332-2,15332,278,79,2,15.00,17674.05,0.09,0.04,A,F,1993-07-27,1993-08-23,1993-08-22,TAKE BACK RETURN,SHIP,"regular, ironic d"
15332-3,15332,1231,69,3,2.00,2264.46,0.01,0.01,A,F,1993-09-25,1993-07-16,1993-10-19,DELIVER IN PERSON,AIR,"alongside of the final, regula"
15332-4,15332,1628,29,4,18.00,27533.16,0.04,0.00,A,F,1993-07-22,1993-07-13,1993-08-04,COLLECT COD,FOB,orges; reques
15333-1,15333,1318,33,1,12.00,14631.72,0.05,0.04,N,O,1996-04-12,1996-05-08,1996-05-09,TAKE BACK RETURN,SHIP,ding platelets hag
15333-2,15333,867,1,2,14.00,24750.04,0.04,0.03,N,O,1996-06-02,1996-04-27,1996-06-10,COLLECT COD,TRUCK,ven deposits. furiously stealthy deposi
15333-3,15333,1943,32,3,16.00,29519.04,0.03,0.08,N,O,1996-02-21,1996-05-04,1996-03-04,COLLECT COD,AIR, foxes slee
15333-4,15333,703,36,4,18.00,28866.60,0.07,0.02,N,O,1996-05-17,1996-04-27,1996-06-03,COLLECT COD,FOB,efully. carefully reg
15333-5,15333,1148,49,5,30.00,31474.20,0.03,0.05,N,O,1996-04-24,1996-04-12,1996-05-08,NONE,TRUCK,ironic pearls. carefull
15333-6,15333,1498,99,6,37.00,51781.13,0.07,0.00,N,O,1996-03-22,1996-04-12,1996-04-21,TAKE BACK RETURN,MAIL, ironic platele
15333-7,15333,819,53,7,45.00,77391.45,0.01,0.01,N,O,1996-06-09,1996-04-03,1996-06-15,NONE,REG AIR,nts. blithely pending ideas are 
15334-1,15334,671,3,1,12.00,18860.04,0.08,0.07,N,O,1996-05-27,1996-05-04,1996-06-21,COLLECT COD,REG AIR,e furiously regular accounts n
15334-2,15334,282,83,2,34.00,40197.52,0.09,0.01,N,O,1996-05-26,1996-03-19,1996-05-28,COLLECT COD,TRUCK,es sleep boldly after the furious
15334-3,15334,409,68,3,37.00,48447.80,0.04,0.05,N,O,1996-03-21,1996-03-23,1996-04-12,NONE,AIR,"posits use ironic, ironic acc"
15334-4,15334,962,97,4,44.00,81970.24,0.06,0.06,N,O,1996-04-18,1996-04-04,1996-05-14,TAKE BACK RETURN,RAIL,boost carefull
15334-5,15334,1895,96,5,24.00,43125.36,0.01,0.04,N,O,1996-04-05,1996-04-23,1996-04-25,NONE,TRUCK,uests are fluffily silent accounts. fl
15334-6,15334,648,42,6,47.00,72786.08,0.04,0.04,N,O,1996-02-24,1996-04-13,1996-03-04,NONE,MAIL,onic deposits above 
15335-1,15335,1321,22,1,6.00,7333.92,0.09,0.00,R,F,1993-12-03,1993-11-09,1993-12-05,TAKE BACK RETURN,MAIL,fily regular requests. bl
15335-2,15335,74,25,2,34.00,33118.38,0.01,0.05,A,F,1993-09-23,1993-11-30,1993-10-11,DELIVER IN PERSON,REG AIR,ncies are. care
15335-3,15335,1608,9,3,25.00,37740.00,0.08,0.02,A,F,1993-12-28,1993-12-11,1994-01-07,COLLECT COD,TRUCK," fluffily express, "
15335-4,15335,1719,20,4,27.00,43759.17,0.01,0.07,R,F,1994-01-14,1993-12-04,1994-02-07,DELIVER IN PERSON,SHIP,ounts haggle 
15335-5,15335,360,89,5,42.00,52935.12,0.05,0.04,A,F,1993-11-13,1993-11-19,1993-12-07,TAKE BACK RETURN,SHIP,he somas: quickly fluffy platel
15360-1,15360,1672,14,1,16.00,25178.72,0.02,0.07,N,O,1997-12-17,1997-12-31,1998-01-03,NONE,RAIL, ironic dependencies haggle accord
15360-2,15360,522,83,2,48.00,68280.96,0.02,0.06,N,O,1998-03-05,1997-12-26,1998-03-18,COLLECT COD,TRUCK, theodolites around the quickly bold ideas 
15361-1,15361,885,19,1,18.00,32145.84,0.08,0.03,A,F,1995-01-30,1995-02-14,1995-02-16,NONE,TRUCK,eep fluffily furiously final pinto beans. 
15361-2,15361,1754,81,2,12.00,19869.00,0.00,0.04,R,F,1995-03-21,1995-01-01,1995-04-07,DELIVER IN PERSON,SHIP,ts. slyly ironic accounts sl
15362-1,15362,355,84,1,19.00,23851.65,0.10,0.06,A,F,1994-02-25,1994-01-17,1994-02-26,DELIVER IN PERSON,REG AIR,"e special, ironic theodolites; idle, regula"
15362-2,15362,732,33,2,19.00,31021.87,0.05,0.08,A,F,1994-03-01,1994-01-20,1994-03-30,NONE,REG AIR,equests haggle furiously. 
15363-1,15363,149,76,1,19.00,19933.66,0.09,0.01,N,O,1997-10-24,1997-08-14,1997-11-04,NONE,REG AIR,lly around the accounts. sly
15363-2,15363,1211,49,2,3.00,3336.63,0.05,0.07,N,O,1997-09-14,1997-09-19,1997-09-23,DELIVER IN PERSON,RAIL,es about the theodolites
15363-3,15363,1154,55,3,1.00,1055.15,0.10,0.02,N,O,1997-07-10,1997-09-24,1997-07-30,TAKE BACK RETURN,AIR, unusual requests
15363-4,15363,428,29,4,13.00,17269.46,0.02,0.01,N,O,1997-09-28,1997-09-11,1997-10-21,COLLECT COD,TRUCK, foxes sleep fi
15363-5,15363,1710,37,5,30.00,48351.30,0.00,0.00,N,O,1997-08-06,1997-09-27,1997-08-12,COLLECT COD,REG AIR, furiously unusual ideas. e
15364-1,15364,1587,28,1,41.00,61031.78,0.05,0.02,N,O,1998-02-08,1998-03-16,1998-03-02,TAKE BACK RETURN,MAIL,encies haggle across the final deposits.
15364-2,15364,1897,84,2,20.00,35977.80,0.05,0.01,N,O,1998-03-20,1998-02-16,1998-03-31,DELIVER IN PERSON,FOB,jole carefully about the furiously final
15364-3,15364,1406,24,3,37.00,48373.80,0.02,0.06,N,O,1998-01-16,1998-03-08,1998-02-13,DELIVER IN PERSON,SHIP,haggle fluffil
15364-4,15364,1777,20,4,5.00,8393.85,0.01,0.06,N,O,1998-03-27,1998-04-14,1998-03-29,COLLECT COD,TRUCK, theodolites. quickly final sheaves a
15365-1,15365,851,51,1,8.00,14014.80,0.01,0.03,N,O,1998-03-30,1998-03-26,1998-04-15,NONE,AIR,ackages sleep about
15365-2,15365,1947,48,2,46.00,85051.24,0.08,0.07,N,O,1998-02-19,1998-03-09,1998-03-18,COLLECT COD,FOB, are slyly regular deposits. qui
15365-3,15365,1340,55,3,27.00,33516.18,0.07,0.06,N,O,1998-01-21,1998-02-26,1998-02-11,NONE,REG AIR, haggle at the furiously regul
15365-4,15365,1781,66,4,19.00,31972.82,0.02,0.04,N,O,1998-02-09,1998-03-11,1998-03-10,NONE,REG AIR,", quiet pinto b"
15366-1,15366,1863,64,1,21.00,37062.06,0.04,0.08,A,F,1994-03-06,1994-03-21,1994-03-16,NONE,AIR,ronic packag
15366-2,15366,928,63,2,23.00,42065.16,0.05,0.03,R,F,1994-01-25,1994-03-09,1994-02-24,NONE,RAIL,ess instructions? e
15367-1,15367,1480,98,1,17.00,23485.16,0.10,0.08,A,F,1992-04-30,1992-05-28,1992-05-27,TAKE BACK RETURN,REG AIR,y quickly special 
15392-1,15392,526,17,1,25.00,35663.00,0.07,0.06,A,F,1993-05-12,1993-08-06,1993-06-06,DELIVER IN PERSON,FOB,accounts. slyly dogged accounts wak
15393-1,15393,802,36,1,28.00,47678.40,0.06,0.00,N,O,1997-12-28,1997-12-31,1998-01-19,DELIVER IN PERSON,FOB,sual requests cajole quickly a
15394-1,15394,314,71,1,15.00,18214.65,0.06,0.07,N,O,1996-12-08,1996-10-26,1996-12-23,COLLECT COD,SHIP,nst the carefully unusual account
15394-2,15394,762,63,2,19.00,31592.44,0.08,0.04,N,O,1996-10-24,1996-11-30,1996-11-10,NONE,RAIL,ntegrate ca
15394-3,15394,1578,99,3,30.00,44387.10,0.03,0.08,N,O,1996-12-11,1996-11-14,1997-01-03,TAKE BACK RETURN,AIR, bold theod
15394-4,15394,1051,22,4,12.00,11424.60,0.02,0.01,N,O,1996-10-21,1996-10-10,1996-11-14,NONE,REG AIR, beans. re
15395-1,15395,144,45,1,36.00,37589.04,0.08,0.07,N,O,1996-07-20,1996-07-22,1996-08-10,TAKE BACK RETURN,TRUCK," slyly unusual foxes wake even, pending i"
15396-1,15396,141,20,1,3.00,3123.42,0.01,0.08,N,O,1998-01-28,1998-02-24,1998-02-05,COLLECT COD,AIR,ly furiously final requests. iro
15396-2,15396,1335,50,2,13.00,16072.29,0.04,0.07,N,O,1998-01-12,1998-02-22,1998-01-15,TAKE BACK RETURN,REG AIR,e carefull
15396-3,15396,796,97,3,29.00,49206.91,0.08,0.00,N,O,1998-02-01,1998-02-11,1998-02-28,NONE,AIR,sits boost slyly ironic acc
15396-4,15396,683,77,4,26.00,41175.68,0.03,0.07,N,O,1998-03-17,1998-02-09,1998-04-14,TAKE BACK RETURN,REG AIR,sual accounts nag pending accounts. bo
15396-5,15396,1938,83,5,29.00,53357.97,0.03,0.03,N,O,1998-03-03,1998-01-17,1998-03-20,TAKE BACK RETURN,SHIP,ly according to the careful
15397-1,15397,1909,42,1,45.00,81490.50,0.03,0.01,R,F,1993-03-19,1993-03-18,1993-04-11,TAKE BACK RETURN,REG AIR,c packages hag
15397-2,15397,669,32,2,50.00,78483.00,0.06,0.05,R,F,1993-02-22,1993-04-17,1993-03-12,NONE,RAIL,eep furiously carefully final ins
15397-3,15397,1775,76,3,34.00,57010.18,0.10,0.05,R,F,1993-03-29,1993-03-10,1993-04-12,DELIVER IN PERSON,MAIL,es. sometimes final r
15397-4,15397,650,13,4,24.00,37215.60,0.01,0.06,R,F,1993-03-18,1993-03-25,1993-04-17,COLLECT COD,RAIL,s cajole. express instructions haggle. q
15397-5,15397,671,34,5,11.00,17288.37,0.06,0.02,A,F,1993-05-04,1993-04-07,1993-05-24,TAKE BACK RETURN,AIR,terns sleep slyly regular accounts. fur
15397-6,15397,1806,93,6,29.00,49526.20,0.07,0.00,R,F,1993-03-29,1993-05-03,1993-04-19,COLLECT COD,SHIP, slyly even requests. depen
15397-7,15397,357,14,7,25.00,31433.75,0.08,0.00,R,F,1993-04-04,1993-04-18,1993-04-06,COLLECT COD,TRUCK,ly regular braids.
15398-1,15398,1860,47,1,19.00,33475.34,0.03,0.02,R,F,1993-11-30,1994-01-17,1993-12-26,TAKE BACK RETURN,TRUCK,dencies. carefu
15398-2,15398,1772,57,2,17.00,28454.09,0.08,0.07,R,F,1994-01-18,1994-02-08,1994-02-12,TAKE BACK RETURN,SHIP,about the blithely final theodolites. fur
15399-1,15399,1582,3,1,50.00,74179.00,0.04,0.07,A,F,1992-06-05,1992-08-04,1992-06-22,NONE,REG AIR,even instructions. quickly pending ideas ha
15399-2,15399,794,59,2,15.00,25421.85,0.01,0.05,R,F,1992-07-08,1992-08-04,1992-07-12,TAKE BACK RETURN,RAIL,. quickly ironic platelets haggle carefull
15399-3,15399,36,87,3,35.00,32761.05,0.04,0.06,A,F,1992-09-08,1992-08-06,1992-09-22,DELIVER IN PERSON,SHIP, dolphins do
15399-4,15399,1877,7,4,16.00,28461.92,0.02,0.01,R,F,1992-06-01,1992-07-09,1992-06-27,TAKE BACK RETURN,RAIL,"onic, final depen"
15399-5,15399,757,58,5,2.00,3315.50,0.08,0.08,A,F,1992-08-07,1992-07-18,1992-09-04,DELIVER IN PERSON,MAIL,nal instructions. even courts
15399-6,15399,439,27,6,45.00,60274.35,0.08,0.06,A,F,1992-08-18,1992-07-14,1992-09-01,COLLECT COD,MAIL,ress requests sleep final packa
15424-1,15424,338,39,1,32.00,39626.56,0.06,0.06,N,O,1997-09-08,1997-10-27,1997-10-05,DELIVER IN PERSON,RAIL,y quickly even 
15425-1,15425,1581,82,1,36.00,53372.88,0.10,0.03,N,O,1995-09-29,1995-10-21,1995-10-26,DELIVER IN PERSON,REG AIR, theodolites sl
15425-2,15425,55,31,2,40.00,38202.00,0.00,0.02,N,O,1995-08-26,1995-10-18,1995-09-25,TAKE BACK RETURN,SHIP,"lieve carefully regular, unusual theodol"
15425-3,15425,733,98,3,30.00,49011.90,0.09,0.07,N,O,1995-08-26,1995-09-11,1995-09-04,TAKE BACK RETURN,RAIL,e deposits wake theodol
15426-1,15426,814,15,1,47.00,80596.07,0.07,0.05,N,O,1997-03-20,1997-04-22,1997-03-23,NONE,RAIL, pending theodolites detect across the f
15426-2,15426,446,34,2,34.00,45778.96,0.00,0.07,N,O,1997-04-09,1997-03-05,1997-05-05,TAKE BACK RETURN,FOB,ss requests cajole slyly among 
15426-3,15426,290,91,3,21.00,24996.09,0.02,0.01,N,O,1997-04-28,1997-03-18,1997-05-03,COLLECT COD,AIR,slyly regular cour
15427-1,15427,1256,31,1,50.00,57862.50,0.10,0.02,N,O,1996-03-07,1996-02-24,1996-03-26,COLLECT COD,REG AIR,dencies integrate furiously special
15427-2,15427,1082,83,2,26.00,25560.08,0.03,0.03,N,O,1996-02-10,1996-01-26,1996-03-01,TAKE BACK RETURN,SHIP,blithely special theodolites. 
15427-3,15427,547,8,3,27.00,39083.58,0.00,0.05,N,O,1996-01-13,1996-02-23,1996-02-11,COLLECT COD,SHIP,al instructions are blithely. slyly regula
15428-1,15428,615,47,1,33.00,50015.13,0.08,0.08,R,F,1995-06-01,1995-03-16,1995-06-10,DELIVER IN PERSON,AIR,ular requests use requests. idly regular a
15428-2,15428,59,60,2,39.00,37402.95,0.00,0.05,A,F,1995-05-04,1995-04-15,1995-05-31,TAKE BACK RETURN,FOB, among the carefully regular asymptotes. r
15428-3,15428,123,76,3,49.00,50132.88,0.05,0.04,A,F,1995-04-30,1995-04-02,1995-05-25,DELIVER IN PERSON,AIR,al dependencies abov
15428-4,15428,1861,91,4,38.00,66988.68,0.01,0.00,A,F,1995-02-18,1995-03-29,1995-03-15,COLLECT COD,FOB,"ic, furious instruc"
15429-1,15429,418,77,1,12.00,15820.92,0.02,0.08,N,O,1997-07-15,1997-05-25,1997-07-24,NONE,SHIP, furiously carefully even ins
15429-2,15429,889,56,2,1.00,1789.88,0.02,0.07,N,O,1997-06-11,1997-06-12,1997-06-28,TAKE BACK RETURN,MAIL,ully even dolphins haggle. excus
15429-3,15429,691,23,3,46.00,73217.74,0.09,0.04,N,O,1997-05-20,1997-04-23,1997-06-04,COLLECT COD,TRUCK,deas do wake. f
15429-4,15429,546,77,4,13.00,18805.02,0.05,0.07,N,O,1997-06-07,1997-04-29,1997-06-11,DELIVER IN PERSON,MAIL,. carefully ironic packages hag
15429-5,15429,580,11,5,44.00,65145.52,0.07,0.03,N,O,1997-06-14,1997-06-12,1997-06-20,TAKE BACK RETURN,SHIP,regular deposits alongside of t
15429-6,15429,1897,27,6,2.00,3597.78,0.06,0.04,N,O,1997-07-11,1997-06-10,1997-07-31,DELIVER IN PERSON,REG AIR, alongside of the f
15430-1,15430,28,54,1,20.00,18560.40,0.06,0.03,N,O,1998-06-12,1998-04-20,1998-06-26,NONE,AIR,he foxes sleep fluffily 
15430-2,15430,1218,19,2,1.00,1119.21,0.08,0.02,N,O,1998-05-20,1998-06-04,1998-05-21,TAKE BACK RETURN,FOB,efully warthogs. slyly pe
15431-1,15431,1326,3,1,50.00,61366.00,0.04,0.07,A,F,1992-09-01,1992-10-04,1992-09-24,COLLECT COD,AIR,ross the final the
15431-2,15431,1160,97,2,1.00,1061.16,0.02,0.01,A,F,1992-09-10,1992-10-02,1992-09-17,TAKE BACK RETURN,REG AIR,es sleep. quickly final packag
15431-3,15431,1458,76,3,44.00,59815.80,0.01,0.01,A,F,1992-08-20,1992-08-24,1992-09-08,COLLECT COD,AIR,ckly again
15431-4,15431,57,58,4,46.00,44024.30,0.00,0.04,A,F,1992-10-29,1992-08-31,1992-11-05,NONE,SHIP,bout the regular f
15431-5,15431,1198,99,5,13.00,14289.47,0.08,0.06,R,F,1992-08-24,1992-09-25,1992-09-22,TAKE BACK RETURN,FOB,usual deposits no
15431-6,15431,358,43,6,28.00,35233.80,0.00,0.06,A,F,1992-09-02,1992-09-08,1992-09-15,DELIVER IN PERSON,REG AIR, final deposits ca
15431-7,15431,29,80,7,7.00,6503.14,0.07,0.02,R,F,1992-10-29,1992-10-03,1992-11-18,NONE,FOB,totes nag carefully a
15456-1,15456,1352,67,1,26.00,32587.10,0.05,0.01,R,F,1993-12-15,1993-11-19,1993-12-27,COLLECT COD,REG AIR,ents wake furiously depo
15456-2,15456,278,60,2,15.00,17674.05,0.07,0.05,R,F,1993-11-11,1993-12-03,1993-11-16,TAKE BACK RETURN,MAIL,osits are above th
15456-3,15456,1057,93,3,33.00,31615.65,0.10,0.05,A,F,1994-01-21,1993-12-01,1994-01-29,COLLECT COD,SHIP, ironic packages wake b
15456-4,15456,1131,40,4,47.00,48510.11,0.10,0.06,R,F,1994-01-11,1993-12-28,1994-02-04,DELIVER IN PERSON,TRUCK,slyly above the pending
15456-5,15456,1178,51,5,19.00,20504.23,0.09,0.07,A,F,1994-02-03,1993-12-27,1994-02-20,COLLECT COD,MAIL,ly according to the 
15457-1,15457,58,9,1,3.00,2874.15,0.00,0.07,N,O,1997-02-10,1997-01-06,1997-02-22,TAKE BACK RETURN,SHIP,ronic frets
15457-2,15457,281,9,2,27.00,31894.56,0.04,0.06,N,O,1996-11-26,1996-12-31,1996-12-19,NONE,FOB,"yly pending, unusual courts?"
15457-3,15457,1723,8,3,36.00,58489.92,0.07,0.00,N,O,1996-12-02,1997-01-26,1996-12-17,COLLECT COD,FOB,ounts boost fluffily braids!
15457-4,15457,1196,5,4,8.00,8777.52,0.01,0.06,N,O,1996-12-17,1996-12-30,1996-12-21,TAKE BACK RETURN,REG AIR,nic instructions wake furiously 
15458-1,15458,1225,26,1,42.00,47301.24,0.10,0.01,N,O,1997-07-13,1997-08-09,1997-08-02,COLLECT COD,MAIL,gular excuses. foxes are between the 
15458-2,15458,1887,74,2,27.00,48299.76,0.09,0.05,N,O,1997-09-07,1997-07-30,1997-09-30,COLLECT COD,MAIL,nic packages. un
15458-3,15458,902,3,3,44.00,79327.60,0.08,0.05,N,O,1997-05-28,1997-07-03,1997-06-19,DELIVER IN PERSON,FOB,lar requests. requ
15459-1,15459,1481,82,1,23.00,31797.04,0.07,0.04,R,F,1994-10-09,1994-12-20,1994-10-10,DELIVER IN PERSON,RAIL,usly silently ironic requ
15459-2,15459,717,18,2,3.00,4853.13,0.06,0.01,A,F,1994-11-06,1994-12-18,1994-11-18,TAKE BACK RETURN,TRUCK,sits haggle. blithe
15459-3,15459,308,93,3,11.00,13291.30,0.06,0.06,R,F,1994-12-02,1995-01-02,1994-12-23,DELIVER IN PERSON,MAIL,"telets. pending, even accounts integrate c"
15459-4,15459,791,92,4,38.00,64288.02,0.08,0.08,R,F,1994-11-23,1994-11-15,1994-11-27,NONE,RAIL,"are regular, final accou"
15460-1,15460,897,97,1,11.00,19776.79,0.01,0.04,N,O,1997-08-08,1997-08-02,1997-08-26,COLLECT COD,TRUCK,xpress package
15461-1,15461,261,16,1,8.00,9290.08,0.05,0.02,R,F,1993-04-16,1993-02-09,1993-05-06,DELIVER IN PERSON,TRUCK,cajole quickly stealthy p
15461-2,15461,186,65,2,49.00,53222.82,0.07,0.05,R,F,1993-02-25,1993-03-14,1993-03-05,NONE,SHIP,ugh the deposits. carefully even acco
15462-1,15462,33,34,1,38.00,35455.14,0.05,0.01,R,F,1995-04-20,1995-04-19,1995-05-02,NONE,RAIL,gainst the quickly unusual dependenci
15462-2,15462,1749,76,2,44.00,72632.56,0.00,0.00,R,F,1995-04-13,1995-05-06,1995-05-05,NONE,SHIP,ding deposits ha
15463-1,15463,553,84,1,43.00,62502.65,0.09,0.01,A,F,1993-09-20,1993-09-22,1993-09-29,NONE,REG AIR,kly pending accounts wake furiously a
15463-2,15463,1901,34,2,34.00,61298.60,0.09,0.07,R,F,1993-10-12,1993-10-01,1993-11-05,NONE,REG AIR,. brave deposits haggl
15463-3,15463,1062,68,3,25.00,24076.50,0.03,0.03,R,F,1993-11-16,1993-09-12,1993-11-29,DELIVER IN PERSON,MAIL,arefully regular accounts haggle. blith
15463-4,15463,127,6,4,27.00,27732.24,0.03,0.03,R,F,1993-08-31,1993-09-08,1993-09-24,TAKE BACK RETURN,TRUCK, ironic reques
15463-5,15463,1576,57,5,15.00,22163.55,0.08,0.06,A,F,1993-09-15,1993-09-19,1993-09-16,TAKE BACK RETURN,AIR,y even asymptotes sleep c
15463-6,15463,1699,82,6,16.00,25611.04,0.05,0.05,R,F,1993-11-19,1993-10-06,1993-12-04,TAKE BACK RETURN,REG AIR,e quickly at the unusual braids: spe
15488-1,15488,1388,27,1,12.00,15472.56,0.03,0.01,N,O,1997-03-23,1997-05-01,1997-03-26,TAKE BACK RETURN,TRUCK,ly bold accounts. dependencies cajo
15488-2,15488,1694,36,2,11.00,17552.59,0.10,0.01,N,O,1997-05-30,1997-05-11,1997-06-05,NONE,FOB,ly around the carefully ironic packages. f
15488-3,15488,938,7,3,42.00,77235.06,0.09,0.07,N,O,1997-06-19,1997-04-02,1997-07-10,DELIVER IN PERSON,MAIL, regular packages. slyly iron
15488-4,15488,1194,31,4,50.00,54759.50,0.06,0.01,N,O,1997-06-12,1997-04-07,1997-06-15,TAKE BACK RETURN,MAIL,usly ironic excuses. flu
15488-5,15488,280,8,5,13.00,15343.64,0.05,0.04,N,O,1997-05-31,1997-04-23,1997-06-12,TAKE BACK RETURN,MAIL,thely bold foxes. thin depos
15488-6,15488,696,28,6,6.00,9580.14,0.02,0.01,N,O,1997-06-21,1997-05-19,1997-07-20,TAKE BACK RETURN,REG AIR,. bold deposits affi
15489-1,15489,1033,34,1,38.00,35493.14,0.06,0.07,N,O,1996-04-17,1996-05-08,1996-05-02,COLLECT COD,RAIL,ending packages promi
15490-1,15490,1367,82,1,4.00,5073.44,0.01,0.02,N,O,1998-01-12,1997-11-05,1998-01-14,TAKE BACK RETURN,TRUCK,y. furiously ironic 
15490-2,15490,440,70,2,30.00,40213.20,0.02,0.04,N,O,1997-10-09,1997-12-07,1997-10-12,DELIVER IN PERSON,SHIP,the carefull
15490-3,15490,217,18,3,21.00,23461.41,0.05,0.06,N,O,1997-11-02,1997-10-20,1997-11-20,TAKE BACK RETURN,MAIL,t the fluff
15491-1,15491,1762,89,1,10.00,16637.60,0.08,0.05,R,F,1992-02-01,1992-03-18,1992-02-27,TAKE BACK RETURN,MAIL,the furiously p
15491-2,15491,1692,75,2,21.00,33467.49,0.03,0.07,A,F,1992-03-16,1992-03-14,1992-04-05,TAKE BACK RETURN,RAIL, regular packages i
15491-3,15491,1005,6,3,49.00,44394.00,0.09,0.00,R,F,1992-02-14,1992-03-16,1992-03-03,COLLECT COD,TRUCK,phins accord
15491-4,15491,1252,90,4,36.00,41517.00,0.07,0.03,R,F,1992-04-15,1992-04-11,1992-05-14,TAKE BACK RETURN,FOB,lent asymptotes wake furiously quickly 
15491-5,15491,391,48,5,1.00,1291.39,0.06,0.03,A,F,1992-01-25,1992-03-31,1992-02-11,TAKE BACK RETURN,FOB,nstructions doze. fl
15491-6,15491,14,15,6,2.00,1828.02,0.00,0.02,A,F,1992-01-29,1992-03-16,1992-02-26,COLLECT COD,RAIL,ccounts. slyly p
15491-7,15491,1217,92,7,48.00,53674.08,0.06,0.06,R,F,1992-04-05,1992-04-03,1992-04-19,NONE,SHIP,ts cajole slyly slyly unu
15492-1,15492,429,59,1,48.00,63812.16,0.02,0.02,R,F,1992-03-17,1992-05-03,1992-04-02,DELIVER IN PERSON,SHIP,le deposits. unusual forges wake above t
15493-1,15493,922,25,1,47.00,85677.24,0.07,0.02,N,O,1996-11-07,1996-12-01,1996-11-08,DELIVER IN PERSON,MAIL,ets after the accounts haggle 
15493-2,15493,1535,56,2,21.00,30167.13,0.04,0.00,N,O,1997-01-02,1997-01-16,1997-01-15,NONE,FOB,d pearls run. furiously regular requests s
15493-3,15493,936,37,3,11.00,20206.23,0.04,0.01,N,O,1996-12-24,1997-01-01,1997-01-12,NONE,RAIL,old depend
15493-4,15493,677,9,4,48.00,75728.16,0.09,0.08,N,O,1996-11-19,1997-01-18,1996-12-04,DELIVER IN PERSON,TRUCK,pending dependen
15493-5,15493,1616,17,5,44.00,66774.84,0.02,0.08,N,O,1996-12-23,1997-01-05,1997-01-03,DELIVER IN PERSON,AIR,into beans. si
15493-6,15493,77,78,6,19.00,18564.33,0.10,0.01,N,O,1996-11-12,1997-01-06,1996-12-01,DELIVER IN PERSON,MAIL, the quick
15494-1,15494,1934,79,1,40.00,73437.20,0.01,0.06,N,O,1997-06-10,1997-08-05,1997-07-02,NONE,SHIP,unusual deposits haggle qui
15494-2,15494,1511,12,2,8.00,11300.08,0.02,0.02,N,O,1997-09-01,1997-07-18,1997-09-26,NONE,AIR,blithely bold dependencies promi
15494-3,15494,759,56,3,26.00,43153.50,0.03,0.05,N,O,1997-06-14,1997-08-02,1997-07-12,TAKE BACK RETURN,RAIL, pinto bea
15495-1,15495,1641,83,1,42.00,64790.88,0.02,0.06,N,O,1998-02-28,1998-04-07,1998-03-24,TAKE BACK RETURN,MAIL,ate above the theodolites
15495-2,15495,1133,42,2,4.00,4136.52,0.09,0.07,N,O,1998-06-03,1998-04-01,1998-06-15,NONE,RAIL,y ironic co
15495-3,15495,860,60,3,7.00,12326.02,0.05,0.08,N,O,1998-05-13,1998-05-19,1998-05-28,DELIVER IN PERSON,SHIP,yly. furiously iro
15495-4,15495,1826,27,4,43.00,74296.26,0.05,0.03,N,O,1998-05-25,1998-05-08,1998-05-29,TAKE BACK RETURN,REG AIR,blithely according
15520-1,15520,1896,26,1,42.00,75511.38,0.09,0.06,N,O,1997-11-07,1997-10-02,1997-11-29,TAKE BACK RETURN,TRUCK,s at the final request
15520-2,15520,514,45,2,46.00,65067.46,0.09,0.05,N,O,1997-12-05,1997-10-21,1997-12-21,DELIVER IN PERSON,RAIL,ts haggle carefully ac
15520-3,15520,99,75,3,13.00,12988.17,0.08,0.06,N,O,1997-08-31,1997-10-14,1997-09-21,COLLECT COD,AIR,rls play. iro
15520-4,15520,1956,89,4,1.00,1857.95,0.09,0.08,N,O,1997-10-12,1997-11-07,1997-10-25,NONE,TRUCK,es. fluffily bold deposits boost furiously 
15520-5,15520,28,54,5,47.00,43616.94,0.08,0.00,N,O,1997-10-26,1997-09-23,1997-11-05,TAKE BACK RETURN,AIR,olites integrate slyly final
15520-6,15520,437,38,6,44.00,58846.92,0.04,0.07,N,O,1997-10-13,1997-10-20,1997-11-06,DELIVER IN PERSON,TRUCK,uriously blithely final dependen
15520-7,15520,1380,81,7,26.00,33315.88,0.07,0.02,N,O,1997-12-10,1997-09-22,1997-12-17,NONE,SHIP,e fluffily ironic ideas. bold deposits boos
15521-1,15521,412,42,1,24.00,31497.84,0.06,0.03,N,O,1997-04-27,1997-03-20,1997-05-27,COLLECT COD,REG AIR,"ly silent foxes-- final, ironic "
15521-2,15521,1075,46,2,18.00,17569.26,0.04,0.06,N,O,1997-04-10,1997-04-20,1997-04-16,TAKE BACK RETURN,SHIP," about the foxes. final, ironic dep"
15522-1,15522,45,71,1,23.00,21735.92,0.09,0.05,R,F,1994-07-13,1994-07-21,1994-07-23,TAKE BACK RETURN,AIR,accounts integrate blithely abov
15522-2,15522,1263,38,2,18.00,20956.68,0.09,0.05,A,F,1994-10-03,1994-07-15,1994-11-01,NONE,TRUCK,inal instructions
15522-3,15522,149,28,3,1.00,1049.14,0.01,0.07,A,F,1994-08-20,1994-07-23,1994-08-21,TAKE BACK RETURN,AIR,t blithely a
15522-4,15522,512,73,4,1.00,1412.51,0.01,0.00,A,F,1994-09-18,1994-08-15,1994-09-27,TAKE BACK RETURN,RAIL,ngside of th
15522-5,15522,139,40,5,43.00,44682.59,0.10,0.05,R,F,1994-06-20,1994-07-24,1994-07-18,TAKE BACK RETURN,MAIL, idly about the regular
15522-6,15522,1753,80,6,24.00,39714.00,0.00,0.06,R,F,1994-06-15,1994-08-29,1994-07-08,TAKE BACK RETURN,TRUCK,lphins use quick
15523-1,15523,1569,70,1,9.00,13235.04,0.06,0.04,N,O,1998-05-05,1998-07-02,1998-05-11,COLLECT COD,REG AIR,s courts nag blithely thinly bold packages.
15523-2,15523,1663,64,2,14.00,21905.24,0.00,0.08,N,O,1998-08-07,1998-07-04,1998-08-14,COLLECT COD,AIR,nts. blithely busy theodolites are qui
15523-3,15523,745,10,3,24.00,39497.76,0.01,0.03,N,O,1998-07-13,1998-06-07,1998-07-28,NONE,RAIL,"le blithely even, regular"
15523-4,15523,1676,77,4,29.00,45752.43,0.04,0.01,N,O,1998-06-03,1998-05-26,1998-07-03,COLLECT COD,AIR,. busily final deposit
15523-5,15523,303,60,5,31.00,37302.30,0.03,0.04,N,O,1998-06-27,1998-07-05,1998-07-01,COLLECT COD,MAIL,aggle above the furiously bold theodolit
15523-6,15523,1022,58,6,19.00,17537.38,0.09,0.00,N,O,1998-04-24,1998-06-22,1998-05-02,COLLECT COD,FOB,fily. fluffily even foxes 
15524-1,15524,1802,89,1,11.00,18741.80,0.10,0.08,A,F,1992-06-16,1992-06-16,1992-06-17,NONE,RAIL,ily even pinto bean
15524-2,15524,1623,24,2,5.00,7623.10,0.09,0.05,A,F,1992-05-18,1992-07-05,1992-05-22,DELIVER IN PERSON,FOB,the enticingly unusual theodolites h
15524-3,15524,1552,73,3,7.00,10174.85,0.10,0.00,R,F,1992-08-05,1992-07-17,1992-08-16,COLLECT COD,TRUCK,"alongside of the regular,"
15525-1,15525,33,9,1,12.00,11196.36,0.06,0.00,N,O,1997-10-21,1997-09-27,1997-11-15,COLLECT COD,REG AIR,"the bold, even excuses! f"
15525-2,15525,324,81,2,18.00,22037.76,0.05,0.04,N,O,1997-09-13,1997-09-06,1997-10-12,NONE,REG AIR,express warthogs
15526-1,15526,1549,50,1,30.00,43516.20,0.06,0.00,N,O,1997-05-10,1997-03-20,1997-05-19,DELIVER IN PERSON,SHIP,boost. idly unusual request
15527-1,15527,580,41,1,33.00,48859.14,0.07,0.08,N,O,1998-10-07,1998-09-01,1998-10-13,NONE,SHIP, quickly express packa
15527-2,15527,69,45,2,34.00,32948.04,0.09,0.06,N,O,1998-10-05,1998-07-29,1998-10-23,NONE,FOB, quickly quickly quick packages. reg
15552-1,15552,1608,91,1,8.00,12076.80,0.03,0.00,N,O,1996-06-22,1996-06-23,1996-06-26,DELIVER IN PERSON,FOB,fully regular requests serve
15552-2,15552,1282,83,2,37.00,43781.36,0.07,0.04,N,O,1996-04-27,1996-06-28,1996-05-12,DELIVER IN PERSON,TRUCK,slyly to the even accounts. unusual reque
15552-3,15552,894,94,3,50.00,89744.50,0.06,0.05,N,O,1996-06-18,1996-06-19,1996-07-14,NONE,MAIL,re bold instruct
15552-4,15552,1072,43,4,11.00,10703.77,0.03,0.05,N,O,1996-05-23,1996-06-14,1996-05-27,DELIVER IN PERSON,RAIL,ly final d
15552-5,15552,1799,84,5,49.00,83338.71,0.01,0.01,N,O,1996-06-06,1996-07-08,1996-06-13,TAKE BACK RETURN,REG AIR,"er the pending, even package"
15552-6,15552,493,81,6,14.00,19508.86,0.10,0.01,N,O,1996-04-26,1996-06-28,1996-05-08,TAKE BACK RETURN,RAIL,e blithely
15552-7,15552,1835,22,7,39.00,67736.37,0.09,0.01,N,O,1996-05-20,1996-05-24,1996-06-13,NONE,REG AIR,xes print blithely above the quickly bold
15553-1,15553,1015,21,1,50.00,45800.50,0.04,0.06,N,O,1996-03-13,1996-01-28,1996-04-03,NONE,MAIL, quickly bold theodolites. 
15553-2,15553,1876,20,2,19.00,33779.53,0.10,0.05,N,O,1996-03-06,1996-02-16,1996-03-28,TAKE BACK RETURN,TRUCK,ly slyly e
15554-1,15554,1312,89,1,5.00,6066.55,0.06,0.02,R,F,1992-05-04,1992-04-25,1992-05-31,TAKE BACK RETURN,FOB,gular accounts are u
15554-2,15554,1943,88,2,16.00,29519.04,0.02,0.01,A,F,1992-04-14,1992-03-21,1992-05-12,TAKE BACK RETURN,REG AIR,ole furiously. carefull
15554-3,15554,808,42,3,47.00,80313.60,0.08,0.03,R,F,1992-03-29,1992-03-06,1992-04-03,TAKE BACK RETURN,SHIP,ts. quickly even ideas haggle. furious
15554-4,15554,1482,22,4,2.00,2766.96,0.07,0.07,A,F,1992-03-14,1992-03-24,1992-03-30,NONE,SHIP,s even accounts doze fluffily above 
15555-1,15555,984,85,1,46.00,86709.08,0.06,0.02,N,O,1997-10-21,1997-09-12,1997-11-07,NONE,AIR,y regular platelets
15556-1,15556,137,38,1,33.00,34225.29,0.08,0.04,A,F,1992-06-21,1992-08-01,1992-07-12,DELIVER IN PERSON,REG AIR,sual requests det
15556-2,15556,1107,80,2,39.00,39315.90,0.10,0.08,R,F,1992-08-03,1992-07-20,1992-08-14,NONE,TRUCK,ously at the carefully final 
15556-3,15556,1180,17,3,47.00,50815.46,0.03,0.07,R,F,1992-08-17,1992-07-25,1992-08-24,DELIVER IN PERSON,AIR,cording to the furiously regular account
15556-4,15556,1805,6,4,31.00,52910.80,0.00,0.06,R,F,1992-08-25,1992-08-17,1992-09-13,COLLECT COD,RAIL,to beans. packages among the bold
15556-5,15556,63,14,5,16.00,15408.96,0.03,0.07,R,F,1992-07-20,1992-08-11,1992-08-12,DELIVER IN PERSON,MAIL,st carefully. silent 
15557-1,15557,1465,44,1,41.00,56024.86,0.04,0.02,R,F,1992-04-10,1992-03-10,1992-04-21,TAKE BACK RETURN,MAIL,blithely fluffily bold deposits. silently b
15557-2,15557,1352,29,2,25.00,31333.75,0.03,0.00,R,F,1992-03-25,1992-04-07,1992-04-23,NONE,RAIL,ely blithely special accounts.
15558-1,15558,153,32,1,48.00,50551.20,0.05,0.05,N,O,1997-10-11,1997-12-09,1997-11-08,DELIVER IN PERSON,REG AIR, fluffily expre
15558-2,15558,1904,37,2,22.00,39729.80,0.03,0.06,N,O,1997-10-31,1998-01-02,1997-11-23,DELIVER IN PERSON,TRUCK, beneath the deposits. regularly 
15558-3,15558,1741,42,3,39.00,64066.86,0.06,0.01,N,O,1997-11-18,1997-12-20,1997-11-28,TAKE BACK RETURN,SHIP,kly ironic instructions. even 
15558-4,15558,1987,20,4,3.00,5666.94,0.03,0.01,N,O,1997-12-31,1997-12-26,1998-01-12,NONE,RAIL,ly bold foxes haggle furi
15558-5,15558,1843,73,5,32.00,55834.88,0.02,0.06,N,O,1998-01-14,1997-11-14,1998-02-05,TAKE BACK RETURN,TRUCK,grate carefully despite the even instr
15558-6,15558,1294,6,6,36.00,43030.44,0.04,0.04,N,O,1997-11-12,1997-12-03,1997-11-16,COLLECT COD,RAIL, foxes boost slyly; ironic platelets afte
15558-7,15558,1216,54,7,31.00,34633.51,0.09,0.04,N,O,1998-02-05,1997-12-07,1998-02-12,NONE,RAIL,boost quickl
15559-1,15559,1406,85,1,17.00,22225.80,0.00,0.03,N,O,1998-05-25,1998-06-01,1998-06-14,NONE,SHIP,ke carefully sly platelets. evenly e
15559-2,15559,1168,41,2,2.00,2138.32,0.00,0.03,N,O,1998-04-11,1998-05-09,1998-05-08,TAKE BACK RETURN,TRUCK, blithely unusual instructions. carefully
15559-3,15559,1621,4,3,35.00,53291.70,0.10,0.05,N,O,1998-07-05,1998-05-09,1998-07-29,COLLECT COD,REG AIR,iously furiously bold instructions. p
15584-1,15584,1164,37,1,42.00,44736.72,0.05,0.00,N,O,1997-04-10,1997-03-25,1997-04-27,NONE,REG AIR,ronic deposits. even foxes boo
15585-1,15585,1116,17,1,15.00,15256.65,0.04,0.06,N,O,1997-03-10,1997-02-01,1997-03-14,NONE,MAIL," express, final platelets use furio"
15585-2,15585,880,14,2,28.00,49864.64,0.10,0.00,N,O,1997-02-04,1997-02-26,1997-02-09,NONE,AIR,ly ironic w
15585-3,15585,1561,42,3,7.00,10237.92,0.02,0.03,N,O,1997-01-30,1997-01-28,1997-02-16,TAKE BACK RETURN,RAIL,"uests cajole carefully. final, regular ins"
15585-4,15585,992,61,4,18.00,34073.82,0.08,0.04,N,O,1997-01-14,1997-01-24,1997-01-25,TAKE BACK RETURN,REG AIR,he unusual foxes. regular
15586-1,15586,1214,26,1,3.00,3345.63,0.06,0.02,A,F,1995-03-28,1995-02-24,1995-04-10,TAKE BACK RETURN,AIR, pending ex
15586-2,15586,122,23,2,17.00,17376.04,0.06,0.06,R,F,1994-12-23,1995-03-03,1994-12-28,NONE,REG AIR,ounts. slyly final requ
15586-3,15586,590,21,3,47.00,70057.73,0.05,0.06,A,F,1994-12-19,1995-03-05,1994-12-21,NONE,MAIL,"le quickly. even, final ide"
15587-1,15587,365,22,1,18.00,22776.48,0.00,0.00,N,O,1997-04-29,1997-06-15,1997-05-22,COLLECT COD,MAIL,of the even i
15587-2,15587,546,77,2,35.00,50628.90,0.06,0.08,N,O,1997-06-23,1997-05-30,1997-06-27,NONE,RAIL,ully even ideas are a
15587-3,15587,12,63,3,49.00,44688.49,0.06,0.07,N,O,1997-04-08,1997-04-24,1997-04-17,COLLECT COD,FOB, sauternes haggle car
15587-4,15587,44,70,4,38.00,35873.52,0.10,0.08,N,O,1997-05-02,1997-05-16,1997-05-18,COLLECT COD,TRUCK, deposits! furious
15587-5,15587,1194,95,5,9.00,9856.71,0.09,0.02,N,O,1997-05-14,1997-04-25,1997-05-23,NONE,MAIL,fully according to the blith
15587-6,15587,1352,53,6,34.00,42613.90,0.09,0.08,N,O,1997-06-04,1997-05-27,1997-07-04,NONE,TRUCK,regular dependencies h
15587-7,15587,1268,69,7,39.00,45601.14,0.08,0.08,N,O,1997-04-16,1997-05-25,1997-05-13,NONE,TRUCK,s. slyly ironic pinto beans 
15588-1,15588,210,38,1,8.00,8881.68,0.05,0.06,N,O,1997-05-15,1997-05-04,1997-05-18,TAKE BACK RETURN,SHIP,ly even ins
15588-2,15588,763,60,2,16.00,26620.16,0.02,0.06,N,O,1997-07-18,1997-05-20,1997-08-08,NONE,AIR,cial ideas. slyly special package
15588-3,15588,417,5,3,2.00,2634.82,0.03,0.04,N,O,1997-05-22,1997-05-26,1997-05-31,TAKE BACK RETURN,SHIP,deposits sleep furiously. bold 
15588-4,15588,992,27,4,2.00,3785.98,0.02,0.01,N,O,1997-07-21,1997-06-09,1997-08-05,DELIVER IN PERSON,FOB, nag quickly above th
15588-5,15588,1773,74,5,49.00,82063.73,0.04,0.00,N,O,1997-04-12,1997-05-23,1997-04-22,COLLECT COD,FOB,l deposits nag fluffily furiou
15589-1,15589,783,84,1,33.00,55564.74,0.02,0.03,R,F,1994-10-27,1994-12-29,1994-11-17,NONE,AIR,lyly regular dependen
15590-1,15590,171,50,1,12.00,12854.04,0.00,0.02,N,O,1997-08-22,1997-09-05,1997-08-29,DELIVER IN PERSON,TRUCK,ly regular accounts. slyly
15590-2,15590,290,18,2,15.00,17854.35,0.02,0.01,N,O,1997-09-16,1997-08-28,1997-10-12,DELIVER IN PERSON,SHIP,te carefully according to the fur
15590-3,15590,1502,3,3,42.00,58947.00,0.03,0.00,N,O,1997-07-27,1997-08-12,1997-08-10,TAKE BACK RETURN,FOB, attainments: carefully final f
15590-4,15590,1322,37,4,3.00,3669.96,0.02,0.03,N,O,1997-09-07,1997-09-01,1997-09-15,COLLECT COD,REG AIR,le about the even sentimen
15590-5,15590,151,4,5,35.00,36790.25,0.10,0.03,N,O,1997-07-24,1997-09-02,1997-07-31,TAKE BACK RETURN,SHIP,o beans. sly
15590-6,15590,1265,3,6,10.00,11662.60,0.07,0.00,N,O,1997-07-07,1997-09-03,1997-07-09,DELIVER IN PERSON,FOB, haggle carefully across
15591-1,15591,129,82,1,25.00,25728.00,0.03,0.06,A,F,1992-07-14,1992-07-14,1992-07-17,DELIVER IN PERSON,TRUCK,otes. silent d
15591-2,15591,1754,39,2,47.00,77820.25,0.02,0.02,R,F,1992-06-25,1992-07-26,1992-07-04,COLLECT COD,TRUCK,"riously special pinto beans. regular, pe"
15591-3,15591,266,48,3,48.00,55980.48,0.10,0.06,R,F,1992-08-15,1992-07-12,1992-08-25,COLLECT COD,RAIL,haggle across th
15591-4,15591,891,25,4,16.00,28670.24,0.04,0.01,R,F,1992-07-31,1992-08-26,1992-08-17,DELIVER IN PERSON,FOB,fully silent fret
15591-5,15591,1197,70,5,9.00,9883.71,0.05,0.03,A,F,1992-07-21,1992-08-06,1992-08-03,TAKE BACK RETURN,REG AIR, ironic deposits cajole fluffily f
15616-1,15616,1459,77,1,17.00,23127.65,0.00,0.03,A,F,1992-05-06,1992-05-22,1992-05-14,COLLECT COD,REG AIR,y final theodo
15616-2,15616,1858,2,2,1.00,1759.85,0.10,0.04,R,F,1992-05-21,1992-06-08,1992-06-01,COLLECT COD,AIR,nts. final deposits sleep furiousl
15616-3,15616,1396,97,3,17.00,22055.63,0.07,0.07,R,F,1992-06-22,1992-05-07,1992-07-04,DELIVER IN PERSON,RAIL,e foxes. quickly ironic i
15616-4,15616,815,15,4,39.00,66916.59,0.07,0.06,A,F,1992-06-08,1992-06-02,1992-06-21,COLLECT COD,TRUCK,oxes. special reques
15616-5,15616,118,19,5,45.00,45814.95,0.09,0.04,A,F,1992-05-23,1992-05-30,1992-05-26,NONE,MAIL,"ironic excuses! careful, bold instruc"
15617-1,15617,1380,19,1,12.00,15376.56,0.03,0.00,R,F,1992-11-04,1992-10-11,1992-11-21,COLLECT COD,AIR,ccording to the furiously ironic packages
15617-2,15617,199,100,2,20.00,21983.80,0.03,0.03,R,F,1992-08-31,1992-10-20,1992-09-27,COLLECT COD,RAIL,deas are carefully
15618-1,15618,1660,84,1,3.00,4684.98,0.10,0.02,A,F,1993-12-03,1993-09-16,1993-12-09,COLLECT COD,TRUCK,mptotes nag b
15618-2,15618,444,3,2,41.00,55122.04,0.07,0.08,R,F,1993-10-15,1993-10-29,1993-11-08,NONE,RAIL,ss platelet
15618-3,15618,983,84,3,31.00,58403.38,0.00,0.03,A,F,1993-11-29,1993-09-08,1993-12-12,COLLECT COD,MAIL,ld requests integrate carefully. 
15618-4,15618,1581,22,4,1.00,1482.58,0.10,0.01,A,F,1993-09-15,1993-10-31,1993-10-09,TAKE BACK RETURN,FOB,fily slow accounts. furiously even ideas 
15618-5,15618,728,61,5,21.00,34203.12,0.04,0.03,R,F,1993-11-02,1993-10-18,1993-11-28,DELIVER IN PERSON,MAIL,escapades use blithely according to the
15618-6,15618,228,10,6,48.00,54154.56,0.05,0.06,R,F,1993-08-23,1993-09-28,1993-09-10,TAKE BACK RETURN,AIR, regular excuses cajole blithely
15619-1,15619,1849,36,1,36.00,63030.24,0.03,0.06,N,O,1995-10-26,1995-08-31,1995-11-20,TAKE BACK RETURN,SHIP,sits wake. slyly fina
15619-2,15619,1189,90,2,6.00,6541.08,0.04,0.03,N,O,1995-10-28,1995-08-04,1995-10-29,TAKE BACK RETURN,SHIP,ly regular theodolites haggle sly
15619-3,15619,352,9,3,42.00,52598.70,0.05,0.08,N,O,1995-08-30,1995-08-06,1995-09-01,COLLECT COD,REG AIR,ar requests about the slyly bold pack
15619-4,15619,1653,36,4,37.00,57522.05,0.09,0.05,N,O,1995-08-09,1995-08-03,1995-08-13,COLLECT COD,AIR,ackages. carefully silent r
15619-5,15619,779,44,5,40.00,67190.80,0.09,0.03,N,O,1995-08-20,1995-09-03,1995-09-12,NONE,SHIP,he blithely
15619-6,15619,1125,34,6,40.00,41044.80,0.07,0.00,N,O,1995-08-07,1995-09-11,1995-08-16,DELIVER IN PERSON,FOB,bout the requests detect
15619-7,15619,985,86,7,17.00,32061.66,0.09,0.00,N,O,1995-10-10,1995-09-17,1995-10-23,DELIVER IN PERSON,AIR,lar accounts haggle re
15620-1,15620,343,100,1,33.00,41030.22,0.02,0.06,N,O,1997-09-11,1997-08-31,1997-09-27,NONE,MAIL,arefully quiet requests. b
15621-1,15621,1049,20,1,33.00,31351.32,0.01,0.08,N,O,1995-11-24,1995-11-20,1995-12-07,COLLECT COD,FOB,ully after the blithely r
15621-2,15621,1584,25,2,19.00,28226.02,0.03,0.02,N,O,1995-10-30,1995-10-26,1995-11-22,COLLECT COD,REG AIR,uriously enticing packag
15621-3,15621,218,19,3,26.00,29073.46,0.08,0.02,N,O,1996-01-14,1995-12-07,1996-01-31,NONE,FOB,g to the slyly pending t
15621-4,15621,687,81,4,7.00,11113.76,0.02,0.00,N,O,1995-11-10,1995-11-27,1995-12-06,COLLECT COD,TRUCK,urts integrate blithely. requests nag cl
15621-5,15621,956,57,5,38.00,70564.10,0.00,0.03,N,O,1995-12-10,1995-11-05,1996-01-05,DELIVER IN PERSON,RAIL,equests haggle slyly. slyly ironi
15622-1,15622,1309,86,1,45.00,54463.50,0.01,0.08,N,O,1995-09-04,1995-11-08,1995-09-25,NONE,RAIL,ickly special foxes haggle carefully. r
15622-2,15622,1938,83,2,8.00,14719.44,0.08,0.05,N,O,1995-11-24,1995-11-12,1995-12-23,NONE,MAIL,hely pending depo
15622-3,15622,580,11,3,16.00,23689.28,0.04,0.01,N,O,1995-10-01,1995-10-31,1995-10-21,TAKE BACK RETURN,AIR,ithely express packages 
15622-4,15622,392,21,4,33.00,42648.87,0.09,0.08,N,O,1995-11-02,1995-11-13,1995-11-27,TAKE BACK RETURN,SHIP,egular courts nag blithely f
15622-5,15622,874,8,5,4.00,7099.48,0.09,0.06,N,O,1995-09-26,1995-11-08,1995-10-04,TAKE BACK RETURN,REG AIR,"al, bold requests"
15622-6,15622,1007,13,6,41.00,37228.00,0.05,0.01,N,O,1995-11-15,1995-10-15,1995-11-21,NONE,REG AIR,lar requests haggle furiously. 
15622-7,15622,292,74,7,31.00,36960.99,0.08,0.05,N,O,1995-12-04,1995-10-04,1996-01-01,COLLECT COD,AIR,: bold platelets wake fluffily regula
15623-1,15623,584,45,1,3.00,4453.74,0.08,0.08,A,F,1993-06-12,1993-06-16,1993-06-23,DELIVER IN PERSON,SHIP,fter the ironic instructions. fina
15648-1,15648,1440,19,1,21.00,28170.24,0.09,0.04,N,O,1996-04-14,1996-04-22,1996-04-17,TAKE BACK RETURN,RAIL,aintain slyly carefully fi
15648-2,15648,1871,15,2,37.00,65596.19,0.07,0.07,N,O,1996-03-31,1996-05-04,1996-04-06,DELIVER IN PERSON,AIR,lar asympto
15648-3,15648,62,38,3,12.00,11544.72,0.08,0.04,N,O,1996-05-19,1996-04-29,1996-05-27,DELIVER IN PERSON,MAIL,inal pinto beans. final asymp
15648-4,15648,641,4,4,14.00,21582.96,0.00,0.02,N,O,1996-04-13,1996-05-07,1996-05-12,COLLECT COD,SHIP,ions above the doggedly 
15648-5,15648,1349,64,5,41.00,51263.94,0.09,0.00,N,O,1996-06-08,1996-05-07,1996-06-26,NONE,SHIP,"old, even accoun"
15648-6,15648,2000,1,6,41.00,36982.00,0.03,0.01,N,O,1996-06-05,1996-04-25,1996-06-25,DELIVER IN PERSON,TRUCK,nts cajole among the dogge
15648-7,15648,360,61,7,44.00,55455.84,0.00,0.06,N,O,1996-05-31,1996-04-25,1996-06-11,DELIVER IN PERSON,SHIP,ideas grow 
15649-1,15649,755,88,1,47.00,77820.25,0.07,0.03,N,O,1997-08-23,1997-09-12,1997-08-26,DELIVER IN PERSON,AIR, furiously pending as
15650-1,15650,875,9,1,31.00,55051.97,0.01,0.01,N,O,1996-11-22,1996-12-15,1996-12-04,TAKE BACK RETURN,TRUCK,ever sly platelets. slyly even pinto 
15650-2,15650,1773,74,2,25.00,41869.25,0.09,0.03,N,O,1996-11-01,1996-11-23,1996-11-19,DELIVER IN PERSON,SHIP,luffily pending d
15650-3,15650,1568,49,3,18.00,26452.08,0.08,0.03,N,O,1996-12-22,1996-12-18,1996-12-27,TAKE BACK RETURN,REG AIR,uriously even acco
15651-1,15651,1174,47,1,6.00,6451.02,0.09,0.00,R,F,1993-01-02,1992-11-04,1993-01-05,COLLECT COD,TRUCK,pendencies. packages integrate express 
15651-2,15651,686,49,2,30.00,47600.40,0.04,0.03,A,F,1992-11-13,1992-12-08,1992-11-30,NONE,RAIL,usual requests. carefully pending deposits 
15651-3,15651,1082,88,3,4.00,3932.32,0.00,0.03,A,F,1992-11-06,1992-12-01,1992-11-22,DELIVER IN PERSON,REG AIR,maintain. carefully u
15651-4,15651,32,33,4,22.00,20504.66,0.07,0.08,R,F,1992-10-26,1992-12-28,1992-10-28,TAKE BACK RETURN,AIR,"p furiously. pending,"
15651-5,15651,1192,65,5,1.00,1093.19,0.10,0.00,R,F,1992-10-19,1992-11-30,1992-10-29,NONE,MAIL,arefully bold asymptotes. fluffily ir
15652-1,15652,191,92,1,20.00,21823.80,0.04,0.01,R,F,1993-02-24,1993-03-30,1993-03-06,COLLECT COD,AIR,uriously final deposits sleep
15652-2,15652,970,73,2,9.00,16838.73,0.02,0.05,R,F,1993-05-09,1993-04-16,1993-05-20,DELIVER IN PERSON,AIR,he final ideas. ironic theo
15652-3,15652,1470,88,3,17.00,23314.99,0.04,0.00,R,F,1993-04-22,1993-04-21,1993-05-19,NONE,REG AIR,the ironic foxes.
15653-1,15653,781,46,1,27.00,45408.06,0.10,0.06,N,O,1996-08-14,1996-07-07,1996-08-30,DELIVER IN PERSON,SHIP,ias. fluffil
15653-2,15653,209,91,2,30.00,33276.00,0.03,0.02,N,O,1996-09-02,1996-07-21,1996-09-05,DELIVER IN PERSON,SHIP,asymptotes about the f
15653-3,15653,1492,32,3,22.00,30656.78,0.06,0.03,N,O,1996-09-22,1996-07-27,1996-10-04,DELIVER IN PERSON,AIR,ns. final pinto beans wake slo
15654-1,15654,1772,57,1,49.00,82014.73,0.00,0.04,A,F,1994-11-21,1995-01-01,1994-11-22,DELIVER IN PERSON,SHIP,sts. slyly express excuses sleep slyl
15654-2,15654,820,54,2,36.00,61949.52,0.05,0.05,A,F,1995-01-02,1994-11-18,1995-01-12,COLLECT COD,MAIL,ckly regular packages among the somet
15654-3,15654,490,49,3,31.00,43105.19,0.00,0.01,A,F,1994-11-05,1994-11-17,1994-11-27,DELIVER IN PERSON,SHIP,accounts hinder furiously about the furious
15655-1,15655,1655,38,1,36.00,56039.40,0.05,0.00,N,O,1996-12-16,1997-01-21,1996-12-24,COLLECT COD,RAIL,ggle carefully sometimes regular accounts;
15655-2,15655,662,94,2,49.00,76570.34,0.02,0.04,N,O,1996-12-06,1997-01-20,1996-12-12,COLLECT COD,AIR, pinto beans wake furiously unusual depo
15655-3,15655,768,33,3,16.00,26700.16,0.01,0.00,N,O,1997-02-21,1997-01-24,1997-03-02,TAKE BACK RETURN,AIR,instructions are blithely? blithely p
15655-4,15655,353,10,4,13.00,16293.55,0.03,0.02,N,O,1997-01-14,1996-12-23,1997-02-06,TAKE BACK RETURN,RAIL,tions. furiously u
15655-5,15655,141,68,5,46.00,47892.44,0.10,0.05,N,O,1996-12-03,1997-02-02,1996-12-28,TAKE BACK RETURN,MAIL,wake pending asymptotes. quickly iron
15680-1,15680,606,38,1,9.00,13559.40,0.03,0.02,N,O,1998-05-21,1998-04-04,1998-06-07,COLLECT COD,REG AIR,nusual pains against
15680-2,15680,1859,46,2,7.00,12325.95,0.10,0.05,N,O,1998-03-09,1998-02-21,1998-04-05,TAKE BACK RETURN,FOB,"nag slowly even ideas. silent, special acc"
15680-3,15680,418,48,3,34.00,44825.94,0.02,0.05,N,O,1998-05-17,1998-03-21,1998-05-27,COLLECT COD,FOB,otes detect. blithely fina
15681-1,15681,876,10,1,17.00,30206.79,0.07,0.00,N,O,1995-10-22,1995-07-29,1995-10-25,NONE,AIR,ld excuses cajole blithely. blith
15681-2,15681,911,12,2,31.00,56169.21,0.02,0.01,N,O,1995-08-17,1995-08-13,1995-09-13,COLLECT COD,MAIL, even theodolites boost bravely! unus
15681-3,15681,560,91,3,32.00,46737.92,0.09,0.05,N,O,1995-08-22,1995-09-09,1995-09-03,TAKE BACK RETURN,MAIL,pecial deposi
15682-1,15682,755,88,1,48.00,79476.00,0.05,0.04,N,O,1996-04-08,1996-04-20,1996-05-02,COLLECT COD,MAIL,s detect carefully according to the
15682-2,15682,749,14,2,36.00,59390.64,0.00,0.07,N,O,1996-05-11,1996-05-10,1996-05-21,DELIVER IN PERSON,RAIL,accounts boost. quick
15683-1,15683,1105,6,1,11.00,11067.10,0.00,0.06,R,F,1992-05-23,1992-06-02,1992-06-22,COLLECT COD,RAIL,even requests about 
15683-2,15683,110,11,2,8.00,8080.88,0.00,0.04,A,F,1992-05-23,1992-05-21,1992-06-16,NONE,FOB,ermanent courts breach f
15683-3,15683,950,19,3,11.00,20360.45,0.04,0.07,R,F,1992-06-20,1992-07-18,1992-07-15,COLLECT COD,TRUCK,ggle quickly carefully regula
15683-4,15683,1031,2,4,18.00,16776.54,0.06,0.01,R,F,1992-08-19,1992-06-16,1992-09-05,NONE,FOB,s could affix furiously express accoun
15684-1,15684,1795,38,1,39.00,66174.81,0.07,0.08,N,O,1996-06-09,1996-06-30,1996-07-04,DELIVER IN PERSON,SHIP,lar pinto beans. asymptotes boost caref
15684-2,15684,772,37,2,44.00,73601.88,0.01,0.03,N,O,1996-05-11,1996-07-13,1996-05-31,TAKE BACK RETURN,FOB,omas boost quickly!
15684-3,15684,1193,30,3,42.00,45955.98,0.02,0.00,N,O,1996-06-23,1996-07-21,1996-07-04,NONE,RAIL, even theodolite
15684-4,15684,167,46,4,48.00,51223.68,0.04,0.01,N,O,1996-06-09,1996-06-21,1996-06-14,DELIVER IN PERSON,RAIL,ronic theodolites. pe
15685-1,15685,496,84,1,25.00,34912.25,0.05,0.04,N,O,1996-12-21,1997-01-25,1997-01-07,TAKE BACK RETURN,AIR, pending requests. ironic dependencies are
15685-2,15685,667,99,2,40.00,62706.40,0.09,0.07,N,O,1996-12-12,1997-01-25,1997-01-08,COLLECT COD,SHIP,ans use furio
15685-3,15685,1935,36,3,3.00,5510.79,0.01,0.04,N,O,1997-01-02,1996-12-31,1997-01-05,DELIVER IN PERSON,MAIL,y ironic courts boost about the slyl
15685-4,15685,1806,50,4,27.00,46110.60,0.01,0.06,N,O,1996-11-22,1996-12-17,1996-12-08,NONE,FOB,ly unusual deposits. special requests caj
15685-5,15685,982,83,5,24.00,45191.52,0.01,0.06,N,O,1996-11-07,1996-12-17,1996-11-11,DELIVER IN PERSON,FOB,requests! sl
15685-6,15685,1688,89,6,49.00,77894.32,0.03,0.01,N,O,1997-01-07,1996-11-28,1997-02-03,COLLECT COD,RAIL,quick requests. caref
15686-1,15686,79,55,1,9.00,8811.63,0.08,0.00,N,O,1996-11-21,1997-01-01,1996-11-27,DELIVER IN PERSON,FOB,re. blithely blithe deposits are ca
15686-2,15686,1950,83,2,47.00,87041.65,0.06,0.05,N,O,1996-11-11,1997-01-03,1996-12-01,NONE,RAIL,hely furiously 
15686-3,15686,1827,57,3,26.00,44949.32,0.08,0.08,N,O,1997-01-01,1996-12-11,1997-01-30,COLLECT COD,REG AIR,ly regular waters hag
15686-4,15686,1767,94,4,27.00,45056.52,0.04,0.01,N,O,1996-11-07,1996-12-05,1996-12-02,NONE,SHIP, haggle furiously a
15687-1,15687,1128,29,1,39.00,40135.68,0.01,0.03,R,F,1992-08-05,1992-05-21,1992-08-12,DELIVER IN PERSON,SHIP,le about the quickly e
15687-2,15687,546,37,2,50.00,72327.00,0.10,0.00,R,F,1992-05-28,1992-06-12,1992-06-03,TAKE BACK RETURN,TRUCK,ly bold foxes
15687-3,15687,1605,29,3,17.00,25612.20,0.02,0.04,R,F,1992-04-12,1992-06-24,1992-04-16,COLLECT COD,FOB,ular ideas cajole. 
15687-4,15687,887,88,4,27.00,48272.76,0.06,0.03,A,F,1992-07-22,1992-05-22,1992-08-12,DELIVER IN PERSON,RAIL,lar pinto beans. blithely regular accounts
15687-5,15687,1158,95,5,16.00,16946.40,0.04,0.08,R,F,1992-04-19,1992-06-17,1992-04-23,TAKE BACK RETURN,AIR,pending pearls boost fluffily. regular inst
15712-1,15712,135,88,1,44.00,45545.72,0.08,0.05,R,F,1993-01-12,1993-01-06,1993-01-27,NONE,FOB,ructions. r
15712-2,15712,1130,3,2,42.00,43307.46,0.05,0.04,A,F,1993-02-01,1993-02-02,1993-02-15,DELIVER IN PERSON,FOB,"heodolites. careful, regular deposits "
15712-3,15712,377,78,3,37.00,47262.69,0.10,0.01,R,F,1993-03-29,1993-02-03,1993-04-16,NONE,MAIL,s. slyly ir
15712-4,15712,1248,49,4,33.00,37924.92,0.10,0.03,R,F,1993-02-27,1993-01-25,1993-03-27,COLLECT COD,RAIL,ect furiously req
15713-1,15713,1723,50,1,15.00,24370.80,0.00,0.07,N,O,1996-03-23,1996-03-10,1996-03-26,COLLECT COD,FOB,"ly final, regular packages. q"
15713-2,15713,899,100,2,47.00,84594.83,0.10,0.05,N,O,1996-03-18,1996-04-20,1996-04-12,COLLECT COD,TRUCK,l deposits according to the unus
15713-3,15713,1608,91,3,5.00,7548.00,0.03,0.03,N,O,1996-01-31,1996-03-08,1996-02-26,DELIVER IN PERSON,SHIP,tegrate slyly ironic
15714-1,15714,646,9,1,8.00,12373.12,0.01,0.04,N,O,1995-07-11,1995-10-01,1995-08-10,TAKE BACK RETURN,RAIL,iously pending deposits use fluffily entic
15714-2,15714,1886,73,2,9.00,16090.92,0.00,0.07,N,O,1995-09-18,1995-08-18,1995-10-01,TAKE BACK RETURN,TRUCK,posits sleep slyly 
15714-3,15714,978,47,3,47.00,88311.59,0.02,0.08,N,O,1995-08-29,1995-09-18,1995-08-30,NONE,MAIL,furiously final courts boost furi
15714-4,15714,1816,3,4,4.00,6871.24,0.01,0.03,N,O,1995-09-29,1995-08-08,1995-10-22,COLLECT COD,FOB,ven requests. regular pinto beans boost s
15714-5,15714,764,65,5,14.00,23306.64,0.05,0.05,N,O,1995-09-20,1995-08-15,1995-09-30,TAKE BACK RETURN,FOB,ously about the regular packa
15715-1,15715,755,52,1,30.00,49672.50,0.05,0.00,A,F,1993-02-10,1993-01-12,1993-02-23,DELIVER IN PERSON,REG AIR,sts solve about the express accounts
15715-2,15715,1546,87,2,13.00,18818.02,0.00,0.04,R,F,1993-01-22,1992-12-25,1993-02-01,COLLECT COD,FOB,he blithely special foxes: never
15715-3,15715,733,30,3,1.00,1633.73,0.10,0.04,R,F,1993-02-07,1992-11-29,1993-03-05,TAKE BACK RETURN,TRUCK,ts. quickly regular packages sl
15715-4,15715,1197,98,4,47.00,51614.93,0.02,0.03,A,F,1993-01-21,1992-12-18,1993-02-02,COLLECT COD,AIR,nal pinto beans use ruthless packages.
15715-5,15715,1333,48,5,44.00,54310.52,0.04,0.06,R,F,1992-12-25,1992-12-22,1993-01-21,DELIVER IN PERSON,TRUCK, unusual requests against the
15716-1,15716,788,89,1,9.00,15199.02,0.03,0.01,N,O,1996-09-16,1996-10-06,1996-09-19,TAKE BACK RETURN,MAIL,y express packages are furious
15716-2,15716,1197,34,2,9.00,9883.71,0.00,0.08,N,O,1996-11-16,1996-09-26,1996-12-10,COLLECT COD,REG AIR,"g, final packages cajole doggedly exp"
15716-3,15716,7,83,3,42.00,38094.00,0.02,0.07,N,O,1996-10-23,1996-10-09,1996-11-02,NONE,SHIP,"dependencies nag. bold, final accounts are "
15716-4,15716,1241,53,4,24.00,27413.76,0.03,0.08,N,O,1996-10-13,1996-09-26,1996-10-17,NONE,REG AIR,ress instructions haggle. quickly pending
15716-5,15716,1205,43,5,44.00,48672.80,0.04,0.08,N,O,1996-10-06,1996-10-15,1996-10-14,TAKE BACK RETURN,SHIP,ly regular requests are above t
15716-6,15716,1771,14,6,10.00,16727.70,0.07,0.05,N,O,1996-11-12,1996-10-17,1996-12-08,NONE,FOB,? blithely ironic theodolite
15717-1,15717,1103,12,1,34.00,34139.40,0.03,0.07,N,O,1998-06-27,1998-05-30,1998-07-16,TAKE BACK RETURN,REG AIR,s haggle. fluffily ironic accou
15717-2,15717,53,54,2,22.00,20967.10,0.10,0.01,N,O,1998-06-03,1998-05-24,1998-06-25,DELIVER IN PERSON,RAIL,ey players? carefully regular account
15717-3,15717,1276,14,3,37.00,43558.99,0.04,0.01,N,O,1998-05-28,1998-05-07,1998-05-29,NONE,REG AIR, instructions. reques
15717-4,15717,1416,56,4,3.00,3952.23,0.10,0.07,N,O,1998-04-24,1998-05-24,1998-04-25,TAKE BACK RETURN,FOB,nto beans wake furiously blithe
15717-5,15717,1654,37,5,23.00,35779.95,0.03,0.03,N,O,1998-03-22,1998-04-26,1998-04-21,COLLECT COD,SHIP,nst the blithely pending theodolites enga
15718-1,15718,1112,85,1,17.00,17222.87,0.09,0.04,A,F,1994-03-01,1994-03-01,1994-03-13,COLLECT COD,TRUCK,tes. blithely special requests above t
15718-2,15718,1215,53,2,10.00,11162.10,0.08,0.00,A,F,1994-04-22,1994-03-03,1994-05-04,TAKE BACK RETURN,SHIP,gle furiously carefully ironic accounts. sl
15718-3,15718,1562,63,3,28.00,40979.68,0.07,0.01,R,F,1994-05-08,1994-03-21,1994-05-14,TAKE BACK RETURN,REG AIR,special foxes. expre
15718-4,15718,484,85,4,26.00,35996.48,0.04,0.06,A,F,1994-03-03,1994-03-30,1994-03-18,DELIVER IN PERSON,FOB,hes. blithely silent 
15719-1,15719,341,98,1,13.00,16137.42,0.08,0.06,R,F,1995-04-14,1995-02-18,1995-05-04,NONE,AIR,integrate furiously regular pi
15719-2,15719,1148,85,2,16.00,16786.24,0.07,0.02,A,F,1995-04-03,1995-03-19,1995-04-11,TAKE BACK RETURN,FOB,terns haggle. excuses affix quickly f
15719-3,15719,894,95,3,29.00,52051.81,0.06,0.00,A,F,1995-04-07,1995-04-02,1995-04-20,DELIVER IN PERSON,REG AIR,counts. slyly
15719-4,15719,1585,86,4,25.00,37164.50,0.04,0.05,A,F,1995-04-21,1995-02-18,1995-05-17,TAKE BACK RETURN,FOB,"ons. even, bold requests boost bli"
15744-1,15744,12,88,1,17.00,15504.17,0.10,0.05,R,F,1993-06-20,1993-05-29,1993-07-09,DELIVER IN PERSON,RAIL,c packages integrate quick
15744-2,15744,515,76,2,31.00,43880.81,0.01,0.01,A,F,1993-03-26,1993-05-02,1993-04-06,TAKE BACK RETURN,FOB,"lly regular, regular instruct"
15745-1,15745,811,78,1,26.00,44507.06,0.01,0.04,R,F,1992-08-25,1992-09-24,1992-09-18,COLLECT COD,MAIL,y across the ironic pac
15745-2,15745,982,17,2,36.00,67787.28,0.05,0.08,A,F,1992-08-07,1992-09-20,1992-09-05,TAKE BACK RETURN,SHIP,"asymptotes sleep enticingly. special, iron"
15745-3,15745,682,76,3,8.00,12661.44,0.01,0.03,R,F,1992-08-20,1992-09-10,1992-09-05,DELIVER IN PERSON,MAIL,"y along the express, regular "
15745-4,15745,1021,92,4,33.00,30426.66,0.00,0.02,A,F,1992-07-08,1992-09-14,1992-07-18,NONE,TRUCK,shall have to wake quickly along the 
15746-1,15746,324,81,1,33.00,40402.56,0.05,0.02,N,O,1998-03-13,1998-02-27,1998-03-29,TAKE BACK RETURN,MAIL,lyly special
15746-2,15746,1146,55,2,42.00,43979.88,0.07,0.03,N,O,1998-04-01,1998-03-21,1998-04-10,TAKE BACK RETURN,AIR, regular depo
15746-3,15746,167,20,3,21.00,22410.36,0.10,0.07,N,O,1998-02-14,1998-03-31,1998-03-03,TAKE BACK RETURN,REG AIR, requests are packages. iro
15747-1,15747,71,72,1,37.00,35929.59,0.00,0.03,N,O,1996-07-16,1996-06-08,1996-07-30,NONE,FOB, use furiously blithely final 
15747-2,15747,1627,51,2,1.00,1528.62,0.01,0.04,N,O,1996-06-06,1996-05-09,1996-07-03,DELIVER IN PERSON,REG AIR,refully even deposits above the theod
15747-3,15747,861,62,3,46.00,81045.56,0.09,0.06,N,O,1996-04-25,1996-05-19,1996-05-12,TAKE BACK RETURN,REG AIR,heodolites boost slyly a
15747-4,15747,298,53,4,12.00,14379.48,0.10,0.05,N,O,1996-06-20,1996-04-21,1996-07-04,COLLECT COD,SHIP,fluffily unusual requests. 
15747-5,15747,1483,23,5,35.00,48456.80,0.08,0.02,N,O,1996-03-28,1996-04-24,1996-04-03,TAKE BACK RETURN,RAIL,es wake furiously. carefully final
15748-1,15748,1156,29,1,50.00,52857.50,0.07,0.07,R,F,1995-01-01,1995-02-19,1995-01-22,DELIVER IN PERSON,MAIL,"along the unusual, unusual forges s"
15748-2,15748,327,56,2,22.00,27001.04,0.07,0.06,A,F,1995-04-10,1995-03-04,1995-04-23,NONE,MAIL,sly even platelets hagg
15748-3,15748,179,6,3,38.00,41008.46,0.05,0.08,A,F,1995-03-13,1995-02-04,1995-03-26,TAKE BACK RETURN,FOB,sleep furiously furiously bold deposi
15748-4,15748,698,30,4,42.00,67144.98,0.02,0.02,R,F,1995-01-20,1995-01-19,1995-02-02,TAKE BACK RETURN,AIR,s? slyly even accounts solve around the 
15749-1,15749,426,85,1,43.00,57036.06,0.08,0.00,N,O,1998-01-20,1997-11-21,1998-02-03,DELIVER IN PERSON,SHIP,boldly even platelets integrate fluffily 
15750-1,15750,1675,58,1,5.00,7883.35,0.08,0.02,N,O,1997-06-20,1997-08-14,1997-07-07,NONE,REG AIR,ven sheaves. slyly regular acc
15750-2,15750,1307,46,2,6.00,7249.80,0.05,0.05,N,O,1997-05-30,1997-07-26,1997-06-05,COLLECT COD,SHIP,ests haggle carefully. silent courts abo
15750-3,15750,550,81,3,6.00,8703.30,0.05,0.08,N,O,1997-09-22,1997-07-07,1997-10-09,DELIVER IN PERSON,AIR,eas. quickly ironic forges boost above
15750-4,15750,1830,74,4,18.00,31172.94,0.03,0.05,N,O,1997-06-22,1997-08-09,1997-07-06,COLLECT COD,FOB,nding deposits slee
15751-1,15751,1038,9,1,31.00,29109.93,0.03,0.00,R,F,1994-11-12,1994-10-25,1994-11-25,TAKE BACK RETURN,AIR,c platelets haggle! pla
15751-2,15751,1658,82,2,26.00,40550.90,0.00,0.06,A,F,1994-09-14,1994-11-05,1994-09-21,COLLECT COD,FOB, blithely bold asy
15751-3,15751,1077,83,3,12.00,11736.84,0.05,0.06,A,F,1994-11-14,1994-10-29,1994-11-26,DELIVER IN PERSON,TRUCK, among the furiousl
15776-1,15776,173,74,1,45.00,48292.65,0.05,0.02,N,O,1997-12-25,1998-02-20,1998-01-24,DELIVER IN PERSON,REG AIR, foxes. final acco
15776-2,15776,1252,64,2,19.00,21911.75,0.03,0.05,N,O,1998-02-20,1998-02-10,1998-02-28,COLLECT COD,FOB,en ideas. final p
15776-3,15776,1201,13,3,42.00,46292.40,0.10,0.06,N,O,1998-03-09,1998-01-29,1998-03-10,COLLECT COD,AIR,kages wake car
15776-4,15776,565,56,4,6.00,8793.36,0.05,0.03,N,O,1998-01-08,1998-01-24,1998-01-20,TAKE BACK RETURN,AIR,usly ironic depos
15777-1,15777,1237,38,1,3.00,3414.69,0.08,0.03,R,F,1995-01-13,1995-02-25,1995-01-20,TAKE BACK RETURN,TRUCK, ironic dolphins. slyly
15777-2,15777,1556,77,2,4.00,5830.20,0.02,0.04,R,F,1995-03-12,1995-03-29,1995-04-08,TAKE BACK RETURN,SHIP,sits poach furiousl
15778-1,15778,1806,7,1,12.00,20493.60,0.07,0.00,A,F,1993-05-31,1993-07-25,1993-06-07,DELIVER IN PERSON,FOB,ding deposits are carefully among t
15778-2,15778,311,12,2,26.00,31494.06,0.04,0.08,R,F,1993-08-23,1993-07-16,1993-09-03,DELIVER IN PERSON,TRUCK,y according to t
15778-3,15778,915,16,3,15.00,27238.65,0.09,0.04,A,F,1993-08-31,1993-07-08,1993-09-25,DELIVER IN PERSON,REG AIR,"ecial, final packages "
15778-4,15778,1678,2,4,26.00,41071.42,0.00,0.04,R,F,1993-05-20,1993-07-08,1993-05-23,COLLECT COD,REG AIR,sits haggle slyly among the regular pla
15778-5,15778,1515,96,5,32.00,45328.32,0.05,0.00,R,F,1993-08-10,1993-06-25,1993-08-25,NONE,RAIL,regular requests wake flu
15778-6,15778,1395,72,6,29.00,37595.31,0.05,0.04,R,F,1993-06-07,1993-08-05,1993-07-03,COLLECT COD,FOB,c ideas kindle furiously slyly ironic in
15779-1,15779,924,59,1,35.00,63872.20,0.04,0.07,N,O,1998-05-22,1998-04-06,1998-05-29,DELIVER IN PERSON,SHIP,ffily pending pinto beans. 
15779-2,15779,1730,31,2,17.00,27739.41,0.10,0.06,N,O,1998-04-03,1998-05-06,1998-04-13,COLLECT COD,TRUCK,ges; carefully unusual gifts
15779-3,15779,1343,58,3,35.00,43551.90,0.08,0.05,N,O,1998-06-14,1998-05-03,1998-06-28,DELIVER IN PERSON,MAIL,ke about the slyly final instr
15779-4,15779,586,87,4,45.00,66896.10,0.03,0.02,N,O,1998-06-21,1998-05-16,1998-07-07,COLLECT COD,SHIP,dinos among the
15779-5,15779,1980,81,5,49.00,92217.02,0.04,0.01,N,O,1998-03-24,1998-03-31,1998-03-28,TAKE BACK RETURN,TRUCK,t the accounts. fina
15779-6,15779,426,85,6,37.00,49077.54,0.04,0.07,N,O,1998-04-12,1998-05-17,1998-05-08,COLLECT COD,TRUCK,ids. blithely regular accounts acros
15779-7,15779,911,46,7,38.00,68852.58,0.08,0.03,N,O,1998-05-15,1998-05-17,1998-05-22,NONE,RAIL,"unusual ideas nag final, ironi"
15780-1,15780,140,41,1,22.00,22883.08,0.00,0.07,R,F,1995-04-30,1995-06-17,1995-05-06,TAKE BACK RETURN,SHIP,are furiously eve
15780-2,15780,166,67,2,43.00,45844.88,0.02,0.00,N,O,1995-06-22,1995-07-08,1995-07-14,DELIVER IN PERSON,REG AIR,oss the fluffily ironic foxes. caref
15780-3,15780,591,52,3,9.00,13424.31,0.05,0.01,R,F,1995-04-23,1995-07-12,1995-05-10,TAKE BACK RETURN,MAIL,e bravely slyly regular deposit
15780-4,15780,199,52,4,35.00,38471.65,0.10,0.08,N,O,1995-07-25,1995-06-12,1995-07-28,COLLECT COD,TRUCK,t ideas are blithely. carefully 
15780-5,15780,1005,11,5,5.00,4530.00,0.00,0.07,R,F,1995-04-28,1995-05-29,1995-05-06,NONE,MAIL,lent accounts cajole furiously furiousl
15780-6,15780,1215,53,6,10.00,11162.10,0.10,0.03,A,F,1995-04-28,1995-07-09,1995-05-03,NONE,REG AIR,. unusual packages are fluffily. unusual
15781-1,15781,1121,94,1,7.00,7154.84,0.08,0.02,R,F,1992-09-23,1992-10-24,1992-09-29,NONE,REG AIR,among the regular
15781-2,15781,919,88,2,27.00,49137.57,0.02,0.06,A,F,1992-09-18,1992-11-20,1992-09-23,TAKE BACK RETURN,TRUCK,es cajole furiously beside the fluf
15781-3,15781,54,5,3,19.00,18126.95,0.06,0.05,A,F,1992-09-24,1992-10-11,1992-10-12,NONE,AIR,final pint
15781-4,15781,1670,12,4,47.00,73868.49,0.10,0.02,R,F,1992-12-01,1992-10-04,1992-12-16,DELIVER IN PERSON,MAIL,s ideas. sly
15782-1,15782,653,16,1,17.00,26412.05,0.04,0.06,R,F,1992-07-20,1992-05-06,1992-07-29,COLLECT COD,SHIP,. ironic warthogs sl
15782-2,15782,54,80,2,22.00,20989.10,0.03,0.07,R,F,1992-04-19,1992-06-11,1992-05-02,COLLECT COD,SHIP,lar asymptotes wake carefully slyly 
15782-3,15782,1192,93,3,14.00,15304.66,0.06,0.06,R,F,1992-04-09,1992-06-07,1992-04-29,COLLECT COD,RAIL,es are fluffily. slyly expre
15782-4,15782,507,38,4,40.00,56300.00,0.09,0.02,A,F,1992-04-02,1992-06-16,1992-04-12,TAKE BACK RETURN,RAIL,e slyly ironic foxes. regular foxe
15782-5,15782,1790,75,5,26.00,43986.54,0.01,0.02,A,F,1992-04-14,1992-06-22,1992-04-15,TAKE BACK RETURN,AIR,terns sleep blithely bold ideas. 
15782-6,15782,1489,68,6,6.00,8342.88,0.09,0.01,A,F,1992-07-19,1992-06-15,1992-08-18,COLLECT COD,MAIL,ggle furiously bl
15782-7,15782,762,63,7,30.00,49882.80,0.01,0.06,A,F,1992-04-04,1992-05-17,1992-04-29,DELIVER IN PERSON,RAIL,ets are about the s
15783-1,15783,938,73,1,21.00,38617.53,0.07,0.04,N,O,1997-08-05,1997-08-19,1997-08-18,NONE,REG AIR,ruthless gifts wake thin
15783-2,15783,230,85,2,18.00,20344.14,0.06,0.04,N,O,1997-08-21,1997-08-10,1997-09-06,NONE,AIR,leep above the silent dep
15783-3,15783,761,62,3,8.00,13294.08,0.04,0.08,N,O,1997-07-18,1997-09-05,1997-08-05,TAKE BACK RETURN,MAIL,eposits impress furiously requests. regul
15808-1,15808,1949,38,1,10.00,18509.40,0.01,0.01,R,F,1994-01-09,1994-02-24,1994-01-12,NONE,TRUCK,gular packages use; blithely busy packages
15808-2,15808,849,16,2,41.00,71743.44,0.06,0.03,A,F,1994-03-24,1994-03-14,1994-04-23,COLLECT COD,MAIL,ickly even deposit
15808-3,15808,1160,69,3,31.00,32895.96,0.00,0.05,R,F,1994-02-20,1994-02-04,1994-02-28,COLLECT COD,TRUCK,ing requests slee
15808-4,15808,1057,63,4,31.00,29699.55,0.09,0.05,A,F,1994-02-28,1994-01-15,1994-03-03,COLLECT COD,RAIL,es. furiously even pinto b
15808-5,15808,1944,33,5,10.00,18459.40,0.02,0.08,R,F,1994-03-22,1994-01-16,1994-04-02,TAKE BACK RETURN,MAIL, fluffily even pinto bea
15808-6,15808,1659,1,6,40.00,62426.00,0.07,0.02,A,F,1994-01-10,1994-02-25,1994-01-13,NONE,REG AIR,along the car
15809-1,15809,242,24,1,28.00,31982.72,0.00,0.02,N,O,1995-11-11,1995-12-04,1995-11-20,DELIVER IN PERSON,REG AIR,ect carefully. express packages above the 
15809-2,15809,108,61,2,6.00,6048.60,0.07,0.00,N,O,1995-11-05,1995-11-03,1995-12-02,DELIVER IN PERSON,AIR, wake careful
15810-1,15810,911,46,1,13.00,23554.83,0.07,0.08,A,F,1993-07-08,1993-08-10,1993-07-25,COLLECT COD,RAIL,o the furiously
15810-2,15810,41,42,2,10.00,9410.40,0.01,0.02,A,F,1993-09-08,1993-07-16,1993-10-03,COLLECT COD,FOB,"totes affix furiously. regular, blit"
15810-3,15810,1182,91,3,50.00,54159.00,0.09,0.08,R,F,1993-06-25,1993-09-08,1993-06-29,NONE,SHIP,fully final deposits are un
15810-4,15810,740,5,4,26.00,42659.24,0.00,0.08,A,F,1993-08-04,1993-08-18,1993-08-13,DELIVER IN PERSON,TRUCK,iously iro
15810-5,15810,1662,4,5,49.00,76619.34,0.03,0.07,A,F,1993-08-16,1993-08-25,1993-08-25,NONE,SHIP,"ironic, express accounts. fluf"
15810-6,15810,1878,79,6,22.00,39157.14,0.08,0.04,A,F,1993-08-12,1993-08-29,1993-09-02,TAKE BACK RETURN,MAIL,boost slyly across the slyly 
15810-7,15810,1638,21,7,11.00,16935.93,0.04,0.01,A,F,1993-09-19,1993-07-23,1993-09-20,DELIVER IN PERSON,FOB,ake against the
15811-1,15811,1216,28,1,36.00,40219.56,0.02,0.00,N,O,1998-09-04,1998-10-20,1998-09-07,COLLECT COD,SHIP,st quickly. requests haggle f
15811-2,15811,1630,13,2,26.00,39822.38,0.00,0.00,N,O,1998-09-03,1998-09-18,1998-09-05,DELIVER IN PERSON,SHIP,rash. blithely slow requests above the
15812-1,15812,1032,68,1,2.00,1866.06,0.02,0.05,N,O,1998-02-06,1997-12-01,1998-03-05,COLLECT COD,REG AIR,yly even theodolites mol
15812-2,15812,971,74,2,31.00,58031.07,0.03,0.08,N,O,1997-11-04,1997-12-24,1997-11-10,TAKE BACK RETURN,SHIP,kly regular instructions. en
15812-3,15812,248,49,3,18.00,20668.32,0.05,0.00,N,O,1998-01-31,1997-12-03,1998-02-26,COLLECT COD,SHIP,gside of the slyly bo
15812-4,15812,16,92,4,21.00,19236.21,0.02,0.02,N,O,1997-10-23,1997-11-28,1997-11-14,NONE,MAIL,ly pending requests belie
15812-5,15812,1263,75,5,23.00,26777.98,0.03,0.04,N,O,1998-01-22,1997-12-28,1998-02-11,DELIVER IN PERSON,REG AIR,ly. furiously ironic r
15813-1,15813,721,22,1,39.00,63247.08,0.09,0.08,N,O,1998-11-09,1998-10-10,1998-11-25,NONE,REG AIR,y stealthy dolphins. sly
15814-1,15814,1413,53,1,23.00,30231.43,0.01,0.03,N,O,1996-09-17,1996-11-10,1996-09-20,COLLECT COD,TRUCK,al instructions. carefully fi
15814-2,15814,936,37,2,30.00,55107.90,0.02,0.06,N,O,1996-12-07,1996-09-28,1996-12-21,NONE,REG AIR,y permanent asymptotes. foxe
15814-3,15814,7,83,3,27.00,24489.00,0.08,0.08,N,O,1996-09-01,1996-11-08,1996-09-06,COLLECT COD,AIR, regular instructi
15814-4,15814,1300,75,4,22.00,26428.60,0.09,0.05,N,O,1996-09-24,1996-10-13,1996-10-19,TAKE BACK RETURN,TRUCK,ly special accounts use carefully ab
15815-1,15815,153,80,1,38.00,40019.70,0.00,0.04,R,F,1994-06-12,1994-06-12,1994-06-23,COLLECT COD,MAIL, unusual pinto beans. slyly final de
15815-2,15815,635,29,2,7.00,10749.41,0.10,0.04,R,F,1994-08-06,1994-07-21,1994-08-13,DELIVER IN PERSON,SHIP,nstructions. fluffily regular foxes
15815-3,15815,159,60,3,44.00,46602.60,0.04,0.07,R,F,1994-06-19,1994-07-13,1994-07-06,COLLECT COD,REG AIR,eep quickly theodolites. regular
15815-4,15815,57,8,4,9.00,8613.45,0.00,0.01,A,F,1994-08-07,1994-07-18,1994-08-25,DELIVER IN PERSON,MAIL,eodolites sleep carefull
15815-5,15815,517,78,5,24.00,34020.24,0.05,0.05,A,F,1994-05-08,1994-06-01,1994-06-07,DELIVER IN PERSON,FOB,bold accounts detect slyly pending e
15840-1,15840,1656,57,1,2.00,3115.30,0.08,0.02,N,O,1998-03-08,1998-04-07,1998-03-13,COLLECT COD,AIR,"nts. ironic, regular account"
15840-2,15840,1205,80,2,34.00,37610.80,0.07,0.07,N,O,1998-03-18,1998-02-24,1998-03-21,NONE,FOB,. bold requests after the theodol
15840-3,15840,1982,71,3,48.00,90431.04,0.02,0.07,N,O,1998-02-16,1998-03-11,1998-02-24,COLLECT COD,SHIP, print carefu
15840-4,15840,1552,73,4,11.00,15989.05,0.07,0.07,N,O,1998-03-04,1998-04-08,1998-03-25,DELIVER IN PERSON,AIR,arefully blithely daring ins
15840-5,15840,948,49,5,26.00,48072.44,0.07,0.00,N,O,1998-03-08,1998-04-14,1998-03-26,COLLECT COD,SHIP,nic foxes sleep f
15841-1,15841,407,8,1,28.00,36607.20,0.07,0.03,N,O,1996-10-09,1996-08-14,1996-10-10,COLLECT COD,SHIP,s wake slyly. unusual packages alongside
15841-2,15841,1745,46,2,45.00,74103.30,0.00,0.05,N,O,1996-06-28,1996-07-19,1996-07-24,TAKE BACK RETURN,SHIP,ly ironic courts: express dolphins caj
15842-1,15842,810,44,1,35.00,59878.35,0.03,0.02,R,F,1993-08-27,1993-08-15,1993-09-24,NONE,REG AIR,r decoys according to the perman
15842-2,15842,1572,53,2,13.00,19156.41,0.10,0.04,R,F,1993-07-25,1993-06-22,1993-07-26,TAKE BACK RETURN,FOB,s cajole quickly
15842-3,15842,1513,54,3,28.00,39606.28,0.05,0.06,R,F,1993-07-05,1993-08-12,1993-07-27,COLLECT COD,FOB,sly regular ideas detect according t
15843-1,15843,1168,41,1,37.00,39558.92,0.09,0.06,N,O,1996-03-04,1996-01-30,1996-03-06,DELIVER IN PERSON,TRUCK,lly according to the quickly sp
15843-2,15843,958,59,2,33.00,61345.35,0.09,0.03,N,O,1996-01-21,1995-12-31,1996-02-13,COLLECT COD,AIR,eaves doubt fluffily. care
15843-3,15843,1999,44,3,7.00,13306.93,0.10,0.02,N,O,1996-02-10,1995-12-19,1996-03-08,TAKE BACK RETURN,FOB,l requests-- blithely regular instructi
15843-4,15843,523,14,4,20.00,28470.40,0.05,0.02,N,O,1996-01-16,1996-02-05,1996-02-02,NONE,RAIL,gular ideas sle
15843-5,15843,1093,29,5,47.00,46722.23,0.06,0.05,N,O,1995-11-21,1996-01-18,1995-12-04,COLLECT COD,TRUCK,"st the special, special reque"
15844-1,15844,830,97,1,16.00,27693.28,0.00,0.07,A,F,1993-05-30,1993-05-16,1993-06-03,COLLECT COD,MAIL,above the 
15845-1,15845,302,3,1,36.00,43282.80,0.04,0.06,N,O,1997-03-21,1997-01-24,1997-03-31,TAKE BACK RETURN,SHIP,furiously ironic 
15845-2,15845,1580,61,2,35.00,51855.30,0.09,0.07,N,O,1997-02-04,1997-01-19,1997-02-28,TAKE BACK RETURN,FOB,ns. slyly brave warthogs h
15845-3,15845,372,29,3,8.00,10178.96,0.02,0.06,N,O,1996-12-12,1997-01-23,1996-12-30,NONE,REG AIR,iously express depths. carefully 
15845-4,15845,736,1,4,28.00,45828.44,0.03,0.04,N,O,1997-02-08,1996-12-26,1997-03-09,DELIVER IN PERSON,AIR,"across the pinto beans. unusual, even ac"
15845-5,15845,1070,71,5,21.00,20392.47,0.06,0.08,N,O,1997-01-03,1997-01-31,1997-01-16,COLLECT COD,FOB,oss the re
15846-1,15846,1530,51,1,48.00,68713.44,0.06,0.07,A,F,1993-05-18,1993-07-26,1993-06-13,DELIVER IN PERSON,RAIL,ly regular requests wake abo
15846-2,15846,459,89,2,6.00,8156.70,0.03,0.06,R,F,1993-07-01,1993-06-26,1993-07-17,COLLECT COD,AIR,"nt, regular excuses. bold, ironic acco"
15846-3,15846,1383,84,3,1.00,1284.38,0.04,0.06,A,F,1993-07-17,1993-07-26,1993-08-16,TAKE BACK RETURN,AIR, along the bra
15846-4,15846,187,88,4,38.00,41312.84,0.08,0.05,R,F,1993-09-03,1993-07-01,1993-09-20,NONE,SHIP, instructions nag blithe
15847-1,15847,943,46,1,26.00,47942.44,0.05,0.05,N,O,1996-09-17,1996-08-18,1996-10-16,DELIVER IN PERSON,RAIL,eposits. quickly ironi
15847-2,15847,1933,22,2,38.00,69727.34,0.05,0.04,N,O,1996-08-20,1996-09-16,1996-09-17,NONE,AIR,. regular deposits along the blit
15847-3,15847,1985,18,3,33.00,62270.34,0.06,0.02,N,O,1996-08-21,1996-08-27,1996-09-16,DELIVER IN PERSON,TRUCK, special pint
15847-4,15847,814,14,4,44.00,75451.64,0.10,0.01,N,O,1996-08-03,1996-09-08,1996-08-09,COLLECT COD,MAIL,leep slyly even patterns. pending ideas 
15847-5,15847,1223,61,5,36.00,40471.92,0.02,0.08,N,O,1996-07-11,1996-10-02,1996-08-03,NONE,MAIL,usly regular reque
15872-1,15872,897,98,1,9.00,16181.01,0.04,0.05,R,F,1992-12-17,1992-12-17,1993-01-14,DELIVER IN PERSON,RAIL,y blithely express p
15872-2,15872,1345,60,2,34.00,42375.56,0.03,0.04,A,F,1992-11-15,1993-01-02,1992-11-25,NONE,RAIL,ts according to the blith
15872-3,15872,559,60,3,28.00,40867.40,0.00,0.05,R,F,1993-02-12,1993-01-03,1993-03-04,COLLECT COD,MAIL,ously regular packages c
15873-1,15873,66,92,1,19.00,18355.14,0.05,0.01,R,F,1994-10-04,1994-09-01,1994-10-11,TAKE BACK RETURN,SHIP,ons sleep blithely alongside of the furi
15874-1,15874,554,85,1,30.00,43636.50,0.03,0.06,N,O,1996-05-11,1996-07-06,1996-05-26,DELIVER IN PERSON,REG AIR,uests. furiously unusual packages
15874-2,15874,344,45,2,36.00,44796.24,0.03,0.04,N,O,1996-06-10,1996-06-09,1996-06-25,COLLECT COD,AIR,e slyly furiousl
15875-1,15875,1516,37,1,21.00,29767.71,0.03,0.07,N,O,1996-10-30,1996-10-12,1996-11-15,DELIVER IN PERSON,MAIL,nstructions. requests cajole. regular depo
15875-2,15875,1935,36,2,27.00,49597.11,0.01,0.04,N,O,1996-11-04,1996-11-24,1996-11-30,COLLECT COD,SHIP,d ideas use finally furiously regu
15875-3,15875,116,17,3,25.00,25402.75,0.04,0.08,N,O,1996-09-18,1996-10-13,1996-09-24,TAKE BACK RETURN,SHIP,phins. carefull
15875-4,15875,1368,45,4,43.00,54582.48,0.06,0.04,N,O,1996-11-10,1996-10-04,1996-11-16,TAKE BACK RETURN,AIR,c packages along the
15876-1,15876,1649,50,1,44.00,68228.16,0.09,0.03,A,F,1995-03-17,1995-03-29,1995-04-03,COLLECT COD,SHIP,eposits. furiously silent p
15876-2,15876,1486,65,2,28.00,38849.44,0.09,0.01,R,F,1995-02-08,1995-03-24,1995-02-18,COLLECT COD,TRUCK,ages. furiously special wate
15877-1,15877,486,16,1,37.00,51299.76,0.05,0.01,N,O,1996-04-10,1996-05-15,1996-04-26,COLLECT COD,SHIP," final, express r"
15877-2,15877,605,37,2,28.00,42156.80,0.04,0.05,N,O,1996-04-06,1996-05-22,1996-04-23,NONE,REG AIR,even somas are
15877-3,15877,423,82,3,5.00,6617.10,0.06,0.08,N,O,1996-06-21,1996-05-25,1996-06-22,NONE,REG AIR,he blithely bold instructions lose furiousl
15878-1,15878,1417,96,1,48.00,63283.68,0.08,0.01,A,F,1994-01-04,1993-12-11,1994-01-09,TAKE BACK RETURN,REG AIR,xpress pinto beans use ruthlessly 
15878-2,15878,1573,74,2,2.00,2949.14,0.07,0.02,R,F,1993-12-07,1994-01-15,1993-12-18,COLLECT COD,SHIP,"the regular, special p"
15878-3,15878,1727,70,3,35.00,57005.20,0.05,0.00,R,F,1994-01-27,1993-12-13,1994-02-05,DELIVER IN PERSON,AIR,"y. regular, silent theodolit"
15878-4,15878,106,33,4,38.00,38231.80,0.09,0.08,R,F,1994-01-09,1993-12-05,1994-01-23,NONE,TRUCK,sheaves use according
15878-5,15878,1777,78,5,44.00,73865.88,0.01,0.01,A,F,1993-12-11,1994-01-15,1993-12-20,NONE,TRUCK, blithely. slyly unusual pinto beans ca
15879-1,15879,332,33,1,46.00,56687.18,0.04,0.01,N,O,1997-11-01,1997-08-06,1997-11-07,DELIVER IN PERSON,FOB,ructions. slyly express c
15879-2,15879,1397,98,2,44.00,57129.16,0.02,0.06,N,O,1997-08-09,1997-09-06,1997-08-18,COLLECT COD,TRUCK,ickly pending packages ru
15879-3,15879,805,5,3,34.00,57997.20,0.10,0.01,N,O,1997-09-11,1997-09-28,1997-09-20,NONE,RAIL,e stealthy requests! ironic mult
15904-1,15904,783,48,1,26.00,43778.28,0.10,0.04,R,F,1995-02-10,1994-12-21,1995-02-26,COLLECT COD,RAIL,rges. quickly regular theo
15904-2,15904,216,44,2,15.00,16743.15,0.03,0.01,A,F,1995-02-25,1994-12-24,1995-03-09,DELIVER IN PERSON,REG AIR,ses sleep carefully. packages do integrate
15904-3,15904,1717,60,3,26.00,42086.46,0.00,0.03,R,F,1995-01-17,1994-12-10,1995-02-07,COLLECT COD,MAIL, theodolite
15904-4,15904,1354,69,4,4.00,5021.40,0.09,0.06,R,F,1994-11-17,1995-01-01,1994-11-26,COLLECT COD,TRUCK,s integrate along the blithely even pac
15904-5,15904,1533,54,5,48.00,68857.44,0.04,0.08,A,F,1994-12-13,1995-01-14,1995-01-12,TAKE BACK RETURN,SHIP,phins nag permanently blithely specia
15905-1,15905,848,82,1,7.00,12241.88,0.03,0.03,A,F,1993-08-25,1993-07-10,1993-09-01,NONE,SHIP,s poach quickly. furiously busy depos
15906-1,15906,951,86,1,9.00,16667.55,0.07,0.08,R,F,1993-11-11,1993-11-11,1993-11-25,TAKE BACK RETURN,RAIL,old deposits 
15906-2,15906,476,6,2,42.00,57811.74,0.07,0.00,R,F,1993-10-18,1993-11-09,1993-10-20,COLLECT COD,AIR,e regular accounts cajole near
15906-3,15906,748,45,3,39.00,64300.86,0.05,0.03,R,F,1993-10-05,1993-11-21,1993-10-18,COLLECT COD,MAIL,affix quickly furiously express p
15907-1,15907,715,16,1,4.00,6462.84,0.01,0.00,R,F,1995-05-05,1995-06-11,1995-05-20,TAKE BACK RETURN,AIR,"nts haggle pending, ir"
15907-2,15907,1458,98,2,34.00,46221.30,0.00,0.05,A,F,1995-04-29,1995-06-05,1995-05-12,DELIVER IN PERSON,REG AIR,thely ironic requests. quickly
15907-3,15907,485,15,3,35.00,48491.80,0.08,0.01,A,F,1995-04-23,1995-05-18,1995-05-12,DELIVER IN PERSON,RAIL,lithely pending theod
15907-4,15907,562,93,4,48.00,70202.88,0.03,0.06,A,F,1995-05-05,1995-05-28,1995-05-12,DELIVER IN PERSON,FOB,uickly unusual packages. slyly regular idea
15907-5,15907,1555,76,5,19.00,27674.45,0.09,0.07,N,O,1995-07-19,1995-05-31,1995-08-10,DELIVER IN PERSON,RAIL,as use quick
15907-6,15907,1357,96,6,32.00,40267.20,0.10,0.01,R,F,1995-05-20,1995-07-06,1995-06-02,TAKE BACK RETURN,RAIL,al requests
15908-1,15908,1991,36,1,17.00,32180.83,0.05,0.05,N,O,1996-04-04,1996-03-19,1996-04-24,TAKE BACK RETURN,SHIP,e pending theodolites cajo
15908-2,15908,1612,95,2,12.00,18163.32,0.02,0.04,N,O,1996-05-05,1996-03-11,1996-05-15,DELIVER IN PERSON,SHIP,special decoys cajole never
15908-3,15908,1201,13,3,3.00,3306.60,0.02,0.03,N,O,1996-03-26,1996-03-04,1996-04-09,DELIVER IN PERSON,RAIL,ose regularly. packages about th
15908-4,15908,222,50,4,22.00,24688.84,0.03,0.05,N,O,1996-02-24,1996-04-11,1996-02-26,NONE,MAIL,final dependencies 
15908-5,15908,428,87,5,32.00,42509.44,0.06,0.06,N,O,1996-05-08,1996-03-03,1996-05-18,NONE,AIR,ublate furiously. dolphins so
15908-6,15908,965,68,6,47.00,87700.12,0.05,0.01,N,O,1996-02-04,1996-04-05,1996-02-21,DELIVER IN PERSON,RAIL," foxes. special, speci"
15908-7,15908,1310,25,7,5.00,6056.55,0.07,0.08,N,O,1996-05-13,1996-03-05,1996-05-23,NONE,AIR, blithely even multipliers slee
15909-1,15909,712,9,1,8.00,12901.68,0.05,0.01,N,O,1997-01-22,1997-02-10,1997-02-12,TAKE BACK RETURN,SHIP,ss requests wake quickly carefull
15909-2,15909,805,39,2,19.00,32410.20,0.01,0.00,N,O,1997-04-02,1997-02-03,1997-04-27,COLLECT COD,RAIL,arefully regular ex
15909-3,15909,985,20,3,39.00,73553.22,0.10,0.04,N,O,1997-02-21,1997-01-24,1997-03-18,DELIVER IN PERSON,TRUCK,y close accounts boost 
15909-4,15909,785,82,4,32.00,53944.96,0.10,0.02,N,O,1996-12-28,1997-02-22,1997-01-21,TAKE BACK RETURN,FOB,g the furiously regular deposits.
15909-5,15909,1160,33,5,14.00,14856.24,0.01,0.05,N,O,1997-02-07,1997-03-13,1997-02-09,NONE,RAIL,y special requests above the s
15910-1,15910,688,20,1,6.00,9532.08,0.08,0.03,N,O,1997-12-20,1997-11-06,1998-01-01,DELIVER IN PERSON,MAIL,iously carefully final i
15910-2,15910,1798,99,2,7.00,11898.53,0.06,0.01,N,O,1997-10-02,1997-11-11,1997-10-31,TAKE BACK RETURN,MAIL,l dependencies. furiousl
15910-3,15910,1771,72,3,30.00,50183.10,0.04,0.04,N,O,1997-11-08,1997-09-27,1997-12-07,TAKE BACK RETURN,TRUCK,ts sleep. furiously furious packages
15910-4,15910,1230,42,4,1.00,1131.23,0.10,0.06,N,O,1997-09-13,1997-11-17,1997-09-25,NONE,REG AIR,ns. accounts wak
15910-5,15910,1821,51,5,43.00,74081.26,0.01,0.04,N,O,1997-09-21,1997-10-29,1997-09-22,NONE,MAIL,ously iron
15910-6,15910,79,55,6,3.00,2937.21,0.03,0.07,N,O,1997-09-18,1997-11-03,1997-10-15,TAKE BACK RETURN,REG AIR,unts. slyly even pinto beans i
15911-1,15911,1389,4,1,20.00,25807.60,0.00,0.02,N,O,1995-10-26,1995-11-09,1995-11-21,TAKE BACK RETURN,TRUCK,re. blithely unusual platelets cajole
15911-2,15911,1770,13,2,8.00,13374.16,0.10,0.06,N,O,1995-09-23,1995-11-25,1995-10-06,NONE,SHIP,". ironic, regular dolphins nag. "
15911-3,15911,189,16,3,1.00,1089.18,0.10,0.05,N,O,1995-11-29,1995-12-02,1995-12-19,DELIVER IN PERSON,TRUCK, asymptotes cajole thinly ironic dugou
15936-1,15936,1419,59,1,19.00,25087.79,0.06,0.04,N,O,1996-09-11,1996-10-24,1996-09-29,DELIVER IN PERSON,MAIL,usual theodolites sleep accounts. quic
15936-2,15936,1520,41,2,38.00,54017.76,0.10,0.01,N,O,1996-11-25,1996-11-24,1996-12-01,NONE,REG AIR,"ructions promise carefully. ironic, c"
15936-3,15936,1844,31,3,33.00,57612.72,0.09,0.07,N,O,1996-12-10,1996-11-28,1997-01-08,NONE,MAIL,even accounts. 
15936-4,15936,378,63,4,24.00,30680.88,0.10,0.01,N,O,1996-09-10,1996-11-01,1996-10-10,NONE,AIR,p. excuses nag quickly. 
15936-5,15936,1346,23,5,4.00,4989.36,0.00,0.03,N,O,1996-09-19,1996-10-08,1996-09-29,NONE,AIR,uickly fluffily pending pa
15936-6,15936,1933,22,6,20.00,36698.60,0.08,0.07,N,O,1996-12-25,1996-12-03,1997-01-08,NONE,AIR,"ar, express packages around the "
15937-1,15937,156,57,1,43.00,45414.45,0.09,0.01,R,F,1992-11-11,1993-01-02,1992-11-18,DELIVER IN PERSON,MAIL,ests sleep slyly close packages. s
15937-2,15937,137,38,2,24.00,24891.12,0.01,0.08,A,F,1992-11-09,1992-12-20,1992-12-04,DELIVER IN PERSON,SHIP, believe carefu
15937-3,15937,397,26,3,4.00,5189.56,0.05,0.08,R,F,1992-11-15,1992-12-14,1992-11-29,TAKE BACK RETURN,AIR,to beans was slyly. id
15938-1,15938,107,8,1,16.00,16113.60,0.07,0.01,N,O,1996-07-24,1996-06-08,1996-08-08,NONE,RAIL,"e around the special, blithe deposits; "
15938-2,15938,385,70,2,31.00,39846.78,0.08,0.04,N,O,1996-07-28,1996-07-18,1996-08-23,TAKE BACK RETURN,AIR,y special accounts. slyly pending ideas 
15938-3,15938,1289,90,3,48.00,57133.44,0.03,0.07,N,O,1996-07-12,1996-06-27,1996-07-26,COLLECT COD,SHIP,n deposits
15938-4,15938,1259,34,4,38.00,44089.50,0.01,0.07,N,O,1996-08-27,1996-07-19,1996-09-14,DELIVER IN PERSON,SHIP,nd the blithely regular requests
15938-5,15938,1904,49,5,3.00,5417.70,0.06,0.01,N,O,1996-08-03,1996-07-15,1996-08-16,COLLECT COD,MAIL,f the furiously even accoun
15939-1,15939,1209,84,1,47.00,52179.40,0.03,0.02,N,O,1997-03-20,1997-03-29,1997-04-14,DELIVER IN PERSON,SHIP, carefully ironic requests. b
15939-2,15939,177,78,2,29.00,31237.93,0.00,0.01,N,O,1997-05-26,1997-03-11,1997-06-17,DELIVER IN PERSON,TRUCK,s. slyly unusual depo
15939-3,15939,674,37,3,23.00,36217.41,0.08,0.01,N,O,1997-05-26,1997-05-02,1997-05-31,DELIVER IN PERSON,TRUCK,e. ironic requests boost account
15939-4,15939,1861,91,4,20.00,35257.20,0.02,0.02,N,O,1997-04-24,1997-04-09,1997-05-21,COLLECT COD,REG AIR,re alongside of the requests. carefull
15939-5,15939,1666,67,5,19.00,29785.54,0.05,0.00,N,O,1997-06-06,1997-05-04,1997-06-11,NONE,TRUCK,ages use blithe
15940-1,15940,418,77,1,12.00,15820.92,0.07,0.00,A,F,1992-02-17,1992-03-31,1992-03-01,NONE,REG AIR, deposits han
15940-2,15940,188,41,2,43.00,46791.74,0.04,0.06,R,F,1992-03-16,1992-03-29,1992-03-21,TAKE BACK RETURN,SHIP, special ideas run quickly. multipliers 
15940-3,15940,645,39,3,27.00,41732.28,0.00,0.06,A,F,1992-02-25,1992-04-05,1992-03-20,COLLECT COD,RAIL,"ackages. unusual, careful r"
15941-1,15941,539,30,1,32.00,46064.96,0.09,0.01,N,O,1996-02-26,1996-01-19,1996-02-28,DELIVER IN PERSON,MAIL,es run against the regular ideas. s
15941-2,15941,1566,67,2,22.00,32286.32,0.01,0.02,N,O,1996-01-30,1996-02-14,1996-02-21,TAKE BACK RETURN,SHIP,nts. excuses ha
15941-3,15941,1691,15,3,15.00,23890.35,0.00,0.07,N,O,1996-02-01,1996-03-07,1996-02-19,NONE,RAIL,ly beyond the special requests. bl
15941-4,15941,418,77,4,17.00,22412.97,0.00,0.00,N,O,1995-12-19,1996-03-04,1996-01-04,NONE,SHIP,s are fluffily carefully unusual packages.
15941-5,15941,375,60,5,17.00,21681.29,0.10,0.01,N,O,1996-02-10,1996-01-21,1996-02-19,COLLECT COD,REG AIR, quickly. final requests are quickly 
15941-6,15941,1048,84,6,23.00,21827.92,0.03,0.02,N,O,1996-03-14,1996-02-18,1996-03-29,COLLECT COD,AIR,cajole slyly
15942-1,15942,579,80,1,4.00,5918.28,0.05,0.03,A,F,1993-11-16,1993-10-07,1993-12-09,NONE,MAIL,s are. carefully final acco
15942-2,15942,1320,21,2,41.00,50074.12,0.01,0.02,A,F,1993-09-21,1993-11-07,1993-10-15,COLLECT COD,FOB,ions run daringly at the fluffi
15942-3,15942,650,51,3,24.00,37215.60,0.00,0.05,R,F,1993-11-28,1993-10-14,1993-12-01,COLLECT COD,SHIP, ironically regular requests
15942-4,15942,1151,52,4,3.00,3156.45,0.10,0.00,R,F,1993-10-01,1993-10-22,1993-10-22,TAKE BACK RETURN,TRUCK,refully regular
15942-5,15942,1605,6,5,20.00,30132.00,0.03,0.01,R,F,1993-09-12,1993-10-27,1993-10-12,NONE,TRUCK,es doze. carefully s
15943-1,15943,1578,59,1,4.00,5918.28,0.10,0.04,R,F,1992-03-18,1992-03-07,1992-04-03,COLLECT COD,MAIL,es impress quickly unusual
15943-2,15943,1875,62,2,42.00,74628.54,0.07,0.05,R,F,1992-02-24,1992-04-28,1992-03-08,DELIVER IN PERSON,REG AIR,alongside of th
15968-1,15968,1765,92,1,4.00,6667.04,0.00,0.01,N,O,1997-07-19,1997-07-07,1997-07-20,COLLECT COD,SHIP,s boost quickly even packages. ironic acc
15968-2,15968,1631,14,2,46.00,70500.98,0.01,0.06,N,O,1997-07-17,1997-06-25,1997-07-19,NONE,SHIP, fluffily above the pending depo
15968-3,15968,1641,42,3,2.00,3085.28,0.10,0.06,N,O,1997-08-11,1997-06-09,1997-09-03,COLLECT COD,REG AIR,out the regular deposits.
15968-4,15968,535,36,4,18.00,25839.54,0.08,0.00,N,O,1997-07-11,1997-06-03,1997-07-14,NONE,RAIL,ely pending packages cajo
15969-1,15969,1399,38,1,28.00,36410.92,0.08,0.07,A,F,1993-11-15,1993-10-29,1993-11-28,TAKE BACK RETURN,RAIL,luffily. carefully iron
15969-2,15969,432,91,2,16.00,21318.88,0.05,0.04,A,F,1993-10-08,1993-09-04,1993-10-17,TAKE BACK RETURN,AIR,ronic pinto beans boost thinly. silent
15970-1,15970,1677,60,1,40.00,63146.80,0.01,0.07,N,O,1995-09-25,1995-10-28,1995-10-16,NONE,TRUCK, slyly according to the ironic
15970-2,15970,39,65,2,17.00,15963.51,0.07,0.01,N,O,1995-12-03,1995-11-27,1995-12-29,COLLECT COD,TRUCK,"slyly ruthless accounts. pending, express"
15970-3,15970,1098,34,3,44.00,43959.96,0.03,0.07,N,O,1996-01-15,1995-11-04,1996-02-01,TAKE BACK RETURN,REG AIR,heodolites 
15970-4,15970,1875,76,4,13.00,23099.31,0.09,0.06,N,O,1996-01-10,1995-10-27,1996-02-03,NONE,FOB,der bravely ironic pinto beans. fluff
15971-1,15971,750,51,1,36.00,59427.00,0.03,0.02,R,F,1994-09-13,1994-09-29,1994-09-14,NONE,MAIL,ular accounts are busily silent accoun
15971-2,15971,1604,87,2,25.00,37640.00,0.06,0.02,R,F,1994-11-18,1994-10-25,1994-12-12,DELIVER IN PERSON,TRUCK,le fluffily
15971-3,15971,430,31,3,49.00,65191.07,0.04,0.00,R,F,1994-11-22,1994-10-05,1994-12-14,DELIVER IN PERSON,FOB,ithely special packages run. silent
15971-4,15971,917,52,4,46.00,83623.86,0.10,0.00,A,F,1994-08-22,1994-09-29,1994-09-21,COLLECT COD,TRUCK,ly ironic acco
15972-1,15972,1446,86,1,1.00,1347.44,0.02,0.06,N,O,1995-10-26,1995-10-02,1995-11-09,NONE,AIR,ld ideas. quickly blithe theodolites det
15972-2,15972,181,8,2,36.00,38922.48,0.10,0.05,N,O,1995-10-14,1995-09-10,1995-10-23,NONE,MAIL,g the furiously specia
15972-3,15972,171,50,3,4.00,4284.68,0.04,0.04,N,O,1995-12-05,1995-10-22,1995-12-28,TAKE BACK RETURN,RAIL,ses. final de
15972-4,15972,1492,93,4,22.00,30656.78,0.07,0.02,N,O,1995-11-19,1995-09-20,1995-11-27,TAKE BACK RETURN,AIR, even ideas 
15973-1,15973,574,75,1,39.00,57508.23,0.05,0.03,N,O,1997-09-06,1997-08-29,1997-09-29,DELIVER IN PERSON,FOB,yly special deposits det
15973-2,15973,273,28,2,39.00,45757.53,0.00,0.02,N,O,1997-07-25,1997-10-16,1997-08-07,TAKE BACK RETURN,FOB,ructions. unusual deposits unwind speci
15974-1,15974,1767,10,1,29.00,48394.04,0.08,0.02,N,O,1995-08-22,1995-07-29,1995-09-14,NONE,TRUCK,sts. furiously bol
15974-2,15974,326,11,2,35.00,42921.20,0.06,0.07,N,O,1995-08-07,1995-07-12,1995-09-06,TAKE BACK RETURN,TRUCK,inos. slyly final foxes cajole.
15974-3,15974,12,63,3,16.00,14592.16,0.03,0.08,N,O,1995-07-17,1995-06-04,1995-07-26,TAKE BACK RETURN,MAIL,ct. blithely unusual deposits detect qui
15975-1,15975,165,66,1,4.00,4260.64,0.08,0.02,N,O,1998-05-12,1998-03-14,1998-06-05,COLLECT COD,AIR,to wake slyly theod
15975-2,15975,941,44,2,38.00,69993.72,0.05,0.02,N,O,1998-03-10,1998-03-31,1998-03-24,COLLECT COD,REG AIR, carefully regular court
15975-3,15975,566,27,3,9.00,13199.04,0.01,0.00,N,O,1998-05-15,1998-04-14,1998-06-03,COLLECT COD,RAIL,kages. slyly iron
15975-4,15975,1982,71,4,17.00,32027.66,0.08,0.02,N,O,1998-02-20,1998-03-05,1998-03-20,DELIVER IN PERSON,TRUCK,es maintain slyly. slyly unusual
15975-5,15975,587,48,5,21.00,31239.18,0.06,0.07,N,O,1998-05-01,1998-04-20,1998-05-09,NONE,REG AIR,eep above the ironic dolphins. furiously 
15975-6,15975,1623,47,6,38.00,57935.56,0.01,0.07,N,O,1998-04-14,1998-03-19,1998-04-26,NONE,SHIP,carefully ironic ideas mig
15975-7,15975,1456,57,7,20.00,27149.00,0.06,0.07,N,O,1998-02-21,1998-03-19,1998-03-15,COLLECT COD,MAIL,careful instructions. regularly regula
16000-1,16000,51,27,1,32.00,30433.60,0.02,0.02,N,O,1998-03-17,1998-02-10,1998-03-30,TAKE BACK RETURN,RAIL,le carefully. blithely reg
16000-2,16000,158,85,2,1.00,1058.15,0.05,0.07,N,O,1998-01-13,1998-02-05,1998-01-30,NONE,MAIL,ffily regular theodolites. bold foxe
16000-3,16000,844,44,3,22.00,38386.48,0.01,0.08,N,O,1998-03-24,1998-01-23,1998-04-14,DELIVER IN PERSON,SHIP,icingly. bold packages
16000-4,16000,1273,48,4,48.00,56364.96,0.08,0.01,N,O,1998-04-17,1998-02-28,1998-05-16,COLLECT COD,TRUCK,ithely unusual accounts wake
16000-5,16000,1468,69,5,4.00,5477.84,0.06,0.01,N,O,1998-02-14,1998-01-23,1998-03-09,DELIVER IN PERSON,SHIP,inal plate
16000-6,16000,143,22,6,31.00,32337.34,0.09,0.00,N,O,1998-04-02,1998-03-09,1998-04-18,NONE,SHIP,s use carefully final ideas. pendi
16001-1,16001,1108,81,1,10.00,10091.00,0.07,0.00,N,O,1996-06-21,1996-07-16,1996-06-24,NONE,TRUCK,t the carefully ironic accounts.
16001-2,16001,81,57,2,22.00,21583.76,0.05,0.01,N,O,1996-07-20,1996-07-26,1996-07-27,COLLECT COD,REG AIR,l patterns are alongside of
16001-3,16001,1915,60,3,17.00,30887.47,0.04,0.04,N,O,1996-06-14,1996-07-20,1996-07-06,COLLECT COD,FOB,ing to the blithely iro
16001-4,16001,592,23,4,48.00,71644.32,0.06,0.05,N,O,1996-06-03,1996-06-06,1996-06-12,TAKE BACK RETURN,TRUCK,ages. blithely even frets above the
16001-5,16001,697,91,5,8.00,12781.52,0.10,0.08,N,O,1996-08-05,1996-06-30,1996-08-20,COLLECT COD,SHIP,ructions. express requests c
16001-6,16001,355,56,6,13.00,16319.55,0.04,0.08,N,O,1996-07-22,1996-06-08,1996-07-25,COLLECT COD,TRUCK,lly special r
16002-1,16002,68,94,1,10.00,9680.60,0.10,0.07,N,O,1998-06-27,1998-05-02,1998-07-17,COLLECT COD,FOB,ests detect carefull
16002-2,16002,134,61,2,39.00,40331.07,0.06,0.08,N,O,1998-06-27,1998-05-13,1998-07-23,NONE,MAIL,busy foxes hinder.
16002-3,16002,1927,60,3,4.00,7315.68,0.07,0.04,N,O,1998-06-19,1998-05-21,1998-06-23,TAKE BACK RETURN,MAIL,the furiously express packages. 
16003-1,16003,91,92,1,3.00,2973.27,0.10,0.03,N,O,1998-01-09,1998-03-11,1998-01-19,TAKE BACK RETURN,AIR,sts affix furiously by 
16003-2,16003,1882,83,2,48.00,85626.24,0.06,0.04,N,O,1998-01-02,1998-01-25,1998-01-22,NONE,MAIL, packages are pending de
16003-3,16003,1482,100,3,37.00,51188.76,0.07,0.00,N,O,1998-01-26,1998-02-06,1998-02-08,NONE,FOB,ts cajole 
16003-4,16003,1867,54,4,44.00,77829.84,0.08,0.07,N,O,1998-03-05,1998-02-22,1998-03-21,COLLECT COD,RAIL,ntegrate. foxes wake. slyly regular asy
16003-5,16003,1948,49,5,47.00,86947.18,0.04,0.01,N,O,1998-01-22,1998-02-20,1998-02-01,DELIVER IN PERSON,FOB,"s doze slyly. express, unusual "
16003-6,16003,108,61,6,18.00,18145.80,0.08,0.05,N,O,1998-02-03,1998-02-23,1998-02-11,DELIVER IN PERSON,REG AIR,"t the ironic accounts. unusual, final "
16004-1,16004,889,23,1,26.00,46536.88,0.04,0.05,N,O,1997-05-03,1997-03-13,1997-05-10,NONE,TRUCK,ly bold packages unwind within the slyl
16004-2,16004,1056,57,2,12.00,11484.60,0.09,0.07,N,O,1997-03-16,1997-03-02,1997-04-01,DELIVER IN PERSON,FOB,its snooze
16005-1,16005,959,60,1,26.00,48358.70,0.01,0.08,R,F,1993-04-02,1993-02-27,1993-05-01,TAKE BACK RETURN,FOB,blithely express dependencies. regular 
16005-2,16005,1044,80,2,40.00,37801.60,0.01,0.01,A,F,1993-03-21,1993-03-02,1993-04-05,NONE,SHIP,ully unusual packages haggle fluf
16005-3,16005,1160,61,3,47.00,49874.52,0.10,0.02,R,F,1993-02-24,1993-03-06,1993-03-15,NONE,TRUCK,ar packages h
16005-4,16005,1539,20,4,38.00,54740.14,0.10,0.03,A,F,1993-04-05,1993-03-16,1993-05-03,DELIVER IN PERSON,AIR,riously enticing dolphins. pinto beans slee
16005-5,16005,795,96,5,22.00,37307.38,0.07,0.03,A,F,1993-04-24,1993-03-03,1993-05-24,NONE,TRUCK, beans haggle against the furi
16005-6,16005,1944,45,6,32.00,59070.08,0.06,0.07,R,F,1993-02-08,1993-02-14,1993-02-10,COLLECT COD,AIR,carefully final accounts. fl
16005-7,16005,1278,53,7,32.00,37736.64,0.07,0.03,A,F,1993-03-16,1993-03-20,1993-04-03,DELIVER IN PERSON,AIR,le above the slyly ironic pack
16006-1,16006,541,2,1,20.00,28830.80,0.03,0.05,N,O,1997-02-23,1997-04-23,1997-03-19,TAKE BACK RETURN,RAIL,"l, unusual pinto b"
16006-2,16006,1986,19,2,33.00,62303.34,0.09,0.06,N,O,1997-04-22,1997-03-21,1997-05-12,DELIVER IN PERSON,RAIL,", express requests wake carefully furio"
16006-3,16006,1887,74,3,32.00,57244.16,0.06,0.07,N,O,1997-04-10,1997-04-30,1997-05-04,NONE,SHIP,ut the ideas. careful patterns haggle furio
16006-4,16006,486,45,4,13.00,18024.24,0.08,0.01,N,O,1997-04-28,1997-04-21,1997-05-11,NONE,MAIL,carefully about the slyly slow 
16006-5,16006,1369,46,5,30.00,38110.80,0.00,0.05,N,O,1997-02-09,1997-04-24,1997-02-26,COLLECT COD,FOB,onic package
16007-1,16007,1438,17,1,1.00,1339.43,0.09,0.04,A,F,1994-08-14,1994-07-24,1994-09-09,TAKE BACK RETURN,FOB,otes sleep across the final deposi
16007-2,16007,954,89,2,29.00,53793.55,0.10,0.06,R,F,1994-05-27,1994-07-02,1994-05-30,COLLECT COD,MAIL,special deposits. exp
16007-3,16007,803,4,3,50.00,85190.00,0.09,0.02,A,F,1994-04-28,1994-06-01,1994-05-25,COLLECT COD,SHIP,"al, final packages wake furiously dep"
16007-4,16007,1952,97,4,27.00,50056.65,0.04,0.01,A,F,1994-05-29,1994-05-25,1994-06-24,NONE,AIR,along the flu
16032-1,16032,1779,64,1,47.00,78996.19,0.05,0.06,A,F,1995-02-28,1995-01-22,1995-03-03,DELIVER IN PERSON,TRUCK, according to the slyly fina
16032-2,16032,51,52,2,36.00,34237.80,0.10,0.08,A,F,1994-12-26,1995-03-01,1995-01-06,TAKE BACK RETURN,REG AIR,ven asymptotes cajole fluffily
16032-3,16032,1116,17,3,42.00,42718.62,0.10,0.02,R,F,1995-01-27,1995-02-26,1995-02-01,NONE,TRUCK,. furiously slow dependencies breach sl
16032-4,16032,1478,18,4,29.00,40004.63,0.09,0.01,R,F,1995-02-19,1995-01-12,1995-02-25,DELIVER IN PERSON,AIR,ar foxes. quick
16032-5,16032,474,4,5,31.00,42608.57,0.04,0.01,R,F,1994-12-20,1995-01-17,1994-12-30,NONE,SHIP,nic accounts. i
16033-1,16033,1487,27,1,25.00,34712.00,0.01,0.08,N,O,1996-07-07,1996-05-27,1996-07-30,TAKE BACK RETURN,AIR,inal depths wake sl
16033-2,16033,1728,13,2,2.00,3259.44,0.01,0.06,N,O,1996-08-03,1996-07-23,1996-08-24,COLLECT COD,AIR,fully across the unusual deposi
16033-3,16033,1773,100,3,10.00,16747.70,0.06,0.06,N,O,1996-07-28,1996-07-07,1996-08-08,NONE,TRUCK,ithely bold accounts cajole furiousl
16033-4,16033,169,48,4,9.00,9622.44,0.10,0.07,N,O,1996-07-18,1996-07-09,1996-08-11,TAKE BACK RETURN,MAIL,uriously even theodolites. even deposits 
16033-5,16033,1832,19,5,28.00,48547.24,0.09,0.03,N,O,1996-05-28,1996-06-30,1996-06-01,DELIVER IN PERSON,TRUCK,"pending asymptotes haggle express, even "
16033-6,16033,979,14,6,18.00,33839.46,0.10,0.07,N,O,1996-07-10,1996-06-11,1996-08-08,TAKE BACK RETURN,MAIL,cial theodolites. slyly quiet excuses 
16034-1,16034,448,78,1,27.00,36407.88,0.10,0.06,N,O,1997-10-19,1997-10-13,1997-10-22,COLLECT COD,FOB,nding sentiments haggle carefully final r
16034-2,16034,179,6,2,37.00,39929.29,0.01,0.08,N,O,1997-10-05,1997-09-15,1997-10-24,COLLECT COD,TRUCK,deposits haggle bravely about the t
16034-3,16034,957,60,3,48.00,89181.60,0.02,0.00,N,O,1997-08-20,1997-10-24,1997-08-27,DELIVER IN PERSON,SHIP, final packages against the final dep
16035-1,16035,1892,79,1,24.00,43053.36,0.06,0.06,A,F,1993-08-07,1993-05-27,1993-08-17,DELIVER IN PERSON,SHIP,telets above the c
16035-2,16035,747,80,2,31.00,51079.94,0.04,0.01,A,F,1993-06-30,1993-06-25,1993-07-07,DELIVER IN PERSON,FOB,lways even requests affix carefully. regula
16036-1,16036,898,98,1,49.00,88145.61,0.03,0.06,A,F,1992-02-22,1992-03-29,1992-03-12,TAKE BACK RETURN,TRUCK, final platelets. fur
16036-2,16036,1663,87,2,30.00,46939.80,0.03,0.04,A,F,1992-04-30,1992-02-21,1992-05-30,TAKE BACK RETURN,MAIL,al pinto beans haggle furiously i
16036-3,16036,1510,31,3,44.00,62106.44,0.05,0.04,A,F,1992-04-20,1992-03-11,1992-04-24,NONE,SHIP, furiously un
16036-4,16036,1336,51,4,50.00,61866.50,0.09,0.01,R,F,1992-04-09,1992-04-05,1992-04-22,COLLECT COD,AIR,blithely express 
16037-1,16037,791,24,1,4.00,6767.16,0.01,0.07,N,O,1998-07-20,1998-06-24,1998-08-18,DELIVER IN PERSON,REG AIR,anent accounts. slyl
16037-2,16037,1792,35,2,3.00,5081.37,0.08,0.04,N,O,1998-06-30,1998-07-17,1998-07-14,NONE,FOB,nts. requests at the blithely regular epita
16037-3,16037,824,24,3,16.00,27597.12,0.01,0.07,N,O,1998-06-28,1998-07-03,1998-07-24,NONE,REG AIR, the carefully regular ideas
16037-4,16037,1333,48,4,47.00,58013.51,0.00,0.00,N,O,1998-05-26,1998-07-10,1998-05-30,COLLECT COD,REG AIR,ncies cajole after the requests; pe
16038-1,16038,260,15,1,5.00,5801.30,0.06,0.05,N,O,1998-08-07,1998-08-23,1998-09-03,COLLECT COD,MAIL,r requests. carefully slow packages sle
16038-2,16038,261,43,2,19.00,22063.94,0.06,0.02,N,O,1998-08-14,1998-09-02,1998-08-21,TAKE BACK RETURN,AIR,"ic, bold dolphins hinder fluffil"
16038-3,16038,574,75,3,12.00,17694.84,0.02,0.02,N,O,1998-10-09,1998-08-08,1998-11-06,TAKE BACK RETURN,REG AIR,al dependen
16038-4,16038,387,16,4,7.00,9011.66,0.00,0.05,N,O,1998-07-18,1998-07-20,1998-07-19,COLLECT COD,MAIL,posits. fluffily iron
16038-5,16038,637,69,5,41.00,63042.83,0.02,0.07,N,O,1998-09-14,1998-09-12,1998-09-28,TAKE BACK RETURN,MAIL,y even platelets cajole across
16039-1,16039,965,66,1,35.00,65308.60,0.06,0.00,R,F,1992-06-01,1992-08-12,1992-06-27,NONE,AIR,"eep around the ironic, pend"
16039-2,16039,831,65,2,26.00,45027.58,0.06,0.00,R,F,1992-08-25,1992-06-23,1992-09-23,DELIVER IN PERSON,RAIL,nent instru
16039-3,16039,1544,65,3,50.00,72277.00,0.01,0.04,R,F,1992-08-30,1992-07-20,1992-09-10,DELIVER IN PERSON,TRUCK,ding foxes. ironic id
16039-4,16039,1140,13,4,49.00,51015.86,0.03,0.03,A,F,1992-08-02,1992-07-08,1992-08-22,TAKE BACK RETURN,FOB,ans wake blithely fin
16064-1,16064,190,91,1,46.00,50148.74,0.08,0.06,A,F,1992-01-24,1992-02-25,1992-02-04,TAKE BACK RETURN,REG AIR,furiously bold grouches sleep c
16064-2,16064,1663,5,2,43.00,67280.38,0.04,0.04,A,F,1992-01-18,1992-02-12,1992-01-26,COLLECT COD,RAIL,equests are blithely 
16064-3,16064,1940,41,3,1.00,1841.94,0.09,0.03,R,F,1992-04-18,1992-03-05,1992-05-15,NONE,AIR,ag finally 
16065-1,16065,617,49,1,14.00,21246.54,0.00,0.04,A,F,1993-07-23,1993-10-11,1993-07-24,DELIVER IN PERSON,FOB,ounts use furiously about the 
16065-2,16065,1809,39,2,17.00,29083.60,0.00,0.02,A,F,1993-08-23,1993-10-17,1993-08-31,COLLECT COD,TRUCK,ernes are blithely be
16066-1,16066,1039,10,1,33.00,31020.99,0.04,0.08,N,O,1998-09-14,1998-08-07,1998-09-23,DELIVER IN PERSON,AIR,. furiously idle request
16066-2,16066,1986,87,2,4.00,7551.92,0.08,0.08,N,O,1998-09-09,1998-08-24,1998-09-20,COLLECT COD,REG AIR,ly. ironic packages sleep carefu
16066-3,16066,99,75,3,23.00,22979.07,0.07,0.01,N,O,1998-08-15,1998-07-16,1998-09-12,TAKE BACK RETURN,AIR, sleep. blith
16067-1,16067,559,20,1,23.00,33569.65,0.06,0.02,N,O,1996-11-17,1996-11-16,1996-11-24,TAKE BACK RETURN,AIR, blithely fina
16067-2,16067,627,59,2,37.00,56521.94,0.09,0.00,N,O,1996-11-18,1996-11-20,1996-12-07,TAKE BACK RETURN,TRUCK,l epitaphs. regular
16067-3,16067,972,73,3,6.00,11237.82,0.08,0.07,N,O,1997-01-03,1996-11-18,1997-01-27,COLLECT COD,FOB,ully unusual packages after the bo
16067-4,16067,404,92,4,27.00,35218.80,0.00,0.08,N,O,1996-12-17,1996-11-27,1997-01-02,TAKE BACK RETURN,FOB,y express id
16067-5,16067,1706,7,5,13.00,20900.10,0.08,0.01,N,O,1997-01-19,1996-10-30,1997-02-07,NONE,TRUCK,ar accounts. 
16068-1,16068,1951,52,1,40.00,74118.00,0.05,0.04,A,F,1992-11-13,1993-01-10,1992-11-22,NONE,SHIP,lly ironic accounts integrate. unusual depo
16069-1,16069,1824,25,1,3.00,5177.46,0.09,0.06,A,F,1993-08-17,1993-10-28,1993-09-02,COLLECT COD,FOB,es. foxes boost fl
16069-2,16069,1746,47,2,29.00,47784.46,0.00,0.01,R,F,1993-08-24,1993-09-14,1993-09-21,DELIVER IN PERSON,TRUCK,pecial packages try 
16069-3,16069,1060,31,3,42.00,40364.52,0.07,0.05,A,F,1993-11-02,1993-09-08,1993-11-17,DELIVER IN PERSON,REG AIR,slyly unusual pinto beans. blithely close
16070-1,16070,733,66,1,48.00,78419.04,0.05,0.07,R,F,1992-08-14,1992-07-12,1992-08-26,COLLECT COD,RAIL,ix fluffily regularly special package
16070-2,16070,1586,87,2,5.00,7437.90,0.02,0.05,A,F,1992-07-02,1992-07-08,1992-07-19,DELIVER IN PERSON,REG AIR,theodolites
16071-1,16071,1502,23,1,44.00,61754.00,0.07,0.04,R,F,1992-09-08,1992-10-23,1992-09-11,NONE,AIR, beans: packages use blithe
16096-1,16096,1088,59,1,46.00,45497.68,0.00,0.08,A,F,1995-03-11,1995-03-25,1995-04-09,DELIVER IN PERSON,SHIP,s nag against the regular instructions
16096-2,16096,356,13,2,20.00,25127.00,0.01,0.05,R,F,1995-03-21,1995-03-03,1995-03-25,COLLECT COD,AIR,ermanently ideas: blithely ironic 
16096-3,16096,1173,82,3,38.00,40818.46,0.08,0.07,R,F,1995-04-09,1995-03-24,1995-04-23,DELIVER IN PERSON,SHIP, players wake. e
16096-4,16096,1537,78,4,39.00,56102.67,0.03,0.08,R,F,1995-03-27,1995-03-05,1995-04-07,COLLECT COD,RAIL,s. slyly regular requests alon
16096-5,16096,704,69,5,9.00,14442.30,0.03,0.01,A,F,1995-03-03,1995-04-19,1995-04-02,NONE,FOB,eep across 
16096-6,16096,468,27,6,32.00,43790.72,0.10,0.05,A,F,1995-04-14,1995-04-12,1995-04-18,COLLECT COD,SHIP,riously regu
16097-1,16097,233,88,1,4.00,4532.92,0.01,0.04,N,O,1996-09-22,1996-10-29,1996-10-01,TAKE BACK RETURN,TRUCK,accounts against the carefully fina
16097-2,16097,1026,97,2,43.00,39861.86,0.04,0.04,N,O,1996-12-04,1996-11-17,1996-12-19,NONE,RAIL,detect carefully about
16097-3,16097,200,79,3,40.00,44008.00,0.02,0.04,N,O,1996-11-11,1996-10-08,1996-11-19,DELIVER IN PERSON,REG AIR,ithely final asymptotes.
16097-4,16097,1310,49,4,39.00,47241.09,0.07,0.01,N,O,1996-11-20,1996-09-29,1996-11-26,COLLECT COD,TRUCK,d requests. accounts up the slyl
16098-1,16098,842,42,1,50.00,87142.00,0.01,0.00,A,F,1992-11-04,1992-10-13,1992-11-14,COLLECT COD,SHIP,y ironic excuses doubt care
16098-2,16098,122,23,2,37.00,37818.44,0.03,0.06,R,F,1992-09-25,1992-10-11,1992-10-14,DELIVER IN PERSON,REG AIR,ackages. furiously ironic deposits sleep fu
16098-3,16098,875,75,3,17.00,30189.79,0.04,0.02,A,F,1992-09-20,1992-09-05,1992-10-18,TAKE BACK RETURN,MAIL,nic ideas. ironic depos
16098-4,16098,1486,87,4,49.00,67986.52,0.09,0.08,R,F,1992-10-16,1992-10-12,1992-10-28,NONE,REG AIR, the furiou
16098-5,16098,1513,14,5,9.00,12730.59,0.06,0.08,R,F,1992-10-03,1992-10-20,1992-10-10,COLLECT COD,REG AIR,ounts. sile
16099-1,16099,1636,60,1,31.00,47666.53,0.05,0.00,N,O,1998-04-28,1998-02-26,1998-05-19,NONE,TRUCK,deposits. fur
16099-2,16099,178,79,2,10.00,10781.70,0.00,0.06,N,O,1998-02-16,1998-03-30,1998-03-11,DELIVER IN PERSON,FOB,ly even foxes across the caref
16099-3,16099,151,78,3,46.00,48352.90,0.02,0.04,N,O,1998-03-07,1998-04-03,1998-03-14,DELIVER IN PERSON,MAIL,ajole careful
16099-4,16099,1555,36,4,30.00,43696.50,0.03,0.00,N,O,1998-02-13,1998-03-10,1998-02-25,DELIVER IN PERSON,TRUCK,es. furiously regul
16100-1,16100,1282,94,1,27.00,31948.56,0.08,0.00,R,F,1995-03-23,1995-04-20,1995-04-03,NONE,AIR,al excuses wake blithely at
16100-2,16100,418,19,2,6.00,7910.46,0.07,0.05,R,F,1995-03-22,1995-05-27,1995-04-20,NONE,FOB,es. quickly final ide
16100-3,16100,1413,53,3,25.00,32860.25,0.03,0.01,R,F,1995-06-11,1995-05-18,1995-06-15,NONE,SHIP,ly across the carefully ironic requ
16100-4,16100,591,52,4,31.00,46239.29,0.09,0.00,R,F,1995-05-14,1995-05-02,1995-06-09,COLLECT COD,RAIL,ly regular deposits cajole s
16100-5,16100,1143,44,5,39.00,40721.46,0.05,0.00,N,O,1995-07-02,1995-06-04,1995-07-14,COLLECT COD,REG AIR,ironic requests use darin
16100-6,16100,1330,7,6,39.00,48021.87,0.10,0.01,R,F,1995-03-14,1995-05-13,1995-03-19,DELIVER IN PERSON,AIR,ake fluffily. final excuses 
16100-7,16100,666,29,7,21.00,32899.86,0.00,0.07,R,F,1995-04-28,1995-05-20,1995-05-12,DELIVER IN PERSON,MAIL," regular, "
16101-1,16101,697,29,1,22.00,35149.18,0.02,0.07,A,F,1992-10-28,1992-10-11,1992-11-06,DELIVER IN PERSON,AIR,"n, even theodol"
16101-2,16101,420,50,2,14.00,18485.88,0.10,0.07,R,F,1992-10-23,1992-10-03,1992-11-01,NONE,FOB,quickly even packages. quickly re
16102-1,16102,1099,70,1,39.00,39003.51,0.05,0.02,A,F,1995-04-03,1995-02-16,1995-04-20,TAKE BACK RETURN,AIR, pinto beans. carefull
16102-2,16102,638,1,2,34.00,52313.42,0.09,0.07,A,F,1995-01-08,1995-03-12,1995-01-13,DELIVER IN PERSON,AIR,lyly special instructions. caref
16103-1,16103,1718,61,1,26.00,42112.46,0.10,0.03,R,F,1992-11-07,1992-10-04,1992-12-03,COLLECT COD,AIR,. furiously regular theodolites acros
16103-2,16103,1661,44,2,41.00,64069.06,0.00,0.00,R,F,1992-11-02,1992-09-03,1992-11-20,COLLECT COD,FOB,es sleep blithely accor
16103-3,16103,11,12,3,31.00,28241.31,0.09,0.00,A,F,1992-08-14,1992-10-03,1992-08-26,COLLECT COD,TRUCK,. ideas detect slyly
16103-4,16103,1986,31,4,33.00,62303.34,0.04,0.01,R,F,1992-09-06,1992-08-30,1992-10-03,NONE,TRUCK,"e ideas; blithe, final the"
16103-5,16103,993,96,5,47.00,89017.53,0.05,0.07,A,F,1992-09-24,1992-10-09,1992-10-15,TAKE BACK RETURN,MAIL,eas boost after the carefully fin
16103-6,16103,1897,41,6,31.00,55765.59,0.09,0.08,A,F,1992-10-30,1992-09-22,1992-11-15,COLLECT COD,SHIP,"ess, unusual braids according to the idea"
16103-7,16103,1703,46,7,24.00,38512.80,0.09,0.04,A,F,1992-09-23,1992-08-21,1992-10-22,TAKE BACK RETURN,MAIL, packages. carefully pending a
16128-1,16128,1548,49,1,23.00,33339.42,0.00,0.07,N,F,1995-05-24,1995-07-26,1995-06-18,COLLECT COD,REG AIR,y bold packages believe. regular fox
16128-2,16128,905,6,2,1.00,1805.90,0.02,0.05,N,O,1995-07-25,1995-08-06,1995-08-23,COLLECT COD,FOB,inal instructio
16128-3,16128,1345,84,3,47.00,58577.98,0.10,0.06,N,O,1995-08-28,1995-08-06,1995-09-20,NONE,REG AIR,y regular escap
16129-1,16129,39,90,1,40.00,37561.20,0.05,0.05,N,O,1998-08-21,1998-07-12,1998-09-02,DELIVER IN PERSON,REG AIR,ly express platelets are. sil
16129-2,16129,1083,89,2,13.00,12793.04,0.08,0.08,N,O,1998-09-01,1998-06-30,1998-09-03,COLLECT COD,REG AIR, dinos: pendi
16130-1,16130,1340,79,1,6.00,7448.04,0.00,0.04,N,O,1996-09-08,1996-08-16,1996-10-02,DELIVER IN PERSON,RAIL,ole according to the blithely regu
16130-2,16130,1399,38,2,23.00,29908.97,0.03,0.03,N,O,1996-07-26,1996-08-21,1996-08-17,NONE,TRUCK,ly ironic requests. slyly ironic 
16130-3,16130,427,57,3,44.00,58406.48,0.04,0.02,N,O,1996-09-02,1996-07-26,1996-09-16,DELIVER IN PERSON,FOB,osits? carefully final requests are fur
16130-4,16130,1732,75,4,20.00,32674.60,0.02,0.01,N,O,1996-07-26,1996-09-10,1996-08-22,COLLECT COD,AIR,ular pinto beans boost. b
16130-5,16130,675,76,5,33.00,51997.11,0.10,0.07,N,O,1996-07-06,1996-08-31,1996-07-21,DELIVER IN PERSON,TRUCK,cial theodolites wake slyly across
16130-6,16130,285,86,6,20.00,23705.60,0.04,0.02,N,O,1996-08-19,1996-08-30,1996-09-05,TAKE BACK RETURN,REG AIR,ccounts across the carefully even accou
16130-7,16130,1575,16,7,17.00,25101.69,0.10,0.06,N,O,1996-08-11,1996-08-22,1996-09-01,NONE,MAIL,"t pinto beans. regular, ironic packages nag"
16131-1,16131,412,71,1,24.00,31497.84,0.03,0.08,N,O,1998-03-07,1997-12-17,1998-03-21,NONE,RAIL,carefully special acc
16131-2,16131,1925,70,2,25.00,45673.00,0.10,0.02,N,O,1998-01-04,1998-01-09,1998-01-23,TAKE BACK RETURN,AIR, furiously final platelets nag blithely
16131-3,16131,1055,56,3,4.00,3824.20,0.01,0.07,N,O,1998-01-27,1998-01-31,1998-02-22,DELIVER IN PERSON,RAIL,y stealthy excuses use. unusual pinto
16131-4,16131,1755,40,4,40.00,66270.00,0.00,0.05,N,O,1997-12-24,1997-12-18,1998-01-15,COLLECT COD,FOB,lthily unusual instructions. bli
16131-5,16131,1113,86,5,37.00,37522.07,0.04,0.01,N,O,1998-02-08,1998-01-19,1998-03-02,COLLECT COD,AIR,ges. carefully regular pearls among th
16131-6,16131,1184,93,6,30.00,32555.40,0.04,0.04,N,O,1998-01-28,1998-01-28,1998-02-24,DELIVER IN PERSON,REG AIR," final packages. bold,"
16131-7,16131,1972,5,7,17.00,31857.49,0.05,0.01,N,O,1998-01-22,1998-02-11,1998-01-27,TAKE BACK RETURN,SHIP,e blithely unusual packages haggl
16132-1,16132,628,22,1,18.00,27515.16,0.01,0.05,A,F,1993-02-22,1992-12-10,1993-03-11,COLLECT COD,MAIL, slyly special accounts wake furiou
16132-2,16132,663,57,2,28.00,43782.48,0.09,0.07,A,F,1992-11-16,1993-01-03,1992-11-21,DELIVER IN PERSON,FOB,ccounts. carefully ironic packages along
16133-1,16133,667,61,1,15.00,23514.90,0.10,0.02,R,F,1995-01-05,1994-12-22,1995-01-22,DELIVER IN PERSON,RAIL,uffily pendi
16133-2,16133,1014,15,2,29.00,26535.29,0.09,0.00,A,F,1995-01-15,1994-11-22,1995-01-23,COLLECT COD,MAIL,ackages nag furiously. packages cajole car
16133-3,16133,1609,33,3,17.00,25680.20,0.03,0.07,A,F,1994-12-21,1994-12-01,1995-01-05,COLLECT COD,MAIL, the packages sleep slyly across
16133-4,16133,1714,15,4,16.00,25851.36,0.00,0.06,R,F,1994-11-06,1994-12-16,1994-11-07,DELIVER IN PERSON,SHIP,refully even excuses caj
16133-5,16133,1038,74,5,29.00,27231.87,0.07,0.00,R,F,1995-01-21,1994-12-14,1995-02-13,NONE,MAIL,al ideas toward the slyly spec
16133-6,16133,136,63,6,19.00,19686.47,0.09,0.07,A,F,1994-11-23,1994-12-13,1994-12-15,COLLECT COD,AIR,s solve furiously stealthy r
16134-1,16134,1045,81,1,1.00,946.04,0.10,0.01,A,F,1993-01-08,1993-01-30,1993-01-19,COLLECT COD,MAIL, depths are slyly. carefully 
16134-2,16134,1782,83,2,5.00,8418.90,0.05,0.00,A,F,1993-02-12,1993-01-29,1993-02-20,DELIVER IN PERSON,FOB,slowly express packa
16134-3,16134,1335,50,3,4.00,4945.32,0.03,0.07,R,F,1993-01-27,1992-12-20,1993-02-13,TAKE BACK RETURN,SHIP,ial accounts poa
16134-4,16134,1957,90,4,48.00,89229.60,0.10,0.08,R,F,1992-12-21,1993-01-15,1992-12-28,TAKE BACK RETURN,TRUCK,"he carefully unusual foxes. even, iro"
16134-5,16134,1515,96,5,32.00,45328.32,0.01,0.08,A,F,1993-03-19,1993-01-20,1993-04-04,TAKE BACK RETURN,RAIL,affix fluffily quickly ironic d
16134-6,16134,1795,22,6,31.00,52600.49,0.06,0.01,A,F,1992-12-22,1993-02-02,1993-01-08,DELIVER IN PERSON,SHIP,usly ironic accounts wake ironi
16134-7,16134,1127,64,7,25.00,25703.00,0.04,0.08,R,F,1993-01-12,1993-02-03,1993-01-19,TAKE BACK RETURN,SHIP,ites. carefully expre
16135-1,16135,1,52,1,40.00,36040.00,0.01,0.07,A,F,1993-06-12,1993-06-28,1993-06-19,NONE,RAIL,: slyly even sentiments nag along 
16160-1,16160,1686,69,1,43.00,68270.24,0.03,0.03,N,O,1995-07-29,1995-08-30,1995-08-02,DELIVER IN PERSON,REG AIR,". theodolites are blithely ironic, e"
16161-1,16161,609,41,1,34.00,51326.40,0.05,0.01,A,F,1992-08-10,1992-09-06,1992-08-14,DELIVER IN PERSON,AIR, accounts.
16161-2,16161,618,12,2,5.00,7593.05,0.04,0.02,A,F,1992-10-11,1992-10-21,1992-10-12,NONE,RAIL,press Tiresias h
16161-3,16161,318,3,3,8.00,9746.48,0.05,0.07,A,F,1992-09-23,1992-09-04,1992-10-10,DELIVER IN PERSON,SHIP,g to the finally special de
16161-4,16161,527,88,4,33.00,47108.16,0.05,0.06,R,F,1992-10-08,1992-10-13,1992-10-21,TAKE BACK RETURN,FOB,"ays integrate carefully; careful, "
16161-5,16161,239,21,5,25.00,28480.75,0.03,0.05,A,F,1992-10-18,1992-09-08,1992-11-16,DELIVER IN PERSON,RAIL,ests haggle thinl
16161-6,16161,1112,49,6,23.00,23301.53,0.04,0.08,R,F,1992-09-03,1992-09-06,1992-09-21,NONE,RAIL,. blithely bold requ
16161-7,16161,1809,53,7,13.00,22240.40,0.01,0.03,R,F,1992-08-27,1992-09-11,1992-09-01,NONE,AIR,uriously. blithely regular dolphins af
16162-1,16162,1975,8,1,48.00,90094.56,0.00,0.08,A,F,1993-08-22,1993-08-17,1993-08-23,NONE,FOB, the ironic pea
16162-2,16162,1031,2,2,32.00,29824.96,0.06,0.02,A,F,1993-06-21,1993-07-08,1993-07-06,COLLECT COD,SHIP,"olve. ironic, ironic escapades alongside of"
16163-1,16163,1191,100,1,40.00,43687.60,0.03,0.07,N,O,1997-09-04,1997-07-24,1997-10-04,COLLECT COD,SHIP,sual instructions cajole slyly. f
16163-2,16163,1402,81,2,29.00,37798.60,0.05,0.07,N,O,1997-09-21,1997-07-09,1997-10-05,TAKE BACK RETURN,RAIL,furiously reg
16163-3,16163,905,8,3,2.00,3611.80,0.01,0.03,N,O,1997-05-28,1997-08-08,1997-06-27,COLLECT COD,SHIP,g to the blithely special pac
16163-4,16163,586,77,4,4.00,5946.32,0.04,0.07,N,O,1997-07-24,1997-08-18,1997-08-20,TAKE BACK RETURN,SHIP,thely. carefully express accoun
16164-1,16164,800,33,1,25.00,42520.00,0.10,0.05,A,F,1992-03-01,1992-03-26,1992-03-15,COLLECT COD,TRUCK,en packages use beneath the fluffily fin
16164-2,16164,1676,18,2,16.00,25242.72,0.08,0.05,A,F,1992-01-22,1992-04-01,1992-02-12,NONE,REG AIR,le carefully--
16164-3,16164,631,63,3,39.00,59733.57,0.07,0.08,R,F,1992-01-13,1992-03-29,1992-01-24,TAKE BACK RETURN,RAIL,accounts wake regular 
16164-4,16164,1701,28,4,4.00,6410.80,0.09,0.07,A,F,1992-03-06,1992-03-09,1992-03-11,DELIVER IN PERSON,TRUCK,. slyly bold requests cajole furiousl
16165-1,16165,909,44,1,40.00,72396.00,0.06,0.03,R,F,1993-09-21,1993-10-17,1993-09-26,NONE,TRUCK,"inal, even sauternes. "
16165-2,16165,163,16,2,26.00,27642.16,0.08,0.02,R,F,1993-10-15,1993-09-03,1993-11-08,NONE,MAIL,nusual excuses. blithely final p
16165-3,16165,1676,18,3,2.00,3155.34,0.01,0.03,R,F,1993-09-27,1993-09-18,1993-10-03,DELIVER IN PERSON,RAIL,ke fluffily above the quick
16165-4,16165,303,4,4,18.00,21659.40,0.03,0.03,R,F,1993-11-14,1993-10-03,1993-11-29,DELIVER IN PERSON,FOB,kly along the ironic depo
16166-1,16166,116,43,1,13.00,13209.43,0.09,0.04,A,F,1993-02-17,1993-03-05,1993-02-25,NONE,MAIL,unusual instructions
16166-2,16166,1253,28,2,43.00,49632.75,0.00,0.00,A,F,1993-06-01,1993-03-19,1993-06-04,NONE,REG AIR,sts cajole carefully special acc
16167-1,16167,361,18,1,12.00,15136.32,0.09,0.00,N,O,1998-02-17,1998-01-11,1998-03-12,COLLECT COD,MAIL,ctions. fluffily ev
16167-2,16167,1201,76,2,33.00,36372.60,0.04,0.08,N,O,1998-02-21,1998-02-12,1998-03-23,DELIVER IN PERSON,AIR,ial requests. pinto 
16167-3,16167,717,82,3,15.00,24265.65,0.03,0.07,N,O,1998-03-15,1998-01-07,1998-03-24,TAKE BACK RETURN,TRUCK,nusual requests 
16167-4,16167,1236,11,4,36.00,40940.28,0.08,0.02,N,O,1998-02-18,1998-01-08,1998-03-19,DELIVER IN PERSON,RAIL,ut the caref
16167-5,16167,1797,24,5,16.00,27180.64,0.09,0.01,N,O,1997-12-13,1998-02-01,1998-01-06,DELIVER IN PERSON,MAIL,unts sleep according to the slyly 
16167-6,16167,152,5,6,17.00,17886.55,0.01,0.01,N,O,1997-12-13,1998-02-12,1997-12-25,NONE,AIR,ids. realms after t
16192-1,16192,150,51,1,30.00,31504.50,0.04,0.04,N,O,1997-08-15,1997-08-07,1997-09-02,DELIVER IN PERSON,TRUCK,the tithes
16192-2,16192,281,9,2,43.00,50795.04,0.01,0.03,N,O,1997-10-01,1997-08-28,1997-10-31,TAKE BACK RETURN,REG AIR, even dependencies. carefu
16192-3,16192,1612,36,3,24.00,36326.64,0.10,0.08,N,O,1997-08-14,1997-09-27,1997-09-10,COLLECT COD,MAIL,ts detect quickly ironic
16192-4,16192,992,93,4,36.00,68147.64,0.04,0.03,N,O,1997-10-02,1997-09-21,1997-10-14,NONE,REG AIR,arefully silent deposits sleep. re
16192-5,16192,1935,68,5,31.00,56944.83,0.03,0.07,N,O,1997-07-05,1997-09-11,1997-07-26,DELIVER IN PERSON,SHIP,uriously pending asympto
16193-1,16193,63,64,1,38.00,36596.28,0.02,0.01,R,F,1992-05-29,1992-05-18,1992-06-21,TAKE BACK RETURN,SHIP,ccounts. furiously express accoun
16193-2,16193,1006,77,2,40.00,36280.00,0.10,0.01,R,F,1992-08-06,1992-06-11,1992-08-21,NONE,SHIP,efully ironic dolphins are slyly re
16193-3,16193,803,70,3,43.00,73263.40,0.06,0.07,A,F,1992-07-28,1992-05-11,1992-08-07,NONE,RAIL,ronic ideas cajole car
16193-4,16193,721,54,4,50.00,81086.00,0.09,0.04,A,F,1992-05-18,1992-07-07,1992-06-09,COLLECT COD,MAIL, even instructions against the careful
16194-1,16194,816,50,1,5.00,8584.05,0.09,0.05,R,F,1993-12-07,1993-12-13,1993-12-20,COLLECT COD,AIR,e carefully special accou
16194-2,16194,1171,44,2,1.00,1072.17,0.05,0.05,R,F,1993-10-29,1993-12-25,1993-11-07,TAKE BACK RETURN,REG AIR, grouches integra
16194-3,16194,191,92,3,5.00,5455.95,0.05,0.07,A,F,1993-11-04,1993-11-11,1993-12-03,TAKE BACK RETURN,AIR, deposits above the blithely 
16194-4,16194,1514,15,4,46.00,65113.46,0.05,0.03,R,F,1993-12-28,1993-12-22,1994-01-07,DELIVER IN PERSON,FOB,ncies wake
16194-5,16194,932,1,5,24.00,43990.32,0.10,0.06,R,F,1993-11-01,1993-12-21,1993-11-25,NONE,TRUCK,lyly bold requests nod c
16194-6,16194,1422,23,6,41.00,54260.22,0.01,0.03,A,F,1994-02-05,1993-11-12,1994-02-27,TAKE BACK RETURN,TRUCK,silently regular courts.
16195-1,16195,534,65,1,9.00,12910.77,0.10,0.08,A,F,1992-06-13,1992-08-05,1992-07-12,NONE,MAIL,are fluffily. fin
16195-2,16195,692,55,2,28.00,44595.32,0.03,0.06,R,F,1992-09-05,1992-07-13,1992-09-16,NONE,FOB,ly express instructions wake
16196-1,16196,704,1,1,16.00,25675.20,0.08,0.08,R,F,1994-11-10,1994-11-24,1994-11-19,TAKE BACK RETURN,MAIL,s would wake slyly against the dependencies
16196-2,16196,766,31,2,17.00,28334.92,0.07,0.01,R,F,1994-11-13,1994-12-10,1994-12-09,TAKE BACK RETURN,AIR,posits after the furious
16196-3,16196,1304,81,3,26.00,31337.80,0.08,0.03,A,F,1995-01-23,1994-12-08,1995-02-09,COLLECT COD,AIR,egular accounts. blithely iro
16196-4,16196,1412,30,4,12.00,15760.92,0.05,0.06,A,F,1994-11-29,1994-12-12,1994-12-14,COLLECT COD,AIR,hlessly unusual asymptotes 
16196-5,16196,141,20,5,31.00,32275.34,0.07,0.01,R,F,1994-11-11,1994-12-04,1994-11-19,COLLECT COD,TRUCK,slyly even dependencies. furious
16197-1,16197,1183,84,1,8.00,8673.44,0.07,0.06,A,F,1993-01-03,1993-01-13,1993-01-12,NONE,AIR,p slyly ironic foxes. 
16197-2,16197,137,16,2,45.00,46670.85,0.00,0.02,A,F,1992-12-04,1993-01-02,1992-12-22,TAKE BACK RETURN,TRUCK,ar accounts haggle qu
16197-3,16197,16,67,3,44.00,40304.44,0.00,0.05,R,F,1992-11-03,1992-11-29,1992-11-20,TAKE BACK RETURN,FOB,y foxes cajole. boldly
16197-4,16197,1218,93,4,11.00,12311.31,0.09,0.01,R,F,1992-12-15,1992-12-02,1992-12-20,COLLECT COD,SHIP,ackages affix 
16197-5,16197,1430,70,5,47.00,62577.21,0.03,0.03,A,F,1993-02-06,1992-12-18,1993-03-01,TAKE BACK RETURN,SHIP,ccounts. ironic fo
16198-1,16198,154,7,1,32.00,33732.80,0.02,0.07,N,O,1998-08-24,1998-09-06,1998-09-18,TAKE BACK RETURN,RAIL,xes wake around
16198-2,16198,1,27,2,33.00,29733.00,0.00,0.01,N,O,1998-10-07,1998-09-18,1998-10-15,DELIVER IN PERSON,RAIL,ages wake. carefully fluffy dinos ar
16199-1,16199,622,85,1,45.00,68517.90,0.04,0.08,N,O,1996-12-02,1996-10-07,1996-12-14,COLLECT COD,REG AIR,ng dependencies boost after 
16199-2,16199,304,89,2,27.00,32516.10,0.00,0.04,N,O,1996-09-29,1996-10-14,1996-10-13,TAKE BACK RETURN,RAIL,ites cajole fluffily regular
16199-3,16199,41,42,3,34.00,31995.36,0.04,0.05,N,O,1996-12-26,1996-10-24,1997-01-22,COLLECT COD,MAIL,slyly final patterns.
16199-4,16199,1171,80,4,33.00,35381.61,0.07,0.06,N,O,1996-10-16,1996-10-26,1996-10-18,DELIVER IN PERSON,REG AIR,ay. blithely bol
16199-5,16199,1889,90,5,50.00,89544.00,0.09,0.02,N,O,1996-10-25,1996-11-09,1996-11-18,TAKE BACK RETURN,MAIL,kages. carefully silent sauternes wake 
16199-6,16199,19,20,6,41.00,37679.41,0.06,0.04,N,O,1996-10-21,1996-11-16,1996-11-15,DELIVER IN PERSON,REG AIR,ts haggle. packages must sleep? i
16224-1,16224,1004,75,1,10.00,9050.00,0.02,0.06,N,O,1997-10-25,1997-11-14,1997-11-05,DELIVER IN PERSON,FOB,otes need to play acros
16224-2,16224,430,18,2,30.00,39912.90,0.04,0.03,N,O,1997-12-25,1997-12-01,1998-01-13,TAKE BACK RETURN,RAIL, express the
16224-3,16224,1783,10,3,5.00,8423.90,0.01,0.00,N,O,1998-01-17,1997-11-08,1998-02-05,COLLECT COD,TRUCK,bout the quickly unusua
16224-4,16224,536,27,4,41.00,58897.73,0.04,0.00,N,O,1997-12-22,1997-10-24,1997-12-27,TAKE BACK RETURN,MAIL,"s. express, regula"
16224-5,16224,78,79,5,36.00,35210.52,0.02,0.03,N,O,1997-12-31,1997-11-01,1998-01-06,NONE,AIR," final, furious ideas"
16225-1,16225,61,12,1,36.00,34598.16,0.02,0.07,A,F,1994-09-13,1994-07-11,1994-09-29,COLLECT COD,TRUCK,iously final packages use carefu
16225-2,16225,1801,88,2,13.00,22136.40,0.06,0.05,A,F,1994-06-25,1994-08-01,1994-07-07,DELIVER IN PERSON,REG AIR,pending deposits boost furiously. c
16225-3,16225,206,88,3,14.00,15486.80,0.06,0.04,A,F,1994-06-23,1994-08-17,1994-06-30,NONE,TRUCK,ickly even requests. carefully pendi
16226-1,16226,450,80,1,41.00,55368.45,0.06,0.06,N,O,1997-02-01,1997-03-02,1997-02-06,COLLECT COD,TRUCK,ual packages above the slyly even
16227-1,16227,938,73,1,37.00,68040.41,0.09,0.01,R,F,1994-10-24,1994-10-29,1994-11-04,COLLECT COD,MAIL,cuses detect final excuses. depos
16228-1,16228,1315,16,1,13.00,15812.03,0.07,0.03,N,O,1997-12-19,1997-12-10,1998-01-18,TAKE BACK RETURN,FOB,earls boost 
16228-2,16228,1077,48,2,44.00,43035.08,0.09,0.07,N,O,1997-11-26,1998-01-06,1997-12-26,TAKE BACK RETURN,REG AIR,pendencies. si
16228-3,16228,199,78,3,34.00,37372.46,0.01,0.00,N,O,1998-01-26,1998-01-02,1998-02-12,DELIVER IN PERSON,MAIL,re around the quickly even 
16228-4,16228,1829,73,4,35.00,60578.70,0.01,0.00,N,O,1997-12-12,1997-12-22,1997-12-15,NONE,TRUCK,se furiously fluffily silent a
16229-1,16229,214,42,1,33.00,36768.93,0.10,0.04,A,F,1994-04-26,1994-05-03,1994-05-07,TAKE BACK RETURN,TRUCK,e slyly at the instructio
16229-2,16229,1946,91,2,20.00,36958.80,0.06,0.08,A,F,1994-05-25,1994-06-24,1994-06-18,NONE,AIR,"lve slyly bold, "
16229-3,16229,1475,54,3,15.00,20647.05,0.05,0.07,A,F,1994-05-01,1994-06-13,1994-05-14,DELIVER IN PERSON,RAIL,s against the 
16229-4,16229,1049,55,4,6.00,5700.24,0.01,0.02,A,F,1994-05-02,1994-05-01,1994-05-11,NONE,MAIL,ts wake blithely 
16229-5,16229,938,39,5,23.00,42295.39,0.01,0.06,R,F,1994-07-09,1994-05-13,1994-07-13,NONE,REG AIR,nts. quickly even courts wake blithe
16229-6,16229,1466,84,6,22.00,30084.12,0.00,0.04,R,F,1994-04-25,1994-05-07,1994-05-23,TAKE BACK RETURN,SHIP,"even, special deposits"
16229-7,16229,1874,4,7,20.00,35517.40,0.01,0.07,R,F,1994-04-18,1994-06-22,1994-05-13,NONE,SHIP,cial theodolites. eve
16230-1,16230,676,39,1,31.00,48876.77,0.08,0.00,A,F,1993-04-08,1993-04-30,1993-04-27,TAKE BACK RETURN,FOB, accounts! finally unusual ideas boost ca
16230-2,16230,535,96,2,21.00,30146.13,0.05,0.01,R,F,1993-04-28,1993-05-14,1993-05-13,DELIVER IN PERSON,REG AIR,cial ideas boost accordi
16230-3,16230,1707,8,3,31.00,49869.70,0.09,0.08,A,F,1993-04-07,1993-05-24,1993-04-23,COLLECT COD,FOB,l deposits wake sil
16230-4,16230,1745,30,4,26.00,42815.24,0.08,0.02,R,F,1993-03-27,1993-05-18,1993-04-23,NONE,REG AIR,l pinto beans sleep around the pending
16230-5,16230,1460,39,5,30.00,40843.80,0.10,0.07,A,F,1993-05-21,1993-04-16,1993-05-29,NONE,AIR, wake furiousl
16230-6,16230,782,47,6,40.00,67311.20,0.10,0.03,R,F,1993-05-06,1993-04-12,1993-06-04,DELIVER IN PERSON,RAIL,y final excus
16230-7,16230,655,18,7,17.00,26446.05,0.07,0.04,R,F,1993-05-12,1993-05-01,1993-05-25,COLLECT COD,SHIP,regular accounts. quickly regular p
16231-1,16231,432,20,1,20.00,26648.60,0.05,0.00,A,F,1992-09-25,1992-11-27,1992-09-30,NONE,SHIP,ys express 
16231-2,16231,923,92,2,50.00,91196.00,0.00,0.03,A,F,1992-10-06,1992-10-26,1992-10-19,DELIVER IN PERSON,MAIL,. regular p
16231-3,16231,311,68,3,48.00,58142.88,0.02,0.04,R,F,1992-12-10,1992-11-17,1992-12-22,COLLECT COD,REG AIR,eat finally quickly re
16231-4,16231,1352,53,4,37.00,46373.95,0.02,0.07,A,F,1992-11-17,1992-10-07,1992-11-27,COLLECT COD,FOB,into beans. 
16256-1,16256,1092,98,1,50.00,49654.50,0.10,0.07,N,O,1997-10-20,1997-11-07,1997-11-16,TAKE BACK RETURN,REG AIR,cajole according to the carefull
16256-2,16256,1850,94,2,23.00,40292.55,0.07,0.08,N,O,1997-12-02,1997-11-24,1997-12-10,NONE,REG AIR,rts boost. final id
16256-3,16256,1121,58,3,37.00,37818.44,0.01,0.02,N,O,1997-10-25,1997-12-11,1997-11-10,NONE,MAIL,to wake above the furiously u
16257-1,16257,1144,17,1,9.00,9406.26,0.00,0.05,A,F,1992-05-19,1992-06-29,1992-05-24,NONE,REG AIR,l accounts wake furiously at the 
16257-2,16257,1517,58,2,23.00,32625.73,0.06,0.07,A,F,1992-06-13,1992-07-23,1992-07-08,COLLECT COD,TRUCK,ngage. blithely regular platelets affi
16257-3,16257,1734,61,3,48.00,78515.04,0.09,0.06,A,F,1992-08-27,1992-06-22,1992-09-08,DELIVER IN PERSON,TRUCK,unusual request
16258-1,16258,1442,60,1,2.00,2686.88,0.08,0.04,N,O,1995-09-11,1995-09-15,1995-10-02,TAKE BACK RETURN,FOB,"s. pending, quick foxe"
16258-2,16258,1448,88,2,5.00,6747.20,0.06,0.08,N,O,1995-10-10,1995-09-16,1995-10-11,COLLECT COD,SHIP,ccounts nag quickly ca
16258-3,16258,1721,64,3,43.00,69776.96,0.04,0.06,N,O,1995-09-06,1995-09-08,1995-09-24,DELIVER IN PERSON,RAIL,"ly fluffy, even ideas. furious"
16259-1,16259,832,32,1,28.00,48519.24,0.01,0.03,N,O,1996-07-13,1996-08-28,1996-08-06,TAKE BACK RETURN,SHIP,he final deposits. pendi
16259-2,16259,159,12,2,35.00,37070.25,0.01,0.04,N,O,1996-08-06,1996-09-15,1996-08-23,COLLECT COD,SHIP,y close requests ha
16259-3,16259,172,25,3,49.00,52536.33,0.02,0.05,N,O,1996-08-01,1996-09-01,1996-08-30,NONE,FOB,ously pending foxes. carefully unusual a
16259-4,16259,478,79,4,10.00,13784.70,0.02,0.03,N,O,1996-08-16,1996-08-18,1996-09-10,NONE,FOB,e carefully bold platelets. sil
16260-1,16260,1414,93,1,41.00,53931.81,0.07,0.00,N,O,1996-02-21,1996-02-11,1996-02-28,COLLECT COD,AIR,s sleep furiously. bold pint
16261-1,16261,1704,47,1,44.00,70650.80,0.01,0.00,A,F,1994-01-11,1993-12-06,1994-02-08,NONE,FOB, excuses cajole. pending requests 
16261-2,16261,1008,14,2,40.00,36360.00,0.07,0.06,R,F,1993-11-04,1993-11-09,1993-11-26,NONE,RAIL,riously care
16261-3,16261,871,72,3,2.00,3543.74,0.07,0.01,A,F,1993-10-09,1993-11-17,1993-10-16,TAKE BACK RETURN,REG AIR,press requests solve fluffily slyly ironic
16261-4,16261,1528,9,4,34.00,48603.68,0.02,0.08,A,F,1993-12-04,1993-12-15,1993-12-28,DELIVER IN PERSON,MAIL, pearls? bli
16261-5,16261,797,98,5,8.00,13582.32,0.06,0.02,R,F,1993-12-24,1993-12-15,1993-12-31,TAKE BACK RETURN,SHIP, beans above the regular ideas boost fur
16262-1,16262,674,75,1,22.00,34642.74,0.06,0.07,R,F,1995-04-02,1995-02-16,1995-04-06,TAKE BACK RETURN,AIR, carefully
16262-2,16262,1921,66,2,42.00,76562.64,0.00,0.08,R,F,1995-03-11,1995-03-16,1995-04-06,COLLECT COD,MAIL, pending accounts. spe
16262-3,16262,42,93,3,39.00,36739.56,0.04,0.03,R,F,1995-02-27,1995-02-26,1995-03-16,NONE,RAIL,reach. carefully final packages kindle ir
16262-4,16262,1184,85,4,44.00,47747.92,0.01,0.04,A,F,1995-03-30,1995-02-11,1995-04-16,TAKE BACK RETURN,TRUCK,he fluffily silent in
16262-5,16262,1605,29,5,9.00,13559.40,0.09,0.07,A,F,1995-03-30,1995-02-25,1995-04-08,DELIVER IN PERSON,SHIP,ld packages 
16262-6,16262,1655,56,6,47.00,73162.55,0.06,0.03,R,F,1995-01-09,1995-03-31,1995-01-23,TAKE BACK RETURN,SHIP, haggle furiously even platelets. sly
16262-7,16262,946,81,7,22.00,40632.68,0.03,0.04,R,F,1995-02-23,1995-02-06,1995-02-28,DELIVER IN PERSON,MAIL,e furiously. carefully final accounts w
16263-1,16263,1517,18,1,6.00,8511.06,0.06,0.05,N,O,1998-02-06,1997-12-29,1998-02-07,NONE,TRUCK,s dolphins across the fluffily regular 
16263-2,16263,1467,68,2,48.00,65686.08,0.03,0.04,N,O,1998-01-02,1998-01-03,1998-01-31,NONE,MAIL,ss packages sleep. inst
16263-3,16263,986,55,3,31.00,58496.38,0.10,0.06,N,O,1998-01-23,1997-12-21,1998-02-02,NONE,RAIL,ing to the instructions doubt above 
16263-4,16263,1803,4,4,14.00,23867.20,0.10,0.06,N,O,1997-12-17,1998-01-27,1997-12-25,COLLECT COD,REG AIR,en foxes. slyly regular foxes wake. iron
16263-5,16263,1986,87,5,23.00,43423.54,0.00,0.07,N,O,1997-11-13,1997-12-18,1997-11-28,TAKE BACK RETURN,TRUCK,luffily fluffily final accounts. 
16263-6,16263,1055,91,6,7.00,6692.35,0.00,0.07,N,O,1998-01-19,1998-02-03,1998-02-03,NONE,REG AIR,y ironic grouches hin
16288-1,16288,1075,46,1,29.00,28306.03,0.01,0.01,N,O,1996-05-06,1996-04-28,1996-05-09,TAKE BACK RETURN,RAIL,lar theodolites cajole fluffily 
16288-2,16288,621,53,2,46.00,69994.52,0.10,0.02,N,O,1996-03-28,1996-05-22,1996-04-26,TAKE BACK RETURN,FOB,odolites a
16288-3,16288,188,67,3,26.00,28292.68,0.05,0.05,N,O,1996-04-18,1996-05-17,1996-05-11,TAKE BACK RETURN,TRUCK,ironic packages are daring platelets.
16288-4,16288,492,93,4,25.00,34812.25,0.04,0.02,N,O,1996-05-20,1996-04-03,1996-05-24,DELIVER IN PERSON,AIR,furiously ironic deposits nag b
16288-5,16288,87,13,5,11.00,10857.88,0.02,0.02,N,O,1996-06-10,1996-04-09,1996-06-27,COLLECT COD,AIR,dolites haggle. blithely pend
16289-1,16289,1173,82,1,17.00,18260.89,0.10,0.03,A,F,1993-10-14,1993-08-21,1993-11-05,COLLECT COD,RAIL,osits are among the furiously pe
16289-2,16289,1562,43,2,42.00,61469.52,0.06,0.03,R,F,1993-09-02,1993-09-03,1993-09-27,COLLECT COD,FOB,ideas hang pending exc
16289-3,16289,418,19,3,36.00,47462.76,0.08,0.08,R,F,1993-08-26,1993-10-06,1993-09-22,COLLECT COD,FOB,urts. blithely special id
16289-4,16289,1512,93,4,15.00,21202.65,0.02,0.00,A,F,1993-09-23,1993-09-22,1993-09-27,COLLECT COD,TRUCK,kly carefully ironic courts. slyly
16289-5,16289,455,43,5,27.00,36597.15,0.04,0.00,R,F,1993-10-28,1993-08-21,1993-11-09,COLLECT COD,SHIP,n deposits haggle slyly daringly b
16289-6,16289,1794,37,6,31.00,52569.49,0.01,0.06,A,F,1993-08-20,1993-09-30,1993-08-21,DELIVER IN PERSON,MAIL,uffily express foxes. carefu
16289-7,16289,368,97,7,3.00,3805.08,0.01,0.06,A,F,1993-08-24,1993-08-30,1993-09-17,NONE,RAIL, accounts; frays lose slyly
16290-1,16290,1450,68,1,26.00,35137.70,0.05,0.05,N,O,1996-11-21,1996-11-01,1996-12-01,DELIVER IN PERSON,MAIL,y ironic depos
16290-2,16290,157,10,2,48.00,50743.20,0.04,0.04,N,O,1996-11-02,1996-12-01,1996-11-20,DELIVER IN PERSON,RAIL,e furiously before 
16290-3,16290,762,59,3,2.00,3325.52,0.07,0.03,N,O,1996-10-19,1996-10-26,1996-10-21,NONE,TRUCK,eposits are blit
16290-4,16290,69,95,4,43.00,41669.58,0.05,0.04,N,O,1996-11-12,1996-11-08,1996-12-12,COLLECT COD,RAIL,thely even dugouts prin
16291-1,16291,1085,86,1,14.00,13805.12,0.02,0.01,R,F,1995-05-10,1995-05-23,1995-05-12,DELIVER IN PERSON,FOB,uriously unusual accounts. e
16291-2,16291,821,55,2,22.00,37880.04,0.04,0.06,N,O,1995-08-05,1995-05-21,1995-08-30,DELIVER IN PERSON,AIR,iously even pi
16292-1,16292,882,16,1,42.00,74880.96,0.02,0.05,N,O,1998-03-15,1998-01-02,1998-04-07,DELIVER IN PERSON,RAIL,uctions use boldly about the bli
16292-2,16292,1153,54,2,36.00,37949.40,0.00,0.02,N,O,1998-02-03,1998-01-25,1998-02-23,TAKE BACK RETURN,TRUCK,riously pending pinto beans about the
16292-3,16292,269,24,3,47.00,54955.22,0.00,0.06,N,O,1998-01-19,1998-02-05,1998-01-22,DELIVER IN PERSON,FOB,ounts-- carefully r
16292-4,16292,429,30,4,33.00,43870.86,0.00,0.03,N,O,1998-01-28,1997-12-27,1998-02-05,DELIVER IN PERSON,REG AIR,l dependencies maintain blithely
16292-5,16292,1624,25,5,49.00,74755.38,0.01,0.01,N,O,1998-01-23,1998-01-16,1998-01-29,DELIVER IN PERSON,FOB,"de of the final, pen"
16292-6,16292,569,70,6,41.00,60251.96,0.09,0.02,N,O,1997-12-11,1997-12-30,1998-01-09,TAKE BACK RETURN,MAIL,dolphins. final dependenc
16293-1,16293,179,32,1,37.00,39929.29,0.03,0.06,N,O,1997-10-19,1997-10-10,1997-10-29,DELIVER IN PERSON,TRUCK,sly even accounts. care
16293-2,16293,669,63,2,17.00,26684.22,0.09,0.05,N,O,1997-10-11,1997-11-15,1997-11-08,DELIVER IN PERSON,AIR,symptotes hang carefully carefully even i
16293-3,16293,1870,71,3,26.00,46068.62,0.03,0.05,N,O,1997-10-01,1997-10-09,1997-10-22,DELIVER IN PERSON,TRUCK,accounts haggle across the iro
16293-4,16293,635,29,4,9.00,13820.67,0.10,0.01,N,O,1997-12-12,1997-11-04,1997-12-19,DELIVER IN PERSON,TRUCK,inal accounts haggle according to the c
16293-5,16293,345,46,5,6.00,7472.04,0.07,0.02,N,O,1997-12-20,1997-10-11,1997-12-23,COLLECT COD,MAIL, affix carefully pl
16293-6,16293,175,76,6,37.00,39781.29,0.01,0.03,N,O,1997-11-04,1997-11-15,1997-11-15,NONE,AIR,the bold reque
16294-1,16294,783,48,1,30.00,50513.40,0.04,0.01,N,O,1996-12-25,1997-02-24,1996-12-28,COLLECT COD,MAIL,ecial asymptotes: pending deposits 
16294-2,16294,511,72,2,28.00,39522.28,0.03,0.07,N,O,1997-01-04,1997-02-14,1997-02-02,DELIVER IN PERSON,FOB, thrash furiously. packages haggle across
16294-3,16294,1864,8,3,29.00,51209.94,0.10,0.03,N,O,1996-12-30,1997-01-20,1997-01-27,COLLECT COD,RAIL," carefully bold, express epit"
16294-4,16294,616,79,4,14.00,21232.54,0.05,0.05,N,O,1996-12-26,1997-02-21,1997-01-12,COLLECT COD,RAIL, deposits. 
16294-5,16294,1083,89,5,3.00,2952.24,0.04,0.07,N,O,1997-03-08,1997-03-18,1997-03-28,COLLECT COD,AIR,inst the slyly unusual sautern
16294-6,16294,610,42,6,46.00,69488.06,0.01,0.07,N,O,1997-03-03,1997-03-17,1997-03-17,DELIVER IN PERSON,MAIL,"inal, final depos"
16295-1,16295,161,40,1,21.00,22284.36,0.07,0.01,R,F,1993-02-10,1993-01-11,1993-02-19,DELIVER IN PERSON,REG AIR,ly regular packages; fluffi
16320-1,16320,1593,14,1,19.00,28397.21,0.07,0.05,N,O,1995-11-27,1995-11-22,1995-12-08,DELIVER IN PERSON,TRUCK,blithely unusual f
16320-2,16320,1954,55,2,12.00,22271.40,0.04,0.02,N,O,1995-11-04,1995-12-31,1995-11-08,COLLECT COD,SHIP,ajole furiously pendi
16320-3,16320,122,1,3,13.00,13287.56,0.08,0.08,N,O,1995-10-22,1996-01-07,1995-11-01,COLLECT COD,MAIL, even dependencies. quickly regular p
16320-4,16320,1198,71,4,4.00,4396.76,0.08,0.00,N,O,1995-11-29,1995-11-22,1995-12-18,DELIVER IN PERSON,FOB,"ular, unusual id"
16320-5,16320,1937,70,5,31.00,57006.83,0.00,0.07,N,O,1995-11-28,1996-01-02,1995-12-20,TAKE BACK RETURN,REG AIR,ackages. packages cajole car
16321-1,16321,513,14,1,8.00,11308.08,0.02,0.05,A,F,1994-10-20,1994-11-27,1994-11-04,COLLECT COD,SHIP,ckly regula
16321-2,16321,1002,73,2,30.00,27090.00,0.01,0.05,R,F,1994-12-16,1994-12-13,1995-01-08,TAKE BACK RETURN,REG AIR,uriously pending packages w
16322-1,16322,1931,32,1,8.00,14663.44,0.07,0.08,R,F,1995-03-22,1995-03-18,1995-04-02,DELIVER IN PERSON,RAIL,dependencie
16322-2,16322,985,20,2,42.00,79211.16,0.00,0.08,A,F,1995-03-24,1995-02-10,1995-04-01,TAKE BACK RETURN,TRUCK,haggle blithely final accounts!
16322-3,16322,928,31,3,10.00,18289.20,0.02,0.05,R,F,1995-03-04,1995-02-22,1995-03-30,DELIVER IN PERSON,RAIL,ove the unusual requests. blithely unu
16323-1,16323,1261,62,1,50.00,58113.00,0.07,0.06,N,O,1996-10-07,1996-09-03,1996-10-26,NONE,MAIL,: quickly pending multipliers cajol
16323-2,16323,946,15,2,48.00,88653.12,0.07,0.04,N,O,1996-09-08,1996-10-09,1996-10-04,NONE,REG AIR,"t run. regular, regular packages sleep ca"
16323-3,16323,1040,11,3,36.00,33877.44,0.03,0.03,N,O,1996-10-18,1996-09-27,1996-11-01,TAKE BACK RETURN,AIR,"around the silent, regul"
16323-4,16323,1552,33,4,46.00,66863.30,0.01,0.01,N,O,1996-11-13,1996-10-13,1996-11-20,DELIVER IN PERSON,SHIP,"final, bold request"
16324-1,16324,323,80,1,4.00,4893.28,0.00,0.07,N,O,1998-03-05,1998-04-04,1998-03-30,NONE,FOB,furiously. special packa
16324-2,16324,518,9,2,34.00,48229.34,0.01,0.02,N,O,1998-06-03,1998-04-07,1998-06-11,COLLECT COD,MAIL,accounts use carefully. carefull
16324-3,16324,653,85,3,27.00,41948.55,0.03,0.03,N,O,1998-04-30,1998-05-11,1998-05-26,TAKE BACK RETURN,TRUCK,y daring accounts sleep carefully on t
16325-1,16325,1941,74,1,6.00,11057.64,0.00,0.06,N,O,1997-11-07,1997-10-11,1997-11-28,NONE,REG AIR,kages enga
16326-1,16326,1508,29,1,27.00,38056.50,0.01,0.00,R,F,1993-07-26,1993-07-23,1993-08-25,TAKE BACK RETURN,FOB,phs after the furious
16326-2,16326,502,33,2,25.00,35062.50,0.10,0.05,A,F,1993-05-27,1993-08-08,1993-06-26,DELIVER IN PERSON,FOB,counts nod furiously 
16326-3,16326,1716,1,3,30.00,48531.30,0.08,0.01,R,F,1993-05-24,1993-06-25,1993-06-01,DELIVER IN PERSON,FOB, regular foxes sleep quickly express 
16326-4,16326,683,15,4,43.00,68098.24,0.00,0.05,A,F,1993-08-11,1993-06-17,1993-09-01,TAKE BACK RETURN,REG AIR,dencies affix slyly above t
16326-5,16326,675,7,5,41.00,64602.47,0.08,0.04,R,F,1993-06-16,1993-07-12,1993-07-10,TAKE BACK RETURN,FOB,y ironic frets sleep quickly again
16326-6,16326,968,3,6,40.00,74758.40,0.01,0.00,R,F,1993-06-21,1993-06-13,1993-07-19,TAKE BACK RETURN,MAIL,platelets use inst
16327-1,16327,1264,39,1,38.00,44279.88,0.00,0.04,R,F,1994-02-12,1994-03-09,1994-03-09,TAKE BACK RETURN,RAIL,against the slyly unusual instructions: car
16352-1,16352,846,80,1,32.00,55898.88,0.08,0.01,R,F,1992-08-24,1992-09-07,1992-09-17,NONE,AIR,hely across the furiously
16352-2,16352,507,68,2,11.00,15482.50,0.07,0.06,R,F,1992-08-03,1992-09-29,1992-08-17,NONE,RAIL,quests sleep furiously
16352-3,16352,1234,9,3,37.00,42003.51,0.05,0.02,R,F,1992-10-28,1992-09-17,1992-10-29,TAKE BACK RETURN,TRUCK,ake carefully. sometimes unusu
16352-4,16352,239,21,4,12.00,13670.76,0.00,0.06,R,F,1992-08-04,1992-10-24,1992-09-02,DELIVER IN PERSON,REG AIR,inal instruct
16352-5,16352,101,54,5,38.00,38041.80,0.09,0.04,R,F,1992-10-05,1992-09-06,1992-10-09,NONE,REG AIR,y around the
16352-6,16352,1929,62,6,13.00,23801.96,0.06,0.03,A,F,1992-09-07,1992-10-19,1992-09-21,TAKE BACK RETURN,SHIP,ar pinto beans do
16353-1,16353,795,60,1,15.00,25436.85,0.01,0.02,N,O,1997-07-28,1997-06-21,1997-08-04,NONE,RAIL,dugouts. regular packages sleep quickly. 
16353-2,16353,328,85,2,8.00,9826.56,0.00,0.05,N,O,1997-04-13,1997-05-15,1997-05-01,COLLECT COD,MAIL,s. furiously final somas ca
16353-3,16353,176,77,3,37.00,39818.29,0.10,0.03,N,O,1997-07-14,1997-06-08,1997-08-07,NONE,RAIL,ully pending requests. fluffily pending mul
16353-4,16353,419,78,4,21.00,27707.61,0.00,0.03,N,O,1997-05-20,1997-06-08,1997-06-07,DELIVER IN PERSON,RAIL, haggle above the bl
16353-5,16353,1843,30,5,29.00,50600.36,0.08,0.06,N,O,1997-05-17,1997-06-11,1997-05-21,NONE,REG AIR,ate carefully ac
16354-1,16354,1360,99,1,7.00,8829.52,0.07,0.06,N,O,1997-11-10,1997-10-02,1997-11-23,NONE,MAIL,ages; furiously bold accounts ha
16354-2,16354,765,62,2,16.00,26652.16,0.05,0.03,N,O,1997-09-12,1997-11-16,1997-10-10,TAKE BACK RETURN,RAIL, unusual pinto beans. furiously unusual the
16354-3,16354,1039,10,3,18.00,16920.54,0.02,0.07,N,O,1997-09-05,1997-10-12,1997-09-10,DELIVER IN PERSON,FOB,s cajole slyly regular gr
16354-4,16354,572,3,4,21.00,30923.97,0.07,0.04,N,O,1997-11-18,1997-10-28,1997-11-25,DELIVER IN PERSON,TRUCK,s. furious
16354-5,16354,1198,99,5,22.00,24182.18,0.07,0.05,N,O,1997-10-07,1997-10-12,1997-11-04,NONE,MAIL,unusual platelets against the blithely ir
16355-1,16355,306,7,1,38.00,45839.40,0.07,0.05,N,O,1998-08-10,1998-05-17,1998-09-02,DELIVER IN PERSON,REG AIR, ironic accounts with the bravely even
16355-2,16355,1575,16,2,21.00,31007.97,0.03,0.03,N,O,1998-05-20,1998-05-24,1998-06-07,TAKE BACK RETURN,REG AIR,"cajole after the bold, regular ide"
16355-3,16355,767,68,3,31.00,51700.56,0.09,0.04,N,O,1998-07-08,1998-05-14,1998-08-01,NONE,SHIP,longside of the thin 
16355-4,16355,514,15,4,18.00,25461.18,0.05,0.01,N,O,1998-07-18,1998-07-02,1998-07-26,TAKE BACK RETURN,AIR,en platelets cajole after th
16355-5,16355,146,99,5,37.00,38707.18,0.08,0.08,N,O,1998-07-24,1998-07-02,1998-08-10,NONE,AIR,foxes haggle slyly. deposit
16355-6,16355,1471,72,6,41.00,56271.27,0.07,0.03,N,O,1998-05-11,1998-07-08,1998-05-20,DELIVER IN PERSON,AIR,"le. packages cajole slyly. unusual, iro"
16355-7,16355,345,30,7,37.00,46077.58,0.07,0.01,N,O,1998-07-06,1998-06-13,1998-08-05,DELIVER IN PERSON,RAIL, pinto beans print furiously. carefully
16356-1,16356,1453,71,1,43.00,58241.35,0.00,0.08,N,O,1995-08-08,1995-10-28,1995-08-10,TAKE BACK RETURN,TRUCK,ites sleep fluf
16356-2,16356,1200,73,2,38.00,41845.60,0.05,0.05,N,O,1995-09-09,1995-09-09,1995-09-14,NONE,REG AIR, slyly ironic instructions wake furious
16356-3,16356,1972,73,3,23.00,43101.31,0.07,0.00,N,O,1995-10-17,1995-09-14,1995-11-08,COLLECT COD,AIR,the slyly special epitaphs. fi
16356-4,16356,968,71,4,33.00,61675.68,0.05,0.00,N,O,1995-10-04,1995-09-29,1995-10-11,COLLECT COD,SHIP, print across the regular packages. care
16356-5,16356,725,22,5,6.00,9754.32,0.10,0.00,N,O,1995-09-28,1995-10-10,1995-10-16,NONE,FOB,ons; pending 
16356-6,16356,579,40,6,30.00,44387.10,0.10,0.02,N,O,1995-08-29,1995-09-21,1995-09-16,NONE,RAIL, even packages nag blithely. carefully s
16356-7,16356,1570,71,7,13.00,19130.41,0.01,0.03,N,O,1995-10-31,1995-10-14,1995-11-19,DELIVER IN PERSON,RAIL,ithely ironic requests boost ag
16357-1,16357,1283,84,1,45.00,53292.60,0.02,0.01,A,F,1993-03-21,1993-03-03,1993-04-02,TAKE BACK RETURN,SHIP,e final accounts. i
16358-1,16358,1572,93,1,30.00,44207.10,0.03,0.07,R,F,1994-02-20,1994-02-17,1994-02-22,NONE,AIR,s wake furiously acr
16358-2,16358,436,37,2,9.00,12027.87,0.03,0.01,R,F,1994-02-15,1994-02-08,1994-02-21,TAKE BACK RETURN,RAIL,ly even instructions are acco
16358-3,16358,1620,62,3,2.00,3043.24,0.08,0.07,A,F,1994-01-06,1994-02-07,1994-01-24,DELIVER IN PERSON,RAIL,wake. caref
16359-1,16359,1562,63,1,17.00,24880.52,0.05,0.01,R,F,1992-09-05,1992-08-04,1992-09-21,COLLECT COD,FOB,uests nag slyly sl
16359-2,16359,1758,85,2,10.00,16597.50,0.07,0.06,A,F,1992-08-15,1992-07-13,1992-09-05,COLLECT COD,TRUCK,r along the carefully pending foxes. fi
16359-3,16359,268,96,3,38.00,44393.88,0.07,0.03,A,F,1992-05-17,1992-07-31,1992-06-13,TAKE BACK RETURN,AIR,ven theodolites nag carefully sil
16359-4,16359,415,16,4,42.00,55247.22,0.05,0.08,A,F,1992-07-13,1992-07-17,1992-07-17,TAKE BACK RETURN,REG AIR, sleep against t
16359-5,16359,1471,11,5,43.00,59016.21,0.01,0.08,A,F,1992-07-25,1992-08-06,1992-08-20,NONE,AIR,al requests ca
16384-1,16384,462,92,1,14.00,19074.44,0.00,0.02,N,O,1997-09-27,1997-11-05,1997-10-02,DELIVER IN PERSON,MAIL, slyly even sauternes wake quickly; 
16385-1,16385,138,17,1,26.00,26991.38,0.04,0.01,A,F,1994-07-11,1994-07-28,1994-07-21,TAKE BACK RETURN,SHIP,rate. fluffily ironic
16386-1,16386,1232,33,1,2.00,2266.46,0.00,0.01,N,O,1997-01-13,1997-02-09,1997-01-28,TAKE BACK RETURN,RAIL,ickly. quickly ironic requ
16386-2,16386,232,60,2,3.00,3396.69,0.10,0.01,N,O,1997-02-03,1997-02-24,1997-02-17,DELIVER IN PERSON,SHIP,ly regular ideas wake across the 
16386-3,16386,310,95,3,17.00,20575.27,0.01,0.01,N,O,1997-01-28,1997-03-10,1997-01-31,NONE,REG AIR,refully regu
16386-4,16386,880,81,4,3.00,5342.64,0.08,0.04,N,O,1997-01-26,1997-03-10,1997-02-24,COLLECT COD,TRUCK,final instructions. furious
16386-5,16386,1932,33,5,20.00,36678.60,0.01,0.04,N,O,1997-03-20,1997-03-12,1997-03-26,NONE,REG AIR,uickly idle instructions use alongsi
16386-6,16386,1927,72,6,40.00,73156.80,0.00,0.00,N,O,1996-12-29,1997-01-23,1997-01-22,NONE,SHIP,"unts are quickly unusual, pending instruc"
16386-7,16386,1181,82,7,22.00,23807.96,0.03,0.07,N,O,1997-03-24,1997-01-22,1997-04-16,DELIVER IN PERSON,MAIL, bold requests dete
16387-1,16387,1890,77,1,39.00,69883.71,0.05,0.07,N,O,1998-04-07,1998-05-20,1998-04-20,DELIVER IN PERSON,MAIL,y slyly pending asymptotes. slyly ironic a
16387-2,16387,1511,92,2,1.00,1412.51,0.05,0.04,N,O,1998-04-20,1998-06-05,1998-05-06,DELIVER IN PERSON,REG AIR,ven ideas wake furiously across the 
16388-1,16388,67,18,1,49.00,47385.94,0.02,0.04,N,O,1995-07-31,1995-10-09,1995-08-06,NONE,AIR,"ounts. thin, bold pinto beans wake. blithel"
16388-2,16388,336,21,2,12.00,14835.96,0.07,0.01,N,O,1995-07-30,1995-10-02,1995-08-08,NONE,AIR,ggedly silent asymptotes. sp
16389-1,16389,131,32,1,33.00,34027.29,0.02,0.00,N,O,1996-04-28,1996-07-05,1996-05-03,TAKE BACK RETURN,AIR,te quickly across t
16389-2,16389,1192,1,2,46.00,50286.74,0.08,0.04,N,O,1996-07-13,1996-05-27,1996-08-06,DELIVER IN PERSON,AIR,ly pending packages. sl
16389-3,16389,613,45,3,18.00,27244.98,0.04,0.00,N,O,1996-05-01,1996-06-25,1996-05-23,TAKE BACK RETURN,TRUCK,"ts. final, bold deposits sl"
16390-1,16390,1781,24,1,10.00,16827.80,0.10,0.00,R,F,1992-06-11,1992-05-30,1992-06-20,NONE,TRUCK, accounts cajole fluffily after t
16391-1,16391,186,87,1,20.00,21723.60,0.05,0.04,N,O,1997-04-12,1997-03-24,1997-04-25,TAKE BACK RETURN,TRUCK,ess pinto beans are furiously
16391-2,16391,37,88,2,36.00,33733.08,0.06,0.06,N,O,1997-02-12,1997-03-02,1997-02-15,NONE,MAIL,pendencies nod carefully. slyly special
16391-3,16391,1935,36,3,32.00,58781.76,0.00,0.04,N,O,1997-02-05,1997-03-24,1997-02-16,DELIVER IN PERSON,FOB,ld deposits. quickly bold do
16391-4,16391,1572,93,4,14.00,20629.98,0.01,0.05,N,O,1997-02-27,1997-04-02,1997-03-06,NONE,RAIL,oldly regular frets are
16391-5,16391,1489,7,5,36.00,50057.28,0.08,0.04,N,O,1997-02-17,1997-04-08,1997-02-27,DELIVER IN PERSON,TRUCK,beans. thinl
16391-6,16391,1417,35,6,46.00,60646.86,0.01,0.03,N,O,1997-03-17,1997-04-07,1997-04-09,COLLECT COD,RAIL,ronic pinto b
16416-1,16416,295,50,1,41.00,49006.89,0.10,0.02,N,O,1995-10-29,1995-11-07,1995-11-25,DELIVER IN PERSON,TRUCK,ly along th
16417-1,16417,1840,84,1,30.00,52255.20,0.03,0.02,N,O,1997-03-18,1997-05-01,1997-03-26,DELIVER IN PERSON,MAIL,se carefully furiously re
16417-2,16417,1548,69,2,33.00,47834.82,0.00,0.06,N,O,1997-05-06,1997-05-31,1997-06-03,COLLECT COD,MAIL,r deposits
16417-3,16417,470,71,3,40.00,54818.80,0.07,0.04,N,O,1997-04-21,1997-05-08,1997-05-08,NONE,AIR,y regular instructions. final patte
16417-4,16417,903,4,4,26.00,46901.40,0.08,0.04,N,O,1997-05-18,1997-05-12,1997-06-17,NONE,TRUCK,nal deposits. blithel
16418-1,16418,419,7,1,29.00,38262.89,0.00,0.07,N,O,1996-04-10,1996-05-11,1996-04-15,NONE,TRUCK, pinto bean
16418-2,16418,962,63,2,1.00,1862.96,0.10,0.03,N,O,1996-04-16,1996-04-23,1996-04-20,TAKE BACK RETURN,REG AIR,"deas sleep. silent, final foxes snooze r"
16418-3,16418,27,53,3,46.00,42642.92,0.02,0.06,N,O,1996-05-24,1996-05-03,1996-06-19,COLLECT COD,SHIP,accounts. blithely final deposits h
16418-4,16418,1219,57,4,45.00,50409.45,0.09,0.05,N,O,1996-05-02,1996-04-15,1996-05-11,NONE,AIR,final instruction
16419-1,16419,5,6,1,30.00,27150.00,0.09,0.03,A,F,1994-11-17,1994-10-19,1994-12-17,COLLECT COD,FOB,s. slyly express accounts was fluffi
16419-2,16419,1762,89,2,2.00,3327.52,0.03,0.03,A,F,1994-10-30,1994-10-14,1994-11-28,COLLECT COD,FOB,inally. slyly express packages boos
16419-3,16419,1726,53,3,12.00,19532.64,0.04,0.08,A,F,1994-08-24,1994-10-03,1994-08-29,COLLECT COD,RAIL,"ts. even, idle foxes impress after the"
16420-1,16420,23,74,1,11.00,10153.22,0.09,0.07,N,O,1996-07-02,1996-05-11,1996-07-08,DELIVER IN PERSON,REG AIR,y. carefully regular excuses haggle bli
16420-2,16420,1607,90,2,42.00,63361.20,0.10,0.07,N,O,1996-06-30,1996-07-01,1996-07-07,DELIVER IN PERSON,RAIL,de of the carefully express pinto 
16420-3,16420,467,68,3,19.00,25981.74,0.04,0.07,N,O,1996-05-12,1996-05-26,1996-05-25,TAKE BACK RETURN,TRUCK,quests shall have 
16420-4,16420,384,85,4,14.00,17981.32,0.06,0.04,N,O,1996-05-19,1996-05-19,1996-06-13,COLLECT COD,REG AIR,ts. regular attainments h
16420-5,16420,1054,90,5,47.00,44887.35,0.09,0.02,N,O,1996-05-10,1996-06-28,1996-05-11,DELIVER IN PERSON,RAIL,ccording to the fluffily unusual courts
16421-1,16421,950,53,1,35.00,64783.25,0.03,0.02,N,O,1998-09-14,1998-08-04,1998-09-16,DELIVER IN PERSON,MAIL,s wake deposits. eve
16422-1,16422,1945,90,1,47.00,86806.18,0.03,0.03,N,O,1995-12-09,1995-11-15,1995-12-14,COLLECT COD,SHIP,ing warhorses use deposit
16422-2,16422,1044,80,2,44.00,41581.76,0.04,0.01,N,O,1995-12-10,1995-11-09,1996-01-09,TAKE BACK RETURN,MAIL,ithely furious packages detect across th
16422-3,16422,1859,60,3,27.00,47542.95,0.04,0.02,N,O,1995-12-10,1995-12-05,1995-12-25,COLLECT COD,REG AIR, deposits after the final instructions bo
16422-4,16422,1322,99,4,25.00,30583.00,0.09,0.05,N,O,1995-11-29,1995-11-22,1995-12-07,COLLECT COD,TRUCK,t packages ag
16422-5,16422,1812,13,5,26.00,44559.06,0.08,0.00,N,O,1995-11-01,1995-11-23,1995-11-30,TAKE BACK RETURN,REG AIR, quickly carefully ironic pinto beans. 
16423-1,16423,267,49,1,15.00,17508.90,0.05,0.05,A,F,1992-09-04,1992-09-12,1992-09-10,TAKE BACK RETURN,AIR, to the final theod
16423-2,16423,1103,40,2,25.00,25102.50,0.05,0.03,A,F,1992-11-20,1992-10-30,1992-12-04,TAKE BACK RETURN,FOB, wake carefully along the furiously 
16423-3,16423,1862,92,3,1.00,1763.86,0.10,0.08,R,F,1992-09-17,1992-10-01,1992-09-22,DELIVER IN PERSON,REG AIR,y ironic theodolites to 
16423-4,16423,502,3,4,45.00,63112.50,0.04,0.02,R,F,1992-09-21,1992-09-26,1992-10-02,COLLECT COD,FOB,st the carefully fluffy accounts boost
16448-1,16448,552,13,1,16.00,23240.80,0.05,0.07,R,F,1992-08-17,1992-07-17,1992-08-26,TAKE BACK RETURN,MAIL, quickly unusual 
16448-2,16448,1994,83,2,40.00,75839.60,0.03,0.07,A,F,1992-06-23,1992-07-26,1992-07-02,NONE,RAIL,structions are slyly. carefully final
16448-3,16448,558,89,3,20.00,29171.00,0.06,0.07,R,F,1992-08-22,1992-07-05,1992-08-25,COLLECT COD,RAIL, express foxes. finally
16449-1,16449,269,51,1,31.00,36247.06,0.02,0.06,A,F,1994-01-07,1994-01-15,1994-02-03,NONE,REG AIR,. blithely final foxes among the 
16449-2,16449,1126,27,2,10.00,10271.20,0.01,0.06,A,F,1994-03-07,1994-01-16,1994-03-25,COLLECT COD,AIR,furiously fluffy fo
16449-3,16449,849,50,3,45.00,78742.80,0.00,0.03,A,F,1994-03-03,1993-12-28,1994-03-19,DELIVER IN PERSON,AIR, dependencies eat fu
16449-4,16449,1896,83,4,26.00,46745.14,0.08,0.07,A,F,1994-01-08,1994-01-06,1994-01-15,NONE,RAIL,blithely unusual deposits use! finally r
16450-1,16450,838,72,1,29.00,50426.07,0.07,0.05,N,O,1995-06-27,1995-06-21,1995-06-28,COLLECT COD,SHIP,nic excuses maintain furio
16450-2,16450,1001,37,2,29.00,26158.00,0.04,0.07,N,O,1995-08-11,1995-07-16,1995-09-02,COLLECT COD,TRUCK,al asymptotes. slyly final pinto beans ha
16450-3,16450,1206,44,3,16.00,17715.20,0.07,0.00,N,O,1995-09-06,1995-07-09,1995-09-11,NONE,MAIL,the quickl
16450-4,16450,741,74,4,50.00,82087.00,0.02,0.07,N,O,1995-07-06,1995-08-14,1995-07-25,TAKE BACK RETURN,RAIL,uffy deposits: foxes wake quickl
16450-5,16450,1864,94,5,5.00,8829.30,0.08,0.04,N,O,1995-08-25,1995-07-08,1995-09-14,COLLECT COD,TRUCK,ctions. depe
16450-6,16450,1141,42,6,5.00,5210.70,0.04,0.07,N,O,1995-08-01,1995-06-16,1995-08-27,DELIVER IN PERSON,MAIL,through the furiously even foxes. slyly fi
16451-1,16451,659,91,1,3.00,4678.95,0.07,0.04,A,F,1994-07-24,1994-09-20,1994-08-06,DELIVER IN PERSON,FOB,uickly final accounts. ironic excuses hag
16451-2,16451,1790,17,2,5.00,8458.95,0.01,0.08,R,F,1994-07-26,1994-09-20,1994-08-20,COLLECT COD,AIR,g to the even packages hang bold fox
16451-3,16451,450,9,3,33.00,44564.85,0.06,0.05,A,F,1994-08-03,1994-08-27,1994-09-02,NONE,MAIL,ests are blithely furiously
16451-4,16451,1000,1,4,48.00,43248.00,0.04,0.06,R,F,1994-07-26,1994-10-05,1994-08-17,DELIVER IN PERSON,AIR,ideas. doggedly bold pearls believe slyly 
16451-5,16451,317,74,5,34.00,41388.54,0.04,0.04,R,F,1994-09-27,1994-09-17,1994-10-06,NONE,REG AIR,pinto beans slee
16452-1,16452,1412,91,1,18.00,23641.38,0.01,0.01,A,F,1992-08-25,1992-11-18,1992-09-02,TAKE BACK RETURN,RAIL,accounts cajole. express ideas nag
16452-2,16452,1181,54,2,50.00,54109.00,0.09,0.03,A,F,1992-09-22,1992-10-22,1992-10-11,DELIVER IN PERSON,SHIP,s the unusual pa
16452-3,16452,198,77,3,23.00,25258.37,0.03,0.08,A,F,1992-12-08,1992-10-08,1992-12-11,TAKE BACK RETURN,REG AIR, dazzle slyly enticing plat
16452-4,16452,1757,100,4,22.00,36492.50,0.05,0.05,A,F,1992-10-13,1992-10-20,1992-10-22,NONE,RAIL,nts. closely regular ideas m
16452-5,16452,1496,75,5,1.00,1397.49,0.06,0.00,R,F,1992-12-04,1992-10-03,1992-12-22,TAKE BACK RETURN,TRUCK,foxes. fluffily express accounts haggle bli
16453-1,16453,76,2,1,33.00,32210.31,0.07,0.06,A,F,1993-12-24,1993-12-23,1993-12-29,NONE,FOB, carefully
16453-2,16453,1861,62,2,45.00,79328.70,0.02,0.06,A,F,1993-12-19,1994-01-29,1994-01-15,COLLECT COD,REG AIR, dugouts. even theodolites 
16453-3,16453,1102,39,3,28.00,28086.80,0.08,0.00,A,F,1994-02-27,1994-01-16,1994-03-09,COLLECT COD,RAIL,", regular deposits. furiously brave acco"
16453-4,16453,1314,91,4,34.00,41320.54,0.08,0.00,A,F,1994-01-14,1993-12-26,1994-02-10,DELIVER IN PERSON,TRUCK,uffily special theodolit
16453-5,16453,604,67,5,40.00,60184.00,0.06,0.01,R,F,1994-01-10,1994-02-14,1994-02-09,DELIVER IN PERSON,RAIL,"ndencies. final, ironic accounts cajole bol"
16453-6,16453,1446,86,6,25.00,33686.00,0.03,0.07,A,F,1993-12-28,1994-02-10,1994-01-12,TAKE BACK RETURN,AIR,"press, careful re"
16453-7,16453,1413,31,7,37.00,48633.17,0.03,0.04,A,F,1994-01-13,1994-01-03,1994-01-27,NONE,TRUCK,final ideas. slyly ironic deposits along
16454-1,16454,726,59,1,25.00,40668.00,0.07,0.04,A,F,1992-05-20,1992-07-30,1992-05-31,DELIVER IN PERSON,FOB,theodolites boost across the fu
16454-2,16454,1885,72,2,14.00,25016.32,0.09,0.03,A,F,1992-08-28,1992-07-26,1992-09-20,TAKE BACK RETURN,MAIL,aggle blithely do
16454-3,16454,529,30,3,32.00,45744.64,0.07,0.01,R,F,1992-05-28,1992-06-24,1992-06-04,COLLECT COD,SHIP,y bold excuses wake atop the furiously 
16454-4,16454,726,59,4,47.00,76455.84,0.01,0.06,A,F,1992-06-04,1992-07-28,1992-06-15,COLLECT COD,AIR, unusual courts kindle. unus
16454-5,16454,1044,50,5,11.00,10395.44,0.01,0.00,R,F,1992-08-22,1992-08-07,1992-09-08,TAKE BACK RETURN,FOB,s the regular instructions. ironi
16454-6,16454,1181,54,6,45.00,48698.10,0.05,0.03,A,F,1992-07-24,1992-06-17,1992-08-07,DELIVER IN PERSON,FOB,ly among the slyly ironic ideas. carefu
16455-1,16455,938,41,1,42.00,77235.06,0.10,0.04,A,F,1992-03-25,1992-05-26,1992-03-31,COLLECT COD,SHIP,"l, ironic accounts; instructions"
16480-1,16480,588,19,1,47.00,69963.26,0.10,0.04,A,F,1995-02-02,1995-01-08,1995-03-01,COLLECT COD,FOB,"ular accounts nag thin deposits. pending, i"
16480-2,16480,357,42,2,24.00,30176.40,0.02,0.06,A,F,1994-12-27,1995-03-03,1995-01-08,NONE,AIR, quickly ev
16480-3,16480,163,90,3,14.00,14884.24,0.01,0.08,R,F,1995-01-10,1995-02-28,1995-01-22,COLLECT COD,MAIL,es breach furiousl
16480-4,16480,1863,93,4,32.00,56475.52,0.02,0.06,R,F,1995-02-23,1995-01-26,1995-02-28,COLLECT COD,AIR,nts. furio
16480-5,16480,1987,76,5,2.00,3777.96,0.00,0.05,A,F,1995-01-22,1995-02-02,1995-02-05,COLLECT COD,FOB,carefully blit
16480-6,16480,1766,51,6,40.00,66710.40,0.06,0.07,A,F,1994-12-15,1995-02-22,1994-12-20,COLLECT COD,AIR,sits sleep slyly. packages are ca
16480-7,16480,176,3,7,47.00,50579.99,0.09,0.04,R,F,1995-03-21,1995-01-30,1995-04-11,DELIVER IN PERSON,TRUCK,riously regular packages wake carefull
16481-1,16481,100,26,1,6.00,6000.60,0.09,0.06,R,F,1995-05-14,1995-04-02,1995-06-09,TAKE BACK RETURN,FOB,ependencies. pending accounts believe f
16481-2,16481,680,43,2,44.00,69549.92,0.04,0.08,A,F,1995-06-05,1995-03-28,1995-06-06,DELIVER IN PERSON,REG AIR,o beans. fluf
16482-1,16482,1038,44,1,28.00,26292.84,0.07,0.01,R,F,1992-07-28,1992-06-16,1992-08-12,NONE,TRUCK, unusual theodol
16483-1,16483,1921,66,1,19.00,34635.48,0.00,0.03,N,O,1997-02-18,1996-12-12,1997-03-08,DELIVER IN PERSON,TRUCK, requests. c
16483-2,16483,734,35,2,20.00,32694.60,0.01,0.07,N,O,1997-02-04,1997-01-29,1997-03-03,TAKE BACK RETURN,RAIL,"e of the pending, express ideas? "
16484-1,16484,883,17,1,27.00,48164.76,0.00,0.04,N,O,1995-06-29,1995-06-02,1995-07-05,NONE,MAIL,lites. deposi
16485-1,16485,793,58,1,30.00,50813.70,0.04,0.03,N,O,1996-11-24,1996-11-25,1996-11-30,DELIVER IN PERSON,SHIP, express reques
16485-2,16485,1836,37,2,34.00,59086.22,0.03,0.03,N,O,1996-09-16,1996-11-08,1996-09-18,DELIVER IN PERSON,REG AIR,ckly. deposits are slyly blithely thi
16485-3,16485,488,18,3,9.00,12496.32,0.05,0.03,N,O,1996-10-26,1996-11-19,1996-11-22,NONE,TRUCK,yly regular theodolites nag blithe
16486-1,16486,164,65,1,42.00,44694.72,0.02,0.07,A,F,1992-07-16,1992-08-16,1992-08-06,DELIVER IN PERSON,REG AIR,sits. ruthlessly special ide
16487-1,16487,543,34,1,32.00,46193.28,0.07,0.05,N,O,1997-03-02,1997-02-19,1997-03-15,NONE,SHIP,es cajole. regular theodolites sleep slyl
16487-2,16487,1594,35,2,27.00,40380.93,0.01,0.00,N,O,1997-01-28,1997-01-22,1997-02-07,TAKE BACK RETURN,RAIL,luffily ironic theodolites alongside of th
16487-3,16487,1936,81,3,12.00,22055.16,0.07,0.00,N,O,1997-02-05,1997-01-11,1997-02-13,TAKE BACK RETURN,AIR,t the furiously ironic sentiments! blith
16487-4,16487,108,9,4,50.00,50405.00,0.06,0.04,N,O,1996-12-29,1997-01-23,1997-01-23,TAKE BACK RETURN,REG AIR,y. fluffily furious deposits hang blithely
16512-1,16512,1978,67,1,26.00,48879.22,0.00,0.04,R,F,1993-06-21,1993-06-13,1993-07-18,DELIVER IN PERSON,REG AIR,fily regular accounts
16512-2,16512,973,76,2,1.00,1873.97,0.05,0.01,R,F,1993-06-11,1993-06-23,1993-06-26,COLLECT COD,FOB,xes! slyly ironic requ
16512-3,16512,664,96,3,1.00,1564.66,0.00,0.05,R,F,1993-08-15,1993-05-25,1993-08-26,DELIVER IN PERSON,REG AIR,ing to the
16513-1,16513,1228,40,1,31.00,35005.82,0.00,0.07,R,F,1993-10-24,1993-11-20,1993-11-09,DELIVER IN PERSON,RAIL,ronic inst
16513-2,16513,1210,85,2,30.00,33336.30,0.08,0.00,R,F,1993-12-22,1993-11-26,1994-01-10,COLLECT COD,FOB,ular ideas across the qui
16513-3,16513,1786,29,3,18.00,30380.04,0.08,0.01,A,F,1993-12-19,1993-10-21,1994-01-18,DELIVER IN PERSON,AIR,foxes. furiously
16514-1,16514,164,91,1,30.00,31924.80,0.08,0.01,N,O,1997-06-10,1997-07-03,1997-06-24,DELIVER IN PERSON,SHIP,iously regular foxes nag sl
16514-2,16514,774,7,2,22.00,36844.94,0.10,0.05,N,O,1997-07-29,1997-06-17,1997-08-03,TAKE BACK RETURN,MAIL,"oss the final, unusu"
16514-3,16514,1606,48,3,47.00,70857.20,0.07,0.01,N,O,1997-06-30,1997-08-05,1997-07-16,NONE,REG AIR,t the unusual exc
16514-4,16514,1679,80,4,18.00,28452.06,0.06,0.03,N,O,1997-05-10,1997-07-24,1997-05-15,COLLECT COD,MAIL,symptotes. quickly ironi
16514-5,16514,1077,78,5,37.00,36188.59,0.05,0.02,N,O,1997-07-01,1997-07-14,1997-07-17,TAKE BACK RETURN,FOB,regular packag
16515-1,16515,233,61,1,44.00,49862.12,0.04,0.03,N,O,1996-02-24,1996-02-29,1996-03-24,NONE,MAIL,deas? ironic packages sleep
16515-2,16515,483,13,2,35.00,48421.80,0.06,0.04,N,O,1996-04-03,1996-02-29,1996-04-16,DELIVER IN PERSON,TRUCK,ructions are quickly iron
16515-3,16515,45,21,3,26.00,24571.04,0.09,0.03,N,O,1996-03-01,1996-03-23,1996-03-23,NONE,REG AIR,theodolites. pearls haggle fu
16515-4,16515,832,32,4,45.00,77977.35,0.08,0.03,N,O,1996-04-02,1996-03-21,1996-04-10,COLLECT COD,FOB,ly busy depo
16515-5,16515,730,31,5,33.00,53814.09,0.00,0.08,N,O,1996-04-29,1996-03-06,1996-05-18,COLLECT COD,SHIP,quick warthogs across the carefully pending
16516-1,16516,1645,69,1,44.00,68052.16,0.09,0.07,N,O,1998-01-12,1997-12-06,1998-01-13,NONE,MAIL,yly. special 
16516-2,16516,57,33,2,39.00,37324.95,0.01,0.05,N,O,1997-12-28,1998-01-31,1998-01-11,COLLECT COD,SHIP,"e furiously regular packages. enticing, b"
16516-3,16516,569,30,3,37.00,54373.72,0.03,0.05,N,O,1998-02-24,1997-12-07,1998-03-17,DELIVER IN PERSON,AIR,ages. final dep
16517-1,16517,332,61,1,29.00,35737.57,0.05,0.08,R,F,1995-01-24,1994-11-26,1995-01-30,DELIVER IN PERSON,SHIP,egular theodolites are silently
16517-2,16517,311,68,2,26.00,31494.06,0.00,0.01,A,F,1994-12-19,1994-12-22,1995-01-01,NONE,FOB,y dogged dependenci
16518-1,16518,284,12,1,42.00,49739.76,0.02,0.03,R,F,1992-12-24,1992-11-03,1993-01-10,NONE,RAIL,. even dol
16518-2,16518,1314,29,2,46.00,55904.26,0.08,0.06,R,F,1992-10-28,1992-11-17,1992-11-06,DELIVER IN PERSON,REG AIR,ven asymptotes. theodo
16519-1,16519,660,54,1,22.00,34334.52,0.00,0.03,N,O,1995-09-07,1995-08-14,1995-09-21,COLLECT COD,RAIL,ithely furiously unusual instructions. r
16519-2,16519,373,74,2,22.00,28014.14,0.04,0.07,N,O,1995-06-20,1995-09-01,1995-07-06,DELIVER IN PERSON,TRUCK, of the blithely regular theod
16519-3,16519,1863,64,3,50.00,88243.00,0.05,0.01,N,O,1995-08-20,1995-08-17,1995-09-04,TAKE BACK RETURN,REG AIR,oss the slyly s
16544-1,16544,1122,95,1,50.00,51156.00,0.03,0.04,N,O,1998-04-22,1998-04-04,1998-05-06,DELIVER IN PERSON,AIR,"d theodolites! bold, even accou"
16544-2,16544,498,57,2,36.00,50345.64,0.07,0.06,N,O,1998-03-16,1998-04-28,1998-04-01,NONE,TRUCK,d pinto beans. excuses i
16544-3,16544,18,44,3,19.00,17442.19,0.10,0.05,N,O,1998-04-07,1998-04-14,1998-05-04,DELIVER IN PERSON,FOB,es beneath the caref
16544-4,16544,1490,8,4,47.00,65400.03,0.07,0.07,N,O,1998-04-03,1998-05-08,1998-04-07,TAKE BACK RETURN,FOB,l requests wake slyly special theodolites.
16544-5,16544,1832,76,5,23.00,39878.09,0.04,0.02,N,O,1998-04-10,1998-05-08,1998-04-29,TAKE BACK RETURN,TRUCK,special dependencies. ironic a
16544-6,16544,293,94,6,5.00,5966.45,0.04,0.07,N,O,1998-03-07,1998-04-01,1998-03-09,COLLECT COD,REG AIR,r requests above th
16545-1,16545,537,98,1,17.00,24438.01,0.03,0.00,R,F,1993-07-22,1993-06-17,1993-07-30,DELIVER IN PERSON,FOB,pendencies. slyly regular theodolites hagg
16545-2,16545,1867,11,2,13.00,22995.18,0.02,0.00,A,F,1993-07-09,1993-08-01,1993-07-30,COLLECT COD,SHIP,egular patterns. carefully
16545-3,16545,314,15,3,7.00,8500.17,0.06,0.07,A,F,1993-07-05,1993-07-11,1993-07-30,NONE,TRUCK,s boost slyly along the even foxes. 
16545-4,16545,1753,96,4,4.00,6619.00,0.03,0.04,A,F,1993-08-17,1993-07-10,1993-08-20,COLLECT COD,MAIL,ual excuses. slyly expres
16545-5,16545,1821,65,5,27.00,46516.14,0.03,0.07,R,F,1993-08-06,1993-07-11,1993-08-13,TAKE BACK RETURN,AIR,ays. carefully unu
16545-6,16545,1253,54,6,15.00,17313.75,0.08,0.04,A,F,1993-05-29,1993-06-12,1993-06-13,DELIVER IN PERSON,REG AIR,ingly above the pinto beans. idle accoun
16545-7,16545,437,38,7,35.00,46810.05,0.09,0.08,R,F,1993-05-20,1993-07-12,1993-06-01,TAKE BACK RETURN,SHIP,ly unusual accounts doze quietly re
16546-1,16546,1351,52,1,7.00,8766.45,0.04,0.04,R,F,1992-09-25,1992-08-21,1992-10-19,NONE,FOB,fully about the fluffily ir
16547-1,16547,1510,91,1,33.00,46579.83,0.08,0.05,R,F,1994-04-14,1994-03-25,1994-04-20,NONE,MAIL,"final, ironic pearls. blithe"
16547-2,16547,127,6,2,30.00,30813.60,0.06,0.07,A,F,1994-06-03,1994-04-17,1994-06-27,DELIVER IN PERSON,SHIP, accounts haggle quickly special 
16547-3,16547,1930,19,3,40.00,73277.20,0.02,0.05,A,F,1994-06-17,1994-03-24,1994-07-05,TAKE BACK RETURN,FOB,inal requests. regul
16547-4,16547,1613,37,4,5.00,7573.05,0.01,0.04,A,F,1994-05-14,1994-03-29,1994-05-15,DELIVER IN PERSON,AIR,"ymptotes around the pending, regular a"
16547-5,16547,1448,27,5,14.00,18892.16,0.09,0.03,R,F,1994-02-25,1994-04-28,1994-03-16,NONE,SHIP,the carefully special 
16547-6,16547,1437,16,6,41.00,54875.63,0.05,0.01,A,F,1994-03-04,1994-04-12,1994-03-13,COLLECT COD,FOB, unusual packages
16547-7,16547,601,95,7,6.00,9009.60,0.02,0.00,R,F,1994-02-25,1994-04-18,1994-03-01,TAKE BACK RETURN,AIR,nic accounts are furiously furiously
16548-1,16548,1635,77,1,36.00,55318.68,0.04,0.06,R,F,1992-05-17,1992-04-07,1992-06-02,TAKE BACK RETURN,REG AIR,nis. packages use blithe
16548-2,16548,444,3,2,18.00,24199.92,0.03,0.08,A,F,1992-04-25,1992-03-13,1992-05-04,TAKE BACK RETURN,TRUCK,riously express frays boost entici
16548-3,16548,1950,39,3,19.00,35187.05,0.09,0.03,R,F,1992-03-14,1992-03-29,1992-03-15,TAKE BACK RETURN,RAIL,ess deposits. silent
16548-4,16548,1503,4,4,31.00,43539.50,0.06,0.08,A,F,1992-06-05,1992-05-04,1992-07-05,DELIVER IN PERSON,RAIL,ven requests boost furiously. even request
16549-1,16549,1845,89,1,15.00,26202.60,0.07,0.02,N,O,1997-08-27,1997-08-16,1997-09-04,COLLECT COD,REG AIR,rouches are quickly. blithely final
16550-1,16550,235,36,1,40.00,45409.20,0.09,0.00,N,O,1996-12-02,1996-09-21,1996-12-18,NONE,REG AIR,quickly slyly even request
16550-2,16550,80,56,2,40.00,39203.20,0.08,0.06,N,O,1996-09-16,1996-09-19,1996-09-26,DELIVER IN PERSON,MAIL, above the instructions. fur
16550-3,16550,984,85,3,31.00,58434.38,0.09,0.05,N,O,1996-09-07,1996-10-28,1996-09-23,COLLECT COD,AIR,accounts would use blithely i
16550-4,16550,993,94,4,48.00,90911.52,0.05,0.00,N,O,1996-11-25,1996-10-17,1996-12-12,TAKE BACK RETURN,FOB,s. blithely final accounts cajole quickly
16550-5,16550,1118,19,5,3.00,3057.33,0.05,0.02,N,O,1996-10-14,1996-11-05,1996-10-15,TAKE BACK RETURN,FOB,uickly unusual dolphins cajol
16550-6,16550,558,19,6,6.00,8751.30,0.09,0.08,N,O,1996-11-09,1996-09-16,1996-11-29,DELIVER IN PERSON,MAIL,ular asymptotes are against the slyly
16551-1,16551,947,48,1,45.00,83157.30,0.05,0.03,A,F,1992-12-24,1993-02-18,1993-01-08,NONE,SHIP,"ending, final pa"
16551-2,16551,1041,42,2,43.00,40507.72,0.10,0.07,R,F,1993-03-18,1993-01-04,1993-03-31,TAKE BACK RETURN,AIR,uriously bold grouches sleep ca
16551-3,16551,357,86,3,32.00,40235.20,0.10,0.02,A,F,1993-01-25,1993-02-16,1993-01-29,TAKE BACK RETURN,TRUCK,ide of the deposits.
16551-4,16551,1401,19,4,11.00,14326.40,0.00,0.05,A,F,1993-03-06,1993-02-17,1993-03-27,DELIVER IN PERSON,MAIL,yly ironic depths. slyly special fo
16551-5,16551,1344,59,5,27.00,33624.18,0.08,0.08,R,F,1993-01-18,1993-02-03,1993-01-23,NONE,MAIL,lithely above the caref
16576-1,16576,1958,91,1,8.00,14879.60,0.06,0.02,N,O,1997-01-03,1997-02-04,1997-01-08,COLLECT COD,AIR,g blithely.
16576-2,16576,234,89,2,44.00,49906.12,0.04,0.08,N,O,1997-02-28,1997-01-31,1997-03-22,DELIVER IN PERSON,FOB,ajole about the blithely express dependenci
16576-3,16576,416,17,3,27.00,35543.07,0.08,0.03,N,O,1996-12-08,1996-12-22,1996-12-31,TAKE BACK RETURN,AIR,fully final theodolite
16576-4,16576,782,15,4,25.00,42069.50,0.05,0.03,N,O,1996-11-14,1996-12-10,1996-12-13,COLLECT COD,FOB,ss instructions cajole quickly abo
16577-1,16577,1805,92,1,36.00,61444.80,0.00,0.07,N,O,1997-05-27,1997-04-15,1997-05-30,NONE,RAIL,nding requests. ca
16577-2,16577,252,53,2,43.00,49546.75,0.05,0.03,N,O,1997-04-16,1997-04-14,1997-04-18,NONE,SHIP,requests haggle slyly after 
16577-3,16577,116,17,3,23.00,23370.53,0.08,0.08,N,O,1997-05-15,1997-03-17,1997-05-31,NONE,RAIL,lar dependencies mus
16577-4,16577,1434,52,4,46.00,61429.78,0.01,0.07,N,O,1997-05-06,1997-03-24,1997-05-19,NONE,TRUCK,y pending requests. pending req
16577-5,16577,1260,72,5,13.00,15096.38,0.07,0.02,N,O,1997-03-22,1997-04-11,1997-04-04,TAKE BACK RETURN,AIR, even requests might are carefully iron
16578-1,16578,1292,93,1,22.00,26252.38,0.00,0.07,N,O,1996-01-11,1996-01-14,1996-01-24,DELIVER IN PERSON,FOB,beans cajole f
16578-2,16578,161,88,2,19.00,20162.04,0.05,0.00,N,O,1996-01-27,1996-01-15,1996-02-09,COLLECT COD,TRUCK,usual requests. decoys 
16578-3,16578,300,82,3,46.00,55213.80,0.05,0.08,N,O,1995-12-27,1995-12-07,1996-01-23,DELIVER IN PERSON,REG AIR,s haggle blithely sheaves. blithe
16578-4,16578,439,98,4,31.00,41522.33,0.10,0.02,N,O,1995-11-04,1996-01-15,1995-11-16,NONE,TRUCK,en courts thrash. furiously
16578-5,16578,1586,27,5,4.00,5950.32,0.07,0.08,N,O,1995-12-29,1995-12-11,1995-12-31,COLLECT COD,AIR,furiously express packag
16579-1,16579,1768,53,1,29.00,48423.04,0.09,0.03,A,F,1994-01-02,1994-01-12,1994-01-03,DELIVER IN PERSON,REG AIR,lly furiously even excuses
16579-2,16579,1181,18,2,13.00,14068.34,0.07,0.05,R,F,1994-01-25,1994-02-04,1994-02-01,DELIVER IN PERSON,RAIL,s cajole. blithely regular deposits hagg
16579-3,16579,1996,85,3,34.00,64531.66,0.02,0.00,R,F,1994-04-10,1994-02-15,1994-04-20,NONE,RAIL,instructions. unusual theodolit
16580-1,16580,1006,77,1,11.00,9977.00,0.04,0.08,R,F,1992-03-10,1992-03-13,1992-04-08,COLLECT COD,AIR,r packages. carefu
16580-2,16580,1648,72,2,46.00,71283.44,0.10,0.00,A,F,1992-03-07,1992-04-24,1992-04-03,COLLECT COD,RAIL,foxes. thinly even p
16580-3,16580,904,73,3,36.00,64976.40,0.10,0.01,A,F,1992-05-08,1992-04-22,1992-05-31,COLLECT COD,FOB,c platelets
16580-4,16580,1603,86,4,45.00,67707.00,0.03,0.07,R,F,1992-04-28,1992-04-16,1992-05-01,TAKE BACK RETURN,FOB,s wake among the blith
16580-5,16580,1378,17,5,33.00,42219.21,0.08,0.06,A,F,1992-06-04,1992-04-16,1992-07-03,NONE,REG AIR,eas. quickly ironic pa
16580-6,16580,515,16,6,25.00,35387.75,0.09,0.08,A,F,1992-04-18,1992-03-15,1992-05-17,COLLECT COD,TRUCK, boost blithely qui
16581-1,16581,939,42,1,7.00,12879.51,0.02,0.06,N,O,1997-09-26,1997-10-04,1997-10-21,COLLECT COD,MAIL, silent requests. realms boost carefully a
16581-2,16581,458,88,2,38.00,51621.10,0.01,0.06,N,O,1997-09-09,1997-10-01,1997-10-02,DELIVER IN PERSON,AIR,ges. blithely even somas sleep against the 
16582-1,16582,51,77,1,27.00,25678.35,0.05,0.00,N,O,1995-10-14,1995-11-05,1995-11-06,DELIVER IN PERSON,MAIL,ithely fina
16582-2,16582,1457,75,2,7.00,9509.15,0.06,0.00,N,O,1996-01-03,1995-11-03,1996-01-22,COLLECT COD,SHIP,ions wake slyly. slyly final s
16582-3,16582,551,12,3,21.00,30482.55,0.01,0.02,N,O,1995-11-21,1995-12-04,1995-12-14,NONE,FOB,"eas. ironic, unusual realms wake fluffily "
16582-4,16582,922,23,4,29.00,52864.68,0.09,0.04,N,O,1995-12-02,1995-11-04,1995-12-13,NONE,TRUCK,as. furiously busy
16583-1,16583,127,6,1,4.00,4108.48,0.09,0.00,N,O,1998-02-08,1997-12-26,1998-02-18,NONE,MAIL,al ideas. furiously 
16583-2,16583,1939,84,2,36.00,66273.48,0.06,0.00,N,O,1998-01-19,1998-01-23,1998-01-27,NONE,RAIL,lar asymptotes cajol
16583-3,16583,1832,76,3,16.00,27741.28,0.04,0.01,N,O,1997-11-26,1997-11-29,1997-12-09,DELIVER IN PERSON,REG AIR, cajole fluffily furiously stealthy ideas.
16583-4,16583,1332,47,4,34.00,41933.22,0.04,0.08,N,O,1998-01-08,1998-01-26,1998-02-03,DELIVER IN PERSON,TRUCK, above the brave req
16583-5,16583,1059,65,5,22.00,21121.10,0.10,0.03,N,O,1998-02-03,1997-12-12,1998-02-05,TAKE BACK RETURN,MAIL,he slyly regular 
16608-1,16608,1694,95,1,30.00,47870.70,0.06,0.04,N,O,1996-10-27,1996-11-22,1996-11-12,TAKE BACK RETURN,RAIL,arefully special packages ca
16608-2,16608,879,13,2,31.00,55175.97,0.10,0.06,N,O,1996-11-15,1996-11-13,1996-11-19,DELIVER IN PERSON,REG AIR,ickly ironic deposits. busily r
16608-3,16608,1025,26,3,23.00,21298.46,0.01,0.06,N,O,1996-11-21,1996-11-12,1996-11-28,NONE,REG AIR,ecial packages. 
16608-4,16608,739,36,4,19.00,31154.87,0.00,0.01,N,O,1996-12-24,1996-12-14,1997-01-01,TAKE BACK RETURN,SHIP,foxes are above
16608-5,16608,914,15,5,31.00,56262.21,0.04,0.03,N,O,1996-11-12,1996-11-15,1996-12-08,COLLECT COD,FOB, quickly bold platelets wake quickly. caref
16608-6,16608,672,4,6,39.00,61334.13,0.05,0.06,N,O,1996-10-03,1996-12-28,1996-10-28,TAKE BACK RETURN,FOB,sits haggle slyly. blithely slow dinos w
16608-7,16608,1923,68,7,1.00,1824.92,0.02,0.00,N,O,1996-11-16,1996-12-15,1996-11-25,DELIVER IN PERSON,SHIP, slyly regular ideas wake. stealthy 
16609-1,16609,39,65,1,49.00,46012.47,0.09,0.07,N,O,1997-02-27,1997-01-19,1997-03-20,DELIVER IN PERSON,TRUCK,ding to the accounts-- quickly ev
16609-2,16609,1837,67,2,15.00,26082.45,0.03,0.06,N,O,1997-03-29,1997-01-08,1997-04-15,DELIVER IN PERSON,SHIP,the blithely even theodolites. quickly r
16609-3,16609,564,95,3,29.00,42472.24,0.00,0.06,N,O,1997-02-25,1997-02-04,1997-03-21,COLLECT COD,MAIL,e asymptotes. quickly regular 
16609-4,16609,764,29,4,22.00,36624.72,0.05,0.01,N,O,1997-02-18,1997-03-07,1997-03-16,NONE,REG AIR,tes haggle 
16609-5,16609,1599,100,5,4.00,6002.36,0.04,0.03,N,O,1996-12-25,1997-03-07,1997-01-05,DELIVER IN PERSON,RAIL,"usly ironic deposits. regular, u"
16609-6,16609,393,78,6,6.00,7760.34,0.01,0.06,N,O,1997-03-01,1997-03-01,1997-03-31,TAKE BACK RETURN,FOB,urts are about the bold requests. 
16610-1,16610,789,54,1,42.00,70970.76,0.00,0.05,R,F,1995-01-03,1994-11-11,1995-01-22,TAKE BACK RETURN,MAIL,as. slyly unusual accounts
16610-2,16610,1787,72,2,6.00,10132.68,0.03,0.02,A,F,1994-11-17,1994-12-22,1994-11-30,NONE,SHIP,after the furiously
16610-3,16610,675,69,3,43.00,67753.81,0.10,0.06,R,F,1994-11-04,1994-12-27,1994-12-02,NONE,SHIP,endencies along the accounts haggle final w
16610-4,16610,1869,70,4,28.00,49584.08,0.02,0.08,A,F,1994-11-19,1994-12-26,1994-12-03,TAKE BACK RETURN,REG AIR,counts. care
16610-5,16610,1803,90,5,5.00,8524.00,0.04,0.04,R,F,1995-01-14,1994-11-18,1995-01-21,TAKE BACK RETURN,TRUCK," unusual, regular packages. qu"
16611-1,16611,258,13,1,50.00,57912.50,0.04,0.06,N,O,1996-01-21,1996-01-08,1996-02-12,NONE,FOB,hlessly unus
16611-2,16611,766,67,2,10.00,16667.60,0.10,0.00,N,O,1996-01-18,1996-01-15,1996-02-16,NONE,SHIP, furiously final
16611-3,16611,49,100,3,46.00,43655.84,0.01,0.08,N,O,1996-01-19,1996-01-06,1996-02-08,TAKE BACK RETURN,REG AIR,es nag carefu
16611-4,16611,28,54,4,19.00,17632.38,0.06,0.05,N,O,1995-12-18,1996-01-09,1996-01-17,COLLECT COD,SHIP,y pending packages. 
16611-5,16611,1197,6,5,13.00,14276.47,0.05,0.00,N,O,1996-01-26,1996-01-21,1996-02-03,DELIVER IN PERSON,REG AIR,tes integrate quickly 
16611-6,16611,1909,98,6,42.00,76057.80,0.03,0.03,N,O,1995-11-16,1996-01-01,1995-12-13,DELIVER IN PERSON,TRUCK, even packages en
16611-7,16611,1868,55,7,32.00,56635.52,0.07,0.08,N,O,1995-10-29,1995-12-06,1995-11-20,NONE,TRUCK,"furiously final dependencies. even,"
16612-1,16612,679,11,1,27.00,42651.09,0.03,0.07,R,F,1994-03-22,1994-04-23,1994-04-02,TAKE BACK RETURN,TRUCK,old requests dazzle carefully bli
16612-2,16612,942,11,2,35.00,64502.90,0.05,0.01,A,F,1994-06-10,1994-04-09,1994-07-02,COLLECT COD,REG AIR,press deposits sleep. regul
16612-3,16612,457,58,3,44.00,59727.80,0.00,0.08,R,F,1994-04-26,1994-04-16,1994-05-13,DELIVER IN PERSON,TRUCK,equests are bl
16612-4,16612,1074,10,4,35.00,34127.45,0.08,0.01,R,F,1994-06-14,1994-03-27,1994-06-21,NONE,RAIL,ccounts. furiously expre
16613-1,16613,1587,88,1,34.00,50611.72,0.06,0.02,A,F,1994-01-03,1994-03-21,1994-01-20,DELIVER IN PERSON,RAIL,y pending sheaves affix
16613-2,16613,100,1,2,45.00,45004.50,0.00,0.08,A,F,1994-02-07,1994-03-08,1994-02-20,COLLECT COD,SHIP,y express ideas. blith
16613-3,16613,1838,25,3,29.00,50455.07,0.08,0.08,R,F,1994-01-07,1994-03-23,1994-01-29,TAKE BACK RETURN,SHIP,according to the slyly bold packa
16613-4,16613,197,24,4,10.00,10971.90,0.01,0.08,A,F,1994-01-14,1994-03-11,1994-01-29,NONE,TRUCK,ts cajole slyly regular deposits-- caref
16613-5,16613,589,90,5,27.00,40218.66,0.06,0.03,A,F,1994-03-29,1994-03-10,1994-04-09,TAKE BACK RETURN,SHIP,ly even pinto beans wake above 
16613-6,16613,375,60,6,30.00,38261.10,0.00,0.02,R,F,1993-12-29,1994-02-07,1993-12-31,DELIVER IN PERSON,AIR,wake slyly furiously pending instructions. 
16614-1,16614,1403,21,1,35.00,45654.00,0.02,0.00,N,O,1998-01-06,1997-11-03,1998-02-02,COLLECT COD,SHIP,"as cajole slyly bold, regula"
16614-2,16614,674,68,2,29.00,45665.43,0.00,0.05,N,O,1997-11-02,1997-10-20,1997-11-18,NONE,FOB,uests haggle 
16614-3,16614,196,75,3,44.00,48232.36,0.10,0.04,N,O,1997-10-01,1997-11-20,1997-10-25,COLLECT COD,SHIP,l ideas. carefully final 
16614-4,16614,1550,71,4,12.00,17418.60,0.06,0.03,N,O,1997-10-29,1997-10-19,1997-11-26,NONE,MAIL,le furiously across the caref
16615-1,16615,1505,46,1,35.00,49227.50,0.08,0.06,N,O,1997-05-26,1997-05-18,1997-06-23,DELIVER IN PERSON,RAIL,heodolites. slyly quick deposi
16615-2,16615,1198,7,2,14.00,15388.66,0.03,0.06,N,O,1997-05-04,1997-05-21,1997-05-13,TAKE BACK RETURN,FOB,olites sleep furiou
16615-3,16615,725,90,3,19.00,30888.68,0.06,0.03,N,O,1997-04-08,1997-05-08,1997-04-27,NONE,TRUCK,yly ironic ideas. furiously blithe accoun
16615-4,16615,1734,77,4,29.00,47436.17,0.06,0.04,N,O,1997-04-22,1997-06-09,1997-04-24,COLLECT COD,RAIL,the slyly final ideas haggle
16640-1,16640,144,23,1,19.00,19838.66,0.06,0.01,A,F,1993-10-04,1993-10-08,1993-10-09,TAKE BACK RETURN,AIR,l packages. sile
16640-2,16640,1049,20,2,7.00,6650.28,0.06,0.04,R,F,1993-11-01,1993-10-25,1993-12-01,NONE,RAIL,y close asymptotes are. re
16640-3,16640,1705,6,3,39.00,62661.30,0.04,0.03,A,F,1993-10-07,1993-10-22,1993-11-01,NONE,AIR, slyly above the busy s
16640-4,16640,1916,17,4,13.00,23632.83,0.08,0.07,R,F,1993-09-02,1993-10-06,1993-09-17,COLLECT COD,AIR, excuses; qu
16640-5,16640,934,35,5,10.00,18349.30,0.09,0.01,A,F,1993-10-06,1993-08-28,1993-10-10,NONE,AIR,g to the furiously pending theo
16641-1,16641,845,79,1,39.00,68087.76,0.05,0.06,A,F,1993-06-30,1993-07-17,1993-07-11,DELIVER IN PERSON,MAIL,ites print slyly ir
16641-2,16641,676,8,2,4.00,6306.68,0.01,0.00,R,F,1993-05-21,1993-07-21,1993-06-16,TAKE BACK RETURN,TRUCK,ck packages ha
16641-3,16641,1642,84,3,39.00,60201.96,0.06,0.02,A,F,1993-09-06,1993-08-04,1993-09-10,DELIVER IN PERSON,FOB," the bold, special requests. furiously "
16642-1,16642,194,47,1,11.00,12036.09,0.10,0.03,N,F,1995-06-05,1995-04-24,1995-06-18,COLLECT COD,TRUCK,ven notornis haggle blithely th
16642-2,16642,1077,78,2,8.00,7824.56,0.02,0.01,R,F,1995-04-20,1995-04-07,1995-05-15,DELIVER IN PERSON,AIR,e carefully bold dependencies. packages
16642-3,16642,1506,7,3,17.00,23927.50,0.09,0.06,R,F,1995-05-20,1995-05-16,1995-06-01,COLLECT COD,RAIL, carefully ironic foxes. sp
16642-4,16642,63,39,4,5.00,4815.30,0.07,0.03,R,F,1995-05-18,1995-06-01,1995-05-29,TAKE BACK RETURN,SHIP, regular requests. even asymptotes haggl
16643-1,16643,788,21,1,3.00,5066.34,0.02,0.05,R,F,1993-05-03,1993-07-04,1993-05-20,TAKE BACK RETURN,FOB,", special ideas are c"
16643-2,16643,1145,54,2,44.00,46030.16,0.10,0.06,A,F,1993-04-27,1993-07-01,1993-05-14,DELIVER IN PERSON,AIR,nding notornis are furiously eve
16643-3,16643,1198,35,3,47.00,51661.93,0.05,0.05,R,F,1993-05-17,1993-05-21,1993-06-15,COLLECT COD,REG AIR,unts. express dugouts nag furio
16644-1,16644,610,73,1,5.00,7553.05,0.07,0.00,N,O,1998-09-24,1998-07-24,1998-10-22,TAKE BACK RETURN,REG AIR,"xcuses. regular, pending multipliers are"
16644-2,16644,320,77,2,36.00,43931.52,0.09,0.08,N,O,1998-09-18,1998-08-14,1998-10-16,DELIVER IN PERSON,MAIL,le carefully regu
16644-3,16644,1641,24,3,46.00,70961.44,0.09,0.00,N,O,1998-09-21,1998-07-23,1998-09-22,TAKE BACK RETURN,REG AIR,e blithely blithely even platelets. realms
16645-1,16645,1092,28,1,25.00,24827.25,0.08,0.01,R,F,1994-09-24,1994-11-21,1994-10-09,TAKE BACK RETURN,SHIP,"xpress accounts. final, ironic f"
16645-2,16645,1875,19,2,8.00,14214.96,0.01,0.01,A,F,1994-12-10,1994-11-19,1994-12-15,DELIVER IN PERSON,RAIL,ggle furiously fluffily final ideas. blith
16646-1,16646,1876,20,1,47.00,83559.89,0.09,0.04,N,O,1995-08-29,1995-09-07,1995-09-02,NONE,FOB,ual dolphi
16646-2,16646,1760,45,2,40.00,66470.40,0.06,0.07,N,O,1995-12-06,1995-10-10,1995-12-30,COLLECT COD,REG AIR,er the furiously eve
16646-3,16646,1168,41,3,24.00,25659.84,0.00,0.04,N,O,1995-08-15,1995-10-17,1995-08-18,TAKE BACK RETURN,RAIL,er the ironic foxes. 
16646-4,16646,956,91,4,16.00,29711.20,0.09,0.07,N,O,1995-10-05,1995-10-21,1995-10-28,COLLECT COD,MAIL,iously final pa
16647-1,16647,657,58,1,41.00,63863.65,0.00,0.02,N,O,1998-02-11,1998-03-27,1998-02-28,COLLECT COD,MAIL,ully above the blithely pending accounts.
16647-2,16647,170,97,2,38.00,40666.46,0.03,0.06,N,O,1998-02-18,1998-04-10,1998-03-04,DELIVER IN PERSON,REG AIR,eas. thinly fluffy accounts amon
16647-3,16647,1066,67,3,26.00,25143.56,0.07,0.02,N,O,1998-04-06,1998-02-23,1998-05-02,COLLECT COD,REG AIR,s impress furiously regul
16647-4,16647,1103,4,4,33.00,33135.30,0.08,0.03,N,O,1998-03-21,1998-03-17,1998-03-26,TAKE BACK RETURN,MAIL, unusual instructions. carefully 
16647-5,16647,705,38,5,26.00,41748.20,0.00,0.06,N,O,1998-04-03,1998-03-20,1998-04-26,DELIVER IN PERSON,RAIL,le blithely ironic foxes; fluffily regular 
16647-6,16647,295,77,6,13.00,15538.77,0.04,0.07,N,O,1998-05-10,1998-02-22,1998-05-12,DELIVER IN PERSON,TRUCK,tructions haggle careful
16672-1,16672,70,21,1,12.00,11640.84,0.00,0.05,N,O,1997-04-13,1997-05-06,1997-04-25,TAKE BACK RETURN,AIR,ely pending instructions. re
16673-1,16673,1948,93,1,37.00,68447.78,0.06,0.06,N,O,1996-05-09,1996-04-23,1996-05-12,DELIVER IN PERSON,AIR,furiously unusual ac
16674-1,16674,917,52,1,37.00,67262.67,0.09,0.03,N,O,1995-07-13,1995-06-12,1995-07-23,NONE,FOB, above the fluffily expr
16674-2,16674,1134,35,2,25.00,25878.25,0.05,0.03,N,O,1995-07-10,1995-06-25,1995-07-31,NONE,RAIL,y pending foxes are-- spe
16674-3,16674,953,88,3,45.00,83427.75,0.03,0.08,N,F,1995-06-16,1995-06-10,1995-06-26,TAKE BACK RETURN,RAIL,"daring, regular excuses."
16674-4,16674,682,45,4,26.00,41149.68,0.07,0.04,N,O,1995-06-18,1995-06-16,1995-06-27,DELIVER IN PERSON,RAIL,es. slyly thin dependencie
16674-5,16674,137,38,5,3.00,3111.39,0.09,0.00,N,O,1995-06-30,1995-07-11,1995-07-01,COLLECT COD,TRUCK,dolites-- pinto beans about the 
16674-6,16674,334,19,6,16.00,19749.28,0.01,0.04,N,O,1995-08-23,1995-06-28,1995-09-02,TAKE BACK RETURN,MAIL,ts haggle carefully across th
16674-7,16674,1741,26,7,8.00,13141.92,0.04,0.02,N,O,1995-07-06,1995-07-21,1995-08-04,DELIVER IN PERSON,SHIP,ckages. carefully even accounts nag p
16675-1,16675,290,45,1,7.00,8332.03,0.06,0.04,N,O,1998-07-27,1998-07-23,1998-08-06,DELIVER IN PERSON,TRUCK,le slyly ironic accounts. reg
16675-2,16675,80,31,2,48.00,47043.84,0.10,0.07,N,O,1998-07-06,1998-07-18,1998-07-30,TAKE BACK RETURN,TRUCK,atelets after the carefully ironi
16675-3,16675,1477,78,3,49.00,67545.03,0.08,0.07,N,O,1998-08-25,1998-08-19,1998-09-21,TAKE BACK RETURN,FOB,olphins. sly
16675-4,16675,1769,96,4,31.00,51793.56,0.01,0.00,N,O,1998-09-09,1998-07-12,1998-09-23,DELIVER IN PERSON,TRUCK,s sleep blithely across the quickly fi
16675-5,16675,164,91,5,21.00,22347.36,0.07,0.08,N,O,1998-08-30,1998-07-03,1998-09-29,TAKE BACK RETURN,FOB,"lent deposits. ironic, regular court"
16675-6,16675,178,5,6,15.00,16172.55,0.07,0.03,N,O,1998-09-03,1998-07-24,1998-10-01,DELIVER IN PERSON,SHIP,deas sleep blithel
16676-1,16676,1872,16,1,41.00,72728.67,0.02,0.00,A,F,1994-06-27,1994-05-09,1994-07-18,TAKE BACK RETURN,AIR,"ing, idle foxes haggle blithely among the "
16676-2,16676,100,76,2,13.00,13001.30,0.07,0.01,R,F,1994-07-04,1994-04-25,1994-07-26,NONE,FOB,r instructions. pin
16676-3,16676,1972,61,3,16.00,29983.52,0.04,0.03,A,F,1994-03-29,1994-05-05,1994-04-15,NONE,AIR,ag carefully across the furiously regular
16676-4,16676,206,7,4,9.00,9955.80,0.05,0.00,R,F,1994-06-17,1994-06-16,1994-07-10,DELIVER IN PERSON,FOB,es haggle furiously
16676-5,16676,41,92,5,41.00,38582.64,0.10,0.04,A,F,1994-04-09,1994-06-08,1994-04-23,DELIVER IN PERSON,RAIL,t instructions s
16676-6,16676,747,80,6,27.00,44488.98,0.08,0.06,R,F,1994-03-29,1994-05-12,1994-04-19,COLLECT COD,AIR,p quickly carefully pe
16677-1,16677,1479,80,1,37.00,51077.39,0.05,0.07,A,F,1992-09-30,1992-11-18,1992-10-20,TAKE BACK RETURN,AIR,endencies boost furiously acros
16677-2,16677,1724,25,2,11.00,17882.92,0.01,0.03,R,F,1992-10-28,1992-12-05,1992-11-17,COLLECT COD,RAIL,fily final accounts sleep
16677-3,16677,1643,26,3,4.00,6178.56,0.04,0.05,A,F,1992-10-18,1992-10-08,1992-10-24,NONE,MAIL,ly slyly final 
16677-4,16677,1419,37,4,15.00,19806.15,0.10,0.07,A,F,1992-12-18,1992-12-02,1993-01-16,DELIVER IN PERSON,REG AIR,its dazzle fluffily.
16677-5,16677,483,42,5,37.00,51188.76,0.06,0.04,R,F,1992-09-30,1992-11-20,1992-10-10,DELIVER IN PERSON,FOB,al pinto beans haggle slyly. s
16677-6,16677,12,63,6,18.00,16416.18,0.06,0.01,R,F,1992-12-20,1992-11-01,1993-01-17,COLLECT COD,SHIP,taphs. carefully even theodolites c
16677-7,16677,1146,83,7,50.00,52357.00,0.08,0.02,R,F,1992-09-12,1992-11-19,1992-10-04,COLLECT COD,REG AIR,riously final deposits according to the fur
16678-1,16678,1797,24,1,9.00,15289.11,0.00,0.05,N,O,1996-07-10,1996-09-14,1996-07-23,COLLECT COD,TRUCK,sts haggle furiously around the
16678-2,16678,1189,26,2,4.00,4360.72,0.04,0.06,N,O,1996-09-02,1996-07-27,1996-09-09,NONE,RAIL,"the silent deposits. ironic, regula"
16679-1,16679,1609,51,1,45.00,67977.00,0.09,0.06,A,F,1995-02-21,1994-12-25,1995-03-19,TAKE BACK RETURN,RAIL,luffily ironic deposits boost slyly 
16679-2,16679,592,53,2,37.00,55225.83,0.03,0.05,A,F,1995-02-19,1995-02-01,1995-03-06,NONE,FOB,slyly regular theodolites. furiously 
16679-3,16679,1603,86,3,37.00,55670.20,0.01,0.03,A,F,1995-03-02,1995-01-15,1995-03-16,COLLECT COD,SHIP,nag among the bold t
16679-4,16679,228,10,4,5.00,5641.10,0.03,0.03,R,F,1995-02-23,1995-01-08,1995-03-17,COLLECT COD,MAIL,s sleep along the blithely even sau
16679-5,16679,1233,34,5,17.00,19281.91,0.01,0.06,R,F,1995-02-15,1994-12-13,1995-02-18,NONE,SHIP, special instructions among the slyly even 
16679-6,16679,1680,4,6,15.00,23725.20,0.01,0.00,R,F,1995-01-17,1994-12-23,1995-02-08,DELIVER IN PERSON,TRUCK,its haggle carefully 
16704-1,16704,1273,74,1,47.00,55190.69,0.04,0.06,R,F,1994-11-15,1994-11-14,1994-11-30,COLLECT COD,AIR,sts above the furiously unusu
16705-1,16705,503,64,1,40.00,56140.00,0.10,0.01,N,O,1998-02-18,1998-03-05,1998-03-11,COLLECT COD,FOB,ve slyly fluffily even pinto bean
16706-1,16706,1333,34,1,34.00,41967.22,0.04,0.07,A,F,1992-10-18,1992-09-09,1992-11-10,COLLECT COD,RAIL, the final realm
16706-2,16706,822,89,2,36.00,62021.52,0.00,0.08,A,F,1992-08-22,1992-09-14,1992-09-07,COLLECT COD,REG AIR,gular packages bo
16706-3,16706,977,12,3,22.00,41315.34,0.01,0.01,A,F,1992-10-19,1992-09-11,1992-10-22,TAKE BACK RETURN,REG AIR,sleep. slyly silent requests ca
16706-4,16706,563,64,4,49.00,71714.44,0.01,0.00,A,F,1992-10-13,1992-09-08,1992-11-09,DELIVER IN PERSON,AIR,ar dependencies
16706-5,16706,30,56,5,12.00,11160.36,0.02,0.03,R,F,1992-09-30,1992-09-10,1992-10-05,DELIVER IN PERSON,FOB, blithely final packages. blithely brave a
16706-6,16706,265,47,6,48.00,55932.48,0.09,0.08,A,F,1992-10-12,1992-09-25,1992-10-20,NONE,SHIP,"ests. dogged, ironic ideas nag slyly "
16706-7,16706,1571,12,7,17.00,25033.69,0.05,0.06,R,F,1992-08-16,1992-08-06,1992-09-11,NONE,RAIL,y special hockey pl
16707-1,16707,1996,29,1,36.00,68327.64,0.09,0.02,N,O,1998-08-07,1998-07-27,1998-08-14,TAKE BACK RETURN,TRUCK," requests integrate slyly. ironic, pendi"
16708-1,16708,997,66,1,30.00,56939.70,0.06,0.05,N,O,1996-12-17,1996-10-16,1997-01-04,DELIVER IN PERSON,REG AIR,ts. dolphins integrate furious
16708-2,16708,72,98,2,32.00,31106.24,0.07,0.05,N,O,1996-10-14,1996-11-17,1996-10-15,NONE,TRUCK,xcuses are a
16708-3,16708,1803,47,3,16.00,27276.80,0.07,0.05,N,O,1996-09-13,1996-11-25,1996-09-25,COLLECT COD,TRUCK, ideas hinder carefully acco
16708-4,16708,1999,88,4,26.00,49425.74,0.00,0.08,N,O,1996-11-05,1996-10-01,1996-11-08,TAKE BACK RETURN,SHIP,lly regular asymptotes alongside 
16709-1,16709,1677,60,1,11.00,17365.37,0.02,0.07,R,F,1993-01-31,1992-12-26,1993-02-15,NONE,SHIP,e final pac
16709-2,16709,1890,20,2,43.00,77051.27,0.08,0.07,R,F,1992-11-26,1992-11-12,1992-12-03,COLLECT COD,SHIP,ckages. final deposits haggle qui
16709-3,16709,1560,81,3,45.00,65770.20,0.03,0.00,A,F,1992-12-23,1992-12-24,1992-12-27,TAKE BACK RETURN,AIR,nusual requests across the pinto beans w
16709-4,16709,1548,89,4,22.00,31889.88,0.09,0.06,R,F,1992-10-24,1993-01-01,1992-11-15,NONE,FOB,odolites. furiously even d
16709-5,16709,634,66,5,1.00,1534.63,0.02,0.06,A,F,1992-11-01,1992-12-06,1992-11-25,COLLECT COD,MAIL,e furiously slyly final packages. req
16709-6,16709,550,51,6,3.00,4351.65,0.05,0.06,A,F,1992-11-20,1992-11-20,1992-11-29,NONE,MAIL, unwind. bold asymptotes
16710-1,16710,695,58,1,3.00,4787.07,0.07,0.02,N,O,1995-07-25,1995-06-03,1995-08-01,COLLECT COD,SHIP,ch ironic attainm
16711-1,16711,200,27,1,43.00,47308.60,0.02,0.03,R,F,1992-08-15,1992-07-14,1992-08-28,TAKE BACK RETURN,MAIL,even dependencies. e
16711-2,16711,1456,35,2,37.00,50225.65,0.01,0.02,R,F,1992-07-23,1992-07-15,1992-08-21,TAKE BACK RETURN,MAIL,ending requests 
16711-3,16711,352,37,3,41.00,51346.35,0.04,0.02,A,F,1992-05-05,1992-07-04,1992-05-17,COLLECT COD,FOB,s cajole atop the furiously regular r
16711-4,16711,1031,67,4,33.00,30756.99,0.07,0.05,A,F,1992-08-16,1992-07-23,1992-08-28,DELIVER IN PERSON,FOB,ses nag al
16711-5,16711,168,21,5,23.00,24567.68,0.06,0.01,A,F,1992-06-16,1992-07-22,1992-06-27,NONE,FOB,lar instru
16711-6,16711,965,66,6,8.00,14927.68,0.08,0.05,R,F,1992-07-13,1992-07-22,1992-07-16,DELIVER IN PERSON,TRUCK,haggle blithely 
16711-7,16711,82,83,7,7.00,6874.56,0.07,0.01,A,F,1992-05-24,1992-06-22,1992-06-06,COLLECT COD,RAIL,carefully pending
16736-1,16736,90,41,1,43.00,42573.87,0.06,0.08,N,O,1997-12-15,1998-01-11,1998-01-01,COLLECT COD,SHIP,o beans breach enticingly. 
16736-2,16736,312,41,2,30.00,36369.30,0.09,0.00,N,O,1997-12-02,1997-11-23,1997-12-22,COLLECT COD,REG AIR,yly unusual courts a
16736-3,16736,1423,63,3,18.00,23839.56,0.07,0.04,N,O,1997-11-20,1998-01-15,1997-12-17,DELIVER IN PERSON,AIR,inal accounts are carefully slyly slow
16736-4,16736,372,73,4,41.00,52167.17,0.00,0.05,N,O,1997-10-28,1998-01-10,1997-10-31,DELIVER IN PERSON,AIR,counts thras
16736-5,16736,1228,29,5,41.00,46298.02,0.05,0.01,N,O,1997-12-01,1998-01-10,1997-12-08,NONE,RAIL,"ing instructions? final, f"
16736-6,16736,607,39,6,30.00,45228.00,0.08,0.08,N,O,1998-01-12,1997-12-14,1998-02-10,DELIVER IN PERSON,MAIL,dle platelets. fluffily re
16736-7,16736,1170,43,7,49.00,52487.33,0.06,0.05,N,O,1998-02-01,1997-12-29,1998-02-13,COLLECT COD,TRUCK,ideas should haggle sl
16737-1,16737,1175,12,1,18.00,19371.06,0.06,0.01,N,O,1995-10-19,1995-08-04,1995-11-17,NONE,SHIP,xpress asymptote
16737-2,16737,648,80,2,12.00,18583.68,0.00,0.01,N,O,1995-06-28,1995-09-19,1995-07-13,COLLECT COD,REG AIR,kages. carefully express instructi
16738-1,16738,1379,80,1,2.00,2560.74,0.09,0.02,R,F,1994-01-16,1994-01-18,1994-02-09,NONE,MAIL,ests boost. express accoun
16738-2,16738,1999,44,2,35.00,66534.65,0.03,0.00,A,F,1994-03-06,1994-01-23,1994-03-14,DELIVER IN PERSON,SHIP," the unusual, fina"
16738-3,16738,945,48,3,21.00,38764.74,0.04,0.08,R,F,1994-01-28,1994-01-18,1994-02-06,DELIVER IN PERSON,TRUCK,posits. carefully
16738-4,16738,919,22,4,17.00,30938.47,0.02,0.01,A,F,1994-01-31,1994-01-12,1994-02-27,TAKE BACK RETURN,AIR,"nusual, unusual id"
16739-1,16739,1845,75,1,6.00,10481.04,0.00,0.07,N,O,1997-05-29,1997-06-07,1997-06-26,COLLECT COD,FOB,carefully special 
16739-2,16739,1139,76,2,21.00,21842.73,0.09,0.03,N,O,1997-04-14,1997-06-19,1997-04-28,NONE,RAIL,s. pinto beans against the 
16739-3,16739,105,84,3,6.00,6030.60,0.09,0.08,N,O,1997-04-07,1997-05-01,1997-04-22,COLLECT COD,TRUCK,p regularly regular theodolites. slyly r
16739-4,16739,1760,45,4,4.00,6647.04,0.08,0.05,N,O,1997-07-21,1997-04-26,1997-08-13,TAKE BACK RETURN,SHIP,oost slyly abo
16739-5,16739,137,90,5,39.00,40448.07,0.05,0.03,N,O,1997-06-24,1997-06-19,1997-07-06,COLLECT COD,AIR,ully after 
16740-1,16740,1447,87,1,47.00,63376.68,0.05,0.05,R,F,1992-06-30,1992-04-22,1992-07-22,NONE,TRUCK,ng theodolites. furiously
16740-2,16740,491,21,2,24.00,33395.76,0.02,0.01,R,F,1992-03-27,1992-04-10,1992-04-04,NONE,REG AIR,dogged requests. furiously
16741-1,16741,920,55,1,24.00,43702.08,0.01,0.00,R,F,1994-01-21,1993-11-12,1994-02-18,DELIVER IN PERSON,SHIP,y bold deposits. ironic accounts 
16742-1,16742,109,10,1,33.00,33300.30,0.00,0.01,R,F,1993-06-24,1993-08-04,1993-07-11,NONE,MAIL,uctions. ideas dete
16742-2,16742,1379,56,2,40.00,51214.80,0.06,0.02,R,F,1993-08-15,1993-07-31,1993-09-01,TAKE BACK RETURN,AIR,he blithely 
16743-1,16743,1556,37,1,40.00,58302.00,0.01,0.08,N,O,1996-11-06,1996-12-13,1996-12-06,DELIVER IN PERSON,REG AIR,kages haggle above the furious
16743-2,16743,814,48,2,24.00,41155.44,0.04,0.07,N,O,1996-11-17,1996-11-17,1996-12-13,TAKE BACK RETURN,REG AIR,lar deposits cajole according to the a
16743-3,16743,907,8,3,22.00,39773.80,0.10,0.03,N,O,1996-10-30,1996-11-18,1996-11-06,NONE,RAIL,"across the final, pending forges. bold pack"
16743-4,16743,1532,53,4,20.00,28670.60,0.02,0.08,N,O,1996-10-18,1996-11-10,1996-11-05,COLLECT COD,FOB,uests affix. furio
16743-5,16743,1002,38,5,21.00,18963.00,0.05,0.08,N,O,1997-01-03,1996-12-21,1997-01-05,TAKE BACK RETURN,SHIP,: carefully
16768-1,16768,549,50,1,14.00,20293.56,0.05,0.06,R,F,1994-08-04,1994-08-29,1994-08-16,COLLECT COD,TRUCK,"al, ruthless ideas among the e"
16768-2,16768,1521,22,2,43.00,61168.36,0.08,0.03,A,F,1994-08-17,1994-09-06,1994-08-20,COLLECT COD,SHIP, eat slyly. 
16768-3,16768,776,9,3,23.00,38565.71,0.07,0.08,R,F,1994-10-11,1994-09-13,1994-11-03,TAKE BACK RETURN,REG AIR,tly blithely spe
16768-4,16768,906,41,4,31.00,56013.90,0.08,0.05,A,F,1994-11-17,1994-09-16,1994-11-18,COLLECT COD,MAIL,g the blithely pending 
16768-5,16768,1500,79,5,37.00,51855.50,0.10,0.08,A,F,1994-08-14,1994-09-26,1994-08-25,TAKE BACK RETURN,TRUCK,carefully caref
16768-6,16768,1485,86,6,50.00,69324.00,0.04,0.04,R,F,1994-09-17,1994-09-22,1994-09-25,COLLECT COD,MAIL,e. furiously regular platele
16768-7,16768,1833,77,7,8.00,13878.64,0.09,0.06,A,F,1994-08-14,1994-09-16,1994-09-04,TAKE BACK RETURN,MAIL,"ep among the pending, even dep"
16769-1,16769,535,96,1,41.00,58856.73,0.10,0.07,N,O,1998-01-05,1997-11-07,1998-01-25,DELIVER IN PERSON,REG AIR,fluffily alongside of the even packages. q
16769-2,16769,1827,57,2,38.00,65695.16,0.07,0.06,N,O,1997-10-24,1997-12-11,1997-11-18,NONE,SHIP,"y. unusual, brave deposit"
16769-3,16769,1262,63,3,1.00,1163.26,0.04,0.03,N,O,1998-01-26,1997-12-18,1998-02-13,NONE,REG AIR,"xpress pinto beans. regular, careful depos"
16769-4,16769,1685,68,4,45.00,71400.60,0.05,0.00,N,O,1998-01-23,1997-12-02,1998-01-26,COLLECT COD,RAIL,the blithely bold dependencies. final re
16769-5,16769,1111,84,5,7.00,7084.77,0.00,0.04,N,O,1997-10-29,1997-11-12,1997-11-19,TAKE BACK RETURN,TRUCK,about the fluffil
16769-6,16769,1685,86,6,5.00,7933.40,0.06,0.02,N,O,1998-01-24,1997-11-19,1998-02-07,TAKE BACK RETURN,AIR,to the fluffily final for
16770-1,16770,1841,71,1,18.00,31371.12,0.00,0.04,R,F,1994-01-23,1994-02-25,1994-02-21,NONE,MAIL,tructions against the deposits
16771-1,16771,390,91,1,35.00,45163.65,0.03,0.04,R,F,1994-11-26,1994-12-13,1994-12-18,COLLECT COD,RAIL,c dinos wake fluffily. furiously regular 
16771-2,16771,813,14,2,13.00,22279.53,0.09,0.07,A,F,1995-01-09,1994-11-07,1995-01-11,NONE,SHIP, near the deposits. requests boost slyly
16772-1,16772,571,72,1,3.00,4414.71,0.00,0.08,A,F,1993-02-08,1993-02-10,1993-03-09,NONE,TRUCK, haggle slyly blithely specia
16772-2,16772,37,38,2,13.00,12181.39,0.06,0.00,A,F,1993-01-10,1993-03-21,1993-01-28,TAKE BACK RETURN,FOB,uriously stealthy requests. se
16772-3,16772,1579,60,3,15.00,22208.55,0.02,0.03,A,F,1993-03-11,1993-03-03,1993-04-05,COLLECT COD,AIR,refully special accou
16772-4,16772,1668,69,4,24.00,37671.84,0.00,0.07,R,F,1993-04-09,1993-02-21,1993-05-04,COLLECT COD,RAIL,ironically blithely pending theodol
16772-5,16772,434,93,5,41.00,54711.63,0.10,0.00,R,F,1993-02-24,1993-03-26,1993-03-23,DELIVER IN PERSON,SHIP,frets nag slyly furiously final e
16772-6,16772,414,44,6,22.00,28917.02,0.10,0.07,R,F,1993-02-28,1993-03-25,1993-03-15,NONE,MAIL, furiously careful 
16772-7,16772,1498,99,7,42.00,58778.58,0.09,0.05,A,F,1993-04-03,1993-02-26,1993-04-11,TAKE BACK RETURN,SHIP,urts above the slyly r
16773-1,16773,499,87,1,7.00,9796.43,0.10,0.05,N,O,1997-03-05,1997-03-03,1997-03-20,DELIVER IN PERSON,MAIL,riously. ironic foxes wake above 
16774-1,16774,1484,2,1,50.00,69274.00,0.06,0.03,N,O,1998-04-27,1998-03-23,1998-05-19,DELIVER IN PERSON,RAIL,ounts haggle carefully final pa
16774-2,16774,1532,53,2,29.00,41572.37,0.02,0.08,N,O,1998-03-12,1998-03-28,1998-03-31,TAKE BACK RETURN,MAIL,xpress platelets play bl
16774-3,16774,612,6,3,18.00,27226.98,0.02,0.00,N,O,1998-04-09,1998-04-08,1998-04-24,TAKE BACK RETURN,RAIL,iously unusual p
16774-4,16774,1441,59,4,7.00,9397.08,0.06,0.07,N,O,1998-04-01,1998-02-23,1998-04-16,COLLECT COD,AIR,thely unusual pa
16775-1,16775,966,67,1,20.00,37339.20,0.08,0.06,R,F,1993-03-07,1993-01-11,1993-03-15,COLLECT COD,RAIL,ns along the slyly ironic dep
16775-2,16775,1171,80,2,47.00,50391.99,0.00,0.08,R,F,1992-12-13,1992-12-24,1992-12-28,DELIVER IN PERSON,REG AIR,ld theodoli
16775-3,16775,1881,25,3,17.00,30308.96,0.02,0.02,A,F,1992-12-14,1992-12-26,1992-12-31,NONE,MAIL,gular accounts boost slyly
16775-4,16775,1096,67,4,12.00,11965.08,0.07,0.00,R,F,1992-12-22,1993-01-18,1993-01-06,DELIVER IN PERSON,SHIP,believe about the dolphins-- f
16800-1,16800,73,74,1,27.00,26272.89,0.10,0.06,N,F,1995-06-11,1995-08-30,1995-07-05,TAKE BACK RETURN,RAIL,ronic accounts along the pend
16800-2,16800,452,82,2,1.00,1352.45,0.07,0.03,N,O,1995-06-19,1995-08-01,1995-07-06,DELIVER IN PERSON,TRUCK,totes. blithely bold sauternes
16800-3,16800,345,30,3,43.00,53549.62,0.07,0.02,N,O,1995-08-24,1995-08-05,1995-08-27,NONE,REG AIR,refully final theo
16800-4,16800,138,65,4,30.00,31143.90,0.02,0.06,N,O,1995-09-11,1995-08-29,1995-09-19,DELIVER IN PERSON,MAIL,eans cajole f
16800-5,16800,455,56,5,9.00,12199.05,0.09,0.01,N,O,1995-09-12,1995-07-11,1995-09-21,TAKE BACK RETURN,TRUCK, blithely 
16801-1,16801,555,46,1,49.00,71321.95,0.05,0.00,N,O,1996-10-01,1996-11-26,1996-10-05,DELIVER IN PERSON,MAIL,latelets maintain furiously slyly even fox
16801-2,16801,1269,81,2,22.00,25745.72,0.07,0.03,N,O,1996-12-10,1996-11-20,1996-12-31,NONE,REG AIR,s nag fluffily around the qui
16801-3,16801,1893,94,3,5.00,8974.45,0.02,0.01,N,O,1996-11-10,1996-10-13,1996-11-26,COLLECT COD,RAIL,s wake qui
16801-4,16801,1821,22,4,8.00,13782.56,0.07,0.08,N,O,1996-09-09,1996-10-22,1996-09-20,NONE,REG AIR,tions detect.
16801-5,16801,1436,37,5,8.00,10699.44,0.09,0.01,N,O,1996-10-28,1996-11-15,1996-11-26,COLLECT COD,MAIL,foxes sleep slyly. unusual
16802-1,16802,1496,97,1,5.00,6987.45,0.03,0.07,N,F,1995-06-17,1995-06-17,1995-07-01,DELIVER IN PERSON,REG AIR,encies against the furiously regular acc
16802-2,16802,293,75,2,42.00,50118.18,0.03,0.06,N,F,1995-06-10,1995-06-18,1995-07-09,DELIVER IN PERSON,FOB, accounts run requests. s
16802-3,16802,74,75,3,35.00,34092.45,0.03,0.06,N,O,1995-07-27,1995-06-05,1995-07-28,TAKE BACK RETURN,TRUCK,"ly even, even idea"
16802-4,16802,1653,77,4,42.00,65295.30,0.03,0.02,N,O,1995-08-14,1995-06-19,1995-08-15,DELIVER IN PERSON,TRUCK,uriously even requests are plat
16802-5,16802,999,68,5,42.00,79799.58,0.10,0.02,N,O,1995-08-19,1995-06-03,1995-09-13,DELIVER IN PERSON,SHIP,c accounts after the 
16802-6,16802,1796,81,6,16.00,27164.64,0.06,0.03,A,F,1995-05-21,1995-07-16,1995-06-03,DELIVER IN PERSON,MAIL,p slyly. instr
16803-1,16803,1716,43,1,34.00,55002.14,0.08,0.01,N,O,1995-10-11,1995-11-07,1995-10-12,DELIVER IN PERSON,SHIP,"ckly daring realms. express, "
16803-2,16803,1360,75,2,26.00,32795.36,0.09,0.02,N,O,1995-10-13,1995-10-27,1995-11-12,TAKE BACK RETURN,MAIL,ccounts. accounts among the reg
16804-1,16804,878,78,1,4.00,7115.48,0.01,0.08,A,F,1992-06-04,1992-05-09,1992-06-27,TAKE BACK RETURN,MAIL,ns wake ironic pinto beans. slyly
16804-2,16804,1347,62,2,17.00,21221.78,0.04,0.02,A,F,1992-05-17,1992-05-04,1992-05-18,COLLECT COD,REG AIR,ages. slyly final accounts a
16804-3,16804,540,41,3,46.00,66264.84,0.10,0.08,R,F,1992-07-10,1992-04-16,1992-07-29,TAKE BACK RETURN,REG AIR,ly quickly ironic theodolites. furiou
16804-4,16804,268,50,4,13.00,15187.38,0.03,0.07,R,F,1992-06-13,1992-05-24,1992-06-23,DELIVER IN PERSON,TRUCK,"silent, final pains. requests"
16805-1,16805,340,69,1,26.00,32248.84,0.04,0.02,N,O,1996-01-05,1996-03-27,1996-01-28,TAKE BACK RETURN,MAIL,furiously ironic deposit
16805-2,16805,902,37,2,13.00,23437.70,0.02,0.01,N,O,1996-02-07,1996-03-25,1996-03-02,COLLECT COD,TRUCK,ely-- fluffily busy 
16805-3,16805,1590,31,3,48.00,71596.32,0.07,0.08,N,O,1996-01-04,1996-03-19,1996-01-12,NONE,MAIL,ts boost deposits. 
16805-4,16805,1656,98,4,2.00,3115.30,0.00,0.03,N,O,1996-04-27,1996-03-07,1996-05-14,DELIVER IN PERSON,REG AIR, realms affix qu
16805-5,16805,612,6,5,5.00,7563.05,0.04,0.03,N,O,1996-03-04,1996-02-02,1996-03-12,TAKE BACK RETURN,TRUCK,the blithely even sentiments haggle bl
16805-6,16805,1249,24,6,19.00,21854.56,0.04,0.07,N,O,1996-01-09,1996-02-22,1996-01-25,TAKE BACK RETURN,RAIL,eposits promise furiously carefull
16806-1,16806,542,43,1,49.00,70684.46,0.08,0.06,R,F,1993-10-03,1993-09-07,1993-10-21,TAKE BACK RETURN,MAIL, beans. packages cajole s
16806-2,16806,1710,11,2,29.00,46739.59,0.04,0.02,A,F,1993-08-18,1993-09-08,1993-08-24,TAKE BACK RETURN,REG AIR,"lay according to the even, final d"
16806-3,16806,1256,57,3,23.00,26616.75,0.05,0.03,A,F,1993-07-27,1993-08-23,1993-08-26,TAKE BACK RETURN,AIR,furiously bold forge
16806-4,16806,1331,32,4,34.00,41899.22,0.10,0.05,A,F,1993-10-03,1993-09-04,1993-10-09,NONE,FOB,ove the quickly regu
16806-5,16806,1249,61,5,12.00,13802.88,0.03,0.03,A,F,1993-09-11,1993-07-23,1993-09-22,COLLECT COD,SHIP,"y even packages. express, express foxes ar"
16806-6,16806,1235,36,6,3.00,3408.69,0.09,0.01,R,F,1993-09-23,1993-08-02,1993-10-06,NONE,MAIL,s. furiously bold excuses sl
16806-7,16806,146,99,7,36.00,37661.04,0.08,0.04,A,F,1993-06-26,1993-08-07,1993-07-20,COLLECT COD,RAIL,eas haggle. regular deposits are above the 
16807-1,16807,811,12,1,49.00,83878.69,0.07,0.00,A,F,1992-04-28,1992-03-29,1992-05-18,COLLECT COD,AIR,egular accounts haggle along the
16807-2,16807,185,86,2,41.00,44492.38,0.00,0.02,A,F,1992-05-16,1992-03-29,1992-06-15,DELIVER IN PERSON,TRUCK,ithely. platel
16807-3,16807,1781,24,3,5.00,8413.90,0.07,0.05,R,F,1992-04-14,1992-02-15,1992-04-15,TAKE BACK RETURN,TRUCK,ys pending requests 
16807-4,16807,1030,66,4,23.00,21413.69,0.06,0.02,A,F,1992-03-07,1992-04-03,1992-03-08,TAKE BACK RETURN,FOB,ests. unusual frays above the silen
16832-1,16832,512,73,1,17.00,24012.67,0.02,0.08,R,F,1993-04-11,1993-03-03,1993-05-08,TAKE BACK RETURN,RAIL,nt asymptotes. foxes engage 
16833-1,16833,1078,14,1,13.00,12727.91,0.03,0.00,N,O,1998-01-09,1997-11-17,1998-01-24,COLLECT COD,SHIP,the slow excuses. i
16833-2,16833,1025,31,2,43.00,39818.86,0.10,0.06,N,O,1997-11-09,1998-01-12,1997-11-22,COLLECT COD,SHIP,long the u
16833-3,16833,1069,75,3,32.00,31041.92,0.10,0.00,N,O,1997-12-25,1997-12-10,1998-01-08,NONE,REG AIR,al requests wake carefully ev
16833-4,16833,30,31,4,38.00,35341.14,0.00,0.02,N,O,1997-11-29,1998-01-12,1997-12-12,COLLECT COD,AIR,gular accounts. regular instructions e
16833-5,16833,1219,94,5,14.00,15682.94,0.03,0.00,N,O,1998-01-24,1998-01-05,1998-02-10,COLLECT COD,REG AIR,hely across
16833-6,16833,1225,63,6,31.00,34912.82,0.09,0.08,N,O,1997-10-17,1998-01-01,1997-11-06,COLLECT COD,SHIP,nto beans! slyly regular dependenci
16834-1,16834,1856,86,1,47.00,82618.95,0.05,0.05,A,F,1994-01-11,1993-12-29,1994-01-18,NONE,RAIL,ly ironic ex
16834-2,16834,429,59,2,5.00,6647.10,0.06,0.03,A,F,1994-01-30,1993-12-01,1994-02-07,COLLECT COD,REG AIR,packages. carefully pending deposits h
16834-3,16834,1782,83,3,7.00,11786.46,0.01,0.04,R,F,1993-11-13,1993-12-04,1993-11-18,NONE,AIR,"onic, silent deposits nag fu"
16834-4,16834,1119,28,4,12.00,12241.32,0.10,0.05,A,F,1993-12-23,1993-12-13,1994-01-16,TAKE BACK RETURN,TRUCK,"ow, unusual ideas. even, final"
16835-1,16835,904,39,1,30.00,54147.00,0.03,0.02,A,F,1994-04-14,1994-04-10,1994-04-24,DELIVER IN PERSON,AIR,s according to th
16835-2,16835,1824,54,2,34.00,58677.88,0.08,0.05,R,F,1994-03-17,1994-04-25,1994-04-15,COLLECT COD,RAIL,ter the fluffily bold platelets. ideas w
16836-1,16836,1828,29,1,25.00,43245.50,0.05,0.01,A,F,1994-02-01,1993-12-07,1994-02-23,TAKE BACK RETURN,AIR,final packages. final deposits
16836-2,16836,1934,35,2,10.00,18359.30,0.00,0.03,R,F,1994-01-09,1993-11-20,1994-02-03,DELIVER IN PERSON,REG AIR,s haggle pending requests. q
16837-1,16837,315,16,1,11.00,13368.41,0.04,0.08,A,F,1995-05-22,1995-03-07,1995-05-24,TAKE BACK RETURN,RAIL,ost. furiously reg
16837-2,16837,1823,10,2,12.00,20697.84,0.08,0.06,A,F,1995-05-14,1995-03-27,1995-06-06,NONE,MAIL,onic ideas
16838-1,16838,957,92,1,11.00,20437.45,0.03,0.01,A,F,1994-06-28,1994-06-14,1994-07-24,NONE,RAIL,e slyly ironic instructions. pen
16838-2,16838,805,5,2,13.00,22175.40,0.07,0.06,A,F,1994-07-26,1994-07-08,1994-08-09,NONE,FOB,er the slyly b
16838-3,16838,335,20,3,7.00,8647.31,0.04,0.08,A,F,1994-08-18,1994-06-16,1994-09-03,NONE,RAIL, sleep. blith
16838-4,16838,1377,78,4,39.00,49856.43,0.02,0.02,R,F,1994-07-30,1994-07-14,1994-08-01,NONE,MAIL, dogged accounts aff
16838-5,16838,597,28,5,30.00,44927.70,0.06,0.07,A,F,1994-06-24,1994-07-23,1994-07-08,DELIVER IN PERSON,REG AIR, fluffily regular ideas among the instruct
16838-6,16838,1732,75,6,19.00,31040.87,0.00,0.04,A,F,1994-06-06,1994-06-22,1994-06-22,TAKE BACK RETURN,MAIL,kly express asympto
16839-1,16839,1233,45,1,39.00,44234.97,0.03,0.04,A,F,1993-09-16,1993-07-05,1993-10-07,DELIVER IN PERSON,REG AIR,ructions haggle blithely after the 
16839-2,16839,1905,38,2,4.00,7227.60,0.10,0.06,R,F,1993-08-22,1993-07-31,1993-09-06,DELIVER IN PERSON,FOB,onic requests. quickly pending deposit
16864-1,16864,1739,66,1,49.00,80395.77,0.09,0.02,A,F,1993-01-19,1993-01-14,1993-02-08,COLLECT COD,REG AIR,ess theodolites. dolphins haggle careful
16865-1,16865,174,27,1,25.00,26854.25,0.06,0.04,N,O,1996-05-21,1996-06-16,1996-06-12,DELIVER IN PERSON,SHIP,are along the regular packages. bo
16865-2,16865,236,64,2,26.00,29541.98,0.07,0.08,N,O,1996-07-16,1996-06-19,1996-08-01,NONE,MAIL,"the, ironic hockey pla"
16866-1,16866,1015,16,1,1.00,916.01,0.07,0.02,R,F,1992-05-25,1992-04-05,1992-06-17,NONE,AIR,ve the quickly bold packages. furiously fi
16866-2,16866,1303,18,2,34.00,40946.20,0.08,0.04,A,F,1992-02-29,1992-04-19,1992-03-17,DELIVER IN PERSON,SHIP,ronic theodolites 
16866-3,16866,745,42,3,20.00,32914.80,0.05,0.01,R,F,1992-05-09,1992-03-31,1992-05-28,NONE,SHIP,haggle spe
16867-1,16867,1957,2,1,25.00,46473.75,0.02,0.08,R,F,1992-12-21,1993-01-23,1993-01-13,COLLECT COD,AIR,k epitaphs sleep quickly w
16867-2,16867,541,42,2,31.00,44687.74,0.02,0.03,A,F,1992-12-17,1993-01-23,1993-01-04,DELIVER IN PERSON,TRUCK, quickly carefully ironic accounts. speci
16868-1,16868,1663,87,1,46.00,71974.36,0.02,0.04,N,O,1998-08-28,1998-09-22,1998-09-06,COLLECT COD,REG AIR,s use furiously. some
16868-2,16868,583,74,2,50.00,74179.00,0.07,0.06,N,O,1998-09-10,1998-09-11,1998-09-25,DELIVER IN PERSON,TRUCK,carefully alongside of the slyly fin
16868-3,16868,1576,97,3,36.00,53192.52,0.03,0.02,N,O,1998-09-12,1998-10-07,1998-10-10,NONE,FOB,e fluffily packages. re
16869-1,16869,1690,73,1,33.00,52525.77,0.05,0.06,N,O,1998-03-07,1998-03-23,1998-03-08,NONE,RAIL,le quickly thin depe
16869-2,16869,1507,8,2,28.00,39438.00,0.03,0.04,N,O,1998-03-08,1998-03-07,1998-03-26,TAKE BACK RETURN,MAIL,sits. blithely regular pinto bea
16869-3,16869,657,58,3,31.00,48287.15,0.04,0.03,N,O,1998-04-27,1998-03-28,1998-05-01,NONE,TRUCK,requests detect across the fluffily
16869-4,16869,1720,21,4,20.00,32434.40,0.08,0.06,N,O,1998-02-17,1998-04-11,1998-03-10,DELIVER IN PERSON,FOB,sual deposits cajole blithel
16870-1,16870,943,46,1,36.00,66381.84,0.08,0.04,R,F,1994-03-16,1994-02-17,1994-03-21,TAKE BACK RETURN,TRUCK,lly bold platelets eat carefull
16870-2,16870,1305,44,2,25.00,30157.50,0.06,0.00,R,F,1994-04-28,1994-03-20,1994-05-07,DELIVER IN PERSON,MAIL,ges agains
16870-3,16870,268,69,3,31.00,36216.06,0.06,0.02,R,F,1994-01-16,1994-03-13,1994-02-10,TAKE BACK RETURN,AIR,s wake blithely carefully regular i
16870-4,16870,759,92,4,20.00,33195.00,0.06,0.03,R,F,1994-02-05,1994-02-26,1994-03-07,NONE,TRUCK,l pinto beans wake alongside of th
16871-1,16871,667,99,1,21.00,32920.86,0.03,0.08,A,F,1994-08-08,1994-09-01,1994-09-07,NONE,RAIL,gular packages are slyly pinto bea
16871-2,16871,1323,100,2,19.00,23262.08,0.08,0.01,A,F,1994-07-22,1994-10-04,1994-07-31,TAKE BACK RETURN,TRUCK,the special foxes. s
16871-3,16871,1167,4,3,22.00,23499.52,0.06,0.06,A,F,1994-10-02,1994-09-12,1994-10-15,TAKE BACK RETURN,RAIL, cajole slyly alongs
16871-4,16871,1120,21,4,30.00,30633.60,0.10,0.03,R,F,1994-08-08,1994-10-12,1994-08-31,NONE,SHIP,even dependencies. carefully u
16896-1,16896,1334,49,1,17.00,21000.61,0.09,0.06,N,O,1997-08-10,1997-05-25,1997-09-02,DELIVER IN PERSON,REG AIR, slowly idle ideas
16896-2,16896,1199,36,2,7.00,7701.33,0.04,0.05,N,O,1997-07-23,1997-06-18,1997-08-10,COLLECT COD,RAIL,al dolphins alongside of the fina
16896-3,16896,734,67,3,13.00,21251.49,0.10,0.07,N,O,1997-07-07,1997-06-01,1997-07-17,TAKE BACK RETURN,MAIL,telets boost above the slyly bold account
16896-4,16896,423,53,4,46.00,60877.32,0.04,0.01,N,O,1997-07-29,1997-07-04,1997-08-23,DELIVER IN PERSON,AIR,fully. slyly exp
16896-5,16896,1472,51,5,42.00,57685.74,0.04,0.07,N,O,1997-07-23,1997-07-04,1997-08-04,DELIVER IN PERSON,MAIL,unts poach slyly fluffily eve
16897-1,16897,302,59,1,2.00,2404.60,0.00,0.07,A,F,1992-09-19,1992-07-24,1992-09-23,DELIVER IN PERSON,SHIP,sleep carefully unusual ideas. q
16897-2,16897,1274,49,2,35.00,41134.45,0.05,0.05,R,F,1992-09-22,1992-07-29,1992-10-22,NONE,AIR,c deposits sleep about the quickly silen
16897-3,16897,791,56,3,43.00,72746.97,0.04,0.03,A,F,1992-10-12,1992-08-15,1992-11-09,TAKE BACK RETURN,RAIL,arefully express packages ha
16897-4,16897,1376,91,4,19.00,24270.03,0.02,0.05,A,F,1992-08-04,1992-07-30,1992-08-08,COLLECT COD,FOB,ts are slyly
16897-5,16897,1150,87,5,26.00,27329.90,0.10,0.02,A,F,1992-08-24,1992-08-07,1992-09-12,NONE,SHIP,carefully along the blithely spec
16897-6,16897,1070,71,6,17.00,16508.19,0.04,0.02,A,F,1992-06-18,1992-08-27,1992-07-04,COLLECT COD,RAIL,counts detect carefully. s
16898-1,16898,1790,75,1,50.00,84589.50,0.07,0.06,N,O,1996-01-29,1995-12-01,1996-02-23,NONE,MAIL,symptotes according to the final requests
16898-2,16898,1362,77,2,1.00,1263.36,0.02,0.05,N,O,1995-12-12,1996-01-02,1995-12-17,NONE,TRUCK,arefully final frets. f
16899-1,16899,1453,54,1,29.00,39279.05,0.05,0.02,N,O,1998-09-25,1998-07-27,1998-10-11,NONE,FOB,. regular packages are ag
16899-2,16899,371,100,2,25.00,31784.25,0.00,0.02,N,O,1998-07-31,1998-08-19,1998-08-25,NONE,SHIP,inst the exp
16900-1,16900,1693,94,1,46.00,73355.74,0.05,0.02,N,O,1998-07-22,1998-08-04,1998-08-01,NONE,RAIL,eposits. final di
16900-2,16900,15,41,2,47.00,43005.47,0.05,0.07,N,O,1998-08-18,1998-07-27,1998-08-31,COLLECT COD,MAIL,yly ironic packages! caref
16901-1,16901,1116,53,1,43.00,43735.73,0.06,0.07,R,F,1994-04-07,1994-02-10,1994-05-02,DELIVER IN PERSON,RAIL,ourts are b
16901-2,16901,170,49,2,38.00,40666.46,0.00,0.06,A,F,1994-03-20,1994-01-12,1994-03-22,NONE,TRUCK,gular accounts detect fu
16902-1,16902,123,24,1,13.00,13300.56,0.02,0.08,N,O,1997-02-03,1997-03-18,1997-02-19,TAKE BACK RETURN,AIR,ress pinto bea
16902-2,16902,1418,97,2,42.00,55415.22,0.08,0.02,N,O,1997-03-27,1997-02-28,1997-04-06,NONE,REG AIR,he furiously ironic id
16902-3,16902,1939,28,3,13.00,23932.09,0.02,0.07,N,O,1997-02-03,1997-04-21,1997-02-05,NONE,REG AIR, blithely at t
16902-4,16902,1455,95,4,49.00,66466.05,0.04,0.02,N,O,1997-03-10,1997-03-19,1997-03-27,TAKE BACK RETURN,RAIL,ons. slyly final excuses are thin
16903-1,16903,1031,32,1,34.00,31689.02,0.06,0.08,N,O,1997-08-04,1997-09-26,1997-09-03,NONE,RAIL,uriously ironic pinto beans. slyly iron
16903-2,16903,1933,22,2,13.00,23854.09,0.09,0.00,N,O,1997-09-05,1997-09-06,1997-09-28,DELIVER IN PERSON,REG AIR," after the even, f"
16903-3,16903,1228,66,3,9.00,10162.98,0.03,0.05,N,O,1997-07-31,1997-10-20,1997-08-27,DELIVER IN PERSON,AIR,"ng theodolites nag special, final dependenc"
16903-4,16903,1680,4,4,8.00,12653.44,0.08,0.03,N,O,1997-10-26,1997-09-07,1997-11-15,NONE,REG AIR,fully regular instructio
16903-5,16903,884,85,5,16.00,28558.08,0.07,0.01,N,O,1997-08-15,1997-09-13,1997-09-03,DELIVER IN PERSON,TRUCK,"c, final frays. "
16903-6,16903,751,48,6,42.00,69373.50,0.09,0.07,N,O,1997-08-27,1997-10-25,1997-09-12,COLLECT COD,TRUCK,fully ironic theodolites sleep furiousl
16903-7,16903,653,85,7,25.00,38841.25,0.07,0.07,N,O,1997-08-22,1997-10-05,1997-08-26,DELIVER IN PERSON,TRUCK,r foxes. even deposits sleep fluffily 
16928-1,16928,937,40,1,32.00,58813.76,0.08,0.04,N,O,1998-09-27,1998-07-18,1998-09-30,TAKE BACK RETURN,REG AIR,ithely bold asymptotes. furi
16928-2,16928,1155,92,2,34.00,35909.10,0.07,0.06,N,O,1998-09-27,1998-09-09,1998-10-14,NONE,RAIL,uffily fluffily special ac
16928-3,16928,635,29,3,50.00,76781.50,0.07,0.05,N,O,1998-08-28,1998-08-25,1998-09-27,NONE,FOB,ding to the requests believe car
16928-4,16928,1161,70,4,34.00,36113.44,0.06,0.03,N,O,1998-07-21,1998-09-02,1998-08-06,DELIVER IN PERSON,TRUCK,onic dependencies. furio
16928-5,16928,1614,38,5,42.00,63655.62,0.05,0.05,N,O,1998-10-16,1998-08-01,1998-10-22,COLLECT COD,TRUCK, ironic requests grow furiousl
16929-1,16929,901,70,1,2.00,3603.80,0.10,0.07,A,F,1994-08-06,1994-10-30,1994-08-17,TAKE BACK RETURN,TRUCK,nto beans snooze packages. special as
16929-2,16929,1185,22,2,30.00,32585.40,0.09,0.03,R,F,1994-09-06,1994-09-09,1994-09-11,DELIVER IN PERSON,FOB,y regular packages sublate fluffily even
16930-1,16930,562,63,1,30.00,43876.80,0.06,0.05,A,F,1992-11-10,1992-12-31,1992-12-10,DELIVER IN PERSON,FOB,se blithely ironic packages. furiou
16931-1,16931,373,30,1,9.00,11460.33,0.10,0.00,N,O,1998-01-21,1997-12-17,1998-01-23,NONE,AIR,ry to thrash at the carefully unusual pac
16931-2,16931,73,99,2,38.00,36976.66,0.02,0.08,N,O,1997-10-23,1997-11-24,1997-11-14,COLLECT COD,FOB,platelets are afte
16931-3,16931,716,17,3,45.00,72751.95,0.04,0.04,N,O,1997-10-19,1998-01-04,1997-11-08,TAKE BACK RETURN,AIR,s doze furi
16931-4,16931,1412,52,4,29.00,38088.89,0.07,0.05,N,O,1997-11-24,1997-12-24,1997-12-03,TAKE BACK RETURN,MAIL, requests. final requests use. blit
16931-5,16931,1049,85,5,35.00,33251.40,0.08,0.03,N,O,1997-10-29,1997-12-14,1997-11-12,NONE,SHIP,s use ironic instructions. ideas after th
16931-6,16931,988,89,6,38.00,71781.24,0.10,0.01,N,O,1997-10-22,1997-12-21,1997-11-15,TAKE BACK RETURN,FOB,"the express, ironic requests"
16932-1,16932,1342,19,1,8.00,9946.72,0.06,0.07,A,F,1993-05-28,1993-06-24,1993-06-25,DELIVER IN PERSON,TRUCK,"ckages wake according to the final, "
16932-2,16932,748,81,2,21.00,34623.54,0.10,0.08,A,F,1993-05-19,1993-06-07,1993-06-12,COLLECT COD,MAIL,onic accoun
16932-3,16932,774,7,3,36.00,60291.72,0.08,0.03,A,F,1993-07-21,1993-05-21,1993-07-27,COLLECT COD,SHIP,y fluffy packa
16932-4,16932,1339,78,4,28.00,34729.24,0.05,0.07,R,F,1993-05-19,1993-06-27,1993-06-04,TAKE BACK RETURN,FOB,"usual, express dependencies across the fur"
16932-5,16932,861,61,5,33.00,58141.38,0.04,0.03,A,F,1993-08-11,1993-06-18,1993-08-25,DELIVER IN PERSON,RAIL,ke according to the slyly
16932-6,16932,389,18,6,12.00,15472.56,0.01,0.03,A,F,1993-05-27,1993-06-03,1993-06-03,DELIVER IN PERSON,MAIL,y even platelets; slyly bol
16933-1,16933,1528,29,1,15.00,21442.80,0.01,0.03,R,F,1994-12-13,1994-12-13,1995-01-01,COLLECT COD,FOB,lly carefully regular d
16933-2,16933,1191,64,2,37.00,40411.03,0.04,0.00,R,F,1994-11-16,1995-01-01,1994-12-09,COLLECT COD,TRUCK,onic requests. fluffily final depe
16933-3,16933,1450,68,3,6.00,8108.70,0.07,0.02,A,F,1994-10-21,1994-11-28,1994-11-08,NONE,SHIP,al excuses boost fluffily! f
16934-1,16934,1148,49,1,26.00,27277.64,0.10,0.02,N,O,1997-10-18,1997-10-10,1997-11-03,NONE,RAIL,e of the theodolites
16934-2,16934,1136,45,2,47.00,48745.11,0.04,0.07,N,O,1997-08-08,1997-08-28,1997-08-10,TAKE BACK RETURN,MAIL,", ironic pinto beans run b"
16934-3,16934,141,68,3,22.00,22905.08,0.03,0.07,N,O,1997-09-12,1997-09-10,1997-10-08,TAKE BACK RETURN,AIR,ts. slyly pending
16934-4,16934,1779,6,4,6.00,10084.62,0.09,0.07,N,O,1997-08-18,1997-09-23,1997-09-11,COLLECT COD,FOB, the carefull
16934-5,16934,1883,27,5,8.00,14279.04,0.01,0.06,N,O,1997-10-29,1997-09-19,1997-11-21,COLLECT COD,SHIP, courts! furiously even sauternes
16934-6,16934,129,8,6,5.00,5145.60,0.08,0.04,N,O,1997-08-17,1997-10-09,1997-08-19,NONE,REG AIR,ts maintain
16935-1,16935,1902,3,1,16.00,28862.40,0.09,0.00,R,F,1993-01-13,1993-03-14,1993-01-25,COLLECT COD,TRUCK,ng deposits; blithely ir
16935-2,16935,1740,83,2,45.00,73878.30,0.05,0.03,A,F,1993-01-29,1993-01-31,1993-02-26,NONE,SHIP,"ns. pending, final forges across t"
16935-3,16935,374,59,3,43.00,54797.91,0.01,0.02,R,F,1993-01-18,1993-01-29,1993-02-13,TAKE BACK RETURN,FOB,are blithely furiously special d
16935-4,16935,1233,8,4,15.00,17013.45,0.10,0.01,R,F,1993-02-20,1993-03-16,1993-03-18,TAKE BACK RETURN,REG AIR, above the furiously sil
16960-1,16960,141,42,1,1.00,1041.14,0.00,0.02,A,F,1992-07-09,1992-06-29,1992-07-13,DELIVER IN PERSON,SHIP,gular deposits poach fur
16960-2,16960,374,75,2,32.00,40779.84,0.09,0.01,A,F,1992-07-19,1992-08-16,1992-08-14,DELIVER IN PERSON,RAIL,nic requests are quick
16960-3,16960,859,59,3,49.00,86232.65,0.00,0.04,A,F,1992-09-02,1992-06-30,1992-09-29,COLLECT COD,MAIL,he slyly ironi
16961-1,16961,517,8,1,5.00,7087.55,0.00,0.01,R,F,1994-04-17,1994-03-04,1994-05-05,COLLECT COD,AIR,ously even pinto b
16961-2,16961,1814,1,2,25.00,42895.25,0.06,0.08,R,F,1994-04-18,1994-03-28,1994-04-29,DELIVER IN PERSON,SHIP,uriously silent deposits?
16961-3,16961,221,3,3,4.00,4484.88,0.05,0.03,A,F,1994-04-22,1994-03-22,1994-04-26,NONE,FOB,heodolites. bold dep
16962-1,16962,893,93,1,31.00,55610.59,0.07,0.02,N,O,1996-10-12,1996-11-22,1996-11-07,TAKE BACK RETURN,RAIL,ess deposits 
16962-2,16962,162,89,2,21.00,22305.36,0.07,0.02,N,O,1996-12-14,1996-11-15,1997-01-04,TAKE BACK RETURN,MAIL,latelets above
16962-3,16962,1929,74,3,27.00,49434.84,0.10,0.08,N,O,1996-12-10,1996-11-02,1997-01-05,NONE,REG AIR,quickly blithely final 
16962-4,16962,828,95,4,31.00,53593.42,0.05,0.01,N,O,1996-12-03,1996-10-22,1996-12-24,DELIVER IN PERSON,REG AIR,ously regular accoun
16962-5,16962,1327,28,5,40.00,49132.80,0.00,0.04,N,O,1996-10-24,1996-12-06,1996-11-05,DELIVER IN PERSON,FOB,taphs kindle blithely alon
16962-6,16962,241,23,6,43.00,49073.32,0.00,0.03,N,O,1996-12-26,1996-11-27,1997-01-24,DELIVER IN PERSON,RAIL,eep. furiously final Tiresias 
16963-1,16963,1835,65,1,35.00,60789.05,0.04,0.07,N,O,1996-07-05,1996-07-07,1996-07-28,COLLECT COD,RAIL, of the blithely f
16963-2,16963,1630,13,2,30.00,45948.90,0.10,0.05,N,O,1996-06-15,1996-07-17,1996-06-18,COLLECT COD,FOB,al multipliers print slyly. eve
16963-3,16963,1618,60,3,13.00,19754.93,0.00,0.07,N,O,1996-07-05,1996-06-24,1996-07-08,NONE,AIR,carefully even accounts. 
16963-4,16963,157,58,4,35.00,37000.25,0.05,0.03,N,O,1996-07-08,1996-07-04,1996-08-01,NONE,TRUCK,press requests. ca
16964-1,16964,233,34,1,7.00,7932.61,0.10,0.05,N,O,1995-12-01,1996-01-09,1995-12-17,NONE,FOB,packages. slyly pending theodolites thr
16965-1,16965,1618,19,1,40.00,60784.40,0.04,0.04,N,O,1997-04-01,1997-02-21,1997-04-21,NONE,TRUCK,ular accounts are quickl
16965-2,16965,1210,22,2,41.00,45559.61,0.04,0.07,N,O,1997-03-27,1997-02-10,1997-04-22,COLLECT COD,REG AIR,e carefully. instructions use quickly. bli
16965-3,16965,1911,56,3,5.00,9064.55,0.10,0.06,N,O,1997-01-28,1997-02-21,1997-02-21,DELIVER IN PERSON,MAIL,haggle carefully closely regul
16965-4,16965,1210,11,4,4.00,4444.84,0.08,0.08,N,O,1997-03-17,1997-02-23,1997-03-18,DELIVER IN PERSON,REG AIR,rd the slyly close deposits. regular theodo
16965-5,16965,1663,46,5,47.00,73539.02,0.03,0.08,N,O,1997-01-12,1997-03-01,1997-02-06,DELIVER IN PERSON,TRUCK,es. busy escapades can lose carefull
16965-6,16965,1817,47,6,39.00,67033.59,0.04,0.08,N,O,1997-04-11,1997-01-24,1997-04-19,COLLECT COD,MAIL,"ic, pending instructions sleep blithely"
16965-7,16965,343,44,7,40.00,49733.60,0.06,0.01,N,O,1997-04-24,1997-02-09,1997-05-08,NONE,RAIL,e quickly blithe deposits. fluffily ev
16966-1,16966,574,75,1,2.00,2949.14,0.08,0.01,R,F,1994-12-16,1994-12-10,1995-01-05,COLLECT COD,RAIL,nic pains. 
16966-2,16966,942,43,2,19.00,35015.86,0.04,0.02,A,F,1994-10-20,1994-11-12,1994-11-10,DELIVER IN PERSON,REG AIR,the excuses. ironic
16966-3,16966,1236,37,3,24.00,27293.52,0.10,0.08,R,F,1994-10-14,1994-10-30,1994-10-21,COLLECT COD,SHIP,nic ideas doubt slyly. blithely dogg
16966-4,16966,298,26,4,28.00,33552.12,0.05,0.02,A,F,1994-12-08,1994-12-08,1995-01-05,DELIVER IN PERSON,AIR,its haggle slyly carefully bold instruct
16966-5,16966,983,52,5,15.00,28259.70,0.01,0.03,R,F,1995-01-23,1994-12-14,1995-01-30,TAKE BACK RETURN,MAIL,nusual accounts after 
16966-6,16966,1963,96,6,16.00,29839.36,0.02,0.06,R,F,1994-10-13,1994-10-30,1994-10-26,TAKE BACK RETURN,SHIP,ly final requests nag carefully ag
16967-1,16967,232,87,1,38.00,43024.74,0.08,0.01,N,O,1995-10-02,1995-11-13,1995-10-22,COLLECT COD,MAIL,Tiresias sleep carefully across the carefu
16967-2,16967,1460,39,2,49.00,66711.54,0.01,0.02,N,O,1995-08-25,1995-09-23,1995-09-02,DELIVER IN PERSON,SHIP,sits. quickly express requests use qu
16967-3,16967,1530,71,3,21.00,30062.13,0.03,0.02,N,O,1995-10-22,1995-10-29,1995-11-09,DELIVER IN PERSON,TRUCK,about the accounts sleep quickly e
16967-4,16967,1075,76,4,4.00,3904.28,0.10,0.01,N,O,1995-09-10,1995-10-23,1995-10-08,COLLECT COD,SHIP,ideas integrate closely. f
16967-5,16967,1005,11,5,20.00,18120.00,0.04,0.07,N,O,1995-11-14,1995-11-01,1995-12-05,COLLECT COD,AIR,aggle bravel
16967-6,16967,1892,22,6,34.00,60992.26,0.10,0.01,N,O,1995-08-25,1995-10-09,1995-09-16,TAKE BACK RETURN,TRUCK,furiously i
16992-1,16992,448,49,1,29.00,39104.76,0.09,0.07,R,F,1994-03-29,1994-03-06,1994-04-27,NONE,REG AIR,special dolph
16993-1,16993,1980,81,1,23.00,43285.54,0.03,0.01,N,O,1995-11-29,1996-01-26,1995-12-16,NONE,SHIP,counts boost ac
16993-2,16993,683,77,2,1.00,1583.68,0.01,0.07,N,O,1995-11-23,1996-02-15,1995-12-12,NONE,TRUCK,yly unusual requests k
16993-3,16993,1591,92,3,8.00,11940.72,0.05,0.04,N,O,1995-12-27,1996-01-10,1996-01-21,NONE,MAIL,ggle carefully carefully regular 
16993-4,16993,24,25,4,16.00,14784.32,0.00,0.03,N,O,1996-03-09,1995-12-18,1996-03-10,NONE,RAIL,he carefully silent packag
16993-5,16993,70,71,5,28.00,27161.96,0.06,0.02,N,O,1996-02-25,1996-02-13,1996-03-13,NONE,MAIL,nstructions. final p
16993-6,16993,1600,41,6,46.00,69073.60,0.01,0.06,N,O,1996-01-28,1996-01-15,1996-02-03,NONE,SHIP,ular dependencies. carefully 
16993-7,16993,650,51,7,19.00,29462.35,0.02,0.06,N,O,1996-03-11,1995-12-18,1996-04-03,TAKE BACK RETURN,SHIP, of the deposits. fluffily bold 
16994-1,16994,1333,72,1,14.00,17280.62,0.04,0.00,N,O,1996-04-25,1996-06-07,1996-05-20,TAKE BACK RETURN,AIR,ve the carefully express ideas 
16994-2,16994,77,3,2,30.00,29312.10,0.04,0.01,N,O,1996-07-21,1996-06-25,1996-07-25,NONE,TRUCK,ously blithe requests u
16995-1,16995,1124,61,1,37.00,37929.44,0.07,0.03,R,F,1994-02-17,1994-02-28,1994-03-04,NONE,MAIL,l asymptotes. final package
16995-2,16995,1208,9,2,5.00,5546.00,0.00,0.00,R,F,1994-01-18,1994-03-11,1994-02-11,TAKE BACK RETURN,REG AIR,iet accounts; blithely even foxes 
16996-1,16996,1532,13,1,43.00,61641.79,0.02,0.01,A,F,1992-04-06,1992-03-29,1992-04-11,COLLECT COD,TRUCK,dependencies. idly regular somas abov
16996-2,16996,1665,48,2,37.00,57966.42,0.08,0.07,A,F,1992-03-16,1992-04-27,1992-04-15,COLLECT COD,RAIL,carefully final accounts. blithely close i
16996-3,16996,1391,92,3,5.00,6461.95,0.05,0.00,A,F,1992-05-08,1992-03-30,1992-05-20,COLLECT COD,FOB,uests after the ca
16996-4,16996,101,28,4,11.00,11012.10,0.07,0.07,A,F,1992-04-30,1992-04-18,1992-05-07,DELIVER IN PERSON,TRUCK,e fluffily iro
16997-1,16997,1880,24,1,26.00,46328.88,0.03,0.06,N,O,1997-11-05,1997-11-01,1997-11-29,DELIVER IN PERSON,AIR, packages are 
16997-2,16997,829,30,2,6.00,10378.92,0.03,0.00,N,O,1997-09-30,1997-09-21,1997-10-19,COLLECT COD,REG AIR,leep after the carefully ev
16998-1,16998,1664,88,1,35.00,54798.10,0.01,0.02,N,O,1996-04-22,1996-06-21,1996-05-20,COLLECT COD,FOB,ess foxes. furiously unu
16998-2,16998,523,84,2,48.00,68328.96,0.02,0.02,N,O,1996-05-25,1996-06-11,1996-06-04,TAKE BACK RETURN,FOB,ackages. fur
16998-3,16998,1552,73,3,10.00,14535.50,0.01,0.08,N,O,1996-05-08,1996-05-31,1996-06-01,TAKE BACK RETURN,SHIP,c accounts. slow pinto beans are blithely f
16998-4,16998,1613,37,4,24.00,36350.64,0.10,0.05,N,O,1996-05-23,1996-06-25,1996-06-14,DELIVER IN PERSON,FOB,dolites haggle quickly ironic package
16998-5,16998,120,73,5,32.00,32643.84,0.03,0.03,N,O,1996-05-16,1996-06-02,1996-05-27,DELIVER IN PERSON,FOB,ts sleep accordin
16999-1,16999,1963,8,1,6.00,11189.76,0.07,0.04,A,F,1994-03-22,1994-03-07,1994-03-30,DELIVER IN PERSON,SHIP,ges against 
16999-2,16999,1033,34,2,28.00,26152.84,0.05,0.00,R,F,1994-02-15,1994-04-14,1994-02-19,COLLECT COD,REG AIR,nic instructions. regular requests af
16999-3,16999,40,91,3,5.00,4700.20,0.07,0.01,R,F,1994-05-02,1994-03-11,1994-05-06,COLLECT COD,TRUCK,ar requests use. fluf
16999-4,16999,281,63,4,7.00,8268.96,0.03,0.02,R,F,1994-01-22,1994-03-03,1994-02-21,NONE,FOB," maintain final, pend"
16999-5,16999,1136,45,5,44.00,45633.72,0.00,0.08,R,F,1994-02-05,1994-04-16,1994-03-02,NONE,AIR,nal deposits. special accounts
16999-6,16999,128,55,6,30.00,30843.60,0.03,0.08,A,F,1994-04-08,1994-02-21,1994-04-14,TAKE BACK RETURN,RAIL,luffily fina
16999-7,16999,1226,27,7,11.00,12399.42,0.07,0.06,R,F,1994-04-06,1994-03-21,1994-05-05,DELIVER IN PERSON,FOB,y final requests sl
17024-1,17024,1767,52,1,26.00,43387.76,0.00,0.01,A,F,1994-11-24,1994-12-27,1994-12-01,DELIVER IN PERSON,FOB,y regular plat
17024-2,17024,859,59,2,7.00,12318.95,0.06,0.00,A,F,1994-11-04,1994-12-08,1994-11-06,NONE,MAIL,carefully ironic packages. silent pains af
17024-3,17024,420,50,3,50.00,66021.00,0.09,0.05,R,F,1994-12-01,1994-11-13,1994-12-27,COLLECT COD,TRUCK,old ideas engage around the silen
17025-1,17025,1433,34,1,1.00,1334.43,0.05,0.00,N,O,1997-01-20,1997-02-06,1997-02-04,TAKE BACK RETURN,FOB, deposits 
17025-2,17025,839,40,2,23.00,40016.09,0.06,0.01,N,O,1997-02-15,1997-01-27,1997-02-27,NONE,REG AIR,sual pinto beans caj
17025-3,17025,1858,2,3,6.00,10559.10,0.01,0.07,N,O,1997-02-18,1997-02-04,1997-03-05,DELIVER IN PERSON,FOB,ly after the hoc
17026-1,17026,66,17,1,46.00,44438.76,0.07,0.08,N,O,1996-07-04,1996-08-26,1996-07-25,DELIVER IN PERSON,REG AIR,"nic, ironic asymptotes. final ideas sleep a"
17026-2,17026,360,89,2,32.00,40331.52,0.07,0.07,N,O,1996-10-09,1996-09-07,1996-10-23,NONE,SHIP,t closely slyly thin deposits. c
17026-3,17026,130,83,3,42.00,43265.46,0.03,0.00,N,O,1996-07-26,1996-08-08,1996-07-28,TAKE BACK RETURN,RAIL,ular packages are furiousl
17026-4,17026,1835,79,4,2.00,3473.66,0.04,0.04,N,O,1996-07-16,1996-08-28,1996-08-04,DELIVER IN PERSON,AIR,egular depths boost bli
17026-5,17026,1638,80,5,9.00,13856.67,0.02,0.07,N,O,1996-08-26,1996-07-27,1996-09-08,DELIVER IN PERSON,REG AIR,ackages. even pinto beans wake slyly. 
17026-6,17026,915,16,6,40.00,72636.40,0.04,0.05,N,O,1996-07-13,1996-07-16,1996-07-17,DELIVER IN PERSON,REG AIR,g somas are carefully accounts. slyl
17026-7,17026,1733,18,7,42.00,68658.66,0.00,0.07,N,O,1996-09-06,1996-08-28,1996-09-22,DELIVER IN PERSON,AIR,ajole slyly. caref
17027-1,17027,1728,29,1,36.00,58669.92,0.09,0.04,N,O,1996-03-12,1996-02-13,1996-03-18,DELIVER IN PERSON,AIR,"pending, express ideas? furiously"
17027-2,17027,435,94,2,19.00,25373.17,0.01,0.01,N,O,1995-12-13,1996-01-18,1995-12-29,NONE,REG AIR,"er the ironic,"
17027-3,17027,1334,11,3,18.00,22235.94,0.10,0.08,N,O,1996-01-08,1996-02-19,1996-01-25,NONE,AIR,urts. carefu
17027-4,17027,13,64,4,48.00,43824.48,0.09,0.06,N,O,1996-01-11,1996-01-15,1996-01-30,DELIVER IN PERSON,RAIL,y final requests
17027-5,17027,201,83,5,43.00,47351.60,0.07,0.01,N,O,1996-03-20,1996-02-23,1996-04-05,TAKE BACK RETURN,AIR, quickly furiously special accounts. s
17027-6,17027,935,70,6,12.00,22031.16,0.04,0.08,N,O,1995-12-02,1996-02-17,1995-12-26,TAKE BACK RETURN,SHIP,sly express asymptotes use
17028-1,17028,1410,28,1,38.00,49833.58,0.07,0.00,A,F,1994-12-20,1994-11-16,1995-01-19,COLLECT COD,REG AIR,refully final 
17028-2,17028,1531,52,2,20.00,28650.60,0.00,0.03,R,F,1994-12-31,1995-01-14,1995-01-27,DELIVER IN PERSON,REG AIR,nd the furiously bold de
17028-3,17028,1995,96,3,4.00,7587.96,0.01,0.02,R,F,1994-11-06,1994-12-03,1994-11-19,COLLECT COD,RAIL,cajole furio
17028-4,17028,920,23,4,32.00,58269.44,0.00,0.04,A,F,1995-01-14,1994-11-16,1995-02-04,NONE,AIR,boost quickl
17028-5,17028,1622,46,5,35.00,53326.70,0.06,0.02,A,F,1994-12-20,1994-12-19,1995-01-14,NONE,AIR, cajole flu
17029-1,17029,1906,39,1,23.00,41581.70,0.08,0.04,N,O,1997-11-30,1997-12-12,1997-12-18,COLLECT COD,FOB,carefully ironic accounts. regular de
17029-2,17029,1351,52,2,9.00,11271.15,0.01,0.04,N,O,1997-10-19,1997-12-18,1997-11-02,COLLECT COD,SHIP,ests. furiously express asymptot
17029-3,17029,1842,72,3,29.00,50571.36,0.10,0.08,N,O,1998-01-24,1998-01-01,1998-02-09,DELIVER IN PERSON,RAIL,wly even theodolites run carefully fur
17029-4,17029,1857,1,4,42.00,73871.70,0.01,0.04,N,O,1997-11-17,1997-11-18,1997-12-02,DELIVER IN PERSON,FOB,"dencies. even, ironic "
17030-1,17030,738,39,1,14.00,22942.22,0.10,0.06,N,O,1997-08-04,1997-08-31,1997-08-20,DELIVER IN PERSON,REG AIR,iously. pending instru
17030-2,17030,1003,74,2,43.00,38872.00,0.05,0.02,N,O,1997-08-13,1997-10-24,1997-09-06,TAKE BACK RETURN,AIR,thes. slyly unusual t
17030-3,17030,146,47,3,16.00,16738.24,0.08,0.00,N,O,1997-08-04,1997-09-24,1997-08-07,NONE,MAIL,ccording to the i
17030-4,17030,800,33,4,33.00,56126.40,0.08,0.04,N,O,1997-11-24,1997-09-26,1997-12-17,NONE,REG AIR,cial requests. re
17030-5,17030,948,17,5,36.00,66561.84,0.06,0.07,N,O,1997-08-29,1997-09-06,1997-09-16,COLLECT COD,RAIL,ainst the slyly bold accounts thra
17030-6,17030,38,14,6,31.00,29078.93,0.08,0.03,N,O,1997-10-11,1997-10-01,1997-11-06,COLLECT COD,TRUCK,furiously sp
17030-7,17030,1747,48,7,17.00,28028.58,0.00,0.02,N,O,1997-08-09,1997-10-17,1997-08-28,COLLECT COD,RAIL,nic pinto beans de
17031-1,17031,1781,66,1,24.00,40386.72,0.00,0.05,N,O,1996-12-28,1996-12-12,1997-01-16,COLLECT COD,MAIL,final packages. regul
17031-2,17031,297,79,2,1.00,1197.29,0.06,0.06,N,O,1996-11-24,1996-10-30,1996-12-09,NONE,SHIP,platelets nag silently express idea
17056-1,17056,17,68,1,42.00,38514.42,0.07,0.00,N,O,1998-11-01,1998-10-13,1998-11-04,DELIVER IN PERSON,RAIL,structions slee
17056-2,17056,955,56,2,49.00,90941.55,0.01,0.06,N,O,1998-10-11,1998-08-29,1998-10-14,COLLECT COD,TRUCK,"ly brave, regular"
17056-3,17056,1304,19,3,24.00,28927.20,0.00,0.08,N,O,1998-11-17,1998-10-21,1998-11-25,COLLECT COD,AIR,ly. carefu
17056-4,17056,466,25,4,36.00,49192.56,0.00,0.02,N,O,1998-08-09,1998-08-23,1998-08-30,COLLECT COD,MAIL,ckages. furiously bold platele
17056-5,17056,1194,3,5,50.00,54759.50,0.03,0.03,N,O,1998-10-31,1998-10-06,1998-11-27,NONE,REG AIR,packages are caref
17057-1,17057,1757,58,1,24.00,39810.00,0.09,0.06,N,O,1995-06-25,1995-07-05,1995-07-23,TAKE BACK RETURN,SHIP,oss the final packages: slyly bold deposits
17058-1,17058,1354,31,1,28.00,35149.80,0.07,0.01,A,F,1995-03-06,1995-03-21,1995-03-18,COLLECT COD,MAIL, of the sile
17058-2,17058,1197,6,2,9.00,9883.71,0.05,0.03,R,F,1995-01-14,1995-03-07,1995-02-04,TAKE BACK RETURN,MAIL,sts cajole furiou
17058-3,17058,1355,56,3,10.00,12563.50,0.06,0.00,R,F,1995-02-14,1995-03-16,1995-03-05,NONE,MAIL,deposits. final pinto beans
17058-4,17058,1978,79,4,1.00,1879.97,0.03,0.06,A,F,1995-03-23,1995-02-25,1995-03-24,COLLECT COD,SHIP,"al, final deposits above th"
17058-5,17058,303,4,5,29.00,34895.70,0.03,0.06,A,F,1995-01-09,1995-03-26,1995-02-03,DELIVER IN PERSON,FOB,furiously regular re
17058-6,17058,1651,93,6,34.00,52790.10,0.08,0.03,R,F,1995-04-18,1995-03-13,1995-05-13,DELIVER IN PERSON,FOB,final request
17059-1,17059,812,13,1,19.00,32543.39,0.02,0.02,N,O,1998-08-01,1998-06-30,1998-08-11,DELIVER IN PERSON,TRUCK, are stealthily. packages cajole
17059-2,17059,1946,79,2,25.00,46198.50,0.09,0.02,N,O,1998-04-10,1998-05-27,1998-04-26,NONE,SHIP,nal dependencies-- slyly blithe 
17060-1,17060,1370,47,1,41.00,52126.17,0.05,0.05,N,O,1997-09-08,1997-07-08,1997-09-18,COLLECT COD,FOB, foxes. carefully
17061-1,17061,131,84,1,10.00,10311.30,0.09,0.02,R,F,1992-11-10,1993-01-02,1992-12-02,TAKE BACK RETURN,SHIP,packages sleep after the ironic 
17061-2,17061,200,53,2,24.00,26404.80,0.00,0.07,R,F,1993-02-16,1992-12-14,1993-03-13,NONE,MAIL,ironic accounts integrate blithely 
17061-3,17061,27,78,3,2.00,1854.04,0.10,0.05,A,F,1993-02-13,1992-12-22,1993-03-13,COLLECT COD,FOB,d packages affix slyly again
17061-4,17061,1768,11,4,8.00,13358.08,0.04,0.00,R,F,1993-02-04,1993-01-27,1993-02-14,DELIVER IN PERSON,SHIP,terns cajole along the even ideas; qui
17061-5,17061,354,83,5,46.00,57700.10,0.05,0.07,A,F,1992-12-10,1993-01-26,1993-01-08,COLLECT COD,SHIP, regular pinto beans. pinto bea
17062-1,17062,1358,35,1,43.00,54152.05,0.01,0.02,N,O,1997-10-29,1997-10-29,1997-11-19,COLLECT COD,RAIL,ly ironic depo
17062-2,17062,1477,56,2,18.00,24812.46,0.06,0.00,N,O,1997-10-01,1997-11-25,1997-10-28,COLLECT COD,FOB,s haggle stealthily carefully regular acc
17063-1,17063,1584,5,1,2.00,2971.16,0.07,0.06,N,O,1997-10-13,1997-10-13,1997-11-08,DELIVER IN PERSON,SHIP,-ray slyly bold instructions. warhor
17063-2,17063,1768,53,2,24.00,40074.24,0.03,0.06,N,O,1997-10-04,1997-10-05,1997-10-14,DELIVER IN PERSON,REG AIR,ar excuses shall are around t
17063-3,17063,630,62,3,44.00,67347.72,0.08,0.07,N,O,1997-11-05,1997-09-02,1997-12-03,NONE,AIR,s despite the regular theodolite
17063-4,17063,1963,52,4,29.00,54083.84,0.09,0.06,N,O,1997-09-20,1997-09-19,1997-10-12,TAKE BACK RETURN,REG AIR,ironic dolphins about the 
17063-5,17063,301,2,5,37.00,44448.10,0.06,0.01,N,O,1997-09-15,1997-10-23,1997-10-13,DELIVER IN PERSON,FOB,nal ideas boost ou
17088-1,17088,1507,28,1,14.00,19719.00,0.09,0.05,R,F,1992-04-04,1992-05-04,1992-04-23,NONE,FOB,ounts alongside of the qui
17089-1,17089,1567,48,1,37.00,54336.72,0.02,0.04,N,O,1997-08-15,1997-08-25,1997-09-03,DELIVER IN PERSON,REG AIR,"g slyly along the ironic, final account"
17089-2,17089,1623,6,2,6.00,9147.72,0.08,0.03,N,O,1997-09-25,1997-07-22,1997-10-18,NONE,FOB,kages wake careful
17089-3,17089,1076,77,3,41.00,40059.87,0.10,0.04,N,O,1997-10-10,1997-09-03,1997-10-20,COLLECT COD,FOB,ts with th
17089-4,17089,1847,77,4,10.00,17488.40,0.10,0.00,N,O,1997-07-02,1997-08-02,1997-07-11,NONE,REG AIR,ainst the final soma
17089-5,17089,1028,99,5,14.00,13006.28,0.02,0.01,N,O,1997-09-14,1997-08-17,1997-10-14,TAKE BACK RETURN,MAIL,odolites impress along the blithely r
17090-1,17090,1806,7,1,48.00,81974.40,0.10,0.00,R,F,1993-06-07,1993-07-20,1993-06-16,NONE,FOB,posits haggle quickly ac
17090-2,17090,1090,61,2,44.00,43607.96,0.02,0.06,A,F,1993-07-25,1993-06-15,1993-08-13,DELIVER IN PERSON,AIR,al pinto beans? sometimes even packag
17090-3,17090,1467,85,3,12.00,16421.52,0.02,0.05,A,F,1993-08-28,1993-06-19,1993-09-17,TAKE BACK RETURN,RAIL,ous instructions. carefully bold requests 
17090-4,17090,1355,94,4,8.00,10050.80,0.06,0.08,A,F,1993-08-19,1993-07-26,1993-09-03,DELIVER IN PERSON,REG AIR,t blithely about the furiously f
17091-1,17091,931,34,1,20.00,36638.60,0.01,0.08,A,F,1992-09-13,1992-09-23,1992-10-02,COLLECT COD,RAIL,final asymptotes affix furiously qui
17091-2,17091,672,35,2,27.00,42462.09,0.00,0.08,A,F,1992-07-25,1992-09-20,1992-07-26,DELIVER IN PERSON,REG AIR,e regular packag
17091-3,17091,1880,67,3,46.00,81966.48,0.08,0.04,R,F,1992-10-19,1992-09-03,1992-10-30,COLLECT COD,FOB,eneath the carefully regular a
17092-1,17092,285,86,1,16.00,18964.48,0.06,0.06,N,O,1997-01-23,1996-12-05,1997-02-06,DELIVER IN PERSON,REG AIR,ual instructions affix furiously. careful
17092-2,17092,481,69,2,9.00,12433.32,0.01,0.07,N,O,1996-11-30,1996-11-20,1996-12-21,DELIVER IN PERSON,REG AIR,s. furiously ironic requests
17092-3,17092,1886,73,3,48.00,85818.24,0.04,0.00,N,O,1996-09-30,1996-11-14,1996-10-19,COLLECT COD,REG AIR,kly unusual packages. quickly express reque
17092-4,17092,67,93,4,32.00,30945.92,0.01,0.03,N,O,1996-10-25,1996-12-26,1996-10-29,DELIVER IN PERSON,SHIP,iously pending depo
17092-5,17092,1609,51,5,10.00,15106.00,0.05,0.01,N,O,1996-12-12,1996-12-10,1996-12-18,DELIVER IN PERSON,TRUCK,"g, unusual packages"
17092-6,17092,1412,13,6,30.00,39402.30,0.04,0.01,N,O,1997-01-12,1996-11-11,1997-01-30,COLLECT COD,REG AIR, even packa
17092-7,17092,272,54,7,29.00,33995.83,0.02,0.04,N,O,1997-01-22,1996-11-04,1997-02-16,DELIVER IN PERSON,TRUCK,s. requests sleep against the somas. de
17093-1,17093,1067,73,1,24.00,23233.44,0.10,0.04,A,F,1992-04-07,1992-05-04,1992-05-05,DELIVER IN PERSON,MAIL,asymptotes. even ideas wak
17093-2,17093,578,39,2,9.00,13307.13,0.06,0.03,A,F,1992-02-15,1992-04-04,1992-03-09,DELIVER IN PERSON,SHIP,unts nag. blithely pending accounts 
17093-3,17093,260,61,3,31.00,35968.06,0.09,0.06,A,F,1992-05-03,1992-03-14,1992-05-21,TAKE BACK RETURN,RAIL,re furiously quickly special d
17093-4,17093,1359,98,4,40.00,50414.00,0.00,0.01,R,F,1992-04-19,1992-04-01,1992-05-05,DELIVER IN PERSON,FOB,lyly alongside of the blithely bold somas. 
17094-1,17094,1418,19,1,25.00,32985.25,0.03,0.08,N,O,1996-09-30,1996-09-23,1996-10-09,NONE,REG AIR,sly regular tithes cajole furiously unusua
17094-2,17094,254,36,2,15.00,17313.75,0.01,0.03,N,O,1996-08-04,1996-08-29,1996-09-02,TAKE BACK RETURN,SHIP,ly fluffily final packages. bo
17094-3,17094,583,44,3,41.00,60826.78,0.08,0.03,N,O,1996-10-03,1996-09-26,1996-10-15,COLLECT COD,REG AIR,sheaves will have to are silently-- 
17094-4,17094,1330,69,4,21.00,25857.93,0.04,0.05,N,O,1996-08-20,1996-09-16,1996-08-21,TAKE BACK RETURN,MAIL,yly pending dolphins. express requests 
17094-5,17094,1059,60,5,49.00,47042.45,0.08,0.05,N,O,1996-09-14,1996-09-27,1996-10-02,NONE,FOB,ly carefully bold pi
17094-6,17094,436,95,6,41.00,54793.63,0.10,0.00,N,O,1996-10-03,1996-08-09,1996-10-23,TAKE BACK RETURN,RAIL,iously bold requests. qu
17094-7,17094,1164,73,7,18.00,19172.88,0.01,0.02,N,O,1996-09-18,1996-09-24,1996-09-19,DELIVER IN PERSON,REG AIR, beans. quickly b
17095-1,17095,1370,85,1,20.00,25427.40,0.07,0.07,N,O,1997-09-15,1997-11-05,1997-10-05,COLLECT COD,RAIL,ts detect according to the slyly ironic exc
17095-2,17095,1987,32,2,6.00,11333.88,0.08,0.08,N,O,1997-08-21,1997-10-07,1997-09-07,NONE,TRUCK,silent dolphins kindle final acc
17095-3,17095,1462,63,3,9.00,12271.14,0.10,0.04,N,O,1997-10-04,1997-09-18,1997-10-28,NONE,RAIL,y express foxes with the
17095-4,17095,859,93,4,34.00,59834.90,0.10,0.00,N,O,1997-08-22,1997-09-12,1997-09-17,TAKE BACK RETURN,MAIL,structions hinder bravely sile
17095-5,17095,1307,22,5,21.00,25374.30,0.08,0.04,N,O,1997-11-25,1997-11-02,1997-12-10,NONE,TRUCK,ructions boost quickly even accounts. 
17120-1,17120,945,80,1,21.00,38764.74,0.02,0.00,N,O,1998-02-27,1998-01-20,1998-03-05,TAKE BACK RETURN,FOB,fter the final 
17120-2,17120,1961,6,2,9.00,16766.64,0.04,0.06,N,O,1997-12-08,1998-01-27,1997-12-21,NONE,SHIP,arefully bold 
17121-1,17121,221,3,1,50.00,56061.00,0.00,0.05,N,O,1997-04-22,1997-05-12,1997-05-21,NONE,REG AIR,even excuses haggle 
17121-2,17121,149,2,2,18.00,18884.52,0.10,0.02,N,O,1997-06-13,1997-05-09,1997-06-21,NONE,RAIL,equests are carefully. quickly final platel
17121-3,17121,1691,74,3,34.00,54151.46,0.00,0.01,N,O,1997-03-14,1997-05-27,1997-03-17,TAKE BACK RETURN,MAIL, carefully even platelets pro
17121-4,17121,1454,55,4,13.00,17620.85,0.07,0.00,N,O,1997-05-31,1997-04-08,1997-06-03,COLLECT COD,REG AIR,ickly regul
17121-5,17121,171,24,5,22.00,23565.74,0.01,0.06,N,O,1997-03-24,1997-04-28,1997-04-19,NONE,FOB, slyly. slyly final requests haggle furi
17122-1,17122,206,7,1,11.00,12168.20,0.06,0.06,N,O,1996-09-30,1996-12-23,1996-10-04,TAKE BACK RETURN,REG AIR,y even dolphins
17122-2,17122,1393,8,2,24.00,31065.36,0.10,0.06,N,O,1996-11-03,1996-11-15,1996-11-22,TAKE BACK RETURN,MAIL,its. ironic pinto beans cajole blithe
17122-3,17122,883,17,3,40.00,71355.20,0.07,0.06,N,O,1996-09-26,1996-12-18,1996-10-25,COLLECT COD,TRUCK," the final, silent idea"
17123-1,17123,1285,97,1,19.00,22539.32,0.03,0.03,A,F,1993-12-29,1994-01-04,1994-01-28,NONE,MAIL,uests. slyly pend
17123-2,17123,972,75,2,48.00,89902.56,0.06,0.06,R,F,1993-11-20,1993-11-25,1993-12-09,DELIVER IN PERSON,TRUCK,"cross the close, ironic r"
17123-3,17123,452,53,3,28.00,37868.60,0.00,0.08,A,F,1994-01-02,1994-01-01,1994-01-24,COLLECT COD,AIR,ts are slyly iron
17123-4,17123,1846,90,4,13.00,22721.92,0.03,0.01,R,F,1993-11-20,1993-12-25,1993-12-07,NONE,MAIL,e furiously unusual ideas: carefu
17124-1,17124,1102,75,1,33.00,33102.30,0.03,0.04,A,F,1994-12-14,1995-01-19,1995-01-10,TAKE BACK RETURN,SHIP,ckly across the carefully final pla
17124-2,17124,732,97,2,49.00,80003.77,0.10,0.02,A,F,1994-12-16,1994-12-18,1994-12-17,COLLECT COD,REG AIR,c packages. carefully special re
17124-3,17124,53,54,3,10.00,9530.50,0.06,0.08,A,F,1995-02-22,1995-01-09,1995-03-17,NONE,SHIP,to the blithely f
17124-4,17124,1488,28,4,10.00,13894.80,0.00,0.00,R,F,1994-11-20,1995-01-14,1994-12-12,TAKE BACK RETURN,RAIL, multipliers. regular requests about
17124-5,17124,1159,68,5,46.00,48766.90,0.08,0.02,A,F,1994-12-01,1994-12-06,1994-12-24,DELIVER IN PERSON,REG AIR,ly final accounts are acco
17125-1,17125,373,2,1,41.00,52208.17,0.03,0.06,N,O,1996-09-30,1996-10-06,1996-10-25,NONE,MAIL, beans haggle blithely sp
17125-2,17125,289,90,2,18.00,21407.04,0.05,0.04,N,O,1996-09-25,1996-10-20,1996-10-17,DELIVER IN PERSON,FOB,ons. always en
17125-3,17125,1102,39,3,21.00,21065.10,0.02,0.00,N,O,1996-09-23,1996-09-27,1996-09-26,COLLECT COD,TRUCK,ly around the express deposits
17125-4,17125,1095,31,4,11.00,10956.99,0.00,0.06,N,O,1996-08-15,1996-09-11,1996-08-31,COLLECT COD,REG AIR,"st the even,"
17125-5,17125,91,92,5,40.00,39643.60,0.08,0.03,N,O,1996-08-12,1996-10-25,1996-08-27,TAKE BACK RETURN,MAIL,inst the fluffi
17125-6,17125,19,45,6,5.00,4595.05,0.05,0.06,N,O,1996-10-31,1996-09-12,1996-11-28,NONE,RAIL,even packages by 
17125-7,17125,1938,71,7,19.00,34958.67,0.04,0.05,N,O,1996-09-16,1996-11-01,1996-10-07,COLLECT COD,TRUCK,he slyly pending theodolites. quic
17126-1,17126,482,70,1,38.00,52534.24,0.07,0.06,A,F,1993-04-16,1993-02-28,1993-05-01,COLLECT COD,TRUCK, packages wake alongside of the 
17126-2,17126,1054,55,2,14.00,13370.70,0.10,0.02,A,F,1993-02-11,1993-01-18,1993-02-28,DELIVER IN PERSON,SHIP,posits after th
17127-1,17127,1744,71,1,9.00,14811.66,0.00,0.03,N,O,1997-01-08,1997-02-16,1997-01-21,NONE,FOB,foxes haggle blithely.
17127-2,17127,421,80,2,22.00,29071.24,0.09,0.08,N,O,1997-02-05,1997-03-13,1997-02-08,COLLECT COD,RAIL,otornis boost after the
17127-3,17127,282,10,3,42.00,49655.76,0.02,0.07,N,O,1997-02-16,1997-03-10,1997-03-18,NONE,REG AIR,lly even decoys. pending packages kind
17127-4,17127,1139,76,4,14.00,14561.82,0.10,0.04,N,O,1997-04-15,1997-02-25,1997-04-28,DELIVER IN PERSON,MAIL,s. quickly ironic a
17127-5,17127,1564,45,5,49.00,71812.44,0.05,0.04,N,O,1997-03-02,1997-03-21,1997-03-03,DELIVER IN PERSON,AIR, instructions sl
17152-1,17152,150,51,1,3.00,3150.45,0.04,0.06,A,F,1992-06-17,1992-04-12,1992-06-23,NONE,SHIP,alongside of the fluffily ironic r
17152-2,17152,1564,65,2,10.00,14655.60,0.03,0.01,A,F,1992-07-12,1992-05-11,1992-07-18,NONE,RAIL, pending requests accor
17152-3,17152,919,20,3,14.00,25478.74,0.00,0.06,A,F,1992-05-13,1992-05-07,1992-06-02,NONE,REG AIR,ld excuses are. regularly exp
17152-4,17152,1807,51,4,14.00,23923.20,0.07,0.00,R,F,1992-04-12,1992-06-06,1992-04-27,NONE,RAIL,ithely ironic accounts. furi
17152-5,17152,908,77,5,33.00,59693.70,0.05,0.00,R,F,1992-04-15,1992-05-08,1992-05-01,COLLECT COD,FOB, always ac
17152-6,17152,88,64,6,44.00,43475.52,0.07,0.06,A,F,1992-03-14,1992-06-01,1992-03-17,TAKE BACK RETURN,RAIL,even requests. blithel
17153-1,17153,1669,70,1,43.00,67538.38,0.02,0.01,N,O,1996-11-23,1996-09-28,1996-12-01,COLLECT COD,SHIP,lithely regular
17153-2,17153,1033,69,2,48.00,44833.44,0.00,0.08,N,O,1996-10-02,1996-10-04,1996-10-13,COLLECT COD,SHIP,ending platelets. f
17153-3,17153,1451,52,3,49.00,66270.05,0.05,0.07,N,O,1996-08-24,1996-09-15,1996-09-17,NONE,SHIP,osits use slyly blithely ironic accoun
17153-4,17153,1774,59,4,29.00,48597.33,0.06,0.04,N,O,1996-09-06,1996-10-08,1996-09-29,TAKE BACK RETURN,RAIL,s above the bold ideas
17153-5,17153,1150,23,5,50.00,52557.50,0.07,0.07,N,O,1996-10-18,1996-09-28,1996-11-10,DELIVER IN PERSON,AIR,yly even instructions. ironic acc
17154-1,17154,1283,58,1,37.00,43818.36,0.10,0.07,N,O,1998-06-15,1998-07-31,1998-06-26,NONE,MAIL,ully pinto beans. blithely special 
17155-1,17155,1651,34,1,12.00,18631.80,0.10,0.04,A,F,1994-05-05,1994-04-06,1994-05-18,COLLECT COD,REG AIR,ly ironic excuses nag slyly slyly 
17155-2,17155,1409,49,2,34.00,44553.60,0.03,0.00,A,F,1994-03-31,1994-03-25,1994-04-28,TAKE BACK RETURN,RAIL,unts. even in
17155-3,17155,1790,91,3,50.00,84589.50,0.08,0.01,R,F,1994-04-18,1994-04-29,1994-05-08,NONE,TRUCK,et ideas. slyly spec
17155-4,17155,1341,18,4,16.00,19877.44,0.05,0.07,R,F,1994-03-22,1994-04-25,1994-04-06,COLLECT COD,MAIL, even excuses. ideas 
17155-5,17155,685,79,5,24.00,38056.32,0.01,0.07,R,F,1994-02-10,1994-03-25,1994-02-27,DELIVER IN PERSON,REG AIR,must have to use. 
17155-6,17155,1765,66,6,37.00,61670.12,0.06,0.01,R,F,1994-04-21,1994-03-08,1994-04-25,TAKE BACK RETURN,TRUCK, packages eat furious
17156-1,17156,1191,64,1,10.00,10921.90,0.10,0.08,N,O,1998-02-13,1998-04-14,1998-03-15,TAKE BACK RETURN,FOB, to sleep along
17156-2,17156,938,73,2,34.00,62523.62,0.08,0.01,N,O,1998-03-20,1998-03-21,1998-04-07,COLLECT COD,REG AIR,ructions in place of the careful
17156-3,17156,666,29,3,40.00,62666.40,0.04,0.05,N,O,1998-05-27,1998-04-18,1998-06-23,COLLECT COD,MAIL, furiously final accounts. bl
17156-4,17156,534,95,4,9.00,12910.77,0.06,0.01,N,O,1998-02-23,1998-04-22,1998-03-05,TAKE BACK RETURN,FOB, cajole among the fluffily 
17156-5,17156,1483,1,5,2.00,2768.96,0.02,0.06,N,O,1998-05-27,1998-03-04,1998-06-17,COLLECT COD,SHIP,to cajole. final instructions use
17156-6,17156,1318,33,6,35.00,42675.85,0.09,0.03,N,O,1998-03-14,1998-03-31,1998-04-01,DELIVER IN PERSON,AIR,furiously. care
17157-1,17157,693,25,1,2.00,3187.38,0.02,0.03,A,F,1992-11-20,1992-11-30,1992-12-12,NONE,AIR, furiously; 
17157-2,17157,1755,56,2,40.00,66270.00,0.02,0.04,R,F,1992-12-15,1992-11-07,1993-01-11,NONE,FOB,sits-- carefully regular accounts nag sl
17158-1,17158,175,2,1,39.00,41931.63,0.09,0.05,R,F,1993-07-01,1993-06-22,1993-07-11,NONE,SHIP,c requests. furiously pendi
17159-1,17159,1797,40,1,8.00,13590.32,0.10,0.01,N,O,1996-08-20,1996-10-23,1996-08-21,COLLECT COD,AIR,ironic deposits are blithely slyly reg
17159-2,17159,1846,47,2,10.00,17478.40,0.05,0.00,N,O,1996-09-24,1996-10-03,1996-10-07,TAKE BACK RETURN,MAIL,ven pinto beans 
17159-3,17159,1394,33,3,19.00,24612.41,0.03,0.00,N,O,1996-11-02,1996-11-10,1996-11-05,TAKE BACK RETURN,FOB,its haggle blithely
17159-4,17159,1660,61,4,44.00,68713.04,0.10,0.08,N,O,1996-09-11,1996-10-14,1996-10-09,COLLECT COD,SHIP,al accounts. furiously expr
17184-1,17184,1040,11,1,41.00,38582.64,0.07,0.03,N,O,1997-05-16,1997-04-06,1997-05-28,COLLECT COD,FOB,. furiously bold theodolites w
17184-2,17184,1027,63,2,48.00,44544.96,0.03,0.06,N,O,1997-03-04,1997-04-06,1997-03-31,DELIVER IN PERSON,RAIL,". unusual, even"
17185-1,17185,1217,29,1,6.00,6709.26,0.09,0.01,A,F,1994-12-19,1994-12-15,1994-12-27,DELIVER IN PERSON,REG AIR,y pending pear
17185-2,17185,1881,25,2,6.00,10697.28,0.07,0.02,A,F,1994-11-05,1995-01-11,1994-11-27,NONE,REG AIR,ites detect carefully 
17185-3,17185,481,11,3,11.00,15196.28,0.03,0.04,R,F,1994-12-09,1994-12-29,1994-12-19,TAKE BACK RETURN,FOB,usly ironic deposits sleep furiously. p
17185-4,17185,1011,12,4,3.00,2736.03,0.10,0.08,R,F,1995-01-10,1995-01-15,1995-01-29,COLLECT COD,MAIL,es. furiously special courts wake slyly
17185-5,17185,376,61,5,11.00,14040.07,0.03,0.00,A,F,1994-11-30,1994-12-24,1994-12-12,COLLECT COD,TRUCK,its integrate furious
17185-6,17185,697,60,6,22.00,35149.18,0.05,0.08,A,F,1995-02-09,1995-01-25,1995-02-25,NONE,REG AIR,ests. accounts according t
17186-1,17186,300,55,1,34.00,40810.20,0.00,0.05,R,F,1994-04-20,1994-03-15,1994-05-16,COLLECT COD,SHIP,ites. quickly bl
17186-2,17186,1141,50,2,20.00,20842.80,0.10,0.01,R,F,1994-05-27,1994-04-23,1994-06-13,COLLECT COD,REG AIR,"he packages. daring, unusual requests "
17186-3,17186,1128,1,3,14.00,14407.68,0.00,0.05,A,F,1994-04-13,1994-04-12,1994-05-09,DELIVER IN PERSON,MAIL,lar pinto beans among the 
17186-4,17186,151,4,4,1.00,1051.15,0.01,0.02,A,F,1994-02-11,1994-04-19,1994-02-17,TAKE BACK RETURN,REG AIR,s. ironic packages wake f
17186-5,17186,78,29,5,48.00,46947.36,0.06,0.06,A,F,1994-03-25,1994-04-07,1994-04-22,COLLECT COD,AIR,uriously along the carefully permanent
17186-6,17186,1778,21,6,33.00,55432.41,0.06,0.01,R,F,1994-05-20,1994-02-26,1994-06-12,TAKE BACK RETURN,RAIL,ording to the un
17186-7,17186,136,63,7,21.00,21758.73,0.06,0.03,A,F,1994-05-20,1994-03-04,1994-05-28,NONE,TRUCK,leep blithely even courts. carefu
17187-1,17187,1782,9,1,26.00,43778.28,0.05,0.05,R,F,1992-10-02,1992-11-16,1992-10-21,TAKE BACK RETURN,MAIL,bold instructions are flu
17187-2,17187,330,31,2,11.00,13533.63,0.08,0.07,A,F,1992-11-19,1992-12-18,1992-12-11,NONE,MAIL,"the unusual, express courts sleep"
17187-3,17187,1979,68,3,27.00,50786.19,0.08,0.06,A,F,1992-10-29,1992-11-22,1992-11-15,NONE,FOB,ckages cajole slyly care
17187-4,17187,770,35,4,19.00,31744.63,0.08,0.08,R,F,1992-12-13,1992-12-16,1992-12-20,COLLECT COD,RAIL, to use. packages play furiously sly packag
17187-5,17187,1284,85,5,26.00,30817.28,0.00,0.05,A,F,1992-12-27,1992-12-20,1992-12-29,NONE,REG AIR,lites nag quickly. fluffily even foxes de
17187-6,17187,1682,24,6,44.00,69681.92,0.09,0.01,R,F,1993-01-22,1992-12-14,1993-01-28,COLLECT COD,REG AIR,le fluffily. quickly regular depos
17187-7,17187,765,66,7,6.00,9994.56,0.00,0.02,R,F,1992-10-04,1992-12-13,1992-10-29,NONE,REG AIR,ves solve sly
17188-1,17188,1560,61,1,6.00,8769.36,0.08,0.05,N,O,1998-03-10,1998-03-29,1998-03-29,NONE,AIR,usly regular f
17188-2,17188,758,59,2,24.00,39810.00,0.04,0.04,N,O,1998-04-16,1998-02-25,1998-05-13,NONE,MAIL,uses affix carefully after the furio
17188-3,17188,851,18,3,21.00,36788.85,0.01,0.00,N,O,1998-02-05,1998-03-11,1998-02-19,COLLECT COD,SHIP,nusual depend
17188-4,17188,1397,74,4,12.00,15580.68,0.05,0.07,N,O,1998-04-29,1998-03-01,1998-05-24,NONE,SHIP,y final requests hag
17188-5,17188,1580,81,5,33.00,48892.14,0.05,0.05,N,O,1998-01-18,1998-03-27,1998-02-07,TAKE BACK RETURN,MAIL,sual asymptotes boost blithely 
17189-1,17189,175,54,1,16.00,17202.72,0.09,0.06,N,O,1996-01-22,1995-12-14,1996-01-29,COLLECT COD,FOB, evenly express accounts sublate alon
17189-2,17189,1951,40,2,26.00,48176.70,0.08,0.03,N,O,1996-01-30,1995-12-15,1996-02-10,COLLECT COD,RAIL,ly regular packages wake above th
17189-3,17189,856,57,3,39.00,68517.15,0.09,0.00,N,O,1996-01-01,1995-12-20,1996-01-07,DELIVER IN PERSON,AIR,y regular platelets are sl
17190-1,17190,1749,34,1,46.00,75934.04,0.05,0.03,N,O,1996-07-25,1996-08-24,1996-08-24,COLLECT COD,AIR,eans sleep fluffily against the unusual de
17190-2,17190,1955,88,2,39.00,72421.05,0.05,0.00,N,O,1996-08-12,1996-08-03,1996-09-06,NONE,TRUCK,iously pending theodol
17191-1,17191,1220,21,1,43.00,48212.46,0.05,0.07,N,O,1995-08-18,1995-05-31,1995-08-31,DELIVER IN PERSON,TRUCK,"accounts use. pending, iro"
17191-2,17191,589,90,2,40.00,59583.20,0.01,0.05,N,O,1995-07-14,1995-06-07,1995-08-07,NONE,SHIP,structions integrate fluffily with the e
17191-3,17191,280,35,3,3.00,3540.84,0.02,0.07,N,F,1995-05-29,1995-06-23,1995-06-23,TAKE BACK RETURN,FOB,thes haggle 
17191-4,17191,1010,16,4,41.00,37351.41,0.01,0.01,N,O,1995-06-24,1995-06-23,1995-07-04,COLLECT COD,TRUCK, pinto beans h
17216-1,17216,1543,64,1,27.00,39002.58,0.03,0.04,R,F,1992-06-16,1992-07-22,1992-07-12,NONE,AIR,"le even, final foxes. even packages "
17216-2,17216,317,2,2,24.00,29215.44,0.09,0.06,R,F,1992-06-26,1992-08-02,1992-07-24,DELIVER IN PERSON,TRUCK,accounts nag quickly. u
17216-3,17216,1264,65,3,24.00,27966.24,0.07,0.00,R,F,1992-05-31,1992-07-07,1992-06-21,TAKE BACK RETURN,AIR,nic theodolites. furiously final requ
17216-4,17216,240,22,4,18.00,20524.32,0.05,0.03,A,F,1992-07-12,1992-07-01,1992-07-17,NONE,TRUCK,doubt. slyly eve
17217-1,17217,289,90,1,5.00,5946.40,0.09,0.08,R,F,1994-08-30,1994-11-04,1994-09-06,NONE,FOB,c frays. accounts are furiously. pendi
17218-1,17218,1112,49,1,30.00,30393.30,0.02,0.04,R,F,1992-09-04,1992-10-06,1992-09-29,TAKE BACK RETURN,FOB,y express packages hinder. 
17218-2,17218,706,7,2,10.00,16067.00,0.05,0.05,R,F,1992-11-07,1992-08-30,1992-11-27,COLLECT COD,MAIL,ang across the blithely 
17219-1,17219,1063,99,1,29.00,27957.74,0.05,0.02,N,O,1996-04-14,1996-04-09,1996-04-23,NONE,TRUCK, unusual foxes haggle above the fluffi
17219-2,17219,1544,25,2,21.00,30356.34,0.03,0.04,N,O,1996-01-29,1996-02-14,1996-02-09,COLLECT COD,SHIP,elets. quickly ironic requests sleep
17219-3,17219,1849,36,3,10.00,17508.40,0.00,0.07,N,O,1996-03-01,1996-03-25,1996-03-18,TAKE BACK RETURN,TRUCK,final sheaves at the sly
17219-4,17219,698,99,4,19.00,30375.11,0.03,0.01,N,O,1996-03-16,1996-02-21,1996-04-14,TAKE BACK RETURN,SHIP,ly express deposits ha
17220-1,17220,1248,60,1,6.00,6895.44,0.01,0.01,N,O,1997-02-16,1997-01-28,1997-02-27,TAKE BACK RETURN,RAIL,eep. final ideas cajole furiously afte
17220-2,17220,1612,36,2,12.00,18163.32,0.09,0.05,N,O,1997-01-22,1997-01-09,1997-02-11,NONE,MAIL," deposits. brave, final "
17220-3,17220,442,30,3,39.00,52355.16,0.05,0.04,N,O,1996-11-22,1997-02-02,1996-11-24,COLLECT COD,REG AIR, quickly special dependencies na
17221-1,17221,605,6,1,1.00,1505.60,0.08,0.04,R,F,1994-08-28,1994-08-18,1994-09-27,DELIVER IN PERSON,AIR,ously pending dolp
17221-2,17221,818,18,2,50.00,85940.50,0.06,0.08,A,F,1994-09-28,1994-09-06,1994-10-04,NONE,TRUCK,", pending courts boost. caref"
17222-1,17222,1416,56,1,33.00,43474.53,0.05,0.08,R,F,1993-07-08,1993-05-24,1993-07-19,COLLECT COD,TRUCK,gainst the packages are s
17223-1,17223,756,53,1,18.00,29821.50,0.05,0.00,A,F,1994-09-15,1994-09-02,1994-10-05,DELIVER IN PERSON,FOB,"d excuses. ironic, final package"
17248-1,17248,1537,58,1,38.00,54664.14,0.02,0.07,N,O,1996-10-05,1996-10-24,1996-10-19,TAKE BACK RETURN,SHIP,fully. fluffily expres
17249-1,17249,1434,52,1,47.00,62765.21,0.00,0.01,A,F,1993-11-17,1993-11-16,1993-11-29,TAKE BACK RETURN,REG AIR,refully. blithely expres
17249-2,17249,1889,76,2,29.00,51935.52,0.09,0.02,A,F,1993-10-21,1993-12-02,1993-11-09,COLLECT COD,RAIL,. pinto beans use carefully final pinto
17249-3,17249,1081,52,3,32.00,31426.56,0.10,0.03,R,F,1993-12-01,1993-11-01,1993-12-23,TAKE BACK RETURN,FOB,cross the express accounts. final theodo
17249-4,17249,162,15,4,27.00,28678.32,0.07,0.04,R,F,1993-10-14,1993-12-16,1993-10-15,TAKE BACK RETURN,FOB, foxes. blithely regular accounts hagg
17249-5,17249,831,98,5,47.00,81396.01,0.10,0.07,A,F,1994-01-01,1993-11-15,1994-01-11,NONE,AIR, accounts. 
17249-6,17249,1608,91,6,48.00,72460.80,0.10,0.01,A,F,1993-11-07,1993-10-31,1993-12-06,TAKE BACK RETURN,FOB,ds are about the quickly 
17249-7,17249,1192,93,7,8.00,8745.52,0.05,0.05,R,F,1993-10-25,1993-11-19,1993-11-17,NONE,FOB,riously regular deposits along the unu
17250-1,17250,1877,21,1,46.00,81828.02,0.01,0.08,A,F,1994-12-15,1994-12-18,1995-01-03,DELIVER IN PERSON,RAIL,ously express deposits cajole dolphin
17250-2,17250,1251,89,2,50.00,57612.50,0.01,0.07,R,F,1995-01-16,1994-11-21,1995-02-03,DELIVER IN PERSON,AIR,leep against the carefully unusual
17251-1,17251,232,60,1,44.00,49818.12,0.00,0.05,R,F,1995-02-01,1994-12-31,1995-03-01,NONE,TRUCK,ole blithely fluffily even pin
17251-2,17251,1492,93,2,35.00,48772.15,0.08,0.05,A,F,1994-12-26,1995-01-03,1995-01-14,NONE,REG AIR,y across the unusual excuses. quickly
17251-3,17251,658,52,3,12.00,18703.80,0.06,0.02,R,F,1995-01-16,1995-01-03,1995-01-29,NONE,MAIL,gouts. dolphins use careful
17252-1,17252,685,79,1,33.00,52327.44,0.01,0.08,R,F,1995-05-29,1995-07-01,1995-06-10,TAKE BACK RETURN,REG AIR,ct quickly special deposits.
17252-2,17252,659,60,2,6.00,9357.90,0.00,0.00,N,O,1995-07-12,1995-07-07,1995-08-11,COLLECT COD,AIR,tipliers sl
17252-3,17252,1648,90,3,23.00,35641.72,0.07,0.06,N,O,1995-06-18,1995-07-02,1995-06-22,NONE,RAIL,ounts use quickly. slyly regular reques
17252-4,17252,1673,97,4,41.00,64561.47,0.06,0.01,R,F,1995-05-28,1995-07-03,1995-06-13,DELIVER IN PERSON,TRUCK,sits. bold requests 
17252-5,17252,858,92,5,8.00,14070.80,0.01,0.01,N,O,1995-08-29,1995-07-16,1995-09-26,TAKE BACK RETURN,AIR,ly ironic instructions. unusual
17252-6,17252,833,100,6,4.00,6935.32,0.10,0.03,A,F,1995-05-25,1995-06-17,1995-06-12,DELIVER IN PERSON,MAIL, cajole after the 
17252-7,17252,1981,70,7,47.00,88500.06,0.10,0.07,N,O,1995-08-10,1995-06-21,1995-08-13,NONE,FOB,uriously carefully unusual id
17253-1,17253,755,20,1,44.00,72853.00,0.00,0.02,N,O,1995-10-13,1995-09-17,1995-10-24,NONE,TRUCK,"oxes. ruthless, final "
17253-2,17253,18,94,2,15.00,13770.15,0.03,0.04,N,O,1995-11-30,1995-11-14,1995-12-18,COLLECT COD,FOB,s. unusual pinto beans snooze accor
17253-3,17253,1029,100,3,23.00,21390.46,0.10,0.00,N,O,1995-08-19,1995-11-07,1995-09-06,TAKE BACK RETURN,SHIP,quickly express deposits; final ideas are
17253-4,17253,320,77,4,15.00,18304.80,0.09,0.08,N,O,1995-12-12,1995-09-23,1996-01-02,TAKE BACK RETURN,MAIL, use carefully blithely regular t
17253-5,17253,1721,48,5,25.00,40568.00,0.04,0.02,N,O,1995-08-28,1995-11-03,1995-09-08,TAKE BACK RETURN,SHIP,s ideas haggle behind 
17253-6,17253,1305,82,6,2.00,2412.60,0.05,0.03,N,O,1995-08-20,1995-09-28,1995-09-06,NONE,FOB,entiments are. requests us
17253-7,17253,1117,90,7,1.00,1018.11,0.01,0.00,N,O,1995-10-29,1995-10-09,1995-11-26,DELIVER IN PERSON,RAIL,"unusual, ironic a"
17254-1,17254,178,5,1,10.00,10781.70,0.03,0.06,N,O,1997-01-03,1996-11-08,1997-01-08,DELIVER IN PERSON,RAIL,y special requests. furiously reg
17254-2,17254,627,59,2,33.00,50411.46,0.10,0.01,N,O,1996-10-12,1996-12-04,1996-11-10,COLLECT COD,SHIP,r requests wake 
17254-3,17254,1052,58,3,50.00,47652.50,0.06,0.02,N,O,1997-01-18,1996-12-04,1997-02-17,DELIVER IN PERSON,RAIL,kages eat 
17255-1,17255,1831,75,1,2.00,3465.66,0.04,0.07,R,F,1993-07-24,1993-09-07,1993-08-06,NONE,RAIL,ithely reg
17255-2,17255,1646,29,2,29.00,44881.56,0.01,0.00,R,F,1993-10-16,1993-09-08,1993-11-05,DELIVER IN PERSON,SHIP,ly according to the carefully expres
17280-1,17280,375,32,1,29.00,36985.73,0.05,0.00,N,O,1996-07-24,1996-09-08,1996-07-25,NONE,REG AIR,pending ideas wake b
17280-2,17280,1828,29,2,18.00,31136.76,0.01,0.08,N,O,1996-06-29,1996-07-28,1996-07-22,DELIVER IN PERSON,SHIP,r pinto beans wake carefully against
17281-1,17281,1454,33,1,32.00,43374.40,0.06,0.06,R,F,1992-06-23,1992-05-14,1992-07-11,NONE,TRUCK,structions wake ironically about the pe
17281-2,17281,1264,76,2,8.00,9322.08,0.02,0.03,R,F,1992-05-16,1992-06-28,1992-05-17,DELIVER IN PERSON,RAIL, requests play furiously according
17281-3,17281,1152,53,3,47.00,49498.05,0.02,0.07,A,F,1992-05-21,1992-05-23,1992-06-05,NONE,FOB,ts boost blithely-- slyly final th
17282-1,17282,73,24,1,28.00,27245.96,0.10,0.01,A,F,1994-12-09,1995-01-03,1995-01-07,DELIVER IN PERSON,FOB, blithely express idea
17282-2,17282,1726,69,2,36.00,58597.92,0.00,0.08,A,F,1994-12-02,1995-01-19,1994-12-10,TAKE BACK RETURN,SHIP,ly special deposits. packages sleep f
17283-1,17283,466,67,1,7.00,9565.22,0.05,0.08,N,O,1995-09-22,1995-12-12,1995-10-09,NONE,SHIP,"kly after the final, final accounts. quick"
17283-2,17283,614,8,2,5.00,7573.05,0.07,0.06,N,O,1995-11-30,1995-11-30,1995-12-26,DELIVER IN PERSON,MAIL,"en, regular deposits must have to play. f"
17283-3,17283,1910,11,3,4.00,7247.64,0.05,0.07,N,O,1995-09-22,1995-10-26,1995-09-26,DELIVER IN PERSON,RAIL,"ronic accounts use fluffily bold, fu"
17283-4,17283,328,13,4,26.00,31936.32,0.06,0.06,N,O,1995-09-27,1995-12-04,1995-10-06,DELIVER IN PERSON,MAIL, the final packa
17283-5,17283,1989,34,5,2.00,3781.96,0.09,0.01,N,O,1995-10-18,1995-11-25,1995-10-22,DELIVER IN PERSON,REG AIR,es boost. quickly ironic
17283-6,17283,1192,65,6,13.00,14211.47,0.01,0.06,N,O,1995-12-05,1995-11-07,1995-12-28,DELIVER IN PERSON,TRUCK, regularly unusual ideas. regular de
17283-7,17283,1489,68,7,48.00,66743.04,0.10,0.02,N,O,1995-12-03,1995-11-25,1995-12-31,DELIVER IN PERSON,RAIL, foxes. furiously ironic requests breach ca
17284-1,17284,77,53,1,13.00,12701.91,0.03,0.05,R,F,1994-10-22,1994-12-25,1994-11-01,COLLECT COD,TRUCK, careful foxes affix furiously blithely 
17285-1,17285,699,62,1,22.00,35193.18,0.06,0.04,A,F,1992-06-05,1992-04-26,1992-06-07,COLLECT COD,MAIL,onic requests. regular instructions
17285-2,17285,1400,1,2,46.00,59864.40,0.05,0.03,A,F,1992-05-15,1992-05-17,1992-05-17,TAKE BACK RETURN,AIR,"lent, express packag"
17286-1,17286,390,47,1,39.00,50325.21,0.08,0.00,R,F,1993-10-01,1993-11-27,1993-10-03,NONE,REG AIR,ke along the silent 
17286-2,17286,1888,89,2,33.00,59066.04,0.10,0.02,R,F,1993-11-14,1993-12-03,1993-12-09,DELIVER IN PERSON,TRUCK, theodolites are fluffily. qui
17286-3,17286,844,44,3,43.00,75028.12,0.03,0.01,A,F,1993-12-20,1993-12-20,1994-01-04,NONE,RAIL,s. asymptotes wake slyly regular deposits.
17286-4,17286,1286,24,4,33.00,39180.24,0.03,0.02,A,F,1993-12-20,1993-11-12,1993-12-30,DELIVER IN PERSON,AIR,nts affix 
17286-5,17286,147,26,5,23.00,24084.22,0.02,0.05,R,F,1993-11-24,1993-11-18,1993-11-26,TAKE BACK RETURN,TRUCK,es wake blithe
17287-1,17287,1343,58,1,47.00,58483.98,0.04,0.04,N,O,1995-07-23,1995-05-15,1995-08-11,COLLECT COD,REG AIR,ly special packages. asymp
17287-2,17287,335,92,2,10.00,12353.30,0.04,0.08,N,O,1995-07-24,1995-05-09,1995-08-22,NONE,MAIL,kly ironic packages. blithely bold asymptot
17287-3,17287,444,3,3,40.00,53777.60,0.09,0.08,N,O,1995-07-07,1995-06-28,1995-07-16,COLLECT COD,MAIL,ackages. d
17312-1,17312,728,25,1,20.00,32574.40,0.09,0.08,N,O,1995-07-27,1995-07-25,1995-08-11,TAKE BACK RETURN,RAIL,arefully bold gifts. quietly b
17312-2,17312,1481,21,2,26.00,35944.48,0.05,0.03,N,O,1995-09-10,1995-08-16,1995-09-16,TAKE BACK RETURN,SHIP,affix slyly according to the final theod
17312-3,17312,47,23,3,27.00,25570.08,0.05,0.03,N,O,1995-07-30,1995-07-10,1995-08-07,COLLECT COD,REG AIR,luffily regular acc
17312-4,17312,1241,79,4,48.00,54827.52,0.06,0.02,N,O,1995-09-13,1995-07-19,1995-09-14,DELIVER IN PERSON,AIR,", final ideas. slyly final p"
17313-1,17313,1016,52,1,42.00,38514.42,0.02,0.06,R,F,1994-07-04,1994-06-17,1994-07-29,TAKE BACK RETURN,MAIL, pinto beans. dependencies hagg
17313-2,17313,1578,19,2,27.00,39948.39,0.03,0.08,A,F,1994-08-15,1994-07-06,1994-08-29,COLLECT COD,FOB,special requests ca
17313-3,17313,834,68,3,39.00,67658.37,0.04,0.02,A,F,1994-06-21,1994-06-11,1994-07-08,NONE,TRUCK,usly after the i
17313-4,17313,800,97,4,23.00,39118.40,0.07,0.03,R,F,1994-06-29,1994-07-29,1994-07-24,NONE,MAIL,"es nag blithely ironic,"
17314-1,17314,1315,54,1,16.00,19460.96,0.10,0.03,N,O,1996-05-09,1996-06-05,1996-05-29,NONE,TRUCK, the packages. furiously regular depe
17314-2,17314,890,90,2,26.00,46563.14,0.00,0.02,N,O,1996-07-02,1996-05-25,1996-08-01,COLLECT COD,RAIL,ests above the special pinto beans wak
17315-1,17315,767,100,1,40.00,66710.40,0.10,0.05,A,F,1994-05-29,1994-07-20,1994-06-11,NONE,SHIP, cajole slyly ab
17315-2,17315,1762,5,2,32.00,53240.32,0.08,0.02,R,F,1994-08-08,1994-07-05,1994-09-03,COLLECT COD,SHIP,equests. fluffily express dependencies
17315-3,17315,927,96,3,29.00,53009.68,0.01,0.00,A,F,1994-06-25,1994-06-04,1994-06-29,COLLECT COD,AIR,en accounts 
17315-4,17315,942,43,4,12.00,22115.28,0.00,0.08,A,F,1994-07-28,1994-06-18,1994-08-20,COLLECT COD,REG AIR,final ideas. pending ideas sublate blithel
17315-5,17315,1820,50,5,39.00,67150.98,0.05,0.05,A,F,1994-06-20,1994-06-11,1994-06-27,COLLECT COD,RAIL,s affix according to the
17315-6,17315,1318,19,6,1.00,1219.31,0.04,0.02,A,F,1994-07-21,1994-06-19,1994-08-16,TAKE BACK RETURN,SHIP,regular platelets cajo
17315-7,17315,58,9,7,6.00,5748.30,0.00,0.01,R,F,1994-06-19,1994-07-02,1994-07-17,DELIVER IN PERSON,FOB, fluffily alongside of the qu
17316-1,17316,669,32,1,23.00,36102.18,0.03,0.02,A,F,1993-02-05,1993-03-29,1993-03-06,COLLECT COD,RAIL,ffily regular pack
17316-2,17316,1028,29,2,10.00,9290.20,0.03,0.06,A,F,1993-03-09,1993-04-02,1993-04-01,NONE,FOB,yly requests. re
17316-3,17316,665,97,3,7.00,10959.62,0.09,0.04,A,F,1993-04-28,1993-02-23,1993-05-02,TAKE BACK RETURN,RAIL, slyly quick ideas. finally reg
17317-1,17317,1429,30,1,47.00,62529.74,0.02,0.04,R,F,1995-04-01,1995-02-02,1995-04-29,COLLECT COD,TRUCK,rave pinto 
17317-2,17317,884,84,2,44.00,78534.72,0.03,0.01,A,F,1995-03-28,1995-01-10,1995-04-15,COLLECT COD,SHIP, against the sly
17318-1,17318,1806,36,1,42.00,71727.60,0.02,0.07,N,O,1997-09-07,1997-07-24,1997-10-05,DELIVER IN PERSON,AIR,slyly silent dep
17318-2,17318,537,38,2,50.00,71876.50,0.00,0.03,N,O,1997-09-01,1997-07-17,1997-09-15,NONE,REG AIR, final accou
17318-3,17318,937,6,3,31.00,56975.83,0.04,0.03,N,O,1997-06-18,1997-08-12,1997-07-18,NONE,AIR, are bravely expr
17318-4,17318,1026,62,4,45.00,41715.90,0.00,0.06,N,O,1997-08-12,1997-09-06,1997-09-04,TAKE BACK RETURN,MAIL,y daringly regular accounts. care
17319-1,17319,1290,91,1,7.00,8339.03,0.06,0.02,R,F,1994-05-23,1994-03-30,1994-06-06,COLLECT COD,MAIL,. furiously even requests haggle after the 
17344-1,17344,375,4,1,9.00,11478.33,0.00,0.06,R,F,1993-09-21,1993-09-26,1993-10-06,DELIVER IN PERSON,MAIL, regular accounts. blithe
17344-2,17344,1817,47,2,16.00,27500.96,0.06,0.03,R,F,1993-11-04,1993-09-28,1993-12-01,DELIVER IN PERSON,TRUCK,omas wake carefully
17344-3,17344,1155,28,3,37.00,39077.55,0.06,0.05,R,F,1993-10-10,1993-10-07,1993-10-21,DELIVER IN PERSON,FOB,ainst the bold depen
17344-4,17344,966,67,4,36.00,67210.56,0.02,0.06,R,F,1993-08-31,1993-09-27,1993-09-15,NONE,AIR,ven pinto beans. quickly pe
17344-5,17344,1282,94,5,15.00,17749.20,0.02,0.07,R,F,1993-07-30,1993-09-26,1993-08-12,TAKE BACK RETURN,RAIL,arthogs hagg
17344-6,17344,1958,59,6,15.00,27899.25,0.04,0.02,R,F,1993-08-29,1993-09-08,1993-09-23,TAKE BACK RETURN,SHIP,special pinto beans cajole according to
17344-7,17344,1602,3,7,18.00,27064.80,0.01,0.07,A,F,1993-07-31,1993-09-09,1993-08-21,NONE,REG AIR,uests promise 
17345-1,17345,1611,35,1,5.00,7563.05,0.06,0.03,N,O,1995-08-27,1995-09-24,1995-09-09,NONE,FOB, slyly. carefully pe
17345-2,17345,794,95,2,13.00,22032.27,0.00,0.04,N,O,1995-11-29,1995-10-31,1995-12-11,DELIVER IN PERSON,AIR,y even asymp
17345-3,17345,165,44,3,36.00,38345.76,0.10,0.03,N,O,1995-08-09,1995-09-24,1995-08-16,DELIVER IN PERSON,AIR,pending accounts cajole f
17345-4,17345,1094,65,4,23.00,22887.07,0.09,0.08,N,O,1995-11-16,1995-10-06,1995-11-30,DELIVER IN PERSON,FOB,"l, regular "
17345-5,17345,110,37,5,5.00,5050.55,0.09,0.00,N,O,1995-10-27,1995-09-14,1995-11-10,NONE,REG AIR,"have to haggle? ironic, spe"
17345-6,17345,1158,95,6,50.00,52957.50,0.03,0.02,N,O,1995-11-26,1995-10-02,1995-12-14,COLLECT COD,FOB,eep among the slyly even accounts. special
17346-1,17346,1909,42,1,31.00,56137.90,0.04,0.07,N,O,1995-07-03,1995-04-21,1995-08-02,COLLECT COD,AIR,ve slyly after the pendi
17347-1,17347,566,57,1,6.00,8799.36,0.00,0.02,N,O,1998-03-31,1998-05-30,1998-04-18,TAKE BACK RETURN,SHIP,sits. blithely special requests c
17347-2,17347,1665,7,2,13.00,20366.58,0.00,0.03,N,O,1998-04-26,1998-05-27,1998-05-03,DELIVER IN PERSON,TRUCK,"nticing, special pack"
17347-3,17347,1567,88,3,36.00,52868.16,0.02,0.03,N,O,1998-04-21,1998-05-24,1998-05-07,DELIVER IN PERSON,SHIP,l deposits nag above the final
17347-4,17347,135,88,4,23.00,23807.99,0.00,0.04,N,O,1998-04-11,1998-05-31,1998-04-18,TAKE BACK RETURN,SHIP,s cajole carefully quickl
17347-5,17347,1200,1,5,38.00,41845.60,0.08,0.00,N,O,1998-06-29,1998-05-14,1998-07-18,COLLECT COD,TRUCK,gle slyly accounts. 
17348-1,17348,106,7,1,35.00,35213.50,0.06,0.06,N,O,1997-08-10,1997-09-11,1997-08-20,COLLECT COD,RAIL,lar instructio
17349-1,17349,470,100,1,46.00,63041.62,0.05,0.04,N,O,1996-08-25,1996-08-04,1996-09-18,COLLECT COD,SHIP,ronic platelets are slyly! furi
17349-2,17349,1051,87,2,21.00,19993.05,0.02,0.02,N,O,1996-07-05,1996-06-25,1996-07-07,NONE,RAIL,pinto beans wake f
17349-3,17349,552,13,3,12.00,17430.60,0.05,0.00,N,O,1996-06-24,1996-07-25,1996-07-20,NONE,MAIL,furiously regular accounts 
17350-1,17350,640,72,1,43.00,66247.52,0.05,0.00,N,O,1996-07-26,1996-06-22,1996-08-22,COLLECT COD,RAIL,gular pinto beans wake among the un
17351-1,17351,630,31,1,33.00,50510.79,0.02,0.04,A,F,1994-05-31,1994-06-16,1994-06-12,NONE,SHIP,ngage against the 
17351-2,17351,1387,88,2,2.00,2576.76,0.06,0.04,A,F,1994-07-07,1994-06-10,1994-07-25,NONE,REG AIR,ously even excuses. unusual deposits u
17376-1,17376,463,51,1,25.00,34086.50,0.00,0.04,N,O,1996-02-08,1996-02-14,1996-02-21,DELIVER IN PERSON,MAIL,etly. blithely even ideas 
17376-2,17376,388,89,2,11.00,14172.18,0.09,0.05,N,O,1995-12-20,1996-01-16,1995-12-21,NONE,TRUCK,r the daring epitaphs.
17376-3,17376,1968,69,3,30.00,56098.80,0.02,0.01,N,O,1996-01-08,1996-01-12,1996-01-12,DELIVER IN PERSON,MAIL,. quickly ir
17376-4,17376,475,5,4,7.00,9628.29,0.02,0.06,N,O,1996-03-01,1996-01-08,1996-03-31,DELIVER IN PERSON,REG AIR,r the slyly unus
17376-5,17376,827,94,5,45.00,77751.90,0.00,0.07,N,O,1996-02-02,1996-01-31,1996-02-22,NONE,REG AIR,carefully even deposits s
17376-6,17376,1220,32,6,6.00,6727.32,0.00,0.04,N,O,1995-12-28,1996-02-03,1996-01-21,TAKE BACK RETURN,REG AIR,refully. slyly regular the
17376-7,17376,1752,79,7,22.00,36382.50,0.04,0.07,N,O,1995-12-14,1996-02-13,1995-12-27,TAKE BACK RETURN,AIR,ut the unusual requests-- bold packages
17377-1,17377,576,77,1,41.00,60539.37,0.10,0.03,N,O,1996-02-23,1995-12-20,1996-02-24,TAKE BACK RETURN,TRUCK,"nusual packages. silent, bold depos"
17378-1,17378,1872,2,1,38.00,67407.06,0.10,0.08,N,O,1996-08-08,1996-10-05,1996-08-17,TAKE BACK RETURN,TRUCK,nto beans. quickly careful
17378-2,17378,704,69,2,8.00,12837.60,0.10,0.02,N,O,1996-10-12,1996-08-15,1996-11-09,NONE,REG AIR,ost slyly. qui
17378-3,17378,1444,62,3,49.00,65926.56,0.09,0.02,N,O,1996-08-26,1996-10-02,1996-09-10,TAKE BACK RETURN,TRUCK,"s above the final, ironic or"
17378-4,17378,1047,53,4,18.00,17064.72,0.01,0.08,N,O,1996-08-29,1996-08-12,1996-09-12,DELIVER IN PERSON,TRUCK,usly regular pinto beans. f
17378-5,17378,1937,70,5,33.00,60684.69,0.06,0.07,N,O,1996-09-27,1996-09-11,1996-10-05,COLLECT COD,SHIP,ully regular requests. 
17379-1,17379,1422,62,1,38.00,50289.96,0.10,0.01,N,O,1995-11-30,1995-11-10,1995-12-15,NONE,RAIL,tructions a
17379-2,17379,1371,48,2,9.00,11451.33,0.09,0.07,N,O,1995-08-19,1995-10-08,1995-08-23,DELIVER IN PERSON,AIR,ackages. fina
17379-3,17379,1374,89,3,35.00,44637.95,0.08,0.03,N,O,1995-12-09,1995-11-03,1995-12-18,COLLECT COD,REG AIR,eposits. qu
17379-4,17379,322,7,4,4.00,4889.28,0.10,0.03,N,O,1995-10-08,1995-10-08,1995-10-23,COLLECT COD,RAIL,thely fina
17379-5,17379,331,88,5,20.00,24626.60,0.08,0.06,N,O,1995-10-13,1995-11-06,1995-11-02,TAKE BACK RETURN,TRUCK,es. slyly express deposits 
17380-1,17380,1434,35,1,50.00,66771.50,0.10,0.04,N,O,1998-04-16,1998-04-30,1998-04-29,NONE,RAIL,odolites cajole fluffily alongside of t
17380-2,17380,1472,12,2,49.00,67300.03,0.09,0.06,N,O,1998-06-11,1998-05-01,1998-07-04,NONE,TRUCK,onic packa
17380-3,17380,86,37,3,23.00,22679.84,0.06,0.01,N,O,1998-05-09,1998-04-17,1998-06-02,NONE,FOB,onic requests hag
17380-4,17380,1667,91,4,20.00,31373.20,0.05,0.06,N,O,1998-06-03,1998-05-15,1998-06-21,DELIVER IN PERSON,AIR, instructions in
17380-5,17380,1594,35,5,32.00,47858.88,0.10,0.06,N,O,1998-05-13,1998-04-28,1998-05-19,NONE,AIR,carefully unusual dolphins u
17380-6,17380,1738,23,6,18.00,29515.14,0.05,0.08,N,O,1998-03-21,1998-03-26,1998-04-18,DELIVER IN PERSON,TRUCK,c packages. ironic packages sleep
17381-1,17381,917,18,1,24.00,43629.84,0.03,0.00,R,F,1993-11-18,1993-09-29,1993-12-04,TAKE BACK RETURN,SHIP,fluffily ironic pinto beans 
17381-2,17381,1706,91,2,24.00,38584.80,0.03,0.01,R,F,1993-10-09,1993-11-13,1993-11-04,DELIVER IN PERSON,AIR, final pack
17381-3,17381,1548,29,3,32.00,46385.28,0.09,0.08,R,F,1993-12-04,1993-10-14,1993-12-11,TAKE BACK RETURN,AIR,olphins integrate. slyly final requests
17381-4,17381,1149,58,4,15.00,15752.10,0.03,0.02,A,F,1993-11-30,1993-09-19,1993-12-13,COLLECT COD,RAIL," ironic, ironic pinto beans "
17382-1,17382,1012,48,1,40.00,36520.40,0.02,0.04,N,O,1995-08-20,1995-09-09,1995-08-21,TAKE BACK RETURN,REG AIR,g dependencies. carefully express i
17382-2,17382,626,20,2,5.00,7633.10,0.03,0.05,N,O,1995-09-11,1995-09-11,1995-09-17,DELIVER IN PERSON,REG AIR,ing to the furious
17382-3,17382,667,99,3,21.00,32920.86,0.07,0.08,N,O,1995-10-25,1995-09-18,1995-11-22,TAKE BACK RETURN,FOB,ies. final th
17382-4,17382,1241,79,4,31.00,35409.44,0.05,0.02,N,O,1995-07-15,1995-09-07,1995-07-26,NONE,AIR,sual requests according t
17383-1,17383,1704,31,1,33.00,52988.10,0.01,0.04,N,O,1996-05-13,1996-05-24,1996-06-01,TAKE BACK RETURN,REG AIR,r the slyly pending dolp
17383-2,17383,915,50,2,42.00,76268.22,0.08,0.03,N,O,1996-04-17,1996-06-27,1996-04-29,NONE,MAIL,t ideas. pinto be
17383-3,17383,1254,55,3,50.00,57762.50,0.07,0.00,N,O,1996-04-29,1996-06-22,1996-05-23,DELIVER IN PERSON,REG AIR,rns are quietly carefully 
17383-4,17383,981,50,4,24.00,45167.52,0.08,0.06,N,O,1996-05-31,1996-06-17,1996-06-17,TAKE BACK RETURN,TRUCK,ructions. regular foxes 
17383-5,17383,1703,88,5,10.00,16047.00,0.08,0.00,N,O,1996-04-18,1996-06-21,1996-05-02,TAKE BACK RETURN,TRUCK,ously past the
17383-6,17383,1631,14,6,19.00,29119.97,0.07,0.08,N,O,1996-04-12,1996-06-25,1996-04-30,DELIVER IN PERSON,MAIL,heodolites are furiously 
17408-1,17408,160,61,1,25.00,26504.00,0.07,0.05,A,F,1994-06-05,1994-07-14,1994-06-23,NONE,FOB, boost fluffily caref
17408-2,17408,439,98,2,34.00,45540.62,0.05,0.04,R,F,1994-05-31,1994-07-24,1994-06-08,DELIVER IN PERSON,TRUCK,s. requests cajole slyly across the sl
17408-3,17408,1435,75,3,14.00,18710.02,0.03,0.04,A,F,1994-07-15,1994-07-29,1994-08-09,TAKE BACK RETURN,AIR,eas. foxes alongside of
17408-4,17408,510,11,4,38.00,53599.38,0.02,0.07,A,F,1994-06-05,1994-07-22,1994-06-23,TAKE BACK RETURN,MAIL, furiously bold dep
17409-1,17409,1077,78,1,20.00,19561.40,0.08,0.07,R,F,1993-09-21,1993-10-05,1993-10-16,COLLECT COD,SHIP," haggle. final, express idea"
17409-2,17409,771,72,2,47.00,78573.19,0.00,0.05,A,F,1993-11-21,1993-10-12,1993-12-17,NONE,AIR, blithely final requests wake furiousl
17409-3,17409,386,87,3,4.00,5145.52,0.01,0.00,A,F,1993-09-07,1993-11-01,1993-09-11,NONE,TRUCK,er silent platelets
17409-4,17409,1917,18,4,44.00,80032.04,0.06,0.05,A,F,1993-08-19,1993-11-01,1993-09-11,NONE,RAIL,sleep. furiously enticin
17409-5,17409,593,54,5,21.00,31365.39,0.04,0.07,A,F,1993-08-28,1993-11-08,1993-08-30,NONE,SHIP,round the pac
17409-6,17409,1144,81,6,12.00,12541.68,0.09,0.06,R,F,1993-11-07,1993-10-13,1993-11-20,TAKE BACK RETURN,AIR,y bold accounts
17410-1,17410,682,76,1,34.00,53811.12,0.04,0.01,A,F,1993-09-03,1993-11-28,1993-09-09,NONE,TRUCK,d dolphins. p
17410-2,17410,1255,93,2,24.00,27750.00,0.06,0.06,A,F,1993-10-28,1993-10-15,1993-11-02,TAKE BACK RETURN,SHIP,tes sleep along the fluffily express inst
17410-3,17410,1858,45,3,19.00,33437.15,0.00,0.07,R,F,1993-12-26,1993-10-19,1994-01-22,DELIVER IN PERSON,SHIP,. accounts sle
17411-1,17411,1847,91,1,18.00,31479.12,0.03,0.01,A,F,1994-11-02,1994-09-23,1994-11-15,COLLECT COD,AIR,"es. ironic, even excuses c"
17411-2,17411,817,84,2,32.00,54969.92,0.07,0.06,A,F,1994-10-26,1994-11-04,1994-11-03,NONE,REG AIR,s sleep final sentiments. pending dinos caj
17411-3,17411,1883,70,3,23.00,41052.24,0.01,0.07,R,F,1994-12-08,1994-09-23,1995-01-03,TAKE BACK RETURN,SHIP,ully. packages cajol
17412-1,17412,686,49,1,14.00,22213.52,0.03,0.06,N,O,1997-11-29,1998-02-25,1997-12-27,COLLECT COD,REG AIR,"nag ironic, even pinto bea"
17412-2,17412,1360,37,2,34.00,42886.24,0.10,0.05,N,O,1998-01-23,1998-01-18,1998-02-14,DELIVER IN PERSON,AIR,iously. carefully regul
17412-3,17412,77,78,3,33.00,32243.31,0.01,0.05,N,O,1997-12-11,1997-12-29,1997-12-12,DELIVER IN PERSON,MAIL,fter the packages 
17413-1,17413,248,3,1,6.00,6889.44,0.09,0.06,N,O,1996-05-03,1996-03-05,1996-05-05,COLLECT COD,REG AIR,tes after the fur
17413-2,17413,1397,36,2,15.00,19475.85,0.04,0.03,N,O,1996-04-10,1996-03-15,1996-04-11,DELIVER IN PERSON,AIR,uickly even pack
17413-3,17413,1635,18,3,27.00,41489.01,0.04,0.04,N,O,1996-03-31,1996-03-14,1996-04-05,COLLECT COD,SHIP,ickly. regular the
17414-1,17414,1269,7,1,35.00,40959.10,0.06,0.04,R,F,1992-09-05,1992-09-07,1992-09-22,COLLECT COD,FOB,ans. slyly even epitaphs hin
17414-2,17414,77,53,2,35.00,34197.45,0.04,0.07,A,F,1992-09-01,1992-08-04,1992-09-11,COLLECT COD,SHIP,ly-- blithely pen
17414-3,17414,443,31,3,45.00,60454.80,0.03,0.02,R,F,1992-07-03,1992-08-24,1992-08-02,NONE,RAIL, blithely express plat
17414-4,17414,797,62,4,25.00,42444.75,0.10,0.03,A,F,1992-07-05,1992-09-14,1992-07-16,COLLECT COD,REG AIR,ke furiously carefully final p
17414-5,17414,766,67,5,39.00,65003.64,0.06,0.03,A,F,1992-08-30,1992-09-03,1992-09-16,NONE,MAIL,s. furiously pending foxes boost ironicall
17414-6,17414,875,76,6,14.00,24862.18,0.00,0.07,A,F,1992-07-30,1992-09-22,1992-08-11,COLLECT COD,REG AIR, dolphins wake quickly among the 
17415-1,17415,1405,6,1,18.00,23515.20,0.06,0.01,N,O,1997-01-13,1996-12-15,1997-01-28,TAKE BACK RETURN,MAIL,lent instructions across the reques
17415-2,17415,735,32,2,19.00,31078.87,0.04,0.08,N,O,1996-10-15,1996-11-28,1996-11-09,COLLECT COD,SHIP,"s boost blithely warhorses. bold,"
17415-3,17415,894,61,3,15.00,26923.35,0.03,0.03,N,O,1996-11-13,1996-11-17,1996-12-01,NONE,RAIL,usual packa
17415-4,17415,516,47,4,34.00,48161.34,0.10,0.03,N,O,1996-12-23,1996-12-10,1997-01-03,TAKE BACK RETURN,FOB,arefully bold requests according 
17415-5,17415,1326,3,5,7.00,8591.24,0.05,0.07,N,O,1996-10-21,1996-12-01,1996-11-13,TAKE BACK RETURN,MAIL,gainst the furiously regul
17440-1,17440,1365,66,1,41.00,51920.76,0.04,0.07,R,F,1995-04-14,1995-03-06,1995-05-03,COLLECT COD,AIR,excuses. blithely express theodo
17440-2,17440,952,53,2,8.00,14823.60,0.00,0.06,A,F,1995-04-29,1995-03-21,1995-05-28,COLLECT COD,FOB,ld deposits. carefully regular pack
17440-3,17440,449,8,3,50.00,67472.00,0.00,0.06,R,F,1995-03-18,1995-04-20,1995-04-08,COLLECT COD,FOB,d the acco
17440-4,17440,124,51,4,33.00,33795.96,0.02,0.07,R,F,1995-04-11,1995-04-15,1995-04-29,DELIVER IN PERSON,REG AIR,ronic theod
17441-1,17441,612,6,1,15.00,22689.15,0.08,0.07,R,F,1993-10-11,1993-09-11,1993-10-28,COLLECT COD,FOB,ons grow along the even accoun
17441-2,17441,1072,73,2,10.00,9730.70,0.03,0.03,A,F,1993-10-09,1993-09-14,1993-10-10,NONE,RAIL,cajole carefully
17442-1,17442,279,34,1,5.00,5896.35,0.01,0.06,A,F,1994-01-05,1994-02-08,1994-02-01,DELIVER IN PERSON,SHIP,blithely in place of
17442-2,17442,1357,58,2,3.00,3775.05,0.00,0.00,A,F,1994-01-30,1994-03-12,1994-02-18,COLLECT COD,MAIL,pending reques
17442-3,17442,1425,43,3,3.00,3979.26,0.10,0.06,R,F,1994-01-18,1994-03-21,1994-01-20,DELIVER IN PERSON,RAIL,cajole blith
17443-1,17443,1172,45,1,45.00,48292.65,0.00,0.05,N,O,1998-06-07,1998-05-05,1998-06-23,DELIVER IN PERSON,FOB,ggle above the fluff
17443-2,17443,1172,45,2,12.00,12878.04,0.09,0.00,N,O,1998-07-06,1998-05-12,1998-07-22,COLLECT COD,SHIP,finally regular pack
17443-3,17443,365,22,3,28.00,35430.08,0.06,0.01,N,O,1998-07-13,1998-06-23,1998-07-16,COLLECT COD,MAIL,der fluffily ironic deposits. iron
17443-4,17443,781,46,4,43.00,72316.54,0.06,0.06,N,O,1998-06-30,1998-05-12,1998-07-12,NONE,SHIP,es. unusual ideas about the sl
17443-5,17443,57,8,5,1.00,957.05,0.05,0.08,N,O,1998-06-22,1998-05-07,1998-07-22,DELIVER IN PERSON,MAIL,"old, thin accounts? carefully even deposits"
17443-6,17443,39,90,6,32.00,30048.96,0.04,0.04,N,O,1998-04-23,1998-06-26,1998-04-29,NONE,AIR,uffily express instructions haggle agains
17443-7,17443,1111,48,7,17.00,17205.87,0.07,0.05,N,O,1998-06-20,1998-06-05,1998-07-06,NONE,AIR,gular deposi
17444-1,17444,1442,43,1,31.00,41646.64,0.07,0.04,A,F,1994-06-05,1994-05-26,1994-06-09,NONE,RAIL,oxes print fluffily according to the expres
17444-2,17444,332,33,2,50.00,61616.50,0.00,0.06,A,F,1994-06-02,1994-05-24,1994-06-30,NONE,RAIL, courts nag slyly acc
17444-3,17444,1675,76,3,2.00,3153.34,0.02,0.03,R,F,1994-04-17,1994-06-15,1994-05-11,NONE,TRUCK,ckages sleep across the pending deposits. c
17445-1,17445,847,14,1,34.00,59426.56,0.03,0.03,N,O,1995-09-05,1995-10-04,1995-09-23,TAKE BACK RETURN,TRUCK,ross the pe
17445-2,17445,1611,35,2,31.00,46890.91,0.01,0.07,N,O,1995-12-12,1995-11-08,1995-12-22,NONE,FOB,ses. blithel
17446-1,17446,1359,74,1,20.00,25207.00,0.09,0.08,A,F,1994-08-30,1994-08-18,1994-09-26,TAKE BACK RETURN,REG AIR,. carefully 
17446-2,17446,1832,62,2,30.00,52014.90,0.00,0.00,R,F,1994-10-01,1994-08-18,1994-10-11,TAKE BACK RETURN,AIR,"the regular, ironic cour"
17447-1,17447,211,39,1,30.00,33336.30,0.10,0.00,R,F,1992-07-13,1992-07-29,1992-08-02,NONE,FOB,to beans are. furiously bold packag
17447-2,17447,1857,1,2,22.00,38694.70,0.01,0.02,R,F,1992-06-20,1992-07-21,1992-06-27,DELIVER IN PERSON,TRUCK, above the permanent
17472-1,17472,472,31,1,44.00,60388.68,0.10,0.00,N,O,1995-08-21,1995-08-31,1995-09-18,NONE,SHIP,ously unusual dolphins wa
17472-2,17472,69,95,2,48.00,46514.88,0.00,0.06,N,O,1995-09-04,1995-08-16,1995-09-21,DELIVER IN PERSON,TRUCK,ss deposits. slyly express grouch
17473-1,17473,286,41,1,21.00,24911.88,0.03,0.01,N,O,1998-06-03,1998-05-05,1998-06-13,COLLECT COD,FOB, bold accounts haggle slyly about the final
17473-2,17473,203,4,2,46.00,50747.20,0.05,0.06,N,O,1998-06-10,1998-05-25,1998-06-17,DELIVER IN PERSON,AIR,e quickly boldly pendi
17473-3,17473,1480,98,3,3.00,4144.44,0.04,0.02,N,O,1998-07-30,1998-05-25,1998-08-20,COLLECT COD,TRUCK,nal requests boost furious
17474-1,17474,69,70,1,24.00,23257.44,0.05,0.07,N,O,1997-05-25,1997-05-04,1997-05-26,TAKE BACK RETURN,RAIL,iously specia
17474-2,17474,1564,85,2,25.00,36639.00,0.00,0.08,N,O,1997-05-24,1997-04-17,1997-05-29,COLLECT COD,FOB, slyly pending accounts
17475-1,17475,120,99,1,1.00,1020.12,0.10,0.05,A,F,1993-11-22,1993-11-10,1993-12-02,DELIVER IN PERSON,TRUCK,ld requests lose furio
17475-2,17475,558,59,2,38.00,55424.90,0.07,0.08,A,F,1993-10-11,1993-12-07,1993-10-22,COLLECT COD,REG AIR,"unusual, i"
17475-3,17475,1563,44,3,25.00,36614.00,0.01,0.08,A,F,1993-12-01,1993-10-13,1993-12-02,COLLECT COD,TRUCK,c dependencies. caref
17475-4,17475,1852,39,4,23.00,40338.55,0.01,0.05,R,F,1993-11-03,1993-11-25,1993-11-18,TAKE BACK RETURN,FOB,ely ironic theodolites cajole carefu
17475-5,17475,988,57,5,44.00,83115.12,0.09,0.07,A,F,1993-10-23,1993-11-04,1993-10-31,COLLECT COD,REG AIR,es sleep. e
17476-1,17476,1676,18,1,46.00,72572.82,0.10,0.05,N,O,1996-08-23,1996-07-08,1996-09-15,COLLECT COD,REG AIR,ithely bold instructions nag furiously. sly
17476-2,17476,288,16,2,39.00,46342.92,0.01,0.02,N,O,1996-08-23,1996-07-02,1996-08-26,TAKE BACK RETURN,MAIL,ess instructions. blithely slow 
17477-1,17477,788,21,1,12.00,20265.36,0.07,0.06,N,O,1997-04-21,1997-05-28,1997-05-02,TAKE BACK RETURN,SHIP,r final epitaphs. iron
17477-2,17477,1443,61,2,41.00,55122.04,0.06,0.02,N,O,1997-03-07,1997-04-06,1997-03-08,TAKE BACK RETURN,TRUCK,oost according to the caref
17477-3,17477,84,85,3,17.00,16729.36,0.09,0.00,N,O,1997-05-09,1997-05-03,1997-05-30,NONE,TRUCK,arthogs use slyly carefully blithe idea
17477-4,17477,187,66,4,23.00,25005.14,0.10,0.03,N,O,1997-04-12,1997-04-20,1997-04-16,NONE,REG AIR,s final orbits cajole fl
17478-1,17478,1076,82,1,41.00,40059.87,0.09,0.08,N,O,1996-12-18,1997-02-01,1996-12-22,DELIVER IN PERSON,RAIL,ges are fluffily? dogg
17478-2,17478,1002,3,2,41.00,37023.00,0.07,0.02,N,O,1996-12-10,1997-02-06,1996-12-14,NONE,FOB,y even pains. quickly final foxes c
17478-3,17478,34,85,3,15.00,14010.45,0.08,0.02,N,O,1997-01-03,1997-02-14,1997-01-31,DELIVER IN PERSON,TRUCK,"ly final gifts. pending, unusual reque"
17479-1,17479,1209,47,1,48.00,53289.60,0.03,0.03,N,O,1998-07-03,1998-05-08,1998-07-15,COLLECT COD,FOB,counts. furiously regular ideas
17479-2,17479,178,57,2,13.00,14016.21,0.07,0.07,N,O,1998-06-29,1998-06-14,1998-07-21,COLLECT COD,MAIL, fluffily 
17479-3,17479,240,68,3,22.00,25085.28,0.06,0.01,N,O,1998-05-24,1998-05-30,1998-05-26,NONE,MAIL,y according to the ironi
17479-4,17479,1104,5,4,12.00,12061.20,0.02,0.06,N,O,1998-06-25,1998-06-17,1998-07-01,NONE,AIR,accounts wake carefully
17504-1,17504,1905,6,1,48.00,86731.20,0.05,0.02,R,F,1994-08-23,1994-10-23,1994-08-25,TAKE BACK RETURN,AIR,ss accounts c
17504-2,17504,1131,32,2,50.00,51606.50,0.02,0.00,R,F,1994-10-03,1994-10-19,1994-10-27,TAKE BACK RETURN,FOB, foxes. even accounts are 
17505-1,17505,1854,55,1,19.00,33361.15,0.08,0.05,N,O,1996-05-06,1996-04-18,1996-06-05,COLLECT COD,SHIP,mong the pending d
17505-2,17505,1968,13,2,26.00,48618.96,0.05,0.08,N,O,1996-05-17,1996-04-04,1996-06-13,DELIVER IN PERSON,REG AIR, fluffily final 
17505-3,17505,1430,48,3,14.00,18640.02,0.07,0.00,N,O,1996-04-28,1996-05-13,1996-04-30,COLLECT COD,FOB,equests above the slyly even ins
17505-4,17505,73,49,4,20.00,19461.40,0.04,0.00,N,O,1996-03-30,1996-04-26,1996-04-04,DELIVER IN PERSON,TRUCK,ly quiet ideas sleep blithely blithely
17506-1,17506,971,6,1,40.00,74878.80,0.07,0.03,A,F,1993-04-07,1993-05-01,1993-04-27,DELIVER IN PERSON,AIR,uffily careful accounts. carefully ir
17506-2,17506,339,40,2,3.00,3717.99,0.06,0.03,A,F,1993-03-27,1993-05-16,1993-04-18,DELIVER IN PERSON,TRUCK,thlessly express dependencies na
17506-3,17506,1524,25,3,22.00,31361.44,0.06,0.07,A,F,1993-04-20,1993-05-30,1993-05-13,NONE,FOB,t daringly special idea
17507-1,17507,366,95,1,39.00,49388.04,0.00,0.02,R,F,1992-08-23,1992-07-14,1992-09-21,NONE,SHIP,bove the even packages-- final plate
17507-2,17507,1991,24,2,18.00,34073.82,0.10,0.05,R,F,1992-06-30,1992-08-03,1992-07-10,COLLECT COD,SHIP,"ess packages haggle. regular, even pinto"
17507-3,17507,341,26,3,41.00,50894.94,0.00,0.08,R,F,1992-07-06,1992-07-30,1992-07-27,NONE,TRUCK,ajole carefully unusual platelets. c
17507-4,17507,1569,10,4,15.00,22058.40,0.06,0.06,A,F,1992-09-13,1992-07-18,1992-10-11,DELIVER IN PERSON,RAIL,lyly regula
17507-5,17507,7,83,5,19.00,17233.00,0.10,0.04,A,F,1992-08-17,1992-07-23,1992-09-04,COLLECT COD,SHIP,ons grow finally accounts.
17507-6,17507,985,20,6,37.00,69781.26,0.00,0.05,R,F,1992-10-07,1992-07-29,1992-10-25,DELIVER IN PERSON,RAIL, slyly regular deposits nag about th
17507-7,17507,90,66,7,12.00,11881.08,0.08,0.04,R,F,1992-08-31,1992-07-19,1992-09-30,DELIVER IN PERSON,FOB,blithely e
17508-1,17508,1841,42,1,42.00,73199.28,0.00,0.00,A,F,1992-08-22,1992-08-17,1992-09-17,NONE,REG AIR, even depths sleep furiously against the pe
17508-2,17508,1419,37,2,30.00,39612.30,0.09,0.00,A,F,1992-09-08,1992-08-26,1992-09-29,NONE,RAIL,d theodolites. blithely regular
17508-3,17508,37,88,3,8.00,7496.24,0.10,0.06,A,F,1992-07-12,1992-08-21,1992-07-26,COLLECT COD,MAIL,n platelets. express excuses use furi
17508-4,17508,118,45,4,15.00,15271.65,0.05,0.07,A,F,1992-10-01,1992-08-04,1992-10-23,COLLECT COD,TRUCK,y slyly pending ac
17509-1,17509,544,35,1,18.00,26001.72,0.08,0.01,N,O,1995-11-04,1995-10-31,1995-11-17,DELIVER IN PERSON,TRUCK,s wake. final accou
17509-2,17509,731,96,2,35.00,57110.55,0.05,0.01,N,O,1995-09-06,1995-11-11,1995-09-25,COLLECT COD,RAIL, instructions. carefully regular courts 
17509-3,17509,484,85,3,20.00,27689.60,0.07,0.08,N,O,1995-09-24,1995-10-18,1995-10-06,TAKE BACK RETURN,MAIL,ly. blithely sly 
17509-4,17509,935,38,4,29.00,53241.97,0.02,0.04,N,O,1995-11-22,1995-11-22,1995-12-02,DELIVER IN PERSON,RAIL,y ironic req
17510-1,17510,1915,48,1,9.00,16352.19,0.09,0.06,A,F,1993-02-01,1993-01-19,1993-02-14,COLLECT COD,MAIL,olphins. furiously even accounts accord
17511-1,17511,149,76,1,12.00,12589.68,0.09,0.06,N,O,1996-02-13,1996-02-02,1996-03-13,NONE,FOB,bt slyly. quickly i
17536-1,17536,22,73,1,46.00,42412.92,0.03,0.08,N,O,1997-11-09,1998-01-03,1997-12-01,TAKE BACK RETURN,AIR,ependencies use slyly i
17536-2,17536,235,90,2,32.00,36327.36,0.08,0.02,N,O,1998-02-22,1998-01-14,1998-03-12,TAKE BACK RETURN,AIR,s. fluffily final pack
17536-3,17536,150,3,3,48.00,50407.20,0.06,0.03,N,O,1997-11-13,1998-01-07,1997-11-24,TAKE BACK RETURN,RAIL,uffily regular deposits doze slyly fin
17536-4,17536,15,66,4,41.00,37515.41,0.07,0.07,N,O,1998-03-01,1997-12-09,1998-03-10,COLLECT COD,SHIP,fluffily regular d
17536-5,17536,1999,32,5,47.00,89346.53,0.01,0.05,N,O,1998-01-21,1997-12-28,1998-02-13,DELIVER IN PERSON,REG AIR,gular accounts. ironic 
17536-6,17536,623,55,6,6.00,9141.72,0.02,0.05,N,O,1997-11-14,1998-01-18,1997-12-06,TAKE BACK RETURN,RAIL,sts. even excuses are above the quickly iro
17536-7,17536,954,89,7,30.00,55648.50,0.08,0.05,N,O,1997-11-25,1998-01-24,1997-12-07,NONE,RAIL,fily special
17537-1,17537,996,65,1,18.00,34145.82,0.07,0.08,N,O,1998-08-07,1998-09-20,1998-08-11,COLLECT COD,SHIP,osits cajole qu
17537-2,17537,1661,62,2,10.00,15626.60,0.04,0.08,N,O,1998-09-18,1998-09-10,1998-09-27,TAKE BACK RETURN,FOB,deas after the ex
17537-3,17537,1898,28,3,8.00,14399.12,0.07,0.07,N,O,1998-10-25,1998-09-02,1998-11-20,COLLECT COD,RAIL,to beans haggle fluffily
17537-4,17537,356,13,4,42.00,52766.70,0.06,0.02,N,O,1998-07-05,1998-09-15,1998-07-09,COLLECT COD,TRUCK,uickly special foxes are quickly furiousl
17537-5,17537,1067,68,5,45.00,43562.70,0.07,0.04,N,O,1998-07-29,1998-09-21,1998-08-23,NONE,AIR,ar theodolites
17537-6,17537,880,80,6,37.00,65892.56,0.10,0.04,N,O,1998-08-11,1998-08-26,1998-09-06,TAKE BACK RETURN,AIR,the ironic instr
17538-1,17538,1139,48,1,34.00,35364.42,0.01,0.00,R,F,1994-11-09,1994-10-22,1994-11-19,DELIVER IN PERSON,TRUCK, accounts above the pinto beans nag 
17538-2,17538,1474,75,2,34.00,46765.98,0.03,0.00,R,F,1994-12-10,1994-11-28,1994-12-24,NONE,RAIL,uriously even
17538-3,17538,1947,92,3,31.00,57317.14,0.06,0.06,R,F,1994-12-01,1994-10-28,1994-12-27,COLLECT COD,TRUCK,uctions. quickl
17538-4,17538,186,65,4,7.00,7603.26,0.04,0.00,R,F,1994-11-14,1994-10-21,1994-12-03,COLLECT COD,SHIP, instructions. final inst
17539-1,17539,1404,44,1,24.00,31329.60,0.05,0.06,N,O,1995-11-19,1995-11-16,1995-11-24,COLLECT COD,REG AIR, the pending deposits boost slyly exp
17539-2,17539,312,97,2,33.00,40006.23,0.01,0.04,N,O,1996-01-04,1995-11-22,1996-01-15,TAKE BACK RETURN,FOB, requests sleep 
17539-3,17539,1549,50,3,6.00,8703.24,0.03,0.08,N,O,1995-12-24,1995-11-20,1996-01-18,COLLECT COD,AIR,elets. even excuses are. fur
17539-4,17539,1627,28,4,16.00,24457.92,0.10,0.04,N,O,1995-12-11,1995-10-27,1996-01-07,TAKE BACK RETURN,MAIL," bold, furious requests are. quickly spe"
17539-5,17539,51,77,5,35.00,33286.75,0.02,0.01,N,O,1995-09-29,1995-12-11,1995-10-18,NONE,RAIL,ajole carefully. furio
17540-1,17540,1550,51,1,29.00,42094.95,0.00,0.02,A,F,1992-03-19,1992-03-23,1992-04-06,DELIVER IN PERSON,TRUCK,of the requests promise regular
17540-2,17540,985,86,2,31.00,58465.38,0.07,0.02,R,F,1992-04-23,1992-04-04,1992-05-20,TAKE BACK RETURN,TRUCK,y asymptotes. f
17540-3,17540,1721,22,3,2.00,3245.44,0.08,0.06,A,F,1992-02-05,1992-04-03,1992-02-10,NONE,AIR,onic packages cajole
17541-1,17541,1728,13,1,21.00,34224.12,0.06,0.06,R,F,1993-03-21,1993-04-27,1993-04-17,DELIVER IN PERSON,SHIP,s haggle slyly. pending 
17541-2,17541,909,10,2,20.00,36198.00,0.08,0.01,A,F,1993-02-01,1993-03-02,1993-02-02,COLLECT COD,REG AIR,hrash slyly quickly special instruc
17541-3,17541,499,87,3,36.00,50381.64,0.09,0.03,A,F,1993-05-19,1993-04-15,1993-06-14,COLLECT COD,MAIL,ependencies nag carefully? bli
17541-4,17541,112,65,4,27.00,27326.97,0.02,0.00,R,F,1993-04-12,1993-03-06,1993-05-03,NONE,RAIL,usly unusual platelets. quietly pe
17542-1,17542,1681,5,1,10.00,15826.80,0.00,0.02,R,F,1993-10-08,1993-11-03,1993-10-16,COLLECT COD,TRUCK,. carefully 
17542-2,17542,1489,68,2,9.00,12514.32,0.10,0.03,A,F,1993-12-10,1993-10-08,1994-01-06,NONE,AIR,"packages haggle final, even "
17542-3,17542,1037,73,3,47.00,44087.41,0.01,0.07,R,F,1993-09-14,1993-10-27,1993-10-10,TAKE BACK RETURN,FOB,furiously even
17543-1,17543,1195,68,1,23.00,25212.37,0.04,0.08,A,F,1992-07-04,1992-07-08,1992-07-22,TAKE BACK RETURN,TRUCK,y express acc
17543-2,17543,1639,22,2,23.00,35434.49,0.04,0.01,R,F,1992-06-25,1992-08-13,1992-07-10,COLLECT COD,RAIL,l ideas use 
17543-3,17543,188,67,3,45.00,48968.10,0.05,0.05,A,F,1992-09-09,1992-07-31,1992-09-23,COLLECT COD,MAIL,s are blithe
17568-1,17568,1952,85,1,29.00,53764.55,0.00,0.06,R,F,1994-01-17,1993-11-24,1994-02-02,TAKE BACK RETURN,AIR,s. blithely unusual instruc
17568-2,17568,282,64,2,22.00,26010.16,0.06,0.06,R,F,1993-11-09,1993-11-17,1993-11-30,DELIVER IN PERSON,SHIP, even packages during the 
17568-3,17568,667,61,3,44.00,68977.04,0.06,0.03,A,F,1994-01-06,1993-11-26,1994-01-10,TAKE BACK RETURN,TRUCK,the ironic packages
17568-4,17568,1398,13,4,21.00,27287.19,0.01,0.03,R,F,1993-11-07,1993-11-17,1993-11-26,DELIVER IN PERSON,MAIL,s haggle. slyly
17568-5,17568,1584,85,5,45.00,66851.10,0.08,0.07,A,F,1993-10-11,1994-01-07,1993-10-21,DELIVER IN PERSON,FOB,lyly about the pinto beans. unusual depo
17568-6,17568,1931,32,6,9.00,16496.37,0.05,0.06,A,F,1993-12-22,1993-11-11,1994-01-02,DELIVER IN PERSON,FOB,encies cajole fluffily
17568-7,17568,1082,53,7,50.00,49154.00,0.00,0.01,A,F,1993-11-12,1994-01-06,1993-11-17,NONE,REG AIR,ic pinto beans 
17569-1,17569,1160,33,1,13.00,13795.08,0.06,0.06,N,O,1997-11-07,1997-09-18,1997-11-27,NONE,SHIP,"ng theodolites. unusual, ir"
17569-2,17569,1813,43,2,4.00,6859.24,0.00,0.00,N,O,1997-08-15,1997-09-04,1997-09-04,TAKE BACK RETURN,TRUCK,ress requests are slyl
17569-3,17569,1223,35,3,16.00,17987.52,0.02,0.03,N,O,1997-10-02,1997-08-26,1997-10-17,TAKE BACK RETURN,AIR,ges. pending packages cajole bl
17569-4,17569,1659,42,4,30.00,46819.50,0.07,0.05,N,O,1997-09-21,1997-09-11,1997-10-04,DELIVER IN PERSON,AIR,ly express deposits 
17569-5,17569,306,35,5,41.00,49458.30,0.02,0.03,N,O,1997-11-03,1997-09-06,1997-11-22,COLLECT COD,MAIL,ymptotes are a
17569-6,17569,1693,17,6,13.00,20730.97,0.03,0.02,N,O,1997-10-03,1997-09-03,1997-10-05,COLLECT COD,TRUCK,ickly final frays.
17569-7,17569,1232,44,7,35.00,39663.05,0.06,0.03,N,O,1997-07-28,1997-08-30,1997-08-01,DELIVER IN PERSON,TRUCK,e slyly. furiously even accounts sleep fu
17570-1,17570,758,55,1,18.00,29857.50,0.08,0.05,N,O,1996-11-12,1996-11-21,1996-11-23,TAKE BACK RETURN,FOB,yly close courts. fluffily final foxes p
17570-2,17570,1085,56,2,33.00,32540.64,0.05,0.06,N,O,1996-11-02,1996-11-11,1996-11-17,COLLECT COD,MAIL,ully ironic deposits affix after the blit
17570-3,17570,9,85,3,23.00,20907.00,0.05,0.04,N,O,1996-12-22,1996-10-16,1997-01-07,TAKE BACK RETURN,REG AIR,l requests b
17570-4,17570,579,10,4,3.00,4438.71,0.09,0.04,N,O,1996-12-05,1996-11-24,1996-12-12,TAKE BACK RETURN,SHIP,refully ironic requests. silent packages 
17570-5,17570,1517,58,5,31.00,43973.81,0.03,0.03,N,O,1996-10-25,1996-11-26,1996-11-21,DELIVER IN PERSON,AIR,des the slyly express courts. theodolites p
17570-6,17570,563,54,6,29.00,42443.24,0.08,0.07,N,O,1996-12-10,1996-12-03,1997-01-02,DELIVER IN PERSON,MAIL,ts. bold instructions haggl
17571-1,17571,1738,39,1,43.00,70508.39,0.00,0.07,A,F,1992-07-06,1992-05-25,1992-07-20,TAKE BACK RETURN,AIR,uests. instructions haggle quickly pendin
17571-2,17571,692,93,2,39.00,62114.91,0.10,0.05,R,F,1992-07-14,1992-05-11,1992-07-21,DELIVER IN PERSON,MAIL, the slyly even foxes. silently ironic 
17571-3,17571,638,70,3,44.00,67699.72,0.07,0.07,A,F,1992-04-19,1992-04-23,1992-05-19,COLLECT COD,SHIP,ular epitaphs sleep according to the 
17571-4,17571,656,57,4,42.00,65379.30,0.06,0.00,A,F,1992-05-26,1992-05-12,1992-06-16,COLLECT COD,AIR, regular deposits above the careful
17571-5,17571,1965,98,5,43.00,80279.28,0.06,0.07,A,F,1992-04-14,1992-04-20,1992-05-14,TAKE BACK RETURN,SHIP,es; regular pint
17571-6,17571,998,67,6,20.00,37979.80,0.09,0.08,A,F,1992-04-17,1992-05-02,1992-04-30,NONE,REG AIR, Tiresias doze. iron
17571-7,17571,655,18,7,18.00,28001.70,0.08,0.06,R,F,1992-03-23,1992-04-17,1992-04-06,DELIVER IN PERSON,SHIP,"ic, ironic accounts about th"
17572-1,17572,1039,45,1,30.00,28200.90,0.06,0.05,N,O,1998-06-19,1998-06-06,1998-06-20,COLLECT COD,RAIL,sly unusual foxes a
17572-2,17572,1111,20,2,8.00,8096.88,0.06,0.00,N,O,1998-06-03,1998-06-28,1998-06-13,TAKE BACK RETURN,RAIL,ng the furi
17573-1,17573,1905,38,1,34.00,61434.60,0.02,0.00,N,O,1995-10-10,1995-10-09,1995-11-03,DELIVER IN PERSON,REG AIR, requests need to boost; deposi
17573-2,17573,422,81,2,26.00,34382.92,0.08,0.07,N,O,1995-11-02,1995-11-11,1995-11-25,TAKE BACK RETURN,AIR,sts cajole quickly close packag
17573-3,17573,811,45,3,38.00,65048.78,0.03,0.07,N,O,1995-11-25,1995-11-21,1995-12-08,NONE,TRUCK,ages. carefully express decoys are furious
17574-1,17574,724,89,1,17.00,27620.24,0.02,0.02,N,O,1997-11-23,1997-10-30,1997-12-07,TAKE BACK RETURN,MAIL,ggle furiously silent de
17575-1,17575,1744,71,1,6.00,9874.44,0.09,0.05,N,O,1998-08-24,1998-08-19,1998-09-04,DELIVER IN PERSON,REG AIR,ughout the quickly special ide
17600-1,17600,1274,86,1,20.00,23505.40,0.04,0.03,N,O,1995-12-16,1995-11-07,1995-12-25,NONE,RAIL, furiously unusual req
17600-2,17600,1846,90,2,13.00,22721.92,0.09,0.05,N,O,1995-10-09,1995-12-16,1995-10-24,NONE,AIR,sts haggle? quickly bold instruction
17600-3,17600,1574,55,3,41.00,60498.37,0.04,0.06,N,O,1995-12-06,1995-11-28,1996-01-03,DELIVER IN PERSON,SHIP,"e fluffily silent, regular courts. careful"
17600-4,17600,620,14,4,19.00,28891.78,0.05,0.04,N,O,1996-01-01,1995-11-08,1996-01-06,COLLECT COD,RAIL,jole idle dependencies. slyly
17600-5,17600,1645,46,5,44.00,68052.16,0.09,0.03,N,O,1995-11-01,1995-12-26,1995-11-22,COLLECT COD,RAIL,regular ideas
17600-6,17600,1564,45,6,28.00,41035.68,0.09,0.02,N,O,1996-01-27,1995-11-17,1996-02-25,COLLECT COD,SHIP," slyly theodolites. pending, express pa"
17601-1,17601,663,95,1,16.00,25018.56,0.01,0.04,N,O,1998-04-22,1998-04-01,1998-04-30,TAKE BACK RETURN,RAIL, dazzle careful
17601-2,17601,694,95,2,10.00,15946.90,0.07,0.08,N,O,1998-04-06,1998-05-23,1998-04-10,COLLECT COD,TRUCK, quickly even requests nag furio
17602-1,17602,1180,17,1,18.00,19461.24,0.07,0.07,A,F,1992-06-13,1992-04-12,1992-07-10,DELIVER IN PERSON,TRUCK,le quietly at th
17603-1,17603,655,87,1,49.00,76226.85,0.07,0.01,N,O,1998-03-16,1998-02-01,1998-04-14,DELIVER IN PERSON,AIR, beans wake fluffily c
17603-2,17603,946,81,2,6.00,11081.64,0.06,0.05,N,O,1998-03-11,1998-03-17,1998-03-30,NONE,REG AIR,lyly ironic ac
17603-3,17603,363,48,3,26.00,32847.36,0.10,0.03,N,O,1998-01-23,1998-03-15,1998-02-10,COLLECT COD,REG AIR, blithely against 
17604-1,17604,1589,90,1,22.00,32792.76,0.01,0.05,N,O,1998-01-13,1997-12-10,1998-02-08,TAKE BACK RETURN,REG AIR,bold dependencies sl
17605-1,17605,149,28,1,37.00,38818.18,0.04,0.06,N,O,1998-01-16,1998-04-02,1998-01-20,DELIVER IN PERSON,FOB,s. blithely r
17605-2,17605,231,32,2,38.00,42986.74,0.06,0.07,N,O,1998-01-15,1998-04-08,1998-02-03,DELIVER IN PERSON,REG AIR,ds solve about the slyly p
17605-3,17605,328,85,3,39.00,47904.48,0.03,0.05,N,O,1998-02-28,1998-03-05,1998-03-20,NONE,REG AIR,y depths. pending dolphi
17605-4,17605,872,73,4,42.00,74460.54,0.04,0.04,N,O,1998-04-06,1998-04-03,1998-04-19,DELIVER IN PERSON,FOB,posits haggle alon
17605-5,17605,1593,34,5,30.00,44837.70,0.02,0.03,N,O,1998-01-25,1998-03-13,1998-02-09,COLLECT COD,FOB,"ons cajole fluffily final, regular"
17605-6,17605,475,5,6,9.00,12379.23,0.07,0.08,N,O,1998-04-30,1998-03-17,1998-05-03,COLLECT COD,AIR,ress requests serve across the request
17605-7,17605,1696,97,7,23.00,36746.87,0.10,0.05,N,O,1998-02-26,1998-03-28,1998-03-14,COLLECT COD,RAIL, theodolites. final requests wake fluffily 
17606-1,17606,647,48,1,26.00,40238.64,0.07,0.00,N,O,1997-03-24,1997-02-05,1997-04-23,TAKE BACK RETURN,FOB,al instructions s
17606-2,17606,1043,14,2,34.00,32097.36,0.09,0.08,N,O,1996-12-12,1997-02-13,1997-01-09,NONE,REG AIR, theodolites. quick frays after the 
17607-1,17607,218,100,1,41.00,45846.61,0.01,0.01,R,F,1992-06-13,1992-05-07,1992-06-24,DELIVER IN PERSON,FOB,ockey players wake fu
17632-1,17632,1272,47,1,20.00,23465.40,0.07,0.05,A,F,1993-05-23,1993-05-10,1993-06-01,DELIVER IN PERSON,REG AIR, the theodolites. carefully unusual theodo
17632-2,17632,852,19,2,4.00,7011.40,0.00,0.07,R,F,1993-03-31,1993-04-09,1993-04-30,TAKE BACK RETURN,RAIL,"the bold, regular de"
17632-3,17632,18,69,3,46.00,42228.46,0.01,0.07,R,F,1993-05-06,1993-03-24,1993-06-04,COLLECT COD,REG AIR, regular accounts. busily reg
17632-4,17632,1199,100,4,7.00,7701.33,0.05,0.07,R,F,1993-04-24,1993-04-25,1993-05-22,TAKE BACK RETURN,FOB,theodolites cajole according to the 
17632-5,17632,1847,77,5,28.00,48967.52,0.10,0.01,R,F,1993-04-20,1993-03-31,1993-04-24,COLLECT COD,FOB,al asymptotes are evenly bold
17632-6,17632,491,50,6,47.00,65400.03,0.01,0.08,A,F,1993-04-02,1993-04-21,1993-04-13,DELIVER IN PERSON,REG AIR,according to the furiously bol
17633-1,17633,953,56,1,15.00,27809.25,0.10,0.06,R,F,1992-12-15,1993-01-23,1993-01-09,NONE,REG AIR,ely special pearls.
17633-2,17633,847,81,2,6.00,10487.04,0.10,0.08,A,F,1992-12-06,1993-01-22,1992-12-24,COLLECT COD,FOB,unwind fluffily blithely even depen
17633-3,17633,624,87,3,37.00,56410.94,0.02,0.08,R,F,1993-03-12,1993-01-11,1993-03-18,COLLECT COD,REG AIR,"kages. special, even atta"
17633-4,17633,709,42,4,12.00,19316.40,0.03,0.01,R,F,1993-02-24,1993-01-01,1993-03-20,COLLECT COD,SHIP,sual patterns. quickly 
17633-5,17633,1020,56,5,50.00,46051.00,0.06,0.05,R,F,1993-01-25,1993-02-05,1993-01-31,TAKE BACK RETURN,MAIL,equests are slowly silent ac
17633-6,17633,59,60,6,42.00,40280.10,0.01,0.05,A,F,1993-02-24,1993-02-15,1993-03-15,TAKE BACK RETURN,RAIL,cial foxes sleep blithely alon
17633-7,17633,775,8,7,32.00,53624.64,0.01,0.06,A,F,1993-01-25,1993-01-21,1993-02-04,DELIVER IN PERSON,RAIL,s. furiously ironic dependencies
17634-1,17634,1140,13,1,45.00,46851.30,0.05,0.04,A,F,1992-10-08,1992-09-10,1992-10-14,COLLECT COD,RAIL,carefully fi
17634-2,17634,1722,23,2,17.00,27603.24,0.01,0.02,R,F,1992-11-11,1992-10-15,1992-11-14,TAKE BACK RETURN,TRUCK, packages. express pack
17634-3,17634,690,22,3,6.00,9544.14,0.06,0.06,R,F,1992-08-15,1992-09-06,1992-09-14,COLLECT COD,RAIL,s boost after the busily expr
17634-4,17634,605,37,4,8.00,12044.80,0.01,0.02,R,F,1992-10-26,1992-08-30,1992-10-27,TAKE BACK RETURN,FOB,of the pending platelets. courts detect 
17635-1,17635,981,16,1,16.00,30111.68,0.01,0.08,R,F,1992-04-30,1992-04-06,1992-05-19,TAKE BACK RETURN,MAIL,e among the fluffy requests: blithely iron
17635-2,17635,456,86,2,44.00,59683.80,0.05,0.04,R,F,1992-04-27,1992-04-11,1992-05-24,TAKE BACK RETURN,TRUCK,ideas. the
17635-3,17635,1293,31,3,33.00,39411.57,0.03,0.00,R,F,1992-04-16,1992-03-30,1992-04-20,TAKE BACK RETURN,SHIP,ckly quickly unusual dolphins. p
17635-4,17635,964,99,4,45.00,83923.20,0.08,0.03,R,F,1992-05-21,1992-05-06,1992-05-22,TAKE BACK RETURN,REG AIR,"above the express, ironic reque"
17635-5,17635,939,8,5,49.00,90156.57,0.02,0.04,A,F,1992-02-28,1992-04-01,1992-03-14,DELIVER IN PERSON,MAIL,telets? furiously silent requests a
17635-6,17635,1028,29,6,20.00,18580.40,0.05,0.08,R,F,1992-03-13,1992-04-23,1992-03-21,TAKE BACK RETURN,SHIP,at carefully. pending pac
17636-1,17636,1456,74,1,47.00,63800.15,0.04,0.07,R,F,1994-05-17,1994-04-23,1994-06-01,DELIVER IN PERSON,REG AIR,ckly after the regular grouches.
17636-2,17636,1299,37,2,16.00,19204.64,0.02,0.04,R,F,1994-06-04,1994-04-17,1994-07-02,DELIVER IN PERSON,FOB,onic deposits. carefully final requests exc
17636-3,17636,999,34,3,47.00,89299.53,0.08,0.05,R,F,1994-05-10,1994-04-19,1994-05-26,COLLECT COD,FOB,requests! co
17636-4,17636,322,23,4,5.00,6111.60,0.01,0.07,A,F,1994-02-06,1994-03-09,1994-02-26,NONE,SHIP,he slyly ironic forges unwind carefull
17636-5,17636,293,48,5,39.00,46538.31,0.02,0.05,R,F,1994-02-15,1994-04-28,1994-02-18,DELIVER IN PERSON,SHIP,ithely slyly special accounts. furiously u
17637-1,17637,1958,3,1,42.00,78117.90,0.04,0.03,A,F,1992-11-02,1992-09-29,1992-11-30,COLLECT COD,RAIL,cuses need to wake furiously even accoun
17637-2,17637,1192,93,2,17.00,18584.23,0.06,0.06,R,F,1992-11-01,1992-11-17,1992-11-09,DELIVER IN PERSON,FOB,ag express warhorses. slyly pending reques
17637-3,17637,369,70,3,9.00,11424.24,0.00,0.06,A,F,1992-11-11,1992-11-17,1992-11-18,TAKE BACK RETURN,SHIP,. permanently even excuse
17638-1,17638,1320,59,1,28.00,34196.96,0.08,0.05,N,O,1995-12-17,1995-11-13,1996-01-01,DELIVER IN PERSON,MAIL,ely even foxes after the final 
17638-2,17638,1139,12,2,14.00,14561.82,0.09,0.07,N,O,1995-10-03,1995-11-23,1995-10-26,NONE,RAIL, accounts. furiously bold requests inte
17638-3,17638,1537,38,3,18.00,25893.54,0.00,0.00,N,O,1995-12-24,1995-12-03,1996-01-12,TAKE BACK RETURN,SHIP,sias above the carefully pending packa
17639-1,17639,1122,31,1,28.00,28647.36,0.01,0.06,N,O,1997-11-29,1997-11-03,1997-12-16,COLLECT COD,TRUCK,ly ironic d
17639-2,17639,1455,56,2,39.00,52901.55,0.02,0.08,N,O,1997-12-15,1997-10-29,1998-01-12,COLLECT COD,TRUCK,regular packages sublate. bl
17664-1,17664,870,37,1,23.00,40730.01,0.04,0.06,N,O,1998-10-12,1998-09-15,1998-11-06,COLLECT COD,TRUCK,"regular, ironic pearls. furiously reg"
17664-2,17664,1371,86,2,16.00,20357.92,0.06,0.02,N,O,1998-08-24,1998-08-10,1998-09-23,TAKE BACK RETURN,RAIL,pinto bean
17664-3,17664,603,66,3,39.00,58640.40,0.06,0.08,N,O,1998-10-17,1998-08-15,1998-11-14,COLLECT COD,RAIL,wake fluffily among the r
17664-4,17664,392,49,4,5.00,6461.95,0.08,0.04,N,O,1998-08-26,1998-08-18,1998-09-08,COLLECT COD,RAIL,uffily fin
17664-5,17664,154,33,5,19.00,20028.85,0.04,0.03,N,O,1998-09-24,1998-08-11,1998-10-23,TAKE BACK RETURN,RAIL,luffily regular courts should have to w
17664-6,17664,371,28,6,7.00,8899.59,0.01,0.04,N,O,1998-08-25,1998-08-23,1998-09-10,NONE,MAIL,hs. carefully even dep
17665-1,17665,622,54,1,50.00,76131.00,0.02,0.07,N,O,1996-05-22,1996-05-30,1996-06-11,NONE,SHIP, bold accounts boost blithely r
17665-2,17665,645,77,2,15.00,23184.60,0.01,0.00,N,O,1996-06-27,1996-04-21,1996-07-15,DELIVER IN PERSON,REG AIR,s the ironic
17665-3,17665,1814,1,3,49.00,84074.69,0.08,0.06,N,O,1996-03-10,1996-05-15,1996-03-20,DELIVER IN PERSON,SHIP,y express ac
17666-1,17666,1191,92,1,2.00,2184.38,0.09,0.03,R,F,1993-12-24,1993-11-21,1994-01-19,DELIVER IN PERSON,RAIL, sauternes. blithely even
17666-2,17666,574,75,2,37.00,54559.09,0.01,0.05,A,F,1993-12-24,1993-11-18,1994-01-15,COLLECT COD,RAIL,ong the accounts. blit
17666-3,17666,460,61,3,5.00,6802.30,0.08,0.07,A,F,1993-11-25,1993-10-24,1993-12-06,DELIVER IN PERSON,SHIP,ely ironic instruct
17666-4,17666,1805,49,4,22.00,37549.60,0.06,0.04,R,F,1993-10-28,1993-11-16,1993-11-07,NONE,REG AIR,"furious, unusual requests above the b"
17666-5,17666,1658,100,5,38.00,59266.70,0.09,0.07,A,F,1994-01-03,1993-11-05,1994-01-21,TAKE BACK RETURN,REG AIR,al platelets: accounts above th
17667-1,17667,922,23,1,31.00,56510.52,0.02,0.06,N,O,1998-07-13,1998-09-01,1998-08-02,NONE,SHIP,e after the final packages. quickly even 
17667-2,17667,349,78,2,17.00,21238.78,0.02,0.08,N,O,1998-08-30,1998-09-16,1998-08-31,COLLECT COD,FOB,timents. requests according 
17668-1,17668,1521,22,1,13.00,18492.76,0.05,0.04,R,F,1995-03-19,1995-01-11,1995-04-08,DELIVER IN PERSON,FOB,tes detect blithely doggedly expr
17668-2,17668,1726,69,2,39.00,63481.08,0.08,0.08,R,F,1995-02-19,1995-02-14,1995-03-03,DELIVER IN PERSON,MAIL,ss the quickly i
17668-3,17668,1581,62,3,26.00,38547.08,0.01,0.03,R,F,1995-01-23,1995-02-14,1995-02-02,NONE,TRUCK,"ggle furiously. bold, busy dep"
17668-4,17668,635,29,4,26.00,39926.38,0.03,0.07,R,F,1994-11-28,1995-01-24,1994-12-04,TAKE BACK RETURN,SHIP,osits haggle regul
17668-5,17668,1002,3,5,37.00,33411.00,0.10,0.04,R,F,1995-01-07,1995-01-07,1995-01-26,COLLECT COD,AIR,es across the regularly regu
17668-6,17668,1688,89,6,38.00,60407.84,0.05,0.00,A,F,1995-02-13,1995-01-04,1995-02-15,NONE,TRUCK,packages cajole
17668-7,17668,1747,32,7,43.00,70895.82,0.01,0.02,A,F,1995-03-11,1994-12-29,1995-03-18,TAKE BACK RETURN,REG AIR, bold theodolites wake. special requests w
17669-1,17669,588,19,1,21.00,31260.18,0.05,0.02,R,F,1994-07-16,1994-06-08,1994-07-25,NONE,AIR, lose bold platelets. slyl
17669-2,17669,658,21,2,39.00,60787.35,0.08,0.02,R,F,1994-06-16,1994-07-06,1994-07-09,NONE,FOB,es use against th
17670-1,17670,285,13,1,27.00,32002.56,0.05,0.05,A,F,1994-12-06,1994-11-16,1994-12-17,NONE,TRUCK,. bold asy
17670-2,17670,810,11,2,28.00,47902.68,0.07,0.06,R,F,1994-12-06,1994-10-04,1994-12-31,COLLECT COD,RAIL,packages haggle through the b
17670-3,17670,739,40,3,29.00,47552.17,0.10,0.05,R,F,1994-10-23,1994-10-01,1994-10-27,NONE,SHIP,ly final deposits haggle fluffily accord
17670-4,17670,1575,56,4,9.00,13289.13,0.04,0.05,A,F,1994-11-24,1994-10-16,1994-11-30,TAKE BACK RETURN,MAIL,usly furious requests. ironic
17670-5,17670,975,76,5,10.00,18759.70,0.05,0.04,A,F,1994-11-14,1994-11-15,1994-11-24,COLLECT COD,AIR,ly regular ideas boost furiously among the
17670-6,17670,212,40,6,15.00,16683.15,0.08,0.05,A,F,1994-11-25,1994-11-03,1994-12-07,COLLECT COD,TRUCK,ar platelets. furiously express accounts sl
17671-1,17671,1459,99,1,38.00,51697.10,0.00,0.02,R,F,1992-11-29,1992-10-03,1992-12-09,TAKE BACK RETURN,TRUCK,accounts around the pearls use 
17696-1,17696,889,89,1,6.00,10739.28,0.10,0.06,N,O,1997-09-25,1997-08-26,1997-10-24,COLLECT COD,AIR,"er the requests; permanent, regular "
17696-2,17696,1686,28,2,45.00,71445.60,0.10,0.03,N,O,1997-09-19,1997-08-25,1997-09-29,COLLECT COD,REG AIR,ent ideas; slyly regular accounts print b
17697-1,17697,887,88,1,49.00,87606.12,0.05,0.06,R,F,1993-12-03,1994-01-25,1994-01-01,TAKE BACK RETURN,FOB,y regular requests. fluffily even packag
17697-2,17697,1620,3,2,49.00,74559.38,0.09,0.02,R,F,1994-03-18,1993-12-24,1994-04-17,DELIVER IN PERSON,TRUCK,"y: final, final pinto"
17697-3,17697,897,98,3,25.00,44947.25,0.05,0.02,R,F,1993-11-21,1994-01-12,1993-11-23,COLLECT COD,AIR,even packages. car
17697-4,17697,339,96,4,14.00,17350.62,0.08,0.01,A,F,1994-02-09,1993-12-20,1994-03-06,TAKE BACK RETURN,FOB,iously after the regular
17697-5,17697,1700,24,5,5.00,8008.50,0.08,0.05,R,F,1993-11-29,1994-02-13,1993-12-01,DELIVER IN PERSON,RAIL,e final theodolites. quickly
17697-6,17697,1732,75,6,42.00,68616.66,0.10,0.02,R,F,1993-12-31,1994-01-12,1994-01-29,NONE,REG AIR,slyly ironic sheaves. d
17697-7,17697,1679,80,7,21.00,33194.07,0.05,0.04,R,F,1993-11-30,1994-01-10,1993-12-22,TAKE BACK RETURN,FOB,d courts. carefully even 
17698-1,17698,1151,24,1,2.00,2104.30,0.03,0.00,R,F,1992-09-03,1992-07-14,1992-09-27,DELIVER IN PERSON,MAIL,yly special account
17698-2,17698,1150,59,2,45.00,47301.75,0.01,0.07,A,F,1992-07-01,1992-07-26,1992-07-04,NONE,SHIP,le about the slyly even foxes. regu
17698-3,17698,1390,29,3,4.00,5165.56,0.00,0.03,A,F,1992-07-21,1992-07-09,1992-08-18,NONE,AIR,boost fluffily. s
17698-4,17698,228,29,4,41.00,46257.02,0.09,0.06,A,F,1992-08-23,1992-07-09,1992-09-22,TAKE BACK RETURN,FOB,"al, sly theodolites integra"
17698-5,17698,731,32,5,41.00,66900.93,0.05,0.04,A,F,1992-05-18,1992-06-23,1992-06-13,COLLECT COD,REG AIR,usly busy excuses. furiously unusual
17698-6,17698,1002,38,6,10.00,9030.00,0.06,0.02,A,F,1992-09-05,1992-07-15,1992-09-19,NONE,FOB,its. blithely fluffy decoys w
17699-1,17699,1190,91,1,31.00,33826.89,0.02,0.02,N,O,1997-10-16,1997-11-23,1997-10-27,COLLECT COD,MAIL,y according to the regular p
17699-2,17699,1698,22,2,48.00,76785.12,0.02,0.06,N,O,1997-11-20,1997-12-03,1997-12-09,COLLECT COD,TRUCK, regular reques
17699-3,17699,1696,38,3,38.00,60712.22,0.07,0.06,N,O,1998-01-18,1997-12-03,1998-01-26,NONE,FOB,fily unusual foxes
17699-4,17699,720,53,4,15.00,24310.80,0.04,0.08,N,O,1997-10-19,1997-12-18,1997-11-01,DELIVER IN PERSON,RAIL,bove the f
17699-5,17699,405,93,5,32.00,41772.80,0.07,0.00,N,O,1997-12-12,1997-12-08,1997-12-25,TAKE BACK RETURN,TRUCK,furiously across th
17699-6,17699,227,82,6,7.00,7890.54,0.03,0.07,N,O,1997-12-14,1997-11-30,1998-01-12,NONE,MAIL,efully final asymptote
17699-7,17699,333,18,7,23.00,28366.59,0.10,0.04,N,O,1997-11-17,1997-11-18,1997-11-19,DELIVER IN PERSON,RAIL,wake furiously 
17700-1,17700,609,3,1,33.00,49816.80,0.05,0.02,R,F,1992-11-23,1993-01-13,1992-12-06,TAKE BACK RETURN,TRUCK,kages boost. fluffily final fox
17700-2,17700,1653,77,2,13.00,20210.45,0.10,0.03,A,F,1993-02-08,1993-01-10,1993-03-03,DELIVER IN PERSON,REG AIR,onic dolphi
17700-3,17700,80,31,3,46.00,45083.68,0.07,0.00,A,F,1993-02-05,1992-12-06,1993-02-15,NONE,MAIL,lly according 
17700-4,17700,1685,27,4,23.00,36493.64,0.01,0.02,A,F,1992-11-04,1993-01-11,1992-11-12,COLLECT COD,REG AIR, express requests sleep sl
17700-5,17700,395,24,5,4.00,5181.56,0.06,0.07,R,F,1992-12-09,1992-12-30,1992-12-31,DELIVER IN PERSON,FOB,ven foxes. furiously silent 
17700-6,17700,1829,59,6,31.00,53655.42,0.02,0.04,A,F,1992-12-04,1992-11-28,1992-12-11,NONE,REG AIR,its. slyly final asymptotes use. i
17701-1,17701,923,92,1,43.00,78428.56,0.05,0.06,R,F,1992-06-07,1992-07-18,1992-06-24,NONE,REG AIR,tes cajole carefull
17701-2,17701,1957,2,2,41.00,76216.95,0.07,0.04,A,F,1992-07-26,1992-08-04,1992-08-14,DELIVER IN PERSON,AIR,ackages affix quickly alongside o
17701-3,17701,513,14,3,17.00,24029.67,0.02,0.03,A,F,1992-08-08,1992-08-03,1992-08-20,DELIVER IN PERSON,AIR,ily special inst
17701-4,17701,1228,29,4,10.00,11292.20,0.02,0.04,R,F,1992-08-11,1992-08-19,1992-09-10,TAKE BACK RETURN,AIR,structions cajole careful
17701-5,17701,305,6,5,11.00,13258.30,0.07,0.07,A,F,1992-08-26,1992-08-01,1992-09-17,COLLECT COD,FOB,"quests sleep. express, unusual request"
17701-6,17701,1986,87,6,18.00,33983.64,0.02,0.00,R,F,1992-09-10,1992-07-15,1992-09-20,DELIVER IN PERSON,RAIL,"ronic, ironic warthogs. unusual id"
17701-7,17701,156,57,7,27.00,28516.05,0.07,0.03,R,F,1992-06-15,1992-08-05,1992-07-04,TAKE BACK RETURN,SHIP,slow multipliers across the reg
17702-1,17702,83,59,1,47.00,46204.76,0.10,0.07,R,F,1992-07-10,1992-05-27,1992-07-22,DELIVER IN PERSON,MAIL,fully ironic asympt
17702-2,17702,460,61,2,25.00,34011.50,0.06,0.08,R,F,1992-07-07,1992-06-29,1992-08-02,COLLECT COD,FOB,refully along the slyly regular
17702-3,17702,1190,63,3,38.00,41465.22,0.10,0.01,R,F,1992-08-06,1992-07-07,1992-08-22,COLLECT COD,MAIL,ronic packages haggle never. 
17702-4,17702,947,16,4,23.00,42502.62,0.00,0.01,A,F,1992-06-03,1992-06-09,1992-06-04,DELIVER IN PERSON,AIR, beans cajole fluffil
17702-5,17702,379,8,5,22.00,28146.14,0.07,0.01,A,F,1992-05-01,1992-05-28,1992-05-27,COLLECT COD,AIR, are above the deposits
17702-6,17702,1895,39,6,41.00,73672.49,0.06,0.00,R,F,1992-06-12,1992-05-24,1992-06-21,COLLECT COD,RAIL, requests after the furiously pending pack
17703-1,17703,429,30,1,28.00,37223.76,0.07,0.03,N,O,1996-08-03,1996-07-31,1996-08-29,COLLECT COD,FOB,fully special 
17703-2,17703,64,65,2,12.00,11568.72,0.02,0.04,N,O,1996-05-24,1996-06-20,1996-06-11,DELIVER IN PERSON,RAIL,"nto beans cajole bold, final fox"
17703-3,17703,1059,60,3,42.00,40322.10,0.08,0.05,N,O,1996-08-25,1996-08-01,1996-09-10,TAKE BACK RETURN,TRUCK, express packages haggle furiously f
17703-4,17703,1561,2,4,34.00,49727.04,0.05,0.02,N,O,1996-07-02,1996-06-29,1996-07-05,NONE,MAIL,re furiously among the slyly silent f
17728-1,17728,485,86,1,20.00,27709.60,0.10,0.04,N,O,1998-07-01,1998-05-12,1998-07-03,TAKE BACK RETURN,TRUCK,gle furiously slyly regular accounts. f
17729-1,17729,1270,71,1,20.00,23425.40,0.01,0.08,R,F,1993-08-20,1993-06-03,1993-09-03,TAKE BACK RETURN,MAIL,egular requests x-ray slyly outsi
17729-2,17729,242,70,2,45.00,51400.80,0.06,0.02,A,F,1993-07-29,1993-06-04,1993-08-17,NONE,MAIL,ove the furiously express pinto
17729-3,17729,1529,30,3,29.00,41485.08,0.09,0.05,A,F,1993-05-05,1993-07-06,1993-06-01,TAKE BACK RETURN,FOB,fully regular packages cajole c
17729-4,17729,735,68,4,10.00,16357.30,0.03,0.03,A,F,1993-07-08,1993-06-22,1993-07-12,NONE,MAIL,ole quickly. furiously silent dep
17729-5,17729,632,33,5,30.00,45978.90,0.05,0.05,R,F,1993-08-11,1993-07-07,1993-08-23,COLLECT COD,MAIL,wake slyly according to the ev
17730-1,17730,327,28,1,21.00,25773.72,0.10,0.03,N,O,1998-03-24,1998-04-17,1998-04-11,TAKE BACK RETURN,RAIL,g dolphins are
17730-2,17730,1693,35,2,23.00,36677.87,0.09,0.02,N,O,1998-02-20,1998-03-25,1998-03-12,COLLECT COD,REG AIR,refully ironic instructions. blithely bold
17731-1,17731,598,59,1,13.00,19481.67,0.02,0.05,N,O,1998-02-08,1998-02-02,1998-02-28,COLLECT COD,RAIL,arefully car
17731-2,17731,1882,26,2,17.00,30325.96,0.09,0.04,N,O,1998-02-18,1998-02-09,1998-03-13,TAKE BACK RETURN,TRUCK,ons sleep. ironic theodolites ar
17731-3,17731,116,95,3,8.00,8128.88,0.02,0.02,N,O,1997-12-24,1997-12-23,1998-01-07,TAKE BACK RETURN,MAIL,bout the accounts. slyly regular foxes a
17731-4,17731,1287,62,4,23.00,27330.44,0.02,0.00,N,O,1998-01-04,1998-01-07,1998-01-20,DELIVER IN PERSON,FOB,ld foxes affix carefully along t
17731-5,17731,178,79,5,2.00,2156.34,0.06,0.01,N,O,1998-01-14,1998-01-10,1998-01-24,NONE,TRUCK,"ending, iro"
17731-6,17731,213,68,6,32.00,35622.72,0.06,0.00,N,O,1998-02-26,1998-01-12,1998-02-27,NONE,RAIL,requests; accounts sleep
17732-1,17732,458,59,1,45.00,61130.25,0.02,0.08,N,O,1997-04-27,1997-04-11,1997-05-07,COLLECT COD,RAIL,eposits. quickl
17732-2,17732,521,82,2,47.00,66811.44,0.09,0.03,N,O,1997-05-17,1997-04-01,1997-05-31,NONE,RAIL,"ng the ironic, fi"
17733-1,17733,515,16,1,35.00,49542.85,0.08,0.00,N,O,1996-08-17,1996-08-26,1996-08-25,DELIVER IN PERSON,FOB," final, final pinto beans above the slyly"
17733-2,17733,609,3,2,50.00,75480.00,0.09,0.04,N,O,1996-09-13,1996-08-16,1996-10-13,COLLECT COD,RAIL,its are fluffily
17733-3,17733,1453,93,3,25.00,33861.25,0.07,0.08,N,O,1996-07-21,1996-07-14,1996-07-24,COLLECT COD,REG AIR,ending asymptotes snooze across the pendin
17733-4,17733,1153,62,4,24.00,25299.60,0.08,0.02,N,O,1996-07-12,1996-07-06,1996-08-06,COLLECT COD,SHIP, slyly express deposits are carefull
17733-5,17733,29,5,5,23.00,21367.46,0.08,0.07,N,O,1996-06-13,1996-08-29,1996-06-28,COLLECT COD,MAIL,ily express excuses are
17734-1,17734,108,35,1,2.00,2016.20,0.05,0.05,N,O,1996-11-09,1996-10-25,1996-11-18,TAKE BACK RETURN,MAIL,lar foxes nag thr
17735-1,17735,1624,48,1,43.00,65601.66,0.08,0.06,A,F,1992-07-16,1992-08-17,1992-08-07,TAKE BACK RETURN,FOB, regular dependenc
17735-2,17735,48,99,2,40.00,37921.60,0.04,0.05,R,F,1992-11-11,1992-10-04,1992-11-15,TAKE BACK RETURN,REG AIR,lly. quickly special foxes s
17735-3,17735,321,6,3,47.00,57402.04,0.07,0.04,A,F,1992-07-31,1992-09-06,1992-08-21,DELIVER IN PERSON,MAIL,lites. car
17735-4,17735,862,29,4,42.00,74040.12,0.07,0.07,R,F,1992-08-18,1992-10-08,1992-09-03,COLLECT COD,MAIL,inly pending foxes cajole fu
17735-5,17735,703,100,5,3.00,4811.10,0.05,0.05,R,F,1992-11-05,1992-09-18,1992-11-27,NONE,MAIL,efully final pinto be
17760-1,17760,71,72,1,5.00,4855.35,0.10,0.06,R,F,1992-07-05,1992-08-06,1992-07-23,DELIVER IN PERSON,SHIP,es detect blithe
17760-2,17760,140,41,2,31.00,32244.34,0.08,0.05,R,F,1992-09-05,1992-07-31,1992-09-10,COLLECT COD,FOB, deposits. furiously special foxes cajo
17760-3,17760,1978,79,3,25.00,46999.25,0.03,0.00,A,F,1992-09-17,1992-07-08,1992-09-30,COLLECT COD,MAIL,ticingly regular accounts use finally acros
17760-4,17760,1935,36,4,5.00,9184.65,0.04,0.05,A,F,1992-10-04,1992-08-31,1992-10-18,DELIVER IN PERSON,TRUCK, instructio
17760-5,17760,950,85,5,24.00,44422.80,0.10,0.04,A,F,1992-08-26,1992-07-24,1992-09-14,DELIVER IN PERSON,REG AIR,bout the pending theodolites. pinto bean
17760-6,17760,29,55,6,31.00,28799.62,0.08,0.07,R,F,1992-07-19,1992-07-10,1992-08-09,DELIVER IN PERSON,RAIL,lithely above the furiously express ac
17760-7,17760,1598,19,7,3.00,4498.77,0.04,0.03,R,F,1992-08-13,1992-09-02,1992-08-27,NONE,RAIL,hs sleep bl
17761-1,17761,745,46,1,50.00,82287.00,0.02,0.01,R,F,1993-10-28,1993-08-09,1993-11-23,TAKE BACK RETURN,MAIL, the bold requests. pending accounts ha
17761-2,17761,1967,68,2,33.00,61675.68,0.08,0.04,A,F,1993-10-11,1993-08-13,1993-10-22,COLLECT COD,MAIL,bold courts. final deposits print. ironic
17761-3,17761,1062,33,3,27.00,26002.62,0.04,0.08,A,F,1993-10-24,1993-09-10,1993-10-29,DELIVER IN PERSON,FOB,usly final instru
17761-4,17761,1433,51,4,7.00,9341.01,0.05,0.08,R,F,1993-10-17,1993-08-07,1993-10-18,TAKE BACK RETURN,MAIL,ently across the courts. even warhorse
17762-1,17762,645,39,1,50.00,77282.00,0.02,0.08,N,O,1998-05-15,1998-04-29,1998-06-14,TAKE BACK RETURN,RAIL,to beans wake f
17762-2,17762,1921,66,2,29.00,52864.68,0.07,0.01,N,O,1998-02-27,1998-04-10,1998-03-09,DELIVER IN PERSON,REG AIR, blithely. final accounts according to th
17762-3,17762,328,29,3,17.00,20881.44,0.02,0.00,N,O,1998-06-04,1998-05-03,1998-06-30,COLLECT COD,AIR,counts lose
17762-4,17762,225,26,4,37.00,41633.14,0.05,0.04,N,O,1998-06-08,1998-05-14,1998-06-19,NONE,RAIL,y regular requests 
17762-5,17762,1443,83,5,1.00,1344.44,0.06,0.04,N,O,1998-03-03,1998-05-08,1998-03-23,TAKE BACK RETURN,RAIL,t packages dazzle slyly pending re
17762-6,17762,1499,17,6,42.00,58820.58,0.08,0.05,N,O,1998-05-13,1998-04-06,1998-05-25,TAKE BACK RETURN,SHIP,kly according to the pending 
17763-1,17763,1153,26,1,44.00,46382.60,0.01,0.06,N,O,1997-08-06,1997-06-06,1997-08-26,NONE,MAIL,te blithel
17763-2,17763,1823,24,2,30.00,51744.60,0.10,0.06,N,O,1997-07-02,1997-07-26,1997-07-13,DELIVER IN PERSON,TRUCK,lly quickly silen
17763-3,17763,1133,70,3,16.00,16546.08,0.05,0.03,N,O,1997-08-15,1997-06-06,1997-08-19,TAKE BACK RETURN,MAIL,old requests eat carefully across the
17763-4,17763,472,60,4,23.00,31566.81,0.04,0.08,N,O,1997-05-08,1997-06-24,1997-05-13,DELIVER IN PERSON,FOB,ronic packages sleep at the 
17764-1,17764,1320,21,1,6.00,7327.92,0.05,0.05,A,F,1994-12-03,1994-12-07,1994-12-27,TAKE BACK RETURN,SHIP,"ar, ironic acc"
17764-2,17764,3,4,2,22.00,19866.00,0.01,0.03,R,F,1994-12-24,1994-12-03,1995-01-09,DELIVER IN PERSON,MAIL,sly quiet foxes.
17764-3,17764,1866,10,3,39.00,68946.54,0.02,0.06,A,F,1995-01-11,1994-10-25,1995-01-21,DELIVER IN PERSON,RAIL,ross the furious
17765-1,17765,795,60,1,42.00,71223.18,0.04,0.04,N,O,1995-10-07,1995-11-24,1995-10-10,COLLECT COD,TRUCK,al platelets
17765-2,17765,1210,48,2,44.00,48893.24,0.02,0.02,N,O,1996-01-05,1995-10-16,1996-01-17,TAKE BACK RETURN,FOB,he ironic packages. carefully regular
17765-3,17765,365,22,3,28.00,35430.08,0.02,0.00,N,O,1995-12-05,1995-10-18,1995-12-21,NONE,MAIL,e carefully bold accou
17765-4,17765,243,44,4,46.00,52589.04,0.03,0.01,N,O,1995-10-11,1995-12-05,1995-10-14,TAKE BACK RETURN,AIR,ts? carefully fin
17765-5,17765,942,43,5,28.00,51602.32,0.04,0.05,N,O,1995-10-26,1995-11-24,1995-11-03,TAKE BACK RETURN,REG AIR,luffily even packages boost carefully
17766-1,17766,1934,79,1,24.00,44062.32,0.01,0.03,N,O,1996-10-29,1996-12-10,1996-11-09,COLLECT COD,AIR,pinto beans: pending pack
17767-1,17767,1586,27,1,23.00,34214.34,0.01,0.04,N,O,1997-01-24,1997-02-06,1997-02-12,TAKE BACK RETURN,REG AIR,uses x-ray b
17792-1,17792,886,86,1,25.00,44672.00,0.01,0.07,N,O,1997-01-23,1997-01-16,1997-02-08,NONE,AIR,key players haggle fluffily. regu
17792-2,17792,1766,67,2,20.00,33355.20,0.04,0.01,N,O,1996-11-30,1996-12-22,1996-12-09,DELIVER IN PERSON,RAIL,y final depen
17792-3,17792,951,20,3,39.00,72226.05,0.00,0.02,N,O,1997-03-04,1997-01-08,1997-03-27,NONE,REG AIR,ns are among the fin
17792-4,17792,1384,61,4,21.00,26992.98,0.06,0.02,N,O,1997-01-01,1997-02-14,1997-01-06,COLLECT COD,RAIL,"l, final theodolit"
17792-5,17792,402,3,5,50.00,65120.00,0.08,0.03,N,O,1997-02-07,1997-01-17,1997-02-27,NONE,AIR,"ep at the express, final re"
17792-6,17792,636,99,6,11.00,16902.93,0.06,0.00,N,O,1996-12-03,1997-01-17,1997-01-02,NONE,REG AIR,kly even requests. carefully fina
17792-7,17792,774,75,7,8.00,13398.16,0.06,0.02,N,O,1997-01-15,1996-12-27,1997-01-29,NONE,AIR,even asymptot
17793-1,17793,1986,31,1,45.00,84959.10,0.01,0.06,N,O,1996-07-18,1996-08-03,1996-08-01,TAKE BACK RETURN,SHIP,sts are slyly. blithe
17794-1,17794,1626,9,1,34.00,51939.08,0.01,0.00,A,F,1994-06-13,1994-06-08,1994-06-24,DELIVER IN PERSON,SHIP,regular deposits. blithely regular p
17794-2,17794,1349,88,2,32.00,40010.88,0.07,0.00,A,F,1994-04-27,1994-07-02,1994-05-20,NONE,REG AIR,riously final requests boost ca
17794-3,17794,1466,67,3,32.00,43758.72,0.01,0.02,R,F,1994-05-22,1994-06-25,1994-05-31,TAKE BACK RETURN,TRUCK,uffily slyly special r
17794-4,17794,1603,45,4,25.00,37615.00,0.01,0.07,R,F,1994-04-06,1994-06-24,1994-05-02,COLLECT COD,AIR,"n, ironic f"
17794-5,17794,486,87,5,8.00,11091.84,0.01,0.04,R,F,1994-06-30,1994-05-14,1994-07-21,NONE,REG AIR, instructions wake bravely. blithely r
17794-6,17794,1803,4,6,34.00,57963.20,0.00,0.03,A,F,1994-05-27,1994-05-08,1994-06-23,DELIVER IN PERSON,RAIL,"y ironic instructions. ironic, regular acc"
17795-1,17795,1351,90,1,48.00,60112.80,0.02,0.01,A,F,1994-04-17,1994-05-28,1994-04-29,COLLECT COD,RAIL,osits affix against the furiously regu
17795-2,17795,944,47,2,49.00,90402.06,0.01,0.07,A,F,1994-04-03,1994-05-22,1994-04-10,DELIVER IN PERSON,MAIL, furiously fin
17795-3,17795,130,57,3,22.00,22662.86,0.01,0.02,R,F,1994-07-22,1994-06-24,1994-08-04,NONE,SHIP,thely. reg
17795-4,17795,1327,66,4,16.00,19653.12,0.10,0.08,A,F,1994-06-15,1994-06-03,1994-07-15,DELIVER IN PERSON,RAIL,dly regular foxes across t
17795-5,17795,791,88,5,22.00,37219.38,0.02,0.04,A,F,1994-08-01,1994-05-27,1994-08-27,COLLECT COD,REG AIR, silent warthogs. blithely pendin
17795-6,17795,47,98,6,8.00,7576.32,0.07,0.07,A,F,1994-08-01,1994-05-29,1994-08-07,COLLECT COD,AIR,ns. slyly even deposits wak
17796-1,17796,1671,95,1,45.00,70770.15,0.01,0.06,N,O,1995-06-22,1995-07-15,1995-07-04,COLLECT COD,MAIL,ts. quickly fina
17796-2,17796,128,29,2,7.00,7196.84,0.00,0.04,N,F,1995-05-28,1995-05-29,1995-06-22,DELIVER IN PERSON,AIR,accounts. slyly regular theodolites 
17796-3,17796,202,30,3,20.00,22044.00,0.03,0.07,A,F,1995-05-09,1995-06-03,1995-05-18,COLLECT COD,SHIP,y carefully even accounts. carefully u
17796-4,17796,855,89,4,13.00,22826.05,0.01,0.04,N,O,1995-08-19,1995-07-02,1995-09-17,TAKE BACK RETURN,FOB,ake according to the ironi
17797-1,17797,63,89,1,17.00,16372.02,0.02,0.02,A,F,1992-08-18,1992-09-23,1992-08-21,TAKE BACK RETURN,REG AIR,pecial escapade
17797-2,17797,1750,77,2,32.00,52856.00,0.10,0.01,R,F,1992-10-27,1992-08-31,1992-11-14,TAKE BACK RETURN,AIR,ecial ideas wake. 
17797-3,17797,1030,1,3,32.00,29792.96,0.05,0.05,R,F,1992-08-01,1992-09-08,1992-08-17,COLLECT COD,MAIL,sleep. fluffily ex
17798-1,17798,566,27,1,37.00,54262.72,0.05,0.01,A,F,1993-01-31,1993-01-19,1993-02-12,DELIVER IN PERSON,AIR,fy theodol
17798-2,17798,556,47,2,34.00,49522.70,0.08,0.03,A,F,1993-01-05,1993-01-22,1993-01-08,TAKE BACK RETURN,MAIL,ding to the pending instructions. sometime
17798-3,17798,1873,17,3,2.00,3549.74,0.01,0.00,R,F,1993-01-25,1992-12-19,1993-02-19,TAKE BACK RETURN,TRUCK,tions about the q
17798-4,17798,328,85,4,1.00,1228.32,0.03,0.08,R,F,1992-11-17,1992-12-03,1992-11-28,DELIVER IN PERSON,MAIL,ternes nag about the finally bold packages
17798-5,17798,1725,10,5,22.00,35787.84,0.08,0.03,R,F,1993-01-31,1993-01-20,1993-02-27,COLLECT COD,REG AIR,hely regular asy
17798-6,17798,14,15,6,49.00,44786.49,0.06,0.05,A,F,1993-02-22,1993-01-05,1993-03-22,DELIVER IN PERSON,MAIL,usly final ideas wake among the even Tiresi
17799-1,17799,1602,3,1,15.00,22554.00,0.01,0.07,R,F,1992-11-24,1992-11-17,1992-12-07,COLLECT COD,FOB,egular requests nag s
17799-2,17799,1742,85,2,1.00,1643.74,0.07,0.07,A,F,1992-11-15,1992-11-27,1992-11-23,TAKE BACK RETURN,RAIL,s cajole furiou
17799-3,17799,1180,81,3,4.00,4324.72,0.03,0.05,R,F,1992-11-26,1992-11-10,1992-12-10,DELIVER IN PERSON,SHIP,"nic, regular "
17799-4,17799,1413,14,4,37.00,48633.17,0.08,0.00,R,F,1992-10-07,1992-12-15,1992-10-28,COLLECT COD,MAIL, quickly whithout the blithely fin
17824-1,17824,1394,95,1,29.00,37566.31,0.10,0.07,N,O,1996-07-01,1996-07-21,1996-07-15,TAKE BACK RETURN,MAIL," regular, silent accounts cajole furio"
17824-2,17824,1217,55,2,4.00,4472.84,0.07,0.04,N,O,1996-09-20,1996-06-29,1996-10-18,COLLECT COD,AIR,arefully spec
17824-3,17824,856,90,3,17.00,29866.45,0.07,0.01,N,O,1996-07-04,1996-08-02,1996-07-10,DELIVER IN PERSON,REG AIR,s. carefully ironic accounts sleep
17824-4,17824,838,39,4,5.00,8694.15,0.00,0.01,N,O,1996-08-03,1996-08-10,1996-08-07,DELIVER IN PERSON,RAIL,sts. slyly regular foxes sleep b
17825-1,17825,373,58,1,33.00,42021.21,0.00,0.07,R,F,1993-01-30,1993-03-30,1993-02-17,COLLECT COD,SHIP,o beans. fl
17825-2,17825,1930,63,2,10.00,18319.30,0.06,0.07,A,F,1993-05-05,1993-03-21,1993-06-04,COLLECT COD,MAIL,ngage furiously at the even
17825-3,17825,586,87,3,37.00,55003.46,0.02,0.01,A,F,1993-03-01,1993-03-19,1993-03-19,TAKE BACK RETURN,AIR,-ray. blithe
17825-4,17825,780,13,4,37.00,62188.86,0.10,0.03,R,F,1993-04-10,1993-03-09,1993-04-17,COLLECT COD,SHIP,requests. final theodolites grow about the 
17825-5,17825,1471,11,5,27.00,37056.69,0.02,0.07,R,F,1993-03-26,1993-02-16,1993-03-28,TAKE BACK RETURN,FOB,ies boost ab
17825-6,17825,1862,92,6,43.00,75845.98,0.07,0.05,A,F,1993-02-27,1993-02-25,1993-03-21,DELIVER IN PERSON,RAIL,sits wake furiously requests. slyly r
17826-1,17826,390,75,1,20.00,25807.80,0.00,0.06,A,F,1992-09-12,1992-07-31,1992-09-17,TAKE BACK RETURN,RAIL,ix carefully regular deposits. furious
17826-2,17826,1782,9,2,25.00,42094.50,0.08,0.07,R,F,1992-07-02,1992-09-20,1992-07-29,COLLECT COD,MAIL,". final, eve"
17826-3,17826,329,58,3,17.00,20898.44,0.03,0.05,R,F,1992-08-25,1992-08-13,1992-09-09,DELIVER IN PERSON,FOB, regular in
17826-4,17826,914,15,4,49.00,88930.59,0.10,0.03,A,F,1992-09-15,1992-08-21,1992-10-09,DELIVER IN PERSON,SHIP,atelets hagg
17827-1,17827,1243,55,1,29.00,33182.96,0.04,0.08,N,O,1996-12-18,1996-10-31,1997-01-05,COLLECT COD,SHIP,al platelets
17827-2,17827,1629,12,2,12.00,18367.44,0.01,0.08,N,O,1996-09-17,1996-10-09,1996-09-21,TAKE BACK RETURN,FOB, ironic requests: carefully b
17827-3,17827,1287,99,3,27.00,32083.56,0.07,0.08,N,O,1996-09-26,1996-09-27,1996-10-12,DELIVER IN PERSON,FOB,"ts affix dogged, "
17827-4,17827,571,2,4,46.00,67692.22,0.06,0.00,N,O,1996-11-15,1996-09-30,1996-11-16,DELIVER IN PERSON,FOB,re slyly ironic accounts. blithely ir
17827-5,17827,884,84,5,3.00,5354.64,0.05,0.07,N,O,1996-08-31,1996-10-24,1996-09-22,TAKE BACK RETURN,FOB, boost about
17827-6,17827,539,100,6,29.00,41746.37,0.02,0.04,N,O,1996-11-22,1996-09-28,1996-11-29,COLLECT COD,SHIP,telets cajole furiously f
17828-1,17828,1305,44,1,39.00,47045.70,0.02,0.08,N,O,1996-03-03,1996-02-11,1996-03-29,TAKE BACK RETURN,FOB,"ffily. special, bold "
17828-2,17828,1218,56,2,32.00,35814.72,0.07,0.02,N,O,1996-04-04,1996-03-27,1996-04-19,TAKE BACK RETURN,REG AIR, the slyly ironic pinto beans
17828-3,17828,276,4,3,38.00,44698.26,0.08,0.06,N,O,1996-05-05,1996-03-15,1996-05-31,NONE,REG AIR,arefully ironic accounts shall bo
17828-4,17828,1751,36,4,45.00,74373.75,0.04,0.08,N,O,1996-04-13,1996-03-17,1996-05-11,COLLECT COD,TRUCK,posits breach furiously reg
17828-5,17828,1284,22,5,35.00,41484.80,0.01,0.07,N,O,1996-04-07,1996-02-13,1996-04-21,NONE,TRUCK,unusual excuses.
17828-6,17828,1786,13,6,23.00,38818.94,0.07,0.04,N,O,1996-02-01,1996-04-04,1996-02-11,TAKE BACK RETURN,SHIP, final waters boost 
17828-7,17828,785,50,7,8.00,13486.24,0.00,0.05,N,O,1996-02-12,1996-03-07,1996-03-06,COLLECT COD,MAIL,sts cajole furious
17829-1,17829,1233,34,1,48.00,54443.04,0.01,0.07,A,F,1994-07-03,1994-06-04,1994-07-18,DELIVER IN PERSON,AIR,"ar, ironic notornis sleep fu"
17829-2,17829,589,50,2,14.00,20854.12,0.08,0.00,A,F,1994-03-22,1994-05-03,1994-04-10,COLLECT COD,MAIL,ions nag. blithely silent foxes
17829-3,17829,535,26,3,31.00,44501.43,0.07,0.01,A,F,1994-03-28,1994-05-21,1994-04-17,TAKE BACK RETURN,TRUCK,"sual, regular requests hinder "
17830-1,17830,353,38,1,19.00,23813.65,0.10,0.06,N,O,1996-12-22,1996-11-20,1997-01-15,DELIVER IN PERSON,AIR,l platelets. pending pack
17830-2,17830,939,8,2,21.00,38638.53,0.08,0.06,N,O,1996-12-19,1996-11-10,1997-01-01,NONE,AIR, carefully furiously regular packages. f
17831-1,17831,1765,92,1,48.00,80004.48,0.03,0.03,A,F,1992-12-10,1992-12-27,1993-01-08,COLLECT COD,AIR, instructions. blit
17831-2,17831,590,21,2,49.00,73038.91,0.02,0.05,R,F,1992-11-10,1992-12-28,1992-11-29,TAKE BACK RETURN,REG AIR,nts hinder carefully. ironic
17831-3,17831,979,82,3,3.00,5639.91,0.00,0.01,R,F,1992-11-25,1992-12-28,1992-11-26,NONE,REG AIR,ully express instructions. furiously regula
17831-4,17831,206,7,4,18.00,19911.60,0.04,0.03,R,F,1992-11-28,1992-12-16,1992-12-16,TAKE BACK RETURN,FOB,closely silent accounts 
17831-5,17831,1321,60,5,25.00,30558.00,0.08,0.02,A,F,1993-02-17,1993-01-06,1993-02-28,NONE,REG AIR,"he ironic, pending accounts. ironic"
17856-1,17856,231,13,1,10.00,11312.30,0.10,0.04,N,O,1997-03-07,1997-02-15,1997-03-18,NONE,REG AIR,en packages haggle fluffily among t
17856-2,17856,507,68,2,15.00,21112.50,0.08,0.03,N,O,1997-03-06,1997-01-25,1997-03-15,COLLECT COD,MAIL,aggle regular
17856-3,17856,301,86,3,35.00,42045.50,0.02,0.04,N,O,1997-03-20,1996-12-27,1997-04-06,DELIVER IN PERSON,REG AIR,osits. furiously 
17857-1,17857,507,68,1,32.00,45040.00,0.06,0.03,N,O,1997-06-24,1997-07-14,1997-07-21,COLLECT COD,AIR,. carefully special packages s
17857-2,17857,1425,43,2,2.00,2652.84,0.08,0.08,N,O,1997-06-17,1997-08-03,1997-06-20,NONE,REG AIR,ely pending packag
17857-3,17857,1527,68,3,6.00,8571.12,0.07,0.06,N,O,1997-07-26,1997-08-21,1997-08-25,DELIVER IN PERSON,TRUCK,ing platelets cajole slyly after 
17857-4,17857,636,68,4,12.00,18439.56,0.05,0.02,N,O,1997-07-24,1997-08-28,1997-08-13,NONE,RAIL,e furiously special accou
17857-5,17857,436,24,5,48.00,64148.64,0.05,0.00,N,O,1997-09-07,1997-08-25,1997-10-05,COLLECT COD,AIR,ing instructions. bold foxes sleep blithely
17857-6,17857,1791,92,6,28.00,47398.12,0.01,0.02,N,O,1997-08-24,1997-08-04,1997-09-12,DELIVER IN PERSON,TRUCK,l have to wake. silen
17857-7,17857,1185,94,7,13.00,14120.34,0.05,0.08,N,O,1997-06-30,1997-08-17,1997-07-25,NONE,SHIP, regular requests
17858-1,17858,1457,75,1,4.00,5433.80,0.08,0.07,A,F,1993-12-15,1993-11-23,1994-01-01,TAKE BACK RETURN,TRUCK,leep slowly. carefully f
17858-2,17858,1087,88,2,12.00,11856.96,0.05,0.08,R,F,1993-11-03,1993-11-29,1993-11-30,DELIVER IN PERSON,FOB,furiously final platelets. reg
17858-3,17858,1174,11,3,39.00,41931.63,0.02,0.01,A,F,1994-01-19,1993-11-20,1994-02-17,DELIVER IN PERSON,MAIL, quickly ironic p
17858-4,17858,1550,91,4,15.00,21773.25,0.03,0.02,R,F,1993-10-20,1993-12-11,1993-10-24,DELIVER IN PERSON,AIR,ithely pending deposits wa
17858-5,17858,470,29,5,43.00,58930.21,0.00,0.06,A,F,1993-12-14,1993-10-30,1994-01-04,DELIVER IN PERSON,AIR,alongside of the blithely ir
17858-6,17858,452,82,6,26.00,35163.70,0.07,0.06,A,F,1993-09-29,1993-12-14,1993-10-26,NONE,TRUCK,ngside of the blithely final pinto beans. 
17858-7,17858,478,8,7,22.00,30326.34,0.02,0.03,R,F,1993-12-30,1993-11-20,1994-01-08,DELIVER IN PERSON,FOB,"lar, final dependencies x-ray quickly fl"
17859-1,17859,1047,83,1,10.00,9480.40,0.05,0.06,R,F,1993-06-27,1993-07-28,1993-07-22,DELIVER IN PERSON,TRUCK,ously ironic packa
17859-2,17859,798,31,2,43.00,73047.97,0.04,0.06,A,F,1993-09-14,1993-08-04,1993-09-28,COLLECT COD,TRUCK,sly special instructions
17859-3,17859,468,98,3,48.00,65686.08,0.07,0.08,R,F,1993-07-11,1993-08-05,1993-08-10,DELIVER IN PERSON,MAIL,ake furiously regular instructions. sly
17859-4,17859,547,78,4,5.00,7237.70,0.01,0.06,R,F,1993-08-03,1993-07-31,1993-08-22,NONE,MAIL,ut the slyly silent r
17859-5,17859,327,12,5,2.00,2454.64,0.05,0.07,A,F,1993-08-11,1993-07-16,1993-09-03,TAKE BACK RETURN,TRUCK,even dependencies sleep carefully above the
17860-1,17860,1970,15,1,43.00,80494.71,0.09,0.02,R,F,1995-04-22,1995-06-03,1995-05-02,TAKE BACK RETURN,AIR,tly. blithely dogged accoun
17860-2,17860,898,99,2,36.00,64760.04,0.06,0.03,N,O,1995-07-03,1995-06-27,1995-07-11,COLLECT COD,TRUCK,ilent instr
17860-3,17860,476,77,3,44.00,60564.68,0.03,0.03,N,O,1995-07-22,1995-05-07,1995-08-03,COLLECT COD,REG AIR,"ove the bold, regular theodolites; ironi"
17860-4,17860,720,21,4,7.00,11345.04,0.01,0.00,R,F,1995-04-22,1995-06-07,1995-05-09,TAKE BACK RETURN,REG AIR,ounts. blithely even re
17860-5,17860,1894,81,5,24.00,43101.36,0.06,0.08,A,F,1995-04-16,1995-05-08,1995-04-19,TAKE BACK RETURN,FOB,ons are slyly. blithely b
17861-1,17861,1639,63,1,26.00,40056.38,0.08,0.06,N,O,1997-02-17,1996-12-20,1997-02-28,TAKE BACK RETURN,MAIL,eep fluffily silently final packages. dep
17861-2,17861,339,40,2,23.00,28504.59,0.02,0.01,N,O,1997-02-23,1997-01-26,1997-03-13,COLLECT COD,SHIP,d deposits haggle. ironic requests 
17861-3,17861,152,79,3,27.00,28408.05,0.08,0.05,N,O,1996-12-21,1996-12-02,1997-01-05,NONE,AIR,lly alongside of
17862-1,17862,289,17,1,45.00,53517.60,0.01,0.01,R,F,1992-06-17,1992-07-16,1992-07-14,DELIVER IN PERSON,MAIL," ideas. regular, final theodolites alon"
17862-2,17862,958,27,2,43.00,79934.85,0.00,0.02,R,F,1992-08-13,1992-06-11,1992-09-01,DELIVER IN PERSON,AIR,ins accordi
17862-3,17862,1037,8,3,13.00,12194.39,0.07,0.02,R,F,1992-07-11,1992-06-11,1992-07-20,TAKE BACK RETURN,MAIL,ronic deposits boos
17862-4,17862,1290,28,4,7.00,8339.03,0.03,0.04,A,F,1992-07-19,1992-08-04,1992-08-03,TAKE BACK RETURN,REG AIR,rious ideas. bold packages pr
17862-5,17862,1575,96,5,11.00,16242.27,0.06,0.02,A,F,1992-06-06,1992-07-31,1992-07-06,DELIVER IN PERSON,TRUCK,refully pending requests cajole pinto b
17862-6,17862,1936,81,6,15.00,27568.95,0.08,0.05,A,F,1992-06-01,1992-06-10,1992-06-30,DELIVER IN PERSON,FOB,cajole quickly p
17863-1,17863,1995,40,1,4.00,7587.96,0.02,0.04,N,O,1996-06-10,1996-08-06,1996-06-23,TAKE BACK RETURN,TRUCK,usual requests. fluffil
17888-1,17888,553,54,1,5.00,7267.75,0.08,0.06,N,O,1996-04-08,1996-02-12,1996-04-16,COLLECT COD,SHIP,ts. slyly 
17888-2,17888,1722,7,2,45.00,73067.40,0.06,0.04,N,O,1996-03-14,1996-02-20,1996-03-23,TAKE BACK RETURN,RAIL,fily regular dependencies nod reg
17888-3,17888,834,35,3,2.00,3469.66,0.10,0.05,N,O,1996-04-10,1996-02-18,1996-04-24,NONE,SHIP,uests haggle! qu
17889-1,17889,1889,19,1,32.00,57308.16,0.04,0.06,A,F,1992-10-27,1992-10-31,1992-10-31,NONE,RAIL,ly alongside of the carefully sp
17889-2,17889,1230,42,2,12.00,13574.76,0.02,0.04,R,F,1992-11-18,1992-10-04,1992-12-17,TAKE BACK RETURN,MAIL,"ajole. unusual, express excuses haggle b"
17889-3,17889,185,38,3,27.00,29299.86,0.03,0.06,R,F,1992-11-18,1992-10-31,1992-12-07,DELIVER IN PERSON,REG AIR,ously even req
17889-4,17889,1790,33,4,8.00,13534.32,0.01,0.03,R,F,1992-09-20,1992-09-09,1992-09-23,NONE,TRUCK, theodolites 
17890-1,17890,261,43,1,43.00,49934.18,0.08,0.03,N,O,1995-11-10,1995-12-19,1995-12-05,NONE,AIR,tions nag carefully. always pending instr
17891-1,17891,652,46,1,37.00,57448.05,0.06,0.02,R,F,1995-01-09,1995-02-11,1995-01-21,NONE,SHIP,y even accounts 
17891-2,17891,1419,98,2,23.00,30369.43,0.07,0.04,A,F,1995-04-20,1995-02-28,1995-05-05,NONE,RAIL, the requests han
17891-3,17891,625,57,3,22.00,33563.64,0.00,0.06,A,F,1995-02-13,1995-02-23,1995-02-16,COLLECT COD,RAIL,ly special pinto beans cajole quickly
17891-4,17891,682,83,4,2.00,3165.36,0.02,0.07,A,F,1995-01-25,1995-02-18,1995-02-14,COLLECT COD,FOB,jole furiously about 
17892-1,17892,1819,6,1,22.00,37857.82,0.01,0.02,N,O,1996-11-28,1996-10-16,1996-12-28,COLLECT COD,SHIP,oost above the carefully stealthy 
17892-2,17892,1477,78,2,43.00,59274.21,0.06,0.04,N,O,1996-11-09,1996-10-27,1996-11-30,COLLECT COD,SHIP,e blithely final pearl
17892-3,17892,437,25,3,13.00,17386.59,0.08,0.01,N,O,1996-11-14,1996-09-23,1996-11-21,TAKE BACK RETURN,RAIL, use. carefully idle dolph
17892-4,17892,270,25,4,12.00,14043.24,0.07,0.08,N,O,1996-11-30,1996-10-24,1996-12-18,NONE,AIR,ependencies. 
17892-5,17892,1748,49,5,32.00,52791.68,0.05,0.07,N,O,1996-11-19,1996-10-05,1996-12-12,DELIVER IN PERSON,RAIL,d dinos. fluffily
17893-1,17893,1615,16,1,24.00,36398.64,0.09,0.03,A,F,1992-06-04,1992-04-25,1992-06-14,NONE,FOB, along the blithely pending waters
17893-2,17893,112,13,2,5.00,5060.55,0.08,0.02,R,F,1992-06-04,1992-06-17,1992-06-26,TAKE BACK RETURN,TRUCK,slyly final asymptotes. closely special de
17893-3,17893,1271,9,3,9.00,10550.43,0.03,0.06,A,F,1992-03-29,1992-06-02,1992-04-04,DELIVER IN PERSON,TRUCK,ully regular deposits wake
17894-1,17894,1939,84,1,47.00,86523.71,0.04,0.02,A,F,1993-02-20,1993-01-26,1993-03-17,TAKE BACK RETURN,REG AIR,l waters. 
17895-1,17895,1308,47,1,25.00,30232.50,0.04,0.02,N,O,1996-11-21,1996-11-07,1996-11-25,DELIVER IN PERSON,AIR,l packages sleep slyly. i
17895-2,17895,1600,21,2,37.00,55559.20,0.08,0.03,N,O,1996-09-09,1996-09-21,1996-09-26,NONE,AIR,romise. unusual theodolites solve
17895-3,17895,1929,74,3,30.00,54927.60,0.04,0.02,N,O,1996-09-08,1996-10-18,1996-09-09,TAKE BACK RETURN,FOB,ets cajole carefully. fre
17895-4,17895,1222,34,4,13.00,14601.86,0.01,0.01,N,O,1996-10-15,1996-11-09,1996-10-17,NONE,SHIP,lar deposits cajole blithely regular acc
17895-5,17895,765,30,5,22.00,36646.72,0.03,0.03,N,O,1996-09-09,1996-10-30,1996-10-05,NONE,MAIL,y final instructions. ironic depe
17895-6,17895,67,18,6,12.00,11604.72,0.00,0.07,N,O,1996-08-14,1996-10-30,1996-08-30,NONE,REG AIR,. slyly special requests print
17920-1,17920,1199,100,1,48.00,52809.12,0.07,0.08,N,O,1998-03-04,1998-03-09,1998-03-12,NONE,TRUCK, furiously ironic
17920-2,17920,1309,48,2,2.00,2420.60,0.09,0.02,N,O,1998-05-12,1998-03-27,1998-06-05,NONE,MAIL, beans. blithely unusual dependen
17920-3,17920,1623,6,3,12.00,18295.44,0.00,0.05,N,O,1998-02-28,1998-03-21,1998-03-06,TAKE BACK RETURN,SHIP,grate carefully. accounts along t
17920-4,17920,523,14,4,48.00,68328.96,0.09,0.06,N,O,1998-03-24,1998-04-12,1998-04-14,COLLECT COD,TRUCK,sly final packages
17920-5,17920,722,55,5,37.00,60040.64,0.04,0.01,N,O,1998-02-04,1998-04-10,1998-02-13,COLLECT COD,RAIL,k packages. carefully fin
17920-6,17920,420,8,6,13.00,17165.46,0.05,0.02,N,O,1998-03-26,1998-03-24,1998-04-11,COLLECT COD,TRUCK, about the
17920-7,17920,849,50,7,39.00,68243.76,0.09,0.02,N,O,1998-03-17,1998-04-23,1998-03-22,COLLECT COD,AIR,tly pendin
17921-1,17921,1062,63,1,36.00,34670.16,0.10,0.01,N,O,1998-09-09,1998-10-14,1998-09-19,NONE,REG AIR, brave ideas are am
17921-2,17921,828,28,2,24.00,41491.68,0.09,0.01,N,O,1998-10-27,1998-10-14,1998-11-07,DELIVER IN PERSON,RAIL,quests. ironic packages cajole furi
17921-3,17921,1793,20,3,3.00,5084.37,0.03,0.07,N,O,1998-08-24,1998-10-20,1998-08-28,TAKE BACK RETURN,AIR,xes. courts cajole carefully ironic
17921-4,17921,527,58,4,28.00,39970.56,0.02,0.03,N,O,1998-09-13,1998-09-05,1998-10-10,NONE,SHIP,counts. care
17921-5,17921,656,19,5,21.00,32689.65,0.07,0.00,N,O,1998-09-21,1998-10-08,1998-10-19,TAKE BACK RETURN,TRUCK,ress requests nag against the slyl
17921-6,17921,1699,23,6,19.00,30413.11,0.04,0.06,N,O,1998-08-28,1998-08-30,1998-08-29,NONE,TRUCK,pending foxes subl
17922-1,17922,1324,39,1,25.00,30633.00,0.02,0.01,R,F,1994-12-01,1994-12-18,1994-12-26,TAKE BACK RETURN,TRUCK,y unusual platelets against the blithely
17923-1,17923,32,58,1,33.00,30756.99,0.03,0.02,N,O,1998-10-15,1998-09-05,1998-11-09,DELIVER IN PERSON,RAIL,careful pint
17923-2,17923,1751,78,2,44.00,72721.00,0.05,0.01,N,O,1998-10-12,1998-08-19,1998-10-31,NONE,RAIL,e express theodolites. quietly even account
17923-3,17923,1459,60,3,33.00,44894.85,0.06,0.02,N,O,1998-07-10,1998-08-19,1998-07-18,TAKE BACK RETURN,AIR, instructions sleep ironic deposits; c
17923-4,17923,930,65,4,4.00,7323.72,0.07,0.03,N,O,1998-07-07,1998-09-09,1998-07-13,DELIVER IN PERSON,MAIL,sly regular instructions. theodolites
17924-1,17924,1965,66,1,48.00,89614.08,0.08,0.02,N,O,1995-11-13,1995-11-23,1995-12-07,COLLECT COD,TRUCK,was slyly alongside of
17924-2,17924,1995,84,2,14.00,26557.86,0.00,0.00,N,O,1995-09-28,1995-10-01,1995-10-18,NONE,MAIL,ly final requests along the e
17924-3,17924,858,59,3,33.00,58042.05,0.07,0.03,N,O,1995-11-11,1995-11-22,1995-12-07,COLLECT COD,REG AIR, according to the pinto
17924-4,17924,1842,29,4,31.00,54059.04,0.07,0.02,N,O,1995-10-02,1995-09-26,1995-10-31,COLLECT COD,MAIL,ously ironic w
17924-5,17924,254,82,5,8.00,9234.00,0.00,0.07,N,O,1995-09-07,1995-10-28,1995-09-13,COLLECT COD,AIR,ly express theodolites cajole blithely
17925-1,17925,1194,95,1,14.00,15332.66,0.02,0.07,A,F,1992-12-03,1992-12-20,1992-12-31,DELIVER IN PERSON,AIR,", regular dolphins wake silentl"
17926-1,17926,1757,58,1,35.00,58056.25,0.00,0.04,N,O,1995-11-24,1996-01-22,1995-12-09,TAKE BACK RETURN,RAIL,eodolites: carefully
17926-2,17926,335,92,2,26.00,32118.58,0.10,0.08,N,O,1996-03-09,1996-02-07,1996-03-17,NONE,SHIP,lyly slyly ironic foxes: carefully
17926-3,17926,1383,84,3,45.00,57797.10,0.05,0.07,N,O,1995-11-30,1996-01-05,1995-12-24,TAKE BACK RETURN,AIR,usual orbits wake furiously. even instructi
17927-1,17927,907,76,1,35.00,63276.50,0.06,0.01,A,F,1994-11-02,1994-10-28,1994-11-12,COLLECT COD,FOB, around the furiously regular packages
17927-2,17927,1300,38,2,9.00,10811.70,0.01,0.01,A,F,1994-12-07,1994-10-21,1994-12-08,NONE,MAIL,y even requests sleep quickly after the fl
17927-3,17927,1055,61,3,10.00,9560.50,0.09,0.07,R,F,1994-10-14,1994-09-26,1994-10-18,NONE,REG AIR,refully. ironic packages boo
17927-4,17927,161,14,4,1.00,1061.16,0.04,0.05,R,F,1994-11-07,1994-10-02,1994-11-10,TAKE BACK RETURN,AIR, ironic theodolites. quickly 
17952-1,17952,593,94,1,41.00,61237.19,0.06,0.06,R,F,1993-11-23,1993-11-19,1993-12-13,NONE,MAIL,es integrate furiousl
17952-2,17952,266,48,2,24.00,27990.24,0.03,0.00,A,F,1994-01-20,1993-11-28,1994-01-23,COLLECT COD,MAIL, furiously final d
17953-1,17953,1988,33,1,47.00,88829.06,0.01,0.04,R,F,1992-11-30,1992-09-23,1992-12-09,TAKE BACK RETURN,RAIL,ithes are. special deposits use carefully p
17953-2,17953,1496,75,2,1.00,1397.49,0.07,0.06,A,F,1992-11-25,1992-10-29,1992-12-10,NONE,RAIL, slyly regular accou
17953-3,17953,1210,22,3,35.00,38892.35,0.01,0.08,A,F,1992-10-29,1992-10-11,1992-11-12,NONE,SHIP,nts. furiously regular pinto 
17953-4,17953,1304,19,4,1.00,1205.30,0.10,0.04,R,F,1992-09-24,1992-11-13,1992-10-07,DELIVER IN PERSON,AIR,fully bold theodolites. carefully even de
17953-5,17953,1884,71,5,9.00,16072.92,0.05,0.01,A,F,1992-11-14,1992-10-28,1992-12-01,NONE,REG AIR, haggle blithely pending deposits
17953-6,17953,1366,43,6,28.00,35486.08,0.08,0.08,A,F,1992-11-16,1992-10-05,1992-11-20,NONE,FOB,hely slyly careful accounts. e
17953-7,17953,1871,1,7,5.00,8864.35,0.08,0.08,R,F,1992-09-04,1992-09-26,1992-09-20,DELIVER IN PERSON,SHIP,. slyly close reque
17954-1,17954,649,81,1,36.00,55787.04,0.07,0.07,R,F,1993-01-05,1993-01-11,1993-02-02,TAKE BACK RETURN,AIR, packages. blithely careful foxes haggl
17954-2,17954,1557,38,2,13.00,18961.15,0.00,0.06,R,F,1992-11-19,1993-02-06,1992-12-19,DELIVER IN PERSON,TRUCK,ut the quietly even deposi
17955-1,17955,1065,71,1,39.00,37676.34,0.00,0.05,N,O,1998-11-07,1998-09-13,1998-12-05,DELIVER IN PERSON,FOB,ns kindle blithely against the slyly
17955-2,17955,1416,17,2,21.00,27665.61,0.09,0.08,N,O,1998-10-19,1998-10-19,1998-10-31,TAKE BACK RETURN,RAIL,he express court
17955-3,17955,1019,90,3,3.00,2760.03,0.05,0.08,N,O,1998-10-13,1998-09-22,1998-10-29,DELIVER IN PERSON,RAIL,equests boost fluf
17955-4,17955,1274,12,4,45.00,52887.15,0.03,0.01,N,O,1998-07-31,1998-08-26,1998-08-26,COLLECT COD,MAIL,thely ironic requests sleep after the 
17955-5,17955,1472,51,5,19.00,26095.93,0.07,0.03,N,O,1998-10-09,1998-08-28,1998-10-16,NONE,TRUCK,y ironic deposits sleep. re
17955-6,17955,226,81,6,3.00,3378.66,0.08,0.01,N,O,1998-10-17,1998-09-29,1998-10-26,DELIVER IN PERSON,SHIP,the accounts
17956-1,17956,1748,33,1,33.00,54441.42,0.00,0.03,A,F,1993-12-05,1993-09-18,1993-12-07,DELIVER IN PERSON,MAIL,ckages cajole above the furious
17956-2,17956,1831,18,2,32.00,55450.56,0.03,0.02,A,F,1993-09-17,1993-09-07,1993-09-21,NONE,MAIL,slyly blithely express instruct
17956-3,17956,567,28,3,20.00,29351.20,0.05,0.05,A,F,1993-10-14,1993-10-08,1993-10-31,COLLECT COD,AIR,y regular deposits
17957-1,17957,379,64,1,38.00,48616.06,0.00,0.07,R,F,1994-01-10,1994-02-02,1994-02-02,DELIVER IN PERSON,MAIL,ckly against the fin
17958-1,17958,1184,85,1,5.00,5425.90,0.00,0.05,N,O,1995-10-20,1995-10-20,1995-10-25,DELIVER IN PERSON,TRUCK,the deposits are around the ideas. carefu
17958-2,17958,1637,20,2,39.00,60006.57,0.04,0.00,N,O,1995-10-02,1995-10-22,1995-10-04,DELIVER IN PERSON,MAIL,press foxes. accounts use fluffily; slyly 
17958-3,17958,764,97,3,40.00,66590.40,0.02,0.00,N,O,1995-09-26,1995-10-10,1995-10-11,COLLECT COD,SHIP,r dependencies since the regular deposits m
17958-4,17958,980,49,4,36.00,67715.28,0.07,0.03,N,O,1995-08-14,1995-10-30,1995-09-05,COLLECT COD,SHIP,accounts sleep slyly pinto beans. 
17958-5,17958,1595,36,5,13.00,19455.67,0.10,0.01,N,O,1995-09-08,1995-10-30,1995-09-20,DELIVER IN PERSON,MAIL,ts haggle. blithely ironic acc
17959-1,17959,1358,73,1,26.00,32743.10,0.02,0.04,R,F,1992-12-15,1992-10-25,1992-12-17,TAKE BACK RETURN,TRUCK,nal ideas should are
17959-2,17959,69,95,2,5.00,4845.30,0.03,0.06,R,F,1992-11-14,1992-11-09,1992-11-29,TAKE BACK RETURN,AIR,eep silent requests. sil
17959-3,17959,1298,36,3,30.00,35978.70,0.00,0.00,A,F,1992-12-09,1992-11-04,1992-12-28,TAKE BACK RETURN,RAIL,elets haggle quickly 
17959-4,17959,1108,17,4,3.00,3027.30,0.10,0.07,R,F,1992-12-25,1992-10-18,1993-01-13,DELIVER IN PERSON,SHIP,about the pending sheaves. blithely even re
17984-1,17984,203,4,1,16.00,17651.20,0.07,0.02,N,O,1997-09-14,1997-07-04,1997-10-01,TAKE BACK RETURN,AIR,"ecial, final warhorses. even as"
17984-2,17984,323,8,2,43.00,52602.76,0.04,0.04,N,O,1997-08-12,1997-08-10,1997-09-01,DELIVER IN PERSON,REG AIR,row according to the exp
17984-3,17984,1858,59,3,31.00,54555.35,0.10,0.01,N,O,1997-09-10,1997-07-30,1997-10-04,TAKE BACK RETURN,FOB,ly final theodolites 
17984-4,17984,1130,67,4,4.00,4124.52,0.03,0.02,N,O,1997-09-05,1997-06-26,1997-09-24,NONE,FOB,ke. slyly special excuses haggle stealt
17984-5,17984,39,65,5,30.00,28170.90,0.05,0.05,N,O,1997-07-05,1997-07-29,1997-07-29,DELIVER IN PERSON,RAIL,refully silent requests in
17984-6,17984,1348,87,6,21.00,26236.14,0.01,0.01,N,O,1997-09-16,1997-07-25,1997-10-03,NONE,TRUCK,l accounts
17984-7,17984,1861,48,7,31.00,54648.66,0.04,0.07,N,O,1997-07-20,1997-08-03,1997-07-26,COLLECT COD,MAIL,ickly final packages. even requests abou
17985-1,17985,131,32,1,40.00,41245.20,0.05,0.08,A,F,1995-04-19,1995-06-13,1995-05-05,COLLECT COD,REG AIR,carefully iron
17985-2,17985,172,73,2,27.00,28948.59,0.10,0.06,A,F,1995-05-01,1995-07-02,1995-05-17,NONE,TRUCK,le carefully according to the regu
17985-3,17985,1778,21,3,44.00,73909.88,0.01,0.02,N,O,1995-08-11,1995-05-24,1995-09-03,NONE,SHIP,xpress dep
17985-4,17985,987,90,4,3.00,5663.94,0.00,0.06,N,F,1995-06-07,1995-06-21,1995-06-28,TAKE BACK RETURN,REG AIR,fluffily careful theodolites. furio
17986-1,17986,1411,29,1,50.00,65620.50,0.05,0.08,A,F,1992-05-04,1992-05-09,1992-05-26,COLLECT COD,SHIP,jole furiously. express accounts 
17986-2,17986,703,4,2,13.00,20848.10,0.10,0.08,A,F,1992-06-21,1992-06-09,1992-07-11,TAKE BACK RETURN,SHIP, haggle. blithely regul
17986-3,17986,362,47,3,32.00,40395.52,0.09,0.00,A,F,1992-04-10,1992-05-09,1992-04-25,NONE,SHIP,"its sleep. unusual,"
17986-4,17986,864,98,4,25.00,44121.50,0.09,0.02,R,F,1992-07-11,1992-05-29,1992-07-13,TAKE BACK RETURN,SHIP,ooze along th
17986-5,17986,15,66,5,1.00,915.01,0.09,0.06,A,F,1992-04-26,1992-05-29,1992-05-02,NONE,RAIL,"furiously. ironic, "
17987-1,17987,317,18,1,3.00,3651.93,0.03,0.01,A,F,1994-11-27,1994-09-18,1994-12-14,NONE,TRUCK, carefully furiously ironic requests. reg
17987-2,17987,418,19,2,35.00,46144.35,0.06,0.00,A,F,1994-08-09,1994-10-28,1994-08-11,DELIVER IN PERSON,TRUCK,ld excuses. final excuses sleep. 
17987-3,17987,1778,79,3,4.00,6719.08,0.04,0.06,R,F,1994-11-15,1994-10-07,1994-12-15,NONE,REG AIR,slyly pending dependencies. carefu
17988-1,17988,24,50,1,36.00,33264.72,0.04,0.00,A,F,1994-01-20,1993-11-23,1994-02-12,NONE,REG AIR,after the q
17988-2,17988,1408,9,2,1.00,1309.40,0.08,0.05,A,F,1994-01-01,1993-11-22,1994-01-08,NONE,TRUCK,iously silent instructions acr
17988-3,17988,1762,47,3,29.00,48249.04,0.01,0.01,A,F,1993-11-26,1993-12-12,1993-11-27,TAKE BACK RETURN,FOB,iously regular packages sublate. pen
17988-4,17988,969,4,4,41.00,76668.36,0.05,0.01,A,F,1993-10-23,1993-12-14,1993-10-28,NONE,RAIL,press pinto b
17988-5,17988,606,38,5,41.00,61770.60,0.04,0.02,R,F,1993-12-01,1993-11-13,1993-12-16,COLLECT COD,REG AIR,heodolites. furiously bold requests wake ca
17988-6,17988,1318,19,6,15.00,18289.65,0.07,0.07,R,F,1993-11-12,1993-10-28,1993-11-22,TAKE BACK RETURN,TRUCK,ash along the carefully special theo
17988-7,17988,1708,9,7,36.00,57949.20,0.07,0.02,R,F,1993-11-08,1993-11-12,1993-11-30,NONE,SHIP,"ages sleep daringly final, eve"
17989-1,17989,1586,67,1,50.00,74379.00,0.09,0.07,A,F,1994-02-16,1994-03-28,1994-02-25,COLLECT COD,RAIL,courts: carefully special pinto be
17989-2,17989,1757,42,2,34.00,56397.50,0.10,0.08,R,F,1994-02-11,1994-04-17,1994-02-23,TAKE BACK RETURN,SHIP,ckages. regular saut
17989-3,17989,375,32,3,5.00,6376.85,0.04,0.05,A,F,1994-03-01,1994-03-17,1994-03-18,TAKE BACK RETURN,TRUCK,tes wake along 
17990-1,17990,1393,32,1,33.00,42714.87,0.02,0.00,N,O,1998-05-12,1998-05-30,1998-05-15,TAKE BACK RETURN,REG AIR,ily unusual pinto beans
17990-2,17990,812,13,2,15.00,25692.15,0.01,0.06,N,O,1998-05-23,1998-06-08,1998-06-03,DELIVER IN PERSON,SHIP,tions. busily express f
17990-3,17990,1183,84,3,8.00,8673.44,0.02,0.07,N,O,1998-04-21,1998-06-11,1998-05-19,TAKE BACK RETURN,AIR,osits boost
17990-4,17990,966,1,4,17.00,31738.32,0.03,0.00,N,O,1998-03-30,1998-04-30,1998-04-14,NONE,AIR,alms cajole furiously fluffily final foxes
17990-5,17990,1741,26,5,5.00,8213.70,0.04,0.03,N,O,1998-04-18,1998-04-29,1998-04-27,COLLECT COD,MAIL,t accounts. excuses sl
17990-6,17990,250,78,6,40.00,46010.00,0.00,0.07,N,O,1998-07-13,1998-05-20,1998-07-21,NONE,FOB,regular packages integrate 
17990-7,17990,404,92,7,38.00,49567.20,0.02,0.07,N,O,1998-04-08,1998-06-14,1998-04-23,DELIVER IN PERSON,MAIL,structions. special requests sleep. blith
17991-1,17991,1682,24,1,2.00,3167.36,0.04,0.03,N,O,1998-08-27,1998-08-14,1998-08-28,NONE,TRUCK,nal foxes?
17991-2,17991,808,9,2,10.00,17088.00,0.00,0.03,N,O,1998-10-06,1998-08-08,1998-10-28,DELIVER IN PERSON,REG AIR,s. excuses 
18016-1,18016,1443,22,1,48.00,64533.12,0.03,0.06,N,O,1996-05-01,1996-05-18,1996-05-13,NONE,TRUCK,eodolites. 
18016-2,18016,314,71,2,43.00,52215.33,0.01,0.04,N,O,1996-03-25,1996-05-28,1996-04-12,DELIVER IN PERSON,MAIL,ar foxes. blithely bold asym
18016-3,18016,457,87,3,14.00,19004.30,0.01,0.07,N,O,1996-04-08,1996-06-12,1996-05-05,TAKE BACK RETURN,FOB,mptotes nag furi
18016-4,18016,1978,79,4,18.00,33839.46,0.02,0.02,N,O,1996-05-28,1996-06-11,1996-06-24,NONE,AIR,the express reque
18017-1,18017,717,14,1,23.00,37207.33,0.09,0.07,R,F,1993-07-07,1993-05-15,1993-07-13,TAKE BACK RETURN,MAIL,ounts cajole blithely
18017-2,18017,478,8,2,23.00,31704.81,0.02,0.02,A,F,1993-05-09,1993-05-26,1993-06-08,NONE,FOB,l ideas. bl
18017-3,18017,1456,96,3,46.00,62442.70,0.03,0.03,A,F,1993-07-16,1993-06-22,1993-07-30,DELIVER IN PERSON,REG AIR, quickly ironic deposits. accounts nag
18017-4,18017,1330,45,4,31.00,38171.23,0.08,0.02,R,F,1993-04-26,1993-05-29,1993-05-05,COLLECT COD,AIR,are carefully furiously regular excuses
18017-5,18017,3,4,5,41.00,37023.00,0.04,0.04,R,F,1993-04-01,1993-05-16,1993-04-07,NONE,MAIL,about the careful
18018-1,18018,1229,4,1,41.00,46339.02,0.04,0.08,N,O,1998-03-22,1998-01-08,1998-03-30,TAKE BACK RETURN,REG AIR, accounts. quickly even patterns are
18019-1,18019,634,28,1,4.00,6138.52,0.04,0.02,N,O,1997-07-04,1997-07-13,1997-08-01,DELIVER IN PERSON,REG AIR,into beans. slyly express theodolites must 
18019-2,18019,1546,87,2,49.00,70929.46,0.01,0.07,N,O,1997-05-30,1997-06-03,1997-06-03,DELIVER IN PERSON,SHIP,ctions engage above the even
18019-3,18019,506,37,3,49.00,68918.50,0.07,0.00,N,O,1997-05-27,1997-06-15,1997-06-05,DELIVER IN PERSON,AIR,press reque
18019-4,18019,6,32,4,41.00,37146.00,0.02,0.01,N,O,1997-07-22,1997-06-04,1997-08-04,COLLECT COD,RAIL,deas detect slyly c
18020-1,18020,872,6,1,13.00,23047.31,0.10,0.08,N,O,1996-02-21,1996-02-21,1996-03-17,DELIVER IN PERSON,MAIL,sits. furiously pending frets 
18020-2,18020,1246,84,2,10.00,11472.40,0.07,0.00,N,O,1996-02-08,1996-03-12,1996-03-09,COLLECT COD,RAIL,ly bold deposits haggle bold 
18020-3,18020,1393,8,3,37.00,47892.43,0.06,0.03,N,O,1996-03-23,1996-02-04,1996-03-25,DELIVER IN PERSON,REG AIR,: final acco
18020-4,18020,1479,80,4,47.00,64882.09,0.03,0.02,N,O,1996-02-17,1996-03-28,1996-03-14,COLLECT COD,FOB, silent excuses nag. fluffi
18020-5,18020,396,97,5,2.00,2592.78,0.07,0.02,N,O,1995-12-30,1996-01-29,1996-01-21,TAKE BACK RETURN,MAIL,thely pending account
18020-6,18020,1202,3,6,45.00,49644.00,0.10,0.04,N,O,1996-02-23,1996-03-16,1996-03-19,COLLECT COD,MAIL,dencies haggle furious
18021-1,18021,1676,77,1,43.00,67839.81,0.07,0.04,R,F,1994-04-27,1994-05-24,1994-05-10,DELIVER IN PERSON,TRUCK, furiously. quickly re
18021-2,18021,279,7,2,32.00,37736.64,0.08,0.06,A,F,1994-05-18,1994-05-29,1994-05-26,TAKE BACK RETURN,TRUCK,y regular packages use around the da
18022-1,18022,823,90,1,22.00,37924.04,0.07,0.04,N,O,1996-07-18,1996-07-10,1996-07-31,TAKE BACK RETURN,REG AIR,ackages about the blit
18023-1,18023,1759,44,1,2.00,3321.50,0.01,0.01,R,F,1995-03-15,1995-04-16,1995-03-21,NONE,FOB,ly pending dep
18023-2,18023,1287,88,2,42.00,49907.76,0.09,0.08,A,F,1995-03-15,1995-04-09,1995-03-16,NONE,RAIL," final, ironic packages. furio"
18023-3,18023,1129,38,3,4.00,4120.48,0.04,0.08,R,F,1995-03-20,1995-04-22,1995-03-22,COLLECT COD,FOB, regular ideas int
18023-4,18023,1167,4,4,4.00,4272.64,0.10,0.07,A,F,1995-04-22,1995-05-05,1995-05-06,COLLECT COD,RAIL,are: foxes haggl
18048-1,18048,1283,95,1,1.00,1184.28,0.00,0.08,A,F,1994-08-14,1994-09-29,1994-09-05,DELIVER IN PERSON,RAIL,ts inside the quickly even dinos boost 
18048-2,18048,1938,71,2,34.00,62557.62,0.00,0.02,A,F,1994-08-17,1994-09-02,1994-09-04,COLLECT COD,MAIL, unusual excuses wake furiously 
18048-3,18048,976,77,3,43.00,80709.71,0.05,0.07,A,F,1994-11-01,1994-09-21,1994-11-08,NONE,REG AIR,even accounts wake f
18048-4,18048,1618,42,4,39.00,59264.79,0.07,0.06,A,F,1994-10-02,1994-10-03,1994-10-31,DELIVER IN PERSON,MAIL,. careful ideas sleep for the carefu
18049-1,18049,1556,37,1,14.00,20405.70,0.00,0.03,A,F,1994-09-08,1994-10-30,1994-09-22,COLLECT COD,TRUCK,"egular, ironic packages"
18049-2,18049,1259,97,2,20.00,23205.00,0.01,0.00,R,F,1994-12-08,1994-10-27,1994-12-22,NONE,SHIP,"egrate ironic, final foxes. regula"
18049-3,18049,808,42,3,34.00,58099.20,0.08,0.04,A,F,1994-12-07,1994-10-30,1994-12-09,DELIVER IN PERSON,REG AIR,ly pending asymptotes cajole blithely st
18049-4,18049,1094,95,4,33.00,32837.97,0.08,0.00,A,F,1994-09-07,1994-11-01,1994-10-04,TAKE BACK RETURN,AIR,er the pending a
18049-5,18049,206,61,5,45.00,49779.00,0.04,0.07,A,F,1994-11-29,1994-11-10,1994-12-22,TAKE BACK RETURN,REG AIR, furiously slyly pending a
18050-1,18050,1928,73,1,20.00,36598.40,0.05,0.06,N,O,1996-04-17,1996-02-23,1996-05-08,COLLECT COD,REG AIR,promise quickly amon
18050-2,18050,1402,3,2,1.00,1303.40,0.10,0.04,N,O,1996-03-16,1996-04-06,1996-04-15,NONE,REG AIR,ticingly regular deposits. br
18050-3,18050,223,51,3,41.00,46052.02,0.09,0.02,N,O,1996-01-26,1996-02-11,1996-02-25,COLLECT COD,AIR,"hely ironic dolphins sleep. bold, perman"
18050-4,18050,1154,91,4,41.00,43261.15,0.00,0.07,N,O,1996-03-15,1996-03-01,1996-03-18,COLLECT COD,FOB,iously final ex
18050-5,18050,550,51,5,28.00,40615.40,0.08,0.04,N,O,1996-02-22,1996-02-21,1996-03-13,TAKE BACK RETURN,SHIP,ounts. braids nag furiousl
18050-6,18050,1773,58,6,47.00,78714.19,0.04,0.03,N,O,1996-05-06,1996-02-14,1996-05-31,TAKE BACK RETURN,SHIP,s. ironic accounts among the blithely
18051-1,18051,1522,43,1,32.00,45552.64,0.02,0.08,N,O,1998-05-29,1998-04-13,1998-06-17,COLLECT COD,RAIL,ts are blithely special packages. busy
18051-2,18051,85,11,2,9.00,8865.72,0.09,0.04,N,O,1998-03-17,1998-04-01,1998-04-04,NONE,AIR,r pinto beans haggle blit
18051-3,18051,1580,1,3,25.00,37039.50,0.07,0.06,N,O,1998-03-01,1998-04-01,1998-03-02,COLLECT COD,TRUCK,ly slyly even instru
18051-4,18051,295,50,4,12.00,14343.48,0.03,0.02,N,O,1998-03-19,1998-04-13,1998-04-10,NONE,RAIL,sely dogged de
18051-5,18051,553,44,5,31.00,45060.05,0.08,0.04,N,O,1998-03-15,1998-04-12,1998-03-24,DELIVER IN PERSON,FOB,slyly express instructions cajole pi
18052-1,18052,1422,1,1,49.00,64847.58,0.02,0.03,N,O,1998-02-02,1998-01-20,1998-02-12,NONE,TRUCK,uests are carefully quickly iro
18052-2,18052,331,32,2,4.00,4925.32,0.06,0.05,N,O,1998-02-02,1998-01-31,1998-02-07,NONE,REG AIR,ckages. ironic 
18052-3,18052,230,85,3,36.00,40688.28,0.09,0.00,N,O,1997-12-19,1997-12-20,1998-01-01,COLLECT COD,RAIL,accounts print fi
18052-4,18052,1053,59,4,30.00,28621.50,0.04,0.07,N,O,1997-11-25,1998-01-18,1997-12-08,NONE,MAIL,sleep deposits. blithely bold requ
18052-5,18052,1300,12,5,26.00,31233.80,0.07,0.01,N,O,1998-03-03,1998-02-02,1998-03-19,COLLECT COD,RAIL,lly ironic ideas.
18053-1,18053,14,90,1,19.00,17366.19,0.07,0.00,N,O,1997-10-06,1997-09-26,1997-11-02,COLLECT COD,SHIP,ic theodolit
18053-2,18053,1669,93,2,23.00,36125.18,0.03,0.00,N,O,1997-09-29,1997-10-19,1997-10-12,DELIVER IN PERSON,SHIP,nal foxes are fluffily foxes
18053-3,18053,1532,13,3,48.00,68809.44,0.00,0.05,N,O,1997-10-11,1997-10-22,1997-10-21,TAKE BACK RETURN,REG AIR,eas cajole furiously. fluffily even ideas 
18053-4,18053,871,38,4,40.00,70874.80,0.09,0.04,N,O,1997-10-15,1997-11-04,1997-10-21,DELIVER IN PERSON,SHIP,elets. ironic foxes against the e
18054-1,18054,845,12,1,28.00,48883.52,0.06,0.00,N,O,1995-10-07,1995-10-08,1995-10-12,TAKE BACK RETURN,RAIL,pending instructions integrate across th
18055-1,18055,1179,16,1,7.00,7561.19,0.06,0.01,R,F,1993-05-09,1993-04-22,1993-05-25,COLLECT COD,TRUCK,uests nag carefully along the pending 
18055-2,18055,1342,43,2,22.00,27353.48,0.01,0.06,R,F,1993-05-17,1993-04-17,1993-05-19,DELIVER IN PERSON,FOB,e of the ideas. ironic theodolites use
18055-3,18055,430,31,3,11.00,14634.73,0.08,0.02,A,F,1993-05-25,1993-04-08,1993-06-10,DELIVER IN PERSON,TRUCK,t to sleep along t
18055-4,18055,828,28,4,47.00,81254.54,0.03,0.08,A,F,1993-02-11,1993-04-26,1993-02-17,COLLECT COD,SHIP,lar packages sleep bli
18055-5,18055,970,5,5,32.00,59871.04,0.09,0.01,A,F,1993-05-07,1993-04-09,1993-06-04,COLLECT COD,FOB,slyly regular accounts boost after the c
18055-6,18055,311,40,6,33.00,39973.23,0.07,0.05,A,F,1993-05-16,1993-04-21,1993-06-09,COLLECT COD,TRUCK,es. bold ideas boost quickly accor
18080-1,18080,314,43,1,49.00,59501.19,0.08,0.02,A,F,1994-10-20,1994-07-23,1994-11-17,DELIVER IN PERSON,FOB,s are alongsi
18080-2,18080,896,97,2,6.00,10781.34,0.04,0.08,A,F,1994-09-02,1994-08-29,1994-09-20,TAKE BACK RETURN,FOB,inal braids grow iro
18080-3,18080,294,76,3,41.00,48965.89,0.00,0.03,R,F,1994-07-28,1994-09-12,1994-08-18,DELIVER IN PERSON,AIR,dle blithely
18080-4,18080,1548,69,4,10.00,14495.40,0.02,0.06,A,F,1994-10-12,1994-08-04,1994-11-09,COLLECT COD,MAIL,y evenly final foxes. requests cajole slyl
18080-5,18080,1563,84,5,30.00,43936.80,0.04,0.07,R,F,1994-09-21,1994-09-17,1994-10-18,TAKE BACK RETURN,FOB,quests? sl
18081-1,18081,1830,31,1,10.00,17318.30,0.05,0.02,N,O,1996-11-02,1996-11-22,1996-11-19,COLLECT COD,MAIL,. blithely sile
18081-2,18081,807,41,2,5.00,8539.00,0.00,0.08,N,O,1997-01-11,1996-12-27,1997-02-05,TAKE BACK RETURN,TRUCK,ding ideas. final dep
18081-3,18081,566,97,3,27.00,39597.12,0.10,0.06,N,O,1997-01-03,1996-11-30,1997-01-27,DELIVER IN PERSON,AIR,nto beans boost 
18082-1,18082,223,51,1,22.00,24710.84,0.09,0.02,N,O,1998-08-04,1998-09-24,1998-08-18,TAKE BACK RETURN,REG AIR, quickly final pa
18083-1,18083,1774,1,1,50.00,83788.50,0.06,0.05,R,F,1994-05-22,1994-05-06,1994-06-06,DELIVER IN PERSON,RAIL,ding accounts sleep slyly furiously even a
18083-2,18083,338,23,2,2.00,2476.66,0.08,0.00,R,F,1994-04-19,1994-04-24,1994-05-08,TAKE BACK RETURN,TRUCK,"de of the special, regular "
18084-1,18084,876,10,1,12.00,21322.44,0.00,0.03,N,O,1996-10-28,1996-10-26,1996-11-11,TAKE BACK RETURN,AIR,sly final somas a
18084-2,18084,177,4,2,25.00,26929.25,0.08,0.00,N,O,1996-11-18,1996-10-27,1996-12-13,TAKE BACK RETURN,RAIL,t the furiously fi
18084-3,18084,1175,84,3,14.00,15066.38,0.04,0.03,N,O,1996-10-12,1996-10-31,1996-11-03,NONE,FOB,equests according to the permanently r
18084-4,18084,1956,89,4,46.00,85465.70,0.10,0.03,N,O,1996-10-30,1996-09-21,1996-11-16,DELIVER IN PERSON,MAIL, thin deposits haggle fluffily on th
18084-5,18084,889,23,5,45.00,80544.60,0.00,0.06,N,O,1996-09-15,1996-10-27,1996-10-15,COLLECT COD,MAIL,ts haggle. fluff
18084-6,18084,1184,85,6,7.00,7596.26,0.08,0.00,N,O,1996-10-24,1996-10-17,1996-11-09,NONE,REG AIR,the carefully regular requests. foxe
18085-1,18085,1720,47,1,42.00,68112.24,0.00,0.04,N,O,1995-10-10,1995-10-31,1995-10-24,DELIVER IN PERSON,TRUCK,to beans boost en
18085-2,18085,133,34,2,44.00,45457.72,0.10,0.01,N,O,1995-11-19,1995-11-19,1995-12-08,COLLECT COD,TRUCK,final requests. always regular packages are
18085-3,18085,604,67,3,9.00,13541.40,0.06,0.05,N,O,1995-11-24,1995-12-23,1995-12-12,TAKE BACK RETURN,REG AIR,must detect furiously atop the blithely
18085-4,18085,163,64,4,1.00,1063.16,0.01,0.01,N,O,1995-10-31,1995-12-19,1995-11-29,TAKE BACK RETURN,AIR,gle fluffily.
18086-1,18086,1494,34,1,25.00,34887.25,0.07,0.01,N,O,1998-05-26,1998-06-27,1998-06-05,TAKE BACK RETURN,MAIL,ly regular instructions. b
18086-2,18086,795,28,2,26.00,44090.54,0.04,0.06,N,O,1998-09-12,1998-07-22,1998-09-16,TAKE BACK RETURN,REG AIR,fully final forges are f
18086-3,18086,366,95,3,23.00,29126.28,0.03,0.00,N,O,1998-07-21,1998-06-27,1998-08-18,TAKE BACK RETURN,FOB,"pending ideas. final, pendi"
18086-4,18086,930,31,4,5.00,9154.65,0.09,0.02,N,O,1998-06-02,1998-08-03,1998-06-15,TAKE BACK RETURN,SHIP,ans detect fluff
18086-5,18086,314,43,5,1.00,1214.31,0.04,0.06,N,O,1998-07-01,1998-06-27,1998-07-20,TAKE BACK RETURN,AIR, carefully regular foxes. blith
18086-6,18086,353,38,6,34.00,42613.90,0.09,0.04,N,O,1998-09-19,1998-08-05,1998-09-23,TAKE BACK RETURN,RAIL,usly silent packages. carefully bold a
18086-7,18086,842,42,7,45.00,78427.80,0.03,0.00,N,O,1998-08-13,1998-08-04,1998-08-17,TAKE BACK RETURN,TRUCK,es. slyly enticing i
18087-1,18087,12,38,1,8.00,7296.08,0.00,0.05,A,F,1993-04-27,1993-05-22,1993-05-04,COLLECT COD,RAIL, fluffily silent warhorses cajo
18087-2,18087,37,13,2,49.00,45914.47,0.05,0.02,A,F,1993-04-24,1993-05-09,1993-05-04,NONE,MAIL,"uriously above the orbits. special, ironic"
18087-3,18087,1722,65,3,36.00,58453.92,0.10,0.07,A,F,1993-06-18,1993-05-28,1993-07-07,NONE,MAIL,yly ironic pac
18087-4,18087,429,88,4,50.00,66471.00,0.06,0.03,A,F,1993-07-13,1993-06-11,1993-07-30,COLLECT COD,REG AIR,slyly alongside of the 
18087-5,18087,1468,86,5,32.00,43822.72,0.07,0.01,R,F,1993-04-03,1993-06-20,1993-04-21,TAKE BACK RETURN,RAIL,refully pending instructions
18112-1,18112,416,17,1,34.00,44757.94,0.03,0.07,A,F,1992-06-25,1992-04-30,1992-07-09,COLLECT COD,MAIL,es. carefully bold depend
18112-2,18112,543,4,2,45.00,64959.30,0.08,0.06,R,F,1992-05-20,1992-05-12,1992-05-22,DELIVER IN PERSON,TRUCK,s. bold theodolites must haggle alongs
18112-3,18112,1551,52,3,20.00,29051.00,0.06,0.08,R,F,1992-04-28,1992-05-28,1992-05-28,DELIVER IN PERSON,RAIL,ccording to the fluffily quiet
18112-4,18112,123,2,4,31.00,31716.72,0.04,0.05,R,F,1992-05-12,1992-05-09,1992-06-07,NONE,TRUCK,ests are. 
18113-1,18113,1273,11,1,23.00,27008.21,0.09,0.08,R,F,1992-09-15,1992-11-05,1992-09-19,DELIVER IN PERSON,TRUCK,c accounts haggle carefu
18113-2,18113,840,7,2,28.00,48743.52,0.02,0.06,R,F,1992-09-24,1992-10-21,1992-10-07,COLLECT COD,MAIL, pinto beans boost quickly thinly exp
18113-3,18113,1779,64,3,13.00,21850.01,0.05,0.04,R,F,1992-10-11,1992-11-18,1992-11-08,TAKE BACK RETURN,FOB,ly around the q
18113-4,18113,1761,46,4,28.00,46557.28,0.03,0.00,A,F,1992-11-17,1992-10-15,1992-12-07,TAKE BACK RETURN,AIR,le carefully. regular instructions haggle
18113-5,18113,1293,68,5,37.00,44188.73,0.09,0.07,R,F,1992-09-23,1992-11-05,1992-10-20,DELIVER IN PERSON,MAIL, are carefully r
18114-1,18114,1642,66,1,49.00,75638.36,0.04,0.06,N,O,1996-11-29,1997-01-14,1996-12-28,NONE,FOB,eaves. quickly sile
18114-2,18114,1169,42,2,1.00,1070.16,0.00,0.03,N,O,1996-12-27,1997-02-03,1997-01-21,DELIVER IN PERSON,TRUCK,mes special foxes. furiously 
18114-3,18114,941,76,3,17.00,31312.98,0.10,0.05,N,O,1997-02-17,1997-02-10,1997-02-19,DELIVER IN PERSON,AIR,arls would im
18115-1,18115,1640,82,1,19.00,29291.16,0.00,0.03,R,F,1993-09-30,1993-09-01,1993-10-08,COLLECT COD,AIR,earls boost slyly ca
18115-2,18115,627,28,2,17.00,25969.54,0.10,0.04,R,F,1993-07-24,1993-08-09,1993-08-08,NONE,AIR,silent accounts g
18116-1,18116,514,15,1,25.00,35362.75,0.02,0.04,N,F,1995-06-14,1995-06-08,1995-07-13,TAKE BACK RETURN,SHIP,ages. ironic platelets wak
18116-2,18116,819,20,2,45.00,77391.45,0.07,0.06,A,F,1995-05-18,1995-06-13,1995-05-23,TAKE BACK RETURN,AIR,rts. furiously express deposits are blithel
18116-3,18116,1214,26,3,7.00,7806.47,0.10,0.05,N,F,1995-05-31,1995-06-14,1995-06-22,TAKE BACK RETURN,RAIL,egular deposi
18116-4,18116,289,71,4,32.00,38056.96,0.07,0.08,N,O,1995-07-13,1995-07-06,1995-07-20,NONE,AIR,lithely. blithely 
18116-5,18116,1125,26,5,18.00,18470.16,0.10,0.00,N,F,1995-05-30,1995-06-24,1995-06-21,TAKE BACK RETURN,REG AIR,"refully. bold, ironic deposit"
18117-1,18117,1022,58,1,45.00,41535.90,0.00,0.02,R,F,1994-03-21,1994-04-20,1994-03-25,DELIVER IN PERSON,TRUCK,structions. stealthily regular
18117-2,18117,1228,29,2,8.00,9033.76,0.05,0.05,A,F,1994-05-09,1994-03-10,1994-05-29,NONE,AIR,s cajole blithely a
18117-3,18117,945,14,3,43.00,79375.42,0.03,0.04,A,F,1994-05-05,1994-03-10,1994-05-10,DELIVER IN PERSON,AIR,s the furiously unusual instructio
18118-1,18118,1064,70,1,33.00,31846.98,0.06,0.00,N,O,1997-07-02,1997-05-07,1997-07-04,COLLECT COD,TRUCK,d across the
18118-2,18118,605,99,2,17.00,25595.20,0.00,0.00,N,O,1997-07-02,1997-04-21,1997-07-05,DELIVER IN PERSON,MAIL, alongside of the blithel
18118-3,18118,1105,42,3,2.00,2012.20,0.08,0.02,N,O,1997-04-10,1997-05-04,1997-04-15,TAKE BACK RETURN,SHIP,special requests sleep slyly carefull
18118-4,18118,999,2,4,17.00,32299.83,0.06,0.01,N,O,1997-03-26,1997-04-30,1997-04-21,DELIVER IN PERSON,REG AIR,ing to the ironic platelets? bold pa
18118-5,18118,730,31,5,50.00,81536.50,0.08,0.00,N,O,1997-06-16,1997-04-05,1997-07-13,TAKE BACK RETURN,MAIL,arefully special forges. slow
18118-6,18118,673,5,6,23.00,36194.41,0.00,0.04,N,O,1997-05-24,1997-04-09,1997-05-30,COLLECT COD,RAIL, among the slyly even accounts.
18119-1,18119,667,99,1,36.00,56435.76,0.10,0.07,R,F,1994-09-16,1994-09-21,1994-10-03,TAKE BACK RETURN,FOB,hely pending re
18119-2,18119,442,72,2,34.00,45642.96,0.02,0.07,A,F,1994-08-26,1994-08-20,1994-08-29,COLLECT COD,TRUCK,"l pinto beans. special, even es"
18119-3,18119,1724,51,3,6.00,9754.32,0.04,0.02,R,F,1994-08-03,1994-09-09,1994-08-28,COLLECT COD,REG AIR,sits. pending accounts a
18119-4,18119,1275,50,4,27.00,31759.29,0.05,0.04,R,F,1994-09-03,1994-07-30,1994-09-18,TAKE BACK RETURN,TRUCK,"about the busy, regular "
18144-1,18144,484,14,1,26.00,35996.48,0.03,0.08,N,O,1995-07-09,1995-08-07,1995-07-19,NONE,REG AIR,beans shall was quickly carefully ir
18144-2,18144,1690,91,2,36.00,57300.84,0.04,0.06,N,O,1995-08-06,1995-07-27,1995-08-20,NONE,FOB,ly furiously express accounts? fluf
18144-3,18144,1672,55,3,5.00,7868.35,0.01,0.05,N,O,1995-09-11,1995-07-21,1995-09-18,COLLECT COD,TRUCK,eep ironic requ
18144-4,18144,127,28,4,35.00,35949.20,0.07,0.06,N,O,1995-06-27,1995-08-26,1995-07-14,COLLECT COD,AIR,ts are slyly; blithely un
18144-5,18144,475,34,5,20.00,27509.40,0.04,0.08,N,O,1995-10-06,1995-07-25,1995-10-26,TAKE BACK RETURN,SHIP, fluffily final 
18145-1,18145,1604,28,1,15.00,22584.00,0.00,0.04,R,F,1993-12-11,1993-11-15,1993-12-16,NONE,RAIL,of the ironic instructions 
18145-2,18145,414,2,2,37.00,48633.17,0.02,0.07,R,F,1993-09-12,1993-11-06,1993-09-14,TAKE BACK RETURN,MAIL,arefully regular ideas haggle
18145-3,18145,609,72,3,48.00,72460.80,0.04,0.06,R,F,1993-10-09,1993-11-18,1993-10-26,COLLECT COD,TRUCK, unusual pinto beans: f
18145-4,18145,1388,27,4,12.00,15472.56,0.04,0.06,R,F,1993-11-13,1993-11-29,1993-11-20,COLLECT COD,TRUCK,platelets. even foxes unwind carefully acco
18146-1,18146,1267,5,1,4.00,4673.04,0.09,0.02,N,O,1997-12-07,1997-11-28,1997-12-16,NONE,REG AIR,instructions cajole regularly pending 
18146-2,18146,937,38,2,14.00,25731.02,0.10,0.07,N,O,1997-12-10,1997-12-18,1998-01-04,COLLECT COD,TRUCK,pending theodolites across the furio
18147-1,18147,899,66,1,9.00,16199.01,0.09,0.07,A,F,1994-08-07,1994-09-13,1994-08-11,NONE,SHIP,arefully regular asymptotes-- even pi
18147-2,18147,921,24,2,13.00,23684.96,0.06,0.04,R,F,1994-09-18,1994-09-03,1994-10-07,TAKE BACK RETURN,SHIP,cording to the furiously even foxes. specia
18147-3,18147,1445,46,3,33.00,44432.52,0.04,0.01,R,F,1994-09-17,1994-10-05,1994-10-06,TAKE BACK RETURN,TRUCK,sly pending 
18147-4,18147,1124,33,4,38.00,38954.56,0.07,0.07,R,F,1994-08-07,1994-10-13,1994-08-11,TAKE BACK RETURN,TRUCK,s. blithely 
18147-5,18147,1648,90,5,7.00,10847.48,0.04,0.05,A,F,1994-08-09,1994-08-26,1994-09-02,TAKE BACK RETURN,REG AIR,ns despite the slyly pending excuses bo
18148-1,18148,1362,77,1,14.00,17687.04,0.10,0.02,N,O,1996-11-04,1996-10-08,1996-12-03,DELIVER IN PERSON,TRUCK,iously along the unusual accounts.
18149-1,18149,1358,35,1,45.00,56670.75,0.09,0.02,N,O,1997-02-20,1997-02-23,1997-03-02,NONE,AIR,r ideas. blithely final dolphi
18149-2,18149,356,57,2,20.00,25127.00,0.09,0.01,N,O,1997-04-28,1997-04-10,1997-04-29,DELIVER IN PERSON,REG AIR,"he final, special excuses affix"
18149-3,18149,979,48,3,48.00,90238.56,0.07,0.03,N,O,1997-03-09,1997-02-20,1997-03-15,COLLECT COD,REG AIR, alongside of the carefully regular packa
18149-4,18149,427,28,4,35.00,46459.70,0.06,0.03,N,O,1997-04-02,1997-04-13,1997-04-03,NONE,MAIL,st the boldly sile
18149-5,18149,563,24,5,5.00,7317.80,0.06,0.06,N,O,1997-03-13,1997-04-14,1997-03-20,DELIVER IN PERSON,MAIL,"o beans after the final, express"
18149-6,18149,1415,33,6,3.00,3949.23,0.03,0.00,N,O,1997-01-22,1997-03-30,1997-01-24,COLLECT COD,REG AIR,nts. ironic ideas sleep a
18149-7,18149,364,21,7,27.00,34137.72,0.06,0.01,N,O,1997-03-23,1997-02-25,1997-03-30,TAKE BACK RETURN,REG AIR,special foxes nag furiously.
18150-1,18150,430,60,1,8.00,10643.44,0.07,0.02,N,O,1997-07-27,1997-06-03,1997-08-10,TAKE BACK RETURN,AIR,ill have to sleep silently blithely even r
18150-2,18150,1164,65,2,12.00,12781.92,0.03,0.06,N,O,1997-05-11,1997-06-21,1997-06-02,DELIVER IN PERSON,AIR,y express deposits would use fluffily sp
18150-3,18150,1802,3,3,15.00,25557.00,0.03,0.03,N,O,1997-05-30,1997-06-09,1997-06-15,NONE,AIR,equests wake even asymptotes. furio
18150-4,18150,1266,78,4,33.00,38519.58,0.07,0.01,N,O,1997-05-26,1997-05-18,1997-06-13,NONE,MAIL, pending pack
18150-5,18150,1651,52,5,49.00,76079.85,0.07,0.07,N,O,1997-05-31,1997-06-26,1997-06-13,TAKE BACK RETURN,TRUCK, silent instructi
18150-6,18150,800,1,6,29.00,49323.20,0.01,0.00,N,O,1997-06-01,1997-05-26,1997-06-04,COLLECT COD,RAIL, ironic dependencies
18151-1,18151,1571,72,1,45.00,66265.65,0.08,0.01,N,O,1996-02-21,1996-02-25,1996-03-04,DELIVER IN PERSON,REG AIR,es. carefull
18151-2,18151,1201,76,2,39.00,42985.80,0.09,0.06,N,O,1996-01-30,1996-03-13,1996-02-07,DELIVER IN PERSON,REG AIR, express pac
18151-3,18151,481,82,3,46.00,63548.08,0.04,0.03,N,O,1996-02-19,1996-02-04,1996-03-03,NONE,FOB,y. even re
18151-4,18151,278,33,4,29.00,34169.83,0.00,0.08,N,O,1996-02-04,1996-03-20,1996-02-06,TAKE BACK RETURN,TRUCK,counts affix slyly above
18151-5,18151,1153,26,5,33.00,34786.95,0.03,0.03,N,O,1996-04-26,1996-03-24,1996-05-25,COLLECT COD,RAIL, accounts. ironic packages use
18151-6,18151,231,32,6,34.00,38461.82,0.04,0.05,N,O,1996-04-25,1996-03-01,1996-05-25,COLLECT COD,TRUCK,sual accounts? furiously final requests run
18176-1,18176,1619,61,1,22.00,33453.42,0.04,0.07,N,O,1996-07-21,1996-07-09,1996-07-30,TAKE BACK RETURN,AIR,eodolites sleep pinto beans. carefully 
18176-2,18176,1098,4,2,8.00,7992.72,0.05,0.06,N,O,1996-06-11,1996-07-29,1996-07-08,TAKE BACK RETURN,FOB,uffily regular excuses can hinder acro
18177-1,18177,796,97,1,11.00,18664.69,0.10,0.02,R,F,1994-06-16,1994-05-11,1994-06-22,COLLECT COD,AIR, the quickly bold d
18177-2,18177,489,77,2,47.00,65305.56,0.07,0.08,A,F,1994-05-29,1994-04-02,1994-06-03,DELIVER IN PERSON,FOB,lar requests solve
18177-3,18177,866,67,3,20.00,35337.20,0.05,0.04,A,F,1994-05-13,1994-03-27,1994-05-20,TAKE BACK RETURN,FOB,thely regu
18177-4,18177,1135,44,4,17.00,17614.21,0.08,0.06,R,F,1994-05-21,1994-04-11,1994-06-20,COLLECT COD,MAIL,e even requests. express requests us
18177-5,18177,673,74,5,12.00,18884.04,0.04,0.05,R,F,1994-06-06,1994-04-04,1994-06-08,TAKE BACK RETURN,TRUCK,ss the expre
18178-1,18178,522,23,1,9.00,12802.68,0.05,0.07,R,F,1995-01-09,1994-12-25,1995-01-10,TAKE BACK RETURN,REG AIR,lar platelets are quickly ironic re
18178-2,18178,1439,79,2,17.00,22787.31,0.07,0.00,A,F,1995-02-24,1994-12-18,1995-02-27,COLLECT COD,REG AIR,et pinto beans. 
18178-3,18178,1028,29,3,32.00,29728.64,0.08,0.02,A,F,1995-02-14,1994-12-10,1995-03-08,COLLECT COD,FOB,se among the ironic pack
18178-4,18178,853,20,4,29.00,50861.65,0.05,0.05,A,F,1995-02-13,1995-01-28,1995-02-28,COLLECT COD,RAIL,ts. regular accounts are furiously 
18179-1,18179,573,64,1,18.00,26524.26,0.04,0.01,R,F,1994-08-17,1994-10-09,1994-09-16,NONE,REG AIR,pecial depo
18179-2,18179,620,52,2,12.00,18247.44,0.04,0.08,A,F,1994-08-18,1994-09-09,1994-08-27,NONE,AIR,"to the bold, special asymptotes kind"
18179-3,18179,1775,76,3,15.00,25151.55,0.09,0.08,A,F,1994-11-04,1994-09-27,1994-11-08,TAKE BACK RETURN,SHIP,ccording to 
18179-4,18179,1678,61,4,39.00,61607.13,0.05,0.05,R,F,1994-08-08,1994-10-30,1994-08-26,DELIVER IN PERSON,TRUCK,eep fluffily above the id
18179-5,18179,1959,92,5,10.00,18609.50,0.03,0.03,R,F,1994-10-10,1994-09-03,1994-10-31,NONE,FOB, slyly quick dolphi
18179-6,18179,1635,77,6,47.00,72221.61,0.03,0.08,R,F,1994-08-14,1994-09-29,1994-08-27,COLLECT COD,TRUCK,"e ironic, regular pinto beans pla"
18180-1,18180,341,70,1,38.00,47170.92,0.07,0.01,A,F,1992-05-07,1992-03-13,1992-05-24,DELIVER IN PERSON,SHIP,. theodolites boost carefully against t
18180-2,18180,630,24,2,8.00,12245.04,0.00,0.00,R,F,1992-01-24,1992-02-27,1992-02-01,NONE,REG AIR,rate fluffil
18181-1,18181,1495,35,1,11.00,15361.39,0.05,0.03,N,O,1996-05-24,1996-05-14,1996-06-18,NONE,RAIL,ding to the ironic requests. i
18181-2,18181,443,73,2,2.00,2686.88,0.05,0.03,N,O,1996-05-15,1996-04-27,1996-06-03,COLLECT COD,RAIL," deposits cajole slyly across the pending,"
18181-3,18181,1704,89,3,27.00,43353.90,0.01,0.03,N,O,1996-06-22,1996-04-20,1996-07-06,NONE,RAIL,"ously ironic instructions. final, f"
18181-4,18181,655,49,4,18.00,28001.70,0.07,0.02,N,O,1996-07-09,1996-05-10,1996-07-29,DELIVER IN PERSON,SHIP,uriously express courts boost slyly final
18182-1,18182,547,38,1,19.00,27503.26,0.02,0.04,A,F,1995-04-27,1995-06-15,1995-04-29,COLLECT COD,FOB,l foxes kindle fluffily. 
18182-2,18182,1363,78,2,8.00,10114.88,0.06,0.05,N,O,1995-06-27,1995-05-29,1995-07-08,COLLECT COD,FOB,nts cajole a
18182-3,18182,163,90,3,14.00,14884.24,0.06,0.05,N,O,1995-08-08,1995-06-03,1995-08-18,COLLECT COD,MAIL,ckly pending accounts. blithely reg
18182-4,18182,58,34,4,9.00,8622.45,0.04,0.01,N,O,1995-07-04,1995-05-30,1995-08-03,DELIVER IN PERSON,RAIL,ely special instruct
18182-5,18182,1687,88,5,49.00,77845.32,0.04,0.03,N,O,1995-06-19,1995-05-14,1995-06-20,NONE,FOB,special theodolite
18182-6,18182,1447,48,6,43.00,57982.92,0.03,0.08,N,F,1995-06-13,1995-05-15,1995-06-26,DELIVER IN PERSON,TRUCK,r accounts. busy packages 
18182-7,18182,1471,89,7,39.00,53526.33,0.03,0.07,N,O,1995-07-14,1995-06-12,1995-07-22,TAKE BACK RETURN,MAIL, express foxes x-ray fu
18183-1,18183,1548,89,1,10.00,14495.40,0.08,0.08,N,O,1997-02-06,1997-01-30,1997-02-24,DELIVER IN PERSON,AIR,gle closely after th
18183-2,18183,1201,13,2,20.00,22044.00,0.03,0.08,N,O,1997-03-19,1997-03-11,1997-04-09,TAKE BACK RETURN,FOB,express accounts nag. slyly ironi
18208-1,18208,555,46,1,27.00,39299.85,0.10,0.03,A,F,1992-07-07,1992-05-04,1992-07-08,DELIVER IN PERSON,AIR, packages. final sheaves boost sometim
18208-2,18208,1334,49,2,48.00,59295.84,0.06,0.07,R,F,1992-07-25,1992-06-11,1992-08-07,COLLECT COD,TRUCK,courts haggle carefully slyly r
18208-3,18208,1789,90,3,22.00,37197.16,0.04,0.00,R,F,1992-04-19,1992-05-03,1992-04-24,TAKE BACK RETURN,MAIL,sly regular dependencies. slyly 
18208-4,18208,1184,21,4,27.00,29299.86,0.09,0.02,R,F,1992-06-09,1992-05-03,1992-06-25,TAKE BACK RETURN,REG AIR,ntegrate blithely. busily bold pack
18208-5,18208,912,47,5,17.00,30819.47,0.09,0.08,R,F,1992-05-14,1992-06-18,1992-06-08,NONE,AIR,ccording to the furious
18208-6,18208,1328,5,6,49.00,60236.68,0.02,0.03,R,F,1992-06-20,1992-05-15,1992-07-06,NONE,AIR,detect careful
18209-1,18209,676,39,1,10.00,15766.70,0.00,0.01,N,O,1996-05-02,1996-05-23,1996-05-20,TAKE BACK RETURN,TRUCK,ideas among the spe
18209-2,18209,123,50,2,25.00,25578.00,0.08,0.01,N,O,1996-03-18,1996-04-06,1996-04-11,COLLECT COD,RAIL,use. carefully reg
18209-3,18209,404,5,3,5.00,6522.00,0.09,0.01,N,O,1996-02-27,1996-05-02,1996-03-01,TAKE BACK RETURN,TRUCK,kages print. furi
18209-4,18209,1529,10,4,16.00,22888.32,0.06,0.03,N,O,1996-05-31,1996-04-09,1996-06-17,COLLECT COD,TRUCK,olites. carefully 
18209-5,18209,953,54,5,47.00,87135.65,0.07,0.02,N,O,1996-06-02,1996-04-03,1996-06-26,COLLECT COD,AIR,leep quickly unusual foxes. blithely regu
18210-1,18210,400,85,1,21.00,27308.40,0.07,0.01,A,F,1993-10-27,1993-09-24,1993-11-03,NONE,TRUCK, regular accounts cajole. final
18210-2,18210,856,56,2,46.00,80815.10,0.00,0.06,A,F,1993-11-05,1993-09-21,1993-11-16,NONE,TRUCK,lent accounts. fluffi
18210-3,18210,1610,34,3,17.00,25697.37,0.05,0.00,R,F,1993-08-19,1993-11-02,1993-09-12,COLLECT COD,SHIP,ckly final deposits boost blith
18210-4,18210,631,32,4,13.00,19911.19,0.03,0.07,R,F,1993-09-04,1993-10-27,1993-09-16,DELIVER IN PERSON,MAIL,ly ironic p
18210-5,18210,18,69,5,38.00,34884.38,0.02,0.05,A,F,1993-09-13,1993-09-12,1993-10-08,DELIVER IN PERSON,MAIL,essly unusual deposits sleep acr
18210-6,18210,1389,28,6,42.00,54195.96,0.09,0.08,A,F,1993-12-06,1993-09-27,1993-12-24,COLLECT COD,TRUCK,packages. slyly regular pinto
18210-7,18210,1147,20,7,47.00,49262.58,0.01,0.05,R,F,1993-08-24,1993-10-01,1993-09-05,COLLECT COD,FOB,quietly ironic requests play. c
18211-1,18211,1730,15,1,38.00,62005.74,0.09,0.01,N,O,1996-10-08,1996-09-03,1996-10-18,COLLECT COD,AIR, furiously brave a
18211-2,18211,798,63,2,21.00,35674.59,0.01,0.07,N,O,1996-08-16,1996-09-25,1996-09-12,DELIVER IN PERSON,AIR,es use fluffily
18211-3,18211,1337,14,3,27.00,33434.91,0.03,0.07,N,O,1996-09-13,1996-08-31,1996-09-21,NONE,REG AIR, regular pinto beans. quick
18211-4,18211,12,13,4,36.00,32832.36,0.05,0.01,N,O,1996-11-16,1996-09-27,1996-11-26,DELIVER IN PERSON,FOB,accounts are quic
18211-5,18211,552,43,5,1.00,1452.55,0.00,0.03,N,O,1996-10-23,1996-10-14,1996-11-06,TAKE BACK RETURN,SHIP,deposits. theodolite
18211-6,18211,503,64,6,23.00,32280.50,0.09,0.05,N,O,1996-08-15,1996-09-17,1996-09-14,DELIVER IN PERSON,MAIL,ges alongside of the sl
18211-7,18211,660,54,7,32.00,49941.12,0.09,0.06,N,O,1996-11-11,1996-09-23,1996-11-16,DELIVER IN PERSON,SHIP,structions nag about the carefully final 
18212-1,18212,602,3,1,22.00,33057.20,0.00,0.02,N,O,1997-08-31,1997-09-29,1997-09-14,DELIVER IN PERSON,SHIP,"press, express accounts haggle c"
18212-2,18212,1828,72,2,15.00,25947.30,0.02,0.06,N,O,1997-11-13,1997-10-16,1997-12-11,COLLECT COD,MAIL,urts boost carefully final pinto beans; 
18212-3,18212,939,8,3,22.00,40478.46,0.10,0.02,N,O,1997-10-24,1997-09-12,1997-11-21,TAKE BACK RETURN,RAIL, furiously. foxes sleep blithely about the 
18212-4,18212,496,84,4,36.00,50273.64,0.06,0.01,N,O,1997-09-13,1997-08-21,1997-09-24,COLLECT COD,RAIL,e evenly. express deposit
18212-5,18212,434,22,5,28.00,37364.04,0.04,0.06,N,O,1997-11-04,1997-09-07,1997-11-22,TAKE BACK RETURN,RAIL, express theodolites. fluffily 
18212-6,18212,626,89,6,47.00,71751.14,0.02,0.07,N,O,1997-10-12,1997-09-30,1997-10-24,NONE,SHIP,al accounts
18212-7,18212,131,84,7,30.00,30933.90,0.06,0.08,N,O,1997-10-06,1997-09-24,1997-10-30,DELIVER IN PERSON,RAIL, carefully. blithe
18213-1,18213,1895,82,1,28.00,50312.92,0.06,0.04,A,F,1994-01-03,1993-11-13,1994-01-08,TAKE BACK RETURN,REG AIR,blithely ironic pinto bea
18213-2,18213,596,27,2,21.00,31428.39,0.07,0.07,R,F,1993-09-21,1993-11-01,1993-09-24,NONE,TRUCK, packages unwind furio
18213-3,18213,108,35,3,33.00,33267.30,0.10,0.02,A,F,1994-01-02,1993-11-06,1994-01-30,DELIVER IN PERSON,RAIL,s x-ray about the carefull
18213-4,18213,586,87,4,10.00,14865.80,0.06,0.07,A,F,1993-11-28,1993-10-23,1993-12-04,DELIVER IN PERSON,REG AIR, ideas haggle. slyly unusual braids ha
18214-1,18214,1656,39,1,22.00,34268.30,0.01,0.06,N,O,1996-04-29,1996-02-27,1996-05-23,NONE,REG AIR,"y, ironic foxes. "
18215-1,18215,1648,72,1,39.00,60435.96,0.06,0.04,R,F,1993-10-06,1993-11-30,1993-10-22,DELIVER IN PERSON,TRUCK,le slyly along the furiou
18215-2,18215,448,36,2,28.00,37756.32,0.08,0.05,R,F,1993-10-04,1993-10-29,1993-10-13,COLLECT COD,RAIL,ke furiously furiously unusual requests. b
18215-3,18215,1641,83,3,9.00,13883.76,0.07,0.01,A,F,1994-01-07,1993-11-03,1994-01-20,NONE,MAIL,ns. fluffily even packages use. slyly s
18240-1,18240,1514,95,1,11.00,15570.61,0.01,0.04,N,O,1997-12-10,1998-01-04,1997-12-18,TAKE BACK RETURN,AIR,reach carefully blithely special s
18240-2,18240,1830,31,2,38.00,65809.54,0.02,0.08,N,O,1998-02-15,1998-02-08,1998-02-22,NONE,FOB, requests cajole quickly bravel
18240-3,18240,610,42,3,3.00,4531.83,0.01,0.04,N,O,1998-02-15,1998-02-08,1998-03-17,NONE,FOB,"ickly special excuses. regular, regular acc"
18241-1,18241,1912,1,1,27.00,48975.57,0.10,0.05,A,F,1993-10-02,1993-09-18,1993-10-19,NONE,MAIL," the final ideas. pending, expre"
18241-2,18241,1570,71,2,34.00,50033.38,0.01,0.04,R,F,1993-08-06,1993-09-21,1993-08-28,NONE,RAIL, are. furious
18241-3,18241,1235,36,3,36.00,40904.28,0.08,0.04,R,F,1993-08-11,1993-08-30,1993-08-17,NONE,FOB,g to the slyl
18241-4,18241,1869,99,4,3.00,5312.58,0.04,0.07,R,F,1993-09-27,1993-10-23,1993-10-26,DELIVER IN PERSON,RAIL,ly final instructions sleep quickly acr
18241-5,18241,94,95,5,24.00,23858.16,0.03,0.06,R,F,1993-09-10,1993-10-20,1993-10-10,DELIVER IN PERSON,SHIP,sts. final escapades above the fina
18242-1,18242,407,95,1,39.00,50988.60,0.02,0.08,R,F,1994-11-24,1995-01-09,1994-12-17,DELIVER IN PERSON,AIR,ate slyly carefu
18242-2,18242,1727,28,2,9.00,14658.48,0.00,0.06,A,F,1995-02-28,1994-12-01,1995-03-10,NONE,FOB,kly. furiously ironic re
18242-3,18242,1822,23,3,13.00,22409.66,0.01,0.07,R,F,1994-12-15,1995-01-06,1994-12-17,DELIVER IN PERSON,SHIP,structions are.
18243-1,18243,1319,20,1,28.00,34168.68,0.04,0.00,N,O,1997-08-07,1997-09-23,1997-08-10,TAKE BACK RETURN,SHIP,ng accounts alongside of the quietly e
18243-2,18243,210,11,2,12.00,13322.52,0.00,0.02,N,O,1997-09-20,1997-09-06,1997-10-15,TAKE BACK RETURN,FOB,r packages 
18244-1,18244,1543,44,1,1.00,1444.54,0.06,0.04,N,F,1995-06-08,1995-04-26,1995-07-03,DELIVER IN PERSON,FOB, nod blithely. unus
18244-2,18244,1268,80,2,8.00,9354.08,0.00,0.04,N,F,1995-05-28,1995-04-13,1995-06-19,DELIVER IN PERSON,MAIL,"ts around the express, quick foxes h"
18244-3,18244,966,69,3,10.00,18669.60,0.08,0.06,A,F,1995-04-16,1995-05-03,1995-04-18,DELIVER IN PERSON,MAIL,"unusual ideas. pending, express ac"
18244-4,18244,1773,74,4,6.00,10048.62,0.09,0.03,A,F,1995-04-13,1995-04-04,1995-04-14,DELIVER IN PERSON,TRUCK,pecial Tiresias along t
18244-5,18244,230,31,5,7.00,7911.61,0.06,0.06,R,F,1995-03-18,1995-03-24,1995-03-20,NONE,RAIL,uriously pending inst
18244-6,18244,1580,1,6,36.00,53336.88,0.10,0.02,R,F,1995-04-14,1995-04-11,1995-04-17,DELIVER IN PERSON,SHIP, requests sleep sly
18245-1,18245,1273,85,1,9.00,10568.43,0.02,0.00,R,F,1993-06-26,1993-07-16,1993-07-08,COLLECT COD,RAIL,efully fluffy foxes abou
18245-2,18245,564,25,2,31.00,45401.36,0.10,0.01,R,F,1993-10-02,1993-07-06,1993-10-31,TAKE BACK RETURN,RAIL,le. furiously final ideas after the q
18246-1,18246,1534,15,1,47.00,67469.91,0.04,0.07,N,O,1997-07-20,1997-07-10,1997-07-28,DELIVER IN PERSON,SHIP, fluffily regular depo
18246-2,18246,164,43,2,42.00,44694.72,0.01,0.01,N,O,1997-10-02,1997-08-20,1997-10-27,DELIVER IN PERSON,TRUCK,"ing, even requests cajole quickly after"
18247-1,18247,1815,2,1,45.00,77256.45,0.09,0.08,A,F,1994-11-18,1994-12-21,1994-12-09,NONE,TRUCK, accounts 
18272-1,18272,1211,12,1,15.00,16683.15,0.09,0.07,N,O,1998-09-27,1998-08-21,1998-10-20,NONE,MAIL,into beans. regular instructions c
18272-2,18272,1295,33,2,14.00,16748.06,0.06,0.06,N,O,1998-07-16,1998-08-14,1998-08-10,DELIVER IN PERSON,REG AIR, furiously slyly final requests. regula
18272-3,18272,926,27,3,20.00,36538.40,0.05,0.04,N,O,1998-07-22,1998-07-25,1998-08-14,TAKE BACK RETURN,REG AIR,y final the
18272-4,18272,1297,35,4,26.00,31155.54,0.03,0.00,N,O,1998-08-24,1998-08-17,1998-09-11,NONE,TRUCK,posits. re
18273-1,18273,39,65,1,48.00,45073.44,0.04,0.05,N,O,1995-11-19,1995-12-14,1995-11-27,COLLECT COD,AIR,y silent grouches hag
18273-2,18273,693,56,2,48.00,76497.12,0.02,0.02,N,O,1995-11-22,1995-11-12,1995-12-16,NONE,AIR,y special requests. furiou
18273-3,18273,1882,12,3,8.00,14271.04,0.06,0.03,N,O,1995-12-29,1995-10-27,1996-01-06,NONE,MAIL,ironic accounts cajole
18273-4,18273,1881,11,4,10.00,17828.80,0.01,0.08,N,O,1995-09-22,1995-11-14,1995-10-14,TAKE BACK RETURN,MAIL,inal sheaves 
18273-5,18273,1096,67,5,32.00,31906.88,0.07,0.08,N,O,1995-12-04,1995-11-26,1995-12-26,COLLECT COD,FOB,lly express accounts. furiously iron
18273-6,18273,585,46,6,17.00,25254.86,0.04,0.01,N,O,1996-01-13,1995-12-06,1996-01-14,TAKE BACK RETURN,TRUCK,instructions among the thin
18274-1,18274,1606,7,1,11.00,16583.60,0.08,0.06,R,F,1993-12-09,1993-11-02,1993-12-31,DELIVER IN PERSON,SHIP,y unusual dependencies. quickl
18275-1,18275,888,88,1,5.00,8944.40,0.08,0.07,A,F,1992-02-29,1992-03-04,1992-03-05,COLLECT COD,REG AIR,ccounts of the ironic pinto beans 
18275-2,18275,1235,47,2,41.00,46585.43,0.10,0.07,A,F,1992-04-26,1992-03-11,1992-05-20,NONE,RAIL,never across the r
18275-3,18275,1500,40,3,34.00,47651.00,0.01,0.01,R,F,1992-03-25,1992-02-29,1992-04-02,DELIVER IN PERSON,RAIL,the slyly 
18275-4,18275,778,43,4,7.00,11751.39,0.06,0.05,A,F,1992-02-11,1992-03-03,1992-03-04,NONE,REG AIR,ar pinto beans wak
18275-5,18275,649,81,5,32.00,49588.48,0.10,0.05,A,F,1992-03-10,1992-04-10,1992-03-19,DELIVER IN PERSON,RAIL, careful dependencies accordi
18275-6,18275,261,62,6,41.00,47611.66,0.03,0.08,A,F,1992-03-02,1992-03-17,1992-03-03,NONE,MAIL, sometimes special accounts. blithely
18276-1,18276,1828,15,1,50.00,86491.00,0.04,0.05,N,O,1997-04-12,1997-02-20,1997-04-22,TAKE BACK RETURN,SHIP, enticingly even requests wake eve
18276-2,18276,1425,4,2,36.00,47751.12,0.10,0.08,N,O,1997-01-29,1997-03-27,1997-02-24,NONE,AIR,ccording to the unusual ideas. requests a
18276-3,18276,562,23,3,41.00,59964.96,0.08,0.00,N,O,1997-03-29,1997-03-19,1997-04-21,DELIVER IN PERSON,REG AIR,r requests. carefull
18276-4,18276,1342,43,4,45.00,55950.30,0.01,0.07,N,O,1997-04-05,1997-02-12,1997-04-22,TAKE BACK RETURN,REG AIR,ly final asymptotes. accounts sho
18277-1,18277,1979,12,1,31.00,58310.07,0.05,0.04,N,O,1998-03-24,1998-05-10,1998-04-17,TAKE BACK RETURN,SHIP,en accounts should have to promise.
18277-2,18277,956,57,2,10.00,18569.50,0.02,0.07,N,O,1998-03-12,1998-04-17,1998-03-18,DELIVER IN PERSON,SHIP,re blithely around the packages. packag
18277-3,18277,1943,32,3,7.00,12914.58,0.10,0.03,N,O,1998-04-15,1998-05-21,1998-04-26,DELIVER IN PERSON,TRUCK, carefully special orbits. furiously
18277-4,18277,1096,2,4,27.00,26921.43,0.05,0.04,N,O,1998-06-11,1998-05-06,1998-07-11,NONE,REG AIR,ckly final sentiments at 
18278-1,18278,1329,6,1,29.00,35679.28,0.05,0.03,N,O,1996-06-01,1996-05-18,1996-06-09,NONE,SHIP,c foxes. dolphins acco
18279-1,18279,990,91,1,16.00,30255.84,0.03,0.07,A,F,1994-06-22,1994-04-24,1994-07-10,NONE,FOB,even requests. stealthi
18279-2,18279,1052,58,2,7.00,6671.35,0.07,0.08,R,F,1994-06-18,1994-04-01,1994-06-19,NONE,TRUCK," cajole special, unusual account"
18279-3,18279,269,24,3,31.00,36247.06,0.06,0.03,A,F,1994-05-29,1994-04-25,1994-06-05,NONE,AIR,"ecial, final foxes sl"
18279-4,18279,1790,17,4,14.00,23685.06,0.02,0.02,R,F,1994-05-25,1994-03-30,1994-06-13,COLLECT COD,AIR,nt packages are fluffily against
18279-5,18279,379,64,5,34.00,43498.58,0.03,0.01,R,F,1994-06-21,1994-05-13,1994-07-21,COLLECT COD,REG AIR,fily slyly unusual r
18279-6,18279,1512,13,6,33.00,46645.83,0.03,0.02,A,F,1994-06-26,1994-04-22,1994-07-19,NONE,AIR, ironic ideas solve bl
18304-1,18304,1287,25,1,22.00,26142.16,0.06,0.01,A,F,1992-08-07,1992-09-04,1992-08-20,DELIVER IN PERSON,MAIL,tructions. slyl
18304-2,18304,670,64,2,46.00,72250.82,0.00,0.01,A,F,1992-08-26,1992-08-09,1992-09-17,TAKE BACK RETURN,SHIP,gular deposits. regular forges are f
18304-3,18304,1591,12,3,47.00,70151.73,0.01,0.00,A,F,1992-09-28,1992-08-17,1992-09-29,COLLECT COD,MAIL,l accounts doze quickly above 
18304-4,18304,647,10,4,46.00,71191.44,0.09,0.03,A,F,1992-10-01,1992-08-14,1992-10-14,TAKE BACK RETURN,SHIP,unusual ideas a
18304-5,18304,190,43,5,34.00,37066.46,0.06,0.02,R,F,1992-10-10,1992-09-21,1992-10-15,DELIVER IN PERSON,SHIP,ross the reg
18304-6,18304,1097,3,6,1.00,998.09,0.02,0.08,A,F,1992-09-05,1992-09-08,1992-10-05,COLLECT COD,FOB,affix fluffily ironic deposits-- blithely 
18304-7,18304,85,61,7,35.00,34477.80,0.10,0.08,A,F,1992-09-25,1992-08-11,1992-10-07,NONE,MAIL,"s. unusual, silent foxes abo"
18305-1,18305,389,18,1,9.00,11604.42,0.08,0.04,N,O,1997-11-04,1997-11-02,1997-11-15,COLLECT COD,TRUCK,ructions. ideas after the 
18305-2,18305,1423,63,2,10.00,13244.20,0.09,0.07,N,O,1997-11-30,1997-11-07,1997-12-22,DELIVER IN PERSON,FOB,nstructions
18305-3,18305,1040,76,3,44.00,41405.76,0.04,0.06,N,O,1997-12-06,1997-09-25,1997-12-07,COLLECT COD,SHIP,regular deposits. quickly 
18305-4,18305,1281,56,4,12.00,14187.36,0.00,0.05,N,O,1997-08-23,1997-10-06,1997-09-19,TAKE BACK RETURN,AIR,y against the requests. s
18305-5,18305,1726,11,5,17.00,27671.24,0.10,0.03,N,O,1997-08-28,1997-11-15,1997-09-24,COLLECT COD,RAIL,efully ironic ex
18305-6,18305,937,6,6,5.00,9189.65,0.05,0.07,N,O,1997-10-29,1997-10-10,1997-11-15,COLLECT COD,TRUCK,theodolites cajol
18306-1,18306,571,72,1,9.00,13244.13,0.06,0.05,N,O,1996-08-08,1996-08-26,1996-08-16,DELIVER IN PERSON,TRUCK,posits. express excuses 
18306-2,18306,410,40,2,35.00,45864.35,0.06,0.00,N,O,1996-09-11,1996-08-18,1996-09-22,TAKE BACK RETURN,REG AIR,s are. quickly f
18307-1,18307,1011,17,1,14.00,12768.14,0.09,0.05,R,F,1993-02-11,1993-03-28,1993-02-18,TAKE BACK RETURN,TRUCK,grate slyly sometimes ironic ideas. ironic 
18307-2,18307,1310,87,2,18.00,21803.58,0.01,0.02,R,F,1993-02-27,1993-04-25,1993-03-17,DELIVER IN PERSON,AIR,ges use. furiously 
18307-3,18307,1672,73,3,41.00,64520.47,0.08,0.04,R,F,1993-05-29,1993-05-01,1993-06-26,NONE,AIR,ar requests. eve
18307-4,18307,1391,92,4,36.00,46526.04,0.04,0.04,R,F,1993-02-16,1993-04-16,1993-02-25,TAKE BACK RETURN,FOB,ffily regular theodolites. blithely expre
18307-5,18307,648,80,5,10.00,15486.40,0.01,0.04,A,F,1993-02-07,1993-04-27,1993-02-20,COLLECT COD,RAIL,riously across the ironic deposit
18308-1,18308,110,37,1,7.00,7070.77,0.03,0.05,R,F,1995-01-03,1994-12-16,1995-01-25,NONE,REG AIR,yly unusual deposits.
18308-2,18308,558,59,2,20.00,29171.00,0.03,0.06,A,F,1995-01-27,1994-12-11,1995-02-26,COLLECT COD,AIR,fter the special excuses wake 
18308-3,18308,1456,35,3,1.00,1357.45,0.06,0.04,A,F,1995-01-02,1994-12-10,1995-01-31,TAKE BACK RETURN,AIR,s the furiously sly requests. quic
18308-4,18308,1747,32,4,10.00,16487.40,0.06,0.06,A,F,1994-10-15,1994-12-17,1994-10-16,COLLECT COD,SHIP,riously final pac
18308-5,18308,197,98,5,48.00,52665.12,0.01,0.07,A,F,1995-01-13,1994-12-19,1995-01-25,COLLECT COD,RAIL,unts sleep despite the unusual 
18308-6,18308,1588,29,6,32.00,47666.56,0.06,0.06,R,F,1994-10-22,1994-12-08,1994-11-13,TAKE BACK RETURN,MAIL, the bold depende
18308-7,18308,527,28,7,46.00,65665.92,0.10,0.02,A,F,1994-12-02,1994-12-15,1994-12-03,NONE,MAIL,al platelets. blithely expr
18309-1,18309,1633,57,1,3.00,4603.89,0.04,0.00,N,O,1996-03-01,1996-04-05,1996-03-18,NONE,REG AIR,uctions. ruthlessly ironic deposits poach a
18309-2,18309,1168,5,2,45.00,48112.20,0.05,0.04,N,O,1996-05-31,1996-03-30,1996-06-27,TAKE BACK RETURN,SHIP,"jole. bold, even asymptotes c"
18310-1,18310,798,99,1,2.00,3397.58,0.05,0.05,R,F,1993-09-04,1993-08-12,1993-09-13,COLLECT COD,SHIP,ly ironic packa
18311-1,18311,293,21,1,29.00,34605.41,0.03,0.01,N,O,1998-03-22,1998-04-27,1998-04-15,NONE,RAIL,ccounts are alon
18311-2,18311,59,60,2,18.00,17262.90,0.08,0.03,N,O,1998-06-08,1998-04-27,1998-07-01,NONE,AIR,pinto beans. slyly express pinto
18311-3,18311,1583,84,3,39.00,57898.62,0.10,0.08,N,O,1998-04-30,1998-05-08,1998-05-11,TAKE BACK RETURN,AIR,around the in
18311-4,18311,1177,78,4,28.00,30188.76,0.04,0.02,N,O,1998-03-21,1998-06-07,1998-04-15,COLLECT COD,SHIP,xpress instructions serve bli
18336-1,18336,1286,61,1,49.00,58176.72,0.09,0.04,A,F,1994-04-28,1994-06-29,1994-04-29,TAKE BACK RETURN,SHIP,es sleep furiously. fur
18336-2,18336,458,17,2,8.00,10867.60,0.08,0.00,A,F,1994-06-07,1994-07-07,1994-06-27,NONE,MAIL,fully slyly bold deposits. furiously regul
18336-3,18336,1082,83,3,48.00,47187.84,0.09,0.06,A,F,1994-07-25,1994-06-23,1994-08-17,NONE,TRUCK,oxes cajole among the silen
18336-4,18336,1130,67,4,34.00,35058.42,0.08,0.05,A,F,1994-05-09,1994-07-22,1994-05-12,TAKE BACK RETURN,AIR,egular packages. iron
18336-5,18336,36,12,5,9.00,8424.27,0.08,0.06,R,F,1994-07-07,1994-06-30,1994-07-22,NONE,AIR,ss the slyly even requests. thinly expr
18336-6,18336,1078,79,6,4.00,3916.28,0.04,0.05,R,F,1994-08-18,1994-07-10,1994-08-21,COLLECT COD,RAIL,thely bold ideas haggle 
18337-1,18337,1871,72,1,14.00,24820.18,0.04,0.08,A,F,1994-03-05,1994-05-07,1994-03-07,TAKE BACK RETURN,FOB, are quickly into the furio
18337-2,18337,14,90,2,16.00,14624.16,0.01,0.01,A,F,1994-05-01,1994-03-28,1994-05-31,TAKE BACK RETURN,SHIP,equests impress carefully. ironi
18337-3,18337,128,7,3,16.00,16449.92,0.00,0.00,R,F,1994-04-02,1994-04-16,1994-04-13,COLLECT COD,REG AIR,nt courts against the regularly
18337-4,18337,1909,54,4,13.00,23541.70,0.03,0.03,R,F,1994-04-22,1994-04-22,1994-05-15,TAKE BACK RETURN,AIR,ays cajole; blithely exp
18338-1,18338,1870,71,1,47.00,83277.89,0.03,0.05,A,F,1994-06-01,1994-07-31,1994-06-10,DELIVER IN PERSON,AIR,egrate according to the 
18338-2,18338,1753,54,2,17.00,28130.75,0.05,0.05,A,F,1994-07-11,1994-07-31,1994-07-22,NONE,SHIP,ffily final requests
18338-3,18338,1802,32,3,21.00,35779.80,0.04,0.05,A,F,1994-07-12,1994-08-08,1994-08-05,DELIVER IN PERSON,REG AIR,enly furiously expr
18338-4,18338,1220,58,4,5.00,5606.10,0.10,0.07,R,F,1994-07-30,1994-07-04,1994-08-04,COLLECT COD,TRUCK, slyly around the bold dep
18338-5,18338,558,89,5,36.00,52507.80,0.05,0.00,A,F,1994-08-14,1994-07-20,1994-08-26,TAKE BACK RETURN,SHIP,posits hang 
18338-6,18338,534,65,6,29.00,41601.37,0.01,0.02,A,F,1994-08-20,1994-07-24,1994-09-11,NONE,AIR,uickly bold requests c
18339-1,18339,1177,78,1,35.00,37735.95,0.09,0.03,N,O,1998-03-01,1998-01-09,1998-03-20,COLLECT COD,TRUCK,g the doggedly final ac
18339-2,18339,1173,82,2,18.00,19335.06,0.02,0.02,N,O,1998-02-10,1997-12-19,1998-02-25,DELIVER IN PERSON,MAIL,f the account
18340-1,18340,634,97,1,38.00,58315.94,0.00,0.02,N,O,1995-08-25,1995-09-12,1995-09-07,TAKE BACK RETURN,MAIL,yers use q
18340-2,18340,1827,71,2,47.00,81254.54,0.08,0.04,N,O,1995-09-22,1995-09-14,1995-10-19,NONE,REG AIR,aggle fluffily even dependenci
18340-3,18340,1150,51,3,8.00,8409.20,0.07,0.02,N,O,1995-07-14,1995-08-06,1995-07-28,COLLECT COD,TRUCK,y ironic packages. foxes wake enticingly
18340-4,18340,1503,44,4,15.00,21067.50,0.09,0.06,N,O,1995-09-11,1995-08-04,1995-09-20,COLLECT COD,AIR,es boost fluffily d
18340-5,18340,987,56,5,40.00,75519.20,0.03,0.00,N,O,1995-07-22,1995-09-10,1995-07-27,TAKE BACK RETURN,REG AIR,re quickly about the blithely e
18341-1,18341,1189,90,1,48.00,52328.64,0.04,0.04,R,F,1993-09-08,1993-08-20,1993-09-15,DELIVER IN PERSON,SHIP,ounts. fluffily express packages are c
18342-1,18342,454,84,1,35.00,47405.75,0.07,0.05,N,O,1997-03-06,1997-02-14,1997-03-08,DELIVER IN PERSON,TRUCK,ronic instructions b
18342-2,18342,94,45,2,39.00,38769.51,0.10,0.06,N,O,1996-12-13,1996-12-22,1997-01-02,DELIVER IN PERSON,AIR,arefully silent accounts. express accoun
18342-3,18342,101,54,3,14.00,14015.40,0.04,0.00,N,O,1997-02-13,1997-01-21,1997-03-13,DELIVER IN PERSON,SHIP,dolites. reque
18342-4,18342,327,84,4,30.00,36819.60,0.07,0.04,N,O,1997-02-11,1997-02-11,1997-02-16,DELIVER IN PERSON,MAIL, foxes: quickly ironic deposits across
18342-5,18342,1955,100,5,20.00,37139.00,0.01,0.06,N,O,1997-01-11,1997-01-10,1997-01-21,TAKE BACK RETURN,FOB,s. ideas are after the quic
18342-6,18342,550,51,6,3.00,4351.65,0.06,0.00,N,O,1997-02-10,1997-02-04,1997-02-24,COLLECT COD,REG AIR,"gular, pending requests. carefully r"
18342-7,18342,232,60,7,9.00,10190.07,0.06,0.02,N,O,1996-12-12,1997-01-26,1996-12-17,COLLECT COD,AIR,fully final packages sleep carefully thin
18343-1,18343,1650,74,1,8.00,12413.20,0.10,0.01,N,O,1998-07-17,1998-06-22,1998-08-03,DELIVER IN PERSON,AIR,ly ironic 
18368-1,18368,955,24,1,13.00,24127.35,0.07,0.04,A,F,1993-03-06,1993-03-01,1993-03-30,TAKE BACK RETURN,TRUCK,es cajole fluffily final
18368-2,18368,225,80,2,7.00,7876.54,0.10,0.03,A,F,1992-12-27,1993-02-26,1993-01-21,COLLECT COD,RAIL,tes are furiously reg
18368-3,18368,758,91,3,16.00,26540.00,0.06,0.02,A,F,1993-03-15,1993-01-02,1993-04-12,NONE,AIR,thely against the
18368-4,18368,1302,79,4,14.00,16846.20,0.05,0.02,R,F,1993-02-01,1993-02-08,1993-02-28,DELIVER IN PERSON,FOB,slyly special packages use slyly 
18369-1,18369,912,15,1,2.00,3625.82,0.04,0.02,N,O,1998-04-25,1998-04-26,1998-05-25,TAKE BACK RETURN,REG AIR,blithely. bold theodolite
18369-2,18369,1375,52,2,32.00,40843.84,0.01,0.02,N,O,1998-03-06,1998-03-19,1998-03-19,DELIVER IN PERSON,RAIL,oost according to the ste
18370-1,18370,568,99,1,6.00,8811.36,0.07,0.05,A,F,1995-04-25,1995-03-07,1995-05-22,DELIVER IN PERSON,FOB,ake quickly. regular
18370-2,18370,1235,73,2,3.00,3408.69,0.06,0.04,R,F,1995-03-20,1995-03-22,1995-04-01,TAKE BACK RETURN,MAIL,efully even attainments. ev
18370-3,18370,763,28,3,39.00,64886.64,0.00,0.08,A,F,1995-03-12,1995-04-05,1995-03-24,NONE,REG AIR,ending instructions sle
18370-4,18370,1567,48,4,35.00,51399.60,0.02,0.01,R,F,1995-03-11,1995-03-13,1995-03-12,DELIVER IN PERSON,TRUCK,s wake furiously special theodolites.
18371-1,18371,1723,66,1,27.00,43867.44,0.06,0.02,R,F,1994-11-28,1994-12-11,1994-12-07,NONE,MAIL,sly pending a
18372-1,18372,1122,95,1,15.00,15346.80,0.03,0.03,N,O,1995-12-17,1996-01-02,1996-01-10,NONE,FOB,"nding, express packages wake abo"
18372-2,18372,1723,50,2,40.00,64988.80,0.01,0.06,N,O,1996-02-09,1996-01-15,1996-02-18,COLLECT COD,REG AIR,hrough the carefully regu
18372-3,18372,1564,65,3,38.00,55691.28,0.05,0.01,N,O,1996-01-01,1995-11-23,1996-01-20,NONE,SHIP,sly. requests after the blithely sp
18373-1,18373,1190,63,1,7.00,7638.33,0.05,0.03,A,F,1992-08-10,1992-07-05,1992-08-23,TAKE BACK RETURN,REG AIR,uriously pe
18374-1,18374,234,35,1,15.00,17013.45,0.01,0.07,R,F,1992-11-20,1992-11-20,1992-12-19,COLLECT COD,TRUCK,requests. bold accounts doubt slyly 
18374-2,18374,1328,67,2,26.00,31962.32,0.02,0.07,R,F,1993-01-12,1992-11-30,1993-01-17,TAKE BACK RETURN,FOB,nal pinto beans.
18374-3,18374,240,22,3,49.00,55871.76,0.05,0.05,R,F,1992-10-19,1992-12-19,1992-10-29,NONE,AIR, nag carefully special 
18374-4,18374,1137,46,4,27.00,28029.51,0.05,0.06,A,F,1993-01-24,1992-11-09,1993-02-08,NONE,TRUCK,ctions. final asymptotes detect quickl
18374-5,18374,30,6,5,8.00,7440.24,0.09,0.00,A,F,1993-01-03,1992-12-17,1993-02-01,DELIVER IN PERSON,MAIL,above the blith
18375-1,18375,768,69,1,11.00,18356.36,0.00,0.04,N,O,1995-11-01,1995-12-14,1995-11-26,TAKE BACK RETURN,FOB,arthogs. quickly 
18375-2,18375,1847,77,2,28.00,48967.52,0.10,0.03,N,O,1995-11-09,1995-11-25,1995-11-22,COLLECT COD,REG AIR,refully blithely spec
18375-3,18375,1158,95,3,7.00,7414.05,0.07,0.00,N,O,1995-09-30,1995-12-10,1995-10-09,DELIVER IN PERSON,FOB,"gular, special dolphins"
18375-4,18375,1339,40,4,24.00,29767.92,0.05,0.04,N,O,1995-10-04,1995-11-21,1995-10-18,COLLECT COD,SHIP,ly silent packages. furiously pending a
18375-5,18375,157,84,5,42.00,44400.30,0.10,0.03,N,O,1995-11-03,1995-12-12,1995-11-19,NONE,MAIL,ously slow requests past the exp
18400-1,18400,430,89,1,40.00,53217.20,0.07,0.07,N,O,1995-12-14,1996-02-17,1996-01-01,DELIVER IN PERSON,SHIP,ely express
18400-2,18400,812,46,2,43.00,73650.83,0.03,0.05,N,O,1996-03-05,1996-01-29,1996-03-16,NONE,AIR, deposits cajole regular 
18401-1,18401,126,79,1,23.00,23600.76,0.01,0.00,N,O,1996-10-23,1996-11-27,1996-10-25,NONE,FOB,ong the theodolit
18401-2,18401,468,98,2,38.00,52001.48,0.05,0.05,N,O,1996-12-06,1996-12-24,1996-12-15,DELIVER IN PERSON,REG AIR,te. ironic packages nag care
18402-1,18402,989,92,1,47.00,88829.06,0.06,0.02,R,F,1994-12-18,1994-10-23,1995-01-16,NONE,MAIL,osits. carefully bold deposits
18402-2,18402,497,85,2,15.00,20962.35,0.01,0.05,R,F,1994-10-15,1994-10-19,1994-10-17,NONE,RAIL,ests. quickly bold requests shall ha
18402-3,18402,1904,49,3,46.00,83071.40,0.03,0.07,R,F,1994-11-30,1994-11-01,1994-12-12,DELIVER IN PERSON,TRUCK,refully alongside o
18402-4,18402,1321,22,4,41.00,50115.12,0.06,0.08,R,F,1994-10-16,1994-11-25,1994-11-01,TAKE BACK RETURN,AIR,sly pending dinos nag permanently. exp
18402-5,18402,414,44,5,24.00,31545.84,0.08,0.01,A,F,1994-12-10,1994-10-17,1994-12-25,DELIVER IN PERSON,MAIL,-ray slyly. furiously final packages use 
18403-1,18403,659,91,1,30.00,46789.50,0.08,0.04,N,O,1996-12-18,1997-01-21,1997-01-07,COLLECT COD,TRUCK,ep furiously carefully
18403-2,18403,1514,95,2,22.00,31141.22,0.10,0.01,N,O,1996-11-28,1997-01-13,1996-12-22,COLLECT COD,MAIL,carefully. bl
18403-3,18403,1099,100,3,5.00,5000.45,0.01,0.05,N,O,1997-01-22,1996-12-27,1997-01-26,DELIVER IN PERSON,SHIP, asymptotes nag c
18404-1,18404,1072,8,1,10.00,9730.70,0.06,0.08,N,O,1998-06-07,1998-06-01,1998-06-23,DELIVER IN PERSON,FOB, to the ironic 
18404-2,18404,420,21,2,25.00,33010.50,0.07,0.02,N,O,1998-05-28,1998-06-24,1998-06-07,DELIVER IN PERSON,AIR,y regular theodolites haggle 
18405-1,18405,1618,42,1,3.00,4558.83,0.00,0.08,R,F,1994-01-11,1994-03-24,1994-02-05,TAKE BACK RETURN,SHIP,doggedly furiously final platelets. q
18405-2,18405,29,80,2,43.00,39947.86,0.02,0.06,R,F,1994-02-09,1994-02-27,1994-02-26,COLLECT COD,SHIP,n requests. stealthily ironic i
18405-3,18405,1959,48,3,37.00,68855.15,0.10,0.00,A,F,1994-03-21,1994-03-04,1994-03-23,TAKE BACK RETURN,MAIL, to are ruthlessly. blithely
18405-4,18405,1477,17,4,37.00,51003.39,0.04,0.00,A,F,1994-04-15,1994-04-06,1994-04-21,NONE,SHIP,xes cajole slyly 
18405-5,18405,664,27,5,15.00,23469.90,0.07,0.01,R,F,1994-03-12,1994-02-13,1994-03-21,NONE,MAIL,elets. blit
18406-1,18406,1379,94,1,26.00,33289.62,0.00,0.05,A,F,1994-05-18,1994-07-12,1994-05-19,NONE,RAIL,ual accounts c
18406-2,18406,189,90,2,35.00,38121.30,0.00,0.01,A,F,1994-06-30,1994-06-15,1994-07-25,DELIVER IN PERSON,SHIP,", final theodolite"
18407-1,18407,156,83,1,6.00,6336.90,0.09,0.06,A,F,1992-12-24,1992-12-26,1993-01-10,COLLECT COD,RAIL,sy packages across the final ins
18407-2,18407,1071,42,2,21.00,20413.47,0.05,0.00,A,F,1993-02-02,1992-11-27,1993-02-27,NONE,SHIP,l accounts wak
18432-1,18432,223,5,1,36.00,40435.92,0.00,0.06,A,F,1995-04-01,1995-05-19,1995-04-14,TAKE BACK RETURN,FOB,ven theodolites are fluffily. f
18432-2,18432,1385,86,2,28.00,36018.64,0.08,0.02,A,F,1995-04-14,1995-05-24,1995-05-11,DELIVER IN PERSON,SHIP,y regular theodolites haggle. instruc
18432-3,18432,1805,6,3,35.00,59738.00,0.08,0.00,R,F,1995-04-22,1995-05-27,1995-05-04,DELIVER IN PERSON,REG AIR,long the brave theodolites. b
18432-4,18432,1770,71,4,24.00,40122.48,0.05,0.05,R,F,1995-04-10,1995-05-15,1995-05-01,COLLECT COD,RAIL,lly ironic pinto beans
18432-5,18432,1508,9,5,40.00,56380.00,0.09,0.06,A,F,1995-05-01,1995-04-19,1995-05-03,NONE,SHIP,accounts grow along the carefully s
18432-6,18432,161,62,6,19.00,20162.04,0.05,0.06,N,F,1995-06-15,1995-05-04,1995-07-14,NONE,MAIL,sily around the s
18433-1,18433,906,75,1,27.00,48786.30,0.06,0.05,N,O,1998-05-01,1998-06-10,1998-05-04,COLLECT COD,SHIP,"he regular deposits. unusual, regular"
18433-2,18433,75,76,2,15.00,14626.05,0.09,0.04,N,O,1998-07-30,1998-06-23,1998-08-28,COLLECT COD,MAIL,ular courts. carefu
18433-3,18433,976,79,3,23.00,43170.31,0.05,0.05,N,O,1998-06-02,1998-06-10,1998-06-13,TAKE BACK RETURN,RAIL,s mold along the 
18433-4,18433,144,23,4,24.00,25059.36,0.05,0.04,N,O,1998-08-03,1998-06-10,1998-08-27,DELIVER IN PERSON,FOB, instructions cajole dog
18434-1,18434,1524,45,1,37.00,52744.24,0.09,0.01,N,O,1997-10-09,1997-08-13,1997-10-23,NONE,AIR,sual deposits
18434-2,18434,897,31,2,40.00,71915.60,0.05,0.08,N,O,1997-09-04,1997-08-11,1997-09-15,COLLECT COD,TRUCK,foxes x-ray fluffily about the deposits.
18434-3,18434,762,95,3,8.00,13302.08,0.07,0.00,N,O,1997-07-17,1997-09-12,1997-07-25,DELIVER IN PERSON,SHIP,quick deposit
18435-1,18435,613,76,1,10.00,15136.10,0.06,0.08,N,O,1996-07-07,1996-05-07,1996-07-09,DELIVER IN PERSON,MAIL,ckages? carefully ironic ac
18435-2,18435,1266,41,2,50.00,58363.00,0.07,0.00,N,O,1996-03-30,1996-06-04,1996-04-28,TAKE BACK RETURN,AIR,"ross the ironic, express packages. reg"
18435-3,18435,971,40,3,31.00,58031.07,0.05,0.01,N,O,1996-03-17,1996-05-02,1996-03-23,TAKE BACK RETURN,AIR,at the platelets. accounts ca
18435-4,18435,465,24,4,41.00,55983.86,0.04,0.05,N,O,1996-03-24,1996-05-10,1996-04-21,COLLECT COD,SHIP,mptotes wake fu
18436-1,18436,1646,47,1,36.00,55715.04,0.04,0.04,N,O,1996-03-15,1996-02-16,1996-04-07,TAKE BACK RETURN,SHIP,"of the unusual, pending"
18436-2,18436,1479,58,2,37.00,51077.39,0.00,0.03,N,O,1996-01-20,1996-02-04,1996-01-31,COLLECT COD,RAIL,ual ideas haggle about the even ide
18436-3,18436,1206,18,3,45.00,49824.00,0.09,0.07,N,O,1995-12-17,1996-01-30,1996-01-08,DELIVER IN PERSON,RAIL, blithely final instructions. furiously 
18437-1,18437,1199,100,1,31.00,34105.89,0.09,0.01,A,F,1994-07-25,1994-06-28,1994-08-24,TAKE BACK RETURN,FOB,counts haggle ex
18438-1,18438,1881,11,1,41.00,73098.08,0.08,0.08,N,O,1996-08-10,1996-10-04,1996-08-20,DELIVER IN PERSON,MAIL,e blithely ironic accounts. platelets are.
18438-2,18438,1222,23,2,49.00,55037.78,0.01,0.07,N,O,1996-08-15,1996-10-12,1996-09-07,COLLECT COD,REG AIR,sits wake evenly among the quickly expre
18438-3,18438,61,87,3,11.00,10571.66,0.09,0.00,N,O,1996-09-17,1996-10-23,1996-10-05,TAKE BACK RETURN,TRUCK,ounts sleep. even asymptotes abo
18438-4,18438,1133,70,4,49.00,50672.37,0.05,0.08,N,O,1996-09-25,1996-10-14,1996-10-09,DELIVER IN PERSON,MAIL,"d, special p"
18438-5,18438,1361,76,5,27.00,34083.72,0.03,0.00,N,O,1996-09-12,1996-10-23,1996-09-22,TAKE BACK RETURN,MAIL,ts. idly unusual requests boost slyly 
18438-6,18438,568,99,6,29.00,42588.24,0.08,0.01,N,O,1996-11-10,1996-09-24,1996-11-11,TAKE BACK RETURN,AIR,pecial accounts sleep blithely. slyly
18439-1,18439,1702,29,1,49.00,78581.30,0.01,0.08,N,O,1998-09-01,1998-08-25,1998-09-04,NONE,SHIP,leep deposits: pinto beans detect carefu
18439-2,18439,1470,10,2,48.00,65830.56,0.08,0.04,N,O,1998-10-04,1998-07-30,1998-10-18,TAKE BACK RETURN,FOB,he quickly even packages. ideas
18439-3,18439,1369,8,3,31.00,39381.16,0.08,0.05,N,O,1998-07-13,1998-08-02,1998-07-24,TAKE BACK RETURN,REG AIR,g packages haggle caref
18439-4,18439,279,34,4,25.00,29481.75,0.10,0.05,N,O,1998-09-18,1998-07-15,1998-10-14,TAKE BACK RETURN,AIR,yly pending requests s
18439-5,18439,823,90,5,5.00,8619.10,0.08,0.02,N,O,1998-07-25,1998-08-20,1998-08-08,TAKE BACK RETURN,AIR,y regular patterns. furiously final foxes 
18439-6,18439,633,34,6,17.00,26071.71,0.00,0.04,N,O,1998-06-19,1998-07-08,1998-07-12,TAKE BACK RETURN,TRUCK,t the fluffily unu
18464-1,18464,1894,24,1,2.00,3591.78,0.02,0.07,R,F,1992-07-06,1992-06-11,1992-07-21,DELIVER IN PERSON,MAIL,"efully regular orbits wake. express, exp"
18464-2,18464,154,81,2,19.00,20028.85,0.04,0.04,A,F,1992-03-31,1992-05-28,1992-04-09,NONE,RAIL,jole above the blit
18464-3,18464,1022,23,3,22.00,20306.44,0.05,0.08,A,F,1992-04-30,1992-05-04,1992-05-16,COLLECT COD,FOB,ng theodolites cajo
18464-4,18464,1077,13,4,3.00,2934.21,0.05,0.08,R,F,1992-05-03,1992-06-05,1992-05-19,TAKE BACK RETURN,RAIL,al deposits 
18464-5,18464,608,2,5,49.00,73921.40,0.08,0.07,R,F,1992-06-04,1992-06-20,1992-06-23,NONE,FOB, ironic warhorses integrate. even packages
18464-6,18464,1626,9,6,1.00,1527.62,0.02,0.05,A,F,1992-07-17,1992-06-27,1992-08-09,NONE,TRUCK,packages. furiou
18464-7,18464,718,83,7,18.00,29136.78,0.04,0.06,R,F,1992-04-20,1992-05-31,1992-04-28,DELIVER IN PERSON,MAIL,requests by the idly ironic ins
18465-1,18465,1670,71,1,4.00,6286.68,0.10,0.07,A,F,1993-06-13,1993-07-02,1993-06-18,TAKE BACK RETURN,TRUCK,kly express theodolites wake. blithely quic
18465-2,18465,1986,31,2,29.00,54751.42,0.04,0.03,R,F,1993-04-24,1993-05-31,1993-04-28,TAKE BACK RETURN,SHIP,ecial foxes wa
18465-3,18465,418,6,3,28.00,36915.48,0.03,0.05,A,F,1993-08-08,1993-06-23,1993-08-16,COLLECT COD,SHIP,ate final asymptotes. slyly iron
18465-4,18465,751,52,4,4.00,6607.00,0.01,0.05,A,F,1993-07-12,1993-07-08,1993-08-10,DELIVER IN PERSON,REG AIR,"cajole. final, regul"
18465-5,18465,1984,17,5,20.00,37719.60,0.07,0.00,R,F,1993-05-07,1993-07-10,1993-05-20,NONE,REG AIR,ng to the fluffily ironic courts 
18465-6,18465,244,26,6,43.00,49202.32,0.09,0.06,R,F,1993-07-17,1993-07-01,1993-08-15,DELIVER IN PERSON,MAIL, about the slyly bold theodolites. theo
18465-7,18465,147,48,7,11.00,11518.54,0.07,0.03,A,F,1993-04-29,1993-05-25,1993-05-27,NONE,FOB,thogs. blithely silent d
18466-1,18466,230,85,1,1.00,1130.23,0.04,0.06,R,F,1992-07-21,1992-07-13,1992-08-15,TAKE BACK RETURN,REG AIR,dolites haggle slyly bold packages. regul
18466-2,18466,1004,40,2,28.00,25340.00,0.00,0.04,A,F,1992-09-15,1992-07-07,1992-09-30,TAKE BACK RETURN,MAIL,"old, final"
18466-3,18466,237,92,3,34.00,38665.82,0.03,0.01,A,F,1992-08-05,1992-08-13,1992-09-02,NONE,FOB,nts boost blit
18466-4,18466,622,54,4,9.00,13703.58,0.03,0.00,R,F,1992-05-27,1992-07-31,1992-06-03,DELIVER IN PERSON,RAIL,luffily alongside of the idly regular pack
18466-5,18466,1164,73,5,28.00,29824.48,0.02,0.08,R,F,1992-07-09,1992-07-28,1992-07-23,COLLECT COD,MAIL,inal account
18466-6,18466,947,48,6,48.00,88701.12,0.03,0.07,R,F,1992-08-15,1992-07-24,1992-08-29,NONE,REG AIR,ns sublate blithely above the slyly eve
18467-1,18467,76,2,1,12.00,11712.84,0.08,0.03,A,F,1993-01-23,1993-01-10,1993-02-03,NONE,SHIP, blithely even accounts do
18468-1,18468,311,12,1,35.00,42395.85,0.06,0.02,A,F,1994-03-14,1994-02-24,1994-04-07,NONE,RAIL,e furiously ironic dependen
18468-2,18468,1548,49,2,20.00,28990.80,0.03,0.04,R,F,1994-02-27,1994-02-13,1994-02-28,NONE,SHIP,kages; slyly blithe foxes
18468-3,18468,768,65,3,9.00,15018.84,0.07,0.06,R,F,1994-03-20,1994-01-25,1994-03-21,NONE,TRUCK,"ual, express instru"
18468-4,18468,24,50,4,14.00,12936.28,0.10,0.08,A,F,1994-02-28,1994-02-16,1994-03-19,COLLECT COD,TRUCK,egrate about the 
18468-5,18468,714,11,5,16.00,25835.36,0.08,0.03,A,F,1994-03-10,1994-01-22,1994-04-05,NONE,FOB,xpress deposits boost steal
18469-1,18469,678,10,1,11.00,17365.37,0.04,0.06,N,O,1998-09-01,1998-08-07,1998-09-16,COLLECT COD,MAIL,kly even accounts. s
18469-2,18469,187,66,2,32.00,34789.76,0.05,0.03,N,O,1998-08-12,1998-07-31,1998-08-24,COLLECT COD,REG AIR,y furious 
18469-3,18469,97,48,3,21.00,20938.89,0.05,0.06,N,O,1998-07-10,1998-09-12,1998-07-31,DELIVER IN PERSON,AIR,te slyly around the blithely final
18469-4,18469,1689,72,4,12.00,19088.16,0.08,0.02,N,O,1998-07-14,1998-09-12,1998-07-22,TAKE BACK RETURN,SHIP,its. busily express deposits boos
18469-5,18469,1974,63,5,38.00,71286.86,0.09,0.07,N,O,1998-09-20,1998-09-18,1998-09-25,TAKE BACK RETURN,REG AIR,ites. slyly ironic
18470-1,18470,379,80,1,3.00,3838.11,0.10,0.00,N,O,1998-06-27,1998-06-17,1998-07-19,NONE,AIR,ickly regular deposits. pinto 
18470-2,18470,1156,93,2,31.00,32771.65,0.05,0.02,N,O,1998-07-02,1998-05-24,1998-07-10,DELIVER IN PERSON,REG AIR,r deposits use. slyly ironic dept
18470-3,18470,734,35,3,37.00,60485.01,0.03,0.02,N,O,1998-04-03,1998-04-30,1998-04-04,COLLECT COD,FOB,sly against the pinto beans. blithely 
18470-4,18470,1776,77,4,10.00,16777.70,0.01,0.01,N,O,1998-04-07,1998-06-18,1998-04-27,DELIVER IN PERSON,FOB,yly ironic packag
18471-1,18471,1360,75,1,23.00,29011.28,0.10,0.06,R,F,1994-03-24,1994-05-02,1994-03-28,NONE,AIR, the furiously 
18471-2,18471,1899,86,2,12.00,21610.68,0.02,0.06,R,F,1994-03-08,1994-05-08,1994-03-21,COLLECT COD,REG AIR,e regular packages. 
18471-3,18471,963,64,3,38.00,70830.48,0.08,0.07,A,F,1994-05-16,1994-04-05,1994-05-27,COLLECT COD,MAIL,dly express deposits. carefully sp
18471-4,18471,1607,49,4,41.00,61852.60,0.00,0.00,R,F,1994-05-11,1994-04-14,1994-06-01,COLLECT COD,MAIL,. quickly bold deposits use furiously. bli
18471-5,18471,337,38,5,34.00,42069.22,0.07,0.04,R,F,1994-03-22,1994-04-01,1994-03-30,COLLECT COD,FOB,boost blithely. quickly expres
18471-6,18471,372,1,6,14.00,17813.18,0.10,0.05,R,F,1994-03-09,1994-05-20,1994-03-14,NONE,FOB,y instructions. final
18496-1,18496,696,97,1,47.00,75044.43,0.06,0.04,A,F,1994-07-24,1994-06-16,1994-08-23,COLLECT COD,MAIL,deposits. 
18496-2,18496,802,36,2,19.00,32353.20,0.00,0.08,R,F,1994-08-20,1994-07-20,1994-09-09,DELIVER IN PERSON,FOB,"bold pinto beans. even, even se"
18496-3,18496,350,7,3,2.00,2500.70,0.06,0.04,R,F,1994-07-15,1994-07-12,1994-07-23,DELIVER IN PERSON,MAIL,ess foxes kindle against the slyly final 
18496-4,18496,1426,66,4,30.00,39822.60,0.07,0.04,R,F,1994-08-29,1994-07-11,1994-09-06,NONE,TRUCK,nt accounts de
18497-1,18497,1122,23,1,11.00,11254.32,0.07,0.02,N,O,1997-08-26,1997-07-30,1997-09-13,NONE,TRUCK,ously always express acco
18497-2,18497,794,27,2,28.00,47454.12,0.01,0.01,N,O,1997-08-15,1997-07-28,1997-09-10,NONE,TRUCK,s after the even foxes ha
18498-1,18498,1274,49,1,43.00,50536.61,0.03,0.03,N,O,1996-12-18,1996-12-19,1996-12-23,NONE,TRUCK,"ly. silent, pending pinto bean"
18498-2,18498,188,89,2,12.00,13058.16,0.04,0.06,N,O,1997-02-27,1997-01-15,1997-03-05,COLLECT COD,RAIL,ake carefully again
18498-3,18498,1731,58,3,14.00,22858.22,0.10,0.04,N,O,1997-03-09,1997-01-18,1997-03-21,DELIVER IN PERSON,MAIL, final requests cajole carefully across 
18498-4,18498,491,79,4,15.00,20872.35,0.01,0.00,N,O,1997-01-12,1997-01-26,1997-01-15,TAKE BACK RETURN,AIR,ingly even decoys use slyly across the 
18498-5,18498,862,62,5,4.00,7051.44,0.03,0.05,N,O,1996-11-21,1997-02-07,1996-11-29,NONE,TRUCK,y unusual packages wa
18498-6,18498,29,80,6,21.00,19509.42,0.07,0.05,N,O,1997-01-02,1996-12-20,1997-01-17,COLLECT COD,REG AIR,ly. special accounts cajole furiously a
18498-7,18498,542,73,7,4.00,5770.16,0.00,0.01,N,O,1996-12-03,1997-01-16,1996-12-11,DELIVER IN PERSON,TRUCK,dolphins. furiously express asymptotes 
18499-1,18499,576,77,1,35.00,51679.95,0.10,0.06,N,O,1997-09-24,1997-08-12,1997-10-11,COLLECT COD,TRUCK,ckly ironic platel
18499-2,18499,246,28,2,27.00,30948.48,0.02,0.08,N,O,1997-09-12,1997-08-05,1997-10-07,DELIVER IN PERSON,MAIL,"lar, unusual requests haggle furiously "
18500-1,18500,746,43,1,2.00,3293.48,0.10,0.01,A,F,1992-03-07,1992-03-29,1992-03-17,DELIVER IN PERSON,REG AIR,uffily agains
18500-2,18500,735,68,2,45.00,73607.85,0.07,0.04,A,F,1992-02-14,1992-04-09,1992-03-04,DELIVER IN PERSON,REG AIR,s are slyly bold packages. final requests c
18500-3,18500,1644,86,3,7.00,10819.48,0.05,0.03,A,F,1992-06-07,1992-04-07,1992-06-30,TAKE BACK RETURN,AIR," special dolphins nag! ironic, unusual pack"
18500-4,18500,1858,45,4,45.00,79193.25,0.05,0.05,R,F,1992-03-23,1992-03-29,1992-04-13,COLLECT COD,FOB,egular ideas integrate fu
18500-5,18500,916,19,5,5.00,9084.55,0.08,0.01,R,F,1992-04-07,1992-03-27,1992-04-17,DELIVER IN PERSON,TRUCK,thely express packages. 
18501-1,18501,1663,46,1,33.00,51633.78,0.07,0.03,N,O,1997-01-11,1997-01-27,1997-01-26,COLLECT COD,MAIL,ithely after
18502-1,18502,223,78,1,48.00,53914.56,0.05,0.05,N,O,1997-04-10,1997-03-23,1997-04-23,NONE,MAIL,ent packages. requests thrash above
18502-2,18502,1517,38,2,40.00,56740.40,0.08,0.06,N,O,1997-03-22,1997-03-23,1997-04-18,NONE,FOB,ts use daringly final acco
18502-3,18502,312,97,3,8.00,9698.48,0.03,0.01,N,O,1997-04-02,1997-04-22,1997-04-05,NONE,TRUCK,"al, even deposits "
18503-1,18503,1709,36,1,38.00,61206.60,0.09,0.01,R,F,1995-05-19,1995-06-26,1995-06-16,NONE,TRUCK,ly even packages af
18503-2,18503,1010,46,2,27.00,24597.27,0.01,0.05,N,O,1995-06-19,1995-07-29,1995-06-20,DELIVER IN PERSON,SHIP,riously. carefully final
18503-3,18503,889,90,3,16.00,28638.08,0.03,0.03,N,O,1995-06-26,1995-06-26,1995-07-10,TAKE BACK RETURN,AIR,ial deposits unwin
18503-4,18503,1684,26,4,18.00,28542.24,0.10,0.00,N,O,1995-07-06,1995-07-06,1995-07-24,TAKE BACK RETURN,SHIP,haggle fluffily
18503-5,18503,1566,7,5,39.00,57234.84,0.04,0.03,N,F,1995-06-07,1995-07-18,1995-07-07,DELIVER IN PERSON,RAIL, along the blithely final requests. fox
18503-6,18503,611,43,6,50.00,75580.50,0.08,0.08,N,O,1995-07-03,1995-06-25,1995-07-31,COLLECT COD,FOB,he fluffily bold reque
18528-1,18528,890,57,1,1.00,1790.89,0.04,0.03,N,F,1995-06-15,1995-07-30,1995-07-11,DELIVER IN PERSON,FOB,cies are acc
18528-2,18528,277,59,2,30.00,35318.10,0.05,0.02,R,F,1995-05-30,1995-07-17,1995-06-07,COLLECT COD,FOB,luffily unu
18528-3,18528,1811,41,3,42.00,71938.02,0.07,0.04,R,F,1995-05-06,1995-07-23,1995-05-21,TAKE BACK RETURN,SHIP,re blithely. fina
18528-4,18528,1669,11,4,47.00,73821.02,0.09,0.00,N,F,1995-06-13,1995-07-07,1995-07-04,COLLECT COD,REG AIR,ges nag carefully pinto beans
18528-5,18528,1773,74,5,4.00,6699.08,0.06,0.03,N,O,1995-07-13,1995-06-14,1995-07-31,DELIVER IN PERSON,AIR,ular pains are along the pendin
18528-6,18528,1848,92,6,31.00,54245.04,0.10,0.05,N,F,1995-06-05,1995-06-07,1995-07-02,DELIVER IN PERSON,SHIP,l requests wake bli
18529-1,18529,1585,86,1,38.00,56490.04,0.02,0.00,N,O,1996-12-16,1996-11-11,1997-01-15,NONE,RAIL,y bold deposits alongside of the 
18530-1,18530,1886,30,1,35.00,62575.80,0.02,0.00,R,F,1995-01-18,1995-02-20,1995-02-11,TAKE BACK RETURN,TRUCK,press ideas boost
18530-2,18530,1233,34,2,35.00,39698.05,0.01,0.07,R,F,1995-01-27,1995-02-18,1995-02-03,DELIVER IN PERSON,MAIL,nstructions affix blithely carefully
18530-3,18530,71,97,3,8.00,7768.56,0.02,0.03,R,F,1995-01-15,1995-02-18,1995-01-19,DELIVER IN PERSON,FOB,e after the carefully final accounts! fi
18531-1,18531,1257,69,1,46.00,53279.50,0.07,0.02,R,F,1992-12-13,1993-01-02,1993-01-08,NONE,TRUCK,ter the special theodolites. slyly ir
18532-1,18532,255,10,1,34.00,39278.50,0.04,0.00,N,O,1996-01-26,1995-12-01,1996-02-23,TAKE BACK RETURN,REG AIR,xpress instruct
18532-2,18532,317,18,2,50.00,60865.50,0.02,0.04,N,O,1995-12-13,1996-01-08,1996-01-07,DELIVER IN PERSON,SHIP, carefully exp
18532-3,18532,1691,92,3,44.00,70078.36,0.01,0.03,N,O,1995-12-02,1996-01-03,1995-12-24,COLLECT COD,SHIP,jole carefully even dugouts
18532-4,18532,225,7,4,32.00,36007.04,0.07,0.06,N,O,1996-02-01,1995-11-24,1996-02-14,NONE,AIR,ents. packages wake fluffily
18532-5,18532,875,9,5,4.00,7103.48,0.04,0.03,N,O,1996-01-09,1996-01-11,1996-01-27,NONE,SHIP, quick pinto be
18533-1,18533,1468,86,1,14.00,19172.44,0.08,0.00,R,F,1994-12-03,1995-01-28,1994-12-07,DELIVER IN PERSON,MAIL,gular deposi
18533-2,18533,1888,89,2,31.00,55486.28,0.01,0.06,A,F,1995-01-20,1994-12-27,1995-02-03,NONE,MAIL,ent accoun
18533-3,18533,1390,5,3,43.00,55529.77,0.01,0.00,A,F,1994-11-16,1995-01-13,1994-12-05,DELIVER IN PERSON,TRUCK,r accounts among the slyly
18534-1,18534,951,54,1,45.00,83337.75,0.01,0.00,N,O,1996-04-03,1996-02-20,1996-05-02,TAKE BACK RETURN,RAIL,"l, final ideas. slyly exp"
18535-1,18535,593,54,1,17.00,25391.03,0.06,0.00,N,O,1996-09-21,1996-10-10,1996-10-18,DELIVER IN PERSON,FOB,ments haggle quickly blithely
18535-2,18535,775,72,2,32.00,53624.64,0.09,0.05,N,O,1996-08-14,1996-10-11,1996-09-03,TAKE BACK RETURN,TRUCK,uffily blithely ironic 
18560-1,18560,13,14,1,44.00,40172.44,0.06,0.01,A,F,1993-11-09,1993-10-06,1993-11-11,DELIVER IN PERSON,AIR, blithely regular reque
18560-2,18560,1255,30,2,14.00,16187.50,0.08,0.08,A,F,1993-09-24,1993-11-01,1993-10-16,NONE,RAIL,inal foxes about the pinto beans 
18561-1,18561,1210,22,1,47.00,52226.87,0.04,0.03,A,F,1994-03-06,1994-04-03,1994-03-26,NONE,RAIL,ar deposits. express dolphins run accor
18561-2,18561,870,70,2,32.00,56667.84,0.00,0.03,A,F,1994-03-30,1994-03-16,1994-04-27,COLLECT COD,MAIL,s. carefully ironic instructions integrat
18561-3,18561,374,59,3,15.00,19115.55,0.00,0.08,A,F,1994-02-03,1994-02-22,1994-03-05,COLLECT COD,REG AIR, slyly pending accoun
18561-4,18561,1579,100,4,24.00,35533.68,0.03,0.01,A,F,1994-02-19,1994-03-15,1994-03-21,TAKE BACK RETURN,FOB,ent packages integrate carefull
18561-5,18561,796,93,5,8.00,13574.32,0.01,0.04,A,F,1994-03-24,1994-03-14,1994-04-11,TAKE BACK RETURN,REG AIR,cording to the blithely fin
18561-6,18561,56,7,6,29.00,27725.45,0.00,0.00,R,F,1994-02-16,1994-03-23,1994-02-21,COLLECT COD,RAIL, theodolites along the 
18561-7,18561,11,37,7,8.00,7288.08,0.10,0.03,R,F,1994-04-26,1994-02-12,1994-05-20,DELIVER IN PERSON,REG AIR,lly final accounts dete
18562-1,18562,453,83,1,7.00,9474.15,0.00,0.00,N,O,1996-03-17,1996-02-22,1996-03-29,DELIVER IN PERSON,TRUCK,ly. slyly fina
18562-2,18562,370,27,2,4.00,5081.48,0.02,0.07,N,O,1996-02-12,1996-02-08,1996-02-22,NONE,AIR,refully unusual accounts. ironic foxes 
18562-3,18562,231,13,3,2.00,2262.46,0.05,0.00,N,O,1996-04-17,1996-02-07,1996-05-06,DELIVER IN PERSON,AIR,"ly along the bold, final decoys. deposits"
18562-4,18562,43,44,4,27.00,25462.08,0.03,0.02,N,O,1996-02-23,1996-01-25,1996-03-08,TAKE BACK RETURN,FOB,; bold theodolites wake. 
18562-5,18562,1140,41,5,13.00,13534.82,0.01,0.01,N,O,1995-12-25,1996-03-13,1996-01-22,COLLECT COD,AIR,"y bold, ironic theodolites. slyly re"
18562-6,18562,163,16,6,19.00,20200.04,0.06,0.06,N,O,1995-12-31,1996-02-26,1996-01-10,COLLECT COD,TRUCK,y final deposi
18562-7,18562,933,2,7,1.00,1833.93,0.00,0.05,N,O,1996-03-21,1996-03-11,1996-03-25,COLLECT COD,MAIL,ches are. slyly permanent i
18563-1,18563,721,54,1,18.00,29190.96,0.09,0.01,N,O,1996-11-18,1996-12-10,1996-12-08,NONE,SHIP,lyly regular fret
18563-2,18563,482,83,2,26.00,35944.48,0.03,0.03,N,O,1996-12-31,1996-11-03,1997-01-16,NONE,MAIL,ch. quickly sp
18563-3,18563,309,38,3,1.00,1209.30,0.07,0.04,N,O,1996-11-06,1996-12-22,1996-12-05,COLLECT COD,AIR, use quickly regular foxes. 
18563-4,18563,920,21,4,49.00,89225.08,0.04,0.08,N,O,1997-01-04,1996-12-31,1997-02-01,NONE,MAIL,en pinto beans cajol
18564-1,18564,1864,65,1,39.00,68868.54,0.01,0.03,N,O,1996-06-07,1996-06-15,1996-07-01,TAKE BACK RETURN,AIR,ckages run. silent requests doubt al
18564-2,18564,589,90,2,10.00,14895.80,0.01,0.08,N,O,1996-04-22,1996-06-16,1996-05-07,TAKE BACK RETURN,MAIL,y pending packages sle
18564-3,18564,809,10,3,33.00,56423.40,0.04,0.03,N,O,1996-04-02,1996-06-12,1996-04-24,NONE,MAIL, blithely 
18564-4,18564,182,61,4,47.00,50862.46,0.07,0.05,N,O,1996-03-25,1996-05-03,1996-04-12,COLLECT COD,SHIP,ss pinto beans. care
18565-1,18565,87,38,1,11.00,10857.88,0.07,0.05,R,F,1993-01-04,1993-01-01,1993-01-26,TAKE BACK RETURN,TRUCK,"express packages. blithe, bold requ"
18565-2,18565,478,8,2,37.00,51003.39,0.07,0.01,R,F,1993-01-09,1993-01-02,1993-02-04,COLLECT COD,SHIP,as boost fluffily final pearls. slyly sly e
18566-1,18566,655,18,1,23.00,35779.95,0.08,0.00,N,O,1996-10-26,1996-09-01,1996-11-05,COLLECT COD,AIR,s? blithely final accounts 
18566-2,18566,1367,44,2,10.00,12683.60,0.07,0.01,N,O,1996-08-05,1996-10-05,1996-08-11,TAKE BACK RETURN,SHIP, accounts. regularl
18566-3,18566,1850,51,3,46.00,80585.10,0.03,0.06,N,O,1996-10-13,1996-09-27,1996-11-01,TAKE BACK RETURN,AIR,s. furiously even dependencies use 
18567-1,18567,1588,9,1,10.00,14895.80,0.10,0.06,N,O,1997-03-03,1997-04-19,1997-03-25,TAKE BACK RETURN,RAIL,ays ironic pinto beans haggle qui
18567-2,18567,328,57,2,17.00,20881.44,0.09,0.03,N,O,1997-05-08,1997-03-15,1997-06-03,NONE,MAIL,ckages. slyly final requ
18567-3,18567,634,28,3,3.00,4603.89,0.01,0.00,N,O,1997-04-09,1997-05-06,1997-04-21,COLLECT COD,MAIL,ly ironic deposits. furiously ironic d
18567-4,18567,800,33,4,14.00,23811.20,0.02,0.04,N,O,1997-05-30,1997-03-28,1997-06-07,NONE,FOB,aggle: ironic deposits boost. furiously s
18567-5,18567,1991,92,5,3.00,5678.97,0.06,0.05,N,O,1997-02-20,1997-04-14,1997-03-15,COLLECT COD,MAIL, regular instructions. quickly fina
18567-6,18567,938,73,6,1.00,1838.93,0.06,0.03,N,O,1997-03-18,1997-04-08,1997-03-23,NONE,FOB,thely specia
18592-1,18592,828,95,1,38.00,65695.16,0.02,0.01,A,F,1992-12-15,1992-11-05,1993-01-03,TAKE BACK RETURN,REG AIR, fluffily after the blithely bold depend
18592-2,18592,998,1,2,39.00,74060.61,0.08,0.02,A,F,1992-11-11,1992-11-18,1992-11-14,NONE,RAIL,kages across the care
18592-3,18592,1017,18,3,10.00,9180.10,0.05,0.03,R,F,1992-11-07,1992-11-21,1992-12-01,COLLECT COD,RAIL,ic requests. theodolites haggle furi
18592-4,18592,1682,24,4,6.00,9502.08,0.10,0.00,A,F,1992-12-12,1992-12-22,1992-12-25,NONE,TRUCK,y slyly final deposits. furio
18592-5,18592,52,28,5,40.00,38082.00,0.08,0.06,R,F,1992-11-28,1992-12-02,1992-12-22,DELIVER IN PERSON,FOB, final asymptotes. bold t
18592-6,18592,1707,50,6,3.00,4826.10,0.09,0.07,A,F,1993-01-30,1992-12-22,1993-02-28,DELIVER IN PERSON,FOB,"n deposits-- regular, final packages "
18593-1,18593,1114,15,1,8.00,8120.88,0.10,0.08,N,O,1995-10-21,1995-12-05,1995-11-01,COLLECT COD,RAIL,s. fluffily bold wate
18593-2,18593,972,41,2,21.00,39332.37,0.08,0.06,N,O,1996-01-13,1995-10-23,1996-02-12,NONE,SHIP,sly even requests cajole against the s
18593-3,18593,1149,22,3,45.00,47256.30,0.00,0.06,N,O,1995-11-12,1995-11-20,1995-11-29,DELIVER IN PERSON,AIR," requests sleep furiously regular, sly"
18593-4,18593,1143,16,4,37.00,38633.18,0.06,0.06,N,O,1996-01-17,1995-10-28,1996-02-02,COLLECT COD,SHIP, wake slyly around the slyly bold a
18593-5,18593,1412,91,5,49.00,64357.09,0.01,0.06,N,O,1996-01-12,1995-12-08,1996-02-03,NONE,REG AIR,ts use slyly 
18593-6,18593,890,90,6,27.00,48354.03,0.05,0.01,N,O,1995-11-12,1995-11-06,1995-11-13,TAKE BACK RETURN,MAIL,y ironic packages. blithely final
18594-1,18594,114,67,1,50.00,50705.50,0.09,0.01,N,O,1998-01-29,1998-02-26,1998-02-13,TAKE BACK RETURN,AIR,gle slyly carefully permanent multipli
18594-2,18594,1315,16,2,34.00,41354.54,0.04,0.07,N,O,1998-02-04,1998-02-10,1998-02-19,NONE,MAIL,nic instructions haggle blithely
18594-3,18594,1328,67,3,45.00,55319.40,0.02,0.04,N,O,1998-04-01,1998-02-16,1998-05-01,DELIVER IN PERSON,MAIL,ly above the final foxes. carefu
18595-1,18595,374,59,1,25.00,31859.25,0.00,0.01,R,F,1994-05-20,1994-03-30,1994-06-07,NONE,SHIP,nts affix carefully. carefully ironic accou
18595-2,18595,1863,7,2,18.00,31767.48,0.09,0.08,R,F,1994-03-01,1994-03-03,1994-03-10,COLLECT COD,REG AIR,requests. carefully ev
18595-3,18595,1301,40,3,2.00,2404.60,0.07,0.03,A,F,1994-05-26,1994-03-04,1994-06-03,NONE,MAIL,counts sleep behin
18595-4,18595,1277,89,4,29.00,34169.83,0.01,0.03,A,F,1994-03-26,1994-04-27,1994-03-30,NONE,MAIL,ts! fluffily 
18595-5,18595,1153,90,5,5.00,5270.75,0.08,0.04,A,F,1994-04-25,1994-04-18,1994-05-15,NONE,SHIP,ys around the special excuses nag a
18595-6,18595,615,16,6,20.00,30312.20,0.09,0.02,R,F,1994-02-20,1994-03-16,1994-02-24,TAKE BACK RETURN,FOB,deposits! furiously ruthless
18595-7,18595,1381,20,7,18.00,23082.84,0.04,0.05,R,F,1994-02-22,1994-04-30,1994-03-03,NONE,FOB, furiously even deposit
18596-1,18596,168,47,1,24.00,25635.84,0.05,0.07,R,F,1992-11-04,1992-12-18,1992-11-23,TAKE BACK RETURN,MAIL,lithely iron
18596-2,18596,582,83,2,27.00,40029.66,0.06,0.01,A,F,1992-11-03,1992-11-13,1992-11-04,DELIVER IN PERSON,TRUCK,"ss the even, careful deposits sleep fluffi"
18596-3,18596,1228,66,3,48.00,54202.56,0.07,0.02,A,F,1992-11-04,1992-12-17,1992-11-11,NONE,TRUCK,s. accounts are furiously c
18596-4,18596,704,1,4,10.00,16047.00,0.01,0.07,A,F,1992-11-23,1992-12-10,1992-12-07,COLLECT COD,REG AIR,leep furio
18596-5,18596,949,84,5,42.00,77697.48,0.04,0.01,A,F,1992-10-15,1992-11-05,1992-11-06,TAKE BACK RETURN,REG AIR,". ironic, ironic accounts integrate acc"
18596-6,18596,299,54,6,10.00,11992.90,0.09,0.00,A,F,1992-11-03,1992-12-14,1992-12-01,COLLECT COD,AIR,sly even ideas. ste
18597-1,18597,273,1,1,17.00,19945.59,0.05,0.00,A,F,1993-10-03,1993-12-09,1993-10-19,COLLECT COD,RAIL,ly. fluffily special accounts sl
18597-2,18597,560,21,2,34.00,49659.04,0.10,0.00,R,F,1993-12-29,1993-11-20,1994-01-20,DELIVER IN PERSON,SHIP,gularly final theodolites promise 
18597-3,18597,1062,98,3,10.00,9630.60,0.03,0.02,R,F,1993-10-27,1993-11-27,1993-11-11,TAKE BACK RETURN,FOB,"kages-- express, final request"
18597-4,18597,1992,81,4,35.00,66289.65,0.01,0.04,R,F,1993-12-06,1993-11-15,1993-12-16,COLLECT COD,TRUCK,nts boost quickly against the express ide
18597-5,18597,1829,73,5,42.00,72694.44,0.01,0.01,R,F,1993-12-10,1993-11-19,1993-12-15,DELIVER IN PERSON,MAIL,unusual excuses. caref
18597-6,18597,231,86,6,50.00,56561.50,0.00,0.08,A,F,1993-12-01,1993-12-24,1993-12-13,NONE,SHIP,regular packages. careful
18598-1,18598,1570,11,1,34.00,50033.38,0.01,0.01,A,F,1993-12-04,1993-10-15,1993-12-09,DELIVER IN PERSON,TRUCK,regular theodolites at the b
18598-2,18598,557,18,2,9.00,13117.95,0.10,0.00,A,F,1993-09-30,1993-10-31,1993-10-08,NONE,RAIL,ctions haggle above the pe
18598-3,18598,605,68,3,47.00,70763.20,0.09,0.00,A,F,1993-10-22,1993-10-15,1993-11-10,COLLECT COD,AIR,ns boost. carefully ironic pack
18598-4,18598,1526,67,4,12.00,17130.24,0.10,0.03,A,F,1993-09-27,1993-10-14,1993-10-03,COLLECT COD,FOB,gular accoun
18598-5,18598,1789,32,5,3.00,5072.34,0.08,0.06,R,F,1993-10-14,1993-11-01,1993-10-26,DELIVER IN PERSON,MAIL,efully ironic acco
18599-1,18599,265,93,1,4.00,4661.04,0.10,0.05,R,F,1994-06-05,1994-06-15,1994-06-06,TAKE BACK RETURN,TRUCK,symptotes haggle fluffily after th
18599-2,18599,799,64,2,1.00,1699.79,0.05,0.04,A,F,1994-07-16,1994-04-27,1994-08-06,TAKE BACK RETURN,TRUCK,into beans sleep regularly fluffil
18599-3,18599,1556,77,3,12.00,17490.60,0.09,0.05,R,F,1994-07-10,1994-05-10,1994-07-11,DELIVER IN PERSON,MAIL,egrate aro
18599-4,18599,1944,33,4,10.00,18459.40,0.00,0.01,A,F,1994-03-27,1994-05-01,1994-04-04,TAKE BACK RETURN,AIR,theodolites cajole outside the qui
18599-5,18599,808,75,5,31.00,52972.80,0.03,0.02,A,F,1994-07-19,1994-05-25,1994-07-30,TAKE BACK RETURN,FOB,ic theodolites. furiously busy pin
18599-6,18599,502,33,6,41.00,57502.50,0.02,0.02,R,F,1994-03-27,1994-06-14,1994-04-15,DELIVER IN PERSON,FOB, excuses haggle sly
18624-1,18624,451,10,1,45.00,60815.25,0.04,0.00,N,O,1995-08-01,1995-09-06,1995-08-25,COLLECT COD,REG AIR,s. slyly even platelets 
18624-2,18624,607,39,2,29.00,43720.40,0.03,0.03,N,O,1995-08-17,1995-10-05,1995-09-16,DELIVER IN PERSON,RAIL,und the furiously bold foxes cajol
18624-3,18624,1975,8,3,39.00,73201.83,0.05,0.02,N,O,1995-10-09,1995-10-09,1995-10-13,TAKE BACK RETURN,MAIL,gainst the accounts? pinto b
18624-4,18624,755,56,4,21.00,34770.75,0.04,0.02,N,O,1995-08-13,1995-10-13,1995-08-30,DELIVER IN PERSON,SHIP,s haggle carefully. blithely f
18624-5,18624,453,83,5,19.00,25715.55,0.04,0.08,N,O,1995-09-22,1995-09-12,1995-10-16,TAKE BACK RETURN,MAIL,eep furiously according to
18625-1,18625,784,85,1,7.00,11793.46,0.01,0.08,R,F,1992-01-26,1992-02-28,1992-02-08,NONE,RAIL,n furiously packages.
18625-2,18625,1979,24,2,47.00,88405.59,0.04,0.08,R,F,1992-01-29,1992-02-20,1992-02-23,DELIVER IN PERSON,AIR,. furiously ironic f
18625-3,18625,575,66,3,7.00,10328.99,0.03,0.07,R,F,1992-03-17,1992-03-06,1992-04-06,DELIVER IN PERSON,RAIL,osits wake blithely tit
18625-4,18625,887,21,4,26.00,46484.88,0.10,0.06,A,F,1992-03-08,1992-04-03,1992-03-13,DELIVER IN PERSON,REG AIR,"unts wake against the ironic,"
18625-5,18625,1733,60,5,10.00,16347.30,0.09,0.02,A,F,1992-03-08,1992-03-03,1992-03-20,COLLECT COD,REG AIR,le blithely again
18625-6,18625,467,97,6,45.00,61535.70,0.00,0.08,R,F,1992-03-17,1992-04-03,1992-04-04,NONE,FOB,eas after the carefully 
18625-7,18625,1377,78,7,32.00,40907.84,0.03,0.07,R,F,1992-03-20,1992-02-07,1992-04-01,COLLECT COD,AIR, regular accounts are quickly al
18626-1,18626,1491,9,1,31.00,43167.19,0.02,0.00,R,F,1994-06-05,1994-05-06,1994-06-25,COLLECT COD,RAIL,alongside of the blithe pinto beans. bl
18626-2,18626,475,34,2,32.00,44015.04,0.04,0.05,A,F,1994-04-01,1994-05-17,1994-04-12,NONE,RAIL,ely pending deposits. blithely iro
18626-3,18626,601,64,3,35.00,52556.00,0.01,0.00,R,F,1994-06-12,1994-04-05,1994-06-14,DELIVER IN PERSON,TRUCK,ccounts will have to hang furiously
18626-4,18626,44,70,4,2.00,1888.08,0.10,0.08,A,F,1994-05-14,1994-03-25,1994-06-12,DELIVER IN PERSON,SHIP,ages around the 
18627-1,18627,1195,68,1,36.00,39462.84,0.00,0.06,R,F,1994-03-21,1994-03-10,1994-03-30,COLLECT COD,RAIL,ajole furiously above the slyly spe
18627-2,18627,771,72,2,48.00,80244.96,0.00,0.03,A,F,1994-04-08,1994-03-19,1994-04-12,COLLECT COD,REG AIR,haggle. carefully
18627-3,18627,1884,14,3,12.00,21430.56,0.07,0.04,R,F,1994-02-11,1994-01-28,1994-03-05,TAKE BACK RETURN,TRUCK,uests accordi
18628-1,18628,1054,55,1,30.00,28651.50,0.01,0.08,A,F,1992-10-01,1992-10-23,1992-10-18,DELIVER IN PERSON,SHIP,yly regular platelets at the carefully t
18629-1,18629,687,19,1,36.00,57156.48,0.07,0.06,A,F,1994-12-18,1994-12-11,1994-12-22,DELIVER IN PERSON,SHIP,slyly besides the slyly silent 
18629-2,18629,84,85,2,48.00,47235.84,0.08,0.08,A,F,1994-11-16,1995-01-25,1994-11-28,COLLECT COD,FOB,eve carefully. deposits across th
18629-3,18629,1778,21,3,2.00,3359.54,0.06,0.05,R,F,1995-02-27,1994-12-08,1995-03-11,COLLECT COD,FOB, packages. furiously final requests b
18629-4,18629,813,47,4,24.00,41131.44,0.02,0.07,R,F,1995-02-05,1995-01-19,1995-02-14,TAKE BACK RETURN,REG AIR, deposits. warhorses a
18629-5,18629,1271,9,5,4.00,4689.08,0.03,0.00,R,F,1994-11-04,1995-01-27,1994-11-29,COLLECT COD,AIR,ptotes. fluffil
18630-1,18630,1495,74,1,1.00,1396.49,0.01,0.01,N,O,1997-12-23,1998-03-03,1998-01-11,NONE,AIR,rhorses boost. regular 
18630-2,18630,1019,55,2,34.00,31280.34,0.10,0.05,N,O,1998-02-12,1998-01-30,1998-02-25,TAKE BACK RETURN,TRUCK,"gular, special pac"
18630-3,18630,429,59,3,9.00,11964.78,0.07,0.05,N,O,1998-03-26,1998-03-07,1998-04-05,NONE,MAIL,"xpress foxes. final, regul"
18631-1,18631,311,96,1,19.00,23014.89,0.02,0.03,N,O,1995-10-06,1995-12-12,1995-10-30,NONE,AIR,xcuses boost furiously final packag
18656-1,18656,962,65,1,37.00,68929.52,0.04,0.06,N,O,1998-09-28,1998-08-12,1998-10-14,COLLECT COD,FOB,furiously bold accounts doubt slyly regular
18656-2,18656,829,96,2,19.00,32866.58,0.07,0.07,N,O,1998-08-15,1998-09-27,1998-09-05,DELIVER IN PERSON,SHIP,o beans among the instructio
18657-1,18657,1750,93,1,24.00,39642.00,0.03,0.05,N,O,1997-05-04,1997-05-11,1997-05-24,DELIVER IN PERSON,AIR,ly dogged pinto beans
18657-2,18657,1483,23,2,50.00,69224.00,0.05,0.08,N,O,1997-06-09,1997-04-02,1997-06-14,DELIVER IN PERSON,AIR,fully bold deposits. bold pa
18657-3,18657,1119,56,3,25.00,25502.75,0.09,0.04,N,O,1997-03-09,1997-03-17,1997-03-13,TAKE BACK RETURN,SHIP,"gle furiously above the ironic, "
18657-4,18657,1211,23,4,20.00,22244.20,0.08,0.04,N,O,1997-05-19,1997-04-23,1997-06-13,NONE,SHIP,ully ironic dependencie
18657-5,18657,692,93,5,43.00,68485.67,0.04,0.01,N,O,1997-04-08,1997-04-17,1997-04-13,DELIVER IN PERSON,TRUCK,e furiously fi
18657-6,18657,884,18,6,1.00,1784.88,0.10,0.05,N,O,1997-02-27,1997-03-20,1997-03-17,DELIVER IN PERSON,AIR, packages against the even req
18658-1,18658,91,67,1,21.00,20812.89,0.05,0.04,N,O,1997-05-15,1997-06-13,1997-05-24,TAKE BACK RETURN,MAIL,deposits. regular packages use pendin
18658-2,18658,131,10,2,39.00,40214.07,0.01,0.05,N,O,1997-06-18,1997-07-17,1997-06-23,TAKE BACK RETURN,AIR,s sleep furiously alongside of the pe
18658-3,18658,314,43,3,16.00,19428.96,0.06,0.03,N,O,1997-07-04,1997-07-05,1997-07-08,NONE,TRUCK,are theodolit
18658-4,18658,451,81,4,40.00,54058.00,0.00,0.00,N,O,1997-07-02,1997-06-29,1997-07-04,COLLECT COD,RAIL,osits. even
18658-5,18658,330,59,5,23.00,28297.59,0.09,0.07,N,O,1997-06-07,1997-07-12,1997-06-19,COLLECT COD,MAIL,ons. quickly regular grouch
18658-6,18658,286,87,6,36.00,42706.08,0.00,0.05,N,O,1997-06-16,1997-07-01,1997-06-17,COLLECT COD,SHIP,ial deposits cajole furiously. blithely si
18658-7,18658,1352,67,7,12.00,15040.20,0.08,0.02,N,O,1997-06-20,1997-07-08,1997-07-05,TAKE BACK RETURN,AIR,e blithely qui
18659-1,18659,339,68,1,40.00,49573.20,0.03,0.00,N,O,1996-05-17,1996-04-24,1996-05-18,COLLECT COD,REG AIR,fily silent asymptotes against 
18659-2,18659,874,74,2,23.00,40822.01,0.10,0.01,N,O,1996-05-13,1996-04-29,1996-06-07,NONE,MAIL,platelets. carefully regular
18659-3,18659,932,67,3,44.00,80648.92,0.09,0.05,N,O,1996-03-14,1996-05-13,1996-03-28,TAKE BACK RETURN,RAIL,tructions after the finally unusua
18660-1,18660,1336,75,1,37.00,45781.21,0.10,0.08,N,O,1998-02-07,1998-04-06,1998-02-16,TAKE BACK RETURN,RAIL,eath the deposits. regularly unus
18660-2,18660,1545,86,2,42.00,60754.68,0.10,0.07,N,O,1998-02-22,1998-04-14,1998-03-01,DELIVER IN PERSON,AIR,express foxes al
18660-3,18660,907,8,3,28.00,50621.20,0.00,0.06,N,O,1998-04-17,1998-03-18,1998-05-17,TAKE BACK RETURN,SHIP,. carefully iron
18660-4,18660,1983,84,4,18.00,33929.64,0.06,0.04,N,O,1998-04-11,1998-04-13,1998-04-23,TAKE BACK RETURN,MAIL,ideas. quickly pe
18660-5,18660,98,74,5,30.00,29942.70,0.08,0.00,N,O,1998-04-14,1998-04-25,1998-04-27,DELIVER IN PERSON,AIR,ven asymptotes abo
18660-6,18660,900,100,6,25.00,45022.50,0.03,0.02,N,O,1998-05-11,1998-03-31,1998-05-14,NONE,TRUCK,ously pack
18661-1,18661,1029,35,1,4.00,3720.08,0.06,0.08,A,F,1992-09-15,1992-10-22,1992-10-03,NONE,TRUCK,ealms detect carefully furio
18661-2,18661,230,12,2,8.00,9041.84,0.09,0.00,A,F,1992-11-03,1992-12-05,1992-11-30,TAKE BACK RETURN,FOB,"express, pending platelet"
18661-3,18661,507,38,3,3.00,4222.50,0.09,0.03,A,F,1992-11-01,1992-11-25,1992-11-18,DELIVER IN PERSON,FOB,lithely ironic deposits are fu
18662-1,18662,326,11,1,34.00,41694.88,0.02,0.00,N,O,1996-05-22,1996-05-17,1996-06-18,NONE,FOB,accounts. quickly daring waters 
18663-1,18663,143,22,1,12.00,12517.68,0.05,0.01,N,O,1995-09-03,1995-08-26,1995-09-25,TAKE BACK RETURN,FOB,instructions wake. regular package
18663-2,18663,1980,81,2,4.00,7527.92,0.10,0.03,N,O,1995-11-03,1995-10-03,1995-11-11,COLLECT COD,REG AIR, accounts. regular packages w
18663-3,18663,86,87,3,36.00,35498.88,0.07,0.05,N,O,1995-07-31,1995-08-18,1995-08-04,COLLECT COD,SHIP,"ss dinos alongside of the ironic, bold "
18663-4,18663,643,75,4,43.00,66376.52,0.00,0.07,N,O,1995-08-13,1995-08-26,1995-08-16,DELIVER IN PERSON,TRUCK,thely ironic deposits wake after the
18663-5,18663,559,90,5,30.00,43786.50,0.07,0.00,N,O,1995-09-02,1995-08-25,1995-09-23,TAKE BACK RETURN,SHIP,furiously unusual platelets haggle c
18663-6,18663,344,1,6,25.00,31108.50,0.01,0.05,N,O,1995-08-19,1995-09-23,1995-08-26,TAKE BACK RETURN,TRUCK,"the ironic, final pearls affix above the"
18663-7,18663,607,70,7,24.00,36182.40,0.04,0.07,N,O,1995-08-06,1995-09-12,1995-08-09,COLLECT COD,SHIP, furiously across
18688-1,18688,815,49,1,41.00,70348.21,0.07,0.05,R,F,1995-03-08,1995-04-20,1995-03-10,DELIVER IN PERSON,MAIL,sits. slyly unusual req
18688-2,18688,868,2,2,48.00,84905.28,0.05,0.01,A,F,1995-03-29,1995-04-28,1995-04-14,TAKE BACK RETURN,MAIL,lithely final requests. 
18688-3,18688,1568,9,3,10.00,14695.60,0.06,0.00,N,O,1995-06-25,1995-04-12,1995-07-23,DELIVER IN PERSON,FOB,ckages. carefully unusual
18688-4,18688,1232,44,4,15.00,16998.45,0.10,0.01,A,F,1995-03-27,1995-05-20,1995-04-22,DELIVER IN PERSON,REG AIR,tions boost 
18688-5,18688,1229,67,5,20.00,22604.40,0.00,0.04,A,F,1995-03-15,1995-04-11,1995-03-21,COLLECT COD,TRUCK,"ss requests at the unusual, pending"
18688-6,18688,1968,1,6,28.00,52358.88,0.07,0.04,R,F,1995-05-18,1995-04-08,1995-06-15,TAKE BACK RETURN,MAIL,cial pinto beans affix slyly. sile
18688-7,18688,1043,79,7,20.00,18880.80,0.00,0.03,R,F,1995-05-21,1995-05-04,1995-06-12,TAKE BACK RETURN,AIR,ironic requests are furiou
18689-1,18689,27,28,1,35.00,32445.70,0.03,0.00,R,F,1995-02-14,1995-03-10,1995-03-14,COLLECT COD,FOB,lyly unusual warhorses around the fluffil
18689-2,18689,633,27,2,35.00,53677.05,0.08,0.06,R,F,1994-12-30,1995-01-29,1995-01-25,COLLECT COD,MAIL,ges. blithely final plat
18689-3,18689,199,26,3,40.00,43967.60,0.08,0.03,A,F,1994-12-28,1995-03-01,1995-01-07,TAKE BACK RETURN,TRUCK,deas near the brave foxes s
18689-4,18689,1230,5,4,40.00,45249.20,0.04,0.06,R,F,1995-02-28,1995-03-18,1995-03-12,NONE,AIR,al theodolites. even p
18689-5,18689,1589,10,5,38.00,56642.04,0.07,0.05,R,F,1995-03-06,1995-02-06,1995-03-20,TAKE BACK RETURN,TRUCK,ng the slyly ironic dolphins. specia
18689-6,18689,215,70,6,31.00,34571.51,0.07,0.03,A,F,1994-12-28,1995-02-08,1995-01-25,COLLECT COD,FOB,its integra
18690-1,18690,1826,13,1,36.00,62201.52,0.03,0.07,N,O,1997-10-06,1997-11-06,1997-10-31,TAKE BACK RETURN,AIR,es. final reque
18690-2,18690,1093,99,2,9.00,8946.81,0.10,0.00,N,O,1997-11-18,1997-11-03,1997-11-20,COLLECT COD,AIR,s the quickly final pac
18690-3,18690,903,4,3,24.00,43293.60,0.01,0.05,N,O,1998-01-19,1997-11-14,1998-02-09,COLLECT COD,FOB,es. packages use quickly after the caref
18690-4,18690,1201,13,4,28.00,30861.60,0.07,0.08,N,O,1998-01-28,1997-12-03,1998-02-19,DELIVER IN PERSON,FOB,carefully final accounts. furiously fin
18690-5,18690,1629,12,5,27.00,41326.74,0.09,0.08,N,O,1997-11-17,1997-12-20,1997-11-22,NONE,RAIL,e slyly ironic packages bo
18690-6,18690,1356,33,6,39.00,49036.65,0.08,0.02,N,O,1997-11-24,1997-11-01,1997-12-10,TAKE BACK RETURN,RAIL,iously alongside
18690-7,18690,1967,56,7,18.00,33641.28,0.09,0.05,N,O,1998-01-26,1997-12-24,1998-02-25,COLLECT COD,FOB, theodolites. ideas along the 
18691-1,18691,1390,91,1,17.00,21953.63,0.05,0.06,N,O,1996-12-21,1997-02-18,1997-01-05,DELIVER IN PERSON,SHIP, along the reg
18691-2,18691,137,16,2,29.00,30076.77,0.02,0.02,N,O,1997-03-25,1997-02-27,1997-04-10,NONE,TRUCK," packages. special, bold depos"
18691-3,18691,1311,50,3,38.00,46067.78,0.01,0.01,N,O,1997-01-04,1997-02-06,1997-01-07,TAKE BACK RETURN,MAIL,fluffily. excuses b
18691-4,18691,1220,32,4,20.00,22424.40,0.05,0.00,N,O,1997-01-02,1997-03-05,1997-01-12,NONE,FOB,bove the express
18691-5,18691,976,79,5,34.00,63816.98,0.08,0.08,N,O,1997-04-07,1997-01-30,1997-04-21,TAKE BACK RETURN,REG AIR,kly final accounts hang f
18692-1,18692,711,44,1,43.00,69303.53,0.07,0.07,N,O,1996-09-07,1996-08-27,1996-09-22,COLLECT COD,RAIL,d of the final pla
18692-2,18692,1017,53,2,39.00,35802.39,0.04,0.01,N,O,1996-06-11,1996-08-31,1996-06-28,COLLECT COD,REG AIR,ages doze slyly carefully s
18692-3,18692,1453,54,3,10.00,13544.50,0.02,0.08,N,O,1996-07-02,1996-07-07,1996-07-30,DELIVER IN PERSON,FOB,platelets integrate sometimes. furiousl
18692-4,18692,493,81,4,2.00,2786.98,0.09,0.00,N,O,1996-08-28,1996-07-21,1996-08-31,DELIVER IN PERSON,FOB,ar instructions int
18693-1,18693,1617,18,1,3.00,4555.83,0.00,0.07,N,O,1996-10-16,1996-10-05,1996-11-14,COLLECT COD,REG AIR,tions. requests a
18693-2,18693,973,74,2,33.00,61841.01,0.00,0.00,N,O,1996-11-17,1996-09-08,1996-11-21,TAKE BACK RETURN,AIR,er the final foxes: furiously final 
18693-3,18693,732,65,3,47.00,76738.31,0.01,0.07,N,O,1996-07-30,1996-09-08,1996-08-29,DELIVER IN PERSON,TRUCK,egular req
18693-4,18693,1444,62,4,23.00,30945.12,0.03,0.07,N,O,1996-10-22,1996-09-17,1996-10-31,NONE,AIR,e furiously final foxes
18693-5,18693,1157,66,5,9.00,9523.35,0.03,0.01,N,O,1996-09-13,1996-10-12,1996-10-06,NONE,REG AIR,n pinto beans snooze across the perma
18694-1,18694,530,91,1,6.00,8583.18,0.03,0.06,N,O,1998-07-24,1998-08-06,1998-07-31,COLLECT COD,MAIL,egular excuses boo
18694-2,18694,1321,60,2,1.00,1222.32,0.00,0.02,N,O,1998-07-13,1998-06-24,1998-07-16,DELIVER IN PERSON,RAIL,ithely final depend
18694-3,18694,461,49,3,50.00,68073.00,0.07,0.01,N,O,1998-08-31,1998-08-16,1998-09-16,TAKE BACK RETURN,AIR, ideas detect furiously bold req
18695-1,18695,1869,56,1,44.00,77917.84,0.02,0.07,N,O,1996-12-22,1996-11-13,1996-12-30,DELIVER IN PERSON,RAIL,al packages run quickly over the bo
18720-1,18720,876,10,1,44.00,78182.28,0.08,0.08,N,O,1996-05-07,1996-04-26,1996-05-19,COLLECT COD,MAIL,s? ironic decoys 
18720-2,18720,1745,30,2,32.00,52695.68,0.03,0.07,N,O,1996-05-11,1996-05-17,1996-05-27,DELIVER IN PERSON,SHIP,ns. final ideas haggle carefully ca
18720-3,18720,111,12,3,15.00,15166.65,0.10,0.07,N,O,1996-03-23,1996-04-25,1996-04-13,DELIVER IN PERSON,REG AIR, regularly alo
18720-4,18720,621,53,4,40.00,60864.80,0.06,0.06,N,O,1996-06-18,1996-05-16,1996-07-10,COLLECT COD,FOB, final dependencies throughout the fluf
18720-5,18720,928,29,5,16.00,29262.72,0.00,0.04,N,O,1996-03-10,1996-04-07,1996-03-29,TAKE BACK RETURN,MAIL,! furiously exp
18720-6,18720,785,82,6,8.00,13486.24,0.09,0.02,N,O,1996-05-30,1996-04-05,1996-06-25,DELIVER IN PERSON,FOB,ckages are. quic
18720-7,18720,633,65,7,34.00,52143.42,0.01,0.02,N,O,1996-04-01,1996-04-09,1996-04-05,TAKE BACK RETURN,RAIL,ag blithely alongside of the
18721-1,18721,212,13,1,10.00,11122.10,0.07,0.07,A,F,1993-10-05,1993-08-25,1993-10-14,DELIVER IN PERSON,MAIL,es boost slyly above the express warh
18722-1,18722,142,69,1,6.00,6252.84,0.00,0.05,R,F,1993-09-25,1993-09-06,1993-09-27,TAKE BACK RETURN,REG AIR,according to the slyly exp
18722-2,18722,1855,42,2,17.00,29866.45,0.05,0.05,R,F,1993-10-28,1993-08-22,1993-11-24,NONE,FOB,ly against the ironic foxes. qu
18722-3,18722,582,73,3,35.00,51890.30,0.02,0.00,R,F,1993-10-30,1993-09-30,1993-10-31,TAKE BACK RETURN,SHIP,eans. thin accounts are above the packag
18723-1,18723,1939,72,1,15.00,27613.95,0.03,0.07,R,F,1994-09-10,1994-10-08,1994-10-05,TAKE BACK RETURN,SHIP,counts gro
18723-2,18723,965,68,2,32.00,59710.72,0.06,0.01,A,F,1994-08-24,1994-10-19,1994-09-09,COLLECT COD,RAIL,cajole quickly: regular the
18723-3,18723,546,7,3,2.00,2893.08,0.07,0.01,A,F,1994-08-31,1994-10-15,1994-09-30,NONE,MAIL,unusual excuses n
18723-4,18723,538,39,4,17.00,24455.01,0.09,0.05,R,F,1994-11-26,1994-11-06,1994-11-28,DELIVER IN PERSON,TRUCK,hely regular
18723-5,18723,543,44,5,46.00,66402.84,0.08,0.04,R,F,1994-10-09,1994-10-22,1994-10-19,NONE,MAIL,encies use against
18723-6,18723,989,58,6,9.00,17009.82,0.09,0.00,A,F,1994-09-12,1994-10-27,1994-09-24,COLLECT COD,RAIL,. fluffily
18723-7,18723,1491,31,7,1.00,1392.49,0.01,0.06,A,F,1994-10-07,1994-09-20,1994-11-03,NONE,TRUCK,"onic, ironic accounts. final, unusual requ"
18724-1,18724,1729,56,1,18.00,29352.96,0.07,0.07,A,F,1993-05-09,1993-05-02,1993-05-30,DELIVER IN PERSON,FOB,final accounts wake fu
18724-2,18724,219,74,2,3.00,3357.63,0.08,0.01,R,F,1993-05-19,1993-05-01,1993-06-11,TAKE BACK RETURN,FOB,excuses use quickl
18724-3,18724,815,16,3,35.00,60053.35,0.02,0.07,A,F,1993-02-27,1993-03-30,1993-03-06,COLLECT COD,TRUCK,"s wake ironic, pending "
18725-1,18725,460,90,1,49.00,66662.54,0.03,0.01,A,F,1993-02-21,1993-01-18,1993-03-07,DELIVER IN PERSON,MAIL,ests are furious
18725-2,18725,713,10,2,3.00,4841.13,0.10,0.06,R,F,1992-12-08,1993-02-12,1993-01-05,COLLECT COD,RAIL,counts sleep carefully 
18725-3,18725,435,36,3,36.00,48075.48,0.10,0.02,R,F,1993-03-06,1993-01-02,1993-03-14,COLLECT COD,REG AIR,lly special 
18726-1,18726,1984,17,1,38.00,71667.24,0.05,0.08,R,F,1995-01-18,1994-12-23,1995-02-07,DELIVER IN PERSON,FOB,osits need to
18726-2,18726,1842,86,2,23.00,40108.32,0.03,0.00,R,F,1994-10-08,1994-12-20,1994-10-27,COLLECT COD,REG AIR,s haggle c
18726-3,18726,1307,8,3,14.00,16916.20,0.08,0.01,R,F,1994-10-28,1994-11-22,1994-11-15,DELIVER IN PERSON,MAIL,ing to the notornis. c
18726-4,18726,1620,3,4,10.00,15216.20,0.04,0.03,A,F,1994-10-01,1994-11-20,1994-10-24,COLLECT COD,FOB,ly regular deposits. blithely bol
18726-5,18726,1759,44,5,37.00,61447.75,0.08,0.05,R,F,1995-01-11,1994-11-08,1995-01-18,NONE,RAIL,s boost pending accounts. furiously express
18727-1,18727,348,5,1,43.00,53678.62,0.05,0.03,N,O,1997-06-01,1997-04-14,1997-06-08,COLLECT COD,AIR,ooze carefully. bold instruction
18727-2,18727,634,97,2,14.00,21484.82,0.02,0.06,N,O,1997-03-29,1997-03-09,1997-04-03,DELIVER IN PERSON,MAIL,ironic accounts 
18727-3,18727,1244,82,3,27.00,30921.48,0.07,0.04,N,O,1997-03-17,1997-04-03,1997-03-23,DELIVER IN PERSON,RAIL,ronic packages cajole furious
18752-1,18752,1140,13,1,24.00,24987.36,0.07,0.00,N,O,1995-06-25,1995-07-12,1995-07-14,TAKE BACK RETURN,FOB,sly final deposits. somas s
18753-1,18753,1219,57,1,40.00,44808.40,0.03,0.05,A,F,1994-10-24,1994-10-11,1994-11-04,NONE,AIR,e furiously. quickly final req
18753-2,18753,1034,70,2,27.00,25245.81,0.01,0.03,A,F,1994-11-02,1994-09-10,1994-11-26,COLLECT COD,AIR,. foxes haggle blithel
18753-3,18753,422,10,3,42.00,55541.64,0.09,0.03,A,F,1994-09-19,1994-10-23,1994-10-14,NONE,REG AIR,unts cajole enticin
18753-4,18753,1892,93,4,23.00,41259.47,0.09,0.00,A,F,1994-11-23,1994-09-17,1994-12-22,NONE,FOB,ges wake against the carefully final plate
18753-5,18753,798,95,5,20.00,33975.80,0.05,0.01,R,F,1994-11-07,1994-10-07,1994-12-05,TAKE BACK RETURN,SHIP,"usual, special accounts"
18753-6,18753,40,91,6,27.00,25381.08,0.09,0.05,R,F,1994-10-29,1994-09-02,1994-11-18,COLLECT COD,SHIP, even asymptotes hinder; blithel
18754-1,18754,1010,81,1,8.00,7288.08,0.01,0.04,A,F,1994-10-16,1994-11-17,1994-11-03,TAKE BACK RETURN,TRUCK, wake carefully. carefully ev
18754-2,18754,1236,74,2,9.00,10235.07,0.01,0.01,A,F,1994-12-04,1994-11-19,1994-12-07,NONE,FOB,nusual instructions. blit
18754-3,18754,906,75,3,20.00,36138.00,0.07,0.00,R,F,1994-11-11,1994-11-27,1994-11-25,DELIVER IN PERSON,REG AIR,xpress packages
18754-4,18754,296,24,4,47.00,56225.63,0.04,0.00,A,F,1994-11-27,1994-10-31,1994-12-27,COLLECT COD,SHIP,"ress requests. ironic, even dugouts b"
18754-5,18754,846,80,5,35.00,61139.40,0.01,0.07,R,F,1995-01-15,1994-12-25,1995-01-20,NONE,RAIL," notornis. special, final "
18754-6,18754,163,42,6,41.00,43589.56,0.06,0.00,A,F,1995-01-22,1994-10-30,1995-02-04,TAKE BACK RETURN,REG AIR, bold deposits wak
18754-7,18754,69,70,7,38.00,36824.28,0.04,0.02,R,F,1994-10-11,1994-11-14,1994-10-17,DELIVER IN PERSON,MAIL,y regular deposits maintain slyly
18755-1,18755,879,46,1,20.00,35597.40,0.04,0.01,N,O,1997-06-08,1997-04-13,1997-07-08,DELIVER IN PERSON,FOB,ironic deposits detect 
18755-2,18755,1989,22,2,15.00,28364.70,0.05,0.08,N,O,1997-03-01,1997-03-30,1997-03-11,DELIVER IN PERSON,FOB, cajole bli
18755-3,18755,641,73,3,33.00,50874.12,0.02,0.03,N,O,1997-05-22,1997-04-27,1997-05-26,NONE,AIR,lly doggedly special asymptotes. car
18756-1,18756,701,66,1,8.00,12813.60,0.09,0.01,A,F,1992-07-13,1992-06-27,1992-07-24,DELIVER IN PERSON,RAIL,deposits. quickly express packages
18757-1,18757,466,67,1,38.00,51925.48,0.00,0.01,R,F,1992-06-12,1992-07-12,1992-07-12,TAKE BACK RETURN,MAIL,kages. furiously regular deposits cajol
18757-2,18757,1479,58,2,24.00,33131.28,0.02,0.02,A,F,1992-07-22,1992-07-09,1992-08-17,DELIVER IN PERSON,FOB,ly express requests maintain quic
18757-3,18757,1457,36,3,31.00,42111.95,0.03,0.01,R,F,1992-08-23,1992-07-24,1992-09-07,NONE,MAIL,ly even requests 
18757-4,18757,579,80,4,13.00,19234.41,0.08,0.00,A,F,1992-06-01,1992-07-25,1992-06-03,NONE,MAIL,tithes. furiously daring accou
18757-5,18757,1554,95,5,2.00,2911.10,0.07,0.04,R,F,1992-09-13,1992-07-18,1992-10-09,DELIVER IN PERSON,REG AIR,ideas. ironic pinto beans across the
18757-6,18757,74,75,6,4.00,3896.28,0.02,0.06,A,F,1992-09-15,1992-07-14,1992-09-19,COLLECT COD,RAIL,iously. foxes wake above t
18758-1,18758,796,61,1,7.00,11877.53,0.02,0.04,A,F,1993-06-15,1993-07-13,1993-07-15,COLLECT COD,AIR,requests. theodolites cajole b
18758-2,18758,650,44,2,24.00,37215.60,0.02,0.04,A,F,1993-07-05,1993-07-20,1993-07-12,DELIVER IN PERSON,TRUCK,pecial theo
18758-3,18758,512,3,3,40.00,56500.40,0.00,0.06,A,F,1993-06-26,1993-07-14,1993-07-13,DELIVER IN PERSON,SHIP,c theodolites solve quickl
18759-1,18759,1881,11,1,12.00,21394.56,0.04,0.04,N,O,1996-07-25,1996-07-14,1996-07-29,DELIVER IN PERSON,RAIL,lar requests
18784-1,18784,594,85,1,41.00,61278.19,0.09,0.05,A,F,1992-10-16,1992-11-03,1992-11-03,TAKE BACK RETURN,AIR,y furiously bold depths. 
18785-1,18785,1710,11,1,36.00,58021.56,0.01,0.07,A,F,1994-08-11,1994-09-20,1994-09-05,NONE,SHIP,al pinto beans aft
18785-2,18785,93,94,2,44.00,43695.96,0.10,0.02,R,F,1994-10-25,1994-09-07,1994-11-22,COLLECT COD,AIR,ironic ideas unwind slyl
18786-1,18786,1799,100,1,19.00,32315.01,0.07,0.04,N,O,1997-04-29,1997-05-21,1997-05-29,COLLECT COD,RAIL,onic asymptotes. carefully ir
18786-2,18786,831,65,2,46.00,79664.18,0.08,0.07,N,O,1997-06-27,1997-05-15,1997-07-27,NONE,MAIL,nto beans engage c
18786-3,18786,1986,87,3,3.00,5663.94,0.10,0.03,N,O,1997-05-23,1997-06-05,1997-06-02,NONE,REG AIR, courts. pending realms sleep ag
18786-4,18786,746,79,4,38.00,62576.12,0.10,0.07,N,O,1997-07-15,1997-05-26,1997-08-01,DELIVER IN PERSON,SHIP,accounts sleep about the slyly eve
18786-5,18786,1050,51,5,26.00,24727.30,0.08,0.03,N,O,1997-04-04,1997-05-24,1997-04-20,DELIVER IN PERSON,FOB,ntegrate exp
18786-6,18786,722,87,6,13.00,21095.36,0.05,0.01,N,O,1997-06-03,1997-06-21,1997-06-28,COLLECT COD,MAIL,hely furious wa
18787-1,18787,1154,27,1,16.00,16882.40,0.09,0.05,A,F,1995-02-13,1995-01-15,1995-02-14,COLLECT COD,TRUCK,ss the fluffily special deposits.
18787-2,18787,710,75,2,15.00,24160.65,0.05,0.08,R,F,1994-12-03,1994-11-26,1994-12-22,DELIVER IN PERSON,AIR,ions are slyly slyly iro
18787-3,18787,1251,63,3,50.00,57612.50,0.09,0.08,R,F,1995-01-13,1994-12-23,1995-02-05,COLLECT COD,SHIP,s can doze
18787-4,18787,1213,14,4,37.00,41225.77,0.01,0.05,R,F,1995-01-25,1995-01-09,1995-02-05,NONE,AIR,"its. even, pendin"
18788-1,18788,1461,40,1,18.00,24524.28,0.02,0.03,R,F,1994-11-28,1994-11-10,1994-11-29,NONE,MAIL,ly theodolites unwind. carefully final
18788-2,18788,981,16,2,23.00,43285.54,0.00,0.07,R,F,1994-11-04,1994-12-02,1994-11-05,DELIVER IN PERSON,FOB, final accounts
18788-3,18788,1563,84,3,42.00,61511.52,0.10,0.00,A,F,1994-11-06,1994-11-14,1994-11-09,TAKE BACK RETURN,TRUCK,. furiously ironic pains
18788-4,18788,61,37,4,37.00,35559.22,0.06,0.08,R,F,1995-01-31,1994-12-21,1995-02-22,COLLECT COD,SHIP,l pinto beans wake among the
18789-1,18789,1889,33,1,48.00,85962.24,0.03,0.04,R,F,1995-03-18,1995-05-08,1995-03-31,DELIVER IN PERSON,TRUCK, unusual foxes engage carefully 
18789-2,18789,687,81,2,32.00,50805.76,0.04,0.04,N,F,1995-06-02,1995-04-22,1995-06-25,NONE,TRUCK,"its? regular, final"
18789-3,18789,356,57,3,38.00,47741.30,0.02,0.05,R,F,1995-05-08,1995-06-08,1995-05-27,DELIVER IN PERSON,AIR,regular inst
18789-4,18789,1404,22,4,19.00,24802.60,0.07,0.02,A,F,1995-06-01,1995-05-21,1995-06-13,DELIVER IN PERSON,SHIP, the quickly 
18789-5,18789,235,90,5,34.00,38597.82,0.08,0.00,N,O,1995-07-10,1995-05-31,1995-07-14,DELIVER IN PERSON,TRUCK,l deposits are carefully ca
18789-6,18789,238,93,6,6.00,6829.38,0.00,0.05,A,F,1995-05-26,1995-05-04,1995-05-29,DELIVER IN PERSON,FOB,to the car
18790-1,18790,400,29,1,1.00,1300.40,0.07,0.01,A,F,1994-06-02,1994-04-16,1994-06-29,COLLECT COD,SHIP,have to are car
18790-2,18790,528,59,2,43.00,61426.36,0.01,0.00,A,F,1994-02-17,1994-05-13,1994-03-12,TAKE BACK RETURN,TRUCK,ly furiously pendin
18790-3,18790,1505,26,3,7.00,9845.50,0.05,0.04,R,F,1994-04-28,1994-04-26,1994-05-14,COLLECT COD,FOB,express plate
18790-4,18790,148,49,4,1.00,1048.14,0.01,0.06,A,F,1994-03-30,1994-03-17,1994-04-18,COLLECT COD,SHIP,kages. carefully regular foxes ca
18791-1,18791,108,35,1,39.00,39315.90,0.04,0.00,A,F,1993-11-22,1993-10-18,1993-12-19,TAKE BACK RETURN,FOB,ly special packages use fluffi
18816-1,18816,1477,78,1,37.00,51003.39,0.06,0.02,A,F,1994-03-08,1994-04-28,1994-03-09,NONE,TRUCK,nal epitaphs a
18816-2,18816,560,61,2,9.00,13145.04,0.03,0.01,R,F,1994-04-29,1994-04-26,1994-05-13,COLLECT COD,MAIL,xcuses hinder blithely furiously regula
18816-3,18816,415,74,3,44.00,57878.04,0.07,0.02,A,F,1994-04-25,1994-05-10,1994-04-27,DELIVER IN PERSON,SHIP,"tes. regular foxes sleep final, final"
18816-4,18816,447,6,4,33.00,44465.52,0.02,0.01,R,F,1994-05-18,1994-04-08,1994-05-28,COLLECT COD,SHIP,. ironic platelets around t
18816-5,18816,381,38,5,43.00,55099.34,0.04,0.04,A,F,1994-03-30,1994-04-03,1994-04-26,NONE,FOB,blithely alo
18816-6,18816,1038,9,6,45.00,42256.35,0.00,0.02,R,F,1994-05-28,1994-03-27,1994-06-20,NONE,SHIP,"ing, ironic request"
18816-7,18816,291,92,7,3.00,3573.87,0.02,0.05,A,F,1994-04-07,1994-04-28,1994-04-22,DELIVER IN PERSON,SHIP,ding to the f
18817-1,18817,25,26,1,2.00,1850.04,0.02,0.05,N,O,1997-01-22,1997-01-10,1997-02-20,NONE,AIR,eposits against the frays haggle among 
18817-2,18817,908,43,2,26.00,47031.40,0.08,0.00,N,O,1996-12-09,1997-02-04,1997-01-03,TAKE BACK RETURN,AIR,ic realms.
18817-3,18817,70,71,3,8.00,7760.56,0.01,0.07,N,O,1997-02-19,1997-01-27,1997-02-26,COLLECT COD,MAIL,"egular requests. final, regular dep"
18817-4,18817,1299,74,4,48.00,57613.92,0.09,0.07,N,O,1997-01-21,1996-12-29,1997-01-30,TAKE BACK RETURN,FOB,"even, even hockey players. blithely unus"
18817-5,18817,1381,82,5,21.00,26929.98,0.10,0.02,N,O,1997-01-16,1997-02-11,1997-01-30,DELIVER IN PERSON,REG AIR,to beans sleep qu
18818-1,18818,50,76,1,17.00,16150.85,0.07,0.02,N,O,1997-12-16,1997-12-03,1997-12-24,NONE,REG AIR,across the furiously even foxes-- fi
18818-2,18818,377,62,2,25.00,31934.25,0.03,0.05,N,O,1997-12-06,1997-11-22,1998-01-05,TAKE BACK RETURN,MAIL,s against the furiou
18818-3,18818,1348,25,3,4.00,4997.36,0.03,0.02,N,O,1997-10-06,1997-11-08,1997-10-23,NONE,MAIL,ic dolphins at the i
18818-4,18818,332,89,4,9.00,11090.97,0.02,0.06,N,O,1997-11-02,1997-10-28,1997-11-22,NONE,RAIL,ze! carefully
18818-5,18818,177,78,5,10.00,10771.70,0.02,0.04,N,O,1997-11-25,1997-10-30,1997-11-29,NONE,RAIL,slyly even deposits sleep above the even th
18818-6,18818,16,17,6,14.00,12824.14,0.09,0.01,N,O,1997-12-07,1997-11-30,1997-12-16,TAKE BACK RETURN,TRUCK,epths. slyly
18819-1,18819,1934,79,1,48.00,88124.64,0.06,0.01,R,F,1994-06-23,1994-04-22,1994-07-05,DELIVER IN PERSON,MAIL, packages ar
18819-2,18819,867,1,2,43.00,76017.98,0.02,0.00,A,F,1994-06-25,1994-03-31,1994-07-18,DELIVER IN PERSON,MAIL,counts are carefully blithely daring
18819-3,18819,1608,32,3,19.00,28682.40,0.09,0.05,R,F,1994-04-05,1994-05-16,1994-04-09,NONE,RAIL,deposits use final 
18819-4,18819,167,68,4,32.00,34149.12,0.07,0.02,R,F,1994-06-03,1994-04-29,1994-06-05,COLLECT COD,TRUCK,ccounts. pending pinto 
18819-5,18819,1964,9,5,30.00,55978.80,0.03,0.00,A,F,1994-06-10,1994-04-16,1994-07-08,COLLECT COD,SHIP,as serve careful
18819-6,18819,513,4,6,36.00,50886.36,0.07,0.02,A,F,1994-05-18,1994-04-28,1994-05-27,DELIVER IN PERSON,MAIL,: stealthy 
18820-1,18820,1127,100,1,27.00,27759.24,0.07,0.03,R,F,1995-03-23,1995-04-11,1995-04-05,COLLECT COD,AIR,eposits. deposits above the boldly e
18820-2,18820,1959,4,2,2.00,3721.90,0.07,0.08,A,F,1995-05-08,1995-04-04,1995-05-18,DELIVER IN PERSON,MAIL,fix furiously. final dependencies a
18820-3,18820,1748,49,3,37.00,61040.38,0.00,0.06,R,F,1995-04-07,1995-04-13,1995-04-24,COLLECT COD,SHIP,"s. pending, pending ideas will are blithely"
18820-4,18820,448,7,4,44.00,59331.36,0.10,0.02,A,F,1995-04-24,1995-04-09,1995-05-13,NONE,TRUCK,cingly bold pack
18820-5,18820,407,37,5,13.00,16996.20,0.07,0.08,R,F,1995-06-02,1995-03-25,1995-06-03,DELIVER IN PERSON,AIR,o the deposits. carefu
18820-6,18820,1933,78,6,1.00,1834.93,0.05,0.08,A,F,1995-02-23,1995-04-27,1995-03-25,COLLECT COD,TRUCK,. fluffily final fo
18821-1,18821,1125,98,1,45.00,46175.40,0.08,0.03,N,O,1996-04-03,1996-05-22,1996-04-22,TAKE BACK RETURN,AIR,luffily unusual gifts across the furiousl
18821-2,18821,1225,63,2,8.00,9009.76,0.01,0.03,N,O,1996-06-11,1996-04-25,1996-06-28,NONE,FOB,yly across the
18821-3,18821,195,96,3,43.00,47093.17,0.07,0.06,N,O,1996-05-14,1996-04-13,1996-05-16,DELIVER IN PERSON,FOB,ccounts. fluffily ruthless foxes
18821-4,18821,1488,6,4,22.00,30568.56,0.09,0.01,N,O,1996-03-16,1996-04-27,1996-03-22,COLLECT COD,SHIP,"n instructions above the final, regular dep"
18821-5,18821,824,24,5,19.00,32771.58,0.01,0.06,N,O,1996-05-10,1996-03-30,1996-05-13,DELIVER IN PERSON,REG AIR,tainments haggle. express accounts wake aft
18821-6,18821,676,77,6,29.00,45723.43,0.00,0.02,N,O,1996-03-28,1996-03-26,1996-04-05,TAKE BACK RETURN,MAIL,aringly pending dependencies.
18822-1,18822,20,71,1,13.00,11960.26,0.06,0.01,A,F,1994-03-10,1994-02-19,1994-04-06,COLLECT COD,RAIL, accounts. ironic
18822-2,18822,1514,15,2,31.00,43880.81,0.04,0.02,A,F,1994-02-28,1994-02-08,1994-03-22,TAKE BACK RETURN,REG AIR, instructions nod e
18822-3,18822,322,79,3,17.00,20779.44,0.07,0.02,R,F,1994-02-15,1994-03-11,1994-03-09,NONE,AIR,"ly regular Tiresias integrate final, e"
18822-4,18822,821,21,4,23.00,39601.86,0.01,0.06,A,F,1994-04-13,1994-03-15,1994-05-12,NONE,FOB,ously even dependencies. regul
18822-5,18822,1746,47,5,26.00,42841.24,0.09,0.02,A,F,1994-01-27,1994-03-19,1994-01-31,NONE,TRUCK,deas according to the regu
18823-1,18823,1468,69,1,29.00,39714.34,0.04,0.07,R,F,1992-11-28,1992-11-30,1992-12-25,COLLECT COD,SHIP,to beans doz
18823-2,18823,1694,77,2,12.00,19148.28,0.09,0.00,R,F,1992-12-31,1992-11-28,1993-01-29,DELIVER IN PERSON,SHIP,carefully regular instructions are quickl
18848-1,18848,658,90,1,27.00,42083.55,0.02,0.05,N,O,1998-07-26,1998-05-14,1998-08-13,COLLECT COD,TRUCK,egular theodolites. regular accounts a
18848-2,18848,1268,6,2,50.00,58463.00,0.02,0.03,N,O,1998-04-26,1998-04-29,1998-05-20,TAKE BACK RETURN,AIR, deposits detect caref
18848-3,18848,521,12,3,9.00,12793.68,0.06,0.06,N,O,1998-07-18,1998-05-04,1998-08-06,DELIVER IN PERSON,SHIP,counts. ironic deposits wak
18848-4,18848,591,52,4,6.00,8949.54,0.07,0.06,N,O,1998-07-11,1998-05-01,1998-08-08,TAKE BACK RETURN,TRUCK, sleep slyly. furiously regular pac
18849-1,18849,1542,83,1,12.00,17322.48,0.08,0.02,R,F,1992-11-02,1992-09-21,1992-11-30,NONE,FOB,cial theodolites
18849-2,18849,1999,88,2,47.00,89346.53,0.09,0.02,A,F,1992-10-22,1992-09-16,1992-11-11,DELIVER IN PERSON,REG AIR,nal theodolites wake carefully! caref
18849-3,18849,785,86,3,22.00,37087.16,0.03,0.00,R,F,1992-08-11,1992-09-24,1992-09-07,NONE,RAIL,permanently iron
18849-4,18849,1872,59,4,27.00,47894.49,0.04,0.00,A,F,1992-11-22,1992-10-07,1992-12-01,DELIVER IN PERSON,FOB,"ckly express requests are pending, "
18850-1,18850,1163,64,1,20.00,21283.20,0.09,0.01,R,F,1993-07-25,1993-08-12,1993-08-13,COLLECT COD,REG AIR, slyly close
18850-2,18850,339,68,2,25.00,30983.25,0.00,0.08,A,F,1993-08-18,1993-08-04,1993-09-05,TAKE BACK RETURN,TRUCK,"y. silent, unusual courts hinder "
18850-3,18850,647,10,3,38.00,58810.32,0.10,0.08,R,F,1993-08-02,1993-06-28,1993-08-31,TAKE BACK RETURN,RAIL,y ironic pinto beans. carefully final 
18850-4,18850,1820,7,4,6.00,10330.92,0.09,0.07,R,F,1993-09-03,1993-08-25,1993-09-21,NONE,REG AIR,lly against the blithely
18850-5,18850,257,58,5,25.00,28931.25,0.04,0.00,R,F,1993-09-15,1993-06-27,1993-10-03,COLLECT COD,MAIL,e pending requests are c
18850-6,18850,269,51,6,29.00,33908.54,0.00,0.03,R,F,1993-08-22,1993-08-11,1993-09-05,COLLECT COD,MAIL,ickly along the
18851-1,18851,581,12,1,37.00,54818.46,0.09,0.04,R,F,1993-03-31,1993-03-14,1993-04-04,TAKE BACK RETURN,RAIL,excuses. ir
18851-2,18851,607,39,2,47.00,70857.20,0.10,0.01,R,F,1993-02-17,1993-02-26,1993-03-03,TAKE BACK RETURN,RAIL,ses. slyly sp
18851-3,18851,1808,38,3,19.00,32486.20,0.09,0.00,A,F,1993-02-08,1993-02-28,1993-03-04,COLLECT COD,TRUCK, pinto beans wake regular accounts
18851-4,18851,1086,22,4,33.00,32573.64,0.04,0.00,R,F,1993-02-15,1993-02-11,1993-02-22,TAKE BACK RETURN,REG AIR,"uickly after the ironic, final requests. ca"
18852-1,18852,1808,38,1,40.00,68392.00,0.07,0.00,N,O,1995-12-05,1995-11-23,1995-12-28,NONE,MAIL,"the final, s"
18852-2,18852,1998,99,2,1.00,1899.99,0.07,0.02,N,O,1995-09-27,1995-10-29,1995-10-19,COLLECT COD,RAIL,c packages breach slyl
18852-3,18852,446,76,3,2.00,2692.88,0.01,0.00,N,O,1996-01-19,1995-11-20,1996-02-16,COLLECT COD,MAIL,rding to the blith
18852-4,18852,561,92,4,8.00,11692.48,0.10,0.02,N,O,1995-12-12,1995-11-14,1995-12-28,NONE,MAIL,haggle carefully? 
18852-5,18852,1650,92,5,21.00,32584.65,0.07,0.04,N,O,1995-09-25,1995-11-29,1995-10-08,NONE,MAIL,"ic, unusual deposits above the "
18853-1,18853,940,9,1,12.00,22091.28,0.05,0.07,R,F,1993-03-22,1993-02-25,1993-04-20,TAKE BACK RETURN,REG AIR,"inal, final theodolit"
18853-2,18853,1578,99,2,49.00,72498.93,0.08,0.01,R,F,1993-03-06,1993-04-03,1993-03-18,NONE,RAIL,ach blithely. furiously express sheaves a
18853-3,18853,1625,67,3,22.00,33585.64,0.06,0.01,A,F,1993-04-25,1993-02-17,1993-05-12,TAKE BACK RETURN,SHIP,slyly regular deposits
18853-4,18853,510,11,4,49.00,69114.99,0.07,0.02,R,F,1993-03-05,1993-03-27,1993-03-25,COLLECT COD,AIR,ns sleep against the carefully 
18854-1,18854,1501,22,1,20.00,28050.00,0.02,0.08,N,O,1997-06-05,1997-05-14,1997-06-23,NONE,MAIL,ial deposits impress about th
18854-2,18854,774,39,2,18.00,30145.86,0.10,0.07,N,O,1997-05-20,1997-06-18,1997-06-07,COLLECT COD,TRUCK,slyly express d
18854-3,18854,1780,65,3,17.00,28590.26,0.00,0.03,N,O,1997-04-20,1997-04-24,1997-04-27,TAKE BACK RETURN,AIR,dencies according to the ideas cajo
18854-4,18854,1349,26,4,7.00,8752.38,0.03,0.03,N,O,1997-04-21,1997-05-26,1997-05-15,COLLECT COD,SHIP,egular theodolites 
18855-1,18855,1202,3,1,40.00,44128.00,0.08,0.01,R,F,1994-12-21,1994-10-24,1994-12-24,NONE,RAIL,s. fluffily ironic i
18855-2,18855,1977,22,2,33.00,62006.01,0.02,0.00,R,F,1995-01-08,1994-10-23,1995-01-22,COLLECT COD,TRUCK,", special request"
18855-3,18855,487,17,3,48.00,66599.04,0.10,0.01,R,F,1994-11-04,1994-11-04,1994-11-05,TAKE BACK RETURN,RAIL,pending pearls: fluffil
18855-4,18855,1077,13,4,43.00,42057.01,0.02,0.07,A,F,1994-10-20,1994-11-20,1994-10-23,TAKE BACK RETURN,RAIL,lly final dolphins. pinto beans detect
18855-5,18855,1214,52,5,8.00,8921.68,0.02,0.07,A,F,1994-10-10,1994-12-02,1994-10-14,NONE,SHIP,nic ideas; special att
18880-1,18880,1802,89,1,33.00,56225.40,0.00,0.04,A,F,1995-01-04,1994-12-24,1995-01-28,NONE,RAIL,quiet accounts should detect furi
18880-2,18880,1394,9,2,39.00,50520.21,0.00,0.08,R,F,1995-02-06,1995-01-13,1995-02-17,TAKE BACK RETURN,MAIL,eas are blithely al
18880-3,18880,1514,15,3,40.00,56620.40,0.02,0.07,R,F,1994-11-28,1994-11-25,1994-12-12,DELIVER IN PERSON,SHIP,urts are requests. blithely ironic realms c
18881-1,18881,31,32,1,37.00,34448.11,0.00,0.08,N,O,1998-05-08,1998-04-28,1998-05-20,NONE,SHIP,quests hinder furiously even pi
18881-2,18881,440,28,2,31.00,41553.64,0.08,0.02,N,O,1998-06-24,1998-06-21,1998-07-17,TAKE BACK RETURN,TRUCK,"e of the furiously even deposits. unusual,"
18881-3,18881,673,5,3,41.00,64520.47,0.03,0.00,N,O,1998-04-10,1998-05-05,1998-04-15,COLLECT COD,REG AIR,dolites haggle alongside
18881-4,18881,1842,72,4,7.00,12206.88,0.06,0.04,N,O,1998-05-10,1998-05-29,1998-06-01,TAKE BACK RETURN,MAIL,ly regular accounts about
18882-1,18882,12,88,1,10.00,9120.10,0.09,0.02,N,O,1998-04-23,1998-04-07,1998-05-20,NONE,FOB,usual theodolites hagg
18882-2,18882,96,22,2,39.00,38847.51,0.10,0.00,N,O,1998-02-15,1998-03-18,1998-03-15,NONE,AIR,e fluffily among the furi
18882-3,18882,738,3,3,18.00,29497.14,0.00,0.03,N,O,1998-03-22,1998-04-04,1998-04-06,TAKE BACK RETURN,SHIP,ogs. carefully regular packages sleep 
18882-4,18882,818,18,4,30.00,51564.30,0.05,0.01,N,O,1998-01-29,1998-03-12,1998-02-12,COLLECT COD,AIR,bout the flu
18882-5,18882,85,11,5,15.00,14776.20,0.05,0.02,N,O,1998-04-17,1998-04-02,1998-05-03,COLLECT COD,SHIP,ate blithely. regular requests nag quickly 
18882-6,18882,175,54,6,27.00,29029.59,0.01,0.06,N,O,1998-04-17,1998-02-16,1998-04-22,DELIVER IN PERSON,REG AIR,"ironic theodolites. pending, special saute"
18882-7,18882,219,20,7,49.00,54841.29,0.03,0.00,N,O,1998-04-08,1998-02-16,1998-05-07,DELIVER IN PERSON,MAIL,"y. unusual, brave deposit"
18883-1,18883,603,35,1,31.00,46611.60,0.08,0.08,N,O,1996-07-19,1996-08-08,1996-07-25,TAKE BACK RETURN,AIR,y fluffily bol
18883-2,18883,1165,66,2,48.00,51175.68,0.05,0.02,N,O,1996-08-18,1996-08-28,1996-08-20,NONE,FOB,"inal, pending accounts along the slyly bold"
18884-1,18884,1437,38,1,32.00,42829.76,0.08,0.04,N,O,1995-09-16,1995-09-18,1995-10-05,COLLECT COD,REG AIR,. carefully pending asymptotes boos
18884-2,18884,438,97,2,29.00,38814.47,0.05,0.01,N,O,1995-08-13,1995-09-07,1995-09-09,TAKE BACK RETURN,TRUCK,cuses sleep furiously alongside
18884-3,18884,19,70,3,11.00,10109.11,0.04,0.07,N,O,1995-07-13,1995-08-30,1995-07-28,NONE,AIR,requests hagg
18884-4,18884,28,29,4,48.00,44544.96,0.02,0.00,N,O,1995-08-19,1995-09-02,1995-08-23,NONE,AIR,ly. blithely pendin
18884-5,18884,1426,44,5,32.00,42477.44,0.02,0.04,N,O,1995-09-02,1995-09-12,1995-09-29,NONE,AIR, blithe requests integrate daringly 
18884-6,18884,1044,50,6,15.00,14175.60,0.10,0.07,N,O,1995-08-27,1995-08-15,1995-09-26,NONE,SHIP, slyly regular deposits along 
18884-7,18884,323,80,7,8.00,9786.56,0.00,0.08,N,O,1995-10-06,1995-09-10,1995-10-31,TAKE BACK RETURN,SHIP,", regular pinto beans after the pend"
18885-1,18885,996,65,1,49.00,92952.51,0.06,0.08,N,O,1998-07-20,1998-07-06,1998-07-28,TAKE BACK RETURN,TRUCK,e quickly slyly final request
18885-2,18885,1434,35,2,12.00,16025.16,0.03,0.04,N,O,1998-07-06,1998-07-03,1998-07-24,DELIVER IN PERSON,FOB,. ironic excuses affix
18885-3,18885,1080,51,3,31.00,30413.48,0.07,0.03,N,O,1998-07-22,1998-07-30,1998-08-14,COLLECT COD,SHIP,"nic ideas. ironic requests are. final, iron"
18885-4,18885,1390,5,4,46.00,59403.94,0.04,0.03,N,O,1998-09-21,1998-08-12,1998-10-09,TAKE BACK RETURN,REG AIR,whithout the even asymptotes. bl
18885-5,18885,1246,58,5,6.00,6883.44,0.08,0.00,N,O,1998-07-10,1998-06-29,1998-07-19,TAKE BACK RETURN,AIR,"s-- unusual, final packages"
18885-6,18885,1312,13,6,25.00,30332.75,0.07,0.06,N,O,1998-08-02,1998-07-25,1998-08-11,TAKE BACK RETURN,MAIL,ke blithely among 
18885-7,18885,621,84,7,39.00,59343.18,0.07,0.02,N,O,1998-07-20,1998-07-28,1998-07-23,DELIVER IN PERSON,RAIL, requests sleep slyly. slyly fina
18886-1,18886,1163,64,1,32.00,34053.12,0.07,0.02,R,F,1992-05-14,1992-04-09,1992-05-30,DELIVER IN PERSON,MAIL, grow carefully. carefully p
18886-2,18886,212,94,2,2.00,2224.42,0.03,0.03,R,F,1992-05-26,1992-03-17,1992-06-10,TAKE BACK RETURN,SHIP,furiously iro
18886-3,18886,1748,75,3,39.00,64339.86,0.05,0.05,R,F,1992-03-28,1992-03-24,1992-04-24,COLLECT COD,REG AIR,s cajole fluffily. carefully silent req
18886-4,18886,1246,21,4,49.00,56214.76,0.05,0.02,A,F,1992-03-03,1992-03-17,1992-03-06,COLLECT COD,REG AIR,tructions. closely final packages wake
18886-5,18886,415,3,5,50.00,65770.50,0.01,0.06,A,F,1992-03-04,1992-03-31,1992-03-29,DELIVER IN PERSON,AIR,ly unusual deposits. carefull
18887-1,18887,636,99,1,41.00,63001.83,0.06,0.02,R,F,1993-12-23,1994-01-21,1994-01-09,COLLECT COD,TRUCK, blithely unusual asymptotes. expres
18887-2,18887,1460,78,2,17.00,23144.82,0.10,0.05,R,F,1994-02-22,1994-01-16,1994-03-20,NONE,AIR,"ckages. bold, pend"
18887-3,18887,72,48,3,26.00,25273.82,0.05,0.06,A,F,1994-01-30,1994-01-29,1994-02-12,DELIVER IN PERSON,RAIL, theodolites int
18887-4,18887,1997,30,4,10.00,18989.90,0.09,0.08,A,F,1994-01-23,1994-01-29,1994-02-12,NONE,TRUCK, slyly abo
18912-1,18912,811,45,1,6.00,10270.86,0.07,0.05,N,O,1997-08-10,1997-07-21,1997-08-12,COLLECT COD,REG AIR,aintain furio
18912-2,18912,674,75,2,9.00,14172.03,0.04,0.07,N,O,1997-08-15,1997-08-01,1997-08-19,TAKE BACK RETURN,REG AIR,theodolites since the bli
18912-3,18912,525,86,3,42.00,59871.84,0.00,0.05,N,O,1997-09-15,1997-07-10,1997-09-26,TAKE BACK RETURN,RAIL,ending packages c
18912-4,18912,762,27,4,14.00,23278.64,0.03,0.08,N,O,1997-08-13,1997-06-30,1997-09-08,COLLECT COD,SHIP,ns. blithely regular instructio
18912-5,18912,489,19,5,49.00,68084.52,0.09,0.02,N,O,1997-05-24,1997-07-28,1997-06-08,DELIVER IN PERSON,SHIP,uffily final deposits. slyly re
18913-1,18913,1954,43,1,39.00,72382.05,0.02,0.06,N,O,1998-06-14,1998-08-25,1998-06-24,COLLECT COD,REG AIR,osits. evenly ironic platelets might
18913-2,18913,1786,29,2,13.00,21941.14,0.09,0.01,N,O,1998-08-02,1998-08-14,1998-08-31,NONE,REG AIR,ly even accounts haggle blithel
18913-3,18913,230,31,3,12.00,13562.76,0.09,0.06,N,O,1998-07-25,1998-07-26,1998-07-28,COLLECT COD,RAIL,accounts according to 
18913-4,18913,1042,13,4,16.00,15088.64,0.02,0.00,N,O,1998-06-26,1998-07-13,1998-07-14,NONE,REG AIR,press accounts. ironic ideas across the req
18913-5,18913,1058,29,5,22.00,21099.10,0.10,0.06,N,O,1998-07-28,1998-07-23,1998-08-14,TAKE BACK RETURN,REG AIR,aringly thin instructions sleep above
18913-6,18913,1200,1,6,13.00,14315.60,0.08,0.05,N,O,1998-06-17,1998-07-27,1998-06-30,TAKE BACK RETURN,AIR,ly special deposits haggle about 
18914-1,18914,1213,14,1,21.00,23398.41,0.04,0.04,R,F,1993-12-28,1993-11-19,1994-01-01,DELIVER IN PERSON,TRUCK,nding depend
18915-1,18915,1214,89,1,1.00,1115.21,0.07,0.03,R,F,1994-02-22,1994-03-31,1994-03-08,TAKE BACK RETURN,TRUCK, requests against the carefully fin
18916-1,18916,1068,74,1,34.00,32948.04,0.04,0.07,N,O,1996-04-09,1996-03-22,1996-04-16,COLLECT COD,MAIL,oldly ironic foxes believe; blithely
18916-2,18916,296,97,2,8.00,9570.32,0.03,0.05,N,O,1996-03-18,1996-03-04,1996-03-28,DELIVER IN PERSON,MAIL, dependencies. 
18916-3,18916,1691,92,3,34.00,54151.46,0.03,0.00,N,O,1996-02-22,1996-02-24,1996-03-01,TAKE BACK RETURN,RAIL, furiously special sheaves. reg
18917-1,18917,1697,80,1,14.00,22381.66,0.04,0.00,R,F,1992-08-09,1992-07-25,1992-08-24,COLLECT COD,FOB,jole pinto beans. sl
18917-2,18917,665,66,2,8.00,12525.28,0.04,0.06,R,F,1992-06-26,1992-06-16,1992-07-22,TAKE BACK RETURN,REG AIR,final foxes. pending 
18918-1,18918,22,23,1,2.00,1844.04,0.10,0.07,A,F,1992-11-02,1993-01-17,1992-11-15,COLLECT COD,MAIL,s the slyly special asymp
18918-2,18918,1090,96,2,21.00,20812.89,0.08,0.05,A,F,1993-01-23,1993-01-17,1993-01-29,COLLECT COD,REG AIR,cuses wake furiously furiou
18918-3,18918,1614,38,3,8.00,12124.88,0.05,0.00,A,F,1992-12-26,1993-01-19,1993-01-24,DELIVER IN PERSON,TRUCK,pecial courts; fur
18918-4,18918,84,10,4,14.00,13777.12,0.03,0.05,A,F,1993-01-11,1992-12-04,1993-02-03,NONE,SHIP, courts. carefully f
18918-5,18918,147,74,5,1.00,1047.14,0.05,0.00,A,F,1993-01-17,1993-01-01,1993-01-19,TAKE BACK RETURN,SHIP,osits. quietly ironic pack
18919-1,18919,421,22,1,13.00,17178.46,0.09,0.02,R,F,1994-09-14,1994-09-08,1994-09-29,NONE,TRUCK,r asymptotes sleep blithely regu
18919-2,18919,662,94,2,3.00,4687.98,0.03,0.06,R,F,1994-10-05,1994-08-29,1994-10-21,TAKE BACK RETURN,TRUCK, instructions. ideas haggle slyly alon
18919-3,18919,462,92,3,16.00,21799.36,0.06,0.02,A,F,1994-10-04,1994-08-04,1994-10-26,COLLECT COD,REG AIR,ccounts breach. quickly unusual de
18944-1,18944,936,71,1,8.00,14695.44,0.06,0.04,N,O,1997-01-05,1997-01-20,1997-01-24,COLLECT COD,TRUCK,after the packages. regular
18944-2,18944,484,72,2,31.00,42918.88,0.06,0.02,N,O,1997-02-11,1996-12-18,1997-03-09,DELIVER IN PERSON,AIR,lar requests wake about the even request
18944-3,18944,677,40,3,16.00,25242.72,0.00,0.07,N,O,1996-11-27,1997-01-04,1996-12-19,DELIVER IN PERSON,FOB, deposits. quickly ironic
18944-4,18944,708,9,4,24.00,38608.80,0.03,0.07,N,O,1996-11-25,1996-11-30,1996-12-13,TAKE BACK RETURN,REG AIR,equests along the
18944-5,18944,381,82,5,25.00,32034.50,0.08,0.02,N,O,1997-01-07,1996-12-07,1997-02-06,DELIVER IN PERSON,MAIL,ar excuses nag 
18944-6,18944,47,98,6,2.00,1894.08,0.03,0.02,N,O,1996-11-27,1996-11-27,1996-11-29,TAKE BACK RETURN,TRUCK,ickly ironic pains. even pinto beans 
18944-7,18944,1075,81,7,22.00,21473.54,0.02,0.00,N,O,1996-12-22,1997-01-25,1996-12-30,TAKE BACK RETURN,REG AIR,ronic ideas boost quickly across the fluff
18945-1,18945,693,56,1,22.00,35061.18,0.03,0.05,A,F,1994-05-05,1994-04-02,1994-05-19,TAKE BACK RETURN,REG AIR," platelets boost final, ironic pinto "
18945-2,18945,663,95,2,49.00,76619.34,0.05,0.07,A,F,1994-03-12,1994-04-11,1994-03-24,COLLECT COD,MAIL," foxes! accounts around the ironic, "
18945-3,18945,563,54,3,18.00,26344.08,0.10,0.06,A,F,1994-03-26,1994-04-04,1994-04-06,DELIVER IN PERSON,FOB, stealthily unusual requests promise 
18945-4,18945,1974,7,4,41.00,76914.77,0.09,0.06,R,F,1994-05-02,1994-03-25,1994-05-09,TAKE BACK RETURN,REG AIR,s even patte
18946-1,18946,164,91,1,45.00,47887.20,0.04,0.08,A,F,1993-07-28,1993-06-24,1993-08-06,TAKE BACK RETURN,FOB,ic packages nod regul
18946-2,18946,1417,35,2,1.00,1318.41,0.02,0.05,R,F,1993-07-23,1993-06-30,1993-07-25,COLLECT COD,SHIP,efully ironic instruction
18947-1,18947,1324,39,1,29.00,35534.28,0.02,0.00,N,O,1997-08-03,1997-09-17,1997-08-30,COLLECT COD,RAIL,slyly ironic packages. furiously unusua
18947-2,18947,651,83,2,30.00,46549.50,0.04,0.06,N,O,1997-07-16,1997-08-23,1997-07-31,TAKE BACK RETURN,SHIP,low attainments ac
18947-3,18947,1680,63,3,42.00,66430.56,0.00,0.01,N,O,1997-09-28,1997-08-15,1997-10-10,TAKE BACK RETURN,MAIL, above the quickly regular ideas wake
18948-1,18948,21,97,1,30.00,27630.60,0.09,0.02,N,O,1996-10-27,1996-10-11,1996-10-29,TAKE BACK RETURN,RAIL,y carefully bold theodo
18948-2,18948,358,15,2,35.00,44042.25,0.00,0.02,N,O,1996-11-02,1996-10-05,1996-11-16,NONE,SHIP,s. excuses are along the p
18948-3,18948,1677,78,3,20.00,31573.40,0.01,0.05,N,O,1996-10-18,1996-11-19,1996-11-10,TAKE BACK RETURN,RAIL, detect slyly above the pinto beans. blit
18948-4,18948,1835,22,4,2.00,3473.66,0.04,0.07,N,O,1996-10-02,1996-11-15,1996-10-31,DELIVER IN PERSON,MAIL,gular notornis boost blithely 
18948-5,18948,1195,68,5,30.00,32885.70,0.06,0.07,N,O,1996-11-20,1996-10-31,1996-12-02,NONE,TRUCK,. regular ideas detect carefully. ca
18949-1,18949,145,98,1,46.00,48076.44,0.08,0.07,N,O,1998-04-21,1998-05-31,1998-05-20,NONE,FOB,"ithely silent, final acc"
18949-2,18949,183,36,2,37.00,40077.66,0.10,0.07,N,O,1998-03-16,1998-05-19,1998-03-20,COLLECT COD,MAIL,"n excuses are at the ironic, final"
18949-3,18949,1711,38,3,43.00,69346.53,0.01,0.07,N,O,1998-05-09,1998-04-22,1998-06-01,TAKE BACK RETURN,SHIP,asymptotes wake fu
18949-4,18949,740,41,4,4.00,6562.96,0.08,0.01,N,O,1998-06-07,1998-05-10,1998-06-15,DELIVER IN PERSON,SHIP,eposits are carefully furiously exp
18949-5,18949,1273,85,5,31.00,36402.37,0.08,0.01,N,O,1998-06-17,1998-05-25,1998-06-30,TAKE BACK RETURN,TRUCK,nto beans affix 
18949-6,18949,868,68,6,26.00,45990.36,0.07,0.05,N,O,1998-03-08,1998-05-08,1998-03-09,NONE,FOB,ages haggle quickly
18950-1,18950,958,93,1,19.00,35320.05,0.04,0.05,R,F,1992-05-24,1992-04-28,1992-06-11,NONE,RAIL,deposits boost above t
18951-1,18951,1675,76,1,22.00,34686.74,0.00,0.06,N,O,1995-10-09,1995-09-14,1995-10-24,COLLECT COD,RAIL,theodolites wake fluffily. carefu
18951-2,18951,1441,59,2,18.00,24163.92,0.09,0.04,N,O,1995-07-17,1995-08-03,1995-08-10,NONE,MAIL,s cajole quickly. accounts need to cajole
18951-3,18951,182,9,3,18.00,19479.24,0.05,0.02,N,O,1995-10-17,1995-09-13,1995-11-08,COLLECT COD,SHIP,hogs sleep furiously carefully regular d
18951-4,18951,23,24,4,47.00,43381.94,0.05,0.05,N,O,1995-09-17,1995-08-30,1995-10-13,COLLECT COD,AIR,". regular sheaves at the regular, furiou"
18951-5,18951,1127,36,5,35.00,35984.20,0.03,0.00,N,O,1995-10-13,1995-09-16,1995-10-28,NONE,REG AIR,ep. pending accounts 
18976-1,18976,1488,6,1,33.00,45852.84,0.07,0.03,N,O,1996-10-06,1996-10-07,1996-10-11,COLLECT COD,AIR,". silent, ironic accoun"
18976-2,18976,831,31,2,45.00,77932.35,0.01,0.07,N,O,1996-10-06,1996-10-04,1996-11-03,COLLECT COD,MAIL,ic deposits grow carefully pending ideas.
18977-1,18977,1842,86,1,16.00,27901.44,0.04,0.07,N,O,1998-02-12,1998-02-10,1998-03-09,DELIVER IN PERSON,SHIP,sts wake furiously. regular ideas cajole 
18977-2,18977,555,16,2,28.00,40755.40,0.07,0.03,N,O,1998-02-10,1998-02-07,1998-03-04,NONE,SHIP,s dolphins sleep fluffily dol
18977-3,18977,1992,37,3,45.00,85229.55,0.02,0.00,N,O,1998-03-24,1998-01-14,1998-03-29,TAKE BACK RETURN,RAIL,"l, regular requests at the ironic "
18978-1,18978,1250,88,1,24.00,27630.00,0.10,0.07,A,F,1992-12-10,1992-11-04,1992-12-13,NONE,FOB,cies above t
18978-2,18978,973,8,2,14.00,26235.58,0.00,0.03,R,F,1992-09-13,1992-10-25,1992-09-19,COLLECT COD,SHIP,deas! blithely ev
18978-3,18978,898,99,3,2.00,3597.78,0.04,0.08,A,F,1992-11-27,1992-10-02,1992-12-17,DELIVER IN PERSON,MAIL,nic requests alongsi
18978-4,18978,115,94,4,15.00,15226.65,0.09,0.06,A,F,1992-12-22,1992-10-23,1993-01-04,NONE,FOB, the slyly ironic pinto be
18978-5,18978,1655,56,5,36.00,56039.40,0.06,0.04,R,F,1992-12-13,1992-09-23,1992-12-27,NONE,TRUCK,ecial foxes wake blithely. qui
18979-1,18979,1026,97,1,13.00,12051.26,0.10,0.05,N,O,1998-07-06,1998-07-11,1998-07-20,COLLECT COD,REG AIR,"to beans. silent, pending p"
18979-2,18979,1236,74,2,1.00,1137.23,0.00,0.06,N,O,1998-05-24,1998-08-08,1998-06-06,TAKE BACK RETURN,FOB,g the packages. express courts lose furiou
18979-3,18979,473,3,3,33.00,45324.51,0.04,0.00,N,O,1998-07-22,1998-07-24,1998-08-09,NONE,FOB,xcuses are around the foxes. unu
18979-4,18979,1749,34,4,46.00,75934.04,0.01,0.03,N,O,1998-08-25,1998-07-08,1998-09-05,DELIVER IN PERSON,REG AIR,ickly around the regular frays
18979-5,18979,1348,49,5,24.00,29984.16,0.00,0.07,N,O,1998-06-30,1998-08-06,1998-07-24,COLLECT COD,REG AIR,g sentiments kindle carefully furiously 
18979-6,18979,1870,71,6,46.00,81506.02,0.03,0.02,N,O,1998-08-18,1998-07-23,1998-08-23,COLLECT COD,RAIL,ith the furiously un
18979-7,18979,1016,52,7,14.00,12838.14,0.09,0.05,N,O,1998-07-27,1998-06-15,1998-08-06,COLLECT COD,SHIP,ruthless platelets
18980-1,18980,711,76,1,7.00,11281.97,0.08,0.07,A,F,1993-06-05,1993-07-12,1993-07-02,TAKE BACK RETURN,FOB, express dependencies sleep never 
18980-2,18980,1537,78,2,39.00,56102.67,0.00,0.05,R,F,1993-05-16,1993-06-23,1993-05-31,COLLECT COD,FOB,ts sleep bold accounts. carefully
18980-3,18980,301,30,3,41.00,49253.30,0.10,0.05,A,F,1993-07-31,1993-06-21,1993-08-24,TAKE BACK RETURN,TRUCK,s. final foxes according to the caref
18980-4,18980,1989,34,4,34.00,64293.32,0.02,0.07,R,F,1993-05-11,1993-05-30,1993-05-23,COLLECT COD,TRUCK, according to the blithely specia
18980-5,18980,787,20,5,1.00,1687.78,0.02,0.07,A,F,1993-08-10,1993-07-10,1993-08-15,COLLECT COD,REG AIR,furiously 
18980-6,18980,1239,77,6,9.00,10262.07,0.00,0.06,R,F,1993-06-23,1993-07-10,1993-07-17,NONE,TRUCK,ironic courts. slyly regular 
18980-7,18980,1135,8,7,27.00,27975.51,0.08,0.01,A,F,1993-04-26,1993-06-23,1993-05-21,COLLECT COD,REG AIR,ts. pending instru
18981-1,18981,876,10,1,21.00,37314.27,0.00,0.08,N,O,1996-02-28,1996-03-09,1996-03-16,DELIVER IN PERSON,REG AIR,n packages haggle carefully. 
18981-2,18981,14,65,2,23.00,21022.23,0.08,0.07,N,O,1996-05-25,1996-03-29,1996-05-31,TAKE BACK RETURN,FOB,es sleep carefully acr
18981-3,18981,821,21,3,5.00,8609.10,0.08,0.02,N,O,1996-04-19,1996-04-20,1996-05-17,COLLECT COD,TRUCK,ke slyly ironic epitaphs
18981-4,18981,1764,65,4,41.00,68296.16,0.09,0.03,N,O,1996-04-17,1996-04-13,1996-05-10,COLLECT COD,AIR,lyly final requests cajole quickly al
18982-1,18982,345,30,1,35.00,43586.90,0.03,0.08,N,O,1998-07-06,1998-06-04,1998-07-25,DELIVER IN PERSON,FOB,ly ironic pinto beans play furiously fin
18982-2,18982,1528,29,2,32.00,45744.64,0.09,0.03,N,O,1998-05-21,1998-05-04,1998-06-02,COLLECT COD,AIR,"al, final deposits haggle after th"
18983-1,18983,1772,99,1,7.00,11716.39,0.09,0.05,A,F,1992-09-12,1992-10-22,1992-10-04,NONE,REG AIR,"refully alongside of the final, specia"
19008-1,19008,789,54,1,16.00,27036.48,0.09,0.06,N,O,1997-02-25,1997-02-09,1997-03-06,DELIVER IN PERSON,TRUCK,"nic pinto beans wake. regular, sly instruc"
19009-1,19009,1131,68,1,2.00,2064.26,0.02,0.07,R,F,1992-03-29,1992-06-22,1992-04-16,TAKE BACK RETURN,SHIP, alongside of the slyly final excuse
19010-1,19010,1520,1,1,47.00,66811.44,0.10,0.07,A,F,1994-06-24,1994-08-18,1994-07-09,TAKE BACK RETURN,MAIL, the fluffily final
19010-2,19010,1660,61,2,42.00,65589.72,0.00,0.02,R,F,1994-07-20,1994-08-28,1994-08-19,COLLECT COD,MAIL,furiously regular pa
19010-3,19010,1510,91,3,31.00,43756.81,0.09,0.02,A,F,1994-09-21,1994-07-16,1994-10-19,NONE,AIR,riously. quickl
19010-4,19010,807,74,4,50.00,85390.00,0.01,0.06,R,F,1994-09-07,1994-08-29,1994-09-12,DELIVER IN PERSON,REG AIR,y unusual r
19011-1,19011,910,45,1,42.00,76058.22,0.10,0.05,N,O,1997-03-30,1997-04-16,1997-04-27,COLLECT COD,MAIL,. requests nag quick
19012-1,19012,364,21,1,48.00,60689.28,0.06,0.06,A,F,1993-06-19,1993-05-16,1993-07-14,NONE,REG AIR,odolites impress
19013-1,19013,167,46,1,18.00,19208.88,0.02,0.06,N,O,1997-12-01,1997-12-21,1997-12-28,NONE,TRUCK,ccounts. blithely silent foxes us
19014-1,19014,856,57,1,3.00,5270.55,0.02,0.04,N,O,1997-11-21,1997-11-08,1997-12-12,NONE,RAIL,"nal, thin gr"
19014-2,19014,1600,81,2,46.00,69073.60,0.03,0.00,N,O,1997-12-30,1997-10-31,1998-01-27,NONE,SHIP,ites integrate
19014-3,19014,1030,36,3,47.00,43758.41,0.05,0.00,N,O,1998-01-13,1997-12-06,1998-02-05,DELIVER IN PERSON,REG AIR,refully even
19014-4,19014,776,73,4,48.00,80484.96,0.10,0.00,N,O,1998-01-15,1997-11-11,1998-01-18,TAKE BACK RETURN,FOB,sly final foxes after the 
19014-5,19014,12,88,5,38.00,34656.38,0.10,0.05,N,O,1997-10-08,1997-11-23,1997-10-26,NONE,REG AIR,s. deposits 
19014-6,19014,1761,4,6,5.00,8313.80,0.04,0.03,N,O,1997-09-30,1997-11-10,1997-10-07,TAKE BACK RETURN,FOB,ions haggl
19015-1,19015,1755,98,1,35.00,57986.25,0.08,0.03,N,O,1998-03-01,1998-04-18,1998-03-03,DELIVER IN PERSON,AIR, quickly ironic requests. idea
19015-2,19015,885,19,2,35.00,62505.80,0.09,0.08,N,O,1998-02-11,1998-03-26,1998-03-10,NONE,AIR,even frets wake slyly acro
19040-1,19040,1346,61,1,38.00,47398.92,0.10,0.04,N,O,1995-12-22,1996-01-23,1996-01-13,DELIVER IN PERSON,REG AIR,structions use slyly asympt
19040-2,19040,1793,94,2,24.00,40674.96,0.02,0.08,N,O,1996-02-28,1996-02-18,1996-03-02,TAKE BACK RETURN,FOB, accounts haggle quickly with the ironic
19040-3,19040,520,81,3,2.00,2841.04,0.09,0.08,N,O,1996-01-31,1996-03-10,1996-02-22,NONE,AIR, slyly regular reque
19040-4,19040,1157,58,4,48.00,50791.20,0.07,0.00,N,O,1996-04-10,1996-03-16,1996-04-13,TAKE BACK RETURN,MAIL,iously alongside of the regular pint
19040-5,19040,619,82,5,2.00,3039.22,0.02,0.03,N,O,1996-03-01,1996-03-05,1996-03-29,COLLECT COD,REG AIR,ously silent a
19040-6,19040,880,80,6,32.00,56988.16,0.03,0.03,N,O,1996-02-28,1996-03-10,1996-03-01,COLLECT COD,TRUCK,e slyly. furiously final accounts print sl
19040-7,19040,795,28,7,14.00,23741.06,0.00,0.04,N,O,1996-01-25,1996-03-08,1996-02-19,TAKE BACK RETURN,REG AIR,e quick pains. furiously final 
19041-1,19041,222,50,1,18.00,20199.96,0.06,0.00,N,O,1995-11-24,1995-09-13,1995-12-21,DELIVER IN PERSON,SHIP,ecial packa
19041-2,19041,521,52,2,2.00,2843.04,0.01,0.04,N,O,1995-09-02,1995-09-29,1995-09-13,NONE,TRUCK,dependencies was slyl
19041-3,19041,1837,81,3,49.00,85202.67,0.00,0.03,N,O,1995-08-24,1995-08-30,1995-09-13,DELIVER IN PERSON,MAIL,"s against the silent, regular de"
19041-4,19041,1405,84,4,19.00,24821.60,0.07,0.08,N,O,1995-11-03,1995-10-09,1995-11-08,TAKE BACK RETURN,TRUCK, carefully even packages cajole. regul
19041-5,19041,848,82,5,23.00,40223.32,0.01,0.07,N,O,1995-10-31,1995-09-10,1995-11-15,TAKE BACK RETURN,MAIL, haggle acc
19041-6,19041,84,85,6,39.00,38379.12,0.00,0.03,N,O,1995-11-05,1995-09-25,1995-11-25,COLLECT COD,REG AIR,excuses haggle furiously even requests. wa
19041-7,19041,1011,47,7,17.00,15504.17,0.03,0.02,N,O,1995-11-08,1995-10-03,1995-12-02,COLLECT COD,MAIL,ggle carefull
19042-1,19042,953,56,1,16.00,29663.20,0.02,0.04,A,F,1994-04-19,1994-04-09,1994-05-13,TAKE BACK RETURN,TRUCK,"ns. special, "
19042-2,19042,1406,46,2,45.00,58833.00,0.04,0.04,R,F,1994-03-22,1994-05-08,1994-04-19,TAKE BACK RETURN,RAIL,y regular instructions are deposits. sly
19042-3,19042,1173,82,3,34.00,36521.78,0.10,0.05,A,F,1994-04-01,1994-04-02,1994-04-26,NONE,REG AIR,le accounts
19042-4,19042,56,82,4,30.00,28681.50,0.01,0.02,R,F,1994-06-05,1994-04-02,1994-07-01,TAKE BACK RETURN,AIR,accounts nag at th
19042-5,19042,902,5,5,43.00,77524.70,0.05,0.07,A,F,1994-06-12,1994-04-14,1994-06-18,DELIVER IN PERSON,SHIP,ly furiously i
19042-6,19042,417,76,6,3.00,3952.23,0.06,0.02,R,F,1994-06-28,1994-04-08,1994-07-11,COLLECT COD,RAIL,"ages against the final, spe"
19042-7,19042,135,62,7,41.00,42440.33,0.07,0.07,A,F,1994-06-10,1994-05-05,1994-06-15,TAKE BACK RETURN,SHIP,ial asymptot
19043-1,19043,699,100,1,5.00,7998.45,0.02,0.06,N,O,1996-03-23,1996-02-08,1996-04-04,TAKE BACK RETURN,RAIL,heodolites hag
19043-2,19043,290,18,2,25.00,29757.25,0.00,0.07,N,O,1995-12-24,1996-02-25,1996-01-04,DELIVER IN PERSON,RAIL,ld pinto beans haggle. reque
19044-1,19044,757,58,1,29.00,48074.75,0.03,0.08,R,F,1992-06-07,1992-06-21,1992-07-01,DELIVER IN PERSON,MAIL,use carefully along the quickly regula
19044-2,19044,211,39,2,19.00,21112.99,0.04,0.08,A,F,1992-07-07,1992-06-22,1992-07-29,NONE,FOB,"- regular, bold i"
19044-3,19044,963,32,3,9.00,16775.64,0.07,0.01,A,F,1992-06-12,1992-07-01,1992-06-13,NONE,TRUCK,into beans. quickly ev
19044-4,19044,1011,17,4,41.00,37392.41,0.08,0.05,A,F,1992-06-22,1992-07-07,1992-07-22,TAKE BACK RETURN,AIR,s. quickly regular accounts are. care
19044-5,19044,1471,50,5,41.00,56271.27,0.08,0.08,A,F,1992-05-07,1992-05-13,1992-05-26,COLLECT COD,FOB,totes above the carefully ironic i
19045-1,19045,1406,7,1,30.00,39222.00,0.04,0.08,N,O,1995-09-06,1995-07-22,1995-09-21,COLLECT COD,REG AIR,lly regular depths. d
19045-2,19045,622,85,2,30.00,45678.60,0.06,0.04,N,F,1995-06-01,1995-07-19,1995-06-18,DELIVER IN PERSON,RAIL,eodolites boost blithely notornis. b
19045-3,19045,1809,39,3,40.00,68432.00,0.06,0.00,N,F,1995-06-07,1995-07-14,1995-07-05,COLLECT COD,SHIP, blithely b
19046-1,19046,526,57,1,19.00,27103.88,0.03,0.07,A,F,1993-06-19,1993-06-15,1993-06-30,NONE,TRUCK,fily after the furiously fin
19046-2,19046,1121,94,2,46.00,47017.52,0.01,0.02,R,F,1993-05-21,1993-05-22,1993-05-24,COLLECT COD,RAIL," special, re"
19047-1,19047,1405,45,1,10.00,13064.00,0.05,0.01,R,F,1994-02-04,1994-03-11,1994-02-16,NONE,MAIL,gle alongside of t
19047-2,19047,18,44,2,45.00,41310.45,0.03,0.01,A,F,1994-03-20,1994-03-09,1994-03-22,DELIVER IN PERSON,FOB,according to the
19047-3,19047,1339,78,3,35.00,43411.55,0.03,0.00,R,F,1994-03-10,1994-03-21,1994-03-29,TAKE BACK RETURN,FOB,es alongside of the enticingly 
19047-4,19047,1375,90,4,28.00,35738.36,0.00,0.01,A,F,1994-04-16,1994-04-20,1994-05-04,TAKE BACK RETURN,SHIP,as hinder furiously blithely fi
19047-5,19047,1113,22,5,39.00,39550.29,0.06,0.01,A,F,1994-03-19,1994-04-25,1994-03-27,NONE,REG AIR,eposits among the busy deposits hagg
19047-6,19047,1429,47,6,42.00,55877.64,0.06,0.08,R,F,1994-05-20,1994-03-10,1994-06-04,DELIVER IN PERSON,MAIL,he final dinos. regular reques
19072-1,19072,1896,83,1,35.00,62926.15,0.03,0.01,N,O,1998-03-02,1998-01-12,1998-03-24,TAKE BACK RETURN,MAIL,ly sly deposits h
19072-2,19072,935,38,2,7.00,12851.51,0.09,0.03,N,O,1998-03-07,1998-01-03,1998-03-31,NONE,FOB,odolites are slyly furiously careful a
19072-3,19072,591,82,3,13.00,19390.67,0.10,0.05,N,O,1998-01-05,1998-01-10,1998-01-17,TAKE BACK RETURN,RAIL,"eas. final, even plate"
19072-4,19072,612,6,4,39.00,58991.79,0.04,0.00,N,O,1998-01-28,1997-12-15,1998-02-23,COLLECT COD,FOB, accounts wake. express foxes use quickly c
19073-1,19073,425,84,1,26.00,34460.92,0.05,0.05,R,F,1994-09-12,1994-09-06,1994-10-12,TAKE BACK RETURN,SHIP,ironic deposits ca
19073-2,19073,217,18,2,23.00,25695.83,0.09,0.01,R,F,1994-07-23,1994-08-09,1994-08-02,NONE,MAIL," foxes. final, i"
19073-3,19073,1537,78,3,43.00,61856.79,0.04,0.03,R,F,1994-10-08,1994-08-26,1994-11-02,COLLECT COD,TRUCK,"oss the regular, unusua"
19073-4,19073,165,44,4,9.00,9586.44,0.05,0.05,R,F,1994-09-14,1994-09-04,1994-09-23,DELIVER IN PERSON,MAIL,the furiously furious platele
19073-5,19073,224,79,5,7.00,7869.54,0.01,0.08,A,F,1994-08-15,1994-08-28,1994-08-26,DELIVER IN PERSON,RAIL,usual theodolites haggle bli
19073-6,19073,1701,44,6,48.00,76929.60,0.04,0.06,A,F,1994-08-02,1994-07-25,1994-08-17,TAKE BACK RETURN,REG AIR,uickly among the depo
19074-1,19074,392,93,1,35.00,45233.65,0.02,0.01,R,F,1992-06-27,1992-08-28,1992-07-16,COLLECT COD,FOB,final accounts.
19074-2,19074,428,58,2,36.00,47823.12,0.05,0.08,A,F,1992-08-16,1992-08-31,1992-08-27,COLLECT COD,REG AIR,ithely among the instr
19074-3,19074,98,24,3,3.00,2994.27,0.01,0.07,A,F,1992-09-23,1992-09-23,1992-10-23,NONE,REG AIR,use carefully around the fluffil
19074-4,19074,1240,78,4,22.00,25107.28,0.03,0.02,A,F,1992-08-11,1992-09-01,1992-08-29,DELIVER IN PERSON,RAIL, could cajole furiously. slyly even package
19075-1,19075,1976,9,1,39.00,73240.83,0.03,0.07,A,F,1994-12-22,1994-11-14,1995-01-18,DELIVER IN PERSON,TRUCK, final dinos thrash carefully 
19075-2,19075,1300,75,2,7.00,8409.10,0.04,0.06,A,F,1994-10-17,1994-12-11,1994-11-08,TAKE BACK RETURN,RAIL,ckages wake slyly
19075-3,19075,903,4,3,12.00,21646.80,0.07,0.06,A,F,1994-11-21,1994-12-07,1994-12-08,TAKE BACK RETURN,MAIL,uests. packages 
19075-4,19075,959,28,4,24.00,44638.80,0.01,0.01,A,F,1994-10-31,1994-11-22,1994-11-17,COLLECT COD,AIR, the requests. package
19075-5,19075,544,45,5,26.00,37558.04,0.04,0.01,R,F,1995-01-22,1994-12-06,1995-02-12,NONE,REG AIR, use along t
19076-1,19076,1003,39,1,30.00,27120.00,0.09,0.02,N,O,1997-02-15,1997-02-22,1997-03-01,COLLECT COD,REG AIR," unusual braids. final,"
19076-2,19076,263,45,2,14.00,16285.64,0.00,0.08,N,O,1997-02-19,1997-02-24,1997-02-20,TAKE BACK RETURN,FOB,"nent, ironic dependencies wake furious"
19076-3,19076,1033,4,3,6.00,5604.18,0.03,0.01,N,O,1997-04-14,1997-03-07,1997-05-13,COLLECT COD,RAIL,y pending ideas. blithely pending pinto
19076-4,19076,412,13,4,13.00,17061.33,0.00,0.08,N,O,1997-02-16,1997-02-15,1997-03-02,COLLECT COD,REG AIR,lithely blithely regular packages. 
19076-5,19076,1245,20,5,12.00,13754.88,0.02,0.07,N,O,1997-03-04,1997-02-06,1997-03-27,DELIVER IN PERSON,SHIP,"ealms. express, regular depos"
19077-1,19077,1748,49,1,48.00,79187.52,0.07,0.08,N,O,1996-03-25,1996-02-27,1996-03-30,TAKE BACK RETURN,RAIL,d excuses. blithely silent decoys 
19077-2,19077,1850,37,2,5.00,8759.25,0.08,0.04,N,O,1996-03-09,1996-03-07,1996-03-18,COLLECT COD,FOB,ial platelets
19077-3,19077,1145,18,3,4.00,4184.56,0.02,0.08,N,O,1996-02-19,1996-04-01,1996-02-29,NONE,MAIL,e carefully bold realms. furiously fi
19077-4,19077,672,4,4,32.00,50325.44,0.08,0.02,N,O,1996-03-22,1996-03-29,1996-03-28,TAKE BACK RETURN,AIR,final requests
19078-1,19078,93,44,1,14.00,13903.26,0.01,0.07,R,F,1994-10-31,1994-09-01,1994-11-06,NONE,MAIL,eep since the slyly final foxes. i
19078-2,19078,815,49,2,10.00,17158.10,0.07,0.02,A,F,1994-08-21,1994-09-07,1994-08-24,COLLECT COD,SHIP,nto beans about the slyly ironic accou
19078-3,19078,1556,97,3,34.00,49556.70,0.09,0.08,R,F,1994-08-15,1994-10-06,1994-09-14,COLLECT COD,AIR, haggle stealthily along the ca
19078-4,19078,1948,37,4,20.00,36998.80,0.08,0.07,A,F,1994-11-13,1994-09-04,1994-11-19,DELIVER IN PERSON,AIR,hockey players boost. fur
19079-1,19079,562,63,1,14.00,20475.84,0.10,0.05,N,O,1998-05-13,1998-05-26,1998-05-20,TAKE BACK RETURN,REG AIR,eodolites. final pinto beans ha
19079-2,19079,754,19,2,44.00,72809.00,0.10,0.04,N,O,1998-05-09,1998-05-25,1998-05-30,TAKE BACK RETURN,FOB,s integrate unusual theodolites. blithe
19079-3,19079,566,27,3,15.00,21998.40,0.05,0.04,N,O,1998-07-11,1998-04-26,1998-07-19,NONE,AIR,olites haggle furiously according to the ca
19079-4,19079,91,42,4,14.00,13875.26,0.00,0.02,N,O,1998-04-07,1998-05-03,1998-04-28,TAKE BACK RETURN,MAIL,"the regular, final deposi"
19104-1,19104,433,63,1,10.00,13334.30,0.09,0.02,R,F,1993-09-09,1993-10-05,1993-10-06,TAKE BACK RETURN,RAIL,"at the ironic, s"
19104-2,19104,1821,8,2,2.00,3445.64,0.10,0.08,A,F,1993-09-16,1993-10-31,1993-10-13,TAKE BACK RETURN,RAIL,ts are quickly ironic request
19104-3,19104,82,33,3,10.00,9820.80,0.05,0.04,A,F,1993-11-06,1993-10-02,1993-11-14,NONE,TRUCK,inst the quickly even requests. brai
19104-4,19104,501,32,4,20.00,28030.00,0.09,0.04,R,F,1993-09-21,1993-10-14,1993-10-13,NONE,SHIP,requests. bold asymptote
19104-5,19104,708,41,5,34.00,54695.80,0.05,0.07,R,F,1993-09-09,1993-11-02,1993-09-21,NONE,AIR,endencies boost alongside of the special d
19104-6,19104,546,37,6,20.00,28930.80,0.10,0.04,R,F,1993-09-29,1993-09-29,1993-10-16,TAKE BACK RETURN,SHIP,blithely special requests according 
19105-1,19105,1539,40,1,14.00,20167.42,0.07,0.03,R,F,1995-01-27,1994-12-31,1995-02-26,DELIVER IN PERSON,AIR,have to are carefully for the
19105-2,19105,1766,51,2,48.00,80052.48,0.01,0.00,A,F,1995-01-28,1994-12-18,1995-02-01,TAKE BACK RETURN,TRUCK,e carefully bold
19105-3,19105,1435,75,3,25.00,33410.75,0.07,0.02,R,F,1995-01-10,1994-12-09,1995-01-20,TAKE BACK RETURN,AIR,ily quickly final deposits. reg
19106-1,19106,281,36,1,6.00,7087.68,0.07,0.04,N,O,1995-07-31,1995-05-31,1995-08-24,COLLECT COD,SHIP, pinto beans. 
19106-2,19106,1113,22,2,32.00,32451.52,0.00,0.05,A,F,1995-05-08,1995-05-25,1995-05-25,NONE,REG AIR,ons haggle along the ironic orbits.
19107-1,19107,1155,92,1,40.00,42246.00,0.10,0.01,N,O,1997-10-29,1997-08-12,1997-11-04,TAKE BACK RETURN,FOB,ts sleep furiously furiou
19107-2,19107,769,34,2,46.00,76808.96,0.10,0.08,N,O,1997-07-29,1997-09-22,1997-08-15,DELIVER IN PERSON,REG AIR,sly fluffily special accounts
19108-1,19108,335,92,1,48.00,59295.84,0.02,0.07,N,O,1996-01-22,1996-01-12,1996-02-07,DELIVER IN PERSON,FOB,en deposits sleep. instruction
19108-2,19108,142,21,2,18.00,18758.52,0.05,0.06,N,O,1996-02-07,1996-01-15,1996-03-04,TAKE BACK RETURN,FOB,usly express dolphins boost furiously
19108-3,19108,296,24,3,23.00,27514.67,0.04,0.00,N,O,1995-11-25,1995-12-12,1995-12-23,NONE,MAIL,its. carefully special pi
19108-4,19108,546,7,4,21.00,30377.34,0.06,0.01,N,O,1995-11-01,1995-12-07,1995-11-16,COLLECT COD,REG AIR,kages serve s
19109-1,19109,1396,73,1,1.00,1297.39,0.03,0.05,R,F,1992-11-11,1992-10-15,1992-11-20,NONE,SHIP,"ns eat carefully regular, i"
19109-2,19109,1802,46,2,10.00,17038.00,0.07,0.08,A,F,1992-11-16,1992-11-09,1992-11-30,TAKE BACK RETURN,RAIL,into beans
19110-1,19110,1950,83,1,21.00,38890.95,0.05,0.08,N,O,1996-07-16,1996-08-02,1996-08-04,COLLECT COD,AIR,s use slyly in place of the qu
19110-2,19110,187,14,2,38.00,41312.84,0.07,0.00,N,O,1996-10-12,1996-07-18,1996-10-29,NONE,SHIP,sleep. slyly bol
19111-1,19111,340,25,1,45.00,55815.30,0.05,0.08,R,F,1995-01-30,1994-12-29,1995-02-21,NONE,MAIL,s nag among the regular theodolites. dep
19111-2,19111,797,98,2,27.00,45840.33,0.02,0.02,R,F,1995-01-22,1994-11-22,1995-01-31,NONE,AIR,nding packages cajole sly
19111-3,19111,1916,61,3,48.00,87259.68,0.08,0.04,R,F,1995-01-04,1994-12-04,1995-01-09,NONE,TRUCK, deposits-- fluffily unusual deposits along
19111-4,19111,166,93,4,26.00,27720.16,0.02,0.04,A,F,1995-01-26,1994-12-14,1995-02-14,NONE,AIR,ms: furiously
19111-5,19111,579,70,5,44.00,65101.08,0.01,0.00,R,F,1994-11-12,1994-11-14,1994-11-22,NONE,FOB,platelets cajole above the qui
19111-6,19111,103,30,6,2.00,2006.20,0.10,0.00,R,F,1994-12-21,1994-12-05,1995-01-13,NONE,AIR,st the slyly unusual requests 
19136-1,19136,1787,88,1,14.00,23642.92,0.01,0.06,R,F,1993-11-03,1993-09-27,1993-11-28,COLLECT COD,RAIL,dolites. car
19137-1,19137,1215,90,1,13.00,14510.73,0.02,0.00,N,O,1995-12-10,1995-11-10,1996-01-03,DELIVER IN PERSON,RAIL,ckly express accounts. special deposits caj
19137-2,19137,188,89,2,32.00,34821.76,0.08,0.08,N,O,1995-10-01,1995-10-08,1995-10-31,DELIVER IN PERSON,AIR,ole furiously along the pearls. furiou
19137-3,19137,950,85,3,23.00,42571.85,0.02,0.02,N,O,1995-11-23,1995-10-03,1995-12-22,TAKE BACK RETURN,MAIL,packages are fluffily slyly final package
19138-1,19138,770,67,1,5.00,8353.85,0.01,0.06,N,O,1995-11-30,1995-11-05,1995-12-06,COLLECT COD,TRUCK, was fluffily. regular dugouts unwind
19138-2,19138,981,82,2,21.00,39521.58,0.02,0.06,N,O,1995-10-31,1995-10-12,1995-11-29,TAKE BACK RETURN,MAIL,wake blithely around the blithely regular 
19138-3,19138,926,61,3,48.00,87692.16,0.09,0.08,N,O,1995-12-24,1995-11-27,1996-01-12,TAKE BACK RETURN,TRUCK,s after the quickly pending reque
19138-4,19138,1827,14,4,11.00,19017.02,0.07,0.01,N,O,1995-12-14,1995-10-30,1995-12-29,NONE,AIR,ular deposits cajole. furiously regular dep
19138-5,19138,1777,62,5,12.00,20145.24,0.06,0.02,N,O,1995-10-23,1995-10-13,1995-10-24,NONE,AIR,kly final epitaphs wa
19139-1,19139,1981,14,1,12.00,22595.76,0.00,0.06,R,F,1993-12-17,1994-02-26,1993-12-26,DELIVER IN PERSON,AIR,ly ironic realms ac
19139-2,19139,1752,53,2,47.00,77726.25,0.09,0.06,R,F,1994-01-13,1994-01-12,1994-02-01,DELIVER IN PERSON,REG AIR, express accou
19139-3,19139,205,6,3,30.00,33156.00,0.04,0.05,A,F,1994-03-18,1994-03-01,1994-04-13,DELIVER IN PERSON,AIR,pending packages nag. regular dugouts i
19139-4,19139,1908,97,4,34.00,61536.60,0.06,0.00,A,F,1994-01-24,1994-01-03,1994-01-29,DELIVER IN PERSON,TRUCK, accounts.
19140-1,19140,1347,62,1,48.00,59920.32,0.02,0.01,A,F,1994-10-02,1994-12-07,1994-10-31,DELIVER IN PERSON,MAIL, dolphins impress sly
19140-2,19140,1697,80,2,37.00,59151.53,0.07,0.00,A,F,1994-10-22,1994-12-19,1994-10-23,TAKE BACK RETURN,FOB,usual deposits haggle. f
19140-3,19140,1448,88,3,11.00,14843.84,0.08,0.03,A,F,1994-10-25,1994-12-08,1994-11-10,NONE,RAIL,ould have to nag furiously regular request
19140-4,19140,1787,14,4,25.00,42219.50,0.05,0.01,A,F,1994-10-16,1994-11-11,1994-11-07,NONE,AIR, blithely regular courts. sly
19140-5,19140,1833,34,5,44.00,76332.52,0.03,0.06,A,F,1994-12-23,1994-10-31,1994-12-27,TAKE BACK RETURN,TRUCK,osits alongside of the f
19140-6,19140,669,32,6,24.00,37671.84,0.00,0.07,A,F,1994-11-18,1994-12-26,1994-12-14,DELIVER IN PERSON,FOB,fully along the carefully pending requ
19141-1,19141,1622,5,1,2.00,3047.24,0.08,0.04,R,F,1993-01-19,1992-12-07,1993-01-26,TAKE BACK RETURN,AIR,s the blithely final in
19141-2,19141,1253,91,2,12.00,13851.00,0.00,0.05,A,F,1992-12-18,1993-01-07,1993-01-13,COLLECT COD,AIR,"e, special requests. blithely ex"
19142-1,19142,554,85,1,13.00,18909.15,0.08,0.04,N,O,1996-11-05,1996-12-02,1996-11-22,DELIVER IN PERSON,REG AIR,ular accounts. quickl
19142-2,19142,9,85,2,16.00,14544.00,0.05,0.04,N,O,1996-12-10,1996-12-17,1997-01-09,NONE,AIR,cajole around the furiously idle ideas
19142-3,19142,1586,27,3,45.00,66941.10,0.04,0.06,N,O,1996-10-05,1996-12-04,1996-11-01,COLLECT COD,MAIL, among the final wart
19142-4,19142,395,80,4,45.00,58292.55,0.04,0.04,N,O,1996-12-23,1996-11-23,1997-01-22,NONE,RAIL,efully after
19142-5,19142,544,5,5,30.00,43336.20,0.05,0.01,N,O,1996-12-24,1996-11-13,1997-01-02,DELIVER IN PERSON,FOB,ven excuses-- slyly 
19142-6,19142,740,41,6,44.00,72192.56,0.00,0.08,N,O,1997-01-12,1996-11-04,1997-02-05,TAKE BACK RETURN,FOB,ing accounts. dependenci
19142-7,19142,177,56,7,29.00,31237.93,0.00,0.05,N,O,1996-11-10,1996-10-28,1996-11-21,NONE,RAIL,. accounts accordi
19143-1,19143,1796,81,1,2.00,3395.58,0.02,0.05,R,F,1993-03-04,1992-12-27,1993-04-02,COLLECT COD,AIR,"ges sleep; ironic, r"
19143-2,19143,1096,97,2,17.00,16950.53,0.07,0.03,A,F,1992-12-09,1992-12-27,1992-12-22,DELIVER IN PERSON,TRUCK,encies hang furiously regular
19143-3,19143,1764,91,3,20.00,33315.20,0.04,0.02,A,F,1993-02-27,1993-01-26,1993-03-28,TAKE BACK RETURN,MAIL,ily. quickly pending accounts above the s
19143-4,19143,1384,99,4,5.00,6426.90,0.00,0.05,A,F,1993-01-14,1992-12-16,1993-01-28,TAKE BACK RETURN,FOB,t the quiet packages. pack
19143-5,19143,977,12,5,22.00,41315.34,0.06,0.05,R,F,1993-02-14,1992-12-25,1993-03-03,COLLECT COD,AIR,lly even platele
19143-6,19143,559,60,6,9.00,13135.95,0.10,0.07,A,F,1992-11-06,1992-12-05,1992-12-06,TAKE BACK RETURN,RAIL,". silent, express accounts accor"
19168-1,19168,1432,11,1,34.00,45336.62,0.05,0.02,N,O,1997-03-08,1997-04-09,1997-04-02,COLLECT COD,SHIP,", express multipliers doubt slyly bo"
19168-2,19168,866,100,2,44.00,77741.84,0.05,0.02,N,O,1997-04-03,1997-04-29,1997-04-29,DELIVER IN PERSON,SHIP,instructions
19169-1,19169,893,60,1,25.00,44847.25,0.05,0.03,N,O,1997-05-23,1997-06-11,1997-06-01,TAKE BACK RETURN,TRUCK,e. carefully ironic deposits doze car
19169-2,19169,142,43,2,21.00,21884.94,0.02,0.07,N,O,1997-06-08,1997-07-27,1997-07-03,TAKE BACK RETURN,AIR,ons. fluffily bold requests along the 
19169-3,19169,124,77,3,26.00,26627.12,0.10,0.05,N,O,1997-07-18,1997-07-04,1997-07-22,NONE,REG AIR,ts engage along 
19169-4,19169,100,76,4,36.00,36003.60,0.08,0.00,N,O,1997-09-05,1997-07-09,1997-09-14,DELIVER IN PERSON,MAIL,ithely regul
19169-5,19169,1061,32,5,15.00,14430.90,0.07,0.06,N,O,1997-05-11,1997-06-16,1997-05-15,TAKE BACK RETURN,RAIL,s the blithely careful asymptotes; pendi
19169-6,19169,292,93,6,48.00,57229.92,0.00,0.08,N,O,1997-05-19,1997-07-27,1997-06-10,DELIVER IN PERSON,REG AIR,nal accounts. careful
19169-7,19169,1476,55,7,43.00,59231.21,0.03,0.06,N,O,1997-07-27,1997-06-11,1997-08-08,TAKE BACK RETURN,MAIL,fluffily even packages detect fur
19170-1,19170,1044,45,1,2.00,1890.08,0.05,0.04,N,O,1997-08-22,1997-06-12,1997-09-18,COLLECT COD,TRUCK,s dazzle according to the sly
19170-2,19170,1860,4,2,2.00,3523.72,0.05,0.06,N,O,1997-06-16,1997-06-23,1997-07-15,TAKE BACK RETURN,SHIP,late. fluffily 
19170-3,19170,1965,98,3,21.00,39206.16,0.02,0.01,N,O,1997-06-04,1997-07-21,1997-07-03,DELIVER IN PERSON,RAIL, carefully. excuses doze accord
19171-1,19171,1398,99,1,35.00,45478.65,0.08,0.07,N,O,1996-11-28,1996-10-27,1996-12-11,NONE,FOB,l theodolites wake furio
19171-2,19171,962,97,2,13.00,24218.48,0.09,0.07,N,O,1996-11-16,1996-10-17,1996-11-20,NONE,MAIL,ests. blithely ruthless pinto 
19171-3,19171,150,29,3,1.00,1050.15,0.09,0.00,N,O,1996-11-06,1996-09-24,1996-11-11,DELIVER IN PERSON,REG AIR,to the furiously silent accounts. c
19171-4,19171,1436,37,4,18.00,24073.74,0.03,0.02,N,O,1996-10-19,1996-11-22,1996-11-09,DELIVER IN PERSON,AIR,s the fluffy instructions cajole furi
19171-5,19171,640,72,5,43.00,66247.52,0.02,0.04,N,O,1996-09-08,1996-10-13,1996-09-24,DELIVER IN PERSON,TRUCK,"ithely pending foxes: express, expre"
19172-1,19172,1424,25,1,33.00,43738.86,0.09,0.07,N,O,1996-03-24,1996-03-25,1996-04-11,TAKE BACK RETURN,FOB, fluffily regular ideas. blithely regular d
19172-2,19172,1846,76,2,24.00,41948.16,0.03,0.07,N,O,1996-05-17,1996-05-17,1996-05-27,DELIVER IN PERSON,TRUCK,f the fluffi
19172-3,19172,912,15,3,15.00,27193.65,0.02,0.01,N,O,1996-03-13,1996-04-03,1996-03-30,DELIVER IN PERSON,FOB,es according t
19172-4,19172,1408,9,4,37.00,48447.80,0.05,0.01,N,O,1996-04-10,1996-04-03,1996-04-16,TAKE BACK RETURN,RAIL,"y. pending, ironic excus"
19172-5,19172,809,76,5,34.00,58133.20,0.00,0.03,N,O,1996-03-21,1996-05-20,1996-03-27,TAKE BACK RETURN,SHIP,old courts
19172-6,19172,1406,46,6,28.00,36607.20,0.08,0.07,N,O,1996-04-22,1996-05-15,1996-05-12,DELIVER IN PERSON,REG AIR, fluffily reg
19172-7,19172,940,41,7,31.00,57069.14,0.07,0.03,N,O,1996-04-03,1996-04-07,1996-04-30,DELIVER IN PERSON,REG AIR,"cies for the bold, ironic excuses n"
19173-1,19173,1957,2,1,15.00,27884.25,0.10,0.03,N,O,1996-01-29,1996-01-13,1996-02-04,NONE,SHIP,the regular asymptotes. qu
19174-1,19174,851,18,1,23.00,40292.55,0.03,0.03,R,F,1993-10-03,1993-08-31,1993-10-20,TAKE BACK RETURN,FOB, express fo
19174-2,19174,787,20,2,35.00,59072.30,0.00,0.06,R,F,1993-08-14,1993-10-09,1993-08-15,TAKE BACK RETURN,RAIL,quests. slyly express instructions c
19174-3,19174,999,2,3,37.00,70299.63,0.04,0.07,A,F,1993-11-05,1993-08-21,1993-12-01,NONE,MAIL,"al somas above the even, bold platelets "
19174-4,19174,1232,33,4,49.00,55528.27,0.05,0.02,A,F,1993-10-29,1993-08-23,1993-11-09,TAKE BACK RETURN,AIR,xpress theodolites. fluffi
19174-5,19174,1386,87,5,1.00,1287.38,0.04,0.05,R,F,1993-10-21,1993-09-04,1993-11-08,NONE,RAIL,ntly final packages above the 
19174-6,19174,166,45,6,43.00,45844.88,0.04,0.04,R,F,1993-10-06,1993-08-21,1993-11-03,COLLECT COD,MAIL, furiously. carefully express asymptot
19174-7,19174,1396,97,7,33.00,42813.87,0.05,0.07,A,F,1993-09-16,1993-10-09,1993-09-17,COLLECT COD,REG AIR,its haggle fluffily above the theo
19175-1,19175,11,62,1,36.00,32796.36,0.05,0.07,R,F,1994-10-21,1994-10-02,1994-11-11,TAKE BACK RETURN,AIR, sometimes even ideas haggle deposits. furi
19175-2,19175,471,1,2,5.00,6857.35,0.09,0.03,R,F,1994-12-07,1994-11-15,1994-12-26,TAKE BACK RETURN,FOB,fix furiously blithely en
19175-3,19175,1084,90,3,14.00,13791.12,0.09,0.07,R,F,1994-10-20,1994-10-21,1994-11-15,COLLECT COD,AIR,"ptotes across the even, unus"
19175-4,19175,453,12,4,42.00,56844.90,0.07,0.08,A,F,1994-12-16,1994-11-11,1995-01-07,TAKE BACK RETURN,AIR,he quickly even asymptotes wake blithely
19175-5,19175,112,65,5,26.00,26314.86,0.09,0.00,R,F,1994-10-25,1994-09-25,1994-11-24,DELIVER IN PERSON,AIR,aggle accounts. asymptotes wake sl
19175-6,19175,359,16,6,6.00,7556.10,0.01,0.06,R,F,1994-09-10,1994-10-09,1994-09-29,NONE,SHIP,kly express escapades nag carefully aga
19175-7,19175,1192,1,7,11.00,12025.09,0.10,0.02,R,F,1994-08-25,1994-10-28,1994-09-07,TAKE BACK RETURN,TRUCK,manent requests in
19200-1,19200,882,49,1,35.00,62400.80,0.04,0.02,N,O,1997-09-23,1997-08-27,1997-10-23,TAKE BACK RETURN,REG AIR, bold deposits wake furiously blithely bol
19200-2,19200,1458,37,2,48.00,65253.60,0.10,0.05,N,O,1997-08-06,1997-08-26,1997-08-17,COLLECT COD,MAIL,kages wake slyly along the de
19200-3,19200,946,49,3,49.00,90500.06,0.08,0.08,N,O,1997-11-02,1997-09-07,1997-11-15,DELIVER IN PERSON,AIR, blithely slyly ironic asymptote
19201-1,19201,1753,80,1,41.00,67844.75,0.07,0.06,N,O,1996-08-21,1996-07-09,1996-09-15,TAKE BACK RETURN,RAIL,t instructions. 
19201-2,19201,1198,35,2,50.00,54959.50,0.07,0.03,N,O,1996-09-15,1996-08-07,1996-10-15,COLLECT COD,REG AIR, final accounts use always even request
19201-3,19201,1837,24,3,20.00,34776.60,0.06,0.01,N,O,1996-09-02,1996-08-10,1996-09-17,COLLECT COD,FOB,ly bold deposits poach along the quickly
19201-4,19201,291,92,4,19.00,22634.51,0.04,0.03,N,O,1996-08-08,1996-08-30,1996-08-23,NONE,SHIP,inal packages. blithely 
19201-5,19201,925,26,5,36.00,65733.12,0.04,0.05,N,O,1996-08-05,1996-07-11,1996-08-12,COLLECT COD,RAIL,y even accounts hinder furio
19201-6,19201,607,70,6,14.00,21106.40,0.05,0.00,N,O,1996-08-23,1996-08-18,1996-08-30,NONE,RAIL,y bold foxes s
19202-1,19202,204,5,1,6.00,6625.20,0.05,0.04,N,O,1998-10-31,1998-09-16,1998-11-14,TAKE BACK RETURN,SHIP,brave deposit
19203-1,19203,632,95,1,25.00,38315.75,0.00,0.07,N,O,1996-11-11,1996-10-19,1996-12-08,DELIVER IN PERSON,FOB,l requests a
19203-2,19203,1567,68,2,26.00,38182.56,0.01,0.01,N,O,1996-08-28,1996-10-17,1996-09-08,DELIVER IN PERSON,MAIL,dependencies haggle furiously. quiet foxe
19203-3,19203,299,100,3,5.00,5996.45,0.03,0.06,N,O,1996-11-26,1996-10-13,1996-12-01,COLLECT COD,SHIP,ely furiously final pinto beans. fi
19203-4,19203,200,53,4,6.00,6601.20,0.10,0.06,N,O,1996-10-10,1996-09-07,1996-10-30,DELIVER IN PERSON,AIR,pecial dolphins sleep slyly alon
19204-1,19204,1408,26,1,3.00,3928.20,0.09,0.08,R,F,1994-12-19,1994-11-05,1995-01-16,COLLECT COD,RAIL,old courts haggle after t
19204-2,19204,752,53,2,1.00,1652.75,0.00,0.04,A,F,1994-11-02,1994-11-14,1994-11-10,COLLECT COD,SHIP,special foxes nag f
19204-3,19204,375,4,3,45.00,57391.65,0.02,0.04,R,F,1994-12-28,1994-11-08,1995-01-07,TAKE BACK RETURN,FOB,y careful platelets. slyly special 
19204-4,19204,1682,83,4,13.00,20587.84,0.00,0.03,A,F,1994-09-23,1994-10-28,1994-10-01,TAKE BACK RETURN,FOB,se across 
19204-5,19204,1627,51,5,12.00,18343.44,0.05,0.07,A,F,1994-10-14,1994-11-29,1994-10-26,NONE,FOB, packages. blithe
19204-6,19204,926,29,6,20.00,36538.40,0.08,0.06,A,F,1994-12-19,1994-11-13,1994-12-23,DELIVER IN PERSON,AIR,ts against the ironic accounts cajo
19204-7,19204,1931,64,7,21.00,38491.53,0.09,0.03,A,F,1994-11-17,1994-11-24,1994-12-04,NONE,FOB,ic accounts wake slyly special 
19205-1,19205,1743,70,1,27.00,44407.98,0.07,0.04,R,F,1993-09-07,1993-10-25,1993-09-12,DELIVER IN PERSON,SHIP,fluffily. quickly e
19205-2,19205,1048,19,2,11.00,10439.44,0.01,0.03,A,F,1993-08-23,1993-10-15,1993-09-04,TAKE BACK RETURN,RAIL, furiously final accounts alon
19205-3,19205,1435,14,3,23.00,30737.89,0.06,0.07,R,F,1993-10-25,1993-10-02,1993-11-17,COLLECT COD,TRUCK,x after the slyly ironic packages
19205-4,19205,1647,71,4,1.00,1548.64,0.07,0.04,R,F,1993-10-07,1993-09-18,1993-10-22,TAKE BACK RETURN,REG AIR,the furiously even deposits. special
19205-5,19205,513,74,5,43.00,60780.93,0.06,0.04,R,F,1993-10-29,1993-09-30,1993-11-27,TAKE BACK RETURN,MAIL,ring ideas sleep acc
19205-6,19205,1909,54,6,40.00,72436.00,0.05,0.08,A,F,1993-09-06,1993-09-17,1993-09-12,TAKE BACK RETURN,SHIP, the fluffily pending packages was furio
19205-7,19205,1062,98,7,20.00,19261.20,0.01,0.07,A,F,1993-08-12,1993-09-13,1993-08-25,NONE,SHIP,s according to the furiously even pinto b
19206-1,19206,205,60,1,22.00,24314.40,0.01,0.07,A,F,1993-04-19,1993-05-08,1993-05-10,DELIVER IN PERSON,SHIP,s boost blithely quickly even acc
19206-2,19206,104,31,2,27.00,27110.70,0.05,0.06,A,F,1993-05-11,1993-06-19,1993-06-03,TAKE BACK RETURN,FOB,ide of the fluffily ironic deposits. d
19206-3,19206,1212,87,3,13.00,14471.73,0.07,0.04,A,F,1993-07-04,1993-05-31,1993-07-30,NONE,MAIL, packages. even deposits along the unusual
19206-4,19206,165,92,4,49.00,52192.84,0.00,0.00,A,F,1993-06-24,1993-05-14,1993-07-06,COLLECT COD,SHIP,es. bravely express frets mold fur
19206-5,19206,803,70,5,43.00,73263.40,0.06,0.05,A,F,1993-07-07,1993-05-14,1993-08-01,COLLECT COD,AIR, deposits according to the quickly
19207-1,19207,1743,70,1,13.00,21381.62,0.09,0.04,A,F,1992-06-05,1992-06-02,1992-06-18,DELIVER IN PERSON,MAIL,ironic braids cajole
19207-2,19207,820,87,2,46.00,79157.72,0.09,0.02,A,F,1992-05-28,1992-04-27,1992-06-13,DELIVER IN PERSON,TRUCK,of the pinto beans. 
19207-3,19207,31,82,3,9.00,8379.27,0.03,0.00,R,F,1992-03-23,1992-05-22,1992-04-13,COLLECT COD,SHIP,even pinto beans boost special a
19207-4,19207,532,33,4,16.00,22920.48,0.10,0.01,A,F,1992-05-10,1992-06-06,1992-05-30,DELIVER IN PERSON,MAIL,ironic asymptotes; requests are furiously
19207-5,19207,994,63,5,12.00,22739.88,0.10,0.08,R,F,1992-05-26,1992-04-15,1992-06-12,NONE,RAIL,es haggle. blithely special instru
19207-6,19207,1331,8,6,8.00,9858.64,0.08,0.03,A,F,1992-06-16,1992-04-24,1992-06-22,COLLECT COD,AIR,are according
19207-7,19207,1283,95,7,27.00,31975.56,0.08,0.06,R,F,1992-05-17,1992-06-09,1992-06-06,COLLECT COD,REG AIR,st pending acc
19232-1,19232,946,15,1,10.00,18469.40,0.03,0.02,R,F,1994-10-18,1994-09-19,1994-10-30,TAKE BACK RETURN,FOB,ronic packag
19232-2,19232,1782,25,2,4.00,6735.12,0.05,0.02,R,F,1994-08-18,1994-08-27,1994-09-14,NONE,SHIP,"gular, unu"
19232-3,19232,1359,98,3,35.00,44112.25,0.02,0.05,R,F,1994-09-16,1994-08-19,1994-10-09,DELIVER IN PERSON,AIR,ly ironic packages cajo
19232-4,19232,383,68,4,29.00,37218.02,0.10,0.02,A,F,1994-10-27,1994-09-15,1994-11-13,TAKE BACK RETURN,REG AIR,ironic dependencies according to the
19232-5,19232,753,86,5,36.00,59535.00,0.01,0.07,R,F,1994-08-10,1994-10-03,1994-08-24,COLLECT COD,AIR,slyly fluffy 
19233-1,19233,1880,24,1,4.00,7127.52,0.00,0.07,R,F,1994-12-30,1995-01-29,1995-01-02,TAKE BACK RETURN,RAIL,as. regular requests of 
19234-1,19234,1122,31,1,25.00,25578.00,0.01,0.06,A,F,1994-02-14,1994-04-20,1994-03-16,TAKE BACK RETURN,RAIL,"excuses. regular, bold ide"
19234-2,19234,420,21,2,8.00,10563.36,0.07,0.08,A,F,1994-04-24,1994-04-12,1994-05-19,DELIVER IN PERSON,AIR,ites wake carefully regular pea
19234-3,19234,348,77,3,48.00,59920.32,0.04,0.02,R,F,1994-02-27,1994-04-14,1994-03-21,DELIVER IN PERSON,REG AIR,even realms haggl
19234-4,19234,1768,69,4,11.00,18367.36,0.09,0.08,A,F,1994-03-29,1994-03-29,1994-04-09,COLLECT COD,FOB,ithely. blithely fina
19234-5,19234,372,73,5,10.00,12723.70,0.05,0.02,A,F,1994-03-15,1994-03-09,1994-03-23,TAKE BACK RETURN,AIR,quickly regular packa
19234-6,19234,1689,90,6,9.00,14316.12,0.03,0.01,R,F,1994-03-23,1994-02-28,1994-03-24,NONE,FOB,sual deposits cajol
19235-1,19235,940,9,1,3.00,5522.82,0.09,0.07,N,O,1996-06-22,1996-06-11,1996-06-23,NONE,SHIP,le carefully against the theodo
19235-2,19235,213,14,2,48.00,53434.08,0.10,0.00,N,O,1996-06-18,1996-05-16,1996-06-19,DELIVER IN PERSON,SHIP,deas haggl
19235-3,19235,1298,99,3,16.00,19188.64,0.05,0.05,N,O,1996-04-22,1996-06-21,1996-04-30,COLLECT COD,REG AIR, depths. blithely ironic platele
19235-4,19235,1002,38,4,49.00,44247.00,0.01,0.05,N,O,1996-06-15,1996-06-21,1996-07-10,DELIVER IN PERSON,SHIP,. ironic instructions a
19236-1,19236,408,67,1,41.00,53644.40,0.05,0.01,N,O,1998-04-17,1998-03-16,1998-04-25,DELIVER IN PERSON,MAIL,"n final, pending asymp"
19236-2,19236,1531,12,2,47.00,67328.91,0.02,0.05,N,O,1998-05-30,1998-04-17,1998-06-01,COLLECT COD,TRUCK,sual packages try to cajole. bold theodo
19236-3,19236,1963,96,3,28.00,52218.88,0.09,0.00,N,O,1998-05-20,1998-03-21,1998-05-30,DELIVER IN PERSON,FOB,n foxes haggle deposi
19236-4,19236,1919,20,4,8.00,14567.28,0.04,0.06,N,O,1998-05-16,1998-03-08,1998-06-13,TAKE BACK RETURN,TRUCK,l packages cajol
19236-5,19236,659,60,5,21.00,32752.65,0.07,0.04,N,O,1998-03-27,1998-03-13,1998-04-09,TAKE BACK RETURN,AIR,"cial, unusu"
19237-1,19237,1108,45,1,36.00,36327.60,0.06,0.00,N,F,1995-06-08,1995-07-05,1995-06-20,NONE,MAIL,quickly final foxes cajole slyly upon the q
19237-2,19237,74,50,2,13.00,12662.91,0.03,0.06,N,O,1995-07-13,1995-06-14,1995-07-17,NONE,MAIL,mptotes. daringly even
19237-3,19237,285,67,3,50.00,59264.00,0.08,0.00,A,F,1995-04-22,1995-05-26,1995-05-09,COLLECT COD,AIR,nic pinto beans. regular accounts alongsi
19237-4,19237,248,76,4,26.00,29854.24,0.01,0.06,R,F,1995-05-18,1995-05-13,1995-06-05,COLLECT COD,REG AIR,totes. carefully r
19237-5,19237,1318,19,5,40.00,48772.40,0.04,0.04,R,F,1995-05-25,1995-06-16,1995-06-01,COLLECT COD,TRUCK,"ronic, final theodolit"
19237-6,19237,1151,88,6,35.00,36825.25,0.01,0.00,N,O,1995-07-23,1995-07-02,1995-08-10,NONE,AIR,eposits. furiously even inst
19238-1,19238,725,22,1,41.00,66654.52,0.08,0.02,N,O,1997-04-05,1997-05-16,1997-04-15,DELIVER IN PERSON,FOB,to beans promise carefully. iro
19238-2,19238,1189,26,2,35.00,38156.30,0.01,0.06,N,O,1997-05-28,1997-04-21,1997-05-30,NONE,REG AIR,. express requests detect car
19238-3,19238,1216,28,3,43.00,48040.03,0.09,0.06,N,O,1997-06-06,1997-05-25,1997-06-21,COLLECT COD,RAIL,ly. pending platelets cajole
19238-4,19238,1580,1,4,33.00,48892.14,0.09,0.00,N,O,1997-04-25,1997-04-22,1997-04-29,TAKE BACK RETURN,SHIP,y unusual deposits detect. bli
19238-5,19238,45,71,5,37.00,34966.48,0.09,0.06,N,O,1997-03-28,1997-05-14,1997-04-22,TAKE BACK RETURN,FOB,nal excuses. bold accounts are 
19239-1,19239,1675,76,1,13.00,20496.71,0.06,0.07,N,O,1996-08-18,1996-06-28,1996-09-02,NONE,AIR,ideas. unusual
19239-2,19239,298,26,2,28.00,33552.12,0.07,0.06,N,O,1996-08-01,1996-06-29,1996-08-20,COLLECT COD,FOB,e of the even deposits. final packa
19264-1,19264,874,74,1,46.00,81644.02,0.09,0.03,N,O,1995-10-16,1995-12-18,1995-11-13,DELIVER IN PERSON,MAIL,ructions breach quickly carefully speci
19264-2,19264,517,78,2,43.00,60952.93,0.04,0.02,N,O,1996-01-11,1995-12-28,1996-02-03,DELIVER IN PERSON,SHIP,nstructions. slyly ironic 
19264-3,19264,1183,56,3,8.00,8673.44,0.02,0.06,N,O,1995-10-14,1995-11-22,1995-10-31,NONE,MAIL,slyly regular pinto beans cajo
19264-4,19264,1825,69,4,21.00,36263.22,0.04,0.02,N,O,1995-12-13,1995-11-23,1995-12-17,DELIVER IN PERSON,RAIL,"ithely regular,"
19264-5,19264,1037,43,5,11.00,10318.33,0.08,0.04,N,O,1996-01-21,1995-11-22,1996-02-01,NONE,REG AIR,e slyly ab
19264-6,19264,231,86,6,24.00,27149.52,0.04,0.05,N,O,1996-01-21,1995-12-18,1996-01-30,DELIVER IN PERSON,FOB,elieve carefull
19265-1,19265,1488,67,1,50.00,69474.00,0.07,0.08,N,O,1997-03-24,1997-02-15,1997-04-23,TAKE BACK RETURN,FOB, deposits accordin
19265-2,19265,604,36,2,30.00,45138.00,0.05,0.04,N,O,1997-04-09,1997-02-27,1997-04-14,TAKE BACK RETURN,REG AIR,deposits. fluffily pending sentiments wi
19265-3,19265,163,16,3,36.00,38273.76,0.01,0.05,N,O,1997-04-17,1997-01-17,1997-04-19,TAKE BACK RETURN,AIR,g deposits boost slyly express theodol
19265-4,19265,97,73,4,25.00,24927.25,0.09,0.00,N,O,1997-03-06,1997-02-08,1997-03-30,TAKE BACK RETURN,RAIL,ithely. furiously unusual instructi
19265-5,19265,1845,75,5,27.00,47164.68,0.06,0.06,N,O,1997-03-14,1997-02-12,1997-03-23,NONE,MAIL,the orbits wake blithely among the caref
19265-6,19265,1063,69,6,35.00,33742.10,0.05,0.05,N,O,1997-03-03,1997-02-15,1997-03-24,COLLECT COD,FOB,"se slyly. final, ironic acc"
19266-1,19266,1964,53,1,9.00,16793.64,0.00,0.04,N,O,1997-09-03,1997-10-08,1997-09-13,TAKE BACK RETURN,TRUCK,ial accounts amo
19266-2,19266,585,76,2,9.00,13370.22,0.02,0.02,N,O,1997-11-03,1997-11-11,1997-11-27,TAKE BACK RETURN,TRUCK,ial instructions sleep furi
19266-3,19266,1840,41,3,32.00,55738.88,0.09,0.00,N,O,1997-10-10,1997-11-12,1997-11-08,DELIVER IN PERSON,AIR,e the final pack
19266-4,19266,911,12,4,30.00,54357.30,0.07,0.06,N,O,1997-09-16,1997-09-28,1997-09-21,TAKE BACK RETURN,SHIP, foxes wake slyly. blithely bold packages 
19266-5,19266,930,99,5,35.00,64082.55,0.07,0.03,N,O,1997-08-23,1997-11-14,1997-08-30,DELIVER IN PERSON,RAIL,ns haggle carefully. enticingly 
19267-1,19267,1152,89,1,5.00,5265.75,0.07,0.06,N,O,1998-05-06,1998-05-19,1998-05-09,TAKE BACK RETURN,RAIL,lly final packag
19267-2,19267,1165,38,2,13.00,13860.08,0.01,0.00,N,O,1998-04-24,1998-03-29,1998-05-01,TAKE BACK RETURN,SHIP,efully regular theodolites 
19268-1,19268,1677,60,1,19.00,29994.73,0.10,0.08,N,O,1998-04-19,1998-05-02,1998-05-17,DELIVER IN PERSON,MAIL,st the thin requests. pending a
19268-2,19268,1185,58,2,50.00,54309.00,0.10,0.00,N,O,1998-05-07,1998-06-06,1998-05-14,TAKE BACK RETURN,REG AIR,s. even requests
19268-3,19268,224,25,3,34.00,38223.48,0.09,0.04,N,O,1998-07-22,1998-05-22,1998-08-06,NONE,MAIL,slyly special ideas wake slyly across t
19268-4,19268,937,40,4,42.00,77193.06,0.03,0.03,N,O,1998-07-14,1998-06-04,1998-07-21,TAKE BACK RETURN,RAIL,ns detect ironic ideas. caref
19268-5,19268,1381,96,5,23.00,29494.74,0.02,0.07,N,O,1998-07-13,1998-05-04,1998-07-29,COLLECT COD,REG AIR,ke blithely above the accounts. excuse
19269-1,19269,132,33,1,18.00,18578.34,0.08,0.06,N,O,1998-10-25,1998-10-03,1998-10-28,DELIVER IN PERSON,MAIL, nod slyly according to the request
19269-2,19269,1328,43,2,22.00,27045.04,0.02,0.00,N,O,1998-10-17,1998-09-03,1998-11-01,COLLECT COD,SHIP,lar deposits wake slyly special ideas
19269-3,19269,1285,97,3,42.00,49823.76,0.03,0.03,N,O,1998-09-13,1998-10-19,1998-10-03,TAKE BACK RETURN,TRUCK, regular foxes. carefully regular
19270-1,19270,87,88,1,40.00,39483.20,0.00,0.02,N,O,1997-11-29,1998-02-01,1997-12-15,DELIVER IN PERSON,SHIP,"ecial, express requests caj"
19270-2,19270,577,78,2,7.00,10342.99,0.08,0.01,N,O,1998-03-17,1997-12-20,1998-03-18,TAKE BACK RETURN,TRUCK,boost closely. furiously 
19270-3,19270,190,69,3,32.00,34886.08,0.07,0.08,N,O,1997-11-28,1998-01-21,1997-12-26,COLLECT COD,AIR,ily regular the
19270-4,19270,1355,56,4,39.00,48997.65,0.04,0.02,N,O,1998-02-16,1997-12-30,1998-03-09,NONE,REG AIR,nts haggle. i
19270-5,19270,1817,61,5,8.00,13750.48,0.06,0.08,N,O,1998-03-10,1998-01-28,1998-04-05,TAKE BACK RETURN,RAIL,"f the regular, ironic request"
19270-6,19270,318,19,6,46.00,56042.26,0.09,0.08,N,O,1998-03-11,1998-02-12,1998-03-26,DELIVER IN PERSON,RAIL,unts. final accounts are blithel
19270-7,19270,996,97,7,9.00,17072.91,0.02,0.02,N,O,1997-12-05,1998-02-16,1998-01-01,COLLECT COD,REG AIR,nic packages. bra
19271-1,19271,310,11,1,26.00,31468.06,0.07,0.05,N,O,1997-03-04,1997-02-08,1997-03-10,TAKE BACK RETURN,MAIL,theodolites inte
19271-2,19271,1484,63,2,25.00,34637.00,0.10,0.06,N,O,1997-03-04,1996-12-29,1997-03-16,TAKE BACK RETURN,SHIP,gle about the 
19271-3,19271,431,90,3,26.00,34617.18,0.04,0.00,N,O,1996-12-23,1997-02-19,1997-01-13,TAKE BACK RETURN,SHIP, accounts sleep blithely acc
19271-4,19271,1229,4,4,27.00,30515.94,0.03,0.01,N,O,1997-03-11,1997-02-02,1997-03-12,COLLECT COD,REG AIR,nag carefully alongside of the caref
19296-1,19296,759,56,1,29.00,48132.75,0.05,0.01,A,F,1993-07-01,1993-05-27,1993-07-04,COLLECT COD,REG AIR,packages are furiously. furi
19296-2,19296,909,10,2,18.00,32578.20,0.01,0.01,R,F,1993-05-28,1993-06-03,1993-06-25,TAKE BACK RETURN,AIR,snooze after
19296-3,19296,1718,3,3,32.00,51830.72,0.05,0.07,A,F,1993-06-10,1993-06-09,1993-06-17,COLLECT COD,AIR,l excuses. blithely iro
19296-4,19296,1049,20,4,12.00,11400.48,0.09,0.02,R,F,1993-04-21,1993-06-11,1993-04-22,DELIVER IN PERSON,TRUCK,ymptotes haggle carefully about the as
19296-5,19296,789,54,5,16.00,27036.48,0.03,0.08,A,F,1993-07-11,1993-06-05,1993-07-15,COLLECT COD,REG AIR,ily ironic dependen
19296-6,19296,1196,33,6,23.00,25235.37,0.09,0.07,R,F,1993-06-03,1993-07-10,1993-06-09,TAKE BACK RETURN,RAIL,ssly across 
19296-7,19296,1328,5,7,26.00,31962.32,0.01,0.06,R,F,1993-07-24,1993-05-27,1993-08-13,TAKE BACK RETURN,RAIL,its. ironic packages sleep sl
19297-1,19297,655,18,1,9.00,14000.85,0.01,0.07,N,O,1996-07-14,1996-07-02,1996-08-03,TAKE BACK RETURN,REG AIR,"fully requests. unusual, special acco"
19297-2,19297,1695,37,2,21.00,33530.49,0.10,0.00,N,O,1996-06-03,1996-05-29,1996-06-06,DELIVER IN PERSON,REG AIR, poach. slyly unusual platelets between th
19297-3,19297,1731,58,3,42.00,68574.66,0.09,0.05,N,O,1996-05-17,1996-07-06,1996-05-29,COLLECT COD,TRUCK, pending excu
19298-1,19298,825,26,1,33.00,56952.06,0.02,0.01,N,O,1997-10-28,1997-10-09,1997-11-23,COLLECT COD,SHIP,ular theodolites use
19298-2,19298,1857,58,2,3.00,5276.55,0.06,0.04,N,O,1997-09-10,1997-11-18,1997-09-18,DELIVER IN PERSON,RAIL,above the expre
19298-3,19298,1321,36,3,39.00,47670.48,0.01,0.08,N,O,1997-12-08,1997-09-21,1997-12-23,DELIVER IN PERSON,MAIL,luffily. carefully final theo
19298-4,19298,205,33,4,42.00,46418.40,0.01,0.01,N,O,1997-09-12,1997-10-24,1997-09-29,TAKE BACK RETURN,SHIP,l packages cajole furiously
19298-5,19298,1871,58,5,27.00,47867.49,0.06,0.03,N,O,1997-10-20,1997-11-10,1997-10-24,COLLECT COD,FOB,g carefully blithely ironic requests. 
19299-1,19299,765,66,1,33.00,54970.08,0.02,0.01,R,F,1994-07-03,1994-06-11,1994-07-14,TAKE BACK RETURN,MAIL,ong the silently special fo
19299-2,19299,1885,72,2,33.00,58967.04,0.07,0.08,A,F,1994-05-29,1994-05-12,1994-06-06,DELIVER IN PERSON,SHIP,eas boost final instructions.
19299-3,19299,584,85,3,38.00,56414.04,0.05,0.05,A,F,1994-05-06,1994-04-19,1994-05-22,DELIVER IN PERSON,MAIL,dolphins integrate carefully 
19299-4,19299,435,94,4,23.00,30714.89,0.01,0.05,A,F,1994-04-25,1994-05-17,1994-05-16,TAKE BACK RETURN,RAIL,bold requests promise fur
19299-5,19299,1253,28,5,10.00,11542.50,0.02,0.06,R,F,1994-04-25,1994-06-13,1994-04-28,DELIVER IN PERSON,REG AIR,e even theod
19299-6,19299,219,74,6,49.00,54841.29,0.02,0.06,R,F,1994-04-29,1994-05-10,1994-05-02,NONE,TRUCK,"ular courts affix. regular, special th"
19300-1,19300,1203,41,1,9.00,9937.80,0.09,0.02,A,F,1995-02-07,1995-02-15,1995-02-17,COLLECT COD,SHIP,s? carefully special deposits cajole fur
19300-2,19300,1655,79,2,32.00,49812.80,0.04,0.05,A,F,1995-01-13,1995-02-12,1995-01-18,TAKE BACK RETURN,RAIL,quickly pending packages nag along the bo
19300-3,19300,1665,48,3,28.00,43866.48,0.08,0.07,A,F,1995-03-24,1995-03-16,1995-04-04,TAKE BACK RETURN,MAIL,egular packages imp
19300-4,19300,1120,93,4,2.00,2042.24,0.02,0.07,R,F,1995-01-12,1995-03-06,1995-01-28,DELIVER IN PERSON,SHIP,ross the fluffily regular request
19300-5,19300,729,30,5,41.00,66818.52,0.06,0.07,A,F,1995-03-22,1995-02-18,1995-03-25,COLLECT COD,FOB,efully final reques
19301-1,19301,1582,3,1,10.00,14835.80,0.02,0.04,R,F,1992-04-14,1992-06-02,1992-04-22,TAKE BACK RETURN,REG AIR,d ideas according to the
19301-2,19301,741,38,2,43.00,70594.82,0.01,0.01,A,F,1992-07-13,1992-06-21,1992-08-10,TAKE BACK RETURN,SHIP,ithely. qu
19301-3,19301,1516,37,3,46.00,65205.46,0.05,0.04,R,F,1992-06-24,1992-05-03,1992-07-17,DELIVER IN PERSON,TRUCK,instructions: furi
19301-4,19301,1180,17,4,1.00,1081.18,0.03,0.04,A,F,1992-07-31,1992-06-03,1992-08-24,DELIVER IN PERSON,SHIP,. final accounts use slyly. pinto bea
19302-1,19302,1193,66,1,49.00,53615.31,0.03,0.00,N,O,1998-10-19,1998-07-26,1998-10-29,TAKE BACK RETURN,REG AIR,nst the bold packages use furiously along t
19302-2,19302,1802,46,2,28.00,47706.40,0.01,0.01,N,O,1998-07-01,1998-08-16,1998-07-27,COLLECT COD,FOB,ckages nag slyly caref
19302-3,19302,457,87,3,23.00,31221.35,0.00,0.05,N,O,1998-10-24,1998-08-18,1998-11-16,TAKE BACK RETURN,MAIL,hely regular the
19303-1,19303,1801,2,1,2.00,3405.60,0.07,0.04,A,F,1993-04-30,1993-03-14,1993-05-28,COLLECT COD,AIR,ly. quickly ironic deposits boost flu
19303-2,19303,1816,60,2,42.00,72148.02,0.01,0.05,R,F,1993-04-23,1993-05-02,1993-05-22,DELIVER IN PERSON,AIR,he packages. slyly special pinto beans a
19303-3,19303,1788,31,3,28.00,47313.84,0.02,0.05,A,F,1993-02-11,1993-04-29,1993-03-01,NONE,MAIL,ironic theodolites. accounts across th
19303-4,19303,1708,51,4,9.00,14487.30,0.02,0.01,R,F,1993-02-10,1993-04-18,1993-02-21,TAKE BACK RETURN,SHIP,losely careful pearl
19303-5,19303,216,17,5,22.00,24556.62,0.08,0.00,R,F,1993-02-11,1993-03-09,1993-02-23,TAKE BACK RETURN,RAIL,ggle. depo
19328-1,19328,87,88,1,9.00,8883.72,0.08,0.04,N,O,1997-11-25,1997-11-09,1997-12-24,COLLECT COD,AIR,fix blithely regular packages-- fi
19328-2,19328,1579,60,2,48.00,71067.36,0.01,0.08,N,O,1998-01-02,1997-12-11,1998-01-19,DELIVER IN PERSON,RAIL,long the blithely 
19328-3,19328,1962,95,3,42.00,78286.32,0.06,0.08,N,O,1997-11-01,1997-11-18,1997-11-18,TAKE BACK RETURN,MAIL, dependencies above the carefully quick r
19328-4,19328,559,90,4,27.00,39407.85,0.00,0.06,N,O,1997-12-26,1997-12-11,1998-01-07,NONE,TRUCK,deposits nod blithely against the ironic r
19329-1,19329,1467,68,1,26.00,35579.96,0.10,0.02,R,F,1993-03-22,1993-04-20,1993-04-05,NONE,AIR,ithely final a
19329-2,19329,275,57,2,32.00,37608.64,0.06,0.01,R,F,1993-07-07,1993-05-07,1993-07-21,DELIVER IN PERSON,REG AIR,sits sleep furiously. furiously
19330-1,19330,642,43,1,50.00,77132.00,0.06,0.00,N,O,1997-07-13,1997-06-04,1997-08-07,NONE,REG AIR,ts above the furiously unusual ideas caj
19330-2,19330,817,51,2,34.00,58405.54,0.02,0.06,N,O,1997-07-09,1997-06-25,1997-08-08,COLLECT COD,MAIL,. carefully brave foxes detect a
19330-3,19330,1884,14,3,41.00,73221.08,0.09,0.04,N,O,1997-06-18,1997-07-04,1997-07-07,COLLECT COD,AIR,ns are furiously: quietly even packages do
19331-1,19331,1233,34,1,40.00,45369.20,0.03,0.03,N,O,1997-08-05,1997-06-01,1997-08-13,DELIVER IN PERSON,REG AIR,its. sauternes integrate slyly a
19331-2,19331,1183,20,2,15.00,16262.70,0.01,0.03,N,O,1997-08-06,1997-06-24,1997-08-07,TAKE BACK RETURN,RAIL,y ironic packages wake a
19332-1,19332,22,48,1,45.00,41490.90,0.10,0.00,R,F,1992-05-14,1992-04-18,1992-05-25,TAKE BACK RETURN,REG AIR,es are evenly.
19332-2,19332,616,48,2,44.00,66730.84,0.06,0.03,A,F,1992-03-14,1992-04-01,1992-03-24,DELIVER IN PERSON,MAIL,ses. furiously
19332-3,19332,804,4,3,48.00,81830.40,0.06,0.06,A,F,1992-05-11,1992-05-21,1992-05-27,TAKE BACK RETURN,MAIL,"ess. ironic, unusual accou"
19332-4,19332,1354,31,4,1.00,1255.35,0.08,0.03,R,F,1992-06-16,1992-04-10,1992-07-10,TAKE BACK RETURN,REG AIR,after the stealthily final acco
19332-5,19332,814,81,5,46.00,78881.26,0.05,0.00,A,F,1992-05-28,1992-04-16,1992-06-02,NONE,SHIP,ets? furiously silent requests are 
19333-1,19333,819,19,1,10.00,17198.10,0.06,0.05,R,F,1993-06-19,1993-06-30,1993-07-07,TAKE BACK RETURN,REG AIR,nal packages h
19333-2,19333,462,21,2,4.00,5449.84,0.07,0.02,A,F,1993-06-16,1993-06-30,1993-07-13,NONE,SHIP,furiously ironic depende
19333-3,19333,781,78,3,43.00,72316.54,0.06,0.06,A,F,1993-05-14,1993-06-10,1993-05-23,COLLECT COD,RAIL, sometimes ironic a
19333-4,19333,1501,42,4,50.00,70125.00,0.07,0.05,R,F,1993-05-31,1993-06-05,1993-06-20,NONE,AIR,riously final deposits engage-- quickl
19333-5,19333,22,23,5,3.00,2766.06,0.09,0.04,R,F,1993-06-27,1993-05-29,1993-07-05,NONE,TRUCK,ly furiously regular de
19333-6,19333,517,8,6,7.00,9922.57,0.05,0.02,R,F,1993-07-02,1993-06-10,1993-07-18,TAKE BACK RETURN,MAIL,sts. furiously e
19333-7,19333,737,38,7,5.00,8188.65,0.04,0.03,R,F,1993-06-23,1993-05-31,1993-06-29,NONE,AIR,y ironic deposits wake. carefull
19334-1,19334,1198,35,1,49.00,53860.31,0.06,0.06,N,O,1997-08-24,1997-10-04,1997-09-18,COLLECT COD,SHIP,eodolites. final platelet
19334-2,19334,404,34,2,29.00,37827.60,0.04,0.03,N,O,1997-10-12,1997-10-25,1997-11-06,NONE,AIR,ns? fluffily final pack
19334-3,19334,644,7,3,29.00,44794.56,0.03,0.00,N,O,1997-08-28,1997-09-11,1997-09-25,COLLECT COD,MAIL, use furiously reg
19335-1,19335,708,9,1,4.00,6434.80,0.05,0.07,N,O,1997-10-26,1997-12-08,1997-11-09,DELIVER IN PERSON,TRUCK,s. slyly regu
19335-2,19335,1820,7,2,43.00,74038.26,0.05,0.04,N,O,1997-12-31,1997-10-31,1998-01-13,TAKE BACK RETURN,SHIP,- pending pinto
19335-3,19335,616,48,3,10.00,15166.10,0.03,0.07,N,O,1997-10-09,1997-11-29,1997-11-02,DELIVER IN PERSON,AIR,posits. carefully final packages haggle
19335-4,19335,519,80,4,48.00,68136.48,0.03,0.02,N,O,1997-12-20,1997-10-11,1997-12-25,COLLECT COD,REG AIR,nder the furiously even dept
19360-1,19360,1356,71,1,28.00,35205.80,0.06,0.05,N,O,1996-12-30,1996-11-16,1997-01-16,NONE,SHIP,counts. quietly bold re
19360-2,19360,1559,100,2,34.00,49658.70,0.03,0.00,N,O,1996-12-26,1996-11-22,1997-01-12,TAKE BACK RETURN,REG AIR,he quickly fluffy warhorses. 
19361-1,19361,1294,95,1,17.00,20319.93,0.02,0.07,R,F,1992-11-28,1992-12-20,1992-12-06,TAKE BACK RETURN,TRUCK, wake carefully carefully final instructio
19361-2,19361,1650,74,2,6.00,9309.90,0.10,0.06,A,F,1992-10-11,1992-12-10,1992-10-14,COLLECT COD,TRUCK,"riously bold, bold dependencies."
19361-3,19361,1883,13,3,29.00,51761.52,0.06,0.03,R,F,1992-11-13,1992-12-06,1992-11-24,DELIVER IN PERSON,AIR,ckages nag quickly. requests are t
19361-4,19361,1408,87,4,21.00,27497.40,0.05,0.00,A,F,1992-10-09,1992-11-07,1992-10-12,NONE,MAIL,quickly silent pinto beans.
19361-5,19361,1922,23,5,49.00,89372.08,0.06,0.07,R,F,1992-11-06,1992-11-11,1992-11-23,COLLECT COD,MAIL,requests haggle blithely. fluffily regul
19361-6,19361,1065,66,6,21.00,20287.26,0.10,0.01,A,F,1992-10-27,1992-11-04,1992-10-28,NONE,TRUCK,ound the regu
19361-7,19361,498,57,7,37.00,51744.13,0.00,0.03,A,F,1992-11-18,1992-12-17,1992-12-15,DELIVER IN PERSON,TRUCK,fluffily pendi
19362-1,19362,1145,82,1,49.00,51260.86,0.03,0.06,N,O,1997-10-07,1997-10-07,1997-10-30,TAKE BACK RETURN,AIR,ven packages. blithely special foxes lo
19362-2,19362,580,41,2,25.00,37014.50,0.08,0.02,N,O,1997-09-25,1997-10-09,1997-10-16,NONE,REG AIR,gainst the furiou
19362-3,19362,1323,62,3,6.00,7345.92,0.06,0.03,N,O,1997-09-02,1997-10-21,1997-09-30,TAKE BACK RETURN,SHIP,sly silent requests. bravely un
19362-4,19362,1408,26,4,12.00,15712.80,0.05,0.07,N,O,1997-10-30,1997-10-18,1997-11-18,TAKE BACK RETURN,TRUCK,the accounts use f
19363-1,19363,1801,31,1,23.00,39164.40,0.00,0.05,N,O,1995-09-30,1995-09-17,1995-10-04,TAKE BACK RETURN,TRUCK,wind quickly reg
19363-2,19363,35,86,2,4.00,3740.12,0.06,0.00,N,O,1995-07-25,1995-08-15,1995-08-03,TAKE BACK RETURN,MAIL,ecial ideas haggle brave
19363-3,19363,1790,91,3,35.00,59212.65,0.07,0.01,N,O,1995-10-24,1995-08-17,1995-10-27,TAKE BACK RETURN,AIR, ideas wake blithely. s
19363-4,19363,1629,30,4,26.00,39796.12,0.00,0.04,N,O,1995-10-26,1995-09-08,1995-10-27,TAKE BACK RETURN,AIR,"ealthy, pending"
19363-5,19363,908,11,5,38.00,68738.20,0.08,0.06,N,O,1995-09-06,1995-09-26,1995-09-16,NONE,AIR,otes wake against the
19363-6,19363,440,41,6,3.00,4021.32,0.01,0.00,N,O,1995-11-02,1995-08-05,1995-11-09,COLLECT COD,REG AIR,quests wake furiously
19363-7,19363,1521,42,7,47.00,66858.44,0.07,0.03,N,O,1995-10-21,1995-10-04,1995-11-13,COLLECT COD,SHIP,"final, regular foxes are carefully"
19364-1,19364,1435,14,1,17.00,22719.31,0.02,0.01,N,O,1997-10-26,1997-12-11,1997-11-16,COLLECT COD,AIR,y final pint
19364-2,19364,695,89,2,32.00,51062.08,0.02,0.00,N,O,1998-01-09,1998-01-02,1998-01-30,TAKE BACK RETURN,SHIP,lphins are blithely iro
19365-1,19365,1866,67,1,31.00,54803.66,0.06,0.04,A,F,1995-04-15,1995-03-04,1995-05-14,DELIVER IN PERSON,FOB,"ages. ironic, final escapades"
19365-2,19365,322,51,2,26.00,31780.32,0.09,0.08,A,F,1995-04-25,1995-04-16,1995-05-20,NONE,MAIL,usly final hockey players use aga
19365-3,19365,1091,97,3,13.00,12897.17,0.05,0.02,A,F,1995-03-22,1995-03-30,1995-04-07,DELIVER IN PERSON,REG AIR,into beans use quickly furiously regular 
19365-4,19365,906,7,4,38.00,68662.20,0.07,0.07,R,F,1995-03-29,1995-03-15,1995-04-02,TAKE BACK RETURN,TRUCK,"ar, even theo"
19366-1,19366,969,4,1,48.00,89758.08,0.00,0.05,A,F,1992-08-27,1992-06-25,1992-09-05,TAKE BACK RETURN,RAIL,"ress, regu"
19366-2,19366,449,50,2,47.00,63423.68,0.05,0.01,A,F,1992-06-01,1992-07-29,1992-06-25,NONE,FOB,long the carefull
19367-1,19367,1292,30,1,5.00,5966.45,0.05,0.08,R,F,1994-07-19,1994-07-07,1994-08-03,NONE,RAIL,"quests. regular, final accounts across th"
19367-2,19367,498,99,2,14.00,19578.86,0.00,0.02,A,F,1994-05-07,1994-05-26,1994-05-17,NONE,RAIL,inos haggle slyly among the carefully fina
19367-3,19367,1842,43,3,31.00,54059.04,0.02,0.08,A,F,1994-05-21,1994-06-24,1994-06-07,DELIVER IN PERSON,AIR,s affix slyly accounts. sly
19392-1,19392,586,17,1,4.00,5946.32,0.08,0.08,N,O,1997-03-17,1997-04-06,1997-03-29,TAKE BACK RETURN,MAIL,cajole. theodolites wake about the
19392-2,19392,867,34,2,9.00,15910.74,0.03,0.04,N,O,1997-04-14,1997-03-21,1997-04-16,TAKE BACK RETURN,MAIL,al theodolites affix blith
19392-3,19392,421,22,3,4.00,5285.68,0.08,0.08,N,O,1997-05-08,1997-03-16,1997-05-17,DELIVER IN PERSON,RAIL,ackages wake quick
19393-1,19393,1104,5,1,40.00,40204.00,0.05,0.07,A,F,1995-04-02,1995-03-26,1995-04-05,DELIVER IN PERSON,TRUCK,kages are slyly fluffily pending pearl
19394-1,19394,1088,24,1,27.00,26705.16,0.02,0.08,R,F,1993-01-10,1993-03-19,1993-01-28,COLLECT COD,RAIL,lites about the deposits haggle ir
19394-2,19394,439,69,2,12.00,16073.16,0.05,0.04,R,F,1993-04-09,1993-03-10,1993-05-09,NONE,MAIL,nst the blithely final deposi
19394-3,19394,1946,91,3,13.00,24023.22,0.10,0.04,R,F,1993-01-10,1993-02-04,1993-01-16,DELIVER IN PERSON,AIR,ly ironic foxes cajole blithe
19394-4,19394,235,17,4,32.00,36327.36,0.09,0.03,R,F,1993-01-02,1993-02-05,1993-01-04,COLLECT COD,MAIL,foxes. silent in
19394-5,19394,1289,27,5,33.00,39279.24,0.05,0.08,R,F,1993-02-11,1993-03-25,1993-02-15,COLLECT COD,AIR,the blithely pending deposits haggle f
19395-1,19395,1405,23,1,40.00,52256.00,0.09,0.07,N,O,1995-12-22,1995-11-01,1996-01-15,NONE,RAIL,unusual accounts. spe
19396-1,19396,510,71,1,4.00,5642.04,0.01,0.00,N,O,1998-08-08,1998-09-04,1998-08-23,DELIVER IN PERSON,MAIL,y express asy
19396-2,19396,119,46,2,2.00,2038.22,0.09,0.02,N,O,1998-09-09,1998-09-03,1998-10-05,DELIVER IN PERSON,TRUCK,s alongside of the slyly final somas nod ca
19396-3,19396,1102,3,3,16.00,16049.60,0.04,0.03,N,O,1998-11-06,1998-10-07,1998-12-03,NONE,REG AIR,lly bold dolphins. carefully express dolp
19396-4,19396,67,93,4,10.00,9670.60,0.02,0.08,N,O,1998-09-20,1998-10-01,1998-10-14,COLLECT COD,SHIP,ts. slyly pen
19396-5,19396,250,78,5,9.00,10352.25,0.02,0.08,N,O,1998-09-07,1998-09-20,1998-09-29,TAKE BACK RETURN,AIR, the packages. 
19397-1,19397,1512,93,1,33.00,46645.83,0.10,0.04,N,O,1997-08-24,1997-09-15,1997-09-21,DELIVER IN PERSON,FOB,ss the requests nag at the slyly 
19397-2,19397,615,78,2,7.00,10609.27,0.08,0.07,N,O,1997-11-12,1997-09-20,1997-12-11,COLLECT COD,REG AIR,efully bold foxes among the bl
19397-3,19397,1495,35,3,46.00,64238.54,0.04,0.01,N,O,1997-09-25,1997-09-23,1997-10-09,NONE,SHIP,ies. carefully 
19397-4,19397,911,80,4,4.00,7247.64,0.06,0.00,N,O,1997-08-08,1997-09-07,1997-09-01,DELIVER IN PERSON,SHIP,he pending deposits boost f
19397-5,19397,1680,81,5,14.00,22143.52,0.05,0.03,N,O,1997-11-08,1997-09-26,1997-12-02,DELIVER IN PERSON,MAIL, regular accounts.
19398-1,19398,917,18,1,29.00,52719.39,0.10,0.07,R,F,1994-10-06,1994-10-22,1994-10-25,TAKE BACK RETURN,REG AIR, accounts. instruct
19398-2,19398,1201,2,2,37.00,40781.40,0.06,0.01,A,F,1994-10-03,1994-10-22,1994-10-05,TAKE BACK RETURN,RAIL, excuses serve furiously carefully regular 
19398-3,19398,695,89,3,31.00,49466.39,0.03,0.06,A,F,1994-09-29,1994-09-15,1994-10-20,NONE,MAIL,ld requests are furiously alongside o
19398-4,19398,661,24,4,23.00,35918.18,0.08,0.02,A,F,1994-10-10,1994-10-30,1994-10-23,DELIVER IN PERSON,REG AIR,ges. deposits are ironic notornis! reques
19398-5,19398,1916,61,5,30.00,54537.30,0.10,0.04,R,F,1994-11-25,1994-09-20,1994-11-28,TAKE BACK RETURN,AIR,cajole carefully
19399-1,19399,410,11,1,4.00,5241.64,0.00,0.08,A,F,1994-04-06,1994-03-17,1994-05-01,NONE,SHIP,s are fluffily reques
19399-2,19399,235,90,2,42.00,47679.66,0.05,0.02,R,F,1994-02-17,1994-04-17,1994-02-19,COLLECT COD,RAIL,posits. bli
19399-3,19399,1042,78,3,18.00,16974.72,0.04,0.05,A,F,1994-05-02,1994-03-05,1994-06-01,TAKE BACK RETURN,RAIL,refully even courts. pending ideas are 
19424-1,19424,1603,86,1,2.00,3009.20,0.02,0.05,N,O,1995-07-31,1995-06-23,1995-08-12,COLLECT COD,SHIP, sleep thin ideas!
19424-2,19424,1780,65,2,12.00,20181.36,0.09,0.06,N,O,1995-07-26,1995-07-01,1995-08-25,NONE,REG AIR, ironic packa
19424-3,19424,638,39,3,23.00,35388.49,0.03,0.07,N,F,1995-06-15,1995-05-13,1995-06-20,NONE,TRUCK,tes. furiously regular accounts after t
19424-4,19424,1370,47,4,37.00,47040.69,0.03,0.06,N,O,1995-07-07,1995-06-12,1995-07-12,DELIVER IN PERSON,AIR,final requests. r
19424-5,19424,1267,68,5,7.00,8177.82,0.07,0.01,N,O,1995-07-27,1995-05-27,1995-08-15,NONE,REG AIR,could have to nag according
19424-6,19424,822,56,6,30.00,51684.60,0.08,0.02,N,O,1995-08-05,1995-06-18,1995-08-17,COLLECT COD,TRUCK,iously fina
19424-7,19424,359,88,7,8.00,10074.80,0.07,0.06,N,F,1995-06-09,1995-06-11,1995-06-29,NONE,TRUCK,cording to the final excuses. furious
19425-1,19425,1182,83,1,45.00,48743.10,0.10,0.02,R,F,1992-11-24,1992-10-31,1992-11-29,DELIVER IN PERSON,REG AIR,ajole slyly packages. furiously
19425-2,19425,1300,12,2,16.00,19220.80,0.01,0.06,R,F,1993-01-24,1992-11-15,1993-01-30,NONE,MAIL,ndencies sleep carefully-- fluffily
19425-3,19425,243,98,3,42.00,48016.08,0.10,0.05,A,F,1993-01-07,1992-10-29,1993-02-01,NONE,REG AIR,ickly final acc
19425-4,19425,1483,62,4,17.00,23536.16,0.03,0.01,R,F,1992-10-19,1992-11-17,1992-10-25,NONE,TRUCK,"after the regular, even courts. slyly"
19426-1,19426,1358,59,1,30.00,37780.50,0.05,0.05,N,O,1998-02-16,1998-01-17,1998-03-04,DELIVER IN PERSON,FOB,instructions. final
19426-2,19426,1956,1,2,39.00,72460.05,0.05,0.05,N,O,1997-12-05,1998-02-05,1997-12-18,DELIVER IN PERSON,FOB,he requests. carefully bold
19426-3,19426,1436,54,3,9.00,12036.87,0.09,0.07,N,O,1998-02-12,1998-01-20,1998-03-06,DELIVER IN PERSON,SHIP,nal foxes use slyly ex
19426-4,19426,402,90,4,29.00,37769.60,0.03,0.01,N,O,1998-03-01,1997-12-28,1998-03-18,TAKE BACK RETURN,MAIL,structions about the packages 
19427-1,19427,159,38,1,7.00,7414.05,0.06,0.05,N,O,1998-09-04,1998-07-15,1998-10-01,COLLECT COD,TRUCK,g deposits-- carefully pending 
19427-2,19427,1623,47,2,26.00,39640.12,0.05,0.02,N,O,1998-09-11,1998-07-02,1998-09-20,COLLECT COD,MAIL,e slyly unusual ideas. blithely final
19427-3,19427,1549,90,3,45.00,65274.30,0.05,0.02,N,O,1998-06-15,1998-07-05,1998-06-30,COLLECT COD,MAIL,g to the acc
19428-1,19428,1817,4,1,26.00,44689.06,0.07,0.00,R,F,1993-06-22,1993-07-27,1993-07-02,COLLECT COD,SHIP,xes past the quietly even pack
19428-2,19428,1038,44,2,11.00,10329.33,0.01,0.03,R,F,1993-06-05,1993-07-23,1993-06-07,NONE,RAIL,lly even ideas wake
19429-1,19429,1140,41,1,44.00,45810.16,0.02,0.00,A,F,1994-09-29,1994-10-13,1994-09-30,TAKE BACK RETURN,TRUCK, to the final theodolites
19429-2,19429,1382,21,2,18.00,23100.84,0.06,0.05,A,F,1994-10-12,1994-11-06,1994-10-13,DELIVER IN PERSON,REG AIR,ular ideas. packages are under the pen
19429-3,19429,188,41,3,18.00,19587.24,0.03,0.07,R,F,1994-08-26,1994-11-20,1994-08-31,COLLECT COD,TRUCK,slyly fluffily brave pinto bean
19429-4,19429,1262,37,4,29.00,33734.54,0.05,0.08,R,F,1994-12-14,1994-09-24,1995-01-05,DELIVER IN PERSON,RAIL,y even foxes above the regular theod
19429-5,19429,1263,1,5,49.00,57048.74,0.03,0.08,A,F,1994-10-09,1994-11-09,1994-11-07,TAKE BACK RETURN,MAIL,ckages along the quic
19429-6,19429,764,97,6,20.00,33295.20,0.08,0.01,A,F,1994-08-31,1994-11-02,1994-09-09,DELIVER IN PERSON,AIR,n requests nag blithely acro
19430-1,19430,707,72,1,1.00,1607.70,0.00,0.00,R,F,1994-01-22,1994-02-09,1994-02-16,DELIVER IN PERSON,REG AIR,onic requests cajo
19430-2,19430,1842,86,2,44.00,76728.96,0.00,0.01,R,F,1993-12-16,1994-01-31,1993-12-21,NONE,MAIL,e fluffily
19430-3,19430,868,69,3,30.00,53065.80,0.07,0.04,A,F,1994-02-11,1994-02-12,1994-02-18,TAKE BACK RETURN,AIR,ons. pending deposits except t
19431-1,19431,1315,16,1,36.00,43787.16,0.07,0.01,A,F,1994-08-09,1994-07-28,1994-08-26,NONE,RAIL,eas. final i
19431-2,19431,1685,27,2,19.00,30146.92,0.06,0.00,R,F,1994-07-11,1994-08-01,1994-07-20,COLLECT COD,AIR,ing requests sleep. carefully brave ac
19431-3,19431,1585,6,3,33.00,49057.14,0.01,0.06,R,F,1994-08-06,1994-07-22,1994-08-20,TAKE BACK RETURN,FOB,furiously. even p
19431-4,19431,134,87,4,17.00,17580.21,0.04,0.03,A,F,1994-07-19,1994-07-04,1994-07-27,COLLECT COD,RAIL,sits. forges after the 
19431-5,19431,1467,46,5,20.00,27369.20,0.05,0.01,R,F,1994-08-18,1994-08-13,1994-09-10,TAKE BACK RETURN,TRUCK, special packages. carefully p
19456-1,19456,1465,44,1,38.00,51925.48,0.05,0.01,N,O,1996-08-09,1996-09-25,1996-08-17,TAKE BACK RETURN,REG AIR,in theodolites. carefully bold theodolit
19456-2,19456,1482,61,2,6.00,8300.88,0.06,0.04,N,O,1996-10-11,1996-09-10,1996-11-08,DELIVER IN PERSON,FOB,"y express theodolites. busy, speci"
19456-3,19456,497,85,3,30.00,41924.70,0.02,0.06,N,O,1996-10-07,1996-09-23,1996-11-03,NONE,SHIP,slyly regular packages.
19456-4,19456,1177,50,4,41.00,44204.97,0.08,0.05,N,O,1996-10-26,1996-08-13,1996-11-13,NONE,AIR,cajole: quickly expres
19456-5,19456,1194,95,5,13.00,14237.47,0.03,0.00,N,O,1996-08-26,1996-09-17,1996-09-01,DELIVER IN PERSON,REG AIR,eposits cajole about the slyl
19456-6,19456,594,55,6,50.00,74729.50,0.02,0.03,N,O,1996-08-06,1996-08-27,1996-08-15,DELIVER IN PERSON,AIR,uests hang slyly
19457-1,19457,435,23,1,25.00,33385.75,0.03,0.08,R,F,1994-07-16,1994-09-13,1994-08-06,COLLECT COD,RAIL,hely unusual foxes
19457-2,19457,1554,35,2,23.00,33477.65,0.04,0.04,R,F,1994-09-06,1994-10-07,1994-09-08,DELIVER IN PERSON,FOB, haggle about the quickly pending depo
19457-3,19457,551,42,3,35.00,50804.25,0.04,0.00,R,F,1994-08-21,1994-08-26,1994-09-12,DELIVER IN PERSON,REG AIR, foxes are furiously according to t
19458-1,19458,819,86,1,9.00,15478.29,0.04,0.02,N,O,1996-07-17,1996-07-28,1996-08-03,DELIVER IN PERSON,RAIL,"according to the regular, even"
19458-2,19458,1882,83,2,24.00,42813.12,0.06,0.01,N,O,1996-08-23,1996-06-27,1996-09-10,COLLECT COD,AIR,ss excuses doze furiously after the quickl
19458-3,19458,1229,30,3,28.00,31646.16,0.00,0.01,N,O,1996-09-06,1996-06-27,1996-09-30,COLLECT COD,AIR,"about the silent, silent foxes boost beside"
19458-4,19458,1311,12,4,28.00,33944.68,0.09,0.07,N,O,1996-08-22,1996-07-07,1996-08-25,DELIVER IN PERSON,TRUCK,eas use alongside of the furiously r
19458-5,19458,1235,47,5,23.00,26133.29,0.03,0.05,N,O,1996-09-05,1996-07-16,1996-10-02,DELIVER IN PERSON,FOB,lyly ruthlessly 
19458-6,19458,1494,12,6,13.00,18141.37,0.03,0.05,N,O,1996-05-31,1996-08-18,1996-06-05,NONE,MAIL,"ding pinto beans. silent, ironic packages"
19459-1,19459,1586,87,1,33.00,49090.14,0.08,0.07,N,O,1996-10-20,1996-10-27,1996-11-09,NONE,AIR, according to the fluffily close exc
19460-1,19460,1015,16,1,36.00,32976.36,0.01,0.03,N,O,1998-01-28,1998-02-27,1998-02-17,DELIVER IN PERSON,TRUCK, slyly regular requests acro
19460-2,19460,646,9,2,34.00,52585.76,0.02,0.00,N,O,1998-03-31,1998-02-18,1998-04-18,DELIVER IN PERSON,SHIP,special foxes alongside of the sly
19460-3,19460,1508,9,3,33.00,46513.50,0.06,0.05,N,O,1998-03-16,1998-02-19,1998-04-10,COLLECT COD,RAIL,y ironic packages boost
19460-4,19460,1573,54,4,24.00,35389.68,0.05,0.07,N,O,1998-01-27,1998-03-11,1998-02-03,DELIVER IN PERSON,FOB,g deposits cajole furiously. slyly speci
19460-5,19460,814,48,5,33.00,56588.73,0.08,0.03,N,O,1998-02-26,1998-03-09,1998-03-13,COLLECT COD,MAIL,", slow pin"
19460-6,19460,426,14,6,20.00,26528.40,0.05,0.02,N,O,1998-03-30,1998-03-06,1998-04-13,COLLECT COD,REG AIR,pending packages sleep across the pending d
19460-7,19460,1920,53,7,31.00,56479.52,0.01,0.04,N,O,1998-02-28,1998-02-14,1998-03-10,TAKE BACK RETURN,FOB,ly even requests are carefully carefull
19461-1,19461,1868,69,1,18.00,31857.48,0.00,0.01,N,O,1998-09-06,1998-09-18,1998-09-12,NONE,FOB, furiously regular dinos. blithely 
19461-2,19461,215,70,2,3.00,3345.63,0.09,0.01,N,O,1998-11-06,1998-09-12,1998-12-06,DELIVER IN PERSON,TRUCK, careful foxes dou
19461-3,19461,1534,35,3,33.00,47372.49,0.03,0.08,N,O,1998-11-18,1998-09-02,1998-12-13,COLLECT COD,REG AIR,jole blithely 
19461-4,19461,920,89,4,48.00,87404.16,0.04,0.06,N,O,1998-08-16,1998-09-15,1998-09-06,COLLECT COD,FOB,w pinto beans are
19461-5,19461,569,60,5,44.00,64660.64,0.04,0.00,N,O,1998-11-05,1998-10-12,1998-11-30,TAKE BACK RETURN,MAIL,nal ideas. slyly ironic deposits alongsi
19461-6,19461,150,51,6,9.00,9451.35,0.10,0.07,N,O,1998-08-18,1998-09-16,1998-09-06,TAKE BACK RETURN,AIR,ironic theodolites-- sl
19462-1,19462,944,45,1,10.00,18449.40,0.09,0.02,N,O,1995-12-11,1995-11-10,1995-12-22,DELIVER IN PERSON,FOB,ar pinto beans. slyly bo
19462-2,19462,592,83,2,25.00,37314.75,0.09,0.01,N,O,1996-01-01,1995-11-26,1996-01-22,COLLECT COD,REG AIR,n dolphins poach above the blithely iron
19462-3,19462,1172,81,3,15.00,16097.55,0.08,0.08,N,O,1995-11-27,1995-10-22,1995-11-29,COLLECT COD,MAIL,kly express 
19462-4,19462,131,84,4,18.00,18560.34,0.01,0.04,N,O,1995-12-27,1995-11-23,1996-01-11,DELIVER IN PERSON,REG AIR,lly even packages wake blithely ag
19462-5,19462,762,95,5,22.00,36580.72,0.07,0.08,N,O,1995-11-30,1995-11-28,1995-12-30,DELIVER IN PERSON,FOB,kages. special gifts boost slyly. q
19463-1,19463,1377,54,1,9.00,11505.33,0.09,0.06,N,O,1996-05-26,1996-06-06,1996-06-24,TAKE BACK RETURN,RAIL,detect quickly special 
19488-1,19488,471,72,1,47.00,64459.09,0.05,0.03,N,O,1998-10-28,1998-10-02,1998-11-26,DELIVER IN PERSON,MAIL,al dolphins thrash against the final
19488-2,19488,393,78,2,11.00,14227.29,0.03,0.02,N,O,1998-11-02,1998-10-06,1998-11-08,TAKE BACK RETURN,REG AIR,ns. slyly final packages against the furi
19488-3,19488,699,31,3,25.00,39992.25,0.05,0.02,N,O,1998-09-06,1998-09-25,1998-09-18,NONE,AIR,de of the blithely ironic requests
19488-4,19488,1299,100,4,29.00,34808.41,0.03,0.08,N,O,1998-07-13,1998-10-07,1998-07-29,NONE,RAIL, slyly even pinto beans haggle 
19488-5,19488,1627,69,5,27.00,41272.74,0.04,0.01,N,O,1998-09-02,1998-09-18,1998-09-19,DELIVER IN PERSON,AIR,etimes. carefully ironic theodolites
19488-6,19488,794,95,6,43.00,72875.97,0.06,0.04,N,O,1998-10-30,1998-09-13,1998-11-15,TAKE BACK RETURN,TRUCK,osits detect finally. carefully expres
19489-1,19489,1390,67,1,46.00,59403.94,0.00,0.08,N,O,1998-06-11,1998-05-05,1998-06-23,DELIVER IN PERSON,REG AIR,ilent deposits. furiously f
19489-2,19489,1770,71,2,18.00,30091.86,0.07,0.01,N,O,1998-06-15,1998-05-23,1998-07-15,NONE,MAIL, deposits impress fluf
19489-3,19489,1948,93,3,25.00,46248.50,0.00,0.00,N,O,1998-05-08,1998-05-04,1998-05-23,DELIVER IN PERSON,FOB," special, regular asymptotes slee"
19489-4,19489,420,50,4,33.00,43573.86,0.02,0.06,N,O,1998-07-15,1998-06-21,1998-07-17,TAKE BACK RETURN,FOB,dencies. carefully
19490-1,19490,1332,9,1,43.00,53033.19,0.08,0.04,N,O,1996-11-18,1996-10-17,1996-11-23,COLLECT COD,SHIP,ironic accounts. instructi
19490-2,19490,482,12,2,11.00,15207.28,0.08,0.08,N,O,1996-11-08,1996-10-31,1996-12-07,COLLECT COD,SHIP,"ully among the special, regula"
19490-3,19490,1648,72,3,6.00,9297.84,0.00,0.01,N,O,1996-12-06,1996-09-30,1996-12-20,DELIVER IN PERSON,FOB,tions use carefully. express packages are
19491-1,19491,553,14,1,19.00,27617.45,0.06,0.01,A,F,1993-12-01,1993-12-06,1993-12-13,COLLECT COD,FOB,ptotes use against the blithely f
19492-1,19492,100,51,1,20.00,20002.00,0.02,0.03,A,F,1994-03-24,1994-02-08,1994-04-02,COLLECT COD,FOB,s cajole blithely exp
19492-2,19492,946,15,2,49.00,90500.06,0.10,0.04,A,F,1994-01-10,1994-03-06,1994-01-28,DELIVER IN PERSON,FOB,ously even accounts. furio
19492-3,19492,670,33,3,36.00,56544.12,0.10,0.08,R,F,1994-03-07,1994-01-22,1994-03-21,NONE,RAIL,al requests ag
19492-4,19492,153,54,4,15.00,15797.25,0.07,0.08,R,F,1994-04-01,1994-02-07,1994-04-06,DELIVER IN PERSON,AIR,"re platelets. regular, ironic theodol"
19492-5,19492,1136,73,5,39.00,40448.07,0.02,0.00,R,F,1994-04-08,1994-02-14,1994-04-17,NONE,TRUCK,ithely speci
19492-6,19492,584,45,6,41.00,60867.78,0.03,0.04,A,F,1994-02-09,1994-02-03,1994-02-22,NONE,RAIL,"cial pinto beans. final, regul"
19493-1,19493,1430,9,1,22.00,29291.46,0.02,0.00,A,F,1994-05-13,1994-03-22,1994-05-22,COLLECT COD,TRUCK,re blithely packages. asymptotes nag
19493-2,19493,1098,99,2,35.00,34968.15,0.05,0.05,A,F,1994-06-04,1994-03-11,1994-06-22,COLLECT COD,MAIL,r theodolites 
19493-3,19493,922,25,3,32.00,58333.44,0.10,0.05,R,F,1994-03-19,1994-04-20,1994-03-20,TAKE BACK RETURN,SHIP," carefully ironic, final dependenci"
19494-1,19494,1144,45,1,36.00,37625.04,0.01,0.08,A,F,1993-03-04,1993-02-25,1993-04-02,NONE,REG AIR,even packages; quietly 
19494-2,19494,85,61,2,7.00,6895.56,0.09,0.07,A,F,1993-04-14,1993-03-26,1993-04-30,DELIVER IN PERSON,FOB,e dependencies haggle quickly after 
19495-1,19495,1943,32,1,21.00,38743.74,0.09,0.06,N,O,1998-03-16,1998-03-24,1998-04-15,COLLECT COD,AIR,ake carefu
19495-2,19495,222,23,2,46.00,51622.12,0.05,0.08,N,O,1998-04-07,1998-04-17,1998-04-23,COLLECT COD,REG AIR,he slyly ironic foxes. even foxes at the d
19520-1,19520,231,86,1,46.00,52036.58,0.04,0.05,R,F,1992-05-31,1992-06-25,1992-06-22,NONE,RAIL,in accounts above the regularly unusual 
19521-1,19521,1489,29,1,26.00,36152.48,0.00,0.02,A,F,1995-03-18,1995-01-27,1995-04-08,TAKE BACK RETURN,SHIP,ithely pending package
19521-2,19521,1204,42,2,36.00,39787.20,0.09,0.08,R,F,1995-01-05,1995-01-30,1995-01-19,DELIVER IN PERSON,AIR,special in
19521-3,19521,1745,46,3,23.00,37875.02,0.10,0.01,R,F,1995-02-02,1995-01-23,1995-02-07,COLLECT COD,MAIL, about the ironic reques
19521-4,19521,711,12,4,8.00,12893.68,0.10,0.03,R,F,1994-12-20,1995-01-23,1995-01-07,TAKE BACK RETURN,REG AIR,ingly permanent excuses
19522-1,19522,1652,76,1,18.00,27965.70,0.05,0.01,A,F,1995-02-11,1994-12-29,1995-02-16,COLLECT COD,RAIL,slyly against th
19522-2,19522,1492,10,2,41.00,57133.09,0.09,0.00,R,F,1994-11-29,1995-01-14,1994-12-15,NONE,AIR,tes haggle carefully furiously final reques
19523-1,19523,897,97,1,9.00,16181.01,0.00,0.00,N,O,1996-02-15,1996-02-15,1996-02-20,NONE,FOB,g the slyly unusual de
19523-2,19523,679,42,2,11.00,17376.37,0.10,0.03,N,O,1996-03-11,1996-02-20,1996-03-18,TAKE BACK RETURN,MAIL, requests. deposits according to the slyl
19523-3,19523,1185,94,3,13.00,14120.34,0.00,0.07,N,O,1995-12-22,1996-02-12,1995-12-26,TAKE BACK RETURN,TRUCK,ake furiously accord
19523-4,19523,1454,55,4,26.00,35241.70,0.10,0.01,N,O,1995-12-15,1996-01-10,1996-01-07,NONE,AIR,regular foxes-
19523-5,19523,53,54,5,24.00,22873.20,0.03,0.06,N,O,1996-02-25,1996-01-10,1996-02-27,COLLECT COD,REG AIR,y regular pinto 
19524-1,19524,1473,91,1,25.00,34361.75,0.08,0.08,R,F,1993-02-25,1993-02-16,1993-03-07,TAKE BACK RETURN,TRUCK,mptotes: busy instructions use. car
19524-2,19524,193,46,2,27.00,29516.13,0.02,0.05,A,F,1993-03-30,1993-03-30,1993-04-09,NONE,TRUCK,y across the instructions. fin
19524-3,19524,1750,35,3,41.00,67721.75,0.10,0.06,A,F,1993-01-16,1993-04-08,1993-01-22,COLLECT COD,RAIL, furiously around the ideas. u
19524-4,19524,1312,27,4,1.00,1213.31,0.02,0.07,R,F,1993-04-10,1993-03-09,1993-05-04,TAKE BACK RETURN,RAIL,e blithely about the slyly ironi
19524-5,19524,996,99,5,27.00,51218.73,0.10,0.06,R,F,1993-04-07,1993-03-08,1993-04-28,TAKE BACK RETURN,TRUCK,s are furiously fluffily final p
19525-1,19525,1097,98,1,41.00,40921.69,0.02,0.06,N,O,1998-03-15,1998-01-02,1998-04-13,TAKE BACK RETURN,AIR,hely express waters haggl
19525-2,19525,1182,83,2,47.00,50909.46,0.01,0.02,N,O,1998-03-05,1998-01-16,1998-03-13,TAKE BACK RETURN,REG AIR,ly ironic deposits. furiously fi
19525-3,19525,1337,38,3,23.00,28481.59,0.03,0.00,N,O,1998-01-12,1998-01-03,1998-01-20,DELIVER IN PERSON,FOB,o beans around t
19525-4,19525,1678,79,4,11.00,17376.37,0.08,0.08,N,O,1998-02-19,1998-02-13,1998-03-12,DELIVER IN PERSON,SHIP,packages sleep furiously across
19525-5,19525,1721,22,5,37.00,60040.64,0.05,0.05,N,O,1998-03-11,1998-02-02,1998-03-22,NONE,TRUCK,o beans above the carefully ca
19526-1,19526,347,48,1,4.00,4989.36,0.02,0.06,A,F,1994-10-26,1994-12-20,1994-11-12,NONE,TRUCK,l deposits.
19526-2,19526,1761,4,2,9.00,14964.84,0.10,0.01,A,F,1994-11-18,1994-12-06,1994-12-08,NONE,RAIL,"out the pending, thin p"
19527-1,19527,894,28,1,27.00,48462.03,0.07,0.08,N,O,1996-07-21,1996-07-27,1996-08-11,DELIVER IN PERSON,AIR,ests. furiously silent theodolit
19527-2,19527,1068,69,2,19.00,18412.14,0.10,0.02,N,O,1996-07-21,1996-08-09,1996-07-29,NONE,SHIP,ic accounts cajole carefully amon
19527-3,19527,635,67,3,30.00,46068.90,0.00,0.06,N,O,1996-07-20,1996-09-07,1996-08-11,DELIVER IN PERSON,AIR,d packages alongside of 
19527-4,19527,219,47,4,28.00,31337.88,0.10,0.08,N,O,1996-06-10,1996-07-20,1996-06-27,DELIVER IN PERSON,MAIL,symptotes need to cajole quickly packages!
19552-1,19552,342,71,1,36.00,44724.24,0.01,0.06,N,O,1996-11-24,1996-12-14,1996-12-16,NONE,RAIL,use carefully
19553-1,19553,433,21,1,28.00,37336.04,0.01,0.03,N,O,1997-05-05,1997-03-25,1997-05-27,DELIVER IN PERSON,MAIL,"onic, unusual warhorses. dependencies s"
19553-2,19553,333,90,2,28.00,34533.24,0.00,0.05,N,O,1997-03-02,1997-05-03,1997-03-23,DELIVER IN PERSON,FOB,ts solve according
19554-1,19554,1506,47,1,26.00,36595.00,0.02,0.07,N,F,1995-06-13,1995-05-30,1995-06-20,NONE,FOB,cial requests use busily.
19554-2,19554,1817,47,2,28.00,48126.68,0.09,0.01,A,F,1995-05-20,1995-06-21,1995-05-23,TAKE BACK RETURN,MAIL,lphins wake about the fluffily bold platele
19554-3,19554,1519,20,3,49.00,69604.99,0.05,0.07,N,F,1995-06-06,1995-07-14,1995-06-26,NONE,REG AIR,"inal, ironic"
19554-4,19554,554,55,4,45.00,65454.75,0.09,0.00,A,F,1995-06-05,1995-06-09,1995-06-09,TAKE BACK RETURN,SHIP,l instructions. quickly even id
19554-5,19554,250,78,5,42.00,48310.50,0.07,0.07,N,F,1995-06-15,1995-07-14,1995-07-06,DELIVER IN PERSON,AIR,"n platelets cajole. special, unusua"
19555-1,19555,1189,62,1,50.00,54509.00,0.05,0.00,A,F,1993-02-25,1993-05-08,1993-02-26,TAKE BACK RETURN,FOB,ns integrate quic
19555-2,19555,80,6,2,11.00,10780.88,0.04,0.02,R,F,1993-06-09,1993-05-06,1993-06-26,NONE,AIR,s haggle slyly final requests!
19555-3,19555,775,76,3,29.00,48597.33,0.06,0.05,A,F,1993-05-29,1993-04-11,1993-06-24,TAKE BACK RETURN,SHIP,thless ideas play blithel
19555-4,19555,1092,98,4,29.00,28799.61,0.09,0.07,A,F,1993-03-14,1993-05-10,1993-04-07,NONE,REG AIR,nding accounts across the dependencies
19555-5,19555,1877,78,5,7.00,12452.09,0.01,0.02,R,F,1993-06-09,1993-04-19,1993-07-09,TAKE BACK RETURN,REG AIR, regular packages are slyly fur
19555-6,19555,179,6,6,18.00,19425.06,0.04,0.02,A,F,1993-05-31,1993-04-03,1993-06-10,NONE,RAIL,ironic requ
19556-1,19556,1671,54,1,38.00,59761.46,0.10,0.04,A,F,1994-02-22,1994-03-14,1994-03-22,TAKE BACK RETURN,SHIP,posits nag sometimes
19556-2,19556,292,93,2,12.00,14307.48,0.00,0.02,A,F,1994-03-16,1994-03-18,1994-04-06,TAKE BACK RETURN,REG AIR,boost. slyly sp
19556-3,19556,1164,37,3,1.00,1065.16,0.04,0.08,R,F,1994-01-19,1994-03-27,1994-02-07,COLLECT COD,TRUCK,. pending foxes sleep across 
19556-4,19556,677,40,4,29.00,45752.43,0.03,0.00,R,F,1994-02-23,1994-02-07,1994-03-25,DELIVER IN PERSON,TRUCK,lyly fluffil
19556-5,19556,1958,91,5,14.00,26039.30,0.02,0.08,A,F,1994-04-19,1994-02-18,1994-04-22,TAKE BACK RETURN,SHIP,long the fluffily special requests.
19556-6,19556,1378,79,6,21.00,26866.77,0.03,0.03,A,F,1994-01-17,1994-03-14,1994-01-29,DELIVER IN PERSON,MAIL,"ly bold, regular ideas. bold, regular fr"
19556-7,19556,1900,30,7,31.00,55858.90,0.04,0.01,A,F,1994-01-24,1994-03-22,1994-01-29,COLLECT COD,AIR,ual deposits sleep. carefully even
19557-1,19557,1550,71,1,30.00,43546.50,0.04,0.08,N,O,1996-01-24,1995-11-30,1996-01-25,DELIVER IN PERSON,AIR,efully express packages wa
19557-2,19557,674,68,2,19.00,29918.73,0.09,0.07,N,O,1995-12-05,1996-01-05,1995-12-25,TAKE BACK RETURN,RAIL,e slyly unusual r
19557-3,19557,242,43,3,47.00,53685.28,0.06,0.08,N,O,1995-11-20,1996-01-11,1995-12-16,DELIVER IN PERSON,REG AIR, deposits wake carefully id
19557-4,19557,371,28,4,45.00,57211.65,0.01,0.03,N,O,1996-01-06,1996-01-06,1996-01-23,TAKE BACK RETURN,SHIP, accounts sleep 
19557-5,19557,1726,53,5,44.00,71619.68,0.01,0.03,N,O,1995-11-04,1996-01-29,1995-12-03,DELIVER IN PERSON,RAIL,arefully unus
19557-6,19557,1501,22,6,38.00,53295.00,0.07,0.00,N,O,1996-01-09,1996-01-15,1996-02-02,COLLECT COD,FOB,eodolites. caref
19557-7,19557,1529,30,7,18.00,25749.36,0.01,0.04,N,O,1996-02-29,1996-01-28,1996-03-10,DELIVER IN PERSON,REG AIR,ss sometimes along the foxes. quickly reg
19558-1,19558,182,35,1,34.00,36794.12,0.02,0.08,R,F,1995-04-25,1995-05-26,1995-04-26,TAKE BACK RETURN,SHIP,nto beans. accounts above the pinto b
19558-2,19558,1532,33,2,2.00,2867.06,0.06,0.02,A,F,1995-04-24,1995-05-24,1995-05-04,NONE,AIR,ructions. slyly unusua
19558-3,19558,1669,11,3,44.00,69109.04,0.10,0.04,A,F,1995-03-22,1995-04-24,1995-03-24,COLLECT COD,SHIP,es haggle across the final re
19559-1,19559,542,33,1,44.00,63471.76,0.08,0.04,A,F,1993-08-07,1993-06-12,1993-08-25,TAKE BACK RETURN,REG AIR,xcuses. stealthy 
19559-2,19559,1369,84,2,46.00,58436.56,0.03,0.05,R,F,1993-05-20,1993-05-17,1993-06-18,NONE,REG AIR,boldly final requests.
19559-3,19559,1293,94,3,43.00,51354.47,0.02,0.04,A,F,1993-07-16,1993-06-27,1993-08-14,TAKE BACK RETURN,MAIL,es. carefully regular instructions en
19559-4,19559,834,1,4,49.00,85006.67,0.03,0.06,A,F,1993-07-26,1993-06-24,1993-07-30,NONE,REG AIR,es. unusual pinto bean
19559-5,19559,1275,87,5,34.00,39993.18,0.09,0.07,A,F,1993-08-05,1993-07-01,1993-08-27,TAKE BACK RETURN,RAIL,regular ideas haggle after the
19584-1,19584,1801,45,1,48.00,81734.40,0.09,0.07,R,F,1994-08-15,1994-06-05,1994-09-06,NONE,TRUCK,"slyly ironic, unusual foxes. pen"
19584-2,19584,1490,91,2,38.00,52876.62,0.03,0.05,A,F,1994-06-26,1994-06-17,1994-07-16,TAKE BACK RETURN,FOB,"ing, special requests behind the furious"
19584-3,19584,1546,87,3,15.00,21713.10,0.00,0.07,A,F,1994-05-11,1994-06-26,1994-05-21,DELIVER IN PERSON,TRUCK,ly fluffy requests above the
19585-1,19585,1609,51,1,13.00,19637.80,0.03,0.06,N,O,1997-12-07,1997-10-07,1997-12-09,NONE,RAIL,ironic asy
19585-2,19585,1799,84,2,25.00,42519.75,0.08,0.05,N,O,1997-11-28,1997-10-09,1997-12-26,NONE,SHIP,"g, pending requests. quickly express somas "
19585-3,19585,1754,97,3,20.00,33115.00,0.05,0.08,N,O,1997-11-12,1997-11-05,1997-12-01,TAKE BACK RETURN,MAIL,courts. packages snooze 
19585-4,19585,456,44,4,18.00,24416.10,0.00,0.04,N,O,1997-09-21,1997-11-03,1997-10-08,DELIVER IN PERSON,FOB,tegrate fluffily blithely
19586-1,19586,873,40,1,3.00,5321.61,0.04,0.04,R,F,1993-01-08,1993-01-07,1993-01-26,TAKE BACK RETURN,FOB,fluffily quickly final forges. furi
19587-1,19587,646,78,1,13.00,20106.32,0.09,0.05,A,F,1994-12-08,1994-11-08,1995-01-02,COLLECT COD,TRUCK,ackages are furiously. final pinto
19587-2,19587,1383,84,2,19.00,24403.22,0.04,0.00,A,F,1994-11-14,1994-09-26,1994-12-08,TAKE BACK RETURN,FOB, bold packages sleep never unu
19587-3,19587,1726,27,3,35.00,56970.20,0.02,0.03,R,F,1994-12-02,1994-10-09,1994-12-31,DELIVER IN PERSON,FOB,ages haggle 
19587-4,19587,932,35,4,24.00,43990.32,0.02,0.01,R,F,1994-12-15,1994-10-13,1994-12-24,TAKE BACK RETURN,SHIP,lar requests at the quickly re
19587-5,19587,1591,92,5,20.00,29851.80,0.07,0.06,A,F,1994-09-10,1994-09-24,1994-09-25,COLLECT COD,TRUCK, regular requests serve. 
19587-6,19587,1465,83,6,44.00,60124.24,0.00,0.06,R,F,1994-11-27,1994-10-29,1994-12-11,TAKE BACK RETURN,TRUCK,ounts sleep furiousl
19588-1,19588,302,59,1,15.00,18034.50,0.06,0.00,N,O,1995-07-19,1995-09-12,1995-07-25,NONE,FOB,ar theodolites detect. 
19588-2,19588,1716,59,2,45.00,72796.95,0.10,0.04,N,O,1995-06-25,1995-08-26,1995-06-30,TAKE BACK RETURN,SHIP,ructions thra
19588-3,19588,1186,59,3,35.00,38051.30,0.06,0.07,N,O,1995-07-06,1995-08-21,1995-07-20,NONE,FOB,st doggedly always
19588-4,19588,175,2,4,27.00,29029.59,0.01,0.07,N,O,1995-10-07,1995-09-17,1995-10-30,DELIVER IN PERSON,TRUCK, ironic ideas cajole alongside
19589-1,19589,1120,29,1,21.00,21443.52,0.07,0.07,A,F,1992-11-23,1992-10-30,1992-12-05,DELIVER IN PERSON,FOB,"l excuses. even, i"
19589-2,19589,746,11,2,2.00,3293.48,0.00,0.07,A,F,1992-11-24,1992-09-22,1992-11-29,TAKE BACK RETURN,SHIP,or the fluffily regu
19589-3,19589,1135,36,3,39.00,40409.07,0.03,0.08,R,F,1992-08-19,1992-09-28,1992-09-06,COLLECT COD,FOB,nding requests cajole among th
19589-4,19589,766,63,4,1.00,1666.76,0.00,0.07,A,F,1992-10-16,1992-11-08,1992-10-31,TAKE BACK RETURN,MAIL,ously bold deposits. furiously regula
19590-1,19590,833,67,1,13.00,22539.79,0.10,0.07,N,O,1998-02-15,1998-01-16,1998-02-20,COLLECT COD,TRUCK,uests. packages wa
19591-1,19591,899,100,1,22.00,39597.58,0.09,0.05,N,O,1998-05-19,1998-04-11,1998-05-23,DELIVER IN PERSON,REG AIR,s asymptotes
19591-2,19591,392,93,2,26.00,33602.14,0.04,0.06,N,O,1998-03-15,1998-03-16,1998-03-23,COLLECT COD,TRUCK,sits. ironic packages solve abou
19616-1,19616,940,9,1,50.00,92047.00,0.03,0.02,N,O,1996-02-13,1996-02-10,1996-02-18,COLLECT COD,AIR,eas nag along
19616-2,19616,1198,71,2,13.00,14289.47,0.05,0.03,N,O,1996-02-19,1996-03-13,1996-03-19,COLLECT COD,FOB,ing packages d
19616-3,19616,967,68,3,44.00,82190.24,0.07,0.05,N,O,1996-03-28,1996-03-16,1996-04-02,NONE,RAIL,he carefully ironic dep
19616-4,19616,1006,77,4,17.00,15419.00,0.00,0.06,N,O,1996-03-27,1996-03-22,1996-04-22,DELIVER IN PERSON,TRUCK,sual theodolites integrate fluffily. iron
19616-5,19616,1603,4,5,46.00,69211.60,0.04,0.03,N,O,1996-01-11,1996-02-25,1996-02-04,COLLECT COD,RAIL, regular packages. 
19616-6,19616,901,4,6,38.00,68472.20,0.05,0.01,N,O,1996-01-24,1996-02-14,1996-01-27,TAKE BACK RETURN,REG AIR,t pinto bean
19616-7,19616,316,1,7,25.00,30407.75,0.06,0.04,N,O,1996-02-28,1996-01-23,1996-03-05,NONE,TRUCK,"ent, ironic ideas thrash furiously bold so"
19617-1,19617,354,39,1,45.00,56445.75,0.09,0.06,R,F,1992-03-05,1992-04-02,1992-03-10,TAKE BACK RETURN,SHIP,fully bold acco
19617-2,19617,826,60,2,14.00,24175.48,0.03,0.06,A,F,1992-03-01,1992-02-23,1992-03-20,TAKE BACK RETURN,TRUCK, ironic requests. 
19618-1,19618,1741,68,1,36.00,59138.64,0.06,0.02,N,O,1998-07-17,1998-07-12,1998-07-23,COLLECT COD,AIR,hins. carefully bold e
19618-2,19618,1624,48,2,29.00,44242.98,0.03,0.01,N,O,1998-09-03,1998-06-19,1998-09-25,NONE,RAIL,furiously special pint
19618-3,19618,652,46,3,38.00,59000.70,0.01,0.08,N,O,1998-06-11,1998-07-12,1998-06-16,NONE,AIR,ver according to the carefully r
19618-4,19618,730,95,4,6.00,9784.38,0.09,0.06,N,O,1998-06-07,1998-07-18,1998-07-04,COLLECT COD,SHIP,ronic packages.
19619-1,19619,1896,97,1,5.00,8989.45,0.01,0.02,N,O,1996-07-23,1996-08-08,1996-07-28,NONE,MAIL, accounts are slyly. 
19619-2,19619,784,81,2,9.00,15163.02,0.05,0.06,N,O,1996-06-25,1996-07-27,1996-07-22,TAKE BACK RETURN,SHIP,y special pinto 
19619-3,19619,1043,79,3,21.00,19824.84,0.09,0.00,N,O,1996-07-02,1996-07-26,1996-07-16,COLLECT COD,REG AIR,uffily ironic instruction
19619-4,19619,389,18,4,15.00,19340.70,0.08,0.07,N,O,1996-08-02,1996-08-08,1996-08-05,COLLECT COD,REG AIR, alongside 
19619-5,19619,405,6,5,19.00,24802.60,0.08,0.05,N,O,1996-06-19,1996-08-03,1996-07-09,COLLECT COD,SHIP,s. patterns boost
19620-1,19620,61,37,1,20.00,19221.20,0.00,0.06,N,O,1997-06-12,1997-06-23,1997-06-24,DELIVER IN PERSON,MAIL,ding deposits integrate express 
19620-2,19620,436,66,2,12.00,16037.16,0.07,0.03,N,O,1997-07-03,1997-06-12,1997-07-13,DELIVER IN PERSON,FOB,lites. carefully regular deposit
19620-3,19620,491,92,3,33.00,45919.17,0.06,0.06,N,O,1997-06-15,1997-07-01,1997-07-01,DELIVER IN PERSON,MAIL, furiously 
19620-4,19620,1019,20,4,6.00,5520.06,0.06,0.07,N,O,1997-08-14,1997-06-30,1997-08-30,NONE,AIR,e slyly regul
19620-5,19620,1941,30,5,25.00,46073.50,0.00,0.03,N,O,1997-08-01,1997-06-10,1997-08-28,TAKE BACK RETURN,AIR,foxes sleep carefully
19621-1,19621,171,50,1,13.00,13925.21,0.00,0.05,N,O,1995-12-14,1995-10-15,1996-01-10,TAKE BACK RETURN,REG AIR,old forges. slyly ironic pint
19621-2,19621,929,32,2,15.00,27448.80,0.00,0.07,N,O,1995-11-09,1995-11-09,1995-11-12,DELIVER IN PERSON,MAIL,pecial requests haggle. regula
19621-3,19621,716,81,3,48.00,77602.08,0.06,0.06,N,O,1995-11-11,1995-12-02,1995-11-15,TAKE BACK RETURN,FOB, grouches mold daringly instruct
19621-4,19621,939,42,4,27.00,49678.11,0.10,0.08,N,O,1996-01-03,1995-10-08,1996-01-12,TAKE BACK RETURN,FOB,its haggle blithel
19621-5,19621,480,10,5,8.00,11043.84,0.05,0.05,N,O,1995-12-06,1995-11-08,1995-12-21,DELIVER IN PERSON,REG AIR, quickly among t
19621-6,19621,1168,69,6,47.00,50250.52,0.08,0.04,N,O,1995-12-07,1995-10-11,1995-12-22,NONE,RAIL,counts. carefully even theodolit
19621-7,19621,143,96,7,13.00,13560.82,0.04,0.05,N,O,1995-10-02,1995-11-17,1995-10-04,DELIVER IN PERSON,SHIP,asymptotes are
19622-1,19622,1749,76,1,16.00,26411.84,0.00,0.02,N,O,1997-09-20,1997-10-31,1997-10-15,NONE,SHIP,final requests cajole slyly ac
19622-2,19622,625,26,2,20.00,30512.40,0.08,0.08,N,O,1997-09-17,1997-09-29,1997-09-18,COLLECT COD,AIR,he ironic foxes
19623-1,19623,91,67,1,26.00,25768.34,0.10,0.00,A,F,1992-03-18,1992-03-28,1992-04-03,COLLECT COD,SHIP,thely busy requests wake. blithely regular 
19623-2,19623,369,54,2,15.00,19040.40,0.05,0.08,R,F,1992-05-31,1992-05-17,1992-06-24,NONE,REG AIR,quiet plate
19623-3,19623,1345,46,3,46.00,57331.64,0.02,0.07,A,F,1992-06-02,1992-03-28,1992-07-02,TAKE BACK RETURN,MAIL,ckly. regu
19623-4,19623,1272,73,4,1.00,1173.27,0.10,0.00,A,F,1992-03-01,1992-04-21,1992-03-05,NONE,RAIL,fully ironic dep
19623-5,19623,1806,93,5,45.00,76851.00,0.06,0.01,R,F,1992-05-04,1992-04-21,1992-05-22,COLLECT COD,AIR,its. final pinto beans affix blithely! exp
19623-6,19623,788,89,6,5.00,8443.90,0.08,0.03,A,F,1992-02-26,1992-04-11,1992-03-21,DELIVER IN PERSON,TRUCK,lyly silent ideas
19623-7,19623,638,70,7,50.00,76931.50,0.05,0.03,R,F,1992-05-02,1992-05-10,1992-05-31,DELIVER IN PERSON,SHIP,fluffily special accounts. re
19648-1,19648,994,95,1,50.00,94749.50,0.10,0.06,N,O,1996-11-30,1996-12-27,1996-12-22,NONE,MAIL,as affix quickly alongside of the pinto 
19648-2,19648,572,63,2,19.00,27978.83,0.08,0.03,N,O,1997-01-30,1997-01-06,1997-02-01,TAKE BACK RETURN,TRUCK,"ar, pendin"
19648-3,19648,494,95,3,13.00,18128.37,0.02,0.02,N,O,1997-02-12,1997-01-13,1997-03-08,TAKE BACK RETURN,REG AIR,press dependencies across the ironic
19648-4,19648,1671,72,4,26.00,40889.42,0.10,0.01,N,O,1996-11-02,1997-01-06,1996-12-01,COLLECT COD,FOB,uriously above the bold deposits
19648-5,19648,722,87,5,9.00,14604.48,0.03,0.06,N,O,1996-11-11,1997-01-10,1996-12-10,TAKE BACK RETURN,AIR,e carefully even instructions ar
19648-6,19648,874,74,6,34.00,60345.58,0.07,0.06,N,O,1996-12-27,1996-12-08,1996-12-30,NONE,AIR,sly express requests. final packages
19648-7,19648,1521,2,7,33.00,46943.16,0.02,0.00,N,O,1996-12-17,1996-11-17,1997-01-03,COLLECT COD,FOB,oss the quickly p
19649-1,19649,1823,53,1,15.00,25872.30,0.02,0.05,N,O,1995-08-10,1995-06-29,1995-09-02,NONE,AIR,the fluffily final deposit
19649-2,19649,6,82,2,21.00,19026.00,0.07,0.03,N,O,1995-07-25,1995-06-11,1995-08-11,TAKE BACK RETURN,AIR,ounts cajole above the regular p
19649-3,19649,1205,6,3,36.00,39823.20,0.05,0.08,N,O,1995-08-03,1995-06-22,1995-08-14,COLLECT COD,MAIL,al deposits cajole aga
19649-4,19649,1501,42,4,27.00,37867.50,0.01,0.00,R,F,1995-06-08,1995-07-16,1995-06-11,COLLECT COD,MAIL,along the regular theodolites wake aga
19649-5,19649,1284,96,5,27.00,32002.56,0.00,0.08,N,O,1995-08-18,1995-07-01,1995-09-07,DELIVER IN PERSON,RAIL,ite the blithely
19650-1,19650,1800,43,1,40.00,68072.00,0.06,0.05,R,F,1994-07-05,1994-08-09,1994-07-17,COLLECT COD,MAIL,n ideas haggle fu
19650-2,19650,1031,32,2,24.00,22368.72,0.04,0.04,A,F,1994-09-18,1994-09-12,1994-10-01,NONE,RAIL,y pending accounts wake carefully a
19651-1,19651,425,26,1,31.00,41088.02,0.03,0.07,N,O,1997-02-17,1997-02-15,1997-03-13,COLLECT COD,REG AIR,eep blithely pending accounts. iro
19651-2,19651,1810,54,2,21.00,35948.01,0.05,0.07,N,O,1997-01-19,1997-01-11,1997-02-10,NONE,TRUCK,en accounts 
19651-3,19651,6,57,3,9.00,8154.00,0.10,0.01,N,O,1997-03-18,1996-12-28,1997-04-01,TAKE BACK RETURN,AIR,furiously final 
19651-4,19651,1854,55,4,46.00,80769.10,0.03,0.03,N,O,1997-03-11,1997-02-16,1997-03-13,DELIVER IN PERSON,SHIP,sly. deposits need to cajole furiously u
19651-5,19651,1203,41,5,48.00,53001.60,0.04,0.07,N,O,1997-01-27,1997-01-28,1997-02-09,NONE,SHIP,lessly fluf
19651-6,19651,1681,64,6,39.00,61724.52,0.03,0.06,N,O,1997-01-30,1997-02-14,1997-01-31,DELIVER IN PERSON,SHIP,dencies at the bold ideas 
19651-7,19651,1319,96,7,26.00,31728.06,0.00,0.01,N,O,1997-02-27,1997-02-02,1997-03-19,DELIVER IN PERSON,FOB, ironic theodolites. blithely regu
19652-1,19652,1685,9,1,48.00,76160.64,0.01,0.06,R,F,1992-08-13,1992-07-15,1992-09-09,TAKE BACK RETURN,REG AIR,y against the blit
19652-2,19652,1778,21,2,29.00,48713.33,0.03,0.04,A,F,1992-09-25,1992-07-26,1992-10-25,COLLECT COD,MAIL,arls after the ironic pinto beans 
19652-3,19652,1399,76,3,19.00,24707.41,0.10,0.03,A,F,1992-08-12,1992-08-27,1992-08-24,TAKE BACK RETURN,REG AIR,"l packages cajole against the ironic, re"
19652-4,19652,929,64,4,19.00,34768.48,0.07,0.01,R,F,1992-10-02,1992-08-08,1992-10-03,DELIVER IN PERSON,AIR,final depo
19652-5,19652,1393,32,5,45.00,58247.55,0.07,0.02,R,F,1992-09-09,1992-08-31,1992-09-23,NONE,SHIP,ost slyly unu
19652-6,19652,1141,50,6,1.00,1042.14,0.05,0.08,R,F,1992-07-25,1992-08-13,1992-08-12,TAKE BACK RETURN,MAIL,ests across the packages wake ca
19652-7,19652,1346,85,7,2.00,2494.68,0.09,0.08,A,F,1992-07-08,1992-08-03,1992-07-29,TAKE BACK RETURN,TRUCK,eodolites. express excuses after the
19653-1,19653,882,49,1,24.00,42789.12,0.07,0.04,R,F,1993-01-10,1992-10-20,1993-02-03,DELIVER IN PERSON,REG AIR,"t blithely regular, unusual theodolites. "
19653-2,19653,1407,86,2,43.00,56261.20,0.00,0.06,A,F,1992-12-19,1992-12-09,1992-12-31,DELIVER IN PERSON,FOB,ial excuses nag around the quickly s
19653-3,19653,1358,35,3,13.00,16371.55,0.03,0.00,A,F,1992-10-18,1992-10-28,1992-11-09,DELIVER IN PERSON,FOB,c packages use slyly. slyly 
19653-4,19653,1958,47,4,44.00,81837.80,0.05,0.00,A,F,1992-12-19,1992-10-14,1992-12-27,COLLECT COD,FOB,yly foxes. express r
19653-5,19653,1696,38,5,15.00,23965.35,0.10,0.01,R,F,1993-01-08,1992-12-07,1993-02-03,COLLECT COD,TRUCK,"ully even accounts. regular, unusual pack"
19653-6,19653,866,33,6,10.00,17668.60,0.03,0.00,A,F,1992-11-23,1992-11-14,1992-12-01,TAKE BACK RETURN,REG AIR,into beans haggle carefully. quic
19654-1,19654,1009,15,1,39.00,35490.00,0.03,0.04,R,F,1995-01-24,1995-03-25,1995-02-01,COLLECT COD,RAIL,ar requests. blithely even accounts dete
19654-2,19654,1766,51,2,8.00,13342.08,0.07,0.05,A,F,1995-04-12,1995-04-06,1995-05-09,TAKE BACK RETURN,SHIP,arefully regular pinto beans; s
19654-3,19654,1206,44,3,20.00,22144.00,0.01,0.05,A,F,1995-03-30,1995-03-31,1995-04-14,TAKE BACK RETURN,AIR, boost furiously within the evenly ironic
19654-4,19654,153,6,4,27.00,28435.05,0.03,0.03,A,F,1995-04-29,1995-04-10,1995-05-25,TAKE BACK RETURN,TRUCK, across the slyly unusu
19654-5,19654,514,5,5,18.00,25461.18,0.02,0.01,R,F,1995-05-03,1995-04-08,1995-05-08,NONE,MAIL,s after the blithe
19655-1,19655,1313,14,1,8.00,9714.48,0.01,0.05,A,F,1994-02-18,1994-02-12,1994-02-25,TAKE BACK RETURN,RAIL,"uses. final,"
19655-2,19655,721,18,2,26.00,42164.72,0.02,0.08,R,F,1994-05-08,1994-04-09,1994-05-13,COLLECT COD,AIR,out the slyly regular accounts c
19680-1,19680,1541,62,1,6.00,8655.24,0.02,0.04,A,F,1992-10-09,1992-12-02,1992-10-30,TAKE BACK RETURN,FOB,quickly against the fluffil
19680-2,19680,1475,93,2,48.00,66070.56,0.04,0.02,A,F,1992-11-16,1992-12-17,1992-12-06,DELIVER IN PERSON,RAIL,furiously regular dependencies us
19680-3,19680,1237,49,3,43.00,48943.89,0.07,0.08,A,F,1992-10-22,1992-10-29,1992-11-01,NONE,TRUCK,inal pinto beans boost. f
19680-4,19680,951,52,4,19.00,35187.05,0.02,0.03,R,F,1992-10-21,1992-12-17,1992-11-20,COLLECT COD,TRUCK,sts nag. slyly exp
19680-5,19680,1371,72,5,8.00,10178.96,0.01,0.04,A,F,1992-12-13,1992-11-05,1993-01-11,TAKE BACK RETURN,MAIL,ar gifts sleep against the unusual 
19681-1,19681,738,39,1,48.00,78659.04,0.09,0.08,N,O,1998-03-26,1998-03-22,1998-04-01,NONE,RAIL,"erns. pending, express reques"
19681-2,19681,1743,44,2,24.00,39473.76,0.09,0.06,N,O,1998-02-01,1998-03-01,1998-02-14,DELIVER IN PERSON,RAIL,"ly ironic accounts. bold, regu"
19681-3,19681,1564,5,3,5.00,7327.80,0.02,0.05,N,O,1998-03-30,1998-03-12,1998-04-04,COLLECT COD,FOB,y express accounts. 
19681-4,19681,1630,72,4,4.00,6126.52,0.08,0.07,N,O,1998-01-01,1998-02-19,1998-01-10,TAKE BACK RETURN,AIR,ithely regular foxes h
19681-5,19681,848,49,5,23.00,40223.32,0.07,0.00,N,O,1998-03-22,1998-03-17,1998-04-20,NONE,REG AIR,"quickly even, even braids. b"
19682-1,19682,1810,97,1,40.00,68472.40,0.04,0.01,N,O,1997-03-25,1997-04-04,1997-04-18,COLLECT COD,RAIL,the furiously reg
19682-2,19682,1281,82,2,10.00,11822.80,0.08,0.00,N,O,1997-04-22,1997-03-25,1997-05-10,TAKE BACK RETURN,FOB,ests use c
19682-3,19682,1255,30,3,30.00,34687.50,0.08,0.08,N,O,1997-05-22,1997-04-09,1997-06-19,TAKE BACK RETURN,FOB,efully regu
19682-4,19682,1221,59,4,5.00,5611.10,0.10,0.07,N,O,1997-03-05,1997-04-29,1997-03-11,NONE,SHIP,s sleep carefully above the sly
19682-5,19682,449,37,5,35.00,47230.40,0.02,0.01,N,O,1997-05-17,1997-04-15,1997-06-06,COLLECT COD,FOB, slyly regular pinto beans cajole a
19682-6,19682,577,8,6,14.00,20685.98,0.03,0.02,N,O,1997-03-21,1997-03-28,1997-03-24,NONE,MAIL,to the carefully ironic
19682-7,19682,633,27,7,25.00,38340.75,0.00,0.06,N,O,1997-06-10,1997-05-03,1997-06-13,COLLECT COD,RAIL,usly pinto 
19683-1,19683,593,94,1,4.00,5974.36,0.04,0.03,A,F,1994-02-26,1994-03-19,1994-03-22,COLLECT COD,AIR,the quickly fina
19683-2,19683,1600,1,2,17.00,25527.20,0.09,0.00,R,F,1994-03-09,1994-04-27,1994-04-05,DELIVER IN PERSON,REG AIR,"he regular, ex"
19684-1,19684,651,45,1,30.00,46549.50,0.04,0.04,A,F,1993-12-21,1993-10-16,1994-01-16,TAKE BACK RETURN,FOB,regular deposits affix care
19684-2,19684,1403,21,2,49.00,63915.60,0.03,0.00,R,F,1993-10-14,1993-11-07,1993-10-27,NONE,TRUCK,s grow expres
19684-3,19684,1644,86,3,27.00,41732.28,0.01,0.02,R,F,1993-12-25,1993-10-05,1994-01-19,TAKE BACK RETURN,FOB, are stealthily along the c
19685-1,19685,1552,33,1,20.00,29071.00,0.06,0.04,N,O,1998-01-07,1997-12-17,1998-01-24,COLLECT COD,FOB,rate quick
19685-2,19685,1493,94,2,21.00,29284.29,0.07,0.06,N,O,1997-12-02,1997-12-13,1997-12-20,COLLECT COD,REG AIR,ecial pinto beans are b
19686-1,19686,1657,40,1,4.00,6234.60,0.06,0.00,A,F,1993-10-01,1993-09-23,1993-10-20,DELIVER IN PERSON,TRUCK,sits. furiously regular pinto beans ha
19686-2,19686,1763,90,2,31.00,51607.56,0.07,0.05,A,F,1993-11-22,1993-10-09,1993-12-14,COLLECT COD,RAIL, haggle furiously fluffily iro
19686-3,19686,429,59,3,23.00,30576.66,0.10,0.07,A,F,1993-08-22,1993-09-17,1993-09-13,COLLECT COD,SHIP,ly regular foxes. carefully regular p
19686-4,19686,565,56,4,20.00,29311.20,0.01,0.08,A,F,1993-09-11,1993-09-30,1993-10-07,COLLECT COD,FOB,tect slyly
19687-1,19687,1437,55,1,5.00,6692.15,0.01,0.07,A,F,1993-08-25,1993-09-18,1993-08-31,DELIVER IN PERSON,REG AIR,deposits sleep carefully 
19687-2,19687,1341,56,2,40.00,49693.60,0.07,0.04,A,F,1993-12-04,1993-09-18,1993-12-07,TAKE BACK RETURN,REG AIR,even accounts. furiously silent 
19687-3,19687,1651,75,3,30.00,46579.50,0.09,0.00,A,F,1993-11-30,1993-09-15,1993-12-15,NONE,MAIL,unusual asymptotes. b
19687-4,19687,536,37,4,41.00,58897.73,0.00,0.00,R,F,1993-08-28,1993-09-21,1993-09-04,NONE,MAIL,ctions. regular accounts b
19687-5,19687,1520,1,5,21.00,29851.92,0.06,0.03,A,F,1993-09-02,1993-10-20,1993-09-28,NONE,SHIP, furiously about the sl
19687-6,19687,1193,2,6,10.00,10941.90,0.00,0.02,A,F,1993-09-29,1993-11-06,1993-10-18,DELIVER IN PERSON,RAIL, beans wake blithely according to the 
19687-7,19687,1420,60,7,34.00,44928.28,0.03,0.08,A,F,1993-11-02,1993-11-01,1993-11-17,DELIVER IN PERSON,MAIL,ing attainments
19712-1,19712,1463,81,1,17.00,23195.82,0.10,0.08,N,O,1998-02-22,1998-02-16,1998-03-20,NONE,RAIL,"even, ironic accounts use"
19712-2,19712,1380,81,2,41.00,52536.58,0.09,0.05,N,O,1998-03-10,1998-04-07,1998-04-03,COLLECT COD,AIR,ully unusual dolphins. stealth
19712-3,19712,1241,42,3,11.00,12564.64,0.07,0.01,N,O,1998-04-02,1998-02-11,1998-04-16,COLLECT COD,MAIL,blate carefully regul
19712-4,19712,800,65,4,21.00,35716.80,0.10,0.02,N,O,1998-03-16,1998-03-17,1998-04-04,NONE,RAIL,tions use f
19712-5,19712,1635,77,5,13.00,19976.19,0.05,0.07,N,O,1998-05-01,1998-04-02,1998-05-29,COLLECT COD,FOB,"c, final ac"
19713-1,19713,1371,72,1,3.00,3817.11,0.10,0.05,N,O,1996-10-30,1996-10-03,1996-11-14,COLLECT COD,FOB,"tly regular accounts. bold, r"
19713-2,19713,1690,32,2,24.00,38200.56,0.00,0.02,N,O,1996-10-03,1996-09-27,1996-10-22,NONE,REG AIR,r accounts. blithe
19714-1,19714,959,28,1,42.00,78117.90,0.07,0.03,A,F,1993-11-25,1993-10-11,1993-12-08,DELIVER IN PERSON,AIR,e blithely
19714-2,19714,1342,57,2,26.00,32326.84,0.05,0.02,A,F,1993-11-30,1993-10-30,1993-12-10,TAKE BACK RETURN,FOB,ly special 
19714-3,19714,1758,43,3,47.00,78008.25,0.05,0.06,R,F,1993-11-15,1993-10-26,1993-11-27,NONE,AIR,lets. dependencies wake furio
19714-4,19714,946,47,4,44.00,81265.36,0.07,0.01,A,F,1993-10-11,1993-12-01,1993-10-30,DELIVER IN PERSON,RAIL,g the bold foxes.
19715-1,19715,1103,40,1,19.00,19077.90,0.08,0.00,R,F,1992-03-30,1992-03-30,1992-04-25,NONE,REG AIR, blithely unusual 
19716-1,19716,37,38,1,32.00,29984.96,0.03,0.03,A,F,1995-01-21,1994-12-11,1995-02-07,COLLECT COD,MAIL,lways special
19716-2,19716,199,26,2,3.00,3297.57,0.01,0.04,A,F,1994-11-27,1994-11-09,1994-12-08,TAKE BACK RETURN,RAIL, above the slyly 
19716-3,19716,342,27,3,39.00,48451.26,0.05,0.06,R,F,1994-10-24,1994-12-22,1994-11-15,COLLECT COD,AIR,ronic acco
19717-1,19717,341,70,1,7.00,8689.38,0.01,0.06,N,O,1998-11-02,1998-09-14,1998-11-10,DELIVER IN PERSON,REG AIR,ven ideas. carefully pending req
19717-2,19717,309,66,2,23.00,27813.90,0.08,0.07,N,O,1998-10-10,1998-09-12,1998-10-16,NONE,RAIL,final packages. slow
19717-3,19717,1054,60,3,38.00,36291.90,0.10,0.01,N,O,1998-08-18,1998-10-18,1998-08-23,TAKE BACK RETURN,MAIL,ounts. carefully ironi
19717-4,19717,1231,69,4,36.00,40760.28,0.04,0.05,N,O,1998-09-13,1998-09-20,1998-09-20,NONE,RAIL,ntiments. en
19718-1,19718,1694,77,1,7.00,11169.83,0.06,0.03,A,F,1992-07-26,1992-09-05,1992-07-30,COLLECT COD,TRUCK,lyly ironic theodo
19718-2,19718,1217,55,2,21.00,23482.41,0.09,0.03,A,F,1992-07-29,1992-09-06,1992-08-11,NONE,TRUCK,efully ironic theodolites sleep. fur
19718-3,19718,1086,87,3,25.00,24677.00,0.04,0.04,R,F,1992-10-05,1992-08-17,1992-10-30,DELIVER IN PERSON,MAIL,s thrash blithely
19718-4,19718,714,15,4,8.00,12917.68,0.10,0.02,A,F,1992-07-19,1992-09-12,1992-08-08,DELIVER IN PERSON,TRUCK,equests. c
19718-5,19718,1201,76,5,25.00,27555.00,0.04,0.05,A,F,1992-10-23,1992-08-02,1992-10-25,TAKE BACK RETURN,RAIL,kages nag carefully furi
19719-1,19719,1095,1,1,6.00,5976.54,0.00,0.03,N,O,1996-06-26,1996-07-16,1996-07-20,TAKE BACK RETURN,RAIL, to are furiously after th
19719-2,19719,167,46,2,35.00,37350.60,0.01,0.02,N,O,1996-06-05,1996-07-19,1996-06-18,COLLECT COD,AIR,ainments boost bl
19719-3,19719,1568,49,3,49.00,72008.44,0.05,0.01,N,O,1996-06-06,1996-07-30,1996-06-29,TAKE BACK RETURN,MAIL,s nag quic
19719-4,19719,1709,36,4,7.00,11274.90,0.06,0.00,N,O,1996-07-31,1996-07-02,1996-08-01,NONE,REG AIR,s. frets engage furiously above the 
19744-1,19744,309,38,1,5.00,6046.50,0.03,0.04,R,F,1993-03-31,1993-05-19,1993-04-12,DELIVER IN PERSON,SHIP,ld patterns sleep express deposits. 
19744-2,19744,431,90,2,33.00,43937.19,0.02,0.00,A,F,1993-03-16,1993-04-14,1993-04-05,COLLECT COD,RAIL,dependencies. slyly even d
19744-3,19744,446,76,3,5.00,6732.20,0.08,0.03,R,F,1993-05-31,1993-05-01,1993-06-21,COLLECT COD,REG AIR,lithely regular foxe
19744-4,19744,449,79,4,45.00,60724.80,0.06,0.04,A,F,1993-04-22,1993-05-25,1993-05-22,TAKE BACK RETURN,AIR," ironic epitaphs. pending, expr"
19744-5,19744,811,12,5,46.00,78743.26,0.05,0.05,R,F,1993-06-19,1993-05-23,1993-07-15,NONE,MAIL,tions. carefully regular requests 
19745-1,19745,1866,10,1,44.00,77785.84,0.05,0.02,R,F,1993-01-31,1993-03-01,1993-03-01,NONE,REG AIR,endencies cajo
19745-2,19745,1180,89,2,41.00,44328.38,0.10,0.03,R,F,1993-01-18,1993-02-08,1993-02-09,TAKE BACK RETURN,REG AIR,ndencies sleep furiously. ideas sleep f
19745-3,19745,2000,89,3,22.00,19844.00,0.09,0.02,R,F,1993-03-13,1993-02-21,1993-03-18,COLLECT COD,REG AIR, deposits. carefully 
19745-4,19745,850,50,4,34.00,59528.90,0.06,0.07,R,F,1993-02-10,1993-02-11,1993-03-11,COLLECT COD,REG AIR,ackages. e
19745-5,19745,684,78,5,26.00,41201.68,0.03,0.03,R,F,1993-04-06,1993-02-27,1993-04-16,TAKE BACK RETURN,RAIL,yly even accounts 
19745-6,19745,1794,37,6,11.00,18653.69,0.10,0.06,A,F,1993-04-04,1993-03-03,1993-04-20,COLLECT COD,FOB,uickly across the blithely special acc
19746-1,19746,1906,51,1,10.00,18079.00,0.10,0.02,N,O,1998-11-06,1998-08-30,1998-11-07,TAKE BACK RETURN,TRUCK,ake agains
19746-2,19746,242,43,2,28.00,31982.72,0.02,0.08,N,O,1998-10-04,1998-09-05,1998-10-29,NONE,RAIL,ular grouches are
19746-3,19746,560,61,3,4.00,5842.24,0.01,0.07,N,O,1998-10-13,1998-09-02,1998-10-15,NONE,REG AIR,ages nod across the careful p
19746-4,19746,1733,60,4,1.00,1634.73,0.00,0.06,N,O,1998-10-27,1998-09-24,1998-10-29,DELIVER IN PERSON,FOB," ironic accounts sleep. regular, silen"
19747-1,19747,1017,53,1,30.00,27540.30,0.10,0.02,N,O,1996-11-28,1996-11-01,1996-12-26,TAKE BACK RETURN,MAIL,t. slyly ironic reque
19747-2,19747,856,56,2,37.00,65003.45,0.01,0.07,N,O,1996-08-20,1996-09-16,1996-08-23,COLLECT COD,MAIL,es boost quickly according to the in
19747-3,19747,517,8,3,28.00,39690.28,0.01,0.00,N,O,1996-10-27,1996-10-30,1996-11-09,TAKE BACK RETURN,MAIL,"s. regular, final theodolites after the "
19747-4,19747,1002,3,4,42.00,37926.00,0.05,0.05,N,O,1996-10-30,1996-10-17,1996-11-18,NONE,TRUCK,the slyly pending pac
19747-5,19747,884,51,5,43.00,76749.84,0.00,0.00,N,O,1996-08-25,1996-10-08,1996-08-27,COLLECT COD,AIR,ual deposits haggle quic
19748-1,19748,563,24,1,42.00,61469.52,0.04,0.02,R,F,1993-11-18,1993-09-29,1993-12-08,NONE,TRUCK,ckages wake slyly unusual acco
19748-2,19748,1518,59,2,28.00,39746.28,0.09,0.01,R,F,1993-09-27,1993-10-25,1993-09-30,COLLECT COD,MAIL,es sleep slyly af
19749-1,19749,393,78,1,9.00,11640.51,0.01,0.04,N,O,1997-05-31,1997-06-24,1997-06-24,DELIVER IN PERSON,TRUCK,nts. ironic depe
19749-2,19749,1483,1,2,24.00,33227.52,0.07,0.03,N,O,1997-07-21,1997-05-10,1997-08-06,NONE,SHIP,"ve the theodolites. bold, pending pinto bea"
19749-3,19749,1756,41,3,25.00,41443.75,0.01,0.00,N,O,1997-05-17,1997-06-24,1997-05-26,COLLECT COD,REG AIR," frets are slyly after the ironic, ironic"
19749-4,19749,1455,34,4,25.00,33911.25,0.09,0.00,N,O,1997-07-02,1997-06-06,1997-07-10,TAKE BACK RETURN,FOB,eep final accounts. quickly pending request
19749-5,19749,935,38,5,17.00,31210.81,0.04,0.08,N,O,1997-06-18,1997-05-04,1997-06-20,DELIVER IN PERSON,AIR,tly regular courts shall have to are furio
19750-1,19750,912,47,1,22.00,39884.02,0.03,0.05,A,F,1994-10-17,1994-10-09,1994-11-05,COLLECT COD,AIR,nts haggle fluffily. express i
19750-2,19750,818,18,2,5.00,8594.05,0.00,0.07,A,F,1994-09-22,1994-09-23,1994-09-26,COLLECT COD,RAIL,inal tithes. never pending instruction
19750-3,19750,520,11,3,11.00,15625.72,0.07,0.04,A,F,1994-12-09,1994-10-09,1994-12-15,COLLECT COD,RAIL,"ounts believe fluffily. pending, even"
19750-4,19750,440,41,4,38.00,50936.72,0.05,0.02,R,F,1994-11-27,1994-09-23,1994-12-19,NONE,FOB,cajole furiously. quickly regular packag
19751-1,19751,602,96,1,42.00,63109.20,0.01,0.06,N,O,1996-09-28,1996-10-22,1996-10-23,DELIVER IN PERSON,RAIL,ng dependencies-- accounts above the
19751-2,19751,1403,43,2,10.00,13044.00,0.04,0.05,N,O,1996-12-02,1996-11-05,1996-12-31,TAKE BACK RETURN,REG AIR,unts after the slyly unu
19751-3,19751,1806,7,3,34.00,58065.20,0.05,0.06,N,O,1996-10-06,1996-11-20,1996-10-14,TAKE BACK RETURN,MAIL,pecial dolphins. final reques
19751-4,19751,15,66,4,39.00,35685.39,0.09,0.01,N,O,1996-12-07,1996-11-17,1996-12-30,DELIVER IN PERSON,REG AIR,into beans are slyly. slyly spe
19751-5,19751,559,50,5,24.00,35029.20,0.07,0.01,N,O,1996-10-07,1996-11-17,1996-10-18,DELIVER IN PERSON,FOB,. quickly final requests acr
19751-6,19751,709,74,6,18.00,28974.60,0.01,0.00,N,O,1996-09-29,1996-11-25,1996-10-27,NONE,REG AIR,posits. carefully final dinos alo
19776-1,19776,432,20,1,20.00,26648.60,0.01,0.00,N,O,1996-07-05,1996-07-05,1996-07-26,COLLECT COD,TRUCK,heodolites 
19776-2,19776,664,96,2,15.00,23469.90,0.09,0.03,N,O,1996-07-03,1996-07-11,1996-07-08,TAKE BACK RETURN,FOB, special t
19776-3,19776,727,60,3,9.00,14649.48,0.06,0.01,N,O,1996-05-14,1996-06-23,1996-05-18,TAKE BACK RETURN,AIR,press packa
19776-4,19776,67,68,4,33.00,31912.98,0.01,0.00,N,O,1996-06-12,1996-06-01,1996-07-12,COLLECT COD,MAIL,ites sleep s
19776-5,19776,608,9,5,30.00,45258.00,0.01,0.01,N,O,1996-06-28,1996-07-09,1996-07-27,DELIVER IN PERSON,SHIP,quests. regular foxes acros
19777-1,19777,1699,100,1,14.00,22409.66,0.05,0.07,R,F,1993-02-01,1993-01-11,1993-02-11,COLLECT COD,REG AIR,"e quickly final, unusual"
19777-2,19777,1678,79,2,2.00,3159.34,0.00,0.02,A,F,1993-01-17,1992-12-12,1993-01-26,NONE,MAIL,. pinto beans 
19777-3,19777,782,47,3,7.00,11779.46,0.09,0.08,A,F,1993-02-13,1992-12-23,1993-02-27,DELIVER IN PERSON,MAIL,ackages wake furiously fluffily ironi
19777-4,19777,485,86,4,20.00,27709.60,0.08,0.06,R,F,1992-12-20,1992-12-26,1993-01-04,TAKE BACK RETURN,MAIL,s haggle blithely ironic pinto 
19777-5,19777,620,14,5,38.00,57783.56,0.02,0.04,A,F,1993-01-29,1993-01-05,1993-02-22,NONE,MAIL,ake furiously after the slyly bold d
19777-6,19777,41,17,6,3.00,2823.12,0.02,0.07,A,F,1992-11-08,1992-11-26,1992-11-22,COLLECT COD,AIR, sleep fluffily 
19778-1,19778,1810,54,1,47.00,80455.07,0.01,0.00,R,F,1992-10-25,1992-12-14,1992-11-19,DELIVER IN PERSON,RAIL,against the unusual instructions cajo
19778-2,19778,954,57,2,2.00,3709.90,0.06,0.07,R,F,1993-01-03,1992-11-11,1993-01-26,DELIVER IN PERSON,REG AIR,he evenly permanent pac
19778-3,19778,430,31,3,25.00,33260.75,0.00,0.04,R,F,1993-01-25,1992-12-05,1993-02-07,COLLECT COD,SHIP,r the foxes: bli
19778-4,19778,1397,98,4,37.00,48040.43,0.10,0.00,A,F,1992-12-24,1992-12-18,1993-01-11,COLLECT COD,FOB,"sual accounts cajole across the pending,"
19778-5,19778,144,97,5,16.00,16706.24,0.08,0.04,R,F,1992-10-27,1992-11-13,1992-11-18,TAKE BACK RETURN,AIR,"ay carefully express, final d"
19778-6,19778,1669,11,6,23.00,36125.18,0.04,0.06,A,F,1992-12-06,1992-11-18,1993-01-05,DELIVER IN PERSON,SHIP, bold requests sleep. blithely final grouc
19779-1,19779,636,30,1,12.00,18439.56,0.08,0.04,A,F,1994-07-15,1994-08-05,1994-08-09,DELIVER IN PERSON,MAIL,regular ideas cajole about t
19779-2,19779,745,46,2,11.00,18103.14,0.08,0.07,A,F,1994-06-13,1994-07-09,1994-07-11,TAKE BACK RETURN,TRUCK,etly slyly regular packages
19779-3,19779,1936,81,3,32.00,58813.76,0.03,0.07,R,F,1994-08-13,1994-07-10,1994-08-15,NONE,AIR, instructions. fluffily r
19779-4,19779,29,30,4,32.00,29728.64,0.06,0.04,R,F,1994-09-13,1994-08-14,1994-09-23,TAKE BACK RETURN,RAIL,yly regular deposits 
19780-1,19780,1944,45,1,12.00,22151.28,0.03,0.02,R,F,1995-05-26,1995-03-07,1995-05-27,TAKE BACK RETURN,SHIP,slyly ironic
19780-2,19780,1886,16,2,45.00,80454.60,0.03,0.04,A,F,1995-03-14,1995-03-22,1995-04-06,TAKE BACK RETURN,MAIL,n deposits alongside of th
19780-3,19780,308,65,3,1.00,1208.30,0.05,0.04,R,F,1995-05-24,1995-04-24,1995-06-08,TAKE BACK RETURN,MAIL,ely pending requests ca
19780-4,19780,1652,35,4,42.00,65253.30,0.01,0.08,R,F,1995-03-27,1995-04-14,1995-04-05,COLLECT COD,SHIP,sts haggle finally fluffily regular accoun
19781-1,19781,276,58,1,25.00,29406.75,0.07,0.06,N,O,1996-12-14,1997-01-07,1997-01-05,DELIVER IN PERSON,SHIP,ar pattern
19781-2,19781,814,48,2,27.00,46299.87,0.06,0.04,N,O,1997-01-05,1996-12-30,1997-01-29,NONE,AIR,olites after the carefully final pa
19781-3,19781,1533,34,3,12.00,17214.36,0.03,0.02,N,O,1996-10-29,1996-12-25,1996-11-24,COLLECT COD,RAIL,ymptotes. express theodolites mold quietly 
19782-1,19782,1714,41,1,30.00,48471.30,0.06,0.04,A,F,1992-12-07,1993-01-09,1992-12-14,COLLECT COD,AIR,as. carefully silent accounts accor
19782-2,19782,342,27,2,32.00,39754.88,0.02,0.06,A,F,1992-11-09,1992-12-28,1992-11-19,COLLECT COD,FOB,regular asymptot
19782-3,19782,1026,97,3,34.00,31518.68,0.06,0.06,R,F,1993-02-11,1992-12-15,1993-02-15,TAKE BACK RETURN,SHIP,ironic theodolites integrate
19782-4,19782,438,26,4,24.00,32122.32,0.10,0.03,R,F,1993-01-13,1993-01-11,1993-01-30,DELIVER IN PERSON,FOB,ven orbits dazzl
19783-1,19783,872,73,1,38.00,67369.06,0.03,0.04,R,F,1992-11-20,1992-12-01,1992-11-27,TAKE BACK RETURN,MAIL, after the quickly regul
19783-2,19783,1644,45,2,33.00,51006.12,0.02,0.08,A,F,1992-10-05,1992-10-28,1992-10-11,TAKE BACK RETURN,TRUCK,ous accounts wake. requests haggle slyly. 
19783-3,19783,276,77,3,10.00,11762.70,0.03,0.04,A,F,1992-10-19,1992-11-17,1992-10-27,DELIVER IN PERSON,MAIL,p blithely. pinto bea
19783-4,19783,1589,70,4,34.00,50679.72,0.05,0.00,R,F,1992-12-17,1992-12-05,1992-12-31,DELIVER IN PERSON,MAIL,s wake fluffi
19783-5,19783,376,33,5,17.00,21698.29,0.07,0.01,R,F,1993-01-09,1992-10-29,1993-02-01,NONE,REG AIR,"ts will detect. special, special pinto"
19808-1,19808,293,75,1,25.00,29832.25,0.10,0.07,N,O,1996-09-09,1996-09-02,1996-09-21,TAKE BACK RETURN,REG AIR,ht are along the furiously final packages.
19808-2,19808,695,89,2,2.00,3191.38,0.00,0.04,N,O,1996-08-01,1996-08-20,1996-08-11,DELIVER IN PERSON,AIR,"al deposits. regular, pending account"
19808-3,19808,1015,21,3,31.00,28396.31,0.08,0.01,N,O,1996-08-20,1996-09-01,1996-09-11,NONE,SHIP, ideas haggle after the pack
19808-4,19808,1877,7,4,35.00,62260.45,0.08,0.05,N,O,1996-07-30,1996-08-23,1996-08-14,DELIVER IN PERSON,RAIL,"symptotes. regular, even deposits are unu"
19808-5,19808,262,44,5,49.00,56950.74,0.09,0.01,N,O,1996-08-02,1996-08-07,1996-08-08,TAKE BACK RETURN,AIR,osits are carefully. 
19808-6,19808,1776,3,6,29.00,48655.33,0.01,0.01,N,O,1996-07-11,1996-09-25,1996-08-08,COLLECT COD,TRUCK,ges play blithely; unusual re
19809-1,19809,1484,24,1,6.00,8312.88,0.06,0.06,N,O,1997-09-10,1997-09-08,1997-09-17,TAKE BACK RETURN,SHIP,es are blithely
19809-2,19809,1754,81,2,39.00,64574.25,0.06,0.00,N,O,1997-12-02,1997-09-27,1997-12-25,DELIVER IN PERSON,SHIP,"l, silent requests a"
19809-3,19809,1049,50,3,13.00,12350.52,0.07,0.02,N,O,1997-10-05,1997-11-02,1997-10-09,DELIVER IN PERSON,SHIP,r platelets. fluffily final 
19809-4,19809,1991,24,4,25.00,47324.75,0.00,0.02,N,O,1997-10-22,1997-09-24,1997-11-17,DELIVER IN PERSON,FOB,fluffily according to the b
19809-5,19809,1961,62,5,36.00,67066.56,0.10,0.04,N,O,1997-09-30,1997-10-23,1997-10-27,TAKE BACK RETURN,SHIP,en excuses use fluff
19809-6,19809,161,62,6,4.00,4244.64,0.09,0.01,N,O,1997-10-14,1997-11-04,1997-11-06,COLLECT COD,RAIL,e slyly final account
19810-1,19810,1784,11,1,3.00,5057.34,0.09,0.04,N,O,1998-05-14,1998-05-07,1998-05-22,DELIVER IN PERSON,TRUCK,regular requests
19811-1,19811,319,4,1,28.00,34140.68,0.08,0.04,N,O,1995-11-13,1995-09-17,1995-11-15,NONE,SHIP,wake special platelets. specia
19811-2,19811,111,38,2,2.00,2022.22,0.01,0.02,N,O,1995-09-25,1995-10-30,1995-10-23,COLLECT COD,TRUCK,ic packages. slyly ironic ex
19811-3,19811,128,29,3,46.00,47293.52,0.00,0.04,N,O,1995-08-26,1995-09-15,1995-09-01,TAKE BACK RETURN,AIR,nst the blithely s
19811-4,19811,1582,63,4,47.00,69728.26,0.00,0.06,N,O,1995-09-26,1995-09-22,1995-10-22,NONE,MAIL,bold packages. fluffily ironic accou
19811-5,19811,1516,37,5,42.00,59535.42,0.05,0.08,N,O,1995-11-03,1995-10-21,1995-12-03,DELIVER IN PERSON,RAIL,fully regular ideas. regular
19811-6,19811,1066,37,6,32.00,30945.92,0.07,0.01,N,O,1995-09-20,1995-10-03,1995-09-25,DELIVER IN PERSON,AIR,ns. stealthy foxes cajole fluff
19811-7,19811,987,22,7,48.00,90623.04,0.05,0.02,N,O,1995-10-09,1995-10-12,1995-10-15,NONE,SHIP,ts. blithely silent packages haggle quick
19812-1,19812,894,94,1,22.00,39487.58,0.04,0.05,A,F,1993-07-10,1993-05-23,1993-07-13,DELIVER IN PERSON,REG AIR,slyly bold deposit
19812-2,19812,1291,66,2,22.00,26230.38,0.08,0.00,A,F,1993-05-12,1993-06-14,1993-05-16,NONE,RAIL, cajole slyly. slyly re
19812-3,19812,733,66,3,44.00,71884.12,0.00,0.08,R,F,1993-07-22,1993-06-29,1993-08-05,COLLECT COD,AIR,ove the fluffi
19812-4,19812,853,87,4,45.00,78923.25,0.03,0.07,A,F,1993-04-04,1993-05-03,1993-04-06,DELIVER IN PERSON,AIR,nic pinto beans sleep slyly after
19813-1,19813,748,13,1,40.00,65949.60,0.03,0.05,R,F,1993-05-20,1993-04-12,1993-06-07,NONE,RAIL,refully even theodolites haggle r
19813-2,19813,79,55,2,43.00,42100.01,0.07,0.07,A,F,1993-05-22,1993-04-05,1993-06-21,NONE,TRUCK, the regular ac
19813-3,19813,556,87,3,43.00,62631.65,0.03,0.01,A,F,1993-05-05,1993-05-24,1993-05-13,TAKE BACK RETURN,REG AIR,cies according to the 
19813-4,19813,430,31,4,14.00,18626.02,0.06,0.07,A,F,1993-03-25,1993-04-25,1993-04-23,COLLECT COD,REG AIR,osits use carefully carefully reg
19814-1,19814,819,20,1,4.00,6879.24,0.02,0.05,R,F,1995-05-02,1995-06-13,1995-05-06,TAKE BACK RETURN,TRUCK,to beans. brave ideas are quickly. pac
19815-1,19815,571,62,1,38.00,55919.66,0.09,0.01,R,F,1993-06-12,1993-06-16,1993-06-28,DELIVER IN PERSON,FOB,y ironic pinto be
19815-2,19815,431,61,2,36.00,47931.48,0.09,0.03,R,F,1993-04-21,1993-06-06,1993-05-14,COLLECT COD,MAIL,dependencies. regular ide
19815-3,19815,1702,29,3,50.00,80185.00,0.10,0.03,R,F,1993-05-12,1993-06-01,1993-05-28,NONE,SHIP,cally regular 
19815-4,19815,1528,49,4,31.00,44315.12,0.09,0.00,R,F,1993-05-22,1993-06-05,1993-06-12,NONE,RAIL,l foxes sublate. carefully un
19815-5,19815,264,65,5,11.00,12806.86,0.00,0.06,R,F,1993-06-04,1993-06-21,1993-06-27,TAKE BACK RETURN,RAIL,al excuses engag
19840-1,19840,933,34,1,38.00,69689.34,0.01,0.06,R,F,1993-06-12,1993-07-09,1993-07-06,NONE,AIR,. busy ideas after the regul
19840-2,19840,147,100,2,28.00,29319.92,0.02,0.05,A,F,1993-07-31,1993-08-20,1993-08-09,TAKE BACK RETURN,SHIP,packages. quickly fin
19840-3,19840,1348,49,3,5.00,6246.70,0.01,0.08,A,F,1993-08-16,1993-07-18,1993-09-14,COLLECT COD,SHIP,riously according to the blithely spec
19841-1,19841,1929,74,1,18.00,32956.56,0.08,0.03,A,F,1994-01-18,1994-02-23,1994-01-19,NONE,RAIL,accounts thras
19841-2,19841,1821,51,2,6.00,10336.92,0.03,0.02,A,F,1994-02-10,1994-02-10,1994-02-13,TAKE BACK RETURN,REG AIR, wake about the tithes. ironic requests wak
19841-3,19841,1228,29,3,43.00,48556.46,0.04,0.03,R,F,1994-04-12,1994-02-12,1994-04-24,COLLECT COD,MAIL,regular deposit
19841-4,19841,1544,65,4,32.00,46257.28,0.00,0.08,A,F,1994-01-14,1994-02-26,1994-01-21,DELIVER IN PERSON,SHIP,y special deposits grow
19841-5,19841,1572,53,5,45.00,66310.65,0.03,0.06,A,F,1994-03-30,1994-03-04,1994-04-25,TAKE BACK RETURN,MAIL,thout the unusual foxes sle
19841-6,19841,39,90,6,34.00,31927.02,0.05,0.06,R,F,1994-03-25,1994-03-23,1994-03-29,NONE,REG AIR,its wake. fluff
19841-7,19841,264,19,7,9.00,10478.34,0.01,0.06,R,F,1994-02-17,1994-03-05,1994-03-03,DELIVER IN PERSON,RAIL,efully final
19842-1,19842,790,23,1,27.00,45651.33,0.10,0.05,N,O,1996-09-29,1996-09-10,1996-10-16,DELIVER IN PERSON,RAIL,gular packages 
19842-2,19842,325,10,2,42.00,51463.44,0.02,0.02,N,O,1996-09-22,1996-09-22,1996-10-14,NONE,SHIP,lithely around the fluffily pe
19842-3,19842,814,48,3,18.00,30866.58,0.08,0.05,N,O,1996-09-07,1996-08-26,1996-09-17,DELIVER IN PERSON,REG AIR, even pinto beans detect si
19842-4,19842,550,51,4,39.00,56571.45,0.02,0.02,N,O,1996-10-29,1996-08-30,1996-10-30,DELIVER IN PERSON,FOB,y final accounts nag furiously.
19842-5,19842,446,34,5,1.00,1346.44,0.02,0.01,N,O,1996-08-19,1996-10-12,1996-09-15,DELIVER IN PERSON,REG AIR,efully final requests; regular theodolite
19842-6,19842,1519,100,6,49.00,69604.99,0.10,0.03,N,O,1996-07-18,1996-08-27,1996-08-04,DELIVER IN PERSON,MAIL,s-- quickly expre
19842-7,19842,1159,32,7,40.00,42406.00,0.00,0.04,N,O,1996-08-07,1996-09-06,1996-08-21,COLLECT COD,FOB,ideas. slyly final excuses integrate aro
19843-1,19843,1617,18,1,19.00,28853.59,0.03,0.07,A,F,1993-10-16,1993-10-03,1993-11-13,DELIVER IN PERSON,SHIP,hely regula
19843-2,19843,1970,71,2,5.00,9359.85,0.07,0.03,A,F,1993-10-31,1993-10-17,1993-11-15,TAKE BACK RETURN,TRUCK, even platelets wake
19843-3,19843,1784,11,3,19.00,32029.82,0.03,0.02,R,F,1993-09-19,1993-09-07,1993-10-02,COLLECT COD,REG AIR,bove the blithel
19843-4,19843,788,53,4,7.00,11821.46,0.09,0.05,A,F,1993-09-28,1993-10-11,1993-10-03,DELIVER IN PERSON,REG AIR, ironic foxes wake slyly req
19843-5,19843,597,28,5,22.00,32946.98,0.10,0.00,A,F,1993-08-17,1993-10-14,1993-08-25,NONE,AIR,its cajole a
19843-6,19843,1965,54,6,31.00,57875.76,0.10,0.08,R,F,1993-09-24,1993-09-30,1993-09-29,TAKE BACK RETURN,AIR,e even requests. packages sublate iro
19843-7,19843,1878,79,7,22.00,39157.14,0.00,0.02,A,F,1993-11-18,1993-10-19,1993-11-26,TAKE BACK RETURN,REG AIR,"luffily. pending,"
19844-1,19844,739,40,1,45.00,73787.85,0.01,0.04,N,O,1996-07-26,1996-06-25,1996-08-11,NONE,TRUCK,ccording to the regular ideas. car
19844-2,19844,126,79,2,15.00,15391.80,0.01,0.00,N,O,1996-04-28,1996-07-13,1996-05-26,DELIVER IN PERSON,FOB,equests. quickly regular 
19844-3,19844,1533,34,3,17.00,24387.01,0.08,0.08,N,O,1996-06-19,1996-05-22,1996-06-30,TAKE BACK RETURN,MAIL,pecial ideas boost blithel
19844-4,19844,1170,7,4,35.00,37490.95,0.09,0.08,N,O,1996-08-14,1996-05-22,1996-09-11,TAKE BACK RETURN,RAIL,thely final e
19844-5,19844,1588,9,5,37.00,55114.46,0.10,0.02,N,O,1996-08-13,1996-07-02,1996-09-04,NONE,FOB,ns. courts 
19844-6,19844,249,31,6,48.00,55163.52,0.07,0.01,N,O,1996-05-17,1996-06-15,1996-06-04,DELIVER IN PERSON,RAIL,ely according to the ironic
19845-1,19845,1760,87,1,41.00,68132.16,0.07,0.08,R,F,1994-11-05,1994-09-07,1994-11-07,TAKE BACK RETURN,TRUCK,counts haggle furiously against the 
19845-2,19845,768,65,2,47.00,78431.72,0.02,0.03,R,F,1994-08-13,1994-08-15,1994-08-29,DELIVER IN PERSON,REG AIR, after the carefully express accounts. ca
19846-1,19846,247,2,1,43.00,49331.32,0.00,0.03,N,O,1996-11-21,1996-12-29,1996-11-30,COLLECT COD,REG AIR,. furiously express theodolites are fu
19846-2,19846,1535,36,2,41.00,58897.73,0.10,0.01,N,O,1996-12-09,1997-01-02,1996-12-15,DELIVER IN PERSON,FOB, unusual theodolites sleep carefull
19846-3,19846,126,79,3,11.00,11287.32,0.05,0.00,N,O,1997-01-24,1997-01-31,1997-02-10,COLLECT COD,REG AIR,regular dep
19846-4,19846,833,100,4,26.00,45079.58,0.03,0.05,N,O,1997-02-28,1997-02-10,1997-03-16,DELIVER IN PERSON,MAIL,after the p
19846-5,19846,1308,47,5,41.00,49581.30,0.07,0.05,N,O,1997-01-19,1996-12-18,1997-01-20,TAKE BACK RETURN,RAIL, according to the final i
19846-6,19846,946,15,6,34.00,62795.96,0.09,0.07,N,O,1997-03-05,1997-01-16,1997-03-28,NONE,AIR,ptotes wake slyly
19846-7,19846,919,54,7,22.00,40038.02,0.05,0.02,N,O,1996-12-03,1996-12-17,1997-01-01,TAKE BACK RETURN,MAIL,long the carefully final dep
19847-1,19847,1527,68,1,41.00,58569.32,0.06,0.06,A,F,1993-05-20,1993-04-07,1993-05-23,DELIVER IN PERSON,TRUCK,lites cajole quickly slyly even the
19847-2,19847,1076,82,2,18.00,17587.26,0.03,0.05,A,F,1993-03-26,1993-04-09,1993-04-11,NONE,AIR,hely final requests boost caref
19847-3,19847,1252,53,3,17.00,19605.25,0.10,0.02,A,F,1993-03-21,1993-03-24,1993-04-11,DELIVER IN PERSON,SHIP,atelets. furiously regular depo
19847-4,19847,1586,87,4,26.00,38677.08,0.02,0.02,R,F,1993-03-28,1993-05-12,1993-04-24,NONE,REG AIR,ully after the quic
19872-1,19872,1460,78,1,31.00,42205.26,0.09,0.06,N,O,1998-07-08,1998-04-27,1998-07-28,NONE,REG AIR,lar Tiresias. quickly final somas h
19873-1,19873,1852,39,1,33.00,57877.05,0.09,0.07,R,F,1993-01-12,1993-01-08,1993-01-28,NONE,FOB,final requests
19873-2,19873,1026,32,2,25.00,23175.50,0.00,0.04,R,F,1992-12-02,1992-12-24,1992-12-16,NONE,FOB,sits. slyly 
19874-1,19874,1470,88,1,18.00,24686.46,0.04,0.06,A,F,1992-07-05,1992-08-25,1992-07-27,NONE,MAIL, regular packages a
19874-2,19874,152,31,2,33.00,34720.95,0.03,0.08,A,F,1992-07-05,1992-09-04,1992-07-31,DELIVER IN PERSON,FOB,"blithely about the even, regular"
19874-3,19874,613,45,3,49.00,74166.89,0.10,0.00,R,F,1992-07-08,1992-08-14,1992-07-15,DELIVER IN PERSON,SHIP,eas haggle c
19875-1,19875,139,66,1,29.00,30134.77,0.06,0.01,N,O,1997-02-27,1997-03-01,1997-03-07,NONE,SHIP,nto beans are
19875-2,19875,178,57,2,45.00,48517.65,0.05,0.08,N,O,1997-01-26,1997-03-15,1997-02-22,COLLECT COD,MAIL,"al, pending frays. carefully"
19875-3,19875,716,49,3,43.00,69518.53,0.06,0.04,N,O,1997-01-02,1997-02-03,1997-01-05,COLLECT COD,MAIL,eas haggle furiously quickly ironic
19875-4,19875,707,4,4,46.00,73954.20,0.00,0.00,N,O,1997-03-26,1997-02-12,1997-04-19,COLLECT COD,REG AIR, regular pinto beans along t
19875-5,19875,474,75,5,43.00,59102.21,0.00,0.06,N,O,1997-03-20,1997-02-01,1997-03-24,DELIVER IN PERSON,REG AIR,und the slyly even deposit
19875-6,19875,1635,59,6,15.00,23049.45,0.09,0.01,N,O,1997-01-10,1997-03-26,1997-02-05,TAKE BACK RETURN,FOB, to the ideas. slyly careful packag
19875-7,19875,754,51,7,16.00,26476.00,0.03,0.08,N,O,1997-01-28,1997-03-18,1997-02-05,COLLECT COD,MAIL,nusual forges abo
19876-1,19876,127,28,1,26.00,26705.12,0.08,0.02,N,O,1998-09-19,1998-10-25,1998-10-10,TAKE BACK RETURN,TRUCK,ccounts. slyly final deposits will x-ray 
19876-2,19876,197,24,2,29.00,31818.51,0.05,0.08,N,O,1998-09-19,1998-09-02,1998-09-28,DELIVER IN PERSON,FOB,carefully regular reque
19876-3,19876,1159,32,3,45.00,47706.75,0.08,0.07,N,O,1998-11-23,1998-10-04,1998-12-02,COLLECT COD,FOB,ns. pending packages x-ray. c
19876-4,19876,253,54,4,50.00,57662.50,0.03,0.05,N,O,1998-11-19,1998-09-02,1998-11-27,NONE,SHIP,es haggle bravely quickly express decoys. 
19877-1,19877,1843,87,1,17.00,29662.28,0.05,0.01,N,O,1998-07-31,1998-08-30,1998-08-29,TAKE BACK RETURN,RAIL,ccounts; carefully fur
19877-2,19877,505,66,2,10.00,14055.00,0.10,0.01,N,O,1998-07-31,1998-08-14,1998-08-02,NONE,FOB,ending requests. quickl
19877-3,19877,752,49,3,44.00,72721.00,0.00,0.03,N,O,1998-08-05,1998-09-14,1998-08-17,TAKE BACK RETURN,REG AIR,ges. quickly 
19877-4,19877,320,77,4,31.00,37829.92,0.01,0.04,N,O,1998-08-10,1998-09-22,1998-08-31,DELIVER IN PERSON,TRUCK,ticingly bold pinto beans b
19877-5,19877,664,65,5,5.00,7823.30,0.04,0.03,N,O,1998-08-16,1998-09-06,1998-09-10,NONE,SHIP,hely quiet pinto beans. furiously silent
19877-6,19877,128,55,6,12.00,12337.44,0.07,0.06,N,O,1998-09-06,1998-08-26,1998-10-02,NONE,TRUCK,g theodolites nag blithely abo
19877-7,19877,1905,6,7,50.00,90345.00,0.06,0.03,N,O,1998-07-02,1998-08-24,1998-07-13,TAKE BACK RETURN,SHIP,nal ideas. deposits doze according 
19878-1,19878,49,25,1,44.00,41757.76,0.03,0.00,N,O,1998-02-23,1998-03-20,1998-03-09,TAKE BACK RETURN,MAIL,ix quickly. requests boost quickly
19878-2,19878,166,19,2,43.00,45844.88,0.10,0.03,N,O,1998-03-06,1998-03-05,1998-03-24,DELIVER IN PERSON,AIR,thely final notornis. carefully specia
19878-3,19878,294,76,3,6.00,7165.74,0.08,0.06,N,O,1998-05-08,1998-02-14,1998-05-28,DELIVER IN PERSON,REG AIR,"express, regular depe"
19878-4,19878,821,55,4,19.00,32714.58,0.10,0.03,N,O,1998-04-19,1998-03-19,1998-04-25,COLLECT COD,REG AIR,lms alongs
19878-5,19878,314,71,5,9.00,10928.79,0.06,0.02,N,O,1998-02-20,1998-04-04,1998-03-16,DELIVER IN PERSON,FOB, ironic accounts bo
19878-6,19878,783,48,6,1.00,1683.78,0.08,0.00,N,O,1998-02-10,1998-02-26,1998-03-10,NONE,SHIP,vely alongside of the warthogs. c
19879-1,19879,1302,79,1,38.00,45725.40,0.01,0.03,R,F,1994-10-12,1994-11-18,1994-10-20,TAKE BACK RETURN,RAIL, blithely ironic deposits detect
19879-2,19879,727,60,2,43.00,69991.96,0.09,0.07,R,F,1994-12-20,1994-12-16,1994-12-27,TAKE BACK RETURN,SHIP,riously express ideas. pending accounts m
19879-3,19879,1758,43,3,12.00,19917.00,0.04,0.04,R,F,1994-12-03,1994-11-13,1994-12-12,TAKE BACK RETURN,FOB, thin deposits. fluffily final accounts
19904-1,19904,443,31,1,31.00,41646.64,0.07,0.00,N,O,1998-04-30,1998-05-24,1998-05-09,COLLECT COD,TRUCK,regular request
19904-2,19904,975,76,2,19.00,35643.43,0.08,0.05,N,O,1998-06-24,1998-04-06,1998-07-14,NONE,FOB, silent accounts wake carefu
19904-3,19904,1929,30,3,35.00,64082.20,0.01,0.07,N,O,1998-06-09,1998-04-12,1998-07-02,COLLECT COD,MAIL, sometimes ironic tithes. quickly r
19904-4,19904,665,28,4,19.00,29747.54,0.07,0.02,N,O,1998-06-02,1998-04-08,1998-06-27,NONE,MAIL, excuses wake furiously blithely iro
19904-5,19904,1474,14,5,3.00,4126.41,0.04,0.00,N,O,1998-05-01,1998-05-06,1998-05-23,TAKE BACK RETURN,SHIP,t courts detect. quickly e
19904-6,19904,1489,90,6,19.00,26419.12,0.01,0.00,N,O,1998-06-15,1998-04-12,1998-06-17,DELIVER IN PERSON,FOB, nag slyly ab
19904-7,19904,1650,92,7,46.00,71375.90,0.04,0.01,N,O,1998-06-22,1998-04-09,1998-07-13,DELIVER IN PERSON,RAIL,ermanent packages sleep 
19905-1,19905,461,20,1,50.00,68073.00,0.07,0.00,A,F,1992-11-06,1992-10-20,1992-11-09,COLLECT COD,REG AIR,e fluffily 
19905-2,19905,1509,90,2,36.00,50778.00,0.09,0.05,R,F,1992-09-05,1992-11-08,1992-09-13,COLLECT COD,SHIP,ias! furiously even acc
19905-3,19905,1799,42,3,48.00,81637.92,0.06,0.07,A,F,1992-11-23,1992-10-14,1992-12-05,TAKE BACK RETURN,AIR,y unusual excuses! furiousl
19905-4,19905,1023,94,4,33.00,30492.66,0.05,0.03,A,F,1992-08-18,1992-09-19,1992-09-12,DELIVER IN PERSON,REG AIR,"y. final, pending platelets use carefully "
19905-5,19905,63,39,5,43.00,41411.58,0.01,0.01,R,F,1992-10-26,1992-09-30,1992-11-15,COLLECT COD,RAIL,pendencies about the ironic packages 
19905-6,19905,223,78,6,28.00,31450.16,0.03,0.04,R,F,1992-08-14,1992-09-21,1992-08-20,COLLECT COD,AIR,uses cajole slyly after the carefully
19906-1,19906,264,65,1,10.00,11642.60,0.07,0.05,R,F,1994-07-21,1994-07-04,1994-08-10,NONE,REG AIR,"ular, even deposits. spe"
19906-2,19906,1476,94,2,42.00,57853.74,0.00,0.05,R,F,1994-07-22,1994-06-08,1994-07-26,DELIVER IN PERSON,AIR,. final deposits wake
19906-3,19906,1666,90,3,30.00,47029.80,0.10,0.05,A,F,1994-05-25,1994-05-19,1994-06-15,TAKE BACK RETURN,SHIP,gular excuses. furiousl
19906-4,19906,952,87,4,11.00,20382.45,0.09,0.06,A,F,1994-05-06,1994-06-25,1994-05-12,COLLECT COD,RAIL,"totes. unusual, spec"
19906-5,19906,1474,14,5,22.00,30260.34,0.02,0.04,A,F,1994-07-20,1994-05-24,1994-07-31,NONE,AIR,ts are fluffily a
19907-1,19907,1208,20,1,50.00,55460.00,0.02,0.03,N,O,1998-07-25,1998-08-19,1998-08-17,TAKE BACK RETURN,RAIL,atelets boost carefully abou
19907-2,19907,1744,87,2,13.00,21394.62,0.06,0.04,N,O,1998-07-13,1998-08-08,1998-07-30,COLLECT COD,MAIL,final accounts sleep car
19907-3,19907,1921,54,3,15.00,27343.80,0.03,0.03,N,O,1998-10-03,1998-08-02,1998-10-15,DELIVER IN PERSON,FOB,oost accounts. furiousl
19907-4,19907,1575,76,4,47.00,69398.79,0.06,0.06,N,O,1998-09-11,1998-08-12,1998-10-02,NONE,RAIL,le always against the quickly sil
19907-5,19907,1240,41,5,36.00,41084.64,0.01,0.00,N,O,1998-09-04,1998-08-07,1998-09-12,NONE,SHIP,he slyly ir
19908-1,19908,1086,57,1,20.00,19741.60,0.09,0.00,A,F,1993-01-22,1993-04-02,1993-02-19,DELIVER IN PERSON,SHIP,ronic packages. slyly thin 
19908-2,19908,1047,48,2,9.00,8532.36,0.08,0.00,A,F,1993-01-10,1993-03-11,1993-01-16,NONE,REG AIR,kages wake slyly after the regular f
19908-3,19908,457,16,3,5.00,6787.25,0.02,0.05,R,F,1993-02-15,1993-04-01,1993-03-10,NONE,RAIL,sits. regular ideas slee
19908-4,19908,1642,25,4,5.00,7718.20,0.01,0.01,R,F,1993-03-25,1993-02-23,1993-04-10,NONE,RAIL,as cajole carefully according to the fluff
19908-5,19908,1685,9,5,40.00,63467.20,0.05,0.07,A,F,1993-04-26,1993-03-13,1993-04-27,DELIVER IN PERSON,AIR,lithely according 
19908-6,19908,467,97,6,35.00,47861.10,0.09,0.07,A,F,1993-04-29,1993-03-25,1993-05-27,TAKE BACK RETURN,FOB,. blithely express packages haggle caref
19908-7,19908,965,66,7,22.00,41051.12,0.05,0.01,A,F,1993-01-20,1993-02-18,1993-02-05,DELIVER IN PERSON,FOB,s are slyly quietly even theodolites. caref
19909-1,19909,226,54,1,24.00,27029.28,0.09,0.01,N,O,1996-11-03,1996-11-21,1996-11-05,TAKE BACK RETURN,FOB,n deposits inte
19909-2,19909,785,18,2,14.00,23600.92,0.05,0.00,N,O,1996-09-29,1996-10-25,1996-10-16,TAKE BACK RETURN,MAIL,le quickly 
19909-3,19909,901,2,3,6.00,10811.40,0.03,0.01,N,O,1996-10-28,1996-11-27,1996-11-14,DELIVER IN PERSON,SHIP,egular requests. blithely
19909-4,19909,344,29,4,31.00,38574.54,0.07,0.03,N,O,1996-10-28,1996-10-27,1996-11-03,DELIVER IN PERSON,REG AIR,nic accounts. careful sentiments are. furio
19909-5,19909,74,75,5,38.00,37014.66,0.05,0.00,N,O,1996-12-23,1996-11-18,1997-01-01,TAKE BACK RETURN,SHIP,ully ironic deposits among the expre
19909-6,19909,1602,44,6,10.00,15036.00,0.07,0.03,N,O,1997-01-11,1996-11-28,1997-01-12,TAKE BACK RETURN,AIR,ccounts alongside of the id
19909-7,19909,834,35,7,4.00,6939.32,0.01,0.00,N,O,1996-10-22,1996-10-25,1996-11-10,NONE,SHIP,he unusual accounts: special de
19910-1,19910,876,77,1,13.00,23099.31,0.04,0.07,N,O,1995-07-07,1995-07-07,1995-07-10,DELIVER IN PERSON,FOB,yly special deposits x-ray a
19910-2,19910,111,12,2,26.00,26288.86,0.07,0.01,A,F,1995-05-15,1995-06-11,1995-05-29,DELIVER IN PERSON,FOB,uctions detect. fluffily bold
19910-3,19910,1855,85,3,48.00,84328.80,0.01,0.00,N,F,1995-06-15,1995-06-30,1995-07-13,DELIVER IN PERSON,RAIL,st slyly so
19910-4,19910,437,67,4,36.00,48147.48,0.07,0.00,N,O,1995-08-19,1995-07-29,1995-08-29,NONE,MAIL,und the theodolites
19911-1,19911,414,73,1,7.00,9200.87,0.03,0.06,N,O,1995-10-14,1995-11-28,1995-10-30,NONE,TRUCK, sleep blithel
19911-2,19911,1410,28,2,27.00,35408.07,0.08,0.08,N,O,1995-12-13,1995-11-09,1996-01-12,COLLECT COD,MAIL,"even, even accounts are sl"
19911-3,19911,867,68,3,28.00,49500.08,0.02,0.01,N,O,1995-10-18,1995-11-25,1995-10-30,COLLECT COD,REG AIR,"al requests. regular, regular dep"
19911-4,19911,1939,28,4,13.00,23932.09,0.10,0.04,N,O,1996-01-21,1995-12-28,1996-02-06,COLLECT COD,RAIL,quickly. quic
19911-5,19911,281,36,5,29.00,34257.12,0.10,0.04,N,O,1995-10-11,1995-11-23,1995-10-26,DELIVER IN PERSON,FOB," ironic, express pac"
19911-6,19911,752,17,6,23.00,38013.25,0.02,0.04,N,O,1995-10-11,1995-11-14,1995-10-12,DELIVER IN PERSON,MAIL, regular courts. 
19911-7,19911,263,64,7,39.00,45367.14,0.01,0.07,N,O,1995-11-28,1995-11-20,1995-12-08,DELIVER IN PERSON,SHIP,ely bold dolphi
19936-1,19936,958,61,1,23.00,42755.85,0.08,0.02,A,F,1993-02-17,1993-01-31,1993-03-06,TAKE BACK RETURN,RAIL, escapades. bold platele
19936-2,19936,965,66,2,5.00,9329.80,0.08,0.02,R,F,1993-01-25,1993-01-29,1993-02-07,DELIVER IN PERSON,TRUCK,e quickly even ideas. s
19936-3,19936,990,59,3,41.00,77530.59,0.05,0.01,A,F,1992-12-31,1993-01-12,1993-01-01,NONE,REG AIR,"p carefully along the ironic, unu"
19936-4,19936,141,20,4,12.00,12493.68,0.02,0.03,A,F,1993-01-28,1992-12-23,1993-02-24,TAKE BACK RETURN,REG AIR,regular accounts haggle slyly above the f
19936-5,19936,1761,46,5,43.00,71498.68,0.07,0.06,R,F,1992-12-05,1993-02-10,1992-12-17,COLLECT COD,RAIL,ular asymptotes sleep regular account
19937-1,19937,832,32,1,22.00,38122.26,0.02,0.05,N,O,1998-10-10,1998-09-16,1998-10-23,TAKE BACK RETURN,SHIP, furiously unusual foxes prin
19938-1,19938,859,59,1,47.00,82712.95,0.10,0.03,A,F,1995-05-09,1995-06-01,1995-06-04,NONE,MAIL,arefully blithely even c
19938-2,19938,124,77,2,12.00,12289.44,0.03,0.08,N,F,1995-06-17,1995-06-02,1995-06-29,COLLECT COD,MAIL,to beans wake carefully
19938-3,19938,796,97,3,20.00,33935.80,0.08,0.07,A,F,1995-05-08,1995-05-08,1995-05-09,TAKE BACK RETURN,FOB,ously even instructions 
19938-4,19938,1427,45,4,43.00,57122.06,0.07,0.08,N,O,1995-06-24,1995-05-13,1995-06-26,COLLECT COD,MAIL,aggle fluffily quic
19938-5,19938,300,82,5,46.00,55213.80,0.01,0.07,R,F,1995-04-25,1995-05-24,1995-05-11,DELIVER IN PERSON,MAIL,ges. ironic excuses af
19938-6,19938,1545,46,6,18.00,26037.72,0.07,0.03,N,O,1995-07-15,1995-06-12,1995-07-18,COLLECT COD,TRUCK,requests. furiously even escapades
19938-7,19938,1064,65,7,41.00,39567.46,0.04,0.02,A,F,1995-04-28,1995-05-21,1995-05-04,TAKE BACK RETURN,SHIP,posits. carefully even depths 
19939-1,19939,415,74,1,33.00,43408.53,0.07,0.08,N,O,1997-05-28,1997-05-27,1997-06-10,COLLECT COD,SHIP,ffy deposits dazzle slyly accordi
19939-2,19939,1805,49,2,34.00,58031.20,0.06,0.08,N,O,1997-06-13,1997-05-12,1997-07-10,TAKE BACK RETURN,SHIP, ideas wake carefully. quickly unusual
19939-3,19939,1760,87,3,26.00,43205.76,0.09,0.08,N,O,1997-07-20,1997-06-18,1997-08-16,NONE,REG AIR,"deas wake after the regular, even foxes. c"
19939-4,19939,953,54,4,11.00,20393.45,0.10,0.01,N,O,1997-04-08,1997-06-22,1997-04-29,DELIVER IN PERSON,RAIL,ly unusual a
19940-1,19940,648,49,1,23.00,35618.72,0.08,0.02,N,O,1996-07-19,1996-08-16,1996-08-16,TAKE BACK RETURN,FOB,requests print slyly. f
19940-2,19940,83,9,2,24.00,23593.92,0.01,0.01,N,O,1996-10-30,1996-08-06,1996-11-26,TAKE BACK RETURN,FOB,ully ironic excuses sle
19940-3,19940,732,97,3,46.00,75105.58,0.06,0.07,N,O,1996-10-30,1996-08-18,1996-11-19,NONE,SHIP,lly regular requests. furiously express th
19940-4,19940,1067,3,4,18.00,17425.08,0.10,0.02,N,O,1996-10-15,1996-09-22,1996-10-21,COLLECT COD,FOB,es. courts above the slyly regul
19941-1,19941,1669,70,1,47.00,73821.02,0.02,0.01,A,F,1994-02-05,1994-02-11,1994-02-09,TAKE BACK RETURN,FOB,excuses. carefully regular
19941-2,19941,201,29,2,9.00,9910.80,0.03,0.04,R,F,1994-02-13,1994-01-12,1994-03-08,COLLECT COD,REG AIR,aggle inside the daringly special re
19941-3,19941,385,70,3,28.00,35990.64,0.01,0.02,A,F,1994-01-20,1994-02-04,1994-02-15,DELIVER IN PERSON,MAIL,le-- slyly ruthless deposits cajole fu
19941-4,19941,75,26,4,43.00,41928.01,0.05,0.01,R,F,1994-02-16,1994-02-19,1994-02-17,COLLECT COD,MAIL,"o the special, pending acc"
19941-5,19941,1672,14,5,6.00,9442.02,0.08,0.01,R,F,1994-03-18,1994-01-27,1994-04-14,COLLECT COD,MAIL,e furiously quietly regular theodolites
19941-6,19941,1178,51,6,4.00,4316.68,0.00,0.01,R,F,1994-03-25,1994-02-17,1994-04-21,DELIVER IN PERSON,RAIL,ckly pending packages haggle blithel
19941-7,19941,456,86,7,14.00,18990.30,0.08,0.04,R,F,1994-01-04,1994-01-21,1994-01-28,COLLECT COD,FOB, beans. blithely even plat
19942-1,19942,359,16,1,32.00,40299.20,0.10,0.05,N,O,1998-07-15,1998-07-01,1998-07-22,DELIVER IN PERSON,RAIL,ng requests haggle at the da
19942-2,19942,1862,63,2,3.00,5291.58,0.10,0.04,N,O,1998-06-01,1998-07-05,1998-06-06,COLLECT COD,AIR, regular foxes nag quickly a
19942-3,19942,761,26,3,11.00,18279.36,0.08,0.08,N,O,1998-08-11,1998-06-10,1998-09-01,DELIVER IN PERSON,TRUCK,sly. slyly express pinto beans use 
19942-4,19942,286,68,4,8.00,9490.24,0.01,0.03,N,O,1998-05-19,1998-05-25,1998-05-28,TAKE BACK RETURN,SHIP,ss carefully among the sil
19943-1,19943,80,81,1,28.00,27442.24,0.10,0.04,A,F,1995-03-04,1995-01-23,1995-04-03,DELIVER IN PERSON,SHIP,ng the blithely special reques
19943-2,19943,1221,59,2,15.00,16833.30,0.02,0.01,A,F,1994-12-27,1994-12-30,1995-01-22,DELIVER IN PERSON,FOB,es. carefully ironi
19968-1,19968,594,25,1,44.00,65761.96,0.00,0.07,N,O,1998-01-01,1998-01-26,1998-01-25,NONE,RAIL,ly special d
19968-2,19968,22,98,2,34.00,31348.68,0.09,0.02,N,O,1998-04-02,1998-03-04,1998-05-01,TAKE BACK RETURN,TRUCK,dolites ha
19968-3,19968,1851,38,3,16.00,28045.60,0.03,0.05,N,O,1998-03-31,1998-02-12,1998-04-06,TAKE BACK RETURN,FOB,nal accounts. bl
19968-4,19968,504,5,4,48.00,67416.00,0.01,0.00,N,O,1997-12-14,1998-02-06,1997-12-18,DELIVER IN PERSON,AIR,ges. ironic deposits a
19968-5,19968,1585,66,5,49.00,72842.42,0.06,0.00,N,O,1998-03-26,1998-02-12,1998-04-05,NONE,RAIL,l asymptotes. unusual account
19968-6,19968,1022,28,6,44.00,40612.88,0.10,0.07,N,O,1997-12-30,1998-02-07,1998-01-18,TAKE BACK RETURN,AIR, deposits cajole slyly slyly fina
19968-7,19968,562,63,7,38.00,55577.28,0.05,0.08,N,O,1998-01-27,1998-01-13,1998-01-30,COLLECT COD,MAIL,". unusual, unusual req"
19969-1,19969,594,55,1,23.00,34375.57,0.02,0.00,N,O,1997-08-18,1997-08-11,1997-09-17,TAKE BACK RETURN,RAIL,ously express reques
19969-2,19969,856,56,2,14.00,24595.90,0.02,0.01,N,O,1997-08-11,1997-07-18,1997-08-21,COLLECT COD,TRUCK,ously at the carefully regular ideas. even
19969-3,19969,299,27,3,35.00,41975.15,0.05,0.00,N,O,1997-06-25,1997-07-04,1997-06-26,TAKE BACK RETURN,RAIL, instructio
19970-1,19970,411,99,1,19.00,24916.79,0.08,0.04,N,O,1996-12-21,1997-02-08,1996-12-27,NONE,SHIP,ate slyly. special
19970-2,19970,901,2,2,11.00,19820.90,0.02,0.01,N,O,1997-02-18,1997-01-03,1997-02-24,TAKE BACK RETURN,AIR,mptotes engage fluffily silen
19970-3,19970,1894,95,3,40.00,71835.60,0.10,0.01,N,O,1997-02-14,1997-02-08,1997-02-27,COLLECT COD,RAIL, asymptotes ca
19970-4,19970,961,30,4,27.00,50272.92,0.04,0.02,N,O,1996-12-31,1997-01-14,1997-01-25,TAKE BACK RETURN,SHIP,sts integrate above the
19970-5,19970,463,64,5,14.00,19088.44,0.06,0.00,N,O,1997-01-17,1997-02-04,1997-02-11,COLLECT COD,FOB,along the final pinto beans. b
19970-6,19970,305,90,6,48.00,57854.40,0.08,0.00,N,O,1997-01-22,1996-12-26,1997-01-24,COLLECT COD,REG AIR,uests haggle quic
19971-1,19971,1610,93,1,25.00,37790.25,0.06,0.02,N,O,1996-08-05,1996-08-14,1996-08-24,DELIVER IN PERSON,FOB,etect carefully
19971-2,19971,1245,46,2,40.00,45849.60,0.00,0.08,N,O,1996-07-23,1996-08-06,1996-08-19,NONE,FOB,"arefully regular dependencies. regular, reg"
19971-3,19971,317,46,3,12.00,14607.72,0.03,0.04,N,O,1996-09-16,1996-09-19,1996-09-17,DELIVER IN PERSON,TRUCK,n ideas need to wake regular ideas. pac
19971-4,19971,1335,12,4,35.00,43271.55,0.00,0.06,N,O,1996-10-16,1996-08-24,1996-10-20,TAKE BACK RETURN,TRUCK,l foxes. blith
19971-5,19971,400,85,5,29.00,37711.60,0.00,0.08,N,O,1996-10-26,1996-08-03,1996-11-25,NONE,REG AIR,ly according to
19971-6,19971,1616,58,6,46.00,69810.06,0.08,0.05,N,O,1996-07-27,1996-08-30,1996-08-09,DELIVER IN PERSON,TRUCK,yly special fox
19972-1,19972,1541,42,1,28.00,40391.12,0.00,0.07,A,F,1992-09-28,1992-08-10,1992-10-28,DELIVER IN PERSON,REG AIR,d the carefully special
19972-2,19972,1648,49,2,50.00,77482.00,0.00,0.02,R,F,1992-08-02,1992-09-06,1992-08-13,COLLECT COD,RAIL,ions affix even sau
19972-3,19972,32,58,3,6.00,5592.18,0.10,0.00,R,F,1992-06-29,1992-07-27,1992-07-03,COLLECT COD,MAIL,sly special
19973-1,19973,1323,62,1,45.00,55094.40,0.01,0.08,N,O,1996-05-14,1996-03-24,1996-05-18,DELIVER IN PERSON,REG AIR,leep fluffily furious
19974-1,19974,173,52,1,14.00,15024.38,0.05,0.08,A,F,1993-12-06,1993-12-08,1994-01-01,TAKE BACK RETURN,SHIP,heodolites are. blithely pending deposits 
19974-2,19974,193,94,2,4.00,4372.76,0.02,0.08,R,F,1994-01-23,1993-12-27,1994-02-17,TAKE BACK RETURN,FOB,yly unusual ideas. blithely unusual requ
19974-3,19974,1032,68,3,33.00,30789.99,0.01,0.05,A,F,1994-02-26,1993-12-11,1994-03-10,NONE,MAIL, furiously pending asymptote
19974-4,19974,1379,56,4,3.00,3841.11,0.03,0.02,R,F,1994-02-17,1994-01-04,1994-03-06,COLLECT COD,RAIL,usly regular ac
19974-5,19974,1477,95,5,8.00,11027.76,0.05,0.06,R,F,1993-12-14,1994-01-12,1993-12-15,TAKE BACK RETURN,MAIL, the regular dependencies. f
19974-6,19974,1818,62,6,44.00,75671.64,0.02,0.06,R,F,1994-02-07,1993-12-07,1994-02-20,NONE,RAIL,uickly ironic warthogs sle
19974-7,19974,1577,58,7,25.00,36964.25,0.02,0.03,A,F,1994-01-15,1994-01-12,1994-02-05,DELIVER IN PERSON,MAIL,oxes haggle furiously furiously regu
19975-1,19975,35,61,1,38.00,35531.14,0.07,0.00,A,F,1994-04-14,1994-05-18,1994-05-04,COLLECT COD,SHIP,y carefully pending accounts. flu
19975-2,19975,837,4,2,13.00,22591.79,0.05,0.04,R,F,1994-06-05,1994-06-24,1994-06-20,NONE,FOB,boost across the slyly ironic 
19975-3,19975,726,27,3,21.00,34161.12,0.01,0.06,A,F,1994-05-29,1994-06-29,1994-06-24,TAKE BACK RETURN,RAIL,uickly even platelets integrate blithely qu
19975-4,19975,512,3,4,44.00,62150.44,0.04,0.08,R,F,1994-05-21,1994-05-28,1994-06-07,TAKE BACK RETURN,FOB,nt theodol
19975-5,19975,294,76,5,7.00,8360.03,0.07,0.03,A,F,1994-04-25,1994-06-25,1994-05-09,TAKE BACK RETURN,MAIL,ial packages affix carefully. fluffil
20000-1,20000,989,90,1,32.00,60479.36,0.06,0.02,N,O,1996-07-28,1996-10-10,1996-08-13,COLLECT COD,MAIL,fter the slyly even reques
20000-2,20000,1614,15,2,7.00,10609.27,0.03,0.04,N,O,1996-10-07,1996-08-27,1996-11-02,COLLECT COD,SHIP, the furiously ironic excuses
20001-1,20001,587,78,1,37.00,55040.46,0.05,0.06,A,F,1993-01-04,1992-11-29,1993-01-12,COLLECT COD,AIR,y furiousl
20001-2,20001,1787,72,2,9.00,15199.02,0.01,0.06,R,F,1992-10-26,1993-01-05,1992-10-31,TAKE BACK RETURN,MAIL,sheaves. regular dinos nag 
20002-1,20002,1151,60,1,5.00,5260.75,0.10,0.07,R,F,1992-08-18,1992-10-14,1992-08-29,TAKE BACK RETURN,REG AIR,ntain quickl
20002-2,20002,1651,75,2,43.00,66763.95,0.10,0.08,A,F,1992-11-17,1992-10-09,1992-12-06,TAKE BACK RETURN,REG AIR,ic deposits use furiously even deposits.
20002-3,20002,1752,79,3,2.00,3307.50,0.03,0.06,A,F,1992-10-14,1992-10-18,1992-11-04,TAKE BACK RETURN,SHIP,ackages. fluffily regular instructions hagg
20003-1,20003,1653,54,1,33.00,51303.45,0.09,0.03,R,F,1992-04-10,1992-03-21,1992-04-20,TAKE BACK RETURN,FOB,kly around the quickly bold req
20003-2,20003,1421,22,2,10.00,13224.20,0.09,0.07,R,F,1992-04-20,1992-04-23,1992-05-04,DELIVER IN PERSON,AIR,s the dependenci
20003-3,20003,691,85,3,40.00,63667.60,0.00,0.04,R,F,1992-05-14,1992-03-31,1992-06-09,NONE,TRUCK, slyly brave accounts
20003-4,20003,43,19,4,45.00,42436.80,0.05,0.08,A,F,1992-04-02,1992-03-18,1992-04-21,TAKE BACK RETURN,SHIP, the furiously bold fox
20003-5,20003,834,34,5,9.00,15613.47,0.07,0.05,R,F,1992-02-03,1992-03-23,1992-02-07,TAKE BACK RETURN,SHIP, foxes. pending asymptotes around the furio
20004-1,20004,1279,17,1,43.00,50751.61,0.08,0.01,N,O,1996-06-17,1996-08-03,1996-07-02,COLLECT COD,REG AIR,ly sly packages lose blithely. a
20004-2,20004,372,57,2,26.00,33081.62,0.03,0.01,N,O,1996-09-01,1996-08-17,1996-09-13,DELIVER IN PERSON,AIR, quickly furiously exp
20004-3,20004,1394,33,3,49.00,63474.11,0.02,0.01,N,O,1996-07-27,1996-09-07,1996-08-09,DELIVER IN PERSON,MAIL,ound the final platelets
20004-4,20004,1959,4,4,4.00,7443.80,0.08,0.07,N,O,1996-08-11,1996-09-10,1996-08-25,NONE,REG AIR, about the furious
20004-5,20004,1130,31,5,47.00,48463.11,0.01,0.05,N,O,1996-07-10,1996-08-30,1996-07-22,COLLECT COD,REG AIR,ag furiously. slyly bold ideas haggle ca
20005-1,20005,746,79,1,2.00,3293.48,0.02,0.08,N,O,1998-03-12,1998-03-03,1998-03-17,DELIVER IN PERSON,REG AIR,nag final accounts. slyly final pac
20005-2,20005,208,90,2,33.00,36570.60,0.07,0.06,N,O,1998-01-28,1998-04-21,1998-01-31,NONE,REG AIR,ing theodolites. quiet ideas are
20005-3,20005,207,89,3,6.00,6643.20,0.00,0.01,N,O,1998-03-07,1998-04-22,1998-03-13,DELIVER IN PERSON,SHIP,ithely bold pains integrate fl
20005-4,20005,239,40,4,37.00,42151.51,0.01,0.00,N,O,1998-04-25,1998-04-12,1998-05-05,TAKE BACK RETURN,REG AIR,ts. slyly ir
20005-5,20005,574,75,5,23.00,33915.11,0.04,0.02,N,O,1998-03-31,1998-04-26,1998-04-15,COLLECT COD,AIR,after the blith
20005-6,20005,409,10,6,4.00,5237.60,0.04,0.02,N,O,1998-02-05,1998-04-08,1998-02-25,COLLECT COD,REG AIR,ronic deposits. slyl
20005-7,20005,188,15,7,3.00,3264.54,0.05,0.04,N,O,1998-02-08,1998-03-26,1998-02-17,NONE,RAIL,oost beyond the platelets. slyly unusu
20006-1,20006,361,90,1,33.00,41624.88,0.10,0.03,N,O,1996-07-12,1996-07-18,1996-07-13,NONE,RAIL,nstruction
20006-2,20006,1175,48,2,36.00,38742.12,0.05,0.06,N,O,1996-10-04,1996-08-29,1996-11-01,TAKE BACK RETURN,MAIL,"press, pending pinto beans sleep. quickly"
20006-3,20006,427,15,3,44.00,58406.48,0.04,0.06,N,O,1996-10-01,1996-08-09,1996-10-08,TAKE BACK RETURN,AIR,ts. quickly bold pinto beans slee
20006-4,20006,883,17,4,47.00,83842.36,0.10,0.03,N,O,1996-09-29,1996-07-28,1996-10-19,TAKE BACK RETURN,REG AIR,", regular accou"
20006-5,20006,271,53,5,10.00,11712.70,0.10,0.00,N,O,1996-08-08,1996-09-10,1996-08-23,NONE,FOB, gifts. bold 
20006-6,20006,1928,61,6,23.00,42088.16,0.00,0.04,N,O,1996-06-27,1996-09-04,1996-07-05,NONE,MAIL,pearls. silent foxes wake carefully 
20006-7,20006,160,39,7,19.00,20143.04,0.05,0.05,N,O,1996-07-14,1996-07-30,1996-07-18,TAKE BACK RETURN,SHIP,ckly silent instruct
20007-1,20007,1169,42,1,31.00,33174.96,0.02,0.04,R,F,1994-09-21,1994-09-19,1994-10-17,TAKE BACK RETURN,MAIL,ully regular excuses. caref
20032-1,20032,514,45,1,47.00,66481.97,0.01,0.00,A,F,1993-02-13,1992-12-06,1993-02-17,DELIVER IN PERSON,RAIL, carefully
20032-2,20032,506,67,2,3.00,4219.50,0.10,0.01,R,F,1993-02-25,1992-12-22,1993-02-26,NONE,AIR,ounts detect. furiously express re
20032-3,20032,711,8,3,32.00,51574.72,0.01,0.00,R,F,1993-01-13,1992-12-29,1993-01-20,DELIVER IN PERSON,TRUCK,orses. slyly regular packages 
20032-4,20032,38,39,4,32.00,30016.96,0.07,0.06,R,F,1993-01-05,1993-01-01,1993-01-16,COLLECT COD,FOB,", ironic accounts: "
20033-1,20033,1677,19,1,37.00,58410.79,0.00,0.07,A,F,1993-09-05,1993-08-13,1993-10-04,COLLECT COD,SHIP,onic theodolites. deposits about the fu
20034-1,20034,1220,21,1,49.00,54939.78,0.06,0.02,N,O,1996-10-30,1996-08-26,1996-11-19,DELIVER IN PERSON,MAIL,"p fluffily special, quick h"
20034-2,20034,475,5,2,11.00,15130.17,0.03,0.02,N,O,1996-08-04,1996-09-26,1996-08-22,DELIVER IN PERSON,TRUCK, frays? blithely express 
20035-1,20035,1438,56,1,6.00,8036.58,0.08,0.00,N,O,1996-05-04,1996-06-21,1996-05-08,DELIVER IN PERSON,REG AIR, accounts. blithely special courts sleep qu
20035-2,20035,1047,83,2,35.00,33181.40,0.01,0.04,N,O,1996-06-12,1996-06-06,1996-07-11,TAKE BACK RETURN,REG AIR, deposits a
20036-1,20036,1332,47,1,27.00,33299.91,0.06,0.01,A,F,1994-03-26,1994-02-05,1994-03-30,NONE,REG AIR,ously regular reque
20036-2,20036,15,16,2,49.00,44835.49,0.03,0.07,A,F,1993-12-26,1994-03-04,1994-01-01,TAKE BACK RETURN,REG AIR,ironic pinto beans slee
20036-3,20036,109,10,3,48.00,48436.80,0.02,0.02,A,F,1994-02-08,1994-02-11,1994-02-10,TAKE BACK RETURN,RAIL,regular theodo
20036-4,20036,1423,24,4,37.00,49003.54,0.01,0.00,A,F,1994-02-28,1994-03-01,1994-03-20,TAKE BACK RETURN,AIR,ular accounts. blithely ironic de
20036-5,20036,1311,50,5,31.00,37581.61,0.09,0.00,R,F,1994-01-17,1994-03-04,1994-02-12,NONE,REG AIR,pending de
20037-1,20037,998,99,1,31.00,58868.69,0.05,0.00,R,F,1994-02-19,1994-03-08,1994-02-22,TAKE BACK RETURN,MAIL,"s. regular, final accounts hang furiously p"
20037-2,20037,614,77,2,10.00,15146.10,0.02,0.02,R,F,1994-02-15,1994-03-23,1994-02-22,TAKE BACK RETURN,AIR,quickly even asymptotes haggle slyly. fu
20037-3,20037,383,68,3,34.00,43634.92,0.07,0.04,A,F,1994-01-19,1994-03-07,1994-02-18,TAKE BACK RETURN,REG AIR,hely thinly e
20037-4,20037,694,88,4,31.00,49435.39,0.05,0.08,R,F,1994-04-25,1994-02-11,1994-05-14,TAKE BACK RETURN,AIR,boost blith
20037-5,20037,777,74,5,7.00,11744.39,0.01,0.01,R,F,1994-01-12,1994-02-25,1994-01-19,DELIVER IN PERSON,REG AIR,olites. blithely ironic 
20037-6,20037,273,74,6,42.00,49277.34,0.09,0.02,R,F,1994-04-06,1994-03-26,1994-04-22,DELIVER IN PERSON,MAIL,eposits. carefully bold accounts may hagg
20037-7,20037,1053,24,7,18.00,17172.90,0.01,0.05,A,F,1994-02-07,1994-02-28,1994-03-07,NONE,AIR,ix along the slyly special theodolites.
20038-1,20038,1911,44,1,46.00,83393.86,0.00,0.08,R,F,1993-04-06,1993-04-25,1993-05-03,TAKE BACK RETURN,MAIL,tithes detect after the even instructio
20038-2,20038,1277,89,2,8.00,9426.16,0.05,0.05,R,F,1993-03-04,1993-05-20,1993-03-05,DELIVER IN PERSON,SHIP, express patterns aff
20038-3,20038,1284,22,3,32.00,37928.96,0.06,0.02,R,F,1993-05-14,1993-05-18,1993-06-04,TAKE BACK RETURN,FOB,uriously along
20038-4,20038,1372,73,4,13.00,16553.81,0.01,0.08,A,F,1993-06-06,1993-04-07,1993-07-01,NONE,TRUCK, carefully ironic asymptotes wake. ir
20039-1,20039,623,55,1,27.00,41137.74,0.08,0.04,N,O,1998-07-10,1998-06-21,1998-07-25,COLLECT COD,REG AIR,ly unusual realms print carefully accordin
20039-2,20039,1145,18,2,44.00,46030.16,0.06,0.02,N,O,1998-05-21,1998-06-11,1998-06-09,TAKE BACK RETURN,AIR,"ions use regular, idle accou"
20064-1,20064,655,49,1,12.00,18667.80,0.08,0.08,N,O,1998-03-01,1998-02-18,1998-03-02,COLLECT COD,FOB,"t the ironic, express frets haggle quickly "
20065-1,20065,156,83,1,30.00,31684.50,0.05,0.03,N,O,1998-09-12,1998-09-12,1998-09-29,COLLECT COD,RAIL,arefully about the sly
20065-2,20065,1183,92,2,25.00,27104.50,0.01,0.07,N,O,1998-11-11,1998-10-18,1998-11-20,NONE,MAIL,-- quickly ironic pinto beans 
20065-3,20065,1633,34,3,29.00,44504.27,0.02,0.04,N,O,1998-08-15,1998-10-15,1998-08-18,TAKE BACK RETURN,RAIL,"the special, pending depe"
20065-4,20065,1077,13,4,26.00,25429.82,0.06,0.05,N,O,1998-08-01,1998-10-15,1998-08-26,NONE,RAIL,ding packages sleep. furiously bold asy
20066-1,20066,1338,39,1,22.00,27265.26,0.10,0.04,A,F,1992-12-13,1992-11-30,1993-01-04,COLLECT COD,FOB, carefully regular packag
20066-2,20066,581,12,2,4.00,5926.32,0.04,0.07,A,F,1992-10-25,1992-11-04,1992-11-01,NONE,AIR,"de of the express,"
20066-3,20066,1178,87,3,48.00,51800.16,0.08,0.08,R,F,1992-11-29,1992-10-24,1992-12-06,TAKE BACK RETURN,FOB,xes. excuses affix slyly ironic r
20066-4,20066,1356,33,4,44.00,55323.40,0.07,0.03,R,F,1992-09-13,1992-10-19,1992-10-02,NONE,REG AIR, regularly ruthless deposits. accounts
20066-5,20066,656,19,5,13.00,20236.45,0.00,0.08,R,F,1992-11-30,1992-10-10,1992-12-30,DELIVER IN PERSON,SHIP,"thely along the fluffy, pending accoun"
20066-6,20066,1970,3,6,4.00,7487.88,0.03,0.04,A,F,1992-10-28,1992-12-01,1992-11-18,TAKE BACK RETURN,AIR,y express foxes wake s
20066-7,20066,954,89,7,36.00,66778.20,0.02,0.08,R,F,1992-11-02,1992-11-08,1992-11-11,NONE,TRUCK,nal braids sleep furiously. quickly regul
20067-1,20067,1564,85,1,17.00,24914.52,0.04,0.04,N,O,1995-09-13,1995-09-22,1995-09-30,COLLECT COD,FOB,dolphins haggle s
20067-2,20067,1004,10,2,24.00,21720.00,0.10,0.01,N,O,1995-10-21,1995-09-19,1995-10-24,NONE,REG AIR,quickly bold requests. furiously final 
20068-1,20068,913,14,1,19.00,34464.29,0.08,0.02,R,F,1995-05-10,1995-05-28,1995-05-12,COLLECT COD,RAIL,structions. unusua
20068-2,20068,1241,42,2,9.00,10280.16,0.05,0.08,N,O,1995-06-28,1995-04-20,1995-07-12,TAKE BACK RETURN,AIR,ainst the dugouts. 
20068-3,20068,1840,70,3,32.00,55738.88,0.10,0.03,R,F,1995-03-12,1995-05-11,1995-03-23,COLLECT COD,TRUCK,ole. slyly expre
20068-4,20068,155,8,4,37.00,39040.55,0.01,0.04,R,F,1995-05-14,1995-04-28,1995-05-18,COLLECT COD,TRUCK,e sly pains-- accounts around th
20069-1,20069,885,19,1,12.00,21430.56,0.06,0.03,A,F,1994-11-01,1994-12-01,1994-11-11,COLLECT COD,FOB,cies haggle slyly furiously even reque
20069-2,20069,1385,24,2,15.00,19295.70,0.08,0.05,R,F,1994-10-04,1994-11-12,1994-10-31,TAKE BACK RETURN,RAIL,"ep daringly ironic, u"
20069-3,20069,1606,7,3,20.00,30152.00,0.07,0.01,R,F,1995-01-08,1994-12-13,1995-01-31,COLLECT COD,TRUCK,gular packages nod bold platelets. final re
20069-4,20069,1335,74,4,12.00,14835.96,0.02,0.00,A,F,1994-12-05,1994-10-29,1994-12-25,TAKE BACK RETURN,AIR,s platelets maintain slyly final deposits
20070-1,20070,1506,27,1,6.00,8445.00,0.10,0.01,N,O,1996-06-06,1996-05-20,1996-07-04,COLLECT COD,AIR,rouches. sometimes fi
20070-2,20070,1855,56,2,15.00,26352.75,0.03,0.00,N,O,1996-06-10,1996-04-23,1996-06-13,DELIVER IN PERSON,MAIL,lly even platelets affix 
20070-3,20070,999,100,3,21.00,39899.79,0.02,0.03,N,O,1996-05-26,1996-06-03,1996-06-19,NONE,RAIL,eposits haggle furi
20070-4,20070,874,8,4,38.00,67445.06,0.03,0.08,N,O,1996-05-01,1996-05-19,1996-05-11,COLLECT COD,TRUCK,ld accounts sleep. regu
20070-5,20070,1805,6,5,9.00,15361.20,0.05,0.06,N,O,1996-07-13,1996-05-01,1996-08-09,DELIVER IN PERSON,TRUCK,"foxes. pending, unusual dependencies b"
20071-1,20071,1529,30,1,15.00,21457.80,0.10,0.02,N,O,1995-10-05,1995-10-27,1995-10-30,DELIVER IN PERSON,SHIP,uriously unusual
20071-2,20071,1102,11,2,45.00,45139.50,0.02,0.04,N,O,1995-12-17,1995-11-02,1995-12-24,TAKE BACK RETURN,TRUCK,es. ironic requests sleep closely car
20071-3,20071,1539,20,3,32.00,46096.96,0.04,0.03,N,O,1995-10-28,1995-12-09,1995-11-12,DELIVER IN PERSON,SHIP,ccounts. regular packages try to poach al
20071-4,20071,547,48,4,5.00,7237.70,0.06,0.00,N,O,1995-12-23,1995-11-15,1996-01-20,NONE,RAIL,"d frets. regular, reg"
20071-5,20071,760,57,5,48.00,79716.48,0.03,0.01,N,O,1996-01-06,1995-12-16,1996-01-22,DELIVER IN PERSON,RAIL,c dolphins cajole furiously. bold depos
20071-6,20071,1018,89,6,17.00,15623.17,0.06,0.07,N,O,1995-10-04,1995-12-08,1995-10-07,DELIVER IN PERSON,RAIL,carefully express multiplie
20096-1,20096,1815,2,1,46.00,78973.26,0.01,0.03,R,F,1992-12-01,1992-10-30,1992-12-31,DELIVER IN PERSON,AIR,eep slyly boldly special deposits. a
20096-2,20096,1397,12,2,49.00,63621.11,0.08,0.07,A,F,1992-11-06,1992-09-27,1992-12-06,NONE,MAIL,uests. furiously
20096-3,20096,1069,70,3,27.00,26191.62,0.04,0.03,R,F,1992-11-12,1992-09-28,1992-11-18,NONE,RAIL,e according to the slyly 
20097-1,20097,87,88,1,10.00,9870.80,0.00,0.04,N,O,1996-05-08,1996-07-06,1996-06-05,COLLECT COD,FOB,aggle furiously eve
20097-2,20097,561,22,2,15.00,21923.40,0.00,0.03,N,O,1996-07-28,1996-07-11,1996-08-07,COLLECT COD,TRUCK,express deposits 
20097-3,20097,1035,36,3,29.00,27144.87,0.06,0.04,N,O,1996-08-13,1996-07-10,1996-08-28,COLLECT COD,TRUCK,furiously ironic accounts; regular re
20097-4,20097,1229,67,4,7.00,7911.54,0.01,0.06,N,O,1996-07-12,1996-06-22,1996-08-10,COLLECT COD,REG AIR,ironic pack
20097-5,20097,1378,17,5,12.00,15352.44,0.01,0.00,N,O,1996-08-04,1996-06-26,1996-08-14,TAKE BACK RETURN,TRUCK,n packages agai
20097-6,20097,409,97,6,25.00,32735.00,0.06,0.02,N,O,1996-07-21,1996-07-25,1996-08-02,NONE,RAIL,lar accounts are quickly. 
20097-7,20097,942,45,7,8.00,14743.52,0.01,0.03,N,O,1996-06-05,1996-06-05,1996-06-22,COLLECT COD,AIR,"long the regular, f"
20098-1,20098,1000,1,1,26.00,23426.00,0.03,0.05,N,O,1996-03-23,1996-02-17,1996-03-25,COLLECT COD,FOB,ounts. furiously busy packages sleep blithe
20098-2,20098,877,78,2,43.00,76448.41,0.08,0.08,N,O,1995-12-12,1996-02-19,1996-01-09,DELIVER IN PERSON,TRUCK,ly silent instruction
20098-3,20098,1897,41,3,16.00,28782.24,0.04,0.05,N,O,1996-03-06,1996-02-19,1996-03-11,COLLECT COD,FOB,ns. ironic warthogs hagg
20098-4,20098,895,96,4,24.00,43101.36,0.00,0.04,N,O,1995-12-10,1996-01-21,1995-12-31,DELIVER IN PERSON,SHIP, bold foxes. quickly ironic
20099-1,20099,871,71,1,26.00,46068.62,0.08,0.00,N,O,1998-01-02,1997-11-21,1998-01-24,TAKE BACK RETURN,FOB,arefully. slyly special asymptotes use a
20099-2,20099,103,4,2,3.00,3009.30,0.09,0.05,N,O,1997-09-29,1997-12-17,1997-10-21,TAKE BACK RETURN,TRUCK, packages wake blit
20099-3,20099,723,20,3,9.00,14613.48,0.05,0.07,N,O,1998-01-20,1997-12-20,1998-01-29,TAKE BACK RETURN,SHIP,"carefully special, express attainments. "
20099-4,20099,1238,13,4,24.00,27341.52,0.03,0.02,N,O,1997-11-08,1997-11-03,1997-11-26,DELIVER IN PERSON,AIR,pades according to the carefully regular ti
20099-5,20099,884,51,5,41.00,73180.08,0.00,0.01,N,O,1998-01-17,1997-11-01,1998-01-26,DELIVER IN PERSON,REG AIR,escapades. slyly even packages haggle.
20099-6,20099,1870,57,6,38.00,67331.06,0.03,0.08,N,O,1997-10-13,1997-11-11,1997-10-21,NONE,REG AIR,lly regular req
20100-1,20100,1771,98,1,9.00,15054.93,0.02,0.01,A,F,1994-04-06,1994-06-03,1994-04-14,DELIVER IN PERSON,FOB, enticingly sp
20100-2,20100,1605,47,2,49.00,73823.40,0.05,0.00,A,F,1994-04-23,1994-05-07,1994-05-08,DELIVER IN PERSON,REG AIR,st about the blithely ir
20101-1,20101,495,83,1,47.00,65588.03,0.02,0.07,N,O,1996-08-21,1996-07-23,1996-09-18,COLLECT COD,FOB,ow account
20102-1,20102,863,97,1,11.00,19402.46,0.08,0.05,N,O,1995-07-01,1995-08-13,1995-07-17,COLLECT COD,REG AIR,ainst the regular deposits. 
20102-2,20102,400,1,2,17.00,22106.80,0.10,0.01,N,O,1995-08-16,1995-08-21,1995-09-09,COLLECT COD,MAIL,es sleep slyly. 
20102-3,20102,1094,30,3,5.00,4975.45,0.05,0.06,N,O,1995-08-22,1995-08-01,1995-08-26,TAKE BACK RETURN,SHIP,the blithe
20102-4,20102,1944,77,4,8.00,14767.52,0.00,0.05,N,O,1995-08-23,1995-08-05,1995-09-21,DELIVER IN PERSON,MAIL,bout the slyly bold foxes. quic
20103-1,20103,1013,19,1,45.00,41130.45,0.05,0.01,R,F,1993-04-27,1993-05-12,1993-05-11,TAKE BACK RETURN,FOB,"nal ideas. regular, final requests cajole"
20103-2,20103,1578,19,2,50.00,73978.50,0.01,0.05,A,F,1993-05-17,1993-05-09,1993-06-04,TAKE BACK RETURN,RAIL,unts cajole carefully. ironic pinto
20103-3,20103,1564,45,3,35.00,51294.60,0.10,0.05,A,F,1993-06-07,1993-04-13,1993-06-27,NONE,SHIP,hins. quickly fina
20103-4,20103,1434,52,4,39.00,52081.77,0.00,0.04,R,F,1993-05-10,1993-04-10,1993-05-27,DELIVER IN PERSON,RAIL,e carefully express deposi
20103-5,20103,936,5,5,43.00,78987.99,0.07,0.01,A,F,1993-05-19,1993-04-11,1993-05-22,NONE,FOB,d requests nag furiously fo
20103-6,20103,1833,77,6,19.00,32961.77,0.01,0.04,A,F,1993-04-01,1993-04-06,1993-04-16,NONE,REG AIR, accounts s
20103-7,20103,1884,85,7,4.00,7143.52,0.04,0.07,R,F,1993-06-01,1993-03-16,1993-06-08,DELIVER IN PERSON,RAIL, boost blithe
20128-1,20128,1804,91,1,6.00,10234.80,0.05,0.08,A,F,1994-12-13,1994-11-02,1995-01-10,DELIVER IN PERSON,REG AIR,eposits po
20128-2,20128,393,22,2,44.00,56909.16,0.03,0.03,R,F,1994-12-25,1994-11-13,1994-12-26,COLLECT COD,FOB,ly ironic packages. carefully regula
20128-3,20128,1555,76,3,5.00,7282.75,0.04,0.03,R,F,1994-09-16,1994-10-28,1994-10-08,NONE,REG AIR, beans. fluffi
20128-4,20128,709,10,4,34.00,54729.80,0.09,0.01,A,F,1994-09-26,1994-10-29,1994-10-11,NONE,RAIL,t the slyly
20128-5,20128,1483,62,5,28.00,38765.44,0.01,0.02,R,F,1994-09-09,1994-10-16,1994-09-23,DELIVER IN PERSON,SHIP,o beans snooze blithely after
20128-6,20128,1020,91,6,37.00,34077.74,0.07,0.07,A,F,1994-10-06,1994-11-14,1994-10-16,TAKE BACK RETURN,AIR,lve quickly bold attainments. regular 
20128-7,20128,678,72,7,23.00,36309.41,0.06,0.08,A,F,1994-09-18,1994-11-15,1994-09-23,NONE,REG AIR, foxes hinder. furiously regular platele
20129-1,20129,1931,32,1,4.00,7331.72,0.04,0.04,N,O,1997-06-04,1997-07-05,1997-06-24,DELIVER IN PERSON,AIR,ealms use slyly blithely re
20130-1,20130,766,67,1,2.00,3333.52,0.10,0.08,R,F,1992-07-03,1992-08-30,1992-07-08,TAKE BACK RETURN,RAIL,manent gifts wak
20130-2,20130,955,56,2,23.00,42686.85,0.01,0.03,R,F,1992-07-18,1992-07-31,1992-08-12,DELIVER IN PERSON,TRUCK,ly furiously ex
20131-1,20131,1220,58,1,26.00,29151.72,0.05,0.03,R,F,1992-10-18,1992-12-29,1992-11-15,NONE,AIR,gular ideas. pen
20131-2,20131,229,57,2,35.00,39522.70,0.04,0.04,R,F,1992-10-17,1992-11-30,1992-10-22,DELIVER IN PERSON,REG AIR,s. asymptotes am
20132-1,20132,268,69,1,31.00,36216.06,0.00,0.01,R,F,1993-09-03,1993-08-12,1993-09-28,DELIVER IN PERSON,MAIL,ithely about the slyly regular deposits. ca
20133-1,20133,1073,74,1,39.00,37988.73,0.02,0.01,A,F,1994-10-06,1994-11-23,1994-10-21,COLLECT COD,MAIL, quickly speci
20133-2,20133,1519,40,2,50.00,71025.50,0.08,0.06,R,F,1994-12-05,1994-12-08,1994-12-24,NONE,FOB,hely unusual asymptotes. express dep
20133-3,20133,1817,61,3,9.00,15469.29,0.05,0.06,R,F,1994-12-31,1994-11-29,1995-01-29,TAKE BACK RETURN,MAIL," regular, ironic deposits accor"
20134-1,20134,1903,92,1,17.00,30683.30,0.04,0.02,A,F,1995-04-29,1995-05-14,1995-05-27,COLLECT COD,SHIP,ly bold dependencies wake q
20134-2,20134,1305,82,2,12.00,14475.60,0.00,0.08,A,F,1995-05-06,1995-05-15,1995-05-21,NONE,TRUCK,ackages cajole blithely quickly specia
20134-3,20134,1069,75,3,17.00,16491.02,0.04,0.02,N,O,1995-06-29,1995-05-11,1995-07-29,DELIVER IN PERSON,FOB, theodolites. slyly blithe excuses haggle 
20134-4,20134,1524,45,4,39.00,55595.28,0.06,0.02,R,F,1995-04-10,1995-05-16,1995-04-11,TAKE BACK RETURN,FOB,ake carefully according to t
20134-5,20134,265,93,5,26.00,30296.76,0.02,0.00,A,F,1995-05-20,1995-04-21,1995-05-26,DELIVER IN PERSON,FOB,t the slyly final
20134-6,20134,1222,60,6,21.00,23587.62,0.10,0.00,R,F,1995-04-29,1995-05-21,1995-05-01,NONE,SHIP,"s along the special, unusual"
20135-1,20135,1789,74,1,17.00,28743.26,0.03,0.06,A,F,1994-10-11,1994-08-01,1994-10-27,NONE,MAIL,s use fluffily
20135-2,20135,757,90,2,19.00,31497.25,0.07,0.08,R,F,1994-09-15,1994-08-11,1994-10-13,COLLECT COD,RAIL,ly pending accounts. pending packages n
20135-3,20135,851,51,3,22.00,38540.70,0.08,0.05,R,F,1994-08-08,1994-09-12,1994-09-04,TAKE BACK RETURN,SHIP,le packages sleep carefully
20135-4,20135,272,100,4,24.00,28134.48,0.00,0.04,R,F,1994-07-26,1994-07-31,1994-08-05,COLLECT COD,MAIL,"ions. express,"
20135-5,20135,177,56,5,5.00,5385.85,0.10,0.06,A,F,1994-07-24,1994-08-26,1994-08-07,NONE,TRUCK,s are carefully carefully final ins
20135-6,20135,310,95,6,5.00,6051.55,0.04,0.05,R,F,1994-07-09,1994-08-12,1994-08-07,TAKE BACK RETURN,FOB,fily bold requests. blithely ev
20135-7,20135,1002,73,7,41.00,37023.00,0.08,0.05,A,F,1994-09-18,1994-09-18,1994-10-07,DELIVER IN PERSON,REG AIR,ic asymptotes use furiously acco
20160-1,20160,343,28,1,29.00,36056.86,0.06,0.00,N,O,1995-12-21,1996-01-05,1995-12-23,NONE,AIR,s. dependencies ha
20160-2,20160,303,60,2,35.00,42115.50,0.07,0.05,N,O,1996-01-20,1996-01-15,1996-02-03,DELIVER IN PERSON,SHIP,kages. regular package
20160-3,20160,619,51,3,32.00,48627.52,0.01,0.01,N,O,1995-12-26,1995-12-24,1996-01-11,DELIVER IN PERSON,MAIL,ckages. carefully
20160-4,20160,666,60,4,14.00,21933.24,0.06,0.05,N,O,1995-11-18,1995-12-18,1995-11-20,DELIVER IN PERSON,REG AIR,"c accounts. final, express packages agai"
20160-5,20160,646,78,5,27.00,41759.28,0.05,0.07,N,O,1995-10-28,1995-12-30,1995-11-22,NONE,AIR, carefully spec
20161-1,20161,1746,47,1,4.00,6590.96,0.02,0.08,R,F,1995-04-22,1995-05-16,1995-05-03,DELIVER IN PERSON,REG AIR,refully final accounts pa
20161-2,20161,1651,52,2,32.00,49684.80,0.01,0.06,A,F,1995-05-27,1995-04-26,1995-06-07,DELIVER IN PERSON,RAIL, against the ironic asymptotes! ac
20162-1,20162,1667,9,1,20.00,31373.20,0.04,0.02,R,F,1994-03-10,1994-03-28,1994-04-01,DELIVER IN PERSON,RAIL,"are furiously regular, expre"
20162-2,20162,1548,49,2,47.00,68128.38,0.06,0.04,A,F,1994-06-01,1994-04-10,1994-06-28,COLLECT COD,TRUCK,lyly blithe packages. carefully unusual the
20162-3,20162,555,86,3,1.00,1455.55,0.04,0.07,R,F,1994-06-10,1994-05-01,1994-06-20,NONE,AIR,s cajole fluffily above the unu
20162-4,20162,814,14,4,13.00,22292.53,0.03,0.07,A,F,1994-05-12,1994-04-11,1994-05-15,DELIVER IN PERSON,RAIL,ly. slyly 
20162-5,20162,1129,38,5,18.00,18542.16,0.00,0.04,A,F,1994-05-08,1994-04-15,1994-05-12,COLLECT COD,SHIP,iresias. blithely even in
20163-1,20163,1096,32,1,24.00,23930.16,0.01,0.00,N,O,1998-05-04,1998-07-18,1998-05-10,TAKE BACK RETURN,RAIL,lyly. slyly final idea
20163-2,20163,1337,14,2,22.00,27243.26,0.04,0.06,N,O,1998-06-03,1998-06-29,1998-06-26,NONE,FOB,"y. ironic, final courts boost blithely a"
20164-1,20164,683,15,1,23.00,36424.64,0.07,0.00,N,O,1996-08-17,1996-09-16,1996-09-14,COLLECT COD,MAIL,iously across th
20164-2,20164,415,3,2,26.00,34200.66,0.00,0.08,N,O,1996-10-17,1996-09-19,1996-11-09,NONE,FOB,ependencies. c
20164-3,20164,892,93,3,29.00,51993.81,0.03,0.02,N,O,1996-07-23,1996-09-13,1996-08-11,TAKE BACK RETURN,AIR,must cajole quickly after 
20164-4,20164,1303,18,4,37.00,44559.10,0.09,0.07,N,O,1996-09-22,1996-10-14,1996-10-07,NONE,REG AIR,"ver regular packages serve quickly even,"
20164-5,20164,1913,14,5,1.00,1814.91,0.01,0.04,N,O,1996-10-27,1996-10-03,1996-11-18,NONE,MAIL,"sts wake blithely pending, thin packa"
20164-6,20164,1980,13,6,16.00,30111.68,0.10,0.08,N,O,1996-11-12,1996-10-01,1996-12-12,COLLECT COD,REG AIR,equests. deposits boost around the fluffi
20165-1,20165,1059,95,1,48.00,46082.40,0.00,0.04,N,O,1996-04-28,1996-05-04,1996-04-29,DELIVER IN PERSON,SHIP,refully final deposits caj
20165-2,20165,344,29,2,5.00,6221.70,0.00,0.04,N,O,1996-04-11,1996-03-21,1996-05-08,TAKE BACK RETURN,FOB,e requests
20165-3,20165,555,46,3,9.00,13099.95,0.02,0.07,N,O,1996-06-12,1996-04-02,1996-07-06,COLLECT COD,TRUCK,ies. special ideas affix carefully. s
20166-1,20166,333,90,1,4.00,4933.32,0.02,0.04,R,F,1994-06-20,1994-05-06,1994-06-22,DELIVER IN PERSON,SHIP,"x-ray blithely about the regular, spec"
20166-2,20166,86,12,2,8.00,7888.64,0.03,0.08,A,F,1994-06-20,1994-05-12,1994-07-18,COLLECT COD,REG AIR,uriously bes
20166-3,20166,1658,82,3,39.00,60826.35,0.08,0.03,R,F,1994-05-19,1994-04-13,1994-05-29,COLLECT COD,FOB,s are quickly after the sometimes
20166-4,20166,1762,89,4,43.00,71541.68,0.00,0.05,A,F,1994-06-11,1994-04-22,1994-06-23,TAKE BACK RETURN,TRUCK, of the regular pinto beans. special pin
20167-1,20167,1388,89,1,31.00,39970.78,0.09,0.03,A,F,1992-11-15,1992-10-19,1992-12-13,TAKE BACK RETURN,RAIL,ously quickl
20167-2,20167,1550,31,2,15.00,21773.25,0.03,0.08,A,F,1992-08-09,1992-09-13,1992-08-30,DELIVER IN PERSON,REG AIR,boost around the quickly final instruct
20192-1,20192,1658,41,1,47.00,73303.55,0.10,0.02,A,F,1994-02-05,1993-12-21,1994-02-10,TAKE BACK RETURN,MAIL, regular ideas are fluffily ironic
20192-2,20192,1890,91,2,19.00,34045.91,0.10,0.07,R,F,1993-10-17,1993-12-26,1993-10-19,NONE,TRUCK,ve to grow fluf
20192-3,20192,1820,50,3,1.00,1721.82,0.05,0.07,R,F,1994-01-25,1993-11-16,1994-01-29,COLLECT COD,REG AIR,ackages are slyly. fluffily express 
20192-4,20192,1737,22,4,25.00,40968.25,0.05,0.03,R,F,1993-12-20,1993-12-02,1993-12-27,TAKE BACK RETURN,REG AIR,nts after th
20193-1,20193,1386,63,1,46.00,59219.48,0.02,0.04,R,F,1994-01-23,1994-02-03,1994-01-24,DELIVER IN PERSON,TRUCK,pendencies. careful
20193-2,20193,421,22,2,32.00,42285.44,0.07,0.06,R,F,1994-01-29,1994-01-03,1994-02-09,TAKE BACK RETURN,SHIP,round the qu
20193-3,20193,76,52,3,28.00,27329.96,0.05,0.04,R,F,1993-12-12,1994-01-12,1994-01-06,NONE,REG AIR, always pendi
20193-4,20193,367,68,4,4.00,5069.44,0.03,0.05,R,F,1993-11-27,1994-01-13,1993-12-18,TAKE BACK RETURN,SHIP,even instructions. quickl
20193-5,20193,1356,57,5,50.00,62867.50,0.10,0.08,A,F,1994-02-16,1993-12-31,1994-03-12,DELIVER IN PERSON,SHIP,furiously express accounts. fin
20193-6,20193,68,44,6,50.00,48403.00,0.10,0.08,A,F,1994-01-13,1993-12-22,1994-01-24,DELIVER IN PERSON,AIR, thrash quick
20194-1,20194,1062,33,1,23.00,22150.38,0.00,0.02,R,F,1992-03-28,1992-04-17,1992-04-14,TAKE BACK RETURN,REG AIR, according to the regular requests af
20194-2,20194,1643,26,2,46.00,71053.44,0.09,0.08,R,F,1992-06-30,1992-05-10,1992-07-22,DELIVER IN PERSON,SHIP, affix quickly unusual 
20194-3,20194,1526,27,3,29.00,41398.08,0.02,0.06,R,F,1992-05-09,1992-04-28,1992-05-18,COLLECT COD,AIR,ss courts are never reg
20194-4,20194,652,15,4,10.00,15526.50,0.04,0.01,A,F,1992-05-17,1992-04-19,1992-05-31,COLLECT COD,AIR," carefully express foxes. regular, ironic"
20195-1,20195,913,48,1,40.00,72556.40,0.07,0.01,N,O,1998-10-30,1998-09-17,1998-11-19,NONE,RAIL,unusual realms alongside of the 
20195-2,20195,370,55,2,26.00,33029.62,0.10,0.04,N,O,1998-11-29,1998-09-20,1998-12-06,COLLECT COD,RAIL,y. packages nag furiously af
20196-1,20196,1134,35,1,35.00,36229.55,0.04,0.04,N,O,1996-09-03,1996-07-14,1996-10-01,COLLECT COD,TRUCK,ully regular
20196-2,20196,783,80,2,24.00,40410.72,0.10,0.08,N,O,1996-06-28,1996-06-15,1996-06-30,COLLECT COD,RAIL,"ccording to the express, final attainments."
20196-3,20196,1592,93,3,16.00,23897.44,0.05,0.00,N,O,1996-08-08,1996-07-01,1996-09-07,NONE,FOB,e carefully final
20197-1,20197,1297,98,1,6.00,7189.74,0.06,0.01,R,F,1994-06-03,1994-07-23,1994-06-30,DELIVER IN PERSON,TRUCK,refully across the blit
20197-2,20197,1603,27,2,20.00,30092.00,0.02,0.00,R,F,1994-06-13,1994-06-10,1994-07-04,TAKE BACK RETURN,FOB,e carefully special ideas. instr
20197-3,20197,1018,89,3,4.00,3676.04,0.09,0.01,A,F,1994-06-30,1994-07-18,1994-07-26,DELIVER IN PERSON,RAIL,out the furiously bold asymptotes: closely
20197-4,20197,1713,98,4,42.00,67817.82,0.01,0.01,A,F,1994-07-25,1994-06-12,1994-08-07,TAKE BACK RETURN,RAIL,usly final theodolites. 
20197-5,20197,1509,30,5,33.00,46546.50,0.03,0.07,A,F,1994-08-26,1994-07-24,1994-09-06,NONE,TRUCK,gainst the fi
20197-6,20197,26,77,6,26.00,24076.52,0.07,0.07,R,F,1994-07-30,1994-06-02,1994-08-06,COLLECT COD,REG AIR,"ages wake slyly regular warthogs. final, re"
20197-7,20197,776,9,7,7.00,11737.39,0.03,0.08,R,F,1994-07-26,1994-07-13,1994-08-25,NONE,AIR," pending, even courts cajole silent platel"
20198-1,20198,751,48,1,4.00,6607.00,0.08,0.00,N,O,1995-08-28,1995-08-21,1995-09-16,DELIVER IN PERSON,SHIP,al accounts-- ca
20198-2,20198,85,61,2,9.00,8865.72,0.01,0.00,N,O,1995-07-07,1995-07-17,1995-07-08,NONE,AIR,he blithely regular foxes? regula
20198-3,20198,45,71,3,46.00,43471.84,0.10,0.03,N,O,1995-09-23,1995-08-30,1995-10-04,TAKE BACK RETURN,FOB,carefully regular accounts. slyly regu
20198-4,20198,1335,36,4,1.00,1236.33,0.04,0.03,N,O,1995-07-28,1995-08-17,1995-08-08,NONE,AIR,al packages use. slyly un
20198-5,20198,899,99,5,13.00,23398.57,0.02,0.06,N,O,1995-08-27,1995-08-27,1995-09-09,TAKE BACK RETURN,TRUCK,to beans. furiously spec
20198-6,20198,1036,42,6,44.00,41229.32,0.10,0.03,N,O,1995-08-29,1995-07-25,1995-09-03,NONE,SHIP,express accounts use alo
20198-7,20198,851,85,7,11.00,19270.35,0.03,0.02,N,O,1995-09-10,1995-09-07,1995-09-26,NONE,AIR,iously regular acc
20199-1,20199,1,27,1,29.00,26129.00,0.09,0.01,A,F,1994-07-12,1994-05-28,1994-07-18,COLLECT COD,AIR,wake. thinly pending accounts sleep ca
20199-2,20199,275,30,2,20.00,23505.40,0.06,0.05,R,F,1994-07-29,1994-07-14,1994-08-08,TAKE BACK RETURN,SHIP, above the fur
20199-3,20199,264,92,3,9.00,10478.34,0.06,0.06,A,F,1994-06-26,1994-06-17,1994-07-03,DELIVER IN PERSON,RAIL,"ngside of the bold, p"
20199-4,20199,1146,55,4,24.00,25131.36,0.07,0.02,A,F,1994-08-01,1994-06-24,1994-08-08,COLLECT COD,FOB,y carefully ironic attainments!
20199-5,20199,1165,66,5,29.00,30918.64,0.01,0.00,A,F,1994-05-29,1994-07-03,1994-06-03,TAKE BACK RETURN,MAIL,c pinto bean
20199-6,20199,1592,73,6,27.00,40326.93,0.01,0.08,R,F,1994-05-19,1994-06-25,1994-05-26,DELIVER IN PERSON,SHIP,s integrate f
20199-7,20199,1594,15,7,5.00,7477.95,0.03,0.07,R,F,1994-05-18,1994-06-14,1994-06-05,NONE,RAIL,ording to the quickly regular accou
20224-1,20224,680,81,1,36.00,56904.48,0.03,0.02,A,F,1994-10-17,1994-08-25,1994-10-22,NONE,RAIL,uffily slyly silent theodolites. 
20225-1,20225,674,37,1,18.00,28344.06,0.03,0.07,R,F,1993-11-09,1993-08-31,1993-12-07,DELIVER IN PERSON,TRUCK,ts sleep furiously slyly special pa
20225-2,20225,1615,39,2,12.00,18199.32,0.00,0.01,R,F,1993-11-06,1993-08-30,1993-11-27,DELIVER IN PERSON,SHIP,ake furiously. slyly bol
20225-3,20225,546,47,3,9.00,13018.86,0.05,0.02,A,F,1993-10-01,1993-10-19,1993-10-19,TAKE BACK RETURN,MAIL,eposits. furiously regular instruc
20225-4,20225,1415,16,4,13.00,17113.33,0.00,0.06,R,F,1993-09-18,1993-10-18,1993-10-16,COLLECT COD,REG AIR, the quickly bold accounts. carefully exp
20225-5,20225,129,56,5,11.00,11320.32,0.02,0.05,R,F,1993-08-02,1993-10-17,1993-08-31,TAKE BACK RETURN,REG AIR,refully above the packages. quickly
20225-6,20225,866,66,6,12.00,21202.32,0.06,0.00,A,F,1993-09-17,1993-09-16,1993-09-24,NONE,TRUCK, blithely final packages after the slyly
20225-7,20225,1700,42,7,45.00,72076.50,0.01,0.08,A,F,1993-09-09,1993-09-13,1993-10-09,DELIVER IN PERSON,REG AIR,ix slyly ideas. quickly regular reque
20226-1,20226,1225,26,1,30.00,33786.60,0.10,0.00,R,F,1994-02-19,1994-05-03,1994-03-18,NONE,SHIP,s are carefull
20226-2,20226,1637,38,2,14.00,21540.82,0.05,0.02,A,F,1994-05-19,1994-03-24,1994-06-09,NONE,REG AIR,eans. slyly unusual platel
20227-1,20227,683,15,1,11.00,17420.48,0.02,0.01,N,O,1995-07-22,1995-06-10,1995-07-23,DELIVER IN PERSON,TRUCK,asymptotes use among th
20227-2,20227,1309,10,2,46.00,55673.80,0.01,0.03,R,F,1995-06-03,1995-06-09,1995-06-17,DELIVER IN PERSON,FOB,ly bold packages wake slyly blithely reg
20227-3,20227,1376,77,3,12.00,15328.44,0.03,0.05,N,O,1995-08-06,1995-07-11,1995-08-10,NONE,FOB,nic requests wake slyly across the 
20228-1,20228,1957,46,1,32.00,59486.40,0.10,0.07,N,O,1998-02-15,1998-03-25,1998-02-24,NONE,MAIL,xcuses grow carefully
20229-1,20229,1448,66,1,33.00,44531.52,0.08,0.02,A,F,1994-11-05,1995-01-27,1994-11-17,NONE,TRUCK,s are slyly after the slyly pen
20229-2,20229,1094,30,2,48.00,47764.32,0.07,0.00,R,F,1995-01-12,1994-12-02,1995-01-14,COLLECT COD,MAIL,s: carefully pending deposi
20229-3,20229,1588,89,3,17.00,25322.86,0.05,0.08,A,F,1994-12-11,1994-12-19,1994-12-21,COLLECT COD,REG AIR,inal requests wake 
20229-4,20229,139,92,4,49.00,50917.37,0.10,0.02,R,F,1995-02-01,1995-01-24,1995-02-11,NONE,RAIL,aggle furiously quickly final
20229-5,20229,925,94,5,20.00,36518.40,0.05,0.01,A,F,1995-02-18,1995-01-28,1995-03-09,COLLECT COD,FOB,l ideas use. nev
20230-1,20230,1034,35,1,47.00,43946.41,0.09,0.05,N,O,1997-02-04,1996-12-25,1997-03-01,COLLECT COD,TRUCK,ets wake. epitaphs alongside of the qui
20231-1,20231,1480,98,1,25.00,34537.00,0.02,0.07,N,O,1995-08-11,1995-09-13,1995-09-08,NONE,SHIP,", daring platelets. blithely ironic reques"
20231-2,20231,124,51,2,34.00,34820.08,0.10,0.04,N,O,1995-11-23,1995-09-08,1995-11-25,TAKE BACK RETURN,RAIL, bold courts. carefully bold pla
20231-3,20231,495,96,3,32.00,44655.68,0.06,0.03,N,O,1995-10-13,1995-09-18,1995-10-17,DELIVER IN PERSON,FOB,sts lose. quietly regular packag
20231-4,20231,325,54,4,27.00,33083.64,0.00,0.03,N,O,1995-10-30,1995-08-29,1995-11-23,DELIVER IN PERSON,TRUCK, deposits cajole slyly. f
20256-1,20256,310,39,1,46.00,55674.26,0.04,0.01,A,F,1992-05-06,1992-04-20,1992-05-20,DELIVER IN PERSON,RAIL,y blithely ironic dolphins. bl
20257-1,20257,1354,31,1,36.00,45192.60,0.05,0.07,N,O,1996-05-18,1996-05-21,1996-05-26,TAKE BACK RETURN,AIR, ideas are. pending requ
20257-2,20257,924,27,2,27.00,49272.84,0.10,0.02,N,O,1996-03-13,1996-04-10,1996-04-05,COLLECT COD,RAIL,"ress requests boost slyly stealthy, pendi"
20257-3,20257,1346,61,3,48.00,59872.32,0.10,0.00,N,O,1996-05-15,1996-05-11,1996-05-23,TAKE BACK RETURN,FOB,ts. carefully final packages boos
20257-4,20257,213,68,4,1.00,1113.21,0.03,0.03,N,O,1996-03-31,1996-05-22,1996-04-05,TAKE BACK RETURN,RAIL,e slyly final d
20257-5,20257,1928,17,5,21.00,38428.32,0.08,0.01,N,O,1996-03-21,1996-04-21,1996-04-06,NONE,REG AIR,xpress pinto beans sleep silentl
20258-1,20258,1852,96,1,16.00,28061.60,0.10,0.02,N,O,1997-11-14,1997-12-07,1997-11-27,NONE,SHIP,nts. carefully unusual accoun
20258-2,20258,1536,37,2,4.00,5750.12,0.02,0.05,N,O,1997-11-10,1997-12-05,1997-11-15,COLLECT COD,MAIL,gular instructio
20259-1,20259,677,40,1,50.00,78883.50,0.04,0.02,N,O,1995-08-11,1995-07-06,1995-08-21,COLLECT COD,FOB,gular accounts: slyly silent ide
20259-2,20259,1294,6,2,13.00,15538.77,0.04,0.03,N,O,1995-07-04,1995-08-07,1995-07-19,TAKE BACK RETURN,SHIP,lways pending waters. slyly 
20260-1,20260,1259,71,1,3.00,3480.75,0.05,0.01,N,O,1998-01-21,1997-12-02,1998-01-29,DELIVER IN PERSON,TRUCK,pecial asymptotes 
20261-1,20261,937,72,1,19.00,34920.67,0.02,0.03,A,F,1994-07-14,1994-06-26,1994-07-24,NONE,SHIP,fily express dolphins sleep. careful
20261-2,20261,894,95,2,7.00,12564.23,0.02,0.06,R,F,1994-06-07,1994-08-12,1994-07-07,TAKE BACK RETURN,TRUCK,ts sleep about the carefully unu
20261-3,20261,449,8,3,35.00,47230.40,0.06,0.05,R,F,1994-07-13,1994-08-04,1994-07-21,COLLECT COD,FOB,. pearls since
20262-1,20262,1144,81,1,45.00,47031.30,0.03,0.07,R,F,1995-03-21,1995-03-05,1995-03-25,COLLECT COD,TRUCK, special theodolites integrate q
20262-2,20262,248,30,2,24.00,27557.76,0.02,0.01,A,F,1995-02-17,1995-03-25,1995-03-01,NONE,AIR,usly. blithely idle 
20262-3,20262,26,2,3,12.00,11112.24,0.08,0.06,A,F,1995-03-18,1995-02-05,1995-03-28,NONE,MAIL,e slyly slyly ruth
20262-4,20262,1311,26,4,22.00,26670.82,0.02,0.07,A,F,1995-03-31,1995-02-25,1995-04-19,TAKE BACK RETURN,AIR, bold accounts. fl
20262-5,20262,643,75,5,41.00,63289.24,0.02,0.08,A,F,1995-04-05,1995-01-28,1995-04-29,TAKE BACK RETURN,REG AIR,final Tiresias. ironic packages cajole bli
20262-6,20262,1415,33,6,2.00,2632.82,0.01,0.07,A,F,1995-02-12,1995-03-20,1995-03-12,COLLECT COD,MAIL,ut the special deposit
20262-7,20262,1865,9,7,19.00,33570.34,0.08,0.08,R,F,1995-01-22,1995-02-14,1995-02-02,DELIVER IN PERSON,FOB,unts; ironic
20263-1,20263,109,36,1,42.00,42382.20,0.02,0.08,R,F,1995-03-01,1995-01-22,1995-03-04,DELIVER IN PERSON,REG AIR,s along the ironic instructions haggle slyl
20263-2,20263,1365,80,2,50.00,63318.00,0.07,0.02,R,F,1995-03-09,1995-02-07,1995-03-17,TAKE BACK RETURN,FOB,s haggle before the furiously final deposi
20263-3,20263,1247,22,3,35.00,40188.40,0.08,0.08,R,F,1995-03-12,1995-02-08,1995-03-27,DELIVER IN PERSON,TRUCK,"y final deposits nag. even, "
20263-4,20263,1668,92,4,10.00,15696.60,0.02,0.00,R,F,1995-01-03,1995-01-05,1995-01-31,NONE,REG AIR,uests. furiously even theodolites are al
20263-5,20263,1048,49,5,24.00,22776.96,0.02,0.00,A,F,1994-12-07,1995-01-21,1994-12-26,COLLECT COD,AIR,ronic dependencies haggle close
20263-6,20263,1848,92,6,13.00,22747.92,0.06,0.07,A,F,1995-01-01,1995-01-24,1995-01-12,TAKE BACK RETURN,FOB,ly special tithes. furiously regula
20288-1,20288,723,20,1,17.00,27603.24,0.09,0.08,N,O,1996-09-29,1996-10-27,1996-10-27,DELIVER IN PERSON,MAIL,gular depths. furiously steal
20289-1,20289,1797,82,1,6.00,10192.74,0.09,0.08,N,O,1997-06-26,1997-09-06,1997-06-27,COLLECT COD,FOB,g deposits
20289-2,20289,291,19,2,43.00,51225.47,0.07,0.00,N,O,1997-09-13,1997-08-13,1997-09-17,COLLECT COD,MAIL, regular warthogs. furio
20289-3,20289,1847,48,3,14.00,24483.76,0.00,0.04,N,O,1997-07-04,1997-07-25,1997-07-23,NONE,TRUCK,ng the dolphins. accou
20289-4,20289,1828,72,4,19.00,32866.58,0.02,0.02,N,O,1997-10-06,1997-08-02,1997-10-24,TAKE BACK RETURN,FOB, slyly at the furiously r
20289-5,20289,1769,54,5,38.00,63488.88,0.06,0.05,N,O,1997-08-13,1997-08-28,1997-08-19,TAKE BACK RETURN,TRUCK,hely even deposits boos
20290-1,20290,1239,40,1,5.00,5701.15,0.05,0.01,N,O,1998-02-25,1998-01-03,1998-03-22,DELIVER IN PERSON,MAIL,fily even pinto beans na
20290-2,20290,866,33,2,48.00,84809.28,0.06,0.04,N,O,1998-01-02,1998-01-03,1998-01-03,COLLECT COD,MAIL,"t the regular, ironic accounts. unusual "
20290-3,20290,341,98,3,26.00,32274.84,0.07,0.00,N,O,1998-02-03,1998-01-03,1998-03-03,NONE,FOB, regular as
20290-4,20290,218,19,4,49.00,54792.29,0.01,0.02,N,O,1998-02-02,1997-12-08,1998-02-28,DELIVER IN PERSON,SHIP,er the slyly unu
20290-5,20290,370,71,5,49.00,62248.13,0.00,0.06,N,O,1997-11-05,1997-12-22,1997-11-13,COLLECT COD,MAIL,t platelets wake carefully carefully 
20290-6,20290,651,45,6,14.00,21723.10,0.08,0.04,N,O,1998-01-28,1997-12-16,1998-02-22,DELIVER IN PERSON,RAIL,al accounts cajole fluffily according
20291-1,20291,124,51,1,16.00,16385.92,0.02,0.06,N,O,1997-06-15,1997-04-29,1997-07-02,TAKE BACK RETURN,AIR,. doggedly regular theodolites ha
20291-2,20291,1840,27,2,16.00,27869.44,0.08,0.02,N,O,1997-06-23,1997-06-25,1997-07-14,DELIVER IN PERSON,TRUCK,ole slyly above the furious packag
20291-3,20291,403,4,3,12.00,15640.80,0.03,0.01,N,O,1997-06-25,1997-06-23,1997-07-12,DELIVER IN PERSON,RAIL,ggle above the carefully 
20292-1,20292,1988,21,1,27.00,51029.46,0.02,0.01,A,F,1992-11-11,1993-01-20,1992-11-27,DELIVER IN PERSON,MAIL,regular package
20292-2,20292,1426,66,2,48.00,63716.16,0.07,0.02,A,F,1993-01-30,1993-01-27,1993-02-20,DELIVER IN PERSON,AIR,y. furiously regular requests ac
20292-3,20292,1877,64,3,38.00,67597.06,0.08,0.02,A,F,1993-01-07,1992-12-17,1993-01-31,NONE,REG AIR," instructions. bold,"
20292-4,20292,1380,19,4,17.00,21783.46,0.02,0.08,R,F,1993-01-09,1993-01-04,1993-01-12,DELIVER IN PERSON,RAIL,thely careful packages
20292-5,20292,973,74,5,31.00,58093.07,0.00,0.00,A,F,1992-12-09,1992-12-15,1992-12-14,DELIVER IN PERSON,REG AIR,old requests solve carefully about the flu
20292-6,20292,1485,86,6,4.00,5545.92,0.04,0.02,A,F,1993-03-01,1993-01-09,1993-03-17,TAKE BACK RETURN,SHIP,ructions are 
20292-7,20292,964,33,7,44.00,82058.24,0.01,0.05,A,F,1992-12-14,1993-01-26,1992-12-28,TAKE BACK RETURN,FOB, cajole blithely acro
20293-1,20293,132,59,1,48.00,49542.24,0.05,0.02,N,O,1997-12-26,1998-01-26,1998-01-04,COLLECT COD,TRUCK,usly across the carefully special wa
20293-2,20293,896,63,2,10.00,17968.90,0.00,0.00,N,O,1998-03-03,1998-03-14,1998-03-06,DELIVER IN PERSON,FOB,unts nag blithely. regular deposits
20293-3,20293,1356,57,3,35.00,44007.25,0.08,0.04,N,O,1998-03-24,1998-03-04,1998-04-07,COLLECT COD,MAIL,lly furious packages cajole bravely. furi
20293-4,20293,1248,49,4,8.00,9193.92,0.00,0.04,N,O,1998-04-20,1998-03-15,1998-05-09,COLLECT COD,RAIL,ly quiet pack
20293-5,20293,1805,92,5,37.00,63151.60,0.00,0.00,N,O,1998-02-10,1998-02-27,1998-03-03,DELIVER IN PERSON,FOB,ake blithely. even requests amon
20294-1,20294,600,1,1,17.00,25510.20,0.09,0.08,R,F,1993-01-11,1993-03-24,1993-01-14,NONE,TRUCK,"omas along the special, regular accounts wa"
20294-2,20294,1869,13,2,43.00,76146.98,0.07,0.07,A,F,1993-01-23,1993-02-14,1993-01-28,NONE,RAIL, unusual theodolites sleep fluf
20295-1,20295,1351,52,1,29.00,36318.15,0.06,0.00,R,F,1993-05-26,1993-04-11,1993-05-29,COLLECT COD,MAIL, slyly pending pearls inte
20320-1,20320,209,37,1,23.00,25511.60,0.06,0.01,N,O,1997-03-25,1997-01-19,1997-04-13,DELIVER IN PERSON,SHIP,beans sleep slyly fluf
20320-2,20320,1682,83,2,30.00,47510.40,0.06,0.08,N,O,1996-12-19,1997-02-07,1997-01-02,DELIVER IN PERSON,SHIP, pending theodoli
20320-3,20320,285,40,3,27.00,32002.56,0.09,0.06,N,O,1997-02-27,1997-02-28,1997-03-23,COLLECT COD,REG AIR,ing requests. ironic pa
20320-4,20320,1828,15,4,3.00,5189.46,0.02,0.04,N,O,1996-12-13,1997-03-03,1996-12-19,DELIVER IN PERSON,TRUCK,pinto beans boost furious
20320-5,20320,18,69,5,40.00,36720.40,0.05,0.02,N,O,1997-04-02,1997-02-14,1997-04-24,NONE,FOB,lve. quickly even theodolites
20320-6,20320,990,25,6,45.00,85094.55,0.01,0.01,N,O,1997-01-27,1997-02-05,1997-02-02,DELIVER IN PERSON,RAIL,refully even deposits use carefull
20321-1,20321,1993,38,1,9.00,17054.91,0.01,0.06,N,O,1996-09-16,1996-11-21,1996-09-21,NONE,TRUCK, foxes wake quickly above th
20321-2,20321,648,49,2,13.00,20132.32,0.02,0.07,N,O,1996-11-30,1996-11-29,1996-12-26,DELIVER IN PERSON,MAIL,ously even depende
20321-3,20321,994,97,3,26.00,49269.74,0.06,0.04,N,O,1996-09-10,1996-10-08,1996-09-28,NONE,AIR,t the even requests. carefu
20322-1,20322,1697,98,1,4.00,6394.76,0.05,0.00,R,F,1994-10-22,1994-09-27,1994-10-27,NONE,TRUCK,elets sleep slyly final pinto beans. 
20322-2,20322,426,14,2,48.00,63668.16,0.05,0.07,R,F,1994-08-23,1994-08-27,1994-09-20,DELIVER IN PERSON,SHIP, haggle slyly quickly unusual d
20322-3,20322,1170,71,3,41.00,43917.97,0.04,0.02,A,F,1994-08-16,1994-09-13,1994-09-06,DELIVER IN PERSON,AIR,blithely. blithely regular pack
20322-4,20322,1207,8,4,40.00,44328.00,0.08,0.08,A,F,1994-08-06,1994-08-24,1994-08-13,NONE,FOB,ns cajole care
20322-5,20322,86,12,5,26.00,25638.08,0.08,0.03,A,F,1994-08-29,1994-09-07,1994-09-21,NONE,FOB,yly regular requests. blithe
20322-6,20322,1365,42,6,3.00,3799.08,0.08,0.08,R,F,1994-09-14,1994-08-04,1994-09-22,COLLECT COD,REG AIR,. slyly enticing packages across th
20323-1,20323,1384,85,1,6.00,7712.28,0.08,0.00,N,O,1995-08-11,1995-06-14,1995-08-17,DELIVER IN PERSON,FOB, beans against the unusual req
20323-2,20323,173,74,2,27.00,28975.59,0.02,0.01,N,O,1995-07-08,1995-07-26,1995-07-20,TAKE BACK RETURN,RAIL,ests wake furiously. boldly final accounts
20323-3,20323,1112,21,3,46.00,46603.06,0.05,0.07,N,O,1995-08-16,1995-07-20,1995-08-29,NONE,TRUCK,p ironically courts. 
20324-1,20324,1725,26,1,37.00,60188.64,0.00,0.06,N,O,1995-08-12,1995-07-31,1995-08-18,NONE,RAIL,ial deposits wake furiously. blithely iro
20324-2,20324,1511,92,2,38.00,53675.38,0.04,0.02,N,O,1995-07-22,1995-08-31,1995-08-02,TAKE BACK RETURN,SHIP,into beans
20325-1,20325,1133,70,1,46.00,47569.98,0.08,0.02,R,F,1993-08-21,1993-09-12,1993-08-29,DELIVER IN PERSON,AIR,ag carefully. quickly regular pinto be
20325-2,20325,641,4,2,27.00,41624.28,0.04,0.04,R,F,1993-07-12,1993-09-17,1993-07-26,COLLECT COD,FOB,e carefully even requests. fluf
20325-3,20325,838,38,3,10.00,17388.30,0.07,0.04,A,F,1993-11-01,1993-09-20,1993-11-04,COLLECT COD,REG AIR, the caref
20325-4,20325,1156,93,4,18.00,19028.70,0.02,0.00,R,F,1993-09-04,1993-08-12,1993-10-04,DELIVER IN PERSON,TRUCK,. express braids detect silen
20325-5,20325,1420,38,5,25.00,33035.50,0.00,0.06,R,F,1993-09-19,1993-08-30,1993-09-29,TAKE BACK RETURN,AIR,posits sleep. carefully regular as
20325-6,20325,372,29,6,48.00,61073.76,0.04,0.06,A,F,1993-08-07,1993-09-01,1993-08-16,TAKE BACK RETURN,REG AIR,ending depths. carefully bold 
20325-7,20325,261,62,7,45.00,52256.70,0.08,0.00,R,F,1993-09-15,1993-09-20,1993-09-20,NONE,REG AIR,ing packages after the busy accounts sleep 
20326-1,20326,733,98,1,48.00,78419.04,0.09,0.00,N,O,1996-02-03,1996-02-20,1996-02-27,NONE,SHIP,"sts. final, final "
20326-2,20326,708,5,2,26.00,41826.20,0.02,0.07,N,O,1996-01-06,1996-01-31,1996-01-24,NONE,RAIL,arhorses a
20327-1,20327,101,28,1,6.00,6006.60,0.10,0.05,N,O,1996-07-07,1996-08-15,1996-07-28,TAKE BACK RETURN,AIR,nt foxes; slyly fina
20327-2,20327,334,19,2,12.00,14811.96,0.01,0.02,N,O,1996-07-04,1996-07-26,1996-07-05,COLLECT COD,TRUCK,"ironic, regular excuse"
20327-3,20327,1024,30,3,19.00,17575.38,0.09,0.08,N,O,1996-06-03,1996-08-02,1996-06-11,NONE,SHIP,ages. carefully ironic pinto beans b
20327-4,20327,1039,40,4,35.00,32901.05,0.02,0.07,N,O,1996-06-11,1996-08-25,1996-06-16,NONE,REG AIR,quickly express packages; 
20327-5,20327,431,32,5,45.00,59914.35,0.08,0.05,N,O,1996-09-06,1996-07-20,1996-09-09,COLLECT COD,TRUCK,gular notornis play fur
20352-1,20352,1553,74,1,8.00,11636.40,0.09,0.06,N,O,1998-04-15,1998-04-11,1998-05-10,DELIVER IN PERSON,MAIL,osits. caref
20352-2,20352,937,38,2,31.00,56975.83,0.08,0.03,N,O,1998-03-11,1998-04-20,1998-03-21,COLLECT COD,REG AIR,ickly bold accounts cajole
20352-3,20352,171,24,3,48.00,51416.16,0.10,0.08,N,O,1998-04-20,1998-03-19,1998-05-08,TAKE BACK RETURN,REG AIR,e slyly. fluffily bold instruct
20352-4,20352,1540,61,4,20.00,28830.80,0.02,0.03,N,O,1998-06-07,1998-04-08,1998-06-23,COLLECT COD,TRUCK, blithely express foxes according to the qu
20352-5,20352,362,91,5,28.00,35346.08,0.04,0.00,N,O,1998-04-14,1998-05-10,1998-05-13,NONE,FOB,"fluffily along the express, even request"
20353-1,20353,1527,68,1,30.00,42855.60,0.06,0.05,N,O,1997-08-12,1997-08-22,1997-08-30,COLLECT COD,REG AIR,ooze carefully blithely bold foxes. 
20353-2,20353,883,83,2,47.00,83842.36,0.04,0.03,N,O,1997-10-05,1997-09-23,1997-10-27,NONE,FOB,carefully regular accounts dete
20354-1,20354,588,89,1,41.00,61031.78,0.00,0.05,R,F,1992-11-19,1992-10-20,1992-11-29,TAKE BACK RETURN,AIR,sly final acc
20354-2,20354,286,14,2,43.00,51010.04,0.07,0.08,R,F,1992-10-27,1992-12-02,1992-11-24,DELIVER IN PERSON,SHIP,eposits. fluffily final re
20354-3,20354,1766,9,3,32.00,53368.32,0.01,0.07,A,F,1992-11-06,1992-11-08,1992-11-26,DELIVER IN PERSON,FOB,iously according to the carefully unusu
20354-4,20354,542,3,4,33.00,47603.82,0.06,0.04,R,F,1992-12-07,1992-12-18,1992-12-10,NONE,TRUCK, blithely regular requests? furiously r
20354-5,20354,798,95,5,45.00,76445.55,0.02,0.05,R,F,1992-12-19,1992-10-30,1993-01-04,NONE,FOB,ckly express deposits. final ideas w
20355-1,20355,751,84,1,41.00,67721.75,0.06,0.06,R,F,1993-09-10,1993-07-08,1993-09-16,TAKE BACK RETURN,REG AIR, the pending pinto beans. furi
20356-1,20356,1587,68,1,46.00,68474.68,0.00,0.06,N,O,1995-11-08,1995-10-28,1995-11-25,TAKE BACK RETURN,FOB,sts. regular courts cajole bl
20356-2,20356,1349,26,2,29.00,36259.86,0.10,0.01,N,O,1995-12-03,1995-12-13,1996-01-02,TAKE BACK RETURN,AIR,y. carefully unusual ideas
20357-1,20357,34,10,1,20.00,18680.60,0.06,0.02,N,O,1996-11-22,1996-12-12,1996-12-07,COLLECT COD,RAIL,ress requests try to use.
20357-2,20357,978,47,2,28.00,52611.16,0.04,0.06,N,O,1997-02-14,1997-01-09,1997-03-01,NONE,FOB,ccounts after the iro
20357-3,20357,137,38,3,2.00,2074.26,0.07,0.04,N,O,1997-02-18,1997-01-20,1997-03-17,TAKE BACK RETURN,AIR,p quickly bold deposits. furi
20358-1,20358,571,32,1,5.00,7357.85,0.08,0.00,N,O,1997-04-18,1997-05-16,1997-04-27,TAKE BACK RETURN,TRUCK,ly: furiously
20358-2,20358,689,52,2,27.00,42921.36,0.10,0.04,N,O,1997-06-26,1997-04-20,1997-06-30,TAKE BACK RETURN,MAIL,c accounts haggle blit
20358-3,20358,170,97,3,30.00,32105.10,0.02,0.02,N,O,1997-04-06,1997-04-25,1997-04-22,TAKE BACK RETURN,MAIL,dinos cajole carefully. pinto beans cajole
20359-1,20359,432,33,1,14.00,18654.02,0.09,0.04,R,F,1994-11-04,1995-01-02,1994-11-13,NONE,TRUCK,n foxes cajole
20359-2,20359,137,16,2,28.00,29039.64,0.03,0.03,R,F,1994-11-24,1994-12-04,1994-12-21,COLLECT COD,MAIL,fully pending foxes are slyly along the
20359-3,20359,944,79,3,18.00,33208.92,0.06,0.02,A,F,1995-02-11,1995-01-26,1995-02-22,COLLECT COD,RAIL,ts doze. slyly silent asymptot
20384-1,20384,657,89,1,5.00,7788.25,0.03,0.00,N,O,1995-12-14,1996-01-10,1995-12-24,TAKE BACK RETURN,MAIL,ave to boost never furiously ironic theo
20384-2,20384,1279,80,2,3.00,3540.81,0.09,0.00,N,O,1995-12-07,1995-12-14,1995-12-19,DELIVER IN PERSON,TRUCK,y ironic foxes. regular foxes unwi
20384-3,20384,269,51,3,31.00,36247.06,0.06,0.08,N,O,1995-12-02,1996-01-03,1995-12-09,DELIVER IN PERSON,FOB,en packages. carefully
20384-4,20384,312,69,4,7.00,8486.17,0.03,0.00,N,O,1996-01-04,1995-12-19,1996-01-08,TAKE BACK RETURN,RAIL,ic courts. slyly sp
20384-5,20384,992,27,5,41.00,77612.59,0.03,0.06,N,O,1996-01-06,1995-12-14,1996-01-26,DELIVER IN PERSON,FOB,the express somas coul
20384-6,20384,1182,55,6,50.00,54159.00,0.07,0.02,N,O,1995-12-20,1995-12-20,1996-01-12,COLLECT COD,MAIL,ly fluffy acco
20385-1,20385,571,2,1,37.00,54448.09,0.07,0.08,N,O,1996-09-10,1996-10-10,1996-09-11,DELIVER IN PERSON,SHIP,xpress foxes. furiously 
20385-2,20385,1424,3,2,29.00,38437.18,0.01,0.00,N,O,1996-08-03,1996-08-30,1996-08-10,COLLECT COD,REG AIR,ly according to the blithely ir
20385-3,20385,1191,92,3,36.00,39318.84,0.02,0.00,N,O,1996-10-07,1996-09-30,1996-10-08,COLLECT COD,RAIL,eep blithely fu
20385-4,20385,1557,78,4,34.00,49590.70,0.03,0.00,N,O,1996-09-07,1996-09-23,1996-09-13,TAKE BACK RETURN,AIR, wake blithely even accounts. regular pinto
20385-5,20385,1594,35,5,28.00,41876.52,0.01,0.05,N,O,1996-08-12,1996-10-02,1996-09-06,DELIVER IN PERSON,MAIL,tions haggle carefully sometimes regular a
20385-6,20385,1601,25,6,44.00,66114.40,0.08,0.03,N,O,1996-08-13,1996-08-28,1996-08-31,DELIVER IN PERSON,REG AIR,the always
20386-1,20386,422,10,1,33.00,43639.86,0.00,0.03,A,F,1993-04-29,1993-04-13,1993-05-12,TAKE BACK RETURN,MAIL,dencies nod carefully furiously silent
20386-2,20386,518,19,2,23.00,32625.73,0.06,0.08,A,F,1993-05-24,1993-05-28,1993-06-17,DELIVER IN PERSON,TRUCK,ngly against the reque
20387-1,20387,629,61,1,33.00,50477.46,0.08,0.02,N,O,1997-08-14,1997-07-21,1997-08-17,TAKE BACK RETURN,MAIL,are pinto beans; slyly silent a
20387-2,20387,61,62,2,14.00,13454.84,0.10,0.02,N,O,1997-05-29,1997-06-20,1997-05-30,TAKE BACK RETURN,FOB,cajole fur
20387-3,20387,707,4,3,29.00,46623.30,0.07,0.07,N,O,1997-08-03,1997-07-27,1997-08-04,DELIVER IN PERSON,AIR,es wake quickly. bol
20388-1,20388,643,75,1,27.00,41678.28,0.09,0.04,N,O,1996-07-26,1996-06-14,1996-08-11,NONE,REG AIR,aring deposits sleep: slow requests
20388-2,20388,1603,4,2,26.00,39119.60,0.02,0.08,N,O,1996-08-05,1996-07-23,1996-08-30,NONE,MAIL,eans. fluffily special deposits haggle abo
20388-3,20388,540,41,3,20.00,28810.80,0.05,0.06,N,O,1996-05-08,1996-07-11,1996-05-16,NONE,REG AIR,ckages. blithely ironic
20388-4,20388,1385,24,4,37.00,47596.06,0.06,0.07,N,O,1996-05-16,1996-07-02,1996-06-08,COLLECT COD,FOB, furiously ironic requests poach about t
20389-1,20389,885,19,1,39.00,69649.32,0.02,0.02,A,F,1994-10-05,1994-09-13,1994-10-08,COLLECT COD,RAIL,ges are carefully carefull
20389-2,20389,878,12,2,27.00,48029.49,0.04,0.02,A,F,1994-08-29,1994-10-21,1994-09-03,DELIVER IN PERSON,FOB,sual requests sleep abou
20389-3,20389,1308,23,3,46.00,55627.80,0.06,0.00,R,F,1994-10-17,1994-10-30,1994-11-16,DELIVER IN PERSON,TRUCK,"y accounts around the ironic, regular"
20389-4,20389,499,58,4,24.00,33587.76,0.08,0.05,R,F,1994-09-08,1994-09-13,1994-09-12,NONE,FOB,sits. fluffily final p
20390-1,20390,770,67,1,16.00,26732.32,0.03,0.02,A,F,1994-12-12,1994-11-21,1994-12-22,TAKE BACK RETURN,AIR,ndencies. quickly 
20390-2,20390,250,51,2,43.00,49460.75,0.04,0.01,R,F,1994-09-29,1994-11-20,1994-09-30,DELIVER IN PERSON,MAIL,ecial sauternes haggle 
20390-3,20390,805,6,3,10.00,17058.00,0.05,0.04,R,F,1994-12-12,1994-10-12,1994-12-25,TAKE BACK RETURN,TRUCK,ic requests wake finally among the unusual
20390-4,20390,100,76,4,21.00,21002.10,0.06,0.00,R,F,1994-09-16,1994-11-22,1994-10-02,COLLECT COD,TRUCK, realms. blithely final requests a
20390-5,20390,1367,6,5,10.00,12683.60,0.01,0.04,A,F,1994-11-22,1994-10-08,1994-12-07,COLLECT COD,AIR,uests haggle quickl
20390-6,20390,1026,27,6,34.00,31518.68,0.05,0.07,R,F,1994-12-23,1994-11-09,1995-01-09,NONE,MAIL,lithely furiously close accounts. sile
20391-1,20391,1110,11,1,50.00,50555.50,0.08,0.00,A,F,1994-02-26,1994-03-31,1994-03-04,NONE,MAIL,e fluffily arou
20416-1,20416,1682,6,1,45.00,71265.60,0.09,0.05,N,O,1996-07-15,1996-08-01,1996-07-16,COLLECT COD,FOB,s theodolit
20416-2,20416,1957,46,2,49.00,91088.55,0.08,0.04,N,O,1996-07-05,1996-09-04,1996-07-06,NONE,AIR,brave deposits affix blithely furiously
20416-3,20416,1691,92,3,22.00,35039.18,0.00,0.02,N,O,1996-08-17,1996-09-13,1996-09-12,NONE,MAIL,after the dependencies. ironic
20416-4,20416,803,3,4,28.00,47706.40,0.09,0.02,N,O,1996-09-01,1996-08-02,1996-09-11,DELIVER IN PERSON,REG AIR,ly regular excuses h
20416-5,20416,541,42,5,35.00,50453.90,0.00,0.02,N,O,1996-07-18,1996-07-27,1996-08-03,DELIVER IN PERSON,MAIL,ar platelets sleep 
20417-1,20417,1545,46,1,5.00,7232.70,0.07,0.08,A,F,1992-04-30,1992-04-21,1992-05-16,COLLECT COD,FOB,requests according to the carefull
20417-2,20417,499,100,2,28.00,39185.72,0.00,0.06,A,F,1992-05-27,1992-03-24,1992-05-30,NONE,TRUCK,ess dolphins boost care
20417-3,20417,1029,100,3,10.00,9300.20,0.08,0.02,R,F,1992-05-29,1992-04-08,1992-06-18,TAKE BACK RETURN,MAIL,tes. blithely ironic pa
20418-1,20418,774,39,1,3.00,5024.31,0.09,0.01,N,O,1997-11-21,1997-11-30,1997-12-02,COLLECT COD,AIR,hin the fu
20418-2,20418,542,33,2,40.00,57701.60,0.07,0.05,N,O,1998-01-03,1997-12-01,1998-01-12,NONE,RAIL,"deposits. regular, ironic accounts mold a"
20418-3,20418,1712,39,3,38.00,61320.98,0.01,0.02,N,O,1997-10-26,1997-10-12,1997-11-01,NONE,AIR,inal packages n
20418-4,20418,404,5,4,22.00,28696.80,0.10,0.07,N,O,1997-09-16,1997-11-27,1997-10-12,TAKE BACK RETURN,AIR,es wake furiously after the ironi
20418-5,20418,1743,86,5,10.00,16447.40,0.03,0.02,N,O,1997-11-04,1997-12-07,1997-11-09,NONE,FOB,s decoys are special pinto bean
20418-6,20418,828,62,6,4.00,6915.28,0.05,0.01,N,O,1997-11-22,1997-11-22,1997-12-04,NONE,SHIP,heodolites cajole along 
20419-1,20419,1324,39,1,50.00,61266.00,0.06,0.04,N,O,1997-11-16,1997-11-07,1997-12-05,DELIVER IN PERSON,TRUCK,es sleep. packages sleep after the slyl
20420-1,20420,1191,64,1,30.00,32765.70,0.05,0.06,N,O,1997-10-11,1997-09-16,1997-10-19,TAKE BACK RETURN,MAIL,es. pending dep
20420-2,20420,1224,99,2,43.00,48384.46,0.03,0.01,N,O,1997-07-11,1997-08-27,1997-07-22,DELIVER IN PERSON,FOB,nic accounts. deposits haggle. furiousl
20421-1,20421,990,25,1,3.00,5672.97,0.03,0.08,N,O,1998-07-23,1998-07-25,1998-08-09,COLLECT COD,MAIL,fully. ironic accounts aff
20421-2,20421,285,40,2,49.00,58078.72,0.06,0.01,N,O,1998-07-29,1998-07-30,1998-08-04,TAKE BACK RETURN,FOB,ackages. fluffily pendin
20421-3,20421,92,18,3,27.00,26786.43,0.04,0.08,N,O,1998-06-20,1998-07-28,1998-07-01,NONE,RAIL,s wake furiously regu
20422-1,20422,1103,40,1,8.00,8032.80,0.04,0.03,R,F,1994-03-09,1994-04-22,1994-04-03,DELIVER IN PERSON,RAIL,ronic pinto beans. furiou
20422-2,20422,643,75,2,4.00,6174.56,0.00,0.01,A,F,1994-02-19,1994-03-08,1994-02-25,COLLECT COD,TRUCK,olites. expre
20422-3,20422,1260,61,3,9.00,10451.34,0.10,0.05,A,F,1994-03-09,1994-03-30,1994-03-25,NONE,FOB,gular packages abo
20422-4,20422,482,70,4,44.00,60829.12,0.07,0.02,R,F,1994-03-18,1994-04-12,1994-03-25,COLLECT COD,SHIP, furiously pending patterns. carefully unu
20422-5,20422,520,51,5,19.00,26989.88,0.06,0.02,A,F,1994-01-31,1994-02-26,1994-02-01,NONE,RAIL,ests around the quickly pending
20423-1,20423,460,19,1,38.00,51697.48,0.06,0.01,N,O,1998-02-20,1997-12-16,1998-03-02,COLLECT COD,TRUCK,out the foxes are according to the furiousl
20423-2,20423,396,97,2,39.00,50559.21,0.10,0.03,N,O,1998-01-23,1998-01-03,1998-02-22,NONE,AIR,ously according to th
20423-3,20423,539,100,3,8.00,11516.24,0.05,0.05,N,O,1998-02-23,1998-02-03,1998-03-21,NONE,MAIL,en instructions. slyly iron
20423-4,20423,1326,3,4,12.00,14727.84,0.01,0.01,N,O,1998-01-23,1998-02-03,1998-02-11,DELIVER IN PERSON,SHIP,e busily iron
20423-5,20423,1335,36,5,46.00,56871.18,0.07,0.06,N,O,1997-11-21,1998-01-27,1997-12-06,COLLECT COD,FOB,to beans. slyly slow warho
20448-1,20448,616,17,1,46.00,69764.06,0.04,0.07,N,O,1995-08-05,1995-10-17,1995-08-25,TAKE BACK RETURN,AIR, to the blithely final 
20448-2,20448,1431,71,2,9.00,11991.87,0.01,0.02,N,O,1995-11-01,1995-10-18,1995-11-18,NONE,AIR,blithely ironic dinos haggle: blithely
20449-1,20449,1569,50,1,37.00,54410.72,0.08,0.06,A,F,1993-01-12,1993-04-04,1993-01-31,TAKE BACK RETURN,SHIP,press caref
20449-2,20449,1037,38,2,18.00,16884.54,0.02,0.07,A,F,1993-05-05,1993-03-23,1993-05-18,NONE,MAIL, the blithely iron
20449-3,20449,1798,99,3,21.00,35695.59,0.05,0.08,A,F,1993-01-26,1993-03-17,1993-02-13,COLLECT COD,MAIL,y regular 
20449-4,20449,1591,72,4,39.00,58211.01,0.00,0.00,R,F,1993-04-19,1993-02-12,1993-04-30,NONE,AIR,", ironic pinto beans"
20449-5,20449,289,44,5,48.00,57085.44,0.04,0.07,A,F,1993-03-19,1993-03-31,1993-03-24,COLLECT COD,RAIL, realms. dependencies boost nev
20450-1,20450,1029,65,1,24.00,22320.48,0.06,0.05,R,F,1992-12-14,1993-02-12,1992-12-17,TAKE BACK RETURN,REG AIR,sleep quickly 
20450-2,20450,916,19,2,5.00,9084.55,0.06,0.06,R,F,1993-04-05,1993-01-25,1993-04-23,DELIVER IN PERSON,AIR,regular requests cajole blithely 
20450-3,20450,1407,25,3,24.00,31401.60,0.05,0.08,R,F,1993-01-03,1993-02-25,1993-01-28,NONE,TRUCK,ironic instructions wake slyly on the blit
20451-1,20451,1635,77,1,17.00,26122.71,0.02,0.06,A,F,1992-08-18,1992-08-20,1992-09-15,TAKE BACK RETURN,REG AIR,hely silent idea
20451-2,20451,1339,40,2,27.00,33488.91,0.09,0.06,R,F,1992-08-23,1992-07-13,1992-09-09,NONE,SHIP, pinto beans
20451-3,20451,301,30,3,20.00,24026.00,0.07,0.06,A,F,1992-05-27,1992-07-06,1992-06-10,TAKE BACK RETURN,SHIP,"e regular, regular depo"
20451-4,20451,1951,84,4,11.00,20382.45,0.03,0.00,A,F,1992-09-12,1992-08-22,1992-09-14,TAKE BACK RETURN,AIR,ackages boost carefully alongside of the 
20451-5,20451,49,100,5,34.00,32267.36,0.01,0.04,R,F,1992-06-25,1992-08-04,1992-07-15,NONE,AIR, furiously slyly
20451-6,20451,1269,44,6,20.00,23405.20,0.01,0.00,A,F,1992-09-20,1992-08-17,1992-09-26,DELIVER IN PERSON,AIR,"uickly. silent, final requests boos"
20451-7,20451,377,6,7,21.00,26824.77,0.09,0.06,R,F,1992-09-22,1992-06-26,1992-09-23,COLLECT COD,REG AIR, bold accounts. s
20452-1,20452,312,13,1,4.00,4849.24,0.05,0.04,R,F,1995-04-30,1995-03-31,1995-05-16,TAKE BACK RETURN,SHIP,after the furiously even instructions wak
20452-2,20452,324,53,2,28.00,34280.96,0.03,0.01,R,F,1995-01-24,1995-03-01,1995-01-27,TAKE BACK RETURN,MAIL,y according to the regular packages. car
20453-1,20453,1253,65,1,45.00,51941.25,0.09,0.08,N,O,1995-06-19,1995-04-27,1995-07-04,DELIVER IN PERSON,SHIP,ding ideas are. furiously silent pac
20453-2,20453,1301,2,2,14.00,16832.20,0.04,0.05,N,O,1995-06-28,1995-04-21,1995-07-20,COLLECT COD,AIR,y slyly pending accounts. regularly 
20453-3,20453,857,58,3,2.00,3515.70,0.04,0.07,R,F,1995-05-12,1995-05-02,1995-06-03,DELIVER IN PERSON,MAIL,ly express th
20453-4,20453,420,79,4,3.00,3961.26,0.03,0.04,N,O,1995-06-20,1995-05-20,1995-07-09,NONE,MAIL,uffily under the quickly re
20453-5,20453,167,20,5,39.00,41619.24,0.03,0.01,A,F,1995-06-11,1995-06-05,1995-06-17,NONE,AIR," furious, ex"
20453-6,20453,323,24,6,49.00,59942.68,0.03,0.08,N,O,1995-07-02,1995-05-24,1995-07-20,NONE,TRUCK,old ideas are. ironic platelet
20454-1,20454,739,4,1,35.00,57390.55,0.06,0.05,A,F,1995-04-08,1995-05-18,1995-04-13,NONE,SHIP,s. furiously express reques
20455-1,20455,757,54,1,48.00,79572.00,0.00,0.00,R,F,1993-10-11,1993-08-24,1993-10-31,COLLECT COD,FOB,ecial packages nag. pac
20455-2,20455,722,23,2,41.00,66531.52,0.06,0.02,A,F,1993-08-21,1993-08-24,1993-08-26,COLLECT COD,MAIL,s. even deposits use slyly fluffily r
20455-3,20455,1734,61,3,40.00,65429.20,0.03,0.08,A,F,1993-08-26,1993-08-28,1993-09-17,NONE,RAIL,final accou
20455-4,20455,1001,37,4,21.00,18942.00,0.01,0.06,R,F,1993-07-19,1993-09-17,1993-08-11,COLLECT COD,MAIL,all cajole
20480-1,20480,1598,79,1,12.00,17995.08,0.06,0.08,R,F,1994-02-22,1994-03-25,1994-03-14,COLLECT COD,TRUCK,hely bold accounts haggle. pending she
20480-2,20480,1723,66,2,39.00,63364.08,0.08,0.07,A,F,1994-02-20,1994-03-31,1994-02-25,DELIVER IN PERSON,AIR,uctions after the 
20480-3,20480,451,81,3,7.00,9460.15,0.02,0.03,R,F,1994-03-18,1994-04-02,1994-04-04,COLLECT COD,SHIP, accounts integrate quickly pe
20480-4,20480,255,83,4,36.00,41589.00,0.01,0.03,A,F,1994-02-13,1994-03-15,1994-03-07,NONE,AIR,fully bold deposits 
20480-5,20480,1773,58,5,19.00,31820.63,0.08,0.08,R,F,1994-04-18,1994-03-31,1994-05-10,COLLECT COD,TRUCK,ffily among the fur
20480-6,20480,1229,41,6,2.00,2260.44,0.06,0.06,A,F,1994-02-22,1994-03-08,1994-03-21,DELIVER IN PERSON,REG AIR,as are carefully. blithely bol
20480-7,20480,626,27,7,17.00,25952.54,0.10,0.03,A,F,1994-02-22,1994-03-08,1994-03-17,DELIVER IN PERSON,TRUCK,after the carefully regular re
20481-1,20481,1311,88,1,25.00,30307.75,0.07,0.00,N,O,1997-11-24,1997-12-29,1997-12-18,TAKE BACK RETURN,FOB,ages. final accounts along the furiously e
20481-2,20481,427,86,2,4.00,5309.68,0.10,0.05,N,O,1997-11-30,1998-01-06,1997-12-29,COLLECT COD,RAIL, silent foxes grow at the c
20481-3,20481,1564,65,3,7.00,10258.92,0.03,0.00,N,O,1997-12-08,1997-12-18,1997-12-12,NONE,MAIL,urts against the carefully 
20481-4,20481,863,30,4,9.00,15874.74,0.09,0.02,N,O,1998-02-05,1998-01-08,1998-02-08,TAKE BACK RETURN,RAIL, instructions ha
20481-5,20481,50,51,5,29.00,27551.45,0.02,0.00,N,O,1998-02-11,1998-01-31,1998-03-02,DELIVER IN PERSON,TRUCK,scapades sleep furiously fluf
20481-6,20481,1225,26,6,1.00,1126.22,0.07,0.04,N,O,1997-11-17,1998-01-31,1997-12-08,TAKE BACK RETURN,FOB, ideas haggle al
20482-1,20482,468,56,1,10.00,13684.60,0.00,0.03,N,O,1995-11-13,1995-09-25,1995-11-22,NONE,RAIL,blithely pending foxes. blithely express
20482-2,20482,1513,54,2,19.00,26875.69,0.07,0.05,N,O,1995-10-05,1995-09-24,1995-11-02,TAKE BACK RETURN,AIR, express theodolites run slyly above th
20482-3,20482,1060,96,3,26.00,24987.56,0.06,0.03,N,O,1995-09-18,1995-09-22,1995-10-03,TAKE BACK RETURN,SHIP,refully at the furiously unusua
20482-4,20482,733,98,4,36.00,58814.28,0.01,0.05,N,O,1995-11-04,1995-09-15,1995-11-16,NONE,RAIL,ggle carefully furiously final d
20482-5,20482,221,22,5,38.00,42606.36,0.02,0.07,N,O,1995-10-09,1995-09-21,1995-10-30,NONE,RAIL, against the furiously
20482-6,20482,1826,27,6,32.00,55290.24,0.02,0.03,N,O,1995-08-16,1995-09-15,1995-08-27,COLLECT COD,SHIP,arefully even requests eat quickly i
20483-1,20483,513,4,1,37.00,52299.87,0.00,0.02,A,F,1993-03-05,1993-02-21,1993-03-22,COLLECT COD,REG AIR,ular accounts. quickly final asymptotes a
20483-2,20483,774,75,2,10.00,16747.70,0.07,0.00,R,F,1993-03-18,1993-03-14,1993-04-13,TAKE BACK RETURN,TRUCK,thes integrate f
20483-3,20483,191,44,3,21.00,22914.99,0.10,0.02,A,F,1993-01-20,1993-03-03,1993-02-18,COLLECT COD,FOB,nal requests. notornis across the quick
20483-4,20483,97,23,4,16.00,15953.44,0.03,0.05,R,F,1993-03-03,1993-03-18,1993-03-13,DELIVER IN PERSON,REG AIR,onic orbits after
20484-1,20484,511,12,1,38.00,53637.38,0.10,0.04,R,F,1994-04-26,1994-04-04,1994-05-07,COLLECT COD,AIR,ounts acro
20484-2,20484,209,91,2,31.00,34385.20,0.09,0.08,R,F,1994-04-30,1994-04-26,1994-05-24,DELIVER IN PERSON,REG AIR,uffily ironic p
20484-3,20484,1549,70,3,9.00,13054.86,0.00,0.06,R,F,1994-05-30,1994-03-11,1994-06-01,TAKE BACK RETURN,RAIL, slyly special re
20484-4,20484,1191,28,4,48.00,52425.12,0.06,0.07,R,F,1994-03-08,1994-04-13,1994-03-16,TAKE BACK RETURN,RAIL,althily pendin
20485-1,20485,1963,52,1,24.00,44759.04,0.00,0.00,N,O,1996-11-30,1997-01-12,1996-12-13,COLLECT COD,REG AIR,aggle blithely. closely 
20485-2,20485,187,40,2,34.00,36964.12,0.03,0.01,N,O,1997-03-16,1997-01-02,1997-03-26,TAKE BACK RETURN,SHIP,o the special requests are fu
20485-3,20485,973,76,3,21.00,39353.37,0.07,0.08,N,O,1997-01-06,1997-01-18,1997-01-19,NONE,TRUCK,ully ruthless epitaphs along the furious
20485-4,20485,16,92,4,49.00,44884.49,0.04,0.01,N,O,1996-12-03,1997-01-18,1996-12-15,DELIVER IN PERSON,REG AIR,ess theodolites.
20486-1,20486,237,65,1,20.00,22744.60,0.01,0.06,R,F,1995-03-22,1995-05-17,1995-04-01,DELIVER IN PERSON,FOB,ests. slyly even accou
20486-2,20486,875,9,2,6.00,10655.22,0.01,0.05,A,F,1995-05-01,1995-05-13,1995-05-06,TAKE BACK RETURN,MAIL,ly silent notornis are. slyly 
20486-3,20486,69,95,3,29.00,28102.74,0.05,0.01,A,F,1995-03-28,1995-05-03,1995-04-21,TAKE BACK RETURN,TRUCK,requests. requests need to 
20486-4,20486,762,95,4,23.00,38243.48,0.07,0.07,A,F,1995-03-27,1995-05-12,1995-04-24,TAKE BACK RETURN,REG AIR,ages are blithely! fluffily re
20486-5,20486,44,20,5,29.00,27377.16,0.03,0.08,A,F,1995-04-30,1995-05-29,1995-05-29,DELIVER IN PERSON,FOB,ithely ironic platelets: s
20486-6,20486,1863,64,6,48.00,84713.28,0.04,0.01,R,F,1995-03-27,1995-05-02,1995-03-31,COLLECT COD,MAIL,y express deposits maintain slyly regul
20487-1,20487,1431,10,1,19.00,25316.17,0.08,0.08,N,O,1996-06-22,1996-07-26,1996-06-30,COLLECT COD,TRUCK, ironic excuses boost along the furiousl
20487-2,20487,1191,64,2,48.00,52425.12,0.08,0.02,N,O,1996-06-22,1996-08-24,1996-07-08,NONE,FOB,boost carefully al
20487-3,20487,726,23,3,12.00,19520.64,0.02,0.07,N,O,1996-07-25,1996-07-21,1996-08-04,COLLECT COD,SHIP,s integrate agai
20487-4,20487,1983,84,4,41.00,77284.18,0.07,0.04,N,O,1996-07-24,1996-08-21,1996-08-17,DELIVER IN PERSON,FOB,es wake ironic accounts; blithel
20512-1,20512,334,35,1,38.00,46904.54,0.01,0.05,N,O,1996-02-18,1996-01-09,1996-03-19,NONE,RAIL,s doze fur
20512-2,20512,32,58,2,42.00,39145.26,0.06,0.03,N,O,1996-03-04,1995-12-06,1996-03-11,COLLECT COD,RAIL,ms cajole quickly final packages. accounts
20512-3,20512,465,66,3,17.00,23212.82,0.00,0.02,N,O,1995-11-09,1996-01-30,1995-11-22,NONE,RAIL,usual foxes haggle s
20512-4,20512,35,36,4,44.00,41141.32,0.09,0.08,N,O,1996-02-20,1996-01-29,1996-03-03,TAKE BACK RETURN,MAIL,ickly silent excuses haggle do
20512-5,20512,330,87,5,50.00,61516.50,0.04,0.01,N,O,1996-02-09,1996-01-03,1996-03-09,COLLECT COD,TRUCK,yly according to the carefull
20512-6,20512,1271,9,6,37.00,43373.99,0.04,0.05,N,O,1995-12-12,1996-01-18,1995-12-28,NONE,RAIL,s platelets s
20513-1,20513,691,92,1,44.00,70034.36,0.02,0.07,A,F,1994-09-28,1994-09-25,1994-10-28,DELIVER IN PERSON,MAIL,al multipliers nag. fluffily pending courts
20513-2,20513,1572,93,2,20.00,29471.40,0.04,0.08,A,F,1994-08-02,1994-09-30,1994-08-05,TAKE BACK RETURN,SHIP, boost. requests
20513-3,20513,230,12,3,9.00,10172.07,0.00,0.02,R,F,1994-10-25,1994-09-08,1994-11-15,COLLECT COD,RAIL,ding accounts nag ironica
20513-4,20513,1124,25,4,42.00,43055.04,0.08,0.08,A,F,1994-07-22,1994-09-03,1994-07-27,DELIVER IN PERSON,FOB,silent deposits aft
20513-5,20513,1716,43,5,29.00,46913.59,0.06,0.00,R,F,1994-10-13,1994-08-12,1994-10-21,COLLECT COD,SHIP,counts integrate blithely carefull
20514-1,20514,1352,29,1,25.00,31333.75,0.00,0.00,N,O,1998-08-30,1998-08-03,1998-09-18,COLLECT COD,RAIL,"the final, express requests. s"
20514-2,20514,1912,57,2,34.00,61672.94,0.06,0.01,N,O,1998-08-18,1998-06-25,1998-08-30,DELIVER IN PERSON,SHIP, furiously blithely bold pinto beans
20514-3,20514,185,64,3,41.00,44492.38,0.02,0.00,N,O,1998-07-17,1998-06-22,1998-08-06,NONE,TRUCK,posits. quickly ironic deposits are bli
20515-1,20515,1783,10,1,14.00,23586.92,0.04,0.03,N,O,1996-01-18,1996-01-05,1996-02-11,COLLECT COD,FOB,ffix slyly? 
20516-1,20516,733,34,1,4.00,6534.92,0.04,0.01,N,O,1996-04-04,1996-04-01,1996-04-24,COLLECT COD,FOB,ymptotes. blithely even pinto beans cajole 
20516-2,20516,917,18,2,16.00,29086.56,0.08,0.03,N,O,1996-05-15,1996-05-12,1996-06-01,TAKE BACK RETURN,TRUCK,ajole. expr
20516-3,20516,1009,10,3,13.00,11830.00,0.08,0.00,N,O,1996-05-17,1996-05-18,1996-05-21,DELIVER IN PERSON,AIR,ending dependencies along 
20517-1,20517,1275,87,1,38.00,44698.26,0.07,0.08,A,F,1993-12-04,1993-10-23,1993-12-31,DELIVER IN PERSON,RAIL,iously pending 
20517-2,20517,1932,77,2,22.00,40346.46,0.01,0.00,A,F,1993-12-04,1993-11-08,1993-12-10,DELIVER IN PERSON,RAIL,ggle carefully after the pinto beans
20517-3,20517,121,48,3,34.00,34718.08,0.01,0.02,R,F,1993-12-31,1993-11-29,1994-01-28,NONE,FOB,ar grouches haggle blithely ab
20517-4,20517,1388,3,4,31.00,39970.78,0.08,0.05,A,F,1993-11-23,1993-11-09,1993-12-01,DELIVER IN PERSON,REG AIR,sly regular cour
20517-5,20517,159,86,5,9.00,9532.35,0.05,0.07,R,F,1993-12-29,1993-10-31,1994-01-14,COLLECT COD,FOB,ans. slyly regular deposits na
20517-6,20517,26,27,6,36.00,33336.72,0.06,0.07,A,F,1993-12-15,1993-12-14,1994-01-04,TAKE BACK RETURN,MAIL,"ely according to the express, ex"
20518-1,20518,485,73,1,47.00,65117.56,0.10,0.07,A,F,1994-10-24,1994-12-25,1994-11-22,DELIVER IN PERSON,RAIL,accounts! final req
20518-2,20518,1048,19,2,15.00,14235.60,0.05,0.08,R,F,1994-12-09,1994-12-31,1994-12-19,NONE,SHIP,according to the blith
20518-3,20518,325,82,3,35.00,42886.20,0.09,0.03,R,F,1994-12-22,1994-12-01,1995-01-13,DELIVER IN PERSON,REG AIR,es use after the u
20519-1,20519,519,10,1,7.00,9936.57,0.10,0.03,A,F,1994-07-01,1994-07-07,1994-07-30,TAKE BACK RETURN,RAIL,xpress instructions sleep carefully closely
20519-2,20519,1134,43,2,50.00,51756.50,0.01,0.03,R,F,1994-05-06,1994-06-13,1994-05-27,DELIVER IN PERSON,MAIL,e pending ideas. requests a
20519-3,20519,586,87,3,2.00,2973.16,0.07,0.01,R,F,1994-04-17,1994-05-12,1994-05-02,DELIVER IN PERSON,MAIL,jole furiousl
20519-4,20519,1236,74,4,49.00,55724.27,0.09,0.03,R,F,1994-06-24,1994-05-13,1994-07-20,TAKE BACK RETURN,TRUCK, pending theodolites
20519-5,20519,320,21,5,6.00,7321.92,0.01,0.06,R,F,1994-07-26,1994-06-04,1994-08-10,DELIVER IN PERSON,TRUCK,slyly final do
20519-6,20519,480,10,6,38.00,52458.24,0.04,0.00,A,F,1994-04-21,1994-06-11,1994-04-30,TAKE BACK RETURN,TRUCK, cajole along the regul
20544-1,20544,1681,64,1,46.00,72803.28,0.06,0.03,N,O,1998-05-01,1998-04-02,1998-05-03,DELIVER IN PERSON,RAIL,s. quickly special the
20545-1,20545,500,88,1,26.00,36413.00,0.06,0.00,R,F,1993-11-28,1993-11-24,1993-12-19,COLLECT COD,TRUCK,lar foxes:
20545-2,20545,1310,11,2,13.00,15747.03,0.06,0.00,A,F,1994-01-02,1993-11-21,1994-01-26,COLLECT COD,REG AIR,en deposits. special deposits cajole
20545-3,20545,1238,39,3,37.00,42151.51,0.06,0.04,A,F,1994-02-03,1993-11-09,1994-02-25,COLLECT COD,TRUCK,ording to the packages. speci
20545-4,20545,363,64,4,3.00,3790.08,0.06,0.03,A,F,1993-11-28,1994-01-08,1993-12-10,DELIVER IN PERSON,TRUCK,out the final 
20545-5,20545,1092,93,5,46.00,45682.14,0.04,0.08,A,F,1993-11-16,1993-12-06,1993-11-25,TAKE BACK RETURN,SHIP,rding to the carefully slow packages are 
20546-1,20546,761,62,1,19.00,31573.44,0.05,0.05,R,F,1995-03-04,1995-02-20,1995-03-29,TAKE BACK RETURN,TRUCK,regular reque
20546-2,20546,1577,78,2,34.00,50271.38,0.07,0.05,R,F,1995-01-23,1995-01-13,1995-01-29,NONE,FOB,. slyly pending foxes nag
20546-3,20546,918,19,3,22.00,40016.02,0.09,0.01,A,F,1995-01-29,1995-02-28,1995-02-20,DELIVER IN PERSON,SHIP,ets. quickly bold court
20547-1,20547,482,83,1,1.00,1382.48,0.09,0.05,A,F,1993-11-14,1993-11-18,1993-11-25,COLLECT COD,REG AIR,"ithely unusual theodolites. bold, pending d"
20547-2,20547,105,84,2,32.00,32163.20,0.06,0.00,R,F,1993-10-25,1993-11-12,1993-10-27,DELIVER IN PERSON,MAIL,l requests. blithely even deposits boos
20548-1,20548,1990,79,1,31.00,58651.69,0.10,0.03,A,F,1994-06-03,1994-06-28,1994-06-28,DELIVER IN PERSON,TRUCK,for the slyly regu
20548-2,20548,539,70,2,39.00,56141.67,0.05,0.05,A,F,1994-08-10,1994-06-18,1994-08-19,COLLECT COD,TRUCK,low multipliers. ironic ideas above the iro
20548-3,20548,1938,27,3,19.00,34958.67,0.08,0.01,R,F,1994-08-01,1994-06-15,1994-08-16,COLLECT COD,REG AIR, special re
20548-4,20548,553,54,4,34.00,49420.70,0.02,0.05,A,F,1994-05-14,1994-06-25,1994-05-30,TAKE BACK RETURN,REG AIR,le furiously. fu
20548-5,20548,362,47,5,49.00,61855.64,0.01,0.07,R,F,1994-08-22,1994-06-28,1994-09-04,NONE,REG AIR,ding instructions. quickly express
20548-6,20548,1050,86,6,24.00,22825.20,0.08,0.07,R,F,1994-08-22,1994-08-01,1994-08-28,TAKE BACK RETURN,REG AIR,. carefully fina
20549-1,20549,1417,57,1,24.00,31641.84,0.00,0.03,R,F,1994-05-03,1994-03-18,1994-05-26,DELIVER IN PERSON,RAIL, express instructions. express 
20549-2,20549,537,28,2,2.00,2875.06,0.09,0.00,A,F,1994-05-05,1994-03-29,1994-06-03,COLLECT COD,MAIL,sly bold requests haggle blithely re
20550-1,20550,1185,22,1,21.00,22809.78,0.06,0.01,N,O,1998-05-21,1998-07-18,1998-05-25,DELIVER IN PERSON,RAIL,deas. blith
20550-2,20550,1114,23,2,34.00,34513.74,0.01,0.04,N,O,1998-07-08,1998-07-26,1998-07-11,DELIVER IN PERSON,AIR,"to beans. final, stealthy "
20550-3,20550,1047,48,3,1.00,948.04,0.08,0.02,N,O,1998-06-26,1998-07-31,1998-07-12,NONE,REG AIR,sly even pinto beans. slyly even reque
20551-1,20551,395,80,1,17.00,22021.63,0.02,0.01,N,O,1996-06-06,1996-07-12,1996-06-16,DELIVER IN PERSON,FOB, packages. un
20551-2,20551,1561,42,2,43.00,62890.08,0.00,0.06,N,O,1996-05-14,1996-07-13,1996-06-06,COLLECT COD,REG AIR,ironic exc
20551-3,20551,408,9,3,4.00,5233.60,0.09,0.04,N,O,1996-07-06,1996-06-05,1996-07-12,DELIVER IN PERSON,SHIP,foxes sleep blithely ag
20551-4,20551,266,48,4,50.00,58313.00,0.05,0.01,N,O,1996-07-28,1996-06-04,1996-07-29,DELIVER IN PERSON,RAIL,regularly regular deposits lo
20551-5,20551,991,92,5,49.00,92707.51,0.08,0.06,N,O,1996-08-15,1996-07-16,1996-08-28,COLLECT COD,FOB,"ly. ironic, i"
20551-6,20551,1084,85,6,22.00,21671.76,0.08,0.06,N,O,1996-08-04,1996-06-08,1996-08-25,TAKE BACK RETURN,FOB,fix slyly bo
20576-1,20576,1495,35,1,21.00,29326.29,0.07,0.07,R,F,1993-12-10,1993-12-23,1993-12-24,COLLECT COD,FOB,courts are quickly upon the slowly regu
20576-2,20576,885,86,2,48.00,85722.24,0.07,0.08,R,F,1993-10-19,1993-12-20,1993-11-06,DELIVER IN PERSON,FOB,ans sleep blithely. carefully final 
20576-3,20576,1326,65,3,18.00,22091.76,0.08,0.03,A,F,1993-12-10,1993-10-30,1993-12-24,NONE,AIR,ep regular accounts-- blithely
20576-4,20576,845,45,4,47.00,82054.48,0.02,0.05,A,F,1993-11-25,1993-11-24,1993-12-03,DELIVER IN PERSON,MAIL, requests. furiously ironic war
20576-5,20576,1617,41,5,23.00,34928.03,0.06,0.07,R,F,1993-11-11,1993-11-27,1993-11-27,COLLECT COD,MAIL,e blithely express theod
20576-6,20576,123,76,6,4.00,4092.48,0.07,0.06,R,F,1993-11-08,1993-10-26,1993-11-17,COLLECT COD,RAIL,gular deposits. regu
20576-7,20576,406,65,7,17.00,22208.80,0.04,0.00,A,F,1993-10-09,1993-12-24,1993-10-17,NONE,REG AIR, ironic packages cajole slyly 
20577-1,20577,474,62,1,18.00,24740.46,0.03,0.05,R,F,1993-05-10,1993-04-05,1993-05-29,NONE,TRUCK,usly ironic requests 
20577-2,20577,1862,49,2,12.00,21166.32,0.04,0.08,R,F,1993-05-30,1993-03-28,1993-06-12,DELIVER IN PERSON,TRUCK, foxes x-ray blithely a
20577-3,20577,1052,23,3,14.00,13342.70,0.01,0.02,R,F,1993-03-02,1993-03-13,1993-03-28,TAKE BACK RETURN,MAIL,usly express pinto beans haggle fur
20577-4,20577,338,95,4,41.00,50771.53,0.09,0.03,R,F,1993-05-01,1993-05-07,1993-05-21,NONE,TRUCK,ding packages cajole careful
20577-5,20577,787,84,5,26.00,43882.28,0.05,0.06,R,F,1993-02-18,1993-05-09,1993-03-04,TAKE BACK RETURN,REG AIR,usly express accounts 
20577-6,20577,1434,35,6,9.00,12018.87,0.03,0.04,R,F,1993-03-06,1993-03-20,1993-03-24,COLLECT COD,TRUCK,tegrate carefull
20577-7,20577,1351,52,7,15.00,18785.25,0.05,0.05,A,F,1993-05-07,1993-04-19,1993-05-22,TAKE BACK RETURN,TRUCK,deas. slyly bold asymptote
20578-1,20578,803,70,1,16.00,27260.80,0.10,0.07,N,O,1997-09-19,1997-08-04,1997-10-18,NONE,TRUCK,detect. ironic packages are
20578-2,20578,1677,19,2,17.00,26837.39,0.09,0.01,N,O,1997-08-27,1997-08-06,1997-09-18,DELIVER IN PERSON,FOB,ses. quickly express dolphin
20578-3,20578,1822,23,3,43.00,74124.26,0.10,0.04,N,O,1997-08-21,1997-08-28,1997-09-10,COLLECT COD,TRUCK,the fluffily even
20578-4,20578,88,89,4,44.00,43475.52,0.01,0.03,N,O,1997-09-12,1997-09-03,1997-09-26,NONE,MAIL,inal braids. carefully final pint
20578-5,20578,637,100,5,30.00,46128.90,0.01,0.04,N,O,1997-07-12,1997-09-06,1997-08-10,COLLECT COD,TRUCK,dolites sleep. slyly bold pint
20579-1,20579,1678,20,1,21.00,33173.07,0.05,0.00,A,F,1992-11-28,1992-12-17,1992-12-08,TAKE BACK RETURN,TRUCK,n ideas. furiously special asy
20579-2,20579,619,82,2,23.00,34951.03,0.08,0.04,R,F,1992-10-10,1992-11-23,1992-10-15,TAKE BACK RETURN,RAIL,ts play slyly across the carefully unusual
20579-3,20579,1792,77,3,5.00,8468.95,0.00,0.02,A,F,1992-12-25,1992-12-29,1993-01-24,COLLECT COD,RAIL,inal pinto 
20579-4,20579,985,54,4,7.00,13201.86,0.08,0.01,R,F,1993-01-08,1992-11-15,1993-01-17,DELIVER IN PERSON,MAIL, deposits. special requests cajole carefu
20579-5,20579,1649,91,5,12.00,18607.68,0.03,0.06,R,F,1992-11-17,1992-12-15,1992-11-25,TAKE BACK RETURN,REG AIR,to beans wake blithely. packages above the
20580-1,20580,1789,74,1,4.00,6763.12,0.06,0.03,N,O,1995-10-13,1995-10-22,1995-11-06,NONE,AIR,o the carefully regular a
20580-2,20580,1254,29,2,28.00,32347.00,0.04,0.08,N,O,1995-11-23,1995-10-14,1995-11-24,NONE,REG AIR,old forges. furi
20580-3,20580,270,98,3,45.00,52662.15,0.02,0.08,N,O,1995-12-18,1995-11-10,1996-01-11,NONE,SHIP,packages are fluffily. even
20581-1,20581,1554,95,1,2.00,2911.10,0.04,0.00,N,O,1996-11-25,1996-11-27,1996-12-17,COLLECT COD,FOB,ithely blithely unusu
20582-1,20582,1856,43,1,22.00,38672.70,0.09,0.05,N,O,1997-07-01,1997-07-18,1997-07-21,TAKE BACK RETURN,REG AIR,romise furiously blithely quiet ideas.
20582-2,20582,1665,48,2,28.00,43866.48,0.03,0.00,N,O,1997-06-12,1997-06-27,1997-06-24,NONE,AIR,ts nod slyly even dependencies
20582-3,20582,435,65,3,44.00,58758.92,0.04,0.00,N,O,1997-07-12,1997-07-25,1997-07-22,TAKE BACK RETURN,AIR, dependencies wake furiousl
20582-4,20582,1508,89,4,4.00,5638.00,0.07,0.08,N,O,1997-07-17,1997-07-25,1997-08-05,COLLECT COD,FOB,riously expres
20582-5,20582,1159,96,5,48.00,50887.20,0.10,0.06,N,O,1997-07-08,1997-07-10,1997-07-20,NONE,REG AIR,nag even foxes. carefully special 
20582-6,20582,602,34,6,11.00,16528.60,0.03,0.02,N,O,1997-08-20,1997-07-31,1997-08-27,TAKE BACK RETURN,RAIL, haggle quickly against the quickly iro
20583-1,20583,170,49,1,10.00,10701.70,0.00,0.06,N,O,1997-07-19,1997-06-11,1997-08-08,NONE,SHIP,"inal, regular Tiresias cajole "
20608-1,20608,1219,57,1,25.00,28005.25,0.10,0.06,N,O,1998-06-10,1998-04-27,1998-06-13,NONE,AIR,y silent somas; final foxes wake qui
20608-2,20608,1855,99,2,45.00,79058.25,0.08,0.07,N,O,1998-07-12,1998-04-25,1998-07-23,TAKE BACK RETURN,TRUCK,usly regular platelets. carefu
20608-3,20608,1893,94,3,11.00,19743.79,0.03,0.07,N,O,1998-05-14,1998-05-20,1998-06-05,TAKE BACK RETURN,AIR,althy instructions are ca
20608-4,20608,1025,61,4,30.00,27780.60,0.00,0.05,N,O,1998-05-30,1998-06-11,1998-06-20,TAKE BACK RETURN,RAIL,s nag slyly. pending p
20608-5,20608,205,6,5,17.00,18788.40,0.08,0.03,N,O,1998-06-20,1998-04-24,1998-07-01,NONE,MAIL,fluffily expres
20608-6,20608,110,63,6,14.00,14141.54,0.08,0.06,N,O,1998-04-09,1998-05-08,1998-04-19,TAKE BACK RETURN,AIR,iously slow accounts. slyly
20609-1,20609,1119,92,1,42.00,42844.62,0.07,0.06,A,F,1992-11-23,1993-01-10,1992-12-16,COLLECT COD,AIR,s. fluffily special courts sleep 
20610-1,20610,323,52,1,20.00,24466.40,0.09,0.06,N,O,1998-01-30,1998-01-06,1998-03-01,NONE,RAIL,packages nag. even accounts 
20610-2,20610,1397,74,2,30.00,38951.70,0.06,0.00,N,O,1998-01-07,1998-01-25,1998-01-24,DELIVER IN PERSON,SHIP, furiously fin
20610-3,20610,904,5,3,42.00,75805.80,0.01,0.02,N,O,1998-02-19,1997-12-22,1998-02-27,DELIVER IN PERSON,RAIL,nts unwind slyl
20610-4,20610,1275,13,4,29.00,34111.83,0.09,0.04,N,O,1998-03-09,1998-01-23,1998-03-14,TAKE BACK RETURN,SHIP,nding deposits haggle after the re
20610-5,20610,788,21,5,10.00,16887.80,0.06,0.03,N,O,1997-12-18,1998-02-11,1998-01-17,NONE,TRUCK, fluffily final deposits b
20611-1,20611,999,100,1,11.00,20899.89,0.10,0.05,N,O,1996-07-24,1996-04-30,1996-08-23,DELIVER IN PERSON,RAIL,ar requests. regular dugouts haggl
20612-1,20612,259,14,1,40.00,46370.00,0.04,0.08,N,O,1996-12-26,1996-12-28,1997-01-18,TAKE BACK RETURN,FOB,gle furiously unusual deposits. blithely
20612-2,20612,1796,97,2,40.00,67911.60,0.06,0.07,N,O,1997-02-23,1997-02-07,1997-03-20,NONE,AIR,cial deposit
20612-3,20612,1179,16,3,8.00,8641.36,0.03,0.00,N,O,1996-11-30,1997-01-07,1996-12-04,NONE,AIR,tions cajole. ironic accounts across the s
20612-4,20612,1082,18,4,4.00,3932.32,0.08,0.04,N,O,1997-01-03,1997-02-02,1997-01-17,DELIVER IN PERSON,AIR,r theodoli
20612-5,20612,421,22,5,45.00,59463.90,0.10,0.04,N,O,1996-12-14,1997-01-02,1996-12-27,TAKE BACK RETURN,RAIL,es nag quickly slyly careful inst
20612-6,20612,1692,16,6,47.00,74903.43,0.10,0.05,N,O,1997-03-07,1997-01-25,1997-03-27,DELIVER IN PERSON,REG AIR,e the furiously regular pinto beans
20613-1,20613,1451,91,1,16.00,21639.20,0.10,0.05,R,F,1992-11-18,1992-12-06,1992-12-12,TAKE BACK RETURN,MAIL,usly final deposits s
20614-1,20614,987,22,1,36.00,67967.28,0.05,0.08,R,F,1994-08-18,1994-06-20,1994-09-12,NONE,TRUCK, furiously. furiousl
20614-2,20614,97,48,2,29.00,28915.61,0.05,0.08,A,F,1994-07-02,1994-06-20,1994-07-19,TAKE BACK RETURN,FOB,iously express requests
20615-1,20615,414,2,1,33.00,43375.53,0.08,0.07,R,F,1992-06-02,1992-06-20,1992-06-05,DELIVER IN PERSON,SHIP, even orbits boost
20615-2,20615,622,54,2,13.00,19794.06,0.05,0.00,A,F,1992-07-03,1992-05-20,1992-07-04,COLLECT COD,FOB,ly regular foxes affix ironically
20615-3,20615,1284,85,3,1.00,1185.28,0.03,0.00,R,F,1992-06-04,1992-06-18,1992-06-28,COLLECT COD,MAIL,nding instru
20615-4,20615,1244,82,4,40.00,45809.60,0.03,0.01,R,F,1992-06-06,1992-06-30,1992-06-15,NONE,FOB,affix slyl
20615-5,20615,1578,99,5,41.00,60662.37,0.08,0.04,A,F,1992-06-05,1992-07-05,1992-06-18,DELIVER IN PERSON,AIR, have to are blithely fluffily even 
20640-1,20640,311,68,1,35.00,42395.85,0.01,0.07,N,O,1998-03-05,1998-01-18,1998-03-23,NONE,RAIL,nic platelets maintain. permanently s
20640-2,20640,1443,44,2,39.00,52433.16,0.04,0.00,N,O,1998-02-18,1998-02-21,1998-02-20,TAKE BACK RETURN,MAIL,ously bold 
20640-3,20640,301,58,3,38.00,45649.40,0.03,0.01,N,O,1998-01-07,1998-01-23,1998-01-19,TAKE BACK RETURN,REG AIR, requests wake carefully
20640-4,20640,1426,5,4,1.00,1327.42,0.08,0.02,N,O,1998-02-27,1998-01-17,1998-03-09,COLLECT COD,REG AIR,he thin instruc
20640-5,20640,786,87,5,47.00,79278.66,0.00,0.02,N,O,1998-01-24,1998-02-17,1998-01-30,NONE,AIR,riously unusual accounts.
20640-6,20640,933,68,6,11.00,20173.23,0.07,0.03,N,O,1997-12-11,1998-02-21,1998-01-10,TAKE BACK RETURN,RAIL,ilent excu
20640-7,20640,1085,21,7,6.00,5916.48,0.05,0.07,N,O,1998-03-31,1998-02-18,1998-04-24,TAKE BACK RETURN,RAIL,ng warhorses. theodolites
20641-1,20641,1217,29,1,26.00,29073.46,0.01,0.02,R,F,1995-05-01,1995-03-25,1995-05-03,COLLECT COD,RAIL,rays affix qui
20641-2,20641,1043,49,2,48.00,45313.92,0.07,0.07,A,F,1995-06-04,1995-05-15,1995-06-10,TAKE BACK RETURN,REG AIR,"gular, spe"
20641-3,20641,423,82,3,48.00,63524.16,0.09,0.01,R,F,1995-04-15,1995-04-28,1995-05-15,DELIVER IN PERSON,REG AIR,g blithely about the furiously regula
20641-4,20641,756,89,4,38.00,62956.50,0.04,0.00,A,F,1995-04-30,1995-05-09,1995-05-03,TAKE BACK RETURN,TRUCK,ar packages after the instruct
20642-1,20642,1202,40,1,23.00,25373.60,0.07,0.00,R,F,1992-09-01,1992-06-24,1992-09-29,TAKE BACK RETURN,MAIL,"ns. ironic, furio"
20642-2,20642,901,2,2,14.00,25226.60,0.02,0.01,R,F,1992-06-21,1992-07-12,1992-07-07,NONE,TRUCK, enticing accounts wake wit
20642-3,20642,982,83,3,25.00,47074.50,0.06,0.02,R,F,1992-08-12,1992-06-25,1992-09-03,NONE,TRUCK,ccounts haggle. 
20642-4,20642,1744,45,4,19.00,31269.06,0.06,0.01,A,F,1992-08-21,1992-07-29,1992-08-24,TAKE BACK RETURN,REG AIR,"uriously unusual requests. express, bold f"
20642-5,20642,166,67,5,47.00,50109.52,0.03,0.00,A,F,1992-09-17,1992-06-25,1992-09-25,NONE,MAIL,ar pinto beans. sl
20642-6,20642,1605,6,6,42.00,63277.20,0.10,0.06,R,F,1992-09-12,1992-07-26,1992-10-10,NONE,TRUCK, blithely regular ideas sleep furiously flu
20642-7,20642,884,84,7,39.00,69610.32,0.01,0.04,R,F,1992-05-29,1992-07-23,1992-06-05,NONE,TRUCK,sly furious
20643-1,20643,841,42,1,27.00,47029.68,0.06,0.00,N,O,1995-10-05,1995-09-23,1995-10-19,COLLECT COD,TRUCK,final notornis. quickly speci
20643-2,20643,1993,94,2,27.00,51164.73,0.06,0.01,N,O,1995-10-06,1995-09-21,1995-10-25,COLLECT COD,MAIL,p fluffily 
20644-1,20644,1373,50,1,12.00,15292.44,0.05,0.03,N,O,1995-07-26,1995-09-08,1995-08-06,NONE,TRUCK,. always pending accounts among the careful
20644-2,20644,649,50,2,19.00,29443.16,0.05,0.06,N,O,1995-08-29,1995-07-23,1995-09-14,NONE,SHIP,bove the express accounts. blithely quic
20644-3,20644,569,100,3,12.00,17634.72,0.09,0.02,N,O,1995-10-22,1995-08-22,1995-11-21,DELIVER IN PERSON,MAIL, the quickly regu
20645-1,20645,139,40,1,18.00,18704.34,0.01,0.02,R,F,1992-04-04,1992-05-05,1992-04-11,NONE,SHIP,y. blithely express deposits a
20646-1,20646,770,71,1,42.00,70172.34,0.09,0.06,A,F,1995-05-24,1995-06-29,1995-05-26,TAKE BACK RETURN,TRUCK,"as. ironic, regu"
20646-2,20646,203,85,2,36.00,39715.20,0.10,0.00,A,F,1995-05-23,1995-06-26,1995-06-11,COLLECT COD,RAIL,fully final Tiresias cajole
20646-3,20646,1949,50,3,18.00,33316.92,0.08,0.02,R,F,1995-05-23,1995-05-31,1995-06-02,TAKE BACK RETURN,RAIL, requests. pen
20646-4,20646,1762,47,4,30.00,49912.80,0.05,0.06,A,F,1995-05-08,1995-06-03,1995-05-16,TAKE BACK RETURN,AIR,he slyly special
20646-5,20646,1183,92,5,18.00,19515.24,0.09,0.06,N,F,1995-06-05,1995-06-25,1995-06-22,DELIVER IN PERSON,MAIL,"ess, unusual theodolites wake final"
20647-1,20647,391,20,1,23.00,29701.97,0.09,0.07,N,O,1998-04-21,1998-04-07,1998-05-01,NONE,FOB,"ns. even, special a"
20672-1,20672,1883,70,1,41.00,73180.08,0.00,0.01,R,F,1993-06-06,1993-07-19,1993-06-23,COLLECT COD,MAIL,he carefully sile
20673-1,20673,279,61,1,28.00,33019.56,0.10,0.03,N,O,1996-07-18,1996-06-18,1996-08-12,NONE,MAIL,ng ideas across the 
20673-2,20673,1327,4,2,50.00,61416.00,0.01,0.05,N,O,1996-09-14,1996-08-11,1996-10-14,COLLECT COD,RAIL,lly according to the 
20673-3,20673,418,6,3,39.00,51417.99,0.01,0.06,N,O,1996-07-16,1996-07-16,1996-08-01,TAKE BACK RETURN,MAIL,ructions wake idly fi
20673-4,20673,1219,57,4,31.00,34726.51,0.07,0.08,N,O,1996-08-22,1996-07-12,1996-08-29,NONE,RAIL,nstructions. special deposits h
20673-5,20673,907,42,5,4.00,7231.60,0.02,0.01,N,O,1996-08-08,1996-07-11,1996-09-05,COLLECT COD,REG AIR,regular platelets hagg
20673-6,20673,1323,38,6,48.00,58767.36,0.05,0.04,N,O,1996-09-13,1996-08-14,1996-10-13,DELIVER IN PERSON,TRUCK, blithely along the fluff
20674-1,20674,1045,16,1,48.00,45409.92,0.05,0.03,R,F,1993-12-30,1994-01-11,1994-01-07,TAKE BACK RETURN,FOB,ag slyly accord
20674-2,20674,803,3,2,25.00,42595.00,0.08,0.03,R,F,1994-04-04,1994-02-13,1994-04-09,NONE,AIR,equests integrate blithely express deposit
20674-3,20674,9,10,3,46.00,41814.00,0.04,0.08,A,F,1994-03-29,1994-03-06,1994-04-06,NONE,FOB, above the furiously bold foxes cajol
20675-1,20675,883,84,1,46.00,82058.48,0.02,0.00,R,F,1993-04-12,1993-06-04,1993-04-22,TAKE BACK RETURN,TRUCK,are quickly unusual packages. care
20675-2,20675,1529,50,2,19.00,27179.88,0.01,0.02,A,F,1993-07-02,1993-05-12,1993-07-08,COLLECT COD,SHIP,bove the accoun
20676-1,20676,306,91,1,39.00,47045.70,0.03,0.00,A,F,1993-03-19,1993-02-08,1993-04-03,TAKE BACK RETURN,AIR, do sleep blithely sly
20676-2,20676,1781,24,2,48.00,80773.44,0.01,0.08,A,F,1993-02-03,1993-01-14,1993-03-01,DELIVER IN PERSON,AIR,pecial deposits wake above the fluffil
20676-3,20676,1511,92,3,40.00,56500.40,0.04,0.07,R,F,1993-02-24,1993-02-14,1993-03-06,DELIVER IN PERSON,SHIP,integrate against the requests
20676-4,20676,565,56,4,35.00,51294.60,0.02,0.07,R,F,1993-02-08,1992-12-26,1993-03-05,TAKE BACK RETURN,TRUCK, foxes nag slowly even packag
20676-5,20676,1479,19,5,3.00,4141.41,0.07,0.06,R,F,1992-11-25,1993-01-02,1992-12-14,NONE,RAIL,"cial, spec"
20676-6,20676,980,83,6,2.00,3761.96,0.05,0.01,R,F,1993-01-27,1993-01-30,1993-02-07,TAKE BACK RETURN,RAIL,uffily express courts integrate car
20676-7,20676,1370,47,7,42.00,53397.54,0.04,0.05,A,F,1993-01-11,1993-02-14,1993-02-05,TAKE BACK RETURN,SHIP,tes doubt across t
20677-1,20677,318,3,1,49.00,59697.19,0.03,0.01,N,O,1996-12-03,1997-01-26,1996-12-05,COLLECT COD,AIR, thinly pending re
20677-2,20677,943,46,2,3.00,5531.82,0.08,0.02,N,O,1997-03-20,1997-01-11,1997-03-31,COLLECT COD,RAIL,sly bold ideas
20677-3,20677,433,92,3,1.00,1333.43,0.05,0.03,N,O,1997-01-04,1997-01-17,1997-01-05,COLLECT COD,RAIL,us ideas haggle permanently agai
20677-4,20677,1722,7,4,38.00,61701.36,0.00,0.03,N,O,1997-01-13,1997-01-21,1997-01-17,DELIVER IN PERSON,FOB,gular frays. blithely busy accounts
20677-5,20677,1685,9,5,40.00,63467.20,0.03,0.05,N,O,1997-01-06,1997-01-12,1997-01-17,TAKE BACK RETURN,SHIP,"tructions. final, unusua"
20678-1,20678,793,26,1,20.00,33875.80,0.07,0.06,N,O,1997-03-29,1997-05-10,1997-04-11,COLLECT COD,TRUCK,"ss, bold deposits against the quickly iro"
20678-2,20678,647,10,2,25.00,38691.00,0.04,0.04,N,O,1997-05-15,1997-04-13,1997-05-19,DELIVER IN PERSON,TRUCK,final instructio
20678-3,20678,1882,12,3,29.00,51732.52,0.10,0.08,N,O,1997-05-18,1997-04-11,1997-06-07,NONE,FOB,nic accounts against the final platelets b
20679-1,20679,1207,19,1,40.00,44328.00,0.00,0.00,A,F,1993-09-13,1993-10-25,1993-09-26,DELIVER IN PERSON,AIR,ss pinto beans s
20679-2,20679,399,84,2,42.00,54574.38,0.00,0.02,R,F,1993-09-16,1993-09-17,1993-10-10,COLLECT COD,REG AIR,s. blithely final foxes detect across
20679-3,20679,921,56,3,31.00,56479.52,0.05,0.04,R,F,1993-11-28,1993-11-06,1993-12-16,NONE,AIR," across the final, silent foxes cajo"
20679-4,20679,429,59,4,36.00,47859.12,0.00,0.02,R,F,1993-09-29,1993-11-01,1993-10-18,TAKE BACK RETURN,TRUCK,e blithely special 
20679-5,20679,1183,84,5,16.00,17346.88,0.00,0.07,R,F,1993-11-22,1993-09-21,1993-12-18,TAKE BACK RETURN,AIR,hely final foxe
20679-6,20679,326,11,6,10.00,12263.20,0.00,0.06,A,F,1993-12-02,1993-11-09,1993-12-17,NONE,SHIP,"luffily above the ironic, pending depende"
20679-7,20679,1335,12,7,34.00,42035.22,0.02,0.07,A,F,1993-11-02,1993-11-08,1993-11-27,COLLECT COD,MAIL,ss the instru
20704-1,20704,957,26,1,10.00,18579.50,0.06,0.01,A,F,1993-04-28,1993-04-12,1993-05-12,DELIVER IN PERSON,MAIL,deposits are carefully unusual packag
20704-2,20704,102,3,2,19.00,19039.90,0.02,0.03,R,F,1993-04-20,1993-05-07,1993-04-24,COLLECT COD,MAIL,re blithely special
20704-3,20704,470,100,3,49.00,67153.03,0.06,0.06,R,F,1993-04-12,1993-03-21,1993-04-24,COLLECT COD,SHIP,regular request
20704-4,20704,697,91,4,21.00,33551.49,0.10,0.02,R,F,1993-05-24,1993-04-10,1993-06-18,NONE,AIR,ly unusual accounts alongside o
20704-5,20704,1386,87,5,24.00,30897.12,0.09,0.06,R,F,1993-04-23,1993-04-30,1993-05-15,DELIVER IN PERSON,SHIP,y about the bl
20705-1,20705,1437,77,1,16.00,21414.88,0.02,0.04,N,O,1998-09-16,1998-07-19,1998-10-15,TAKE BACK RETURN,REG AIR, slyly carefully pending 
20705-2,20705,1171,80,2,5.00,5360.85,0.03,0.04,N,O,1998-09-16,1998-08-06,1998-09-24,TAKE BACK RETURN,TRUCK,ly bold accounts boost abo
20705-3,20705,438,68,3,35.00,46845.05,0.01,0.07,N,O,1998-09-19,1998-07-10,1998-09-25,COLLECT COD,TRUCK,uffily silent ideas are fluffily fluffil
20705-4,20705,35,11,4,26.00,24310.78,0.02,0.08,N,O,1998-08-14,1998-07-19,1998-09-08,DELIVER IN PERSON,MAIL, instructions. dolphins sle
20705-5,20705,1820,7,5,31.00,53376.42,0.08,0.03,N,O,1998-09-12,1998-08-21,1998-10-02,NONE,TRUCK,e accounts haggle slyly
20705-6,20705,931,66,6,12.00,21983.16,0.05,0.01,N,O,1998-07-02,1998-08-04,1998-07-28,COLLECT COD,FOB,ns lose. bli
20706-1,20706,1724,67,1,13.00,21134.36,0.00,0.00,A,F,1994-10-22,1994-10-04,1994-10-29,NONE,REG AIR,ding to the carefully 
20707-1,20707,1986,75,1,9.00,16991.82,0.04,0.01,N,O,1996-04-27,1996-06-20,1996-05-06,TAKE BACK RETURN,AIR,ackages! request
20707-2,20707,856,56,2,8.00,14054.80,0.00,0.08,N,O,1996-05-23,1996-05-08,1996-05-26,COLLECT COD,AIR,ies boost furiously. furiously ir
20707-3,20707,1175,48,3,4.00,4304.68,0.09,0.07,N,O,1996-07-21,1996-05-27,1996-07-31,COLLECT COD,MAIL,equests use fluffily platelets. depo
20708-1,20708,1533,34,1,15.00,21517.95,0.03,0.02,A,F,1992-05-10,1992-02-25,1992-05-12,TAKE BACK RETURN,RAIL,e foxes mold fluf
20708-2,20708,856,56,2,27.00,47434.95,0.10,0.01,R,F,1992-03-12,1992-03-03,1992-04-11,TAKE BACK RETURN,REG AIR,odolites wake 
20708-3,20708,1100,71,3,32.00,32035.20,0.05,0.07,R,F,1992-04-20,1992-03-31,1992-04-27,NONE,SHIP,deposits around the pending dependencies in
20708-4,20708,805,6,4,8.00,13646.40,0.07,0.08,R,F,1992-02-16,1992-03-11,1992-03-15,DELIVER IN PERSON,TRUCK,its. furiously fina
20708-5,20708,1408,26,5,47.00,61541.80,0.04,0.04,A,F,1992-03-31,1992-02-27,1992-04-26,NONE,MAIL,he bold foxes.
20708-6,20708,1648,49,6,29.00,44939.56,0.04,0.05,R,F,1992-03-10,1992-02-26,1992-04-03,TAKE BACK RETURN,TRUCK,ages. even i
20709-1,20709,756,53,1,41.00,67926.75,0.10,0.00,R,F,1994-10-16,1994-10-25,1994-11-11,TAKE BACK RETURN,FOB,st careful
20709-2,20709,1804,91,2,38.00,64820.40,0.00,0.05,R,F,1994-11-08,1994-11-10,1994-11-09,COLLECT COD,SHIP,rns. ironical
20709-3,20709,399,28,3,37.00,48077.43,0.04,0.05,R,F,1994-11-13,1994-10-25,1994-11-27,COLLECT COD,RAIL,ges wake slyly regular theodolites. 
20709-4,20709,1562,83,4,39.00,57078.84,0.05,0.02,A,F,1994-09-14,1994-11-10,1994-09-29,COLLECT COD,AIR,sly pending courts
20709-5,20709,376,33,5,18.00,22974.66,0.02,0.02,R,F,1994-08-14,1994-09-12,1994-08-25,NONE,MAIL, according to t
20710-1,20710,726,59,1,37.00,60188.64,0.05,0.05,A,F,1995-03-04,1995-02-02,1995-03-24,TAKE BACK RETURN,MAIL,nag. slyly regular accounts boost care
20710-2,20710,1394,95,2,23.00,29793.97,0.06,0.01,A,F,1995-01-02,1995-02-27,1995-01-31,NONE,TRUCK,o beans. even packages betw
20710-3,20710,1268,6,3,5.00,5846.30,0.06,0.05,R,F,1995-02-19,1995-02-17,1995-02-23,DELIVER IN PERSON,SHIP,he furiously regular excuses. b
20710-4,20710,1694,77,4,13.00,20743.97,0.05,0.08,A,F,1995-01-31,1995-01-22,1995-02-23,TAKE BACK RETURN,MAIL,long the quickly final w
20710-5,20710,1259,97,5,15.00,17403.75,0.00,0.07,A,F,1995-03-21,1995-02-02,1995-04-07,COLLECT COD,SHIP,ackages haggle furiously about the bold
20711-1,20711,581,42,1,21.00,31113.18,0.02,0.02,R,F,1994-04-05,1994-04-11,1994-05-05,COLLECT COD,RAIL, regular requests
20711-2,20711,1922,11,2,20.00,36478.40,0.09,0.05,A,F,1994-02-07,1994-03-27,1994-03-02,COLLECT COD,TRUCK,er slyly a
20711-3,20711,1313,28,3,17.00,20643.27,0.02,0.03,A,F,1994-02-01,1994-03-25,1994-03-02,TAKE BACK RETURN,SHIP,usy courts above the slyly express excu
20711-4,20711,915,16,4,5.00,9079.55,0.01,0.08,R,F,1994-02-01,1994-03-06,1994-02-11,TAKE BACK RETURN,TRUCK,lets cajole slyly perman
20736-1,20736,433,92,1,43.00,57337.49,0.04,0.03,N,O,1996-01-14,1995-10-25,1996-01-18,DELIVER IN PERSON,FOB,sual packages use accounts
20737-1,20737,1885,72,1,27.00,48245.76,0.05,0.06,N,O,1996-02-22,1996-01-26,1996-03-08,COLLECT COD,RAIL,ly special
20737-2,20737,416,46,2,10.00,13164.10,0.01,0.04,N,O,1996-04-20,1996-02-05,1996-04-24,NONE,FOB,old requests wake among th
20737-3,20737,1970,3,3,17.00,31823.49,0.08,0.05,N,O,1996-01-07,1996-03-22,1996-01-10,COLLECT COD,SHIP,ests. blithely bold platele
20737-4,20737,1714,15,4,31.00,50087.01,0.07,0.06,N,O,1996-03-10,1996-02-28,1996-03-25,NONE,AIR,nal accounts. regular patterns cajole f
20737-5,20737,340,97,5,32.00,39690.88,0.08,0.00,N,O,1996-03-06,1996-03-14,1996-03-17,NONE,FOB,unts. ironic
20737-6,20737,46,72,6,15.00,14190.60,0.09,0.01,N,O,1996-03-14,1996-03-23,1996-03-21,TAKE BACK RETURN,MAIL,s-- stealth
20737-7,20737,697,60,7,15.00,23965.35,0.09,0.00,N,O,1996-02-04,1996-03-10,1996-02-21,TAKE BACK RETURN,FOB,s. blithel
20738-1,20738,1165,66,1,22.00,23455.52,0.09,0.07,R,F,1992-11-22,1992-10-17,1992-12-21,COLLECT COD,FOB,es wake fur
20738-2,20738,1073,9,2,35.00,34092.45,0.02,0.01,R,F,1992-10-25,1992-11-08,1992-11-01,TAKE BACK RETURN,AIR,ogged platelets integrate. carefully fi
20738-3,20738,1992,81,3,13.00,24621.87,0.09,0.07,R,F,1992-12-10,1992-11-24,1993-01-01,TAKE BACK RETURN,SHIP,ickly bold packages wake. unusual
20738-4,20738,1010,11,4,3.00,2733.03,0.09,0.02,R,F,1992-10-11,1992-11-29,1992-10-30,NONE,MAIL,long the blithely ironic
20738-5,20738,1863,7,5,27.00,47651.22,0.00,0.07,A,F,1992-12-22,1992-11-01,1992-12-24,NONE,AIR,. furiously regular accounts are. furiously
20738-6,20738,684,16,6,32.00,50709.76,0.03,0.07,A,F,1992-11-30,1992-11-04,1992-12-07,COLLECT COD,SHIP,ve the carefully bold
20738-7,20738,1950,39,7,38.00,70374.10,0.06,0.01,R,F,1992-09-30,1992-10-05,1992-10-01,TAKE BACK RETURN,MAIL,deposits wake carefu
20739-1,20739,1282,94,1,36.00,42598.08,0.03,0.08,N,O,1997-05-01,1997-05-04,1997-05-09,DELIVER IN PERSON,FOB,counts sle
20739-2,20739,1853,83,2,35.00,61419.75,0.07,0.04,N,O,1997-06-09,1997-06-17,1997-06-29,DELIVER IN PERSON,REG AIR,ccounts wake. slyly daring foxes wake 
20739-3,20739,1335,36,3,41.00,50689.53,0.08,0.06,N,O,1997-07-06,1997-05-31,1997-07-31,COLLECT COD,FOB,"nic, regular deposits alongside of"
20739-4,20739,825,25,4,5.00,8629.10,0.10,0.08,N,O,1997-07-01,1997-05-06,1997-07-11,DELIVER IN PERSON,FOB,equests boost. slyly special theodolites
20740-1,20740,1224,62,1,10.00,11252.20,0.01,0.05,R,F,1993-04-02,1993-03-24,1993-04-11,COLLECT COD,MAIL,"ding pinto beans. regular, regular dolphi"
20740-2,20740,621,15,2,47.00,71516.14,0.08,0.02,R,F,1993-04-03,1993-03-17,1993-04-30,NONE,AIR,efully regular requests snooze 
20740-3,20740,1977,78,3,39.00,73279.83,0.08,0.04,A,F,1993-04-10,1993-03-10,1993-05-10,DELIVER IN PERSON,AIR,"uts. close, pending acco"
20740-4,20740,779,80,4,33.00,55432.41,0.07,0.03,R,F,1993-03-10,1993-03-29,1993-03-27,TAKE BACK RETURN,MAIL,e pinto beans. b
20740-5,20740,489,90,5,14.00,19452.72,0.07,0.05,A,F,1993-02-12,1993-03-13,1993-03-13,COLLECT COD,TRUCK,carefully unusual instructions. e
20740-6,20740,1337,52,6,29.00,35911.57,0.01,0.05,A,F,1993-04-29,1993-03-12,1993-05-04,TAKE BACK RETURN,TRUCK,ial accounts. f
20741-1,20741,60,36,1,42.00,40322.52,0.09,0.02,A,F,1994-01-10,1993-12-02,1994-01-16,DELIVER IN PERSON,RAIL, platelets are af
20741-2,20741,731,32,2,40.00,65269.20,0.03,0.03,A,F,1994-02-02,1993-12-26,1994-02-20,NONE,FOB, deposits. fluffily fin
20741-3,20741,534,95,3,23.00,32994.19,0.10,0.05,R,F,1993-12-27,1993-12-06,1994-01-18,NONE,AIR, carefully special packages until the re
20741-4,20741,599,90,4,27.00,40488.93,0.02,0.08,R,F,1994-02-04,1994-01-25,1994-03-02,COLLECT COD,SHIP,y. slyly e
20741-5,20741,854,55,5,18.00,31587.30,0.01,0.02,A,F,1994-02-04,1994-01-23,1994-02-27,DELIVER IN PERSON,RAIL,s wake abov
20742-1,20742,1831,75,1,43.00,74511.69,0.07,0.06,A,F,1992-03-08,1992-02-05,1992-04-03,DELIVER IN PERSON,MAIL,"w deposits are blithely even, express fr"
20742-2,20742,1686,69,2,26.00,41279.68,0.07,0.02,A,F,1992-01-29,1992-03-16,1992-02-24,DELIVER IN PERSON,AIR,sits. carefully silent accounts might ha
20742-3,20742,256,84,3,24.00,27750.00,0.09,0.02,A,F,1992-02-22,1992-03-08,1992-03-22,DELIVER IN PERSON,MAIL,lets use enticingly above the f
20743-1,20743,1808,95,1,6.00,10258.80,0.00,0.00,N,O,1996-01-18,1996-03-04,1996-01-27,COLLECT COD,FOB, accounts bo
20743-2,20743,1762,89,2,27.00,44921.52,0.01,0.02,N,O,1995-12-20,1996-01-28,1995-12-25,TAKE BACK RETURN,TRUCK,", blithe exc"
20743-3,20743,1663,64,3,48.00,75103.68,0.09,0.04,N,O,1996-03-04,1996-03-10,1996-04-03,COLLECT COD,RAIL,he furiously sly dugouts. asymptotes a
20743-4,20743,854,21,4,6.00,10529.10,0.01,0.05,N,O,1995-12-18,1996-02-05,1996-01-08,TAKE BACK RETURN,TRUCK,eposits wake quickl
20743-5,20743,359,16,5,30.00,37780.50,0.06,0.02,N,O,1996-03-16,1996-01-25,1996-03-25,TAKE BACK RETURN,REG AIR,egular deposits wake closely. carefu
20768-1,20768,878,45,1,38.00,67597.06,0.04,0.03,R,F,1992-12-04,1992-12-24,1992-12-08,NONE,AIR,al packages
20768-2,20768,1629,71,2,28.00,42857.36,0.04,0.04,A,F,1993-01-25,1992-12-16,1993-02-01,TAKE BACK RETURN,AIR,fully stealthy
20768-3,20768,1574,15,3,29.00,42791.53,0.10,0.03,A,F,1993-02-10,1992-11-28,1993-02-24,NONE,REG AIR,ts integrate 
20769-1,20769,611,12,1,2.00,3023.22,0.01,0.07,N,O,1998-08-14,1998-09-25,1998-09-09,TAKE BACK RETURN,REG AIR,hely carefully final ideas. idly sp
20769-2,20769,243,71,2,33.00,37726.92,0.04,0.01,N,O,1998-08-21,1998-09-20,1998-08-29,TAKE BACK RETURN,REG AIR, even courts nag requests. courts amon
20769-3,20769,181,60,3,13.00,14055.34,0.06,0.08,N,O,1998-07-11,1998-09-18,1998-07-14,COLLECT COD,SHIP," of the regular, "
20769-4,20769,1782,9,4,26.00,43778.28,0.08,0.01,N,O,1998-10-14,1998-09-06,1998-11-07,TAKE BACK RETURN,FOB,ly silent requests bo
20769-5,20769,508,39,5,26.00,36621.00,0.01,0.03,N,O,1998-09-27,1998-08-29,1998-10-20,NONE,TRUCK,regular asym
20770-1,20770,378,79,1,23.00,29402.51,0.09,0.08,R,F,1993-07-06,1993-08-15,1993-07-16,TAKE BACK RETURN,FOB,ong the blit
20770-2,20770,1523,24,2,32.00,45584.64,0.07,0.06,A,F,1993-07-02,1993-08-16,1993-07-15,DELIVER IN PERSON,MAIL, dependencies play qu
20770-3,20770,420,50,3,5.00,6602.10,0.07,0.00,A,F,1993-08-20,1993-08-21,1993-08-28,DELIVER IN PERSON,SHIP,ronic foxes w
20771-1,20771,1649,32,1,37.00,57373.68,0.01,0.02,N,O,1996-03-26,1996-05-22,1996-04-08,COLLECT COD,FOB,efully eve
20771-2,20771,1816,3,2,20.00,34356.20,0.07,0.07,N,O,1996-05-01,1996-04-26,1996-05-31,DELIVER IN PERSON,SHIP,ar dependencies. furiously silent platelets
20772-1,20772,1147,48,1,21.00,22010.94,0.05,0.01,A,F,1993-08-07,1993-07-27,1993-08-23,NONE,REG AIR,e closely regular pinto
20772-2,20772,94,20,2,17.00,16899.53,0.01,0.02,A,F,1993-06-23,1993-08-20,1993-06-24,COLLECT COD,TRUCK,ely into the express d
20772-3,20772,1511,32,3,11.00,15537.61,0.00,0.03,A,F,1993-09-27,1993-08-10,1993-09-29,DELIVER IN PERSON,AIR,y final instructions. slyly ironi
20772-4,20772,1062,33,4,27.00,26002.62,0.05,0.04,A,F,1993-07-06,1993-07-20,1993-07-27,TAKE BACK RETURN,REG AIR,eodolites. 
20773-1,20773,1938,83,1,12.00,22079.16,0.03,0.06,R,F,1994-06-08,1994-06-01,1994-06-30,NONE,REG AIR,s. requests along 
20773-2,20773,1551,72,2,33.00,47934.15,0.01,0.08,A,F,1994-05-25,1994-05-27,1994-06-03,TAKE BACK RETURN,AIR, permanent ideas. ir
20774-1,20774,1858,45,1,11.00,19358.35,0.05,0.06,R,F,1994-12-26,1994-10-05,1995-01-04,COLLECT COD,AIR,ely carefull
20774-2,20774,1143,16,2,24.00,25059.36,0.09,0.03,A,F,1994-10-01,1994-11-11,1994-10-30,TAKE BACK RETURN,SHIP,al foxes. requests across the regular theo
20774-3,20774,1216,17,3,6.00,6703.26,0.09,0.05,A,F,1994-09-15,1994-10-03,1994-10-04,DELIVER IN PERSON,FOB,uses boost specia
20774-4,20774,610,11,4,7.00,10574.27,0.07,0.07,R,F,1994-11-12,1994-11-11,1994-11-14,NONE,REG AIR,t the quietly even account
20775-1,20775,339,96,1,42.00,52051.86,0.04,0.01,R,F,1993-05-15,1993-04-02,1993-06-01,TAKE BACK RETURN,AIR,eas. furiously even platelet
20800-1,20800,1496,36,1,21.00,29347.29,0.02,0.00,R,F,1994-09-10,1994-10-06,1994-09-16,NONE,REG AIR,ecial requests. blithely re
20801-1,20801,424,12,1,37.00,49003.54,0.05,0.03,N,O,1997-07-12,1997-05-18,1997-08-05,NONE,SHIP,lly quickly reg
20801-2,20801,1921,10,2,16.00,29166.72,0.01,0.03,N,O,1997-04-12,1997-05-14,1997-04-23,COLLECT COD,REG AIR,cuses are blithely along the furi
20801-3,20801,331,16,3,6.00,7387.98,0.07,0.05,N,O,1997-04-13,1997-05-20,1997-05-08,NONE,FOB,ckages! carefully ironic packages
20801-4,20801,1946,47,4,35.00,64677.90,0.06,0.06,N,O,1997-05-22,1997-06-04,1997-06-11,DELIVER IN PERSON,RAIL, requests. slyly final dependencies bes
20801-5,20801,1062,33,5,39.00,37559.34,0.07,0.08,N,O,1997-07-17,1997-04-25,1997-07-21,DELIVER IN PERSON,AIR,usly unusual pin
20801-6,20801,868,2,6,30.00,53065.80,0.06,0.02,N,O,1997-05-28,1997-06-05,1997-06-25,TAKE BACK RETURN,TRUCK,es nod quickly. quickly silent deposits
20802-1,20802,1920,65,1,16.00,29150.72,0.03,0.01,N,O,1995-11-01,1995-12-16,1995-11-14,TAKE BACK RETURN,RAIL,ding pinto
20803-1,20803,1425,26,1,30.00,39792.60,0.04,0.01,R,F,1992-05-05,1992-04-17,1992-05-17,TAKE BACK RETURN,MAIL,y special realms sleep fluffily at the car
20803-2,20803,1071,77,2,11.00,10692.77,0.02,0.01,R,F,1992-04-05,1992-04-22,1992-04-28,COLLECT COD,SHIP,ess asymptotes en
20803-3,20803,75,51,3,15.00,14626.05,0.00,0.07,A,F,1992-03-13,1992-03-28,1992-04-05,DELIVER IN PERSON,TRUCK,ests nag quickly slyly ironic platele
20804-1,20804,62,38,1,7.00,6734.42,0.00,0.05,N,O,1995-12-08,1996-02-21,1995-12-26,DELIVER IN PERSON,MAIL,beans boost slyly fluffily final deposits.
20804-2,20804,1020,26,2,49.00,45129.98,0.07,0.03,N,O,1996-02-25,1995-12-28,1996-03-24,TAKE BACK RETURN,MAIL,uriously regular foxes. courts us
20804-3,20804,1965,10,3,4.00,7467.84,0.03,0.00,N,O,1996-02-28,1996-01-02,1996-03-12,DELIVER IN PERSON,RAIL,? quickly f
20804-4,20804,876,10,4,39.00,69297.93,0.09,0.05,N,O,1996-01-18,1996-02-22,1996-01-22,DELIVER IN PERSON,TRUCK,d the furiously unusual theo
20804-5,20804,647,48,5,32.00,49524.48,0.06,0.03,N,O,1996-01-23,1996-01-25,1996-02-02,TAKE BACK RETURN,TRUCK,quests. slyly silent deposits boost acc
20804-6,20804,1097,98,6,38.00,37927.42,0.05,0.07,N,O,1995-12-15,1996-01-07,1995-12-18,DELIVER IN PERSON,MAIL,ackages haggle
20804-7,20804,1275,87,7,18.00,21172.86,0.06,0.03,N,O,1995-12-15,1996-01-04,1996-01-12,DELIVER IN PERSON,AIR,p carefully about the packages. 
20805-1,20805,697,98,1,9.00,14379.21,0.02,0.03,R,F,1995-01-13,1995-03-07,1995-02-11,COLLECT COD,TRUCK,thely daring epitaphs.
20805-2,20805,270,25,2,30.00,35108.10,0.00,0.01,R,F,1995-04-01,1995-03-06,1995-04-20,COLLECT COD,FOB,e regular packages. pending pinto beans
20805-3,20805,884,84,3,31.00,55331.28,0.07,0.05,R,F,1995-03-22,1995-03-06,1995-04-02,NONE,FOB,about the blithe
20805-4,20805,658,90,4,17.00,26497.05,0.04,0.06,R,F,1995-05-04,1995-03-18,1995-05-06,NONE,RAIL,nos. asymptotes are slyl
20805-5,20805,1375,14,5,47.00,59989.39,0.03,0.05,R,F,1995-03-12,1995-02-24,1995-03-19,COLLECT COD,FOB,furiously across the slyly even ideas.
20806-1,20806,1528,69,1,47.00,67187.44,0.06,0.01,N,O,1997-01-18,1996-11-12,1997-01-26,NONE,SHIP,e instructions. u
20806-2,20806,1394,9,2,14.00,18135.46,0.08,0.05,N,O,1997-01-27,1996-12-26,1997-02-16,TAKE BACK RETURN,SHIP,ependencies. blithely regular foxes 
20806-3,20806,612,44,3,40.00,60504.40,0.10,0.05,N,O,1996-10-17,1996-12-18,1996-10-27,TAKE BACK RETURN,FOB,e slyly special deposits. blithel
20806-4,20806,1635,59,4,46.00,70684.98,0.01,0.05,N,O,1996-11-13,1996-12-11,1996-12-11,COLLECT COD,FOB,ring instructions. slyly regu
20807-1,20807,266,48,1,5.00,5831.30,0.03,0.04,R,F,1992-08-09,1992-09-14,1992-08-30,TAKE BACK RETURN,AIR, beans. silent ideas sl
20807-2,20807,1170,71,2,21.00,22494.57,0.03,0.06,R,F,1992-09-11,1992-10-04,1992-09-28,TAKE BACK RETURN,FOB, dolphins. iro
20807-3,20807,117,44,3,7.00,7119.77,0.02,0.02,A,F,1992-09-22,1992-09-01,1992-10-14,DELIVER IN PERSON,FOB,eodolites nod furiously. carefu
20807-4,20807,153,6,4,15.00,15797.25,0.01,0.07,R,F,1992-07-23,1992-09-26,1992-08-13,COLLECT COD,MAIL,", bold epitaphs"
20807-5,20807,676,77,5,27.00,42570.09,0.02,0.01,R,F,1992-11-15,1992-09-12,1992-12-12,NONE,AIR,ructions sleep carefu
20807-6,20807,111,12,6,23.00,23255.53,0.08,0.00,A,F,1992-08-10,1992-08-27,1992-08-29,DELIVER IN PERSON,AIR,platelets among the bli
20832-1,20832,405,64,1,37.00,48299.80,0.04,0.00,R,F,1993-08-22,1993-10-02,1993-08-27,TAKE BACK RETURN,TRUCK,s haggle furiously. even deposits sl
20832-2,20832,83,59,2,9.00,8847.72,0.07,0.05,A,F,1993-10-15,1993-09-05,1993-11-08,NONE,TRUCK,iers. packages 
20832-3,20832,1388,65,3,40.00,51575.20,0.02,0.08,A,F,1993-10-11,1993-10-15,1993-10-23,DELIVER IN PERSON,FOB,"he deposits. pending, express pa"
20833-1,20833,1429,8,1,41.00,54547.22,0.05,0.04,N,O,1998-10-14,1998-09-17,1998-10-22,DELIVER IN PERSON,RAIL,ar ideas. 
20834-1,20834,61,37,1,39.00,37481.34,0.06,0.06,A,F,1992-02-28,1992-02-16,1992-03-04,TAKE BACK RETURN,AIR,d dependencies. requests boost
20835-1,20835,1925,58,1,20.00,36538.40,0.03,0.07,N,O,1996-01-21,1996-03-10,1996-01-26,NONE,REG AIR,accounts sleep across the f
20835-2,20835,5,31,2,1.00,905.00,0.02,0.08,N,O,1996-03-18,1996-03-17,1996-04-01,DELIVER IN PERSON,AIR,ding ideas haggle pending request
20835-3,20835,1470,88,3,39.00,53487.33,0.00,0.04,N,O,1996-02-23,1996-03-09,1996-03-18,COLLECT COD,FOB,furiously asymptotes. packag
20835-4,20835,61,87,4,26.00,24987.56,0.04,0.00,N,O,1996-03-19,1996-03-09,1996-04-05,COLLECT COD,TRUCK,ole around the bold ideas; quickl
20835-5,20835,80,56,5,39.00,38223.12,0.09,0.08,N,O,1996-05-09,1996-04-08,1996-05-15,COLLECT COD,REG AIR,essly alongside of the
20836-1,20836,1624,48,1,30.00,45768.60,0.05,0.04,N,O,1998-09-30,1998-07-17,1998-10-20,COLLECT COD,RAIL,final theodolites haggle a
20837-1,20837,564,65,1,42.00,61511.52,0.01,0.02,A,F,1994-03-03,1994-05-03,1994-03-31,DELIVER IN PERSON,MAIL, dependencies. ironic depo
20837-2,20837,792,57,2,6.00,10156.74,0.00,0.05,R,F,1994-04-12,1994-03-10,1994-04-13,DELIVER IN PERSON,TRUCK,eas. furiously fi
20838-1,20838,1482,22,1,46.00,63640.08,0.04,0.06,A,F,1994-07-24,1994-05-13,1994-08-01,TAKE BACK RETURN,FOB,ic dolphins snooze. carefully 
20838-2,20838,1889,90,2,49.00,87753.12,0.02,0.02,R,F,1994-05-31,1994-06-28,1994-06-26,NONE,REG AIR,posits. blithely ironic
20838-3,20838,970,71,3,43.00,80451.71,0.05,0.07,R,F,1994-04-26,1994-06-15,1994-05-02,NONE,MAIL, requests haggle. c
20838-4,20838,97,48,4,35.00,34898.15,0.06,0.04,R,F,1994-05-19,1994-07-09,1994-05-23,NONE,SHIP, the quickly quiet
20838-5,20838,148,49,5,38.00,39829.32,0.00,0.08,A,F,1994-06-16,1994-06-15,1994-07-09,NONE,SHIP,refully bold d
20838-6,20838,504,65,6,26.00,36517.00,0.01,0.07,R,F,1994-06-07,1994-06-05,1994-06-13,COLLECT COD,SHIP,hely ironic deposits are furi
20839-1,20839,1161,70,1,46.00,48859.36,0.08,0.04,N,O,1998-09-30,1998-08-15,1998-10-01,DELIVER IN PERSON,FOB, quickly express pinto beans sleep fluffil
20839-2,20839,1308,23,2,18.00,21767.40,0.00,0.04,N,O,1998-09-18,1998-07-20,1998-10-10,TAKE BACK RETURN,REG AIR,regular theodolites across the excuse
20864-1,20864,1781,24,1,24.00,40386.72,0.07,0.06,N,O,1996-04-01,1996-02-02,1996-04-24,COLLECT COD,MAIL, express acco
20864-2,20864,36,37,2,42.00,39313.26,0.01,0.05,N,O,1996-02-07,1996-01-24,1996-03-05,COLLECT COD,REG AIR,t foxes. furiou
20864-3,20864,671,72,3,5.00,7858.35,0.08,0.08,N,O,1996-02-13,1996-02-18,1996-02-25,TAKE BACK RETURN,AIR, according to the ironi
20864-4,20864,90,16,4,29.00,28712.61,0.01,0.06,N,O,1996-02-05,1996-01-07,1996-02-25,DELIVER IN PERSON,MAIL,unusual excuses wa
20864-5,20864,1965,98,5,40.00,74678.40,0.10,0.07,N,O,1996-01-14,1996-01-29,1996-01-29,NONE,AIR,te quickly across the theo
20864-6,20864,1884,85,6,45.00,80364.60,0.01,0.08,N,O,1996-01-22,1996-03-03,1996-02-17,DELIVER IN PERSON,RAIL,uctions sleep carefully carefully unusual c
20865-1,20865,1516,57,1,13.00,18427.63,0.00,0.02,N,O,1998-04-03,1998-03-14,1998-04-12,DELIVER IN PERSON,RAIL,packages. blithely regular ideas wake 
20865-2,20865,637,31,2,50.00,76881.50,0.06,0.08,N,O,1998-03-11,1998-01-23,1998-03-13,DELIVER IN PERSON,FOB," pending accounts along the careful,"
20865-3,20865,1962,63,3,43.00,80150.28,0.04,0.01,N,O,1998-04-05,1998-01-26,1998-04-29,COLLECT COD,TRUCK,lar instructions affix qui
20865-4,20865,1612,95,4,32.00,48435.52,0.07,0.08,N,O,1998-02-07,1998-03-06,1998-02-26,NONE,FOB,"yly idle, ir"
20865-5,20865,1158,59,5,36.00,38129.40,0.05,0.08,N,O,1998-03-15,1998-02-01,1998-03-26,DELIVER IN PERSON,REG AIR,cording to the blithely sly r
20865-6,20865,596,57,6,43.00,64353.37,0.07,0.07,N,O,1998-02-16,1998-01-30,1998-03-07,NONE,RAIL,gle fluffily. quickly express deposits
20865-7,20865,1519,40,7,25.00,35512.75,0.04,0.00,N,O,1998-04-14,1998-02-03,1998-04-22,DELIVER IN PERSON,SHIP,y final packag
20866-1,20866,1663,87,1,9.00,14081.94,0.04,0.07,A,F,1995-06-04,1995-04-27,1995-06-09,DELIVER IN PERSON,FOB,ost. ruthless packages are furiousl
20866-2,20866,1789,32,2,45.00,76085.10,0.02,0.01,N,O,1995-06-20,1995-05-30,1995-07-03,TAKE BACK RETURN,FOB,inally. carefully ironic re
20866-3,20866,589,50,3,31.00,46176.98,0.10,0.05,R,F,1995-04-30,1995-05-14,1995-05-16,COLLECT COD,AIR,e requests. slyly special ideas haggle a
20866-4,20866,965,100,4,12.00,22391.52,0.01,0.07,N,O,1995-07-06,1995-05-12,1995-08-01,COLLECT COD,SHIP,beans integrate caref
20866-5,20866,678,79,5,47.00,74197.49,0.04,0.03,A,F,1995-04-07,1995-05-31,1995-04-22,NONE,RAIL,nstructions according 
20867-1,20867,1465,5,1,17.00,23229.82,0.01,0.04,N,O,1997-01-21,1997-01-13,1997-02-20,TAKE BACK RETURN,FOB,egular deposits use boldly final pac
20867-2,20867,1530,71,2,2.00,2863.06,0.00,0.05,N,O,1997-01-03,1997-01-14,1997-01-19,TAKE BACK RETURN,MAIL,quietly final accounts. e
20867-3,20867,802,36,3,16.00,27244.80,0.07,0.08,N,O,1996-12-16,1997-01-18,1996-12-19,COLLECT COD,TRUCK,es wake blithely
20867-4,20867,437,96,4,47.00,62859.21,0.03,0.03,N,O,1996-12-15,1997-01-04,1996-12-26,TAKE BACK RETURN,TRUCK,usly speci
20867-5,20867,1663,46,5,3.00,4693.98,0.06,0.08,N,O,1997-01-08,1997-01-05,1997-01-10,COLLECT COD,TRUCK,old instructi
20868-1,20868,1711,12,1,6.00,9676.26,0.07,0.01,A,F,1994-01-15,1993-11-16,1994-01-27,TAKE BACK RETURN,SHIP, integrate pending th
20868-2,20868,1416,95,2,13.00,17126.33,0.07,0.04,R,F,1994-01-12,1993-11-30,1994-02-09,NONE,FOB,althily. epitaphs solve qui
20868-3,20868,83,59,3,9.00,8847.72,0.10,0.00,R,F,1994-01-31,1994-01-04,1994-02-24,NONE,FOB,thely ironic 
20869-1,20869,309,38,1,10.00,12093.00,0.00,0.07,N,O,1996-09-29,1996-11-20,1996-10-12,COLLECT COD,FOB,p carefully silent realms. bl
20870-1,20870,279,34,1,17.00,20047.59,0.06,0.04,A,F,1994-12-05,1994-10-11,1994-12-20,TAKE BACK RETURN,MAIL,"y. final, express re"
20870-2,20870,198,51,2,3.00,3294.57,0.07,0.00,R,F,1994-10-30,1994-10-19,1994-11-19,COLLECT COD,AIR,carefully. depend
20870-3,20870,510,11,3,33.00,46546.83,0.08,0.03,R,F,1994-11-26,1994-10-25,1994-12-05,NONE,REG AIR,quests. express depo
20870-4,20870,1510,51,4,20.00,28230.20,0.06,0.05,R,F,1994-10-23,1994-10-31,1994-11-21,DELIVER IN PERSON,FOB,counts boos
20870-5,20870,1979,80,5,42.00,79000.74,0.01,0.03,A,F,1994-11-27,1994-09-27,1994-12-09,NONE,MAIL,ously regular somas sleep 
20871-1,20871,1870,100,1,39.00,69102.93,0.01,0.06,A,F,1993-12-10,1993-12-12,1993-12-14,NONE,RAIL,nts affix furious
20871-2,20871,15,16,2,9.00,8235.09,0.04,0.01,R,F,1993-12-22,1993-11-11,1994-01-10,COLLECT COD,TRUCK,ng to the furiously ev
20896-1,20896,69,95,1,28.00,27133.68,0.06,0.07,A,F,1993-04-03,1993-03-25,1993-04-28,DELIVER IN PERSON,AIR,slyly quickly silent deposits.
20897-1,20897,673,74,1,37.00,58225.79,0.09,0.07,A,F,1995-06-02,1995-05-19,1995-06-16,NONE,TRUCK,s. blithely regular ideas use carefu
20897-2,20897,771,68,2,44.00,73557.88,0.05,0.05,N,O,1995-07-11,1995-05-11,1995-08-01,DELIVER IN PERSON,RAIL,sits across the furiously even de
20898-1,20898,358,43,1,21.00,26425.35,0.10,0.00,N,O,1995-12-10,1996-01-26,1996-01-04,DELIVER IN PERSON,TRUCK,es? furiously even accounts are care
20898-2,20898,1660,61,2,13.00,20301.58,0.05,0.07,N,O,1996-02-02,1995-12-23,1996-02-24,TAKE BACK RETURN,FOB,e silent p
20898-3,20898,566,27,3,32.00,46929.92,0.09,0.01,N,O,1996-02-29,1995-12-09,1996-03-14,COLLECT COD,TRUCK,requests. express packages haggl
20898-4,20898,203,4,4,7.00,7722.40,0.10,0.05,N,O,1995-12-24,1995-12-24,1996-01-12,COLLECT COD,RAIL,y regular theodolites about the r
20898-5,20898,1398,13,5,20.00,25987.80,0.02,0.03,N,O,1995-12-05,1996-01-02,1996-01-02,DELIVER IN PERSON,MAIL,ged accounts use blithely s
20899-1,20899,90,41,1,10.00,9900.90,0.03,0.06,R,F,1993-07-16,1993-06-17,1993-07-21,COLLECT COD,MAIL,s slyly. platelets 
20899-2,20899,1867,11,2,11.00,19457.46,0.06,0.07,A,F,1993-06-05,1993-06-09,1993-06-18,NONE,AIR,. furiously final requests wake slyly caref
20899-3,20899,257,39,3,38.00,43975.50,0.10,0.07,R,F,1993-04-26,1993-06-09,1993-05-19,DELIVER IN PERSON,AIR,ans boost always about the doggedly b
20899-4,20899,893,94,4,15.00,26908.35,0.07,0.00,A,F,1993-07-17,1993-05-22,1993-07-27,TAKE BACK RETURN,SHIP,al ideas cajole blithely. 
20900-1,20900,1211,49,1,16.00,17795.36,0.07,0.03,A,F,1994-01-14,1994-02-17,1994-01-25,DELIVER IN PERSON,AIR,ly express patterns. r
20900-2,20900,886,86,2,3.00,5360.64,0.05,0.08,R,F,1994-03-14,1993-12-31,1994-04-08,DELIVER IN PERSON,FOB,regular pinto b
20900-3,20900,1557,98,3,8.00,11668.40,0.06,0.04,A,F,1994-01-04,1994-01-22,1994-01-07,NONE,MAIL,s haggle slyly about the ide
20901-1,20901,1998,99,1,44.00,83599.56,0.08,0.03,A,F,1995-04-30,1995-05-03,1995-05-01,NONE,SHIP,ffily final pinto 
20902-1,20902,1429,69,1,33.00,43903.86,0.08,0.02,N,O,1997-03-12,1997-03-14,1997-03-31,COLLECT COD,RAIL,ix thinly carefull
20902-2,20902,176,3,2,25.00,26904.25,0.00,0.03,N,O,1997-03-10,1997-03-28,1997-04-06,NONE,AIR,uctions. fluffily final deposits
20902-3,20902,969,4,3,26.00,48618.96,0.00,0.04,N,O,1997-03-30,1997-03-13,1997-04-11,NONE,FOB, express ac
20902-4,20902,956,57,4,13.00,24140.35,0.04,0.01,N,O,1997-02-10,1997-02-07,1997-03-10,NONE,SHIP,"o the regular, ironic accou"
20903-1,20903,1651,75,1,50.00,77632.50,0.07,0.08,R,F,1994-05-24,1994-08-13,1994-05-27,NONE,TRUCK,xes. ironic deposits haggle special the
20903-2,20903,225,53,2,23.00,25880.06,0.01,0.02,A,F,1994-06-14,1994-06-25,1994-06-27,NONE,TRUCK,lyly. carefu
20928-1,20928,402,61,1,24.00,31257.60,0.00,0.07,N,O,1995-06-27,1995-07-03,1995-07-05,TAKE BACK RETURN,MAIL,"ress, silent dolphins. sl"
20928-2,20928,1903,36,2,34.00,61366.60,0.10,0.03,N,O,1995-07-05,1995-05-17,1995-07-27,TAKE BACK RETURN,AIR,t the multip
20928-3,20928,1255,93,3,27.00,31218.75,0.04,0.03,N,F,1995-06-02,1995-06-28,1995-06-19,TAKE BACK RETURN,MAIL,gular multip
20928-4,20928,159,38,4,4.00,4236.60,0.09,0.05,A,F,1995-06-02,1995-05-27,1995-06-11,DELIVER IN PERSON,RAIL,to beans boost carefully alongside
20929-1,20929,1397,74,1,43.00,55830.77,0.06,0.03,N,O,1998-04-23,1998-02-02,1998-05-21,TAKE BACK RETURN,TRUCK,riously among the instructions. expres
20929-2,20929,1447,26,2,18.00,24271.92,0.02,0.08,N,O,1998-02-08,1998-03-23,1998-02-15,DELIVER IN PERSON,SHIP,yly bold pinto beans. ironic re
20930-1,20930,1140,41,1,6.00,6246.84,0.02,0.00,N,O,1996-05-27,1996-06-27,1996-06-11,COLLECT COD,REG AIR,e slyly again
20930-2,20930,723,88,2,46.00,74691.12,0.08,0.04,N,O,1996-06-21,1996-07-29,1996-07-06,NONE,FOB, packages poach slyly a
20930-3,20930,1052,58,3,10.00,9530.50,0.09,0.01,N,O,1996-09-07,1996-08-01,1996-09-14,DELIVER IN PERSON,TRUCK,nal excuses sleep
20930-4,20930,294,49,4,43.00,51354.47,0.01,0.07,N,O,1996-05-28,1996-08-10,1996-06-15,COLLECT COD,SHIP,re furiously slyly unusua
20931-1,20931,1290,91,1,34.00,40503.86,0.01,0.07,R,F,1995-04-20,1995-03-20,1995-05-16,NONE,MAIL,deposits. 
20931-2,20931,74,75,2,1.00,974.07,0.03,0.00,A,F,1995-03-11,1995-03-26,1995-03-25,COLLECT COD,SHIP,gular pinto beans after the blithely
20931-3,20931,1784,11,3,18.00,30344.04,0.02,0.00,A,F,1995-02-17,1995-04-06,1995-03-10,DELIVER IN PERSON,MAIL, wake carefully bli
20931-4,20931,812,79,4,15.00,25692.15,0.00,0.01,A,F,1995-04-29,1995-02-28,1995-05-16,NONE,AIR, the regular warhorses. enticin
20931-5,20931,956,57,5,33.00,61279.35,0.02,0.08,R,F,1995-03-03,1995-04-14,1995-03-21,DELIVER IN PERSON,AIR,le furiously fi
20931-6,20931,519,20,6,10.00,14195.10,0.08,0.06,R,F,1995-04-20,1995-04-19,1995-05-17,DELIVER IN PERSON,REG AIR,packages wake blithely. quickly ironic ide
20932-1,20932,528,89,1,24.00,34284.48,0.06,0.00,A,F,1992-10-06,1992-10-12,1992-10-29,COLLECT COD,SHIP, packages sleep blith
20932-2,20932,142,69,2,26.00,27095.64,0.10,0.05,R,F,1992-08-30,1992-09-23,1992-09-07,COLLECT COD,AIR,requests cajole furiou
20932-3,20932,1225,37,3,18.00,20271.96,0.04,0.05,A,F,1992-10-31,1992-09-19,1992-11-10,DELIVER IN PERSON,FOB,es wake above the quickly e
20932-4,20932,1204,16,4,25.00,27630.00,0.04,0.04,R,F,1992-10-06,1992-10-15,1992-10-19,NONE,REG AIR,efully express asymptotes. quickly iro
20932-5,20932,1219,31,5,37.00,41447.77,0.00,0.05,R,F,1992-10-23,1992-10-26,1992-10-26,NONE,FOB,ns haggle slyly fi
20932-6,20932,1448,88,6,46.00,62074.24,0.02,0.06,A,F,1992-09-25,1992-10-09,1992-10-05,DELIVER IN PERSON,MAIL, beans. final dependencies cajole slyl
20932-7,20932,761,26,7,37.00,61485.12,0.09,0.07,A,F,1992-09-27,1992-10-27,1992-10-12,TAKE BACK RETURN,AIR,e furiously across the thinly expre
20933-1,20933,164,91,1,7.00,7449.12,0.10,0.08,R,F,1992-11-04,1992-11-14,1992-11-23,DELIVER IN PERSON,RAIL,y express requests agains
20933-2,20933,943,78,2,26.00,47942.44,0.10,0.06,A,F,1992-09-25,1992-10-29,1992-10-25,COLLECT COD,RAIL,are about t
20933-3,20933,873,74,3,30.00,53216.10,0.04,0.04,R,F,1992-11-14,1992-11-03,1992-12-03,TAKE BACK RETURN,REG AIR,hely ironic requests promise
20933-4,20933,1512,93,4,35.00,49472.85,0.06,0.08,R,F,1992-11-25,1992-10-15,1992-12-04,TAKE BACK RETURN,REG AIR,ly-- furiously even instru
20933-5,20933,1018,89,5,9.00,8271.09,0.08,0.04,A,F,1992-12-15,1992-10-14,1992-12-17,DELIVER IN PERSON,REG AIR,"s haggle. even, final accoun"
20933-6,20933,382,11,6,8.00,10259.04,0.05,0.04,R,F,1992-12-22,1992-11-20,1993-01-12,TAKE BACK RETURN,AIR, dependencies after
20933-7,20933,586,77,7,31.00,46083.98,0.03,0.01,A,F,1992-10-25,1992-10-10,1992-11-10,NONE,AIR,ly express requests
20934-1,20934,561,22,1,48.00,70154.88,0.03,0.00,A,F,1993-05-13,1993-02-25,1993-05-31,DELIVER IN PERSON,FOB,ding to the packages mold car
20934-2,20934,1189,90,2,25.00,27254.50,0.03,0.07,A,F,1993-04-13,1993-02-20,1993-04-30,NONE,MAIL,pending packa
20934-3,20934,95,46,3,16.00,15921.44,0.02,0.02,R,F,1993-01-30,1993-04-06,1993-02-04,NONE,AIR,equests poach always
20934-4,20934,1194,3,4,18.00,19713.42,0.02,0.01,A,F,1993-03-11,1993-03-01,1993-03-25,DELIVER IN PERSON,AIR,. ironic platelets haggle according
20934-5,20934,16,67,5,44.00,40304.44,0.07,0.02,A,F,1993-02-26,1993-03-09,1993-03-22,DELIVER IN PERSON,SHIP,"ans nag across the instructions. daring, fi"
20935-1,20935,1993,26,1,42.00,79589.58,0.04,0.01,N,O,1996-06-29,1996-05-30,1996-07-22,NONE,RAIL, slyly even packages. carefully fina
20960-1,20960,1234,46,1,13.00,14757.99,0.03,0.01,N,O,1996-01-03,1996-02-06,1996-01-24,COLLECT COD,SHIP,nt accounts sle
20960-2,20960,193,72,2,7.00,7652.33,0.10,0.08,N,O,1996-01-05,1996-02-17,1996-01-06,DELIVER IN PERSON,RAIL,y slyly even requests. quickly regular de
20960-3,20960,1556,77,3,12.00,17490.60,0.09,0.03,N,O,1995-12-27,1996-02-16,1995-12-31,DELIVER IN PERSON,REG AIR,"ng, even depos"
20960-4,20960,167,68,4,31.00,33081.96,0.06,0.08,N,O,1996-01-11,1996-02-06,1996-01-31,COLLECT COD,MAIL,fully final instructio
20961-1,20961,1014,20,1,13.00,11895.13,0.07,0.05,A,F,1993-04-13,1993-03-11,1993-05-01,TAKE BACK RETURN,FOB,foxes are abov
20961-2,20961,36,37,2,43.00,40249.29,0.09,0.00,A,F,1993-03-11,1993-02-26,1993-03-16,NONE,SHIP,ests cajole quickly. deposits wake
20961-3,20961,898,99,3,41.00,73754.49,0.01,0.04,R,F,1993-03-19,1993-03-07,1993-03-22,COLLECT COD,RAIL,"endencies are blithely after the silent, f"
20961-4,20961,213,14,4,30.00,33396.30,0.03,0.02,A,F,1993-03-04,1993-03-10,1993-03-24,TAKE BACK RETURN,TRUCK,thely regular accounts haggle ironic depos
20961-5,20961,829,63,5,27.00,46705.14,0.04,0.08,R,F,1993-05-16,1993-04-02,1993-06-08,TAKE BACK RETURN,TRUCK,sly express
20961-6,20961,1144,45,6,31.00,32399.34,0.04,0.06,A,F,1993-02-14,1993-02-23,1993-03-13,COLLECT COD,SHIP,ly unusual dep
20961-7,20961,1816,60,7,12.00,20613.72,0.09,0.07,A,F,1993-05-15,1993-03-14,1993-05-25,TAKE BACK RETURN,REG AIR," ironic braids. unusual, pending accou"
20962-1,20962,1888,18,1,43.00,76964.84,0.08,0.07,R,F,1992-05-02,1992-05-03,1992-05-23,NONE,MAIL,ites sublate slyly whithout the requests.
20962-2,20962,1331,8,2,21.00,25878.93,0.00,0.05,R,F,1992-05-31,1992-04-11,1992-06-12,NONE,TRUCK,ual theodolites. slyly fina
20962-3,20962,1957,58,3,41.00,76216.95,0.10,0.01,A,F,1992-02-17,1992-04-19,1992-02-28,DELIVER IN PERSON,RAIL,usual requests 
20962-4,20962,112,39,4,32.00,32387.52,0.05,0.00,A,F,1992-04-09,1992-04-13,1992-04-18,COLLECT COD,RAIL,ffily final platelets. furiously regula
20962-5,20962,1472,73,5,44.00,60432.68,0.07,0.08,A,F,1992-04-07,1992-05-13,1992-04-24,COLLECT COD,RAIL,"ic packages haggle. even, fur"
20963-1,20963,1405,6,1,25.00,32660.00,0.09,0.01,A,F,1994-10-27,1994-11-30,1994-11-05,NONE,TRUCK,xes. furio
20964-1,20964,1617,18,1,24.00,36446.64,0.03,0.01,R,F,1992-07-08,1992-06-02,1992-07-17,DELIVER IN PERSON,RAIL, the close packages. regular accounts arou
20964-2,20964,428,58,2,44.00,58450.48,0.06,0.06,R,F,1992-04-03,1992-06-17,1992-04-28,COLLECT COD,RAIL,sleep. blithely iro
20964-3,20964,1860,47,3,15.00,26427.90,0.05,0.01,R,F,1992-04-10,1992-05-04,1992-05-05,TAKE BACK RETURN,RAIL,yly ironic acco
20964-4,20964,735,100,4,44.00,71972.12,0.06,0.08,A,F,1992-05-12,1992-05-04,1992-05-17,DELIVER IN PERSON,TRUCK,"hless deposits. ironic, silent f"
20964-5,20964,687,88,5,3.00,4763.04,0.06,0.02,R,F,1992-04-27,1992-06-23,1992-05-27,DELIVER IN PERSON,RAIL,"side of the regular, final"
20964-6,20964,1887,74,6,41.00,73344.08,0.04,0.04,R,F,1992-07-29,1992-04-30,1992-08-05,TAKE BACK RETURN,RAIL,unusual pinto beans. 
20964-7,20964,1086,92,7,30.00,29612.40,0.04,0.01,A,F,1992-04-21,1992-06-07,1992-05-08,TAKE BACK RETURN,AIR,urts against the blithely silen
20965-1,20965,1566,47,1,16.00,23480.96,0.09,0.02,A,F,1995-02-03,1995-02-01,1995-02-14,TAKE BACK RETURN,SHIP,s. quickly reg
20965-2,20965,833,34,2,48.00,83223.84,0.02,0.07,A,F,1994-12-30,1995-02-18,1995-01-04,COLLECT COD,AIR,s. slyly ironic dep
20965-3,20965,1921,66,3,17.00,30989.64,0.10,0.01,R,F,1994-12-26,1995-01-31,1994-12-30,NONE,AIR,fluffily express pinto beans. slyly even
20965-4,20965,114,67,4,3.00,3042.33,0.06,0.07,A,F,1995-04-18,1995-03-13,1995-05-14,TAKE BACK RETURN,TRUCK, upon the furiously e
20965-5,20965,787,20,5,26.00,43882.28,0.07,0.01,A,F,1995-03-29,1995-02-02,1995-04-15,DELIVER IN PERSON,FOB,furiously furiously ev
20966-1,20966,1166,75,1,14.00,14940.24,0.08,0.02,R,F,1993-10-17,1993-11-21,1993-10-27,COLLECT COD,FOB,ual escapades. f
20966-2,20966,1914,15,2,23.00,41765.93,0.08,0.08,R,F,1993-10-10,1993-11-21,1993-11-04,TAKE BACK RETURN,REG AIR, blithely final pinto beans. pen
20966-3,20966,785,86,3,30.00,50573.40,0.06,0.05,A,F,1993-10-31,1993-12-10,1993-11-01,DELIVER IN PERSON,FOB,lar instructions are agai
20966-4,20966,232,14,4,20.00,22644.60,0.00,0.04,A,F,1993-09-22,1993-10-29,1993-09-25,TAKE BACK RETURN,FOB,e blithely unusual saut
20966-5,20966,412,71,5,42.00,55121.22,0.01,0.01,R,F,1993-11-06,1993-11-26,1993-11-22,COLLECT COD,AIR,ptotes. sly
20967-1,20967,7,8,1,2.00,1814.00,0.01,0.05,R,F,1995-05-20,1995-05-23,1995-06-01,TAKE BACK RETURN,SHIP,leep above the carefully bold packages
20967-2,20967,750,47,2,2.00,3301.50,0.06,0.00,N,O,1995-07-09,1995-06-02,1995-07-21,COLLECT COD,TRUCK,ding deposits among th
20967-3,20967,1091,27,3,47.00,46628.23,0.10,0.04,R,F,1995-03-25,1995-06-08,1995-04-11,TAKE BACK RETURN,SHIP,he furiously bold instructions. regul
20967-4,20967,1215,16,4,30.00,33486.30,0.01,0.04,N,F,1995-06-03,1995-06-03,1995-06-25,COLLECT COD,SHIP,. carefully bold deposi
20967-5,20967,1866,96,5,29.00,51267.94,0.10,0.00,R,F,1995-04-17,1995-05-23,1995-04-22,COLLECT COD,REG AIR,egular pinto beans-- quic
20967-6,20967,1165,2,6,48.00,51175.68,0.02,0.00,N,O,1995-07-11,1995-05-23,1995-08-01,DELIVER IN PERSON,AIR,ess theodolites haggle carefully ironicall
20967-7,20967,589,80,7,27.00,40218.66,0.03,0.04,R,F,1995-04-22,1995-05-24,1995-05-16,TAKE BACK RETURN,AIR, furiously pending
20992-1,20992,297,25,1,35.00,41905.15,0.04,0.08,A,F,1992-10-06,1992-10-05,1992-10-30,TAKE BACK RETURN,MAIL,express asymp
20992-2,20992,1332,9,2,14.00,17266.62,0.06,0.07,A,F,1992-09-20,1992-09-15,1992-10-10,COLLECT COD,SHIP,"old, final acc"
20992-3,20992,70,21,3,9.00,8730.63,0.10,0.08,R,F,1992-11-28,1992-09-10,1992-12-17,TAKE BACK RETURN,FOB,e regular exc
20992-4,20992,1147,48,4,21.00,22010.94,0.10,0.08,A,F,1992-11-23,1992-09-28,1992-11-29,COLLECT COD,MAIL,kages sleep slyly according to th
20993-1,20993,538,69,1,9.00,12946.77,0.06,0.05,N,O,1996-04-05,1996-03-11,1996-04-21,COLLECT COD,SHIP,carefully regular accounts: instructions 
20993-2,20993,157,36,2,31.00,32771.65,0.01,0.04,N,O,1996-05-16,1996-02-29,1996-06-14,NONE,AIR,eful deposits. ideas use 
20994-1,20994,683,15,1,31.00,49094.08,0.07,0.05,N,O,1996-06-08,1996-06-20,1996-06-10,DELIVER IN PERSON,AIR,ously final instructions haggle furiou
20994-2,20994,1684,85,2,50.00,79284.00,0.04,0.03,N,O,1996-04-21,1996-06-25,1996-05-09,TAKE BACK RETURN,RAIL,sts haggle after the express requests.
20994-3,20994,433,92,3,42.00,56004.06,0.06,0.05,N,O,1996-04-13,1996-07-11,1996-04-14,COLLECT COD,MAIL, fluffily unusual
20995-1,20995,1297,9,1,27.00,32353.83,0.00,0.06,A,F,1992-05-23,1992-06-03,1992-06-01,COLLECT COD,REG AIR,deposits boost pending theodolit
20995-2,20995,1875,62,2,28.00,49752.36,0.07,0.02,R,F,1992-05-25,1992-06-01,1992-06-24,COLLECT COD,FOB,ly outside the quick deposits. qui
20995-3,20995,48,99,3,22.00,20856.88,0.05,0.00,A,F,1992-07-13,1992-05-16,1992-07-19,TAKE BACK RETURN,TRUCK, foxes. final excu
20995-4,20995,1264,39,4,9.00,10487.34,0.03,0.07,A,F,1992-07-22,1992-06-12,1992-07-26,NONE,MAIL,e furiously special instructions mai
20996-1,20996,1228,66,1,35.00,39522.70,0.08,0.07,N,O,1996-11-01,1996-10-31,1996-11-29,DELIVER IN PERSON,RAIL,symptotes serve slyly furiously final 
20996-2,20996,292,93,2,3.00,3576.87,0.03,0.01,N,O,1996-11-29,1996-09-30,1996-12-03,COLLECT COD,TRUCK,egular accounts. fluffi
20996-3,20996,990,59,3,4.00,7563.96,0.04,0.03,N,O,1996-11-23,1996-09-15,1996-12-14,TAKE BACK RETURN,TRUCK,nments thr
20997-1,20997,835,36,1,16.00,27773.28,0.08,0.02,N,O,1998-05-26,1998-04-08,1998-06-21,COLLECT COD,REG AIR," never! final, express accounts cajol"
20997-2,20997,683,84,2,14.00,22171.52,0.01,0.05,N,O,1998-03-27,1998-04-08,1998-04-22,NONE,MAIL, slyly bold accounts affix
20997-3,20997,1203,78,3,8.00,8833.60,0.00,0.04,N,O,1998-03-22,1998-04-10,1998-04-03,NONE,REG AIR,lyly even accounts across the final pac
20997-4,20997,1927,60,4,38.00,69498.96,0.05,0.00,N,O,1998-04-02,1998-04-10,1998-04-04,COLLECT COD,TRUCK,unts. furiously even sheaves sinc
20997-5,20997,375,32,5,12.00,15304.44,0.01,0.00,N,O,1998-07-03,1998-04-07,1998-07-31,NONE,TRUCK,al ideas are f
20997-6,20997,1727,70,6,1.00,1628.72,0.00,0.00,N,O,1998-04-08,1998-05-20,1998-05-05,DELIVER IN PERSON,RAIL,arefully regular theodolites. car
20997-7,20997,1250,62,7,3.00,3453.75,0.05,0.08,N,O,1998-05-25,1998-05-16,1998-05-27,COLLECT COD,FOB,encies. slyly ironic pains ca
20998-1,20998,380,37,1,39.00,49934.82,0.09,0.08,N,O,1997-03-06,1997-03-27,1997-03-19,COLLECT COD,TRUCK,ss platelets. slyly
20998-2,20998,410,40,2,45.00,58968.45,0.02,0.00,N,O,1997-02-23,1997-03-27,1997-03-19,TAKE BACK RETURN,REG AIR,ns haggle carefu
20998-3,20998,1572,53,3,27.00,39786.39,0.09,0.08,N,O,1997-02-18,1997-04-12,1997-02-20,TAKE BACK RETURN,REG AIR, deposits. carefully regular r
20998-4,20998,1972,61,4,36.00,67462.92,0.00,0.06,N,O,1997-03-31,1997-03-28,1997-04-22,NONE,RAIL,ccounts. car
20998-5,20998,1128,29,5,26.00,26757.12,0.05,0.08,N,O,1997-03-14,1997-03-04,1997-04-07,NONE,RAIL,ns use across the slyly
20998-6,20998,1868,69,6,23.00,40706.78,0.03,0.02,N,O,1997-03-30,1997-04-23,1997-04-20,NONE,FOB,uses-- even 
20998-7,20998,1840,41,7,8.00,13934.72,0.01,0.04,N,O,1997-02-22,1997-04-25,1997-03-10,COLLECT COD,RAIL,ual pinto beans cajole alongside of 
20999-1,20999,1761,46,1,4.00,6651.04,0.07,0.06,N,O,1997-07-23,1997-07-14,1997-08-16,TAKE BACK RETURN,AIR,even packages nag furiously alon
20999-2,20999,1373,12,2,20.00,25487.40,0.04,0.00,N,O,1997-05-31,1997-06-23,1997-06-23,TAKE BACK RETURN,TRUCK,kly ironic packag
20999-3,20999,13,64,3,8.00,7304.08,0.04,0.02,N,O,1997-06-10,1997-06-03,1997-06-12,DELIVER IN PERSON,REG AIR,s detect slyly regula
20999-4,20999,1276,14,4,50.00,58863.50,0.07,0.03,N,O,1997-07-13,1997-07-20,1997-07-26,DELIVER IN PERSON,SHIP,thely slyly ironic
20999-5,20999,839,39,5,2.00,3479.66,0.06,0.02,N,O,1997-08-07,1997-06-03,1997-08-24,DELIVER IN PERSON,AIR,hely regular ex
20999-6,20999,314,43,6,10.00,12143.10,0.02,0.03,N,O,1997-05-23,1997-06-19,1997-06-01,NONE,AIR,according to the carefully iro
21024-1,21024,1092,63,1,10.00,9930.90,0.10,0.03,A,F,1994-03-17,1994-03-16,1994-03-20,DELIVER IN PERSON,FOB,nst the furious
21024-2,21024,878,78,2,16.00,28461.92,0.03,0.01,A,F,1994-03-31,1994-03-16,1994-04-13,TAKE BACK RETURN,RAIL,ending ideas. slyl
21024-3,21024,1386,63,3,26.00,33471.88,0.02,0.07,A,F,1994-04-29,1994-01-30,1994-05-16,COLLECT COD,AIR,ons. fluffily ironi
21025-1,21025,1382,59,1,14.00,17967.32,0.05,0.04,R,F,1993-10-22,1993-11-05,1993-11-01,TAKE BACK RETURN,FOB,r requests are qu
21025-2,21025,948,83,2,12.00,22187.28,0.09,0.05,A,F,1993-12-31,1993-11-11,1994-01-05,NONE,REG AIR,symptotes. quickly final account
21025-3,21025,1331,32,3,31.00,38202.23,0.04,0.00,R,F,1993-10-25,1993-11-25,1993-11-20,DELIVER IN PERSON,FOB,xes detect furiously aro
21025-4,21025,1261,99,4,5.00,5811.30,0.06,0.05,R,F,1993-10-22,1993-11-19,1993-10-24,COLLECT COD,REG AIR,lent instructions. slyl
21026-1,21026,1957,2,1,43.00,79934.85,0.00,0.02,N,O,1996-09-13,1996-11-03,1996-10-09,NONE,AIR, regular waters. 
21026-2,21026,1736,37,2,40.00,65509.20,0.10,0.04,N,O,1996-09-25,1996-10-16,1996-10-14,TAKE BACK RETURN,SHIP,nic accounts.
21027-1,21027,1638,62,1,49.00,75441.87,0.05,0.01,R,F,1993-04-10,1993-03-18,1993-04-28,TAKE BACK RETURN,FOB,equests. blithely special packag
21027-2,21027,1357,34,2,16.00,20133.60,0.04,0.00,R,F,1993-02-26,1993-03-23,1993-03-10,DELIVER IN PERSON,SHIP,urts according to the thinly pe
21027-3,21027,185,12,3,24.00,26044.32,0.08,0.00,A,F,1993-03-14,1993-03-01,1993-04-10,NONE,REG AIR,equests. carefully
21027-4,21027,1550,31,4,43.00,62416.65,0.10,0.07,A,F,1993-03-03,1993-04-04,1993-03-24,TAKE BACK RETURN,TRUCK,ans about the slyly regular packages are 
21027-5,21027,1952,97,5,8.00,14831.60,0.00,0.01,A,F,1993-04-03,1993-03-13,1993-04-23,COLLECT COD,AIR,thily final platelets 
21027-6,21027,562,93,6,27.00,39489.12,0.04,0.07,R,F,1993-03-10,1993-03-19,1993-03-20,COLLECT COD,MAIL,efully. regular courts boost furiously p
21028-1,21028,822,56,1,11.00,18951.02,0.03,0.04,A,F,1992-08-29,1992-08-08,1992-08-30,COLLECT COD,TRUCK,s use blithely requests. furiously even
21028-2,21028,679,42,2,44.00,69505.48,0.08,0.02,A,F,1992-09-29,1992-07-08,1992-10-10,COLLECT COD,REG AIR,heodolites cajole
21029-1,21029,976,77,1,29.00,54432.13,0.07,0.05,N,O,1996-05-20,1996-06-03,1996-05-26,COLLECT COD,REG AIR,e unusual theodolites. furiously fi
21030-1,21030,500,88,1,45.00,63022.50,0.05,0.00,R,F,1992-06-08,1992-07-14,1992-06-22,DELIVER IN PERSON,RAIL,he furiously ironic re
21030-2,21030,895,29,2,14.00,25142.46,0.08,0.07,A,F,1992-05-04,1992-06-05,1992-05-28,TAKE BACK RETURN,SHIP,kages. slyly pending ex
21030-3,21030,1729,30,3,1.00,1630.72,0.02,0.05,R,F,1992-08-07,1992-06-23,1992-08-15,TAKE BACK RETURN,FOB,l requests. blithely final dependencie
21030-4,21030,605,37,4,18.00,27100.80,0.06,0.08,R,F,1992-07-08,1992-06-07,1992-07-22,DELIVER IN PERSON,RAIL,deas. carefully final somas wake
21030-5,21030,1330,31,5,31.00,38171.23,0.07,0.08,A,F,1992-07-13,1992-06-30,1992-07-15,COLLECT COD,SHIP,ing ideas. furiously final t
21031-1,21031,1169,78,1,41.00,43876.56,0.07,0.01,N,O,1995-10-12,1995-09-20,1995-11-05,COLLECT COD,SHIP,"ains are special, b"
21031-2,21031,1356,95,2,2.00,2514.70,0.02,0.01,N,O,1995-09-02,1995-11-02,1995-09-19,TAKE BACK RETURN,RAIL,he quickly daring deposits. hock
21056-1,21056,1806,93,1,23.00,39279.40,0.04,0.08,A,F,1993-01-14,1992-12-22,1993-01-25,TAKE BACK RETURN,FOB, final accoun
21056-2,21056,272,100,2,33.00,38684.91,0.02,0.03,R,F,1992-12-16,1992-12-22,1993-01-12,NONE,MAIL,. ideas unwind furiously slyly pending pat
21057-1,21057,1158,95,1,16.00,16946.40,0.01,0.06,R,F,1995-04-12,1995-03-23,1995-05-03,COLLECT COD,AIR,ys ironic packages
21057-2,21057,1974,7,2,6.00,11255.82,0.03,0.00,A,F,1995-02-23,1995-03-28,1995-03-13,NONE,RAIL,se permanently after t
21057-3,21057,458,88,3,30.00,40753.50,0.03,0.06,A,F,1995-02-11,1995-04-03,1995-03-07,NONE,SHIP,carefully abov
21057-4,21057,1294,6,4,5.00,5976.45,0.08,0.03,R,F,1995-03-30,1995-05-03,1995-03-31,NONE,TRUCK,eep furiously against the exp
21057-5,21057,29,55,5,19.00,17651.38,0.08,0.05,R,F,1995-05-19,1995-04-08,1995-06-05,TAKE BACK RETURN,REG AIR,heaves. regular
21057-6,21057,1045,16,6,48.00,45409.92,0.05,0.06,A,F,1995-04-29,1995-05-03,1995-05-22,DELIVER IN PERSON,AIR,nts run even ideas. slyly pendin
21057-7,21057,925,26,7,2.00,3651.84,0.09,0.03,R,F,1995-03-08,1995-04-27,1995-03-31,TAKE BACK RETURN,AIR,s sleep across the accounts.
21058-1,21058,1257,58,1,23.00,26639.75,0.04,0.06,R,F,1992-10-29,1992-12-05,1992-11-18,DELIVER IN PERSON,RAIL,excuses after the
21058-2,21058,463,22,2,24.00,32723.04,0.04,0.01,A,F,1992-11-24,1992-11-13,1992-12-12,DELIVER IN PERSON,RAIL,rthogs are fluffil
21059-1,21059,204,5,1,40.00,44168.00,0.09,0.05,R,F,1993-01-09,1992-12-13,1993-02-01,TAKE BACK RETURN,FOB,efully ironic excuses.
21060-1,21060,1237,49,1,43.00,48943.89,0.00,0.03,N,O,1998-06-26,1998-07-05,1998-07-14,TAKE BACK RETURN,MAIL,oxes; slyly 
21060-2,21060,343,44,2,6.00,7460.04,0.00,0.07,N,O,1998-08-15,1998-08-02,1998-08-26,COLLECT COD,REG AIR,. blithely final
21060-3,21060,824,25,3,4.00,6899.28,0.07,0.03,N,O,1998-08-22,1998-08-03,1998-09-15,NONE,AIR,pitaphs. enticingly un
21060-4,21060,846,13,4,34.00,59392.56,0.02,0.05,N,O,1998-07-20,1998-07-23,1998-08-03,NONE,MAIL,nusual requests kindle. special pac
21061-1,21061,1381,20,1,37.00,47448.06,0.03,0.06,R,F,1995-04-22,1995-03-12,1995-05-22,DELIVER IN PERSON,FOB,olites. accounts are quickly regular 
21061-2,21061,1816,46,2,3.00,5153.43,0.09,0.06,A,F,1995-01-10,1995-01-23,1995-01-13,COLLECT COD,TRUCK, deposits 
21062-1,21062,1684,67,1,39.00,61841.52,0.04,0.02,N,O,1998-02-11,1997-11-28,1998-02-26,DELIVER IN PERSON,REG AIR,ccounts are fluffily dogged
21062-2,21062,489,19,2,50.00,69474.00,0.08,0.04,N,O,1998-02-01,1997-12-14,1998-02-09,TAKE BACK RETURN,SHIP,press accounts. grouches integr
21062-3,21062,1503,84,3,10.00,14045.00,0.00,0.00,N,O,1997-12-10,1997-12-15,1998-01-06,NONE,REG AIR,quickly slyly pending forges. carefully f
21062-4,21062,1991,24,4,15.00,28394.85,0.04,0.05,N,O,1997-12-06,1997-11-15,1998-01-01,TAKE BACK RETURN,FOB, the unusual accounts 
21062-5,21062,1120,29,5,14.00,14295.68,0.10,0.06,N,O,1997-11-22,1997-12-06,1997-11-26,DELIVER IN PERSON,TRUCK,s wake even in
21062-6,21062,726,27,6,32.00,52055.04,0.08,0.02,N,O,1998-01-15,1997-12-03,1998-01-24,NONE,RAIL, quickly bo
21062-7,21062,1622,46,7,14.00,21330.68,0.06,0.05,N,O,1997-11-04,1997-12-05,1997-11-07,TAKE BACK RETURN,SHIP, the furiously fi
21063-1,21063,1233,8,1,37.00,41966.51,0.09,0.05,N,O,1995-08-15,1995-05-22,1995-08-28,NONE,MAIL,ully express 
21063-2,21063,663,95,2,38.00,59419.08,0.00,0.02,R,F,1995-05-07,1995-06-30,1995-05-25,TAKE BACK RETURN,TRUCK,lar requests. slyly bold requests
21088-1,21088,1303,18,1,18.00,21677.40,0.10,0.02,N,O,1997-05-10,1997-05-02,1997-05-14,COLLECT COD,REG AIR,ggle furiously reques
21088-2,21088,415,45,2,41.00,53931.81,0.01,0.05,N,O,1997-03-11,1997-05-17,1997-03-26,TAKE BACK RETURN,REG AIR,ress packages h
21089-1,21089,903,72,1,28.00,50509.20,0.10,0.05,N,O,1995-11-26,1995-09-14,1995-12-10,NONE,MAIL,nag. carefully regular requests 
21089-2,21089,1738,23,2,3.00,4919.19,0.10,0.01,N,O,1995-10-12,1995-10-03,1995-10-13,NONE,MAIL,s. slyly special ins
21089-3,21089,1061,32,3,7.00,6734.42,0.08,0.07,N,O,1995-10-16,1995-09-08,1995-11-07,TAKE BACK RETURN,AIR,longside o
21089-4,21089,1874,4,4,35.00,62155.45,0.07,0.04,N,O,1995-10-08,1995-09-02,1995-11-02,NONE,FOB," quietly regular, even deposits. ca"
21089-5,21089,1821,22,5,43.00,74081.26,0.07,0.03,N,O,1995-10-01,1995-09-08,1995-10-31,DELIVER IN PERSON,RAIL,ithely express foxes. blithely 
21089-6,21089,161,88,6,50.00,53058.00,0.05,0.07,N,O,1995-09-12,1995-09-21,1995-09-25,COLLECT COD,RAIL,otes. blithely express accounts cajole 
21090-1,21090,1756,99,1,19.00,31497.25,0.08,0.06,A,F,1992-08-29,1992-06-24,1992-08-30,TAKE BACK RETURN,MAIL,tain along the blithely iro
21090-2,21090,1315,16,2,15.00,18244.65,0.09,0.05,R,F,1992-07-21,1992-06-26,1992-08-12,COLLECT COD,SHIP,ng to the slyly expre
21090-3,21090,362,63,3,48.00,60593.28,0.07,0.01,A,F,1992-07-09,1992-07-09,1992-07-15,COLLECT COD,RAIL,oxes. fluffily special accounts impress acr
21090-4,21090,1315,54,4,44.00,53517.64,0.07,0.07,A,F,1992-05-22,1992-06-15,1992-05-26,NONE,AIR,ependencies are slowly carefully regular ti
21091-1,21091,1782,67,1,7.00,11786.46,0.03,0.03,R,F,1995-04-04,1995-03-06,1995-04-25,COLLECT COD,SHIP,ward the quickly
21091-2,21091,1198,71,2,12.00,13190.28,0.07,0.03,A,F,1995-02-08,1995-02-18,1995-02-19,COLLECT COD,REG AIR,erve slyly
21091-3,21091,1938,83,3,20.00,36798.60,0.00,0.01,R,F,1994-12-22,1995-03-08,1994-12-25,COLLECT COD,RAIL," against the pending, spe"
21091-4,21091,1350,51,4,43.00,53808.05,0.02,0.02,A,F,1995-01-23,1995-02-22,1995-02-05,COLLECT COD,AIR,ely pending deposits sleep regularly expr
21092-1,21092,719,52,1,46.00,74506.66,0.01,0.06,N,O,1997-04-01,1997-04-02,1997-04-03,DELIVER IN PERSON,AIR,even accounts cajole
21092-2,21092,1044,45,2,5.00,4725.20,0.03,0.04,N,O,1997-02-13,1997-03-08,1997-02-15,NONE,FOB,inal packages cajole f
21092-3,21092,906,75,3,25.00,45172.50,0.07,0.05,N,O,1997-04-17,1997-03-21,1997-05-07,DELIVER IN PERSON,REG AIR, pinto beans are. thin accounts aga
21092-4,21092,1677,19,4,22.00,34730.74,0.01,0.06,N,O,1997-04-06,1997-03-01,1997-04-30,NONE,MAIL,impress among the slyly unusual foxes. ev
21093-1,21093,464,65,1,49.00,66858.54,0.05,0.07,A,F,1994-05-28,1994-03-31,1994-06-13,COLLECT COD,TRUCK,luffily. theodolites wak
21093-2,21093,1753,54,2,8.00,13238.00,0.10,0.00,R,F,1994-04-20,1994-05-12,1994-05-12,COLLECT COD,REG AIR,"le quickly silent asymptotes. blithe, even"
21094-1,21094,1993,38,1,25.00,47374.75,0.00,0.07,A,F,1994-08-13,1994-09-21,1994-08-18,COLLECT COD,FOB,"ronic, furiou"
21094-2,21094,298,80,2,24.00,28758.96,0.10,0.05,R,F,1994-09-18,1994-08-21,1994-10-09,COLLECT COD,TRUCK,nts haggle expre
21095-1,21095,545,6,1,2.00,2891.08,0.01,0.06,R,F,1994-02-24,1994-04-21,1994-02-25,NONE,SHIP,"s wake even, special courts. slyly "
21095-2,21095,588,49,2,19.00,28283.02,0.06,0.08,R,F,1994-05-27,1994-03-20,1994-06-10,COLLECT COD,FOB,bold instructio
21095-3,21095,15,91,3,45.00,41175.45,0.07,0.08,R,F,1994-04-30,1994-04-03,1994-05-03,TAKE BACK RETURN,MAIL,to beans cajo
21095-4,21095,1569,50,4,44.00,64704.64,0.06,0.04,R,F,1994-03-11,1994-05-09,1994-03-15,TAKE BACK RETURN,FOB, accounts. furiousl
21095-5,21095,1135,36,5,34.00,35228.42,0.07,0.07,A,F,1994-03-16,1994-04-30,1994-04-08,DELIVER IN PERSON,SHIP,ess ideas. furiously unusual deposits use 
21095-6,21095,521,12,6,41.00,58282.32,0.03,0.03,R,F,1994-04-21,1994-04-18,1994-04-27,COLLECT COD,SHIP,"eans are carefully. special, bl"
21120-1,21120,351,52,1,10.00,12513.50,0.04,0.00,R,F,1993-04-16,1993-05-20,1993-05-02,COLLECT COD,MAIL,deas cajole carefull
21120-2,21120,1872,73,2,9.00,15964.83,0.07,0.01,A,F,1993-05-30,1993-05-14,1993-06-22,NONE,AIR, deposits! final requests about the regul
21120-3,21120,87,38,3,26.00,25664.08,0.03,0.03,R,F,1993-04-26,1993-06-06,1993-05-07,DELIVER IN PERSON,TRUCK,"d, express requests? blithely special depo"
21120-4,21120,643,75,4,10.00,15436.40,0.02,0.00,A,F,1993-05-10,1993-04-16,1993-06-04,COLLECT COD,FOB,iously special ideas boost slyly 
21120-5,21120,198,77,5,46.00,50516.74,0.01,0.08,A,F,1993-04-19,1993-05-05,1993-05-10,COLLECT COD,SHIP, special foxes. pa
21121-1,21121,63,14,1,2.00,1926.12,0.10,0.01,A,F,1994-12-21,1994-12-11,1995-01-16,NONE,SHIP,g pinto beans in
21121-2,21121,1805,35,2,3.00,5120.40,0.00,0.04,A,F,1994-12-23,1994-10-21,1994-12-30,NONE,MAIL, quickly ironic p
21122-1,21122,1568,9,1,23.00,33799.88,0.00,0.02,N,O,1997-04-14,1997-05-01,1997-05-10,TAKE BACK RETURN,MAIL,ress deposits. regular pinto be
21122-2,21122,1501,22,2,16.00,22440.00,0.07,0.06,N,O,1997-04-17,1997-05-05,1997-05-16,COLLECT COD,REG AIR,", unusual requests haggle furiously spe"
21122-3,21122,1961,50,3,21.00,39122.16,0.08,0.02,N,O,1997-04-26,1997-04-09,1997-05-22,DELIVER IN PERSON,MAIL,iously silent deposits x-ray slyly qui
21122-4,21122,120,21,4,27.00,27543.24,0.07,0.07,N,O,1997-02-17,1997-05-07,1997-03-11,TAKE BACK RETURN,REG AIR,ng the closely ironic dependencies. 
21122-5,21122,582,43,5,10.00,14825.80,0.08,0.06,N,O,1997-04-09,1997-03-25,1997-04-14,DELIVER IN PERSON,RAIL,ily accord
21122-6,21122,125,26,6,26.00,26653.12,0.03,0.07,N,O,1997-03-28,1997-04-29,1997-04-22,NONE,AIR,posits wake bli
21123-1,21123,541,32,1,23.00,33155.42,0.09,0.00,N,O,1998-11-16,1998-08-27,1998-11-23,TAKE BACK RETURN,TRUCK,nal requests wake carefully about the fu
21123-2,21123,883,17,2,16.00,28542.08,0.03,0.03,N,O,1998-09-26,1998-09-18,1998-10-23,COLLECT COD,SHIP,around the carefully stealthy excuses.
21123-3,21123,1795,80,3,32.00,54297.28,0.05,0.08,N,O,1998-09-23,1998-08-29,1998-10-22,TAKE BACK RETURN,TRUCK,equests would hinder slyly ca
21123-4,21123,1746,73,4,50.00,82387.00,0.03,0.00,N,O,1998-09-25,1998-09-23,1998-10-07,DELIVER IN PERSON,SHIP,ilent requests against t
21123-5,21123,912,13,5,19.00,34445.29,0.01,0.01,N,O,1998-10-18,1998-08-22,1998-11-08,COLLECT COD,REG AIR,deposits. regular requests are 
21123-6,21123,1828,72,6,26.00,44975.32,0.08,0.03,N,O,1998-11-14,1998-09-22,1998-11-29,DELIVER IN PERSON,AIR,ges above the final 
21123-7,21123,993,28,7,6.00,11363.94,0.01,0.06,N,O,1998-10-26,1998-09-01,1998-11-12,NONE,REG AIR, to the packages! carefully i
21124-1,21124,941,44,1,44.00,81045.36,0.05,0.03,N,O,1996-09-19,1996-11-17,1996-09-30,NONE,AIR,grow about 
21124-2,21124,726,91,2,16.00,26027.52,0.06,0.00,N,O,1996-09-20,1996-10-19,1996-10-09,DELIVER IN PERSON,FOB,refully per
21124-3,21124,1857,44,3,22.00,38694.70,0.09,0.02,N,O,1996-10-19,1996-11-12,1996-11-08,NONE,MAIL,"ial deposits. enticing, dogged foxes"
21124-4,21124,885,85,4,45.00,80364.60,0.07,0.02,N,O,1996-09-21,1996-10-22,1996-10-09,COLLECT COD,FOB, wake quickly alongside of 
21125-1,21125,327,56,1,32.00,39274.24,0.05,0.08,A,F,1995-05-31,1995-04-28,1995-06-12,COLLECT COD,TRUCK,slyly furiously even packages. final 
21125-2,21125,400,29,2,8.00,10403.20,0.01,0.08,R,F,1995-05-17,1995-04-26,1995-05-28,COLLECT COD,MAIL, across the furiously regular de
21125-3,21125,1063,34,3,8.00,7712.48,0.10,0.03,A,F,1995-03-16,1995-03-31,1995-04-08,DELIVER IN PERSON,AIR,endencies 
21125-4,21125,1999,44,4,1.00,1900.99,0.06,0.07,A,F,1995-05-02,1995-05-28,1995-05-21,COLLECT COD,SHIP, blithely even deposits hagg
21126-1,21126,663,64,1,48.00,75055.68,0.10,0.03,R,F,1992-04-04,1992-05-30,1992-04-22,NONE,TRUCK,iously regular orbits affix
21126-2,21126,203,31,2,21.00,23167.20,0.08,0.03,R,F,1992-05-24,1992-05-21,1992-06-07,COLLECT COD,RAIL,s. ironic pinto beans sleep. fur
21126-3,21126,1102,3,3,6.00,6018.60,0.07,0.08,R,F,1992-05-02,1992-05-01,1992-05-09,COLLECT COD,TRUCK,ross the ac
21127-1,21127,1555,56,1,47.00,68457.85,0.00,0.06,R,F,1993-12-13,1993-10-29,1994-01-10,COLLECT COD,TRUCK,ar platele
21127-2,21127,200,27,2,47.00,51709.40,0.10,0.00,A,F,1993-10-02,1993-10-27,1993-10-15,DELIVER IN PERSON,REG AIR,d the asymptotes boost at t
21127-3,21127,1504,5,3,38.00,53409.00,0.09,0.08,R,F,1993-10-13,1993-12-21,1993-11-06,DELIVER IN PERSON,RAIL,ages haggle slyly quickly bold theodolit
21152-1,21152,627,90,1,34.00,51939.08,0.03,0.07,N,O,1998-02-15,1997-12-13,1998-03-13,DELIVER IN PERSON,TRUCK,arefully ac
21152-2,21152,165,92,2,24.00,25563.84,0.05,0.07,N,O,1997-12-30,1997-11-25,1998-01-20,DELIVER IN PERSON,AIR,thlessly express accounts caj
21152-3,21152,1419,59,3,48.00,63379.68,0.00,0.01,N,O,1998-02-07,1997-11-24,1998-03-01,TAKE BACK RETURN,RAIL,usly ironic pinto beans was.
21152-4,21152,244,72,4,23.00,26317.52,0.03,0.02,N,O,1997-11-26,1997-11-26,1997-12-14,NONE,TRUCK,ests are quickly ca
21152-5,21152,335,36,5,48.00,59295.84,0.09,0.05,N,O,1997-12-16,1998-01-10,1998-01-06,DELIVER IN PERSON,MAIL,egular theod
21152-6,21152,170,97,6,38.00,40666.46,0.06,0.05,N,O,1998-01-18,1998-01-01,1998-02-15,NONE,SHIP,nst the eve
21153-1,21153,616,79,1,38.00,57631.18,0.10,0.06,A,F,1994-01-26,1994-03-04,1994-02-21,TAKE BACK RETURN,SHIP,e carefully slow accounts. quickly unusu
21153-2,21153,191,44,2,16.00,17459.04,0.07,0.01,A,F,1994-03-06,1994-03-04,1994-04-05,TAKE BACK RETURN,MAIL,jole furiously! carefu
21153-3,21153,785,82,3,4.00,6743.12,0.05,0.05,R,F,1994-02-01,1994-02-18,1994-02-15,COLLECT COD,RAIL,leep slyly after 
21153-4,21153,1090,91,4,14.00,13875.26,0.05,0.02,A,F,1994-02-17,1994-04-09,1994-03-11,TAKE BACK RETURN,FOB,r slyly alongsi
21153-5,21153,659,53,5,40.00,62386.00,0.00,0.08,A,F,1994-05-11,1994-03-21,1994-06-05,NONE,SHIP,"olites. even, s"
21153-6,21153,424,12,6,35.00,46354.70,0.00,0.06,R,F,1994-03-05,1994-03-07,1994-03-16,COLLECT COD,SHIP,unts. pending deposits integrate
21153-7,21153,1540,21,7,41.00,59103.14,0.10,0.02,A,F,1994-04-14,1994-03-30,1994-05-08,NONE,RAIL,ermanently final depos
21154-1,21154,1036,7,1,6.00,5622.18,0.02,0.02,R,F,1993-08-26,1993-09-24,1993-09-17,NONE,REG AIR,y according to the fluffily ruthl
21154-2,21154,655,87,2,10.00,15556.50,0.10,0.08,R,F,1993-10-01,1993-10-06,1993-10-30,NONE,RAIL,osits nag blithely. quickly final pa
21154-3,21154,1328,29,3,5.00,6146.60,0.03,0.08,A,F,1993-11-04,1993-11-12,1993-11-10,NONE,FOB,lets nag quietly along the gi
21155-1,21155,1566,7,1,44.00,64572.64,0.07,0.03,R,F,1995-05-13,1995-03-11,1995-06-06,NONE,REG AIR,carefully about the bold instruct
21155-2,21155,1400,39,2,33.00,42946.20,0.10,0.02,A,F,1995-03-13,1995-04-04,1995-03-31,COLLECT COD,FOB,kages nag blithely blithe depen
21155-3,21155,940,9,3,1.00,1840.94,0.06,0.01,R,F,1995-04-07,1995-04-18,1995-04-21,TAKE BACK RETURN,FOB,beans. furiously ironic a
21155-4,21155,1096,2,4,47.00,46863.23,0.03,0.08,N,F,1995-05-31,1995-04-08,1995-06-27,COLLECT COD,REG AIR,sly final dependencies after the carefu
21156-1,21156,514,75,1,42.00,59409.42,0.05,0.05,N,O,1997-08-04,1997-06-27,1997-08-23,DELIVER IN PERSON,SHIP,"are carefully ironic deposits. regular, e"
21156-2,21156,728,29,2,48.00,78178.56,0.10,0.06,N,O,1997-05-02,1997-07-10,1997-05-22,NONE,SHIP,he dugouts. sometimes ironic deposi
21156-3,21156,866,100,3,11.00,19435.46,0.10,0.05,N,O,1997-08-02,1997-05-15,1997-08-31,TAKE BACK RETURN,MAIL,r orbits boos
21156-4,21156,169,70,4,23.00,24590.68,0.10,0.00,N,O,1997-06-05,1997-06-20,1997-07-03,DELIVER IN PERSON,AIR,"eposits. special, silent "
21156-5,21156,700,32,5,39.00,62427.30,0.06,0.03,N,O,1997-05-05,1997-07-02,1997-05-29,COLLECT COD,TRUCK,yly ironic dino
21156-6,21156,1730,73,6,27.00,44056.71,0.09,0.02,N,O,1997-06-19,1997-05-24,1997-07-11,TAKE BACK RETURN,REG AIR,al packages. even as
21156-7,21156,1064,35,7,6.00,5790.36,0.08,0.05,N,O,1997-05-20,1997-06-05,1997-06-02,TAKE BACK RETURN,AIR, final platelets. slyly final foxes hagg
21157-1,21157,1996,29,1,24.00,45551.76,0.06,0.00,N,O,1996-02-18,1996-04-07,1996-03-13,COLLECT COD,AIR,terns above the pinto beans pri
21157-2,21157,869,69,2,28.00,49556.08,0.07,0.05,N,O,1996-05-23,1996-05-05,1996-06-14,COLLECT COD,RAIL,lyly stealthy requests along the slyly sil
21157-3,21157,217,18,3,31.00,34633.51,0.07,0.08,N,O,1996-02-09,1996-03-24,1996-02-17,TAKE BACK RETURN,RAIL,cial frays cajole carefully fl
21157-4,21157,1223,24,4,7.00,7869.54,0.00,0.08,N,O,1996-04-26,1996-04-01,1996-05-01,DELIVER IN PERSON,REG AIR,atelets wake 
21157-5,21157,1430,31,5,4.00,5325.72,0.04,0.07,N,O,1996-04-04,1996-04-21,1996-04-24,NONE,TRUCK, can impress furiously fluffily bold d
21157-6,21157,1194,31,6,35.00,38331.65,0.03,0.02,N,O,1996-05-09,1996-04-22,1996-05-18,NONE,AIR,accounts affix carefully a
21158-1,21158,1971,60,1,18.00,33713.46,0.06,0.05,N,O,1997-01-02,1996-12-27,1997-01-03,NONE,RAIL,leep despite the unusual ideas.
21159-1,21159,581,72,1,24.00,35557.92,0.06,0.06,N,O,1995-08-15,1995-08-09,1995-09-11,COLLECT COD,RAIL,ngside of the slyly 
21159-2,21159,159,86,2,43.00,45543.45,0.09,0.05,N,O,1995-09-10,1995-08-11,1995-09-19,TAKE BACK RETURN,TRUCK,oss the boldly
21159-3,21159,1913,58,3,40.00,72596.40,0.00,0.03,N,O,1995-08-03,1995-08-09,1995-08-27,DELIVER IN PERSON,MAIL," regular, regular instructio"
21159-4,21159,26,77,4,50.00,46301.00,0.02,0.05,N,O,1995-07-04,1995-08-27,1995-07-28,TAKE BACK RETURN,REG AIR,affix permanently expre
21184-1,21184,1622,5,1,26.00,39614.12,0.05,0.00,N,O,1998-10-27,1998-09-17,1998-11-23,COLLECT COD,MAIL,es are furiously. deposits agains
21184-2,21184,1032,38,2,11.00,10263.33,0.01,0.02,N,O,1998-08-09,1998-09-18,1998-09-02,TAKE BACK RETURN,SHIP,slyly even packag
21184-3,21184,1179,52,3,18.00,19443.06,0.03,0.04,N,O,1998-08-26,1998-10-08,1998-09-18,NONE,MAIL,"lar, final accounts wake. slyly care"
21184-4,21184,1023,29,4,6.00,5544.12,0.05,0.00,N,O,1998-11-09,1998-10-04,1998-11-23,COLLECT COD,MAIL,ffily along the furiously even pinto be
21185-1,21185,1449,28,1,39.00,52667.16,0.03,0.01,N,O,1997-04-03,1997-04-09,1997-04-09,NONE,MAIL, the deposits. theodolites ac
21185-2,21185,723,56,2,13.00,21108.36,0.01,0.04,N,O,1997-02-08,1997-03-27,1997-03-07,TAKE BACK RETURN,TRUCK,s? carefully ironic requests may sleep a
21186-1,21186,1065,1,1,10.00,9660.60,0.05,0.01,A,F,1992-06-24,1992-08-09,1992-07-18,DELIVER IN PERSON,SHIP, haggle furiously ca
21186-2,21186,698,30,2,17.00,27177.73,0.07,0.03,A,F,1992-07-20,1992-06-27,1992-07-24,DELIVER IN PERSON,AIR,ing pinto beans. ca
21186-3,21186,674,37,3,46.00,72434.82,0.03,0.02,A,F,1992-08-05,1992-07-10,1992-08-07,TAKE BACK RETURN,AIR,"cajole ironic, permanent instructions. "
21187-1,21187,618,19,1,13.00,19741.93,0.09,0.00,N,O,1997-01-19,1996-11-23,1997-02-18,TAKE BACK RETURN,REG AIR,y bold pinto beans n
21187-2,21187,164,91,2,50.00,53208.00,0.08,0.07,N,O,1997-01-04,1996-12-05,1997-02-01,DELIVER IN PERSON,TRUCK,slyly express for
21187-3,21187,653,85,3,29.00,45055.85,0.03,0.04,N,O,1997-01-22,1996-12-03,1997-01-23,COLLECT COD,AIR,gle carefully after the quickly exp
21187-4,21187,51,52,4,3.00,2853.15,0.06,0.00,N,O,1997-01-18,1996-10-26,1997-02-17,DELIVER IN PERSON,RAIL,dazzle careful
21187-5,21187,928,63,5,12.00,21947.04,0.07,0.07,N,O,1996-12-11,1996-12-18,1997-01-04,TAKE BACK RETURN,TRUCK, always enticing id
21187-6,21187,1941,74,6,16.00,29487.04,0.10,0.05,N,O,1996-12-04,1996-11-06,1996-12-30,COLLECT COD,AIR,c excuses integra
21188-1,21188,375,4,1,3.00,3826.11,0.05,0.08,N,O,1996-01-03,1995-12-14,1996-01-21,COLLECT COD,AIR,ts cajole quick
21188-2,21188,1328,29,2,7.00,8605.24,0.06,0.03,N,O,1995-10-08,1995-11-01,1995-10-12,TAKE BACK RETURN,AIR,sits use carefull
21188-3,21188,87,88,3,45.00,44418.60,0.10,0.06,N,O,1996-01-12,1995-11-20,1996-01-24,NONE,FOB,ackages boo
21188-4,21188,1716,17,4,9.00,14559.39,0.05,0.05,N,O,1995-10-29,1995-11-18,1995-11-10,NONE,AIR,"the express, i"
21188-5,21188,1442,60,5,19.00,25525.36,0.03,0.06,N,O,1996-01-18,1995-11-26,1996-01-23,TAKE BACK RETURN,MAIL,ngside of the r
21189-1,21189,1259,34,1,19.00,22044.75,0.03,0.03,N,O,1996-06-14,1996-03-27,1996-06-16,TAKE BACK RETURN,FOB,"as sleep. special, regular depe"
21189-2,21189,586,17,2,37.00,55003.46,0.01,0.07,N,O,1996-02-25,1996-05-02,1996-03-11,NONE,TRUCK,iously even dolphins. requests acc
21189-3,21189,661,93,3,34.00,53096.44,0.00,0.03,N,O,1996-05-08,1996-04-03,1996-06-07,TAKE BACK RETURN,SHIP,ths hang furiously along the q
21189-4,21189,1757,100,4,21.00,34833.75,0.10,0.01,N,O,1996-05-08,1996-03-29,1996-05-13,TAKE BACK RETURN,RAIL,inos. slyly r
21189-5,21189,809,9,5,29.00,49584.20,0.10,0.02,N,O,1996-02-17,1996-04-21,1996-02-25,COLLECT COD,RAIL,ccounts. blithely i
21190-1,21190,388,17,1,32.00,41228.16,0.10,0.03,R,F,1994-07-02,1994-08-21,1994-07-14,DELIVER IN PERSON,TRUCK,ess accounts. 
21190-2,21190,361,18,2,26.00,32795.36,0.01,0.04,A,F,1994-08-18,1994-08-13,1994-09-06,TAKE BACK RETURN,SHIP,liers are carefully slyly ironic instruc
21190-3,21190,341,98,3,24.00,29792.16,0.09,0.08,A,F,1994-07-18,1994-07-08,1994-08-16,COLLECT COD,TRUCK,ctions. carefully express deposits affix 
21190-4,21190,734,35,4,11.00,17982.03,0.07,0.00,R,F,1994-06-16,1994-07-30,1994-06-23,NONE,FOB,even packag
21190-5,21190,1119,92,5,21.00,21422.31,0.06,0.00,R,F,1994-08-04,1994-08-01,1994-08-30,DELIVER IN PERSON,RAIL,usly enticing accounts. quickly ir
21191-1,21191,822,89,1,38.00,65467.16,0.04,0.03,A,F,1992-12-08,1993-01-24,1992-12-11,NONE,REG AIR,gside of th
21191-2,21191,351,36,2,13.00,16267.55,0.03,0.02,R,F,1993-03-09,1992-12-25,1993-03-25,TAKE BACK RETURN,REG AIR,ges. slyly silent dependencies d
21191-3,21191,1901,46,3,38.00,68510.20,0.10,0.04,A,F,1992-12-17,1992-12-29,1992-12-20,COLLECT COD,AIR,y carefully silent instructions. slyly
21191-4,21191,530,61,4,20.00,28610.60,0.06,0.03,A,F,1993-03-10,1992-12-26,1993-03-30,NONE,RAIL,"equests. final, specia"
21216-1,21216,1796,81,1,35.00,59422.65,0.04,0.05,N,O,1998-09-02,1998-09-23,1998-09-10,COLLECT COD,AIR,usly about the final 
21217-1,21217,571,62,1,8.00,11772.56,0.09,0.00,R,F,1994-12-22,1994-10-17,1995-01-04,NONE,AIR,counts. spec
21218-1,21218,452,82,1,21.00,28401.45,0.04,0.03,N,O,1997-06-21,1997-08-25,1997-07-21,NONE,TRUCK,against the slyly i
21219-1,21219,316,1,1,37.00,45003.47,0.07,0.03,R,F,1995-05-01,1995-04-06,1995-05-25,TAKE BACK RETURN,REG AIR,thely final requests. pending inst
21219-2,21219,485,15,2,38.00,52648.24,0.06,0.03,R,F,1995-03-10,1995-03-21,1995-03-17,COLLECT COD,RAIL,olites. carefu
21219-3,21219,645,39,3,47.00,72645.08,0.04,0.01,R,F,1995-03-25,1995-04-06,1995-04-14,TAKE BACK RETURN,SHIP,te stealthily pending dinos
21219-4,21219,160,39,4,6.00,6360.96,0.04,0.04,A,F,1995-04-13,1995-02-18,1995-04-16,COLLECT COD,MAIL,ent asymptotes. c
21219-5,21219,1793,36,5,6.00,10168.74,0.03,0.04,A,F,1995-03-28,1995-03-22,1995-04-22,NONE,AIR,special theodolites. slyly express p
21219-6,21219,448,78,6,10.00,13484.40,0.02,0.02,R,F,1995-04-23,1995-02-22,1995-04-28,DELIVER IN PERSON,SHIP,haggle foxes. regular req
21220-1,21220,1514,35,1,28.00,39634.28,0.02,0.05,R,F,1993-02-22,1993-02-16,1993-03-14,NONE,TRUCK,"thy, pending requests. sp"
21220-2,21220,1480,98,2,42.00,58022.16,0.05,0.08,R,F,1993-01-20,1993-03-17,1993-02-06,DELIVER IN PERSON,RAIL,he carefully quiet ideas doze alongsi
21220-3,21220,1977,22,3,27.00,50732.19,0.10,0.06,R,F,1993-03-13,1993-03-17,1993-03-19,NONE,AIR,efully bold accounts run
21220-4,21220,476,35,4,9.00,12388.23,0.04,0.02,A,F,1993-01-19,1993-03-14,1993-01-31,DELIVER IN PERSON,MAIL,encies above the quickly silent depos
21220-5,21220,585,16,5,38.00,56452.04,0.02,0.02,R,F,1993-01-17,1993-01-23,1993-02-16,COLLECT COD,SHIP, must have to use across the blithely r
21220-6,21220,1923,24,6,30.00,54747.60,0.08,0.06,R,F,1993-01-12,1993-03-06,1993-01-23,COLLECT COD,FOB,ssly final reques
21220-7,21220,263,18,7,44.00,51183.44,0.07,0.03,A,F,1993-01-26,1993-03-05,1993-01-29,DELIVER IN PERSON,AIR,ly packages. quickly even requests wa
21221-1,21221,1982,83,1,26.00,48983.48,0.00,0.06,R,F,1994-08-01,1994-09-27,1994-08-10,COLLECT COD,MAIL,the blithel
21222-1,21222,273,1,1,2.00,2346.54,0.08,0.03,R,F,1994-03-31,1994-03-25,1994-04-09,DELIVER IN PERSON,MAIL,slyly even deposit
21222-2,21222,815,16,2,6.00,10294.86,0.02,0.07,R,F,1994-05-24,1994-04-02,1994-06-05,TAKE BACK RETURN,MAIL, even platelets. i
21222-3,21222,570,31,3,43.00,63234.51,0.09,0.02,A,F,1994-04-26,1994-03-16,1994-05-15,NONE,REG AIR,silent deposits sno
21222-4,21222,288,16,4,34.00,40401.52,0.05,0.06,A,F,1994-04-01,1994-03-19,1994-04-05,DELIVER IN PERSON,TRUCK,efully according to 
21222-5,21222,1955,44,5,44.00,81705.80,0.00,0.05,R,F,1994-05-29,1994-03-10,1994-06-04,NONE,REG AIR,nic requests. furiously express depen
21222-6,21222,831,65,6,33.00,57150.39,0.08,0.07,R,F,1994-02-23,1994-03-22,1994-02-24,COLLECT COD,AIR,ages. dolphins nag doggedly slyly re
21223-1,21223,512,73,1,3.00,4237.53,0.01,0.01,R,F,1992-03-26,1992-04-18,1992-04-17,COLLECT COD,TRUCK,ages beneath the special dolphi
21223-2,21223,361,62,2,37.00,46670.32,0.00,0.07,A,F,1992-04-27,1992-05-05,1992-05-16,DELIVER IN PERSON,TRUCK,. carefully final deposits haggle
21223-3,21223,808,75,3,45.00,76896.00,0.04,0.04,A,F,1992-03-25,1992-05-23,1992-04-03,COLLECT COD,AIR,s serve fluffily against the final fret
21223-4,21223,1847,34,4,10.00,17488.40,0.00,0.07,R,F,1992-04-10,1992-05-30,1992-04-20,TAKE BACK RETURN,SHIP,intain fluffily furiously final t
21223-5,21223,350,79,5,15.00,18755.25,0.10,0.08,A,F,1992-05-13,1992-05-17,1992-06-05,NONE,RAIL,s. fluffily re
21223-6,21223,1866,96,6,29.00,51267.94,0.07,0.01,A,F,1992-06-12,1992-06-11,1992-07-10,COLLECT COD,TRUCK, packages. express p
21223-7,21223,1079,80,7,17.00,16661.19,0.09,0.06,A,F,1992-04-28,1992-05-04,1992-05-04,TAKE BACK RETURN,FOB,ructions wake fluffily ironi
21248-1,21248,979,82,1,34.00,63918.98,0.01,0.07,N,O,1996-10-20,1996-10-25,1996-11-17,NONE,FOB,he carefully spec
21248-2,21248,945,14,2,34.00,62761.96,0.06,0.05,N,O,1996-10-11,1996-09-28,1996-10-21,DELIVER IN PERSON,RAIL,s. carefully ironic 
21248-3,21248,320,21,3,46.00,56134.72,0.10,0.01,N,O,1996-08-16,1996-11-01,1996-09-12,DELIVER IN PERSON,REG AIR,sly ideas. final packages
21248-4,21248,405,35,4,30.00,39162.00,0.01,0.05,N,O,1996-11-26,1996-10-17,1996-11-29,NONE,RAIL,. special hockey players hang qui
21248-5,21248,1210,85,5,3.00,3333.63,0.06,0.06,N,O,1996-12-01,1996-10-30,1996-12-26,DELIVER IN PERSON,FOB,hely regular sheaves after the s
21248-6,21248,157,58,6,26.00,27485.90,0.03,0.04,N,O,1996-09-21,1996-11-07,1996-10-19,NONE,RAIL,riously pending requests detect even sheave
21249-1,21249,219,1,1,34.00,38053.14,0.06,0.07,A,F,1993-10-05,1993-12-05,1993-10-09,NONE,FOB,pendencies. fluffily 
21249-2,21249,1273,85,2,24.00,28182.48,0.10,0.03,A,F,1993-10-07,1993-11-15,1993-10-15,NONE,REG AIR,ainst the final depend
21249-3,21249,553,84,3,38.00,55234.90,0.10,0.02,A,F,1994-01-08,1993-10-24,1994-01-12,COLLECT COD,AIR,even epitaphs. blithely regular asymptotes 
21249-4,21249,501,62,4,32.00,44848.00,0.07,0.05,R,F,1993-10-07,1993-12-15,1993-10-29,COLLECT COD,TRUCK,counts-- furiously dog
21249-5,21249,58,34,5,6.00,5748.30,0.04,0.00,A,F,1993-11-02,1993-12-06,1993-11-23,TAKE BACK RETURN,FOB, according to the furiously bold packa
21249-6,21249,1711,12,6,1.00,1612.71,0.01,0.07,R,F,1994-01-19,1993-10-28,1994-02-02,COLLECT COD,RAIL,lar packages at the c
21250-1,21250,1920,9,1,15.00,27328.80,0.10,0.02,N,O,1997-07-17,1997-09-22,1997-08-13,COLLECT COD,FOB,ld packages cajole slyl
21250-2,21250,1345,22,2,45.00,56085.30,0.01,0.04,N,O,1997-08-15,1997-10-04,1997-08-17,COLLECT COD,MAIL,fily; fluffily bold
21250-3,21250,71,72,3,7.00,6797.49,0.02,0.06,N,O,1997-10-11,1997-08-14,1997-11-08,TAKE BACK RETURN,RAIL,regular requests w
21251-1,21251,1680,81,1,42.00,66430.56,0.00,0.05,N,O,1996-12-03,1997-01-14,1996-12-04,COLLECT COD,TRUCK,eodolites nag carefully regular requests. r
21251-2,21251,389,18,2,41.00,52864.58,0.00,0.02,N,O,1996-12-30,1997-02-19,1997-01-22,NONE,AIR,lyly after the final wa
21251-3,21251,1322,23,3,9.00,11009.88,0.01,0.00,N,O,1997-02-14,1997-01-09,1997-03-14,TAKE BACK RETURN,TRUCK,ously alongside
21252-1,21252,676,8,1,10.00,15766.70,0.00,0.01,N,O,1996-06-24,1996-07-10,1996-07-09,COLLECT COD,AIR,notornis need to use. bl
21252-2,21252,1264,39,2,30.00,34957.80,0.01,0.00,N,O,1996-06-05,1996-08-25,1996-06-24,COLLECT COD,SHIP,ully special dolphins. flu
21252-3,21252,1942,43,3,29.00,53474.26,0.05,0.06,N,O,1996-07-30,1996-07-25,1996-08-23,NONE,REG AIR,", silent deposits sleep bl"
21252-4,21252,1692,34,4,50.00,79684.50,0.05,0.04,N,O,1996-08-15,1996-07-13,1996-09-10,NONE,AIR,"s the even, regular accounts. ruthless acco"
21252-5,21252,1338,53,5,32.00,39658.56,0.02,0.05,N,O,1996-07-12,1996-08-10,1996-07-18,DELIVER IN PERSON,MAIL,raids against the blithely
21252-6,21252,1722,65,6,34.00,55206.48,0.02,0.04,N,O,1996-07-29,1996-07-19,1996-08-26,DELIVER IN PERSON,TRUCK, ideas cajole dari
21253-1,21253,430,89,1,50.00,66521.50,0.00,0.01,A,F,1992-05-20,1992-06-18,1992-06-08,TAKE BACK RETURN,AIR,eans nag ironically express pinto beans.
21253-2,21253,902,71,2,34.00,61298.60,0.09,0.01,R,F,1992-08-01,1992-05-19,1992-08-07,NONE,RAIL, even accounts na
21253-3,21253,1273,48,3,37.00,43447.99,0.07,0.08,R,F,1992-04-26,1992-06-07,1992-05-20,NONE,SHIP, unusual packages doze slyly 
21254-1,21254,1399,14,1,13.00,16905.07,0.01,0.07,A,F,1993-11-16,1993-09-20,1993-12-04,NONE,RAIL,lyly across the regu
21254-2,21254,771,68,2,31.00,51824.87,0.00,0.04,A,F,1993-10-16,1993-11-10,1993-11-13,NONE,AIR,"c foxes. even, ironic theodoli"
21255-1,21255,383,84,1,30.00,38501.40,0.06,0.03,R,F,1994-09-19,1994-11-11,1994-10-07,COLLECT COD,SHIP,ways pending excuses wake furiously carefu
21255-2,21255,1379,80,2,20.00,25607.40,0.00,0.05,A,F,1994-12-19,1994-10-04,1995-01-01,NONE,RAIL,carefully unusual as
21255-3,21255,1060,31,3,27.00,25948.62,0.01,0.06,A,F,1994-11-11,1994-11-04,1994-12-03,COLLECT COD,RAIL,yly ruthless
21255-4,21255,1691,33,4,31.00,49373.39,0.05,0.04,A,F,1994-11-14,1994-09-29,1994-11-27,NONE,FOB,hely among the or
21255-5,21255,1004,10,5,29.00,26245.00,0.00,0.07,R,F,1994-09-10,1994-11-19,1994-09-21,NONE,AIR,"ctions. unusual, final p"
21255-6,21255,1671,13,6,47.00,73915.49,0.08,0.01,R,F,1994-10-14,1994-10-02,1994-10-29,TAKE BACK RETURN,SHIP,ggedly regular deposits us
21280-1,21280,730,31,1,29.00,47291.17,0.07,0.01,N,O,1997-12-16,1998-01-08,1998-01-10,DELIVER IN PERSON,SHIP,g to the pending 
21280-2,21280,1677,78,2,17.00,26837.39,0.05,0.06,N,O,1998-03-06,1998-02-20,1998-03-26,TAKE BACK RETURN,RAIL,"elets; unusual, even req"
21280-3,21280,121,100,3,36.00,36760.32,0.04,0.05,N,O,1998-01-25,1998-01-31,1998-02-19,DELIVER IN PERSON,AIR,packages. pending requests will are
21280-4,21280,1909,10,4,5.00,9054.50,0.05,0.08,N,O,1997-12-21,1998-02-22,1998-01-19,COLLECT COD,TRUCK,hely carefully fin
21280-5,21280,1980,81,5,18.00,33875.64,0.03,0.07,N,O,1998-01-13,1998-01-25,1998-02-07,NONE,SHIP,s. final dependencie
21280-6,21280,1061,62,6,40.00,38482.40,0.03,0.03,N,O,1997-12-18,1998-01-31,1997-12-31,TAKE BACK RETURN,SHIP,s. carefully fi
21280-7,21280,1586,7,7,49.00,72891.42,0.03,0.03,N,O,1998-03-17,1998-02-18,1998-03-18,COLLECT COD,MAIL,ully silent requests. bol
21281-1,21281,1037,43,1,10.00,9380.30,0.01,0.02,N,F,1995-06-01,1995-05-31,1995-07-01,TAKE BACK RETURN,FOB,en requests. pin
21281-2,21281,1631,14,2,45.00,68968.35,0.01,0.07,N,F,1995-06-11,1995-06-16,1995-06-20,NONE,TRUCK,ording to t
21281-3,21281,1840,70,3,11.00,19160.24,0.10,0.01,A,F,1995-04-30,1995-06-21,1995-05-02,NONE,SHIP,y. furiously final deposits a
21281-4,21281,470,29,4,15.00,20557.05,0.09,0.01,A,F,1995-06-03,1995-05-21,1995-06-14,DELIVER IN PERSON,RAIL,"s sleep ironically ironic, "
21282-1,21282,1291,92,1,50.00,59614.50,0.07,0.01,N,O,1998-07-27,1998-06-18,1998-07-28,DELIVER IN PERSON,FOB, final excuses. final packag
21282-2,21282,1995,28,2,8.00,15175.92,0.02,0.01,N,O,1998-06-04,1998-06-08,1998-06-20,NONE,SHIP,ironic packages haggle according 
21282-3,21282,1905,94,3,41.00,74082.90,0.10,0.07,N,O,1998-08-09,1998-06-05,1998-08-22,DELIVER IN PERSON,REG AIR,en asymptotes. blithely even accou
21282-4,21282,502,33,4,12.00,16830.00,0.03,0.03,N,O,1998-05-18,1998-06-27,1998-05-21,TAKE BACK RETURN,AIR,"press epitaphs after the unusual, ironic e"
21282-5,21282,119,98,5,43.00,43821.73,0.02,0.03,N,O,1998-06-26,1998-06-18,1998-06-30,DELIVER IN PERSON,AIR,ave accounts. slyly pending deposit
21283-1,21283,326,83,1,43.00,52731.76,0.04,0.05,N,O,1997-03-04,1997-03-28,1997-04-03,NONE,SHIP, are carefully express attainm
21283-2,21283,1505,26,2,33.00,46414.50,0.05,0.08,N,O,1997-04-17,1997-03-18,1997-04-24,DELIVER IN PERSON,RAIL,y. slyly final packages are blithely furiou
21283-3,21283,1080,81,3,8.00,7848.64,0.05,0.08,N,O,1997-01-15,1997-02-06,1997-02-12,COLLECT COD,REG AIR,permanently
21283-4,21283,1560,1,4,25.00,36539.00,0.00,0.08,N,O,1997-03-13,1997-02-24,1997-03-30,TAKE BACK RETURN,REG AIR,tions doze finally. carefully
21283-5,21283,713,14,5,9.00,14523.39,0.01,0.02,N,O,1997-04-14,1997-03-28,1997-05-14,COLLECT COD,FOB,riously even deposits cajole quickl
21283-6,21283,484,85,6,31.00,42918.88,0.07,0.01,N,O,1997-01-11,1997-03-01,1997-01-25,COLLECT COD,AIR,uriously even fox
21283-7,21283,1492,71,7,47.00,65494.03,0.00,0.03,N,O,1997-02-03,1997-03-30,1997-02-07,TAKE BACK RETURN,MAIL,y blithely 
21284-1,21284,143,96,1,26.00,27121.64,0.00,0.02,A,F,1992-10-25,1992-12-09,1992-11-07,DELIVER IN PERSON,MAIL,bove the ironic packages
21284-2,21284,571,72,2,37.00,54448.09,0.03,0.02,A,F,1992-10-17,1992-11-09,1992-11-16,TAKE BACK RETURN,FOB,cajole furi
21285-1,21285,1130,39,1,5.00,5155.65,0.09,0.05,A,F,1993-10-10,1993-09-17,1993-10-17,TAKE BACK RETURN,AIR, final instructio
21285-2,21285,455,14,2,30.00,40663.50,0.07,0.05,A,F,1993-07-29,1993-10-01,1993-08-18,COLLECT COD,MAIL, the quickly b
21285-3,21285,1770,13,3,30.00,50153.10,0.08,0.06,R,F,1993-11-01,1993-09-09,1993-11-02,COLLECT COD,TRUCK,oxes wake furiously blithely ironic foxes. 
21285-4,21285,1149,22,4,25.00,26253.50,0.10,0.07,R,F,1993-09-01,1993-09-06,1993-09-05,COLLECT COD,AIR,unusual accounts. thinly final 
21285-5,21285,1578,59,5,9.00,13316.13,0.10,0.02,A,F,1993-07-25,1993-08-22,1993-07-30,NONE,TRUCK,"ncies. regular, bold decoys across th"
21286-1,21286,19,95,1,26.00,23894.26,0.01,0.04,A,F,1994-08-30,1994-08-13,1994-09-16,TAKE BACK RETURN,SHIP,e silent accounts. blithely expr
21286-2,21286,1767,10,2,30.00,50062.80,0.10,0.03,A,F,1994-08-06,1994-08-10,1994-09-04,COLLECT COD,SHIP,de of the fluffily regu
21286-3,21286,108,87,3,45.00,45364.50,0.03,0.08,A,F,1994-06-05,1994-07-15,1994-06-11,COLLECT COD,AIR,uests along the s
21286-4,21286,1908,41,4,31.00,56106.90,0.04,0.04,R,F,1994-09-04,1994-07-02,1994-10-02,TAKE BACK RETURN,TRUCK,bove the fluffily f
21287-1,21287,1727,54,1,16.00,26059.52,0.07,0.07,N,O,1997-01-31,1997-04-14,1997-02-07,DELIVER IN PERSON,RAIL,cies wake slyly fluffily ironic instructi
21287-2,21287,145,46,2,5.00,5225.70,0.00,0.00,N,O,1997-03-12,1997-04-11,1997-03-27,COLLECT COD,RAIL,ounts. blithely even pinto beans bo
21287-3,21287,1267,79,3,20.00,23365.20,0.07,0.08,N,O,1997-02-09,1997-04-18,1997-02-22,TAKE BACK RETURN,AIR,efully silent ins
21287-4,21287,1539,80,4,47.00,67704.91,0.03,0.06,N,O,1997-02-28,1997-04-19,1997-03-25,TAKE BACK RETURN,SHIP,blithely-- slyly final pinto beans ha
21287-5,21287,1230,31,5,42.00,47511.66,0.00,0.00,N,O,1997-05-14,1997-04-12,1997-06-05,NONE,TRUCK, unusual accounts? 
21287-6,21287,1879,66,6,17.00,30274.79,0.00,0.05,N,O,1997-02-25,1997-03-11,1997-02-27,COLLECT COD,REG AIR,ously. carefully special theodolites hag
21287-7,21287,99,50,7,40.00,39963.60,0.05,0.05,N,O,1997-02-14,1997-03-28,1997-03-04,DELIVER IN PERSON,SHIP,s are furiously at the pending theodolite
21312-1,21312,275,3,1,42.00,49361.34,0.00,0.07,N,O,1996-05-11,1996-03-12,1996-06-07,COLLECT COD,REG AIR,totes grow sl
21312-2,21312,1720,63,2,3.00,4865.16,0.02,0.00,N,O,1996-04-18,1996-03-09,1996-05-11,TAKE BACK RETURN,AIR,foxes. close platelets detect blithel
21313-1,21313,1170,71,1,32.00,34277.44,0.01,0.04,A,F,1992-11-10,1992-09-14,1992-12-08,DELIVER IN PERSON,SHIP,across the blithely fin
21313-2,21313,1769,54,2,20.00,33415.20,0.00,0.06,R,F,1992-10-13,1992-09-05,1992-10-19,TAKE BACK RETURN,SHIP,und the carefully regular 
21314-1,21314,1256,31,1,7.00,8100.75,0.01,0.08,A,F,1994-11-07,1995-01-27,1994-11-21,TAKE BACK RETURN,REG AIR,uests. pinto beans cajole careful
21314-2,21314,1412,91,2,32.00,42029.12,0.06,0.08,R,F,1995-01-14,1994-12-12,1995-01-23,DELIVER IN PERSON,AIR,s after the slyly bold a
21314-3,21314,272,27,3,24.00,28134.48,0.07,0.00,R,F,1995-01-10,1994-12-26,1995-02-07,NONE,SHIP, beans. unusual packag
21314-4,21314,975,76,4,17.00,31891.49,0.05,0.04,R,F,1994-12-26,1994-12-03,1995-01-04,TAKE BACK RETURN,REG AIR,counts: idly silent requests print bl
21314-5,21314,721,86,5,16.00,25947.52,0.00,0.05,A,F,1995-01-19,1995-01-28,1995-02-03,COLLECT COD,MAIL,the requests. carefully unusual pack
21314-6,21314,1211,49,6,45.00,50049.45,0.09,0.08,R,F,1994-12-05,1995-01-08,1994-12-15,COLLECT COD,AIR,deposits use after
21314-7,21314,1104,77,7,24.00,24122.40,0.01,0.06,R,F,1994-11-30,1995-01-20,1994-12-23,COLLECT COD,SHIP,ymptotes cajole f
21315-1,21315,314,15,1,18.00,21857.58,0.00,0.02,N,O,1997-01-05,1996-12-05,1997-01-15,NONE,MAIL,s boost slyly 
21315-2,21315,1076,12,2,37.00,36151.59,0.09,0.06,N,O,1996-11-20,1996-11-14,1996-12-05,DELIVER IN PERSON,RAIL,inal ideas detect furiously along the i
21315-3,21315,674,75,3,19.00,29918.73,0.10,0.07,N,O,1996-10-17,1996-11-28,1996-10-28,COLLECT COD,RAIL,ccounts. slyly bold packages along th
21315-4,21315,1416,34,4,28.00,36887.48,0.09,0.01,N,O,1996-12-23,1996-12-19,1996-12-27,NONE,TRUCK,es haggle above the 
21316-1,21316,1821,8,1,39.00,67189.98,0.08,0.01,N,O,1998-02-05,1998-01-08,1998-02-11,TAKE BACK RETURN,FOB,gle among the slyly unusual deposi
21316-2,21316,954,89,2,42.00,77907.90,0.09,0.07,N,O,1998-01-05,1997-12-22,1998-01-07,DELIVER IN PERSON,RAIL, ironic instructions. final pinto beans use
21316-3,21316,1062,68,3,7.00,6741.42,0.04,0.08,N,O,1997-12-04,1997-12-07,1997-12-11,TAKE BACK RETURN,FOB,ns sleep furiously. furiously regular 
21316-4,21316,116,17,4,50.00,50805.50,0.00,0.03,N,O,1997-12-05,1998-01-19,1997-12-07,TAKE BACK RETURN,FOB,requests. slyly even 
21317-1,21317,1766,93,1,39.00,65042.64,0.05,0.03,N,F,1995-06-11,1995-05-16,1995-07-02,COLLECT COD,MAIL,icingly regular pack
21317-2,21317,1322,99,2,38.00,46486.16,0.04,0.07,N,O,1995-08-07,1995-06-12,1995-08-23,TAKE BACK RETURN,FOB," regular, iro"
21317-3,21317,896,30,3,26.00,46719.14,0.03,0.08,N,O,1995-06-19,1995-05-25,1995-07-06,DELIVER IN PERSON,FOB,uriously special saute
21317-4,21317,1548,49,4,26.00,37688.04,0.04,0.02,N,O,1995-07-07,1995-05-25,1995-07-20,NONE,SHIP,ic accounts. fluffily final courts are 
21317-5,21317,678,10,5,45.00,71040.15,0.05,0.07,R,F,1995-05-10,1995-06-24,1995-05-11,DELIVER IN PERSON,TRUCK,s. special deposits integrate acco
21318-1,21318,102,55,1,33.00,33069.30,0.07,0.02,A,F,1993-10-03,1993-09-14,1993-10-26,DELIVER IN PERSON,TRUCK,l packages. foxes cajole a
21318-2,21318,134,35,2,28.00,28955.64,0.07,0.05,A,F,1993-08-26,1993-08-23,1993-09-08,DELIVER IN PERSON,FOB, bold acco
21318-3,21318,1460,100,3,12.00,16337.52,0.07,0.01,A,F,1993-09-19,1993-09-03,1993-10-03,TAKE BACK RETURN,AIR,e slyly fluffily ironic theodolites
21318-4,21318,305,90,4,25.00,30132.50,0.04,0.06,A,F,1993-10-21,1993-08-07,1993-10-22,COLLECT COD,RAIL,y bold frets. furiously reg
21318-5,21318,219,74,5,46.00,51483.66,0.10,0.03,R,F,1993-08-11,1993-10-01,1993-09-02,TAKE BACK RETURN,FOB,g. furiously regular pinto be
21318-6,21318,1804,34,6,46.00,78466.80,0.05,0.06,A,F,1993-08-10,1993-09-19,1993-08-22,DELIVER IN PERSON,SHIP,according t
21319-1,21319,1060,61,1,32.00,30753.92,0.04,0.00,R,F,1993-05-21,1993-06-02,1993-06-11,NONE,MAIL,inal theodolites. requests cajole.
21319-2,21319,1800,1,2,4.00,6807.20,0.00,0.08,R,F,1993-08-12,1993-07-15,1993-09-05,DELIVER IN PERSON,SHIP, haggle. ins
21319-3,21319,507,68,3,35.00,49262.50,0.03,0.01,R,F,1993-07-04,1993-07-14,1993-07-20,DELIVER IN PERSON,FOB,the slyly 
21319-4,21319,562,93,4,44.00,64352.64,0.06,0.00,R,F,1993-05-02,1993-06-11,1993-05-19,DELIVER IN PERSON,MAIL,ter the bold theodolites may
21319-5,21319,715,12,5,19.00,30698.49,0.10,0.06,R,F,1993-06-06,1993-06-29,1993-06-15,DELIVER IN PERSON,SHIP,press accoun
21344-1,21344,114,93,1,15.00,15211.65,0.00,0.03,A,F,1993-03-10,1993-02-09,1993-04-02,COLLECT COD,TRUCK,packages cajole after the deposi
21344-2,21344,772,69,2,6.00,10036.62,0.09,0.02,A,F,1993-01-22,1993-01-12,1993-02-15,NONE,SHIP,ngside of the special instructions haggle b
21344-3,21344,1810,54,3,22.00,37659.82,0.09,0.05,R,F,1993-02-25,1993-01-12,1993-02-27,DELIVER IN PERSON,SHIP,hely regular pinto beans are b
21344-4,21344,1773,58,4,41.00,68665.57,0.03,0.00,R,F,1993-03-07,1993-01-12,1993-03-25,NONE,REG AIR,l requests. express requests haggle
21345-1,21345,68,19,1,37.00,35818.22,0.07,0.04,A,F,1993-05-30,1993-07-04,1993-06-09,NONE,REG AIR,"l, ironic reques"
21345-2,21345,1446,25,2,3.00,4042.32,0.04,0.07,A,F,1993-07-04,1993-06-16,1993-07-22,COLLECT COD,SHIP,"to the regular, final hockey players. c"
21345-3,21345,719,20,3,11.00,17816.81,0.08,0.04,R,F,1993-06-11,1993-07-24,1993-07-07,TAKE BACK RETURN,AIR, haggle furiously re
21345-4,21345,938,73,4,35.00,64362.55,0.03,0.05,A,F,1993-05-29,1993-06-25,1993-06-06,COLLECT COD,MAIL,. packages are slyly blithely s
21346-1,21346,272,27,1,4.00,4689.08,0.09,0.07,N,O,1995-08-25,1995-07-30,1995-08-28,DELIVER IN PERSON,TRUCK,y furiously above the requests. 
21346-2,21346,172,73,2,11.00,11793.87,0.04,0.06,N,O,1995-07-15,1995-08-15,1995-08-04,DELIVER IN PERSON,REG AIR,y regular asymptotes. theodolites 
21346-3,21346,329,58,3,1.00,1229.32,0.02,0.00,N,O,1995-07-14,1995-07-18,1995-07-29,DELIVER IN PERSON,RAIL,wly carefully bold cour
21346-4,21346,918,87,4,22.00,40016.02,0.07,0.02,N,O,1995-06-25,1995-07-30,1995-07-09,COLLECT COD,MAIL,"unts are around the ironic, ironic acco"
21346-5,21346,179,32,5,45.00,48562.65,0.10,0.05,N,O,1995-08-02,1995-07-25,1995-08-10,DELIVER IN PERSON,TRUCK,e the slyly final a
21346-6,21346,1337,52,6,50.00,61916.50,0.05,0.06,N,O,1995-08-08,1995-08-08,1995-08-19,NONE,TRUCK,ending pac
21346-7,21346,1276,51,7,19.00,22368.13,0.08,0.00,N,O,1995-10-02,1995-08-18,1995-10-11,TAKE BACK RETURN,MAIL,"ording to the special, sp"
21347-1,21347,1835,36,1,3.00,5210.49,0.07,0.01,N,O,1998-09-15,1998-08-13,1998-10-08,DELIVER IN PERSON,TRUCK,l dependencies against th
21347-2,21347,1506,47,2,22.00,30965.00,0.06,0.04,N,O,1998-06-07,1998-08-02,1998-06-09,TAKE BACK RETURN,FOB,ts about the pending depos
21347-3,21347,665,28,3,33.00,51666.78,0.10,0.02,N,O,1998-06-06,1998-08-09,1998-06-12,TAKE BACK RETURN,REG AIR,s sleep furiou
21347-4,21347,897,98,4,32.00,57532.48,0.07,0.07,N,O,1998-06-08,1998-07-22,1998-06-26,DELIVER IN PERSON,REG AIR,ily express accounts use care
21347-5,21347,513,74,5,42.00,59367.42,0.01,0.06,N,O,1998-07-27,1998-08-14,1998-08-08,DELIVER IN PERSON,MAIL,s affix boldly furiousl
21347-6,21347,1176,13,6,26.00,28006.42,0.00,0.01,N,O,1998-07-05,1998-07-10,1998-07-07,NONE,FOB,structions.
21348-1,21348,1355,56,1,19.00,23870.65,0.06,0.02,R,F,1995-05-19,1995-04-21,1995-06-02,TAKE BACK RETURN,RAIL,nt excuses 
21349-1,21349,907,76,1,9.00,16271.10,0.02,0.07,N,O,1998-11-11,1998-09-26,1998-11-19,DELIVER IN PERSON,MAIL,y among the 
21349-2,21349,1960,93,2,40.00,74478.40,0.03,0.07,N,O,1998-10-17,1998-09-03,1998-10-25,DELIVER IN PERSON,FOB,y bold excuses detect slyly above the bl
21349-3,21349,569,70,3,11.00,16165.16,0.06,0.02,N,O,1998-09-13,1998-09-13,1998-09-28,TAKE BACK RETURN,REG AIR,l ideas boost. 
21349-4,21349,1979,12,4,24.00,45143.28,0.00,0.06,N,O,1998-10-04,1998-08-30,1998-10-13,COLLECT COD,REG AIR," deposits. silent, "
21349-5,21349,1138,39,5,37.00,38447.81,0.07,0.06,N,O,1998-08-16,1998-09-13,1998-09-03,TAKE BACK RETURN,TRUCK,sits wake furi
21350-1,21350,1509,10,1,21.00,29620.50,0.08,0.00,R,F,1995-03-31,1995-04-06,1995-04-17,TAKE BACK RETURN,REG AIR,egular account
21351-1,21351,1124,33,1,4.00,4100.48,0.07,0.03,N,O,1998-04-09,1998-05-23,1998-04-27,TAKE BACK RETURN,REG AIR,itaphs should nod furiously ironic
21351-2,21351,305,90,2,4.00,4821.20,0.01,0.06,N,O,1998-04-03,1998-06-04,1998-04-17,COLLECT COD,REG AIR,ructions across the unu
21351-3,21351,1979,80,3,12.00,22571.64,0.10,0.00,N,O,1998-04-10,1998-04-12,1998-04-11,NONE,SHIP,arefully acr
21376-1,21376,1811,41,1,39.00,66799.59,0.01,0.02,N,O,1996-08-13,1996-08-22,1996-09-10,NONE,FOB,"tions sleep ironic, regular requ"
21376-2,21376,1874,4,2,26.00,46172.62,0.09,0.02,N,O,1996-07-10,1996-08-27,1996-07-14,NONE,SHIP,usual dependencies wake slyly. ironic
21376-3,21376,1689,90,3,31.00,49311.08,0.05,0.03,N,O,1996-06-28,1996-07-28,1996-07-02,COLLECT COD,REG AIR,"lar requests. final, even foxes do"
21376-4,21376,1550,91,4,20.00,29031.00,0.01,0.07,N,O,1996-10-03,1996-07-16,1996-10-04,NONE,RAIL,egular deposits. bold 
21376-5,21376,210,38,5,25.00,27755.25,0.05,0.07,N,O,1996-08-14,1996-07-12,1996-09-10,DELIVER IN PERSON,FOB,ests run furiously against
21376-6,21376,1271,83,6,41.00,48063.07,0.04,0.03,N,O,1996-09-13,1996-07-22,1996-10-07,TAKE BACK RETURN,RAIL,ic deposits use carefully upon the
21376-7,21376,1692,34,7,50.00,79684.50,0.04,0.04,N,O,1996-09-11,1996-08-01,1996-09-17,COLLECT COD,FOB,y express a
21377-1,21377,1468,8,1,5.00,6847.30,0.10,0.02,R,F,1993-06-09,1993-04-22,1993-06-17,COLLECT COD,RAIL, use. express deposits haggle furiousl
21377-2,21377,1760,45,2,33.00,54838.08,0.03,0.02,R,F,1993-06-22,1993-05-20,1993-07-14,COLLECT COD,FOB,ts. special theodolites wa
21377-3,21377,1511,32,3,1.00,1412.51,0.08,0.04,A,F,1993-05-10,1993-04-18,1993-05-25,DELIVER IN PERSON,RAIL,ar instruction
21378-1,21378,522,23,1,26.00,36985.52,0.06,0.06,N,O,1995-10-02,1995-10-05,1995-10-25,DELIVER IN PERSON,AIR,beans. blith
21378-2,21378,1431,10,2,35.00,46635.05,0.00,0.03,N,O,1995-10-03,1995-10-06,1995-11-02,COLLECT COD,MAIL,p blithely. fluffily even d
21378-3,21378,2000,1,3,47.00,42394.00,0.01,0.06,N,O,1995-10-02,1995-10-17,1995-10-22,COLLECT COD,SHIP,"ar platelets boost final, ironic pint"
21378-4,21378,1936,25,4,31.00,56975.83,0.03,0.05,N,O,1995-12-05,1995-10-12,1995-12-19,NONE,MAIL,cingly unusual deposits
21378-5,21378,1077,83,5,18.00,17605.26,0.09,0.05,N,O,1995-09-25,1995-10-30,1995-09-30,COLLECT COD,TRUCK,"beans. special, even accounts haggle acros"
21378-6,21378,1768,95,6,8.00,13358.08,0.02,0.02,N,O,1995-09-29,1995-09-13,1995-10-19,DELIVER IN PERSON,REG AIR,"equests. final, unusual deposits about the "
21379-1,21379,1736,63,1,28.00,45856.44,0.05,0.04,R,F,1995-03-01,1995-04-06,1995-03-27,COLLECT COD,REG AIR,yly silent requests among the sly
21379-2,21379,25,76,2,15.00,13875.30,0.03,0.06,A,F,1995-05-16,1995-04-10,1995-05-22,NONE,AIR,ts. even theodolites 
21379-3,21379,1977,66,3,37.00,69521.89,0.00,0.00,A,F,1995-05-04,1995-02-23,1995-05-08,DELIVER IN PERSON,SHIP, express dependenc
21379-4,21379,724,89,4,37.00,60114.64,0.02,0.04,A,F,1995-03-04,1995-04-07,1995-03-29,NONE,AIR,furiously regular packages haggl
21380-1,21380,1854,55,1,16.00,28093.60,0.05,0.04,N,O,1997-04-29,1997-06-02,1997-05-06,DELIVER IN PERSON,SHIP, sauternes haggle blithely. r
21380-2,21380,198,99,2,24.00,26356.56,0.04,0.02,N,O,1997-04-29,1997-05-19,1997-05-19,COLLECT COD,RAIL, sentiments are. furiously 
21380-3,21380,850,51,3,49.00,85791.65,0.07,0.06,N,O,1997-05-22,1997-05-10,1997-06-14,NONE,REG AIR,ar platelets above the ideas are sl
21380-4,21380,1049,20,4,17.00,16150.68,0.08,0.08,N,O,1997-07-05,1997-05-08,1997-07-31,DELIVER IN PERSON,MAIL,special foxes. furio
21380-5,21380,1033,4,5,28.00,26152.84,0.04,0.06,N,O,1997-06-30,1997-05-31,1997-07-28,TAKE BACK RETURN,AIR,are against the carefully regular 
21381-1,21381,1588,69,1,9.00,13406.22,0.00,0.08,R,F,1994-08-17,1994-08-11,1994-09-06,DELIVER IN PERSON,RAIL,xes shall sleep blithely. blithely b
21382-1,21382,1892,36,1,40.00,71755.60,0.06,0.06,R,F,1992-03-16,1992-02-26,1992-03-24,COLLECT COD,REG AIR, requests. ironic pinto beans abo
21382-2,21382,1474,92,2,24.00,33011.28,0.01,0.04,R,F,1992-03-06,1992-02-12,1992-03-27,COLLECT COD,TRUCK, deposits haggle quickly aga
21382-3,21382,477,78,3,26.00,35814.22,0.01,0.06,R,F,1992-02-08,1992-03-26,1992-02-13,NONE,FOB,the quickly bold d
21382-4,21382,838,5,4,27.00,46948.41,0.10,0.02,R,F,1992-02-20,1992-04-08,1992-02-23,DELIVER IN PERSON,MAIL,nusual excuses. stea
21382-5,21382,580,81,5,46.00,68106.68,0.00,0.07,R,F,1992-02-02,1992-04-03,1992-02-09,COLLECT COD,SHIP,es. blithely ironic accounts kindle. realms
21382-6,21382,1674,16,6,43.00,67753.81,0.04,0.05,A,F,1992-01-29,1992-03-10,1992-02-23,DELIVER IN PERSON,REG AIR,slyly thin requests alongside 
21382-7,21382,1391,30,7,41.00,52987.99,0.05,0.04,R,F,1992-03-09,1992-02-23,1992-03-21,DELIVER IN PERSON,RAIL,f the blithely unusual id
21383-1,21383,1288,63,1,50.00,59464.00,0.10,0.01,R,F,1994-05-10,1994-03-12,1994-06-04,DELIVER IN PERSON,FOB,ole among the slyly even 
21383-2,21383,513,74,2,9.00,12721.59,0.05,0.05,A,F,1994-03-12,1994-03-09,1994-03-13,NONE,AIR, stealthy packages haggle caref
21383-3,21383,797,94,3,29.00,49235.91,0.00,0.00,A,F,1994-04-21,1994-04-05,1994-04-26,DELIVER IN PERSON,REG AIR,uctions. fluffy notornis are
21383-4,21383,725,26,4,28.00,45520.16,0.08,0.06,A,F,1994-03-02,1994-03-15,1994-03-29,TAKE BACK RETURN,REG AIR,nstructions
21408-1,21408,687,19,1,9.00,14289.12,0.02,0.02,N,O,1997-12-12,1997-11-15,1998-01-03,DELIVER IN PERSON,AIR,shall are carefully quickl
21408-2,21408,424,54,2,16.00,21190.72,0.07,0.06,N,O,1997-10-29,1997-10-25,1997-10-31,NONE,SHIP, the furiously bold 
21408-3,21408,1926,27,3,21.00,38386.32,0.02,0.00,N,O,1997-11-22,1997-11-20,1997-12-18,TAKE BACK RETURN,REG AIR,rs detect fluffily accordi
21408-4,21408,1498,99,4,21.00,29389.29,0.06,0.05,N,O,1997-10-25,1997-11-14,1997-10-27,DELIVER IN PERSON,SHIP,inal deposits. slyly pending fra
21408-5,21408,322,51,5,15.00,18334.80,0.05,0.06,N,O,1997-10-05,1997-10-30,1997-10-15,NONE,MAIL,t. excuses sub
21408-6,21408,275,57,6,9.00,10577.43,0.05,0.03,N,O,1997-09-24,1997-11-26,1997-10-08,NONE,REG AIR,ronic deposits. carefully i
21408-7,21408,487,75,7,41.00,56886.68,0.03,0.04,N,O,1997-11-22,1997-10-16,1997-11-29,TAKE BACK RETURN,TRUCK,ickly even deposits nag about the
21409-1,21409,277,32,1,26.00,30609.02,0.04,0.07,R,F,1994-03-18,1994-03-31,1994-03-22,COLLECT COD,MAIL,ly even deposi
21409-2,21409,936,5,2,35.00,64292.55,0.06,0.00,R,F,1994-06-02,1994-05-02,1994-07-01,DELIVER IN PERSON,RAIL,e warthogs sleep abo
21410-1,21410,569,30,1,4.00,5878.24,0.07,0.05,A,F,1992-07-22,1992-07-19,1992-07-24,COLLECT COD,SHIP,nal accounts are busily across the slyly 
21410-2,21410,783,16,2,28.00,47145.84,0.04,0.07,R,F,1992-05-12,1992-07-29,1992-05-30,TAKE BACK RETURN,TRUCK,fully final idea
21411-1,21411,422,52,1,40.00,52896.80,0.09,0.04,N,O,1997-10-29,1997-10-11,1997-11-01,COLLECT COD,REG AIR,of the slyly quick e
21411-2,21411,696,28,2,20.00,31933.80,0.08,0.07,N,O,1997-10-25,1997-09-23,1997-11-22,COLLECT COD,TRUCK,yly across the fur
21411-3,21411,1624,66,3,12.00,18307.44,0.02,0.01,N,O,1997-09-08,1997-09-16,1997-10-04,COLLECT COD,RAIL,according to the 
21411-4,21411,617,11,4,32.00,48563.52,0.05,0.05,N,O,1997-11-03,1997-08-14,1997-11-06,NONE,REG AIR,ggle blithely. blithel
21412-1,21412,1636,37,1,13.00,19989.19,0.03,0.03,N,O,1995-08-07,1995-09-10,1995-08-20,NONE,MAIL,! ironic deposits among the even d
21412-2,21412,841,42,2,25.00,43546.00,0.06,0.08,N,O,1995-08-03,1995-08-17,1995-08-12,TAKE BACK RETURN,RAIL,s are; deposits sleep carefully bold
21412-3,21412,1718,19,3,29.00,46971.59,0.04,0.07,N,O,1995-08-14,1995-09-01,1995-09-04,TAKE BACK RETURN,SHIP,kly furious courts are quickly. dar
21412-4,21412,168,69,4,2.00,2136.32,0.08,0.01,N,O,1995-10-02,1995-10-04,1995-10-21,COLLECT COD,TRUCK, the ruthless
21412-5,21412,1596,17,5,2.00,2995.18,0.04,0.04,N,O,1995-10-31,1995-09-11,1995-11-21,TAKE BACK RETURN,SHIP,blithely ironic notornis: 
21413-1,21413,644,38,1,50.00,77232.00,0.10,0.03,N,O,1997-07-08,1997-09-05,1997-07-29,DELIVER IN PERSON,MAIL,"gedly even grouches. fluffy, bold"
21413-2,21413,1251,63,2,41.00,47242.25,0.08,0.04,N,O,1997-10-10,1997-07-25,1997-10-24,COLLECT COD,FOB,ag fluffily eve
21413-3,21413,798,95,3,21.00,35674.59,0.03,0.04,N,O,1997-07-01,1997-08-23,1997-07-24,DELIVER IN PERSON,TRUCK,onic dependencies-- carefully ironic frets 
21413-4,21413,908,77,4,24.00,43413.60,0.06,0.00,N,O,1997-09-08,1997-08-06,1997-09-11,DELIVER IN PERSON,RAIL,e furiously even th
21413-5,21413,1031,37,5,34.00,31689.02,0.03,0.01,N,O,1997-08-23,1997-07-19,1997-08-30,COLLECT COD,FOB,posits. requests us
21413-6,21413,1353,54,6,34.00,42647.90,0.06,0.03,N,O,1997-08-21,1997-07-17,1997-08-23,DELIVER IN PERSON,REG AIR, mold. special requests a
21414-1,21414,1987,32,1,41.00,77448.18,0.01,0.06,A,F,1995-06-05,1995-06-24,1995-06-11,TAKE BACK RETURN,REG AIR,beans nag fluffily 
21414-2,21414,1124,33,2,14.00,14351.68,0.07,0.06,N,O,1995-08-04,1995-07-12,1995-08-19,COLLECT COD,RAIL,regular waters wa
21414-3,21414,1621,45,3,50.00,76131.00,0.00,0.04,A,F,1995-05-07,1995-06-21,1995-05-28,DELIVER IN PERSON,RAIL,refully even pac
21414-4,21414,698,99,4,46.00,73539.74,0.09,0.07,R,F,1995-05-11,1995-06-12,1995-06-09,DELIVER IN PERSON,REG AIR,egular theodolites use accounts. even 
21414-5,21414,1526,7,5,48.00,68520.96,0.06,0.03,N,O,1995-06-24,1995-07-28,1995-07-18,NONE,TRUCK,furiously about 
21414-6,21414,1621,22,6,28.00,42633.36,0.01,0.02,N,O,1995-07-02,1995-06-08,1995-07-29,NONE,SHIP,ld packages. blithely unus
21415-1,21415,472,60,1,24.00,32939.28,0.02,0.02,R,F,1992-07-24,1992-06-15,1992-08-19,NONE,RAIL,ly regular accounts about the quickly silen
21415-2,21415,1057,58,2,22.00,21077.10,0.07,0.08,R,F,1992-07-15,1992-06-02,1992-08-14,TAKE BACK RETURN,FOB,ons haggle b
21415-3,21415,609,3,3,10.00,15096.00,0.07,0.05,A,F,1992-07-18,1992-07-12,1992-07-28,TAKE BACK RETURN,SHIP,cial requests. special depo
21440-1,21440,345,2,1,24.00,29888.16,0.06,0.08,A,F,1993-01-21,1993-02-04,1993-01-30,DELIVER IN PERSON,AIR,lar asymptotes affix
21440-2,21440,1158,59,2,46.00,48720.90,0.05,0.05,R,F,1992-11-23,1992-12-18,1992-12-01,NONE,RAIL,h carefully carefully pending packages.
21440-3,21440,1221,33,3,26.00,29177.72,0.10,0.07,A,F,1992-11-30,1993-02-01,1992-12-15,COLLECT COD,RAIL, the blithely ironic asymptotes
21440-4,21440,672,73,4,45.00,70770.15,0.08,0.07,A,F,1993-01-29,1993-01-18,1993-02-24,COLLECT COD,MAIL, courts. blithely bold accounts
21441-1,21441,1073,44,1,34.00,33118.38,0.05,0.03,N,O,1997-06-08,1997-07-30,1997-06-21,NONE,TRUCK,ns about the blithely
21441-2,21441,1154,27,2,20.00,21103.00,0.09,0.08,N,O,1997-09-07,1997-08-14,1997-09-09,DELIVER IN PERSON,SHIP,ts cajole among 
21441-3,21441,118,45,3,35.00,35633.85,0.00,0.07,N,O,1997-06-10,1997-08-16,1997-06-20,NONE,AIR,latelets sleep carefully r
21442-1,21442,536,27,1,38.00,54588.14,0.04,0.06,R,F,1995-03-17,1995-03-20,1995-04-12,DELIVER IN PERSON,AIR,fluffily alongsi
21442-2,21442,185,12,2,8.00,8681.44,0.00,0.08,A,F,1995-03-31,1995-03-19,1995-04-08,DELIVER IN PERSON,SHIP,n packages ca
21442-3,21442,83,34,3,37.00,36373.96,0.02,0.06,A,F,1995-04-23,1995-02-24,1995-05-12,TAKE BACK RETURN,FOB, theodolites. ru
21442-4,21442,1793,78,4,9.00,15253.11,0.08,0.07,R,F,1995-01-22,1995-01-28,1995-02-03,TAKE BACK RETURN,RAIL,ly about the final deposits. 
21442-5,21442,1198,71,5,14.00,15388.66,0.04,0.04,R,F,1995-04-19,1995-02-04,1995-05-18,COLLECT COD,MAIL,"s the slow, brave requests. bold pinto b"
21442-6,21442,244,72,6,45.00,51490.80,0.05,0.01,R,F,1995-03-04,1995-03-22,1995-03-11,DELIVER IN PERSON,REG AIR,st furiously regu
21443-1,21443,238,20,1,22.00,25041.06,0.07,0.03,N,O,1996-01-23,1996-03-15,1996-01-27,DELIVER IN PERSON,FOB,y against the bravely bold deposi
21443-2,21443,1226,27,2,18.00,20289.96,0.09,0.08,N,O,1996-02-28,1996-02-19,1996-03-13,NONE,TRUCK,deposits. regul
21443-3,21443,1073,9,3,15.00,14611.05,0.06,0.06,N,O,1996-03-13,1996-02-24,1996-03-29,TAKE BACK RETURN,TRUCK,ckly final ideas
21443-4,21443,236,18,4,12.00,13634.76,0.09,0.08,N,O,1996-01-22,1996-04-04,1996-01-23,TAKE BACK RETURN,FOB,mong the slyly even packages. quickly i
21444-1,21444,910,11,1,17.00,30785.47,0.07,0.01,N,O,1995-06-24,1995-06-12,1995-06-26,COLLECT COD,RAIL,lyly among the quickly spec
21444-2,21444,325,26,2,15.00,18379.80,0.05,0.00,N,O,1995-07-14,1995-07-05,1995-08-05,NONE,RAIL,ss blithely about 
21444-3,21444,1408,87,3,46.00,60232.40,0.09,0.04,N,O,1995-08-01,1995-05-19,1995-08-21,COLLECT COD,TRUCK,s along the closely special ac
21444-4,21444,224,6,4,24.00,26981.28,0.10,0.08,N,O,1995-07-13,1995-07-11,1995-07-17,NONE,REG AIR,ickly even Tiresias 
21444-5,21444,1216,17,5,21.00,23461.41,0.04,0.04,N,F,1995-06-17,1995-07-11,1995-06-25,DELIVER IN PERSON,SHIP,s. carefully unusual instructions are. f
21444-6,21444,1971,72,6,43.00,80537.71,0.10,0.00,N,O,1995-07-17,1995-06-15,1995-07-25,COLLECT COD,FOB,unts. blithely unusual pinto beans
21445-1,21445,102,55,1,18.00,18037.80,0.03,0.01,R,F,1995-01-06,1995-01-23,1995-01-15,TAKE BACK RETURN,REG AIR,ress foxes unwind slyly 
21445-2,21445,1820,64,2,48.00,82647.36,0.05,0.01,R,F,1995-02-15,1994-12-21,1995-02-20,NONE,FOB,equests kindle quickly. quickly unusual 
21445-3,21445,37,13,3,41.00,38418.23,0.09,0.01,R,F,1994-12-27,1995-02-13,1994-12-28,DELIVER IN PERSON,TRUCK, packages eat-- excuses across the blith
21445-4,21445,257,12,4,50.00,57862.50,0.02,0.02,R,F,1994-12-12,1994-12-20,1994-12-15,NONE,AIR,gular requests sleep
21445-5,21445,1801,88,5,8.00,13622.40,0.09,0.02,R,F,1995-01-15,1995-01-07,1995-01-22,COLLECT COD,MAIL,nding theodo
21445-6,21445,42,68,6,44.00,41449.76,0.07,0.02,R,F,1995-01-06,1995-01-28,1995-02-04,COLLECT COD,TRUCK,ccounts sleep quickly ironic p
21445-7,21445,136,63,7,19.00,19686.47,0.01,0.03,A,F,1994-11-19,1995-01-17,1994-11-27,DELIVER IN PERSON,REG AIR,orbits wake s
21446-1,21446,1148,21,1,32.00,33572.48,0.07,0.00,N,O,1998-09-01,1998-07-06,1998-09-09,COLLECT COD,TRUCK,ackages affix along t
21446-2,21446,885,85,2,27.00,48218.76,0.00,0.05,N,O,1998-06-22,1998-07-26,1998-06-29,TAKE BACK RETURN,SHIP, slyly ironic 
21447-1,21447,1700,42,1,50.00,80085.00,0.06,0.07,A,F,1993-07-29,1993-08-28,1993-08-27,TAKE BACK RETURN,AIR,iously even ideas. carefully final pint
21447-2,21447,493,23,2,45.00,62707.05,0.05,0.08,R,F,1993-07-30,1993-08-25,1993-08-28,TAKE BACK RETURN,SHIP,blithely even 
21447-3,21447,271,53,3,36.00,42165.72,0.09,0.01,A,F,1993-08-05,1993-08-04,1993-08-21,TAKE BACK RETURN,SHIP,accounts-- unusual deposits
21447-4,21447,716,13,4,16.00,25867.36,0.00,0.06,R,F,1993-09-01,1993-07-22,1993-09-25,DELIVER IN PERSON,SHIP,s-- accounts nag.
21447-5,21447,462,63,5,16.00,21799.36,0.08,0.01,R,F,1993-06-25,1993-08-01,1993-07-18,DELIVER IN PERSON,TRUCK, regular packages use slyly expr
21447-6,21447,732,65,6,36.00,58778.28,0.10,0.02,A,F,1993-08-16,1993-08-08,1993-09-08,TAKE BACK RETURN,REG AIR,ole carefully never even ideas. requests s
21447-7,21447,677,78,7,4.00,6310.68,0.05,0.05,A,F,1993-06-20,1993-08-05,1993-07-14,NONE,RAIL,lyly final 
21472-1,21472,888,88,1,36.00,64399.68,0.10,0.02,N,O,1996-01-20,1996-03-03,1996-02-12,DELIVER IN PERSON,MAIL,ar requests. fluffily even a
21473-1,21473,763,64,1,27.00,44921.52,0.01,0.06,N,O,1995-07-06,1995-05-25,1995-07-09,COLLECT COD,FOB,encies must 
21473-2,21473,254,9,2,27.00,31164.75,0.00,0.00,A,F,1995-04-06,1995-05-30,1995-04-15,TAKE BACK RETURN,TRUCK,ously bold pac
21474-1,21474,997,98,1,37.00,70225.63,0.01,0.05,A,F,1993-06-06,1993-05-30,1993-06-16,TAKE BACK RETURN,MAIL,iously about the slyly pending 
21474-2,21474,250,51,2,46.00,52911.50,0.08,0.00,A,F,1993-04-22,1993-06-06,1993-05-20,COLLECT COD,REG AIR,uests cajole furiously a
21474-3,21474,611,43,3,43.00,64999.23,0.06,0.05,R,F,1993-08-04,1993-05-05,1993-08-11,DELIVER IN PERSON,FOB,carefully e
21474-4,21474,1130,31,4,48.00,49494.24,0.05,0.07,R,F,1993-07-22,1993-05-14,1993-08-21,NONE,SHIP,fluffily express gifts detect quickly acro
21475-1,21475,1752,37,1,7.00,11576.25,0.07,0.03,R,F,1995-03-10,1995-04-28,1995-03-30,COLLECT COD,MAIL,"slyly fluffily thin packages. furious, "
21475-2,21475,187,14,2,47.00,51097.46,0.09,0.00,R,F,1995-05-12,1995-04-30,1995-06-08,NONE,AIR,uests nag carefully 
21475-3,21475,1868,12,3,34.00,60175.24,0.06,0.01,A,F,1995-03-12,1995-05-21,1995-03-13,NONE,FOB,fily regular instructions wa
21475-4,21475,684,16,4,32.00,50709.76,0.08,0.02,A,F,1995-04-27,1995-05-15,1995-05-12,NONE,AIR,fluffily blithe pinto bea
21475-5,21475,783,84,5,17.00,28624.26,0.09,0.03,A,F,1995-03-16,1995-03-26,1995-04-06,COLLECT COD,FOB,egular accounts. packa
21476-1,21476,626,20,1,39.00,59538.18,0.01,0.06,N,O,1995-07-13,1995-08-03,1995-07-28,COLLECT COD,RAIL,y special accounts. silent ins
21476-2,21476,1125,34,2,11.00,11287.32,0.08,0.08,N,O,1995-09-09,1995-07-01,1995-10-08,TAKE BACK RETURN,TRUCK,c deposits haggle carefull
21476-3,21476,1429,47,3,49.00,65190.58,0.03,0.08,N,O,1995-07-23,1995-07-31,1995-07-25,COLLECT COD,TRUCK, silent instructions. accounts affix fluffi
21476-4,21476,1826,56,4,27.00,46651.14,0.08,0.00,N,O,1995-07-17,1995-07-15,1995-08-11,NONE,AIR,the regular deposits. even 
21477-1,21477,723,20,1,27.00,43840.44,0.07,0.05,N,O,1995-07-17,1995-07-03,1995-08-06,TAKE BACK RETURN,MAIL, across the 
21477-2,21477,1213,88,2,25.00,27855.25,0.00,0.01,N,O,1995-07-10,1995-08-20,1995-07-19,TAKE BACK RETURN,TRUCK,iously pending accounts. quickly final id
21477-3,21477,965,66,3,16.00,29855.36,0.04,0.04,N,O,1995-08-24,1995-07-23,1995-09-10,NONE,MAIL," regular, bold packages cajole sl"
21477-4,21477,1629,53,4,47.00,71939.14,0.05,0.08,N,O,1995-09-16,1995-08-12,1995-10-09,COLLECT COD,TRUCK,ic instructions.
21477-5,21477,1029,35,5,49.00,45570.98,0.10,0.02,N,F,1995-06-11,1995-07-11,1995-06-21,NONE,REG AIR,. furiously special
21478-1,21478,753,18,1,45.00,74418.75,0.01,0.02,A,F,1992-04-11,1992-05-15,1992-04-22,COLLECT COD,TRUCK,ular asymptotes hag
21478-2,21478,1803,4,2,43.00,73306.40,0.06,0.08,R,F,1992-06-09,1992-04-23,1992-07-01,TAKE BACK RETURN,AIR,. quickly fin
21478-3,21478,1404,22,3,46.00,60048.40,0.04,0.00,R,F,1992-04-28,1992-05-18,1992-05-14,DELIVER IN PERSON,TRUCK,fily regular accounts. slyly fin
21478-4,21478,1122,95,4,29.00,29670.48,0.08,0.03,R,F,1992-04-12,1992-04-29,1992-05-12,COLLECT COD,REG AIR,onic instructions. doggedly
21478-5,21478,1172,81,5,34.00,36487.78,0.05,0.07,R,F,1992-05-11,1992-04-09,1992-05-16,DELIVER IN PERSON,REG AIR,y silent instructions. silent pac
21478-6,21478,404,34,6,25.00,32610.00,0.07,0.03,R,F,1992-03-10,1992-06-01,1992-03-30,NONE,TRUCK,haggle fluffily? furiously pend
21479-1,21479,1286,98,1,24.00,28494.72,0.06,0.06,R,F,1994-09-30,1994-10-29,1994-10-08,COLLECT COD,FOB,ickly expre
21479-2,21479,200,79,2,19.00,20903.80,0.10,0.05,R,F,1994-12-06,1994-11-17,1994-12-25,NONE,REG AIR, dolphins. unusual instruct
21479-3,21479,24,75,3,42.00,38808.84,0.07,0.08,R,F,1994-10-20,1994-10-13,1994-10-21,NONE,TRUCK,ructions engage carefully against the s
21479-4,21479,1986,75,4,6.00,11327.88,0.05,0.08,R,F,1994-10-09,1994-10-08,1994-10-27,TAKE BACK RETURN,FOB,e slyly ironic depo
21504-1,21504,943,78,1,24.00,44254.56,0.02,0.03,N,O,1998-02-23,1998-01-13,1998-02-26,TAKE BACK RETURN,FOB,s impress 
21504-2,21504,877,77,2,6.00,10667.22,0.03,0.03,N,O,1998-03-02,1998-01-10,1998-03-12,DELIVER IN PERSON,TRUCK,slyly regular accounts detect q
21504-3,21504,1094,100,3,35.00,34828.15,0.06,0.03,N,O,1998-01-27,1998-01-11,1998-02-24,NONE,FOB,efully ironic requests. qui
21504-4,21504,1242,43,4,43.00,49159.32,0.09,0.01,N,O,1998-01-30,1997-12-23,1998-02-12,TAKE BACK RETURN,REG AIR,nusual accounts doze quietly regular
21504-5,21504,86,12,5,6.00,5916.48,0.02,0.01,N,O,1998-02-16,1997-12-19,1998-02-19,TAKE BACK RETURN,REG AIR,ove the slyly fin
21504-6,21504,562,93,6,33.00,48264.48,0.09,0.02,N,O,1998-01-16,1998-01-01,1998-02-07,COLLECT COD,FOB,packages. carefully special
21505-1,21505,313,98,1,14.00,16986.34,0.05,0.05,A,F,1993-03-27,1993-02-16,1993-04-07,DELIVER IN PERSON,RAIL,inal requests 
21505-2,21505,1383,60,2,37.00,47522.06,0.03,0.03,A,F,1993-02-22,1993-01-30,1993-03-17,DELIVER IN PERSON,MAIL,gular asymp
21505-3,21505,1659,83,3,42.00,65547.30,0.10,0.04,A,F,1992-12-17,1993-02-06,1993-01-07,TAKE BACK RETURN,RAIL,"ts was about the special, quick depths"
21505-4,21505,496,84,4,49.00,68428.01,0.07,0.03,R,F,1993-04-01,1993-01-26,1993-04-07,NONE,RAIL,unts. stealthily fin
21505-5,21505,328,29,5,7.00,8598.24,0.09,0.03,R,F,1993-02-02,1993-01-17,1993-02-15,DELIVER IN PERSON,MAIL, sleep blithely. bli
21505-6,21505,526,17,6,50.00,71326.00,0.06,0.05,R,F,1993-03-24,1993-02-16,1993-04-09,COLLECT COD,RAIL,blithely final accounts across the 
21506-1,21506,1904,37,1,9.00,16253.10,0.01,0.07,R,F,1994-07-16,1994-08-03,1994-08-11,TAKE BACK RETURN,AIR,arefully bold packages. blith
21506-2,21506,515,46,2,50.00,70775.50,0.04,0.04,A,F,1994-08-21,1994-07-10,1994-08-25,DELIVER IN PERSON,AIR,sly ironic theo
21506-3,21506,281,9,3,46.00,54338.88,0.09,0.06,A,F,1994-06-26,1994-07-31,1994-07-10,TAKE BACK RETURN,REG AIR,lyly bold instructions acc
21506-4,21506,1693,35,4,29.00,46246.01,0.10,0.04,A,F,1994-08-04,1994-08-27,1994-08-30,COLLECT COD,SHIP,ainst the blithel
21507-1,21507,73,24,1,45.00,43788.15,0.03,0.07,N,O,1997-09-06,1997-08-31,1997-09-27,TAKE BACK RETURN,FOB,dolites after the pendi
21507-2,21507,1604,46,2,25.00,37640.00,0.08,0.01,N,O,1997-10-02,1997-08-11,1997-10-13,TAKE BACK RETURN,AIR,fter the slyly final plat
21507-3,21507,200,53,3,44.00,48408.80,0.02,0.01,N,O,1997-07-01,1997-09-10,1997-07-05,NONE,AIR,ckly furiously regular a
21508-1,21508,1739,40,1,39.00,63988.47,0.05,0.01,N,O,1998-06-19,1998-07-06,1998-07-02,DELIVER IN PERSON,TRUCK,ular deposits dazzle carefully. ironic dep
21508-2,21508,293,75,2,17.00,20285.93,0.03,0.04,N,O,1998-08-15,1998-05-29,1998-08-23,COLLECT COD,FOB, pending dolphins wa
21509-1,21509,1798,83,1,26.00,44194.54,0.04,0.05,R,F,1992-07-26,1992-09-26,1992-08-10,DELIVER IN PERSON,REG AIR,ly daring pinto beans sleep above
21509-2,21509,752,53,2,37.00,61151.75,0.09,0.06,R,F,1992-08-29,1992-09-10,1992-09-11,COLLECT COD,AIR,ctions. slyly 
21509-3,21509,177,78,3,21.00,22620.57,0.03,0.00,R,F,1992-09-11,1992-08-24,1992-09-17,NONE,TRUCK,ans affix. slyly bold packages according 
21509-4,21509,1392,69,4,39.00,50442.21,0.04,0.07,A,F,1992-09-05,1992-08-12,1992-09-15,NONE,MAIL,final platelets nag furiously regu
21510-1,21510,343,28,1,1.00,1243.34,0.09,0.05,R,F,1992-08-10,1992-07-13,1992-09-07,COLLECT COD,MAIL,ut the deposits. even th
21510-2,21510,1093,94,2,46.00,45728.14,0.00,0.06,A,F,1992-06-28,1992-07-10,1992-07-07,TAKE BACK RETURN,REG AIR,he slyly even deposits wake furious
21510-3,21510,751,48,3,21.00,34686.75,0.08,0.04,R,F,1992-07-14,1992-06-20,1992-08-12,TAKE BACK RETURN,REG AIR,"ccounts haggle. unusual, e"
21511-1,21511,788,21,1,50.00,84439.00,0.08,0.04,N,O,1996-04-20,1996-06-25,1996-04-21,DELIVER IN PERSON,TRUCK, theodolites are. regular dep
21511-2,21511,725,90,2,11.00,17882.92,0.02,0.02,N,O,1996-07-22,1996-05-23,1996-08-01,DELIVER IN PERSON,TRUCK,en accounts are
21511-3,21511,1001,7,3,26.00,23452.00,0.01,0.03,N,O,1996-06-22,1996-06-26,1996-07-08,TAKE BACK RETURN,SHIP,bout the fluffily ironic asymptotes us
21511-4,21511,1209,10,4,37.00,41077.40,0.10,0.03,N,O,1996-08-13,1996-05-31,1996-08-25,DELIVER IN PERSON,SHIP,nusual instructions sleep after th
21511-5,21511,823,23,5,32.00,55162.24,0.09,0.01,N,O,1996-04-27,1996-06-19,1996-05-26,COLLECT COD,TRUCK,uickly regular packages detec
21511-6,21511,817,17,6,37.00,63558.97,0.05,0.03,N,O,1996-05-20,1996-06-12,1996-06-01,DELIVER IN PERSON,MAIL,sly final orbits boost carefully iro
21536-1,21536,1829,59,1,21.00,36347.22,0.00,0.00,N,O,1997-05-30,1997-06-30,1997-06-11,DELIVER IN PERSON,MAIL,al foxes. carefully unusual pac
21536-2,21536,488,47,2,20.00,27769.60,0.04,0.04,N,O,1997-08-07,1997-06-22,1997-08-22,TAKE BACK RETURN,TRUCK,odolites. express pearls wake quickly
21536-3,21536,1292,30,3,7.00,8353.03,0.02,0.00,N,O,1997-05-10,1997-06-09,1997-06-01,TAKE BACK RETURN,FOB,refully special requests. quickly ruthle
21536-4,21536,148,27,4,23.00,24107.22,0.02,0.00,N,O,1997-05-27,1997-06-27,1997-06-16,TAKE BACK RETURN,AIR,ic packages are slyly
21536-5,21536,666,98,5,8.00,12533.28,0.10,0.05,N,O,1997-05-29,1997-06-24,1997-06-15,DELIVER IN PERSON,REG AIR,. ruthless sauternes grow never blithely fi
21536-6,21536,1411,29,6,40.00,52496.40,0.06,0.03,N,O,1997-08-03,1997-06-04,1997-08-15,DELIVER IN PERSON,AIR,n requests haggle against the 
21537-1,21537,588,79,1,23.00,34237.34,0.10,0.03,R,F,1992-02-25,1992-04-12,1992-03-21,TAKE BACK RETURN,FOB,. carefully pending pains nag blithely fu
21537-2,21537,649,81,2,11.00,17046.04,0.03,0.06,R,F,1992-03-31,1992-04-16,1992-04-24,COLLECT COD,MAIL,y special pinto beans cajole furiously. un
21537-3,21537,488,89,3,8.00,11107.84,0.10,0.02,A,F,1992-02-27,1992-03-24,1992-03-08,NONE,REG AIR,ugouts. dolphins cajole fin
21538-1,21538,680,43,1,35.00,55323.80,0.10,0.07,R,F,1994-10-02,1994-09-12,1994-10-05,TAKE BACK RETURN,FOB,cajole furiously above the special 
21538-2,21538,1552,53,2,41.00,59595.55,0.00,0.04,R,F,1994-08-06,1994-10-26,1994-08-31,NONE,TRUCK,blithely a
21538-3,21538,779,80,3,42.00,70550.34,0.03,0.04,R,F,1994-09-24,1994-10-17,1994-09-29,DELIVER IN PERSON,REG AIR,le carefully pending ideas! ir
21538-4,21538,157,58,4,32.00,33828.80,0.02,0.08,A,F,1994-09-14,1994-09-30,1994-10-01,TAKE BACK RETURN,SHIP,ests dazzle slyly accounts. sly
21539-1,21539,1041,12,1,34.00,32029.36,0.02,0.01,A,F,1993-09-02,1993-09-08,1993-09-30,DELIVER IN PERSON,FOB,s sleep careful
21539-2,21539,900,34,2,23.00,41420.70,0.05,0.05,R,F,1993-09-09,1993-10-06,1993-10-04,NONE,FOB,"lly even, final"
21539-3,21539,520,21,3,16.00,22728.32,0.06,0.02,A,F,1993-11-01,1993-08-22,1993-11-06,TAKE BACK RETURN,FOB,leep carefully
21539-4,21539,111,64,4,13.00,13144.43,0.00,0.05,R,F,1993-08-24,1993-09-23,1993-09-20,TAKE BACK RETURN,SHIP,sly even requests cajole bl
21539-5,21539,869,69,5,7.00,12389.02,0.04,0.02,R,F,1993-08-22,1993-08-22,1993-08-25,NONE,TRUCK,s. regular asymptotes g
21540-1,21540,1034,35,1,44.00,41141.32,0.00,0.05,R,F,1992-07-13,1992-06-20,1992-07-27,DELIVER IN PERSON,TRUCK, platelets. final theodolites nag accordin
21540-2,21540,1496,14,2,46.00,64284.54,0.07,0.03,A,F,1992-09-09,1992-08-03,1992-10-09,TAKE BACK RETURN,AIR,instructions. pinto beans affix. slyly reg
21541-1,21541,1332,47,1,49.00,60433.17,0.05,0.02,A,F,1994-11-18,1995-01-02,1994-11-26,DELIVER IN PERSON,TRUCK,en packages. asymptotes among the eve
21542-1,21542,1910,55,1,42.00,76100.22,0.10,0.00,N,F,1995-06-16,1995-08-03,1995-07-02,COLLECT COD,FOB,ts are along th
21542-2,21542,1641,24,2,1.00,1542.64,0.03,0.02,A,F,1995-06-07,1995-08-06,1995-06-15,COLLECT COD,FOB,ets cajole furiously slyly f
21542-3,21542,721,86,3,42.00,68112.24,0.05,0.00,N,O,1995-08-05,1995-07-22,1995-08-29,COLLECT COD,FOB,lar asymptotes use entic
21542-4,21542,1766,93,4,1.00,1667.76,0.09,0.02,N,O,1995-09-09,1995-06-22,1995-10-03,TAKE BACK RETURN,AIR,equests boost. carefully p
21542-5,21542,1381,82,5,9.00,11541.42,0.03,0.01,N,O,1995-06-23,1995-06-28,1995-06-30,TAKE BACK RETURN,RAIL,. carefully enticing ideas th
21542-6,21542,317,18,6,8.00,9738.48,0.05,0.08,N,F,1995-06-09,1995-08-08,1995-06-20,NONE,AIR,"st final, even requests"
21542-7,21542,536,97,7,31.00,44532.43,0.05,0.06,N,O,1995-09-17,1995-07-07,1995-09-29,DELIVER IN PERSON,SHIP,ress accounts. fluffily
21543-1,21543,1340,79,1,13.00,16137.42,0.00,0.07,A,F,1992-03-23,1992-05-30,1992-04-07,TAKE BACK RETURN,RAIL,ructions may dete
21543-2,21543,268,96,2,27.00,31543.02,0.08,0.03,A,F,1992-04-18,1992-05-24,1992-04-30,COLLECT COD,MAIL,refully final patterns n
21543-3,21543,912,15,3,32.00,58013.12,0.08,0.05,R,F,1992-05-11,1992-04-27,1992-05-15,NONE,AIR,ess pinto beans. final theodolites c
21543-4,21543,1744,71,4,36.00,59246.64,0.01,0.01,R,F,1992-03-24,1992-04-16,1992-04-05,NONE,RAIL,carefully unusual
21543-5,21543,163,64,5,5.00,5315.80,0.01,0.04,R,F,1992-06-30,1992-05-01,1992-07-19,TAKE BACK RETURN,FOB,gside of the unusual
21568-1,21568,859,26,1,30.00,52795.50,0.07,0.00,N,O,1995-09-26,1995-10-15,1995-10-11,TAKE BACK RETURN,AIR,quickly expr
21569-1,21569,1026,27,1,12.00,11124.24,0.05,0.01,N,O,1996-09-13,1996-12-03,1996-10-05,COLLECT COD,REG AIR,ular pinto
21569-2,21569,1194,31,2,9.00,9856.71,0.08,0.00,N,O,1996-12-30,1996-11-24,1997-01-20,TAKE BACK RETURN,AIR,ly quick accounts cajole. blithely silen
21570-1,21570,250,78,1,14.00,16103.50,0.10,0.04,N,O,1996-05-19,1996-03-21,1996-06-15,NONE,AIR,since the quickly regular dec
21570-2,21570,808,42,2,27.00,46137.60,0.02,0.00,N,O,1996-05-17,1996-04-30,1996-05-18,TAKE BACK RETURN,REG AIR,ress asymptotes integrate quickly slyly fin
21571-1,21571,1125,98,1,27.00,27705.24,0.05,0.07,N,O,1995-12-12,1995-10-14,1996-01-02,TAKE BACK RETURN,REG AIR,he pinto beans. slyly even requests haggl
21571-2,21571,398,99,2,32.00,41548.48,0.05,0.04,N,O,1995-11-18,1995-10-19,1995-11-22,NONE,FOB,the slyly regular instructions. fur
21571-3,21571,1053,24,3,43.00,41024.15,0.07,0.00,N,O,1995-09-10,1995-10-14,1995-09-13,NONE,FOB, pinto beans. bold theodolites wa
21571-4,21571,439,98,4,9.00,12054.87,0.08,0.08,N,O,1995-08-25,1995-09-27,1995-08-28,COLLECT COD,TRUCK,among the slyly pending id
21571-5,21571,1108,17,5,4.00,4036.40,0.00,0.02,N,O,1995-08-25,1995-09-27,1995-08-29,DELIVER IN PERSON,SHIP,"jole. even, special reques"
21571-6,21571,1679,80,6,18.00,28452.06,0.06,0.05,N,O,1995-11-03,1995-10-17,1995-11-18,NONE,TRUCK,"ckly special, ir"
21572-1,21572,1535,16,1,5.00,7182.65,0.03,0.06,R,F,1994-06-06,1994-04-09,1994-06-25,TAKE BACK RETURN,AIR,busily unusual accoun
21572-2,21572,1773,100,2,38.00,63641.26,0.01,0.01,R,F,1994-02-22,1994-04-08,1994-03-03,TAKE BACK RETURN,RAIL,s across the reg
21572-3,21572,339,40,3,29.00,35940.57,0.02,0.02,R,F,1994-04-29,1994-04-25,1994-05-27,COLLECT COD,RAIL, pinto beans are blithely alongside of 
21572-4,21572,586,47,4,41.00,60949.78,0.04,0.01,A,F,1994-04-02,1994-04-14,1994-04-03,COLLECT COD,REG AIR, the slyly unusual deposits. carefully re
21572-5,21572,1140,41,5,10.00,10411.40,0.04,0.05,A,F,1994-05-30,1994-03-29,1994-06-27,DELIVER IN PERSON,SHIP,ages wake quickly. quickly expre
21572-6,21572,1683,7,6,3.00,4754.04,0.07,0.00,R,F,1994-05-28,1994-03-27,1994-06-20,DELIVER IN PERSON,FOB,. slyly regul
21572-7,21572,684,85,7,14.00,22185.52,0.01,0.07,A,F,1994-02-21,1994-05-08,1994-03-21,TAKE BACK RETURN,SHIP,sly blithely 
21573-1,21573,1326,3,1,47.00,57684.04,0.09,0.08,A,F,1992-07-04,1992-06-25,1992-07-25,COLLECT COD,RAIL,onic dependencies. depos
21573-2,21573,1552,73,2,29.00,42152.95,0.06,0.07,R,F,1992-06-25,1992-07-10,1992-07-10,TAKE BACK RETURN,FOB, wake according to the stealthy dependenci
21573-3,21573,1029,65,3,15.00,13950.30,0.04,0.02,A,F,1992-06-13,1992-07-07,1992-06-28,DELIVER IN PERSON,TRUCK,sual pinto beans sleep
21573-4,21573,193,94,4,12.00,13118.28,0.07,0.07,R,F,1992-07-30,1992-06-13,1992-08-15,NONE,AIR,"y express pinto beans. express, regul"
21573-5,21573,1975,20,5,21.00,39416.37,0.04,0.06,R,F,1992-07-08,1992-07-16,1992-07-16,COLLECT COD,FOB, slyly ironic deposits use. fluffily spe
21573-6,21573,1882,69,6,10.00,17838.80,0.08,0.04,R,F,1992-06-06,1992-06-27,1992-06-15,COLLECT COD,RAIL,fully sly platelets. blithely slow instru
21573-7,21573,440,41,7,18.00,24127.92,0.10,0.02,A,F,1992-08-09,1992-07-01,1992-08-18,DELIVER IN PERSON,TRUCK,carefully alongside of the carefully
21574-1,21574,688,82,1,3.00,4766.04,0.01,0.06,A,F,1993-04-20,1993-04-06,1993-04-22,COLLECT COD,REG AIR, ideas according to the regular platelets
21574-2,21574,319,20,2,4.00,4877.24,0.02,0.02,R,F,1993-03-22,1993-04-03,1993-03-23,NONE,FOB,nal epitaphs. f
21574-3,21574,711,8,3,36.00,58021.56,0.01,0.05,A,F,1993-02-18,1993-03-15,1993-02-27,COLLECT COD,AIR,nd the carefully regula
21574-4,21574,1466,6,4,46.00,62903.16,0.05,0.05,R,F,1993-04-30,1993-04-15,1993-05-23,TAKE BACK RETURN,SHIP,"inal, ironic r"
21574-5,21574,1593,14,5,11.00,16440.49,0.07,0.06,A,F,1993-04-19,1993-03-14,1993-05-14,DELIVER IN PERSON,MAIL, ironic instructions about the fina
21575-1,21575,946,47,1,11.00,20316.34,0.00,0.03,N,O,1997-05-05,1997-03-22,1997-05-12,NONE,RAIL,eposits. accounts
21575-2,21575,892,92,2,26.00,46615.14,0.09,0.00,N,O,1997-04-28,1997-04-14,1997-05-28,COLLECT COD,RAIL, wake slyly. ironic 
21575-3,21575,1693,94,3,6.00,9568.14,0.01,0.05,N,O,1997-03-08,1997-04-24,1997-03-30,TAKE BACK RETURN,TRUCK,eas haggle carefully bold tithes.
21600-1,21600,1077,78,1,4.00,3912.28,0.06,0.00,A,F,1993-05-20,1993-05-22,1993-06-03,NONE,REG AIR,s according to the 
21600-2,21600,1849,79,2,41.00,71784.44,0.05,0.06,A,F,1993-05-09,1993-05-07,1993-05-17,COLLECT COD,TRUCK,nally express foxes hagg
21600-3,21600,607,70,3,33.00,49750.80,0.01,0.02,A,F,1993-06-30,1993-06-15,1993-07-17,TAKE BACK RETURN,TRUCK,e blithely ironic deposits int
21600-4,21600,191,44,4,37.00,40374.03,0.06,0.08,R,F,1993-04-14,1993-05-09,1993-04-29,DELIVER IN PERSON,TRUCK,ironic accounts s
21601-1,21601,588,89,1,4.00,5954.32,0.03,0.01,N,O,1995-06-29,1995-05-27,1995-07-01,COLLECT COD,TRUCK,ously against the qui
21601-2,21601,141,94,2,33.00,34357.62,0.02,0.02,N,O,1995-07-31,1995-06-08,1995-08-25,COLLECT COD,MAIL, furiously. furiously final din
21601-3,21601,117,18,3,5.00,5085.55,0.00,0.00,N,O,1995-07-27,1995-05-20,1995-08-04,TAKE BACK RETURN,RAIL,al foxes cajole slyly blithely re
21601-4,21601,914,15,4,43.00,78041.13,0.08,0.02,N,O,1995-07-17,1995-06-21,1995-07-20,NONE,FOB,posits wake slyly furiousl
21602-1,21602,1572,73,1,37.00,54522.09,0.08,0.03,R,F,1994-10-06,1994-09-12,1994-10-19,NONE,SHIP,ding deposits: carefully unusual foxes w
21602-2,21602,1882,26,2,46.00,82058.48,0.05,0.06,A,F,1994-08-22,1994-08-08,1994-08-30,TAKE BACK RETURN,SHIP,ptotes print fluffily p
21603-1,21603,624,87,1,9.00,13721.58,0.09,0.02,N,O,1997-06-06,1997-05-29,1997-06-29,COLLECT COD,TRUCK,y after the e
21603-2,21603,901,4,2,42.00,75679.80,0.03,0.00,N,O,1997-04-23,1997-05-31,1997-05-05,NONE,MAIL,lets are along the quickly i
21604-1,21604,1530,31,1,28.00,40082.84,0.02,0.03,A,F,1992-04-07,1992-06-21,1992-04-12,NONE,REG AIR,s. unusual
21604-2,21604,1122,59,2,8.00,8184.96,0.06,0.05,R,F,1992-07-11,1992-05-02,1992-08-07,COLLECT COD,RAIL, integrate carefully bold requests. re
21604-3,21604,177,56,3,33.00,35546.61,0.00,0.05,R,F,1992-04-12,1992-05-21,1992-05-11,NONE,SHIP,hely regular
21604-4,21604,192,71,4,30.00,32765.70,0.10,0.07,R,F,1992-05-28,1992-05-14,1992-06-19,DELIVER IN PERSON,REG AIR,s haggle-- 
21604-5,21604,489,77,5,22.00,30568.56,0.07,0.04,R,F,1992-07-01,1992-05-03,1992-07-14,NONE,RAIL,deposits mold car
21604-6,21604,1034,40,6,42.00,39271.26,0.05,0.08,R,F,1992-07-28,1992-05-05,1992-08-07,TAKE BACK RETURN,TRUCK,wake around the enticingly
21605-1,21605,902,37,1,28.00,50481.20,0.08,0.00,R,F,1992-05-04,1992-07-07,1992-05-13,COLLECT COD,TRUCK,"en, ironic reque"
21605-2,21605,1880,67,2,26.00,46328.88,0.07,0.05,A,F,1992-04-10,1992-06-06,1992-04-25,TAKE BACK RETURN,RAIL,. slyly special pint
21605-3,21605,1122,59,3,36.00,36832.32,0.09,0.06,R,F,1992-05-19,1992-06-10,1992-06-01,NONE,MAIL,iously silent packages. unusual acco
21605-4,21605,540,71,4,2.00,2881.08,0.02,0.08,A,F,1992-05-19,1992-06-08,1992-05-26,DELIVER IN PERSON,FOB,ses. excuses eat 
21605-5,21605,1789,90,5,18.00,30434.04,0.03,0.00,R,F,1992-06-16,1992-06-29,1992-07-13,COLLECT COD,REG AIR,ckly express pinto
21605-6,21605,61,37,6,23.00,22104.38,0.03,0.00,A,F,1992-07-10,1992-06-30,1992-07-20,TAKE BACK RETURN,AIR,ts. fluffily final packages
21606-1,21606,61,62,1,50.00,48053.00,0.00,0.08,R,F,1995-04-11,1995-03-09,1995-04-29,TAKE BACK RETURN,FOB,g escapades 
21606-2,21606,397,54,2,23.00,29839.97,0.03,0.06,R,F,1995-04-19,1995-03-13,1995-05-15,COLLECT COD,REG AIR,uriously regular gif
21606-3,21606,162,15,3,29.00,30802.64,0.10,0.08,A,F,1995-04-04,1995-04-23,1995-04-20,TAKE BACK RETURN,TRUCK,eodolites. regular ide
21606-4,21606,630,31,4,5.00,7653.15,0.03,0.00,R,F,1995-05-06,1995-04-12,1995-05-22,DELIVER IN PERSON,RAIL,s use blithely ironic
21606-5,21606,1070,41,5,7.00,6797.49,0.09,0.07,A,F,1995-05-24,1995-03-14,1995-06-05,NONE,AIR," after the ironic, regular fo"
21606-6,21606,1329,44,6,21.00,25836.72,0.02,0.07,A,F,1995-02-07,1995-04-08,1995-03-04,TAKE BACK RETURN,SHIP,uffily accounts. final pl
21607-1,21607,1354,93,1,21.00,26362.35,0.05,0.04,A,F,1992-06-12,1992-05-29,1992-06-13,DELIVER IN PERSON,TRUCK,ly ironic ideas cajole carefully un
21607-2,21607,231,32,2,20.00,22624.60,0.07,0.04,A,F,1992-06-27,1992-04-19,1992-07-22,TAKE BACK RETURN,FOB, blithely unusual platelets cajole aro
21607-3,21607,1548,29,3,4.00,5798.16,0.01,0.06,A,F,1992-07-02,1992-05-21,1992-07-26,DELIVER IN PERSON,SHIP,ously final asymptotes haggle idly about
21607-4,21607,1790,91,4,5.00,8458.95,0.01,0.08,A,F,1992-04-16,1992-05-28,1992-05-09,TAKE BACK RETURN,AIR,"ic requests cajole about the ironic, regu"
21607-5,21607,383,84,5,12.00,15400.56,0.04,0.05,A,F,1992-04-28,1992-04-27,1992-04-29,NONE,SHIP,to beans. carefully enticin
21632-1,21632,469,70,1,14.00,19172.44,0.08,0.00,A,F,1993-05-16,1993-02-24,1993-06-09,COLLECT COD,REG AIR,aters. final asymp
21633-1,21633,1965,10,1,30.00,56008.80,0.10,0.04,R,F,1994-07-25,1994-06-16,1994-07-26,COLLECT COD,TRUCK,sits. quickly idle dugouts are furiousl
21633-2,21633,1353,92,2,36.00,45156.60,0.09,0.06,A,F,1994-07-05,1994-06-16,1994-07-14,TAKE BACK RETURN,REG AIR,"ar, ironic sauternes. evenly final sheave"
21633-3,21633,1726,69,3,10.00,16277.20,0.02,0.03,R,F,1994-05-18,1994-05-20,1994-05-25,COLLECT COD,TRUCK,ronic dependencies use slyly
21633-4,21633,1069,70,4,37.00,35892.22,0.04,0.05,R,F,1994-06-21,1994-05-15,1994-06-30,DELIVER IN PERSON,RAIL,. even dolphins do
21633-5,21633,869,3,5,50.00,88493.00,0.08,0.03,R,F,1994-04-05,1994-05-13,1994-04-15,TAKE BACK RETURN,TRUCK, quickly about the
21633-6,21633,872,73,6,34.00,60277.58,0.05,0.08,A,F,1994-04-19,1994-06-09,1994-04-28,COLLECT COD,FOB,ly bold reques
21633-7,21633,473,3,7,25.00,34336.75,0.04,0.00,A,F,1994-04-10,1994-06-13,1994-04-26,DELIVER IN PERSON,MAIL,oss the quickly even requests. bold pinto b
21634-1,21634,1564,85,1,23.00,33707.88,0.07,0.04,A,F,1993-01-23,1993-01-05,1993-01-28,DELIVER IN PERSON,REG AIR,gular excuses cajole 
21634-2,21634,1763,90,2,13.00,21641.88,0.07,0.03,R,F,1993-01-05,1992-12-03,1993-01-07,COLLECT COD,REG AIR, dogged ideas are according to the slyl
21634-3,21634,1102,3,3,7.00,7021.70,0.05,0.04,A,F,1992-11-16,1993-01-09,1992-12-10,NONE,REG AIR,uickly regular requests. quietly f
21634-4,21634,324,9,4,44.00,53870.08,0.00,0.08,A,F,1993-02-14,1993-01-02,1993-03-08,DELIVER IN PERSON,SHIP, requests. furiously even excuses haggle
21634-5,21634,693,94,5,27.00,43029.63,0.10,0.07,A,F,1993-02-08,1993-01-07,1993-02-17,COLLECT COD,TRUCK,its. carefully re
21635-1,21635,1994,39,1,18.00,34127.82,0.09,0.07,A,F,1995-03-02,1995-01-17,1995-03-03,NONE,FOB,"e slyly brave, special d"
21635-2,21635,1173,46,2,13.00,13964.21,0.06,0.01,A,F,1994-12-15,1995-01-02,1995-01-06,NONE,AIR,counts. regular theodolites along th
21635-3,21635,83,9,3,17.00,16712.36,0.01,0.00,A,F,1995-03-21,1995-01-15,1995-04-03,DELIVER IN PERSON,REG AIR,. express dependencies boo
21635-4,21635,1338,53,4,3.00,3717.99,0.00,0.07,A,F,1994-12-11,1995-02-12,1994-12-22,COLLECT COD,RAIL,"ronic, regular packag"
21636-1,21636,78,4,1,19.00,18583.33,0.05,0.05,A,F,1994-10-10,1994-10-15,1994-10-31,NONE,REG AIR, run blithely furiously special packages
21636-2,21636,1981,14,2,35.00,65904.30,0.05,0.08,R,F,1994-08-29,1994-10-19,1994-09-14,COLLECT COD,REG AIR,ructions. carefully silent f
21636-3,21636,4,80,3,42.00,37968.00,0.06,0.06,R,F,1994-12-09,1994-10-22,1995-01-02,COLLECT COD,TRUCK,ly according to the slyly unu
21636-4,21636,653,47,4,44.00,68360.60,0.08,0.00,A,F,1994-09-15,1994-10-22,1994-10-12,DELIVER IN PERSON,REG AIR," packages. ironic, silent d"
21636-5,21636,429,30,5,29.00,38553.18,0.09,0.00,R,F,1994-08-28,1994-10-10,1994-09-05,DELIVER IN PERSON,REG AIR,c theodolites sleep furiously ac
21636-6,21636,825,25,6,20.00,34516.40,0.05,0.05,R,F,1994-11-03,1994-10-07,1994-11-09,TAKE BACK RETURN,TRUCK,y silent accounts are blithely among
21637-1,21637,1661,62,1,33.00,51567.78,0.07,0.05,N,O,1998-03-14,1998-04-25,1998-04-13,TAKE BACK RETURN,SHIP,arefully carefully regular pinto beans
21638-1,21638,565,26,1,16.00,23448.96,0.09,0.03,A,F,1992-04-19,1992-06-12,1992-05-17,COLLECT COD,MAIL, final requests. fluffily regula
21638-2,21638,485,44,2,33.00,45720.84,0.08,0.01,A,F,1992-06-27,1992-06-02,1992-07-07,NONE,MAIL,according to the final pinto 
21639-1,21639,239,21,1,39.00,44429.97,0.04,0.08,R,F,1995-04-22,1995-04-11,1995-04-23,COLLECT COD,RAIL,"urts. special, even foxes was. quickly "
21639-2,21639,1841,71,2,10.00,17428.40,0.09,0.07,A,F,1995-03-21,1995-04-26,1995-04-05,COLLECT COD,MAIL, busily regular inst
21639-3,21639,1569,90,3,34.00,49999.04,0.05,0.01,R,F,1995-02-23,1995-03-11,1995-03-02,TAKE BACK RETURN,RAIL,s. carefully e
21639-4,21639,1248,60,4,14.00,16089.36,0.00,0.00,R,F,1995-04-16,1995-03-18,1995-05-02,DELIVER IN PERSON,SHIP,requests. fluffily regular instru
21639-5,21639,1471,72,5,31.00,42546.57,0.03,0.07,R,F,1995-03-25,1995-04-07,1995-04-17,COLLECT COD,MAIL,ithely pendi
21664-1,21664,720,17,1,33.00,53483.76,0.01,0.03,A,F,1994-11-22,1995-02-08,1994-11-25,COLLECT COD,REG AIR,y special accounts integ
21664-2,21664,1543,64,2,33.00,47669.82,0.10,0.08,R,F,1995-01-19,1994-12-16,1995-01-29,DELIVER IN PERSON,MAIL,y silent patterns boost daringl
21664-3,21664,348,5,3,41.00,51181.94,0.06,0.05,R,F,1994-12-21,1994-12-29,1994-12-25,DELIVER IN PERSON,TRUCK,beans are blithely. bol
21664-4,21664,369,70,4,23.00,29195.28,0.06,0.01,A,F,1994-11-24,1994-12-25,1994-11-25,TAKE BACK RETURN,SHIP,requests use. carefully regular foxes
21665-1,21665,160,87,1,26.00,27564.16,0.05,0.07,R,F,1992-11-10,1992-12-08,1992-11-18,DELIVER IN PERSON,RAIL, special theodolites boost carefully blithe
21665-2,21665,40,41,2,4.00,3760.16,0.00,0.00,A,F,1993-02-12,1993-01-05,1993-03-02,COLLECT COD,TRUCK,. theodolites are carefully. caref
21665-3,21665,244,26,3,5.00,5721.20,0.06,0.06,A,F,1993-02-03,1992-11-24,1993-03-05,NONE,TRUCK,ly final accounts ac
21665-4,21665,1688,71,4,26.00,41331.68,0.00,0.06,A,F,1992-11-07,1992-11-19,1992-12-04,NONE,RAIL,luffily final account
21665-5,21665,1659,60,5,17.00,26531.05,0.06,0.04,A,F,1992-12-15,1992-11-16,1993-01-07,DELIVER IN PERSON,REG AIR,ag accounts. carefully iro
21666-1,21666,151,52,1,5.00,5255.75,0.04,0.02,A,F,1994-04-03,1994-01-23,1994-04-22,NONE,FOB,the furiously regular ideas. car
21666-2,21666,1840,27,2,41.00,71415.44,0.02,0.07,R,F,1993-12-21,1994-02-10,1994-01-05,TAKE BACK RETURN,AIR,ong the iron
21666-3,21666,513,14,3,3.00,4240.53,0.06,0.03,A,F,1994-03-12,1994-02-22,1994-04-08,NONE,SHIP, sleep blithely even platelets. furiousl
21666-4,21666,1961,94,4,20.00,37259.20,0.03,0.00,A,F,1994-01-05,1994-01-19,1994-01-06,COLLECT COD,MAIL, regular dep
21667-1,21667,1077,13,1,18.00,17605.26,0.00,0.04,N,O,1996-08-31,1996-07-07,1996-09-28,NONE,MAIL,ncies are instructions. pinto beans are 
21667-2,21667,1878,79,2,50.00,88993.50,0.02,0.06,N,O,1996-06-05,1996-08-15,1996-06-25,COLLECT COD,TRUCK,ve the ironic pa
21667-3,21667,1455,95,3,27.00,36624.15,0.05,0.07,N,O,1996-09-17,1996-06-29,1996-10-11,TAKE BACK RETURN,RAIL,lyly regular pinto beans: regular
21667-4,21667,1352,91,4,24.00,30080.40,0.10,0.07,N,O,1996-05-28,1996-08-12,1996-06-18,TAKE BACK RETURN,FOB,ndencies. even asymptotes sleep qu
21667-5,21667,480,68,5,25.00,34512.00,0.02,0.06,N,O,1996-07-20,1996-07-27,1996-07-24,COLLECT COD,MAIL,g foxes haggle against the slyly regular
21667-6,21667,1616,17,6,16.00,24281.76,0.05,0.06,N,O,1996-06-13,1996-08-12,1996-06-24,NONE,SHIP,"ges; final, pend"
21667-7,21667,1122,95,7,10.00,10231.20,0.04,0.07,N,O,1996-08-16,1996-07-20,1996-09-06,NONE,TRUCK,e quickly special ideas. slyly spec
21668-1,21668,1994,27,1,38.00,72047.62,0.05,0.04,N,O,1996-12-22,1996-12-19,1997-01-15,DELIVER IN PERSON,SHIP,among the blithel
21668-2,21668,436,37,2,44.00,58802.92,0.05,0.06,N,O,1997-02-07,1997-02-01,1997-03-07,DELIVER IN PERSON,TRUCK,sts haggle blithely.
21668-3,21668,3,4,3,24.00,21672.00,0.04,0.01,N,O,1997-01-05,1997-01-30,1997-02-04,DELIVER IN PERSON,FOB,e accounts inte
21668-4,21668,192,45,4,24.00,26212.56,0.04,0.00,N,O,1997-01-07,1996-12-08,1997-02-02,NONE,TRUCK, accounts nag blithely acro
21669-1,21669,1005,76,1,7.00,6342.00,0.06,0.04,N,O,1995-10-29,1995-09-09,1995-11-25,NONE,RAIL,tes. carefully even instructions boost c
21669-2,21669,942,43,2,50.00,92147.00,0.04,0.05,N,O,1995-08-12,1995-09-21,1995-09-01,TAKE BACK RETURN,SHIP,ckages; instructions haggle fluffil
21669-3,21669,1866,10,3,9.00,15910.74,0.04,0.03,N,O,1995-07-28,1995-09-30,1995-08-27,TAKE BACK RETURN,MAIL,ep slyly after the fluffily pending
21669-4,21669,218,100,4,3.00,3354.63,0.09,0.07,N,O,1995-10-05,1995-09-17,1995-10-23,NONE,SHIP,pinto beans cajole above the blithely d
21670-1,21670,1477,17,1,48.00,66166.56,0.00,0.07,R,F,1995-01-15,1995-03-28,1995-02-02,COLLECT COD,FOB,gle busily about the carefully unus
21670-2,21670,345,30,2,37.00,46077.58,0.06,0.05,A,F,1995-02-20,1995-03-08,1995-03-04,COLLECT COD,REG AIR,sits. bold
21670-3,21670,464,23,3,38.00,51849.48,0.10,0.00,A,F,1995-03-01,1995-03-08,1995-03-08,COLLECT COD,MAIL,above the furiously pe
21670-4,21670,1457,36,4,30.00,40753.50,0.02,0.04,R,F,1995-01-15,1995-03-07,1995-01-25,NONE,TRUCK,deposits. blithely final 
21671-1,21671,1876,63,1,16.00,28445.92,0.00,0.06,R,F,1993-09-02,1993-07-18,1993-09-10,TAKE BACK RETURN,AIR,"closely special, final deposi"
21671-2,21671,496,97,2,25.00,34912.25,0.09,0.03,A,F,1993-10-02,1993-08-02,1993-10-23,NONE,TRUCK,ly according to the carefully even pinto
21696-1,21696,100,26,1,26.00,26002.60,0.03,0.03,R,F,1993-11-19,1994-01-16,1993-12-15,TAKE BACK RETURN,MAIL,es sleep blith
21696-2,21696,1752,79,2,16.00,26460.00,0.09,0.08,R,F,1993-11-15,1993-12-11,1993-11-18,TAKE BACK RETURN,SHIP,cross the furiously express de
21696-3,21696,1028,34,3,35.00,32515.70,0.01,0.00,R,F,1993-12-19,1993-12-12,1993-12-29,DELIVER IN PERSON,AIR,uests. regularly 
21696-4,21696,669,63,4,45.00,70634.70,0.03,0.03,A,F,1993-10-29,1994-01-10,1993-11-08,COLLECT COD,RAIL,ve to sleep along the furiously final req
21697-1,21697,1742,85,1,42.00,69037.08,0.08,0.02,N,O,1996-04-13,1996-05-28,1996-04-29,COLLECT COD,FOB, integrate blithely furiously eve
21697-2,21697,123,24,2,42.00,42971.04,0.00,0.06,N,O,1996-03-25,1996-04-10,1996-04-24,DELIVER IN PERSON,MAIL,deposits. special pinto beans haggle bli
21697-3,21697,1032,38,3,14.00,13062.42,0.02,0.01,N,O,1996-04-08,1996-04-30,1996-04-16,DELIVER IN PERSON,SHIP,"refully unusual, regular dolphi"
21697-4,21697,128,81,4,34.00,34956.08,0.03,0.03,N,O,1996-03-31,1996-04-09,1996-04-06,TAKE BACK RETURN,SHIP,nusual depos
21697-5,21697,991,94,5,38.00,71895.62,0.04,0.04,N,O,1996-05-17,1996-04-25,1996-05-20,TAKE BACK RETURN,MAIL,ding to the ironic 
21698-1,21698,563,24,1,18.00,26344.08,0.01,0.05,N,O,1998-03-26,1998-04-07,1998-04-04,TAKE BACK RETURN,REG AIR,ounts may detect furiously reque
21698-2,21698,843,44,2,36.00,62778.24,0.02,0.05,N,O,1998-03-16,1998-04-27,1998-03-25,TAKE BACK RETURN,TRUCK,"ly final, close accounts. final, unusu"
21698-3,21698,847,48,3,5.00,8739.20,0.04,0.01,N,O,1998-03-09,1998-05-02,1998-03-28,DELIVER IN PERSON,SHIP,t the bold idea
21698-4,21698,710,7,4,7.00,11274.97,0.08,0.07,N,O,1998-04-19,1998-05-14,1998-05-04,COLLECT COD,MAIL,- furiously i
21698-5,21698,820,87,5,25.00,43020.50,0.04,0.04,N,O,1998-04-22,1998-05-07,1998-05-17,DELIVER IN PERSON,FOB,osits. pending frays w
21698-6,21698,1811,12,6,32.00,54809.92,0.05,0.06,N,O,1998-04-29,1998-05-13,1998-05-17,TAKE BACK RETURN,MAIL,equests use sl
21698-7,21698,7,58,7,34.00,30838.00,0.05,0.08,N,O,1998-06-11,1998-04-25,1998-07-09,DELIVER IN PERSON,AIR,osits hang slyly even reques
21699-1,21699,215,97,1,20.00,22304.20,0.02,0.01,N,O,1995-12-25,1996-02-28,1996-01-10,DELIVER IN PERSON,SHIP, the furiously dogged pac
21699-2,21699,1248,23,2,26.00,29880.24,0.07,0.07,N,O,1996-01-25,1996-01-08,1996-02-02,COLLECT COD,SHIP,uffily except the qui
21699-3,21699,951,86,3,24.00,44446.80,0.10,0.03,N,O,1996-01-11,1996-02-29,1996-01-25,DELIVER IN PERSON,TRUCK,structions boost fluffily packag
21699-4,21699,1683,66,4,49.00,77649.32,0.05,0.02,N,O,1996-03-09,1996-01-30,1996-03-30,DELIVER IN PERSON,FOB,ains hang sl
21700-1,21700,1017,18,1,38.00,34884.38,0.06,0.00,N,O,1997-08-19,1997-10-02,1997-09-09,DELIVER IN PERSON,AIR, blithely ironic depos
21700-2,21700,1309,10,2,35.00,42360.50,0.10,0.03,N,O,1997-11-14,1997-09-17,1997-12-13,DELIVER IN PERSON,SHIP,se silent requests.
21700-3,21700,489,48,3,49.00,68084.52,0.03,0.07,N,O,1997-10-01,1997-09-10,1997-10-30,COLLECT COD,RAIL,ns hang fluffily even packages. even 
21700-4,21700,1867,54,4,21.00,37146.06,0.02,0.06,N,O,1997-08-13,1997-10-07,1997-09-10,TAKE BACK RETURN,MAIL,thely special 
21700-5,21700,1877,21,5,10.00,17788.70,0.10,0.05,N,O,1997-09-14,1997-08-21,1997-09-25,DELIVER IN PERSON,REG AIR,refully. p
21700-6,21700,1314,15,6,29.00,35243.99,0.05,0.00,N,O,1997-11-06,1997-10-06,1997-11-18,DELIVER IN PERSON,MAIL,usly even instructions. blithely f
21701-1,21701,1403,82,1,7.00,9130.80,0.09,0.07,N,O,1996-04-17,1996-03-13,1996-05-03,DELIVER IN PERSON,RAIL,gainst the furiously final packages. even 
21701-2,21701,1370,9,2,49.00,62297.13,0.00,0.07,N,O,1996-03-18,1996-02-20,1996-03-28,NONE,REG AIR,"ronic, ironic wate"
21702-1,21702,446,76,1,13.00,17503.72,0.04,0.01,R,F,1994-01-11,1994-02-21,1994-01-18,DELIVER IN PERSON,TRUCK,wake slowly among th
21703-1,21703,1724,51,1,8.00,13005.76,0.01,0.07,A,F,1994-05-19,1994-04-17,1994-06-03,NONE,FOB, to sleep qu
21703-2,21703,339,24,2,14.00,17350.62,0.09,0.01,R,F,1994-04-01,1994-04-11,1994-04-23,DELIVER IN PERSON,MAIL,ly even pinto beans. slyly regula
21703-3,21703,501,92,3,49.00,68673.50,0.01,0.02,R,F,1994-05-20,1994-04-10,1994-05-31,NONE,MAIL,he ironic Tiresias. unusual requests sle
21703-4,21703,377,78,4,3.00,3832.11,0.04,0.04,A,F,1994-05-16,1994-05-14,1994-05-22,DELIVER IN PERSON,SHIP,usual deposits nag f
21703-5,21703,298,99,5,16.00,19172.64,0.08,0.06,R,F,1994-04-01,1994-04-23,1994-04-09,DELIVER IN PERSON,AIR, against the foxes. slyly regu
21728-1,21728,1217,92,1,6.00,6709.26,0.08,0.02,N,O,1997-02-03,1997-02-26,1997-02-26,DELIVER IN PERSON,MAIL,"ter the final, final deposi"
21728-2,21728,30,56,2,13.00,12090.39,0.08,0.07,N,O,1997-04-23,1997-03-14,1997-05-19,TAKE BACK RETURN,SHIP,old requests are quickly 
21728-3,21728,365,22,3,32.00,40491.52,0.03,0.03,N,O,1997-02-06,1997-03-26,1997-02-10,DELIVER IN PERSON,SHIP,n sheaves. fluffily quiet pinto beans up t
21728-4,21728,1457,58,4,31.00,42111.95,0.08,0.01,N,O,1997-04-10,1997-03-19,1997-04-14,DELIVER IN PERSON,SHIP, quickly bold warhorses about the iron
21728-5,21728,1248,49,5,29.00,33327.96,0.03,0.05,N,O,1997-03-13,1997-02-16,1997-04-12,DELIVER IN PERSON,RAIL,ut the requests. carefully express realms
21729-1,21729,373,30,1,21.00,26740.77,0.09,0.00,A,F,1992-12-21,1993-02-06,1993-01-11,COLLECT COD,AIR,ideas sleep slyly along the slyly ironic ac
21729-2,21729,1188,89,2,48.00,52280.64,0.09,0.07,R,F,1993-02-12,1993-02-07,1993-03-03,COLLECT COD,SHIP,onic deposits. pending theodolite
21729-3,21729,766,31,3,49.00,81671.24,0.09,0.07,R,F,1993-02-16,1993-01-08,1993-03-18,COLLECT COD,SHIP,ress requests are a
21729-4,21729,1989,90,4,37.00,69966.26,0.00,0.04,R,F,1992-12-28,1993-02-16,1992-12-30,TAKE BACK RETURN,SHIP,. carefully regular requests shall
21729-5,21729,949,50,5,31.00,57348.14,0.00,0.05,R,F,1993-01-11,1993-02-21,1993-01-31,DELIVER IN PERSON,FOB,y regular foxes wake furiously i
21729-6,21729,1108,17,6,23.00,23209.30,0.09,0.02,A,F,1992-12-12,1993-01-17,1993-01-04,COLLECT COD,MAIL,ual accounts use carefully unusu
21730-1,21730,851,51,1,19.00,33285.15,0.09,0.07,N,O,1996-05-02,1996-04-18,1996-05-04,NONE,AIR,fily carefully regular pack
21730-2,21730,961,64,2,24.00,44687.04,0.06,0.04,N,O,1996-05-04,1996-05-14,1996-05-06,COLLECT COD,TRUCK,ggle furiously fur
21730-3,21730,1236,48,3,28.00,31842.44,0.05,0.02,N,O,1996-04-18,1996-04-22,1996-04-24,COLLECT COD,FOB,ending ideas; sl
21730-4,21730,1084,20,4,21.00,20686.68,0.00,0.00,N,O,1996-03-22,1996-04-04,1996-04-12,NONE,RAIL,y. blithely silent 
21730-5,21730,1453,54,5,10.00,13544.50,0.06,0.02,N,O,1996-04-12,1996-05-17,1996-05-04,COLLECT COD,AIR,uickly. braids cajole careful
21730-6,21730,1079,80,6,8.00,7840.56,0.08,0.00,N,O,1996-04-13,1996-04-07,1996-04-15,NONE,AIR, even instructions. slyly regular saut
21731-1,21731,927,28,1,23.00,42042.16,0.02,0.03,N,O,1995-12-13,1996-02-13,1995-12-31,COLLECT COD,SHIP,"the even, even re"
21731-2,21731,1739,82,2,13.00,21329.49,0.03,0.06,N,O,1995-11-28,1996-01-14,1995-12-23,NONE,FOB,. silent pinto beans cajole. 
21731-3,21731,1606,48,3,33.00,49750.80,0.06,0.08,N,O,1995-12-30,1996-01-10,1996-01-12,TAKE BACK RETURN,RAIL,about the carefully special 
21731-4,21731,1563,84,4,9.00,13181.04,0.01,0.03,N,O,1996-01-16,1996-02-05,1996-01-25,NONE,SHIP,usual pinto beans wake
21731-5,21731,1931,32,5,8.00,14663.44,0.05,0.03,N,O,1996-01-20,1996-02-12,1996-02-13,DELIVER IN PERSON,RAIL,ly quickly bold theo
21731-6,21731,1044,50,6,25.00,23626.00,0.01,0.04,N,O,1995-12-29,1996-02-05,1996-01-13,TAKE BACK RETURN,SHIP,slyly about the sl
21732-1,21732,581,42,1,13.00,19260.54,0.04,0.04,N,O,1996-02-10,1996-02-22,1996-03-02,COLLECT COD,REG AIR,resias are slyly even sheaves?
21732-2,21732,795,92,2,44.00,74614.76,0.06,0.01,N,O,1996-01-28,1996-02-10,1996-02-05,DELIVER IN PERSON,TRUCK,courts haggle 
21732-3,21732,1634,76,3,14.00,21498.82,0.03,0.00,N,O,1996-03-13,1996-02-19,1996-04-02,NONE,RAIL,l theodolites! furiously even th
21732-4,21732,1820,21,4,45.00,77481.90,0.03,0.08,N,O,1996-04-18,1996-03-29,1996-05-18,TAKE BACK RETURN,AIR,y along the pending requ
21732-5,21732,715,48,5,3.00,4847.13,0.06,0.08,N,O,1996-03-09,1996-04-02,1996-03-13,DELIVER IN PERSON,SHIP,"kly alongside of the bold packages. final, "
21732-6,21732,260,88,6,23.00,26685.98,0.10,0.05,N,O,1996-01-29,1996-02-22,1996-02-08,COLLECT COD,MAIL,y even accounts wake fluffily q
21733-1,21733,546,7,1,42.00,60754.68,0.09,0.02,N,O,1997-01-04,1997-01-05,1997-01-09,DELIVER IN PERSON,REG AIR, the carefully specia
21733-2,21733,930,33,2,34.00,62251.62,0.06,0.00,N,O,1996-11-21,1997-02-15,1996-12-15,TAKE BACK RETURN,AIR,ayers cajole 
21733-3,21733,824,25,3,1.00,1724.82,0.04,0.00,N,O,1997-02-24,1997-02-01,1997-03-18,COLLECT COD,TRUCK,t slyly. pending platelets c
21733-4,21733,743,76,4,27.00,44380.98,0.06,0.07,N,O,1997-03-06,1996-12-18,1997-03-27,COLLECT COD,FOB,y regular deposits. quickly regular pack
21733-5,21733,1881,68,5,44.00,78446.72,0.05,0.03,N,O,1997-01-10,1997-01-23,1997-01-12,TAKE BACK RETURN,SHIP,gular foxes haggle furio
21733-6,21733,76,2,6,37.00,36114.59,0.08,0.07,N,O,1997-03-03,1997-01-11,1997-03-13,NONE,FOB,ep carefully around the daringly
21733-7,21733,1807,8,7,44.00,75187.20,0.03,0.05,N,O,1996-12-28,1997-01-28,1997-01-10,NONE,RAIL,ual deposits. furiously bold accou
21734-1,21734,1212,13,1,4.00,4452.84,0.03,0.07,N,O,1996-03-13,1996-05-14,1996-03-16,NONE,REG AIR, furiously final requests nag blit
21734-2,21734,1320,35,2,5.00,6106.60,0.03,0.05,N,O,1996-04-24,1996-04-30,1996-05-05,DELIVER IN PERSON,SHIP,ges wake quickly spe
21734-3,21734,1568,89,3,11.00,16165.16,0.04,0.00,N,O,1996-06-13,1996-04-29,1996-06-21,NONE,REG AIR, ironic accounts 
21734-4,21734,508,99,4,42.00,59157.00,0.01,0.01,N,O,1996-03-24,1996-04-19,1996-04-09,DELIVER IN PERSON,FOB,l packages. slyly pend
21735-1,21735,786,87,1,36.00,60724.08,0.01,0.01,A,F,1993-05-16,1993-05-25,1993-05-29,TAKE BACK RETURN,REG AIR, packages. slow foxes above the always ir
21735-2,21735,1576,77,2,12.00,17730.84,0.10,0.03,A,F,1993-03-11,1993-05-20,1993-04-10,NONE,SHIP,dolphins haggle blithely slyly 
21735-3,21735,1640,41,3,28.00,43165.92,0.00,0.02,R,F,1993-06-01,1993-05-21,1993-06-19,DELIVER IN PERSON,SHIP,ven excuses. blithely ruthless instr
21735-4,21735,147,100,4,12.00,12565.68,0.04,0.07,A,F,1993-04-25,1993-04-21,1993-05-19,DELIVER IN PERSON,MAIL,le furiously. blithely 
21735-5,21735,1216,54,5,33.00,36867.93,0.07,0.07,R,F,1993-05-27,1993-05-24,1993-05-29,DELIVER IN PERSON,REG AIR,"oost furiously ironic, ironic instruction"
21735-6,21735,1877,64,6,14.00,24904.18,0.06,0.02,R,F,1993-06-19,1993-05-31,1993-07-18,NONE,FOB,cial deposits haggle thinly ironic theodol
21760-1,21760,1753,38,1,39.00,64535.25,0.05,0.00,A,F,1995-04-13,1995-03-11,1995-04-20,TAKE BACK RETURN,RAIL,arefully final requests nag 
21760-2,21760,1159,60,2,2.00,2120.30,0.04,0.04,R,F,1995-02-05,1995-04-06,1995-02-10,COLLECT COD,TRUCK,carefully final instructions
21761-1,21761,1782,25,1,28.00,47145.84,0.05,0.05,N,O,1997-03-29,1997-04-06,1997-04-08,DELIVER IN PERSON,SHIP,bove the blithely regular p
21761-2,21761,1100,1,2,7.00,7007.70,0.08,0.05,N,O,1997-05-29,1997-04-26,1997-06-23,DELIVER IN PERSON,SHIP,pecial dep
21762-1,21762,1420,38,1,47.00,62106.74,0.00,0.00,N,O,1996-10-01,1996-11-14,1996-10-18,DELIVER IN PERSON,REG AIR,ravely express ideas cajole blithely fu
21762-2,21762,623,55,2,45.00,68562.90,0.03,0.06,N,O,1996-10-06,1996-11-17,1996-10-31,NONE,SHIP,"ages sleep dogged, final pinto "
21762-3,21762,1778,5,3,21.00,35275.17,0.07,0.02,N,O,1996-10-01,1996-11-01,1996-10-15,NONE,AIR,e fluffily ironic accou
21762-4,21762,815,49,4,30.00,51474.30,0.06,0.05,N,O,1996-09-12,1996-11-11,1996-10-10,COLLECT COD,REG AIR,"ounts along the regular, special escapa"
21762-5,21762,542,43,5,24.00,34620.96,0.06,0.02,N,O,1996-11-16,1996-10-26,1996-11-19,COLLECT COD,AIR,olites are fluffily iro
21763-1,21763,1589,30,1,45.00,67076.10,0.08,0.00,A,F,1992-06-16,1992-07-06,1992-07-07,NONE,MAIL,lly express requests are slyly accoun
21763-2,21763,188,41,2,2.00,2176.36,0.01,0.07,R,F,1992-08-06,1992-06-28,1992-08-20,NONE,SHIP,"ests. special, bold packages detect above"
21763-3,21763,1441,59,3,2.00,2684.88,0.07,0.05,A,F,1992-07-10,1992-08-20,1992-07-23,TAKE BACK RETURN,REG AIR,carefully! blithely regular
21763-4,21763,230,58,4,39.00,44078.97,0.07,0.03,R,F,1992-07-25,1992-07-25,1992-08-19,TAKE BACK RETURN,RAIL, haggle furiousl
21764-1,21764,1682,65,1,25.00,39592.00,0.10,0.02,N,O,1997-06-02,1997-04-18,1997-06-25,DELIVER IN PERSON,SHIP,silent attainments. eve
21764-2,21764,763,64,2,5.00,8318.80,0.00,0.01,N,O,1997-05-09,1997-04-01,1997-05-20,NONE,SHIP,furiously against the idly 
21764-3,21764,1801,31,3,14.00,23839.20,0.08,0.07,N,O,1997-03-03,1997-05-17,1997-03-12,DELIVER IN PERSON,FOB,quickly regular deposits. final pi
21764-4,21764,141,20,4,20.00,20822.80,0.05,0.03,N,O,1997-06-23,1997-04-23,1997-07-15,NONE,TRUCK,onic theodoli
21764-5,21764,1693,35,5,18.00,28704.42,0.00,0.03,N,O,1997-04-24,1997-04-10,1997-05-13,NONE,TRUCK,t the even requests 
21765-1,21765,1742,85,1,19.00,31231.06,0.03,0.02,N,O,1997-05-13,1997-06-07,1997-05-25,DELIVER IN PERSON,FOB,ar deposits must have 
21765-2,21765,613,76,2,8.00,12108.88,0.09,0.02,N,O,1997-05-21,1997-06-08,1997-06-09,TAKE BACK RETURN,REG AIR,rns. slyly even deposits boost fluffil
21765-3,21765,999,2,3,29.00,55099.71,0.10,0.05,N,O,1997-07-12,1997-05-08,1997-07-18,COLLECT COD,AIR,ourts wake carefully among the regular
21766-1,21766,178,79,1,17.00,18328.89,0.03,0.05,A,F,1994-09-20,1994-08-02,1994-09-29,COLLECT COD,MAIL, about the ruthlessly final deposi
21766-2,21766,377,6,2,6.00,7664.22,0.01,0.02,A,F,1994-08-28,1994-08-03,1994-09-15,DELIVER IN PERSON,SHIP,carefully furious
21766-3,21766,24,25,3,21.00,19404.42,0.00,0.02,R,F,1994-09-04,1994-08-17,1994-09-21,DELIVER IN PERSON,SHIP,blithely s
21766-4,21766,636,30,4,1.00,1536.63,0.07,0.01,A,F,1994-10-01,1994-08-17,1994-10-09,TAKE BACK RETURN,SHIP, the furiously even excuses. 
21766-5,21766,622,85,5,1.00,1522.62,0.09,0.07,R,F,1994-07-20,1994-08-08,1994-08-03,NONE,TRUCK,. slyly final pinto bean
21766-6,21766,207,35,6,30.00,33216.00,0.05,0.07,A,F,1994-08-05,1994-08-28,1994-08-27,DELIVER IN PERSON,MAIL,the slyly special foxes. reques
21767-1,21767,852,19,1,36.00,63102.60,0.06,0.08,N,O,1998-06-27,1998-07-02,1998-07-23,NONE,FOB,integrate furiously s
21767-2,21767,49,100,2,36.00,34165.44,0.05,0.00,N,O,1998-04-20,1998-06-09,1998-05-08,NONE,REG AIR,lithely regular a
21767-3,21767,764,61,3,20.00,33295.20,0.01,0.00,N,O,1998-05-24,1998-06-02,1998-06-17,NONE,FOB,ntly regular acc
21767-4,21767,1239,14,4,1.00,1140.23,0.02,0.01,N,O,1998-06-29,1998-06-12,1998-07-15,COLLECT COD,AIR, blithely blithely pending deposit
21767-5,21767,1712,39,5,37.00,59707.27,0.09,0.05,N,O,1998-07-03,1998-05-16,1998-07-21,TAKE BACK RETURN,RAIL,r the regular pinto beans.
21792-1,21792,21,97,1,24.00,22104.48,0.04,0.05,A,F,1992-12-18,1992-11-03,1993-01-13,TAKE BACK RETURN,TRUCK, ruthless requests. special instr
21792-2,21792,1343,82,2,4.00,4977.36,0.02,0.05,A,F,1992-09-28,1992-11-23,1992-09-30,DELIVER IN PERSON,REG AIR,"ins boost quickly along the regular, bli"
21793-1,21793,555,86,1,14.00,20377.70,0.04,0.07,A,F,1995-05-30,1995-05-26,1995-05-31,TAKE BACK RETURN,REG AIR, platelets play carefully. plat
21793-2,21793,1561,42,2,20.00,29251.20,0.00,0.07,N,O,1995-08-15,1995-06-15,1995-09-11,TAKE BACK RETURN,REG AIR,requests wake quick
21794-1,21794,1180,53,1,40.00,43247.20,0.08,0.07,R,F,1994-09-27,1994-08-29,1994-10-25,COLLECT COD,FOB,sly silent co
21794-2,21794,629,92,2,48.00,73421.76,0.04,0.04,R,F,1994-08-24,1994-07-15,1994-09-10,DELIVER IN PERSON,FOB,"es are ironic, iron"
21794-3,21794,466,25,3,25.00,34161.50,0.06,0.03,A,F,1994-09-17,1994-08-18,1994-09-18,TAKE BACK RETURN,AIR,an wake according to the f
21794-4,21794,752,85,4,8.00,13222.00,0.06,0.01,R,F,1994-09-08,1994-09-07,1994-10-02,NONE,TRUCK,asymptotes. quickly eve
21794-5,21794,208,9,5,35.00,38787.00,0.08,0.02,R,F,1994-08-05,1994-08-18,1994-08-22,NONE,RAIL,accounts. special asymptotes sleep slyl
21794-6,21794,1930,75,6,29.00,53125.97,0.01,0.03,R,F,1994-07-08,1994-08-15,1994-07-27,DELIVER IN PERSON,AIR,"efully along the ironic, special dependen"
21795-1,21795,1522,63,1,29.00,41282.08,0.02,0.03,R,F,1993-07-12,1993-08-06,1993-08-02,NONE,SHIP,ly quiet ideas cajole furiously blithel
21795-2,21795,1705,90,2,24.00,38560.80,0.03,0.07,R,F,1993-09-30,1993-07-25,1993-10-20,DELIVER IN PERSON,AIR,y final accounts. pinto beans sleep. bold 
21795-3,21795,609,3,3,29.00,43778.40,0.04,0.02,A,F,1993-08-23,1993-07-14,1993-09-08,TAKE BACK RETURN,REG AIR,ironic packages. f
21795-4,21795,523,54,4,23.00,32740.96,0.07,0.00,A,F,1993-10-07,1993-09-10,1993-10-17,DELIVER IN PERSON,TRUCK,es haggle b
21795-5,21795,1281,93,5,26.00,30739.28,0.06,0.04,A,F,1993-08-15,1993-07-15,1993-09-09,COLLECT COD,FOB,usly ironic platel
21795-6,21795,399,28,6,49.00,63670.11,0.05,0.05,R,F,1993-06-15,1993-08-27,1993-06-19,TAKE BACK RETURN,MAIL,"ng, unusual courts. quickly unusual requ"
21795-7,21795,1500,18,7,34.00,47651.00,0.08,0.04,A,F,1993-09-18,1993-08-23,1993-09-23,TAKE BACK RETURN,MAIL,cial theodolit
21796-1,21796,17,18,1,24.00,22008.24,0.05,0.01,A,F,1992-05-31,1992-07-12,1992-06-08,NONE,REG AIR,s about the quickly ironic foxes sleep
21796-2,21796,1797,40,2,37.00,62855.23,0.03,0.01,A,F,1992-08-08,1992-07-04,1992-08-13,COLLECT COD,AIR,uickly about the furiously regular package
21796-3,21796,1759,86,3,21.00,34875.75,0.09,0.00,R,F,1992-05-20,1992-07-16,1992-05-25,NONE,TRUCK,its are furiously slyly 
21796-4,21796,1062,63,4,18.00,17335.08,0.08,0.03,R,F,1992-07-17,1992-06-25,1992-08-09,COLLECT COD,AIR,y even theodolites n
21796-5,21796,930,65,5,22.00,40280.46,0.02,0.02,A,F,1992-08-06,1992-06-06,1992-08-17,COLLECT COD,RAIL,special asymptotes. quickly regular acco
21796-6,21796,1898,42,6,40.00,71995.60,0.08,0.04,R,F,1992-08-27,1992-06-30,1992-08-31,TAKE BACK RETURN,SHIP,onic accounts. quickly final hock
21797-1,21797,894,28,1,31.00,55641.59,0.05,0.08,N,O,1997-06-01,1997-06-25,1997-06-27,TAKE BACK RETURN,FOB,egular courts s
21797-2,21797,750,47,2,41.00,67680.75,0.01,0.08,N,O,1997-08-19,1997-08-01,1997-09-10,DELIVER IN PERSON,RAIL,fter the slyl
21797-3,21797,271,26,3,2.00,2342.54,0.10,0.01,N,O,1997-07-13,1997-06-09,1997-07-21,NONE,REG AIR,ounts use f
21797-4,21797,309,94,4,31.00,37488.30,0.02,0.00,N,O,1997-07-28,1997-06-20,1997-07-31,TAKE BACK RETURN,FOB,ions. final accounts breach flu
21797-5,21797,281,63,5,9.00,10631.52,0.05,0.02,N,O,1997-09-05,1997-07-11,1997-09-22,TAKE BACK RETURN,REG AIR,"gged accounts. unusual, unusual id"
21797-6,21797,401,60,6,38.00,49453.20,0.04,0.06,N,O,1997-08-07,1997-06-17,1997-08-18,COLLECT COD,FOB,ntegrate blithely. slyly regular in
21798-1,21798,899,66,1,11.00,19798.79,0.09,0.07,N,O,1998-07-20,1998-09-02,1998-08-05,DELIVER IN PERSON,TRUCK,out the slyly pending ins
21798-2,21798,1398,13,2,49.00,63670.11,0.03,0.01,N,O,1998-06-27,1998-08-18,1998-07-25,DELIVER IN PERSON,REG AIR,"ng to the final, pending theodolites "
21798-3,21798,350,7,3,15.00,18755.25,0.06,0.04,N,O,1998-08-11,1998-09-10,1998-09-08,NONE,RAIL,integrate slyly atop the
21799-1,21799,1821,65,1,29.00,49961.78,0.09,0.05,R,F,1995-06-07,1995-06-04,1995-06-08,TAKE BACK RETURN,REG AIR, special de
21799-2,21799,1371,86,2,12.00,15268.44,0.06,0.08,A,F,1995-05-20,1995-05-24,1995-05-28,TAKE BACK RETURN,FOB,g accounts affix quickly into
21799-3,21799,591,22,3,34.00,50714.06,0.06,0.08,R,F,1995-05-05,1995-05-20,1995-05-11,DELIVER IN PERSON,AIR,as across the bold deposits are caref
21799-4,21799,309,10,4,14.00,16930.20,0.02,0.04,A,F,1995-05-18,1995-06-06,1995-06-13,NONE,FOB,ages sleep quickly even reque
21799-5,21799,445,4,5,30.00,40363.20,0.06,0.01,A,F,1995-05-11,1995-06-07,1995-06-05,DELIVER IN PERSON,MAIL,r pinto beans. fluffily express 
21799-6,21799,1934,23,6,23.00,42226.39,0.04,0.00,N,F,1995-06-11,1995-05-24,1995-06-24,NONE,REG AIR,xes haggle 
21824-1,21824,1141,14,1,24.00,25011.36,0.09,0.04,R,F,1995-04-21,1995-03-11,1995-05-15,COLLECT COD,AIR,ffily regular packag
21824-2,21824,1973,62,2,3.00,5624.91,0.01,0.04,A,F,1995-03-30,1995-04-19,1995-04-08,NONE,AIR,e fluffily careful
21825-1,21825,1814,58,1,17.00,29168.77,0.03,0.06,A,F,1993-02-22,1993-03-01,1993-03-16,TAKE BACK RETURN,SHIP,ully express pinto beans haggle fu
21825-2,21825,1579,20,2,4.00,5922.28,0.09,0.01,R,F,1993-03-29,1993-02-13,1993-04-05,COLLECT COD,RAIL,nis. regular pinto bean
21826-1,21826,1786,13,1,4.00,6751.12,0.04,0.08,N,O,1996-06-29,1996-05-06,1996-06-30,COLLECT COD,MAIL, deposits cajole 
21826-2,21826,1902,91,2,45.00,81175.50,0.09,0.02,N,O,1996-05-23,1996-06-07,1996-06-03,TAKE BACK RETURN,MAIL,quickly slyly ironic
21826-3,21826,975,10,3,24.00,45023.28,0.09,0.04,N,O,1996-05-09,1996-06-10,1996-05-13,TAKE BACK RETURN,MAIL,e idly even in
21826-4,21826,1100,36,4,1.00,1001.10,0.10,0.08,N,O,1996-06-12,1996-04-27,1996-06-23,DELIVER IN PERSON,AIR,instructions wake after the car
21826-5,21826,743,76,5,34.00,55887.16,0.03,0.02,N,O,1996-06-05,1996-05-17,1996-06-12,TAKE BACK RETURN,MAIL,ests are furiously. careful
21826-6,21826,1205,6,6,28.00,30973.60,0.02,0.02,N,O,1996-07-18,1996-05-02,1996-07-29,NONE,MAIL,iously bold co
21827-1,21827,1779,6,1,38.00,63869.26,0.04,0.03,A,F,1992-12-13,1992-12-29,1992-12-25,TAKE BACK RETURN,TRUCK, platelets. bol
21827-2,21827,123,2,2,30.00,30693.60,0.04,0.06,R,F,1993-01-19,1993-01-03,1993-01-21,TAKE BACK RETURN,RAIL,"kly at the ironic, ironic dependencies"
21828-1,21828,755,56,1,12.00,19869.00,0.01,0.08,N,O,1997-01-03,1997-01-31,1997-01-22,COLLECT COD,FOB, platelets. deposits sleep 
21828-2,21828,657,89,2,6.00,9345.90,0.08,0.06,N,O,1997-03-18,1997-02-12,1997-04-07,DELIVER IN PERSON,RAIL,requests. pinto beans 
21828-3,21828,1273,48,3,47.00,55190.69,0.09,0.08,N,O,1997-02-18,1997-01-19,1997-03-06,DELIVER IN PERSON,FOB," deposits wake about the unusual,"
21828-4,21828,500,88,4,10.00,14005.00,0.01,0.04,N,O,1996-12-22,1997-01-13,1996-12-24,COLLECT COD,MAIL,ithely bold 
21828-5,21828,982,51,5,28.00,52723.44,0.08,0.03,N,O,1997-01-22,1997-02-08,1997-02-20,DELIVER IN PERSON,TRUCK,counts haggle slyly. fluffily sile
21828-6,21828,648,49,6,50.00,77432.00,0.07,0.08,N,O,1997-03-19,1996-12-19,1997-03-22,COLLECT COD,RAIL,packages. unusual packages mold slyly ac
21829-1,21829,1344,21,1,5.00,6226.70,0.10,0.01,N,O,1998-03-02,1998-03-10,1998-03-19,TAKE BACK RETURN,FOB,y furiously 
21830-1,21830,1940,73,1,31.00,57100.14,0.04,0.06,A,F,1994-02-02,1994-03-13,1994-03-01,DELIVER IN PERSON,MAIL,n carefully carefully even deposits. b
21831-1,21831,697,60,1,7.00,11183.83,0.02,0.01,A,F,1994-11-16,1994-11-11,1994-12-06,TAKE BACK RETURN,REG AIR,y even accounts. ironic foxes sleep slyly.
21831-2,21831,353,82,2,24.00,30080.40,0.09,0.03,A,F,1994-11-07,1994-11-07,1994-11-12,COLLECT COD,FOB,idle requests use slyly along the carefull
21831-3,21831,674,68,3,35.00,55113.45,0.10,0.07,A,F,1994-10-08,1994-11-24,1994-11-01,COLLECT COD,REG AIR,oxes lose bravely th
21831-4,21831,977,78,4,5.00,9389.85,0.06,0.04,A,F,1994-11-26,1994-12-14,1994-12-04,COLLECT COD,FOB,arefully bold pinto beans cajole slyly
21831-5,21831,984,87,5,5.00,9424.90,0.02,0.01,A,F,1994-09-27,1994-11-10,1994-10-09,TAKE BACK RETURN,REG AIR,ies integrate Tiresias; quickl
21856-1,21856,892,92,1,27.00,48408.03,0.08,0.07,R,F,1992-07-06,1992-06-19,1992-07-11,NONE,SHIP,s haggle blithely quickly express ideas. 
21856-2,21856,1832,62,2,26.00,45079.58,0.06,0.00,A,F,1992-05-23,1992-06-06,1992-05-29,NONE,REG AIR,"ts wake slyly express packages! regular, i"
21856-3,21856,264,46,3,1.00,1164.26,0.06,0.06,R,F,1992-05-06,1992-06-09,1992-05-11,NONE,TRUCK,ealthily special asym
21856-4,21856,658,59,4,8.00,12469.20,0.03,0.07,R,F,1992-07-22,1992-05-26,1992-07-28,COLLECT COD,SHIP,ly silent theodoli
21856-5,21856,1134,7,5,22.00,22772.86,0.00,0.01,R,F,1992-06-14,1992-06-02,1992-06-17,NONE,SHIP,ously final requ
21857-1,21857,675,7,1,17.00,26786.39,0.04,0.01,R,F,1992-10-12,1992-09-21,1992-10-15,DELIVER IN PERSON,SHIP,ecial foxes hag
21858-1,21858,508,99,1,36.00,50706.00,0.02,0.00,N,O,1997-12-30,1997-12-17,1998-01-24,COLLECT COD,AIR,cording to the packages. blithe
21858-2,21858,154,55,2,33.00,34786.95,0.06,0.07,N,O,1998-01-23,1997-12-16,1998-02-20,TAKE BACK RETURN,TRUCK, the slyly pending packa
21858-3,21858,858,58,3,24.00,42212.40,0.08,0.07,N,O,1998-01-31,1998-01-12,1998-02-01,COLLECT COD,REG AIR,ckages. furiously 
21858-4,21858,1893,37,4,10.00,17948.90,0.06,0.08,N,O,1998-01-16,1997-12-22,1998-02-06,NONE,RAIL,ly quickly even platelets
21858-5,21858,375,60,5,19.00,24232.03,0.01,0.05,N,O,1998-01-14,1998-01-14,1998-01-22,TAKE BACK RETURN,RAIL,hely regular foxes. fluffily u
21858-6,21858,45,71,6,8.00,7560.32,0.07,0.07,N,O,1997-11-11,1997-11-27,1997-12-02,DELIVER IN PERSON,RAIL,thely among the instructions. furi
21858-7,21858,419,20,7,21.00,27707.61,0.03,0.08,N,O,1998-01-18,1997-12-10,1998-02-06,DELIVER IN PERSON,AIR,"usual, regular requests. regular, "
21859-1,21859,1567,88,1,37.00,54336.72,0.06,0.04,N,O,1995-12-15,1996-01-22,1995-12-16,NONE,TRUCK,unts? pending grouches cajole quick
21859-2,21859,817,18,2,36.00,61841.16,0.07,0.03,N,O,1996-02-18,1995-12-26,1996-03-16,DELIVER IN PERSON,AIR,le. furiously pending
21859-3,21859,1308,85,3,18.00,21767.40,0.07,0.03,N,O,1996-02-12,1996-01-04,1996-02-18,TAKE BACK RETURN,AIR,s detect carefully blithe
21859-4,21859,936,37,4,7.00,12858.51,0.01,0.03,N,O,1996-01-12,1996-01-12,1996-01-18,TAKE BACK RETURN,FOB, players. fluffily special notornis eat s
21859-5,21859,1933,22,5,12.00,22019.16,0.04,0.07,N,O,1996-02-18,1995-12-24,1996-02-29,TAKE BACK RETURN,AIR,arefully special
21860-1,21860,924,27,1,42.00,76646.64,0.10,0.06,A,F,1992-05-11,1992-05-29,1992-05-27,DELIVER IN PERSON,AIR,ts haggle carefully furiously
21860-2,21860,1211,86,2,47.00,52273.87,0.05,0.06,R,F,1992-06-27,1992-07-06,1992-07-07,DELIVER IN PERSON,REG AIR,hely even packages. express 
21860-3,21860,796,93,3,48.00,81445.92,0.09,0.03,R,F,1992-07-04,1992-07-23,1992-07-19,NONE,AIR,bold requests. furiously quiet 
21861-1,21861,340,97,1,36.00,44652.24,0.04,0.04,A,F,1994-11-02,1994-10-12,1994-11-30,NONE,SHIP,st regular 
21861-2,21861,827,27,2,31.00,53562.42,0.02,0.06,A,F,1994-10-17,1994-09-19,1994-11-04,DELIVER IN PERSON,SHIP,efully regular sentiments kindle slyly. 
21861-3,21861,222,77,3,15.00,16833.30,0.00,0.08,A,F,1994-08-26,1994-11-11,1994-09-15,TAKE BACK RETURN,SHIP,ites haggle quickly furiously
21861-4,21861,1908,97,4,2.00,3619.80,0.00,0.07,A,F,1994-10-16,1994-09-30,1994-11-05,NONE,SHIP,slyly. furiously ir
21861-5,21861,596,57,5,44.00,65849.96,0.08,0.01,A,F,1994-08-27,1994-10-15,1994-09-24,NONE,RAIL,unts. express packages cajole bold reque
21861-6,21861,179,80,6,29.00,31295.93,0.10,0.00,A,F,1994-11-17,1994-11-10,1994-12-06,NONE,MAIL,across the
21862-1,21862,1504,45,1,33.00,46381.50,0.01,0.05,R,F,1993-09-29,1993-10-18,1993-10-06,NONE,AIR,lyly final requests arou
21862-2,21862,1016,22,2,11.00,10087.11,0.09,0.00,A,F,1993-11-02,1993-12-10,1993-11-27,COLLECT COD,MAIL,ntegrate regul
21862-3,21862,1353,54,3,28.00,35121.80,0.06,0.05,R,F,1993-11-25,1993-11-27,1993-12-02,DELIVER IN PERSON,SHIP,olites. re
21862-4,21862,1592,13,4,22.00,32858.98,0.08,0.01,R,F,1993-10-23,1993-11-08,1993-11-12,NONE,SHIP,olites eat slyly! careful
21863-1,21863,37,88,1,12.00,11244.36,0.09,0.07,A,F,1994-01-20,1993-12-23,1994-01-24,DELIVER IN PERSON,FOB,symptotes boost bravely across the
21863-2,21863,857,91,2,27.00,47461.95,0.05,0.00,A,F,1994-03-08,1993-12-29,1994-04-01,TAKE BACK RETURN,SHIP,structions boost furiously iron
21863-3,21863,946,47,3,48.00,88653.12,0.07,0.00,A,F,1994-01-08,1994-02-18,1994-01-23,DELIVER IN PERSON,SHIP,regular deposits ar
21863-4,21863,1798,99,4,26.00,44194.54,0.08,0.01,A,F,1993-12-28,1994-02-07,1994-01-04,DELIVER IN PERSON,MAIL,even accounts. reque
21863-5,21863,669,63,5,12.00,18835.92,0.10,0.07,R,F,1994-03-04,1994-01-07,1994-03-29,DELIVER IN PERSON,TRUCK,yly alongside of the slyly final
21888-1,21888,1065,36,1,14.00,13524.84,0.07,0.08,A,F,1992-04-07,1992-06-01,1992-04-28,NONE,REG AIR,ithes. boldly final requests use car
21888-2,21888,651,14,2,17.00,26378.05,0.01,0.08,R,F,1992-05-03,1992-05-22,1992-05-13,TAKE BACK RETURN,REG AIR, haggle slyl
21888-3,21888,106,33,3,3.00,3018.30,0.06,0.08,A,F,1992-05-12,1992-05-23,1992-05-22,TAKE BACK RETURN,AIR,ages are fu
21888-4,21888,1709,52,4,12.00,19328.40,0.06,0.04,A,F,1992-07-09,1992-06-10,1992-08-03,TAKE BACK RETURN,REG AIR,sleep slyly final requests. fluffily expr
21888-5,21888,802,36,5,24.00,40867.20,0.04,0.06,R,F,1992-04-14,1992-05-30,1992-05-06,DELIVER IN PERSON,SHIP,special packages boost careful
21889-1,21889,348,5,1,48.00,59920.32,0.08,0.01,R,F,1993-07-21,1993-05-11,1993-08-12,TAKE BACK RETURN,AIR,onic packa
21889-2,21889,202,57,2,29.00,31963.80,0.00,0.03,A,F,1993-05-14,1993-06-03,1993-05-15,COLLECT COD,AIR,o beans haggle among the deposits. bo
21889-3,21889,1154,91,3,12.00,12661.80,0.02,0.04,R,F,1993-07-31,1993-06-19,1993-08-27,NONE,TRUCK,s. special accounts wake carefully. regula
21889-4,21889,540,41,4,11.00,15845.94,0.08,0.05,R,F,1993-04-29,1993-05-15,1993-05-15,DELIVER IN PERSON,SHIP,"ial, pending deposits cajole furiou"
21889-5,21889,184,11,5,11.00,11925.98,0.02,0.00,A,F,1993-07-17,1993-05-17,1993-07-30,DELIVER IN PERSON,AIR, pending a
21889-6,21889,1191,28,6,33.00,36042.27,0.06,0.02,R,F,1993-06-28,1993-06-13,1993-07-11,NONE,AIR,haggle caref
21890-1,21890,787,88,1,33.00,55696.74,0.00,0.07,A,F,1995-03-06,1995-03-03,1995-03-27,COLLECT COD,AIR,"ial foxes. express,"
21890-2,21890,1051,87,2,22.00,20945.10,0.04,0.08,R,F,1995-02-09,1995-04-24,1995-02-20,COLLECT COD,RAIL,n asymptotes nag reg
21890-3,21890,1708,35,3,4.00,6438.80,0.10,0.06,A,F,1995-05-01,1995-04-19,1995-05-20,DELIVER IN PERSON,RAIL,"rave, quick pla"
21890-4,21890,883,84,4,14.00,24974.32,0.07,0.00,R,F,1995-03-22,1995-04-23,1995-04-04,DELIVER IN PERSON,REG AIR,uternes; silent deposi
21890-5,21890,1562,43,5,5.00,7317.80,0.10,0.01,A,F,1995-04-14,1995-04-06,1995-04-16,COLLECT COD,SHIP,inal requests. qu
21891-1,21891,1401,80,1,6.00,7814.40,0.02,0.06,N,O,1997-12-20,1998-01-03,1997-12-21,TAKE BACK RETURN,AIR,hind the carefully regular foxes. care
21891-2,21891,638,1,2,4.00,6154.52,0.01,0.05,N,O,1997-12-02,1997-12-31,1997-12-24,DELIVER IN PERSON,RAIL,ic requests. stealthily even de
21892-1,21892,364,93,1,43.00,54367.48,0.03,0.02,R,F,1993-10-07,1993-08-20,1993-10-22,TAKE BACK RETURN,FOB,nto beans i
21893-1,21893,931,66,1,25.00,45798.25,0.04,0.07,N,O,1995-12-08,1995-12-26,1995-12-10,DELIVER IN PERSON,REG AIR,regular accounts. cl
21893-2,21893,1428,68,2,1.00,1329.42,0.06,0.02,N,O,1995-12-08,1995-12-30,1995-12-17,NONE,FOB," final requests cajole. ironic, "
21893-3,21893,1834,64,3,18.00,31244.94,0.02,0.01,N,O,1995-12-27,1996-01-08,1996-01-05,DELIVER IN PERSON,REG AIR,d packages haggl
21893-4,21893,71,22,4,9.00,8739.63,0.05,0.07,N,O,1996-01-17,1996-01-08,1996-02-11,TAKE BACK RETURN,MAIL,lly pending reque
21893-5,21893,26,2,5,29.00,26854.58,0.08,0.06,N,O,1996-02-16,1996-01-10,1996-03-13,DELIVER IN PERSON,AIR,s packages. fluffy fox
21894-1,21894,38,39,1,42.00,39397.26,0.01,0.01,N,O,1996-01-05,1996-03-18,1996-01-17,DELIVER IN PERSON,SHIP,gular ideas. always regular packages
21894-2,21894,18,94,2,50.00,45900.50,0.00,0.01,N,O,1996-02-01,1996-02-15,1996-02-22,TAKE BACK RETURN,RAIL,kly silent dependencies wake.
21894-3,21894,361,90,3,46.00,58022.56,0.10,0.00,N,O,1996-02-18,1996-02-14,1996-02-29,NONE,FOB,ndencies boost quickly against
21894-4,21894,1703,88,4,23.00,36908.10,0.08,0.05,N,O,1996-01-10,1996-02-21,1996-02-02,DELIVER IN PERSON,SHIP, blithely regular pinto
21894-5,21894,1054,25,5,1.00,955.05,0.05,0.00,N,O,1996-01-24,1996-02-28,1996-02-01,COLLECT COD,TRUCK,requests wake quickly along th
21895-1,21895,1578,59,1,20.00,29591.40,0.09,0.01,N,O,1998-08-21,1998-07-08,1998-09-10,NONE,MAIL,al deposits. pending
21895-2,21895,1178,51,2,21.00,22662.57,0.00,0.01,N,O,1998-07-12,1998-08-24,1998-08-07,NONE,REG AIR,s breach flu
21895-3,21895,460,90,3,3.00,4081.38,0.05,0.06,N,O,1998-06-29,1998-07-04,1998-06-30,COLLECT COD,REG AIR,ly against the bold pinto beans. regula
21895-4,21895,1598,79,4,13.00,19494.67,0.06,0.05,N,O,1998-07-17,1998-08-10,1998-08-03,NONE,RAIL,eful accounts was quickly theodolite
21895-5,21895,1660,2,5,47.00,73398.02,0.01,0.06,N,O,1998-07-30,1998-07-30,1998-08-07,COLLECT COD,AIR,ong the final theodolites play blithely
21920-1,21920,1328,5,1,13.00,15981.16,0.05,0.03,N,O,1998-06-10,1998-04-14,1998-06-13,COLLECT COD,FOB,final ideas. final instr
21920-2,21920,622,23,2,1.00,1522.62,0.03,0.05,N,O,1998-03-20,1998-04-14,1998-03-21,COLLECT COD,AIR,ss packages: carefully unusua
21920-3,21920,533,94,3,7.00,10034.71,0.09,0.06,N,O,1998-06-12,1998-05-27,1998-06-16,DELIVER IN PERSON,TRUCK,aggle carefully. carefully even d
21920-4,21920,1245,46,4,47.00,53873.28,0.08,0.06,N,O,1998-04-01,1998-06-07,1998-04-28,COLLECT COD,MAIL,gular instructions cajole furiously
21920-5,21920,883,84,5,1.00,1783.88,0.08,0.08,N,O,1998-06-23,1998-05-03,1998-07-02,NONE,TRUCK,ptotes integrate fluff
21920-6,21920,198,99,6,2.00,2196.38,0.09,0.08,N,O,1998-05-02,1998-06-03,1998-05-08,NONE,SHIP,l pains integrate s
21920-7,21920,126,27,7,8.00,8208.96,0.01,0.05,N,O,1998-05-06,1998-04-26,1998-05-07,DELIVER IN PERSON,REG AIR,de of the pending i
21921-1,21921,1591,72,1,33.00,49255.47,0.07,0.03,R,F,1995-01-05,1994-12-09,1995-02-04,NONE,REG AIR,ar platelets. slyly ironic accounts affix f
21921-2,21921,788,89,2,49.00,82750.22,0.09,0.04,A,F,1994-12-05,1994-11-08,1995-01-02,TAKE BACK RETURN,RAIL,ound the carefully express
21922-1,21922,471,30,1,27.00,37029.69,0.09,0.01,R,F,1994-12-14,1994-12-28,1995-01-13,COLLECT COD,MAIL,ages. slyly bold excuses about the
21922-2,21922,155,8,2,30.00,31654.50,0.08,0.03,R,F,1994-11-20,1994-12-18,1994-11-30,NONE,AIR,g slyly: special sentiments play
21922-3,21922,692,55,3,10.00,15926.90,0.03,0.06,A,F,1995-02-19,1995-02-02,1995-03-13,COLLECT COD,FOB,s. carefully express ideas use carefully. 
21922-4,21922,1656,98,4,46.00,71651.90,0.00,0.05,R,F,1995-02-06,1995-01-13,1995-02-22,COLLECT COD,REG AIR,lly final deposits wake slyly car
21922-5,21922,160,39,5,25.00,26504.00,0.03,0.04,R,F,1994-12-05,1994-12-30,1994-12-09,NONE,RAIL,t slyly alongside
21922-6,21922,1075,46,6,44.00,42947.08,0.08,0.06,R,F,1994-12-10,1995-01-25,1995-01-05,COLLECT COD,RAIL,"round the regular, regular hockey "
21923-1,21923,877,44,1,49.00,87115.63,0.00,0.04,N,O,1998-08-09,1998-07-26,1998-08-24,TAKE BACK RETURN,SHIP,es. slyly bold deposit
21923-2,21923,793,94,2,13.00,22019.27,0.01,0.05,N,O,1998-10-05,1998-09-09,1998-11-01,DELIVER IN PERSON,TRUCK,s haggle among the carefull
21923-3,21923,1931,20,3,7.00,12830.51,0.08,0.05,N,O,1998-07-14,1998-08-28,1998-07-27,DELIVER IN PERSON,RAIL,o beans. blithely expres
21923-4,21923,314,71,4,50.00,60715.50,0.07,0.06,N,O,1998-08-19,1998-07-27,1998-09-06,COLLECT COD,AIR, deposits. care
21924-1,21924,300,1,1,25.00,30007.50,0.03,0.01,N,O,1998-08-19,1998-07-18,1998-09-06,DELIVER IN PERSON,TRUCK,blithely blithely ironic platelets. re
21924-2,21924,1561,42,2,2.00,2925.12,0.06,0.00,N,O,1998-08-16,1998-07-13,1998-08-25,DELIVER IN PERSON,REG AIR,xes would use carefully against th
21924-3,21924,1921,22,3,27.00,49218.84,0.01,0.04,N,O,1998-07-11,1998-06-11,1998-07-31,NONE,TRUCK,sly express requests. 
21925-1,21925,220,2,1,38.00,42568.36,0.06,0.08,R,F,1992-09-14,1992-08-18,1992-09-30,COLLECT COD,RAIL,riously. blithely unusual foxes are carefu
21925-2,21925,1699,82,2,25.00,40017.25,0.08,0.05,A,F,1992-09-13,1992-08-25,1992-09-27,COLLECT COD,MAIL, wake slyly instead of the furiously 
21925-3,21925,493,52,3,32.00,44591.68,0.02,0.00,A,F,1992-08-22,1992-08-31,1992-09-09,DELIVER IN PERSON,TRUCK,theodolites. 
21925-4,21925,1133,6,4,35.00,36194.55,0.05,0.06,A,F,1992-08-26,1992-09-17,1992-09-05,COLLECT COD,REG AIR, the special accounts. quickly fin
21925-5,21925,1898,42,5,38.00,68395.82,0.09,0.08,R,F,1992-08-07,1992-09-14,1992-08-26,COLLECT COD,TRUCK,beans wake furi
21926-1,21926,1248,23,1,48.00,55163.52,0.07,0.03,N,O,1996-09-09,1996-10-17,1996-10-01,NONE,FOB,sual packa
21926-2,21926,1264,76,2,48.00,55932.48,0.05,0.07,N,O,1996-09-25,1996-11-03,1996-10-12,COLLECT COD,RAIL,ourts sleep slyly quickly
21926-3,21926,316,1,3,18.00,21893.58,0.10,0.02,N,O,1996-09-05,1996-11-14,1996-09-21,NONE,RAIL,nag slyly. slyl
21927-1,21927,938,73,1,35.00,64362.55,0.08,0.07,N,O,1996-02-15,1996-02-19,1996-02-21,DELIVER IN PERSON,FOB,ending accounts. slyly special deposits
21927-2,21927,1330,45,2,24.00,29551.92,0.06,0.04,N,O,1996-02-27,1996-01-19,1996-03-10,DELIVER IN PERSON,MAIL,refully express instructions 
21927-3,21927,606,7,3,1.00,1506.60,0.07,0.04,N,O,1995-12-21,1996-01-26,1996-01-01,DELIVER IN PERSON,MAIL, carefully against the f
21927-4,21927,46,22,4,45.00,42571.80,0.07,0.04,N,O,1995-12-19,1996-01-31,1995-12-28,NONE,SHIP, pending excuses. quickly
21927-5,21927,1940,73,5,46.00,84729.24,0.04,0.05,N,O,1996-02-02,1996-02-09,1996-02-20,TAKE BACK RETURN,REG AIR,wake slyly according to the furious
21927-6,21927,1023,24,6,35.00,32340.70,0.08,0.01,N,O,1996-04-01,1996-03-09,1996-04-27,COLLECT COD,RAIL,foxes nag care
21952-1,21952,1576,17,1,35.00,51714.95,0.01,0.03,A,F,1993-10-04,1993-09-15,1993-10-11,NONE,REG AIR,affix blithely furiously quick foxes. 
21952-2,21952,1008,14,2,19.00,17271.00,0.10,0.03,R,F,1993-10-04,1993-08-17,1993-10-30,TAKE BACK RETURN,AIR,ages. furiously regular platelets sl
21953-1,21953,459,18,1,42.00,57096.90,0.08,0.03,R,F,1994-09-02,1994-08-14,1994-09-07,COLLECT COD,SHIP,ic accounts. fluffil
21953-2,21953,1852,53,2,1.00,1753.85,0.03,0.02,R,F,1994-09-06,1994-06-30,1994-09-30,COLLECT COD,RAIL,quests engage blithely theodolites-- car
21953-3,21953,1094,65,3,13.00,12936.17,0.06,0.08,A,F,1994-09-02,1994-08-18,1994-09-21,DELIVER IN PERSON,FOB, slyly even accounts. regular reque
21954-1,21954,1925,26,1,39.00,71249.88,0.01,0.07,A,F,1992-12-11,1992-12-06,1992-12-27,NONE,MAIL, slyly pending packages. bold ideas be
21955-1,21955,452,82,1,44.00,59507.80,0.07,0.00,N,O,1997-06-03,1997-06-16,1997-06-08,NONE,TRUCK, accounts. slyly regular packa
21955-2,21955,1651,34,2,42.00,65211.30,0.10,0.03,N,O,1997-07-07,1997-05-20,1997-08-05,COLLECT COD,AIR,structions. carefully ironic ins
21955-3,21955,1715,16,3,12.00,19400.52,0.00,0.06,N,O,1997-05-11,1997-07-10,1997-05-15,COLLECT COD,MAIL,kages after
21956-1,21956,895,62,1,38.00,68243.82,0.00,0.02,A,F,1995-05-19,1995-03-31,1995-06-12,COLLECT COD,SHIP,ing foxes. dependencies wake regularly
21956-2,21956,795,96,2,41.00,69527.39,0.05,0.00,A,F,1995-04-17,1995-04-07,1995-05-11,DELIVER IN PERSON,SHIP,h blithely final instructions. 
21956-3,21956,1843,87,3,13.00,22682.92,0.05,0.08,A,F,1995-03-09,1995-03-09,1995-03-24,NONE,AIR,kages. platele
21956-4,21956,1715,42,4,48.00,77602.08,0.00,0.03,R,F,1995-05-14,1995-03-25,1995-05-18,NONE,TRUCK,sleep carefully slyly even reque
21956-5,21956,1280,18,5,38.00,44888.64,0.05,0.00,A,F,1995-04-23,1995-04-08,1995-05-07,COLLECT COD,FOB,special excuse
21957-1,21957,1605,88,1,43.00,64783.80,0.09,0.02,N,O,1996-06-17,1996-07-14,1996-06-18,COLLECT COD,TRUCK,ithely slyly express asymptotes. d
21957-2,21957,1452,31,2,1.00,1353.45,0.05,0.01,N,O,1996-07-24,1996-07-26,1996-08-13,TAKE BACK RETURN,FOB,ithely bold ideas. blithe
21958-1,21958,1526,47,1,44.00,62810.88,0.06,0.05,A,F,1994-08-12,1994-07-10,1994-09-05,COLLECT COD,SHIP,e carefully 
21958-2,21958,525,16,2,37.00,52744.24,0.01,0.08,R,F,1994-08-04,1994-07-20,1994-08-23,NONE,TRUCK,ts sleep finally furiously expr
21958-3,21958,1376,53,3,47.00,60036.39,0.10,0.00,R,F,1994-08-30,1994-07-11,1994-09-06,DELIVER IN PERSON,REG AIR,ests. dependencies are. requests run sl
21958-4,21958,1787,72,4,38.00,64173.64,0.09,0.01,A,F,1994-08-31,1994-08-12,1994-09-23,COLLECT COD,RAIL,ctions. slyly regular ideas cajole 
21958-5,21958,1197,70,5,28.00,30749.32,0.01,0.02,R,F,1994-08-01,1994-07-14,1994-08-22,COLLECT COD,TRUCK,ld packages do haggle blithe
21959-1,21959,68,94,1,42.00,40658.52,0.09,0.05,N,O,1996-06-06,1996-04-12,1996-06-13,COLLECT COD,REG AIR,s boost. ironically final instruct
21959-2,21959,221,3,2,13.00,14575.86,0.07,0.02,N,O,1996-05-27,1996-04-26,1996-05-30,NONE,TRUCK, according to the package
21959-3,21959,475,63,3,39.00,53643.33,0.05,0.08,N,O,1996-02-28,1996-05-13,1996-03-23,TAKE BACK RETURN,REG AIR,furiously close instructi
21959-4,21959,351,36,4,36.00,45048.60,0.10,0.08,N,O,1996-02-24,1996-05-14,1996-03-19,COLLECT COD,REG AIR,nusual deposits against the
21959-5,21959,772,73,5,37.00,61892.49,0.00,0.04,N,O,1996-05-16,1996-04-30,1996-06-15,COLLECT COD,FOB,eep furiously carefully 
21984-1,21984,1013,49,1,50.00,45700.50,0.02,0.08,N,O,1998-02-01,1998-01-04,1998-02-16,COLLECT COD,MAIL," about the requests. special, final acc"
21984-2,21984,1494,73,2,23.00,32096.27,0.06,0.00,N,O,1998-02-20,1997-12-02,1998-02-26,COLLECT COD,SHIP,", final pl"
21984-3,21984,103,4,3,26.00,26080.60,0.02,0.03,N,O,1998-01-05,1997-12-28,1998-01-24,TAKE BACK RETURN,SHIP,"posits nag blithely ironic, pendi"
21984-4,21984,1782,83,4,22.00,37043.16,0.09,0.03,N,O,1997-10-31,1997-12-22,1997-11-16,TAKE BACK RETURN,REG AIR,refully blithely even ideas. slyl
21985-1,21985,199,100,1,40.00,43967.60,0.04,0.08,A,F,1994-08-28,1994-11-09,1994-09-23,COLLECT COD,SHIP,accounts. carefully s
21985-2,21985,150,51,2,20.00,21003.00,0.01,0.04,R,F,1994-11-06,1994-10-28,1994-12-02,COLLECT COD,REG AIR,ully after the bo
21985-3,21985,357,42,3,20.00,25147.00,0.09,0.01,A,F,1994-11-14,1994-09-26,1994-11-16,NONE,MAIL,fully. doggedly final requests haggle
21985-4,21985,1468,69,4,29.00,39714.34,0.02,0.06,A,F,1994-09-04,1994-10-03,1994-09-21,COLLECT COD,FOB,eodolites haggle slyly about the carefu
21985-5,21985,1947,48,5,25.00,46223.50,0.01,0.04,A,F,1994-11-13,1994-09-30,1994-12-12,DELIVER IN PERSON,MAIL,ickly pending as
21985-6,21985,596,87,6,23.00,34421.57,0.07,0.08,R,F,1994-11-03,1994-11-08,1994-11-10,DELIVER IN PERSON,FOB,ly pending 
21986-1,21986,1654,96,1,10.00,15556.50,0.07,0.06,N,O,1997-11-08,1997-10-02,1997-11-17,NONE,REG AIR,final deposits was furiously furious
21986-2,21986,479,80,2,14.00,19312.58,0.08,0.06,N,O,1997-11-03,1997-09-26,1997-11-04,DELIVER IN PERSON,TRUCK,efully. carefully final theodolites acco
21986-3,21986,711,8,3,3.00,4835.13,0.08,0.07,N,O,1997-09-12,1997-08-15,1997-09-16,DELIVER IN PERSON,TRUCK,y. deposits sleep under the quickly regula
21986-4,21986,239,94,4,47.00,53543.81,0.05,0.03,N,O,1997-10-26,1997-09-11,1997-11-13,COLLECT COD,TRUCK,instructions are across the sly
21986-5,21986,274,2,5,1.00,1174.27,0.10,0.04,N,O,1997-11-02,1997-09-16,1997-11-23,COLLECT COD,REG AIR,olites thra
21986-6,21986,1805,35,6,31.00,52910.80,0.08,0.00,N,O,1997-09-08,1997-08-12,1997-09-17,DELIVER IN PERSON,REG AIR,onic account
21986-7,21986,1460,100,7,31.00,42205.26,0.06,0.04,N,O,1997-10-30,1997-09-03,1997-11-25,TAKE BACK RETURN,MAIL,e blithely pending accounts play regular 
21987-1,21987,1591,72,1,39.00,58211.01,0.07,0.02,A,F,1992-09-29,1992-08-12,1992-10-27,COLLECT COD,TRUCK,ronic accounts haggle silently sly
21988-1,21988,1832,33,1,41.00,71087.03,0.04,0.02,A,F,1993-05-13,1993-05-07,1993-06-08,DELIVER IN PERSON,AIR,ously daringly regular depo
21988-2,21988,928,31,2,16.00,29262.72,0.01,0.04,A,F,1993-05-09,1993-06-23,1993-05-27,TAKE BACK RETURN,AIR,ly final pac
21989-1,21989,1551,92,1,47.00,68269.85,0.07,0.03,A,F,1995-04-20,1995-03-22,1995-05-18,TAKE BACK RETURN,TRUCK,", final instructions "
21989-2,21989,741,38,2,10.00,16417.40,0.00,0.06,R,F,1995-04-30,1995-03-29,1995-05-08,NONE,RAIL, bold accounts bo
21989-3,21989,1378,55,3,20.00,25587.40,0.06,0.03,R,F,1995-04-06,1995-04-13,1995-05-06,TAKE BACK RETURN,SHIP,ess packages haggle. slyly regula
21989-4,21989,4,30,4,32.00,28928.00,0.02,0.02,N,F,1995-06-09,1995-05-02,1995-07-08,COLLECT COD,REG AIR,y silent accounts. platelets 
21989-5,21989,1830,17,5,31.00,53686.73,0.03,0.05,R,F,1995-03-05,1995-03-15,1995-03-10,TAKE BACK RETURN,AIR,uriously special 
21989-6,21989,166,45,6,36.00,38381.76,0.05,0.04,A,F,1995-02-13,1995-04-12,1995-02-18,TAKE BACK RETURN,REG AIR,olphins haggle quietly regular accounts.
21989-7,21989,1529,50,7,24.00,34332.48,0.03,0.07,A,F,1995-05-17,1995-03-27,1995-05-28,DELIVER IN PERSON,REG AIR, quickly unusual d
21990-1,21990,1792,93,1,7.00,11856.53,0.03,0.02,A,F,1992-12-13,1992-11-15,1993-01-09,DELIVER IN PERSON,SHIP,ckages nag carefully fluffily fi
21990-2,21990,836,70,2,43.00,74683.69,0.02,0.07,A,F,1992-10-25,1992-11-16,1992-11-13,TAKE BACK RETURN,MAIL,posits. sly
21990-3,21990,1185,94,3,1.00,1086.18,0.05,0.06,R,F,1992-11-26,1992-10-14,1992-12-04,TAKE BACK RETURN,SHIP,gular requests? bold in
21990-4,21990,950,51,4,7.00,12956.65,0.07,0.04,A,F,1992-09-06,1992-09-22,1992-09-09,DELIVER IN PERSON,FOB,stealthily final pinto bea
21991-1,21991,1420,21,1,7.00,9249.94,0.09,0.08,N,O,1997-08-17,1997-08-07,1997-09-12,COLLECT COD,AIR,lyly special packages. bold frets use 
21991-2,21991,439,98,2,27.00,36164.61,0.08,0.05,N,O,1997-07-06,1997-07-30,1997-07-18,COLLECT COD,RAIL,according to the express pinto be
22016-1,22016,253,35,1,50.00,57662.50,0.02,0.06,N,O,1996-11-09,1996-10-01,1996-11-25,TAKE BACK RETURN,REG AIR,ans. fluffily r
22016-2,22016,1070,6,2,43.00,41756.01,0.04,0.01,N,O,1996-11-19,1996-10-08,1996-11-20,DELIVER IN PERSON,RAIL,ites was slyly according to the caref
22016-3,22016,163,64,3,37.00,39336.92,0.10,0.04,N,O,1996-09-18,1996-09-27,1996-09-22,COLLECT COD,SHIP, even requests haggle furiously along 
22016-4,22016,1428,46,4,10.00,13294.20,0.08,0.04,N,O,1996-09-09,1996-09-07,1996-10-01,NONE,AIR,es. furiously ironic t
22016-5,22016,381,38,5,49.00,62787.62,0.04,0.05,N,O,1996-10-03,1996-10-07,1996-10-10,COLLECT COD,TRUCK,y final pinto beans cajol
22016-6,22016,429,88,6,46.00,61153.32,0.07,0.04,N,O,1996-10-02,1996-09-07,1996-10-21,NONE,FOB,slyly slow pinto b
22016-7,22016,591,92,7,10.00,14915.90,0.02,0.05,N,O,1996-08-09,1996-10-11,1996-08-30,DELIVER IN PERSON,TRUCK,carefully. express req
22017-1,22017,1924,13,1,37.00,67559.04,0.08,0.08,R,F,1995-03-02,1995-03-06,1995-03-12,TAKE BACK RETURN,RAIL,carefully a
22017-2,22017,383,68,2,25.00,32084.50,0.01,0.01,R,F,1995-03-25,1995-02-28,1995-04-13,NONE,SHIP,"final, special re"
22018-1,22018,957,60,1,44.00,81749.80,0.02,0.07,N,O,1996-07-20,1996-07-12,1996-08-11,COLLECT COD,RAIL, regular accounts across the c
22018-2,22018,1357,96,2,42.00,52850.70,0.02,0.02,N,O,1996-10-02,1996-07-28,1996-10-08,NONE,AIR,luffily furiously silent epitaphs. ide
22019-1,22019,233,88,1,16.00,18131.68,0.04,0.06,N,O,1995-11-07,1995-12-30,1995-12-02,TAKE BACK RETURN,AIR,nal ideas;
22019-2,22019,584,15,2,39.00,57898.62,0.08,0.01,N,O,1995-11-12,1996-01-28,1995-12-04,TAKE BACK RETURN,SHIP,"even, pending frets wake slyly across "
22020-1,22020,957,60,1,6.00,11147.70,0.07,0.08,A,F,1993-08-12,1993-07-10,1993-08-24,TAKE BACK RETURN,AIR,its. ironic theodolites haggle 
22020-2,22020,72,48,2,44.00,42771.08,0.08,0.06,A,F,1993-08-09,1993-06-22,1993-08-12,TAKE BACK RETURN,SHIP,w quickly ironic accounts. quickly r
22020-3,22020,1717,60,3,49.00,79316.79,0.02,0.06,R,F,1993-07-25,1993-06-22,1993-08-11,DELIVER IN PERSON,SHIP, the blithely regular accoun
22020-4,22020,849,50,4,15.00,26247.60,0.01,0.06,A,F,1993-08-03,1993-06-17,1993-08-22,NONE,REG AIR,ely slow accounts. quickly final pinto bean
22020-5,22020,674,37,5,31.00,48814.77,0.00,0.00,A,F,1993-06-27,1993-07-09,1993-07-23,DELIVER IN PERSON,REG AIR, courts along the fluffily fina
22020-6,22020,1556,97,6,14.00,20405.70,0.07,0.01,R,F,1993-06-28,1993-06-29,1993-07-23,COLLECT COD,FOB, final accounts. slow requests ca
22020-7,22020,1465,44,7,1.00,1366.46,0.09,0.08,A,F,1993-05-21,1993-07-02,1993-06-01,TAKE BACK RETURN,TRUCK,nding deposits! dependencies 
22021-1,22021,752,53,1,5.00,8263.75,0.10,0.08,N,O,1996-06-07,1996-08-14,1996-06-21,NONE,TRUCK,fluffily regular request
22021-2,22021,1362,1,2,1.00,1263.36,0.07,0.01,N,O,1996-08-21,1996-08-19,1996-09-01,COLLECT COD,REG AIR,capades nag alongside of the blithely 
22021-3,22021,340,41,3,46.00,57055.64,0.09,0.08,N,O,1996-09-04,1996-07-15,1996-09-20,NONE,MAIL,"nt, final packages use above th"
22021-4,22021,622,54,4,19.00,28929.78,0.04,0.02,N,O,1996-08-15,1996-08-08,1996-08-19,DELIVER IN PERSON,AIR,ites. slyly even instructions haggle.
22022-1,22022,1507,48,1,14.00,19719.00,0.09,0.02,R,F,1993-07-12,1993-05-29,1993-07-19,DELIVER IN PERSON,AIR,ully regular packages. carefully special i
22022-2,22022,1309,24,2,14.00,16944.20,0.00,0.05,R,F,1993-06-05,1993-05-31,1993-06-18,DELIVER IN PERSON,TRUCK,ss dependencies. ironic request
22022-3,22022,292,47,3,13.00,15499.77,0.09,0.06,A,F,1993-07-26,1993-07-03,1993-08-07,TAKE BACK RETURN,MAIL,uctions affix ironic foxes. slyly regular d
22023-1,22023,1933,22,1,5.00,9174.65,0.07,0.04,N,O,1996-04-11,1996-03-02,1996-04-24,TAKE BACK RETURN,FOB,y. regular packages detec
22048-1,22048,1041,47,1,9.00,8478.36,0.09,0.04,N,O,1997-12-09,1998-01-01,1997-12-17,DELIVER IN PERSON,TRUCK,braids cajole among the bravely bu
22049-1,22049,111,12,1,22.00,22244.42,0.10,0.00,N,O,1997-09-12,1997-10-15,1997-10-08,TAKE BACK RETURN,TRUCK,uffily regular dependencies. fur
22050-1,22050,107,34,1,21.00,21149.10,0.08,0.08,A,F,1993-07-30,1993-09-21,1993-08-08,TAKE BACK RETURN,AIR,ourts. blithely unusual req
22050-2,22050,1874,75,2,33.00,58603.71,0.07,0.04,R,F,1993-08-15,1993-08-04,1993-08-30,TAKE BACK RETURN,SHIP, boost slyly. fluffi
22050-3,22050,1748,33,3,36.00,59390.64,0.01,0.07,R,F,1993-09-07,1993-08-15,1993-09-11,COLLECT COD,TRUCK,lent requests are fluffily after the q
22050-4,22050,1234,72,4,46.00,52220.58,0.00,0.07,R,F,1993-06-30,1993-08-23,1993-07-22,DELIVER IN PERSON,MAIL,"ans nod never among the final, express "
22050-5,22050,1118,91,5,48.00,48917.28,0.07,0.05,R,F,1993-10-07,1993-08-07,1993-10-17,NONE,REG AIR,r pinto beans. regu
22050-6,22050,1551,92,6,19.00,27598.45,0.05,0.07,R,F,1993-09-18,1993-08-10,1993-10-08,DELIVER IN PERSON,FOB, beans print slyly carefully fin
22051-1,22051,38,39,1,43.00,40335.29,0.02,0.01,N,O,1996-03-14,1996-03-03,1996-03-18,NONE,REG AIR,ages wake care
22051-2,22051,597,58,2,3.00,4492.77,0.05,0.03,N,O,1996-03-16,1996-02-25,1996-04-12,TAKE BACK RETURN,MAIL,atelets. carefully busy accounts above the
22051-3,22051,157,84,3,47.00,49686.05,0.09,0.07,N,O,1996-03-26,1996-02-22,1996-04-08,TAKE BACK RETURN,TRUCK,nto beans are
22051-4,22051,497,56,4,15.00,20962.35,0.00,0.06,N,O,1996-04-28,1996-03-02,1996-05-02,COLLECT COD,AIR,s. slyly regular
22051-5,22051,1163,36,5,21.00,22347.36,0.03,0.04,N,O,1996-03-07,1996-03-11,1996-03-13,NONE,REG AIR,ackages nag according to the blithely fin
22052-1,22052,880,81,1,41.00,73016.08,0.07,0.01,N,O,1995-12-07,1996-02-05,1995-12-30,DELIVER IN PERSON,FOB,quickly-- dogged
22052-2,22052,1168,5,2,28.00,29936.48,0.05,0.06,N,O,1995-12-01,1996-01-06,1995-12-23,NONE,MAIL,ly. furiously even requests us
22052-3,22052,394,51,3,50.00,64719.50,0.10,0.04,N,O,1995-12-01,1996-01-09,1995-12-05,COLLECT COD,SHIP,refully regular depths s
22052-4,22052,873,40,4,15.00,26608.05,0.04,0.03,N,O,1996-01-11,1996-01-16,1996-01-25,TAKE BACK RETURN,MAIL,c deposits run blithely even re
22053-1,22053,1664,47,1,35.00,54798.10,0.10,0.08,R,F,1993-09-12,1993-10-10,1993-09-21,TAKE BACK RETURN,REG AIR,ecial instructions are quickly. bo
22053-2,22053,783,48,2,17.00,28624.26,0.00,0.08,R,F,1993-10-14,1993-09-22,1993-10-23,DELIVER IN PERSON,FOB,lithely ironic reque
22053-3,22053,347,48,3,16.00,19957.44,0.01,0.05,R,F,1993-11-28,1993-10-22,1993-12-27,COLLECT COD,MAIL,es sleep carefully regular pinto be
22053-4,22053,300,55,4,30.00,36009.00,0.06,0.04,R,F,1993-10-16,1993-10-21,1993-10-19,COLLECT COD,MAIL,ies sleep above th
22053-5,22053,549,50,5,33.00,47834.82,0.02,0.01,R,F,1993-10-29,1993-11-13,1993-11-15,TAKE BACK RETURN,SHIP,iously. thin 
22053-6,22053,956,25,6,46.00,85419.70,0.03,0.06,A,F,1993-12-15,1993-11-12,1993-12-16,COLLECT COD,REG AIR,counts boost fluffily. packages haggle sl
22054-1,22054,1553,94,1,21.00,30545.55,0.00,0.00,R,F,1993-09-27,1993-09-17,1993-09-30,TAKE BACK RETURN,SHIP,"ending, blithe instruct"
22054-2,22054,1968,13,2,47.00,87888.12,0.03,0.00,A,F,1993-08-17,1993-09-21,1993-08-23,DELIVER IN PERSON,REG AIR,y-- carefully ironic inst
22054-3,22054,1675,99,3,26.00,40993.42,0.04,0.05,R,F,1993-08-17,1993-10-04,1993-08-26,NONE,SHIP,boost carefully according
22055-1,22055,474,75,1,49.00,67349.03,0.01,0.01,R,F,1992-11-19,1992-10-25,1992-11-20,DELIVER IN PERSON,SHIP,", regular court"
22055-2,22055,107,60,2,5.00,5035.50,0.04,0.02,R,F,1992-09-30,1992-12-02,1992-10-02,COLLECT COD,MAIL,s are above the furiousl
22055-3,22055,796,61,3,16.00,27148.64,0.10,0.02,R,F,1992-11-20,1992-12-23,1992-12-19,NONE,SHIP,lar sauternes. furiously p
22080-1,22080,936,39,1,49.00,90009.57,0.06,0.07,A,F,1993-01-31,1992-12-19,1993-02-21,COLLECT COD,SHIP,express instruct
22080-2,22080,126,79,2,27.00,27705.24,0.01,0.08,A,F,1992-11-29,1992-11-18,1992-12-19,DELIVER IN PERSON,REG AIR,egular foxes. careful
22081-1,22081,1021,22,1,12.00,11064.24,0.01,0.04,A,F,1992-07-11,1992-07-07,1992-07-24,TAKE BACK RETURN,FOB,n pinto beans sleep. sly
22081-2,22081,431,32,2,12.00,15977.16,0.01,0.01,A,F,1992-08-18,1992-06-19,1992-08-30,COLLECT COD,MAIL,ully ironic accounts above 
22081-3,22081,253,54,3,3.00,3459.75,0.04,0.05,A,F,1992-07-05,1992-07-15,1992-07-08,DELIVER IN PERSON,RAIL,y across the quickly ironic depende
22081-4,22081,572,73,4,7.00,10307.99,0.02,0.03,R,F,1992-07-30,1992-07-10,1992-08-21,TAKE BACK RETURN,TRUCK,thely. always final depth
22081-5,22081,737,34,5,23.00,37667.79,0.09,0.00,R,F,1992-06-23,1992-07-15,1992-07-17,NONE,AIR,ndencies are carefully agains
22081-6,22081,661,55,6,49.00,76521.34,0.08,0.07,A,F,1992-06-06,1992-07-15,1992-07-03,NONE,TRUCK,ar pinto beans nag
22082-1,22082,757,58,1,17.00,28181.75,0.06,0.06,N,O,1997-10-12,1997-09-18,1997-10-27,COLLECT COD,SHIP,across the s
22082-2,22082,143,70,2,1.00,1043.14,0.00,0.00,N,O,1997-11-19,1997-10-20,1997-12-15,COLLECT COD,AIR,lithely even packages. bold requests wak
22082-3,22082,1107,8,3,38.00,38307.80,0.07,0.05,N,O,1997-10-02,1997-09-19,1997-10-26,TAKE BACK RETURN,TRUCK,fully among the platelets. even req
22082-4,22082,1284,22,4,34.00,40299.52,0.08,0.08,N,O,1997-10-21,1997-10-02,1997-11-20,NONE,TRUCK,deposits b
22083-1,22083,781,78,1,1.00,1681.78,0.05,0.08,R,F,1994-02-27,1994-03-20,1994-03-19,TAKE BACK RETURN,SHIP,nic deposits. furiousl
22083-2,22083,1550,91,2,46.00,66771.30,0.03,0.07,R,F,1994-04-09,1994-04-20,1994-05-09,NONE,FOB,ess dependencies. slyly regular theodolite
22083-3,22083,882,49,3,16.00,28526.08,0.00,0.06,R,F,1994-03-04,1994-03-31,1994-03-31,TAKE BACK RETURN,RAIL,instructions sleep. theodolites boo
22083-4,22083,484,43,4,17.00,23536.16,0.08,0.01,R,F,1994-04-02,1994-03-25,1994-04-14,COLLECT COD,AIR,lly even asymptotes. furio
22084-1,22084,543,44,1,32.00,46193.28,0.07,0.00,A,F,1992-09-04,1992-10-11,1992-09-10,DELIVER IN PERSON,REG AIR,after the special
22085-1,22085,1007,43,1,10.00,9080.00,0.03,0.05,A,F,1992-06-01,1992-05-24,1992-06-23,DELIVER IN PERSON,REG AIR,play slyly slow pinto beans. dependencie
22085-2,22085,1333,34,2,8.00,9874.64,0.06,0.01,A,F,1992-03-11,1992-04-11,1992-03-28,COLLECT COD,MAIL,ideas use slyly carefully regu
22085-3,22085,527,28,3,16.00,22840.32,0.08,0.05,A,F,1992-06-05,1992-05-06,1992-06-11,DELIVER IN PERSON,MAIL,y ironic asymptotes. 
22085-4,22085,107,8,4,11.00,11078.10,0.09,0.02,A,F,1992-03-31,1992-04-22,1992-04-13,DELIVER IN PERSON,RAIL,tes are doggedly. pending exc
22085-5,22085,1923,24,5,17.00,31023.64,0.05,0.07,A,F,1992-05-12,1992-05-06,1992-05-29,TAKE BACK RETURN,SHIP,nic deposits hang speci
22085-6,22085,1558,39,6,41.00,59841.55,0.02,0.06,R,F,1992-06-17,1992-05-30,1992-07-06,NONE,TRUCK,efully ironic packages. pending req
22085-7,22085,1258,33,7,8.00,9274.00,0.02,0.04,R,F,1992-03-21,1992-06-03,1992-03-25,COLLECT COD,TRUCK,y special somas are fur
22086-1,22086,975,76,1,10.00,18759.70,0.06,0.01,N,O,1996-03-10,1996-03-10,1996-04-05,COLLECT COD,AIR,ys use carefully.
22087-1,22087,1617,100,1,41.00,62263.01,0.06,0.04,R,F,1994-09-14,1994-09-16,1994-09-28,DELIVER IN PERSON,FOB,regular foxes. 
22112-1,22112,873,40,1,3.00,5321.61,0.02,0.07,N,O,1996-03-10,1996-04-17,1996-03-23,DELIVER IN PERSON,RAIL,. deposits wake furiously bli
22112-2,22112,1467,46,2,27.00,36948.42,0.00,0.03,N,O,1996-02-01,1996-03-28,1996-02-04,TAKE BACK RETURN,AIR,d instruction
22112-3,22112,844,45,3,29.00,50600.36,0.10,0.07,N,O,1996-04-11,1996-03-31,1996-04-22,NONE,SHIP, furiously regular pinto bean
22112-4,22112,731,32,4,25.00,40793.25,0.06,0.01,N,O,1996-05-08,1996-04-07,1996-05-28,DELIVER IN PERSON,MAIL,ironic excu
22113-1,22113,683,46,1,22.00,34840.96,0.00,0.03,R,F,1993-07-10,1993-05-04,1993-07-25,NONE,TRUCK,? blithely fluffy requ
22113-2,22113,273,74,2,22.00,25811.94,0.05,0.01,R,F,1993-04-07,1993-04-30,1993-04-17,TAKE BACK RETURN,AIR, regular accounts
22113-3,22113,1044,15,3,19.00,17955.76,0.02,0.01,R,F,1993-06-20,1993-05-15,1993-07-09,NONE,TRUCK,ccounts sl
22113-4,22113,209,64,4,1.00,1109.20,0.07,0.03,A,F,1993-04-01,1993-06-06,1993-04-14,COLLECT COD,TRUCK,pendencies haggle quickly throughout the fu
22113-5,22113,1166,67,5,6.00,6402.96,0.05,0.05,A,F,1993-06-17,1993-05-16,1993-07-09,NONE,AIR,fily ironic platelets. r
22114-1,22114,884,18,1,1.00,1784.88,0.08,0.06,N,O,1996-04-02,1996-05-16,1996-05-01,DELIVER IN PERSON,AIR,"its boost special, silent ideas. sl"
22114-2,22114,1908,9,2,23.00,41627.70,0.05,0.00,N,O,1996-06-10,1996-05-09,1996-06-14,TAKE BACK RETURN,AIR, blithely carefully bold requests.
22114-3,22114,1649,50,3,9.00,13955.76,0.01,0.03,N,O,1996-06-05,1996-06-17,1996-06-06,COLLECT COD,REG AIR,lites boost
22114-4,22114,718,19,4,2.00,3237.42,0.07,0.02,N,O,1996-05-13,1996-06-09,1996-05-21,DELIVER IN PERSON,RAIL,endencies. furiously final requests 
22114-5,22114,529,60,5,23.00,32878.96,0.04,0.03,N,O,1996-06-26,1996-05-05,1996-07-01,COLLECT COD,AIR, final realms. carefu
22115-1,22115,1182,19,1,43.00,46576.74,0.04,0.03,R,F,1993-09-01,1993-07-31,1993-09-02,DELIVER IN PERSON,MAIL,s; special d
22115-2,22115,1729,56,2,15.00,24460.80,0.05,0.06,A,F,1993-07-13,1993-07-25,1993-07-25,TAKE BACK RETURN,SHIP,pinto beans integrate. furiously pen
22115-3,22115,1949,94,3,23.00,42571.62,0.07,0.05,R,F,1993-09-30,1993-09-04,1993-10-08,DELIVER IN PERSON,REG AIR,"lar, even pinto beans cajole f"
22115-4,22115,635,98,4,23.00,35319.49,0.02,0.04,A,F,1993-08-04,1993-08-22,1993-08-23,NONE,MAIL,leep fluffily over the 
22115-5,22115,128,55,5,14.00,14393.68,0.05,0.06,R,F,1993-10-13,1993-08-25,1993-10-16,DELIVER IN PERSON,FOB,accounts use carefully above the regu
22116-1,22116,606,38,1,30.00,45198.00,0.07,0.02,N,O,1996-11-18,1996-09-16,1996-12-08,DELIVER IN PERSON,SHIP,accounts s
22116-2,22116,1839,26,2,7.00,12185.81,0.06,0.02,N,O,1996-09-26,1996-11-11,1996-10-03,TAKE BACK RETURN,TRUCK,inal accounts nag accord
22116-3,22116,1760,3,3,50.00,83088.00,0.00,0.02,N,O,1996-10-13,1996-10-29,1996-10-23,TAKE BACK RETURN,SHIP, theodolites boo
22116-4,22116,1874,61,4,2.00,3551.74,0.00,0.08,N,O,1996-08-19,1996-10-31,1996-09-01,DELIVER IN PERSON,FOB, silent deposits. reque
22116-5,22116,742,75,5,6.00,9856.44,0.01,0.03,N,O,1996-08-20,1996-09-28,1996-09-02,DELIVER IN PERSON,AIR,the furiously silent 
22117-1,22117,1662,45,1,37.00,57855.42,0.06,0.02,R,F,1993-11-16,1993-09-16,1993-11-22,DELIVER IN PERSON,AIR,bout the accounts. fluffily special 
22117-2,22117,1894,38,2,11.00,19754.79,0.05,0.07,A,F,1993-09-20,1993-10-30,1993-10-11,TAKE BACK RETURN,FOB,eposits wake furiously. accounts are
22117-3,22117,1502,23,3,29.00,40701.50,0.05,0.06,R,F,1993-09-24,1993-10-26,1993-09-29,TAKE BACK RETURN,SHIP,ending dependencies unwind
22117-4,22117,79,5,4,2.00,1958.14,0.01,0.06,A,F,1993-10-03,1993-10-03,1993-11-02,DELIVER IN PERSON,AIR, use furiously. furiousl
22117-5,22117,1,27,5,27.00,24327.00,0.03,0.05,A,F,1993-11-07,1993-11-06,1993-11-15,NONE,SHIP,ck packages w
22117-6,22117,1489,7,6,48.00,66743.04,0.09,0.00,R,F,1993-09-02,1993-10-11,1993-09-10,NONE,RAIL,regular platelets sha
22117-7,22117,1147,20,7,5.00,5240.70,0.06,0.01,R,F,1993-08-27,1993-10-09,1993-09-11,COLLECT COD,AIR,eodolites. deposits kindle furio
22118-1,22118,993,62,1,10.00,18939.90,0.02,0.07,A,F,1994-01-30,1994-04-11,1994-01-31,COLLECT COD,TRUCK,uickly iron
22118-2,22118,1770,71,2,24.00,40122.48,0.06,0.07,A,F,1994-02-10,1994-04-18,1994-03-12,COLLECT COD,SHIP,e fluffily above the carefully ironi
22118-3,22118,645,39,3,37.00,57188.68,0.06,0.01,R,F,1994-02-13,1994-04-05,1994-03-06,NONE,REG AIR,al packages poach slyly even
22119-1,22119,253,54,1,9.00,10379.25,0.03,0.08,A,F,1994-09-27,1994-10-15,1994-10-11,COLLECT COD,TRUCK,dencies use final depo
22119-2,22119,516,17,2,10.00,14165.10,0.07,0.03,A,F,1994-10-21,1994-10-14,1994-10-26,TAKE BACK RETURN,FOB,ide of the final depo
22119-3,22119,964,67,3,36.00,67138.56,0.07,0.04,A,F,1994-08-28,1994-09-27,1994-09-22,TAKE BACK RETURN,TRUCK,e final pinto beans. fluffily fi
22119-4,22119,1053,89,4,27.00,25759.35,0.06,0.04,R,F,1994-10-06,1994-09-19,1994-10-26,TAKE BACK RETURN,SHIP,ag carefully stealthy theodolite
22119-5,22119,1490,91,5,28.00,38961.72,0.01,0.03,A,F,1994-10-11,1994-10-11,1994-10-18,TAKE BACK RETURN,RAIL,es within the carefully e
22119-6,22119,382,39,6,34.00,43600.92,0.00,0.03,R,F,1994-09-16,1994-09-09,1994-10-04,COLLECT COD,REG AIR,ounts nag ag
22144-1,22144,254,82,1,38.00,43861.50,0.02,0.04,N,O,1998-03-26,1998-05-04,1998-04-17,COLLECT COD,MAIL,"requests at the regular, bold "
22145-1,22145,1865,66,1,36.00,63606.96,0.03,0.02,N,O,1996-04-02,1996-04-15,1996-04-26,NONE,RAIL,he furiously unusual 
22146-1,22146,1841,28,1,26.00,45313.84,0.02,0.06,N,O,1998-08-16,1998-07-18,1998-08-19,TAKE BACK RETURN,RAIL, beans. slyly regular depend
22146-2,22146,695,89,2,6.00,9574.14,0.10,0.00,N,O,1998-07-10,1998-08-02,1998-07-15,COLLECT COD,REG AIR,dolites sleep around the ca
22146-3,22146,626,58,3,48.00,73277.76,0.10,0.03,N,O,1998-08-20,1998-07-24,1998-09-13,NONE,MAIL,ending notornis. carefully special fo
22146-4,22146,528,59,4,26.00,37141.52,0.08,0.02,N,O,1998-07-12,1998-08-11,1998-08-04,DELIVER IN PERSON,AIR, the blithely special deposits sleep fluff
22146-5,22146,1593,74,5,48.00,71740.32,0.04,0.01,N,O,1998-05-23,1998-07-28,1998-06-19,TAKE BACK RETURN,REG AIR, sleep carefully. 
22147-1,22147,1348,25,1,16.00,19989.44,0.04,0.02,A,F,1994-03-23,1994-04-08,1994-04-20,COLLECT COD,AIR,ly silent requests affix after the slyly s
22147-2,22147,858,59,2,18.00,31659.30,0.10,0.05,R,F,1994-04-05,1994-03-03,1994-04-18,DELIVER IN PERSON,REG AIR,d the busily even pinto b
22147-3,22147,350,79,3,7.00,8752.45,0.03,0.02,A,F,1994-02-09,1994-03-08,1994-02-10,DELIVER IN PERSON,REG AIR,l foxes integrate boldly furiou
22147-4,22147,901,70,4,18.00,32434.20,0.05,0.01,A,F,1994-02-23,1994-02-17,1994-03-21,COLLECT COD,AIR,are quickly acr
22147-5,22147,673,74,5,43.00,67667.81,0.08,0.04,A,F,1994-02-16,1994-03-23,1994-03-12,COLLECT COD,REG AIR, the final
22147-6,22147,347,76,6,29.00,36172.86,0.01,0.03,A,F,1994-04-05,1994-03-10,1994-04-23,TAKE BACK RETURN,SHIP,pendencies nag furiously 
22148-1,22148,124,25,1,40.00,40964.80,0.07,0.01,N,O,1998-05-20,1998-05-19,1998-05-30,NONE,FOB,ajole across the furiously special pint
22148-2,22148,1527,68,2,30.00,42855.60,0.06,0.04,N,O,1998-06-14,1998-05-26,1998-07-03,NONE,TRUCK,s. accounts after the s
22148-3,22148,1886,87,3,38.00,67939.44,0.03,0.06,N,O,1998-07-02,1998-06-09,1998-08-01,DELIVER IN PERSON,TRUCK,cies alongside of the blithely final 
22148-4,22148,1470,71,4,12.00,16457.64,0.07,0.02,N,O,1998-03-25,1998-05-06,1998-03-31,COLLECT COD,SHIP, deposits wake slyly carefully ironic fox
22148-5,22148,170,49,5,48.00,51368.16,0.04,0.04,N,O,1998-06-12,1998-06-11,1998-06-20,DELIVER IN PERSON,AIR,l deposits cajole. slyly 
22148-6,22148,468,69,6,25.00,34211.50,0.02,0.04,N,O,1998-06-02,1998-04-24,1998-06-19,DELIVER IN PERSON,RAIL,ress furiously final instructions
22148-7,22148,1676,18,7,46.00,72572.82,0.02,0.02,N,O,1998-07-06,1998-04-23,1998-07-21,COLLECT COD,REG AIR,uickly? final packages above the s
22149-1,22149,466,67,1,38.00,51925.48,0.00,0.03,N,O,1996-01-01,1995-11-13,1996-01-05,DELIVER IN PERSON,RAIL,he slyly express ac
22149-2,22149,970,71,2,34.00,63612.98,0.02,0.06,N,O,1995-10-24,1995-11-12,1995-11-07,DELIVER IN PERSON,AIR,g to the furiously
22149-3,22149,68,44,3,16.00,15488.96,0.09,0.07,N,O,1995-11-07,1995-12-16,1995-11-24,DELIVER IN PERSON,TRUCK, never bold instructions boost blithel
22150-1,22150,1217,92,1,19.00,21245.99,0.10,0.00,N,O,1998-05-09,1998-03-05,1998-05-22,NONE,FOB,"x among the ideas. unusual, r"
22150-2,22150,11,87,2,4.00,3644.04,0.09,0.01,N,O,1998-05-25,1998-04-19,1998-06-16,NONE,AIR,unts believe. express req
22150-3,22150,1130,3,3,10.00,10311.30,0.09,0.06,N,O,1998-04-26,1998-03-04,1998-05-24,DELIVER IN PERSON,FOB,ounts cajole fluffily around t
22150-4,22150,1361,76,4,30.00,37870.80,0.01,0.07,N,O,1998-05-15,1998-03-04,1998-05-23,TAKE BACK RETURN,RAIL,carefully. final ideas cajole. re
22150-5,22150,1630,13,5,16.00,24506.08,0.07,0.00,N,O,1998-05-18,1998-04-05,1998-05-27,COLLECT COD,RAIL, gifts are. 
22151-1,22151,1085,86,1,37.00,36484.96,0.09,0.00,R,F,1993-11-25,1993-10-01,1993-12-13,TAKE BACK RETURN,REG AIR,uriously special dependencies. carefull
22151-2,22151,548,49,2,24.00,34764.96,0.06,0.02,R,F,1993-08-23,1993-10-02,1993-09-09,TAKE BACK RETURN,TRUCK,ecial dependencies cajole quickly slyly p
22176-1,22176,1000,35,1,47.00,42347.00,0.01,0.05,A,F,1994-09-04,1994-10-18,1994-09-23,TAKE BACK RETURN,MAIL,low theodo
22176-2,22176,1287,99,2,20.00,23765.60,0.01,0.04,A,F,1994-11-20,1994-11-11,1994-12-07,TAKE BACK RETURN,RAIL,"s lose after the even, express the"
22176-3,22176,1355,32,3,15.00,18845.25,0.07,0.03,A,F,1994-09-27,1994-10-20,1994-10-14,COLLECT COD,SHIP,special dependencies sleep blithely thin 
22176-4,22176,904,7,4,2.00,3609.80,0.03,0.02,R,F,1994-11-09,1994-10-15,1994-11-30,DELIVER IN PERSON,RAIL,"tions haggle carefully. unusual, express "
22176-5,22176,1509,10,5,26.00,36673.00,0.08,0.00,R,F,1994-09-27,1994-11-10,1994-10-10,TAKE BACK RETURN,SHIP,ly. slyly silent accounts sleep. qu
22176-6,22176,753,54,6,5.00,8268.75,0.02,0.03,A,F,1994-08-18,1994-10-15,1994-08-22,TAKE BACK RETURN,FOB,ss packages should cajole flu
22176-7,22176,478,79,7,20.00,27569.40,0.03,0.05,R,F,1994-09-15,1994-10-10,1994-10-07,NONE,FOB,yly even frets. qu
22177-1,22177,1064,70,1,49.00,47287.94,0.03,0.01,N,O,1997-08-16,1997-09-27,1997-09-09,TAKE BACK RETURN,TRUCK, furiously express packages. carefully eve
22177-2,22177,1103,4,2,15.00,15061.50,0.00,0.06,N,O,1997-07-31,1997-08-28,1997-08-21,TAKE BACK RETURN,AIR,r accounts use blith
22177-3,22177,1580,1,3,24.00,35557.92,0.10,0.01,N,O,1997-09-28,1997-09-30,1997-10-17,COLLECT COD,TRUCK, accounts. slyly special accounts haggl
22177-4,22177,1709,10,4,27.00,43488.90,0.07,0.00,N,O,1997-11-01,1997-08-23,1997-11-06,NONE,TRUCK,y busy packages nag 
22178-1,22178,57,58,1,22.00,21055.10,0.10,0.08,A,F,1994-05-04,1994-06-08,1994-06-01,COLLECT COD,REG AIR,lyly special dependencies are slyly
22179-1,22179,1854,84,1,47.00,82524.95,0.00,0.06,A,F,1993-11-15,1993-12-15,1993-12-13,COLLECT COD,SHIP,osits boost carefu
22180-1,22180,1251,26,1,25.00,28806.25,0.10,0.08,N,O,1998-06-22,1998-06-26,1998-07-21,DELIVER IN PERSON,TRUCK, pending pinto bean
22181-1,22181,775,72,1,27.00,45245.79,0.01,0.03,N,O,1996-01-11,1995-11-24,1996-01-19,COLLECT COD,MAIL,blithely bold pinto beans sleep s
22181-2,22181,506,7,2,33.00,46414.50,0.04,0.00,N,O,1996-01-06,1995-12-20,1996-01-07,COLLECT COD,RAIL, regular accounts hang 
22181-3,22181,1827,14,3,48.00,82983.36,0.08,0.06,N,O,1995-12-24,1995-11-16,1996-01-01,TAKE BACK RETURN,RAIL, requests. packages detect furious
22181-4,22181,604,98,4,34.00,51156.40,0.06,0.07,N,O,1995-11-22,1995-12-27,1995-12-16,DELIVER IN PERSON,SHIP,. even deposits after the
22182-1,22182,1807,51,1,26.00,44428.80,0.09,0.01,A,F,1992-12-19,1992-11-14,1993-01-01,TAKE BACK RETURN,TRUCK,quickly quiet pinto be
22182-2,22182,556,47,2,2.00,2913.10,0.03,0.05,A,F,1992-12-12,1992-11-27,1993-01-06,TAKE BACK RETURN,SHIP,st the ruthlessly ironic packages. f
22182-3,22182,454,84,3,14.00,18962.30,0.06,0.04,R,F,1992-10-29,1992-10-20,1992-11-25,COLLECT COD,REG AIR,sly above the deposits. fluffily ex
22182-4,22182,1842,43,4,11.00,19182.24,0.03,0.05,R,F,1992-12-21,1992-11-10,1993-01-01,DELIVER IN PERSON,RAIL,s. carefully express dolphins wake quickly
22182-5,22182,1627,69,5,12.00,18343.44,0.02,0.00,A,F,1992-12-05,1992-10-12,1992-12-14,TAKE BACK RETURN,REG AIR,ong the final courts cajole bli
22183-1,22183,1153,54,1,48.00,50599.20,0.00,0.08,A,F,1992-05-22,1992-06-05,1992-06-01,NONE,RAIL,nto beans from the fur
22183-2,22183,1923,68,2,40.00,72996.80,0.01,0.01,A,F,1992-08-14,1992-05-26,1992-08-18,TAKE BACK RETURN,TRUCK,luffily furiously re
22183-3,22183,537,28,3,37.00,53188.61,0.06,0.01,R,F,1992-06-22,1992-05-25,1992-07-10,NONE,SHIP,"s the ironic, even instructions. slyly i"
22183-4,22183,376,5,4,46.00,58713.02,0.08,0.03,R,F,1992-05-20,1992-07-01,1992-06-10,NONE,REG AIR,ole carefully. courts sublate 
22183-5,22183,673,5,5,11.00,17310.37,0.02,0.01,R,F,1992-06-29,1992-06-15,1992-07-24,TAKE BACK RETURN,AIR,ickly express pinto bea
22183-6,22183,124,25,6,31.00,31747.72,0.09,0.00,R,F,1992-08-20,1992-07-23,1992-09-17,TAKE BACK RETURN,SHIP,l excuses. special pinto bea
22183-7,22183,981,82,7,23.00,43285.54,0.06,0.01,R,F,1992-07-22,1992-06-06,1992-08-01,DELIVER IN PERSON,FOB,"ides the regular, special requests are"
22208-1,22208,1417,57,1,5.00,6592.05,0.01,0.08,R,F,1994-11-15,1994-12-03,1994-12-07,NONE,FOB,press instructions. deposits haggle a
22208-2,22208,1668,92,2,10.00,15696.60,0.01,0.03,A,F,1995-01-30,1994-12-28,1995-02-28,TAKE BACK RETURN,FOB,old accounts sno
22208-3,22208,282,10,3,24.00,28374.72,0.03,0.06,R,F,1995-01-19,1994-12-12,1995-01-26,COLLECT COD,SHIP, the carefully
22208-4,22208,885,85,4,2.00,3571.76,0.08,0.00,R,F,1994-11-10,1994-12-07,1994-11-27,DELIVER IN PERSON,REG AIR, ironic asymptotes: fluffily even 
22208-5,22208,1775,2,5,25.00,41919.25,0.00,0.01,R,F,1994-12-29,1995-01-01,1995-01-23,DELIVER IN PERSON,SHIP,"ect regular, ironic accounts"
22208-6,22208,255,37,6,6.00,6931.50,0.10,0.02,R,F,1994-10-30,1994-11-18,1994-11-07,DELIVER IN PERSON,FOB," grow slyly slyly express foxes. regular, "
22209-1,22209,1196,5,1,43.00,47179.17,0.06,0.05,A,F,1993-11-04,1993-11-06,1993-11-08,COLLECT COD,MAIL,"uriously final, pending foxes. spec"
22209-2,22209,229,57,2,12.00,13550.64,0.01,0.05,A,F,1993-10-08,1993-11-09,1993-10-18,TAKE BACK RETURN,AIR,lyly ironic platelets affix slowly furiou
22209-3,22209,857,24,3,13.00,22852.05,0.07,0.08,A,F,1993-10-15,1993-11-13,1993-11-11,COLLECT COD,SHIP,sual instructions. quickly 
22210-1,22210,829,96,1,49.00,84761.18,0.04,0.08,N,O,1995-10-03,1995-12-13,1995-10-07,NONE,TRUCK,ng pinto beans use 
22210-2,22210,674,75,2,49.00,77158.83,0.00,0.05,N,O,1996-01-01,1995-11-15,1996-01-14,COLLECT COD,SHIP,t the furiously sly
22210-3,22210,852,53,3,3.00,5258.55,0.03,0.07,N,O,1995-12-11,1995-12-04,1996-01-02,COLLECT COD,SHIP,ing foxes sleep about the
22210-4,22210,892,92,4,37.00,66336.93,0.04,0.04,N,O,1995-12-28,1995-11-04,1996-01-25,COLLECT COD,MAIL,he quickly pe
22210-5,22210,620,83,5,5.00,7603.10,0.01,0.02,N,O,1995-09-29,1995-12-04,1995-10-14,DELIVER IN PERSON,RAIL, wake about 
22211-1,22211,1089,60,1,30.00,29702.40,0.10,0.00,N,O,1996-01-10,1995-12-07,1996-01-26,TAKE BACK RETURN,RAIL,ptotes. blithely even requ
22211-2,22211,1561,62,2,41.00,59964.96,0.09,0.02,N,O,1996-01-08,1995-11-10,1996-02-05,DELIVER IN PERSON,SHIP,ckly final dolphins cajole fluffily furio
22211-3,22211,1076,82,3,3.00,2931.21,0.07,0.06,N,O,1995-12-14,1995-12-31,1996-01-13,DELIVER IN PERSON,AIR,ymptotes mold quickly fin
22211-4,22211,243,25,4,47.00,53732.28,0.09,0.06,N,O,1995-10-16,1995-12-23,1995-10-26,NONE,REG AIR,ets. slyly careful courts ab
22211-5,22211,1297,98,5,12.00,14379.48,0.02,0.05,N,O,1995-12-10,1995-12-28,1995-12-30,NONE,SHIP, the packages. fl
22211-6,22211,1872,2,6,12.00,21286.44,0.01,0.05,N,O,1995-11-10,1995-11-09,1995-11-27,TAKE BACK RETURN,SHIP,the furiously even accounts. careful
22212-1,22212,139,92,1,8.00,8313.04,0.00,0.07,A,F,1993-12-21,1993-12-14,1993-12-23,TAKE BACK RETURN,AIR, carefully speci
22212-2,22212,740,5,2,46.00,75474.04,0.00,0.08,R,F,1993-12-01,1993-10-30,1993-12-21,TAKE BACK RETURN,FOB,ages. slyly unusual tithes integrate qui
22213-1,22213,1417,35,1,39.00,51417.99,0.00,0.08,N,O,1997-08-13,1997-09-18,1997-08-18,COLLECT COD,FOB,nding accounts around the slyl
22213-2,22213,466,25,2,2.00,2732.92,0.02,0.03,N,O,1997-07-19,1997-09-04,1997-08-15,NONE,FOB,ickly furiously final instructions. sly
22213-3,22213,351,8,3,8.00,10010.80,0.08,0.01,N,O,1997-11-06,1997-09-25,1997-11-10,DELIVER IN PERSON,FOB,sly pending pinto beans 
22213-4,22213,1077,13,4,12.00,11736.84,0.10,0.08,N,O,1997-07-30,1997-09-21,1997-08-19,TAKE BACK RETURN,FOB, express plate
22213-5,22213,1179,80,5,8.00,8641.36,0.04,0.06,N,O,1997-11-02,1997-10-08,1997-11-30,NONE,FOB,ly bold accounts cajole carefully. Tiresia
22214-1,22214,989,92,1,6.00,11339.88,0.09,0.02,N,O,1998-11-04,1998-09-20,1998-11-30,DELIVER IN PERSON,REG AIR,ccounts are final foxes. slyly final 
22214-2,22214,21,72,2,48.00,44208.96,0.04,0.07,N,O,1998-08-21,1998-08-20,1998-09-12,TAKE BACK RETURN,REG AIR,ers snooze fluffily accordi
22214-3,22214,780,45,3,48.00,80677.44,0.01,0.02,N,O,1998-09-13,1998-09-14,1998-09-23,TAKE BACK RETURN,MAIL,ver even deposits are slyly among th
22214-4,22214,385,42,4,49.00,62983.62,0.08,0.01,N,O,1998-10-12,1998-08-25,1998-10-26,DELIVER IN PERSON,REG AIR,ain across the quickly regular depe
22215-1,22215,321,22,1,47.00,57402.04,0.05,0.05,N,O,1996-05-04,1996-05-27,1996-05-25,COLLECT COD,REG AIR,atelets lose carefully sly 
22215-2,22215,1891,35,2,12.00,21514.68,0.10,0.04,N,O,1996-04-10,1996-04-27,1996-05-07,COLLECT COD,SHIP,es eat slyly express accounts. 
22215-3,22215,1440,58,3,39.00,52316.16,0.00,0.06,N,O,1996-06-29,1996-05-02,1996-07-16,NONE,RAIL,he quickly 
22215-4,22215,1517,38,4,33.00,46810.83,0.10,0.01,N,O,1996-05-10,1996-05-09,1996-05-15,DELIVER IN PERSON,FOB,ual instructions. theodolites use agai
22215-5,22215,329,14,5,16.00,19669.12,0.01,0.05,N,O,1996-05-19,1996-06-11,1996-05-23,COLLECT COD,FOB,"ar accounts. regular, regular accou"
22240-1,22240,93,19,1,27.00,26813.43,0.00,0.03,N,O,1996-10-30,1996-12-23,1996-11-06,COLLECT COD,TRUCK,ix. boldly
22241-1,22241,391,20,1,42.00,54238.38,0.06,0.04,R,F,1994-05-07,1994-04-26,1994-05-12,DELIVER IN PERSON,REG AIR,eans wake always. fluffily u
22241-2,22241,1517,58,2,1.00,1418.51,0.05,0.05,A,F,1994-02-10,1994-04-30,1994-02-16,TAKE BACK RETURN,AIR,ronic depo
22242-1,22242,1193,2,1,46.00,50332.74,0.05,0.01,R,F,1994-06-18,1994-08-27,1994-07-07,COLLECT COD,FOB,"ch blithely. bold, pending pack"
22242-2,22242,70,46,2,12.00,11640.84,0.04,0.06,R,F,1994-09-06,1994-08-15,1994-09-25,NONE,AIR,detect fluffily. 
22242-3,22242,891,91,3,25.00,44797.25,0.09,0.04,R,F,1994-08-19,1994-08-12,1994-08-27,NONE,SHIP,inal dolphins boos
22242-4,22242,851,52,4,29.00,50803.65,0.03,0.02,R,F,1994-08-07,1994-08-19,1994-08-18,TAKE BACK RETURN,MAIL,heaves haggle a
22242-5,22242,1226,38,5,17.00,19162.74,0.10,0.01,R,F,1994-09-08,1994-07-22,1994-09-20,TAKE BACK RETURN,REG AIR,ly bold deposits hinder blithe
22243-1,22243,486,45,1,16.00,22183.68,0.06,0.01,A,F,1994-02-02,1994-03-28,1994-03-02,DELIVER IN PERSON,SHIP,"special, silent "
22243-2,22243,1752,53,2,49.00,81033.75,0.07,0.07,R,F,1994-04-27,1994-02-15,1994-04-30,COLLECT COD,TRUCK,ckages cajole alon
22243-3,22243,627,90,3,22.00,33607.64,0.02,0.07,A,F,1994-04-20,1994-03-17,1994-05-14,COLLECT COD,TRUCK,"ts. regular, f"
22243-4,22243,273,55,4,36.00,42237.72,0.00,0.00,R,F,1994-03-03,1994-04-13,1994-03-10,TAKE BACK RETURN,AIR,arefully silent asym
22243-5,22243,1204,42,5,44.00,48628.80,0.02,0.06,A,F,1994-04-30,1994-03-13,1994-05-30,TAKE BACK RETURN,REG AIR,uriously. carefu
22243-6,22243,27,3,6,21.00,19467.42,0.10,0.05,A,F,1994-04-21,1994-02-16,1994-05-10,COLLECT COD,TRUCK,osits are ironically. carefully bold
22244-1,22244,909,78,1,4.00,7239.60,0.01,0.05,A,F,1995-05-05,1995-07-04,1995-06-04,DELIVER IN PERSON,REG AIR,s haggle furiously furiously final f
22244-2,22244,1229,30,2,11.00,12432.42,0.08,0.00,N,O,1995-07-20,1995-06-24,1995-08-01,TAKE BACK RETURN,SHIP,ests. final deposits 
22245-1,22245,1002,3,1,16.00,14448.00,0.09,0.06,R,F,1994-07-11,1994-07-09,1994-07-25,TAKE BACK RETURN,AIR, after the furiously clos
22245-2,22245,220,2,2,2.00,2240.44,0.06,0.01,R,F,1994-06-19,1994-07-20,1994-07-01,DELIVER IN PERSON,AIR,es against the furiously silent frays
22245-3,22245,1150,23,3,47.00,49404.05,0.10,0.03,A,F,1994-07-23,1994-07-10,1994-07-28,DELIVER IN PERSON,REG AIR,"lar, bold acc"
22245-4,22245,366,51,4,7.00,8864.52,0.05,0.04,A,F,1994-06-16,1994-07-06,1994-06-29,TAKE BACK RETURN,MAIL,es haggle. carefully 
22246-1,22246,1964,65,1,43.00,80236.28,0.07,0.01,N,O,1997-05-29,1997-07-01,1997-06-12,COLLECT COD,AIR,jole after the express dependencies. c
22246-2,22246,773,6,2,29.00,48539.33,0.10,0.05,N,O,1997-05-26,1997-06-06,1997-06-24,TAKE BACK RETURN,FOB,the instructions cajole furiously 
22246-3,22246,1597,38,3,44.00,65937.96,0.04,0.04,N,O,1997-07-26,1997-07-04,1997-08-02,DELIVER IN PERSON,FOB,against the ironi
22246-4,22246,1979,12,4,4.00,7523.88,0.10,0.02,N,O,1997-08-14,1997-06-19,1997-08-18,TAKE BACK RETURN,TRUCK,n platelets. regular requests cajol
22246-5,22246,830,30,5,19.00,32885.77,0.06,0.07,N,O,1997-06-14,1997-07-07,1997-07-04,NONE,RAIL,ind furiously quickly final packages. caref
22246-6,22246,1393,8,6,32.00,41420.48,0.02,0.07,N,O,1997-06-05,1997-07-15,1997-06-25,COLLECT COD,AIR,ly special instructi
22246-7,22246,334,63,7,5.00,6171.65,0.10,0.07,N,O,1997-07-06,1997-06-17,1997-07-08,COLLECT COD,MAIL,nding foxes are slyly slyly ironic p
22247-1,22247,1321,36,1,12.00,14667.84,0.05,0.00,N,O,1998-07-28,1998-05-08,1998-08-22,TAKE BACK RETURN,MAIL,counts. flu
22247-2,22247,16,42,2,30.00,27480.30,0.06,0.07,N,O,1998-05-17,1998-05-11,1998-05-29,TAKE BACK RETURN,TRUCK,cuses. blithely b
22247-3,22247,381,66,3,36.00,46129.68,0.07,0.00,N,O,1998-04-17,1998-06-11,1998-05-16,COLLECT COD,AIR,e furiously regular deposits. furio
22247-4,22247,104,31,4,34.00,34139.40,0.00,0.00,N,O,1998-05-26,1998-05-17,1998-06-16,DELIVER IN PERSON,SHIP,ly under the courts. carefully bol
22247-5,22247,942,43,5,5.00,9214.70,0.10,0.01,N,O,1998-06-19,1998-05-10,1998-06-27,DELIVER IN PERSON,TRUCK,ding platel
22247-6,22247,669,32,6,27.00,42380.82,0.10,0.06,N,O,1998-06-12,1998-05-22,1998-06-24,TAKE BACK RETURN,AIR,above the theodolites-- fluffily f
22272-1,22272,933,34,1,32.00,58685.76,0.10,0.08,A,F,1992-06-16,1992-07-18,1992-06-25,TAKE BACK RETURN,SHIP, slyly express pinto beans
22272-2,22272,1348,87,2,36.00,44976.24,0.07,0.01,A,F,1992-06-15,1992-06-18,1992-07-03,NONE,SHIP,ar decoys cajole fur
22272-3,22272,1448,49,3,19.00,25639.36,0.09,0.08,A,F,1992-08-29,1992-07-31,1992-09-26,NONE,AIR,uickly. carefully pending accounts serve 
22272-4,22272,828,29,4,21.00,36305.22,0.03,0.02,A,F,1992-08-22,1992-06-30,1992-09-04,DELIVER IN PERSON,REG AIR,ding instructions. fluffily ironic asy
22272-5,22272,1548,89,5,21.00,30440.34,0.08,0.05,A,F,1992-08-09,1992-07-08,1992-08-26,TAKE BACK RETURN,AIR,foxes slee
22272-6,22272,570,71,6,43.00,63234.51,0.08,0.01,A,F,1992-06-18,1992-06-29,1992-07-02,DELIVER IN PERSON,RAIL,pecial account
22273-1,22273,1851,38,1,22.00,38562.70,0.08,0.01,N,O,1997-05-24,1997-03-01,1997-06-13,NONE,FOB,l pinto beans sl
22273-2,22273,1001,37,2,22.00,19844.00,0.06,0.03,N,O,1997-01-27,1997-02-25,1997-02-10,NONE,SHIP, final instructions 
22273-3,22273,307,64,3,20.00,24146.00,0.04,0.03,N,O,1997-03-07,1997-02-27,1997-04-03,NONE,AIR,y unusual requests cajole blithely bold dep
22273-4,22273,1318,57,4,37.00,45114.47,0.09,0.02,N,O,1997-04-21,1997-03-11,1997-05-02,COLLECT COD,FOB, fluffily. furiously regular 
22273-5,22273,1000,69,5,31.00,27931.00,0.06,0.07,N,O,1997-03-02,1997-03-20,1997-04-01,NONE,AIR,l packages are always eve
22273-6,22273,462,63,6,21.00,28611.66,0.06,0.04,N,O,1997-03-30,1997-03-18,1997-04-09,COLLECT COD,RAIL,e furiously. carefully even courts wake 
22273-7,22273,844,44,7,42.00,73283.28,0.02,0.00,N,O,1997-02-07,1997-03-24,1997-02-14,COLLECT COD,FOB,e regular instru
22274-1,22274,903,38,1,43.00,77567.70,0.09,0.02,A,F,1993-11-26,1993-09-18,1993-12-04,NONE,RAIL,ronic accounts wake a
22275-1,22275,1250,25,1,4.00,4605.00,0.00,0.07,N,O,1997-09-13,1997-09-20,1997-09-15,COLLECT COD,RAIL,"lites. unusual, final request"
22275-2,22275,1270,8,2,26.00,30453.02,0.04,0.06,N,O,1997-10-14,1997-08-26,1997-11-07,NONE,MAIL,fily ruthless theodolites. slyly regular a
22275-3,22275,1930,19,3,35.00,64117.55,0.07,0.00,N,O,1997-09-02,1997-09-05,1997-09-23,DELIVER IN PERSON,FOB,counts. quickly regular 
22275-4,22275,1396,97,4,7.00,9081.73,0.00,0.05,N,O,1997-10-02,1997-09-29,1997-10-03,COLLECT COD,SHIP,olites sleep along the slyl
22275-5,22275,187,40,5,12.00,13046.16,0.05,0.08,N,O,1997-09-11,1997-09-26,1997-09-23,TAKE BACK RETURN,MAIL,"y silent requests. unusual, ironic deposi"
22276-1,22276,378,35,1,22.00,28124.14,0.03,0.03,A,F,1995-04-08,1995-04-07,1995-04-20,TAKE BACK RETURN,REG AIR,p fluffily slyly final theodolite
22276-2,22276,1632,15,2,26.00,39874.38,0.05,0.04,R,F,1995-05-13,1995-03-20,1995-05-28,TAKE BACK RETURN,REG AIR,ly regular 
22276-3,22276,1902,91,3,37.00,66744.30,0.04,0.00,R,F,1995-04-11,1995-03-06,1995-04-23,COLLECT COD,REG AIR, around the 
22276-4,22276,794,95,4,25.00,42369.75,0.02,0.04,N,F,1995-05-29,1995-03-27,1995-06-22,COLLECT COD,TRUCK,oost fluffily a
22276-5,22276,1436,15,5,41.00,54834.63,0.10,0.01,R,F,1995-04-27,1995-03-19,1995-05-18,COLLECT COD,TRUCK,lly. regular pinto beans are pinto beans. f
22276-6,22276,51,27,6,50.00,47552.50,0.09,0.04,A,F,1995-05-10,1995-03-30,1995-05-27,TAKE BACK RETURN,TRUCK,fily carefully even foxes. furiousl
22276-7,22276,1130,39,7,3.00,3093.39,0.04,0.01,N,F,1995-05-29,1995-04-18,1995-06-18,NONE,FOB,lites cajole carefully bold instructions:
22277-1,22277,1635,77,1,42.00,64538.46,0.04,0.02,N,O,1998-06-09,1998-06-23,1998-07-02,COLLECT COD,REG AIR, sleep blithely. carefully bol
22277-2,22277,359,44,2,47.00,59189.45,0.07,0.04,N,O,1998-07-13,1998-04-30,1998-08-03,NONE,AIR, sleep. packages according to the even 
22277-3,22277,1143,52,3,10.00,10441.40,0.09,0.01,N,O,1998-06-26,1998-06-13,1998-06-27,DELIVER IN PERSON,SHIP, requests de
22277-4,22277,35,11,4,22.00,20570.66,0.05,0.08,N,O,1998-04-09,1998-05-10,1998-04-22,DELIVER IN PERSON,REG AIR,y even attainments wake blithely am
22277-5,22277,1723,50,5,30.00,48741.60,0.02,0.06,N,O,1998-07-11,1998-05-05,1998-08-02,DELIVER IN PERSON,RAIL,ar accounts-- furiously even pinto bean
22277-6,22277,1872,59,6,39.00,69180.93,0.01,0.00,N,O,1998-04-30,1998-06-04,1998-05-18,NONE,AIR, carefully. even sentiment
22278-1,22278,910,13,1,27.00,48894.57,0.10,0.01,N,O,1996-08-01,1996-06-23,1996-08-31,DELIVER IN PERSON,REG AIR,"ans. regular, regular foxes use silently"
22278-2,22278,548,39,2,14.00,20279.56,0.10,0.00,N,O,1996-04-21,1996-06-14,1996-04-24,NONE,RAIL,deas wake furiousl
22278-3,22278,1294,32,3,34.00,40639.86,0.00,0.06,N,O,1996-07-17,1996-05-27,1996-07-30,TAKE BACK RETURN,TRUCK,re slyly. slyly sly courts are. 
22278-4,22278,1696,79,4,6.00,9586.14,0.09,0.08,N,O,1996-05-13,1996-05-12,1996-06-12,NONE,MAIL,und the sly
22279-1,22279,1477,56,1,5.00,6892.35,0.08,0.08,R,F,1995-01-24,1995-02-12,1995-01-28,NONE,FOB,"ld platelets. regular, bold deposits"
22279-2,22279,1287,62,2,9.00,10694.52,0.10,0.06,A,F,1995-02-09,1995-03-01,1995-03-03,DELIVER IN PERSON,TRUCK,unts across the pendin
22279-3,22279,146,47,3,14.00,14645.96,0.06,0.05,A,F,1995-04-09,1995-03-06,1995-04-17,NONE,MAIL, requests cajole fluffily u
22279-4,22279,509,100,4,15.00,21142.50,0.08,0.00,R,F,1995-01-30,1995-01-23,1995-02-14,DELIVER IN PERSON,SHIP,eposits nod fluffily quickly pending acco
22304-1,22304,1085,91,1,31.00,30568.48,0.02,0.00,N,O,1995-12-02,1996-01-25,1995-12-30,DELIVER IN PERSON,TRUCK,y pending escapades
22304-2,22304,1336,37,2,24.00,29695.92,0.03,0.05,N,O,1996-02-24,1996-02-10,1996-03-01,NONE,FOB,ly. bold asymptotes use slyly. fluffil
22304-3,22304,1517,18,3,31.00,43973.81,0.07,0.04,N,O,1995-12-04,1996-02-09,1995-12-25,DELIVER IN PERSON,MAIL,ding deposits around the 
22304-4,22304,325,26,4,23.00,28182.36,0.00,0.05,N,O,1995-12-04,1995-12-27,1995-12-16,TAKE BACK RETURN,REG AIR,nt excuses wake final warhor
22304-5,22304,843,43,5,43.00,74985.12,0.02,0.07,N,O,1996-01-10,1996-01-11,1996-01-23,NONE,RAIL,blithely express ideas. idly ironic i
22305-1,22305,1465,83,1,30.00,40993.80,0.05,0.04,R,F,1992-08-02,1992-08-27,1992-08-03,DELIVER IN PERSON,REG AIR,es mold car
22305-2,22305,620,21,2,1.00,1520.62,0.02,0.04,A,F,1992-07-27,1992-09-21,1992-08-21,COLLECT COD,SHIP,s are furiously: carefully unu
22306-1,22306,1265,3,1,19.00,22158.94,0.05,0.05,N,O,1996-08-22,1996-09-30,1996-08-30,NONE,RAIL, quickly alongside 
22306-2,22306,1916,5,2,13.00,23632.83,0.09,0.06,N,O,1996-11-14,1996-10-16,1996-11-26,DELIVER IN PERSON,MAIL, quiet accounts use bl
22306-3,22306,651,14,3,45.00,69824.25,0.09,0.04,N,O,1996-09-24,1996-09-27,1996-09-25,TAKE BACK RETURN,TRUCK,ccounts. furiously bold pains along the 
22306-4,22306,977,12,4,14.00,26291.58,0.10,0.02,N,O,1996-09-09,1996-11-08,1996-10-09,DELIVER IN PERSON,FOB, about the carefully furious acc
22306-5,22306,252,7,5,8.00,9218.00,0.03,0.08,N,O,1996-09-01,1996-09-19,1996-09-26,NONE,REG AIR,ructions. blithely busy instructions haggl
22307-1,22307,1626,50,1,4.00,6110.48,0.08,0.03,A,F,1993-11-11,1993-11-27,1993-11-28,TAKE BACK RETURN,MAIL,fully ironic deposits cajole fluff
22307-2,22307,1598,39,2,30.00,44987.70,0.06,0.02,R,F,1993-09-25,1993-12-01,1993-10-15,COLLECT COD,FOB,carefully up the
22307-3,22307,419,20,3,12.00,15832.92,0.09,0.00,R,F,1993-10-17,1993-12-17,1993-11-01,COLLECT COD,RAIL,ests above the fur
22307-4,22307,610,42,4,43.00,64956.23,0.08,0.07,R,F,1993-10-08,1993-11-07,1993-11-06,TAKE BACK RETURN,SHIP,re fluffily ironic asymptotes. fox
22307-5,22307,658,90,5,30.00,46759.50,0.09,0.04,R,F,1993-10-02,1993-11-29,1993-10-14,COLLECT COD,TRUCK,y even theo
22308-1,22308,1534,75,1,6.00,8613.18,0.06,0.06,A,F,1994-05-28,1994-06-24,1994-06-10,NONE,AIR,elets sleep slyly according to the pinto 
22308-2,22308,70,96,2,38.00,36862.66,0.07,0.04,A,F,1994-05-14,1994-05-27,1994-05-18,NONE,AIR,ic packages. furiously even ideas play ab
22308-3,22308,1004,75,3,16.00,14480.00,0.10,0.06,R,F,1994-04-13,1994-05-22,1994-04-30,COLLECT COD,FOB,lly about the unusual asy
22308-4,22308,1557,98,4,41.00,59800.55,0.09,0.04,R,F,1994-06-14,1994-05-11,1994-07-06,DELIVER IN PERSON,REG AIR,he furiously final dependencies. slyly bold
22308-5,22308,1798,99,5,13.00,22097.27,0.06,0.00,R,F,1994-05-03,1994-06-28,1994-05-23,TAKE BACK RETURN,AIR,thin accounts. request
22308-6,22308,1381,82,6,29.00,37189.02,0.07,0.06,A,F,1994-05-14,1994-05-14,1994-05-16,COLLECT COD,AIR,aggle carefully among the quickly reg
22309-1,22309,654,48,1,26.00,40420.90,0.05,0.04,N,O,1997-04-04,1997-02-25,1997-04-05,NONE,FOB,"egular, special packages. pending accoun"
22309-2,22309,667,30,2,7.00,10973.62,0.05,0.00,N,O,1997-04-01,1997-02-01,1997-04-30,DELIVER IN PERSON,RAIL,usly final foxes c
22309-3,22309,1035,6,3,33.00,30888.99,0.03,0.04,N,O,1997-01-12,1997-02-18,1997-02-01,DELIVER IN PERSON,SHIP,affix requests. stealthily special foxes na
22309-4,22309,279,34,4,33.00,38915.91,0.03,0.06,N,O,1997-02-16,1997-03-08,1997-03-10,COLLECT COD,AIR,es haggle quietl
22309-5,22309,500,30,5,38.00,53219.00,0.07,0.04,N,O,1997-02-21,1997-03-26,1997-02-24,DELIVER IN PERSON,AIR,ously regul
22309-6,22309,652,15,6,47.00,72974.55,0.02,0.07,N,O,1997-01-13,1997-03-06,1997-01-14,DELIVER IN PERSON,REG AIR,he quickly final requests. qui
22309-7,22309,1734,19,7,47.00,76879.31,0.05,0.02,N,O,1997-04-14,1997-02-26,1997-05-04,NONE,AIR,use quickly above the platelets. fluffily
22310-1,22310,1322,99,1,34.00,41592.88,0.02,0.08,N,O,1998-02-12,1998-01-02,1998-03-06,DELIVER IN PERSON,REG AIR,ckages sleep slyly final re
22310-2,22310,714,47,2,8.00,12917.68,0.01,0.07,N,O,1998-03-08,1998-01-22,1998-03-09,COLLECT COD,MAIL,players wake pinto beans. s
22310-3,22310,1580,21,3,1.00,1481.58,0.06,0.08,N,O,1997-12-15,1997-12-26,1998-01-14,TAKE BACK RETURN,SHIP,sublate. ironic
22310-4,22310,1847,91,4,4.00,6995.36,0.06,0.06,N,O,1998-01-22,1998-01-21,1998-01-29,NONE,FOB,ideas. platelets are according to the slyly
22310-5,22310,1876,20,5,15.00,26668.05,0.05,0.05,N,O,1998-03-23,1998-01-23,1998-03-30,TAKE BACK RETURN,REG AIR,arefully regular accounts nag. special p
22310-6,22310,1167,40,6,15.00,16022.40,0.06,0.00,N,O,1998-02-23,1998-01-11,1998-03-25,NONE,AIR,y express fo
22311-1,22311,1270,71,1,27.00,31624.29,0.10,0.05,N,O,1998-08-03,1998-07-30,1998-08-22,COLLECT COD,MAIL,ong the slyly final accounts. ideas sleep i
22311-2,22311,471,59,2,14.00,19200.58,0.10,0.08,N,O,1998-09-26,1998-07-27,1998-10-14,COLLECT COD,REG AIR, regular attai
22311-3,22311,1989,34,3,35.00,66184.30,0.10,0.07,N,O,1998-08-09,1998-07-14,1998-08-16,TAKE BACK RETURN,MAIL, final requests
22311-4,22311,405,35,4,27.00,35245.80,0.09,0.04,N,O,1998-10-03,1998-08-25,1998-10-22,TAKE BACK RETURN,MAIL,ests cajole slyly fi
22311-5,22311,683,77,5,17.00,26922.56,0.05,0.00,N,O,1998-08-21,1998-08-11,1998-09-08,NONE,FOB,fluffily ironic deposits wake furiously acr
22311-6,22311,92,43,6,12.00,11905.08,0.09,0.08,N,O,1998-08-07,1998-09-02,1998-09-04,DELIVER IN PERSON,FOB,y final accounts affi
22311-7,22311,1776,61,7,23.00,38588.71,0.04,0.00,N,O,1998-08-21,1998-07-20,1998-09-02,COLLECT COD,RAIL, express accounts. bold platelets about t
22336-1,22336,866,67,1,13.00,22969.18,0.04,0.04,N,O,1997-09-17,1997-09-22,1997-09-20,NONE,TRUCK,ular packages. slyly regu
22336-2,22336,689,83,2,26.00,41331.68,0.04,0.05,N,O,1997-09-30,1997-09-12,1997-10-29,NONE,REG AIR, according to the final deposits
22336-3,22336,188,89,3,39.00,42439.02,0.03,0.04,N,O,1997-09-19,1997-09-25,1997-10-03,NONE,REG AIR,ckly express packages. silent r
22336-4,22336,61,12,4,44.00,42286.64,0.04,0.04,N,O,1997-08-09,1997-09-08,1997-08-10,TAKE BACK RETURN,RAIL,ans haggle
22336-5,22336,707,4,5,23.00,36977.10,0.04,0.06,N,O,1997-10-21,1997-09-02,1997-11-05,COLLECT COD,MAIL,kly ruthless deposits. carefully express 
22336-6,22336,1639,81,6,38.00,58543.94,0.04,0.01,N,O,1997-09-17,1997-10-13,1997-09-21,NONE,RAIL,eposits. regula
22337-1,22337,1691,92,1,49.00,78041.81,0.10,0.00,N,O,1996-04-10,1996-05-07,1996-05-07,TAKE BACK RETURN,RAIL,tes. regular deposits according to the qu
22337-2,22337,1060,66,2,40.00,38442.40,0.09,0.05,N,O,1996-04-24,1996-05-19,1996-04-26,COLLECT COD,MAIL,haggle carefully slyly bold request
22337-3,22337,226,81,3,3.00,3378.66,0.00,0.04,N,O,1996-06-01,1996-05-23,1996-06-21,DELIVER IN PERSON,AIR,xpress theodolites! pa
22337-4,22337,1098,34,4,45.00,44959.05,0.07,0.04,N,O,1996-03-04,1996-04-10,1996-03-19,DELIVER IN PERSON,SHIP,cies. carefully unu
22338-1,22338,1094,100,1,37.00,36818.33,0.04,0.08,A,F,1993-06-02,1993-06-22,1993-06-28,NONE,TRUCK,lyly final the
22338-2,22338,1888,32,2,9.00,16108.92,0.02,0.02,A,F,1993-08-23,1993-07-02,1993-09-18,DELIVER IN PERSON,TRUCK,lar packages after the furiously bold do
22338-3,22338,379,64,3,35.00,44777.95,0.05,0.05,R,F,1993-08-29,1993-06-20,1993-09-18,COLLECT COD,MAIL,r foxes are caref
22338-4,22338,626,89,4,1.00,1526.62,0.07,0.00,R,F,1993-08-04,1993-07-20,1993-08-24,COLLECT COD,REG AIR,. slyly even fo
22338-5,22338,1635,77,5,42.00,64538.46,0.06,0.05,A,F,1993-08-13,1993-08-03,1993-08-29,TAKE BACK RETURN,FOB,nic packages wake carefully? regula
22339-1,22339,978,13,1,22.00,41337.34,0.03,0.08,A,F,1995-02-09,1995-02-01,1995-03-01,COLLECT COD,MAIL,ages doubt
22339-2,22339,1415,55,2,25.00,32910.25,0.00,0.00,A,F,1995-03-02,1995-01-23,1995-03-22,TAKE BACK RETURN,SHIP,ent deposit
22339-3,22339,1091,27,3,37.00,36707.33,0.10,0.06,A,F,1994-12-24,1994-12-15,1995-01-19,NONE,RAIL, idle requests doze furiously. fina
22340-1,22340,1077,48,1,43.00,42057.01,0.05,0.06,N,O,1998-08-09,1998-07-14,1998-09-01,NONE,AIR,sleep against the special gifts. 
22340-2,22340,1552,93,2,16.00,23256.80,0.08,0.08,N,O,1998-05-27,1998-07-06,1998-06-09,NONE,SHIP,odolites nag furiously even packages. qui
22341-1,22341,1918,19,1,46.00,83715.86,0.02,0.01,N,O,1996-03-16,1996-02-07,1996-03-22,COLLECT COD,AIR,uriously fluffily ironic Tires
22341-2,22341,736,33,2,50.00,81836.50,0.08,0.01,N,O,1995-12-03,1996-02-11,1995-12-18,COLLECT COD,SHIP,bold accounts cajole. furio
22342-1,22342,1681,82,1,50.00,79134.00,0.07,0.01,R,F,1994-08-06,1994-06-30,1994-08-27,TAKE BACK RETURN,SHIP,s: careful
22342-2,22342,1564,85,2,21.00,30776.76,0.07,0.00,A,F,1994-07-31,1994-07-05,1994-08-05,DELIVER IN PERSON,RAIL,. regular theodolites a
22342-3,22342,1718,19,3,38.00,61548.98,0.02,0.02,R,F,1994-06-08,1994-08-22,1994-07-03,DELIVER IN PERSON,TRUCK,ainments detect idly about 
22342-4,22342,1523,24,4,25.00,35613.00,0.02,0.05,R,F,1994-06-16,1994-08-25,1994-07-08,COLLECT COD,SHIP,t deposits haggle blithely in
22342-5,22342,543,34,5,3.00,4330.62,0.03,0.01,A,F,1994-08-23,1994-08-14,1994-09-17,NONE,MAIL,t the quickly final t
22343-1,22343,900,67,1,26.00,46823.40,0.02,0.06,N,O,1996-04-30,1996-02-24,1996-05-28,COLLECT COD,REG AIR,y express ideas wake across the p
22343-2,22343,1137,74,2,35.00,36334.55,0.07,0.00,N,O,1996-03-29,1996-04-15,1996-04-04,TAKE BACK RETURN,SHIP,xcuses sleep ironic packages. even a
22343-3,22343,531,62,3,46.00,65850.38,0.01,0.00,N,O,1996-02-28,1996-03-11,1996-03-16,NONE,REG AIR,uickly ironic
22368-1,22368,89,65,1,1.00,989.08,0.09,0.07,A,F,1993-06-19,1993-03-30,1993-07-02,DELIVER IN PERSON,FOB,lyly regul
22368-2,22368,1715,100,2,2.00,3233.42,0.06,0.02,A,F,1993-06-11,1993-05-21,1993-06-14,NONE,SHIP,"ress, unusual accounts. carefully regu"
22368-3,22368,1410,28,3,12.00,15736.92,0.08,0.02,A,F,1993-03-13,1993-04-01,1993-04-04,TAKE BACK RETURN,TRUCK,pecial requests haggle aro
22368-4,22368,1921,10,4,35.00,63802.20,0.08,0.06,R,F,1993-03-16,1993-05-06,1993-04-05,COLLECT COD,TRUCK,"es sleep furiously ironic,"
22368-5,22368,1924,57,5,27.00,49299.84,0.08,0.00,A,F,1993-04-04,1993-04-13,1993-04-11,DELIVER IN PERSON,SHIP,ove the express f
22368-6,22368,1471,50,6,6.00,8234.82,0.06,0.01,R,F,1993-04-29,1993-03-22,1993-05-05,COLLECT COD,REG AIR,lithely according to the blithely quie
22368-7,22368,488,89,7,17.00,23604.16,0.04,0.03,A,F,1993-04-19,1993-04-25,1993-04-28,DELIVER IN PERSON,REG AIR,o the furiously expres
22369-1,22369,978,79,1,41.00,77037.77,0.00,0.01,N,O,1996-05-25,1996-05-22,1996-05-29,TAKE BACK RETURN,FOB,ns across the fluffily regula
22369-2,22369,1185,94,2,34.00,36930.12,0.07,0.04,N,O,1996-06-28,1996-04-17,1996-07-16,NONE,REG AIR,hely final requests. depen
22369-3,22369,958,93,3,6.00,11153.70,0.02,0.04,N,O,1996-06-30,1996-05-11,1996-07-02,DELIVER IN PERSON,FOB,requests boost slow
22369-4,22369,1978,11,4,38.00,71438.86,0.08,0.04,N,O,1996-04-09,1996-05-19,1996-04-26,DELIVER IN PERSON,REG AIR,ckages haggle e
22369-5,22369,1251,52,5,4.00,4609.00,0.08,0.01,N,O,1996-04-13,1996-04-20,1996-05-04,TAKE BACK RETURN,REG AIR,n escapades unwind. packages are quickl
22370-1,22370,1874,75,1,15.00,26638.05,0.03,0.04,N,O,1998-04-03,1998-01-14,1998-04-22,COLLECT COD,REG AIR, even deposits. accounts print
22370-2,22370,345,30,2,23.00,28642.82,0.04,0.07,N,O,1998-04-11,1998-02-02,1998-05-05,COLLECT COD,TRUCK,s boost pending instructi
22370-3,22370,940,75,3,11.00,20250.34,0.02,0.01,N,O,1998-04-08,1998-03-08,1998-05-05,TAKE BACK RETURN,MAIL,cies at the blithely final ideas doze care
22370-4,22370,1266,4,4,24.00,28014.24,0.00,0.01,N,O,1998-04-15,1998-01-31,1998-04-25,COLLECT COD,SHIP,ar foxes cajole idly unusual
22370-5,22370,525,26,5,48.00,68424.96,0.02,0.07,N,O,1998-04-01,1998-01-31,1998-04-13,COLLECT COD,REG AIR,kages are enticing theodolites. care
22370-6,22370,389,90,6,7.00,9025.66,0.04,0.04,N,O,1998-02-01,1998-01-23,1998-02-21,NONE,MAIL,e fluffily careful forges. slyly ironic
22371-1,22371,1585,26,1,14.00,20812.12,0.04,0.04,A,F,1994-07-11,1994-06-21,1994-08-09,TAKE BACK RETURN,MAIL,"nstructions haggle furiously even, reg"
22371-2,22371,364,49,2,8.00,10114.88,0.08,0.07,A,F,1994-06-10,1994-06-29,1994-06-20,DELIVER IN PERSON,AIR,g theodolites? fina
22371-3,22371,1600,41,3,1.00,1501.60,0.03,0.03,R,F,1994-05-01,1994-06-06,1994-05-19,DELIVER IN PERSON,AIR,usly even requests. furiously silent re
22372-1,22372,1701,44,1,8.00,12821.60,0.05,0.07,N,O,1997-07-01,1997-06-10,1997-07-31,COLLECT COD,REG AIR,x blithely slyly brave packages. blith
22372-2,22372,384,13,2,35.00,44953.30,0.01,0.06,N,O,1997-04-30,1997-06-03,1997-05-07,TAKE BACK RETURN,MAIL,ly above the slyly unusual req
22372-3,22372,146,73,3,40.00,41845.60,0.03,0.01,N,O,1997-06-15,1997-05-26,1997-07-11,COLLECT COD,MAIL,sts boost slyly
22372-4,22372,1081,17,4,46.00,45175.68,0.01,0.08,N,O,1997-04-24,1997-05-22,1997-05-07,NONE,FOB,fily silent dependencies are carefully 
22372-5,22372,1852,82,5,32.00,56123.20,0.09,0.08,N,O,1997-06-23,1997-06-14,1997-07-06,DELIVER IN PERSON,SHIP,al foxes. never final foxes snooze 
22372-6,22372,64,90,6,15.00,14460.90,0.02,0.08,N,O,1997-04-24,1997-05-11,1997-05-22,TAKE BACK RETURN,MAIL," express, e"
22372-7,22372,1310,87,7,22.00,26648.82,0.03,0.01,N,O,1997-05-27,1997-06-02,1997-06-14,COLLECT COD,RAIL,ular foxes integrat
22373-1,22373,885,52,1,17.00,30359.96,0.02,0.05,A,F,1992-05-15,1992-05-02,1992-06-13,NONE,MAIL,g the slyly pending asymptotes. caref
22373-2,22373,1175,12,2,23.00,24751.91,0.09,0.01,A,F,1992-05-20,1992-04-28,1992-05-31,COLLECT COD,AIR,"d, special the"
22373-3,22373,676,8,3,33.00,52030.11,0.04,0.07,A,F,1992-06-29,1992-05-02,1992-07-21,NONE,SHIP,the blithely special
22373-4,22373,1531,32,4,45.00,64463.85,0.03,0.01,A,F,1992-04-06,1992-06-16,1992-04-14,DELIVER IN PERSON,RAIL,uffy packages haggle blithely quick
22373-5,22373,258,59,5,50.00,57912.50,0.06,0.02,R,F,1992-06-29,1992-05-15,1992-07-20,TAKE BACK RETURN,RAIL,uctions. b
22373-6,22373,532,63,6,48.00,68761.44,0.08,0.05,A,F,1992-07-09,1992-05-02,1992-07-28,DELIVER IN PERSON,REG AIR,yly final accounts. slyl
22374-1,22374,1209,21,1,20.00,22204.00,0.02,0.05,R,F,1994-12-18,1994-11-21,1995-01-02,TAKE BACK RETURN,REG AIR,s are fluffily across the blithely iron
22374-2,22374,490,49,2,14.00,19466.86,0.04,0.01,R,F,1994-09-29,1994-12-14,1994-09-30,TAKE BACK RETURN,AIR," express, regular foxe"
22374-3,22374,807,74,3,21.00,35863.80,0.03,0.05,R,F,1994-11-04,1994-12-18,1994-11-30,TAKE BACK RETURN,MAIL,lently! unusual packag
22375-1,22375,491,50,1,20.00,27829.80,0.03,0.08,A,F,1995-05-07,1995-05-28,1995-05-22,DELIVER IN PERSON,REG AIR,ter the quickly even accounts.
22375-2,22375,1557,98,2,8.00,11668.40,0.06,0.04,R,F,1995-04-13,1995-06-16,1995-04-23,DELIVER IN PERSON,TRUCK,ress theodolites. special reques
22375-3,22375,987,56,3,2.00,3775.96,0.05,0.00,A,F,1995-04-30,1995-06-25,1995-05-11,COLLECT COD,SHIP,osits cajole across the expre
22400-1,22400,388,89,1,14.00,18037.32,0.02,0.08,A,F,1993-07-04,1993-08-15,1993-07-27,NONE,REG AIR, blithely ironic asymptotes. de
22400-2,22400,798,63,2,13.00,22084.27,0.07,0.08,R,F,1993-07-28,1993-08-03,1993-08-05,COLLECT COD,TRUCK, blithely final
22401-1,22401,21,72,1,4.00,3684.08,0.10,0.01,N,O,1997-03-05,1997-03-26,1997-03-19,TAKE BACK RETURN,FOB, sleep fluffily stealthy frays. escapades 
22401-2,22401,547,48,2,24.00,34740.96,0.04,0.06,N,O,1997-05-31,1997-04-15,1997-06-29,DELIVER IN PERSON,RAIL,ets are against th
22402-1,22402,658,21,1,16.00,24938.40,0.09,0.04,A,F,1994-07-19,1994-08-12,1994-08-15,NONE,FOB,efully dogged reque
22402-2,22402,1678,2,2,27.00,42651.09,0.10,0.03,R,F,1994-08-03,1994-08-15,1994-08-04,DELIVER IN PERSON,REG AIR,s foxes haggle slyly across the
22402-3,22402,284,66,3,9.00,10658.52,0.07,0.00,A,F,1994-06-08,1994-07-18,1994-06-23,COLLECT COD,FOB,ns are carefully qui
22402-4,22402,501,2,4,33.00,46249.50,0.06,0.05,R,F,1994-06-09,1994-08-26,1994-06-29,DELIVER IN PERSON,REG AIR,ncies. blithely regular packages wak
22403-1,22403,1063,99,1,24.00,23137.44,0.00,0.04,N,O,1998-09-05,1998-09-28,1998-09-28,DELIVER IN PERSON,TRUCK,boost carefully instru
22403-2,22403,468,98,2,44.00,60212.24,0.09,0.00,N,O,1998-11-29,1998-09-29,1998-12-05,COLLECT COD,AIR,. slyly special deposits use 
22403-3,22403,560,21,3,34.00,49659.04,0.06,0.08,N,O,1998-10-19,1998-10-16,1998-10-24,NONE,MAIL,depths. slyly pending requests amon
22404-1,22404,1742,43,1,18.00,29587.32,0.02,0.05,R,F,1994-02-20,1994-01-23,1994-03-06,COLLECT COD,TRUCK,ges cajole blithely. 
22404-2,22404,6,57,2,37.00,33522.00,0.05,0.02,A,F,1994-02-08,1994-01-26,1994-03-01,COLLECT COD,REG AIR, theodolites sublate slyly whithout the 
22404-3,22404,1489,7,3,9.00,12514.32,0.00,0.03,A,F,1994-03-12,1994-01-27,1994-04-08,DELIVER IN PERSON,REG AIR,eans. ruthl
22405-1,22405,1770,55,1,17.00,28420.09,0.03,0.01,N,O,1997-05-07,1997-05-28,1997-05-28,DELIVER IN PERSON,SHIP,deas wake blithely. quickly express packag
22406-1,22406,1114,87,1,8.00,8120.88,0.00,0.01,N,O,1996-07-01,1996-04-26,1996-07-15,COLLECT COD,RAIL,furiously regular
22406-2,22406,1054,90,2,32.00,30561.60,0.03,0.06,N,O,1996-07-01,1996-05-26,1996-07-18,NONE,REG AIR,ructions use abo
22406-3,22406,1091,92,3,28.00,27778.52,0.00,0.02,N,O,1996-07-03,1996-05-19,1996-07-30,NONE,MAIL,braids! blithely pending pack
22406-4,22406,208,90,4,1.00,1108.20,0.07,0.00,N,O,1996-05-10,1996-06-15,1996-05-19,TAKE BACK RETURN,MAIL,"ts poach final, regular excuses. dar"
22406-5,22406,1295,33,5,11.00,13159.19,0.04,0.08,N,O,1996-06-07,1996-06-02,1996-06-14,TAKE BACK RETURN,AIR,s haggle blithely whith
22406-6,22406,1186,87,6,39.00,42400.02,0.10,0.06,N,O,1996-04-20,1996-04-26,1996-05-12,TAKE BACK RETURN,REG AIR,. even foxes use carefully 
22407-1,22407,593,94,1,17.00,25391.03,0.01,0.03,R,F,1995-02-24,1995-01-28,1995-02-26,TAKE BACK RETURN,MAIL, blithely ironic foxes. blithely even r
22407-2,22407,1859,46,2,5.00,8804.25,0.06,0.08,R,F,1995-02-03,1995-01-17,1995-02-07,TAKE BACK RETURN,REG AIR, requests nag pending
22407-3,22407,743,44,3,39.00,64105.86,0.08,0.02,R,F,1995-01-28,1994-12-24,1995-02-09,DELIVER IN PERSON,MAIL,al deposits. s
22407-4,22407,1492,32,4,37.00,51559.13,0.01,0.02,R,F,1995-03-05,1995-01-31,1995-03-07,COLLECT COD,FOB,fts alongside of the slyly i
22407-5,22407,1682,65,5,41.00,64930.88,0.07,0.01,R,F,1994-12-09,1994-12-30,1994-12-20,TAKE BACK RETURN,MAIL,sts sleep slyly. ruthlessly 
22407-6,22407,1769,96,6,12.00,20049.12,0.02,0.04,A,F,1994-11-30,1995-01-10,1994-12-18,DELIVER IN PERSON,FOB,ly. furiously ironic packag
22432-1,22432,1944,45,1,42.00,77529.48,0.01,0.06,R,F,1993-03-18,1993-01-21,1993-04-11,COLLECT COD,REG AIR,boldly special packages boost blithely. sly
22432-2,22432,1897,41,2,47.00,84547.83,0.00,0.01,R,F,1993-01-05,1993-02-25,1993-02-01,TAKE BACK RETURN,MAIL,oss the never express deposits. si
22432-3,22432,1463,81,3,35.00,47756.10,0.04,0.07,R,F,1993-02-04,1993-01-13,1993-02-27,NONE,TRUCK,l requests haggle furiously. deposi
22432-4,22432,786,83,4,3.00,5060.34,0.05,0.02,R,F,1992-12-13,1993-01-27,1993-01-07,TAKE BACK RETURN,RAIL,silent dolphins. quietly unusual idea
22432-5,22432,1625,49,5,20.00,30532.40,0.02,0.03,R,F,1992-12-19,1993-01-29,1992-12-31,DELIVER IN PERSON,TRUCK,egular packages haggle
22433-1,22433,350,51,1,19.00,23756.65,0.08,0.04,N,F,1995-06-11,1995-05-01,1995-06-24,TAKE BACK RETURN,REG AIR,"l, pending theodolites. quickl"
22433-2,22433,1427,45,2,50.00,66421.00,0.05,0.02,R,F,1995-04-23,1995-04-16,1995-05-01,NONE,MAIL,he ideas. carefully express reques
22433-3,22433,735,100,3,44.00,71972.12,0.10,0.00,N,O,1995-06-21,1995-04-16,1995-06-28,TAKE BACK RETURN,REG AIR,are after the special accounts
22434-1,22434,801,35,1,8.00,13614.40,0.02,0.06,A,F,1992-12-26,1992-11-06,1993-01-18,COLLECT COD,RAIL,al requests. furiously thin deposits boo
22434-2,22434,1157,94,2,47.00,49733.05,0.00,0.06,A,F,1992-09-06,1992-10-03,1992-09-17,DELIVER IN PERSON,RAIL,ideas: even packages haggle quic
22434-3,22434,477,78,3,47.00,64741.09,0.08,0.01,R,F,1992-09-08,1992-11-27,1992-10-05,NONE,MAIL,ix above the blithely bold acco
22434-4,22434,544,45,4,40.00,57781.60,0.10,0.02,R,F,1992-12-04,1992-11-21,1992-12-18,COLLECT COD,AIR,ithely quickly regular pinto beans. furious
22434-5,22434,1203,41,5,23.00,25396.60,0.06,0.08,R,F,1992-12-03,1992-10-31,1992-12-23,TAKE BACK RETURN,FOB,e bold foxe
22434-6,22434,447,48,6,45.00,60634.80,0.05,0.06,A,F,1992-11-14,1992-11-25,1992-12-05,DELIVER IN PERSON,SHIP,latelets are slyly before the 
22434-7,22434,1698,40,7,27.00,43191.63,0.10,0.06,R,F,1992-09-02,1992-10-25,1992-09-12,NONE,TRUCK,deposits wake along the closely re
22435-1,22435,1488,6,1,45.00,62526.60,0.02,0.07,N,O,1997-07-20,1997-07-08,1997-07-21,TAKE BACK RETURN,RAIL,deas engage carefu
22435-2,22435,1028,64,2,40.00,37160.80,0.08,0.02,N,O,1997-06-10,1997-08-05,1997-06-17,NONE,MAIL,arefully quickly even request
22436-1,22436,931,34,1,35.00,64117.55,0.08,0.08,N,O,1996-08-29,1996-07-01,1996-09-11,NONE,SHIP,t the bold packages det
22436-2,22436,1286,61,2,28.00,33243.84,0.04,0.08,N,O,1996-07-12,1996-07-20,1996-08-01,NONE,TRUCK,uctions are above the blithely
22436-3,22436,37,88,3,27.00,25299.81,0.10,0.00,N,O,1996-06-17,1996-06-23,1996-06-23,TAKE BACK RETURN,REG AIR,al deposits? blithely
22436-4,22436,1734,19,4,7.00,11450.11,0.00,0.07,N,O,1996-09-15,1996-07-03,1996-10-02,TAKE BACK RETURN,TRUCK,"uests. bold, pending accounts cajole amo"
22436-5,22436,376,5,5,32.00,40843.84,0.07,0.02,N,O,1996-08-18,1996-08-02,1996-08-24,DELIVER IN PERSON,MAIL,sual sentimen
22436-6,22436,1237,12,6,6.00,6829.38,0.07,0.08,N,O,1996-09-02,1996-07-09,1996-09-13,TAKE BACK RETURN,REG AIR,ncies boost blithely furiou
22437-1,22437,27,3,1,45.00,41715.90,0.00,0.04,A,F,1994-10-12,1994-09-04,1994-11-07,NONE,AIR,ding to the blithely even do
22438-1,22438,17,93,1,50.00,45850.50,0.06,0.08,N,O,1997-10-06,1997-11-27,1997-10-12,TAKE BACK RETURN,AIR,s are according to the sly
22438-2,22438,1281,56,2,7.00,8275.96,0.10,0.05,N,O,1997-12-14,1997-11-04,1997-12-18,COLLECT COD,REG AIR,"he fluffily bold courts. ironic, ironi"
22438-3,22438,1117,18,3,14.00,14253.54,0.05,0.05,N,O,1997-11-04,1997-11-19,1997-11-23,TAKE BACK RETURN,TRUCK,"among the close, regular account"
22438-4,22438,1344,21,4,20.00,24906.80,0.09,0.04,N,O,1998-01-10,1997-11-09,1998-01-24,DELIVER IN PERSON,TRUCK,ies along the fluffily express in
22438-5,22438,1780,7,5,43.00,72316.54,0.02,0.01,N,O,1998-01-19,1997-11-11,1998-02-02,DELIVER IN PERSON,AIR,hely unusual courts print slyly final
22438-6,22438,846,80,6,43.00,75114.12,0.02,0.07,N,O,1997-09-30,1997-11-30,1997-10-15,DELIVER IN PERSON,FOB, ironic inst
22438-7,22438,1910,99,7,18.00,32614.38,0.01,0.01,N,O,1997-12-29,1997-10-31,1998-01-10,TAKE BACK RETURN,RAIL,ptotes about the regular deposits 
22439-1,22439,1750,93,1,35.00,57811.25,0.01,0.06,N,O,1997-10-16,1997-10-18,1997-10-26,COLLECT COD,FOB,about the unusual
22439-2,22439,503,94,2,50.00,70175.00,0.01,0.00,N,O,1997-10-04,1997-10-20,1997-10-13,COLLECT COD,REG AIR,"c requests. regular, furious ac"
22439-3,22439,93,19,3,11.00,10923.99,0.03,0.01,N,O,1997-09-05,1997-10-05,1997-09-07,TAKE BACK RETURN,RAIL, final pinto beans. quickly unusual package
22439-4,22439,252,7,4,33.00,38024.25,0.02,0.05,N,O,1997-09-11,1997-10-14,1997-10-09,DELIVER IN PERSON,AIR,final asymptotes. regular i
22439-5,22439,1365,66,5,15.00,18995.40,0.09,0.05,N,O,1997-09-06,1997-11-14,1997-09-19,TAKE BACK RETURN,AIR,cial accounts wake among the sly
22464-1,22464,1676,100,1,33.00,52063.11,0.06,0.04,N,O,1998-05-26,1998-04-30,1998-06-19,NONE,AIR,s boost sly
22464-2,22464,1928,17,2,41.00,75026.72,0.02,0.02,N,O,1998-03-29,1998-03-27,1998-04-15,NONE,SHIP,g instructions a
22464-3,22464,1341,18,3,48.00,59632.32,0.08,0.07,N,O,1998-06-06,1998-03-30,1998-07-02,NONE,TRUCK,wake quickly about the fluff
22464-4,22464,1195,4,4,46.00,50424.74,0.05,0.06,N,O,1998-06-11,1998-04-06,1998-07-04,DELIVER IN PERSON,TRUCK,old excuses above th
22465-1,22465,1937,70,1,8.00,14711.44,0.00,0.07,R,F,1992-10-24,1992-09-02,1992-11-04,TAKE BACK RETURN,REG AIR,"ar, express warhor"
22465-2,22465,602,96,2,11.00,16528.60,0.00,0.01,R,F,1992-10-25,1992-09-26,1992-11-14,NONE,RAIL,quickly regular packages. quickly even asy
22466-1,22466,1265,66,1,23.00,26823.98,0.06,0.08,R,F,1992-05-11,1992-05-21,1992-05-31,NONE,FOB,"hely after the regular, regular"
22466-2,22466,909,12,2,11.00,19908.90,0.05,0.05,A,F,1992-06-20,1992-05-28,1992-06-23,TAKE BACK RETURN,TRUCK,special asymptotes. quickly regular acco
22466-3,22466,23,99,3,26.00,23998.52,0.01,0.02,A,F,1992-04-22,1992-06-22,1992-05-13,NONE,AIR,y ironic accounts
22466-4,22466,684,47,4,40.00,63387.20,0.09,0.02,R,F,1992-06-15,1992-05-31,1992-07-05,COLLECT COD,MAIL,quiet accounts eat. 
22467-1,22467,186,39,1,17.00,18465.06,0.02,0.06,N,O,1998-05-23,1998-04-22,1998-06-05,NONE,TRUCK,grate accord
22467-2,22467,645,39,2,7.00,10819.48,0.07,0.00,N,O,1998-03-03,1998-03-07,1998-03-07,NONE,SHIP,riously regular instructions na
22467-3,22467,884,84,3,10.00,17848.80,0.07,0.08,N,O,1998-02-27,1998-03-28,1998-03-06,COLLECT COD,REG AIR,re. ironically even courts
22467-4,22467,547,78,4,21.00,30398.34,0.08,0.02,N,O,1998-05-18,1998-04-03,1998-06-09,DELIVER IN PERSON,TRUCK,uickly ironic request
22468-1,22468,609,3,1,31.00,46797.60,0.04,0.04,A,F,1993-08-11,1993-08-25,1993-09-10,TAKE BACK RETURN,TRUCK,"ular, final pac"
22468-2,22468,700,32,2,38.00,60826.60,0.09,0.08,R,F,1993-06-14,1993-08-04,1993-06-30,DELIVER IN PERSON,FOB,y blithe accoun
22468-3,22468,786,87,3,49.00,82652.22,0.03,0.04,A,F,1993-07-21,1993-07-28,1993-08-10,TAKE BACK RETURN,MAIL,unts. bold ins
22468-4,22468,206,34,4,48.00,53097.60,0.01,0.03,A,F,1993-07-18,1993-08-20,1993-07-24,NONE,FOB,pades. accounts are fu
22468-5,22468,1256,68,5,2.00,2314.50,0.05,0.03,R,F,1993-06-24,1993-09-08,1993-07-17,COLLECT COD,FOB,usly even pinto beans sleep sometim
22468-6,22468,1333,34,6,24.00,29623.92,0.02,0.02,A,F,1993-08-05,1993-08-31,1993-08-18,TAKE BACK RETURN,SHIP,ic packages. ironic theodolites subl
22469-1,22469,1541,42,1,48.00,69241.92,0.03,0.04,R,F,1994-01-04,1993-12-10,1994-01-11,NONE,AIR, stealthily final ac
22469-2,22469,1031,2,2,35.00,32621.05,0.08,0.06,R,F,1993-12-06,1993-12-30,1993-12-23,DELIVER IN PERSON,SHIP,ely even accou
22469-3,22469,1311,26,3,36.00,43643.16,0.03,0.02,R,F,1994-01-21,1993-12-24,1994-02-07,COLLECT COD,TRUCK,"yly between the regular, enticing accounts."
22469-4,22469,623,86,4,33.00,50279.46,0.02,0.05,R,F,1994-01-08,1993-12-13,1994-01-16,COLLECT COD,AIR,before the ide
22469-5,22469,668,69,5,13.00,20392.58,0.00,0.01,A,F,1993-11-16,1994-01-08,1993-11-27,COLLECT COD,SHIP,ions sleep furiously bl
22469-6,22469,266,67,6,24.00,27990.24,0.04,0.06,A,F,1993-11-18,1993-12-20,1993-12-06,COLLECT COD,SHIP,long the carefully pending packages.
22470-1,22470,927,28,1,17.00,31074.64,0.06,0.03,R,F,1993-11-19,1993-10-04,1993-12-15,NONE,FOB,ily instructions. furiously q
22470-2,22470,1136,37,2,14.00,14519.82,0.10,0.06,A,F,1993-07-27,1993-08-29,1993-08-18,NONE,AIR,egrate sile
22471-1,22471,984,19,1,16.00,30159.68,0.04,0.07,N,O,1997-06-23,1997-06-03,1997-07-22,DELIVER IN PERSON,MAIL,cuses. always u
22471-2,22471,564,65,2,44.00,64440.64,0.02,0.02,N,O,1997-04-25,1997-06-14,1997-05-12,DELIVER IN PERSON,RAIL,slyly expr
22471-3,22471,660,23,3,32.00,49941.12,0.01,0.01,N,O,1997-05-07,1997-07-14,1997-05-22,TAKE BACK RETURN,SHIP,cuses detect furiously. furiously 
22471-4,22471,1808,9,4,18.00,30776.40,0.04,0.02,N,O,1997-05-17,1997-05-18,1997-06-16,TAKE BACK RETURN,TRUCK,ly furiously silent deposits
22496-1,22496,1913,2,1,17.00,30853.47,0.03,0.01,A,F,1994-08-24,1994-11-19,1994-09-10,DELIVER IN PERSON,SHIP, ironic patte
22497-1,22497,1195,68,1,39.00,42751.41,0.02,0.07,R,F,1992-06-15,1992-07-04,1992-06-22,TAKE BACK RETURN,MAIL,regular deposits wake against the spec
22497-2,22497,409,39,2,11.00,14403.40,0.00,0.02,R,F,1992-06-01,1992-07-13,1992-06-20,COLLECT COD,SHIP, requests haggle furiously even deposits. b
22497-3,22497,1428,46,3,32.00,42541.44,0.01,0.05,R,F,1992-07-04,1992-07-10,1992-08-03,COLLECT COD,MAIL,tegrate. sl
22497-4,22497,920,89,4,43.00,78299.56,0.10,0.04,R,F,1992-05-01,1992-07-25,1992-05-11,DELIVER IN PERSON,RAIL,es across the blithely even depo
22498-1,22498,1021,27,1,50.00,46101.00,0.01,0.03,R,F,1994-01-15,1994-02-01,1994-01-20,NONE,FOB,y express packages? fluffily ironic account
22498-2,22498,951,20,2,10.00,18519.50,0.06,0.03,R,F,1993-11-20,1993-12-23,1993-12-14,COLLECT COD,SHIP,e warthogs. carefully regular reque
22498-3,22498,885,52,3,6.00,10715.28,0.07,0.05,A,F,1993-11-23,1994-01-28,1993-12-21,COLLECT COD,TRUCK, nag according to the 
22498-4,22498,1213,25,4,7.00,7799.47,0.02,0.04,R,F,1994-03-02,1993-12-21,1994-03-10,TAKE BACK RETURN,SHIP,ideas. furiously even pa
22498-5,22498,1797,40,5,9.00,15289.11,0.06,0.06,A,F,1994-02-23,1993-12-29,1994-03-03,TAKE BACK RETURN,AIR,ing deposits. blithely even foxes hind
22499-1,22499,284,66,1,21.00,24869.88,0.03,0.03,R,F,1994-11-11,1995-01-02,1994-11-16,NONE,MAIL,le fluffily requests. fu
22500-1,22500,1135,72,1,47.00,48698.11,0.03,0.00,R,F,1992-08-24,1992-10-06,1992-08-29,NONE,AIR,deposits us
22500-2,22500,1680,81,2,14.00,22143.52,0.02,0.06,R,F,1992-11-18,1992-09-18,1992-12-18,NONE,SHIP,e blithely. blithely regular requests sl
22501-1,22501,1011,82,1,46.00,41952.46,0.05,0.01,A,F,1993-06-01,1993-07-08,1993-06-22,COLLECT COD,AIR,. blithely unusual depos
22501-2,22501,418,77,2,9.00,11865.69,0.08,0.06,R,F,1993-09-06,1993-07-21,1993-09-21,NONE,MAIL,"ts! even, special theodolites nag. carefull"
22501-3,22501,1290,65,3,44.00,52416.76,0.05,0.08,A,F,1993-05-25,1993-06-29,1993-06-02,DELIVER IN PERSON,RAIL, slyly express dependencies cajole slyl
22502-1,22502,1540,21,1,22.00,31713.88,0.07,0.05,N,O,1998-07-09,1998-05-25,1998-07-26,TAKE BACK RETURN,TRUCK, carefully ironic requests 
22502-2,22502,971,6,2,42.00,78622.74,0.04,0.08,N,O,1998-06-19,1998-06-08,1998-07-13,TAKE BACK RETURN,FOB,s detect carefully. de
22502-3,22502,1677,60,3,14.00,22101.38,0.02,0.00,N,O,1998-05-21,1998-05-09,1998-06-05,TAKE BACK RETURN,MAIL,ironic account
22502-4,22502,236,91,4,34.00,38631.82,0.10,0.00,N,O,1998-05-27,1998-04-20,1998-06-04,COLLECT COD,SHIP,lphins. fina
22503-1,22503,1699,82,1,5.00,8003.45,0.00,0.00,N,O,1998-01-16,1998-01-25,1998-01-23,TAKE BACK RETURN,AIR,posits along the fur
22503-2,22503,1078,14,2,9.00,8811.63,0.06,0.06,N,O,1997-12-25,1998-01-27,1998-01-06,NONE,MAIL,ests around t
22503-3,22503,962,63,3,7.00,13040.72,0.04,0.08,N,O,1998-01-14,1998-03-02,1998-02-06,DELIVER IN PERSON,REG AIR,sual accounts detect furious
22528-1,22528,1560,41,1,29.00,42385.24,0.03,0.04,N,O,1995-11-30,1996-01-26,1995-12-14,COLLECT COD,REG AIR,kages wake permanent accounts. accounts alo
22528-2,22528,674,75,2,42.00,66136.14,0.04,0.05,N,O,1996-02-22,1995-12-24,1996-03-17,NONE,SHIP,fily bold pac
22529-1,22529,631,32,1,22.00,33695.86,0.05,0.07,A,F,1993-05-27,1993-07-15,1993-06-15,DELIVER IN PERSON,AIR, blithely busy theodolite
22529-2,22529,97,73,2,3.00,2991.27,0.05,0.04,R,F,1993-07-31,1993-07-01,1993-08-23,COLLECT COD,REG AIR, unusual dependenc
22529-3,22529,1416,34,3,16.00,21078.56,0.01,0.08,A,F,1993-05-12,1993-06-25,1993-05-22,DELIVER IN PERSON,RAIL,egrate always bold 
22529-4,22529,339,96,4,42.00,52051.86,0.06,0.03,A,F,1993-06-07,1993-07-29,1993-06-08,COLLECT COD,SHIP,furiously ironic pa
22529-5,22529,1318,95,5,2.00,2438.62,0.05,0.01,A,F,1993-08-29,1993-07-27,1993-09-03,DELIVER IN PERSON,REG AIR,deposits. ironic 
22530-1,22530,81,82,1,32.00,31394.56,0.01,0.05,N,O,1997-05-18,1997-04-04,1997-05-28,DELIVER IN PERSON,RAIL,unts haggle furiou
22530-2,22530,1949,82,2,14.00,25913.16,0.10,0.07,N,O,1997-03-18,1997-03-18,1997-03-21,TAKE BACK RETURN,FOB,ns use blithely furiously 
22530-3,22530,1234,35,3,1.00,1135.23,0.03,0.01,N,O,1997-02-02,1997-03-23,1997-02-11,NONE,FOB,e fluffily. quickly ironic pac
22531-1,22531,1973,6,1,24.00,44999.28,0.04,0.08,N,O,1996-02-09,1996-02-18,1996-03-07,NONE,AIR,r packages be
22531-2,22531,1218,56,2,4.00,4476.84,0.03,0.01,N,O,1995-12-27,1996-02-13,1996-01-09,COLLECT COD,AIR,furiously ironic accounts. furiously expr
22531-3,22531,1617,59,3,21.00,31890.81,0.01,0.06,N,O,1996-01-28,1996-02-12,1996-02-23,DELIVER IN PERSON,TRUCK,e slyly even 
22531-4,22531,288,43,4,19.00,22577.32,0.03,0.04,N,O,1996-03-14,1996-02-15,1996-04-07,COLLECT COD,MAIL,. fluffily regular sheaves cajole
22531-5,22531,1815,16,5,49.00,84123.69,0.03,0.00,N,O,1996-01-29,1995-12-27,1996-02-11,DELIVER IN PERSON,RAIL, haggle st
22532-1,22532,21,22,1,9.00,8289.18,0.08,0.00,R,F,1995-06-07,1995-04-22,1995-06-08,TAKE BACK RETURN,AIR,ternes play carefully. sile
22532-2,22532,737,34,2,17.00,27841.41,0.02,0.05,R,F,1995-03-03,1995-04-27,1995-03-27,DELIVER IN PERSON,FOB,ges boost alo
22532-3,22532,1719,46,3,9.00,14586.39,0.07,0.02,R,F,1995-04-03,1995-04-21,1995-05-02,COLLECT COD,AIR,phins lose regular dino
22532-4,22532,1033,4,4,12.00,11208.36,0.06,0.01,R,F,1995-05-21,1995-04-03,1995-06-14,NONE,RAIL,"unusual, silent ideas among"
22533-1,22533,953,22,1,3.00,5561.85,0.06,0.02,N,O,1996-03-04,1996-01-10,1996-03-16,COLLECT COD,MAIL,ests. special accounts are sil
22533-2,22533,1422,62,2,29.00,38379.18,0.01,0.08,N,O,1996-02-05,1996-01-31,1996-03-06,NONE,FOB,ly theodolites. pendi
22533-3,22533,1228,40,3,18.00,20325.96,0.10,0.07,N,O,1996-01-08,1996-01-17,1996-01-25,TAKE BACK RETURN,RAIL, blithely alongside of the fina
22533-4,22533,1072,73,4,34.00,33084.38,0.07,0.01,N,O,1996-02-13,1996-01-15,1996-03-04,NONE,MAIL,xes boost fluffi
22533-5,22533,36,87,5,31.00,29016.93,0.05,0.06,N,O,1995-12-06,1996-01-01,1996-01-02,DELIVER IN PERSON,AIR,arefully express decoys. expres
22534-1,22534,171,98,1,1.00,1071.17,0.10,0.04,N,O,1995-08-22,1995-09-22,1995-09-12,NONE,TRUCK,ns shall hinder slyly against the qu
22534-2,22534,964,65,2,31.00,57813.76,0.00,0.01,N,O,1995-11-01,1995-10-07,1995-11-28,NONE,FOB,c pinto beans haggle agai
22534-3,22534,1549,50,3,42.00,60922.68,0.09,0.03,N,O,1995-10-25,1995-10-12,1995-11-10,TAKE BACK RETURN,TRUCK,accounts. slyly special deposit
22535-1,22535,1789,32,1,24.00,40578.72,0.03,0.06,A,F,1994-11-16,1994-10-15,1994-11-25,COLLECT COD,MAIL,special packages. special depos
22560-1,22560,1880,24,1,11.00,19600.68,0.10,0.06,N,O,1996-04-03,1996-05-16,1996-04-13,NONE,AIR,ts are quickly. re
22560-2,22560,728,29,2,17.00,27688.24,0.10,0.01,N,O,1996-06-15,1996-05-27,1996-06-28,TAKE BACK RETURN,RAIL,ts was quickly furiously regul
22560-3,22560,398,83,3,2.00,2596.78,0.04,0.02,N,O,1996-06-02,1996-04-06,1996-06-27,COLLECT COD,MAIL,ve the regula
22560-4,22560,1021,92,4,7.00,6454.14,0.06,0.08,N,O,1996-03-04,1996-04-06,1996-03-06,TAKE BACK RETURN,SHIP,ld deposits 
22560-5,22560,636,30,5,2.00,3073.26,0.10,0.07,N,O,1996-06-26,1996-05-20,1996-07-11,TAKE BACK RETURN,FOB,ngside of the re
22560-6,22560,261,43,6,48.00,55740.48,0.05,0.00,N,O,1996-06-07,1996-04-13,1996-07-01,DELIVER IN PERSON,SHIP, special requests sleep above the sly
22560-7,22560,1421,39,7,5.00,6612.10,0.05,0.07,N,O,1996-04-19,1996-04-13,1996-05-07,COLLECT COD,TRUCK,ven packages integrate about the slyl
22561-1,22561,1558,99,1,47.00,68598.85,0.08,0.06,A,F,1995-05-15,1995-02-25,1995-05-29,COLLECT COD,RAIL,ackages. blithely iron
22561-2,22561,991,92,2,35.00,66219.65,0.01,0.07,A,F,1995-04-06,1995-02-23,1995-04-24,TAKE BACK RETURN,SHIP,d orbits cajole s
22561-3,22561,1759,86,3,15.00,24911.25,0.05,0.07,R,F,1995-04-14,1995-04-07,1995-05-14,TAKE BACK RETURN,FOB,inal dinos after the quic
22561-4,22561,1928,17,4,23.00,42088.16,0.00,0.01,A,F,1995-05-03,1995-04-03,1995-05-12,DELIVER IN PERSON,RAIL,"l, unusual packages. careful"
22561-5,22561,1447,87,5,6.00,8090.64,0.01,0.07,R,F,1995-05-08,1995-03-04,1995-05-16,NONE,AIR,accounts. slyly bold dolphins boos
22561-6,22561,1113,14,6,31.00,31437.41,0.07,0.04,R,F,1995-02-05,1995-03-11,1995-02-17,DELIVER IN PERSON,RAIL,gular instructions are alon
22561-7,22561,388,73,7,5.00,6441.90,0.01,0.00,A,F,1995-03-25,1995-04-13,1995-04-02,DELIVER IN PERSON,TRUCK, requests 
22562-1,22562,360,61,1,13.00,16384.68,0.01,0.03,R,F,1994-06-15,1994-06-09,1994-06-23,TAKE BACK RETURN,SHIP,e slyly pending packages use slyly e
22562-2,22562,138,17,2,34.00,35296.42,0.00,0.07,A,F,1994-07-02,1994-05-18,1994-07-17,COLLECT COD,SHIP,ress theod
22562-3,22562,821,88,3,4.00,6887.28,0.02,0.08,R,F,1994-06-26,1994-06-16,1994-07-04,TAKE BACK RETURN,TRUCK, the fluffily
22562-4,22562,1046,47,4,1.00,947.04,0.07,0.03,A,F,1994-07-06,1994-04-27,1994-07-17,TAKE BACK RETURN,AIR,s wake silently regular ideas
22562-5,22562,1532,33,5,20.00,28670.60,0.10,0.01,A,F,1994-05-03,1994-05-11,1994-05-05,NONE,RAIL,ully around the carefully expr
22563-1,22563,1759,44,1,23.00,38197.25,0.08,0.08,R,F,1992-07-26,1992-08-18,1992-08-08,DELIVER IN PERSON,RAIL,le even accounts. asymptotes haggle. 
22563-2,22563,1499,100,2,19.00,26609.31,0.01,0.02,R,F,1992-08-19,1992-07-08,1992-09-17,TAKE BACK RETURN,MAIL,e carefully slyly ironic excuses. doggedly
22563-3,22563,1664,65,3,2.00,3131.32,0.02,0.00,A,F,1992-07-15,1992-07-25,1992-07-29,NONE,SHIP,heodolites sublate carefully. regular asy
22563-4,22563,1148,49,4,1.00,1049.14,0.00,0.06,R,F,1992-06-05,1992-07-23,1992-06-14,TAKE BACK RETURN,FOB,pitaphs. furiously enticing
22563-5,22563,1007,8,5,43.00,39044.00,0.08,0.05,A,F,1992-06-21,1992-08-01,1992-06-25,DELIVER IN PERSON,REG AIR,s dazzle blithely about t
22563-6,22563,221,3,6,4.00,4484.88,0.09,0.03,R,F,1992-06-20,1992-06-21,1992-07-09,NONE,SHIP,ly pending accounts. fin
22564-1,22564,155,82,1,9.00,9496.35,0.10,0.08,R,F,1995-04-01,1995-05-22,1995-04-18,TAKE BACK RETURN,RAIL,"along the regular, unusual idea"
22565-1,22565,399,28,1,16.00,20790.24,0.03,0.02,N,O,1998-06-01,1998-04-03,1998-06-12,NONE,SHIP,"special, ironic instructions boost acros"
22565-2,22565,1424,64,2,37.00,49040.54,0.01,0.07,N,O,1998-02-12,1998-04-28,1998-02-17,TAKE BACK RETURN,SHIP,aggle quickly. special th
22565-3,22565,848,15,3,43.00,75200.12,0.08,0.06,N,O,1998-05-01,1998-03-13,1998-05-24,NONE,FOB, about the blithely even frays. sl
22565-4,22565,1451,30,4,4.00,5409.80,0.10,0.06,N,O,1998-05-29,1998-04-14,1998-06-23,TAKE BACK RETURN,SHIP,s. furiously ironic dep
22565-5,22565,954,57,5,39.00,72343.05,0.10,0.07,N,O,1998-05-20,1998-04-01,1998-06-15,TAKE BACK RETURN,RAIL,requests. quick
22565-6,22565,462,92,6,43.00,58585.78,0.05,0.00,N,O,1998-05-12,1998-04-07,1998-06-02,DELIVER IN PERSON,AIR,e furiously fin
22566-1,22566,336,21,1,47.00,58107.51,0.02,0.00,N,O,1998-05-20,1998-06-11,1998-06-04,NONE,REG AIR, cajole about the asymptotes. pendin
22566-2,22566,1390,91,2,41.00,52946.99,0.06,0.08,N,O,1998-08-22,1998-07-29,1998-08-24,NONE,FOB,hely bold ideas according t
22566-3,22566,1647,89,3,8.00,12389.12,0.00,0.08,N,O,1998-08-01,1998-06-05,1998-08-22,COLLECT COD,AIR,to beans. ev
22566-4,22566,1832,33,4,44.00,76288.52,0.01,0.03,N,O,1998-06-24,1998-06-10,1998-07-01,NONE,FOB,fluffily express dugouts
22567-1,22567,1396,11,1,16.00,20758.24,0.09,0.05,N,O,1996-10-31,1996-09-08,1996-11-12,COLLECT COD,SHIP,even ideas after 
22567-2,22567,475,76,2,5.00,6877.35,0.05,0.00,N,O,1996-11-18,1996-09-26,1996-11-29,DELIVER IN PERSON,FOB,ly carefully regular asymptotes. care
22567-3,22567,494,24,3,14.00,19522.86,0.09,0.08,N,O,1996-11-23,1996-10-06,1996-12-08,NONE,FOB, bold depe
22567-4,22567,1809,10,4,2.00,3421.60,0.07,0.05,N,O,1996-11-06,1996-10-02,1996-11-20,COLLECT COD,FOB,le carefully. quic
22567-5,22567,380,37,5,46.00,58897.48,0.09,0.02,N,O,1996-08-26,1996-10-06,1996-09-18,NONE,REG AIR,refully blithely express asympto
22567-6,22567,115,94,6,26.00,26392.86,0.08,0.00,N,O,1996-10-15,1996-09-13,1996-11-01,NONE,TRUCK,pinto beans x-ray. carefully regular depend
22592-1,22592,944,45,1,33.00,60883.02,0.07,0.08,N,O,1997-09-17,1997-08-22,1997-09-23,TAKE BACK RETURN,AIR,luffily bold packag
22592-2,22592,267,95,2,45.00,52526.70,0.10,0.03,N,O,1997-10-17,1997-08-28,1997-10-29,NONE,FOB,es should have to boost after the slyly
22592-3,22592,144,23,3,39.00,40721.46,0.00,0.05,N,O,1997-10-01,1997-07-24,1997-10-18,NONE,RAIL,pending packages sleep carefully alo
22592-4,22592,331,60,4,14.00,17238.62,0.10,0.05,N,O,1997-06-26,1997-08-31,1997-07-09,COLLECT COD,SHIP,"e unusual, pending packages. blithely p"
22593-1,22593,1520,21,1,44.00,62546.88,0.02,0.01,N,O,1998-07-30,1998-07-14,1998-08-23,NONE,RAIL,ously regular instruction
22593-2,22593,473,32,2,24.00,32963.28,0.02,0.07,N,O,1998-08-03,1998-08-10,1998-08-18,TAKE BACK RETURN,SHIP,inal excuses d
22593-3,22593,961,62,3,16.00,29791.36,0.06,0.01,N,O,1998-08-27,1998-07-07,1998-09-07,DELIVER IN PERSON,TRUCK,le. blithely special f
22593-4,22593,986,87,4,30.00,56609.40,0.08,0.05,N,O,1998-08-17,1998-08-12,1998-08-19,COLLECT COD,FOB,ions cajole ac
22594-1,22594,623,24,1,50.00,76181.00,0.07,0.00,A,F,1993-07-20,1993-06-09,1993-08-06,TAKE BACK RETURN,FOB,platelets poach slyly 
22594-2,22594,24,50,2,17.00,15708.34,0.04,0.06,A,F,1993-08-05,1993-07-22,1993-09-03,DELIVER IN PERSON,MAIL,e alongside of t
22594-3,22594,1191,100,3,33.00,36042.27,0.03,0.04,A,F,1993-08-18,1993-07-23,1993-09-12,TAKE BACK RETURN,SHIP,"ions. express, ir"
22595-1,22595,362,91,1,1.00,1262.36,0.10,0.07,N,O,1996-04-15,1996-05-03,1996-04-25,DELIVER IN PERSON,REG AIR,gle blithely about the slyl
22595-2,22595,726,23,2,37.00,60188.64,0.07,0.05,N,O,1996-05-12,1996-06-01,1996-05-27,COLLECT COD,MAIL,"nusual, bold requests. slyly reg"
22595-3,22595,570,61,3,47.00,69116.79,0.09,0.02,N,O,1996-07-09,1996-05-20,1996-07-30,COLLECT COD,FOB, carefully. carefully 
22595-4,22595,1531,32,4,14.00,20055.42,0.02,0.00,N,O,1996-06-25,1996-06-03,1996-07-09,COLLECT COD,SHIP,fily unusual depo
22595-5,22595,1421,39,5,13.00,17191.46,0.09,0.04,N,O,1996-06-24,1996-04-14,1996-07-11,TAKE BACK RETURN,FOB,s. pinto beans are furiously regul
22595-6,22595,1754,39,6,15.00,24836.25,0.09,0.08,N,O,1996-06-09,1996-05-30,1996-06-16,DELIVER IN PERSON,RAIL," carefully ironic deposits wake final, re"
22595-7,22595,522,23,7,2.00,2845.04,0.09,0.06,N,O,1996-05-01,1996-06-11,1996-05-06,DELIVER IN PERSON,AIR," above the even, unusual deposits."
22596-1,22596,769,66,1,2.00,3339.52,0.10,0.06,N,O,1997-01-26,1996-11-05,1997-02-05,NONE,REG AIR, about the quickly quic
22596-2,22596,1197,98,2,11.00,12080.09,0.10,0.04,N,O,1996-10-09,1996-11-30,1996-10-20,COLLECT COD,TRUCK,lyly among the pend
22596-3,22596,1800,1,3,39.00,66370.20,0.06,0.01,N,O,1997-01-02,1996-11-18,1997-01-26,COLLECT COD,FOB,iously carefully ironic
22596-4,22596,1125,62,4,27.00,27705.24,0.07,0.00,N,O,1997-01-08,1996-11-14,1997-02-07,TAKE BACK RETURN,TRUCK, packages haggl
22596-5,22596,165,66,5,17.00,18107.72,0.03,0.06,N,O,1996-10-14,1996-11-22,1996-10-17,TAKE BACK RETURN,RAIL,ldly even accounts. furiously
22596-6,22596,1449,89,6,33.00,44564.52,0.06,0.01,N,O,1996-12-05,1996-12-11,1997-01-03,COLLECT COD,TRUCK,e fluffily 
22596-7,22596,1403,21,7,9.00,11739.60,0.01,0.04,N,O,1996-12-15,1996-12-29,1997-01-06,COLLECT COD,REG AIR,"thely. final, pending "
22597-1,22597,1600,1,1,20.00,30032.00,0.06,0.01,N,O,1996-03-05,1996-03-31,1996-03-11,DELIVER IN PERSON,MAIL,ly unusual deposits sleep ca
22597-2,22597,327,12,2,3.00,3681.96,0.02,0.00,N,O,1996-03-23,1996-03-06,1996-04-21,TAKE BACK RETURN,RAIL,dependencies kindle according to th
22597-3,22597,1126,35,3,19.00,19515.28,0.06,0.04,N,O,1996-03-02,1996-02-27,1996-03-03,TAKE BACK RETURN,SHIP,ly unusual packages near the quickly unusu
22598-1,22598,821,88,1,25.00,43045.50,0.00,0.03,R,F,1993-07-14,1993-05-17,1993-07-17,TAKE BACK RETURN,FOB,he quickly final asympt
22598-2,22598,1414,54,2,35.00,46039.35,0.06,0.02,A,F,1993-07-19,1993-04-28,1993-08-15,COLLECT COD,REG AIR,ccounts. slyly even deposits sleep above t
22598-3,22598,296,97,3,4.00,4785.16,0.08,0.00,R,F,1993-06-17,1993-05-02,1993-07-04,COLLECT COD,AIR,after the finally regular fo
22598-4,22598,1284,85,4,31.00,36743.68,0.08,0.05,A,F,1993-07-06,1993-04-24,1993-07-15,COLLECT COD,SHIP,beans are b
22598-5,22598,346,47,5,24.00,29912.16,0.00,0.00,R,F,1993-06-15,1993-06-04,1993-06-20,NONE,REG AIR, fluffily. blithely bold pinto beans 
22598-6,22598,1531,52,6,30.00,42975.90,0.08,0.04,A,F,1993-06-10,1993-06-15,1993-06-19,COLLECT COD,FOB,nal packages haggle. qui
22599-1,22599,1240,78,1,20.00,22824.80,0.06,0.08,N,O,1997-07-17,1997-08-15,1997-08-03,COLLECT COD,TRUCK,y final instructions sleep.
22599-2,22599,59,35,2,13.00,12467.65,0.04,0.02,N,O,1997-10-08,1997-08-28,1997-10-21,TAKE BACK RETURN,FOB,bold instructions boost slyly. ironic in
22624-1,22624,1767,94,1,35.00,58406.60,0.08,0.07,N,O,1996-04-07,1996-02-19,1996-05-04,TAKE BACK RETURN,RAIL, fluffily. blithely even deposit
22624-2,22624,45,46,2,23.00,21735.92,0.04,0.00,N,O,1996-02-15,1996-04-03,1996-03-03,DELIVER IN PERSON,TRUCK,pinto beans affix furiously around the flu
22624-3,22624,626,89,3,3.00,4579.86,0.06,0.04,N,O,1996-02-20,1996-03-25,1996-03-05,TAKE BACK RETURN,REG AIR,thely. furiously regular in
22624-4,22624,146,73,4,11.00,11507.54,0.03,0.04,N,O,1996-01-24,1996-02-23,1996-02-01,TAKE BACK RETURN,REG AIR,"s; unusual, sly foxes a"
22624-5,22624,299,27,5,29.00,34779.41,0.00,0.05,N,O,1996-02-05,1996-03-24,1996-02-14,TAKE BACK RETURN,RAIL,egular pac
22624-6,22624,777,74,6,4.00,6711.08,0.02,0.02,N,O,1996-04-28,1996-03-28,1996-05-10,NONE,FOB,packages after the 
22624-7,22624,884,18,7,3.00,5354.64,0.00,0.05,N,O,1996-02-29,1996-04-11,1996-03-05,TAKE BACK RETURN,FOB, express instructions. sly
22625-1,22625,1305,44,1,19.00,22919.70,0.08,0.03,R,F,1994-10-17,1994-12-10,1994-10-26,COLLECT COD,SHIP,ly quick accounts along the 
22625-2,22625,146,25,2,48.00,50214.72,0.07,0.05,A,F,1994-10-04,1994-11-14,1994-10-25,NONE,MAIL,f the furiously spe
22625-3,22625,1555,56,3,39.00,56805.45,0.06,0.05,R,F,1994-10-17,1994-12-11,1994-11-04,NONE,AIR,quickly about the bl
22625-4,22625,148,27,4,23.00,24107.22,0.06,0.07,R,F,1994-11-27,1994-12-29,1994-12-17,NONE,RAIL,round the silently final instructions slee
22626-1,22626,1285,60,1,38.00,45078.64,0.09,0.00,R,F,1993-10-20,1993-09-22,1993-11-01,COLLECT COD,TRUCK,"uickly express, regular deposit"
22626-2,22626,545,46,2,14.00,20237.56,0.00,0.06,A,F,1993-09-17,1993-08-06,1993-09-24,DELIVER IN PERSON,SHIP,r packages boost carefully warthogs.
22626-3,22626,1798,99,3,18.00,30596.22,0.01,0.02,A,F,1993-07-06,1993-09-23,1993-07-26,TAKE BACK RETURN,TRUCK,impress slyly despite the even re
22626-4,22626,676,70,4,22.00,34686.74,0.07,0.05,A,F,1993-09-26,1993-08-02,1993-10-23,TAKE BACK RETURN,AIR,lly. ideas haggle 
22626-5,22626,359,60,5,10.00,12593.50,0.10,0.07,A,F,1993-09-23,1993-08-16,1993-10-09,TAKE BACK RETURN,FOB,s. permanently final warhor
22626-6,22626,1435,14,6,16.00,21382.88,0.06,0.02,A,F,1993-09-09,1993-08-28,1993-09-23,TAKE BACK RETURN,TRUCK,ithely special ideas. fluffily even orbits 
22626-7,22626,414,15,7,4.00,5257.64,0.02,0.04,R,F,1993-08-01,1993-08-28,1993-08-05,DELIVER IN PERSON,RAIL,uctions. express deposits integrat
22627-1,22627,709,6,1,13.00,20926.10,0.00,0.04,R,F,1993-04-06,1993-06-15,1993-04-21,TAKE BACK RETURN,FOB,totes. furiously final deposits cajole
22627-2,22627,1116,17,2,31.00,31530.41,0.10,0.00,R,F,1993-06-12,1993-06-15,1993-07-12,COLLECT COD,FOB,ptotes. ironic deposits along the 
22627-3,22627,535,66,3,30.00,43065.90,0.09,0.00,R,F,1993-07-31,1993-06-06,1993-08-29,DELIVER IN PERSON,TRUCK,. furiously special the
22627-4,22627,576,77,4,1.00,1476.57,0.07,0.04,A,F,1993-07-04,1993-06-18,1993-07-18,TAKE BACK RETURN,SHIP, regular dependencies. carefully regular 
22627-5,22627,1717,18,5,43.00,69604.53,0.10,0.00,A,F,1993-04-13,1993-05-24,1993-04-23,DELIVER IN PERSON,REG AIR,"fter the ironic, unusual acc"
22627-6,22627,1800,85,6,22.00,37439.60,0.01,0.08,R,F,1993-04-11,1993-05-05,1993-04-29,COLLECT COD,AIR,e final accounts. pending instructi
22628-1,22628,726,59,1,25.00,40668.00,0.07,0.07,A,F,1995-01-28,1994-12-14,1995-02-09,NONE,AIR,"iously regular packages. bold, final deposi"
22628-2,22628,1452,31,2,19.00,25715.55,0.10,0.00,A,F,1995-02-25,1994-11-29,1995-03-19,NONE,SHIP,fully blithe theodo
22628-3,22628,1637,38,3,34.00,52313.42,0.10,0.06,R,F,1995-01-17,1994-12-17,1995-01-20,DELIVER IN PERSON,REG AIR,etect quickly 
22628-4,22628,637,69,4,24.00,36903.12,0.06,0.03,R,F,1994-12-05,1995-01-14,1994-12-18,DELIVER IN PERSON,AIR,phins. slyly 
22628-5,22628,252,7,5,19.00,21892.75,0.06,0.04,R,F,1995-02-02,1995-01-06,1995-02-23,COLLECT COD,REG AIR,s along the regular pinto beans bo
22629-1,22629,1847,34,1,24.00,41972.16,0.05,0.06,A,F,1993-08-10,1993-06-29,1993-08-20,COLLECT COD,REG AIR,kly; slyly final packages wake sl
22629-2,22629,521,12,2,44.00,62546.88,0.00,0.08,R,F,1993-05-10,1993-06-10,1993-05-24,NONE,TRUCK,ar deposits cajole quickly i
22629-3,22629,819,20,3,18.00,30956.58,0.07,0.00,A,F,1993-05-20,1993-05-30,1993-06-12,COLLECT COD,SHIP,ly pending instructions. fluff
22629-4,22629,170,23,4,2.00,2140.34,0.02,0.03,A,F,1993-06-12,1993-05-16,1993-06-29,TAKE BACK RETURN,FOB,"s haggle slyly. regular, pending accoun"
22629-5,22629,1924,57,5,6.00,10955.52,0.07,0.08,A,F,1993-05-22,1993-06-24,1993-05-28,TAKE BACK RETURN,FOB,y slyly special dependencies. bli
22629-6,22629,1676,77,6,38.00,59951.46,0.06,0.06,R,F,1993-04-17,1993-05-23,1993-04-20,COLLECT COD,RAIL,posits wake deposits. 
22630-1,22630,1853,83,1,47.00,82477.95,0.09,0.02,A,F,1994-04-23,1994-03-20,1994-04-26,TAKE BACK RETURN,MAIL,even accounts w
22630-2,22630,908,11,2,10.00,18089.00,0.04,0.02,A,F,1994-02-23,1994-04-21,1994-03-19,COLLECT COD,TRUCK,ously sile
22630-3,22630,1581,22,3,20.00,29651.60,0.02,0.02,R,F,1994-04-08,1994-03-27,1994-04-24,DELIVER IN PERSON,FOB,nal dependencies integrate furiously. regu
22631-1,22631,799,32,1,12.00,20397.48,0.00,0.03,N,O,1996-08-07,1996-06-14,1996-08-09,COLLECT COD,TRUCK,nal requests cajole blithely.
22631-2,22631,1215,16,2,11.00,12278.31,0.10,0.02,N,O,1996-08-01,1996-06-02,1996-08-28,DELIVER IN PERSON,REG AIR," special, final packages aff"
22631-3,22631,1822,9,3,35.00,60333.70,0.00,0.02,N,O,1996-04-09,1996-05-29,1996-05-01,COLLECT COD,AIR,deposits are slyly above the dep
22631-4,22631,889,89,4,7.00,12529.16,0.04,0.00,N,O,1996-07-06,1996-05-27,1996-07-07,NONE,FOB, according to the 
22631-5,22631,950,19,5,1.00,1850.95,0.02,0.00,N,O,1996-04-12,1996-06-04,1996-04-13,NONE,FOB,gular pinto
22631-6,22631,609,72,6,32.00,48307.20,0.10,0.07,N,O,1996-08-01,1996-06-23,1996-08-21,DELIVER IN PERSON,RAIL,ly regular somas cajole. blit
22631-7,22631,231,59,7,3.00,3393.69,0.05,0.08,N,O,1996-05-13,1996-06-09,1996-05-18,TAKE BACK RETURN,AIR,ilently stealthy foxes wake blithe
22656-1,22656,256,57,1,28.00,32375.00,0.04,0.02,R,F,1994-01-10,1994-02-24,1994-01-27,COLLECT COD,FOB,e carefully blithely even ideas. 
22657-1,22657,1560,41,1,45.00,65770.20,0.07,0.00,N,O,1995-12-09,1996-01-26,1995-12-22,TAKE BACK RETURN,AIR,hlessly even fox
22657-2,22657,163,90,2,23.00,24452.68,0.00,0.00,N,O,1995-12-29,1995-12-17,1995-12-30,TAKE BACK RETURN,SHIP,furiously carefully even asymptot
22657-3,22657,1625,67,3,30.00,45798.60,0.00,0.02,N,O,1996-02-02,1995-12-11,1996-02-09,TAKE BACK RETURN,AIR,nal foxes integrate carefully. fluffil
22657-4,22657,24,75,4,38.00,35112.76,0.08,0.02,N,O,1995-11-02,1996-01-05,1995-11-05,COLLECT COD,FOB,"equests nag express, regular "
22657-5,22657,205,33,5,29.00,32050.80,0.06,0.00,N,O,1995-11-03,1995-12-13,1995-11-10,COLLECT COD,TRUCK,ts sleep blithely according to 
22657-6,22657,503,4,6,35.00,49122.50,0.02,0.02,N,O,1995-12-10,1996-01-19,1996-01-09,NONE,FOB,ely careful sentiments boost fluffily
22657-7,22657,1845,46,7,17.00,29696.28,0.07,0.00,N,O,1996-02-08,1995-11-30,1996-02-09,COLLECT COD,FOB," final, bold depths cajole "
22658-1,22658,115,68,1,35.00,35528.85,0.10,0.02,N,O,1995-07-25,1995-07-25,1995-08-14,DELIVER IN PERSON,RAIL,le thinly. quic
22658-2,22658,474,33,2,31.00,42608.57,0.03,0.00,N,O,1995-07-21,1995-07-22,1995-08-05,DELIVER IN PERSON,FOB,bold Tiresias. never i
22658-3,22658,968,37,3,43.00,80365.28,0.09,0.08,N,O,1995-08-24,1995-06-10,1995-08-27,NONE,REG AIR,along the ironic r
22658-4,22658,1354,55,4,20.00,25107.00,0.03,0.07,A,F,1995-05-31,1995-07-05,1995-06-13,TAKE BACK RETURN,MAIL,s courts mold 
22659-1,22659,717,14,1,17.00,27501.07,0.09,0.06,N,O,1998-10-21,1998-09-06,1998-11-16,TAKE BACK RETURN,RAIL,elets nag regu
22659-2,22659,662,25,2,15.00,23439.90,0.04,0.01,N,O,1998-10-03,1998-09-18,1998-11-02,TAKE BACK RETURN,SHIP,y ironic dependencies are slyly agai
22659-3,22659,43,44,3,17.00,16031.68,0.10,0.04,N,O,1998-08-27,1998-09-05,1998-09-05,COLLECT COD,AIR,e around the ironic packag
22659-4,22659,1858,45,4,3.00,5279.55,0.06,0.08,N,O,1998-08-28,1998-08-28,1998-09-07,TAKE BACK RETURN,SHIP,ely. blithely regular p
22659-5,22659,248,49,5,39.00,44781.36,0.05,0.04,N,O,1998-09-09,1998-08-01,1998-09-13,TAKE BACK RETURN,RAIL,s use. regular accounts a
22660-1,22660,1058,59,1,45.00,43157.25,0.05,0.08,A,F,1993-10-16,1993-10-03,1993-10-29,DELIVER IN PERSON,SHIP,capades sleep slyly care
22660-2,22660,1427,6,2,33.00,43837.86,0.01,0.04,R,F,1993-10-09,1993-08-15,1993-10-16,TAKE BACK RETURN,RAIL, regular accounts. blithely final d
22660-3,22660,1480,59,3,36.00,49733.28,0.07,0.03,A,F,1993-09-24,1993-10-10,1993-10-20,NONE,MAIL,fully ironic instruction
22660-4,22660,693,56,4,50.00,79684.50,0.10,0.07,A,F,1993-07-26,1993-10-10,1993-08-23,COLLECT COD,FOB,p according to the slyly regular account
22660-5,22660,1220,58,5,19.00,21303.18,0.02,0.01,A,F,1993-08-13,1993-10-08,1993-09-12,DELIVER IN PERSON,FOB,blithely bold ideas. blithely bold 
22661-1,22661,1131,68,1,29.00,29931.77,0.05,0.03,A,F,1993-12-19,1993-12-02,1994-01-08,DELIVER IN PERSON,SHIP,blithely regular ideas. 
22661-2,22661,708,41,2,13.00,20913.10,0.02,0.06,R,F,1994-01-04,1993-12-22,1994-01-17,TAKE BACK RETURN,FOB,c accounts. final accounts are slyly 
22661-3,22661,1461,62,3,28.00,38148.88,0.10,0.08,R,F,1993-12-15,1993-11-09,1994-01-08,TAKE BACK RETURN,AIR,"sly idle packages. regular, final pa"
22662-1,22662,1355,70,1,6.00,7538.10,0.04,0.00,N,O,1998-08-15,1998-08-13,1998-09-06,TAKE BACK RETURN,FOB, cajole carefully regular foxes. blithe
22662-2,22662,1214,15,2,27.00,30110.67,0.02,0.04,N,O,1998-07-08,1998-07-26,1998-07-27,DELIVER IN PERSON,SHIP,en dependencies about the regu
22662-3,22662,358,15,3,23.00,28942.05,0.02,0.07,N,O,1998-09-17,1998-07-01,1998-10-06,NONE,RAIL,lent packages wake alo
22662-4,22662,68,44,4,41.00,39690.46,0.03,0.03,N,O,1998-07-03,1998-07-23,1998-07-25,TAKE BACK RETURN,AIR,posits wake 
22662-5,22662,87,38,5,23.00,22702.84,0.05,0.03,N,O,1998-09-07,1998-08-07,1998-09-08,TAKE BACK RETURN,REG AIR,uriously even pinto beans. furiousl
22662-6,22662,1674,57,6,37.00,58299.79,0.01,0.01,N,O,1998-06-22,1998-08-30,1998-07-17,COLLECT COD,FOB,e blithely. quickly express 
22663-1,22663,186,87,1,11.00,11947.98,0.06,0.01,R,F,1992-05-11,1992-04-06,1992-06-05,NONE,AIR,lites sleep. quickly regular reque
22663-2,22663,1509,30,2,40.00,56420.00,0.02,0.00,A,F,1992-04-21,1992-02-22,1992-04-24,COLLECT COD,FOB,out the blith
22663-3,22663,1246,47,3,1.00,1147.24,0.01,0.02,A,F,1992-03-13,1992-03-22,1992-03-14,DELIVER IN PERSON,RAIL,ns wake slyly fluffily even packag
22663-4,22663,978,47,4,21.00,39458.37,0.07,0.01,A,F,1992-03-01,1992-04-01,1992-03-07,NONE,MAIL,eas sleep quickly aft
22663-5,22663,1248,60,5,22.00,25283.28,0.04,0.07,A,F,1992-04-08,1992-03-07,1992-04-22,NONE,REG AIR,y around the quickly ironic depend
22663-6,22663,1197,70,6,17.00,18669.23,0.00,0.03,A,F,1992-04-24,1992-03-29,1992-04-29,DELIVER IN PERSON,RAIL,ve the blithely furi
22688-1,22688,1764,7,1,5.00,8328.80,0.08,0.08,A,F,1992-04-23,1992-05-28,1992-05-06,NONE,FOB,s lose alongsid
22688-2,22688,511,12,2,43.00,60694.93,0.09,0.07,R,F,1992-06-13,1992-07-09,1992-07-09,DELIVER IN PERSON,RAIL,its wake blithely! furiously pending sentim
22688-3,22688,548,49,3,48.00,69529.92,0.07,0.06,R,F,1992-08-02,1992-05-20,1992-08-10,NONE,REG AIR,ole furiously unusual foxes. blithely
22689-1,22689,1130,31,1,9.00,9280.17,0.01,0.08,N,O,1996-01-05,1996-01-06,1996-02-01,DELIVER IN PERSON,AIR,out the bold requests. 
22689-2,22689,109,88,2,8.00,8072.80,0.07,0.08,N,O,1995-12-01,1995-12-22,1995-12-06,TAKE BACK RETURN,SHIP,s above the slyly reg
22689-3,22689,1314,15,3,46.00,55904.26,0.03,0.08,N,O,1996-01-30,1995-12-15,1996-02-07,TAKE BACK RETURN,AIR,ymptotes. ironic
22689-4,22689,1471,50,4,14.00,19214.58,0.02,0.07,N,O,1995-10-18,1995-12-18,1995-11-07,COLLECT COD,SHIP, wake blithely carefully 
22689-5,22689,1358,73,5,13.00,16371.55,0.00,0.03,N,O,1995-11-28,1995-12-13,1995-12-19,COLLECT COD,MAIL, carefully agai
22689-6,22689,218,100,6,40.00,44728.40,0.05,0.04,N,O,1995-10-14,1995-12-10,1995-10-28,NONE,MAIL, requests. carefully final acc
22690-1,22690,871,72,1,41.00,72646.67,0.09,0.07,A,F,1992-12-04,1992-10-30,1992-12-17,TAKE BACK RETURN,SHIP,ake quickly quickly 
22690-2,22690,403,33,2,26.00,33888.40,0.10,0.04,R,F,1992-09-30,1992-10-30,1992-10-10,NONE,AIR,s. carefully regular dependencies
22690-3,22690,1245,57,3,4.00,4584.96,0.08,0.06,A,F,1992-11-07,1992-11-13,1992-11-13,TAKE BACK RETURN,TRUCK,ccording t
22690-4,22690,1767,68,4,27.00,45056.52,0.06,0.04,A,F,1992-10-06,1992-11-17,1992-10-09,DELIVER IN PERSON,REG AIR,oxes are furiously unusual 
22690-5,22690,1753,80,5,8.00,13238.00,0.05,0.04,A,F,1992-11-02,1992-11-25,1992-11-20,TAKE BACK RETURN,AIR, even deposits. blithely regular pac
22690-6,22690,673,67,6,29.00,45636.43,0.03,0.00,A,F,1992-11-25,1992-12-17,1992-11-27,COLLECT COD,REG AIR,gular realms doze blithely above th
22691-1,22691,1393,8,1,42.00,54364.38,0.01,0.03,N,O,1997-06-29,1997-06-27,1997-07-06,DELIVER IN PERSON,FOB,cross the blithely final account
22691-2,22691,569,70,2,46.00,67599.76,0.07,0.03,N,O,1997-05-17,1997-07-22,1997-06-04,NONE,REG AIR,pinto beans mold. slyly fin
22691-3,22691,1287,62,3,45.00,53472.60,0.04,0.07,N,O,1997-08-09,1997-07-15,1997-08-22,NONE,SHIP,bits cajole
22691-4,22691,1096,67,4,7.00,6979.63,0.05,0.01,N,O,1997-07-16,1997-07-12,1997-08-03,DELIVER IN PERSON,SHIP,lly. ironic theodolites haggle. 
22692-1,22692,914,49,1,12.00,21778.92,0.03,0.02,N,O,1998-02-15,1998-02-16,1998-02-19,DELIVER IN PERSON,REG AIR,he blithely even deposits. furiously
22692-2,22692,1091,92,2,40.00,39683.60,0.03,0.00,N,O,1998-01-13,1998-02-06,1998-02-09,DELIVER IN PERSON,FOB, asymptotes around the accounts hag
22692-3,22692,843,43,3,12.00,20926.08,0.00,0.07,N,O,1998-04-06,1998-02-25,1998-04-26,COLLECT COD,REG AIR,fily above t
22692-4,22692,1248,23,4,8.00,9193.92,0.07,0.08,N,O,1998-02-09,1998-03-12,1998-02-17,NONE,REG AIR,le blithely above the even p
22693-1,22693,519,20,1,44.00,62458.44,0.02,0.07,A,F,1992-01-17,1992-03-11,1992-02-13,DELIVER IN PERSON,MAIL,ct furiously silent 
22693-2,22693,624,25,2,37.00,56410.94,0.03,0.00,R,F,1992-01-21,1992-03-09,1992-02-01,DELIVER IN PERSON,RAIL,g requests above the expr
22693-3,22693,794,95,3,21.00,35590.59,0.09,0.06,R,F,1992-03-18,1992-02-12,1992-03-23,TAKE BACK RETURN,SHIP,ts. furiously ironic epitaphs cajole 
22693-4,22693,1051,22,4,6.00,5712.30,0.04,0.07,R,F,1992-02-10,1992-03-05,1992-02-29,TAKE BACK RETURN,SHIP,lyly slyly 
22693-5,22693,1225,100,5,24.00,27029.28,0.00,0.07,A,F,1992-04-16,1992-02-18,1992-04-17,COLLECT COD,RAIL,ag quickly acco
22693-6,22693,1965,10,6,32.00,59742.72,0.05,0.00,R,F,1992-04-07,1992-02-16,1992-04-30,NONE,MAIL,equests nod quickly. fluffily express r
22694-1,22694,871,38,1,19.00,33665.53,0.02,0.02,R,F,1993-11-19,1993-11-24,1993-11-20,DELIVER IN PERSON,MAIL,busily bold excuses 
22694-2,22694,1520,21,2,25.00,35538.00,0.09,0.03,R,F,1994-02-10,1993-11-29,1994-02-20,COLLECT COD,SHIP,r accounts sublate: slyly even re
22694-3,22694,1659,60,3,27.00,42137.55,0.09,0.04,A,F,1993-12-03,1994-01-11,1993-12-24,NONE,TRUCK,s cajole ironically slyly ironic asympto
22695-1,22695,1603,45,1,49.00,73725.40,0.07,0.01,A,F,1994-09-05,1994-09-02,1994-10-05,TAKE BACK RETURN,FOB,pinto beans cajole alongside of th
22695-2,22695,915,16,2,34.00,61740.94,0.05,0.04,A,F,1994-09-12,1994-08-28,1994-09-14,NONE,FOB,"ending accounts. ironic, final packag"
22695-3,22695,191,18,3,22.00,24006.18,0.04,0.07,A,F,1994-07-17,1994-08-30,1994-08-12,TAKE BACK RETURN,SHIP,as wake fluffily ironic de
22720-1,22720,1201,76,1,37.00,40781.40,0.01,0.02,N,O,1997-11-09,1997-11-07,1997-12-05,COLLECT COD,FOB,sits detect slyly. sl
22720-2,22720,642,5,2,11.00,16969.04,0.01,0.03,N,O,1997-12-09,1997-10-04,1998-01-03,NONE,RAIL,slyly after the b
22720-3,22720,1833,20,3,30.00,52044.90,0.04,0.07,N,O,1997-09-24,1997-11-15,1997-10-01,TAKE BACK RETURN,REG AIR,express theodolites w
22720-4,22720,1625,67,4,18.00,27479.16,0.04,0.00,N,O,1997-10-02,1997-09-20,1997-10-06,TAKE BACK RETURN,RAIL,oost alongside of the unusua
22720-5,22720,1491,70,5,25.00,34812.25,0.01,0.04,N,O,1997-09-19,1997-10-10,1997-10-11,DELIVER IN PERSON,RAIL,"al, even deposits bo"
22720-6,22720,174,75,6,38.00,40818.46,0.02,0.01,N,O,1997-08-27,1997-09-27,1997-08-29,DELIVER IN PERSON,FOB,furiously silent instruct
22720-7,22720,187,88,7,35.00,38051.30,0.02,0.06,N,O,1997-08-24,1997-10-18,1997-09-12,NONE,REG AIR,structions promise. even frets wake busil
22721-1,22721,1060,31,1,22.00,21143.32,0.09,0.00,N,O,1996-12-24,1996-12-24,1997-01-15,NONE,FOB, the ironic instructio
22721-2,22721,137,38,2,17.00,17631.21,0.03,0.06,N,O,1997-01-09,1997-01-04,1997-01-21,TAKE BACK RETURN,RAIL,regular theodolites wake
22721-3,22721,1060,61,3,48.00,46130.88,0.10,0.02,N,O,1997-03-20,1997-02-04,1997-04-18,DELIVER IN PERSON,REG AIR,gainst the careful 
22721-4,22721,1199,8,4,10.00,11001.90,0.03,0.01,N,O,1996-12-26,1997-02-18,1997-01-05,COLLECT COD,TRUCK,e carefully ironic platelets are
22722-1,22722,695,27,1,38.00,60636.22,0.03,0.02,A,F,1992-10-07,1992-09-06,1992-10-28,NONE,REG AIR,lly ironic requests wake
22722-2,22722,199,52,2,40.00,43967.60,0.08,0.04,A,F,1992-10-03,1992-09-07,1992-10-05,DELIVER IN PERSON,MAIL,es. ironic requests affix blithely 
22722-3,22722,131,84,3,34.00,35058.42,0.09,0.03,A,F,1992-10-15,1992-09-19,1992-10-28,NONE,SHIP,fully express gifts wake accord
22722-4,22722,377,6,4,48.00,61313.76,0.10,0.05,A,F,1992-08-14,1992-08-06,1992-08-30,COLLECT COD,FOB,cial ideas boost carefully among the pend
22722-5,22722,921,24,5,31.00,56479.52,0.01,0.02,A,F,1992-10-27,1992-09-25,1992-11-06,DELIVER IN PERSON,AIR, carefully. carefully carefu
22722-6,22722,1371,48,6,29.00,36898.73,0.04,0.03,R,F,1992-10-13,1992-08-15,1992-10-20,TAKE BACK RETURN,SHIP,kages. quickly
22722-7,22722,532,93,7,2.00,2865.06,0.04,0.06,R,F,1992-10-08,1992-09-07,1992-10-31,DELIVER IN PERSON,MAIL,ccording to the blith
22723-1,22723,609,10,1,30.00,45288.00,0.06,0.07,R,F,1994-07-13,1994-08-09,1994-08-04,COLLECT COD,MAIL,"s, regular requests may nag"
22723-2,22723,21,97,2,12.00,11052.24,0.09,0.06,R,F,1994-07-13,1994-07-11,1994-08-02,COLLECT COD,RAIL,he packages. stealthily specia
22723-3,22723,603,4,3,15.00,22554.00,0.02,0.05,R,F,1994-08-19,1994-06-28,1994-08-26,TAKE BACK RETURN,FOB,ns sleep car
22723-4,22723,721,54,4,32.00,51895.04,0.03,0.01,A,F,1994-07-22,1994-06-25,1994-07-26,TAKE BACK RETURN,FOB, of the idle platel
22724-1,22724,1234,35,1,6.00,6811.38,0.07,0.02,N,O,1998-08-10,1998-07-25,1998-08-15,DELIVER IN PERSON,REG AIR,y bold instructions cajo
22724-2,22724,768,33,2,35.00,58406.60,0.04,0.01,N,O,1998-06-21,1998-07-05,1998-07-01,DELIVER IN PERSON,TRUCK,s haggle along th
22724-3,22724,975,76,3,26.00,48775.22,0.00,0.05,N,O,1998-05-05,1998-06-26,1998-05-17,DELIVER IN PERSON,RAIL,nag fluffily acc
22725-1,22725,959,62,1,27.00,50218.65,0.02,0.03,N,O,1996-11-01,1996-12-26,1996-11-10,NONE,SHIP,are furiously afte
22725-2,22725,594,85,2,50.00,74729.50,0.05,0.05,N,O,1996-11-22,1996-12-14,1996-12-10,DELIVER IN PERSON,FOB,gle slyly furiousl
22725-3,22725,152,53,3,42.00,44190.30,0.06,0.04,N,O,1996-11-20,1996-12-30,1996-12-15,TAKE BACK RETURN,AIR,"ar, even instructions"
22725-4,22725,491,21,4,28.00,38961.72,0.10,0.07,N,O,1996-11-25,1996-12-06,1996-12-03,COLLECT COD,TRUCK,express deposits haggle slyly along 
22725-5,22725,1604,5,5,46.00,69257.60,0.03,0.08,N,O,1996-11-23,1997-01-05,1996-11-25,NONE,AIR,"above the regular, even "
22726-1,22726,684,47,1,12.00,19016.16,0.04,0.04,A,F,1992-05-11,1992-07-06,1992-05-20,COLLECT COD,MAIL,s. foxes cajole. carefully spec
22726-2,22726,728,93,2,13.00,21173.36,0.00,0.03,R,F,1992-06-08,1992-07-10,1992-06-19,COLLECT COD,AIR,"the final, even pa"
22727-1,22727,771,36,1,17.00,28420.09,0.04,0.02,N,O,1995-09-04,1995-09-27,1995-10-01,COLLECT COD,SHIP,c deposits. blithely special deposits eat
22727-2,22727,1902,91,2,32.00,57724.80,0.00,0.06,N,O,1995-09-21,1995-08-11,1995-10-02,TAKE BACK RETURN,FOB, of the blithely bold deposits. blithely 
22752-1,22752,1251,89,1,18.00,20740.50,0.08,0.06,A,F,1993-02-08,1993-01-18,1993-02-09,COLLECT COD,AIR,rding to the requ
22752-2,22752,768,33,2,42.00,70087.92,0.04,0.08,A,F,1993-02-21,1993-02-15,1993-03-09,TAKE BACK RETURN,RAIL,luffily pe
22752-3,22752,174,53,3,40.00,42966.80,0.04,0.07,R,F,1993-02-13,1993-02-20,1993-03-13,NONE,FOB, platelets ab
22752-4,22752,90,66,4,32.00,31682.88,0.05,0.05,A,F,1993-01-13,1993-01-15,1993-01-15,TAKE BACK RETURN,SHIP,ding to the r
22752-5,22752,236,91,5,42.00,47721.66,0.10,0.02,A,F,1992-12-10,1993-02-19,1992-12-15,TAKE BACK RETURN,AIR,to the regular pinto beans. carefully 
22752-6,22752,1643,26,6,44.00,67964.16,0.04,0.06,A,F,1992-12-15,1993-02-21,1993-01-11,COLLECT COD,TRUCK, slyly carefully unusual pa
22752-7,22752,1822,52,7,29.00,49990.78,0.01,0.07,R,F,1993-04-07,1993-01-30,1993-04-24,TAKE BACK RETURN,FOB,s boost bl
22753-1,22753,844,78,1,48.00,83752.32,0.08,0.07,R,F,1995-04-22,1995-04-17,1995-04-26,NONE,SHIP,"e silent, "
22754-1,22754,266,21,1,12.00,13995.12,0.08,0.02,A,F,1992-06-26,1992-06-06,1992-07-03,DELIVER IN PERSON,FOB, affix on the furiously final de
22754-2,22754,730,63,2,24.00,39137.52,0.01,0.07,R,F,1992-08-18,1992-07-24,1992-09-04,NONE,MAIL,alongside of th
22754-3,22754,1291,66,3,2.00,2384.58,0.08,0.01,R,F,1992-04-30,1992-05-31,1992-05-14,TAKE BACK RETURN,TRUCK,lphins detect. even deposits sleep sl
22755-1,22755,1467,46,1,31.00,42422.26,0.09,0.02,R,F,1994-06-04,1994-05-26,1994-06-08,COLLECT COD,MAIL,kindle furiously quickl
22755-2,22755,885,52,2,44.00,78578.72,0.00,0.00,R,F,1994-07-26,1994-06-02,1994-08-05,NONE,SHIP,deas cajole furiously. regular dolp
22755-3,22755,674,37,3,24.00,37792.08,0.07,0.05,R,F,1994-07-05,1994-05-29,1994-07-23,TAKE BACK RETURN,FOB,"ch according to the regular, express de"
22755-4,22755,1890,91,4,45.00,80635.05,0.01,0.08,A,F,1994-05-24,1994-05-28,1994-06-09,COLLECT COD,RAIL, blithely even patterns 
22755-5,22755,1190,91,5,24.00,26188.56,0.06,0.07,R,F,1994-04-05,1994-06-03,1994-04-29,DELIVER IN PERSON,MAIL,nal requests. final packages wake 
22755-6,22755,394,79,6,38.00,49186.82,0.05,0.01,R,F,1994-07-06,1994-06-26,1994-07-29,DELIVER IN PERSON,FOB,ipliers are slyly. slyly 
22755-7,22755,1839,26,7,4.00,6963.32,0.09,0.00,A,F,1994-04-24,1994-06-04,1994-05-16,NONE,MAIL, are blith
22756-1,22756,317,74,1,49.00,59648.19,0.00,0.08,A,F,1994-12-31,1995-02-05,1995-01-27,COLLECT COD,REG AIR,thely carefully b
22756-2,22756,1507,8,2,5.00,7042.50,0.10,0.08,A,F,1995-02-01,1995-03-04,1995-02-16,TAKE BACK RETURN,FOB, bold deposits after the s
22756-3,22756,929,98,3,46.00,84176.32,0.00,0.04,A,F,1995-04-17,1995-03-04,1995-05-13,DELIVER IN PERSON,MAIL,al pains sleep. special requ
22756-4,22756,1610,93,4,49.00,74068.89,0.00,0.06,R,F,1995-02-10,1995-02-03,1995-02-22,COLLECT COD,SHIP,around the silent pl
22757-1,22757,720,85,1,39.00,63208.08,0.08,0.04,A,F,1994-05-18,1994-05-23,1994-06-04,NONE,SHIP,nts boost quickly across the 
22757-2,22757,1254,55,2,38.00,43899.50,0.05,0.03,R,F,1994-05-20,1994-05-18,1994-06-03,COLLECT COD,FOB,ts cajole 
22757-3,22757,1050,86,3,12.00,11412.60,0.02,0.05,R,F,1994-04-23,1994-06-13,1994-04-26,NONE,REG AIR,pecial theod
22758-1,22758,1181,82,1,32.00,34629.76,0.01,0.01,R,F,1994-05-27,1994-06-05,1994-06-18,DELIVER IN PERSON,MAIL,uffily pending requests. regular theodol
22758-2,22758,1771,14,2,47.00,78620.19,0.02,0.05,A,F,1994-07-14,1994-05-17,1994-08-10,NONE,AIR,heodolites? carefully regular foxes
22759-1,22759,1835,65,1,46.00,79894.18,0.09,0.00,R,F,1992-11-23,1992-11-29,1992-12-16,DELIVER IN PERSON,AIR,ckly regular foxes. fluffily final deposits
22759-2,22759,1437,38,2,1.00,1338.43,0.04,0.08,R,F,1992-12-17,1992-11-21,1992-12-19,COLLECT COD,AIR,usly about the slyly pending requests. bo
22784-1,22784,1603,45,1,3.00,4513.80,0.04,0.04,N,O,1995-07-28,1995-07-31,1995-08-17,NONE,AIR,"sual, even requests according to"
22784-2,22784,168,21,2,31.00,33112.96,0.00,0.02,N,O,1995-08-18,1995-07-17,1995-09-04,TAKE BACK RETURN,TRUCK,ng the fluffily bold asymptotes cajole th
22784-3,22784,779,76,3,22.00,36954.94,0.04,0.07,N,O,1995-07-27,1995-06-24,1995-08-05,NONE,AIR,iously bold requests cajole slyly about
22784-4,22784,28,79,4,46.00,42688.92,0.07,0.07,N,O,1995-08-07,1995-08-22,1995-08-27,COLLECT COD,MAIL,detect according to the specia
22785-1,22785,508,69,1,20.00,28170.00,0.06,0.03,R,F,1993-11-05,1993-12-28,1993-11-25,TAKE BACK RETURN,MAIL,al platelets nag blithely ironic re
22785-2,22785,159,86,2,42.00,44484.30,0.00,0.06,A,F,1993-12-28,1993-12-27,1994-01-14,TAKE BACK RETURN,TRUCK, special asymptotes boost. slyly special
22785-3,22785,1194,31,3,3.00,3285.57,0.04,0.07,R,F,1993-11-18,1994-01-02,1993-11-24,DELIVER IN PERSON,TRUCK,s wake blithely slyly iron
22786-1,22786,789,86,1,21.00,35485.38,0.08,0.07,N,O,1996-09-15,1996-08-30,1996-09-20,TAKE BACK RETURN,FOB,ve the quickly
22786-2,22786,1396,73,2,20.00,25947.80,0.03,0.01,N,O,1996-07-23,1996-09-09,1996-08-07,COLLECT COD,FOB, haggle alongside of the furiousl
22786-3,22786,1820,21,3,21.00,36158.22,0.00,0.08,N,O,1996-07-16,1996-08-18,1996-07-23,COLLECT COD,MAIL,lyly bold foxes. carefully bold pint
22786-4,22786,27,3,4,26.00,24102.52,0.02,0.08,N,O,1996-09-24,1996-09-26,1996-10-20,COLLECT COD,FOB,theodolites detect furiously specia
22786-5,22786,1942,75,5,37.00,68225.78,0.06,0.07,N,O,1996-08-29,1996-09-29,1996-09-09,NONE,RAIL,tegrate carefully deposits. ironic platel
22787-1,22787,211,12,1,28.00,31113.88,0.02,0.02,N,O,1995-07-09,1995-05-12,1995-07-14,TAKE BACK RETURN,SHIP,pinto beans. excuses detect slyly alongsid
22787-2,22787,312,41,2,28.00,33944.68,0.02,0.05,N,O,1995-07-16,1995-05-07,1995-08-04,DELIVER IN PERSON,TRUCK,ependencies boost. pending req
22787-3,22787,1257,95,3,33.00,38222.25,0.08,0.05,N,O,1995-06-26,1995-05-14,1995-07-04,DELIVER IN PERSON,REG AIR,"gular, final accounts wake c"
22787-4,22787,380,9,4,23.00,29448.74,0.05,0.08,N,O,1995-07-06,1995-05-23,1995-08-04,NONE,MAIL,s haggle fluffily above t
22787-5,22787,906,7,5,33.00,59627.70,0.06,0.07,N,O,1995-07-06,1995-06-08,1995-07-18,DELIVER IN PERSON,TRUCK,eposits. furiously reg
22787-6,22787,1341,18,6,3.00,3727.02,0.01,0.07,N,F,1995-06-09,1995-07-02,1995-07-01,NONE,RAIL,its. quickly regular ideas caj
22787-7,22787,519,50,7,31.00,44004.81,0.01,0.05,N,O,1995-07-18,1995-06-23,1995-08-11,DELIVER IN PERSON,RAIL,es. quickly even pack
22788-1,22788,1611,53,1,5.00,7563.05,0.02,0.02,N,O,1998-07-31,1998-06-24,1998-08-18,NONE,TRUCK,ng to the blithe requests. thinly e
22788-2,22788,1135,72,2,15.00,15541.95,0.02,0.01,N,O,1998-07-21,1998-07-19,1998-08-03,TAKE BACK RETURN,SHIP,r instructio
22788-3,22788,1203,4,3,37.00,40855.40,0.09,0.05,N,O,1998-07-08,1998-07-12,1998-08-02,COLLECT COD,REG AIR,uthlessly pinto beans. packages sleep 
22788-4,22788,236,91,4,3.00,3408.69,0.03,0.03,N,O,1998-06-07,1998-07-21,1998-07-04,DELIVER IN PERSON,AIR,blithely final packages haggle. f
22788-5,22788,809,10,5,4.00,6839.20,0.06,0.01,N,O,1998-06-08,1998-07-20,1998-06-14,DELIVER IN PERSON,RAIL, packages haggle carefully. silent frets h
22789-1,22789,402,90,1,23.00,29955.20,0.02,0.06,N,O,1996-05-08,1996-03-24,1996-05-16,DELIVER IN PERSON,RAIL,s sleep caref
22789-2,22789,1324,39,2,27.00,33083.64,0.01,0.04,N,O,1996-05-08,1996-04-05,1996-05-10,DELIVER IN PERSON,AIR,ss the pinto beans. fluffily pending r
22790-1,22790,183,84,1,26.00,28162.68,0.09,0.08,N,O,1998-04-07,1998-04-29,1998-04-18,COLLECT COD,AIR,requests. b
22790-2,22790,289,17,2,46.00,54706.88,0.04,0.06,N,O,1998-04-20,1998-06-01,1998-04-23,NONE,RAIL,ackages impress slyly bol
22790-3,22790,1621,45,3,29.00,44155.98,0.09,0.05,N,O,1998-06-12,1998-05-13,1998-06-19,NONE,FOB,usly unusual accounts
22790-4,22790,843,77,4,16.00,27901.44,0.04,0.01,N,O,1998-06-07,1998-04-28,1998-06-28,COLLECT COD,AIR,"pending platelets wake carefully idle, regu"
22790-5,22790,1831,61,5,38.00,65847.54,0.07,0.00,N,O,1998-07-03,1998-06-05,1998-07-28,COLLECT COD,REG AIR,t about the blithely iro
22790-6,22790,417,5,6,40.00,52696.40,0.04,0.06,N,O,1998-05-31,1998-05-19,1998-06-28,NONE,RAIL, even accounts. slyly final
22791-1,22791,149,76,1,16.00,16786.24,0.02,0.08,N,O,1997-04-12,1997-03-06,1997-04-30,DELIVER IN PERSON,RAIL, cajole carefully against the ironic
22791-2,22791,819,20,2,19.00,32676.39,0.04,0.04,N,O,1997-03-29,1997-04-24,1997-04-22,COLLECT COD,SHIP,riously. carefully busy de
22791-3,22791,1983,72,3,9.00,16964.82,0.01,0.08,N,O,1997-05-15,1997-03-12,1997-06-08,NONE,TRUCK,ding multipliers run after the final de
22791-4,22791,624,25,4,6.00,9147.72,0.03,0.07,N,O,1997-03-12,1997-02-27,1997-03-25,COLLECT COD,FOB,sts along the fluffily re
22816-1,22816,579,70,1,22.00,32550.54,0.03,0.03,R,F,1995-05-27,1995-05-18,1995-06-14,DELIVER IN PERSON,FOB,"platelets above the pending, fin"
22816-2,22816,131,58,2,35.00,36089.55,0.00,0.01,N,F,1995-05-31,1995-07-01,1995-06-23,TAKE BACK RETURN,AIR,y about the blithely regular packages. furi
22816-3,22816,1046,82,3,10.00,9470.40,0.00,0.07,N,O,1995-08-11,1995-05-22,1995-09-08,DELIVER IN PERSON,TRUCK,. quickly pending ideas mold furiously
22817-1,22817,1112,13,1,48.00,48629.28,0.04,0.06,A,F,1993-02-26,1993-01-05,1993-03-12,DELIVER IN PERSON,AIR,"xes. stealthy, express foxes across the c"
22817-2,22817,1660,84,2,4.00,6246.64,0.08,0.06,R,F,1993-01-08,1993-01-24,1993-01-22,DELIVER IN PERSON,REG AIR,ns. express accounts wake quickly alongsid
22817-3,22817,1875,76,3,49.00,87066.63,0.06,0.02,R,F,1993-02-17,1992-12-27,1993-02-24,DELIVER IN PERSON,SHIP,ts need to wake carefully. blithely ironi
22818-1,22818,504,95,1,5.00,7022.50,0.03,0.01,R,F,1994-06-13,1994-07-15,1994-06-20,TAKE BACK RETURN,SHIP,egular instructions are carefully with the
22818-2,22818,86,37,2,4.00,3944.32,0.03,0.03,R,F,1994-07-27,1994-07-14,1994-08-24,COLLECT COD,MAIL,. ironic dolphins haggle slyly furiously si
22818-3,22818,1088,89,3,20.00,19781.60,0.06,0.04,A,F,1994-07-11,1994-08-15,1994-07-14,COLLECT COD,REG AIR, the fluffily special accounts serve ex
22818-4,22818,1627,10,4,31.00,47387.22,0.02,0.07,R,F,1994-08-21,1994-07-17,1994-08-29,NONE,MAIL,ular deposits cajole furiousl
22818-5,22818,1699,41,5,42.00,67228.98,0.05,0.04,A,F,1994-08-15,1994-08-18,1994-09-04,COLLECT COD,AIR,slyly final 
22818-6,22818,1966,99,6,1.00,1867.96,0.05,0.05,A,F,1994-08-04,1994-08-05,1994-08-09,NONE,FOB,iously ironic pains c
22818-7,22818,1537,38,7,39.00,56102.67,0.03,0.04,R,F,1994-06-25,1994-07-02,1994-07-03,TAKE BACK RETURN,RAIL,its boost. unusual pinto be
22819-1,22819,857,91,1,42.00,73829.70,0.02,0.08,R,F,1993-01-01,1993-02-06,1993-01-31,DELIVER IN PERSON,MAIL,latelets. furiously regular escapa
22819-2,22819,1828,58,2,47.00,81301.54,0.01,0.00,R,F,1993-01-06,1993-01-14,1993-01-31,COLLECT COD,REG AIR,s use fluffily furiously even de
22819-3,22819,1461,40,3,16.00,21799.36,0.01,0.08,R,F,1993-02-24,1992-12-28,1993-03-13,COLLECT COD,FOB,hely even accounts 
22819-4,22819,1471,89,4,41.00,56271.27,0.08,0.01,R,F,1993-01-07,1993-01-25,1993-01-27,NONE,FOB,"ng, unusua"
22820-1,22820,1036,7,1,35.00,32796.05,0.00,0.08,R,F,1993-09-21,1993-11-15,1993-09-25,TAKE BACK RETURN,REG AIR,"ending requests. close, reg"
22820-2,22820,1715,58,2,30.00,48501.30,0.06,0.00,R,F,1993-11-18,1993-10-06,1993-11-27,DELIVER IN PERSON,SHIP,eposits sleep blithel
22820-3,22820,1589,90,3,20.00,29811.60,0.07,0.01,R,F,1993-10-21,1993-09-25,1993-11-04,NONE,REG AIR,"kages. regular, even platelets c"
22820-4,22820,98,99,4,41.00,40921.69,0.02,0.05,A,F,1993-09-24,1993-10-09,1993-10-16,COLLECT COD,RAIL,sual excuses sleep quickly pending t
22820-5,22820,760,93,5,9.00,14946.84,0.06,0.07,A,F,1993-10-07,1993-11-03,1993-10-14,DELIVER IN PERSON,TRUCK,es the even packages. deposits wa
22821-1,22821,1344,59,1,28.00,34869.52,0.06,0.05,N,O,1997-04-18,1997-04-18,1997-05-08,TAKE BACK RETURN,REG AIR,e quickly even requests. carefully fi
22821-2,22821,519,10,2,13.00,18453.63,0.05,0.08,N,O,1997-05-06,1997-04-28,1997-05-07,NONE,AIR,ages boost above the pinto beans. 
22821-3,22821,194,95,3,43.00,47050.17,0.09,0.07,N,O,1997-07-02,1997-04-18,1997-07-22,TAKE BACK RETURN,RAIL,posits. slyly unusual theodo
22821-4,22821,1484,85,4,48.00,66503.04,0.05,0.01,N,O,1997-04-07,1997-05-26,1997-05-02,NONE,RAIL,the furiously bold acc
22822-1,22822,813,80,1,21.00,35990.01,0.07,0.06,A,F,1993-12-03,1993-12-26,1993-12-30,DELIVER IN PERSON,REG AIR,ely regular requests. doggedly silent reque
22822-2,22822,1527,68,2,27.00,38570.04,0.07,0.03,A,F,1994-01-29,1993-12-13,1994-02-28,DELIVER IN PERSON,FOB, to the even pinto beans boost carefully ac
22822-3,22822,1506,27,3,31.00,43632.50,0.04,0.08,R,F,1994-03-05,1994-01-03,1994-03-09,DELIVER IN PERSON,REG AIR,nto beans nag furiously furiousl
22822-4,22822,256,38,4,30.00,34687.50,0.00,0.03,A,F,1994-01-25,1994-01-01,1994-01-30,TAKE BACK RETURN,FOB,"onic dependencies cajole. final, e"
22823-1,22823,726,59,1,3.00,4880.16,0.10,0.07,N,O,1997-03-15,1997-04-06,1997-03-25,TAKE BACK RETURN,REG AIR,arefully final th
22823-2,22823,1875,19,2,4.00,7107.48,0.05,0.03,N,O,1997-05-20,1997-03-25,1997-06-03,COLLECT COD,AIR,", silent accounts across the unusual,"
22823-3,22823,1029,100,3,2.00,1860.04,0.04,0.01,N,O,1997-05-04,1997-04-17,1997-05-17,DELIVER IN PERSON,SHIP,ackages. dependencies detect
22848-1,22848,224,6,1,6.00,6745.32,0.09,0.02,N,O,1996-02-06,1996-02-20,1996-02-20,TAKE BACK RETURN,REG AIR, above the express packages sleep fur
22848-2,22848,247,2,2,13.00,14914.12,0.05,0.08,N,O,1996-01-22,1996-03-09,1996-01-31,COLLECT COD,FOB,egular sauternes hag
22848-3,22848,1225,63,3,19.00,21398.18,0.02,0.06,N,O,1996-03-31,1996-01-27,1996-04-25,DELIVER IN PERSON,MAIL,iously regular patterns. sl
22848-4,22848,1395,72,4,2.00,2592.78,0.06,0.05,N,O,1996-02-01,1996-01-12,1996-02-10,COLLECT COD,REG AIR, cajole fluffily 
22848-5,22848,959,28,5,48.00,89277.60,0.00,0.02,N,O,1996-01-17,1996-02-15,1996-02-13,DELIVER IN PERSON,TRUCK,ross the s
22848-6,22848,1647,30,6,32.00,49556.48,0.08,0.00,N,O,1995-12-31,1996-02-19,1996-01-17,NONE,SHIP,around the evenly express theo
22849-1,22849,1287,88,1,1.00,1188.28,0.08,0.00,A,F,1995-05-24,1995-04-10,1995-06-14,NONE,SHIP,al packages. furiousl
22849-2,22849,129,56,2,31.00,31902.72,0.00,0.06,A,F,1995-05-30,1995-04-09,1995-06-05,NONE,SHIP, against the quickly special acc
22849-3,22849,920,23,3,36.00,65553.12,0.07,0.01,R,F,1995-05-22,1995-05-12,1995-05-26,TAKE BACK RETURN,SHIP,he regular accounts sublate caref
22849-4,22849,331,32,4,6.00,7387.98,0.08,0.08,R,F,1995-04-11,1995-04-10,1995-05-11,TAKE BACK RETURN,TRUCK,"e ironic, ironic accounts: silen"
22849-5,22849,688,20,5,42.00,66724.56,0.04,0.04,A,F,1995-04-29,1995-05-05,1995-05-06,DELIVER IN PERSON,SHIP,ly whithout the depths. slyly regular co
22849-6,22849,1789,16,6,24.00,40578.72,0.08,0.07,A,F,1995-03-16,1995-03-26,1995-04-04,COLLECT COD,TRUCK,olites-- final 
22849-7,22849,1225,26,7,12.00,13514.64,0.02,0.02,R,F,1995-03-09,1995-04-18,1995-04-05,COLLECT COD,FOB,es. fluffily silent theodo
22850-1,22850,135,14,1,47.00,48651.11,0.06,0.08,R,F,1995-05-07,1995-06-09,1995-05-29,DELIVER IN PERSON,RAIL,n pearls. packa
22850-2,22850,276,4,2,27.00,31759.29,0.05,0.04,R,F,1995-05-10,1995-06-19,1995-06-08,TAKE BACK RETURN,RAIL,nal excuses 
22850-3,22850,489,19,3,11.00,15284.28,0.07,0.02,R,F,1995-05-09,1995-07-07,1995-05-20,DELIVER IN PERSON,SHIP, silent ideas mainta
22850-4,22850,1672,96,4,31.00,48783.77,0.02,0.07,A,F,1995-05-15,1995-07-03,1995-05-28,COLLECT COD,RAIL,luffily final asymptotes. regular ex
22850-5,22850,526,17,5,48.00,68472.96,0.09,0.00,R,F,1995-05-22,1995-07-27,1995-06-12,TAKE BACK RETURN,REG AIR, requests are above the slyly bold as
22851-1,22851,438,97,1,20.00,26768.60,0.06,0.00,R,F,1994-05-26,1994-05-22,1994-06-15,COLLECT COD,MAIL,quests are quickly unusual packages
22851-2,22851,1638,39,2,29.00,44649.27,0.00,0.06,A,F,1994-04-29,1994-04-03,1994-05-05,TAKE BACK RETURN,TRUCK,rouches haggle sl
22851-3,22851,823,57,3,9.00,15514.38,0.05,0.02,R,F,1994-03-15,1994-05-09,1994-04-12,TAKE BACK RETURN,MAIL,riously final p
22851-4,22851,1891,35,4,7.00,12550.23,0.02,0.06,R,F,1994-03-08,1994-04-30,1994-03-29,COLLECT COD,SHIP,uffily around the packag
22851-5,22851,196,49,5,44.00,48232.36,0.04,0.03,A,F,1994-06-19,1994-04-11,1994-07-10,NONE,AIR,uickly pending accounts maint
22851-6,22851,1231,43,6,34.00,38495.82,0.04,0.04,A,F,1994-05-12,1994-05-16,1994-05-16,TAKE BACK RETURN,SHIP,rges; fluffily regular notornis integ
22852-1,22852,1891,92,1,29.00,51993.81,0.10,0.01,N,O,1997-06-12,1997-05-16,1997-06-26,TAKE BACK RETURN,FOB,p carefully unusual foxes. pin
22852-2,22852,1580,1,2,15.00,22223.70,0.03,0.08,N,O,1997-05-05,1997-05-07,1997-05-12,COLLECT COD,TRUCK,ccounts haggle slyly 
22852-3,22852,862,96,3,1.00,1762.86,0.06,0.05,N,O,1997-06-14,1997-05-28,1997-06-29,NONE,TRUCK,tes. slyly even packages are. re
22853-1,22853,204,32,1,43.00,47480.60,0.06,0.00,R,F,1994-06-15,1994-05-29,1994-06-24,COLLECT COD,AIR,"its? thin, special de"
22854-1,22854,1718,3,1,12.00,19436.52,0.05,0.03,N,O,1996-12-24,1996-10-13,1997-01-08,COLLECT COD,AIR,nooze blithel
22854-2,22854,1373,12,2,6.00,7646.22,0.00,0.03,N,O,1996-09-15,1996-10-15,1996-10-10,COLLECT COD,SHIP,. slyly final ideas cajole blithel
22854-3,22854,945,46,3,26.00,47994.44,0.09,0.01,N,O,1996-11-10,1996-10-26,1996-11-15,DELIVER IN PERSON,AIR, even instructions sleep quickly above t
22854-4,22854,1446,47,4,46.00,61982.24,0.09,0.00,N,O,1996-10-29,1996-10-18,1996-11-16,NONE,SHIP,ct blithely requests. unusual exc
22854-5,22854,1932,33,5,22.00,40346.46,0.08,0.00,N,O,1996-11-06,1996-10-08,1996-11-17,DELIVER IN PERSON,REG AIR,. furiously ironic pinto
22854-6,22854,439,40,6,7.00,9376.01,0.02,0.05,N,O,1996-09-19,1996-10-23,1996-10-02,NONE,TRUCK, dependencies wake ru
22854-7,22854,1201,39,7,13.00,14328.60,0.03,0.04,N,O,1996-10-13,1996-10-24,1996-10-24,COLLECT COD,FOB,wake about the blithely 
22855-1,22855,282,64,1,36.00,42562.08,0.03,0.06,N,O,1997-10-01,1997-10-08,1997-10-29,COLLECT COD,REG AIR,"even ideas sleep around the final, even ac"
22855-2,22855,1196,69,2,14.00,15360.66,0.00,0.08,N,O,1997-10-18,1997-09-19,1997-10-21,DELIVER IN PERSON,AIR,"dolites are express, ruthless"
22880-1,22880,1237,49,1,40.00,45529.20,0.00,0.07,A,F,1993-07-29,1993-08-11,1993-08-17,COLLECT COD,FOB,ly. carefully final pinto beans cajole
22880-2,22880,1941,30,2,25.00,46073.50,0.04,0.07,A,F,1993-06-08,1993-08-02,1993-06-28,COLLECT COD,MAIL,y blithely final deposits-- fi
22880-3,22880,1218,56,3,22.00,24622.62,0.01,0.04,A,F,1993-06-19,1993-07-03,1993-07-05,TAKE BACK RETURN,SHIP,. idle deposits cajole whithout the furious
22880-4,22880,303,60,4,25.00,30082.50,0.03,0.00,R,F,1993-07-24,1993-07-30,1993-07-26,TAKE BACK RETURN,AIR,ackages. express requests sleep quickly c
22880-5,22880,1769,12,5,30.00,50122.80,0.08,0.01,A,F,1993-07-06,1993-08-21,1993-07-15,TAKE BACK RETURN,RAIL,. carefully fi
22880-6,22880,876,43,6,22.00,39091.14,0.08,0.05,R,F,1993-08-08,1993-06-30,1993-08-16,TAKE BACK RETURN,REG AIR,fully regular asymptotes haggle sl
22881-1,22881,1390,5,1,43.00,55529.77,0.06,0.06,A,F,1993-07-04,1993-05-29,1993-07-24,TAKE BACK RETURN,TRUCK,hely express deposits. even foxes wa
22881-2,22881,1008,44,2,10.00,9090.00,0.05,0.08,A,F,1993-07-20,1993-06-29,1993-07-24,DELIVER IN PERSON,RAIL,ously bold excuses. caref
22882-1,22882,1659,83,1,18.00,28091.70,0.03,0.01,A,F,1993-11-18,1993-12-06,1993-12-11,NONE,SHIP,lyly above the
22882-2,22882,621,84,2,10.00,15216.20,0.02,0.00,R,F,1993-10-19,1993-12-10,1993-11-06,TAKE BACK RETURN,MAIL,refully de
22882-3,22882,692,93,3,11.00,17519.59,0.00,0.08,R,F,1993-10-27,1993-10-21,1993-11-14,DELIVER IN PERSON,RAIL, bold packages. unusual dolp
22882-4,22882,182,61,4,26.00,28136.68,0.07,0.03,A,F,1993-12-22,1993-10-27,1994-01-12,NONE,REG AIR,uctions would cajole carefull
22883-1,22883,1730,15,1,20.00,32634.60,0.08,0.02,R,F,1992-06-12,1992-05-11,1992-06-15,NONE,FOB,eans. carefully regular accounts integrate
22883-2,22883,1430,48,2,1.00,1331.43,0.03,0.00,R,F,1992-07-18,1992-07-02,1992-07-29,DELIVER IN PERSON,FOB,egular instructions after the
22884-1,22884,83,59,1,27.00,26543.16,0.00,0.05,N,O,1996-05-17,1996-06-15,1996-06-12,COLLECT COD,TRUCK,ts haggle acc
22884-2,22884,1463,3,2,2.00,2728.92,0.01,0.08,N,O,1996-05-22,1996-07-28,1996-06-14,NONE,SHIP,throughout the sp
22885-1,22885,772,73,1,8.00,13382.16,0.04,0.06,R,F,1995-01-10,1995-02-01,1995-01-17,DELIVER IN PERSON,MAIL,ronic deposits nag furiously. pend
22885-2,22885,171,98,2,49.00,52487.33,0.09,0.08,R,F,1995-02-27,1995-01-02,1995-03-20,TAKE BACK RETURN,AIR, blithely about the furiously iron
22885-3,22885,520,11,3,29.00,41195.08,0.02,0.05,R,F,1994-12-11,1995-02-14,1994-12-12,TAKE BACK RETURN,REG AIR,d furiously pending accounts. spe
22885-4,22885,1493,94,4,31.00,43229.19,0.02,0.08,R,F,1995-03-07,1995-02-18,1995-04-03,TAKE BACK RETURN,FOB,iously blithely e
22885-5,22885,1403,82,5,19.00,24783.60,0.04,0.02,R,F,1995-02-18,1994-12-31,1995-03-10,NONE,TRUCK,ions affix
22886-1,22886,1529,50,1,26.00,37193.52,0.04,0.08,R,F,1993-04-21,1993-03-06,1993-04-23,COLLECT COD,SHIP,r dolphins wake clo
22886-2,22886,871,38,2,31.00,54927.97,0.03,0.06,R,F,1993-03-23,1993-03-01,1993-04-19,DELIVER IN PERSON,FOB, of the special requests cajole asymptote
22886-3,22886,1653,95,3,50.00,77732.50,0.03,0.04,A,F,1993-05-20,1993-03-17,1993-06-12,NONE,MAIL, cajole furiously within 
22886-4,22886,556,87,4,25.00,36413.75,0.04,0.08,R,F,1993-04-13,1993-03-15,1993-04-15,COLLECT COD,MAIL,ts. carefully final foxes detect
22886-5,22886,1480,20,5,17.00,23485.16,0.07,0.08,A,F,1993-05-13,1993-03-24,1993-05-19,TAKE BACK RETURN,RAIL,y bold courts breach slyly
22887-1,22887,1826,70,1,40.00,69112.80,0.02,0.04,R,F,1994-02-27,1994-02-15,1994-03-21,DELIVER IN PERSON,SHIP,above the express courts. final deposit
22887-2,22887,359,16,2,1.00,1259.35,0.02,0.06,R,F,1994-02-26,1994-01-31,1994-03-14,DELIVER IN PERSON,RAIL,lar foxes. qui
22887-3,22887,1648,72,3,43.00,66634.52,0.04,0.06,R,F,1994-01-14,1994-02-06,1994-02-13,DELIVER IN PERSON,AIR,wly furiously regul
22887-4,22887,885,52,4,10.00,17858.80,0.07,0.01,A,F,1993-12-30,1993-12-21,1994-01-11,COLLECT COD,REG AIR,ending platelets along the slyly expr
22912-1,22912,1740,83,1,20.00,32834.80,0.05,0.08,A,F,1994-02-05,1994-01-03,1994-02-27,COLLECT COD,TRUCK, regular instructions
22912-2,22912,1626,50,2,33.00,50411.46,0.07,0.05,R,F,1994-02-05,1994-01-07,1994-02-16,TAKE BACK RETURN,AIR,uickly special asymp
22912-3,22912,21,72,3,48.00,44208.96,0.03,0.02,R,F,1993-12-19,1993-11-22,1994-01-04,NONE,TRUCK, asymptotes. q
22912-4,22912,1555,36,4,45.00,65544.75,0.07,0.02,R,F,1993-11-06,1993-12-03,1993-11-13,COLLECT COD,MAIL,onic multipliers. carefully express deco
22913-1,22913,1433,51,1,34.00,45370.62,0.01,0.06,R,F,1993-08-08,1993-08-14,1993-09-05,COLLECT COD,RAIL,"usual, ironic instructions. "
22913-2,22913,44,20,2,2.00,1888.08,0.07,0.08,R,F,1993-08-08,1993-08-16,1993-08-19,DELIVER IN PERSON,FOB,ely. doggedly regular dolphins 
22913-3,22913,829,30,3,44.00,76112.08,0.02,0.07,A,F,1993-10-04,1993-08-03,1993-10-30,TAKE BACK RETURN,RAIL,ests. quickly even depen
22913-4,22913,778,43,4,41.00,68829.57,0.00,0.01,R,F,1993-08-16,1993-09-20,1993-09-01,DELIVER IN PERSON,SHIP,romise slowly amo
22913-5,22913,938,41,5,43.00,79073.99,0.05,0.01,A,F,1993-08-07,1993-08-28,1993-08-24,DELIVER IN PERSON,AIR,eve about th
22913-6,22913,129,30,6,23.00,23669.76,0.06,0.01,A,F,1993-07-04,1993-07-28,1993-07-27,TAKE BACK RETURN,TRUCK,packages affix blithely. furiously even ac
22913-7,22913,982,83,7,21.00,39542.58,0.00,0.05,A,F,1993-07-20,1993-08-29,1993-08-17,COLLECT COD,MAIL,s the quickly fi
22914-1,22914,951,54,1,31.00,57410.45,0.10,0.07,A,F,1992-03-21,1992-02-25,1992-04-03,COLLECT COD,AIR,"ests. ironic, pending requests lose slyly "
22914-2,22914,374,3,2,31.00,39505.47,0.09,0.06,R,F,1992-02-12,1992-03-19,1992-03-07,COLLECT COD,FOB,"riously. express, pending accounts haggl"
22914-3,22914,148,49,3,21.00,22010.94,0.03,0.04,R,F,1992-02-02,1992-03-24,1992-02-05,NONE,TRUCK,counts. doggedly eve
22914-4,22914,446,5,4,26.00,35007.44,0.01,0.08,A,F,1992-03-07,1992-04-13,1992-04-03,COLLECT COD,FOB,are carefully. foxes
22914-5,22914,1678,2,5,31.00,48969.77,0.06,0.02,A,F,1992-03-26,1992-03-18,1992-04-01,COLLECT COD,REG AIR,ously even acc
22914-6,22914,1315,30,6,42.00,51085.02,0.08,0.06,R,F,1992-01-19,1992-03-22,1992-02-06,TAKE BACK RETURN,AIR,uickly iro
22914-7,22914,398,83,7,49.00,63621.11,0.03,0.05,A,F,1992-05-08,1992-02-23,1992-05-25,NONE,RAIL,eposits. final
22915-1,22915,1023,29,1,7.00,6468.14,0.08,0.01,N,O,1997-12-01,1997-11-25,1997-12-31,NONE,SHIP,counts must are unusual instructions.
22915-2,22915,1898,28,2,43.00,77395.27,0.01,0.01,N,O,1997-12-30,1997-12-13,1998-01-16,TAKE BACK RETURN,FOB,pains cajole. 
22916-1,22916,661,93,1,13.00,20301.58,0.01,0.03,R,F,1992-03-12,1992-04-30,1992-04-02,COLLECT COD,MAIL,olites about the carefully regul
22917-1,22917,1677,1,1,10.00,15786.70,0.05,0.06,R,F,1994-03-05,1994-04-26,1994-03-15,TAKE BACK RETURN,MAIL,y attainme
22917-2,22917,366,95,2,47.00,59518.92,0.09,0.07,R,F,1994-03-27,1994-04-09,1994-04-25,DELIVER IN PERSON,REG AIR,lyly quickly silent
22917-3,22917,1492,93,3,17.00,23689.33,0.09,0.03,A,F,1994-05-28,1994-04-20,1994-06-22,NONE,SHIP,to the carefully iron
22917-4,22917,1517,98,4,41.00,58158.91,0.04,0.08,R,F,1994-03-10,1994-05-08,1994-03-29,NONE,REG AIR,gular packages. slyly pending reques
22918-1,22918,620,21,1,14.00,21288.68,0.06,0.02,N,O,1996-05-16,1996-04-14,1996-05-18,TAKE BACK RETURN,AIR,lithely fin
22918-2,22918,1808,9,2,17.00,29066.60,0.10,0.01,N,O,1996-05-17,1996-03-14,1996-05-19,NONE,MAIL,refully ex
22918-3,22918,989,58,3,5.00,9449.90,0.05,0.08,N,O,1996-02-03,1996-03-23,1996-02-11,NONE,FOB,theodolites. furiously special courts 
22918-4,22918,1026,97,4,10.00,9270.20,0.06,0.07,N,O,1996-05-05,1996-04-21,1996-05-18,TAKE BACK RETURN,RAIL,nal platelets boost quickly accounts. dogge
22918-5,22918,105,58,5,44.00,44224.40,0.09,0.00,N,O,1996-05-12,1996-03-26,1996-05-16,COLLECT COD,MAIL,sits. fluffily bold deposits boost fluf
22918-6,22918,1418,97,6,29.00,38262.89,0.08,0.02,N,O,1996-02-24,1996-04-09,1996-03-09,DELIVER IN PERSON,AIR,ronic requests haggle. slyly final 
22918-7,22918,1628,70,7,10.00,15296.20,0.07,0.02,N,O,1996-02-07,1996-04-05,1996-02-11,COLLECT COD,TRUCK, slyly ironic courts wake fur
22919-1,22919,841,75,1,20.00,34836.80,0.08,0.02,R,F,1994-10-06,1994-08-20,1994-10-14,COLLECT COD,MAIL,nically unusual warthogs. slyly final pi
22944-1,22944,514,75,1,5.00,7072.55,0.01,0.07,N,O,1997-08-06,1997-09-15,1997-08-09,DELIVER IN PERSON,FOB,st the blithely 
22944-2,22944,1777,4,2,20.00,33575.40,0.05,0.01,N,O,1997-08-20,1997-08-24,1997-09-11,NONE,FOB,tions wake quickly above the theodolites
22945-1,22945,799,32,1,20.00,33995.80,0.04,0.05,R,F,1995-04-03,1995-05-11,1995-04-29,DELIVER IN PERSON,MAIL,ckly pending r
22945-2,22945,246,1,2,41.00,46995.84,0.00,0.08,N,O,1995-07-25,1995-05-14,1995-08-08,COLLECT COD,MAIL,al accounts wake enticingly according to 
22945-3,22945,414,73,3,32.00,42061.12,0.04,0.01,A,F,1995-06-09,1995-05-14,1995-06-11,DELIVER IN PERSON,TRUCK, slyly regular ideas na
22945-4,22945,1506,27,4,46.00,64745.00,0.05,0.05,N,O,1995-06-26,1995-06-25,1995-07-23,NONE,REG AIR,riously quickly regular pinto 
22945-5,22945,1451,52,5,43.00,58155.35,0.08,0.06,N,O,1995-07-10,1995-06-09,1995-07-20,NONE,SHIP,. furiously iro
22946-1,22946,864,64,1,19.00,33532.34,0.02,0.06,R,F,1994-01-14,1994-03-18,1994-01-31,NONE,MAIL,lar grouches cajole iro
22946-2,22946,1480,59,2,9.00,12433.32,0.03,0.07,A,F,1994-03-20,1994-02-19,1994-04-11,DELIVER IN PERSON,REG AIR,". pending, i"
22946-3,22946,256,38,3,41.00,47406.25,0.04,0.05,A,F,1994-04-25,1994-02-11,1994-05-23,DELIVER IN PERSON,MAIL,"tect carefully. regular, special theodolit"
22946-4,22946,1024,60,4,23.00,21275.46,0.09,0.07,R,F,1994-01-13,1994-03-18,1994-01-30,DELIVER IN PERSON,AIR,sly ironic theodol
22946-5,22946,1715,42,5,29.00,46884.59,0.05,0.00,R,F,1994-01-17,1994-03-17,1994-01-22,TAKE BACK RETURN,AIR,s across th
22946-6,22946,500,88,6,19.00,26609.50,0.03,0.02,A,F,1994-03-12,1994-04-09,1994-04-06,DELIVER IN PERSON,RAIL,ions. quickl
22946-7,22946,22,73,7,19.00,17518.38,0.02,0.01,A,F,1994-05-06,1994-02-28,1994-05-19,COLLECT COD,REG AIR,", even theodolites. brave ideas boost "
22947-1,22947,1693,35,1,15.00,23920.35,0.06,0.01,R,F,1995-01-06,1995-03-09,1995-01-12,NONE,AIR,ages haggle dugouts. care
22947-2,22947,220,2,2,48.00,53770.56,0.05,0.07,R,F,1995-03-16,1995-03-18,1995-03-28,COLLECT COD,RAIL,r requests sleep thinly. fluffi
22947-3,22947,1641,65,3,9.00,13883.76,0.01,0.04,A,F,1994-12-28,1995-02-27,1995-01-22,COLLECT COD,RAIL,ccounts nag c
22947-4,22947,594,25,4,46.00,68751.14,0.08,0.06,R,F,1994-12-22,1995-02-08,1995-01-02,COLLECT COD,MAIL,egular ideas are
22947-5,22947,1307,22,5,50.00,60415.00,0.00,0.01,R,F,1995-04-11,1995-03-19,1995-04-29,DELIVER IN PERSON,FOB, requests over the blithely ironic acco
22948-1,22948,508,39,1,26.00,36621.00,0.00,0.07,R,F,1993-02-06,1993-01-09,1993-02-17,TAKE BACK RETURN,TRUCK,dolites haggle. blithely thin deposits
22948-2,22948,1157,94,2,44.00,46558.60,0.00,0.00,A,F,1992-11-27,1993-01-17,1992-11-29,TAKE BACK RETURN,MAIL, carefully final asymptotes boost slyly 
22948-3,22948,1340,79,3,4.00,4965.36,0.05,0.01,A,F,1993-02-24,1993-01-16,1993-03-14,DELIVER IN PERSON,TRUCK,g the fluffily final theodolites. flu
22948-4,22948,1533,74,4,43.00,61684.79,0.03,0.00,R,F,1992-12-05,1993-01-08,1992-12-26,DELIVER IN PERSON,SHIP,even deposi
22948-5,22948,645,46,5,12.00,18547.68,0.02,0.04,A,F,1993-01-19,1993-01-04,1993-02-03,COLLECT COD,FOB,ifts. furiously final accounts wake. blit
22949-1,22949,1986,31,1,12.00,22655.76,0.03,0.03,N,O,1998-06-30,1998-07-10,1998-07-13,COLLECT COD,MAIL,uses around the regular packages dete
22949-2,22949,1321,36,2,50.00,61116.00,0.07,0.06,N,O,1998-08-22,1998-08-05,1998-09-18,TAKE BACK RETURN,FOB,y accounts. special requests sleep quick
22949-3,22949,1866,10,3,39.00,68946.54,0.01,0.03,N,O,1998-07-01,1998-07-18,1998-07-07,DELIVER IN PERSON,AIR,ckly. fluffily blithe platelets wake qu
22950-1,22950,213,14,1,6.00,6679.26,0.05,0.05,N,O,1996-03-02,1996-01-29,1996-03-26,DELIVER IN PERSON,FOB,uriously against 
22950-2,22950,585,76,2,39.00,57937.62,0.05,0.01,N,O,1996-03-12,1996-03-13,1996-04-07,COLLECT COD,AIR,usly alongside of the special req
22950-3,22950,1754,97,3,23.00,38082.25,0.10,0.03,N,O,1996-01-29,1996-03-01,1996-02-28,COLLECT COD,MAIL, packages haggle fluffily furiously fin
22951-1,22951,849,16,1,2.00,3499.68,0.10,0.02,R,F,1992-08-30,1992-06-07,1992-09-26,DELIVER IN PERSON,FOB,"ng the even, quiet "
22951-2,22951,1298,36,2,12.00,14391.48,0.00,0.07,A,F,1992-08-25,1992-07-20,1992-09-15,DELIVER IN PERSON,RAIL,heodolites nag according to the evenl
22976-1,22976,411,70,1,47.00,61636.27,0.09,0.05,N,O,1998-04-26,1998-05-11,1998-05-08,TAKE BACK RETURN,RAIL,ic requests. quickly final courts 
22976-2,22976,615,16,2,17.00,25765.37,0.01,0.01,N,O,1998-05-20,1998-05-24,1998-06-05,NONE,FOB,ons. ruthlessly final foxes s
22976-3,22976,1719,20,3,49.00,79414.79,0.08,0.04,N,O,1998-06-15,1998-06-03,1998-06-30,DELIVER IN PERSON,RAIL,y special pinto beans. iron
22976-4,22976,1998,43,4,3.00,5699.97,0.04,0.03,N,O,1998-04-14,1998-06-06,1998-04-26,TAKE BACK RETURN,RAIL,ccounts detect quickly 
22977-1,22977,333,90,1,1.00,1233.33,0.01,0.08,N,O,1995-09-22,1995-11-08,1995-10-22,TAKE BACK RETURN,FOB,pliers cajole. quickly slow 
22978-1,22978,1737,22,1,5.00,8193.65,0.10,0.03,A,F,1994-05-11,1994-07-02,1994-06-06,DELIVER IN PERSON,REG AIR,accounts integrate. quickly express deposit
22978-2,22978,237,19,2,5.00,5686.15,0.03,0.04,R,F,1994-07-14,1994-06-12,1994-07-15,DELIVER IN PERSON,FOB,excuses integrate slyly across the fu
22978-3,22978,869,70,3,13.00,23008.18,0.10,0.03,A,F,1994-04-26,1994-06-20,1994-05-05,DELIVER IN PERSON,SHIP,er carefully along 
22978-4,22978,649,43,4,18.00,27893.52,0.06,0.04,A,F,1994-04-23,1994-06-26,1994-05-15,COLLECT COD,SHIP,posits. packages sleep quick
22978-5,22978,1006,12,5,19.00,17233.00,0.01,0.07,R,F,1994-04-05,1994-06-29,1994-05-03,TAKE BACK RETURN,TRUCK, packages wake abo
22978-6,22978,42,43,6,38.00,35797.52,0.08,0.08,A,F,1994-07-17,1994-06-29,1994-08-10,NONE,SHIP,e boldly according
22979-1,22979,1821,51,1,42.00,72358.44,0.04,0.08,A,F,1992-10-09,1992-11-26,1992-11-04,TAKE BACK RETURN,FOB,onic deposits sleep requ
22979-2,22979,694,95,2,17.00,27109.73,0.04,0.06,R,F,1992-11-28,1992-12-15,1992-12-12,COLLECT COD,FOB, special deposits before the regular asym
22980-1,22980,1355,70,1,17.00,21357.95,0.06,0.04,A,F,1993-01-01,1992-11-29,1993-01-25,DELIVER IN PERSON,AIR, fluffily. 
22980-2,22980,996,97,2,12.00,22763.88,0.09,0.02,R,F,1992-12-20,1992-12-18,1993-01-15,TAKE BACK RETURN,FOB,uffily accord
22980-3,22980,672,66,3,37.00,58188.79,0.07,0.08,A,F,1992-10-04,1992-12-09,1992-10-13,COLLECT COD,RAIL,the blithely unusual depths boos
22980-4,22980,108,9,4,28.00,28226.80,0.04,0.03,A,F,1992-10-03,1992-11-07,1992-10-27,COLLECT COD,RAIL,xcuses. furiously regular sheaves 
22980-5,22980,873,40,5,1.00,1773.87,0.07,0.08,A,F,1992-11-17,1992-11-05,1992-12-11,TAKE BACK RETURN,MAIL,xcuses sleep along the fur
22981-1,22981,1799,84,1,49.00,83338.71,0.01,0.08,N,O,1995-06-29,1995-07-22,1995-07-19,COLLECT COD,AIR,ets cajole furiously notornis. ev
22982-1,22982,36,12,1,38.00,35569.14,0.08,0.08,N,O,1996-03-05,1996-01-29,1996-03-12,TAKE BACK RETURN,RAIL,lly against t
22982-2,22982,945,80,2,21.00,38764.74,0.03,0.01,N,O,1996-01-10,1996-02-18,1996-01-29,TAKE BACK RETURN,TRUCK,oss the bold theo
22982-3,22982,1738,39,3,49.00,80346.77,0.03,0.04,N,O,1996-01-01,1996-02-06,1996-01-23,DELIVER IN PERSON,AIR," quietly into the silent, unusual d"
22982-4,22982,805,39,4,42.00,71643.60,0.01,0.08,N,O,1996-01-09,1996-03-21,1996-01-31,COLLECT COD,REG AIR,lar patterns cajole 
22983-1,22983,977,78,1,17.00,31925.49,0.05,0.04,R,F,1995-02-01,1995-02-08,1995-02-08,COLLECT COD,AIR, deposits sleep car
23008-1,23008,215,70,1,41.00,45723.61,0.00,0.00,R,F,1995-01-25,1994-11-16,1995-02-11,COLLECT COD,TRUCK,pliers are quickly. carefully unusua
23008-2,23008,1825,26,2,34.00,58711.88,0.09,0.04,A,F,1994-10-18,1994-12-28,1994-10-19,TAKE BACK RETURN,FOB,ular packages. furiously f
23008-3,23008,1882,83,3,41.00,73139.08,0.01,0.03,A,F,1994-11-06,1994-11-12,1994-11-22,NONE,SHIP,"y after the special, fin"
23008-4,23008,483,84,4,42.00,58106.16,0.05,0.07,A,F,1994-10-17,1994-11-18,1994-11-14,TAKE BACK RETURN,AIR,ake across the slyly even ideas. ironic
23008-5,23008,612,44,5,50.00,75630.50,0.02,0.06,A,F,1994-12-15,1994-12-24,1994-12-29,NONE,TRUCK,sly final sauter
23009-1,23009,962,31,1,5.00,9314.80,0.04,0.04,R,F,1992-06-16,1992-07-01,1992-07-02,TAKE BACK RETURN,REG AIR,quests. fluf
23009-2,23009,434,22,2,26.00,34695.18,0.00,0.00,A,F,1992-06-26,1992-05-29,1992-07-26,NONE,REG AIR,ily express id
23009-3,23009,192,93,3,24.00,26212.56,0.07,0.05,A,F,1992-05-07,1992-07-26,1992-05-08,COLLECT COD,FOB,y ironic instructions affix quickly about t
23009-4,23009,431,90,4,39.00,51925.77,0.07,0.04,A,F,1992-07-02,1992-06-21,1992-07-17,DELIVER IN PERSON,TRUCK,hogs wake doggedly slyly express re
23010-1,23010,522,53,1,35.00,49788.20,0.01,0.07,R,F,1992-04-25,1992-03-05,1992-04-29,TAKE BACK RETURN,REG AIR,heodolites integrate after the pending theo
23010-2,23010,1286,98,2,9.00,10685.52,0.09,0.08,A,F,1992-01-12,1992-02-17,1992-01-22,NONE,TRUCK,"ackages. bold, fin"
23010-3,23010,792,25,3,30.00,50783.70,0.03,0.06,R,F,1992-04-16,1992-03-24,1992-05-06,COLLECT COD,TRUCK,"ges nag after the thin, "
23010-4,23010,148,75,4,5.00,5240.70,0.09,0.08,R,F,1992-02-18,1992-02-22,1992-03-06,NONE,SHIP,es sleep furiously regular requests.
23011-1,23011,398,83,1,19.00,24669.41,0.04,0.06,A,F,1993-06-19,1993-09-02,1993-07-14,COLLECT COD,MAIL,ost after the fur
23011-2,23011,807,41,2,46.00,78558.80,0.10,0.06,A,F,1993-09-23,1993-07-31,1993-10-04,COLLECT COD,REG AIR,"al accounts affix slyly. final, "
23011-3,23011,1797,40,3,46.00,78144.34,0.01,0.02,A,F,1993-07-10,1993-08-08,1993-07-29,COLLECT COD,MAIL,lly. foxes after the 
23011-4,23011,1732,59,4,47.00,76785.31,0.01,0.06,A,F,1993-07-11,1993-07-27,1993-07-16,DELIVER IN PERSON,TRUCK,lar foxes haggl
23011-5,23011,100,26,5,7.00,7000.70,0.03,0.03,A,F,1993-06-23,1993-09-05,1993-06-29,COLLECT COD,FOB,sits wake carefully b
23011-6,23011,1957,58,6,46.00,85511.70,0.01,0.03,A,F,1993-06-18,1993-07-20,1993-07-12,DELIVER IN PERSON,AIR,rate quickly around the sl
23012-1,23012,1902,91,1,9.00,16235.10,0.09,0.01,N,O,1996-10-17,1996-09-19,1996-11-13,COLLECT COD,MAIL,aggle quickl
23012-2,23012,229,57,2,22.00,24842.84,0.08,0.04,N,O,1996-12-01,1996-09-27,1996-12-19,TAKE BACK RETURN,SHIP,old accounts. fluf
23012-3,23012,1317,32,3,6.00,7309.86,0.01,0.02,N,O,1996-12-07,1996-11-12,1996-12-10,COLLECT COD,TRUCK,uests along the furiously reg
23012-4,23012,1895,25,4,48.00,86250.72,0.07,0.05,N,O,1996-11-09,1996-09-22,1996-11-12,NONE,MAIL,ges wake furiously 
23012-5,23012,433,21,5,20.00,26668.60,0.08,0.00,N,O,1996-12-03,1996-10-13,1997-01-01,DELIVER IN PERSON,FOB,p furiously packag
23013-1,23013,436,24,1,9.00,12027.87,0.03,0.07,R,F,1993-07-13,1993-08-17,1993-07-23,COLLECT COD,REG AIR, final requests cajole p
23013-2,23013,126,27,2,20.00,20522.40,0.10,0.05,R,F,1993-10-24,1993-09-08,1993-11-19,NONE,TRUCK, the furiously final deposits wa
23013-3,23013,1294,32,3,45.00,53788.05,0.03,0.03,R,F,1993-09-15,1993-08-02,1993-09-24,NONE,MAIL,refully ironic ideas engage fu
23013-4,23013,624,87,4,37.00,56410.94,0.10,0.08,A,F,1993-09-30,1993-09-17,1993-10-19,TAKE BACK RETURN,SHIP,ly ironic dolphins. quickly ironic d
23013-5,23013,1571,92,5,35.00,51539.95,0.03,0.06,A,F,1993-09-14,1993-08-09,1993-10-03,TAKE BACK RETURN,AIR,odolites h
23014-1,23014,31,82,1,45.00,41896.35,0.02,0.03,N,O,1996-01-21,1995-12-29,1996-02-05,TAKE BACK RETURN,MAIL,"ending, silent accounts. f"
23015-1,23015,1265,66,1,17.00,19826.42,0.07,0.05,R,F,1992-02-27,1992-02-28,1992-03-04,TAKE BACK RETURN,REG AIR,ajole slyly silent theodolites.
23015-2,23015,1655,56,2,50.00,77832.50,0.10,0.07,A,F,1992-02-21,1992-04-06,1992-03-16,NONE,RAIL,ng bravely. special dolphins after the e
23015-3,23015,259,14,3,13.00,15070.25,0.00,0.00,A,F,1992-01-16,1992-03-20,1992-02-02,COLLECT COD,TRUCK,across the bold dep
23040-1,23040,168,95,1,10.00,10681.60,0.00,0.00,N,O,1997-09-25,1997-09-18,1997-10-15,DELIVER IN PERSON,TRUCK,special foxes. unusual fo
23040-2,23040,922,25,2,24.00,43750.08,0.01,0.07,N,O,1997-09-20,1997-09-20,1997-10-03,COLLECT COD,MAIL,special dep
23040-3,23040,431,19,3,33.00,43937.19,0.04,0.07,N,O,1997-11-01,1997-10-26,1997-11-04,TAKE BACK RETURN,FOB,final ideas among the fluffily r
23040-4,23040,416,46,4,13.00,17113.33,0.10,0.06,N,O,1997-08-10,1997-09-10,1997-08-13,NONE,FOB, the sometimes close accounts. fur
23041-1,23041,957,92,1,10.00,18579.50,0.02,0.02,R,F,1993-08-14,1993-09-26,1993-08-21,DELIVER IN PERSON,REG AIR,". accounts should haggle special, "
23041-2,23041,1573,14,2,36.00,53084.52,0.04,0.07,A,F,1993-08-19,1993-10-19,1993-09-12,NONE,MAIL,he slyly final frays
23041-3,23041,522,13,3,22.00,31295.44,0.03,0.06,A,F,1993-08-20,1993-09-30,1993-09-10,DELIVER IN PERSON,SHIP,above the slyly unusual 
23041-4,23041,453,41,4,31.00,41956.95,0.00,0.01,R,F,1993-08-17,1993-09-23,1993-08-28,DELIVER IN PERSON,MAIL,"se unusual, regular accounts."
23041-5,23041,1942,31,5,20.00,36878.80,0.04,0.04,R,F,1993-09-06,1993-10-15,1993-09-14,NONE,FOB,pecial reque
23041-6,23041,1368,83,6,30.00,38080.80,0.00,0.03,R,F,1993-11-10,1993-08-26,1993-11-14,DELIVER IN PERSON,RAIL,le quickly carefully even 
23042-1,23042,1448,49,1,30.00,40483.20,0.06,0.04,A,F,1994-05-11,1994-07-06,1994-05-29,DELIVER IN PERSON,TRUCK,ironic packages. blithely special accounts
23043-1,23043,1005,6,1,44.00,39864.00,0.02,0.08,N,O,1995-08-05,1995-07-12,1995-08-14,NONE,TRUCK,gside of the carefully quick gr
23043-2,23043,668,62,2,49.00,76864.34,0.06,0.02,R,F,1995-06-07,1995-07-14,1995-06-11,COLLECT COD,FOB,"es wake even, eve"
23044-1,23044,9,35,1,34.00,30906.00,0.07,0.00,N,O,1996-12-21,1997-01-10,1996-12-22,DELIVER IN PERSON,REG AIR, sleep carefully unusual realms. furiously 
23044-2,23044,632,95,2,14.00,21456.82,0.09,0.07,N,O,1997-01-23,1996-12-03,1997-01-30,NONE,FOB,lyly special depo
23044-3,23044,72,98,3,37.00,35966.59,0.02,0.07,N,O,1997-02-17,1997-01-14,1997-03-01,TAKE BACK RETURN,FOB,fluffily ironic deposits b
23044-4,23044,93,69,4,38.00,37737.42,0.00,0.01,N,O,1996-11-12,1997-01-05,1996-11-20,COLLECT COD,FOB,itaphs. silent dependencies wak
23044-5,23044,1968,1,5,44.00,82278.24,0.00,0.00,N,O,1996-10-25,1997-01-15,1996-11-14,DELIVER IN PERSON,TRUCK, ironic courts. furio
23044-6,23044,36,62,6,2.00,1872.06,0.10,0.04,N,O,1996-12-10,1997-01-16,1996-12-20,TAKE BACK RETURN,AIR,ns. regular packages sleep careful
23044-7,23044,901,2,7,22.00,39641.80,0.06,0.05,N,O,1997-02-07,1997-01-08,1997-02-28,DELIVER IN PERSON,RAIL,regular packages must nag silently: carefu
23045-1,23045,1066,72,1,1.00,967.06,0.02,0.08,N,O,1996-04-07,1996-05-16,1996-05-05,DELIVER IN PERSON,RAIL, slow foxes 
23045-2,23045,1407,47,2,25.00,32710.00,0.10,0.05,N,O,1996-06-24,1996-05-14,1996-07-23,TAKE BACK RETURN,REG AIR,ly express instructions according to 
23045-3,23045,1322,37,3,24.00,29359.68,0.00,0.00,N,O,1996-03-23,1996-04-12,1996-04-12,NONE,MAIL,affix furiously regular 
23046-1,23046,261,43,1,21.00,24386.46,0.04,0.07,R,F,1994-01-23,1993-12-20,1994-02-07,NONE,AIR,es wake slyly. ironi
23046-2,23046,1212,50,2,42.00,46754.82,0.09,0.03,A,F,1994-02-01,1993-12-23,1994-02-04,DELIVER IN PERSON,FOB,its nag about the packages. carefully 
23046-3,23046,1389,28,3,43.00,55486.34,0.03,0.04,A,F,1993-10-19,1993-11-23,1993-10-20,NONE,SHIP, daring requests. carefully r
23046-4,23046,682,83,4,34.00,53811.12,0.05,0.03,A,F,1994-01-10,1993-11-09,1994-01-16,DELIVER IN PERSON,SHIP,eep furiously furiously regular dep
23046-5,23046,1476,77,5,50.00,68873.50,0.06,0.03,A,F,1993-10-12,1993-11-27,1993-10-21,DELIVER IN PERSON,FOB,telets haggle fluffily quickly
23046-6,23046,1293,94,6,10.00,11942.90,0.06,0.05,A,F,1993-11-11,1993-12-24,1993-11-14,COLLECT COD,SHIP,s accounts dazzle accor
23046-7,23046,1677,19,7,8.00,12629.36,0.08,0.03,A,F,1993-12-07,1993-11-22,1993-12-13,NONE,AIR,al escapades. packages among the fluffil
23047-1,23047,320,5,1,32.00,39050.24,0.02,0.02,N,O,1996-07-12,1996-08-11,1996-07-18,NONE,RAIL,odolites. blithely unusual packages sleep 
23047-2,23047,1768,95,2,47.00,78478.72,0.10,0.05,N,O,1996-07-21,1996-06-15,1996-08-11,DELIVER IN PERSON,FOB,excuses. furi
23047-3,23047,138,39,3,9.00,9343.17,0.00,0.07,N,O,1996-06-17,1996-08-04,1996-06-19,COLLECT COD,MAIL,"ly. ironic, fluff"
23047-4,23047,1974,7,4,21.00,39395.37,0.08,0.03,N,O,1996-08-29,1996-08-07,1996-09-06,COLLECT COD,RAIL, express packages haggle quickly slyly sil
23047-5,23047,1624,25,5,17.00,25935.54,0.05,0.02,N,O,1996-08-19,1996-07-06,1996-08-23,TAKE BACK RETURN,FOB,s. blithely bold r
23072-1,23072,1874,75,1,50.00,88793.50,0.00,0.01,N,O,1996-11-06,1996-10-27,1996-11-12,NONE,SHIP,ntegrate fluffily. fluff
23073-1,23073,454,55,1,37.00,50114.65,0.04,0.06,A,F,1993-06-11,1993-05-22,1993-07-10,NONE,TRUCK, unusual excuses
23073-2,23073,939,42,2,29.00,53357.97,0.06,0.06,A,F,1993-06-11,1993-05-18,1993-06-20,DELIVER IN PERSON,FOB,slyly final packages. specia
23073-3,23073,746,43,3,9.00,14820.66,0.00,0.03,A,F,1993-04-28,1993-06-12,1993-05-05,TAKE BACK RETURN,FOB,bout the furiousl
23073-4,23073,1250,88,4,31.00,35688.75,0.01,0.08,R,F,1993-05-17,1993-05-27,1993-05-18,TAKE BACK RETURN,SHIP,"ans. ironic, final deposits except the ca"
23073-5,23073,812,12,5,29.00,49671.49,0.04,0.00,R,F,1993-05-11,1993-05-04,1993-05-22,DELIVER IN PERSON,SHIP,regular ide
23073-6,23073,1781,24,6,47.00,79090.66,0.00,0.06,A,F,1993-05-18,1993-06-14,1993-05-28,NONE,AIR,nts; furiously regular package
23073-7,23073,500,59,7,30.00,42015.00,0.07,0.03,R,F,1993-04-26,1993-05-14,1993-05-19,NONE,TRUCK, instructions affix 
23074-1,23074,644,38,1,46.00,71053.44,0.10,0.05,N,O,1998-08-31,1998-07-17,1998-09-12,TAKE BACK RETURN,RAIL,fully special deposits. courts may sleep 
23074-2,23074,56,32,2,33.00,31549.65,0.01,0.00,N,O,1998-06-26,1998-08-09,1998-07-11,TAKE BACK RETURN,SHIP,y final theodolites ha
23075-1,23075,1401,19,1,29.00,37769.60,0.06,0.07,A,F,1994-07-06,1994-06-07,1994-07-12,TAKE BACK RETURN,REG AIR,ly final dependencies
23076-1,23076,1985,18,1,19.00,35852.62,0.08,0.05,R,F,1994-07-17,1994-07-18,1994-07-22,TAKE BACK RETURN,RAIL, integrate slyly. darin
23076-2,23076,1241,16,2,45.00,51400.80,0.02,0.03,R,F,1994-09-14,1994-07-13,1994-10-08,COLLECT COD,SHIP,ttainments are sly
23076-3,23076,1924,25,3,18.00,32866.56,0.01,0.08,R,F,1994-07-10,1994-08-06,1994-07-11,COLLECT COD,MAIL,ges. regular requests impress furiously. 
23076-4,23076,1118,19,4,28.00,28535.08,0.05,0.06,A,F,1994-07-19,1994-07-30,1994-07-22,COLLECT COD,FOB,ular packages sleep slyly requests. neve
23076-5,23076,1807,37,5,24.00,41011.20,0.06,0.04,R,F,1994-05-31,1994-07-10,1994-06-01,DELIVER IN PERSON,TRUCK,"nto beans. ironic, fi"
23076-6,23076,677,9,6,21.00,33131.07,0.06,0.04,R,F,1994-07-12,1994-08-03,1994-07-18,COLLECT COD,RAIL,venly bold packages. slyly bold asymp
23077-1,23077,1313,52,1,36.00,43715.16,0.04,0.08,N,O,1998-05-20,1998-05-24,1998-05-25,DELIVER IN PERSON,REG AIR, packages sleep above the final 
23077-2,23077,136,63,2,36.00,37300.68,0.03,0.04,N,O,1998-06-26,1998-05-25,1998-07-20,DELIVER IN PERSON,REG AIR,he regular depos
23077-3,23077,1103,12,3,24.00,24098.40,0.09,0.05,N,O,1998-03-29,1998-04-04,1998-04-25,DELIVER IN PERSON,SHIP,ng to the fluffil
23077-4,23077,1098,69,4,26.00,25976.34,0.04,0.06,N,O,1998-05-21,1998-04-22,1998-06-04,NONE,AIR,final requests haggle quickl
23078-1,23078,832,66,1,2.00,3465.66,0.00,0.08,N,O,1995-11-13,1995-10-29,1995-12-02,DELIVER IN PERSON,REG AIR, regular packages. blithely regular pack
23078-2,23078,785,82,2,10.00,16857.80,0.10,0.07,N,O,1995-12-24,1995-10-18,1996-01-06,NONE,AIR,ounts nod quickly iron
23078-3,23078,593,94,3,43.00,64224.37,0.01,0.08,N,O,1995-11-11,1995-10-28,1995-11-15,NONE,REG AIR,ithely against the sometimes silen
23078-4,23078,1949,82,4,1.00,1850.94,0.00,0.01,N,O,1995-12-12,1995-11-09,1995-12-26,DELIVER IN PERSON,MAIL,totes sleep slyly flu
23078-5,23078,1478,79,5,14.00,19312.58,0.10,0.08,N,O,1995-12-03,1995-12-07,1995-12-06,COLLECT COD,FOB,luffily at the
23078-6,23078,1712,13,6,13.00,20978.23,0.01,0.01,N,O,1995-09-19,1995-10-23,1995-09-22,TAKE BACK RETURN,SHIP, blithely fin
23078-7,23078,1256,57,7,23.00,26616.75,0.07,0.03,N,O,1995-11-05,1995-11-15,1995-11-25,COLLECT COD,AIR,ess deposits. unusual ideas are sl
23079-1,23079,1099,70,1,44.00,44003.96,0.00,0.08,N,O,1997-04-13,1997-04-30,1997-04-29,TAKE BACK RETURN,TRUCK, dependencies affix ca
23079-2,23079,1179,52,2,23.00,24843.91,0.10,0.05,N,O,1997-03-28,1997-05-10,1997-04-19,NONE,FOB, instructions sleep slyly. bold 
23079-3,23079,1121,58,3,40.00,40884.80,0.07,0.03,N,O,1997-05-28,1997-04-06,1997-06-08,COLLECT COD,FOB,eans are carefully about the
23079-4,23079,69,45,4,15.00,14535.90,0.02,0.02,N,O,1997-04-03,1997-03-26,1997-04-06,TAKE BACK RETURN,TRUCK,ly ironic ins
23104-1,23104,1934,67,1,28.00,51406.04,0.03,0.04,N,O,1995-07-31,1995-05-29,1995-08-06,COLLECT COD,REG AIR, packages use beneath the fluffily final
23104-2,23104,293,48,2,25.00,29832.25,0.00,0.07,R,F,1995-05-01,1995-06-09,1995-05-15,DELIVER IN PERSON,RAIL,posits cajole quickl
23104-3,23104,1520,61,3,36.00,51174.72,0.06,0.03,R,F,1995-05-11,1995-05-16,1995-06-05,TAKE BACK RETURN,MAIL,riously. regular p
23105-1,23105,1910,55,1,3.00,5435.73,0.06,0.06,A,F,1994-10-25,1995-01-08,1994-11-02,TAKE BACK RETURN,TRUCK,lly final asymptotes after 
23105-2,23105,956,91,2,32.00,59422.40,0.04,0.01,R,F,1995-01-06,1995-01-11,1995-02-02,TAKE BACK RETURN,TRUCK, carefully bold pinto 
23105-3,23105,1094,100,3,18.00,17911.62,0.00,0.08,R,F,1994-10-18,1995-01-11,1994-10-19,COLLECT COD,RAIL,en courts boost at t
23105-4,23105,635,29,4,13.00,19963.19,0.00,0.08,A,F,1994-12-13,1994-12-01,1994-12-18,DELIVER IN PERSON,SHIP,boost-- furiously special pa
23106-1,23106,367,24,1,8.00,10138.88,0.04,0.04,A,F,1993-11-28,1994-01-10,1993-12-15,COLLECT COD,REG AIR,ly silent accounts. carefully furious asy
23106-2,23106,1525,66,2,50.00,71326.00,0.01,0.07,A,F,1994-01-16,1993-12-01,1994-01-30,DELIVER IN PERSON,REG AIR,nic pinto beans. platelets sol
23106-3,23106,1636,78,3,20.00,30752.60,0.01,0.06,A,F,1993-11-03,1994-01-09,1993-11-15,NONE,TRUCK, deposits. furiously ironic packages about
23106-4,23106,157,84,4,19.00,20085.85,0.07,0.08,A,F,1994-01-30,1993-11-28,1994-02-01,NONE,REG AIR,ests promise about the en
23106-5,23106,409,39,5,19.00,24878.60,0.01,0.01,A,F,1993-12-18,1993-12-19,1994-01-11,TAKE BACK RETURN,FOB,requests. even accounts boost furio
23106-6,23106,1408,48,6,15.00,19641.00,0.09,0.02,R,F,1994-01-25,1993-12-14,1994-02-06,COLLECT COD,AIR,"the pending, even deposi"
23107-1,23107,783,84,1,37.00,62299.86,0.06,0.07,N,O,1995-06-30,1995-08-19,1995-07-28,COLLECT COD,AIR,"l, even foxes. accounts wak"
23108-1,23108,1438,39,1,12.00,16073.16,0.09,0.08,N,O,1998-04-16,1998-06-25,1998-05-09,TAKE BACK RETURN,RAIL,"ly silent gifts in place of the ironic, e"
23108-2,23108,1453,71,2,20.00,27089.00,0.07,0.07,N,O,1998-07-20,1998-06-15,1998-08-06,TAKE BACK RETURN,REG AIR,ts boost qui
23108-3,23108,553,84,3,11.00,15989.05,0.04,0.04,N,O,1998-06-05,1998-06-29,1998-06-21,COLLECT COD,TRUCK," bold, regular patterns. bold, "
23108-4,23108,646,40,4,20.00,30932.80,0.03,0.04,N,O,1998-04-22,1998-05-16,1998-05-11,NONE,TRUCK, according to the slyly bold de
23108-5,23108,949,52,5,34.00,62897.96,0.07,0.00,N,O,1998-04-16,1998-06-26,1998-05-07,COLLECT COD,RAIL,"e final, bold hockey pl"
23108-6,23108,656,19,6,2.00,3113.30,0.00,0.07,N,O,1998-05-10,1998-05-24,1998-06-04,DELIVER IN PERSON,MAIL,tegrate about 
23109-1,23109,606,7,1,27.00,40678.20,0.03,0.05,N,O,1997-08-12,1997-07-29,1997-08-14,NONE,SHIP,riously. carefully final instructions wa
23109-2,23109,1791,76,2,26.00,44012.54,0.02,0.03,N,O,1997-05-16,1997-07-22,1997-05-26,NONE,REG AIR, haggle slyly over the s
23110-1,23110,920,89,1,19.00,34597.48,0.04,0.06,N,O,1997-01-25,1996-12-20,1997-01-30,TAKE BACK RETURN,SHIP, even dependencies. regular idea
23110-2,23110,1984,73,2,50.00,94299.00,0.07,0.01,N,O,1996-12-09,1996-12-10,1996-12-18,TAKE BACK RETURN,RAIL,efully ironic deposits about
23110-3,23110,242,97,3,18.00,20560.32,0.01,0.01,N,O,1996-12-15,1996-12-16,1996-12-18,NONE,TRUCK,ilent requests; account
23111-1,23111,614,77,1,28.00,42409.08,0.00,0.07,A,F,1992-08-13,1992-07-04,1992-08-31,COLLECT COD,MAIL,even pinto beans wake carefu
23111-2,23111,1527,8,2,15.00,21427.80,0.07,0.00,R,F,1992-07-05,1992-07-07,1992-07-31,DELIVER IN PERSON,REG AIR, among the carefully final ideas. car
23111-3,23111,783,48,3,5.00,8418.90,0.10,0.01,A,F,1992-07-29,1992-05-28,1992-08-15,TAKE BACK RETURN,FOB,"lly even, ironic accounts. always even "
23111-4,23111,1482,100,4,25.00,34587.00,0.02,0.03,R,F,1992-06-21,1992-07-24,1992-07-03,COLLECT COD,TRUCK,latelets. furiously ironic
23111-5,23111,1111,84,5,25.00,25302.75,0.00,0.02,R,F,1992-07-12,1992-06-22,1992-07-17,TAKE BACK RETURN,MAIL,ly ironic 
23111-6,23111,649,43,6,26.00,40290.64,0.04,0.00,R,F,1992-07-14,1992-07-25,1992-07-29,DELIVER IN PERSON,FOB,kly. furiously
23111-7,23111,1200,9,7,25.00,27530.00,0.10,0.03,R,F,1992-05-09,1992-06-14,1992-06-06,NONE,FOB, quickly. slyly regular requests cajole qu
23136-1,23136,606,38,1,25.00,37665.00,0.04,0.07,A,F,1994-12-20,1994-12-15,1994-12-21,COLLECT COD,REG AIR,fully ironic requests hagg
23136-2,23136,125,52,2,11.00,11276.32,0.05,0.02,R,F,1994-12-11,1994-11-07,1994-12-12,DELIVER IN PERSON,AIR,ticing deposit
23136-3,23136,1444,23,3,38.00,51126.72,0.09,0.06,A,F,1994-11-29,1994-10-29,1994-12-23,TAKE BACK RETURN,MAIL,uickly ironic dolphins wake furiously 
23136-4,23136,1766,51,4,2.00,3335.52,0.02,0.05,A,F,1994-11-14,1994-12-17,1994-12-08,TAKE BACK RETURN,MAIL, ironic deposits. care
23136-5,23136,1667,9,5,10.00,15686.60,0.05,0.05,A,F,1994-12-11,1994-11-13,1994-12-27,COLLECT COD,RAIL,", final deposi"
23136-6,23136,413,14,6,6.00,7880.46,0.05,0.05,R,F,1994-11-07,1994-11-11,1994-11-08,DELIVER IN PERSON,REG AIR,. blithely express
23137-1,23137,314,43,1,29.00,35214.99,0.04,0.00,A,F,1993-02-07,1992-12-19,1993-02-23,TAKE BACK RETURN,AIR,ns; blithely express instructi
23137-2,23137,1141,78,2,9.00,9379.26,0.09,0.03,R,F,1993-02-24,1993-01-14,1993-03-10,DELIVER IN PERSON,MAIL, slyly. fluffily regular foxes wake slyly 
23138-1,23138,1806,93,1,29.00,49526.20,0.10,0.00,N,O,1997-09-17,1997-10-11,1997-10-14,TAKE BACK RETURN,FOB,pecial packages. final
23138-2,23138,735,36,2,40.00,65429.20,0.00,0.08,N,O,1997-09-20,1997-09-27,1997-10-14,NONE,REG AIR,ges. packages haggle. furiously iro
23138-3,23138,1091,62,3,45.00,44644.05,0.05,0.06,N,O,1997-08-17,1997-09-24,1997-08-18,TAKE BACK RETURN,AIR,he furiously pending accounts ha
23138-4,23138,1427,6,4,11.00,14612.62,0.04,0.06,N,O,1997-08-02,1997-09-21,1997-08-16,COLLECT COD,AIR, unusual deposits. fluffil
23139-1,23139,733,34,1,17.00,27773.41,0.08,0.04,N,O,1995-08-30,1995-07-30,1995-09-18,NONE,RAIL,"ven deposits nag slyly ironic, pending fox"
23139-2,23139,717,18,2,29.00,46913.59,0.02,0.05,N,O,1995-09-07,1995-07-20,1995-10-06,DELIVER IN PERSON,SHIP,ly express accounts haggle quickly un
23139-3,23139,1078,84,3,42.00,41120.94,0.05,0.02,R,F,1995-06-12,1995-07-09,1995-06-15,TAKE BACK RETURN,RAIL,cross the sp
23140-1,23140,1036,42,1,29.00,27173.87,0.03,0.06,A,F,1992-06-07,1992-05-02,1992-06-26,DELIVER IN PERSON,REG AIR, ideas. even ideas across th
23140-2,23140,1834,35,2,9.00,15622.47,0.04,0.00,R,F,1992-03-06,1992-03-30,1992-03-24,NONE,SHIP,. pending deposits wake packages.
23140-3,23140,1622,46,3,35.00,53326.70,0.05,0.00,R,F,1992-05-04,1992-04-08,1992-05-12,COLLECT COD,RAIL,leep carefully ir
23140-4,23140,568,59,4,47.00,69022.32,0.10,0.06,A,F,1992-04-27,1992-04-07,1992-05-18,TAKE BACK RETURN,MAIL,ng the furiously regular notornis.
23140-5,23140,1457,36,5,28.00,38036.60,0.03,0.08,R,F,1992-05-16,1992-04-07,1992-06-12,COLLECT COD,TRUCK,. blithely even deposits haggle thr
23140-6,23140,335,92,6,33.00,40765.89,0.02,0.07,R,F,1992-06-09,1992-03-15,1992-06-15,COLLECT COD,SHIP,"lar, final dolphins. carefully fina"
23140-7,23140,1242,43,7,34.00,38870.16,0.09,0.06,A,F,1992-02-24,1992-04-20,1992-03-08,COLLECT COD,AIR,kages was quickly ironic 
23141-1,23141,420,21,1,19.00,25087.98,0.10,0.02,N,O,1997-09-30,1997-11-04,1997-10-01,NONE,AIR,. carefully regular accounts integrate. ins
23141-2,23141,490,49,2,9.00,12514.41,0.01,0.03,N,O,1997-10-11,1997-11-05,1997-10-20,DELIVER IN PERSON,AIR,thely ironic foxes sleep bef
23141-3,23141,1778,63,3,35.00,58791.95,0.07,0.01,N,O,1997-10-17,1997-09-11,1997-11-09,TAKE BACK RETURN,SHIP,al depende
23141-4,23141,1462,80,4,1.00,1363.46,0.05,0.01,N,O,1997-10-22,1997-10-20,1997-11-08,NONE,SHIP,ss pinto beans p
23141-5,23141,1158,67,5,1.00,1059.15,0.03,0.02,N,O,1997-08-25,1997-09-27,1997-09-22,NONE,MAIL,leep carefully among the slyly final packa
23142-1,23142,154,33,1,45.00,47436.75,0.01,0.04,N,O,1996-07-26,1996-08-02,1996-07-29,TAKE BACK RETURN,RAIL,al theodolites promise fluffily. carefully 
23142-2,23142,636,30,2,23.00,35342.49,0.07,0.02,N,O,1996-06-03,1996-07-06,1996-06-06,NONE,FOB,ngside of the blithely s
23142-3,23142,771,4,3,13.00,21733.01,0.07,0.05,N,O,1996-09-25,1996-07-13,1996-10-20,COLLECT COD,SHIP,iously ironic packages haggle
23142-4,23142,1789,16,4,13.00,21980.14,0.10,0.03,N,O,1996-06-20,1996-07-26,1996-07-08,NONE,MAIL,ilent asymptotes use
23142-5,23142,1115,52,5,24.00,24386.64,0.06,0.00,N,O,1996-06-20,1996-07-10,1996-07-04,DELIVER IN PERSON,TRUCK, requests. furiously final accounts wake cl
23143-1,23143,1570,51,1,20.00,29431.40,0.04,0.01,N,O,1996-11-01,1996-11-23,1996-11-22,COLLECT COD,AIR,"ng the final, daring excuses. furiousl"
23168-1,23168,1282,20,1,36.00,42598.08,0.08,0.03,R,F,1993-12-01,1993-12-14,1993-12-26,TAKE BACK RETURN,TRUCK,ructions. furiously careful
23168-2,23168,186,65,2,49.00,53222.82,0.07,0.07,A,F,1994-01-08,1993-12-07,1994-02-05,TAKE BACK RETURN,MAIL,its use blithely. final deposits det
23168-3,23168,772,37,3,32.00,53528.64,0.00,0.01,R,F,1993-12-30,1993-11-14,1994-01-22,NONE,AIR,xcuses across the slyly regular requ
23168-4,23168,1372,87,4,50.00,63668.50,0.09,0.01,A,F,1993-10-02,1993-12-08,1993-10-05,COLLECT COD,AIR,ies cajole a
23168-5,23168,1438,56,5,46.00,61613.78,0.05,0.00,R,F,1993-09-27,1993-11-18,1993-10-21,NONE,AIR,"pinto beans. ironic, bold depos"
23168-6,23168,1544,25,6,10.00,14455.40,0.04,0.01,R,F,1993-10-09,1993-10-16,1993-10-30,DELIVER IN PERSON,RAIL,"gular, regular pinto "
23168-7,23168,499,87,7,34.00,47582.66,0.01,0.01,A,F,1993-11-19,1993-11-14,1993-12-06,NONE,TRUCK,cial foxes. 
23169-1,23169,332,17,1,26.00,32040.58,0.05,0.06,N,O,1995-10-05,1995-08-03,1995-10-11,COLLECT COD,REG AIR,sits nag fluffily above the bravely 
23169-2,23169,1772,57,2,42.00,70298.34,0.02,0.01,N,O,1995-08-22,1995-08-05,1995-08-30,DELIVER IN PERSON,REG AIR,carefully final pinto be
23169-3,23169,790,55,3,39.00,65940.81,0.04,0.03,N,O,1995-08-01,1995-09-06,1995-08-12,TAKE BACK RETURN,AIR, requests. furiously 
23169-4,23169,1774,1,4,18.00,30163.86,0.09,0.06,N,O,1995-06-28,1995-08-01,1995-07-15,TAKE BACK RETURN,SHIP, slow theodolites haggle ru
23169-5,23169,1501,42,5,26.00,36465.00,0.01,0.04,N,O,1995-06-25,1995-08-09,1995-07-09,TAKE BACK RETURN,TRUCK, foxes detect blithely. spe
23170-1,23170,443,73,1,43.00,57767.92,0.02,0.04,A,F,1994-07-24,1994-08-05,1994-08-12,COLLECT COD,REG AIR,blithely ironic dependenci
23170-2,23170,680,12,2,48.00,75872.64,0.04,0.05,A,F,1994-06-03,1994-07-31,1994-06-20,DELIVER IN PERSON,MAIL,. blithely final foxes nag furiously 
23170-3,23170,1300,12,3,32.00,38441.60,0.02,0.08,A,F,1994-07-19,1994-07-25,1994-08-01,NONE,RAIL,ic asymptotes. accounts
23170-4,23170,463,22,4,34.00,46357.64,0.09,0.04,R,F,1994-09-17,1994-07-10,1994-09-18,NONE,MAIL,encies. blithely final ideas against 
23170-5,23170,1882,83,5,6.00,10703.28,0.08,0.05,R,F,1994-07-23,1994-08-08,1994-08-12,NONE,SHIP,hang slyly final 
23170-6,23170,931,34,6,3.00,5495.79,0.10,0.05,A,F,1994-09-18,1994-07-16,1994-10-11,COLLECT COD,SHIP,ld packages wake blithely. close
23170-7,23170,982,17,7,12.00,22595.76,0.01,0.04,A,F,1994-09-09,1994-08-04,1994-10-09,NONE,MAIL,ar requests integrate blit
23171-1,23171,897,64,1,22.00,39553.58,0.09,0.02,N,O,1996-09-18,1996-07-26,1996-10-05,TAKE BACK RETURN,REG AIR,ions wake carefully along the i
23171-2,23171,1270,71,2,14.00,16397.78,0.00,0.08,N,O,1996-07-28,1996-08-25,1996-08-11,NONE,RAIL,s x-ray fluffily across the
23171-3,23171,586,17,3,19.00,28245.02,0.08,0.08,N,O,1996-09-28,1996-07-29,1996-10-05,COLLECT COD,FOB,among the pinto beans. deposits sleep qui
23171-4,23171,2000,1,4,47.00,42394.00,0.03,0.06,N,O,1996-10-22,1996-09-22,1996-10-31,COLLECT COD,MAIL,blithely final foxes above the furiou
23172-1,23172,719,20,1,11.00,17816.81,0.06,0.03,R,F,1992-05-29,1992-07-20,1992-06-04,DELIVER IN PERSON,MAIL,es pending foxes s
23172-2,23172,1877,21,2,4.00,7115.48,0.04,0.04,A,F,1992-06-24,1992-07-12,1992-07-08,TAKE BACK RETURN,SHIP, furiously even 
23172-3,23172,1408,87,3,33.00,43210.20,0.09,0.00,A,F,1992-06-07,1992-05-25,1992-06-16,TAKE BACK RETURN,TRUCK,lyly even pains wak
23173-1,23173,869,3,1,45.00,79643.70,0.00,0.00,N,O,1998-07-22,1998-08-16,1998-08-13,NONE,REG AIR,ly at the fluffily
23173-2,23173,1433,51,2,47.00,62718.21,0.04,0.07,N,O,1998-08-10,1998-07-29,1998-09-08,NONE,AIR,regular instr
23173-3,23173,1121,30,3,38.00,38840.56,0.07,0.03,N,O,1998-10-03,1998-07-30,1998-10-06,DELIVER IN PERSON,RAIL,ey players. silent th
23173-4,23173,1852,96,4,43.00,75415.55,0.03,0.03,N,O,1998-08-05,1998-07-29,1998-08-31,TAKE BACK RETURN,SHIP,ross the instructions.
23173-5,23173,699,31,5,17.00,27194.73,0.08,0.05,N,O,1998-06-30,1998-09-11,1998-07-23,DELIVER IN PERSON,FOB,symptotes-- asymptote
23173-6,23173,964,65,6,1.00,1864.96,0.01,0.08,N,O,1998-06-26,1998-07-18,1998-07-15,DELIVER IN PERSON,REG AIR,tes detect after the e
23174-1,23174,156,9,1,36.00,38021.40,0.10,0.04,R,F,1992-11-20,1992-10-15,1992-11-25,NONE,FOB,ular pains boost slyly above the b
23174-2,23174,1038,39,2,36.00,33805.08,0.01,0.00,A,F,1992-08-18,1992-09-26,1992-08-27,TAKE BACK RETURN,FOB, furiously. bold requests are qu
23174-3,23174,1474,92,3,46.00,63271.62,0.02,0.02,A,F,1992-11-10,1992-09-28,1992-11-11,COLLECT COD,AIR,final pinto beans. unusual packages cajo
23174-4,23174,760,61,4,26.00,43179.76,0.07,0.07,R,F,1992-09-09,1992-09-01,1992-09-16,COLLECT COD,REG AIR,e. carefully ironic re
23174-5,23174,436,37,5,23.00,30737.89,0.07,0.05,A,F,1992-08-16,1992-10-14,1992-09-12,TAKE BACK RETURN,RAIL, slyly. bold ideas haggle furious
23174-6,23174,236,18,6,14.00,15907.22,0.05,0.08,A,F,1992-08-21,1992-10-24,1992-09-02,NONE,FOB,ckages boost into the ruthless accounts. fl
23175-1,23175,1951,52,1,13.00,24088.35,0.10,0.04,N,O,1996-04-24,1996-04-26,1996-05-10,TAKE BACK RETURN,TRUCK,"r requests sleep pending, regu"
23175-2,23175,388,73,2,9.00,11595.42,0.10,0.08,N,O,1996-05-17,1996-04-03,1996-05-24,NONE,AIR,t instructions 
23200-1,23200,516,47,1,19.00,26913.69,0.01,0.04,N,O,1996-12-27,1996-12-24,1997-01-18,NONE,MAIL,platelets boost slyly. slyly even platel
23200-2,23200,1526,27,2,23.00,32832.96,0.09,0.04,N,O,1997-02-12,1996-12-26,1997-03-08,TAKE BACK RETURN,REG AIR, notornis detect 
23200-3,23200,889,90,3,46.00,82334.48,0.04,0.07,N,O,1996-11-27,1997-01-15,1996-12-18,TAKE BACK RETURN,MAIL,hely. furiously express theodolites br
23200-4,23200,171,72,4,2.00,2142.34,0.05,0.06,N,O,1996-12-26,1996-12-11,1997-01-01,DELIVER IN PERSON,SHIP,g to the carefull
23200-5,23200,529,60,5,48.00,68616.96,0.06,0.07,N,O,1997-02-25,1996-12-09,1997-03-11,DELIVER IN PERSON,RAIL,nding deposi
23201-1,23201,830,64,1,47.00,81349.01,0.01,0.07,N,O,1997-03-24,1997-02-10,1997-04-21,COLLECT COD,RAIL,wake carefully regular excuses. finally 
23201-2,23201,369,70,2,44.00,55851.84,0.09,0.03,N,O,1997-02-17,1997-02-06,1997-02-24,TAKE BACK RETURN,TRUCK,s. carefully ironic inst
23202-1,23202,1953,86,1,36.00,66778.20,0.09,0.05,N,O,1995-10-28,1995-10-03,1995-11-04,COLLECT COD,REG AIR,ckly special foxes are silently slyly fina
23202-2,23202,465,66,2,48.00,65542.08,0.07,0.00,N,O,1995-08-04,1995-10-17,1995-08-15,DELIVER IN PERSON,FOB,ate carefully furiously express request
23202-3,23202,1054,55,3,27.00,25786.35,0.00,0.01,N,O,1995-08-12,1995-10-23,1995-08-29,NONE,FOB,snooze slowly at the expr
23202-4,23202,1707,50,4,35.00,56304.50,0.04,0.05,N,O,1995-11-21,1995-09-03,1995-12-15,COLLECT COD,AIR, sentiments wake alongside of the slyly e
23203-1,23203,1313,28,1,10.00,12143.10,0.06,0.03,N,O,1998-01-31,1997-12-18,1998-02-05,TAKE BACK RETURN,AIR,"n packages mold furiously silent, s"
23203-2,23203,568,29,2,30.00,44056.80,0.05,0.05,N,O,1997-11-07,1997-12-18,1997-11-11,COLLECT COD,SHIP,above the requests haggle boldly furio
23203-3,23203,1602,44,3,28.00,42100.80,0.05,0.05,N,O,1997-11-30,1997-11-30,1997-12-15,COLLECT COD,SHIP,g to the request
23203-4,23203,412,71,4,20.00,26248.20,0.03,0.03,N,O,1997-11-08,1997-12-03,1997-12-07,TAKE BACK RETURN,REG AIR, boost blithely. carefully sil
23203-5,23203,479,80,5,47.00,64835.09,0.06,0.02,N,O,1998-01-01,1997-11-18,1998-01-09,NONE,MAIL,requests grow unusual 
23204-1,23204,1543,24,1,29.00,41891.66,0.03,0.08,N,O,1997-05-01,1997-04-27,1997-05-12,TAKE BACK RETURN,SHIP,er the slyly quick frets. 
23204-2,23204,304,5,2,19.00,22881.70,0.07,0.05,N,O,1997-06-23,1997-05-07,1997-07-17,NONE,AIR,y silent packages: slyly pendin
23204-3,23204,1326,41,3,4.00,4909.28,0.09,0.06,N,O,1997-04-13,1997-04-21,1997-05-05,COLLECT COD,MAIL,ly express packages use quickly after the r
23205-1,23205,1403,82,1,48.00,62611.20,0.05,0.01,R,F,1994-07-30,1994-06-28,1994-08-05,DELIVER IN PERSON,RAIL,ideas. regul
23205-2,23205,692,55,2,36.00,57336.84,0.01,0.04,A,F,1994-06-14,1994-08-19,1994-06-27,DELIVER IN PERSON,REG AIR,eas sleep after the stealthil
23205-3,23205,1288,100,3,48.00,57085.44,0.09,0.03,A,F,1994-09-21,1994-08-02,1994-10-14,COLLECT COD,SHIP,en warhorses cajole
23205-4,23205,622,16,4,40.00,60904.80,0.00,0.02,A,F,1994-07-10,1994-07-07,1994-07-12,DELIVER IN PERSON,SHIP,ptotes. pen
23205-5,23205,1401,41,5,4.00,5209.60,0.05,0.05,R,F,1994-06-19,1994-06-25,1994-06-21,TAKE BACK RETURN,REG AIR,into beans cajole acco
23205-6,23205,726,91,6,5.00,8133.60,0.03,0.02,R,F,1994-06-14,1994-08-16,1994-07-11,NONE,AIR,"silent, ironic theodolites around the f"
23206-1,23206,953,22,1,34.00,63034.30,0.04,0.04,N,O,1997-02-07,1997-02-05,1997-03-01,NONE,MAIL,nly final requests. slyl
23207-1,23207,951,20,1,27.00,50002.65,0.09,0.04,R,F,1994-01-13,1993-12-14,1994-02-09,TAKE BACK RETURN,TRUCK, along the Tiresias w
23207-2,23207,1649,50,2,27.00,41867.28,0.10,0.00,R,F,1993-11-17,1993-12-25,1993-11-21,NONE,FOB, pending escapades. pending asymp
23207-3,23207,1362,63,3,10.00,12633.60,0.10,0.04,R,F,1994-02-04,1993-11-24,1994-02-12,NONE,AIR,ross the fluffily regular pinto
23207-4,23207,884,51,4,12.00,21418.56,0.06,0.06,R,F,1994-02-15,1993-12-29,1994-03-09,TAKE BACK RETURN,TRUCK,rmanent accounts. 
23207-5,23207,825,26,5,23.00,39693.86,0.08,0.00,A,F,1993-12-08,1994-01-08,1993-12-18,NONE,FOB,ckages. even asymp
23207-6,23207,167,94,6,28.00,29880.48,0.00,0.05,R,F,1994-01-02,1993-12-17,1994-01-12,NONE,RAIL,hely special pack
23232-1,23232,1440,80,1,24.00,32194.56,0.05,0.02,R,F,1993-06-27,1993-06-05,1993-07-21,NONE,REG AIR,pades. carefully even pearls nag. f
23232-2,23232,1953,42,2,24.00,44518.80,0.04,0.06,R,F,1993-05-13,1993-06-20,1993-05-29,NONE,FOB,ndle furiously blith
23232-3,23232,1345,46,3,36.00,44868.24,0.00,0.04,R,F,1993-07-20,1993-05-20,1993-07-29,COLLECT COD,TRUCK,ffy instructions. 
23232-4,23232,437,25,4,13.00,17386.59,0.07,0.03,A,F,1993-07-05,1993-07-01,1993-08-01,TAKE BACK RETURN,RAIL, the dependencies. silent
23232-5,23232,17,18,5,49.00,44933.49,0.09,0.04,R,F,1993-07-16,1993-06-14,1993-08-07,COLLECT COD,FOB,ealthy requests unwind furi
23232-6,23232,1775,2,6,26.00,43596.02,0.05,0.00,R,F,1993-07-26,1993-06-16,1993-08-09,COLLECT COD,RAIL,l theodolites are fluff
23232-7,23232,518,19,7,33.00,46810.83,0.02,0.06,A,F,1993-04-23,1993-07-07,1993-05-15,COLLECT COD,RAIL, beans sleep carefully along the pen
23233-1,23233,1235,47,1,6.00,6817.38,0.00,0.06,R,F,1994-06-04,1994-05-02,1994-06-19,DELIVER IN PERSON,MAIL,s doze carefully. 
23233-2,23233,1968,13,2,24.00,44879.04,0.10,0.07,R,F,1994-03-22,1994-04-27,1994-04-13,DELIVER IN PERSON,SHIP,are carefully slyly final foxes. pin
23234-1,23234,599,30,1,20.00,29991.80,0.10,0.04,R,F,1993-11-26,1993-10-18,1993-12-02,TAKE BACK RETURN,RAIL,ic packages sleep fluffily accor
23235-1,23235,299,27,1,25.00,29982.25,0.03,0.06,N,O,1995-10-03,1995-10-04,1995-10-14,DELIVER IN PERSON,SHIP,ld requests nag furiously f
23235-2,23235,842,42,2,28.00,48799.52,0.07,0.03,N,O,1995-09-20,1995-08-09,1995-10-06,COLLECT COD,TRUCK,riously express do
23235-3,23235,109,36,3,5.00,5045.50,0.03,0.08,N,O,1995-08-22,1995-08-11,1995-08-25,DELIVER IN PERSON,AIR, pinto beans. blithely unusual
23235-4,23235,1574,15,4,26.00,38364.82,0.00,0.06,N,O,1995-10-29,1995-09-10,1995-10-30,COLLECT COD,MAIL,lyly; slyly ironic pinto beans about the c
23235-5,23235,817,51,5,27.00,46380.87,0.05,0.03,N,O,1995-08-14,1995-08-21,1995-09-04,TAKE BACK RETURN,AIR,finally bold theodolite
23235-6,23235,1123,32,6,5.00,5120.60,0.01,0.06,N,O,1995-10-06,1995-10-02,1995-10-24,COLLECT COD,RAIL, regular packages. iron
23235-7,23235,362,91,7,43.00,54281.48,0.05,0.03,N,O,1995-07-27,1995-08-11,1995-08-18,COLLECT COD,SHIP,", ironic court"
23236-1,23236,1228,3,1,36.00,40651.92,0.02,0.01,N,O,1998-05-06,1998-06-10,1998-06-04,DELIVER IN PERSON,TRUCK, final foxes integrate sl
23237-1,23237,98,99,1,50.00,49904.50,0.08,0.08,N,O,1996-04-27,1996-02-22,1996-05-11,NONE,MAIL,tegrate bl
23237-2,23237,198,77,2,30.00,32945.70,0.07,0.03,N,O,1996-02-10,1996-02-12,1996-03-04,DELIVER IN PERSON,FOB,"express asymptotes. regular, enticing co"
23237-3,23237,1585,86,3,22.00,32704.76,0.10,0.01,N,O,1996-04-18,1996-02-19,1996-05-16,NONE,FOB,ironically around the blithely thin
23237-4,23237,1744,45,4,48.00,78995.52,0.04,0.07,N,O,1996-03-12,1996-02-24,1996-04-06,COLLECT COD,SHIP,ly ironic ideas. unusual forges
23237-5,23237,1430,31,5,27.00,35948.61,0.09,0.02,N,O,1996-01-28,1996-02-26,1996-02-19,COLLECT COD,FOB,-- furiously express deposits wake
23237-6,23237,1300,12,6,3.00,3603.90,0.08,0.05,N,O,1996-02-24,1996-04-06,1996-03-08,COLLECT COD,AIR,platelets use quickly b
23237-7,23237,1570,71,7,21.00,30902.97,0.04,0.00,N,O,1996-03-01,1996-03-18,1996-03-23,COLLECT COD,SHIP,rses cajole fluffily. b
23238-1,23238,894,94,1,39.00,70000.71,0.06,0.06,R,F,1993-06-19,1993-06-10,1993-07-03,NONE,RAIL,xpress packages about the fi
23238-2,23238,1341,18,2,34.00,42239.56,0.01,0.05,A,F,1993-07-23,1993-05-07,1993-08-17,COLLECT COD,MAIL,encies. fu
23238-3,23238,1168,41,3,30.00,32074.80,0.03,0.06,R,F,1993-04-24,1993-06-09,1993-05-23,COLLECT COD,MAIL,ckly regular
23238-4,23238,24,75,4,10.00,9240.20,0.10,0.05,R,F,1993-04-16,1993-06-07,1993-04-30,NONE,RAIL,pinto beans wake. fluffily express reques
23238-5,23238,1151,60,5,30.00,31564.50,0.07,0.03,R,F,1993-07-27,1993-05-15,1993-08-20,COLLECT COD,MAIL,e blithely even ideas use fluffily speci
23238-6,23238,607,8,6,26.00,39197.60,0.03,0.00,R,F,1993-05-29,1993-05-30,1993-06-25,DELIVER IN PERSON,AIR,ions accor
23238-7,23238,820,54,7,35.00,60228.70,0.07,0.04,R,F,1993-07-14,1993-05-07,1993-07-29,TAKE BACK RETURN,MAIL,"ular dolphins cajole along the unusual, fi"
23239-1,23239,1965,10,1,22.00,41073.12,0.06,0.04,N,O,1997-05-30,1997-06-06,1997-06-24,TAKE BACK RETURN,RAIL, carefully regula
23239-2,23239,686,18,2,49.00,77747.32,0.08,0.08,N,O,1997-03-24,1997-05-21,1997-04-06,COLLECT COD,AIR,sly among the quie
23239-3,23239,453,12,3,5.00,6767.25,0.02,0.00,N,O,1997-06-03,1997-04-19,1997-06-24,NONE,MAIL,ccounts. sil
23239-4,23239,1234,9,4,41.00,46544.43,0.00,0.00,N,O,1997-05-29,1997-04-14,1997-06-03,NONE,RAIL,en deposits use blithely regular pac
23239-5,23239,1407,25,5,26.00,34018.40,0.03,0.07,N,O,1997-05-24,1997-04-17,1997-06-03,TAKE BACK RETURN,TRUCK,lar theodolites run along the 
23239-6,23239,591,52,6,12.00,17899.08,0.03,0.05,N,O,1997-06-05,1997-05-28,1997-06-08,COLLECT COD,TRUCK,xes after the fluffily regular ex
23264-1,23264,1920,53,1,16.00,29150.72,0.10,0.04,R,F,1994-03-28,1994-01-15,1994-04-08,COLLECT COD,SHIP,es serve carefully carefull
23264-2,23264,1929,18,2,49.00,89715.08,0.07,0.04,A,F,1993-12-12,1994-02-05,1994-01-03,COLLECT COD,REG AIR, wake along the care
23264-3,23264,790,23,3,49.00,82848.71,0.03,0.04,A,F,1994-03-03,1994-01-12,1994-03-12,DELIVER IN PERSON,AIR,ng ideas haggle fluffily ac
23265-1,23265,108,9,1,43.00,43348.30,0.01,0.07,N,O,1996-04-25,1996-06-05,1996-05-18,TAKE BACK RETURN,RAIL,ch furiously around the s
23265-2,23265,438,68,2,44.00,58890.92,0.04,0.08,N,O,1996-06-21,1996-05-07,1996-06-29,TAKE BACK RETURN,RAIL,eposits boost excuses. carefully regul
23265-3,23265,1442,60,3,12.00,16121.28,0.05,0.06,N,O,1996-04-12,1996-05-19,1996-04-24,TAKE BACK RETURN,AIR, the regular depos
23265-4,23265,1474,92,4,24.00,33011.28,0.03,0.08,N,O,1996-05-10,1996-05-23,1996-05-25,NONE,SHIP," deposits wake always. pending, ironic "
23265-5,23265,1476,55,5,27.00,37191.69,0.04,0.08,N,O,1996-05-10,1996-06-11,1996-06-01,COLLECT COD,REG AIR,re furiously regular theodo
23266-1,23266,1784,27,1,27.00,45516.06,0.00,0.06,A,F,1995-05-21,1995-04-03,1995-05-30,TAKE BACK RETURN,REG AIR,ymptotes. f
23266-2,23266,988,57,2,9.00,17000.82,0.08,0.01,A,F,1995-03-16,1995-05-04,1995-04-06,COLLECT COD,REG AIR,ly unusual accounts. carefully 
23267-1,23267,1215,27,1,50.00,55810.50,0.10,0.06,N,O,1996-09-04,1996-09-25,1996-09-29,COLLECT COD,TRUCK,jole against the ca
23267-2,23267,1442,21,2,19.00,25525.36,0.06,0.01,N,O,1996-07-04,1996-09-20,1996-07-16,COLLECT COD,RAIL,orbits cajole blithely atop the 
23267-3,23267,1097,68,3,38.00,37927.42,0.06,0.08,N,O,1996-07-11,1996-08-05,1996-08-04,NONE,RAIL, deposits boost idly. silent
23267-4,23267,1913,14,4,42.00,76226.22,0.04,0.02,N,O,1996-10-02,1996-09-24,1996-10-19,COLLECT COD,RAIL,rding to the furiously final
23267-5,23267,1401,80,5,28.00,36467.20,0.00,0.07,N,O,1996-10-10,1996-08-16,1996-11-07,DELIVER IN PERSON,MAIL,ep furiously quiet
23267-6,23267,1971,60,6,6.00,11237.82,0.08,0.07,N,O,1996-08-02,1996-08-01,1996-08-06,DELIVER IN PERSON,TRUCK, asymptotes grow th
23268-1,23268,1615,16,1,6.00,9099.66,0.01,0.02,A,F,1992-04-27,1992-02-18,1992-05-05,COLLECT COD,TRUCK,ependencies
23268-2,23268,1369,46,2,32.00,40651.52,0.08,0.02,R,F,1992-02-10,1992-02-26,1992-02-28,COLLECT COD,SHIP, carefully c
23268-3,23268,826,26,3,3.00,5180.46,0.04,0.07,A,F,1992-03-15,1992-03-07,1992-03-22,DELIVER IN PERSON,RAIL,. carefully ironic requests use 
23268-4,23268,782,47,4,32.00,53848.96,0.10,0.05,R,F,1992-02-08,1992-02-20,1992-02-11,DELIVER IN PERSON,AIR,eaves sleep at the fur
23268-5,23268,1747,90,5,9.00,14838.66,0.05,0.07,R,F,1992-03-04,1992-02-19,1992-03-17,DELIVER IN PERSON,SHIP,lites wake against
23269-1,23269,309,10,1,47.00,56837.10,0.03,0.01,N,O,1998-05-30,1998-04-08,1998-06-28,TAKE BACK RETURN,AIR,"s. ironic,"
23269-2,23269,1025,31,2,48.00,44448.96,0.04,0.02,N,O,1998-05-17,1998-04-18,1998-06-15,COLLECT COD,AIR,xes mold blithely about the i
23269-3,23269,614,8,3,46.00,69672.06,0.06,0.08,N,O,1998-05-25,1998-04-08,1998-06-04,COLLECT COD,RAIL, pinto beans a
23269-4,23269,1983,72,4,36.00,67859.28,0.05,0.06,N,O,1998-03-02,1998-05-03,1998-03-18,COLLECT COD,REG AIR, sleep across t
23269-5,23269,894,28,5,7.00,12564.23,0.01,0.00,N,O,1998-03-08,1998-05-03,1998-03-25,COLLECT COD,TRUCK,ithely about the sly
23270-1,23270,1045,81,1,15.00,14190.60,0.06,0.01,A,F,1995-04-08,1995-06-09,1995-05-04,TAKE BACK RETURN,MAIL,uests at the slyly 
23270-2,23270,515,76,2,36.00,50958.36,0.10,0.07,R,F,1995-04-29,1995-06-07,1995-05-09,NONE,AIR,ole furiously through the bl
23270-3,23270,1139,12,3,22.00,22882.86,0.02,0.04,A,F,1995-05-07,1995-05-12,1995-05-15,NONE,REG AIR,y daring accounts nag fluffi
23270-4,23270,777,78,4,34.00,57044.18,0.09,0.01,R,F,1995-06-03,1995-05-16,1995-06-07,COLLECT COD,REG AIR,the blithel
23270-5,23270,488,76,5,18.00,24992.64,0.09,0.05,A,F,1995-04-23,1995-05-14,1995-05-13,COLLECT COD,TRUCK,the brave requests. 
23270-6,23270,624,18,6,11.00,16770.82,0.06,0.07,R,F,1995-04-03,1995-04-19,1995-04-16,NONE,TRUCK,n deposits. bold
23270-7,23270,1477,56,7,43.00,59274.21,0.02,0.05,A,F,1995-04-22,1995-05-05,1995-05-20,TAKE BACK RETURN,MAIL,ly; furiously final depen
23271-1,23271,667,30,1,32.00,50165.12,0.08,0.08,A,F,1993-12-15,1994-01-22,1994-01-06,COLLECT COD,RAIL,ly regular packages eng
23271-2,23271,762,59,2,15.00,24941.40,0.07,0.02,A,F,1993-12-04,1994-01-11,1993-12-29,COLLECT COD,REG AIR,ven dependencies wake quickly. express
23271-3,23271,1676,18,3,25.00,39441.75,0.08,0.05,A,F,1994-02-04,1993-12-21,1994-02-26,DELIVER IN PERSON,SHIP, cajole. slyly even instructions kindle ev
23296-1,23296,1901,90,1,41.00,73918.90,0.06,0.02,N,O,1998-01-31,1997-12-05,1998-02-07,NONE,RAIL,le slyly silent accounts. fluffily regular
23296-2,23296,1617,41,2,41.00,62263.01,0.06,0.06,N,O,1997-12-08,1998-01-04,1998-01-04,TAKE BACK RETURN,REG AIR,posits sleep. furiously
23296-3,23296,1478,57,3,50.00,68973.50,0.06,0.05,N,O,1997-10-20,1997-12-18,1997-11-09,DELIVER IN PERSON,MAIL,ckages cajole always 
23296-4,23296,1106,7,4,19.00,19134.90,0.07,0.03,N,O,1998-01-21,1997-11-22,1998-01-30,TAKE BACK RETURN,RAIL,"unts boost. bold, special"
23296-5,23296,1566,67,5,9.00,13208.04,0.01,0.01,N,O,1998-01-03,1997-12-31,1998-01-24,DELIVER IN PERSON,MAIL,deposits: sometim
23296-6,23296,1711,12,6,5.00,8063.55,0.00,0.06,N,O,1998-01-11,1997-12-28,1998-02-07,DELIVER IN PERSON,RAIL,ages mold quickly. special packag
23296-7,23296,1839,83,7,9.00,15667.47,0.00,0.06,N,O,1998-01-17,1997-12-28,1998-01-24,COLLECT COD,MAIL,ns eat furiously after t
23297-1,23297,1577,58,1,13.00,19221.41,0.00,0.03,A,F,1992-10-05,1992-09-08,1992-11-02,TAKE BACK RETURN,RAIL,"regular requests haggle. even, regular t"
23297-2,23297,1306,45,2,28.00,33804.40,0.00,0.00,R,F,1992-08-04,1992-08-30,1992-08-16,NONE,FOB,ual accounts bo
23297-3,23297,241,23,3,16.00,18259.84,0.07,0.03,A,F,1992-10-22,1992-08-09,1992-11-09,TAKE BACK RETURN,SHIP,symptotes affix blithely across th
23297-4,23297,262,44,4,45.00,52301.70,0.06,0.01,R,F,1992-08-07,1992-08-05,1992-09-03,DELIVER IN PERSON,REG AIR,nts. excuses haggle against the furiously
23297-5,23297,384,13,5,46.00,59081.48,0.08,0.00,A,F,1992-08-04,1992-09-01,1992-08-30,TAKE BACK RETURN,SHIP, the special accounts wake carefu
23297-6,23297,1014,20,6,42.00,38430.42,0.06,0.05,R,F,1992-09-23,1992-09-15,1992-10-12,DELIVER IN PERSON,FOB," are furiously final, pending patt"
23297-7,23297,749,14,7,48.00,79187.52,0.04,0.01,R,F,1992-08-17,1992-08-22,1992-08-21,TAKE BACK RETURN,TRUCK,de of the pinto beans. quiet package
23298-1,23298,54,55,1,16.00,15264.80,0.07,0.06,A,F,1994-11-16,1994-12-13,1994-12-04,COLLECT COD,RAIL, excuses sleep slyly across the req
23298-2,23298,440,99,2,50.00,67022.00,0.05,0.02,R,F,1995-01-12,1995-01-30,1995-02-10,COLLECT COD,MAIL,tes nag blith
23298-3,23298,543,34,3,32.00,46193.28,0.08,0.05,A,F,1994-11-20,1994-12-24,1994-12-07,TAKE BACK RETURN,MAIL, busily ironic requests. deposits boost 
23298-4,23298,809,43,4,50.00,85490.00,0.10,0.06,R,F,1995-01-24,1994-12-14,1995-01-27,NONE,AIR,ar sheaves use. fluffily even platelet
23299-1,23299,581,12,1,4.00,5926.32,0.05,0.06,A,F,1992-10-27,1992-09-29,1992-11-03,DELIVER IN PERSON,TRUCK,ctions haggle slyly 
23299-2,23299,1584,25,2,8.00,11884.64,0.09,0.00,A,F,1992-09-15,1992-10-06,1992-09-28,TAKE BACK RETURN,RAIL,ly enticing instructions ar
23299-3,23299,1923,56,3,4.00,7299.68,0.05,0.04,A,F,1992-08-29,1992-11-09,1992-09-26,COLLECT COD,TRUCK,. blithely 
23299-4,23299,1560,41,4,3.00,4384.68,0.05,0.06,R,F,1992-10-04,1992-11-10,1992-10-12,DELIVER IN PERSON,FOB,heodolites according to the fur
23300-1,23300,1829,59,1,21.00,36347.22,0.00,0.04,N,O,1996-02-21,1996-04-17,1996-03-19,DELIVER IN PERSON,SHIP,rding to the requests. blithely i
23300-2,23300,1242,17,2,39.00,44586.36,0.06,0.08,N,O,1996-03-12,1996-04-22,1996-04-04,TAKE BACK RETURN,FOB, foxes. blithely even pains
23300-3,23300,1275,13,3,12.00,14115.24,0.10,0.08,N,O,1996-02-08,1996-04-04,1996-02-18,TAKE BACK RETURN,MAIL,cording to the pendi
23300-4,23300,1155,64,4,32.00,33796.80,0.07,0.02,N,O,1996-02-10,1996-04-04,1996-03-04,NONE,FOB,fluffily. slyly final de
23300-5,23300,64,15,5,10.00,9640.60,0.06,0.03,N,O,1996-05-25,1996-05-04,1996-05-29,COLLECT COD,MAIL,the quickly regular pa
23301-1,23301,919,22,1,28.00,50957.48,0.00,0.04,N,O,1995-08-01,1995-07-02,1995-08-23,TAKE BACK RETURN,SHIP,beans print sly
23301-2,23301,998,33,2,24.00,45575.76,0.09,0.02,N,O,1995-07-30,1995-06-27,1995-08-21,COLLECT COD,REG AIR,ptotes sleep furiously even accounts. furi
23301-3,23301,285,13,3,19.00,22520.32,0.02,0.00,N,O,1995-07-30,1995-05-22,1995-08-06,NONE,RAIL,dinos. blithely un
23302-1,23302,764,61,1,36.00,59931.36,0.10,0.07,N,O,1996-03-31,1996-05-07,1996-04-18,COLLECT COD,SHIP,"e even, final orbits. unusua"
23302-2,23302,569,70,2,14.00,20573.84,0.04,0.04,N,O,1996-03-31,1996-05-16,1996-04-07,COLLECT COD,TRUCK,. furiously regular notorn
23302-3,23302,1957,90,3,15.00,27884.25,0.10,0.01,N,O,1996-03-29,1996-04-14,1996-04-11,NONE,MAIL,jole fluffily quickly express accounts. 
23302-4,23302,186,13,4,37.00,40188.66,0.02,0.08,N,O,1996-04-11,1996-04-16,1996-05-10,COLLECT COD,TRUCK, furiously bold theodolites. careful depo
23302-5,23302,1043,79,5,49.00,46257.96,0.02,0.07,N,O,1996-03-31,1996-03-29,1996-04-04,DELIVER IN PERSON,MAIL,", regular p"
23302-6,23302,842,76,6,3.00,5228.52,0.00,0.02,N,O,1996-04-24,1996-05-13,1996-05-24,TAKE BACK RETURN,SHIP, fluffily final dependencies sle
23302-7,23302,1302,79,7,2.00,2406.60,0.09,0.04,N,O,1996-04-10,1996-05-26,1996-05-03,DELIVER IN PERSON,REG AIR,"otes. express, ironic dolp"
23303-1,23303,456,86,1,33.00,44762.85,0.04,0.02,A,F,1994-07-04,1994-09-04,1994-07-05,NONE,TRUCK,uests haggle slyly across the furio
23303-2,23303,1517,38,2,14.00,19859.14,0.00,0.08,A,F,1994-09-23,1994-08-09,1994-09-27,NONE,REG AIR,ronic packages are qu
23328-1,23328,1677,78,1,25.00,39466.75,0.01,0.01,R,F,1993-12-16,1993-11-17,1994-01-13,DELIVER IN PERSON,TRUCK,beans. carefully iron
23328-2,23328,432,20,2,14.00,18654.02,0.08,0.00,A,F,1993-11-01,1993-11-28,1993-11-14,TAKE BACK RETURN,RAIL,deposits wake quickly up
23329-1,23329,429,30,1,27.00,35894.34,0.02,0.01,R,F,1994-01-22,1994-03-08,1994-02-18,NONE,AIR,"ar, final packa"
23329-2,23329,288,89,2,38.00,45154.64,0.07,0.06,R,F,1994-03-23,1994-02-06,1994-04-04,NONE,TRUCK, ironic requests try to sublate against the
23329-3,23329,1119,92,3,19.00,19382.09,0.07,0.04,R,F,1994-04-04,1994-01-26,1994-04-21,DELIVER IN PERSON,RAIL,st the slyly even instructions-- b
23329-4,23329,789,86,4,40.00,67591.20,0.00,0.03,R,F,1994-03-10,1994-01-26,1994-03-19,DELIVER IN PERSON,RAIL, after the even deposits are acro
23329-5,23329,999,2,5,38.00,72199.62,0.04,0.02,R,F,1994-01-04,1994-02-14,1994-02-01,COLLECT COD,RAIL, ideas. slyly regular ideas are. slyly ir
23330-1,23330,1182,83,1,1.00,1083.18,0.00,0.01,A,F,1993-12-27,1994-02-22,1993-12-31,NONE,TRUCK,gular asymptotes cajole fluffily regular a
23330-2,23330,108,61,2,7.00,7056.70,0.03,0.02,A,F,1994-01-12,1994-03-12,1994-01-14,DELIVER IN PERSON,FOB, cajole blithe
23330-3,23330,134,35,3,12.00,12409.56,0.09,0.06,A,F,1994-04-10,1994-03-08,1994-04-16,NONE,SHIP,press foxes haggle slyly special pack
23330-4,23330,920,55,4,35.00,63732.20,0.04,0.03,R,F,1994-03-29,1994-01-20,1994-04-19,TAKE BACK RETURN,RAIL,tect furious
23330-5,23330,771,72,5,40.00,66870.80,0.10,0.06,R,F,1993-12-19,1994-02-18,1993-12-23,COLLECT COD,FOB, even accounts detec
23330-6,23330,250,51,6,11.00,12652.75,0.02,0.04,A,F,1994-03-15,1994-01-17,1994-03-24,DELIVER IN PERSON,TRUCK,ts above the regular asymptot
23331-1,23331,776,9,1,43.00,72101.11,0.02,0.06,R,F,1993-08-29,1993-09-27,1993-09-27,NONE,AIR,ackages. fluffily ironic requests
23331-2,23331,1127,28,2,22.00,22618.64,0.09,0.08,R,F,1993-11-09,1993-09-26,1993-12-06,NONE,REG AIR, final accounts? pinto beans at the 
23332-1,23332,338,95,1,42.00,52009.86,0.01,0.05,A,F,1993-06-03,1993-06-29,1993-06-22,DELIVER IN PERSON,REG AIR,r the quickly even notornis. silent r
23332-2,23332,1937,70,2,10.00,18389.30,0.01,0.08,A,F,1993-06-22,1993-05-05,1993-06-23,TAKE BACK RETURN,REG AIR,l asymptotes. slyly pending pack
23332-3,23332,1682,24,3,35.00,55428.80,0.01,0.04,R,F,1993-05-09,1993-06-15,1993-05-29,NONE,RAIL,uctions. blithel
23333-1,23333,1172,73,1,45.00,48292.65,0.05,0.01,R,F,1994-11-09,1994-09-20,1994-11-22,COLLECT COD,RAIL,equests? fluffily furious foxes believe abo
23333-2,23333,1028,99,2,4.00,3716.08,0.09,0.08,A,F,1994-11-27,1994-09-20,1994-12-22,DELIVER IN PERSON,SHIP,"y final, regular accounts. qui"
23333-3,23333,1848,92,3,5.00,8749.20,0.09,0.03,A,F,1994-10-30,1994-09-22,1994-11-22,COLLECT COD,FOB,"r the ironic, pending instructions slee"
23333-4,23333,1232,33,4,42.00,47595.66,0.08,0.03,R,F,1994-08-31,1994-11-01,1994-09-10,TAKE BACK RETURN,REG AIR,uctions sle
23333-5,23333,1927,28,5,3.00,5486.76,0.02,0.06,A,F,1994-09-20,1994-10-07,1994-10-07,NONE,TRUCK,odolites u
23333-6,23333,1804,5,6,9.00,15352.20,0.03,0.08,R,F,1994-10-17,1994-10-03,1994-10-28,TAKE BACK RETURN,AIR,tions boost slyly slyly bold package
23333-7,23333,983,84,7,30.00,56519.40,0.04,0.03,A,F,1994-08-24,1994-09-14,1994-09-17,DELIVER IN PERSON,FOB,arefully bold packages integrate care
23334-1,23334,138,39,1,32.00,33220.16,0.10,0.04,R,F,1992-01-27,1992-03-25,1992-02-01,COLLECT COD,REG AIR,thely regul
23335-1,23335,543,44,1,47.00,67846.38,0.03,0.08,A,F,1994-05-13,1994-05-27,1994-05-14,DELIVER IN PERSON,REG AIR,requests wake ruthlessly 
23335-2,23335,1452,31,2,6.00,8120.70,0.04,0.05,A,F,1994-06-09,1994-04-27,1994-06-16,NONE,AIR,along the even
23335-3,23335,820,87,3,3.00,5162.46,0.08,0.07,A,F,1994-06-05,1994-03-31,1994-06-21,TAKE BACK RETURN,AIR,e carefully above the permanentl
23335-4,23335,1233,71,4,18.00,20416.14,0.04,0.01,R,F,1994-04-15,1994-05-18,1994-05-12,TAKE BACK RETURN,REG AIR,notornis. carefully special ac
23335-5,23335,1266,78,5,33.00,38519.58,0.02,0.06,A,F,1994-04-22,1994-05-25,1994-05-06,TAKE BACK RETURN,AIR,osits are afte
23360-1,23360,1971,72,1,12.00,22475.64,0.02,0.03,A,F,1994-07-30,1994-08-06,1994-08-02,COLLECT COD,RAIL, packages. idly even deposits w
23360-2,23360,1312,89,2,31.00,37612.61,0.04,0.06,A,F,1994-07-09,1994-06-29,1994-07-24,TAKE BACK RETURN,FOB,gularly final excuses; final acco
23361-1,23361,1978,23,1,7.00,13159.79,0.03,0.01,A,F,1993-10-18,1993-08-28,1993-10-25,TAKE BACK RETURN,TRUCK,ly bold ex
23361-2,23361,327,28,2,9.00,11045.88,0.10,0.01,R,F,1993-08-05,1993-09-26,1993-09-04,NONE,FOB,ar pinto bea
23361-3,23361,800,33,3,40.00,68032.00,0.07,0.00,A,F,1993-10-10,1993-09-02,1993-10-24,NONE,FOB,"egular, ironic pearls haggl"
23361-4,23361,10,11,4,6.00,5460.06,0.10,0.02,R,F,1993-09-21,1993-09-11,1993-10-18,COLLECT COD,TRUCK,dependencies wake amon
23361-5,23361,1744,29,5,19.00,31269.06,0.08,0.04,A,F,1993-08-19,1993-09-02,1993-08-30,TAKE BACK RETURN,AIR,yly regular d
23362-1,23362,471,1,1,48.00,65830.56,0.07,0.03,A,F,1993-12-04,1993-10-15,1993-12-21,DELIVER IN PERSON,FOB,y ironic requests use around the c
23362-2,23362,1277,89,2,20.00,23565.40,0.06,0.07,R,F,1993-09-19,1993-10-21,1993-10-14,NONE,SHIP,ironic packages wake bl
23362-3,23362,206,34,3,9.00,9955.80,0.01,0.04,A,F,1993-11-20,1993-11-06,1993-12-08,NONE,REG AIR,ly fluffily even req
23362-4,23362,1189,90,4,10.00,10901.80,0.06,0.06,R,F,1993-09-17,1993-10-21,1993-10-03,TAKE BACK RETURN,MAIL,the unusual asymptotes. regula
23363-1,23363,1337,14,1,44.00,54486.52,0.05,0.00,R,F,1992-06-05,1992-08-04,1992-06-23,DELIVER IN PERSON,RAIL,inally express foxes bo
23363-2,23363,126,79,2,26.00,26679.12,0.00,0.07,R,F,1992-05-31,1992-07-06,1992-06-16,COLLECT COD,REG AIR,r accounts sleep thinly around the even f
23363-3,23363,1083,19,3,49.00,48219.92,0.05,0.04,R,F,1992-09-14,1992-07-31,1992-09-24,TAKE BACK RETURN,FOB, platelets use. slyly ironic
23363-4,23363,847,47,4,20.00,34956.80,0.03,0.00,R,F,1992-07-12,1992-08-23,1992-08-04,DELIVER IN PERSON,AIR,foxes boost after the c
23363-5,23363,1392,93,5,7.00,9053.73,0.06,0.06,A,F,1992-09-06,1992-08-20,1992-09-25,DELIVER IN PERSON,RAIL,ites use evenly on the slyly special p
23364-1,23364,1911,100,1,48.00,87019.68,0.05,0.04,N,O,1998-06-12,1998-04-20,1998-06-28,COLLECT COD,FOB,"s are furiously bold, even foxes. the"
23364-2,23364,1540,41,2,6.00,8649.24,0.04,0.01,N,O,1998-06-21,1998-05-10,1998-06-27,TAKE BACK RETURN,REG AIR,posits haggle slyly fl
23364-3,23364,710,43,3,14.00,22549.94,0.01,0.01,N,O,1998-04-16,1998-05-08,1998-04-30,NONE,RAIL,y along the never special dependenc
23364-4,23364,1108,81,4,23.00,23209.30,0.06,0.08,N,O,1998-03-15,1998-05-13,1998-04-10,NONE,SHIP,silently. iron
23364-5,23364,1653,36,5,40.00,62186.00,0.07,0.05,N,O,1998-06-20,1998-05-24,1998-07-01,DELIVER IN PERSON,REG AIR,accounts are deposits. slyly
23364-6,23364,848,48,6,48.00,83944.32,0.02,0.06,N,O,1998-05-12,1998-05-15,1998-05-25,COLLECT COD,SHIP,"g accounts cajole over the even, do"
23365-1,23365,1633,75,1,23.00,35296.49,0.05,0.00,N,O,1998-07-02,1998-05-04,1998-07-16,TAKE BACK RETURN,MAIL,cies unwind slyly 
23366-1,23366,1635,77,1,7.00,10756.41,0.09,0.08,A,F,1994-01-27,1994-01-09,1994-02-09,TAKE BACK RETURN,SHIP,detect fur
23366-2,23366,41,92,2,46.00,43287.84,0.08,0.02,R,F,1993-11-24,1994-02-05,1993-12-06,NONE,SHIP,nto beans poach against the
23366-3,23366,1805,6,3,5.00,8534.00,0.06,0.01,R,F,1993-12-09,1994-01-10,1993-12-13,DELIVER IN PERSON,AIR,ironic dependencies: ironic
23366-4,23366,586,87,4,3.00,4459.74,0.04,0.02,R,F,1994-03-12,1994-02-05,1994-03-27,DELIVER IN PERSON,MAIL, express platelets use furiously. ironi
23366-5,23366,1990,91,5,5.00,9459.95,0.02,0.08,A,F,1994-01-05,1994-02-03,1994-02-03,NONE,MAIL,according to the blithely s
23366-6,23366,1247,59,6,37.00,42484.88,0.09,0.04,A,F,1994-02-13,1994-02-02,1994-02-23,DELIVER IN PERSON,REG AIR,bove the carefully express de
23367-1,23367,1211,12,1,44.00,48937.24,0.04,0.04,N,O,1995-09-26,1995-09-18,1995-09-27,DELIVER IN PERSON,RAIL,ns wake carefully. quickly furious pin
23367-2,23367,909,12,2,50.00,90495.00,0.09,0.05,N,O,1995-10-24,1995-08-09,1995-11-13,NONE,RAIL,es breach after the carefully pending t
23392-1,23392,1361,76,1,45.00,56806.20,0.02,0.07,R,F,1994-10-25,1994-10-07,1994-11-22,NONE,REG AIR,"ggle beside the bold, ironic pi"
23392-2,23392,1265,40,2,11.00,12828.86,0.09,0.01,A,F,1994-08-22,1994-10-25,1994-09-02,DELIVER IN PERSON,MAIL, the ironic requests run 
23392-3,23392,1790,17,3,47.00,79514.13,0.03,0.05,R,F,1994-09-11,1994-11-03,1994-10-08,TAKE BACK RETURN,MAIL,ideas cajole about the furiously re
23392-4,23392,1672,73,4,2.00,3147.34,0.02,0.00,A,F,1994-10-18,1994-09-21,1994-11-07,TAKE BACK RETURN,SHIP,y express pin
23392-5,23392,1016,22,5,16.00,14672.16,0.04,0.02,R,F,1994-09-20,1994-10-11,1994-10-17,NONE,AIR,"ymptotes. pending excuses are slyly. even, "
23393-1,23393,1623,24,1,14.00,21344.68,0.02,0.04,A,F,1992-11-12,1992-11-20,1992-12-11,TAKE BACK RETURN,FOB,o the final pi
23393-2,23393,1838,68,2,12.00,20877.96,0.04,0.00,R,F,1992-09-10,1992-10-15,1992-10-09,NONE,REG AIR, wake around the fluffily e
23393-3,23393,1152,53,3,47.00,49498.05,0.07,0.05,A,F,1992-12-15,1992-10-15,1992-12-17,COLLECT COD,REG AIR,unusual excuses sleep quickly upon the furi
23393-4,23393,722,19,4,20.00,32454.40,0.09,0.02,R,F,1992-08-28,1992-11-04,1992-09-10,COLLECT COD,RAIL,ual requests sleep
23393-5,23393,673,36,5,34.00,53504.78,0.09,0.08,A,F,1992-12-15,1992-09-30,1992-12-21,DELIVER IN PERSON,REG AIR,. slyly even instructions wake f
23394-1,23394,1212,13,1,11.00,12245.31,0.08,0.01,R,F,1993-05-09,1993-07-22,1993-05-28,TAKE BACK RETURN,RAIL,gged pinto beans haggle regula
23394-2,23394,1403,21,2,2.00,2608.80,0.02,0.03,R,F,1993-08-18,1993-06-15,1993-09-13,NONE,SHIP,ts. slyly regular forg
23394-3,23394,1355,32,3,12.00,15076.20,0.10,0.05,R,F,1993-05-12,1993-06-05,1993-06-02,COLLECT COD,TRUCK,s boost carefully pint
23394-4,23394,1134,71,4,33.00,34159.29,0.04,0.02,A,F,1993-05-06,1993-06-07,1993-05-24,COLLECT COD,REG AIR,ously bold theodolites. ca
23394-5,23394,672,4,5,25.00,39316.75,0.01,0.03,A,F,1993-06-06,1993-07-08,1993-06-22,NONE,TRUCK, along the fina
23394-6,23394,894,61,6,39.00,70000.71,0.08,0.08,R,F,1993-08-17,1993-07-01,1993-09-09,TAKE BACK RETURN,FOB,ng forges run furiously slyly final acco
23395-1,23395,1448,88,1,20.00,26988.80,0.06,0.04,R,F,1993-02-09,1992-12-04,1993-02-20,COLLECT COD,SHIP,s sleep. sl
23395-2,23395,1288,26,2,35.00,41624.80,0.07,0.04,R,F,1992-10-31,1992-12-30,1992-11-10,NONE,FOB,nal requests nag furiously. qu
23396-1,23396,1150,23,1,45.00,47301.75,0.00,0.07,R,F,1993-07-02,1993-09-11,1993-07-16,DELIVER IN PERSON,AIR,usual theodo
23396-2,23396,392,49,2,40.00,51695.60,0.04,0.01,A,F,1993-06-30,1993-08-20,1993-07-02,TAKE BACK RETURN,TRUCK,thely regul
23396-3,23396,1129,66,3,21.00,21632.52,0.10,0.04,R,F,1993-10-03,1993-09-13,1993-10-19,DELIVER IN PERSON,RAIL,dolites above the slyly unusual ideas nag 
23396-4,23396,1202,3,4,41.00,45231.20,0.08,0.03,R,F,1993-07-14,1993-08-23,1993-07-19,COLLECT COD,SHIP,ly regular packages wake slyly across 
23396-5,23396,1606,48,5,32.00,48243.20,0.04,0.05,R,F,1993-09-18,1993-08-04,1993-10-06,COLLECT COD,REG AIR,furiously final pinto 
23396-6,23396,1266,78,6,34.00,39686.84,0.01,0.07,A,F,1993-09-20,1993-08-14,1993-10-05,TAKE BACK RETURN,FOB,riously iron
23397-1,23397,1750,51,1,10.00,16517.50,0.02,0.05,N,O,1998-08-20,1998-09-07,1998-08-27,COLLECT COD,RAIL,yly ironic excuses poach among 
23397-2,23397,69,70,2,41.00,39731.46,0.00,0.08,N,O,1998-09-13,1998-08-28,1998-09-26,COLLECT COD,TRUCK,s lose across the blithely bold theodoli
23397-3,23397,773,74,3,26.00,43518.02,0.09,0.04,N,O,1998-11-07,1998-08-27,1998-11-30,NONE,AIR," regular, careful sheaves"
23397-4,23397,1027,63,4,13.00,12064.26,0.04,0.00,N,O,1998-08-26,1998-10-14,1998-09-05,DELIVER IN PERSON,SHIP,le blithely aro
23397-5,23397,1753,80,5,24.00,39714.00,0.00,0.01,N,O,1998-07-26,1998-08-18,1998-08-19,COLLECT COD,AIR,lithely ironic pains. fi
23398-1,23398,1545,46,1,38.00,54968.52,0.05,0.04,R,F,1994-07-08,1994-04-13,1994-07-22,DELIVER IN PERSON,TRUCK,ut the slyly regular sentiments. fi
23398-2,23398,382,39,2,42.00,53859.96,0.05,0.06,A,F,1994-06-23,1994-05-26,1994-07-16,NONE,SHIP,ly? unusual
23398-3,23398,897,97,3,22.00,39553.58,0.09,0.04,R,F,1994-07-08,1994-04-13,1994-07-16,NONE,REG AIR,ar gifts cajole slyly along th
23398-4,23398,1210,22,4,43.00,47782.03,0.09,0.02,A,F,1994-07-08,1994-05-23,1994-07-29,DELIVER IN PERSON,MAIL,theodolites detec
23398-5,23398,1101,10,5,44.00,44092.40,0.08,0.05,A,F,1994-04-10,1994-04-26,1994-04-28,COLLECT COD,AIR,ake blithely. quickly regular package
23398-6,23398,494,82,6,40.00,55779.60,0.08,0.00,R,F,1994-04-29,1994-05-12,1994-05-12,NONE,RAIL,lphins sleep car
23399-1,23399,1652,35,1,6.00,9321.90,0.00,0.01,R,F,1994-03-01,1994-03-17,1994-03-25,DELIVER IN PERSON,FOB,ly close asympto
23399-2,23399,937,72,2,26.00,47786.18,0.00,0.02,A,F,1994-04-17,1994-03-03,1994-05-03,TAKE BACK RETURN,SHIP,nusual instructions 
23399-3,23399,1358,73,3,15.00,18890.25,0.06,0.01,A,F,1994-03-12,1994-03-23,1994-04-04,DELIVER IN PERSON,TRUCK,o beans. furiously eve
23424-1,23424,1366,5,1,16.00,20277.76,0.08,0.00,A,F,1993-06-26,1993-06-15,1993-07-12,DELIVER IN PERSON,SHIP,s. carefully ironic requests abou
23424-2,23424,74,100,2,17.00,16559.19,0.00,0.02,R,F,1993-06-16,1993-06-23,1993-07-12,TAKE BACK RETURN,REG AIR, wake. quickly even 
23425-1,23425,944,79,1,30.00,55348.20,0.09,0.02,N,O,1998-08-30,1998-09-02,1998-09-17,COLLECT COD,TRUCK,iously bold instructions. slyl
23426-1,23426,1915,16,1,24.00,43605.84,0.04,0.02,R,F,1995-05-08,1995-05-08,1995-06-04,DELIVER IN PERSON,REG AIR,elets. blithely ironic excuses slee
23426-2,23426,91,67,2,7.00,6937.63,0.10,0.08,A,F,1995-04-27,1995-04-02,1995-05-25,NONE,SHIP,ly final deposits. furiousl
23426-3,23426,498,28,3,25.00,34962.25,0.05,0.06,R,F,1995-05-07,1995-05-13,1995-05-11,NONE,MAIL,r accounts are slyly furiously e
23426-4,23426,1043,49,4,2.00,1888.08,0.09,0.03,A,F,1995-04-22,1995-03-27,1995-05-14,TAKE BACK RETURN,MAIL, carefully final
23426-5,23426,1565,66,5,28.00,41063.68,0.02,0.00,A,F,1995-02-18,1995-03-20,1995-02-25,NONE,FOB,sly silent ideas mold. caref
23426-6,23426,566,97,6,42.00,61595.52,0.07,0.02,R,F,1995-04-19,1995-03-29,1995-04-24,COLLECT COD,AIR,"sy, final pin"
23427-1,23427,1230,42,1,2.00,2262.46,0.00,0.08,N,O,1995-11-06,1995-10-23,1995-11-10,DELIVER IN PERSON,AIR,ites. carefully ironic platelets can hag
23427-2,23427,353,38,2,40.00,50134.00,0.07,0.08,N,O,1995-08-19,1995-09-10,1995-08-27,NONE,AIR,ns nag quick
23427-3,23427,1425,26,3,16.00,21222.72,0.05,0.01,N,O,1995-09-23,1995-10-23,1995-10-22,TAKE BACK RETURN,TRUCK,"ly final, ironic id"
23427-4,23427,779,12,4,23.00,38634.71,0.02,0.06,N,O,1995-11-14,1995-09-10,1995-12-08,TAKE BACK RETURN,FOB,st quickly special excuses. carefully perma
23428-1,23428,1700,83,1,38.00,60864.60,0.07,0.07,R,F,1992-12-27,1993-01-27,1993-01-26,NONE,MAIL,fully alongside of the i
23428-2,23428,336,93,2,27.00,33380.91,0.04,0.02,A,F,1992-12-17,1992-12-10,1993-01-02,TAKE BACK RETURN,AIR, slyly bold d
23428-3,23428,961,30,3,46.00,85650.16,0.10,0.08,A,F,1992-10-31,1992-12-28,1992-11-12,TAKE BACK RETURN,AIR,ingly stealthy packages sleep against t
23428-4,23428,1430,9,4,27.00,35948.61,0.03,0.05,A,F,1993-02-25,1992-12-08,1993-03-26,TAKE BACK RETURN,MAIL,es. final foxes
23428-5,23428,1583,64,5,32.00,47506.56,0.01,0.02,R,F,1992-12-09,1993-01-01,1992-12-27,NONE,MAIL,l requests. carefully final asymptote
23428-6,23428,1390,67,6,36.00,46490.04,0.07,0.02,R,F,1993-02-20,1992-12-01,1993-03-01,COLLECT COD,AIR,sleep about the express ideas. final pinto
23429-1,23429,750,83,1,17.00,28062.75,0.02,0.08,R,F,1994-05-14,1994-04-29,1994-06-07,TAKE BACK RETURN,TRUCK,e final foxes cajole across the 
23429-2,23429,839,73,2,43.00,74812.69,0.01,0.08,A,F,1994-05-22,1994-05-28,1994-06-01,NONE,AIR, integrate
23429-3,23429,1065,71,3,39.00,37676.34,0.00,0.03,R,F,1994-05-04,1994-05-22,1994-05-06,TAKE BACK RETURN,MAIL,latelets sleep bli
23429-4,23429,1280,18,4,5.00,5906.40,0.03,0.08,R,F,1994-03-21,1994-06-11,1994-04-09,COLLECT COD,TRUCK,uctions affix theodolite
23429-5,23429,1615,57,5,18.00,27298.98,0.08,0.03,R,F,1994-04-05,1994-06-07,1994-04-29,NONE,MAIL,regular instructions. blithely
23429-6,23429,1113,86,6,40.00,40564.40,0.03,0.03,R,F,1994-03-31,1994-05-06,1994-04-25,NONE,RAIL,lithely among
23430-1,23430,29,55,1,40.00,37160.80,0.00,0.06,N,O,1997-01-05,1997-02-13,1997-01-09,DELIVER IN PERSON,RAIL,ests was alon
23430-2,23430,1384,99,2,19.00,24422.22,0.09,0.08,N,O,1997-03-20,1997-02-23,1997-03-28,COLLECT COD,AIR,ly ironic packag
23430-3,23430,451,39,3,50.00,67572.50,0.08,0.07,N,O,1997-02-26,1997-02-17,1997-03-15,DELIVER IN PERSON,REG AIR,gular theodol
23430-4,23430,79,30,4,16.00,15665.12,0.03,0.00,N,O,1997-03-21,1997-02-08,1997-04-17,DELIVER IN PERSON,MAIL,ronic packages. expre
23430-5,23430,788,85,5,14.00,23642.92,0.06,0.06,N,O,1997-03-11,1997-02-10,1997-04-06,DELIVER IN PERSON,REG AIR,sleep at the slyly pending deposits
23431-1,23431,900,1,1,8.00,14407.20,0.04,0.07,N,O,1995-06-28,1995-08-30,1995-07-21,NONE,AIR,round the 
23431-2,23431,1096,32,2,43.00,42874.87,0.08,0.02,N,O,1995-07-22,1995-08-23,1995-07-25,COLLECT COD,FOB,n the brave deposits. express de
23431-3,23431,21,47,3,12.00,11052.24,0.01,0.05,N,O,1995-06-22,1995-07-12,1995-07-17,NONE,RAIL,pecial pack
23431-4,23431,1538,19,4,16.00,23032.48,0.10,0.05,N,O,1995-09-18,1995-08-13,1995-09-29,DELIVER IN PERSON,MAIL,lets are quickly carefully special pac
23456-1,23456,346,75,1,39.00,48607.26,0.05,0.03,N,O,1997-07-22,1997-08-03,1997-08-06,DELIVER IN PERSON,FOB,c platelets. carefu
23456-2,23456,107,60,2,20.00,20142.00,0.09,0.00,N,O,1997-10-11,1997-08-14,1997-11-03,DELIVER IN PERSON,RAIL,es. furiously ironic de
23456-3,23456,1826,56,3,45.00,77751.90,0.01,0.01,N,O,1997-07-08,1997-09-14,1997-07-23,COLLECT COD,AIR,ove the ironic pinto bea
23456-4,23456,1732,59,4,50.00,81686.50,0.06,0.03,N,O,1997-10-20,1997-09-09,1997-10-28,TAKE BACK RETURN,REG AIR, according to the slyly
23456-5,23456,1950,51,5,49.00,90745.55,0.07,0.02,N,O,1997-09-25,1997-08-03,1997-10-05,DELIVER IN PERSON,SHIP,. furiously f
23456-6,23456,146,73,6,36.00,37661.04,0.00,0.03,N,O,1997-07-16,1997-09-21,1997-08-10,NONE,TRUCK,c deposits. boldly regular tithes sleep 
23457-1,23457,165,44,1,6.00,6390.96,0.05,0.06,N,O,1997-06-30,1997-07-29,1997-07-23,COLLECT COD,REG AIR,ges. final theodolites hang 
23457-2,23457,1210,11,2,23.00,25557.83,0.07,0.02,N,O,1997-08-05,1997-08-25,1997-09-04,DELIVER IN PERSON,TRUCK,olphins sleep blithel
23457-3,23457,1015,51,3,44.00,40304.44,0.02,0.01,N,O,1997-06-10,1997-08-24,1997-06-22,DELIVER IN PERSON,REG AIR,lyly. foxes haggle s
23457-4,23457,1715,42,4,39.00,63051.69,0.07,0.04,N,O,1997-08-24,1997-07-14,1997-09-21,DELIVER IN PERSON,SHIP,along the fl
23457-5,23457,1614,97,5,18.00,27280.98,0.06,0.04,N,O,1997-08-30,1997-07-28,1997-09-03,NONE,REG AIR,g the furiously bold pinto beans. car
23457-6,23457,1342,81,6,50.00,62167.00,0.04,0.08,N,O,1997-08-01,1997-08-02,1997-08-23,NONE,AIR, boost carefully quickly regular instructi
23458-1,23458,1894,38,1,20.00,35917.80,0.07,0.02,R,F,1994-01-25,1994-02-21,1994-01-29,DELIVER IN PERSON,TRUCK, deposits. ideas among the quic
23459-1,23459,1650,51,1,49.00,76030.85,0.02,0.04,R,F,1993-10-20,1993-10-02,1993-11-15,DELIVER IN PERSON,SHIP, among the express requests. re
23459-2,23459,379,80,2,15.00,19190.55,0.09,0.00,A,F,1993-09-03,1993-09-24,1993-09-07,COLLECT COD,AIR,final reques
23459-3,23459,730,27,3,28.00,45660.44,0.04,0.06,R,F,1993-09-04,1993-09-29,1993-09-07,TAKE BACK RETURN,SHIP, deposits nag quickly af
23460-1,23460,1887,88,1,48.00,85866.24,0.02,0.05,R,F,1992-12-26,1992-12-13,1993-01-17,COLLECT COD,TRUCK,refully express deposits after the
23460-2,23460,404,34,2,34.00,44349.60,0.10,0.03,A,F,1992-12-07,1993-01-15,1992-12-31,COLLECT COD,MAIL,ously final requests above the th
23461-1,23461,338,39,1,5.00,6191.65,0.05,0.08,N,O,1998-07-20,1998-06-28,1998-08-08,NONE,AIR,s? carefully ironic excuses
23462-1,23462,1060,96,1,15.00,14415.90,0.06,0.01,N,O,1996-09-06,1996-11-25,1996-09-11,NONE,SHIP,ter the slyly fluffy theodolites. slyly p
23462-2,23462,335,20,2,21.00,25941.93,0.06,0.04,N,O,1996-11-22,1996-11-27,1996-12-06,COLLECT COD,RAIL,hely ironi
23462-3,23462,1394,33,3,24.00,31089.36,0.05,0.08,N,O,1996-12-08,1996-11-19,1996-12-14,COLLECT COD,MAIL,ly ironic dolphins affix quickly after
23462-4,23462,1622,23,4,14.00,21330.68,0.08,0.01,N,O,1996-12-11,1996-11-21,1996-12-24,DELIVER IN PERSON,TRUCK,. deposits cajole be
23463-1,23463,587,88,1,39.00,58015.62,0.06,0.05,N,O,1997-08-11,1997-05-17,1997-08-25,COLLECT COD,REG AIR,ickly regular pinto beans. ironic platele
23488-1,23488,1224,99,1,43.00,48384.46,0.07,0.03,A,F,1994-05-01,1994-03-07,1994-05-27,TAKE BACK RETURN,SHIP,y accounts doubt evenly besides 
23488-2,23488,325,10,2,33.00,40435.56,0.06,0.01,A,F,1994-02-14,1994-03-26,1994-03-11,DELIVER IN PERSON,REG AIR,blithely. 
23488-3,23488,793,94,3,20.00,33875.80,0.08,0.00,A,F,1994-02-03,1994-03-06,1994-02-26,NONE,MAIL,ly pending accounts. furiously iro
23488-4,23488,1160,61,4,10.00,10611.60,0.06,0.00,A,F,1994-01-14,1994-04-04,1994-01-16,DELIVER IN PERSON,MAIL,nto beans. furiously sil
23488-5,23488,384,41,5,1.00,1284.38,0.05,0.08,A,F,1994-03-02,1994-04-01,1994-03-18,TAKE BACK RETURN,AIR,the blithely pending
23488-6,23488,1145,54,6,38.00,39753.32,0.05,0.08,R,F,1994-04-19,1994-02-12,1994-04-20,DELIVER IN PERSON,TRUCK, excuses. fluffily reg
23488-7,23488,1978,23,7,5.00,9399.85,0.07,0.06,R,F,1994-01-14,1994-03-04,1994-01-27,COLLECT COD,MAIL,et dolphins. 
23489-1,23489,695,27,1,14.00,22339.66,0.09,0.03,A,F,1992-12-15,1992-11-08,1992-12-17,NONE,TRUCK,efully about the regular requests
23489-2,23489,1488,67,2,26.00,36126.48,0.06,0.05,R,F,1992-12-20,1992-11-12,1993-01-13,DELIVER IN PERSON,REG AIR,nto beans. special bra
23489-3,23489,734,99,3,18.00,29425.14,0.09,0.02,A,F,1992-11-27,1992-09-28,1992-12-01,COLLECT COD,MAIL, the enticingly re
23490-1,23490,1717,44,1,29.00,46942.59,0.09,0.00,N,O,1998-04-30,1998-04-25,1998-05-24,COLLECT COD,MAIL,s affix sly
23491-1,23491,1364,65,1,39.00,49349.04,0.03,0.05,R,F,1992-12-03,1993-01-20,1993-01-02,COLLECT COD,TRUCK,integrate under the quickly specia
23491-2,23491,1157,94,2,40.00,42326.00,0.07,0.05,A,F,1993-03-03,1993-01-08,1993-03-14,COLLECT COD,TRUCK,resias. blit
23491-3,23491,987,22,3,10.00,18879.80,0.03,0.01,A,F,1992-12-15,1992-12-09,1992-12-27,TAKE BACK RETURN,REG AIR,ay affix quickly according
23492-1,23492,1496,75,1,38.00,53104.62,0.01,0.00,N,O,1997-11-07,1997-11-20,1997-11-19,NONE,REG AIR,lose alongside of the request
23492-2,23492,756,89,2,15.00,24851.25,0.01,0.06,N,O,1997-09-23,1997-11-10,1997-09-30,TAKE BACK RETURN,TRUCK,"egular, final pearls sleep. never expres"
23492-3,23492,141,20,3,21.00,21863.94,0.06,0.00,N,O,1997-10-04,1997-12-10,1997-10-16,DELIVER IN PERSON,MAIL,es sleep accounts. qui
23492-4,23492,933,36,4,27.00,49516.11,0.00,0.08,N,O,1997-10-18,1997-10-21,1997-11-14,NONE,SHIP,age about the blithe
23492-5,23492,1700,1,5,47.00,75279.90,0.03,0.05,N,O,1997-11-18,1997-10-11,1997-12-16,NONE,TRUCK,ers kindle blithely. quickly even inst
23492-6,23492,1238,76,6,23.00,26202.29,0.06,0.00,N,O,1997-11-25,1997-11-28,1997-12-18,DELIVER IN PERSON,FOB,es. ironic platelets wake car
23493-1,23493,26,2,1,29.00,26854.58,0.04,0.05,R,F,1994-12-28,1994-10-28,1995-01-12,COLLECT COD,RAIL,otes accordi
23493-2,23493,4,55,2,31.00,28024.00,0.10,0.00,R,F,1994-11-15,1994-12-10,1994-12-13,NONE,RAIL,pinto beans instead 
23494-1,23494,1387,2,1,19.00,24479.22,0.04,0.06,N,O,1997-09-13,1997-09-27,1997-09-25,DELIVER IN PERSON,RAIL, ironic de
23494-2,23494,1667,50,2,49.00,76864.34,0.05,0.02,N,O,1997-10-07,1997-10-14,1997-10-29,TAKE BACK RETURN,TRUCK,refully. carefully 
23494-3,23494,1891,35,3,33.00,59165.37,0.10,0.03,N,O,1997-12-11,1997-11-10,1998-01-02,NONE,TRUCK,es wake express foxe
23495-1,23495,353,38,1,15.00,18800.25,0.02,0.02,R,F,1993-10-26,1993-10-04,1993-11-24,COLLECT COD,REG AIR,accounts wake furiously alon
23495-2,23495,702,67,2,43.00,68916.10,0.08,0.08,R,F,1993-07-24,1993-08-25,1993-08-13,TAKE BACK RETURN,FOB,"he pending, final requests. carefully speci"
23495-3,23495,1327,42,3,49.00,60187.68,0.02,0.06,A,F,1993-08-13,1993-09-12,1993-08-20,COLLECT COD,AIR,the blithely pending instructions. sly
23520-1,23520,107,86,1,18.00,18127.80,0.05,0.05,N,O,1996-10-06,1996-10-20,1996-10-14,COLLECT COD,TRUCK,ash across the regula
23520-2,23520,1493,11,2,32.00,44623.68,0.03,0.05,N,O,1996-10-16,1996-09-08,1996-11-06,NONE,TRUCK,st the silent ideas. fluffily thin w
23520-3,23520,520,81,3,5.00,7102.60,0.03,0.01,N,O,1996-11-20,1996-08-30,1996-11-21,DELIVER IN PERSON,RAIL,regular theodolites acc
23520-4,23520,626,89,4,45.00,68697.90,0.06,0.01,N,O,1996-11-14,1996-08-29,1996-11-21,COLLECT COD,MAIL,uests. furiously fi
23521-1,23521,766,31,1,31.00,51669.56,0.02,0.05,N,O,1998-05-10,1998-06-10,1998-06-06,TAKE BACK RETURN,RAIL,its-- slyly ironic packages are. 
23521-2,23521,1096,2,2,23.00,22933.07,0.03,0.02,N,O,1998-07-13,1998-04-20,1998-08-06,COLLECT COD,MAIL,ing instructions. deposits cajo
23521-3,23521,1055,56,3,6.00,5736.30,0.04,0.06,N,O,1998-04-02,1998-05-04,1998-04-04,DELIVER IN PERSON,AIR, wake slyly iro
23522-1,23522,45,46,1,4.00,3780.16,0.08,0.04,N,F,1995-06-06,1995-06-01,1995-07-02,TAKE BACK RETURN,RAIL,fily express packages according to the b
23522-2,23522,508,69,2,39.00,54931.50,0.04,0.05,N,F,1995-06-13,1995-05-18,1995-07-06,DELIVER IN PERSON,REG AIR,ic accounts
23522-3,23522,1205,6,3,31.00,34292.20,0.02,0.05,N,F,1995-06-08,1995-06-01,1995-06-30,COLLECT COD,TRUCK,equests nag according to the furiousl
23522-4,23522,1381,58,4,20.00,25647.60,0.10,0.08,N,O,1995-08-10,1995-07-04,1995-09-01,NONE,FOB,ecial requests. requests wake carefully.
23522-5,23522,400,1,5,5.00,6502.00,0.10,0.02,N,O,1995-07-26,1995-05-17,1995-08-19,COLLECT COD,TRUCK,impress near 
23522-6,23522,516,77,6,32.00,45328.32,0.01,0.01,R,F,1995-04-29,1995-05-25,1995-05-16,NONE,REG AIR,to the furiously even deposits. 
23522-7,23522,930,31,7,19.00,34787.67,0.03,0.03,N,O,1995-07-02,1995-05-31,1995-07-26,DELIVER IN PERSON,REG AIR,osits serve blithely furiously ironi
23523-1,23523,959,60,1,43.00,79977.85,0.06,0.02,N,O,1998-06-13,1998-06-20,1998-07-08,TAKE BACK RETURN,SHIP,ual excuses boost quickly fluffily special
23523-2,23523,1447,87,2,40.00,53937.60,0.01,0.03,N,O,1998-06-12,1998-06-14,1998-06-29,TAKE BACK RETURN,FOB,ial courts wake slyly. blithely 
23523-3,23523,145,46,3,50.00,52257.00,0.10,0.08,N,O,1998-07-11,1998-08-07,1998-08-08,NONE,REG AIR,ilent deposits haggl
23523-4,23523,628,22,4,40.00,61144.80,0.02,0.04,N,O,1998-08-06,1998-07-09,1998-08-20,DELIVER IN PERSON,TRUCK,nto beans use around the q
23523-5,23523,1710,53,5,28.00,45127.88,0.03,0.05,N,O,1998-09-02,1998-08-03,1998-09-27,DELIVER IN PERSON,MAIL, slyly furiously permanent deposits. e
23523-6,23523,835,69,6,22.00,38188.26,0.02,0.08,N,O,1998-08-02,1998-07-06,1998-08-19,DELIVER IN PERSON,RAIL,e of the blithely even 
23524-1,23524,1343,58,1,45.00,55995.30,0.08,0.03,R,F,1994-06-23,1994-07-17,1994-07-01,NONE,SHIP,"sits. bold, regular asymptotes cajole "
23524-2,23524,1272,73,2,6.00,7039.62,0.08,0.06,A,F,1994-05-17,1994-06-11,1994-05-22,DELIVER IN PERSON,FOB,slyly express accounts above 
23524-3,23524,1140,49,3,7.00,7287.98,0.02,0.06,A,F,1994-06-22,1994-07-09,1994-06-23,NONE,MAIL,ccording to the regular requests. furio
23524-4,23524,1661,44,4,21.00,32815.86,0.09,0.05,R,F,1994-06-22,1994-07-02,1994-07-08,TAKE BACK RETURN,RAIL,ronic accounts cajole alwa
23524-5,23524,1520,21,5,25.00,35538.00,0.02,0.07,A,F,1994-06-05,1994-07-16,1994-06-25,DELIVER IN PERSON,AIR,s? furiously final instructions hag
23525-1,23525,470,71,1,24.00,32891.28,0.03,0.05,N,O,1997-02-16,1997-02-01,1997-03-10,NONE,RAIL, special Tiresias na
23525-2,23525,571,62,2,1.00,1471.57,0.03,0.06,N,O,1997-01-09,1997-03-02,1997-01-22,TAKE BACK RETURN,TRUCK,nts cajole. furiously fluffy
23525-3,23525,499,100,3,6.00,8396.94,0.03,0.06,N,O,1997-03-02,1997-01-30,1997-03-28,DELIVER IN PERSON,RAIL,e fluffily pending instructions. sp
23525-4,23525,166,19,4,44.00,46911.04,0.04,0.00,N,O,1997-03-12,1997-01-25,1997-03-22,TAKE BACK RETURN,RAIL,slyly unusual escapades along th
23525-5,23525,885,85,5,48.00,85722.24,0.10,0.00,N,O,1996-12-16,1997-02-08,1997-01-14,COLLECT COD,AIR,to the furiously regular foxes boost
23526-1,23526,948,83,1,16.00,29583.04,0.09,0.05,N,O,1998-07-23,1998-07-15,1998-08-04,COLLECT COD,MAIL,"ng, regular requests dazzle furiously. flu"
23526-2,23526,1670,94,2,22.00,34576.74,0.05,0.08,N,O,1998-06-10,1998-08-07,1998-07-02,DELIVER IN PERSON,MAIL,c foxes detect
23526-3,23526,1538,59,3,35.00,50383.55,0.03,0.00,N,O,1998-08-17,1998-06-25,1998-09-07,NONE,RAIL, the quickly even platelets. final
23527-1,23527,525,56,1,11.00,15680.72,0.04,0.03,N,O,1997-07-20,1997-10-12,1997-08-10,COLLECT COD,AIR,counts sleep special excus
23552-1,23552,339,24,1,11.00,13632.63,0.09,0.01,N,O,1998-02-07,1998-04-08,1998-03-09,NONE,REG AIR,aintain until the 
23552-2,23552,905,40,2,14.00,25282.60,0.06,0.01,N,O,1998-05-05,1998-03-01,1998-05-18,NONE,AIR,romise blit
23552-3,23552,1404,22,3,14.00,18275.60,0.09,0.05,N,O,1998-03-12,1998-03-03,1998-04-04,NONE,AIR,"ntegrate slyly above the careful, expr"
23552-4,23552,423,53,4,49.00,64847.58,0.01,0.01,N,O,1998-05-10,1998-03-27,1998-06-02,DELIVER IN PERSON,MAIL,thless the
23553-1,23553,1723,24,1,37.00,60114.64,0.06,0.04,N,O,1998-06-05,1998-07-13,1998-06-22,TAKE BACK RETURN,SHIP,final depo
23553-2,23553,1660,61,2,30.00,46849.80,0.09,0.05,N,O,1998-08-11,1998-07-29,1998-08-18,NONE,TRUCK,tect. dolphins are
23553-3,23553,837,38,3,11.00,19116.13,0.07,0.00,N,O,1998-07-19,1998-07-19,1998-07-28,COLLECT COD,TRUCK, quiet accounts. regul
23553-4,23553,529,30,4,39.00,55751.28,0.01,0.03,N,O,1998-06-28,1998-07-22,1998-07-13,DELIVER IN PERSON,REG AIR,refully; regular theodolites
23554-1,23554,1693,35,1,21.00,33488.49,0.04,0.07,N,O,1997-03-12,1997-01-18,1997-04-09,TAKE BACK RETURN,TRUCK,ide of the accounts. slyly express plate
23554-2,23554,1031,37,2,35.00,32621.05,0.03,0.02,N,O,1997-03-14,1997-02-08,1997-04-11,TAKE BACK RETURN,RAIL,cajole. carefully rut
23554-3,23554,823,57,3,2.00,3447.64,0.08,0.01,N,O,1997-03-16,1997-02-18,1997-04-04,COLLECT COD,MAIL,riously about the requests. quickly quiet t
23554-4,23554,1058,59,4,16.00,15344.80,0.04,0.07,N,O,1997-01-11,1997-01-15,1997-02-07,TAKE BACK RETURN,REG AIR,l ideas. final ideas sleep busily. carefu
23554-5,23554,81,57,5,48.00,47091.84,0.00,0.01,N,O,1996-12-15,1997-01-27,1996-12-19,NONE,SHIP,arefully b
23555-1,23555,520,21,1,7.00,9943.64,0.02,0.08,R,F,1993-02-05,1993-01-19,1993-02-07,DELIVER IN PERSON,MAIL,s integrate. slyl
23555-2,23555,1030,36,2,49.00,45620.47,0.06,0.08,A,F,1993-04-01,1993-03-11,1993-04-21,TAKE BACK RETURN,AIR,telets against the 
23555-3,23555,886,86,3,30.00,53606.40,0.00,0.02,R,F,1993-01-21,1993-01-17,1993-01-23,TAKE BACK RETURN,FOB,sleep furiously. packages boos
23555-4,23555,809,76,4,13.00,22227.40,0.04,0.01,A,F,1993-03-03,1993-02-06,1993-03-11,TAKE BACK RETURN,MAIL,te blithely. ironic requests integrat
23555-5,23555,726,23,5,46.00,74829.12,0.00,0.04,A,F,1993-03-12,1993-02-24,1993-03-25,COLLECT COD,TRUCK,st have to hinder. ca
23555-6,23555,820,21,6,28.00,48182.96,0.03,0.05,R,F,1992-12-27,1993-03-07,1992-12-29,NONE,FOB,"s, regular deposits. permanently"
23555-7,23555,645,46,7,34.00,52551.76,0.04,0.04,R,F,1993-01-24,1993-01-29,1993-02-20,NONE,MAIL, wake slyly a
23556-1,23556,1951,52,1,12.00,22235.40,0.06,0.06,R,F,1995-04-29,1995-04-01,1995-05-22,NONE,TRUCK,ely regular packages. slyly pending
23556-2,23556,1667,91,2,22.00,34510.52,0.02,0.06,A,F,1995-05-11,1995-03-30,1995-05-27,NONE,MAIL,jole carefully furiou
23557-1,23557,372,29,1,15.00,19085.55,0.10,0.08,N,O,1995-08-15,1995-07-01,1995-09-04,NONE,FOB,s sleep fluffily at 
23557-2,23557,296,24,2,40.00,47851.60,0.00,0.07,N,O,1995-09-26,1995-08-18,1995-10-22,NONE,SHIP,ide of the slyly thin packages--
23557-3,23557,1610,34,3,45.00,68022.45,0.01,0.07,N,O,1995-06-21,1995-07-01,1995-07-06,TAKE BACK RETURN,AIR,dependencies.
23557-4,23557,137,38,4,48.00,49782.24,0.09,0.03,N,O,1995-09-15,1995-07-06,1995-10-10,NONE,AIR,t blithely above t
23557-5,23557,1809,10,5,13.00,22240.40,0.08,0.01,N,O,1995-08-18,1995-08-30,1995-09-15,TAKE BACK RETURN,AIR,ses. blithely unusual foxes poach. f
23557-6,23557,1346,23,6,50.00,62367.00,0.06,0.05,N,O,1995-07-26,1995-07-30,1995-08-12,NONE,REG AIR, ironic accoun
23558-1,23558,1979,24,1,29.00,54548.13,0.08,0.01,N,O,1995-09-16,1995-10-19,1995-09-27,COLLECT COD,MAIL,regular accounts. slyly even pack
23558-2,23558,1746,47,2,18.00,29659.32,0.09,0.03,N,O,1995-11-30,1995-10-18,1995-12-09,NONE,AIR,ve the platelets. 
23558-3,23558,601,33,3,30.00,45048.00,0.01,0.02,N,O,1995-11-04,1995-10-12,1995-11-15,TAKE BACK RETURN,FOB,slyly regular depths nag above the blithel
23558-4,23558,1964,9,4,20.00,37319.20,0.03,0.01,N,O,1995-10-28,1995-10-11,1995-11-11,TAKE BACK RETURN,SHIP,uickly. caref
23558-5,23558,632,95,5,43.00,65903.09,0.10,0.04,N,O,1995-08-15,1995-09-23,1995-08-26,TAKE BACK RETURN,TRUCK,nal accounts. ironic accounts slee
23558-6,23558,1451,30,6,42.00,56802.90,0.06,0.05,N,O,1995-10-09,1995-10-04,1995-10-11,DELIVER IN PERSON,REG AIR,iously regular packages dazzle about the bl
23558-7,23558,69,95,7,27.00,26164.62,0.05,0.06,N,O,1995-09-20,1995-09-15,1995-10-10,COLLECT COD,REG AIR, unusual deposits: f
23559-1,23559,838,38,1,22.00,38254.26,0.03,0.03,R,F,1993-08-15,1993-09-08,1993-09-01,DELIVER IN PERSON,REG AIR,leep slyly. even accounts boost bl
23559-2,23559,512,73,2,13.00,18362.63,0.05,0.06,R,F,1993-09-28,1993-09-13,1993-10-11,COLLECT COD,FOB,hely final 
23559-3,23559,1841,42,3,7.00,12199.88,0.06,0.08,A,F,1993-08-10,1993-10-04,1993-08-15,NONE,TRUCK,ending accounts. ironically exp
23559-4,23559,1146,19,4,6.00,6282.84,0.00,0.07,A,F,1993-11-15,1993-09-10,1993-11-25,TAKE BACK RETURN,FOB,ptotes integra
23559-5,23559,1761,46,5,19.00,31592.44,0.10,0.03,A,F,1993-08-13,1993-09-16,1993-09-03,COLLECT COD,RAIL,ckages sleep among the silent pinto beans. 
23559-6,23559,676,70,6,20.00,31533.40,0.06,0.02,R,F,1993-09-26,1993-09-21,1993-10-19,TAKE BACK RETURN,TRUCK,requests. quickly express instructions 
23559-7,23559,1879,80,7,27.00,48083.49,0.01,0.07,R,F,1993-08-07,1993-08-26,1993-08-10,DELIVER IN PERSON,TRUCK,y pending foxes promise abou
23584-1,23584,929,30,1,45.00,82346.40,0.00,0.02,R,F,1992-06-24,1992-05-20,1992-07-13,TAKE BACK RETURN,SHIP,"ess, final accounts. blithely regul"
23584-2,23584,184,63,2,21.00,22767.78,0.03,0.07,A,F,1992-06-08,1992-05-17,1992-06-11,TAKE BACK RETURN,MAIL,ounts above the pendi
23584-3,23584,166,93,3,31.00,33050.96,0.09,0.07,A,F,1992-05-28,1992-05-12,1992-06-12,NONE,MAIL,lyly ideas. final re
23584-4,23584,1815,45,4,4.00,6867.24,0.10,0.06,A,F,1992-04-01,1992-04-25,1992-04-17,COLLECT COD,SHIP,"encies near the unusual, regular accoun"
23585-1,23585,313,70,1,36.00,43679.16,0.08,0.08,R,F,1993-02-04,1993-01-28,1993-02-09,TAKE BACK RETURN,MAIL,accounts nod thinly i
23585-2,23585,25,76,2,10.00,9250.20,0.10,0.04,R,F,1993-02-24,1992-12-19,1993-03-11,NONE,FOB,furiously. unusual dolphins after the req
23585-3,23585,1752,37,3,37.00,61188.75,0.05,0.08,R,F,1993-02-04,1992-12-11,1993-02-15,COLLECT COD,SHIP,ily pending excu
23585-4,23585,984,87,4,19.00,35814.62,0.08,0.08,A,F,1993-02-06,1992-12-23,1993-02-27,NONE,AIR,olites? furiousl
23585-5,23585,1353,92,5,33.00,41393.55,0.04,0.08,R,F,1992-12-26,1993-01-15,1993-01-25,TAKE BACK RETURN,RAIL,ges. ironic wart
23586-1,23586,714,47,1,44.00,71047.24,0.01,0.08,R,F,1993-03-04,1993-02-22,1993-03-22,TAKE BACK RETURN,FOB,"s sleep quickly up the unusual, final"
23586-2,23586,609,41,2,43.00,64912.80,0.05,0.01,R,F,1993-03-06,1993-03-21,1993-03-09,NONE,SHIP,"requests breach. regular, r"
23586-3,23586,1840,27,3,39.00,67931.76,0.08,0.00,A,F,1993-04-17,1993-02-25,1993-05-07,TAKE BACK RETURN,MAIL, pending accou
23587-1,23587,241,42,1,2.00,2282.48,0.00,0.02,A,F,1992-08-05,1992-06-26,1992-08-31,COLLECT COD,AIR,kly. sometimes silent theodolites
23587-2,23587,1584,85,2,18.00,26740.44,0.00,0.01,A,F,1992-06-29,1992-07-31,1992-07-22,NONE,TRUCK, special de
23587-3,23587,131,32,3,4.00,4124.52,0.04,0.00,A,F,1992-08-25,1992-07-17,1992-09-14,COLLECT COD,AIR,"he fluffily permanent packages. even, thi"
23587-4,23587,1391,30,4,14.00,18093.46,0.05,0.07,A,F,1992-07-07,1992-06-22,1992-07-25,DELIVER IN PERSON,SHIP,xcuses. furiously thin deposits dazzle care
23587-5,23587,1936,25,5,23.00,42272.39,0.00,0.07,R,F,1992-06-16,1992-06-16,1992-07-02,COLLECT COD,AIR,. slyly bold pinto beans are neve
23588-1,23588,1046,52,1,8.00,7576.32,0.10,0.03,N,O,1996-12-15,1997-01-04,1997-01-08,DELIVER IN PERSON,SHIP,sts breach blithely. blithely final pa
23589-1,23589,549,80,1,1.00,1449.54,0.00,0.02,N,O,1998-06-02,1998-05-27,1998-06-12,NONE,AIR,g carefully slyly express theodolites.
23589-2,23589,1931,76,2,3.00,5498.79,0.08,0.05,N,O,1998-05-29,1998-06-07,1998-06-08,NONE,MAIL,sly about the blithely express ins
23589-3,23589,387,88,3,44.00,56644.72,0.10,0.08,N,O,1998-08-10,1998-07-02,1998-09-01,COLLECT COD,SHIP,lyly regular deposits 
23589-4,23589,69,95,4,32.00,31009.92,0.08,0.08,N,O,1998-05-31,1998-07-05,1998-06-07,NONE,SHIP, requests. bold theodolites among the flu
23590-1,23590,942,11,1,16.00,29487.04,0.01,0.06,N,O,1996-04-17,1996-04-06,1996-05-12,COLLECT COD,TRUCK,"ourts wake fluffily bold ideas. busy, pe"
23590-2,23590,191,18,2,27.00,29462.13,0.02,0.08,N,O,1996-04-13,1996-03-15,1996-04-20,COLLECT COD,FOB,s. slyly reg
23590-3,23590,1274,49,3,30.00,35258.10,0.07,0.06,N,O,1996-01-14,1996-03-09,1996-01-22,COLLECT COD,SHIP,"ng the even, regular realms caj"
23590-4,23590,27,78,4,11.00,10197.22,0.06,0.06,N,O,1996-02-12,1996-03-02,1996-02-24,TAKE BACK RETURN,REG AIR,"slyly special, "
23591-1,23591,1259,71,1,11.00,12762.75,0.05,0.00,N,O,1997-04-29,1997-06-26,1997-04-30,DELIVER IN PERSON,MAIL,eposits nod furiously. pending i
23591-2,23591,723,88,2,4.00,6494.88,0.02,0.08,N,O,1997-06-07,1997-05-19,1997-06-15,DELIVER IN PERSON,REG AIR,quests. fluffily reg
23591-3,23591,689,52,3,4.00,6358.72,0.08,0.01,N,O,1997-08-08,1997-06-29,1997-09-05,COLLECT COD,FOB,en courts unwind; furious
23591-4,23591,763,96,4,43.00,71541.68,0.09,0.05,N,O,1997-05-29,1997-05-27,1997-06-07,NONE,MAIL,e fluffily iro
23616-1,23616,1498,38,1,19.00,26590.31,0.03,0.04,R,F,1992-12-03,1992-10-31,1992-12-08,TAKE BACK RETURN,RAIL, accounts sleep closely around th
23616-2,23616,558,19,2,29.00,42297.95,0.03,0.07,A,F,1992-11-06,1992-09-28,1992-11-27,NONE,AIR,nts haggle quickly. ca
23616-3,23616,371,72,3,5.00,6356.85,0.10,0.08,A,F,1992-11-09,1992-10-07,1992-12-06,COLLECT COD,REG AIR,uffy dolph
23616-4,23616,768,69,4,45.00,75094.20,0.09,0.02,A,F,1992-10-16,1992-10-25,1992-11-01,TAKE BACK RETURN,AIR,ecial foxes play carefully. bold depos
23616-5,23616,312,97,5,21.00,25458.51,0.00,0.01,A,F,1992-11-07,1992-10-22,1992-11-18,TAKE BACK RETURN,RAIL,ts. slyly regular deposits ha
23617-1,23617,1487,27,1,26.00,36100.48,0.08,0.02,A,F,1995-05-08,1995-07-16,1995-05-13,DELIVER IN PERSON,RAIL,uriously express accounts cajo
23617-2,23617,1025,96,2,44.00,40744.88,0.07,0.07,N,O,1995-08-27,1995-07-18,1995-09-06,NONE,TRUCK,even court
23617-3,23617,747,48,3,23.00,37898.02,0.10,0.03,N,F,1995-05-30,1995-07-21,1995-06-23,NONE,REG AIR, the slyly even gifts. expr
23617-4,23617,781,46,4,43.00,72316.54,0.01,0.08,N,O,1995-08-08,1995-06-15,1995-08-31,DELIVER IN PERSON,REG AIR,. final ideas
23617-5,23617,471,59,5,44.00,60344.68,0.02,0.07,N,O,1995-08-30,1995-06-27,1995-09-13,NONE,SHIP, ideas. blithely regular accounts sleep f
23618-1,23618,1098,4,1,4.00,3996.36,0.08,0.03,R,F,1993-01-14,1992-12-31,1993-01-17,DELIVER IN PERSON,AIR,es was blithely unusual accounts
23618-2,23618,746,79,2,2.00,3293.48,0.03,0.07,R,F,1992-12-25,1993-01-20,1992-12-31,TAKE BACK RETURN,RAIL,"efully unusual packages use pending, bol"
23618-3,23618,1402,42,3,14.00,18247.60,0.02,0.07,A,F,1993-02-05,1993-01-15,1993-02-18,TAKE BACK RETURN,MAIL,kly unusual
23619-1,23619,1675,76,1,7.00,11036.69,0.07,0.04,R,F,1993-02-28,1993-02-18,1993-03-09,DELIVER IN PERSON,REG AIR,es dazzle slyly f
23619-2,23619,989,92,2,10.00,18899.80,0.04,0.05,A,F,1993-04-03,1993-03-18,1993-04-05,TAKE BACK RETURN,TRUCK,"s are. even, slow "
23619-3,23619,566,67,3,47.00,68928.32,0.05,0.04,R,F,1993-02-20,1993-03-21,1993-03-14,COLLECT COD,RAIL,"ongside of the bold, ironic packages."
23619-4,23619,935,4,4,31.00,56913.83,0.04,0.05,A,F,1993-03-04,1993-03-20,1993-03-14,NONE,FOB,ular courts. blithely 
23619-5,23619,800,33,5,14.00,23811.20,0.10,0.07,A,F,1993-04-21,1993-02-28,1993-05-18,DELIVER IN PERSON,SHIP,ly final sentimen
23620-1,23620,419,49,1,3.00,3958.23,0.08,0.06,N,O,1998-09-22,1998-10-03,1998-09-25,COLLECT COD,FOB,luffily slyly final platelets. pinto bea
23620-2,23620,1996,29,2,32.00,60735.68,0.04,0.00,N,O,1998-08-22,1998-08-30,1998-09-05,TAKE BACK RETURN,MAIL,ges after the final excuses boost
23620-3,23620,793,26,3,8.00,13550.32,0.00,0.05,N,O,1998-08-07,1998-08-30,1998-08-17,TAKE BACK RETURN,RAIL,e the quickly ironic requests. slyly unu
23620-4,23620,1118,27,4,32.00,32611.52,0.10,0.00,N,O,1998-08-21,1998-09-17,1998-08-31,DELIVER IN PERSON,RAIL,ests. quickly special packa
23620-5,23620,542,73,5,12.00,17310.48,0.03,0.08,N,O,1998-09-12,1998-09-30,1998-09-30,DELIVER IN PERSON,RAIL,s. patterns haggle at the furiously even d
23621-1,23621,1312,27,1,29.00,35185.99,0.05,0.05,N,O,1997-04-02,1997-03-29,1997-04-09,COLLECT COD,TRUCK, notornis haggle furiously. car
23621-2,23621,977,46,2,20.00,37559.40,0.05,0.00,N,O,1997-01-19,1997-03-19,1997-01-21,COLLECT COD,FOB,ding to the requests. final foxes hagg
23621-3,23621,1641,65,3,28.00,43193.92,0.03,0.07,N,O,1997-02-11,1997-03-15,1997-03-03,DELIVER IN PERSON,REG AIR,gular requests. carefully 
23621-4,23621,64,65,4,13.00,12532.78,0.09,0.04,N,O,1997-01-08,1997-02-28,1997-01-31,COLLECT COD,SHIP,nding grouches cajole. furious
23621-5,23621,1841,85,5,41.00,71456.44,0.03,0.04,N,O,1997-03-14,1997-02-23,1997-04-09,DELIVER IN PERSON,MAIL,ggle carefully. fluff
23621-6,23621,934,37,6,5.00,9174.65,0.09,0.07,N,O,1997-02-12,1997-03-18,1997-02-21,COLLECT COD,MAIL,he bravely unusua
23622-1,23622,1335,74,1,22.00,27199.26,0.01,0.03,R,F,1994-07-31,1994-06-28,1994-08-16,COLLECT COD,SHIP, slyly above the requests. quickly 
23622-2,23622,592,93,2,32.00,47762.88,0.10,0.05,R,F,1994-04-11,1994-06-10,1994-05-01,DELIVER IN PERSON,AIR,st carefully furiously unusual foxes. care
23622-3,23622,1325,40,3,36.00,44147.52,0.06,0.04,R,F,1994-07-10,1994-06-04,1994-07-16,COLLECT COD,TRUCK,"ck deposits play. special, "
23622-4,23622,227,82,4,46.00,51852.12,0.09,0.07,R,F,1994-05-10,1994-06-04,1994-05-12,COLLECT COD,MAIL,ages. final accounts nag slyly! 
23622-5,23622,544,45,5,16.00,23112.64,0.00,0.01,A,F,1994-07-17,1994-07-01,1994-08-16,COLLECT COD,MAIL,above the hockey players could have to gro
23623-1,23623,1122,95,1,35.00,35809.20,0.09,0.02,N,O,1997-02-15,1997-02-23,1997-02-19,NONE,SHIP,s according to the slyly fluffy inst
23623-2,23623,1220,58,2,48.00,53818.56,0.06,0.04,N,O,1997-03-19,1997-03-06,1997-04-06,TAKE BACK RETURN,AIR,ously across th
23623-3,23623,411,70,3,18.00,23605.38,0.03,0.07,N,O,1997-03-17,1997-03-11,1997-04-07,DELIVER IN PERSON,RAIL, excuses. carefully silent pea
23648-1,23648,1263,38,1,29.00,33763.54,0.06,0.08,A,F,1992-12-19,1992-11-27,1993-01-14,DELIVER IN PERSON,RAIL,ously bold foxes. 
23648-2,23648,771,36,2,6.00,10030.62,0.10,0.01,A,F,1993-01-08,1992-12-23,1993-02-06,NONE,TRUCK,. slyly even foxes affix qui
23648-3,23648,454,42,3,16.00,21671.20,0.08,0.07,R,F,1992-11-24,1992-10-25,1992-12-11,TAKE BACK RETURN,AIR,lly even courts integrate carefully a
23648-4,23648,188,41,4,27.00,29380.86,0.04,0.08,A,F,1992-12-11,1992-11-12,1992-12-19,TAKE BACK RETURN,AIR,"lar packages. ironic, unusual ideas"
23648-5,23648,1695,78,5,7.00,11176.83,0.09,0.07,A,F,1992-10-24,1992-12-06,1992-11-12,TAKE BACK RETURN,SHIP, are carefully unusual 
23648-6,23648,919,54,6,44.00,80076.04,0.00,0.04,R,F,1992-11-01,1992-10-28,1992-11-10,TAKE BACK RETURN,RAIL,"ial accounts. even, even ideas about"
23648-7,23648,1332,71,7,23.00,28366.59,0.00,0.01,A,F,1992-10-14,1992-12-16,1992-11-07,DELIVER IN PERSON,RAIL, regular packages cajole carefully
23649-1,23649,764,65,1,28.00,46613.28,0.03,0.04,R,F,1992-11-01,1992-10-13,1992-11-17,TAKE BACK RETURN,FOB,counts use carefully along the foxes: iro
23649-2,23649,1366,81,2,35.00,44357.60,0.07,0.06,R,F,1992-11-20,1992-10-21,1992-11-27,TAKE BACK RETURN,TRUCK,rding to the 
23649-3,23649,713,14,3,23.00,37115.33,0.09,0.07,A,F,1992-11-22,1992-10-21,1992-12-07,TAKE BACK RETURN,RAIL,omise blithely.
23649-4,23649,987,88,4,3.00,5663.94,0.09,0.05,A,F,1992-10-16,1992-10-07,1992-10-24,TAKE BACK RETURN,RAIL,uriously bold ideas sleep deposits: pin
23649-5,23649,304,61,5,41.00,49376.30,0.10,0.01,A,F,1992-12-22,1992-12-04,1993-01-05,TAKE BACK RETURN,RAIL,platelets. regular somas are carefully 
23649-6,23649,1596,17,6,38.00,56908.42,0.05,0.01,A,F,1992-12-14,1992-10-26,1992-12-27,COLLECT COD,FOB,l requests about the accounts slee
23649-7,23649,354,55,7,45.00,56445.75,0.10,0.03,R,F,1992-10-17,1992-11-21,1992-10-22,NONE,TRUCK,pecial depths. regular plat
23650-1,23650,1103,76,1,30.00,30123.00,0.08,0.00,N,O,1997-02-02,1997-02-08,1997-02-14,NONE,FOB," asymptotes integrate pending, "
23650-2,23650,1669,52,2,8.00,12565.28,0.09,0.05,N,O,1997-04-05,1997-03-09,1997-05-05,COLLECT COD,MAIL,st the furiously special 
23651-1,23651,224,6,1,46.00,51714.12,0.06,0.02,N,O,1997-12-10,1998-02-10,1998-01-02,NONE,AIR,sly ironic accounts nag slyl
23651-2,23651,537,28,2,29.00,41688.37,0.10,0.07,N,O,1997-12-26,1998-02-11,1998-01-01,TAKE BACK RETURN,MAIL,s sleep at the ironic pac
23651-3,23651,206,7,3,41.00,45354.20,0.07,0.02,N,O,1997-11-25,1998-02-04,1997-12-25,NONE,FOB, close ideas along the 
23651-4,23651,1399,100,4,12.00,15604.68,0.07,0.01,N,O,1998-02-12,1998-01-19,1998-02-15,DELIVER IN PERSON,FOB,al accounts boost
23651-5,23651,1616,40,5,3.00,4552.83,0.03,0.06,N,O,1998-03-01,1998-02-04,1998-03-03,COLLECT COD,MAIL,nts might hang r
23652-1,23652,1861,62,1,41.00,72277.26,0.07,0.05,R,F,1994-12-02,1994-10-02,1994-12-23,TAKE BACK RETURN,RAIL,unts. theodolites after the
23652-2,23652,1727,12,2,6.00,9772.32,0.05,0.05,R,F,1994-11-04,1994-10-12,1994-11-25,NONE,REG AIR,telets. courts cajole alongside of the 
23653-1,23653,1058,64,1,50.00,47952.50,0.07,0.08,N,O,1997-01-04,1996-11-13,1997-01-21,TAKE BACK RETURN,RAIL,ckages. slyly express theodolites 
23653-2,23653,154,33,2,22.00,23191.30,0.03,0.08,N,O,1996-12-09,1996-12-11,1996-12-20,TAKE BACK RETURN,RAIL,deposits. care
23653-3,23653,1775,18,3,20.00,33535.40,0.03,0.05,N,O,1997-01-27,1996-12-27,1997-01-28,NONE,SHIP,the carefully even acco
23653-4,23653,711,44,4,16.00,25787.36,0.00,0.05,N,O,1996-10-15,1997-01-07,1996-11-11,NONE,SHIP,stealthily unu
23653-5,23653,922,23,5,3.00,5468.76,0.09,0.07,N,O,1996-10-24,1996-12-03,1996-11-04,COLLECT COD,FOB,"ckages. ironic, ironic foxes for the f"
23654-1,23654,1466,84,1,43.00,58800.78,0.04,0.05,N,O,1997-01-31,1996-12-13,1997-02-16,COLLECT COD,TRUCK,eposits affi
23654-2,23654,1875,62,2,29.00,51529.23,0.04,0.03,N,O,1997-01-08,1996-11-21,1997-01-26,DELIVER IN PERSON,MAIL," to the furious, even fo"
23654-3,23654,1399,14,3,39.00,50715.21,0.02,0.08,N,O,1996-12-27,1996-11-21,1996-12-29,DELIVER IN PERSON,SHIP,instructio
23654-4,23654,1913,2,4,43.00,78041.13,0.04,0.03,N,O,1997-01-31,1996-11-06,1997-02-18,TAKE BACK RETURN,RAIL,p furiously about the quickly express i
23654-5,23654,629,23,5,47.00,71892.14,0.09,0.08,N,O,1996-10-09,1996-12-14,1996-10-21,TAKE BACK RETURN,SHIP,lyly according to the q
23655-1,23655,1399,14,1,26.00,33810.14,0.10,0.01,N,O,1996-11-20,1996-12-14,1996-12-02,TAKE BACK RETURN,RAIL," are quickly. bold, sil"
23655-2,23655,1891,35,2,30.00,53786.70,0.02,0.04,N,O,1997-01-11,1996-11-02,1997-01-28,NONE,MAIL,ic requests sleep sometimes
23655-3,23655,1413,31,3,40.00,52576.40,0.02,0.08,N,O,1996-10-30,1996-11-06,1996-11-07,NONE,TRUCK,ic requests. blithely even theodolites acr
23655-4,23655,619,13,4,39.00,59264.79,0.06,0.08,N,O,1996-09-20,1996-11-10,1996-10-07,TAKE BACK RETURN,REG AIR,ans are bli
23680-1,23680,1773,100,1,25.00,41869.25,0.10,0.07,R,F,1994-01-03,1993-12-29,1994-01-13,NONE,REG AIR,lly even instructions.
23680-2,23680,1675,76,2,10.00,15766.70,0.03,0.01,A,F,1994-01-14,1994-01-06,1994-02-11,DELIVER IN PERSON,TRUCK,ven ideas wake furiously across the 
23681-1,23681,1899,86,1,25.00,45022.25,0.03,0.00,A,F,1992-07-07,1992-07-05,1992-08-01,NONE,MAIL,y special multiplie
23682-1,23682,1586,87,1,29.00,43139.82,0.07,0.04,N,O,1998-04-15,1998-05-11,1998-04-16,DELIVER IN PERSON,RAIL,ing pinto beans haggle carefully 
23682-2,23682,1214,26,2,7.00,7806.47,0.01,0.00,N,O,1998-03-27,1998-05-05,1998-04-25,TAKE BACK RETURN,FOB,arefully express pinto beans? regular requ
23683-1,23683,1987,32,1,19.00,35890.62,0.01,0.07,N,O,1996-11-13,1996-11-22,1996-12-11,COLLECT COD,FOB,usly final accounts use acros
23684-1,23684,1848,92,1,42.00,73493.28,0.09,0.05,N,O,1998-04-18,1998-05-09,1998-04-22,COLLECT COD,REG AIR,es haggle fluffily p
23684-2,23684,479,38,2,46.00,63455.62,0.03,0.05,N,O,1998-06-17,1998-04-22,1998-06-29,NONE,FOB,silent asymptotes use furious
23684-3,23684,1320,97,3,38.00,46410.16,0.02,0.01,N,O,1998-05-30,1998-05-06,1998-06-17,NONE,FOB,enticingly quickly pending dolphins. furiou
23684-4,23684,1479,97,4,8.00,11043.76,0.02,0.08,N,O,1998-04-16,1998-05-06,1998-04-17,TAKE BACK RETURN,AIR,gular accounts along the
23684-5,23684,36,87,5,43.00,40249.29,0.01,0.08,N,O,1998-05-29,1998-05-03,1998-06-24,DELIVER IN PERSON,AIR,", ironic e"
23684-6,23684,1345,22,6,45.00,56085.30,0.00,0.06,N,O,1998-06-07,1998-04-26,1998-07-02,DELIVER IN PERSON,TRUCK,xpress epitaphs affix blithely unusua
23684-7,23684,1785,86,7,23.00,38795.94,0.03,0.05,N,O,1998-06-04,1998-04-29,1998-07-01,NONE,RAIL,". final, regular t"
23685-1,23685,1252,90,1,44.00,50743.00,0.01,0.00,A,F,1992-08-04,1992-08-11,1992-08-26,NONE,RAIL,"s wake blithely regular, final"
23685-2,23685,619,51,2,45.00,68382.45,0.06,0.07,R,F,1992-08-19,1992-09-08,1992-09-13,DELIVER IN PERSON,FOB,cies around the car
23685-3,23685,1872,16,3,26.00,46120.62,0.09,0.05,R,F,1992-10-08,1992-09-28,1992-10-22,DELIVER IN PERSON,FOB,al accounts sleep c
23685-4,23685,404,34,4,40.00,52176.00,0.01,0.04,R,F,1992-09-03,1992-08-08,1992-09-22,TAKE BACK RETURN,FOB, foxes. bold packages amon
23685-5,23685,329,14,5,26.00,31962.32,0.01,0.06,A,F,1992-07-10,1992-08-10,1992-08-04,DELIVER IN PERSON,REG AIR, cajole according to the furiou
23685-6,23685,1221,59,6,40.00,44888.80,0.01,0.02,R,F,1992-08-15,1992-09-11,1992-09-07,NONE,MAIL,"against the daring, even dependencies. iron"
23685-7,23685,1085,91,7,6.00,5916.48,0.05,0.00,R,F,1992-07-23,1992-09-05,1992-07-28,NONE,TRUCK,"tes promise. unusual, p"
23686-1,23686,38,39,1,7.00,6566.21,0.01,0.01,N,O,1996-12-05,1997-01-26,1996-12-25,DELIVER IN PERSON,AIR,ld packages sleep furious
23686-2,23686,1490,91,2,15.00,20872.35,0.03,0.08,N,O,1996-12-05,1997-02-06,1996-12-18,COLLECT COD,MAIL,. slyly ironic pinto beans poa
23686-3,23686,1668,10,3,45.00,70634.70,0.10,0.05,N,O,1997-02-01,1997-02-24,1997-02-06,COLLECT COD,RAIL,. blithely express theodolites use against 
23686-4,23686,535,36,4,13.00,18661.89,0.09,0.00,N,O,1997-02-18,1997-01-24,1997-03-14,COLLECT COD,AIR,"jole. ironic, pending p"
23686-5,23686,1670,94,5,2.00,3143.34,0.01,0.06,N,O,1997-01-18,1997-01-26,1997-01-31,TAKE BACK RETURN,SHIP,gular deposits among the fluffily final the
23686-6,23686,1166,75,6,28.00,29880.48,0.01,0.03,N,O,1997-03-17,1997-01-22,1997-04-07,DELIVER IN PERSON,REG AIR,ording to the carefu
23687-1,23687,622,54,1,34.00,51769.08,0.08,0.00,N,O,1996-11-16,1997-01-06,1996-12-09,DELIVER IN PERSON,REG AIR,ckages solve 
23712-1,23712,1246,21,1,29.00,33269.96,0.09,0.00,A,F,1993-10-12,1993-10-28,1993-11-03,NONE,REG AIR,ecial ideas. fluffily r
23713-1,23713,1772,15,1,10.00,16737.70,0.00,0.06,R,F,1993-03-16,1993-01-14,1993-04-05,COLLECT COD,REG AIR,he special pinto beans. fu
23713-2,23713,424,12,2,50.00,66221.00,0.10,0.01,R,F,1993-01-22,1992-12-29,1993-02-09,DELIVER IN PERSON,REG AIR,the theodolites: even platel
23713-3,23713,1384,61,3,32.00,41132.16,0.09,0.00,A,F,1993-03-24,1993-01-12,1993-04-05,NONE,TRUCK,ill are above the final p
23713-4,23713,239,94,4,11.00,12531.53,0.01,0.00,A,F,1993-02-03,1993-02-09,1993-02-22,NONE,REG AIR,nently slyly ironic requests. flu
23714-1,23714,1557,38,1,6.00,8751.30,0.07,0.00,N,O,1996-04-12,1996-05-11,1996-05-10,DELIVER IN PERSON,REG AIR,e special requests ar
23714-2,23714,578,79,2,43.00,63578.51,0.04,0.01,N,O,1996-08-02,1996-05-07,1996-08-27,NONE,SHIP,ully sly requests: fur
23715-1,23715,1710,11,1,40.00,64468.40,0.09,0.06,N,O,1997-07-29,1997-07-28,1997-08-11,COLLECT COD,AIR, pinto beans after the even p
23716-1,23716,543,74,1,32.00,46193.28,0.09,0.02,N,O,1997-04-10,1997-05-22,1997-04-14,TAKE BACK RETURN,AIR," theodolites after the even,"
23716-2,23716,686,80,2,18.00,28560.24,0.08,0.01,N,O,1997-06-21,1997-04-20,1997-06-27,NONE,RAIL,furiously silently iron
23716-3,23716,1435,36,3,47.00,62812.21,0.08,0.08,N,O,1997-05-15,1997-05-30,1997-05-16,DELIVER IN PERSON,SHIP,al dependencies. special requests impres
23716-4,23716,1569,50,4,44.00,64704.64,0.04,0.04,N,O,1997-04-04,1997-05-15,1997-04-14,NONE,FOB,uests. packages w
23716-5,23716,301,58,5,20.00,24026.00,0.03,0.04,N,O,1997-06-14,1997-04-12,1997-06-22,DELIVER IN PERSON,SHIP,"final, special "
23716-6,23716,1240,41,6,17.00,19401.08,0.08,0.06,N,O,1997-06-28,1997-05-25,1997-07-11,NONE,MAIL,y unusual pinto bean
23717-1,23717,1872,73,1,11.00,19512.57,0.10,0.08,R,F,1993-12-01,1994-01-15,1993-12-05,COLLECT COD,SHIP,s. furiously un
23717-2,23717,1343,58,2,50.00,62217.00,0.04,0.02,A,F,1993-11-20,1994-02-05,1993-12-10,COLLECT COD,AIR,tes. quickly ironic courts above the iro
23718-1,23718,1239,51,1,45.00,51310.35,0.08,0.05,A,F,1994-04-05,1994-04-21,1994-05-01,DELIVER IN PERSON,RAIL,its dazzle bravely agains
23718-2,23718,51,77,2,31.00,29482.55,0.08,0.06,A,F,1994-04-10,1994-03-19,1994-05-04,COLLECT COD,TRUCK,riously bold deposits a
23718-3,23718,867,34,3,6.00,10607.16,0.04,0.05,R,F,1994-05-15,1994-04-05,1994-05-24,TAKE BACK RETURN,TRUCK,y unusual packages use carefully among the
23718-4,23718,1502,43,4,46.00,64561.00,0.04,0.08,R,F,1994-05-19,1994-03-06,1994-05-29,TAKE BACK RETURN,FOB, packages wak
23719-1,23719,825,25,1,38.00,65581.16,0.09,0.07,A,F,1993-08-03,1993-10-23,1993-08-14,NONE,TRUCK,lar sheaves. slyly final
23719-2,23719,225,7,2,2.00,2250.44,0.08,0.05,R,F,1993-09-21,1993-09-09,1993-10-17,DELIVER IN PERSON,SHIP,ffily slow requests
23719-3,23719,865,32,3,39.00,68868.54,0.03,0.07,A,F,1993-09-01,1993-09-08,1993-09-06,TAKE BACK RETURN,TRUCK,asymptotes. carefully silent 
23744-1,23744,1972,73,1,38.00,71210.86,0.04,0.04,N,O,1998-04-19,1998-04-21,1998-04-28,DELIVER IN PERSON,SHIP,. sly theodolites use across 
23744-2,23744,72,23,2,29.00,28190.03,0.06,0.05,N,O,1998-04-20,1998-04-20,1998-05-07,COLLECT COD,SHIP,ng the enticingly pending pinto beans. s
23744-3,23744,1414,15,3,34.00,44723.94,0.00,0.03,N,O,1998-03-15,1998-04-26,1998-03-19,NONE,AIR,ic accounts wake about
23744-4,23744,415,45,4,24.00,31569.84,0.04,0.02,N,O,1998-02-18,1998-03-12,1998-03-11,DELIVER IN PERSON,FOB,sits. dependencies use. furiously reg
23744-5,23744,1254,66,5,22.00,25415.50,0.07,0.04,N,O,1998-05-20,1998-04-27,1998-06-13,TAKE BACK RETURN,REG AIR,. furiously b
23745-1,23745,1830,74,1,3.00,5195.49,0.09,0.03,A,F,1993-01-24,1993-02-16,1993-02-12,COLLECT COD,TRUCK,ly bold packages. slyly final
23745-2,23745,856,23,2,15.00,26352.75,0.06,0.02,R,F,1993-03-26,1993-01-26,1993-04-18,NONE,TRUCK,lly regular packages us
23745-3,23745,1894,38,3,40.00,71835.60,0.09,0.08,A,F,1992-12-23,1993-01-19,1993-01-07,NONE,FOB,uriously. deposits detec
23745-4,23745,400,57,4,36.00,46814.40,0.05,0.06,R,F,1993-03-06,1993-03-04,1993-04-02,DELIVER IN PERSON,TRUCK,olites haggle slyly according t
23745-5,23745,446,47,5,16.00,21543.04,0.09,0.07,A,F,1993-01-11,1993-02-08,1993-02-02,NONE,AIR,s are on the furiously final excuses. furio
23745-6,23745,719,16,6,15.00,24295.65,0.07,0.04,A,F,1992-12-09,1993-03-01,1993-01-05,NONE,REG AIR,ts. carefully final hockey playe
23745-7,23745,336,21,7,44.00,54398.52,0.05,0.08,R,F,1993-02-12,1993-02-10,1993-03-11,DELIVER IN PERSON,RAIL,". regular, fluffy "
23746-1,23746,197,76,1,8.00,8777.52,0.03,0.00,A,F,1994-02-21,1994-01-20,1994-03-22,NONE,FOB,iously pending requests. ironic instructio
23746-2,23746,141,42,2,9.00,9370.26,0.09,0.01,R,F,1994-03-09,1994-03-13,1994-03-14,NONE,FOB, even foxes 
23746-3,23746,695,89,3,36.00,57444.84,0.05,0.02,R,F,1994-01-07,1994-02-16,1994-01-19,TAKE BACK RETURN,RAIL,nts boost carefully against the 
23746-4,23746,1037,73,4,18.00,16884.54,0.01,0.00,A,F,1994-04-07,1994-02-04,1994-04-27,DELIVER IN PERSON,FOB,ourts haggle. final pack
23746-5,23746,427,57,5,18.00,23893.56,0.09,0.02,R,F,1993-12-18,1994-01-25,1994-01-08,COLLECT COD,SHIP,tes boost aft
23746-6,23746,561,52,6,21.00,30692.76,0.05,0.00,R,F,1994-01-09,1994-02-06,1994-01-14,NONE,FOB,ons up the packages use blithely blithel
23747-1,23747,1997,98,1,44.00,83555.56,0.02,0.04,N,O,1998-07-06,1998-07-23,1998-07-22,DELIVER IN PERSON,TRUCK,thin accounts. careful
23747-2,23747,519,50,2,31.00,44004.81,0.04,0.06,N,O,1998-09-09,1998-07-29,1998-10-01,TAKE BACK RETURN,REG AIR,s are furiously sin
23748-1,23748,1734,35,1,14.00,22900.22,0.09,0.00,A,F,1992-09-17,1992-10-03,1992-10-04,DELIVER IN PERSON,REG AIR,against the requests hag
23749-1,23749,1246,47,1,14.00,16061.36,0.00,0.01,N,O,1997-04-29,1997-03-17,1997-05-12,DELIVER IN PERSON,FOB,fter the fluffily ironic or
23749-2,23749,1741,42,2,46.00,75566.04,0.10,0.08,N,O,1997-01-28,1997-03-31,1997-02-22,COLLECT COD,TRUCK,ts cajole furiously ironic pla
23749-3,23749,1545,86,3,8.00,11572.32,0.01,0.05,N,O,1997-02-24,1997-03-30,1997-03-16,NONE,AIR,silent requests are carefully 
23749-4,23749,928,97,4,4.00,7315.68,0.00,0.00,N,O,1997-05-21,1997-03-08,1997-06-01,DELIVER IN PERSON,AIR,jole slyly against t
23749-5,23749,149,2,5,42.00,44063.88,0.05,0.05,N,O,1997-05-20,1997-03-26,1997-06-06,COLLECT COD,FOB,"ons sleep regular, regu"
23749-6,23749,871,71,6,3.00,5315.61,0.07,0.00,N,O,1997-02-09,1997-04-20,1997-03-01,TAKE BACK RETURN,MAIL,accounts. regular re
23750-1,23750,230,85,1,1.00,1130.23,0.02,0.02,R,F,1992-10-27,1992-09-30,1992-11-16,TAKE BACK RETURN,SHIP,oost carefully slyl
23750-2,23750,332,89,2,27.00,33272.91,0.04,0.02,A,F,1992-12-14,1992-10-07,1993-01-12,DELIVER IN PERSON,REG AIR,"l packages. dogged, special pinto beans "
23750-3,23750,1918,51,3,23.00,41857.93,0.10,0.04,A,F,1992-09-27,1992-10-05,1992-10-27,COLLECT COD,REG AIR,sly among the express accounts
23750-4,23750,426,56,4,9.00,11937.78,0.04,0.00,A,F,1992-10-13,1992-10-12,1992-10-24,NONE,AIR,y ironic sentiments. blithely even frays
23751-1,23751,1049,20,1,13.00,12350.52,0.09,0.02,A,F,1994-05-27,1994-06-14,1994-06-19,COLLECT COD,TRUCK, regular foxes after the carefully
23751-2,23751,545,46,2,33.00,47702.82,0.02,0.06,A,F,1994-07-09,1994-06-16,1994-07-27,DELIVER IN PERSON,REG AIR,ackages detect furiously above th
23751-3,23751,1401,41,3,21.00,27350.40,0.00,0.01,A,F,1994-07-13,1994-05-16,1994-08-03,DELIVER IN PERSON,RAIL,riously. doggedly final reques
23751-4,23751,1447,48,4,8.00,10787.52,0.04,0.08,R,F,1994-05-28,1994-06-04,1994-06-12,DELIVER IN PERSON,REG AIR,ts after t
23776-1,23776,1703,46,1,7.00,11232.90,0.07,0.06,A,F,1992-10-07,1992-10-10,1992-11-06,DELIVER IN PERSON,REG AIR,final ideas. 
23776-2,23776,760,57,2,39.00,64769.64,0.02,0.00,R,F,1992-12-06,1992-09-10,1992-12-22,COLLECT COD,SHIP,boost furiously bold accou
23777-1,23777,852,53,1,2.00,3505.70,0.05,0.03,A,F,1993-02-06,1993-01-28,1993-02-16,DELIVER IN PERSON,TRUCK,"ual deposits. even, bold packa"
23777-2,23777,606,100,2,41.00,61770.60,0.08,0.07,R,F,1993-02-18,1993-02-08,1993-03-11,DELIVER IN PERSON,FOB,ole blithely unusual a
23777-3,23777,511,72,3,8.00,11292.08,0.10,0.06,R,F,1993-02-20,1992-12-28,1993-03-15,COLLECT COD,TRUCK,bold instructions cajole 
23777-4,23777,1173,46,4,2.00,2148.34,0.10,0.01,R,F,1993-01-22,1993-02-25,1993-02-16,NONE,FOB,ests among the slyly even
23777-5,23777,1214,52,5,4.00,4460.84,0.08,0.02,A,F,1993-03-05,1993-02-01,1993-04-04,NONE,RAIL, pinto beans kindle. quickly unusual de
23777-6,23777,1946,35,6,25.00,46198.50,0.07,0.00,A,F,1993-03-02,1992-12-28,1993-03-07,TAKE BACK RETURN,RAIL,. forges are past the ironi
23778-1,23778,1464,82,1,44.00,60080.24,0.00,0.02,R,F,1994-08-06,1994-08-21,1994-08-10,TAKE BACK RETURN,RAIL,nal dugouts cajole along the r
23778-2,23778,1478,79,2,5.00,6897.35,0.03,0.05,A,F,1994-07-16,1994-10-04,1994-08-09,DELIVER IN PERSON,FOB,"ly blithely ironic requests. even, regular "
23778-3,23778,1365,42,3,26.00,32925.36,0.05,0.07,R,F,1994-10-04,1994-09-20,1994-10-09,NONE,TRUCK,ve the even re
23778-4,23778,43,69,4,1.00,943.04,0.01,0.02,A,F,1994-08-25,1994-08-16,1994-09-24,DELIVER IN PERSON,REG AIR,ithely busy asymptotes haggle accordi
23778-5,23778,28,54,5,10.00,9280.20,0.09,0.02,A,F,1994-08-08,1994-08-15,1994-09-03,NONE,RAIL,ackages. carefully ironic depo
23778-6,23778,91,92,6,48.00,47572.32,0.08,0.07,R,F,1994-08-06,1994-08-23,1994-09-02,COLLECT COD,MAIL,ingly. ironic dolphins grow fluffily
23779-1,23779,1803,4,1,44.00,75011.20,0.08,0.06,N,O,1998-07-31,1998-09-17,1998-08-29,COLLECT COD,SHIP,ests above the furiou
23779-2,23779,1770,71,2,19.00,31763.63,0.05,0.02,N,O,1998-07-04,1998-08-14,1998-07-16,COLLECT COD,RAIL, instructions nag slyly. ruthless
23779-3,23779,627,90,3,42.00,64160.04,0.06,0.00,N,O,1998-07-31,1998-08-01,1998-08-10,DELIVER IN PERSON,REG AIR,fily slyly pending requests. qu
23779-4,23779,1060,61,4,23.00,22104.38,0.07,0.06,N,O,1998-09-30,1998-08-02,1998-10-21,NONE,REG AIR,pecial tithes cajol
23779-5,23779,83,34,5,35.00,34407.80,0.07,0.06,N,O,1998-07-15,1998-08-01,1998-07-19,NONE,REG AIR, unusual ideas are fluffily c
23779-6,23779,1843,73,6,31.00,54090.04,0.06,0.04,N,O,1998-09-27,1998-09-07,1998-09-30,TAKE BACK RETURN,RAIL, ironic instruction
23780-1,23780,941,76,1,25.00,46048.50,0.06,0.07,N,O,1997-06-25,1997-07-01,1997-07-20,NONE,SHIP," unusual, regular p"
23781-1,23781,1404,5,1,13.00,16970.20,0.07,0.05,N,O,1995-12-22,1996-01-13,1995-12-29,DELIVER IN PERSON,TRUCK,ilent requests nag slyly 
23781-2,23781,1584,25,2,9.00,13370.22,0.01,0.05,N,O,1995-12-22,1995-12-09,1995-12-24,NONE,SHIP,posits. fluffily unusual war
23781-3,23781,75,26,3,2.00,1950.14,0.01,0.04,N,O,1996-01-27,1996-01-18,1996-02-17,NONE,AIR,ongside of the blithely pendi
23781-4,23781,465,66,4,24.00,32771.04,0.00,0.02,N,O,1996-01-25,1995-12-24,1996-02-04,DELIVER IN PERSON,MAIL,y atop the blithely unusual theodolites. 
23782-1,23782,1878,8,1,7.00,12459.09,0.06,0.00,R,F,1993-02-01,1993-03-15,1993-02-11,DELIVER IN PERSON,REG AIR,os. Tiresias haggle blithely blithe t
23782-2,23782,688,20,2,48.00,76256.64,0.01,0.03,R,F,1993-02-03,1993-04-01,1993-02-15,TAKE BACK RETURN,FOB, above the s
23782-3,23782,1533,14,3,41.00,58815.73,0.10,0.03,A,F,1993-03-08,1993-03-08,1993-03-16,COLLECT COD,AIR,packages during the blithely 
23782-4,23782,532,23,4,18.00,25785.54,0.10,0.06,A,F,1993-02-08,1993-03-19,1993-02-09,COLLECT COD,FOB,ar accounts above the express courts 
23783-1,23783,446,47,1,16.00,21543.04,0.09,0.05,N,O,1995-06-20,1995-05-19,1995-07-09,TAKE BACK RETURN,TRUCK,to the fluffily reg
23808-1,23808,1908,53,1,10.00,18099.00,0.00,0.06,R,F,1994-03-10,1994-05-04,1994-03-24,NONE,FOB,s. unusual deposits sleep closely about
23808-2,23808,1499,17,2,1.00,1400.49,0.00,0.02,R,F,1994-05-28,1994-04-02,1994-06-01,COLLECT COD,TRUCK,-- accounts alon
23808-3,23808,378,79,3,45.00,57526.65,0.09,0.05,R,F,1994-02-12,1994-03-19,1994-02-16,COLLECT COD,AIR,gle slyly.
23808-4,23808,789,54,4,15.00,25346.70,0.05,0.02,R,F,1994-05-07,1994-04-08,1994-05-17,NONE,TRUCK,al requests cajole blith
23808-5,23808,683,77,5,25.00,39592.00,0.10,0.03,R,F,1994-02-12,1994-03-15,1994-02-25,TAKE BACK RETURN,MAIL,s. blithel
23809-1,23809,1558,79,1,42.00,61301.10,0.09,0.01,R,F,1992-06-20,1992-07-09,1992-07-10,NONE,REG AIR,s sleep alongside of the evenly
23809-2,23809,431,19,2,12.00,15977.16,0.02,0.02,R,F,1992-09-17,1992-07-23,1992-09-20,NONE,FOB, furiously fi
23809-3,23809,1748,91,3,26.00,42893.24,0.08,0.02,R,F,1992-09-29,1992-08-04,1992-10-04,DELIVER IN PERSON,RAIL,tect around the furiously ironi
23809-4,23809,1427,28,4,47.00,62435.74,0.03,0.04,A,F,1992-08-23,1992-08-23,1992-09-06,COLLECT COD,FOB,accounts nag 
23809-5,23809,989,58,5,21.00,39689.58,0.01,0.00,R,F,1992-09-24,1992-07-24,1992-10-23,COLLECT COD,TRUCK,sual foxes cajole carefu
23809-6,23809,950,19,6,31.00,57379.45,0.08,0.04,R,F,1992-09-07,1992-08-19,1992-09-08,COLLECT COD,TRUCK,ove the blithely unusual accounts-
23809-7,23809,839,40,7,16.00,27837.28,0.05,0.02,A,F,1992-08-24,1992-08-27,1992-08-30,TAKE BACK RETURN,FOB, even instructions haggle busily ironic 
23810-1,23810,66,17,1,17.00,16423.02,0.08,0.08,R,F,1993-07-30,1993-07-19,1993-08-28,TAKE BACK RETURN,MAIL, packages try
23811-1,23811,1222,60,1,17.00,19094.74,0.03,0.02,N,O,1997-06-01,1997-08-12,1997-06-13,DELIVER IN PERSON,REG AIR,g the requests. boldly ironic req
23811-2,23811,198,25,2,50.00,54909.50,0.10,0.05,N,O,1997-07-27,1997-08-03,1997-08-15,NONE,REG AIR,carefully ironically s
23811-3,23811,731,96,3,38.00,62005.74,0.00,0.07,N,O,1997-08-06,1997-07-16,1997-08-11,TAKE BACK RETURN,MAIL,y. blithely regu
23812-1,23812,493,94,1,20.00,27869.80,0.09,0.04,R,F,1992-09-12,1992-10-26,1992-09-22,COLLECT COD,MAIL,"c, bold packages. packages ar"
23812-2,23812,916,19,2,20.00,36338.20,0.02,0.06,R,F,1992-08-19,1992-10-04,1992-09-10,DELIVER IN PERSON,SHIP,"xpress, express depos"
23812-3,23812,1360,99,3,19.00,23965.84,0.01,0.08,R,F,1992-11-26,1992-09-14,1992-11-27,DELIVER IN PERSON,FOB,eep slyly according to 
23812-4,23812,1084,55,4,23.00,22656.84,0.00,0.05,R,F,1992-10-21,1992-09-24,1992-11-04,COLLECT COD,MAIL,lly ironic pinto beans integrate thinly c
23812-5,23812,1511,52,5,41.00,57912.91,0.00,0.07,R,F,1992-08-19,1992-10-05,1992-09-10,DELIVER IN PERSON,MAIL,ously according to th
23813-1,23813,1506,87,1,8.00,11260.00,0.02,0.05,N,O,1997-10-01,1997-09-15,1997-10-11,TAKE BACK RETURN,AIR,arefully furious accounts boost. caref
23813-2,23813,34,85,2,12.00,11208.36,0.08,0.02,N,O,1997-09-24,1997-07-25,1997-10-10,COLLECT COD,FOB,", dogged packages use. pending instruct"
23813-3,23813,1405,6,3,43.00,56175.20,0.07,0.04,N,O,1997-10-14,1997-07-22,1997-10-27,DELIVER IN PERSON,SHIP, express theodolites. pending id
23814-1,23814,1951,52,1,19.00,35206.05,0.06,0.06,N,O,1998-07-10,1998-06-16,1998-07-25,NONE,SHIP,deposits cajo
23814-2,23814,1975,8,2,35.00,65693.95,0.09,0.02,N,O,1998-05-30,1998-06-10,1998-06-07,DELIVER IN PERSON,AIR, final theodolites are fluff
23814-3,23814,1572,73,3,42.00,61889.94,0.00,0.08,N,O,1998-07-05,1998-06-14,1998-07-10,COLLECT COD,REG AIR,". regular, pendi"
23814-4,23814,1962,51,4,49.00,91334.04,0.08,0.04,N,O,1998-06-06,1998-05-19,1998-07-04,NONE,FOB,rmanent deposits cajole depos
23814-5,23814,1549,90,5,44.00,63823.76,0.09,0.08,N,O,1998-04-26,1998-07-02,1998-05-18,COLLECT COD,RAIL,"press ideas-- pending, final platelets wa"
23815-1,23815,1197,34,1,45.00,49418.55,0.05,0.07,N,O,1997-05-04,1997-04-03,1997-05-06,DELIVER IN PERSON,TRUCK,y bold reques
23815-2,23815,258,13,2,24.00,27798.00,0.03,0.03,N,O,1997-05-14,1997-03-30,1997-06-03,DELIVER IN PERSON,MAIL, blithely reg
23840-1,23840,1514,95,1,48.00,67944.48,0.01,0.04,R,F,1994-07-08,1994-06-15,1994-07-11,NONE,RAIL,refully ironic foxes. blithely special pi
23841-1,23841,1015,51,1,4.00,3664.04,0.05,0.03,R,F,1992-09-03,1992-10-15,1992-09-26,NONE,MAIL, wake according t
23841-2,23841,637,69,2,50.00,76881.50,0.09,0.03,R,F,1992-11-20,1992-10-13,1992-11-28,NONE,TRUCK,lessly slowly pending foxes
23842-1,23842,1521,62,1,45.00,64013.40,0.06,0.08,R,F,1993-12-13,1993-12-07,1993-12-21,NONE,SHIP,ke blithely ideas. careful
23842-2,23842,349,34,2,48.00,59968.32,0.00,0.00,A,F,1994-01-02,1993-10-25,1994-01-25,NONE,TRUCK, among the quick
23842-3,23842,556,17,3,4.00,5826.20,0.01,0.08,R,F,1994-01-02,1993-12-04,1994-01-20,NONE,TRUCK,ic requests. 
23842-4,23842,1349,88,4,24.00,30008.16,0.03,0.00,R,F,1993-10-23,1993-12-05,1993-11-11,DELIVER IN PERSON,AIR,in quickly against
23842-5,23842,38,39,5,23.00,21574.69,0.09,0.06,A,F,1993-10-10,1993-12-01,1993-10-25,NONE,FOB,ding packages are. pending 
23842-6,23842,45,46,6,15.00,14175.60,0.00,0.01,A,F,1994-01-10,1993-11-28,1994-01-20,DELIVER IN PERSON,SHIP,"ly ironic ideas. special, reg"
23842-7,23842,271,99,7,48.00,56220.96,0.07,0.08,R,F,1993-10-23,1993-11-29,1993-11-16,TAKE BACK RETURN,MAIL,ing courts use about the f
23843-1,23843,1040,76,1,3.00,2823.12,0.08,0.05,N,O,1996-07-01,1996-07-17,1996-07-22,TAKE BACK RETURN,AIR,"aggle blithely along the express, ex"
23843-2,23843,1435,14,2,29.00,38756.47,0.09,0.08,N,O,1996-08-10,1996-07-27,1996-08-29,TAKE BACK RETURN,MAIL,he ideas. slyly ev
23843-3,23843,1673,56,3,12.00,18896.04,0.06,0.08,N,O,1996-09-05,1996-07-19,1996-09-13,NONE,AIR, according to the express dependencie
23844-1,23844,226,27,1,1.00,1126.22,0.07,0.08,A,F,1994-07-13,1994-09-27,1994-08-01,COLLECT COD,RAIL,osits around the doggedly u
23844-2,23844,726,23,2,26.00,42294.72,0.00,0.02,R,F,1994-09-28,1994-09-15,1994-10-06,COLLECT COD,FOB,ts shall have to are?
23844-3,23844,485,15,3,29.00,40178.92,0.02,0.02,A,F,1994-10-03,1994-09-04,1994-10-21,DELIVER IN PERSON,SHIP,es haggle about the e
23844-4,23844,1218,19,4,3.00,3357.63,0.05,0.05,A,F,1994-08-29,1994-08-31,1994-09-18,NONE,AIR,ckly. platelets d
23844-5,23844,1126,63,5,21.00,21569.52,0.03,0.05,A,F,1994-08-28,1994-08-09,1994-09-22,COLLECT COD,AIR,ts integrate about the 
23844-6,23844,435,94,6,20.00,26708.60,0.07,0.03,A,F,1994-09-30,1994-08-28,1994-10-08,DELIVER IN PERSON,SHIP,"nic, dogged dep"
23844-7,23844,1078,84,7,45.00,44058.15,0.01,0.04,R,F,1994-09-22,1994-09-28,1994-10-22,DELIVER IN PERSON,AIR,l accounts. furiously special deposits 
23845-1,23845,1871,58,1,11.00,19501.57,0.08,0.00,N,O,1997-06-30,1997-07-09,1997-07-20,TAKE BACK RETURN,SHIP,quickly above the bol
23845-2,23845,690,91,2,18.00,28632.42,0.10,0.07,N,O,1997-06-20,1997-08-08,1997-07-14,DELIVER IN PERSON,REG AIR,regular packages. slyly ironic mul
23845-3,23845,1474,14,3,25.00,34386.75,0.03,0.06,N,O,1997-08-01,1997-07-06,1997-08-11,DELIVER IN PERSON,TRUCK, the quickly 
23846-1,23846,776,77,1,27.00,45272.79,0.07,0.08,N,O,1997-11-04,1997-10-18,1997-11-07,NONE,REG AIR,ts haggle blithely 
23846-2,23846,1543,84,2,3.00,4333.62,0.09,0.08,N,O,1997-11-25,1997-11-02,1997-12-13,DELIVER IN PERSON,RAIL,lly. carefully regular ide
23846-3,23846,1208,20,3,5.00,5546.00,0.01,0.04,N,O,1997-12-05,1997-11-02,1997-12-31,TAKE BACK RETURN,FOB,s. final the
23846-4,23846,1456,35,4,48.00,65157.60,0.09,0.07,N,O,1997-10-11,1997-10-06,1997-11-05,TAKE BACK RETURN,FOB, ironic pinto beans. final pi
23847-1,23847,1110,47,1,2.00,2022.22,0.09,0.06,R,F,1993-02-07,1992-12-15,1993-02-10,TAKE BACK RETURN,RAIL,t the ironic theodolites. ironic id
23847-2,23847,379,80,2,21.00,26866.77,0.04,0.07,A,F,1993-01-06,1993-02-03,1993-01-20,DELIVER IN PERSON,SHIP,. slyly bold instructions haggle
23872-1,23872,1963,8,1,39.00,72733.44,0.09,0.01,N,O,1997-02-06,1996-12-20,1997-02-16,DELIVER IN PERSON,SHIP,ajole busily furiously 
23873-1,23873,779,76,1,32.00,53752.64,0.10,0.02,A,F,1994-11-24,1995-02-17,1994-12-04,NONE,RAIL,usual packages. slyly regu
23874-1,23874,1654,37,1,22.00,34224.30,0.00,0.00,A,F,1993-12-03,1993-09-20,1993-12-06,TAKE BACK RETURN,AIR,"e around the regular, unusual dep"
23875-1,23875,720,53,1,4.00,6482.88,0.09,0.04,N,O,1995-12-23,1996-01-06,1996-01-15,DELIVER IN PERSON,REG AIR,s? fluffily pending requests ha
23875-2,23875,910,11,2,41.00,74247.31,0.04,0.04,N,O,1996-01-12,1996-01-03,1996-02-10,COLLECT COD,AIR,osits. slowly even deposits play a
23876-1,23876,128,81,1,41.00,42152.92,0.05,0.03,A,F,1992-11-29,1992-12-19,1992-12-18,NONE,AIR,brave packages breach quickly express foxe
23876-2,23876,1106,43,2,3.00,3021.30,0.10,0.04,R,F,1992-12-24,1992-11-24,1993-01-02,TAKE BACK RETURN,REG AIR,p carefully across the excuses. package
23876-3,23876,1647,89,3,44.00,68140.16,0.09,0.04,R,F,1993-01-12,1992-12-19,1993-01-30,COLLECT COD,FOB,rs. packages sleep fluffily acr
23877-1,23877,49,75,1,47.00,44604.88,0.00,0.00,A,F,1994-09-18,1994-09-01,1994-10-17,NONE,AIR, haggle furiously. requests haggle amon
23877-2,23877,1994,95,2,7.00,13271.93,0.10,0.05,R,F,1994-08-04,1994-10-07,1994-08-18,COLLECT COD,AIR,s sleep after the furiously ironic f
23877-3,23877,592,53,3,28.00,41792.52,0.03,0.04,A,F,1994-10-04,1994-09-14,1994-10-08,TAKE BACK RETURN,MAIL,ess deposits maintain furiously spe
23877-4,23877,768,1,4,48.00,80100.48,0.03,0.06,A,F,1994-11-01,1994-09-14,1994-12-01,NONE,SHIP,ts wake car
23877-5,23877,1548,29,5,13.00,18844.02,0.07,0.06,R,F,1994-07-28,1994-10-02,1994-07-30,DELIVER IN PERSON,SHIP,lyly express theodol
23877-6,23877,579,80,6,47.00,69539.79,0.06,0.07,R,F,1994-10-29,1994-09-24,1994-11-09,NONE,AIR,l requests. blithel
23877-7,23877,1313,52,7,47.00,57072.57,0.03,0.08,A,F,1994-09-02,1994-10-04,1994-09-30,NONE,AIR,usly express
23878-1,23878,605,68,1,27.00,40651.20,0.01,0.07,N,O,1996-12-10,1997-01-03,1997-01-03,NONE,RAIL,ithely regular multipliers c
23878-2,23878,550,81,2,32.00,46417.60,0.04,0.04,N,O,1997-01-26,1997-02-06,1997-02-13,TAKE BACK RETURN,FOB,s. silent f
23878-3,23878,1033,4,3,6.00,5604.18,0.09,0.00,N,O,1997-01-16,1997-02-11,1997-02-09,TAKE BACK RETURN,AIR,uriously unusu
23878-4,23878,894,95,4,24.00,43077.36,0.03,0.01,N,O,1997-01-14,1997-01-08,1997-02-04,DELIVER IN PERSON,TRUCK,s the unusu
23879-1,23879,219,47,1,14.00,15668.94,0.07,0.08,N,O,1998-10-12,1998-08-30,1998-10-25,DELIVER IN PERSON,REG AIR,deas. even asymptotes sleep carefully
23879-2,23879,647,10,2,9.00,13928.76,0.09,0.00,N,O,1998-09-01,1998-09-09,1998-09-02,DELIVER IN PERSON,REG AIR,y special deposits.
23879-3,23879,1881,82,3,49.00,87361.12,0.06,0.08,N,O,1998-09-17,1998-08-22,1998-09-22,COLLECT COD,AIR,ts haggle along the furiously even dep
23879-4,23879,1342,57,4,15.00,18650.10,0.01,0.05,N,O,1998-09-07,1998-10-07,1998-10-04,NONE,MAIL,. furiously unusual packages acr
23879-5,23879,1851,81,5,22.00,38562.70,0.09,0.01,N,O,1998-10-15,1998-09-24,1998-10-16,COLLECT COD,FOB,nts haggle blithely final pinto 
23879-6,23879,119,72,6,16.00,16305.76,0.03,0.03,N,O,1998-10-25,1998-09-02,1998-11-18,DELIVER IN PERSON,TRUCK,nts. ironic theodolites
23879-7,23879,1054,60,7,27.00,25786.35,0.10,0.06,N,O,1998-10-15,1998-09-05,1998-10-22,TAKE BACK RETURN,MAIL,ons. carefully special pinto 
23904-1,23904,1217,55,1,27.00,30191.67,0.01,0.04,N,O,1997-02-21,1997-01-04,1997-03-03,NONE,REG AIR,tions above the carefully ironic dep
23904-2,23904,1941,86,2,24.00,44230.56,0.09,0.00,N,O,1997-01-29,1997-01-12,1997-02-03,COLLECT COD,REG AIR,ggle at the slyly
23904-3,23904,1366,43,3,31.00,39288.16,0.03,0.01,N,O,1997-01-15,1996-12-15,1997-01-16,DELIVER IN PERSON,REG AIR,eodolites. blithely pending courts 
23904-4,23904,1255,30,4,7.00,8093.75,0.09,0.06,N,O,1997-02-13,1996-12-19,1997-02-17,DELIVER IN PERSON,MAIL,haggle quickly along t
23905-1,23905,480,68,1,35.00,48316.80,0.02,0.04,N,O,1997-11-24,1997-11-05,1997-11-25,TAKE BACK RETURN,TRUCK,ly pending requests! regular exc
23905-2,23905,1237,49,2,8.00,9105.84,0.09,0.02,N,O,1997-12-25,1997-11-26,1998-01-22,NONE,AIR,ully pending deposits.
23906-1,23906,1222,23,1,25.00,28080.50,0.04,0.02,A,F,1993-11-05,1993-11-18,1993-11-28,TAKE BACK RETURN,FOB,sits sleep furiously. furi
23906-2,23906,78,79,2,1.00,978.07,0.09,0.01,A,F,1993-12-26,1993-12-02,1994-01-12,DELIVER IN PERSON,REG AIR,ickly ironic deposits. regular accounts doz
23906-3,23906,1905,6,3,25.00,45172.50,0.00,0.03,R,F,1993-10-23,1993-11-24,1993-10-24,TAKE BACK RETURN,MAIL,he final pack
23907-1,23907,1332,47,1,16.00,19733.28,0.06,0.04,N,O,1995-10-24,1995-10-11,1995-11-02,DELIVER IN PERSON,TRUCK, regular foxes acc
23907-2,23907,888,22,2,13.00,23255.44,0.07,0.06,N,O,1995-08-23,1995-09-12,1995-09-16,NONE,SHIP,ptotes cajole furiously final foxes. slyly
23907-3,23907,1346,61,3,38.00,47398.92,0.06,0.06,N,O,1995-08-09,1995-09-02,1995-08-30,NONE,REG AIR,iously ironic accounts. blith
23907-4,23907,434,64,4,4.00,5337.72,0.04,0.06,N,O,1995-08-08,1995-09-30,1995-08-15,TAKE BACK RETURN,RAIL,age carefully throughout the final deposi
23907-5,23907,501,2,5,7.00,9810.50,0.09,0.02,N,O,1995-09-12,1995-09-17,1995-09-30,TAKE BACK RETURN,FOB,gainst the ex
23908-1,23908,976,77,1,25.00,46924.25,0.00,0.00,N,O,1997-05-04,1997-06-22,1997-05-18,NONE,AIR,oxes. carefully regular
23908-2,23908,174,27,2,23.00,24705.91,0.01,0.02,N,O,1997-08-02,1997-06-01,1997-08-30,NONE,TRUCK,t ironic packages. deposits nag furiously 
23908-3,23908,1572,53,3,10.00,14735.70,0.08,0.02,N,O,1997-07-31,1997-07-13,1997-08-23,TAKE BACK RETURN,SHIP,ing requests. furiously final packages 
23908-4,23908,526,27,4,5.00,7132.60,0.02,0.07,N,O,1997-05-14,1997-06-30,1997-06-08,TAKE BACK RETURN,SHIP,uickly regular fox
23908-5,23908,428,87,5,37.00,49151.54,0.08,0.03,N,O,1997-06-05,1997-06-18,1997-06-08,NONE,REG AIR, pinto beans haggle carefu
23908-6,23908,231,86,6,48.00,54299.04,0.07,0.03,N,O,1997-05-30,1997-06-17,1997-06-14,TAKE BACK RETURN,AIR,efully idle requests? fluf
23908-7,23908,1908,53,7,36.00,65156.40,0.03,0.00,N,O,1997-06-02,1997-06-09,1997-06-18,TAKE BACK RETURN,MAIL,s! blithely ironic requests affix ar
23909-1,23909,798,31,1,49.00,83240.71,0.08,0.08,N,O,1997-01-25,1997-02-16,1997-02-15,NONE,SHIP,accounts. furiously bold pains are regula
23909-2,23909,415,3,2,15.00,19731.15,0.00,0.03,N,O,1997-04-20,1997-04-01,1997-05-03,TAKE BACK RETURN,MAIL,are slyly ironic account
23910-1,23910,62,63,1,44.00,42330.64,0.06,0.02,N,O,1996-05-31,1996-08-03,1996-06-11,COLLECT COD,FOB,"ix furiously unusual, ironic courts"
23911-1,23911,1469,48,1,37.00,50707.02,0.04,0.08,A,F,1992-07-31,1992-07-29,1992-08-27,NONE,MAIL,". ironic, ironic accounts"
23911-2,23911,1496,75,2,4.00,5589.96,0.02,0.04,A,F,1992-08-03,1992-07-23,1992-08-25,COLLECT COD,REG AIR,uffily unusual requests. slyly fina
23911-3,23911,599,90,3,46.00,68981.14,0.01,0.02,R,F,1992-06-20,1992-08-08,1992-06-27,NONE,TRUCK,ronic reques
23911-4,23911,333,62,4,30.00,36999.90,0.09,0.03,R,F,1992-06-18,1992-07-08,1992-06-19,COLLECT COD,TRUCK, along the blithely regular packages. fur
23911-5,23911,781,78,5,25.00,42044.50,0.07,0.01,A,F,1992-06-28,1992-08-08,1992-07-01,TAKE BACK RETURN,REG AIR,fluffily against the fluffily i
23936-1,23936,145,24,1,36.00,37625.04,0.10,0.05,A,F,1995-02-25,1995-02-26,1995-03-18,DELIVER IN PERSON,FOB,s. regular depths are around the blit
23936-2,23936,757,90,2,18.00,29839.50,0.04,0.03,R,F,1995-03-13,1995-02-13,1995-04-08,TAKE BACK RETURN,RAIL,press ideas above the f
23936-3,23936,1278,79,3,41.00,48350.07,0.04,0.06,A,F,1995-04-06,1995-01-25,1995-04-13,TAKE BACK RETURN,SHIP,. deposits a
23936-4,23936,1864,51,4,44.00,77697.84,0.01,0.03,R,F,1995-01-26,1995-01-30,1995-01-28,COLLECT COD,FOB,. unusual deposits sublate blithely?
23936-5,23936,53,29,5,25.00,23826.25,0.07,0.04,A,F,1995-02-03,1995-02-26,1995-02-08,NONE,SHIP, deposits-- carefully fin
23936-6,23936,1209,84,6,22.00,24424.40,0.09,0.05,A,F,1995-02-10,1995-03-11,1995-02-14,DELIVER IN PERSON,REG AIR,pinto beans abov
23936-7,23936,993,28,7,34.00,64395.66,0.05,0.00,A,F,1995-03-18,1995-01-30,1995-03-28,TAKE BACK RETURN,MAIL, after the furiously regular packages. spe
23937-1,23937,214,96,1,7.00,7799.47,0.10,0.00,N,O,1997-03-29,1997-05-31,1997-04-14,TAKE BACK RETURN,REG AIR,xcuses according to the orbits cajo
23937-2,23937,1668,10,2,42.00,65925.72,0.00,0.07,N,O,1997-05-07,1997-04-27,1997-05-15,NONE,MAIL,. furiously regular instruc
23937-3,23937,7,58,3,31.00,28117.00,0.07,0.01,N,O,1997-06-12,1997-04-21,1997-06-16,COLLECT COD,AIR,ges affix. regular ideas sleep accoun
23938-1,23938,650,13,1,16.00,24810.40,0.03,0.05,N,O,1997-03-31,1997-02-03,1997-04-04,DELIVER IN PERSON,AIR,g to the blithe
23938-2,23938,1293,31,2,18.00,21497.22,0.05,0.04,N,O,1997-02-14,1997-02-15,1997-02-28,TAKE BACK RETURN,REG AIR,usual pinto beans cajole. slyly sp
23938-3,23938,1754,97,3,10.00,16557.50,0.01,0.05,N,O,1997-03-01,1997-02-03,1997-03-18,NONE,REG AIR,"its. express, regular d"
23938-4,23938,1083,89,4,20.00,19681.60,0.07,0.03,N,O,1997-01-25,1997-01-27,1997-01-29,COLLECT COD,FOB, requests are slyly express Tiresias. care
23938-5,23938,1106,15,5,9.00,9063.90,0.02,0.01,N,O,1997-01-27,1997-02-22,1997-02-06,NONE,TRUCK,uriously. gifts cajole sly
23938-6,23938,199,78,6,37.00,40670.03,0.01,0.07,N,O,1997-02-12,1997-01-15,1997-02-13,NONE,MAIL, pinto beans are quickly bl
23939-1,23939,1130,39,1,17.00,17529.21,0.00,0.06,N,O,1998-04-21,1998-05-29,1998-05-17,NONE,MAIL,special asymptotes boost
23939-2,23939,497,98,2,20.00,27949.80,0.03,0.02,N,O,1998-06-12,1998-05-20,1998-07-11,NONE,AIR,fully unus
23940-1,23940,1713,14,1,35.00,56514.85,0.10,0.03,R,F,1995-04-24,1995-05-11,1995-05-21,DELIVER IN PERSON,AIR,e furiously. carefully e
23940-2,23940,1240,52,2,47.00,53638.28,0.03,0.08,A,F,1995-05-01,1995-06-29,1995-05-16,COLLECT COD,FOB,dolites. furiously ironic fox
23941-1,23941,998,1,1,13.00,24686.87,0.02,0.03,N,O,1996-07-27,1996-08-11,1996-08-18,DELIVER IN PERSON,REG AIR,inal theodolites alo
23941-2,23941,1179,88,2,49.00,52928.33,0.03,0.07,N,O,1996-08-26,1996-07-27,1996-09-11,COLLECT COD,TRUCK,ngside of the furiously final in
23941-3,23941,1519,20,3,5.00,7102.55,0.04,0.01,N,O,1996-07-10,1996-08-26,1996-07-29,NONE,AIR,e fluffily 
23941-4,23941,62,88,4,32.00,30785.92,0.04,0.01,N,O,1996-07-18,1996-07-29,1996-08-16,DELIVER IN PERSON,FOB,otes impress blithely with
23941-5,23941,1798,25,5,7.00,11898.53,0.05,0.04,N,O,1996-10-08,1996-08-01,1996-10-11,COLLECT COD,TRUCK,"gular, careful deposits. fur"
23941-6,23941,101,2,6,46.00,46050.60,0.08,0.03,N,O,1996-08-14,1996-08-10,1996-08-24,NONE,REG AIR, final deposits m
23942-1,23942,1710,53,1,25.00,40292.75,0.04,0.03,A,F,1993-01-17,1993-02-25,1993-02-02,NONE,RAIL,packages are blithe
23943-1,23943,655,56,1,49.00,76226.85,0.10,0.05,N,O,1995-09-25,1995-08-28,1995-09-27,TAKE BACK RETURN,MAIL,structions hag
23943-2,23943,1867,68,2,48.00,84905.28,0.10,0.05,N,O,1995-08-19,1995-08-09,1995-09-15,NONE,REG AIR,olphins use car
23943-3,23943,1033,34,3,49.00,45767.47,0.08,0.02,N,O,1995-09-22,1995-09-03,1995-09-30,COLLECT COD,MAIL,might boost furiously
23943-4,23943,833,67,4,26.00,45079.58,0.10,0.00,N,O,1995-08-20,1995-09-05,1995-08-31,COLLECT COD,RAIL,"y. final, final deposits around the fluffi"
23943-5,23943,225,26,5,45.00,50634.90,0.08,0.06,N,O,1995-08-21,1995-08-12,1995-08-22,TAKE BACK RETURN,RAIL, furiously 
23943-6,23943,1748,33,6,38.00,62690.12,0.04,0.08,N,O,1995-09-13,1995-07-28,1995-10-08,COLLECT COD,SHIP,y unusual requests. furiously fin
23943-7,23943,1542,23,7,16.00,23096.64,0.07,0.06,N,O,1995-07-18,1995-07-26,1995-08-07,TAKE BACK RETURN,MAIL,asymptotes. 
23968-1,23968,93,69,1,18.00,17875.62,0.03,0.08,N,O,1995-06-30,1995-05-17,1995-07-09,COLLECT COD,TRUCK,elieve abou
23968-2,23968,500,30,2,41.00,57420.50,0.09,0.07,A,F,1995-04-09,1995-04-29,1995-04-17,TAKE BACK RETURN,REG AIR,even pinto beans are quickly multipl
23968-3,23968,1360,61,3,37.00,46670.32,0.08,0.00,R,F,1995-05-14,1995-04-13,1995-05-19,NONE,MAIL,"he ironic, final accoun"
23968-4,23968,1764,91,4,41.00,68296.16,0.00,0.05,R,F,1995-03-13,1995-04-23,1995-03-24,COLLECT COD,TRUCK,d theodolites wake blithely
23968-5,23968,681,82,5,28.00,44287.04,0.02,0.04,R,F,1995-05-20,1995-04-26,1995-06-05,DELIVER IN PERSON,TRUCK, instructions use blithely. ironi
23968-6,23968,1866,67,6,49.00,86625.14,0.01,0.00,R,F,1995-03-06,1995-05-29,1995-03-15,DELIVER IN PERSON,SHIP,ackages beneath th
23969-1,23969,1870,57,1,29.00,51384.23,0.01,0.06,N,O,1997-08-22,1997-10-06,1997-09-16,DELIVER IN PERSON,REG AIR,. even dependencies boost care
23969-2,23969,1376,53,2,40.00,51094.80,0.04,0.07,N,O,1997-10-07,1997-11-01,1997-10-17,TAKE BACK RETURN,MAIL,y regular 
23969-3,23969,1522,63,3,37.00,52670.24,0.01,0.06,N,O,1997-08-15,1997-10-01,1997-08-29,TAKE BACK RETURN,AIR,ily blithely iron
23969-4,23969,1622,23,4,12.00,18283.44,0.01,0.07,N,O,1997-09-25,1997-10-06,1997-09-27,DELIVER IN PERSON,TRUCK,"rding to the final, pending pin"
23970-1,23970,285,67,1,49.00,58078.72,0.02,0.02,N,O,1998-07-16,1998-05-20,1998-07-19,COLLECT COD,TRUCK, courts sleep carefully. ironi
23970-2,23970,1398,99,2,45.00,58472.55,0.03,0.06,N,O,1998-07-23,1998-06-03,1998-08-11,COLLECT COD,RAIL,e across the final d
23970-3,23970,1725,68,3,4.00,6506.88,0.00,0.04,N,O,1998-07-08,1998-06-29,1998-07-22,COLLECT COD,TRUCK,instructions boost furiously excuses
23970-4,23970,809,76,4,29.00,49584.20,0.00,0.08,N,O,1998-05-17,1998-05-09,1998-06-07,DELIVER IN PERSON,TRUCK,beans are furiously abou
23971-1,23971,742,43,1,12.00,19712.88,0.10,0.05,A,F,1995-03-07,1995-02-17,1995-03-21,COLLECT COD,AIR,ns sleep quickly final depo
23971-2,23971,1725,26,2,22.00,35787.84,0.08,0.07,R,F,1995-02-10,1995-02-11,1995-03-04,COLLECT COD,MAIL,ach slyly carefully close instructi
23972-1,23972,210,11,1,29.00,32196.09,0.07,0.02,R,F,1993-10-26,1993-10-20,1993-11-20,DELIVER IN PERSON,AIR,kages use alongside of the unusual depos
23972-2,23972,1959,92,2,26.00,48384.70,0.09,0.01,R,F,1993-10-04,1993-10-15,1993-10-22,DELIVER IN PERSON,TRUCK,ajole carefully 
23972-3,23972,773,38,3,7.00,11716.39,0.01,0.08,A,F,1993-08-27,1993-10-03,1993-09-12,NONE,TRUCK,g to the slyly blithe accounts! fluffily si
23972-4,23972,1724,51,4,44.00,71531.68,0.00,0.06,R,F,1993-10-14,1993-09-18,1993-11-11,NONE,AIR,"ts boost slyly ironic, final ideas. regula"
23973-1,23973,715,16,1,31.00,50087.01,0.06,0.03,N,O,1996-09-08,1996-10-01,1996-09-10,TAKE BACK RETURN,FOB,he carefully even instructions! final
23973-2,23973,749,14,2,32.00,52791.68,0.02,0.03,N,O,1996-08-20,1996-08-22,1996-09-15,NONE,RAIL, the finally regular pi
23973-3,23973,531,92,3,21.00,30062.13,0.03,0.07,N,O,1996-09-08,1996-09-02,1996-09-27,DELIVER IN PERSON,TRUCK,riously regular instructions wake. acco
23974-1,23974,808,8,1,20.00,34176.00,0.03,0.03,A,F,1992-10-05,1992-09-18,1992-10-25,DELIVER IN PERSON,FOB,riously special foxes wake slyly quickly
23974-2,23974,891,58,2,45.00,80635.05,0.00,0.00,A,F,1992-07-27,1992-10-18,1992-08-20,COLLECT COD,SHIP,ly final de
23974-3,23974,1361,76,3,50.00,63118.00,0.05,0.04,A,F,1992-10-28,1992-09-17,1992-10-30,COLLECT COD,AIR,ffix carefully. furiously ironic ideas was 
23975-1,23975,1787,30,1,12.00,20265.36,0.09,0.07,N,O,1997-04-07,1997-04-26,1997-05-04,TAKE BACK RETURN,SHIP,uriously regular accounts. blithely sp
23975-2,23975,111,38,2,10.00,10111.10,0.02,0.04,N,O,1997-04-14,1997-05-20,1997-04-24,TAKE BACK RETURN,AIR,ely special dolphins wake furiously. furiou
24000-1,24000,109,36,1,2.00,2018.20,0.07,0.07,N,O,1995-07-29,1995-08-12,1995-08-11,NONE,FOB,counts. pending instruction
24001-1,24001,1252,27,1,20.00,23065.00,0.07,0.05,N,O,1997-06-01,1997-07-03,1997-06-28,TAKE BACK RETURN,RAIL,ideas cajole blit
24002-1,24002,1678,79,1,7.00,11057.69,0.07,0.04,N,O,1996-11-24,1997-01-19,1996-12-11,COLLECT COD,FOB, are. even accounts wake carefully s
24002-2,24002,934,37,2,30.00,55047.90,0.07,0.08,N,O,1997-01-13,1996-12-31,1997-01-30,TAKE BACK RETURN,MAIL, asymptotes use furiously alongsid
24002-3,24002,137,64,3,43.00,44596.59,0.03,0.07,N,O,1997-02-13,1997-01-17,1997-03-14,DELIVER IN PERSON,SHIP,ular excuses are slyly outside the slyly 
24003-1,24003,1449,67,1,21.00,28359.24,0.04,0.05,R,F,1995-01-23,1994-12-04,1995-02-19,DELIVER IN PERSON,AIR,iously carefully ironic
24003-2,24003,651,83,2,21.00,32584.65,0.05,0.07,R,F,1995-01-23,1994-12-01,1995-02-02,NONE,AIR,ckly regular pinto beans use carefully. 
24003-3,24003,1291,92,3,22.00,26230.38,0.00,0.07,R,F,1995-02-19,1994-12-25,1995-02-26,TAKE BACK RETURN,AIR, are blithel
24003-4,24003,346,75,4,20.00,24926.80,0.08,0.08,R,F,1995-02-15,1994-12-10,1995-03-12,TAKE BACK RETURN,REG AIR, ironic instructions wake qu
24003-5,24003,443,31,5,23.00,30899.12,0.00,0.00,A,F,1995-01-16,1995-01-14,1995-02-10,NONE,FOB,lly special packages. quickly i
24003-6,24003,1370,9,6,13.00,16527.81,0.06,0.04,R,F,1994-12-25,1994-12-07,1995-01-15,TAKE BACK RETURN,SHIP,c requests boost blithely for t
24004-1,24004,1130,67,1,45.00,46400.85,0.05,0.07,R,F,1992-07-17,1992-08-11,1992-07-31,TAKE BACK RETURN,RAIL,blithely express packages. bl
24004-2,24004,783,16,2,48.00,80821.44,0.04,0.06,R,F,1992-08-17,1992-09-09,1992-09-10,COLLECT COD,TRUCK, furiously even instruction
24004-3,24004,1533,54,3,21.00,30125.13,0.03,0.06,A,F,1992-07-05,1992-08-12,1992-08-04,DELIVER IN PERSON,REG AIR,regular platel
24004-4,24004,1206,44,4,48.00,53145.60,0.03,0.04,R,F,1992-09-03,1992-07-16,1992-09-21,COLLECT COD,FOB,refully slow deposits are slyly. slyly bo
24004-5,24004,785,18,5,11.00,18543.58,0.06,0.05,A,F,1992-08-22,1992-09-11,1992-09-16,NONE,SHIP,e quickly s
24004-6,24004,1031,32,6,34.00,31689.02,0.07,0.02,A,F,1992-09-26,1992-07-25,1992-10-20,COLLECT COD,FOB,pending packages according to t
24005-1,24005,327,12,1,17.00,20864.44,0.10,0.05,A,F,1992-03-05,1992-04-09,1992-04-02,COLLECT COD,SHIP,"e the ironic, "
24005-2,24005,1972,73,2,46.00,86202.62,0.04,0.08,R,F,1992-02-07,1992-02-26,1992-02-18,NONE,SHIP,"the final, bold packages"
24005-3,24005,1061,32,3,42.00,40406.52,0.09,0.04,A,F,1992-01-23,1992-02-19,1992-02-04,TAKE BACK RETURN,MAIL,"ogs wake. special, regular cou"
24006-1,24006,40,91,1,22.00,20680.88,0.05,0.06,N,O,1997-01-14,1996-12-03,1997-01-27,DELIVER IN PERSON,SHIP,egular theodolites
24006-2,24006,1423,41,2,41.00,54301.22,0.03,0.01,N,O,1996-12-18,1997-01-10,1996-12-21,DELIVER IN PERSON,FOB,cial instructions cajole
24006-3,24006,1137,46,3,46.00,47753.98,0.08,0.04,N,O,1997-01-01,1996-11-16,1997-01-20,NONE,FOB,"re slyly ironic, final "
24006-4,24006,733,34,4,30.00,49011.90,0.05,0.01,N,O,1996-12-04,1996-11-19,1996-12-26,COLLECT COD,MAIL,y ironic accounts
24006-5,24006,758,59,5,5.00,8293.75,0.08,0.05,N,O,1997-02-09,1996-12-02,1997-02-28,TAKE BACK RETURN,MAIL,"ding to the final, enticing deposits."
24006-6,24006,206,34,6,2.00,2212.40,0.04,0.01,N,O,1997-01-10,1996-12-15,1997-02-02,TAKE BACK RETURN,REG AIR,"ain blithely: pending, silent packages "
24006-7,24006,1599,100,7,20.00,30011.80,0.09,0.07,N,O,1996-11-05,1997-01-01,1996-12-03,COLLECT COD,REG AIR,ular packages against 
24007-1,24007,1398,13,1,15.00,19490.85,0.09,0.03,R,F,1993-11-27,1993-09-28,1993-11-30,TAKE BACK RETURN,RAIL, carefully special not
24007-2,24007,1490,69,2,7.00,9740.43,0.00,0.07,A,F,1993-10-03,1993-11-19,1993-10-15,DELIVER IN PERSON,TRUCK,"xpress theodolites wake fluffily final, r"
24007-3,24007,729,94,3,10.00,16297.20,0.01,0.04,R,F,1993-10-20,1993-11-07,1993-10-26,TAKE BACK RETURN,MAIL, ideas believe a
24007-4,24007,1265,40,4,14.00,16327.64,0.03,0.08,R,F,1993-09-04,1993-11-22,1993-09-18,NONE,RAIL,y pending c
24007-5,24007,238,93,5,21.00,23902.83,0.05,0.06,R,F,1993-10-30,1993-10-10,1993-11-04,NONE,FOB,ly blithely even ide
24007-6,24007,1339,78,6,47.00,58295.51,0.05,0.00,A,F,1993-09-18,1993-10-30,1993-09-26,TAKE BACK RETURN,FOB,ckages. slyly regular pinto beans bre
24007-7,24007,1397,12,7,20.00,25967.80,0.06,0.00,A,F,1993-11-23,1993-11-03,1993-12-20,DELIVER IN PERSON,AIR,packages affix furiously. 
24032-1,24032,975,10,1,6.00,11255.82,0.09,0.06,N,O,1997-09-07,1997-10-07,1997-09-27,NONE,SHIP,es across the req
24032-2,24032,709,6,2,12.00,19316.40,0.09,0.08,N,O,1997-12-07,1997-10-12,1997-12-26,DELIVER IN PERSON,RAIL,ost fluffily. accounts around the
24032-3,24032,228,10,3,12.00,13538.64,0.08,0.06,N,O,1997-10-09,1997-10-22,1997-11-07,COLLECT COD,REG AIR,y express instructions slee
24032-4,24032,1215,27,4,48.00,53578.08,0.05,0.06,N,O,1997-10-01,1997-10-04,1997-10-05,COLLECT COD,TRUCK,xpress accounts sleep abov
24033-1,24033,1759,86,1,48.00,79716.00,0.06,0.02,R,F,1995-01-22,1995-02-12,1995-02-13,COLLECT COD,TRUCK,s the furiously special packages. furio
24034-1,24034,1645,46,1,41.00,63412.24,0.00,0.04,N,O,1997-03-03,1997-02-20,1997-04-01,NONE,RAIL,y accounts. regul
24034-2,24034,746,43,2,5.00,8233.70,0.09,0.07,N,O,1997-04-06,1997-03-22,1997-04-23,NONE,TRUCK,s packages among the instructions ha
24034-3,24034,639,71,3,17.00,26173.71,0.02,0.08,N,O,1997-02-22,1997-02-08,1997-03-01,NONE,FOB,al foxes according to the slyly even pain
24034-4,24034,1672,96,4,35.00,55078.45,0.05,0.00,N,O,1997-04-22,1997-03-18,1997-04-30,TAKE BACK RETURN,MAIL,latelets among the platelets
24034-5,24034,1598,79,5,1.00,1499.59,0.00,0.03,N,O,1997-04-08,1997-02-02,1997-04-16,TAKE BACK RETURN,FOB,ng the bravely pending instructions.
24034-6,24034,1436,54,6,4.00,5349.72,0.02,0.04,N,O,1997-02-22,1997-03-23,1997-03-06,COLLECT COD,TRUCK,ons can are caref
24034-7,24034,1103,12,7,29.00,29118.90,0.09,0.06,N,O,1997-01-22,1997-03-09,1997-01-26,COLLECT COD,SHIP,egular deposits haggle q
24035-1,24035,1705,32,1,18.00,28920.60,0.04,0.02,R,F,1995-04-07,1995-05-01,1995-04-15,COLLECT COD,RAIL,lyly express deposits haggle. 
24035-2,24035,900,67,2,21.00,37818.90,0.04,0.00,R,F,1995-05-19,1995-04-30,1995-06-08,TAKE BACK RETURN,MAIL,ep above the deposits. carefully specia
24035-3,24035,1598,99,3,8.00,11996.72,0.01,0.05,A,F,1995-04-17,1995-05-30,1995-04-28,DELIVER IN PERSON,MAIL, special instructions among the 
24035-4,24035,535,26,4,39.00,55985.67,0.07,0.00,N,F,1995-06-16,1995-06-04,1995-06-20,DELIVER IN PERSON,SHIP,eans wake slyly furiously unusua
24035-5,24035,647,48,5,10.00,15476.40,0.09,0.04,N,O,1995-07-11,1995-05-26,1995-07-16,TAKE BACK RETURN,AIR,ornis haggle carefully. fluffily 
24036-1,24036,1572,73,1,30.00,44207.10,0.09,0.07,N,O,1995-07-05,1995-07-21,1995-07-31,DELIVER IN PERSON,TRUCK, the idly even 
24036-2,24036,680,74,2,3.00,4742.04,0.08,0.08,N,O,1995-07-15,1995-07-29,1995-07-18,NONE,MAIL,al packages are carefully slyly express a
24036-3,24036,1092,28,3,50.00,49654.50,0.03,0.06,N,O,1995-06-24,1995-09-02,1995-07-08,TAKE BACK RETURN,AIR,even packages acros
24036-4,24036,544,75,4,43.00,62115.22,0.02,0.05,N,O,1995-08-10,1995-07-24,1995-08-18,COLLECT COD,AIR,the closely bold platelets. qui
24036-5,24036,143,44,5,3.00,3129.42,0.05,0.07,N,O,1995-10-15,1995-08-29,1995-10-23,COLLECT COD,MAIL,nstructions use about the slyly unusual pl
24037-1,24037,470,100,1,6.00,8222.82,0.03,0.06,N,O,1996-12-05,1996-11-09,1996-12-17,TAKE BACK RETURN,FOB,ent packages above the expr
24037-2,24037,1216,28,2,4.00,4468.84,0.03,0.08,N,O,1996-12-13,1996-11-22,1996-12-15,NONE,RAIL,ets. dependencies sleep alongside of
24037-3,24037,1800,85,3,4.00,6807.20,0.10,0.03,N,O,1996-10-04,1996-11-16,1996-10-29,COLLECT COD,REG AIR,ecial theodolites according 
24037-4,24037,1075,11,4,2.00,1952.14,0.05,0.05,N,O,1997-01-14,1996-12-27,1997-01-22,COLLECT COD,RAIL, even foxes cajole blithely-- excuses 
24037-5,24037,1036,7,5,5.00,4685.15,0.03,0.02,N,O,1996-10-31,1996-11-06,1996-11-14,DELIVER IN PERSON,RAIL,nusual packages wake
24037-6,24037,176,29,6,9.00,9685.53,0.02,0.05,N,O,1996-10-09,1996-12-02,1996-10-19,TAKE BACK RETURN,AIR,"ng, pending ideas print abov"
24037-7,24037,1497,76,7,36.00,50345.64,0.06,0.08,N,O,1996-12-07,1996-11-04,1996-12-22,TAKE BACK RETURN,AIR,s. slyly ironic
24038-1,24038,428,16,1,13.00,17269.46,0.04,0.01,N,O,1995-07-28,1995-09-13,1995-08-11,DELIVER IN PERSON,REG AIR, requests haggle about the sly
24038-2,24038,863,63,2,14.00,24694.04,0.02,0.00,N,O,1995-08-13,1995-09-08,1995-09-04,NONE,AIR,. finally final instructions wake b
24038-3,24038,627,28,3,6.00,9165.72,0.02,0.04,N,O,1995-07-09,1995-08-29,1995-07-18,COLLECT COD,SHIP,uriously final dep
24038-4,24038,314,71,4,13.00,15786.03,0.06,0.04,N,O,1995-08-13,1995-09-15,1995-08-21,TAKE BACK RETURN,TRUCK,fily across the furiou
24038-5,24038,935,4,5,11.00,20195.23,0.08,0.01,N,O,1995-06-30,1995-08-17,1995-07-18,COLLECT COD,FOB,deposits. 
24038-6,24038,1089,25,6,42.00,41583.36,0.09,0.03,N,O,1995-08-23,1995-08-17,1995-09-14,COLLECT COD,RAIL,mes above the blithely daring platel
24039-1,24039,723,24,1,42.00,68196.24,0.00,0.05,A,F,1992-10-17,1992-08-18,1992-11-06,TAKE BACK RETURN,AIR,le furiously r
24039-2,24039,20,71,2,3.00,2760.06,0.00,0.08,A,F,1992-08-16,1992-08-21,1992-09-07,COLLECT COD,REG AIR,uests haggle carefully bli
24039-3,24039,1842,43,3,26.00,45339.84,0.03,0.02,R,F,1992-08-04,1992-09-13,1992-08-06,TAKE BACK RETURN,MAIL,ys ironic pinto beans. foxes 
24064-1,24064,403,91,1,14.00,18247.60,0.03,0.06,A,F,1993-08-26,1993-09-03,1993-09-21,TAKE BACK RETURN,MAIL,s detect slyly fu
24064-2,24064,732,97,2,43.00,70207.39,0.03,0.01,R,F,1993-10-12,1993-10-23,1993-10-27,TAKE BACK RETURN,SHIP,ake slyly according to the fluf
24064-3,24064,1484,85,3,10.00,13854.80,0.04,0.03,A,F,1993-11-10,1993-08-27,1993-11-24,TAKE BACK RETURN,TRUCK,s was fluffily according to the regula
24064-4,24064,323,80,4,12.00,14679.84,0.01,0.05,R,F,1993-10-21,1993-10-23,1993-11-03,COLLECT COD,AIR,ily final theodolite
24064-5,24064,1051,57,5,36.00,34273.80,0.00,0.00,R,F,1993-10-03,1993-09-25,1993-10-11,DELIVER IN PERSON,MAIL,gle among the bold package
24065-1,24065,99,50,1,15.00,14986.35,0.05,0.00,N,O,1997-05-19,1997-04-23,1997-06-12,NONE,TRUCK,ly final deposits at the regular packages 
24065-2,24065,1299,100,2,41.00,49211.89,0.02,0.02,N,O,1997-06-06,1997-05-23,1997-06-26,TAKE BACK RETURN,AIR,osits engage furiously fin
24065-3,24065,1418,97,3,16.00,21110.56,0.10,0.07,N,O,1997-05-24,1997-05-19,1997-06-12,NONE,MAIL,ar instructions are against the silent re
24065-4,24065,19,20,4,31.00,28489.31,0.09,0.00,N,O,1997-07-04,1997-04-21,1997-07-08,DELIVER IN PERSON,RAIL,efully even theodo
24065-5,24065,1093,29,5,42.00,41751.78,0.09,0.07,N,O,1997-04-09,1997-06-08,1997-04-19,TAKE BACK RETURN,REG AIR,s express deposits affix carefully.
24066-1,24066,344,73,1,33.00,41063.22,0.03,0.06,A,F,1992-06-28,1992-06-08,1992-07-09,COLLECT COD,AIR,"und the silent, regular instructions. reg"
24066-2,24066,1039,10,2,47.00,44181.41,0.07,0.01,A,F,1992-04-21,1992-06-18,1992-05-12,TAKE BACK RETURN,MAIL,efully final requests. slyly bol
24066-3,24066,1149,22,3,35.00,36754.90,0.07,0.07,R,F,1992-04-22,1992-06-01,1992-05-08,COLLECT COD,SHIP,tealthy pinto beans across
24066-4,24066,85,86,4,44.00,43343.52,0.07,0.04,R,F,1992-04-28,1992-06-16,1992-04-29,TAKE BACK RETURN,FOB,es nag fluffily carefully regular
24066-5,24066,1022,93,5,22.00,20306.44,0.07,0.05,R,F,1992-05-27,1992-07-03,1992-06-05,NONE,SHIP,eas. carefully speci
24067-1,24067,1110,47,1,41.00,41455.51,0.08,0.01,R,F,1992-11-15,1992-11-14,1992-11-22,TAKE BACK RETURN,AIR,deposits sleep furiously ironic accounts. p
24067-2,24067,1675,58,2,45.00,70950.15,0.00,0.00,R,F,1992-10-25,1992-10-26,1992-11-08,COLLECT COD,SHIP,l deposits. pending deposits are ca
24067-3,24067,1544,65,3,15.00,21683.10,0.00,0.01,A,F,1992-12-05,1992-10-22,1992-12-22,DELIVER IN PERSON,FOB,re silently expre
24067-4,24067,1936,37,4,24.00,44110.32,0.02,0.00,A,F,1992-09-20,1992-11-19,1992-10-13,TAKE BACK RETURN,SHIP,ular packages are quickly:
24067-5,24067,83,84,5,23.00,22610.84,0.08,0.06,R,F,1992-09-18,1992-11-14,1992-09-22,TAKE BACK RETURN,FOB,y ironic theod
24067-6,24067,1879,23,6,11.00,19589.57,0.10,0.03,A,F,1992-09-18,1992-10-01,1992-09-19,NONE,MAIL,foxes serve furious
24067-7,24067,1575,56,7,24.00,35437.68,0.08,0.03,R,F,1992-10-19,1992-09-26,1992-11-15,TAKE BACK RETURN,SHIP,furiously b
24068-1,24068,647,48,1,44.00,68096.16,0.06,0.02,N,O,1998-05-17,1998-06-07,1998-05-24,DELIVER IN PERSON,MAIL,ng the slyly exp
24068-2,24068,1884,14,2,29.00,51790.52,0.04,0.00,N,O,1998-05-22,1998-06-08,1998-06-21,DELIVER IN PERSON,TRUCK, excuses nag furiously p
24068-3,24068,277,32,3,13.00,15304.51,0.04,0.04,N,O,1998-05-20,1998-05-14,1998-06-08,COLLECT COD,REG AIR,"s? final, final Tiresias are furi"
24068-4,24068,629,92,4,38.00,58125.56,0.01,0.05,N,O,1998-04-04,1998-05-11,1998-04-09,TAKE BACK RETURN,RAIL,y carefully pending accounts. 
24068-5,24068,198,51,5,35.00,38436.65,0.07,0.03,N,O,1998-07-05,1998-06-10,1998-07-17,NONE,REG AIR, blithely special packages. bold ide
24068-6,24068,571,62,6,14.00,20601.98,0.05,0.02,N,O,1998-06-29,1998-06-25,1998-07-19,COLLECT COD,MAIL,y throughout the theodolites. carefully
24068-7,24068,190,43,7,23.00,25074.37,0.09,0.07,N,O,1998-06-19,1998-06-13,1998-07-18,NONE,AIR,beans doubt along the caref
24069-1,24069,145,24,1,18.00,18812.52,0.10,0.01,A,F,1993-11-12,1993-09-04,1993-11-30,COLLECT COD,SHIP,uriously alongside of the bold p
24069-2,24069,630,62,2,23.00,35204.49,0.08,0.01,R,F,1993-08-27,1993-09-24,1993-09-06,COLLECT COD,RAIL,pending exc
24070-1,24070,1109,18,1,24.00,24242.40,0.01,0.08,A,F,1995-05-22,1995-04-26,1995-06-04,NONE,REG AIR,g carefully. depo
24070-2,24070,33,9,2,30.00,27990.90,0.03,0.06,A,F,1995-05-13,1995-04-27,1995-05-24,NONE,SHIP,accounts affix
24070-3,24070,89,65,3,18.00,17803.44,0.07,0.00,A,F,1995-05-19,1995-05-04,1995-05-21,TAKE BACK RETURN,REG AIR,deposits are. careful
24070-4,24070,1289,1,4,2.00,2380.56,0.08,0.04,A,F,1995-04-13,1995-05-22,1995-04-29,DELIVER IN PERSON,SHIP,"s. ironic, even accounts u"
24070-5,24070,426,85,5,7.00,9284.94,0.03,0.04,A,F,1995-04-16,1995-06-05,1995-04-24,COLLECT COD,MAIL,uickly bold ideas use carefully. car
24070-6,24070,84,60,6,22.00,21649.76,0.00,0.04,N,F,1995-05-24,1995-05-21,1995-06-18,NONE,FOB,l pearls are fluffily. quickly even deposi
24070-7,24070,161,14,7,4.00,4244.64,0.03,0.08,A,F,1995-04-07,1995-04-21,1995-04-28,DELIVER IN PERSON,TRUCK,sual requests wake slyly pending
24071-1,24071,1518,39,1,25.00,35487.75,0.06,0.04,R,F,1992-05-05,1992-05-24,1992-05-20,NONE,SHIP,regular asy
24071-2,24071,486,74,2,27.00,37434.96,0.05,0.06,A,F,1992-07-13,1992-06-27,1992-07-22,TAKE BACK RETURN,FOB,deposits use slyly ruthlessly stealthy th
24096-1,24096,160,87,1,2.00,2120.32,0.02,0.04,R,F,1995-05-13,1995-05-29,1995-05-25,COLLECT COD,AIR, unusual decoys. regular courts thrash car
24097-1,24097,798,95,1,21.00,35674.59,0.06,0.04,R,F,1993-09-10,1993-09-08,1993-09-27,TAKE BACK RETURN,SHIP,eve slyly final accounts
24097-2,24097,36,37,2,21.00,19656.63,0.08,0.04,A,F,1993-10-06,1993-09-13,1993-10-22,COLLECT COD,TRUCK,even requests are s
24097-3,24097,22,48,3,14.00,12908.28,0.07,0.02,R,F,1993-11-24,1993-10-19,1993-12-06,DELIVER IN PERSON,TRUCK,final foxes. fluffily
24097-4,24097,1839,69,4,38.00,66151.54,0.01,0.04,A,F,1993-11-06,1993-09-06,1993-11-12,COLLECT COD,REG AIR,ng express packages
24097-5,24097,1945,46,5,30.00,55408.20,0.02,0.00,A,F,1993-10-21,1993-11-03,1993-10-31,COLLECT COD,MAIL,s. bold platelets along th
24097-6,24097,1202,77,6,2.00,2206.40,0.00,0.06,A,F,1993-11-23,1993-10-23,1993-12-15,COLLECT COD,FOB,"yly final requests. bold, final d"
24097-7,24097,1148,85,7,7.00,7343.98,0.08,0.01,R,F,1993-11-05,1993-09-22,1993-12-01,COLLECT COD,FOB,s unwind sometimes 
24098-1,24098,654,17,1,18.00,27983.70,0.05,0.04,A,F,1992-07-25,1992-06-27,1992-07-26,TAKE BACK RETURN,AIR,are careful
24098-2,24098,973,74,2,14.00,26235.58,0.06,0.01,A,F,1992-05-18,1992-07-08,1992-06-13,COLLECT COD,AIR, dogged packages sleep slyly along the slyl
24098-3,24098,1059,65,3,35.00,33601.75,0.03,0.06,A,F,1992-07-11,1992-06-20,1992-08-09,COLLECT COD,SHIP,fully fluffi
24098-4,24098,1644,86,4,29.00,44823.56,0.04,0.00,R,F,1992-06-21,1992-05-21,1992-07-20,COLLECT COD,RAIL,e. even orbits nag blithely blithely regu
24098-5,24098,953,54,5,2.00,3707.90,0.02,0.04,R,F,1992-04-20,1992-07-11,1992-05-07,NONE,REG AIR,s are: slyly unusual asymptotes
24098-6,24098,1081,17,6,32.00,31426.56,0.04,0.06,R,F,1992-08-17,1992-07-10,1992-09-02,NONE,AIR,old pinto beans detect caref
24099-1,24099,226,8,1,10.00,11262.20,0.03,0.00,N,O,1995-09-01,1995-07-10,1995-09-15,DELIVER IN PERSON,REG AIR,arefully final accounts hagg
24099-2,24099,1666,90,2,23.00,36056.18,0.05,0.01,N,F,1995-06-17,1995-07-04,1995-07-10,TAKE BACK RETURN,TRUCK," carefully. even, final idea"
24099-3,24099,1387,2,3,7.00,9018.66,0.09,0.01,N,F,1995-06-13,1995-07-18,1995-06-23,TAKE BACK RETURN,RAIL,ests haggle according to the ir
24099-4,24099,1866,10,4,18.00,31821.48,0.08,0.06,N,F,1995-06-08,1995-07-09,1995-07-04,DELIVER IN PERSON,FOB,press deposits. furiou
24099-5,24099,98,74,5,17.00,16967.53,0.06,0.03,N,O,1995-07-06,1995-08-04,1995-07-27,NONE,REG AIR,"xes. pending, even deposi"
24099-6,24099,299,27,6,35.00,41975.15,0.04,0.05,N,F,1995-06-14,1995-08-18,1995-06-21,TAKE BACK RETURN,TRUCK,c orbits haggle. slyly final reque
24099-7,24099,1459,60,7,29.00,39453.05,0.01,0.04,N,O,1995-09-13,1995-07-16,1995-10-07,NONE,AIR,dolites. pack
24100-1,24100,1172,9,1,44.00,47219.48,0.03,0.02,N,O,1995-07-20,1995-06-22,1995-08-18,COLLECT COD,SHIP,onic deposits. slyly unu
24101-1,24101,23,24,1,17.00,15691.34,0.08,0.06,A,F,1992-05-22,1992-06-19,1992-05-24,DELIVER IN PERSON,MAIL, slyly. slyly even accounts 
24101-2,24101,416,75,2,43.00,56605.63,0.00,0.04,A,F,1992-04-24,1992-07-07,1992-05-15,TAKE BACK RETURN,MAIL,ly slyly bold account
24101-3,24101,1370,85,3,35.00,44497.95,0.00,0.03,A,F,1992-08-01,1992-06-16,1992-08-03,TAKE BACK RETURN,MAIL,. carefully even requests are
24102-1,24102,611,12,1,26.00,39301.86,0.01,0.08,A,F,1994-01-07,1994-02-13,1994-01-23,COLLECT COD,RAIL,special reque
24102-2,24102,171,50,2,3.00,3213.51,0.04,0.02,A,F,1994-02-24,1994-01-14,1994-03-12,COLLECT COD,MAIL, blithely silent dependencie
24102-3,24102,914,83,3,35.00,63521.85,0.06,0.00,R,F,1994-02-20,1994-02-27,1994-03-16,TAKE BACK RETURN,FOB,luffily ironi
24102-4,24102,1485,86,4,15.00,20797.20,0.05,0.02,R,F,1994-03-04,1994-03-01,1994-04-02,COLLECT COD,TRUCK,posits. silently reg
24102-5,24102,408,38,5,17.00,22242.80,0.08,0.00,A,F,1994-03-30,1994-01-21,1994-04-16,COLLECT COD,FOB,oze. pending dependencies nag
24102-6,24102,1763,90,6,14.00,23306.64,0.06,0.08,A,F,1993-12-13,1994-01-03,1993-12-29,COLLECT COD,FOB,ts. final sheaves impress ruthlessly a
24102-7,24102,626,27,7,31.00,47325.22,0.00,0.02,R,F,1994-03-09,1994-01-19,1994-03-12,TAKE BACK RETURN,RAIL,al braids affix
24103-1,24103,148,49,1,37.00,38781.18,0.01,0.02,R,F,1995-01-06,1994-11-08,1995-01-20,DELIVER IN PERSON,TRUCK,e bold accoun
24103-2,24103,121,48,2,38.00,38802.56,0.00,0.01,A,F,1994-12-09,1994-10-17,1994-12-27,DELIVER IN PERSON,TRUCK,ular pinto beans are across the fluffi
24103-3,24103,384,85,3,34.00,43668.92,0.03,0.07,R,F,1994-12-29,1994-12-11,1995-01-17,TAKE BACK RETURN,MAIL,usly final pi
24103-4,24103,1430,70,4,47.00,62577.21,0.07,0.04,R,F,1994-11-20,1994-10-18,1994-12-12,DELIVER IN PERSON,AIR,ockey players. express pinto bean
24103-5,24103,1681,64,5,40.00,63307.20,0.07,0.05,A,F,1994-09-30,1994-11-10,1994-10-02,TAKE BACK RETURN,MAIL,"ggle boldly about the even, expre"
24103-6,24103,1559,80,6,47.00,68645.85,0.07,0.00,A,F,1994-09-24,1994-11-12,1994-10-23,NONE,AIR,sits. carefully regular
24128-1,24128,1637,79,1,22.00,33849.86,0.00,0.03,A,F,1993-12-21,1994-02-06,1993-12-29,NONE,MAIL,yly even deposits: blithely busy 
24128-2,24128,413,14,2,42.00,55163.22,0.10,0.06,R,F,1993-12-18,1994-01-29,1994-01-15,DELIVER IN PERSON,SHIP,ealthily pinto beans. final accounts nag ca
24128-3,24128,623,17,3,16.00,24377.92,0.00,0.04,R,F,1994-03-06,1994-01-02,1994-03-23,COLLECT COD,MAIL,ously bold 
24129-1,24129,1310,25,1,18.00,21803.58,0.04,0.05,N,O,1995-07-13,1995-10-04,1995-07-16,DELIVER IN PERSON,RAIL,haggle blithely along the furio
24130-1,24130,1359,74,1,20.00,25207.00,0.03,0.00,N,O,1995-11-09,1995-08-16,1995-11-30,DELIVER IN PERSON,REG AIR,nd the slyly spec
24130-2,24130,1294,32,2,33.00,39444.57,0.03,0.04,N,O,1995-08-04,1995-09-26,1995-08-09,NONE,REG AIR,n requests wak
24130-3,24130,1555,36,3,40.00,58262.00,0.10,0.01,N,O,1995-08-30,1995-10-08,1995-09-07,COLLECT COD,TRUCK,ly quickly p
24130-4,24130,638,1,4,29.00,44620.27,0.02,0.00,N,O,1995-11-01,1995-08-26,1995-11-28,DELIVER IN PERSON,TRUCK,ackages wake furiously
24131-1,24131,817,51,1,30.00,51534.30,0.08,0.08,N,O,1996-07-13,1996-09-08,1996-07-27,COLLECT COD,FOB,egular foxes alongside of the car
24131-2,24131,524,15,2,39.00,55556.28,0.05,0.01,N,O,1996-09-24,1996-08-09,1996-10-03,NONE,TRUCK, ironic warthogs boost sly
24132-1,24132,507,38,1,15.00,21112.50,0.08,0.07,R,F,1994-10-23,1994-08-19,1994-11-05,NONE,FOB,gular accounts above the spec
24132-2,24132,1746,31,2,21.00,34602.54,0.00,0.01,R,F,1994-08-05,1994-08-22,1994-09-02,COLLECT COD,AIR,ions. carefully even requests after the 
24132-3,24132,1746,89,3,33.00,54375.42,0.09,0.08,A,F,1994-09-16,1994-09-12,1994-09-26,TAKE BACK RETURN,FOB,theodolites
24132-4,24132,821,22,4,11.00,18940.02,0.00,0.04,A,F,1994-08-21,1994-09-08,1994-09-03,DELIVER IN PERSON,RAIL,atelets against the blithely ironic reque
24132-5,24132,389,18,5,8.00,10315.04,0.03,0.04,A,F,1994-08-14,1994-08-30,1994-08-16,COLLECT COD,RAIL,w above the carefully final dependencies
24132-6,24132,304,5,6,13.00,15655.90,0.01,0.04,A,F,1994-07-17,1994-08-06,1994-07-30,TAKE BACK RETURN,FOB,s wake! packages nag slyly. deposits
24132-7,24132,39,40,7,47.00,44134.41,0.07,0.07,R,F,1994-10-31,1994-09-28,1994-11-05,COLLECT COD,TRUCK,lyly slyly ironic dolphins. 
24133-1,24133,1592,13,1,3.00,4480.77,0.01,0.02,N,O,1996-09-21,1996-09-11,1996-10-19,NONE,AIR,fully around th
24133-2,24133,1295,96,2,35.00,41870.15,0.00,0.01,N,O,1996-09-22,1996-08-17,1996-09-24,DELIVER IN PERSON,SHIP," use fluffily even, regular reque"
24133-3,24133,1496,14,3,5.00,6987.45,0.03,0.05,N,O,1996-09-20,1996-09-13,1996-10-11,COLLECT COD,REG AIR,furiously pendin
24133-4,24133,1327,28,4,25.00,30708.00,0.05,0.06,N,O,1996-08-15,1996-08-16,1996-09-06,COLLECT COD,RAIL, theodolites-- carefully 
24134-1,24134,404,92,1,14.00,18261.60,0.10,0.04,N,O,1998-07-12,1998-08-06,1998-07-26,NONE,SHIP,efully regu
24134-2,24134,762,27,2,33.00,54871.08,0.08,0.04,N,O,1998-05-23,1998-06-22,1998-06-11,NONE,FOB,rding to the final
24134-3,24134,110,37,3,18.00,18181.98,0.07,0.04,N,O,1998-07-18,1998-08-16,1998-07-19,DELIVER IN PERSON,TRUCK,sly final pinto bea
24134-4,24134,600,61,4,10.00,15006.00,0.05,0.03,N,O,1998-07-15,1998-07-08,1998-07-19,DELIVER IN PERSON,RAIL,s pending instructions. 
24135-1,24135,1201,2,1,31.00,34168.20,0.04,0.01,A,F,1993-05-09,1993-04-03,1993-05-15,NONE,REG AIR,"nag furiously. regular, even theodolites na"
24135-2,24135,987,88,2,9.00,16991.82,0.05,0.04,A,F,1993-04-29,1993-04-20,1993-05-19,DELIVER IN PERSON,REG AIR, special ideas. requests
24135-3,24135,681,13,3,34.00,53777.12,0.02,0.05,A,F,1993-05-06,1993-04-19,1993-05-28,DELIVER IN PERSON,FOB,ilent accounts caj
24135-4,24135,551,12,4,32.00,46449.60,0.05,0.01,R,F,1993-01-28,1993-02-24,1993-02-02,DELIVER IN PERSON,FOB,wake slyly along th
24135-5,24135,1146,47,5,43.00,45027.02,0.06,0.03,A,F,1993-01-25,1993-04-04,1993-02-09,NONE,RAIL,. regular platel
24160-1,24160,1209,21,1,35.00,38857.00,0.00,0.05,A,F,1995-03-26,1995-04-22,1995-03-27,NONE,SHIP,"uriously. express, "
24160-2,24160,126,27,2,18.00,18470.16,0.06,0.04,A,F,1995-03-20,1995-03-25,1995-04-10,COLLECT COD,MAIL,ckly express requests. pac
24161-1,24161,1851,81,1,41.00,71866.85,0.07,0.00,R,F,1994-09-23,1994-10-22,1994-09-26,TAKE BACK RETURN,MAIL,"s. bold, even instructi"
24162-1,24162,719,84,1,29.00,46971.59,0.00,0.06,R,F,1994-09-21,1994-10-20,1994-09-30,COLLECT COD,AIR,l packages wake blithel
24162-2,24162,1456,35,2,49.00,66515.05,0.02,0.06,A,F,1994-09-26,1994-10-31,1994-10-14,TAKE BACK RETURN,SHIP,lyly across t
24162-3,24162,411,12,3,48.00,62947.68,0.04,0.05,R,F,1994-11-30,1994-11-13,1994-12-27,TAKE BACK RETURN,RAIL,ts sleep carefully
24162-4,24162,1397,98,4,42.00,54532.38,0.10,0.04,R,F,1994-10-28,1994-11-10,1994-11-11,NONE,SHIP,packages. closely unusual packages 
24162-5,24162,537,28,5,17.00,24438.01,0.01,0.04,R,F,1994-11-04,1994-09-24,1994-11-07,TAKE BACK RETURN,RAIL,blithely unusual deposits
24162-6,24162,815,49,6,28.00,48042.68,0.04,0.05,A,F,1994-09-08,1994-10-01,1994-09-16,TAKE BACK RETURN,MAIL,"ost. regular, pending instructions a"
24162-7,24162,741,6,7,28.00,45968.72,0.06,0.07,R,F,1994-08-27,1994-09-24,1994-09-02,NONE,TRUCK, quickly ac
24163-1,24163,1774,1,1,34.00,56976.18,0.05,0.02,N,O,1998-06-24,1998-05-21,1998-07-14,DELIVER IN PERSON,AIR,sleep slyly 
24163-2,24163,1153,54,2,33.00,34786.95,0.03,0.05,N,O,1998-06-05,1998-06-16,1998-06-22,DELIVER IN PERSON,SHIP,ding accounts
24163-3,24163,1616,40,3,13.00,19728.93,0.04,0.04,N,O,1998-04-21,1998-06-03,1998-05-18,COLLECT COD,RAIL,y after th
24163-4,24163,1505,46,4,9.00,12658.50,0.10,0.05,N,O,1998-06-20,1998-04-23,1998-07-18,NONE,FOB,packages. slyly even theodolites
24163-5,24163,1520,1,5,5.00,7107.60,0.07,0.07,N,O,1998-06-21,1998-05-16,1998-07-04,NONE,RAIL,es haggle carefully atop the i
24163-6,24163,1325,2,6,34.00,41694.88,0.08,0.00,N,O,1998-05-08,1998-05-24,1998-05-12,TAKE BACK RETURN,AIR,"tions. regular, unusual instructions nag."
24163-7,24163,871,71,7,9.00,15946.83,0.01,0.04,N,O,1998-03-28,1998-05-20,1998-04-16,COLLECT COD,RAIL,"egular, bold instructions. even"
24164-1,24164,107,86,1,32.00,32227.20,0.07,0.02,N,O,1998-08-23,1998-08-06,1998-08-24,COLLECT COD,FOB,t packages according to the furiously re
24164-2,24164,695,58,2,2.00,3191.38,0.10,0.00,N,O,1998-09-10,1998-07-15,1998-09-23,TAKE BACK RETURN,MAIL,"after the regular, "
24164-3,24164,544,35,3,38.00,54892.52,0.00,0.00,N,O,1998-08-23,1998-08-04,1998-08-31,DELIVER IN PERSON,REG AIR,y against the pinto bea
24164-4,24164,1581,82,4,45.00,66716.10,0.04,0.05,N,O,1998-06-19,1998-08-11,1998-07-16,DELIVER IN PERSON,FOB, deposits cajole furiou
24164-5,24164,258,86,5,11.00,12740.75,0.06,0.01,N,O,1998-07-03,1998-08-18,1998-07-06,TAKE BACK RETURN,FOB,ts about the slyly pending 
24164-6,24164,1707,50,6,19.00,30565.30,0.04,0.05,N,O,1998-06-09,1998-08-07,1998-06-18,NONE,SHIP,eposits haggle. fluffily final accounts be
24165-1,24165,371,100,1,7.00,8899.59,0.05,0.02,R,F,1995-03-15,1995-01-22,1995-03-28,DELIVER IN PERSON,AIR,deposits: fluffily f
24165-2,24165,642,5,2,34.00,52449.76,0.03,0.00,A,F,1995-01-01,1995-01-23,1995-01-08,TAKE BACK RETURN,TRUCK,ctions along the carefull
24165-3,24165,1939,40,3,49.00,90205.57,0.03,0.01,A,F,1995-03-11,1995-02-24,1995-03-27,TAKE BACK RETURN,TRUCK,y after the pending pinto be
24166-1,24166,368,69,1,39.00,49466.04,0.05,0.08,A,F,1992-10-14,1992-09-28,1992-10-25,DELIVER IN PERSON,MAIL,eas. carefully even 
24166-2,24166,1928,17,2,44.00,80516.48,0.10,0.06,A,F,1992-11-09,1992-09-23,1992-12-03,NONE,FOB,thlessly regular foxes wake alongside of th
24167-1,24167,152,5,1,32.00,33668.80,0.10,0.07,A,F,1992-04-09,1992-03-20,1992-05-01,TAKE BACK RETURN,RAIL,refully regular 
24167-2,24167,711,12,2,23.00,37069.33,0.10,0.08,R,F,1992-03-05,1992-03-23,1992-03-19,DELIVER IN PERSON,MAIL,posits are across the b
24167-3,24167,811,12,3,3.00,5135.43,0.03,0.00,R,F,1992-02-17,1992-03-15,1992-03-13,NONE,AIR,s are against the fluffil
24167-4,24167,1040,76,4,21.00,19761.84,0.08,0.01,R,F,1992-02-07,1992-02-21,1992-02-26,TAKE BACK RETURN,TRUCK,s against the fu
24167-5,24167,636,99,5,32.00,49172.16,0.05,0.07,R,F,1992-05-01,1992-03-02,1992-05-17,COLLECT COD,AIR,lar accounts sleep slyly
24192-1,24192,782,79,1,25.00,42069.50,0.01,0.03,N,O,1998-04-15,1998-05-23,1998-04-29,NONE,RAIL,ular frets should are. fo
24192-2,24192,1891,21,2,25.00,44822.25,0.01,0.03,N,O,1998-03-30,1998-04-18,1998-04-23,COLLECT COD,REG AIR,ns. regular packages wake 
24192-3,24192,1003,74,3,36.00,32544.00,0.02,0.04,N,O,1998-04-30,1998-04-27,1998-05-06,DELIVER IN PERSON,MAIL,eas. blithely even requests sleep furiou
24192-4,24192,704,5,4,28.00,44931.60,0.02,0.07,N,O,1998-06-25,1998-04-18,1998-07-14,NONE,RAIL," are blithely unusual, express dep"
24192-5,24192,572,73,5,34.00,50067.38,0.01,0.01,N,O,1998-05-28,1998-05-09,1998-06-01,COLLECT COD,AIR,the dolphins. sly
24192-6,24192,1585,86,6,32.00,47570.56,0.01,0.02,N,O,1998-05-08,1998-05-31,1998-06-02,COLLECT COD,SHIP,uctions along the furiousl
24193-1,24193,972,75,1,46.00,86156.62,0.03,0.02,R,F,1994-06-02,1994-05-04,1994-06-08,DELIVER IN PERSON,AIR, regular frets. blithely 
24193-2,24193,762,59,2,15.00,24941.40,0.01,0.07,A,F,1994-07-04,1994-05-25,1994-08-01,NONE,REG AIR,eposits. s
24193-3,24193,650,51,3,25.00,38766.25,0.03,0.02,A,F,1994-05-23,1994-05-31,1994-06-01,TAKE BACK RETURN,SHIP,blithely according to the furiously slow p
24193-4,24193,1487,88,4,18.00,24992.64,0.09,0.03,R,F,1994-04-21,1994-06-03,1994-05-19,DELIVER IN PERSON,REG AIR,"s-- final theodolites print. final,"
24193-5,24193,1739,82,5,7.00,11485.11,0.09,0.03,R,F,1994-07-10,1994-05-13,1994-07-27,NONE,AIR,c instructions. thin deposits boost q
24193-6,24193,940,41,6,26.00,47864.44,0.02,0.04,R,F,1994-05-31,1994-05-09,1994-06-26,TAKE BACK RETURN,REG AIR,its cajole carefully against the ex
24193-7,24193,655,49,7,41.00,63781.65,0.02,0.07,R,F,1994-04-01,1994-06-02,1994-04-25,TAKE BACK RETURN,MAIL,sual instr
24194-1,24194,1123,96,1,4.00,4096.48,0.08,0.08,N,O,1996-01-03,1995-12-24,1996-01-05,DELIVER IN PERSON,FOB,s. quickly e
24195-1,24195,1862,92,1,15.00,26457.90,0.03,0.06,N,O,1996-12-17,1996-12-04,1996-12-23,COLLECT COD,TRUCK, according to the blit
24195-2,24195,82,33,2,49.00,48121.92,0.08,0.03,N,O,1996-10-29,1996-11-03,1996-10-31,DELIVER IN PERSON,MAIL,bold pinto beans according to 
24195-3,24195,1969,58,3,17.00,31806.32,0.01,0.00,N,O,1996-12-20,1996-12-05,1997-01-18,TAKE BACK RETURN,MAIL,n pinto beans unwind slyly flu
24195-4,24195,1689,31,4,38.00,60445.84,0.09,0.03,N,O,1996-12-27,1996-11-05,1997-01-11,TAKE BACK RETURN,MAIL,regular account
24195-5,24195,294,22,5,33.00,39411.57,0.05,0.01,N,O,1996-09-28,1996-10-26,1996-10-04,COLLECT COD,TRUCK,s boost final theodolites. carefu
24196-1,24196,1105,6,1,14.00,14085.40,0.02,0.08,R,F,1993-09-05,1993-09-04,1993-09-28,COLLECT COD,REG AIR,doubt. regularly unus
24196-2,24196,1909,98,2,18.00,32596.20,0.03,0.01,R,F,1993-09-04,1993-08-31,1993-09-23,TAKE BACK RETURN,FOB,e slyly among the regula
24196-3,24196,902,5,3,3.00,5408.70,0.07,0.05,A,F,1993-10-25,1993-09-14,1993-11-20,TAKE BACK RETURN,RAIL,ests. carefully pending courts cajol
24196-4,24196,1664,65,4,37.00,57929.42,0.06,0.04,R,F,1993-11-28,1993-10-29,1993-12-20,COLLECT COD,MAIL,lar packages. express packages could 
24197-1,24197,348,5,1,3.00,3745.02,0.02,0.06,R,F,1993-03-03,1993-03-16,1993-03-11,TAKE BACK RETURN,MAIL,ing instruc
24197-2,24197,1030,1,2,1.00,931.03,0.05,0.07,A,F,1993-03-12,1993-03-16,1993-03-28,NONE,AIR,atterns above the courts poach 
24197-3,24197,371,28,3,4.00,5085.48,0.02,0.02,A,F,1993-04-21,1993-03-20,1993-05-14,NONE,FOB,ts. furiously f
24197-4,24197,339,24,4,18.00,22307.94,0.09,0.08,A,F,1993-03-06,1993-05-04,1993-03-30,NONE,AIR,p according to the thinly ironi
24197-5,24197,599,60,5,50.00,74979.50,0.01,0.07,A,F,1993-05-18,1993-03-29,1993-05-23,NONE,AIR,e busily after the theodolites. ironic ide
24197-6,24197,1259,71,6,11.00,12762.75,0.01,0.07,R,F,1993-03-07,1993-03-20,1993-04-05,NONE,RAIL,s. slyly unusual packages alongs
24197-7,24197,634,66,7,31.00,47573.53,0.07,0.00,R,F,1993-04-13,1993-04-17,1993-05-11,COLLECT COD,MAIL,r ideas alongside
24198-1,24198,1168,41,1,16.00,17106.56,0.02,0.07,R,F,1995-02-18,1995-03-30,1995-03-20,NONE,TRUCK,he furiousl
24198-2,24198,521,22,2,37.00,52596.24,0.00,0.08,A,F,1995-04-23,1995-04-20,1995-05-01,NONE,AIR,alongside of the furiously exp
24198-3,24198,650,51,3,22.00,34114.30,0.01,0.01,R,F,1995-02-25,1995-04-04,1995-03-20,DELIVER IN PERSON,AIR, cajole quickly. blithely bol
24198-4,24198,86,37,4,16.00,15777.28,0.01,0.04,R,F,1995-04-19,1995-03-21,1995-05-08,NONE,FOB, accounts. fluffily daring acco
24198-5,24198,1400,15,5,37.00,48151.80,0.10,0.08,R,F,1995-03-19,1995-04-09,1995-04-16,COLLECT COD,SHIP, special accounts. p
24198-6,24198,942,77,6,50.00,92147.00,0.05,0.02,A,F,1995-04-23,1995-04-03,1995-05-02,DELIVER IN PERSON,TRUCK,about the regularly regular ideas. fluffil
24199-1,24199,884,85,1,37.00,66040.56,0.03,0.00,R,F,1994-09-10,1994-08-30,1994-09-22,DELIVER IN PERSON,FOB,"g foxes print pending, idle acc"
24224-1,24224,1644,68,1,5.00,7728.20,0.01,0.07,N,O,1997-12-25,1997-12-02,1997-12-31,COLLECT COD,REG AIR,oxes among the slyly unusual accounts u
24224-2,24224,1506,47,2,38.00,53485.00,0.04,0.00,N,O,1997-10-19,1997-12-05,1997-10-25,TAKE BACK RETURN,SHIP,ithely unusual pinto be
24224-3,24224,847,47,3,41.00,71661.44,0.09,0.03,N,O,1997-10-28,1997-10-22,1997-11-23,COLLECT COD,FOB,ily even deposits-- carefully unus
24225-1,24225,1857,58,1,39.00,68595.15,0.08,0.07,N,O,1996-08-12,1996-06-02,1996-09-06,COLLECT COD,SHIP,ke above the even requests. slyly ironic 
24226-1,24226,1587,68,1,45.00,66986.10,0.10,0.00,N,O,1997-01-27,1997-03-21,1997-01-29,DELIVER IN PERSON,REG AIR, the special accounts nag slyl
24226-2,24226,1097,68,2,31.00,30940.79,0.01,0.02,N,O,1997-02-18,1997-03-09,1997-03-05,TAKE BACK RETURN,SHIP,ructions sl
24226-3,24226,1977,78,3,21.00,39458.37,0.09,0.06,N,O,1997-03-13,1997-03-03,1997-04-07,TAKE BACK RETURN,SHIP, unusual Ti
24226-4,24226,419,78,4,31.00,40901.71,0.00,0.02,N,O,1997-04-13,1997-04-04,1997-05-13,TAKE BACK RETURN,RAIL, accounts? final requests nag
24226-5,24226,1044,15,5,5.00,4725.20,0.06,0.04,N,O,1997-04-27,1997-03-14,1997-05-08,COLLECT COD,AIR,ross the pi
24227-1,24227,1272,47,1,46.00,53970.42,0.02,0.07,R,F,1993-12-04,1993-10-10,1993-12-29,TAKE BACK RETURN,FOB,e slyly pend
24227-2,24227,951,86,2,3.00,5555.85,0.06,0.04,A,F,1993-12-15,1993-11-12,1993-12-25,COLLECT COD,SHIP,s haggle carefully slyly regular accou
24227-3,24227,123,2,3,32.00,32739.84,0.02,0.05,A,F,1993-10-18,1993-11-02,1993-10-28,TAKE BACK RETURN,REG AIR,heodolites. daring packages wake. exp
24227-4,24227,352,81,4,25.00,31308.75,0.06,0.01,A,F,1993-09-16,1993-11-08,1993-10-05,DELIVER IN PERSON,RAIL,lly. final pinto beans must cajole final de
24228-1,24228,1181,54,1,45.00,48698.10,0.05,0.05,R,F,1994-08-19,1994-08-19,1994-08-23,NONE,FOB,g furiously. ironic accounts
24228-2,24228,591,92,2,35.00,52205.65,0.02,0.02,A,F,1994-10-29,1994-09-12,1994-11-22,COLLECT COD,AIR,ar theodolites wake blithel
24229-1,24229,1638,39,1,39.00,60045.57,0.05,0.03,N,O,1996-11-26,1996-10-23,1996-12-12,NONE,AIR,"long the regular, p"
24229-2,24229,897,64,2,32.00,57532.48,0.05,0.08,N,O,1996-12-07,1996-10-24,1997-01-04,TAKE BACK RETURN,FOB,ies are abo
24229-3,24229,850,17,3,50.00,87542.50,0.07,0.07,N,O,1996-09-28,1996-11-21,1996-10-27,TAKE BACK RETURN,TRUCK, requests detec
24229-4,24229,835,35,4,30.00,52074.90,0.05,0.02,N,O,1996-11-21,1996-10-13,1996-11-25,DELIVER IN PERSON,AIR,e the quickly ironic de
24229-5,24229,340,69,5,17.00,21085.78,0.00,0.02,N,O,1996-10-19,1996-09-30,1996-11-03,DELIVER IN PERSON,TRUCK,sits use furiously. special th
24230-1,24230,259,14,1,45.00,52166.25,0.03,0.03,N,O,1996-11-22,1996-12-17,1996-12-16,NONE,MAIL,ven deposits use.
24230-2,24230,905,40,2,19.00,34312.10,0.02,0.01,N,O,1996-11-01,1996-11-22,1996-11-24,DELIVER IN PERSON,REG AIR,fily regular deposits haggle. slyly reg
24230-3,24230,1884,85,3,6.00,10715.28,0.05,0.01,N,O,1997-02-06,1996-12-21,1997-03-06,DELIVER IN PERSON,AIR, quickly even pinto beans.
24230-4,24230,1835,22,4,11.00,19105.13,0.07,0.04,N,O,1997-02-07,1996-12-29,1997-02-11,DELIVER IN PERSON,FOB,structions are slyly fina
24230-5,24230,1616,40,5,37.00,56151.57,0.05,0.01,N,O,1996-12-16,1996-11-25,1997-01-03,DELIVER IN PERSON,AIR,onic sheaves. ironic deposits haggle blithe
24230-6,24230,520,51,6,37.00,52559.24,0.09,0.08,N,O,1996-12-31,1996-12-19,1997-01-26,COLLECT COD,RAIL,lly regular court
24231-1,24231,1921,22,1,17.00,30989.64,0.08,0.04,A,F,1994-08-13,1994-10-18,1994-08-20,COLLECT COD,SHIP,ans. pending accounts use blithely
24231-2,24231,1760,87,2,43.00,71455.68,0.10,0.02,R,F,1994-10-21,1994-09-28,1994-11-12,DELIVER IN PERSON,AIR,use blithely slyly even 
24231-3,24231,537,38,3,33.00,47438.49,0.05,0.05,R,F,1994-09-23,1994-10-10,1994-10-04,DELIVER IN PERSON,TRUCK,lar platelets hagg
24231-4,24231,415,74,4,38.00,49985.58,0.02,0.05,A,F,1994-11-29,1994-10-18,1994-12-08,NONE,SHIP,ckages. fluffily bold requests c
24231-5,24231,1706,91,5,25.00,40192.50,0.07,0.05,A,F,1994-11-24,1994-09-24,1994-12-08,COLLECT COD,AIR,ing to the f
24231-6,24231,1864,51,6,20.00,35317.20,0.08,0.04,R,F,1994-09-21,1994-09-17,1994-10-15,COLLECT COD,FOB, the packages. furiously quiet theodolite
24256-1,24256,448,49,1,17.00,22923.48,0.03,0.04,N,O,1997-07-12,1997-05-27,1997-07-31,COLLECT COD,REG AIR,sts. furiously final packag
24256-2,24256,717,18,2,19.00,30736.49,0.02,0.02,N,O,1997-05-27,1997-06-06,1997-06-11,DELIVER IN PERSON,MAIL,ourts dazzle. pinto beans boost slyly s
24256-3,24256,1033,69,3,10.00,9340.30,0.09,0.02,N,O,1997-07-15,1997-05-15,1997-08-10,TAKE BACK RETURN,SHIP,beans wake about the quickly fina
24257-1,24257,833,67,1,49.00,84957.67,0.03,0.02,A,F,1992-10-05,1992-10-27,1992-10-11,DELIVER IN PERSON,MAIL,ickly fluffily stealthy
24257-2,24257,459,47,2,26.00,35345.70,0.10,0.05,R,F,1992-11-03,1992-09-11,1992-11-10,DELIVER IN PERSON,TRUCK,ickly ironic foxes detect fluffily 
24258-1,24258,599,100,1,39.00,58484.01,0.03,0.06,N,O,1996-07-27,1996-06-19,1996-08-24,COLLECT COD,REG AIR,xes. packages use carefully final courts
24258-2,24258,685,17,2,36.00,57084.48,0.03,0.06,N,O,1996-07-07,1996-07-02,1996-07-08,DELIVER IN PERSON,MAIL,requests around the fluffily final request
24258-3,24258,1164,1,3,7.00,7456.12,0.10,0.07,N,O,1996-07-30,1996-07-12,1996-08-20,TAKE BACK RETURN,MAIL,ounts. carefully e
24258-4,24258,577,78,4,30.00,44327.10,0.08,0.02,N,O,1996-05-28,1996-07-06,1996-06-04,COLLECT COD,FOB, haggle furiously ironic warhor
24258-5,24258,93,19,5,36.00,35751.24,0.02,0.02,N,O,1996-06-30,1996-06-28,1996-07-12,TAKE BACK RETURN,MAIL,tes must have to wake care
24258-6,24258,1608,91,6,50.00,75480.00,0.03,0.00,N,O,1996-07-04,1996-06-26,1996-07-22,NONE,SHIP,lyly along the fluf
24258-7,24258,543,4,7,46.00,66402.84,0.00,0.05,N,O,1996-06-09,1996-06-05,1996-06-30,TAKE BACK RETURN,AIR,st the silently
24259-1,24259,947,16,1,32.00,59134.08,0.02,0.05,N,O,1996-09-19,1996-07-15,1996-09-24,TAKE BACK RETURN,SHIP,usual deposits. blithely even ac
24259-2,24259,1054,60,2,21.00,20056.05,0.02,0.08,N,O,1996-07-01,1996-06-30,1996-07-20,TAKE BACK RETURN,REG AIR,ily unusual instructions. final r
24259-3,24259,1622,5,3,13.00,19807.06,0.01,0.06,N,O,1996-09-02,1996-07-16,1996-09-19,NONE,FOB,deposits; quickly fi
24260-1,24260,391,76,1,28.00,36158.92,0.00,0.03,R,F,1993-10-17,1993-12-11,1993-10-26,TAKE BACK RETURN,MAIL,deposits are. blith
24260-2,24260,1678,20,2,39.00,61607.13,0.02,0.05,R,F,1994-01-26,1993-12-23,1994-02-06,NONE,MAIL, along the fluffily permane
24260-3,24260,1193,30,3,32.00,35014.08,0.07,0.01,R,F,1993-12-31,1993-11-18,1994-01-06,COLLECT COD,REG AIR,ven ideas across the f
24260-4,24260,916,51,4,22.00,39972.02,0.09,0.03,A,F,1994-01-10,1993-12-23,1994-01-15,NONE,TRUCK,l accounts after the quietly silent de
24260-5,24260,1695,19,5,14.00,22353.66,0.02,0.07,R,F,1993-12-06,1993-12-08,1993-12-08,TAKE BACK RETURN,AIR,serve across the regular a
24261-1,24261,1410,89,1,18.00,23605.38,0.00,0.02,R,F,1992-10-06,1992-10-20,1992-10-13,TAKE BACK RETURN,TRUCK,uests haggle slyly bold depos
24262-1,24262,196,23,1,18.00,19731.42,0.05,0.08,R,F,1994-04-02,1994-03-06,1994-05-02,COLLECT COD,TRUCK,ions boost carefully
24262-2,24262,145,98,2,2.00,2090.28,0.06,0.07,A,F,1994-03-12,1994-04-11,1994-04-07,TAKE BACK RETURN,AIR,ular pinto beans use stealthily b
24262-3,24262,870,71,3,19.00,33646.53,0.08,0.05,A,F,1994-04-20,1994-04-08,1994-05-20,NONE,MAIL,he theodolites use alongside of the
24262-4,24262,256,57,4,39.00,45093.75,0.03,0.07,R,F,1994-04-18,1994-03-27,1994-04-28,DELIVER IN PERSON,FOB,onic instructions. fluffily reg
24262-5,24262,1197,34,5,42.00,46123.98,0.00,0.03,A,F,1994-05-24,1994-03-18,1994-06-17,NONE,TRUCK,into beans affix behind th
24263-1,24263,1175,12,1,31.00,33361.27,0.07,0.04,A,F,1992-09-18,1992-11-12,1992-09-23,COLLECT COD,MAIL,lyly final ideas. pen
24288-1,24288,494,95,1,46.00,64146.54,0.08,0.00,A,F,1993-06-06,1993-05-06,1993-06-20,DELIVER IN PERSON,FOB,ckages. quickly regular asymptotes cajole.
24288-2,24288,1931,76,2,14.00,25661.02,0.05,0.03,R,F,1993-03-17,1993-05-26,1993-03-24,TAKE BACK RETURN,REG AIR,olites around the account
24288-3,24288,1554,55,3,19.00,27655.45,0.10,0.02,A,F,1993-04-09,1993-05-14,1993-04-29,COLLECT COD,RAIL,the carefully ir
24288-4,24288,1849,50,4,22.00,38518.48,0.08,0.05,R,F,1993-03-29,1993-05-18,1993-04-17,TAKE BACK RETURN,MAIL,"press, final requests wak"
24289-1,24289,226,27,1,28.00,31534.16,0.02,0.00,N,O,1997-10-21,1997-09-18,1997-11-05,COLLECT COD,AIR,encies cajole even r
24289-2,24289,562,53,2,22.00,32176.32,0.00,0.08,N,O,1997-08-17,1997-08-14,1997-09-09,COLLECT COD,MAIL,foxes are beside the final accounts: furi
24289-3,24289,125,4,3,5.00,5125.60,0.08,0.04,N,O,1997-08-20,1997-09-07,1997-08-26,NONE,RAIL,"tes. regular, final deposits cajole ir"
24289-4,24289,351,80,4,37.00,46299.95,0.10,0.05,N,O,1997-07-23,1997-09-06,1997-07-27,DELIVER IN PERSON,SHIP,refully pending packag
24290-1,24290,269,97,1,40.00,46770.40,0.00,0.01,A,F,1992-03-05,1992-03-13,1992-04-02,COLLECT COD,TRUCK,wake quickly about th
24290-2,24290,1694,36,2,18.00,28722.42,0.02,0.06,A,F,1992-01-24,1992-03-21,1992-02-02,TAKE BACK RETURN,FOB,lly regular pinto beans
24291-1,24291,699,62,1,15.00,23995.35,0.10,0.06,A,F,1992-05-29,1992-06-28,1992-06-19,DELIVER IN PERSON,MAIL,y bold ideas detect blithely acros
24291-2,24291,213,14,2,6.00,6679.26,0.10,0.03,R,F,1992-06-08,1992-06-03,1992-06-26,NONE,FOB,lently ironi
24291-3,24291,778,75,3,23.00,38611.71,0.07,0.06,R,F,1992-06-22,1992-06-06,1992-06-29,COLLECT COD,TRUCK,y ironic requests cajole
24291-4,24291,1055,26,4,42.00,40154.10,0.05,0.06,R,F,1992-07-28,1992-07-04,1992-08-25,DELIVER IN PERSON,TRUCK,press packages sleep furiously
24291-5,24291,1237,49,5,8.00,9105.84,0.07,0.04,R,F,1992-05-22,1992-07-10,1992-06-06,TAKE BACK RETURN,TRUCK,ar instructions u
24291-6,24291,1043,79,6,20.00,18880.80,0.10,0.07,A,F,1992-06-15,1992-06-12,1992-07-03,TAKE BACK RETURN,RAIL, slyly. furiously regular pinto beans use 
24291-7,24291,334,63,7,43.00,53076.19,0.05,0.03,A,F,1992-08-18,1992-06-30,1992-09-14,TAKE BACK RETURN,REG AIR,uffily regular requests a
24292-1,24292,1812,99,1,19.00,32562.39,0.05,0.05,A,F,1994-06-24,1994-05-11,1994-07-09,TAKE BACK RETURN,AIR, courts boost aft
24292-2,24292,1534,75,2,42.00,60292.26,0.02,0.05,R,F,1994-06-21,1994-05-02,1994-06-24,DELIVER IN PERSON,AIR,nts need to
24292-3,24292,248,30,3,32.00,36743.68,0.01,0.03,R,F,1994-05-12,1994-05-27,1994-06-01,DELIVER IN PERSON,FOB, are carefully regular in
24292-4,24292,1501,42,4,13.00,18232.50,0.05,0.03,A,F,1994-05-12,1994-05-10,1994-06-01,NONE,AIR,y according to the requests; 
24292-5,24292,929,98,5,45.00,82346.40,0.00,0.05,A,F,1994-06-25,1994-05-03,1994-07-09,NONE,REG AIR,ely regular instru
24293-1,24293,222,77,1,4.00,4488.88,0.08,0.00,N,O,1997-05-25,1997-06-17,1997-05-26,TAKE BACK RETURN,AIR,es are against the idly regular accounts
24294-1,24294,385,70,1,45.00,57842.10,0.00,0.00,A,F,1994-08-18,1994-09-20,1994-08-23,COLLECT COD,AIR,sits. carefully final requests x-ra
24294-2,24294,547,38,2,40.00,57901.60,0.07,0.06,R,F,1994-10-05,1994-10-30,1994-10-12,COLLECT COD,MAIL,. fluffily ironic theodolit
24294-3,24294,1699,41,3,5.00,8003.45,0.05,0.07,R,F,1994-10-13,1994-10-21,1994-10-28,DELIVER IN PERSON,AIR,es play fl
24294-4,24294,523,84,4,33.00,46976.16,0.00,0.07,R,F,1994-10-13,1994-09-08,1994-10-22,COLLECT COD,FOB,gular accounts. carefully i
24294-5,24294,1322,61,5,14.00,17126.48,0.02,0.05,R,F,1994-09-03,1994-10-10,1994-09-30,DELIVER IN PERSON,AIR,xpress accounts detect about the f
24294-6,24294,199,78,6,6.00,6595.14,0.09,0.05,R,F,1994-08-11,1994-10-04,1994-08-30,COLLECT COD,SHIP, regular deposits use cl
24295-1,24295,929,64,1,15.00,27448.80,0.10,0.04,N,O,1998-04-12,1998-05-03,1998-04-21,NONE,RAIL,ual accounts. blithely final in
24320-1,24320,958,93,1,50.00,92947.50,0.04,0.06,A,F,1994-01-30,1994-03-16,1994-01-31,TAKE BACK RETURN,MAIL,usual deposits. furiously even i
24321-1,24321,1873,74,1,7.00,12424.09,0.05,0.08,A,F,1994-12-03,1994-12-23,1995-01-02,DELIVER IN PERSON,REG AIR,s across the blithely iro
24321-2,24321,836,3,2,38.00,65999.54,0.08,0.08,R,F,1994-12-11,1995-01-20,1994-12-12,NONE,MAIL,riously about the slyly r
24321-3,24321,473,74,3,18.00,24722.46,0.09,0.04,R,F,1995-02-18,1995-01-28,1995-03-02,DELIVER IN PERSON,FOB,ly regular ideas
24321-4,24321,1467,46,4,6.00,8210.76,0.08,0.02,R,F,1995-02-01,1995-01-15,1995-02-03,TAKE BACK RETURN,MAIL,lithely silent packages. careful
24321-5,24321,375,32,5,44.00,56116.28,0.09,0.01,A,F,1994-12-12,1995-01-21,1994-12-23,DELIVER IN PERSON,AIR,egular packages are carefully. fluffily unu
24321-6,24321,179,32,6,25.00,26979.25,0.02,0.03,A,F,1995-01-26,1994-12-11,1995-02-04,DELIVER IN PERSON,FOB, regular packages are fluffily.
24322-1,24322,1787,88,1,16.00,27020.48,0.08,0.01,N,O,1997-03-12,1997-03-22,1997-03-14,COLLECT COD,FOB,against the deposits. carefully 
24322-2,24322,99,50,2,4.00,3996.36,0.06,0.03,N,O,1997-05-07,1997-03-04,1997-05-25,COLLECT COD,RAIL,ar packages. furiously regular req
24322-3,24322,846,46,3,29.00,50658.36,0.02,0.02,N,O,1997-03-04,1997-04-08,1997-03-22,NONE,TRUCK, requests. ironically dogged 
24322-4,24322,673,67,4,44.00,69241.48,0.02,0.06,N,O,1997-03-05,1997-03-03,1997-03-22,TAKE BACK RETURN,RAIL,"across the unusual, special deposits. fi"
24322-5,24322,545,36,5,22.00,31801.88,0.08,0.08,N,O,1997-03-26,1997-03-19,1997-04-19,COLLECT COD,AIR,y ironic ideas thrash furiously about the s
24322-6,24322,1099,70,6,50.00,50004.50,0.07,0.03,N,O,1997-04-26,1997-03-12,1997-05-11,NONE,FOB,nstructions s
24323-1,24323,1624,66,1,37.00,56447.94,0.05,0.07,N,O,1997-08-31,1997-08-25,1997-09-26,COLLECT COD,FOB,tructions. foxes sleep idly along the
24323-2,24323,102,55,2,46.00,46096.60,0.10,0.01,N,O,1997-07-14,1997-08-11,1997-07-29,TAKE BACK RETURN,AIR,sits sleep fluffily according
24323-3,24323,302,87,3,29.00,34866.70,0.06,0.05,N,O,1997-09-14,1997-08-27,1997-10-01,DELIVER IN PERSON,TRUCK,out the fluffily ironic theodolites
24323-4,24323,714,47,4,14.00,22605.94,0.06,0.00,N,O,1997-08-21,1997-08-27,1997-09-01,DELIVER IN PERSON,TRUCK,blithely a
24323-5,24323,787,52,5,19.00,32067.82,0.06,0.05,N,O,1997-09-18,1997-07-28,1997-10-10,DELIVER IN PERSON,AIR,iously. pending deposits sleep 
24324-1,24324,1950,39,1,25.00,46298.75,0.10,0.05,R,F,1993-07-07,1993-07-12,1993-07-15,TAKE BACK RETURN,TRUCK,express tithes. special instr
24324-2,24324,933,36,2,9.00,16505.37,0.02,0.07,A,F,1993-08-10,1993-07-14,1993-08-27,NONE,FOB,s wake slyly pending dol
24325-1,24325,1287,62,1,27.00,32083.56,0.08,0.05,N,O,1996-09-27,1996-10-18,1996-10-18,NONE,FOB,ctions breach blithely ab
24325-2,24325,1752,95,2,26.00,42997.50,0.10,0.03,N,O,1996-10-09,1996-10-05,1996-11-05,TAKE BACK RETURN,MAIL,al packages use fu
24325-3,24325,1270,82,3,16.00,18740.32,0.09,0.03,N,O,1996-12-01,1996-10-13,1996-12-09,TAKE BACK RETURN,AIR,lly unusual instructions. blithely
24325-4,24325,1437,16,4,50.00,66921.50,0.05,0.00,N,O,1996-09-23,1996-10-29,1996-10-07,TAKE BACK RETURN,TRUCK,"press packages. final,"
24326-1,24326,1084,55,1,44.00,43343.52,0.01,0.02,N,O,1995-12-06,1995-12-07,1995-12-17,DELIVER IN PERSON,AIR,carefully to the blithely special pea
24326-2,24326,819,86,2,41.00,70512.21,0.01,0.02,N,O,1995-10-19,1995-12-07,1995-11-04,TAKE BACK RETURN,FOB,press packages are carefu
24326-3,24326,106,7,3,48.00,48292.80,0.07,0.00,N,O,1996-01-18,1995-12-03,1996-02-09,COLLECT COD,FOB,side of the blithely ironic requests
24326-4,24326,271,72,4,26.00,30453.02,0.09,0.03,N,O,1995-12-15,1995-11-29,1995-12-18,COLLECT COD,AIR,ns use slyly? pinto beans wake c
24326-5,24326,917,86,5,38.00,69080.58,0.08,0.05,N,O,1995-12-27,1995-11-24,1996-01-19,DELIVER IN PERSON,REG AIR,hely ironic du
24327-1,24327,1267,68,1,49.00,57244.74,0.03,0.00,N,O,1996-04-01,1996-04-09,1996-04-14,DELIVER IN PERSON,SHIP,en courts sleep slyly qui
24352-1,24352,1593,94,1,34.00,50816.06,0.07,0.02,R,F,1993-09-02,1993-07-06,1993-09-13,COLLECT COD,RAIL, epitaphs cajo
24352-2,24352,1782,25,2,1.00,1683.78,0.02,0.04,R,F,1993-05-18,1993-07-17,1993-06-15,DELIVER IN PERSON,SHIP,"ts. express, unusual i"
24352-3,24352,379,64,3,46.00,58851.02,0.06,0.05,A,F,1993-07-25,1993-07-17,1993-07-27,NONE,TRUCK,uctions. requ
24352-4,24352,45,96,4,24.00,22680.96,0.02,0.08,R,F,1993-08-02,1993-06-12,1993-09-01,COLLECT COD,MAIL,uests. accounts unwind. bol
24352-5,24352,1221,96,5,46.00,51622.12,0.08,0.08,A,F,1993-07-12,1993-07-03,1993-07-14,TAKE BACK RETURN,SHIP,s ideas. courts affix ironi
24353-1,24353,1404,22,1,28.00,36551.20,0.05,0.03,N,O,1996-09-15,1996-07-20,1996-09-24,NONE,MAIL,tions cajole. blithely regular packages
24353-2,24353,1653,95,2,42.00,65295.30,0.09,0.08,N,O,1996-07-31,1996-07-01,1996-08-23,TAKE BACK RETURN,REG AIR,"unusual, even patterns wake slyly furi"
24354-1,24354,1816,46,1,32.00,54969.92,0.01,0.03,N,O,1998-02-28,1998-02-19,1998-03-12,DELIVER IN PERSON,FOB,ial pinto beans
24354-2,24354,1015,51,2,49.00,44884.49,0.03,0.06,N,O,1998-04-16,1998-03-15,1998-05-05,COLLECT COD,TRUCK,uickly ironic epitaphs. b
24354-3,24354,1993,38,3,31.00,58744.69,0.02,0.00,N,O,1998-01-17,1998-04-04,1998-01-27,NONE,TRUCK,press accounts integrate furiou
24354-4,24354,248,76,4,48.00,55115.52,0.01,0.08,N,O,1998-01-17,1998-02-12,1998-01-31,DELIVER IN PERSON,MAIL,ages integrate
24354-5,24354,127,54,5,47.00,48274.64,0.05,0.00,N,O,1998-02-03,1998-04-01,1998-02-20,DELIVER IN PERSON,TRUCK,fluffily quiet packages are slyly regula
24355-1,24355,828,62,1,18.00,31118.76,0.07,0.00,N,O,1997-08-29,1997-08-13,1997-09-24,DELIVER IN PERSON,REG AIR,e carefull
24355-2,24355,1907,52,2,25.00,45222.50,0.01,0.03,N,O,1997-07-21,1997-09-11,1997-08-19,DELIVER IN PERSON,FOB,eas sleep furiously bravely final acc
24355-3,24355,304,61,3,39.00,46967.70,0.02,0.07,N,O,1997-11-01,1997-08-18,1997-11-29,TAKE BACK RETURN,MAIL, regular pinto 
24355-4,24355,1300,75,4,43.00,51655.90,0.07,0.03,N,O,1997-09-20,1997-08-08,1997-10-09,TAKE BACK RETURN,RAIL,requests. carefully quick dolphins haggle
24355-5,24355,1024,30,5,19.00,17575.38,0.10,0.04,N,O,1997-10-02,1997-08-24,1997-10-30,COLLECT COD,TRUCK, pinto beans are. slyly regular deposi
24356-1,24356,1355,32,1,19.00,23870.65,0.07,0.00,A,F,1993-09-03,1993-07-21,1993-09-14,NONE,REG AIR,uests cajo
24356-2,24356,589,50,2,5.00,7447.90,0.08,0.08,A,F,1993-06-21,1993-06-15,1993-07-15,NONE,SHIP,odolites a
24356-3,24356,1557,98,3,15.00,21878.25,0.00,0.04,A,F,1993-07-28,1993-06-14,1993-08-02,DELIVER IN PERSON,REG AIR,wake furiously. slyly silent 
24357-1,24357,577,38,1,44.00,65013.08,0.01,0.03,N,O,1996-02-22,1996-04-06,1996-02-27,TAKE BACK RETURN,REG AIR,according to the quickly enticing deposits.
24357-2,24357,837,4,2,21.00,36494.43,0.02,0.05,N,O,1996-04-26,1996-03-20,1996-05-24,COLLECT COD,SHIP, special deco
24357-3,24357,725,26,3,2.00,3251.44,0.06,0.00,N,O,1996-04-30,1996-04-07,1996-05-12,COLLECT COD,MAIL,"c, pending acco"
24357-4,24357,1510,11,4,33.00,46579.83,0.07,0.03,N,O,1996-05-01,1996-04-05,1996-05-25,TAKE BACK RETURN,SHIP,iously after the bold requests. careful
24358-1,24358,1811,98,1,13.00,22266.53,0.07,0.07,R,F,1994-07-28,1994-07-14,1994-08-16,TAKE BACK RETURN,SHIP, unusual excuses boost ca
24358-2,24358,23,74,2,44.00,40612.88,0.01,0.01,R,F,1994-05-23,1994-07-23,1994-05-28,COLLECT COD,AIR, to the accounts. blithely
24358-3,24358,1747,90,3,47.00,77490.78,0.00,0.08,R,F,1994-06-11,1994-07-27,1994-06-27,TAKE BACK RETURN,TRUCK,requests haggle accord
24358-4,24358,1342,19,4,26.00,32326.84,0.06,0.00,R,F,1994-08-22,1994-08-06,1994-08-28,DELIVER IN PERSON,TRUCK,"ges above the pending, ironic excuses cajol"
24358-5,24358,412,13,5,3.00,3937.23,0.01,0.03,R,F,1994-08-12,1994-07-28,1994-08-31,DELIVER IN PERSON,RAIL,packages. accounts boost. regular excuses h
24359-1,24359,1762,89,1,21.00,34938.96,0.08,0.02,N,O,1998-06-16,1998-04-24,1998-07-10,DELIVER IN PERSON,TRUCK,ly special instr
24359-2,24359,1491,92,2,11.00,15317.39,0.00,0.04,N,O,1998-06-25,1998-05-23,1998-07-07,TAKE BACK RETURN,FOB,final theodolites? accounts haggle 
24359-3,24359,1466,67,3,47.00,64270.62,0.00,0.02,N,O,1998-04-16,1998-04-11,1998-04-24,TAKE BACK RETURN,REG AIR,oxes cajol
24359-4,24359,575,66,4,16.00,23609.12,0.09,0.02,N,O,1998-05-26,1998-04-11,1998-06-17,COLLECT COD,AIR,bout the f
24359-5,24359,60,11,5,21.00,20161.26,0.08,0.01,N,O,1998-03-12,1998-04-13,1998-03-15,NONE,RAIL,osits nag carefully quickly slow requ
24359-6,24359,338,95,6,45.00,55724.85,0.03,0.04,N,O,1998-04-22,1998-04-30,1998-05-13,NONE,RAIL,ions doubt alongside of t
24384-1,24384,1190,91,1,17.00,18550.23,0.09,0.07,A,F,1995-04-25,1995-04-27,1995-05-07,NONE,SHIP,"ntegrate quickly. silent, final req"
24384-2,24384,1982,71,2,31.00,58403.38,0.00,0.02,N,O,1995-06-24,1995-06-21,1995-07-21,TAKE BACK RETURN,FOB,ers wake blithely slowly expr
24384-3,24384,1849,36,3,20.00,35016.80,0.10,0.01,N,O,1995-07-17,1995-06-17,1995-08-10,COLLECT COD,REG AIR,inally bold deposits. slyly final reques
24384-4,24384,674,75,4,41.00,64561.47,0.06,0.00,R,F,1995-06-14,1995-06-07,1995-06-16,TAKE BACK RETURN,REG AIR,furiously regular 
24384-5,24384,1743,44,5,25.00,41118.50,0.02,0.04,R,F,1995-06-02,1995-05-15,1995-06-05,DELIVER IN PERSON,FOB,s. quickly silent pack
24384-6,24384,603,4,6,11.00,16539.60,0.07,0.04,R,F,1995-04-24,1995-05-21,1995-05-21,DELIVER IN PERSON,MAIL,ntly furiously bold theodolites
24384-7,24384,533,94,7,44.00,63075.32,0.03,0.01,A,F,1995-04-30,1995-05-07,1995-05-26,COLLECT COD,TRUCK,"deas. special, even instructions affix "
24385-1,24385,1679,3,1,49.00,77452.83,0.05,0.01,R,F,1993-03-20,1993-03-03,1993-04-05,NONE,TRUCK,"le furiously sly, pend"
24385-2,24385,419,78,2,32.00,42221.12,0.00,0.05,A,F,1993-05-10,1993-03-22,1993-05-24,NONE,TRUCK,"es sleep along the daring, pending re"
24385-3,24385,1160,69,3,25.00,26529.00,0.07,0.04,R,F,1993-02-12,1993-04-21,1993-02-24,TAKE BACK RETURN,RAIL,ironic requests are idly alongside of
24385-4,24385,1400,77,4,44.00,57261.60,0.10,0.08,A,F,1993-05-22,1993-03-27,1993-06-13,NONE,REG AIR,lly even pac
24385-5,24385,335,20,5,20.00,24706.60,0.04,0.07,A,F,1993-05-05,1993-04-05,1993-05-11,COLLECT COD,REG AIR,ld requests haggle furi
24386-1,24386,318,75,1,47.00,57260.57,0.10,0.02,A,F,1992-07-15,1992-09-12,1992-08-04,COLLECT COD,MAIL,old packages use slyly among the theodolite
24386-2,24386,1818,5,2,4.00,6879.24,0.01,0.01,R,F,1992-10-04,1992-09-23,1992-10-13,DELIVER IN PERSON,TRUCK,"lly after the unusual dugouts. even, specia"
24386-3,24386,1933,34,3,6.00,11009.58,0.04,0.08,A,F,1992-09-29,1992-08-11,1992-10-04,NONE,TRUCK,es maintain blithely about the c
24386-4,24386,481,82,4,38.00,52496.24,0.04,0.04,A,F,1992-08-27,1992-08-28,1992-09-23,TAKE BACK RETURN,REG AIR,ld requests affix furiously acr
24386-5,24386,430,60,5,48.00,63860.64,0.02,0.08,R,F,1992-10-11,1992-08-07,1992-10-20,TAKE BACK RETURN,AIR,ously special packag
24386-6,24386,615,9,6,9.00,13640.49,0.05,0.01,R,F,1992-09-12,1992-08-01,1992-10-02,COLLECT COD,FOB,symptotes doze slyly regular asym
24386-7,24386,800,97,7,3.00,5102.40,0.03,0.05,R,F,1992-07-24,1992-08-06,1992-07-25,TAKE BACK RETURN,RAIL,nstructions along the 
24387-1,24387,1420,60,1,6.00,7928.52,0.00,0.08,N,O,1995-10-10,1995-10-10,1995-11-06,TAKE BACK RETURN,TRUCK,riously even accounts. fur
24387-2,24387,204,59,2,9.00,9937.80,0.01,0.04,N,O,1995-12-08,1995-10-07,1995-12-17,COLLECT COD,AIR,pecial attain
24387-3,24387,1606,30,3,30.00,45228.00,0.04,0.03,N,O,1995-12-09,1995-10-24,1995-12-18,DELIVER IN PERSON,FOB,fily slyly ev
24387-4,24387,632,64,4,35.00,53642.05,0.08,0.06,N,O,1995-09-09,1995-09-15,1995-09-29,COLLECT COD,TRUCK,y ironic requests nag furiously 
24387-5,24387,1365,4,5,4.00,5065.44,0.10,0.02,N,O,1995-08-13,1995-09-18,1995-08-30,TAKE BACK RETURN,FOB," requests print. regular, regular exc"
24387-6,24387,193,72,6,13.00,14211.47,0.08,0.07,N,O,1995-10-24,1995-10-14,1995-11-14,TAKE BACK RETURN,MAIL, instructions print. fi
24387-7,24387,1401,19,7,30.00,39072.00,0.08,0.07,N,O,1995-10-10,1995-10-07,1995-10-20,NONE,SHIP," ironic, sp"
24388-1,24388,1440,19,1,20.00,26828.80,0.05,0.02,A,F,1995-04-12,1995-04-26,1995-04-16,NONE,SHIP,deas sleep slyly s
24388-2,24388,1600,41,2,27.00,40543.20,0.08,0.03,A,F,1995-05-25,1995-04-23,1995-06-10,COLLECT COD,TRUCK,s-- regular requests
24388-3,24388,1412,30,3,7.00,9193.87,0.10,0.04,A,F,1995-02-17,1995-03-05,1995-03-17,COLLECT COD,RAIL,regular requests cajole. final accou
24388-4,24388,1570,91,4,3.00,4414.71,0.02,0.01,A,F,1995-01-31,1995-02-27,1995-02-28,DELIVER IN PERSON,TRUCK,xpress dependencies use 
24388-5,24388,1392,31,5,7.00,9053.73,0.08,0.03,R,F,1995-03-26,1995-03-15,1995-04-02,COLLECT COD,FOB, requests wake finall
24389-1,24389,958,93,1,6.00,11153.70,0.03,0.02,N,O,1998-03-01,1998-03-14,1998-03-06,NONE,RAIL,ong the blithe
24389-2,24389,1023,24,2,45.00,41580.90,0.09,0.06,N,O,1998-04-22,1998-04-05,1998-05-14,DELIVER IN PERSON,SHIP,after the ironic dolphi
24390-1,24390,982,17,1,36.00,67787.28,0.08,0.02,A,F,1992-10-02,1992-08-06,1992-10-24,DELIVER IN PERSON,MAIL,osits. ironic packages wake blithe
24390-2,24390,1553,94,2,15.00,21818.25,0.09,0.06,A,F,1992-10-02,1992-08-27,1992-10-22,NONE,MAIL,nic dolphi
24390-3,24390,73,24,3,30.00,29192.10,0.09,0.00,A,F,1992-06-22,1992-07-24,1992-07-12,COLLECT COD,SHIP,inal depen
24390-4,24390,1730,15,4,38.00,62005.74,0.06,0.00,R,F,1992-08-16,1992-08-01,1992-09-07,NONE,AIR,ickly atop the blithely ironic acco
24390-5,24390,193,46,5,3.00,3279.57,0.07,0.01,A,F,1992-09-16,1992-07-16,1992-10-05,NONE,SHIP,s are carefully final platelets. furiousl
24390-6,24390,1726,11,6,14.00,22788.08,0.03,0.05,A,F,1992-07-19,1992-08-24,1992-08-04,DELIVER IN PERSON,MAIL,es among the carefully iro
24391-1,24391,672,66,1,48.00,75488.16,0.01,0.01,R,F,1994-05-27,1994-05-31,1994-06-17,DELIVER IN PERSON,SHIP, to wake. unusual requests cajole
24391-2,24391,1152,25,2,48.00,50551.20,0.10,0.00,A,F,1994-05-31,1994-06-01,1994-06-05,COLLECT COD,REG AIR, furiously. slyly fluffy i
24391-3,24391,194,21,3,9.00,9847.71,0.08,0.07,A,F,1994-07-06,1994-05-16,1994-07-21,NONE,REG AIR,"doubt evenly besides the regular,"
24391-4,24391,1723,66,4,16.00,25995.52,0.07,0.06,R,F,1994-06-20,1994-05-17,1994-06-27,COLLECT COD,AIR,carefully ir
24391-5,24391,537,28,5,24.00,34500.72,0.09,0.00,A,F,1994-05-14,1994-04-20,1994-05-25,DELIVER IN PERSON,REG AIR,ages along t
24416-1,24416,1636,19,1,31.00,47666.53,0.05,0.04,N,O,1997-01-23,1996-12-01,1997-02-14,COLLECT COD,FOB,the regular courts. foxes snooz
24416-2,24416,255,83,2,43.00,49675.75,0.10,0.04,N,O,1996-11-18,1996-12-20,1996-11-20,TAKE BACK RETURN,RAIL,es nag carefully. slyly express theod
24416-3,24416,1325,64,3,50.00,61316.00,0.07,0.07,N,O,1997-01-01,1996-12-17,1997-01-21,COLLECT COD,MAIL,thely foxes. blithely
24416-4,24416,168,95,4,28.00,29908.48,0.01,0.01,N,O,1996-12-14,1996-11-19,1997-01-08,DELIVER IN PERSON,SHIP,otes affix. pinto beans
24417-1,24417,1972,73,1,16.00,29983.52,0.09,0.05,N,O,1998-09-03,1998-09-11,1998-09-15,TAKE BACK RETURN,AIR,ependencies. f
24417-2,24417,896,96,2,31.00,55703.59,0.07,0.04,N,O,1998-07-14,1998-08-19,1998-07-16,NONE,SHIP,"nd the special, regular theodoli"
24417-3,24417,1994,95,3,15.00,28439.85,0.08,0.08,N,O,1998-08-04,1998-09-02,1998-08-11,TAKE BACK RETURN,AIR, nod. reque
24417-4,24417,554,85,4,45.00,65454.75,0.01,0.07,N,O,1998-08-08,1998-08-22,1998-08-10,COLLECT COD,TRUCK,ts cajole above the expres
24417-5,24417,1752,79,5,28.00,46305.00,0.09,0.06,N,O,1998-10-24,1998-08-17,1998-10-29,DELIVER IN PERSON,AIR,ke slyly asymptotes. special pinto beans s
24418-1,24418,86,62,1,12.00,11832.96,0.09,0.06,A,F,1992-11-30,1992-10-10,1992-12-14,NONE,TRUCK,pinto beans cajole regular
24418-2,24418,685,86,2,39.00,61841.52,0.00,0.01,R,F,1992-12-09,1992-11-14,1992-12-16,NONE,RAIL,uriously among 
24418-3,24418,1779,6,3,40.00,67230.80,0.03,0.08,A,F,1992-11-20,1992-11-15,1992-12-10,TAKE BACK RETURN,REG AIR,ly after th
24419-1,24419,1473,52,1,31.00,42608.57,0.09,0.03,N,O,1998-09-02,1998-10-18,1998-09-18,DELIVER IN PERSON,FOB,s nod furiousl
24419-2,24419,1295,33,2,35.00,41870.15,0.10,0.08,N,O,1998-08-11,1998-09-02,1998-09-04,NONE,REG AIR,unts; blithely e
24419-3,24419,340,97,3,10.00,12403.40,0.04,0.04,N,O,1998-09-20,1998-09-13,1998-09-24,COLLECT COD,TRUCK, the blithely ironic de
24419-4,24419,1798,41,4,49.00,83289.71,0.09,0.08,N,O,1998-11-08,1998-09-26,1998-11-25,NONE,FOB,ular courts nag against the final 
24419-5,24419,927,30,5,7.00,12795.44,0.03,0.01,N,O,1998-10-18,1998-09-12,1998-10-28,COLLECT COD,RAIL,ilent accounts wake. silent theodolites hag
24419-6,24419,994,29,6,27.00,51164.73,0.10,0.00,N,O,1998-09-17,1998-09-07,1998-10-04,COLLECT COD,REG AIR, packages. quickly silent packages 
24419-7,24419,1126,99,7,35.00,35949.20,0.00,0.02,N,O,1998-09-15,1998-10-03,1998-10-11,TAKE BACK RETURN,MAIL,uriously carefully silent pearls. furious
24420-1,24420,448,7,1,43.00,57982.92,0.02,0.08,R,F,1992-07-14,1992-07-02,1992-08-02,TAKE BACK RETURN,AIR,lly across the ex
24420-2,24420,156,9,2,31.00,32740.65,0.05,0.03,R,F,1992-08-20,1992-07-06,1992-09-11,DELIVER IN PERSON,RAIL,ly ironic Tiresias haggle. 
24420-3,24420,1719,62,3,23.00,37276.33,0.09,0.06,A,F,1992-06-19,1992-07-13,1992-06-30,COLLECT COD,TRUCK,iously ironic deposits use. furi
24420-4,24420,1413,14,4,1.00,1314.41,0.02,0.06,R,F,1992-07-20,1992-08-14,1992-08-17,NONE,TRUCK,dolphins use furiously q
24420-5,24420,288,89,5,27.00,32083.56,0.09,0.00,R,F,1992-06-29,1992-06-29,1992-07-14,TAKE BACK RETURN,AIR,nal foxes. carefully unusual foxes haggle 
24420-6,24420,1591,32,6,8.00,11940.72,0.08,0.05,A,F,1992-06-29,1992-08-07,1992-07-20,NONE,MAIL,efully final deposits sleep furiousl
24420-7,24420,302,59,7,43.00,51698.90,0.09,0.01,A,F,1992-06-20,1992-07-27,1992-07-16,DELIVER IN PERSON,AIR,"xpress, special accounts for the packages "
24421-1,24421,1145,18,1,17.00,17784.38,0.04,0.04,N,O,1997-07-13,1997-10-01,1997-07-23,COLLECT COD,SHIP,ically across the furiously ironic 
24421-2,24421,224,79,2,9.00,10117.98,0.06,0.02,N,O,1997-09-10,1997-09-27,1997-09-14,DELIVER IN PERSON,AIR,sts use blithely. regular packag
24422-1,24422,816,17,1,39.00,66955.59,0.04,0.00,N,O,1996-03-17,1996-03-06,1996-04-04,NONE,MAIL, instructions. quick
24422-2,24422,1090,91,2,14.00,13875.26,0.03,0.08,N,O,1996-03-18,1996-02-18,1996-04-10,DELIVER IN PERSON,AIR,ut the fin
24422-3,24422,1551,52,3,2.00,2905.10,0.03,0.07,N,O,1996-04-01,1996-03-16,1996-04-14,TAKE BACK RETURN,MAIL,ts: carefully final
24422-4,24422,1300,1,4,30.00,36039.00,0.06,0.08,N,O,1996-02-22,1996-02-12,1996-02-29,DELIVER IN PERSON,TRUCK,packages sleep. platelets
24423-1,24423,1727,54,1,24.00,39089.28,0.10,0.07,N,O,1998-04-23,1998-04-19,1998-05-08,TAKE BACK RETURN,AIR,onically regular requests hagg
24448-1,24448,19,20,1,36.00,33084.36,0.03,0.02,A,F,1992-02-10,1992-04-06,1992-02-26,TAKE BACK RETURN,RAIL, packages: requests use 
24448-2,24448,1004,5,2,30.00,27150.00,0.02,0.08,A,F,1992-04-22,1992-04-19,1992-04-30,NONE,RAIL,"pending, unusual packages. excuses h"
24448-3,24448,863,97,3,12.00,21166.32,0.04,0.01,A,F,1992-03-04,1992-03-30,1992-03-30,DELIVER IN PERSON,TRUCK,tions use ruthless packages. caref
24448-4,24448,222,4,4,37.00,41522.14,0.04,0.07,R,F,1992-03-08,1992-04-07,1992-04-07,COLLECT COD,REG AIR, accounts. carefully expre
24448-5,24448,961,96,5,2.00,3723.92,0.10,0.00,A,F,1992-05-18,1992-05-01,1992-05-29,COLLECT COD,TRUCK,re boldly above th
24448-6,24448,1190,91,6,49.00,53468.31,0.06,0.03,A,F,1992-05-21,1992-05-07,1992-05-22,DELIVER IN PERSON,MAIL, shall cajole furiously carefully ironic i
24449-1,24449,422,52,1,13.00,17191.46,0.02,0.07,N,O,1997-08-05,1997-07-30,1997-08-08,NONE,MAIL,ter the carefully 
24449-2,24449,234,62,2,46.00,52174.58,0.01,0.01,N,O,1997-09-03,1997-08-19,1997-09-30,TAKE BACK RETURN,AIR,otes above the furiously even pearls w
24449-3,24449,1614,56,3,2.00,3031.22,0.08,0.03,N,O,1997-08-15,1997-07-21,1997-09-05,COLLECT COD,AIR,", special accounts mold expre"
24449-4,24449,1180,89,4,38.00,41084.84,0.08,0.02,N,O,1997-08-26,1997-07-31,1997-09-08,COLLECT COD,AIR,p fluffily slyly final theodolite
24449-5,24449,578,69,5,31.00,45835.67,0.02,0.02,N,O,1997-07-21,1997-09-13,1997-08-05,COLLECT COD,RAIL,t the furiously pending 
24450-1,24450,817,17,1,48.00,82454.88,0.04,0.08,R,F,1992-08-20,1992-08-11,1992-09-16,DELIVER IN PERSON,AIR,s against the f
24450-2,24450,1074,45,2,40.00,39002.80,0.02,0.02,R,F,1992-10-21,1992-09-02,1992-11-09,COLLECT COD,REG AIR,ans. blithely fluffy courts affix furi
24450-3,24450,1857,87,3,49.00,86183.65,0.00,0.04,A,F,1992-07-22,1992-09-18,1992-08-05,DELIVER IN PERSON,FOB,"ts. final, regular theod"
24450-4,24450,1920,21,4,8.00,14575.36,0.03,0.07,A,F,1992-09-15,1992-09-22,1992-10-04,COLLECT COD,TRUCK,riously at the fur
24450-5,24450,1800,85,5,42.00,71475.60,0.09,0.07,R,F,1992-08-06,1992-09-17,1992-08-18,NONE,REG AIR,usly according to the ironi
24451-1,24451,52,53,1,44.00,41890.20,0.08,0.08,R,F,1993-02-06,1993-02-01,1993-03-07,NONE,REG AIR,y pending requests. special pinto beans w
24451-2,24451,270,52,2,27.00,31597.29,0.09,0.00,A,F,1993-02-06,1993-03-01,1993-02-15,TAKE BACK RETURN,FOB,"urts. bold,"
24452-1,24452,922,57,1,2.00,3645.84,0.00,0.00,R,F,1994-06-23,1994-07-19,1994-07-07,COLLECT COD,FOB,y final asymptotes sleep fluffily.
24452-2,24452,1230,5,2,13.00,14705.99,0.05,0.01,A,F,1994-06-14,1994-07-19,1994-07-07,DELIVER IN PERSON,MAIL,ts. final asymptotes after
24452-3,24452,528,19,3,32.00,45712.64,0.09,0.07,R,F,1994-07-15,1994-07-07,1994-07-29,COLLECT COD,FOB,special ideas play furiously ideas
24453-1,24453,1581,62,1,32.00,47442.56,0.06,0.07,A,F,1992-08-11,1992-08-01,1992-09-01,COLLECT COD,SHIP,nding foxes along the pinto beans c
24454-1,24454,672,73,1,28.00,44034.76,0.07,0.04,R,F,1994-07-12,1994-06-28,1994-07-20,TAKE BACK RETURN,FOB,heodolites use. furiously special deposi
24454-2,24454,17,68,2,33.00,30261.33,0.10,0.05,R,F,1994-07-12,1994-05-25,1994-07-30,TAKE BACK RETURN,TRUCK,ndencies ca
24454-3,24454,1687,70,3,4.00,6354.72,0.05,0.01,R,F,1994-06-22,1994-06-03,1994-07-04,TAKE BACK RETURN,SHIP, pinto beans. ca
24455-1,24455,666,29,1,8.00,12533.28,0.09,0.02,R,F,1994-12-10,1995-02-04,1995-01-07,NONE,REG AIR,se according to
24455-2,24455,694,26,2,44.00,70166.36,0.04,0.05,A,F,1995-03-25,1995-02-24,1995-04-04,NONE,MAIL,"ep unusual, even pinto beans. regular orbit"
24455-3,24455,1051,87,3,28.00,26657.40,0.01,0.00,R,F,1995-01-15,1995-02-17,1995-01-18,COLLECT COD,REG AIR,enticing deposits run carefully silent 
24455-4,24455,495,54,4,37.00,51633.13,0.00,0.03,R,F,1994-12-30,1995-02-11,1995-01-05,NONE,FOB,fily. ideas cajole. 
24480-1,24480,220,2,1,28.00,31366.16,0.09,0.00,R,F,1994-03-21,1994-04-05,1994-03-30,COLLECT COD,AIR,as. regular accounts impress. blithely
24480-2,24480,262,90,2,16.00,18596.16,0.05,0.05,A,F,1994-05-22,1994-05-19,1994-05-29,COLLECT COD,SHIP, final foxes are carefully. quickly final
24481-1,24481,1145,54,1,19.00,19876.66,0.10,0.05,N,O,1996-01-30,1996-01-17,1996-02-17,NONE,AIR,ake furiously above the carefu
24481-2,24481,1288,26,2,22.00,26164.16,0.02,0.06,N,O,1996-01-26,1996-01-06,1996-02-12,TAKE BACK RETURN,REG AIR,s. even foxes cajole accounts.
24481-3,24481,358,15,3,30.00,37750.50,0.09,0.03,N,O,1996-01-10,1996-02-23,1996-01-19,DELIVER IN PERSON,REG AIR,regular grouches maintain fluffi
24482-1,24482,1317,94,1,12.00,14619.72,0.00,0.08,N,O,1996-03-19,1996-02-10,1996-03-31,DELIVER IN PERSON,FOB,boldly ironic foxes detect a
24483-1,24483,1819,20,1,7.00,12045.67,0.07,0.08,N,O,1996-06-08,1996-06-03,1996-06-23,NONE,REG AIR,out the final packa
24483-2,24483,726,91,2,40.00,65068.80,0.07,0.04,N,O,1996-04-25,1996-04-30,1996-04-29,TAKE BACK RETURN,SHIP,pecial packages. furiously fi
24483-3,24483,1354,93,3,14.00,17574.90,0.07,0.03,N,O,1996-06-29,1996-05-26,1996-07-21,NONE,RAIL,ep. blithely unusual foxes at the acco
24483-4,24483,1681,82,4,49.00,77551.32,0.08,0.08,N,O,1996-04-12,1996-05-29,1996-04-25,TAKE BACK RETURN,SHIP, carefully even requests. final 
24483-5,24483,64,40,5,11.00,10604.66,0.07,0.05,N,O,1996-06-23,1996-05-20,1996-06-24,COLLECT COD,TRUCK,egular foxes cajole q
24484-1,24484,824,25,1,28.00,48294.96,0.05,0.08,A,F,1995-05-11,1995-03-13,1995-05-27,DELIVER IN PERSON,TRUCK,gular asymp
24484-2,24484,1408,87,2,46.00,60232.40,0.07,0.06,R,F,1995-02-22,1995-03-25,1995-03-16,COLLECT COD,AIR,"use furiously about the ironic,"
24484-3,24484,1734,19,3,13.00,21264.49,0.08,0.03,R,F,1995-04-28,1995-04-08,1995-05-28,DELIVER IN PERSON,RAIL,. carefully r
24484-4,24484,738,71,4,6.00,9832.38,0.06,0.05,R,F,1995-02-16,1995-02-26,1995-02-17,COLLECT COD,AIR,special accounts integrate above 
24484-5,24484,325,10,5,43.00,52688.76,0.10,0.07,R,F,1995-02-06,1995-04-01,1995-02-13,TAKE BACK RETURN,FOB, affix quickly special deposits. pe
24484-6,24484,1617,100,6,41.00,62263.01,0.01,0.05,R,F,1995-04-23,1995-03-02,1995-05-07,COLLECT COD,REG AIR,o the slyly regular depo
24485-1,24485,610,11,1,5.00,7553.05,0.04,0.06,A,F,1994-07-31,1994-05-28,1994-08-06,NONE,FOB,riously pending accounts 
24486-1,24486,1017,23,1,27.00,24786.27,0.09,0.00,N,O,1995-08-03,1995-07-11,1995-08-30,DELIVER IN PERSON,TRUCK,ic deposits ca
24486-2,24486,1000,69,2,31.00,27931.00,0.04,0.05,R,F,1995-05-22,1995-07-20,1995-06-12,DELIVER IN PERSON,MAIL,"as wake regular, regula"
24486-3,24486,439,40,3,16.00,21430.88,0.10,0.02,N,O,1995-08-04,1995-07-18,1995-08-26,COLLECT COD,REG AIR, sleep according to the fluffi
24486-4,24486,1863,64,4,9.00,15883.74,0.01,0.00,N,F,1995-06-16,1995-05-31,1995-06-25,COLLECT COD,AIR,de of the carefully even requests. specia
24486-5,24486,486,45,5,10.00,13864.80,0.06,0.01,R,F,1995-06-16,1995-06-19,1995-06-17,COLLECT COD,FOB,rthogs haggl
24486-6,24486,479,9,6,50.00,68973.50,0.00,0.05,A,F,1995-06-15,1995-06-09,1995-06-17,NONE,AIR,accounts. unusual packages boo
24486-7,24486,751,16,7,37.00,61114.75,0.01,0.06,N,O,1995-06-28,1995-06-08,1995-07-15,COLLECT COD,SHIP,ts use carefully al
24487-1,24487,1110,19,1,46.00,46511.06,0.01,0.06,A,F,1992-04-07,1992-05-10,1992-05-02,NONE,REG AIR,nal foxes affix boldly af
24512-1,24512,1543,84,1,30.00,43336.20,0.02,0.01,N,O,1995-12-13,1995-11-17,1995-12-23,TAKE BACK RETURN,SHIP,excuses are. packages are fluff
24512-2,24512,1849,93,2,26.00,45521.84,0.05,0.02,N,O,1995-11-30,1995-10-11,1995-12-17,TAKE BACK RETURN,RAIL,es. regular foxes wake furiously. reg
24512-3,24512,1573,54,3,23.00,33915.11,0.00,0.07,N,O,1995-11-19,1995-11-05,1995-11-23,TAKE BACK RETURN,RAIL,"eposits sleep. regular, ironic so"
24513-1,24513,1064,35,1,38.00,36672.28,0.02,0.01,N,O,1998-03-13,1998-02-18,1998-03-21,DELIVER IN PERSON,MAIL,furiously i
24514-1,24514,485,86,1,18.00,24938.64,0.09,0.03,N,O,1995-12-03,1995-12-15,1995-12-14,NONE,SHIP,ccounts use furiousl
24514-2,24514,195,22,2,44.00,48188.36,0.06,0.02,N,O,1995-12-01,1996-01-01,1995-12-14,COLLECT COD,SHIP,"oss the even,"
24514-3,24514,386,71,3,16.00,20582.08,0.04,0.00,N,O,1996-02-07,1995-12-19,1996-02-20,TAKE BACK RETURN,REG AIR,furiously expre
24515-1,24515,448,7,1,25.00,33711.00,0.07,0.03,R,F,1993-06-22,1993-06-26,1993-07-21,COLLECT COD,SHIP,nder among the pending foxes. slyly expres
24515-2,24515,224,25,2,48.00,53962.56,0.10,0.06,R,F,1993-06-21,1993-07-23,1993-06-29,COLLECT COD,RAIL,sits haggle blithely furiously unusual de
24515-3,24515,532,93,3,34.00,48706.02,0.08,0.02,A,F,1993-08-21,1993-06-10,1993-09-07,DELIVER IN PERSON,FOB,ackages haggle carefully acc
24515-4,24515,1936,69,4,48.00,88220.64,0.03,0.01,R,F,1993-05-23,1993-06-11,1993-06-13,DELIVER IN PERSON,AIR,"ccounts sleep quickly. even, b"
24515-5,24515,630,31,5,1.00,1530.63,0.00,0.07,A,F,1993-08-04,1993-06-24,1993-08-05,NONE,AIR,iously bold a
24515-6,24515,336,65,6,38.00,46980.54,0.10,0.01,R,F,1993-07-13,1993-06-28,1993-08-10,COLLECT COD,REG AIR,"ackages cajole carefully. ironic, regular"
24515-7,24515,1554,75,7,29.00,42210.95,0.08,0.02,A,F,1993-05-17,1993-07-10,1993-06-02,NONE,AIR,cies cajole quickly along th
24516-1,24516,945,80,1,43.00,79375.42,0.07,0.07,R,F,1993-12-10,1993-11-14,1994-01-01,NONE,REG AIR,uses wake fluffily fluffily 
24517-1,24517,279,61,1,36.00,42453.72,0.09,0.03,A,F,1994-07-18,1994-09-02,1994-08-01,DELIVER IN PERSON,AIR,ress foxes above the furiously
24518-1,24518,1463,64,1,49.00,66858.54,0.05,0.03,N,O,1998-01-18,1997-11-05,1998-01-27,COLLECT COD,AIR, packages; c
24518-2,24518,1957,46,2,31.00,57627.45,0.09,0.00,N,O,1997-11-28,1997-12-19,1997-12-01,NONE,MAIL,structions wake
24519-1,24519,327,12,1,29.00,35592.28,0.05,0.03,N,O,1995-09-10,1995-08-01,1995-10-07,TAKE BACK RETURN,RAIL,y according to the slyl
24519-2,24519,82,8,2,12.00,11784.96,0.02,0.00,N,O,1995-06-30,1995-09-08,1995-07-19,COLLECT COD,RAIL,"oss the ironic, even dependencies. blithely"
24519-3,24519,933,2,3,30.00,55017.90,0.01,0.02,N,O,1995-07-13,1995-09-07,1995-07-22,NONE,AIR,tions. deposits sleep fluffily. final depe
24519-4,24519,1442,21,4,44.00,59111.36,0.02,0.03,N,O,1995-07-31,1995-07-15,1995-08-10,NONE,FOB,"pecial, ironic i"
24519-5,24519,805,6,5,9.00,15352.20,0.03,0.03,N,O,1995-07-03,1995-08-12,1995-07-20,DELIVER IN PERSON,AIR, packages. regular p
24519-6,24519,374,75,6,48.00,61169.76,0.04,0.01,N,O,1995-08-06,1995-09-04,1995-08-14,TAKE BACK RETURN,MAIL,dependencies-- slyly express fo
24519-7,24519,587,48,7,20.00,29751.60,0.03,0.05,N,O,1995-08-11,1995-07-22,1995-08-18,TAKE BACK RETURN,FOB,arefully ironic packages. regular deposits
24544-1,24544,258,40,1,14.00,16215.50,0.08,0.03,R,F,1994-01-30,1994-04-27,1994-03-01,DELIVER IN PERSON,FOB, accounts above the special
24544-2,24544,84,10,2,26.00,25586.08,0.05,0.08,R,F,1994-04-23,1994-03-31,1994-04-29,DELIVER IN PERSON,FOB,ven requests. carefully even foxes wake
24544-3,24544,1174,75,3,50.00,53758.50,0.00,0.04,R,F,1994-05-25,1994-04-12,1994-05-26,NONE,TRUCK,rs. ironic packages detect blithely about t
24544-4,24544,368,69,4,7.00,8878.52,0.09,0.02,A,F,1994-04-01,1994-03-28,1994-04-19,COLLECT COD,REG AIR,ently regular
24544-5,24544,1301,78,5,18.00,21641.40,0.04,0.04,R,F,1994-03-21,1994-03-02,1994-03-31,COLLECT COD,TRUCK,nag final instructions. ca
24544-6,24544,169,48,6,21.00,22452.36,0.07,0.05,A,F,1994-02-17,1994-03-08,1994-02-21,NONE,TRUCK,ake furiously past the requests. carefully 
24544-7,24544,226,8,7,38.00,42796.36,0.09,0.03,R,F,1994-02-03,1994-04-11,1994-02-05,DELIVER IN PERSON,TRUCK,eans. furiously unusu
24545-1,24545,1859,89,1,45.00,79238.25,0.05,0.04,N,O,1996-06-28,1996-08-07,1996-07-21,COLLECT COD,SHIP,riously ironic patterns nag a
24545-2,24545,1920,21,2,41.00,74698.72,0.08,0.07,N,O,1996-10-07,1996-08-22,1996-10-17,NONE,SHIP,und the carefully regular deposits
24545-3,24545,227,82,3,42.00,47343.24,0.03,0.02,N,O,1996-07-07,1996-09-18,1996-07-13,COLLECT COD,SHIP,ly final asymptotes 
24545-4,24545,218,100,4,16.00,17891.36,0.07,0.04,N,O,1996-09-14,1996-08-03,1996-09-22,COLLECT COD,RAIL,y regular Tiresias wake unusual depths
24545-5,24545,177,30,5,33.00,35546.61,0.08,0.04,N,O,1996-09-21,1996-07-28,1996-10-20,DELIVER IN PERSON,REG AIR,ole carefully. quickly regular theo
24546-1,24546,390,75,1,33.00,42582.87,0.01,0.08,A,F,1992-06-27,1992-05-03,1992-07-24,TAKE BACK RETURN,FOB, foxes against the furiously bold a
24546-2,24546,742,43,2,24.00,39425.76,0.03,0.03,A,F,1992-05-05,1992-06-04,1992-05-28,COLLECT COD,RAIL,"fully along the even, "
24546-3,24546,282,10,3,23.00,27192.44,0.02,0.03,A,F,1992-06-28,1992-06-12,1992-07-22,COLLECT COD,FOB,c dolphins. ir
24546-4,24546,1772,57,4,42.00,70298.34,0.07,0.03,A,F,1992-04-07,1992-05-11,1992-04-09,DELIVER IN PERSON,AIR,ages cajole according to the furiously exp
24546-5,24546,1396,97,5,19.00,24650.41,0.03,0.04,A,F,1992-06-25,1992-05-10,1992-07-18,COLLECT COD,FOB,ly regular deposits. slyl
24546-6,24546,1420,21,6,23.00,30392.66,0.05,0.06,A,F,1992-05-02,1992-05-27,1992-05-31,TAKE BACK RETURN,FOB,nic excuses-- quickly i
24546-7,24546,1216,17,7,38.00,42453.98,0.07,0.02,R,F,1992-05-18,1992-05-01,1992-06-07,DELIVER IN PERSON,TRUCK,he ironic accounts-- 
24547-1,24547,136,37,1,34.00,35228.42,0.03,0.05,N,O,1997-08-15,1997-09-27,1997-09-14,DELIVER IN PERSON,SHIP,gle about the furiously special packag
24547-2,24547,93,94,2,12.00,11917.08,0.02,0.07,N,O,1997-10-17,1997-10-16,1997-11-07,DELIVER IN PERSON,MAIL,gly bold asymptotes. even ideas after
24547-3,24547,688,89,3,5.00,7943.40,0.09,0.04,N,O,1997-08-01,1997-09-06,1997-08-14,TAKE BACK RETURN,FOB,g quickly across the 
24548-1,24548,745,42,1,11.00,18103.14,0.01,0.04,A,F,1995-03-31,1995-04-22,1995-04-22,DELIVER IN PERSON,MAIL,ular packag
24549-1,24549,1868,69,1,11.00,19468.46,0.09,0.00,N,O,1997-05-25,1997-05-30,1997-06-16,TAKE BACK RETURN,FOB,lar instructions.
24549-2,24549,780,81,2,38.00,63869.64,0.01,0.04,N,O,1997-07-01,1997-06-12,1997-07-17,COLLECT COD,TRUCK, of the carefully ironic d
24550-1,24550,1819,63,1,45.00,77436.45,0.09,0.03,N,O,1997-02-19,1997-01-09,1997-03-02,COLLECT COD,MAIL, ironic ideas boost furiously. slyly re
24550-2,24550,1276,77,2,39.00,45913.53,0.10,0.05,N,O,1997-02-04,1997-01-05,1997-03-06,DELIVER IN PERSON,RAIL,nstructions. un
24550-3,24550,290,72,3,21.00,24996.09,0.10,0.06,N,O,1996-12-25,1997-01-02,1997-01-09,COLLECT COD,AIR, across the pinto beans wake abov
24550-4,24550,1081,17,4,11.00,10802.88,0.01,0.01,N,O,1996-12-09,1997-01-09,1996-12-19,DELIVER IN PERSON,TRUCK, even packages. slyly re
24551-1,24551,542,73,1,35.00,50488.90,0.08,0.03,N,O,1997-01-21,1997-04-03,1997-02-09,DELIVER IN PERSON,MAIL,es. carefully unusual
24551-2,24551,641,42,2,26.00,40082.64,0.01,0.04,N,O,1997-02-24,1997-03-26,1997-03-11,COLLECT COD,AIR,ly after the asymptotes. blithely ironic a
24551-3,24551,916,17,3,45.00,81760.95,0.10,0.02,N,O,1997-03-14,1997-02-07,1997-04-13,TAKE BACK RETURN,TRUCK,across the silen
24551-4,24551,1799,100,4,23.00,39118.17,0.07,0.08,N,O,1997-03-17,1997-03-02,1997-04-14,TAKE BACK RETURN,SHIP,ously final packages wake blithely
24551-5,24551,271,26,5,37.00,43336.99,0.03,0.03,N,O,1997-02-20,1997-03-05,1997-03-18,NONE,RAIL,ven requests. even requests about 
24551-6,24551,362,19,6,36.00,45444.96,0.06,0.03,N,O,1997-02-12,1997-03-23,1997-02-15,COLLECT COD,MAIL,l deposits are according to the 
24551-7,24551,754,19,7,26.00,43023.50,0.04,0.01,N,O,1997-03-23,1997-03-22,1997-03-26,TAKE BACK RETURN,SHIP,ideas. warthogs s
24576-1,24576,442,1,1,12.00,16109.28,0.06,0.06,A,F,1992-12-16,1993-03-07,1992-12-29,DELIVER IN PERSON,MAIL,sual accounts use. 
24576-2,24576,1461,62,2,31.00,42236.26,0.04,0.03,A,F,1992-12-31,1993-02-12,1993-01-02,NONE,TRUCK,se furiously regular patterns. pendi
24576-3,24576,1314,15,3,8.00,9722.48,0.10,0.06,A,F,1993-02-24,1993-02-15,1993-03-20,COLLECT COD,TRUCK,s. silent asympto
24576-4,24576,112,91,4,15.00,15181.65,0.01,0.06,R,F,1993-03-24,1993-01-21,1993-04-07,NONE,REG AIR,ar foxes wake care
24576-5,24576,1133,70,5,12.00,12409.56,0.09,0.06,R,F,1993-01-09,1993-02-03,1993-01-21,COLLECT COD,AIR,"according to the even, ironic accoun"
24576-6,24576,1217,55,6,31.00,34664.51,0.03,0.00,A,F,1992-12-23,1993-03-04,1993-01-03,DELIVER IN PERSON,TRUCK,outs. unusual accounts s
24577-1,24577,1840,84,1,27.00,47029.68,0.02,0.01,R,F,1993-03-19,1993-05-02,1993-03-20,TAKE BACK RETURN,TRUCK,ual packages wake furiously blithely even i
24577-2,24577,811,78,2,14.00,23965.34,0.06,0.03,R,F,1993-04-20,1993-05-29,1993-05-04,COLLECT COD,RAIL,equests hang fluffily express d
24577-3,24577,1715,100,3,29.00,46884.59,0.05,0.03,R,F,1993-06-28,1993-05-16,1993-07-09,DELIVER IN PERSON,AIR,iously express packages. excuses
24578-1,24578,1569,90,1,48.00,70586.88,0.08,0.05,N,O,1996-12-23,1996-12-02,1997-01-08,DELIVER IN PERSON,AIR, requests. pinto beans nag slyly carefull
24579-1,24579,1865,52,1,42.00,74208.12,0.05,0.06,A,F,1992-12-19,1993-01-02,1992-12-25,NONE,SHIP, alongside of the close dolphins mold 
24579-2,24579,531,62,2,12.00,17178.36,0.07,0.04,R,F,1993-03-13,1993-01-03,1993-04-05,NONE,AIR,e regularly unu
24579-3,24579,443,2,3,6.00,8060.64,0.07,0.08,R,F,1993-01-23,1992-12-26,1993-02-16,DELIVER IN PERSON,AIR,promise blithely according t
24579-4,24579,932,1,4,33.00,60486.69,0.06,0.07,A,F,1992-12-02,1993-01-21,1992-12-04,DELIVER IN PERSON,MAIL,s. furiously express pinto beans x-ray
24579-5,24579,563,24,5,36.00,52688.16,0.09,0.08,A,F,1993-01-05,1992-12-22,1993-01-26,COLLECT COD,TRUCK,olites haggle to the thinly ironic
24579-6,24579,693,87,6,18.00,28686.42,0.02,0.07,A,F,1993-01-07,1993-01-15,1993-01-27,DELIVER IN PERSON,AIR,"ccounts. pending, express instructions acco"
24580-1,24580,1524,45,1,4.00,5702.08,0.10,0.05,A,F,1992-09-23,1992-09-14,1992-10-02,DELIVER IN PERSON,SHIP,cies. excu
24580-2,24580,606,7,2,3.00,4519.80,0.06,0.01,A,F,1992-10-16,1992-08-23,1992-10-28,NONE,AIR,y bold theo
24580-3,24580,291,46,3,43.00,51225.47,0.00,0.08,R,F,1992-10-02,1992-08-19,1992-10-24,DELIVER IN PERSON,TRUCK, haggle accord
24581-1,24581,246,47,1,25.00,28656.00,0.10,0.01,A,F,1993-05-02,1993-06-12,1993-05-17,TAKE BACK RETURN,RAIL,"onic, silent accounts affix carefull"
24581-2,24581,1937,82,2,2.00,3677.86,0.05,0.05,R,F,1993-04-18,1993-06-19,1993-05-08,TAKE BACK RETURN,MAIL,ers sleep carefully blith
24581-3,24581,1600,1,3,29.00,43546.40,0.03,0.01,A,F,1993-04-26,1993-05-14,1993-05-15,COLLECT COD,MAIL,quests abo
24581-4,24581,1538,59,4,13.00,18713.89,0.02,0.04,A,F,1993-04-15,1993-05-12,1993-04-26,DELIVER IN PERSON,FOB,lyly ironic accounts. 
24582-1,24582,808,75,1,43.00,73478.40,0.04,0.00,N,O,1996-10-20,1996-08-31,1996-11-17,DELIVER IN PERSON,MAIL, beneath the specia
24582-2,24582,631,32,2,6.00,9189.78,0.07,0.04,N,O,1996-07-08,1996-08-14,1996-07-27,NONE,FOB,osits. blithely even waters 
24582-3,24582,1428,7,3,32.00,42541.44,0.05,0.01,N,O,1996-08-13,1996-09-15,1996-08-18,DELIVER IN PERSON,MAIL, even acco
24582-4,24582,1557,58,4,30.00,43756.50,0.06,0.03,N,O,1996-07-26,1996-08-08,1996-07-30,DELIVER IN PERSON,MAIL,ending sentiments slee
24582-5,24582,1947,36,5,12.00,22187.28,0.06,0.02,N,O,1996-07-17,1996-08-16,1996-08-14,TAKE BACK RETURN,RAIL,arefully alongside of the ironic re
24582-6,24582,1458,37,6,18.00,24470.10,0.01,0.00,N,O,1996-08-10,1996-08-07,1996-08-24,COLLECT COD,RAIL,lyly final s
24583-1,24583,1750,35,1,37.00,61114.75,0.03,0.00,N,O,1995-11-28,1995-10-11,1995-12-25,DELIVER IN PERSON,FOB,e deposits: slyly regular i
24608-1,24608,1637,38,1,43.00,66161.09,0.06,0.07,R,F,1992-10-28,1992-10-02,1992-11-11,DELIVER IN PERSON,FOB,ccording to the bo
24608-2,24608,1022,28,2,50.00,46151.00,0.00,0.08,A,F,1992-10-28,1992-10-04,1992-11-06,DELIVER IN PERSON,AIR,"tes wake along the bold, regular accou"
24608-3,24608,1014,15,3,22.00,20130.22,0.06,0.02,A,F,1992-10-18,1992-09-26,1992-11-15,COLLECT COD,REG AIR,y. slyly regular accounts ac
24608-4,24608,1970,3,4,10.00,18719.70,0.05,0.02,A,F,1992-11-04,1992-10-26,1992-11-19,NONE,FOB,final ideas. furiously bold deposit
24608-5,24608,1033,34,5,9.00,8406.27,0.09,0.04,R,F,1992-09-28,1992-10-28,1992-10-04,TAKE BACK RETURN,TRUCK,l dependencies haggle slyly at the acco
24609-1,24609,1955,100,1,49.00,90990.55,0.03,0.03,A,F,1994-09-10,1994-10-15,1994-09-14,NONE,RAIL,ugouts boost. blithely
24609-2,24609,973,8,2,18.00,33731.46,0.08,0.05,R,F,1994-10-24,1994-10-01,1994-11-09,NONE,SHIP,leep slyly regular foxes. furious
24609-3,24609,1989,78,3,14.00,26473.72,0.01,0.05,R,F,1994-11-01,1994-09-29,1994-11-17,DELIVER IN PERSON,SHIP, quickly unusual requests h
24610-1,24610,396,25,1,43.00,55744.77,0.02,0.07,A,F,1993-03-18,1993-03-30,1993-03-27,COLLECT COD,REG AIR,ses. instructions beneath the 
24610-2,24610,1203,41,2,36.00,39751.20,0.02,0.00,A,F,1993-02-06,1993-03-23,1993-02-20,COLLECT COD,REG AIR,ate furiousl
24610-3,24610,1305,6,3,47.00,56696.10,0.07,0.03,A,F,1993-03-18,1993-03-19,1993-03-19,TAKE BACK RETURN,REG AIR,ronic dinos hagg
24610-4,24610,40,16,4,46.00,43241.84,0.06,0.05,R,F,1993-04-26,1993-03-29,1993-05-21,COLLECT COD,MAIL,ayers haggle
24610-5,24610,1310,87,5,35.00,42395.85,0.09,0.08,R,F,1993-02-18,1993-03-05,1993-03-13,COLLECT COD,RAIL,above the slyly ironic instructions
24610-6,24610,1554,75,6,27.00,39299.85,0.10,0.08,A,F,1993-05-11,1993-03-08,1993-05-12,DELIVER IN PERSON,AIR,ages boost a
24610-7,24610,1462,80,7,20.00,27269.20,0.05,0.04,A,F,1993-05-17,1993-03-05,1993-06-13,COLLECT COD,FOB,structions. slyly special requests wake a
24611-1,24611,676,70,1,36.00,56760.12,0.02,0.03,N,O,1998-08-22,1998-09-01,1998-09-10,DELIVER IN PERSON,AIR,sts. blithely express acc
24611-2,24611,1193,94,2,39.00,42673.41,0.08,0.07,N,O,1998-07-15,1998-07-29,1998-07-18,COLLECT COD,REG AIR,"unusual instructions. ironic, dogged "
24611-3,24611,406,7,3,17.00,22208.80,0.07,0.05,N,O,1998-09-29,1998-08-12,1998-10-24,COLLECT COD,AIR,t the slyly 
24611-4,24611,328,57,4,35.00,42991.20,0.10,0.02,N,O,1998-07-17,1998-09-09,1998-08-07,COLLECT COD,TRUCK,he slyly fina
24611-5,24611,1335,74,5,46.00,56871.18,0.05,0.03,N,O,1998-09-23,1998-09-10,1998-10-12,TAKE BACK RETURN,AIR,slyly silent pac
24611-6,24611,1606,48,6,28.00,42212.80,0.06,0.05,N,O,1998-07-13,1998-08-07,1998-07-15,DELIVER IN PERSON,REG AIR,ajole daringly pending depen
24612-1,24612,156,83,1,46.00,48582.90,0.09,0.07,R,F,1994-09-13,1994-08-16,1994-09-23,TAKE BACK RETURN,REG AIR,luffily final so
24612-2,24612,72,23,2,12.00,11664.84,0.07,0.04,A,F,1994-09-25,1994-08-29,1994-10-03,NONE,TRUCK, beans against the fluffily fu
24613-1,24613,602,3,1,3.00,4507.80,0.09,0.07,R,F,1992-11-04,1992-08-27,1992-11-08,TAKE BACK RETURN,REG AIR,lly carefully reg
24613-2,24613,873,74,2,47.00,83371.89,0.00,0.02,A,F,1992-07-21,1992-09-15,1992-08-13,NONE,TRUCK, the unusual accounts. blithely
24613-3,24613,185,38,3,50.00,54259.00,0.01,0.01,R,F,1992-10-29,1992-10-12,1992-11-26,COLLECT COD,AIR,ic instructions? blithely special 
24613-4,24613,745,78,4,24.00,39497.76,0.01,0.01,A,F,1992-08-23,1992-09-20,1992-09-03,NONE,TRUCK, carefully ironic ideas haggle pa
24613-5,24613,400,29,5,13.00,16905.20,0.01,0.05,R,F,1992-09-10,1992-09-07,1992-09-26,TAKE BACK RETURN,RAIL,"ess packages. ironic, ironic foxes for"
24613-6,24613,505,36,6,7.00,9838.50,0.00,0.07,R,F,1992-07-26,1992-08-20,1992-07-27,COLLECT COD,TRUCK, express depo
24613-7,24613,128,7,7,41.00,42152.92,0.09,0.04,A,F,1992-08-20,1992-08-16,1992-08-29,NONE,AIR,ly bold frays. fluffily bold
24614-1,24614,1500,1,1,2.00,2803.00,0.10,0.03,R,F,1994-12-18,1995-01-18,1994-12-25,TAKE BACK RETURN,TRUCK,yly pending in
24614-2,24614,1269,7,2,1.00,1170.26,0.09,0.07,R,F,1995-01-31,1994-12-31,1995-02-26,COLLECT COD,SHIP, evenly quick req
24614-3,24614,509,70,3,14.00,19733.00,0.00,0.07,A,F,1994-12-28,1995-01-31,1995-01-06,DELIVER IN PERSON,FOB,es should boost furiously abo
24615-1,24615,99,75,1,7.00,6993.63,0.04,0.05,A,F,1993-09-20,1993-09-28,1993-09-27,NONE,RAIL,refully special requests unwind fu
24615-2,24615,866,66,2,50.00,88343.00,0.01,0.05,A,F,1993-08-30,1993-11-07,1993-09-14,TAKE BACK RETURN,MAIL, of the blithely express accounts. blithe
24615-3,24615,1181,54,3,20.00,21643.60,0.07,0.00,A,F,1993-09-15,1993-10-23,1993-10-02,DELIVER IN PERSON,REG AIR, ironic ac
24640-1,24640,626,58,1,40.00,61064.80,0.09,0.02,R,F,1995-05-31,1995-03-12,1995-06-07,TAKE BACK RETURN,MAIL,ideas against the c
24640-2,24640,1620,21,2,20.00,30432.40,0.04,0.07,R,F,1995-02-25,1995-04-29,1995-03-08,TAKE BACK RETURN,REG AIR,s. furiously
24640-3,24640,382,67,3,17.00,21800.46,0.05,0.00,R,F,1995-04-23,1995-04-05,1995-05-23,TAKE BACK RETURN,TRUCK,lar asymptotes. finally expres
24640-4,24640,728,93,4,12.00,19544.64,0.04,0.05,R,F,1995-02-04,1995-03-24,1995-03-03,NONE,REG AIR,s. unusual ideas c
24640-5,24640,1363,78,5,20.00,25287.20,0.03,0.07,A,F,1995-02-20,1995-03-08,1995-03-03,NONE,FOB,osits. quickly furious deposits hind
24640-6,24640,914,49,6,29.00,52632.39,0.10,0.01,A,F,1995-05-31,1995-03-04,1995-06-03,TAKE BACK RETURN,MAIL,ly ironic theodolites ought to
24640-7,24640,478,37,7,4.00,5513.88,0.10,0.06,A,F,1995-02-24,1995-03-17,1995-03-09,COLLECT COD,RAIL, ironic deposits wake blithely. always u
24641-1,24641,905,8,1,4.00,7223.60,0.00,0.04,N,O,1996-05-14,1996-05-03,1996-06-01,NONE,SHIP, nag quickly. blithely eve
24641-2,24641,1755,98,2,37.00,61299.75,0.07,0.02,N,O,1996-04-06,1996-05-22,1996-04-13,NONE,MAIL, furiously unusual asymptot
24641-3,24641,1832,62,3,22.00,38144.26,0.07,0.08,N,O,1996-06-05,1996-05-02,1996-06-28,NONE,AIR,quickly unusual ideas. blithely express p
24641-4,24641,303,4,4,32.00,38505.60,0.02,0.03,N,O,1996-06-21,1996-05-24,1996-07-07,COLLECT COD,RAIL, accounts. carefully final deposits wake al
24642-1,24642,795,92,1,17.00,28828.43,0.08,0.01,N,O,1996-11-23,1997-01-12,1996-12-20,NONE,RAIL,"c accounts. special, enticing dugouts a"
24642-2,24642,1895,25,2,39.00,70078.71,0.03,0.02,N,O,1996-11-21,1997-01-17,1996-12-01,DELIVER IN PERSON,TRUCK,"counts haggle carefully. even, final reques"
24642-3,24642,625,19,3,30.00,45768.60,0.04,0.03,N,O,1996-10-30,1996-12-08,1996-11-09,TAKE BACK RETURN,SHIP,iously bravely silent i
24643-1,24643,272,54,1,30.00,35168.10,0.03,0.01,R,F,1992-07-23,1992-07-05,1992-08-05,DELIVER IN PERSON,SHIP,bout the slyly regular deposits. blithely f
24643-2,24643,1815,45,2,5.00,8584.05,0.05,0.00,R,F,1992-07-20,1992-06-16,1992-07-22,TAKE BACK RETURN,RAIL,regular deposits ha
24644-1,24644,1726,27,1,11.00,17904.92,0.04,0.00,R,F,1994-11-04,1994-10-05,1994-11-21,DELIVER IN PERSON,MAIL,elets against the special requests are car
24644-2,24644,1634,17,2,3.00,4606.89,0.01,0.03,R,F,1994-09-21,1994-10-06,1994-09-23,NONE,SHIP,efully final instructions are car
24644-3,24644,363,64,3,42.00,53061.12,0.08,0.08,A,F,1994-07-30,1994-10-09,1994-08-10,TAKE BACK RETURN,REG AIR,ges haggle carefully furiously silent depos
24645-1,24645,1095,66,1,22.00,21913.98,0.04,0.05,R,F,1995-02-25,1995-01-27,1995-03-18,NONE,REG AIR,"s are carefully unusual, even acc"
24645-2,24645,1047,83,2,29.00,27493.16,0.05,0.06,A,F,1995-01-23,1995-02-12,1995-02-15,NONE,AIR,"e ironic, pending packages. b"
24646-1,24646,1010,16,1,19.00,17309.19,0.00,0.05,N,O,1995-07-18,1995-05-24,1995-08-13,NONE,MAIL,usly express deposits ea
24646-2,24646,720,21,2,19.00,30793.68,0.08,0.04,A,F,1995-05-19,1995-06-16,1995-06-03,COLLECT COD,RAIL, regularly final i
24646-3,24646,1599,40,3,32.00,48018.88,0.08,0.01,N,O,1995-06-28,1995-06-25,1995-07-18,NONE,SHIP,e along the blithely final acc
24646-4,24646,1043,14,4,19.00,17936.76,0.07,0.02,A,F,1995-05-20,1995-06-18,1995-06-12,NONE,TRUCK, special packag
24646-5,24646,1877,7,5,12.00,21346.44,0.08,0.04,A,F,1995-04-26,1995-06-21,1995-04-29,COLLECT COD,SHIP,nic excuses wake regularly. carefully 
24646-6,24646,1751,78,6,18.00,29749.50,0.04,0.02,N,O,1995-07-04,1995-06-07,1995-07-31,COLLECT COD,RAIL,ironic requests cajole slyly carefull
24647-1,24647,611,74,1,18.00,27208.98,0.07,0.00,A,F,1994-09-08,1994-08-27,1994-10-07,TAKE BACK RETURN,MAIL,deposits. ironic dependencies sleep furious
24647-2,24647,1382,21,2,30.00,38501.40,0.08,0.02,R,F,1994-06-08,1994-08-16,1994-06-09,TAKE BACK RETURN,RAIL,ests are blithely quickly regular packag
24647-3,24647,850,51,3,8.00,14006.80,0.08,0.00,R,F,1994-10-03,1994-07-19,1994-10-06,COLLECT COD,MAIL,ithely pending deposits. deposits wake
24647-4,24647,1850,51,4,18.00,31533.30,0.07,0.00,R,F,1994-07-19,1994-08-31,1994-07-25,DELIVER IN PERSON,SHIP,courts. thinly silent at
24647-5,24647,1663,5,5,38.00,59457.08,0.10,0.03,A,F,1994-08-16,1994-07-15,1994-08-17,COLLECT COD,RAIL,ts cajole ca
24647-6,24647,1054,55,6,15.00,14325.75,0.10,0.07,R,F,1994-06-12,1994-08-15,1994-06-24,COLLECT COD,AIR,"-- final, f"
24672-1,24672,1249,50,1,35.00,40258.40,0.01,0.06,A,F,1992-06-16,1992-04-29,1992-06-17,NONE,TRUCK,ully regular ideas. carefully bold dep
24672-2,24672,721,22,2,46.00,74599.12,0.10,0.03,R,F,1992-06-17,1992-05-02,1992-07-13,NONE,FOB," excuses. ironic,"
24672-3,24672,1499,17,3,38.00,53218.62,0.02,0.06,A,F,1992-05-24,1992-06-02,1992-06-07,NONE,RAIL,lyly along t
24672-4,24672,1945,90,4,15.00,27704.10,0.07,0.00,R,F,1992-07-06,1992-04-19,1992-07-20,COLLECT COD,RAIL,bold pinto beans 
24672-5,24672,750,15,5,43.00,70982.25,0.01,0.07,A,F,1992-05-08,1992-04-30,1992-05-12,NONE,REG AIR, blithely near the qu
24672-6,24672,1709,10,6,3.00,4832.10,0.04,0.01,A,F,1992-06-16,1992-04-17,1992-06-27,COLLECT COD,TRUCK,ely slyly regular requests. deposits are
24673-1,24673,1119,20,1,37.00,37744.07,0.09,0.04,N,O,1997-08-25,1997-08-03,1997-09-04,COLLECT COD,FOB,ss the regular platelets. regula
24673-2,24673,1115,16,2,34.00,34547.74,0.05,0.08,N,O,1997-06-29,1997-09-18,1997-07-26,TAKE BACK RETURN,SHIP,thrash furiously? final foxes
24673-3,24673,863,97,3,7.00,12347.02,0.04,0.01,N,O,1997-07-08,1997-09-02,1997-07-31,DELIVER IN PERSON,RAIL,ackages alongside of the fur
24674-1,24674,1113,86,1,43.00,43606.73,0.00,0.04,N,O,1996-07-12,1996-07-03,1996-07-16,NONE,FOB,ugouts integrate caref
24674-2,24674,1683,7,2,36.00,57048.48,0.05,0.01,N,O,1996-08-19,1996-06-26,1996-09-18,COLLECT COD,MAIL, foxes. multipliers nag furiousl
24674-3,24674,1652,35,3,14.00,21751.10,0.06,0.01,N,O,1996-06-11,1996-08-10,1996-06-13,DELIVER IN PERSON,MAIL,g to the platelets. bl
24675-1,24675,794,91,1,21.00,35590.59,0.05,0.08,R,F,1994-09-07,1994-06-30,1994-09-27,TAKE BACK RETURN,REG AIR,e slyly ironic w
24676-1,24676,1816,3,1,1.00,1717.81,0.10,0.07,A,F,1994-06-19,1994-06-23,1994-06-28,TAKE BACK RETURN,SHIP,despite the unusual packages. dependencies 
24676-2,24676,834,68,2,7.00,12143.81,0.08,0.01,R,F,1994-05-13,1994-06-04,1994-06-02,TAKE BACK RETURN,REG AIR,eposits. slyly even deposits above
24677-1,24677,251,52,1,40.00,46050.00,0.08,0.08,A,F,1992-05-04,1992-04-05,1992-05-21,COLLECT COD,REG AIR,yly furiously ironic o
24678-1,24678,972,75,1,38.00,71172.86,0.09,0.08,N,O,1997-09-21,1997-10-23,1997-10-21,DELIVER IN PERSON,FOB,thely. furiously spec
24678-2,24678,701,98,2,41.00,65669.70,0.06,0.08,N,O,1997-08-09,1997-10-14,1997-09-01,DELIVER IN PERSON,TRUCK, closely. quickly ironic 
24678-3,24678,944,79,3,7.00,12914.58,0.10,0.04,N,O,1997-09-16,1997-09-25,1997-09-18,TAKE BACK RETURN,AIR,"g, special accounts."
24679-1,24679,1801,88,1,30.00,51084.00,0.05,0.06,N,O,1995-07-25,1995-07-22,1995-08-19,NONE,MAIL,old pinto beans. excuses use sl
24679-2,24679,893,27,2,20.00,35877.80,0.09,0.08,N,O,1995-08-23,1995-06-22,1995-09-07,NONE,FOB, furiously pending 
24679-3,24679,1397,74,3,39.00,50637.21,0.10,0.01,A,F,1995-05-09,1995-06-22,1995-05-31,COLLECT COD,SHIP,cial instructions a
24679-4,24679,249,4,4,48.00,55163.52,0.02,0.03,N,O,1995-08-04,1995-06-27,1995-08-06,COLLECT COD,REG AIR,se slyly after the slyly 
24679-5,24679,922,25,5,33.00,60156.36,0.10,0.03,N,O,1995-08-19,1995-07-29,1995-09-09,TAKE BACK RETURN,SHIP,g the quickly e
24679-6,24679,261,62,6,10.00,11612.60,0.05,0.03,N,O,1995-08-21,1995-07-14,1995-08-24,DELIVER IN PERSON,FOB,ing deposits haggle busi
24679-7,24679,1472,51,7,3.00,4120.41,0.00,0.05,N,O,1995-06-21,1995-07-08,1995-07-05,DELIVER IN PERSON,RAIL,ending forges run furiously slyly final 
24704-1,24704,79,55,1,11.00,10769.77,0.00,0.05,A,F,1994-12-11,1994-12-06,1994-12-21,NONE,RAIL,egular accounts. furiously spec
24704-2,24704,161,62,2,25.00,26529.00,0.08,0.07,A,F,1995-01-14,1995-01-24,1995-02-08,NONE,FOB,re blithely about the 
24705-1,24705,317,46,1,36.00,43823.16,0.03,0.04,N,O,1995-12-07,1995-11-15,1995-12-28,DELIVER IN PERSON,RAIL, theodolites cajole! unusual requests haggl
24705-2,24705,899,100,2,42.00,75595.38,0.09,0.08,N,O,1995-09-26,1995-10-26,1995-10-08,DELIVER IN PERSON,AIR, accounts cajole carefully among t
24705-3,24705,1692,16,3,12.00,19124.28,0.06,0.01,N,O,1995-12-12,1995-10-22,1995-12-22,COLLECT COD,SHIP,kages. carefully daring r
24706-1,24706,1058,64,1,3.00,2877.15,0.10,0.01,A,F,1992-08-14,1992-07-22,1992-08-25,DELIVER IN PERSON,RAIL,slyly against the regula
24706-2,24706,158,11,2,12.00,12697.80,0.03,0.04,A,F,1992-05-15,1992-05-27,1992-05-28,COLLECT COD,MAIL,furiously ironic accounts above the final
24706-3,24706,25,51,3,15.00,13875.30,0.00,0.03,R,F,1992-08-22,1992-05-26,1992-09-06,TAKE BACK RETURN,TRUCK,pending foxes promise blithely. furi
24707-1,24707,1240,15,1,5.00,5706.20,0.03,0.03,A,F,1992-05-21,1992-04-13,1992-06-14,COLLECT COD,TRUCK,packages. car
24707-2,24707,1186,95,2,42.00,45661.56,0.08,0.03,A,F,1992-05-25,1992-04-10,1992-05-28,DELIVER IN PERSON,REG AIR,en accounts 
24707-3,24707,1244,82,3,12.00,13742.88,0.02,0.04,A,F,1992-07-06,1992-05-19,1992-08-01,NONE,RAIL,hely after the 
24707-4,24707,29,30,4,40.00,37160.80,0.06,0.00,A,F,1992-04-11,1992-04-23,1992-04-19,COLLECT COD,FOB,lar requests wak
24707-5,24707,335,20,5,18.00,22235.94,0.02,0.07,R,F,1992-06-08,1992-04-24,1992-07-02,COLLECT COD,REG AIR,press accounts poa
24708-1,24708,1588,69,1,31.00,46176.98,0.02,0.02,R,F,1993-01-12,1993-01-25,1993-01-31,COLLECT COD,TRUCK,e quickly even asymptotes sl
24709-1,24709,1057,63,1,16.00,15328.80,0.10,0.06,R,F,1995-05-01,1995-03-22,1995-05-26,NONE,RAIL,"r packages. special, ironic pack"
24710-1,24710,1850,51,1,32.00,56059.20,0.02,0.00,R,F,1994-01-26,1993-11-15,1994-02-06,DELIVER IN PERSON,MAIL,ffily against
24710-2,24710,710,7,2,1.00,1610.71,0.00,0.00,A,F,1993-12-10,1993-11-29,1993-12-18,TAKE BACK RETURN,RAIL,xcuses. fin
24711-1,24711,1353,30,1,43.00,53937.05,0.10,0.02,R,F,1992-12-11,1992-12-07,1992-12-27,COLLECT COD,RAIL,ke. theodolites against the furiously u
24711-2,24711,1588,29,2,3.00,4468.74,0.05,0.06,R,F,1993-01-29,1992-12-10,1993-02-14,DELIVER IN PERSON,AIR,requests doze fluff
24711-3,24711,1665,48,3,33.00,51699.78,0.09,0.05,R,F,1992-12-15,1993-01-21,1992-12-17,DELIVER IN PERSON,MAIL,"t, silent packages kindle furious"
24711-4,24711,771,4,4,23.00,38450.71,0.06,0.06,A,F,1993-02-25,1993-01-08,1993-03-21,DELIVER IN PERSON,REG AIR,ly ironic realms among the i
24711-5,24711,416,17,5,43.00,56605.63,0.08,0.04,R,F,1993-01-17,1993-01-04,1993-02-08,TAKE BACK RETURN,REG AIR,carefully expres
24711-6,24711,46,47,6,1.00,946.04,0.00,0.02,A,F,1992-11-05,1993-01-17,1992-11-07,COLLECT COD,SHIP,ound the unusual
24711-7,24711,5,81,7,5.00,4525.00,0.01,0.07,A,F,1992-12-29,1993-01-14,1993-01-22,NONE,RAIL,d the blithely unusual pinto beans. deposit
24736-1,24736,1988,77,1,50.00,94499.00,0.08,0.05,N,O,1998-03-14,1998-03-17,1998-03-18,TAKE BACK RETURN,RAIL,"ffix even, pending w"
24736-2,24736,512,13,2,42.00,59325.42,0.05,0.01,N,O,1998-04-01,1998-03-31,1998-04-12,TAKE BACK RETURN,FOB,carefully pending 
24736-3,24736,1173,74,3,25.00,26854.25,0.04,0.03,N,O,1998-01-26,1998-02-28,1998-02-09,DELIVER IN PERSON,RAIL,haggle aft
24736-4,24736,1226,64,4,49.00,55233.78,0.01,0.00,N,O,1998-02-23,1998-03-01,1998-03-21,COLLECT COD,MAIL,uctions engage slyly unusual 
24736-5,24736,480,81,5,5.00,6902.40,0.07,0.05,N,O,1998-04-06,1998-04-06,1998-04-16,NONE,SHIP,deas. slyly bold pinto beans 
24736-6,24736,1590,31,6,17.00,25357.03,0.09,0.01,N,O,1998-02-11,1998-03-16,1998-03-12,TAKE BACK RETURN,AIR,usly unusu
24736-7,24736,1140,41,7,41.00,42686.74,0.10,0.00,N,O,1998-03-28,1998-03-24,1998-04-01,COLLECT COD,MAIL,bove the furiously regular 
24737-1,24737,1235,36,1,45.00,51130.35,0.02,0.03,R,F,1995-03-21,1995-01-28,1995-04-03,COLLECT COD,REG AIR,quests in 
24737-2,24737,1620,3,2,20.00,30432.40,0.06,0.01,R,F,1995-04-05,1995-01-16,1995-05-04,COLLECT COD,FOB,"ing to the special, even realms en"
24737-3,24737,308,93,3,38.00,45915.40,0.02,0.07,R,F,1995-01-13,1995-02-21,1995-02-07,NONE,RAIL,"ffily slyly special accounts. even, unusual"
24737-4,24737,697,29,4,43.00,68700.67,0.01,0.07,R,F,1995-01-17,1995-01-29,1995-02-09,DELIVER IN PERSON,TRUCK,", regular accounts. bold reque"
24737-5,24737,180,33,5,33.00,35645.94,0.03,0.01,R,F,1995-03-31,1995-02-13,1995-04-10,COLLECT COD,MAIL,ccounts boost blithely slyly final excu
24738-1,24738,1420,99,1,18.00,23785.56,0.08,0.00,A,F,1994-02-25,1993-12-31,1994-03-03,TAKE BACK RETURN,RAIL, carefully regu
24738-2,24738,1395,10,2,29.00,37595.31,0.08,0.07,R,F,1994-02-06,1994-01-28,1994-02-28,NONE,MAIL,sual depos
24739-1,24739,596,57,1,43.00,64353.37,0.07,0.00,N,O,1996-09-04,1996-08-05,1996-09-21,NONE,FOB,ic packages alongsi
24739-2,24739,1875,19,2,37.00,65744.19,0.04,0.06,N,O,1996-09-07,1996-07-02,1996-10-07,TAKE BACK RETURN,REG AIR,silent requests. even t
24740-1,24740,73,49,1,14.00,13622.98,0.03,0.08,R,F,1993-02-03,1993-03-09,1993-02-08,DELIVER IN PERSON,FOB,r accounts. ironic deposits w
24740-2,24740,708,9,2,27.00,43434.90,0.02,0.08,R,F,1993-01-15,1993-02-22,1993-02-12,DELIVER IN PERSON,FOB,"foxes. pending, silent"
24741-1,24741,1163,64,1,26.00,27668.16,0.08,0.08,N,O,1996-12-11,1997-01-16,1996-12-24,COLLECT COD,TRUCK,oze carefully blit
24741-2,24741,1251,52,2,47.00,54155.75,0.01,0.08,N,O,1997-01-25,1996-12-23,1997-02-15,NONE,MAIL, foxes poach enticin
24742-1,24742,752,17,1,42.00,69415.50,0.08,0.05,R,F,1995-04-27,1995-06-12,1995-05-08,NONE,TRUCK,e bold packages nag
24743-1,24743,1105,42,1,29.00,29176.90,0.02,0.08,A,F,1992-10-21,1992-08-31,1992-11-13,NONE,MAIL, pending foxes
24743-2,24743,283,84,2,28.00,33131.84,0.01,0.04,A,F,1992-08-04,1992-08-04,1992-08-16,COLLECT COD,SHIP,ss the blithe
24743-3,24743,997,66,3,11.00,20877.89,0.10,0.01,R,F,1992-08-28,1992-09-04,1992-09-19,DELIVER IN PERSON,AIR,posits boost fluffily unus
24768-1,24768,509,100,1,5.00,7047.50,0.09,0.08,N,O,1998-05-19,1998-07-07,1998-05-28,NONE,MAIL,close packages. quickly spec
24768-2,24768,1910,43,2,27.00,48921.57,0.09,0.06,N,O,1998-08-03,1998-07-28,1998-08-25,TAKE BACK RETURN,MAIL,pending foxes; 
24768-3,24768,178,31,3,38.00,40970.46,0.01,0.06,N,O,1998-06-19,1998-06-19,1998-06-24,TAKE BACK RETURN,TRUCK,even dolphins. sil
24769-1,24769,543,74,1,28.00,40419.12,0.07,0.05,N,O,1995-11-27,1995-12-29,1995-12-22,NONE,MAIL,final packages. bl
24769-2,24769,900,100,2,13.00,23411.70,0.07,0.06,N,O,1995-12-26,1996-01-20,1996-01-11,COLLECT COD,TRUCK, carefully fina
24769-3,24769,1422,23,3,26.00,34408.92,0.03,0.05,N,O,1995-12-11,1996-02-01,1996-01-09,DELIVER IN PERSON,MAIL,unusual deposits are sometimes enticing t
24769-4,24769,982,51,4,44.00,82851.12,0.09,0.06,N,O,1995-12-20,1996-02-05,1995-12-23,NONE,TRUCK,ic excuses haggl
24769-5,24769,183,10,5,21.00,22746.78,0.04,0.00,N,O,1996-02-19,1996-01-20,1996-02-21,TAKE BACK RETURN,RAIL,usual hockey players according to th
24769-6,24769,1074,75,6,41.00,39977.87,0.08,0.06,N,O,1996-01-22,1996-01-06,1996-02-06,NONE,RAIL,o beans. blithely even package
24769-7,24769,138,39,7,3.00,3114.39,0.01,0.08,N,O,1996-03-02,1996-01-03,1996-03-10,NONE,AIR,l accounts; ruthless
24770-1,24770,206,61,1,3.00,3318.60,0.09,0.00,A,F,1992-06-25,1992-05-27,1992-07-16,TAKE BACK RETURN,MAIL,"regular, regular accounts ar"
24770-2,24770,537,28,2,40.00,57501.20,0.04,0.00,A,F,1992-04-17,1992-05-05,1992-05-14,NONE,MAIL,fluffily ironic 
24771-1,24771,726,27,1,50.00,81336.00,0.10,0.02,N,O,1996-08-05,1996-05-21,1996-08-21,COLLECT COD,AIR,kages among the carefully fin
24771-2,24771,1951,40,2,28.00,51882.60,0.04,0.04,N,O,1996-04-29,1996-06-15,1996-05-21,COLLECT COD,AIR,? carefully spe
24771-3,24771,943,12,3,33.00,60850.02,0.06,0.04,N,O,1996-07-10,1996-07-04,1996-07-19,COLLECT COD,REG AIR,en platelets cajole careful
24772-1,24772,132,59,1,13.00,13417.69,0.00,0.05,N,O,1996-09-17,1996-08-25,1996-10-06,COLLECT COD,MAIL,s theodolites. pending i
24773-1,24773,1264,39,1,5.00,5826.30,0.10,0.08,N,O,1998-07-28,1998-06-11,1998-08-23,TAKE BACK RETURN,AIR,inst the quickl
24773-2,24773,770,35,2,29.00,48452.33,0.06,0.04,N,O,1998-08-17,1998-05-24,1998-09-07,TAKE BACK RETURN,AIR,ly special pinto beans. foxe
24773-3,24773,1269,81,3,13.00,15213.38,0.09,0.04,N,O,1998-05-08,1998-07-20,1998-05-12,TAKE BACK RETURN,SHIP,posits boost carefully deposits. f
24773-4,24773,1488,67,4,19.00,26400.12,0.06,0.02,N,O,1998-06-12,1998-06-07,1998-06-16,DELIVER IN PERSON,MAIL,st the ironic packages. daring packa
24773-5,24773,1946,47,5,2.00,3695.88,0.06,0.03,N,O,1998-05-25,1998-06-30,1998-06-03,TAKE BACK RETURN,RAIL,cross the slyly even 
24774-1,24774,1478,79,1,3.00,4138.41,0.05,0.07,N,O,1997-06-22,1997-08-11,1997-07-15,NONE,SHIP,e brave accounts wake furiously despi
24774-2,24774,166,45,2,40.00,42646.40,0.02,0.02,N,O,1997-06-06,1997-07-15,1997-06-11,TAKE BACK RETURN,REG AIR,ackages along
24774-3,24774,324,53,3,25.00,30608.00,0.04,0.06,N,O,1997-06-06,1997-08-14,1997-06-12,NONE,AIR,blithely regular deposits sleep quickly. de
24775-1,24775,1150,51,1,42.00,44148.30,0.09,0.02,R,F,1992-06-01,1992-04-20,1992-06-05,NONE,MAIL,le carefully express accounts. bli
24775-2,24775,448,36,2,7.00,9439.08,0.07,0.03,A,F,1992-05-23,1992-04-18,1992-06-19,COLLECT COD,TRUCK, slyly across the slyly pending att
24800-1,24800,1828,15,1,50.00,86491.00,0.03,0.04,N,O,1998-05-28,1998-06-15,1998-05-29,DELIVER IN PERSON,SHIP, pending frets wake slyly across the sl
24800-2,24800,398,99,2,40.00,51935.60,0.05,0.03,N,O,1998-06-05,1998-06-07,1998-07-05,COLLECT COD,AIR,te quickly above the blithely regular plat
24800-3,24800,1536,17,3,43.00,61813.79,0.06,0.08,N,O,1998-06-18,1998-05-31,1998-07-16,NONE,MAIL, regular foxes. regular f
24800-4,24800,1024,95,4,50.00,46251.00,0.07,0.02,N,O,1998-05-12,1998-05-20,1998-05-31,COLLECT COD,RAIL,accounts are. carefully silent
24801-1,24801,1616,40,1,1.00,1517.61,0.09,0.02,R,F,1992-12-11,1993-01-12,1992-12-22,TAKE BACK RETURN,FOB,lithely fina
24801-2,24801,360,45,2,9.00,11343.24,0.10,0.01,R,F,1993-03-10,1992-12-24,1993-03-19,NONE,REG AIR,ly unusual asymptotes 
24801-3,24801,356,13,3,10.00,12563.50,0.05,0.02,A,F,1992-11-25,1993-01-03,1992-12-23,NONE,RAIL,s haggle furiously slyly i
24801-4,24801,1974,75,4,23.00,43147.31,0.10,0.01,A,F,1993-02-11,1992-12-18,1993-02-28,COLLECT COD,REG AIR,ggle? carefully final accoun
24801-5,24801,1308,85,5,7.00,8465.10,0.07,0.08,A,F,1993-01-11,1993-02-03,1993-02-08,DELIVER IN PERSON,MAIL,eans haggle furiously. fluffily iro
24801-6,24801,1607,90,6,3.00,4525.80,0.07,0.06,R,F,1992-12-03,1993-02-08,1992-12-19,TAKE BACK RETURN,AIR," blithely bold requests. regular, e"
24802-1,24802,1731,58,1,30.00,48981.90,0.02,0.01,R,F,1994-01-26,1994-04-11,1994-02-22,TAKE BACK RETURN,MAIL,the furiously even idea
24802-2,24802,1731,16,2,22.00,35920.06,0.07,0.07,R,F,1994-02-05,1994-03-09,1994-02-23,COLLECT COD,RAIL,ic foxes cajole regular dolphins. fluffil
24803-1,24803,56,57,1,47.00,44934.35,0.07,0.00,N,O,1997-03-16,1997-05-09,1997-04-05,NONE,AIR, blithely pending deposits along the spec
24803-2,24803,1390,5,2,46.00,59403.94,0.02,0.04,N,O,1997-04-29,1997-04-12,1997-05-20,NONE,FOB,y unusual foxes wake carefully de
24804-1,24804,507,8,1,35.00,49262.50,0.04,0.03,N,O,1995-09-20,1995-08-25,1995-09-21,COLLECT COD,REG AIR,mong the furiously regular 
24804-2,24804,807,8,2,35.00,59773.00,0.00,0.03,N,O,1995-07-16,1995-08-08,1995-07-30,DELIVER IN PERSON,FOB,"ng, bold accou"
24805-1,24805,361,46,1,20.00,25227.20,0.05,0.03,A,F,1995-01-18,1994-12-27,1995-01-21,NONE,RAIL,sly pending requests wake fluffil
24805-2,24805,1921,10,2,43.00,78385.56,0.01,0.04,A,F,1995-01-22,1995-02-01,1995-02-07,NONE,RAIL,the carefully even dependencies. silent
24806-1,24806,679,73,1,21.00,33173.07,0.00,0.01,R,F,1993-09-21,1993-11-24,1993-10-02,TAKE BACK RETURN,AIR,sleep carefully across
24806-2,24806,242,24,2,19.00,21702.56,0.09,0.08,R,F,1993-09-30,1993-11-18,1993-10-04,COLLECT COD,TRUCK,ng foxes. requests affix blithely slyly un
24806-3,24806,1255,93,3,9.00,10406.25,0.07,0.00,A,F,1993-10-25,1993-11-23,1993-11-23,NONE,REG AIR,ful asymptotes 
24807-1,24807,69,95,1,13.00,12597.78,0.01,0.07,N,O,1996-07-11,1996-05-27,1996-08-05,COLLECT COD,AIR,cajole. thinly even packages ma
24832-1,24832,1796,81,1,47.00,79796.13,0.05,0.03,N,O,1997-04-20,1997-04-21,1997-05-18,TAKE BACK RETURN,RAIL,ccounts. carefully 
24832-2,24832,65,16,2,50.00,48253.00,0.05,0.05,N,O,1997-03-25,1997-05-01,1997-04-04,DELIVER IN PERSON,REG AIR, furiously agains
24832-3,24832,1280,55,3,25.00,29532.00,0.06,0.07,N,O,1997-06-25,1997-05-20,1997-06-26,DELIVER IN PERSON,RAIL,ogs boost furiously expres
24832-4,24832,958,93,4,46.00,85511.70,0.08,0.06,N,O,1997-04-22,1997-05-01,1997-05-20,NONE,SHIP,"l, unusual sheaves across the ironic, e"
24832-5,24832,1977,22,5,32.00,60127.04,0.02,0.05,N,O,1997-06-18,1997-05-31,1997-07-04,COLLECT COD,REG AIR,ly express packages across 
24832-6,24832,823,57,6,50.00,86191.00,0.05,0.04,N,O,1997-06-10,1997-05-02,1997-07-01,COLLECT COD,TRUCK,ecial instruction
24833-1,24833,1380,81,1,6.00,7688.28,0.10,0.05,A,F,1993-11-04,1993-10-02,1993-11-28,TAKE BACK RETURN,MAIL,en pinto beans. slyly
24833-2,24833,1017,88,2,39.00,35802.39,0.07,0.02,R,F,1993-07-30,1993-08-21,1993-08-03,NONE,MAIL,usual orbits alo
24833-3,24833,1418,58,3,25.00,32985.25,0.09,0.06,R,F,1993-10-28,1993-09-12,1993-11-24,NONE,FOB,lly ironic asymptotes. i
24833-4,24833,176,29,4,30.00,32285.10,0.03,0.05,A,F,1993-11-01,1993-09-26,1993-11-29,NONE,AIR,egular foxe
24833-5,24833,1763,48,5,20.00,33295.20,0.07,0.06,A,F,1993-08-24,1993-08-24,1993-09-22,NONE,RAIL,pecial frets across the final a
24833-6,24833,558,59,6,13.00,18961.15,0.10,0.06,R,F,1993-09-14,1993-10-05,1993-10-09,DELIVER IN PERSON,MAIL,inal platelets cajole. final theodolite
24834-1,24834,295,50,1,30.00,35858.70,0.07,0.06,A,F,1994-07-20,1994-07-28,1994-07-30,NONE,SHIP,re furiously according 
24835-1,24835,1135,72,1,45.00,46625.85,0.02,0.01,N,O,1998-04-02,1998-03-04,1998-04-29,COLLECT COD,MAIL,"fily final, bold deposits? final orbi"
24835-2,24835,1971,4,2,20.00,37459.40,0.00,0.07,N,O,1998-05-10,1998-04-24,1998-05-14,NONE,TRUCK,counts wake final fo
24836-1,24836,745,42,1,13.00,21394.62,0.07,0.03,N,O,1998-07-19,1998-07-29,1998-08-13,TAKE BACK RETURN,MAIL, silent de
24836-2,24836,683,46,2,38.00,60179.84,0.09,0.02,N,O,1998-07-05,1998-06-27,1998-07-16,DELIVER IN PERSON,REG AIR,ggle carefully pending a
24836-3,24836,1543,64,3,36.00,52003.44,0.08,0.07,N,O,1998-06-29,1998-08-03,1998-07-16,DELIVER IN PERSON,SHIP,pecial dependencies haggl
24836-4,24836,1928,73,4,19.00,34768.48,0.05,0.05,N,O,1998-08-31,1998-07-13,1998-09-12,COLLECT COD,MAIL,to the theodolit
24836-5,24836,1462,2,5,18.00,24542.28,0.08,0.03,N,O,1998-06-02,1998-06-28,1998-06-03,COLLECT COD,REG AIR,its. fluff
24836-6,24836,788,21,6,26.00,43908.28,0.07,0.03,N,O,1998-06-15,1998-07-09,1998-07-15,NONE,AIR,"e express, bold instr"
24837-1,24837,630,31,1,16.00,24490.08,0.04,0.00,N,O,1997-06-04,1997-06-12,1997-06-20,DELIVER IN PERSON,RAIL,ly ironic depend
24837-2,24837,928,31,2,35.00,64012.20,0.01,0.08,N,O,1997-07-23,1997-05-30,1997-08-08,NONE,REG AIR,"gular, silent packages. f"
24837-3,24837,197,76,3,29.00,31818.51,0.00,0.04,N,O,1997-07-14,1997-06-17,1997-08-09,DELIVER IN PERSON,TRUCK, pinto beans. bold
24837-4,24837,1216,17,4,20.00,22344.20,0.00,0.02,N,O,1997-07-09,1997-06-06,1997-07-17,TAKE BACK RETURN,MAIL,unwind slyly 
24837-5,24837,1205,43,5,46.00,50885.20,0.05,0.00,N,O,1997-08-10,1997-05-30,1997-08-30,DELIVER IN PERSON,RAIL, accounts. quickly final hockey p
24838-1,24838,626,89,1,17.00,25952.54,0.07,0.04,N,O,1997-08-18,1997-07-24,1997-08-26,COLLECT COD,AIR,ges affix. requests across the f
24838-2,24838,1214,52,2,27.00,30110.67,0.10,0.02,N,O,1997-08-28,1997-07-31,1997-09-06,TAKE BACK RETURN,TRUCK,sy requests integrate carefully bold 
24838-3,24838,1872,16,3,47.00,83371.89,0.02,0.05,N,O,1997-07-27,1997-08-15,1997-08-12,TAKE BACK RETURN,TRUCK,quests. fluffily regular requests
24838-4,24838,849,50,4,21.00,36746.64,0.02,0.00,N,O,1997-08-13,1997-09-17,1997-08-29,NONE,FOB,ages. blithely special accounts bo
24838-5,24838,1146,83,5,21.00,21989.94,0.07,0.02,N,O,1997-07-25,1997-07-25,1997-07-27,NONE,REG AIR, special theod
24838-6,24838,1598,99,6,14.00,20994.26,0.02,0.04,N,O,1997-08-28,1997-08-13,1997-09-13,NONE,REG AIR,odolites. ironic requests
24838-7,24838,735,100,7,20.00,32714.60,0.02,0.03,N,O,1997-10-19,1997-09-18,1997-10-24,COLLECT COD,TRUCK,"he ironic, final ideas n"
24839-1,24839,1371,86,1,4.00,5089.48,0.06,0.04,N,O,1998-09-28,1998-09-21,1998-10-20,COLLECT COD,AIR,ide of the thinly regular dolph
24839-2,24839,800,65,2,43.00,73134.40,0.03,0.05,N,O,1998-08-11,1998-09-23,1998-08-12,NONE,AIR,regular accounts. account
24839-3,24839,89,65,3,25.00,24727.00,0.02,0.00,N,O,1998-08-01,1998-10-17,1998-08-25,COLLECT COD,REG AIR,ven requests haggle quickl
24839-4,24839,1671,95,4,50.00,78633.50,0.06,0.04,N,O,1998-09-10,1998-10-07,1998-10-08,COLLECT COD,REG AIR,hely even acc
24839-5,24839,1223,35,5,33.00,37099.26,0.07,0.06,N,O,1998-10-12,1998-08-29,1998-11-10,DELIVER IN PERSON,RAIL,refully slyly ironic packages. fluffily
24839-6,24839,38,89,6,9.00,8442.27,0.03,0.03,N,O,1998-09-23,1998-09-26,1998-10-05,COLLECT COD,MAIL,anent depen
24839-7,24839,1122,59,7,37.00,37855.44,0.01,0.04,N,O,1998-09-17,1998-09-21,1998-10-08,NONE,AIR,unusual theodolites wake aft
24864-1,24864,1091,92,1,6.00,5952.54,0.10,0.03,A,F,1992-02-19,1992-02-15,1992-02-29,COLLECT COD,MAIL,inally unusual deposits. waters wa
24864-2,24864,1048,54,2,22.00,20878.88,0.00,0.00,R,F,1992-04-11,1992-04-09,1992-05-10,COLLECT COD,SHIP,thes wake ironic requ
24864-3,24864,1389,28,3,17.00,21936.46,0.05,0.08,A,F,1992-04-15,1992-03-27,1992-04-21,DELIVER IN PERSON,RAIL,eas. finally final deposi
24864-4,24864,1802,32,4,23.00,39187.40,0.01,0.00,A,F,1992-04-08,1992-02-22,1992-04-23,COLLECT COD,TRUCK,arefully ironic d
24864-5,24864,1120,93,5,35.00,35739.20,0.08,0.05,R,F,1992-04-09,1992-02-15,1992-04-24,COLLECT COD,FOB,ctions acco
24864-6,24864,1444,62,6,24.00,32290.56,0.08,0.08,A,F,1992-04-03,1992-04-12,1992-04-23,NONE,FOB,requests haggle fluffily. fluffi
24865-1,24865,503,94,1,35.00,49122.50,0.06,0.01,R,F,1992-06-07,1992-05-21,1992-06-27,COLLECT COD,SHIP,al packages
24865-2,24865,1351,90,2,31.00,38822.85,0.09,0.02,A,F,1992-04-23,1992-04-24,1992-05-06,COLLECT COD,TRUCK,cajole furiousl
24865-3,24865,1227,39,3,37.00,41744.14,0.05,0.05,R,F,1992-07-13,1992-04-19,1992-08-05,NONE,REG AIR, ironic packages. slyly enticing p
24865-4,24865,255,56,4,20.00,23105.00,0.08,0.05,R,F,1992-03-27,1992-06-06,1992-04-15,DELIVER IN PERSON,FOB,al foxes. evenly regular
24865-5,24865,5,31,5,30.00,27150.00,0.09,0.05,A,F,1992-07-05,1992-05-18,1992-07-28,COLLECT COD,SHIP,s cajole blithely. furiously even pint
24865-6,24865,1768,69,6,2.00,3339.52,0.03,0.06,R,F,1992-04-05,1992-05-30,1992-04-09,TAKE BACK RETURN,FOB," wake carefully. final, even pac"
24865-7,24865,738,35,7,27.00,44245.71,0.04,0.04,A,F,1992-04-17,1992-05-09,1992-05-04,TAKE BACK RETURN,TRUCK,tealthily even excuses p
24866-1,24866,1521,62,1,41.00,58323.32,0.06,0.05,R,F,1993-12-20,1994-01-09,1994-01-06,COLLECT COD,MAIL,ly regular deposits nod careful
24866-2,24866,1405,84,2,6.00,7838.40,0.02,0.08,R,F,1993-12-16,1994-02-04,1994-01-01,TAKE BACK RETURN,FOB,long the silent requests. fluf
24866-3,24866,924,25,3,46.00,83946.32,0.10,0.03,A,F,1994-02-05,1994-03-04,1994-03-01,NONE,MAIL,c packages haggle across the regular 
24866-4,24866,1,52,4,22.00,19822.00,0.09,0.03,A,F,1994-01-14,1994-02-06,1994-01-31,NONE,SHIP,xes are fluffily. blithely final
24867-1,24867,1238,13,1,11.00,12531.53,0.03,0.04,R,F,1994-05-23,1994-04-17,1994-06-10,DELIVER IN PERSON,RAIL,s? slyly regular pinto beans above the f
24868-1,24868,1232,70,1,5.00,5666.15,0.05,0.02,A,F,1992-07-20,1992-07-05,1992-08-04,NONE,RAIL,g deposits. furiously regular requests 
24868-2,24868,1332,47,2,49.00,60433.17,0.03,0.06,A,F,1992-05-30,1992-08-25,1992-06-20,NONE,SHIP,fily final pinto beans. final t
24868-3,24868,51,52,3,23.00,21874.15,0.01,0.01,R,F,1992-05-30,1992-07-17,1992-05-31,TAKE BACK RETURN,MAIL,onic requests? slyly ironic theodolites
24868-4,24868,179,58,4,13.00,14029.21,0.02,0.02,R,F,1992-06-09,1992-08-20,1992-07-03,NONE,RAIL,ke quickly bli
24868-5,24868,228,29,5,28.00,31590.16,0.10,0.02,R,F,1992-09-06,1992-07-01,1992-09-28,NONE,TRUCK,ts. quickly special a
24868-6,24868,1069,75,6,33.00,32011.98,0.00,0.05,A,F,1992-07-13,1992-08-17,1992-07-21,TAKE BACK RETURN,REG AIR,ic ideas sleep fluffily abo
24868-7,24868,1238,39,7,26.00,29619.98,0.10,0.02,A,F,1992-07-07,1992-07-26,1992-07-23,NONE,SHIP,platelets engage furiousl
24869-1,24869,486,87,1,17.00,23570.16,0.07,0.03,R,F,1994-07-16,1994-08-12,1994-08-02,DELIVER IN PERSON,FOB,"ar, regular deposits. idea"
24869-2,24869,489,19,2,14.00,19452.72,0.07,0.03,A,F,1994-06-21,1994-07-19,1994-07-16,NONE,AIR,s sleep carefully. furiously regular ide
24869-3,24869,463,22,3,43.00,58628.78,0.01,0.05,R,F,1994-08-22,1994-08-13,1994-09-02,TAKE BACK RETURN,FOB,ular excuses. unusual decoys boost 
24869-4,24869,1998,43,4,4.00,7599.96,0.04,0.02,A,F,1994-09-23,1994-07-24,1994-10-12,DELIVER IN PERSON,RAIL,sits. blithely even p
24869-5,24869,1719,62,5,4.00,6482.84,0.09,0.02,A,F,1994-10-06,1994-08-26,1994-10-29,COLLECT COD,MAIL,t furiously. ideas sleep above the f
24869-6,24869,98,99,6,43.00,42917.87,0.07,0.01,A,F,1994-10-07,1994-09-04,1994-10-17,TAKE BACK RETURN,TRUCK,s cajole always a
24869-7,24869,960,95,7,39.00,72577.44,0.03,0.04,A,F,1994-10-02,1994-08-21,1994-10-17,NONE,MAIL,packages. packages about the enti
24870-1,24870,91,42,1,27.00,26759.43,0.01,0.08,A,F,1994-08-07,1994-07-02,1994-09-02,NONE,TRUCK,l accounts try to cajole 
24870-2,24870,1246,84,2,10.00,11472.40,0.04,0.01,A,F,1994-06-27,1994-06-28,1994-07-11,NONE,SHIP,posits use bli
24870-3,24870,1317,56,3,40.00,48732.40,0.09,0.06,R,F,1994-05-13,1994-07-18,1994-05-30,NONE,TRUCK,carefully even forges nag furious
24871-1,24871,600,91,1,48.00,72028.80,0.00,0.07,A,F,1995-05-21,1995-06-16,1995-05-30,TAKE BACK RETURN,REG AIR,ly regular ac
24871-2,24871,788,21,2,42.00,70928.76,0.09,0.08,N,O,1995-07-17,1995-05-27,1995-08-01,DELIVER IN PERSON,MAIL,kages along the accounts wake to the 
24871-3,24871,1295,70,3,6.00,7177.74,0.10,0.04,N,O,1995-07-17,1995-06-17,1995-07-21,COLLECT COD,FOB,s must wake furious
24871-4,24871,1487,88,4,43.00,59704.64,0.03,0.04,N,O,1995-07-10,1995-06-06,1995-07-25,TAKE BACK RETURN,FOB,. furiousl
24871-5,24871,1549,50,5,24.00,34812.96,0.05,0.06,N,F,1995-06-12,1995-05-28,1995-07-04,COLLECT COD,RAIL,egular packages use 
24871-6,24871,835,35,6,3.00,5207.49,0.08,0.04,R,F,1995-05-17,1995-05-04,1995-06-12,DELIVER IN PERSON,REG AIR,cial accounts breach carefully a
24871-7,24871,957,92,7,40.00,74318.00,0.03,0.01,A,F,1995-04-14,1995-05-20,1995-05-13,DELIVER IN PERSON,TRUCK,"y even asymptotes sleep. ironic, bold "
24896-1,24896,842,42,1,43.00,74942.12,0.03,0.03,R,F,1993-05-16,1993-04-18,1993-06-13,DELIVER IN PERSON,RAIL, carefully regular s
24896-2,24896,1517,58,2,11.00,15603.61,0.07,0.01,R,F,1993-02-21,1993-05-02,1993-03-13,DELIVER IN PERSON,TRUCK,t. fluffily special packag
24896-3,24896,1352,29,3,15.00,18800.25,0.01,0.03,A,F,1993-03-21,1993-04-12,1993-03-24,TAKE BACK RETURN,TRUCK,ets. accounts wake furiously. even e
24897-1,24897,1529,30,1,30.00,42915.60,0.10,0.04,N,O,1998-02-21,1998-03-30,1998-03-02,DELIVER IN PERSON,RAIL,al requests integr
24897-2,24897,1303,80,2,49.00,59010.70,0.03,0.08,N,O,1998-04-30,1998-04-07,1998-05-19,NONE,RAIL,ithes. even excuses cajole caref
24897-3,24897,1173,46,3,10.00,10741.70,0.09,0.02,N,O,1998-04-23,1998-04-25,1998-05-03,COLLECT COD,SHIP, across the furiously express accounts sle
24898-1,24898,55,56,1,45.00,42977.25,0.02,0.02,N,O,1997-02-03,1997-04-04,1997-03-01,COLLECT COD,TRUCK,ly carefully bold pl
24898-2,24898,1675,99,2,33.00,52030.11,0.04,0.08,N,O,1997-04-24,1997-03-17,1997-05-13,NONE,MAIL,ithely silent foxes 
24898-3,24898,769,70,3,8.00,13358.08,0.10,0.03,N,O,1997-04-17,1997-04-06,1997-04-29,TAKE BACK RETURN,MAIL,"ding, ironic theodolites. pinto beans ha"
24898-4,24898,1590,71,4,20.00,29831.80,0.07,0.06,N,O,1997-01-21,1997-03-14,1997-01-24,DELIVER IN PERSON,MAIL,sleep unde
24898-5,24898,1067,38,5,45.00,43562.70,0.03,0.04,N,O,1997-05-16,1997-04-18,1997-06-01,TAKE BACK RETURN,TRUCK,ages haggle furiously across the 
24898-6,24898,178,79,6,36.00,38814.12,0.06,0.03,N,O,1997-05-20,1997-04-14,1997-06-15,TAKE BACK RETURN,TRUCK,quests. furiously regular requests acro
24899-1,24899,185,12,1,21.00,22788.78,0.09,0.08,N,O,1995-12-04,1995-10-08,1995-12-06,TAKE BACK RETURN,AIR,quickly. furiously unusual accounts 
24899-2,24899,1715,100,2,20.00,32334.20,0.06,0.01,N,O,1995-12-14,1995-10-21,1995-12-19,DELIVER IN PERSON,MAIL,unusual dependencies cajole accordi
24899-3,24899,1809,53,3,41.00,70142.80,0.05,0.01,N,O,1995-11-23,1995-10-10,1995-11-24,COLLECT COD,RAIL,"ly slyly express warthogs-- unusual, "
24899-4,24899,1416,34,4,45.00,59283.45,0.02,0.00,N,O,1995-09-20,1995-10-22,1995-10-20,COLLECT COD,SHIP, ironic theodolites wake furiou
24899-5,24899,646,40,5,38.00,58772.32,0.06,0.03,N,O,1995-11-25,1995-10-14,1995-12-15,DELIVER IN PERSON,TRUCK,g instructions. pending excuses h
24900-1,24900,1280,18,1,36.00,42526.08,0.04,0.03,N,O,1996-11-28,1996-09-06,1996-12-06,DELIVER IN PERSON,MAIL, even deposits haggle fluffily. bl
24900-2,24900,1438,39,2,38.00,50898.34,0.08,0.01,N,O,1996-09-13,1996-09-08,1996-10-01,TAKE BACK RETURN,RAIL,pinto beans. ironic requests boost. fu
24900-3,24900,1357,34,3,48.00,60400.80,0.09,0.07,N,O,1996-11-15,1996-09-21,1996-12-15,NONE,REG AIR, pinto beans. quickl
24900-4,24900,768,33,4,35.00,58406.60,0.02,0.06,N,O,1996-10-14,1996-09-16,1996-11-05,COLLECT COD,AIR,ts cajole slyly unusual dinos. entic
24900-5,24900,1965,54,5,46.00,85880.16,0.10,0.04,N,O,1996-10-21,1996-09-22,1996-10-25,DELIVER IN PERSON,TRUCK,efully regular packages cajole blit
24901-1,24901,658,52,1,16.00,24938.40,0.06,0.05,N,O,1996-09-09,1996-10-14,1996-09-25,COLLECT COD,AIR,es. idly regular
24901-2,24901,242,43,2,23.00,26271.52,0.04,0.00,N,O,1996-09-23,1996-11-13,1996-09-30,COLLECT COD,RAIL,as. furiously idle depths above the iron
24901-3,24901,602,34,3,27.00,40570.20,0.09,0.00,N,O,1996-10-26,1996-10-18,1996-11-04,TAKE BACK RETURN,SHIP,slyly thin pinto beans. bl
24901-4,24901,1178,15,4,32.00,34533.44,0.09,0.02,N,O,1996-09-21,1996-10-25,1996-10-18,TAKE BACK RETURN,REG AIR,ole carefully a
24901-5,24901,326,55,5,15.00,18394.80,0.10,0.03,N,O,1996-12-22,1996-11-06,1996-12-31,TAKE BACK RETURN,REG AIR,s. blithely express dependencies haggl
24902-1,24902,1522,23,1,45.00,64058.40,0.05,0.03,R,F,1993-07-18,1993-08-07,1993-08-09,NONE,RAIL, are fluffily even requests
24902-2,24902,46,97,2,18.00,17028.72,0.01,0.03,R,F,1993-06-06,1993-06-27,1993-06-20,TAKE BACK RETURN,SHIP,nic instructions. carefully regular in
24902-3,24902,234,16,3,42.00,47637.66,0.10,0.03,A,F,1993-06-26,1993-07-08,1993-07-04,COLLECT COD,TRUCK,ay haggle. quickly final packages snoo
24902-4,24902,286,41,4,16.00,18980.48,0.04,0.01,R,F,1993-06-15,1993-07-21,1993-06-22,TAKE BACK RETURN,RAIL,nic dolphins doubt blithely deposits. car
24902-5,24902,659,60,5,29.00,45229.85,0.09,0.01,A,F,1993-09-22,1993-07-27,1993-10-16,TAKE BACK RETURN,FOB,ven packages? packages wake accordi
24902-6,24902,1483,1,6,28.00,38765.44,0.07,0.01,A,F,1993-09-05,1993-07-20,1993-09-08,DELIVER IN PERSON,MAIL,uriously regular instruct
24903-1,24903,414,2,1,13.00,17087.33,0.03,0.07,A,F,1993-11-29,1993-12-15,1993-12-01,NONE,MAIL,blithely ironic deposits again
24903-2,24903,984,85,2,46.00,86709.08,0.00,0.06,A,F,1993-12-14,1993-11-19,1993-12-29,NONE,FOB,e quickly across
24903-3,24903,1655,38,3,39.00,60709.35,0.03,0.06,A,F,1994-02-04,1993-12-06,1994-02-19,NONE,AIR,thrash about
24903-4,24903,1424,64,4,20.00,26508.40,0.03,0.05,R,F,1993-12-09,1993-12-07,1993-12-17,NONE,TRUCK,above the blithely regular
24903-5,24903,948,83,5,14.00,25885.16,0.04,0.03,A,F,1994-02-03,1993-12-09,1994-02-20,COLLECT COD,SHIP, furiously. slyly bold accounts wake flu
24903-6,24903,643,44,6,42.00,64832.88,0.04,0.03,R,F,1994-02-02,1994-01-11,1994-03-03,COLLECT COD,REG AIR,ckly across the carefully iro
24903-7,24903,104,57,7,23.00,23094.30,0.08,0.03,A,F,1994-01-03,1994-01-10,1994-01-15,NONE,AIR,gular pinto beans. flu
24928-1,24928,1995,96,1,10.00,18969.90,0.03,0.01,N,O,1996-07-16,1996-06-21,1996-08-04,TAKE BACK RETURN,FOB,s after the furiously s
24928-2,24928,1836,23,2,6.00,10426.98,0.08,0.01,N,O,1996-05-24,1996-06-19,1996-05-27,COLLECT COD,REG AIR, are quickly carefully regular foxes. 
24929-1,24929,493,81,1,36.00,50165.64,0.02,0.00,N,O,1996-10-30,1996-11-26,1996-11-06,NONE,TRUCK,"ual, special excuses believe furiously a"
24929-2,24929,323,24,2,35.00,42816.20,0.05,0.04,N,O,1996-10-27,1996-11-19,1996-10-30,DELIVER IN PERSON,MAIL,mptotes boost. slyly regu
24929-3,24929,1347,86,3,2.00,2496.68,0.10,0.02,N,O,1997-01-21,1996-12-03,1997-02-20,DELIVER IN PERSON,SHIP,romise after the furiously daring packages.
24929-4,24929,397,54,4,2.00,2594.78,0.09,0.07,N,O,1996-11-29,1996-11-14,1996-12-07,COLLECT COD,FOB,engage regular requests. slyly ironic fox
24930-1,24930,1245,57,1,37.00,42410.88,0.04,0.07,N,O,1998-05-05,1998-06-15,1998-05-20,TAKE BACK RETURN,MAIL, above the fluffily 
24930-2,24930,789,22,2,34.00,57452.52,0.04,0.01,N,O,1998-06-26,1998-07-09,1998-07-15,TAKE BACK RETURN,RAIL, blithely even deposits! quickly regula
24930-3,24930,382,83,3,41.00,52577.58,0.08,0.02,N,O,1998-05-10,1998-05-26,1998-05-30,NONE,AIR,l platelets cajole furi
24931-1,24931,1333,10,1,32.00,39498.56,0.10,0.05,N,O,1995-12-06,1996-02-02,1995-12-16,TAKE BACK RETURN,SHIP,uests. ironic accounts 
24931-2,24931,769,70,2,35.00,58441.60,0.02,0.08,N,O,1996-02-21,1996-02-05,1996-03-14,NONE,RAIL,long the fur
24931-3,24931,1297,35,3,10.00,11982.90,0.03,0.08,N,O,1996-01-26,1995-12-25,1996-02-03,COLLECT COD,REG AIR,pinto beans. blithely fin
24931-4,24931,748,49,4,41.00,67598.34,0.07,0.03,N,O,1996-02-10,1996-01-27,1996-02-22,COLLECT COD,REG AIR,ntly regular accounts boost. bol
24931-5,24931,1671,54,5,42.00,66052.14,0.01,0.02,N,O,1995-12-18,1996-01-17,1996-01-09,COLLECT COD,MAIL,quickly enticing ide
24931-6,24931,375,76,6,43.00,54840.91,0.09,0.03,N,O,1996-01-05,1995-12-16,1996-01-17,TAKE BACK RETURN,SHIP,its. ruthless requ
24931-7,24931,1690,73,7,19.00,30242.11,0.00,0.01,N,O,1995-12-26,1995-12-24,1996-01-23,COLLECT COD,AIR,the quickly re
24932-1,24932,198,25,1,35.00,38436.65,0.00,0.00,N,O,1996-03-14,1996-05-20,1996-04-11,TAKE BACK RETURN,SHIP,ly regular requests. platelets detect again
24932-2,24932,78,29,2,13.00,12714.91,0.01,0.04,N,O,1996-02-27,1996-04-08,1996-03-18,DELIVER IN PERSON,AIR,dependencies. daringly regular
24932-3,24932,1356,57,3,6.00,7544.10,0.05,0.01,N,O,1996-03-10,1996-05-05,1996-03-27,COLLECT COD,RAIL,efore the instructions cajole closel
24932-4,24932,1666,49,4,5.00,7838.30,0.07,0.02,N,O,1996-05-14,1996-05-21,1996-05-18,NONE,SHIP,ges cajole about 
24933-1,24933,1043,79,1,41.00,38705.64,0.06,0.08,R,F,1994-08-10,1994-10-22,1994-08-23,DELIVER IN PERSON,FOB, deposits according to the pi
24933-2,24933,100,76,2,19.00,19001.90,0.03,0.07,A,F,1994-08-19,1994-09-16,1994-09-07,COLLECT COD,RAIL,riously perman
24933-3,24933,1799,26,3,20.00,34015.80,0.03,0.06,R,F,1994-09-20,1994-09-12,1994-09-21,DELIVER IN PERSON,FOB, along the final requests nag un
24933-4,24933,1389,4,4,28.00,36130.64,0.06,0.04,R,F,1994-10-22,1994-10-17,1994-10-29,DELIVER IN PERSON,MAIL,lly regula
24933-5,24933,1835,79,5,21.00,36473.43,0.06,0.07,A,F,1994-09-11,1994-09-15,1994-10-04,TAKE BACK RETURN,REG AIR,totes use among the carefully final fo
24934-1,24934,991,94,1,6.00,11351.94,0.02,0.04,A,F,1995-03-25,1995-03-27,1995-03-26,TAKE BACK RETURN,RAIL,carefully bold dependencies sleep a
24935-1,24935,770,67,1,26.00,43440.02,0.05,0.05,N,O,1998-08-13,1998-10-03,1998-09-05,DELIVER IN PERSON,FOB, fluffily 
24960-1,24960,721,86,1,4.00,6486.88,0.04,0.03,A,F,1995-05-14,1995-03-15,1995-05-19,NONE,RAIL,ng to the ironi
24960-2,24960,654,55,2,47.00,73068.55,0.10,0.06,A,F,1995-04-28,1995-04-01,1995-05-01,DELIVER IN PERSON,SHIP,deposits run. slyly u
24960-3,24960,1728,55,3,13.00,21186.36,0.06,0.00,R,F,1995-02-13,1995-04-28,1995-03-04,TAKE BACK RETURN,REG AIR,s wake carefully ac
24960-4,24960,554,85,4,43.00,62545.65,0.00,0.03,R,F,1995-04-14,1995-03-07,1995-04-23,DELIVER IN PERSON,FOB,y even dependencies. furi
24960-5,24960,972,41,5,25.00,46824.25,0.04,0.02,R,F,1995-05-23,1995-04-28,1995-05-31,TAKE BACK RETURN,REG AIR,hely. blithely special pinto 
24960-6,24960,725,22,6,12.00,19508.64,0.05,0.07,R,F,1995-04-29,1995-03-17,1995-05-16,COLLECT COD,REG AIR,yly regula
24960-7,24960,600,31,7,50.00,75030.00,0.07,0.05,A,F,1995-05-13,1995-04-28,1995-05-26,NONE,SHIP,dencies use. carefully 
24961-1,24961,63,64,1,6.00,5778.36,0.06,0.03,A,F,1993-05-16,1993-03-02,1993-05-17,NONE,RAIL,cies poach among the regul
24961-2,24961,556,87,2,17.00,24761.35,0.06,0.07,R,F,1993-03-06,1993-02-27,1993-03-21,DELIVER IN PERSON,SHIP,er the slyly silent
24962-1,24962,816,17,1,46.00,78973.26,0.08,0.02,N,O,1998-03-05,1998-03-22,1998-03-26,DELIVER IN PERSON,SHIP,onic instruction
24962-2,24962,1579,20,2,3.00,4441.71,0.09,0.04,N,O,1998-04-07,1998-04-25,1998-04-21,DELIVER IN PERSON,SHIP,ously regular packages cajole
24962-3,24962,1471,72,3,13.00,17842.11,0.05,0.04,N,O,1998-04-18,1998-04-15,1998-05-18,DELIVER IN PERSON,FOB,s thrash care
24962-4,24962,74,50,4,3.00,2922.21,0.02,0.02,N,O,1998-02-13,1998-03-14,1998-03-11,NONE,FOB,ttainments. slyly
24962-5,24962,344,29,5,24.00,29864.16,0.04,0.08,N,O,1998-05-14,1998-04-26,1998-05-19,TAKE BACK RETURN,FOB,regular requests cajo
24963-1,24963,703,100,1,41.00,65751.70,0.03,0.07,N,O,1996-02-23,1996-03-20,1996-03-20,COLLECT COD,SHIP, blithely alon
24963-2,24963,24,25,2,30.00,27720.60,0.03,0.02,N,O,1996-02-16,1996-02-23,1996-02-22,COLLECT COD,REG AIR,uickly among the slowly unusual f
24963-3,24963,1360,61,3,20.00,25227.20,0.03,0.05,N,O,1996-03-15,1996-03-18,1996-04-08,NONE,TRUCK,rious deposits are slyly. final
24963-4,24963,1322,61,4,35.00,42816.20,0.02,0.06,N,O,1996-03-04,1996-03-17,1996-03-31,COLLECT COD,REG AIR,xes according to 
24963-5,24963,1769,96,5,20.00,33415.20,0.01,0.08,N,O,1996-01-09,1996-01-28,1996-01-11,TAKE BACK RETURN,AIR,yly regular requests use sl
24963-6,24963,1295,7,6,24.00,28710.96,0.08,0.01,N,O,1996-01-27,1996-02-06,1996-02-16,DELIVER IN PERSON,RAIL,ronic asymptotes affix blit
24964-1,24964,409,10,1,50.00,65470.00,0.03,0.00,A,F,1995-02-17,1995-03-25,1995-03-19,TAKE BACK RETURN,AIR," to the pending, spe"
24964-2,24964,1798,99,2,14.00,23797.06,0.05,0.01,A,F,1995-03-27,1995-02-14,1995-04-15,TAKE BACK RETURN,REG AIR,detect slyly. furiously even warthogs wake
24964-3,24964,657,20,3,30.00,46729.50,0.05,0.01,R,F,1995-01-15,1995-02-13,1995-01-19,NONE,REG AIR,. regular deposits according to
24964-4,24964,319,4,4,28.00,34140.68,0.04,0.03,R,F,1995-02-15,1995-02-09,1995-02-23,COLLECT COD,TRUCK, even requests. re
24964-5,24964,1289,64,5,2.00,2380.56,0.08,0.05,R,F,1995-04-04,1995-03-05,1995-04-16,TAKE BACK RETURN,AIR,gular accounts after the f
24965-1,24965,161,14,1,50.00,53058.00,0.03,0.08,A,F,1995-04-21,1995-06-26,1995-05-09,COLLECT COD,REG AIR,the even accoun
24965-2,24965,1186,59,2,36.00,39138.48,0.06,0.00,N,O,1995-06-22,1995-05-10,1995-07-20,NONE,MAIL,r attainments n
24965-3,24965,1933,66,3,40.00,73397.20,0.00,0.08,R,F,1995-04-08,1995-05-29,1995-04-19,TAKE BACK RETURN,MAIL,ideas. qui
24965-4,24965,771,72,4,17.00,28420.09,0.09,0.04,A,F,1995-05-13,1995-05-01,1995-06-02,NONE,SHIP,ly ironic foxes thrash; quickly spe
24965-5,24965,676,8,5,5.00,7883.35,0.03,0.05,R,F,1995-05-13,1995-06-01,1995-06-01,DELIVER IN PERSON,SHIP,ests integrate qui
24966-1,24966,330,59,1,42.00,51673.86,0.00,0.03,N,O,1996-03-05,1996-03-08,1996-03-10,COLLECT COD,MAIL,y special requests above the quickly e
24966-2,24966,1467,46,2,7.00,9579.22,0.05,0.07,N,O,1996-02-20,1996-01-31,1996-03-14,NONE,MAIL,lithely enticing dependencies. slyly 
24966-3,24966,487,46,3,21.00,29137.08,0.04,0.01,N,O,1996-01-15,1996-02-01,1996-01-18,TAKE BACK RETURN,SHIP,ld theodolites sleep f
24966-4,24966,1790,33,4,1.00,1691.79,0.10,0.05,N,O,1996-01-24,1996-01-31,1996-02-05,TAKE BACK RETURN,RAIL,counts wake furiously about the sometimes 
24966-5,24966,1780,65,5,8.00,13454.24,0.09,0.01,N,O,1996-01-09,1996-03-05,1996-02-05,TAKE BACK RETURN,TRUCK,gle after the slyly ironic accounts.
24966-6,24966,1210,85,6,9.00,10000.89,0.05,0.08,N,O,1996-01-09,1996-02-17,1996-02-01,TAKE BACK RETURN,RAIL,ep furiously final deposits. accounts
24966-7,24966,772,5,7,49.00,81965.73,0.02,0.04,N,O,1996-01-02,1996-02-12,1996-01-23,NONE,REG AIR,ording to the requests unwind
24967-1,24967,766,63,1,23.00,38335.48,0.10,0.03,N,O,1997-06-07,1997-04-19,1997-06-25,COLLECT COD,RAIL,foxes. carefully bold excuses wake above t
24967-2,24967,1700,24,2,16.00,25627.20,0.09,0.05,N,O,1997-06-25,1997-05-05,1997-07-23,TAKE BACK RETURN,TRUCK,ckages: sly
24967-3,24967,1091,62,3,35.00,34723.15,0.07,0.01,N,O,1997-05-27,1997-04-19,1997-06-09,COLLECT COD,AIR,ng packages doze always along the bl
24967-4,24967,1524,5,4,27.00,38489.04,0.09,0.05,N,O,1997-03-22,1997-06-12,1997-04-08,NONE,TRUCK,eposits. pend
24992-1,24992,785,50,1,11.00,18543.58,0.03,0.04,N,O,1998-05-13,1998-06-20,1998-05-18,NONE,MAIL,nusual accounts haggle 
24992-2,24992,59,35,2,5.00,4795.25,0.09,0.02,N,O,1998-06-21,1998-06-19,1998-07-15,NONE,SHIP,lly regular requests. theodolites 
24992-3,24992,54,55,3,37.00,35299.85,0.06,0.08,N,O,1998-03-30,1998-05-07,1998-04-01,NONE,RAIL,y among the furiously unusual deposi
24992-4,24992,1983,72,4,50.00,94249.00,0.04,0.01,N,O,1998-06-29,1998-05-25,1998-07-25,NONE,FOB, deposits affix fl
24993-1,24993,1644,86,1,49.00,75736.36,0.07,0.05,R,F,1993-03-14,1993-05-09,1993-03-26,TAKE BACK RETURN,MAIL,y after the fluffily even
24993-2,24993,1156,57,2,31.00,32771.65,0.04,0.06,R,F,1993-06-30,1993-04-19,1993-07-19,NONE,REG AIR,refully across the express ideas. c
24993-3,24993,40,41,3,19.00,17860.76,0.00,0.07,A,F,1993-04-11,1993-04-28,1993-04-25,TAKE BACK RETURN,REG AIR, ironic accounts. theodolites affix
24993-4,24993,1065,36,4,10.00,9660.60,0.05,0.06,A,F,1993-05-05,1993-05-01,1993-05-06,TAKE BACK RETURN,SHIP,gular asymptotes to t
24994-1,24994,1707,50,1,11.00,17695.70,0.09,0.03,N,O,1998-10-17,1998-09-13,1998-11-12,DELIVER IN PERSON,AIR,"dolites. special, even sheaves are. excuse"
24994-2,24994,799,96,2,20.00,33995.80,0.01,0.04,N,O,1998-10-11,1998-07-31,1998-10-24,COLLECT COD,TRUCK,osits-- carefully pending realms wake sly
24994-3,24994,1264,39,3,33.00,38453.58,0.04,0.00,N,O,1998-08-27,1998-09-12,1998-09-18,DELIVER IN PERSON,AIR,s. special de
24995-1,24995,1855,99,1,9.00,15811.65,0.06,0.05,N,O,1998-03-23,1998-01-24,1998-04-04,COLLECT COD,AIR,uriously regular deposits in
24995-2,24995,265,66,2,44.00,51271.44,0.00,0.02,N,O,1998-03-19,1997-12-30,1998-03-20,NONE,TRUCK,quickly carefully ironic pinto beans. s
24996-1,24996,1888,89,1,17.00,30427.96,0.04,0.08,N,O,1995-11-19,1995-12-07,1995-12-12,COLLECT COD,FOB,ular deposits about the fluffily even depos
24996-2,24996,1689,31,2,50.00,79534.00,0.08,0.03,N,O,1995-10-24,1995-11-29,1995-11-16,COLLECT COD,RAIL,ironic theodolites boost brav
24996-3,24996,1481,21,3,50.00,69124.00,0.02,0.03,N,O,1995-11-11,1995-11-18,1995-11-28,TAKE BACK RETURN,REG AIR,excuses cajole 
24996-4,24996,861,95,4,1.00,1761.86,0.10,0.00,N,O,1995-12-31,1995-12-12,1996-01-29,NONE,MAIL,egular platelets a
24996-5,24996,949,50,5,43.00,79547.42,0.06,0.06,N,O,1996-01-02,1995-11-14,1996-01-29,NONE,TRUCK,efully express accounts was carefully i
24996-6,24996,48,99,6,13.00,12324.52,0.10,0.05,N,O,1995-10-08,1995-12-22,1995-10-17,COLLECT COD,FOB,he fluffily
24997-1,24997,559,20,1,44.00,64220.20,0.01,0.00,N,O,1998-10-06,1998-08-19,1998-10-14,DELIVER IN PERSON,AIR,uriously regular theodolites. furi
24997-2,24997,1492,32,2,48.00,66887.52,0.08,0.01,N,O,1998-09-06,1998-09-22,1998-09-25,TAKE BACK RETURN,MAIL,ickly. regularly
24997-3,24997,535,96,3,34.00,48808.02,0.05,0.06,N,O,1998-07-26,1998-09-24,1998-08-03,TAKE BACK RETURN,SHIP,e furiously ironic deposits. carefully pe
24998-1,24998,1549,90,1,12.00,17406.48,0.03,0.00,N,O,1996-10-02,1996-09-04,1996-10-08,TAKE BACK RETURN,TRUCK,onic instructions. r
24998-2,24998,1063,69,2,40.00,38562.40,0.06,0.03,N,O,1996-11-02,1996-08-18,1996-12-01,TAKE BACK RETURN,FOB,across the quickly busy packa
24998-3,24998,212,13,3,45.00,50049.45,0.09,0.06,N,O,1996-09-01,1996-09-04,1996-09-03,NONE,SHIP, was slyly quick
24998-4,24998,1785,86,4,19.00,32048.82,0.08,0.02,N,O,1996-10-05,1996-10-04,1996-10-10,TAKE BACK RETURN,RAIL, cajole. ironic foxes affix slyly along
24999-1,24999,1089,60,1,44.00,43563.52,0.09,0.01,N,O,1997-04-16,1997-05-13,1997-04-23,DELIVER IN PERSON,TRUCK,egular packages cajole car
25024-1,25024,1358,97,1,16.00,20149.60,0.04,0.04,N,O,1997-10-28,1997-10-03,1997-11-21,DELIVER IN PERSON,TRUCK,. slyly final courts boost about the q
25025-1,25025,1082,88,1,20.00,19661.60,0.07,0.00,N,O,1996-12-03,1996-12-02,1996-12-14,TAKE BACK RETURN,SHIP,y regular acco
25026-1,25026,1498,77,1,28.00,39185.72,0.05,0.07,N,O,1996-11-11,1996-11-20,1996-11-26,TAKE BACK RETURN,MAIL,tructions at the carefully 
25026-2,25026,845,45,2,46.00,80308.64,0.07,0.03,N,O,1996-12-27,1996-11-04,1997-01-13,COLLECT COD,RAIL,"n, even notornis believe blithely. bl"
25026-3,25026,1744,45,3,20.00,32914.80,0.01,0.00,N,O,1996-10-11,1996-11-16,1996-11-08,TAKE BACK RETURN,AIR,carefully special accounts
25027-1,25027,1683,84,1,32.00,50709.76,0.03,0.06,A,F,1995-01-17,1995-02-26,1995-01-28,COLLECT COD,AIR,es are around the express instr
25027-2,25027,1671,95,2,37.00,58188.79,0.07,0.00,A,F,1995-03-25,1995-03-07,1995-04-13,TAKE BACK RETURN,SHIP,y final courts sleep fluffily ironic accou
25027-3,25027,812,13,3,26.00,44533.06,0.10,0.00,A,F,1995-01-05,1995-03-06,1995-01-24,DELIVER IN PERSON,SHIP,heodolites sleep carefull
25027-4,25027,79,55,4,20.00,19581.40,0.02,0.05,R,F,1995-01-17,1995-02-20,1995-01-28,TAKE BACK RETURN,REG AIR, along the final requests nag ca
25028-1,25028,1233,45,1,19.00,21550.37,0.09,0.08,A,F,1995-03-05,1995-03-02,1995-03-23,TAKE BACK RETURN,SHIP,ake blithely. carefully un
25028-2,25028,1575,56,2,29.00,42820.53,0.07,0.01,R,F,1995-01-20,1995-03-18,1995-02-15,DELIVER IN PERSON,FOB, accounts. blithely regular accounts caj
25028-3,25028,1811,12,3,15.00,25692.15,0.08,0.06,A,F,1995-02-11,1995-03-23,1995-02-13,DELIVER IN PERSON,SHIP,sily unusua
25028-4,25028,818,19,4,40.00,68752.40,0.07,0.02,R,F,1995-01-26,1995-03-18,1995-02-23,TAKE BACK RETURN,RAIL,"pending, ironic deposits ha"
25028-5,25028,1587,88,5,4.00,5954.32,0.04,0.08,R,F,1995-02-21,1995-03-12,1995-03-14,NONE,FOB,the blithely bold theodo
25029-1,25029,1920,21,1,31.00,56479.52,0.00,0.04,N,O,1997-12-07,1998-02-02,1997-12-23,COLLECT COD,TRUCK, after the furiously unusual reque
25029-2,25029,30,31,2,12.00,11160.36,0.08,0.04,N,O,1998-02-09,1998-01-18,1998-02-22,COLLECT COD,AIR,quests wake quickly along the sp
25030-1,25030,1966,55,1,3.00,5603.88,0.07,0.04,N,O,1998-10-12,1998-09-29,1998-10-31,TAKE BACK RETURN,TRUCK,ccounts. regul
25030-2,25030,206,34,2,14.00,15486.80,0.06,0.04,N,O,1998-08-04,1998-08-19,1998-08-14,TAKE BACK RETURN,RAIL,luffily regular accounts 
25030-3,25030,929,64,3,4.00,7319.68,0.05,0.04,N,O,1998-10-24,1998-09-26,1998-10-29,DELIVER IN PERSON,AIR,ngside of the slyly ironic packages. blith
25030-4,25030,1383,22,4,13.00,16696.94,0.05,0.00,N,O,1998-11-10,1998-09-29,1998-11-28,DELIVER IN PERSON,MAIL,yly final pin
25030-5,25030,1841,28,5,11.00,19171.24,0.05,0.02,N,O,1998-10-04,1998-09-29,1998-10-14,DELIVER IN PERSON,RAIL,lyly slyly pending accounts. ironic r
25031-1,25031,1119,20,1,36.00,36723.96,0.05,0.01,R,F,1994-12-06,1994-10-10,1995-01-03,NONE,REG AIR, final packages. blithel
25031-2,25031,1296,34,2,46.00,55075.34,0.02,0.05,A,F,1994-10-23,1994-11-18,1994-11-20,NONE,TRUCK,". even packages cajole. regular, "
25031-3,25031,1897,84,3,10.00,17988.90,0.08,0.00,R,F,1994-11-01,1994-10-14,1994-11-10,COLLECT COD,TRUCK,ully bold asymptotes cajole blit
25031-4,25031,110,37,4,2.00,2020.22,0.03,0.04,R,F,1994-12-15,1994-11-17,1994-12-21,DELIVER IN PERSON,SHIP,encies. fluffily unusual packages 
25031-5,25031,1237,75,5,12.00,13658.76,0.08,0.04,A,F,1994-10-02,1994-11-18,1994-10-10,TAKE BACK RETURN,MAIL,deas boost carefully slyly reg
25031-6,25031,1929,62,6,17.00,31125.64,0.02,0.06,A,F,1994-09-30,1994-10-05,1994-10-28,TAKE BACK RETURN,SHIP,s! unusual requests nag carefully. qu
25031-7,25031,326,83,7,14.00,17168.48,0.00,0.07,A,F,1994-09-23,1994-11-07,1994-10-12,NONE,MAIL,g accounts cajole carefully unusual 
25056-1,25056,1152,61,1,13.00,13690.95,0.09,0.02,A,F,1993-12-15,1993-12-20,1993-12-30,DELIVER IN PERSON,SHIP,"lets across the regular, bol"
25056-2,25056,985,54,2,21.00,39605.58,0.04,0.07,A,F,1994-01-03,1993-12-10,1994-01-17,COLLECT COD,SHIP,ly instructions! care
25056-3,25056,288,16,3,14.00,16635.92,0.09,0.01,A,F,1993-10-22,1993-11-29,1993-11-13,TAKE BACK RETURN,TRUCK,ironic requests wake alongside 
25056-4,25056,666,67,4,3.00,4699.98,0.06,0.04,A,F,1993-10-20,1993-10-30,1993-11-11,COLLECT COD,FOB,print furiously ironic r
25056-5,25056,31,32,5,36.00,33517.08,0.05,0.07,A,F,1993-10-02,1993-10-31,1993-10-03,TAKE BACK RETURN,RAIL,"ular, even accounts caj"
25057-1,25057,1465,83,1,13.00,17763.98,0.07,0.04,N,O,1998-05-09,1998-06-05,1998-05-27,DELIVER IN PERSON,MAIL,luffily silent p
25058-1,25058,991,26,1,2.00,3783.98,0.02,0.05,R,F,1995-05-18,1995-07-13,1995-06-08,COLLECT COD,FOB,refully regular requests-- silently 
25058-2,25058,1003,4,2,8.00,7232.00,0.07,0.04,N,O,1995-07-18,1995-06-12,1995-08-03,DELIVER IN PERSON,SHIP,efully fluffily regular packages. 
25058-3,25058,240,41,3,3.00,3420.72,0.07,0.01,A,F,1995-05-20,1995-07-29,1995-06-08,COLLECT COD,SHIP,p above the slyly ironic theodolites. un
25058-4,25058,1865,9,4,28.00,49472.08,0.05,0.05,N,O,1995-09-03,1995-06-15,1995-09-13,DELIVER IN PERSON,MAIL,ly foxes. 
25059-1,25059,1182,83,1,5.00,5415.90,0.03,0.06,N,O,1998-01-12,1997-12-26,1998-01-29,NONE,REG AIR,"nusual, ironic deposits"
25059-2,25059,1369,70,2,3.00,3811.08,0.10,0.08,N,O,1997-12-10,1998-01-08,1998-01-05,DELIVER IN PERSON,SHIP, foxes kindle. quickl
25060-1,25060,68,19,1,21.00,20329.26,0.04,0.08,A,F,1994-11-19,1994-09-06,1994-12-19,DELIVER IN PERSON,MAIL,nstructions engage
25060-2,25060,1086,57,2,33.00,32573.64,0.08,0.06,R,F,1994-10-06,1994-09-07,1994-10-27,DELIVER IN PERSON,RAIL,s use blithely ironic instructi
25060-3,25060,792,25,3,21.00,35548.59,0.01,0.00,A,F,1994-11-08,1994-10-12,1994-12-07,DELIVER IN PERSON,MAIL,quests play 
25060-4,25060,1109,46,4,9.00,9090.90,0.06,0.04,A,F,1994-08-17,1994-08-21,1994-09-11,DELIVER IN PERSON,AIR, the sentiments. regular depo
25060-5,25060,1176,85,5,39.00,42009.63,0.10,0.03,A,F,1994-11-06,1994-09-02,1994-11-26,TAKE BACK RETURN,SHIP,the slyly final gifts. furiously expres
25060-6,25060,1839,40,6,17.00,29594.11,0.01,0.04,R,F,1994-09-30,1994-10-02,1994-10-23,DELIVER IN PERSON,MAIL,"p. ironic, sp"
25060-7,25060,614,8,7,21.00,31806.81,0.02,0.06,R,F,1994-09-13,1994-08-31,1994-09-29,TAKE BACK RETURN,MAIL,regular requests 
25061-1,25061,1331,70,1,4.00,4929.32,0.10,0.00,N,O,1996-04-16,1996-01-26,1996-05-08,COLLECT COD,SHIP,"s final, regular t"
25061-2,25061,1727,70,2,22.00,35831.84,0.04,0.03,N,O,1996-02-03,1996-03-14,1996-02-19,NONE,SHIP,xcuses. bli
25061-3,25061,736,33,3,1.00,1636.73,0.05,0.05,N,O,1996-03-19,1996-03-16,1996-04-15,COLLECT COD,TRUCK,s! quickly regular excuses cajole sl
25061-4,25061,579,70,4,21.00,31070.97,0.06,0.06,N,O,1995-12-31,1996-01-20,1996-01-28,DELIVER IN PERSON,FOB,refully even requests are furiously. sl
25061-5,25061,1920,65,5,22.00,40082.24,0.00,0.01,N,O,1996-02-27,1996-03-09,1996-03-05,TAKE BACK RETURN,RAIL, pinto beans cajole a
25061-6,25061,1992,25,6,26.00,49243.74,0.01,0.03,N,O,1995-12-21,1996-01-23,1996-01-11,COLLECT COD,TRUCK,heodolites haggle sly
25061-7,25061,854,21,7,14.00,24567.90,0.06,0.06,N,O,1996-03-04,1996-02-20,1996-03-28,COLLECT COD,MAIL,cross the blithely final de
25062-1,25062,524,55,1,29.00,41311.08,0.01,0.08,A,F,1994-01-03,1993-12-07,1994-01-16,COLLECT COD,TRUCK,ckages sleep fluffily. quiet accounts w
25062-2,25062,1649,50,2,7.00,10854.48,0.06,0.00,A,F,1994-03-01,1994-01-13,1994-03-13,TAKE BACK RETURN,AIR,en sentiments cajole slyly. depo
25062-3,25062,1730,57,3,30.00,48951.90,0.08,0.05,A,F,1994-02-27,1994-01-02,1994-03-03,TAKE BACK RETURN,MAIL,ntly ironic packages haggle carefully bold
25063-1,25063,137,38,1,39.00,40448.07,0.09,0.03,A,F,1994-07-07,1994-08-29,1994-07-14,NONE,AIR,phins. furiously bold accou
25088-1,25088,515,76,1,22.00,31141.22,0.10,0.00,N,O,1998-07-01,1998-09-07,1998-07-03,NONE,SHIP,e packages. carefully pending 
25088-2,25088,807,74,2,26.00,44402.80,0.05,0.00,N,O,1998-10-14,1998-08-17,1998-10-23,COLLECT COD,TRUCK,furiously about the slyly f
25088-3,25088,728,93,3,32.00,52119.04,0.05,0.00,N,O,1998-06-23,1998-07-24,1998-07-20,DELIVER IN PERSON,SHIP,nd the furiously express theodolit
25088-4,25088,855,56,4,24.00,42140.40,0.08,0.05,N,O,1998-06-24,1998-08-28,1998-07-21,NONE,SHIP,dencies are carefully
25089-1,25089,1396,73,1,40.00,51895.60,0.07,0.08,N,O,1998-09-13,1998-09-25,1998-10-10,TAKE BACK RETURN,SHIP,"e slyly slyly special deposits. close, e"
25089-2,25089,121,100,2,38.00,38802.56,0.07,0.04,N,O,1998-11-08,1998-09-18,1998-11-20,NONE,SHIP, use along the final r
25090-1,25090,1606,48,1,40.00,60304.00,0.01,0.02,R,F,1993-08-08,1993-08-05,1993-08-24,NONE,MAIL,instructions can haggle accordin
25090-2,25090,1558,99,2,12.00,17514.60,0.04,0.02,R,F,1993-07-14,1993-07-24,1993-07-29,TAKE BACK RETURN,FOB,. slyly even req
25090-3,25090,1142,43,3,37.00,38596.18,0.09,0.02,R,F,1993-09-09,1993-07-06,1993-09-10,TAKE BACK RETURN,AIR,p after the
25091-1,25091,116,43,1,8.00,8128.88,0.03,0.02,R,F,1993-03-04,1993-05-19,1993-03-06,DELIVER IN PERSON,RAIL,"special, brave deposits. blithely"
25091-2,25091,1754,55,2,36.00,59607.00,0.02,0.02,R,F,1993-03-11,1993-04-17,1993-04-06,NONE,RAIL,y even packages. platelet
25092-1,25092,1816,46,1,47.00,80737.07,0.10,0.00,R,F,1994-02-19,1994-01-02,1994-02-20,TAKE BACK RETURN,SHIP, express warthogs. express deposits are
25092-2,25092,431,19,2,23.00,30622.89,0.06,0.06,R,F,1994-03-15,1994-01-10,1994-04-11,NONE,FOB,orges affix above the blithe
25092-3,25092,1160,61,3,10.00,10611.60,0.00,0.06,A,F,1994-01-07,1994-01-29,1994-01-19,DELIVER IN PERSON,RAIL,ments do cajole carefully carefully close
25092-4,25092,343,28,4,31.00,38543.54,0.03,0.03,A,F,1994-03-03,1994-01-03,1994-03-05,NONE,REG AIR,nal foxes sleep. carefully bold ideas al
25092-5,25092,341,98,5,26.00,32274.84,0.00,0.05,A,F,1994-03-04,1994-02-22,1994-03-24,TAKE BACK RETURN,MAIL,e slyly express acc
25092-6,25092,1798,83,6,16.00,27196.64,0.03,0.02,A,F,1994-01-04,1994-01-18,1994-01-28,DELIVER IN PERSON,FOB,. express pinto beans maintain final accoun
25092-7,25092,68,69,7,22.00,21297.32,0.10,0.05,R,F,1993-12-14,1994-02-16,1993-12-17,NONE,SHIP,osits eat ironically. carefully silent cou
25093-1,25093,795,60,1,19.00,32220.01,0.06,0.00,R,F,1993-01-04,1992-12-01,1993-01-13,TAKE BACK RETURN,REG AIR,counts detect; u
25093-2,25093,1682,24,2,13.00,20587.84,0.09,0.00,A,F,1992-11-19,1993-01-12,1992-12-13,TAKE BACK RETURN,REG AIR,nst the carefully final 
25093-3,25093,1431,71,3,48.00,63956.64,0.01,0.02,A,F,1993-01-22,1992-12-02,1993-02-14,DELIVER IN PERSON,FOB,eposits. deposits caj
25093-4,25093,282,10,4,46.00,54384.88,0.03,0.00,R,F,1992-12-30,1992-12-27,1993-01-08,TAKE BACK RETURN,TRUCK,sly special deposits integrate. quie
25094-1,25094,24,75,1,1.00,924.02,0.04,0.04,A,F,1994-06-14,1994-07-01,1994-06-29,DELIVER IN PERSON,REG AIR,about the 
25094-2,25094,678,72,2,26.00,41045.42,0.04,0.07,R,F,1994-05-24,1994-06-11,1994-06-09,DELIVER IN PERSON,SHIP,s wake. slyly regular account
25095-1,25095,1428,68,1,15.00,19941.30,0.10,0.01,A,F,1995-05-20,1995-04-02,1995-06-05,DELIVER IN PERSON,FOB,xes cajole slyly after the special re
25095-2,25095,484,43,2,49.00,67839.52,0.01,0.05,A,F,1995-04-01,1995-03-21,1995-04-20,TAKE BACK RETURN,RAIL," final, exp"
25095-3,25095,854,55,3,17.00,29832.45,0.03,0.06,R,F,1995-03-06,1995-04-19,1995-03-17,NONE,MAIL,ously ironic waters wake. even depende
25095-4,25095,1744,87,4,47.00,77349.78,0.03,0.08,A,F,1995-02-23,1995-04-03,1995-03-07,DELIVER IN PERSON,RAIL, blithely furiously final accounts
25095-5,25095,1480,81,5,43.00,59403.64,0.07,0.01,A,F,1995-03-24,1995-02-28,1995-04-16,NONE,REG AIR,instructions bo
25095-6,25095,52,3,6,22.00,20945.10,0.06,0.02,A,F,1995-03-16,1995-03-14,1995-04-04,COLLECT COD,AIR,tornis sleep ca
25120-1,25120,97,73,1,50.00,49854.50,0.06,0.01,A,F,1994-06-02,1994-05-02,1994-06-29,TAKE BACK RETURN,SHIP,ld pinto beans use. quickly
25120-2,25120,370,27,2,43.00,54625.91,0.08,0.03,A,F,1994-04-20,1994-04-13,1994-04-27,DELIVER IN PERSON,SHIP,iously even inst
25120-3,25120,1115,88,3,24.00,24386.64,0.10,0.07,R,F,1994-03-27,1994-04-05,1994-04-19,COLLECT COD,SHIP,tions sleep quickly. quickl
25120-4,25120,1024,25,4,9.00,8325.18,0.00,0.04,R,F,1994-03-30,1994-05-04,1994-04-07,TAKE BACK RETURN,RAIL,ar excuses shall wake. pin
25120-5,25120,8,59,5,47.00,42676.00,0.10,0.04,A,F,1994-05-30,1994-04-05,1994-06-08,DELIVER IN PERSON,SHIP,lly dogged platelets cajole. sentiments int
25121-1,25121,1795,22,1,23.00,39026.17,0.05,0.04,R,F,1993-11-25,1993-12-18,1993-12-14,DELIVER IN PERSON,MAIL,"lyly. regular,"
25121-2,25121,241,42,2,23.00,26248.52,0.02,0.06,A,F,1994-02-06,1994-02-01,1994-02-23,TAKE BACK RETURN,TRUCK, unusual ideas. slyly unusual d
25121-3,25121,1948,37,3,8.00,14799.52,0.09,0.04,R,F,1994-03-10,1994-02-13,1994-04-02,NONE,AIR,", final pla"
25122-1,25122,1963,96,1,4.00,7459.84,0.01,0.05,N,O,1998-07-23,1998-08-10,1998-08-08,COLLECT COD,SHIP,s. requests above the regular real
25122-2,25122,1030,36,2,29.00,26999.87,0.10,0.03,N,O,1998-10-02,1998-09-09,1998-10-21,TAKE BACK RETURN,AIR, do sleep across the 
25122-3,25122,1653,54,3,26.00,40420.90,0.01,0.04,N,O,1998-08-06,1998-09-29,1998-08-22,NONE,RAIL,sual requests cajole slyly f
25123-1,25123,859,26,1,22.00,38716.70,0.04,0.07,R,F,1992-11-23,1992-12-19,1992-11-24,DELIVER IN PERSON,FOB,s cajole accordin
25123-2,25123,1889,33,2,9.00,16117.92,0.08,0.08,A,F,1992-12-15,1992-11-09,1993-01-14,DELIVER IN PERSON,SHIP,blithely iron
25124-1,25124,136,63,1,16.00,16578.08,0.01,0.01,N,O,1998-01-05,1998-01-23,1998-01-26,TAKE BACK RETURN,SHIP,efully final packages boost. furio
25124-2,25124,286,68,2,46.00,54568.88,0.04,0.03,N,O,1998-01-11,1998-02-26,1998-02-06,TAKE BACK RETURN,FOB,uickly final
25124-3,25124,1282,83,3,10.00,11832.80,0.00,0.03,N,O,1998-02-17,1998-01-20,1998-03-10,DELIVER IN PERSON,SHIP,deposits boost quickly slyly special depos
25124-4,25124,1472,73,4,48.00,65926.56,0.09,0.07,N,O,1997-12-29,1998-02-06,1998-01-19,NONE,TRUCK,uriously ironic instructions x-ray slyly a
25124-5,25124,1556,37,5,27.00,39353.85,0.00,0.05,N,O,1998-02-11,1998-02-27,1998-03-13,DELIVER IN PERSON,MAIL,efully unusual instructions. blith
25124-6,25124,1611,53,6,42.00,63529.62,0.07,0.01,N,O,1997-12-27,1998-02-28,1998-01-10,COLLECT COD,AIR,"its do use slyly around the regular, b"
25125-1,25125,793,90,1,11.00,18631.69,0.09,0.01,N,O,1997-10-12,1997-11-10,1997-10-18,NONE,RAIL,g the final escapades. slyly express accou
25125-2,25125,1165,74,2,17.00,18124.72,0.03,0.03,N,O,1997-12-20,1997-10-03,1997-12-26,DELIVER IN PERSON,FOB,ons sleep furiously ironic
25125-3,25125,1132,41,3,40.00,41325.20,0.03,0.00,N,O,1997-12-26,1997-11-21,1998-01-22,TAKE BACK RETURN,FOB,sly above the 
25125-4,25125,1162,35,4,25.00,26579.00,0.04,0.04,N,O,1997-12-23,1997-11-08,1998-01-08,DELIVER IN PERSON,SHIP,requests unwind s
25125-5,25125,1838,82,5,7.00,12178.81,0.05,0.01,N,O,1997-09-24,1997-11-16,1997-10-01,NONE,AIR,odolites boost through the requests. 
25126-1,25126,740,5,1,38.00,62348.12,0.06,0.01,R,F,1993-04-02,1993-01-24,1993-04-18,NONE,SHIP,"ly special, bold theodolites."
25126-2,25126,1285,97,2,16.00,18980.48,0.04,0.08,R,F,1993-03-24,1993-03-04,1993-04-11,NONE,FOB,olphins boost fluffily
25126-3,25126,1306,83,3,36.00,43462.80,0.09,0.00,A,F,1993-03-17,1993-01-28,1993-04-16,COLLECT COD,REG AIR,s cajole furiously according 
25126-4,25126,371,28,4,12.00,15256.44,0.05,0.00,R,F,1993-03-01,1993-02-22,1993-03-15,NONE,REG AIR,its boost furiou
25126-5,25126,1742,43,5,28.00,46024.72,0.04,0.03,A,F,1993-03-01,1993-01-26,1993-03-17,NONE,FOB,riously regular requests. carefully
25126-6,25126,776,9,6,48.00,80484.96,0.05,0.00,A,F,1993-02-28,1993-03-02,1993-03-02,COLLECT COD,FOB,cuses haggle carefully. carefully regular a
25126-7,25126,1670,53,7,27.00,42435.09,0.10,0.06,R,F,1993-02-13,1993-02-28,1993-03-15,COLLECT COD,RAIL,ructions haggle. furiously unusual theod
25127-1,25127,1712,97,1,8.00,12909.68,0.08,0.06,N,O,1996-08-03,1996-10-02,1996-08-14,TAKE BACK RETURN,MAIL,y according to the quick p
25127-2,25127,1562,43,2,30.00,43906.80,0.06,0.08,N,O,1996-10-07,1996-08-21,1996-10-30,COLLECT COD,MAIL,ely bold pinto 
25127-3,25127,1019,90,3,39.00,35880.39,0.02,0.02,N,O,1996-10-30,1996-10-07,1996-11-02,DELIVER IN PERSON,FOB,dependencies according to the requests dete
25127-4,25127,454,84,4,33.00,44696.85,0.00,0.00,N,O,1996-09-22,1996-08-16,1996-10-05,NONE,AIR,jole furiously. pending grouc
25127-5,25127,236,37,5,25.00,28405.75,0.03,0.07,N,O,1996-09-03,1996-08-26,1996-09-09,TAKE BACK RETURN,REG AIR,blithely regular theodolites.
25152-1,25152,902,5,1,5.00,9014.50,0.10,0.04,R,F,1992-12-18,1992-12-07,1992-12-20,NONE,AIR,carefully across 
25152-2,25152,1630,31,2,6.00,9189.78,0.05,0.01,R,F,1992-12-05,1992-11-23,1992-12-18,COLLECT COD,AIR,y even hockey players wake quickly 
25152-3,25152,873,74,3,41.00,72728.67,0.02,0.02,A,F,1992-11-05,1993-01-13,1992-12-05,DELIVER IN PERSON,TRUCK,y special 
25152-4,25152,1357,58,4,46.00,57884.10,0.10,0.08,R,F,1992-12-04,1992-12-13,1992-12-09,COLLECT COD,AIR,e the final
25153-1,25153,434,22,1,23.00,30691.89,0.04,0.07,N,O,1998-03-30,1998-03-12,1998-04-10,TAKE BACK RETURN,MAIL,must lose furiously. blithely even
25154-1,25154,1841,28,1,47.00,81913.48,0.03,0.03,R,F,1993-09-14,1993-10-14,1993-10-08,COLLECT COD,TRUCK,ckages. carefully ironic
25154-2,25154,1785,28,2,22.00,37109.16,0.01,0.03,A,F,1993-09-05,1993-11-06,1993-09-25,COLLECT COD,AIR,requests haggle caref
25154-3,25154,125,26,3,7.00,7175.84,0.03,0.08,A,F,1993-12-03,1993-10-11,1993-12-25,NONE,SHIP,ular grouches cajole carefully even dolp
25155-1,25155,1865,9,1,37.00,65373.82,0.01,0.06,A,F,1993-04-01,1993-03-18,1993-04-07,TAKE BACK RETURN,RAIL,c foxes. carefully si
25155-2,25155,1649,91,2,37.00,57373.68,0.01,0.02,R,F,1993-02-03,1993-03-24,1993-02-24,TAKE BACK RETURN,REG AIR,fully. carefu
25155-3,25155,252,53,3,45.00,51851.25,0.02,0.00,A,F,1993-03-01,1993-04-18,1993-03-06,NONE,FOB,ometimes special foxes. furiou
25155-4,25155,534,25,4,40.00,57381.20,0.08,0.00,A,F,1993-04-08,1993-04-20,1993-04-27,TAKE BACK RETURN,MAIL,tructions. even theodolites sleep
25155-5,25155,322,51,5,3.00,3666.96,0.03,0.03,R,F,1993-05-22,1993-02-26,1993-06-09,DELIVER IN PERSON,RAIL,ng to the ex
25155-6,25155,619,51,6,42.00,63823.62,0.08,0.07,R,F,1993-02-26,1993-02-21,1993-03-04,COLLECT COD,FOB,r pinto beans. furiously regul
25155-7,25155,1022,23,7,32.00,29536.64,0.08,0.04,R,F,1993-04-30,1993-03-03,1993-05-28,COLLECT COD,MAIL,. blithely regular theo
25156-1,25156,526,87,1,37.00,52781.24,0.06,0.01,N,O,1996-03-07,1996-04-14,1996-04-04,COLLECT COD,MAIL,packages sleep slyly caref
25156-2,25156,1876,6,2,46.00,81782.02,0.10,0.07,N,O,1996-05-16,1996-05-12,1996-06-14,NONE,AIR, deposits cajole carefully afte
25156-3,25156,1321,98,3,4.00,4889.28,0.05,0.01,N,O,1996-03-11,1996-05-21,1996-03-27,DELIVER IN PERSON,REG AIR,ly about the ironic excuses. slyly fi
25156-4,25156,155,56,4,17.00,17937.55,0.00,0.06,N,O,1996-03-20,1996-04-08,1996-04-14,COLLECT COD,MAIL,of the express foxes.
25156-5,25156,742,43,5,15.00,24641.10,0.05,0.07,N,O,1996-05-08,1996-04-26,1996-05-24,NONE,FOB,ep. fluffily final packag
25156-6,25156,1815,16,6,43.00,73822.83,0.02,0.06,N,O,1996-06-19,1996-05-06,1996-06-27,COLLECT COD,RAIL,s use fluffily. carefully e
25157-1,25157,1594,15,1,26.00,38885.34,0.10,0.02,R,F,1993-08-13,1993-08-12,1993-08-31,NONE,SHIP,arhorses! slyly
25157-2,25157,421,80,2,44.00,58142.48,0.06,0.00,R,F,1993-07-07,1993-08-02,1993-07-08,COLLECT COD,FOB,"cial deposits. even, even"
25157-3,25157,85,11,3,25.00,24627.00,0.02,0.05,R,F,1993-05-31,1993-07-08,1993-06-24,NONE,TRUCK,egularly ironic depo
25157-4,25157,561,52,4,34.00,49693.04,0.06,0.08,A,F,1993-07-01,1993-08-21,1993-07-25,DELIVER IN PERSON,REG AIR,e of the quickly iro
25158-1,25158,1105,14,1,26.00,26158.60,0.09,0.05,N,O,1996-09-22,1996-09-30,1996-10-18,COLLECT COD,RAIL,jole carefully
25158-2,25158,260,61,2,50.00,58013.00,0.09,0.03,N,O,1996-10-22,1996-10-17,1996-11-21,TAKE BACK RETURN,AIR,rly regular requests nag slyly unusual dol
25158-3,25158,1211,23,3,50.00,55610.50,0.03,0.00,N,O,1996-09-22,1996-10-07,1996-10-18,NONE,REG AIR,al ideas nag furiously blithe
25158-4,25158,1855,99,4,9.00,15811.65,0.10,0.00,N,O,1996-10-23,1996-10-10,1996-11-19,TAKE BACK RETURN,AIR,requests. furiously pending packag
25159-1,25159,745,78,1,4.00,6582.96,0.00,0.03,N,O,1996-05-02,1996-05-30,1996-05-19,DELIVER IN PERSON,AIR,"osits haggle blithely regular, reg"
25159-2,25159,1414,93,2,22.00,28939.02,0.00,0.00,N,O,1996-06-25,1996-05-24,1996-07-24,TAKE BACK RETURN,SHIP,ages nag furiously ironic soma
25159-3,25159,139,18,3,8.00,8313.04,0.03,0.03,N,O,1996-06-21,1996-05-03,1996-06-30,NONE,AIR,to beans cajole alongside of the s
25159-4,25159,1919,64,4,20.00,36418.20,0.04,0.06,N,O,1996-04-04,1996-05-04,1996-04-11,NONE,FOB,"ons nag alongside of the regular, ironic"
25159-5,25159,609,41,5,4.00,6038.40,0.07,0.07,N,O,1996-05-22,1996-05-24,1996-06-03,TAKE BACK RETURN,AIR,e of the permanent packages
25159-6,25159,93,19,6,43.00,42702.87,0.04,0.04,N,O,1996-04-06,1996-04-29,1996-05-05,TAKE BACK RETURN,RAIL,iously according to the depos
25184-1,25184,1525,26,1,29.00,41369.08,0.00,0.02,R,F,1995-06-04,1995-04-02,1995-06-11,TAKE BACK RETURN,AIR, express ideas
25184-2,25184,1055,56,2,47.00,44934.35,0.10,0.03,A,F,1995-04-25,1995-04-09,1995-05-24,TAKE BACK RETURN,TRUCK,ts sleep carefully bold i
25185-1,25185,840,41,1,16.00,27853.44,0.02,0.07,A,F,1993-06-20,1993-08-20,1993-07-19,TAKE BACK RETURN,TRUCK,"lent, regular packages. special de"
25186-1,25186,1913,46,1,12.00,21778.92,0.06,0.05,N,O,1996-11-21,1996-12-01,1996-12-15,TAKE BACK RETURN,SHIP,uriously express sauternes at the slow
25186-2,25186,709,10,2,29.00,46681.30,0.01,0.02,N,O,1997-01-10,1996-12-02,1997-02-03,COLLECT COD,AIR,ies. carefully final deposits print-- fu
25186-3,25186,1707,50,3,39.00,62739.30,0.05,0.07,N,O,1996-11-02,1997-01-16,1996-11-16,DELIVER IN PERSON,SHIP,s haggle fluffily. car
25187-1,25187,1406,46,1,7.00,9151.80,0.05,0.08,N,O,1997-04-15,1997-03-26,1997-04-21,COLLECT COD,AIR,s. fluffily even deposits cajole car
25187-2,25187,1043,14,2,31.00,29265.24,0.00,0.00,N,O,1997-05-30,1997-04-13,1997-06-13,DELIVER IN PERSON,FOB,y thin accounts. special packages cajole. b
25188-1,25188,60,11,1,43.00,41282.58,0.08,0.04,A,F,1995-04-16,1995-02-12,1995-04-17,COLLECT COD,FOB,"e pending excuses! quiet, even wate"
25188-2,25188,1995,96,2,38.00,72085.62,0.01,0.07,R,F,1995-04-28,1995-02-07,1995-05-16,TAKE BACK RETURN,SHIP,lites haggle among the f
25188-3,25188,1161,34,3,36.00,38237.76,0.08,0.00,R,F,1995-04-18,1995-03-12,1995-05-06,TAKE BACK RETURN,RAIL," thrash after the special, regular plate"
25189-1,25189,495,96,1,39.00,54424.11,0.09,0.05,R,F,1994-01-13,1994-01-23,1994-01-23,TAKE BACK RETURN,REG AIR,n deposits cajole
25189-2,25189,696,28,2,50.00,79834.50,0.04,0.01,A,F,1993-12-06,1994-01-06,1994-01-03,TAKE BACK RETURN,FOB,ual packages w
25189-3,25189,1272,10,3,30.00,35198.10,0.09,0.00,R,F,1993-12-28,1993-12-19,1994-01-24,DELIVER IN PERSON,SHIP,usly. regular accounts haggle cl
25190-1,25190,1687,70,1,24.00,38128.32,0.07,0.02,N,O,1997-12-19,1998-01-15,1998-01-11,TAKE BACK RETURN,RAIL,lyly final deposits lose ca
25190-2,25190,194,21,2,12.00,13130.28,0.07,0.07,N,O,1998-02-24,1998-03-02,1998-03-21,DELIVER IN PERSON,SHIP,structions. fi
25190-3,25190,49,75,3,34.00,32267.36,0.10,0.06,N,O,1997-12-16,1998-02-24,1998-01-12,DELIVER IN PERSON,FOB,"ously. ironic, regular warh"
25190-4,25190,724,89,4,5.00,8123.60,0.00,0.07,N,O,1998-01-09,1998-02-20,1998-01-12,NONE,MAIL,thely express dep
25190-5,25190,348,49,5,30.00,37450.20,0.06,0.01,N,O,1998-01-03,1998-02-17,1998-01-12,DELIVER IN PERSON,SHIP,"pending, even requests. daring theodolite"
25191-1,25191,180,59,1,50.00,54009.00,0.08,0.06,A,F,1995-04-12,1995-05-03,1995-05-10,TAKE BACK RETURN,SHIP, instructions haggle carefully c
25191-2,25191,114,41,2,29.00,29409.19,0.06,0.04,A,F,1995-04-13,1995-06-07,1995-04-16,COLLECT COD,AIR, regular packages. b
25191-3,25191,1054,60,3,40.00,38202.00,0.09,0.02,N,O,1995-06-26,1995-06-01,1995-07-19,COLLECT COD,SHIP,en deposits. unusual packages nag. ideas ar
25191-4,25191,1376,91,4,30.00,38321.10,0.05,0.08,N,F,1995-06-16,1995-05-29,1995-06-24,TAKE BACK RETURN,SHIP,ar deposits 
25191-5,25191,761,94,5,36.00,59823.36,0.00,0.04,R,F,1995-04-17,1995-06-13,1995-05-06,COLLECT COD,FOB,among the regular theodolites 
25191-6,25191,1109,82,6,23.00,23232.30,0.06,0.07,N,O,1995-06-29,1995-06-19,1995-07-19,COLLECT COD,AIR,"yly bold accounts sleep even, express"
25216-1,25216,1740,41,1,42.00,68953.08,0.08,0.08,A,F,1993-01-08,1993-03-05,1993-02-02,COLLECT COD,SHIP,y across the fu
25216-2,25216,1655,79,2,10.00,15566.50,0.05,0.00,R,F,1993-03-10,1993-02-16,1993-04-08,DELIVER IN PERSON,REG AIR,ly regular deposits haggle slyly eve
25217-1,25217,1803,4,1,27.00,46029.60,0.03,0.02,N,O,1998-10-05,1998-09-02,1998-10-07,DELIVER IN PERSON,MAIL, furiously regular pa
25217-2,25217,631,63,2,33.00,50543.79,0.10,0.06,N,O,1998-09-14,1998-09-17,1998-09-22,COLLECT COD,REG AIR,"pecial, bold accounts. blithe, special depe"
25217-3,25217,50,26,3,15.00,14250.75,0.06,0.02,N,O,1998-07-13,1998-08-03,1998-07-28,DELIVER IN PERSON,SHIP,ng the slyly even packages. quickly iro
25218-1,25218,1468,8,1,3.00,4108.38,0.09,0.03,N,O,1998-07-04,1998-05-29,1998-07-16,NONE,TRUCK,ts alongside of the brave
25218-2,25218,750,15,2,26.00,42919.50,0.06,0.01,N,O,1998-04-19,1998-06-01,1998-05-14,COLLECT COD,FOB,ar deposits integrate furiously special 
25218-3,25218,791,56,3,24.00,40602.96,0.01,0.04,N,O,1998-06-16,1998-05-26,1998-07-14,DELIVER IN PERSON,FOB,. accounts after the blithely 
25218-4,25218,1600,81,4,43.00,64568.80,0.03,0.04,N,O,1998-06-01,1998-06-07,1998-06-09,COLLECT COD,RAIL,ckages are carefully beside
25218-5,25218,193,46,5,24.00,26236.56,0.09,0.04,N,O,1998-05-04,1998-06-12,1998-06-01,TAKE BACK RETURN,SHIP,e final instructions. regular requests c
25218-6,25218,676,39,6,28.00,44146.76,0.03,0.01,N,O,1998-03-25,1998-06-15,1998-03-31,DELIVER IN PERSON,REG AIR,ve the slyly ironic account
25218-7,25218,1776,61,7,44.00,73821.88,0.10,0.07,N,O,1998-06-05,1998-06-22,1998-06-28,COLLECT COD,AIR,rious platelets. 
25219-1,25219,1749,92,1,44.00,72632.56,0.08,0.03,N,O,1997-11-16,1997-10-26,1997-11-28,DELIVER IN PERSON,AIR,ing deposits boost slyly. ruthlessly r
25219-2,25219,921,22,2,12.00,21863.04,0.09,0.04,N,O,1997-11-13,1997-11-17,1997-12-04,NONE,MAIL,ffily unusual frets hinder sometimes regula
25219-3,25219,503,94,3,33.00,46315.50,0.08,0.08,N,O,1997-11-07,1997-10-31,1997-11-27,NONE,REG AIR,hely silent pearls after the spec
25219-4,25219,1654,78,4,2.00,3111.30,0.05,0.04,N,O,1997-11-19,1997-11-20,1997-12-11,DELIVER IN PERSON,REG AIR,lly final asymptotes cajole blithely again
25219-5,25219,941,10,5,15.00,27629.10,0.06,0.06,N,O,1997-11-02,1997-11-26,1997-12-02,TAKE BACK RETURN,MAIL,e blithely 
25219-6,25219,398,55,6,1.00,1298.39,0.01,0.05,N,O,1997-12-25,1997-11-09,1998-01-05,COLLECT COD,AIR,sits. blith
25219-7,25219,566,27,7,1.00,1466.56,0.01,0.02,N,O,1997-11-04,1997-10-29,1997-11-23,COLLECT COD,FOB,ests haggle acc
25220-1,25220,110,37,1,21.00,21212.31,0.06,0.04,N,O,1997-12-16,1998-01-26,1997-12-27,TAKE BACK RETURN,SHIP,pecial deposits. 
25220-2,25220,1569,50,2,34.00,49999.04,0.07,0.02,N,O,1998-03-15,1998-02-04,1998-03-20,NONE,RAIL,carefully idle requests 
25220-3,25220,1213,88,3,5.00,5571.05,0.09,0.03,N,O,1998-02-13,1998-01-29,1998-02-17,COLLECT COD,SHIP,"ons wake above the special, e"
25221-1,25221,1281,56,1,20.00,23645.60,0.06,0.01,N,O,1995-07-25,1995-09-04,1995-08-24,DELIVER IN PERSON,SHIP,ckages might cajole. silently ruthles
25221-2,25221,1498,38,2,44.00,61577.56,0.09,0.06,N,O,1995-06-20,1995-08-14,1995-07-02,TAKE BACK RETURN,TRUCK,gage according 
25221-3,25221,1244,19,3,42.00,48100.08,0.03,0.02,N,O,1995-10-05,1995-09-10,1995-10-08,TAKE BACK RETURN,SHIP,uriously alongside of
25221-4,25221,1008,9,4,32.00,29088.00,0.09,0.05,N,O,1995-09-28,1995-08-06,1995-10-05,NONE,REG AIR,al packages.
25221-5,25221,1554,75,5,49.00,71321.95,0.03,0.05,N,O,1995-09-24,1995-08-20,1995-10-09,DELIVER IN PERSON,TRUCK, the quickly daring pla
25221-6,25221,228,56,6,10.00,11282.20,0.04,0.01,N,O,1995-06-28,1995-08-24,1995-07-17,TAKE BACK RETURN,RAIL,furiously even 
25221-7,25221,638,1,7,18.00,27695.34,0.10,0.02,N,O,1995-07-08,1995-08-10,1995-08-01,COLLECT COD,FOB,pinto beans. special dinos are fur
25222-1,25222,228,10,1,48.00,54154.56,0.10,0.02,N,O,1998-01-09,1997-12-30,1998-01-22,NONE,SHIP,s cajole blith
25222-2,25222,1602,3,2,42.00,63151.20,0.00,0.07,N,O,1997-12-05,1998-01-17,1997-12-25,COLLECT COD,TRUCK,accounts wake carefully unusua
25222-3,25222,1088,89,3,38.00,37585.04,0.04,0.02,N,O,1998-02-15,1998-01-28,1998-03-05,TAKE BACK RETURN,SHIP,o beans. slyly 
25222-4,25222,1899,29,4,9.00,16208.01,0.10,0.05,N,O,1998-03-07,1998-02-20,1998-03-28,DELIVER IN PERSON,RAIL,"egrate: regular, r"
25223-1,25223,1317,56,1,42.00,51169.02,0.00,0.05,N,O,1996-09-02,1996-06-14,1996-09-15,DELIVER IN PERSON,AIR,ely ironic t
25223-2,25223,1226,1,2,28.00,31562.16,0.06,0.05,N,O,1996-05-31,1996-07-01,1996-06-20,TAKE BACK RETURN,FOB,n deposits promise. ironic requests ha
25223-3,25223,469,28,3,28.00,38344.88,0.04,0.05,N,O,1996-08-22,1996-06-19,1996-08-24,COLLECT COD,TRUCK,ress accounts. bold deposits sleep above th
25223-4,25223,676,77,4,17.00,26803.39,0.07,0.05,N,O,1996-05-13,1996-08-07,1996-05-18,NONE,AIR,n slyly ironic packages. idly
25223-5,25223,916,51,5,3.00,5450.73,0.00,0.03,N,O,1996-06-10,1996-06-11,1996-06-18,TAKE BACK RETURN,MAIL, instructions cajole quickly 
25223-6,25223,415,74,6,19.00,24992.79,0.08,0.03,N,O,1996-05-21,1996-06-10,1996-06-05,TAKE BACK RETURN,SHIP,y blithe deposits cajol
25248-1,25248,516,7,1,11.00,15581.61,0.07,0.03,N,O,1996-03-28,1996-01-11,1996-04-26,DELIVER IN PERSON,SHIP, carefully pend
25248-2,25248,1610,11,2,8.00,12092.88,0.03,0.06,N,O,1996-01-04,1996-01-25,1996-01-05,TAKE BACK RETURN,MAIL,y special platelets above the acco
25248-3,25248,1345,60,3,18.00,22434.12,0.05,0.01,N,O,1996-01-25,1996-01-06,1996-02-17,NONE,TRUCK,he special instruction
25248-4,25248,844,45,4,12.00,20938.08,0.05,0.05,N,O,1996-01-24,1996-01-19,1996-02-12,DELIVER IN PERSON,REG AIR, according to the blithely pending inst
25249-1,25249,1520,21,1,17.00,24165.84,0.06,0.00,A,F,1992-11-08,1993-02-01,1992-11-18,DELIVER IN PERSON,AIR, sleep slyly. blithe
25249-2,25249,1683,66,2,38.00,60217.84,0.07,0.06,R,F,1993-02-24,1992-12-17,1993-03-06,DELIVER IN PERSON,TRUCK,"ven, final co"
25249-3,25249,82,33,3,25.00,24552.00,0.08,0.02,A,F,1993-02-04,1993-02-01,1993-02-21,NONE,MAIL,egrate instruction
25249-4,25249,115,94,4,19.00,19287.09,0.05,0.02,A,F,1992-12-28,1992-12-11,1993-01-25,TAKE BACK RETURN,TRUCK,ly regular requests. quickly pending 
25250-1,25250,532,93,1,43.00,61598.79,0.08,0.00,N,O,1995-07-25,1995-09-14,1995-08-06,COLLECT COD,TRUCK, excuses maintain quickly among the 
25251-1,25251,218,73,1,13.00,14536.73,0.01,0.02,N,O,1996-09-14,1996-07-06,1996-09-23,TAKE BACK RETURN,TRUCK,thely silent ideas wake above the ruth
25251-2,25251,1643,26,2,1.00,1544.64,0.00,0.02,N,O,1996-07-21,1996-06-24,1996-08-20,COLLECT COD,MAIL,le across the furiously ironic re
25251-3,25251,1105,6,3,26.00,26158.60,0.04,0.06,N,O,1996-06-23,1996-08-07,1996-07-14,NONE,AIR, alongside of the express 
25251-4,25251,1631,73,4,45.00,68968.35,0.10,0.01,N,O,1996-07-28,1996-07-11,1996-08-20,TAKE BACK RETURN,RAIL,luffily pending accounts haggle sly
25251-5,25251,1541,22,5,38.00,54816.52,0.09,0.08,N,O,1996-07-19,1996-06-19,1996-08-14,DELIVER IN PERSON,TRUCK,"ironic, ironic dep"
25251-6,25251,1337,76,6,46.00,56963.18,0.10,0.02,N,O,1996-06-01,1996-08-03,1996-06-16,COLLECT COD,MAIL,lar instruct
25252-1,25252,1766,93,1,17.00,28351.92,0.00,0.08,A,F,1992-09-10,1992-09-06,1992-09-23,DELIVER IN PERSON,TRUCK,regular accounts. furio
25252-2,25252,643,75,2,7.00,10805.48,0.02,0.04,R,F,1992-09-12,1992-10-14,1992-09-17,DELIVER IN PERSON,FOB,ts are above the blithely unus
25253-1,25253,1290,65,1,10.00,11912.90,0.06,0.03,N,O,1995-08-18,1995-09-28,1995-08-29,TAKE BACK RETURN,MAIL,ckly express requests. slyly silent acco
25253-2,25253,954,55,2,38.00,70488.10,0.05,0.08,N,O,1995-10-08,1995-10-06,1995-11-04,COLLECT COD,MAIL,n instructions. blithely special reque
25253-3,25253,1763,48,3,46.00,76578.96,0.06,0.00,N,O,1995-11-12,1995-09-15,1995-11-23,NONE,REG AIR,egular requests. accoun
25253-4,25253,1401,2,4,17.00,22140.80,0.06,0.06,N,O,1995-09-21,1995-10-02,1995-09-30,NONE,TRUCK,", ironic pinto beans-- "
25253-5,25253,1340,17,5,45.00,55860.30,0.03,0.06,N,O,1995-10-10,1995-09-19,1995-10-14,TAKE BACK RETURN,RAIL,re quickly. accounts haggle quickly. 
25253-6,25253,1986,19,6,50.00,94399.00,0.10,0.07,N,O,1995-08-14,1995-10-29,1995-09-12,DELIVER IN PERSON,RAIL,ular packages. unusual instructions agains
25253-7,25253,921,24,7,16.00,29150.72,0.07,0.02,N,O,1995-08-26,1995-09-30,1995-09-14,COLLECT COD,AIR,deposits. carefully f
25254-1,25254,840,41,1,16.00,27853.44,0.04,0.08,R,F,1993-12-31,1993-12-16,1994-01-20,DELIVER IN PERSON,REG AIR,re blithely. 
25254-2,25254,1585,66,2,35.00,52030.30,0.05,0.03,A,F,1993-10-30,1993-10-26,1993-11-05,NONE,MAIL,fully carefully express accounts. careful
25254-3,25254,124,51,3,24.00,24578.88,0.08,0.04,A,F,1993-11-12,1993-12-17,1993-12-09,COLLECT COD,TRUCK, asymptotes boost blithel
25254-4,25254,129,30,4,36.00,37048.32,0.07,0.08,A,F,1993-09-30,1993-12-06,1993-10-15,TAKE BACK RETURN,FOB,tes use even pinto be
25254-5,25254,312,97,5,40.00,48492.40,0.01,0.06,A,F,1993-12-02,1993-10-29,1993-12-13,TAKE BACK RETURN,RAIL,xpress somas. carefully pending platel
25254-6,25254,1478,79,6,42.00,57937.74,0.00,0.04,R,F,1993-11-11,1993-11-25,1993-11-12,TAKE BACK RETURN,AIR, promise after the pinto bean
25255-1,25255,1118,19,1,20.00,20382.20,0.04,0.08,R,F,1992-03-18,1992-05-09,1992-04-15,COLLECT COD,SHIP,"pecial, regular packages above the fur"
25255-2,25255,1827,71,2,41.00,70881.62,0.09,0.06,R,F,1992-05-25,1992-04-22,1992-06-12,NONE,SHIP,e tithes haggle careful
25255-3,25255,403,4,3,10.00,13034.00,0.05,0.04,R,F,1992-02-23,1992-04-11,1992-02-28,TAKE BACK RETURN,AIR,yly bold inst
25255-4,25255,1163,72,4,39.00,41502.24,0.07,0.03,A,F,1992-05-07,1992-04-18,1992-05-24,DELIVER IN PERSON,TRUCK,"old accounts wake. final, bold theodol"
25280-1,25280,1567,8,1,33.00,48462.48,0.06,0.06,N,O,1995-06-18,1995-08-04,1995-07-14,NONE,REG AIR,urts. foxes need to affix 
25280-2,25280,1777,62,2,43.00,72187.11,0.07,0.00,N,O,1995-08-31,1995-07-20,1995-09-09,NONE,RAIL,"sits boost blithely final, fi"
25281-1,25281,69,70,1,11.00,10659.66,0.02,0.04,N,O,1996-06-02,1996-06-11,1996-06-14,COLLECT COD,AIR, final dependencies. carefully regul
25281-2,25281,1554,95,2,24.00,34933.20,0.04,0.02,N,O,1996-04-04,1996-05-12,1996-04-11,COLLECT COD,SHIP,ions. packages are blithe
25281-3,25281,394,23,3,18.00,23299.02,0.09,0.08,N,O,1996-06-11,1996-05-12,1996-07-09,DELIVER IN PERSON,TRUCK,en theodolites detect furiou
25281-4,25281,1074,75,4,16.00,15601.12,0.10,0.07,N,O,1996-06-24,1996-06-23,1996-06-30,DELIVER IN PERSON,RAIL,egular request
25281-5,25281,964,65,5,39.00,72733.44,0.09,0.01,N,O,1996-07-02,1996-06-07,1996-07-11,COLLECT COD,SHIP,ully silent foxes wa
25282-1,25282,682,14,1,48.00,75968.64,0.04,0.05,N,O,1996-04-20,1996-03-10,1996-05-01,TAKE BACK RETURN,REG AIR,"ckly blithe Tiresias. even, regu"
25282-2,25282,734,67,2,4.00,6538.92,0.04,0.07,N,O,1996-03-31,1996-02-12,1996-04-15,NONE,TRUCK,gular dependencies about the ironic acc
25282-3,25282,122,23,3,1.00,1022.12,0.09,0.00,N,O,1996-04-23,1996-03-31,1996-05-12,COLLECT COD,SHIP,uests. furiously special pinto beans ha
25282-4,25282,497,27,4,48.00,67079.52,0.03,0.06,N,O,1996-01-16,1996-03-02,1996-02-02,TAKE BACK RETURN,AIR, along the furiously special
25282-5,25282,1866,96,5,31.00,54803.66,0.01,0.06,N,O,1996-03-24,1996-03-20,1996-04-15,NONE,AIR,according to the unu
25282-6,25282,776,9,6,35.00,58686.95,0.02,0.08,N,O,1996-03-03,1996-03-30,1996-03-13,COLLECT COD,SHIP,nt packages. carefully ir
25282-7,25282,698,61,7,16.00,25579.04,0.04,0.05,N,O,1996-04-01,1996-02-25,1996-04-17,DELIVER IN PERSON,AIR,onic foxes boost car
25283-1,25283,680,74,1,48.00,75872.64,0.10,0.06,N,O,1998-09-27,1998-09-20,1998-10-11,DELIVER IN PERSON,AIR,ly special
25283-2,25283,1974,19,2,5.00,9379.85,0.03,0.00,N,O,1998-08-16,1998-08-12,1998-09-14,DELIVER IN PERSON,SHIP,ar requests grow
25283-3,25283,184,11,3,16.00,17346.88,0.09,0.00,N,O,1998-10-04,1998-08-28,1998-10-30,COLLECT COD,RAIL,telets boost across the even pinto beans
25283-4,25283,344,73,4,30.00,37330.20,0.04,0.04,N,O,1998-10-08,1998-07-28,1998-11-06,COLLECT COD,TRUCK,players ought
25283-5,25283,1865,52,5,43.00,75974.98,0.08,0.03,N,O,1998-07-03,1998-09-19,1998-07-17,NONE,TRUCK, pinto beans. ir
25284-1,25284,494,53,1,31.00,43229.19,0.04,0.06,A,F,1993-12-12,1993-12-08,1994-01-05,DELIVER IN PERSON,SHIP,uickly busy platelets use slyly even pinto 
25284-2,25284,1830,74,2,38.00,65809.54,0.05,0.04,R,F,1994-01-06,1993-11-16,1994-01-16,TAKE BACK RETURN,FOB,deposits. carefully final req
25284-3,25284,400,1,3,32.00,41612.80,0.01,0.03,A,F,1993-11-10,1993-12-10,1993-12-05,TAKE BACK RETURN,REG AIR,riously ironic instru
25284-4,25284,1289,64,4,8.00,9522.24,0.00,0.05,A,F,1993-11-23,1993-11-05,1993-11-27,TAKE BACK RETURN,FOB,"ts-- unusual, ironic requests sleep a"
25285-1,25285,1568,69,1,19.00,27921.64,0.08,0.01,N,O,1995-10-24,1995-10-22,1995-11-21,TAKE BACK RETURN,AIR, never special requests. furiously quick
25286-1,25286,1286,98,1,45.00,53427.60,0.02,0.03,N,O,1996-08-11,1996-08-29,1996-09-03,COLLECT COD,MAIL,s! requests boost carefully. packages sleep
25286-2,25286,1022,58,2,21.00,19383.42,0.00,0.00,N,O,1996-09-20,1996-10-25,1996-09-25,TAKE BACK RETURN,FOB,"ons. bold, ironic dependencies "
25286-3,25286,250,78,3,40.00,46010.00,0.08,0.00,N,O,1996-11-16,1996-09-21,1996-11-30,DELIVER IN PERSON,TRUCK,l sheaves use qu
25287-1,25287,1151,88,1,2.00,2104.30,0.10,0.01,A,F,1994-01-03,1994-02-01,1994-01-21,DELIVER IN PERSON,SHIP,he dependencies. deposits sl
25287-2,25287,1371,10,2,11.00,13996.07,0.07,0.02,R,F,1994-04-14,1994-03-09,1994-04-28,NONE,RAIL,eep quietly regular instruc
25287-3,25287,1637,79,3,33.00,50774.79,0.02,0.08,R,F,1994-04-15,1994-03-17,1994-04-25,COLLECT COD,SHIP,. unusual pearls along the slyly reg
25287-4,25287,1571,52,4,19.00,27978.83,0.10,0.04,R,F,1994-03-20,1994-02-22,1994-04-13,TAKE BACK RETURN,FOB,efully bold packages detect blithely eve
25312-1,25312,428,29,1,28.00,37195.76,0.06,0.05,N,O,1996-06-16,1996-04-25,1996-07-15,NONE,REG AIR,"e final, special asymptotes. a"
25312-2,25312,1836,23,2,17.00,29543.11,0.07,0.00,N,O,1996-05-29,1996-06-10,1996-06-15,DELIVER IN PERSON,RAIL,. slyly bold dep
25312-3,25312,1345,84,3,15.00,18695.10,0.06,0.08,N,O,1996-06-21,1996-04-23,1996-07-08,COLLECT COD,TRUCK,"nstructions! final, regular foxes nag "
25312-4,25312,1569,50,4,2.00,2941.12,0.02,0.05,N,O,1996-03-30,1996-06-02,1996-04-27,COLLECT COD,AIR,nding theodolites. unusu
25312-5,25312,1474,75,5,2.00,2750.94,0.04,0.08,N,O,1996-04-13,1996-06-02,1996-04-25,NONE,TRUCK,ely bold theodolites! regular theodo
25313-1,25313,1594,95,1,42.00,62814.78,0.07,0.02,R,F,1992-09-10,1992-10-22,1992-09-26,DELIVER IN PERSON,AIR,e ironic foxes are fluffily
25313-2,25313,1715,16,2,7.00,11316.97,0.00,0.01,A,F,1992-09-07,1992-10-01,1992-09-08,TAKE BACK RETURN,SHIP,y special packages. pending req
25313-3,25313,1015,51,3,35.00,32060.35,0.03,0.02,A,F,1992-10-07,1992-10-22,1992-10-16,COLLECT COD,SHIP,refully across the s
25314-1,25314,1062,33,1,41.00,39485.46,0.01,0.05,R,F,1992-04-27,1992-04-20,1992-05-05,TAKE BACK RETURN,MAIL,ly even theodolites detect. final dep
25314-2,25314,834,34,2,30.00,52044.90,0.02,0.00,R,F,1992-03-19,1992-05-18,1992-03-31,COLLECT COD,FOB,kages! pinto beans wak
25314-3,25314,1175,84,3,45.00,48427.65,0.06,0.04,A,F,1992-04-25,1992-04-24,1992-05-06,DELIVER IN PERSON,REG AIR,ithely ironic 
25314-4,25314,1757,100,4,41.00,68008.75,0.06,0.08,R,F,1992-04-16,1992-04-06,1992-04-26,TAKE BACK RETURN,TRUCK,ly bold packages sleep fu
25314-5,25314,1851,52,5,8.00,14022.80,0.08,0.02,A,F,1992-06-06,1992-04-07,1992-06-10,NONE,REG AIR,ld courts: eve
25314-6,25314,1410,50,6,15.00,19671.15,0.07,0.02,R,F,1992-05-12,1992-04-04,1992-05-29,DELIVER IN PERSON,REG AIR,l deposits. carefully final accounts 
25314-7,25314,608,40,7,28.00,42240.80,0.05,0.05,A,F,1992-03-12,1992-05-11,1992-03-30,COLLECT COD,MAIL,cuses haggle before the silent deposits. fi
25315-1,25315,73,24,1,8.00,7784.56,0.08,0.04,R,F,1994-03-07,1994-01-12,1994-03-17,COLLECT COD,SHIP,ly final courts could have
25315-2,25315,578,39,2,48.00,70971.36,0.07,0.05,A,F,1994-03-06,1994-01-25,1994-03-17,NONE,MAIL,ically even deposi
25315-3,25315,778,11,3,13.00,21824.01,0.04,0.08,A,F,1994-01-01,1994-01-03,1994-01-02,DELIVER IN PERSON,MAIL,ns along the busy asymptotes sleep even asy
25315-4,25315,578,9,4,24.00,35485.68,0.03,0.04,A,F,1994-02-03,1994-02-17,1994-02-15,NONE,SHIP,ular packages play fluffily around the sp
25315-5,25315,1689,31,5,20.00,31813.60,0.06,0.02,R,F,1994-02-19,1994-01-25,1994-03-21,COLLECT COD,FOB,o beans haggle according to the fur
25315-6,25315,1072,43,6,24.00,23353.68,0.08,0.06,A,F,1994-03-02,1994-02-18,1994-03-22,COLLECT COD,MAIL,inal requests against the regula
25315-7,25315,608,40,7,16.00,24137.60,0.10,0.00,A,F,1994-02-21,1994-02-18,1994-03-07,COLLECT COD,MAIL,special deposits haggle 
25316-1,25316,850,17,1,14.00,24511.90,0.05,0.01,N,O,1997-02-08,1997-01-27,1997-03-08,TAKE BACK RETURN,SHIP,ithely express deposits affix f
25316-2,25316,1406,85,2,20.00,26148.00,0.01,0.00,N,O,1997-02-22,1997-01-30,1997-03-13,COLLECT COD,MAIL,ilent accou
25316-3,25316,671,65,3,36.00,56580.12,0.02,0.08,N,O,1997-01-31,1997-02-03,1997-02-20,COLLECT COD,AIR,the slyly regular platel
25316-4,25316,40,41,4,47.00,44181.88,0.07,0.00,N,O,1997-02-06,1996-12-27,1997-02-20,TAKE BACK RETURN,FOB,ges. final braids affix carefully. care
25316-5,25316,1068,69,5,8.00,7752.48,0.01,0.05,N,O,1996-11-28,1997-01-17,1996-12-28,DELIVER IN PERSON,TRUCK,nt pinto beans doz
25317-1,25317,34,35,1,10.00,9340.30,0.01,0.01,N,O,1995-07-08,1995-08-19,1995-07-11,NONE,FOB,ly special theodolites cajol
25317-2,25317,187,14,2,19.00,20656.42,0.06,0.04,N,O,1995-09-02,1995-08-13,1995-09-30,NONE,FOB,the instruction
25317-3,25317,75,26,3,21.00,20476.47,0.02,0.02,N,O,1995-09-24,1995-09-25,1995-10-01,NONE,FOB, deposits about the regular
25318-1,25318,719,20,1,40.00,64788.40,0.04,0.02,N,O,1996-01-29,1996-02-09,1996-02-08,DELIVER IN PERSON,TRUCK,ts cajole slyly aga
25318-2,25318,116,95,2,35.00,35563.85,0.05,0.04,N,O,1996-02-26,1996-01-11,1996-03-03,COLLECT COD,AIR,ions. quickly blithe pinto beans alo
25318-3,25318,1678,2,3,36.00,56868.12,0.09,0.04,N,O,1996-01-04,1996-01-22,1996-01-20,NONE,TRUCK,ly even ideas. sl
25318-4,25318,446,47,4,25.00,33661.00,0.06,0.02,N,O,1996-01-30,1995-12-29,1996-02-15,NONE,MAIL,ithely special packages a
25318-5,25318,616,48,5,28.00,42465.08,0.05,0.00,N,O,1996-02-13,1996-01-14,1996-03-10,DELIVER IN PERSON,AIR,le carefully furiously regular foxes. caref
25319-1,25319,1677,1,1,26.00,41045.42,0.03,0.08,N,O,1997-05-21,1997-05-04,1997-06-09,COLLECT COD,MAIL,ly regular packages. furiously sp
25319-2,25319,285,40,2,40.00,47411.20,0.08,0.02,N,O,1997-04-20,1997-05-09,1997-04-24,COLLECT COD,RAIL,ourts. special excus
25319-3,25319,1280,92,3,43.00,50795.04,0.01,0.04,N,O,1997-06-12,1997-03-24,1997-06-27,TAKE BACK RETURN,MAIL,. quickly final req
25319-4,25319,1793,20,4,18.00,30506.22,0.00,0.02,N,O,1997-03-28,1997-05-12,1997-04-01,NONE,TRUCK,ymptotes. carefully slow grouches cajo
25344-1,25344,1198,7,1,47.00,51661.93,0.02,0.06,N,O,1997-04-16,1997-06-30,1997-05-02,TAKE BACK RETURN,TRUCK,carefully across the final foxes. asymptote
25345-1,25345,457,16,1,34.00,46153.30,0.02,0.03,N,O,1996-06-06,1996-06-17,1996-06-17,DELIVER IN PERSON,FOB,he furiously specia
25345-2,25345,21,22,2,10.00,9210.20,0.00,0.00,N,O,1996-05-04,1996-06-21,1996-05-12,COLLECT COD,AIR,unts integra
25346-1,25346,954,57,1,22.00,40808.90,0.10,0.02,N,O,1997-09-25,1997-11-19,1997-10-14,DELIVER IN PERSON,FOB,c pinto beans haggle carefully accordin
25346-2,25346,1948,37,2,44.00,81397.36,0.06,0.05,N,O,1997-12-04,1997-10-16,1998-01-03,NONE,AIR, ideas. blithely regu
25346-3,25346,1002,38,3,37.00,33411.00,0.06,0.08,N,O,1997-12-18,1997-10-19,1998-01-01,DELIVER IN PERSON,TRUCK,final deposits nag boldly fin
25347-1,25347,359,60,1,13.00,16371.55,0.03,0.03,A,F,1994-06-22,1994-09-11,1994-07-03,COLLECT COD,FOB,foxes. ironic orbits sublate. 
25347-2,25347,49,25,2,25.00,23726.00,0.08,0.07,R,F,1994-08-28,1994-08-28,1994-09-02,NONE,AIR,e to print accounts. special depe
25347-3,25347,178,31,3,23.00,24797.91,0.10,0.00,A,F,1994-08-01,1994-08-14,1994-08-18,COLLECT COD,RAIL,rate slyly. quickly pending deposits
25347-4,25347,1502,83,4,10.00,14035.00,0.01,0.04,R,F,1994-10-06,1994-08-10,1994-11-03,NONE,TRUCK,r the carefully ironic frets
25347-5,25347,406,7,5,10.00,13064.00,0.00,0.06,R,F,1994-06-14,1994-08-21,1994-07-04,TAKE BACK RETURN,REG AIR," sleep blithely after the pending, iro"
25347-6,25347,1555,36,6,23.00,33500.65,0.09,0.01,R,F,1994-08-08,1994-08-16,1994-08-28,DELIVER IN PERSON,TRUCK,ckly against the quickly express 
25347-7,25347,248,30,7,19.00,21816.56,0.09,0.02,R,F,1994-07-14,1994-09-09,1994-07-29,COLLECT COD,RAIL,accounts across the furi
25348-1,25348,1359,36,1,27.00,34029.45,0.00,0.05,A,F,1992-08-28,1992-07-30,1992-08-31,COLLECT COD,MAIL,s wake. slyly pending a
25348-2,25348,244,99,2,28.00,32038.72,0.00,0.06,R,F,1992-09-08,1992-07-20,1992-09-22,COLLECT COD,FOB,ilent gifts. sil
25348-3,25348,1294,32,3,19.00,22710.51,0.09,0.03,A,F,1992-08-10,1992-07-24,1992-08-28,COLLECT COD,AIR,iously carefu
25348-4,25348,1169,78,4,32.00,34245.12,0.05,0.05,R,F,1992-05-12,1992-06-15,1992-05-25,TAKE BACK RETURN,FOB,ole accounts. bold deposits cajol
25348-5,25348,1305,82,5,29.00,34982.70,0.02,0.02,R,F,1992-08-06,1992-07-26,1992-08-14,DELIVER IN PERSON,AIR,e ironic dependencies are carefull
25348-6,25348,1411,90,6,7.00,9186.87,0.01,0.03,R,F,1992-06-08,1992-08-06,1992-06-23,COLLECT COD,SHIP,mptotes. regular platelets sleep furio
25349-1,25349,410,69,1,41.00,53726.81,0.07,0.07,N,O,1996-05-18,1996-04-04,1996-06-16,DELIVER IN PERSON,REG AIR,ully regular in
25349-2,25349,132,59,2,5.00,5160.65,0.05,0.00,N,O,1996-05-28,1996-03-10,1996-06-13,TAKE BACK RETURN,RAIL,. instructions nod furiously even 
25349-3,25349,164,91,3,5.00,5320.80,0.07,0.01,N,O,1996-05-11,1996-04-12,1996-05-30,NONE,MAIL,sly final instru
25350-1,25350,1837,24,1,10.00,17388.30,0.01,0.07,R,F,1994-03-05,1994-03-03,1994-03-10,TAKE BACK RETURN,TRUCK,"uests play slyly after the regular, even "
25350-2,25350,416,46,2,46.00,60554.86,0.04,0.00,R,F,1994-02-15,1994-02-05,1994-02-21,COLLECT COD,FOB,refully final platelets
25350-3,25350,1587,8,3,40.00,59543.20,0.06,0.00,A,F,1994-01-21,1994-01-24,1994-02-07,DELIVER IN PERSON,REG AIR,boldly pending platelets. quickly t
25350-4,25350,1725,68,4,37.00,60188.64,0.06,0.03,A,F,1993-12-27,1994-01-03,1994-01-19,TAKE BACK RETURN,FOB,ly. quickly ironic deposits haggle s
25350-5,25350,1010,11,5,27.00,24597.27,0.02,0.05,A,F,1994-04-04,1994-01-08,1994-05-02,NONE,MAIL, instructions boost quickly quickl
25350-6,25350,31,57,6,21.00,19551.63,0.07,0.02,R,F,1994-01-06,1994-01-07,1994-01-15,TAKE BACK RETURN,FOB,e. slyly ironic pac
25350-7,25350,1222,60,7,42.00,47175.24,0.07,0.05,A,F,1994-04-01,1994-01-20,1994-04-10,DELIVER IN PERSON,TRUCK,fter the blithely r
25351-1,25351,1729,30,1,23.00,37506.56,0.03,0.05,R,F,1992-01-27,1992-03-27,1992-02-06,TAKE BACK RETURN,REG AIR,ithely regu
25376-1,25376,1398,13,1,13.00,16892.07,0.01,0.07,R,F,1995-05-31,1995-06-22,1995-06-17,NONE,SHIP, special dependencie
25376-2,25376,412,42,2,48.00,62995.68,0.09,0.03,A,F,1995-04-06,1995-06-24,1995-04-07,TAKE BACK RETURN,REG AIR,gular platel
25376-3,25376,258,86,3,12.00,13899.00,0.04,0.07,A,F,1995-05-23,1995-04-28,1995-06-15,TAKE BACK RETURN,AIR,ongside of the furiously i
25377-1,25377,1430,9,1,13.00,17308.59,0.08,0.06,A,F,1993-01-23,1993-02-13,1993-02-05,TAKE BACK RETURN,AIR,y players believe about the blithely
25378-1,25378,674,6,1,23.00,36217.41,0.03,0.00,N,O,1995-12-23,1996-02-09,1996-01-12,NONE,RAIL,requests agai
25378-2,25378,880,80,2,16.00,28494.08,0.07,0.07,N,O,1996-03-04,1996-02-24,1996-03-18,COLLECT COD,TRUCK, accounts a
25378-3,25378,524,85,3,18.00,25641.36,0.04,0.02,N,O,1996-02-08,1996-02-25,1996-02-13,TAKE BACK RETURN,TRUCK, ironic packages. reg
25378-4,25378,1639,81,4,1.00,1540.63,0.09,0.08,N,O,1995-12-21,1996-01-28,1996-01-03,COLLECT COD,TRUCK,lithely special deposits. blithely e
25379-1,25379,1023,29,1,11.00,10164.22,0.09,0.07,N,O,1997-01-23,1996-12-24,1997-02-22,COLLECT COD,SHIP, pending packages affix
25380-1,25380,26,2,1,1.00,926.02,0.04,0.03,A,F,1995-01-17,1994-12-25,1995-01-25,TAKE BACK RETURN,FOB,e furiousl
25380-2,25380,558,49,2,7.00,10209.85,0.09,0.06,A,F,1994-11-24,1994-12-06,1994-12-17,DELIVER IN PERSON,FOB,ly silent depo
25381-1,25381,1749,92,1,49.00,80886.26,0.10,0.04,N,O,1996-12-14,1996-11-17,1996-12-29,TAKE BACK RETURN,RAIL,bout the express accounts. 
25382-1,25382,1835,79,1,35.00,60789.05,0.08,0.06,N,O,1998-07-10,1998-08-01,1998-07-29,NONE,SHIP,sly quickl
25383-1,25383,865,65,1,34.00,60039.24,0.00,0.00,N,O,1998-01-13,1998-01-08,1998-01-16,COLLECT COD,SHIP,e the even instructions. blithely ironic
25383-2,25383,1239,40,2,7.00,7981.61,0.01,0.02,N,O,1997-12-07,1998-02-24,1997-12-08,NONE,REG AIR,ounts. regular deposits are. bl
25408-1,25408,349,6,1,27.00,33732.18,0.06,0.05,N,O,1996-04-04,1996-02-11,1996-04-22,TAKE BACK RETURN,MAIL,t carefully requests. packages integra
25408-2,25408,76,27,2,17.00,16593.19,0.05,0.01,N,O,1996-03-08,1996-04-06,1996-03-11,NONE,AIR,e blithely about the unusual instruction
25409-1,25409,1876,63,1,15.00,26668.05,0.10,0.08,N,O,1998-01-25,1997-11-23,1998-02-22,TAKE BACK RETURN,FOB,usly regular packages. slowly bol
25409-2,25409,632,33,2,5.00,7663.15,0.01,0.02,N,O,1997-12-09,1997-12-16,1997-12-20,NONE,FOB,sits along th
25409-3,25409,871,5,3,19.00,33665.53,0.05,0.02,N,O,1997-11-11,1997-12-09,1997-11-13,COLLECT COD,RAIL,lly fluffily
25409-4,25409,573,74,4,21.00,30944.97,0.10,0.03,N,O,1997-12-21,1997-11-23,1998-01-16,DELIVER IN PERSON,FOB,requests boost across the slyly dogged theo
25410-1,25410,906,7,1,4.00,7227.60,0.06,0.04,N,O,1998-06-24,1998-05-11,1998-07-16,DELIVER IN PERSON,FOB,quests wake. blithely regular accounts u
25410-2,25410,1162,35,2,4.00,4252.64,0.00,0.00,N,O,1998-06-10,1998-04-29,1998-07-10,TAKE BACK RETURN,MAIL,te quickly caref
25410-3,25410,1233,71,3,31.00,35161.13,0.02,0.08,N,O,1998-05-17,1998-05-25,1998-05-19,TAKE BACK RETURN,FOB,m the even foxes. pa
25410-4,25410,1705,6,4,31.00,49807.70,0.02,0.03,N,O,1998-07-13,1998-05-23,1998-07-26,TAKE BACK RETURN,SHIP,"pliers. ironic, sil"
25410-5,25410,1484,63,5,9.00,12469.32,0.02,0.02,N,O,1998-05-04,1998-04-19,1998-06-03,NONE,AIR, wake around the ironic ideas. furio
25410-6,25410,1465,66,6,24.00,32795.04,0.10,0.03,N,O,1998-07-10,1998-06-13,1998-08-03,COLLECT COD,REG AIR,luffy excus
25410-7,25410,1168,69,7,49.00,52388.84,0.06,0.05,N,O,1998-06-02,1998-04-29,1998-06-07,NONE,AIR, slyly regular excuses cajole furiously fin
25411-1,25411,1807,37,1,28.00,47846.40,0.01,0.08,N,O,1997-06-28,1997-06-07,1997-07-15,DELIVER IN PERSON,AIR,g accounts. slyly unusual reques
25411-2,25411,229,11,2,41.00,46298.02,0.02,0.04,N,O,1997-05-18,1997-04-25,1997-06-05,TAKE BACK RETURN,MAIL,cial excuses cajole fluffi
25411-3,25411,1125,26,3,43.00,44123.16,0.01,0.07,N,O,1997-05-05,1997-05-07,1997-05-21,TAKE BACK RETURN,TRUCK,quests eat slyly against the b
25411-4,25411,477,7,4,17.00,23416.99,0.02,0.02,N,O,1997-06-07,1997-05-18,1997-06-09,DELIVER IN PERSON,FOB,xes are final deposits. careful
25412-1,25412,1837,67,1,1.00,1738.83,0.00,0.06,N,O,1995-07-21,1995-08-27,1995-08-15,DELIVER IN PERSON,RAIL,y ironic dep
25412-2,25412,1611,12,2,15.00,22689.15,0.08,0.02,N,O,1995-07-08,1995-08-25,1995-07-19,NONE,SHIP,ing instructions along the fur
25412-3,25412,279,80,3,24.00,28302.48,0.02,0.06,N,O,1995-09-19,1995-08-10,1995-10-09,TAKE BACK RETURN,TRUCK,sits? final acc
25412-4,25412,681,44,4,32.00,50613.76,0.04,0.06,N,O,1995-09-22,1995-07-07,1995-10-20,NONE,SHIP,ests. fluf
25412-5,25412,1920,65,5,50.00,91096.00,0.10,0.00,N,O,1995-08-03,1995-07-14,1995-08-21,DELIVER IN PERSON,TRUCK,encies nag. expr
25412-6,25412,668,100,6,39.00,61177.74,0.09,0.01,N,O,1995-08-31,1995-07-24,1995-09-10,TAKE BACK RETURN,FOB,ckly silent packages. carefull
25412-7,25412,1098,99,7,46.00,45958.14,0.03,0.03,N,O,1995-06-25,1995-08-24,1995-07-15,DELIVER IN PERSON,MAIL,ully ironic excuses wake caref
25413-1,25413,1370,9,1,3.00,3814.11,0.10,0.00,N,O,1996-11-24,1996-11-25,1996-12-22,TAKE BACK RETURN,FOB, according to the carefully furious
25413-2,25413,995,96,2,1.00,1895.99,0.08,0.03,N,O,1996-10-18,1996-10-22,1996-11-10,NONE,TRUCK,d carefully. pending notornis after t
25413-3,25413,924,25,3,15.00,27373.80,0.06,0.03,N,O,1997-01-02,1996-11-23,1997-01-08,DELIVER IN PERSON,REG AIR,oxes cajole slyly. blithely express dug
25413-4,25413,887,88,4,31.00,55424.28,0.04,0.08,N,O,1996-11-18,1996-12-12,1996-12-15,DELIVER IN PERSON,REG AIR,kages. blithely unusual requests sleep. sly
25413-5,25413,469,28,5,13.00,17802.98,0.09,0.05,N,O,1996-09-17,1996-11-22,1996-10-09,TAKE BACK RETURN,SHIP,uests at the depths boost blithely ironic t
25413-6,25413,1631,32,6,19.00,29119.97,0.07,0.05,N,O,1996-12-23,1996-11-01,1997-01-01,COLLECT COD,TRUCK,ly pending deposits. fina
25413-7,25413,890,24,7,8.00,14327.12,0.04,0.02,N,O,1996-10-10,1996-10-31,1996-10-14,TAKE BACK RETURN,SHIP,blithely special accounts.
25414-1,25414,882,16,1,40.00,71315.20,0.04,0.05,N,O,1996-08-03,1996-05-26,1996-08-25,DELIVER IN PERSON,REG AIR,. blithely regular accounts are. furiousl
25414-2,25414,144,45,2,20.00,20882.80,0.10,0.07,N,O,1996-06-24,1996-05-20,1996-06-25,COLLECT COD,MAIL,"pecial, ironic packages haggle furio"
25414-3,25414,1993,38,3,15.00,28424.85,0.09,0.05,N,O,1996-08-02,1996-07-14,1996-08-05,TAKE BACK RETURN,RAIL,eposits wake ruthlessly about the regular 
25414-4,25414,1875,19,4,6.00,10661.22,0.06,0.08,N,O,1996-06-25,1996-05-28,1996-07-08,NONE,MAIL,e of the blithely regular accounts. bold a
25414-5,25414,110,63,5,8.00,8080.88,0.02,0.08,N,O,1996-04-28,1996-07-12,1996-05-22,NONE,AIR,ously unusu
25414-6,25414,895,62,6,47.00,84406.83,0.07,0.05,N,O,1996-06-24,1996-07-17,1996-07-14,COLLECT COD,FOB,iously bold accounts-- fluffily final acco
25415-1,25415,227,55,1,43.00,48470.46,0.05,0.00,N,O,1998-01-02,1997-12-16,1998-01-06,COLLECT COD,FOB,"egular dinos sleep. express, ironic"
25415-2,25415,1911,56,2,44.00,79768.04,0.03,0.04,N,O,1997-12-02,1998-01-18,1997-12-13,NONE,AIR,osits boost. requests cajole according t
25415-3,25415,1363,40,3,46.00,58160.56,0.09,0.06,N,O,1997-12-08,1998-02-03,1998-01-04,DELIVER IN PERSON,RAIL, the carefully regul
25415-4,25415,1297,72,4,49.00,58716.21,0.10,0.02,N,O,1998-01-17,1997-12-20,1998-01-25,NONE,REG AIR,its. bold fo
25415-5,25415,1158,31,5,17.00,18005.55,0.05,0.00,N,O,1997-12-02,1997-12-20,1997-12-04,DELIVER IN PERSON,REG AIR,ages. stealthy dugouts before
25415-6,25415,945,80,6,9.00,16613.46,0.09,0.04,N,O,1998-03-10,1998-02-07,1998-04-09,TAKE BACK RETURN,AIR,long the fu
25415-7,25415,1787,14,7,15.00,25331.70,0.04,0.01,N,O,1998-01-28,1998-02-07,1998-01-29,COLLECT COD,FOB,losely iron
25440-1,25440,818,19,1,1.00,1718.81,0.07,0.01,R,F,1994-03-05,1994-04-13,1994-03-16,COLLECT COD,AIR, blithely final platelets are 
25440-2,25440,427,28,2,15.00,19911.30,0.10,0.03,R,F,1994-05-03,1994-03-19,1994-05-24,COLLECT COD,AIR, bold ideas. express depos
25440-3,25440,925,60,3,40.00,73036.80,0.07,0.04,R,F,1994-05-28,1994-03-26,1994-06-25,NONE,MAIL,t along the sometime
25440-4,25440,676,77,4,37.00,58336.79,0.01,0.05,R,F,1994-04-03,1994-03-16,1994-04-19,DELIVER IN PERSON,SHIP,he dependencies haggle quickly after
25440-5,25440,185,12,5,49.00,53173.82,0.08,0.01,R,F,1994-03-11,1994-03-27,1994-03-29,TAKE BACK RETURN,TRUCK, blithely slyly final deposits. 
25440-6,25440,47,23,6,32.00,30305.28,0.08,0.05,A,F,1994-06-04,1994-03-26,1994-06-10,DELIVER IN PERSON,MAIL,carefully special
25441-1,25441,939,42,1,17.00,31278.81,0.10,0.08,A,F,1995-03-18,1995-03-08,1995-03-19,COLLECT COD,AIR,"slyly regular courts. regular, ironic th"
25442-1,25442,1766,93,1,17.00,28351.92,0.00,0.03,A,F,1992-01-26,1992-02-21,1992-02-20,COLLECT COD,AIR,ests. slyly unus
25442-2,25442,971,72,2,23.00,43055.31,0.00,0.06,A,F,1992-03-20,1992-02-15,1992-04-06,TAKE BACK RETURN,AIR,"ar, ironic grouches. carefully ironic re"
25442-3,25442,1157,94,3,33.00,34918.95,0.06,0.05,A,F,1992-03-27,1992-02-29,1992-04-05,COLLECT COD,MAIL,posits nag ir
25442-4,25442,463,51,4,23.00,31359.58,0.09,0.06,A,F,1992-04-05,1992-03-19,1992-05-04,DELIVER IN PERSON,MAIL,inst the furiously brave dolphins. q
25442-5,25442,1998,43,5,3.00,5699.97,0.05,0.07,A,F,1992-04-12,1992-03-31,1992-04-20,COLLECT COD,MAIL," ironic, regu"
25443-1,25443,1829,30,1,19.00,32885.58,0.05,0.08,A,F,1992-12-02,1992-11-07,1992-12-10,NONE,REG AIR,"thely final packages. regular, final depos"
25443-2,25443,1303,42,2,33.00,39741.90,0.07,0.03,A,F,1992-11-21,1992-11-21,1992-11-25,COLLECT COD,REG AIR,ly furiously pending pains. accounts mus
25443-3,25443,930,99,3,13.00,23802.09,0.04,0.07,R,F,1992-10-23,1992-11-23,1992-11-12,COLLECT COD,TRUCK,ts wake theodolites. regula
25444-1,25444,77,3,1,2.00,1954.14,0.02,0.05,R,F,1993-05-14,1993-03-05,1993-05-27,DELIVER IN PERSON,REG AIR,n quickly after the boldly specia
25444-2,25444,1572,13,2,30.00,44207.10,0.02,0.07,A,F,1993-04-07,1993-03-24,1993-04-17,DELIVER IN PERSON,REG AIR,carefully regular dolphins ar
25445-1,25445,957,58,1,50.00,92897.50,0.06,0.00,A,F,1994-05-31,1994-08-07,1994-06-30,DELIVER IN PERSON,REG AIR,ndencies. ironic
25445-2,25445,31,57,2,11.00,10241.33,0.06,0.03,R,F,1994-05-31,1994-07-25,1994-06-19,TAKE BACK RETURN,RAIL,n requests a
25445-3,25445,1311,12,3,4.00,4849.24,0.06,0.07,R,F,1994-08-05,1994-08-22,1994-08-26,NONE,MAIL,dencies slee
25445-4,25445,1710,37,4,19.00,30622.49,0.09,0.06,A,F,1994-08-18,1994-08-18,1994-09-02,COLLECT COD,TRUCK,beans detect. blithely ironic packages 
25445-5,25445,1105,6,5,39.00,39237.90,0.00,0.00,R,F,1994-06-13,1994-07-13,1994-07-01,TAKE BACK RETURN,AIR,ideas? accounts are quickly? furiously f
25445-6,25445,1441,42,6,23.00,30876.12,0.04,0.04,R,F,1994-07-09,1994-07-13,1994-08-08,DELIVER IN PERSON,SHIP,lent asymptotes wake fluffily
25445-7,25445,599,100,7,48.00,71980.32,0.08,0.06,R,F,1994-09-09,1994-07-11,1994-09-19,TAKE BACK RETURN,REG AIR,ckly pending instr
25446-1,25446,40,41,1,39.00,36661.56,0.05,0.01,R,F,1993-03-12,1992-12-31,1993-03-29,TAKE BACK RETURN,FOB,"ajole pending, final pinto beans. ev"
25446-2,25446,935,4,2,34.00,62421.62,0.00,0.08,A,F,1992-11-19,1993-01-19,1992-12-07,NONE,SHIP,pending requests sleep. carefully brav
25447-1,25447,886,53,1,15.00,26803.20,0.00,0.05,R,F,1992-09-15,1992-07-06,1992-09-16,DELIVER IN PERSON,AIR,ly special deposits. idle packages inte
25447-2,25447,168,21,2,2.00,2136.32,0.00,0.05,A,F,1992-05-31,1992-06-24,1992-06-16,TAKE BACK RETURN,TRUCK,"ess instructions. quick, final "
25447-3,25447,1867,11,3,41.00,72523.26,0.06,0.08,R,F,1992-06-16,1992-06-24,1992-07-06,DELIVER IN PERSON,REG AIR,e about th
25447-4,25447,1926,59,4,15.00,27418.80,0.07,0.06,R,F,1992-09-05,1992-08-16,1992-09-08,TAKE BACK RETURN,RAIL,ously slyly final dependencies! 
25447-5,25447,943,46,5,29.00,53474.26,0.10,0.05,A,F,1992-08-06,1992-07-22,1992-09-05,NONE,TRUCK,frets engage furio
25472-1,25472,497,85,1,21.00,29347.29,0.09,0.02,A,F,1994-08-09,1994-08-16,1994-09-01,NONE,MAIL,encies wake blithely even acc
25472-2,25472,525,26,2,43.00,61297.36,0.05,0.05,R,F,1994-07-18,1994-08-15,1994-08-14,COLLECT COD,MAIL,es haggle carefully. quickly ironic do
25473-1,25473,1281,93,1,19.00,22463.32,0.09,0.01,R,F,1993-02-07,1992-12-17,1993-02-25,NONE,TRUCK,zle quickly. slyly regular 
25473-2,25473,1364,41,2,22.00,27837.92,0.00,0.05,R,F,1993-01-20,1992-12-13,1993-02-06,COLLECT COD,AIR,lithely regular pin
25473-3,25473,1485,64,3,13.00,18024.24,0.06,0.06,A,F,1993-01-19,1992-12-12,1993-02-13,NONE,SHIP,"even, special depo"
25474-1,25474,818,19,1,38.00,65314.78,0.01,0.04,A,F,1992-07-31,1992-08-06,1992-08-18,NONE,REG AIR,s past the blithely regular asymptot
25474-2,25474,731,96,2,7.00,11422.11,0.08,0.00,R,F,1992-08-05,1992-09-13,1992-08-09,DELIVER IN PERSON,FOB,e carefully ironic dependencies.
25474-3,25474,1123,60,3,13.00,13313.56,0.06,0.08,A,F,1992-09-04,1992-08-18,1992-10-04,TAKE BACK RETURN,RAIL,s must are furiously along th
25474-4,25474,1860,4,4,35.00,61665.10,0.06,0.02,A,F,1992-10-18,1992-07-25,1992-11-06,DELIVER IN PERSON,REG AIR,furiously regular pinto bean
25474-5,25474,949,50,5,34.00,62897.96,0.08,0.04,A,F,1992-07-27,1992-08-10,1992-08-11,COLLECT COD,MAIL,ly final attainments sleep pinto beans. i
25474-6,25474,591,22,6,43.00,64138.37,0.01,0.02,R,F,1992-09-26,1992-08-31,1992-10-24,TAKE BACK RETURN,TRUCK,ing to the car
25475-1,25475,686,80,1,8.00,12693.44,0.08,0.05,A,F,1994-06-30,1994-06-20,1994-07-15,TAKE BACK RETURN,REG AIR,lar courts. blithely ironi
25475-2,25475,1517,38,2,27.00,38299.77,0.10,0.04,R,F,1994-07-15,1994-05-19,1994-08-09,DELIVER IN PERSON,MAIL,r instructions engage slyly u
25475-3,25475,1460,78,3,9.00,12253.14,0.07,0.00,A,F,1994-06-30,1994-05-25,1994-07-24,TAKE BACK RETURN,AIR,ges according to the
25476-1,25476,1657,58,1,17.00,26497.05,0.05,0.03,A,F,1992-11-25,1992-11-14,1992-12-15,TAKE BACK RETURN,TRUCK, ironic theodolites. furio
25476-2,25476,1862,63,2,30.00,52915.80,0.10,0.05,A,F,1992-11-13,1992-12-26,1992-11-21,TAKE BACK RETURN,RAIL,pecial excuses on the courts hagg
25477-1,25477,30,31,1,7.00,6510.21,0.02,0.03,R,F,1993-09-23,1993-12-04,1993-10-07,NONE,FOB,ptotes. slyly even packages after the idly
25477-2,25477,442,43,2,7.00,9397.08,0.08,0.01,A,F,1993-09-28,1993-12-18,1993-10-01,TAKE BACK RETURN,REG AIR, fluffily unusual accounts. furiousl
25477-3,25477,1298,73,3,2.00,2398.58,0.00,0.05,R,F,1993-12-22,1993-12-09,1993-12-27,DELIVER IN PERSON,TRUCK,to beans ar
25477-4,25477,215,70,4,49.00,54645.29,0.10,0.08,A,F,1993-10-22,1993-12-14,1993-11-11,TAKE BACK RETURN,TRUCK,uickly furiously final court
25477-5,25477,1469,87,5,13.00,17815.98,0.06,0.04,R,F,1994-01-06,1993-11-29,1994-01-15,COLLECT COD,MAIL, deposits; even tithes are ca
25477-6,25477,1996,41,6,16.00,30367.84,0.02,0.02,A,F,1993-11-24,1993-10-30,1993-12-19,NONE,AIR,l attainments detect idly 
25478-1,25478,1204,79,1,26.00,28735.20,0.02,0.07,R,F,1992-06-01,1992-07-22,1992-06-06,TAKE BACK RETURN,FOB, even dugouts haggle slyly. 
25478-2,25478,119,72,2,6.00,6114.66,0.08,0.06,A,F,1992-06-30,1992-07-09,1992-07-20,NONE,SHIP,gle express deposits. s
25478-3,25478,969,38,3,25.00,46749.00,0.01,0.00,R,F,1992-07-15,1992-06-08,1992-07-31,NONE,SHIP,ackages. s
25478-4,25478,568,99,4,12.00,17622.72,0.09,0.01,R,F,1992-07-24,1992-07-09,1992-08-18,TAKE BACK RETURN,REG AIR,kly bold sauternes. carefully eve
25478-5,25478,1896,83,5,2.00,3595.78,0.10,0.04,A,F,1992-08-18,1992-07-18,1992-09-13,DELIVER IN PERSON,SHIP, theodolites are furiously closely
25479-1,25479,520,81,1,10.00,14205.20,0.00,0.01,A,F,1995-06-15,1995-06-03,1995-06-16,DELIVER IN PERSON,RAIL,efully regular pinto beans dete
25479-2,25479,875,42,2,47.00,83465.89,0.03,0.01,R,F,1995-05-14,1995-07-05,1995-06-06,COLLECT COD,AIR,ccounts print blithely slyly specia
25504-1,25504,914,15,1,9.00,16334.19,0.04,0.05,N,O,1995-06-25,1995-08-09,1995-07-03,TAKE BACK RETURN,FOB,refully along the slyly ironic 
25504-2,25504,1267,79,2,32.00,37384.32,0.03,0.03,N,O,1995-07-28,1995-08-19,1995-08-20,TAKE BACK RETURN,REG AIR,"ffily even packages are pending, ruthl"
25504-3,25504,1157,30,3,26.00,27511.90,0.07,0.00,N,O,1995-07-13,1995-07-05,1995-08-12,TAKE BACK RETURN,RAIL, theodolites believe after the si
25505-1,25505,1609,33,1,3.00,4531.80,0.06,0.06,N,O,1997-02-08,1997-03-11,1997-02-17,TAKE BACK RETURN,SHIP,al accounts acco
25505-2,25505,1940,73,2,29.00,53416.26,0.07,0.01,N,O,1997-03-21,1997-03-07,1997-04-09,NONE,SHIP,ajole slyly. fluffily ironic a
25505-3,25505,863,30,3,20.00,35277.20,0.02,0.04,N,O,1997-01-02,1997-02-03,1997-01-04,COLLECT COD,MAIL,s promise 
25505-4,25505,247,75,4,43.00,49331.32,0.09,0.07,N,O,1997-04-11,1997-02-03,1997-04-16,TAKE BACK RETURN,RAIL,"ess requests haggle furiously even, regula"
25505-5,25505,785,82,5,1.00,1685.78,0.00,0.03,N,O,1997-03-15,1997-03-30,1997-04-02,DELIVER IN PERSON,TRUCK,uests wake carefully carefully unusual bra
25505-6,25505,999,68,6,29.00,55099.71,0.03,0.04,N,O,1997-01-03,1997-03-12,1997-01-12,NONE,FOB, fluffily s
25506-1,25506,1551,92,1,36.00,52291.80,0.08,0.08,R,F,1993-06-20,1993-05-15,1993-06-21,TAKE BACK RETURN,TRUCK," slyly. even, final"
25507-1,25507,1570,71,1,19.00,27959.83,0.01,0.06,A,F,1994-09-08,1994-10-10,1994-09-30,NONE,REG AIR,toward the pen
25507-2,25507,1386,25,2,50.00,64369.00,0.09,0.08,R,F,1994-11-25,1994-09-09,1994-12-16,TAKE BACK RETURN,TRUCK, packages; fluffil
25507-3,25507,976,77,3,34.00,63816.98,0.02,0.07,A,F,1994-11-16,1994-10-20,1994-11-30,COLLECT COD,FOB,riously regular dep
25507-4,25507,476,77,4,34.00,46799.98,0.06,0.04,A,F,1994-09-10,1994-09-27,1994-09-30,DELIVER IN PERSON,TRUCK,egular packages wake blithely across t
25507-5,25507,1368,7,5,34.00,43158.24,0.07,0.01,R,F,1994-09-26,1994-10-20,1994-10-05,COLLECT COD,RAIL,beyond the blithe
25507-6,25507,1749,50,6,25.00,41268.50,0.07,0.00,R,F,1994-08-28,1994-10-19,1994-09-07,TAKE BACK RETURN,REG AIR,p slyly according to the final deposits. f
25507-7,25507,571,62,7,14.00,20601.98,0.07,0.06,A,F,1994-10-05,1994-10-22,1994-11-03,NONE,SHIP,nic dependencies are blithely along
25508-1,25508,250,5,1,20.00,23005.00,0.09,0.00,N,O,1998-09-09,1998-09-25,1998-09-15,TAKE BACK RETURN,TRUCK,ge fluffily. bold f
25508-2,25508,897,97,2,24.00,43149.36,0.03,0.01,N,O,1998-07-27,1998-09-12,1998-07-30,COLLECT COD,MAIL,ould have to wake carefully after the 
25508-3,25508,1035,71,3,5.00,4680.15,0.08,0.03,N,O,1998-09-29,1998-08-15,1998-10-07,COLLECT COD,AIR,"lly according to the final, even pin"
25509-1,25509,1421,22,1,4.00,5289.68,0.08,0.06,R,F,1994-07-25,1994-07-15,1994-07-28,DELIVER IN PERSON,AIR,y ironic accounts wake.
25509-2,25509,42,18,2,36.00,33913.44,0.07,0.07,A,F,1994-09-01,1994-08-04,1994-09-15,COLLECT COD,RAIL,yly special instruct
25509-3,25509,213,95,3,50.00,55660.50,0.07,0.07,R,F,1994-09-08,1994-07-06,1994-10-05,DELIVER IN PERSON,SHIP,le slyly. requests pro
25510-1,25510,144,23,1,39.00,40721.46,0.07,0.02,R,F,1994-09-13,1994-09-22,1994-10-07,TAKE BACK RETURN,AIR,ven instructions integrate
25510-2,25510,345,46,2,38.00,47322.92,0.08,0.04,A,F,1994-10-21,1994-08-21,1994-10-31,DELIVER IN PERSON,TRUCK,"e final, express depths. slyly"
25510-3,25510,1839,26,3,6.00,10444.98,0.09,0.06,R,F,1994-07-27,1994-09-18,1994-08-22,DELIVER IN PERSON,TRUCK,uffy pinto beans haggle quick
25511-1,25511,1669,11,1,3.00,4711.98,0.02,0.06,A,F,1994-04-25,1994-03-05,1994-05-14,COLLECT COD,SHIP,s boost slyly.
25511-2,25511,364,21,2,25.00,31609.00,0.09,0.03,R,F,1994-02-01,1994-03-31,1994-02-24,TAKE BACK RETURN,FOB,e after the final packages. s
25511-3,25511,783,80,3,46.00,77453.88,0.05,0.05,R,F,1994-04-02,1994-03-27,1994-04-10,NONE,MAIL,"e unusual, regular requests. theodolites ar"
25536-1,25536,570,1,1,9.00,13235.13,0.03,0.04,N,O,1995-09-02,1995-08-25,1995-09-10,COLLECT COD,RAIL, pinto beans boost furiously fluffily
25537-1,25537,1066,2,1,18.00,17407.08,0.10,0.03,R,F,1993-08-19,1993-07-07,1993-09-09,NONE,SHIP,es haggle carefully a
25537-2,25537,1764,49,2,6.00,9994.56,0.10,0.08,A,F,1993-08-14,1993-06-07,1993-09-13,COLLECT COD,REG AIR,ke slyly! accounts along the bold a
25537-3,25537,612,44,3,39.00,58991.79,0.07,0.08,A,F,1993-07-13,1993-05-31,1993-07-18,NONE,RAIL," the final, express a"
25538-1,25538,1277,78,1,32.00,37704.64,0.02,0.04,N,O,1996-08-02,1996-09-19,1996-08-13,TAKE BACK RETURN,RAIL,p silently quickly special pi
25539-1,25539,1365,80,1,49.00,62051.64,0.07,0.08,N,O,1997-10-29,1997-12-25,1997-11-27,NONE,FOB,counts. carefully final dugou
25539-2,25539,1205,43,2,37.00,40929.40,0.00,0.03,N,O,1997-12-24,1997-11-18,1998-01-14,NONE,SHIP,ans promise. furiously unusua
25539-3,25539,55,31,3,5.00,4775.25,0.06,0.06,N,O,1998-01-06,1998-01-02,1998-01-18,NONE,AIR,posits thrash careful
25540-1,25540,1600,1,1,41.00,61565.60,0.02,0.01,N,O,1996-06-03,1996-06-05,1996-06-12,TAKE BACK RETURN,REG AIR, furiously regularly e
25541-1,25541,1611,53,1,44.00,66554.84,0.07,0.04,A,F,1994-03-19,1994-03-06,1994-04-10,DELIVER IN PERSON,MAIL,ular requests sleep furiously among the b
25541-2,25541,986,87,2,21.00,39626.58,0.02,0.02,R,F,1994-04-12,1994-03-21,1994-04-24,COLLECT COD,FOB,y even inst
25541-3,25541,1282,20,3,48.00,56797.44,0.03,0.06,R,F,1994-03-30,1994-04-07,1994-04-06,NONE,AIR,ven pinto beans cajo
25542-1,25542,342,27,1,17.00,21119.78,0.06,0.03,A,F,1993-01-14,1993-02-08,1993-01-18,TAKE BACK RETURN,MAIL,en instructions are slyly about the re
25542-2,25542,511,42,2,3.00,4234.53,0.09,0.00,R,F,1993-02-04,1993-02-18,1993-02-13,TAKE BACK RETURN,TRUCK, slyly unusual asymptotes. iro
25542-3,25542,1572,73,3,22.00,32418.54,0.01,0.06,A,F,1993-03-27,1993-02-11,1993-04-26,TAKE BACK RETURN,SHIP,riously reg
25542-4,25542,833,100,4,23.00,39878.09,0.05,0.07,R,F,1993-01-02,1993-02-03,1993-01-07,COLLECT COD,SHIP,oggedly qui
25542-5,25542,376,33,5,9.00,11487.33,0.08,0.06,R,F,1993-02-12,1993-03-02,1993-03-04,NONE,TRUCK,l accounts. account
25543-1,25543,594,25,1,39.00,58289.01,0.04,0.02,R,F,1993-11-03,1993-11-30,1993-11-30,TAKE BACK RETURN,SHIP,g regular 
25568-1,25568,1864,51,1,26.00,45912.36,0.08,0.06,N,O,1997-02-13,1996-12-11,1997-02-19,TAKE BACK RETURN,MAIL,d platelets detect sl
25568-2,25568,172,73,2,43.00,46103.31,0.10,0.03,N,O,1996-12-14,1996-12-06,1997-01-01,COLLECT COD,FOB, final theodolites.
25568-3,25568,162,41,3,34.00,36113.44,0.07,0.08,N,O,1996-12-05,1996-11-30,1997-01-01,NONE,AIR, express orbits among the slyly even platel
25568-4,25568,1261,36,4,15.00,17433.90,0.04,0.03,N,O,1997-01-25,1996-12-17,1997-02-05,COLLECT COD,MAIL,even dolphins. quickly final pinto beans
25568-5,25568,1200,37,5,19.00,20922.80,0.04,0.07,N,O,1996-12-01,1996-12-02,1996-12-10,COLLECT COD,TRUCK,s should cajole furiously. fina
25569-1,25569,1292,93,1,48.00,57277.92,0.01,0.01,A,F,1992-07-11,1992-09-11,1992-07-28,TAKE BACK RETURN,REG AIR,always final 
25569-2,25569,1981,70,2,3.00,5648.94,0.09,0.06,R,F,1992-08-13,1992-09-05,1992-09-04,DELIVER IN PERSON,SHIP,xes. furiously idle acc
25569-3,25569,1317,94,3,4.00,4873.24,0.01,0.08,R,F,1992-10-28,1992-09-21,1992-11-26,TAKE BACK RETURN,MAIL,"ng, bold packages: carefully fina"
25569-4,25569,25,51,4,10.00,9250.20,0.06,0.03,A,F,1992-07-26,1992-09-05,1992-08-05,DELIVER IN PERSON,MAIL,ut the unusual accoun
25569-5,25569,483,71,5,7.00,9684.36,0.04,0.04,R,F,1992-10-09,1992-09-10,1992-10-19,TAKE BACK RETURN,AIR,ly. carefully regular dinos cajole pend
25569-6,25569,655,49,6,5.00,7778.25,0.01,0.05,A,F,1992-10-23,1992-09-23,1992-11-13,DELIVER IN PERSON,MAIL,affix-- finally pending pa
25569-7,25569,399,56,7,25.00,32484.75,0.00,0.06,R,F,1992-10-23,1992-08-14,1992-11-18,DELIVER IN PERSON,TRUCK,fully even pinto beans above the furious
25570-1,25570,994,97,1,26.00,49269.74,0.06,0.00,R,F,1992-06-12,1992-03-23,1992-07-03,DELIVER IN PERSON,TRUCK,o the fluffily unusu
25570-2,25570,365,94,2,9.00,11388.24,0.09,0.06,R,F,1992-06-11,1992-04-26,1992-07-04,DELIVER IN PERSON,TRUCK,al instructions. e
25570-3,25570,1998,31,3,21.00,39899.79,0.08,0.06,A,F,1992-06-11,1992-03-25,1992-06-17,TAKE BACK RETURN,FOB,"g, pending foxes. special ideas wa"
25570-4,25570,88,39,4,14.00,13833.12,0.07,0.02,A,F,1992-05-23,1992-03-26,1992-06-11,DELIVER IN PERSON,MAIL,ts unwind above the blithely regula
25571-1,25571,1896,40,1,35.00,62926.15,0.06,0.08,R,F,1992-09-03,1992-10-19,1992-09-07,TAKE BACK RETURN,SHIP,ously ironic
25572-1,25572,638,70,1,15.00,23079.45,0.04,0.00,A,F,1995-05-01,1995-04-03,1995-05-08,DELIVER IN PERSON,MAIL,lyly even pinto beans cajole carefull
25572-2,25572,584,45,2,48.00,71259.84,0.03,0.08,A,F,1995-03-03,1995-03-02,1995-03-26,NONE,TRUCK,lphins integrate blithely to the e
25573-1,25573,1340,17,1,38.00,47170.92,0.01,0.06,A,F,1993-11-27,1993-12-08,1993-12-21,DELIVER IN PERSON,SHIP,hely pending d
25573-2,25573,897,98,2,18.00,32362.02,0.05,0.06,A,F,1994-01-30,1993-12-20,1994-02-14,NONE,FOB, across the furiously ironic realms
25573-3,25573,1799,26,3,25.00,42519.75,0.02,0.08,R,F,1994-02-15,1994-01-07,1994-03-16,COLLECT COD,RAIL,ckages-- busily regular requests use bl
25573-4,25573,1285,86,4,11.00,13049.08,0.04,0.04,R,F,1993-12-09,1994-01-11,1994-01-04,NONE,REG AIR,ns across the acco
25573-5,25573,1371,72,5,44.00,55984.28,0.00,0.06,A,F,1993-11-12,1994-01-25,1993-12-08,DELIVER IN PERSON,SHIP,"y along the even,"
25573-6,25573,109,62,6,34.00,34309.40,0.09,0.08,R,F,1994-01-21,1993-12-25,1994-02-07,TAKE BACK RETURN,SHIP,"ideas must cajole blithely. ironic,"
25573-7,25573,1683,7,7,9.00,14262.12,0.03,0.04,A,F,1994-02-15,1994-01-10,1994-02-27,DELIVER IN PERSON,MAIL, platelets.
25574-1,25574,673,67,1,45.00,70815.15,0.10,0.02,R,F,1994-04-03,1994-05-12,1994-04-04,TAKE BACK RETURN,REG AIR, use-- evenly b
25574-2,25574,1281,56,2,25.00,29557.00,0.09,0.08,R,F,1994-03-29,1994-05-17,1994-04-27,COLLECT COD,MAIL,y into the blithe requests. 
25574-3,25574,368,69,3,31.00,39319.16,0.00,0.00,A,F,1994-03-29,1994-05-18,1994-04-25,COLLECT COD,REG AIR,pecial deposits breach blithe
25574-4,25574,1400,77,4,35.00,45549.00,0.02,0.03,A,F,1994-05-27,1994-06-06,1994-06-07,NONE,REG AIR,kly against the furio
25574-5,25574,353,38,5,26.00,32587.10,0.07,0.07,R,F,1994-06-10,1994-05-02,1994-06-27,DELIVER IN PERSON,REG AIR,ly even accounts cajole among the 
25574-6,25574,295,96,6,22.00,26296.38,0.06,0.07,R,F,1994-04-26,1994-06-11,1994-05-02,COLLECT COD,AIR,ding accounts. slyly e
25575-1,25575,1297,9,1,18.00,21569.22,0.03,0.00,R,F,1992-08-09,1992-07-05,1992-08-20,NONE,AIR,. carefully final packages haggle b
25575-2,25575,915,16,2,40.00,72636.40,0.03,0.06,R,F,1992-09-23,1992-07-09,1992-10-12,COLLECT COD,FOB, beans. ca
25575-3,25575,1667,91,3,5.00,7843.30,0.05,0.04,R,F,1992-09-11,1992-08-09,1992-09-28,DELIVER IN PERSON,MAIL,jole carefully bold packages. carefully
25575-4,25575,798,63,4,45.00,76445.55,0.07,0.04,R,F,1992-09-05,1992-08-12,1992-09-06,COLLECT COD,MAIL,"fily ironic accounts. regular, e"
25600-1,25600,672,73,1,16.00,25162.72,0.04,0.08,N,O,1998-08-19,1998-09-23,1998-08-21,DELIVER IN PERSON,AIR,riously silent p
25600-2,25600,1583,4,2,19.00,28207.02,0.10,0.02,N,O,1998-08-24,1998-09-11,1998-09-10,COLLECT COD,REG AIR, impress about the final pinto beans.
25600-3,25600,1014,20,3,22.00,20130.22,0.09,0.08,N,O,1998-09-02,1998-09-04,1998-10-02,TAKE BACK RETURN,REG AIR,totes slee
25600-4,25600,454,84,4,3.00,4063.35,0.07,0.01,N,O,1998-08-29,1998-08-18,1998-09-05,COLLECT COD,RAIL,l deposits. slyly si
25600-5,25600,1174,11,5,12.00,12902.04,0.06,0.07,N,O,1998-08-05,1998-09-17,1998-08-08,TAKE BACK RETURN,REG AIR,y final asymptotes sle
25600-6,25600,959,94,6,35.00,65098.25,0.09,0.02,N,O,1998-07-28,1998-09-08,1998-08-15,NONE,REG AIR,e slyly final instructions sleep accordin
25601-1,25601,1455,56,1,8.00,10851.60,0.09,0.00,A,F,1994-01-15,1994-03-16,1994-02-13,TAKE BACK RETURN,REG AIR,unts wake blithely even 
25601-2,25601,1171,44,2,23.00,24659.91,0.02,0.02,A,F,1994-01-24,1994-03-04,1994-02-19,DELIVER IN PERSON,FOB,e above the
25601-3,25601,1412,52,3,6.00,7880.46,0.10,0.05,A,F,1994-04-03,1994-03-17,1994-04-27,TAKE BACK RETURN,TRUCK, to the accounts. slyl
25601-4,25601,1203,41,4,21.00,23188.20,0.02,0.06,R,F,1994-02-11,1994-02-12,1994-02-25,NONE,TRUCK,kages. final instruction
25601-5,25601,875,76,5,48.00,85241.76,0.03,0.03,R,F,1994-01-10,1994-02-20,1994-01-29,NONE,MAIL,te slyly alongside of t
25602-1,25602,680,81,1,32.00,50581.76,0.04,0.08,N,O,1996-05-10,1996-04-29,1996-05-19,NONE,MAIL,even courts kindle fluffily. da
25602-2,25602,849,83,2,31.00,54245.04,0.02,0.06,N,O,1996-06-18,1996-05-05,1996-07-16,COLLECT COD,MAIL,ely final packages try to us
25602-3,25602,1072,43,3,21.00,20434.47,0.04,0.01,N,O,1996-04-15,1996-04-26,1996-04-22,COLLECT COD,FOB,y final deposi
25603-1,25603,1686,28,1,28.00,44455.04,0.08,0.02,A,F,1995-05-12,1995-05-06,1995-05-18,DELIVER IN PERSON,AIR,nal requests are. furiously slow ide
25603-2,25603,1920,9,2,39.00,71054.88,0.00,0.06,A,F,1995-04-11,1995-04-25,1995-04-21,COLLECT COD,MAIL,ts sublate thinly silent account
25603-3,25603,1523,64,3,18.00,25641.36,0.01,0.08,N,F,1995-06-14,1995-04-24,1995-06-18,COLLECT COD,REG AIR, blithely ironic 
25603-4,25603,476,77,4,4.00,5505.88,0.00,0.03,A,F,1995-04-16,1995-05-13,1995-05-08,TAKE BACK RETURN,TRUCK,bold ideas sleep furiously? bli
25604-1,25604,506,37,1,31.00,43601.50,0.07,0.07,N,O,1997-12-04,1998-01-03,1997-12-10,DELIVER IN PERSON,REG AIR,along the unusual pinto beans. r
25604-2,25604,724,89,2,32.00,51991.04,0.04,0.00,N,O,1997-12-14,1998-01-17,1998-01-04,NONE,FOB, ideas sleep furiously f
25604-3,25604,1684,26,3,2.00,3171.36,0.09,0.04,N,O,1998-03-09,1998-01-11,1998-04-06,NONE,TRUCK,eep carefully aga
25604-4,25604,1374,75,4,36.00,45913.32,0.09,0.00,N,O,1997-12-08,1998-01-01,1998-01-02,DELIVER IN PERSON,AIR,after the regular platelets b
25604-5,25604,1682,65,5,34.00,53845.12,0.02,0.02,N,O,1997-12-04,1998-02-14,1997-12-23,NONE,REG AIR,ts breach sometimes. c
25604-6,25604,502,63,6,33.00,46282.50,0.10,0.02,N,O,1998-01-08,1998-01-02,1998-01-13,DELIVER IN PERSON,REG AIR,ess deposits. packages cajole carefully
25604-7,25604,1491,9,7,28.00,38989.72,0.09,0.01,N,O,1998-03-14,1998-01-20,1998-03-19,NONE,FOB, haggle blithely furiously regu
25605-1,25605,968,69,1,6.00,11213.76,0.06,0.04,R,F,1994-08-09,1994-07-11,1994-09-04,TAKE BACK RETURN,SHIP, regular instru
25606-1,25606,1412,52,1,18.00,23641.38,0.00,0.01,A,F,1992-06-10,1992-06-25,1992-07-10,DELIVER IN PERSON,RAIL,furiously. quickly regular pinto beans hag
25607-1,25607,1616,58,1,7.00,10623.27,0.01,0.03,N,O,1997-03-12,1997-02-09,1997-04-09,DELIVER IN PERSON,AIR,le thin plat
25607-2,25607,1564,5,2,4.00,5862.24,0.02,0.00,N,O,1996-12-11,1997-01-14,1996-12-23,TAKE BACK RETURN,TRUCK,slyly final deposits
25607-3,25607,1191,100,3,39.00,42595.41,0.01,0.00,N,O,1997-02-28,1997-02-04,1997-03-11,COLLECT COD,SHIP, furiously 
25607-4,25607,1591,72,4,19.00,28359.21,0.07,0.05,N,O,1996-12-18,1996-12-28,1997-01-07,COLLECT COD,MAIL,uses haggle. eve
25632-1,25632,103,56,1,10.00,10031.00,0.04,0.05,N,O,1996-11-16,1996-10-26,1996-12-07,TAKE BACK RETURN,SHIP,uriously bold deposits. carefully
25632-2,25632,507,38,2,7.00,9852.50,0.07,0.08,N,O,1996-11-12,1996-11-04,1996-11-27,TAKE BACK RETURN,RAIL,blithely silent foxes 
25632-3,25632,1692,75,3,36.00,57372.84,0.02,0.00,N,O,1996-12-18,1996-11-29,1997-01-05,TAKE BACK RETURN,RAIL,sly unusual platelets sleep boldly pendin
25632-4,25632,1374,89,4,34.00,43362.58,0.08,0.04,N,O,1996-09-07,1996-10-14,1996-09-11,COLLECT COD,RAIL," the even, final asymptotes doubt car"
25632-5,25632,359,16,5,33.00,41558.55,0.00,0.04,N,O,1996-10-09,1996-10-05,1996-10-24,NONE,REG AIR,ccounts boost 
25632-6,25632,292,74,6,48.00,57229.92,0.03,0.01,N,O,1996-11-27,1996-11-14,1996-12-05,TAKE BACK RETURN,FOB,ideas should
25632-7,25632,673,5,7,41.00,64520.47,0.07,0.07,N,O,1996-09-22,1996-11-24,1996-10-21,TAKE BACK RETURN,REG AIR, furiously regular packages nag sometimes
25633-1,25633,633,27,1,22.00,33739.86,0.06,0.02,N,O,1995-11-06,1995-09-02,1995-11-12,DELIVER IN PERSON,SHIP,hely! deposits doubt blithely 
25633-2,25633,659,53,2,26.00,40550.90,0.04,0.00,N,O,1995-09-09,1995-10-07,1995-09-12,DELIVER IN PERSON,AIR,ecial packages. furiously un
25633-3,25633,1446,47,3,41.00,55245.04,0.09,0.04,N,O,1995-11-03,1995-09-14,1995-11-16,COLLECT COD,SHIP,counts use alon
25633-4,25633,1576,77,4,35.00,51714.95,0.00,0.01,N,O,1995-11-16,1995-09-16,1995-12-03,COLLECT COD,TRUCK,uickly regular ideas haggle fluffily al
25633-5,25633,1308,85,5,11.00,13302.30,0.10,0.00,N,O,1995-11-24,1995-09-05,1995-12-02,DELIVER IN PERSON,MAIL,ccounts snooze across the request
25633-6,25633,1163,72,6,44.00,46823.04,0.08,0.01,N,O,1995-10-07,1995-09-03,1995-10-26,DELIVER IN PERSON,MAIL,"y final packages unwind regular, final pac"
25634-1,25634,236,91,1,48.00,54539.04,0.09,0.08,A,F,1993-09-07,1993-10-25,1993-09-16,DELIVER IN PERSON,REG AIR,platelets. dependencies against
25634-2,25634,831,98,2,30.00,51954.90,0.06,0.00,A,F,1993-11-08,1993-09-04,1993-12-06,TAKE BACK RETURN,RAIL,eodolites wake carefully. carefully ev
25634-3,25634,465,24,3,47.00,64176.62,0.08,0.05,R,F,1993-09-10,1993-10-06,1993-09-25,COLLECT COD,MAIL,its boost furiously rut
25634-4,25634,624,18,4,5.00,7623.10,0.05,0.05,R,F,1993-09-28,1993-10-18,1993-10-06,COLLECT COD,RAIL,ously careful ideas. final requests bo
25634-5,25634,1860,90,5,24.00,42284.64,0.01,0.02,R,F,1993-08-27,1993-10-14,1993-09-12,DELIVER IN PERSON,AIR,ss requests shall wake slyly p
25634-6,25634,1553,34,6,38.00,55272.90,0.08,0.08,A,F,1993-09-04,1993-09-08,1993-09-30,TAKE BACK RETURN,RAIL,lar foxes wake above the
25634-7,25634,408,9,7,23.00,30093.20,0.09,0.08,A,F,1993-11-20,1993-10-01,1993-12-02,COLLECT COD,FOB,y regular instru
25635-1,25635,1243,55,1,28.00,32038.72,0.07,0.07,A,F,1992-09-12,1992-08-26,1992-10-08,TAKE BACK RETURN,AIR,even platelets alongside of the slyly un
25635-2,25635,1081,52,2,47.00,46157.76,0.06,0.05,A,F,1992-06-09,1992-07-21,1992-07-07,DELIVER IN PERSON,MAIL,old accoun
25635-3,25635,384,69,3,24.00,30825.12,0.05,0.06,R,F,1992-07-18,1992-07-20,1992-08-06,TAKE BACK RETURN,REG AIR,"onic, even escapades about the furiously "
25635-4,25635,76,77,4,16.00,15617.12,0.08,0.07,A,F,1992-07-23,1992-08-25,1992-08-10,DELIVER IN PERSON,MAIL,to beans. blithely regular
25636-1,25636,103,30,1,14.00,14043.40,0.02,0.07,N,O,1998-07-20,1998-08-22,1998-07-24,TAKE BACK RETURN,REG AIR,"counts sleep carefully. pending, fin"
25636-2,25636,1517,58,2,21.00,29788.71,0.03,0.01,N,O,1998-10-04,1998-09-01,1998-11-01,DELIVER IN PERSON,FOB,uctions boost carefully about 
25636-3,25636,710,43,3,30.00,48321.30,0.03,0.03,N,O,1998-10-15,1998-08-13,1998-10-20,COLLECT COD,AIR,riously ironic requests thrash quickly
25636-4,25636,924,93,4,20.00,36498.40,0.06,0.05,N,O,1998-10-03,1998-09-09,1998-10-22,NONE,FOB,ss pinto bean
25637-1,25637,785,18,1,25.00,42144.50,0.09,0.08,A,F,1992-05-19,1992-05-23,1992-06-17,COLLECT COD,FOB, to the even depe
25637-2,25637,566,27,2,6.00,8799.36,0.03,0.03,A,F,1992-05-20,1992-04-08,1992-05-27,DELIVER IN PERSON,REG AIR,ep along the theodolit
25637-3,25637,1722,23,3,3.00,4871.16,0.00,0.00,A,F,1992-06-10,1992-04-02,1992-07-01,COLLECT COD,TRUCK,n dependencies about the fi
25637-4,25637,1707,8,4,6.00,9652.20,0.04,0.03,A,F,1992-06-25,1992-04-19,1992-07-02,COLLECT COD,FOB,e blithely acros
25637-5,25637,872,72,5,30.00,53186.10,0.08,0.05,A,F,1992-06-16,1992-04-24,1992-07-06,COLLECT COD,MAIL,nic epitaphs. bold sentiments cajo
25637-6,25637,1602,26,6,11.00,16539.60,0.10,0.01,A,F,1992-04-06,1992-03-31,1992-04-27,DELIVER IN PERSON,FOB,y regular accounts-- slyly i
25637-7,25637,317,74,7,16.00,19476.96,0.01,0.04,R,F,1992-06-04,1992-05-16,1992-06-20,TAKE BACK RETURN,REG AIR,hins. carefully bold requests sleep unu
25638-1,25638,1439,57,1,38.00,50936.34,0.08,0.06,A,F,1994-08-28,1994-09-13,1994-09-06,DELIVER IN PERSON,AIR,late slyly according to the furiously re
25638-2,25638,1184,85,2,47.00,51003.46,0.07,0.06,R,F,1994-10-24,1994-09-16,1994-11-22,DELIVER IN PERSON,FOB, are above the fluffi
25638-3,25638,648,49,3,39.00,60396.96,0.05,0.07,R,F,1994-10-29,1994-10-08,1994-11-18,NONE,FOB,instructions affix alongside 
25639-1,25639,1434,35,1,46.00,61429.78,0.04,0.01,A,F,1995-02-05,1995-01-10,1995-02-10,COLLECT COD,AIR,", regular "
25639-2,25639,1719,20,2,29.00,47000.59,0.01,0.07,A,F,1995-02-06,1994-11-26,1995-02-15,NONE,AIR,ording to the unusual dolphins 
25664-1,25664,1639,63,1,48.00,73950.24,0.08,0.04,R,F,1995-03-04,1995-03-19,1995-03-28,TAKE BACK RETURN,REG AIR,y accounts. carefully final pinto beans 
25664-2,25664,1970,15,2,48.00,89854.56,0.10,0.06,R,F,1995-04-17,1995-03-11,1995-04-23,DELIVER IN PERSON,TRUCK,ely regular accounts. furiousl
25665-1,25665,1352,67,1,18.00,22560.30,0.08,0.06,N,O,1996-08-17,1996-10-19,1996-09-12,COLLECT COD,SHIP,dependencies wake closely. blithely blithe
25665-2,25665,1430,31,2,24.00,31954.32,0.01,0.01,N,O,1996-10-25,1996-10-13,1996-10-28,TAKE BACK RETURN,TRUCK,refully alongside of t
25666-1,25666,63,89,1,1.00,963.06,0.08,0.08,A,F,1992-10-25,1992-10-17,1992-11-19,COLLECT COD,SHIP,ly against the blithe
25666-2,25666,1263,38,2,15.00,17463.90,0.02,0.04,R,F,1992-09-30,1992-10-03,1992-10-17,DELIVER IN PERSON,FOB,slyly ironic accounts according to 
25666-3,25666,67,43,3,16.00,15472.96,0.04,0.00,R,F,1992-10-16,1992-11-26,1992-11-08,NONE,AIR,ckages. excuses boost carefully. furiously
25666-4,25666,1942,43,4,6.00,11063.64,0.02,0.01,A,F,1992-09-23,1992-10-04,1992-10-09,TAKE BACK RETURN,MAIL,ions haggle among the ironi
25666-5,25666,63,14,5,40.00,38522.40,0.03,0.06,R,F,1992-10-05,1992-11-10,1992-10-28,COLLECT COD,AIR,s nag fluffily bold excuses. ironi
25667-1,25667,1446,47,1,31.00,41770.64,0.01,0.03,N,O,1995-12-15,1996-01-15,1995-12-16,COLLECT COD,TRUCK,tions. blithely even
25668-1,25668,214,96,1,2.00,2228.42,0.09,0.06,N,O,1997-05-24,1997-07-11,1997-05-31,DELIVER IN PERSON,SHIP,the quickly reg
25669-1,25669,1532,33,1,46.00,65942.38,0.03,0.02,R,F,1995-05-13,1995-02-17,1995-05-23,COLLECT COD,MAIL,the furiously pending package
25669-2,25669,1595,16,2,15.00,22448.85,0.09,0.04,A,F,1995-02-05,1995-04-06,1995-02-23,TAKE BACK RETURN,MAIL,oxes haggle slyly across the pl
25669-3,25669,1690,14,3,50.00,79584.50,0.10,0.04,A,F,1995-04-30,1995-02-21,1995-05-24,TAKE BACK RETURN,REG AIR,riously quiet packages cajole ca
25669-4,25669,575,36,4,19.00,28035.83,0.07,0.01,R,F,1995-05-04,1995-03-19,1995-05-20,NONE,REG AIR,blithely pending deposits 
25669-5,25669,1749,50,5,7.00,11555.18,0.05,0.06,R,F,1995-02-02,1995-03-31,1995-02-19,NONE,RAIL, to the unusual foxes. fluffily bold waters
25670-1,25670,516,77,1,38.00,53827.38,0.07,0.01,N,O,1998-04-10,1998-02-08,1998-04-26,TAKE BACK RETURN,SHIP,ongside of the 
25670-2,25670,1948,93,2,48.00,88797.12,0.02,0.03,N,O,1998-01-01,1998-03-04,1998-01-11,TAKE BACK RETURN,AIR,le quickly. fluffily special theodolit
25670-3,25670,1407,25,3,20.00,26168.00,0.09,0.08,N,O,1998-03-25,1998-01-25,1998-04-05,DELIVER IN PERSON,REG AIR,s. fluffily
25670-4,25670,819,20,4,1.00,1719.81,0.04,0.06,N,O,1998-04-03,1998-02-01,1998-05-03,TAKE BACK RETURN,MAIL, final pinto beans nod. slyly regular
25670-5,25670,1645,46,5,29.00,44852.56,0.10,0.05,N,O,1998-03-06,1998-03-11,1998-03-23,NONE,MAIL,gular accounts? carefully regular 
25671-1,25671,576,37,1,24.00,35437.68,0.08,0.04,N,O,1997-07-26,1997-06-17,1997-08-08,TAKE BACK RETURN,AIR,mong the furiously
25671-2,25671,13,64,2,9.00,8217.09,0.04,0.02,N,O,1997-05-21,1997-07-15,1997-05-27,TAKE BACK RETURN,FOB,ly bold inst
25671-3,25671,1086,92,3,45.00,44418.60,0.02,0.06,N,O,1997-06-04,1997-06-14,1997-06-19,COLLECT COD,MAIL,xpress pinto beans n
25671-4,25671,1060,66,4,4.00,3844.24,0.05,0.01,N,O,1997-06-29,1997-06-27,1997-07-01,NONE,TRUCK,ly regular theodolites doze bra
25671-5,25671,709,74,5,12.00,19316.40,0.08,0.02,N,O,1997-07-09,1997-06-01,1997-07-30,COLLECT COD,REG AIR,e excuses. i
25696-1,25696,52,53,1,6.00,5712.30,0.00,0.07,R,F,1993-04-15,1993-05-17,1993-04-19,NONE,FOB,uiet theodolites wake slyly furiously iron
25696-2,25696,1631,55,2,48.00,73566.24,0.09,0.00,A,F,1993-03-02,1993-05-17,1993-03-11,NONE,RAIL,blithely final
25696-3,25696,1093,99,3,34.00,33799.06,0.09,0.03,R,F,1993-05-05,1993-04-14,1993-05-10,DELIVER IN PERSON,TRUCK,"ilent, regular asympto"
25696-4,25696,503,34,4,13.00,18245.50,0.09,0.04,A,F,1993-05-31,1993-04-26,1993-06-05,COLLECT COD,FOB,dolites integrate bl
25696-5,25696,1430,48,5,4.00,5325.72,0.04,0.06,R,F,1993-02-21,1993-04-14,1993-03-18,TAKE BACK RETURN,FOB,ely regular pack
25697-1,25697,1826,70,1,6.00,10366.92,0.02,0.06,N,O,1995-07-11,1995-06-13,1995-07-27,TAKE BACK RETURN,FOB,as. slyly express deposit
25697-2,25697,57,83,2,32.00,30625.60,0.00,0.04,R,F,1995-05-07,1995-07-05,1995-05-29,NONE,FOB, furiously ironic fo
25697-3,25697,1056,57,3,1.00,957.05,0.01,0.01,A,F,1995-06-01,1995-07-09,1995-06-08,TAKE BACK RETURN,REG AIR,latelets cajole fur
25698-1,25698,993,94,1,1.00,1893.99,0.07,0.03,N,O,1998-06-23,1998-05-11,1998-06-26,COLLECT COD,RAIL,nts sleep fluffil
25698-2,25698,1943,76,2,49.00,90402.06,0.09,0.02,N,O,1998-03-03,1998-05-07,1998-03-12,TAKE BACK RETURN,REG AIR," special theodolites. unusual, bo"
25698-3,25698,701,34,3,16.00,25627.20,0.02,0.02,N,O,1998-03-04,1998-05-30,1998-03-27,NONE,FOB,"s. regular, daring accoun"
25699-1,25699,720,17,1,6.00,9724.32,0.10,0.04,N,O,1997-11-20,1998-01-17,1997-12-12,DELIVER IN PERSON,REG AIR,integrate sl
25699-2,25699,1710,37,2,29.00,46739.59,0.07,0.07,N,O,1997-12-27,1997-12-23,1998-01-13,COLLECT COD,RAIL,deas are evenly around the f
25699-3,25699,442,30,3,44.00,59067.36,0.10,0.01,N,O,1998-01-10,1997-12-31,1998-01-12,NONE,FOB,sly. furiously pen
25699-4,25699,206,88,4,49.00,54203.80,0.10,0.02,N,O,1998-03-15,1998-01-17,1998-03-29,TAKE BACK RETURN,TRUCK,daring accounts nag fluffily
25699-5,25699,1635,77,5,11.00,16902.93,0.08,0.03,N,O,1998-03-15,1997-12-27,1998-04-10,DELIVER IN PERSON,MAIL,egular deposits wak
25699-6,25699,1806,36,6,44.00,75143.20,0.09,0.07,N,O,1998-01-29,1998-01-16,1998-02-24,COLLECT COD,MAIL,hall wake carefully. un
25700-1,25700,2000,89,1,23.00,20746.00,0.05,0.00,N,O,1997-08-04,1997-06-02,1997-08-17,TAKE BACK RETURN,MAIL, even packages nag packages. regula
25701-1,25701,6,57,1,43.00,38958.00,0.08,0.05,N,O,1996-02-24,1996-03-18,1996-03-20,COLLECT COD,AIR,counts are flu
25701-2,25701,112,65,2,2.00,2024.22,0.02,0.03,N,O,1996-03-16,1996-03-15,1996-04-10,DELIVER IN PERSON,REG AIR,hely final courts sleep bl
25701-3,25701,1434,35,3,15.00,20031.45,0.00,0.02,N,O,1996-03-05,1996-04-30,1996-03-30,DELIVER IN PERSON,FOB,"ven, quiet deposits "
25701-4,25701,883,83,4,36.00,64219.68,0.10,0.08,N,O,1996-02-20,1996-03-18,1996-03-14,COLLECT COD,SHIP,ests integrate slyly care
25701-5,25701,1385,86,5,33.00,42450.54,0.02,0.00,N,O,1996-02-27,1996-04-22,1996-03-06,TAKE BACK RETURN,FOB,cial deposits along the pend
25701-6,25701,1426,44,6,45.00,59733.90,0.06,0.04,N,O,1996-05-29,1996-04-02,1996-06-25,TAKE BACK RETURN,RAIL,uriously i
25702-1,25702,336,21,1,37.00,45744.21,0.02,0.01,N,O,1996-07-21,1996-08-25,1996-07-31,TAKE BACK RETURN,SHIP,ly ironic accounts boost unusual packages!
25702-2,25702,1546,67,2,40.00,57901.60,0.01,0.03,N,O,1996-08-11,1996-09-07,1996-08-23,TAKE BACK RETURN,TRUCK,"al accounts cajole. ironic, final packag"
25702-3,25702,558,89,3,45.00,65634.75,0.09,0.00,N,O,1996-08-13,1996-08-13,1996-08-14,NONE,REG AIR,ffily even d
25702-4,25702,1258,70,4,48.00,55644.00,0.09,0.06,N,O,1996-08-20,1996-09-10,1996-08-28,DELIVER IN PERSON,FOB, cajole carefully ir
25703-1,25703,1827,71,1,14.00,24203.48,0.09,0.04,A,F,1994-04-16,1994-05-01,1994-05-12,DELIVER IN PERSON,REG AIR,xcuses. furiously final foxes wake fluf
25703-2,25703,281,9,2,30.00,35438.40,0.07,0.07,A,F,1994-05-31,1994-04-12,1994-06-11,COLLECT COD,RAIL,leep according to the package
25703-3,25703,558,59,3,13.00,18961.15,0.08,0.03,R,F,1994-06-25,1994-04-12,1994-06-27,TAKE BACK RETURN,TRUCK,ress requests haggle furiously silent depo
25728-1,25728,920,55,1,6.00,10925.52,0.07,0.03,N,O,1997-05-07,1997-05-09,1997-05-26,TAKE BACK RETURN,SHIP,ions boost carefully. fluffily final d
25728-2,25728,322,79,2,11.00,13445.52,0.00,0.00,N,O,1997-06-01,1997-05-04,1997-06-25,TAKE BACK RETURN,REG AIR,even pinto beans was. carefully re
25728-3,25728,1343,82,3,43.00,53506.62,0.06,0.04,N,O,1997-04-04,1997-04-25,1997-04-15,TAKE BACK RETURN,FOB,lithely across the 
25728-4,25728,502,63,4,26.00,36465.00,0.07,0.03,N,O,1997-05-28,1997-04-19,1997-06-03,COLLECT COD,SHIP,es. fluffily ironic instructions cajole
25728-5,25728,1781,24,5,13.00,21876.14,0.10,0.00,N,O,1997-02-19,1997-04-22,1997-03-12,COLLECT COD,RAIL,yly about the silent accounts. ironic acco
25728-6,25728,589,80,6,39.00,58093.62,0.03,0.02,N,O,1997-03-03,1997-04-17,1997-03-19,DELIVER IN PERSON,TRUCK,"will wake among the theodolites. even,"
25729-1,25729,1591,12,1,8.00,11940.72,0.03,0.08,N,O,1995-10-09,1995-11-10,1995-10-16,DELIVER IN PERSON,TRUCK,on the furiously final excuses. furiously r
25730-1,25730,1694,36,1,23.00,36700.87,0.09,0.06,N,O,1998-01-24,1997-11-12,1998-02-14,TAKE BACK RETURN,AIR,e the packages haggle ent
25730-2,25730,464,23,2,5.00,6822.30,0.02,0.03,N,O,1998-01-05,1997-12-28,1998-01-11,COLLECT COD,AIR,s nag quickly. a
25731-1,25731,1112,85,1,7.00,7091.77,0.08,0.03,A,F,1994-05-22,1994-06-14,1994-05-31,NONE,SHIP,"tes. express, bold foxes de"
25731-2,25731,1827,28,2,23.00,39762.86,0.07,0.00,R,F,1994-06-15,1994-05-14,1994-06-23,NONE,SHIP,ffily ironic ideas. bli
25731-3,25731,1047,53,3,37.00,35077.48,0.08,0.01,R,F,1994-07-02,1994-05-30,1994-07-11,NONE,RAIL,gifts-- quickly ironic pinto b
25731-4,25731,1195,4,4,6.00,6577.14,0.00,0.03,A,F,1994-05-05,1994-06-19,1994-05-25,DELIVER IN PERSON,AIR,dolites haggle. platelets across 
25731-5,25731,1748,91,5,36.00,59390.64,0.07,0.05,R,F,1994-06-04,1994-05-14,1994-06-22,COLLECT COD,FOB,ructions nag furiously according to the fl
25731-6,25731,6,7,6,38.00,34428.00,0.06,0.02,R,F,1994-07-05,1994-06-03,1994-07-23,NONE,TRUCK,ly slyly specia
25731-7,25731,1904,49,7,12.00,21670.80,0.01,0.07,R,F,1994-04-15,1994-05-18,1994-05-07,NONE,TRUCK, slyly express instructions: even
25732-1,25732,1353,30,1,10.00,12543.50,0.07,0.01,N,O,1996-05-28,1996-03-19,1996-06-17,DELIVER IN PERSON,SHIP,ges. slyly final courts use. slyly unusual 
25732-2,25732,1148,21,2,27.00,28326.78,0.09,0.06,N,O,1996-05-17,1996-04-25,1996-05-21,DELIVER IN PERSON,RAIL,ss requests. 
25732-3,25732,1390,29,3,17.00,21953.63,0.02,0.00,N,O,1996-05-17,1996-04-18,1996-06-12,NONE,MAIL,above the sometimes 
25732-4,25732,1924,57,4,12.00,21911.04,0.03,0.08,N,O,1996-06-03,1996-04-20,1996-06-21,NONE,SHIP, during the carefully even depos
25732-5,25732,1410,28,5,25.00,32785.25,0.10,0.02,N,O,1996-06-03,1996-03-27,1996-06-04,TAKE BACK RETURN,TRUCK,"ests engage quickly. regular, unusual de"
25732-6,25732,515,6,6,27.00,38218.77,0.05,0.03,N,O,1996-03-26,1996-04-25,1996-04-24,NONE,AIR,daring packages above 
25732-7,25732,1858,59,7,50.00,87992.50,0.08,0.06,N,O,1996-05-06,1996-04-24,1996-06-04,COLLECT COD,TRUCK,spite the s
25733-1,25733,770,71,1,36.00,60147.72,0.06,0.04,R,F,1992-06-28,1992-07-07,1992-07-21,TAKE BACK RETURN,AIR,y regular pinto beans are slyly ironic do
25733-2,25733,14,40,2,49.00,44786.49,0.10,0.08,A,F,1992-06-22,1992-07-21,1992-07-16,TAKE BACK RETURN,TRUCK,ing instructions cajole slyly furi
25733-3,25733,104,5,3,19.00,19077.90,0.09,0.00,R,F,1992-06-30,1992-07-10,1992-07-09,COLLECT COD,REG AIR,into beans. slyly regular foxes wa
25733-4,25733,1410,28,4,30.00,39342.30,0.03,0.02,R,F,1992-08-17,1992-06-14,1992-09-15,NONE,RAIL,t. furiously
25733-5,25733,1377,54,5,32.00,40907.84,0.10,0.00,R,F,1992-05-24,1992-07-12,1992-06-19,TAKE BACK RETURN,MAIL,regularly? r
25733-6,25733,1924,13,6,12.00,21911.04,0.03,0.03,R,F,1992-06-13,1992-06-20,1992-06-28,COLLECT COD,SHIP,platelets. asymptotes impress slyly furious
25734-1,25734,71,97,1,47.00,45640.29,0.01,0.04,N,O,1997-09-26,1997-08-16,1997-10-20,TAKE BACK RETURN,REG AIR,"ly above the unusual, regular packages. sly"
25734-2,25734,24,25,2,44.00,40656.88,0.05,0.04,N,O,1997-08-09,1997-08-23,1997-08-25,COLLECT COD,FOB,ts thrash quickly among the saut
25734-3,25734,867,1,3,19.00,33589.34,0.01,0.04,N,O,1997-08-06,1997-09-06,1997-08-31,COLLECT COD,MAIL,posits. reg
25734-4,25734,1300,12,4,37.00,44448.10,0.10,0.03,N,O,1997-07-15,1997-09-19,1997-08-09,DELIVER IN PERSON,MAIL,cording to the requests. carefully e
25735-1,25735,518,79,1,43.00,60995.93,0.04,0.08,R,F,1994-04-09,1994-02-16,1994-04-29,TAKE BACK RETURN,MAIL,quests; carefully ironic 
25735-2,25735,1738,65,2,21.00,34434.33,0.04,0.00,R,F,1994-04-12,1994-02-10,1994-04-19,TAKE BACK RETURN,MAIL,"phs. silent, pending theodoli"
25735-3,25735,1075,81,3,40.00,39042.80,0.05,0.02,R,F,1994-03-12,1994-02-22,1994-03-22,DELIVER IN PERSON,TRUCK,earls cajole alongside of the theodolites
25735-4,25735,170,23,4,27.00,28894.59,0.07,0.08,A,F,1994-01-31,1994-02-27,1994-02-07,NONE,MAIL, slyly pending packages 
25760-1,25760,437,38,1,29.00,38785.47,0.01,0.00,N,O,1996-09-07,1996-09-24,1996-09-17,TAKE BACK RETURN,SHIP,ss accounts. unusual requests according to
25760-2,25760,395,52,2,8.00,10363.12,0.08,0.01,N,O,1996-10-24,1996-09-26,1996-11-23,TAKE BACK RETURN,MAIL,f the furiously 
25760-3,25760,1237,75,3,32.00,36423.36,0.00,0.06,N,O,1996-09-12,1996-09-28,1996-10-05,COLLECT COD,MAIL,lyly regular pinto b
25760-4,25760,953,88,4,49.00,90843.55,0.07,0.00,N,O,1996-08-11,1996-08-27,1996-08-27,NONE,TRUCK,xes haggle. quickly express foxes w
25760-5,25760,1976,77,5,4.00,7511.88,0.07,0.03,N,O,1996-09-22,1996-09-18,1996-10-01,DELIVER IN PERSON,FOB, pending foxes. f
25761-1,25761,1267,68,1,7.00,8177.82,0.08,0.07,N,O,1998-09-14,1998-09-23,1998-09-21,NONE,RAIL,. foxes sle
25762-1,25762,762,63,1,25.00,41569.00,0.01,0.05,N,O,1997-04-14,1997-05-14,1997-04-29,DELIVER IN PERSON,RAIL, haggle fu
25762-2,25762,324,9,2,27.00,33056.64,0.05,0.05,N,O,1997-04-30,1997-04-26,1997-05-11,COLLECT COD,RAIL,ages integrate
25762-3,25762,1746,89,3,19.00,31307.06,0.08,0.00,N,O,1997-03-09,1997-05-08,1997-03-25,NONE,REG AIR,the unusual packages. blithely 
25763-1,25763,874,74,1,1.00,1774.87,0.05,0.07,N,O,1997-09-24,1997-09-21,1997-10-09,DELIVER IN PERSON,MAIL,lar foxes haggle carefully across the r
25763-2,25763,574,5,2,10.00,14745.70,0.05,0.03,N,O,1997-09-03,1997-08-12,1997-09-09,NONE,SHIP,"sias. final, ironic "
25763-3,25763,559,60,3,12.00,17514.60,0.09,0.01,N,O,1997-09-06,1997-10-07,1997-09-14,NONE,AIR,"ly unusual Tiresias. unusual, brave "
25764-1,25764,1816,17,1,4.00,6871.24,0.08,0.02,N,O,1997-11-28,1997-12-17,1997-12-28,DELIVER IN PERSON,AIR,fully regular instructions abo
25765-1,25765,816,17,1,21.00,36053.01,0.08,0.07,R,F,1994-06-17,1994-06-20,1994-06-29,COLLECT COD,MAIL,arefully ironic packages. careful
25766-1,25766,744,41,1,4.00,6578.96,0.00,0.04,N,O,1998-03-03,1998-03-02,1998-03-08,NONE,FOB,lyly regular deposits sl
25767-1,25767,525,16,1,32.00,45616.64,0.01,0.03,R,F,1992-04-20,1992-04-21,1992-04-26,NONE,FOB,iously special instructions are about th
25767-2,25767,1857,1,2,32.00,56283.20,0.05,0.03,A,F,1992-05-12,1992-05-15,1992-05-21,TAKE BACK RETURN,TRUCK,y. regular packages hagg
25767-3,25767,1038,44,3,35.00,32866.05,0.06,0.03,R,F,1992-06-30,1992-04-19,1992-07-22,DELIVER IN PERSON,SHIP,lithely express instruc
25767-4,25767,1406,85,4,34.00,44451.60,0.09,0.06,R,F,1992-04-01,1992-05-01,1992-04-30,NONE,FOB,"raids mold above the even, regu"
25767-5,25767,1998,87,5,8.00,15199.92,0.09,0.06,R,F,1992-06-07,1992-05-24,1992-06-11,COLLECT COD,AIR,arefully final asymptotes cajole blithely 
25767-6,25767,1144,45,6,35.00,36579.90,0.00,0.07,R,F,1992-03-11,1992-04-12,1992-03-13,DELIVER IN PERSON,RAIL,uests. deposits are furiously about the
25792-1,25792,555,46,1,26.00,37844.30,0.07,0.01,N,O,1996-12-22,1996-12-23,1997-01-10,TAKE BACK RETURN,TRUCK,eas boost. quickly final
25792-2,25792,1273,85,2,36.00,42273.72,0.08,0.02,N,O,1997-02-16,1996-12-27,1997-03-12,NONE,SHIP,"special, s"
25793-1,25793,292,47,1,45.00,53653.05,0.02,0.04,R,F,1992-06-29,1992-07-07,1992-07-04,TAKE BACK RETURN,FOB,sly regular deposits nag quickly above
25793-2,25793,1124,25,2,38.00,38954.56,0.03,0.02,R,F,1992-04-19,1992-06-17,1992-04-27,TAKE BACK RETURN,AIR,icingly final requests. bold theodolites 
25794-1,25794,1152,89,1,24.00,25275.60,0.03,0.05,N,O,1997-12-13,1997-12-27,1997-12-14,COLLECT COD,SHIP,y around th
25794-2,25794,497,27,2,37.00,51707.13,0.06,0.03,N,O,1997-10-22,1997-11-27,1997-10-27,COLLECT COD,RAIL,g to the dependen
25794-3,25794,305,62,3,22.00,26516.60,0.10,0.03,N,O,1997-10-07,1997-12-27,1997-10-22,DELIVER IN PERSON,SHIP,out the express dolphins.
25794-4,25794,1720,63,4,45.00,72977.40,0.06,0.08,N,O,1997-11-07,1997-11-17,1997-11-18,DELIVER IN PERSON,FOB,thely according to the b
25794-5,25794,64,90,5,20.00,19281.20,0.10,0.03,N,O,1998-01-11,1997-12-23,1998-01-19,DELIVER IN PERSON,MAIL,er the carefully iro
25794-6,25794,1348,87,6,10.00,12493.40,0.00,0.02,N,O,1997-12-22,1997-11-25,1997-12-26,NONE,FOB,uickly regular warho
25795-1,25795,350,51,1,49.00,61267.15,0.09,0.06,N,O,1997-11-29,1997-11-08,1997-12-11,DELIVER IN PERSON,SHIP,outs sleep sl
25796-1,25796,1882,83,1,2.00,3567.76,0.06,0.01,A,F,1993-04-05,1993-02-23,1993-04-19,DELIVER IN PERSON,AIR,equests sleep carefully into the fo
25796-2,25796,25,51,2,40.00,37000.80,0.07,0.04,R,F,1993-04-07,1993-03-31,1993-05-07,COLLECT COD,REG AIR,y final courts wake around the final pa
25796-3,25796,67,93,3,3.00,2901.18,0.03,0.08,R,F,1993-01-09,1993-02-05,1993-02-08,NONE,TRUCK,iously blithely even deposits. slyly expre
25796-4,25796,918,87,4,9.00,16370.19,0.06,0.05,R,F,1993-03-12,1993-03-12,1993-04-11,TAKE BACK RETURN,TRUCK, thin deposits are blithely furiously 
25796-5,25796,435,65,5,35.00,46740.05,0.09,0.08,A,F,1993-01-12,1993-03-24,1993-02-01,COLLECT COD,MAIL,pecial packa
25796-6,25796,642,74,6,30.00,46279.20,0.05,0.04,R,F,1993-01-02,1993-03-30,1993-01-13,NONE,TRUCK, finally ironic th
25797-1,25797,1289,27,1,21.00,24995.88,0.08,0.00,R,F,1992-09-14,1992-10-18,1992-10-13,TAKE BACK RETURN,REG AIR,even deposits. finally special r
25797-2,25797,308,37,2,45.00,54373.50,0.05,0.04,R,F,1992-11-03,1992-10-04,1992-11-30,TAKE BACK RETURN,MAIL,ckages wake carefully. pending d
25797-3,25797,1119,20,3,11.00,11221.21,0.10,0.02,R,F,1992-11-08,1992-10-15,1992-12-08,NONE,TRUCK,symptotes. slyly ironic de
25797-4,25797,1661,3,4,31.00,48442.46,0.10,0.05,R,F,1992-11-23,1992-10-12,1992-12-06,DELIVER IN PERSON,AIR,"posits. ironic, quiet ideas haggle r"
25797-5,25797,242,24,5,19.00,21702.56,0.00,0.00,A,F,1992-10-27,1992-10-20,1992-11-06,NONE,REG AIR,its; slyly final packages accordin
25798-1,25798,1554,35,1,14.00,20377.70,0.06,0.02,N,O,1998-05-16,1998-06-19,1998-05-25,TAKE BACK RETURN,REG AIR,regular deposits nag. regular excus
25798-2,25798,1635,36,2,10.00,15366.30,0.09,0.05,N,O,1998-08-22,1998-06-13,1998-09-08,COLLECT COD,SHIP,ites sleep blithely against the 
25799-1,25799,1783,68,1,36.00,60652.08,0.08,0.02,R,F,1995-04-01,1995-05-25,1995-04-19,TAKE BACK RETURN,FOB,es wake alongsid
25799-2,25799,1676,100,2,35.00,55218.45,0.03,0.03,A,F,1995-03-20,1995-04-30,1995-03-25,TAKE BACK RETURN,FOB,inal pinto beans
25799-3,25799,180,81,3,23.00,24844.14,0.02,0.07,R,F,1995-04-16,1995-03-31,1995-04-22,TAKE BACK RETURN,MAIL,the furiously careful packages use ac
25824-1,25824,756,89,1,2.00,3313.50,0.03,0.05,A,F,1994-11-07,1994-10-12,1994-11-24,NONE,FOB,egular excu
25824-2,25824,833,67,2,46.00,79756.18,0.01,0.08,R,F,1994-10-28,1994-11-06,1994-11-23,COLLECT COD,TRUCK,nstructions x-ray. p
25824-3,25824,1662,4,3,24.00,37527.84,0.10,0.06,A,F,1995-01-03,1994-11-01,1995-01-24,TAKE BACK RETURN,REG AIR,"r, ironic pinto bean"
25824-4,25824,1744,45,4,14.00,23040.36,0.02,0.01,A,F,1994-12-06,1994-10-18,1995-01-04,NONE,REG AIR,ests lose quic
25824-5,25824,662,25,5,50.00,78133.00,0.08,0.03,R,F,1994-09-12,1994-11-12,1994-10-10,TAKE BACK RETURN,RAIL,nic ideas. furious
25824-6,25824,901,70,6,12.00,21622.80,0.00,0.08,R,F,1994-10-29,1994-11-30,1994-11-07,DELIVER IN PERSON,MAIL,blithely regular forges. slyly pe
25824-7,25824,1332,47,7,44.00,54266.52,0.00,0.01,A,F,1994-11-09,1994-10-16,1994-12-02,DELIVER IN PERSON,FOB,ully permanent pearls haggle according to t
25825-1,25825,1030,36,1,38.00,35379.14,0.08,0.07,R,F,1992-09-22,1992-10-11,1992-10-10,TAKE BACK RETURN,SHIP,s according to the ironi
25825-2,25825,941,76,2,33.00,60784.02,0.02,0.06,R,F,1992-10-20,1992-08-20,1992-11-19,TAKE BACK RETURN,AIR,carefully ironic deposits.
25825-3,25825,1266,41,3,46.00,53693.96,0.03,0.06,A,F,1992-09-15,1992-09-09,1992-09-20,DELIVER IN PERSON,SHIP,deposits hagg
25825-4,25825,779,80,4,2.00,3359.54,0.00,0.05,R,F,1992-10-20,1992-10-03,1992-11-06,DELIVER IN PERSON,FOB,. furiously even ideas mus
25826-1,25826,49,75,1,22.00,20878.88,0.03,0.04,N,O,1996-10-26,1996-11-30,1996-11-03,TAKE BACK RETURN,FOB,mise busily even requ
25826-2,25826,220,21,2,17.00,19043.74,0.09,0.03,N,O,1996-12-06,1996-12-04,1996-12-17,COLLECT COD,TRUCK,he fluffily silent pinto beans. qui
25826-3,25826,123,76,3,16.00,16369.92,0.08,0.06,N,O,1997-02-15,1997-01-19,1997-03-17,DELIVER IN PERSON,REG AIR, the pending ideas serve c
25826-4,25826,1518,19,4,18.00,25551.18,0.01,0.00,N,O,1996-12-12,1996-12-14,1997-01-06,NONE,REG AIR,"side the brave, pending requests. pend"
25826-5,25826,1423,24,5,2.00,2648.84,0.02,0.08,N,O,1996-12-03,1996-12-06,1996-12-21,TAKE BACK RETURN,SHIP, fluffily expre
25826-6,25826,273,55,6,39.00,45757.53,0.03,0.07,N,O,1996-11-03,1996-12-23,1996-11-21,NONE,SHIP,carefully. carefully fina
25827-1,25827,967,68,1,4.00,7471.84,0.05,0.05,N,O,1998-09-14,1998-08-29,1998-10-08,TAKE BACK RETURN,AIR,special foxes. idly unusual packages kindle
25828-1,25828,1853,40,1,28.00,49135.80,0.05,0.07,R,F,1993-12-30,1994-01-16,1994-01-21,TAKE BACK RETURN,FOB,dly after the pending deposi
25828-2,25828,1360,75,2,18.00,22704.48,0.04,0.02,R,F,1994-02-06,1993-12-29,1994-03-04,DELIVER IN PERSON,AIR,sual requests
25828-3,25828,81,57,3,19.00,18640.52,0.02,0.03,A,F,1994-01-06,1994-02-15,1994-01-28,TAKE BACK RETURN,REG AIR,es. never bol
25828-4,25828,56,82,4,20.00,19121.00,0.06,0.08,A,F,1994-03-14,1994-02-07,1994-03-18,DELIVER IN PERSON,AIR,ach furiously sp
25828-5,25828,722,87,5,30.00,48681.60,0.00,0.04,A,F,1993-12-04,1994-01-31,1993-12-20,DELIVER IN PERSON,AIR,deposits acros
25828-6,25828,1802,46,6,25.00,42595.00,0.04,0.03,A,F,1993-12-29,1994-02-09,1994-01-20,COLLECT COD,SHIP, ideas haggle furiousl
25829-1,25829,1151,88,1,11.00,11573.65,0.05,0.01,N,O,1997-07-14,1997-07-02,1997-07-15,TAKE BACK RETURN,AIR,ess accounts according to the b
25829-2,25829,930,31,2,43.00,78729.99,0.07,0.05,N,O,1997-05-28,1997-06-28,1997-06-04,DELIVER IN PERSON,SHIP,y regular dependencies 
25830-1,25830,1849,93,1,6.00,10505.04,0.04,0.07,R,F,1993-05-08,1993-07-15,1993-05-28,NONE,FOB, the regular foxes 
25830-2,25830,721,18,2,17.00,27569.24,0.06,0.01,R,F,1993-08-09,1993-06-15,1993-08-27,TAKE BACK RETURN,RAIL,"sy, sly ideas boos"
25830-3,25830,557,18,3,17.00,24778.35,0.06,0.02,A,F,1993-05-13,1993-07-13,1993-06-11,TAKE BACK RETURN,AIR,"warhorses. ironic, ironic package"
25830-4,25830,551,42,4,27.00,39191.85,0.03,0.08,R,F,1993-07-19,1993-07-04,1993-07-27,DELIVER IN PERSON,TRUCK,rate about th
25831-1,25831,644,76,1,12.00,18535.68,0.01,0.05,A,F,1994-10-02,1994-11-06,1994-10-18,DELIVER IN PERSON,REG AIR,y even pinto beans. ironic 
25831-2,25831,1532,13,2,10.00,14335.30,0.04,0.04,A,F,1995-01-06,1994-11-21,1995-01-30,TAKE BACK RETURN,MAIL,es. bold plate
25831-3,25831,1366,81,3,31.00,39288.16,0.05,0.02,A,F,1994-12-19,1994-12-07,1995-01-11,COLLECT COD,AIR,heodolites wake ironic accou
25831-4,25831,64,40,4,49.00,47238.94,0.01,0.04,R,F,1994-12-11,1994-12-06,1994-12-23,DELIVER IN PERSON,SHIP,c excuses along th
25831-5,25831,1522,43,5,44.00,62634.88,0.02,0.03,A,F,1994-10-08,1994-11-09,1994-10-24,TAKE BACK RETURN,AIR,"egular, ironic foxes "
25856-1,25856,1508,49,1,18.00,25371.00,0.01,0.08,R,F,1992-10-09,1992-10-16,1992-10-10,COLLECT COD,MAIL,riously fin
25856-2,25856,196,75,2,33.00,36174.27,0.02,0.03,R,F,1992-10-05,1992-11-23,1992-11-01,COLLECT COD,TRUCK,lyly even packages. dependencie
25856-3,25856,1863,93,3,21.00,37062.06,0.08,0.07,A,F,1992-10-06,1992-10-29,1992-10-23,TAKE BACK RETURN,RAIL, slyly. slyly re
25856-4,25856,971,74,4,28.00,52415.16,0.07,0.06,R,F,1992-10-30,1992-11-26,1992-11-29,NONE,TRUCK, quick waters wake
25856-5,25856,91,17,5,32.00,31714.88,0.07,0.07,R,F,1992-11-24,1992-11-09,1992-12-14,NONE,FOB, nag furiously around the 
25856-6,25856,1349,64,6,38.00,47512.92,0.02,0.08,R,F,1992-10-14,1992-11-18,1992-11-07,DELIVER IN PERSON,FOB, escapades
25856-7,25856,1321,98,7,9.00,11000.88,0.05,0.07,A,F,1992-12-17,1992-11-23,1992-12-25,DELIVER IN PERSON,MAIL,quests: blithely regular packages haggle. 
25857-1,25857,1878,22,1,43.00,76534.41,0.05,0.05,N,O,1996-03-31,1996-06-06,1996-04-27,DELIVER IN PERSON,SHIP,"deas. even, silent packages cajol"
25858-1,25858,1531,12,1,9.00,12892.77,0.07,0.04,A,F,1995-05-13,1995-03-31,1995-05-28,NONE,SHIP,tructions. packages are regular accounts
25858-2,25858,1049,55,2,44.00,41801.76,0.03,0.08,N,F,1995-05-30,1995-03-25,1995-06-26,TAKE BACK RETURN,RAIL,ructions sleep 
25858-3,25858,366,95,3,39.00,49388.04,0.09,0.00,R,F,1995-04-15,1995-03-08,1995-05-02,NONE,RAIL,nag regular pinto beans. pinto 
25858-4,25858,1965,66,4,19.00,35472.24,0.02,0.04,A,F,1995-03-01,1995-03-20,1995-03-10,NONE,SHIP,eep slyly carefully final theodolite
25859-1,25859,79,5,1,46.00,45037.22,0.02,0.08,N,O,1997-02-06,1997-03-06,1997-02-12,DELIVER IN PERSON,TRUCK,uickly. ca
25859-2,25859,911,46,2,28.00,50733.48,0.05,0.05,N,O,1997-04-21,1997-03-20,1997-05-12,DELIVER IN PERSON,REG AIR, use blithely. 
25859-3,25859,775,8,3,21.00,35191.17,0.07,0.02,N,O,1997-04-12,1997-02-28,1997-04-14,TAKE BACK RETURN,RAIL,regular foxes. accounts detect fluffily ac
25859-4,25859,1174,11,4,38.00,40856.46,0.02,0.05,N,O,1997-01-29,1997-03-12,1997-02-08,NONE,MAIL,oost among t
25860-1,25860,485,86,1,10.00,13854.80,0.07,0.02,R,F,1993-01-25,1993-03-01,1993-02-21,DELIVER IN PERSON,MAIL,ter the spe
25860-2,25860,1660,2,2,50.00,78083.00,0.05,0.08,A,F,1993-01-19,1993-03-29,1993-02-06,TAKE BACK RETURN,REG AIR,carefully ironic dependenc
25860-3,25860,1838,39,3,2.00,3479.66,0.09,0.00,A,F,1993-03-06,1993-04-02,1993-03-17,NONE,TRUCK,ounts use 
25860-4,25860,76,52,4,4.00,3904.28,0.00,0.03,R,F,1993-03-14,1993-02-20,1993-03-28,COLLECT COD,FOB,accounts nag 
25861-1,25861,1486,65,1,46.00,63824.08,0.06,0.04,R,F,1992-11-21,1992-09-17,1992-12-19,TAKE BACK RETURN,AIR,ly final foxes
25861-2,25861,1525,46,2,11.00,15691.72,0.08,0.05,A,F,1992-08-10,1992-10-11,1992-08-23,DELIVER IN PERSON,FOB,ckages hind
25861-3,25861,383,12,3,35.00,44918.30,0.10,0.05,A,F,1992-09-13,1992-09-28,1992-10-10,COLLECT COD,TRUCK,as haggle blithely throughou
25861-4,25861,545,36,4,17.00,24574.18,0.10,0.05,A,F,1992-10-16,1992-10-19,1992-11-14,NONE,AIR,us accounts are fluffily acros
25861-5,25861,314,43,5,47.00,57072.57,0.03,0.01,A,F,1992-09-27,1992-10-30,1992-10-04,COLLECT COD,SHIP," packages. unusual, bold ideas for t"
25861-6,25861,1472,73,6,16.00,21975.52,0.03,0.01,A,F,1992-11-28,1992-09-07,1992-12-19,DELIVER IN PERSON,AIR, packages cajole f
25862-1,25862,1620,44,1,37.00,56299.94,0.00,0.02,N,O,1997-12-07,1997-10-27,1997-12-27,NONE,FOB,ructions thrash? furiously ex
25863-1,25863,799,64,1,25.00,42494.75,0.08,0.05,N,F,1995-06-05,1995-07-14,1995-06-18,DELIVER IN PERSON,AIR,quests sleep 
25863-2,25863,601,95,2,46.00,69073.60,0.05,0.04,N,O,1995-08-16,1995-06-16,1995-09-07,TAKE BACK RETURN,MAIL,"into beans. final, even excuses sle"
25863-3,25863,290,45,3,46.00,54753.34,0.06,0.08,N,F,1995-06-13,1995-06-23,1995-06-26,NONE,TRUCK,ideas use slyly alongside of the unusual 
25863-4,25863,876,43,4,32.00,56859.84,0.01,0.04,N,F,1995-06-12,1995-06-10,1995-07-07,NONE,SHIP,e fluffily express forges 
25863-5,25863,1393,8,5,37.00,47892.43,0.05,0.05,R,F,1995-05-28,1995-07-01,1995-06-09,DELIVER IN PERSON,TRUCK,nding dinos. regular platelets unw
25888-1,25888,1227,39,1,35.00,39487.70,0.06,0.07,N,O,1996-12-17,1996-12-26,1997-01-15,NONE,TRUCK,ely regular 
25888-2,25888,1643,26,2,36.00,55607.04,0.04,0.02,N,O,1997-01-24,1996-12-17,1997-01-25,TAKE BACK RETURN,SHIP,uickly. ironic platelets maintain. p
25888-3,25888,73,24,3,39.00,37949.73,0.07,0.00,N,O,1996-11-20,1996-12-27,1996-11-29,TAKE BACK RETURN,REG AIR, carefully silent p
25889-1,25889,946,47,1,7.00,12928.58,0.09,0.03,A,F,1993-09-29,1993-07-15,1993-10-19,DELIVER IN PERSON,REG AIR,endencies doubt fu
25889-2,25889,162,15,2,43.00,45672.88,0.01,0.07,R,F,1993-09-10,1993-08-05,1993-10-04,COLLECT COD,SHIP,alongside of the slyly even depo
25889-3,25889,229,30,3,38.00,42910.36,0.10,0.00,R,F,1993-06-26,1993-08-28,1993-06-30,DELIVER IN PERSON,FOB,ounts wake slyly across the final requests.
25890-1,25890,57,83,1,46.00,44024.30,0.00,0.00,N,O,1998-02-21,1998-02-01,1998-03-09,TAKE BACK RETURN,REG AIR,eat furiously carefully even packages.
25890-2,25890,349,34,2,24.00,29984.16,0.00,0.04,N,O,1998-03-12,1998-02-25,1998-04-03,COLLECT COD,MAIL,xpress packages hinder af
25890-3,25890,1519,60,3,3.00,4261.53,0.09,0.07,N,O,1998-01-12,1998-01-24,1998-01-22,TAKE BACK RETURN,MAIL,y unusual requests haggle bold requests. f
25890-4,25890,916,85,4,2.00,3633.82,0.04,0.08,N,O,1998-02-15,1998-01-26,1998-03-07,NONE,MAIL,blithely pending dependencies 
25891-1,25891,1033,69,1,6.00,5604.18,0.09,0.07,N,O,1997-04-05,1997-03-21,1997-04-24,NONE,RAIL,sits along the accounts sublate fluffily 
25891-2,25891,934,69,2,32.00,58717.76,0.00,0.01,N,O,1997-03-19,1997-04-25,1997-04-10,NONE,FOB,ely regular deposits. fu
25891-3,25891,1481,60,3,32.00,44239.36,0.08,0.06,N,O,1997-04-05,1997-05-04,1997-04-15,DELIVER IN PERSON,SHIP, slyly final courts. ideas thrash slyly.
25891-4,25891,1007,78,4,28.00,25424.00,0.08,0.04,N,O,1997-05-12,1997-03-17,1997-05-31,COLLECT COD,MAIL,"l packages thrash idly. even, pending depos"
25891-5,25891,782,79,5,45.00,75725.10,0.03,0.08,N,O,1997-02-17,1997-04-26,1997-02-21,COLLECT COD,REG AIR,the deposits. packages across the bo
25892-1,25892,146,47,1,13.00,13599.82,0.05,0.06,N,O,1996-01-17,1996-03-01,1996-02-13,TAKE BACK RETURN,FOB,sly even reques
25893-1,25893,1744,71,1,13.00,21394.62,0.07,0.06,N,O,1997-12-07,1997-11-03,1997-12-21,COLLECT COD,MAIL,inal excuses
25893-2,25893,184,37,2,21.00,22767.78,0.04,0.07,N,O,1997-12-11,1997-11-21,1997-12-20,NONE,AIR,eans nag slyly around the s
25893-3,25893,471,72,3,14.00,19200.58,0.10,0.05,N,O,1998-01-04,1997-11-26,1998-01-19,TAKE BACK RETURN,AIR,ously above the furiou
25893-4,25893,971,72,4,35.00,65518.95,0.06,0.05,N,O,1997-09-30,1997-12-15,1997-10-03,COLLECT COD,REG AIR,e slyly regular theodolites
25893-5,25893,1503,44,5,1.00,1404.50,0.07,0.04,N,O,1997-09-25,1997-12-04,1997-09-30,TAKE BACK RETURN,TRUCK,usly across the quickly even platel
25893-6,25893,528,19,6,16.00,22856.32,0.09,0.06,N,O,1997-12-27,1997-11-22,1998-01-04,NONE,FOB,lites wake carefully 
25894-1,25894,344,45,1,37.00,46040.58,0.06,0.08,N,O,1996-11-29,1996-10-31,1996-12-02,COLLECT COD,FOB,"osits cajole regular, ironic "
25895-1,25895,283,38,1,35.00,41414.80,0.05,0.05,R,F,1992-04-24,1992-07-15,1992-04-26,TAKE BACK RETURN,TRUCK, express request
25895-2,25895,1561,62,2,44.00,64352.64,0.03,0.00,A,F,1992-07-30,1992-06-22,1992-08-28,DELIVER IN PERSON,REG AIR,sits wake slyly accor
25895-3,25895,1099,5,3,24.00,24002.16,0.05,0.05,R,F,1992-07-22,1992-06-25,1992-08-03,NONE,TRUCK,y special requests are slyly
25895-4,25895,485,86,4,14.00,19396.72,0.08,0.08,R,F,1992-07-10,1992-06-03,1992-07-22,TAKE BACK RETURN,TRUCK,e. blithely 
25920-1,25920,1556,37,1,35.00,51014.25,0.07,0.07,N,O,1998-02-25,1998-02-08,1998-03-01,NONE,REG AIR,", silent braids. slyly bold accounts "
25920-2,25920,325,26,2,36.00,44111.52,0.00,0.08,N,O,1998-01-12,1998-01-21,1998-02-06,COLLECT COD,RAIL,ithely even ideas-- carefully fina
25920-3,25920,1193,2,3,21.00,22977.99,0.08,0.00,N,O,1997-12-28,1998-02-02,1998-01-27,TAKE BACK RETURN,SHIP,e blithely even packages ha
25920-4,25920,1245,20,4,21.00,24071.04,0.07,0.06,N,O,1998-01-14,1997-12-25,1998-02-11,NONE,FOB,"refully deposits. unusual, bold req"
25920-5,25920,237,38,5,15.00,17058.45,0.03,0.07,N,O,1998-01-15,1998-01-10,1998-02-10,NONE,RAIL,s boost furiously regular depen
25920-6,25920,946,81,6,27.00,49867.38,0.02,0.05,N,O,1998-02-16,1998-01-27,1998-02-28,COLLECT COD,MAIL, blithely ironic plate
25920-7,25920,1874,75,7,40.00,71034.80,0.09,0.06,N,O,1997-12-16,1998-02-01,1997-12-19,DELIVER IN PERSON,FOB,en packages detect carefully-- packages
25921-1,25921,377,78,1,1.00,1277.37,0.07,0.03,N,O,1997-10-02,1997-07-20,1997-10-07,DELIVER IN PERSON,AIR,ke along the quickl
25921-2,25921,549,50,2,7.00,10146.78,0.03,0.00,N,O,1997-07-08,1997-09-08,1997-07-14,DELIVER IN PERSON,FOB,und the speci
25921-3,25921,1858,45,3,49.00,86232.65,0.00,0.02,N,O,1997-09-11,1997-07-18,1997-10-11,TAKE BACK RETURN,REG AIR,hely expres
25921-4,25921,1859,60,4,50.00,88042.50,0.05,0.00,N,O,1997-08-25,1997-08-30,1997-08-30,DELIVER IN PERSON,RAIL," the even, pending theodolites. regular,"
25921-5,25921,1548,49,5,7.00,10146.78,0.05,0.03,N,O,1997-10-11,1997-09-10,1997-10-12,NONE,FOB,riously bold packages. carefull
25921-6,25921,934,35,6,10.00,18349.30,0.04,0.00,N,O,1997-07-26,1997-08-27,1997-08-21,TAKE BACK RETURN,FOB,oost. furiou
25921-7,25921,973,74,7,15.00,28109.55,0.07,0.04,N,O,1997-07-22,1997-09-05,1997-08-04,COLLECT COD,AIR,s cajole alongside of the f
25922-1,25922,239,21,1,10.00,11392.30,0.08,0.05,N,O,1995-11-18,1995-10-21,1995-11-22,NONE,AIR,ctions. sometimes final requests dou
25923-1,25923,1326,3,1,22.00,27001.04,0.04,0.06,R,F,1993-05-13,1993-06-18,1993-05-14,TAKE BACK RETURN,REG AIR, dependencies. foxes along the 
25923-2,25923,1864,8,2,35.00,61805.10,0.01,0.02,A,F,1993-05-12,1993-06-04,1993-05-19,TAKE BACK RETURN,AIR,elets cajole sly
25923-3,25923,1181,18,3,2.00,2164.36,0.03,0.07,R,F,1993-06-28,1993-05-14,1993-06-29,TAKE BACK RETURN,MAIL," the final, even requests. express pinto b"
25923-4,25923,1649,32,4,14.00,21708.96,0.04,0.00,R,F,1993-07-25,1993-06-17,1993-08-02,COLLECT COD,RAIL,"gle slyly among the unusual, re"
25924-1,25924,1788,31,1,43.00,72660.54,0.09,0.03,N,O,1997-11-16,1997-10-03,1997-11-25,NONE,TRUCK,into beans affix
25924-2,25924,962,65,2,42.00,78244.32,0.01,0.02,N,O,1997-09-21,1997-11-22,1997-10-08,DELIVER IN PERSON,TRUCK,ly special requests. fluffily regu
25924-3,25924,665,66,3,24.00,37575.84,0.07,0.01,N,O,1997-12-08,1997-10-04,1997-12-13,TAKE BACK RETURN,AIR,xpress packages. gifts cajole s
25924-4,25924,1748,49,4,11.00,18147.14,0.03,0.03,N,O,1997-09-29,1997-10-15,1997-10-09,DELIVER IN PERSON,FOB,e carefully ironic asymptotes
25924-5,25924,1755,40,5,48.00,79524.00,0.08,0.07,N,O,1997-11-28,1997-10-14,1997-12-04,COLLECT COD,REG AIR,p carefully sentiments. fluffily ir
25924-6,25924,1370,9,6,38.00,48312.06,0.07,0.05,N,O,1997-10-12,1997-11-26,1997-11-07,COLLECT COD,AIR,"ependencies. final, iron"
25924-7,25924,768,65,7,13.00,21693.88,0.08,0.07,N,O,1997-10-08,1997-10-03,1997-10-14,TAKE BACK RETURN,SHIP,as haggle after the furi
25925-1,25925,610,42,1,16.00,24169.76,0.10,0.04,N,O,1997-09-15,1997-09-26,1997-09-29,COLLECT COD,RAIL,y special pa
25925-2,25925,751,48,2,26.00,42945.50,0.10,0.00,N,O,1997-11-15,1997-09-23,1997-12-01,COLLECT COD,TRUCK,"even, special depo"
25925-3,25925,128,29,3,18.00,18506.16,0.07,0.04,N,O,1997-11-03,1997-09-07,1997-11-15,COLLECT COD,RAIL,deposits. carefully silent packag
25925-4,25925,1760,45,4,37.00,61485.12,0.03,0.04,N,O,1997-09-15,1997-10-13,1997-10-06,DELIVER IN PERSON,AIR,aves boost after the slyly regular d
25925-5,25925,2000,45,5,7.00,6314.00,0.03,0.00,N,O,1997-11-16,1997-10-02,1997-12-13,COLLECT COD,REG AIR,ndencies. regular pinto beans grow
25926-1,25926,1348,63,1,24.00,29984.16,0.00,0.02,R,F,1995-03-02,1994-12-23,1995-03-16,NONE,FOB,uses kindle slyly. carefully si
25926-2,25926,613,14,2,41.00,62058.01,0.06,0.03,A,F,1995-01-19,1995-01-10,1995-01-20,COLLECT COD,RAIL,ingly across the ironic theodol
25926-3,25926,998,1,3,42.00,79757.58,0.08,0.04,A,F,1994-12-03,1995-02-18,1994-12-08,TAKE BACK RETURN,AIR,arefully regular dep
25926-4,25926,1026,32,4,38.00,35226.76,0.08,0.06,A,F,1995-03-12,1994-12-27,1995-03-15,DELIVER IN PERSON,MAIL,n pinto bean
25926-5,25926,1800,85,5,19.00,32334.20,0.10,0.05,R,F,1995-01-18,1995-01-22,1995-02-02,DELIVER IN PERSON,MAIL,ic ideas after the blithely regular dep
25926-6,25926,1130,3,6,26.00,26809.38,0.03,0.08,A,F,1995-03-20,1995-01-18,1995-04-19,TAKE BACK RETURN,AIR,e ironic accounts sleep furious
25926-7,25926,751,84,7,41.00,67721.75,0.03,0.06,A,F,1995-02-28,1995-02-06,1995-03-02,COLLECT COD,TRUCK, are furiously carefully f
25927-1,25927,1470,88,1,15.00,20572.05,0.07,0.02,A,F,1994-08-03,1994-07-13,1994-08-10,NONE,SHIP,"pinto beans; sly, fluffy dolph"
25927-2,25927,541,42,2,15.00,21623.10,0.05,0.06,A,F,1994-05-11,1994-06-11,1994-05-28,NONE,REG AIR,fully: bold pinto
25927-3,25927,1071,72,3,13.00,12636.91,0.00,0.04,A,F,1994-04-27,1994-06-09,1994-05-02,NONE,SHIP,", even platelets nag"
25927-4,25927,683,46,4,23.00,36424.64,0.06,0.07,A,F,1994-05-29,1994-06-27,1994-06-13,TAKE BACK RETURN,RAIL,ding pains after the slyly final pains sle
25927-5,25927,1366,67,5,38.00,48159.68,0.03,0.06,R,F,1994-06-06,1994-07-07,1994-06-20,TAKE BACK RETURN,MAIL,y express dependencies nag carefu
25927-6,25927,921,22,6,40.00,72876.80,0.08,0.08,A,F,1994-06-10,1994-07-05,1994-06-25,COLLECT COD,SHIP,thely dogged pinto beans
25952-1,25952,1525,66,1,17.00,24250.84,0.07,0.08,R,F,1993-12-29,1993-11-26,1994-01-22,COLLECT COD,SHIP,eep carefully furiously expre
25952-2,25952,1607,31,2,43.00,64869.80,0.01,0.00,R,F,1993-11-29,1993-11-01,1993-12-26,NONE,MAIL,ong the furiously re
25952-3,25952,627,21,3,49.00,74853.38,0.08,0.05,A,F,1993-09-25,1993-10-25,1993-10-20,DELIVER IN PERSON,TRUCK,ckages. sp
25953-1,25953,201,56,1,31.00,34137.20,0.04,0.04,R,F,1994-12-25,1994-11-18,1995-01-01,DELIVER IN PERSON,REG AIR,final pinto 
25953-2,25953,632,95,2,28.00,42913.64,0.08,0.02,A,F,1995-01-06,1994-11-24,1995-01-14,DELIVER IN PERSON,MAIL,he quickly regular instructions. iro
25953-3,25953,358,87,3,21.00,26425.35,0.02,0.05,R,F,1994-11-10,1994-12-27,1994-11-24,DELIVER IN PERSON,TRUCK,es. carefully regular
25953-4,25953,1514,95,4,26.00,36803.26,0.02,0.06,A,F,1994-12-07,1994-10-31,1994-12-21,COLLECT COD,TRUCK,regular ideas along the slyly final asympt
25954-1,25954,1739,24,1,30.00,49221.90,0.07,0.04,A,F,1995-02-28,1995-04-17,1995-03-08,DELIVER IN PERSON,TRUCK,ndencies poach e
25955-1,25955,1384,61,1,4.00,5141.52,0.01,0.03,N,O,1995-07-24,1995-06-08,1995-08-04,NONE,MAIL, sleep quickly carefully ironic c
25955-2,25955,1956,57,2,18.00,33443.10,0.02,0.01,A,F,1995-05-11,1995-06-17,1995-05-22,TAKE BACK RETURN,FOB,lly ironic packag
25955-3,25955,247,2,3,9.00,10325.16,0.03,0.00,N,O,1995-08-20,1995-06-04,1995-09-08,DELIVER IN PERSON,SHIP,ully special foxes sleep ca
25955-4,25955,68,94,4,35.00,33882.10,0.02,0.05,N,O,1995-08-20,1995-07-23,1995-08-21,COLLECT COD,RAIL,"nal pinto beans. final, even pear"
25956-1,25956,480,10,1,47.00,64882.56,0.07,0.07,N,O,1998-06-25,1998-07-18,1998-06-29,COLLECT COD,FOB,riously final pinto
25956-2,25956,1413,92,2,38.00,49947.58,0.05,0.05,N,O,1998-09-03,1998-07-29,1998-09-15,COLLECT COD,REG AIR,tect carefully deposits. ironic p
25956-3,25956,966,69,3,24.00,44807.04,0.04,0.05,N,O,1998-08-15,1998-07-24,1998-08-30,TAKE BACK RETURN,SHIP,"c, silent patterns impre"
25957-1,25957,1748,33,1,34.00,56091.16,0.01,0.07,N,O,1996-11-29,1996-09-06,1996-12-23,TAKE BACK RETURN,MAIL,refully final accounts 
25957-2,25957,1249,24,2,39.00,44859.36,0.08,0.08,N,O,1996-08-12,1996-10-18,1996-08-29,NONE,RAIL,"f the quickly even deposits. express, fl"
25957-3,25957,1822,23,3,29.00,49990.78,0.09,0.00,N,O,1996-09-07,1996-09-06,1996-09-08,DELIVER IN PERSON,AIR,he fluffily final packages. excuse
25958-1,25958,1597,78,1,25.00,37464.75,0.03,0.00,N,O,1997-09-09,1997-07-26,1997-09-25,DELIVER IN PERSON,TRUCK,gular excuses nag quickly alo
25958-2,25958,22,48,2,50.00,46101.00,0.04,0.00,N,O,1997-08-23,1997-09-18,1997-09-16,DELIVER IN PERSON,RAIL,"grate slyly warhorses. special, pe"
25958-3,25958,1175,48,3,17.00,18294.89,0.06,0.08,N,O,1997-08-20,1997-09-12,1997-08-23,DELIVER IN PERSON,MAIL,ests are furiou
25958-4,25958,1170,43,4,20.00,21423.40,0.06,0.07,N,O,1997-07-01,1997-07-26,1997-07-12,NONE,TRUCK, requests. carefully ironic depe
25958-5,25958,1696,20,5,17.00,27160.73,0.09,0.03,N,O,1997-08-10,1997-09-09,1997-09-05,NONE,AIR,ent deposits boost carefully fu
25958-6,25958,218,73,6,19.00,21245.99,0.06,0.01,N,O,1997-06-23,1997-08-05,1997-07-12,DELIVER IN PERSON,AIR, packages. dept
25958-7,25958,893,27,7,16.00,28702.24,0.10,0.00,N,O,1997-09-09,1997-09-08,1997-10-06,COLLECT COD,FOB,lithely even re
25959-1,25959,1933,78,1,48.00,88076.64,0.00,0.01,A,F,1994-09-28,1994-10-10,1994-10-12,COLLECT COD,MAIL,eodolites. slyly final ideas run slyly. 
25959-2,25959,404,63,2,11.00,14348.40,0.09,0.06,R,F,1994-09-09,1994-09-19,1994-09-17,DELIVER IN PERSON,TRUCK,express deposits. special cou
25959-3,25959,1290,65,3,25.00,29782.25,0.05,0.01,A,F,1994-08-24,1994-08-24,1994-09-02,COLLECT COD,SHIP, furiously inside the ironic
25984-1,25984,2000,33,1,29.00,26158.00,0.06,0.06,N,O,1997-05-26,1997-07-03,1997-06-15,TAKE BACK RETURN,REG AIR,pinto beans are sometimes
25985-1,25985,1589,90,1,6.00,8943.48,0.03,0.03,A,F,1992-10-01,1992-11-02,1992-10-14,COLLECT COD,SHIP,ncies. slyly permanent asymptotes eat f
25985-2,25985,66,92,2,21.00,20287.26,0.07,0.04,R,F,1992-11-09,1992-10-16,1992-11-18,DELIVER IN PERSON,FOB,y according to t
25985-3,25985,1610,52,3,33.00,49883.13,0.00,0.00,R,F,1992-09-21,1992-11-22,1992-10-15,DELIVER IN PERSON,SHIP,"xes! final, final foxes"
25985-4,25985,208,9,4,41.00,45436.20,0.09,0.06,A,F,1992-10-06,1992-10-15,1992-10-22,TAKE BACK RETURN,RAIL, regular packages use about the s
25985-5,25985,1890,91,5,6.00,10751.34,0.03,0.01,A,F,1992-11-17,1992-11-12,1992-12-07,TAKE BACK RETURN,AIR,ss deposits use.
25985-6,25985,1824,25,6,23.00,39693.86,0.07,0.00,A,F,1992-09-12,1992-11-10,1992-09-15,DELIVER IN PERSON,MAIL,equests about the exc
25986-1,25986,1127,28,1,44.00,45237.28,0.03,0.01,A,F,1992-07-06,1992-08-20,1992-07-25,DELIVER IN PERSON,RAIL,kly express dol
25986-2,25986,969,38,2,21.00,39269.16,0.03,0.05,R,F,1992-10-19,1992-08-27,1992-10-22,NONE,SHIP,usly pending theodolites
25986-3,25986,1267,68,3,45.00,52571.70,0.02,0.04,A,F,1992-07-10,1992-09-20,1992-08-08,COLLECT COD,FOB,"he pending, special deposits-- unusual, reg"
25986-4,25986,1846,47,4,8.00,13982.72,0.09,0.02,R,F,1992-07-09,1992-08-05,1992-07-30,NONE,REG AIR, silent accounts. 
25986-5,25986,1692,93,5,16.00,25499.04,0.08,0.03,A,F,1992-06-25,1992-08-30,1992-07-15,COLLECT COD,SHIP,ses. even braids us
25986-6,25986,1630,72,6,39.00,59733.57,0.04,0.00,A,F,1992-07-16,1992-09-04,1992-08-04,NONE,RAIL,even foxes integrate quickly ironic 
25987-1,25987,1933,66,1,7.00,12844.51,0.09,0.07,N,O,1997-12-12,1997-11-12,1997-12-13,NONE,RAIL,idle packages cajole
25987-2,25987,1863,50,2,18.00,31767.48,0.02,0.00,N,O,1997-11-01,1997-12-10,1997-11-10,DELIVER IN PERSON,RAIL,kages cajole evenly 
25987-3,25987,260,88,3,42.00,48730.92,0.07,0.01,N,O,1997-11-21,1997-11-20,1997-12-20,TAKE BACK RETURN,FOB,furiously busy instructions. special
25988-1,25988,1552,33,1,31.00,45060.05,0.10,0.05,N,O,1997-02-10,1996-12-04,1997-03-04,NONE,MAIL,cajole furiously care
25988-2,25988,1108,17,2,10.00,10091.00,0.05,0.05,N,O,1997-02-09,1996-11-28,1997-02-14,COLLECT COD,TRUCK,rnes use blithely furiously
25989-1,25989,561,22,1,36.00,52616.16,0.04,0.03,N,O,1998-07-20,1998-07-11,1998-08-19,COLLECT COD,AIR,arefully final packages at 
25989-2,25989,635,67,2,2.00,3071.26,0.07,0.07,N,O,1998-06-01,1998-07-09,1998-06-10,COLLECT COD,FOB,s cajole always about the regu
25989-3,25989,374,59,3,16.00,20389.92,0.06,0.07,N,O,1998-06-01,1998-07-25,1998-06-15,TAKE BACK RETURN,RAIL, slyly after the regular pinto beans. fina
25989-4,25989,1489,90,4,36.00,50057.28,0.05,0.02,N,O,1998-06-29,1998-07-11,1998-07-26,DELIVER IN PERSON,TRUCK,"s wake fluffily final, regular foxes. speci"
25989-5,25989,752,53,5,45.00,74373.75,0.05,0.05,N,O,1998-09-05,1998-08-09,1998-09-19,DELIVER IN PERSON,FOB,hely quick notornis boost blithel
25989-6,25989,956,25,6,48.00,89133.60,0.03,0.07,N,O,1998-09-12,1998-08-08,1998-10-06,TAKE BACK RETURN,FOB,"xes. busy, even packages boost carefu"
25989-7,25989,1155,56,7,27.00,28516.05,0.06,0.06,N,O,1998-07-13,1998-08-02,1998-07-19,DELIVER IN PERSON,RAIL,gular atta
25990-1,25990,839,6,1,39.00,67853.37,0.00,0.02,R,F,1994-04-18,1994-05-14,1994-05-17,TAKE BACK RETURN,AIR,eposits. requests haggle sl
25990-2,25990,294,49,2,17.00,20302.93,0.08,0.01,A,F,1994-05-15,1994-04-10,1994-05-17,TAKE BACK RETURN,RAIL,dependencies wake slyly. slyly regula
25990-3,25990,811,45,3,17.00,29100.77,0.06,0.04,A,F,1994-04-15,1994-04-18,1994-05-02,TAKE BACK RETURN,RAIL,ial requests h
25990-4,25990,1473,74,4,44.00,60476.68,0.10,0.08,R,F,1994-04-06,1994-05-16,1994-04-25,NONE,FOB,counts. final accounts wake careful
25990-5,25990,1918,19,5,48.00,87355.68,0.03,0.04,R,F,1994-04-17,1994-04-29,1994-05-17,DELIVER IN PERSON,MAIL,final requests wake slyly sile
25991-1,25991,1014,20,1,24.00,21960.24,0.00,0.06,N,O,1998-07-18,1998-06-05,1998-08-08,COLLECT COD,FOB,along the furiously ironic 
25991-2,25991,1941,74,2,18.00,33172.92,0.06,0.06,N,O,1998-05-31,1998-07-11,1998-06-05,NONE,TRUCK,ruthless excuses. furiously bold depo
25991-3,25991,1148,85,3,12.00,12589.68,0.04,0.05,N,O,1998-04-24,1998-05-24,1998-05-01,COLLECT COD,SHIP,fluffily regular accounts
25991-4,25991,1484,63,4,30.00,41564.40,0.07,0.04,N,O,1998-06-14,1998-05-19,1998-07-07,DELIVER IN PERSON,TRUCK,pinto bean
25991-5,25991,634,66,5,50.00,76731.50,0.00,0.08,N,O,1998-05-12,1998-06-05,1998-05-21,NONE,FOB,ronic accounts was blithely 
25991-6,25991,1510,11,6,33.00,46579.83,0.02,0.08,N,O,1998-08-15,1998-06-04,1998-09-03,TAKE BACK RETURN,MAIL, pinto beans hinder furiou
26016-1,26016,1086,22,1,8.00,7896.64,0.08,0.03,A,F,1994-11-10,1994-12-19,1994-12-02,COLLECT COD,TRUCK,ly bold requests
26016-2,26016,502,93,2,41.00,57502.50,0.05,0.07,A,F,1994-11-04,1994-12-18,1994-11-15,NONE,TRUCK,"s cajole even, pending courts. request"
26016-3,26016,416,75,3,32.00,42125.12,0.02,0.04,R,F,1994-11-25,1994-12-01,1994-12-19,COLLECT COD,TRUCK,"s. express, th"
26016-4,26016,1448,66,4,25.00,33736.00,0.05,0.06,R,F,1994-10-24,1994-12-26,1994-10-28,TAKE BACK RETURN,SHIP," the regular, pending pac"
26016-5,26016,1598,19,5,25.00,37489.75,0.05,0.04,A,F,1994-12-11,1994-12-29,1994-12-14,DELIVER IN PERSON,SHIP,lithely re
26017-1,26017,1678,79,1,6.00,9478.02,0.01,0.02,N,O,1998-08-30,1998-07-20,1998-09-18,DELIVER IN PERSON,AIR,s above the sl
26017-2,26017,1223,24,2,28.00,31478.16,0.05,0.05,N,O,1998-09-17,1998-08-16,1998-10-04,COLLECT COD,TRUCK,y express asy
26017-3,26017,604,67,3,36.00,54165.60,0.05,0.07,N,O,1998-09-27,1998-08-08,1998-10-25,DELIVER IN PERSON,TRUCK,jole along the final accounts. careful
26017-4,26017,147,26,4,5.00,5235.70,0.00,0.06,N,O,1998-08-06,1998-07-13,1998-08-22,COLLECT COD,TRUCK,s haggle. c
26017-5,26017,1630,31,5,32.00,49012.16,0.07,0.06,N,O,1998-07-24,1998-08-30,1998-08-19,TAKE BACK RETURN,FOB,"detect after the silent, ironic instr"
26018-1,26018,634,28,1,30.00,46038.90,0.08,0.06,N,O,1997-08-15,1997-10-07,1997-08-16,COLLECT COD,SHIP,"iously; final, e"
26018-2,26018,417,76,2,31.00,40839.71,0.08,0.07,N,O,1997-09-05,1997-08-27,1997-09-11,COLLECT COD,AIR,ly even instructions sleep blith
26018-3,26018,329,86,3,26.00,31962.32,0.10,0.00,N,O,1997-08-26,1997-09-04,1997-09-02,TAKE BACK RETURN,AIR, final ideas integrate slyl
26018-4,26018,110,37,4,46.00,46465.06,0.04,0.05,N,O,1997-07-13,1997-09-10,1997-08-01,NONE,REG AIR,even requests sleep carefully. caref
26018-5,26018,1350,89,5,14.00,17518.90,0.09,0.02,N,O,1997-10-26,1997-08-25,1997-11-03,TAKE BACK RETURN,AIR, silent requests. theo
26018-6,26018,1195,4,6,4.00,4384.76,0.04,0.03,N,O,1997-08-13,1997-08-28,1997-09-07,COLLECT COD,SHIP,ly regular ideas haggle. 
26018-7,26018,345,74,7,4.00,4981.36,0.06,0.06,N,O,1997-08-27,1997-09-22,1997-09-04,TAKE BACK RETURN,FOB,nic deposits detect carefully reg
26019-1,26019,1376,77,1,41.00,52372.17,0.04,0.07,N,O,1998-03-13,1998-01-30,1998-04-05,DELIVER IN PERSON,SHIP,e furiously regular theodolites. idea
26019-2,26019,710,43,2,5.00,8053.55,0.00,0.07,N,O,1998-03-20,1998-01-21,1998-04-14,COLLECT COD,RAIL,express packages nag according
26019-3,26019,275,3,3,33.00,38783.91,0.02,0.08,N,O,1998-02-09,1998-01-16,1998-02-20,NONE,SHIP,ses wake carefully 
26020-1,26020,438,39,1,38.00,50860.34,0.08,0.02,N,O,1996-05-31,1996-04-06,1996-06-16,DELIVER IN PERSON,AIR,". pending, close packages ab"
26020-2,26020,1386,1,2,36.00,46345.68,0.10,0.00,N,O,1996-05-26,1996-04-16,1996-06-05,COLLECT COD,AIR,fully? blithely regular theodolites cajol
26020-3,26020,66,17,3,41.00,39608.46,0.07,0.05,N,O,1996-05-04,1996-04-25,1996-05-17,DELIVER IN PERSON,RAIL,. quiet dependencie
26021-1,26021,280,8,1,13.00,15343.64,0.00,0.04,A,F,1992-12-03,1992-11-28,1992-12-12,NONE,TRUCK,ve blithely according to th
26021-2,26021,560,51,2,10.00,14605.60,0.07,0.08,A,F,1992-12-02,1992-10-25,1992-12-21,DELIVER IN PERSON,RAIL,about the foxes. carefu
26021-3,26021,900,1,3,32.00,57628.80,0.00,0.03,R,F,1992-11-07,1992-10-28,1992-11-21,NONE,RAIL,y regular requests 
26022-1,26022,37,13,1,22.00,20614.66,0.04,0.07,N,O,1997-12-16,1998-01-12,1998-01-10,COLLECT COD,TRUCK,ages. blithely regular fo
26022-2,26022,1064,70,2,1.00,965.06,0.05,0.00,N,O,1997-12-15,1997-12-18,1998-01-08,COLLECT COD,RAIL,counts dazzle pinto beans.
26022-3,26022,1154,91,3,45.00,47481.75,0.00,0.08,N,O,1997-10-26,1998-01-07,1997-11-23,DELIVER IN PERSON,FOB,ly after the furiously reg
26022-4,26022,1105,6,4,43.00,43262.30,0.03,0.02,N,O,1997-10-27,1997-12-06,1997-11-06,TAKE BACK RETURN,REG AIR,doggedly i
26022-5,26022,740,73,5,43.00,70551.82,0.01,0.04,N,O,1997-11-29,1997-12-15,1997-12-24,NONE,RAIL,odolites affix
26023-1,26023,467,97,1,19.00,25981.74,0.08,0.01,R,F,1993-10-08,1993-10-13,1993-10-14,COLLECT COD,FOB,blithely ironic packages cajole carefully. 
26023-2,26023,459,60,2,44.00,59815.80,0.09,0.06,A,F,1993-08-28,1993-11-12,1993-09-18,TAKE BACK RETURN,RAIL,oost carefully even instructions. bl
26023-3,26023,730,63,3,33.00,53814.09,0.09,0.05,R,F,1993-09-11,1993-11-07,1993-09-16,NONE,MAIL,ress excus
26023-4,26023,1834,64,4,17.00,29509.11,0.06,0.08,R,F,1993-11-25,1993-10-19,1993-12-23,COLLECT COD,AIR,e waters use even pac
26023-5,26023,1666,49,5,26.00,40759.16,0.07,0.02,R,F,1993-11-27,1993-10-07,1993-12-27,NONE,AIR,yly special request
26048-1,26048,1603,27,1,47.00,70716.20,0.08,0.00,N,O,1998-07-25,1998-08-31,1998-08-07,COLLECT COD,TRUCK,iously final packages would haggle
26048-2,26048,84,35,2,9.00,8856.72,0.03,0.02,N,O,1998-10-05,1998-08-10,1998-10-11,COLLECT COD,MAIL,ironic requests. slyly ironic package
26049-1,26049,1938,71,1,4.00,7359.72,0.04,0.08,A,F,1995-03-15,1995-05-05,1995-03-25,DELIVER IN PERSON,MAIL,er the silent packages. furiously ironic r
26049-2,26049,850,17,2,24.00,42020.40,0.00,0.04,R,F,1995-05-24,1995-04-19,1995-06-09,TAKE BACK RETURN,RAIL,posits are flu
26050-1,26050,1273,11,1,1.00,1174.27,0.01,0.07,N,O,1995-09-11,1995-07-29,1995-10-03,NONE,SHIP,g ideas. furiously express 
26050-2,26050,166,93,2,38.00,40514.08,0.01,0.05,N,O,1995-07-27,1995-07-30,1995-08-25,DELIVER IN PERSON,REG AIR,final pinto beans wake acr
26050-3,26050,550,41,3,23.00,33362.65,0.02,0.07,N,O,1995-08-31,1995-08-20,1995-09-01,DELIVER IN PERSON,RAIL,manent ideas s
26050-4,26050,1080,51,4,11.00,10791.88,0.00,0.07,N,O,1995-07-28,1995-07-28,1995-08-25,DELIVER IN PERSON,REG AIR,ackages. furiously regular 
26050-5,26050,146,25,5,13.00,13599.82,0.07,0.05,N,O,1995-08-30,1995-08-14,1995-09-10,COLLECT COD,REG AIR,luffily. slyly final foxes affi
26050-6,26050,1873,74,6,12.00,21298.44,0.10,0.05,N,O,1995-08-13,1995-09-14,1995-08-26,NONE,RAIL, deposits. 
26050-7,26050,1128,29,7,7.00,7203.84,0.06,0.07,N,O,1995-07-09,1995-07-23,1995-07-13,COLLECT COD,MAIL,ies are slyly ideas. express 
26051-1,26051,221,22,1,43.00,48212.46,0.10,0.08,A,F,1993-09-02,1993-08-01,1993-10-01,TAKE BACK RETURN,REG AIR,telets. carefully even requests are furio
26051-2,26051,1342,19,2,6.00,7460.04,0.01,0.05,A,F,1993-09-23,1993-08-03,1993-10-13,COLLECT COD,MAIL, nag in place of the
26051-3,26051,446,34,3,24.00,32314.56,0.07,0.04,A,F,1993-07-07,1993-08-07,1993-08-06,TAKE BACK RETURN,AIR,ggedly ironic requ
26051-4,26051,1054,90,4,17.00,16235.85,0.05,0.08,R,F,1993-09-12,1993-08-02,1993-09-17,DELIVER IN PERSON,RAIL,ully slyly expr
26051-5,26051,48,99,5,11.00,10428.44,0.01,0.06,A,F,1993-07-30,1993-08-27,1993-08-27,TAKE BACK RETURN,RAIL,y even deposits use slyly excus
26052-1,26052,609,41,1,25.00,37740.00,0.05,0.01,N,O,1996-07-31,1996-06-19,1996-08-18,NONE,FOB,ording to the boldly 
26052-2,26052,987,22,2,50.00,94399.00,0.00,0.00,N,O,1996-08-27,1996-06-16,1996-09-01,NONE,FOB,s integrate across the quic
26052-3,26052,1184,85,3,28.00,30385.04,0.10,0.03,N,O,1996-07-27,1996-07-01,1996-08-23,DELIVER IN PERSON,RAIL,gainst the
26053-1,26053,1879,66,1,16.00,28493.92,0.05,0.00,R,F,1992-03-09,1992-03-29,1992-03-15,DELIVER IN PERSON,RAIL,ial packages. ironic instru
26053-2,26053,397,82,2,19.00,24650.41,0.10,0.05,R,F,1992-04-23,1992-03-25,1992-05-22,NONE,REG AIR,y. requests along the ironically 
26053-3,26053,920,23,3,40.00,72836.80,0.03,0.00,R,F,1992-03-17,1992-03-16,1992-04-06,COLLECT COD,TRUCK,rding to the slyly bold a
26053-4,26053,1311,12,4,25.00,30307.75,0.01,0.01,A,F,1992-02-06,1992-03-18,1992-02-15,DELIVER IN PERSON,MAIL, furiously pending excuses 
26053-5,26053,1745,30,5,16.00,26347.84,0.05,0.01,A,F,1992-01-30,1992-04-11,1992-02-25,DELIVER IN PERSON,AIR,ect according to the unusu
26054-1,26054,518,19,1,42.00,59577.42,0.04,0.03,A,F,1993-06-08,1993-03-25,1993-06-16,DELIVER IN PERSON,SHIP,s. furiously pending accounts sleep ac
26054-2,26054,1504,5,2,12.00,16866.00,0.09,0.06,R,F,1993-04-26,1993-04-30,1993-04-29,NONE,FOB,ely according to the 
26054-3,26054,1562,3,3,37.00,54151.72,0.10,0.03,R,F,1993-06-10,1993-04-13,1993-07-05,DELIVER IN PERSON,SHIP, ironic dependencies dete
26054-4,26054,992,95,4,20.00,37859.80,0.06,0.02,A,F,1993-03-11,1993-04-27,1993-03-15,TAKE BACK RETURN,MAIL,slyly final requests above the theodoli
26054-5,26054,1761,46,5,45.00,74824.20,0.08,0.08,A,F,1993-04-10,1993-05-10,1993-05-09,NONE,TRUCK,nic instructions boost furiously after 
26054-6,26054,1041,12,6,37.00,34855.48,0.10,0.08,R,F,1993-03-16,1993-04-23,1993-04-01,COLLECT COD,SHIP, sleep care
26055-1,26055,1666,49,1,44.00,68977.04,0.08,0.02,A,F,1993-01-02,1993-01-14,1993-01-05,NONE,FOB,lar instructions use quickly specia
26055-2,26055,1554,95,2,24.00,34933.20,0.04,0.06,R,F,1992-12-01,1993-01-28,1992-12-04,NONE,SHIP,unts are ironic realms. ir
26055-3,26055,1418,97,3,18.00,23749.38,0.03,0.04,A,F,1993-01-13,1993-01-14,1993-01-21,COLLECT COD,REG AIR,nding requests nag carefully furiously
26055-4,26055,987,88,4,7.00,13215.86,0.00,0.02,R,F,1993-02-13,1993-02-05,1993-02-16,COLLECT COD,TRUCK,was. carefu
26055-5,26055,175,54,5,26.00,27954.42,0.10,0.00,A,F,1993-03-16,1993-01-30,1993-04-09,DELIVER IN PERSON,SHIP, the quickly bold
26080-1,26080,707,4,1,41.00,65915.70,0.09,0.06,A,F,1994-04-09,1994-03-05,1994-04-21,TAKE BACK RETURN,SHIP,s. furiously even decoys integra
26080-2,26080,1148,85,2,45.00,47211.30,0.04,0.02,R,F,1994-03-27,1994-03-07,1994-04-21,DELIVER IN PERSON,MAIL,tions. pinto bean
26080-3,26080,107,34,3,12.00,12085.20,0.02,0.01,A,F,1994-01-05,1994-01-28,1994-01-25,NONE,MAIL,nts according to 
26080-4,26080,342,43,4,47.00,58389.98,0.09,0.07,R,F,1993-12-19,1994-03-15,1994-01-09,TAKE BACK RETURN,SHIP,ding theod
26081-1,26081,51,2,1,45.00,42797.25,0.04,0.07,R,F,1994-01-01,1994-01-03,1994-01-02,NONE,FOB, above the slyly express ideas: 
26081-2,26081,758,59,2,1.00,1658.75,0.02,0.08,R,F,1993-12-18,1994-01-12,1994-01-17,COLLECT COD,AIR,ages use carefully slyly re
26082-1,26082,1338,53,1,23.00,28504.59,0.10,0.06,N,O,1996-05-06,1996-04-14,1996-05-10,TAKE BACK RETURN,SHIP,ash after the foxes. close platelets
26082-2,26082,807,74,2,6.00,10246.80,0.07,0.06,N,O,1996-04-26,1996-04-25,1996-05-19,TAKE BACK RETURN,REG AIR,"c accounts are. blithe, expres"
26082-3,26082,1559,80,3,35.00,51119.25,0.06,0.06,N,O,1996-04-21,1996-04-08,1996-05-16,COLLECT COD,AIR,kly special asymptotes sleep. caref
26082-4,26082,1056,57,4,43.00,41153.15,0.10,0.07,N,O,1996-04-03,1996-03-30,1996-05-03,TAKE BACK RETURN,RAIL,y regular pinto beans. silently unusual acc
26083-1,26083,125,52,1,25.00,25628.00,0.00,0.05,N,O,1996-05-14,1996-08-03,1996-05-17,DELIVER IN PERSON,FOB,"s. pending, final packages amo"
26083-2,26083,1966,99,2,36.00,67246.56,0.04,0.07,N,O,1996-06-21,1996-06-30,1996-07-14,DELIVER IN PERSON,REG AIR,posits. furiously ironic depos
26083-3,26083,1058,29,3,40.00,38362.00,0.00,0.04,N,O,1996-06-05,1996-06-25,1996-06-28,NONE,MAIL,ight solve even requests. express r
26083-4,26083,1106,15,4,50.00,50355.00,0.02,0.05,N,O,1996-05-28,1996-07-18,1996-06-18,TAKE BACK RETURN,SHIP,ong the carefully unusual pinto beans ar
26083-5,26083,1708,51,5,35.00,56339.50,0.06,0.05,N,O,1996-08-30,1996-07-16,1996-09-15,COLLECT COD,MAIL,s should have to impres
26084-1,26084,43,44,1,35.00,33006.40,0.06,0.05,R,F,1993-01-29,1992-11-23,1993-02-04,DELIVER IN PERSON,REG AIR,"mong the silent, fi"
26084-2,26084,1551,32,2,43.00,62459.65,0.03,0.05,R,F,1992-12-06,1992-12-03,1992-12-21,COLLECT COD,REG AIR,ch carefully fi
26085-1,26085,544,35,1,30.00,43336.20,0.09,0.07,N,O,1998-03-27,1998-03-03,1998-04-09,TAKE BACK RETURN,FOB,quests sleep? pinto 
26085-2,26085,205,6,2,1.00,1105.20,0.04,0.04,N,O,1998-03-02,1998-02-25,1998-03-25,COLLECT COD,SHIP,regular accounts wake
26085-3,26085,1364,41,3,26.00,32899.36,0.04,0.00,N,O,1998-02-06,1998-03-01,1998-02-17,COLLECT COD,RAIL,eposits unwind furiously 
26086-1,26086,1775,76,1,39.00,65394.03,0.00,0.06,N,O,1997-09-03,1997-09-01,1997-09-18,NONE,AIR,", busy asymptotes. slyly iro"
26086-2,26086,416,46,2,3.00,3949.23,0.04,0.05,N,O,1997-07-15,1997-09-13,1997-08-03,COLLECT COD,RAIL,cording to the packages. carefully even
26087-1,26087,1708,51,1,34.00,54729.80,0.07,0.03,N,O,1996-12-06,1997-01-11,1997-01-02,TAKE BACK RETURN,FOB,"otes. ironic, dogged dugouts "
26087-2,26087,1348,87,2,20.00,24986.80,0.03,0.08,N,O,1996-12-23,1996-11-25,1997-01-10,NONE,FOB,y final dependencies; carefully 
26112-1,26112,339,68,1,34.00,42137.22,0.07,0.01,N,O,1998-06-13,1998-04-29,1998-06-20,DELIVER IN PERSON,REG AIR,regularly sly dependencies? ironic
26112-2,26112,1206,18,2,18.00,19929.60,0.02,0.01,N,O,1998-07-12,1998-06-12,1998-07-30,TAKE BACK RETURN,FOB,ular requests among the ironic sentiment
26112-3,26112,556,87,3,6.00,8739.30,0.02,0.01,N,O,1998-05-17,1998-06-14,1998-05-25,DELIVER IN PERSON,TRUCK,carefully ir
26113-1,26113,1464,65,1,49.00,66907.54,0.05,0.07,N,O,1998-10-27,1998-09-19,1998-11-02,COLLECT COD,RAIL,lyly special deposits boost according t
26113-2,26113,1262,63,2,24.00,27918.24,0.01,0.02,N,O,1998-07-29,1998-09-14,1998-08-06,DELIVER IN PERSON,TRUCK,ve the evenly express re
26113-3,26113,923,92,3,3.00,5471.76,0.03,0.03,N,O,1998-09-25,1998-09-16,1998-10-12,DELIVER IN PERSON,TRUCK,ar packages. carefully pen
26113-4,26113,1745,88,4,16.00,26347.84,0.05,0.01,N,O,1998-09-17,1998-08-18,1998-10-04,DELIVER IN PERSON,TRUCK,pending dinos. carefully special wa
26113-5,26113,1984,29,5,35.00,66009.30,0.02,0.08,N,O,1998-11-12,1998-09-25,1998-11-29,COLLECT COD,RAIL,"ts. even, ironic pinto beans wake a"
26113-6,26113,1922,23,6,24.00,43774.08,0.06,0.04,N,O,1998-09-01,1998-09-25,1998-09-28,COLLECT COD,MAIL,ess asymptotes. pending requests wak
26114-1,26114,472,2,1,34.00,46663.98,0.05,0.07,N,O,1997-12-29,1997-10-09,1998-01-27,NONE,REG AIR,"sts among the regular,"
26114-2,26114,362,47,2,14.00,17673.04,0.00,0.02,N,O,1997-09-20,1997-10-11,1997-10-02,TAKE BACK RETURN,RAIL,yly special packages are
26114-3,26114,1439,18,3,3.00,4021.29,0.00,0.02,N,O,1997-10-16,1997-11-04,1997-10-30,NONE,REG AIR,requests wake along the carefully expres
26114-4,26114,518,49,4,39.00,55321.89,0.00,0.05,N,O,1997-11-22,1997-11-23,1997-12-05,NONE,MAIL,lly regula
26115-1,26115,721,86,1,47.00,76220.84,0.07,0.07,N,O,1997-01-19,1996-12-27,1997-02-16,NONE,RAIL,final dependencies sleep slyly idly 
26115-2,26115,1582,23,2,28.00,41540.24,0.01,0.06,N,O,1996-12-24,1997-01-19,1997-01-20,DELIVER IN PERSON,MAIL, the asymptotes. f
26115-3,26115,1941,86,3,19.00,35015.86,0.01,0.01,N,O,1997-01-23,1997-01-31,1997-02-15,TAKE BACK RETURN,REG AIR,ingly expr
26115-4,26115,265,93,4,39.00,45445.14,0.09,0.01,N,O,1996-12-18,1996-12-16,1997-01-12,NONE,RAIL,st blithely. regular dep
26115-5,26115,151,30,5,18.00,18920.70,0.03,0.03,N,O,1996-11-30,1997-01-28,1996-12-30,COLLECT COD,AIR,carefully. slyly iron
26115-6,26115,1618,19,6,23.00,34951.03,0.08,0.08,N,O,1997-02-10,1997-01-11,1997-03-07,TAKE BACK RETURN,FOB,ing ideas cajole blithely daring accoun
26115-7,26115,1312,13,7,37.00,44892.47,0.07,0.05,N,O,1996-12-20,1996-12-10,1997-01-16,DELIVER IN PERSON,SHIP,telets. final accounts nag th
26116-1,26116,460,48,1,47.00,63941.62,0.05,0.05,R,F,1992-11-15,1993-01-17,1992-12-13,NONE,MAIL,ts. fluffily un
26116-2,26116,1361,38,2,31.00,39133.16,0.08,0.00,R,F,1993-01-28,1992-12-21,1993-02-05,NONE,MAIL,lithely ironic req
26116-3,26116,153,32,3,34.00,35807.10,0.04,0.02,A,F,1993-02-03,1992-12-08,1993-03-02,NONE,FOB,ests. blithely fi
26116-4,26116,1323,100,4,5.00,6121.60,0.05,0.08,R,F,1992-12-23,1993-01-12,1993-01-14,TAKE BACK RETURN,MAIL,t the slyly ironic accou
26116-5,26116,610,73,5,44.00,66466.84,0.04,0.02,A,F,1992-11-25,1992-12-29,1992-12-17,COLLECT COD,REG AIR,p slyly above the ironic excus
26116-6,26116,1201,76,6,16.00,17635.20,0.06,0.01,A,F,1992-11-28,1992-12-12,1992-12-01,TAKE BACK RETURN,REG AIR,ang above the f
26117-1,26117,1854,98,1,48.00,84280.80,0.08,0.04,N,O,1997-08-22,1997-08-05,1997-09-17,DELIVER IN PERSON,TRUCK,uickly ironic foxes. theodolit
26118-1,26118,369,98,1,18.00,22848.48,0.06,0.02,N,O,1998-01-20,1998-01-26,1998-01-23,NONE,RAIL,onic packages. slyly pending requests slee
26118-2,26118,762,63,2,7.00,11639.32,0.00,0.02,N,O,1997-12-28,1998-01-16,1998-01-02,DELIVER IN PERSON,SHIP, regular requests. expres
26118-3,26118,1446,64,3,49.00,66024.56,0.06,0.07,N,O,1997-12-23,1998-01-23,1997-12-31,DELIVER IN PERSON,REG AIR,", ironic ideas unwind sl"
26119-1,26119,1457,36,1,13.00,17659.85,0.03,0.04,R,F,1994-12-08,1995-02-01,1994-12-24,TAKE BACK RETURN,AIR,s. slyly ironic packag
26144-1,26144,1297,98,1,20.00,23965.80,0.10,0.04,N,O,1995-12-16,1996-01-03,1996-01-10,COLLECT COD,TRUCK,ending deposits boost sly
26144-2,26144,636,37,2,9.00,13829.67,0.04,0.06,N,O,1996-02-24,1996-01-17,1996-03-15,NONE,FOB,"silent, pending ac"
26144-3,26144,1166,75,3,7.00,7470.12,0.02,0.00,N,O,1996-01-03,1995-12-22,1996-01-11,COLLECT COD,REG AIR,ar Tiresias. 
26144-4,26144,733,66,4,40.00,65349.20,0.01,0.03,N,O,1996-01-29,1995-11-27,1996-02-14,COLLECT COD,TRUCK,arefully ironic accounts. i
26144-5,26144,177,78,5,23.00,24774.91,0.09,0.06,N,O,1996-01-29,1995-12-06,1996-02-24,NONE,AIR, theodolites are finall
26144-6,26144,1804,48,6,6.00,10234.80,0.10,0.04,N,O,1996-01-18,1995-12-18,1996-01-29,DELIVER IN PERSON,AIR,anently abou
26145-1,26145,1295,33,1,34.00,40673.86,0.10,0.06,N,O,1995-09-25,1995-09-03,1995-10-08,DELIVER IN PERSON,REG AIR,ions try to cajole slyly. expres
26145-2,26145,185,86,2,37.00,40151.66,0.04,0.02,N,O,1995-10-29,1995-08-14,1995-11-09,NONE,RAIL,nic pinto beans are
26145-3,26145,1239,40,3,18.00,20524.14,0.05,0.01,N,O,1995-09-05,1995-09-03,1995-09-07,COLLECT COD,FOB,s nag slyly
26145-4,26145,1176,13,4,22.00,23697.74,0.04,0.00,N,O,1995-08-18,1995-09-30,1995-08-26,COLLECT COD,RAIL,uests alongside of
26146-1,26146,1693,76,1,5.00,7973.45,0.00,0.06,R,F,1994-11-02,1994-11-20,1994-11-22,NONE,SHIP,y pending p
26146-2,26146,945,46,2,47.00,86759.18,0.10,0.01,R,F,1995-01-18,1994-11-17,1995-02-04,NONE,REG AIR,ironically after the care
26146-3,26146,1749,34,3,40.00,66029.60,0.08,0.01,A,F,1994-11-09,1994-12-09,1994-11-20,NONE,RAIL,c pinto beans wake
26146-4,26146,387,16,4,37.00,47633.06,0.00,0.08,A,F,1994-12-07,1994-12-06,1994-12-18,TAKE BACK RETURN,FOB,elets. pack
26146-5,26146,51,52,5,21.00,19972.05,0.05,0.05,R,F,1994-12-11,1994-12-08,1995-01-09,COLLECT COD,RAIL,sleep blithely bold packages. slyly bold
26146-6,26146,878,45,6,15.00,26683.05,0.07,0.05,A,F,1995-01-17,1994-12-25,1995-01-30,TAKE BACK RETURN,MAIL,. blithely regular theo
26147-1,26147,789,22,1,23.00,38864.94,0.07,0.05,N,O,1995-07-27,1995-07-15,1995-08-19,TAKE BACK RETURN,MAIL,nic requests after the excuses sleep 
26147-2,26147,281,63,2,4.00,4725.12,0.02,0.01,A,F,1995-06-08,1995-06-02,1995-06-15,TAKE BACK RETURN,FOB, notornis run carefully.
26147-3,26147,1527,68,3,25.00,35713.00,0.04,0.00,N,O,1995-06-23,1995-06-03,1995-06-24,COLLECT COD,REG AIR,ctions. slyly final request
26147-4,26147,1256,57,4,45.00,52076.25,0.05,0.06,N,O,1995-06-29,1995-06-30,1995-07-27,COLLECT COD,RAIL,ter the furiously reg
26147-5,26147,1420,21,5,19.00,25106.98,0.00,0.06,N,O,1995-06-22,1995-05-26,1995-07-04,DELIVER IN PERSON,AIR, cajole caref
26148-1,26148,113,40,1,28.00,28367.08,0.05,0.03,R,F,1994-07-05,1994-06-19,1994-07-22,TAKE BACK RETURN,REG AIR,eposits nag al
26148-2,26148,852,86,2,47.00,82383.95,0.06,0.02,R,F,1994-06-17,1994-05-07,1994-07-05,TAKE BACK RETURN,SHIP,luffily during 
26149-1,26149,1540,21,1,17.00,24506.18,0.08,0.08,N,O,1996-09-20,1996-07-27,1996-10-16,COLLECT COD,MAIL,s believe slyly regular instructions.
26149-2,26149,115,68,2,27.00,27407.97,0.06,0.01,N,O,1996-07-26,1996-08-03,1996-08-16,NONE,AIR,slyly final accounts. fi
26149-3,26149,946,47,3,22.00,40632.68,0.09,0.06,N,O,1996-08-04,1996-08-12,1996-09-03,DELIVER IN PERSON,MAIL, around the blithel
26149-4,26149,1267,42,4,36.00,42057.36,0.09,0.05,N,O,1996-06-28,1996-07-09,1996-07-20,DELIVER IN PERSON,RAIL,de of the reg
26150-1,26150,165,92,1,46.00,48997.36,0.06,0.06,N,O,1998-07-03,1998-07-27,1998-07-22,NONE,AIR,ggle regular packages. pendin
26150-2,26150,532,93,2,18.00,25785.54,0.07,0.00,N,O,1998-08-12,1998-08-03,1998-08-23,TAKE BACK RETURN,SHIP,aggle quick
26150-3,26150,499,29,3,19.00,26590.31,0.09,0.05,N,O,1998-06-28,1998-09-23,1998-07-23,DELIVER IN PERSON,MAIL,e furiously for the
26150-4,26150,1462,63,4,8.00,10907.68,0.09,0.07,N,O,1998-07-15,1998-09-22,1998-08-11,TAKE BACK RETURN,REG AIR,beans. regular packages 
26150-5,26150,1565,6,5,31.00,45463.36,0.05,0.00,N,O,1998-10-10,1998-07-27,1998-10-14,TAKE BACK RETURN,REG AIR,ithely final requests. express instruct
26151-1,26151,25,51,1,1.00,925.02,0.09,0.04,A,F,1992-04-23,1992-03-31,1992-05-16,COLLECT COD,FOB,regular courts. slowly pending deposits a
26151-2,26151,1159,32,2,27.00,28624.05,0.02,0.08,R,F,1992-06-09,1992-04-13,1992-06-17,TAKE BACK RETURN,TRUCK, final sheaves boost sometimes. slyly 
26151-3,26151,956,59,3,44.00,81705.80,0.09,0.04,R,F,1992-02-15,1992-04-13,1992-02-23,TAKE BACK RETURN,RAIL,"ole bold, regular accounts. un"
26151-4,26151,1151,52,4,18.00,18938.70,0.07,0.03,R,F,1992-05-20,1992-04-26,1992-05-22,NONE,RAIL," express, ironic attainments. car"
26151-5,26151,1723,66,5,36.00,58489.92,0.01,0.00,A,F,1992-05-23,1992-04-04,1992-06-03,DELIVER IN PERSON,MAIL,uffily across
26176-1,26176,568,29,1,11.00,16154.16,0.02,0.08,N,O,1996-01-01,1996-01-14,1996-01-17,COLLECT COD,FOB,t the platelet
26176-2,26176,665,66,2,26.00,40707.16,0.07,0.05,N,O,1996-02-28,1995-12-27,1996-03-26,NONE,REG AIR,ounts. quick
26176-3,26176,1126,63,3,45.00,46220.40,0.06,0.00,N,O,1996-03-10,1996-02-04,1996-03-21,DELIVER IN PERSON,REG AIR,nic sauternes eat; bold sentime
26177-1,26177,855,56,1,5.00,8779.25,0.00,0.03,N,O,1996-04-15,1996-02-17,1996-05-03,TAKE BACK RETURN,REG AIR,lites doze fluffily. ironic account
26177-2,26177,770,35,2,8.00,13366.16,0.07,0.01,N,O,1996-02-25,1996-03-20,1996-03-23,NONE,FOB,ructions. bold dolphins ar
26177-3,26177,1714,57,3,50.00,80785.50,0.05,0.08,N,O,1996-03-13,1996-02-11,1996-03-29,DELIVER IN PERSON,REG AIR,s wake furiously. accounts hang carefu
26178-1,26178,293,48,1,24.00,28638.96,0.01,0.04,N,O,1997-08-02,1997-09-22,1997-08-05,TAKE BACK RETURN,FOB,ep. silent excus
26178-2,26178,304,89,2,32.00,38537.60,0.02,0.00,N,O,1997-08-13,1997-10-05,1997-08-17,NONE,TRUCK, along the furiously 
26179-1,26179,386,43,1,23.00,29586.74,0.08,0.01,N,O,1997-06-10,1997-06-11,1997-07-06,NONE,REG AIR, slyly ironic 
26179-2,26179,745,10,2,37.00,60892.38,0.06,0.08,N,O,1997-06-07,1997-05-24,1997-06-22,NONE,RAIL,ent deposits haggle carefully carefully fi
26179-3,26179,1221,22,3,50.00,56111.00,0.02,0.08,N,O,1997-06-01,1997-05-05,1997-06-26,NONE,TRUCK,thely ironi
26179-4,26179,521,12,4,50.00,71076.00,0.03,0.00,N,O,1997-05-14,1997-05-19,1997-05-25,TAKE BACK RETURN,TRUCK,es are fluffily blithely final
26179-5,26179,782,15,5,3.00,5048.34,0.05,0.03,N,O,1997-04-18,1997-05-15,1997-04-19,DELIVER IN PERSON,REG AIR,. carefull
26179-6,26179,1635,18,6,14.00,21512.82,0.04,0.06,N,O,1997-06-13,1997-06-23,1997-07-13,DELIVER IN PERSON,TRUCK,le slyly along the express instru
26180-1,26180,609,3,1,4.00,6038.40,0.08,0.03,A,F,1995-01-27,1995-01-30,1995-02-20,NONE,MAIL,d after th
26180-2,26180,157,84,2,38.00,40171.70,0.05,0.01,R,F,1995-02-14,1995-01-20,1995-03-15,COLLECT COD,AIR,ously express instruction
26180-3,26180,1113,50,3,34.00,34479.74,0.09,0.01,R,F,1994-12-08,1995-02-08,1994-12-17,TAKE BACK RETURN,RAIL,heodolites haggle among the fluffi
26180-4,26180,667,68,4,28.00,43894.48,0.05,0.04,A,F,1994-12-25,1995-01-07,1995-01-19,NONE,AIR,s. special depos
26180-5,26180,1464,4,5,36.00,49156.56,0.05,0.06,A,F,1995-02-22,1995-02-25,1995-03-05,DELIVER IN PERSON,MAIL,quests are slyly furious
26180-6,26180,39,15,6,9.00,8451.27,0.08,0.07,R,F,1995-03-18,1995-02-01,1995-03-26,NONE,RAIL,pending accounts wa
26181-1,26181,596,57,1,6.00,8979.54,0.05,0.03,A,F,1994-06-17,1994-05-29,1994-06-29,DELIVER IN PERSON,FOB,"ess requests may mold carefully regular, pe"
26181-2,26181,845,45,2,14.00,24441.76,0.03,0.01,R,F,1994-05-24,1994-06-26,1994-06-15,NONE,FOB,. packages cajole furiously unusual
26182-1,26182,527,28,1,5.00,7137.60,0.08,0.06,A,F,1993-03-30,1993-04-12,1993-04-27,COLLECT COD,TRUCK,s alongside of the evenly
26182-2,26182,1389,28,2,49.00,63228.62,0.08,0.00,R,F,1993-04-13,1993-03-03,1993-05-12,NONE,MAIL,wake idly final pinto beans. s
26182-3,26182,1883,84,3,49.00,87459.12,0.06,0.03,R,F,1993-02-22,1993-02-18,1993-02-23,DELIVER IN PERSON,MAIL,posits. carefully regular
26182-4,26182,967,70,4,23.00,42963.08,0.03,0.06,R,F,1993-05-17,1993-04-07,1993-06-11,DELIVER IN PERSON,RAIL,s play slyly slyly regul
26183-1,26183,526,57,1,32.00,45648.64,0.10,0.00,N,O,1996-03-11,1996-04-02,1996-03-17,DELIVER IN PERSON,AIR,s. stealthily final ide
26208-1,26208,867,1,1,10.00,17678.60,0.10,0.08,N,O,1996-04-19,1996-06-09,1996-05-14,COLLECT COD,MAIL,ggle furiously furiously even d
26208-2,26208,58,84,2,8.00,7664.40,0.10,0.02,N,O,1996-04-27,1996-06-16,1996-04-28,DELIVER IN PERSON,MAIL,ss accounts. blithely bold platelets 
26208-3,26208,990,59,3,5.00,9454.95,0.05,0.04,N,O,1996-03-22,1996-06-07,1996-04-13,NONE,RAIL,re bold requests. sly
26208-4,26208,416,46,4,34.00,44757.94,0.08,0.04,N,O,1996-06-25,1996-05-07,1996-07-02,DELIVER IN PERSON,REG AIR,ly about the fluffily even packages. 
26208-5,26208,1926,59,5,11.00,20107.12,0.03,0.01,N,O,1996-03-30,1996-05-13,1996-04-15,COLLECT COD,TRUCK,iously special de
26208-6,26208,1660,43,6,41.00,64028.06,0.00,0.02,N,O,1996-04-05,1996-06-12,1996-04-28,DELIVER IN PERSON,REG AIR,kages alongside of the qui
26209-1,26209,943,12,1,18.00,33190.92,0.07,0.02,N,O,1997-07-06,1997-06-30,1997-07-28,NONE,AIR,ious accounts cajole never regular 
26209-2,26209,526,57,2,39.00,55634.28,0.09,0.07,N,O,1997-05-20,1997-07-22,1997-05-29,DELIVER IN PERSON,SHIP,nstructions. 
26210-1,26210,566,57,1,36.00,52796.16,0.04,0.08,A,F,1993-03-25,1993-03-30,1993-04-09,COLLECT COD,AIR,"l, unusual i"
26210-2,26210,1023,94,2,8.00,7392.16,0.01,0.00,R,F,1993-04-25,1993-04-09,1993-05-02,DELIVER IN PERSON,FOB, carefully ironic excus
26210-3,26210,1272,10,3,37.00,43410.99,0.02,0.06,A,F,1993-05-11,1993-05-07,1993-06-02,NONE,AIR,al requests affix quickly carefully regular
26210-4,26210,552,83,4,39.00,56649.45,0.03,0.01,A,F,1993-05-29,1993-04-15,1993-05-30,NONE,FOB,riously blithely ev
26210-5,26210,1503,4,5,28.00,39326.00,0.04,0.08,A,F,1993-05-13,1993-04-27,1993-05-19,COLLECT COD,SHIP,nstructions. quickly
26211-1,26211,1119,56,1,30.00,30603.30,0.09,0.04,N,O,1996-05-06,1996-03-28,1996-06-01,NONE,FOB, final deposits. slyly regular
26212-1,26212,1521,42,1,19.00,27027.88,0.10,0.08,N,O,1996-05-10,1996-05-06,1996-06-07,TAKE BACK RETURN,SHIP,y ironic fox
26212-2,26212,241,42,2,49.00,55920.76,0.00,0.03,N,O,1996-07-29,1996-05-21,1996-07-30,NONE,SHIP,"ar deposits. even, even pinto beans about"
26212-3,26212,1407,47,3,6.00,7850.40,0.09,0.05,N,O,1996-04-18,1996-06-21,1996-04-26,DELIVER IN PERSON,FOB,e final courts-- ironic
26212-4,26212,1827,14,4,43.00,74339.26,0.02,0.01,N,O,1996-04-25,1996-06-07,1996-05-16,COLLECT COD,FOB,ely regular
26212-5,26212,1800,85,5,17.00,28930.60,0.01,0.04,N,O,1996-07-16,1996-05-14,1996-07-28,DELIVER IN PERSON,RAIL,ar hockey players. iron
26212-6,26212,981,16,6,41.00,77161.18,0.07,0.01,N,O,1996-07-07,1996-06-23,1996-07-25,TAKE BACK RETURN,TRUCK,tainments haggle
26213-1,26213,1717,60,1,42.00,67985.82,0.02,0.02,N,O,1997-04-09,1997-04-15,1997-04-12,NONE,SHIP," haggle blithely. final, even foxes "
26214-1,26214,1549,50,1,18.00,26109.72,0.06,0.02,N,O,1996-01-05,1995-12-27,1996-01-22,COLLECT COD,AIR, throughout the special th
26214-2,26214,1958,47,2,49.00,91137.55,0.07,0.03,N,O,1996-01-05,1995-12-22,1996-01-06,NONE,FOB, quickly regular pinto beans boost slyly 
26214-3,26214,480,39,3,18.00,24848.64,0.03,0.06,N,O,1996-03-05,1996-02-10,1996-03-06,NONE,SHIP,gle furiously. requ
26215-1,26215,733,30,1,44.00,71884.12,0.02,0.02,N,O,1995-09-17,1995-08-14,1995-10-17,TAKE BACK RETURN,SHIP,t. blithely ironic r
26215-2,26215,1457,75,2,40.00,54338.00,0.10,0.05,N,O,1995-09-08,1995-08-04,1995-09-13,DELIVER IN PERSON,AIR,y unusual instructions. fi
26215-3,26215,1839,69,3,36.00,62669.88,0.04,0.03,N,O,1995-10-30,1995-10-02,1995-11-11,DELIVER IN PERSON,FOB,kages. slyly ironic instructions wake slyly
26215-4,26215,35,11,4,19.00,17765.57,0.07,0.08,N,O,1995-08-04,1995-09-05,1995-08-24,COLLECT COD,SHIP,e furiously express 
26215-5,26215,137,38,5,10.00,10371.30,0.07,0.05,N,O,1995-09-06,1995-08-11,1995-09-25,DELIVER IN PERSON,AIR, slyly on the fluffily silent
26240-1,26240,592,53,1,4.00,5970.36,0.02,0.06,R,F,1995-04-05,1995-01-30,1995-04-23,TAKE BACK RETURN,REG AIR,y regular theodolites sleep quickly unusua
26240-2,26240,1255,93,2,41.00,47406.25,0.09,0.00,A,F,1995-04-15,1995-02-11,1995-05-08,DELIVER IN PERSON,MAIL,ely unusual requests. bold p
26240-3,26240,574,35,3,47.00,69304.79,0.09,0.01,R,F,1994-12-24,1995-03-13,1995-01-18,TAKE BACK RETURN,REG AIR,nts around the furiously even pack
26240-4,26240,793,94,4,43.00,72832.97,0.02,0.06,R,F,1995-01-02,1995-01-31,1995-01-17,DELIVER IN PERSON,SHIP,"se sauternes. special, pending dependencies"
26240-5,26240,1483,84,5,47.00,65070.56,0.06,0.04,R,F,1995-04-03,1995-02-10,1995-04-26,DELIVER IN PERSON,TRUCK,g dolphins. fluffily even theod
26240-6,26240,1116,25,6,5.00,5085.55,0.01,0.06,R,F,1995-03-05,1995-02-08,1995-03-07,DELIVER IN PERSON,SHIP,sts wake. requests sleep despite the fluf
26241-1,26241,495,96,1,43.00,60006.07,0.07,0.00,N,O,1996-05-15,1996-04-04,1996-06-14,DELIVER IN PERSON,MAIL, sleep slyly carefully bold pains: requests
26241-2,26241,1093,64,2,25.00,24852.25,0.07,0.05,N,O,1996-04-09,1996-04-26,1996-05-09,TAKE BACK RETURN,AIR,wake fluffily. pending accounts s
26241-3,26241,444,3,3,42.00,56466.48,0.10,0.06,N,O,1996-02-15,1996-03-14,1996-03-14,TAKE BACK RETURN,TRUCK,e doggedly special packages. i
26241-4,26241,259,41,4,48.00,55644.00,0.07,0.02,N,O,1996-02-16,1996-04-30,1996-02-27,NONE,SHIP," closely final, special inst"
26241-5,26241,1689,90,5,41.00,65217.88,0.10,0.01,N,O,1996-02-13,1996-03-25,1996-03-14,NONE,REG AIR,lly final pinto beans. sile
26241-6,26241,199,52,6,9.00,9892.71,0.05,0.08,N,O,1996-04-05,1996-04-17,1996-04-15,NONE,AIR,eep furiously
26241-7,26241,166,67,7,11.00,11727.76,0.02,0.06,N,O,1996-04-09,1996-03-22,1996-05-07,TAKE BACK RETURN,SHIP,furiously express requests cajole furi
26242-1,26242,1930,63,1,48.00,87932.64,0.00,0.04,N,O,1997-03-11,1997-02-05,1997-03-21,TAKE BACK RETURN,SHIP,efully within the regul
26242-2,26242,1953,42,2,4.00,7419.80,0.05,0.08,N,O,1997-04-14,1997-02-04,1997-04-27,COLLECT COD,MAIL,. accounts against the express pinto bea
26242-3,26242,1741,84,3,39.00,64066.86,0.07,0.03,N,O,1997-04-10,1997-03-16,1997-04-11,COLLECT COD,MAIL,gle regularly against the quickly r
26242-4,26242,601,95,4,49.00,73578.40,0.01,0.06,N,O,1997-01-13,1997-03-20,1997-01-29,COLLECT COD,MAIL,rding to the theodolites nag slyly furiousl
26242-5,26242,1322,99,5,32.00,39146.24,0.07,0.00,N,O,1997-01-13,1997-02-02,1997-01-19,COLLECT COD,RAIL,s sleep carefully at the 
26242-6,26242,1975,64,6,9.00,16892.73,0.05,0.05,N,O,1997-02-08,1997-03-07,1997-02-26,NONE,FOB," accounts. quiet, silent packages wake. "
26243-1,26243,720,53,1,35.00,56725.20,0.07,0.03,N,O,1995-08-15,1995-09-22,1995-09-08,COLLECT COD,REG AIR,ggle furiously before the
26243-2,26243,393,94,2,22.00,28454.58,0.00,0.01,N,O,1995-09-18,1995-09-26,1995-10-09,NONE,RAIL,ake quickly unusual 
26243-3,26243,62,63,3,27.00,25975.62,0.08,0.01,N,O,1995-09-18,1995-10-01,1995-09-30,NONE,TRUCK,he furious
26243-4,26243,1134,71,4,50.00,51756.50,0.10,0.00,N,O,1995-10-26,1995-09-17,1995-11-11,DELIVER IN PERSON,RAIL,ts. slyly even packages haggle 
26244-1,26244,1367,6,1,2.00,2536.72,0.10,0.08,A,F,1993-09-26,1993-09-18,1993-10-11,DELIVER IN PERSON,FOB,sts wake along the slyly even 
26244-2,26244,1203,78,2,44.00,48584.80,0.06,0.06,R,F,1993-10-30,1993-10-12,1993-11-16,TAKE BACK RETURN,MAIL,s boost above th
26244-3,26244,1360,37,3,44.00,55499.84,0.04,0.01,A,F,1993-09-23,1993-10-13,1993-10-21,TAKE BACK RETURN,AIR,nts cajole furiously. furiously 
26244-4,26244,979,82,4,35.00,65798.95,0.03,0.01,A,F,1993-11-01,1993-10-16,1993-11-06,TAKE BACK RETURN,SHIP,heodolites sle
26245-1,26245,117,70,1,27.00,27461.97,0.02,0.03,R,F,1995-02-18,1995-03-11,1995-03-16,TAKE BACK RETURN,AIR, pending orbits
26246-1,26246,316,1,1,28.00,34056.68,0.05,0.01,N,O,1995-08-17,1995-07-14,1995-08-24,DELIVER IN PERSON,RAIL,sly even foxes wa
26246-2,26246,1675,58,2,40.00,63066.80,0.05,0.00,N,O,1995-07-02,1995-06-30,1995-07-07,DELIVER IN PERSON,TRUCK,ar courts beyond the ironic req
26247-1,26247,1164,73,1,11.00,11716.76,0.04,0.06,N,O,1998-03-02,1997-12-09,1998-03-15,NONE,TRUCK,ironic Tiresias. fluffily expr
26247-2,26247,1851,52,2,21.00,36809.85,0.01,0.00,N,O,1998-01-12,1998-01-25,1998-02-10,COLLECT COD,TRUCK, would cajole c
26247-3,26247,1006,42,3,5.00,4535.00,0.08,0.03,N,O,1998-02-21,1997-12-07,1998-03-09,NONE,TRUCK,kly against the quickly ironic platelets
26272-1,26272,1958,59,1,11.00,20459.45,0.09,0.00,A,F,1992-07-31,1992-08-06,1992-08-30,DELIVER IN PERSON,SHIP,ts to the silently ironic platelets sleep
26272-2,26272,760,93,2,27.00,44840.52,0.06,0.01,A,F,1992-08-29,1992-09-20,1992-09-06,DELIVER IN PERSON,RAIL,nding requests are express requests. 
26272-3,26272,1280,55,3,29.00,34257.12,0.06,0.07,R,F,1992-07-03,1992-08-07,1992-07-30,DELIVER IN PERSON,TRUCK,kly. regular accoun
26272-4,26272,1195,32,4,20.00,21923.80,0.02,0.01,R,F,1992-08-13,1992-08-28,1992-09-07,COLLECT COD,TRUCK,ss platelets boost 
26272-5,26272,1363,64,5,44.00,55631.84,0.02,0.04,A,F,1992-10-11,1992-08-15,1992-10-23,DELIVER IN PERSON,TRUCK,riously fluffily stealthy foxes
26272-6,26272,1484,2,6,1.00,1385.48,0.09,0.06,A,F,1992-09-11,1992-08-02,1992-09-12,COLLECT COD,REG AIR,"lly express accounts. regular, ironic th"
26273-1,26273,1179,52,1,37.00,39966.29,0.00,0.06,N,O,1998-03-01,1998-03-05,1998-03-11,TAKE BACK RETURN,REG AIR,pending deposits: carefully unusual foxe
26273-2,26273,474,33,2,45.00,61851.15,0.03,0.08,N,O,1998-01-14,1998-03-19,1998-01-24,NONE,MAIL,r the carefully regular
26273-3,26273,1365,4,3,40.00,50654.40,0.04,0.00,N,O,1998-03-02,1998-03-01,1998-03-31,TAKE BACK RETURN,TRUCK, packages sleep. unusual deposits
26273-4,26273,53,4,4,36.00,34309.80,0.08,0.08,N,O,1998-03-28,1998-02-03,1998-04-17,TAKE BACK RETURN,AIR,the carefully u
26273-5,26273,707,72,5,28.00,45015.60,0.01,0.07,N,O,1998-02-17,1998-03-05,1998-03-04,COLLECT COD,AIR,s detect furiously. blithely regula
26273-6,26273,1842,43,6,16.00,27901.44,0.10,0.04,N,O,1998-01-06,1998-02-16,1998-01-19,DELIVER IN PERSON,MAIL,nal pinto beans. furiously ironic account
26274-1,26274,1990,79,1,26.00,49191.74,0.03,0.02,A,F,1992-09-13,1992-08-18,1992-09-21,TAKE BACK RETURN,REG AIR,e quickly furiously speci
26274-2,26274,1028,99,2,43.00,39947.86,0.05,0.06,A,F,1992-07-18,1992-08-01,1992-08-14,TAKE BACK RETURN,TRUCK,ges. furiously bold deposits around t
26274-3,26274,400,29,3,39.00,50715.60,0.05,0.04,A,F,1992-08-19,1992-07-22,1992-09-17,COLLECT COD,RAIL,leep against the regular cour
26274-4,26274,1866,96,4,47.00,83089.42,0.09,0.00,R,F,1992-07-23,1992-09-02,1992-08-08,DELIVER IN PERSON,REG AIR,posits use. furiously final pla
26274-5,26274,1227,39,5,22.00,24820.84,0.04,0.02,A,F,1992-08-15,1992-08-15,1992-09-03,DELIVER IN PERSON,TRUCK,gle. deposits boost blithely. carefull
26274-6,26274,1034,40,6,5.00,4675.15,0.09,0.07,A,F,1992-07-29,1992-08-18,1992-08-16,TAKE BACK RETURN,FOB,quests. bold dep
26275-1,26275,360,89,1,1.00,1260.36,0.04,0.04,A,F,1994-02-22,1994-01-21,1994-03-24,COLLECT COD,AIR, final cou
26276-1,26276,1825,55,1,47.00,81160.54,0.10,0.01,A,F,1994-01-10,1993-12-07,1994-02-05,COLLECT COD,SHIP,y ironic deposits according to the bold
26276-2,26276,277,32,2,16.00,18836.32,0.05,0.03,A,F,1993-11-05,1993-10-30,1993-11-09,COLLECT COD,SHIP,iously regula
26276-3,26276,362,63,3,17.00,21460.12,0.06,0.08,R,F,1993-12-27,1993-11-07,1994-01-24,TAKE BACK RETURN,FOB,ily regular ideas
26277-1,26277,557,18,1,16.00,23320.80,0.05,0.00,N,O,1995-09-02,1995-09-17,1995-09-13,DELIVER IN PERSON,FOB,"re. bold, pending f"
26277-2,26277,1584,5,2,48.00,71307.84,0.07,0.02,N,O,1995-08-04,1995-07-31,1995-08-17,DELIVER IN PERSON,TRUCK,ccounts sleep slyly furiously even accounts
26278-1,26278,697,98,1,39.00,62309.91,0.07,0.04,R,F,1994-06-01,1994-05-19,1994-07-01,TAKE BACK RETURN,TRUCK,"ronic, bold excuses ar"
26278-2,26278,587,88,2,34.00,50577.72,0.06,0.03,A,F,1994-04-20,1994-05-27,1994-05-07,COLLECT COD,RAIL,ickly ironic theodoli
26279-1,26279,1690,73,1,44.00,70034.36,0.05,0.02,A,F,1994-09-03,1994-10-13,1994-09-15,DELIVER IN PERSON,RAIL,pendencies affix carefully furiously bo
26279-2,26279,1115,24,2,44.00,44708.84,0.08,0.07,R,F,1994-10-11,1994-10-09,1994-10-20,COLLECT COD,AIR,structions
26279-3,26279,474,4,3,24.00,32987.28,0.04,0.01,A,F,1994-08-30,1994-10-15,1994-09-03,DELIVER IN PERSON,AIR,telets lose slyly foxes. b
26279-4,26279,971,74,4,30.00,56159.10,0.07,0.07,R,F,1994-08-29,1994-10-10,1994-09-15,TAKE BACK RETURN,FOB,", ironic deposits sleep; slyl"
26279-5,26279,1487,66,5,28.00,38877.44,0.05,0.01,A,F,1994-11-15,1994-09-21,1994-12-15,DELIVER IN PERSON,FOB,"ly. final, final deposits affix "
26279-6,26279,23,99,6,43.00,39689.86,0.04,0.00,R,F,1994-08-06,1994-09-24,1994-09-04,COLLECT COD,TRUCK,ke blithel
26304-1,26304,1971,16,1,36.00,67426.92,0.03,0.06,N,O,1995-07-16,1995-04-27,1995-07-31,TAKE BACK RETURN,SHIP,ts believe carefully ironic
26304-2,26304,1281,93,2,15.00,17734.20,0.06,0.06,R,F,1995-04-25,1995-06-08,1995-05-12,TAKE BACK RETURN,SHIP,ructions. quickly unusual pinto beans hagg
26304-3,26304,1229,41,3,49.00,55380.78,0.02,0.00,A,F,1995-03-27,1995-05-08,1995-04-24,COLLECT COD,SHIP,losely unusual courts integrat
26304-4,26304,1710,53,4,50.00,80585.50,0.06,0.08,A,F,1995-03-25,1995-04-19,1995-04-02,NONE,TRUCK,"s haggle fluffily. final, unusual reque"
26304-5,26304,1380,81,5,37.00,47411.06,0.02,0.08,A,F,1995-04-14,1995-05-29,1995-04-19,NONE,REG AIR,osits haggle ca
26304-6,26304,1355,32,6,40.00,50254.00,0.09,0.07,N,O,1995-06-24,1995-06-15,1995-07-23,NONE,SHIP,"ar, sly theodolites wake since t"
26305-1,26305,543,74,1,47.00,67846.38,0.03,0.02,A,F,1994-02-24,1994-02-06,1994-03-11,TAKE BACK RETURN,REG AIR,y requests a
26305-2,26305,250,78,2,4.00,4601.00,0.06,0.03,R,F,1994-01-17,1994-01-17,1994-01-18,COLLECT COD,REG AIR,eodolites. quickly regular dependencies ar
26305-3,26305,353,10,3,7.00,8773.45,0.01,0.04,A,F,1994-03-12,1994-02-07,1994-04-06,DELIVER IN PERSON,FOB,ts boost aft
26305-4,26305,744,9,4,6.00,9868.44,0.02,0.05,A,F,1993-12-17,1994-02-07,1994-01-16,NONE,MAIL, carefully regular escapades wake thr
26305-5,26305,1688,30,5,24.00,38152.32,0.04,0.00,R,F,1994-03-30,1994-02-09,1994-04-28,NONE,SHIP,"nwind slyly even, silent "
26305-6,26305,1454,72,6,31.00,42018.95,0.04,0.03,R,F,1994-02-15,1994-01-19,1994-03-14,COLLECT COD,SHIP, furiously pending packages 
26305-7,26305,400,85,7,4.00,5201.60,0.06,0.04,A,F,1993-12-07,1994-02-08,1993-12-12,DELIVER IN PERSON,AIR,e blithely. ironic packa
26306-1,26306,1824,11,1,45.00,77661.90,0.06,0.06,R,F,1993-02-22,1993-01-18,1993-03-21,DELIVER IN PERSON,TRUCK, final theodolites. fluffily regul
26306-2,26306,334,19,2,31.00,38264.23,0.03,0.01,R,F,1993-02-19,1992-12-17,1993-03-17,NONE,RAIL,kly daring requests. regular requests
26306-3,26306,1161,34,3,45.00,47797.20,0.06,0.03,A,F,1993-02-14,1993-01-04,1993-03-15,NONE,REG AIR,"ven, expres"
26306-4,26306,1403,43,4,34.00,44349.60,0.02,0.06,R,F,1993-02-28,1993-01-02,1993-03-18,COLLECT COD,MAIL,unts nag carefully. excuses across t
26306-5,26306,716,17,5,22.00,35567.62,0.05,0.03,R,F,1993-02-27,1992-12-09,1993-03-18,TAKE BACK RETURN,SHIP,nic accounts. spec
26307-1,26307,1632,56,1,36.00,55210.68,0.03,0.06,N,O,1996-08-07,1996-08-09,1996-08-11,DELIVER IN PERSON,AIR,nticing requests. busy reques
26307-2,26307,513,74,2,25.00,35337.75,0.10,0.08,N,O,1996-10-06,1996-07-17,1996-10-15,NONE,TRUCK,s. carefully even theodol
26307-3,26307,1791,34,3,26.00,44012.54,0.03,0.00,N,O,1996-08-16,1996-08-28,1996-09-01,DELIVER IN PERSON,REG AIR, accounts cajole carefully. 
26307-4,26307,122,1,4,40.00,40884.80,0.00,0.08,N,O,1996-08-13,1996-08-09,1996-09-09,TAKE BACK RETURN,TRUCK,ntiments solve according t
26307-5,26307,1288,89,5,14.00,16649.92,0.00,0.01,N,O,1996-10-06,1996-08-01,1996-10-10,COLLECT COD,TRUCK,gular ideas. ironic deposits
26308-1,26308,1791,92,1,50.00,84639.50,0.06,0.00,N,O,1996-01-01,1996-02-24,1996-01-27,DELIVER IN PERSON,REG AIR, deposits thrash slyly. sometimes 
26308-2,26308,1615,39,2,38.00,57631.18,0.04,0.02,N,O,1995-12-05,1996-01-06,1996-01-02,NONE,TRUCK,"yly. ironic, fin"
26309-1,26309,77,53,1,26.00,25403.82,0.09,0.08,A,F,1992-02-25,1992-05-07,1992-03-04,COLLECT COD,MAIL,leep above the furiously silent dolph
26309-2,26309,1792,35,2,43.00,72832.97,0.06,0.05,A,F,1992-04-07,1992-05-01,1992-04-24,TAKE BACK RETURN,RAIL,. blithely final i
26309-3,26309,806,40,3,46.00,78512.80,0.05,0.07,R,F,1992-06-03,1992-04-19,1992-06-24,NONE,TRUCK,ost furiously unusual p
26309-4,26309,1747,74,4,13.00,21433.62,0.03,0.08,R,F,1992-03-20,1992-04-23,1992-04-13,TAKE BACK RETURN,MAIL,nto beans among 
26309-5,26309,248,49,5,21.00,24113.04,0.02,0.08,R,F,1992-04-26,1992-05-15,1992-05-07,TAKE BACK RETURN,RAIL,uriously against the de
26309-6,26309,1867,97,6,12.00,21226.32,0.01,0.07,R,F,1992-02-23,1992-04-24,1992-02-26,TAKE BACK RETURN,MAIL,s sublate. 
26309-7,26309,786,51,7,14.00,23614.92,0.02,0.05,A,F,1992-02-29,1992-03-29,1992-03-18,NONE,SHIP, final packages. accounts s
26310-1,26310,261,89,1,2.00,2322.52,0.00,0.00,A,F,1992-09-25,1992-10-12,1992-10-19,TAKE BACK RETURN,SHIP,ously dependencies.
26310-2,26310,106,33,2,30.00,30183.00,0.05,0.03,R,F,1992-09-02,1992-10-10,1992-09-09,NONE,FOB,silent acc
26310-3,26310,161,88,3,7.00,7428.12,0.08,0.01,R,F,1992-11-12,1992-10-28,1992-11-13,DELIVER IN PERSON,RAIL,e carefully silent accounts. blithely f
26310-4,26310,944,79,4,46.00,84867.24,0.03,0.05,A,F,1992-10-31,1992-09-10,1992-11-05,DELIVER IN PERSON,TRUCK,es boost quickly pending instr
26310-5,26310,329,14,5,4.00,4917.28,0.05,0.07,A,F,1992-11-22,1992-09-24,1992-11-25,COLLECT COD,TRUCK, fluffily. furiously final
26311-1,26311,1944,45,1,24.00,44302.56,0.08,0.05,N,O,1996-01-01,1995-12-17,1996-01-18,COLLECT COD,RAIL,es about the blithely regu
26311-2,26311,411,12,2,42.00,55079.22,0.06,0.08,N,O,1996-01-29,1996-01-22,1996-02-01,DELIVER IN PERSON,RAIL,yly. slyly even
26311-3,26311,91,42,3,24.00,23786.16,0.07,0.00,N,O,1995-12-22,1996-01-07,1996-01-14,NONE,RAIL,lar accounts.
26311-4,26311,335,64,4,36.00,44471.88,0.07,0.02,N,O,1995-11-24,1996-01-26,1995-12-06,TAKE BACK RETURN,MAIL,ecial instructions! packages along
26336-1,26336,838,72,1,5.00,8694.15,0.01,0.01,A,F,1992-07-12,1992-07-16,1992-07-19,DELIVER IN PERSON,RAIL,cing foxes. blithely regular deposits i
26336-2,26336,377,34,2,27.00,34488.99,0.09,0.06,R,F,1992-06-22,1992-08-09,1992-07-07,DELIVER IN PERSON,SHIP,es affix according to the bold dolphin
26336-3,26336,674,68,3,24.00,37792.08,0.09,0.04,A,F,1992-09-17,1992-08-01,1992-10-02,NONE,FOB,s. slyly even dependen
26336-4,26336,32,83,4,38.00,35417.14,0.03,0.01,A,F,1992-06-01,1992-07-11,1992-06-19,COLLECT COD,MAIL,le carefully i
26337-1,26337,1372,73,1,49.00,62395.13,0.05,0.01,R,F,1994-11-22,1995-01-08,1994-12-13,DELIVER IN PERSON,FOB,s sleep furiously 
26337-2,26337,866,66,2,25.00,44171.50,0.04,0.05,A,F,1995-03-05,1994-12-31,1995-03-14,TAKE BACK RETURN,MAIL,slyly. fluffily p
26338-1,26338,1883,84,1,12.00,21418.56,0.03,0.00,A,F,1992-06-01,1992-05-27,1992-06-29,NONE,RAIL, requests. pending dolphins wake
26338-2,26338,1167,68,2,46.00,49135.36,0.03,0.06,R,F,1992-06-17,1992-05-12,1992-06-19,NONE,REG AIR,usual grouches against the unusua
26338-3,26338,1588,69,3,15.00,22343.70,0.05,0.04,A,F,1992-04-19,1992-05-11,1992-04-21,COLLECT COD,TRUCK,inst the bli
26338-4,26338,1866,53,4,37.00,65410.82,0.06,0.05,R,F,1992-05-09,1992-06-16,1992-05-23,DELIVER IN PERSON,RAIL,ests haggle slyly. ruthlessly even accounts
26339-1,26339,1618,1,1,2.00,3039.22,0.04,0.07,R,F,1992-12-06,1992-11-03,1992-12-12,DELIVER IN PERSON,FOB, deposits. sometimes express depos
26339-2,26339,227,9,2,20.00,22544.40,0.00,0.04,A,F,1992-12-06,1992-10-24,1992-12-28,NONE,AIR, accounts accordi
26339-3,26339,150,51,3,20.00,21003.00,0.07,0.03,R,F,1992-10-18,1992-10-12,1992-11-15,DELIVER IN PERSON,TRUCK,ost special requests.
26339-4,26339,403,91,4,44.00,57349.60,0.10,0.04,A,F,1992-10-18,1992-09-28,1992-10-30,NONE,RAIL,ackages serve carefully pe
26340-1,26340,809,10,1,4.00,6839.20,0.01,0.06,N,O,1997-12-12,1997-11-27,1997-12-26,NONE,RAIL,bove the excuses. f
26340-2,26340,403,33,2,21.00,27371.40,0.00,0.05,N,O,1997-10-06,1997-11-16,1997-11-02,DELIVER IN PERSON,TRUCK,ckages. slyly even e
26340-3,26340,1241,16,3,38.00,43405.12,0.05,0.02,N,O,1997-11-24,1997-11-01,1997-12-06,COLLECT COD,TRUCK,uests. dolphins wake fl
26340-4,26340,175,76,4,41.00,44081.97,0.07,0.01,N,O,1997-10-17,1997-11-13,1997-11-15,DELIVER IN PERSON,REG AIR,nments. stealthy deposits along the regul
26341-1,26341,1337,14,1,22.00,27243.26,0.03,0.00,A,F,1993-09-18,1993-10-04,1993-10-11,NONE,TRUCK,hely special theodolites boost aroun
26341-2,26341,793,90,2,43.00,72832.97,0.06,0.02,R,F,1993-08-25,1993-10-16,1993-09-08,DELIVER IN PERSON,SHIP,instructions. re
26341-3,26341,1203,4,3,7.00,7729.40,0.02,0.08,A,F,1993-08-06,1993-09-07,1993-09-01,DELIVER IN PERSON,TRUCK,regular deposits across the 
26342-1,26342,1950,39,1,23.00,42594.85,0.04,0.00,A,F,1994-12-18,1994-11-25,1995-01-01,TAKE BACK RETURN,AIR,uctions shall have to 
26342-2,26342,746,43,2,11.00,18114.14,0.03,0.02,R,F,1995-01-17,1994-12-17,1995-01-19,DELIVER IN PERSON,SHIP,nal requests. slyly
26342-3,26342,484,43,3,47.00,65070.56,0.05,0.08,A,F,1994-12-06,1995-01-13,1995-01-01,COLLECT COD,TRUCK,ly ironic instru
26342-4,26342,1335,12,4,47.00,58107.51,0.04,0.06,R,F,1994-11-01,1994-11-24,1994-11-13,DELIVER IN PERSON,FOB,. permanently regular theodolites up 
26342-5,26342,1378,55,5,9.00,11514.33,0.00,0.07,A,F,1994-10-25,1994-12-16,1994-11-15,NONE,FOB,ick deposits: requests about
26343-1,26343,32,83,1,19.00,17708.57,0.10,0.06,N,O,1998-05-22,1998-05-21,1998-06-14,NONE,TRUCK,among the 
26343-2,26343,397,26,2,22.00,28542.58,0.02,0.02,N,O,1998-05-04,1998-05-01,1998-05-17,TAKE BACK RETURN,REG AIR,r requests. slyly express instructions 
26343-3,26343,1329,68,3,17.00,20915.44,0.07,0.05,N,O,1998-07-23,1998-05-08,1998-07-26,COLLECT COD,AIR, nag blithely brave 
26368-1,26368,1849,50,1,28.00,49023.52,0.07,0.00,A,F,1993-11-02,1993-09-27,1993-11-07,DELIVER IN PERSON,AIR," final, bold packages cajole "
26368-2,26368,1060,96,2,43.00,41325.58,0.09,0.00,A,F,1993-09-09,1993-09-09,1993-09-21,TAKE BACK RETURN,MAIL,ular accounts was alon
26368-3,26368,1773,100,3,9.00,15072.93,0.04,0.07,R,F,1993-10-31,1993-08-29,1993-11-07,COLLECT COD,SHIP, pending requ
26369-1,26369,404,63,1,20.00,26088.00,0.06,0.07,R,F,1992-12-15,1993-02-20,1993-01-14,NONE,REG AIR,y even requests. quickly even notornis alo
26370-1,26370,485,73,1,34.00,47106.32,0.05,0.08,N,O,1995-08-18,1995-09-09,1995-08-28,NONE,AIR,press ideas! blith
26370-2,26370,185,38,2,19.00,20618.42,0.08,0.06,N,O,1995-11-19,1995-11-02,1995-12-07,TAKE BACK RETURN,SHIP," ironic, final ideas alongside of the slyl"
26370-3,26370,604,67,3,20.00,30092.00,0.06,0.03,N,O,1995-11-19,1995-09-15,1995-12-10,DELIVER IN PERSON,MAIL,ously. enticingly ironic platelets are f
26370-4,26370,666,67,4,28.00,43866.48,0.03,0.08,N,O,1995-09-28,1995-09-28,1995-10-25,TAKE BACK RETURN,AIR,g the regular attainments. ironic pinto b
26370-5,26370,1869,99,5,16.00,28333.76,0.02,0.07,N,O,1995-11-16,1995-10-11,1995-11-27,DELIVER IN PERSON,FOB,ithely spec
26371-1,26371,1235,10,1,44.00,49994.12,0.10,0.05,N,O,1998-11-19,1998-09-01,1998-11-20,DELIVER IN PERSON,REG AIR,"es across the stealthy, even as"
26371-2,26371,17,68,2,27.00,24759.27,0.06,0.08,N,O,1998-07-31,1998-08-23,1998-08-18,TAKE BACK RETURN,FOB, haggle slyly regularly
26371-3,26371,98,49,3,26.00,25950.34,0.02,0.07,N,O,1998-08-21,1998-09-22,1998-09-13,TAKE BACK RETURN,REG AIR,inal instructions sleep caref
26371-4,26371,1254,29,4,32.00,36968.00,0.06,0.00,N,O,1998-09-18,1998-10-07,1998-10-18,COLLECT COD,TRUCK,"gular, close a"
26371-5,26371,1839,26,5,27.00,47002.41,0.09,0.08,N,O,1998-09-13,1998-09-30,1998-09-21,TAKE BACK RETURN,AIR,d realms. c
26371-6,26371,647,41,6,35.00,54167.40,0.00,0.03,N,O,1998-10-12,1998-08-24,1998-11-08,TAKE BACK RETURN,TRUCK,es sleep final platelets. sly
26372-1,26372,149,28,1,15.00,15737.10,0.08,0.08,R,F,1994-10-03,1994-09-03,1994-10-23,COLLECT COD,RAIL,bt slyly silent dolphins. fluffily s
26372-2,26372,1950,39,2,2.00,3703.90,0.09,0.02,A,F,1994-08-07,1994-08-25,1994-08-24,COLLECT COD,MAIL,c deposits around the carefully ironi
26372-3,26372,587,88,3,17.00,25288.86,0.06,0.01,R,F,1994-08-31,1994-08-21,1994-09-30,COLLECT COD,FOB,structions-- blithely pen
26372-4,26372,1656,98,4,49.00,76324.85,0.04,0.04,R,F,1994-11-04,1994-10-08,1994-12-01,TAKE BACK RETURN,RAIL,"l, silent accounts. packages sleep? furious"
26372-5,26372,343,28,5,27.00,33570.18,0.01,0.01,R,F,1994-11-01,1994-09-09,1994-11-04,COLLECT COD,FOB,nts sleep. theodolites haggle carefully s
26372-6,26372,1202,40,6,7.00,7722.40,0.05,0.00,R,F,1994-07-27,1994-09-24,1994-08-10,DELIVER IN PERSON,TRUCK,yly blithely 
26373-1,26373,1117,54,1,21.00,21380.31,0.06,0.05,A,F,1993-09-23,1993-09-11,1993-09-27,NONE,TRUCK,es use blithely. fluff
26373-2,26373,490,91,2,4.00,5561.96,0.07,0.07,A,F,1993-11-03,1993-08-23,1993-11-27,TAKE BACK RETURN,AIR,"ithely regular requests. bold, even depo"
26373-3,26373,719,16,3,49.00,79365.79,0.06,0.05,R,F,1993-09-29,1993-08-28,1993-10-06,TAKE BACK RETURN,MAIL,accounts hagg
26373-4,26373,1619,43,4,18.00,27370.98,0.00,0.08,R,F,1993-10-06,1993-10-20,1993-10-19,TAKE BACK RETURN,TRUCK, nag blithely slyly regular 
26374-1,26374,1900,30,1,5.00,9009.50,0.02,0.03,R,F,1995-02-03,1994-12-17,1995-02-07,NONE,FOB,"olites. express, ironic accounts g"
26374-2,26374,769,66,2,22.00,36734.72,0.08,0.07,R,F,1995-03-04,1995-01-17,1995-03-31,COLLECT COD,AIR,oss the carefully express ideas. furiousl
26374-3,26374,1840,41,3,31.00,53997.04,0.01,0.06,R,F,1995-02-26,1995-01-07,1995-03-01,COLLECT COD,AIR,lyly regular requests! carefully even p
26374-4,26374,618,19,4,12.00,18223.32,0.06,0.04,R,F,1994-11-25,1994-12-23,1994-12-19,NONE,RAIL,bout the fur
26374-5,26374,1566,47,5,36.00,52832.16,0.02,0.08,R,F,1995-02-02,1995-01-21,1995-02-19,DELIVER IN PERSON,MAIL,ecial ideas about th
26374-6,26374,1254,92,6,43.00,49675.75,0.09,0.07,R,F,1994-11-23,1995-01-03,1994-12-09,DELIVER IN PERSON,RAIL, the slyly ironic pinto beans. furi
26375-1,26375,1645,69,1,26.00,40212.64,0.08,0.07,N,O,1996-05-28,1996-07-03,1996-06-19,NONE,SHIP,g the carefully dogged 
26375-2,26375,1451,91,2,41.00,55450.45,0.05,0.05,N,O,1996-07-31,1996-07-08,1996-08-24,NONE,AIR,deposits around the pack
26375-3,26375,64,15,3,40.00,38562.40,0.04,0.08,N,O,1996-08-29,1996-08-05,1996-09-21,COLLECT COD,MAIL,. blithely final foxes cajole s
26375-4,26375,39,90,4,15.00,14085.45,0.07,0.03,N,O,1996-08-17,1996-06-23,1996-08-26,NONE,MAIL,us packages lose blithely. ca
26400-1,26400,1040,76,1,9.00,8469.36,0.00,0.07,N,O,1998-07-23,1998-06-25,1998-07-31,TAKE BACK RETURN,AIR,p blithely blithel
26400-2,26400,506,37,2,50.00,70325.00,0.07,0.02,N,O,1998-05-30,1998-07-01,1998-06-23,DELIVER IN PERSON,AIR,ress requests. regular dolphins nag 
26400-3,26400,1016,52,3,1.00,917.01,0.10,0.05,N,O,1998-05-08,1998-06-23,1998-05-09,TAKE BACK RETURN,FOB,tructions. blithely regular packages use 
26400-4,26400,421,9,4,12.00,15857.04,0.08,0.01,N,O,1998-04-14,1998-05-10,1998-04-26,DELIVER IN PERSON,RAIL,theodolites. carefully express requests
26400-5,26400,303,88,5,3.00,3609.90,0.00,0.08,N,O,1998-05-23,1998-06-26,1998-06-11,COLLECT COD,SHIP,the final accounts. carefull
26400-6,26400,35,61,6,37.00,34596.11,0.05,0.06,N,O,1998-05-28,1998-06-06,1998-06-23,NONE,FOB,ggle slyly blithely special d
26400-7,26400,863,63,7,29.00,51151.94,0.05,0.07,N,O,1998-07-17,1998-06-30,1998-07-24,NONE,REG AIR,hely regul
26401-1,26401,186,65,1,2.00,2172.36,0.10,0.05,A,F,1993-12-05,1993-11-19,1993-12-22,TAKE BACK RETURN,MAIL, ironic depths h
26401-2,26401,1231,43,2,4.00,4528.92,0.07,0.07,R,F,1993-11-03,1993-11-30,1993-12-01,DELIVER IN PERSON,TRUCK, doggedly. pending excuses de
26401-3,26401,1119,20,3,1.00,1020.11,0.06,0.08,A,F,1993-12-20,1993-12-13,1993-12-23,DELIVER IN PERSON,RAIL,quickly bold packages lose. ideas slee
26401-4,26401,718,15,4,12.00,19424.52,0.01,0.06,R,F,1994-02-07,1993-12-15,1994-02-26,NONE,TRUCK,eodolites. even pinto beans cajole regular 
26401-5,26401,886,53,5,42.00,75048.96,0.01,0.00,R,F,1994-02-07,1993-12-31,1994-03-09,COLLECT COD,SHIP,. quickly even pinto b
26402-1,26402,840,41,1,49.00,85301.16,0.10,0.01,A,F,1995-01-20,1994-12-21,1995-01-28,TAKE BACK RETURN,MAIL, accounts hagg
26402-2,26402,1301,2,2,33.00,39675.90,0.09,0.05,R,F,1994-10-20,1994-12-11,1994-10-26,TAKE BACK RETURN,RAIL,ions. ideas sl
26402-3,26402,1708,51,3,41.00,65997.70,0.10,0.00,R,F,1995-01-08,1994-12-14,1995-01-13,NONE,REG AIR,nstructions haggle
26403-1,26403,1955,88,1,4.00,7427.80,0.01,0.01,N,O,1998-03-08,1998-02-11,1998-04-01,NONE,AIR,-- quickly slow theodo
26403-2,26403,1704,31,2,22.00,35325.40,0.02,0.05,N,O,1998-03-29,1998-03-11,1998-04-14,DELIVER IN PERSON,RAIL,ole carefully along the blithely express t
26404-1,26404,102,3,1,36.00,36075.60,0.06,0.07,N,O,1997-04-23,1997-03-24,1997-04-27,NONE,RAIL, may cajole furiously 
26404-2,26404,1809,96,2,29.00,49613.20,0.07,0.07,N,O,1997-01-07,1997-02-22,1997-01-20,NONE,FOB," sleep blithely regular accounts. regular,"
26404-3,26404,1263,1,3,27.00,31435.02,0.01,0.00,N,O,1997-04-29,1997-02-12,1997-05-10,DELIVER IN PERSON,SHIP,packages. express requests sleep quickly 
26404-4,26404,138,17,4,50.00,51906.50,0.07,0.08,N,O,1997-01-27,1997-02-23,1997-02-23,TAKE BACK RETURN,FOB,ackages haggle caref
26404-5,26404,264,65,5,25.00,29106.50,0.07,0.06,N,O,1997-02-27,1997-03-01,1997-03-12,TAKE BACK RETURN,RAIL,ependencies. final notornis boost furio
26404-6,26404,1860,4,6,31.00,54617.66,0.08,0.08,N,O,1997-01-24,1997-03-20,1997-02-12,TAKE BACK RETURN,FOB,uickly. quickly
26404-7,26404,1452,53,7,9.00,12181.05,0.10,0.03,N,O,1997-01-10,1997-03-18,1997-02-02,DELIVER IN PERSON,AIR,tegrate against t
26405-1,26405,1897,98,1,36.00,64760.04,0.03,0.07,A,F,1993-08-19,1993-09-02,1993-09-02,COLLECT COD,SHIP,leep doggedly according to the qu
26405-2,26405,436,37,2,35.00,46775.05,0.08,0.02,R,F,1993-09-19,1993-07-23,1993-10-02,TAKE BACK RETURN,TRUCK,c asymptotes. blithely iro
26405-3,26405,800,1,3,1.00,1700.80,0.01,0.00,R,F,1993-07-06,1993-08-16,1993-07-21,COLLECT COD,SHIP, slyly pending platelets. express
26405-4,26405,1528,29,4,22.00,31449.44,0.02,0.07,R,F,1993-08-08,1993-09-04,1993-08-13,NONE,AIR,odolites. blithely iron
26406-1,26406,364,65,1,6.00,7586.16,0.01,0.05,N,O,1995-07-14,1995-05-27,1995-07-24,TAKE BACK RETURN,AIR, carefully final theodolites wake ca
26406-2,26406,366,95,2,48.00,60785.28,0.03,0.08,N,O,1995-08-11,1995-06-06,1995-08-16,DELIVER IN PERSON,RAIL,ts haggle blithely special theodolites. c
26406-3,26406,367,68,3,46.00,58298.56,0.09,0.05,N,O,1995-07-24,1995-06-11,1995-08-23,DELIVER IN PERSON,REG AIR,use carefu
26406-4,26406,668,69,4,5.00,7843.30,0.02,0.02,N,F,1995-06-03,1995-06-25,1995-06-18,TAKE BACK RETURN,SHIP,regular theo
26407-1,26407,735,36,1,50.00,81786.50,0.08,0.01,R,F,1992-10-05,1992-08-23,1992-10-25,DELIVER IN PERSON,REG AIR,nding deposits print furiously. blithely
26407-2,26407,1994,39,2,48.00,91007.52,0.01,0.02,R,F,1992-06-22,1992-08-29,1992-06-23,COLLECT COD,AIR,zle blithely after the 
26407-3,26407,1179,52,3,37.00,39966.29,0.05,0.05,A,F,1992-08-30,1992-09-15,1992-09-08,TAKE BACK RETURN,SHIP, final foxes engage c
26407-4,26407,115,94,4,39.00,39589.29,0.00,0.03,R,F,1992-08-28,1992-08-17,1992-09-21,NONE,RAIL, express deposits cajole. slyly re
26407-5,26407,180,7,5,5.00,5400.90,0.08,0.05,R,F,1992-07-19,1992-08-28,1992-07-30,NONE,REG AIR," along the enticing, e"
26407-6,26407,1629,30,6,14.00,21428.68,0.03,0.05,R,F,1992-07-30,1992-09-08,1992-08-15,TAKE BACK RETURN,RAIL, requests use furiously alon
26432-1,26432,817,17,1,25.00,42945.25,0.05,0.02,A,F,1995-02-09,1995-03-09,1995-02-18,DELIVER IN PERSON,MAIL,nal deposit
26432-2,26432,1073,79,2,30.00,29222.10,0.05,0.01,A,F,1995-04-04,1995-03-15,1995-04-20,NONE,MAIL, regular instructions boost caref
26432-3,26432,349,78,3,2.00,2498.68,0.04,0.05,R,F,1995-01-01,1995-02-19,1995-01-30,COLLECT COD,REG AIR,"tions wake final, ironic excuses. dep"
26432-4,26432,991,92,4,31.00,58651.69,0.00,0.08,R,F,1995-02-02,1995-02-10,1995-02-22,NONE,AIR, requests. furiously ironic instructions
26432-5,26432,1969,58,5,4.00,7483.84,0.03,0.08,A,F,1995-04-20,1995-03-08,1995-05-07,COLLECT COD,FOB, quickly final accounts wake unusual 
26433-1,26433,678,41,1,25.00,39466.75,0.04,0.05,N,O,1996-09-12,1996-07-19,1996-09-20,DELIVER IN PERSON,REG AIR,s. quickly bold theod
26433-2,26433,626,89,2,9.00,13739.58,0.01,0.02,N,O,1996-07-14,1996-08-28,1996-07-16,COLLECT COD,REG AIR,yly excuses. bold pinto 
26433-3,26433,258,13,3,13.00,15057.25,0.09,0.07,N,O,1996-08-15,1996-07-23,1996-09-01,TAKE BACK RETURN,TRUCK,ously among th
26433-4,26433,78,29,4,29.00,28364.03,0.06,0.05,N,O,1996-06-19,1996-07-28,1996-06-21,COLLECT COD,RAIL, the regular dinos sleep furiously regular 
26433-5,26433,876,76,5,14.00,24876.18,0.03,0.00,N,O,1996-07-30,1996-07-09,1996-08-25,TAKE BACK RETURN,TRUCK,special ideas are requests. slyly even t
26433-6,26433,1033,39,6,17.00,15878.51,0.04,0.00,N,O,1996-08-30,1996-07-15,1996-09-06,COLLECT COD,SHIP,. blithely f
26434-1,26434,1914,59,1,6.00,10895.46,0.04,0.02,N,O,1996-02-02,1996-01-05,1996-02-23,DELIVER IN PERSON,TRUCK,lyly carefully final pa
26434-2,26434,1676,77,2,42.00,66262.14,0.08,0.07,N,O,1996-02-03,1996-01-14,1996-02-12,NONE,SHIP,posits. steal
26434-3,26434,1245,83,3,17.00,19486.08,0.09,0.00,N,O,1996-01-25,1996-01-04,1996-02-23,TAKE BACK RETURN,RAIL,kly special mul
26434-4,26434,530,31,4,25.00,35763.25,0.07,0.03,N,O,1996-01-19,1996-02-22,1996-02-04,COLLECT COD,SHIP,n requests cajole quickly. f
26435-1,26435,604,5,1,27.00,40624.20,0.10,0.02,A,F,1994-10-30,1994-12-30,1994-11-22,COLLECT COD,RAIL,ctions are about the furiously 
26436-1,26436,709,10,1,34.00,54729.80,0.05,0.06,R,F,1994-06-17,1994-07-24,1994-06-30,TAKE BACK RETURN,AIR,lyly slyly speci
26436-2,26436,758,59,2,32.00,53080.00,0.05,0.01,A,F,1994-06-24,1994-06-14,1994-07-05,COLLECT COD,TRUCK,c dependencies detect finally pendi
26436-3,26436,250,5,3,20.00,23005.00,0.03,0.03,R,F,1994-06-23,1994-07-25,1994-07-02,NONE,RAIL,sleep slyly final accounts. pinto bea
26436-4,26436,1450,51,4,46.00,62166.70,0.03,0.05,A,F,1994-08-29,1994-07-08,1994-08-30,COLLECT COD,REG AIR,nstructions. furio
26436-5,26436,1530,71,5,13.00,18609.89,0.09,0.01,R,F,1994-05-18,1994-06-30,1994-06-11,NONE,SHIP, even theodolites atop the bold 
26436-6,26436,1539,40,6,23.00,33132.19,0.06,0.05,R,F,1994-09-02,1994-06-26,1994-09-04,TAKE BACK RETURN,RAIL,symptotes along the slyly regular deposi
26437-1,26437,347,76,1,15.00,18710.10,0.08,0.02,N,O,1996-01-29,1996-01-14,1996-02-20,DELIVER IN PERSON,SHIP,slyly unusual as
26437-2,26437,741,74,2,1.00,1641.74,0.04,0.03,N,O,1996-02-20,1996-02-15,1996-03-18,TAKE BACK RETURN,RAIL,ent pinto beans. quickly 
26437-3,26437,877,77,3,12.00,21334.44,0.05,0.01,N,O,1996-01-14,1996-02-26,1996-01-26,TAKE BACK RETURN,AIR,ids haggle above the exp
26437-4,26437,663,26,4,34.00,53164.44,0.01,0.06,N,O,1996-01-26,1996-02-19,1996-02-20,DELIVER IN PERSON,RAIL,ans are carefully fi
26437-5,26437,717,18,5,27.00,43678.17,0.01,0.00,N,O,1996-03-24,1996-01-16,1996-03-25,COLLECT COD,RAIL,s use blithely theodolites. speci
26437-6,26437,1126,27,6,18.00,18488.16,0.02,0.05,N,O,1995-12-17,1995-12-29,1995-12-28,TAKE BACK RETURN,RAIL,its sleep excuses. pending dolphins cajol
26437-7,26437,1045,46,7,1.00,946.04,0.01,0.08,N,O,1995-12-15,1996-01-06,1996-01-06,TAKE BACK RETURN,SHIP,longside of the regular accounts! regul
26438-1,26438,861,61,1,3.00,5285.58,0.09,0.04,N,O,1996-04-18,1996-03-18,1996-05-07,COLLECT COD,MAIL,ages maintain enticingly after the quickl
26439-1,26439,533,24,1,35.00,50173.55,0.10,0.07,N,O,1995-12-28,1995-10-27,1996-01-23,NONE,AIR, regular accounts are. fu
26439-2,26439,1881,11,2,38.00,67749.44,0.00,0.04,N,O,1995-09-17,1995-11-03,1995-10-05,DELIVER IN PERSON,AIR,e carefully. slyly express foxe
26439-3,26439,11,12,3,3.00,2733.03,0.03,0.00,N,O,1995-09-30,1995-12-04,1995-10-22,DELIVER IN PERSON,TRUCK,could haggle alongsi
26439-4,26439,288,70,4,27.00,32083.56,0.02,0.05,N,O,1995-12-15,1995-12-14,1996-01-01,NONE,TRUCK,kages are bold foxes. slyly even 
26439-5,26439,292,47,5,27.00,32191.83,0.04,0.03,N,O,1995-12-20,1995-10-25,1995-12-30,DELIVER IN PERSON,REG AIR,y special packages should ha
26439-6,26439,1847,77,6,41.00,71702.44,0.09,0.03,N,O,1995-12-02,1995-11-22,1995-12-15,NONE,SHIP,sits. finally ironic excuses nag qui
26464-1,26464,1096,2,1,29.00,28915.61,0.09,0.04,N,O,1996-03-31,1996-02-15,1996-04-22,TAKE BACK RETURN,MAIL,ts use quickly according to the s
26464-2,26464,1745,88,2,15.00,24701.10,0.05,0.00,N,O,1996-03-02,1996-01-22,1996-03-17,NONE,TRUCK,ckly final epitap
26464-3,26464,1351,66,3,45.00,56355.75,0.02,0.00,N,O,1995-12-14,1996-02-05,1995-12-19,NONE,REG AIR,structions sleep slyly silent requests. 
26464-4,26464,1098,69,4,22.00,21979.98,0.02,0.05,N,O,1996-02-08,1996-02-01,1996-02-25,COLLECT COD,AIR,ns. regular grouches
26464-5,26464,1742,85,5,31.00,50955.94,0.08,0.05,N,O,1995-12-14,1996-01-21,1996-01-12,TAKE BACK RETURN,FOB, haggle blit
26464-6,26464,1595,96,6,19.00,28435.21,0.05,0.01,N,O,1996-01-15,1996-02-14,1996-01-30,TAKE BACK RETURN,REG AIR,"regular, ironic accounts. unu"
26464-7,26464,1356,57,7,24.00,30176.40,0.04,0.00,N,O,1996-02-27,1996-02-27,1996-03-06,COLLECT COD,RAIL,s. special theodolites solve 
26465-1,26465,644,45,1,47.00,72598.08,0.07,0.04,N,O,1997-05-08,1997-04-14,1997-05-15,COLLECT COD,AIR,egular pinto beans are
26465-2,26465,911,46,2,16.00,28990.56,0.05,0.08,N,O,1997-02-28,1997-05-12,1997-03-23,NONE,AIR,". regular, regular courts abov"
26465-3,26465,1132,69,3,7.00,7231.91,0.05,0.07,N,O,1997-04-23,1997-03-20,1997-05-16,NONE,AIR,odolites en
26465-4,26465,755,56,4,6.00,9934.50,0.05,0.01,N,O,1997-02-22,1997-04-25,1997-03-01,DELIVER IN PERSON,AIR, attainments. regular accounts wake sil
26465-5,26465,1321,22,5,46.00,56226.72,0.07,0.05,N,O,1997-03-24,1997-04-23,1997-04-03,NONE,TRUCK,p slyly across the slyly special i
26466-1,26466,356,85,1,12.00,15076.20,0.09,0.07,R,F,1994-07-25,1994-08-18,1994-08-15,COLLECT COD,AIR,the quickly spe
26466-2,26466,1826,27,2,20.00,34556.40,0.07,0.03,R,F,1994-09-11,1994-07-19,1994-10-10,COLLECT COD,TRUCK,ckages must have to hang express instructio
26466-3,26466,166,19,3,9.00,9595.44,0.02,0.05,R,F,1994-08-21,1994-08-08,1994-08-30,DELIVER IN PERSON,REG AIR,pinto beans migh
26467-1,26467,1146,47,1,3.00,3141.42,0.01,0.07,N,O,1997-03-31,1997-05-03,1997-04-16,TAKE BACK RETURN,RAIL,ons detect busily! quickly
26468-1,26468,1757,42,1,36.00,59715.00,0.06,0.04,N,O,1997-05-09,1997-05-12,1997-05-24,DELIVER IN PERSON,AIR,r asymptotes about the dolphins sle
26468-2,26468,1355,94,2,12.00,15076.20,0.09,0.07,N,O,1997-05-26,1997-05-27,1997-05-30,NONE,FOB,nal accounts. carefully final deposit
26468-3,26468,1496,97,3,37.00,51707.13,0.01,0.00,N,O,1997-06-23,1997-06-14,1997-06-27,COLLECT COD,REG AIR,tes. blithely unusual packages sleep ruthl
26468-4,26468,1281,93,4,34.00,40197.52,0.06,0.05,N,O,1997-03-22,1997-06-07,1997-03-27,TAKE BACK RETURN,TRUCK, final packages integ
26468-5,26468,1002,3,5,28.00,25284.00,0.07,0.07,N,O,1997-06-09,1997-05-08,1997-07-03,DELIVER IN PERSON,TRUCK,egrate slyly special tithes. reg
26469-1,26469,39,40,1,23.00,21597.69,0.03,0.04,A,F,1992-10-20,1992-09-03,1992-11-03,NONE,REG AIR,tructions cajole ac
26469-2,26469,1477,95,2,23.00,31704.81,0.02,0.02,R,F,1992-10-06,1992-09-14,1992-10-21,NONE,REG AIR,cial theodolites wake furi
26469-3,26469,1597,78,3,17.00,25476.03,0.02,0.06,R,F,1992-11-04,1992-10-05,1992-11-13,COLLECT COD,RAIL,nding warhorses. sometimes pending idea
26469-4,26469,240,68,4,25.00,28506.00,0.06,0.06,A,F,1992-11-09,1992-09-03,1992-11-28,NONE,SHIP,thely regular deposits integrate 
26469-5,26469,122,49,5,25.00,25553.00,0.04,0.08,R,F,1992-09-30,1992-10-08,1992-10-02,COLLECT COD,TRUCK,"he even, pending foxes; evenly thin instruc"
26469-6,26469,945,14,6,1.00,1845.94,0.05,0.03,R,F,1992-10-25,1992-10-26,1992-11-24,COLLECT COD,FOB,"dolphins. ironic, bold packages det"
26470-1,26470,1927,16,1,19.00,34749.48,0.00,0.02,R,F,1994-04-23,1994-04-23,1994-05-16,TAKE BACK RETURN,REG AIR,l requests sleep fluffily in place 
26470-2,26470,693,56,2,41.00,65341.29,0.03,0.06,R,F,1994-04-25,1994-05-28,1994-05-04,COLLECT COD,REG AIR,t the slyly unusual ideas use quickly p
26470-3,26470,1102,39,3,43.00,43133.30,0.04,0.04,R,F,1994-05-29,1994-04-28,1994-06-12,DELIVER IN PERSON,REG AIR,ch according to the bold theodolites.
26470-4,26470,105,32,4,34.00,34173.40,0.04,0.04,A,F,1994-06-19,1994-05-16,1994-06-28,COLLECT COD,SHIP,"ing to the final, enticing deposits. "
26471-1,26471,1380,57,1,42.00,53817.96,0.07,0.05,N,O,1997-05-17,1997-04-29,1997-05-31,TAKE BACK RETURN,REG AIR,thely regular asymptotes. caref
26471-2,26471,1214,89,2,27.00,30110.67,0.02,0.02,N,O,1997-04-01,1997-05-14,1997-04-12,NONE,FOB, bold asym
26471-3,26471,1140,41,3,33.00,34357.62,0.01,0.07,N,O,1997-03-25,1997-06-12,1997-04-20,DELIVER IN PERSON,TRUCK,alongside of the carefully f
26496-1,26496,273,55,1,13.00,15252.51,0.03,0.00,N,O,1996-08-27,1996-07-20,1996-09-14,DELIVER IN PERSON,SHIP,ding to the quickly unusual requests. unu
26496-2,26496,587,48,2,40.00,59503.20,0.02,0.04,N,O,1996-08-16,1996-08-21,1996-09-10,COLLECT COD,REG AIR,cial asymptotes caj
26496-3,26496,773,70,3,35.00,58581.95,0.05,0.00,N,O,1996-08-24,1996-08-03,1996-09-23,TAKE BACK RETURN,FOB,ding to the requests 
26496-4,26496,399,56,4,21.00,27287.19,0.01,0.06,N,O,1996-09-30,1996-08-13,1996-10-26,DELIVER IN PERSON,AIR,ily thin deposits affix furi
26496-5,26496,1981,70,5,2.00,3765.96,0.06,0.05,N,O,1996-08-04,1996-07-30,1996-08-28,COLLECT COD,RAIL,nstruction
26497-1,26497,874,8,1,50.00,88743.50,0.02,0.07,N,O,1997-09-04,1997-09-07,1997-09-12,COLLECT COD,RAIL,lar pinto beans prin
26498-1,26498,684,47,1,30.00,47540.40,0.07,0.00,N,O,1996-11-21,1996-12-31,1996-12-05,NONE,AIR,fluffily ironic reque
26498-2,26498,1203,78,2,50.00,55210.00,0.09,0.00,N,O,1997-01-13,1996-12-29,1997-01-31,COLLECT COD,RAIL, carefully regular 
26498-3,26498,25,51,3,17.00,15725.34,0.07,0.08,N,O,1997-01-31,1996-11-17,1997-02-19,DELIVER IN PERSON,FOB,ites. slyly ev
26499-1,26499,113,92,1,11.00,11144.21,0.06,0.08,R,F,1993-03-20,1993-04-12,1993-04-03,DELIVER IN PERSON,TRUCK,es are furiously across the ironic instruct
26499-2,26499,1105,42,2,35.00,35213.50,0.01,0.02,A,F,1993-05-07,1993-03-24,1993-06-06,NONE,MAIL,". even, special"
26499-3,26499,1310,87,3,49.00,59354.19,0.07,0.02,R,F,1993-05-13,1993-04-08,1993-06-07,TAKE BACK RETURN,TRUCK,. furiously ironic acco
26499-4,26499,191,70,4,33.00,36009.27,0.10,0.01,A,F,1993-06-20,1993-05-04,1993-06-27,NONE,REG AIR,ial foxes. furiously final dependencie
26499-5,26499,600,61,5,33.00,49519.80,0.08,0.08,R,F,1993-03-06,1993-04-14,1993-03-25,TAKE BACK RETURN,TRUCK,ts cajole acr
26499-6,26499,1543,84,6,15.00,21668.10,0.10,0.06,A,F,1993-02-27,1993-05-16,1993-03-15,NONE,AIR,dolites haggle sly
26499-7,26499,824,25,7,38.00,65543.16,0.04,0.05,R,F,1993-04-09,1993-05-23,1993-04-27,COLLECT COD,REG AIR,carefully special pinto 
26500-1,26500,1239,77,1,37.00,42188.51,0.08,0.02,N,O,1997-02-16,1997-02-25,1997-03-04,DELIVER IN PERSON,MAIL,lyly furious foxes are 
26500-2,26500,1966,55,2,16.00,29887.36,0.10,0.04,N,O,1997-03-17,1997-02-24,1997-03-19,NONE,RAIL, blithely amo
26500-3,26500,1058,59,3,11.00,10549.55,0.04,0.02,N,O,1997-02-20,1997-01-15,1997-03-02,TAKE BACK RETURN,TRUCK,final reques
26500-4,26500,748,81,4,29.00,47813.46,0.10,0.04,N,O,1996-12-31,1997-01-18,1997-01-09,TAKE BACK RETURN,MAIL,e final deposits lose blit
26500-5,26500,1357,96,5,5.00,6291.75,0.03,0.03,N,O,1997-03-14,1997-02-14,1997-04-08,DELIVER IN PERSON,SHIP,cial deposits. re
26501-1,26501,1678,2,1,50.00,78983.50,0.02,0.03,R,F,1993-06-17,1993-08-12,1993-06-28,DELIVER IN PERSON,TRUCK,ress requests. pending hockey 
26501-2,26501,1356,95,2,7.00,8801.45,0.08,0.08,A,F,1993-08-16,1993-07-25,1993-08-22,NONE,FOB, even requests ha
26501-3,26501,1640,23,3,1.00,1541.64,0.10,0.03,R,F,1993-07-27,1993-06-23,1993-08-10,TAKE BACK RETURN,REG AIR,lyly even pinto beans. pinto beans bel
26502-1,26502,528,29,1,21.00,29998.92,0.01,0.00,A,F,1993-02-11,1993-02-12,1993-03-10,COLLECT COD,REG AIR,even account
26502-2,26502,1310,49,2,21.00,25437.51,0.06,0.00,A,F,1993-03-04,1993-02-08,1993-04-01,NONE,REG AIR,ajole even accounts. enticingly e
26503-1,26503,1833,20,1,46.00,79802.18,0.09,0.01,A,F,1995-05-09,1995-07-16,1995-06-01,NONE,FOB,ajole furiousl
26503-2,26503,1248,86,2,34.00,39074.16,0.10,0.01,N,O,1995-08-03,1995-05-24,1995-08-26,DELIVER IN PERSON,SHIP,o beans! carefull
26503-3,26503,1436,76,3,5.00,6687.15,0.02,0.01,N,O,1995-07-27,1995-07-18,1995-08-25,NONE,MAIL,ly after the fluffily unusual foxes. ruthl
26503-4,26503,680,43,4,7.00,11064.76,0.08,0.05,R,F,1995-04-29,1995-06-18,1995-05-12,DELIVER IN PERSON,SHIP,ze furiously. quickly spec
26503-5,26503,100,1,5,17.00,17001.70,0.03,0.06,N,F,1995-06-05,1995-05-26,1995-06-24,TAKE BACK RETURN,REG AIR,ages sleep furio
26503-6,26503,1784,69,6,31.00,52259.18,0.02,0.04,A,F,1995-05-10,1995-07-18,1995-06-05,COLLECT COD,RAIL,le gifts bo
26503-7,26503,168,69,7,31.00,33112.96,0.05,0.00,N,O,1995-08-12,1995-07-05,1995-08-30,NONE,FOB,sits. carefully special dependenc
26528-1,26528,553,44,1,39.00,56688.45,0.05,0.06,N,O,1996-01-07,1996-01-25,1996-01-28,DELIVER IN PERSON,FOB, deposits are furiously about the final req
26528-2,26528,335,92,2,1.00,1235.33,0.03,0.05,N,O,1996-02-12,1996-01-01,1996-03-05,COLLECT COD,REG AIR,y unusual platelets. blithely ironic
26529-1,26529,1428,46,1,48.00,63812.16,0.03,0.05,R,F,1995-02-20,1995-03-10,1995-02-27,NONE,TRUCK,ng deposits sleep furiously upon the regul
26529-2,26529,655,49,2,35.00,54447.75,0.10,0.06,A,F,1995-03-20,1995-03-22,1995-04-09,TAKE BACK RETURN,MAIL,", bold depende"
26529-3,26529,1744,29,3,26.00,42789.24,0.06,0.05,R,F,1995-03-29,1995-03-21,1995-04-14,DELIVER IN PERSON,MAIL, the furiously pending dep
26529-4,26529,663,57,4,47.00,73492.02,0.05,0.02,R,F,1995-02-02,1995-03-20,1995-03-03,TAKE BACK RETURN,TRUCK,doubt furiously. blithely fluffy 
26529-5,26529,438,26,5,10.00,13384.30,0.07,0.02,A,F,1995-03-04,1995-03-24,1995-04-03,NONE,REG AIR,inal courts lose furi
26529-6,26529,418,77,6,3.00,3955.23,0.01,0.07,R,F,1995-04-27,1995-03-07,1995-05-08,TAKE BACK RETURN,SHIP,ctions sleep quickly slyly regular a
26530-1,26530,1405,84,1,20.00,26128.00,0.09,0.08,N,O,1998-07-09,1998-09-26,1998-07-10,DELIVER IN PERSON,RAIL,cajole carefully. regular accounts w
26531-1,26531,1374,51,1,17.00,21681.29,0.00,0.05,N,O,1995-06-22,1995-09-16,1995-06-27,TAKE BACK RETURN,FOB,encies maintain carefull
26531-2,26531,1213,88,2,44.00,49025.24,0.00,0.01,N,O,1995-08-30,1995-09-12,1995-09-18,DELIVER IN PERSON,MAIL,uctions. ideas above t
26531-3,26531,1680,81,3,10.00,15816.80,0.05,0.05,N,O,1995-09-29,1995-08-07,1995-10-19,NONE,RAIL,"y bold accounts are quickly. regular, entic"
26531-4,26531,401,2,4,15.00,19521.00,0.03,0.04,N,O,1995-10-04,1995-08-05,1995-10-31,DELIVER IN PERSON,FOB,inal theodolites. carefully even waters
26531-5,26531,784,49,5,21.00,35380.38,0.01,0.07,N,O,1995-07-14,1995-08-31,1995-07-31,NONE,RAIL,efully reg
26531-6,26531,622,23,6,30.00,45678.60,0.01,0.03,N,O,1995-07-05,1995-08-08,1995-07-14,TAKE BACK RETURN,MAIL,pinto beans nag carefully. final ideas
26531-7,26531,480,68,7,50.00,69024.00,0.01,0.04,N,O,1995-10-11,1995-09-09,1995-10-21,DELIVER IN PERSON,RAIL,ully among the qu
26532-1,26532,205,87,1,22.00,24314.40,0.08,0.01,A,F,1994-12-30,1995-01-17,1995-01-10,DELIVER IN PERSON,RAIL,c pinto beans. re
26532-2,26532,1839,40,2,50.00,87041.50,0.07,0.05,R,F,1995-03-18,1995-01-21,1995-03-28,TAKE BACK RETURN,AIR,ideas. slow asymptotes
26533-1,26533,1051,87,1,5.00,4760.25,0.01,0.02,R,F,1993-06-10,1993-07-03,1993-07-10,DELIVER IN PERSON,FOB,ic escapades along the somas wake quickly
26533-2,26533,925,60,2,7.00,12781.44,0.09,0.06,A,F,1993-08-10,1993-07-13,1993-08-21,DELIVER IN PERSON,AIR,. blithely special deposits nag
26533-3,26533,432,33,3,34.00,45302.62,0.08,0.06,R,F,1993-07-13,1993-05-29,1993-07-21,COLLECT COD,MAIL,thely bold packages print bli
26534-1,26534,1724,9,1,13.00,21134.36,0.05,0.05,N,O,1996-04-08,1996-02-29,1996-05-07,TAKE BACK RETURN,AIR,inst the quickly sile
26534-2,26534,801,2,2,48.00,81686.40,0.04,0.04,N,O,1996-04-03,1996-02-07,1996-04-16,COLLECT COD,TRUCK,"ronic, regular accounts. blithely "
26535-1,26535,1348,87,1,38.00,47474.92,0.02,0.03,R,F,1992-04-14,1992-04-27,1992-04-30,NONE,TRUCK,nic accounts wake blithe
26535-2,26535,1259,34,2,7.00,8121.75,0.05,0.01,R,F,1992-05-21,1992-04-24,1992-06-12,NONE,TRUCK,nts. slyly pe
26535-3,26535,1804,91,3,35.00,59703.00,0.04,0.03,R,F,1992-03-30,1992-05-14,1992-04-17,TAKE BACK RETURN,FOB,ial packages. f
26535-4,26535,1170,43,4,26.00,27850.42,0.01,0.03,R,F,1992-05-09,1992-05-24,1992-06-04,NONE,MAIL,long the even accounts affix quickly alo
26535-5,26535,319,4,5,9.00,10973.79,0.07,0.00,R,F,1992-07-19,1992-05-02,1992-07-20,NONE,AIR,blithely final requests wa
26560-1,26560,1622,46,1,34.00,51803.08,0.10,0.07,N,O,1998-03-06,1998-01-22,1998-03-07,DELIVER IN PERSON,SHIP, ruthlessly regular foxes wake alongside of
26560-2,26560,652,84,2,35.00,54342.75,0.08,0.01,N,O,1997-12-29,1998-02-08,1998-01-16,NONE,SHIP,-ray. special warhor
26561-1,26561,1720,63,1,38.00,61625.36,0.04,0.08,N,O,1998-09-07,1998-10-15,1998-09-18,NONE,REG AIR,onic ideas haggle. fina
26561-2,26561,1461,40,2,41.00,55860.86,0.04,0.01,N,O,1998-11-25,1998-10-16,1998-12-17,DELIVER IN PERSON,REG AIR, blithely. fluffily silent orbits ar
26562-1,26562,1107,80,1,21.00,21170.10,0.04,0.06,N,O,1998-05-15,1998-06-08,1998-05-21,TAKE BACK RETURN,SHIP,sly ironic theodolites brea
26563-1,26563,64,40,1,47.00,45310.82,0.00,0.03,N,O,1997-03-03,1997-04-14,1997-03-18,TAKE BACK RETURN,REG AIR,"sits. final, unusual "
26563-2,26563,92,68,2,13.00,12897.17,0.00,0.04,N,O,1997-05-25,1997-03-22,1997-06-03,NONE,RAIL,blithely against the final p
26563-3,26563,410,69,3,42.00,55037.22,0.01,0.08,N,O,1997-02-03,1997-03-09,1997-03-02,COLLECT COD,REG AIR,"nal ideas sleep ironic, ironic requ"
26563-4,26563,1445,24,4,29.00,39046.76,0.04,0.08,N,O,1997-03-24,1997-03-05,1997-04-20,NONE,AIR,aggle. final requests boost blithely sly
26563-5,26563,1219,20,5,31.00,34726.51,0.01,0.03,N,O,1997-05-01,1997-04-05,1997-05-04,TAKE BACK RETURN,TRUCK,ts. ironic fox
26563-6,26563,1743,28,6,13.00,21381.62,0.10,0.06,N,O,1997-04-01,1997-04-11,1997-04-11,TAKE BACK RETURN,AIR,"ven, furious forges: pac"
26563-7,26563,1314,15,7,17.00,20660.27,0.05,0.07,N,O,1997-03-31,1997-04-23,1997-04-15,COLLECT COD,RAIL,dencies wake quietly bold accounts. e
26564-1,26564,1552,53,1,17.00,24710.35,0.01,0.02,R,F,1994-07-14,1994-06-08,1994-08-06,COLLECT COD,FOB,t the pending de
26564-2,26564,1557,58,2,6.00,8751.30,0.10,0.06,A,F,1994-08-27,1994-07-02,1994-09-21,DELIVER IN PERSON,RAIL,lphins. furiously
26564-3,26564,591,52,3,42.00,62646.78,0.00,0.04,A,F,1994-05-05,1994-06-01,1994-05-19,DELIVER IN PERSON,FOB,ickly unusual sheaves na
26564-4,26564,901,4,4,8.00,14415.20,0.07,0.01,A,F,1994-06-30,1994-07-27,1994-07-25,COLLECT COD,FOB,instructions hagg
26564-5,26564,1164,37,5,42.00,44736.72,0.03,0.08,A,F,1994-06-22,1994-06-24,1994-07-22,NONE,AIR,"ic, express pinto beans. final"
26565-1,26565,1699,82,1,31.00,49621.39,0.10,0.06,R,F,1995-02-01,1994-12-10,1995-03-02,DELIVER IN PERSON,AIR,eep quickly busy r
26565-2,26565,1819,6,2,46.00,79157.26,0.07,0.08,R,F,1994-12-03,1994-12-30,1994-12-13,TAKE BACK RETURN,AIR,nal waters cajole slyly
26565-3,26565,326,27,3,34.00,41694.88,0.06,0.08,A,F,1995-01-01,1994-11-24,1995-01-26,TAKE BACK RETURN,SHIP,nic accounts. bold deposits w
26565-4,26565,559,20,4,27.00,39407.85,0.10,0.03,R,F,1994-11-06,1994-12-31,1994-11-25,COLLECT COD,FOB,even packages. unusual platelet
26565-5,26565,1800,43,5,36.00,61264.80,0.09,0.04,R,F,1994-11-25,1995-01-10,1994-12-09,TAKE BACK RETURN,REG AIR,ect furiously. express deposits nag 
26566-1,26566,379,8,1,8.00,10234.96,0.09,0.01,N,O,1995-12-03,1995-12-22,1995-12-22,TAKE BACK RETURN,MAIL,inst the ironic theodolit
26566-2,26566,1601,84,2,38.00,57098.80,0.08,0.06,N,O,1995-11-16,1996-01-09,1995-11-29,DELIVER IN PERSON,FOB,e blithely against the regular accounts. sl
26566-3,26566,1830,31,3,27.00,46759.41,0.03,0.01,N,O,1995-12-27,1996-01-29,1996-01-03,DELIVER IN PERSON,AIR,cial deposits
26567-1,26567,1855,85,1,47.00,82571.95,0.10,0.08,A,F,1994-10-27,1994-11-11,1994-11-12,NONE,REG AIR, foxes. fluffily regular de
26567-2,26567,839,40,2,23.00,40016.09,0.05,0.03,A,F,1994-12-21,1994-10-05,1995-01-05,COLLECT COD,REG AIR,arefully even accounts boost q
26567-3,26567,1094,30,3,4.00,3980.36,0.01,0.00,R,F,1994-10-18,1994-10-15,1994-11-12,COLLECT COD,MAIL, furiously fin
26567-4,26567,347,32,4,42.00,52388.28,0.04,0.01,A,F,1994-11-01,1994-10-10,1994-11-14,DELIVER IN PERSON,MAIL,y final realms. careful
26567-5,26567,614,77,5,1.00,1514.61,0.00,0.08,R,F,1994-12-22,1994-11-24,1995-01-02,DELIVER IN PERSON,FOB,ges snooze. iron
26567-6,26567,1522,3,6,1.00,1423.52,0.00,0.04,A,F,1994-12-20,1994-10-13,1995-01-13,COLLECT COD,AIR,fy requests. bo
26567-7,26567,323,52,7,23.00,28136.36,0.10,0.08,A,F,1994-10-20,1994-11-16,1994-11-14,NONE,MAIL," to the even, special ac"
26592-1,26592,1033,39,1,50.00,46701.50,0.05,0.01,N,O,1997-07-21,1997-07-30,1997-08-08,TAKE BACK RETURN,REG AIR,ites after
26592-2,26592,49,50,2,33.00,31318.32,0.08,0.07,N,O,1997-06-02,1997-06-14,1997-06-29,DELIVER IN PERSON,RAIL,ngage slyly sly
26593-1,26593,1640,23,1,10.00,15416.40,0.07,0.05,N,O,1995-10-07,1995-09-29,1995-11-02,DELIVER IN PERSON,SHIP,alongside of the care
26594-1,26594,1474,14,1,10.00,13754.70,0.01,0.04,R,F,1995-05-11,1995-06-20,1995-05-31,DELIVER IN PERSON,MAIL,ackages. account
26594-2,26594,335,64,2,31.00,38295.23,0.09,0.04,R,F,1995-05-26,1995-07-18,1995-06-08,TAKE BACK RETURN,REG AIR,s integrate furiousl
26594-3,26594,1367,44,3,10.00,12683.60,0.01,0.01,N,O,1995-08-09,1995-07-14,1995-08-25,NONE,SHIP,lthily stealthy theodolites
26594-4,26594,337,22,4,48.00,59391.84,0.00,0.03,N,O,1995-07-29,1995-06-15,1995-08-04,NONE,FOB,ven deposits. ironic pack
26595-1,26595,1837,67,1,26.00,45209.58,0.06,0.07,N,O,1997-06-24,1997-04-22,1997-07-21,TAKE BACK RETURN,MAIL,instructions. carefully express ideas
26595-2,26595,1378,79,2,19.00,24308.03,0.07,0.00,N,O,1997-06-28,1997-06-15,1997-07-20,NONE,TRUCK,regularly ironic deposits
26596-1,26596,1622,23,1,49.00,74657.38,0.02,0.03,N,O,1996-12-24,1997-01-14,1997-01-10,DELIVER IN PERSON,REG AIR,refully sly ideas nag about 
26596-2,26596,835,2,2,38.00,65961.54,0.02,0.03,N,O,1996-11-20,1996-12-10,1996-11-27,COLLECT COD,MAIL,pendencies. regular 
26596-3,26596,198,99,3,15.00,16472.85,0.07,0.06,N,O,1996-12-22,1997-01-13,1997-01-04,COLLECT COD,AIR,ng requests integr
26597-1,26597,15,41,1,7.00,6405.07,0.02,0.00,R,F,1995-01-27,1995-02-15,1995-01-28,COLLECT COD,FOB,symptotes above the bold accounts detect 
26597-2,26597,756,89,2,36.00,59643.00,0.01,0.03,A,F,1995-03-28,1995-03-05,1995-04-05,DELIVER IN PERSON,MAIL,e slyly final platele
26597-3,26597,504,5,3,12.00,16854.00,0.10,0.03,A,F,1995-03-19,1995-03-24,1995-04-04,TAKE BACK RETURN,FOB,"ourts. bold, final foxes try to haggle. "
26597-4,26597,318,19,4,15.00,18274.65,0.03,0.05,A,F,1995-04-10,1995-02-17,1995-05-07,COLLECT COD,TRUCK,ts use carefully slyly even foxes. furio
26597-5,26597,1637,79,5,38.00,58467.94,0.09,0.08,A,F,1995-02-25,1995-03-03,1995-03-27,NONE,SHIP,onic deposits are fluffily. carefully regul
26598-1,26598,1316,17,1,7.00,8521.17,0.08,0.05,N,O,1997-12-23,1997-12-16,1998-01-18,COLLECT COD,REG AIR,xpress foxes. theodolites engage quickly fu
26598-2,26598,633,65,2,30.00,46008.90,0.09,0.03,N,O,1997-11-06,1997-11-15,1997-12-04,TAKE BACK RETURN,AIR,ect blithely pending frets. slyly final ide
26598-3,26598,925,28,3,16.00,29214.72,0.08,0.08,N,O,1997-10-26,1997-12-05,1997-11-04,NONE,SHIP, furiously blithely bold package
26599-1,26599,251,33,1,10.00,11512.50,0.02,0.02,N,O,1997-05-22,1997-07-28,1997-06-15,DELIVER IN PERSON,SHIP,ges wake blithely slyly unusual reques
26624-1,26624,1037,73,1,32.00,30016.96,0.10,0.05,N,O,1997-05-06,1997-04-27,1997-05-16,DELIVER IN PERSON,SHIP,ly pending 
26624-2,26624,895,62,2,12.00,21550.68,0.01,0.03,N,O,1997-03-22,1997-04-13,1997-04-21,COLLECT COD,RAIL,"sly along the bold, silent pac"
26624-3,26624,1636,60,3,33.00,50741.79,0.08,0.03,N,O,1997-04-29,1997-05-01,1997-05-16,NONE,SHIP,l deposits snooze blithely blithely unus
26624-4,26624,1144,53,4,39.00,40760.46,0.02,0.06,N,O,1997-06-17,1997-04-07,1997-07-05,NONE,FOB, players are slyly.
26624-5,26624,1631,14,5,41.00,62837.83,0.10,0.00,N,O,1997-03-27,1997-04-28,1997-04-01,TAKE BACK RETURN,FOB,packages. accoun
26625-1,26625,1261,99,1,27.00,31381.02,0.03,0.07,N,O,1995-12-19,1995-11-24,1996-01-04,COLLECT COD,FOB,y unusual foxes doze at the even warhorses.
26626-1,26626,105,58,1,23.00,23117.30,0.01,0.04,R,F,1994-11-20,1995-01-30,1994-12-04,COLLECT COD,SHIP,lly unusual accounts are acros
26626-2,26626,1975,76,2,32.00,60063.04,0.06,0.02,A,F,1995-02-04,1995-02-10,1995-02-11,NONE,SHIP,regular foxes against the
26627-1,26627,1751,94,1,31.00,51235.25,0.02,0.07,A,F,1994-11-15,1995-01-12,1994-12-10,TAKE BACK RETURN,RAIL,iously even theodolites cajole sl
26627-2,26627,1465,44,2,12.00,16397.52,0.07,0.02,R,F,1995-02-28,1995-01-13,1995-03-26,NONE,FOB,r pinto beans haggle acro
26627-3,26627,1672,14,3,2.00,3147.34,0.03,0.01,R,F,1995-02-09,1994-12-19,1995-03-05,NONE,RAIL,ckly ironic asymptotes. slyly regular d
26627-4,26627,1480,98,4,10.00,13814.80,0.00,0.00,R,F,1995-01-02,1994-12-13,1995-01-07,TAKE BACK RETURN,REG AIR, permanently thin pinto beans. furiousl
26627-5,26627,1574,95,5,7.00,10328.99,0.10,0.00,A,F,1995-02-04,1995-01-02,1995-03-06,NONE,REG AIR,ial pinto beans. sly
26627-6,26627,1814,1,6,29.00,49758.49,0.01,0.07,R,F,1995-01-29,1995-01-04,1995-02-14,COLLECT COD,MAIL,fily even theodolites 
26628-1,26628,1151,60,1,33.00,34720.95,0.00,0.04,N,O,1997-02-16,1997-02-25,1997-02-22,TAKE BACK RETURN,AIR,usual pearls haggle.
26628-2,26628,1680,81,2,39.00,61685.52,0.10,0.05,N,O,1997-03-17,1997-03-18,1997-04-13,COLLECT COD,TRUCK,ole carefully. blithely regular ac
26628-3,26628,356,13,3,42.00,52766.70,0.09,0.04,N,O,1997-05-14,1997-03-18,1997-05-30,NONE,SHIP,ly ironic deposits. express instruc
26628-4,26628,1212,13,4,5.00,5566.05,0.08,0.06,N,O,1997-04-24,1997-02-20,1997-04-28,DELIVER IN PERSON,TRUCK,eep carefully across the carefully pending 
26628-5,26628,1518,19,5,50.00,70975.50,0.09,0.03,N,O,1997-02-24,1997-02-24,1997-03-01,DELIVER IN PERSON,REG AIR,gle permanently accord
26628-6,26628,399,100,6,5.00,6496.95,0.03,0.06,N,O,1997-02-20,1997-03-19,1997-03-10,DELIVER IN PERSON,AIR, blithely flu
26628-7,26628,677,71,7,30.00,47330.10,0.08,0.02,N,O,1997-05-09,1997-03-13,1997-05-21,COLLECT COD,RAIL,"dolites. silent foxes are furiously bold, i"
26629-1,26629,1648,31,1,8.00,12397.12,0.09,0.02,R,F,1994-11-01,1994-09-14,1994-11-20,TAKE BACK RETURN,SHIP,into beans are furi
26629-2,26629,1531,72,2,34.00,48706.02,0.06,0.00,R,F,1994-07-31,1994-08-28,1994-08-30,DELIVER IN PERSON,REG AIR,ges use carefully. in
26629-3,26629,1400,39,3,30.00,39042.00,0.09,0.04,R,F,1994-10-31,1994-08-21,1994-11-26,COLLECT COD,RAIL,nding foxes wake after the blithely ex
26629-4,26629,1531,12,4,32.00,45840.96,0.10,0.05,A,F,1994-09-29,1994-09-01,1994-10-10,COLLECT COD,TRUCK, unusual accounts 
26629-5,26629,1844,31,5,10.00,17458.40,0.01,0.02,A,F,1994-11-01,1994-09-25,1994-11-09,DELIVER IN PERSON,RAIL,ve the slyly enticing foxes. p
26629-6,26629,1851,52,6,26.00,45574.10,0.06,0.05,R,F,1994-08-17,1994-09-03,1994-08-27,COLLECT COD,REG AIR,". unusual, bold deposi"
26630-1,26630,1708,35,1,1.00,1609.70,0.06,0.08,R,F,1994-03-03,1994-01-27,1994-03-26,DELIVER IN PERSON,SHIP,y regular pinto beans solve fluffily
26630-2,26630,424,25,2,11.00,14568.62,0.07,0.00,A,F,1994-03-06,1994-01-15,1994-03-20,DELIVER IN PERSON,RAIL,"instructions sleep carefully. even, "
26630-3,26630,205,60,3,39.00,43102.80,0.09,0.00,R,F,1993-12-04,1994-02-23,1993-12-12,COLLECT COD,MAIL,instructions at the furiously
26630-4,26630,1713,14,4,50.00,80735.50,0.07,0.05,R,F,1994-03-21,1994-02-23,1994-04-03,TAKE BACK RETURN,AIR,s. blithely even instructions wake
26631-1,26631,989,92,1,46.00,86939.08,0.00,0.05,R,F,1994-02-12,1994-01-08,1994-02-27,DELIVER IN PERSON,TRUCK, wake. even dependencies haggle slyly i
26631-2,26631,1112,49,2,27.00,27353.97,0.09,0.01,R,F,1993-11-23,1994-01-06,1993-12-06,DELIVER IN PERSON,RAIL,lyly unusual 
26631-3,26631,1151,24,3,49.00,51555.35,0.00,0.03,A,F,1994-01-10,1993-12-23,1994-02-06,DELIVER IN PERSON,FOB,its. furiously 
26631-4,26631,341,70,4,21.00,26068.14,0.02,0.03,A,F,1993-11-11,1994-01-17,1993-12-11,TAKE BACK RETURN,REG AIR,ly special foxes nag slyly. fluffily bold
26631-5,26631,317,2,5,12.00,14607.72,0.10,0.02,R,F,1993-12-01,1994-01-27,1993-12-19,DELIVER IN PERSON,SHIP,ag slyly. flu
26631-6,26631,1955,88,6,50.00,92847.50,0.01,0.02,R,F,1993-12-01,1993-12-16,1993-12-25,COLLECT COD,FOB,ate carefully. quietly ir
26631-7,26631,1458,37,7,47.00,63894.15,0.08,0.02,R,F,1994-01-14,1993-12-24,1994-02-01,TAKE BACK RETURN,SHIP,lly express foxes eat carefully furiously
26656-1,26656,765,30,1,27.00,44975.52,0.01,0.05,R,F,1992-07-23,1992-09-02,1992-08-11,NONE,SHIP,xes solve about the s
26656-2,26656,39,40,2,44.00,41317.32,0.09,0.07,R,F,1992-08-25,1992-08-17,1992-09-20,DELIVER IN PERSON,FOB,". unusual, ironic deposits unwind according"
26657-1,26657,818,18,1,3.00,5156.43,0.00,0.01,A,F,1993-01-01,1992-11-07,1993-01-12,TAKE BACK RETURN,FOB,ctions haggle carefully against the dogge
26657-2,26657,1255,67,2,7.00,8093.75,0.05,0.02,R,F,1992-10-26,1992-11-16,1992-11-09,COLLECT COD,SHIP,requests boost s
26657-3,26657,181,60,3,7.00,7568.26,0.01,0.03,A,F,1992-11-22,1992-12-23,1992-12-20,COLLECT COD,REG AIR,riously even instructions. 
26657-4,26657,592,83,4,40.00,59703.60,0.06,0.02,R,F,1992-12-20,1992-12-18,1993-01-10,DELIVER IN PERSON,MAIL,instructions are sly packages. quickly re
26657-5,26657,707,8,5,24.00,38584.80,0.01,0.01,R,F,1992-12-20,1992-11-12,1993-01-02,NONE,AIR,. ideas promi
26658-1,26658,207,62,1,1.00,1107.20,0.04,0.04,N,O,1996-03-05,1996-02-25,1996-03-09,DELIVER IN PERSON,TRUCK,ainst the carefully
26658-2,26658,1438,78,2,34.00,45540.62,0.01,0.03,N,O,1995-12-24,1996-02-23,1996-01-14,DELIVER IN PERSON,SHIP,"es haggle pending, silent "
26658-3,26658,1247,59,3,18.00,20668.32,0.10,0.05,N,O,1996-04-10,1996-02-16,1996-04-22,NONE,TRUCK,r dependencies 
26658-4,26658,1039,10,4,22.00,20680.66,0.03,0.08,N,O,1996-02-03,1996-02-17,1996-02-14,TAKE BACK RETURN,REG AIR, ironic depo
26659-1,26659,1798,99,1,18.00,30596.22,0.05,0.04,N,O,1997-06-14,1997-06-14,1997-07-03,COLLECT COD,REG AIR, accounts. even foxes according to 
26659-2,26659,764,65,2,49.00,81573.24,0.00,0.01,N,O,1997-05-07,1997-05-15,1997-05-23,NONE,FOB,egular requests are
26659-3,26659,1569,10,3,43.00,63234.08,0.05,0.02,N,O,1997-04-24,1997-06-23,1997-05-21,DELIVER IN PERSON,SHIP,blithely regular ideas sleep fluffily ab
26659-4,26659,391,76,4,29.00,37450.31,0.00,0.03,N,O,1997-04-11,1997-05-01,1997-04-25,NONE,AIR,ts boost carefully. carefully special 
26659-5,26659,1706,33,5,32.00,51446.40,0.04,0.07,N,O,1997-07-08,1997-05-29,1997-07-26,COLLECT COD,MAIL,s use quickly ironic asymptotes. slyl
26659-6,26659,1639,63,6,21.00,32353.23,0.03,0.08,N,O,1997-06-28,1997-05-13,1997-07-14,NONE,TRUCK, fluffily. furiousl
26660-1,26660,358,15,1,16.00,20133.60,0.07,0.02,R,F,1992-07-08,1992-05-09,1992-07-13,COLLECT COD,SHIP,"dolites above the special, even pa"
26660-2,26660,658,90,2,28.00,43642.20,0.02,0.04,R,F,1992-05-24,1992-06-16,1992-06-20,COLLECT COD,AIR,usly even realms a
26660-3,26660,363,20,3,47.00,59377.92,0.07,0.02,A,F,1992-07-04,1992-06-08,1992-08-01,COLLECT COD,TRUCK,y even accounts dazzle. carefully pending
26661-1,26661,1745,72,1,30.00,49402.20,0.03,0.06,R,F,1993-02-08,1993-03-20,1993-02-23,DELIVER IN PERSON,MAIL,kages hang carefully. steal
26661-2,26661,1167,40,2,21.00,22431.36,0.00,0.05,R,F,1993-02-27,1993-03-17,1993-03-10,COLLECT COD,FOB, fluffily ironic deposits integrate slyly
26661-3,26661,277,78,3,2.00,2354.54,0.01,0.00,A,F,1993-04-18,1993-03-06,1993-05-09,DELIVER IN PERSON,FOB,idle ideas. quickly regular depos
26661-4,26661,1860,47,4,18.00,31713.48,0.06,0.05,A,F,1993-02-24,1993-01-28,1993-03-20,TAKE BACK RETURN,RAIL,". bold, pending a"
26661-5,26661,474,4,5,22.00,30238.34,0.01,0.02,A,F,1993-03-07,1993-03-09,1993-03-23,NONE,REG AIR,ounts. slyly idle ac
26662-1,26662,45,71,1,20.00,18900.80,0.04,0.08,R,F,1994-02-28,1994-05-05,1994-03-29,COLLECT COD,AIR,packages wake furiously alon
26662-2,26662,803,37,2,1.00,1703.80,0.06,0.05,R,F,1994-03-17,1994-05-03,1994-03-24,NONE,FOB,nding foxes detect whithout the slyly re
26662-3,26662,269,97,3,10.00,11692.60,0.10,0.08,A,F,1994-03-16,1994-04-10,1994-03-17,COLLECT COD,REG AIR,lly permanent packages are flu
26662-4,26662,1867,68,4,37.00,65447.82,0.02,0.00,A,F,1994-06-10,1994-04-25,1994-06-13,DELIVER IN PERSON,RAIL,lly even pinto beans wak
26662-5,26662,1097,98,5,19.00,18963.71,0.08,0.00,A,F,1994-04-30,1994-03-27,1994-05-19,DELIVER IN PERSON,REG AIR,ickly careful
26663-1,26663,414,44,1,48.00,63091.68,0.08,0.07,N,O,1996-08-09,1996-05-26,1996-08-30,NONE,MAIL,fily even accoun
26663-2,26663,321,22,2,35.00,42746.20,0.10,0.02,N,O,1996-05-24,1996-06-11,1996-06-11,TAKE BACK RETURN,REG AIR,sual accounts cajo
26663-3,26663,661,24,3,31.00,48411.46,0.00,0.06,N,O,1996-08-14,1996-06-13,1996-09-02,DELIVER IN PERSON,TRUCK,ending ideas. furiously ironic 
26663-4,26663,489,77,4,35.00,48631.80,0.01,0.05,N,O,1996-04-27,1996-07-04,1996-05-17,DELIVER IN PERSON,FOB, wake! furiously even requ
26663-5,26663,894,95,5,26.00,46667.14,0.01,0.07,N,O,1996-06-30,1996-07-05,1996-07-15,DELIVER IN PERSON,TRUCK,fully even excus
26663-6,26663,1280,92,6,1.00,1181.28,0.04,0.05,N,O,1996-06-10,1996-06-11,1996-06-28,DELIVER IN PERSON,TRUCK,the requests. regularly regular accounts 
26688-1,26688,1183,84,1,23.00,24936.14,0.08,0.08,R,F,1993-11-03,1993-11-11,1993-11-19,TAKE BACK RETURN,AIR,y regular ideas use furi
26688-2,26688,962,97,2,26.00,48436.96,0.07,0.04,A,F,1993-12-18,1993-10-28,1994-01-01,TAKE BACK RETURN,SHIP,odolites haggle quickly among 
26688-3,26688,1306,7,3,28.00,33804.40,0.01,0.00,A,F,1993-09-05,1993-10-03,1993-09-27,NONE,MAIL,sits integrate furiously bold depende
26688-4,26688,912,81,4,6.00,10877.46,0.10,0.00,A,F,1993-10-27,1993-10-27,1993-10-28,COLLECT COD,REG AIR,e blithely pending pinto beans. w
26688-5,26688,1260,72,5,43.00,49934.18,0.05,0.03,R,F,1993-12-02,1993-10-26,1993-12-16,TAKE BACK RETURN,RAIL,ess instructions alongside of the even p
26689-1,26689,1949,38,1,13.00,24062.22,0.05,0.08,A,F,1994-10-09,1994-12-01,1994-10-19,TAKE BACK RETURN,AIR,dencies cajo
26689-2,26689,1863,64,2,26.00,45886.36,0.05,0.00,R,F,1995-01-14,1994-11-03,1995-01-20,NONE,REG AIR,bout the ironic deposits wake fluffily expr
26689-3,26689,1669,70,3,18.00,28271.88,0.06,0.03,R,F,1994-11-18,1994-12-26,1994-12-15,NONE,RAIL, final notornis. daring accounts wake s
26689-4,26689,973,76,4,8.00,14991.76,0.01,0.05,R,F,1994-12-24,1994-12-25,1995-01-14,TAKE BACK RETURN,TRUCK,"pades. pending, ironic forges"
26690-1,26690,942,43,1,2.00,3685.88,0.07,0.00,A,F,1994-04-07,1994-05-27,1994-04-25,NONE,RAIL,thely ironic requests. slyly ironic acc
26690-2,26690,902,3,2,18.00,32452.20,0.09,0.08,A,F,1994-04-26,1994-04-16,1994-05-15,COLLECT COD,AIR, express excuses sleep sly
26690-3,26690,1520,41,3,2.00,2843.04,0.10,0.04,A,F,1994-06-29,1994-04-21,1994-07-18,NONE,MAIL,ilent hockey players above th
26690-4,26690,1296,97,4,39.00,46694.31,0.07,0.02,A,F,1994-06-08,1994-04-02,1994-06-28,NONE,REG AIR, carefully above the quickly even
26690-5,26690,1817,18,5,48.00,82502.88,0.00,0.05,R,F,1994-05-17,1994-04-19,1994-06-08,COLLECT COD,TRUCK,es haggle blithely after th
26691-1,26691,1250,25,1,25.00,28781.25,0.01,0.06,R,F,1992-10-09,1992-10-19,1992-10-10,NONE,AIR,regular pinto beans. silen
26691-2,26691,348,49,2,32.00,39946.88,0.10,0.00,A,F,1992-08-09,1992-09-05,1992-09-03,DELIVER IN PERSON,FOB,final ideas c
26691-3,26691,1149,22,3,40.00,42005.60,0.02,0.04,A,F,1992-12-01,1992-09-06,1992-12-22,TAKE BACK RETURN,AIR,into beans ar
26691-4,26691,1673,56,4,7.00,11022.69,0.02,0.08,A,F,1992-10-07,1992-09-08,1992-10-30,DELIVER IN PERSON,RAIL,jole above the 
26691-5,26691,1300,75,5,4.00,4805.20,0.01,0.04,R,F,1992-09-14,1992-09-19,1992-09-20,DELIVER IN PERSON,MAIL,iously pending excuses integrate blith
26691-6,26691,246,74,6,33.00,37825.92,0.00,0.05,R,F,1992-10-17,1992-09-08,1992-10-23,TAKE BACK RETURN,AIR,ages after the regular pac
26692-1,26692,894,95,1,12.00,21538.68,0.10,0.06,A,F,1993-10-10,1993-10-14,1993-10-27,NONE,RAIL,dependencies x-ray? furiousl
26693-1,26693,1006,12,1,12.00,10884.00,0.01,0.07,R,F,1993-10-30,1993-10-07,1993-11-06,TAKE BACK RETURN,SHIP,y. pending foxes boost
26693-2,26693,1992,25,2,41.00,77653.59,0.01,0.05,A,F,1993-12-20,1993-11-13,1993-12-31,COLLECT COD,FOB,nal packages. furious
26693-3,26693,341,42,3,15.00,18620.10,0.07,0.08,A,F,1993-11-28,1993-10-10,1993-12-28,COLLECT COD,SHIP,the slyly ironic pinto bean
26694-1,26694,517,8,1,34.00,48195.34,0.09,0.01,N,O,1998-02-20,1998-04-08,1998-03-09,COLLECT COD,TRUCK,packages sleep al
26694-2,26694,1594,95,2,48.00,71788.32,0.02,0.05,N,O,1998-04-02,1998-04-02,1998-04-06,TAKE BACK RETURN,AIR,"ts nag blithely. ironic, fi"
26694-3,26694,1518,59,3,7.00,9936.57,0.03,0.03,N,O,1998-05-25,1998-04-27,1998-06-21,NONE,AIR, even theodolites behind the bold package
26694-4,26694,1217,92,4,22.00,24600.62,0.03,0.07,N,O,1998-05-08,1998-03-19,1998-06-01,COLLECT COD,RAIL,round the car
26695-1,26695,35,36,1,28.00,26180.84,0.01,0.00,R,F,1993-08-22,1993-09-02,1993-09-15,COLLECT COD,FOB, the slyly pending de
26695-2,26695,1388,27,2,16.00,20630.08,0.05,0.02,R,F,1993-06-16,1993-08-12,1993-07-14,DELIVER IN PERSON,RAIL, to the slyly final pinto beans. final
26695-3,26695,403,4,3,1.00,1303.40,0.00,0.04,A,F,1993-07-13,1993-07-17,1993-08-05,TAKE BACK RETURN,MAIL,stealthy pinto beans; quickly pending reque
26695-4,26695,198,77,4,31.00,34043.89,0.06,0.03,A,F,1993-06-09,1993-07-28,1993-06-26,NONE,FOB,boost ironic instructions. idle ac
26695-5,26695,46,22,5,8.00,7568.32,0.01,0.04,A,F,1993-08-27,1993-07-12,1993-09-14,COLLECT COD,FOB,yly unusual ideas agains
26695-6,26695,594,25,6,2.00,2989.18,0.04,0.00,A,F,1993-08-02,1993-07-16,1993-08-24,COLLECT COD,SHIP,s cajole slyly f
26720-1,26720,1729,14,1,19.00,30983.68,0.02,0.01,N,O,1997-02-19,1997-03-14,1997-02-25,COLLECT COD,REG AIR,inst the deposits. asymptotes sleep ironi
26720-2,26720,934,3,2,4.00,7339.72,0.08,0.08,N,O,1997-01-11,1997-03-14,1997-01-12,COLLECT COD,AIR,al gifts. unusual 
26721-1,26721,1990,91,1,37.00,70003.63,0.04,0.03,N,O,1997-04-11,1997-05-16,1997-04-18,COLLECT COD,MAIL,oss the slyly 
26721-2,26721,939,42,2,33.00,60717.69,0.00,0.08,N,O,1997-05-22,1997-06-13,1997-06-09,TAKE BACK RETURN,AIR,haggle slyly. furiously iron
26721-3,26721,850,50,3,50.00,87542.50,0.09,0.06,N,O,1997-07-12,1997-05-24,1997-08-06,NONE,AIR, carefully requests. furiously
26721-4,26721,1466,67,4,8.00,10939.68,0.01,0.05,N,O,1997-06-10,1997-06-14,1997-07-05,NONE,MAIL,lites cajole beneath the furiously final de
26721-5,26721,1722,7,5,16.00,25979.52,0.09,0.03,N,O,1997-07-01,1997-05-11,1997-07-16,TAKE BACK RETURN,RAIL,r deposits are furiously. fi
26721-6,26721,381,82,6,50.00,64069.00,0.02,0.00,N,O,1997-05-05,1997-04-29,1997-06-04,DELIVER IN PERSON,MAIL,s-- silent cou
26721-7,26721,1350,27,7,11.00,13764.85,0.05,0.07,N,O,1997-05-30,1997-06-13,1997-06-27,COLLECT COD,AIR,ts. special d
26722-1,26722,747,48,1,24.00,39545.76,0.05,0.02,N,O,1996-06-17,1996-07-16,1996-07-07,DELIVER IN PERSON,MAIL,above the slyly pending packages 
26722-2,26722,500,30,2,32.00,44816.00,0.00,0.05,N,O,1996-07-19,1996-06-15,1996-08-07,DELIVER IN PERSON,FOB,slyly. furiously regular instruc
26722-3,26722,1783,26,3,26.00,43804.28,0.05,0.03,N,O,1996-07-24,1996-06-25,1996-08-13,COLLECT COD,FOB,ver regular request
26722-4,26722,1169,70,4,40.00,42806.40,0.02,0.05,N,O,1996-06-21,1996-08-06,1996-07-19,NONE,AIR,bold requests wake furiously ironic 
26722-5,26722,395,96,5,1.00,1295.39,0.08,0.07,N,O,1996-06-13,1996-08-08,1996-07-06,NONE,FOB,"es. pending, regul"
26723-1,26723,248,30,1,10.00,11482.40,0.02,0.07,R,F,1995-03-29,1995-05-12,1995-04-24,DELIVER IN PERSON,AIR,sly final requests sleep f
26723-2,26723,208,36,2,50.00,55410.00,0.08,0.03,A,F,1995-04-04,1995-05-11,1995-04-10,DELIVER IN PERSON,MAIL, requests cajole regularly. b
26723-3,26723,30,81,3,32.00,29760.96,0.09,0.01,A,F,1995-05-09,1995-05-21,1995-06-04,NONE,MAIL,pinto beans ha
26723-4,26723,1482,22,4,10.00,13834.80,0.06,0.03,N,F,1995-06-10,1995-05-30,1995-06-26,DELIVER IN PERSON,AIR,eposits above the slyly regular de
26723-5,26723,1320,35,5,14.00,17098.48,0.01,0.03,R,F,1995-03-12,1995-05-18,1995-03-30,NONE,FOB,beans integrate
26724-1,26724,524,25,1,33.00,47009.16,0.04,0.00,R,F,1994-03-30,1994-04-10,1994-04-29,DELIVER IN PERSON,SHIP,regular requests use 
26724-2,26724,1542,43,2,37.00,53410.98,0.09,0.08,R,F,1994-03-18,1994-05-01,1994-04-12,NONE,RAIL,refully regula
26724-3,26724,1678,79,3,13.00,20535.71,0.10,0.08,A,F,1994-02-08,1994-04-08,1994-03-03,COLLECT COD,REG AIR,fluffily bold foxes. furiously final th
26724-4,26724,411,12,4,15.00,19671.15,0.06,0.07,R,F,1994-04-25,1994-03-12,1994-05-13,COLLECT COD,RAIL,ously special requests. ironic foxes nod s
26724-5,26724,1248,86,5,4.00,4596.96,0.01,0.06,R,F,1994-03-15,1994-04-26,1994-04-10,NONE,RAIL,ntegrate. fluffily silen
26724-6,26724,1927,72,6,12.00,21947.04,0.09,0.03,R,F,1994-05-05,1994-05-06,1994-05-25,NONE,FOB,he carefully pending dinos. regul
26725-1,26725,506,37,1,28.00,39382.00,0.07,0.02,N,O,1998-07-10,1998-07-08,1998-07-27,TAKE BACK RETURN,REG AIR,ironic dependenci
26726-1,26726,959,94,1,24.00,44638.80,0.03,0.06,A,F,1993-01-15,1993-03-03,1993-02-14,TAKE BACK RETURN,TRUCK,gainst the 
26726-2,26726,1052,23,2,23.00,21920.15,0.09,0.07,A,F,1993-01-17,1993-02-24,1993-02-02,COLLECT COD,TRUCK,ully unusual deposits can impress fur
26726-3,26726,1842,29,3,17.00,29645.28,0.05,0.06,A,F,1993-02-08,1993-02-11,1993-02-27,NONE,RAIL,posits. final theodolites hang b
26726-4,26726,1928,17,4,3.00,5489.76,0.05,0.01,R,F,1993-01-26,1993-02-27,1993-02-23,DELIVER IN PERSON,REG AIR, blithely-- blithely final requests c
26726-5,26726,1844,31,5,5.00,8729.20,0.03,0.00,A,F,1993-02-16,1993-03-02,1993-03-05,TAKE BACK RETURN,FOB,e across the quickly iron
26726-6,26726,1410,89,6,5.00,6557.05,0.05,0.08,R,F,1993-03-09,1993-03-12,1993-03-11,TAKE BACK RETURN,FOB,regular foxes are furiously. slyly ir
26726-7,26726,1059,65,7,37.00,35521.85,0.02,0.07,A,F,1993-04-25,1993-03-03,1993-04-29,NONE,REG AIR,"ecial, final de"
26727-1,26727,260,88,1,39.00,45250.14,0.05,0.05,N,O,1998-09-24,1998-07-16,1998-10-06,COLLECT COD,RAIL,ackages boost alongside of the pending c
26727-2,26727,362,19,2,38.00,47969.68,0.06,0.04,N,O,1998-07-20,1998-08-29,1998-08-18,DELIVER IN PERSON,FOB,"onic, regular ideas "
26727-3,26727,33,59,3,39.00,36388.17,0.01,0.03,N,O,1998-08-12,1998-08-23,1998-09-02,COLLECT COD,RAIL,deposits poach after the regul
26727-4,26727,1558,39,4,3.00,4378.65,0.09,0.02,N,O,1998-09-07,1998-08-26,1998-10-02,COLLECT COD,TRUCK,express deposits a
26727-5,26727,1949,50,5,41.00,75888.54,0.09,0.06,N,O,1998-07-19,1998-07-22,1998-07-31,NONE,AIR,ly pending packages after
26752-1,26752,130,83,1,13.00,13391.69,0.00,0.03,N,O,1996-08-26,1996-09-19,1996-09-02,NONE,AIR,. furiously unusual 
26752-2,26752,966,69,2,4.00,7467.84,0.10,0.06,N,O,1996-10-08,1996-10-06,1996-11-06,COLLECT COD,AIR,courts wake fluffily unusual patt
26752-3,26752,953,88,3,37.00,68596.15,0.04,0.03,N,O,1996-07-31,1996-09-10,1996-08-17,DELIVER IN PERSON,RAIL,t the furiously regular accounts. blit
26753-1,26753,1134,43,1,42.00,43475.46,0.06,0.02,R,F,1992-11-08,1992-11-27,1992-11-16,NONE,AIR,pecial ideas
26753-2,26753,84,60,2,24.00,23617.92,0.09,0.03,A,F,1992-12-19,1992-12-15,1993-01-07,DELIVER IN PERSON,FOB,eodolites sleep carefully packages
26754-1,26754,189,42,1,2.00,2178.36,0.05,0.06,N,O,1998-04-27,1998-04-11,1998-05-15,TAKE BACK RETURN,MAIL,ickly against the slyly regu
26754-2,26754,1496,97,2,27.00,37732.23,0.10,0.03,N,O,1998-03-18,1998-03-29,1998-04-05,NONE,AIR,fily ironic instructions.
26754-3,26754,379,80,3,32.00,40939.84,0.09,0.00,N,O,1998-04-21,1998-04-17,1998-05-17,TAKE BACK RETURN,FOB, patterns boost slyly blithely i
26754-4,26754,894,94,4,19.00,34102.91,0.02,0.03,N,O,1998-03-30,1998-05-04,1998-04-27,NONE,TRUCK,courts are bli
26754-5,26754,880,47,5,20.00,35617.60,0.03,0.08,N,O,1998-04-13,1998-03-18,1998-05-05,TAKE BACK RETURN,MAIL,hless instructions. reg
26754-6,26754,1960,93,6,4.00,7447.84,0.01,0.03,N,O,1998-03-19,1998-03-31,1998-04-08,NONE,RAIL,sits. regular ideas wake. ironic accou
26755-1,26755,914,83,1,35.00,63521.85,0.08,0.07,N,O,1996-12-05,1997-01-06,1996-12-17,DELIVER IN PERSON,AIR,ecoys about the ideas 
26755-2,26755,206,61,2,16.00,17699.20,0.00,0.04,N,O,1997-01-17,1997-02-08,1997-02-03,DELIVER IN PERSON,TRUCK,areful pearls 
26755-3,26755,65,16,3,26.00,25091.56,0.00,0.07,N,O,1997-02-14,1997-02-01,1997-03-06,COLLECT COD,RAIL,ongside of the 
26755-4,26755,1884,14,4,34.00,60719.92,0.04,0.04,N,O,1997-03-15,1997-03-04,1997-03-23,COLLECT COD,REG AIR,gle. carefully even t
26755-5,26755,1774,59,5,41.00,68706.57,0.05,0.03,N,O,1997-03-04,1997-01-19,1997-03-17,DELIVER IN PERSON,MAIL,ests. furiously special deposits cajole acc
26756-1,26756,38,39,1,33.00,30954.99,0.06,0.00,A,F,1992-08-06,1992-07-28,1992-08-07,DELIVER IN PERSON,AIR,inal instructions. fluffily fi
26756-2,26756,317,18,2,1.00,1217.31,0.06,0.00,A,F,1992-06-03,1992-07-14,1992-06-13,DELIVER IN PERSON,REG AIR," according to the excuses: ironic, "
26756-3,26756,1386,63,3,33.00,42483.54,0.02,0.05,A,F,1992-05-31,1992-08-09,1992-06-09,DELIVER IN PERSON,MAIL,regular requests nag 
26756-4,26756,245,46,4,26.00,29776.24,0.08,0.04,R,F,1992-07-05,1992-07-28,1992-07-09,TAKE BACK RETURN,TRUCK,s. carefully unusual warhorses cajo
26756-5,26756,1,77,5,27.00,24327.00,0.05,0.06,A,F,1992-08-11,1992-06-14,1992-08-14,COLLECT COD,SHIP, busily spe
26756-6,26756,983,52,6,12.00,22607.76,0.02,0.04,A,F,1992-07-11,1992-06-10,1992-08-03,NONE,AIR,requests cajole slyly furiously ex
26757-1,26757,1181,90,1,45.00,48698.10,0.09,0.06,N,O,1997-01-31,1997-01-05,1997-02-06,NONE,AIR,excuses. quickly special asymptotes above t
26758-1,26758,1477,95,1,46.00,63409.62,0.09,0.05,R,F,1994-06-30,1994-07-27,1994-07-16,TAKE BACK RETURN,SHIP,re carefully among the slyly ironic
26758-2,26758,84,60,2,46.00,45267.68,0.06,0.07,R,F,1994-06-25,1994-08-04,1994-07-20,COLLECT COD,FOB,regular requests. furiously 
26758-3,26758,493,81,3,8.00,11147.92,0.01,0.07,A,F,1994-07-07,1994-08-22,1994-08-01,NONE,TRUCK,"y dogged accounts. unusual, unusu"
26758-4,26758,1728,13,4,42.00,68448.24,0.07,0.07,A,F,1994-08-21,1994-07-18,1994-08-25,COLLECT COD,TRUCK,platelets print. carefully regular pac
26758-5,26758,114,15,5,26.00,26366.86,0.04,0.01,R,F,1994-09-15,1994-07-03,1994-09-24,TAKE BACK RETURN,MAIL,eas. boldly even accounts hag
26759-1,26759,752,53,1,5.00,8263.75,0.02,0.08,A,F,1992-02-13,1992-03-13,1992-02-27,DELIVER IN PERSON,AIR,ithely above the f
26759-2,26759,415,45,2,47.00,61824.27,0.09,0.01,A,F,1992-03-15,1992-02-26,1992-04-10,NONE,SHIP,g the fluffily special deposits. blithel
26759-3,26759,1234,35,3,38.00,43138.74,0.02,0.04,A,F,1992-05-22,1992-04-14,1992-06-07,DELIVER IN PERSON,REG AIR, bold packa
26759-4,26759,1241,16,4,12.00,13706.88,0.09,0.06,R,F,1992-04-09,1992-03-05,1992-04-10,TAKE BACK RETURN,AIR,ole. platelets detect accord
26759-5,26759,355,12,5,47.00,59001.45,0.08,0.02,A,F,1992-04-23,1992-04-15,1992-05-20,NONE,AIR,bold requests
26759-6,26759,73,49,6,25.00,24326.75,0.04,0.06,A,F,1992-02-25,1992-03-11,1992-03-17,NONE,RAIL,rts. blithely ironic accounts w
26759-7,26759,950,53,7,2.00,3701.90,0.00,0.04,R,F,1992-01-28,1992-04-16,1992-02-13,COLLECT COD,SHIP,y according to the final a
26784-1,26784,1137,38,1,47.00,48792.11,0.04,0.00,R,F,1993-10-26,1993-09-23,1993-11-03,COLLECT COD,AIR,ickly unusual ideas. never final a
26784-2,26784,100,1,2,11.00,11001.10,0.08,0.04,A,F,1993-11-08,1993-09-29,1993-12-01,NONE,MAIL,deas about the even excuses use around the
26784-3,26784,1585,6,3,50.00,74329.00,0.07,0.01,A,F,1993-08-18,1993-09-24,1993-09-03,TAKE BACK RETURN,SHIP,kages. furiously regular foxes abou
26784-4,26784,1089,25,4,5.00,4950.40,0.04,0.04,A,F,1993-09-19,1993-10-05,1993-10-19,COLLECT COD,RAIL,"ven, enticing package"
26785-1,26785,1857,58,1,12.00,21106.20,0.07,0.00,N,O,1996-08-27,1996-09-20,1996-08-30,NONE,TRUCK,blithely along the carefull
26785-2,26785,818,19,2,45.00,77346.45,0.10,0.00,N,O,1996-10-03,1996-09-20,1996-10-17,TAKE BACK RETURN,TRUCK,ular ideas. excuses sleep doggedly a
26785-3,26785,1824,25,3,29.00,50048.78,0.04,0.02,N,O,1996-09-11,1996-08-12,1996-09-25,NONE,REG AIR,rges. slyly even packages caj
26785-4,26785,601,95,4,5.00,7508.00,0.06,0.00,N,O,1996-07-30,1996-09-12,1996-08-25,COLLECT COD,RAIL,g across the asymptotes. 
26785-5,26785,248,3,5,3.00,3444.72,0.10,0.03,N,O,1996-08-03,1996-08-02,1996-08-28,DELIVER IN PERSON,AIR,. slyly final packages are quickly. 
26786-1,26786,260,88,1,11.00,12762.86,0.02,0.01,R,F,1993-07-11,1993-06-24,1993-07-17,DELIVER IN PERSON,AIR,lyly carefully eve
26786-2,26786,852,19,2,14.00,24539.90,0.00,0.07,A,F,1993-07-23,1993-05-09,1993-08-12,TAKE BACK RETURN,RAIL, slyly regular a
26786-3,26786,1887,88,3,12.00,21466.56,0.00,0.00,R,F,1993-07-30,1993-06-11,1993-08-12,DELIVER IN PERSON,TRUCK,special fr
26786-4,26786,768,1,4,32.00,53400.32,0.08,0.00,R,F,1993-06-17,1993-05-12,1993-06-30,DELIVER IN PERSON,SHIP,ndle quickly special foxes? furi
26786-5,26786,1398,13,5,26.00,33784.14,0.03,0.02,A,F,1993-07-23,1993-05-26,1993-08-05,DELIVER IN PERSON,MAIL,es along the slyly final dependencies
26786-6,26786,1342,43,6,4.00,4973.36,0.07,0.08,A,F,1993-07-24,1993-05-19,1993-08-14,TAKE BACK RETURN,FOB,ular instructions ar
26787-1,26787,339,24,1,49.00,60727.17,0.01,0.02,N,O,1995-10-26,1995-11-19,1995-11-06,NONE,TRUCK,thely final ac
26787-2,26787,841,41,2,3.00,5225.52,0.01,0.06,N,O,1995-10-11,1995-11-22,1995-10-20,DELIVER IN PERSON,SHIP,accounts are slyl
26787-3,26787,160,39,3,29.00,30744.64,0.00,0.01,N,O,1995-12-14,1995-12-06,1995-12-23,COLLECT COD,AIR,le brave ideas. slyl
26787-4,26787,364,21,4,17.00,21494.12,0.03,0.04,N,O,1995-11-08,1995-11-22,1995-11-16,NONE,REG AIR,ideas affix. 
26788-1,26788,1491,70,1,6.00,8354.94,0.00,0.06,R,F,1993-04-30,1993-03-07,1993-05-21,NONE,SHIP, requests nag blithely
26788-2,26788,1727,12,2,26.00,42346.72,0.04,0.06,R,F,1993-04-08,1993-05-02,1993-04-17,DELIVER IN PERSON,RAIL,lyly even requests. sometimes silent depos
26788-3,26788,1255,56,3,29.00,33531.25,0.01,0.00,A,F,1993-05-28,1993-03-10,1993-06-18,TAKE BACK RETURN,SHIP,ts. express deposits sleep regularly fur
26788-4,26788,1407,86,4,12.00,15700.80,0.05,0.02,R,F,1993-02-12,1993-03-27,1993-02-20,DELIVER IN PERSON,MAIL,deas mold careful
26788-5,26788,981,16,5,25.00,47049.50,0.02,0.01,A,F,1993-02-04,1993-03-19,1993-02-25,TAKE BACK RETURN,AIR,longside of the regular requests. bli
26788-6,26788,420,79,6,40.00,52816.80,0.05,0.07,R,F,1993-04-23,1993-04-23,1993-05-05,DELIVER IN PERSON,FOB,hely unusual deposits cajole. reg
26789-1,26789,167,94,1,33.00,35216.28,0.04,0.05,R,F,1994-07-19,1994-05-22,1994-08-14,TAKE BACK RETURN,RAIL,sits. blithely regular wa
26790-1,26790,846,80,1,4.00,6987.36,0.00,0.02,N,O,1997-03-12,1997-01-13,1997-03-23,DELIVER IN PERSON,TRUCK,ely regular depths boost even
26790-2,26790,1250,88,2,16.00,18420.00,0.01,0.06,N,O,1996-12-20,1996-12-17,1997-01-10,NONE,SHIP,ecial instructions sleep. furiously unusu
26790-3,26790,427,15,3,6.00,7964.52,0.01,0.00,N,O,1996-11-29,1996-12-14,1996-12-26,COLLECT COD,AIR,sual pearls need to haggle bl
26790-4,26790,429,30,4,19.00,25258.98,0.03,0.01,N,O,1996-11-28,1997-01-13,1996-12-09,TAKE BACK RETURN,SHIP,ages use-- fluffil
26790-5,26790,312,97,5,13.00,15760.03,0.03,0.07,N,O,1997-02-16,1997-02-02,1997-02-22,DELIVER IN PERSON,MAIL,fluffily iro
26790-6,26790,1768,53,6,11.00,18367.36,0.04,0.06,N,O,1997-03-10,1997-01-13,1997-03-22,COLLECT COD,AIR,l packages hag
26790-7,26790,437,38,7,8.00,10699.44,0.04,0.01,N,O,1996-12-10,1997-02-01,1996-12-27,TAKE BACK RETURN,AIR,furiously even foxes. q
26791-1,26791,296,24,1,46.00,55029.34,0.02,0.03,A,F,1995-05-01,1995-06-06,1995-05-18,COLLECT COD,AIR,"ly final forges nod final, regu"
26791-2,26791,815,49,2,32.00,54905.92,0.09,0.04,N,O,1995-07-28,1995-06-10,1995-08-14,COLLECT COD,RAIL,ly. ironic deposits are slyly. furiously r
26791-3,26791,1429,47,3,31.00,41243.02,0.08,0.02,N,O,1995-08-19,1995-07-01,1995-09-02,NONE,REG AIR,s across the do
26791-4,26791,1600,41,4,10.00,15016.00,0.02,0.08,N,O,1995-07-20,1995-06-15,1995-07-25,DELIVER IN PERSON,REG AIR,". bold, iron"
26791-5,26791,742,7,5,38.00,62424.12,0.05,0.04,R,F,1995-05-07,1995-06-27,1995-05-20,DELIVER IN PERSON,TRUCK,ideas. special
26816-1,26816,1939,40,1,37.00,68114.41,0.02,0.03,A,F,1993-10-22,1993-10-24,1993-11-06,COLLECT COD,TRUCK,encies. furi
26816-2,26816,529,60,2,38.00,54321.76,0.00,0.00,A,F,1993-09-03,1993-10-31,1993-09-27,TAKE BACK RETURN,SHIP,arefully regular grouches. f
26816-3,26816,119,46,3,7.00,7133.77,0.06,0.01,R,F,1993-09-27,1993-09-10,1993-10-13,DELIVER IN PERSON,RAIL, enticingly regular pa
26817-1,26817,154,81,1,44.00,46382.60,0.08,0.02,N,O,1998-05-09,1998-06-05,1998-05-29,DELIVER IN PERSON,REG AIR,"althy, speci"
26817-2,26817,772,73,2,11.00,18400.47,0.03,0.02,N,O,1998-04-16,1998-06-01,1998-05-13,DELIVER IN PERSON,REG AIR, about the slyly regu
26817-3,26817,1944,45,3,11.00,20305.34,0.03,0.06,N,O,1998-07-27,1998-06-21,1998-07-30,COLLECT COD,SHIP,ctions wake fluffily across the b
26817-4,26817,1579,60,4,42.00,62183.94,0.00,0.08,N,O,1998-06-17,1998-05-30,1998-06-19,DELIVER IN PERSON,TRUCK,se after the ironic packag
26818-1,26818,1355,32,1,29.00,36434.15,0.10,0.07,R,F,1992-03-20,1992-03-29,1992-04-04,DELIVER IN PERSON,FOB,t fluffily bold packages. enticing
26818-2,26818,1217,18,2,50.00,55910.50,0.03,0.00,A,F,1992-01-18,1992-03-03,1992-02-04,DELIVER IN PERSON,REG AIR,es across the courts are careful
26818-3,26818,834,1,3,50.00,86741.50,0.09,0.06,A,F,1992-04-30,1992-02-29,1992-05-15,TAKE BACK RETURN,AIR, express theodolites kindle f
26818-4,26818,1796,23,4,50.00,84889.50,0.07,0.08,A,F,1992-01-21,1992-03-12,1992-02-17,TAKE BACK RETURN,RAIL,usly regular requests. reg
26818-5,26818,1563,64,5,3.00,4393.68,0.05,0.06,A,F,1992-04-29,1992-04-02,1992-05-29,COLLECT COD,TRUCK, requests. express p
26818-6,26818,1552,93,6,30.00,43606.50,0.05,0.02,R,F,1992-04-15,1992-02-22,1992-04-29,TAKE BACK RETURN,REG AIR,egular depe
26818-7,26818,1810,97,7,3.00,5135.43,0.01,0.04,A,F,1992-05-01,1992-02-19,1992-05-20,DELIVER IN PERSON,FOB,"carefully. bold, furious theo"
26819-1,26819,67,18,1,4.00,3868.24,0.10,0.08,N,O,1996-03-21,1996-02-21,1996-04-16,COLLECT COD,MAIL,e furiously. furiously regular 
26820-1,26820,1503,84,1,8.00,11236.00,0.04,0.00,R,F,1994-10-09,1994-09-08,1994-10-16,NONE,AIR,foxes haggle ruthlessly fluffily final
26821-1,26821,331,88,1,44.00,54178.52,0.00,0.00,N,O,1995-12-25,1996-02-18,1996-01-07,TAKE BACK RETURN,SHIP,ld packages. carefully fi
26821-2,26821,1969,70,2,6.00,11225.76,0.10,0.05,N,O,1996-03-24,1996-02-14,1996-04-12,NONE,RAIL,kages boost about the sly
26821-3,26821,896,63,3,48.00,86250.72,0.10,0.07,N,O,1996-03-05,1996-01-01,1996-03-06,TAKE BACK RETURN,REG AIR,"efully even, "
26822-1,26822,1247,48,1,20.00,22964.80,0.07,0.05,A,F,1994-07-18,1994-07-24,1994-07-23,NONE,SHIP,ts wake carefully abo
26822-2,26822,564,65,2,22.00,32220.32,0.06,0.06,R,F,1994-06-17,1994-06-13,1994-06-26,COLLECT COD,TRUCK,yly final accounts cajole. unusua
26822-3,26822,1548,89,3,9.00,13045.86,0.05,0.08,R,F,1994-06-10,1994-07-03,1994-07-07,DELIVER IN PERSON,AIR,instructions along the fu
26822-4,26822,1996,97,4,28.00,53143.72,0.10,0.01,R,F,1994-07-26,1994-08-03,1994-08-21,COLLECT COD,MAIL,"lithely ironic, quiet dependenci"
26823-1,26823,1311,88,1,41.00,49704.71,0.09,0.00,N,O,1997-04-26,1997-07-01,1997-05-21,NONE,RAIL,"kages; even, permanent pack"
26848-1,26848,264,19,1,26.00,30270.76,0.03,0.00,N,O,1995-06-23,1995-05-31,1995-06-26,DELIVER IN PERSON,TRUCK,accounts. regular requ
26848-2,26848,490,49,2,21.00,29200.29,0.07,0.00,R,F,1995-03-18,1995-05-05,1995-03-28,NONE,AIR,to beans believe. blithely ironic 
26848-3,26848,999,68,3,36.00,68399.64,0.09,0.05,A,F,1995-05-10,1995-04-13,1995-06-01,TAKE BACK RETURN,AIR," regular, express requests use quickly a"
26848-4,26848,235,17,4,1.00,1135.23,0.03,0.00,N,O,1995-06-30,1995-06-02,1995-07-18,COLLECT COD,FOB,thely. furiously regular requests s
26848-5,26848,1878,79,5,17.00,30257.79,0.01,0.07,N,O,1995-07-02,1995-04-17,1995-07-22,COLLECT COD,AIR,tions must affix fina
26849-1,26849,1474,14,1,46.00,63271.62,0.09,0.01,N,O,1998-06-20,1998-05-13,1998-07-08,NONE,SHIP, carefully dolphins. packages affix fu
26849-2,26849,651,14,2,35.00,54307.75,0.08,0.04,N,O,1998-05-25,1998-06-13,1998-06-19,DELIVER IN PERSON,REG AIR,he quickly ironic accounts. e
26849-3,26849,156,57,3,3.00,3168.45,0.05,0.07,N,O,1998-04-30,1998-06-05,1998-05-18,COLLECT COD,MAIL,he slyly pending fo
26850-1,26850,1140,13,1,2.00,2082.28,0.01,0.02,N,O,1996-02-17,1996-03-02,1996-02-22,DELIVER IN PERSON,SHIP,ng forges use blithely pending 
26850-2,26850,1465,44,2,20.00,27329.20,0.10,0.01,N,O,1995-12-07,1996-03-03,1995-12-25,COLLECT COD,REG AIR,ake along the theodo
26850-3,26850,1962,51,3,20.00,37279.20,0.07,0.04,N,O,1995-12-07,1996-01-16,1995-12-22,COLLECT COD,SHIP,jole slyly express theodolites. r
26850-4,26850,1656,98,4,27.00,42056.55,0.03,0.08,N,O,1995-12-26,1996-02-23,1996-01-12,NONE,AIR,t the never regular dependencies. depend
26850-5,26850,1120,29,5,8.00,8168.96,0.10,0.00,N,O,1996-01-20,1996-01-24,1996-02-17,DELIVER IN PERSON,MAIL,ely fluffily thin req
26850-6,26850,1966,11,6,12.00,22415.52,0.08,0.06,N,O,1996-04-03,1996-02-02,1996-04-27,DELIVER IN PERSON,MAIL, pinto beans. carefully unusual account
26851-1,26851,1191,28,1,4.00,4368.76,0.03,0.00,N,O,1995-08-13,1995-10-09,1995-08-28,COLLECT COD,AIR,c accounts
26851-2,26851,1093,94,2,2.00,1988.18,0.00,0.07,N,O,1995-09-02,1995-09-30,1995-09-17,NONE,FOB,s. carefully pending accoun
26851-3,26851,693,56,3,11.00,17530.59,0.08,0.07,N,O,1995-10-09,1995-10-22,1995-10-30,TAKE BACK RETURN,RAIL,lly across the slyly pending deposits. furi
26852-1,26852,1641,42,1,47.00,72504.08,0.07,0.04,R,F,1993-07-01,1993-05-06,1993-07-11,COLLECT COD,AIR,us theodolites sleep
26852-2,26852,164,65,2,7.00,7449.12,0.01,0.05,A,F,1993-05-12,1993-06-04,1993-05-22,DELIVER IN PERSON,MAIL,egrate slyly furiously regular pinto beans
26853-1,26853,1146,19,1,20.00,20942.80,0.04,0.01,A,F,1992-09-10,1992-07-18,1992-09-12,COLLECT COD,SHIP,kages. thinly 
26853-2,26853,526,87,2,20.00,28530.40,0.10,0.06,A,F,1992-08-22,1992-08-25,1992-08-24,DELIVER IN PERSON,FOB,gular accou
26853-3,26853,1294,32,3,16.00,19124.64,0.02,0.01,A,F,1992-07-03,1992-09-08,1992-07-18,DELIVER IN PERSON,AIR,y even warhorse
26853-4,26853,82,83,4,8.00,7856.64,0.09,0.06,A,F,1992-08-24,1992-07-24,1992-09-08,TAKE BACK RETURN,REG AIR,ly after the carefully unusual deposi
26853-5,26853,1178,79,5,1.00,1079.17,0.05,0.00,A,F,1992-06-22,1992-07-13,1992-06-29,DELIVER IN PERSON,SHIP,carefully final pinto beans detect som
26853-6,26853,1931,32,6,47.00,86147.71,0.06,0.02,A,F,1992-07-25,1992-09-10,1992-08-17,DELIVER IN PERSON,SHIP,y ironic packages boost agains
26854-1,26854,1360,61,1,33.00,41624.88,0.01,0.06,A,F,1994-07-31,1994-09-05,1994-08-12,TAKE BACK RETURN,FOB,sts along the foxes int
26854-2,26854,1483,1,2,34.00,47072.32,0.01,0.03,A,F,1994-07-16,1994-08-21,1994-07-19,COLLECT COD,TRUCK,"even accounts. unusual, final deposits cajo"
26854-3,26854,366,67,3,39.00,49388.04,0.04,0.07,R,F,1994-09-30,1994-08-27,1994-10-17,TAKE BACK RETURN,FOB,encies boost b
26854-4,26854,563,24,4,23.00,33661.88,0.09,0.07,R,F,1994-07-16,1994-08-07,1994-07-30,COLLECT COD,SHIP,riously. ideas across the ironi
26854-5,26854,859,93,5,37.00,65114.45,0.06,0.06,R,F,1994-08-29,1994-07-24,1994-09-19,COLLECT COD,REG AIR,to the fluffily pe
26855-1,26855,343,44,1,30.00,37300.20,0.10,0.07,R,F,1994-06-05,1994-04-15,1994-07-02,DELIVER IN PERSON,MAIL, requests. ironic gifts lose slyl
26880-1,26880,689,21,1,46.00,73125.28,0.02,0.00,N,O,1996-03-13,1996-02-25,1996-03-31,TAKE BACK RETURN,RAIL,al platelets maintain against the the
26881-1,26881,650,82,1,22.00,34114.30,0.03,0.03,A,F,1994-08-05,1994-10-04,1994-08-14,TAKE BACK RETURN,TRUCK,ress packages. furiously even package
26881-2,26881,861,61,2,9.00,15856.74,0.02,0.06,A,F,1994-10-19,1994-09-27,1994-10-22,DELIVER IN PERSON,REG AIR,packages. quickly regular packages among th
26881-3,26881,1286,98,3,9.00,10685.52,0.02,0.07,R,F,1994-10-29,1994-09-12,1994-11-04,NONE,TRUCK, foxes detect. blithely unusual deposit
26881-4,26881,1619,2,4,5.00,7603.05,0.06,0.02,A,F,1994-10-20,1994-10-02,1994-11-02,NONE,REG AIR,ckages. even foxes sleep. furiously r
26882-1,26882,178,5,1,45.00,48517.65,0.06,0.00,N,O,1995-10-18,1995-08-05,1995-11-03,TAKE BACK RETURN,MAIL,ly sly packages. 
26882-2,26882,1353,30,2,21.00,26341.35,0.02,0.01,N,O,1995-08-16,1995-09-12,1995-09-15,DELIVER IN PERSON,REG AIR,latelets nag car
26882-3,26882,1100,6,3,10.00,10011.00,0.09,0.06,N,O,1995-07-22,1995-08-20,1995-07-29,COLLECT COD,SHIP,ly instructions. f
26882-4,26882,889,23,4,25.00,44747.00,0.03,0.08,N,O,1995-07-07,1995-09-14,1995-07-26,NONE,REG AIR,riously ev
26882-5,26882,308,37,5,32.00,38665.60,0.04,0.02,N,O,1995-07-22,1995-09-06,1995-08-02,TAKE BACK RETURN,REG AIR,express pack
26883-1,26883,1574,75,1,31.00,45742.67,0.07,0.08,A,F,1992-05-01,1992-04-09,1992-05-15,COLLECT COD,RAIL,e closely final the
26884-1,26884,823,23,1,39.00,67228.98,0.09,0.04,A,F,1993-05-18,1993-05-05,1993-06-16,TAKE BACK RETURN,AIR,gside of the unusua
26884-2,26884,575,6,2,27.00,39840.39,0.10,0.00,A,F,1993-03-30,1993-05-06,1993-04-20,COLLECT COD,REG AIR, furiously bold dolph
26884-3,26884,1869,13,3,47.00,83230.42,0.07,0.08,R,F,1993-04-11,1993-05-12,1993-05-10,DELIVER IN PERSON,TRUCK,s whithout the spec
26885-1,26885,1095,1,1,27.00,26894.43,0.08,0.08,N,O,1997-08-27,1997-07-12,1997-08-29,TAKE BACK RETURN,FOB,"lent, unusual Tiresias w"
26885-2,26885,1083,89,2,13.00,12793.04,0.03,0.03,N,O,1997-08-14,1997-06-23,1997-08-25,NONE,AIR,riously thinly ironic packages. deposits i
26885-3,26885,1704,5,3,29.00,46565.30,0.04,0.00,N,O,1997-06-06,1997-06-17,1997-07-04,NONE,TRUCK,uests play along the furiously p
26885-4,26885,386,87,4,25.00,32159.50,0.00,0.04,N,O,1997-06-22,1997-07-02,1997-06-27,DELIVER IN PERSON,FOB,s. pending req
26885-5,26885,1179,52,5,32.00,34565.44,0.05,0.02,N,O,1997-08-02,1997-07-02,1997-08-26,NONE,SHIP,en foxes wak
26885-6,26885,1166,67,6,27.00,28813.32,0.05,0.07,N,O,1997-07-04,1997-07-31,1997-07-24,COLLECT COD,REG AIR,s are platelets. doggedly ironic ac
26885-7,26885,183,10,7,41.00,44410.38,0.02,0.01,N,O,1997-08-22,1997-08-09,1997-09-03,TAKE BACK RETURN,TRUCK,to beans boost slyly. carefully ex
26886-1,26886,262,17,1,48.00,55788.48,0.02,0.05,N,O,1995-08-23,1995-08-02,1995-09-18,COLLECT COD,SHIP,ests are furiously
26887-1,26887,265,47,1,6.00,6991.56,0.00,0.06,N,O,1995-06-22,1995-06-28,1995-07-04,NONE,MAIL,counts use blithely fluffily express de
26887-2,26887,268,69,2,43.00,50235.18,0.04,0.06,N,O,1995-09-04,1995-06-21,1995-09-23,DELIVER IN PERSON,REG AIR,cial requests are near the 
26887-3,26887,1005,41,3,4.00,3624.00,0.03,0.07,A,F,1995-05-18,1995-06-18,1995-06-03,COLLECT COD,AIR,re furiously. asymptote
26887-4,26887,1218,56,4,45.00,50364.45,0.02,0.07,A,F,1995-05-17,1995-07-12,1995-05-31,TAKE BACK RETURN,MAIL,"r the unusual, "
26887-5,26887,1213,88,5,17.00,18941.57,0.08,0.01,N,F,1995-05-28,1995-07-25,1995-06-26,DELIVER IN PERSON,TRUCK,lites kindle fluffily
26912-1,26912,1200,37,1,5.00,5506.00,0.00,0.02,R,F,1992-05-12,1992-06-22,1992-05-20,COLLECT COD,FOB,ls. slyly express ac
26912-2,26912,237,38,2,1.00,1137.23,0.09,0.04,A,F,1992-05-14,1992-06-13,1992-05-17,DELIVER IN PERSON,AIR,uickly above the slyly even packages. bol
26912-3,26912,1393,32,3,5.00,6471.95,0.08,0.03,R,F,1992-06-20,1992-06-09,1992-07-17,COLLECT COD,RAIL, final accounts sleep among the f
26913-1,26913,917,18,1,37.00,67262.67,0.05,0.04,A,F,1994-10-22,1994-12-09,1994-11-07,NONE,RAIL,sleep thro
26913-2,26913,200,1,2,48.00,52809.60,0.10,0.05,A,F,1995-01-05,1994-11-11,1995-02-02,COLLECT COD,MAIL,sts sleep furiously among th
26913-3,26913,961,96,3,32.00,59582.72,0.02,0.04,A,F,1995-01-15,1994-11-14,1995-02-01,NONE,FOB,fully slyly regular pint
26913-4,26913,391,76,4,22.00,28410.58,0.03,0.02,A,F,1994-12-16,1994-12-18,1995-01-13,DELIVER IN PERSON,REG AIR,ly along the attainments! 
26914-1,26914,339,24,1,40.00,49573.20,0.00,0.03,N,O,1997-01-14,1996-12-10,1997-01-24,TAKE BACK RETURN,REG AIR," carefully. daring, thin deposits abo"
26914-2,26914,1468,47,2,1.00,1369.46,0.03,0.02,N,O,1997-01-29,1996-12-19,1997-01-30,COLLECT COD,REG AIR,h carefully. furiously ironi
26914-3,26914,1177,86,3,40.00,43126.80,0.03,0.04,N,O,1997-02-12,1997-01-27,1997-03-03,TAKE BACK RETURN,TRUCK, requests grow furiously under 
26914-4,26914,1642,25,4,22.00,33960.08,0.07,0.06,N,O,1997-01-24,1997-01-11,1997-02-08,COLLECT COD,AIR,ts. regula
26915-1,26915,211,39,1,50.00,55560.50,0.00,0.07,N,O,1996-05-01,1996-03-17,1996-05-10,COLLECT COD,RAIL,fore the caref
26915-2,26915,92,68,2,21.00,20833.89,0.09,0.01,N,O,1996-04-24,1996-03-30,1996-05-13,DELIVER IN PERSON,MAIL,en packages 
26915-3,26915,221,22,3,45.00,50454.90,0.04,0.07,N,O,1996-02-02,1996-03-05,1996-02-29,DELIVER IN PERSON,FOB,its boost quickly final package
26915-4,26915,912,15,4,21.00,38071.11,0.06,0.05,N,O,1996-03-03,1996-03-19,1996-03-14,NONE,MAIL,grate quic
26915-5,26915,1440,58,5,34.00,45608.96,0.07,0.00,N,O,1996-02-12,1996-02-19,1996-02-21,TAKE BACK RETURN,AIR,"he express, ironic ideas doze"
26915-6,26915,681,75,6,31.00,49032.08,0.07,0.02,N,O,1996-01-31,1996-02-14,1996-02-22,COLLECT COD,AIR,"lent, regular theodolites haggle a"
26915-7,26915,1510,31,7,26.00,36699.26,0.00,0.02,N,O,1996-02-26,1996-02-18,1996-03-02,DELIVER IN PERSON,REG AIR,s alongside of the fluffily iro
26916-1,26916,1191,100,1,25.00,27304.75,0.05,0.05,R,F,1993-08-14,1993-08-09,1993-08-22,TAKE BACK RETURN,AIR,ar pinto beans eat carefully after the quic
26916-2,26916,182,35,2,13.00,14068.34,0.02,0.06,R,F,1993-09-13,1993-08-09,1993-10-04,NONE,REG AIR,ress packages boost slyly even foxe
26916-3,26916,870,4,3,19.00,33646.53,0.04,0.00,R,F,1993-10-14,1993-09-03,1993-11-08,COLLECT COD,AIR,. carefully even requests 
26916-4,26916,761,58,4,2.00,3323.52,0.00,0.02,A,F,1993-09-22,1993-08-19,1993-09-23,COLLECT COD,FOB,quickly. slyly express pint
26916-5,26916,1286,24,5,28.00,33243.84,0.10,0.00,R,F,1993-07-12,1993-08-28,1993-07-22,DELIVER IN PERSON,SHIP,instructions ab
26916-6,26916,289,17,6,13.00,15460.64,0.06,0.00,A,F,1993-09-25,1993-09-12,1993-10-17,NONE,AIR,ts above the bold requests nag agains
26917-1,26917,1181,18,1,9.00,9739.62,0.03,0.04,N,O,1996-01-06,1996-01-30,1996-02-01,TAKE BACK RETURN,FOB,s. quickly bold pinto beans nag 
26918-1,26918,1208,9,1,17.00,18856.40,0.01,0.07,A,F,1994-04-09,1994-06-26,1994-04-26,TAKE BACK RETURN,TRUCK,symptotes.
26918-2,26918,1995,40,2,47.00,89158.53,0.02,0.00,A,F,1994-07-22,1994-06-18,1994-08-02,NONE,TRUCK,usual platel
26918-3,26918,1257,58,3,30.00,34747.50,0.09,0.02,R,F,1994-08-06,1994-05-17,1994-08-20,TAKE BACK RETURN,RAIL,"en, regular packages cajole qu"
26918-4,26918,1636,60,4,40.00,61505.20,0.01,0.03,R,F,1994-05-23,1994-05-15,1994-06-05,DELIVER IN PERSON,REG AIR,old hockey players 
26918-5,26918,439,40,5,16.00,21430.88,0.08,0.06,A,F,1994-04-26,1994-05-27,1994-04-27,TAKE BACK RETURN,TRUCK,ts alongsi
26919-1,26919,374,59,1,19.00,24213.03,0.08,0.00,A,F,1993-03-08,1993-02-22,1993-03-30,NONE,REG AIR,. blithely final ideas w
26919-2,26919,1158,59,2,37.00,39188.55,0.10,0.01,A,F,1993-03-08,1993-03-03,1993-03-25,DELIVER IN PERSON,REG AIR, according to the 
26919-3,26919,1366,5,3,29.00,36753.44,0.03,0.00,R,F,1993-03-16,1993-01-23,1993-03-28,DELIVER IN PERSON,RAIL,theodolites haggle boldly ironically ironi
26919-4,26919,1813,100,4,42.00,72022.02,0.09,0.03,R,F,1993-03-09,1993-01-23,1993-04-04,TAKE BACK RETURN,TRUCK, pinto beans sleep around the even 
26919-5,26919,931,66,5,30.00,54957.90,0.01,0.03,R,F,1993-03-09,1993-02-07,1993-04-02,COLLECT COD,AIR,ular deposits serve sly
26919-6,26919,634,28,6,37.00,56781.31,0.03,0.04,R,F,1993-01-22,1993-01-21,1993-02-06,NONE,TRUCK,instructions haggle slyly furiously
26944-1,26944,1524,25,1,10.00,14255.20,0.03,0.01,R,F,1994-12-10,1994-12-11,1994-12-31,NONE,AIR,arefully after the
26945-1,26945,1604,28,1,10.00,15056.00,0.06,0.08,A,F,1994-04-14,1994-03-12,1994-04-20,COLLECT COD,SHIP,ts wake slyly according to the slyly regula
26945-2,26945,464,23,2,23.00,31382.58,0.09,0.00,R,F,1994-04-25,1994-04-05,1994-05-09,COLLECT COD,RAIL,ep slyly un
26945-3,26945,923,24,3,19.00,34654.48,0.02,0.07,A,F,1994-04-26,1994-03-23,1994-05-23,TAKE BACK RETURN,AIR,ngly bold accou
26945-4,26945,953,88,4,48.00,88989.60,0.06,0.08,A,F,1994-03-18,1994-04-01,1994-03-28,DELIVER IN PERSON,SHIP,yly pending requests wake agains
26946-1,26946,1952,41,1,26.00,48202.70,0.05,0.06,N,O,1997-12-08,1997-09-17,1997-12-16,TAKE BACK RETURN,MAIL,atelets use slyly even dinos. pac
26947-1,26947,1336,51,1,50.00,61866.50,0.05,0.04,R,F,1993-09-08,1993-07-15,1993-09-17,NONE,SHIP,s sleep furiously thin acco
26947-2,26947,893,93,2,12.00,21526.68,0.02,0.00,R,F,1993-07-06,1993-07-19,1993-07-24,NONE,MAIL,le asymptotes are carefully carefully fina
26947-3,26947,1536,17,3,46.00,66126.38,0.07,0.07,R,F,1993-06-08,1993-07-25,1993-06-13,COLLECT COD,TRUCK, regular dependencies
26947-4,26947,1299,74,4,19.00,22805.51,0.05,0.06,A,F,1993-07-06,1993-08-18,1993-07-15,COLLECT COD,TRUCK,y furiously pending depo
26947-5,26947,1178,15,5,20.00,21583.40,0.08,0.06,A,F,1993-08-16,1993-08-14,1993-09-15,TAKE BACK RETURN,FOB,ns believe ironic courts. careful
26947-6,26947,1771,72,6,13.00,21746.01,0.00,0.04,A,F,1993-06-11,1993-08-12,1993-06-25,DELIVER IN PERSON,FOB,eaves boost packa
26948-1,26948,1467,68,1,11.00,15053.06,0.08,0.06,N,O,1996-02-14,1996-01-15,1996-03-13,COLLECT COD,FOB,t requests nag
26948-2,26948,644,38,2,32.00,49428.48,0.09,0.08,N,O,1996-02-06,1996-01-16,1996-02-19,DELIVER IN PERSON,RAIL,stealthy pains
26948-3,26948,657,51,3,4.00,6230.60,0.07,0.07,N,O,1996-01-12,1995-12-29,1996-02-09,COLLECT COD,FOB,sly even deposits wake f
26948-4,26948,1061,62,4,11.00,10582.66,0.06,0.07,N,O,1995-11-28,1996-01-13,1995-12-09,DELIVER IN PERSON,REG AIR,e pending theodolites could wake blithely 
26948-5,26948,1556,57,5,23.00,33523.65,0.01,0.04,N,O,1995-12-20,1996-02-06,1995-12-30,NONE,AIR,es could boost blithely 
26948-6,26948,1891,35,6,17.00,30479.13,0.08,0.08,N,O,1995-12-13,1996-01-28,1996-01-01,DELIVER IN PERSON,REG AIR,s cajole. platelets along
26949-1,26949,673,36,1,8.00,12589.36,0.04,0.08,A,F,1994-11-02,1994-09-27,1994-11-08,TAKE BACK RETURN,RAIL,fily unusual platelets. deposit
26949-2,26949,896,63,2,34.00,61094.26,0.04,0.07,R,F,1994-10-19,1994-09-22,1994-10-25,TAKE BACK RETURN,TRUCK,ironic dep
26949-3,26949,439,27,3,33.00,44201.19,0.05,0.04,A,F,1994-11-02,1994-09-22,1994-11-20,TAKE BACK RETURN,FOB,inal requests. regular accounts play bravel
26949-4,26949,1431,49,4,37.00,49299.91,0.06,0.08,A,F,1994-09-21,1994-09-25,1994-10-02,TAKE BACK RETURN,RAIL,es sublate. pinto bea
26949-5,26949,545,36,5,11.00,15900.94,0.06,0.03,R,F,1994-11-17,1994-09-25,1994-11-19,DELIVER IN PERSON,RAIL, blithely silent
26950-1,26950,380,9,1,23.00,29448.74,0.06,0.00,N,O,1997-08-13,1997-07-16,1997-09-08,DELIVER IN PERSON,TRUCK,ickly ironic requests against the blithel
26950-2,26950,1023,59,2,50.00,46201.00,0.09,0.01,N,O,1997-06-02,1997-06-15,1997-06-08,COLLECT COD,SHIP,gside of t
26950-3,26950,198,51,3,26.00,28552.94,0.03,0.07,N,O,1997-06-28,1997-06-17,1997-07-21,NONE,AIR,ding accounts dazzle iro
26950-4,26950,11,62,4,33.00,30063.33,0.08,0.00,N,O,1997-08-13,1997-07-19,1997-08-28,COLLECT COD,RAIL,egular packages. account
26950-5,26950,1986,87,5,23.00,43423.54,0.05,0.08,N,O,1997-05-26,1997-06-23,1997-06-21,COLLECT COD,REG AIR, blithely ironic ac
26951-1,26951,1300,75,1,19.00,22824.70,0.06,0.05,A,F,1993-05-10,1993-05-15,1993-06-06,TAKE BACK RETURN,AIR,yly. furiously b
26951-2,26951,798,31,2,42.00,71349.18,0.01,0.03,A,F,1993-07-24,1993-06-03,1993-08-07,TAKE BACK RETURN,TRUCK,lithely even dependencies sleep carefully 
26976-1,26976,235,36,1,37.00,42003.51,0.00,0.08,N,O,1995-07-23,1995-07-01,1995-08-02,COLLECT COD,SHIP,blithely i
26976-2,26976,969,72,2,45.00,84148.20,0.03,0.03,N,F,1995-06-08,1995-07-24,1995-06-21,TAKE BACK RETURN,FOB, blithely about the always blithe exc
26976-3,26976,865,66,3,13.00,22956.18,0.07,0.06,N,O,1995-07-30,1995-07-21,1995-08-22,NONE,AIR,ously against the
26976-4,26976,1742,43,4,25.00,41093.50,0.05,0.00,N,O,1995-09-12,1995-07-28,1995-09-17,TAKE BACK RETURN,TRUCK,osits. courts cajole! slyly regular pinto 
26976-5,26976,284,12,5,43.00,50924.04,0.03,0.01,N,O,1995-08-04,1995-06-24,1995-08-13,COLLECT COD,SHIP,l foxes wake s
26976-6,26976,897,98,6,39.00,70117.71,0.00,0.02,N,O,1995-08-08,1995-07-14,1995-09-01,TAKE BACK RETURN,REG AIR,yly express instructions after the blith
26976-7,26976,767,100,7,33.00,55036.08,0.05,0.08,N,O,1995-08-09,1995-08-16,1995-08-15,TAKE BACK RETURN,RAIL,carefully. foxes aft
26977-1,26977,104,5,1,45.00,45184.50,0.00,0.06,R,F,1995-01-08,1995-01-13,1995-01-12,COLLECT COD,FOB, special dependencies. silent instructi
26977-2,26977,741,6,2,33.00,54177.42,0.02,0.02,R,F,1995-02-16,1995-02-28,1995-02-25,DELIVER IN PERSON,AIR,final accounts. even packa
26978-1,26978,344,1,1,44.00,54750.96,0.08,0.01,R,F,1993-09-10,1993-08-31,1993-09-18,TAKE BACK RETURN,MAIL,", even instructions sleep about the accou"
26978-2,26978,97,23,2,48.00,47860.32,0.01,0.05,R,F,1993-08-29,1993-08-06,1993-09-05,DELIVER IN PERSON,REG AIR,. quickly bold pinto
26978-3,26978,1083,19,3,7.00,6888.56,0.08,0.07,R,F,1993-08-04,1993-08-07,1993-08-28,DELIVER IN PERSON,FOB, pending pinto bea
26978-4,26978,1099,70,4,14.00,14001.26,0.06,0.00,R,F,1993-08-22,1993-09-24,1993-09-04,TAKE BACK RETURN,MAIL,ometimes unusual t
26978-5,26978,718,83,5,35.00,56654.85,0.01,0.05,A,F,1993-10-20,1993-09-23,1993-10-26,NONE,MAIL,ly final accounts. ca
26978-6,26978,1983,84,6,48.00,90479.04,0.04,0.05,R,F,1993-09-23,1993-09-11,1993-10-13,DELIVER IN PERSON,FOB,theodolites nag blit
26978-7,26978,182,9,7,1.00,1082.18,0.08,0.06,R,F,1993-09-24,1993-09-18,1993-09-28,TAKE BACK RETURN,AIR,fully pendi
26979-1,26979,1074,80,1,31.00,30227.17,0.08,0.00,A,F,1992-06-10,1992-05-20,1992-06-18,DELIVER IN PERSON,SHIP,slyly silent requests boost f
26979-2,26979,170,49,2,17.00,18192.89,0.05,0.04,R,F,1992-06-29,1992-06-13,1992-07-29,COLLECT COD,MAIL,le escapad
26979-3,26979,1346,61,3,49.00,61119.66,0.02,0.08,R,F,1992-04-24,1992-06-23,1992-05-23,DELIVER IN PERSON,AIR,. unusual re
26979-4,26979,422,10,4,34.00,44962.28,0.06,0.03,R,F,1992-05-31,1992-06-24,1992-06-08,COLLECT COD,REG AIR, beans sleep slyly arou
26979-5,26979,1461,79,5,33.00,44961.18,0.02,0.02,A,F,1992-07-20,1992-06-22,1992-07-31,NONE,REG AIR,ounts sublate furiously at th
26980-1,26980,606,69,1,27.00,40678.20,0.04,0.07,A,F,1992-08-13,1992-07-09,1992-08-18,COLLECT COD,MAIL,requests. 
26980-2,26980,870,71,2,46.00,81460.02,0.09,0.08,A,F,1992-07-27,1992-05-31,1992-08-15,COLLECT COD,TRUCK,ic accounts cajole qui
26981-1,26981,1016,52,1,42.00,38514.42,0.05,0.07,R,F,1992-11-15,1992-10-27,1992-12-03,DELIVER IN PERSON,AIR,carefully final packages
26981-2,26981,745,10,2,47.00,77349.78,0.07,0.02,A,F,1992-11-25,1992-10-31,1992-12-05,TAKE BACK RETURN,AIR,regular realm
26981-3,26981,186,13,3,26.00,28240.68,0.01,0.02,A,F,1992-11-17,1992-10-08,1992-12-16,DELIVER IN PERSON,MAIL,excuses sleep among the foxes. 
26981-4,26981,1524,25,4,9.00,12829.68,0.03,0.07,A,F,1992-10-21,1992-11-05,1992-11-13,COLLECT COD,MAIL,fily along
26981-5,26981,102,29,5,43.00,43090.30,0.06,0.05,A,F,1992-12-13,1992-10-24,1993-01-06,NONE,AIR,efully final account
26982-1,26982,923,58,1,31.00,56541.52,0.09,0.08,R,F,1992-08-16,1992-06-04,1992-08-23,DELIVER IN PERSON,FOB,ly unusual decoys r
26982-2,26982,237,65,2,48.00,54587.04,0.07,0.06,R,F,1992-06-28,1992-06-25,1992-07-16,TAKE BACK RETURN,AIR,ckly carefully regular accounts. 
26982-3,26982,595,86,3,15.00,22433.85,0.01,0.03,A,F,1992-05-09,1992-06-29,1992-05-29,COLLECT COD,TRUCK,olites? quickly pending d
26982-4,26982,461,91,4,47.00,63988.62,0.02,0.07,R,F,1992-05-19,1992-06-29,1992-05-24,DELIVER IN PERSON,AIR, the quickly ironi
26982-5,26982,911,12,5,27.00,48921.57,0.10,0.01,A,F,1992-06-26,1992-07-14,1992-07-19,NONE,MAIL,ly express pinto be
26982-6,26982,493,94,6,18.00,25082.82,0.06,0.02,A,F,1992-05-01,1992-06-10,1992-05-18,TAKE BACK RETURN,SHIP,. carefully special dolphi
26982-7,26982,799,100,7,20.00,33995.80,0.09,0.07,R,F,1992-06-29,1992-07-12,1992-07-04,NONE,RAIL,ly about the ironic courts.
26983-1,26983,1827,28,1,43.00,74339.26,0.01,0.08,N,O,1996-10-03,1996-09-13,1996-10-29,COLLECT COD,SHIP, blithely--
27008-1,27008,1589,30,1,19.00,28321.02,0.06,0.04,N,O,1998-03-13,1998-04-26,1998-04-04,COLLECT COD,AIR,lose furiously. regular de
27008-2,27008,1361,62,2,34.00,42920.24,0.07,0.02,N,O,1998-05-30,1998-04-25,1998-06-29,TAKE BACK RETURN,SHIP,"ets? ironic, silent account"
27009-1,27009,1191,100,1,31.00,33857.89,0.09,0.08,A,F,1994-04-20,1994-02-21,1994-05-01,DELIVER IN PERSON,SHIP,old foxes. blithely express
27009-2,27009,315,72,2,26.00,31598.06,0.09,0.03,R,F,1994-01-28,1994-02-21,1994-02-05,NONE,TRUCK,ing to the furiously even pinto beans. bli
27009-3,27009,1409,27,3,39.00,51105.60,0.09,0.02,A,F,1993-12-30,1994-02-13,1994-01-12,TAKE BACK RETURN,FOB,the requests. slyly ir
27010-1,27010,843,44,1,42.00,73241.28,0.09,0.06,N,O,1997-02-05,1997-03-29,1997-02-23,NONE,MAIL,uriously regular acc
27010-2,27010,25,26,2,15.00,13875.30,0.02,0.07,N,O,1997-01-31,1997-03-23,1997-02-23,TAKE BACK RETURN,REG AIR, furiously regular ins
27010-3,27010,1042,43,3,31.00,29234.24,0.09,0.03,N,O,1997-02-26,1997-03-14,1997-03-15,COLLECT COD,MAIL,ests at the final requests are amon
27010-4,27010,1331,46,4,43.00,52990.19,0.08,0.00,N,O,1997-03-27,1997-03-26,1997-04-14,TAKE BACK RETURN,MAIL,tealthy requests hag
27011-1,27011,710,75,1,7.00,11274.97,0.06,0.04,A,F,1994-04-08,1994-03-04,1994-05-02,TAKE BACK RETURN,MAIL, the furiously final deposits. carefu
27011-2,27011,1229,41,2,19.00,21474.18,0.07,0.08,A,F,1994-02-20,1994-02-11,1994-03-21,DELIVER IN PERSON,MAIL,iously: regular depths use quic
27011-3,27011,923,92,3,9.00,16415.28,0.08,0.03,R,F,1994-02-15,1994-02-27,1994-03-06,DELIVER IN PERSON,RAIL,ly ironic requests kind
27011-4,27011,1896,97,4,26.00,46745.14,0.10,0.04,A,F,1994-04-30,1994-03-12,1994-05-15,COLLECT COD,RAIL,ic packages snooze. regular 
27011-5,27011,1602,44,5,17.00,25561.20,0.01,0.02,R,F,1994-01-06,1994-03-07,1994-01-18,NONE,REG AIR,eodolites. carefully ironic asympto
27011-6,27011,1401,19,6,40.00,52096.00,0.00,0.08,A,F,1994-01-22,1994-02-28,1994-02-15,TAKE BACK RETURN,AIR,usual sauternes 
27011-7,27011,6,32,7,19.00,17214.00,0.06,0.05,A,F,1994-04-03,1994-02-16,1994-04-26,COLLECT COD,RAIL,sly final dependencies cajole even 
27012-1,27012,1858,59,1,17.00,29917.45,0.09,0.00,A,F,1993-06-13,1993-07-13,1993-07-05,NONE,SHIP,its use at the accou
27012-2,27012,1609,10,2,18.00,27190.80,0.09,0.05,R,F,1993-07-31,1993-06-11,1993-08-15,TAKE BACK RETURN,SHIP,to the bold requests wake carefully amon
27013-1,27013,329,14,1,49.00,60236.68,0.07,0.04,A,F,1994-10-03,1994-09-13,1994-10-09,NONE,SHIP, carefully regular theodoli
27013-2,27013,1355,32,2,17.00,21357.95,0.02,0.07,A,F,1994-07-13,1994-08-26,1994-07-30,NONE,FOB,lar foxes are carefully. unusua
27013-3,27013,1208,83,3,46.00,51023.20,0.06,0.08,A,F,1994-10-24,1994-09-14,1994-11-13,TAKE BACK RETURN,SHIP,usly final dependencies are blithely again
27013-4,27013,830,64,4,35.00,60579.05,0.04,0.00,R,F,1994-08-15,1994-09-18,1994-09-13,TAKE BACK RETURN,AIR,ounts hagg
27013-5,27013,1648,90,5,33.00,51138.12,0.02,0.03,R,F,1994-09-13,1994-08-11,1994-09-21,COLLECT COD,SHIP,ages. carefully
27014-1,27014,124,51,1,49.00,50181.88,0.03,0.06,N,O,1997-09-08,1997-11-05,1997-09-21,NONE,MAIL,lly express 
27014-2,27014,272,27,2,9.00,10550.43,0.02,0.01,N,O,1997-09-11,1997-09-28,1997-09-13,COLLECT COD,MAIL,nal dependencies. carefully specia
27014-3,27014,278,33,3,31.00,36526.37,0.10,0.00,N,O,1997-08-25,1997-09-28,1997-09-23,NONE,RAIL,fully silent accounts along the s
27014-4,27014,422,81,4,32.00,42317.44,0.00,0.05,N,O,1997-10-08,1997-11-09,1997-10-30,NONE,TRUCK,cross the accounts. carefully bold courts
27015-1,27015,886,86,1,1.00,1786.88,0.04,0.05,R,F,1992-04-24,1992-03-30,1992-05-24,COLLECT COD,AIR,y pinto beans.
27015-2,27015,500,30,2,20.00,28010.00,0.03,0.08,A,F,1992-02-29,1992-03-21,1992-03-06,TAKE BACK RETURN,REG AIR,ng to the even pinto beans. reg
27040-1,27040,128,7,1,41.00,42152.92,0.04,0.08,N,O,1997-07-14,1997-08-08,1997-08-09,TAKE BACK RETURN,TRUCK,ly express deposits. slyl
27040-2,27040,1192,29,2,9.00,9838.71,0.00,0.03,N,O,1997-07-15,1997-08-25,1997-08-11,COLLECT COD,MAIL, realms us
27040-3,27040,1457,75,3,6.00,8150.70,0.08,0.01,N,O,1997-09-10,1997-08-23,1997-09-12,DELIVER IN PERSON,SHIP,inal pearls mold furiously 
27040-4,27040,369,70,4,32.00,40619.52,0.01,0.05,N,O,1997-07-26,1997-07-04,1997-08-02,COLLECT COD,RAIL,aggle accordi
27041-1,27041,1675,58,1,15.00,23650.05,0.04,0.06,N,O,1998-10-18,1998-09-28,1998-10-31,COLLECT COD,RAIL,lar accounts. busily regular pack
27041-2,27041,1700,42,2,1.00,1601.70,0.08,0.02,N,O,1998-09-26,1998-09-04,1998-10-07,DELIVER IN PERSON,FOB,ges hinder furiously acr
27042-1,27042,1630,13,1,36.00,55138.68,0.10,0.07,A,F,1994-11-12,1994-12-16,1994-11-28,NONE,SHIP,; bold ideas 
27042-2,27042,318,19,2,22.00,26802.82,0.08,0.06,A,F,1994-11-18,1994-11-25,1994-12-13,TAKE BACK RETURN,SHIP,"the regular, regular ideas. slyly quie"
27042-3,27042,1993,82,3,42.00,79589.58,0.09,0.02,A,F,1994-11-13,1994-12-10,1994-11-15,COLLECT COD,TRUCK,ly. carefully express 
27042-4,27042,725,22,4,24.00,39017.28,0.02,0.03,A,F,1994-10-12,1994-11-23,1994-11-08,TAKE BACK RETURN,REG AIR,the carefully bold pinto beans 
27042-5,27042,1041,42,5,15.00,14130.60,0.06,0.02,A,F,1994-10-04,1994-12-05,1994-10-15,DELIVER IN PERSON,MAIL,ly even requests sleep along the special re
27043-1,27043,1419,20,1,26.00,34330.66,0.05,0.05,N,O,1998-01-03,1997-11-30,1998-02-02,NONE,REG AIR, ironic instructions nag slyly ironi
27043-2,27043,959,62,2,15.00,27899.25,0.06,0.01,N,O,1997-10-29,1997-12-10,1997-11-08,DELIVER IN PERSON,REG AIR,hrough the theodolites. quickly 
27043-3,27043,1415,33,3,19.00,25011.79,0.00,0.03,N,O,1997-11-05,1997-11-17,1997-11-15,COLLECT COD,TRUCK,"olites poach furiously about the express, "
27043-4,27043,1519,40,4,5.00,7102.55,0.03,0.00,N,O,1997-10-17,1997-11-17,1997-10-18,TAKE BACK RETURN,MAIL,g to the blit
27043-5,27043,1534,15,5,50.00,71776.50,0.01,0.05,N,O,1997-10-06,1997-12-06,1997-10-21,DELIVER IN PERSON,RAIL,ly pending accounts. carefully 
27043-6,27043,1672,14,6,14.00,22031.38,0.06,0.05,N,O,1997-10-27,1997-11-09,1997-11-22,NONE,AIR,detect carefully even dependenc
27044-1,27044,851,85,1,47.00,82336.95,0.10,0.06,N,O,1997-06-18,1997-06-12,1997-07-11,COLLECT COD,MAIL,r the fluffily fi
27044-2,27044,40,91,2,46.00,43241.84,0.09,0.06,N,O,1997-04-01,1997-04-14,1997-04-29,DELIVER IN PERSON,TRUCK,ide of the quietly regular instructions.
27044-3,27044,1067,68,3,1.00,968.06,0.03,0.04,N,O,1997-05-31,1997-05-29,1997-06-15,NONE,REG AIR,sits. accounts unwind quickly along the 
27044-4,27044,1093,29,4,26.00,25846.34,0.01,0.04,N,O,1997-05-16,1997-04-28,1997-05-29,TAKE BACK RETURN,MAIL,ts sleep slyly among the close ide
27044-5,27044,1164,65,5,2.00,2130.32,0.03,0.03,N,O,1997-05-03,1997-05-25,1997-06-02,NONE,REG AIR,ickly unusual r
27044-6,27044,1770,97,6,19.00,31763.63,0.03,0.00,N,O,1997-05-16,1997-05-09,1997-05-27,NONE,TRUCK,kages wake pending requests. blithely
27044-7,27044,212,94,7,21.00,23356.41,0.01,0.03,N,O,1997-04-03,1997-04-27,1997-04-05,DELIVER IN PERSON,REG AIR,ular patterns are about the 
27045-1,27045,1357,72,1,32.00,40267.20,0.05,0.05,A,F,1992-03-03,1992-05-01,1992-03-11,TAKE BACK RETURN,REG AIR,olites after the slyly regu
27045-2,27045,1662,63,2,23.00,35964.18,0.02,0.01,R,F,1992-06-21,1992-04-29,1992-07-17,TAKE BACK RETURN,TRUCK,deposits. final platele
27045-3,27045,455,43,3,37.00,50151.65,0.10,0.03,R,F,1992-06-11,1992-04-28,1992-07-09,TAKE BACK RETURN,REG AIR,ggle furiously slowly sly accounts. regu
27045-4,27045,1342,57,4,18.00,22380.12,0.05,0.01,R,F,1992-04-07,1992-05-10,1992-04-10,TAKE BACK RETURN,MAIL,ronic asymptotes promise slyly at the
27045-5,27045,1335,74,5,43.00,53162.19,0.00,0.01,A,F,1992-06-10,1992-05-29,1992-07-08,COLLECT COD,SHIP,ironic requests cajole above the final
27046-1,27046,828,62,1,41.00,70881.62,0.03,0.01,N,O,1998-02-04,1998-01-18,1998-03-04,NONE,TRUCK, carefully final ideas.
27047-1,27047,1674,75,1,40.00,63026.80,0.10,0.06,A,F,1994-01-26,1994-01-02,1994-01-27,NONE,TRUCK,boost blithely express r
27047-2,27047,175,76,2,46.00,49457.82,0.01,0.02,R,F,1993-12-24,1994-02-09,1993-12-26,DELIVER IN PERSON,RAIL,nusual requests. asymptotes 
27047-3,27047,325,26,3,35.00,42886.20,0.07,0.02,A,F,1994-02-21,1994-02-20,1994-03-19,NONE,MAIL, detect carefully bold pinto b
27047-4,27047,696,59,4,6.00,9580.14,0.07,0.02,R,F,1993-12-10,1994-02-02,1993-12-14,NONE,SHIP,"g, special accounts"
27047-5,27047,1014,85,5,17.00,15555.17,0.03,0.06,A,F,1993-12-04,1994-01-27,1993-12-08,NONE,MAIL,carefully express reques
27072-1,27072,1046,52,1,33.00,31252.32,0.00,0.06,R,F,1993-07-20,1993-08-28,1993-07-29,TAKE BACK RETURN,MAIL,sts. fluffily pending
27073-1,27073,1497,76,1,30.00,41954.70,0.09,0.06,N,O,1995-07-29,1995-05-26,1995-08-02,NONE,SHIP,efully ironic theodolites sleep slyly 
27074-1,27074,695,96,1,21.00,33509.49,0.06,0.06,N,O,1997-10-16,1997-09-09,1997-10-24,COLLECT COD,FOB,al multipliers are blithely even packages. 
27074-2,27074,1774,1,2,4.00,6703.08,0.08,0.06,N,O,1997-08-08,1997-10-05,1997-08-27,NONE,REG AIR,aphs. slyly pending theodolit
27074-3,27074,554,85,3,34.00,49454.70,0.05,0.04,N,O,1997-07-19,1997-08-21,1997-07-29,DELIVER IN PERSON,MAIL,"nts after the even, special requests slee"
27074-4,27074,363,48,4,40.00,50534.40,0.10,0.03,N,O,1997-09-25,1997-08-19,1997-10-16,NONE,AIR,the carefully pend
27075-1,27075,603,66,1,30.00,45108.00,0.09,0.04,N,O,1998-08-22,1998-07-05,1998-09-09,DELIVER IN PERSON,SHIP,ng pinto beans. final
27075-2,27075,658,59,2,17.00,26497.05,0.10,0.05,N,O,1998-08-04,1998-08-20,1998-08-19,TAKE BACK RETURN,REG AIR,ng foxes. quickly speci
27075-3,27075,819,53,3,6.00,10318.86,0.10,0.07,N,O,1998-06-15,1998-08-24,1998-06-23,COLLECT COD,TRUCK,"jole slyly theodolites. silent, un"
27075-4,27075,376,33,4,35.00,44672.95,0.04,0.00,N,O,1998-08-16,1998-07-23,1998-09-09,TAKE BACK RETURN,RAIL,"cial, pending deposits cajole carefully. "
27076-1,27076,1255,93,1,12.00,13875.00,0.09,0.02,R,F,1992-05-21,1992-05-27,1992-05-22,TAKE BACK RETURN,SHIP, waters. bold tithes wake. ideas sleep. sl
27076-2,27076,338,23,2,12.00,14859.96,0.01,0.03,A,F,1992-05-14,1992-06-07,1992-06-05,NONE,AIR, blithely about the
27076-3,27076,878,79,3,3.00,5336.61,0.04,0.04,A,F,1992-04-13,1992-06-06,1992-05-13,TAKE BACK RETURN,AIR,ccounts. slyly ironic packag
27076-4,27076,1633,16,4,28.00,42969.64,0.00,0.07,A,F,1992-03-24,1992-04-27,1992-04-08,DELIVER IN PERSON,FOB,osits. ironically quick asymptotes wake sly
27076-5,27076,417,47,5,45.00,59283.45,0.03,0.06,R,F,1992-07-01,1992-05-28,1992-07-13,TAKE BACK RETURN,RAIL,ld packages use fu
27077-1,27077,1634,58,1,26.00,39926.38,0.01,0.01,A,F,1993-04-10,1993-04-15,1993-05-05,TAKE BACK RETURN,TRUCK,ges. furiously 
27077-2,27077,703,68,2,24.00,38488.80,0.10,0.06,R,F,1993-03-27,1993-04-17,1993-03-30,COLLECT COD,SHIP,fully ironic foxes snooze fluffily spec
27077-3,27077,1617,18,3,41.00,62263.01,0.06,0.02,A,F,1993-06-25,1993-05-15,1993-07-25,COLLECT COD,TRUCK,counts. asym
27077-4,27077,685,86,4,15.00,23785.20,0.09,0.00,R,F,1993-04-26,1993-06-04,1993-05-08,COLLECT COD,RAIL,es across the blithely
27077-5,27077,1818,19,5,20.00,34396.20,0.10,0.01,R,F,1993-04-15,1993-05-26,1993-05-05,TAKE BACK RETURN,RAIL, the ironic packages. blithely re
27078-1,27078,1984,85,1,27.00,50921.46,0.08,0.03,A,F,1992-08-30,1992-09-18,1992-09-23,NONE,SHIP,counts play blit
27079-1,27079,1656,80,1,27.00,42056.55,0.02,0.00,A,F,1994-05-21,1994-06-04,1994-05-23,TAKE BACK RETURN,TRUCK,ies detect furiously-- carefully
27104-1,27104,1605,47,1,44.00,66290.40,0.03,0.03,A,F,1993-11-10,1993-11-10,1993-12-03,TAKE BACK RETURN,FOB,ve slyly slyl
27104-2,27104,798,99,2,1.00,1698.79,0.03,0.03,A,F,1993-11-19,1993-09-28,1993-12-04,NONE,MAIL,"s wake bold, unusual accounts. furi"
27104-3,27104,1006,7,3,27.00,24489.00,0.09,0.08,A,F,1993-12-02,1993-10-06,1993-12-14,DELIVER IN PERSON,RAIL,special accounts. pinto be
27104-4,27104,128,29,4,19.00,19534.28,0.05,0.01,R,F,1993-09-17,1993-11-16,1993-09-18,COLLECT COD,SHIP,fully. furiously ironic packages thrash. q
27104-5,27104,544,45,5,32.00,46225.28,0.00,0.02,R,F,1993-09-06,1993-10-31,1993-09-22,NONE,FOB,iments integrate across the blithely ironi
27105-1,27105,1780,7,1,2.00,3363.56,0.10,0.07,A,F,1995-03-06,1995-04-03,1995-03-23,DELIVER IN PERSON,SHIP,xcuses hinde
27105-2,27105,1410,89,2,16.00,20982.56,0.06,0.05,R,F,1995-04-11,1995-04-12,1995-04-23,COLLECT COD,TRUCK,ronic pack
27105-3,27105,1848,49,3,48.00,83992.32,0.03,0.06,A,F,1995-02-27,1995-04-26,1995-03-01,TAKE BACK RETURN,REG AIR,ructions wil
27106-1,27106,522,13,1,8.00,11380.16,0.09,0.06,N,O,1996-02-05,1996-01-05,1996-02-07,DELIVER IN PERSON,RAIL,equests across the blithely expre
27106-2,27106,66,67,2,28.00,27049.68,0.05,0.02,N,O,1996-02-09,1996-02-04,1996-03-06,NONE,RAIL," unusual, special package"
27106-3,27106,298,80,3,15.00,17974.35,0.04,0.08,N,O,1996-03-11,1996-02-10,1996-03-13,DELIVER IN PERSON,AIR,lets across the furiously final de
27106-4,27106,1983,28,4,31.00,58434.38,0.02,0.00,N,O,1996-01-07,1996-02-20,1996-01-15,COLLECT COD,REG AIR, even foxes dazzle above the bli
27106-5,27106,1840,84,5,7.00,12192.88,0.01,0.02,N,O,1996-02-16,1996-01-05,1996-03-15,COLLECT COD,MAIL,affix-- excuse
27106-6,27106,873,73,6,12.00,21286.44,0.02,0.02,N,O,1995-12-04,1996-01-20,1995-12-29,DELIVER IN PERSON,REG AIR, requests use carefully. furiously expr
27107-1,27107,1634,35,1,31.00,47604.53,0.02,0.06,R,F,1993-10-15,1993-08-27,1993-11-09,TAKE BACK RETURN,RAIL,"y regular, special re"
27107-2,27107,288,70,2,21.00,24953.88,0.01,0.01,R,F,1993-08-13,1993-09-11,1993-09-04,DELIVER IN PERSON,SHIP,as detect furiously against the pending ide
27107-3,27107,1607,31,3,41.00,61852.60,0.01,0.07,A,F,1993-10-28,1993-09-09,1993-11-19,DELIVER IN PERSON,FOB,along the furiously br
27107-4,27107,1079,50,4,2.00,1960.14,0.08,0.06,R,F,1993-09-21,1993-09-08,1993-10-18,COLLECT COD,SHIP,nts nag fluffily carefully final
27108-1,27108,1736,79,1,40.00,65509.20,0.02,0.00,N,O,1996-06-12,1996-05-18,1996-06-17,TAKE BACK RETURN,AIR,s packages. i
27108-2,27108,976,45,2,11.00,20646.67,0.08,0.07,N,O,1996-07-28,1996-06-19,1996-08-12,NONE,RAIL,nding dependencies hag
27108-3,27108,1152,53,3,21.00,22116.15,0.01,0.06,N,O,1996-04-29,1996-07-03,1996-05-01,NONE,AIR,regular ac
27108-4,27108,1235,73,4,29.00,32950.67,0.00,0.00,N,O,1996-05-22,1996-06-05,1996-05-24,DELIVER IN PERSON,MAIL, express theodolites. special re
27108-5,27108,1336,75,5,14.00,17322.62,0.04,0.00,N,O,1996-05-20,1996-07-14,1996-05-24,COLLECT COD,MAIL," final asymptotes? final, regular in"
27108-6,27108,513,4,6,28.00,39578.28,0.02,0.03,N,O,1996-05-18,1996-07-13,1996-06-09,DELIVER IN PERSON,TRUCK,ar packages. quickly r
27109-1,27109,650,44,1,20.00,31013.00,0.02,0.06,R,F,1992-05-27,1992-03-30,1992-06-05,COLLECT COD,REG AIR, deposits wake furiously blithe
27109-2,27109,1902,35,2,21.00,37881.90,0.07,0.08,A,F,1992-02-13,1992-03-19,1992-02-23,DELIVER IN PERSON,AIR,"excuses. ironic, final theodolites"
27109-3,27109,1749,76,3,7.00,11555.18,0.03,0.07,A,F,1992-05-17,1992-03-27,1992-06-11,COLLECT COD,REG AIR,". even, regular requests na"
27110-1,27110,1871,72,1,40.00,70914.80,0.03,0.05,N,O,1996-08-08,1996-06-24,1996-09-02,COLLECT COD,RAIL,"lar, regular accounts. unusual in"
27110-2,27110,1930,75,2,9.00,16487.37,0.08,0.01,N,O,1996-06-17,1996-05-18,1996-07-11,NONE,REG AIR,according to the carefully regular requests
27110-3,27110,800,65,3,21.00,35716.80,0.00,0.04,N,O,1996-04-17,1996-07-03,1996-05-03,NONE,FOB,ickly. furiously express theodo
27111-1,27111,974,77,1,23.00,43124.31,0.00,0.02,A,F,1994-05-03,1994-04-29,1994-05-25,NONE,REG AIR,ironic asy
27111-2,27111,763,64,2,48.00,79860.48,0.02,0.04,R,F,1994-06-03,1994-06-05,1994-06-05,COLLECT COD,MAIL,ully blithely dogged requ
27111-3,27111,774,75,3,24.00,40194.48,0.10,0.02,A,F,1994-07-01,1994-05-24,1994-07-20,TAKE BACK RETURN,SHIP, express reques
27136-1,27136,636,68,1,7.00,10756.41,0.07,0.03,N,O,1998-06-13,1998-06-17,1998-07-07,NONE,SHIP, are slyly pending deposits. carefully
27136-2,27136,532,23,2,28.00,40110.84,0.01,0.06,N,O,1998-05-18,1998-05-26,1998-05-31,DELIVER IN PERSON,AIR,slyly about the always express ideas! s
27136-3,27136,476,6,3,29.00,39917.63,0.04,0.06,N,O,1998-05-27,1998-06-14,1998-06-08,COLLECT COD,REG AIR,s. carefully special 
27136-4,27136,1165,2,4,3.00,3198.48,0.00,0.04,N,O,1998-06-01,1998-07-03,1998-06-02,TAKE BACK RETURN,SHIP,s haggle after the quickly bold pint
27136-5,27136,711,44,5,12.00,19340.52,0.03,0.02,N,O,1998-05-12,1998-07-10,1998-06-11,NONE,TRUCK,e slyly packages.
27136-6,27136,214,42,6,45.00,50139.45,0.06,0.07,N,O,1998-05-11,1998-06-11,1998-05-25,NONE,REG AIR, furiously
27136-7,27136,535,36,7,43.00,61727.79,0.05,0.04,N,O,1998-07-05,1998-06-10,1998-07-20,DELIVER IN PERSON,TRUCK,s wake among the fluffily re
27137-1,27137,1177,50,1,33.00,35579.61,0.01,0.08,R,F,1992-02-10,1992-02-11,1992-02-28,DELIVER IN PERSON,TRUCK,s. slyly even dolphins lose. even theo
27137-2,27137,986,87,2,36.00,67931.28,0.02,0.00,A,F,1992-04-30,1992-02-28,1992-05-04,NONE,REG AIR,y final accounts sleep above 
27137-3,27137,1673,56,3,24.00,37792.08,0.06,0.03,R,F,1992-01-04,1992-02-18,1992-01-22,DELIVER IN PERSON,RAIL, wake abov
27137-4,27137,829,30,4,38.00,65733.16,0.07,0.02,A,F,1992-01-23,1992-02-02,1992-01-28,COLLECT COD,FOB,e carefully carefully regular asymptotes
27137-5,27137,590,51,5,37.00,55151.83,0.03,0.03,A,F,1992-01-06,1992-02-24,1992-01-13,DELIVER IN PERSON,MAIL,olites will haggle 
27138-1,27138,537,98,1,23.00,33063.19,0.03,0.04,R,F,1992-07-03,1992-07-06,1992-07-04,DELIVER IN PERSON,MAIL, unwind quickly express theodolites. slyly 
27138-2,27138,1620,21,2,16.00,24345.92,0.05,0.00,R,F,1992-09-24,1992-08-12,1992-09-26,COLLECT COD,SHIP,tions haggle. silent instru
27138-3,27138,1222,97,3,23.00,25834.06,0.00,0.01,A,F,1992-09-14,1992-08-18,1992-10-03,COLLECT COD,REG AIR, furious hockey players wak
27138-4,27138,1760,3,4,28.00,46529.28,0.07,0.07,A,F,1992-08-13,1992-08-05,1992-08-28,NONE,MAIL,ly regular theodolites could 
27138-5,27138,684,78,5,32.00,50709.76,0.06,0.03,A,F,1992-06-22,1992-08-07,1992-06-29,DELIVER IN PERSON,SHIP,sly pending package
27138-6,27138,1544,25,6,4.00,5782.16,0.10,0.04,R,F,1992-08-12,1992-08-16,1992-09-03,COLLECT COD,FOB, packages. quickly even ideas
27139-1,27139,1610,52,1,7.00,10581.27,0.03,0.07,A,F,1994-11-22,1995-01-11,1994-12-02,NONE,REG AIR,platelets use carefully idly iro
27139-2,27139,486,87,2,19.00,26343.12,0.05,0.03,R,F,1995-01-03,1994-12-07,1995-01-29,COLLECT COD,RAIL,sts cajole carefully about the
27139-3,27139,1462,41,3,47.00,64082.62,0.10,0.07,R,F,1994-12-19,1994-12-30,1995-01-08,DELIVER IN PERSON,REG AIR,deas. furious
27140-1,27140,47,98,1,9.00,8523.36,0.08,0.08,N,O,1997-08-07,1997-07-05,1997-09-06,NONE,RAIL,"y ironic requests. final, final dependencie"
27140-2,27140,1949,82,2,16.00,29615.04,0.03,0.08,N,O,1997-09-22,1997-08-12,1997-10-15,DELIVER IN PERSON,REG AIR, across the deposits.
27140-3,27140,513,14,3,30.00,42405.30,0.10,0.02,N,O,1997-07-17,1997-08-16,1997-07-22,NONE,FOB,furiously r
27140-4,27140,1248,23,4,37.00,42521.88,0.09,0.07,N,O,1997-07-18,1997-06-29,1997-07-28,DELIVER IN PERSON,MAIL, the permanent packages th
27140-5,27140,309,38,5,2.00,2418.60,0.09,0.03,N,O,1997-08-14,1997-07-15,1997-08-15,DELIVER IN PERSON,RAIL, special dugouts use slyly fina
27141-1,27141,116,43,1,40.00,40644.40,0.09,0.02,R,F,1993-05-19,1993-03-29,1993-05-28,TAKE BACK RETURN,REG AIR," deposits doubt furiously ironic, ironic "
27141-2,27141,632,64,2,32.00,49044.16,0.05,0.03,R,F,1993-03-16,1993-04-17,1993-03-27,NONE,REG AIR,"ainst the regular, regular ac"
27141-3,27141,634,35,3,24.00,36831.12,0.02,0.06,R,F,1993-02-14,1993-05-02,1993-02-21,DELIVER IN PERSON,REG AIR,y even packages hang carefully
27142-1,27142,1802,89,1,1.00,1703.80,0.03,0.02,R,F,1992-08-24,1992-08-04,1992-09-13,DELIVER IN PERSON,FOB,"en, unusual plate"
27142-2,27142,399,100,2,24.00,31185.36,0.04,0.04,R,F,1992-06-20,1992-06-21,1992-06-22,COLLECT COD,TRUCK,unusual packages run 
27142-3,27142,1331,32,3,46.00,56687.18,0.06,0.06,A,F,1992-07-09,1992-07-12,1992-07-30,COLLECT COD,AIR,riously ironic fo
27142-4,27142,414,44,4,37.00,48633.17,0.02,0.01,R,F,1992-06-23,1992-07-30,1992-07-07,COLLECT COD,FOB, carefully ironic 
27143-1,27143,982,17,1,16.00,30127.68,0.04,0.04,N,O,1997-09-22,1997-11-23,1997-10-15,NONE,REG AIR,s platelets are carefully about the 
27143-2,27143,483,84,2,41.00,56722.68,0.03,0.02,N,O,1997-11-24,1997-10-18,1997-12-04,TAKE BACK RETURN,FOB,about the slyly regular pack
27143-3,27143,186,65,3,11.00,11947.98,0.09,0.04,N,O,1997-10-30,1997-10-27,1997-11-03,COLLECT COD,AIR,ar sheaves.
27143-4,27143,271,26,4,34.00,39823.18,0.02,0.08,N,O,1997-09-14,1997-12-05,1997-10-08,NONE,FOB,quickly ironic requests! f
27143-5,27143,1597,18,5,25.00,37464.75,0.09,0.00,N,O,1997-10-18,1997-11-21,1997-10-19,TAKE BACK RETURN,AIR,quests after the bl
27168-1,27168,320,77,1,37.00,45151.84,0.10,0.05,R,F,1994-12-13,1994-12-11,1994-12-26,NONE,FOB,", even patterns. slyly final instructions"
27168-2,27168,1595,96,2,4.00,5986.36,0.00,0.00,R,F,1995-01-28,1995-01-21,1995-02-03,NONE,SHIP,ular pinto beans. 
27168-3,27168,34,10,3,8.00,7472.24,0.03,0.03,A,F,1995-02-04,1995-01-23,1995-02-28,TAKE BACK RETURN,TRUCK,ven requests. requests cajole. fluf
27168-4,27168,1487,88,4,47.00,65258.56,0.05,0.08,R,F,1995-01-16,1994-12-03,1995-01-26,NONE,SHIP,bove the blithely pendin
27168-5,27168,1256,68,5,1.00,1157.25,0.08,0.01,R,F,1994-11-04,1994-12-19,1994-11-05,TAKE BACK RETURN,REG AIR, slyly along the b
27168-6,27168,786,87,6,9.00,15181.02,0.07,0.08,A,F,1994-12-13,1994-11-29,1994-12-20,NONE,FOB,furiously final foxes hagg
27169-1,27169,1045,51,1,17.00,16082.68,0.05,0.02,N,O,1995-11-09,1995-11-03,1995-12-03,NONE,REG AIR,ular courts sleep blithely a
27169-2,27169,1338,39,2,25.00,30983.25,0.04,0.08,N,O,1995-09-21,1995-11-15,1995-10-19,COLLECT COD,TRUCK,ts cajole quickly blithely f
27169-3,27169,1827,28,3,30.00,51864.60,0.08,0.01,N,O,1995-09-16,1995-10-15,1995-10-15,NONE,MAIL, beans are furiously al
27169-4,27169,1579,80,4,9.00,13325.13,0.00,0.05,N,O,1995-11-10,1995-11-14,1995-12-10,COLLECT COD,MAIL,onic deposits integrat
27170-1,27170,100,1,1,42.00,42004.20,0.09,0.00,N,O,1998-10-04,1998-08-22,1998-10-20,COLLECT COD,REG AIR,sly final packages thrash quickly 
27170-2,27170,1859,3,2,23.00,40499.55,0.01,0.05,N,O,1998-07-13,1998-08-28,1998-08-12,TAKE BACK RETURN,FOB, slyly special courts s
27170-3,27170,804,38,3,2.00,3409.60,0.02,0.07,N,O,1998-09-02,1998-07-28,1998-09-14,NONE,FOB,es wake quickly furiously fina
27170-4,27170,793,58,4,19.00,32182.01,0.00,0.06,N,O,1998-09-03,1998-07-28,1998-09-04,COLLECT COD,REG AIR,"ing requests sleep carefully. silent, regul"
27170-5,27170,1301,2,5,25.00,30057.50,0.00,0.03,N,O,1998-08-20,1998-09-07,1998-09-02,COLLECT COD,REG AIR,"ross the special, pending pearls! quickl"
27170-6,27170,679,73,6,11.00,17376.37,0.00,0.00,N,O,1998-07-21,1998-08-13,1998-08-12,NONE,SHIP,ajole around
27171-1,27171,1102,39,1,22.00,22068.20,0.03,0.02,A,F,1992-03-04,1992-05-16,1992-03-31,DELIVER IN PERSON,MAIL, asymptotes across the even
27171-2,27171,1563,84,2,31.00,45401.36,0.03,0.00,A,F,1992-04-10,1992-04-07,1992-04-18,NONE,FOB,ely against the even pack
27171-3,27171,1341,42,3,42.00,52178.28,0.09,0.03,A,F,1992-03-27,1992-05-07,1992-04-01,TAKE BACK RETURN,MAIL,ts: slyly pending accounts haggle quickl
27171-4,27171,1599,80,4,10.00,15005.90,0.05,0.01,R,F,1992-03-20,1992-03-28,1992-04-14,NONE,FOB,elieve slyl
27171-5,27171,1604,87,5,43.00,64740.80,0.09,0.06,R,F,1992-05-17,1992-03-31,1992-05-26,TAKE BACK RETURN,REG AIR,ully slow instructions 
27172-1,27172,979,82,1,27.00,50759.19,0.08,0.01,N,O,1996-04-24,1996-05-02,1996-05-03,NONE,RAIL,y even pinto beans.
27173-1,27173,230,31,1,6.00,6781.38,0.06,0.06,A,F,1995-02-17,1995-01-10,1995-03-03,COLLECT COD,MAIL,ag enticingly. furiously ironic accou
27174-1,27174,1987,88,1,31.00,58558.38,0.05,0.00,N,O,1996-02-05,1995-12-19,1996-02-07,TAKE BACK RETURN,AIR,y ironic frays. packages promis
27174-2,27174,1239,77,2,16.00,18243.68,0.03,0.06,N,O,1995-10-19,1996-01-02,1995-10-28,NONE,TRUCK,refully ex
27174-3,27174,1971,72,3,11.00,20602.67,0.07,0.06,N,O,1995-12-04,1996-01-04,1995-12-10,NONE,REG AIR,ly. realms mold. carefully ironic the
27174-4,27174,548,39,4,30.00,43456.20,0.06,0.00,N,O,1995-12-09,1995-12-13,1995-12-14,NONE,SHIP,pending pinto beans ar
27175-1,27175,374,59,1,22.00,28036.14,0.10,0.04,A,F,1993-09-18,1993-11-09,1993-10-14,DELIVER IN PERSON,AIR,hless patterns above the carefully even ac
27175-2,27175,1604,46,2,33.00,49684.80,0.08,0.04,R,F,1993-11-22,1993-10-29,1993-12-18,NONE,MAIL,ost carefu
27200-1,27200,1527,48,1,38.00,54283.76,0.02,0.07,N,O,1995-09-06,1995-11-08,1995-09-23,TAKE BACK RETURN,MAIL, are. fluffily ironic depend
27200-2,27200,1272,73,2,10.00,11732.70,0.05,0.05,N,O,1995-10-19,1995-11-09,1995-10-21,NONE,REG AIR,. thinly regular 
27200-3,27200,1757,84,3,11.00,18246.25,0.08,0.04,N,O,1995-12-05,1995-10-25,1995-12-26,TAKE BACK RETURN,MAIL,ts about the furiously reg
27200-4,27200,135,88,4,35.00,36229.55,0.00,0.08,N,O,1995-10-20,1995-11-06,1995-11-09,TAKE BACK RETURN,SHIP,ut the carefully ironic accounts. fi
27200-5,27200,276,4,5,43.00,50579.61,0.07,0.02,N,O,1995-08-29,1995-10-14,1995-09-04,NONE,FOB,e silently furio
27201-1,27201,1492,93,1,50.00,69674.50,0.03,0.01,A,F,1992-09-17,1992-09-18,1992-09-24,TAKE BACK RETURN,MAIL,among the furiously express pack
27201-2,27201,853,20,2,23.00,40338.55,0.00,0.03,A,F,1992-09-09,1992-10-23,1992-09-19,NONE,RAIL,ly bold pla
27201-3,27201,234,89,3,49.00,55577.27,0.02,0.00,A,F,1992-09-25,1992-08-26,1992-10-13,TAKE BACK RETURN,FOB,hall have to use slyly at the final as
27201-4,27201,1315,92,4,6.00,7297.86,0.03,0.03,R,F,1992-10-19,1992-10-23,1992-11-18,COLLECT COD,MAIL,"unusual, bold dependencies thrash s"
27201-5,27201,53,29,5,9.00,8577.45,0.00,0.06,R,F,1992-11-14,1992-08-25,1992-11-25,DELIVER IN PERSON,RAIL,le furiously against the slyly thin platel
27201-6,27201,929,30,6,7.00,12809.44,0.08,0.05,R,F,1992-10-08,1992-09-15,1992-10-14,COLLECT COD,MAIL,ironic pinto beans cajole. q
27202-1,27202,1444,23,1,23.00,30945.12,0.04,0.07,N,O,1996-07-11,1996-07-13,1996-08-09,NONE,REG AIR,"l, unusual "
27203-1,27203,1839,26,1,42.00,73114.86,0.10,0.08,N,O,1996-03-15,1996-03-01,1996-03-18,DELIVER IN PERSON,AIR,efully along the accounts; furi
27203-2,27203,1182,19,2,41.00,44410.38,0.02,0.03,N,O,1996-02-28,1996-03-11,1996-02-29,DELIVER IN PERSON,MAIL,ions. final accounts hagg
27203-3,27203,911,14,3,38.00,68852.58,0.10,0.07,N,O,1996-02-04,1996-04-19,1996-02-18,TAKE BACK RETURN,TRUCK,en theodolites wa
27203-4,27203,1683,66,4,36.00,57048.48,0.03,0.01,N,O,1996-01-31,1996-04-06,1996-02-23,TAKE BACK RETURN,REG AIR,ly along the blit
27203-5,27203,1348,49,5,36.00,44976.24,0.06,0.07,N,O,1996-03-07,1996-03-11,1996-03-18,TAKE BACK RETURN,REG AIR,bold warthogs after the pendin
27203-6,27203,704,1,6,14.00,22465.80,0.01,0.04,N,O,1996-05-04,1996-03-10,1996-05-23,COLLECT COD,TRUCK,ickly even
27203-7,27203,13,14,7,13.00,11869.13,0.04,0.06,N,O,1996-02-17,1996-03-18,1996-03-13,DELIVER IN PERSON,FOB,nts above the foxes use after the
27204-1,27204,1090,26,1,23.00,22795.07,0.03,0.06,N,O,1996-07-27,1996-07-06,1996-08-25,TAKE BACK RETURN,MAIL,accounts. fluffily even pack
27204-2,27204,743,8,2,9.00,14793.66,0.07,0.08,N,O,1996-07-04,1996-07-15,1996-07-15,TAKE BACK RETURN,REG AIR,"counts cajole regular, special reques"
27204-3,27204,1330,45,3,35.00,43096.55,0.09,0.01,N,O,1996-08-02,1996-08-18,1996-08-16,NONE,MAIL,uickly slyl
27204-4,27204,421,22,4,25.00,33035.50,0.07,0.02,N,O,1996-06-17,1996-07-06,1996-06-22,DELIVER IN PERSON,TRUCK,"kages. unusual, ironic theodoli"
27204-5,27204,721,18,5,8.00,12973.76,0.10,0.06,N,O,1996-07-17,1996-08-13,1996-08-03,DELIVER IN PERSON,MAIL,le slyly again
27205-1,27205,515,46,1,19.00,26894.69,0.04,0.02,R,F,1993-08-18,1993-08-11,1993-09-04,DELIVER IN PERSON,MAIL,its. carefully ironic ideas maint
27205-2,27205,876,10,2,47.00,83512.89,0.05,0.03,R,F,1993-08-22,1993-07-28,1993-09-20,COLLECT COD,SHIP,carefully expr
27205-3,27205,784,81,3,19.00,32010.82,0.04,0.02,R,F,1993-08-16,1993-07-14,1993-08-31,TAKE BACK RETURN,FOB,ckly special accou
27205-4,27205,222,77,4,7.00,7855.54,0.02,0.04,R,F,1993-06-14,1993-07-28,1993-07-10,TAKE BACK RETURN,SHIP, packages about the furiousl
27205-5,27205,817,84,5,2.00,3435.62,0.08,0.03,R,F,1993-07-24,1993-07-17,1993-07-25,TAKE BACK RETURN,SHIP,l requests aff
27206-1,27206,52,3,1,34.00,32369.70,0.02,0.00,R,F,1993-05-25,1993-05-27,1993-06-10,COLLECT COD,TRUCK, final deposits. slow pinto 
27206-2,27206,1181,54,2,6.00,6493.08,0.04,0.02,A,F,1993-08-08,1993-06-03,1993-08-15,NONE,REG AIR,etect. furiously special e
27206-3,27206,1099,100,3,46.00,46004.14,0.03,0.01,A,F,1993-06-05,1993-07-04,1993-06-22,DELIVER IN PERSON,RAIL,he slyly final
27206-4,27206,93,19,4,34.00,33765.06,0.09,0.02,A,F,1993-08-17,1993-06-27,1993-08-30,DELIVER IN PERSON,MAIL,lithely regular p
27207-1,27207,636,68,1,26.00,39952.38,0.02,0.08,N,O,1996-12-24,1996-10-07,1997-01-09,COLLECT COD,REG AIR,dly final r
27232-1,27232,1723,24,1,36.00,58489.92,0.01,0.01,A,F,1993-10-06,1993-10-22,1993-10-28,COLLECT COD,SHIP,ng the asymptotes. quickly iron
27232-2,27232,1592,13,2,17.00,25391.03,0.05,0.06,A,F,1993-09-05,1993-09-29,1993-09-21,NONE,AIR,lent accounts! blithely e
27232-3,27232,1587,28,3,10.00,14885.80,0.06,0.00,R,F,1993-10-09,1993-10-07,1993-10-26,COLLECT COD,AIR, blithely bold theodolites wake carefull
27233-1,27233,478,79,1,50.00,68923.50,0.04,0.06,N,O,1996-09-12,1996-08-28,1996-09-19,NONE,RAIL,xes. furiously unusual 
27233-2,27233,1551,92,2,34.00,49386.70,0.08,0.01,N,O,1996-07-25,1996-09-26,1996-08-24,COLLECT COD,RAIL,f the even braids wake fl
27233-3,27233,554,15,3,7.00,10181.85,0.06,0.01,N,O,1996-08-18,1996-09-14,1996-09-09,TAKE BACK RETURN,TRUCK,. quickly bold foxes cajole iron
27233-4,27233,1710,11,4,45.00,72526.95,0.06,0.07,N,O,1996-09-26,1996-09-20,1996-10-10,TAKE BACK RETURN,SHIP,requests. slyly bold accounts s
27233-5,27233,218,73,5,32.00,35782.72,0.09,0.04,N,O,1996-07-02,1996-09-07,1996-07-12,DELIVER IN PERSON,FOB,ts. quickly bold instructions wake
27234-1,27234,1420,38,1,43.00,56821.06,0.08,0.05,N,O,1997-12-24,1997-12-19,1998-01-15,TAKE BACK RETURN,AIR, quickly bo
27234-2,27234,1774,17,2,18.00,30163.86,0.05,0.08,N,O,1998-01-17,1997-11-23,1998-02-16,COLLECT COD,SHIP,y special de
27234-3,27234,1979,12,3,36.00,67714.92,0.01,0.03,N,O,1997-12-14,1997-11-21,1998-01-08,NONE,MAIL,e regular theodolites breach a
27234-4,27234,1277,15,4,17.00,20030.59,0.00,0.08,N,O,1997-11-17,1997-11-28,1997-12-03,NONE,TRUCK, theodolites among the eve
27235-1,27235,1135,72,1,31.00,32120.03,0.10,0.08,R,F,1992-12-02,1992-12-25,1992-12-18,TAKE BACK RETURN,SHIP,furiously special
27235-2,27235,274,56,2,30.00,35228.10,0.06,0.02,A,F,1993-02-10,1993-01-28,1993-02-12,COLLECT COD,TRUCK,the furiously pending ideas cajole bli
27235-3,27235,441,71,3,47.00,63047.68,0.01,0.06,R,F,1993-01-09,1992-12-12,1993-02-02,TAKE BACK RETURN,RAIL,cial theodol
27236-1,27236,559,50,1,22.00,32110.10,0.05,0.02,R,F,1993-04-26,1993-04-07,1993-05-06,TAKE BACK RETURN,FOB,xcuses boost bravely about
27236-2,27236,657,20,2,40.00,62306.00,0.01,0.02,A,F,1993-04-15,1993-05-24,1993-05-13,DELIVER IN PERSON,TRUCK,ding accounts according to the fu
27236-3,27236,654,55,3,37.00,57522.05,0.00,0.00,R,F,1993-04-16,1993-05-31,1993-04-19,NONE,AIR,capades! regular accounts c
27236-4,27236,1300,1,4,36.00,43246.80,0.09,0.05,A,F,1993-04-30,1993-05-20,1993-05-13,NONE,RAIL,ounts. slyly special packages sleep p
27236-5,27236,1155,56,5,41.00,43302.15,0.04,0.00,R,F,1993-04-28,1993-04-22,1993-05-05,NONE,MAIL,ly express packages use a
27236-6,27236,942,43,6,41.00,75560.54,0.04,0.03,A,F,1993-04-07,1993-04-11,1993-04-24,TAKE BACK RETURN,REG AIR,ic instruct
27236-7,27236,50,76,7,37.00,35151.85,0.09,0.08,A,F,1993-03-15,1993-05-16,1993-04-04,COLLECT COD,AIR,ans should cajole c
27237-1,27237,1854,55,1,6.00,10535.10,0.03,0.07,N,O,1996-04-26,1996-05-06,1996-05-08,NONE,RAIL,ckly ironic orbits no
27237-2,27237,69,95,2,22.00,21319.32,0.07,0.03,N,O,1996-06-03,1996-05-06,1996-07-02,TAKE BACK RETURN,REG AIR, beans cajole 
27237-3,27237,717,18,3,16.00,25883.36,0.01,0.05,N,O,1996-05-09,1996-04-12,1996-05-12,COLLECT COD,FOB,s sleep carefully silent instruction
27238-1,27238,339,96,1,41.00,50812.53,0.10,0.00,N,O,1995-08-25,1995-10-21,1995-09-17,TAKE BACK RETURN,AIR,heodolites. accounts wake. blithel
27238-2,27238,1197,98,2,10.00,10981.90,0.05,0.06,N,O,1995-11-20,1995-10-05,1995-12-16,TAKE BACK RETURN,SHIP,ogged accounts use blithely
27238-3,27238,990,59,3,31.00,58620.69,0.10,0.00,N,O,1995-10-08,1995-09-14,1995-10-16,COLLECT COD,TRUCK, accounts. bold excu
27238-4,27238,1892,93,4,48.00,86106.72,0.07,0.00,N,O,1995-09-05,1995-11-11,1995-09-19,COLLECT COD,REG AIR,eposits. blithely ironic deposits a
27239-1,27239,1084,85,1,49.00,48268.92,0.05,0.07,N,O,1998-03-17,1998-03-31,1998-04-06,NONE,AIR,y even accounts. furious
27239-2,27239,428,58,2,19.00,25239.98,0.07,0.03,N,O,1998-04-21,1998-05-02,1998-04-28,COLLECT COD,MAIL,ely even instructions use slyly ac
27239-3,27239,345,2,3,12.00,14944.08,0.05,0.02,N,O,1998-03-17,1998-04-04,1998-03-26,COLLECT COD,TRUCK," sauternes. special foxes haggle. ironic,"
27264-1,27264,1108,17,1,13.00,13118.30,0.05,0.08,N,O,1995-09-16,1995-08-12,1995-09-27,NONE,FOB, requests. accounts
27264-2,27264,1498,99,2,36.00,50381.64,0.09,0.08,N,O,1995-09-07,1995-07-21,1995-09-14,COLLECT COD,REG AIR,ly bold deposits above t
27264-3,27264,1468,8,3,43.00,58886.78,0.02,0.01,N,F,1995-06-17,1995-08-16,1995-06-23,NONE,SHIP,l packages
27264-4,27264,723,56,4,19.00,30850.68,0.03,0.07,A,F,1995-06-14,1995-07-26,1995-06-17,NONE,RAIL,"he ironic, fi"
27265-1,27265,664,58,1,18.00,28163.88,0.07,0.02,A,F,1992-06-14,1992-07-27,1992-07-09,NONE,TRUCK,use among the blithely even ideas. even ex
27265-2,27265,559,20,2,14.00,20433.70,0.06,0.07,A,F,1992-05-14,1992-06-09,1992-05-20,TAKE BACK RETURN,REG AIR,special deposits kindle after the instructi
27265-3,27265,855,55,3,6.00,10535.10,0.02,0.00,R,F,1992-05-28,1992-08-01,1992-06-03,TAKE BACK RETURN,TRUCK,ully even excuses. frays hagg
27265-4,27265,44,70,4,36.00,33985.44,0.06,0.08,A,F,1992-05-23,1992-07-19,1992-05-25,DELIVER IN PERSON,REG AIR, pinto beans
27265-5,27265,341,70,5,1.00,1241.34,0.09,0.05,R,F,1992-05-19,1992-07-11,1992-06-10,DELIVER IN PERSON,FOB,es. accounts sleep furiously. blithely reg
27266-1,27266,418,19,1,28.00,36915.48,0.10,0.06,N,O,1995-12-06,1995-11-20,1995-12-10,COLLECT COD,RAIL, unusual theodolites grow care
27266-2,27266,547,8,2,8.00,11580.32,0.05,0.03,N,O,1995-12-04,1995-11-12,1995-12-31,COLLECT COD,REG AIR,ing deposits. furiously e
27266-3,27266,1428,29,3,31.00,41212.02,0.06,0.06,N,O,1995-10-05,1995-10-09,1995-10-17,DELIVER IN PERSON,FOB, sleep furiously final reques
27266-4,27266,1299,74,4,22.00,26406.38,0.06,0.08,N,O,1995-09-30,1995-10-15,1995-10-06,NONE,REG AIR,ctions use slyly after the blithely
27266-5,27266,1453,32,5,37.00,50114.65,0.07,0.07,N,O,1995-11-28,1995-11-27,1995-12-28,NONE,AIR,ains until the slyly final requests wake s
27266-6,27266,1153,26,6,44.00,46382.60,0.02,0.06,N,O,1995-11-23,1995-10-18,1995-12-10,DELIVER IN PERSON,SHIP,slyly among the quickly un
27266-7,27266,476,64,7,5.00,6882.35,0.08,0.03,N,O,1995-12-05,1995-11-14,1995-12-30,NONE,AIR,. blithely pend
27267-1,27267,1150,87,1,50.00,52557.50,0.06,0.07,N,O,1996-10-25,1996-11-29,1996-11-21,TAKE BACK RETURN,RAIL,r packages. slyly regular 
27267-2,27267,602,3,2,40.00,60104.00,0.03,0.08,N,O,1996-12-18,1996-11-20,1997-01-01,TAKE BACK RETURN,RAIL,nstructions. fluffily even grouches
27267-3,27267,1866,67,3,40.00,70714.40,0.08,0.03,N,O,1996-09-17,1996-10-28,1996-10-15,NONE,REG AIR,uffily. even wa
27267-4,27267,1160,61,4,23.00,24406.68,0.00,0.03,N,O,1996-10-05,1996-11-09,1996-10-20,NONE,RAIL,nto beans above the slyly silent pinto bean
27268-1,27268,521,82,1,40.00,56860.80,0.01,0.02,A,F,1995-01-10,1994-12-30,1995-01-18,DELIVER IN PERSON,SHIP,final packages cajole sly
27268-2,27268,156,9,2,7.00,7393.05,0.09,0.08,R,F,1995-01-08,1995-01-18,1995-01-09,DELIVER IN PERSON,REG AIR,posits-- slyly f
27268-3,27268,447,35,3,2.00,2694.88,0.03,0.02,A,F,1995-02-17,1995-01-19,1995-03-12,TAKE BACK RETURN,AIR,l courts a
27269-1,27269,1529,30,1,20.00,28610.40,0.05,0.04,N,O,1997-07-08,1997-08-24,1997-08-05,DELIVER IN PERSON,FOB,ss packages. deposits detect. reg
27269-2,27269,1400,39,2,48.00,62467.20,0.04,0.04,N,O,1997-07-20,1997-09-17,1997-07-21,DELIVER IN PERSON,RAIL,c platelets sleep blithely car
27269-3,27269,1110,11,3,48.00,48533.28,0.04,0.07,N,O,1997-08-12,1997-08-09,1997-08-17,TAKE BACK RETURN,SHIP,nic instructio
27269-4,27269,202,57,4,16.00,17635.20,0.01,0.01,N,O,1997-08-09,1997-09-03,1997-08-27,NONE,MAIL,requests. furiou
27269-5,27269,1736,79,5,21.00,34392.33,0.05,0.04,N,O,1997-07-04,1997-09-07,1997-07-29,NONE,TRUCK,ly final deposits
27270-1,27270,1811,55,1,32.00,54809.92,0.00,0.07,R,F,1993-06-17,1993-05-10,1993-07-12,DELIVER IN PERSON,FOB,y. closely final d
27270-2,27270,1290,2,2,1.00,1191.29,0.08,0.07,R,F,1993-05-16,1993-04-15,1993-05-25,TAKE BACK RETURN,TRUCK,fluffily unusu
27270-3,27270,669,70,3,26.00,40811.16,0.01,0.07,A,F,1993-07-08,1993-05-11,1993-07-09,NONE,FOB,sual excuses. furiously final
27271-1,27271,1859,46,1,18.00,31695.30,0.02,0.00,N,O,1995-10-09,1995-10-22,1995-10-30,DELIVER IN PERSON,REG AIR,s snooze across the quickly ironic 
27271-2,27271,328,57,2,14.00,17196.48,0.10,0.03,N,O,1995-09-20,1995-10-21,1995-10-15,DELIVER IN PERSON,MAIL,"nto beans are regular, even accoun"
27271-3,27271,259,14,3,33.00,38255.25,0.00,0.07,N,O,1995-12-05,1995-11-16,1995-12-07,NONE,SHIP,ages accordi
27271-4,27271,786,83,4,2.00,3373.56,0.09,0.05,N,O,1995-10-19,1995-10-22,1995-11-09,COLLECT COD,FOB,"arefully about the final, "
27271-5,27271,1533,14,5,2.00,2869.06,0.03,0.02,N,O,1996-01-01,1995-11-14,1996-01-05,DELIVER IN PERSON,SHIP,". final, pending ideas wake bu"
27271-6,27271,521,22,6,29.00,41224.08,0.04,0.06,N,O,1995-10-19,1995-11-17,1995-11-06,COLLECT COD,AIR,"pecial asymptotes. final, final "
27271-7,27271,1761,4,7,44.00,73161.44,0.08,0.07,N,O,1995-12-11,1995-11-04,1995-12-12,COLLECT COD,TRUCK,quickly even 
27296-1,27296,854,21,1,46.00,80723.10,0.05,0.04,N,O,1997-11-20,1997-10-09,1997-12-11,TAKE BACK RETURN,SHIP, unusual frays. slyly regu
27296-2,27296,1381,20,2,30.00,38471.40,0.08,0.06,N,O,1997-11-13,1997-11-14,1997-11-14,COLLECT COD,TRUCK,xes sleep even pinto beans. slyly ironic 
27296-3,27296,162,63,3,26.00,27616.16,0.00,0.00,N,O,1997-11-04,1997-10-17,1997-11-27,DELIVER IN PERSON,REG AIR, bold ideas hang. thinly special pa
27296-4,27296,797,94,4,5.00,8488.95,0.02,0.01,N,O,1997-11-17,1997-09-30,1997-12-09,TAKE BACK RETURN,MAIL, furiously even fox
27296-5,27296,1973,18,5,28.00,52499.16,0.07,0.08,N,O,1997-12-10,1997-11-10,1997-12-30,TAKE BACK RETURN,REG AIR," after the ironic, special "
27296-6,27296,608,71,6,21.00,31680.60,0.02,0.05,N,O,1997-09-30,1997-11-14,1997-10-22,TAKE BACK RETURN,AIR,ounts according to the careful
27297-1,27297,1530,71,1,2.00,2863.06,0.00,0.03,N,O,1997-10-05,1997-08-11,1997-10-21,DELIVER IN PERSON,REG AIR,ilent requests snooze carefully alon
27297-2,27297,1741,84,2,34.00,55853.16,0.03,0.07,N,O,1997-09-23,1997-08-23,1997-09-28,DELIVER IN PERSON,TRUCK,es against the slyly unusual ideas use 
27298-1,27298,1310,87,1,29.00,35127.99,0.05,0.01,N,O,1995-12-21,1995-12-31,1996-01-19,COLLECT COD,SHIP,unts. blithely final deposits
27298-2,27298,508,99,2,4.00,5634.00,0.03,0.06,N,O,1996-03-08,1996-01-28,1996-03-09,NONE,AIR,"ly regular, regular pa"
27298-3,27298,1678,2,3,8.00,12637.36,0.06,0.01,N,O,1996-01-06,1996-01-14,1996-01-13,DELIVER IN PERSON,REG AIR,nstructions kindle furio
27298-4,27298,55,56,4,28.00,26741.40,0.03,0.02,N,O,1996-02-14,1995-12-30,1996-03-02,NONE,SHIP,mong the even requests 
27298-5,27298,782,15,5,7.00,11779.46,0.08,0.00,N,O,1996-03-19,1996-02-17,1996-04-12,COLLECT COD,SHIP,unts detect permane
27299-1,27299,1087,88,1,45.00,44463.60,0.06,0.06,R,F,1992-11-05,1992-09-29,1992-11-25,NONE,RAIL,rious theodolites. furiously
27299-2,27299,1436,15,2,21.00,28086.03,0.09,0.03,A,F,1992-10-21,1992-09-08,1992-10-22,DELIVER IN PERSON,REG AIR,inal pinto beans nag c
27299-3,27299,1851,81,3,15.00,26292.75,0.02,0.01,R,F,1992-09-19,1992-09-25,1992-10-12,COLLECT COD,SHIP,ular instructions. quickly even fox
27299-4,27299,394,95,4,29.00,37537.31,0.10,0.06,A,F,1992-08-16,1992-10-05,1992-09-12,TAKE BACK RETURN,REG AIR,grate quickly across the carefull
27299-5,27299,1251,52,5,9.00,10370.25,0.00,0.06,A,F,1992-10-13,1992-09-21,1992-10-16,COLLECT COD,REG AIR,ffily regular instructi
27299-6,27299,89,40,6,23.00,22748.84,0.07,0.06,A,F,1992-10-11,1992-10-08,1992-11-10,TAKE BACK RETURN,TRUCK,wake slyly. slyly pending pinto beans x-r
27300-1,27300,1059,30,1,31.00,29761.55,0.06,0.02,A,F,1992-10-03,1992-12-11,1992-10-05,COLLECT COD,REG AIR,ously silent ide
27300-2,27300,321,6,2,44.00,53738.08,0.01,0.02,A,F,1992-10-11,1992-11-23,1992-10-13,NONE,SHIP,ar packages. regula
27300-3,27300,512,3,3,19.00,26837.69,0.09,0.05,A,F,1993-01-09,1992-11-15,1993-01-28,TAKE BACK RETURN,REG AIR,silent reques
27300-4,27300,602,34,4,1.00,1502.60,0.09,0.05,R,F,1993-01-13,1992-12-22,1993-01-23,DELIVER IN PERSON,SHIP,ronically among the blithely bold p
27300-5,27300,1466,6,5,34.00,46493.64,0.09,0.04,R,F,1993-01-05,1992-12-14,1993-01-18,TAKE BACK RETURN,MAIL,ons. carefully regular 
27300-6,27300,565,26,6,31.00,45432.36,0.04,0.08,R,F,1993-01-20,1992-12-29,1993-01-26,NONE,REG AIR, quick foxes across the even foxes detect 
27300-7,27300,623,17,7,8.00,12188.96,0.07,0.08,A,F,1992-12-16,1992-12-21,1992-12-24,COLLECT COD,RAIL,ously final 
27301-1,27301,1602,26,1,50.00,75180.00,0.07,0.02,R,F,1993-06-03,1993-07-03,1993-06-22,NONE,FOB,s haggle slyly. slyly ironic theod
27301-2,27301,1364,3,2,21.00,26572.56,0.05,0.00,A,F,1993-06-09,1993-05-23,1993-07-01,NONE,RAIL,inal asymptote
27302-1,27302,684,78,1,7.00,11092.76,0.09,0.05,R,F,1992-11-22,1992-10-18,1992-12-19,TAKE BACK RETURN,AIR,al excuses. quickly final p
27302-2,27302,1450,68,2,45.00,60815.25,0.00,0.00,A,F,1993-01-09,1992-10-27,1993-01-14,COLLECT COD,MAIL,cuses according to the c
27302-3,27302,587,48,3,5.00,7437.90,0.06,0.00,A,F,1992-09-18,1992-11-11,1992-10-09,NONE,FOB," slyly-- even, fi"
27302-4,27302,1369,84,4,7.00,8892.52,0.04,0.00,R,F,1992-09-16,1992-10-22,1992-09-30,TAKE BACK RETURN,FOB,uriously silent deposits. furiously i
27302-5,27302,519,80,5,15.00,21292.65,0.06,0.03,A,F,1992-10-23,1992-11-28,1992-10-28,NONE,RAIL, carefully furiously sp
27302-6,27302,387,72,6,27.00,34759.26,0.10,0.07,A,F,1992-11-16,1992-10-31,1992-11-21,TAKE BACK RETURN,AIR,e through the fluffily ironi
27303-1,27303,1863,93,1,48.00,84713.28,0.10,0.01,R,F,1993-03-31,1993-03-30,1993-04-11,DELIVER IN PERSON,REG AIR,al ideas. slyly express warthogs sublate
27303-2,27303,1596,77,2,28.00,41932.52,0.02,0.08,A,F,1993-04-06,1993-03-31,1993-04-30,TAKE BACK RETURN,MAIL,s dependencies according
27303-3,27303,30,6,3,34.00,31621.02,0.04,0.04,A,F,1993-04-18,1993-02-12,1993-05-18,NONE,MAIL, slyly even inst
27303-4,27303,1471,89,4,8.00,10979.76,0.10,0.06,A,F,1993-03-18,1993-03-27,1993-03-24,TAKE BACK RETURN,REG AIR,ly blithe foxes haggle s
27328-1,27328,1582,63,1,45.00,66761.10,0.05,0.03,N,O,1995-07-08,1995-07-17,1995-07-29,COLLECT COD,REG AIR,usual packages. even excu
27328-2,27328,1501,42,2,38.00,53295.00,0.00,0.07,N,O,1995-08-26,1995-08-07,1995-09-19,DELIVER IN PERSON,AIR,ies boost quickly. blithel
27328-3,27328,967,70,3,28.00,52302.88,0.02,0.02,N,O,1995-10-03,1995-07-10,1995-10-12,TAKE BACK RETURN,REG AIR,ss courts. dinos use furiously un
27328-4,27328,1008,9,4,1.00,909.00,0.00,0.03,N,O,1995-08-18,1995-08-21,1995-09-03,NONE,REG AIR,"e the regular, pending accounts. u"
27328-5,27328,285,40,5,15.00,17779.20,0.01,0.00,N,O,1995-07-25,1995-08-16,1995-08-09,TAKE BACK RETURN,MAIL,. furiously iron
27329-1,27329,1722,7,1,8.00,12989.76,0.02,0.00,R,F,1993-03-14,1993-03-17,1993-04-02,DELIVER IN PERSON,SHIP,egular packages. slyly p
27329-2,27329,615,16,2,40.00,60624.40,0.00,0.02,R,F,1993-03-17,1993-03-02,1993-04-07,COLLECT COD,AIR,"nding, regular requests boost "
27329-3,27329,121,100,3,48.00,49013.76,0.08,0.01,R,F,1993-04-23,1993-02-25,1993-05-01,DELIVER IN PERSON,TRUCK,ter the pinto beans. fluffily regular a
27329-4,27329,286,68,4,11.00,13049.08,0.05,0.00,R,F,1993-01-29,1993-03-20,1993-02-20,NONE,AIR,uffy dinos should are enticingly furiousl
27330-1,27330,1802,32,1,14.00,23853.20,0.10,0.06,R,F,1994-09-30,1994-11-02,1994-10-27,COLLECT COD,FOB,"ites. express, regular instru"
27330-2,27330,738,39,2,4.00,6554.92,0.09,0.08,R,F,1994-12-23,1994-11-17,1995-01-21,COLLECT COD,REG AIR,ilent accounts sleep alongside of the 
27330-3,27330,904,73,3,34.00,61366.60,0.00,0.08,R,F,1994-10-15,1994-11-14,1994-11-01,COLLECT COD,FOB,ending pinto beans. furio
27330-4,27330,773,38,4,41.00,68624.57,0.05,0.03,A,F,1994-11-10,1994-10-29,1994-11-26,NONE,TRUCK, quickly final reques
27330-5,27330,1155,56,5,36.00,38021.40,0.02,0.07,R,F,1994-11-17,1994-12-16,1994-12-06,COLLECT COD,TRUCK,. pending deposits across the qu
27330-6,27330,1800,43,6,40.00,68072.00,0.02,0.04,A,F,1994-12-24,1994-12-04,1995-01-12,TAKE BACK RETURN,FOB, theodolites. foxes dete
27330-7,27330,887,87,7,43.00,76878.84,0.01,0.01,A,F,1994-10-13,1994-11-07,1994-11-07,DELIVER IN PERSON,SHIP,sly final platelets. unusual ac
27331-1,27331,1558,79,1,46.00,67139.30,0.01,0.04,A,F,1994-02-07,1994-03-10,1994-02-23,TAKE BACK RETURN,TRUCK,nal accounts. furiousl
27331-2,27331,544,45,2,47.00,67893.38,0.06,0.08,A,F,1994-05-05,1994-03-04,1994-05-22,DELIVER IN PERSON,REG AIR, final instruc
27331-3,27331,266,48,3,42.00,48982.92,0.04,0.08,A,F,1994-05-20,1994-02-27,1994-06-14,TAKE BACK RETURN,TRUCK,e ironically final de
27332-1,27332,583,84,1,17.00,25220.86,0.03,0.02,N,O,1996-05-25,1996-06-16,1996-06-19,DELIVER IN PERSON,SHIP,atelets. packages are furiou
27333-1,27333,38,39,1,20.00,18760.60,0.03,0.06,A,F,1994-02-20,1994-01-17,1994-03-02,DELIVER IN PERSON,TRUCK,e furiously ironic dolphins-- p
27333-2,27333,1374,51,2,18.00,22956.66,0.10,0.08,R,F,1993-12-04,1994-02-01,1993-12-10,DELIVER IN PERSON,FOB,s. quickly silent theodolites w
27333-3,27333,1080,81,3,39.00,38262.12,0.00,0.03,R,F,1994-03-13,1994-02-15,1994-04-10,DELIVER IN PERSON,FOB,ckages haggle among the e
27333-4,27333,1230,31,4,45.00,50905.35,0.10,0.06,R,F,1993-12-21,1994-01-28,1994-01-10,NONE,FOB, furiously ironic
27333-5,27333,1517,18,5,33.00,46810.83,0.05,0.08,R,F,1993-12-18,1994-02-15,1993-12-29,COLLECT COD,FOB,"l, unusual foxes. bli"
27333-6,27333,1021,27,6,38.00,35036.76,0.02,0.06,A,F,1994-02-20,1994-02-05,1994-02-28,NONE,MAIL,xpress platelet
27334-1,27334,1881,68,1,31.00,55269.28,0.09,0.01,N,O,1996-05-13,1996-03-12,1996-06-04,DELIVER IN PERSON,AIR, theodolites boost. ironic escapa
27334-2,27334,416,75,2,12.00,15796.92,0.05,0.02,N,O,1996-03-18,1996-04-26,1996-04-16,DELIVER IN PERSON,MAIL,ly unusual requests haggl
27334-3,27334,944,79,3,10.00,18449.40,0.04,0.05,N,O,1996-03-22,1996-04-23,1996-03-31,TAKE BACK RETURN,REG AIR,ays express hockey players agains
27334-4,27334,242,97,4,32.00,36551.68,0.00,0.05,N,O,1996-05-16,1996-04-03,1996-05-31,DELIVER IN PERSON,SHIP,"regular, bold "
27334-5,27334,1033,39,5,38.00,35493.14,0.08,0.07,N,O,1996-04-16,1996-03-14,1996-04-30,DELIVER IN PERSON,FOB,"al, express dependencies cajo"
27334-6,27334,1122,23,6,1.00,1023.12,0.09,0.01,N,O,1996-03-03,1996-03-28,1996-03-25,DELIVER IN PERSON,TRUCK,furiously even 
27335-1,27335,165,92,1,38.00,40476.08,0.00,0.00,A,F,1994-01-03,1994-01-28,1994-01-07,COLLECT COD,SHIP,dolphins. special dol
27335-2,27335,20,46,2,9.00,8280.18,0.02,0.08,A,F,1994-01-15,1994-01-29,1994-01-20,COLLECT COD,MAIL,t the regular deposits doubt car
27335-3,27335,1877,64,3,3.00,5336.61,0.07,0.01,A,F,1994-01-28,1994-01-14,1994-02-10,DELIVER IN PERSON,AIR,lly regular instructions: f
27360-1,27360,1421,22,1,38.00,50251.96,0.05,0.08,N,O,1996-09-12,1996-08-18,1996-09-22,TAKE BACK RETURN,AIR,sly special theodolites sleep fu
27360-2,27360,498,57,2,28.00,39157.72,0.09,0.02,N,O,1996-09-27,1996-08-26,1996-10-20,NONE,REG AIR, unusual frays a
27361-1,27361,1600,21,1,22.00,33035.20,0.07,0.07,R,F,1995-04-14,1995-03-08,1995-04-22,COLLECT COD,SHIP,sly slyly even multiplie
27362-1,27362,1932,65,1,29.00,53183.97,0.08,0.05,R,F,1994-02-07,1994-03-22,1994-03-09,COLLECT COD,AIR,eep blithely final ideas. unusual deposit
27363-1,27363,1624,48,1,18.00,27461.16,0.07,0.04,N,O,1995-11-14,1995-12-04,1995-11-20,COLLECT COD,SHIP,"ounts are brave, even foxes. regular depos"
27363-2,27363,1196,33,2,35.00,38401.65,0.07,0.05,N,O,1996-01-31,1996-01-07,1996-02-19,NONE,TRUCK,ly. furiously
27363-3,27363,1763,48,3,2.00,3329.52,0.03,0.05,N,O,1996-02-15,1995-12-09,1996-02-29,COLLECT COD,TRUCK,e excuses boost slyly ironi
27363-4,27363,295,77,4,21.00,25101.09,0.10,0.08,N,O,1996-01-28,1996-01-05,1996-02-08,TAKE BACK RETURN,REG AIR,eep furiously. blithel
27364-1,27364,1514,95,1,50.00,70775.50,0.10,0.07,N,O,1995-08-04,1995-08-08,1995-08-26,NONE,RAIL, requests are carefull
27364-2,27364,434,93,2,50.00,66721.50,0.02,0.05,N,O,1995-08-04,1995-07-13,1995-08-18,COLLECT COD,AIR, accounts nag s
27364-3,27364,1793,36,3,12.00,20337.48,0.10,0.01,N,O,1995-06-20,1995-07-09,1995-07-12,COLLECT COD,MAIL,gular packages wake slyly. carefully 
27364-4,27364,1994,39,4,17.00,32231.83,0.04,0.03,N,O,1995-08-08,1995-08-05,1995-08-23,NONE,SHIP,unts wake sometimes pending r
27364-5,27364,1716,59,5,20.00,32354.20,0.03,0.05,N,O,1995-08-25,1995-07-27,1995-09-03,DELIVER IN PERSON,AIR,nic deposits cajole fluffily 
27364-6,27364,834,68,6,23.00,39901.09,0.02,0.07,N,O,1995-06-30,1995-08-01,1995-07-08,TAKE BACK RETURN,FOB,unts wake carefully agai
27364-7,27364,96,97,7,34.00,33867.06,0.00,0.02,R,F,1995-05-26,1995-07-12,1995-05-29,COLLECT COD,MAIL, theodolites. bold packages along the foxe
27365-1,27365,28,79,1,4.00,3712.08,0.04,0.05,N,O,1997-12-08,1997-09-21,1998-01-03,NONE,SHIP,ial platelets. pending
27365-2,27365,1358,59,2,21.00,26446.35,0.00,0.06,N,O,1997-11-14,1997-09-11,1997-12-14,TAKE BACK RETURN,RAIL,counts detect ironic platelets. bl
27365-3,27365,1895,39,3,18.00,32344.02,0.00,0.00,N,O,1997-09-02,1997-10-07,1997-10-01,COLLECT COD,MAIL,ages boost furiously final requests
27365-4,27365,931,66,4,2.00,3663.86,0.02,0.01,N,O,1997-11-08,1997-10-18,1997-11-18,COLLECT COD,FOB,ironic dependencies alongside
27366-1,27366,224,25,1,29.00,32602.38,0.09,0.07,N,O,1997-09-04,1997-10-27,1997-09-19,COLLECT COD,FOB,ests until the car
27366-2,27366,1902,3,2,20.00,36078.00,0.06,0.04,N,O,1997-09-03,1997-09-10,1997-09-07,DELIVER IN PERSON,FOB,ses are theodolites. regular gifts
27366-3,27366,951,20,3,40.00,74078.00,0.03,0.01,N,O,1997-09-12,1997-09-06,1997-10-10,DELIVER IN PERSON,TRUCK,s. carefully pending theodo
27366-4,27366,147,74,4,26.00,27225.64,0.09,0.06,N,O,1997-11-17,1997-09-06,1997-12-14,TAKE BACK RETURN,FOB,boost quickly according to the pac
27366-5,27366,75,26,5,38.00,37052.66,0.10,0.06,N,O,1997-08-24,1997-10-01,1997-08-25,COLLECT COD,MAIL,ithely. even pinto beans caj
27367-1,27367,1687,70,1,25.00,39717.00,0.00,0.06,N,O,1997-05-22,1997-05-14,1997-06-11,DELIVER IN PERSON,FOB,s across the enticing packages are fu
27367-2,27367,98,49,2,35.00,34933.15,0.07,0.01,N,O,1997-04-29,1997-05-21,1997-05-21,NONE,RAIL,regular theodolites pro
27367-3,27367,493,52,3,35.00,48772.15,0.04,0.05,N,O,1997-04-28,1997-05-28,1997-05-04,NONE,REG AIR,"ronic, ironic accounts. pending, regular"
27367-4,27367,1130,3,4,7.00,7217.91,0.06,0.04,N,O,1997-05-26,1997-04-20,1997-06-16,TAKE BACK RETURN,RAIL,ns cajole quickly r
27367-5,27367,760,57,5,43.00,71412.68,0.10,0.06,N,O,1997-04-27,1997-04-11,1997-04-30,DELIVER IN PERSON,AIR,along the quickly u
27367-6,27367,1468,47,6,14.00,19172.44,0.02,0.01,N,O,1997-06-15,1997-04-26,1997-06-19,DELIVER IN PERSON,TRUCK,. furiously silent requests us
27367-7,27367,13,89,7,21.00,19173.21,0.06,0.04,N,O,1997-04-13,1997-04-15,1997-04-27,COLLECT COD,FOB,across the furious requests. slyl
27392-1,27392,1726,53,1,41.00,66736.52,0.04,0.08,A,F,1992-03-08,1992-04-11,1992-03-17,COLLECT COD,AIR,special braids use blithely bold instr
27392-2,27392,1501,42,2,41.00,57502.50,0.08,0.00,A,F,1992-05-04,1992-04-14,1992-05-14,COLLECT COD,MAIL, accounts. blithely regular asympt
27392-3,27392,835,2,3,37.00,64225.71,0.06,0.05,A,F,1992-04-06,1992-04-17,1992-05-03,DELIVER IN PERSON,REG AIR,lithely reg
27392-4,27392,488,76,4,21.00,29158.08,0.05,0.02,R,F,1992-03-11,1992-04-11,1992-03-24,COLLECT COD,RAIL,", silent theo"
27392-5,27392,1671,95,5,16.00,25162.72,0.00,0.00,A,F,1992-04-05,1992-04-06,1992-04-25,NONE,AIR, final accounts! finally unusual ideas bo
27393-1,27393,1398,13,1,20.00,25987.80,0.01,0.02,N,O,1997-07-26,1997-06-07,1997-08-10,DELIVER IN PERSON,SHIP,yly final pinto beans around the s
27394-1,27394,1894,81,1,42.00,75427.38,0.09,0.07,N,O,1998-05-24,1998-05-15,1998-05-26,TAKE BACK RETURN,FOB,ular accounts acco
27394-2,27394,272,54,2,19.00,22273.13,0.05,0.00,N,O,1998-05-05,1998-05-19,1998-05-26,DELIVER IN PERSON,REG AIR,ns would wake furiously
27394-3,27394,1283,95,3,40.00,47371.20,0.03,0.08,N,O,1998-05-30,1998-04-11,1998-06-17,COLLECT COD,RAIL,pecial dependencies sleep slyly expr
27394-4,27394,1107,16,4,10.00,10081.00,0.08,0.08,N,O,1998-04-02,1998-05-22,1998-04-24,COLLECT COD,MAIL,fter the quickly regular orbits. reg
27394-5,27394,557,18,5,39.00,56844.45,0.04,0.00,N,O,1998-04-20,1998-04-20,1998-05-17,NONE,TRUCK,ages affix slyly through the carefully re
27394-6,27394,547,8,6,30.00,43426.20,0.06,0.03,N,O,1998-05-21,1998-04-07,1998-05-26,TAKE BACK RETURN,TRUCK,egularly final requests
27395-1,27395,1277,52,1,26.00,30635.02,0.07,0.03,N,O,1997-12-13,1997-11-24,1998-01-05,TAKE BACK RETURN,REG AIR,efully against the ironic deposits. t
27396-1,27396,492,22,1,37.00,51522.13,0.08,0.04,R,F,1994-02-26,1994-02-10,1994-03-17,COLLECT COD,SHIP,-- even platelets are furiously a
27396-2,27396,452,82,2,1.00,1352.45,0.08,0.04,A,F,1993-12-14,1994-03-09,1994-01-11,NONE,FOB,kages. furiously eve
27396-3,27396,1160,97,3,43.00,45629.88,0.05,0.05,A,F,1994-02-25,1994-01-26,1994-03-15,NONE,MAIL,nal dependencies 
27396-4,27396,438,39,4,40.00,53537.20,0.00,0.05,R,F,1994-01-13,1994-02-20,1994-01-20,DELIVER IN PERSON,AIR,"lar, pending deposits. furiously ir"
27397-1,27397,1109,82,1,8.00,8080.80,0.06,0.05,N,O,1997-05-02,1997-04-17,1997-05-13,COLLECT COD,SHIP,the furiously speci
27398-1,27398,98,99,1,21.00,20959.89,0.09,0.03,A,F,1992-11-05,1992-12-16,1992-11-23,DELIVER IN PERSON,MAIL,quickly above the ir
27398-2,27398,1397,36,2,14.00,18177.46,0.05,0.08,A,F,1992-10-01,1992-11-19,1992-10-02,COLLECT COD,REG AIR,ven dolphins boost furio
27398-3,27398,1475,93,3,48.00,66070.56,0.05,0.07,R,F,1993-01-04,1992-12-07,1993-01-24,DELIVER IN PERSON,TRUCK,the express foxes! bold packages above
27398-4,27398,1397,12,4,28.00,36354.92,0.07,0.00,A,F,1992-12-07,1992-12-27,1992-12-25,TAKE BACK RETURN,REG AIR,to the furiously final reque
27398-5,27398,36,12,5,28.00,26208.84,0.06,0.03,A,F,1992-12-17,1992-12-10,1992-12-29,NONE,MAIL,e ironic pinto beans wake furiously fina
27399-1,27399,1933,78,1,31.00,56882.83,0.01,0.04,N,O,1997-06-01,1997-05-04,1997-06-02,TAKE BACK RETURN,AIR,its. slyly bold dep
27399-2,27399,1220,21,2,12.00,13454.64,0.06,0.08,N,O,1997-05-15,1997-05-27,1997-05-23,DELIVER IN PERSON,AIR,al accounts wake. slyly daring
27399-3,27399,529,30,3,39.00,55751.28,0.06,0.00,N,O,1997-03-17,1997-05-31,1997-04-04,NONE,MAIL,es. requests sleep furiously along the slyl
27399-4,27399,1787,14,4,21.00,35464.38,0.04,0.04,N,O,1997-04-16,1997-05-10,1997-04-27,TAKE BACK RETURN,SHIP,eposits acr
27399-5,27399,1951,84,5,11.00,20382.45,0.08,0.02,N,O,1997-05-28,1997-04-06,1997-06-24,DELIVER IN PERSON,FOB, quickly about the slyly express asymptotes
27399-6,27399,788,85,6,38.00,64173.64,0.04,0.01,N,O,1997-03-22,1997-04-14,1997-04-21,NONE,MAIL," pains cajole. pending, u"
27399-7,27399,408,9,7,14.00,18317.60,0.00,0.02,N,O,1997-05-18,1997-04-29,1997-05-26,TAKE BACK RETURN,SHIP,s shall eat slyly whithou
27424-1,27424,1362,1,1,33.00,41690.88,0.03,0.08,N,O,1997-04-12,1997-03-16,1997-05-04,TAKE BACK RETURN,REG AIR,tly along the quick d
27424-2,27424,842,76,2,33.00,57513.72,0.09,0.06,N,O,1997-05-04,1997-03-05,1997-05-14,COLLECT COD,SHIP,final accounts doubt s
27424-3,27424,1684,8,3,32.00,50741.76,0.01,0.05,N,O,1997-04-22,1997-03-25,1997-05-06,COLLECT COD,RAIL,theodolites c
27424-4,27424,708,73,4,35.00,56304.50,0.09,0.06,N,O,1997-03-09,1997-03-29,1997-03-18,NONE,RAIL, bold deposits haggle carefull
27425-1,27425,661,55,1,24.00,37479.84,0.00,0.02,R,F,1995-03-29,1995-03-18,1995-04-20,DELIVER IN PERSON,REG AIR,l foxes wake sl
27426-1,27426,970,71,1,26.00,48645.22,0.05,0.01,A,F,1993-06-12,1993-04-13,1993-06-15,COLLECT COD,FOB,s the slyly pending dependencies. fina
27426-2,27426,1293,5,2,45.00,53743.05,0.09,0.04,R,F,1993-03-14,1993-05-11,1993-04-03,NONE,TRUCK,even foxes. blithely regular accou
27426-3,27426,85,36,3,18.00,17731.44,0.08,0.04,A,F,1993-04-19,1993-04-02,1993-04-24,DELIVER IN PERSON,SHIP,doggedly according to the quickly
27427-1,27427,1579,60,1,50.00,74028.50,0.09,0.06,R,F,1993-11-18,1993-11-06,1993-11-19,COLLECT COD,FOB,busily final packages
27427-2,27427,142,43,2,13.00,13547.82,0.02,0.02,A,F,1993-11-17,1993-12-18,1993-12-07,DELIVER IN PERSON,MAIL,r platelets nag furiously. furi
27427-3,27427,853,87,3,3.00,5261.55,0.06,0.05,A,F,1993-11-09,1993-12-19,1993-11-24,NONE,RAIL,s cajole furiously about t
27427-4,27427,471,30,4,50.00,68573.50,0.08,0.01,A,F,1993-12-22,1993-11-12,1994-01-15,COLLECT COD,AIR,ly unusual
27428-1,27428,1096,2,1,35.00,34898.15,0.03,0.01,N,O,1996-06-11,1996-07-11,1996-07-02,COLLECT COD,TRUCK,final pinto beans. ironic ideas wa
27429-1,27429,900,1,1,12.00,21610.80,0.09,0.03,N,O,1998-05-20,1998-07-11,1998-06-17,NONE,AIR,ages wake q
27430-1,27430,1388,27,1,2.00,2578.76,0.10,0.03,R,F,1995-04-12,1995-03-05,1995-04-22,DELIVER IN PERSON,REG AIR,leep. regula
27430-2,27430,939,8,2,20.00,36798.60,0.03,0.07,A,F,1995-03-07,1995-04-14,1995-04-04,NONE,FOB,nes integrate silently carefully final 
27430-3,27430,1114,51,3,13.00,13196.43,0.00,0.05,A,F,1995-05-20,1995-03-27,1995-05-23,TAKE BACK RETURN,AIR,carefully across the doggedl
27430-4,27430,1672,55,4,7.00,11015.69,0.01,0.05,A,F,1995-03-14,1995-04-23,1995-04-06,DELIVER IN PERSON,REG AIR,ular deposits
27430-5,27430,741,6,5,16.00,26267.84,0.00,0.02,R,F,1995-03-25,1995-03-10,1995-04-03,TAKE BACK RETURN,TRUCK,cording to the quickly even dependencies. 
27431-1,27431,1565,66,1,3.00,4399.68,0.10,0.03,N,O,1998-06-26,1998-07-26,1998-07-16,TAKE BACK RETURN,MAIL, grow slyly after the fin
27431-2,27431,1140,49,2,13.00,13534.82,0.07,0.06,N,O,1998-07-30,1998-07-22,1998-08-13,TAKE BACK RETURN,REG AIR, unusual ideas
27431-3,27431,408,96,3,33.00,43177.20,0.03,0.02,N,O,1998-06-14,1998-06-20,1998-07-11,TAKE BACK RETURN,TRUCK,ly across the blithely ironic pa
27431-4,27431,738,3,4,7.00,11471.11,0.08,0.04,N,O,1998-08-21,1998-07-18,1998-09-09,TAKE BACK RETURN,AIR,old instructi
27456-1,27456,1218,56,1,10.00,11192.10,0.04,0.04,A,F,1994-05-03,1994-07-03,1994-05-28,COLLECT COD,MAIL,"s. ironic, ironic requests again"
27456-2,27456,1667,50,2,18.00,28235.88,0.10,0.06,A,F,1994-06-09,1994-06-08,1994-06-29,DELIVER IN PERSON,SHIP,ole during the slyly bold ideas. ir
27456-3,27456,1372,11,3,28.00,35654.36,0.04,0.07,R,F,1994-06-09,1994-05-18,1994-06-13,COLLECT COD,AIR,ly regular pinto beans are blithely flu
27456-4,27456,1006,42,4,1.00,907.00,0.04,0.00,A,F,1994-07-13,1994-06-01,1994-08-12,DELIVER IN PERSON,AIR,es about the furiously p
27456-5,27456,452,53,5,17.00,22991.65,0.07,0.01,R,F,1994-05-22,1994-06-26,1994-06-15,DELIVER IN PERSON,RAIL,"he unusual, brave gift"
27456-6,27456,599,100,6,48.00,71980.32,0.00,0.05,A,F,1994-08-10,1994-05-17,1994-08-23,COLLECT COD,REG AIR,he carefully even requests. deposits af
27457-1,27457,1300,1,1,43.00,51655.90,0.05,0.08,N,O,1995-06-18,1995-07-23,1995-07-14,TAKE BACK RETURN,RAIL,cajole slyly across the furiousl
27457-2,27457,756,89,2,23.00,38105.25,0.09,0.08,N,O,1995-08-20,1995-07-23,1995-09-02,COLLECT COD,REG AIR,nic waters use blithely alongside of
27457-3,27457,109,10,3,10.00,10091.00,0.08,0.07,N,O,1995-09-07,1995-07-15,1995-09-21,COLLECT COD,REG AIR, cajole carefully requests. fluffily ironi
27457-4,27457,1171,44,4,9.00,9649.53,0.10,0.07,N,O,1995-07-09,1995-07-29,1995-08-08,COLLECT COD,REG AIR,ect slyly. furiously even requests de
27457-5,27457,1953,86,5,50.00,92747.50,0.06,0.07,R,F,1995-06-07,1995-06-29,1995-06-09,DELIVER IN PERSON,RAIL,ts-- ironic foxes boost. acc
27458-1,27458,641,73,1,11.00,16958.04,0.08,0.04,N,O,1997-08-30,1997-10-01,1997-09-23,TAKE BACK RETURN,RAIL,"ickly regular excuses. regular, regular re"
27458-2,27458,401,89,2,27.00,35137.80,0.01,0.03,N,O,1997-09-29,1997-09-23,1997-10-10,COLLECT COD,REG AIR,"ss, bold pinto beans. pending pack"
27458-3,27458,1988,33,3,44.00,83159.12,0.08,0.03,N,O,1997-10-10,1997-10-01,1997-10-13,DELIVER IN PERSON,RAIL,ular foxes are slyly slyly reg
27459-1,27459,1212,13,1,38.00,42301.98,0.05,0.00,N,O,1997-05-29,1997-06-07,1997-06-12,TAKE BACK RETURN,FOB," silent, iron"
27459-2,27459,829,63,2,34.00,58813.88,0.07,0.06,N,O,1997-04-14,1997-05-26,1997-05-01,COLLECT COD,TRUCK,"old, regular packages. "
27459-3,27459,1549,90,3,2.00,2901.08,0.01,0.01,N,O,1997-06-19,1997-07-03,1997-07-07,NONE,TRUCK,carefully. 
27459-4,27459,1673,15,4,39.00,61412.13,0.01,0.04,N,O,1997-07-05,1997-06-04,1997-07-07,TAKE BACK RETURN,FOB,ess instructions nag 
27459-5,27459,1174,75,5,30.00,32255.10,0.10,0.00,N,O,1997-06-11,1997-05-23,1997-07-10,NONE,RAIL,xcuses maint
27459-6,27459,1638,62,6,24.00,36951.12,0.06,0.03,N,O,1997-04-22,1997-06-28,1997-05-21,NONE,MAIL,ending requests after
27459-7,27459,1795,22,7,37.00,62781.23,0.08,0.03,N,O,1997-05-11,1997-06-08,1997-05-15,TAKE BACK RETURN,MAIL,as sleep around the regular foxes: fur
27460-1,27460,1629,71,1,24.00,36734.88,0.06,0.00,R,F,1994-06-13,1994-06-28,1994-07-10,TAKE BACK RETURN,MAIL,e about the quickly ev
27460-2,27460,1237,38,2,50.00,56911.50,0.03,0.07,A,F,1994-06-21,1994-08-03,1994-06-26,DELIVER IN PERSON,TRUCK,refully final packages dou
27460-3,27460,1236,37,3,25.00,28430.75,0.06,0.02,A,F,1994-08-21,1994-07-03,1994-08-23,DELIVER IN PERSON,AIR,ilent tithes; blithely ironi
27460-4,27460,1124,97,4,5.00,5125.60,0.01,0.01,A,F,1994-07-17,1994-07-01,1994-07-22,TAKE BACK RETURN,AIR,e. unusual requests cajole silent
27460-5,27460,1418,36,5,2.00,2638.82,0.08,0.06,A,F,1994-07-17,1994-07-25,1994-08-03,TAKE BACK RETURN,SHIP,e carefully across the unusual
27460-6,27460,1968,57,6,43.00,80408.28,0.08,0.03,R,F,1994-05-26,1994-07-08,1994-06-09,TAKE BACK RETURN,AIR,es integrate bl
27460-7,27460,354,55,7,29.00,36376.15,0.01,0.01,A,F,1994-07-11,1994-08-11,1994-07-27,NONE,TRUCK, special req
27461-1,27461,1916,5,1,16.00,29086.56,0.07,0.06,A,F,1993-06-04,1993-03-30,1993-06-24,TAKE BACK RETURN,TRUCK,ructions are 
27461-2,27461,1405,84,2,29.00,37885.60,0.02,0.02,A,F,1993-05-07,1993-05-24,1993-05-13,TAKE BACK RETURN,AIR,s. slyly special accounts nag caref
27461-3,27461,1378,17,3,38.00,48616.06,0.09,0.08,R,F,1993-05-09,1993-05-28,1993-05-12,TAKE BACK RETURN,SHIP,e quickly slyly silent 
27461-4,27461,26,77,4,7.00,6482.14,0.07,0.06,A,F,1993-04-19,1993-05-12,1993-05-11,TAKE BACK RETURN,SHIP,p carefully even accounts. blith
27461-5,27461,1226,27,5,50.00,56361.00,0.05,0.08,A,F,1993-04-27,1993-04-19,1993-05-13,TAKE BACK RETURN,REG AIR, deposits grow quickly e
27461-6,27461,431,19,6,23.00,30622.89,0.00,0.03,A,F,1993-04-15,1993-04-13,1993-04-19,DELIVER IN PERSON,AIR, pinto beans boost 
27461-7,27461,227,55,7,31.00,34943.82,0.01,0.05,A,F,1993-04-12,1993-04-14,1993-04-17,TAKE BACK RETURN,AIR, bold instruct
27462-1,27462,40,66,1,2.00,1880.08,0.06,0.06,N,O,1998-04-18,1998-06-10,1998-04-24,NONE,AIR,iously regular theodolites about
27462-2,27462,1473,74,2,12.00,16493.64,0.07,0.03,N,O,1998-04-15,1998-05-13,1998-05-10,DELIVER IN PERSON,TRUCK,beans after 
27462-3,27462,1273,11,3,8.00,9394.16,0.08,0.08,N,O,1998-07-14,1998-05-26,1998-08-07,TAKE BACK RETURN,MAIL, slyly pending packages haggle f
27462-4,27462,1968,69,4,25.00,46749.00,0.05,0.01,N,O,1998-04-20,1998-05-10,1998-05-07,DELIVER IN PERSON,FOB,ithely final packages sublate quickl
27462-5,27462,539,30,5,2.00,2879.06,0.10,0.07,N,O,1998-05-17,1998-06-07,1998-05-30,DELIVER IN PERSON,REG AIR,"ic, even packages. slyly final package"
27462-6,27462,176,77,6,43.00,46275.31,0.05,0.03,N,O,1998-06-14,1998-05-17,1998-06-19,TAKE BACK RETURN,REG AIR,ular accounts-- ca
27462-7,27462,960,63,7,28.00,52106.88,0.09,0.07,N,O,1998-06-30,1998-05-18,1998-07-06,DELIVER IN PERSON,SHIP,lites cajole furi
27463-1,27463,337,66,1,42.00,51967.86,0.01,0.01,R,F,1995-02-17,1994-12-29,1995-03-01,TAKE BACK RETURN,SHIP,osits use blithely. carefull
27463-2,27463,1957,46,2,24.00,44614.80,0.05,0.08,A,F,1994-11-16,1995-02-04,1994-11-28,COLLECT COD,AIR,efully blithe 
27463-3,27463,1239,14,3,5.00,5701.15,0.10,0.08,R,F,1994-12-24,1995-01-12,1994-12-28,COLLECT COD,RAIL,ously across the slyly u
27463-4,27463,1202,77,4,9.00,9928.80,0.07,0.00,A,F,1995-02-17,1995-01-07,1995-03-02,TAKE BACK RETURN,RAIL,ites. carefully unusua
27463-5,27463,1378,17,5,8.00,10234.96,0.04,0.00,R,F,1995-01-22,1994-12-21,1995-02-02,COLLECT COD,SHIP,y. unusual theodo
27463-6,27463,369,98,6,6.00,7616.16,0.07,0.03,R,F,1995-01-26,1994-12-19,1995-01-31,COLLECT COD,REG AIR,egular ideas cajo
27463-7,27463,1310,25,7,14.00,16958.34,0.00,0.07,R,F,1995-02-09,1994-12-20,1995-02-15,COLLECT COD,RAIL,odolites. ironic platelets are packag
27488-1,27488,470,29,1,10.00,13704.70,0.04,0.05,N,O,1998-06-14,1998-04-13,1998-07-13,DELIVER IN PERSON,REG AIR,luffily fluffily ironic pi
27488-2,27488,309,66,2,26.00,31441.80,0.00,0.06,N,O,1998-03-03,1998-05-20,1998-03-11,TAKE BACK RETURN,REG AIR,oost fluffily throughout the foxes. fin
27488-3,27488,1381,58,3,3.00,3847.14,0.08,0.03,N,O,1998-06-14,1998-05-09,1998-06-26,NONE,MAIL,hes. slyly regular orbits according to t
27488-4,27488,1552,33,4,6.00,8721.30,0.09,0.04,N,O,1998-03-14,1998-04-16,1998-03-15,COLLECT COD,REG AIR,ns. blithely regular accounts abo
27489-1,27489,1347,86,1,19.00,23718.46,0.07,0.03,N,O,1996-11-26,1996-11-07,1996-11-30,DELIVER IN PERSON,AIR,ng requests are ac
27489-2,27489,94,45,2,4.00,3976.36,0.09,0.06,N,O,1996-11-16,1996-11-28,1996-11-26,NONE,REG AIR,s. fluffily dar
27490-1,27490,460,48,1,22.00,29930.12,0.03,0.06,A,F,1992-06-19,1992-05-30,1992-06-29,NONE,TRUCK,uests wake regular ide
27490-2,27490,1173,46,2,12.00,12890.04,0.02,0.07,R,F,1992-06-15,1992-04-23,1992-06-28,DELIVER IN PERSON,MAIL,al requests. care
27490-3,27490,1906,39,3,37.00,66892.30,0.10,0.01,R,F,1992-05-10,1992-05-19,1992-06-08,TAKE BACK RETURN,REG AIR,ously bold packag
27490-4,27490,64,40,4,28.00,26993.68,0.00,0.05,R,F,1992-06-16,1992-05-18,1992-07-02,NONE,REG AIR,osits sleep quickly silent instructions.
27490-5,27490,221,76,5,27.00,30272.94,0.10,0.05,R,F,1992-05-20,1992-05-26,1992-05-29,DELIVER IN PERSON,TRUCK,kly final accounts. regular re
27490-6,27490,1309,86,6,10.00,12103.00,0.03,0.05,A,F,1992-06-21,1992-05-05,1992-07-05,COLLECT COD,TRUCK,hockey players. regular
27490-7,27490,1956,89,7,7.00,13005.65,0.10,0.02,A,F,1992-03-19,1992-05-12,1992-04-14,COLLECT COD,AIR,osits around 
27491-1,27491,781,46,1,13.00,21863.14,0.07,0.07,R,F,1994-06-01,1994-05-25,1994-06-11,DELIVER IN PERSON,SHIP,bout the carefully pending pa
27491-2,27491,534,25,2,2.00,2869.06,0.05,0.00,A,F,1994-04-29,1994-05-15,1994-05-03,DELIVER IN PERSON,RAIL, deposits about 
27491-3,27491,1017,53,3,17.00,15606.17,0.06,0.05,A,F,1994-05-01,1994-05-25,1994-05-31,TAKE BACK RETURN,AIR,es. slyly regular pinto beans along
27491-4,27491,1976,77,4,44.00,82630.68,0.01,0.06,A,F,1994-07-24,1994-06-04,1994-08-17,COLLECT COD,FOB,c packages. qui
27491-5,27491,1540,21,5,35.00,50453.90,0.08,0.01,R,F,1994-06-29,1994-05-13,1994-07-20,TAKE BACK RETURN,FOB,ts nag carefully final courts. thinly 
27491-6,27491,1699,41,6,48.00,76833.12,0.01,0.05,A,F,1994-07-18,1994-05-27,1994-07-29,NONE,RAIL,ges are fluffily a
27492-1,27492,483,42,1,9.00,12451.32,0.02,0.00,N,O,1998-03-25,1998-04-19,1998-04-05,DELIVER IN PERSON,MAIL,the accounts play accor
27492-2,27492,176,77,2,4.00,4304.68,0.02,0.06,N,O,1998-05-04,1998-06-07,1998-05-10,NONE,SHIP,aggle carefully
27492-3,27492,464,23,3,50.00,68223.00,0.06,0.07,N,O,1998-05-27,1998-04-24,1998-06-10,DELIVER IN PERSON,RAIL,ses. furiously 
27492-4,27492,277,78,4,7.00,8240.89,0.04,0.05,N,O,1998-06-29,1998-05-22,1998-07-29,NONE,MAIL,slyly express theodolites cajole
27492-5,27492,150,29,5,19.00,19952.85,0.02,0.01,N,O,1998-05-24,1998-05-10,1998-06-07,NONE,SHIP,furiously; blithely bold depende
27492-6,27492,498,28,6,10.00,13984.90,0.06,0.08,N,O,1998-05-07,1998-05-21,1998-05-08,NONE,AIR,ets are quickly slyly pending de
27492-7,27492,1209,21,7,37.00,41077.40,0.07,0.02,N,O,1998-06-28,1998-05-14,1998-07-02,NONE,MAIL,slyly busy packages wake furiously regula
27493-1,27493,851,18,1,32.00,56059.20,0.05,0.02,N,O,1997-04-12,1997-04-30,1997-05-03,TAKE BACK RETURN,FOB,ckages haggle special requests
27493-2,27493,1843,30,2,15.00,26172.60,0.00,0.01,N,O,1997-06-16,1997-04-20,1997-07-15,NONE,REG AIR,n packages
27494-1,27494,732,65,1,39.00,63676.47,0.00,0.00,N,O,1997-04-05,1997-05-13,1997-04-17,DELIVER IN PERSON,MAIL,usly final instructions nag 
27494-2,27494,1400,39,2,2.00,2602.80,0.10,0.04,N,O,1997-05-24,1997-04-16,1997-06-14,DELIVER IN PERSON,REG AIR, blithely abo
27494-3,27494,41,17,3,30.00,28231.20,0.08,0.07,N,O,1997-04-27,1997-04-30,1997-05-17,COLLECT COD,AIR,nts use caref
27494-4,27494,133,86,4,49.00,50623.37,0.07,0.02,N,O,1997-03-25,1997-05-26,1997-03-30,DELIVER IN PERSON,FOB,ously final dep
27494-5,27494,492,22,5,37.00,51522.13,0.08,0.06,N,O,1997-07-14,1997-05-24,1997-08-09,COLLECT COD,SHIP,eep carefully 
27494-6,27494,1544,85,6,24.00,34692.96,0.05,0.01,N,O,1997-04-30,1997-06-02,1997-05-09,NONE,FOB,e carefully abo
27495-1,27495,1930,75,1,16.00,29310.88,0.03,0.08,N,O,1997-11-21,1997-10-16,1997-12-06,DELIVER IN PERSON,RAIL,y even excuses 
27495-2,27495,1046,17,2,41.00,38828.64,0.00,0.05,N,O,1997-08-23,1997-08-28,1997-09-06,COLLECT COD,FOB,sly regular deposits 
27495-3,27495,1678,20,3,14.00,22115.38,0.10,0.08,N,O,1997-09-07,1997-08-28,1997-09-17,DELIVER IN PERSON,RAIL,l courts cajole 
27495-4,27495,1328,67,4,40.00,49172.80,0.09,0.00,N,O,1997-10-17,1997-10-10,1997-10-22,NONE,TRUCK,p carefully 
27495-5,27495,1226,38,5,33.00,37198.26,0.05,0.03,N,O,1997-10-10,1997-10-15,1997-10-15,DELIVER IN PERSON,TRUCK,beans. quickly regular request
27520-1,27520,30,6,1,14.00,13020.42,0.04,0.05,N,O,1996-09-20,1996-08-27,1996-09-30,DELIVER IN PERSON,SHIP,onic ideas. carefully regular depo
27520-2,27520,1062,98,2,41.00,39485.46,0.05,0.02,N,O,1996-11-11,1996-10-11,1996-11-16,DELIVER IN PERSON,AIR,ealthy accounts? quick warthogs across the
27520-3,27520,1012,48,3,14.00,12782.14,0.03,0.03,N,O,1996-08-29,1996-10-03,1996-09-14,DELIVER IN PERSON,RAIL,rmanent platelets eat caref
27520-4,27520,1650,51,4,32.00,49652.80,0.02,0.07,N,O,1996-10-29,1996-09-28,1996-11-01,NONE,MAIL, according to the 
27520-5,27520,120,47,5,48.00,48965.76,0.00,0.04,N,O,1996-07-15,1996-09-17,1996-07-23,DELIVER IN PERSON,MAIL,s doze slyly 
27520-6,27520,994,97,6,17.00,32214.83,0.09,0.02,N,O,1996-10-16,1996-09-01,1996-10-23,NONE,AIR,ly ironic theodolites. sly inst
27520-7,27520,1105,78,7,46.00,46280.60,0.00,0.07,N,O,1996-08-06,1996-08-21,1996-08-25,COLLECT COD,RAIL,"sits. final, furious packages use blithe"
27521-1,27521,1017,18,1,32.00,29376.32,0.08,0.06,R,F,1994-03-28,1994-03-02,1994-04-05,DELIVER IN PERSON,TRUCK,final platelets 
27522-1,27522,1859,89,1,40.00,70434.00,0.04,0.02,N,O,1998-03-03,1998-02-06,1998-03-09,NONE,AIR,kly special requests. ironic deposits u
27522-2,27522,1667,9,2,1.00,1568.66,0.03,0.00,N,O,1998-04-18,1998-02-07,1998-04-30,DELIVER IN PERSON,REG AIR,s the even packages. carefully ironic
27522-3,27522,841,42,3,34.00,59222.56,0.02,0.00,N,O,1998-01-16,1998-03-22,1998-01-28,DELIVER IN PERSON,REG AIR,ly quick theodolites are blithely furious
27522-4,27522,1872,16,4,14.00,24834.18,0.10,0.06,N,O,1998-01-16,1998-03-17,1998-02-12,COLLECT COD,MAIL,nts. carefully silent accou
27522-5,27522,861,95,5,15.00,26427.90,0.03,0.00,N,O,1998-01-03,1998-02-11,1998-01-09,DELIVER IN PERSON,TRUCK,ts run fluffily? carefully fur
27522-6,27522,66,67,6,30.00,28981.80,0.09,0.04,N,O,1998-04-15,1998-02-23,1998-04-19,TAKE BACK RETURN,SHIP,sits wake furiously silent pinto be
27522-7,27522,906,75,7,9.00,16262.10,0.06,0.00,N,O,1998-01-18,1998-02-08,1998-02-11,COLLECT COD,RAIL,haggle furiously regu
27523-1,27523,1560,1,1,21.00,30692.76,0.08,0.07,N,O,1997-05-03,1997-04-06,1997-05-20,TAKE BACK RETURN,FOB,requests. final braids according to the car
27524-1,27524,1638,39,1,41.00,63124.83,0.04,0.00,R,F,1993-02-05,1993-03-04,1993-02-08,TAKE BACK RETURN,TRUCK,fluffily exp
27524-2,27524,478,37,2,12.00,16541.64,0.04,0.08,A,F,1993-02-15,1993-03-21,1993-02-24,TAKE BACK RETURN,MAIL,gainst the blithely final
27524-3,27524,656,19,3,24.00,37359.60,0.01,0.01,A,F,1993-05-04,1993-04-28,1993-05-12,COLLECT COD,FOB, platelets haggle among the sl
27524-4,27524,1170,7,4,14.00,14996.38,0.01,0.03,A,F,1993-03-01,1993-04-16,1993-03-29,NONE,TRUCK,ntegrate bli
27525-1,27525,1280,92,1,24.00,28350.72,0.09,0.00,R,F,1992-08-07,1992-08-19,1992-08-28,DELIVER IN PERSON,SHIP,ly pending accounts sleep blit
27525-2,27525,1058,59,2,12.00,11508.60,0.10,0.05,A,F,1992-08-07,1992-07-26,1992-09-03,TAKE BACK RETURN,AIR,l foxes sublate carefully pending
27525-3,27525,1889,76,3,33.00,59099.04,0.03,0.04,A,F,1992-09-16,1992-07-25,1992-09-28,NONE,SHIP,ial deposits grow furiously requests. exc
27525-4,27525,1249,87,4,12.00,13802.88,0.03,0.04,R,F,1992-07-01,1992-08-19,1992-07-17,COLLECT COD,SHIP,ckly bold foxes. dolphins hang agains
27526-1,27526,399,28,1,46.00,59771.94,0.02,0.03,N,O,1995-12-15,1995-12-26,1995-12-25,NONE,RAIL,ronic ideas cajole slyly f
27526-2,27526,962,31,2,35.00,65203.60,0.01,0.01,N,O,1995-11-01,1995-11-23,1995-11-08,TAKE BACK RETURN,REG AIR,es across the slyly e
27526-3,27526,695,89,3,41.00,65423.29,0.05,0.05,N,O,1996-01-11,1995-12-07,1996-01-17,DELIVER IN PERSON,FOB,onic accou
27526-4,27526,517,18,4,12.00,17010.12,0.05,0.08,N,O,1996-01-03,1995-11-16,1996-01-11,COLLECT COD,MAIL, Tiresias. express deposits ca
27526-5,27526,1529,70,5,44.00,62942.88,0.10,0.01,N,O,1995-11-11,1995-11-15,1995-12-04,DELIVER IN PERSON,FOB,fily silent warhorses. s
27527-1,27527,1056,62,1,9.00,8613.45,0.00,0.03,R,F,1994-01-21,1994-02-16,1994-02-09,COLLECT COD,MAIL,lly pending
27527-2,27527,315,16,2,14.00,17014.34,0.00,0.02,A,F,1993-12-10,1994-02-19,1993-12-18,NONE,REG AIR,eodolites grow furiously furiously even fo
27527-3,27527,1124,25,3,27.00,27678.24,0.01,0.06,R,F,1994-01-22,1994-02-21,1994-02-07,TAKE BACK RETURN,MAIL,ly special requests are q
27527-4,27527,1685,27,4,6.00,9520.08,0.01,0.01,A,F,1994-03-08,1994-02-05,1994-03-29,NONE,MAIL,uctions. slyly bold asymptote
27527-5,27527,430,89,5,2.00,2660.86,0.04,0.08,A,F,1994-02-03,1994-02-20,1994-02-17,COLLECT COD,MAIL, the quickly even requests. packag
27527-6,27527,792,57,6,18.00,30470.22,0.01,0.05,A,F,1994-01-08,1994-02-18,1994-02-06,DELIVER IN PERSON,MAIL,equests. ironic dependencies cajo
27552-1,27552,1370,9,1,11.00,13985.07,0.00,0.08,A,F,1992-10-30,1992-12-09,1992-11-20,COLLECT COD,AIR,the regular pinto beans integrat
27552-2,27552,912,15,2,41.00,74329.31,0.10,0.05,A,F,1992-12-27,1992-10-29,1993-01-16,NONE,REG AIR,le waters. slyly e
27553-1,27553,146,25,1,23.00,24061.22,0.08,0.04,N,O,1995-09-02,1995-10-24,1995-09-19,DELIVER IN PERSON,REG AIR,xpress requests wake slyly? b
27553-2,27553,1015,16,2,36.00,32976.36,0.01,0.04,N,O,1995-10-16,1995-10-07,1995-10-26,NONE,TRUCK,lly final account
27553-3,27553,1971,4,3,42.00,78664.74,0.09,0.02,N,O,1995-11-17,1995-11-09,1995-11-19,DELIVER IN PERSON,SHIP,ously bold accounts haggle accord
27553-4,27553,1099,35,4,10.00,10000.90,0.01,0.05,N,O,1995-11-29,1995-11-07,1995-12-09,COLLECT COD,MAIL,y quickly regular theodolites. even 
27554-1,27554,998,99,1,43.00,81656.57,0.03,0.01,R,F,1995-05-07,1995-06-06,1995-05-31,TAKE BACK RETURN,MAIL,ong the ironi
27554-2,27554,1311,26,2,37.00,44855.47,0.10,0.00,R,F,1995-05-22,1995-04-13,1995-06-14,TAKE BACK RETURN,AIR,riously regular dependencies h
27555-1,27555,595,96,1,18.00,26920.62,0.07,0.03,R,F,1994-11-29,1994-10-18,1994-12-16,TAKE BACK RETURN,FOB,en forges. requests
27555-2,27555,617,11,2,30.00,45528.30,0.05,0.05,A,F,1994-11-22,1994-10-16,1994-12-01,TAKE BACK RETURN,MAIL,olites cajole quickly quickly special
27555-3,27555,1147,48,3,4.00,4192.56,0.01,0.01,R,F,1994-10-15,1994-11-23,1994-11-04,DELIVER IN PERSON,AIR,s wake furiously for the special escapa
27555-4,27555,725,26,4,17.00,27637.24,0.06,0.06,A,F,1994-11-16,1994-11-21,1994-11-26,COLLECT COD,SHIP,s. pending dolphins cajole above the ironi
27555-5,27555,252,34,5,16.00,18436.00,0.02,0.05,R,F,1994-12-22,1994-10-03,1995-01-03,COLLECT COD,SHIP,the quickly express
27556-1,27556,1023,29,1,15.00,13860.30,0.05,0.08,R,F,1992-07-01,1992-08-10,1992-07-09,COLLECT COD,AIR,ions. carefully f
27556-2,27556,1895,96,2,37.00,66484.93,0.09,0.04,A,F,1992-08-08,1992-08-08,1992-08-21,DELIVER IN PERSON,TRUCK,wind quickly even courts. blithely silent t
27556-3,27556,244,72,3,17.00,19452.08,0.08,0.08,R,F,1992-06-08,1992-07-05,1992-06-22,DELIVER IN PERSON,SHIP,ously furiously pending tithes. permanent i
27557-1,27557,517,48,1,28.00,39690.28,0.09,0.05,A,F,1992-03-26,1992-04-15,1992-04-22,COLLECT COD,RAIL,he quickly bold packages. blithely final as
27557-2,27557,744,45,2,13.00,21381.62,0.07,0.03,A,F,1992-04-18,1992-04-15,1992-04-22,COLLECT COD,REG AIR,unts. foxes nag about th
27557-3,27557,933,68,3,22.00,40346.46,0.10,0.01,R,F,1992-04-15,1992-03-11,1992-05-06,DELIVER IN PERSON,REG AIR,e slyly along the final 
27557-4,27557,837,38,4,36.00,62561.88,0.10,0.01,A,F,1992-03-26,1992-03-13,1992-03-29,COLLECT COD,TRUCK, doubt. quickly 
27557-5,27557,1362,39,5,27.00,34110.72,0.10,0.00,R,F,1992-04-19,1992-03-10,1992-05-14,COLLECT COD,MAIL,. final packages boost furiou
27557-6,27557,1691,15,6,21.00,33446.49,0.07,0.01,R,F,1992-04-29,1992-03-18,1992-05-06,TAKE BACK RETURN,SHIP,lly. furiously final requests cajole
27557-7,27557,732,65,7,19.00,31021.87,0.09,0.03,R,F,1992-02-29,1992-04-20,1992-03-29,COLLECT COD,REG AIR,gle carefully. stealth
27558-1,27558,1,27,1,10.00,9010.00,0.02,0.07,N,O,1995-09-03,1995-09-13,1995-09-15,DELIVER IN PERSON,REG AIR,ully even instructions sleep blithely ironi
27559-1,27559,1410,28,1,42.00,55079.22,0.09,0.01,N,O,1995-12-27,1996-01-10,1995-12-28,TAKE BACK RETURN,TRUCK,ously furiously even requests. sly
27559-2,27559,422,10,2,28.00,37027.76,0.08,0.02,N,O,1995-12-11,1995-12-19,1995-12-14,COLLECT COD,RAIL,sly expres
27559-3,27559,1743,28,3,47.00,77302.78,0.10,0.01,N,O,1995-12-11,1995-12-27,1995-12-19,NONE,REG AIR,nstructions. even acco
27584-1,27584,1732,33,1,44.00,71884.12,0.07,0.00,N,O,1998-08-27,1998-06-08,1998-09-16,TAKE BACK RETURN,AIR,ironic foxes. furiously even foxes sleep 
27584-2,27584,1376,15,2,23.00,29379.51,0.02,0.04,N,O,1998-06-17,1998-06-14,1998-06-27,COLLECT COD,FOB,express instructions use across the fur
27584-3,27584,1681,82,3,10.00,15826.80,0.06,0.02,N,O,1998-06-15,1998-06-29,1998-06-18,DELIVER IN PERSON,MAIL,sly even platelets lose fluffi
27584-4,27584,1611,12,4,33.00,49916.13,0.02,0.01,N,O,1998-08-10,1998-08-02,1998-08-15,COLLECT COD,AIR,sits breach above 
27584-5,27584,152,31,5,24.00,25251.60,0.01,0.01,N,O,1998-07-11,1998-07-27,1998-07-31,COLLECT COD,AIR,pecial deposits boost q
27584-6,27584,1639,63,6,40.00,61625.20,0.02,0.08,N,O,1998-08-26,1998-06-28,1998-09-09,DELIVER IN PERSON,FOB,s use foxes. blithely
27584-7,27584,1849,79,7,45.00,78787.80,0.08,0.08,N,O,1998-05-21,1998-07-28,1998-05-28,TAKE BACK RETURN,REG AIR,d foxes sleep carefully
27585-1,27585,999,34,1,1.00,1899.99,0.03,0.05,N,O,1997-10-07,1997-09-30,1997-10-31,TAKE BACK RETURN,AIR,c requests. carefully
27585-2,27585,1594,75,2,27.00,40380.93,0.01,0.01,N,O,1997-11-11,1997-11-03,1997-11-21,NONE,FOB,riously above the carefully s
27585-3,27585,1361,76,3,32.00,40395.52,0.00,0.06,N,O,1997-11-09,1997-11-04,1997-11-15,TAKE BACK RETURN,TRUCK,its. carefully spec
27585-4,27585,588,79,4,32.00,47634.56,0.02,0.00,N,O,1997-11-12,1997-10-18,1997-12-08,DELIVER IN PERSON,FOB, deposits wake quic
27585-5,27585,469,57,5,43.00,58886.78,0.03,0.08,N,O,1997-10-18,1997-10-31,1997-10-30,COLLECT COD,TRUCK,y regular i
27585-6,27585,488,47,6,37.00,51373.76,0.06,0.06,N,O,1997-10-05,1997-09-22,1997-10-24,NONE,MAIL,riously re
27585-7,27585,1483,23,7,46.00,63686.08,0.08,0.06,N,O,1997-10-06,1997-09-29,1997-10-25,TAKE BACK RETURN,RAIL, blithely afte
27586-1,27586,865,99,1,31.00,54741.66,0.05,0.02,N,O,1998-01-04,1998-02-20,1998-01-28,DELIVER IN PERSON,RAIL,"o beans. even, regular deposits about th"
27586-2,27586,978,13,2,33.00,62006.01,0.04,0.07,N,O,1998-02-22,1998-02-14,1998-02-28,COLLECT COD,SHIP,ons haggle furiously above the pending ins
27586-3,27586,1971,4,3,30.00,56189.10,0.10,0.03,N,O,1998-03-05,1998-01-27,1998-03-11,DELIVER IN PERSON,FOB,leep ruthlessly; carefu
27586-4,27586,1713,98,4,37.00,59744.27,0.03,0.01,N,O,1998-04-20,1998-02-11,1998-05-01,NONE,FOB,dependencies! instructions hag
27586-5,27586,86,62,5,24.00,23665.92,0.00,0.00,N,O,1997-12-25,1998-03-06,1998-01-23,COLLECT COD,RAIL,excuses. accounts boost blithely about the
27587-1,27587,446,47,1,25.00,33661.00,0.01,0.07,N,O,1996-11-28,1996-12-08,1996-12-23,DELIVER IN PERSON,AIR, grow blithely alongside of the unusual
27587-2,27587,873,40,2,22.00,39025.14,0.00,0.04,N,O,1996-12-02,1996-12-16,1996-12-06,NONE,MAIL,d regularly express forges. furiousl
27587-3,27587,1449,28,3,10.00,13504.40,0.00,0.08,N,O,1996-11-22,1996-12-05,1996-12-07,TAKE BACK RETURN,AIR, deposits are carefully
27587-4,27587,1191,92,4,1.00,1092.19,0.03,0.04,N,O,1997-02-16,1997-01-20,1997-03-14,TAKE BACK RETURN,RAIL,posits nag e
27587-5,27587,213,95,5,3.00,3339.63,0.02,0.01,N,O,1996-11-20,1996-12-13,1996-11-25,NONE,RAIL,ter the final deposits w
27587-6,27587,822,56,6,10.00,17228.20,0.02,0.08,N,O,1996-12-20,1996-11-24,1997-01-07,NONE,FOB,arefully regular p
27588-1,27588,1657,99,1,22.00,34290.30,0.03,0.03,N,O,1998-10-22,1998-10-24,1998-11-19,COLLECT COD,AIR,"g, silent requests after th"
27589-1,27589,934,3,1,11.00,20184.23,0.02,0.00,N,O,1995-10-12,1995-10-17,1995-11-06,TAKE BACK RETURN,TRUCK,xpress requests:
27589-2,27589,401,89,2,42.00,54658.80,0.10,0.08,N,O,1995-11-25,1995-11-06,1995-12-16,NONE,TRUCK,t the blithely final depend
27589-3,27589,1819,63,3,12.00,20649.72,0.09,0.01,N,O,1995-10-08,1995-10-20,1995-10-24,DELIVER IN PERSON,AIR,"requests. silent, ironic theodol"
27589-4,27589,118,19,4,15.00,15271.65,0.01,0.08,N,O,1995-11-07,1995-11-23,1995-12-02,DELIVER IN PERSON,TRUCK,e ideas. blithely silent frets c
27589-5,27589,434,64,5,19.00,25354.17,0.06,0.01,N,O,1995-11-09,1995-12-01,1995-11-15,NONE,TRUCK, sleep carefully slyly bold foxes. 
27590-1,27590,1995,84,1,2.00,3793.98,0.04,0.05,A,F,1994-07-16,1994-09-22,1994-08-01,DELIVER IN PERSON,TRUCK,. fluffily ironic packages believe quickly 
27590-2,27590,1803,4,2,7.00,11933.60,0.02,0.08,A,F,1994-07-25,1994-09-04,1994-08-03,TAKE BACK RETURN,SHIP,he slyly final accounts. ir
27590-3,27590,1845,89,3,43.00,75114.12,0.09,0.03,R,F,1994-10-12,1994-09-05,1994-10-24,NONE,MAIL,cording to the fl
27590-4,27590,1305,44,4,13.00,15681.90,0.06,0.03,A,F,1994-10-26,1994-10-03,1994-11-07,COLLECT COD,FOB,the pinto beans are c
27590-5,27590,1689,90,5,28.00,44539.04,0.05,0.04,A,F,1994-09-06,1994-10-06,1994-10-05,NONE,MAIL, requests cajole fi
27591-1,27591,1700,83,1,19.00,30432.30,0.06,0.01,N,O,1998-02-09,1998-02-27,1998-03-06,COLLECT COD,SHIP,the final plate
27591-2,27591,221,22,2,27.00,30272.94,0.05,0.08,N,O,1998-01-29,1998-04-03,1998-02-19,DELIVER IN PERSON,MAIL,fter the silent exc
27591-3,27591,1701,86,3,25.00,40067.50,0.02,0.01,N,O,1998-05-01,1998-04-06,1998-05-14,TAKE BACK RETURN,FOB,s according to the slyly
27591-4,27591,1032,3,4,47.00,43852.41,0.05,0.00,N,O,1998-05-04,1998-03-29,1998-05-15,COLLECT COD,REG AIR,iously unusual p
27591-5,27591,626,20,5,33.00,50378.46,0.02,0.04,N,O,1998-03-28,1998-02-17,1998-04-16,COLLECT COD,TRUCK,ss multipli
27591-6,27591,661,62,6,5.00,7808.30,0.03,0.06,N,O,1998-03-11,1998-04-02,1998-04-05,TAKE BACK RETURN,RAIL,ar packages. fluffily silent pinto bean
27591-7,27591,1786,71,7,46.00,77637.88,0.08,0.02,N,O,1998-03-27,1998-03-19,1998-04-01,COLLECT COD,RAIL, according to the courts.
27616-1,27616,934,3,1,41.00,75232.13,0.07,0.03,A,F,1992-11-08,1992-09-10,1992-12-04,DELIVER IN PERSON,TRUCK,ncies. silent deposits at the slyly u
27616-2,27616,169,96,2,21.00,22452.36,0.00,0.06,A,F,1992-10-05,1992-09-25,1992-10-08,TAKE BACK RETURN,MAIL, slyly bold deposits doze b
27616-3,27616,1080,51,3,35.00,34337.80,0.06,0.00,R,F,1992-11-09,1992-09-07,1992-11-20,NONE,TRUCK, nod slyly excuses. enticingly fin
27616-4,27616,1076,47,4,13.00,12701.91,0.07,0.08,R,F,1992-10-03,1992-10-10,1992-10-21,DELIVER IN PERSON,REG AIR,inst the s
27616-5,27616,1994,27,5,35.00,66359.65,0.07,0.00,A,F,1992-11-12,1992-10-25,1992-12-04,DELIVER IN PERSON,AIR,"cross the special, ironic ideas cajo"
27617-1,27617,5,6,1,3.00,2715.00,0.01,0.06,A,F,1993-02-26,1993-01-19,1993-03-07,COLLECT COD,TRUCK,"ts. requests haggle silently regular,"
27617-2,27617,1425,4,2,50.00,66321.00,0.05,0.07,A,F,1993-01-25,1993-01-23,1993-01-31,COLLECT COD,RAIL,ove the furiously ironic re
27617-3,27617,255,37,3,3.00,3465.75,0.08,0.03,A,F,1992-11-13,1993-01-18,1992-12-06,DELIVER IN PERSON,REG AIR,equests after the p
27617-4,27617,31,7,4,15.00,13965.45,0.02,0.06,A,F,1993-02-17,1992-12-27,1993-03-06,DELIVER IN PERSON,AIR, cajole; accounts need to detect ag
27618-1,27618,875,76,1,47.00,83465.89,0.08,0.04,R,F,1993-08-20,1993-08-14,1993-09-19,COLLECT COD,REG AIR,ily around the carefu
27618-2,27618,1260,98,2,30.00,34837.80,0.09,0.03,A,F,1993-06-02,1993-07-22,1993-06-21,DELIVER IN PERSON,REG AIR,telets integrate 
27619-1,27619,1839,26,1,11.00,19149.13,0.09,0.01,A,F,1994-10-01,1994-11-03,1994-10-09,DELIVER IN PERSON,MAIL,osits. carefully f
27619-2,27619,1697,80,2,20.00,31973.80,0.08,0.01,A,F,1994-10-02,1994-11-10,1994-10-03,TAKE BACK RETURN,RAIL,n excuses cajole acco
27619-3,27619,116,69,3,40.00,40644.40,0.02,0.07,A,F,1994-08-22,1994-10-07,1994-09-04,COLLECT COD,SHIP,ully special sentime
27620-1,27620,1030,36,1,25.00,23275.75,0.09,0.04,N,O,1996-12-20,1996-12-12,1997-01-17,DELIVER IN PERSON,FOB,carefully unusual ideas; spec
27621-1,27621,786,83,1,12.00,20241.36,0.09,0.00,N,O,1997-12-13,1997-11-25,1998-01-08,NONE,FOB,y bold instr
27621-2,27621,1772,57,2,1.00,1673.77,0.03,0.05,N,O,1998-01-07,1997-11-27,1998-02-02,DELIVER IN PERSON,REG AIR,into beans sleep waters. careful
27621-3,27621,1410,28,3,16.00,20982.56,0.01,0.06,N,O,1998-01-05,1997-11-14,1998-01-07,TAKE BACK RETURN,TRUCK,s pinto beans 
27621-4,27621,1085,56,4,7.00,6902.56,0.09,0.02,N,O,1997-12-07,1997-12-27,1997-12-13,NONE,SHIP,"ly pending accounts after the regular, un"
27621-5,27621,503,4,5,5.00,7017.50,0.08,0.06,N,O,1997-11-17,1997-12-04,1997-11-21,NONE,TRUCK,"hely. unusual, fluffy cour"
27622-1,27622,991,94,1,42.00,79463.58,0.07,0.04,R,F,1995-03-31,1995-03-19,1995-04-03,TAKE BACK RETURN,AIR,usly regular instruc
27623-1,27623,158,59,1,19.00,20104.85,0.10,0.05,N,O,1996-04-22,1996-04-10,1996-05-17,COLLECT COD,RAIL,arefully final theodolit
27623-2,27623,478,37,2,17.00,23433.99,0.08,0.03,N,O,1996-04-21,1996-04-17,1996-04-24,TAKE BACK RETURN,RAIL,", special accounts solve. carefully regula"
27623-3,27623,626,58,3,27.00,41218.74,0.02,0.01,N,O,1996-05-22,1996-05-04,1996-05-27,COLLECT COD,RAIL,"y express accounts. even, fluffy "
27623-4,27623,1371,86,4,27.00,34353.99,0.09,0.02,N,O,1996-03-13,1996-04-22,1996-04-08,COLLECT COD,TRUCK,ong the eve
27623-5,27623,1208,9,5,25.00,27730.00,0.10,0.03,N,O,1996-03-18,1996-03-16,1996-03-27,NONE,RAIL, furiously regular ideas detect acc
27623-6,27623,1309,10,6,29.00,35098.70,0.03,0.07,N,O,1996-04-14,1996-04-06,1996-04-27,TAKE BACK RETURN,TRUCK,. carefully silent
27623-7,27623,224,52,7,45.00,50589.90,0.06,0.00,N,O,1996-02-24,1996-04-20,1996-03-25,TAKE BACK RETURN,SHIP,tes wake behind the foxes: fur
27648-1,27648,1091,27,1,43.00,42659.87,0.06,0.00,A,F,1994-12-29,1994-11-21,1995-01-11,COLLECT COD,AIR,. quietly ironic accounts 
27648-2,27648,225,80,2,15.00,16878.30,0.07,0.08,R,F,1994-09-21,1994-10-24,1994-10-21,TAKE BACK RETURN,REG AIR,efully iro
27649-1,27649,860,27,1,16.00,28173.76,0.08,0.00,N,O,1996-03-25,1996-04-05,1996-04-24,TAKE BACK RETURN,AIR,bove the ironic pinto beans c
27649-2,27649,824,58,2,8.00,13798.56,0.09,0.06,N,O,1996-05-09,1996-04-03,1996-05-24,TAKE BACK RETURN,TRUCK,s! carefully final pinto beans na
27649-3,27649,1634,35,3,1.00,1535.63,0.05,0.04,N,O,1996-02-22,1996-04-12,1996-03-15,COLLECT COD,AIR, slyly regular accou
27650-1,27650,1789,16,1,1.00,1690.78,0.03,0.08,A,F,1992-11-11,1992-08-26,1992-11-26,COLLECT COD,TRUCK,s. packages slee
27651-1,27651,643,6,1,28.00,43221.92,0.10,0.07,N,O,1998-01-05,1998-01-05,1998-01-16,TAKE BACK RETURN,REG AIR,efully according to the furiously careful 
27651-2,27651,1645,28,2,35.00,54132.40,0.05,0.00,N,O,1998-02-03,1997-12-31,1998-02-13,COLLECT COD,SHIP,g the fluffily even fo
27651-3,27651,898,65,3,31.00,55765.59,0.04,0.08,N,O,1998-01-30,1998-01-14,1998-02-12,TAKE BACK RETURN,SHIP,ely slow deposi
27651-4,27651,577,8,4,26.00,38416.82,0.05,0.06,N,O,1998-01-21,1998-01-01,1998-02-04,TAKE BACK RETURN,TRUCK,lyly regula
27651-5,27651,505,66,5,16.00,22488.00,0.02,0.01,N,O,1998-02-23,1998-02-07,1998-02-28,DELIVER IN PERSON,FOB,carefully final packages use carefu
27652-1,27652,414,15,1,49.00,64406.09,0.10,0.00,R,F,1993-03-24,1993-03-04,1993-04-20,NONE,MAIL,blithely speci
27652-2,27652,1123,24,2,32.00,32771.84,0.07,0.04,A,F,1993-03-26,1993-03-23,1993-03-27,COLLECT COD,AIR, the furious
27652-3,27652,1738,81,3,49.00,80346.77,0.03,0.02,R,F,1993-01-29,1993-02-21,1993-02-25,NONE,TRUCK,ccording to the requests. blithely
27652-4,27652,817,17,4,45.00,77301.45,0.01,0.00,A,F,1993-03-27,1993-02-16,1993-04-21,NONE,MAIL,ns. slyly final packages sleep reques
27652-5,27652,532,33,5,31.00,44408.43,0.08,0.00,R,F,1993-02-14,1993-02-22,1993-02-23,TAKE BACK RETURN,MAIL, bold accounts. regular reques
27652-6,27652,723,20,6,17.00,27603.24,0.03,0.06,A,F,1993-02-06,1993-02-14,1993-02-28,TAKE BACK RETURN,RAIL,press packages boost packages; car
27653-1,27653,451,81,1,22.00,29731.90,0.01,0.08,N,O,1995-07-25,1995-08-15,1995-08-04,NONE,REG AIR,kly pending instructions cajole? pac
27654-1,27654,1340,55,1,11.00,13654.74,0.03,0.01,A,F,1994-01-21,1993-10-28,1994-01-30,NONE,RAIL,ar dependencies c
27654-2,27654,378,63,2,18.00,23010.66,0.04,0.03,A,F,1993-09-27,1993-11-07,1993-10-08,COLLECT COD,FOB, after the furiously bold deposits wa
27654-3,27654,1595,36,3,15.00,22448.85,0.05,0.02,R,F,1994-01-15,1993-11-18,1994-02-02,DELIVER IN PERSON,FOB,nt requests a
27654-4,27654,1370,47,4,12.00,15256.44,0.08,0.04,R,F,1994-01-13,1993-11-17,1994-01-25,TAKE BACK RETURN,TRUCK,. slyly even depos
27655-1,27655,1088,94,1,1.00,989.08,0.05,0.05,N,O,1998-01-29,1998-02-27,1998-02-09,COLLECT COD,SHIP, accounts sleep blithely. ironic instr
27655-2,27655,919,88,2,27.00,49137.57,0.08,0.04,N,O,1998-03-31,1998-03-04,1998-04-22,TAKE BACK RETURN,SHIP,requests nag. daringly pending requests 
27680-1,27680,522,23,1,49.00,69703.48,0.07,0.05,A,F,1993-04-12,1993-04-02,1993-05-12,DELIVER IN PERSON,MAIL,re above the quickly unusual idea
27680-2,27680,489,77,2,47.00,65305.56,0.09,0.07,A,F,1993-03-19,1993-04-07,1993-03-31,DELIVER IN PERSON,AIR,hinder furiously
27680-3,27680,1016,17,3,23.00,21091.23,0.02,0.02,A,F,1993-02-01,1993-04-12,1993-03-02,DELIVER IN PERSON,SHIP,ic accounts. slyly special depend
27680-4,27680,1152,25,4,27.00,28435.05,0.01,0.07,R,F,1993-04-24,1993-03-01,1993-05-19,TAKE BACK RETURN,FOB,heaves along the carefully iro
27680-5,27680,484,72,5,38.00,52610.24,0.04,0.00,R,F,1993-02-19,1993-03-19,1993-03-19,NONE,FOB,lly careful courts 
27680-6,27680,177,4,6,35.00,37700.95,0.03,0.02,R,F,1993-04-25,1993-03-09,1993-05-24,COLLECT COD,REG AIR,ole blithely after the carefull
27680-7,27680,1519,40,7,38.00,53979.38,0.06,0.00,A,F,1993-04-13,1993-04-23,1993-04-28,DELIVER IN PERSON,REG AIR,foxes. pending hockey players sublate qui
27681-1,27681,1133,70,1,27.00,27921.51,0.08,0.07,A,F,1994-01-11,1994-01-11,1994-01-29,DELIVER IN PERSON,RAIL, blithely except the account
27681-2,27681,1600,81,2,10.00,15016.00,0.06,0.00,A,F,1993-12-03,1994-01-12,1993-12-15,DELIVER IN PERSON,RAIL,ave to run slyly fluffily pending
27681-3,27681,1906,95,3,44.00,79547.60,0.04,0.01,A,F,1993-12-10,1993-12-26,1993-12-27,NONE,TRUCK,patterns. slyly bold as
27682-1,27682,1243,18,1,17.00,19452.08,0.08,0.03,A,F,1994-09-30,1994-09-13,1994-10-23,NONE,RAIL,refully ruthless requests wake
27682-2,27682,1035,71,2,37.00,34633.11,0.01,0.05,A,F,1994-09-21,1994-08-30,1994-10-21,COLLECT COD,TRUCK,ly even ideas must wake qui
27683-1,27683,507,98,1,12.00,16890.00,0.00,0.01,N,O,1995-12-08,1995-12-15,1995-12-22,TAKE BACK RETURN,SHIP,sly special theodolites affix. even warho
27683-2,27683,1247,85,2,2.00,2296.48,0.00,0.00,N,O,1996-02-04,1995-12-02,1996-02-06,COLLECT COD,FOB,ve the quickly final packages. regular a
27683-3,27683,1261,62,3,39.00,45328.14,0.04,0.03,N,O,1995-12-15,1995-12-29,1996-01-14,COLLECT COD,RAIL, deposits ought to cajole
27684-1,27684,1349,50,1,19.00,23756.46,0.03,0.03,N,O,1995-10-18,1995-10-15,1995-10-27,NONE,FOB,"g, final excuses doubt quickly af"
27684-2,27684,1435,75,2,45.00,60139.35,0.02,0.07,N,O,1995-11-06,1995-11-02,1995-12-01,TAKE BACK RETURN,REG AIR,eas haggle blithely unusual re
27684-3,27684,19,45,3,48.00,44112.48,0.04,0.00,N,O,1995-10-15,1995-11-06,1995-10-24,DELIVER IN PERSON,FOB,ts are after th
27684-4,27684,187,40,4,31.00,33702.58,0.00,0.05,N,O,1995-11-12,1995-10-13,1995-11-21,TAKE BACK RETURN,TRUCK,lar dependencies cajole fl
27685-1,27685,1365,42,1,36.00,45588.96,0.04,0.04,N,O,1997-09-09,1997-11-15,1997-10-04,COLLECT COD,FOB,ackages. slyly final 
27685-2,27685,559,20,2,2.00,2919.10,0.08,0.08,N,O,1997-11-21,1997-11-15,1997-12-01,TAKE BACK RETURN,RAIL,along the bl
27686-1,27686,1870,57,1,21.00,37209.27,0.05,0.06,A,F,1993-05-13,1993-03-04,1993-06-01,DELIVER IN PERSON,FOB,s wake. furiously regular accounts s
27687-1,27687,665,59,1,47.00,73586.02,0.07,0.05,R,F,1993-07-18,1993-06-04,1993-08-11,TAKE BACK RETURN,AIR,arefully slyly final deposits. fluffil
27687-2,27687,157,84,2,30.00,31714.50,0.01,0.01,R,F,1993-08-06,1993-06-22,1993-08-18,DELIVER IN PERSON,FOB,y regular requests ar
27687-3,27687,1920,21,3,28.00,51013.76,0.10,0.04,A,F,1993-05-26,1993-05-30,1993-05-29,NONE,REG AIR,press requests. ironic ideas nag pend
27712-1,27712,679,73,1,36.00,56868.12,0.01,0.07,R,F,1993-04-26,1993-04-07,1993-05-17,COLLECT COD,RAIL,le quickly carefully final foxes. re
27712-2,27712,1230,68,2,28.00,31674.44,0.05,0.02,R,F,1993-04-24,1993-04-15,1993-05-15,NONE,AIR,ular accounts. idly unusual requests cajole
27712-3,27712,31,82,3,29.00,26999.87,0.00,0.00,A,F,1993-05-16,1993-04-22,1993-05-22,COLLECT COD,AIR,ing deposits haggle b
27712-4,27712,138,17,4,10.00,10381.30,0.08,0.08,A,F,1993-03-24,1993-04-12,1993-04-18,DELIVER IN PERSON,SHIP,ependencies-- accounts above the fur
27713-1,27713,1737,38,1,43.00,70465.39,0.10,0.06,N,O,1997-03-30,1997-01-22,1997-04-28,DELIVER IN PERSON,SHIP,blithely special accounts; carefully re
27714-1,27714,888,22,1,7.00,12522.16,0.00,0.02,N,O,1997-07-25,1997-08-04,1997-08-02,DELIVER IN PERSON,REG AIR, use furiousl
27714-2,27714,1425,65,2,23.00,30507.66,0.00,0.06,N,O,1997-06-22,1997-08-22,1997-06-30,COLLECT COD,RAIL,sits. slyly regular excuses use b
27714-3,27714,1285,23,3,22.00,26098.16,0.04,0.04,N,O,1997-08-25,1997-07-21,1997-09-11,TAKE BACK RETURN,AIR,ronic pinto beans haggle bl
27715-1,27715,432,33,1,29.00,38640.47,0.06,0.07,N,O,1995-12-29,1995-11-12,1996-01-13,NONE,MAIL,fluffily furiously brave
27715-2,27715,1504,5,2,3.00,4216.50,0.08,0.04,N,O,1995-12-03,1995-12-14,1995-12-06,TAKE BACK RETURN,MAIL,ts are against the spe
27715-3,27715,773,38,3,48.00,80340.96,0.05,0.08,N,O,1995-12-17,1995-12-14,1995-12-23,DELIVER IN PERSON,AIR,x blithely 
27715-4,27715,1618,1,4,30.00,45588.30,0.06,0.06,N,O,1995-09-21,1995-11-02,1995-09-25,TAKE BACK RETURN,SHIP,ns sleep. quickly bold theodolites wake ca
27715-5,27715,1718,3,5,18.00,29154.78,0.08,0.05,N,O,1995-12-13,1995-11-11,1996-01-12,NONE,FOB,egular ideas cajole carefull
27715-6,27715,1994,39,6,20.00,37919.80,0.06,0.03,N,O,1995-11-03,1995-12-10,1995-11-05,NONE,REG AIR,"ainst the express accounts? final, express "
27715-7,27715,1128,65,7,31.00,31902.72,0.00,0.06,N,O,1996-01-07,1995-10-22,1996-01-15,COLLECT COD,RAIL,"ajole carefully. final, final pack"
27716-1,27716,1998,87,1,6.00,11399.94,0.09,0.08,N,O,1996-06-29,1996-05-29,1996-07-28,COLLECT COD,TRUCK,"es unwind carefully ironic, thin ideas. th"
27716-2,27716,1034,70,2,23.00,21505.69,0.08,0.03,N,O,1996-07-14,1996-07-18,1996-07-21,NONE,REG AIR,sual theodolites ha
27716-3,27716,41,92,3,31.00,29172.24,0.02,0.08,N,O,1996-05-19,1996-06-24,1996-05-20,DELIVER IN PERSON,FOB,lly final accounts kin
27716-4,27716,56,57,4,7.00,6692.35,0.10,0.07,N,O,1996-05-18,1996-06-12,1996-06-10,NONE,REG AIR,nic foxes alongside of the final fox
27716-5,27716,1270,71,5,42.00,49193.34,0.05,0.06,N,O,1996-06-12,1996-06-29,1996-07-04,TAKE BACK RETURN,TRUCK, quickly bold account
27717-1,27717,1289,90,1,18.00,21425.04,0.04,0.08,N,O,1995-12-03,1996-01-05,1995-12-11,COLLECT COD,MAIL, carefully p
27717-2,27717,1029,100,2,22.00,20460.44,0.10,0.06,N,O,1996-01-28,1996-01-18,1996-02-21,DELIVER IN PERSON,MAIL,carefully regular instructions wak
27717-3,27717,148,49,3,8.00,8385.12,0.02,0.06,N,O,1996-02-17,1996-01-10,1996-03-10,TAKE BACK RETURN,FOB,y special packages. pending foxes a
27717-4,27717,771,68,4,12.00,20061.24,0.02,0.05,N,O,1995-11-01,1995-12-15,1995-11-24,COLLECT COD,MAIL,use fluffily. theodolites are car
27718-1,27718,70,46,1,26.00,25221.82,0.03,0.04,N,O,1997-06-15,1997-05-02,1997-06-29,TAKE BACK RETURN,FOB,ly ironic theodolites. fluffily regula
27718-2,27718,929,32,2,17.00,31108.64,0.03,0.01,N,O,1997-02-28,1997-04-22,1997-03-29,COLLECT COD,TRUCK,beans would haggl
27719-1,27719,632,95,1,14.00,21456.82,0.03,0.06,N,F,1995-06-07,1995-04-11,1995-06-28,NONE,MAIL,latelets solve according to the express id
27719-2,27719,308,65,2,21.00,25374.30,0.03,0.00,N,F,1995-06-12,1995-05-09,1995-07-01,TAKE BACK RETURN,RAIL,ructions nod furiously. carefully fina
27719-3,27719,1719,4,3,40.00,64828.40,0.05,0.08,N,F,1995-06-02,1995-04-10,1995-06-30,COLLECT COD,TRUCK,ial pinto beans
27719-4,27719,1132,69,4,21.00,21695.73,0.09,0.07,A,F,1995-03-31,1995-04-03,1995-04-01,TAKE BACK RETURN,REG AIR,ns nag quickly along the blith
27719-5,27719,1619,43,5,31.00,47138.91,0.00,0.03,N,F,1995-06-02,1995-04-20,1995-06-23,NONE,SHIP,"nstructions above the even, ironic"
27719-6,27719,919,88,6,15.00,27298.65,0.07,0.03,A,F,1995-02-19,1995-04-07,1995-03-15,COLLECT COD,RAIL, carefully
27744-1,27744,1240,15,1,32.00,36519.68,0.04,0.01,R,F,1993-11-17,1993-09-15,1993-12-03,COLLECT COD,MAIL,latelets boost slyly regular pinto be
27745-1,27745,1302,3,1,19.00,22862.70,0.07,0.04,R,F,1993-10-31,1993-12-14,1993-11-20,DELIVER IN PERSON,AIR, of the enticin
27745-2,27745,122,49,2,18.00,18398.16,0.10,0.00,A,F,1994-01-05,1993-12-07,1994-01-08,TAKE BACK RETURN,MAIL,lyly even fox
27745-3,27745,964,33,3,2.00,3729.92,0.09,0.06,A,F,1993-10-05,1993-10-23,1993-10-16,TAKE BACK RETURN,TRUCK,blithely regular foxes 
27745-4,27745,513,14,4,33.00,46645.83,0.04,0.02,R,F,1993-10-28,1993-12-18,1993-11-21,NONE,RAIL,uriously final packages are unusual 
27745-5,27745,992,93,5,45.00,85184.55,0.07,0.06,A,F,1993-12-30,1993-11-18,1994-01-01,TAKE BACK RETURN,TRUCK,osits engage across the blit
27745-6,27745,532,63,6,2.00,2865.06,0.00,0.05,R,F,1994-01-17,1993-11-23,1994-01-19,DELIVER IN PERSON,MAIL,e special 
27745-7,27745,343,100,7,30.00,37300.20,0.00,0.04,A,F,1993-10-16,1993-11-16,1993-10-31,TAKE BACK RETURN,FOB,the furiou
27746-1,27746,903,6,1,33.00,59528.70,0.03,0.01,A,F,1994-03-23,1994-01-04,1994-04-14,NONE,TRUCK,g foxes integrate carefully patterns
27746-2,27746,1406,46,2,50.00,65370.00,0.07,0.08,R,F,1994-02-11,1994-02-24,1994-02-23,DELIVER IN PERSON,TRUCK, furiously special so
27746-3,27746,71,97,3,16.00,15537.12,0.04,0.02,R,F,1993-12-12,1994-02-15,1994-01-01,COLLECT COD,TRUCK,tes-- regular packages around th
27746-4,27746,1371,48,4,41.00,52167.17,0.10,0.02,A,F,1993-12-13,1994-01-16,1994-01-04,COLLECT COD,FOB,"the even, regular deposits. silent "
27746-5,27746,1576,57,5,38.00,56147.66,0.08,0.06,A,F,1994-02-27,1994-02-07,1994-03-16,TAKE BACK RETURN,FOB,fluffily carefully
27746-6,27746,1595,96,6,34.00,50884.06,0.02,0.08,A,F,1994-01-18,1994-01-15,1994-02-09,NONE,MAIL,gular packages sleep? carefully silent acco
27746-7,27746,923,26,7,50.00,91196.00,0.09,0.03,R,F,1994-03-18,1994-01-07,1994-03-22,DELIVER IN PERSON,AIR,y bold deposits 
27747-1,27747,94,20,1,25.00,24852.25,0.03,0.05,N,O,1995-07-26,1995-06-13,1995-08-17,NONE,RAIL,nts are furious
27748-1,27748,375,76,1,47.00,59942.39,0.01,0.06,N,O,1996-09-28,1996-10-09,1996-10-07,TAKE BACK RETURN,RAIL,lphins. sly theodolites along the quickly 
27748-2,27748,587,48,2,18.00,26776.44,0.10,0.02,N,O,1996-09-19,1996-09-19,1996-10-12,TAKE BACK RETURN,TRUCK,d accounts
27748-3,27748,1947,36,3,48.00,88749.12,0.00,0.01,N,O,1996-11-20,1996-10-04,1996-12-17,NONE,TRUCK,as. carefully even 
27748-4,27748,1507,8,4,16.00,22536.00,0.05,0.08,N,O,1996-11-10,1996-09-22,1996-12-02,TAKE BACK RETURN,SHIP,he furiously regular accounts. blithe
27748-5,27748,620,52,5,16.00,24329.92,0.01,0.06,N,O,1996-11-17,1996-09-17,1996-12-14,TAKE BACK RETURN,FOB,lly express pinto beans! ironic courts ca
27748-6,27748,124,77,6,36.00,36868.32,0.02,0.01,N,O,1996-10-30,1996-10-23,1996-11-12,DELIVER IN PERSON,TRUCK,osits cajole furiously. fluffil
27749-1,27749,613,45,1,18.00,27244.98,0.10,0.00,N,O,1998-07-24,1998-08-23,1998-08-07,DELIVER IN PERSON,REG AIR,hely carefully bo
27749-2,27749,367,96,2,15.00,19010.40,0.04,0.04,N,O,1998-08-17,1998-06-25,1998-08-25,COLLECT COD,SHIP,eposits haggle furiously qui
27749-3,27749,214,42,3,50.00,55710.50,0.07,0.08,N,O,1998-06-27,1998-07-01,1998-07-02,COLLECT COD,FOB,ad of the slyly final somas. regu
27749-4,27749,1136,9,4,46.00,47707.98,0.01,0.07,N,O,1998-05-29,1998-08-15,1998-06-04,NONE,RAIL,oxes lose fluffily around the q
27749-5,27749,1181,90,5,46.00,49780.28,0.07,0.08,N,O,1998-06-04,1998-08-04,1998-06-20,NONE,AIR,dolites boost. regular platelet
27749-6,27749,1651,75,6,10.00,15526.50,0.02,0.05,N,O,1998-06-07,1998-07-23,1998-06-13,NONE,SHIP, express pinto beans. theodolites c
27750-1,27750,1666,49,1,16.00,25082.56,0.07,0.05,R,F,1992-12-19,1992-12-29,1992-12-25,DELIVER IN PERSON,SHIP,ckages haggle carefully. bl
27750-2,27750,31,7,2,40.00,37241.20,0.09,0.07,A,F,1992-12-24,1992-12-26,1992-12-30,TAKE BACK RETURN,TRUCK,r requests. blithely r
27750-3,27750,1749,50,3,32.00,52823.68,0.03,0.06,A,F,1992-12-19,1993-01-07,1992-12-27,COLLECT COD,MAIL,dugouts haggle bold accounts. quickly
27750-4,27750,1525,26,4,45.00,64193.40,0.00,0.07,A,F,1992-12-31,1992-12-18,1993-01-10,DELIVER IN PERSON,MAIL,ronic requests serv
27751-1,27751,1516,37,1,3.00,4252.53,0.08,0.05,N,O,1998-06-10,1998-05-18,1998-07-03,COLLECT COD,REG AIR,d the blithely even accounts c
27751-2,27751,1353,68,2,16.00,20069.60,0.08,0.04,N,O,1998-07-12,1998-05-31,1998-07-14,TAKE BACK RETURN,RAIL,ven instructions along the slyly 
27751-3,27751,513,4,3,42.00,59367.42,0.06,0.06,N,O,1998-04-06,1998-06-22,1998-04-10,TAKE BACK RETURN,AIR,e furiously i
27751-4,27751,1365,42,4,36.00,45588.96,0.03,0.07,N,O,1998-07-24,1998-05-15,1998-07-30,DELIVER IN PERSON,FOB,refully bold pinto beans snooze bl
27751-5,27751,637,69,5,14.00,21526.82,0.07,0.05,N,O,1998-06-17,1998-06-01,1998-06-26,COLLECT COD,REG AIR,ular ideas impress carefull
27751-6,27751,12,63,6,19.00,17328.19,0.02,0.02,N,O,1998-05-12,1998-05-23,1998-05-24,COLLECT COD,REG AIR,e even deposits. carefully exp
27776-1,27776,1117,26,1,3.00,3054.33,0.05,0.04,R,F,1993-07-23,1993-06-15,1993-08-19,COLLECT COD,MAIL,slyly alongside
27776-2,27776,1618,1,2,47.00,71421.67,0.00,0.03,R,F,1993-08-12,1993-06-10,1993-08-18,NONE,AIR,s packages believe slyl
27776-3,27776,1907,96,3,11.00,19897.90,0.08,0.00,R,F,1993-05-12,1993-07-11,1993-05-30,COLLECT COD,FOB,ong the carefully regular packages. dogge
27776-4,27776,933,2,4,21.00,38512.53,0.07,0.01,A,F,1993-08-23,1993-06-23,1993-08-29,COLLECT COD,TRUCK, regular accounts ca
27777-1,27777,1983,28,1,45.00,84824.10,0.10,0.03,N,O,1998-08-13,1998-07-24,1998-09-05,DELIVER IN PERSON,TRUCK,nes wake quickly regular fo
27777-2,27777,1986,75,2,23.00,43423.54,0.01,0.07,N,O,1998-09-12,1998-08-23,1998-09-21,NONE,SHIP,pending pinto beans. fluffily eve
27777-3,27777,1657,58,3,6.00,9351.90,0.09,0.00,N,O,1998-10-19,1998-08-10,1998-11-15,DELIVER IN PERSON,MAIL, furiously pending
27778-1,27778,1658,41,1,28.00,43670.20,0.01,0.03,N,O,1995-11-08,1995-10-18,1995-11-19,DELIVER IN PERSON,RAIL,deposits use. e
27778-2,27778,637,31,2,24.00,36903.12,0.09,0.05,N,O,1995-09-26,1995-11-15,1995-10-18,NONE,AIR,y above the carefully unus
27778-3,27778,1311,50,3,27.00,32732.37,0.03,0.04,N,O,1995-10-09,1995-10-13,1995-10-13,DELIVER IN PERSON,MAIL,ainst the s
27778-4,27778,36,37,4,34.00,31825.02,0.05,0.05,N,O,1995-11-30,1995-10-20,1995-12-03,NONE,TRUCK,fully regular pinto beans u
27778-5,27778,396,53,5,9.00,11667.51,0.03,0.01,N,O,1995-10-17,1995-10-08,1995-11-16,TAKE BACK RETURN,AIR, stealthy requests. 
27779-1,27779,200,79,1,5.00,5501.00,0.06,0.02,R,F,1993-08-31,1993-08-25,1993-09-23,DELIVER IN PERSON,SHIP,es impress among the slyly even p
27779-2,27779,524,55,2,15.00,21367.80,0.03,0.05,R,F,1993-10-18,1993-10-10,1993-10-22,DELIVER IN PERSON,SHIP,y blithely even deposits. furi
27780-1,27780,105,6,1,36.00,36183.60,0.06,0.03,A,F,1993-01-04,1993-01-17,1993-01-08,NONE,RAIL,uickly express deposits. sp
27780-2,27780,1752,79,2,17.00,28113.75,0.02,0.07,R,F,1993-01-31,1992-12-26,1993-02-16,COLLECT COD,MAIL,packages. carefully express plat
27780-3,27780,1756,57,3,6.00,9946.50,0.06,0.03,A,F,1992-11-21,1992-12-07,1992-11-30,DELIVER IN PERSON,MAIL,to the fluffily reg
27780-4,27780,916,85,4,6.00,10901.46,0.09,0.02,A,F,1993-01-12,1993-01-14,1993-01-21,NONE,AIR,run about the f
27780-5,27780,115,68,5,22.00,22332.42,0.09,0.03,R,F,1992-11-09,1992-12-22,1992-12-08,COLLECT COD,FOB,he quickly final accounts. ac
27781-1,27781,1640,41,1,49.00,75540.36,0.08,0.03,N,O,1995-09-29,1995-12-10,1995-10-13,NONE,AIR,ld requests. fu
27781-2,27781,98,99,2,20.00,19961.80,0.09,0.05,N,O,1995-09-18,1995-12-14,1995-10-11,TAKE BACK RETURN,FOB,pliers wake ca
27781-3,27781,956,57,3,25.00,46423.75,0.05,0.03,N,O,1995-11-08,1995-12-13,1995-11-18,NONE,TRUCK,iously special ideas play furious
27781-4,27781,1172,45,4,6.00,6439.02,0.00,0.02,N,O,1995-11-16,1995-10-30,1995-11-29,TAKE BACK RETURN,RAIL,he slyly even deposits!
27782-1,27782,486,45,1,25.00,34662.00,0.01,0.06,N,O,1996-04-08,1996-05-03,1996-05-04,DELIVER IN PERSON,AIR,"s. ironic, ironic accounts are furiousl"
27782-2,27782,279,34,2,45.00,53067.15,0.05,0.04,N,O,1996-02-23,1996-04-26,1996-03-01,COLLECT COD,FOB,ptotes. deposits against the blith
27782-3,27782,1494,73,3,20.00,27909.80,0.08,0.08,N,O,1996-05-28,1996-05-15,1996-06-17,COLLECT COD,REG AIR, furiously even foxes doze
27782-4,27782,788,53,4,25.00,42219.50,0.07,0.05,N,O,1996-04-17,1996-05-04,1996-05-14,NONE,MAIL,es. fluffi
27782-5,27782,1918,51,5,3.00,5459.73,0.02,0.00,N,O,1996-04-27,1996-04-12,1996-05-25,TAKE BACK RETURN,RAIL,y final deposits. carefully special the
27782-6,27782,1895,82,6,31.00,55703.59,0.08,0.08,N,O,1996-06-07,1996-03-24,1996-06-25,TAKE BACK RETURN,SHIP,es thrash. unusual theodolit
27782-7,27782,141,68,7,17.00,17699.38,0.00,0.08,N,O,1996-06-18,1996-04-01,1996-06-20,NONE,REG AIR, sentiments cajole slyly
27783-1,27783,86,12,1,19.00,18735.52,0.02,0.01,N,O,1996-03-01,1996-05-01,1996-03-20,NONE,RAIL,accounts ar
27783-2,27783,1435,14,2,22.00,29401.46,0.08,0.04,N,O,1996-03-18,1996-04-07,1996-03-26,TAKE BACK RETURN,SHIP,nst the furiously ironic instructions
27783-3,27783,1331,32,3,32.00,39434.56,0.10,0.04,N,O,1996-04-21,1996-03-31,1996-04-28,TAKE BACK RETURN,MAIL, the blithely ironic instructions. 
27808-1,27808,682,14,1,50.00,79134.00,0.04,0.08,A,F,1993-03-04,1993-04-19,1993-03-06,TAKE BACK RETURN,REG AIR,lly ironic pack
27808-2,27808,1517,38,2,15.00,21277.65,0.08,0.01,A,F,1993-05-18,1993-03-24,1993-06-10,COLLECT COD,FOB,ways furiously slow ideas. packages cajol
27809-1,27809,360,89,1,20.00,25207.20,0.09,0.07,N,O,1996-01-11,1995-12-13,1996-01-25,NONE,SHIP,even packages nag
27810-1,27810,293,21,1,17.00,20285.93,0.05,0.01,R,F,1993-03-19,1993-03-18,1993-04-14,COLLECT COD,FOB,ffix furiously. slyly express platelets na
27810-2,27810,369,98,2,30.00,38080.80,0.00,0.02,A,F,1993-04-02,1993-04-21,1993-04-21,COLLECT COD,REG AIR,pecial platelets boost pending
27810-3,27810,1835,79,3,1.00,1736.83,0.06,0.02,A,F,1993-05-17,1993-04-17,1993-06-02,COLLECT COD,AIR, alongside of the regular accounts
27810-4,27810,1803,47,4,30.00,51144.00,0.04,0.03,A,F,1993-03-24,1993-04-20,1993-04-23,TAKE BACK RETURN,AIR,even packages! pinto b
27810-5,27810,311,96,5,23.00,27860.13,0.01,0.06,R,F,1993-04-07,1993-02-28,1993-04-15,NONE,RAIL, excuses wake quickly after 
27810-6,27810,1366,81,6,16.00,20277.76,0.10,0.02,A,F,1993-03-27,1993-03-12,1993-04-25,DELIVER IN PERSON,REG AIR,"about the final, silent"
27811-1,27811,1135,36,1,42.00,43517.46,0.07,0.08,R,F,1995-04-27,1995-04-21,1995-05-09,TAKE BACK RETURN,FOB,slyly regular instr
27811-2,27811,1462,63,2,4.00,5453.84,0.08,0.02,A,F,1995-04-23,1995-04-20,1995-05-21,COLLECT COD,RAIL,ly: ironic instructions print slyly
27811-3,27811,768,69,3,50.00,83438.00,0.07,0.00,A,F,1995-03-07,1995-05-05,1995-04-03,TAKE BACK RETURN,FOB,ly regular pinto beans
27811-4,27811,1338,39,4,31.00,38419.23,0.02,0.04,R,F,1995-05-19,1995-04-13,1995-06-10,DELIVER IN PERSON,TRUCK,y even deposit
27811-5,27811,1430,9,5,11.00,14645.73,0.08,0.06,A,F,1995-04-30,1995-04-07,1995-05-13,DELIVER IN PERSON,SHIP,t quickly always un
27812-1,27812,1164,65,1,34.00,36215.44,0.02,0.05,N,O,1997-11-17,1997-10-24,1997-11-28,DELIVER IN PERSON,AIR,ular foxes use a
27812-2,27812,1271,9,2,43.00,50407.61,0.08,0.01,N,O,1997-12-13,1997-12-17,1998-01-06,DELIVER IN PERSON,FOB,g to the pinto beans. c
27813-1,27813,1679,62,1,18.00,28452.06,0.00,0.07,R,F,1994-02-18,1994-03-09,1994-03-02,TAKE BACK RETURN,RAIL, asymptotes. requests are carefully alon
27813-2,27813,292,74,2,2.00,2384.58,0.07,0.01,A,F,1994-03-14,1994-03-29,1994-03-19,NONE,FOB,nusual packages! final ac
27813-3,27813,1471,50,3,23.00,31566.81,0.09,0.00,R,F,1994-02-02,1994-03-04,1994-02-22,COLLECT COD,MAIL,al pinto beans. furiously ironic requests 
27813-4,27813,293,48,4,17.00,20285.93,0.09,0.06,R,F,1994-01-28,1994-03-24,1994-02-21,TAKE BACK RETURN,TRUCK,jole. furiously express
27814-1,27814,90,41,1,50.00,49504.50,0.09,0.04,N,O,1998-01-12,1997-12-20,1998-02-08,TAKE BACK RETURN,MAIL,tes affix slyly above th
27814-2,27814,598,99,2,22.00,32968.98,0.05,0.00,N,O,1997-12-07,1997-11-26,1997-12-23,COLLECT COD,MAIL,ans. daring reques
27814-3,27814,121,22,3,41.00,41865.92,0.08,0.00,N,O,1997-11-10,1997-12-10,1997-11-20,DELIVER IN PERSON,RAIL, use furiously 
27814-4,27814,1784,69,4,43.00,72488.54,0.00,0.07,N,O,1998-01-24,1998-01-18,1998-01-30,NONE,TRUCK,hely regular theodolites a
27814-5,27814,1014,85,5,6.00,5490.06,0.05,0.07,N,O,1998-01-20,1997-12-24,1998-02-10,DELIVER IN PERSON,REG AIR,es. specia
27814-6,27814,451,81,6,14.00,18920.30,0.06,0.00,N,O,1998-02-16,1997-12-05,1998-03-11,DELIVER IN PERSON,SHIP,", enticing ideas sleep fu"
27815-1,27815,216,17,1,42.00,46880.82,0.07,0.04,N,O,1996-07-02,1996-06-30,1996-07-11,COLLECT COD,TRUCK,aids wake fluffily ironic 
27815-2,27815,559,50,2,14.00,20433.70,0.03,0.03,N,O,1996-04-22,1996-05-29,1996-04-24,DELIVER IN PERSON,REG AIR,final deposits. blithely even
27815-3,27815,506,7,3,46.00,64699.00,0.06,0.07,N,O,1996-05-11,1996-06-08,1996-05-18,COLLECT COD,RAIL, packages integrate slyly bold pinto be
27815-4,27815,806,6,4,8.00,13654.40,0.04,0.08,N,O,1996-07-16,1996-07-06,1996-07-24,TAKE BACK RETURN,FOB,tions. fluffily express foxes caj
27815-5,27815,159,38,5,27.00,28597.05,0.00,0.03,N,O,1996-05-21,1996-06-18,1996-06-05,DELIVER IN PERSON,REG AIR,to the quickly quick ins
27815-6,27815,610,4,6,33.00,49850.13,0.05,0.08,N,O,1996-04-14,1996-06-02,1996-04-18,DELIVER IN PERSON,FOB,he quickly final asymptotes.
27840-1,27840,1949,94,1,48.00,88845.12,0.04,0.02,R,F,1994-09-02,1994-09-16,1994-09-06,NONE,TRUCK,stealthily final packages cajole
27840-2,27840,1687,88,2,28.00,44483.04,0.05,0.07,A,F,1994-07-22,1994-09-09,1994-08-20,TAKE BACK RETURN,RAIL,"ar accounts nag ironic, unusual pi"
27840-3,27840,484,43,3,24.00,33227.52,0.02,0.07,R,F,1994-09-16,1994-09-24,1994-09-30,NONE,RAIL,ckly expre
27840-4,27840,519,10,4,24.00,34068.24,0.09,0.03,R,F,1994-09-02,1994-08-18,1994-09-20,TAKE BACK RETURN,FOB,e during t
27840-5,27840,513,74,5,29.00,40991.79,0.07,0.08,A,F,1994-09-05,1994-09-12,1994-09-19,DELIVER IN PERSON,AIR, blithely ironic packages. slyly eve
27841-1,27841,747,12,1,5.00,8238.70,0.01,0.03,R,F,1992-12-03,1992-10-29,1992-12-18,DELIVER IN PERSON,RAIL,furiously about the furiously i
27841-2,27841,1168,77,2,22.00,23521.52,0.03,0.05,A,F,1992-10-24,1992-11-11,1992-11-08,NONE,RAIL,inst the quickly eve
27841-3,27841,1865,52,3,47.00,83042.42,0.01,0.03,A,F,1992-09-23,1992-12-09,1992-10-08,NONE,RAIL,fter the car
27841-4,27841,446,47,4,10.00,13464.40,0.02,0.06,R,F,1992-12-02,1992-12-09,1992-12-18,DELIVER IN PERSON,SHIP,dolphins integrate pendi
27841-5,27841,203,4,5,49.00,54056.80,0.10,0.01,A,F,1992-10-10,1992-12-12,1992-10-24,NONE,MAIL,ress excuses haggle fluff
27841-6,27841,877,78,6,46.00,81782.02,0.02,0.02,A,F,1993-01-02,1992-12-10,1993-01-03,COLLECT COD,TRUCK,ar deposits cajole ruthlessly e
27841-7,27841,1079,50,7,24.00,23521.68,0.03,0.01,A,F,1992-10-22,1992-11-28,1992-11-21,DELIVER IN PERSON,FOB,uffily bold packages. ir
27842-1,27842,578,79,1,12.00,17742.84,0.00,0.01,N,O,1998-06-16,1998-08-13,1998-07-15,TAKE BACK RETURN,FOB,olites promise among the furio
27842-2,27842,968,71,2,18.00,33641.28,0.09,0.05,N,O,1998-07-31,1998-08-06,1998-08-27,COLLECT COD,REG AIR,sly according to the car
27842-3,27842,11,62,3,6.00,5466.06,0.02,0.05,N,O,1998-06-28,1998-07-25,1998-07-24,COLLECT COD,MAIL,refully sile
27842-4,27842,767,100,4,34.00,56703.84,0.02,0.00,N,O,1998-08-31,1998-08-25,1998-09-15,DELIVER IN PERSON,REG AIR,ongside of the even packages. quickly bold 
27842-5,27842,1529,50,5,17.00,24318.84,0.07,0.06,N,O,1998-09-19,1998-08-06,1998-09-26,DELIVER IN PERSON,MAIL, regular depths. quickly even dep
27843-1,27843,43,44,1,26.00,24519.04,0.08,0.01,A,F,1993-11-28,1993-10-28,1993-12-10,COLLECT COD,TRUCK,eposits above the blithely pending d
27843-2,27843,1718,3,2,2.00,3239.42,0.08,0.03,A,F,1993-11-06,1993-10-15,1993-11-28,COLLECT COD,TRUCK,es sleep slyly expr
27843-3,27843,1851,38,3,17.00,29798.45,0.10,0.00,R,F,1993-12-18,1993-12-05,1994-01-15,DELIVER IN PERSON,RAIL,es solve furiously. q
27843-4,27843,1536,57,4,13.00,18687.89,0.04,0.00,A,F,1993-12-19,1993-10-15,1993-12-24,COLLECT COD,MAIL,eas along the blithely
27843-5,27843,1330,45,5,36.00,44327.88,0.05,0.07,A,F,1993-12-24,1993-12-05,1994-01-03,DELIVER IN PERSON,TRUCK,"tructions. final,"
27844-1,27844,1666,67,1,7.00,10973.62,0.10,0.02,N,O,1995-09-14,1995-08-09,1995-09-16,COLLECT COD,AIR,quests cajole slyly bold excuses. bli
27844-2,27844,1861,5,2,15.00,26442.90,0.00,0.08,N,O,1995-08-22,1995-08-20,1995-09-02,DELIVER IN PERSON,MAIL, nag carefully furiou
27844-3,27844,1611,35,3,26.00,39327.86,0.07,0.01,N,O,1995-08-03,1995-08-03,1995-08-15,DELIVER IN PERSON,AIR,ross the furiously bold instruction
27844-4,27844,551,12,4,45.00,65319.75,0.07,0.05,N,O,1995-07-14,1995-08-08,1995-07-18,DELIVER IN PERSON,AIR,ideas are bold accounts. carefully express
27845-1,27845,983,86,1,44.00,82895.12,0.01,0.07,N,O,1995-09-18,1995-09-18,1995-10-17,COLLECT COD,FOB, ideas. doggedly e
27845-2,27845,971,40,2,2.00,3743.94,0.08,0.04,N,O,1995-09-10,1995-10-01,1995-10-02,NONE,SHIP,s. quickly bold instructions u
27845-3,27845,1484,2,3,14.00,19396.72,0.09,0.03,N,O,1995-11-08,1995-08-21,1995-11-30,COLLECT COD,TRUCK,"ly. pending, final requests sleep about "
27845-4,27845,365,50,4,12.00,15184.32,0.04,0.05,N,O,1995-09-20,1995-08-17,1995-10-09,NONE,TRUCK,iously except the regular mu
27845-5,27845,1450,68,5,29.00,39192.05,0.09,0.03,N,O,1995-07-16,1995-09-19,1995-08-10,TAKE BACK RETURN,SHIP,phins will sleep quickly carefully pend
27846-1,27846,806,6,1,34.00,58031.20,0.07,0.04,N,O,1996-06-13,1996-07-10,1996-06-29,DELIVER IN PERSON,FOB, instructions 
27847-1,27847,529,90,1,8.00,11436.16,0.08,0.06,N,O,1998-10-13,1998-09-09,1998-10-30,COLLECT COD,FOB,ronic requests. p
27847-2,27847,337,38,2,3.00,3711.99,0.03,0.02,N,O,1998-08-27,1998-08-28,1998-09-19,TAKE BACK RETURN,AIR," deposits. unusual, fi"
27847-3,27847,693,87,3,24.00,38248.56,0.09,0.06,N,O,1998-09-21,1998-10-08,1998-09-28,TAKE BACK RETURN,RAIL, nag carefully flu
27847-4,27847,815,16,4,39.00,66916.59,0.08,0.06,N,O,1998-10-05,1998-10-08,1998-10-07,COLLECT COD,AIR,quests haggle permanently blithely 
27872-1,27872,499,87,1,20.00,27989.80,0.03,0.00,N,O,1995-12-02,1995-11-14,1995-12-07,DELIVER IN PERSON,REG AIR,en ideas. blithely even deposits d
27872-2,27872,1084,55,2,50.00,49254.00,0.05,0.01,N,O,1995-12-14,1995-12-19,1996-01-04,COLLECT COD,SHIP,ar requests boost
27872-3,27872,633,34,3,22.00,33739.86,0.07,0.07,N,O,1996-01-17,1995-12-02,1996-02-15,COLLECT COD,RAIL,"ains are express, iron"
27872-4,27872,1377,78,4,34.00,43464.58,0.08,0.06,N,O,1995-12-30,1995-11-19,1996-01-24,TAKE BACK RETURN,AIR,al excuses. slyly ironic idea
27872-5,27872,1192,29,5,4.00,4372.76,0.06,0.06,N,O,1995-11-09,1995-12-30,1995-11-25,NONE,FOB,carefully. express depos
27872-6,27872,806,6,6,50.00,85340.00,0.09,0.03,N,O,1996-01-24,1996-01-03,1996-02-15,NONE,MAIL, theodolites hagg
27873-1,27873,16,92,1,17.00,15572.17,0.07,0.03,N,O,1996-06-15,1996-08-06,1996-07-14,NONE,TRUCK,e blithely regular excuses.
27873-2,27873,220,75,2,47.00,52650.34,0.06,0.08,N,O,1996-07-26,1996-08-06,1996-08-24,TAKE BACK RETURN,FOB,"ns would are even, unusual accounts."
27874-1,27874,106,85,1,44.00,44268.40,0.10,0.08,N,O,1997-10-08,1997-10-08,1997-10-29,NONE,TRUCK,nic requests above the slyly 
27874-2,27874,443,31,2,28.00,37616.32,0.02,0.04,N,O,1997-09-09,1997-10-20,1997-09-15,NONE,REG AIR,n packages. quickly unusual ideas wake c
27874-3,27874,1053,59,3,18.00,17172.90,0.04,0.07,N,O,1997-10-30,1997-10-26,1997-11-12,TAKE BACK RETURN,RAIL,ounts use. quickly e
27874-4,27874,1554,95,4,3.00,4366.65,0.07,0.00,N,O,1997-11-27,1997-11-23,1997-12-16,TAKE BACK RETURN,SHIP, may use. dolphins integrate on the s
27874-5,27874,304,5,5,32.00,38537.60,0.02,0.06,N,O,1997-10-20,1997-11-09,1997-11-05,COLLECT COD,AIR,e fluffily fi
27875-1,27875,1888,89,1,12.00,21478.56,0.06,0.04,A,F,1993-05-27,1993-05-15,1993-05-28,TAKE BACK RETURN,MAIL,uffily fluffy 
27875-2,27875,122,49,2,28.00,28619.36,0.00,0.05,A,F,1993-04-16,1993-06-11,1993-05-05,DELIVER IN PERSON,RAIL,y pending accoun
27875-3,27875,326,83,3,26.00,31884.32,0.09,0.05,R,F,1993-04-20,1993-06-01,1993-05-06,DELIVER IN PERSON,TRUCK,arefully express packa
27875-4,27875,294,49,4,33.00,39411.57,0.07,0.07,A,F,1993-07-02,1993-06-02,1993-07-28,COLLECT COD,SHIP,s haggle furio
27875-5,27875,805,6,5,10.00,17058.00,0.08,0.00,A,F,1993-06-26,1993-06-24,1993-06-28,NONE,SHIP,"ironic, special d"
27875-6,27875,870,70,6,25.00,44271.75,0.10,0.04,R,F,1993-04-08,1993-05-26,1993-05-04,COLLECT COD,AIR,. slyly silent foxes haggle blit
27876-1,27876,1288,89,1,26.00,30921.28,0.06,0.03,A,F,1993-11-07,1993-10-15,1993-12-07,NONE,MAIL,sleep. furiously silent pac
27876-2,27876,1972,5,2,30.00,56219.10,0.08,0.07,A,F,1993-09-13,1993-10-23,1993-09-27,TAKE BACK RETURN,RAIL,o beans. bl
27876-3,27876,1530,11,3,33.00,47240.49,0.07,0.05,R,F,1993-12-12,1993-11-21,1993-12-18,DELIVER IN PERSON,SHIP,ly bold wate
27876-4,27876,1721,22,4,4.00,6490.88,0.05,0.04,R,F,1993-10-01,1993-11-17,1993-10-03,TAKE BACK RETURN,TRUCK,bold instructions. furiously reg
27877-1,27877,1677,19,1,2.00,3157.34,0.01,0.01,N,O,1997-04-21,1997-05-29,1997-04-29,COLLECT COD,AIR," deposits. bold, ironic"
27877-2,27877,481,69,2,16.00,22103.68,0.08,0.05,N,O,1997-06-24,1997-05-10,1997-07-14,DELIVER IN PERSON,SHIP, special acco
27877-3,27877,1817,4,3,40.00,68752.40,0.07,0.00,N,O,1997-05-27,1997-04-26,1997-06-17,DELIVER IN PERSON,MAIL,ironic accounts: carefully bold de
27877-4,27877,192,19,4,7.00,7645.33,0.07,0.04,N,O,1997-03-30,1997-05-19,1997-04-21,DELIVER IN PERSON,TRUCK," ironic packages. ironic, ironic req"
27877-5,27877,265,47,5,15.00,17478.90,0.02,0.01,N,O,1997-04-28,1997-06-07,1997-05-17,TAKE BACK RETURN,SHIP,ns haggle regular accounts. packages aft
27877-6,27877,1935,36,6,11.00,20206.23,0.10,0.00,N,O,1997-06-01,1997-04-25,1997-06-16,TAKE BACK RETURN,AIR,"etect furiously. enticing, express packa"
27877-7,27877,687,81,7,41.00,65094.88,0.05,0.00,N,O,1997-04-11,1997-05-18,1997-05-05,DELIVER IN PERSON,SHIP, accounts. busily re
27878-1,27878,990,93,1,21.00,39710.79,0.05,0.04,N,O,1997-04-29,1997-06-15,1997-05-15,TAKE BACK RETURN,SHIP,uriously final requests. foxes cajole s
27879-1,27879,213,41,1,26.00,28943.46,0.00,0.00,A,F,1993-03-14,1993-05-04,1993-03-17,NONE,SHIP, carefully carefully bold platele
27879-2,27879,1177,50,2,22.00,23719.74,0.07,0.03,A,F,1993-03-11,1993-05-10,1993-04-10,TAKE BACK RETURN,TRUCK,riously. furiously slow requests a
27879-3,27879,645,46,3,3.00,4636.92,0.03,0.04,A,F,1993-03-11,1993-05-16,1993-03-29,DELIVER IN PERSON,SHIP,nd the even ideas. regular packages are
27904-1,27904,166,19,1,29.00,30918.64,0.03,0.06,N,O,1995-10-06,1995-10-31,1995-10-29,COLLECT COD,AIR,", ironic packages integrate about the bli"
27904-2,27904,1032,33,2,21.00,19593.63,0.08,0.02,N,O,1995-11-16,1995-10-06,1995-11-22,TAKE BACK RETURN,FOB,eposits beneath the caref
27905-1,27905,1736,37,1,32.00,52407.36,0.07,0.02,N,O,1997-12-01,1998-01-23,1997-12-09,TAKE BACK RETURN,REG AIR,ar excuses. furiously special packa
27905-2,27905,1814,15,2,42.00,72064.02,0.08,0.00,N,O,1998-02-18,1997-12-19,1998-03-08,TAKE BACK RETURN,AIR,"gular, ironic grouches accord"
27905-3,27905,1036,37,3,46.00,43103.38,0.09,0.04,N,O,1997-11-12,1998-01-28,1997-11-15,DELIVER IN PERSON,SHIP,"accounts. ironic, unusu"
27905-4,27905,1735,36,4,19.00,31097.87,0.00,0.07,N,O,1998-02-05,1998-01-27,1998-02-14,NONE,TRUCK,ependencies cajole fluffily. flu
27906-1,27906,426,14,1,36.00,47751.12,0.00,0.03,N,O,1997-06-25,1997-08-16,1997-07-25,DELIVER IN PERSON,AIR, players nag along the requests; foxes 
27906-2,27906,1200,37,2,8.00,8809.60,0.04,0.07,N,O,1997-08-24,1997-07-23,1997-09-06,TAKE BACK RETURN,MAIL, instructions. requests affix. carefu
27906-3,27906,185,12,3,3.00,3255.54,0.05,0.03,N,O,1997-06-21,1997-07-30,1997-07-09,COLLECT COD,FOB,beans. requests nag 
27906-4,27906,39,90,4,43.00,40378.29,0.10,0.04,N,O,1997-09-18,1997-07-12,1997-09-30,NONE,SHIP,ven deposits. blithely regular accounts
27906-5,27906,506,97,5,4.00,5626.00,0.08,0.08,N,O,1997-07-27,1997-07-17,1997-08-14,TAKE BACK RETURN,TRUCK,the fluffily express packages. sl
27906-6,27906,614,15,6,5.00,7573.05,0.01,0.04,N,O,1997-09-18,1997-07-11,1997-09-30,DELIVER IN PERSON,FOB, carefully. blithely express
27907-1,27907,1242,17,1,15.00,17148.60,0.06,0.03,N,O,1998-03-05,1998-01-23,1998-03-11,DELIVER IN PERSON,FOB,ilently final foxes
27908-1,27908,916,51,1,27.00,49056.57,0.01,0.08,A,F,1994-06-12,1994-07-06,1994-06-15,TAKE BACK RETURN,FOB,p slyly dogg
27908-2,27908,755,88,2,22.00,36426.50,0.07,0.01,R,F,1994-05-19,1994-06-26,1994-06-16,TAKE BACK RETURN,RAIL, above the car
27908-3,27908,794,95,3,4.00,6779.16,0.06,0.05,R,F,1994-07-22,1994-07-09,1994-08-08,TAKE BACK RETURN,MAIL,eans. pending ideas sleep according
27909-1,27909,474,62,1,6.00,8246.82,0.06,0.05,R,F,1992-05-06,1992-04-12,1992-05-22,NONE,TRUCK,ests wake about the 
27909-2,27909,1715,100,2,13.00,21017.23,0.01,0.00,R,F,1992-06-07,1992-04-03,1992-06-10,TAKE BACK RETURN,AIR, accounts. even requests nag. slyly
27909-3,27909,420,8,3,48.00,63380.16,0.03,0.06,A,F,1992-02-14,1992-04-26,1992-03-05,DELIVER IN PERSON,REG AIR,ly. furiously bold the
27909-4,27909,394,79,4,24.00,31065.36,0.04,0.07,R,F,1992-05-23,1992-03-25,1992-06-13,COLLECT COD,FOB,y regular packages kindle ironic
27909-5,27909,833,34,5,29.00,50281.07,0.08,0.02,R,F,1992-04-20,1992-04-23,1992-05-06,NONE,FOB,tect regularly. 
27910-1,27910,1338,39,1,27.00,33461.91,0.08,0.06,A,F,1995-01-07,1994-12-16,1995-01-12,DELIVER IN PERSON,RAIL,ng to the warthogs. carefully regul
27910-2,27910,1566,7,2,13.00,19078.28,0.09,0.02,R,F,1994-12-17,1994-12-15,1994-12-20,NONE,RAIL,egular requests along the unusual instruct
27910-3,27910,236,91,3,41.00,46585.43,0.01,0.06,A,F,1995-02-01,1995-01-21,1995-03-03,DELIVER IN PERSON,SHIP,posits boost slyly 
27910-4,27910,748,81,4,38.00,62652.12,0.00,0.08,R,F,1995-03-10,1995-02-01,1995-04-04,DELIVER IN PERSON,SHIP,deposits alongside 
27911-1,27911,1873,60,1,50.00,88743.50,0.09,0.06,N,O,1997-03-09,1997-02-05,1997-03-22,TAKE BACK RETURN,TRUCK,to beans are f
27911-2,27911,316,1,2,21.00,25542.51,0.07,0.05,N,O,1997-03-01,1997-01-15,1997-03-24,TAKE BACK RETURN,RAIL,y furiously along the q
27911-3,27911,494,53,3,40.00,55779.60,0.00,0.07,N,O,1997-03-23,1997-02-25,1997-04-04,DELIVER IN PERSON,TRUCK,"g, ironic instructions. e"
27911-4,27911,538,29,4,40.00,57541.20,0.01,0.00,N,O,1997-01-21,1997-01-22,1997-02-16,DELIVER IN PERSON,SHIP,sly. slyly regular accoun
27911-5,27911,1543,64,5,26.00,37558.04,0.05,0.03,N,O,1997-04-02,1997-02-10,1997-04-16,TAKE BACK RETURN,MAIL,ns are furio
27936-1,27936,309,10,1,2.00,2418.60,0.08,0.04,N,O,1995-07-27,1995-09-20,1995-08-02,NONE,REG AIR,ronic ideas sleep. unusual packages hagg
27936-2,27936,328,29,2,9.00,11054.88,0.08,0.08,N,O,1995-07-17,1995-09-18,1995-07-19,NONE,REG AIR,"the even braids. final, regular accounts "
27936-3,27936,1361,100,3,25.00,31559.00,0.03,0.05,N,O,1995-09-11,1995-08-17,1995-09-30,TAKE BACK RETURN,MAIL,uests. slyly r
27936-4,27936,26,52,4,43.00,39818.86,0.00,0.01,N,O,1995-07-12,1995-08-13,1995-07-26,COLLECT COD,REG AIR,attainments across the furiously ruthle
27936-5,27936,40,41,5,36.00,33841.44,0.03,0.05,N,O,1995-07-30,1995-08-29,1995-08-02,TAKE BACK RETURN,FOB,ar forges breach
27936-6,27936,1220,32,6,22.00,24666.84,0.10,0.03,N,O,1995-09-16,1995-08-23,1995-09-17,TAKE BACK RETURN,TRUCK,ly regular somas. fluffil
27936-7,27936,971,6,7,24.00,44927.28,0.08,0.03,N,O,1995-09-16,1995-08-16,1995-10-14,TAKE BACK RETURN,SHIP,into beans. ironic deposits nag. pendin
27937-1,27937,398,27,1,16.00,20774.24,0.03,0.02,N,O,1998-04-07,1998-03-01,1998-04-09,TAKE BACK RETURN,TRUCK,requests. carefully express packages haggle
27937-2,27937,77,3,2,26.00,25403.82,0.07,0.03,N,O,1998-02-25,1998-04-23,1998-03-12,DELIVER IN PERSON,REG AIR,tes engage furiously above the
27937-3,27937,1566,7,3,18.00,26416.08,0.06,0.06,N,O,1998-03-15,1998-03-30,1998-03-23,NONE,RAIL,ns thrash quietly ironical
27937-4,27937,359,60,4,40.00,50374.00,0.10,0.03,N,O,1998-03-21,1998-03-03,1998-03-24,DELIVER IN PERSON,TRUCK,uriously along the even instruct
27937-5,27937,1365,66,5,39.00,49388.04,0.10,0.02,N,O,1998-05-02,1998-03-18,1998-05-09,TAKE BACK RETURN,RAIL,. blithely
27938-1,27938,329,30,1,29.00,35650.28,0.02,0.06,R,F,1994-06-28,1994-06-28,1994-07-24,DELIVER IN PERSON,REG AIR,express packages. final reque
27938-2,27938,657,89,2,17.00,26480.05,0.04,0.01,R,F,1994-06-11,1994-07-05,1994-06-27,COLLECT COD,REG AIR, after the furiously 
27938-3,27938,728,61,3,1.00,1628.72,0.02,0.05,R,F,1994-05-19,1994-07-19,1994-06-08,TAKE BACK RETURN,AIR,gular asympto
27939-1,27939,1501,22,1,9.00,12622.50,0.07,0.06,R,F,1992-06-13,1992-06-07,1992-07-03,COLLECT COD,REG AIR,quests amon
27939-2,27939,1141,42,2,17.00,17716.38,0.01,0.00,R,F,1992-05-06,1992-07-07,1992-05-14,NONE,SHIP,counts use slyly along the final accounts
27939-3,27939,972,73,3,37.00,69299.89,0.02,0.04,R,F,1992-06-09,1992-05-26,1992-06-17,TAKE BACK RETURN,TRUCK,es use aro
27939-4,27939,495,83,4,14.00,19536.86,0.09,0.03,R,F,1992-07-19,1992-06-18,1992-08-04,TAKE BACK RETURN,RAIL,y pending accou
27939-5,27939,201,83,5,48.00,52857.60,0.04,0.01,A,F,1992-05-25,1992-06-19,1992-06-09,DELIVER IN PERSON,RAIL,uriously furiously bold as
27939-6,27939,400,57,6,1.00,1300.40,0.08,0.05,A,F,1992-05-10,1992-05-26,1992-06-09,COLLECT COD,TRUCK,f the pinto beans are about the slyl
27940-1,27940,1063,34,1,9.00,8676.54,0.02,0.03,N,O,1998-03-28,1998-01-20,1998-04-17,COLLECT COD,AIR, pinto beans detect fluffily around
27940-2,27940,1554,35,2,49.00,71321.95,0.01,0.00,N,O,1998-01-28,1998-03-08,1998-02-18,COLLECT COD,FOB,ithely ironic ideas are at the furiou
27940-3,27940,937,6,3,25.00,45948.25,0.02,0.04,N,O,1998-02-17,1998-01-10,1998-03-15,DELIVER IN PERSON,SHIP," special, regular theodolites haggle sly"
27941-1,27941,279,34,1,23.00,27123.21,0.02,0.01,A,F,1993-09-29,1993-09-23,1993-10-09,NONE,TRUCK,nts against the ir
27941-2,27941,1810,11,2,18.00,30812.58,0.09,0.02,A,F,1993-10-24,1993-08-13,1993-11-01,NONE,MAIL,ets. ideas haggle car
27941-3,27941,569,30,3,35.00,51434.60,0.06,0.00,R,F,1993-08-19,1993-08-15,1993-08-28,DELIVER IN PERSON,SHIP,r the furiously brave dug
27941-4,27941,254,82,4,28.00,32319.00,0.09,0.05,A,F,1993-08-17,1993-09-30,1993-08-18,COLLECT COD,AIR,ously pending ideas are furiousl
27942-1,27942,20,46,1,37.00,34040.74,0.07,0.03,N,O,1998-02-14,1998-01-05,1998-02-26,COLLECT COD,RAIL,d foxes. carefully final accou
27942-2,27942,504,5,2,45.00,63202.50,0.07,0.02,N,O,1998-01-16,1997-12-02,1998-01-30,DELIVER IN PERSON,AIR,sly. regular packages
27942-3,27942,683,84,3,26.00,41175.68,0.06,0.02,N,O,1998-02-14,1997-12-09,1998-02-24,TAKE BACK RETURN,RAIL,ns are around th
27942-4,27942,937,72,4,9.00,16541.37,0.01,0.07,N,O,1997-11-27,1997-12-18,1997-12-21,DELIVER IN PERSON,TRUCK,ickly pending theodolites: pint
27942-5,27942,390,75,5,33.00,42582.87,0.09,0.04,N,O,1998-02-18,1997-12-24,1998-02-28,NONE,AIR,carefully. furiously fin
27942-6,27942,820,54,6,5.00,8604.10,0.06,0.06,N,O,1997-11-10,1997-12-29,1997-12-09,TAKE BACK RETURN,RAIL,y. foxes above the slyly ir
27942-7,27942,1723,24,7,17.00,27620.24,0.01,0.01,N,O,1998-01-24,1998-01-17,1998-02-19,NONE,FOB,y pending requests; furiously final 
27943-1,27943,406,7,1,2.00,2612.80,0.06,0.06,N,O,1997-12-18,1998-01-21,1998-01-09,NONE,FOB,oost careful
27943-2,27943,585,46,2,22.00,32682.76,0.00,0.08,N,O,1998-03-29,1998-01-28,1998-04-24,COLLECT COD,SHIP,ts. blithely special requests nag en
27968-1,27968,100,76,1,30.00,30003.00,0.09,0.06,N,O,1998-02-06,1998-02-21,1998-03-03,TAKE BACK RETURN,TRUCK,"gular, even deposits affix after the even"
27968-2,27968,642,74,2,5.00,7713.20,0.08,0.00,N,O,1998-02-10,1998-01-18,1998-02-25,COLLECT COD,AIR,foxes snooze fu
27968-3,27968,266,21,3,3.00,3498.78,0.01,0.02,N,O,1997-12-03,1998-02-02,1997-12-04,NONE,REG AIR,etly unusual hockey players. 
27968-4,27968,482,12,4,43.00,59446.64,0.03,0.01,N,O,1998-01-14,1998-01-31,1998-01-19,NONE,MAIL,ording to the carefully regular instruc
27968-5,27968,1156,65,5,50.00,52857.50,0.03,0.02,N,O,1998-03-10,1998-01-06,1998-04-06,DELIVER IN PERSON,REG AIR,ts after the pending requests wa
27968-6,27968,320,77,6,49.00,59795.68,0.04,0.01,N,O,1998-02-17,1998-02-02,1998-03-07,COLLECT COD,MAIL,"bold requests cajole even requests. even,"
27968-7,27968,1278,16,7,20.00,23585.40,0.05,0.06,N,O,1998-02-07,1998-02-22,1998-02-22,DELIVER IN PERSON,RAIL,al accounts across the furiou
27969-1,27969,881,48,1,27.00,48110.76,0.08,0.07,A,F,1993-06-18,1993-09-04,1993-07-09,TAKE BACK RETURN,REG AIR,regular dependencies. flu
27969-2,27969,1043,44,2,30.00,28321.20,0.00,0.02,R,F,1993-10-05,1993-08-31,1993-10-18,TAKE BACK RETURN,TRUCK,nts about the quickly ironic 
27969-3,27969,2,78,3,44.00,39688.00,0.06,0.03,A,F,1993-08-19,1993-08-07,1993-09-11,COLLECT COD,RAIL,lar dependencies across the blithel
27969-4,27969,1059,65,4,6.00,5760.30,0.05,0.07,R,F,1993-09-02,1993-08-24,1993-09-21,DELIVER IN PERSON,REG AIR,int across the furiously silent theodoli
27969-5,27969,550,51,5,11.00,15956.05,0.05,0.07,A,F,1993-07-05,1993-07-15,1993-07-18,NONE,MAIL,xpress pearls boost blithely silent 
27969-6,27969,1320,35,6,42.00,51295.44,0.04,0.06,R,F,1993-07-25,1993-08-04,1993-08-06,TAKE BACK RETURN,SHIP,are around the packages: quickly regular a
27970-1,27970,1158,31,1,3.00,3177.45,0.09,0.04,N,O,1998-10-01,1998-08-19,1998-10-07,TAKE BACK RETURN,FOB,ites. slyly blith
27971-1,27971,517,8,1,42.00,59535.42,0.06,0.08,N,O,1996-12-29,1997-03-19,1997-01-06,DELIVER IN PERSON,TRUCK,alongside of
27971-2,27971,208,36,2,38.00,42111.60,0.04,0.02,N,O,1997-01-17,1997-03-26,1997-01-19,COLLECT COD,RAIL,ic excuses. slyly unusual requests b
27971-3,27971,208,63,3,5.00,5541.00,0.04,0.05,N,O,1997-01-23,1997-03-09,1997-02-15,NONE,FOB,ackages haggle slyly about the quic
27971-4,27971,1364,41,4,25.00,31634.00,0.06,0.02,N,O,1997-02-16,1997-01-30,1997-03-12,DELIVER IN PERSON,AIR,its haggle ruth
27971-5,27971,1977,78,5,1.00,1878.97,0.10,0.01,N,O,1997-02-13,1997-02-13,1997-03-06,DELIVER IN PERSON,RAIL,re the ste
27972-1,27972,193,20,1,20.00,21863.80,0.02,0.00,N,O,1996-09-16,1996-09-30,1996-09-22,COLLECT COD,SHIP,equests. even foxes nag care
27972-2,27972,822,89,2,27.00,46516.14,0.06,0.04,N,O,1996-11-18,1996-09-02,1996-12-13,TAKE BACK RETURN,REG AIR,ic deposits s
27972-3,27972,664,96,3,1.00,1564.66,0.02,0.06,N,O,1996-11-12,1996-09-09,1996-12-08,NONE,FOB,side of the special packages h
27972-4,27972,120,73,4,27.00,27543.24,0.01,0.02,N,O,1996-08-09,1996-10-20,1996-09-02,TAKE BACK RETURN,TRUCK,"ing, regular excuses was "
27972-5,27972,1787,88,5,25.00,42219.50,0.10,0.04,N,O,1996-09-08,1996-08-28,1996-10-01,DELIVER IN PERSON,MAIL,"even accounts. unusual, special excuses "
27972-6,27972,1680,22,6,42.00,66430.56,0.02,0.02,N,O,1996-08-12,1996-09-15,1996-09-05,TAKE BACK RETURN,FOB,"y regular, ironic accounts. iron"
27973-1,27973,1172,73,1,23.00,24682.91,0.05,0.00,R,F,1993-04-19,1993-04-23,1993-05-05,NONE,MAIL, ironic dugout
27973-2,27973,218,73,2,48.00,53674.08,0.09,0.06,A,F,1993-03-21,1993-05-05,1993-04-13,COLLECT COD,SHIP, unusual warhorses nag 
27973-3,27973,1392,31,3,47.00,60789.33,0.05,0.08,A,F,1993-06-09,1993-05-20,1993-06-28,TAKE BACK RETURN,SHIP,s according to the furiously pe
27973-4,27973,311,96,4,15.00,18169.65,0.07,0.04,R,F,1993-03-13,1993-05-29,1993-03-19,NONE,RAIL,nal excuses integrate. quickly 
27973-5,27973,518,19,5,39.00,55321.89,0.02,0.07,R,F,1993-05-08,1993-04-07,1993-05-10,NONE,SHIP,"uriously final ideas wake slyly even, eve"
27974-1,27974,67,68,1,20.00,19341.20,0.02,0.05,A,F,1993-12-15,1994-01-01,1994-01-09,DELIVER IN PERSON,TRUCK,carefully permanent deposits detect slyl
27974-2,27974,1547,28,2,46.00,66632.84,0.06,0.03,R,F,1993-12-30,1993-11-12,1994-01-27,COLLECT COD,MAIL,"sy instructions. regular, iro"
27974-3,27974,435,36,3,35.00,46740.05,0.10,0.01,A,F,1994-01-23,1993-11-13,1994-02-14,NONE,REG AIR,rding to the caref
27974-4,27974,235,17,4,10.00,11352.30,0.05,0.00,R,F,1993-11-10,1993-12-07,1993-11-28,NONE,FOB,al deposits. express accounts sleep 
27974-5,27974,899,33,5,48.00,86394.72,0.10,0.08,A,F,1994-01-04,1993-11-15,1994-01-28,DELIVER IN PERSON,FOB,accounts ha
27974-6,27974,321,22,6,18.00,21983.76,0.08,0.01,A,F,1993-11-30,1993-11-26,1993-12-22,NONE,MAIL,s among the
27975-1,27975,125,78,1,40.00,41004.80,0.02,0.02,N,F,1995-06-05,1995-04-05,1995-06-25,COLLECT COD,FOB,y. busily ironic brai
27975-2,27975,213,41,2,11.00,12245.31,0.01,0.04,A,F,1995-03-05,1995-04-15,1995-03-23,COLLECT COD,TRUCK, the pending pearls cajole ironic
27975-3,27975,1173,82,3,44.00,47263.48,0.09,0.01,A,F,1995-04-27,1995-05-04,1995-05-12,DELIVER IN PERSON,REG AIR,heodolites. fluff
28000-1,28000,826,26,1,31.00,53531.42,0.08,0.01,N,O,1995-07-20,1995-06-22,1995-08-18,TAKE BACK RETURN,FOB,s! special packages boost. stealthily 
28000-2,28000,204,86,2,17.00,18771.40,0.09,0.01,R,F,1995-04-18,1995-05-17,1995-04-30,COLLECT COD,FOB,hely ironic forges
28000-3,28000,1006,42,3,7.00,6349.00,0.02,0.04,A,F,1995-04-06,1995-06-12,1995-05-04,TAKE BACK RETURN,SHIP,ptotes sleep daringly
28001-1,28001,1492,71,1,38.00,52952.62,0.10,0.00,A,F,1994-10-02,1994-08-17,1994-10-30,COLLECT COD,FOB,ect furiously carefully ironic d
28001-2,28001,1409,88,2,40.00,52416.00,0.05,0.04,R,F,1994-10-02,1994-08-08,1994-10-24,TAKE BACK RETURN,FOB,ets boost. fox
28001-3,28001,748,81,3,22.00,36272.28,0.08,0.03,A,F,1994-08-21,1994-08-15,1994-09-04,NONE,MAIL,packages run ac
28001-4,28001,1183,56,4,26.00,28188.68,0.00,0.04,R,F,1994-06-21,1994-08-08,1994-07-10,DELIVER IN PERSON,AIR,le with the furiously s
28001-5,28001,1250,62,5,43.00,49503.75,0.01,0.03,A,F,1994-06-26,1994-08-03,1994-07-18,NONE,AIR,"ly slow dolphins. ironic, close requests"
28001-6,28001,534,35,6,23.00,32994.19,0.06,0.04,R,F,1994-08-12,1994-07-15,1994-08-16,NONE,FOB,ruthless packages are a
28002-1,28002,62,13,1,2.00,1924.12,0.09,0.08,R,F,1995-01-16,1995-01-07,1995-01-27,TAKE BACK RETURN,FOB," according to the regular, re"
28002-2,28002,1473,74,2,12.00,16493.64,0.03,0.03,A,F,1994-12-02,1994-12-05,1994-12-20,COLLECT COD,SHIP,lar requests boost sl
28002-3,28002,300,82,3,19.00,22805.70,0.05,0.06,A,F,1994-11-19,1994-11-21,1994-11-29,NONE,AIR,gouts are furiously n
28002-4,28002,360,89,4,13.00,16384.68,0.04,0.06,A,F,1994-12-01,1994-12-28,1994-12-07,COLLECT COD,MAIL,ic deposits. b
28002-5,28002,53,4,5,17.00,16201.85,0.10,0.03,R,F,1995-01-28,1995-01-02,1995-02-27,DELIVER IN PERSON,AIR,eep carefully beneath the
28002-6,28002,89,40,6,19.00,18792.52,0.04,0.05,A,F,1994-12-20,1994-11-16,1995-01-07,NONE,AIR,st slyly ironic pinto beans.
28002-7,28002,392,77,7,16.00,20678.24,0.02,0.07,R,F,1995-01-06,1994-12-29,1995-01-20,COLLECT COD,MAIL, are across the furi
28003-1,28003,858,58,1,7.00,12311.95,0.07,0.06,A,F,1995-04-12,1995-05-06,1995-04-28,NONE,MAIL,le accounts are quickly
28003-2,28003,676,70,2,8.00,12613.36,0.08,0.00,N,O,1995-06-20,1995-06-07,1995-06-26,COLLECT COD,MAIL,uffily bold instructions wake always. fur
28003-3,28003,1532,33,3,12.00,17202.36,0.05,0.02,A,F,1995-04-30,1995-05-26,1995-05-02,TAKE BACK RETURN,TRUCK,nusual requests ag
28003-4,28003,242,43,4,30.00,34267.20,0.02,0.02,A,F,1995-04-17,1995-05-14,1995-05-09,NONE,AIR,"ding, unusual instr"
28003-5,28003,1726,11,5,38.00,61853.36,0.08,0.04,N,F,1995-06-13,1995-06-14,1995-06-26,NONE,MAIL,"ending, express ideas? furiously "
28003-6,28003,213,14,6,21.00,23377.41,0.07,0.06,R,F,1995-04-09,1995-05-25,1995-04-10,NONE,FOB, silent deposits haggle slyly about t
28003-7,28003,1430,9,7,44.00,58582.92,0.01,0.05,A,F,1995-04-07,1995-05-26,1995-04-13,TAKE BACK RETURN,FOB, asymptotes: regular foxes about the
28004-1,28004,859,93,1,50.00,87992.50,0.09,0.01,N,O,1998-09-23,1998-09-17,1998-10-14,DELIVER IN PERSON,REG AIR,express instru
28004-2,28004,205,60,2,40.00,44208.00,0.01,0.05,N,O,1998-09-11,1998-08-27,1998-09-16,DELIVER IN PERSON,REG AIR,express theodolites. deposits throughout
28004-3,28004,1068,69,3,48.00,46514.88,0.02,0.04,N,O,1998-07-10,1998-09-04,1998-08-03,DELIVER IN PERSON,RAIL,silent exc
28004-4,28004,1158,31,4,30.00,31774.50,0.08,0.07,N,O,1998-07-27,1998-09-04,1998-08-26,NONE,TRUCK,dolphins sleep 
28004-5,28004,931,32,5,7.00,12823.51,0.04,0.03,N,O,1998-08-08,1998-09-18,1998-08-22,NONE,RAIL,sly alongside of the ruthlessly regular ex
28005-1,28005,653,85,1,14.00,21751.10,0.00,0.07,A,F,1995-01-26,1995-03-13,1995-02-20,TAKE BACK RETURN,REG AIR,"ep furiously. regular, unusual "
28005-2,28005,543,34,2,43.00,62072.22,0.05,0.05,R,F,1995-05-20,1995-04-14,1995-06-16,NONE,MAIL,iously final deposits;
28006-1,28006,349,50,1,7.00,8745.38,0.02,0.06,N,O,1997-08-24,1997-07-12,1997-08-28,NONE,MAIL,ies will have to s
28006-2,28006,860,27,2,39.00,68673.54,0.09,0.02,N,O,1997-07-26,1997-06-23,1997-08-15,COLLECT COD,TRUCK,gular requests. final asymptot
28006-3,28006,680,12,3,19.00,30032.92,0.10,0.00,N,O,1997-06-10,1997-07-04,1997-06-30,NONE,FOB, regular pinto beans wake
28006-4,28006,182,9,4,31.00,33547.58,0.09,0.05,N,O,1997-08-08,1997-06-24,1997-08-18,COLLECT COD,FOB,equests. slyly regular warthogs cajole f
28006-5,28006,1618,60,5,5.00,7598.05,0.09,0.03,N,O,1997-09-08,1997-06-19,1997-09-22,COLLECT COD,RAIL,tes boost blithely 
28006-6,28006,1450,90,6,13.00,17568.85,0.06,0.06,N,O,1997-07-23,1997-07-15,1997-08-12,TAKE BACK RETURN,TRUCK,r packages. sile
28007-1,28007,779,76,1,28.00,47033.56,0.00,0.01,A,F,1993-08-08,1993-06-10,1993-08-19,DELIVER IN PERSON,SHIP,depths. even deposits according to the ir
28007-2,28007,1039,45,2,33.00,31020.99,0.00,0.05,A,F,1993-05-17,1993-06-12,1993-05-18,TAKE BACK RETURN,SHIP,ringly final frays around the 
28007-3,28007,1594,15,3,30.00,44867.70,0.00,0.01,A,F,1993-06-22,1993-05-12,1993-07-16,DELIVER IN PERSON,MAIL,carefully pending deposit
28007-4,28007,11,12,4,36.00,32796.36,0.05,0.08,R,F,1993-05-09,1993-06-15,1993-05-13,NONE,AIR,"sublate slyly even, ironic id"
28007-5,28007,167,94,5,1.00,1067.16,0.05,0.04,A,F,1993-07-10,1993-06-18,1993-07-20,COLLECT COD,REG AIR,st the quickly regular
28007-6,28007,1805,6,6,38.00,64858.40,0.00,0.07,A,F,1993-06-05,1993-05-19,1993-06-27,NONE,RAIL,"nt instructions are furiously ironic, f"
28032-1,28032,1637,61,1,34.00,52313.42,0.06,0.01,N,O,1998-03-25,1998-05-01,1998-03-31,NONE,RAIL,deas could d
28032-2,28032,1687,88,2,9.00,14298.12,0.03,0.01,N,O,1998-03-16,1998-03-20,1998-04-09,NONE,AIR,egular warthogs x-ray blit
28032-3,28032,668,31,3,14.00,21961.24,0.02,0.01,N,O,1998-04-19,1998-03-23,1998-05-18,COLLECT COD,FOB,riously sile
28033-1,28033,143,44,1,8.00,8345.12,0.00,0.02,R,F,1993-11-27,1993-10-20,1993-12-07,COLLECT COD,MAIL,ions against t
28033-2,28033,652,84,2,3.00,4657.95,0.09,0.08,A,F,1993-09-27,1993-11-03,1993-09-28,COLLECT COD,RAIL,eposits. slyly regular dinos abo
28033-3,28033,22,23,3,21.00,19362.42,0.04,0.03,A,F,1993-09-20,1993-11-26,1993-09-25,COLLECT COD,SHIP,owly ironic pinto beans are enticingly.
28033-4,28033,432,62,4,23.00,30645.89,0.07,0.05,R,F,1993-11-30,1993-11-18,1993-12-12,NONE,MAIL,heodolites across t
28033-5,28033,455,56,5,48.00,65061.60,0.03,0.01,R,F,1993-10-17,1993-11-21,1993-11-04,COLLECT COD,FOB,s. furiously even deposits sleep along the 
28033-6,28033,754,19,6,36.00,59571.00,0.09,0.02,R,F,1993-11-08,1993-11-14,1993-12-05,DELIVER IN PERSON,RAIL,efully even accounts. blithely ex
28033-7,28033,587,78,7,31.00,46114.98,0.06,0.06,R,F,1993-11-29,1993-11-10,1993-12-05,TAKE BACK RETURN,TRUCK,ole furiously quietly final notornis. de
28034-1,28034,394,51,1,9.00,11649.51,0.00,0.07,N,O,1996-01-15,1996-01-08,1996-01-25,DELIVER IN PERSON,FOB,ar requests thrash bl
28035-1,28035,1569,90,1,16.00,23528.96,0.10,0.01,N,O,1995-08-27,1995-06-13,1995-09-12,COLLECT COD,MAIL,oxes are a
28035-2,28035,1768,95,2,1.00,1669.76,0.03,0.08,N,O,1995-08-25,1995-06-14,1995-09-11,DELIVER IN PERSON,MAIL," silent, bold theodolites. ironic asy"
28035-3,28035,990,91,3,34.00,64293.66,0.08,0.01,N,O,1995-08-09,1995-08-06,1995-08-29,DELIVER IN PERSON,TRUCK,the fluffily even de
28035-4,28035,1862,49,4,29.00,51151.94,0.01,0.08,A,F,1995-05-10,1995-06-15,1995-06-08,COLLECT COD,SHIP,st the final p
28035-5,28035,1263,64,5,47.00,54720.22,0.10,0.08,R,F,1995-06-11,1995-07-02,1995-06-16,TAKE BACK RETURN,MAIL,eep carefully across the accounts. sl
28036-1,28036,1581,22,1,15.00,22238.70,0.07,0.00,R,F,1993-12-23,1994-01-02,1993-12-27,COLLECT COD,AIR,ngly silent
28036-2,28036,581,42,2,15.00,22223.70,0.10,0.04,A,F,1994-02-09,1994-01-10,1994-02-19,DELIVER IN PERSON,RAIL, carefully stealthy requests grow al
28036-3,28036,624,56,3,48.00,73181.76,0.07,0.06,R,F,1993-11-22,1994-01-11,1993-12-12,TAKE BACK RETURN,SHIP,final packages wake above the ir
28036-4,28036,78,4,4,24.00,23473.68,0.04,0.07,R,F,1993-12-25,1993-12-18,1994-01-01,NONE,REG AIR,"iously bold, "
28036-5,28036,1366,67,5,14.00,17743.04,0.03,0.06,R,F,1994-01-11,1994-01-19,1994-01-26,DELIVER IN PERSON,RAIL, carefully even instructions sleep. fu
28036-6,28036,1939,28,6,43.00,79159.99,0.02,0.06,R,F,1994-01-27,1994-02-03,1994-02-20,DELIVER IN PERSON,MAIL,st the blithely even packages hagg
28037-1,28037,1032,38,1,7.00,6531.21,0.10,0.00,R,F,1994-12-18,1995-01-22,1994-12-19,DELIVER IN PERSON,FOB,nag carefully. carefully regular 
28037-2,28037,114,41,2,17.00,17239.87,0.01,0.05,A,F,1995-04-09,1995-02-25,1995-04-24,NONE,MAIL,al requests
28037-3,28037,45,71,3,23.00,21735.92,0.05,0.04,A,F,1995-03-04,1995-02-11,1995-03-31,TAKE BACK RETURN,MAIL,tructions wake ironic foxes. r
28037-4,28037,1116,89,4,10.00,10171.10,0.09,0.06,A,F,1995-02-01,1995-02-03,1995-02-28,DELIVER IN PERSON,AIR,"nto beans. special, ir"
28037-5,28037,1422,23,5,15.00,19851.30,0.05,0.02,A,F,1995-01-10,1995-02-22,1995-01-30,COLLECT COD,RAIL,sits use quickly spec
28038-1,28038,421,9,1,18.00,23785.56,0.06,0.01,N,O,1996-09-09,1996-07-11,1996-09-25,COLLECT COD,MAIL,quickly across the slyly ironic depos
28038-2,28038,1405,84,2,14.00,18289.60,0.03,0.05,N,O,1996-08-10,1996-07-19,1996-09-07,DELIVER IN PERSON,RAIL, fluffily express r
28038-3,28038,4,55,3,34.00,30736.00,0.01,0.04,N,O,1996-07-25,1996-08-19,1996-07-30,DELIVER IN PERSON,RAIL,ingly regular orbits. idly dogged accounts
28038-4,28038,1487,88,4,23.00,31935.04,0.07,0.04,N,O,1996-09-22,1996-08-31,1996-10-08,NONE,FOB,? slyly regula
28038-5,28038,1391,6,5,11.00,14216.29,0.04,0.07,N,O,1996-07-27,1996-08-14,1996-08-26,NONE,FOB,egular deposits according to th
28038-6,28038,370,99,6,42.00,53355.54,0.08,0.08,N,O,1996-08-02,1996-08-13,1996-08-29,TAKE BACK RETURN,MAIL," quickly even, regular i"
28039-1,28039,1779,22,1,27.00,45380.79,0.03,0.03,R,F,1992-12-17,1992-11-12,1993-01-15,COLLECT COD,TRUCK, packages cajole blithely even foxes: 
28039-2,28039,1080,51,2,38.00,37281.04,0.00,0.07,A,F,1992-12-01,1992-12-08,1992-12-20,TAKE BACK RETURN,MAIL,"al, slow soma"
28064-1,28064,497,98,1,26.00,36334.74,0.00,0.04,A,F,1993-09-24,1993-12-01,1993-10-04,TAKE BACK RETURN,MAIL,ly ironic accounts. furious
28064-2,28064,1754,39,2,43.00,71197.25,0.09,0.02,R,F,1993-12-25,1993-10-29,1994-01-11,COLLECT COD,RAIL,"sits. unusual, "
28064-3,28064,220,75,3,7.00,7841.54,0.01,0.02,A,F,1993-11-28,1993-10-23,1993-12-22,COLLECT COD,SHIP,ic requests. express accounts w
28064-4,28064,1826,70,4,4.00,6911.28,0.03,0.07,R,F,1993-11-05,1993-11-21,1993-11-27,DELIVER IN PERSON,REG AIR,e final deposits. 
28064-5,28064,1089,90,5,42.00,41583.36,0.05,0.03,R,F,1993-11-19,1993-10-20,1993-12-11,COLLECT COD,SHIP,"quests cajole even requests. even, final "
28064-6,28064,1097,68,6,10.00,9980.90,0.07,0.05,R,F,1993-09-07,1993-11-27,1993-09-23,DELIVER IN PERSON,AIR,gular platelets d
28064-7,28064,873,40,7,33.00,58537.71,0.02,0.07,R,F,1993-12-31,1993-10-30,1994-01-27,COLLECT COD,MAIL,the carefully fi
28065-1,28065,1496,75,1,21.00,29347.29,0.10,0.08,N,O,1998-03-03,1998-01-24,1998-03-12,TAKE BACK RETURN,SHIP, along the carefully slow depo
28065-2,28065,735,68,2,41.00,67064.93,0.02,0.04,N,O,1998-01-14,1997-12-30,1998-02-11,NONE,FOB,kages haggle special requests. reg
28065-3,28065,688,82,3,26.00,41305.68,0.10,0.00,N,O,1997-12-18,1997-12-26,1998-01-01,COLLECT COD,TRUCK,ns. final asymptotes after the iro
28065-4,28065,1880,24,4,1.00,1781.88,0.01,0.01,N,O,1997-12-16,1998-01-25,1997-12-29,DELIVER IN PERSON,TRUCK,"unts haggle. accounts into the bold, p"
28065-5,28065,1938,27,5,45.00,82796.85,0.03,0.00,N,O,1998-03-08,1997-12-17,1998-03-29,NONE,AIR,to the slyly sly accounts-
28066-1,28066,1203,15,1,19.00,20979.80,0.10,0.04,N,O,1997-04-05,1997-06-03,1997-05-05,NONE,AIR,s? always pending deposits 
28066-2,28066,1265,66,2,3.00,3498.78,0.08,0.02,N,O,1997-06-21,1997-05-30,1997-07-20,NONE,FOB,arefully packages. carefully dogged 
28066-3,28066,1974,63,3,18.00,33767.46,0.08,0.04,N,O,1997-06-04,1997-04-18,1997-06-10,COLLECT COD,AIR, the quickly
28066-4,28066,906,41,4,32.00,57820.80,0.04,0.07,N,O,1997-03-25,1997-05-26,1997-04-17,DELIVER IN PERSON,MAIL, accounts! sometimes even foxes nag ca
28067-1,28067,1092,98,1,34.00,33765.06,0.02,0.05,A,F,1994-04-16,1994-02-16,1994-04-26,NONE,RAIL,final pinto beans. stealthily th
28067-2,28067,1487,5,2,43.00,59704.64,0.00,0.04,A,F,1994-04-25,1994-03-23,1994-04-27,DELIVER IN PERSON,REG AIR,are about the sl
28067-3,28067,538,69,3,33.00,47471.49,0.00,0.08,A,F,1994-04-17,1994-03-29,1994-04-29,COLLECT COD,REG AIR,ly instead of the fur
28067-4,28067,1956,89,4,39.00,72460.05,0.02,0.04,A,F,1994-01-23,1994-03-06,1994-01-25,COLLECT COD,AIR,ld foxes. asymptotes along the even ac
28067-5,28067,1921,66,5,37.00,67448.04,0.09,0.03,A,F,1994-04-03,1994-03-13,1994-04-27,NONE,REG AIR,"ar accounts nag fluffily. unusual, regular"
28067-6,28067,1177,86,6,42.00,45283.14,0.03,0.01,A,F,1994-03-13,1994-03-25,1994-04-02,COLLECT COD,FOB, the express foxes. blithely ironic pi
28067-7,28067,1029,100,7,20.00,18600.40,0.05,0.04,R,F,1994-03-08,1994-03-05,1994-03-23,NONE,REG AIR,cies detect fluffily final packa
28068-1,28068,1251,26,1,37.00,42633.25,0.10,0.07,R,F,1993-09-30,1993-10-19,1993-10-04,TAKE BACK RETURN,TRUCK,to the even theodolites. pending inst
28068-2,28068,673,67,2,8.00,12589.36,0.01,0.01,R,F,1993-09-29,1993-09-29,1993-10-15,TAKE BACK RETURN,SHIP,iously against the even deposi
28068-3,28068,256,11,3,31.00,35843.75,0.00,0.00,R,F,1993-11-18,1993-11-14,1993-11-20,TAKE BACK RETURN,TRUCK,". express, e"
28068-4,28068,689,52,4,15.00,23845.20,0.06,0.04,R,F,1993-09-21,1993-11-14,1993-09-27,TAKE BACK RETURN,SHIP, haggle according to the slyly unusu
28068-5,28068,15,91,5,12.00,10980.12,0.01,0.02,A,F,1993-10-31,1993-11-22,1993-11-06,TAKE BACK RETURN,RAIL,its above the quickly r
28068-6,28068,914,15,6,26.00,47187.66,0.08,0.00,A,F,1993-12-19,1993-11-20,1993-12-31,NONE,RAIL,arefully ironic accounts 
28068-7,28068,1425,26,7,35.00,46424.70,0.01,0.02,R,F,1993-12-20,1993-10-22,1994-01-19,NONE,FOB,"ly express, even packa"
28069-1,28069,49,50,1,49.00,46502.96,0.07,0.03,R,F,1994-05-30,1994-08-07,1994-06-07,NONE,MAIL,unusual packages lose 
28069-2,28069,542,3,2,6.00,8655.24,0.01,0.05,R,F,1994-06-08,1994-07-21,1994-06-28,COLLECT COD,RAIL,. sometime
28069-3,28069,1062,68,3,30.00,28891.80,0.03,0.05,R,F,1994-06-02,1994-08-11,1994-06-29,DELIVER IN PERSON,TRUCK,ccounts haggle furiously regular
28069-4,28069,508,99,4,21.00,29578.50,0.00,0.03,R,F,1994-06-19,1994-08-19,1994-07-11,TAKE BACK RETURN,AIR,totes sleep
28069-5,28069,1156,29,5,44.00,46514.60,0.01,0.05,R,F,1994-06-12,1994-07-28,1994-07-01,COLLECT COD,AIR,fix. final pinto beans 
28069-6,28069,392,77,6,32.00,41356.48,0.07,0.06,A,F,1994-08-12,1994-06-21,1994-08-30,TAKE BACK RETURN,TRUCK,nding ideas use ac
28069-7,28069,50,1,7,11.00,10450.55,0.10,0.02,A,F,1994-08-04,1994-07-07,1994-08-07,TAKE BACK RETURN,MAIL,old ideas across the instructio
28070-1,28070,1295,33,1,38.00,45459.02,0.10,0.01,N,O,1997-12-13,1997-12-02,1997-12-18,TAKE BACK RETURN,AIR,ses are. slyly regular accounts ab
28071-1,28071,1982,27,1,24.00,45215.52,0.09,0.01,N,O,1995-11-01,1995-09-06,1995-11-26,COLLECT COD,FOB, silent foxes about
28071-2,28071,1072,73,2,22.00,21407.54,0.07,0.02,N,O,1995-07-17,1995-08-21,1995-08-03,NONE,FOB,ously regular fo
28071-3,28071,433,21,3,25.00,33335.75,0.10,0.02,N,O,1995-10-25,1995-09-12,1995-11-12,DELIVER IN PERSON,RAIL,across the final deposi
28096-1,28096,523,84,1,42.00,59787.84,0.06,0.04,N,O,1998-08-08,1998-07-08,1998-08-30,DELIVER IN PERSON,TRUCK,ns against
28097-1,28097,1598,39,1,22.00,32990.98,0.03,0.03,R,F,1994-05-19,1994-07-15,1994-05-27,DELIVER IN PERSON,FOB,es. furiously ironic requests thrash q
28097-2,28097,224,25,2,4.00,4496.88,0.01,0.01,R,F,1994-08-17,1994-06-18,1994-08-22,NONE,REG AIR,es ironic court
28097-3,28097,1912,45,3,6.00,10883.46,0.01,0.04,R,F,1994-07-13,1994-07-01,1994-07-19,DELIVER IN PERSON,FOB,ully even instruction
28097-4,28097,1791,92,4,12.00,20313.48,0.07,0.05,A,F,1994-07-23,1994-07-14,1994-08-05,TAKE BACK RETURN,FOB,sleep fluffily among t
28098-1,28098,1891,92,1,26.00,46615.14,0.06,0.00,N,O,1997-09-30,1997-09-15,1997-10-04,TAKE BACK RETURN,SHIP,ly unusual asymptotes impress s
28099-1,28099,1633,34,1,20.00,30692.60,0.03,0.04,N,O,1996-12-02,1996-12-19,1996-12-13,TAKE BACK RETURN,SHIP,haggle slyly furiously even packages. caref
28099-2,28099,1182,83,2,10.00,10831.80,0.03,0.01,N,O,1996-10-25,1996-12-22,1996-10-29,DELIVER IN PERSON,FOB,osits wake. quickly pending deposits
28099-3,28099,1235,36,3,31.00,35223.13,0.06,0.03,N,O,1997-01-07,1996-11-03,1997-01-25,NONE,TRUCK,packages during the c
28099-4,28099,257,58,4,20.00,23145.00,0.10,0.03,N,O,1996-12-20,1996-11-03,1997-01-07,COLLECT COD,FOB," ideas haggle unusual requests: regular, "
28099-5,28099,1956,1,5,2.00,3715.90,0.06,0.05,N,O,1996-10-16,1996-12-23,1996-11-13,TAKE BACK RETURN,TRUCK,g grouches haggle blithely against the p
28099-6,28099,661,93,6,29.00,45288.14,0.09,0.07,N,O,1996-12-18,1996-12-13,1997-01-13,DELIVER IN PERSON,MAIL, instructions affix fluffily along the s
28099-7,28099,1894,95,7,17.00,30530.13,0.08,0.06,N,O,1996-09-29,1996-11-16,1996-10-24,COLLECT COD,RAIL,accounts boo
28100-1,28100,609,3,1,47.00,70951.20,0.08,0.07,N,O,1995-11-14,1996-01-03,1995-12-12,NONE,SHIP,"about the regular, final theodolites."
28100-2,28100,305,90,2,2.00,2410.60,0.06,0.08,N,O,1996-03-06,1996-01-27,1996-03-08,COLLECT COD,RAIL,y blithe accounts cajole bl
28100-3,28100,452,11,3,6.00,8114.70,0.03,0.08,N,O,1996-02-28,1996-01-15,1996-03-24,DELIVER IN PERSON,AIR,"nic accounts. pending, unusua"
28100-4,28100,65,66,4,26.00,25091.56,0.04,0.05,N,O,1995-11-17,1996-01-05,1995-12-01,DELIVER IN PERSON,MAIL,riously fluffily ironic pa
28100-5,28100,587,88,5,49.00,72891.42,0.01,0.04,N,O,1995-12-12,1995-12-24,1996-01-11,COLLECT COD,FOB,ag fluffily of the slyly special foxes
28101-1,28101,1798,25,1,3.00,5099.37,0.08,0.05,N,O,1998-05-23,1998-05-17,1998-06-05,COLLECT COD,REG AIR,d x-ray. blit
28101-2,28101,1004,40,2,26.00,23530.00,0.01,0.02,N,O,1998-06-02,1998-06-12,1998-06-10,TAKE BACK RETURN,SHIP,posits? evenly even asymptotes at the
28102-1,28102,394,79,1,30.00,38831.70,0.07,0.01,N,O,1998-03-01,1998-03-16,1998-03-22,NONE,AIR,ges with the even theodolit
28103-1,28103,1997,98,1,46.00,87353.54,0.00,0.08,R,F,1992-08-31,1992-09-15,1992-09-09,TAKE BACK RETURN,TRUCK," final, express dependencies abo"
28103-2,28103,1627,69,2,32.00,48915.84,0.10,0.07,R,F,1992-11-10,1992-09-01,1992-11-28,NONE,RAIL,thely. idle ideas w
28128-1,28128,1291,29,1,48.00,57229.92,0.07,0.03,N,O,1996-09-10,1996-10-18,1996-09-29,TAKE BACK RETURN,TRUCK,ithely bold requests are slyly 
28128-2,28128,916,17,2,12.00,21802.92,0.10,0.06,N,O,1996-08-17,1996-09-29,1996-09-05,COLLECT COD,TRUCK,s use about the furious
28128-3,28128,844,11,3,49.00,85497.16,0.06,0.07,N,O,1996-09-27,1996-08-24,1996-10-20,DELIVER IN PERSON,RAIL,ully even pinto b
28128-4,28128,528,29,4,19.00,27141.88,0.10,0.07,N,O,1996-08-04,1996-09-28,1996-08-18,DELIVER IN PERSON,FOB,. regular dependencies thra
28128-5,28128,266,48,5,42.00,48982.92,0.09,0.03,N,O,1996-08-11,1996-09-30,1996-08-24,DELIVER IN PERSON,FOB,counts wake perman
28128-6,28128,58,59,6,40.00,38322.00,0.09,0.04,N,O,1996-09-07,1996-10-13,1996-09-19,DELIVER IN PERSON,TRUCK,"-- special, regular accoun"
28128-7,28128,448,49,7,3.00,4045.32,0.08,0.04,N,O,1996-10-09,1996-10-16,1996-10-30,TAKE BACK RETURN,RAIL,regular requests afte
28129-1,28129,873,73,1,6.00,10643.22,0.01,0.05,A,F,1992-02-03,1992-03-05,1992-02-29,NONE,REG AIR,egular tithes haggle doggedly close
28129-2,28129,61,37,2,42.00,40364.52,0.10,0.08,A,F,1992-02-14,1992-03-07,1992-02-27,NONE,TRUCK,yly ironic accounts c
28129-3,28129,105,32,3,13.00,13066.30,0.04,0.04,R,F,1992-03-26,1992-03-13,1992-04-12,NONE,AIR,l deposits. ironic 
28129-4,28129,1410,11,4,17.00,22293.97,0.02,0.06,A,F,1992-05-07,1992-03-16,1992-06-05,TAKE BACK RETURN,SHIP,"ts. regular, regula"
28129-5,28129,1776,61,5,49.00,82210.73,0.08,0.03,R,F,1992-02-22,1992-04-03,1992-03-03,DELIVER IN PERSON,REG AIR,s. unusual dep
28129-6,28129,966,69,6,5.00,9334.80,0.05,0.08,R,F,1992-02-09,1992-03-07,1992-02-10,DELIVER IN PERSON,AIR, to the quickly busy theodolit
28129-7,28129,1371,10,7,7.00,8906.59,0.10,0.07,A,F,1992-03-27,1992-02-29,1992-04-10,TAKE BACK RETURN,RAIL,ts may mol
28130-1,28130,649,50,1,13.00,20145.32,0.10,0.03,R,F,1994-08-22,1994-09-08,1994-09-03,DELIVER IN PERSON,AIR,are. blith
28130-2,28130,212,94,2,46.00,51161.66,0.05,0.03,R,F,1994-11-04,1994-10-15,1994-11-28,DELIVER IN PERSON,SHIP,al foxes after the quickly reg
28130-3,28130,373,58,3,8.00,10186.96,0.09,0.04,R,F,1994-09-14,1994-09-14,1994-09-25,COLLECT COD,FOB,ges across the blithely unusual asympt
28130-4,28130,637,100,4,33.00,50741.79,0.06,0.04,A,F,1994-08-10,1994-10-26,1994-08-19,COLLECT COD,FOB,uests are slyly ironic depend
28130-5,28130,914,17,5,23.00,41742.93,0.05,0.03,R,F,1994-10-19,1994-10-19,1994-11-03,COLLECT COD,RAIL,to beans. slyly regu
28130-6,28130,956,59,6,22.00,40852.90,0.01,0.08,A,F,1994-11-20,1994-10-29,1994-12-02,DELIVER IN PERSON,AIR, theodolites kindle about t
28130-7,28130,1867,54,7,19.00,33608.34,0.10,0.04,A,F,1994-11-23,1994-10-14,1994-12-05,DELIVER IN PERSON,REG AIR,ickly! furiously 
28131-1,28131,1814,58,1,4.00,6863.24,0.00,0.01,A,F,1992-07-09,1992-07-30,1992-07-17,COLLECT COD,FOB,x ruthlessly. special deposit
28131-2,28131,498,86,2,48.00,67127.52,0.09,0.01,R,F,1992-09-09,1992-07-28,1992-10-08,NONE,REG AIR,xpress ideas. quickly 
28131-3,28131,1891,92,3,5.00,8964.45,0.02,0.03,R,F,1992-08-13,1992-08-18,1992-09-02,COLLECT COD,REG AIR,foxes hang furiously above the enticin
28131-4,28131,1957,46,4,26.00,48332.70,0.03,0.04,R,F,1992-08-25,1992-08-22,1992-09-04,DELIVER IN PERSON,REG AIR,use slyly near the regular f
28131-5,28131,1164,65,5,21.00,22368.36,0.01,0.02,A,F,1992-07-06,1992-07-14,1992-07-17,TAKE BACK RETURN,MAIL,lets nag quickly final theodolite
28132-1,28132,594,85,1,27.00,40353.93,0.01,0.07,N,O,1998-08-12,1998-08-11,1998-08-19,TAKE BACK RETURN,FOB,"onic, regular requests haggle. pinto beans "
28132-2,28132,1455,73,2,49.00,66466.05,0.09,0.01,N,O,1998-05-28,1998-06-18,1998-06-13,DELIVER IN PERSON,TRUCK,fily even platelets haggle. sly
28132-3,28132,1925,58,3,23.00,42019.16,0.03,0.06,N,O,1998-06-05,1998-07-30,1998-06-17,NONE,AIR,usly. carefully special deposits are 
28132-4,28132,666,29,4,6.00,9399.96,0.02,0.02,N,O,1998-06-16,1998-07-09,1998-07-11,DELIVER IN PERSON,SHIP,ackages. al
28133-1,28133,35,61,1,14.00,13090.42,0.02,0.07,N,O,1998-05-08,1998-05-03,1998-05-29,DELIVER IN PERSON,AIR, excuses. 
28133-2,28133,645,39,2,17.00,26275.88,0.01,0.01,N,O,1998-04-09,1998-04-18,1998-04-20,COLLECT COD,TRUCK,ly regular instructio
28133-3,28133,408,38,3,41.00,53644.40,0.04,0.01,N,O,1998-05-25,1998-06-10,1998-06-16,NONE,FOB,arefully unusual packages. express account
28133-4,28133,533,24,4,28.00,40138.84,0.07,0.06,N,O,1998-06-15,1998-06-11,1998-07-12,TAKE BACK RETURN,TRUCK,s. ironic ideas sleep bl
28134-1,28134,591,52,1,27.00,40272.93,0.07,0.07,N,O,1997-05-03,1997-04-28,1997-05-15,COLLECT COD,AIR,nst the quickly pending accoun
28134-2,28134,851,85,2,22.00,38540.70,0.00,0.04,N,O,1997-04-19,1997-05-27,1997-05-11,TAKE BACK RETURN,TRUCK,cingly ironi
28134-3,28134,1893,94,3,31.00,55641.59,0.06,0.07,N,O,1997-05-27,1997-06-19,1997-06-16,DELIVER IN PERSON,REG AIR,inder above the furiously qui
28135-1,28135,465,95,1,15.00,20481.90,0.05,0.00,A,F,1994-11-11,1994-11-25,1994-11-19,DELIVER IN PERSON,RAIL,"ing to the even, ironic braids. carefully "
28135-2,28135,636,37,2,16.00,24586.08,0.03,0.01,R,F,1994-11-02,1994-12-15,1994-12-01,NONE,REG AIR,y unusual theod
28135-3,28135,933,34,3,12.00,22007.16,0.01,0.07,A,F,1994-12-24,1994-10-27,1995-01-09,DELIVER IN PERSON,AIR,efully regular accounts. requests afte
28135-4,28135,1607,49,4,9.00,13577.40,0.10,0.00,A,F,1994-12-27,1994-11-29,1995-01-15,DELIVER IN PERSON,SHIP,ly unusual deposits. carefully regular ac
28135-5,28135,1507,8,5,28.00,39438.00,0.09,0.00,R,F,1994-12-19,1994-12-03,1994-12-22,DELIVER IN PERSON,FOB,dly. always pe
28160-1,28160,1913,58,1,26.00,47187.66,0.10,0.00,N,O,1997-11-04,1997-10-01,1997-11-15,TAKE BACK RETURN,REG AIR,sly slyly bold instructions
28160-2,28160,665,66,2,47.00,73586.02,0.07,0.00,N,O,1997-10-28,1997-11-10,1997-11-24,TAKE BACK RETURN,REG AIR,s. quickly 
28160-3,28160,1470,71,3,42.00,57601.74,0.06,0.03,N,O,1997-11-12,1997-11-01,1997-12-06,COLLECT COD,SHIP,te carefully after the carefully
28160-4,28160,1178,15,4,20.00,21583.40,0.05,0.03,N,O,1997-12-08,1997-11-17,1997-12-14,DELIVER IN PERSON,REG AIR, final depths alongside of the 
28160-5,28160,900,67,5,6.00,10805.40,0.03,0.01,N,O,1997-10-17,1997-10-15,1997-10-27,COLLECT COD,SHIP,arefully bold accounts among t
28161-1,28161,1652,53,1,33.00,51270.45,0.09,0.06,R,F,1994-08-28,1994-08-20,1994-09-18,DELIVER IN PERSON,MAIL,gside of the furiously pending
28161-2,28161,433,21,2,7.00,9334.01,0.05,0.02,A,F,1994-09-10,1994-08-28,1994-10-01,NONE,MAIL,ully final courts wake b
28161-3,28161,727,28,3,50.00,81386.00,0.05,0.02,A,F,1994-08-27,1994-09-05,1994-09-12,NONE,MAIL,regular deposits dazzle ev
28161-4,28161,31,32,4,18.00,16758.54,0.08,0.06,R,F,1994-07-07,1994-08-10,1994-08-04,DELIVER IN PERSON,TRUCK,eans wake according to the car
28161-5,28161,907,8,5,39.00,70508.10,0.08,0.05,A,F,1994-09-10,1994-08-10,1994-09-11,TAKE BACK RETURN,SHIP,fily. final instruction
28161-6,28161,1999,100,6,23.00,43722.77,0.03,0.08,A,F,1994-10-06,1994-07-27,1994-10-22,NONE,TRUCK,ial accounts. carefully ironic deposits boo
28161-7,28161,1827,14,7,39.00,67423.98,0.04,0.02,R,F,1994-09-16,1994-08-12,1994-10-06,TAKE BACK RETURN,AIR,kages are fluffily special reques
28162-1,28162,1824,54,1,25.00,43145.50,0.04,0.05,R,F,1993-11-03,1993-12-06,1993-11-22,DELIVER IN PERSON,SHIP,"special, final requests among th"
28162-2,28162,1446,25,2,8.00,10779.52,0.07,0.00,R,F,1993-10-14,1993-12-26,1993-11-01,TAKE BACK RETURN,AIR, are slyly. furiously express
28162-3,28162,1860,61,3,28.00,49332.08,0.03,0.06,R,F,1994-02-02,1993-12-10,1994-02-26,DELIVER IN PERSON,RAIL,ins. carefully even deposits a
28162-4,28162,536,37,4,31.00,44532.43,0.03,0.02,R,F,1993-12-15,1993-11-18,1993-12-21,NONE,MAIL,"regular forges about the regular, reg"
28163-1,28163,631,25,1,49.00,75049.87,0.06,0.00,A,F,1994-10-09,1994-11-03,1994-10-28,COLLECT COD,TRUCK, accounts against the furiously
28163-2,28163,741,42,2,8.00,13133.92,0.00,0.04,A,F,1994-08-18,1994-10-12,1994-08-31,DELIVER IN PERSON,FOB, above the f
28163-3,28163,80,6,3,8.00,7840.64,0.07,0.03,A,F,1994-09-02,1994-10-29,1994-09-14,DELIVER IN PERSON,AIR, the foxes. quickly ironic excuses hagg
28163-4,28163,341,42,4,28.00,34757.52,0.03,0.00,R,F,1994-10-14,1994-09-27,1994-11-09,NONE,TRUCK,wake according to the furious
28163-5,28163,672,73,5,19.00,29880.73,0.05,0.08,R,F,1994-11-28,1994-09-28,1994-12-12,TAKE BACK RETURN,AIR,"y. unusual,"
28163-6,28163,1951,40,6,4.00,7411.80,0.05,0.01,A,F,1994-11-25,1994-10-13,1994-11-29,TAKE BACK RETURN,FOB, even ideas sleep fluffily 
28164-1,28164,116,95,1,20.00,20322.20,0.03,0.03,N,O,1997-12-30,1997-11-07,1998-01-09,COLLECT COD,AIR,sits. slyly final accou
28164-2,28164,854,88,2,3.00,5264.55,0.07,0.07,N,O,1997-11-03,1997-11-07,1997-11-19,TAKE BACK RETURN,RAIL,uriously. quickly special accounts cajol
28164-3,28164,1422,62,3,31.00,41026.02,0.10,0.03,N,O,1997-10-07,1997-10-24,1997-11-06,COLLECT COD,REG AIR,e fluffily blithely even deposits. furi
28164-4,28164,945,46,4,46.00,84913.24,0.05,0.03,N,O,1997-10-19,1997-10-27,1997-10-26,NONE,AIR,gular pinto bea
28164-5,28164,1905,50,5,18.00,32524.20,0.01,0.06,N,O,1997-12-18,1997-10-12,1997-12-21,COLLECT COD,FOB, cajole fluff
28165-1,28165,1486,26,1,39.00,54111.72,0.04,0.00,R,F,1992-10-01,1992-08-29,1992-10-20,TAKE BACK RETURN,RAIL,nding theodo
28165-2,28165,19,70,2,29.00,26651.29,0.06,0.08,A,F,1992-09-17,1992-09-14,1992-10-12,NONE,AIR,usly even pinto beans. qui
28165-3,28165,1505,26,3,34.00,47821.00,0.08,0.05,A,F,1992-10-23,1992-10-04,1992-11-17,TAKE BACK RETURN,REG AIR,inst the special theo
28165-4,28165,119,98,4,18.00,18343.98,0.09,0.04,R,F,1992-08-16,1992-09-16,1992-09-15,TAKE BACK RETURN,REG AIR,s sleep furiously express deposits. furi
28165-5,28165,152,53,5,9.00,9469.35,0.05,0.03,R,F,1992-09-05,1992-09-03,1992-09-22,NONE,AIR,ests against the ideas hag
28165-6,28165,257,58,6,41.00,47447.25,0.05,0.00,R,F,1992-08-27,1992-08-27,1992-09-12,COLLECT COD,MAIL,ggle carefully fluffily regul
28166-1,28166,1796,97,1,29.00,49235.91,0.05,0.02,R,F,1993-07-10,1993-06-28,1993-07-24,NONE,RAIL,sly regular theodolites across the sl
28166-2,28166,1920,65,2,15.00,27328.80,0.09,0.04,A,F,1993-07-11,1993-07-13,1993-08-04,COLLECT COD,FOB,"s, final packages use slyly careful"
28166-3,28166,892,93,3,14.00,25100.46,0.00,0.00,R,F,1993-06-05,1993-07-04,1993-07-02,DELIVER IN PERSON,MAIL,to beans haggl
28166-4,28166,1554,35,4,19.00,27655.45,0.10,0.03,R,F,1993-08-01,1993-06-13,1993-08-09,NONE,REG AIR,cajole quickly. instructions cajole quic
28167-1,28167,84,10,1,2.00,1968.16,0.05,0.07,N,O,1997-09-22,1997-06-26,1997-10-03,COLLECT COD,AIR, deposits. fluffily ca
28167-2,28167,248,30,2,32.00,36743.68,0.08,0.04,N,O,1997-07-04,1997-08-02,1997-07-31,TAKE BACK RETURN,REG AIR, instructions wake always. furiously regu
28192-1,28192,715,80,1,3.00,4847.13,0.07,0.01,N,O,1997-10-14,1997-11-19,1997-10-19,TAKE BACK RETURN,REG AIR,uickly silent foxes. blithely unu
28192-2,28192,1059,95,2,31.00,29761.55,0.05,0.06,N,O,1997-10-17,1998-01-02,1997-11-03,DELIVER IN PERSON,REG AIR,tions. furiously b
28192-3,28192,1630,54,3,19.00,29100.97,0.10,0.06,N,O,1997-12-11,1997-11-24,1998-01-09,NONE,SHIP,dly ironic accounts boost slyly blithely 
28193-1,28193,1331,70,1,26.00,32040.58,0.10,0.08,A,F,1994-04-24,1994-05-18,1994-05-15,COLLECT COD,TRUCK,s. furiously ironic deposits are never abo
28194-1,28194,1233,71,1,45.00,51040.35,0.04,0.00,N,O,1997-03-08,1997-02-05,1997-03-20,NONE,RAIL, requests boost carefully above the foxes. 
28194-2,28194,515,46,2,13.00,18401.63,0.08,0.02,N,O,1996-12-31,1997-03-04,1997-01-16,NONE,SHIP,n pinto beans. fur
28194-3,28194,542,43,3,49.00,70684.46,0.05,0.06,N,O,1996-12-29,1997-02-17,1997-01-05,NONE,SHIP,instructions sleep regular frets. close req
28194-4,28194,1813,57,4,25.00,42870.25,0.03,0.00,N,O,1996-12-31,1997-02-17,1997-01-18,NONE,TRUCK,riously even packages caj
28194-5,28194,690,84,5,45.00,71581.05,0.01,0.04,N,O,1997-02-09,1997-02-07,1997-02-17,NONE,SHIP,ooze among the furiously unusual 
28195-1,28195,1702,87,1,33.00,52922.10,0.01,0.05,R,F,1994-12-26,1995-02-14,1994-12-28,TAKE BACK RETURN,REG AIR,"ts haggle after the ironic, even packag"
28195-2,28195,317,18,2,4.00,4869.24,0.03,0.03,R,F,1995-04-07,1995-02-11,1995-05-03,COLLECT COD,AIR,egular theodolites
28196-1,28196,625,57,1,49.00,74755.38,0.04,0.02,N,O,1995-11-20,1996-01-12,1995-12-07,DELIVER IN PERSON,SHIP,"quests sleep slyly. final, iron"
28197-1,28197,178,79,1,23.00,24797.91,0.01,0.03,A,F,1992-02-19,1992-02-25,1992-03-04,DELIVER IN PERSON,FOB,"nusual, unusual accounts. furio"
28197-2,28197,777,42,2,41.00,68788.57,0.01,0.02,R,F,1992-03-07,1992-02-26,1992-03-12,NONE,RAIL,eposits. foxes dazzl
28198-1,28198,1293,5,1,31.00,37022.99,0.10,0.08,R,F,1992-03-11,1992-04-12,1992-03-27,DELIVER IN PERSON,RAIL,ins after th
28198-2,28198,1344,45,2,50.00,62267.00,0.02,0.03,A,F,1992-04-12,1992-03-28,1992-04-23,TAKE BACK RETURN,RAIL,"ince the special, regular accounts."
28198-3,28198,1472,73,3,48.00,65926.56,0.04,0.03,R,F,1992-02-19,1992-05-03,1992-02-24,COLLECT COD,SHIP,across the unusual pinto
28198-4,28198,1943,76,4,9.00,16604.46,0.02,0.07,A,F,1992-06-07,1992-03-29,1992-06-12,COLLECT COD,RAIL,le blithely after the furiously ironic d
28199-1,28199,90,16,1,44.00,43563.96,0.01,0.03,N,O,1997-07-05,1997-06-24,1997-07-28,TAKE BACK RETURN,FOB,y special packages. careful
28199-2,28199,1815,45,2,21.00,36053.01,0.10,0.06,N,O,1997-08-01,1997-06-29,1997-08-22,DELIVER IN PERSON,RAIL, bold foxes boost bl
28199-3,28199,1087,58,3,19.00,18773.52,0.03,0.07,N,O,1997-06-16,1997-07-22,1997-07-13,NONE,AIR, have to wake quickly along the blith
28199-4,28199,585,16,4,10.00,14855.80,0.03,0.02,N,O,1997-06-25,1997-06-16,1997-07-17,NONE,RAIL,ts wake blithely boldly bold req
28199-5,28199,641,35,5,20.00,30832.80,0.01,0.03,N,O,1997-06-19,1997-07-26,1997-07-05,NONE,AIR,nal ideas wake ironic accounts. 
28199-6,28199,1642,43,6,50.00,77182.00,0.02,0.06,N,O,1997-08-13,1997-06-06,1997-08-21,TAKE BACK RETURN,RAIL, the carefully ironic sentiment
28199-7,28199,1612,95,7,32.00,48435.52,0.06,0.08,N,O,1997-08-24,1997-06-21,1997-08-28,NONE,AIR,to the even d
28224-1,28224,1822,52,1,4.00,6895.28,0.09,0.04,A,F,1993-01-11,1993-02-15,1993-01-25,DELIVER IN PERSON,FOB,"ar pinto beans. bold, expres"
28224-2,28224,1004,5,2,39.00,35295.00,0.03,0.08,A,F,1992-12-26,1993-03-10,1993-01-06,DELIVER IN PERSON,TRUCK,ions are s
28224-3,28224,1833,34,3,47.00,81537.01,0.02,0.03,A,F,1993-01-30,1993-02-01,1993-02-12,COLLECT COD,RAIL,ly alongside 
28224-4,28224,1037,43,4,44.00,41273.32,0.01,0.06,A,F,1993-03-26,1993-02-05,1993-03-27,DELIVER IN PERSON,RAIL,ly even dolp
28225-1,28225,71,22,1,16.00,15537.12,0.03,0.06,R,F,1994-02-16,1994-03-09,1994-02-20,DELIVER IN PERSON,TRUCK,"ly. regular, fin"
28225-2,28225,1773,58,2,39.00,65316.03,0.00,0.01,A,F,1994-03-12,1994-04-04,1994-04-10,NONE,FOB,"s. ironic, ironic account"
28225-3,28225,1366,81,3,45.00,57031.20,0.00,0.08,A,F,1994-02-13,1994-04-07,1994-03-04,NONE,AIR,egular instructions cajole boldly bo
28225-4,28225,1142,51,4,46.00,47984.44,0.07,0.05,A,F,1994-05-15,1994-03-24,1994-05-18,COLLECT COD,REG AIR,inal theodolites against the blithely sp
28225-5,28225,342,27,5,28.00,34785.52,0.01,0.02,R,F,1994-02-02,1994-03-30,1994-02-28,NONE,TRUCK,lly pending requests. sly
28225-6,28225,1779,22,6,29.00,48742.33,0.00,0.01,R,F,1994-03-16,1994-04-22,1994-04-13,DELIVER IN PERSON,RAIL,. carefully bol
28225-7,28225,1496,75,7,11.00,15372.39,0.10,0.00,A,F,1994-01-31,1994-04-08,1994-02-08,NONE,REG AIR, quickly pend
28226-1,28226,1661,44,1,31.00,48442.46,0.03,0.05,N,O,1998-09-14,1998-09-13,1998-09-27,TAKE BACK RETURN,REG AIR,ake closely final requests. dol
28227-1,28227,1269,70,1,1.00,1170.26,0.00,0.07,N,O,1997-02-17,1996-12-20,1997-02-26,NONE,TRUCK,kages nag blithely around the fu
28227-2,28227,114,15,2,34.00,34479.74,0.02,0.05,N,O,1996-12-10,1996-12-28,1996-12-31,DELIVER IN PERSON,AIR,elets. bra
28227-3,28227,1501,82,3,21.00,29452.50,0.09,0.07,N,O,1996-11-11,1996-12-20,1996-11-24,NONE,AIR,"atop the accounts. ironic,"
28227-4,28227,184,85,4,7.00,7589.26,0.10,0.07,N,O,1997-01-25,1996-12-27,1997-02-09,TAKE BACK RETURN,MAIL,ages nag quickly furiously 
28227-5,28227,1825,12,5,3.00,5180.46,0.04,0.06,N,O,1997-01-02,1996-12-29,1997-01-09,COLLECT COD,MAIL, instructions a
28227-6,28227,32,33,6,3.00,2796.09,0.06,0.06,N,O,1996-12-01,1996-12-26,1996-12-19,NONE,RAIL,phs. carefully ironic 
28228-1,28228,309,10,1,33.00,39906.90,0.07,0.05,R,F,1992-09-19,1992-09-15,1992-10-10,TAKE BACK RETURN,AIR,pecial pinto beans above 
28228-2,28228,1903,48,2,6.00,10829.40,0.06,0.04,R,F,1992-08-06,1992-10-07,1992-08-28,DELIVER IN PERSON,MAIL,the quickly even frets. carefully
28228-3,28228,1810,40,3,12.00,20541.72,0.08,0.01,R,F,1992-08-13,1992-08-26,1992-08-18,TAKE BACK RETURN,RAIL,; regular packages might i
28228-4,28228,1187,60,4,4.00,4352.72,0.04,0.05,R,F,1992-10-01,1992-09-15,1992-10-22,COLLECT COD,SHIP, according to 
28228-5,28228,811,11,5,13.00,22253.53,0.07,0.00,R,F,1992-09-08,1992-08-26,1992-09-18,NONE,REG AIR," blithely. bold, ironic accounts in place o"
28229-1,28229,1924,25,1,8.00,14607.36,0.04,0.07,N,O,1996-11-03,1996-09-24,1996-11-17,TAKE BACK RETURN,AIR,"sts believe slyly ironic, final "
28230-1,28230,159,12,1,43.00,45543.45,0.09,0.07,N,O,1997-09-24,1997-10-29,1997-09-30,COLLECT COD,AIR,ter the dogged ideas wake blithely slyly 
28230-2,28230,1199,100,2,35.00,38506.65,0.01,0.07,N,O,1997-11-30,1997-11-04,1997-12-29,DELIVER IN PERSON,AIR,"yers. regular, ironic request"
28230-3,28230,1513,94,3,45.00,63652.95,0.04,0.04,N,O,1997-11-20,1997-11-22,1997-11-24,NONE,TRUCK,carefully even instructions boost from 
28230-4,28230,166,19,4,19.00,20257.04,0.04,0.04,N,O,1997-12-26,1997-11-25,1997-12-27,NONE,TRUCK,raids nag slyly quickly blithe foxes. un
28231-1,28231,944,79,1,50.00,92247.00,0.01,0.04,R,F,1993-03-02,1993-01-31,1993-03-12,DELIVER IN PERSON,AIR,ggle slyly. final instructi
28231-2,28231,1694,77,2,43.00,68614.67,0.06,0.05,R,F,1992-12-15,1992-12-08,1993-01-01,NONE,MAIL,g accounts
28256-1,28256,334,35,1,47.00,58013.51,0.03,0.05,R,F,1994-05-01,1994-05-04,1994-05-29,DELIVER IN PERSON,FOB,low accounts c
28256-2,28256,1845,46,2,2.00,3493.68,0.08,0.01,A,F,1994-06-14,1994-04-12,1994-07-10,TAKE BACK RETURN,SHIP,yly ironic attainments. regularly
28257-1,28257,1202,14,1,37.00,40818.40,0.04,0.05,N,O,1998-08-08,1998-05-30,1998-08-09,NONE,SHIP," against the ironic, ironic packages"
28257-2,28257,1120,29,2,42.00,42887.04,0.01,0.00,N,O,1998-08-10,1998-07-03,1998-08-30,NONE,MAIL,areful dolphins. quickly 
28258-1,28258,1005,41,1,20.00,18120.00,0.09,0.03,R,F,1994-04-15,1994-04-28,1994-04-16,COLLECT COD,FOB,al accounts 
28258-2,28258,1341,56,2,32.00,39754.88,0.03,0.01,A,F,1994-06-10,1994-05-17,1994-07-06,DELIVER IN PERSON,FOB,ctions wak
28258-3,28258,179,80,3,4.00,4316.68,0.10,0.06,A,F,1994-06-19,1994-05-21,1994-06-28,COLLECT COD,SHIP,ly express instru
28258-4,28258,750,51,4,46.00,75934.50,0.07,0.02,R,F,1994-05-16,1994-05-08,1994-05-27,DELIVER IN PERSON,REG AIR,"ts. even, silent accounts according to th"
28258-5,28258,1441,81,5,6.00,8054.64,0.03,0.05,A,F,1994-05-21,1994-05-13,1994-06-03,NONE,FOB,ndencies. slyly final theo
28258-6,28258,1997,98,6,22.00,41777.78,0.10,0.05,R,F,1994-05-06,1994-04-27,1994-05-31,COLLECT COD,SHIP,ess packages-- c
28259-1,28259,1347,48,1,7.00,8738.38,0.09,0.06,A,F,1995-02-17,1994-12-09,1995-03-11,COLLECT COD,REG AIR,leep furiously across the ex
28259-2,28259,787,88,2,10.00,16877.80,0.01,0.08,A,F,1995-01-22,1994-12-31,1995-01-28,NONE,REG AIR,ng Tiresias after the regula
28259-3,28259,611,5,3,34.00,51394.74,0.01,0.06,A,F,1995-01-07,1994-12-07,1995-01-26,TAKE BACK RETURN,MAIL,. quickly silent hockey players 
28259-4,28259,850,84,4,35.00,61279.75,0.02,0.00,R,F,1994-12-19,1994-12-16,1995-01-07,NONE,FOB,refully from the even ideas. asymptotes pro
28259-5,28259,698,61,5,41.00,65546.29,0.02,0.01,R,F,1994-12-14,1994-12-19,1994-12-21,NONE,AIR,nal foxes are furiously express packag
28260-1,28260,773,6,1,33.00,55234.41,0.02,0.07,N,O,1996-10-23,1996-09-28,1996-11-16,NONE,REG AIR,". regular, ironic asymptot"
28260-2,28260,1881,82,2,25.00,44572.00,0.01,0.08,N,O,1996-10-23,1996-10-30,1996-11-11,TAKE BACK RETURN,TRUCK,tly. blithely ironic instructions 
28260-3,28260,126,5,3,20.00,20522.40,0.03,0.08,N,O,1996-10-03,1996-10-28,1996-10-04,TAKE BACK RETURN,TRUCK,final ideas are final instructio
28260-4,28260,109,88,4,34.00,34309.40,0.03,0.01,N,O,1996-10-26,1996-11-21,1996-11-12,TAKE BACK RETURN,RAIL,al packages wake pending deposit
28260-5,28260,1426,5,5,17.00,22566.14,0.07,0.03,N,O,1996-09-17,1996-10-03,1996-10-09,NONE,SHIP,ng frets. furiously regular 
28260-6,28260,1666,90,6,1.00,1567.66,0.09,0.02,N,O,1996-11-10,1996-10-14,1996-12-06,COLLECT COD,TRUCK,tructions. furi
28260-7,28260,1305,20,7,27.00,32570.10,0.03,0.06,N,O,1996-12-20,1996-09-27,1997-01-16,DELIVER IN PERSON,REG AIR,y regular deposits use carefully acc
28261-1,28261,859,93,1,32.00,56315.20,0.07,0.02,A,F,1993-04-01,1993-01-09,1993-04-19,TAKE BACK RETURN,REG AIR,egular instruction
28261-2,28261,755,56,2,17.00,28147.75,0.00,0.00,A,F,1993-04-01,1993-01-31,1993-04-13,TAKE BACK RETURN,MAIL,nt packages: fluffily ironic instruction
28261-3,28261,457,45,3,15.00,20361.75,0.00,0.03,A,F,1993-03-20,1993-01-23,1993-03-21,COLLECT COD,REG AIR,sly silent deposits.
28262-1,28262,388,45,1,46.00,59265.48,0.03,0.08,R,F,1995-03-22,1995-03-22,1995-04-18,TAKE BACK RETURN,MAIL,"hs after the even, eve"
28262-2,28262,943,46,2,38.00,70069.72,0.07,0.01,A,F,1995-04-21,1995-02-04,1995-05-10,COLLECT COD,RAIL,instructions. furiously cl
28262-3,28262,1117,18,3,25.00,25452.75,0.10,0.07,A,F,1995-04-27,1995-03-11,1995-04-28,COLLECT COD,REG AIR,uriously bold
28263-1,28263,263,45,1,40.00,46530.40,0.04,0.02,N,O,1997-03-22,1997-03-26,1997-03-31,NONE,MAIL,onic platelets sleep regula
28263-2,28263,441,71,2,36.00,48291.84,0.06,0.00,N,O,1997-03-11,1997-03-07,1997-03-14,NONE,RAIL, sleep carefully about the blithely
28263-3,28263,16,42,3,13.00,11908.13,0.04,0.01,N,O,1997-05-04,1997-03-19,1997-05-11,COLLECT COD,AIR,pecial pack
28288-1,28288,1240,41,1,19.00,21683.56,0.09,0.00,N,O,1996-06-01,1996-05-19,1996-06-20,NONE,RAIL, furiously among the sheaves. ca
28288-2,28288,70,46,2,46.00,44623.22,0.07,0.05,N,O,1996-03-18,1996-05-05,1996-04-08,TAKE BACK RETURN,RAIL,he packages use furiously r
28288-3,28288,1575,96,3,15.00,22148.55,0.03,0.00,N,O,1996-05-12,1996-06-06,1996-05-27,COLLECT COD,TRUCK,iously alongsi
28288-4,28288,1286,24,4,34.00,40367.52,0.10,0.02,N,O,1996-03-21,1996-06-08,1996-03-24,TAKE BACK RETURN,RAIL,requests! blithely regular dep
28289-1,28289,1102,75,1,1.00,1003.10,0.07,0.04,A,F,1993-02-16,1993-03-07,1993-02-27,DELIVER IN PERSON,REG AIR,ly regular e
28289-2,28289,1211,49,2,16.00,17795.36,0.04,0.08,R,F,1993-04-24,1993-03-09,1993-05-06,TAKE BACK RETURN,TRUCK, are blithely regular
28290-1,28290,1352,53,1,41.00,51387.35,0.06,0.02,R,F,1994-01-14,1994-02-12,1994-02-13,TAKE BACK RETURN,RAIL,ss the slyly 
28290-2,28290,996,65,2,23.00,43630.77,0.02,0.07,R,F,1994-04-30,1994-02-23,1994-05-28,NONE,AIR,riously unusual plat
28290-3,28290,1614,56,3,16.00,24249.76,0.09,0.02,A,F,1994-02-20,1994-04-02,1994-03-13,NONE,REG AIR,packages are ruthlessly fluffily regu
28290-4,28290,1496,97,4,33.00,46117.17,0.04,0.02,R,F,1994-04-12,1994-03-18,1994-04-29,NONE,TRUCK,efully according to the dolphins. 
28290-5,28290,1681,64,5,12.00,18992.16,0.05,0.03,A,F,1994-01-15,1994-03-19,1994-02-01,COLLECT COD,AIR, slyly unusual accounts nag 
28290-6,28290,564,55,6,32.00,46865.92,0.05,0.00,A,F,1994-01-27,1994-02-19,1994-02-25,COLLECT COD,SHIP,outs boost thinly above the furiously even 
28290-7,28290,177,56,7,40.00,43086.80,0.01,0.00,R,F,1994-03-10,1994-03-06,1994-03-24,COLLECT COD,AIR,nding packag
28291-1,28291,218,46,1,39.00,43610.19,0.08,0.01,R,F,1994-07-03,1994-05-08,1994-07-17,TAKE BACK RETURN,TRUCK,"gainst the regular attainments. final, "
28291-2,28291,1338,77,2,16.00,19829.28,0.07,0.02,R,F,1994-04-01,1994-05-22,1994-05-01,NONE,TRUCK,refully unusual foxes. caref
28292-1,28292,1679,3,1,5.00,7903.35,0.00,0.02,R,F,1993-06-17,1993-03-30,1993-07-04,NONE,SHIP,nal foxes cajole above the
28293-1,28293,705,2,1,41.00,65833.70,0.01,0.03,N,O,1998-01-31,1997-11-23,1998-02-10,COLLECT COD,AIR,ully even 
28293-2,28293,253,81,2,7.00,8072.75,0.01,0.00,N,O,1998-01-09,1997-12-20,1998-01-31,NONE,MAIL,gular deposits? silently even pinto beans
28293-3,28293,330,87,3,29.00,35679.57,0.06,0.00,N,O,1997-11-07,1997-12-31,1997-11-23,NONE,RAIL,pths detect quickly ironic p
28293-4,28293,1981,82,4,50.00,94149.00,0.04,0.07,N,O,1997-10-26,1997-12-15,1997-11-22,DELIVER IN PERSON,FOB,w quickly carefully q
28294-1,28294,1233,71,1,10.00,11342.30,0.06,0.08,R,F,1992-06-13,1992-07-17,1992-06-28,COLLECT COD,AIR,longside of the blithely regular accou
28294-2,28294,866,67,2,17.00,30036.62,0.06,0.08,A,F,1992-08-17,1992-07-19,1992-09-16,TAKE BACK RETURN,TRUCK,around the slyly re
28294-3,28294,991,60,3,26.00,49191.74,0.07,0.04,R,F,1992-07-01,1992-06-28,1992-07-02,DELIVER IN PERSON,MAIL,uriously p
28294-4,28294,517,48,4,31.00,43942.81,0.00,0.00,R,F,1992-09-10,1992-07-21,1992-09-11,COLLECT COD,REG AIR,dolites integrate slyly until the 
28295-1,28295,1036,37,1,39.00,36544.17,0.09,0.03,N,O,1998-03-25,1998-02-09,1998-04-17,TAKE BACK RETURN,AIR,"ymptotes are quickly express, "
28295-2,28295,344,73,2,19.00,23642.46,0.05,0.05,N,O,1997-12-19,1998-03-03,1998-01-02,NONE,MAIL,"ions. regular, unusual reque"
28295-3,28295,1385,86,3,23.00,29586.74,0.01,0.01,N,O,1998-02-09,1998-01-26,1998-03-03,COLLECT COD,MAIL," engage furiously. thin, slow i"
28295-4,28295,188,41,4,11.00,11969.98,0.07,0.02,N,O,1997-12-17,1998-02-27,1998-01-04,NONE,SHIP, deposits was. slyly even excuses cajole e
28320-1,28320,1072,78,1,21.00,20434.47,0.07,0.00,A,F,1993-01-19,1993-02-24,1993-01-22,TAKE BACK RETURN,SHIP,ar accounts are b
28320-2,28320,1738,81,2,22.00,36074.06,0.02,0.07,A,F,1993-02-03,1993-03-06,1993-02-16,TAKE BACK RETURN,FOB,. even pinto beans nag across
28320-3,28320,115,42,3,31.00,31468.41,0.08,0.07,A,F,1993-02-20,1993-03-21,1993-03-06,NONE,FOB,eposits. special packages sleep fur
28321-1,28321,1927,16,1,1.00,1828.92,0.07,0.06,R,F,1993-09-13,1993-09-10,1993-09-16,DELIVER IN PERSON,TRUCK,requests use daringl
28321-2,28321,1093,29,2,14.00,13917.26,0.08,0.01,R,F,1993-09-11,1993-09-29,1993-09-17,NONE,MAIL,tions detect of the 
28321-3,28321,1986,87,3,17.00,32095.66,0.05,0.03,A,F,1993-11-12,1993-09-06,1993-11-21,NONE,AIR,requests. blithely ironic ideas cajol
28321-4,28321,1270,71,4,22.00,25767.94,0.03,0.06,R,F,1993-09-11,1993-09-15,1993-09-29,COLLECT COD,REG AIR,iet packages sublate around t
28321-5,28321,620,83,5,40.00,60824.80,0.06,0.03,A,F,1993-11-22,1993-10-04,1993-12-12,COLLECT COD,SHIP, ideas haggle carefully. sl
28321-6,28321,1124,33,6,42.00,43055.04,0.02,0.08,R,F,1993-10-21,1993-09-10,1993-10-24,COLLECT COD,AIR,y carefully regular braids. even account
28321-7,28321,1417,57,7,44.00,58010.04,0.07,0.02,A,F,1993-10-14,1993-10-03,1993-10-18,TAKE BACK RETURN,TRUCK,ts sleep blithely even foxes; accounts hin
28322-1,28322,754,19,1,50.00,82737.50,0.04,0.07,N,O,1996-03-20,1996-03-11,1996-04-01,NONE,AIR,fully along the regular ex
28322-2,28322,786,87,2,6.00,10120.68,0.10,0.00,N,O,1995-12-21,1996-03-06,1995-12-27,TAKE BACK RETURN,AIR,ach furiously along the e
28322-3,28322,506,7,3,16.00,22504.00,0.00,0.05,N,O,1996-03-27,1996-02-02,1996-04-19,TAKE BACK RETURN,FOB, slyly bold deposit
28322-4,28322,1068,4,4,20.00,19381.20,0.01,0.07,N,O,1996-01-26,1996-03-08,1996-02-09,COLLECT COD,SHIP,the carefully silen
28322-5,28322,1835,79,5,28.00,48631.24,0.04,0.07,N,O,1996-02-08,1996-01-15,1996-02-17,NONE,SHIP,lets above the pendin
28322-6,28322,505,96,6,44.00,61842.00,0.03,0.05,N,O,1996-02-26,1996-03-12,1996-03-12,DELIVER IN PERSON,TRUCK,express requests use furious
28323-1,28323,153,80,1,30.00,31594.50,0.09,0.06,N,O,1996-05-26,1996-05-17,1996-06-20,NONE,AIR,ids sleep caref
28323-2,28323,771,72,2,11.00,18389.47,0.02,0.06,N,O,1996-05-25,1996-05-28,1996-06-19,COLLECT COD,TRUCK,avely furious ide
28323-3,28323,1132,33,3,42.00,43391.46,0.02,0.03,N,O,1996-06-07,1996-05-11,1996-06-29,DELIVER IN PERSON,MAIL,uriously across
28324-1,28324,1965,10,1,38.00,70944.48,0.02,0.00,N,O,1995-11-16,1995-11-01,1995-11-22,NONE,AIR,s nag. spec
28324-2,28324,1566,67,2,5.00,7337.80,0.01,0.02,N,O,1995-11-23,1995-09-14,1995-12-21,TAKE BACK RETURN,RAIL,ly even accounts around th
28324-3,28324,203,4,3,49.00,54056.80,0.00,0.02,N,O,1995-08-15,1995-09-09,1995-09-13,COLLECT COD,SHIP,le carefully abov
28324-4,28324,1145,46,4,14.00,14645.96,0.07,0.08,N,O,1995-10-05,1995-09-16,1995-10-19,NONE,RAIL,"pecial deposits. even, regular idea"
28324-5,28324,219,47,5,46.00,51483.66,0.03,0.05,N,O,1995-11-25,1995-11-05,1995-12-09,COLLECT COD,REG AIR,", regular requests. carefully bold accou"
28324-6,28324,1903,48,6,3.00,5414.70,0.07,0.02,N,O,1995-09-08,1995-09-23,1995-10-01,DELIVER IN PERSON,REG AIR, furiously. sly
28324-7,28324,1693,76,7,28.00,44651.32,0.03,0.02,N,O,1995-12-01,1995-10-10,1995-12-26,NONE,MAIL, regular dependencies na
28325-1,28325,1422,40,1,30.00,39702.60,0.07,0.08,N,O,1996-10-01,1996-08-30,1996-10-18,NONE,RAIL,ily. bold gifts alongside of the senti
28325-2,28325,55,6,2,17.00,16235.85,0.09,0.07,N,O,1996-10-20,1996-08-30,1996-11-11,TAKE BACK RETURN,SHIP,ss instructions wake ironically f
28325-3,28325,1751,36,3,6.00,9916.50,0.07,0.07,N,O,1996-07-20,1996-10-02,1996-08-04,TAKE BACK RETURN,MAIL,ideas x-ray after the re
28325-4,28325,644,38,4,28.00,43249.92,0.04,0.07,N,O,1996-08-10,1996-09-02,1996-09-02,TAKE BACK RETURN,AIR,y deposits haggle boldly? even deposi
28326-1,28326,501,32,1,3.00,4204.50,0.06,0.08,N,O,1998-10-14,1998-08-12,1998-10-24,DELIVER IN PERSON,FOB,fily regular package
28326-2,28326,1005,6,2,42.00,38052.00,0.08,0.01,N,O,1998-10-10,1998-09-29,1998-10-24,COLLECT COD,REG AIR,". ideas cajole. ironic, bold depo"
28326-3,28326,272,73,3,36.00,42201.72,0.09,0.04,N,O,1998-09-22,1998-08-10,1998-09-23,TAKE BACK RETURN,SHIP,nts use fluffily after the foxes. furi
28326-4,28326,836,70,4,40.00,69473.20,0.03,0.04,N,O,1998-08-19,1998-08-20,1998-08-30,NONE,MAIL, blithely bold pinto beans affix 
28326-5,28326,1931,20,5,25.00,45823.25,0.01,0.01,N,O,1998-08-24,1998-09-29,1998-09-11,NONE,AIR,out the ironic packages. blithely s
28326-6,28326,1892,36,6,14.00,25114.46,0.08,0.06,N,O,1998-07-11,1998-10-02,1998-08-08,TAKE BACK RETURN,AIR,ts doze carefully carefully regular accoun
28326-7,28326,1369,70,7,29.00,36840.44,0.01,0.08,N,O,1998-10-26,1998-08-17,1998-11-25,NONE,FOB, the even ideas haggle furiously according
28327-1,28327,739,40,1,2.00,3279.46,0.03,0.02,R,F,1994-09-10,1994-08-30,1994-10-03,COLLECT COD,RAIL,cial deposits-- quickly furious asymp
28327-2,28327,766,67,2,20.00,33335.20,0.09,0.00,R,F,1994-06-19,1994-08-02,1994-07-13,COLLECT COD,TRUCK,"ual, regular packages us"
28327-3,28327,1860,61,3,12.00,21142.32,0.02,0.07,R,F,1994-07-20,1994-08-31,1994-08-01,TAKE BACK RETURN,FOB,kages boost c
28327-4,28327,1958,47,4,45.00,83697.75,0.06,0.04,A,F,1994-09-04,1994-09-08,1994-10-01,COLLECT COD,FOB,s haggle furiously. ideas acros
28352-1,28352,850,84,1,42.00,73535.70,0.02,0.08,N,O,1998-01-18,1998-03-18,1998-01-31,DELIVER IN PERSON,MAIL,ithely fluffy pinto bean
28352-2,28352,1414,32,2,12.00,15784.92,0.09,0.04,N,O,1998-02-09,1998-03-07,1998-03-08,DELIVER IN PERSON,MAIL,s sleep? pinto beans
28352-3,28352,1762,89,3,45.00,74869.20,0.09,0.03,N,O,1998-01-25,1998-03-19,1998-02-24,COLLECT COD,AIR,s haggle final
28352-4,28352,1538,19,4,26.00,37427.78,0.01,0.04,N,O,1998-03-30,1998-02-05,1998-04-27,COLLECT COD,MAIL,", express foxes "
28352-5,28352,1023,24,5,19.00,17556.38,0.08,0.06,N,O,1998-01-11,1998-03-11,1998-01-28,DELIVER IN PERSON,RAIL, ironic accounts use quickly fluffily regu
28353-1,28353,111,64,1,14.00,14155.54,0.10,0.08,R,F,1993-08-01,1993-06-28,1993-08-17,DELIVER IN PERSON,REG AIR,theodolites are blithely pending 
28354-1,28354,1896,83,1,24.00,43149.36,0.10,0.04,R,F,1994-06-03,1994-05-08,1994-06-05,COLLECT COD,SHIP,nic deposits integrate carefully furiously
28354-2,28354,1247,22,2,49.00,56263.76,0.07,0.04,R,F,1994-05-06,1994-05-27,1994-05-28,DELIVER IN PERSON,RAIL,s? blithely
28354-3,28354,854,54,3,29.00,50890.65,0.04,0.01,R,F,1994-06-28,1994-05-27,1994-07-15,DELIVER IN PERSON,FOB,blithely s
28354-4,28354,424,54,4,42.00,55625.64,0.07,0.08,R,F,1994-04-22,1994-06-17,1994-04-28,COLLECT COD,REG AIR,packages haggle fluffily b
28355-1,28355,1405,45,1,12.00,15676.80,0.09,0.04,R,F,1993-11-09,1993-11-29,1993-11-15,NONE,RAIL,ly. carefully unusual foxes above the
28355-2,28355,855,89,2,35.00,61454.75,0.08,0.08,R,F,1993-11-12,1993-12-21,1993-12-06,TAKE BACK RETURN,TRUCK,sly. unusua
28355-3,28355,1695,37,3,41.00,65464.29,0.05,0.02,A,F,1993-11-11,1993-12-14,1993-11-16,COLLECT COD,AIR,ng the blithely p
28355-4,28355,447,35,4,34.00,45812.96,0.10,0.02,R,F,1994-01-20,1993-11-13,1994-02-04,DELIVER IN PERSON,SHIP,cial instruction
28355-5,28355,738,35,5,34.00,55716.82,0.07,0.03,A,F,1993-10-17,1993-12-31,1993-10-19,DELIVER IN PERSON,SHIP,ly final deposits 
28355-6,28355,1297,9,6,43.00,51526.47,0.01,0.00,R,F,1994-01-21,1993-11-12,1994-02-20,TAKE BACK RETURN,MAIL,l warhorses. even asymptotes hin
28355-7,28355,715,80,7,14.00,22619.94,0.08,0.00,A,F,1993-12-16,1993-11-17,1993-12-17,NONE,FOB,st the special dependencies. slyly 
28356-1,28356,994,95,1,4.00,7579.96,0.10,0.00,N,O,1997-11-29,1997-12-06,1997-12-02,COLLECT COD,REG AIR,ly ironic excuse
28357-1,28357,1333,34,1,41.00,50607.53,0.05,0.02,A,F,1993-06-25,1993-07-07,1993-07-23,DELIVER IN PERSON,FOB,"s, even de"
28357-2,28357,1959,48,2,9.00,16748.55,0.10,0.06,R,F,1993-06-05,1993-07-10,1993-06-23,COLLECT COD,AIR,ter the quickly permanent package
28357-3,28357,603,35,3,32.00,48115.20,0.05,0.07,A,F,1993-07-20,1993-07-08,1993-07-27,COLLECT COD,FOB,equests cajole. warthogs sleep slyly
28357-4,28357,1899,100,4,6.00,10805.34,0.07,0.00,R,F,1993-08-30,1993-07-22,1993-09-04,NONE,TRUCK,y players. bl
28358-1,28358,665,59,1,32.00,50101.12,0.02,0.04,R,F,1994-05-15,1994-06-08,1994-06-01,NONE,RAIL,ctions unwind stealthily even ideas. ev
28358-2,28358,473,3,2,23.00,31589.81,0.00,0.04,A,F,1994-06-08,1994-06-28,1994-06-28,NONE,FOB,ic deposit
28359-1,28359,336,21,1,23.00,28435.59,0.02,0.06,N,O,1997-07-24,1997-08-01,1997-08-07,TAKE BACK RETURN,REG AIR,uriously unusual accounts?
28359-2,28359,240,95,2,9.00,10262.16,0.03,0.02,N,O,1997-07-02,1997-06-17,1997-07-18,TAKE BACK RETURN,REG AIR,dencies sleep carefully a
28359-3,28359,578,69,3,15.00,22178.55,0.05,0.02,N,O,1997-07-31,1997-07-22,1997-08-08,COLLECT COD,MAIL,es. pending pinto b
28359-4,28359,330,15,4,17.00,20915.61,0.03,0.01,N,O,1997-06-03,1997-06-08,1997-06-14,NONE,SHIP, slyly regular accounts
28359-5,28359,1447,65,5,17.00,22923.48,0.10,0.03,N,O,1997-05-14,1997-06-07,1997-06-05,TAKE BACK RETURN,TRUCK,ronic dolphins against the unusual pa
28384-1,28384,1448,49,1,38.00,51278.72,0.00,0.02,N,O,1997-04-11,1997-03-05,1997-05-05,NONE,AIR,ions. courts cajol
28384-2,28384,697,29,2,11.00,17574.59,0.09,0.07,N,O,1997-03-01,1997-03-07,1997-03-05,NONE,RAIL,"ial deposits. regular, pending accoun"
28384-3,28384,870,4,3,47.00,83230.89,0.05,0.04,N,O,1997-04-09,1997-04-04,1997-05-08,TAKE BACK RETURN,REG AIR, boost carefully 
28384-4,28384,535,26,4,7.00,10048.71,0.04,0.07,N,O,1997-01-07,1997-03-17,1997-01-18,TAKE BACK RETURN,FOB,wake quickly a
28385-1,28385,1087,93,1,45.00,44463.60,0.02,0.08,A,F,1992-12-28,1992-12-03,1993-01-20,COLLECT COD,MAIL,lar packages during the deposits nod ev
28386-1,28386,660,23,1,8.00,12485.28,0.06,0.06,N,O,1998-04-21,1998-04-16,1998-04-25,COLLECT COD,TRUCK,p sometimes above the blithely dari
28386-2,28386,1056,57,2,15.00,14355.75,0.08,0.01,N,O,1998-03-27,1998-05-02,1998-04-24,NONE,FOB, pending as
28386-3,28386,1749,76,3,43.00,70981.82,0.03,0.08,N,O,1998-06-08,1998-03-29,1998-06-20,COLLECT COD,SHIP,he regular pinto beans
28386-4,28386,574,5,4,42.00,61931.94,0.03,0.06,N,O,1998-05-31,1998-03-30,1998-06-08,NONE,FOB,of the fur
28386-5,28386,1411,51,5,43.00,56433.63,0.01,0.08,N,O,1998-03-27,1998-03-26,1998-04-25,TAKE BACK RETURN,FOB,ular reque
28386-6,28386,1069,40,6,18.00,17461.08,0.04,0.05,N,O,1998-04-10,1998-05-01,1998-04-15,DELIVER IN PERSON,TRUCK, the ruthless instructions. foxes wake. 
28387-1,28387,185,38,1,9.00,9766.62,0.01,0.03,A,F,1992-07-02,1992-08-24,1992-07-05,NONE,SHIP,e final platelets. ironic pa
28387-2,28387,97,48,2,16.00,15953.44,0.05,0.03,R,F,1992-07-16,1992-09-22,1992-08-03,NONE,RAIL,fluffily e
28387-3,28387,1515,96,3,27.00,38245.77,0.09,0.08,R,F,1992-10-20,1992-09-10,1992-10-26,DELIVER IN PERSON,FOB,g the carefull
28387-4,28387,1918,51,4,27.00,49137.57,0.07,0.01,A,F,1992-10-12,1992-09-06,1992-11-10,TAKE BACK RETURN,MAIL,he final requests wake blith
28387-5,28387,1449,28,5,23.00,31060.12,0.00,0.00,R,F,1992-08-23,1992-08-19,1992-08-29,NONE,FOB,ltipliers. requests cajole. carefu
28387-6,28387,620,83,6,36.00,54742.32,0.01,0.03,R,F,1992-08-09,1992-08-03,1992-08-21,COLLECT COD,FOB," wake silent, pending accounts. car"
28387-7,28387,829,63,7,31.00,53624.42,0.01,0.04,A,F,1992-08-30,1992-09-10,1992-09-03,NONE,RAIL, instructions. f
28388-1,28388,1758,85,1,24.00,39834.00,0.02,0.02,R,F,1994-03-19,1994-03-05,1994-04-03,TAKE BACK RETURN,RAIL, special requests boost quietly regu
28388-2,28388,1989,34,2,45.00,85094.10,0.10,0.00,R,F,1993-12-22,1994-01-28,1993-12-30,TAKE BACK RETURN,SHIP,furiously asymptotes. 
28388-3,28388,263,91,3,29.00,33734.54,0.05,0.06,R,F,1993-12-31,1994-03-08,1994-01-23,NONE,MAIL, packages. carefully fi
28389-1,28389,633,27,1,45.00,69013.35,0.10,0.05,A,F,1994-11-10,1994-12-23,1994-11-30,COLLECT COD,FOB," dogged, special dep"
28389-2,28389,1578,99,2,12.00,17754.84,0.04,0.03,R,F,1995-02-10,1995-01-26,1995-02-26,NONE,SHIP,olites haggl
28389-3,28389,578,69,3,34.00,50271.38,0.04,0.02,R,F,1994-12-25,1995-01-10,1995-01-02,TAKE BACK RETURN,RAIL,ly express packages. quickly express dino
28389-4,28389,329,58,4,48.00,59007.36,0.10,0.07,R,F,1994-11-26,1995-01-03,1994-12-19,COLLECT COD,RAIL,ncies. final theodoli
28389-5,28389,1361,100,5,32.00,40395.52,0.01,0.01,A,F,1995-02-12,1995-01-08,1995-02-13,TAKE BACK RETURN,MAIL,oost bravely furiously daring tithes. pen
28390-1,28390,31,57,1,21.00,19551.63,0.07,0.01,A,F,1992-02-27,1992-03-19,1992-02-29,NONE,TRUCK,ugouts wake furiously. acco
28390-2,28390,345,74,2,13.00,16189.42,0.06,0.07,R,F,1992-04-02,1992-04-22,1992-04-04,TAKE BACK RETURN,SHIP,y across th
28390-3,28390,1421,39,3,25.00,33060.50,0.01,0.08,R,F,1992-02-15,1992-04-14,1992-02-17,TAKE BACK RETURN,SHIP,jole furiously
28390-4,28390,1268,43,4,36.00,42093.36,0.01,0.08,R,F,1992-04-10,1992-03-11,1992-04-17,DELIVER IN PERSON,MAIL,sly regular packages. regula
28390-5,28390,1861,62,5,12.00,21154.32,0.08,0.02,A,F,1992-02-21,1992-04-12,1992-03-15,NONE,REG AIR,ven instructions. reg
28390-6,28390,1173,74,6,1.00,1074.17,0.01,0.07,A,F,1992-03-09,1992-03-28,1992-04-07,DELIVER IN PERSON,RAIL,r about the carefully final
28391-1,28391,1163,72,1,36.00,38309.76,0.10,0.02,N,O,1998-02-09,1998-01-30,1998-02-26,DELIVER IN PERSON,TRUCK,ts. blithel
28391-2,28391,1271,72,2,48.00,56268.96,0.05,0.02,N,O,1998-01-30,1998-03-13,1998-02-07,TAKE BACK RETURN,TRUCK,e quickly. furi
28391-3,28391,25,26,3,12.00,11100.24,0.06,0.04,N,O,1998-01-12,1998-03-16,1998-01-30,COLLECT COD,AIR, platelets may boost according to
28391-4,28391,1805,6,4,39.00,66565.20,0.07,0.07,N,O,1998-03-09,1998-02-26,1998-04-08,COLLECT COD,RAIL,cross the ironic asymptotes hagg
28416-1,28416,193,20,1,36.00,39354.84,0.10,0.07,N,O,1997-03-01,1997-01-30,1997-03-06,TAKE BACK RETURN,SHIP,inal package
28416-2,28416,509,70,2,33.00,46513.50,0.01,0.05,N,O,1997-01-03,1997-01-20,1997-01-08,TAKE BACK RETURN,FOB,ver express packages s
28416-3,28416,1761,62,3,16.00,26604.16,0.04,0.08,N,O,1996-12-11,1997-01-12,1996-12-18,COLLECT COD,FOB,"ly express requests. even, reg"
28416-4,28416,418,19,4,39.00,51417.99,0.00,0.03,N,O,1996-12-10,1996-12-14,1997-01-02,DELIVER IN PERSON,RAIL,s wake atop th
28416-5,28416,1899,100,5,12.00,21610.68,0.08,0.05,N,O,1997-03-02,1997-01-14,1997-03-27,TAKE BACK RETURN,FOB,equests integrate blithely fin
28416-6,28416,1005,6,6,29.00,26274.00,0.02,0.01,N,O,1997-02-22,1997-01-30,1997-03-08,NONE,RAIL,arefully even pearls use
28417-1,28417,1221,96,1,10.00,11222.20,0.03,0.02,N,O,1998-05-13,1998-04-15,1998-05-24,TAKE BACK RETURN,MAIL,ilent ideas haggl
28417-2,28417,1628,52,2,35.00,53536.70,0.03,0.08,N,O,1998-01-31,1998-04-23,1998-02-21,COLLECT COD,RAIL,ully regula
28417-3,28417,567,98,3,44.00,64572.64,0.07,0.08,N,O,1998-04-29,1998-03-16,1998-05-20,NONE,RAIL,uickly above the carefully regular 
28417-4,28417,245,73,4,29.00,33211.96,0.10,0.05,N,O,1998-04-03,1998-03-28,1998-04-16,COLLECT COD,MAIL,usual asymptotes are quickly carefully r
28417-5,28417,1062,98,5,31.00,29854.86,0.01,0.03,N,O,1998-02-07,1998-03-27,1998-03-03,DELIVER IN PERSON,AIR,ackages haggle furiously care
28417-6,28417,1130,39,6,10.00,10311.30,0.05,0.02,N,O,1998-02-11,1998-03-10,1998-03-03,TAKE BACK RETURN,FOB, furiously bold requests. even account
28417-7,28417,223,51,7,5.00,5616.10,0.00,0.07,N,O,1998-04-18,1998-03-30,1998-05-09,COLLECT COD,TRUCK,ons; even acc
28418-1,28418,1437,55,1,47.00,62906.21,0.08,0.08,A,F,1992-06-04,1992-07-25,1992-06-19,NONE,MAIL,slyly bold excuses wake 
28419-1,28419,539,30,1,31.00,44625.43,0.01,0.00,A,F,1995-02-07,1994-12-31,1995-02-17,COLLECT COD,REG AIR,instructions might promise agai
28420-1,28420,1478,57,1,3.00,4138.41,0.00,0.03,A,F,1995-01-19,1994-11-08,1995-02-18,COLLECT COD,REG AIR,refully pending deposits 
28420-2,28420,1843,73,2,5.00,8724.20,0.10,0.08,A,F,1994-10-18,1994-12-09,1994-11-05,TAKE BACK RETURN,AIR,blithely alon
28421-1,28421,957,60,1,34.00,63170.30,0.01,0.00,N,O,1998-03-25,1998-05-16,1998-04-06,COLLECT COD,RAIL,"mong the unusual, unusual accounts."
28422-1,28422,397,98,1,20.00,25947.80,0.08,0.07,N,O,1997-12-15,1998-01-13,1997-12-22,NONE,MAIL,ding accounts run quickly 
28423-1,28423,1182,83,1,37.00,40077.66,0.01,0.01,N,O,1997-01-05,1996-12-08,1997-01-24,DELIVER IN PERSON,SHIP,encies sleep. requests wake flu
28423-2,28423,324,9,2,29.00,35505.28,0.07,0.00,N,O,1996-12-25,1996-10-20,1997-01-01,DELIVER IN PERSON,MAIL,pending requests cajole 
28448-1,28448,831,98,1,20.00,34636.60,0.09,0.03,N,O,1995-10-23,1995-11-09,1995-10-29,DELIVER IN PERSON,TRUCK,ages use agai
28448-2,28448,363,20,2,44.00,55587.84,0.01,0.07,N,O,1995-12-21,1995-10-20,1996-01-12,TAKE BACK RETURN,REG AIR,ing deposits after the Tiresias sleep sly
28449-1,28449,252,7,1,23.00,26501.75,0.09,0.00,N,O,1998-07-07,1998-05-03,1998-07-26,TAKE BACK RETURN,MAIL,deposits detect after the ironic
28450-1,28450,445,33,1,33.00,44399.52,0.08,0.03,N,O,1998-05-07,1998-06-01,1998-05-13,TAKE BACK RETURN,MAIL,slyly. slyly iro
28450-2,28450,461,20,2,18.00,24506.28,0.05,0.08,N,O,1998-08-14,1998-07-10,1998-08-22,NONE,REG AIR,the accounts. blithely special depo
28451-1,28451,1070,76,1,4.00,3884.28,0.07,0.06,R,F,1994-03-16,1994-04-05,1994-04-15,COLLECT COD,SHIP,usly according to the regula
28451-2,28451,1291,29,2,11.00,13115.19,0.06,0.00,R,F,1994-05-03,1994-03-30,1994-05-24,COLLECT COD,SHIP,xes sleep among the 
28451-3,28451,1269,7,3,46.00,53831.96,0.04,0.02,R,F,1994-02-26,1994-03-17,1994-03-26,TAKE BACK RETURN,RAIL,ests. ironic ideas detect furiously quick
28451-4,28451,1407,47,4,36.00,47102.40,0.04,0.07,R,F,1994-03-26,1994-02-12,1994-04-04,NONE,AIR,ly-- blithely pending depend
28451-5,28451,507,38,5,11.00,15482.50,0.10,0.03,R,F,1994-04-24,1994-03-08,1994-05-13,TAKE BACK RETURN,REG AIR,ake furiously blithely ironic
28451-6,28451,63,14,6,45.00,43337.70,0.10,0.01,R,F,1994-05-03,1994-03-09,1994-05-26,DELIVER IN PERSON,AIR,unts kindle carefully along the c
28451-7,28451,909,10,7,49.00,88685.10,0.04,0.03,R,F,1994-02-10,1994-02-27,1994-03-11,TAKE BACK RETURN,TRUCK, across the quickly final requests. f
28452-1,28452,514,15,1,7.00,9901.57,0.05,0.00,N,O,1997-03-20,1997-05-23,1997-03-21,DELIVER IN PERSON,TRUCK,ar packages wake. 
28453-1,28453,499,100,1,19.00,26590.31,0.01,0.02,R,F,1993-02-13,1993-02-02,1993-03-02,NONE,FOB,e final foxes 
28454-1,28454,591,92,1,3.00,4474.77,0.05,0.07,R,F,1992-11-14,1992-10-16,1992-11-25,NONE,AIR,y at the blithely regular pla
28454-2,28454,1791,18,2,42.00,71097.18,0.04,0.05,R,F,1992-09-17,1992-10-04,1992-10-02,NONE,AIR,ed pinto beans. theodolites use 
28454-3,28454,1924,25,3,24.00,43822.08,0.07,0.03,A,F,1992-08-30,1992-09-12,1992-09-03,NONE,REG AIR,"finally express deposits. final, even asymp"
28454-4,28454,1585,86,4,45.00,66896.10,0.02,0.03,R,F,1992-10-20,1992-09-27,1992-10-21,NONE,MAIL,ly final excus
28455-1,28455,738,3,1,23.00,37690.79,0.06,0.04,A,F,1993-06-28,1993-08-06,1993-07-12,DELIVER IN PERSON,RAIL,theodolites are fluffily carefully final 
28455-2,28455,1265,3,2,37.00,43151.62,0.08,0.01,R,F,1993-08-24,1993-08-13,1993-09-16,TAKE BACK RETURN,RAIL,refully idl
28455-3,28455,338,23,3,40.00,49533.20,0.09,0.06,A,F,1993-08-24,1993-07-22,1993-08-28,COLLECT COD,FOB,efully specia
28480-1,28480,865,66,1,12.00,21190.32,0.01,0.03,A,F,1994-06-15,1994-05-28,1994-06-22,DELIVER IN PERSON,MAIL, above the carefully special acc
28480-2,28480,883,84,2,14.00,24974.32,0.00,0.05,R,F,1994-04-14,1994-05-04,1994-05-10,COLLECT COD,TRUCK,furiously. blithely regular packages
28481-1,28481,795,96,1,48.00,81397.92,0.06,0.01,R,F,1994-02-22,1994-03-19,1994-03-05,TAKE BACK RETURN,TRUCK,oxes. quickly
28481-2,28481,1050,51,2,11.00,10461.55,0.07,0.08,A,F,1994-05-11,1994-03-16,1994-05-31,NONE,TRUCK,c tithes. slyly final packages are furio
28482-1,28482,1152,53,1,43.00,45285.45,0.08,0.06,A,F,1993-03-21,1993-05-20,1993-04-19,DELIVER IN PERSON,SHIP,ourts according to the 
28482-2,28482,411,12,2,28.00,36719.48,0.10,0.01,R,F,1993-06-05,1993-05-12,1993-06-22,TAKE BACK RETURN,TRUCK,into beans. accounts sleep qui
28483-1,28483,1493,94,1,48.00,66935.52,0.03,0.04,N,O,1997-04-22,1997-05-15,1997-05-22,TAKE BACK RETURN,REG AIR,quickly regular 
28483-2,28483,716,17,2,13.00,21017.23,0.08,0.07,N,O,1997-04-10,1997-04-07,1997-05-08,TAKE BACK RETURN,FOB,nal pinto beans integra
28483-3,28483,167,68,3,48.00,51223.68,0.03,0.08,N,O,1997-05-24,1997-05-21,1997-06-02,TAKE BACK RETURN,AIR,sits use. ideas use. slyly fina
28483-4,28483,493,52,4,26.00,36230.74,0.06,0.01,N,O,1997-03-27,1997-06-01,1997-04-23,COLLECT COD,SHIP,"nusual courts. bold, final foxes try to"
28484-1,28484,1524,45,1,48.00,68424.96,0.04,0.02,N,O,1998-08-29,1998-10-28,1998-09-27,TAKE BACK RETURN,FOB,ns! blithely iro
28484-2,28484,941,42,2,43.00,79203.42,0.10,0.00,N,O,1998-08-28,1998-09-10,1998-09-17,TAKE BACK RETURN,FOB,ending theo
28485-1,28485,323,8,1,26.00,31806.32,0.10,0.07,A,F,1992-04-29,1992-02-20,1992-05-15,NONE,AIR,re carefully. furiously unu
28485-2,28485,267,95,2,25.00,29181.50,0.06,0.05,R,F,1992-05-04,1992-03-08,1992-05-21,DELIVER IN PERSON,REG AIR,regular accounts are slyly quickly regul
28485-3,28485,1358,73,3,2.00,2518.70,0.05,0.06,R,F,1992-03-14,1992-03-09,1992-03-29,DELIVER IN PERSON,MAIL,carefully regular w
28485-4,28485,964,67,4,40.00,74598.40,0.02,0.05,R,F,1992-02-10,1992-02-15,1992-03-02,NONE,TRUCK,", regular packages. blithely f"
28485-5,28485,1792,93,5,24.00,40650.96,0.07,0.06,R,F,1992-02-23,1992-02-26,1992-03-08,DELIVER IN PERSON,MAIL,s are carefully express packages. 
28485-6,28485,1053,54,6,31.00,29575.55,0.05,0.05,R,F,1992-03-26,1992-03-27,1992-04-12,NONE,RAIL,nt grouches. brave d
28485-7,28485,1283,84,7,21.00,24869.88,0.05,0.03,R,F,1992-05-03,1992-02-14,1992-06-02,NONE,FOB,nal requests. slyly 
28486-1,28486,1065,66,1,26.00,25117.56,0.08,0.02,A,F,1994-10-30,1994-11-15,1994-11-18,NONE,AIR,eposits. slyly regular foxes serve quic
28486-2,28486,938,39,2,12.00,22067.16,0.00,0.07,A,F,1994-12-15,1994-10-20,1994-12-29,COLLECT COD,REG AIR,slyly up the qui
28486-3,28486,1131,4,3,26.00,26835.38,0.07,0.07,A,F,1994-12-23,1994-10-06,1994-12-27,COLLECT COD,SHIP,ss accounts x-ray f
28486-4,28486,741,42,4,43.00,70594.82,0.03,0.01,A,F,1994-08-30,1994-11-17,1994-08-31,NONE,REG AIR,uickly even p
28486-5,28486,1213,25,5,42.00,46796.82,0.06,0.05,R,F,1994-11-21,1994-10-06,1994-12-01,COLLECT COD,TRUCK,refully fluffy asymptotes. carefully re
28486-6,28486,1723,8,6,8.00,12997.76,0.08,0.06,R,F,1994-11-03,1994-11-05,1994-11-08,TAKE BACK RETURN,REG AIR,ress packages. d
28487-1,28487,103,56,1,49.00,49151.90,0.02,0.03,N,O,1997-10-03,1997-10-16,1997-10-16,DELIVER IN PERSON,TRUCK,ic accounts above the quickly unus
28512-1,28512,1725,26,1,50.00,81336.00,0.03,0.04,R,F,1993-07-21,1993-06-01,1993-08-14,COLLECT COD,FOB,special ideas for th
28512-2,28512,37,13,2,31.00,29047.93,0.02,0.08,R,F,1993-07-02,1993-07-20,1993-07-31,TAKE BACK RETURN,AIR,yly across th
28512-3,28512,936,5,3,11.00,20206.23,0.02,0.08,R,F,1993-07-24,1993-07-04,1993-08-02,COLLECT COD,FOB,"uthless, even theodolites. ironic requests "
28512-4,28512,1525,26,4,11.00,15691.72,0.08,0.05,R,F,1993-05-28,1993-07-04,1993-06-05,COLLECT COD,SHIP,ic excuses are s
28512-5,28512,1187,24,5,37.00,40262.66,0.01,0.01,R,F,1993-08-27,1993-06-25,1993-09-13,COLLECT COD,FOB,lly regular packages along the flu
28512-6,28512,291,46,6,48.00,57181.92,0.09,0.08,R,F,1993-07-27,1993-06-15,1993-08-13,DELIVER IN PERSON,AIR,oost slyly. deposits aroun
28512-7,28512,1097,68,7,23.00,22956.07,0.10,0.03,R,F,1993-05-19,1993-06-30,1993-05-30,NONE,AIR,"lyly. unusual, furious excuses"
28513-1,28513,492,22,1,24.00,33419.76,0.05,0.06,N,O,1998-01-15,1997-12-19,1998-02-11,NONE,AIR,"final, final grouches cajole after the "
28513-2,28513,855,89,2,2.00,3511.70,0.08,0.01,N,O,1997-12-08,1997-12-06,1997-12-19,DELIVER IN PERSON,RAIL,s are carefully along the unusual p
28513-3,28513,747,44,3,3.00,4943.22,0.00,0.05,N,O,1997-11-06,1997-11-20,1997-12-02,COLLECT COD,AIR,hely regular foxes are 
28513-4,28513,482,83,4,41.00,56681.68,0.10,0.03,N,O,1997-11-10,1997-10-25,1997-11-18,NONE,SHIP,e carefully
28513-5,28513,1157,94,5,19.00,20104.85,0.07,0.06,N,O,1997-10-09,1997-10-31,1997-10-30,DELIVER IN PERSON,SHIP,ending deposits sleep slyly sly
28513-6,28513,1112,49,6,46.00,46603.06,0.06,0.06,N,O,1998-01-04,1997-10-29,1998-02-02,NONE,RAIL,nding ideas. de
28513-7,28513,1913,46,7,33.00,59892.03,0.01,0.01,N,O,1997-12-16,1997-11-21,1998-01-07,NONE,TRUCK,ithely fluffily even asymptotes. ironic p
28514-1,28514,1795,22,1,24.00,40722.96,0.05,0.01,N,O,1998-08-03,1998-07-12,1998-08-05,DELIVER IN PERSON,RAIL,"requests across the pending, bold package"
28514-2,28514,1774,1,2,31.00,51948.87,0.10,0.05,N,O,1998-09-04,1998-08-05,1998-10-03,DELIVER IN PERSON,RAIL,ing to the carefully 
28514-3,28514,173,26,3,48.00,51512.16,0.00,0.03,N,O,1998-06-29,1998-08-17,1998-07-08,DELIVER IN PERSON,SHIP,. quickly final deposits poach 
28514-4,28514,1145,46,4,19.00,19876.66,0.04,0.01,N,O,1998-06-09,1998-08-21,1998-06-17,DELIVER IN PERSON,SHIP,ep. regular reque
28514-5,28514,607,8,5,21.00,31659.60,0.04,0.03,N,O,1998-09-24,1998-07-29,1998-09-28,NONE,MAIL,ular tithes
28514-6,28514,1750,77,6,30.00,49552.50,0.01,0.04,N,O,1998-07-27,1998-07-24,1998-08-14,NONE,SHIP,luffy deposits dazzle carefu
28514-7,28514,109,62,7,13.00,13118.30,0.00,0.02,N,O,1998-06-24,1998-08-23,1998-07-20,COLLECT COD,AIR, furiously bold d
28515-1,28515,668,31,1,28.00,43922.48,0.03,0.01,A,F,1993-08-09,1993-08-26,1993-08-29,DELIVER IN PERSON,TRUCK,olphins sublate 
28515-2,28515,659,22,2,6.00,9357.90,0.07,0.02,A,F,1993-08-29,1993-08-04,1993-09-16,NONE,SHIP,regular ideas. carefully even theodoli
28515-3,28515,538,39,3,14.00,20139.42,0.02,0.07,A,F,1993-09-04,1993-08-29,1993-09-11,COLLECT COD,SHIP,refully final pinto beans must wake sly
28515-4,28515,394,23,4,43.00,55658.77,0.06,0.02,R,F,1993-08-23,1993-08-31,1993-09-01,NONE,MAIL,ly ironic foxes affix furious
28515-5,28515,899,33,5,39.00,70195.71,0.06,0.02,A,F,1993-07-09,1993-09-02,1993-08-02,NONE,MAIL,uriously ironic requests nag furiously. bli
28515-6,28515,1849,50,6,16.00,28013.44,0.08,0.08,R,F,1993-10-15,1993-08-23,1993-11-12,COLLECT COD,AIR,longside of the 
28516-1,28516,743,40,1,46.00,75612.04,0.09,0.00,R,F,1992-08-21,1992-09-12,1992-09-17,DELIVER IN PERSON,TRUCK,"regular accounts. final, pend"
28516-2,28516,1621,4,2,15.00,22839.30,0.07,0.05,R,F,1992-11-12,1992-10-17,1992-12-11,DELIVER IN PERSON,FOB,lithely iro
28517-1,28517,1067,38,1,3.00,2904.18,0.06,0.02,N,O,1996-08-10,1996-08-28,1996-08-30,DELIVER IN PERSON,RAIL,e ideas. quickly final instructions ha
28518-1,28518,1394,9,1,1.00,1295.39,0.03,0.03,N,O,1995-09-29,1995-08-03,1995-10-28,COLLECT COD,TRUCK, x-ray blithely after the bli
28518-2,28518,624,87,2,45.00,68607.90,0.04,0.04,N,O,1995-09-21,1995-09-13,1995-10-13,TAKE BACK RETURN,RAIL,packages grow. 
28519-1,28519,559,90,1,14.00,20433.70,0.08,0.01,A,F,1993-09-17,1993-07-23,1993-10-15,COLLECT COD,AIR,pending platelets. slyly special d
28519-2,28519,1146,55,2,35.00,36649.90,0.02,0.06,A,F,1993-07-13,1993-08-20,1993-07-27,NONE,REG AIR,. furiously r
28519-3,28519,1855,56,3,35.00,61489.75,0.06,0.03,A,F,1993-06-29,1993-08-24,1993-07-28,NONE,TRUCK,ts cajole slyly above
28519-4,28519,797,62,4,32.00,54329.28,0.04,0.03,A,F,1993-08-05,1993-09-02,1993-08-27,DELIVER IN PERSON,REG AIR,pendencies unwind carefull
28519-5,28519,375,4,5,8.00,10202.96,0.07,0.06,R,F,1993-09-25,1993-09-07,1993-10-15,NONE,MAIL,"ly special warthogs. even, iron"
28519-6,28519,1821,51,6,9.00,15505.38,0.08,0.08,A,F,1993-08-26,1993-09-03,1993-09-09,NONE,FOB,xes. bravely ironic foxes
28544-1,28544,15,66,1,1.00,915.01,0.09,0.06,A,F,1992-12-01,1992-10-11,1992-12-25,NONE,FOB,ide of the slyly bold de
28544-2,28544,788,53,2,23.00,38841.94,0.07,0.04,A,F,1992-12-20,1992-10-09,1992-12-23,DELIVER IN PERSON,AIR,"ic, regular pinto beans nod furiously ab"
28544-3,28544,1784,27,3,38.00,64059.64,0.09,0.06,R,F,1992-11-17,1992-11-01,1992-12-05,TAKE BACK RETURN,RAIL,ar ideas use excu
28545-1,28545,1567,8,1,30.00,44056.80,0.08,0.08,N,O,1995-11-11,1995-11-05,1995-11-26,NONE,SHIP,t the slyly final deposits? slyly eve
28545-2,28545,735,68,2,14.00,22900.22,0.04,0.00,N,O,1995-10-14,1995-11-06,1995-10-29,COLLECT COD,TRUCK,pecial package
28545-3,28545,1721,64,3,36.00,58417.92,0.08,0.06,N,O,1995-11-29,1995-11-21,1995-12-11,COLLECT COD,RAIL,ggle slyly.
28545-4,28545,1648,49,4,5.00,7748.20,0.08,0.02,N,O,1995-10-19,1995-10-03,1995-10-24,NONE,FOB,ly blithe deposits detect furiously
28546-1,28546,216,98,1,11.00,12278.31,0.02,0.04,R,F,1992-10-29,1992-12-07,1992-11-22,DELIVER IN PERSON,AIR,equests. re
28546-2,28546,1684,67,2,35.00,55498.80,0.09,0.05,A,F,1993-01-04,1992-12-23,1993-01-17,DELIVER IN PERSON,REG AIR,"nag alongside of the final, r"
28546-3,28546,135,62,3,6.00,6210.78,0.00,0.07,R,F,1992-09-27,1992-12-11,1992-10-21,COLLECT COD,MAIL,ect after the blithely pending request
28546-4,28546,1614,38,4,8.00,12124.88,0.02,0.07,R,F,1992-10-27,1992-12-10,1992-11-26,NONE,REG AIR,jole blithely furiously ironic th
28546-5,28546,1679,3,5,3.00,4742.01,0.09,0.01,R,F,1993-01-14,1992-10-31,1993-01-18,NONE,FOB,cajole into
28546-6,28546,1269,81,6,24.00,28086.24,0.00,0.06,A,F,1992-11-18,1992-11-15,1992-12-08,NONE,AIR,-ray alongside 
28546-7,28546,1970,59,7,17.00,31823.49,0.06,0.01,R,F,1992-10-27,1992-11-29,1992-11-20,NONE,REG AIR,sual requests affi
28547-1,28547,293,94,1,37.00,44151.73,0.07,0.02,N,O,1997-02-15,1997-02-14,1997-03-04,NONE,RAIL, requests. carefully regular
28547-2,28547,1515,36,2,11.00,15581.61,0.10,0.07,N,O,1997-01-21,1997-02-14,1997-02-13,NONE,REG AIR,nts. furiously silent frays b
28548-1,28548,219,74,1,21.00,23503.41,0.08,0.05,N,O,1998-04-07,1998-03-01,1998-04-27,TAKE BACK RETURN,MAIL, deposits. carefully regula
28548-2,28548,1312,27,2,14.00,16986.34,0.07,0.04,N,O,1998-05-12,1998-04-04,1998-06-01,DELIVER IN PERSON,REG AIR, even requests are fluffily. blithely speci
28548-3,28548,254,9,3,4.00,4617.00,0.10,0.02,N,O,1998-03-25,1998-02-24,1998-04-21,COLLECT COD,TRUCK,gular deposits. blithe
28548-4,28548,351,80,4,18.00,22524.30,0.00,0.00,N,O,1998-04-01,1998-04-02,1998-04-16,COLLECT COD,SHIP,ost quickly blithely final accounts
28548-5,28548,898,65,5,47.00,84547.83,0.05,0.05,N,O,1998-05-13,1998-04-06,1998-05-24,NONE,RAIL,ts maintain carefully among the
28548-6,28548,1611,94,6,43.00,65042.23,0.09,0.03,N,O,1998-01-24,1998-03-01,1998-02-01,COLLECT COD,MAIL,e furiously final accou
28549-1,28549,220,75,1,7.00,7841.54,0.08,0.03,N,O,1997-09-15,1997-08-16,1997-10-01,NONE,FOB, the slyly caref
28549-2,28549,872,6,2,14.00,24820.18,0.03,0.03,N,O,1997-08-17,1997-08-22,1997-08-24,TAKE BACK RETURN,SHIP,usly. fluf
28549-3,28549,27,53,3,43.00,39861.86,0.09,0.04,N,O,1997-09-23,1997-09-11,1997-09-24,NONE,MAIL, boost blithely amon
28549-4,28549,1279,80,4,28.00,33047.56,0.01,0.04,N,O,1997-09-25,1997-08-19,1997-10-09,DELIVER IN PERSON,TRUCK,ithely unusual theodolites affix. e
28549-5,28549,1148,57,5,25.00,26228.50,0.02,0.05,N,O,1997-10-22,1997-08-09,1997-10-27,DELIVER IN PERSON,SHIP,t the pending de
28549-6,28549,871,71,6,25.00,44296.75,0.06,0.00,N,O,1997-10-17,1997-10-01,1997-10-18,NONE,MAIL,y regular deposits solve. fluffily unus
28550-1,28550,1640,64,1,26.00,40082.64,0.02,0.03,A,F,1995-05-16,1995-05-22,1995-06-09,DELIVER IN PERSON,TRUCK, dolphins use carefully at the 
28550-2,28550,1937,26,2,35.00,64362.55,0.02,0.05,R,F,1995-04-21,1995-06-10,1995-04-30,NONE,TRUCK, bold depos
28550-3,28550,440,70,3,27.00,36191.88,0.08,0.05,N,O,1995-06-26,1995-05-21,1995-07-25,COLLECT COD,AIR,ding asymptotes. slyly fin
28550-4,28550,512,13,4,21.00,29662.71,0.05,0.04,N,O,1995-07-18,1995-06-04,1995-07-26,COLLECT COD,TRUCK,ts haggle quickly final ideas. blithely f
28550-5,28550,985,54,5,39.00,73553.22,0.05,0.02,R,F,1995-05-13,1995-06-05,1995-05-15,DELIVER IN PERSON,FOB, bravely atop the pinto beans. 
28550-6,28550,795,92,6,27.00,45786.33,0.00,0.04,A,F,1995-04-08,1995-05-04,1995-04-13,NONE,FOB,nic theodolites. blithely 
28551-1,28551,723,88,1,30.00,48711.60,0.06,0.05,N,O,1998-02-04,1998-01-11,1998-02-05,DELIVER IN PERSON,TRUCK,"refully final requests. regular, ironic in"
28551-2,28551,350,7,2,37.00,46262.95,0.07,0.00,N,O,1998-01-04,1998-01-09,1998-01-30,TAKE BACK RETURN,FOB,sly. instructions breach furiou
28551-3,28551,1018,19,3,36.00,33084.36,0.08,0.08,N,O,1997-12-07,1998-01-10,1997-12-08,TAKE BACK RETURN,AIR,"ual, ironic requests cajole"
28551-4,28551,573,4,4,26.00,38312.82,0.00,0.03,N,O,1998-02-13,1998-02-20,1998-03-12,TAKE BACK RETURN,MAIL,arefully even accounts.
28551-5,28551,1043,44,5,41.00,38705.64,0.07,0.00,N,O,1998-03-31,1998-02-11,1998-04-16,TAKE BACK RETURN,SHIP,y regular deposits. furiou
28551-6,28551,1053,89,6,47.00,44840.35,0.04,0.06,N,O,1998-03-07,1998-01-02,1998-03-24,TAKE BACK RETURN,AIR,s. furiously regular instructions hagg
28551-7,28551,293,94,7,29.00,34605.41,0.03,0.03,N,O,1997-12-07,1998-01-20,1997-12-24,COLLECT COD,REG AIR,above the final foxes
28576-1,28576,1085,21,1,5.00,4930.40,0.09,0.07,N,O,1998-04-21,1998-06-22,1998-04-26,DELIVER IN PERSON,TRUCK,ironic ins
28576-2,28576,1774,59,2,7.00,11730.39,0.01,0.04,N,O,1998-05-22,1998-06-28,1998-06-03,DELIVER IN PERSON,TRUCK,y regular pa
28576-3,28576,1351,28,3,4.00,5009.40,0.05,0.07,N,O,1998-07-09,1998-06-19,1998-07-20,NONE,REG AIR,ously ironic requests! accou
28576-4,28576,213,68,4,39.00,43415.19,0.05,0.02,N,O,1998-06-30,1998-06-21,1998-07-10,COLLECT COD,REG AIR,carefully regular sauternes
28576-5,28576,1439,18,5,36.00,48255.48,0.07,0.07,N,O,1998-05-24,1998-05-23,1998-06-18,NONE,FOB,eposits bo
28576-6,28576,86,62,6,12.00,11832.96,0.00,0.06,N,O,1998-06-01,1998-06-08,1998-06-21,TAKE BACK RETURN,SHIP,al instructions. regular requests are 
28577-1,28577,566,57,1,3.00,4399.68,0.02,0.04,N,O,1996-07-03,1996-05-12,1996-07-08,DELIVER IN PERSON,SHIP,ording to the 
28577-2,28577,93,69,2,33.00,32771.97,0.01,0.03,N,O,1996-03-22,1996-06-01,1996-04-17,DELIVER IN PERSON,RAIL,cross the quickly ev
28577-3,28577,1575,76,3,29.00,42820.53,0.08,0.03,N,O,1996-05-26,1996-04-20,1996-05-27,NONE,FOB, wake furiously at the b
28577-4,28577,677,71,4,39.00,61529.13,0.07,0.00,N,O,1996-03-27,1996-04-28,1996-04-25,DELIVER IN PERSON,SHIP, blithely ironic pinto
28577-5,28577,1991,36,5,19.00,35966.81,0.01,0.03,N,O,1996-04-12,1996-05-14,1996-04-29,COLLECT COD,REG AIR,to beans. furiously 
28577-6,28577,1089,90,6,46.00,45543.68,0.02,0.08,N,O,1996-03-16,1996-04-05,1996-03-23,NONE,REG AIR,ly ironic packages wake above th
28578-1,28578,1779,6,1,45.00,75634.65,0.09,0.04,N,O,1998-10-03,1998-08-19,1998-10-12,TAKE BACK RETURN,TRUCK,ar instructions about the fluffily sil
28578-2,28578,1054,90,2,13.00,12415.65,0.00,0.02,N,O,1998-08-28,1998-08-13,1998-09-03,DELIVER IN PERSON,MAIL,fix against the carefully regular 
28578-3,28578,1053,89,3,6.00,5724.30,0.05,0.00,N,O,1998-08-28,1998-08-23,1998-09-15,TAKE BACK RETURN,TRUCK,"egular, unusual ideas need to hag"
28578-4,28578,1188,25,4,12.00,13070.16,0.01,0.08,N,O,1998-07-06,1998-07-26,1998-07-23,TAKE BACK RETURN,SHIP,"e pending, final dep"
28579-1,28579,1314,29,1,5.00,6076.55,0.00,0.02,N,O,1997-12-27,1997-12-22,1998-01-23,TAKE BACK RETURN,MAIL,ts against the quickly even requests 
28579-2,28579,664,58,2,13.00,20340.58,0.06,0.05,N,O,1998-01-12,1997-12-17,1998-02-03,DELIVER IN PERSON,TRUCK,"ermanently. ironic, pen"
28579-3,28579,21,22,3,39.00,35919.78,0.03,0.05,N,O,1997-11-02,1997-12-22,1997-11-22,COLLECT COD,RAIL,ideas haggle blithely. f
28580-1,28580,173,52,1,16.00,17170.72,0.03,0.06,A,F,1993-11-07,1993-09-26,1993-12-02,COLLECT COD,RAIL,ding excuses. c
28581-1,28581,370,99,1,18.00,22866.66,0.01,0.00,N,O,1996-03-22,1996-02-15,1996-04-10,COLLECT COD,AIR,"onic requests. even, iro"
28581-2,28581,934,35,2,14.00,25689.02,0.09,0.02,N,O,1996-03-19,1996-01-23,1996-04-14,COLLECT COD,TRUCK,ong the unusual
28581-3,28581,977,12,3,40.00,75118.80,0.09,0.01,N,O,1995-12-21,1996-01-19,1996-01-07,COLLECT COD,AIR,y bold packages. frays about t
28581-4,28581,1790,91,4,15.00,25376.85,0.09,0.08,N,O,1996-03-11,1996-01-27,1996-04-06,COLLECT COD,MAIL,nto beans nag
28581-5,28581,794,27,5,38.00,64402.02,0.05,0.04,N,O,1996-02-10,1996-01-28,1996-02-27,NONE,FOB,lar theodolites haggle ab
28581-6,28581,1135,72,6,4.00,4144.52,0.06,0.08,N,O,1995-12-16,1996-02-09,1995-12-20,TAKE BACK RETURN,TRUCK,"y express, final deposits. reg"
28582-1,28582,1535,16,1,26.00,37349.78,0.04,0.05,R,F,1992-02-10,1992-03-09,1992-03-03,COLLECT COD,RAIL,nic dolphins use sly
28582-2,28582,1661,3,2,8.00,12501.28,0.03,0.00,A,F,1992-05-21,1992-04-21,1992-06-17,NONE,TRUCK," against the ironic requests. final, perm"
28582-3,28582,1061,97,3,36.00,34634.16,0.10,0.05,A,F,1992-03-02,1992-03-01,1992-03-21,COLLECT COD,SHIP,ithely final instructions cajole slyly 
28582-4,28582,744,9,4,4.00,6578.96,0.03,0.03,R,F,1992-04-10,1992-03-14,1992-05-04,NONE,REG AIR,nusual pinto beans use sl
28582-5,28582,1327,66,5,6.00,7369.92,0.09,0.08,A,F,1992-05-01,1992-03-23,1992-05-04,NONE,REG AIR,ve the blithely bo
28582-6,28582,1895,25,6,5.00,8984.45,0.09,0.08,A,F,1992-02-05,1992-03-19,1992-02-12,COLLECT COD,RAIL,posits sleep slyly abo
28583-1,28583,963,64,1,19.00,35415.24,0.09,0.07,A,F,1995-01-31,1995-01-20,1995-02-02,TAKE BACK RETURN,AIR,express packa
28608-1,28608,428,16,1,35.00,46494.70,0.03,0.07,A,F,1995-04-13,1995-04-13,1995-04-14,DELIVER IN PERSON,RAIL, slyly ironic accounts nag ac
28608-2,28608,738,71,2,7.00,11471.11,0.06,0.06,R,F,1995-02-18,1995-03-29,1995-03-05,NONE,MAIL,ful deposits wake care
28609-1,28609,1293,68,1,35.00,41800.15,0.03,0.00,N,O,1997-05-12,1997-05-25,1997-06-08,DELIVER IN PERSON,SHIP,sts. accounts cajole car
28610-1,28610,758,55,1,31.00,51421.25,0.04,0.06,N,O,1996-12-11,1996-12-28,1996-12-30,NONE,AIR,al deposits dazz
28610-2,28610,1135,36,2,7.00,7252.91,0.08,0.02,N,O,1997-01-08,1997-01-13,1997-01-29,NONE,MAIL,"ies. dogged, "
28610-3,28610,640,72,3,33.00,50841.12,0.08,0.05,N,O,1996-11-27,1997-01-08,1996-12-24,DELIVER IN PERSON,MAIL, unusual accounts. d
28610-4,28610,986,21,4,14.00,26417.72,0.06,0.03,N,O,1997-02-21,1997-01-06,1997-03-20,NONE,TRUCK,es use according to the furiously specia
28611-1,28611,1106,7,1,15.00,15106.50,0.00,0.08,A,F,1993-04-06,1993-01-28,1993-04-21,TAKE BACK RETURN,RAIL,s after the final accounts
28611-2,28611,1499,17,2,47.00,65823.03,0.09,0.07,R,F,1993-03-14,1993-02-12,1993-03-30,NONE,SHIP, slyly deposits. bold instructions wake car
28611-3,28611,210,65,3,27.00,29975.67,0.04,0.00,R,F,1993-01-03,1993-03-03,1993-01-29,NONE,TRUCK,ts boost carefully against the
28611-4,28611,299,54,4,10.00,11992.90,0.07,0.03,A,F,1993-01-19,1993-02-25,1993-02-07,NONE,REG AIR,l excuses. regular orbits 
28611-5,28611,679,73,5,11.00,17376.37,0.05,0.02,A,F,1993-01-31,1993-03-28,1993-02-10,TAKE BACK RETURN,REG AIR,fully after th
28612-1,28612,508,99,1,19.00,26761.50,0.08,0.03,N,O,1997-09-24,1997-11-04,1997-10-05,NONE,FOB,nic dolphins snooze. war
28612-2,28612,1586,67,2,40.00,59503.20,0.00,0.08,N,O,1997-12-25,1997-10-15,1998-01-06,DELIVER IN PERSON,FOB,s boost. braids sleep furiously
28612-3,28612,232,33,3,2.00,2264.46,0.08,0.06,N,O,1997-12-03,1997-10-15,1997-12-05,NONE,MAIL, bold deposits a
28612-4,28612,567,68,4,15.00,22013.40,0.01,0.08,N,O,1997-12-28,1997-11-15,1998-01-25,DELIVER IN PERSON,MAIL,onically ironic p
28612-5,28612,1398,75,5,26.00,33784.14,0.02,0.07,N,O,1997-09-25,1997-11-24,1997-09-26,NONE,MAIL,regular deposits hinder regular dependenc
28612-6,28612,702,67,6,29.00,46478.30,0.10,0.00,N,O,1997-11-13,1997-11-14,1997-12-02,DELIVER IN PERSON,AIR,x-ray quickly fluffily pending accounts. 
28613-1,28613,320,49,1,4.00,4881.28,0.03,0.01,N,O,1996-12-17,1996-12-27,1996-12-27,COLLECT COD,SHIP,luffily ironic pinto beans. 
28613-2,28613,1888,89,2,27.00,48326.76,0.10,0.08,N,O,1997-02-11,1996-12-09,1997-02-13,DELIVER IN PERSON,SHIP,ly even requests wo
28613-3,28613,1795,80,3,14.00,23755.06,0.01,0.03,N,O,1997-01-30,1996-12-29,1997-02-17,COLLECT COD,TRUCK,eposits sleep fluffi
28613-4,28613,712,9,4,19.00,30641.49,0.07,0.00,N,O,1996-12-26,1997-01-21,1997-01-06,DELIVER IN PERSON,TRUCK,furiously. blithe
28613-5,28613,1937,70,5,45.00,82751.85,0.09,0.02,N,O,1997-03-06,1997-01-01,1997-03-31,COLLECT COD,RAIL,l dolphins. furious
28613-6,28613,1749,50,6,17.00,28062.58,0.08,0.01,N,O,1996-12-30,1997-01-29,1997-01-11,COLLECT COD,MAIL,are final dep
28613-7,28613,765,66,7,38.00,63298.88,0.07,0.00,N,O,1996-11-12,1997-01-20,1996-11-23,TAKE BACK RETURN,REG AIR,ts. furiously silent requests wake ac
28614-1,28614,1728,29,1,23.00,37483.56,0.10,0.04,A,F,1994-10-29,1995-01-12,1994-11-02,COLLECT COD,TRUCK,breach fluffily pending accounts. blithe
28614-2,28614,1048,19,2,34.00,32267.36,0.02,0.07,A,F,1995-02-13,1995-01-14,1995-03-11,DELIVER IN PERSON,SHIP,equests solve furiously asym
28614-3,28614,1044,15,3,23.00,21735.92,0.10,0.00,R,F,1994-11-28,1994-12-02,1994-12-09,DELIVER IN PERSON,REG AIR, pending pinto beans are 
28614-4,28614,1946,47,4,18.00,33262.92,0.03,0.04,A,F,1995-02-02,1994-12-02,1995-02-16,TAKE BACK RETURN,SHIP, slyly final requests. blithely final ac
28614-5,28614,231,13,5,2.00,2262.46,0.00,0.02,R,F,1995-01-31,1994-12-07,1995-02-08,COLLECT COD,RAIL,ter the carefully expre
28614-6,28614,1913,14,6,32.00,58077.12,0.08,0.03,R,F,1995-01-03,1994-12-12,1995-01-13,DELIVER IN PERSON,AIR,ven instructions. slyly regular ide
28615-1,28615,1084,90,1,9.00,8865.72,0.05,0.07,N,O,1997-03-26,1997-02-23,1997-04-19,DELIVER IN PERSON,REG AIR, platelets wak
28615-2,28615,762,95,2,5.00,8313.80,0.06,0.08,N,O,1997-02-20,1997-03-21,1997-03-08,COLLECT COD,SHIP,c deposits: slyly regular dependencies
28615-3,28615,644,45,3,9.00,13901.76,0.02,0.03,N,O,1997-01-28,1997-02-20,1997-02-08,TAKE BACK RETURN,RAIL,"ironic, final theodolites ca"
28615-4,28615,1303,18,4,42.00,50580.60,0.04,0.01,N,O,1997-04-09,1997-03-21,1997-05-05,COLLECT COD,RAIL,uests. blit
28640-1,28640,1491,31,1,23.00,32027.27,0.10,0.01,N,O,1996-05-01,1996-05-19,1996-05-19,NONE,RAIL,kages are carefully. quickly fin
28640-2,28640,1209,84,2,28.00,31085.60,0.09,0.08,N,O,1996-05-09,1996-05-05,1996-05-18,COLLECT COD,MAIL,cial packages. slyly fi
28640-3,28640,1571,92,3,48.00,70683.36,0.07,0.05,N,O,1996-06-09,1996-06-08,1996-07-04,NONE,SHIP,eaves sleep carefully quickly s
28641-1,28641,1643,44,1,42.00,64874.88,0.09,0.04,N,O,1995-12-31,1995-12-10,1996-01-28,DELIVER IN PERSON,TRUCK, the furiously speci
28641-2,28641,346,75,2,1.00,1246.34,0.06,0.00,N,O,1995-11-24,1995-11-24,1995-12-08,DELIVER IN PERSON,SHIP,"al, final frets wake fluffily package"
28642-1,28642,1825,55,1,2.00,3453.64,0.02,0.05,A,F,1995-03-05,1995-03-03,1995-03-07,NONE,SHIP,lets are blithely about t
28642-2,28642,1185,86,2,28.00,30413.04,0.08,0.00,R,F,1995-03-31,1995-03-01,1995-04-20,TAKE BACK RETURN,FOB,ggle regular accounts. packages after th
28642-3,28642,1366,81,3,49.00,62100.64,0.01,0.01,A,F,1995-01-27,1995-04-10,1995-01-28,TAKE BACK RETURN,FOB,the quickl
28642-4,28642,1477,56,4,44.00,60652.68,0.02,0.08,A,F,1995-05-09,1995-02-22,1995-05-25,DELIVER IN PERSON,AIR,le quickly according to the express instru
28643-1,28643,21,22,1,36.00,33156.72,0.09,0.07,R,F,1993-05-07,1993-07-06,1993-05-27,DELIVER IN PERSON,RAIL,thely even accounts c
28643-2,28643,671,72,2,18.00,28290.06,0.10,0.07,R,F,1993-06-01,1993-06-25,1993-06-04,DELIVER IN PERSON,REG AIR,blithely final deposits cajol
28643-3,28643,792,25,3,38.00,64326.02,0.05,0.04,R,F,1993-07-25,1993-06-12,1993-08-15,NONE,MAIL,thely quick 
28643-4,28643,290,91,4,30.00,35708.70,0.00,0.05,A,F,1993-07-03,1993-06-23,1993-08-02,DELIVER IN PERSON,AIR,ts use fluffi
28644-1,28644,26,77,1,10.00,9260.20,0.00,0.02,N,O,1997-06-23,1997-08-25,1997-07-12,TAKE BACK RETURN,MAIL,"ly regular, special de"
28644-2,28644,903,4,2,38.00,68548.20,0.10,0.01,N,O,1997-06-23,1997-08-02,1997-07-21,TAKE BACK RETURN,SHIP,ual instructions use slyly regu
28644-3,28644,646,9,3,16.00,24746.24,0.05,0.05,N,O,1997-08-24,1997-08-26,1997-09-15,TAKE BACK RETURN,AIR,hely. carefully silent dolphins wake about
28644-4,28644,1679,21,4,10.00,15806.70,0.02,0.03,N,O,1997-06-21,1997-09-07,1997-07-18,COLLECT COD,SHIP,ously ironic warhorses across the 
28645-1,28645,67,18,1,44.00,42550.64,0.07,0.06,R,F,1994-01-13,1993-12-22,1994-01-15,DELIVER IN PERSON,TRUCK,doggedly special requests. blithely ironic
28645-2,28645,1069,70,2,12.00,11640.72,0.10,0.02,R,F,1994-01-02,1993-11-20,1994-01-05,TAKE BACK RETURN,MAIL,nst the slyly unusual deposits are blithel
28645-3,28645,589,80,3,47.00,70010.26,0.09,0.00,R,F,1993-11-17,1993-12-07,1993-11-20,NONE,TRUCK,e slyly unusual theodolit
28645-4,28645,802,36,4,17.00,28947.60,0.03,0.03,A,F,1994-02-08,1993-11-25,1994-02-15,COLLECT COD,AIR, requests use quietly slyly iro
28646-1,28646,891,92,1,25.00,44797.25,0.02,0.08,N,O,1997-08-03,1997-07-24,1997-08-25,COLLECT COD,SHIP,"final, regular theodolites wake a"
28646-2,28646,1034,35,2,26.00,24310.78,0.09,0.07,N,O,1997-07-30,1997-08-09,1997-07-31,DELIVER IN PERSON,MAIL,t the sly pinto beans. q
28646-3,28646,1945,78,3,8.00,14775.52,0.01,0.00,N,O,1997-08-11,1997-08-06,1997-09-03,NONE,RAIL,quickly blithely bold
28646-4,28646,1596,97,4,14.00,20966.26,0.02,0.07,N,O,1997-07-26,1997-07-30,1997-08-01,DELIVER IN PERSON,AIR,nstructions cajole furious
28647-1,28647,64,40,1,1.00,964.06,0.06,0.02,R,F,1994-06-22,1994-05-10,1994-06-24,NONE,SHIP, express deposits sleep quickly 
28672-1,28672,1989,78,1,15.00,28364.70,0.10,0.02,N,O,1996-02-16,1996-02-15,1996-03-08,COLLECT COD,REG AIR,"g requests. foxes are across the even, pend"
28672-2,28672,98,24,2,14.00,13973.26,0.03,0.00,N,O,1996-03-16,1996-01-18,1996-04-11,COLLECT COD,SHIP,"r, final packages."
28672-3,28672,1036,37,3,15.00,14055.45,0.05,0.06,N,O,1996-04-04,1996-01-31,1996-04-06,NONE,AIR,riously. s
28672-4,28672,1168,5,4,8.00,8553.28,0.01,0.04,N,O,1996-02-01,1996-01-31,1996-02-04,COLLECT COD,TRUCK,unts are fluffily pen
28672-5,28672,1326,27,5,4.00,4909.28,0.03,0.06,N,O,1996-04-07,1996-01-18,1996-05-04,DELIVER IN PERSON,AIR, requests above the
28673-1,28673,1683,25,1,10.00,15846.80,0.00,0.02,N,O,1997-11-26,1997-12-27,1997-12-02,COLLECT COD,FOB,s. bravely silent reques
28674-1,28674,702,67,1,6.00,9616.20,0.04,0.07,N,O,1995-09-03,1995-10-03,1995-09-09,NONE,TRUCK,ss courts. in
28674-2,28674,386,15,2,1.00,1286.38,0.05,0.03,N,O,1995-12-08,1995-11-11,1995-12-27,TAKE BACK RETURN,TRUCK,al accounts. boldly express
28674-3,28674,755,52,3,11.00,18213.25,0.00,0.06,N,O,1995-08-17,1995-10-17,1995-08-21,COLLECT COD,MAIL,ffix. furiously pen
28674-4,28674,1389,66,4,25.00,32259.50,0.02,0.02,N,O,1995-09-01,1995-10-29,1995-09-15,TAKE BACK RETURN,AIR,warhorses sleep blithely above the 
28674-5,28674,766,31,5,16.00,26668.16,0.05,0.07,N,O,1995-10-07,1995-10-10,1995-11-06,TAKE BACK RETURN,SHIP,gular accounts haggle entic
28675-1,28675,1413,92,1,16.00,21030.56,0.03,0.07,A,F,1994-11-30,1994-12-11,1994-12-24,NONE,REG AIR,"counts against the express, regula"
28675-2,28675,1973,6,2,13.00,24374.61,0.06,0.04,A,F,1994-12-14,1994-12-04,1995-01-13,DELIVER IN PERSON,SHIP,nder fluffily above the regularly 
28675-3,28675,177,78,3,48.00,51704.16,0.02,0.00,A,F,1994-10-24,1994-11-21,1994-11-21,TAKE BACK RETURN,FOB,"as. ironic, ironic pinto beans are "
28675-4,28675,1976,9,4,22.00,41315.34,0.04,0.07,A,F,1994-11-29,1994-12-06,1994-12-22,DELIVER IN PERSON,RAIL,ost quickly slyly express packages. expres
28675-5,28675,154,33,5,32.00,33732.80,0.01,0.02,R,F,1994-11-20,1994-12-30,1994-12-13,COLLECT COD,AIR,al foxes are blithely. ir
28675-6,28675,991,92,6,15.00,28379.85,0.05,0.05,R,F,1995-01-07,1995-01-04,1995-01-28,DELIVER IN PERSON,AIR,"al pinto beans. regular, ir"
28676-1,28676,560,91,1,36.00,52580.16,0.07,0.02,N,O,1998-07-16,1998-07-04,1998-07-22,DELIVER IN PERSON,MAIL,y ironic dependencies above the pa
28676-2,28676,1469,70,2,36.00,49336.56,0.02,0.06,N,O,1998-07-09,1998-07-31,1998-08-03,NONE,SHIP,ttainments. bold requests nag qu
28676-3,28676,1868,98,3,9.00,15928.74,0.01,0.03,N,O,1998-06-14,1998-08-10,1998-07-11,TAKE BACK RETURN,RAIL,refully above the regular 
28677-1,28677,1004,40,1,5.00,4525.00,0.06,0.02,N,O,1997-09-12,1997-09-14,1997-09-28,DELIVER IN PERSON,REG AIR,express requests wake quickly ca
28677-2,28677,1896,83,2,17.00,30564.13,0.06,0.04,N,O,1997-09-21,1997-10-03,1997-10-18,TAKE BACK RETURN,FOB,er the special deposits. pending instruc
28678-1,28678,78,79,1,9.00,8802.63,0.03,0.07,A,F,1994-01-31,1994-04-04,1994-02-02,DELIVER IN PERSON,RAIL, furiously daring deposits against the u
28679-1,28679,1619,2,1,9.00,13685.49,0.10,0.01,N,O,1995-09-01,1995-10-17,1995-09-25,TAKE BACK RETURN,REG AIR, the packages. clos
28679-2,28679,196,23,2,9.00,9865.71,0.10,0.00,N,O,1995-09-23,1995-11-13,1995-10-05,NONE,FOB,ts near the slyly ironic sheaves haggle
28679-3,28679,791,92,3,13.00,21993.27,0.02,0.02,N,O,1995-12-16,1995-10-19,1995-12-23,TAKE BACK RETURN,RAIL,yly silent packages. bli
28679-4,28679,1800,85,4,33.00,56159.40,0.03,0.00,N,O,1995-11-13,1995-11-01,1995-12-08,TAKE BACK RETURN,RAIL,ress accounts sleep blithely re
28704-1,28704,515,16,1,2.00,2831.02,0.00,0.07,N,O,1996-07-26,1996-09-24,1996-08-21,COLLECT COD,FOB,even packages sleep thinly a
28705-1,28705,296,24,1,1.00,1196.29,0.05,0.02,N,O,1998-03-21,1998-02-18,1998-04-11,TAKE BACK RETURN,TRUCK,ounts across the fluffily unusual deposits 
28705-2,28705,668,31,2,50.00,78433.00,0.04,0.08,N,O,1998-02-08,1998-02-20,1998-02-17,TAKE BACK RETURN,FOB,inal braids sleep beneath the
28705-3,28705,1761,62,3,14.00,23278.64,0.09,0.04,N,O,1998-03-29,1998-02-05,1998-04-14,NONE,SHIP,"quests wake furiously express, final"
28705-4,28705,1537,18,4,40.00,57541.20,0.01,0.00,N,O,1998-03-29,1998-02-22,1998-04-08,NONE,TRUCK,slyly above the f
28705-5,28705,871,5,5,26.00,46068.62,0.09,0.03,N,O,1998-01-10,1998-03-09,1998-01-21,TAKE BACK RETURN,FOB, blithely blithely pending
28705-6,28705,1417,57,6,26.00,34278.66,0.08,0.00,N,O,1998-01-18,1998-03-21,1998-02-05,DELIVER IN PERSON,AIR,"ts-- regular, regular asymptotes "
28705-7,28705,815,49,7,30.00,51474.30,0.01,0.03,N,O,1998-03-24,1998-03-07,1998-03-29,NONE,SHIP,"slyly. express, final"
28706-1,28706,977,78,1,26.00,48827.22,0.10,0.03,A,F,1994-08-20,1994-08-26,1994-09-08,NONE,RAIL, ironic deposits. carefully re
28707-1,28707,155,56,1,1.00,1055.15,0.05,0.08,N,O,1997-04-15,1997-03-16,1997-05-11,TAKE BACK RETURN,MAIL,olphins integrate on the slyly even re
28707-2,28707,711,76,2,46.00,74138.66,0.00,0.02,N,O,1997-03-11,1997-03-18,1997-03-30,COLLECT COD,SHIP,". pending, even"
28707-3,28707,415,74,3,41.00,53931.81,0.01,0.03,N,O,1997-02-06,1997-04-14,1997-02-21,DELIVER IN PERSON,REG AIR,s cajole quickly a
28708-1,28708,956,91,1,30.00,55708.50,0.03,0.05,N,O,1997-04-22,1997-04-16,1997-05-21,DELIVER IN PERSON,MAIL,sts. quickly idl
28709-1,28709,893,60,1,4.00,7175.56,0.02,0.06,N,O,1997-09-11,1997-09-09,1997-09-22,COLLECT COD,MAIL,er the carefully bold plat
28709-2,28709,1326,3,2,9.00,11045.88,0.06,0.04,N,O,1997-06-20,1997-08-28,1997-07-13,COLLECT COD,REG AIR, cajole quickly. theodolites maintain iron
28709-3,28709,1722,7,3,30.00,48711.60,0.05,0.08,N,O,1997-07-15,1997-07-25,1997-07-25,COLLECT COD,FOB,to beans. furiously even instruction
28709-4,28709,1928,73,4,34.00,62217.28,0.10,0.04,N,O,1997-08-29,1997-07-18,1997-09-09,TAKE BACK RETURN,TRUCK,pinto beans across the
28709-5,28709,834,35,5,16.00,27757.28,0.04,0.03,N,O,1997-08-03,1997-09-02,1997-09-01,NONE,TRUCK,nal pinto beans
28710-1,28710,1427,67,1,1.00,1328.42,0.00,0.05,A,F,1992-07-14,1992-06-12,1992-08-02,DELIVER IN PERSON,TRUCK, slyly ironic pinto beans na
28710-2,28710,1269,7,2,24.00,28086.24,0.01,0.07,R,F,1992-04-17,1992-07-01,1992-05-04,NONE,REG AIR,e furiously final ideas boos
28710-3,28710,63,14,3,8.00,7704.48,0.10,0.00,R,F,1992-06-12,1992-06-03,1992-06-16,TAKE BACK RETURN,MAIL,y silent instruction
28711-1,28711,1114,87,1,33.00,33498.63,0.03,0.07,R,F,1995-02-11,1994-12-19,1995-02-22,DELIVER IN PERSON,SHIP,jole above the quick
28736-1,28736,1155,56,1,4.00,4224.60,0.03,0.01,A,F,1994-06-26,1994-06-23,1994-07-04,DELIVER IN PERSON,SHIP,ly final deposits sle
28736-2,28736,133,12,2,30.00,30993.90,0.09,0.05,R,F,1994-08-17,1994-07-18,1994-08-20,NONE,AIR,odolites cajole fluffily even packages. s
28737-1,28737,301,86,1,29.00,34837.70,0.00,0.06,N,O,1995-11-16,1995-11-15,1995-11-26,DELIVER IN PERSON,SHIP, deposits haggle quickly above the furio
28737-2,28737,1686,28,2,36.00,57156.48,0.02,0.01,N,O,1995-11-05,1996-01-02,1995-11-30,TAKE BACK RETURN,TRUCK,ording to the bo
28737-3,28737,329,30,3,23.00,28274.36,0.07,0.07,N,O,1996-01-16,1995-11-16,1996-02-03,DELIVER IN PERSON,FOB, dazzle carefully fluffily regular dolphins
28737-4,28737,645,8,4,31.00,47914.84,0.03,0.04,N,O,1995-12-28,1995-12-28,1996-01-18,TAKE BACK RETURN,REG AIR,g deposits along th
28737-5,28737,1615,98,5,24.00,36398.64,0.05,0.08,N,O,1995-12-05,1995-12-24,1996-01-03,COLLECT COD,RAIL,counts are. re
28737-6,28737,801,1,6,16.00,27228.80,0.00,0.01,N,O,1996-01-17,1995-11-29,1996-02-11,DELIVER IN PERSON,FOB,ng ideas detect slyly. furiously
28738-1,28738,783,48,1,27.00,45462.06,0.08,0.04,R,F,1992-11-25,1992-09-20,1992-12-20,TAKE BACK RETURN,MAIL, cajole. quickly ironic accounts are 
28738-2,28738,1334,73,2,13.00,16059.29,0.10,0.07,A,F,1992-09-25,1992-11-04,1992-10-12,COLLECT COD,MAIL, furiously regular acc
28738-3,28738,1560,61,3,38.00,55539.28,0.05,0.07,R,F,1992-12-04,1992-10-13,1992-12-09,TAKE BACK RETURN,FOB,enly final requests integrate blithely a
28738-4,28738,1380,81,4,9.00,11532.42,0.04,0.04,A,F,1992-08-17,1992-09-28,1992-09-05,COLLECT COD,MAIL,oss the carefully regular foxes cajole ar
28738-5,28738,1938,83,5,47.00,86476.71,0.01,0.08,A,F,1992-10-09,1992-10-28,1992-10-16,COLLECT COD,MAIL,posits use quie
28738-6,28738,1349,88,6,31.00,38760.54,0.05,0.08,A,F,1992-09-17,1992-10-10,1992-10-08,DELIVER IN PERSON,AIR, deposits hinder 
28738-7,28738,240,41,7,17.00,19384.08,0.03,0.06,R,F,1992-11-02,1992-09-18,1992-11-05,TAKE BACK RETURN,SHIP,ound the fluffily
28739-1,28739,34,60,1,45.00,42031.35,0.07,0.00,N,O,1996-12-10,1996-10-26,1996-12-31,DELIVER IN PERSON,AIR,into beans ha
28739-2,28739,1157,58,2,41.00,43384.15,0.03,0.08,N,O,1996-12-17,1996-11-29,1997-01-15,NONE,RAIL,rts cajole! slyly regular pinto beans boos
28739-3,28739,229,57,3,49.00,55331.78,0.00,0.05,N,O,1996-11-27,1996-11-28,1996-11-29,NONE,MAIL,s deposits sleep car
28740-1,28740,1835,65,1,26.00,45157.58,0.05,0.07,R,F,1992-12-21,1992-12-18,1993-01-15,NONE,AIR,ons. furiously blithe r
28740-2,28740,235,17,2,23.00,26110.29,0.00,0.04,A,F,1992-11-28,1993-01-02,1992-12-13,COLLECT COD,TRUCK, beans about the furiously 
28740-3,28740,988,23,3,43.00,81226.14,0.03,0.04,A,F,1992-10-12,1992-12-12,1992-10-23,DELIVER IN PERSON,MAIL,tions. furiously e
28740-4,28740,600,31,4,6.00,9003.60,0.00,0.00,A,F,1992-10-22,1993-01-02,1992-10-24,NONE,FOB,among the fluffily 
28741-1,28741,125,4,1,5.00,5125.60,0.09,0.03,A,F,1995-04-25,1995-04-01,1995-05-19,COLLECT COD,RAIL,ic requests. fina
28741-2,28741,947,16,2,20.00,36958.80,0.03,0.01,N,O,1995-06-29,1995-05-10,1995-07-10,TAKE BACK RETURN,MAIL,pths wake slyly about the slyly reg
28741-3,28741,854,54,3,16.00,28077.60,0.06,0.05,R,F,1995-04-21,1995-05-13,1995-05-10,DELIVER IN PERSON,TRUCK,lets according to
28741-4,28741,1218,30,4,29.00,32457.09,0.10,0.08,R,F,1995-04-20,1995-05-21,1995-05-17,NONE,MAIL, fluffily fluffy ideas. platel
28741-5,28741,1213,25,5,26.00,28969.46,0.08,0.02,R,F,1995-05-23,1995-05-16,1995-06-12,TAKE BACK RETURN,AIR,accounts. slyly special hockey 
28741-6,28741,327,56,6,11.00,13500.52,0.10,0.03,N,O,1995-06-18,1995-05-12,1995-06-23,DELIVER IN PERSON,MAIL,"sauternes haggle blithely even, bol"
28742-1,28742,1714,15,1,42.00,67859.82,0.03,0.04,R,F,1992-05-07,1992-07-11,1992-05-30,COLLECT COD,RAIL,y regular accounts along th
28742-2,28742,553,44,2,19.00,27617.45,0.02,0.03,R,F,1992-08-27,1992-06-09,1992-09-22,COLLECT COD,FOB,along the deposits. sl
28742-3,28742,498,28,3,17.00,23774.33,0.09,0.05,A,F,1992-07-31,1992-07-24,1992-08-11,DELIVER IN PERSON,REG AIR,s. slyly ironic packages against the pendi
28742-4,28742,1598,19,4,24.00,35990.16,0.08,0.06,A,F,1992-07-30,1992-06-09,1992-08-18,NONE,RAIL,o beans boost slyly accounts: regular 
28743-1,28743,1337,52,1,19.00,23528.27,0.00,0.07,N,O,1996-06-08,1996-07-02,1996-06-23,TAKE BACK RETURN,TRUCK,refully even platelets af
28743-2,28743,170,71,2,9.00,9631.53,0.02,0.07,N,O,1996-07-15,1996-07-31,1996-08-01,DELIVER IN PERSON,RAIL,ccounts. packages above the even packages
28743-3,28743,405,6,3,20.00,26108.00,0.05,0.06,N,O,1996-09-05,1996-07-15,1996-10-04,COLLECT COD,SHIP,kly unusual ideas to the regular escapad
28743-4,28743,264,46,4,24.00,27942.24,0.09,0.06,N,O,1996-07-30,1996-08-01,1996-08-20,DELIVER IN PERSON,FOB,r the quickly silent packages. fluffily 
28768-1,28768,1523,44,1,32.00,45584.64,0.03,0.00,N,O,1996-11-16,1996-10-20,1996-11-22,COLLECT COD,MAIL, around the blithely
28768-2,28768,1637,79,2,30.00,46158.90,0.03,0.01,N,O,1996-11-23,1996-10-06,1996-12-03,TAKE BACK RETURN,MAIL,en pinto b
28768-3,28768,297,79,3,46.00,55075.34,0.03,0.04,N,O,1996-08-12,1996-09-11,1996-09-04,COLLECT COD,TRUCK,"nal, final requests thrash slyly. d"
28768-4,28768,1030,31,4,12.00,11172.36,0.09,0.02,N,O,1996-09-18,1996-10-28,1996-10-13,NONE,REG AIR, express requests. sometimes fin
28768-5,28768,1174,75,5,9.00,9676.53,0.00,0.07,N,O,1996-08-16,1996-10-02,1996-08-17,DELIVER IN PERSON,TRUCK,structions ac
28768-6,28768,1222,97,6,18.00,20217.96,0.06,0.01,N,O,1996-10-10,1996-10-03,1996-10-23,DELIVER IN PERSON,TRUCK,ly special f
28768-7,28768,1082,53,7,25.00,24577.00,0.06,0.03,N,O,1996-11-26,1996-10-02,1996-12-04,NONE,FOB,unts against the special packages s
28769-1,28769,672,35,1,23.00,36171.41,0.10,0.00,R,F,1993-10-01,1993-11-08,1993-10-16,NONE,AIR,otes doubt carefull
28769-2,28769,831,98,2,48.00,83127.84,0.02,0.03,A,F,1993-11-29,1993-10-30,1993-12-11,TAKE BACK RETURN,TRUCK,accounts cajole according 
28769-3,28769,1563,44,3,17.00,24897.52,0.05,0.02,R,F,1993-11-04,1993-10-30,1993-11-22,COLLECT COD,RAIL,al packages. fi
28769-4,28769,264,46,4,31.00,36092.06,0.06,0.08,A,F,1993-11-02,1993-10-07,1993-11-23,DELIVER IN PERSON,TRUCK,al foxes breach iron
28769-5,28769,1235,73,5,20.00,22724.60,0.02,0.00,R,F,1993-12-04,1993-10-07,1993-12-08,TAKE BACK RETURN,FOB,ke-- packages promise car
28770-1,28770,1818,62,1,13.00,22357.53,0.00,0.06,N,O,1997-07-29,1997-08-19,1997-08-15,NONE,AIR,tain carefully furiously id
28770-2,28770,248,30,2,10.00,11482.40,0.00,0.06,N,O,1997-07-28,1997-10-09,1997-08-11,NONE,RAIL,s. furiously final foxes eat about the dogg
28770-3,28770,1648,72,3,42.00,65084.88,0.05,0.04,N,O,1997-09-19,1997-10-10,1997-09-27,NONE,AIR,ly unusual packages. request
28770-4,28770,1579,60,4,32.00,47378.24,0.09,0.08,N,O,1997-11-08,1997-08-29,1997-11-27,DELIVER IN PERSON,AIR, was slyly bold pinto beans. special depe
28770-5,28770,1140,49,5,20.00,20822.80,0.05,0.02,N,O,1997-09-04,1997-08-19,1997-09-24,TAKE BACK RETURN,TRUCK,nic packages along the final re
28770-6,28770,771,72,6,26.00,43466.02,0.00,0.03,N,O,1997-11-06,1997-09-11,1997-11-30,COLLECT COD,FOB, across the slyly expres
28771-1,28771,728,93,1,3.00,4886.16,0.02,0.02,R,F,1992-06-08,1992-07-03,1992-07-07,TAKE BACK RETURN,AIR,ng ideas hag
28772-1,28772,1880,24,1,34.00,60583.92,0.01,0.07,R,F,1994-05-05,1994-05-04,1994-05-30,TAKE BACK RETURN,RAIL,"usual, ironic platelets boost ac"
28772-2,28772,958,27,2,41.00,76216.95,0.07,0.04,R,F,1994-05-07,1994-04-27,1994-05-08,COLLECT COD,TRUCK,se after the furiously unusual ideas. 
28772-3,28772,1431,49,3,33.00,43970.19,0.05,0.07,R,F,1994-02-21,1994-03-19,1994-03-16,NONE,REG AIR,hely about th
28772-4,28772,369,26,4,11.00,13962.96,0.04,0.01,R,F,1994-04-03,1994-03-30,1994-04-10,NONE,AIR,atelets hinder 
28772-5,28772,1458,59,5,46.00,62534.70,0.03,0.05,R,F,1994-03-11,1994-04-26,1994-03-28,DELIVER IN PERSON,SHIP,sleep carefully ironic requests
28772-6,28772,1945,90,6,48.00,88653.12,0.00,0.06,A,F,1994-03-13,1994-04-05,1994-04-04,NONE,RAIL,quests. packages integrat
28773-1,28773,646,78,1,25.00,38666.00,0.08,0.00,R,F,1995-05-29,1995-04-24,1995-06-04,NONE,RAIL,ly above th
28773-2,28773,1945,46,2,43.00,79418.42,0.07,0.04,R,F,1995-04-14,1995-04-06,1995-05-06,NONE,FOB,lets. carefully final deposits believe
28773-3,28773,402,32,3,24.00,31257.60,0.03,0.05,R,F,1995-03-16,1995-04-28,1995-04-02,COLLECT COD,TRUCK,usly regular deposits integ
28773-4,28773,905,74,4,1.00,1805.90,0.00,0.05,A,F,1995-05-09,1995-04-07,1995-05-25,TAKE BACK RETURN,RAIL,uctions sleep quic
28773-5,28773,1588,29,5,5.00,7447.90,0.02,0.06,R,F,1995-03-09,1995-04-29,1995-03-22,TAKE BACK RETURN,RAIL,eodolites sleep carefu
28773-6,28773,1218,19,6,32.00,35814.72,0.03,0.01,R,F,1995-05-28,1995-04-12,1995-05-29,NONE,AIR,accounts. sp
28774-1,28774,200,1,1,46.00,50609.20,0.00,0.06,A,F,1994-04-27,1994-03-26,1994-05-12,COLLECT COD,RAIL,"counts? express, special deposits nag. furi"
28774-2,28774,1560,61,2,48.00,70154.88,0.07,0.03,A,F,1994-03-01,1994-03-14,1994-03-04,NONE,REG AIR, sleep blithely even dependencies. pack
28774-3,28774,27,78,3,15.00,13905.30,0.06,0.02,A,F,1994-02-26,1994-02-07,1994-03-18,DELIVER IN PERSON,MAIL,ns are quickly at the fluffily sile
28775-1,28775,1466,84,1,14.00,19144.44,0.10,0.00,A,F,1994-10-13,1994-12-28,1994-10-24,DELIVER IN PERSON,TRUCK,against the slyly bold forges hag
28775-2,28775,1398,37,2,4.00,5197.56,0.09,0.00,R,F,1994-10-21,1994-12-27,1994-10-27,COLLECT COD,AIR,he furiously bold depos
28775-3,28775,669,1,3,3.00,4708.98,0.06,0.01,R,F,1995-01-13,1994-11-13,1995-01-25,NONE,AIR,nst the foxes detect blithely a
28775-4,28775,634,35,4,49.00,75196.87,0.09,0.07,R,F,1994-12-14,1994-11-17,1995-01-06,DELIVER IN PERSON,REG AIR,structions use
28775-5,28775,1696,97,5,36.00,57516.84,0.00,0.07,R,F,1994-12-30,1995-01-01,1995-01-07,DELIVER IN PERSON,REG AIR, silent requests. enticing foxes 
28800-1,28800,1161,70,1,38.00,40362.08,0.01,0.03,N,O,1998-04-01,1998-05-03,1998-04-03,NONE,MAIL,s after the tithes haggle carefully 
28801-1,28801,1588,9,1,45.00,67031.10,0.09,0.04,A,F,1993-11-29,1993-11-06,1993-11-30,NONE,AIR,r deposits haggle. quic
28801-2,28801,1978,79,2,11.00,20679.67,0.03,0.08,R,F,1993-10-23,1993-11-19,1993-10-29,DELIVER IN PERSON,TRUCK,gle blithely blithe
28802-1,28802,1092,98,1,19.00,18868.71,0.01,0.05,A,F,1993-12-12,1994-01-01,1993-12-19,DELIVER IN PERSON,FOB,grouches are quickly aroun
28802-2,28802,1072,43,2,17.00,16542.19,0.10,0.03,A,F,1994-01-20,1994-01-27,1994-02-01,TAKE BACK RETURN,SHIP,o beans boost blithely unu
28802-3,28802,1682,83,3,40.00,63347.20,0.07,0.07,R,F,1993-12-27,1994-01-10,1994-01-15,TAKE BACK RETURN,TRUCK,uests sleep fluffily; close r
28802-4,28802,792,93,4,8.00,13542.32,0.02,0.02,R,F,1993-11-17,1994-01-20,1993-11-24,NONE,MAIL,quests. regular ideas along
28802-5,28802,69,20,5,19.00,18412.14,0.03,0.03,A,F,1994-02-05,1994-01-02,1994-02-14,TAKE BACK RETURN,FOB,ent ideas. ironic accounts
28803-1,28803,1429,69,1,4.00,5321.68,0.10,0.06,N,O,1996-07-09,1996-09-05,1996-07-20,TAKE BACK RETURN,RAIL,sits sleep. carefully regular dependen
28803-2,28803,1288,100,2,14.00,16649.92,0.01,0.05,N,O,1996-10-15,1996-07-23,1996-11-02,DELIVER IN PERSON,RAIL,l requests cajole blith
28803-3,28803,371,72,3,2.00,2542.74,0.00,0.00,N,O,1996-08-08,1996-07-22,1996-09-07,COLLECT COD,FOB,s affix bravely. f
28803-4,28803,559,60,4,27.00,39407.85,0.05,0.01,N,O,1996-08-16,1996-08-23,1996-09-05,COLLECT COD,AIR,furiously bold accounts. fluffily express 
28804-1,28804,862,63,1,4.00,7051.44,0.07,0.02,N,O,1997-10-01,1997-08-18,1997-10-28,DELIVER IN PERSON,MAIL,"ronic, final pinto bean"
28805-1,28805,1446,47,1,10.00,13474.40,0.08,0.04,N,O,1995-07-19,1995-06-19,1995-08-17,COLLECT COD,FOB,ole blithely regular ideas. sly
28805-2,28805,1706,7,2,25.00,40192.50,0.06,0.05,A,F,1995-05-25,1995-05-15,1995-05-30,TAKE BACK RETURN,AIR,asymptotes with the slyly regul
28805-3,28805,560,91,3,35.00,51119.60,0.06,0.01,A,F,1995-04-04,1995-06-02,1995-04-24,COLLECT COD,REG AIR,d packages use 
28805-4,28805,1349,88,4,42.00,52514.28,0.01,0.08,N,O,1995-07-13,1995-06-14,1995-07-30,NONE,MAIL, ironically after the blithely ironic dep
28805-5,28805,1045,16,5,9.00,8514.36,0.03,0.08,N,O,1995-08-01,1995-05-24,1995-08-11,DELIVER IN PERSON,REG AIR,boost alongside of the
28806-1,28806,857,91,1,46.00,80861.10,0.02,0.01,N,O,1996-12-05,1996-10-29,1997-01-02,DELIVER IN PERSON,RAIL,ar requests
28806-2,28806,1640,41,2,34.00,52415.76,0.07,0.01,N,O,1996-11-30,1996-12-08,1996-12-09,TAKE BACK RETURN,SHIP,integrate. ruthlessly blithe dolphins
28806-3,28806,1368,69,3,18.00,22848.48,0.06,0.02,N,O,1996-12-19,1996-10-29,1997-01-01,TAKE BACK RETURN,AIR,s detect quickly; slyl
28807-1,28807,1502,43,1,37.00,51929.50,0.00,0.03,N,O,1995-06-18,1995-05-02,1995-07-10,NONE,MAIL,cial dependenci
28807-2,28807,700,1,2,7.00,11204.90,0.00,0.08,A,F,1995-05-28,1995-06-19,1995-06-16,DELIVER IN PERSON,TRUCK,otes. final 
28807-3,28807,891,91,3,14.00,25086.46,0.04,0.08,N,O,1995-07-18,1995-05-27,1995-08-13,TAKE BACK RETURN,REG AIR,x fluffily. slyly bold deposits are furiou
28807-4,28807,1966,55,4,13.00,24283.48,0.10,0.06,R,F,1995-04-13,1995-06-20,1995-04-28,COLLECT COD,SHIP,ic decoys. pending attainments cajole am
28807-5,28807,400,29,5,34.00,44213.60,0.01,0.04,N,O,1995-07-30,1995-06-10,1995-08-11,COLLECT COD,TRUCK,lets. quickly regula
28832-1,28832,1992,93,1,38.00,71971.62,0.07,0.02,R,F,1993-10-11,1993-10-26,1993-11-02,DELIVER IN PERSON,SHIP,kly final accoun
28832-2,28832,755,20,2,12.00,19869.00,0.00,0.00,R,F,1993-12-28,1993-10-26,1994-01-19,COLLECT COD,AIR,ld deposits boost carefully. s
28832-3,28832,406,36,3,11.00,14370.40,0.03,0.06,R,F,1993-11-13,1993-10-28,1993-12-09,NONE,FOB,iously express accounts
28832-4,28832,1145,46,4,17.00,17784.38,0.07,0.00,A,F,1993-11-24,1993-11-02,1993-12-02,COLLECT COD,AIR,refully insi
28833-1,28833,558,89,1,22.00,32088.10,0.09,0.07,N,O,1996-06-27,1996-06-11,1996-07-22,TAKE BACK RETURN,FOB,pending excuses boost. quick
28833-2,28833,249,50,2,39.00,44820.36,0.09,0.04,N,O,1996-07-06,1996-05-27,1996-07-25,TAKE BACK RETURN,REG AIR,s boost furiously. quickly b
28834-1,28834,853,54,1,49.00,85938.65,0.01,0.01,N,O,1996-06-07,1996-06-01,1996-06-25,TAKE BACK RETURN,FOB,counts. furiously special packag
28834-2,28834,1092,63,2,27.00,26813.43,0.04,0.08,N,O,1996-08-01,1996-06-02,1996-08-23,NONE,SHIP,bold ideas n
28834-3,28834,91,92,3,8.00,7928.72,0.08,0.08,N,O,1996-08-09,1996-06-22,1996-09-01,NONE,AIR,"l deposits. final, final foxes cajole "
28835-1,28835,1970,59,1,6.00,11231.82,0.06,0.03,R,F,1992-04-15,1992-06-02,1992-05-14,NONE,REG AIR, enticing package
28835-2,28835,1525,46,2,39.00,55634.28,0.00,0.00,R,F,1992-07-01,1992-06-12,1992-07-12,DELIVER IN PERSON,FOB,pending dependencies. carefully exp
28835-3,28835,1369,46,3,34.00,43192.24,0.07,0.01,A,F,1992-04-06,1992-06-11,1992-04-16,TAKE BACK RETURN,RAIL,sias! fluffily express foxes affi
28836-1,28836,1201,13,1,25.00,27555.00,0.03,0.01,R,F,1994-01-10,1994-01-08,1994-01-19,NONE,FOB,gular accounts wake carefully. c
28836-2,28836,989,58,2,10.00,18899.80,0.07,0.07,A,F,1993-11-15,1993-12-09,1993-12-05,NONE,MAIL,ithely even packages a
28836-3,28836,656,57,3,4.00,6226.60,0.07,0.00,R,F,1993-11-25,1993-12-02,1993-11-28,DELIVER IN PERSON,FOB, accounts use furiously 
28836-4,28836,22,48,4,18.00,16596.36,0.08,0.07,R,F,1993-11-02,1993-11-28,1993-11-06,DELIVER IN PERSON,AIR,ithely regular pinto beans. ironic pack
28836-5,28836,286,41,5,13.00,15421.64,0.08,0.08,A,F,1994-02-07,1993-12-26,1994-02-13,NONE,TRUCK,regular deposits are.
28837-1,28837,1334,35,1,3.00,3705.99,0.02,0.02,A,F,1993-07-18,1993-07-07,1993-08-17,DELIVER IN PERSON,FOB,e furiously among t
28837-2,28837,39,40,2,37.00,34744.11,0.00,0.05,A,F,1993-06-20,1993-07-04,1993-07-19,TAKE BACK RETURN,FOB,kly unusual 
28838-1,28838,1290,28,1,42.00,50034.18,0.01,0.06,N,O,1998-07-17,1998-08-29,1998-08-02,TAKE BACK RETURN,TRUCK,he quickly ir
28838-2,28838,716,81,2,49.00,79218.79,0.06,0.08,N,O,1998-08-22,1998-08-08,1998-09-18,NONE,FOB,ording to th
28838-3,28838,687,88,3,7.00,11113.76,0.01,0.03,N,O,1998-07-17,1998-09-03,1998-08-13,NONE,AIR,"d, regular packages. furiously blithe requ"
28838-4,28838,907,42,4,30.00,54237.00,0.03,0.02,N,O,1998-09-08,1998-08-25,1998-10-03,DELIVER IN PERSON,RAIL,"ounts use about the even, unus"
28838-5,28838,771,72,5,50.00,83588.50,0.03,0.03,N,O,1998-08-15,1998-08-28,1998-08-16,DELIVER IN PERSON,RAIL,"ular requests sleep. final, "
28838-6,28838,226,27,6,31.00,34912.82,0.05,0.08,N,O,1998-09-02,1998-08-16,1998-09-16,NONE,TRUCK,"was fluffily even, "
28839-1,28839,1349,26,1,37.00,46262.58,0.00,0.08,R,F,1994-08-10,1994-07-22,1994-09-03,COLLECT COD,RAIL,e instruction
28839-2,28839,309,38,2,34.00,41116.20,0.05,0.04,A,F,1994-05-15,1994-06-15,1994-06-12,NONE,AIR,es accordi
28839-3,28839,1434,74,3,30.00,40062.90,0.02,0.06,A,F,1994-06-02,1994-07-03,1994-06-10,NONE,SHIP," above the special, expr"
28839-4,28839,646,47,4,19.00,29386.16,0.09,0.00,A,F,1994-06-16,1994-07-26,1994-06-26,DELIVER IN PERSON,REG AIR,d accounts wake 
28864-1,28864,1367,82,1,20.00,25367.20,0.01,0.07,A,F,1993-02-17,1993-01-15,1993-02-28,DELIVER IN PERSON,MAIL,ily ironic instructions. bold ideas are fu
28864-2,28864,1787,88,2,24.00,40530.72,0.07,0.04,A,F,1993-01-20,1992-12-17,1993-01-25,NONE,AIR,ly pending de
28865-1,28865,1337,52,1,3.00,3714.99,0.05,0.03,N,O,1998-07-10,1998-05-18,1998-07-23,TAKE BACK RETURN,FOB, express gi
28865-2,28865,1700,83,2,42.00,67271.40,0.07,0.05,N,O,1998-04-28,1998-05-14,1998-05-10,DELIVER IN PERSON,REG AIR,re carefully carefully special foxes. 
28866-1,28866,485,15,1,21.00,29095.08,0.07,0.08,N,O,1997-08-28,1997-08-11,1997-09-09,DELIVER IN PERSON,AIR,sts boost furiously. i
28866-2,28866,330,59,2,41.00,50443.53,0.04,0.01,N,O,1997-06-30,1997-07-20,1997-07-20,DELIVER IN PERSON,RAIL, the quickly express acco
28866-3,28866,417,18,3,25.00,32935.25,0.08,0.03,N,O,1997-07-26,1997-07-30,1997-07-29,COLLECT COD,AIR,onic packages are. 
28866-4,28866,1273,85,4,37.00,43447.99,0.04,0.06,N,O,1997-08-23,1997-09-09,1997-09-13,TAKE BACK RETURN,MAIL,"quick ideas. final, regular depos"
28866-5,28866,1691,74,5,37.00,58929.53,0.08,0.02,N,O,1997-08-11,1997-07-21,1997-08-26,TAKE BACK RETURN,AIR,requests. blithely final packages atop
28866-6,28866,1940,41,6,32.00,58942.08,0.06,0.04,N,O,1997-07-09,1997-09-13,1997-07-25,DELIVER IN PERSON,RAIL,of the enticing platelets. packages 
28866-7,28866,633,34,7,35.00,53677.05,0.07,0.00,N,O,1997-06-24,1997-08-16,1997-07-04,DELIVER IN PERSON,REG AIR, sleep carefully ironic foxes.
28867-1,28867,1705,32,1,15.00,24100.50,0.01,0.04,N,O,1995-09-08,1995-09-30,1995-09-29,DELIVER IN PERSON,RAIL,nal theodolites detect among the q
28867-2,28867,508,99,2,19.00,26761.50,0.10,0.03,N,O,1995-11-08,1995-09-01,1995-11-22,TAKE BACK RETURN,SHIP,er ironic accounts sleep carefu
28867-3,28867,347,4,3,47.00,58624.98,0.04,0.06,N,O,1995-09-10,1995-10-02,1995-09-22,DELIVER IN PERSON,AIR,e platelets. even ideas will have to
28867-4,28867,1816,46,4,16.00,27484.96,0.01,0.04,N,O,1995-10-29,1995-09-04,1995-11-08,COLLECT COD,SHIP,ingly. ironic theodolites use carefully r
28867-5,28867,170,71,5,9.00,9631.53,0.01,0.02,N,O,1995-09-22,1995-09-26,1995-10-14,COLLECT COD,REG AIR,"n requests after the even, silent se"
28867-6,28867,834,35,6,23.00,39901.09,0.02,0.04,N,O,1995-10-04,1995-09-01,1995-10-08,DELIVER IN PERSON,TRUCK,counts solve blit
28868-1,28868,1344,83,1,3.00,3736.02,0.04,0.06,A,F,1992-04-29,1992-06-14,1992-05-20,NONE,REG AIR, unusual requests. slyly regular 
28868-2,28868,37,38,2,36.00,33733.08,0.08,0.01,R,F,1992-07-05,1992-05-18,1992-07-24,COLLECT COD,SHIP,ounts! regular Tiresi
28868-3,28868,791,92,3,42.00,71055.18,0.07,0.07,R,F,1992-07-20,1992-06-20,1992-08-18,NONE,RAIL,refully at the slyly regular
28868-4,28868,1001,2,4,40.00,36080.00,0.06,0.04,A,F,1992-05-28,1992-06-22,1992-06-03,COLLECT COD,REG AIR, furiously express packages? 
28869-1,28869,1987,20,1,9.00,17000.82,0.03,0.03,N,O,1998-07-04,1998-07-17,1998-07-26,DELIVER IN PERSON,SHIP,c instructions around the carefully specia
28869-2,28869,1046,52,2,43.00,40722.72,0.03,0.08,N,O,1998-09-01,1998-06-17,1998-10-01,TAKE BACK RETURN,AIR,en attainments unwind care
28869-3,28869,741,42,3,32.00,52535.68,0.10,0.00,N,O,1998-08-16,1998-07-19,1998-08-22,DELIVER IN PERSON,FOB,ross the carefully regular instructions a
28869-4,28869,1510,31,4,30.00,42345.30,0.09,0.05,N,O,1998-07-14,1998-06-13,1998-08-03,TAKE BACK RETURN,TRUCK,ckages. furiously fin
28870-1,28870,1157,58,1,9.00,9523.35,0.06,0.06,N,O,1996-01-30,1996-01-23,1996-02-24,NONE,FOB,gular pinto beans unwind quickly alo
28870-2,28870,1476,94,2,9.00,12397.23,0.00,0.04,N,O,1996-01-08,1995-12-16,1996-01-22,COLLECT COD,TRUCK,ts. even ide
28870-3,28870,1669,70,3,40.00,62826.40,0.09,0.07,N,O,1995-11-28,1996-02-03,1995-12-05,NONE,TRUCK, excuses cajole furiously. quickly pending
28870-4,28870,315,100,4,38.00,46181.78,0.07,0.07,N,O,1996-02-29,1995-12-24,1996-03-03,NONE,SHIP,oxes haggle alongside of the blithely 
28870-5,28870,742,75,5,30.00,49282.20,0.10,0.07,N,O,1996-01-25,1996-01-17,1996-01-29,COLLECT COD,RAIL,ly. slyly special platelets cajole carefull
28870-6,28870,1072,43,6,13.00,12649.91,0.03,0.04,N,O,1995-12-23,1996-02-03,1995-12-27,NONE,TRUCK,ly final a
28871-1,28871,1609,92,1,37.00,55892.20,0.00,0.05,R,F,1992-05-17,1992-05-29,1992-06-06,COLLECT COD,RAIL,y even depo
28871-2,28871,1332,47,2,26.00,32066.58,0.04,0.01,A,F,1992-04-22,1992-07-10,1992-05-21,TAKE BACK RETURN,RAIL,en packages are s
28871-3,28871,1110,47,3,31.00,31344.41,0.05,0.03,R,F,1992-05-18,1992-05-19,1992-05-22,DELIVER IN PERSON,REG AIR,s x-ray. patterns are qui
28896-1,28896,1175,48,1,35.00,37665.95,0.00,0.06,N,O,1998-10-25,1998-09-07,1998-11-24,TAKE BACK RETURN,FOB, wake. blithely pendi
28896-2,28896,1221,22,2,18.00,20199.96,0.10,0.03,N,O,1998-10-09,1998-08-27,1998-10-25,TAKE BACK RETURN,RAIL,inal pinto beans haggle doggedly brav
28896-3,28896,7,33,3,18.00,16326.00,0.06,0.02,N,O,1998-09-06,1998-09-26,1998-09-16,NONE,REG AIR,lyly regular instru
28896-4,28896,1209,84,4,37.00,41077.40,0.02,0.02,N,O,1998-08-06,1998-09-12,1998-08-30,DELIVER IN PERSON,TRUCK,d packages sleep above the final
28897-1,28897,1551,32,1,46.00,66817.30,0.03,0.07,A,F,1994-12-01,1994-09-26,1994-12-26,TAKE BACK RETURN,MAIL,tions. furiously 
28897-2,28897,1426,44,2,49.00,65043.58,0.05,0.06,A,F,1994-10-30,1994-10-09,1994-11-06,DELIVER IN PERSON,SHIP,pecial foxes-- 
28897-3,28897,1556,77,3,32.00,46641.60,0.08,0.00,A,F,1994-12-07,1994-11-11,1994-12-31,DELIVER IN PERSON,MAIL,ccounts integrate slyly. blithel
28897-4,28897,1332,47,4,35.00,43166.55,0.09,0.06,A,F,1994-12-23,1994-11-12,1995-01-01,NONE,TRUCK,e accounts. instructions ar
28898-1,28898,485,15,1,3.00,4156.44,0.03,0.02,N,O,1995-07-01,1995-08-24,1995-07-16,TAKE BACK RETURN,REG AIR,pecial packages sleep quic
28898-2,28898,279,61,2,43.00,50708.61,0.00,0.05,N,O,1995-07-28,1995-08-26,1995-08-12,COLLECT COD,TRUCK,gainst the slyl
28898-3,28898,106,59,3,24.00,24146.40,0.00,0.04,N,O,1995-07-07,1995-07-21,1995-07-26,COLLECT COD,TRUCK,accounts use regularly along
28898-4,28898,282,64,4,19.00,22463.32,0.08,0.04,N,O,1995-07-18,1995-08-09,1995-08-03,NONE,AIR,nstructions hag
28898-5,28898,1878,65,5,11.00,19578.57,0.10,0.04,N,O,1995-08-07,1995-08-06,1995-08-30,COLLECT COD,TRUCK,hely unusual requests eng
28899-1,28899,1444,45,1,44.00,59199.36,0.03,0.07,R,F,1992-09-29,1992-08-29,1992-10-04,NONE,MAIL,ns wake furiously agai
28899-2,28899,1098,99,2,33.00,32969.97,0.06,0.01,A,F,1992-07-04,1992-09-09,1992-07-22,COLLECT COD,REG AIR,eposits. carefully ironic packages are
28899-3,28899,128,7,3,9.00,9253.08,0.02,0.05,R,F,1992-10-11,1992-08-14,1992-10-13,DELIVER IN PERSON,REG AIR,uctions detect quickly after the instru
28899-4,28899,965,34,4,44.00,82102.24,0.10,0.00,R,F,1992-07-31,1992-07-29,1992-08-09,DELIVER IN PERSON,TRUCK,"ss, even instructions boost slyly "
28899-5,28899,1571,92,5,25.00,36814.25,0.00,0.01,A,F,1992-07-11,1992-07-17,1992-08-10,NONE,RAIL, deposits along the blithely re
28899-6,28899,1434,13,6,3.00,4006.29,0.06,0.00,A,F,1992-08-27,1992-09-13,1992-08-29,DELIVER IN PERSON,REG AIR,ions affix do
28899-7,28899,1661,44,7,15.00,23439.90,0.06,0.06,A,F,1992-09-02,1992-08-03,1992-09-06,TAKE BACK RETURN,REG AIR,es cajole 
28900-1,28900,280,81,1,25.00,29507.00,0.03,0.00,N,O,1996-11-14,1996-10-05,1996-12-02,DELIVER IN PERSON,RAIL,lithely unusual requests cajole about t
28900-2,28900,2,53,2,42.00,37884.00,0.06,0.06,N,O,1996-10-03,1996-10-06,1996-10-25,DELIVER IN PERSON,SHIP,blithely special accounts! 
28900-3,28900,443,2,3,35.00,47020.40,0.00,0.06,N,O,1996-12-28,1996-10-12,1997-01-01,DELIVER IN PERSON,MAIL,ful requests snooze. slyly 
28900-4,28900,1819,20,4,12.00,20649.72,0.07,0.02,N,O,1996-09-19,1996-10-04,1996-10-09,TAKE BACK RETURN,RAIL,among the ironically even ideas. pending
28900-5,28900,1728,29,5,12.00,19556.64,0.01,0.08,N,O,1996-12-19,1996-10-04,1997-01-11,DELIVER IN PERSON,RAIL,e blithely according 
28901-1,28901,154,55,1,47.00,49545.05,0.00,0.05,R,F,1992-09-11,1992-08-27,1992-09-23,DELIVER IN PERSON,AIR,lyly. regularly regular de
28901-2,28901,155,34,2,1.00,1055.15,0.06,0.04,A,F,1992-06-22,1992-08-09,1992-07-20,NONE,TRUCK,pinto beans haggle a
28901-3,28901,503,64,3,29.00,40701.50,0.00,0.05,A,F,1992-08-10,1992-09-04,1992-09-03,COLLECT COD,REG AIR,ar accounts mold s
28901-4,28901,368,97,4,9.00,11415.24,0.06,0.05,A,F,1992-07-13,1992-08-13,1992-07-27,TAKE BACK RETURN,FOB, dependencies. slyly even pinto beans
28901-5,28901,271,53,5,5.00,5856.35,0.05,0.08,R,F,1992-09-05,1992-09-07,1992-09-24,COLLECT COD,SHIP,tructions. ironic packages are quickly
28901-6,28901,1907,96,6,19.00,34369.10,0.02,0.05,A,F,1992-08-27,1992-07-29,1992-09-21,DELIVER IN PERSON,AIR,quickly silent requests cajole dog
28902-1,28902,145,24,1,30.00,31354.20,0.05,0.01,R,F,1992-02-17,1992-03-31,1992-02-24,COLLECT COD,AIR,c escapades haggle slyly special re
28902-2,28902,1320,59,2,25.00,30533.00,0.03,0.00,R,F,1992-03-07,1992-03-07,1992-03-20,DELIVER IN PERSON,FOB,pendencies boost carefully careful
28902-3,28902,918,87,3,21.00,38197.11,0.06,0.04,R,F,1992-02-16,1992-03-15,1992-03-10,DELIVER IN PERSON,FOB, instructions wake quickly accordi
28902-4,28902,127,54,4,15.00,15406.80,0.04,0.06,R,F,1992-05-20,1992-04-17,1992-05-22,NONE,SHIP,ress deposits sleep blithely. iron
28902-5,28902,832,33,5,12.00,20793.96,0.04,0.00,R,F,1992-04-28,1992-03-27,1992-05-21,TAKE BACK RETURN,FOB,s the fluffily ironic theo
28902-6,28902,503,94,6,44.00,61754.00,0.02,0.01,R,F,1992-02-12,1992-03-11,1992-03-01,NONE,FOB,mise behind
28902-7,28902,79,5,7,28.00,27413.96,0.08,0.02,A,F,1992-02-23,1992-02-26,1992-03-02,TAKE BACK RETURN,TRUCK,ounts. slyly special id
28903-1,28903,1716,1,1,32.00,51766.72,0.08,0.01,R,F,1994-08-14,1994-09-09,1994-08-21,NONE,SHIP, blithely packages. qui
28903-2,28903,527,88,2,17.00,24267.84,0.05,0.03,A,F,1994-10-04,1994-11-01,1994-10-12,COLLECT COD,FOB,e slyly exp
28903-3,28903,633,96,3,25.00,38340.75,0.03,0.07,A,F,1994-09-04,1994-10-16,1994-09-10,COLLECT COD,MAIL,fily regular accounts. ironic packages are
28928-1,28928,773,6,1,13.00,21759.01,0.07,0.05,R,F,1993-08-10,1993-07-14,1993-09-03,TAKE BACK RETURN,SHIP,ses impress bold
28928-2,28928,701,66,2,3.00,4805.10,0.09,0.00,R,F,1993-07-27,1993-07-09,1993-08-08,NONE,RAIL,ckages. regu
28928-3,28928,1660,61,3,13.00,20301.58,0.07,0.03,A,F,1993-07-09,1993-07-16,1993-07-16,COLLECT COD,FOB,ly slyly special ideas-- boldly bold pinto 
28928-4,28928,1823,67,4,22.00,37946.04,0.08,0.00,R,F,1993-06-15,1993-06-10,1993-07-07,TAKE BACK RETURN,AIR,pecial excuses nag 
28928-5,28928,1520,41,5,38.00,54017.76,0.05,0.01,A,F,1993-08-02,1993-07-15,1993-08-04,DELIVER IN PERSON,AIR,. excuses haggle carefull
28928-6,28928,306,35,6,19.00,22919.70,0.00,0.06,A,F,1993-05-08,1993-06-13,1993-05-30,TAKE BACK RETURN,SHIP,ounts cajole brave
28928-7,28928,385,42,7,13.00,16709.94,0.03,0.07,R,F,1993-07-23,1993-06-21,1993-07-31,NONE,TRUCK,ructions. blithel
28929-1,28929,209,64,1,30.00,33276.00,0.01,0.05,R,F,1993-01-24,1992-12-17,1993-01-26,COLLECT COD,REG AIR,. ruthlessly final theodolites ca
28929-2,28929,388,17,2,18.00,23190.84,0.05,0.05,A,F,1992-11-30,1992-12-24,1992-12-25,NONE,FOB,ss packages. quickl
28929-3,28929,1675,58,3,2.00,3153.34,0.10,0.06,A,F,1992-12-15,1992-11-10,1992-12-16,NONE,FOB,s. pinto beans around the court
28929-4,28929,1298,99,4,10.00,11992.90,0.04,0.08,R,F,1993-01-08,1992-11-17,1993-01-18,DELIVER IN PERSON,SHIP,furiously silent packages wake
28929-5,28929,531,32,5,39.00,55829.67,0.02,0.06,A,F,1993-01-19,1992-12-20,1993-02-16,TAKE BACK RETURN,MAIL,nently final ideas sleep slyly. sl
28930-1,28930,523,54,1,8.00,11388.16,0.02,0.01,N,O,1998-03-11,1998-01-31,1998-03-19,TAKE BACK RETURN,TRUCK,. furiously special ideas ha
28930-2,28930,1051,87,2,33.00,31417.65,0.02,0.04,N,O,1997-12-11,1998-03-08,1998-01-03,TAKE BACK RETURN,SHIP,arefully. blithely unusual packages sleep. 
28930-3,28930,364,21,3,8.00,10114.88,0.07,0.05,N,O,1997-12-19,1998-03-09,1997-12-31,DELIVER IN PERSON,AIR,requests. slyly final requests use fi
28930-4,28930,1337,14,4,45.00,55724.85,0.02,0.08,N,O,1998-01-26,1998-01-21,1998-02-16,TAKE BACK RETURN,FOB,ckages wake carefully blithely fi
28930-5,28930,1604,87,5,24.00,36134.40,0.04,0.08,N,O,1998-01-25,1998-01-13,1998-02-11,COLLECT COD,RAIL, boost final braids. furiously thin reque
28930-6,28930,334,63,6,8.00,9874.64,0.07,0.01,N,O,1998-03-17,1998-03-03,1998-04-03,DELIVER IN PERSON,RAIL,hely final ideas. ironic theodolites 
28930-7,28930,765,98,7,13.00,21654.88,0.05,0.03,N,O,1998-01-25,1998-02-14,1998-02-02,NONE,TRUCK,eposits according to the ev
28931-1,28931,383,68,1,27.00,34651.26,0.07,0.07,N,O,1995-07-06,1995-08-11,1995-07-16,NONE,TRUCK,lly furiously ironic accounts. 
28931-2,28931,194,21,2,45.00,49238.55,0.08,0.08,N,O,1995-07-23,1995-08-10,1995-08-07,COLLECT COD,FOB,uthlessly ironic epitaphs
28931-3,28931,1088,24,3,7.00,6923.56,0.02,0.07,N,O,1995-09-12,1995-09-14,1995-09-22,DELIVER IN PERSON,SHIP, deposits. even requests affix busil
28931-4,28931,1177,50,4,17.00,18328.89,0.08,0.00,N,O,1995-09-12,1995-08-21,1995-09-30,TAKE BACK RETURN,REG AIR,ans. blithely even 
28932-1,28932,173,100,1,49.00,52585.33,0.02,0.04,R,F,1993-08-20,1993-08-25,1993-08-24,NONE,RAIL,; carefully regular theodolites
28932-2,28932,399,100,2,33.00,42879.87,0.10,0.08,R,F,1993-09-05,1993-10-14,1993-09-08,DELIVER IN PERSON,REG AIR,re furiously ironi
28932-3,28932,1677,1,3,2.00,3157.34,0.09,0.06,A,F,1993-09-10,1993-08-23,1993-10-05,DELIVER IN PERSON,AIR, bold pinto beans use. furiously regular do
28932-4,28932,16,42,4,45.00,41220.45,0.04,0.08,R,F,1993-08-12,1993-08-23,1993-08-21,DELIVER IN PERSON,MAIL,uriously special pinto beans boost bli
28933-1,28933,374,75,1,7.00,8920.59,0.09,0.06,R,F,1994-09-23,1994-08-13,1994-10-23,COLLECT COD,AIR,lly unusual instr
28933-2,28933,108,35,2,11.00,11089.10,0.09,0.02,R,F,1994-08-25,1994-09-01,1994-09-22,TAKE BACK RETURN,AIR, unusual requests nod car
28933-3,28933,1045,81,3,4.00,3784.16,0.05,0.04,A,F,1994-08-09,1994-10-08,1994-08-20,NONE,SHIP,s boost af
28933-4,28933,337,66,4,33.00,40831.89,0.04,0.06,R,F,1994-07-30,1994-09-18,1994-08-28,COLLECT COD,MAIL,uriously special excuses. carefully even pa
28934-1,28934,301,2,1,7.00,8409.10,0.02,0.06,A,F,1993-01-10,1993-02-26,1993-01-20,COLLECT COD,REG AIR,ar instructions.
28934-2,28934,1031,67,2,38.00,35417.14,0.08,0.07,R,F,1992-11-30,1993-02-19,1992-12-29,DELIVER IN PERSON,FOB, pending foxes sleep! do
28934-3,28934,591,92,3,33.00,49222.47,0.07,0.00,A,F,1993-02-18,1993-02-02,1993-02-23,COLLECT COD,FOB," excuses haggle final, expr"
28934-4,28934,1305,20,4,23.00,27744.90,0.03,0.01,R,F,1992-12-07,1993-01-07,1992-12-24,COLLECT COD,AIR,dolites haggle furiously ex
28934-5,28934,400,29,5,14.00,18205.60,0.04,0.08,R,F,1993-02-12,1993-01-02,1993-03-13,DELIVER IN PERSON,FOB,nto beans. unusual requests
28934-6,28934,32,8,6,11.00,10252.33,0.03,0.05,R,F,1992-12-29,1993-01-27,1993-01-21,DELIVER IN PERSON,FOB,unusual accounts detect blithely. spe
28935-1,28935,1617,41,1,8.00,12148.88,0.01,0.03,N,O,1997-11-11,1997-12-24,1997-11-29,COLLECT COD,MAIL,ar packages sleep. doggedly fin
28935-2,28935,372,73,2,23.00,29264.51,0.03,0.06,N,O,1998-01-02,1997-12-12,1998-01-30,NONE,AIR,sly enticing dolphins. furiously 
28935-3,28935,1523,24,3,7.00,9971.64,0.07,0.05,N,O,1998-03-02,1997-12-09,1998-03-20,TAKE BACK RETURN,FOB,ilent accounts. furiously regular ideas amo
28935-4,28935,1578,79,4,35.00,51784.95,0.06,0.07,N,O,1997-12-22,1998-01-03,1998-01-14,NONE,AIR, busy excus
28935-5,28935,917,20,5,3.00,5453.73,0.07,0.04,N,O,1998-01-10,1997-12-13,1998-01-31,COLLECT COD,FOB,ets sleep slyly f
28935-6,28935,1142,79,6,16.00,16690.24,0.06,0.01,N,O,1998-02-11,1998-01-17,1998-02-21,TAKE BACK RETURN,REG AIR,uriously. furiousl
28935-7,28935,463,22,7,29.00,39540.34,0.10,0.02,N,O,1998-02-05,1998-01-08,1998-02-20,NONE,SHIP,arefully across the slyly stealthy ac
28960-1,28960,539,100,1,48.00,69097.44,0.01,0.04,N,O,1998-03-08,1998-04-15,1998-04-04,TAKE BACK RETURN,AIR,cross the careful
28960-2,28960,1446,86,2,32.00,43118.08,0.05,0.01,N,O,1998-04-30,1998-04-10,1998-05-04,TAKE BACK RETURN,RAIL,lyly regular deposits. ironic pinto b
28961-1,28961,1492,10,1,4.00,5573.96,0.00,0.05,N,O,1998-01-08,1998-02-06,1998-02-05,TAKE BACK RETURN,MAIL,packages cajole f
28962-1,28962,1138,39,1,5.00,5195.65,0.02,0.05,N,O,1997-10-24,1997-10-21,1997-11-03,DELIVER IN PERSON,REG AIR,press foxes. q
28962-2,28962,710,11,2,44.00,70871.24,0.00,0.05,N,O,1997-10-04,1997-10-31,1997-11-02,NONE,TRUCK,fully regular fo
28963-1,28963,1622,64,1,6.00,9141.72,0.04,0.07,N,O,1996-04-04,1996-02-07,1996-04-20,DELIVER IN PERSON,TRUCK, foxes. special asymptotes
28963-2,28963,1112,21,2,25.00,25327.75,0.02,0.05,N,O,1996-01-04,1996-01-25,1996-01-26,TAKE BACK RETURN,FOB,regular packages aga
28963-3,28963,741,42,3,37.00,60744.38,0.06,0.01,N,O,1996-03-17,1996-02-16,1996-03-21,DELIVER IN PERSON,REG AIR,theodolites could have
28963-4,28963,1608,50,4,14.00,21134.40,0.00,0.07,N,O,1996-01-30,1996-02-13,1996-02-16,TAKE BACK RETURN,MAIL, ironic theodolites x-ray furiously alo
28963-5,28963,1443,61,5,31.00,41677.64,0.03,0.05,N,O,1996-03-06,1996-02-20,1996-03-16,NONE,FOB, the furiously ironic instr
28964-1,28964,1248,23,1,16.00,18387.84,0.10,0.04,N,O,1998-03-20,1998-01-31,1998-04-01,DELIVER IN PERSON,TRUCK,resias sleep around the regular foxes
28964-2,28964,687,19,2,24.00,38104.32,0.02,0.05,N,O,1997-12-15,1998-02-03,1998-01-06,DELIVER IN PERSON,AIR,"ross the express, final deposi"
28964-3,28964,1858,88,3,7.00,12318.95,0.10,0.00,N,O,1997-12-09,1998-02-12,1998-01-01,DELIVER IN PERSON,REG AIR,ts. slyly express accounts wake fu
28964-4,28964,384,85,4,31.00,39815.78,0.05,0.06,N,O,1997-12-20,1998-02-15,1998-01-13,COLLECT COD,FOB,s wake carefully among the furio
28964-5,28964,1594,35,5,23.00,34398.57,0.03,0.06,N,O,1997-12-01,1998-02-02,1997-12-07,COLLECT COD,RAIL, deposits cajole across the expr
28964-6,28964,1537,58,6,23.00,33086.19,0.01,0.05,N,O,1997-12-19,1998-01-05,1998-01-01,TAKE BACK RETURN,SHIP,ages haggle about the 
28965-1,28965,1693,76,1,35.00,55814.15,0.10,0.04,N,O,1996-08-29,1996-07-01,1996-09-28,DELIVER IN PERSON,SHIP, carefully regular accounts run ar
28965-2,28965,545,6,2,12.00,17346.48,0.03,0.03,N,O,1996-07-29,1996-07-25,1996-08-01,DELIVER IN PERSON,MAIL,wake furiously furiously regular deposits. 
28965-3,28965,1391,92,3,18.00,23263.02,0.06,0.02,N,O,1996-06-22,1996-07-23,1996-07-21,DELIVER IN PERSON,RAIL,e fluffily. slyly bold asymptot
28965-4,28965,245,27,4,45.00,51535.80,0.07,0.01,N,O,1996-06-05,1996-07-17,1996-06-26,COLLECT COD,RAIL,"equests. express, fina"
28965-5,28965,1867,97,5,11.00,19457.46,0.00,0.07,N,O,1996-07-22,1996-08-03,1996-08-14,DELIVER IN PERSON,REG AIR,fully ironic req
28966-1,28966,1603,45,1,14.00,21064.40,0.05,0.00,R,F,1994-09-08,1994-12-01,1994-10-07,COLLECT COD,SHIP,hely across the carefu
28967-1,28967,370,55,1,47.00,59707.39,0.08,0.03,A,F,1994-10-12,1994-10-24,1994-10-30,NONE,SHIP,thely blithely express 
28967-2,28967,882,82,2,28.00,49920.64,0.05,0.02,R,F,1994-11-10,1994-11-13,1994-12-10,NONE,SHIP,nic deposit
28992-1,28992,119,46,1,11.00,11210.21,0.06,0.07,N,O,1996-01-09,1995-10-29,1996-02-03,COLLECT COD,MAIL,y ironic deposits
28992-2,28992,1131,68,2,17.00,17546.21,0.09,0.07,N,O,1995-11-10,1995-12-12,1995-12-03,DELIVER IN PERSON,TRUCK,c accounts. furiously fina
28992-3,28992,899,100,3,10.00,17998.90,0.06,0.00,N,O,1995-11-11,1995-11-25,1995-11-18,COLLECT COD,TRUCK,ecial deposits. slyly unusual gift
28992-4,28992,1078,84,4,10.00,9790.70,0.02,0.07,N,O,1995-10-08,1995-11-03,1995-11-04,TAKE BACK RETURN,TRUCK,es. blithely
28992-5,28992,1716,1,5,2.00,3235.42,0.02,0.07,N,O,1995-12-04,1995-10-24,1995-12-08,DELIVER IN PERSON,MAIL,. blithely 
28993-1,28993,42,93,1,47.00,44275.88,0.06,0.01,A,F,1995-04-22,1995-05-08,1995-04-23,DELIVER IN PERSON,AIR,xpress deposits sleep depo
28994-1,28994,581,82,1,31.00,45928.98,0.06,0.00,N,O,1998-09-09,1998-07-21,1998-09-19,TAKE BACK RETURN,AIR,out the slyly final d
28994-2,28994,571,32,2,47.00,69163.79,0.08,0.01,N,O,1998-07-20,1998-08-31,1998-07-30,DELIVER IN PERSON,MAIL, the pendin
28994-3,28994,525,26,3,47.00,66999.44,0.08,0.02,N,O,1998-07-21,1998-08-23,1998-08-01,DELIVER IN PERSON,FOB,ecial packages are fluffily agai
28994-4,28994,1531,72,4,10.00,14325.30,0.02,0.08,N,O,1998-09-23,1998-08-24,1998-09-27,TAKE BACK RETURN,MAIL,ons cajole furiously blith
28995-1,28995,998,33,1,28.00,53171.72,0.01,0.01,A,F,1993-05-18,1993-07-06,1993-06-10,DELIVER IN PERSON,TRUCK,ular accounts. carefully express r
28995-2,28995,755,56,2,49.00,81131.75,0.05,0.05,A,F,1993-07-25,1993-08-11,1993-08-19,COLLECT COD,REG AIR,even pinto beans doubt dogged dependencies
28995-3,28995,1337,38,3,3.00,3714.99,0.00,0.00,A,F,1993-05-28,1993-06-24,1993-06-12,NONE,AIR,furiously express packages boost
28995-4,28995,46,97,4,32.00,30273.28,0.06,0.00,A,F,1993-08-14,1993-06-24,1993-08-30,NONE,RAIL,gular accounts impress 
28995-5,28995,1116,89,5,29.00,29496.19,0.00,0.02,A,F,1993-08-09,1993-07-18,1993-08-10,NONE,AIR,r accounts nag slyly beside the fu
28995-6,28995,1663,5,6,38.00,59457.08,0.06,0.05,R,F,1993-08-29,1993-08-03,1993-09-16,TAKE BACK RETURN,RAIL,"ns after the ironic, regular pe"
28995-7,28995,1349,64,7,33.00,41261.22,0.06,0.05,A,F,1993-08-10,1993-07-09,1993-08-31,NONE,SHIP, deposits. bo
28996-1,28996,773,70,1,47.00,78667.19,0.06,0.04,N,O,1997-06-15,1997-07-10,1997-07-07,DELIVER IN PERSON,FOB,y final deposits detect furiously. qui
28996-2,28996,458,46,2,24.00,32602.80,0.03,0.02,N,O,1997-08-14,1997-07-18,1997-08-17,TAKE BACK RETURN,TRUCK, fluffily ironic packages p
28996-3,28996,657,20,3,16.00,24922.40,0.09,0.03,N,O,1997-06-15,1997-07-21,1997-06-28,NONE,MAIL,ic dependencies breach furiously 
28996-4,28996,168,21,4,22.00,23499.52,0.08,0.05,N,O,1997-05-26,1997-06-26,1997-05-31,DELIVER IN PERSON,MAIL, express depo
28996-5,28996,327,12,5,23.00,28228.36,0.02,0.07,N,O,1997-08-09,1997-07-02,1997-08-28,DELIVER IN PERSON,MAIL,cuses. carefully unusual pa
28996-6,28996,1391,68,6,26.00,33602.14,0.05,0.02,N,O,1997-07-23,1997-05-23,1997-08-22,TAKE BACK RETURN,RAIL,ag to the qui
28996-7,28996,1331,8,7,43.00,52990.19,0.08,0.07,N,O,1997-07-06,1997-07-01,1997-08-01,NONE,RAIL,ular requests. quickly pending deposits
28997-1,28997,1375,52,1,23.00,29356.51,0.05,0.07,N,O,1998-01-23,1997-12-24,1998-02-05,COLLECT COD,RAIL, final pinto beans use careful
28997-2,28997,347,48,2,35.00,43656.90,0.09,0.05,N,O,1998-01-10,1998-01-08,1998-02-04,NONE,AIR,s poach furiously
28997-3,28997,1474,53,3,32.00,44015.04,0.06,0.08,N,O,1997-11-05,1998-01-22,1997-11-14,DELIVER IN PERSON,FOB,"oss the special, unusual packages cajo"
28997-4,28997,472,2,4,17.00,23331.99,0.09,0.08,N,O,1998-02-16,1997-12-18,1998-03-08,COLLECT COD,SHIP,onic requests. carefu
28998-1,28998,388,17,1,2.00,2576.76,0.05,0.02,R,F,1992-03-28,1992-05-13,1992-03-31,TAKE BACK RETURN,RAIL,quests. ironic packages use blithely accord
28999-1,28999,53,29,1,14.00,13342.70,0.03,0.01,R,F,1994-04-23,1994-02-23,1994-05-21,COLLECT COD,AIR, final ideas. final platelets use requests
28999-2,28999,1641,24,2,43.00,66333.52,0.09,0.01,R,F,1994-01-25,1994-03-24,1994-02-21,NONE,MAIL,deas sleep since the slyly final f
29024-1,29024,794,95,1,48.00,81349.92,0.10,0.03,R,F,1992-07-17,1992-06-30,1992-08-05,TAKE BACK RETURN,FOB,eodolites. daringly express
29024-2,29024,705,70,2,50.00,80285.00,0.10,0.02,R,F,1992-05-12,1992-05-24,1992-05-18,TAKE BACK RETURN,TRUCK,"ual, ironic deposits use. "
29025-1,29025,1353,92,1,9.00,11289.15,0.08,0.01,A,F,1994-09-13,1994-08-21,1994-09-27,DELIVER IN PERSON,AIR,against the quickly final deposits. regu
29025-2,29025,1798,41,2,8.00,13598.32,0.06,0.04,R,F,1994-09-13,1994-08-28,1994-09-17,TAKE BACK RETURN,RAIL, requests along the boldly fin
29025-3,29025,1008,9,3,23.00,20907.00,0.05,0.08,R,F,1994-08-13,1994-08-20,1994-09-12,DELIVER IN PERSON,REG AIR,"ost final, bold pains. boldly unusual instr"
29026-1,29026,169,22,1,39.00,41697.24,0.05,0.00,N,O,1995-09-11,1995-11-17,1995-09-20,COLLECT COD,SHIP,he furiously 
29026-2,29026,192,71,2,42.00,45871.98,0.00,0.05,N,O,1995-10-28,1995-10-05,1995-11-13,COLLECT COD,FOB," the unusual, unusua"
29026-3,29026,1505,46,3,30.00,42195.00,0.01,0.04,N,O,1995-10-13,1995-10-29,1995-11-01,TAKE BACK RETURN,SHIP,uests across the furiously e
29027-1,29027,102,3,1,50.00,50105.00,0.05,0.06,R,F,1994-10-19,1994-10-09,1994-11-10,COLLECT COD,TRUCK,t the furiously pen
29027-2,29027,734,35,2,48.00,78467.04,0.07,0.07,A,F,1994-07-28,1994-09-07,1994-08-06,NONE,REG AIR,regular packages according to the regu
29027-3,29027,234,89,3,24.00,27221.52,0.01,0.07,A,F,1994-08-29,1994-09-09,1994-09-26,TAKE BACK RETURN,FOB,ts are final sheaves. regular asymptot
29027-4,29027,1887,88,4,30.00,53666.40,0.08,0.04,R,F,1994-08-04,1994-08-27,1994-08-05,DELIVER IN PERSON,FOB,eans. busily regular accounts detec
29027-5,29027,1354,93,5,35.00,43937.25,0.03,0.06,R,F,1994-09-15,1994-09-14,1994-09-17,DELIVER IN PERSON,TRUCK,heodolites.
29027-6,29027,913,14,6,4.00,7255.64,0.06,0.00,R,F,1994-07-30,1994-08-25,1994-08-16,TAKE BACK RETURN,REG AIR,aggle unusu
29028-1,29028,1161,70,1,13.00,13808.08,0.02,0.05,A,F,1995-05-14,1995-04-29,1995-06-03,DELIVER IN PERSON,RAIL,ilent packages affix slyly 
29028-2,29028,1040,46,2,50.00,47052.00,0.06,0.08,R,F,1995-04-08,1995-04-01,1995-04-23,NONE,AIR,ing instructions. packages are regular a
29028-3,29028,224,79,3,44.00,49465.68,0.04,0.05,A,F,1995-05-02,1995-03-30,1995-05-31,TAKE BACK RETURN,AIR, of the quickly r
29028-4,29028,1576,97,4,24.00,35461.68,0.07,0.06,R,F,1995-05-13,1995-04-21,1995-05-31,NONE,SHIP,ly after the request
29029-1,29029,196,23,1,27.00,29597.13,0.03,0.03,N,O,1997-09-25,1997-08-28,1997-10-03,NONE,RAIL," fluffily slow, silent "
29029-2,29029,1359,98,2,3.00,3781.05,0.08,0.07,N,O,1997-07-29,1997-09-15,1997-07-31,DELIVER IN PERSON,MAIL,y express req
29029-3,29029,1224,62,3,43.00,48384.46,0.07,0.08,N,O,1997-10-16,1997-09-04,1997-11-13,NONE,RAIL,ges are finally f
29029-4,29029,507,38,4,10.00,14075.00,0.08,0.08,N,O,1997-08-12,1997-10-12,1997-08-28,TAKE BACK RETURN,FOB,rs cajole quickly a
29029-5,29029,825,25,5,20.00,34516.40,0.06,0.02,N,O,1997-07-28,1997-09-14,1997-08-12,COLLECT COD,FOB,"ideas sleep quietly. ironic,"
29029-6,29029,572,33,6,32.00,47122.24,0.08,0.05,N,O,1997-08-04,1997-10-19,1997-08-13,TAKE BACK RETURN,RAIL,ccounts. fu
29029-7,29029,1032,38,7,18.00,16794.54,0.00,0.05,N,O,1997-08-22,1997-09-29,1997-08-30,NONE,RAIL,row above th
29030-1,29030,666,67,1,42.00,65799.72,0.04,0.08,A,F,1992-04-02,1992-02-22,1992-04-28,COLLECT COD,REG AIR," along the ironic, ironic pa"
29031-1,29031,1798,25,1,6.00,10198.74,0.01,0.08,N,O,1998-02-16,1997-11-24,1998-03-01,COLLECT COD,REG AIR,le among the furiou
29031-2,29031,547,78,2,29.00,41978.66,0.10,0.04,N,O,1997-12-12,1997-12-20,1998-01-01,TAKE BACK RETURN,RAIL,ites. furiously reg
29056-1,29056,281,63,1,39.00,46069.92,0.10,0.06,A,F,1995-03-31,1995-02-24,1995-04-19,COLLECT COD,RAIL,ithely special 
29056-2,29056,528,89,2,22.00,31427.44,0.07,0.08,R,F,1995-03-28,1995-02-26,1995-04-26,DELIVER IN PERSON,FOB,ructions. fluffily ironic escapades sleep f
29056-3,29056,267,95,3,29.00,33850.54,0.03,0.08,R,F,1995-03-02,1995-02-22,1995-03-10,TAKE BACK RETURN,SHIP,ithely ironic reque
29056-4,29056,720,85,4,44.00,71311.68,0.05,0.05,R,F,1995-03-29,1995-02-20,1995-04-12,COLLECT COD,RAIL,pending instructions sl
29056-5,29056,1819,49,5,11.00,18928.91,0.00,0.03,R,F,1995-02-11,1995-03-03,1995-02-20,NONE,RAIL,ggle slyly ironic deposits. never s
29056-6,29056,250,5,6,33.00,37958.25,0.06,0.04,R,F,1995-02-08,1995-02-13,1995-03-06,TAKE BACK RETURN,FOB,fluffily slyly bold
29057-1,29057,1406,24,1,42.00,54910.80,0.00,0.03,N,O,1997-08-16,1997-08-14,1997-08-20,DELIVER IN PERSON,AIR,ously unus
29057-2,29057,1210,11,2,39.00,43337.19,0.02,0.00,N,O,1997-06-19,1997-07-10,1997-07-05,TAKE BACK RETURN,MAIL,y regular deposits nag. flu
29057-3,29057,987,88,3,33.00,62303.34,0.01,0.04,N,O,1997-07-26,1997-08-15,1997-08-21,COLLECT COD,AIR,e quickly dogged packages. carefully final 
29057-4,29057,1599,20,4,38.00,57022.42,0.07,0.06,N,O,1997-09-06,1997-07-24,1997-09-26,COLLECT COD,TRUCK,ons. carefully bold
29057-5,29057,1081,52,5,31.00,30444.48,0.01,0.07,N,O,1997-07-06,1997-08-27,1997-07-27,NONE,SHIP,s deposits.
29057-6,29057,127,28,6,15.00,15406.80,0.10,0.02,N,O,1997-07-01,1997-08-22,1997-07-28,TAKE BACK RETURN,FOB,lithely final deposits cajole 
29057-7,29057,106,85,7,22.00,22134.20,0.07,0.01,N,O,1997-09-25,1997-08-28,1997-10-01,DELIVER IN PERSON,FOB,ward the car
29058-1,29058,1334,11,1,49.00,60531.17,0.01,0.01,R,F,1993-03-12,1993-03-23,1993-04-09,COLLECT COD,MAIL,furiously un
29058-2,29058,1464,82,2,40.00,54618.40,0.01,0.04,R,F,1993-01-27,1993-02-25,1993-02-10,NONE,TRUCK,uriously ironic hockey p
29058-3,29058,1836,37,3,16.00,27805.28,0.10,0.03,R,F,1993-03-27,1993-03-17,1993-04-06,DELIVER IN PERSON,RAIL, regular packages. deposits about the ca
29058-4,29058,167,20,4,45.00,48022.20,0.02,0.04,R,F,1993-02-25,1993-02-25,1993-03-10,NONE,AIR, deposits-- s
29058-5,29058,1351,90,5,20.00,25047.00,0.09,0.07,R,F,1993-02-10,1993-03-28,1993-02-12,DELIVER IN PERSON,AIR, have to u
29058-6,29058,302,59,6,49.00,58912.70,0.00,0.01,A,F,1993-05-01,1993-03-30,1993-05-26,COLLECT COD,AIR,ding deposits are special plat
29058-7,29058,136,15,7,42.00,43517.46,0.02,0.05,R,F,1993-03-31,1993-02-07,1993-04-20,COLLECT COD,REG AIR,y. furiously regular req
29059-1,29059,1780,81,1,46.00,77361.88,0.08,0.01,N,O,1998-01-09,1997-12-30,1998-01-13,COLLECT COD,REG AIR,asymptotes. regular theodolites bel
29059-2,29059,818,85,2,7.00,12031.67,0.09,0.00,N,O,1997-12-18,1997-12-30,1998-01-16,DELIVER IN PERSON,MAIL, carefully bold requests. b
29059-3,29059,1658,100,3,40.00,62386.00,0.01,0.06,N,O,1998-01-14,1997-12-25,1998-01-25,NONE,TRUCK,fily along the packa
29059-4,29059,396,81,4,11.00,14260.29,0.02,0.03,N,O,1998-01-01,1998-01-22,1998-01-24,DELIVER IN PERSON,FOB,ccounts after the asymptote
29059-5,29059,765,98,5,9.00,14991.84,0.05,0.01,N,O,1997-12-26,1997-12-28,1998-01-04,COLLECT COD,AIR,ickly unusual packages. r
29060-1,29060,993,94,1,22.00,41667.78,0.03,0.04,N,O,1997-08-06,1997-06-27,1997-08-07,DELIVER IN PERSON,SHIP,"ts are furiously. blithe, ironic pinto bea"
29061-1,29061,1656,98,1,48.00,74767.20,0.00,0.03,N,O,1997-03-19,1997-02-27,1997-03-25,NONE,REG AIR,egular theodolites ha
29061-2,29061,1717,60,2,18.00,29136.78,0.03,0.07,N,O,1997-01-24,1997-04-12,1997-02-05,COLLECT COD,RAIL, haggle blithely f
29061-3,29061,645,46,3,3.00,4636.92,0.01,0.04,N,O,1997-04-06,1997-03-04,1997-04-18,COLLECT COD,AIR,s wake quickly after the slyly regular 
29061-4,29061,878,12,4,37.00,65818.19,0.04,0.00,N,O,1997-03-06,1997-02-21,1997-04-04,NONE,SHIP,nts may haggle f
29062-1,29062,1422,1,1,10.00,13234.20,0.08,0.05,R,F,1994-12-11,1995-01-09,1994-12-17,DELIVER IN PERSON,MAIL,integrate quickly 
29063-1,29063,1670,53,1,32.00,50293.44,0.05,0.06,A,F,1993-09-13,1993-06-20,1993-09-21,NONE,REG AIR,ts cajole 
29063-2,29063,86,12,2,7.00,6902.56,0.00,0.03,A,F,1993-09-06,1993-06-29,1993-09-11,TAKE BACK RETURN,RAIL,ular requests use above the requests-- b
29063-3,29063,117,96,3,45.00,45769.95,0.08,0.03,A,F,1993-06-14,1993-07-04,1993-07-09,COLLECT COD,RAIL,aggle fluffily ironic instructions. careful
29063-4,29063,424,54,4,27.00,35759.34,0.05,0.07,R,F,1993-08-12,1993-07-07,1993-09-05,NONE,FOB,ts sleep. depende
29063-5,29063,457,58,5,36.00,48868.20,0.04,0.01,A,F,1993-08-08,1993-06-22,1993-08-18,NONE,REG AIR,unusual somas
29088-1,29088,1280,18,1,22.00,25988.16,0.07,0.05,N,O,1997-08-31,1997-10-28,1997-09-22,TAKE BACK RETURN,SHIP,ecial requests.
29088-2,29088,1660,2,2,45.00,70274.70,0.04,0.04,N,O,1997-10-17,1997-11-21,1997-10-19,DELIVER IN PERSON,SHIP,"ng, ironic"
29088-3,29088,1059,65,3,35.00,33601.75,0.07,0.02,N,O,1997-09-06,1997-10-15,1997-09-09,TAKE BACK RETURN,MAIL,r the packages. 
29088-4,29088,1708,93,4,39.00,62778.30,0.02,0.07,N,O,1997-10-30,1997-10-03,1997-11-22,TAKE BACK RETURN,REG AIR,efully in pla
29089-1,29089,682,14,1,32.00,50645.76,0.04,0.03,N,O,1997-03-31,1997-04-30,1997-04-26,COLLECT COD,FOB,old packages sleep. regula
29089-2,29089,391,20,2,17.00,21953.63,0.00,0.03,N,O,1997-05-02,1997-04-12,1997-05-04,DELIVER IN PERSON,TRUCK,ly unusual accounts cajole 
29089-3,29089,1921,54,3,43.00,78385.56,0.09,0.05,N,O,1997-03-21,1997-05-13,1997-04-12,NONE,REG AIR,ly express accounts doze. blith
29089-4,29089,1426,5,4,49.00,65043.58,0.00,0.08,N,O,1997-06-15,1997-05-09,1997-06-26,TAKE BACK RETURN,MAIL,ifts cajole slyly. furious
29089-5,29089,536,67,5,10.00,14365.30,0.00,0.08,N,O,1997-05-10,1997-06-02,1997-05-29,COLLECT COD,REG AIR,even accounts.
29089-6,29089,1029,35,6,38.00,35340.76,0.00,0.00,N,O,1997-05-14,1997-04-20,1997-06-11,DELIVER IN PERSON,RAIL,"regular, even f"
29090-1,29090,552,13,1,46.00,66817.30,0.02,0.01,R,F,1992-03-22,1992-02-29,1992-03-23,TAKE BACK RETURN,AIR,n courts haggle s
29090-2,29090,1266,4,2,2.00,2334.52,0.07,0.07,A,F,1992-05-08,1992-03-10,1992-05-18,COLLECT COD,FOB,fily about the fu
29090-3,29090,343,100,3,12.00,14920.08,0.08,0.01,R,F,1992-03-13,1992-03-10,1992-03-23,DELIVER IN PERSON,SHIP,s. regular requests 
29090-4,29090,1147,20,4,17.00,17818.38,0.09,0.02,A,F,1992-04-09,1992-03-16,1992-05-06,NONE,REG AIR,efully pending instructions. furiously sp
29090-5,29090,317,18,5,23.00,27998.13,0.04,0.03,R,F,1992-04-13,1992-04-07,1992-05-05,DELIVER IN PERSON,FOB,"uickly unusual foxes. unusual, re"
29090-6,29090,987,90,6,3.00,5663.94,0.03,0.05,R,F,1992-05-17,1992-03-01,1992-05-21,TAKE BACK RETURN,FOB,lessly special foxes
29090-7,29090,1834,78,7,41.00,71169.03,0.04,0.08,R,F,1992-01-28,1992-04-07,1992-02-19,TAKE BACK RETURN,REG AIR,ly final deposits. carefully ironic pa
29091-1,29091,54,5,1,9.00,8586.45,0.02,0.02,N,O,1996-12-19,1997-01-05,1997-01-04,NONE,MAIL,egular ideas sleep caref
29091-2,29091,1578,19,2,8.00,11836.56,0.05,0.01,N,O,1997-01-29,1997-02-06,1997-02-26,NONE,TRUCK,uctions. quickly pending ideas play q
29091-3,29091,1459,38,3,33.00,44894.85,0.04,0.01,N,O,1996-12-10,1997-02-10,1997-01-09,COLLECT COD,SHIP, ironic instructions beside th
29091-4,29091,55,81,4,30.00,28651.50,0.08,0.00,N,O,1997-03-07,1997-01-20,1997-03-15,NONE,SHIP,n deposits cajole carefully carefully
29092-1,29092,1566,87,1,21.00,30818.76,0.07,0.03,A,F,1994-09-03,1994-09-11,1994-09-13,COLLECT COD,MAIL, against the slyly pending accounts hagg
29092-2,29092,1693,76,2,48.00,76545.12,0.08,0.01,A,F,1994-11-03,1994-09-13,1994-11-24,COLLECT COD,SHIP,r the bold escapad
29092-3,29092,1141,50,3,50.00,52107.00,0.02,0.03,R,F,1994-09-17,1994-10-09,1994-10-11,TAKE BACK RETURN,TRUCK,structions. slyly final instructi
29093-1,29093,1315,16,1,39.00,47436.09,0.04,0.00,N,O,1997-03-07,1996-12-30,1997-03-13,DELIVER IN PERSON,TRUCK,uctions across the quickly p
29093-2,29093,1464,82,2,17.00,23212.82,0.03,0.00,N,O,1997-01-07,1997-01-05,1997-01-10,TAKE BACK RETURN,REG AIR,thely final accounts use carefully. even i
29093-3,29093,112,39,3,5.00,5060.55,0.05,0.04,N,O,1997-01-30,1996-12-24,1997-02-16,TAKE BACK RETURN,MAIL,"deposits use blithely above the bold, final"
29093-4,29093,1400,15,4,18.00,23425.20,0.07,0.04,N,O,1997-01-22,1997-02-05,1997-02-06,COLLECT COD,RAIL, regular requests. brave packages hag
29094-1,29094,1629,53,1,13.00,19898.06,0.10,0.07,N,O,1997-08-09,1997-08-22,1997-08-29,NONE,SHIP, fluffily pending accounts agains
29094-2,29094,229,84,2,34.00,38393.48,0.00,0.00,N,O,1997-11-02,1997-08-12,1997-11-29,DELIVER IN PERSON,MAIL,y. fluffily ironic packages integr
29094-3,29094,1096,67,3,45.00,44869.05,0.00,0.02,N,O,1997-08-28,1997-08-26,1997-09-17,DELIVER IN PERSON,TRUCK,s according to the furiously iron
29095-1,29095,1576,57,1,43.00,63535.51,0.04,0.05,A,F,1995-05-17,1995-06-01,1995-06-13,TAKE BACK RETURN,SHIP, nag blithely across the 
29095-2,29095,1143,80,2,40.00,41765.60,0.00,0.03,N,O,1995-06-20,1995-04-19,1995-07-03,TAKE BACK RETURN,SHIP, escapades thrash close
29095-3,29095,787,88,3,43.00,72574.54,0.08,0.03,A,F,1995-06-08,1995-05-02,1995-06-17,NONE,SHIP,ages nag blithely against th
29095-4,29095,659,60,4,23.00,35871.95,0.02,0.00,R,F,1995-06-09,1995-04-30,1995-06-17,TAKE BACK RETURN,SHIP,s print carefully. furiously final pinto
29095-5,29095,1982,71,5,41.00,77243.18,0.07,0.03,R,F,1995-05-30,1995-04-20,1995-06-08,DELIVER IN PERSON,RAIL, beans cajole
29120-1,29120,764,61,1,43.00,71584.68,0.06,0.08,R,F,1993-08-17,1993-08-04,1993-08-28,COLLECT COD,AIR,usly carefully bold deposits. req
29120-2,29120,98,74,2,39.00,38925.51,0.08,0.08,R,F,1993-07-27,1993-08-06,1993-08-25,NONE,TRUCK,bout the carefully final pearls nag q
29120-3,29120,1426,66,3,25.00,33185.50,0.01,0.06,R,F,1993-06-22,1993-08-05,1993-07-16,NONE,FOB,excuses nag s
29120-4,29120,828,62,4,9.00,15559.38,0.06,0.04,A,F,1993-06-09,1993-06-19,1993-06-30,NONE,AIR,ular pinto beans cajole fluffily car
29120-5,29120,99,25,5,40.00,39963.60,0.01,0.03,A,F,1993-06-12,1993-08-01,1993-06-27,TAKE BACK RETURN,SHIP,e of the pending package
29120-6,29120,1718,45,6,18.00,29154.78,0.00,0.03,R,F,1993-07-19,1993-06-14,1993-08-15,DELIVER IN PERSON,FOB,s cajole slyly enticingly careful
29120-7,29120,1815,2,7,21.00,36053.01,0.07,0.02,A,F,1993-08-28,1993-07-22,1993-09-06,NONE,REG AIR,uses are quickly in place of the unusu
29121-1,29121,307,64,1,36.00,43462.80,0.01,0.04,R,F,1993-04-24,1993-05-15,1993-05-20,COLLECT COD,SHIP,ctions. furiousl
29121-2,29121,698,92,2,19.00,30375.11,0.08,0.01,A,F,1993-06-14,1993-05-25,1993-06-24,TAKE BACK RETURN,SHIP,the bold dolphins wa
29122-1,29122,1671,95,1,2.00,3145.34,0.02,0.05,N,O,1998-05-18,1998-07-06,1998-06-08,TAKE BACK RETURN,MAIL,fluffily. express dependencie
29122-2,29122,135,88,2,36.00,37264.68,0.02,0.05,N,O,1998-06-19,1998-07-01,1998-06-25,TAKE BACK RETURN,MAIL,uriously regul
29122-3,29122,1058,29,3,43.00,41239.15,0.01,0.00,N,O,1998-05-27,1998-07-27,1998-06-04,NONE,AIR,unts nag carefully special ac
29122-4,29122,182,61,4,9.00,9739.62,0.04,0.03,N,O,1998-09-07,1998-06-22,1998-10-07,DELIVER IN PERSON,SHIP,"ions sleep furiously even, ironic deposi"
29122-5,29122,1022,23,5,49.00,45227.98,0.10,0.08,N,O,1998-06-10,1998-06-30,1998-06-27,COLLECT COD,MAIL,posits wake carefully. unusual request
29122-6,29122,1795,38,6,17.00,28845.43,0.02,0.02,N,O,1998-07-27,1998-07-06,1998-08-09,TAKE BACK RETURN,RAIL,the final requests. pending
29123-1,29123,903,72,1,46.00,82979.40,0.10,0.04,N,O,1997-06-10,1997-06-02,1997-07-10,NONE,TRUCK,l platelets. ideas haggle carefu
29123-2,29123,551,52,2,20.00,29031.00,0.04,0.00,N,O,1997-05-02,1997-05-06,1997-05-06,NONE,REG AIR,s nod about the blithely pending deposit
29123-3,29123,100,26,3,19.00,19001.90,0.06,0.02,N,O,1997-04-10,1997-06-08,1997-04-19,COLLECT COD,TRUCK, carefully furiously bold pinto beans. r
29123-4,29123,1187,88,4,25.00,27204.50,0.07,0.08,N,O,1997-04-06,1997-06-15,1997-04-25,TAKE BACK RETURN,RAIL,ross the quickly speci
29124-1,29124,886,53,1,24.00,42885.12,0.09,0.02,A,F,1994-11-20,1994-12-25,1994-12-01,NONE,RAIL,ckages detect quickly between the blit
29125-1,29125,1865,9,1,26.00,45938.36,0.02,0.07,N,O,1997-10-02,1997-09-01,1997-11-01,DELIVER IN PERSON,SHIP,egular instruction
29125-2,29125,483,42,2,12.00,16601.76,0.07,0.05,N,O,1997-09-02,1997-09-19,1997-09-25,DELIVER IN PERSON,MAIL,uctions snooze slyly after the
29126-1,29126,16,67,1,26.00,23816.26,0.03,0.02,N,O,1995-09-28,1995-09-02,1995-10-28,NONE,FOB,ts use above the closely b
29126-2,29126,806,73,2,26.00,44376.80,0.00,0.01,N,O,1995-09-06,1995-08-24,1995-09-12,DELIVER IN PERSON,REG AIR,iously according 
29126-3,29126,590,21,3,6.00,8943.54,0.01,0.07,N,O,1995-10-05,1995-09-13,1995-10-29,COLLECT COD,FOB,"d, final excuse"
29126-4,29126,795,92,4,25.00,42394.75,0.07,0.01,N,O,1995-10-01,1995-09-02,1995-10-29,TAKE BACK RETURN,AIR, ideas cajole carefully slyly fina
29127-1,29127,91,92,1,34.00,33697.06,0.10,0.03,A,F,1994-07-01,1994-06-01,1994-07-20,TAKE BACK RETURN,TRUCK,quests integrate furiously final deposi
29127-2,29127,1873,60,2,34.00,60345.58,0.03,0.01,R,F,1994-04-15,1994-06-06,1994-04-22,NONE,TRUCK,ests. slyly 
29127-3,29127,188,89,3,6.00,6529.08,0.07,0.00,A,F,1994-07-31,1994-05-20,1994-08-14,COLLECT COD,TRUCK,e of the sl
29127-4,29127,1338,53,4,30.00,37179.90,0.04,0.06,A,F,1994-07-14,1994-05-28,1994-08-10,DELIVER IN PERSON,REG AIR,y slow packages u
29152-1,29152,156,9,1,23.00,24291.45,0.01,0.02,N,O,1995-08-18,1995-09-02,1995-09-05,COLLECT COD,AIR,lyly special excuses dete
29152-2,29152,1119,28,2,6.00,6120.66,0.10,0.08,N,O,1995-08-26,1995-08-30,1995-09-09,DELIVER IN PERSON,AIR,"impress fluffily even, busy excus"
29152-3,29152,636,99,3,37.00,56855.31,0.01,0.03,N,O,1995-09-12,1995-09-16,1995-09-25,NONE,RAIL,ackages. slyly ironic ideas nag bl
29152-4,29152,1014,20,4,24.00,21960.24,0.06,0.05,N,O,1995-08-26,1995-09-20,1995-09-06,TAKE BACK RETURN,TRUCK,ntegrate blithely pending 
29152-5,29152,995,96,5,14.00,26543.86,0.02,0.06,N,O,1995-08-23,1995-09-22,1995-09-09,TAKE BACK RETURN,SHIP,y even deposits 
29152-6,29152,1865,9,6,38.00,67140.68,0.02,0.03,N,O,1995-11-01,1995-08-31,1995-11-23,COLLECT COD,AIR,"ly even, even deposi"
29153-1,29153,1421,100,1,31.00,40995.02,0.01,0.02,N,O,1996-06-15,1996-07-25,1996-06-21,COLLECT COD,REG AIR,are furiously furious deposits. c
29153-2,29153,77,78,2,15.00,14656.05,0.09,0.04,N,O,1996-06-29,1996-07-26,1996-07-23,DELIVER IN PERSON,RAIL,ke according to the qui
29153-3,29153,520,81,3,42.00,59661.84,0.00,0.04,N,O,1996-08-27,1996-06-24,1996-09-22,DELIVER IN PERSON,TRUCK,ide of the fluffily fina
29154-1,29154,1996,97,1,47.00,89205.53,0.04,0.00,N,O,1996-12-17,1996-10-28,1996-12-21,DELIVER IN PERSON,RAIL,. quickly final platele
29154-2,29154,1050,51,2,11.00,10461.55,0.00,0.02,N,O,1996-10-09,1996-10-31,1996-11-08,COLLECT COD,MAIL,carefully even foxes doubt furiously. slyly
29154-3,29154,1101,2,3,25.00,25052.50,0.02,0.05,N,O,1997-01-18,1996-12-10,1997-02-11,COLLECT COD,AIR,out the blithely 
29154-4,29154,631,25,4,50.00,76581.50,0.08,0.08,N,O,1996-10-02,1996-12-22,1996-10-04,DELIVER IN PERSON,TRUCK, wake slyly slyly furiou
29154-5,29154,1200,9,5,46.00,50655.20,0.08,0.01,N,O,1996-10-12,1996-11-21,1996-10-18,NONE,AIR,hely pending 
29154-6,29154,663,57,6,23.00,35964.18,0.02,0.01,N,O,1996-11-12,1996-11-20,1996-12-03,NONE,SHIP,hily regular foxes. furiously regular exc
29155-1,29155,1321,22,1,2.00,2444.64,0.02,0.06,A,F,1994-10-27,1994-12-11,1994-11-02,TAKE BACK RETURN,REG AIR,wake quickly blithely silent 
29155-2,29155,510,1,2,24.00,33852.24,0.02,0.04,A,F,1994-10-08,1994-12-17,1994-11-07,DELIVER IN PERSON,MAIL,efully regular pinto beans. the
29155-3,29155,1718,45,3,37.00,59929.27,0.02,0.03,R,F,1994-12-20,1994-11-26,1994-12-23,COLLECT COD,AIR,refully bold inst
29155-4,29155,1005,76,4,42.00,38052.00,0.00,0.07,R,F,1994-10-17,1994-11-06,1994-11-06,NONE,RAIL, deposits. carefully pending ideas ar
29155-5,29155,1743,70,5,45.00,74013.30,0.00,0.06,A,F,1994-11-18,1994-11-25,1994-12-13,NONE,REG AIR, alongside 
29156-1,29156,1464,82,1,24.00,32771.04,0.03,0.03,R,F,1993-04-29,1993-04-11,1993-05-01,COLLECT COD,REG AIR,ual reques
29156-2,29156,1718,3,2,28.00,45351.88,0.05,0.04,A,F,1993-03-21,1993-04-05,1993-03-28,TAKE BACK RETURN,MAIL,y. carefully regul
29156-3,29156,390,91,3,40.00,51615.60,0.07,0.02,R,F,1993-03-20,1993-05-12,1993-03-22,NONE,SHIP,". pending,"
29156-4,29156,1244,19,4,1.00,1145.24,0.03,0.07,A,F,1993-06-10,1993-05-05,1993-06-11,NONE,MAIL,ross the express theodolite
29157-1,29157,987,90,1,16.00,30207.68,0.09,0.06,N,O,1997-03-16,1997-03-28,1997-04-07,COLLECT COD,RAIL,y packages.
29158-1,29158,293,94,1,42.00,50118.18,0.06,0.02,N,O,1995-10-24,1995-11-21,1995-11-22,NONE,RAIL,instructions wake sly
29158-2,29158,1688,12,2,47.00,74714.96,0.08,0.03,N,O,1995-12-14,1995-11-22,1995-12-28,NONE,REG AIR,of the blithely final 
29158-3,29158,1522,43,3,48.00,68328.96,0.01,0.04,N,O,1996-01-13,1996-01-19,1996-02-10,NONE,AIR, accounts haggle accordi
29158-4,29158,1527,48,4,33.00,47141.16,0.09,0.08,N,O,1995-11-14,1995-12-18,1995-11-29,COLLECT COD,RAIL,latelets. furiously regular theodolites
29158-5,29158,616,10,5,49.00,74313.89,0.06,0.07,N,O,1995-11-29,1996-01-10,1995-12-07,TAKE BACK RETURN,RAIL,o beans dou
29158-6,29158,691,85,6,44.00,70034.36,0.05,0.03,N,O,1995-12-05,1996-01-06,1995-12-14,DELIVER IN PERSON,SHIP,instructions promise. blithel
29158-7,29158,1479,19,7,42.00,57979.74,0.00,0.05,N,O,1995-12-29,1996-01-19,1996-01-08,COLLECT COD,MAIL,ng courts. unusual theodolites boost b
29159-1,29159,1165,2,1,45.00,47977.20,0.09,0.06,N,O,1997-08-25,1997-07-27,1997-09-03,DELIVER IN PERSON,MAIL,e furiously unusual t
29184-1,29184,1223,24,1,25.00,28105.50,0.10,0.01,R,F,1992-09-10,1992-09-17,1992-09-27,DELIVER IN PERSON,SHIP,n packages nag through
29185-1,29185,398,99,1,24.00,31161.36,0.00,0.07,R,F,1993-04-30,1993-03-25,1993-05-15,COLLECT COD,REG AIR,ckages. fur
29185-2,29185,1023,59,2,12.00,11088.24,0.03,0.01,R,F,1993-01-27,1993-03-28,1993-02-26,DELIVER IN PERSON,SHIP,kages are according 
29185-3,29185,1980,13,3,32.00,60223.36,0.01,0.06,A,F,1993-05-03,1993-04-15,1993-05-20,DELIVER IN PERSON,AIR, slyly sometimes special instructions.
29185-4,29185,1501,42,4,22.00,30855.00,0.10,0.06,A,F,1993-03-18,1993-04-06,1993-03-29,NONE,FOB,"aringly. bold, f"
29185-5,29185,1068,39,5,42.00,40700.52,0.05,0.07,A,F,1993-02-11,1993-03-17,1993-03-04,COLLECT COD,TRUCK, slyly regular ins
29185-6,29185,777,74,6,34.00,57044.18,0.00,0.02,A,F,1993-04-05,1993-02-22,1993-04-30,COLLECT COD,TRUCK,yly ironic r
29185-7,29185,742,39,7,4.00,6570.96,0.05,0.02,A,F,1993-02-12,1993-03-21,1993-02-21,TAKE BACK RETURN,REG AIR,"s; final, regular grouches cajole even"
29186-1,29186,664,96,1,37.00,57892.42,0.02,0.01,N,O,1998-06-22,1998-05-14,1998-07-15,COLLECT COD,SHIP,eposits are furiously. furious
29187-1,29187,1930,75,1,33.00,60453.69,0.10,0.02,A,F,1994-09-15,1994-09-21,1994-09-22,NONE,RAIL, accounts. final deposits
29187-2,29187,1497,98,2,33.00,46150.17,0.01,0.05,R,F,1994-11-29,1994-10-02,1994-12-01,NONE,MAIL,st carefully above the u
29187-3,29187,1703,4,3,48.00,77025.60,0.04,0.02,R,F,1994-10-19,1994-09-30,1994-11-13,NONE,TRUCK,mong the unusual requests. carefully 
29187-4,29187,1998,87,4,45.00,85499.55,0.06,0.08,R,F,1994-09-05,1994-10-05,1994-09-16,DELIVER IN PERSON,RAIL,sual accounts cajol
29187-5,29187,1441,20,5,42.00,56382.48,0.06,0.04,R,F,1994-11-07,1994-10-13,1994-11-10,DELIVER IN PERSON,FOB,e bold deposits! fluffily regu
29187-6,29187,704,1,6,12.00,19256.40,0.09,0.01,A,F,1994-09-23,1994-09-25,1994-10-09,TAKE BACK RETURN,TRUCK,d foxes cajole slyly ironic
29187-7,29187,1800,1,7,4.00,6807.20,0.03,0.04,A,F,1994-11-05,1994-09-29,1994-12-02,DELIVER IN PERSON,SHIP,nto beans. furiou
29188-1,29188,80,6,1,16.00,15681.28,0.07,0.00,A,F,1992-08-18,1992-06-15,1992-08-24,NONE,FOB,hely regular 
29188-2,29188,970,71,2,24.00,44903.28,0.05,0.01,R,F,1992-08-13,1992-07-25,1992-09-07,DELIVER IN PERSON,MAIL,. accounts are acros
29189-1,29189,422,23,1,24.00,31738.08,0.03,0.04,R,F,1993-08-21,1993-08-27,1993-09-05,NONE,TRUCK,"pecial, ironic requests. fluffily r"
29190-1,29190,613,14,1,15.00,22704.15,0.04,0.06,N,O,1997-03-28,1997-04-01,1997-04-19,DELIVER IN PERSON,SHIP,ages are quickly about the regular acco
29191-1,29191,706,71,1,42.00,67481.40,0.00,0.00,R,F,1992-10-16,1992-08-31,1992-11-05,COLLECT COD,RAIL,"al attainments. ironic, final asy"
29191-2,29191,633,65,2,37.00,56744.31,0.04,0.08,R,F,1992-08-17,1992-08-10,1992-09-15,DELIVER IN PERSON,SHIP,onic requests detect slyly. furiou
29191-3,29191,381,82,3,36.00,46129.68,0.06,0.01,A,F,1992-08-09,1992-09-07,1992-08-21,COLLECT COD,AIR, blithely unusual packages dete
29191-4,29191,1547,48,4,18.00,26073.72,0.00,0.06,R,F,1992-10-25,1992-09-03,1992-11-12,DELIVER IN PERSON,TRUCK,ly carefully si
29191-5,29191,403,91,5,1.00,1303.40,0.04,0.03,R,F,1992-07-22,1992-08-03,1992-07-25,NONE,SHIP,sits cajole blithe
29191-6,29191,1218,19,6,42.00,47006.82,0.09,0.07,R,F,1992-10-20,1992-09-13,1992-10-21,TAKE BACK RETURN,MAIL, blithely even packages u
29191-7,29191,1603,4,7,47.00,70716.20,0.07,0.02,R,F,1992-08-04,1992-08-27,1992-08-14,DELIVER IN PERSON,FOB,ronic accou
29216-1,29216,972,75,1,27.00,50570.19,0.01,0.02,A,F,1993-04-09,1993-02-21,1993-05-03,TAKE BACK RETURN,FOB,y even pinto beans cajole carefully 
29216-2,29216,1222,60,2,37.00,41559.14,0.05,0.06,R,F,1993-04-08,1993-01-30,1993-04-18,DELIVER IN PERSON,SHIP,eas cajole slyly. 
29216-3,29216,197,76,3,32.00,35110.08,0.00,0.05,R,F,1993-03-15,1993-02-04,1993-03-31,TAKE BACK RETURN,FOB,luffily final
29217-1,29217,1616,99,1,20.00,30352.20,0.09,0.07,N,O,1997-10-21,1997-10-14,1997-11-15,DELIVER IN PERSON,RAIL,quiet packages haggle slyly bold packages.
29217-2,29217,600,1,2,1.00,1500.60,0.03,0.04,N,O,1997-10-19,1997-11-27,1997-10-22,DELIVER IN PERSON,REG AIR,"s. ironic, "
29218-1,29218,1397,74,1,30.00,38951.70,0.01,0.03,A,F,1992-08-10,1992-07-15,1992-08-20,DELIVER IN PERSON,FOB,r the carefully regular requests. quickly
29218-2,29218,1056,92,2,6.00,5742.30,0.06,0.05,A,F,1992-08-24,1992-08-11,1992-09-20,TAKE BACK RETURN,TRUCK,e ruthlessly atop the
29218-3,29218,436,95,3,35.00,46775.05,0.10,0.02,R,F,1992-07-01,1992-08-26,1992-07-26,NONE,RAIL,efully according to the furiously ironic
29218-4,29218,1319,58,4,14.00,17084.34,0.00,0.07,A,F,1992-07-12,1992-08-09,1992-08-02,DELIVER IN PERSON,TRUCK,ven accounts. deposits after the bravely e
29218-5,29218,797,30,5,23.00,39049.17,0.04,0.00,R,F,1992-07-09,1992-07-30,1992-08-06,DELIVER IN PERSON,REG AIR,s. slyly ironic requests cajole blith
29218-6,29218,1187,60,6,27.00,29380.86,0.00,0.07,A,F,1992-07-17,1992-07-06,1992-08-02,COLLECT COD,RAIL,luffily pending instructions. carefully
29218-7,29218,1269,81,7,48.00,56172.48,0.06,0.01,R,F,1992-06-22,1992-07-17,1992-06-27,COLLECT COD,TRUCK,posits nag atop the even p
29219-1,29219,788,89,1,36.00,60796.08,0.05,0.05,R,F,1994-05-13,1994-05-11,1994-05-29,NONE,RAIL,blithely even pinto 
29219-2,29219,1868,55,2,12.00,21238.32,0.05,0.08,R,F,1994-07-28,1994-06-03,1994-08-13,COLLECT COD,RAIL,y-- slyly eve
29219-3,29219,1682,65,3,3.00,4751.04,0.04,0.07,A,F,1994-06-09,1994-05-20,1994-06-21,TAKE BACK RETURN,AIR,st slyly. pending pinto
29219-4,29219,1683,25,4,3.00,4754.04,0.04,0.04,R,F,1994-06-21,1994-05-11,1994-07-18,TAKE BACK RETURN,SHIP,excuses haggle after the slyly final pi
29219-5,29219,626,89,5,36.00,54958.32,0.05,0.00,R,F,1994-07-16,1994-05-23,1994-08-08,NONE,RAIL,. furiously expr
29219-6,29219,419,49,6,17.00,22429.97,0.03,0.08,R,F,1994-04-26,1994-06-26,1994-05-04,NONE,REG AIR, pending requests. sly
29220-1,29220,1912,1,1,35.00,63486.85,0.08,0.06,A,F,1993-02-17,1993-02-21,1993-03-14,COLLECT COD,SHIP," final excuses. ironic, ironic request"
29220-2,29220,1624,48,2,18.00,27461.16,0.04,0.05,R,F,1993-01-28,1993-02-15,1993-02-04,COLLECT COD,TRUCK,c deposits. pending asymptotes are furious
29220-3,29220,1784,69,3,1.00,1685.78,0.05,0.06,R,F,1993-01-04,1993-03-28,1993-02-01,DELIVER IN PERSON,RAIL,bold braids wake furiously against the care
29221-1,29221,1987,76,1,44.00,83115.12,0.10,0.04,A,F,1992-06-04,1992-07-08,1992-06-28,DELIVER IN PERSON,SHIP," requests promise after the regular, "
29222-1,29222,1863,7,1,24.00,42356.64,0.02,0.04,N,O,1998-03-05,1998-03-24,1998-03-31,TAKE BACK RETURN,REG AIR,ckages. fluffily even pinto
29222-2,29222,364,65,2,36.00,45516.96,0.09,0.03,N,O,1998-05-08,1998-03-31,1998-05-25,TAKE BACK RETURN,MAIL,"he special, "
29222-3,29222,841,41,3,42.00,73157.28,0.01,0.03,N,O,1998-02-25,1998-04-19,1998-03-18,DELIVER IN PERSON,MAIL,"cies sleep furiously pending,"
29222-4,29222,983,84,4,21.00,39563.58,0.09,0.00,N,O,1998-05-31,1998-03-30,1998-06-29,NONE,FOB,regular platelets. express depo
29223-1,29223,510,41,1,23.00,32441.73,0.05,0.05,A,F,1992-03-09,1992-02-29,1992-03-21,COLLECT COD,TRUCK,ounts around the slyly eve
29223-2,29223,1089,60,2,44.00,43563.52,0.09,0.04,A,F,1992-04-16,1992-03-22,1992-05-06,COLLECT COD,RAIL,ily final accounts 
29223-3,29223,1237,12,3,22.00,25041.06,0.02,0.08,A,F,1992-05-21,1992-03-08,1992-06-12,DELIVER IN PERSON,AIR,old deposits boost furiously: iro
29223-4,29223,930,31,4,37.00,67744.41,0.10,0.04,A,F,1992-05-02,1992-04-12,1992-05-26,NONE,MAIL,latelets nag caref
29223-5,29223,834,68,5,7.00,12143.81,0.09,0.02,R,F,1992-01-30,1992-03-30,1992-02-28,TAKE BACK RETURN,FOB,"s wake ironic, silent pinto beans-- ironi"
29223-6,29223,440,41,6,39.00,52277.16,0.06,0.02,R,F,1992-03-25,1992-03-24,1992-04-15,NONE,AIR,ful hockey players boost fluf
29248-1,29248,1325,26,1,41.00,50279.12,0.03,0.05,N,O,1998-07-14,1998-05-20,1998-08-06,NONE,MAIL,s integrate about the special foxes. e
29248-2,29248,1140,77,2,12.00,12493.68,0.00,0.05,N,O,1998-04-06,1998-05-03,1998-04-17,DELIVER IN PERSON,TRUCK,slyly. blithely ironic dolphins s
29248-3,29248,604,36,3,40.00,60184.00,0.09,0.05,N,O,1998-05-16,1998-05-08,1998-06-15,NONE,SHIP,regular requests. furiously special p
29248-4,29248,1084,20,4,14.00,13791.12,0.07,0.07,N,O,1998-04-08,1998-05-12,1998-04-21,COLLECT COD,MAIL,n excuses affix flu
29248-5,29248,507,98,5,11.00,15482.50,0.05,0.08,N,O,1998-06-12,1998-05-29,1998-07-07,COLLECT COD,TRUCK,ic dolphins sleep slyly according to the 
29248-6,29248,274,75,6,20.00,23485.40,0.02,0.05,N,O,1998-06-28,1998-05-18,1998-07-01,TAKE BACK RETURN,MAIL,uickly according to the blithely
29248-7,29248,233,88,7,17.00,19264.91,0.01,0.08,N,O,1998-05-10,1998-05-15,1998-06-05,DELIVER IN PERSON,AIR,s across the even asymptotes use i
29249-1,29249,1911,100,1,44.00,79768.04,0.09,0.00,N,O,1995-09-21,1995-08-09,1995-09-25,COLLECT COD,RAIL,uests detect slyly alongside 
29249-2,29249,1258,33,2,20.00,23185.00,0.08,0.08,N,O,1995-09-27,1995-09-04,1995-10-04,DELIVER IN PERSON,RAIL,f the ironic platelets. furiously e
29249-3,29249,519,80,3,22.00,31229.22,0.05,0.06,N,O,1995-08-26,1995-08-03,1995-08-29,DELIVER IN PERSON,RAIL, blithely about the fluffi
29249-4,29249,1274,86,4,10.00,11752.70,0.09,0.08,N,O,1995-10-05,1995-08-25,1995-10-26,COLLECT COD,REG AIR,arefully gifts. furiously pending dolphins 
29249-5,29249,846,47,5,3.00,5240.52,0.00,0.00,N,O,1995-09-05,1995-08-11,1995-09-12,COLLECT COD,MAIL,efully unusu
29249-6,29249,77,78,6,45.00,43968.15,0.03,0.06,N,O,1995-07-12,1995-09-11,1995-08-07,DELIVER IN PERSON,REG AIR, the theodolites use alongside of t
29250-1,29250,233,15,1,47.00,53261.81,0.06,0.08,A,F,1992-07-15,1992-07-28,1992-08-01,COLLECT COD,RAIL,nstructions haggle quickly bold
29250-2,29250,860,27,2,41.00,72195.26,0.09,0.04,R,F,1992-06-23,1992-07-24,1992-07-14,TAKE BACK RETURN,MAIL,thely among the regular instr
29250-3,29250,160,61,3,49.00,51947.84,0.06,0.04,A,F,1992-08-12,1992-06-18,1992-09-09,DELIVER IN PERSON,SHIP,s. carefully specia
29250-4,29250,333,18,4,39.00,48099.87,0.09,0.02,A,F,1992-06-22,1992-07-29,1992-07-02,NONE,SHIP,ng to the slyly r
29250-5,29250,362,47,5,40.00,50494.40,0.05,0.08,A,F,1992-08-26,1992-06-23,1992-09-11,DELIVER IN PERSON,AIR,encies wake across the blithely 
29251-1,29251,968,3,1,16.00,29903.36,0.03,0.05,N,O,1998-09-29,1998-07-27,1998-10-04,COLLECT COD,RAIL,s nag furiously across the foxes. final dep
29252-1,29252,353,10,1,13.00,16293.55,0.00,0.02,A,F,1994-11-19,1994-09-23,1994-12-12,NONE,RAIL,permanently blithely silent re
29252-2,29252,795,96,2,16.00,27132.64,0.10,0.01,R,F,1994-12-04,1994-11-01,1994-12-07,NONE,MAIL,luffily silent requests was. ironic 
29252-3,29252,985,54,3,40.00,75439.20,0.09,0.07,R,F,1994-08-24,1994-10-03,1994-09-06,NONE,REG AIR,nstructions haggle slyly. carefully express
29252-4,29252,926,95,4,47.00,85865.24,0.03,0.08,A,F,1994-09-27,1994-10-05,1994-10-07,NONE,FOB,al instructions sleep 
29252-5,29252,1351,90,5,19.00,23794.65,0.10,0.06,R,F,1994-08-20,1994-10-03,1994-09-06,TAKE BACK RETURN,TRUCK,furiously even deposits. instruction
29252-6,29252,115,16,6,25.00,25377.75,0.09,0.00,R,F,1994-10-09,1994-10-19,1994-11-08,COLLECT COD,AIR,kages. blithely express realms hagg
29253-1,29253,1032,33,1,35.00,32656.05,0.01,0.04,N,O,1997-06-29,1997-07-11,1997-07-15,DELIVER IN PERSON,AIR,lly. slyly quick ideas sleep. quiet
29253-2,29253,148,27,2,16.00,16770.24,0.06,0.02,N,O,1997-05-14,1997-05-28,1997-06-03,COLLECT COD,TRUCK, packages wake carefully among the 
29253-3,29253,1883,70,3,22.00,39267.36,0.10,0.03,N,O,1997-08-11,1997-07-11,1997-08-15,DELIVER IN PERSON,FOB, final instructions wake quickly re
29254-1,29254,1098,99,1,26.00,25976.34,0.07,0.07,N,O,1997-11-08,1997-12-16,1997-11-13,DELIVER IN PERSON,REG AIR,cording to the carefully final instru
29254-2,29254,1434,13,2,7.00,9348.01,0.05,0.06,N,O,1998-01-15,1997-10-20,1998-02-11,NONE,AIR,kages run carefully t
29254-3,29254,543,74,3,26.00,37532.04,0.08,0.08,N,O,1997-12-20,1997-10-30,1997-12-25,COLLECT COD,TRUCK,"after the slow, bold platelets dazzle"
29254-4,29254,1593,14,4,29.00,43343.11,0.04,0.05,N,O,1997-10-20,1997-10-22,1997-11-19,DELIVER IN PERSON,TRUCK,sly above the blithely regular deposits.
29254-5,29254,1701,86,5,19.00,30451.30,0.01,0.06,N,O,1997-12-27,1997-11-25,1998-01-13,DELIVER IN PERSON,AIR, of the slyly ironic dependencies. c
29254-6,29254,345,30,6,13.00,16189.42,0.02,0.00,N,O,1997-10-04,1997-12-02,1997-10-05,DELIVER IN PERSON,MAIL,lly ironic th
29254-7,29254,1769,70,7,21.00,35085.96,0.04,0.02,N,O,1997-10-21,1997-11-03,1997-11-19,TAKE BACK RETURN,TRUCK,eodolites cajole carefully above the 
29255-1,29255,1628,70,1,8.00,12236.96,0.00,0.05,N,O,1996-01-08,1996-02-12,1996-02-01,TAKE BACK RETURN,FOB,haggle along the final theodolite
29255-2,29255,1345,60,2,21.00,26173.14,0.02,0.06,N,O,1996-04-01,1996-02-01,1996-04-13,NONE,AIR, the blithely special platelets. fu
29255-3,29255,1840,84,3,18.00,31353.12,0.05,0.02,N,O,1996-01-14,1996-02-17,1996-02-07,TAKE BACK RETURN,TRUCK,ld warhorses play furiously bold re
29280-1,29280,1468,47,1,2.00,2738.92,0.01,0.00,A,F,1992-04-05,1992-06-10,1992-05-04,DELIVER IN PERSON,AIR,er the packages. furiously 
29280-2,29280,1881,11,2,45.00,80229.60,0.02,0.00,R,F,1992-05-12,1992-05-31,1992-05-25,COLLECT COD,RAIL,ial requests nag carefully against
29280-3,29280,341,70,3,10.00,12413.40,0.06,0.05,A,F,1992-04-28,1992-06-13,1992-05-09,TAKE BACK RETURN,FOB,he slyly unusual requests. bli
29280-4,29280,13,89,4,24.00,21912.24,0.09,0.01,A,F,1992-04-06,1992-06-10,1992-04-21,DELIVER IN PERSON,TRUCK,even packages. silent deposi
29280-5,29280,1351,90,5,33.00,41327.55,0.10,0.03,A,F,1992-07-28,1992-04-30,1992-07-31,DELIVER IN PERSON,RAIL,nts boost. accounts a
29280-6,29280,1266,41,6,28.00,32683.28,0.02,0.05,A,F,1992-04-17,1992-05-24,1992-05-12,TAKE BACK RETURN,RAIL,ages are carefully unusual theo
29281-1,29281,1486,26,1,43.00,59661.64,0.00,0.03,N,O,1998-06-13,1998-06-28,1998-06-19,DELIVER IN PERSON,REG AIR,"furiously. stealthy, express deposits besid"
29282-1,29282,1249,50,1,42.00,48310.08,0.10,0.07,A,F,1993-03-08,1993-02-22,1993-03-22,TAKE BACK RETURN,FOB,ely around the t
29282-2,29282,314,43,2,43.00,52215.33,0.00,0.01,R,F,1992-12-04,1993-01-08,1992-12-24,TAKE BACK RETURN,REG AIR,y pending deposits haggle. furiously fina
29282-3,29282,1198,99,3,49.00,53860.31,0.00,0.06,A,F,1993-01-30,1993-02-11,1993-02-07,COLLECT COD,REG AIR,ounts. furiously
29282-4,29282,1126,99,4,17.00,17461.04,0.00,0.05,R,F,1993-03-22,1993-02-21,1993-04-20,COLLECT COD,RAIL,y the fluffily unu
29282-5,29282,891,91,5,32.00,57340.48,0.03,0.01,R,F,1992-12-04,1993-01-26,1992-12-13,COLLECT COD,MAIL,ar deposits
29283-1,29283,812,46,1,40.00,68512.40,0.09,0.07,N,O,1998-02-23,1998-03-22,1998-02-25,TAKE BACK RETURN,TRUCK,equests. fluffily regular instructions caj
29283-2,29283,1564,45,2,38.00,55691.28,0.06,0.04,N,O,1998-03-29,1998-03-02,1998-04-04,NONE,SHIP,bold packages sublate slyly; fluffi
29283-3,29283,270,71,3,47.00,55002.69,0.10,0.01,N,O,1998-01-26,1998-03-04,1998-02-19,DELIVER IN PERSON,SHIP,nusual forges. regular pinto beans wake bl
29283-4,29283,690,91,4,5.00,7953.45,0.10,0.01,N,O,1998-03-02,1998-03-06,1998-03-12,DELIVER IN PERSON,FOB, about the final deposits. blithely 
29284-1,29284,877,78,1,30.00,53336.10,0.05,0.02,R,F,1994-08-01,1994-06-17,1994-08-16,TAKE BACK RETURN,TRUCK,hily regular packages above the unusu
29284-2,29284,568,29,2,49.00,71959.44,0.06,0.07,R,F,1994-07-18,1994-07-08,1994-08-15,TAKE BACK RETURN,FOB,ing to the qui
29285-1,29285,520,81,1,3.00,4261.56,0.08,0.08,N,O,1997-12-16,1998-01-21,1997-12-17,COLLECT COD,TRUCK,"ake against the express, even accoun"
29285-2,29285,1062,98,2,17.00,16372.02,0.08,0.06,N,O,1998-01-19,1998-02-27,1998-02-01,COLLECT COD,AIR,lent accounts
29285-3,29285,1018,54,3,26.00,23894.26,0.05,0.04,N,O,1998-02-12,1998-02-13,1998-03-07,DELIVER IN PERSON,TRUCK,lar packages nag fluffily across the i
29285-4,29285,731,32,4,37.00,60374.01,0.10,0.01,N,O,1998-03-22,1998-02-07,1998-04-04,COLLECT COD,AIR,the thinly pending deposits. regular
29285-5,29285,433,92,5,25.00,33335.75,0.02,0.01,N,O,1997-12-18,1998-03-11,1998-01-04,DELIVER IN PERSON,MAIL,ully express 
29286-1,29286,825,92,1,17.00,29338.94,0.08,0.08,R,F,1994-09-08,1994-09-25,1994-09-19,TAKE BACK RETURN,RAIL,are alongside 
29287-1,29287,1206,81,1,31.00,34323.20,0.04,0.04,R,F,1994-09-04,1994-08-05,1994-09-20,TAKE BACK RETURN,RAIL,ites engage c
29287-2,29287,1537,38,2,36.00,51787.08,0.00,0.00,A,F,1994-07-22,1994-09-03,1994-08-20,NONE,TRUCK,cial theodolites. requests use blithely. pa
29287-3,29287,662,25,3,20.00,31253.20,0.10,0.07,R,F,1994-08-05,1994-09-25,1994-08-14,DELIVER IN PERSON,AIR,press reque
29287-4,29287,1923,68,4,50.00,91246.00,0.05,0.02,R,F,1994-07-16,1994-08-17,1994-07-29,NONE,TRUCK,ithely unu
29287-5,29287,582,83,5,5.00,7412.90,0.09,0.01,R,F,1994-07-16,1994-08-23,1994-08-09,NONE,MAIL,ake furiously acros
29287-6,29287,1342,43,6,42.00,52220.28,0.02,0.08,R,F,1994-09-21,1994-09-22,1994-10-10,COLLECT COD,REG AIR,icingly regular
29312-1,29312,1231,32,1,3.00,3396.69,0.10,0.02,R,F,1994-12-24,1995-02-01,1995-01-11,NONE,MAIL,ctions may bo
29312-2,29312,5,81,2,8.00,7240.00,0.04,0.06,R,F,1995-03-08,1995-01-12,1995-03-21,DELIVER IN PERSON,SHIP,ending pinto bea
29312-3,29312,596,97,3,41.00,61360.19,0.10,0.03,A,F,1994-12-22,1995-02-27,1994-12-27,COLLECT COD,REG AIR,posits wake 
29313-1,29313,999,68,1,11.00,20899.89,0.02,0.05,N,O,1998-09-04,1998-09-17,1998-10-01,NONE,RAIL,". express, express patterns along the eve"
29313-2,29313,1526,47,2,32.00,45680.64,0.08,0.00,N,O,1998-10-11,1998-07-19,1998-11-10,DELIVER IN PERSON,SHIP,ss platelets boost
29313-3,29313,1771,98,3,25.00,41819.25,0.08,0.01,N,O,1998-08-14,1998-08-23,1998-09-06,NONE,RAIL,ss ideas. caref
29313-4,29313,1355,32,4,12.00,15076.20,0.10,0.07,N,O,1998-08-03,1998-08-09,1998-08-11,NONE,TRUCK,lent instructions. slyly sil
29313-5,29313,964,33,5,21.00,39164.16,0.07,0.02,N,O,1998-07-16,1998-09-13,1998-08-06,TAKE BACK RETURN,MAIL,unts boost sl
29313-6,29313,610,4,6,24.00,36254.64,0.02,0.03,N,O,1998-08-23,1998-09-06,1998-08-28,COLLECT COD,SHIP,ges. busy dependencies cajole. ironic i
29313-7,29313,1852,96,7,42.00,73661.70,0.05,0.07,N,O,1998-08-11,1998-07-26,1998-08-24,TAKE BACK RETURN,REG AIR,round the furiously even pac
29314-1,29314,1859,60,1,20.00,35217.00,0.02,0.02,N,O,1996-04-29,1996-03-18,1996-05-28,DELIVER IN PERSON,AIR,hely. regular accounts wake 
29314-2,29314,928,97,2,48.00,87788.16,0.02,0.08,N,O,1996-04-11,1996-04-08,1996-04-12,COLLECT COD,RAIL,. slyly final deposit
29314-3,29314,168,21,3,44.00,46999.04,0.03,0.02,N,O,1996-03-02,1996-04-25,1996-03-22,NONE,MAIL,ts nag quickly 
29315-1,29315,1877,21,1,19.00,33798.53,0.00,0.01,N,O,1998-09-06,1998-08-26,1998-10-03,COLLECT COD,FOB,uickly above the
29315-2,29315,77,78,2,21.00,20518.47,0.06,0.06,N,O,1998-08-22,1998-08-23,1998-09-05,COLLECT COD,FOB,refully. blithely permanent 
29315-3,29315,236,64,3,14.00,15907.22,0.10,0.06,N,O,1998-08-23,1998-10-03,1998-08-29,COLLECT COD,MAIL,onic pinto beans integr
29316-1,29316,34,60,1,11.00,10274.33,0.02,0.05,N,O,1997-07-14,1997-06-26,1997-07-31,DELIVER IN PERSON,REG AIR,ongside of the furiously special
29316-2,29316,61,37,2,14.00,13454.84,0.01,0.00,N,O,1997-06-24,1997-07-13,1997-07-02,TAKE BACK RETURN,MAIL,en accounts. furiously even accou
29316-3,29316,460,90,3,4.00,5441.84,0.00,0.01,N,O,1997-08-06,1997-07-05,1997-08-11,COLLECT COD,REG AIR,ts about the carefully ironic de
29316-4,29316,1292,30,4,4.00,4773.16,0.02,0.02,N,O,1997-06-23,1997-07-27,1997-07-01,NONE,MAIL, regular accounts. blithely ironic request
29316-5,29316,1413,31,5,1.00,1314.41,0.09,0.00,N,O,1997-06-13,1997-07-26,1997-06-24,DELIVER IN PERSON,AIR,mptotes. slyly regular accounts after the p
29316-6,29316,1512,53,6,38.00,53713.38,0.02,0.01,N,O,1997-08-16,1997-07-23,1997-09-11,DELIVER IN PERSON,FOB, unusual realms about the carefully pe
29316-7,29316,1083,54,7,14.00,13777.12,0.07,0.05,N,O,1997-06-23,1997-07-22,1997-07-18,TAKE BACK RETURN,TRUCK,uriously final d
29317-1,29317,1762,63,1,35.00,58231.60,0.03,0.07,N,O,1995-10-11,1995-11-20,1995-10-17,DELIVER IN PERSON,REG AIR,ffily even packages according t
29317-2,29317,1703,4,2,8.00,12837.60,0.03,0.06,N,O,1996-01-18,1995-11-03,1996-02-04,NONE,SHIP,y silent platelets? blithely bold pin
29317-3,29317,1668,51,3,4.00,6278.64,0.06,0.06,N,O,1995-10-12,1995-11-25,1995-10-29,DELIVER IN PERSON,FOB,the final instruct
29317-4,29317,1788,89,4,48.00,81109.44,0.10,0.06,N,O,1995-12-06,1995-11-14,1995-12-25,COLLECT COD,FOB, will affix fluffily even
29317-5,29317,1884,85,5,11.00,19644.68,0.05,0.04,N,O,1995-11-22,1995-12-21,1995-12-06,COLLECT COD,FOB,s cajole quickly express account
29317-6,29317,216,71,6,50.00,55810.50,0.06,0.08,N,O,1995-10-26,1995-12-15,1995-11-18,COLLECT COD,RAIL, theodolites. fluffily unusua
29318-1,29318,499,58,1,47.00,65776.03,0.05,0.03,N,O,1995-09-15,1995-09-25,1995-10-14,COLLECT COD,RAIL, final depend
29318-2,29318,134,61,2,9.00,9307.17,0.03,0.03,N,O,1995-09-28,1995-08-24,1995-10-18,DELIVER IN PERSON,AIR,long the theodolites. unusual accounts ar
29318-3,29318,1685,9,3,48.00,76160.64,0.08,0.02,N,O,1995-10-04,1995-08-16,1995-10-13,COLLECT COD,TRUCK,"arefully regular, regular "
29319-1,29319,1408,9,1,4.00,5237.60,0.02,0.05,R,F,1994-05-15,1994-02-27,1994-06-02,NONE,MAIL, bold accounts. furiously regular depos
29319-2,29319,1411,29,2,22.00,28873.02,0.04,0.00,R,F,1994-03-17,1994-03-13,1994-03-20,TAKE BACK RETURN,SHIP,lyly. quickly ironic patterns alo
29319-3,29319,25,26,3,16.00,14800.32,0.00,0.04,A,F,1994-05-13,1994-03-07,1994-05-18,NONE,SHIP,ress deposits are. foxes mold carefully sl
29319-4,29319,730,95,4,19.00,30983.87,0.10,0.03,A,F,1994-03-05,1994-04-05,1994-03-12,DELIVER IN PERSON,SHIP,s detect carefully expr
29319-5,29319,694,57,5,4.00,6378.76,0.03,0.07,R,F,1994-05-04,1994-03-19,1994-05-31,NONE,REG AIR,eposits are blithely across the furiously 
29319-6,29319,1229,4,6,29.00,32776.38,0.03,0.07,R,F,1994-03-13,1994-04-25,1994-04-12,NONE,REG AIR,ave deposits. blithely ironic requests 
29319-7,29319,142,69,7,34.00,35432.76,0.01,0.02,A,F,1994-05-19,1994-04-22,1994-06-06,NONE,AIR, the final platelets. regular platelets 
29344-1,29344,1994,27,1,33.00,62567.67,0.05,0.07,N,O,1998-04-29,1998-05-12,1998-05-29,TAKE BACK RETURN,AIR,oost slyly alongside of the blith
29345-1,29345,391,48,1,9.00,11622.51,0.01,0.00,N,O,1997-05-20,1997-03-31,1997-06-13,DELIVER IN PERSON,TRUCK,en multipliers
29345-2,29345,1643,44,2,31.00,47883.84,0.06,0.07,N,O,1997-05-28,1997-04-06,1997-05-30,COLLECT COD,AIR, furiously even somas. furiously expre
29345-3,29345,31,32,3,18.00,16758.54,0.02,0.08,N,O,1997-03-08,1997-03-07,1997-03-25,COLLECT COD,MAIL,"lar, pending dolphins wake furiously bl"
29345-4,29345,1375,76,4,25.00,31909.25,0.01,0.08,N,O,1997-03-20,1997-04-18,1997-04-19,COLLECT COD,RAIL,ecial depen
29345-5,29345,1018,89,5,28.00,25732.28,0.06,0.00,N,O,1997-04-20,1997-04-29,1997-04-28,COLLECT COD,FOB,s kindle furiously unusu
29346-1,29346,232,87,1,33.00,37363.59,0.05,0.00,R,F,1994-12-14,1994-11-07,1995-01-12,TAKE BACK RETURN,AIR, regular e
29346-2,29346,1588,89,2,3.00,4468.74,0.08,0.08,A,F,1994-11-08,1994-09-20,1994-12-04,TAKE BACK RETURN,SHIP,o beans. deposi
29346-3,29346,408,67,3,29.00,37943.60,0.06,0.07,R,F,1994-09-22,1994-09-19,1994-10-15,COLLECT COD,AIR,inal instructions. 
29346-4,29346,576,77,4,35.00,51679.95,0.08,0.07,A,F,1994-08-30,1994-09-25,1994-09-02,COLLECT COD,AIR,he furious
29346-5,29346,810,11,5,28.00,47902.68,0.06,0.03,A,F,1994-08-18,1994-11-10,1994-08-28,NONE,AIR,the carefully express accounts. fluf
29347-1,29347,665,97,1,48.00,75151.68,0.04,0.06,R,F,1992-09-02,1992-10-29,1992-09-15,TAKE BACK RETURN,AIR,pecial dependencies among the final reques
29347-2,29347,550,41,2,29.00,42065.95,0.00,0.03,R,F,1992-12-08,1992-09-20,1992-12-15,NONE,FOB,lly regular accoun
29347-3,29347,385,42,3,1.00,1285.38,0.05,0.03,A,F,1992-09-20,1992-10-11,1992-10-19,TAKE BACK RETURN,SHIP,uests about the quickly s
29347-4,29347,472,73,4,40.00,54898.80,0.04,0.01,A,F,1992-08-23,1992-09-21,1992-09-11,NONE,TRUCK,efully across the 
29347-5,29347,1392,7,5,5.00,6466.95,0.10,0.04,A,F,1992-08-15,1992-10-13,1992-09-11,DELIVER IN PERSON,FOB,y express pa
29347-6,29347,477,36,6,1.00,1377.47,0.09,0.02,A,F,1992-10-11,1992-11-09,1992-11-10,COLLECT COD,AIR, haggle slyly: quickly even accounts after
29347-7,29347,124,3,7,27.00,27651.24,0.07,0.06,R,F,1992-08-20,1992-11-08,1992-08-28,TAKE BACK RETURN,AIR,ial deposits. sl
29348-1,29348,150,77,1,30.00,31504.50,0.01,0.02,N,O,1998-08-13,1998-08-22,1998-08-30,DELIVER IN PERSON,SHIP,silent deposits cajol
29348-2,29348,1464,82,2,42.00,57349.32,0.04,0.01,N,O,1998-06-02,1998-08-17,1998-06-04,NONE,SHIP,otornis. regular theodolites
29348-3,29348,21,47,3,30.00,27630.60,0.08,0.02,N,O,1998-07-18,1998-07-06,1998-08-16,COLLECT COD,MAIL,posits according to the bold instructions
29348-4,29348,18,69,4,34.00,31212.34,0.10,0.02,N,O,1998-07-17,1998-08-28,1998-08-03,TAKE BACK RETURN,MAIL,usly regular dependenci
29348-5,29348,1796,97,5,4.00,6791.16,0.06,0.07,N,O,1998-08-26,1998-08-16,1998-09-12,TAKE BACK RETURN,SHIP,blithely final requests. 
29349-1,29349,1356,95,1,49.00,61610.15,0.08,0.07,A,F,1993-08-07,1993-08-28,1993-08-17,DELIVER IN PERSON,RAIL, wake idly even dinos. depo
29349-2,29349,1231,43,2,8.00,9057.84,0.09,0.00,R,F,1993-06-13,1993-07-25,1993-06-26,COLLECT COD,TRUCK,fix quickly reg
29349-3,29349,159,38,3,17.00,18005.55,0.04,0.03,R,F,1993-07-05,1993-09-06,1993-07-19,NONE,RAIL,sleep carefull
29350-1,29350,1595,76,1,34.00,50884.06,0.02,0.02,R,F,1994-10-23,1994-10-03,1994-11-03,NONE,FOB,even requests. furiously bold ideas haggle
29350-2,29350,1200,73,2,42.00,46250.40,0.05,0.05,R,F,1994-09-12,1994-10-26,1994-09-15,TAKE BACK RETURN,AIR, silent ideas nag alongside of the s
29350-3,29350,1781,8,3,32.00,53848.96,0.10,0.06,R,F,1994-11-18,1994-11-20,1994-11-22,TAKE BACK RETURN,MAIL,sly special courts
29350-4,29350,141,68,4,2.00,2082.28,0.06,0.01,A,F,1994-12-21,1994-10-23,1995-01-13,COLLECT COD,FOB,he quickly express 
29351-1,29351,64,15,1,30.00,28921.80,0.04,0.07,N,O,1995-11-16,1995-12-13,1995-12-11,DELIVER IN PERSON,SHIP,riously ironic packages prin
29376-1,29376,649,12,1,19.00,29443.16,0.06,0.08,A,F,1992-09-29,1992-10-04,1992-10-27,TAKE BACK RETURN,FOB, gifts use boldly silent deposi
29376-2,29376,258,59,2,3.00,3474.75,0.06,0.02,A,F,1992-08-15,1992-09-16,1992-09-02,NONE,AIR, requests. sauternes wake quickly about the
29376-3,29376,924,25,3,49.00,89421.08,0.08,0.02,A,F,1992-09-07,1992-10-13,1992-10-07,NONE,REG AIR,quests integrate quickly instructions. pe
29376-4,29376,1074,10,4,26.00,25351.82,0.00,0.06,A,F,1992-09-21,1992-10-16,1992-10-16,TAKE BACK RETURN,FOB,s wake furiously. instructions shall are
29377-1,29377,1204,16,1,41.00,45313.20,0.03,0.03,N,O,1998-07-20,1998-06-16,1998-07-30,TAKE BACK RETURN,FOB,ges. blithely ex
29378-1,29378,100,26,1,46.00,46004.60,0.04,0.04,N,O,1996-09-24,1996-07-21,1996-10-09,TAKE BACK RETURN,FOB,counts grow furiously? bold courts haggle
29378-2,29378,1063,34,2,42.00,40490.52,0.01,0.04,N,O,1996-07-10,1996-07-28,1996-07-20,TAKE BACK RETURN,MAIL,lar packages after the ca
29378-3,29378,298,80,3,39.00,46733.31,0.06,0.01,N,O,1996-08-18,1996-08-27,1996-08-23,DELIVER IN PERSON,FOB,", even accounts are quickly. "
29378-4,29378,1680,81,4,30.00,47450.40,0.01,0.02,N,O,1996-07-03,1996-08-23,1996-08-01,TAKE BACK RETURN,REG AIR,s wake alongside of the ca
29378-5,29378,1368,69,5,48.00,60929.28,0.09,0.07,N,O,1996-07-18,1996-07-15,1996-07-22,NONE,TRUCK, pending accounts. sp
29378-6,29378,928,63,6,12.00,21947.04,0.06,0.03,N,O,1996-07-27,1996-07-13,1996-08-04,DELIVER IN PERSON,REG AIR, packages across the slyly even
29378-7,29378,1680,63,7,34.00,53777.12,0.01,0.02,N,O,1996-06-14,1996-07-12,1996-06-23,TAKE BACK RETURN,FOB,st the quickly stealthy instru
29379-1,29379,1472,12,1,11.00,15108.17,0.04,0.03,N,O,1996-10-06,1996-11-10,1996-10-31,DELIVER IN PERSON,SHIP,nts wake against the f
29379-2,29379,1566,7,2,42.00,61637.52,0.05,0.01,N,O,1996-12-12,1996-10-31,1996-12-15,DELIVER IN PERSON,MAIL,he special foxes. deposits x-ray qui
29379-3,29379,1114,51,3,36.00,36543.96,0.01,0.01,N,O,1996-12-10,1996-09-28,1997-01-05,DELIVER IN PERSON,FOB,eposits haggle blithely against the quickl
29379-4,29379,1868,55,4,49.00,86723.14,0.06,0.07,N,O,1996-08-26,1996-11-16,1996-08-31,TAKE BACK RETURN,REG AIR,ke. slyly final accounts sleep above th
29379-5,29379,1817,18,5,21.00,36095.01,0.06,0.07,N,O,1996-11-23,1996-11-10,1996-12-03,COLLECT COD,REG AIR, the carefully ironic tithes nod 
29380-1,29380,1401,19,1,28.00,36467.20,0.10,0.06,A,F,1994-07-27,1994-06-03,1994-08-03,COLLECT COD,AIR,ular ideas affix 
29380-2,29380,1499,78,2,22.00,30810.78,0.05,0.02,R,F,1994-05-26,1994-07-17,1994-06-04,TAKE BACK RETURN,MAIL,regular requests cajole b
29380-3,29380,1465,83,3,22.00,30062.12,0.10,0.07,R,F,1994-08-07,1994-06-25,1994-08-30,NONE,MAIL,"onic, regular requ"
29381-1,29381,1016,17,1,46.00,42182.46,0.08,0.02,N,O,1996-11-15,1996-09-28,1996-11-24,TAKE BACK RETURN,MAIL,inal dependencies hind
29381-2,29381,420,50,2,22.00,29049.24,0.09,0.08,N,O,1996-09-15,1996-10-11,1996-10-02,DELIVER IN PERSON,SHIP,ias cajole 
29381-3,29381,367,24,3,27.00,34218.72,0.10,0.08,N,O,1996-11-08,1996-10-23,1996-12-06,TAKE BACK RETURN,REG AIR,ly regular sentiments ar
29381-4,29381,616,10,4,18.00,27298.98,0.08,0.01,N,O,1996-11-16,1996-10-05,1996-11-24,DELIVER IN PERSON,REG AIR,l accounts. carefully unusua
29382-1,29382,359,16,1,15.00,18890.25,0.05,0.00,R,F,1993-12-26,1994-01-16,1994-01-07,TAKE BACK RETURN,MAIL,uickly ironic instruction
29382-2,29382,1149,86,2,20.00,21002.80,0.08,0.00,R,F,1993-12-08,1994-01-02,1994-01-05,NONE,FOB,lar accounts. busily ironic 
29382-3,29382,1608,32,3,12.00,18115.20,0.01,0.08,R,F,1994-03-15,1994-01-22,1994-03-27,NONE,FOB,odolites c
29382-4,29382,225,7,4,11.00,12377.42,0.06,0.02,A,F,1994-02-27,1994-01-05,1994-03-07,DELIVER IN PERSON,RAIL,uickly regular 
29382-5,29382,148,1,5,34.00,35636.76,0.00,0.06,A,F,1994-03-19,1994-01-08,1994-03-22,COLLECT COD,FOB,"he ironic, final accounts boost da"
29382-6,29382,451,10,6,45.00,60815.25,0.01,0.05,R,F,1994-03-15,1994-01-27,1994-04-13,NONE,AIR,fully final packages play among the ironic
29383-1,29383,399,56,1,3.00,3898.17,0.04,0.05,N,O,1995-12-21,1996-01-16,1996-01-06,NONE,RAIL, pinto beans wake across th
29383-2,29383,1362,77,2,17.00,21477.12,0.07,0.07,N,O,1996-01-01,1995-12-25,1996-01-30,COLLECT COD,TRUCK,counts. carefully ironic requests l
29383-3,29383,1040,11,3,31.00,29172.24,0.10,0.00,N,O,1996-02-01,1996-01-05,1996-02-12,TAKE BACK RETURN,REG AIR,aggle. pinto beans haggle acc
29383-4,29383,1308,23,4,32.00,38697.60,0.00,0.08,N,O,1996-01-04,1995-12-20,1996-01-18,TAKE BACK RETURN,TRUCK,c attainments. always regular packa
29383-5,29383,1103,76,5,40.00,40164.00,0.02,0.01,N,O,1995-12-09,1996-01-07,1995-12-31,NONE,FOB,fully final pinto b
29408-1,29408,1786,87,1,40.00,67511.20,0.02,0.08,R,F,1993-08-21,1993-07-26,1993-09-10,COLLECT COD,RAIL,s sleep sl
29408-2,29408,391,76,2,16.00,20662.24,0.03,0.07,A,F,1993-08-21,1993-07-16,1993-09-14,TAKE BACK RETURN,SHIP,ing packages. blithely even requests a
29408-3,29408,318,47,3,15.00,18274.65,0.02,0.02,A,F,1993-08-26,1993-06-22,1993-09-07,DELIVER IN PERSON,FOB,ecial courts about the fluffily regular a
29408-4,29408,94,20,4,44.00,43739.96,0.03,0.03,R,F,1993-06-14,1993-07-04,1993-06-30,COLLECT COD,TRUCK,tructions nag regularly final pa
29409-1,29409,403,4,1,5.00,6517.00,0.01,0.04,A,F,1995-03-11,1995-04-11,1995-03-14,DELIVER IN PERSON,FOB,cross the dugouts. 
29409-2,29409,150,29,2,22.00,23103.30,0.07,0.06,R,F,1995-02-19,1995-03-13,1995-03-01,NONE,SHIP,egular deposits mo
29409-3,29409,645,8,3,35.00,54097.40,0.03,0.04,A,F,1995-01-27,1995-04-10,1995-01-30,COLLECT COD,MAIL,c deposits. carefully bold dolph
29409-4,29409,88,89,4,1.00,988.08,0.01,0.00,A,F,1995-01-21,1995-04-02,1995-02-03,NONE,TRUCK,iously regular package
29410-1,29410,1416,34,1,49.00,64553.09,0.06,0.00,A,F,1994-11-22,1994-11-13,1994-12-01,COLLECT COD,TRUCK,ly unusual foxes. regular accounts haggle.
29410-2,29410,778,79,2,9.00,15108.93,0.03,0.01,A,F,1994-09-29,1994-10-18,1994-10-24,COLLECT COD,MAIL,endencies. carefu
29410-3,29410,582,43,3,21.00,31134.18,0.04,0.03,A,F,1994-09-24,1994-12-01,1994-09-27,COLLECT COD,FOB,al escapades wa
29410-4,29410,1040,41,4,34.00,31995.36,0.04,0.02,R,F,1995-01-03,1994-11-02,1995-01-09,DELIVER IN PERSON,FOB,each at the unusual packages. accounts sl
29411-1,29411,210,65,1,38.00,42187.98,0.04,0.06,A,F,1992-07-31,1992-06-23,1992-08-19,NONE,MAIL,unts sleep along the furiously ironic fo
29411-2,29411,283,84,2,50.00,59164.00,0.08,0.08,R,F,1992-06-23,1992-07-04,1992-07-17,DELIVER IN PERSON,REG AIR,ole carefully bold deposits. carefully regu
29411-3,29411,1284,85,3,36.00,42670.08,0.03,0.04,A,F,1992-05-27,1992-07-04,1992-06-24,COLLECT COD,AIR,. blithely s
29411-4,29411,633,96,4,50.00,76681.50,0.03,0.03,A,F,1992-07-10,1992-06-12,1992-08-05,DELIVER IN PERSON,AIR,ajole quic
29411-5,29411,1900,1,5,8.00,14415.20,0.03,0.08,R,F,1992-05-17,1992-05-08,1992-05-27,NONE,FOB,ress pinto beans mold abo
29411-6,29411,563,94,6,43.00,62933.08,0.09,0.05,A,F,1992-07-02,1992-06-12,1992-07-24,COLLECT COD,SHIP,ular ideas
29411-7,29411,279,7,7,36.00,42453.72,0.05,0.02,R,F,1992-04-24,1992-06-03,1992-05-12,DELIVER IN PERSON,TRUCK,special accounts are expres
29412-1,29412,758,59,1,14.00,23222.50,0.09,0.06,A,F,1992-04-27,1992-02-21,1992-05-25,TAKE BACK RETURN,TRUCK,. evenly special requests
29413-1,29413,607,1,1,46.00,69349.60,0.04,0.07,R,F,1994-06-03,1994-04-14,1994-06-18,DELIVER IN PERSON,SHIP,t the fluffily express depende
29413-2,29413,1371,10,2,46.00,58529.02,0.03,0.01,A,F,1994-02-21,1994-04-29,1994-03-11,DELIVER IN PERSON,FOB,ests. carefully regular 
29413-3,29413,583,84,3,40.00,59343.20,0.05,0.06,A,F,1994-04-14,1994-04-02,1994-05-02,TAKE BACK RETURN,AIR,ckages sleep blithely. ironic pac
29414-1,29414,1627,51,1,18.00,27515.16,0.04,0.02,N,O,1997-11-20,1997-12-02,1997-11-24,DELIVER IN PERSON,SHIP,nto beans after the furiousl
29414-2,29414,528,59,2,7.00,9999.64,0.06,0.08,N,O,1998-01-11,1997-11-07,1998-02-06,DELIVER IN PERSON,MAIL,", express instruction"
29414-3,29414,122,1,3,36.00,36796.32,0.01,0.00,N,O,1997-12-19,1997-11-15,1998-01-12,DELIVER IN PERSON,REG AIR,symptotes hinder care
29414-4,29414,1160,61,4,4.00,4244.64,0.09,0.06,N,O,1997-10-01,1997-12-06,1997-10-24,DELIVER IN PERSON,MAIL,old packages. fluffily unusual accounts nag
29415-1,29415,1102,39,1,6.00,6018.60,0.07,0.01,A,F,1994-08-16,1994-09-27,1994-09-11,COLLECT COD,REG AIR,lets cajole furiously against the bold d
29415-2,29415,183,10,2,4.00,4332.72,0.04,0.07,R,F,1994-09-15,1994-09-15,1994-10-03,DELIVER IN PERSON,FOB,es. slyly even braids 
29440-1,29440,1217,92,1,33.00,36900.93,0.02,0.07,A,F,1993-04-23,1993-06-08,1993-05-19,NONE,SHIP, after the foxes. slyly
29440-2,29440,610,11,2,38.00,57403.18,0.07,0.02,A,F,1993-05-11,1993-06-27,1993-05-18,DELIVER IN PERSON,FOB,breach slyly regular depths. 
29441-1,29441,941,42,1,50.00,92097.00,0.04,0.07,R,F,1992-09-05,1992-11-19,1992-09-25,TAKE BACK RETURN,FOB,"de the express, special accounts. deposits "
29441-2,29441,437,25,2,10.00,13374.30,0.03,0.00,A,F,1992-09-05,1992-11-26,1992-09-22,NONE,SHIP,at blithely. slyly silent acco
29441-3,29441,1060,96,3,14.00,13454.84,0.03,0.06,A,F,1992-10-12,1992-11-29,1992-11-04,NONE,FOB,ly express
29441-4,29441,595,26,4,21.00,31407.39,0.06,0.04,R,F,1992-11-26,1992-11-20,1992-12-07,DELIVER IN PERSON,MAIL,ake alongside of the blithely pending
29441-5,29441,1324,1,5,22.00,26957.04,0.04,0.02,R,F,1992-12-21,1992-11-23,1992-12-27,TAKE BACK RETURN,AIR,sts along the furiously special foxes 
29442-1,29442,904,5,1,29.00,52342.10,0.03,0.07,N,O,1998-04-16,1998-03-17,1998-05-15,NONE,MAIL,e theodolites cajole against the 
29442-2,29442,1602,44,2,11.00,16539.60,0.04,0.03,N,O,1998-06-01,1998-04-15,1998-06-29,NONE,REG AIR,ly final foxes use un
29442-3,29442,199,52,3,14.00,15388.66,0.02,0.04,N,O,1998-02-27,1998-04-17,1998-02-28,TAKE BACK RETURN,RAIL,egular requests boost furiously fina
29443-1,29443,705,2,1,43.00,69045.10,0.02,0.00,R,F,1993-05-14,1993-05-14,1993-06-10,DELIVER IN PERSON,RAIL,", regular requests among the c"
29443-2,29443,526,17,2,47.00,67046.44,0.02,0.05,R,F,1993-05-08,1993-04-17,1993-05-28,COLLECT COD,SHIP,dolites use sometimes against the
29443-3,29443,323,8,3,39.00,47709.48,0.03,0.04,A,F,1993-04-11,1993-03-22,1993-05-05,COLLECT COD,MAIL, unusual deposits! theodol
29443-4,29443,1821,51,4,10.00,17228.20,0.00,0.04,R,F,1993-03-15,1993-05-01,1993-03-27,COLLECT COD,SHIP,"y blithely busy excuses. pending,"
29443-5,29443,744,9,5,17.00,27960.58,0.03,0.06,A,F,1993-03-30,1993-05-11,1993-04-21,DELIVER IN PERSON,AIR,tructions use blithely against the
29443-6,29443,1273,11,6,35.00,41099.45,0.08,0.00,A,F,1993-05-02,1993-05-12,1993-05-31,NONE,MAIL,luffy dolphins. slyly
29443-7,29443,113,14,7,25.00,25327.75,0.08,0.03,R,F,1993-06-09,1993-04-15,1993-06-22,TAKE BACK RETURN,SHIP,inal deposits wake
29444-1,29444,1313,52,1,35.00,42500.85,0.10,0.02,N,O,1996-08-11,1996-09-11,1996-08-16,NONE,SHIP, about the furiously s
29444-2,29444,89,40,2,32.00,31650.56,0.05,0.07,N,O,1996-06-21,1996-08-08,1996-06-26,DELIVER IN PERSON,MAIL,ages wake flu
29444-3,29444,1721,48,3,48.00,77890.56,0.07,0.07,N,O,1996-08-20,1996-08-10,1996-08-27,DELIVER IN PERSON,SHIP,y unusual idea
29444-4,29444,618,19,4,8.00,12148.88,0.05,0.02,N,O,1996-08-09,1996-09-12,1996-08-20,DELIVER IN PERSON,AIR,ly even instruc
29444-5,29444,1804,48,5,20.00,34116.00,0.04,0.02,N,O,1996-09-10,1996-07-30,1996-09-24,NONE,RAIL,uests about
29445-1,29445,1647,30,1,29.00,44910.56,0.09,0.02,A,F,1993-12-17,1993-12-20,1993-12-21,NONE,AIR,"ve the ironic, even "
29446-1,29446,1523,4,1,12.00,17094.24,0.00,0.00,N,O,1996-07-10,1996-06-09,1996-07-31,DELIVER IN PERSON,TRUCK,l accounts. slyly quick request
29446-2,29446,1094,30,2,47.00,46769.23,0.06,0.04,N,O,1996-06-05,1996-06-16,1996-06-21,DELIVER IN PERSON,MAIL,"boost slyly ironic theodolites. bold, bold"
29446-3,29446,78,79,3,15.00,14671.05,0.08,0.04,N,O,1996-07-17,1996-07-26,1996-07-26,DELIVER IN PERSON,TRUCK,s sleep furiously furiou
29446-4,29446,1562,43,4,41.00,60005.96,0.08,0.08,N,O,1996-05-04,1996-07-22,1996-05-29,NONE,MAIL, instructions wake fluffily 
29447-1,29447,1134,35,1,37.00,38299.81,0.03,0.03,N,O,1997-06-08,1997-07-25,1997-06-20,COLLECT COD,AIR,tect. careful
29447-2,29447,1077,13,2,22.00,21517.54,0.02,0.03,N,O,1997-08-12,1997-08-01,1997-08-30,NONE,AIR,c ideas doze above the dolphins. carefu
29447-3,29447,1144,53,3,35.00,36579.90,0.05,0.05,N,O,1997-05-29,1997-07-11,1997-06-04,COLLECT COD,REG AIR,ng to the furiously unus
29447-4,29447,389,74,4,12.00,15472.56,0.07,0.06,N,O,1997-05-23,1997-07-08,1997-06-13,TAKE BACK RETURN,REG AIR,uriously am
29472-1,29472,1853,40,1,25.00,43871.25,0.10,0.02,R,F,1993-05-05,1993-06-10,1993-05-09,NONE,SHIP,c packages solve carefully spe
29473-1,29473,239,67,1,48.00,54683.04,0.10,0.00,R,F,1992-04-17,1992-03-31,1992-05-03,TAKE BACK RETURN,AIR,ven packages. stealthily final 
29473-2,29473,1769,96,2,6.00,10024.56,0.10,0.08,A,F,1992-06-12,1992-04-10,1992-06-14,NONE,SHIP,le furiously. even pac
29473-3,29473,581,82,3,2.00,2963.16,0.10,0.06,A,F,1992-05-28,1992-03-19,1992-06-25,TAKE BACK RETURN,FOB,odolites ag
29473-4,29473,797,94,4,13.00,22071.27,0.03,0.02,A,F,1992-06-09,1992-04-02,1992-06-26,DELIVER IN PERSON,MAIL, deposits sleep never after
29473-5,29473,740,5,5,30.00,49222.20,0.08,0.04,R,F,1992-03-20,1992-05-11,1992-03-25,TAKE BACK RETURN,SHIP, ironic pinto be
29473-6,29473,725,26,6,15.00,24385.80,0.09,0.00,A,F,1992-05-11,1992-04-05,1992-06-06,NONE,MAIL, tithes slee
29473-7,29473,1644,68,7,39.00,60279.96,0.03,0.07,A,F,1992-02-18,1992-04-19,1992-03-02,TAKE BACK RETURN,SHIP,le: blithely idle pinto beans abov
29474-1,29474,563,24,1,41.00,60005.96,0.01,0.05,R,F,1994-05-12,1994-06-03,1994-06-11,NONE,FOB,ironic platelets cajole blithely accordi
29474-2,29474,1945,46,2,13.00,24010.22,0.09,0.05,A,F,1994-04-03,1994-05-14,1994-04-17,DELIVER IN PERSON,MAIL,usual pinto beans cajole acros
29474-3,29474,889,56,3,5.00,8949.40,0.01,0.05,A,F,1994-03-22,1994-06-08,1994-04-04,DELIVER IN PERSON,FOB,rding to the instructions. i
29475-1,29475,270,71,1,30.00,35108.10,0.07,0.03,R,F,1993-04-02,1993-04-02,1993-05-01,DELIVER IN PERSON,REG AIR,"arefully along the regular, p"
29475-2,29475,1928,73,2,16.00,29278.72,0.05,0.00,A,F,1993-03-10,1993-05-06,1993-03-25,COLLECT COD,MAIL,y even dependencies.
29475-3,29475,62,13,3,47.00,45216.82,0.01,0.07,A,F,1993-05-08,1993-04-09,1993-06-04,TAKE BACK RETURN,SHIP,es. foxes engage blithely care
29475-4,29475,636,99,4,27.00,41489.01,0.03,0.07,A,F,1993-05-08,1993-04-05,1993-06-03,NONE,TRUCK,ccounts cajole blithely after the excuses. 
29475-5,29475,1561,42,5,48.00,70202.88,0.04,0.07,R,F,1993-05-30,1993-05-06,1993-06-12,DELIVER IN PERSON,REG AIR, dependencies
29475-6,29475,171,72,6,4.00,4284.68,0.09,0.07,A,F,1993-05-18,1993-05-22,1993-05-23,DELIVER IN PERSON,REG AIR,eans. quickly even platelets h
29475-7,29475,1121,30,7,21.00,21464.52,0.02,0.07,R,F,1993-03-12,1993-04-28,1993-03-31,NONE,REG AIR,ess deposits after the carefully ex
29476-1,29476,1240,41,1,21.00,23966.04,0.09,0.00,N,O,1997-11-05,1997-11-09,1997-11-29,TAKE BACK RETURN,MAIL, unusual deposits. requests ar
29476-2,29476,523,54,2,47.00,66905.44,0.01,0.07,N,O,1997-12-27,1997-12-02,1997-12-30,DELIVER IN PERSON,TRUCK,efully final packages integrate sl
29476-3,29476,1134,7,3,27.00,27948.51,0.02,0.05,N,O,1997-10-23,1997-10-31,1997-11-17,TAKE BACK RETURN,REG AIR,g the slyly ev
29476-4,29476,468,98,4,31.00,42422.26,0.02,0.06,N,O,1997-10-18,1997-11-14,1997-11-16,TAKE BACK RETURN,RAIL, are furiously: excuses boost ironicall
29476-5,29476,1925,58,5,41.00,74903.72,0.04,0.03,N,O,1997-12-27,1997-11-19,1998-01-11,TAKE BACK RETURN,RAIL,doze furiously slyly ironic acco
29476-6,29476,1228,29,6,20.00,22584.40,0.03,0.08,N,O,1997-09-25,1997-11-27,1997-10-14,COLLECT COD,RAIL,asymptotes wake fur
29476-7,29476,705,6,7,35.00,56199.50,0.07,0.07,N,O,1997-11-10,1997-11-26,1997-11-25,TAKE BACK RETURN,MAIL,nooze slyly slyly pending attainment
29477-1,29477,1158,31,1,30.00,31774.50,0.07,0.04,N,O,1998-03-04,1998-02-21,1998-04-03,COLLECT COD,MAIL,"uffily pending accounts. bold, "
29477-2,29477,6,7,2,7.00,6342.00,0.02,0.04,N,O,1998-02-20,1998-03-12,1998-03-17,NONE,RAIL,ross the furi
29477-3,29477,1218,19,3,21.00,23503.41,0.02,0.06,N,O,1998-03-20,1998-03-20,1998-03-22,COLLECT COD,FOB,xes haggle slyly furiously
29477-4,29477,1346,61,4,47.00,58624.98,0.02,0.04,N,O,1998-02-11,1998-02-23,1998-03-06,NONE,SHIP,cial escapades. carefully bold requests caj
29477-5,29477,1065,36,5,8.00,7728.48,0.10,0.05,N,O,1998-03-23,1998-04-15,1998-04-13,NONE,REG AIR,y even packages; quietl
29477-6,29477,1946,91,6,23.00,42502.62,0.08,0.01,N,O,1998-05-17,1998-03-07,1998-06-03,NONE,RAIL,. carefully ironic packages sleep carefu
29477-7,29477,1293,68,7,23.00,27468.67,0.10,0.01,N,O,1998-03-28,1998-03-07,1998-04-04,NONE,MAIL,s cajole s
29478-1,29478,1547,88,1,10.00,14485.40,0.10,0.06,R,F,1993-04-30,1993-07-01,1993-05-01,COLLECT COD,RAIL,"ide of the ironic requests. even, re"
29478-2,29478,241,42,2,45.00,51355.80,0.05,0.03,R,F,1993-07-25,1993-06-22,1993-08-14,COLLECT COD,AIR," ideas after the even, final "
29479-1,29479,386,87,1,49.00,63032.62,0.07,0.07,N,O,1998-01-12,1997-12-14,1998-01-21,COLLECT COD,MAIL,es. fluffily even pinto be
29479-2,29479,516,7,2,44.00,62326.44,0.04,0.07,N,O,1998-01-17,1997-11-28,1998-02-06,NONE,REG AIR,nstructions. regular deposits 
29479-3,29479,1145,54,3,46.00,48122.44,0.04,0.02,N,O,1997-11-12,1997-11-30,1997-11-18,TAKE BACK RETURN,FOB, evenly even reques
29504-1,29504,898,99,1,7.00,12592.23,0.01,0.01,A,F,1993-10-08,1993-12-10,1993-10-25,TAKE BACK RETURN,RAIL,kly final pains sleep slyl
29504-2,29504,1827,71,2,14.00,24203.48,0.10,0.00,A,F,1993-10-10,1993-12-05,1993-10-28,NONE,RAIL,riously daring packages at the daringly 
29504-3,29504,1528,29,3,42.00,60039.84,0.08,0.06,A,F,1993-12-23,1993-12-17,1994-01-19,DELIVER IN PERSON,TRUCK,en deposits 
29504-4,29504,186,65,4,22.00,23895.96,0.04,0.06,A,F,1993-10-31,1993-11-05,1993-11-09,DELIVER IN PERSON,FOB,heodolites. 
29504-5,29504,1019,55,5,36.00,33120.36,0.06,0.07,A,F,1994-01-04,1993-11-24,1994-02-03,DELIVER IN PERSON,RAIL,e carefully after the unusual foxes! unusua
29504-6,29504,752,85,6,34.00,56193.50,0.04,0.07,A,F,1993-12-19,1993-10-28,1994-01-08,TAKE BACK RETURN,SHIP,nic instruction
29504-7,29504,1407,86,7,31.00,40560.40,0.03,0.01,A,F,1993-11-21,1993-12-01,1993-12-13,COLLECT COD,SHIP,lyly sly dependencies; slyly ironic pinto
29505-1,29505,178,5,1,33.00,35579.61,0.08,0.01,A,F,1993-01-25,1993-03-03,1993-01-27,NONE,TRUCK,wake blithely slyly bold accounts; blithel
29505-2,29505,1812,42,2,40.00,68552.40,0.05,0.04,A,F,1993-01-21,1993-03-04,1993-01-23,DELIVER IN PERSON,MAIL,slyly express pinto beans b
29505-3,29505,1236,11,3,42.00,47763.66,0.04,0.08,R,F,1993-04-01,1993-02-17,1993-04-07,TAKE BACK RETURN,REG AIR,the bold excuses. final depen
29505-4,29505,1961,94,4,5.00,9314.80,0.00,0.01,A,F,1993-04-03,1993-03-25,1993-04-12,NONE,FOB,oldly unusual ideas haggle. blithe
29505-5,29505,262,17,5,22.00,25569.72,0.09,0.03,A,F,1993-01-10,1993-02-02,1993-02-03,TAKE BACK RETURN,TRUCK,out the sil
29505-6,29505,655,56,6,34.00,52892.10,0.02,0.02,A,F,1993-03-22,1993-02-14,1993-04-12,NONE,REG AIR,unts. furiously final deposits boos
29506-1,29506,1495,13,1,12.00,16757.88,0.03,0.05,N,O,1995-09-10,1995-09-03,1995-09-30,COLLECT COD,MAIL,"ges across the special, unusu"
29506-2,29506,116,69,2,42.00,42676.62,0.07,0.08,N,O,1995-09-14,1995-07-18,1995-09-19,TAKE BACK RETURN,TRUCK,"n deposits nag? even, final instru"
29506-3,29506,955,58,3,35.00,64958.25,0.10,0.03,N,O,1995-08-27,1995-08-11,1995-09-20,DELIVER IN PERSON,FOB,to beans nag ca
29506-4,29506,355,12,4,7.00,8787.45,0.09,0.04,N,O,1995-08-27,1995-08-30,1995-09-06,DELIVER IN PERSON,REG AIR,ckages cajole permanently e
29506-5,29506,1093,94,5,45.00,44734.05,0.09,0.05,N,O,1995-09-04,1995-08-06,1995-09-16,DELIVER IN PERSON,RAIL,"quests cajole regular, final"
29506-6,29506,1383,98,6,35.00,44953.30,0.07,0.04,N,O,1995-10-14,1995-09-12,1995-11-10,NONE,TRUCK,grate deposits: blithel
29507-1,29507,1186,87,1,1.00,1087.18,0.00,0.03,R,F,1992-04-02,1992-04-24,1992-04-23,TAKE BACK RETURN,AIR,"y ironic excuses wake final, regular requ"
29507-2,29507,462,21,2,18.00,24524.28,0.03,0.06,R,F,1992-03-29,1992-03-23,1992-04-24,COLLECT COD,FOB,gainst the blithely express
29507-3,29507,1439,18,3,6.00,8042.58,0.08,0.07,A,F,1992-05-08,1992-04-25,1992-05-11,DELIVER IN PERSON,MAIL, deposits. express instruc
29507-4,29507,197,24,4,23.00,25235.37,0.02,0.01,A,F,1992-05-03,1992-04-03,1992-05-14,COLLECT COD,SHIP,nstructions boost caref
29507-5,29507,1622,23,5,48.00,73133.76,0.05,0.03,A,F,1992-02-17,1992-03-28,1992-03-02,TAKE BACK RETURN,AIR,ckly sly patterns alongside of the fu
29507-6,29507,548,39,6,20.00,28970.80,0.01,0.05,A,F,1992-04-23,1992-04-10,1992-04-25,TAKE BACK RETURN,REG AIR,s boost furiously furiously final foxe
29508-1,29508,270,98,1,15.00,17554.05,0.10,0.08,R,F,1994-10-01,1994-08-20,1994-10-05,NONE,FOB,to wake always slyly express asymptote
29509-1,29509,1582,3,1,10.00,14835.80,0.09,0.04,N,O,1996-07-01,1996-06-28,1996-07-20,COLLECT COD,RAIL,"ctions. even, spe"
29509-2,29509,1986,75,2,8.00,15103.84,0.01,0.07,N,O,1996-05-05,1996-06-06,1996-05-06,COLLECT COD,REG AIR,ss packages: warhorses sleep fur
29509-3,29509,1188,25,3,32.00,34853.76,0.04,0.05,N,O,1996-06-03,1996-05-24,1996-06-17,NONE,SHIP,"y silent, final requests. fur"
29509-4,29509,1236,48,4,12.00,13646.76,0.02,0.00,N,O,1996-07-28,1996-05-31,1996-08-26,TAKE BACK RETURN,AIR, the carefully even pinto beans.
29510-1,29510,644,7,1,5.00,7723.20,0.00,0.08,R,F,1995-05-25,1995-06-12,1995-06-07,COLLECT COD,TRUCK,ns. carefully even accounts
29510-2,29510,1975,20,2,4.00,7507.88,0.01,0.05,N,O,1995-06-28,1995-07-04,1995-07-21,DELIVER IN PERSON,FOB,furiously silent ideas use caref
29511-1,29511,1951,84,1,16.00,29647.20,0.10,0.00,R,F,1995-05-23,1995-06-25,1995-06-17,TAKE BACK RETURN,SHIP,detect carefull
29511-2,29511,1866,96,2,13.00,22982.18,0.02,0.02,A,F,1995-04-15,1995-06-23,1995-04-17,TAKE BACK RETURN,FOB, slyly ironic requests haggle
29536-1,29536,452,11,1,16.00,21639.20,0.07,0.08,R,F,1992-10-18,1992-10-24,1992-11-04,TAKE BACK RETURN,AIR,ly. furiously ironic accou
29536-2,29536,533,94,2,18.00,25803.54,0.04,0.00,A,F,1992-11-29,1992-11-17,1992-12-24,NONE,RAIL,"n accounts above the final, even noto"
29536-3,29536,1102,3,3,19.00,19058.90,0.02,0.00,A,F,1992-12-24,1992-10-12,1993-01-23,DELIVER IN PERSON,SHIP,are slyly a
29536-4,29536,416,17,4,46.00,60554.86,0.09,0.00,A,F,1992-11-18,1992-12-03,1992-12-14,DELIVER IN PERSON,TRUCK," ironic, daring depos"
29536-5,29536,1407,25,5,35.00,45794.00,0.08,0.00,A,F,1992-11-09,1992-10-12,1992-12-06,COLLECT COD,RAIL,ounts boost. furiously pen
29536-6,29536,1095,31,6,8.00,7968.72,0.05,0.07,A,F,1992-12-31,1992-11-21,1993-01-29,NONE,MAIL,uffily blithely final package
29536-7,29536,1864,51,7,28.00,49444.08,0.08,0.00,R,F,1992-12-05,1992-10-11,1992-12-10,NONE,AIR,ular deposits print quickly. furiously f
29537-1,29537,732,97,1,28.00,45716.44,0.08,0.03,A,F,1992-11-06,1992-11-13,1992-11-29,NONE,AIR,ly final accounts haggle along the blithel
29537-2,29537,264,46,2,42.00,48898.92,0.06,0.07,R,F,1992-12-31,1992-12-13,1993-01-26,NONE,RAIL,ress theodolites
29537-3,29537,910,13,3,1.00,1810.91,0.02,0.03,R,F,1993-01-19,1992-12-16,1993-02-15,DELIVER IN PERSON,SHIP,structions. dependenci
29537-4,29537,1088,24,4,38.00,37585.04,0.01,0.08,A,F,1992-12-31,1992-10-21,1993-01-27,DELIVER IN PERSON,REG AIR,ions sleep carefull
29537-5,29537,929,98,5,11.00,20129.12,0.10,0.06,R,F,1992-12-12,1992-11-17,1992-12-26,NONE,SHIP,posits after the
29537-6,29537,772,69,6,13.00,21746.01,0.00,0.05,A,F,1992-10-22,1992-11-10,1992-11-01,NONE,SHIP,ndle slyly again
29537-7,29537,984,85,7,33.00,62204.34,0.01,0.08,R,F,1992-12-10,1992-12-08,1992-12-14,NONE,MAIL,ully among the special deposits.
29538-1,29538,1968,69,1,12.00,22439.52,0.03,0.06,R,F,1995-03-21,1995-02-15,1995-04-03,TAKE BACK RETURN,TRUCK,sts. pending de
29539-1,29539,303,32,1,47.00,56555.10,0.06,0.03,N,O,1995-07-24,1995-06-01,1995-08-11,COLLECT COD,FOB,. excuses 
29539-2,29539,1747,48,2,20.00,32974.80,0.00,0.04,N,O,1995-08-09,1995-07-17,1995-08-13,COLLECT COD,RAIL,ggle carefully furiously ironic f
29539-3,29539,1385,24,3,7.00,9004.66,0.05,0.06,N,O,1995-08-15,1995-06-09,1995-08-30,NONE,AIR,he slyly bold pack
29540-1,29540,1937,82,1,36.00,66201.48,0.04,0.05,N,O,1997-10-04,1997-09-27,1997-10-12,DELIVER IN PERSON,REG AIR,ly after the e
29540-2,29540,1768,69,2,14.00,23376.64,0.08,0.06,N,O,1997-07-28,1997-09-05,1997-07-29,DELIVER IN PERSON,FOB,ers. theodolites are carefully dolphi
29540-3,29540,1803,33,3,35.00,59668.00,0.01,0.03,N,O,1997-10-12,1997-08-21,1997-11-02,DELIVER IN PERSON,SHIP,kages. thin requests boost always e
29540-4,29540,587,48,4,29.00,43139.82,0.05,0.05,N,O,1997-07-29,1997-09-28,1997-08-20,COLLECT COD,MAIL," regular, ironic excuses. carefully even th"
29540-5,29540,1898,99,5,34.00,61196.26,0.00,0.05,N,O,1997-07-30,1997-09-21,1997-08-19,DELIVER IN PERSON,TRUCK,ts sleep furiously! carefully unusual 
29540-6,29540,208,9,6,36.00,39895.20,0.02,0.08,N,O,1997-08-13,1997-10-02,1997-08-24,NONE,FOB,yly unusual platelets. carefully even pint
29541-1,29541,1368,69,1,47.00,59659.92,0.04,0.07,R,F,1994-08-16,1994-10-12,1994-09-02,DELIVER IN PERSON,RAIL,onic platel
29542-1,29542,107,86,1,48.00,48340.80,0.01,0.06,N,O,1998-05-07,1998-05-12,1998-05-23,DELIVER IN PERSON,AIR,fully regular ideas along the slyly ev
29542-2,29542,566,57,2,27.00,39597.12,0.03,0.08,N,O,1998-04-15,1998-04-16,1998-04-16,DELIVER IN PERSON,REG AIR, the caref
29542-3,29542,250,32,3,48.00,55212.00,0.05,0.08,N,O,1998-07-14,1998-06-07,1998-07-30,NONE,FOB,ts doze. slyly regular
29542-4,29542,600,61,4,34.00,51020.40,0.10,0.07,N,O,1998-05-03,1998-05-02,1998-05-14,COLLECT COD,REG AIR,"ully even, regular accounts"
29542-5,29542,970,73,5,33.00,61742.01,0.08,0.08,N,O,1998-04-22,1998-05-07,1998-04-24,TAKE BACK RETURN,REG AIR,ccounts. regular accounts u
29542-6,29542,1216,54,6,27.00,30164.67,0.02,0.08,N,O,1998-06-22,1998-05-08,1998-06-29,NONE,MAIL,sely. furiously 
29543-1,29543,255,37,1,22.00,25415.50,0.10,0.04,N,O,1997-02-24,1997-04-09,1997-02-26,TAKE BACK RETURN,SHIP,s through the blithely
29543-2,29543,993,94,2,20.00,37879.80,0.00,0.04,N,O,1997-05-20,1997-05-05,1997-06-08,COLLECT COD,FOB,oost even 
29543-3,29543,97,48,3,40.00,39883.60,0.06,0.01,N,O,1997-05-05,1997-04-16,1997-05-06,TAKE BACK RETURN,RAIL,haggle idly. furio
29543-4,29543,1067,3,4,11.00,10648.66,0.03,0.02,N,O,1997-05-08,1997-03-13,1997-05-12,NONE,FOB,"s haggle furiously careful, s"
29568-1,29568,701,34,1,11.00,17618.70,0.05,0.05,N,O,1998-03-21,1998-01-24,1998-04-07,COLLECT COD,FOB,ully final dependencies through the unusual
29569-1,29569,1877,78,1,36.00,64039.32,0.07,0.04,N,O,1995-07-28,1995-08-11,1995-08-15,NONE,MAIL,es cajole! bold asymptotes integrate f
29569-2,29569,802,36,2,4.00,6811.20,0.04,0.08,N,O,1995-09-26,1995-08-26,1995-10-14,DELIVER IN PERSON,REG AIR,usual inst
29569-3,29569,657,51,3,20.00,31153.00,0.07,0.03,N,O,1995-08-03,1995-08-12,1995-08-07,TAKE BACK RETURN,SHIP,rts against the furiou
29569-4,29569,1872,16,4,2.00,3547.74,0.05,0.01,N,O,1995-08-26,1995-08-28,1995-08-29,TAKE BACK RETURN,RAIL, doze always. evenl
29569-5,29569,1343,44,5,37.00,46040.58,0.07,0.04,N,O,1995-10-25,1995-08-17,1995-11-12,NONE,RAIL,osits hinder slyly fluf
29569-6,29569,293,48,6,50.00,59664.50,0.05,0.06,N,O,1995-08-03,1995-08-14,1995-08-11,NONE,TRUCK,ly ironic ideas
29569-7,29569,755,52,7,30.00,49672.50,0.05,0.01,N,O,1995-09-15,1995-08-29,1995-09-23,TAKE BACK RETURN,SHIP, theodolites among the sl
29570-1,29570,1473,13,1,40.00,54978.80,0.07,0.00,A,F,1994-11-15,1994-10-29,1994-11-18,COLLECT COD,RAIL,to the furiously regular ac
29570-2,29570,512,3,2,17.00,24012.67,0.08,0.08,R,F,1994-10-26,1994-10-04,1994-10-31,COLLECT COD,FOB,iously against the ruthlessly 
29570-3,29570,1861,91,3,22.00,38782.92,0.05,0.04,A,F,1994-11-17,1994-09-20,1994-12-01,DELIVER IN PERSON,SHIP,lets cajole among the ironi
29571-1,29571,1577,98,1,10.00,14785.70,0.09,0.02,N,O,1996-05-18,1996-06-23,1996-06-14,NONE,SHIP, carefully among the ideas. reque
29571-2,29571,1286,98,2,37.00,43929.36,0.08,0.00,N,O,1996-06-05,1996-06-18,1996-06-21,NONE,AIR,yly. deposits
29571-3,29571,1044,45,3,49.00,46306.96,0.08,0.04,N,O,1996-08-23,1996-06-04,1996-09-20,COLLECT COD,AIR,tructions hinder across the ironic
29571-4,29571,454,84,4,27.00,36570.15,0.04,0.08,N,O,1996-08-25,1996-06-08,1996-08-30,COLLECT COD,REG AIR,eodolites. closely daring pack
29572-1,29572,197,76,1,9.00,9874.71,0.10,0.02,A,F,1993-06-11,1993-08-01,1993-07-04,DELIVER IN PERSON,SHIP,ickly final pinto bea
29572-2,29572,1926,27,2,3.00,5483.76,0.03,0.06,R,F,1993-07-11,1993-08-24,1993-07-26,NONE,REG AIR,riously ironic multipliers wake quick
29572-3,29572,1314,91,3,34.00,41320.54,0.07,0.02,R,F,1993-08-28,1993-07-23,1993-09-06,COLLECT COD,MAIL,uests. pinto beans are furiously silent din
29572-4,29572,1152,89,4,35.00,36860.25,0.09,0.03,R,F,1993-09-07,1993-07-20,1993-09-17,NONE,TRUCK,"inal instructions sublate special, "
29573-1,29573,1972,17,1,44.00,82454.68,0.07,0.08,A,F,1992-03-08,1992-02-28,1992-03-26,TAKE BACK RETURN,TRUCK,accounts. ironic ideas are furiously
29574-1,29574,1157,66,1,6.00,6348.90,0.01,0.00,N,O,1996-08-13,1996-09-05,1996-08-17,NONE,FOB, slyly even d
29574-2,29574,1679,21,2,46.00,72710.82,0.03,0.01,N,O,1996-08-16,1996-09-17,1996-09-12,DELIVER IN PERSON,REG AIR,the blithely pen
29574-3,29574,1496,36,3,5.00,6987.45,0.07,0.05,N,O,1996-07-28,1996-10-05,1996-08-03,COLLECT COD,RAIL,inments. blithely ironic foxes thrash 
29574-4,29574,1206,7,4,26.00,28787.20,0.05,0.04,N,O,1996-09-27,1996-10-09,1996-09-29,COLLECT COD,RAIL, express ideas caj
29575-1,29575,1852,53,1,22.00,38584.70,0.08,0.06,A,F,1992-09-12,1992-07-05,1992-09-23,DELIVER IN PERSON,RAIL,usly ironic somas. slyly bold foxes haggl
29600-1,29600,1907,8,1,1.00,1808.90,0.10,0.08,N,O,1996-03-05,1996-03-21,1996-03-16,NONE,RAIL,luffily. i
29600-2,29600,1908,9,2,34.00,61536.60,0.04,0.02,N,O,1996-01-27,1996-03-29,1996-02-12,DELIVER IN PERSON,RAIL, express requests are fu
29600-3,29600,1370,71,3,1.00,1271.37,0.09,0.03,N,O,1996-04-25,1996-03-13,1996-05-17,COLLECT COD,REG AIR,iet accounts according
29600-4,29600,1482,61,4,22.00,30436.56,0.04,0.04,N,O,1996-03-05,1996-03-01,1996-03-13,NONE,AIR, evenly pending accounts abou
29601-1,29601,302,31,1,16.00,19236.80,0.01,0.07,N,O,1998-06-16,1998-07-26,1998-07-13,TAKE BACK RETURN,REG AIR,fluffily even 
29601-2,29601,937,6,2,29.00,53299.97,0.10,0.04,N,O,1998-07-11,1998-06-29,1998-07-13,TAKE BACK RETURN,FOB,sts. foxes w
29601-3,29601,432,33,3,41.00,54629.63,0.05,0.05,N,O,1998-06-25,1998-07-28,1998-07-20,TAKE BACK RETURN,TRUCK, slyly above the slyl
29601-4,29601,994,29,4,34.00,64429.66,0.00,0.04,N,O,1998-07-29,1998-07-18,1998-07-30,NONE,FOB,quickly ironic id
29601-5,29601,319,20,5,49.00,59746.19,0.04,0.00,N,O,1998-07-19,1998-08-10,1998-07-25,DELIVER IN PERSON,SHIP,"old requests cajole slyly. regular, u"
29601-6,29601,879,13,6,21.00,37377.27,0.08,0.03,N,O,1998-08-15,1998-06-30,1998-09-01,DELIVER IN PERSON,AIR, foxes cajole slyly. blithely special exc
29601-7,29601,647,41,7,45.00,69643.80,0.03,0.07,N,O,1998-08-22,1998-06-22,1998-08-28,COLLECT COD,REG AIR, ironic account
29602-1,29602,1835,22,1,50.00,86841.50,0.08,0.01,N,O,1998-02-17,1998-02-08,1998-03-12,NONE,REG AIR,y even pinto beans wake fluffi
29603-1,29603,1936,37,1,25.00,45948.25,0.08,0.01,N,O,1998-11-09,1998-09-04,1998-11-27,DELIVER IN PERSON,AIR,regular packages sleep. ironic r
29603-2,29603,838,39,2,43.00,74769.69,0.10,0.01,N,O,1998-11-13,1998-10-18,1998-11-16,COLLECT COD,AIR,d carefully above t
29603-3,29603,1507,8,3,34.00,47889.00,0.03,0.06,N,O,1998-08-24,1998-09-05,1998-09-12,NONE,AIR,ets. silent
29603-4,29603,740,37,4,43.00,70551.82,0.08,0.01,N,O,1998-10-31,1998-08-27,1998-11-23,COLLECT COD,SHIP,. carefully pending dep
29603-5,29603,1099,35,5,8.00,8000.72,0.10,0.06,N,O,1998-10-04,1998-10-13,1998-10-22,TAKE BACK RETURN,TRUCK,hely foxes. slyly regular deposits hag
29603-6,29603,1588,9,6,18.00,26812.44,0.07,0.00,N,O,1998-11-20,1998-09-01,1998-12-01,COLLECT COD,MAIL,out the slyly final p
29604-1,29604,1669,11,1,37.00,58114.42,0.03,0.01,R,F,1993-04-15,1993-03-11,1993-05-07,COLLECT COD,RAIL,gle fluffily according t
29604-2,29604,367,52,2,38.00,48159.68,0.07,0.00,A,F,1993-03-23,1993-03-16,1993-04-17,NONE,RAIL,ending somas. silent pinto beans w
29605-1,29605,1705,48,1,38.00,61054.60,0.05,0.01,R,F,1993-05-03,1993-02-05,1993-05-30,COLLECT COD,MAIL,to beans wake. evenly pending requests 
29605-2,29605,1794,37,2,20.00,33915.80,0.02,0.03,A,F,1993-05-05,1993-03-22,1993-05-15,COLLECT COD,TRUCK,xes. special acco
29605-3,29605,1844,45,3,20.00,34916.80,0.07,0.03,A,F,1993-03-27,1993-02-22,1993-04-24,TAKE BACK RETURN,FOB,g the fluffily final excuses. carefully 
29605-4,29605,1775,60,4,5.00,8383.85,0.10,0.06,A,F,1993-02-28,1993-04-06,1993-03-14,DELIVER IN PERSON,SHIP, solve fluffily across the quickl
29606-1,29606,1008,44,1,22.00,19998.00,0.08,0.03,N,O,1998-07-14,1998-07-01,1998-07-16,COLLECT COD,REG AIR,ithely regular frets wake carefully.
29606-2,29606,608,71,2,47.00,70904.20,0.03,0.03,N,O,1998-07-18,1998-06-20,1998-08-09,DELIVER IN PERSON,FOB,riously final foxes. 
29606-3,29606,327,12,3,16.00,19637.12,0.00,0.05,N,O,1998-07-28,1998-06-01,1998-08-13,DELIVER IN PERSON,SHIP,blithely ironic pack
29606-4,29606,1166,3,4,11.00,11738.76,0.05,0.06,N,O,1998-07-15,1998-06-21,1998-08-05,TAKE BACK RETURN,MAIL,ssly final deposits are fur
29607-1,29607,1296,34,1,24.00,28734.96,0.04,0.00,A,F,1992-07-06,1992-04-28,1992-07-12,TAKE BACK RETURN,SHIP,lly final accounts 
29607-2,29607,1604,28,2,30.00,45168.00,0.10,0.05,R,F,1992-04-21,1992-05-23,1992-05-13,NONE,TRUCK,nd the carefully pending
29607-3,29607,156,9,3,35.00,36965.25,0.08,0.01,R,F,1992-04-12,1992-04-26,1992-04-15,TAKE BACK RETURN,RAIL,c waters haggle blith
29607-4,29607,1757,84,4,9.00,14928.75,0.00,0.02,R,F,1992-03-24,1992-04-22,1992-04-09,TAKE BACK RETURN,RAIL,ess requests-- fluf
29632-1,29632,1676,77,1,42.00,66262.14,0.07,0.03,R,F,1993-10-05,1993-11-02,1993-10-13,NONE,TRUCK,sits haggle slyly above the slyly 
29632-2,29632,42,18,2,1.00,942.04,0.08,0.08,R,F,1993-12-03,1993-09-22,1994-01-02,DELIVER IN PERSON,AIR, the ironic asymptotes. even foxes are 
29632-3,29632,1539,80,3,4.00,5762.12,0.10,0.03,R,F,1993-11-01,1993-10-01,1993-11-19,NONE,FOB,are after the instructions. never brav
29633-1,29633,1347,48,1,7.00,8738.38,0.04,0.06,A,F,1994-07-08,1994-09-06,1994-07-30,COLLECT COD,SHIP,tect fluffily-- qu
29633-2,29633,1466,45,2,34.00,46493.64,0.01,0.05,A,F,1994-10-16,1994-09-01,1994-11-01,NONE,MAIL,gular platelets. 
29634-1,29634,1676,59,1,14.00,22087.38,0.04,0.01,A,F,1995-04-04,1995-01-30,1995-04-16,NONE,FOB,"arefully at the regular, "
29634-2,29634,1645,28,2,42.00,64958.88,0.01,0.05,A,F,1995-01-01,1995-01-13,1995-01-16,COLLECT COD,SHIP,lets boost
29634-3,29634,1461,1,3,28.00,38148.88,0.07,0.06,A,F,1995-02-04,1995-02-19,1995-03-02,TAKE BACK RETURN,SHIP,ual instructions cajole carefully acc
29634-4,29634,1529,30,4,47.00,67234.44,0.09,0.04,A,F,1995-03-16,1995-01-05,1995-03-30,COLLECT COD,REG AIR,ajole quickly quickly silent accou
29635-1,29635,992,93,1,19.00,35966.81,0.04,0.08,N,O,1997-10-11,1997-12-11,1997-10-30,DELIVER IN PERSON,SHIP,"ing to the bold, unus"
29635-2,29635,1570,11,2,40.00,58862.80,0.05,0.08,N,O,1998-02-01,1997-12-10,1998-02-06,COLLECT COD,TRUCK, pinto beans. enticingly regular pi
29635-3,29635,1721,64,3,28.00,45436.16,0.10,0.04,N,O,1998-01-26,1997-11-14,1998-02-17,NONE,REG AIR,quickly according to the 
29635-4,29635,470,71,4,46.00,63041.62,0.06,0.05,N,O,1997-10-15,1997-12-09,1997-10-23,NONE,MAIL,fully spec
29635-5,29635,1274,49,5,16.00,18804.32,0.05,0.02,N,O,1997-12-07,1997-12-08,1997-12-15,TAKE BACK RETURN,REG AIR,es. blithely express deposits wake. 
29636-1,29636,1276,77,1,35.00,41204.45,0.07,0.01,A,F,1993-04-24,1993-03-22,1993-05-17,COLLECT COD,MAIL,each ruthlessl
29636-2,29636,1950,95,2,33.00,61114.35,0.03,0.02,R,F,1993-02-03,1993-02-28,1993-02-17,COLLECT COD,REG AIR,ording to the iron
29636-3,29636,183,84,3,8.00,8665.44,0.07,0.05,A,F,1993-02-24,1993-01-29,1993-02-26,NONE,FOB,e express packages 
29636-4,29636,607,8,4,21.00,31659.60,0.01,0.00,A,F,1993-04-24,1993-02-19,1993-05-13,TAKE BACK RETURN,SHIP,al packages ha
29636-5,29636,1617,100,5,43.00,65300.23,0.09,0.01,R,F,1993-02-27,1993-02-01,1993-03-13,NONE,SHIP,s. instructions cajole carefully fluff
29637-1,29637,1563,64,1,19.00,27826.64,0.10,0.08,A,F,1994-09-06,1994-08-23,1994-09-09,NONE,SHIP,are evenly 
29637-2,29637,1691,92,2,39.00,62114.91,0.10,0.00,A,F,1994-08-16,1994-06-29,1994-08-17,NONE,MAIL,ironic platelets sleep above the 
29637-3,29637,1845,89,3,8.00,13974.72,0.06,0.02,A,F,1994-08-04,1994-07-24,1994-08-24,COLLECT COD,REG AIR,kly express requests. furious
29637-4,29637,1685,68,4,9.00,14280.12,0.07,0.01,R,F,1994-08-24,1994-07-31,1994-08-30,TAKE BACK RETURN,SHIP,ly. carefully ironic deposits ag
29637-5,29637,1741,26,5,28.00,45996.72,0.08,0.04,R,F,1994-07-08,1994-07-21,1994-07-23,TAKE BACK RETURN,AIR,"lyly express, even packages. theodol"
29638-1,29638,1515,96,1,12.00,16998.12,0.06,0.05,N,O,1995-11-23,1996-01-14,1995-12-22,DELIVER IN PERSON,AIR,e blithely according to the fur
29638-2,29638,1827,71,2,4.00,6915.28,0.02,0.06,N,O,1996-01-12,1996-01-06,1996-01-18,COLLECT COD,FOB," bold, stealthy id"
29638-3,29638,539,30,3,9.00,12955.77,0.02,0.06,N,O,1995-12-25,1996-01-18,1996-01-01,DELIVER IN PERSON,SHIP,closely furiously final
29638-4,29638,646,40,4,36.00,55679.04,0.05,0.03,N,O,1996-01-17,1995-12-15,1996-01-19,DELIVER IN PERSON,RAIL,ess packages. slyly pending 
29638-5,29638,1224,99,5,21.00,23629.62,0.04,0.06,N,O,1996-01-19,1995-11-29,1996-02-14,TAKE BACK RETURN,TRUCK,sly ironic deposits. carefully regular du
29639-1,29639,1764,91,1,36.00,59967.36,0.04,0.02,N,O,1995-07-04,1995-05-22,1995-08-02,TAKE BACK RETURN,FOB,above the fur
29639-2,29639,1395,96,2,1.00,1296.39,0.07,0.08,N,F,1995-06-12,1995-06-19,1995-06-20,DELIVER IN PERSON,SHIP,against the dugouts mold unusua
29639-3,29639,1631,73,3,41.00,62837.83,0.03,0.03,N,O,1995-07-15,1995-06-16,1995-07-16,DELIVER IN PERSON,REG AIR,"iments are carefully with the bold, silent"
29639-4,29639,1846,76,4,42.00,73409.28,0.02,0.03,N,O,1995-07-28,1995-06-13,1995-08-27,COLLECT COD,MAIL,ut the permanently pending deposits. 
29664-1,29664,1839,26,1,43.00,74855.69,0.00,0.05,N,O,1997-04-14,1997-05-19,1997-04-16,DELIVER IN PERSON,AIR,onic dependencies. 
29664-2,29664,626,89,2,11.00,16792.82,0.01,0.00,N,O,1997-07-08,1997-05-19,1997-07-20,DELIVER IN PERSON,MAIL,ular asymptotes. accounts cajo
29664-3,29664,248,30,3,49.00,56263.76,0.09,0.02,N,O,1997-05-15,1997-05-02,1997-05-23,COLLECT COD,AIR,lly even accounts cajole across the 
29664-4,29664,52,28,4,3.00,2856.15,0.02,0.07,N,O,1997-05-21,1997-06-14,1997-05-26,NONE,MAIL,"d, ironic "
29664-5,29664,1718,45,5,49.00,79365.79,0.00,0.06,N,O,1997-04-20,1997-06-08,1997-05-04,NONE,REG AIR,posits. furiously fina
29665-1,29665,882,83,1,25.00,44572.00,0.00,0.01,N,O,1996-06-25,1996-06-04,1996-07-21,TAKE BACK RETURN,SHIP,xpress bra
29665-2,29665,1673,74,2,39.00,61412.13,0.06,0.05,N,O,1996-05-07,1996-05-05,1996-06-04,TAKE BACK RETURN,REG AIR,e blithely carefully even pinto beans! spec
29665-3,29665,1275,13,3,30.00,35288.10,0.02,0.05,N,O,1996-07-03,1996-05-30,1996-07-27,COLLECT COD,AIR,sts. slyly r
29665-4,29665,938,39,4,7.00,12872.51,0.08,0.03,N,O,1996-05-13,1996-06-01,1996-05-19,COLLECT COD,RAIL,nag alongside of the furiously ironic theod
29666-1,29666,1679,62,1,38.00,60065.46,0.09,0.02,N,O,1996-01-21,1996-02-15,1996-02-19,TAKE BACK RETURN,FOB,"nusual, dogged hock"
29666-2,29666,947,16,2,33.00,60982.02,0.04,0.06,N,O,1996-03-13,1996-02-14,1996-03-14,COLLECT COD,RAIL,the brave a
29666-3,29666,1057,58,3,34.00,32573.70,0.00,0.05,N,O,1996-03-01,1996-02-10,1996-03-07,NONE,TRUCK,lent deposits. blithely ironic p
29666-4,29666,887,88,4,49.00,87606.12,0.00,0.05,N,O,1996-04-24,1996-03-26,1996-05-05,DELIVER IN PERSON,AIR,xpress asymptotes. carefu
29667-1,29667,143,44,1,33.00,34423.62,0.04,0.01,A,F,1994-11-15,1994-10-18,1994-11-30,NONE,RAIL,"ress, regular "
29667-2,29667,1454,72,2,4.00,5421.80,0.08,0.05,R,F,1994-09-21,1994-09-19,1994-09-22,DELIVER IN PERSON,SHIP, even ideas. f
29667-3,29667,395,80,3,39.00,50520.21,0.05,0.05,R,F,1994-10-01,1994-08-25,1994-10-12,COLLECT COD,REG AIR,s integrate blithel
29667-4,29667,699,62,4,13.00,20795.97,0.06,0.06,A,F,1994-10-07,1994-10-20,1994-10-09,COLLECT COD,FOB,"osits. final, final pa"
29667-5,29667,1467,85,5,5.00,6842.30,0.01,0.05,A,F,1994-10-27,1994-08-30,1994-11-06,DELIVER IN PERSON,TRUCK,sly pending acc
29667-6,29667,599,60,6,31.00,46487.29,0.01,0.08,A,F,1994-11-21,1994-09-30,1994-12-03,COLLECT COD,AIR,nts. final 
29668-1,29668,550,51,1,34.00,49318.70,0.03,0.01,N,O,1997-04-10,1997-01-23,1997-04-20,NONE,AIR, silent deposits after the pending depos
29668-2,29668,1385,86,2,26.00,33445.88,0.04,0.04,N,O,1997-01-12,1997-03-21,1997-01-22,TAKE BACK RETURN,FOB,lithely quickly bold decoys. slyly expre
29668-3,29668,1841,28,3,44.00,76684.96,0.05,0.03,N,O,1996-12-27,1997-02-18,1997-01-08,NONE,RAIL,final accounts use even
29668-4,29668,1044,80,4,10.00,9450.40,0.06,0.05,N,O,1997-02-13,1997-03-17,1997-03-05,TAKE BACK RETURN,FOB, accounts cajole furiously along
29668-5,29668,1814,44,5,33.00,56621.73,0.00,0.07,N,O,1997-01-04,1997-01-26,1997-01-19,COLLECT COD,TRUCK,osits wake furiously. quickl
29669-1,29669,212,40,1,23.00,25580.83,0.04,0.07,N,O,1996-05-29,1996-04-12,1996-06-25,NONE,TRUCK,ly alongside of the pend
29669-2,29669,233,15,2,14.00,15865.22,0.05,0.01,N,O,1996-06-11,1996-05-03,1996-06-30,TAKE BACK RETURN,RAIL,ronic dinos. regular requests haggle whit
29670-1,29670,1345,22,1,10.00,12463.40,0.01,0.04,A,F,1994-06-28,1994-05-03,1994-07-13,NONE,SHIP,ckages boost. bravely ironic accounts p
29671-1,29671,1617,18,1,40.00,60744.40,0.00,0.01,A,F,1993-05-31,1993-05-20,1993-06-22,DELIVER IN PERSON,MAIL,arefully among the furiously regul
29671-2,29671,1046,47,2,21.00,19887.84,0.06,0.02,R,F,1993-05-24,1993-04-28,1993-06-20,NONE,MAIL, according to the permanently fin
29671-3,29671,1982,71,3,23.00,43331.54,0.03,0.01,A,F,1993-07-04,1993-04-28,1993-07-09,COLLECT COD,SHIP,"posits snooze above the unusual, bold"
29671-4,29671,1815,2,4,44.00,75539.64,0.02,0.08,R,F,1993-05-13,1993-05-19,1993-06-04,COLLECT COD,SHIP,beans wake slyly. 
29696-1,29696,1881,68,1,15.00,26743.20,0.01,0.07,N,O,1996-08-19,1996-09-29,1996-09-14,COLLECT COD,REG AIR,yly silent requests. excuses across th
29696-2,29696,1535,16,2,40.00,57461.20,0.09,0.00,N,O,1996-08-23,1996-09-04,1996-09-14,DELIVER IN PERSON,TRUCK,ronic deposits integrate furi
29697-1,29697,1800,85,1,8.00,13614.40,0.02,0.03,N,O,1997-04-05,1997-05-20,1997-04-29,TAKE BACK RETURN,TRUCK,slyly express ideas wake blith
29697-2,29697,327,12,2,1.00,1227.32,0.01,0.06,N,O,1997-04-20,1997-04-23,1997-05-12,COLLECT COD,AIR,excuses. blithely even pinto beans det
29697-3,29697,1180,17,3,49.00,52977.82,0.01,0.08,N,O,1997-05-06,1997-05-23,1997-05-30,COLLECT COD,RAIL,y bold gifts. fluf
29698-1,29698,291,73,1,31.00,36929.99,0.09,0.03,N,O,1996-07-15,1996-08-13,1996-08-13,DELIVER IN PERSON,RAIL,latelets wake regular packages. deposits a
29699-1,29699,1578,99,1,13.00,19234.41,0.04,0.02,N,O,1996-05-10,1996-05-20,1996-05-17,COLLECT COD,SHIP,ely. even ideas are around the
29699-2,29699,369,26,2,15.00,19040.40,0.04,0.05,N,O,1996-05-18,1996-04-07,1996-05-28,DELIVER IN PERSON,FOB,t the furiously ironic ideas. car
29699-3,29699,1570,11,3,37.00,54448.09,0.01,0.00,N,O,1996-05-26,1996-03-25,1996-06-09,TAKE BACK RETURN,SHIP,beans throughout the furi
29699-4,29699,330,59,4,25.00,30758.25,0.03,0.02,N,O,1996-03-29,1996-05-06,1996-04-09,TAKE BACK RETURN,RAIL,e blithely regular 
29699-5,29699,865,99,5,21.00,37083.06,0.02,0.04,N,O,1996-03-07,1996-04-08,1996-03-23,NONE,REG AIR,ccording to the theodo
29699-6,29699,1069,70,6,44.00,42682.64,0.08,0.05,N,O,1996-06-15,1996-04-01,1996-06-29,DELIVER IN PERSON,TRUCK, accounts sl
29700-1,29700,1844,45,1,4.00,6983.36,0.00,0.08,A,F,1993-08-03,1993-05-25,1993-08-30,COLLECT COD,FOB,e permanently pending deposits. accou
29700-2,29700,1334,35,2,46.00,56825.18,0.06,0.03,A,F,1993-07-06,1993-06-12,1993-08-02,DELIVER IN PERSON,SHIP, pinto beans boost carefully regular
29700-3,29700,1019,20,3,14.00,12880.14,0.01,0.07,A,F,1993-06-13,1993-05-15,1993-07-13,COLLECT COD,SHIP,quests thra
29701-1,29701,459,18,1,39.00,53018.55,0.03,0.08,N,O,1997-09-22,1997-08-27,1997-09-26,COLLECT COD,MAIL,lites wake carefully around the instru
29702-1,29702,1387,64,1,19.00,24479.22,0.02,0.04,R,F,1994-08-11,1994-07-06,1994-08-12,NONE,MAIL,ly daring packages. silent instructi
29702-2,29702,770,3,2,33.00,55135.41,0.03,0.02,A,F,1994-07-22,1994-05-31,1994-08-01,NONE,MAIL, quickly. carefully express dolphins h
29702-3,29702,1958,47,3,45.00,83697.75,0.02,0.07,R,F,1994-06-03,1994-07-10,1994-07-02,TAKE BACK RETURN,FOB,tructions. expres
29702-4,29702,1013,84,4,33.00,30162.33,0.04,0.07,A,F,1994-08-05,1994-07-20,1994-08-22,TAKE BACK RETURN,MAIL,ending gifts. regular plat
29702-5,29702,144,71,5,49.00,51162.86,0.10,0.00,A,F,1994-08-05,1994-06-26,1994-08-31,DELIVER IN PERSON,SHIP," unusual, final foxes. quickly even pin"
29703-1,29703,1318,19,1,30.00,36579.30,0.08,0.03,N,O,1996-09-11,1996-09-19,1996-10-09,NONE,AIR,he slyly regular f
29703-2,29703,945,80,2,35.00,64607.90,0.03,0.01,N,O,1996-09-05,1996-09-09,1996-10-04,DELIVER IN PERSON,FOB,ow slyly even packages. even depos
29703-3,29703,1346,61,3,16.00,19957.44,0.02,0.01,N,O,1996-07-26,1996-09-19,1996-08-09,DELIVER IN PERSON,SHIP,nstructions cajole. ironic dependencies hag
29703-4,29703,340,25,4,13.00,16124.42,0.07,0.08,N,O,1996-10-19,1996-08-21,1996-11-04,NONE,SHIP,l foxes are around
29728-1,29728,1750,51,1,26.00,42945.50,0.00,0.03,N,O,1998-08-01,1998-07-29,1998-08-17,DELIVER IN PERSON,AIR,efully about the dependencie
29729-1,29729,822,23,1,16.00,27565.12,0.08,0.01,N,O,1996-03-07,1996-04-06,1996-04-04,COLLECT COD,TRUCK,o beans after the slyly bold excuses 
29729-2,29729,177,4,2,2.00,2154.34,0.08,0.01,N,O,1996-04-21,1996-03-30,1996-04-28,TAKE BACK RETURN,REG AIR,he blithely regular packages
29729-3,29729,95,21,3,29.00,28857.61,0.00,0.08,N,O,1996-04-26,1996-03-24,1996-05-26,DELIVER IN PERSON,FOB,l accounts. carefully final a
29729-4,29729,860,27,4,37.00,65151.82,0.06,0.01,N,O,1996-05-05,1996-03-22,1996-05-08,DELIVER IN PERSON,FOB,ncies breach pending ideas. furiously
29729-5,29729,82,58,5,8.00,7856.64,0.04,0.04,N,O,1996-04-27,1996-03-28,1996-05-26,DELIVER IN PERSON,TRUCK,against the slyly express account
29729-6,29729,1985,30,6,6.00,11321.88,0.00,0.00,N,O,1996-05-06,1996-02-23,1996-05-27,TAKE BACK RETURN,AIR,even foxes are among the quietly f
29729-7,29729,1753,54,7,1.00,1654.75,0.10,0.03,N,O,1996-04-06,1996-02-18,1996-04-18,NONE,SHIP,carefully even multipliers. blithely u
29730-1,29730,968,37,1,11.00,20558.56,0.00,0.00,A,F,1993-09-27,1993-09-15,1993-10-06,COLLECT COD,RAIL, doggedly enticing packages. regu
29730-2,29730,1396,73,2,35.00,45408.65,0.04,0.06,R,F,1993-07-21,1993-09-04,1993-07-26,DELIVER IN PERSON,MAIL,efully unusual deposits. fluffily unusual a
29730-3,29730,1120,21,3,10.00,10211.20,0.09,0.00,A,F,1993-07-10,1993-08-14,1993-07-20,NONE,MAIL,usly pending deposi
29730-4,29730,1769,70,4,31.00,51793.56,0.05,0.01,R,F,1993-09-18,1993-08-31,1993-09-24,DELIVER IN PERSON,FOB,. slyly stealthy
29730-5,29730,1134,71,5,45.00,46580.85,0.04,0.03,A,F,1993-08-14,1993-09-06,1993-09-04,NONE,FOB," ironic, final pinto "
29731-1,29731,184,11,1,29.00,31441.22,0.04,0.04,N,O,1995-11-30,1996-01-22,1995-12-24,NONE,TRUCK,s doubt carefully request
29731-2,29731,1793,78,2,22.00,37285.38,0.09,0.03,N,O,1996-01-23,1996-01-30,1996-01-31,TAKE BACK RETURN,FOB,lly unusual 
29731-3,29731,217,72,3,46.00,51391.66,0.05,0.05,N,O,1996-03-13,1996-02-04,1996-04-10,NONE,MAIL,final requests are after the furiously sil
29732-1,29732,995,98,1,50.00,94799.50,0.05,0.00,A,F,1993-02-19,1993-02-07,1993-02-23,NONE,FOB,slyly express packages across 
29732-2,29732,1938,71,2,42.00,77277.06,0.07,0.04,A,F,1993-03-14,1993-01-26,1993-04-04,COLLECT COD,TRUCK,ites. busily ironic
29732-3,29732,1201,39,3,7.00,7715.40,0.03,0.02,A,F,1993-02-20,1993-01-31,1993-02-26,NONE,RAIL, slyly among the a
29732-4,29732,131,10,4,8.00,8249.04,0.07,0.05,A,F,1993-02-25,1993-02-06,1993-03-16,COLLECT COD,AIR,ess dolphins sleep furiousl
29733-1,29733,219,47,1,21.00,23503.41,0.02,0.01,N,O,1996-11-08,1996-11-14,1996-11-21,NONE,REG AIR, haggle about the fluffily pending accounts
29733-2,29733,251,79,2,24.00,27630.00,0.09,0.01,N,O,1996-10-28,1996-11-17,1996-11-27,COLLECT COD,MAIL,nts. fluffily speci
29734-1,29734,1225,63,1,19.00,21398.18,0.06,0.01,N,O,1996-10-25,1996-12-01,1996-11-05,TAKE BACK RETURN,REG AIR, slyly final theo
29734-2,29734,629,61,2,42.00,64244.04,0.02,0.06,N,O,1996-10-05,1996-11-19,1996-10-21,COLLECT COD,TRUCK, express packages. furiously regular 
29735-1,29735,1166,39,1,48.00,51223.68,0.00,0.06,N,O,1996-12-25,1996-11-05,1997-01-15,COLLECT COD,AIR,y-- slyly special deposits ca
29735-2,29735,1598,39,2,2.00,2999.18,0.00,0.08,N,O,1997-01-15,1996-12-08,1997-02-12,TAKE BACK RETURN,AIR,quests across the blithely final packages 
29735-3,29735,342,71,3,8.00,9938.72,0.01,0.00,N,O,1997-01-10,1996-11-28,1997-01-19,NONE,RAIL,st quickly around the silently regu
29735-4,29735,934,35,4,32.00,58717.76,0.01,0.00,N,O,1996-11-09,1996-11-27,1996-11-10,COLLECT COD,AIR, foxes boost carefully packages. ca
29735-5,29735,1789,90,5,9.00,15217.02,0.10,0.04,N,O,1996-10-08,1996-12-23,1996-10-31,COLLECT COD,AIR,e the expre
29760-1,29760,722,19,1,31.00,50304.32,0.08,0.04,N,O,1996-05-20,1996-05-21,1996-05-25,COLLECT COD,AIR,of the requests. pint
29760-2,29760,1623,6,2,23.00,35066.26,0.05,0.07,N,O,1996-04-17,1996-04-07,1996-05-17,NONE,MAIL,ng accounts. fu
29760-3,29760,537,98,3,43.00,61813.79,0.08,0.08,N,O,1996-03-29,1996-05-20,1996-04-14,DELIVER IN PERSON,REG AIR,inal deposits. ca
29760-4,29760,1794,21,4,32.00,54265.28,0.07,0.06,N,O,1996-04-21,1996-05-13,1996-04-29,NONE,TRUCK, boost among the reg
29761-1,29761,552,53,1,15.00,21788.25,0.07,0.02,A,F,1992-09-15,1992-10-02,1992-09-23,TAKE BACK RETURN,RAIL, furiously accoun
29761-2,29761,979,80,2,14.00,26319.58,0.07,0.06,A,F,1992-09-08,1992-09-03,1992-09-19,DELIVER IN PERSON,TRUCK,ts haggle carefully regu
29761-3,29761,1014,50,3,49.00,44835.49,0.05,0.01,A,F,1992-07-09,1992-09-24,1992-07-27,TAKE BACK RETURN,AIR,sts. instructions
29761-4,29761,1504,25,4,3.00,4216.50,0.00,0.00,A,F,1992-09-13,1992-09-25,1992-09-26,TAKE BACK RETURN,AIR, the quietly blithe requests. furious
29761-5,29761,1038,9,5,25.00,23475.75,0.02,0.00,R,F,1992-08-02,1992-09-03,1992-08-22,NONE,FOB,elets. fluffi
29762-1,29762,1794,95,1,39.00,66135.81,0.07,0.04,A,F,1993-09-26,1993-10-05,1993-09-27,DELIVER IN PERSON,RAIL,r deposits across the unu
29762-2,29762,1769,70,2,40.00,66830.40,0.09,0.00,A,F,1993-10-06,1993-10-09,1993-10-07,TAKE BACK RETURN,MAIL,leep carefully doggedly final packages?
29762-3,29762,1916,17,3,37.00,67262.67,0.04,0.08,R,F,1993-10-05,1993-09-24,1993-10-12,TAKE BACK RETURN,REG AIR,s cajole carefully furiously 
29762-4,29762,1726,53,4,30.00,48831.60,0.06,0.05,R,F,1993-11-16,1993-10-25,1993-12-06,NONE,SHIP,edly instead of the 
29762-5,29762,1936,25,5,21.00,38596.53,0.02,0.05,A,F,1993-11-13,1993-10-16,1993-11-19,DELIVER IN PERSON,REG AIR,hinder bli
29763-1,29763,667,30,1,3.00,4702.98,0.04,0.08,N,O,1996-07-27,1996-09-22,1996-08-12,DELIVER IN PERSON,FOB,ully speci
29763-2,29763,958,27,2,5.00,9294.75,0.06,0.00,N,O,1996-09-12,1996-09-10,1996-10-07,COLLECT COD,TRUCK, cajole about the ironic deposi
29764-1,29764,199,52,1,47.00,51661.93,0.07,0.02,A,F,1992-10-07,1992-10-19,1992-11-02,COLLECT COD,TRUCK,instructions. carefully expres
29764-2,29764,403,62,2,3.00,3910.20,0.01,0.04,R,F,1992-08-11,1992-09-23,1992-08-19,DELIVER IN PERSON,MAIL,ironic asymptotes nag furiou
29764-3,29764,1163,64,3,38.00,40438.08,0.10,0.02,R,F,1992-11-21,1992-08-28,1992-12-10,TAKE BACK RETURN,TRUCK,kages doubt carefully. s
29765-1,29765,1708,93,1,21.00,33803.70,0.04,0.01,R,F,1992-09-07,1992-08-23,1992-09-22,COLLECT COD,FOB,. enticingly cl
29765-2,29765,1047,53,2,42.00,39817.68,0.01,0.00,A,F,1992-10-29,1992-08-24,1992-11-24,TAKE BACK RETURN,MAIL,ts. final instructions mold
29765-3,29765,508,69,3,28.00,39438.00,0.03,0.05,R,F,1992-11-02,1992-08-25,1992-12-01,DELIVER IN PERSON,TRUCK,"g, ironic courts. furious dolphins"
29765-4,29765,1807,37,4,11.00,18796.80,0.04,0.08,A,F,1992-08-19,1992-09-01,1992-09-05,DELIVER IN PERSON,FOB,the carefull
29765-5,29765,1487,27,5,13.00,18050.24,0.04,0.06,A,F,1992-08-24,1992-09-09,1992-08-29,TAKE BACK RETURN,FOB,ial accoun
29766-1,29766,988,23,1,42.00,79337.16,0.05,0.03,R,F,1994-06-07,1994-06-12,1994-07-07,COLLECT COD,TRUCK,y special foxes. quickly bold accounts s
29766-2,29766,1881,82,2,16.00,28526.08,0.04,0.01,R,F,1994-04-02,1994-06-03,1994-04-26,NONE,REG AIR,es. final pac
29766-3,29766,276,77,3,12.00,14115.24,0.04,0.00,A,F,1994-03-27,1994-05-24,1994-03-29,TAKE BACK RETURN,REG AIR,"gular, bold dependencies after the sly"
29766-4,29766,940,75,4,33.00,60751.02,0.10,0.05,A,F,1994-07-17,1994-05-17,1994-08-05,DELIVER IN PERSON,SHIP, final deposits sl
29766-5,29766,946,15,5,32.00,59102.08,0.09,0.02,R,F,1994-04-18,1994-06-17,1994-04-22,DELIVER IN PERSON,AIR,refully ironic accounts doze carefully ac
29766-6,29766,1188,89,6,24.00,26140.32,0.00,0.05,R,F,1994-05-27,1994-05-01,1994-06-26,COLLECT COD,RAIL,ully quickly even fo
29767-1,29767,152,5,1,38.00,39981.70,0.05,0.03,R,F,1995-05-08,1995-04-16,1995-06-04,NONE,SHIP, accounts. furiously spec
29767-2,29767,730,27,2,1.00,1630.73,0.06,0.06,A,F,1995-05-25,1995-03-31,1995-06-08,DELIVER IN PERSON,RAIL,s run furiously final
29767-3,29767,1393,32,3,50.00,64719.50,0.03,0.04,R,F,1995-03-22,1995-04-06,1995-03-27,NONE,TRUCK, fluffily even dep
29767-4,29767,1423,63,4,38.00,50327.96,0.00,0.04,A,F,1995-03-27,1995-05-01,1995-04-01,COLLECT COD,RAIL,owly pending ideas. regular 
29767-5,29767,25,51,5,28.00,25900.56,0.09,0.03,R,F,1995-04-16,1995-04-22,1995-05-07,NONE,SHIP,counts across the forge
29767-6,29767,1213,14,6,42.00,46796.82,0.07,0.06,R,F,1995-03-06,1995-03-22,1995-03-07,DELIVER IN PERSON,MAIL,c dolphins sleep slow
29767-7,29767,1242,43,7,8.00,9145.92,0.01,0.06,A,F,1995-03-14,1995-03-31,1995-04-06,DELIVER IN PERSON,FOB,ideas believe quickly regular de
29792-1,29792,22,73,1,18.00,16596.36,0.06,0.03,A,F,1993-06-12,1993-05-01,1993-07-07,TAKE BACK RETURN,MAIL,latelets nag carefully special
29792-2,29792,1375,90,2,50.00,63818.50,0.02,0.08,A,F,1993-04-02,1993-04-09,1993-04-22,TAKE BACK RETURN,REG AIR,totes. foxes about the bl
29792-3,29792,1298,99,3,22.00,26384.38,0.06,0.01,R,F,1993-05-09,1993-04-11,1993-05-27,TAKE BACK RETURN,FOB,s unwind furiously along t
29793-1,29793,1694,95,1,43.00,68614.67,0.05,0.00,N,O,1997-08-17,1997-09-30,1997-09-12,NONE,MAIL,r platelets. silent foxes among the 
29793-2,29793,331,60,2,21.00,25857.93,0.10,0.07,N,O,1997-09-13,1997-10-03,1997-09-25,COLLECT COD,REG AIR,aters after the c
29793-3,29793,799,32,3,50.00,84989.50,0.07,0.06,N,O,1997-11-13,1997-10-06,1997-12-03,TAKE BACK RETURN,MAIL,unusual foxes. never unusual request
29793-4,29793,12,63,4,11.00,10032.11,0.06,0.07,N,O,1997-10-18,1997-11-10,1997-10-19,COLLECT COD,FOB, epitaphs. furiously regular ideas wa
29793-5,29793,1330,45,5,8.00,9850.64,0.03,0.04,N,O,1997-10-29,1997-10-06,1997-11-20,DELIVER IN PERSON,REG AIR,s haggle slyly bol
29793-6,29793,817,84,6,31.00,53252.11,0.10,0.07,N,O,1997-09-01,1997-11-10,1997-09-13,NONE,TRUCK,y deposits. carefully express theodol
29794-1,29794,139,92,1,10.00,10391.30,0.05,0.08,A,F,1994-02-18,1994-03-07,1994-03-13,COLLECT COD,TRUCK," special, ironic packages. pe"
29794-2,29794,957,60,2,13.00,24153.35,0.05,0.00,R,F,1994-02-24,1994-03-13,1994-03-21,DELIVER IN PERSON,RAIL, cajole about
29794-3,29794,1477,17,3,2.00,2756.94,0.05,0.04,R,F,1994-03-03,1994-02-11,1994-03-13,COLLECT COD,AIR," will doubt; ironic, final accounts w"
29795-1,29795,1640,64,1,11.00,16958.04,0.07,0.03,N,O,1996-01-04,1996-02-01,1996-01-10,DELIVER IN PERSON,FOB,he furiously express foxes. 
29795-2,29795,863,63,2,48.00,84665.28,0.07,0.03,N,O,1995-11-27,1996-02-21,1995-11-28,TAKE BACK RETURN,REG AIR,accounts serve carefully ironic p
29796-1,29796,1095,31,1,49.00,48808.41,0.04,0.04,N,O,1998-08-26,1998-07-23,1998-09-05,TAKE BACK RETURN,TRUCK,ld dependencies cajole furiously fo
29796-2,29796,532,63,2,45.00,64463.85,0.00,0.06,N,O,1998-08-03,1998-07-08,1998-08-15,DELIVER IN PERSON,TRUCK," depths haggle carefully final,"
29796-3,29796,997,100,3,7.00,13285.93,0.06,0.03,N,O,1998-08-26,1998-08-01,1998-09-12,TAKE BACK RETURN,MAIL,", pending accounts. blithely even account"
29797-1,29797,1354,31,1,20.00,25107.00,0.00,0.06,R,F,1993-10-20,1993-09-19,1993-11-04,DELIVER IN PERSON,TRUCK,ously against the blithel
29797-2,29797,1803,33,2,49.00,83535.20,0.00,0.08,R,F,1993-09-09,1993-09-20,1993-09-17,NONE,MAIL,fter the final packages. furiously
29797-3,29797,1347,62,3,11.00,13731.74,0.06,0.07,R,F,1993-08-17,1993-08-14,1993-09-02,NONE,TRUCK, carefully. requests amon
29797-4,29797,284,39,4,25.00,29607.00,0.04,0.07,R,F,1993-08-18,1993-08-02,1993-09-12,TAKE BACK RETURN,MAIL,s. furiously regular ideas affix ironic re
29798-1,29798,993,94,1,2.00,3787.98,0.10,0.04,N,O,1996-02-11,1996-04-20,1996-03-10,DELIVER IN PERSON,REG AIR,ously final asymptotes b
29798-2,29798,238,66,2,46.00,52358.58,0.07,0.03,N,O,1996-04-14,1996-03-20,1996-04-16,NONE,FOB,"en, ironic instructions hag"
29798-3,29798,1587,68,3,36.00,53588.88,0.02,0.07,N,O,1996-03-31,1996-04-08,1996-04-26,COLLECT COD,TRUCK,quickly final packages. quic
29798-4,29798,1130,67,4,42.00,43307.46,0.00,0.04,N,O,1996-04-15,1996-03-04,1996-04-28,TAKE BACK RETURN,TRUCK, detect of the quick
29798-5,29798,1739,82,5,39.00,63988.47,0.10,0.06,N,O,1996-03-22,1996-04-26,1996-04-13,DELIVER IN PERSON,FOB,leep carefully deposits; 
29799-1,29799,429,88,1,16.00,21270.72,0.07,0.03,R,F,1994-02-24,1994-04-24,1994-03-24,NONE,MAIL,tithes affi
29799-2,29799,1235,36,2,25.00,28405.75,0.10,0.01,A,F,1994-03-13,1994-03-16,1994-04-12,NONE,MAIL,requests. slyly unu
29799-3,29799,875,9,3,50.00,88793.50,0.01,0.04,A,F,1994-05-25,1994-05-01,1994-06-06,NONE,REG AIR,sts haggle above the furiously fi
29799-4,29799,190,43,4,32.00,34886.08,0.00,0.02,R,F,1994-04-30,1994-03-15,1994-05-17,NONE,REG AIR,among the furiously pending foxes! request
29799-5,29799,507,38,5,25.00,35187.50,0.10,0.05,A,F,1994-02-09,1994-03-09,1994-03-02,COLLECT COD,MAIL, cajole fluffily platelets. da
29799-6,29799,1356,95,6,19.00,23889.65,0.08,0.07,A,F,1994-03-31,1994-03-18,1994-04-26,DELIVER IN PERSON,TRUCK,"eposits sleep. regular, bli"
29824-1,29824,898,98,1,13.00,23385.57,0.04,0.07,A,F,1995-01-16,1995-02-28,1995-02-11,TAKE BACK RETURN,REG AIR,und the special theodolites. slyly
29824-2,29824,1747,90,2,19.00,31326.06,0.07,0.08,R,F,1995-03-23,1995-03-28,1995-04-14,NONE,FOB,mptotes at the slyly i
29825-1,29825,969,4,1,6.00,11219.76,0.01,0.06,A,F,1994-07-15,1994-09-09,1994-08-10,NONE,TRUCK,s the express instructions can cajol
29826-1,29826,1831,61,1,41.00,71046.03,0.09,0.01,R,F,1995-01-17,1994-11-19,1995-01-18,COLLECT COD,MAIL,pendencies cajole a
29826-2,29826,665,28,2,29.00,45404.14,0.03,0.06,A,F,1995-01-22,1994-11-12,1995-01-23,TAKE BACK RETURN,FOB,"e along the furious, ev"
29826-3,29826,347,32,3,47.00,58624.98,0.04,0.06,R,F,1994-11-24,1994-10-25,1994-12-03,DELIVER IN PERSON,REG AIR, carefully final requests nag furious
29826-4,29826,47,98,4,36.00,34093.44,0.06,0.02,R,F,1994-12-06,1994-11-16,1994-12-27,TAKE BACK RETURN,TRUCK,ronic braids. fi
29827-1,29827,1676,59,1,8.00,12621.36,0.09,0.04,N,O,1995-08-18,1995-08-22,1995-09-13,TAKE BACK RETURN,TRUCK, final pinto beans haggle
29827-2,29827,599,60,2,23.00,34490.57,0.09,0.00,N,O,1995-10-14,1995-10-08,1995-11-11,TAKE BACK RETURN,RAIL,x special pinto beans? slyly bo
29827-3,29827,1543,44,3,28.00,40447.12,0.04,0.02,N,O,1995-11-08,1995-09-23,1995-11-13,TAKE BACK RETURN,REG AIR,ffix caref
29827-4,29827,1541,62,4,42.00,60586.68,0.06,0.00,N,O,1995-11-06,1995-09-04,1995-12-05,TAKE BACK RETURN,FOB,"yly express ideas above the final, spec"
29827-5,29827,1232,33,5,14.00,15865.22,0.08,0.01,N,O,1995-09-10,1995-10-11,1995-09-20,DELIVER IN PERSON,TRUCK, packages. ironic packages along 
29827-6,29827,1965,10,6,22.00,41073.12,0.08,0.00,N,O,1995-10-11,1995-08-14,1995-10-22,DELIVER IN PERSON,MAIL, courts. evenly ironic deposits haggle
29828-1,29828,657,51,1,13.00,20249.45,0.03,0.06,N,O,1995-09-16,1995-09-29,1995-09-21,TAKE BACK RETURN,AIR,ickly even requests 
29829-1,29829,639,71,1,44.00,67743.72,0.04,0.06,N,O,1997-04-17,1997-05-11,1997-04-23,COLLECT COD,FOB,inal accounts. sometimes ironic warhorses 
29830-1,29830,1513,14,1,30.00,42435.30,0.10,0.02,A,F,1995-04-04,1995-03-13,1995-04-15,DELIVER IN PERSON,RAIL,cajole quickly
29831-1,29831,11,37,1,17.00,15487.17,0.07,0.04,A,F,1992-07-05,1992-05-12,1992-07-24,TAKE BACK RETURN,MAIL,quickly pending ideas cajole slyly ca
29831-2,29831,553,54,2,48.00,69770.40,0.01,0.05,A,F,1992-04-27,1992-06-28,1992-05-01,TAKE BACK RETURN,SHIP,ep idly. excuses ac
29831-3,29831,345,30,3,21.00,26152.14,0.03,0.04,A,F,1992-06-01,1992-05-10,1992-06-06,COLLECT COD,SHIP,usly quick instructions. slyly bold de
29831-4,29831,1648,49,4,40.00,61985.60,0.05,0.04,A,F,1992-06-10,1992-04-29,1992-06-26,DELIVER IN PERSON,RAIL, slyly silent exc
29831-5,29831,1724,67,5,29.00,47145.88,0.06,0.01,R,F,1992-07-16,1992-05-10,1992-07-27,NONE,REG AIR,yly silent depths
29856-1,29856,255,56,1,2.00,2310.50,0.09,0.05,R,F,1992-07-12,1992-08-05,1992-07-22,TAKE BACK RETURN,SHIP, fluffily silent packages ca
29856-2,29856,1196,69,2,1.00,1097.19,0.05,0.03,A,F,1992-08-28,1992-07-17,1992-09-14,TAKE BACK RETURN,REG AIR,ke quickly alongsi
29856-3,29856,1528,49,3,47.00,67187.44,0.01,0.03,R,F,1992-06-22,1992-07-29,1992-07-18,COLLECT COD,SHIP,ests. carefully br
29856-4,29856,200,79,4,8.00,8801.60,0.00,0.00,R,F,1992-08-07,1992-08-17,1992-08-10,COLLECT COD,FOB,ding to the packages 
29856-5,29856,1112,49,5,31.00,31406.41,0.00,0.00,A,F,1992-09-07,1992-08-31,1992-09-24,COLLECT COD,RAIL,furiously. express deposits detect fu
29856-6,29856,1647,71,6,23.00,35618.72,0.05,0.06,A,F,1992-07-13,1992-08-10,1992-08-11,NONE,TRUCK,odolites wake 
29857-1,29857,1041,47,1,37.00,34855.48,0.06,0.08,A,F,1994-12-27,1995-03-06,1995-01-02,DELIVER IN PERSON,TRUCK,requests. accounts across
29857-2,29857,1704,89,2,39.00,62622.30,0.09,0.04,R,F,1995-03-16,1995-03-02,1995-04-07,DELIVER IN PERSON,RAIL,furiously unusual pinto beans.
29858-1,29858,833,33,1,18.00,31208.94,0.09,0.07,R,F,1994-04-22,1994-03-11,1994-04-27,TAKE BACK RETURN,REG AIR,uriously. ca
29859-1,29859,1,2,1,50.00,45050.00,0.06,0.05,N,O,1997-11-27,1997-10-02,1997-11-29,TAKE BACK RETURN,RAIL,ven sentiments. furiously daring acc
29859-2,29859,708,73,2,26.00,41826.20,0.09,0.08,N,O,1997-10-28,1997-09-23,1997-10-31,DELIVER IN PERSON,MAIL,ts about the silent foxes 
29860-1,29860,744,77,1,32.00,52631.68,0.10,0.06,R,F,1994-11-24,1994-10-16,1994-12-03,COLLECT COD,SHIP,r the slyly unusual requests sleep ca
29860-2,29860,1560,1,2,6.00,8769.36,0.09,0.08,R,F,1994-11-10,1994-11-24,1994-12-06,COLLECT COD,AIR,cial accounts detect ironic pinto beans
29860-3,29860,479,9,3,40.00,55178.80,0.00,0.06,R,F,1994-11-01,1994-10-22,1994-11-29,TAKE BACK RETURN,AIR,s. furiously ironic re
29861-1,29861,1561,62,1,13.00,19013.28,0.00,0.08,R,F,1992-05-26,1992-07-11,1992-05-27,COLLECT COD,FOB,"r dependencies doze regular, special"
29861-2,29861,1840,70,2,19.00,33094.96,0.02,0.01,A,F,1992-05-12,1992-07-18,1992-05-27,DELIVER IN PERSON,MAIL,. fluffily pending theo
29861-3,29861,195,48,3,37.00,40522.03,0.03,0.06,R,F,1992-08-04,1992-07-11,1992-09-03,DELIVER IN PERSON,AIR,ave to use slowly. packages about the 
29862-1,29862,1783,26,1,7.00,11793.46,0.07,0.00,N,O,1995-10-08,1995-09-01,1995-10-09,COLLECT COD,MAIL,gular accounts after the blithel
29862-2,29862,1503,84,2,11.00,15449.50,0.06,0.04,N,O,1995-06-28,1995-08-19,1995-07-05,DELIVER IN PERSON,REG AIR,refully regular requests. express reques
29862-3,29862,1350,89,3,36.00,45048.60,0.02,0.02,N,O,1995-06-30,1995-08-22,1995-07-08,TAKE BACK RETURN,REG AIR,bout the sl
29862-4,29862,102,29,4,15.00,15031.50,0.08,0.01,N,O,1995-07-25,1995-09-01,1995-08-20,NONE,MAIL,ons nag to the requests. fu
29862-5,29862,411,41,5,32.00,41965.12,0.10,0.08,N,O,1995-07-27,1995-07-30,1995-07-28,DELIVER IN PERSON,FOB,ove the fluffily express acc
29862-6,29862,341,26,6,48.00,59584.32,0.06,0.01,N,O,1995-07-12,1995-08-12,1995-07-20,NONE,RAIL,re carefully carefully regular req
29863-1,29863,1986,87,1,50.00,94399.00,0.03,0.03,N,O,1996-12-04,1996-12-13,1996-12-27,TAKE BACK RETURN,TRUCK,blithely busy a
29863-2,29863,12,88,2,48.00,43776.48,0.04,0.01,N,O,1996-11-08,1996-12-16,1996-12-05,NONE,SHIP,hely. slyly pending pi
29863-3,29863,1328,5,3,4.00,4917.28,0.08,0.04,N,O,1996-10-30,1996-10-30,1996-11-04,NONE,TRUCK,g to the ideas. slyl
29863-4,29863,982,85,4,16.00,30127.68,0.09,0.01,N,O,1996-11-04,1996-11-05,1996-11-25,COLLECT COD,SHIP, to the care
29863-5,29863,1043,14,5,7.00,6608.28,0.05,0.03,N,O,1996-10-15,1996-11-18,1996-10-19,NONE,REG AIR,final instructions 
29888-1,29888,1130,3,1,50.00,51556.50,0.09,0.03,A,F,1992-04-20,1992-04-07,1992-04-27,COLLECT COD,REG AIR,e about the 
29888-2,29888,754,55,2,50.00,82737.50,0.05,0.06,R,F,1992-04-03,1992-04-15,1992-04-24,COLLECT COD,REG AIR,ending gifts wake blithely after the f
29888-3,29888,1733,76,3,34.00,55580.82,0.00,0.05,R,F,1992-02-15,1992-03-19,1992-03-14,TAKE BACK RETURN,REG AIR,st carefully 
29888-4,29888,1989,78,4,10.00,18909.80,0.00,0.07,A,F,1992-03-02,1992-03-19,1992-03-29,TAKE BACK RETURN,REG AIR,ully express packages. gifts wake. c
29889-1,29889,1494,73,1,20.00,27909.80,0.07,0.00,A,F,1994-12-28,1995-01-16,1994-12-29,COLLECT COD,FOB,ss asymptotes cajole sly
29889-2,29889,1123,60,2,28.00,28675.36,0.01,0.02,R,F,1995-03-01,1995-01-12,1995-03-07,NONE,MAIL,hely about the pen
29890-1,29890,1901,2,1,44.00,79327.60,0.02,0.02,R,F,1993-04-10,1993-05-01,1993-05-01,NONE,RAIL,e against the slyly r
29890-2,29890,362,63,2,1.00,1262.36,0.03,0.00,A,F,1993-06-16,1993-06-03,1993-07-06,DELIVER IN PERSON,AIR,osits. quickly final accounts after the sly
29890-3,29890,1511,32,3,4.00,5650.04,0.05,0.03,A,F,1993-04-27,1993-05-19,1993-05-08,DELIVER IN PERSON,MAIL,pinto beans so
29891-1,29891,81,7,1,37.00,36299.96,0.07,0.05,N,O,1996-08-23,1996-08-12,1996-08-24,COLLECT COD,RAIL,ptotes. blithely ironic ideas a
29891-2,29891,1734,35,2,37.00,60522.01,0.08,0.08,N,O,1996-06-29,1996-07-14,1996-07-06,NONE,FOB,"omise quickly. final, final package"
29891-3,29891,1993,38,3,39.00,73904.61,0.07,0.07,N,O,1996-06-02,1996-07-26,1996-06-19,DELIVER IN PERSON,REG AIR,among the carefully special accounts. qu
29892-1,29892,1708,51,1,50.00,80485.00,0.04,0.01,A,F,1993-03-10,1993-01-01,1993-03-20,COLLECT COD,FOB,foxes after the pen
29892-2,29892,940,75,2,30.00,55228.20,0.00,0.08,A,F,1993-01-31,1993-01-13,1993-02-11,NONE,TRUCK,ntiments. deposits wake furiously across t
29892-3,29892,1252,64,3,29.00,33444.25,0.09,0.05,A,F,1993-02-03,1993-01-23,1993-03-01,TAKE BACK RETURN,TRUCK,"press, final deposits boost acro"
29892-4,29892,1149,22,4,2.00,2100.28,0.01,0.08,R,F,1993-03-11,1993-02-05,1993-04-09,COLLECT COD,REG AIR,ironic deposi
29892-5,29892,1788,89,5,32.00,54072.96,0.10,0.07,A,F,1993-03-23,1993-02-01,1993-03-26,TAKE BACK RETURN,REG AIR,quests. fur
29892-6,29892,1917,62,6,29.00,52748.39,0.05,0.06,A,F,1993-02-10,1993-01-16,1993-02-24,TAKE BACK RETURN,AIR,ilent warhor
29892-7,29892,589,90,7,4.00,5958.32,0.04,0.01,A,F,1993-02-20,1993-02-18,1993-03-16,NONE,RAIL,regular deposits 
29893-1,29893,1866,67,1,44.00,77785.84,0.01,0.02,R,F,1992-07-27,1992-08-22,1992-08-08,NONE,AIR, platelets cajole furiously. s
29893-2,29893,1086,87,2,50.00,49354.00,0.01,0.03,A,F,1992-09-28,1992-07-25,1992-10-15,TAKE BACK RETURN,SHIP,thrash furiously regular package
29893-3,29893,545,6,3,34.00,49148.36,0.07,0.04,R,F,1992-09-15,1992-09-05,1992-09-18,DELIVER IN PERSON,TRUCK,y regular packages
29893-4,29893,299,54,4,29.00,34779.41,0.10,0.00,A,F,1992-07-18,1992-09-11,1992-08-16,COLLECT COD,AIR,hely regul
29893-5,29893,311,12,5,23.00,27860.13,0.10,0.03,A,F,1992-06-18,1992-09-08,1992-07-02,NONE,TRUCK,oxes. regularly ironic dolphins are quick
29893-6,29893,832,99,6,17.00,29458.11,0.02,0.01,R,F,1992-09-20,1992-08-14,1992-09-28,NONE,MAIL,its. carefully regular 
29894-1,29894,1158,95,1,13.00,13768.95,0.00,0.05,A,F,1993-10-21,1993-11-24,1993-11-04,DELIVER IN PERSON,MAIL,deposits across the packages use 
29894-2,29894,1662,45,2,45.00,70364.70,0.01,0.05,A,F,1994-01-04,1993-10-17,1994-01-13,DELIVER IN PERSON,AIR,the accounts are regular fox
29894-3,29894,817,51,3,43.00,73865.83,0.05,0.03,A,F,1993-11-02,1993-10-10,1993-11-20,NONE,AIR,ronic accounts of the slyly
29894-4,29894,936,39,4,10.00,18369.30,0.00,0.07,R,F,1993-09-25,1993-11-24,1993-10-11,COLLECT COD,RAIL,ven theodo
29894-5,29894,805,72,5,1.00,1705.80,0.08,0.07,R,F,1993-09-16,1993-11-03,1993-09-17,COLLECT COD,SHIP,iously along the blithely quick theod
29894-6,29894,1498,38,6,50.00,69974.50,0.09,0.04,A,F,1993-09-26,1993-10-30,1993-09-28,TAKE BACK RETURN,REG AIR,lites. furiously special dependencies 
29894-7,29894,1848,35,7,23.00,40246.32,0.05,0.05,R,F,1993-10-30,1993-11-02,1993-11-25,TAKE BACK RETURN,TRUCK,"cies. silent, ironic accou"
29895-1,29895,1466,84,1,5.00,6837.30,0.03,0.01,R,F,1993-12-15,1993-11-27,1993-12-25,DELIVER IN PERSON,TRUCK,gle blithely among the pending instructio
29895-2,29895,1348,63,2,31.00,38729.54,0.09,0.01,R,F,1993-10-24,1993-12-29,1993-11-11,TAKE BACK RETURN,AIR,lithely final courts. blithely iron
29895-3,29895,244,26,3,3.00,3432.72,0.03,0.03,A,F,1993-12-17,1993-11-29,1993-12-29,TAKE BACK RETURN,REG AIR,jole carefull
29895-4,29895,713,10,4,12.00,19364.52,0.01,0.08,R,F,1993-12-09,1993-12-16,1993-12-10,DELIVER IN PERSON,MAIL,onic accounts integrate b
29895-5,29895,798,63,5,7.00,11891.53,0.02,0.05,R,F,1993-10-28,1994-01-02,1993-11-01,DELIVER IN PERSON,MAIL,special pinto beans
29895-6,29895,1777,20,6,49.00,82259.73,0.00,0.05,R,F,1993-12-19,1993-12-29,1994-01-04,DELIVER IN PERSON,AIR,ously fluffy
29920-1,29920,596,57,1,20.00,29931.80,0.08,0.07,N,O,1996-02-22,1996-04-11,1996-02-27,TAKE BACK RETURN,REG AIR,ag furiously
29920-2,29920,343,72,2,47.00,58436.98,0.07,0.06,N,O,1996-05-17,1996-04-12,1996-05-23,DELIVER IN PERSON,MAIL, quickly bold ideas cajole. ruthl
29920-3,29920,1524,45,3,21.00,29935.92,0.07,0.08,N,O,1996-03-25,1996-04-07,1996-04-01,COLLECT COD,FOB,yly final foxes cajole. quickly i
29920-4,29920,1060,96,4,34.00,32676.04,0.08,0.02,N,O,1996-03-07,1996-04-26,1996-03-12,DELIVER IN PERSON,TRUCK, instructions are furiously. co
29921-1,29921,214,96,1,40.00,44568.40,0.05,0.02,R,F,1992-05-10,1992-05-06,1992-05-29,COLLECT COD,SHIP,nts. regular packages are slyly. alway
29921-2,29921,1299,74,2,5.00,6001.45,0.06,0.08,R,F,1992-04-06,1992-04-28,1992-04-16,NONE,AIR,ccounts. bold deposits haggle carefully
29922-1,29922,1901,46,1,40.00,72116.00,0.06,0.07,N,O,1996-04-24,1996-05-16,1996-05-01,NONE,SHIP,l dolphins sleep. silent theodolites wake
29922-2,29922,481,82,2,1.00,1381.48,0.08,0.01,N,O,1996-04-16,1996-06-17,1996-05-05,DELIVER IN PERSON,FOB, ironic foxes alo
29922-3,29922,898,99,3,10.00,17988.90,0.08,0.06,N,O,1996-05-27,1996-04-22,1996-06-24,COLLECT COD,TRUCK,cording to the slyly pending packag
29922-4,29922,258,86,4,23.00,26639.75,0.01,0.00,N,O,1996-04-15,1996-06-05,1996-05-07,NONE,FOB, haggle furio
29922-5,29922,36,37,5,6.00,5616.18,0.06,0.01,N,O,1996-07-11,1996-06-16,1996-07-16,NONE,MAIL,e final packages. slyly expr
29922-6,29922,1221,59,6,20.00,22444.40,0.10,0.04,N,O,1996-06-05,1996-06-13,1996-06-24,COLLECT COD,SHIP, slyly along 
29922-7,29922,784,49,7,20.00,33695.60,0.01,0.07,N,O,1996-06-20,1996-05-05,1996-07-14,NONE,FOB,hely. unusual
29923-1,29923,1336,51,1,50.00,61866.50,0.05,0.07,A,F,1994-09-15,1994-10-16,1994-10-01,TAKE BACK RETURN,AIR,g the blithely slow
29923-2,29923,939,8,2,23.00,42318.39,0.10,0.06,A,F,1994-10-28,1994-10-22,1994-11-13,DELIVER IN PERSON,RAIL,aintain quickly about the slyl
29923-3,29923,164,91,3,11.00,11705.76,0.07,0.03,A,F,1994-10-17,1994-11-13,1994-10-22,TAKE BACK RETURN,SHIP,ily packages. qui
29923-4,29923,550,11,4,36.00,52219.80,0.07,0.03,R,F,1994-10-21,1994-12-09,1994-11-05,COLLECT COD,REG AIR,quests are slowly after the re
29924-1,29924,275,57,1,43.00,50536.61,0.01,0.02,N,O,1997-11-14,1997-09-21,1997-12-02,NONE,FOB,lly final requests accord
29924-2,29924,311,96,2,22.00,26648.82,0.01,0.02,N,O,1997-11-12,1997-09-22,1997-11-24,TAKE BACK RETURN,MAIL,ic packages. 
29924-3,29924,1916,5,3,7.00,12725.37,0.02,0.07,N,O,1997-11-07,1997-09-28,1997-11-21,TAKE BACK RETURN,RAIL,ole quickly express accounts. q
29924-4,29924,1440,41,4,19.00,25487.36,0.05,0.00,N,O,1997-09-03,1997-09-26,1997-09-06,NONE,TRUCK,quickly pending
29924-5,29924,351,8,5,11.00,13764.85,0.08,0.08,N,O,1997-10-05,1997-10-02,1997-10-15,TAKE BACK RETURN,FOB,to the quick deposits. unusual 
29924-6,29924,1886,16,6,40.00,71515.20,0.04,0.01,N,O,1997-11-23,1997-10-24,1997-11-29,DELIVER IN PERSON,AIR,ng accounts! furiousl
29925-1,29925,1940,41,1,33.00,60784.02,0.06,0.06,N,O,1998-03-23,1998-05-02,1998-04-01,NONE,MAIL,tions. fluffily even de
29926-1,29926,1925,14,1,2.00,3653.84,0.07,0.07,A,F,1992-06-23,1992-06-05,1992-07-07,TAKE BACK RETURN,TRUCK,gular instructions 
29926-2,29926,682,76,2,16.00,25322.88,0.09,0.04,R,F,1992-06-08,1992-05-10,1992-06-23,NONE,AIR, packages are 
29926-3,29926,217,99,3,37.00,41336.77,0.05,0.02,R,F,1992-07-18,1992-05-27,1992-08-03,NONE,MAIL,lly final 
29927-1,29927,449,79,1,32.00,43182.08,0.06,0.06,A,F,1993-01-06,1993-01-22,1993-01-26,COLLECT COD,REG AIR, haggle quickly slyly special tithes. bl
29927-2,29927,1287,25,2,50.00,59414.00,0.01,0.00,R,F,1993-01-31,1993-02-04,1993-02-10,NONE,REG AIR,the carefully expres
29927-3,29927,828,95,3,5.00,8644.10,0.08,0.02,R,F,1992-11-19,1993-01-10,1992-12-11,DELIVER IN PERSON,FOB, beans wake. pe
29927-4,29927,1577,18,4,23.00,34007.11,0.05,0.07,R,F,1993-02-21,1992-12-21,1993-03-06,NONE,REG AIR, carefully ironic f
29952-1,29952,1942,87,1,5.00,9219.70,0.05,0.06,N,O,1996-10-08,1996-11-22,1996-11-05,DELIVER IN PERSON,MAIL,gular deposits.
29952-2,29952,782,47,2,28.00,47117.84,0.04,0.01,N,O,1996-12-11,1996-11-05,1996-12-31,DELIVER IN PERSON,RAIL,thely even account
29952-3,29952,1074,75,3,29.00,28277.03,0.06,0.01,N,O,1996-11-13,1996-11-16,1996-12-10,COLLECT COD,MAIL, packages. express requests nag fin
29952-4,29952,465,53,4,31.00,42329.26,0.02,0.04,N,O,1996-12-09,1996-10-16,1996-12-23,TAKE BACK RETURN,AIR,tegrate among the regular accounts. 
29953-1,29953,973,74,1,4.00,7495.88,0.06,0.04,R,F,1995-05-17,1995-03-19,1995-06-05,COLLECT COD,MAIL,"uests. regular, ironic packages "
29953-2,29953,842,9,2,40.00,69713.60,0.10,0.08,R,F,1995-05-09,1995-05-02,1995-06-07,TAKE BACK RETURN,RAIL,l instructions. bol
29953-3,29953,935,38,3,23.00,42226.39,0.06,0.02,A,F,1995-05-20,1995-04-29,1995-05-23,DELIVER IN PERSON,TRUCK,eve alongside of the fluffily
29953-4,29953,225,7,4,9.00,10126.98,0.07,0.00,R,F,1995-04-02,1995-04-23,1995-04-08,TAKE BACK RETURN,SHIP,ounts. permanently regular 
29953-5,29953,558,89,5,7.00,10209.85,0.00,0.01,A,F,1995-03-14,1995-04-09,1995-03-25,COLLECT COD,MAIL,ckages: idly silent foxes boos
29953-6,29953,33,84,6,16.00,14928.48,0.03,0.00,R,F,1995-04-16,1995-05-09,1995-05-09,NONE,AIR, dependencies
29953-7,29953,319,4,7,13.00,15851.03,0.03,0.06,A,F,1995-03-08,1995-04-18,1995-04-07,NONE,AIR,al excuses bo
29954-1,29954,237,92,1,16.00,18195.68,0.10,0.01,N,O,1996-01-16,1996-03-29,1996-01-25,TAKE BACK RETURN,TRUCK,ly final accounts according to th
29954-2,29954,120,21,2,5.00,5100.60,0.04,0.04,N,O,1996-04-19,1996-02-27,1996-05-11,NONE,SHIP, packages above the final gifts boost af
29954-3,29954,181,8,3,26.00,28110.68,0.08,0.00,N,O,1996-04-23,1996-02-12,1996-05-20,TAKE BACK RETURN,FOB, sleep; carefully even deposit
29954-4,29954,658,59,4,49.00,76373.85,0.00,0.07,N,O,1996-02-20,1996-03-11,1996-02-26,NONE,RAIL,r accounts. ir
29954-5,29954,1818,19,5,9.00,15478.29,0.03,0.00,N,O,1996-02-27,1996-02-27,1996-03-27,DELIVER IN PERSON,REG AIR,ronic dependencies are against 
29954-6,29954,604,98,6,13.00,19559.80,0.09,0.06,N,O,1996-03-20,1996-03-26,1996-04-08,NONE,SHIP,posits are furiously. special excuse
29954-7,29954,1349,50,7,42.00,52514.28,0.07,0.01,N,O,1996-02-21,1996-02-27,1996-02-26,NONE,MAIL, haggle according to the slyl
29955-1,29955,722,23,1,20.00,32454.40,0.02,0.02,N,O,1996-04-21,1996-05-07,1996-04-24,NONE,MAIL,riously expre
29955-2,29955,71,47,2,24.00,23305.68,0.08,0.01,N,O,1996-05-31,1996-05-06,1996-06-13,TAKE BACK RETURN,REG AIR,"sleep quickly bold, ironic foxes."
29955-3,29955,1326,41,3,49.00,60138.68,0.02,0.00,N,O,1996-04-26,1996-04-24,1996-05-18,COLLECT COD,REG AIR,nts. furiously 
29956-1,29956,1495,35,1,34.00,47480.66,0.00,0.02,R,F,1994-11-04,1994-10-12,1994-11-15,COLLECT COD,AIR,onic dependencies 
29956-2,29956,560,51,2,49.00,71567.44,0.08,0.03,A,F,1994-10-14,1994-09-23,1994-11-10,DELIVER IN PERSON,REG AIR,ular accounts: furiously even foxes ar
29957-1,29957,407,66,1,44.00,57525.60,0.09,0.00,A,F,1993-04-17,1993-04-22,1993-05-05,DELIVER IN PERSON,TRUCK,"ep slyly alongside of the pending,"
29957-2,29957,1822,52,2,50.00,86191.00,0.02,0.00,R,F,1993-06-01,1993-06-08,1993-06-24,DELIVER IN PERSON,AIR,"ronic, special "
29957-3,29957,47,98,3,6.00,5682.24,0.05,0.02,R,F,1993-04-12,1993-05-23,1993-04-30,NONE,TRUCK,yly final frets are blithely along the 
29957-4,29957,1544,85,4,37.00,53484.98,0.01,0.07,R,F,1993-03-29,1993-04-22,1993-03-31,DELIVER IN PERSON,SHIP,into beans are. furiously stealthy reques
29957-5,29957,1483,84,5,24.00,33227.52,0.07,0.05,A,F,1993-04-26,1993-06-03,1993-05-23,TAKE BACK RETURN,REG AIR,ructions sleep even the
29957-6,29957,1022,58,6,12.00,11076.24,0.06,0.05,A,F,1993-07-12,1993-05-10,1993-07-13,DELIVER IN PERSON,TRUCK,ounts. slyly ironic d
29958-1,29958,423,11,1,10.00,13234.20,0.06,0.07,R,F,1995-03-10,1995-02-10,1995-03-15,TAKE BACK RETURN,FOB,"s. ironic, p"
29958-2,29958,847,14,2,42.00,73409.28,0.02,0.04,R,F,1995-02-13,1995-03-18,1995-02-28,COLLECT COD,AIR,ecial accounts cajole quickly. exp
29958-3,29958,620,83,3,3.00,4561.86,0.10,0.08,R,F,1995-01-13,1995-02-19,1995-01-19,NONE,RAIL,"ctions. regular, unusual instructions nag"
29958-4,29958,1352,53,4,25.00,31333.75,0.08,0.02,R,F,1995-04-11,1995-04-04,1995-05-02,COLLECT COD,RAIL,uffily unusual instructions. regular acco
29958-5,29958,900,67,5,28.00,50425.20,0.10,0.04,A,F,1995-05-02,1995-03-31,1995-05-11,DELIVER IN PERSON,TRUCK,lar ideas. carefully blithe deposit
29959-1,29959,1457,97,1,7.00,9509.15,0.08,0.00,N,O,1996-04-30,1996-05-23,1996-05-12,NONE,AIR,"refully pending packages. express, u"
29959-2,29959,983,52,2,5.00,9419.90,0.01,0.00,N,O,1996-03-23,1996-04-19,1996-04-10,DELIVER IN PERSON,TRUCK,le according to the fi
29959-3,29959,315,72,3,48.00,58334.88,0.04,0.04,N,O,1996-06-17,1996-04-29,1996-07-06,DELIVER IN PERSON,FOB,al accounts? furiou
29984-1,29984,586,47,1,46.00,68382.68,0.02,0.03,A,F,1994-04-30,1994-05-10,1994-05-07,COLLECT COD,SHIP,yly regular instructions are blithely
29985-1,29985,1972,61,1,35.00,65588.95,0.09,0.07,R,F,1992-07-28,1992-09-23,1992-08-01,COLLECT COD,MAIL,he requests. carefully final ideas 
29985-2,29985,1200,1,2,2.00,2202.40,0.02,0.01,A,F,1992-10-23,1992-08-21,1992-11-06,COLLECT COD,TRUCK, fluffily unusual instructions. furiously
29985-3,29985,1955,44,3,18.00,33425.10,0.02,0.07,R,F,1992-10-12,1992-08-29,1992-10-24,COLLECT COD,MAIL,es. quickly pending deposits use above 
29986-1,29986,371,56,1,12.00,15256.44,0.08,0.06,N,O,1995-09-29,1995-08-08,1995-10-26,TAKE BACK RETURN,AIR,bold frets. slyly fina
29986-2,29986,1628,29,2,16.00,24473.92,0.00,0.05,N,O,1995-10-26,1995-08-03,1995-11-17,TAKE BACK RETURN,RAIL,beans wake sl
29986-3,29986,885,85,3,45.00,80364.60,0.07,0.06,N,O,1995-10-09,1995-09-14,1995-11-02,DELIVER IN PERSON,REG AIR, the final dolphins. carefully expr
29987-1,29987,1075,81,1,20.00,19521.40,0.00,0.06,N,O,1997-10-02,1997-08-21,1997-10-26,TAKE BACK RETURN,MAIL,"ches. regular, ironic requests us"
29988-1,29988,250,5,1,44.00,50611.00,0.03,0.02,A,F,1994-06-15,1994-09-03,1994-07-08,NONE,TRUCK,uriously regular ti
29989-1,29989,1074,10,1,28.00,27301.96,0.05,0.01,R,F,1994-10-08,1994-10-06,1994-10-19,COLLECT COD,AIR,accounts boost; furiously even
29989-2,29989,1984,73,2,1.00,1885.98,0.02,0.01,R,F,1994-08-20,1994-09-02,1994-08-28,COLLECT COD,MAIL,ly even instructions. ironic deposits are
29990-1,29990,728,93,1,50.00,81436.00,0.09,0.00,R,F,1994-01-21,1994-01-05,1994-02-13,NONE,REG AIR,"y even requests. regular, bold d"
29991-1,29991,1203,78,1,35.00,38647.00,0.02,0.05,R,F,1993-02-01,1992-11-06,1993-02-10,NONE,RAIL,g deposits. qui
29991-2,29991,1375,14,2,39.00,49778.43,0.03,0.08,R,F,1992-12-14,1992-12-05,1992-12-18,COLLECT COD,AIR,ter the fluffily 
29991-3,29991,1094,65,3,41.00,40798.69,0.07,0.06,A,F,1992-12-26,1993-01-01,1992-12-31,TAKE BACK RETURN,MAIL,al accounts sle
29991-4,29991,1798,99,4,5.00,8498.95,0.10,0.05,R,F,1992-12-11,1992-12-23,1993-01-07,NONE,FOB,refully special requests slee
29991-5,29991,1796,23,5,15.00,25466.85,0.08,0.05,R,F,1992-12-14,1992-11-05,1993-01-04,NONE,SHIP, ideas nag carefully against the 
30016-1,30016,736,37,1,49.00,80199.77,0.09,0.07,R,F,1994-01-14,1994-04-04,1994-01-28,NONE,REG AIR,rash pinto beans! regular theodol
30016-2,30016,521,12,2,14.00,19901.28,0.02,0.05,R,F,1994-01-16,1994-03-28,1994-01-21,DELIVER IN PERSON,FOB,riously regular accounts nag fluffily. un
30016-3,30016,293,94,3,23.00,27445.67,0.00,0.06,R,F,1994-04-20,1994-03-15,1994-05-11,NONE,SHIP, across th
30016-4,30016,926,61,4,44.00,80384.48,0.10,0.00,R,F,1994-03-29,1994-03-23,1994-04-11,NONE,FOB,hely regular platelets boost furiously foxe
30016-5,30016,1678,79,5,10.00,15796.70,0.02,0.00,A,F,1994-02-22,1994-03-12,1994-03-15,DELIVER IN PERSON,REG AIR, to are furiously blithely ironi
30016-6,30016,578,79,6,38.00,56185.66,0.02,0.03,A,F,1994-01-19,1994-03-10,1994-01-25,TAKE BACK RETURN,MAIL,y ironic ideas haggle. quickly si
30017-1,30017,386,87,1,41.00,52741.58,0.02,0.04,N,O,1998-04-27,1998-02-07,1998-05-22,NONE,FOB, after the bold frets slee
30017-2,30017,510,1,2,28.00,39494.28,0.08,0.02,N,O,1998-03-13,1998-02-26,1998-04-04,COLLECT COD,TRUCK,ess requests sleep regular foxes. slyl
30017-3,30017,678,79,3,47.00,74197.49,0.05,0.03,N,O,1998-02-08,1998-01-29,1998-03-07,DELIVER IN PERSON,AIR,lar packages use quie
30017-4,30017,1661,85,4,42.00,65631.72,0.02,0.07,N,O,1998-01-12,1998-02-10,1998-02-03,TAKE BACK RETURN,REG AIR,e the slyly ir
30017-5,30017,1072,78,5,4.00,3892.28,0.09,0.00,N,O,1998-03-02,1998-02-15,1998-03-08,DELIVER IN PERSON,TRUCK, even platele
30018-1,30018,13,39,1,19.00,17347.19,0.07,0.08,N,O,1997-01-28,1997-02-21,1997-02-09,COLLECT COD,AIR,ously. regular 
30018-2,30018,824,58,2,24.00,41395.68,0.00,0.01,N,O,1997-01-25,1997-02-13,1997-02-22,DELIVER IN PERSON,MAIL,furiously carefully pending pinto beans. f
30018-3,30018,1238,76,3,1.00,1139.23,0.10,0.04,N,O,1997-05-13,1997-03-01,1997-05-29,TAKE BACK RETURN,FOB,uriously across the 
30018-4,30018,33,84,4,3.00,2799.09,0.01,0.04,N,O,1997-02-22,1997-02-14,1997-03-22,TAKE BACK RETURN,AIR, across the asymptot
30019-1,30019,918,19,1,28.00,50929.48,0.05,0.01,N,O,1998-01-01,1997-12-12,1998-01-07,DELIVER IN PERSON,RAIL,y quick pla
30019-2,30019,391,48,2,24.00,30993.36,0.01,0.02,N,O,1997-12-21,1998-01-06,1997-12-28,NONE,SHIP,dolites. carefully pending id
30019-3,30019,1773,100,3,7.00,11723.39,0.04,0.05,N,O,1997-11-19,1998-01-09,1997-12-10,COLLECT COD,TRUCK,eodolites cajole slyly along t
30019-4,30019,1843,87,4,42.00,73283.28,0.03,0.07,N,O,1997-11-04,1998-01-19,1997-11-14,COLLECT COD,REG AIR, ironic pearls nag quick
30019-5,30019,535,26,5,42.00,60292.26,0.07,0.04,N,O,1997-12-19,1998-01-03,1997-12-24,COLLECT COD,REG AIR,arefully regular deposits use carefu
30019-6,30019,583,14,6,34.00,50441.72,0.00,0.06,N,O,1997-12-16,1998-01-04,1998-01-05,COLLECT COD,RAIL,ven ideas. carefully bold fox
30019-7,30019,1388,89,7,49.00,63179.62,0.03,0.05,N,O,1997-12-17,1997-12-26,1997-12-24,DELIVER IN PERSON,RAIL,the fluffily 
30020-1,30020,1244,82,1,3.00,3435.72,0.05,0.02,N,O,1997-10-26,1997-10-25,1997-11-18,NONE,MAIL,ully. courts are furiously. carefu
30020-2,30020,374,75,2,50.00,63718.50,0.05,0.04,N,O,1997-08-04,1997-09-12,1997-08-15,COLLECT COD,SHIP,"unts. pending, stealthy deposits sleep"
30020-3,30020,1678,20,3,2.00,3159.34,0.09,0.08,N,O,1997-09-24,1997-09-21,1997-10-13,NONE,AIR,- fluffily silent pin
30020-4,30020,641,35,4,46.00,70915.44,0.04,0.00,N,O,1997-08-30,1997-08-28,1997-09-22,DELIVER IN PERSON,TRUCK, slyly against 
30020-5,30020,1391,6,5,21.00,27140.19,0.09,0.07,N,O,1997-10-30,1997-09-13,1997-11-04,COLLECT COD,RAIL,s boost quickly ruthles
30020-6,30020,754,87,6,4.00,6619.00,0.09,0.07,N,O,1997-10-16,1997-10-27,1997-11-04,DELIVER IN PERSON,MAIL,nal excuses eat after the quickly fina
30021-1,30021,3,4,1,48.00,43344.00,0.03,0.07,R,F,1993-04-02,1993-04-15,1993-04-09,NONE,SHIP, ironic accounts? furio
30021-2,30021,1068,39,2,29.00,28102.74,0.04,0.04,R,F,1993-05-01,1993-04-25,1993-05-25,TAKE BACK RETURN,TRUCK,ess theodolites are never. 
30022-1,30022,1782,83,1,12.00,20205.36,0.08,0.05,N,O,1996-07-28,1996-06-13,1996-07-30,COLLECT COD,MAIL,c accounts haggle slyly carefully even
30022-2,30022,1749,50,2,7.00,11555.18,0.09,0.00,N,O,1996-06-08,1996-06-11,1996-07-04,DELIVER IN PERSON,SHIP,"o beans lose. ironic, ironic instructions "
30022-3,30022,1903,4,3,6.00,10829.40,0.06,0.00,N,O,1996-05-22,1996-08-02,1996-06-11,TAKE BACK RETURN,REG AIR,cingly special accounts
30022-4,30022,603,4,4,43.00,64654.80,0.07,0.00,N,O,1996-06-10,1996-06-19,1996-06-14,TAKE BACK RETURN,RAIL,"g, unusual somas. blithely even accounts"
30022-5,30022,785,18,5,9.00,15172.02,0.02,0.05,N,O,1996-07-21,1996-07-30,1996-08-16,DELIVER IN PERSON,AIR, express ac
30022-6,30022,14,65,6,3.00,2742.03,0.07,0.03,N,O,1996-08-11,1996-06-13,1996-08-25,DELIVER IN PERSON,REG AIR, asymptotes engage blithely accordi
30023-1,30023,806,40,1,28.00,47790.40,0.00,0.06,R,F,1994-01-21,1993-12-23,1994-02-15,DELIVER IN PERSON,AIR,accounts integrate accordin
30023-2,30023,1387,26,2,13.00,16748.94,0.07,0.01,R,F,1994-01-28,1994-01-12,1994-02-04,DELIVER IN PERSON,MAIL,rls nag car
30023-3,30023,359,16,3,7.00,8815.45,0.10,0.05,R,F,1994-02-09,1994-01-13,1994-02-28,NONE,SHIP,"ironic accounts. regular, bold"
30023-4,30023,154,7,4,31.00,32678.65,0.08,0.00,A,F,1993-11-03,1993-11-15,1993-11-20,NONE,FOB,hs may haggle blithely. idle requests 
30023-5,30023,477,36,5,21.00,28926.87,0.04,0.07,A,F,1994-01-10,1994-01-14,1994-01-25,NONE,RAIL,xpress theodolites acr
30023-6,30023,1020,56,6,12.00,11052.24,0.01,0.07,A,F,1994-01-23,1993-11-28,1994-02-11,COLLECT COD,TRUCK,ithely according to the c
30048-1,30048,107,8,1,9.00,9063.90,0.02,0.08,N,O,1995-08-16,1995-08-23,1995-08-30,COLLECT COD,MAIL,manent foxes. fluffily even deposits snoo
30048-2,30048,7,8,2,35.00,31745.00,0.05,0.05,N,O,1995-06-30,1995-07-21,1995-07-11,COLLECT COD,TRUCK,ges solve slyly slyly expr
30049-1,30049,1328,5,1,20.00,24586.40,0.05,0.04,N,O,1996-05-02,1996-03-23,1996-05-28,DELIVER IN PERSON,MAIL,e final instructions must have to poach
30049-2,30049,1669,93,2,3.00,4711.98,0.03,0.07,N,O,1996-01-08,1996-02-09,1996-02-04,NONE,TRUCK,"ep around the regular, fi"
30049-3,30049,371,72,3,39.00,49583.43,0.02,0.06,N,O,1996-03-20,1996-03-02,1996-04-11,TAKE BACK RETURN,FOB,ly unusual packages are along
30049-4,30049,318,47,4,36.00,43859.16,0.04,0.08,N,O,1996-03-03,1996-03-15,1996-03-30,COLLECT COD,TRUCK,"ic, special attainments affix blithely"
30050-1,30050,706,3,1,30.00,48201.00,0.04,0.04,A,F,1993-09-05,1993-08-10,1993-09-19,NONE,RAIL,its haggle of the re
30050-2,30050,912,81,2,8.00,14503.28,0.07,0.04,R,F,1993-09-11,1993-08-11,1993-10-07,TAKE BACK RETURN,AIR,"rts sublate? bold, regular Tiresias boost "
30050-3,30050,185,86,3,6.00,6511.08,0.05,0.01,R,F,1993-09-08,1993-08-30,1993-09-24,TAKE BACK RETURN,TRUCK,iously pending ideas are slyly e
30050-4,30050,1817,47,4,17.00,29219.77,0.10,0.02,A,F,1993-09-28,1993-07-28,1993-10-19,NONE,RAIL,xes. furiously reg
30050-5,30050,1321,22,5,39.00,47670.48,0.08,0.07,A,F,1993-09-17,1993-09-02,1993-10-09,COLLECT COD,REG AIR,s kindle slyly throu
30050-6,30050,1038,44,6,22.00,20658.66,0.08,0.07,R,F,1993-07-24,1993-08-21,1993-08-14,COLLECT COD,RAIL,theodolites a
30051-1,30051,364,21,1,32.00,40459.52,0.09,0.08,R,F,1992-05-15,1992-04-28,1992-06-13,TAKE BACK RETURN,MAIL,re ironic packages. fi
30051-2,30051,627,59,2,46.00,70270.52,0.06,0.06,R,F,1992-04-06,1992-05-20,1992-05-03,NONE,FOB,furiously unusual pinto beans. pl
30052-1,30052,1014,20,1,1.00,915.01,0.04,0.04,N,O,1998-04-19,1998-06-03,1998-05-10,COLLECT COD,RAIL,l pinto beans across the ca
30052-2,30052,628,29,2,46.00,70316.52,0.09,0.04,N,O,1998-05-26,1998-05-07,1998-06-10,COLLECT COD,MAIL,oss the furiously ironic instruc
30052-3,30052,204,59,3,8.00,8833.60,0.07,0.00,N,O,1998-07-01,1998-05-05,1998-07-04,DELIVER IN PERSON,AIR,equests boost about the d
30052-4,30052,1038,74,4,24.00,22536.72,0.00,0.04,N,O,1998-05-15,1998-04-16,1998-05-31,DELIVER IN PERSON,REG AIR,quickly quiet req
30052-5,30052,605,99,5,25.00,37640.00,0.06,0.04,N,O,1998-05-21,1998-05-24,1998-06-18,NONE,MAIL,e slyly. fluff
30053-1,30053,1312,13,1,40.00,48532.40,0.00,0.02,R,F,1994-05-01,1994-03-17,1994-05-26,DELIVER IN PERSON,MAIL,. stealthily express ideas cajole eve
30053-2,30053,1270,8,2,21.00,24596.67,0.05,0.00,A,F,1994-03-29,1994-04-19,1994-03-30,DELIVER IN PERSON,TRUCK, evenly ironic a
30053-3,30053,434,35,3,22.00,29357.46,0.09,0.01,A,F,1994-02-11,1994-04-26,1994-03-02,COLLECT COD,REG AIR,posits according
30053-4,30053,427,28,4,25.00,33185.50,0.01,0.06,R,F,1994-03-20,1994-03-25,1994-03-23,DELIVER IN PERSON,FOB,cial foxes nag bold decoys. furi
30053-5,30053,596,97,5,49.00,73332.91,0.02,0.02,A,F,1994-05-19,1994-04-05,1994-06-18,DELIVER IN PERSON,FOB, even deposits. carefully even packages a
30053-6,30053,847,14,6,27.00,47191.68,0.10,0.08,A,F,1994-05-09,1994-03-11,1994-05-26,COLLECT COD,SHIP,ic accounts. quickly regular deposi
30054-1,30054,1990,23,1,33.00,62435.67,0.04,0.02,R,F,1992-09-26,1992-11-30,1992-10-26,TAKE BACK RETURN,AIR,riously unusual orbits affix carefully 
30054-2,30054,881,15,2,40.00,71275.20,0.07,0.03,A,F,1992-09-28,1992-10-11,1992-10-24,COLLECT COD,SHIP, above the foxes. bol
30054-3,30054,384,85,3,30.00,38531.40,0.06,0.03,A,F,1992-10-14,1992-10-08,1992-11-07,NONE,FOB, furiously pending requests w
30054-4,30054,1109,82,4,22.00,22222.20,0.05,0.00,R,F,1992-10-11,1992-11-21,1992-10-21,NONE,REG AIR,counts wake blithely 
30055-1,30055,956,59,1,35.00,64993.25,0.00,0.03,R,F,1993-06-13,1993-07-09,1993-07-03,DELIVER IN PERSON,TRUCK,ly final packages. sile
30055-2,30055,1430,70,2,41.00,54588.63,0.10,0.03,R,F,1993-07-14,1993-06-23,1993-07-20,DELIVER IN PERSON,FOB,"osits nag. final, regu"
30055-3,30055,135,88,3,29.00,30018.77,0.06,0.01,R,F,1993-06-16,1993-06-12,1993-06-17,NONE,AIR, carefully regular requests? dar
30080-1,30080,630,93,1,6.00,9183.78,0.09,0.08,N,O,1997-10-26,1997-09-28,1997-11-14,TAKE BACK RETURN,AIR, blithely even de
30080-2,30080,374,3,2,33.00,42054.21,0.07,0.08,N,O,1997-09-08,1997-08-28,1997-10-03,DELIVER IN PERSON,RAIL,rate carefully regular deposits
30080-3,30080,1652,35,3,3.00,4660.95,0.01,0.06,N,O,1997-09-07,1997-10-22,1997-09-19,TAKE BACK RETURN,SHIP,ily express deposits mold. slyly 
30080-4,30080,554,45,4,22.00,32000.10,0.01,0.01,N,O,1997-11-18,1997-08-30,1997-12-04,NONE,AIR,s wake furiously si
30080-5,30080,542,73,5,42.00,60586.68,0.06,0.06,N,O,1997-09-04,1997-09-01,1997-09-12,COLLECT COD,MAIL,y ironic deposits. quickly 
30081-1,30081,1005,6,1,9.00,8154.00,0.08,0.07,N,O,1996-02-29,1996-03-12,1996-03-13,DELIVER IN PERSON,RAIL,ets haggle; pending requests l
30081-2,30081,1366,67,2,16.00,20277.76,0.05,0.00,N,O,1996-04-14,1996-02-03,1996-04-22,NONE,SHIP,egular requests 
30081-3,30081,120,99,3,15.00,15301.80,0.09,0.00,N,O,1995-12-28,1996-01-28,1996-01-15,DELIVER IN PERSON,FOB,egular pinto beans. furiously even packages
30081-4,30081,473,61,4,8.00,10987.76,0.09,0.02,N,O,1996-01-11,1996-02-20,1996-02-03,NONE,FOB,nstructions against the bli
30082-1,30082,1407,47,1,21.00,27476.40,0.02,0.03,N,O,1997-01-20,1997-01-24,1997-02-05,COLLECT COD,RAIL,jole furiously final ideas. quickly even
30082-2,30082,951,20,2,12.00,22223.40,0.03,0.05,N,O,1997-02-25,1997-01-13,1997-03-12,DELIVER IN PERSON,MAIL,ly express requests. c
30082-3,30082,747,44,3,44.00,72500.56,0.02,0.03,N,O,1996-12-20,1997-03-12,1997-01-08,TAKE BACK RETURN,FOB,ccounts engage. packages integrate pe
30082-4,30082,329,58,4,21.00,25815.72,0.02,0.03,N,O,1997-01-25,1997-02-24,1997-02-23,NONE,MAIL,ess accounts. blithely special inst
30082-5,30082,1166,75,5,47.00,50156.52,0.08,0.03,N,O,1997-03-28,1997-01-31,1997-04-23,COLLECT COD,SHIP, carefully express pac
30083-1,30083,1545,46,1,34.00,49182.36,0.10,0.05,A,F,1994-02-09,1994-03-10,1994-03-02,NONE,TRUCK,bout the blithely pending warthogs b
30083-2,30083,1533,54,2,13.00,18648.89,0.03,0.05,A,F,1994-01-31,1994-02-15,1994-02-13,TAKE BACK RETURN,MAIL,s wake blithely. care
30083-3,30083,787,52,3,21.00,35443.38,0.06,0.03,R,F,1994-01-13,1994-02-12,1994-01-30,TAKE BACK RETURN,RAIL,regular dolp
30083-4,30083,1095,66,4,20.00,19921.80,0.02,0.05,A,F,1994-02-02,1994-04-05,1994-02-27,DELIVER IN PERSON,AIR,ter the furiously ironic gifts.
30084-1,30084,1642,84,1,38.00,58658.32,0.05,0.04,N,O,1998-01-31,1997-12-29,1998-03-01,TAKE BACK RETURN,TRUCK,lar packages sleep. regular deposits alongs
30084-2,30084,1164,37,2,30.00,31954.80,0.00,0.07,N,O,1998-01-12,1997-12-24,1998-01-22,DELIVER IN PERSON,SHIP,unusual requests. special accounts 
30085-1,30085,1595,96,1,36.00,53877.24,0.09,0.07,N,O,1996-09-18,1996-10-05,1996-09-21,NONE,FOB,yly slyly regular account
30085-2,30085,1316,31,2,16.00,19476.96,0.02,0.00,N,O,1996-10-20,1996-08-30,1996-11-06,NONE,TRUCK,le quickly among the furiously ironic dolph
30085-3,30085,1114,87,3,39.00,39589.29,0.03,0.06,N,O,1996-11-11,1996-10-12,1996-12-02,COLLECT COD,SHIP,ons was carefully blithely 
30085-4,30085,1897,84,4,17.00,30581.13,0.00,0.06,N,O,1996-09-15,1996-09-25,1996-09-23,TAKE BACK RETURN,AIR,special packa
30086-1,30086,1152,61,1,47.00,49498.05,0.00,0.06,N,O,1996-10-27,1996-08-29,1996-11-08,NONE,TRUCK,efully. slyly pending gifts are fluffi
30086-2,30086,510,11,2,28.00,39494.28,0.06,0.03,N,O,1996-07-20,1996-09-15,1996-08-07,TAKE BACK RETURN,REG AIR,s. request
30086-3,30086,972,7,3,41.00,76791.77,0.04,0.08,N,O,1996-10-22,1996-08-05,1996-11-12,DELIVER IN PERSON,TRUCK,ly. final requests int
30086-4,30086,293,94,4,22.00,26252.38,0.00,0.08,N,O,1996-07-03,1996-09-17,1996-07-12,TAKE BACK RETURN,MAIL,nal accoun
30086-5,30086,1439,79,5,10.00,13404.30,0.04,0.07,N,O,1996-07-05,1996-09-16,1996-07-14,DELIVER IN PERSON,REG AIR,silent packages wake-- carefully 
30087-1,30087,702,67,1,41.00,65710.70,0.10,0.07,R,F,1993-10-17,1993-12-06,1993-11-08,NONE,AIR, slowly along the blithely special
30087-2,30087,1713,14,2,35.00,56514.85,0.03,0.04,R,F,1993-10-09,1993-11-17,1993-10-22,DELIVER IN PERSON,AIR,luffily ir
30087-3,30087,625,88,3,34.00,51871.08,0.01,0.00,R,F,1993-10-19,1993-11-27,1993-11-08,COLLECT COD,RAIL,e regular foxes. pa
30112-1,30112,931,32,1,30.00,54957.90,0.09,0.05,A,F,1993-04-01,1993-04-02,1993-04-05,TAKE BACK RETURN,TRUCK," the even, iro"
30112-2,30112,1337,76,2,12.00,14859.96,0.00,0.06,A,F,1993-05-06,1993-05-23,1993-05-10,NONE,REG AIR,ake after the final packages. care
30112-3,30112,795,92,3,4.00,6783.16,0.09,0.03,R,F,1993-05-20,1993-04-15,1993-06-09,NONE,REG AIR,express theodoli
30113-1,30113,355,84,1,24.00,30128.40,0.06,0.01,A,F,1992-04-07,1992-05-01,1992-05-07,DELIVER IN PERSON,AIR, silent pinto beans. carefully final pla
30114-1,30114,448,78,1,2.00,2696.88,0.00,0.03,A,F,1993-10-13,1993-09-16,1993-10-31,TAKE BACK RETURN,SHIP, the carefully special accoun
30114-2,30114,162,63,2,31.00,32926.96,0.08,0.08,R,F,1993-10-20,1993-10-24,1993-11-06,NONE,TRUCK,"thely ironic, ironic foxes. pen"
30115-1,30115,1011,12,1,28.00,25536.28,0.02,0.04,N,O,1998-01-18,1998-02-13,1998-01-29,TAKE BACK RETURN,MAIL,according to 
30115-2,30115,300,82,2,19.00,22805.70,0.08,0.02,N,O,1998-04-23,1998-03-11,1998-04-24,DELIVER IN PERSON,RAIL, across the blithely unusual courts ca
30116-1,30116,951,20,1,48.00,88893.60,0.03,0.05,N,O,1998-05-05,1998-05-18,1998-05-07,COLLECT COD,RAIL,ckages mold quickly even 
30116-2,30116,1137,74,2,34.00,35296.42,0.03,0.07,N,O,1998-06-23,1998-06-16,1998-07-06,NONE,RAIL,ithely regular re
30117-1,30117,819,86,1,6.00,10318.86,0.09,0.02,A,F,1993-09-21,1993-08-12,1993-10-02,NONE,SHIP, fluffily. fluffily regu
30117-2,30117,332,89,2,3.00,3696.99,0.08,0.01,R,F,1993-08-12,1993-08-08,1993-08-29,DELIVER IN PERSON,FOB,tes cajole blithely special t
30118-1,30118,444,45,1,31.00,41677.64,0.02,0.06,R,F,1993-05-12,1993-04-29,1993-06-06,NONE,FOB,fully at the blithely r
30118-2,30118,1192,1,2,50.00,54659.50,0.07,0.02,A,F,1993-07-10,1993-05-31,1993-07-29,DELIVER IN PERSON,MAIL, are above t
30118-3,30118,1320,59,3,30.00,36639.60,0.01,0.06,R,F,1993-04-15,1993-04-25,1993-04-25,NONE,MAIL,l requests. carefully pen
30118-4,30118,446,76,4,36.00,48471.84,0.07,0.02,A,F,1993-04-24,1993-05-21,1993-05-20,COLLECT COD,TRUCK, regular d
30119-1,30119,794,91,1,23.00,38980.17,0.00,0.03,N,O,1998-08-14,1998-07-27,1998-09-07,NONE,MAIL,ly bold requests cajole blithely
30119-2,30119,1064,65,2,18.00,17371.08,0.08,0.05,N,O,1998-09-10,1998-08-29,1998-09-29,TAKE BACK RETURN,TRUCK,! forges cajole blithely
30119-3,30119,1534,35,3,22.00,31581.66,0.01,0.03,N,O,1998-09-21,1998-07-15,1998-10-15,COLLECT COD,MAIL,ages integrate whithout the slyly 
30119-4,30119,187,66,4,29.00,31528.22,0.07,0.07,N,O,1998-08-02,1998-09-01,1998-09-01,DELIVER IN PERSON,SHIP,ar deposits sleep fluffily above the
30119-5,30119,159,86,5,49.00,51898.35,0.08,0.07,N,O,1998-09-18,1998-08-19,1998-09-27,COLLECT COD,TRUCK,ld accounts. carefull
30119-6,30119,1801,31,6,6.00,10216.80,0.10,0.08,N,O,1998-09-25,1998-07-19,1998-10-03,DELIVER IN PERSON,REG AIR,ounts sleep furiou
30144-1,30144,1817,4,1,33.00,56720.73,0.06,0.00,N,O,1995-09-19,1995-10-20,1995-10-12,NONE,RAIL,y according to the fi
30144-2,30144,567,28,2,36.00,52832.16,0.10,0.06,N,O,1995-11-10,1995-09-26,1995-11-30,NONE,SHIP,as: slyly ev
30144-3,30144,196,23,3,32.00,35078.08,0.07,0.02,N,O,1995-11-20,1995-10-31,1995-12-17,DELIVER IN PERSON,REG AIR,al platelets wake sometim
30144-4,30144,1312,13,4,23.00,27906.13,0.00,0.01,N,O,1995-10-22,1995-10-25,1995-11-03,DELIVER IN PERSON,AIR,ckages about the busy ideas affix furiously
30145-1,30145,345,2,1,19.00,23661.46,0.10,0.08,N,O,1998-09-19,1998-07-28,1998-10-09,NONE,RAIL, quickly regular accounts. even reque
30145-2,30145,473,74,2,43.00,59059.21,0.10,0.07,N,O,1998-09-24,1998-08-17,1998-10-23,COLLECT COD,SHIP, the slyly special
30145-3,30145,374,59,3,18.00,22938.66,0.10,0.06,N,O,1998-08-25,1998-08-21,1998-09-20,TAKE BACK RETURN,FOB,nic package
30145-4,30145,824,91,4,49.00,84516.18,0.08,0.03,N,O,1998-08-30,1998-08-02,1998-08-31,NONE,REG AIR,"p carefully even, regular courts"
30146-1,30146,1730,15,1,14.00,22844.22,0.08,0.04,N,O,1998-06-04,1998-07-06,1998-06-15,TAKE BACK RETURN,SHIP,ly slyly regular 
30147-1,30147,941,42,1,17.00,31312.98,0.03,0.08,A,F,1992-08-08,1992-08-10,1992-08-18,COLLECT COD,RAIL,fully regular deposit
30147-2,30147,730,31,2,50.00,81536.50,0.06,0.02,A,F,1992-08-24,1992-07-31,1992-08-28,TAKE BACK RETURN,REG AIR, daringly regu
30148-1,30148,808,42,1,44.00,75187.20,0.01,0.01,N,O,1997-07-04,1997-08-11,1997-07-13,DELIVER IN PERSON,MAIL,"ronic, final requests detec"
30148-2,30148,190,43,2,2.00,2180.38,0.08,0.08,N,O,1997-06-23,1997-08-16,1997-07-14,TAKE BACK RETURN,TRUCK,furiously regular packages engage quick
30148-3,30148,1357,72,3,38.00,47817.30,0.09,0.03,N,O,1997-08-16,1997-08-08,1997-09-14,COLLECT COD,AIR,endencies. furio
30148-4,30148,686,80,4,4.00,6346.72,0.06,0.07,N,O,1997-07-28,1997-09-01,1997-08-10,DELIVER IN PERSON,TRUCK,carefully. bold accounts 
30148-5,30148,1294,69,5,8.00,9562.32,0.05,0.05,N,O,1997-10-06,1997-07-14,1997-10-13,TAKE BACK RETURN,FOB,s. furiously ironic ideas
30148-6,30148,1907,8,6,11.00,19897.90,0.07,0.04,N,O,1997-07-03,1997-08-24,1997-07-08,COLLECT COD,FOB,deposits haggle carefull
30148-7,30148,1905,50,7,34.00,61434.60,0.07,0.07,N,O,1997-09-01,1997-08-26,1997-09-11,NONE,MAIL,es are at the slyly ironic deposi
30149-1,30149,432,33,1,46.00,61291.78,0.01,0.05,A,F,1994-03-21,1994-03-06,1994-04-13,NONE,AIR, accounts. requ
30149-2,30149,1312,89,2,47.00,57025.57,0.08,0.06,R,F,1994-03-04,1994-01-16,1994-03-30,DELIVER IN PERSON,TRUCK,jole. fluffily ironic dugouts besides
30149-3,30149,1758,59,3,41.00,68049.75,0.03,0.08,R,F,1994-04-06,1994-03-01,1994-05-03,NONE,AIR,e fluffily regular depende
30149-4,30149,1844,45,4,8.00,13966.72,0.02,0.08,A,F,1994-01-11,1994-02-25,1994-01-13,COLLECT COD,RAIL, regular asymptotes sleep blithe
30149-5,30149,576,37,5,16.00,23625.12,0.04,0.04,A,F,1994-04-06,1994-03-01,1994-04-25,TAKE BACK RETURN,AIR,ic pains. quickly un
30150-1,30150,1614,38,1,23.00,34859.03,0.02,0.08,R,F,1994-01-15,1994-01-01,1994-01-27,TAKE BACK RETURN,MAIL,ng foxes sublate slyly by
30151-1,30151,803,3,1,24.00,40891.20,0.01,0.05,R,F,1995-02-23,1995-03-25,1995-03-21,TAKE BACK RETURN,MAIL,ress instructions mold a
30151-2,30151,1681,64,2,47.00,74385.96,0.04,0.00,R,F,1995-02-04,1995-03-22,1995-02-26,TAKE BACK RETURN,SHIP,eep even excuses. always ironic ideas s
30151-3,30151,187,14,3,30.00,32615.40,0.05,0.01,R,F,1995-05-13,1995-04-28,1995-05-23,TAKE BACK RETURN,SHIP,close dependencies cajole fur
30176-1,30176,856,57,1,47.00,82571.95,0.04,0.01,A,F,1994-08-04,1994-07-04,1994-08-18,DELIVER IN PERSON,FOB,s boost against the blithely 
30176-2,30176,1588,9,2,8.00,11916.64,0.10,0.00,R,F,1994-04-28,1994-06-24,1994-05-17,COLLECT COD,TRUCK,s sleep furiously for the slyly ironic pac
30176-3,30176,1606,30,3,3.00,4522.80,0.00,0.02,R,F,1994-05-09,1994-06-08,1994-06-07,NONE,REG AIR,usual patterns affix fluffily. final pack
30176-4,30176,1046,52,4,8.00,7576.32,0.10,0.05,R,F,1994-07-27,1994-07-02,1994-08-07,NONE,AIR,ies; bold ideas wake fur
30176-5,30176,409,10,5,10.00,13094.00,0.07,0.03,A,F,1994-07-06,1994-06-23,1994-07-31,NONE,FOB,kages are af
30177-1,30177,259,41,1,11.00,12751.75,0.09,0.08,R,F,1992-11-03,1993-01-14,1992-11-30,TAKE BACK RETURN,TRUCK,are across the express packages. qu
30178-1,30178,1864,8,1,49.00,86527.14,0.03,0.03,A,F,1992-11-25,1993-01-04,1992-11-30,NONE,MAIL,oost silent deposit
30179-1,30179,1027,33,1,18.00,16704.36,0.10,0.02,N,O,1998-01-17,1998-01-25,1998-02-08,DELIVER IN PERSON,RAIL,t the bold wa
30179-2,30179,1448,27,2,18.00,24289.92,0.05,0.05,N,O,1998-02-25,1998-01-20,1998-03-15,COLLECT COD,RAIL,haggle carefully express ideas: 
30179-3,30179,922,57,3,29.00,52864.68,0.10,0.04,N,O,1998-01-12,1997-12-20,1998-01-26,COLLECT COD,FOB,s cajole amo
30179-4,30179,1259,34,4,44.00,51051.00,0.06,0.07,N,O,1998-02-02,1997-12-07,1998-02-09,NONE,MAIL,uffily regular instructions boost slyly.
30179-5,30179,1957,90,5,10.00,18589.50,0.02,0.03,N,O,1997-12-01,1998-01-09,1997-12-18,DELIVER IN PERSON,RAIL,fully along
30179-6,30179,829,30,6,14.00,24217.48,0.07,0.01,N,O,1997-12-09,1998-01-15,1998-01-06,DELIVER IN PERSON,AIR,ully final
30179-7,30179,835,69,7,6.00,10414.98,0.02,0.07,N,O,1998-01-13,1998-01-11,1998-02-09,DELIVER IN PERSON,SHIP,y busy pinto beans sleep carefully b
30180-1,30180,413,43,1,38.00,49909.58,0.00,0.08,N,O,1997-02-11,1997-02-09,1997-02-21,DELIVER IN PERSON,REG AIR,theodolites
30180-2,30180,921,90,2,3.00,5465.76,0.06,0.03,N,O,1997-02-26,1997-03-24,1997-03-17,COLLECT COD,AIR,efully sly packages. carefully
30180-3,30180,865,66,3,33.00,58273.38,0.09,0.01,N,O,1997-05-02,1997-02-09,1997-05-03,NONE,REG AIR,ges. packages are beyon
30180-4,30180,1375,90,4,17.00,21698.29,0.06,0.04,N,O,1997-04-09,1997-03-31,1997-04-27,DELIVER IN PERSON,TRUCK,thely silent ideas. bl
30180-5,30180,1101,38,5,9.00,9018.90,0.01,0.08,N,O,1997-02-15,1997-03-16,1997-03-11,DELIVER IN PERSON,FOB,ds use across the ruthlessly silent d
30180-6,30180,1000,3,6,11.00,9911.00,0.05,0.02,N,O,1997-01-15,1997-02-20,1997-02-06,DELIVER IN PERSON,RAIL, are quickly along the blithely ironic foxe
30181-1,30181,259,60,1,35.00,40573.75,0.04,0.03,N,O,1996-08-25,1996-10-06,1996-08-31,COLLECT COD,TRUCK,nto beans play. carefully special instru
30181-2,30181,1908,97,2,15.00,27148.50,0.09,0.00,N,O,1996-10-25,1996-10-11,1996-11-05,NONE,AIR,gle slyly unusual instructi
30182-1,30182,629,61,1,16.00,24473.92,0.08,0.07,A,F,1995-04-11,1995-04-03,1995-04-24,NONE,RAIL,unts. carefully even
30183-1,30183,410,98,1,30.00,39312.30,0.05,0.05,N,O,1997-09-23,1997-08-24,1997-10-11,DELIVER IN PERSON,RAIL,ual dependencies was enticingly. even depos
30183-2,30183,933,34,2,5.00,9169.65,0.06,0.03,N,O,1997-07-24,1997-08-28,1997-08-19,COLLECT COD,AIR,t the blithely final sent
30183-3,30183,1703,4,3,25.00,40117.50,0.03,0.03,N,O,1997-07-06,1997-07-13,1997-07-12,NONE,TRUCK, accounts lose blithely. blithely ironic pa
30183-4,30183,1774,75,4,11.00,18433.47,0.09,0.06,N,O,1997-08-30,1997-07-29,1997-09-09,NONE,REG AIR,ccounts hinder slyly. quickly f
30183-5,30183,407,8,5,31.00,40529.40,0.07,0.01,N,O,1997-06-11,1997-07-12,1997-06-21,DELIVER IN PERSON,REG AIR,alongside of the fox
30183-6,30183,346,75,6,31.00,38636.54,0.10,0.02,N,O,1997-08-02,1997-07-17,1997-08-18,COLLECT COD,FOB,s. special packages boost slyly carefu
30208-1,30208,674,37,1,33.00,51964.11,0.10,0.05,A,F,1992-10-19,1992-08-27,1992-11-12,NONE,FOB,d excuses cajole special 
30208-2,30208,985,20,2,43.00,81097.14,0.05,0.06,R,F,1992-09-10,1992-09-06,1992-09-28,DELIVER IN PERSON,AIR,ggle slyly 
30208-3,30208,987,90,3,26.00,49087.48,0.05,0.07,A,F,1992-10-21,1992-08-25,1992-10-28,DELIVER IN PERSON,RAIL,jole furiously after
30208-4,30208,1254,92,4,50.00,57762.50,0.06,0.04,A,F,1992-09-11,1992-09-24,1992-09-15,TAKE BACK RETURN,RAIL,ven accounts. thinly regular instructions
30208-5,30208,1098,4,5,4.00,3996.36,0.08,0.08,A,F,1992-07-23,1992-10-04,1992-07-29,NONE,MAIL,ealms after the blithely bold requ
30208-6,30208,548,39,6,44.00,63735.76,0.04,0.03,A,F,1992-10-06,1992-09-21,1992-11-04,TAKE BACK RETURN,RAIL,onic requests: slyly 
30208-7,30208,180,33,7,45.00,48608.10,0.03,0.07,R,F,1992-08-13,1992-09-01,1992-08-27,COLLECT COD,TRUCK, integrate quickl
30209-1,30209,959,94,1,29.00,53938.55,0.09,0.01,A,F,1995-01-08,1994-12-16,1995-01-23,COLLECT COD,REG AIR, carefully. furiously r
30209-2,30209,533,34,2,15.00,21502.95,0.02,0.02,R,F,1995-01-13,1995-01-28,1995-01-18,DELIVER IN PERSON,REG AIR, slyly pending packages haggle regula
30210-1,30210,1858,45,1,42.00,73913.70,0.05,0.05,N,O,1998-03-30,1998-05-04,1998-04-11,NONE,TRUCK,refully. even accounts 
30210-2,30210,362,91,2,24.00,30296.64,0.09,0.01,N,O,1998-05-10,1998-05-19,1998-05-30,COLLECT COD,TRUCK,ainst the platelets sleep slyly 
30210-3,30210,471,72,3,23.00,31543.81,0.01,0.07,N,O,1998-04-17,1998-04-10,1998-05-07,DELIVER IN PERSON,TRUCK,. blithely fina
30210-4,30210,1151,52,4,18.00,18938.70,0.03,0.05,N,O,1998-03-19,1998-04-06,1998-03-24,DELIVER IN PERSON,TRUCK,ths integrate carefu
30211-1,30211,327,28,1,22.00,27001.04,0.01,0.07,A,F,1993-09-05,1993-07-19,1993-09-14,TAKE BACK RETURN,AIR,kages cajole fluffil
30211-2,30211,1701,44,2,5.00,8013.50,0.01,0.00,R,F,1993-08-23,1993-09-06,1993-08-27,TAKE BACK RETURN,REG AIR,", special a"
30211-3,30211,1068,39,3,32.00,31009.92,0.06,0.08,A,F,1993-08-30,1993-08-19,1993-09-23,NONE,AIR,its nag furiously. unusu
30211-4,30211,637,38,4,4.00,6150.52,0.10,0.04,A,F,1993-09-16,1993-07-20,1993-09-25,COLLECT COD,AIR,ously silent deposits sleep. carefully ir
30211-5,30211,742,43,5,34.00,55853.16,0.05,0.01,A,F,1993-09-18,1993-08-03,1993-10-15,DELIVER IN PERSON,AIR,ly blithely bold packages. fluffily even
30211-6,30211,760,57,6,46.00,76394.96,0.05,0.00,R,F,1993-08-05,1993-07-24,1993-08-24,NONE,REG AIR,lyly regular ins
30211-7,30211,642,36,7,32.00,49364.48,0.05,0.07,A,F,1993-08-15,1993-08-29,1993-08-27,DELIVER IN PERSON,RAIL,ly bold dependencies. furiousl
30212-1,30212,717,14,1,22.00,35589.62,0.06,0.03,N,O,1998-01-23,1998-01-28,1998-02-14,DELIVER IN PERSON,MAIL,eposits. carefully bold att
30212-2,30212,1357,58,2,34.00,42783.90,0.10,0.02,N,O,1998-01-09,1998-02-08,1998-01-31,TAKE BACK RETURN,RAIL,"t slyly: even pinto beans haggle bold, reg"
30212-3,30212,367,96,3,38.00,48159.68,0.04,0.02,N,O,1997-12-29,1998-01-15,1997-12-30,COLLECT COD,MAIL,"hely according to the even, express"
30212-4,30212,831,65,4,21.00,36368.43,0.06,0.04,N,O,1998-02-24,1998-01-13,1998-03-01,TAKE BACK RETURN,RAIL,arefully even 
30212-5,30212,646,78,5,18.00,27839.52,0.01,0.06,N,O,1997-12-08,1997-12-30,1997-12-21,NONE,FOB,s. furiously even 
30212-6,30212,1648,90,6,22.00,34092.08,0.08,0.04,N,O,1998-03-08,1998-01-21,1998-03-17,NONE,SHIP,y alongside of th
30213-1,30213,7,83,1,9.00,8163.00,0.05,0.08,R,F,1993-05-17,1993-06-23,1993-05-23,DELIVER IN PERSON,SHIP,"lyly pending, final accounts. blithel"
30214-1,30214,1591,32,1,2.00,2985.18,0.08,0.05,A,F,1994-12-09,1994-12-04,1995-01-07,TAKE BACK RETURN,MAIL,quietly blithely final packages
30214-2,30214,1355,70,2,28.00,35177.80,0.04,0.07,R,F,1994-10-25,1994-11-06,1994-11-19,COLLECT COD,REG AIR, the carefully silent pinto bean
30214-3,30214,749,50,3,43.00,70938.82,0.03,0.05,A,F,1994-11-30,1994-11-06,1994-12-26,DELIVER IN PERSON,REG AIR,ly final instruc
30214-4,30214,462,21,4,5.00,6812.30,0.01,0.00,R,F,1994-11-04,1994-12-10,1994-11-05,TAKE BACK RETURN,RAIL,ully special deposits haggle abo
30214-5,30214,915,50,5,10.00,18159.10,0.10,0.03,R,F,1994-12-02,1994-12-09,1994-12-20,NONE,TRUCK,carefully close depo
30214-6,30214,236,91,6,34.00,38631.82,0.04,0.07,R,F,1995-01-06,1994-11-07,1995-01-24,COLLECT COD,SHIP,s. blithely express 
30214-7,30214,1018,19,7,9.00,8271.09,0.08,0.08,R,F,1994-10-17,1994-11-09,1994-11-08,DELIVER IN PERSON,MAIL,s about the a
30215-1,30215,253,8,1,36.00,41517.00,0.02,0.07,A,F,1994-06-24,1994-04-26,1994-06-30,COLLECT COD,RAIL,s above the sil
30215-2,30215,16,67,2,34.00,31144.34,0.02,0.08,A,F,1994-06-06,1994-04-05,1994-06-12,TAKE BACK RETURN,RAIL,riously furiously bold pint
30215-3,30215,244,26,3,17.00,19452.08,0.00,0.00,R,F,1994-04-22,1994-04-04,1994-05-11,NONE,TRUCK,ly. quickly express deposits 
30215-4,30215,1394,71,4,31.00,40157.09,0.10,0.02,A,F,1994-05-11,1994-04-12,1994-05-23,NONE,AIR,cross the ironic foxes. ironicall
30215-5,30215,475,5,5,12.00,16505.64,0.07,0.00,R,F,1994-03-07,1994-04-06,1994-03-31,NONE,SHIP,re slyly unusual requests. pinto
30215-6,30215,1794,37,6,27.00,45786.33,0.00,0.05,R,F,1994-04-11,1994-04-19,1994-05-11,TAKE BACK RETURN,TRUCK,lar deposits slee
30215-7,30215,730,27,7,45.00,73382.85,0.00,0.04,R,F,1994-05-18,1994-04-16,1994-06-05,TAKE BACK RETURN,MAIL, slyly regu
30240-1,30240,1596,97,1,50.00,74879.50,0.00,0.06,N,O,1998-03-25,1998-06-11,1998-04-09,NONE,AIR,carefully quickly pen
30240-2,30240,233,15,2,17.00,19264.91,0.10,0.04,N,O,1998-04-04,1998-04-26,1998-04-07,NONE,REG AIR,ual packages believe regularly whithout th
30240-3,30240,1704,47,3,17.00,27296.90,0.00,0.07,N,O,1998-04-01,1998-06-06,1998-04-25,NONE,FOB, pearls was s
30240-4,30240,1357,96,4,26.00,32717.10,0.08,0.02,N,O,1998-04-02,1998-04-17,1998-04-11,NONE,REG AIR, furiously a
30240-5,30240,806,40,5,1.00,1706.80,0.05,0.04,N,O,1998-04-10,1998-04-20,1998-05-06,DELIVER IN PERSON,RAIL," even, thi"
30240-6,30240,1914,15,6,11.00,19975.01,0.06,0.07,N,O,1998-05-04,1998-05-18,1998-05-05,COLLECT COD,AIR,y bold requests. careful
30241-1,30241,300,55,1,45.00,54013.50,0.02,0.00,N,O,1997-10-17,1997-10-14,1997-11-13,TAKE BACK RETURN,FOB,riously even platelets wake carefully. n
30241-2,30241,26,52,2,37.00,34262.74,0.08,0.00,N,O,1997-09-06,1997-11-05,1997-09-11,NONE,REG AIR,dolites. quickly c
30241-3,30241,619,51,3,46.00,69902.06,0.09,0.01,N,O,1997-09-26,1997-11-05,1997-10-25,COLLECT COD,FOB, the pending packages ar
30242-1,30242,850,51,1,46.00,80539.10,0.00,0.00,N,O,1998-05-16,1998-05-27,1998-06-04,DELIVER IN PERSON,REG AIR,. slyly unusual multipliers d
30242-2,30242,1498,38,2,14.00,19592.86,0.03,0.06,N,O,1998-06-15,1998-07-08,1998-06-16,DELIVER IN PERSON,RAIL,heodolites. slyly final dep
30243-1,30243,57,83,1,11.00,10527.55,0.04,0.02,A,F,1993-05-22,1993-08-03,1993-06-03,NONE,SHIP,packages cajole carefully
30243-2,30243,1146,55,2,26.00,27225.64,0.03,0.06,R,F,1993-05-19,1993-06-11,1993-05-23,COLLECT COD,REG AIR,foxes. fluffily regular dep
30243-3,30243,1907,40,3,4.00,7235.60,0.06,0.04,R,F,1993-08-22,1993-06-20,1993-09-05,TAKE BACK RETURN,MAIL,ans. carefully ironic instructions hagg
30243-4,30243,116,43,4,9.00,9144.99,0.08,0.04,R,F,1993-07-12,1993-06-28,1993-07-30,NONE,REG AIR,inal accounts detect fu
30243-5,30243,855,89,5,22.00,38628.70,0.03,0.08,A,F,1993-06-09,1993-07-24,1993-07-05,NONE,TRUCK, blithe deposits. r
30243-6,30243,529,90,6,47.00,67187.44,0.04,0.07,A,F,1993-05-08,1993-06-08,1993-05-22,DELIVER IN PERSON,TRUCK,ronic instru
30243-7,30243,1849,50,7,16.00,28013.44,0.01,0.04,A,F,1993-06-05,1993-07-28,1993-06-08,NONE,MAIL,yly ironic packages about the blithely
30244-1,30244,834,34,1,4.00,6939.32,0.09,0.05,N,O,1996-09-09,1996-10-09,1996-09-21,NONE,FOB,"quickly silent asymptotes. pending,"
30244-2,30244,866,66,2,21.00,37104.06,0.07,0.08,N,O,1996-10-10,1996-10-20,1996-10-16,TAKE BACK RETURN,AIR,ourts wake along
30244-3,30244,1365,42,3,31.00,39257.16,0.10,0.08,N,O,1996-08-19,1996-09-03,1996-09-03,NONE,REG AIR,ep. carefully
30244-4,30244,1830,31,4,2.00,3463.66,0.08,0.03,N,O,1996-09-04,1996-10-18,1996-09-30,TAKE BACK RETURN,SHIP, foxes. quickly regular ideas
30245-1,30245,71,97,1,46.00,44669.22,0.09,0.06,N,O,1997-12-31,1998-01-29,1998-01-02,DELIVER IN PERSON,TRUCK,"haggle slyly. bold, special p"
30245-2,30245,451,10,2,34.00,45949.30,0.04,0.05,N,O,1998-03-27,1998-01-16,1998-04-01,NONE,SHIP,"ng to the unusual, unusual instru"
30245-3,30245,583,14,3,36.00,53408.88,0.04,0.04,N,O,1998-02-20,1998-02-16,1998-02-23,TAKE BACK RETURN,RAIL,pinto beans wake ruthless
30246-1,30246,1661,62,1,32.00,50005.12,0.10,0.08,N,O,1996-12-06,1996-11-30,1996-12-10,COLLECT COD,MAIL,"t the furiously regular ideas. pending,"
30246-2,30246,1261,36,2,48.00,55788.48,0.02,0.02,N,O,1997-02-15,1996-12-05,1997-02-20,TAKE BACK RETURN,RAIL,rate furiously final packages. 
30247-1,30247,449,50,1,32.00,43182.08,0.08,0.00,N,O,1998-08-06,1998-06-17,1998-09-04,NONE,RAIL,y express ideas. final dolphins are car
30247-2,30247,1985,74,2,21.00,39626.58,0.08,0.04,N,O,1998-05-16,1998-06-18,1998-06-09,COLLECT COD,RAIL,ckly regular dependencies.
30247-3,30247,772,5,3,13.00,21746.01,0.03,0.07,N,O,1998-07-17,1998-07-12,1998-08-10,DELIVER IN PERSON,SHIP," according to the express, bold packag"
30247-4,30247,180,81,4,35.00,37806.30,0.04,0.07,N,O,1998-08-21,1998-07-01,1998-09-20,COLLECT COD,RAIL,uffily stealthy theodolites sle
30247-5,30247,1247,48,5,26.00,29854.24,0.04,0.06,N,O,1998-05-25,1998-06-23,1998-05-30,TAKE BACK RETURN,MAIL,lly quickly s
30272-1,30272,1724,25,1,31.00,50397.32,0.08,0.06,N,O,1996-10-07,1996-08-08,1996-10-15,NONE,RAIL,cajole about the accou
30272-2,30272,400,1,2,2.00,2600.80,0.02,0.08,N,O,1996-10-22,1996-08-22,1996-11-13,NONE,MAIL,s. ironic accounts u
30273-1,30273,931,34,1,2.00,3663.86,0.05,0.03,N,O,1997-03-29,1997-04-19,1997-04-24,DELIVER IN PERSON,RAIL,totes boost quickly quickly fi
30273-2,30273,1271,83,2,11.00,12894.97,0.09,0.01,N,O,1997-02-15,1997-02-20,1997-02-16,COLLECT COD,TRUCK, requests use after the quiet r
30273-3,30273,1364,79,3,16.00,20245.76,0.00,0.02,N,O,1997-05-03,1997-04-16,1997-05-19,TAKE BACK RETURN,MAIL,"usly ironic packages. regular, "
30273-4,30273,957,92,4,44.00,81749.80,0.09,0.02,N,O,1997-04-17,1997-02-20,1997-04-19,DELIVER IN PERSON,REG AIR," fluffy, ironic packages haggle a"
30273-5,30273,678,10,5,46.00,72618.82,0.10,0.04,N,O,1997-02-07,1997-04-12,1997-03-07,TAKE BACK RETURN,AIR,"r the bold, final ideas haggle "
30274-1,30274,69,95,1,26.00,25195.56,0.07,0.08,N,O,1998-01-02,1997-12-14,1998-01-22,TAKE BACK RETURN,MAIL,ter the furiously final 
30274-2,30274,1340,55,2,45.00,55860.30,0.01,0.02,N,O,1997-11-11,1997-12-22,1997-12-05,DELIVER IN PERSON,MAIL,"are slyly. stealthy, ironic requ"
30274-3,30274,1758,43,3,16.00,26556.00,0.05,0.06,N,O,1998-01-03,1997-12-30,1998-01-09,DELIVER IN PERSON,MAIL,beans are against the special requests.
30274-4,30274,1640,82,4,30.00,46249.20,0.01,0.02,N,O,1997-12-19,1997-11-12,1997-12-27,NONE,REG AIR,". regular, unusual accounts across t"
30274-5,30274,314,43,5,24.00,29143.44,0.06,0.02,N,O,1997-12-17,1997-12-05,1998-01-08,COLLECT COD,REG AIR,jole furiously express foxes. ironic gifts
30275-1,30275,1004,5,1,11.00,9955.00,0.06,0.00,N,O,1997-11-10,1997-12-17,1997-12-10,DELIVER IN PERSON,FOB, ironic pack
30275-2,30275,1110,47,2,6.00,6066.66,0.03,0.04,N,O,1998-01-07,1997-12-18,1998-01-14,DELIVER IN PERSON,SHIP,es. pending foxes print along the blithely
30275-3,30275,1612,36,3,7.00,10595.27,0.10,0.02,N,O,1998-01-14,1997-12-07,1998-01-16,TAKE BACK RETURN,REG AIR,"unts. accounts cajole ironic, regular re"
30275-4,30275,180,81,4,16.00,17282.88,0.08,0.08,N,O,1997-11-06,1998-01-01,1997-12-05,TAKE BACK RETURN,REG AIR,ly. accounts are b
30275-5,30275,271,99,5,13.00,15226.51,0.10,0.08,N,O,1997-11-24,1997-12-26,1997-12-23,COLLECT COD,TRUCK,. pinto beans sleep fluffily e
30275-6,30275,1747,32,6,4.00,6594.96,0.09,0.00,N,O,1998-02-02,1997-12-24,1998-03-04,NONE,MAIL,ajole slyly. special courts wak
30275-7,30275,901,36,7,9.00,16217.10,0.06,0.03,N,O,1998-02-08,1997-12-22,1998-02-20,NONE,AIR,uriously bold dependenc
30276-1,30276,1076,12,1,22.00,21495.54,0.10,0.04,N,O,1995-11-10,1995-11-04,1995-11-17,NONE,RAIL,ithely regula
30276-2,30276,1884,85,2,3.00,5357.64,0.04,0.00,N,O,1995-10-24,1995-10-17,1995-10-27,NONE,RAIL,inal platelets. quickly express req
30276-3,30276,1161,98,3,35.00,37175.60,0.08,0.05,N,O,1995-11-07,1995-10-27,1995-11-13,COLLECT COD,RAIL,"ickly after the bold, ironic"
30276-4,30276,1391,68,4,39.00,50403.21,0.08,0.04,N,O,1995-11-03,1995-09-30,1995-11-30,DELIVER IN PERSON,MAIL,ithely express foxes 
30276-5,30276,518,49,5,39.00,55321.89,0.01,0.04,N,O,1995-11-13,1995-10-20,1995-12-08,COLLECT COD,RAIL,uests wake furious
30277-1,30277,476,35,1,5.00,6882.35,0.00,0.06,N,O,1998-01-19,1998-03-01,1998-01-26,TAKE BACK RETURN,TRUCK,ly unusual instructions sleep 
30277-2,30277,1954,43,2,11.00,20415.45,0.08,0.05,N,O,1998-04-23,1998-03-03,1998-05-07,TAKE BACK RETURN,TRUCK, final packages affix. blithely silent
30277-3,30277,1714,57,3,49.00,79169.79,0.03,0.03,N,O,1998-02-10,1998-03-20,1998-02-21,TAKE BACK RETURN,SHIP,nts. slyly express deposits around the furi
30277-4,30277,555,86,4,20.00,29111.00,0.04,0.01,N,O,1998-01-19,1998-03-27,1998-01-29,NONE,RAIL,"posits integrate quickly. even, e"
30277-5,30277,1164,65,5,17.00,18107.72,0.02,0.02,N,O,1998-03-10,1998-02-19,1998-03-13,NONE,RAIL,y final requests integrate furi
30278-1,30278,1543,64,1,12.00,17334.48,0.07,0.01,A,F,1994-11-28,1994-12-02,1994-12-11,COLLECT COD,REG AIR,ts sleep carefully. fluff
30278-2,30278,2,3,2,11.00,9922.00,0.04,0.00,A,F,1994-11-24,1994-12-09,1994-12-07,TAKE BACK RETURN,MAIL, carefully pendin
30278-3,30278,941,42,3,4.00,7367.76,0.01,0.08,R,F,1994-10-11,1994-12-02,1994-10-25,DELIVER IN PERSON,FOB,g asymptotes doubt fluffily alongside of 
30278-4,30278,1365,42,4,1.00,1266.36,0.09,0.06,A,F,1995-01-13,1994-12-18,1995-02-03,COLLECT COD,FOB,ages cajole. slyly regular
30279-1,30279,1736,37,1,28.00,45856.44,0.00,0.08,N,O,1996-03-02,1996-01-23,1996-03-08,COLLECT COD,AIR, ironic decoys 
30279-2,30279,326,83,2,32.00,39242.24,0.10,0.08,N,O,1995-12-20,1996-02-19,1996-01-10,COLLECT COD,SHIP,y quickly special sauternes. furiously
30279-3,30279,1332,47,3,19.00,23433.27,0.01,0.05,N,O,1996-02-17,1996-02-19,1996-02-21,TAKE BACK RETURN,SHIP,nic requests along the slyly
30279-4,30279,988,23,4,12.00,22667.76,0.10,0.05,N,O,1996-04-04,1996-02-13,1996-04-06,TAKE BACK RETURN,AIR, furiously according to the packages. final
30279-5,30279,897,64,5,48.00,86298.72,0.03,0.03,N,O,1996-04-04,1996-02-23,1996-04-12,TAKE BACK RETURN,TRUCK, dependencies about the
30279-6,30279,1935,80,6,18.00,33064.74,0.04,0.03,N,O,1996-04-03,1996-03-07,1996-04-17,COLLECT COD,SHIP,y during the pe
30279-7,30279,1843,44,7,3.00,5234.52,0.01,0.03,N,O,1996-01-03,1996-02-22,1996-01-07,TAKE BACK RETURN,REG AIR,fully unusual excuses. unusu
30304-1,30304,1974,63,1,31.00,58155.07,0.00,0.06,N,O,1995-08-25,1995-09-11,1995-09-11,DELIVER IN PERSON,REG AIR,onic foxes
30304-2,30304,392,21,2,8.00,10339.12,0.02,0.03,N,O,1995-07-03,1995-08-16,1995-07-27,DELIVER IN PERSON,REG AIR,are quickly. blithely final packag
30304-3,30304,1338,53,3,9.00,11153.97,0.01,0.02,N,O,1995-06-30,1995-08-02,1995-07-05,DELIVER IN PERSON,MAIL,ironic packages cajole. express 
30304-4,30304,1131,32,4,11.00,11353.43,0.05,0.00,N,O,1995-08-24,1995-08-10,1995-08-27,DELIVER IN PERSON,RAIL, accounts. express requests among 
30304-5,30304,1004,10,5,11.00,9955.00,0.07,0.04,N,O,1995-07-11,1995-09-13,1995-07-20,TAKE BACK RETURN,FOB,blithely. carefully express requests
30304-6,30304,1687,29,6,14.00,22241.52,0.09,0.04,N,O,1995-09-20,1995-08-12,1995-10-02,NONE,FOB,nal requests. quick deposits
30305-1,30305,1089,90,1,42.00,41583.36,0.04,0.04,A,F,1992-04-21,1992-05-24,1992-05-09,NONE,FOB,haggle always against
30305-2,30305,1876,63,2,31.00,55113.97,0.01,0.04,R,F,1992-07-27,1992-07-11,1992-08-16,COLLECT COD,RAIL," deposits? foxes detect. final, even "
30305-3,30305,1615,57,3,27.00,40948.47,0.10,0.00,R,F,1992-07-01,1992-05-19,1992-07-15,COLLECT COD,FOB,ully ironic
30306-1,30306,1046,82,1,35.00,33146.40,0.10,0.03,N,O,1995-08-15,1995-09-03,1995-08-17,TAKE BACK RETURN,AIR,gle blithely slyly permane
30307-1,30307,407,66,1,5.00,6537.00,0.06,0.01,A,F,1992-07-20,1992-06-23,1992-08-07,NONE,REG AIR,efully final ideas. slyly ironic th
30307-2,30307,365,94,2,32.00,40491.52,0.08,0.04,A,F,1992-07-08,1992-07-28,1992-07-16,DELIVER IN PERSON,REG AIR,cuses wake daringly slyly silent deposits. 
30307-3,30307,757,58,3,23.00,38128.25,0.09,0.08,R,F,1992-07-11,1992-07-02,1992-08-02,DELIVER IN PERSON,RAIL,xcuses play slyly. blithely regular d
30307-4,30307,1203,78,4,10.00,11042.00,0.04,0.07,A,F,1992-06-16,1992-07-28,1992-06-26,NONE,AIR,lar theodolites grow slyly regular th
30307-5,30307,1194,31,5,7.00,7666.33,0.05,0.01,R,F,1992-06-04,1992-06-30,1992-06-17,TAKE BACK RETURN,TRUCK,"d furiously silent, silent requests:"
30308-1,30308,865,32,1,24.00,42380.64,0.06,0.06,A,F,1993-05-09,1993-04-24,1993-05-11,DELIVER IN PERSON,AIR,accounts. carefully 
30308-2,30308,1277,89,2,10.00,11782.70,0.01,0.06,R,F,1993-05-21,1993-04-28,1993-06-09,TAKE BACK RETURN,RAIL, regular pinto beans sleep across
30308-3,30308,337,38,3,8.00,9898.64,0.04,0.04,A,F,1993-03-28,1993-05-17,1993-04-21,NONE,REG AIR,fily pending excuses abov
30309-1,30309,52,53,1,41.00,39034.05,0.03,0.05,N,O,1996-12-12,1996-11-11,1996-12-19,NONE,SHIP, according 
30310-1,30310,1962,63,1,28.00,52190.88,0.04,0.03,R,F,1992-07-31,1992-06-30,1992-08-29,COLLECT COD,AIR,n above the doggedly final d
30310-2,30310,1832,33,2,11.00,19072.13,0.00,0.02,R,F,1992-05-19,1992-06-13,1992-06-04,TAKE BACK RETURN,SHIP,ar foxes us
30310-3,30310,1161,34,3,36.00,38237.76,0.01,0.03,A,F,1992-06-15,1992-06-17,1992-07-02,COLLECT COD,RAIL,"ial sentiments. final, ruthle"
30310-4,30310,926,29,4,6.00,10961.52,0.05,0.02,A,F,1992-05-31,1992-07-11,1992-06-29,TAKE BACK RETURN,AIR,"round the quickly regular frays. bold, bold"
30311-1,30311,1037,8,1,6.00,5628.18,0.10,0.04,R,F,1992-11-21,1992-10-17,1992-12-13,TAKE BACK RETURN,TRUCK,asymptotes:
30311-2,30311,1340,17,2,15.00,18620.10,0.03,0.03,R,F,1992-09-30,1992-10-01,1992-10-10,TAKE BACK RETURN,RAIL,"unts. unusual, unusual"
30311-3,30311,1170,7,3,14.00,14996.38,0.10,0.08,R,F,1992-09-20,1992-11-04,1992-09-29,NONE,AIR,al theodolites
30311-4,30311,633,27,4,19.00,29138.97,0.09,0.04,A,F,1992-08-30,1992-09-25,1992-09-11,DELIVER IN PERSON,AIR,about the furiously regular
30311-5,30311,1599,80,5,32.00,48018.88,0.06,0.00,R,F,1992-10-03,1992-09-07,1992-10-12,TAKE BACK RETURN,SHIP,slyly final asymptotes integrate care
30311-6,30311,443,73,6,39.00,52394.16,0.03,0.04,R,F,1992-10-02,1992-10-07,1992-10-14,NONE,MAIL,atelets sleep above the slyly
30336-1,30336,1172,45,1,46.00,49365.82,0.01,0.07,R,F,1993-03-25,1993-04-12,1993-03-31,TAKE BACK RETURN,TRUCK,ar foxes. idly unusual instruction
30336-2,30336,998,33,2,37.00,70262.63,0.02,0.06,R,F,1993-03-03,1993-04-27,1993-03-18,TAKE BACK RETURN,RAIL,tions haggle enticingly along
30336-3,30336,1288,26,3,17.00,20217.76,0.02,0.07,R,F,1993-04-09,1993-03-29,1993-04-16,NONE,RAIL,onic reque
30336-4,30336,1637,79,4,17.00,26156.71,0.06,0.07,A,F,1993-03-29,1993-04-05,1993-04-23,DELIVER IN PERSON,FOB,aphs nod blithely fluffily final pin
30337-1,30337,80,56,1,44.00,43123.52,0.00,0.02,N,O,1997-06-04,1997-07-24,1997-06-19,NONE,RAIL, detect slyly. furiously final deposits ac
30337-2,30337,1764,7,2,27.00,44975.52,0.09,0.03,N,O,1997-09-02,1997-08-09,1997-09-30,NONE,AIR,"ecial, regular deposits wake about "
30337-3,30337,1830,60,3,6.00,10390.98,0.02,0.02,N,O,1997-07-25,1997-07-02,1997-08-24,NONE,SHIP,posits haggle furiously. accounts
30337-4,30337,1316,17,4,6.00,7303.86,0.00,0.06,N,O,1997-06-01,1997-07-19,1997-06-02,TAKE BACK RETURN,TRUCK,"ong the special, final warth"
30338-1,30338,1350,27,1,36.00,45048.60,0.03,0.02,N,O,1998-04-02,1998-03-08,1998-04-17,COLLECT COD,AIR,according to the carefully ironic ideas u
30338-2,30338,1494,34,2,4.00,5581.96,0.01,0.08,N,O,1998-02-02,1998-02-13,1998-02-03,NONE,REG AIR,jole carefully across the Tiresias. de
30339-1,30339,857,24,1,50.00,87892.50,0.01,0.00,A,F,1993-07-04,1993-07-01,1993-07-24,NONE,RAIL,"lly about the ironic, special m"
30339-2,30339,388,89,2,26.00,33497.88,0.03,0.06,A,F,1993-08-22,1993-06-29,1993-09-11,DELIVER IN PERSON,MAIL,te blithely. evenly blith
30339-3,30339,879,79,3,27.00,48056.49,0.04,0.08,A,F,1993-07-16,1993-06-08,1993-08-04,COLLECT COD,RAIL,uickly bold pinto beans. furiously even pac
30339-4,30339,675,7,4,42.00,66178.14,0.08,0.02,R,F,1993-06-07,1993-06-25,1993-06-16,DELIVER IN PERSON,AIR,yly. furiously regular accounts kindl
30340-1,30340,1199,8,1,20.00,22003.80,0.03,0.00,A,F,1994-12-11,1995-01-23,1994-12-12,COLLECT COD,RAIL,ng requests. ev
30340-2,30340,491,92,2,41.00,57051.09,0.09,0.04,A,F,1995-01-08,1994-12-24,1995-02-04,TAKE BACK RETURN,MAIL,ously about 
30340-3,30340,1043,44,3,49.00,46257.96,0.06,0.02,A,F,1995-02-05,1995-01-29,1995-02-13,COLLECT COD,MAIL, the special excuses sleep above the qu
30340-4,30340,1376,53,4,50.00,63868.50,0.01,0.04,R,F,1995-01-16,1994-12-20,1995-01-30,COLLECT COD,AIR,y regular requests wake about the blithely
30340-5,30340,1983,28,5,16.00,30159.68,0.00,0.00,A,F,1995-01-21,1995-01-10,1995-02-12,NONE,SHIP,ickly silent theodo
30340-6,30340,792,25,6,19.00,32163.01,0.08,0.00,A,F,1995-01-06,1995-01-21,1995-01-23,DELIVER IN PERSON,SHIP,ly pending packages wa
30340-7,30340,1069,5,7,22.00,21341.32,0.01,0.01,R,F,1995-01-19,1994-12-11,1995-01-25,NONE,TRUCK,ilent deposits boost ca
30341-1,30341,41,42,1,32.00,30113.28,0.00,0.00,R,F,1994-04-11,1994-04-13,1994-05-08,TAKE BACK RETURN,SHIP,fily even 
30341-2,30341,992,61,2,7.00,13250.93,0.07,0.02,R,F,1994-05-11,1994-03-14,1994-06-08,NONE,MAIL,"express, regul"
30341-3,30341,1240,41,3,31.00,35378.44,0.03,0.04,A,F,1994-03-15,1994-04-29,1994-03-19,COLLECT COD,TRUCK,ar theodolites across the fluffily
30341-4,30341,1492,71,4,15.00,20902.35,0.06,0.07,R,F,1994-03-24,1994-03-26,1994-04-21,NONE,AIR,theodolites. final dolph
30341-5,30341,1871,58,5,15.00,26593.05,0.00,0.00,A,F,1994-02-18,1994-04-07,1994-03-13,DELIVER IN PERSON,SHIP,ess deposits cajole carefully. car
30341-6,30341,758,59,6,31.00,51421.25,0.02,0.00,R,F,1994-04-10,1994-03-07,1994-04-29,NONE,FOB,"ic foxes cajole around the ironic, i"
30341-7,30341,620,83,7,20.00,30412.40,0.07,0.07,R,F,1994-03-24,1994-03-17,1994-04-03,COLLECT COD,REG AIR,kly bold requests. final ideas 
30342-1,30342,848,48,1,26.00,45469.84,0.08,0.07,N,O,1998-06-11,1998-05-11,1998-06-13,COLLECT COD,FOB, packages sleep slyly after the si
30342-2,30342,218,73,2,45.00,50319.45,0.00,0.05,N,O,1998-02-15,1998-04-20,1998-02-20,COLLECT COD,FOB,usual packages sleep carefully. slyly fina
30342-3,30342,1476,55,3,16.00,22039.52,0.02,0.03,N,O,1998-02-20,1998-04-01,1998-02-22,NONE,MAIL,inal ideas. even courts 
30342-4,30342,881,81,4,17.00,30291.96,0.09,0.04,N,O,1998-05-03,1998-04-06,1998-05-31,COLLECT COD,AIR, furiously special theodolites sleep. reg
30342-5,30342,1240,15,5,47.00,53638.28,0.07,0.00,N,O,1998-05-11,1998-03-18,1998-05-19,TAKE BACK RETURN,AIR,ajole furiousl
30343-1,30343,1849,79,1,27.00,47272.68,0.05,0.00,A,F,1992-07-31,1992-08-03,1992-08-10,NONE,REG AIR,e slyly acro
30343-2,30343,819,19,2,9.00,15478.29,0.03,0.01,R,F,1992-06-22,1992-07-10,1992-06-29,COLLECT COD,SHIP,tructions. furi
30343-3,30343,469,28,3,43.00,58886.78,0.10,0.06,A,F,1992-06-09,1992-06-30,1992-07-09,NONE,MAIL,ounts haggl
30343-4,30343,1450,90,4,13.00,17568.85,0.09,0.02,R,F,1992-09-04,1992-08-02,1992-09-12,NONE,REG AIR,pendencies hi
30343-5,30343,1658,41,5,22.00,34312.30,0.07,0.03,R,F,1992-06-16,1992-06-25,1992-06-27,COLLECT COD,MAIL,lar warthogs 
30343-6,30343,781,82,6,43.00,72316.54,0.04,0.04,A,F,1992-07-05,1992-07-13,1992-07-19,COLLECT COD,RAIL,c packages. furiously
30343-7,30343,1714,99,7,7.00,11309.97,0.02,0.03,A,F,1992-06-30,1992-08-18,1992-07-07,TAKE BACK RETURN,TRUCK, sleep quickl
30368-1,30368,246,28,1,20.00,22924.80,0.03,0.01,N,O,1998-01-16,1998-01-24,1998-02-14,DELIVER IN PERSON,FOB,ously bold platele
30369-1,30369,982,17,1,24.00,45191.52,0.09,0.07,A,F,1995-03-31,1995-06-15,1995-04-28,COLLECT COD,MAIL,"y final ideas sleep. special, r"
30369-2,30369,329,58,2,21.00,25815.72,0.01,0.03,N,F,1995-06-08,1995-06-09,1995-06-19,NONE,REG AIR, accounts sleep along the sl
30369-3,30369,1078,49,3,18.00,17623.26,0.10,0.03,R,F,1995-05-21,1995-06-23,1995-06-04,DELIVER IN PERSON,REG AIR,ts across the slyly regul
30369-4,30369,1544,25,4,6.00,8673.24,0.07,0.02,A,F,1995-04-01,1995-06-20,1995-05-01,DELIVER IN PERSON,TRUCK,? carefully pending deposits nag fur
30369-5,30369,129,8,5,21.00,21611.52,0.06,0.03,A,F,1995-04-04,1995-06-21,1995-04-29,COLLECT COD,MAIL,efully express pint
30369-6,30369,753,50,6,34.00,56227.50,0.06,0.00,A,F,1995-04-17,1995-06-11,1995-05-14,NONE,FOB,carefully fluffi
30369-7,30369,1062,98,7,22.00,21187.32,0.09,0.06,N,F,1995-06-09,1995-06-10,1995-06-24,COLLECT COD,MAIL,ly. requests boost. furiously regular i
30370-1,30370,218,19,1,29.00,32428.09,0.00,0.06,R,F,1993-04-15,1993-05-18,1993-05-04,NONE,TRUCK,slyly final epitaphs sleep fur
30370-2,30370,425,84,2,25.00,33135.50,0.09,0.01,R,F,1993-04-29,1993-05-22,1993-05-18,DELIVER IN PERSON,REG AIR,usual foxes across the ironic excuses slee
30371-1,30371,283,84,1,9.00,10649.52,0.06,0.04,N,O,1997-04-24,1997-02-10,1997-05-12,COLLECT COD,AIR,y furiously express accounts? fluff
30371-2,30371,797,30,2,12.00,20373.48,0.10,0.07,N,O,1997-02-10,1997-03-14,1997-03-10,TAKE BACK RETURN,FOB,s boost slyly regular soma
30371-3,30371,1588,69,3,44.00,65541.52,0.03,0.02,N,O,1997-04-30,1997-02-05,1997-05-04,DELIVER IN PERSON,RAIL, carefully pending pinto beans. blithely fi
30371-4,30371,1186,87,4,4.00,4348.72,0.07,0.02,N,O,1997-01-23,1997-03-22,1997-02-18,COLLECT COD,RAIL,haggle even foxes. fluffi
30372-1,30372,354,55,1,19.00,23832.65,0.08,0.02,R,F,1993-10-15,1993-10-02,1993-10-31,NONE,SHIP,special deposits
30372-2,30372,1072,78,2,17.00,16542.19,0.04,0.03,A,F,1993-12-01,1993-11-12,1993-12-10,TAKE BACK RETURN,MAIL,ounts beside the blithely express 
30372-3,30372,1828,72,3,14.00,24217.48,0.00,0.00,R,F,1993-09-11,1993-11-02,1993-10-02,NONE,FOB, slyly special deposits. carefull
30372-4,30372,1953,54,4,45.00,83472.75,0.01,0.08,A,F,1993-12-14,1993-11-08,1994-01-06,TAKE BACK RETURN,RAIL,y ironic asymptotes 
30372-5,30372,1610,34,5,50.00,75580.50,0.08,0.04,R,F,1993-10-18,1993-10-12,1993-11-12,TAKE BACK RETURN,AIR,y furiously final accounts. carefu
30373-1,30373,1867,68,1,33.00,58372.38,0.02,0.03,N,O,1996-12-13,1997-01-04,1997-01-05,TAKE BACK RETURN,FOB,"re blithely. special, unu"
30373-2,30373,1366,81,2,3.00,3802.08,0.08,0.02,N,O,1997-01-25,1996-11-17,1997-02-24,TAKE BACK RETURN,SHIP,frets detect fluffily packages! sly
30373-3,30373,1604,46,3,36.00,54201.60,0.06,0.01,N,O,1996-12-10,1997-01-09,1996-12-12,DELIVER IN PERSON,TRUCK,sleep blithely acco
30373-4,30373,1236,37,4,10.00,11372.30,0.08,0.01,N,O,1996-11-15,1996-12-12,1996-12-12,TAKE BACK RETURN,AIR,ithely ironic instructions sleep fluffily r
30373-5,30373,590,81,5,49.00,73038.91,0.05,0.01,N,O,1996-10-24,1996-12-12,1996-11-21,COLLECT COD,FOB,lyly enticing foxes. pending pl
30373-6,30373,737,34,6,5.00,8188.65,0.00,0.06,N,O,1996-11-17,1996-11-21,1996-11-30,TAKE BACK RETURN,RAIL,fully special instructions? blithely even 
30373-7,30373,513,74,7,27.00,38164.77,0.10,0.08,N,O,1996-12-16,1996-11-21,1997-01-07,DELIVER IN PERSON,FOB,ickly special platelets. 
30374-1,30374,483,84,1,1.00,1383.48,0.09,0.08,R,F,1993-04-08,1993-05-10,1993-04-27,TAKE BACK RETURN,AIR, haggle slyly fur
30374-2,30374,151,4,2,38.00,39943.70,0.05,0.00,R,F,1993-07-05,1993-06-10,1993-07-25,TAKE BACK RETURN,AIR,ng platelets. s
30374-3,30374,963,98,3,6.00,11183.76,0.08,0.02,R,F,1993-05-04,1993-04-27,1993-05-30,COLLECT COD,MAIL," ironic, final dependencies after the f"
30374-4,30374,1986,87,4,14.00,26431.72,0.07,0.00,R,F,1993-05-18,1993-06-07,1993-05-19,COLLECT COD,TRUCK,nal deposits engage blithely about the sly
30374-5,30374,395,96,5,25.00,32384.75,0.01,0.07,A,F,1993-07-06,1993-06-20,1993-07-23,TAKE BACK RETURN,AIR,accounts wake blithely ironic
30374-6,30374,1494,34,6,15.00,20932.35,0.06,0.05,R,F,1993-04-03,1993-04-29,1993-04-15,DELIVER IN PERSON,REG AIR,s must wake. care
30374-7,30374,232,87,7,17.00,19247.91,0.06,0.06,R,F,1993-03-31,1993-06-07,1993-04-22,TAKE BACK RETURN,FOB,ic deposits. bold pinto beans
30375-1,30375,1531,32,1,46.00,65896.38,0.04,0.07,R,F,1992-07-28,1992-07-22,1992-08-02,NONE,SHIP,sts against the deposits are alongside
30375-2,30375,1126,27,2,44.00,45193.28,0.08,0.03,A,F,1992-05-22,1992-07-19,1992-05-31,COLLECT COD,SHIP,egrate carefully. even accounts sleep per
30375-3,30375,38,89,3,36.00,33769.08,0.03,0.05,A,F,1992-06-01,1992-07-05,1992-06-29,TAKE BACK RETURN,RAIL,"packages. pending, ironic requests"
30400-1,30400,1000,3,1,44.00,39644.00,0.01,0.04,N,O,1997-02-24,1997-04-12,1997-03-07,TAKE BACK RETURN,FOB,luffily according to t
30400-2,30400,1713,98,2,3.00,4844.13,0.01,0.04,N,O,1997-06-02,1997-05-11,1997-06-23,NONE,REG AIR,nal deposits. quietly regular 
30400-3,30400,773,74,3,14.00,23432.78,0.05,0.01,N,O,1997-04-23,1997-03-23,1997-05-18,DELIVER IN PERSON,RAIL,ut the carefully even ideas cajol
30400-4,30400,1905,38,4,19.00,34331.10,0.10,0.01,N,O,1997-03-10,1997-03-21,1997-04-06,TAKE BACK RETURN,RAIL, according
30400-5,30400,58,34,5,45.00,43112.25,0.02,0.04,N,O,1997-05-03,1997-04-06,1997-05-29,COLLECT COD,REG AIR,y busily pending requests. quickly final 
30400-6,30400,582,13,6,17.00,25203.86,0.06,0.01,N,O,1997-03-12,1997-03-30,1997-03-22,COLLECT COD,AIR,ronic instructions. d
30401-1,30401,830,97,1,15.00,25962.45,0.04,0.07,A,F,1993-02-08,1992-11-20,1993-03-06,DELIVER IN PERSON,MAIL,tructions wake blithely alon
30402-1,30402,491,21,1,42.00,58442.58,0.07,0.00,A,F,1994-07-03,1994-08-29,1994-07-05,DELIVER IN PERSON,TRUCK,furiously. slyly unusual packages boost b
30402-2,30402,680,12,2,47.00,74291.96,0.02,0.07,R,F,1994-09-14,1994-07-20,1994-09-29,COLLECT COD,FOB,tions. furiously 
30402-3,30402,1433,12,3,40.00,53377.20,0.08,0.00,A,F,1994-09-17,1994-08-15,1994-10-16,TAKE BACK RETURN,SHIP,"s along the regular, ironic theodolit"
30402-4,30402,292,93,4,28.00,33384.12,0.06,0.03,R,F,1994-06-26,1994-08-31,1994-07-08,DELIVER IN PERSON,FOB,ideas. car
30403-1,30403,693,87,1,49.00,78090.81,0.02,0.05,A,F,1992-08-16,1992-09-11,1992-09-11,TAKE BACK RETURN,SHIP,. ideas hinder: slyly 
30403-2,30403,770,71,2,38.00,63489.26,0.06,0.02,R,F,1992-08-03,1992-08-29,1992-08-19,COLLECT COD,AIR,ding to the slyly careful ideas ca
30403-3,30403,700,1,3,20.00,32014.00,0.06,0.06,A,F,1992-10-15,1992-08-29,1992-10-28,COLLECT COD,RAIL,ly regular accounts sleep alongside of 
30403-4,30403,1432,11,4,8.00,10667.44,0.03,0.04,R,F,1992-07-15,1992-09-25,1992-07-21,TAKE BACK RETURN,REG AIR,wake alongside of t
30404-1,30404,1244,82,1,29.00,33211.96,0.10,0.05,A,F,1994-03-17,1994-04-02,1994-04-12,TAKE BACK RETURN,REG AIR,en instructions sleep eve
30405-1,30405,1978,11,1,7.00,13159.79,0.10,0.07,A,F,1992-04-30,1992-06-29,1992-05-12,DELIVER IN PERSON,TRUCK,s use carefully alongside of the car
30406-1,30406,1144,17,1,9.00,9406.26,0.09,0.04,A,F,1994-08-11,1994-09-05,1994-09-03,TAKE BACK RETURN,AIR,y. quickly regular pinto beans are fluffil
30406-2,30406,272,73,2,39.00,45718.53,0.04,0.05,R,F,1994-08-11,1994-08-08,1994-08-23,NONE,RAIL,sly regular deposits against 
30406-3,30406,1495,96,3,10.00,13964.90,0.07,0.01,A,F,1994-10-06,1994-08-20,1994-11-05,NONE,AIR,ly against the even dolphins. 
30406-4,30406,1343,20,4,40.00,49773.60,0.01,0.07,A,F,1994-08-16,1994-08-23,1994-08-21,DELIVER IN PERSON,MAIL,ng to the careful
30406-5,30406,195,48,5,19.00,20808.61,0.10,0.00,R,F,1994-09-01,1994-08-30,1994-09-17,DELIVER IN PERSON,TRUCK,"al instructions. unusual, reg"
30406-6,30406,1017,88,6,1.00,918.01,0.07,0.02,A,F,1994-08-20,1994-08-31,1994-09-15,DELIVER IN PERSON,MAIL,dolites above the furiously b
30407-1,30407,569,30,1,6.00,8817.36,0.00,0.05,A,F,1994-08-01,1994-06-20,1994-08-24,DELIVER IN PERSON,MAIL,"e special, silent requests. final, re"
30407-2,30407,448,36,2,43.00,57982.92,0.02,0.08,A,F,1994-05-08,1994-06-24,1994-05-14,NONE,AIR,osits. furiously unusua
30407-3,30407,287,69,3,35.00,41554.80,0.05,0.03,A,F,1994-07-11,1994-05-18,1994-07-30,DELIVER IN PERSON,TRUCK,le quickly final packages. quickl
30407-4,30407,1367,68,4,36.00,45660.96,0.03,0.07,R,F,1994-08-13,1994-05-28,1994-09-12,DELIVER IN PERSON,REG AIR,fily. carefully even
30432-1,30432,319,20,1,35.00,42675.85,0.08,0.07,R,F,1994-03-23,1994-05-13,1994-03-26,NONE,SHIP,l requests. blithely bold excuses enga
30432-2,30432,1718,3,2,21.00,34013.91,0.02,0.04,A,F,1994-04-03,1994-04-05,1994-04-12,NONE,RAIL,about the furiously express platelets de
30432-3,30432,1428,46,3,23.00,30576.66,0.00,0.01,R,F,1994-03-22,1994-05-24,1994-03-31,NONE,REG AIR, the slyly unusual in
30432-4,30432,1060,31,4,39.00,37481.34,0.04,0.03,R,F,1994-03-12,1994-03-30,1994-04-04,COLLECT COD,SHIP,s above the slyly final deposits are 
30433-1,30433,385,42,1,37.00,47559.06,0.02,0.01,A,F,1993-07-31,1993-09-07,1993-08-19,COLLECT COD,TRUCK,ts. blithely iron
30433-2,30433,1349,50,2,27.00,33759.18,0.08,0.04,A,F,1993-07-07,1993-07-22,1993-07-24,DELIVER IN PERSON,SHIP,fily pending packages wake. carefully regul
30433-3,30433,78,29,3,45.00,44013.15,0.03,0.00,R,F,1993-09-21,1993-08-07,1993-10-09,COLLECT COD,REG AIR,re blithely eve
30433-4,30433,1056,57,4,37.00,35410.85,0.04,0.06,R,F,1993-06-12,1993-08-03,1993-06-14,NONE,AIR,"equests. thin, regular reque"
30434-1,30434,213,41,1,37.00,41188.77,0.07,0.08,N,O,1996-12-02,1996-12-12,1996-12-22,COLLECT COD,FOB, carefully even foxes
30434-2,30434,1096,32,2,24.00,23930.16,0.07,0.05,N,O,1996-12-31,1997-01-03,1997-01-10,TAKE BACK RETURN,AIR,t the ironic account
30435-1,30435,1985,74,1,26.00,49061.48,0.09,0.02,N,O,1998-06-21,1998-07-29,1998-07-08,DELIVER IN PERSON,FOB,ackages are. furiously ir
30435-2,30435,750,83,2,50.00,82537.50,0.07,0.07,N,O,1998-08-12,1998-08-15,1998-08-16,NONE,MAIL,furiously among the deposits. care
30436-1,30436,43,94,1,6.00,5658.24,0.05,0.08,A,F,1992-08-10,1992-09-21,1992-09-01,COLLECT COD,TRUCK, regular depen
30436-2,30436,498,86,2,34.00,47548.66,0.06,0.03,A,F,1992-09-15,1992-08-22,1992-10-02,NONE,TRUCK,he regular foxes. foxes are. slyly
30436-3,30436,1313,52,3,17.00,20643.27,0.06,0.04,R,F,1992-08-31,1992-09-15,1992-09-27,COLLECT COD,SHIP,ts wake quickly according to the furi
30436-4,30436,170,97,4,37.00,39596.29,0.00,0.08,A,F,1992-08-08,1992-08-28,1992-08-26,TAKE BACK RETURN,SHIP, carefully slyly express accounts. carefu
30436-5,30436,1147,56,5,33.00,34588.62,0.02,0.06,R,F,1992-09-12,1992-08-08,1992-09-27,DELIVER IN PERSON,FOB,eans serve blithely. carefully unusu
30437-1,30437,688,82,1,36.00,57192.48,0.10,0.08,N,O,1996-10-20,1996-10-07,1996-11-16,DELIVER IN PERSON,REG AIR,ns nag across t
30437-2,30437,184,37,2,4.00,4336.72,0.02,0.02,N,O,1996-11-21,1996-09-24,1996-12-14,NONE,TRUCK,gle blithely after the fluffily spec
30437-3,30437,311,96,3,13.00,15747.03,0.08,0.01,N,O,1996-11-07,1996-09-21,1996-11-19,COLLECT COD,REG AIR,lently. sometimes even plat
30437-4,30437,1812,13,4,23.00,39417.63,0.01,0.07,N,O,1996-11-06,1996-09-17,1996-11-12,COLLECT COD,MAIL,y express deposits hinder about the slyly e
30438-1,30438,1942,43,1,37.00,68225.78,0.06,0.05,N,O,1997-07-22,1997-07-09,1997-08-03,COLLECT COD,FOB, slyly regular instructions. sly
30439-1,30439,27,78,1,32.00,29664.64,0.04,0.07,N,F,1995-06-15,1995-06-18,1995-06-28,COLLECT COD,TRUCK,tes accordin
30464-1,30464,1033,4,1,23.00,21482.69,0.03,0.03,N,O,1997-10-30,1997-10-26,1997-11-28,NONE,SHIP,ix slyly acr
30464-2,30464,1241,42,2,16.00,18275.84,0.06,0.00,N,O,1997-10-14,1997-11-09,1997-10-29,TAKE BACK RETURN,AIR,carefully 
30464-3,30464,811,11,3,28.00,47930.68,0.09,0.05,N,O,1997-09-22,1997-10-10,1997-10-22,TAKE BACK RETURN,AIR,nal packages. regul
30464-4,30464,207,8,4,37.00,40966.40,0.04,0.08,N,O,1997-11-13,1997-11-13,1997-11-17,DELIVER IN PERSON,FOB,lites affix furiously sil
30464-5,30464,394,79,5,13.00,16827.07,0.06,0.02,N,O,1997-11-28,1997-10-26,1997-12-15,COLLECT COD,AIR,requests boost final reque
30464-6,30464,1910,99,6,26.00,47109.66,0.04,0.05,N,O,1997-11-11,1997-11-13,1997-11-24,DELIVER IN PERSON,MAIL,ross the final packages. sl
30465-1,30465,246,28,1,38.00,43557.12,0.01,0.07,R,F,1994-06-23,1994-06-06,1994-07-11,NONE,FOB,ges are re
30466-1,30466,1875,62,1,5.00,8884.35,0.09,0.01,N,O,1996-04-05,1996-03-15,1996-05-02,TAKE BACK RETURN,FOB,ingly regular p
30466-2,30466,371,100,2,21.00,26698.77,0.07,0.03,N,O,1996-05-12,1996-03-03,1996-05-15,COLLECT COD,TRUCK,y blithely special instructi
30466-3,30466,1214,15,3,19.00,21188.99,0.06,0.02,N,O,1996-04-17,1996-03-07,1996-04-26,TAKE BACK RETURN,AIR,jole slyly fin
30466-4,30466,403,4,4,6.00,7820.40,0.10,0.08,N,O,1996-05-09,1996-04-05,1996-05-31,TAKE BACK RETURN,AIR,wake furiously. furiously even r
30466-5,30466,1919,20,5,9.00,16388.19,0.00,0.00,N,O,1996-05-16,1996-04-25,1996-05-31,NONE,FOB,regular platelets detect blithe
30466-6,30466,628,22,6,17.00,25986.54,0.04,0.02,N,O,1996-02-12,1996-04-13,1996-02-24,TAKE BACK RETURN,SHIP,ctions. furiously final pains at the unusua
30467-1,30467,863,64,1,14.00,24694.04,0.09,0.02,A,F,1994-08-18,1994-11-12,1994-09-03,NONE,TRUCK,its along the 
30467-2,30467,606,38,2,47.00,70810.20,0.01,0.04,R,F,1994-09-21,1994-10-29,1994-10-21,TAKE BACK RETURN,AIR,thely. furiously unusual excuses
30468-1,30468,835,36,1,15.00,26037.45,0.09,0.07,R,F,1993-06-14,1993-06-23,1993-07-01,TAKE BACK RETURN,MAIL, foxes should have to haggle slowly abou
30469-1,30469,1797,82,1,14.00,23783.06,0.10,0.08,A,F,1993-02-02,1993-02-16,1993-02-16,DELIVER IN PERSON,TRUCK,nal deposits boost fluffily furiously 
30469-2,30469,678,72,2,18.00,28416.06,0.01,0.02,R,F,1993-02-12,1993-02-14,1993-02-15,TAKE BACK RETURN,REG AIR,xes are ca
30469-3,30469,1766,67,3,1.00,1667.76,0.03,0.04,A,F,1993-02-27,1993-03-03,1993-03-07,NONE,FOB,"ly. regular, express packages wake"
30469-4,30469,75,51,4,14.00,13650.98,0.01,0.05,R,F,1993-02-08,1993-02-01,1993-03-03,DELIVER IN PERSON,TRUCK,c deposits-- regular reque
30469-5,30469,150,3,5,1.00,1050.15,0.09,0.00,A,F,1993-01-25,1993-02-04,1993-02-18,COLLECT COD,SHIP,l excuses. fi
30470-1,30470,882,82,1,49.00,87361.12,0.05,0.00,R,F,1994-03-12,1994-01-31,1994-03-13,TAKE BACK RETURN,MAIL,beans among the even requests could 
30470-2,30470,1540,21,2,50.00,72077.00,0.07,0.08,R,F,1994-01-18,1994-03-03,1994-01-30,COLLECT COD,REG AIR,d packages are furiou
30470-3,30470,689,52,3,5.00,7948.40,0.02,0.04,R,F,1994-04-05,1994-03-16,1994-05-01,COLLECT COD,MAIL,ckly final courts boost carefull
30470-4,30470,114,41,4,9.00,9126.99,0.01,0.04,R,F,1994-04-25,1994-03-11,1994-05-05,DELIVER IN PERSON,TRUCK,the slyly special accounts. ironic for
30470-5,30470,940,75,5,36.00,66273.84,0.01,0.02,R,F,1994-01-02,1994-02-03,1994-01-13,DELIVER IN PERSON,RAIL,ages. unusual instructions d
30470-6,30470,72,73,6,32.00,31106.24,0.05,0.03,R,F,1994-01-04,1994-03-02,1994-01-30,COLLECT COD,TRUCK,into beans cajole across the bli
30470-7,30470,1808,52,7,9.00,15388.20,0.02,0.01,R,F,1994-04-19,1994-02-19,1994-05-14,COLLECT COD,AIR,oze blithely unusual theodolites
30471-1,30471,1378,79,1,22.00,28146.14,0.06,0.00,N,O,1998-07-22,1998-06-19,1998-08-10,COLLECT COD,AIR,e blithely. packages are slyly even deposi
30471-2,30471,815,82,2,29.00,49758.49,0.10,0.08,N,O,1998-06-30,1998-07-12,1998-07-17,DELIVER IN PERSON,TRUCK,e carefully against t
30471-3,30471,615,16,3,10.00,15156.10,0.08,0.05,N,O,1998-06-10,1998-07-26,1998-06-25,DELIVER IN PERSON,FOB,", special accounts affix fluffily through"
30471-4,30471,1281,56,4,11.00,13005.08,0.00,0.07,N,O,1998-06-19,1998-08-10,1998-06-29,COLLECT COD,RAIL,nstructions wake furio
30471-5,30471,706,3,5,26.00,41774.20,0.05,0.05,N,O,1998-06-14,1998-07-21,1998-07-13,NONE,TRUCK,"p slyly. ironic, ironic accounts after "
30496-1,30496,395,96,1,40.00,51815.60,0.05,0.02,N,O,1998-10-25,1998-08-28,1998-11-05,COLLECT COD,AIR, regular packages.
30497-1,30497,1801,2,1,38.00,64706.40,0.05,0.08,R,F,1995-04-23,1995-04-03,1995-05-13,NONE,TRUCK,requests. fluffily ironi
30497-2,30497,1852,53,2,17.00,29815.45,0.06,0.06,R,F,1995-02-26,1995-03-28,1995-03-08,COLLECT COD,AIR,riously reg
30497-3,30497,1914,47,3,41.00,74452.31,0.07,0.04,A,F,1995-04-04,1995-05-06,1995-04-18,COLLECT COD,TRUCK,s. slyly even accounts wake spec
30497-4,30497,1128,65,4,3.00,3087.36,0.04,0.03,R,F,1995-03-25,1995-04-16,1995-04-14,DELIVER IN PERSON,RAIL, believe alongside of the flu
30497-5,30497,976,79,5,42.00,78832.74,0.05,0.08,A,F,1995-04-05,1995-03-19,1995-04-08,DELIVER IN PERSON,TRUCK,ly pending foxes boost express ideas.
30498-1,30498,1769,96,1,21.00,35085.96,0.01,0.08,N,O,1998-08-18,1998-07-04,1998-08-23,NONE,TRUCK,ts. slyly express
30499-1,30499,805,72,1,24.00,40939.20,0.03,0.04,R,F,1993-01-28,1993-01-29,1993-02-01,DELIVER IN PERSON,REG AIR,regular packages. slyly silent reques
30499-2,30499,112,65,2,42.00,42508.62,0.10,0.03,A,F,1992-11-26,1993-01-01,1992-12-04,NONE,RAIL,ost. ruthl
30499-3,30499,325,54,3,6.00,7351.92,0.04,0.01,R,F,1992-11-04,1993-01-01,1992-11-12,DELIVER IN PERSON,AIR,refully regular packages cajole blithely
30499-4,30499,1741,68,4,41.00,67352.34,0.07,0.00,A,F,1992-12-28,1993-01-19,1993-01-01,COLLECT COD,MAIL,refully final accounts. ironic instruc
30499-5,30499,1775,18,5,26.00,43596.02,0.04,0.05,A,F,1993-02-07,1993-01-01,1993-02-11,DELIVER IN PERSON,FOB,sly sly accounts acco
30500-1,30500,748,81,1,3.00,4946.22,0.03,0.01,N,O,1998-04-12,1998-06-19,1998-04-27,NONE,FOB, final accounts ar
30500-2,30500,761,26,2,12.00,19941.12,0.10,0.01,N,O,1998-04-08,1998-05-22,1998-04-14,NONE,MAIL,es haggle quickly. sly
30500-3,30500,55,31,3,32.00,30561.60,0.01,0.06,N,O,1998-04-20,1998-06-20,1998-05-03,COLLECT COD,REG AIR,eans against the sometimes express tit
30500-4,30500,526,87,4,47.00,67046.44,0.03,0.06,N,O,1998-07-19,1998-05-14,1998-08-12,COLLECT COD,TRUCK,nts. quickly silent packages 
30500-5,30500,451,10,5,24.00,32434.80,0.10,0.01,N,O,1998-07-12,1998-05-31,1998-07-30,DELIVER IN PERSON,SHIP,ets believe. thin
30500-6,30500,1624,25,6,47.00,71704.14,0.07,0.05,N,O,1998-05-02,1998-05-05,1998-06-01,TAKE BACK RETURN,REG AIR,y ironic ideas. carefully express packages 
30500-7,30500,1599,100,7,5.00,7502.95,0.02,0.07,N,O,1998-04-13,1998-06-16,1998-04-29,DELIVER IN PERSON,FOB,"es cajole fluffily. even, bol"
30501-1,30501,353,38,1,22.00,27573.70,0.07,0.01,N,O,1997-05-21,1997-05-29,1997-06-05,NONE,SHIP,ecial instructions detect 
30502-1,30502,105,32,1,26.00,26132.60,0.01,0.02,N,F,1995-06-05,1995-07-12,1995-06-26,NONE,MAIL,ter the blithely regular foxes. car
30503-1,30503,475,63,1,10.00,13754.70,0.10,0.07,A,F,1994-06-10,1994-05-12,1994-06-29,COLLECT COD,TRUCK,heodolites wake furiously. ca
30528-1,30528,1312,13,1,44.00,53385.64,0.04,0.03,A,F,1993-10-08,1993-08-30,1993-10-11,COLLECT COD,FOB, enticing inst
30529-1,30529,1146,55,1,39.00,40838.46,0.04,0.02,A,F,1994-09-04,1994-09-26,1994-09-21,TAKE BACK RETURN,AIR,. carefully express accounts detect bli
30529-2,30529,1117,54,2,10.00,10181.10,0.00,0.00,A,F,1994-08-22,1994-10-24,1994-09-05,COLLECT COD,TRUCK, deposits are about the slyly p
30529-3,30529,1430,48,3,35.00,46600.05,0.05,0.01,R,F,1994-09-29,1994-10-03,1994-10-11,DELIVER IN PERSON,REG AIR,"around the regular, pendi"
30529-4,30529,1830,74,4,46.00,79664.18,0.07,0.05,R,F,1994-10-10,1994-10-01,1994-11-01,DELIVER IN PERSON,MAIL, platelets haggl
30529-5,30529,38,64,5,8.00,7504.24,0.04,0.06,R,F,1994-09-03,1994-10-21,1994-09-05,COLLECT COD,REG AIR," even, unusual package"
30530-1,30530,301,86,1,20.00,24026.00,0.07,0.08,N,O,1996-11-27,1996-10-16,1996-12-10,DELIVER IN PERSON,RAIL,ic requests wake furiously a
30531-1,30531,1359,98,1,9.00,11343.15,0.00,0.03,N,O,1997-01-08,1997-01-22,1997-01-09,DELIVER IN PERSON,FOB,cajole. furiously f
30531-2,30531,27,3,2,30.00,27810.60,0.04,0.03,N,O,1997-03-24,1997-01-19,1997-03-30,NONE,SHIP,. furiously thin requests alongside of the
30531-3,30531,1520,61,3,4.00,5686.08,0.01,0.05,N,O,1996-12-16,1996-12-31,1996-12-31,DELIVER IN PERSON,MAIL,y daring waters cajole carefully.
30532-1,30532,1528,29,1,19.00,27160.88,0.03,0.02,N,O,1996-03-18,1996-01-05,1996-03-31,TAKE BACK RETURN,FOB,ccounts are furiously. blithely pend
30532-2,30532,231,59,2,4.00,4524.92,0.01,0.07,N,O,1996-03-13,1996-02-11,1996-04-05,NONE,RAIL, unusual accounts haggle carefully among t
30532-3,30532,1571,72,3,2.00,2945.14,0.08,0.01,N,O,1996-03-02,1996-02-21,1996-03-26,DELIVER IN PERSON,AIR,"accounts. even, even packages haggle"
30532-4,30532,1662,4,4,1.00,1563.66,0.05,0.02,N,O,1996-03-03,1996-02-03,1996-03-14,NONE,AIR,ss ideas. slyly unusual packages cajol
30532-5,30532,1322,99,5,7.00,8563.24,0.06,0.04,N,O,1995-12-26,1996-02-24,1996-01-10,COLLECT COD,SHIP,oost carefully up t
30532-6,30532,639,33,6,18.00,27713.34,0.08,0.07,N,O,1996-01-16,1996-01-01,1996-01-20,DELIVER IN PERSON,RAIL,ully regular a
30532-7,30532,1834,64,7,25.00,43395.75,0.08,0.08,N,O,1996-01-12,1996-01-09,1996-02-10,NONE,REG AIR,tes are quickly ironic req
30533-1,30533,1248,23,1,16.00,18387.84,0.04,0.01,R,F,1995-01-26,1994-11-27,1995-02-03,TAKE BACK RETURN,RAIL,g ideas al
30533-2,30533,1157,58,2,42.00,44442.30,0.02,0.02,R,F,1995-01-03,1994-11-17,1995-01-06,NONE,FOB,otes doubt quickly pinto beans. 
30533-3,30533,1954,87,3,27.00,50110.65,0.06,0.01,R,F,1995-01-15,1994-11-12,1995-02-07,DELIVER IN PERSON,REG AIR,l courts. ruthlessly express packages en
30533-4,30533,1049,85,4,30.00,28501.20,0.09,0.06,A,F,1994-11-12,1994-12-08,1994-12-08,NONE,REG AIR,"osits grow quickly even, "
30533-5,30533,733,66,5,47.00,76785.31,0.00,0.03,A,F,1994-12-19,1994-11-09,1994-12-28,NONE,SHIP,sits. fluf
30533-6,30533,761,58,6,25.00,41544.00,0.02,0.00,A,F,1995-01-03,1994-11-06,1995-01-30,COLLECT COD,TRUCK,tions sleep. slyly pending foxes do
30534-1,30534,851,18,1,37.00,64818.45,0.04,0.03,A,F,1995-02-24,1995-03-26,1995-03-06,NONE,TRUCK,posits boost fluffily along 
30534-2,30534,1470,71,2,15.00,20572.05,0.06,0.04,A,F,1995-06-04,1995-04-15,1995-06-13,COLLECT COD,REG AIR,ously quiet warhorses use along the bl
30535-1,30535,1343,58,1,34.00,42307.56,0.08,0.04,N,O,1996-05-02,1996-03-20,1996-05-25,NONE,AIR,sual platelets boo
30535-2,30535,1116,17,2,27.00,27461.97,0.01,0.04,N,O,1996-05-05,1996-03-22,1996-06-04,DELIVER IN PERSON,RAIL,l packages. excuses are carefully f
30535-3,30535,1085,86,3,10.00,9860.80,0.00,0.05,N,O,1996-03-02,1996-04-12,1996-03-09,NONE,SHIP,ccounts. deposits a
30535-4,30535,332,17,4,31.00,38202.23,0.06,0.04,N,O,1996-04-18,1996-04-30,1996-05-16,DELIVER IN PERSON,MAIL, need to wake furiously across the f
30535-5,30535,382,39,5,25.00,32059.50,0.05,0.07,N,O,1996-03-09,1996-04-13,1996-03-18,DELIVER IN PERSON,RAIL,symptotes alongside of th
30535-6,30535,972,75,6,6.00,11237.82,0.01,0.05,N,O,1996-04-14,1996-04-11,1996-04-18,TAKE BACK RETURN,MAIL,"sauternes. special foxes haggle. ironic, "
30560-1,30560,1087,23,1,7.00,6916.56,0.05,0.05,N,O,1996-11-08,1996-11-23,1996-11-30,NONE,SHIP, bold platelets. blithely regular p
30560-2,30560,934,37,2,34.00,62387.62,0.00,0.07,N,O,1996-12-29,1996-10-26,1997-01-26,TAKE BACK RETURN,FOB,ly; furiously ironic ideas 
30560-3,30560,998,33,3,14.00,26585.86,0.01,0.06,N,O,1996-11-25,1996-11-16,1996-12-21,TAKE BACK RETURN,REG AIR,to beans maintain even a
30560-4,30560,961,96,4,38.00,70754.48,0.00,0.01,N,O,1996-09-11,1996-10-31,1996-09-29,TAKE BACK RETURN,SHIP,al requests are. quickly regular dep
30560-5,30560,1836,23,5,33.00,57348.39,0.01,0.01,N,O,1996-10-25,1996-11-05,1996-11-19,NONE,FOB,l accounts wak
30561-1,30561,1213,25,1,21.00,23398.41,0.09,0.04,R,F,1994-03-17,1994-03-30,1994-04-12,COLLECT COD,TRUCK,thely bold f
30561-2,30561,1086,92,2,40.00,39483.20,0.08,0.07,R,F,1994-06-01,1994-04-08,1994-06-21,COLLECT COD,REG AIR,counts lose. blithely silent reques
30561-3,30561,848,48,3,30.00,52465.20,0.03,0.02,R,F,1994-04-23,1994-04-03,1994-05-02,NONE,MAIL, the furiously iro
30562-1,30562,721,22,1,2.00,3243.44,0.04,0.06,A,F,1992-12-05,1992-12-09,1992-12-31,TAKE BACK RETURN,REG AIR, nag quickly near the ironically f
30562-2,30562,1214,89,2,10.00,11152.10,0.08,0.08,A,F,1993-02-16,1992-12-03,1993-03-16,TAKE BACK RETURN,FOB,". bold foxes affix quickly bold, sile"
30563-1,30563,772,69,1,15.00,25091.55,0.05,0.00,N,O,1996-07-09,1996-04-23,1996-07-19,DELIVER IN PERSON,MAIL,e furiously unusual excus
30563-2,30563,311,96,2,17.00,20592.27,0.06,0.06,N,O,1996-04-29,1996-05-29,1996-05-10,NONE,AIR, blithely slyly even platelets. stealthil
30563-3,30563,1880,67,3,49.00,87312.12,0.08,0.06,N,O,1996-07-04,1996-06-08,1996-07-18,DELIVER IN PERSON,RAIL,nal accounts haggle carefully carefully exp
30564-1,30564,1846,76,1,32.00,55930.88,0.10,0.02,R,F,1994-06-17,1994-04-02,1994-07-11,DELIVER IN PERSON,RAIL,onic ideas
30564-2,30564,1460,61,2,19.00,25867.74,0.08,0.07,R,F,1994-02-28,1994-04-09,1994-03-05,TAKE BACK RETURN,SHIP,pinto beans. carefu
30564-3,30564,1655,97,3,27.00,42029.55,0.07,0.04,A,F,1994-03-30,1994-04-03,1994-04-14,NONE,SHIP,ntly. slyly ironic packages 
30564-4,30564,136,89,4,43.00,44553.59,0.04,0.02,R,F,1994-03-17,1994-05-21,1994-04-03,TAKE BACK RETURN,RAIL,es. regularly ev
30564-5,30564,47,23,5,7.00,6629.28,0.01,0.08,A,F,1994-06-12,1994-05-08,1994-06-29,TAKE BACK RETURN,FOB,onic hockey players are fu
30565-1,30565,110,89,1,2.00,2020.22,0.04,0.05,N,O,1995-08-16,1995-10-21,1995-09-05,NONE,FOB,"ructions. blithe, pending"
30565-2,30565,1737,80,2,46.00,75381.58,0.09,0.02,N,O,1995-11-21,1995-09-24,1995-12-13,TAKE BACK RETURN,SHIP,"regular theodolites. final, pending deposit"
30565-3,30565,1694,95,3,30.00,47870.70,0.06,0.04,N,O,1995-08-29,1995-10-10,1995-09-18,DELIVER IN PERSON,AIR, the fluffily express instruct
30565-4,30565,945,14,4,47.00,86759.18,0.03,0.00,N,O,1995-09-13,1995-09-12,1995-10-07,TAKE BACK RETURN,TRUCK,larly express excuses nag acc
30565-5,30565,1831,61,5,18.00,31190.94,0.01,0.04,N,O,1995-09-17,1995-10-08,1995-10-11,NONE,SHIP,fully even requests. carefully ironi
30565-6,30565,586,77,6,5.00,7432.90,0.07,0.06,N,O,1995-11-16,1995-09-10,1995-11-26,NONE,SHIP,e to haggle among the silent de
30566-1,30566,373,2,1,11.00,14007.07,0.03,0.00,N,O,1995-09-21,1995-09-03,1995-10-18,NONE,REG AIR,ly final req
30566-2,30566,959,62,2,32.00,59518.40,0.06,0.01,N,O,1995-08-20,1995-09-25,1995-08-26,DELIVER IN PERSON,RAIL,lets. quickly regular packages use slyly 
30566-3,30566,1612,36,3,11.00,16649.71,0.01,0.07,N,O,1995-08-30,1995-09-29,1995-09-06,COLLECT COD,REG AIR,nal requests boost.
30566-4,30566,626,58,4,7.00,10686.34,0.08,0.06,N,O,1995-08-25,1995-09-08,1995-09-23,TAKE BACK RETURN,RAIL," ironic, regu"
30567-1,30567,131,84,1,13.00,13404.69,0.09,0.07,A,F,1994-01-29,1994-03-25,1994-02-15,TAKE BACK RETURN,RAIL,ular instructions snooze fluffily
30567-2,30567,1956,57,2,7.00,13005.65,0.08,0.08,A,F,1994-02-15,1994-04-10,1994-03-08,DELIVER IN PERSON,SHIP,urious accounts: bold deposits cajole sly
30567-3,30567,1896,83,3,46.00,82702.94,0.07,0.01,A,F,1994-04-09,1994-03-23,1994-05-01,DELIVER IN PERSON,RAIL,ickly final requests until 
30567-4,30567,136,63,4,13.00,13469.69,0.03,0.04,A,F,1994-02-10,1994-04-02,1994-03-01,NONE,RAIL,fully slyly even accounts? regular e
30567-5,30567,196,75,5,28.00,30693.32,0.05,0.07,A,F,1994-03-28,1994-04-10,1994-04-01,DELIVER IN PERSON,SHIP,ending pla
30567-6,30567,800,1,6,50.00,85040.00,0.03,0.07,A,F,1994-02-17,1994-04-02,1994-03-10,NONE,TRUCK,"ring, even platelets b"
30567-7,30567,1515,96,7,16.00,22664.16,0.02,0.02,R,F,1994-02-09,1994-03-30,1994-03-07,NONE,TRUCK, ironic pinto be
30592-1,30592,452,82,1,45.00,60860.25,0.05,0.08,N,O,1996-09-30,1996-11-25,1996-10-21,NONE,RAIL, unwind except the carefu
30592-2,30592,792,89,2,48.00,81253.92,0.07,0.06,N,O,1996-10-19,1996-12-01,1996-11-04,TAKE BACK RETURN,SHIP,sly carefully final theodolites-- bold p
30592-3,30592,1918,7,3,35.00,63696.85,0.08,0.00,N,O,1996-11-24,1996-10-24,1996-12-22,NONE,FOB, regular packages haggle above the silent 
30592-4,30592,1058,64,4,48.00,46034.40,0.06,0.01,N,O,1997-01-06,1996-10-22,1997-01-17,COLLECT COD,SHIP,ructions affix blit
30592-5,30592,1553,34,5,32.00,46545.60,0.06,0.04,N,O,1996-11-06,1996-11-22,1996-11-18,COLLECT COD,RAIL,. carefully final foxes wake against the th
30592-6,30592,234,35,6,40.00,45369.20,0.06,0.06,N,O,1996-10-25,1996-12-03,1996-11-10,COLLECT COD,MAIL,deposits are slyly among t
30592-7,30592,77,78,7,12.00,11724.84,0.04,0.00,N,O,1997-01-06,1996-11-03,1997-01-18,NONE,SHIP,venly ironic packages integrate 
30593-1,30593,1773,74,1,26.00,43544.02,0.00,0.05,N,O,1995-08-24,1995-10-21,1995-08-30,NONE,RAIL,counts affix. requests boost slyly furio
30593-2,30593,880,81,2,13.00,23151.44,0.05,0.03,N,O,1995-11-05,1995-09-20,1995-12-04,NONE,TRUCK,ng deposits. carefully quick pinto beans af
30593-3,30593,532,33,3,17.00,24353.01,0.06,0.08,N,O,1995-09-14,1995-09-02,1995-09-23,NONE,TRUCK,ites are a
30593-4,30593,1912,13,4,7.00,12697.37,0.10,0.08,N,O,1995-11-20,1995-08-29,1995-12-18,TAKE BACK RETURN,TRUCK,dependencies haggle furiously regu
30593-5,30593,1820,21,5,13.00,22383.66,0.10,0.07,N,O,1995-10-20,1995-09-03,1995-11-09,COLLECT COD,AIR, across the slowly regular account
30593-6,30593,1573,94,6,36.00,53084.52,0.03,0.03,N,O,1995-11-12,1995-10-11,1995-11-19,NONE,SHIP,"bove the regular, final requests wake car"
30594-1,30594,1864,65,1,21.00,37083.06,0.04,0.01,N,O,1997-11-03,1998-01-13,1997-11-25,TAKE BACK RETURN,TRUCK,l ideas cajole 
30594-2,30594,1792,77,2,24.00,40650.96,0.08,0.06,N,O,1997-12-25,1997-12-31,1998-01-17,TAKE BACK RETURN,AIR,sly asymptotes. pending
30594-3,30594,782,15,3,24.00,40386.72,0.00,0.07,N,O,1998-02-02,1997-11-25,1998-03-01,DELIVER IN PERSON,SHIP,"ay. bold, final packages are alongside of t"
30595-1,30595,906,41,1,50.00,90345.00,0.00,0.01,N,O,1996-10-25,1996-11-19,1996-11-15,TAKE BACK RETURN,REG AIR,ons affix expr
30595-2,30595,375,4,2,15.00,19130.55,0.04,0.00,N,O,1997-01-01,1996-11-30,1997-01-16,COLLECT COD,MAIL,"ades according to the even, "
30596-1,30596,998,1,1,34.00,64565.66,0.08,0.03,N,O,1998-07-18,1998-05-02,1998-07-19,TAKE BACK RETURN,FOB,aggle carefully after the fi
30596-2,30596,820,54,2,22.00,37858.04,0.00,0.07,N,O,1998-04-30,1998-06-11,1998-05-06,TAKE BACK RETURN,TRUCK, cajole silently special dep
30596-3,30596,1358,73,3,41.00,51633.35,0.00,0.05,N,O,1998-06-17,1998-05-28,1998-07-03,NONE,MAIL, fluffily bold dependencies grow 
30596-4,30596,406,36,4,41.00,53562.40,0.06,0.02,N,O,1998-04-12,1998-06-10,1998-04-19,COLLECT COD,AIR,efully. furiously regu
30596-5,30596,1525,6,5,18.00,25677.36,0.02,0.01,N,O,1998-05-11,1998-06-18,1998-05-27,COLLECT COD,RAIL,he blithely even sentiments haggle bli
30597-1,30597,1110,11,1,46.00,46511.06,0.07,0.05,A,F,1992-12-02,1992-09-28,1992-12-18,DELIVER IN PERSON,AIR,ts wake after the furious
30597-2,30597,2,3,2,14.00,12628.00,0.07,0.04,R,F,1992-11-08,1992-09-13,1992-11-13,DELIVER IN PERSON,MAIL,counts. blithely ironic co
30597-3,30597,1449,67,3,24.00,32410.56,0.08,0.01,R,F,1992-08-10,1992-10-05,1992-08-13,DELIVER IN PERSON,MAIL,. depths wake silently. even
30597-4,30597,1962,51,4,18.00,33551.28,0.01,0.05,R,F,1992-08-13,1992-11-01,1992-08-21,TAKE BACK RETURN,RAIL,al package
30597-5,30597,99,100,5,49.00,48955.41,0.05,0.07,A,F,1992-11-29,1992-10-04,1992-12-27,DELIVER IN PERSON,FOB,nst the idly fin
30598-1,30598,38,39,1,45.00,42211.35,0.04,0.05,R,F,1993-11-15,1993-11-19,1993-12-13,NONE,FOB, final deposits wake fu
30598-2,30598,1819,63,2,7.00,12045.67,0.03,0.00,R,F,1993-12-01,1993-12-11,1993-12-21,NONE,TRUCK,express theodolites sleep after
30598-3,30598,1913,46,3,28.00,50817.48,0.06,0.03,R,F,1993-12-19,1993-12-16,1994-01-16,DELIVER IN PERSON,AIR,final forges haggle quickly after the ent
30598-4,30598,1941,30,4,5.00,9214.70,0.04,0.06,R,F,1994-01-11,1993-12-15,1994-01-25,COLLECT COD,RAIL, pending ideas accor
30598-5,30598,1619,2,5,14.00,21288.54,0.05,0.02,A,F,1993-11-25,1993-12-12,1993-12-07,NONE,MAIL, bold dolphins wake accordi
30598-6,30598,157,36,6,13.00,13742.95,0.03,0.03,A,F,1993-11-22,1993-12-14,1993-12-15,NONE,AIR,tes are carefully qu
30599-1,30599,282,64,1,5.00,5911.40,0.06,0.05,A,F,1992-05-06,1992-03-18,1992-05-08,NONE,RAIL,long the blith
30599-2,30599,1998,87,2,23.00,43699.77,0.01,0.00,A,F,1992-03-08,1992-03-25,1992-03-29,DELIVER IN PERSON,RAIL,ainst the unusual req
30599-3,30599,1716,17,3,2.00,3235.42,0.03,0.05,R,F,1992-05-17,1992-04-10,1992-06-14,DELIVER IN PERSON,REG AIR,counts against
30624-1,30624,433,92,1,48.00,64004.64,0.05,0.02,N,O,1998-08-22,1998-09-04,1998-08-25,DELIVER IN PERSON,RAIL,ts sleep. final accoun
30624-2,30624,1160,61,2,22.00,23345.52,0.04,0.02,N,O,1998-09-21,1998-09-25,1998-09-26,DELIVER IN PERSON,SHIP,ly. regular instructions
30624-3,30624,993,62,3,49.00,92805.51,0.04,0.06,N,O,1998-09-08,1998-10-21,1998-09-28,NONE,TRUCK,ial instructions shall have to x-ray alongs
30624-4,30624,662,94,4,50.00,78133.00,0.10,0.03,N,O,1998-08-18,1998-09-21,1998-09-09,TAKE BACK RETURN,RAIL,sual platelets haggle qui
30624-5,30624,1484,63,5,14.00,19396.72,0.06,0.03,N,O,1998-09-28,1998-10-07,1998-10-20,COLLECT COD,SHIP,c asymptotes wake carefully. accounts wake
30624-6,30624,1442,60,6,13.00,17464.72,0.07,0.07,N,O,1998-08-09,1998-08-30,1998-08-26,NONE,AIR,t asymptotes mold finall
30625-1,30625,1105,42,1,20.00,20122.00,0.06,0.05,R,F,1993-05-09,1993-04-20,1993-05-14,TAKE BACK RETURN,AIR,ccounts promise fluffily above th
30625-2,30625,1663,5,2,29.00,45375.14,0.05,0.08,R,F,1993-04-14,1993-05-02,1993-05-03,DELIVER IN PERSON,MAIL,c asymptotes along 
30625-3,30625,1265,40,3,20.00,23325.20,0.09,0.04,R,F,1993-05-17,1993-04-29,1993-05-19,NONE,RAIL,efully even ideas hang
30625-4,30625,1677,19,4,32.00,50517.44,0.08,0.02,A,F,1993-05-09,1993-04-12,1993-05-10,COLLECT COD,FOB,are furiously at the ideas. car
30625-5,30625,1424,3,5,2.00,2650.84,0.09,0.01,A,F,1993-05-15,1993-04-24,1993-06-09,NONE,AIR,"y bold platelets after the ironic, "
30625-6,30625,209,64,6,26.00,28839.20,0.05,0.05,A,F,1993-03-18,1993-03-16,1993-03-22,TAKE BACK RETURN,FOB,uests are carefully fluffi
30625-7,30625,389,46,7,20.00,25787.60,0.07,0.02,A,F,1993-03-29,1993-04-20,1993-04-21,TAKE BACK RETURN,FOB, through the carefully even 
30626-1,30626,492,80,1,38.00,52914.62,0.00,0.07,R,F,1995-05-29,1995-06-10,1995-05-30,NONE,TRUCK,"s about the final, even attainments can se"
30626-2,30626,1108,81,2,42.00,42382.20,0.04,0.00,R,F,1995-05-23,1995-06-02,1995-06-11,DELIVER IN PERSON,MAIL, the carefully expres
30626-3,30626,1643,67,3,26.00,40160.64,0.01,0.00,R,F,1995-06-04,1995-07-08,1995-06-06,COLLECT COD,SHIP,among the c
30626-4,30626,639,33,4,41.00,63124.83,0.04,0.02,N,O,1995-08-17,1995-06-25,1995-08-29,DELIVER IN PERSON,MAIL, theodolites. slyly s
30627-1,30627,1721,22,1,8.00,12981.76,0.04,0.08,R,F,1992-08-20,1992-06-09,1992-09-07,NONE,SHIP,"nic, even requ"
30627-2,30627,15,91,2,8.00,7320.08,0.10,0.02,A,F,1992-06-22,1992-07-28,1992-07-09,COLLECT COD,MAIL,posits about the quickly spec
30627-3,30627,1011,82,3,36.00,32832.36,0.06,0.08,A,F,1992-06-07,1992-08-07,1992-06-17,COLLECT COD,RAIL,e doggedly close patterns. fluffily regular
30627-4,30627,652,84,4,39.00,60553.35,0.02,0.02,R,F,1992-06-26,1992-06-18,1992-07-05,TAKE BACK RETURN,REG AIR,s wake blithely alongside of the bold pac
30628-1,30628,536,97,1,25.00,35913.25,0.08,0.05,R,F,1993-01-21,1993-01-30,1993-01-27,DELIVER IN PERSON,TRUCK,ins unwind unusual instruction
30628-2,30628,1850,80,2,39.00,68322.15,0.04,0.06,R,F,1993-01-17,1993-03-08,1993-01-29,TAKE BACK RETURN,FOB, asymptotes nag bus
30628-3,30628,811,45,3,31.00,53066.11,0.09,0.05,R,F,1993-01-17,1993-03-24,1993-02-16,COLLECT COD,FOB,s use furiously along the instructions. 
30628-4,30628,1815,16,4,37.00,63521.97,0.02,0.00,A,F,1993-02-07,1993-02-03,1993-03-03,NONE,AIR,kly final requests haggle. de
30629-1,30629,1321,98,1,6.00,7333.92,0.02,0.07,A,F,1992-02-20,1992-04-15,1992-03-11,NONE,REG AIR,ious pinto bean
30629-2,30629,1384,85,2,27.00,34705.26,0.04,0.05,R,F,1992-04-08,1992-04-18,1992-05-03,COLLECT COD,MAIL,"foxes across the even, iron"
30629-3,30629,1497,76,3,13.00,18180.37,0.10,0.00,R,F,1992-03-06,1992-03-14,1992-03-18,DELIVER IN PERSON,TRUCK,al requests-- regular deposits ab
30629-4,30629,82,8,4,26.00,25534.08,0.07,0.02,R,F,1992-04-01,1992-04-16,1992-04-15,NONE,SHIP, quickly idly regular sa
30629-5,30629,839,73,5,22.00,38276.26,0.05,0.04,A,F,1992-02-23,1992-03-10,1992-03-15,COLLECT COD,FOB, deposits wak
30629-6,30629,421,51,6,1.00,1321.42,0.05,0.03,R,F,1992-04-20,1992-03-23,1992-04-22,COLLECT COD,FOB,into beans among the carefully pendin
30630-1,30630,787,84,1,41.00,69198.98,0.00,0.04,N,O,1998-10-19,1998-09-09,1998-10-28,COLLECT COD,RAIL,eposits. even requests abo
30630-2,30630,1501,42,2,8.00,11220.00,0.10,0.00,N,O,1998-09-01,1998-10-25,1998-09-15,COLLECT COD,SHIP,es cajole slyly among the pa
30630-3,30630,712,9,3,45.00,72571.95,0.00,0.04,N,O,1998-11-01,1998-09-17,1998-11-26,TAKE BACK RETURN,REG AIR,ual deposits wake fluffily dog
30631-1,30631,1733,60,1,47.00,76832.31,0.09,0.06,A,F,1993-07-12,1993-07-26,1993-07-30,NONE,MAIL,en requests. asymptotes cajole fluffily. re
30631-2,30631,232,33,2,26.00,29437.98,0.03,0.01,A,F,1993-08-29,1993-08-18,1993-09-27,COLLECT COD,FOB,boost blithely. quickly unusual theodoli
30631-3,30631,1937,38,3,7.00,12872.51,0.01,0.02,A,F,1993-07-04,1993-08-17,1993-07-20,TAKE BACK RETURN,TRUCK,ts cajole carefully about the
30631-4,30631,1025,96,4,4.00,3704.08,0.10,0.00,A,F,1993-10-01,1993-08-01,1993-10-14,NONE,REG AIR,"st the daring, silen"
30656-1,30656,1687,29,1,39.00,61958.52,0.06,0.06,N,O,1995-06-28,1995-05-27,1995-07-23,NONE,MAIL, carefully 
30656-2,30656,1714,41,2,22.00,35545.62,0.04,0.08,A,F,1995-05-15,1995-06-20,1995-05-29,TAKE BACK RETURN,REG AIR,nic requests? silent foxes cajole f
30656-3,30656,1550,71,3,46.00,66771.30,0.08,0.08,N,O,1995-07-26,1995-05-11,1995-08-12,TAKE BACK RETURN,SHIP,ide of the express req
30656-4,30656,51,52,4,3.00,2853.15,0.01,0.04,N,O,1995-07-25,1995-05-13,1995-08-12,NONE,MAIL,lites. requests cajole
30656-5,30656,791,24,5,35.00,59212.65,0.04,0.02,R,F,1995-05-22,1995-06-29,1995-05-24,COLLECT COD,TRUCK,le courts at the regular
30656-6,30656,1392,93,6,34.00,43975.26,0.04,0.01,N,O,1995-06-28,1995-07-02,1995-07-06,DELIVER IN PERSON,AIR,leep furiously across the
30656-7,30656,1953,54,7,24.00,44518.80,0.08,0.03,R,F,1995-06-05,1995-05-07,1995-06-13,TAKE BACK RETURN,MAIL,osits sleep regul
30657-1,30657,1520,41,1,31.00,44067.12,0.10,0.05,N,O,1995-07-07,1995-06-26,1995-07-16,DELIVER IN PERSON,RAIL, accounts. ironic requests i
30657-2,30657,202,3,2,16.00,17635.20,0.05,0.03,N,O,1995-09-05,1995-07-20,1995-09-17,DELIVER IN PERSON,MAIL,ully. blithely ironic accounts
30657-3,30657,1706,33,3,2.00,3215.40,0.05,0.08,N,F,1995-06-08,1995-07-03,1995-07-08,COLLECT COD,RAIL, carefully special platelets a
30658-1,30658,240,22,1,21.00,23945.04,0.02,0.07,N,F,1995-06-09,1995-05-19,1995-06-23,TAKE BACK RETURN,SHIP,e to wake furiousl
30658-2,30658,1742,69,2,8.00,13149.92,0.01,0.05,N,F,1995-06-07,1995-06-05,1995-07-02,DELIVER IN PERSON,FOB,"ajole fluffily regular, even patterns. sly"
30658-3,30658,53,79,3,24.00,22873.20,0.02,0.03,N,O,1995-07-01,1995-06-24,1995-07-19,TAKE BACK RETURN,FOB,nwind among the carefully regular
30658-4,30658,1699,82,4,24.00,38416.56,0.07,0.05,R,F,1995-05-08,1995-05-20,1995-06-04,TAKE BACK RETURN,RAIL,leep about 
30658-5,30658,1794,37,5,5.00,8478.95,0.06,0.06,R,F,1995-05-26,1995-06-20,1995-06-01,TAKE BACK RETURN,TRUCK,"al pinto beans. even, "
30658-6,30658,1379,18,6,43.00,55055.91,0.09,0.08,A,F,1995-05-12,1995-05-07,1995-06-07,NONE,AIR,ages. theodol
30659-1,30659,1921,54,1,17.00,30989.64,0.00,0.03,N,O,1995-10-17,1995-10-24,1995-10-25,DELIVER IN PERSON,REG AIR,r platelets affix slyly fluffily pending
30659-2,30659,945,48,2,13.00,23997.22,0.04,0.06,N,O,1995-12-15,1995-11-11,1995-12-21,NONE,SHIP,thes across the quickl
30660-1,30660,490,91,1,30.00,41714.70,0.09,0.01,R,F,1992-09-15,1992-10-07,1992-10-02,NONE,REG AIR,enticingly even de
30660-2,30660,1779,80,2,22.00,36976.94,0.03,0.05,A,F,1992-12-24,1992-11-08,1992-12-27,NONE,SHIP,fluffily regular depo
30660-3,30660,1186,59,3,1.00,1087.18,0.08,0.01,R,F,1992-12-11,1992-11-02,1992-12-19,COLLECT COD,FOB,among the ironic packages. silently unusual
30660-4,30660,1414,32,4,35.00,46039.35,0.06,0.00,R,F,1992-11-03,1992-10-07,1992-11-29,TAKE BACK RETURN,TRUCK, the quiet 
30660-5,30660,789,22,5,19.00,32105.82,0.10,0.06,A,F,1993-01-05,1992-10-22,1993-01-28,COLLECT COD,MAIL,"nal, final deposits"
30660-6,30660,1172,9,6,21.00,22536.57,0.01,0.03,R,F,1992-10-21,1992-11-24,1992-11-04,TAKE BACK RETURN,REG AIR,h regular accounts. express ac
30660-7,30660,1444,23,7,48.00,64581.12,0.10,0.08,R,F,1992-09-19,1992-10-10,1992-10-15,NONE,MAIL,uctions wake. quickly
30661-1,30661,365,94,1,42.00,53145.12,0.01,0.01,R,F,1994-04-12,1994-06-17,1994-05-05,COLLECT COD,RAIL,ously regu
30661-2,30661,952,87,2,47.00,87088.65,0.04,0.02,A,F,1994-04-24,1994-05-29,1994-05-08,DELIVER IN PERSON,REG AIR,intain slyly about the even hockey playe
30661-3,30661,1565,6,3,43.00,63062.08,0.06,0.03,A,F,1994-05-08,1994-06-10,1994-05-21,NONE,REG AIR,to beans cajole blithely pending req
30662-1,30662,368,69,1,28.00,35514.08,0.07,0.06,N,O,1996-04-07,1996-04-10,1996-04-19,NONE,FOB,the quickly unusual dolphi
30662-2,30662,1093,99,2,27.00,26840.43,0.06,0.06,N,O,1996-03-12,1996-03-25,1996-03-15,DELIVER IN PERSON,FOB, accounts about
30662-3,30662,1102,11,3,32.00,32099.20,0.01,0.00,N,O,1996-04-11,1996-03-15,1996-04-15,NONE,SHIP,ven requests print. requests above
30662-4,30662,1129,38,4,10.00,10301.20,0.09,0.03,N,O,1996-02-21,1996-03-25,1996-03-03,TAKE BACK RETURN,TRUCK,lar braids lose carefully silent d
30662-5,30662,1044,45,5,10.00,9450.40,0.02,0.01,N,O,1996-01-20,1996-03-30,1996-02-06,NONE,REG AIR,ep carefully. slyly unusual requests
30662-6,30662,261,43,6,50.00,58063.00,0.09,0.06,N,O,1996-01-19,1996-02-22,1996-02-13,TAKE BACK RETURN,SHIP,gle furiously fluffily express 
30663-1,30663,1065,66,1,34.00,32846.04,0.09,0.00,N,O,1998-04-30,1998-05-26,1998-05-11,TAKE BACK RETURN,MAIL,ccounts engage blithely a
30663-2,30663,1473,74,2,8.00,10995.76,0.00,0.04,N,O,1998-08-05,1998-06-08,1998-09-01,NONE,FOB,s integrate b
30663-3,30663,167,46,3,23.00,24544.68,0.06,0.06,N,O,1998-07-15,1998-06-09,1998-08-08,NONE,SHIP,"ar pinto beans. even, ironic foxes cajole c"
30688-1,30688,1265,40,1,9.00,10496.34,0.00,0.02,N,O,1997-01-08,1996-12-18,1997-01-18,TAKE BACK RETURN,RAIL,e. sauternes w
30689-1,30689,669,63,1,47.00,73774.02,0.08,0.03,N,O,1997-01-05,1996-12-02,1997-01-07,DELIVER IN PERSON,TRUCK,"bold attainments. regular, pending accounts"
30689-2,30689,1865,52,2,4.00,7067.44,0.06,0.07,N,O,1996-10-31,1996-11-27,1996-11-21,DELIVER IN PERSON,AIR,sts run carefull
30689-3,30689,720,17,3,25.00,40518.00,0.06,0.02,N,O,1996-12-27,1996-12-30,1997-01-19,TAKE BACK RETURN,MAIL,. final pinto beans wake at the e
30690-1,30690,724,57,1,44.00,71487.68,0.05,0.02,R,F,1993-03-22,1993-04-12,1993-04-04,COLLECT COD,AIR,ly regular packages. fluf
30690-2,30690,1139,12,2,42.00,43685.46,0.09,0.02,R,F,1993-04-30,1993-05-10,1993-05-01,DELIVER IN PERSON,RAIL, silent instructions affix above the inst
30691-1,30691,1764,49,1,11.00,18323.36,0.09,0.06,N,O,1996-09-22,1996-09-18,1996-10-01,TAKE BACK RETURN,FOB,uffily deposits.
30691-2,30691,445,4,2,44.00,59199.36,0.01,0.06,N,O,1996-09-13,1996-09-03,1996-10-03,NONE,MAIL,ffily final deposits boost furiously 
30691-3,30691,842,42,3,4.00,6971.36,0.02,0.06,N,O,1996-06-28,1996-08-02,1996-07-14,NONE,RAIL,aggle always. theodolites thrash sl
30692-1,30692,1673,74,1,46.00,72434.82,0.02,0.08,N,O,1997-01-13,1996-11-15,1997-02-04,TAKE BACK RETURN,MAIL,inst the c
30692-2,30692,1572,73,2,2.00,2947.14,0.01,0.05,N,O,1996-10-28,1996-10-31,1996-11-04,COLLECT COD,REG AIR,carefully even gifts must sleep until t
30692-3,30692,1149,86,3,35.00,36754.90,0.10,0.01,N,O,1996-12-23,1996-11-28,1997-01-04,COLLECT COD,SHIP,- express ideas cajole. carefully enti
30692-4,30692,443,2,4,38.00,51050.72,0.10,0.04,N,O,1996-10-06,1996-10-29,1996-11-05,COLLECT COD,FOB,s boost blithel
30692-5,30692,1639,40,5,17.00,26190.71,0.07,0.07,N,O,1996-10-25,1996-10-30,1996-11-17,TAKE BACK RETURN,RAIL,g pinto beans haggle carefully. fluff
30693-1,30693,257,12,1,37.00,42818.25,0.01,0.04,N,O,1997-03-15,1997-03-14,1997-03-26,DELIVER IN PERSON,AIR,. slyly final accou
30693-2,30693,1005,41,2,48.00,43488.00,0.02,0.08,N,O,1997-05-23,1997-03-31,1997-06-13,TAKE BACK RETURN,AIR,"d, ironic "
30693-3,30693,585,16,3,20.00,29711.60,0.07,0.03,N,O,1997-05-06,1997-05-01,1997-06-05,DELIVER IN PERSON,REG AIR,nd the quickl
30693-4,30693,85,86,4,9.00,8865.72,0.08,0.06,N,O,1997-04-04,1997-04-21,1997-04-30,DELIVER IN PERSON,SHIP,mptotes. expr
30693-5,30693,1042,78,5,18.00,16974.72,0.05,0.05,N,O,1997-04-02,1997-03-07,1997-04-17,NONE,REG AIR,the carefully daring requests. speci
30694-1,30694,6,32,1,8.00,7248.00,0.08,0.02,A,F,1992-02-21,1992-04-28,1992-03-16,COLLECT COD,FOB,furiously special accounts mold final d
30694-2,30694,1557,78,2,9.00,13126.95,0.10,0.07,R,F,1992-06-03,1992-05-03,1992-07-01,COLLECT COD,AIR,special accounts cajole slyly fur
30695-1,30695,71,47,1,2.00,1942.14,0.08,0.07,N,O,1998-04-23,1998-05-03,1998-05-11,TAKE BACK RETURN,TRUCK,longside of t
30695-2,30695,200,53,2,3.00,3300.60,0.02,0.08,N,O,1998-05-14,1998-04-08,1998-05-17,DELIVER IN PERSON,RAIL,kages among the carefully fin
30695-3,30695,635,36,3,18.00,27641.34,0.07,0.00,N,O,1998-06-11,1998-03-29,1998-06-12,DELIVER IN PERSON,AIR,arefully permanent ide
30695-4,30695,1091,27,4,34.00,33731.06,0.05,0.06,N,O,1998-04-12,1998-04-03,1998-05-09,COLLECT COD,SHIP, the fluffily even ideas. blith
30695-5,30695,78,79,5,47.00,45969.29,0.05,0.06,N,O,1998-03-10,1998-03-23,1998-04-01,TAKE BACK RETURN,MAIL, silent requests haggle blithely fluff
30720-1,30720,1015,51,1,7.00,6412.07,0.09,0.02,A,F,1992-10-13,1992-11-30,1992-11-06,TAKE BACK RETURN,AIR,integrate above the carefu
30720-2,30720,1487,88,2,9.00,12496.32,0.02,0.06,A,F,1992-11-23,1992-12-01,1992-12-08,TAKE BACK RETURN,REG AIR,". regular, regular accounts a"
30720-3,30720,834,68,3,46.00,79802.18,0.01,0.08,A,F,1993-01-20,1992-11-23,1993-02-06,NONE,REG AIR,to the furiously regular foxes. s
30720-4,30720,664,65,4,36.00,56327.76,0.08,0.01,R,F,1992-10-16,1992-11-30,1992-10-27,TAKE BACK RETURN,TRUCK,packages about t
30720-5,30720,565,56,5,14.00,20517.84,0.07,0.01,A,F,1992-11-07,1992-12-02,1992-12-04,TAKE BACK RETURN,REG AIR,ecoys sleep blithely iron
30720-6,30720,928,31,6,17.00,31091.64,0.09,0.05,R,F,1993-01-22,1992-12-15,1993-01-31,TAKE BACK RETURN,TRUCK,riously quiet asympto
30721-1,30721,1553,94,1,21.00,30545.55,0.05,0.08,N,O,1996-03-17,1996-03-09,1996-04-10,DELIVER IN PERSON,MAIL,. carefully pend
30721-2,30721,837,4,2,7.00,12164.81,0.04,0.00,N,O,1996-04-29,1996-02-14,1996-04-30,TAKE BACK RETURN,RAIL,luffily regular dep
30722-1,30722,1203,41,1,6.00,6625.20,0.03,0.07,A,F,1993-09-21,1993-08-11,1993-09-29,COLLECT COD,SHIP, the carefully final dep
30722-2,30722,440,41,2,8.00,10723.52,0.03,0.01,R,F,1993-08-07,1993-08-27,1993-08-21,COLLECT COD,SHIP,sily pending accounts. 
30722-3,30722,1036,72,3,22.00,20614.66,0.06,0.08,A,F,1993-09-30,1993-07-19,1993-10-30,DELIVER IN PERSON,REG AIR,ven accounts after the iron
30723-1,30723,1542,83,1,22.00,31757.88,0.03,0.02,N,O,1996-08-06,1996-07-21,1996-08-29,COLLECT COD,FOB,ackages. furiously even
30723-2,30723,977,78,2,11.00,20657.67,0.05,0.07,N,O,1996-07-21,1996-07-21,1996-08-15,NONE,REG AIR,"nst the express, final foxes. requests a"
30723-3,30723,134,35,3,16.00,16546.08,0.04,0.06,N,O,1996-08-06,1996-06-22,1996-08-29,TAKE BACK RETURN,FOB,usly ironic reque
30724-1,30724,1110,19,1,9.00,9099.99,0.09,0.04,N,O,1996-03-16,1996-05-02,1996-03-19,DELIVER IN PERSON,SHIP,are furiously after the e
30724-2,30724,346,31,2,24.00,29912.16,0.09,0.04,N,O,1996-05-10,1996-05-11,1996-05-19,COLLECT COD,REG AIR,ans. final dependencies no
30725-1,30725,760,25,1,44.00,73073.44,0.07,0.08,R,F,1995-04-10,1995-03-27,1995-04-11,TAKE BACK RETURN,AIR,le carefully furiously iro
30725-2,30725,1256,94,2,1.00,1157.25,0.07,0.04,A,F,1995-03-20,1995-03-21,1995-04-16,TAKE BACK RETURN,TRUCK,ding pinto beans wake. quick
30725-3,30725,1032,38,3,48.00,44785.44,0.06,0.08,R,F,1995-03-04,1995-03-01,1995-03-05,NONE,RAIL,ependencies. final
30725-4,30725,1228,29,4,18.00,20325.96,0.05,0.06,R,F,1995-04-03,1995-03-06,1995-04-22,TAKE BACK RETURN,SHIP,ely regular epitaphs sn
30725-5,30725,1372,11,5,19.00,24194.03,0.06,0.08,A,F,1995-04-07,1995-03-21,1995-05-01,NONE,REG AIR,atelets are fluffily abo
30725-6,30725,314,15,6,47.00,57072.57,0.02,0.03,A,F,1995-03-27,1995-01-28,1995-04-14,NONE,RAIL, slyly final ideas are whithout the 
30726-1,30726,732,97,1,1.00,1632.73,0.04,0.00,R,F,1995-03-01,1995-02-18,1995-03-08,TAKE BACK RETURN,SHIP,unts haggle furiously around the 
30726-2,30726,1015,51,2,15.00,13740.15,0.05,0.06,R,F,1995-02-23,1995-02-18,1995-03-14,COLLECT COD,TRUCK,y even requests. furiousl
30726-3,30726,1314,91,3,44.00,53473.64,0.09,0.03,A,F,1995-03-21,1995-02-23,1995-03-28,NONE,RAIL,as are after the ironic theodolites. 
30726-4,30726,382,83,4,3.00,3847.14,0.04,0.02,R,F,1995-01-15,1995-02-12,1995-01-17,TAKE BACK RETURN,MAIL,beans integrate blithely special theodol
30727-1,30727,79,80,1,8.00,7832.56,0.09,0.00,A,F,1992-10-17,1992-09-09,1992-10-31,TAKE BACK RETURN,REG AIR,e final packa
30727-2,30727,283,11,2,33.00,39048.24,0.08,0.07,R,F,1992-10-11,1992-09-29,1992-11-08,TAKE BACK RETURN,AIR," instructions use slyly unusual, ir"
30727-3,30727,1033,39,3,31.00,28954.93,0.09,0.07,R,F,1992-11-04,1992-10-04,1992-11-17,TAKE BACK RETURN,SHIP,counts. blithely ironic dep
30727-4,30727,1943,76,4,45.00,83022.30,0.04,0.01,A,F,1992-10-22,1992-10-07,1992-10-24,DELIVER IN PERSON,REG AIR,. bold ideas above the quickly pendin
30727-5,30727,876,43,5,37.00,65744.19,0.06,0.03,A,F,1992-08-17,1992-10-23,1992-08-23,COLLECT COD,AIR,nic excuses poach slyly wh
30727-6,30727,288,16,6,22.00,26142.16,0.04,0.00,A,F,1992-08-30,1992-10-13,1992-09-27,COLLECT COD,AIR, the quickly even 
30752-1,30752,723,20,1,31.00,50335.32,0.09,0.05,N,O,1998-03-07,1997-12-24,1998-03-20,NONE,RAIL,ackages wake furiou
30752-2,30752,1653,95,2,12.00,18655.80,0.10,0.01,N,O,1998-01-02,1997-12-31,1998-01-14,TAKE BACK RETURN,RAIL,t deposits. special deposits according t
30752-3,30752,1518,39,3,34.00,48263.34,0.04,0.06,N,O,1998-01-26,1998-01-28,1998-01-29,TAKE BACK RETURN,RAIL,ealthy packa
30753-1,30753,945,46,1,37.00,68299.78,0.05,0.08,N,O,1997-09-27,1997-11-26,1997-10-27,NONE,AIR,iously furiously special pinto beans. care
30753-2,30753,847,48,2,41.00,71661.44,0.05,0.08,N,O,1997-11-10,1997-11-02,1997-12-06,TAKE BACK RETURN,MAIL,quests use fluffily. regular p
30754-1,30754,601,64,1,16.00,24025.60,0.02,0.02,R,F,1993-11-30,1994-02-02,1993-12-05,TAKE BACK RETURN,SHIP,thely final instructions. pending inst
30754-2,30754,572,3,2,38.00,55957.66,0.03,0.07,A,F,1994-03-06,1994-01-19,1994-03-14,TAKE BACK RETURN,REG AIR,lithely around the pending platelets. plat
30754-3,30754,532,23,3,44.00,63031.32,0.07,0.01,R,F,1993-11-30,1994-02-18,1993-12-18,TAKE BACK RETURN,FOB,ily ironic pinto beans. quickly
30754-4,30754,546,7,4,28.00,40503.12,0.08,0.02,A,F,1993-12-28,1994-01-02,1994-01-15,DELIVER IN PERSON,RAIL,s cajole alongside of the
30755-1,30755,1103,76,1,31.00,31127.10,0.04,0.01,N,O,1998-02-17,1998-05-02,1998-03-18,NONE,SHIP,ly ruthless ideas. even
30755-2,30755,936,39,2,28.00,51434.04,0.03,0.07,N,O,1998-02-25,1998-04-22,1998-03-04,NONE,AIR,counts. carefully express depen
30755-3,30755,634,97,3,36.00,55246.68,0.06,0.07,N,O,1998-04-11,1998-04-05,1998-04-23,DELIVER IN PERSON,TRUCK,r requests. closely pending packa
30755-4,30755,1607,49,4,49.00,73921.40,0.07,0.04,N,O,1998-03-04,1998-05-08,1998-03-22,COLLECT COD,AIR,ans sleep alongside of th
30756-1,30756,992,95,1,16.00,30287.84,0.09,0.08,N,O,1997-12-16,1997-12-07,1997-12-28,COLLECT COD,TRUCK, the deposits. furiously bold depo
30756-2,30756,293,21,2,9.00,10739.61,0.04,0.00,N,O,1997-10-22,1997-11-23,1997-11-10,COLLECT COD,MAIL,y final packages sublate evenly
30756-3,30756,1328,5,3,20.00,24586.40,0.08,0.01,N,O,1997-11-08,1997-12-04,1997-11-26,COLLECT COD,FOB,counts. dependencies haggle flu
30756-4,30756,888,89,4,34.00,60821.92,0.04,0.02,N,O,1997-11-15,1997-10-26,1997-12-11,TAKE BACK RETURN,SHIP, regular deposits. thinly daring 
30756-5,30756,1363,2,5,5.00,6321.80,0.10,0.08,N,O,1997-10-21,1997-11-24,1997-11-07,NONE,TRUCK, furiously. slyly bold theodoli
30756-6,30756,1348,49,6,23.00,28734.82,0.08,0.04,N,O,1998-01-10,1997-12-01,1998-01-16,NONE,REG AIR, express pint
30757-1,30757,1522,43,1,10.00,14235.20,0.03,0.01,A,F,1994-04-10,1994-01-27,1994-04-27,NONE,FOB,the carefully iro
30757-2,30757,765,98,2,33.00,54970.08,0.06,0.04,A,F,1994-01-21,1994-02-01,1994-01-27,NONE,AIR,mptotes. c
30757-3,30757,601,33,3,10.00,15016.00,0.10,0.02,A,F,1994-01-27,1994-02-02,1994-01-30,TAKE BACK RETURN,TRUCK,ickly final deposits 
30758-1,30758,1750,93,1,41.00,67721.75,0.09,0.05,N,O,1998-08-16,1998-09-09,1998-09-06,TAKE BACK RETURN,REG AIR,eas maintain quickly dolphins! ironic
30759-1,30759,408,9,1,15.00,19626.00,0.05,0.07,A,F,1994-07-31,1994-06-21,1994-08-25,NONE,MAIL,kly final excuses. slyly express packa
30759-2,30759,1054,60,2,13.00,12415.65,0.06,0.03,R,F,1994-06-13,1994-07-16,1994-07-11,DELIVER IN PERSON,MAIL,he carefully bold deposits. theodoli
30759-3,30759,1762,47,3,7.00,11646.32,0.05,0.03,R,F,1994-07-06,1994-07-10,1994-07-26,DELIVER IN PERSON,SHIP,ackages across the ironic
30784-1,30784,583,14,1,16.00,23737.28,0.07,0.00,R,F,1992-08-28,1992-07-23,1992-09-01,COLLECT COD,MAIL,ounts above the ca
30784-2,30784,715,12,2,18.00,29082.78,0.04,0.00,A,F,1992-06-13,1992-06-20,1992-06-15,DELIVER IN PERSON,MAIL,its would boost instead of the quickly fina
30784-3,30784,1676,18,3,25.00,39441.75,0.10,0.04,R,F,1992-07-26,1992-07-02,1992-08-14,COLLECT COD,RAIL,ts lose around 
30784-4,30784,186,87,4,29.00,31499.22,0.00,0.07,R,F,1992-07-30,1992-07-13,1992-08-12,NONE,RAIL,slyly above the furious
30784-5,30784,38,64,5,5.00,4690.15,0.07,0.02,A,F,1992-08-22,1992-06-28,1992-09-19,COLLECT COD,FOB, detect slyly. furiously final 
30784-6,30784,1821,22,6,22.00,37902.04,0.08,0.01,R,F,1992-05-12,1992-07-23,1992-05-21,TAKE BACK RETURN,TRUCK,"e final, special packages. even, expres"
30785-1,30785,22,98,1,36.00,33192.72,0.09,0.04,R,F,1994-08-10,1994-08-30,1994-09-07,COLLECT COD,REG AIR,s the carefully even account
30785-2,30785,158,37,2,40.00,42326.00,0.04,0.01,R,F,1994-09-21,1994-09-07,1994-10-08,COLLECT COD,RAIL,lyly about the blithely 
30785-3,30785,1346,61,3,28.00,34925.52,0.03,0.02,R,F,1994-07-29,1994-09-17,1994-07-31,NONE,TRUCK,carefully p
30785-4,30785,1169,6,4,23.00,24613.68,0.07,0.06,R,F,1994-08-26,1994-09-15,1994-09-11,TAKE BACK RETURN,MAIL,refully bold requests. ideas affix careful
30786-1,30786,477,36,1,12.00,16529.64,0.04,0.06,R,F,1992-08-18,1992-08-25,1992-09-07,NONE,SHIP,osits. blithely bold Tiresias use slyly. c
30786-2,30786,551,12,2,50.00,72577.50,0.10,0.07,A,F,1992-10-16,1992-09-05,1992-11-13,NONE,FOB, carefully ironic
30786-3,30786,526,87,3,37.00,52781.24,0.08,0.02,A,F,1992-07-26,1992-10-15,1992-08-04,DELIVER IN PERSON,FOB,cording to the deposits: furious
30786-4,30786,1198,35,4,20.00,21983.80,0.04,0.06,A,F,1992-08-07,1992-09-24,1992-08-23,NONE,REG AIR,ies haggle slyly across the
30786-5,30786,367,24,5,14.00,17743.04,0.06,0.05,A,F,1992-09-09,1992-08-30,1992-09-17,COLLECT COD,SHIP,refully silent excuses!
30786-6,30786,163,42,6,15.00,15947.40,0.08,0.03,A,F,1992-08-14,1992-09-04,1992-08-30,DELIVER IN PERSON,TRUCK,. quickly special instruct
30786-7,30786,765,98,7,48.00,79956.48,0.04,0.03,R,F,1992-08-19,1992-08-25,1992-09-08,COLLECT COD,FOB, carefully-- quickly
30787-1,30787,1774,59,1,19.00,31839.63,0.04,0.03,N,O,1995-11-07,1995-11-17,1995-11-15,NONE,AIR,ng requests. furiously final cour
30787-2,30787,1594,95,2,27.00,40380.93,0.07,0.03,N,O,1995-10-16,1995-10-29,1995-11-07,NONE,REG AIR,according to the furiously express de
30788-1,30788,1148,85,1,27.00,28326.78,0.00,0.00,R,F,1992-11-20,1993-01-18,1992-12-10,NONE,SHIP,nding sauternes. quickly f
30788-2,30788,1119,20,2,43.00,43864.73,0.02,0.08,R,F,1992-11-09,1992-12-11,1992-11-26,DELIVER IN PERSON,REG AIR,equests. express packages haggle
30788-3,30788,1994,83,3,38.00,72047.62,0.06,0.05,A,F,1992-12-27,1992-12-23,1993-01-21,DELIVER IN PERSON,MAIL,heaves about the final grouches cajole 
30788-4,30788,497,56,4,13.00,18167.37,0.08,0.00,A,F,1992-11-06,1992-12-08,1992-11-09,TAKE BACK RETURN,RAIL," pending, final requests. "
30789-1,30789,754,55,1,35.00,57916.25,0.08,0.02,A,F,1994-08-09,1994-09-20,1994-08-20,NONE,MAIL,e furiously unusual deposits. fluff
30789-2,30789,1407,25,2,30.00,39252.00,0.06,0.08,R,F,1994-10-06,1994-08-22,1994-10-07,DELIVER IN PERSON,RAIL,e final deposits. pending theodoli
30789-3,30789,165,44,3,23.00,24498.68,0.09,0.08,A,F,1994-07-28,1994-08-31,1994-08-11,DELIVER IN PERSON,TRUCK,usly ironic orbits affix quic
30789-4,30789,290,18,4,30.00,35708.70,0.05,0.00,R,F,1994-10-20,1994-08-18,1994-10-30,COLLECT COD,SHIP,d the fluffily ironic id
30789-5,30789,565,56,5,1.00,1465.56,0.05,0.06,R,F,1994-10-19,1994-09-25,1994-11-12,COLLECT COD,SHIP,nal requests engage slowly along the 
30789-6,30789,1304,19,6,16.00,19284.80,0.07,0.07,A,F,1994-07-03,1994-08-31,1994-07-29,COLLECT COD,AIR, blithely regular r
30790-1,30790,1656,80,1,32.00,49844.80,0.02,0.03,A,F,1993-02-14,1993-03-07,1993-02-28,COLLECT COD,TRUCK, carefully unusual ideas ca
30790-2,30790,1924,13,2,49.00,89470.08,0.07,0.07,A,F,1993-03-17,1993-02-26,1993-04-04,NONE,FOB,sits. furi
30790-3,30790,1826,70,3,35.00,60473.70,0.04,0.08,A,F,1993-01-18,1993-03-07,1993-02-05,NONE,FOB,quickly regular asymptotes wake sly
30790-4,30790,1315,92,4,30.00,36489.30,0.04,0.07,R,F,1992-12-25,1993-02-08,1993-01-20,DELIVER IN PERSON,RAIL,"xpress deposits. regular, regular foxes ar"
30790-5,30790,1997,98,5,32.00,60767.68,0.06,0.06,A,F,1993-03-01,1993-01-11,1993-03-29,DELIVER IN PERSON,TRUCK,onic requests shou
30790-6,30790,919,22,6,17.00,30938.47,0.05,0.07,R,F,1993-01-11,1993-03-01,1993-01-16,DELIVER IN PERSON,SHIP,atelets wake furiously regular 
30790-7,30790,899,66,7,16.00,28798.24,0.05,0.00,A,F,1993-01-25,1993-01-13,1993-02-20,DELIVER IN PERSON,REG AIR,ironic courts. blithely even foxes 
30791-1,30791,1980,69,1,6.00,11291.88,0.06,0.01,N,O,1997-12-16,1998-01-07,1998-01-14,DELIVER IN PERSON,MAIL,quickly un
30791-2,30791,1941,74,2,16.00,29487.04,0.07,0.02,N,O,1997-11-14,1998-01-02,1997-12-07,TAKE BACK RETURN,RAIL,ckages are silently blithely eve
30791-3,30791,402,90,3,45.00,58608.00,0.03,0.05,N,O,1998-02-10,1998-01-08,1998-02-17,DELIVER IN PERSON,RAIL,y silently silent excuses. f
30791-4,30791,1226,64,4,19.00,21417.18,0.02,0.02,N,O,1997-11-22,1997-11-18,1997-12-18,TAKE BACK RETURN,MAIL,atelets. slyly even packages wake
30816-1,30816,457,87,1,17.00,23076.65,0.01,0.02,N,O,1996-12-17,1997-01-29,1997-01-13,DELIVER IN PERSON,REG AIR,s. requests sleep slyly. fluffil
30817-1,30817,1860,90,1,20.00,35237.20,0.10,0.02,N,O,1996-10-19,1996-11-17,1996-11-08,COLLECT COD,AIR,final packages detect
30817-2,30817,409,39,2,30.00,39282.00,0.05,0.04,N,O,1996-11-06,1996-10-23,1996-11-22,NONE,MAIL,to beans according to the carefully exp
30817-3,30817,1209,21,3,48.00,53289.60,0.01,0.08,N,O,1996-11-13,1996-11-15,1996-11-27,COLLECT COD,REG AIR,tructions sleep. slyly bol
30818-1,30818,1294,6,1,47.00,56178.63,0.10,0.02,N,O,1997-08-21,1997-10-17,1997-09-02,NONE,TRUCK,ul theodolites cajole express asym
30818-2,30818,1682,65,2,29.00,45926.72,0.00,0.01,N,O,1997-10-16,1997-09-03,1997-11-02,DELIVER IN PERSON,SHIP,ccording to
30818-3,30818,1119,20,3,46.00,46925.06,0.07,0.03,N,O,1997-08-02,1997-09-12,1997-08-27,NONE,REG AIR,sleep against the final deposits
30818-4,30818,133,86,4,22.00,22728.86,0.07,0.03,N,O,1997-09-07,1997-09-14,1997-09-17,NONE,REG AIR,yly final packages will ha
30818-5,30818,395,80,5,41.00,53110.99,0.03,0.01,N,O,1997-09-19,1997-10-04,1997-09-30,NONE,RAIL,"the silent, regular instruction"
30819-1,30819,559,60,1,3.00,4378.65,0.07,0.05,A,F,1992-05-08,1992-06-24,1992-05-14,TAKE BACK RETURN,SHIP,ly. busily ironic courts 
30819-2,30819,1103,40,2,3.00,3012.30,0.00,0.02,A,F,1992-06-26,1992-06-16,1992-07-02,COLLECT COD,MAIL,counts. regular sauternes integrat
30819-3,30819,990,93,3,1.00,1890.99,0.05,0.00,R,F,1992-06-16,1992-07-12,1992-07-06,COLLECT COD,TRUCK,nusual excuses boost carefully quickl
30820-1,30820,502,33,1,2.00,2805.00,0.10,0.03,R,F,1995-05-30,1995-06-15,1995-05-31,TAKE BACK RETURN,RAIL,n requests! fluffily regular packages cajo
30820-2,30820,163,16,2,32.00,34021.12,0.04,0.01,R,F,1995-05-25,1995-05-20,1995-05-26,COLLECT COD,AIR,s serve fluffily express deposits. fur
30820-3,30820,1446,64,3,18.00,24253.92,0.05,0.03,N,F,1995-06-03,1995-06-30,1995-06-22,NONE,RAIL,the slyly unusual requests. furiously
30821-1,30821,1231,32,1,28.00,31702.44,0.10,0.01,R,F,1994-03-04,1994-03-16,1994-03-13,COLLECT COD,MAIL, serve slyly above 
30821-2,30821,39,65,2,46.00,43195.38,0.06,0.04,A,F,1994-02-07,1994-02-22,1994-02-10,TAKE BACK RETURN,REG AIR,ial packages nag. excuses sleep slyly ab
30821-3,30821,861,62,3,1.00,1761.86,0.05,0.00,R,F,1994-01-27,1994-03-04,1994-02-18,DELIVER IN PERSON,AIR,s instructions cajole carefully accord
30821-4,30821,1703,4,4,18.00,28884.60,0.06,0.08,A,F,1994-02-05,1994-02-18,1994-02-10,COLLECT COD,AIR,carefully. stealthy
30821-5,30821,1366,43,5,30.00,38020.80,0.02,0.00,R,F,1994-04-11,1994-02-19,1994-04-20,TAKE BACK RETURN,REG AIR,ly about the
30822-1,30822,1339,54,1,33.00,40930.89,0.07,0.03,N,O,1997-01-08,1997-02-22,1997-02-07,NONE,FOB, slyly. furiously regula
30822-2,30822,1800,85,2,10.00,17018.00,0.01,0.01,N,O,1997-01-11,1997-02-20,1997-02-09,COLLECT COD,TRUCK,ctions. even
30822-3,30822,886,87,3,21.00,37524.48,0.08,0.04,N,O,1997-01-13,1997-01-24,1997-01-29,TAKE BACK RETURN,FOB,the never ironic pinto beans. furi
30822-4,30822,272,100,4,50.00,58613.50,0.07,0.01,N,O,1997-02-27,1997-01-28,1997-03-28,COLLECT COD,AIR,unusual packages mold fina
30822-5,30822,736,33,5,18.00,29461.14,0.03,0.04,N,O,1996-12-24,1997-02-11,1997-01-08,DELIVER IN PERSON,RAIL,tes-- blithely unusual plat
30822-6,30822,1021,27,6,10.00,9220.20,0.01,0.02,N,O,1996-12-09,1997-01-16,1996-12-29,NONE,SHIP,endencies. fluffily ironic asymptotes t
30823-1,30823,1647,71,1,35.00,54202.40,0.10,0.00,N,O,1997-03-24,1997-05-23,1997-04-18,TAKE BACK RETURN,MAIL,special pinto
30823-2,30823,918,19,2,18.00,32740.38,0.00,0.08,N,O,1997-03-16,1997-05-24,1997-03-31,DELIVER IN PERSON,FOB,ly platelets. furiously ironic dependen
30823-3,30823,1611,53,3,49.00,74117.89,0.00,0.07,N,O,1997-03-19,1997-04-18,1997-04-08,COLLECT COD,MAIL,ites nag furiously. slyly specia
30823-4,30823,1091,97,4,41.00,40675.69,0.08,0.06,N,O,1997-05-06,1997-04-17,1997-05-28,DELIVER IN PERSON,REG AIR,equests are blithely b
30823-5,30823,1375,52,5,29.00,37014.73,0.00,0.01,N,O,1997-06-07,1997-05-12,1997-06-21,TAKE BACK RETURN,AIR,efully according to the quickly 
30848-1,30848,1913,2,1,38.00,68966.58,0.10,0.03,N,O,1995-06-30,1995-06-15,1995-07-13,NONE,FOB, affix blithely at t
30848-2,30848,1574,75,2,13.00,19182.41,0.06,0.03,N,F,1995-06-14,1995-07-16,1995-06-23,NONE,AIR,kages. furiously unusual pac
30848-3,30848,1007,43,3,34.00,30872.00,0.02,0.01,N,O,1995-07-20,1995-06-08,1995-08-07,COLLECT COD,AIR,ts cajole ironic dependencies. q
30848-4,30848,1365,42,4,4.00,5065.44,0.06,0.03,R,F,1995-05-30,1995-06-04,1995-06-11,NONE,FOB,e fluffily special depo
30848-5,30848,881,15,5,30.00,53456.40,0.09,0.06,N,O,1995-07-11,1995-06-27,1995-08-01,DELIVER IN PERSON,SHIP,g furiously pending accounts. spec
30848-6,30848,32,83,6,3.00,2796.09,0.09,0.08,N,O,1995-08-03,1995-06-01,1995-08-11,NONE,RAIL,ously according 
30849-1,30849,632,26,1,33.00,50576.79,0.03,0.00,N,O,1996-04-14,1996-05-25,1996-04-29,NONE,MAIL,", regular packages. regular, final "
30849-2,30849,1885,86,2,36.00,64327.68,0.08,0.03,N,O,1996-04-18,1996-05-29,1996-05-09,DELIVER IN PERSON,TRUCK,ously special platel
30849-3,30849,432,20,3,29.00,38640.47,0.09,0.03,N,O,1996-03-19,1996-04-24,1996-03-29,DELIVER IN PERSON,AIR,tructions. b
30849-4,30849,858,59,4,6.00,10553.10,0.02,0.00,N,O,1996-05-04,1996-05-01,1996-05-27,NONE,SHIP,"arefully! express, regular dep"
30849-5,30849,1346,47,5,27.00,33678.18,0.03,0.08,N,O,1996-03-21,1996-06-08,1996-04-15,NONE,FOB,"express, silent d"
30850-1,30850,1617,18,1,50.00,75930.50,0.02,0.05,R,F,1992-07-20,1992-07-20,1992-08-18,DELIVER IN PERSON,MAIL,asymptotes los
30851-1,30851,421,9,1,9.00,11892.78,0.04,0.03,R,F,1993-12-02,1993-11-11,1993-12-05,NONE,SHIP,eans grow about the always thin accounts. i
30852-1,30852,246,1,1,27.00,30948.48,0.00,0.02,R,F,1994-07-14,1994-07-04,1994-08-05,COLLECT COD,RAIL,ar instructions against the slyly even 
30852-2,30852,1333,34,2,21.00,25920.93,0.00,0.04,R,F,1994-05-22,1994-08-09,1994-06-02,COLLECT COD,MAIL,lly against the care
30852-3,30852,829,96,3,37.00,64003.34,0.06,0.07,R,F,1994-09-11,1994-06-19,1994-09-24,TAKE BACK RETURN,RAIL,sits. furiously expres
30852-4,30852,1475,15,4,24.00,33035.28,0.08,0.02,R,F,1994-05-25,1994-06-17,1994-06-13,DELIVER IN PERSON,REG AIR," the regular, regular theodolites. slyly"
30852-5,30852,1538,19,5,14.00,20153.42,0.00,0.05,A,F,1994-08-27,1994-07-10,1994-09-02,DELIVER IN PERSON,TRUCK,"iet deposits are blithely regular, ex"
30853-1,30853,375,32,1,36.00,45913.32,0.00,0.03,N,O,1995-08-27,1995-10-14,1995-09-09,TAKE BACK RETURN,REG AIR,al pinto beans. silent pinto b
30853-2,30853,641,73,2,29.00,44707.56,0.01,0.07,N,O,1995-08-24,1995-10-10,1995-09-18,COLLECT COD,TRUCK, blithely final instructions a
30853-3,30853,125,26,3,42.00,43055.04,0.03,0.03,N,O,1995-10-25,1995-10-15,1995-10-29,NONE,MAIL,uffily furiously regular 
30853-4,30853,1306,21,4,17.00,20524.10,0.10,0.08,N,O,1995-09-17,1995-10-22,1995-09-28,TAKE BACK RETURN,FOB,dencies ha
30853-5,30853,1091,97,5,47.00,46628.23,0.02,0.07,N,O,1995-08-18,1995-09-26,1995-09-10,DELIVER IN PERSON,SHIP, express pinto beans at the pending foxes 
30853-6,30853,96,72,6,40.00,39843.60,0.03,0.02,N,O,1995-08-27,1995-09-29,1995-09-26,DELIVER IN PERSON,RAIL,l dependenc
30854-1,30854,1821,65,1,6.00,10336.92,0.09,0.06,N,O,1997-06-22,1997-04-16,1997-07-21,COLLECT COD,FOB, somas haggle fluffily
30854-2,30854,421,9,2,36.00,47571.12,0.01,0.03,N,O,1997-04-12,1997-05-10,1997-05-03,TAKE BACK RETURN,AIR,s haggle against the 
30854-3,30854,832,33,3,32.00,55450.56,0.07,0.08,N,O,1997-06-11,1997-05-10,1997-07-06,COLLECT COD,FOB,y among the furiously express instructions
30854-4,30854,1279,80,4,3.00,3540.81,0.10,0.00,N,O,1997-03-20,1997-05-09,1997-04-18,NONE,FOB,instructions grow careful
30854-5,30854,1756,99,5,30.00,49732.50,0.07,0.01,N,O,1997-03-17,1997-04-24,1997-04-09,NONE,MAIL,fully regular escapades boost f
30855-1,30855,244,72,1,36.00,41192.64,0.01,0.01,N,O,1997-01-05,1997-01-02,1997-01-25,TAKE BACK RETURN,AIR,ly along the regular packages. pending 
30855-2,30855,772,37,2,3.00,5018.31,0.08,0.03,N,O,1997-02-08,1997-01-31,1997-02-14,TAKE BACK RETURN,MAIL," accounts. close, careful depo"
30855-3,30855,1687,88,3,4.00,6354.72,0.01,0.04,N,O,1997-02-15,1996-12-21,1997-02-17,COLLECT COD,RAIL,ests nag fluffily final deposits. plate
30855-4,30855,186,13,4,25.00,27154.50,0.06,0.02,N,O,1996-12-26,1997-01-19,1997-01-05,DELIVER IN PERSON,FOB,the final packages! pen
30855-5,30855,334,35,5,1.00,1234.33,0.00,0.04,N,O,1997-01-20,1997-01-30,1997-02-16,NONE,MAIL,ress. instructions doze slyly about t
30855-6,30855,1671,54,6,26.00,40889.42,0.01,0.02,N,O,1996-12-07,1997-02-07,1996-12-08,TAKE BACK RETURN,SHIP,ites. ironically regular account
30855-7,30855,206,61,7,44.00,48672.80,0.10,0.02,N,O,1996-12-09,1996-12-26,1996-12-31,DELIVER IN PERSON,TRUCK,ix furiously ironically permanent request
30880-1,30880,1029,35,1,7.00,6510.14,0.03,0.02,N,O,1997-11-22,1997-12-05,1997-12-02,TAKE BACK RETURN,SHIP,ly express dolphi
30880-2,30880,303,32,2,32.00,38505.60,0.00,0.02,N,O,1997-12-01,1997-12-10,1997-12-28,NONE,TRUCK,"nal, idle epitaphs nag blithely final "
30880-3,30880,1111,12,3,13.00,13157.43,0.07,0.00,N,O,1997-11-12,1998-01-01,1997-11-18,COLLECT COD,RAIL,ges use after the ironic
30881-1,30881,957,58,1,32.00,59454.40,0.09,0.08,R,F,1993-07-11,1993-08-21,1993-07-15,DELIVER IN PERSON,RAIL,"gle carefully bold, f"
30881-2,30881,1368,83,2,11.00,13962.96,0.09,0.04,A,F,1993-10-09,1993-07-13,1993-10-26,DELIVER IN PERSON,REG AIR,hins about the slyly ironic requests s
30881-3,30881,587,78,3,30.00,44627.40,0.02,0.00,R,F,1993-10-01,1993-07-26,1993-10-15,TAKE BACK RETURN,MAIL,ding to the
30881-4,30881,1843,87,4,38.00,66303.92,0.00,0.01,R,F,1993-08-28,1993-07-16,1993-09-05,DELIVER IN PERSON,REG AIR,special requests. requests hinder
30882-1,30882,1271,9,1,19.00,22273.13,0.05,0.05,N,O,1996-11-06,1996-12-17,1996-12-04,DELIVER IN PERSON,AIR,slyly expre
30882-2,30882,1489,7,2,32.00,44495.36,0.06,0.03,N,O,1996-11-26,1996-12-18,1996-11-27,NONE,MAIL," ironic, final accounts nag blithely. final"
30883-1,30883,1128,29,1,37.00,38077.44,0.05,0.05,A,F,1993-10-30,1993-11-20,1993-11-11,NONE,AIR,pinto beans; final
30883-2,30883,203,85,2,49.00,54056.80,0.04,0.02,R,F,1993-11-29,1993-10-03,1993-12-23,COLLECT COD,TRUCK,ges boost slyly above
30883-3,30883,1337,14,3,22.00,27243.26,0.01,0.00,A,F,1993-11-26,1993-10-12,1993-12-07,NONE,REG AIR,es. closely ironic reque
30883-4,30883,252,53,4,33.00,38024.25,0.06,0.01,R,F,1993-11-26,1993-10-30,1993-12-11,DELIVER IN PERSON,SHIP, alongside of 
30883-5,30883,1298,99,5,20.00,23985.80,0.07,0.03,A,F,1993-09-08,1993-09-29,1993-09-18,TAKE BACK RETURN,SHIP,le. deposits haggle. quietly regular
30883-6,30883,1859,60,6,14.00,24651.90,0.05,0.01,A,F,1993-09-18,1993-10-06,1993-09-23,TAKE BACK RETURN,AIR,", ironic accounts. f"
30884-1,30884,1241,53,1,11.00,12564.64,0.08,0.08,R,F,1993-11-02,1993-11-12,1993-11-26,DELIVER IN PERSON,AIR,y express ideas hagg
30884-2,30884,326,83,2,33.00,40468.56,0.07,0.01,A,F,1993-10-03,1993-12-15,1993-10-18,DELIVER IN PERSON,FOB,ly against the slyly quiet accounts? ir
30884-3,30884,49,100,3,49.00,46502.96,0.04,0.03,R,F,1993-10-30,1993-11-01,1993-11-27,COLLECT COD,FOB,ding excuses cajole fluffily final account
30885-1,30885,1249,24,1,44.00,50610.56,0.02,0.01,R,F,1993-07-23,1993-08-08,1993-08-16,NONE,RAIL,uses. slyly ironic asymp
30885-2,30885,1497,37,2,36.00,50345.64,0.02,0.03,A,F,1993-07-05,1993-08-07,1993-07-26,NONE,REG AIR,packages. special deposits use
30885-3,30885,1337,52,3,31.00,38388.23,0.07,0.02,A,F,1993-07-11,1993-08-25,1993-07-17,NONE,AIR,c accounts hang bravely. special dolphin
30885-4,30885,375,32,4,26.00,33159.62,0.08,0.04,A,F,1993-06-23,1993-09-03,1993-06-30,DELIVER IN PERSON,FOB,ain furiously ironic theodoli
30885-5,30885,1231,43,5,25.00,28305.75,0.10,0.06,A,F,1993-07-13,1993-08-28,1993-08-06,NONE,MAIL," affix against the bold,"
30886-1,30886,883,83,1,4.00,7135.52,0.07,0.03,R,F,1992-07-01,1992-08-09,1992-07-06,DELIVER IN PERSON,REG AIR,ven instructions
30886-2,30886,1299,37,2,37.00,44410.73,0.04,0.06,A,F,1992-06-09,1992-06-22,1992-07-05,NONE,AIR,s wake about the 
30886-3,30886,932,67,3,29.00,53154.97,0.02,0.06,A,F,1992-05-16,1992-06-23,1992-05-21,DELIVER IN PERSON,RAIL, quickly ironic asymptotes. carefully unus
30886-4,30886,1405,6,4,38.00,49643.20,0.05,0.03,A,F,1992-06-08,1992-07-02,1992-06-30,COLLECT COD,REG AIR,its hinder care
30887-1,30887,1203,41,1,47.00,51897.40,0.03,0.06,R,F,1993-08-25,1993-09-20,1993-09-12,TAKE BACK RETURN,MAIL,e fluffily final pinto beans. bli
30887-2,30887,639,33,2,42.00,64664.46,0.02,0.02,A,F,1993-07-11,1993-09-11,1993-07-20,TAKE BACK RETURN,FOB,xpress request
30887-3,30887,327,56,3,24.00,29455.68,0.04,0.04,A,F,1993-07-09,1993-09-28,1993-07-26,TAKE BACK RETURN,RAIL,carefully within th
30912-1,30912,810,44,1,4.00,6843.24,0.09,0.05,R,F,1994-02-10,1994-01-13,1994-02-12,COLLECT COD,TRUCK," even accounts among the silent, dogged re"
30912-2,30912,1123,32,2,22.00,22530.64,0.07,0.07,R,F,1993-12-08,1994-02-16,1994-01-02,NONE,SHIP,y pending deposits against
30912-3,30912,1967,56,3,9.00,16820.64,0.03,0.07,R,F,1994-01-13,1994-01-15,1994-02-06,COLLECT COD,TRUCK,wake blithely-- quickly unusual ins
30912-4,30912,1857,1,4,48.00,84424.80,0.10,0.03,R,F,1994-03-02,1994-02-03,1994-03-23,NONE,FOB,into the carefully ironic de
30913-1,30913,1146,47,1,32.00,33508.48,0.00,0.01,A,F,1992-12-10,1992-12-04,1992-12-15,DELIVER IN PERSON,TRUCK,old sometimes. 
30913-2,30913,1039,45,2,34.00,31961.02,0.04,0.06,R,F,1992-09-27,1992-11-13,1992-10-10,COLLECT COD,FOB,x furiously blithely ironic ac
30913-3,30913,778,43,3,45.00,75544.65,0.01,0.02,A,F,1992-11-15,1992-11-19,1992-12-15,NONE,AIR,. even realms according to the carefu
30913-4,30913,1729,14,4,5.00,8153.60,0.05,0.08,R,F,1993-01-01,1992-11-25,1993-01-16,DELIVER IN PERSON,MAIL,ans. blithely final theodolites ar
30913-5,30913,1601,84,5,29.00,43575.40,0.01,0.04,A,F,1992-12-23,1992-11-12,1993-01-13,NONE,FOB,y after the fluffily unusual a
30913-6,30913,1967,56,6,48.00,89710.08,0.09,0.06,A,F,1992-12-13,1992-12-16,1992-12-30,NONE,SHIP,ly pending requests 
30913-7,30913,1050,51,7,9.00,8559.45,0.05,0.04,R,F,1992-12-18,1992-11-17,1993-01-05,COLLECT COD,RAIL,se quickly. bold asymptotes cajole slyly a
30914-1,30914,896,97,1,50.00,89844.50,0.06,0.01,N,O,1997-07-17,1997-07-15,1997-08-05,TAKE BACK RETURN,FOB,egular deposit
30915-1,30915,1155,64,1,50.00,52807.50,0.03,0.05,A,F,1994-03-22,1994-02-22,1994-04-13,NONE,FOB, furiously express 
30915-2,30915,1032,33,2,21.00,19593.63,0.05,0.03,R,F,1994-03-14,1994-03-06,1994-03-15,COLLECT COD,SHIP,hely even 
30915-3,30915,713,10,3,9.00,14523.39,0.10,0.08,R,F,1994-01-30,1994-03-03,1994-02-25,COLLECT COD,REG AIR,ntegrate quickly final 
30915-4,30915,1833,63,4,26.00,45105.58,0.01,0.02,A,F,1994-03-04,1994-03-26,1994-03-25,DELIVER IN PERSON,SHIP,regular accounts aff
30915-5,30915,1808,95,5,22.00,37615.60,0.10,0.08,A,F,1994-01-24,1994-04-04,1994-02-23,TAKE BACK RETURN,MAIL,c packages try to play
30916-1,30916,1351,52,1,18.00,22542.30,0.03,0.02,R,F,1994-10-30,1994-09-18,1994-11-02,DELIVER IN PERSON,RAIL,fluffily pending requests. iron
30916-2,30916,1811,12,2,14.00,23979.34,0.01,0.00,A,F,1994-08-10,1994-09-04,1994-08-11,COLLECT COD,MAIL,lly daring packages are fluffily slyly fi
30917-1,30917,842,43,1,16.00,27885.44,0.07,0.07,R,F,1993-12-06,1994-01-13,1993-12-23,NONE,AIR,t the carefully bold de
30917-2,30917,1648,72,2,41.00,63535.24,0.07,0.05,A,F,1994-01-25,1993-12-24,1994-02-04,TAKE BACK RETURN,RAIL,ajole slyly r
30917-3,30917,1875,76,3,15.00,26653.05,0.09,0.06,R,F,1993-11-20,1994-01-09,1993-11-22,COLLECT COD,RAIL,ut the courts. express instructions are ab
30917-4,30917,1075,46,4,22.00,21473.54,0.02,0.06,R,F,1993-11-15,1993-12-07,1993-12-06,NONE,TRUCK,r the final requests. p
30917-5,30917,398,99,5,27.00,35056.53,0.06,0.00,R,F,1994-01-09,1994-01-22,1994-01-15,COLLECT COD,RAIL, about the quickly fi
30918-1,30918,1833,20,1,5.00,8674.15,0.09,0.07,N,O,1996-03-03,1996-01-25,1996-03-14,NONE,REG AIR,ss pinto beans cajol
30919-1,30919,1893,37,1,43.00,77180.27,0.01,0.01,R,F,1992-11-20,1992-12-04,1992-11-24,DELIVER IN PERSON,SHIP,ully. regular depend
30919-2,30919,1233,34,2,31.00,35161.13,0.08,0.08,R,F,1992-12-04,1992-12-03,1992-12-25,DELIVER IN PERSON,MAIL,"press, regular ideas wake car"
30919-3,30919,178,57,3,46.00,49595.82,0.03,0.03,A,F,1992-12-03,1992-11-03,1992-12-31,NONE,FOB,ully express packages. carefully final pack
30919-4,30919,1181,90,4,19.00,20561.42,0.03,0.08,R,F,1993-01-19,1992-11-06,1993-02-03,NONE,SHIP,uests cajole slyly regular theodolites
30944-1,30944,45,96,1,47.00,44416.88,0.02,0.02,N,O,1995-09-27,1995-08-03,1995-10-11,COLLECT COD,FOB,ccounts across the slyly final decoys are
30944-2,30944,434,35,2,16.00,21350.88,0.08,0.03,N,O,1995-10-01,1995-09-03,1995-10-25,TAKE BACK RETURN,AIR,ve the final forges nag furiously pendin
30944-3,30944,1964,65,3,15.00,27989.40,0.03,0.06,N,O,1995-09-17,1995-08-14,1995-09-24,TAKE BACK RETURN,REG AIR,nts. furiously final requests sleep furio
30944-4,30944,732,33,4,3.00,4898.19,0.08,0.00,N,O,1995-07-07,1995-08-30,1995-07-11,NONE,AIR,nal pinto beans boost care
30944-5,30944,1480,81,5,48.00,66311.04,0.07,0.03,N,O,1995-10-04,1995-07-31,1995-10-25,NONE,TRUCK,requests was: slyly special accounts must
30944-6,30944,817,18,6,17.00,29202.77,0.09,0.05,N,O,1995-07-21,1995-08-29,1995-07-31,NONE,TRUCK,furiously alongside of t
30944-7,30944,759,24,7,5.00,8298.75,0.00,0.03,N,O,1995-09-27,1995-08-20,1995-10-20,TAKE BACK RETURN,AIR,"ly. express, ironic ideas use. final sent"
30945-1,30945,881,82,1,35.00,62365.80,0.05,0.05,R,F,1994-10-23,1994-11-12,1994-11-08,NONE,AIR,sly final pinto beans detect alongsi
30945-2,30945,451,10,2,38.00,51355.10,0.07,0.07,A,F,1994-10-03,1994-10-21,1994-10-04,NONE,REG AIR, wake against the final accounts. sly
30945-3,30945,1057,63,3,8.00,7664.40,0.09,0.06,A,F,1994-10-27,1994-10-21,1994-11-12,DELIVER IN PERSON,SHIP, promise b
30946-1,30946,1531,52,1,22.00,31515.66,0.02,0.07,A,F,1994-08-08,1994-06-24,1994-09-02,DELIVER IN PERSON,FOB,thely bold deposit
30947-1,30947,1868,55,1,44.00,77873.84,0.09,0.02,A,F,1993-09-26,1993-08-29,1993-10-26,COLLECT COD,AIR,ep. slyly unusu
30947-2,30947,592,53,2,20.00,29851.80,0.03,0.04,R,F,1993-08-25,1993-09-05,1993-08-30,TAKE BACK RETURN,REG AIR,pinto beans. final 
30947-3,30947,1823,24,3,2.00,3449.64,0.06,0.06,A,F,1993-08-19,1993-09-04,1993-09-08,TAKE BACK RETURN,AIR, the fluffily pe
30947-4,30947,1767,52,4,20.00,33375.20,0.01,0.05,A,F,1993-08-28,1993-08-16,1993-09-11,COLLECT COD,TRUCK,ual accounts. blithely regular frets am
30947-5,30947,1531,32,5,11.00,15757.83,0.06,0.00,A,F,1993-09-22,1993-08-25,1993-10-18,NONE,FOB,"e doggedly deposits. regular, f"
30948-1,30948,488,76,1,10.00,13884.80,0.03,0.05,N,O,1996-12-08,1996-11-13,1996-12-15,COLLECT COD,AIR,hin foxes haggle blit
30949-1,30949,997,66,1,42.00,79715.58,0.03,0.08,A,F,1992-04-27,1992-03-09,1992-05-19,DELIVER IN PERSON,SHIP,fully excus
30949-2,30949,1488,6,2,44.00,61137.12,0.01,0.06,A,F,1992-05-29,1992-04-05,1992-06-14,NONE,SHIP,dependencies boost against the fluffily 
30949-3,30949,507,8,3,10.00,14075.00,0.06,0.00,A,F,1992-02-15,1992-04-24,1992-02-16,COLLECT COD,SHIP,xes. deposits use quickl
30950-1,30950,1797,98,1,43.00,73047.97,0.10,0.04,N,O,1996-01-17,1996-01-16,1996-02-04,COLLECT COD,REG AIR,carefully sly
30950-2,30950,639,2,2,8.00,12317.04,0.01,0.04,N,O,1996-02-28,1996-02-06,1996-03-28,NONE,SHIP,"sts nag at the ironic, even theodolites. f"
30950-3,30950,84,85,3,7.00,6888.56,0.02,0.03,N,O,1996-03-14,1996-01-14,1996-03-29,TAKE BACK RETURN,AIR,dolites are final foxes.
30951-1,30951,1887,17,1,35.00,62610.80,0.05,0.02,N,O,1996-09-04,1996-09-03,1996-09-06,DELIVER IN PERSON,TRUCK,ar warthogs. even foxes cajole
30976-1,30976,872,73,1,2.00,3545.74,0.00,0.05,A,F,1993-01-05,1993-01-01,1993-01-21,TAKE BACK RETURN,MAIL,equests are bold deposits
30976-2,30976,1873,3,2,32.00,56795.84,0.01,0.06,A,F,1992-12-31,1992-12-18,1993-01-03,TAKE BACK RETURN,TRUCK, furiously ironic deposi
30977-1,30977,1040,11,1,23.00,21643.92,0.05,0.06,N,O,1996-09-14,1996-09-13,1996-09-25,DELIVER IN PERSON,RAIL,e. final pack
30977-2,30977,1960,5,2,33.00,61444.68,0.08,0.02,N,O,1996-07-12,1996-09-02,1996-08-05,COLLECT COD,FOB,ular requests. quickly bold asymptotes bel
30977-3,30977,1545,66,3,39.00,56415.06,0.07,0.07,N,O,1996-06-30,1996-08-22,1996-07-04,COLLECT COD,SHIP,lyly final requests integrate c
30978-1,30978,662,94,1,3.00,4687.98,0.04,0.06,N,O,1996-09-27,1996-09-11,1996-10-11,TAKE BACK RETURN,MAIL,pending decoys. care
30978-2,30978,1963,64,2,26.00,48488.96,0.00,0.06,N,O,1996-10-04,1996-08-18,1996-10-27,COLLECT COD,TRUCK,ously bold pinto beans. slyly eve
30978-3,30978,667,99,3,4.00,6270.64,0.08,0.01,N,O,1996-07-11,1996-08-20,1996-07-24,COLLECT COD,FOB, excuses sle
30979-1,30979,2000,45,1,23.00,20746.00,0.03,0.00,A,F,1994-06-14,1994-05-07,1994-07-01,DELIVER IN PERSON,TRUCK,"s: unusual, regular instructions haggle sl"
30979-2,30979,1400,77,2,28.00,36439.20,0.03,0.00,R,F,1994-03-29,1994-05-02,1994-04-11,TAKE BACK RETURN,SHIP, fluffily ironic deposits boost fluff
30980-1,30980,46,72,1,14.00,13244.56,0.00,0.01,N,O,1995-10-21,1995-11-05,1995-11-07,DELIVER IN PERSON,MAIL, slyly along the
30980-2,30980,1027,28,2,44.00,40832.88,0.02,0.04,N,O,1995-11-18,1995-11-11,1995-12-03,DELIVER IN PERSON,MAIL,y bold pinto beans. brave 
30980-3,30980,1270,71,3,8.00,9370.16,0.05,0.06,N,O,1995-09-01,1995-10-17,1995-09-03,NONE,AIR, packages. unusual ideas are carefully ir
30981-1,30981,1684,85,1,45.00,71355.60,0.10,0.08,R,F,1995-03-09,1995-05-05,1995-03-28,COLLECT COD,REG AIR,sleep slyly about the caref
30981-2,30981,1968,57,2,17.00,31789.32,0.10,0.06,A,F,1995-02-23,1995-05-07,1995-03-11,TAKE BACK RETURN,TRUCK,ly ideas. fluffily bold requests boost. spe
30981-3,30981,1514,55,3,21.00,29725.71,0.06,0.01,R,F,1995-04-28,1995-05-01,1995-05-16,COLLECT COD,REG AIR,thely final attainments boost slyly. 
30981-4,30981,285,40,4,45.00,53337.60,0.04,0.07,R,F,1995-06-04,1995-04-21,1995-06-09,DELIVER IN PERSON,MAIL,requests sublate theod
30981-5,30981,822,23,5,15.00,25842.30,0.03,0.07,A,F,1995-03-05,1995-04-05,1995-04-04,TAKE BACK RETURN,FOB,quests nod against
30981-6,30981,1079,15,6,48.00,47043.36,0.02,0.06,A,F,1995-04-24,1995-04-29,1995-05-24,COLLECT COD,SHIP,lly about the sp
30982-1,30982,1725,68,1,47.00,76455.84,0.06,0.06,N,O,1997-04-17,1997-04-15,1997-04-24,COLLECT COD,MAIL,requests affix blithely bold pi
30983-1,30983,740,41,1,23.00,37737.02,0.06,0.03,N,O,1998-04-18,1998-06-01,1998-05-12,COLLECT COD,TRUCK,dolites detect furiously o
30983-2,30983,1595,36,2,38.00,56870.42,0.01,0.08,N,O,1998-06-19,1998-06-19,1998-07-09,COLLECT COD,RAIL," at the thin, final dep"
30983-3,30983,1341,42,3,50.00,62117.00,0.10,0.04,N,O,1998-07-10,1998-05-30,1998-07-18,TAKE BACK RETURN,TRUCK,slyly regular accounts above the bo
30983-4,30983,1569,10,4,13.00,19117.28,0.05,0.04,N,O,1998-04-10,1998-04-22,1998-05-07,NONE,SHIP,ic accounts boost furiously requ
30983-5,30983,1700,83,5,50.00,80085.00,0.08,0.04,N,O,1998-05-30,1998-04-25,1998-06-15,COLLECT COD,TRUCK,r accounts wake quickly even requests. c
31008-1,31008,1403,43,1,37.00,48262.80,0.04,0.08,N,O,1998-03-30,1998-03-25,1998-04-10,DELIVER IN PERSON,RAIL,"uriously bold, exp"
31008-2,31008,45,96,2,50.00,47252.00,0.04,0.03,N,O,1998-03-25,1998-03-18,1998-03-27,COLLECT COD,TRUCK,ss accounts. express 
31008-3,31008,1867,54,3,24.00,42452.64,0.07,0.07,N,O,1998-01-28,1998-02-14,1998-02-12,NONE,FOB,eposits. ca
31009-1,31009,1361,62,1,29.00,36608.44,0.01,0.00,N,O,1997-08-09,1997-07-04,1997-08-23,NONE,RAIL,haggle. fluffily final deposits lose sile
31009-2,31009,873,74,2,16.00,28381.92,0.08,0.06,N,O,1997-08-20,1997-08-13,1997-09-15,COLLECT COD,FOB,kly express ideas. special foxes cajole 
31009-3,31009,1360,37,3,34.00,42886.24,0.09,0.08,N,O,1997-07-12,1997-07-31,1997-07-27,NONE,MAIL,al accounts. slyly sil
31009-4,31009,1746,47,4,25.00,41193.50,0.01,0.07,N,O,1997-08-17,1997-08-04,1997-09-09,TAKE BACK RETURN,AIR,uctions cajole bold foxes. slyly regular b
31010-1,31010,537,38,1,9.00,12937.77,0.09,0.06,N,O,1997-02-09,1997-02-22,1997-03-08,TAKE BACK RETURN,FOB,onic deposits cajole furiou
31010-2,31010,902,71,2,25.00,45072.50,0.09,0.01,N,O,1997-04-26,1997-04-04,1997-05-08,COLLECT COD,SHIP,re furiously. carefully expres
31010-3,31010,1974,19,3,3.00,5627.91,0.02,0.01,N,O,1997-05-02,1997-04-16,1997-05-16,COLLECT COD,RAIL,efully bold packag
31011-1,31011,1072,8,1,19.00,18488.33,0.01,0.03,A,F,1994-11-28,1995-02-12,1994-12-20,TAKE BACK RETURN,TRUCK,the requests. blithely final ideas 
31011-2,31011,1406,24,2,24.00,31377.60,0.01,0.05,A,F,1995-02-01,1995-01-22,1995-02-05,COLLECT COD,AIR," foxes. regular, special requests"
31012-1,31012,1193,66,1,34.00,37202.46,0.10,0.05,N,O,1997-09-06,1997-08-29,1997-09-12,DELIVER IN PERSON,REG AIR,uickly regular requests sno
31012-2,31012,781,46,2,17.00,28590.26,0.08,0.00,N,O,1997-10-06,1997-09-05,1997-10-17,NONE,RAIL,r pinto be
31012-3,31012,88,14,3,14.00,13833.12,0.03,0.04,N,O,1997-08-08,1997-10-02,1997-08-28,TAKE BACK RETURN,RAIL,usly according to the 
31012-4,31012,650,13,4,32.00,49620.80,0.10,0.08,N,O,1997-07-23,1997-09-28,1997-08-02,DELIVER IN PERSON,AIR,fix along the regular ideas; regular pi
31013-1,31013,524,85,1,32.00,45584.64,0.00,0.01,N,O,1996-12-17,1996-11-17,1996-12-20,NONE,RAIL,its. carefully even excu
31013-2,31013,353,38,2,4.00,5013.40,0.05,0.07,N,O,1997-02-08,1996-12-21,1997-03-05,NONE,REG AIR,ests! furiously
31013-3,31013,26,52,3,45.00,41670.90,0.04,0.02,N,O,1996-11-25,1996-11-28,1996-12-03,COLLECT COD,RAIL,fully even packages thrash bl
31013-4,31013,668,100,4,38.00,59609.08,0.01,0.06,N,O,1996-11-09,1996-12-09,1996-11-16,DELIVER IN PERSON,REG AIR,pending accounts. fluffily 
31013-5,31013,176,3,5,5.00,5380.85,0.01,0.03,N,O,1997-01-08,1996-11-25,1997-01-31,DELIVER IN PERSON,REG AIR,nts wake deposits. ironical
31014-1,31014,1400,39,1,39.00,50754.60,0.05,0.03,N,O,1998-04-17,1998-04-05,1998-05-14,COLLECT COD,FOB,ld packages run 
31014-2,31014,1433,51,2,35.00,46705.05,0.04,0.03,N,O,1998-03-02,1998-02-14,1998-03-04,COLLECT COD,REG AIR,slyly furiously express instructions. re
31014-3,31014,1641,83,3,33.00,50907.12,0.01,0.01,N,O,1998-03-09,1998-02-15,1998-04-02,NONE,REG AIR,lithely sometimes pending theodolites. spec
31014-4,31014,1283,95,4,34.00,40265.52,0.10,0.02,N,O,1998-01-17,1998-03-07,1998-02-12,TAKE BACK RETURN,MAIL,ual asymptotes. regularly ironic accounts
31014-5,31014,1124,33,5,16.00,16401.92,0.05,0.03,N,O,1998-04-17,1998-04-06,1998-04-29,NONE,TRUCK,ffily bold packages cajole slyl
31015-1,31015,1452,70,1,23.00,31129.35,0.01,0.05,R,F,1993-03-27,1993-04-05,1993-04-05,COLLECT COD,MAIL,usual accounts. carefully exp
31015-2,31015,1499,78,2,4.00,5601.96,0.05,0.04,R,F,1993-03-18,1993-03-20,1993-04-01,DELIVER IN PERSON,SHIP,ts wake carefu
31015-3,31015,1270,71,3,7.00,8198.89,0.00,0.08,R,F,1993-04-18,1993-03-13,1993-05-15,NONE,MAIL,erns. fluffily final reque
31015-4,31015,1562,3,4,4.00,5854.24,0.02,0.05,R,F,1993-04-06,1993-03-14,1993-04-22,NONE,TRUCK,ly fluffily ironic somas. carefully
31015-5,31015,1418,97,5,12.00,15832.92,0.04,0.07,A,F,1993-05-08,1993-03-05,1993-05-25,COLLECT COD,MAIL,ly furiously even pinto beans. furiously i
31015-6,31015,672,73,6,7.00,11008.69,0.08,0.02,R,F,1993-02-09,1993-04-11,1993-02-24,NONE,AIR,iously ironi
31040-1,31040,454,42,1,4.00,5417.80,0.02,0.03,A,F,1993-12-28,1993-11-20,1994-01-06,TAKE BACK RETURN,FOB,ly bold accounts sleep slyly
31040-2,31040,676,39,2,41.00,64643.47,0.04,0.06,R,F,1993-10-26,1993-10-24,1993-11-09,DELIVER IN PERSON,REG AIR,nal foxes among the bl
31040-3,31040,813,47,3,41.00,70266.21,0.07,0.00,R,F,1993-09-17,1993-11-07,1993-10-08,TAKE BACK RETURN,TRUCK," the special, regular requests. slyly bra"
31040-4,31040,1400,1,4,29.00,37740.60,0.01,0.02,A,F,1993-12-26,1993-11-26,1994-01-06,DELIVER IN PERSON,SHIP,iously regular requests. carefully reg
31040-5,31040,1250,88,5,27.00,31083.75,0.03,0.00,A,F,1993-12-17,1993-11-09,1994-01-08,TAKE BACK RETURN,TRUCK," ideas breach slyly along the regular, bol"
31040-6,31040,1736,37,6,31.00,50769.63,0.02,0.07,A,F,1993-09-29,1993-11-11,1993-10-19,NONE,AIR, furiously above the reg
31041-1,31041,1850,94,1,46.00,80585.10,0.00,0.08,N,O,1998-01-01,1998-01-26,1998-01-14,COLLECT COD,TRUCK, quickly even theodolites. furiously ironic
31042-1,31042,1709,36,1,36.00,57985.20,0.08,0.03,R,F,1993-02-13,1993-01-13,1993-03-09,DELIVER IN PERSON,TRUCK,ng to the regular asymptotes. slyly special
31042-2,31042,1583,64,2,43.00,63836.94,0.10,0.00,R,F,1992-12-02,1993-02-03,1992-12-30,DELIVER IN PERSON,RAIL,nic packages. furiousl
31042-3,31042,656,19,3,14.00,21793.10,0.04,0.08,A,F,1992-12-26,1993-01-31,1992-12-27,NONE,FOB,nto beans use. blithely re
31043-1,31043,1621,45,1,12.00,18271.44,0.01,0.05,R,F,1994-10-07,1994-09-22,1994-10-23,NONE,AIR,"xcuses. even, fin"
31043-2,31043,304,61,2,49.00,59010.70,0.05,0.05,A,F,1994-08-15,1994-09-24,1994-08-27,TAKE BACK RETURN,REG AIR,according to the special dinos. blithely 
31044-1,31044,328,57,1,47.00,57731.04,0.08,0.00,A,F,1993-02-21,1993-02-11,1993-02-26,NONE,FOB,"ironic, ironic somas use. "
31045-1,31045,1008,9,1,33.00,29997.00,0.02,0.08,N,O,1996-04-02,1996-05-05,1996-04-06,DELIVER IN PERSON,TRUCK,sual instructions. furiously silen
31045-2,31045,1458,59,2,23.00,31267.35,0.03,0.08,N,O,1996-04-28,1996-04-09,1996-05-10,NONE,REG AIR,e quickly pending packa
31045-3,31045,672,35,3,11.00,17299.37,0.09,0.00,N,O,1996-04-10,1996-04-28,1996-05-08,COLLECT COD,FOB,the never regular deposits was c
31045-4,31045,1044,50,4,20.00,18900.80,0.05,0.08,N,O,1996-04-23,1996-05-10,1996-05-04,DELIVER IN PERSON,TRUCK, requests. blithely regular instru
31046-1,31046,1444,62,1,50.00,67272.00,0.06,0.07,A,F,1995-05-16,1995-03-14,1995-05-19,NONE,FOB,ingly after the slyly regular pla
31046-2,31046,344,73,2,25.00,31108.50,0.02,0.00,A,F,1995-05-07,1995-04-17,1995-05-22,NONE,SHIP,to beans after the s
31046-3,31046,858,25,3,14.00,24623.90,0.09,0.04,R,F,1995-06-07,1995-05-09,1995-06-14,COLLECT COD,REG AIR,press requests at the 
31046-4,31046,1742,69,4,9.00,14793.66,0.02,0.02,R,F,1995-03-02,1995-04-05,1995-03-16,NONE,FOB,equests nag furiously final deposits. 
31046-5,31046,228,29,5,23.00,25949.06,0.00,0.01,R,F,1995-02-19,1995-04-06,1995-03-04,TAKE BACK RETURN,FOB,could have to are above the furiou
31046-6,31046,560,21,6,32.00,46737.92,0.02,0.06,R,F,1995-04-17,1995-04-05,1995-05-04,TAKE BACK RETURN,RAIL,. quickly even ideas use quickly caref
31046-7,31046,1611,35,7,23.00,34790.03,0.05,0.07,A,F,1995-05-06,1995-04-02,1995-05-30,DELIVER IN PERSON,REG AIR, carefully regular
31047-1,31047,334,19,1,45.00,55544.85,0.01,0.08,N,O,1997-08-10,1997-07-22,1997-09-04,TAKE BACK RETURN,AIR,ckly even ideas boost furiousl
31047-2,31047,1997,98,2,8.00,15191.92,0.05,0.00,N,O,1997-07-18,1997-08-04,1997-07-30,COLLECT COD,SHIP,ironic packages: carefully regular package
31047-3,31047,1763,90,3,17.00,28300.92,0.03,0.00,N,O,1997-07-18,1997-08-02,1997-07-29,DELIVER IN PERSON,RAIL,r ideas with the pending foxes are slyly 
31047-4,31047,1953,98,4,50.00,92747.50,0.10,0.04,N,O,1997-09-08,1997-06-23,1997-10-03,DELIVER IN PERSON,RAIL,pending accounts. final braids aft
31047-5,31047,957,26,5,20.00,37159.00,0.04,0.07,N,O,1997-08-04,1997-08-02,1997-08-23,COLLECT COD,TRUCK,enticing instructions wake; slyly
31047-6,31047,1665,7,6,25.00,39166.50,0.04,0.08,N,O,1997-06-09,1997-07-31,1997-06-24,NONE,AIR,lithely final d
31072-1,31072,935,4,1,28.00,51406.04,0.10,0.02,A,F,1993-12-30,1994-01-18,1994-01-17,TAKE BACK RETURN,RAIL,"nding, final pinto beans. furiously "
31073-1,31073,1925,26,1,42.00,76730.64,0.02,0.01,A,F,1993-08-23,1993-10-23,1993-09-01,TAKE BACK RETURN,REG AIR,fully bold depos
31073-2,31073,1380,19,2,32.00,41004.16,0.03,0.08,A,F,1993-09-04,1993-09-10,1993-09-18,DELIVER IN PERSON,FOB,s. slyly bold foxes are. bli
31073-3,31073,488,89,3,13.00,18050.24,0.06,0.06,A,F,1993-08-24,1993-09-04,1993-09-17,TAKE BACK RETURN,MAIL,uffily furiously st
31073-4,31073,1552,73,4,37.00,53781.35,0.06,0.03,A,F,1993-10-07,1993-08-25,1993-10-13,NONE,AIR,eans. furiously regular theodol
31073-5,31073,1421,39,5,25.00,33060.50,0.07,0.07,R,F,1993-09-17,1993-10-22,1993-10-14,COLLECT COD,REG AIR,n instructions. unusu
31074-1,31074,667,99,1,38.00,59571.08,0.04,0.00,N,O,1997-08-20,1997-05-24,1997-09-15,COLLECT COD,RAIL,furiously among 
31074-2,31074,1952,85,2,3.00,5561.85,0.02,0.04,N,O,1997-06-30,1997-06-12,1997-07-13,TAKE BACK RETURN,FOB,quests cajole 
31074-3,31074,1788,15,3,44.00,74350.32,0.04,0.08,N,O,1997-08-17,1997-05-24,1997-08-21,NONE,RAIL,tions boost carefully regular somas.
31074-4,31074,576,67,4,14.00,20671.98,0.04,0.04,N,O,1997-07-07,1997-07-06,1997-07-22,DELIVER IN PERSON,MAIL,long the ironic inst
31074-5,31074,388,73,5,41.00,52823.58,0.08,0.04,N,O,1997-06-14,1997-05-29,1997-07-12,NONE,SHIP,ns. quickly express packages haggl
31075-1,31075,629,23,1,32.00,48947.84,0.00,0.02,N,O,1995-09-19,1995-11-06,1995-10-12,COLLECT COD,RAIL,. fluffily silent asymptotes ag
31075-2,31075,531,92,2,26.00,37219.78,0.01,0.06,N,O,1995-11-17,1995-11-23,1995-12-04,TAKE BACK RETURN,AIR,sly final packages wake carefully 
31076-1,31076,1131,32,1,1.00,1032.13,0.10,0.03,R,F,1992-07-25,1992-09-30,1992-07-28,NONE,TRUCK,packages mold carefully. p
31076-2,31076,951,54,2,11.00,20371.45,0.00,0.05,R,F,1992-07-31,1992-10-16,1992-08-20,COLLECT COD,REG AIR,sly special courts. furio
31077-1,31077,1106,43,1,1.00,1007.10,0.08,0.08,A,F,1994-01-24,1994-01-17,1994-02-21,COLLECT COD,FOB,yers sleep sly
31077-2,31077,958,27,2,15.00,27884.25,0.10,0.08,A,F,1993-11-01,1994-01-10,1993-11-24,COLLECT COD,AIR,lar multipliers. express
31078-1,31078,173,74,1,27.00,28975.59,0.10,0.01,R,F,1994-05-14,1994-05-12,1994-06-07,DELIVER IN PERSON,MAIL,ly regular accounts use slyly special ide
31078-2,31078,1928,17,2,45.00,82346.40,0.04,0.06,A,F,1994-03-11,1994-05-07,1994-03-12,COLLECT COD,TRUCK,s cajole permanently accordi
31079-1,31079,1308,23,1,2.00,2418.60,0.00,0.03,N,O,1995-09-15,1995-10-30,1995-09-25,DELIVER IN PERSON,MAIL, the quickly bold foxes. slyly regular c
31104-1,31104,184,63,1,32.00,34693.76,0.10,0.04,N,O,1997-05-22,1997-04-29,1997-06-15,DELIVER IN PERSON,MAIL,s nag carefully around the fur
31105-1,31105,121,22,1,24.00,24506.88,0.00,0.03,N,O,1996-06-18,1996-08-14,1996-07-13,DELIVER IN PERSON,MAIL, ironic dependencie
31105-2,31105,118,45,2,30.00,30543.30,0.02,0.01,N,O,1996-09-09,1996-08-24,1996-10-07,NONE,MAIL," the silent, express theo"
31105-3,31105,1633,34,3,38.00,58315.94,0.04,0.05,N,O,1996-09-28,1996-09-09,1996-10-13,DELIVER IN PERSON,AIR,unusual dolphi
31105-4,31105,716,13,4,3.00,4850.13,0.09,0.07,N,O,1996-10-04,1996-09-05,1996-10-06,COLLECT COD,RAIL," quiet, pending deposits against the "
31105-5,31105,800,33,5,44.00,74835.20,0.05,0.03,N,O,1996-10-13,1996-09-01,1996-11-12,TAKE BACK RETURN,RAIL, fluffily final packages ac
31106-1,31106,1375,52,1,20.00,25527.40,0.05,0.05,A,F,1992-04-25,1992-03-20,1992-05-24,TAKE BACK RETURN,AIR,l courts boost slyly across the furiously
31106-2,31106,1492,10,2,50.00,69674.50,0.07,0.03,R,F,1992-03-29,1992-04-01,1992-04-18,TAKE BACK RETURN,AIR,ular deposits haggle ca
31106-3,31106,1595,36,3,9.00,13469.31,0.09,0.03,A,F,1992-02-28,1992-04-30,1992-03-12,COLLECT COD,FOB,"ely past the even, regular "
31106-4,31106,1027,33,4,15.00,13920.30,0.08,0.06,A,F,1992-02-27,1992-03-19,1992-03-17,DELIVER IN PERSON,MAIL,ffily. slyly ironic packages haggle 
31106-5,31106,1645,87,5,28.00,43305.92,0.06,0.00,R,F,1992-02-27,1992-03-26,1992-03-17,TAKE BACK RETURN,AIR,y. carefully even deposits sleep quickly s
31106-6,31106,1804,34,6,48.00,81878.40,0.06,0.01,A,F,1992-06-17,1992-04-24,1992-06-18,COLLECT COD,AIR,s haggle fluffily accor
31106-7,31106,1778,21,7,21.00,35275.17,0.00,0.01,R,F,1992-03-05,1992-05-09,1992-03-12,DELIVER IN PERSON,REG AIR, bravely express ideas cajole blithely 
31107-1,31107,1477,56,1,24.00,33083.28,0.02,0.08,A,F,1993-10-08,1993-09-22,1993-10-23,DELIVER IN PERSON,RAIL,en packages. furiously final ins
31107-2,31107,1238,76,2,33.00,37594.59,0.09,0.03,A,F,1993-10-10,1993-09-05,1993-11-04,TAKE BACK RETURN,REG AIR, final ins
31108-1,31108,1386,25,1,50.00,64369.00,0.04,0.05,A,F,1994-11-27,1994-10-22,1994-11-30,DELIVER IN PERSON,AIR, silent gifts. 
31108-2,31108,1660,84,2,9.00,14054.94,0.04,0.08,R,F,1994-10-19,1994-10-31,1994-11-07,TAKE BACK RETURN,TRUCK,"ic pearls. ruthless, silent accounts a"
31108-3,31108,131,84,3,22.00,22684.86,0.08,0.04,R,F,1994-11-20,1994-09-28,1994-11-28,COLLECT COD,RAIL,y carefully f
31108-4,31108,1839,69,4,12.00,20889.96,0.05,0.00,A,F,1994-11-15,1994-09-28,1994-11-24,COLLECT COD,MAIL, furiously
31109-1,31109,726,59,1,5.00,8133.60,0.02,0.07,N,O,1996-02-27,1996-01-02,1996-03-14,NONE,FOB,lyly final accounts. regular pinto 
31109-2,31109,911,12,2,14.00,25366.74,0.08,0.02,N,O,1995-11-23,1995-12-20,1995-12-14,NONE,TRUCK,y brave pinto beans wake care
31109-3,31109,819,19,3,34.00,58473.54,0.09,0.07,N,O,1996-01-12,1995-12-31,1996-01-14,DELIVER IN PERSON,AIR,silent foxes. slyly ironic excuses ca
31109-4,31109,723,56,4,44.00,71443.68,0.07,0.04,N,O,1995-12-23,1995-12-04,1996-01-03,NONE,MAIL,he requests are carefully across 
31110-1,31110,1329,6,1,26.00,31988.32,0.00,0.02,N,O,1997-03-30,1997-02-22,1997-04-27,NONE,RAIL,final requests wake slyly. pinto bea
31110-2,31110,81,82,2,11.00,10791.88,0.03,0.07,N,O,1997-03-08,1997-02-08,1997-04-06,TAKE BACK RETURN,TRUCK,olites. slyly ironic requests 
31110-3,31110,1252,27,3,19.00,21911.75,0.00,0.04,N,O,1997-03-21,1997-03-01,1997-04-03,DELIVER IN PERSON,MAIL,"l, bold platelets use slyly pendin"
31110-4,31110,1601,84,4,35.00,52591.00,0.01,0.02,N,O,1997-02-24,1997-02-25,1997-02-28,COLLECT COD,AIR,deposits dazzle quickly a
31111-1,31111,1303,42,1,29.00,34924.70,0.09,0.06,A,F,1994-11-18,1994-10-11,1994-12-12,COLLECT COD,REG AIR, hang slyly according to the carefully e
31111-2,31111,1125,62,2,15.00,15391.80,0.01,0.04,R,F,1994-10-12,1994-10-15,1994-10-18,NONE,FOB,ly ironic pinto beans. acc
31111-3,31111,1037,8,3,32.00,30016.96,0.08,0.06,A,F,1994-11-17,1994-11-11,1994-11-18,NONE,FOB,r the quickly silent deposits ha
31111-4,31111,1754,55,4,35.00,57951.25,0.06,0.03,A,F,1994-10-27,1994-10-25,1994-11-22,NONE,MAIL,sits. furiously ironic excuses hi
31111-5,31111,1975,20,5,13.00,24400.61,0.09,0.06,R,F,1994-08-26,1994-10-10,1994-09-05,NONE,MAIL, haggle reg
31111-6,31111,1511,92,6,41.00,57912.91,0.08,0.04,A,F,1994-10-20,1994-10-27,1994-11-07,DELIVER IN PERSON,FOB,otes. express deposits ac
31136-1,31136,141,42,1,2.00,2082.28,0.07,0.05,N,O,1996-07-09,1996-06-04,1996-07-19,TAKE BACK RETURN,AIR,structions cajole sly
31136-2,31136,321,78,2,6.00,7327.92,0.01,0.01,N,O,1996-06-22,1996-06-27,1996-07-07,DELIVER IN PERSON,FOB, carefully
31137-1,31137,565,26,1,35.00,51294.60,0.09,0.03,N,O,1997-03-06,1997-03-13,1997-03-11,COLLECT COD,AIR,pecial packages. even packag
31137-2,31137,558,59,2,32.00,46673.60,0.09,0.05,N,O,1997-04-23,1997-03-29,1997-05-14,NONE,AIR,ate slyly. fluffily even platelets nag 
31137-3,31137,67,93,3,32.00,30945.92,0.07,0.06,N,O,1997-03-04,1997-03-15,1997-03-24,COLLECT COD,AIR,", bold deposits hag"
31137-4,31137,518,79,4,4.00,5674.04,0.01,0.07,N,O,1997-04-28,1997-02-26,1997-05-14,TAKE BACK RETURN,FOB, ideas. fluffily even ideas for
31137-5,31137,369,70,5,40.00,50774.40,0.10,0.00,N,O,1997-03-14,1997-04-22,1997-03-29,NONE,FOB, ironic pinto beans. sly
31138-1,31138,706,3,1,17.00,27313.90,0.01,0.03,R,F,1994-05-14,1994-03-27,1994-06-06,COLLECT COD,SHIP,ual theodolit
31138-2,31138,1114,23,2,3.00,3045.33,0.08,0.00,A,F,1994-04-23,1994-04-12,1994-05-03,NONE,MAIL,ts against the
31139-1,31139,1999,88,1,9.00,17108.91,0.07,0.04,R,F,1994-03-04,1994-03-17,1994-03-12,TAKE BACK RETURN,RAIL,"ses unwind fluffily. ironic, pendi"
31139-2,31139,1265,40,2,11.00,12828.86,0.03,0.00,R,F,1994-01-26,1994-03-09,1994-02-21,COLLECT COD,AIR,heodolites; express accounts prin
31139-3,31139,51,27,3,30.00,28531.50,0.04,0.02,A,F,1994-04-06,1994-03-14,1994-05-04,COLLECT COD,RAIL,to the ruthlessly final pac
31139-4,31139,1345,84,4,15.00,18695.10,0.06,0.00,A,F,1994-02-23,1994-01-31,1994-02-25,COLLECT COD,FOB,ets wake furi
31139-5,31139,401,31,5,37.00,48151.80,0.03,0.08,R,F,1994-01-08,1994-03-18,1994-02-02,COLLECT COD,MAIL,platelets. quickly pending dependen
31139-6,31139,1057,28,6,38.00,36405.90,0.09,0.05,A,F,1994-01-17,1994-02-17,1994-01-24,NONE,MAIL, blithely regular courts are fluffily car
31140-1,31140,513,74,1,30.00,42405.30,0.05,0.06,A,F,1995-03-20,1995-04-04,1995-04-11,DELIVER IN PERSON,MAIL,e quickly according to the blithely reg
31141-1,31141,93,69,1,41.00,40716.69,0.06,0.02,A,F,1992-09-17,1992-09-01,1992-10-14,DELIVER IN PERSON,MAIL,se slyly carefully regu
31141-2,31141,788,21,2,48.00,81061.44,0.02,0.06,R,F,1992-10-19,1992-08-13,1992-11-17,TAKE BACK RETURN,RAIL,riously regular foxes cajole accounts. slyl
31141-3,31141,1110,19,3,32.00,32355.52,0.06,0.07,R,F,1992-10-19,1992-08-25,1992-11-18,TAKE BACK RETURN,AIR,uses. instructions among the 
31142-1,31142,1766,9,1,32.00,53368.32,0.00,0.07,N,O,1997-03-07,1997-03-06,1997-04-03,NONE,FOB,ously final package
31142-2,31142,1555,36,2,44.00,64088.20,0.09,0.05,N,O,1997-04-28,1997-03-22,1997-05-18,NONE,SHIP,"unusual, even accounts. slyly bold "
31142-3,31142,1699,41,3,2.00,3201.38,0.02,0.03,N,O,1997-01-31,1997-04-06,1997-02-26,DELIVER IN PERSON,REG AIR,"g, permanent wate"
31143-1,31143,712,45,1,9.00,14514.39,0.01,0.01,N,O,1996-12-26,1997-01-12,1997-01-04,DELIVER IN PERSON,MAIL,ans integrate slyl
31168-1,31168,185,38,1,31.00,33640.58,0.04,0.00,R,F,1992-05-01,1992-04-10,1992-05-19,COLLECT COD,SHIP,e accounts are carefully e
31168-2,31168,1952,41,2,16.00,29663.20,0.08,0.01,A,F,1992-04-10,1992-05-08,1992-04-27,NONE,FOB,sts. closely final decoys sleep sl
31168-3,31168,563,64,3,28.00,40979.68,0.02,0.06,R,F,1992-04-06,1992-05-04,1992-05-03,COLLECT COD,MAIL,tect carefully abou
31168-4,31168,85,86,4,43.00,42358.44,0.05,0.05,A,F,1992-03-14,1992-04-19,1992-03-24,NONE,AIR,across the regular courts
31169-1,31169,563,24,1,47.00,68787.32,0.00,0.05,N,O,1995-08-20,1995-08-10,1995-08-25,TAKE BACK RETURN,RAIL, ironic accounts haggle carefu
31169-2,31169,58,59,2,49.00,46944.45,0.01,0.05,N,O,1995-10-02,1995-07-24,1995-10-05,COLLECT COD,TRUCK,ers. slyly regular accounts despit
31169-3,31169,1303,80,3,15.00,18064.50,0.00,0.02,N,O,1995-09-21,1995-08-01,1995-10-02,NONE,RAIL,egrate among the carefully bo
31169-4,31169,476,35,4,47.00,64694.09,0.07,0.05,N,O,1995-06-28,1995-07-10,1995-07-07,DELIVER IN PERSON,AIR,y even requests haggle carefully. b
31169-5,31169,643,75,5,49.00,75638.36,0.00,0.01,N,O,1995-06-19,1995-08-27,1995-06-24,TAKE BACK RETURN,TRUCK,ronic packages. regu
31169-6,31169,237,92,6,28.00,31842.44,0.00,0.08,N,F,1995-06-13,1995-08-11,1995-07-08,TAKE BACK RETURN,TRUCK,the regular cour
31170-1,31170,34,10,1,30.00,28020.90,0.01,0.07,A,F,1992-05-21,1992-04-26,1992-05-30,NONE,TRUCK,ely stealthy ideas need t
31170-2,31170,1328,43,2,6.00,7375.92,0.05,0.04,A,F,1992-02-26,1992-04-17,1992-03-20,DELIVER IN PERSON,TRUCK,kly final id
31170-3,31170,15,66,3,43.00,39345.43,0.05,0.06,A,F,1992-03-22,1992-03-10,1992-04-16,COLLECT COD,FOB,osits nag slyly alo
31170-4,31170,110,63,4,6.00,6060.66,0.09,0.06,A,F,1992-05-11,1992-04-13,1992-05-26,DELIVER IN PERSON,FOB,"ly across the silent, bol"
31170-5,31170,821,88,5,12.00,20661.84,0.00,0.02,R,F,1992-05-27,1992-02-28,1992-06-22,NONE,SHIP,st slyly a
31171-1,31171,1502,23,1,29.00,40701.50,0.00,0.06,A,F,1994-07-01,1994-06-04,1994-07-22,TAKE BACK RETURN,AIR, packages. slyly even asymptotes would bo
31171-2,31171,844,45,2,6.00,10469.04,0.10,0.07,R,F,1994-04-29,1994-06-03,1994-05-29,DELIVER IN PERSON,TRUCK,n accounts cajole carefully dogged
31171-3,31171,1008,44,3,15.00,13635.00,0.05,0.01,R,F,1994-05-13,1994-06-01,1994-05-29,TAKE BACK RETURN,FOB,unts. slyly ironic fr
31171-4,31171,775,40,4,9.00,15081.93,0.02,0.00,A,F,1994-04-29,1994-05-10,1994-05-28,TAKE BACK RETURN,MAIL,ully furious accounts haggle furiou
31171-5,31171,389,90,5,17.00,21919.46,0.06,0.07,A,F,1994-07-04,1994-05-17,1994-07-11,TAKE BACK RETURN,FOB,xpress request
31172-1,31172,1866,96,1,11.00,19446.46,0.04,0.04,N,O,1997-11-03,1997-12-03,1997-11-25,NONE,MAIL,lites haggle quickly. b
31172-2,31172,518,9,2,12.00,17022.12,0.06,0.02,N,O,1998-01-21,1997-12-22,1998-01-22,COLLECT COD,TRUCK,y above the regul
31172-3,31172,1377,92,3,16.00,20453.92,0.07,0.08,N,O,1998-02-02,1997-12-05,1998-03-02,TAKE BACK RETURN,RAIL, express foxes sleep flu
31172-4,31172,1617,59,4,1.00,1518.61,0.06,0.06,N,O,1998-02-06,1998-01-15,1998-02-21,TAKE BACK RETURN,MAIL,"bold, regular asymptotes alo"
31172-5,31172,1048,19,5,31.00,29420.24,0.08,0.06,N,O,1997-12-31,1997-11-18,1998-01-03,COLLECT COD,REG AIR,ns. blithely bold multipliers snooze.
31172-6,31172,1555,96,6,13.00,18935.15,0.06,0.02,N,O,1998-02-06,1997-12-31,1998-02-21,COLLECT COD,FOB,n platelet
31173-1,31173,1743,44,1,36.00,59210.64,0.09,0.05,A,F,1992-11-04,1992-11-06,1992-12-04,TAKE BACK RETURN,AIR,quests haggle carefully special instructi
31173-2,31173,1571,92,2,11.00,16198.27,0.04,0.00,R,F,1992-09-10,1992-10-17,1992-09-15,DELIVER IN PERSON,MAIL, after the dinos mold ruth
31173-3,31173,1367,82,3,29.00,36782.44,0.08,0.08,A,F,1992-12-04,1992-11-01,1992-12-11,TAKE BACK RETURN,SHIP,n accounts: carefully fi
31173-4,31173,975,76,4,27.00,50651.19,0.01,0.04,R,F,1992-10-09,1992-11-07,1992-10-20,TAKE BACK RETURN,TRUCK,y unusual asym
31173-5,31173,447,48,5,15.00,20211.60,0.01,0.00,A,F,1992-11-09,1992-10-12,1992-11-24,TAKE BACK RETURN,FOB, bold courts sleep quickly. pendin
31173-6,31173,54,80,6,3.00,2862.15,0.08,0.06,A,F,1992-10-24,1992-09-18,1992-11-11,DELIVER IN PERSON,TRUCK,deposits cajole after the
31173-7,31173,863,63,7,20.00,35277.20,0.00,0.04,A,F,1992-09-28,1992-11-08,1992-10-10,COLLECT COD,MAIL,ccording to
31174-1,31174,78,4,1,25.00,24451.75,0.06,0.00,A,F,1994-03-28,1994-05-28,1994-04-11,COLLECT COD,SHIP,nusual gifts. carefully special depos
31174-2,31174,1788,89,2,27.00,45624.06,0.09,0.05,R,F,1994-05-27,1994-05-12,1994-06-25,COLLECT COD,MAIL,g the bold deposits wake acro
31174-3,31174,1762,89,3,42.00,69877.92,0.09,0.01,A,F,1994-06-23,1994-06-18,1994-07-04,DELIVER IN PERSON,RAIL, slyly unusual courts are slyly bli
31174-4,31174,1079,15,4,6.00,5880.42,0.08,0.01,R,F,1994-06-03,1994-05-08,1994-06-10,DELIVER IN PERSON,FOB, express f
31174-5,31174,1587,28,5,34.00,50611.72,0.07,0.01,R,F,1994-07-04,1994-05-27,1994-07-24,TAKE BACK RETURN,TRUCK, are above the 
31174-6,31174,1697,98,6,5.00,7993.45,0.08,0.01,A,F,1994-05-30,1994-05-22,1994-06-04,NONE,MAIL,the even pinto beans. blithely regular th
31175-1,31175,1580,1,1,7.00,10371.06,0.05,0.02,R,F,1994-10-02,1994-11-17,1994-10-30,DELIVER IN PERSON,REG AIR,ecial asymptotes across the bold
31175-2,31175,1799,42,2,47.00,79937.13,0.07,0.04,R,F,1994-11-14,1994-11-14,1994-11-20,TAKE BACK RETURN,REG AIR,ress instructions sleep blithely. 
31175-3,31175,1083,84,3,15.00,14761.20,0.01,0.06,R,F,1994-12-27,1994-11-19,1995-01-05,DELIVER IN PERSON,RAIL,es was among the slyly 
31175-4,31175,292,74,4,25.00,29807.25,0.04,0.04,R,F,1995-01-20,1994-11-13,1995-02-17,COLLECT COD,REG AIR,"oss the ideas. pending, "
31200-1,31200,233,34,1,26.00,29463.98,0.01,0.08,N,O,1996-12-29,1996-11-02,1997-01-04,COLLECT COD,TRUCK,ly regular packages mold furiously
31200-2,31200,273,1,2,23.00,26985.21,0.01,0.05,N,O,1996-11-02,1996-11-09,1996-11-07,NONE,TRUCK,roughout the ironic accounts. boldly
31200-3,31200,227,82,3,2.00,2254.44,0.00,0.08,N,O,1996-12-23,1996-10-12,1997-01-01,DELIVER IN PERSON,AIR,the furiously iro
31200-4,31200,672,4,4,38.00,59761.46,0.06,0.05,N,O,1996-10-12,1996-11-16,1996-11-10,DELIVER IN PERSON,REG AIR,ly evenly even platelets. 
31200-5,31200,1933,22,5,1.00,1834.93,0.02,0.00,N,O,1996-11-18,1996-10-14,1996-11-27,DELIVER IN PERSON,MAIL,lyly expres
31200-6,31200,1853,40,6,16.00,28077.60,0.09,0.01,N,O,1996-11-25,1996-10-10,1996-12-10,TAKE BACK RETURN,TRUCK,le slyly quickly careful req
31200-7,31200,713,46,7,14.00,22591.94,0.08,0.04,N,O,1996-11-08,1996-10-27,1996-11-12,COLLECT COD,REG AIR,must have to haggle. furiously even Tire
31201-1,31201,1441,81,1,5.00,6712.20,0.07,0.06,N,O,1997-12-21,1997-12-29,1997-12-29,TAKE BACK RETURN,TRUCK,ongside of the thi
31202-1,31202,918,19,1,29.00,52748.39,0.10,0.06,A,F,1993-05-20,1993-03-05,1993-05-25,TAKE BACK RETURN,REG AIR,carefully ironic accounts detect alway
31203-1,31203,78,29,1,36.00,35210.52,0.09,0.00,N,O,1997-10-26,1997-12-05,1997-11-16,COLLECT COD,REG AIR,ress courts r
31203-2,31203,514,5,2,22.00,31119.22,0.01,0.08,N,O,1997-12-10,1997-12-15,1997-12-24,COLLECT COD,AIR,al deposits solve 
31204-1,31204,524,85,1,48.00,68376.96,0.07,0.07,R,F,1993-11-08,1993-11-18,1993-11-11,COLLECT COD,REG AIR,long the blithely even t
31204-2,31204,361,90,2,23.00,29011.28,0.09,0.04,A,F,1993-10-22,1993-10-03,1993-11-11,NONE,FOB,equests. carefully ironic pinto bea
31204-3,31204,1469,70,3,9.00,12334.14,0.04,0.00,A,F,1993-09-24,1993-10-24,1993-10-07,TAKE BACK RETURN,RAIL,ly silent multipliers. quickl
31204-4,31204,1842,43,4,35.00,61034.40,0.04,0.05,R,F,1993-08-25,1993-11-03,1993-09-14,COLLECT COD,REG AIR,y ironic courts. fl
31204-5,31204,636,37,5,37.00,56855.31,0.00,0.06,R,F,1993-10-22,1993-10-13,1993-11-02,TAKE BACK RETURN,REG AIR,eposits wake fluffily above the blithely 
31204-6,31204,771,68,6,28.00,46809.56,0.00,0.04,A,F,1993-09-01,1993-09-28,1993-09-17,NONE,SHIP,row blithely. quiet ideas in
31205-1,31205,1445,85,1,15.00,20196.60,0.08,0.03,N,O,1996-09-05,1996-10-19,1996-09-27,DELIVER IN PERSON,FOB,l requests. even foxes cajole carefu
31205-2,31205,1491,9,2,41.00,57092.09,0.04,0.08,N,O,1996-08-14,1996-09-22,1996-09-03,DELIVER IN PERSON,MAIL,inal dependencies are on the qui
31205-3,31205,561,92,3,17.00,24846.52,0.04,0.08,N,O,1996-08-07,1996-09-13,1996-08-13,COLLECT COD,RAIL,"e regular, even platelets. carefully ev"
31205-4,31205,993,28,4,15.00,28409.85,0.09,0.00,N,O,1996-07-31,1996-09-01,1996-08-29,NONE,SHIP,to wake ironically ironic deposits
31205-5,31205,1254,66,5,11.00,12707.75,0.00,0.01,N,O,1996-10-19,1996-10-25,1996-10-24,COLLECT COD,SHIP,ronic pack
31205-6,31205,1303,42,6,26.00,31311.80,0.10,0.08,N,O,1996-11-20,1996-09-22,1996-12-13,DELIVER IN PERSON,TRUCK, requests affix idly
31205-7,31205,1466,6,7,7.00,9572.22,0.04,0.04,N,O,1996-11-16,1996-09-28,1996-11-30,COLLECT COD,FOB,nal requests us
31206-1,31206,1169,70,1,43.00,46016.88,0.08,0.04,R,F,1993-04-30,1993-03-31,1993-05-02,DELIVER IN PERSON,REG AIR, thrash furiously
31206-2,31206,922,91,2,37.00,67448.04,0.04,0.04,A,F,1993-05-07,1993-04-16,1993-06-02,COLLECT COD,RAIL,odolites. slyly bold requests abou
31207-1,31207,1276,88,1,19.00,22368.13,0.10,0.01,A,F,1994-08-04,1994-08-03,1994-08-06,NONE,MAIL,uthless attainments 
31207-2,31207,581,42,2,18.00,26668.44,0.08,0.06,A,F,1994-08-08,1994-08-10,1994-08-24,TAKE BACK RETURN,FOB,ck deposits are slyly. permanently
31232-1,31232,203,31,1,19.00,20960.80,0.08,0.06,R,F,1992-11-26,1992-10-20,1992-12-10,DELIVER IN PERSON,MAIL, affix requests. stealthily special foxes n
31232-2,31232,1633,75,2,37.00,56781.31,0.06,0.07,A,F,1992-09-15,1992-09-30,1992-09-17,TAKE BACK RETURN,AIR,s. regular accounts haggle bli
31232-3,31232,1642,43,3,13.00,20067.32,0.04,0.07,R,F,1992-10-03,1992-10-05,1992-10-07,TAKE BACK RETURN,REG AIR,posits use carefully. express
31232-4,31232,1403,21,4,17.00,22174.80,0.08,0.07,A,F,1992-11-07,1992-11-26,1992-11-30,COLLECT COD,REG AIR,odolites. slyly enticing packages above t
31233-1,31233,494,95,1,15.00,20917.35,0.03,0.06,N,O,1995-11-03,1995-11-06,1995-11-25,TAKE BACK RETURN,AIR,iously furious theodolit
31233-2,31233,290,18,2,33.00,39279.57,0.01,0.08,N,O,1995-11-30,1995-12-24,1995-12-16,DELIVER IN PERSON,SHIP,regular accounts. ironic pack
31233-3,31233,1732,75,3,35.00,57180.55,0.01,0.03,N,O,1995-11-11,1995-12-09,1995-12-07,NONE,MAIL,onic instructions are regula
31233-4,31233,1430,31,4,4.00,5325.72,0.10,0.01,N,O,1995-12-20,1995-12-09,1996-01-12,DELIVER IN PERSON,SHIP,gular pinto beans
31233-5,31233,145,72,5,33.00,34489.62,0.07,0.01,N,O,1996-01-07,1995-12-02,1996-01-31,NONE,SHIP,gle. ideas are furi
31233-6,31233,811,78,6,25.00,42795.25,0.03,0.03,N,O,1995-09-29,1995-11-26,1995-10-06,NONE,FOB,nto beans after
31234-1,31234,1706,49,1,35.00,56269.50,0.09,0.04,A,F,1995-02-20,1995-03-11,1995-03-13,NONE,REG AIR,ts haggle. carefully 
31235-1,31235,968,71,1,44.00,82234.24,0.07,0.04,N,O,1996-08-30,1996-09-22,1996-09-20,DELIVER IN PERSON,TRUCK,ly regular pinto beans slee
31235-2,31235,411,99,2,1.00,1311.41,0.07,0.02,N,O,1996-11-24,1996-09-16,1996-12-10,DELIVER IN PERSON,REG AIR,sual packages nag slyly packages. slyly 
31235-3,31235,281,82,3,22.00,25988.16,0.09,0.00,N,O,1996-10-19,1996-09-07,1996-11-12,COLLECT COD,RAIL, accounts int
31235-4,31235,1397,36,4,41.00,53233.99,0.02,0.01,N,O,1996-10-25,1996-10-19,1996-10-27,DELIVER IN PERSON,MAIL,uriously unusual dept
31236-1,31236,932,1,1,44.00,80648.92,0.06,0.00,N,O,1996-08-23,1996-09-13,1996-09-17,TAKE BACK RETURN,MAIL,eodolites above the quickly e
31236-2,31236,1742,43,2,33.00,54243.42,0.02,0.01,N,O,1996-10-02,1996-08-29,1996-10-08,COLLECT COD,RAIL,even packages. blithely thin
31236-3,31236,1095,66,3,7.00,6972.63,0.08,0.05,N,O,1996-07-08,1996-09-16,1996-07-23,COLLECT COD,REG AIR,nto beans against the fluffily regu
31236-4,31236,1242,43,4,8.00,9145.92,0.02,0.05,N,O,1996-10-08,1996-09-15,1996-10-30,NONE,MAIL, even ideas across the accou
31237-1,31237,462,21,1,38.00,51773.48,0.05,0.02,N,O,1995-11-11,1995-09-26,1995-11-21,DELIVER IN PERSON,MAIL,ove the blithely
31237-2,31237,350,51,2,12.00,15004.20,0.01,0.03,N,O,1995-09-24,1995-09-15,1995-10-16,COLLECT COD,MAIL,ly pending requests
31237-3,31237,900,67,3,36.00,64832.40,0.01,0.02,N,O,1995-09-03,1995-10-02,1995-09-05,TAKE BACK RETURN,SHIP,lets after the blithe
31237-4,31237,720,17,4,16.00,25931.52,0.09,0.07,N,O,1995-11-18,1995-09-16,1995-12-18,DELIVER IN PERSON,TRUCK,yers sleep a
31237-5,31237,1003,4,5,19.00,17176.00,0.10,0.00,N,O,1995-10-02,1995-09-30,1995-10-20,COLLECT COD,TRUCK,y express 
31238-1,31238,742,7,1,15.00,24641.10,0.02,0.00,A,F,1993-09-07,1993-09-24,1993-10-07,DELIVER IN PERSON,REG AIR,hely regular dependencies alon
31238-2,31238,248,30,2,24.00,27557.76,0.03,0.01,R,F,1993-10-05,1993-09-28,1993-10-09,COLLECT COD,SHIP,sts. express deposits affix furiousl
31238-3,31238,714,15,3,16.00,25835.36,0.05,0.06,A,F,1993-12-10,1993-10-05,1993-12-19,DELIVER IN PERSON,AIR,uriously final packages wake a
31238-4,31238,1064,70,4,38.00,36672.28,0.10,0.05,A,F,1993-10-20,1993-11-14,1993-10-30,TAKE BACK RETURN,TRUCK,ular pinto beans ab
31238-5,31238,401,31,5,37.00,48151.80,0.01,0.05,R,F,1993-08-24,1993-09-22,1993-09-11,TAKE BACK RETURN,MAIL,uriously ironic theodolites caj
31238-6,31238,108,9,6,3.00,3024.30,0.03,0.02,R,F,1993-10-18,1993-10-11,1993-11-09,TAKE BACK RETURN,MAIL, final foxes. special s
31238-7,31238,214,42,7,32.00,35654.72,0.10,0.07,R,F,1993-10-07,1993-11-09,1993-11-06,DELIVER IN PERSON,TRUCK,inal instructio
31239-1,31239,1946,91,1,23.00,42502.62,0.06,0.02,A,F,1993-09-26,1993-10-14,1993-10-10,NONE,MAIL,ffily final de
31239-2,31239,676,39,2,27.00,42570.09,0.01,0.08,R,F,1993-10-11,1993-11-24,1993-10-20,COLLECT COD,FOB,". unusual, even packages wake quickly re"
31239-3,31239,1266,4,3,7.00,8170.82,0.04,0.05,R,F,1993-12-20,1993-11-21,1993-12-25,COLLECT COD,RAIL, above the pending r
31239-4,31239,1739,24,4,8.00,13125.84,0.06,0.08,R,F,1993-11-10,1993-10-12,1993-12-04,TAKE BACK RETURN,TRUCK,. ruthless depths sle
31239-5,31239,1716,17,5,15.00,24265.65,0.03,0.03,R,F,1993-10-05,1993-10-13,1993-10-16,COLLECT COD,AIR,regular pinto beans
31239-6,31239,985,54,6,19.00,35833.62,0.06,0.00,A,F,1993-11-21,1993-10-18,1993-11-26,DELIVER IN PERSON,MAIL,al theodolites
31239-7,31239,1742,27,7,17.00,27943.58,0.01,0.01,A,F,1993-12-09,1993-10-24,1993-12-12,NONE,AIR,es haggle furi
31264-1,31264,1665,89,1,3.00,4699.98,0.07,0.08,N,O,1997-09-26,1997-08-28,1997-10-09,COLLECT COD,TRUCK, about the ironic courts. p
31264-2,31264,531,92,2,27.00,38651.31,0.00,0.05,N,O,1997-08-09,1997-08-10,1997-08-22,DELIVER IN PERSON,FOB, fluffily. carefully regul
31265-1,31265,299,100,1,48.00,57565.92,0.03,0.01,N,O,1996-11-13,1997-01-11,1996-12-06,COLLECT COD,AIR,"sual gifts. even, regu"
31265-2,31265,258,13,2,34.00,39380.50,0.04,0.06,N,O,1996-12-15,1996-12-19,1996-12-16,COLLECT COD,TRUCK,dencies caj
31265-3,31265,1919,64,3,41.00,74657.31,0.00,0.04,N,O,1996-11-30,1997-01-25,1996-12-11,COLLECT COD,FOB,instructions. special accounts are along
31265-4,31265,1014,20,4,34.00,31110.34,0.03,0.04,N,O,1996-12-05,1996-12-31,1996-12-06,COLLECT COD,FOB, dolphins use idly about the regularly re
31265-5,31265,495,96,5,11.00,15350.39,0.00,0.03,N,O,1996-10-30,1997-01-04,1996-11-29,COLLECT COD,RAIL,counts above the blithely sp
31265-6,31265,328,57,6,10.00,12283.20,0.03,0.02,N,O,1996-11-17,1996-12-15,1996-11-29,DELIVER IN PERSON,SHIP,t courts. furiously special reque
31265-7,31265,241,42,7,25.00,28531.00,0.05,0.01,N,O,1997-02-19,1996-12-26,1997-02-27,TAKE BACK RETURN,SHIP,ites wake according to the f
31266-1,31266,313,42,1,18.00,21839.58,0.00,0.01,R,F,1992-12-08,1992-12-13,1992-12-18,DELIVER IN PERSON,MAIL,. carefully final sentiments nag along
31266-2,31266,631,25,2,30.00,45948.90,0.04,0.00,R,F,1992-10-27,1992-12-29,1992-11-07,NONE,SHIP,detect slyly after the slyly eve
31266-3,31266,1014,20,3,34.00,31110.34,0.00,0.03,A,F,1992-12-21,1992-12-06,1993-01-11,DELIVER IN PERSON,RAIL,ites alongside of the blithely regul
31267-1,31267,529,20,1,8.00,11436.16,0.06,0.01,N,O,1997-03-06,1997-03-12,1997-03-17,DELIVER IN PERSON,SHIP,ckly. regu
31267-2,31267,111,12,2,12.00,12133.32,0.10,0.08,N,O,1997-02-12,1997-04-06,1997-02-25,DELIVER IN PERSON,RAIL,lites cajole furiously above the q
31267-3,31267,1812,99,3,16.00,27420.96,0.01,0.02,N,O,1997-04-13,1997-02-25,1997-04-28,TAKE BACK RETURN,TRUCK, dazzle slyly enticing plat
31268-1,31268,382,83,1,21.00,26929.98,0.04,0.03,N,O,1995-07-22,1995-09-29,1995-08-07,NONE,RAIL,even grouc
31268-2,31268,649,50,2,28.00,43389.92,0.10,0.05,N,O,1995-08-16,1995-09-17,1995-09-09,DELIVER IN PERSON,REG AIR,decoys believe accor
31269-1,31269,528,29,1,47.00,67140.44,0.00,0.02,R,F,1992-07-10,1992-06-07,1992-07-28,TAKE BACK RETURN,AIR,ns. furiously final instruction
31270-1,31270,1214,52,1,24.00,26765.04,0.01,0.07,A,F,1993-03-01,1993-02-08,1993-03-03,COLLECT COD,TRUCK,as boost fluffily quickly sp
31270-2,31270,22,23,2,38.00,35036.76,0.00,0.04,A,F,1992-12-27,1993-01-15,1993-01-12,TAKE BACK RETURN,FOB,aggle blithely carefully even packages. bo
31270-3,31270,403,91,3,46.00,59956.40,0.08,0.08,A,F,1992-12-22,1993-01-04,1993-01-18,NONE,FOB,the fluffily even pac
31270-4,31270,926,95,4,27.00,49326.84,0.04,0.06,R,F,1993-02-04,1993-02-12,1993-02-15,TAKE BACK RETURN,RAIL,unts. blithely 
31270-5,31270,1722,49,5,33.00,53582.76,0.02,0.06,R,F,1993-02-11,1992-12-26,1993-03-05,DELIVER IN PERSON,RAIL,rding to th
31270-6,31270,1732,17,6,29.00,47378.17,0.05,0.05,A,F,1993-02-26,1993-02-16,1993-03-22,COLLECT COD,SHIP,"e regular, regular d"
31270-7,31270,1451,91,7,14.00,18934.30,0.03,0.06,R,F,1992-12-29,1993-01-09,1993-01-20,COLLECT COD,FOB,uriously regula
31271-1,31271,1113,22,1,16.00,16225.76,0.00,0.02,N,O,1995-06-26,1995-07-19,1995-06-27,TAKE BACK RETURN,MAIL,al pinto bea
31271-2,31271,1941,86,2,14.00,25801.16,0.05,0.00,N,O,1995-06-27,1995-05-25,1995-07-12,NONE,MAIL,ily even theodolites according to 
31271-3,31271,855,56,3,8.00,14046.80,0.03,0.08,N,O,1995-07-13,1995-07-01,1995-08-09,COLLECT COD,FOB,lphins sleep furiously accord
31271-4,31271,1279,80,4,12.00,14163.24,0.10,0.01,A,F,1995-05-28,1995-06-26,1995-06-13,NONE,FOB,ross the furiously even dependencies. 
31271-5,31271,1876,20,5,16.00,28445.92,0.05,0.05,A,F,1995-06-08,1995-05-22,1995-06-09,DELIVER IN PERSON,SHIP,s are blithely slow requests. evenly fin
31296-1,31296,1986,87,1,47.00,88735.06,0.00,0.03,A,F,1994-01-22,1994-01-27,1994-02-02,TAKE BACK RETURN,MAIL," the regular, bold pa"
31296-2,31296,1276,77,2,43.00,50622.61,0.08,0.06,R,F,1993-12-29,1994-01-17,1994-01-09,COLLECT COD,REG AIR, beans. slyly final dep
31296-3,31296,1274,86,3,34.00,39959.18,0.03,0.07,A,F,1993-12-16,1994-01-06,1994-01-05,NONE,TRUCK,even requests nag
31297-1,31297,1789,74,1,13.00,21980.14,0.08,0.06,R,F,1992-08-28,1992-09-20,1992-09-26,DELIVER IN PERSON,RAIL,hely express excuses: silent deposits slee
31297-2,31297,216,44,2,26.00,29021.46,0.06,0.07,A,F,1992-11-09,1992-11-06,1992-11-30,COLLECT COD,RAIL,ly bold pi
31297-3,31297,1307,46,3,26.00,31415.80,0.06,0.02,A,F,1992-11-01,1992-10-26,1992-11-21,DELIVER IN PERSON,MAIL,fully unusual instructions on the blithel
31297-4,31297,1525,66,4,34.00,48501.68,0.01,0.08,R,F,1992-10-18,1992-09-27,1992-10-31,DELIVER IN PERSON,SHIP,ding accounts. requests shall have 
31297-5,31297,941,42,5,47.00,86571.18,0.05,0.08,R,F,1992-09-01,1992-11-06,1992-09-03,NONE,TRUCK,deposits above the carefully regular pl
31297-6,31297,1715,100,6,11.00,17783.81,0.08,0.07,R,F,1992-10-23,1992-11-09,1992-11-05,NONE,AIR,daring theodolites haggle fluffily r
31297-7,31297,1995,96,7,44.00,83467.56,0.02,0.08,R,F,1992-10-11,1992-11-13,1992-11-08,TAKE BACK RETURN,REG AIR,eposits. unusual platelets cajol
31298-1,31298,1061,62,1,41.00,39444.46,0.09,0.07,N,O,1997-02-26,1996-12-20,1997-03-06,TAKE BACK RETURN,SHIP, requests. furiously ironic pains w
31298-2,31298,541,42,2,20.00,28830.80,0.05,0.01,N,O,1996-12-05,1996-12-06,1996-12-26,COLLECT COD,REG AIR,cross the s
31298-3,31298,286,41,3,30.00,35588.40,0.02,0.01,N,O,1997-01-07,1996-12-04,1997-01-13,TAKE BACK RETURN,MAIL,ajole after the slyly furious ideas. ironi
31299-1,31299,1318,19,1,10.00,12193.10,0.03,0.06,N,O,1997-01-18,1997-02-20,1997-02-07,COLLECT COD,AIR,s. furiousl
31299-2,31299,224,52,2,3.00,3372.66,0.07,0.03,N,O,1997-04-18,1997-02-15,1997-04-21,TAKE BACK RETURN,SHIP, blithely after the final requests. fluffi
31300-1,31300,190,91,1,27.00,29435.13,0.10,0.00,N,O,1997-07-17,1997-05-28,1997-07-23,NONE,TRUCK,e bold requests.
31300-2,31300,644,38,2,15.00,23169.60,0.08,0.02,N,O,1997-08-02,1997-05-12,1997-08-15,COLLECT COD,SHIP, above the care
31301-1,31301,333,90,1,30.00,36999.90,0.04,0.03,A,F,1994-02-03,1993-11-26,1994-03-02,COLLECT COD,REG AIR,requests. f
31301-2,31301,1012,18,2,46.00,41998.46,0.03,0.00,R,F,1993-12-12,1993-12-29,1994-01-05,NONE,REG AIR,ts. regular requests wake never e
31301-3,31301,410,69,3,20.00,26208.20,0.08,0.08,R,F,1994-01-12,1993-12-16,1994-01-16,COLLECT COD,MAIL, dinos use slyly. 
31301-4,31301,1200,37,4,2.00,2202.40,0.05,0.01,A,F,1993-11-04,1994-01-16,1993-12-04,TAKE BACK RETURN,TRUCK,elets along the quickly regular in
31302-1,31302,773,74,1,41.00,68624.57,0.04,0.06,A,F,1992-11-07,1992-09-25,1992-11-15,NONE,REG AIR,thely special accounts. furiously regular 
31302-2,31302,1953,42,2,15.00,27824.25,0.06,0.07,R,F,1992-08-10,1992-09-18,1992-08-20,DELIVER IN PERSON,MAIL,s against the blithely regular
31302-3,31302,467,68,3,36.00,49228.56,0.05,0.06,A,F,1992-09-22,1992-09-24,1992-10-15,TAKE BACK RETURN,RAIL,d requests 
31302-4,31302,1932,33,4,9.00,16505.37,0.00,0.07,A,F,1992-10-09,1992-10-28,1992-10-27,COLLECT COD,AIR,"equests are. regular, pending "
31302-5,31302,1932,65,5,25.00,45848.25,0.00,0.02,R,F,1992-12-01,1992-09-12,1992-12-08,NONE,MAIL,ependencies are blithely: 
31302-6,31302,576,37,6,21.00,31007.97,0.07,0.05,R,F,1992-09-12,1992-09-01,1992-09-24,TAKE BACK RETURN,FOB,. slyly final pinto beans ha
31302-7,31302,944,47,7,48.00,88557.12,0.04,0.04,A,F,1992-11-17,1992-10-26,1992-12-02,NONE,REG AIR,cies poach blithely ironic 
31303-1,31303,295,77,1,14.00,16734.06,0.06,0.08,A,F,1995-06-01,1995-05-23,1995-06-10,TAKE BACK RETURN,RAIL,endencies haggle slyly along the 
31303-2,31303,847,81,2,45.00,78652.80,0.09,0.02,N,O,1995-07-17,1995-04-21,1995-08-06,TAKE BACK RETURN,AIR,ns along the furiously regular deposits 
31303-3,31303,1894,24,3,11.00,19754.79,0.06,0.00,R,F,1995-05-12,1995-05-23,1995-06-10,TAKE BACK RETURN,REG AIR,above the quickly spe
31303-4,31303,700,1,4,45.00,72031.50,0.06,0.03,N,F,1995-05-21,1995-06-01,1995-06-18,NONE,REG AIR,usly even frets are silently requests
31328-1,31328,1476,16,1,36.00,49588.92,0.00,0.03,N,O,1998-07-18,1998-07-12,1998-08-13,TAKE BACK RETURN,RAIL,ts are furiously
31328-2,31328,1831,75,2,18.00,31190.94,0.00,0.00,N,O,1998-07-24,1998-05-26,1998-08-05,TAKE BACK RETURN,TRUCK,hely pending deposits wake after the slyly 
31328-3,31328,1303,80,3,24.00,28903.20,0.00,0.08,N,O,1998-06-15,1998-07-01,1998-07-12,DELIVER IN PERSON,SHIP,"ess asymptotes sleep. final, expr"
31328-4,31328,619,82,4,35.00,53186.35,0.01,0.02,N,O,1998-05-22,1998-06-02,1998-05-24,NONE,AIR,eposits. fluffily unusual wa
31328-5,31328,1566,67,5,22.00,32286.32,0.09,0.04,N,O,1998-08-11,1998-06-28,1998-08-24,NONE,RAIL, express deposits. carefully even
31328-6,31328,386,87,6,4.00,5145.52,0.00,0.08,N,O,1998-06-29,1998-05-27,1998-07-28,NONE,AIR,ronic theodolites are final packages
31328-7,31328,1639,63,7,41.00,63165.83,0.05,0.02,N,O,1998-06-01,1998-06-13,1998-06-11,DELIVER IN PERSON,MAIL, affix furiously carefully pendin
31329-1,31329,72,48,1,33.00,32078.31,0.07,0.01,N,O,1998-10-05,1998-07-24,1998-11-02,COLLECT COD,RAIL,bold deposits are car
31329-2,31329,1699,100,2,29.00,46420.01,0.08,0.03,N,O,1998-10-02,1998-08-05,1998-10-26,COLLECT COD,TRUCK,"ve, bold foxes."
31329-3,31329,774,71,3,48.00,80388.96,0.01,0.04,N,O,1998-06-20,1998-08-27,1998-07-12,DELIVER IN PERSON,RAIL,lly slyly ironic requests. ca
31329-4,31329,814,15,4,2.00,3429.62,0.03,0.03,N,O,1998-08-14,1998-09-06,1998-09-01,TAKE BACK RETURN,AIR,s nag blithely
31330-1,31330,1007,78,1,30.00,27240.00,0.10,0.03,A,F,1993-07-08,1993-07-06,1993-07-23,NONE,TRUCK,"ular, final instructions h"
31330-2,31330,1977,22,2,38.00,71400.86,0.06,0.08,A,F,1993-06-04,1993-07-03,1993-06-20,DELIVER IN PERSON,AIR," cajole furiously unusual, regular re"
31330-3,31330,844,45,3,18.00,31407.12,0.09,0.04,R,F,1993-06-26,1993-08-28,1993-06-28,TAKE BACK RETURN,FOB, pending dep
31330-4,31330,1109,46,4,38.00,38383.80,0.02,0.03,R,F,1993-06-22,1993-07-05,1993-06-23,DELIVER IN PERSON,FOB,ld excuses boost inside the blithely 
31330-5,31330,78,79,5,19.00,18583.33,0.03,0.02,A,F,1993-09-13,1993-07-27,1993-09-26,NONE,MAIL,lly ironic asymptot
31330-6,31330,304,61,6,47.00,56602.10,0.09,0.00,R,F,1993-08-30,1993-07-29,1993-08-31,DELIVER IN PERSON,REG AIR,y. silently ironic dolphins sleep 
31330-7,31330,1329,68,7,11.00,13533.52,0.00,0.07,R,F,1993-09-07,1993-07-08,1993-09-21,DELIVER IN PERSON,MAIL, deposits sublate blithely along the 
31331-1,31331,1270,8,1,39.00,45679.53,0.02,0.01,N,O,1998-07-28,1998-09-15,1998-08-07,TAKE BACK RETURN,REG AIR,o beans sleep above the carefu
31331-2,31331,331,88,2,13.00,16007.29,0.06,0.07,N,O,1998-08-24,1998-08-10,1998-09-02,TAKE BACK RETURN,MAIL,"l, regular excuses according to the quick"
31331-3,31331,1665,7,3,24.00,37599.84,0.03,0.02,N,O,1998-10-11,1998-08-13,1998-11-05,DELIVER IN PERSON,REG AIR,y regular dolphins. speci
31331-4,31331,165,66,4,8.00,8521.28,0.03,0.05,N,O,1998-07-15,1998-09-03,1998-08-11,DELIVER IN PERSON,SHIP,ly final requests. carefully express attain
31331-5,31331,1518,99,5,8.00,11356.08,0.06,0.04,N,O,1998-08-09,1998-09-11,1998-08-27,COLLECT COD,REG AIR,"thely. unusual, even accounts hag"
31331-6,31331,1357,34,6,3.00,3775.05,0.05,0.07,N,O,1998-07-31,1998-08-29,1998-08-06,TAKE BACK RETURN,SHIP,s. slyly regular dep
31331-7,31331,1860,47,7,31.00,54617.66,0.05,0.03,N,O,1998-07-29,1998-08-29,1998-08-04,COLLECT COD,TRUCK,heodolites. quickly special request
31332-1,31332,945,48,1,12.00,22151.28,0.05,0.05,N,O,1998-09-15,1998-08-28,1998-10-13,COLLECT COD,FOB,luffily regular asymptotes
31332-2,31332,1085,56,2,16.00,15777.28,0.03,0.06,N,O,1998-07-04,1998-07-17,1998-07-24,COLLECT COD,REG AIR, packages. pe
31333-1,31333,1630,54,1,34.00,52075.42,0.09,0.01,R,F,1994-11-29,1994-12-19,1994-12-07,TAKE BACK RETURN,RAIL,grate slyly bold 
31333-2,31333,927,96,2,11.00,20107.12,0.07,0.07,A,F,1994-12-13,1995-01-07,1995-01-10,TAKE BACK RETURN,SHIP,ts. carefully unusual 
31333-3,31333,1807,94,3,27.00,46137.60,0.06,0.00,A,F,1995-02-02,1994-12-22,1995-02-05,COLLECT COD,FOB,ests sleep quickly slyly special instruc
31333-4,31333,166,67,4,4.00,4264.64,0.07,0.07,A,F,1994-10-26,1994-12-14,1994-11-17,NONE,RAIL,yly. carefully pendi
31333-5,31333,1352,53,5,37.00,46373.95,0.02,0.02,R,F,1994-10-22,1994-12-04,1994-11-14,NONE,AIR,dependencies wake fluffy depos
31333-6,31333,822,23,6,21.00,36179.22,0.04,0.01,A,F,1994-11-29,1994-12-10,1994-12-29,COLLECT COD,TRUCK,ily final packages
31334-1,31334,1711,96,1,7.00,11288.97,0.08,0.04,N,O,1996-12-29,1997-01-21,1997-01-09,TAKE BACK RETURN,TRUCK,otes are blith
31335-1,31335,160,87,1,43.00,45586.88,0.03,0.00,N,O,1996-01-19,1996-04-01,1996-02-06,TAKE BACK RETURN,MAIL,es sleep slyly slyly unusual depen
31335-2,31335,1277,15,2,19.00,22387.13,0.10,0.05,N,O,1996-01-26,1996-03-01,1996-02-25,DELIVER IN PERSON,SHIP,"ronic requests wake unusual, unusual acco"
31360-1,31360,342,71,1,33.00,40997.22,0.03,0.03,N,O,1998-01-13,1998-01-28,1998-02-12,COLLECT COD,REG AIR,ic pinto beans across the fluffily
31360-2,31360,1992,81,2,7.00,13257.93,0.09,0.05,N,O,1998-02-18,1998-01-19,1998-02-22,TAKE BACK RETURN,TRUCK,ss the furiously bol
31360-3,31360,1267,5,3,19.00,22196.94,0.09,0.01,N,O,1998-03-10,1998-01-26,1998-03-25,DELIVER IN PERSON,TRUCK,luffily brave packages among the furi
31360-4,31360,1811,55,4,3.00,5138.43,0.04,0.01,N,O,1998-01-02,1998-01-30,1998-01-24,TAKE BACK RETURN,REG AIR,ording to the theodo
31360-5,31360,1940,41,5,26.00,47890.44,0.04,0.02,N,O,1997-12-09,1998-02-18,1997-12-19,COLLECT COD,RAIL,ix blithely quietly 
31360-6,31360,486,16,6,15.00,20797.20,0.09,0.07,N,O,1998-01-06,1998-01-09,1998-01-18,COLLECT COD,RAIL,ffily bold accounts. furiously express the
31360-7,31360,620,83,7,2.00,3041.24,0.04,0.06,N,O,1997-12-04,1998-02-08,1997-12-21,DELIVER IN PERSON,FOB,anent packages haggle car
31361-1,31361,1781,8,1,11.00,18510.58,0.01,0.06,N,O,1997-08-09,1997-11-01,1997-08-27,DELIVER IN PERSON,REG AIR,hely regular plate
31361-2,31361,394,79,2,50.00,64719.50,0.03,0.08,N,O,1997-09-13,1997-10-31,1997-10-01,COLLECT COD,SHIP, ironic packages believe never regular req
31362-1,31362,1880,67,1,1.00,1781.88,0.07,0.03,N,O,1995-10-23,1995-11-28,1995-11-05,COLLECT COD,REG AIR,kly fluffily regular pinto beans. iron
31362-2,31362,1341,42,2,41.00,50935.94,0.07,0.06,N,O,1996-02-12,1995-11-20,1996-02-27,COLLECT COD,AIR,sits haggle fluffi
31363-1,31363,1014,85,1,2.00,1830.02,0.04,0.05,R,F,1994-06-25,1994-06-28,1994-07-05,NONE,RAIL,. carefully ironic pinto bea
31363-2,31363,1518,39,2,35.00,49682.85,0.02,0.04,A,F,1994-05-31,1994-06-19,1994-06-07,DELIVER IN PERSON,FOB,", ironic deposits detect. ironic, specia"
31364-1,31364,760,25,1,29.00,48162.04,0.10,0.03,R,F,1994-06-02,1994-07-09,1994-06-08,NONE,RAIL,mes even pinto beans are. slyly flu
31364-2,31364,911,80,2,37.00,67040.67,0.06,0.05,R,F,1994-07-10,1994-07-19,1994-07-19,DELIVER IN PERSON,FOB,he accounts cajole above the even instruc
31364-3,31364,1918,63,3,41.00,74616.31,0.06,0.03,A,F,1994-08-26,1994-07-25,1994-09-04,DELIVER IN PERSON,FOB,mptotes. furiously express warthogs aga
31364-4,31364,1098,34,4,34.00,33969.06,0.03,0.07,R,F,1994-05-23,1994-07-08,1994-06-11,DELIVER IN PERSON,RAIL,its. foxes use in pla
31364-5,31364,1338,53,5,5.00,6196.65,0.05,0.03,R,F,1994-08-17,1994-06-29,1994-09-06,TAKE BACK RETURN,AIR,ular asymptotes mold fl
31364-6,31364,1509,10,6,33.00,46546.50,0.04,0.02,A,F,1994-05-16,1994-07-12,1994-05-21,TAKE BACK RETURN,MAIL,l packages wake quickly along the slyl
31365-1,31365,1786,87,1,41.00,69198.98,0.03,0.02,N,O,1995-08-30,1995-08-25,1995-09-26,DELIVER IN PERSON,SHIP," sauternes. bold, "
31365-2,31365,942,45,2,24.00,44230.56,0.05,0.05,N,O,1995-07-21,1995-07-04,1995-08-12,NONE,MAIL,yly special pa
31365-3,31365,956,57,3,48.00,89133.60,0.02,0.01,N,O,1995-08-06,1995-07-01,1995-08-31,COLLECT COD,REG AIR,carefully above the regular acco
31365-4,31365,1559,100,4,35.00,51119.25,0.00,0.07,N,F,1995-06-17,1995-07-04,1995-07-14,NONE,REG AIR,"ccounts. regular, bold "
31366-1,31366,1843,44,1,6.00,10469.04,0.04,0.08,A,F,1993-11-16,1993-11-20,1993-11-24,COLLECT COD,RAIL,ven theodolites. bl
31366-2,31366,1242,43,2,12.00,13718.88,0.04,0.04,A,F,1993-11-17,1993-11-29,1993-12-06,DELIVER IN PERSON,SHIP, the slyly final requests dazzle blith
31366-3,31366,439,98,3,50.00,66971.50,0.05,0.07,A,F,1993-11-03,1993-11-04,1993-11-22,DELIVER IN PERSON,SHIP,x carefully. slyly final theodolites gr
31367-1,31367,1643,26,1,48.00,74142.72,0.05,0.00,N,O,1996-12-31,1996-12-08,1997-01-19,DELIVER IN PERSON,REG AIR,lites are furio
31367-2,31367,1742,43,2,32.00,52599.68,0.09,0.07,N,O,1996-11-14,1996-11-24,1996-12-01,COLLECT COD,TRUCK,o beans. blithe
31392-1,31392,1083,54,1,3.00,2952.24,0.05,0.02,A,F,1993-05-17,1993-08-01,1993-06-14,TAKE BACK RETURN,FOB,ly special accounts. bold requests us
31392-2,31392,860,94,2,36.00,63390.96,0.06,0.05,A,F,1993-06-25,1993-07-02,1993-07-13,COLLECT COD,FOB,ts against the excuses solve
31392-3,31392,797,98,3,11.00,18675.69,0.06,0.03,A,F,1993-07-31,1993-07-22,1993-08-17,NONE,RAIL, express packages haggle quickly. depende
31392-4,31392,1521,2,4,46.00,65435.92,0.02,0.02,R,F,1993-06-29,1993-06-15,1993-07-05,DELIVER IN PERSON,REG AIR,inal accounts serve ideas. s
31392-5,31392,459,60,5,27.00,36705.15,0.06,0.08,A,F,1993-08-12,1993-07-14,1993-08-23,COLLECT COD,SHIP,its sleep 
31393-1,31393,1181,18,1,7.00,7575.26,0.00,0.07,A,F,1992-08-12,1992-06-19,1992-08-26,COLLECT COD,FOB,out the qui
31393-2,31393,1454,55,2,30.00,40663.50,0.01,0.01,A,F,1992-07-20,1992-08-07,1992-08-18,DELIVER IN PERSON,AIR,oxes wake permanently ironic pains. s
31393-3,31393,720,53,3,13.00,21069.36,0.05,0.04,R,F,1992-05-14,1992-08-04,1992-06-05,DELIVER IN PERSON,MAIL,inments. carefully re
31393-4,31393,1916,5,4,4.00,7271.64,0.02,0.06,A,F,1992-08-26,1992-07-20,1992-08-30,DELIVER IN PERSON,RAIL,riously furiously regular
31393-5,31393,1420,60,5,47.00,62106.74,0.00,0.07,R,F,1992-06-11,1992-07-25,1992-06-20,TAKE BACK RETURN,MAIL,arefully silent r
31393-6,31393,20,96,6,2.00,1840.04,0.10,0.04,A,F,1992-09-04,1992-07-08,1992-09-29,DELIVER IN PERSON,AIR,ructions sleep slyly blithely fu
31394-1,31394,720,53,1,21.00,34035.12,0.09,0.03,N,O,1997-04-15,1997-05-20,1997-05-04,TAKE BACK RETURN,RAIL,es haggle quickly. qu
31394-2,31394,65,41,2,50.00,48253.00,0.02,0.05,N,O,1997-04-19,1997-04-25,1997-05-18,NONE,REG AIR,ages-- pending pains sleep iron
31395-1,31395,172,73,1,35.00,37525.95,0.03,0.04,R,F,1992-10-01,1992-10-25,1992-10-31,NONE,AIR,ironic theodolites among the asymp
31395-2,31395,123,76,2,20.00,20462.40,0.02,0.08,R,F,1992-10-24,1992-10-29,1992-11-15,COLLECT COD,MAIL,y alongside of the permanently express asy
31396-1,31396,552,13,1,11.00,15978.05,0.10,0.00,N,O,1996-03-22,1996-02-21,1996-03-31,COLLECT COD,REG AIR,thely final asymp
31396-2,31396,1498,77,2,30.00,41984.70,0.01,0.04,N,O,1996-03-02,1996-03-12,1996-03-10,TAKE BACK RETURN,RAIL,refully after the sly account
31396-3,31396,1766,9,3,35.00,58371.60,0.08,0.02,N,O,1996-03-15,1996-02-20,1996-03-28,TAKE BACK RETURN,AIR,refully final theodolites use 
31396-4,31396,633,27,4,3.00,4600.89,0.01,0.00,N,O,1996-01-06,1996-02-26,1996-01-07,COLLECT COD,RAIL,"nal instructions cajole bravely: ironic, b"
31396-5,31396,170,23,5,1.00,1070.17,0.09,0.01,N,O,1996-01-09,1996-02-25,1996-01-17,DELIVER IN PERSON,RAIL,after the pending packages. 
31397-1,31397,1575,56,1,8.00,11812.56,0.01,0.07,N,O,1997-01-30,1997-04-11,1997-02-12,DELIVER IN PERSON,REG AIR, pending pinto
31397-2,31397,1167,4,2,12.00,12817.92,0.04,0.07,N,O,1997-04-19,1997-03-15,1997-04-24,NONE,FOB,onic waters boost caref
31398-1,31398,46,22,1,28.00,26489.12,0.01,0.02,N,O,1998-03-03,1998-04-13,1998-04-02,TAKE BACK RETURN,SHIP, carefully ironic deposit
31398-2,31398,120,73,2,40.00,40804.80,0.09,0.08,N,O,1998-02-21,1998-04-28,1998-03-14,TAKE BACK RETURN,RAIL,ically carefully regular accounts. blithely
31398-3,31398,1270,71,3,6.00,7027.62,0.07,0.01,N,O,1998-05-08,1998-03-19,1998-05-27,NONE,REG AIR,ss the carefully regular 
31398-4,31398,392,93,4,44.00,56865.16,0.08,0.06,N,O,1998-03-06,1998-03-06,1998-04-01,DELIVER IN PERSON,TRUCK,es. frets a
31398-5,31398,867,1,5,8.00,14142.88,0.04,0.03,N,O,1998-05-29,1998-04-17,1998-06-10,TAKE BACK RETURN,MAIL,"l, even the"
31398-6,31398,778,79,6,13.00,21824.01,0.00,0.07,N,O,1998-05-27,1998-03-28,1998-06-20,COLLECT COD,SHIP,y special foxes affix slyly
31399-1,31399,235,36,1,38.00,43138.74,0.06,0.02,N,O,1995-12-08,1995-12-31,1995-12-23,TAKE BACK RETURN,AIR,ccounts sleep carefully enti
31399-2,31399,1068,69,2,45.00,43607.70,0.00,0.01,N,O,1996-02-04,1996-01-26,1996-02-13,TAKE BACK RETURN,MAIL,ermanent foxes wake requests.
31399-3,31399,1186,95,3,27.00,29353.86,0.01,0.02,N,O,1996-01-02,1996-01-11,1996-01-06,COLLECT COD,FOB,ackages. accounts sleep slyly acr
31399-4,31399,1750,51,4,25.00,41293.75,0.10,0.08,N,O,1996-02-24,1995-12-19,1996-03-15,COLLECT COD,AIR,he ideas integrate carefully foxes. th
31399-5,31399,464,52,5,42.00,57307.32,0.07,0.07,N,O,1996-02-17,1995-12-09,1996-03-12,COLLECT COD,AIR,ar instructions. blithely fina
31399-6,31399,1992,93,6,42.00,79547.58,0.01,0.00,N,O,1996-01-08,1995-12-18,1996-01-22,DELIVER IN PERSON,AIR,iously carefully final depo
31399-7,31399,542,3,7,11.00,15867.94,0.09,0.04,N,O,1996-02-19,1996-01-28,1996-03-01,DELIVER IN PERSON,TRUCK,he quickly r
31424-1,31424,65,66,1,38.00,36672.28,0.09,0.01,N,O,1996-10-08,1996-11-08,1996-10-19,COLLECT COD,FOB,iously regular tithes cajole.
31424-2,31424,600,91,2,9.00,13505.40,0.03,0.00,N,O,1996-11-02,1996-12-04,1996-11-26,COLLECT COD,MAIL, integrate. express packages d
31424-3,31424,1713,40,3,47.00,75891.37,0.01,0.05,N,O,1996-10-09,1996-11-01,1996-10-18,TAKE BACK RETURN,SHIP,lyly entici
31424-4,31424,1670,53,4,19.00,29861.73,0.00,0.07,N,O,1996-10-20,1996-11-09,1996-11-10,TAKE BACK RETURN,AIR, sleep quickly according to the expr
31424-5,31424,548,39,5,39.00,56493.06,0.02,0.02,N,O,1996-09-11,1996-11-20,1996-09-17,TAKE BACK RETURN,MAIL,deposits serve blithely carefully
31424-6,31424,111,90,6,3.00,3033.33,0.03,0.04,N,O,1996-11-26,1996-12-01,1996-12-23,NONE,SHIP,ent pinto beans. blithely 
31424-7,31424,1936,25,7,31.00,56975.83,0.07,0.02,N,O,1996-12-02,1996-11-16,1996-12-04,TAKE BACK RETURN,REG AIR,ular platelets. sly
31425-1,31425,304,89,1,21.00,25290.30,0.09,0.02,N,O,1997-02-09,1996-11-19,1997-02-24,TAKE BACK RETURN,RAIL,ly pending instruct
31425-2,31425,1349,64,2,26.00,32508.84,0.03,0.05,N,O,1996-10-17,1996-11-19,1996-10-27,COLLECT COD,REG AIR,"c ideas. busy, unusual pinto beans cajole "
31425-3,31425,1325,2,3,10.00,12263.20,0.10,0.00,N,O,1997-01-26,1996-12-13,1997-01-28,DELIVER IN PERSON,TRUCK,"s use furiously. special, regular acco"
31425-4,31425,1219,94,4,10.00,11202.10,0.07,0.03,N,O,1996-12-19,1996-11-19,1996-12-21,TAKE BACK RETURN,TRUCK,en requests across the pending 
31425-5,31425,239,67,5,26.00,29619.98,0.09,0.02,N,O,1996-11-19,1996-12-23,1996-12-04,DELIVER IN PERSON,AIR," eat packages; final, ironi"
31425-6,31425,1092,98,6,35.00,34758.15,0.06,0.07,N,O,1997-02-04,1996-11-13,1997-03-06,DELIVER IN PERSON,AIR,"ong the regular, regular req"
31426-1,31426,1787,14,1,9.00,15199.02,0.07,0.00,A,F,1994-11-24,1994-09-11,1994-12-06,COLLECT COD,TRUCK,s pinto be
31426-2,31426,207,8,2,35.00,38752.00,0.02,0.06,R,F,1994-11-10,1994-11-02,1994-11-16,COLLECT COD,TRUCK, haggle above the furiously final 
31426-3,31426,502,93,3,32.00,44880.00,0.09,0.03,R,F,1994-10-09,1994-09-21,1994-10-24,TAKE BACK RETURN,TRUCK,tes. slyly special excu
31426-4,31426,1191,28,4,38.00,41503.22,0.04,0.04,A,F,1994-10-07,1994-09-23,1994-11-05,TAKE BACK RETURN,AIR,gle. furiously final requests ca
31426-5,31426,703,36,5,39.00,62544.30,0.01,0.06,R,F,1994-08-13,1994-09-30,1994-08-21,COLLECT COD,FOB,y even theodolites
31426-6,31426,1163,36,6,48.00,51079.68,0.01,0.01,R,F,1994-09-26,1994-10-26,1994-09-28,NONE,REG AIR,er the excuses. idl
31427-1,31427,452,40,1,7.00,9467.15,0.06,0.03,R,F,1994-05-30,1994-08-22,1994-06-28,TAKE BACK RETURN,REG AIR,ideas haggle blithely slyly speci
31427-2,31427,750,15,2,44.00,72633.00,0.00,0.00,R,F,1994-09-11,1994-07-19,1994-10-07,DELIVER IN PERSON,RAIL,ructions haggle ironic accounts. b
31427-3,31427,1307,8,3,16.00,19332.80,0.01,0.07,R,F,1994-08-02,1994-07-25,1994-08-13,COLLECT COD,RAIL,ic warthogs. care
31428-1,31428,1701,44,1,14.00,22437.80,0.05,0.08,N,O,1997-05-05,1997-05-29,1997-05-11,DELIVER IN PERSON,RAIL,old accounts was furiously al
31428-2,31428,816,50,2,6.00,10300.86,0.07,0.03,N,O,1997-07-02,1997-04-28,1997-07-12,TAKE BACK RETURN,FOB,ss theodolites. ironic excuses cajole
31429-1,31429,1870,100,1,5.00,8859.35,0.07,0.00,N,O,1995-12-21,1995-12-22,1996-01-01,NONE,AIR,dolites are 
31429-2,31429,899,99,2,9.00,16199.01,0.02,0.01,N,O,1995-11-30,1995-12-03,1995-12-17,TAKE BACK RETURN,TRUCK,nts. fluffily ironic pack
31429-3,31429,107,34,3,6.00,6042.60,0.09,0.00,N,O,1995-12-15,1995-12-10,1996-01-10,DELIVER IN PERSON,SHIP,ual escapades along the regular p
31430-1,31430,517,18,1,12.00,17010.12,0.08,0.07,R,F,1992-05-18,1992-07-23,1992-05-21,TAKE BACK RETURN,RAIL,tions slee
31431-1,31431,903,72,1,48.00,86587.20,0.01,0.00,N,O,1996-06-23,1996-07-09,1996-07-04,COLLECT COD,SHIP,deas wake permanently against 
31431-2,31431,563,24,2,29.00,42443.24,0.04,0.03,N,O,1996-08-29,1996-06-25,1996-08-30,NONE,FOB,s was across the fluffily final pa
31431-3,31431,1978,11,3,11.00,20679.67,0.10,0.03,N,O,1996-05-27,1996-08-05,1996-05-28,NONE,TRUCK,y final fo
31431-4,31431,1700,42,4,6.00,9610.20,0.00,0.04,N,O,1996-06-12,1996-06-08,1996-06-20,COLLECT COD,REG AIR,ing deposits. blithely bold excuses
31431-5,31431,791,24,5,30.00,50753.70,0.02,0.04,N,O,1996-09-02,1996-06-29,1996-09-23,NONE,AIR,g the ideas. regular platelets accordi
31431-6,31431,694,26,6,22.00,35083.18,0.03,0.04,N,O,1996-07-17,1996-06-27,1996-08-11,TAKE BACK RETURN,REG AIR,uickly unusual deposi
31456-1,31456,1577,78,1,4.00,5914.28,0.00,0.07,A,F,1993-01-17,1993-02-02,1993-02-02,NONE,TRUCK,c dependenci
31456-2,31456,1824,54,2,34.00,58677.88,0.08,0.07,A,F,1992-12-27,1993-01-04,1993-01-07,TAKE BACK RETURN,RAIL,he blithely regular foxes? requests b
31456-3,31456,191,44,3,19.00,20732.61,0.07,0.00,A,F,1992-12-22,1992-12-29,1993-01-08,COLLECT COD,SHIP,ng the pending gifts. regular deposits 
31457-1,31457,1097,3,1,8.00,7984.72,0.03,0.04,N,O,1996-03-16,1996-03-22,1996-03-18,TAKE BACK RETURN,FOB,otornis. slyly regular package
31457-2,31457,983,52,2,45.00,84779.10,0.00,0.08,N,O,1996-04-02,1996-02-19,1996-04-15,NONE,SHIP,e final pinto beans. slyly even ideas wake
31458-1,31458,1044,15,1,13.00,12285.52,0.03,0.06,N,O,1998-06-20,1998-05-29,1998-06-26,COLLECT COD,TRUCK,ven foxes cajole furiously requests
31458-2,31458,1693,94,2,2.00,3189.38,0.03,0.03,N,O,1998-07-16,1998-05-14,1998-08-07,NONE,AIR,furiously even accounts
31458-3,31458,1786,87,3,26.00,43882.28,0.02,0.03,N,O,1998-07-11,1998-05-21,1998-08-10,TAKE BACK RETURN,SHIP, quickly even pinto beans. boldly ironic 
31459-1,31459,1210,11,1,34.00,37781.14,0.09,0.02,N,O,1998-02-02,1998-02-16,1998-02-28,NONE,FOB,"g to the bold, pending accounts nag"
31459-2,31459,564,25,2,31.00,45401.36,0.05,0.05,N,O,1998-02-05,1998-02-23,1998-02-10,COLLECT COD,RAIL,usual platelets 
31459-3,31459,327,12,3,46.00,56456.72,0.03,0.02,N,O,1998-02-03,1998-03-09,1998-03-05,TAKE BACK RETURN,REG AIR,es. furiously even packages affix slyly 
31459-4,31459,1613,55,4,27.00,40894.47,0.04,0.01,N,O,1998-02-04,1998-01-11,1998-02-23,DELIVER IN PERSON,AIR,pending deposits around the silently fina
31459-5,31459,1287,62,5,39.00,46342.92,0.02,0.02,N,O,1998-01-27,1998-02-21,1998-02-07,DELIVER IN PERSON,AIR, final theodolites across t
31459-6,31459,985,54,6,18.00,33947.64,0.07,0.03,N,O,1998-03-05,1998-02-12,1998-03-12,COLLECT COD,MAIL,h along the slyly regular pains. car
31460-1,31460,442,43,1,39.00,52355.16,0.01,0.08,R,F,1992-11-01,1992-10-02,1992-11-19,COLLECT COD,REG AIR,riously regular requests. theodolit
31461-1,31461,381,82,1,7.00,8969.66,0.06,0.03,N,O,1995-10-02,1995-09-10,1995-10-28,DELIVER IN PERSON,MAIL, the slyly fi
31461-2,31461,1983,28,2,32.00,60319.36,0.06,0.07,N,O,1995-07-27,1995-08-27,1995-08-13,DELIVER IN PERSON,SHIP,y even sauternes wake carefull
31461-3,31461,497,56,3,5.00,6987.45,0.02,0.06,N,O,1995-08-17,1995-09-11,1995-08-29,NONE,MAIL,rs. slyly silent pa
31461-4,31461,988,23,4,13.00,24556.74,0.03,0.01,N,O,1995-09-28,1995-08-27,1995-10-03,COLLECT COD,REG AIR,en requests: requests are blit
31461-5,31461,1935,68,5,20.00,36738.60,0.02,0.05,N,O,1995-09-03,1995-09-07,1995-09-04,NONE,AIR,mong the fluffily bold
31462-1,31462,210,38,1,29.00,32196.09,0.07,0.06,R,F,1993-09-09,1993-08-29,1993-09-18,TAKE BACK RETURN,SHIP,s. furiously regular ideas use
31462-2,31462,223,24,2,15.00,16848.30,0.05,0.01,R,F,1993-07-21,1993-09-12,1993-08-05,DELIVER IN PERSON,REG AIR,ilent waters wake carefully against th
31462-3,31462,1235,73,3,23.00,26133.29,0.02,0.06,R,F,1993-10-23,1993-08-19,1993-10-29,TAKE BACK RETURN,RAIL,s along the fluffily regular re
31463-1,31463,1499,39,1,45.00,63022.05,0.02,0.04,N,O,1997-02-16,1996-12-31,1997-03-06,NONE,FOB,posits sle
31488-1,31488,1621,63,1,29.00,44155.98,0.03,0.02,N,O,1996-01-26,1996-01-23,1996-01-30,TAKE BACK RETURN,REG AIR,egular foxes integrate. carefully
31488-2,31488,1952,85,2,37.00,68596.15,0.03,0.05,N,O,1996-03-01,1996-01-17,1996-03-11,NONE,RAIL,the furiously
31488-3,31488,1855,56,3,42.00,73787.70,0.10,0.08,N,O,1996-01-04,1996-02-08,1996-01-26,TAKE BACK RETURN,REG AIR,"e furiously among the unusual, unu"
31489-1,31489,1625,49,1,6.00,9159.72,0.10,0.04,R,F,1993-01-25,1993-03-06,1993-02-09,TAKE BACK RETURN,MAIL,s haggle slyly against the carefully pendin
31489-2,31489,1601,84,2,10.00,15026.00,0.05,0.04,R,F,1993-01-03,1993-02-05,1993-01-09,TAKE BACK RETURN,SHIP,slyly expres
31489-3,31489,1183,84,3,39.00,42283.02,0.04,0.06,R,F,1993-01-03,1993-02-19,1993-01-24,DELIVER IN PERSON,RAIL,heodolites
31489-4,31489,314,15,4,11.00,13357.41,0.03,0.07,R,F,1992-12-25,1993-02-10,1993-01-09,TAKE BACK RETURN,MAIL,es. carefully unusual dependencies kindl
31489-5,31489,1632,56,5,39.00,59811.57,0.04,0.03,A,F,1993-02-27,1993-02-09,1993-03-21,TAKE BACK RETURN,FOB,. furiously ironic fo
31489-6,31489,1791,76,6,6.00,10156.74,0.10,0.06,A,F,1992-12-09,1993-03-06,1992-12-24,NONE,TRUCK,refully ironic pinto beans u
31490-1,31490,1863,7,1,11.00,19413.46,0.08,0.08,N,O,1996-07-22,1996-05-27,1996-07-23,DELIVER IN PERSON,MAIL,encies nag according to t
31490-2,31490,253,81,2,36.00,41517.00,0.04,0.02,N,O,1996-08-03,1996-06-01,1996-08-23,COLLECT COD,RAIL,lly. careful
31490-3,31490,916,85,3,22.00,39972.02,0.09,0.06,N,O,1996-07-20,1996-07-19,1996-07-29,NONE,TRUCK,ic excuses across the slyly special a
31490-4,31490,1223,24,4,42.00,47217.24,0.02,0.06,N,O,1996-07-25,1996-07-03,1996-08-04,DELIVER IN PERSON,SHIP,". silent, bold "
31490-5,31490,253,54,5,19.00,21911.75,0.01,0.04,N,O,1996-05-22,1996-06-30,1996-06-11,COLLECT COD,FOB,ual requests boost
31490-6,31490,620,21,6,27.00,41056.74,0.05,0.00,N,O,1996-06-06,1996-05-29,1996-06-27,COLLECT COD,AIR,d the asymptotes. final dep
31491-1,31491,604,36,1,14.00,21064.40,0.07,0.06,N,O,1998-05-29,1998-08-05,1998-06-10,NONE,RAIL,heodolites b
31491-2,31491,1536,77,2,47.00,67563.91,0.00,0.04,N,O,1998-08-30,1998-06-22,1998-09-25,COLLECT COD,REG AIR,ts. ironic 
31492-1,31492,1930,75,1,32.00,58621.76,0.08,0.07,A,F,1993-12-25,1993-12-30,1994-01-22,DELIVER IN PERSON,TRUCK,the slowly regular packages pr
31492-2,31492,1799,42,2,50.00,85039.50,0.03,0.03,R,F,1993-11-23,1993-12-01,1993-12-18,DELIVER IN PERSON,REG AIR,ironic requests integrate
31492-3,31492,393,78,3,31.00,40095.09,0.05,0.00,A,F,1993-12-04,1993-12-17,1993-12-26,COLLECT COD,SHIP, regular deposits sleep quickl
31492-4,31492,1844,88,4,20.00,34916.80,0.09,0.06,A,F,1993-12-26,1993-12-01,1994-01-20,DELIVER IN PERSON,FOB,times even packages affix against t
31492-5,31492,1674,98,5,22.00,34664.74,0.00,0.04,A,F,1994-01-15,1993-11-17,1994-01-26,DELIVER IN PERSON,REG AIR,bold instructions. carefully special 
31492-6,31492,444,74,6,19.00,25544.36,0.05,0.02,A,F,1994-01-17,1994-01-09,1994-02-06,NONE,FOB,oxes are ab
31493-1,31493,1352,67,1,22.00,27573.70,0.07,0.00,A,F,1994-12-03,1994-11-29,1994-12-18,DELIVER IN PERSON,AIR,yly express packages affi
31494-1,31494,1334,73,1,3.00,3705.99,0.04,0.08,N,O,1998-06-10,1998-05-20,1998-07-09,DELIVER IN PERSON,SHIP,p furiously blithely iron
31494-2,31494,1613,14,2,27.00,40894.47,0.03,0.06,N,O,1998-07-30,1998-06-03,1998-08-06,COLLECT COD,SHIP, furiously pending accounts. foxes wake s
31494-3,31494,157,36,3,33.00,34885.95,0.10,0.00,N,O,1998-05-31,1998-05-18,1998-06-28,COLLECT COD,FOB,dolites wake furiously final 
31494-4,31494,1471,72,4,24.00,32939.28,0.10,0.08,N,O,1998-06-02,1998-06-14,1998-06-14,NONE,AIR,t the furiou
31494-5,31494,471,59,5,39.00,53487.33,0.00,0.03,N,O,1998-07-13,1998-07-01,1998-07-24,DELIVER IN PERSON,FOB,es haggle express frays
31494-6,31494,1649,91,6,17.00,26360.88,0.07,0.05,N,O,1998-06-11,1998-05-20,1998-06-18,COLLECT COD,TRUCK,ths. furiously stealthy accou
31495-1,31495,168,21,1,12.00,12817.92,0.09,0.00,A,F,1993-10-26,1993-11-03,1993-11-18,COLLECT COD,SHIP,he ideas. b
31495-2,31495,1907,8,2,36.00,65120.40,0.01,0.01,A,F,1993-08-13,1993-10-30,1993-09-12,DELIVER IN PERSON,SHIP,against the carefully bold deposit
31495-3,31495,972,73,3,10.00,18729.70,0.09,0.05,A,F,1993-09-25,1993-09-09,1993-10-24,NONE,AIR,ts. blithely express
31495-4,31495,34,10,4,40.00,37361.20,0.08,0.06,A,F,1993-11-05,1993-10-29,1993-11-16,COLLECT COD,FOB, multipliers along the slyly even epita
31520-1,31520,1730,15,1,6.00,9790.38,0.00,0.00,N,O,1996-03-15,1996-02-03,1996-03-24,TAKE BACK RETURN,MAIL,s sleep slyly requests. reg
31520-2,31520,967,36,2,48.00,89662.08,0.01,0.01,N,O,1996-03-14,1996-01-21,1996-04-03,TAKE BACK RETURN,RAIL,ithely pending deposits
31520-3,31520,1473,52,3,31.00,42608.57,0.03,0.06,N,O,1995-12-21,1996-01-02,1995-12-25,NONE,FOB,ithely special instructions. 
31520-4,31520,1293,31,4,39.00,46577.31,0.10,0.05,N,O,1996-02-02,1996-01-07,1996-02-13,NONE,REG AIR,eans. even packa
31520-5,31520,385,86,5,37.00,47559.06,0.07,0.02,N,O,1996-03-19,1996-02-04,1996-04-06,TAKE BACK RETURN,TRUCK,deposits cajole perm
31521-1,31521,433,21,1,34.00,45336.62,0.10,0.05,A,F,1992-09-03,1992-07-06,1992-09-12,TAKE BACK RETURN,REG AIR,ld excuses nag quickly ironic a
31521-2,31521,1484,2,2,39.00,54033.72,0.02,0.02,R,F,1992-09-15,1992-08-19,1992-09-17,DELIVER IN PERSON,MAIL, carefully thin packages nag carefully 
31521-3,31521,1006,7,3,16.00,14512.00,0.00,0.05,A,F,1992-07-03,1992-08-23,1992-07-12,DELIVER IN PERSON,SHIP, above the furiously ironic dolphin
31521-4,31521,1415,94,4,26.00,34226.66,0.01,0.08,R,F,1992-07-18,1992-07-08,1992-07-26,NONE,TRUCK,lar ideas 
31521-5,31521,260,88,5,47.00,54532.22,0.10,0.05,A,F,1992-08-03,1992-06-26,1992-08-23,DELIVER IN PERSON,MAIL, furiously regular packages caj
31521-6,31521,283,84,6,20.00,23665.60,0.04,0.02,A,F,1992-07-21,1992-08-08,1992-08-07,COLLECT COD,REG AIR,heodolites sleep 
31522-1,31522,1194,3,1,42.00,45997.98,0.08,0.04,A,F,1993-06-19,1993-08-03,1993-06-30,NONE,SHIP,hely ironic instructions sl
31522-2,31522,30,56,2,42.00,39061.26,0.06,0.03,A,F,1993-08-10,1993-07-03,1993-09-02,TAKE BACK RETURN,REG AIR,uriously ironic platelets a
31522-3,31522,771,4,3,48.00,80244.96,0.04,0.08,R,F,1993-07-11,1993-07-19,1993-07-20,NONE,FOB,s the blith
31522-4,31522,1825,55,4,8.00,13814.56,0.01,0.00,A,F,1993-07-08,1993-06-25,1993-07-13,COLLECT COD,AIR,blithely pending
31522-5,31522,1631,32,5,22.00,33717.86,0.07,0.05,A,F,1993-07-15,1993-07-06,1993-07-30,DELIVER IN PERSON,REG AIR,egular packages. pending theodolites c
31522-6,31522,1230,31,6,49.00,55430.27,0.06,0.01,R,F,1993-05-27,1993-07-14,1993-06-26,TAKE BACK RETURN,FOB,s. unusual pinto beans 
31523-1,31523,974,77,1,41.00,76873.77,0.03,0.04,R,F,1992-04-12,1992-04-28,1992-04-18,DELIVER IN PERSON,TRUCK,ets nag blithely through the final
31523-2,31523,261,89,2,26.00,30192.76,0.00,0.05,R,F,1992-05-25,1992-05-02,1992-05-30,TAKE BACK RETURN,FOB,inal deposits: fluffily
31524-1,31524,793,58,1,42.00,71139.18,0.08,0.02,N,O,1995-08-27,1995-08-06,1995-09-21,COLLECT COD,REG AIR,hely bold gift
31524-2,31524,1231,6,2,37.00,41892.51,0.08,0.00,N,O,1995-10-15,1995-09-22,1995-11-05,NONE,REG AIR,. quickly bold theodolites sl
31524-3,31524,1501,42,3,45.00,63112.50,0.01,0.03,N,O,1995-08-19,1995-09-06,1995-09-18,TAKE BACK RETURN,FOB,eposits hinder blithely blithely regular pa
31525-1,31525,897,98,1,5.00,8989.45,0.00,0.03,R,F,1992-05-25,1992-03-19,1992-06-18,NONE,MAIL,"nos. pinto beans after the unusual, reg"
31526-1,31526,1181,90,1,44.00,47615.92,0.04,0.02,N,O,1995-10-25,1995-12-06,1995-11-24,NONE,MAIL,ts boost furiously!
31526-2,31526,1368,45,2,5.00,6346.80,0.01,0.00,N,O,1996-01-19,1995-12-31,1996-02-02,COLLECT COD,RAIL,ly even theodolite
31526-3,31526,286,68,3,2.00,2372.56,0.10,0.04,N,O,1996-02-14,1995-12-26,1996-02-27,TAKE BACK RETURN,SHIP,ajole fluffily regular id
31526-4,31526,1198,71,4,40.00,43967.60,0.03,0.00,N,O,1995-11-14,1995-11-25,1995-12-08,DELIVER IN PERSON,SHIP,regular instructions are. caref
31526-5,31526,310,39,5,6.00,7261.86,0.06,0.08,N,O,1996-01-31,1995-11-15,1996-02-20,TAKE BACK RETURN,FOB,gular asymptotes haggle fluffily along
31526-6,31526,247,2,6,28.00,32122.72,0.04,0.03,N,O,1995-11-27,1995-12-10,1995-12-02,TAKE BACK RETURN,SHIP,ly carefully 
31526-7,31526,1013,19,7,23.00,21022.23,0.06,0.00,N,O,1995-12-12,1995-11-17,1995-12-27,COLLECT COD,FOB,careful packages. quiet decoy
31527-1,31527,1481,82,1,34.00,47004.32,0.03,0.06,A,F,1994-10-16,1994-08-30,1994-11-10,COLLECT COD,MAIL,blithely regular deposits cajole
31527-2,31527,432,62,2,8.00,10659.44,0.05,0.06,R,F,1994-10-21,1994-08-20,1994-11-17,TAKE BACK RETURN,REG AIR,close courts 
31527-3,31527,938,39,3,23.00,42295.39,0.08,0.05,R,F,1994-07-12,1994-10-01,1994-07-28,TAKE BACK RETURN,TRUCK,ays. carefully even deposits hinder deposit
31527-4,31527,286,41,4,24.00,28470.72,0.10,0.05,R,F,1994-07-11,1994-08-30,1994-07-28,COLLECT COD,SHIP,uriously even request
31552-1,31552,781,78,1,14.00,23544.92,0.04,0.04,A,F,1993-01-09,1992-12-29,1993-01-19,TAKE BACK RETURN,MAIL,ey players. regular requests nag slyly
31552-2,31552,166,45,2,8.00,8529.28,0.01,0.00,A,F,1993-03-09,1992-12-23,1993-03-14,COLLECT COD,MAIL,o beans sleep caref
31552-3,31552,585,16,3,6.00,8913.48,0.06,0.00,R,F,1992-12-16,1992-12-18,1993-01-07,DELIVER IN PERSON,MAIL,l deposits. carefully special asym
31552-4,31552,797,62,4,28.00,47538.12,0.05,0.05,R,F,1993-02-16,1993-01-12,1993-02-22,DELIVER IN PERSON,RAIL,yly final ideas. pending 
31552-5,31552,866,67,5,38.00,67140.68,0.09,0.02,R,F,1992-12-02,1993-01-24,1992-12-27,TAKE BACK RETURN,SHIP, accounts haggle blithely 
31552-6,31552,426,14,6,23.00,30507.66,0.08,0.04,A,F,1992-11-14,1993-01-03,1992-12-13,DELIVER IN PERSON,TRUCK,sts print. re
31552-7,31552,575,36,7,12.00,17706.84,0.09,0.08,R,F,1993-01-09,1993-01-17,1993-02-07,COLLECT COD,AIR, asymptotes cajole b
31553-1,31553,747,48,1,15.00,24716.10,0.09,0.02,A,F,1994-04-06,1994-02-20,1994-04-08,TAKE BACK RETURN,SHIP,dolites. final accoun
31553-2,31553,1765,66,2,50.00,83338.00,0.04,0.05,A,F,1994-03-08,1994-03-08,1994-03-24,TAKE BACK RETURN,SHIP,bove the furiously regular requests
31553-3,31553,4,80,3,38.00,34352.00,0.02,0.02,R,F,1994-02-13,1994-03-11,1994-03-03,NONE,FOB,e fluffily furiously even requests? 
31553-4,31553,878,78,4,18.00,32019.66,0.10,0.05,R,F,1994-04-24,1994-03-25,1994-04-26,NONE,AIR,slyly pending accounts; quietly unusual
31554-1,31554,1457,36,1,50.00,67922.50,0.03,0.00,N,O,1996-03-05,1996-05-04,1996-03-17,COLLECT COD,RAIL,s print. carefully pending theod
31554-2,31554,1810,97,2,2.00,3423.62,0.08,0.07,N,O,1996-05-03,1996-04-09,1996-05-05,NONE,RAIL,l pinto be
31554-3,31554,417,5,3,44.00,57966.04,0.09,0.01,N,O,1996-06-24,1996-05-04,1996-07-19,DELIVER IN PERSON,TRUCK,"packages. ironic, special multiplie"
31554-4,31554,941,76,4,12.00,22103.28,0.04,0.08,N,O,1996-03-21,1996-05-22,1996-03-31,TAKE BACK RETURN,SHIP,deas-- carefully pending deposits c
31554-5,31554,1446,25,5,46.00,61982.24,0.09,0.04,N,O,1996-05-01,1996-05-04,1996-05-24,TAKE BACK RETURN,AIR,"y. ironic, final pinto beans caj"
31555-1,31555,871,71,1,35.00,62015.45,0.07,0.04,R,F,1992-04-17,1992-03-12,1992-05-02,NONE,FOB, furiously regular accounts believe among t
31555-2,31555,1800,1,2,18.00,30632.40,0.01,0.02,A,F,1992-01-11,1992-03-30,1992-01-26,DELIVER IN PERSON,AIR,cial dugouts boost slyly fluff
31555-3,31555,1032,68,3,16.00,14928.48,0.07,0.05,R,F,1992-03-19,1992-02-13,1992-04-07,DELIVER IN PERSON,FOB,structions for the ac
31556-1,31556,908,11,1,40.00,72356.00,0.01,0.07,N,O,1995-08-01,1995-09-10,1995-08-09,DELIVER IN PERSON,MAIL,e blithely regular deposits. regular pa
31556-2,31556,1669,52,2,30.00,47119.80,0.08,0.01,N,O,1995-11-11,1995-10-16,1995-12-10,TAKE BACK RETURN,AIR,ccounts wak
31556-3,31556,355,84,3,14.00,17574.90,0.01,0.00,N,O,1995-08-29,1995-09-03,1995-09-20,DELIVER IN PERSON,REG AIR, daring packages. ironi
31557-1,31557,1287,88,1,19.00,22577.32,0.00,0.02,N,O,1997-08-10,1997-06-23,1997-08-31,DELIVER IN PERSON,TRUCK,ly according to the busily
31557-2,31557,1009,80,2,14.00,12740.00,0.06,0.00,N,O,1997-08-22,1997-07-13,1997-09-05,NONE,MAIL, even packages are blithely final pinto bea
31557-3,31557,11,37,3,21.00,19131.21,0.08,0.08,N,O,1997-09-09,1997-07-23,1997-09-11,TAKE BACK RETURN,FOB,ously instructions. slyly final deposit
31557-4,31557,973,42,4,15.00,28109.55,0.00,0.06,N,O,1997-06-15,1997-08-14,1997-06-30,COLLECT COD,AIR,theodolites: ca
31557-5,31557,286,14,5,8.00,9490.24,0.01,0.04,N,O,1997-06-11,1997-08-02,1997-07-11,NONE,RAIL,sits are blithely slyly bold 
31557-6,31557,579,80,6,38.00,56223.66,0.09,0.07,N,O,1997-05-28,1997-06-20,1997-06-09,COLLECT COD,FOB,lly regular notornis. even 
31558-1,31558,1639,63,1,3.00,4621.89,0.04,0.05,N,O,1995-08-06,1995-10-20,1995-08-29,COLLECT COD,FOB,r the quickly regular deposits. fluffily
31558-2,31558,1175,84,2,19.00,20447.23,0.05,0.06,N,O,1995-10-30,1995-08-23,1995-10-31,TAKE BACK RETURN,RAIL,uriously even fox
31558-3,31558,1170,71,3,50.00,53558.50,0.02,0.01,N,O,1995-08-16,1995-09-23,1995-09-06,DELIVER IN PERSON,REG AIR,cuses are along the foxes. blit
31558-4,31558,60,36,4,4.00,3840.24,0.00,0.01,N,O,1995-11-10,1995-09-09,1995-12-07,COLLECT COD,SHIP,"le slyly regular, quick"
31558-5,31558,1245,20,5,10.00,11462.40,0.03,0.01,N,O,1995-09-18,1995-10-05,1995-09-20,COLLECT COD,FOB,ickly unusual 
31559-1,31559,986,21,1,3.00,5660.94,0.08,0.08,N,O,1998-02-17,1998-01-05,1998-03-14,NONE,FOB,heodolites. regular pac
31559-2,31559,1712,13,2,24.00,38729.04,0.10,0.02,N,O,1998-01-19,1997-12-17,1998-02-01,NONE,FOB,dencies unwind carefully regular acc
31559-3,31559,1830,17,3,38.00,65809.54,0.07,0.01,N,O,1998-01-15,1997-12-27,1998-01-16,TAKE BACK RETURN,RAIL, carefully even accounts. quickly 
31559-4,31559,1190,63,4,29.00,31644.51,0.09,0.07,N,O,1998-03-04,1997-12-19,1998-03-30,NONE,SHIP, foxes about the q
31584-1,31584,1788,73,1,27.00,45624.06,0.05,0.05,N,O,1997-04-02,1997-01-06,1997-04-12,NONE,REG AIR,ial packages h
31584-2,31584,670,33,2,49.00,76962.83,0.09,0.06,N,O,1997-01-01,1997-01-10,1997-01-02,DELIVER IN PERSON,REG AIR,e unusual foxes boost according to the ca
31584-3,31584,1269,7,3,5.00,5851.30,0.10,0.00,N,O,1997-01-23,1997-01-07,1997-02-04,COLLECT COD,SHIP,"ic, ironic gifts sleep furiou"
31585-1,31585,349,6,1,9.00,11244.06,0.10,0.04,N,O,1996-06-19,1996-07-06,1996-06-28,TAKE BACK RETURN,MAIL,ing theodolites 
31585-2,31585,854,88,2,43.00,75458.55,0.07,0.06,N,O,1996-09-09,1996-07-29,1996-09-19,DELIVER IN PERSON,TRUCK,deas sleep. pinto be
31585-3,31585,765,66,3,9.00,14991.84,0.09,0.05,N,O,1996-06-12,1996-08-11,1996-06-24,NONE,TRUCK,to beans against the final req
31585-4,31585,1254,66,4,11.00,12707.75,0.07,0.05,N,O,1996-06-14,1996-08-18,1996-06-29,NONE,MAIL,carefully even
31586-1,31586,1614,38,1,32.00,48499.52,0.10,0.04,A,F,1992-05-27,1992-06-16,1992-06-22,COLLECT COD,TRUCK,ithely even frets haggle furiously. ironic
31586-2,31586,735,36,2,16.00,26171.68,0.01,0.08,A,F,1992-06-09,1992-05-11,1992-06-17,NONE,TRUCK,ag about the silent p
31586-3,31586,950,85,3,49.00,90696.55,0.01,0.08,A,F,1992-07-18,1992-06-18,1992-07-20,COLLECT COD,MAIL,sheaves. daring idea
31586-4,31586,1604,28,4,14.00,21078.40,0.09,0.05,R,F,1992-04-24,1992-04-28,1992-05-21,COLLECT COD,FOB,"final, careful theodolites. i"
31586-5,31586,1200,37,5,29.00,31934.80,0.04,0.07,A,F,1992-06-19,1992-05-23,1992-07-08,DELIVER IN PERSON,REG AIR, ruthlessly dogged 
31586-6,31586,1466,67,6,22.00,30084.12,0.00,0.03,A,F,1992-05-05,1992-05-06,1992-06-03,TAKE BACK RETURN,TRUCK,al accounts. slyly silent deposits nag 
31586-7,31586,603,35,7,21.00,31575.60,0.02,0.08,A,F,1992-06-22,1992-05-14,1992-07-10,DELIVER IN PERSON,SHIP,p blithely about the bold deposits. 
31587-1,31587,325,10,1,23.00,28182.36,0.07,0.08,N,O,1998-03-17,1998-05-08,1998-03-19,COLLECT COD,MAIL, thrash ac
31587-2,31587,1452,92,2,37.00,50077.65,0.00,0.05,N,O,1998-06-08,1998-05-02,1998-06-20,NONE,RAIL,ial instructions at the furiously final fox
31587-3,31587,204,5,3,11.00,12146.20,0.06,0.06,N,O,1998-03-01,1998-04-03,1998-03-12,DELIVER IN PERSON,SHIP,arefully dogged theodolites wa
31588-1,31588,329,30,1,24.00,29503.68,0.06,0.00,A,F,1993-12-10,1993-12-27,1993-12-24,TAKE BACK RETURN,RAIL,foxes haggle abo
31589-1,31589,1798,99,1,29.00,49293.91,0.10,0.00,N,O,1996-11-22,1996-12-03,1996-11-24,TAKE BACK RETURN,AIR,regular pinto beans slee
31589-2,31589,8,34,2,20.00,18160.00,0.06,0.01,N,O,1996-12-21,1996-11-16,1997-01-08,DELIVER IN PERSON,TRUCK,al packages haggle against the r
31590-1,31590,65,16,1,40.00,38602.40,0.09,0.02,A,F,1993-08-25,1993-08-23,1993-09-07,DELIVER IN PERSON,REG AIR,lyly ironic requests detect acc
31590-2,31590,463,22,2,22.00,29996.12,0.00,0.02,R,F,1993-07-08,1993-08-26,1993-07-30,DELIVER IN PERSON,TRUCK,sits. fluffily 
31590-3,31590,1206,81,3,47.00,52038.40,0.05,0.02,R,F,1993-07-16,1993-08-10,1993-07-20,TAKE BACK RETURN,TRUCK,e blithely final ideas. permanently dari
31591-1,31591,1366,43,1,21.00,26614.56,0.10,0.08,N,O,1998-01-27,1998-03-03,1998-02-17,NONE,RAIL,ake carefully quickly ironic ac
31591-2,31591,1680,22,2,26.00,41123.68,0.08,0.08,N,O,1998-01-05,1998-01-15,1998-01-24,NONE,MAIL,ns wake furiously. quickly silent reque
31591-3,31591,1473,74,3,21.00,28863.87,0.06,0.06,N,O,1998-04-08,1998-03-10,1998-04-25,TAKE BACK RETURN,REG AIR,usly ironic instructio
31591-4,31591,1379,94,4,39.00,49934.43,0.09,0.04,N,O,1998-02-15,1998-01-29,1998-02-18,COLLECT COD,AIR,dencies ca
31591-5,31591,1944,77,5,12.00,22151.28,0.10,0.00,N,O,1998-03-07,1998-01-27,1998-03-24,DELIVER IN PERSON,AIR, the carefully even requests haggle bli
31591-6,31591,947,16,6,13.00,24023.22,0.09,0.05,N,O,1998-01-24,1998-01-17,1998-02-08,DELIVER IN PERSON,TRUCK,s. quickly 
31591-7,31591,1615,57,7,29.00,43981.69,0.06,0.03,N,O,1998-02-28,1998-02-24,1998-03-25,DELIVER IN PERSON,REG AIR, according to the s
31616-1,31616,1591,12,1,45.00,67166.55,0.07,0.06,A,F,1993-10-28,1993-10-01,1993-11-21,COLLECT COD,AIR,"slyly. ironic, regular requests sleep b"
31616-2,31616,1349,88,2,39.00,48763.26,0.05,0.02,A,F,1993-11-17,1993-09-30,1993-12-14,COLLECT COD,AIR,. furiously 
31616-3,31616,514,5,3,31.00,43849.81,0.05,0.00,R,F,1993-09-17,1993-11-26,1993-10-17,DELIVER IN PERSON,AIR,efully express pearls detect 
31616-4,31616,1708,93,4,46.00,74046.20,0.10,0.02,A,F,1993-11-18,1993-11-22,1993-11-20,NONE,TRUCK,cording to the 
31616-5,31616,1580,81,5,9.00,13334.22,0.09,0.07,R,F,1993-12-14,1993-10-23,1994-01-12,TAKE BACK RETURN,REG AIR,ily regular packages: reg
31617-1,31617,880,47,1,23.00,40960.24,0.05,0.04,N,F,1995-06-14,1995-07-11,1995-07-04,COLLECT COD,REG AIR,ven deposits across the quickly 
31618-1,31618,1908,9,1,4.00,7239.60,0.04,0.03,N,O,1995-09-23,1995-09-30,1995-10-09,COLLECT COD,RAIL,ncies wake slyly among the carefully f
31618-2,31618,1044,15,2,10.00,9450.40,0.06,0.01,N,O,1995-10-21,1995-09-30,1995-11-14,COLLECT COD,TRUCK,. requests cajole slyly. c
31618-3,31618,1725,52,3,22.00,35787.84,0.04,0.05,N,O,1995-10-18,1995-09-12,1995-11-09,DELIVER IN PERSON,RAIL,gainst the frays haggle among the blithe
31618-4,31618,527,88,4,44.00,62810.88,0.01,0.06,N,O,1995-08-12,1995-09-18,1995-08-19,COLLECT COD,SHIP,", bold pinto beans "
31618-5,31618,400,85,5,10.00,13004.00,0.02,0.02,N,O,1995-07-19,1995-08-22,1995-07-30,COLLECT COD,AIR, theodolites according to the packa
31618-6,31618,533,24,6,29.00,41572.37,0.06,0.05,N,O,1995-08-10,1995-10-06,1995-08-22,COLLECT COD,TRUCK, fluffily. slyly
31618-7,31618,1325,64,7,46.00,56410.72,0.09,0.07,N,O,1995-09-19,1995-08-20,1995-10-07,COLLECT COD,FOB,ajole sometimes. f
31619-1,31619,236,91,1,14.00,15907.22,0.03,0.06,R,F,1994-09-29,1994-10-25,1994-10-17,COLLECT COD,REG AIR,odolites. quickly final depend
31619-2,31619,196,97,2,43.00,47136.17,0.05,0.07,A,F,1994-09-29,1994-11-03,1994-10-16,DELIVER IN PERSON,SHIP, cajole; blithely regular foxes are sly
31619-3,31619,748,45,3,18.00,29677.32,0.03,0.04,R,F,1994-11-23,1994-11-18,1994-12-03,DELIVER IN PERSON,RAIL,ly regular pat
31620-1,31620,122,1,1,26.00,26575.12,0.05,0.01,N,O,1995-12-05,1995-10-23,1996-01-04,TAKE BACK RETURN,RAIL,ly quickly final req
31620-2,31620,1168,5,2,34.00,36351.44,0.04,0.06,N,O,1995-10-04,1995-11-09,1995-10-19,NONE,FOB,y ironic accou
31620-3,31620,1092,93,3,7.00,6951.63,0.08,0.04,N,O,1995-09-29,1995-11-03,1995-10-11,NONE,AIR,ess packages. slyly dogged requests boos
31621-1,31621,1323,100,1,29.00,35505.28,0.05,0.06,N,O,1997-08-30,1997-10-23,1997-09-29,DELIVER IN PERSON,REG AIR,wly quickly regul
31621-2,31621,1349,26,2,18.00,22506.12,0.02,0.03,N,O,1997-09-29,1997-10-13,1997-10-09,NONE,SHIP,arefully pending ide
31622-1,31622,868,69,1,4.00,7075.44,0.10,0.03,A,F,1992-05-14,1992-04-04,1992-05-26,COLLECT COD,AIR,wake enticingly at the carefu
31622-2,31622,1493,33,2,5.00,6972.45,0.04,0.06,A,F,1992-05-27,1992-04-25,1992-05-28,NONE,RAIL,unusual depos
31622-3,31622,1236,48,3,20.00,22744.60,0.05,0.06,R,F,1992-06-22,1992-04-09,1992-07-17,NONE,FOB,lyly even req
31622-4,31622,470,71,4,31.00,42484.57,0.04,0.03,A,F,1992-03-21,1992-05-21,1992-04-17,DELIVER IN PERSON,MAIL,ses boost slyly final packages. s
31623-1,31623,458,17,1,33.00,44828.85,0.07,0.04,N,O,1997-07-21,1997-09-08,1997-07-28,DELIVER IN PERSON,RAIL,lly at the eve
31623-2,31623,1913,14,2,25.00,45372.75,0.08,0.01,N,O,1997-08-08,1997-08-18,1997-08-31,TAKE BACK RETURN,FOB,ackages boost furiously. ironic reques
31623-3,31623,94,95,3,18.00,17893.62,0.05,0.03,N,O,1997-06-21,1997-07-25,1997-06-27,TAKE BACK RETURN,FOB,use quickly
31623-4,31623,219,20,4,28.00,31337.88,0.03,0.02,N,O,1997-10-06,1997-08-05,1997-10-26,NONE,RAIL,arefully regular packa
31623-5,31623,361,90,5,2.00,2522.72,0.03,0.03,N,O,1997-06-22,1997-08-14,1997-07-01,COLLECT COD,RAIL,ss deposits. fi
31623-6,31623,17,68,6,31.00,28427.31,0.10,0.05,N,O,1997-09-29,1997-09-03,1997-10-18,NONE,MAIL, haggle slyly even instructions. slyl
31648-1,31648,610,42,1,22.00,33233.42,0.09,0.01,N,O,1995-11-25,1995-10-18,1995-11-26,NONE,REG AIR,ng to the furio
31648-2,31648,935,4,2,38.00,69765.34,0.05,0.02,N,O,1995-11-08,1995-11-15,1995-11-16,NONE,TRUCK,ns affix-- bold
31648-3,31648,1161,70,3,22.00,23367.52,0.04,0.01,N,O,1995-08-25,1995-10-24,1995-09-12,DELIVER IN PERSON,REG AIR,dependencies. slyly express accounts
31648-4,31648,395,96,4,39.00,50520.21,0.10,0.03,N,O,1995-09-30,1995-10-31,1995-10-26,COLLECT COD,AIR,"odolites wake along the special, final"
31648-5,31648,940,41,5,48.00,88365.12,0.06,0.05,N,O,1995-12-20,1995-10-20,1995-12-23,NONE,AIR,"dencies. unusual, ironic excuses snooze sly"
31648-6,31648,593,84,6,6.00,8961.54,0.10,0.08,N,O,1995-09-05,1995-10-31,1995-09-06,NONE,TRUCK,"pon the pending, ironic accou"
31648-7,31648,1315,92,7,49.00,59599.19,0.08,0.02,N,O,1995-11-28,1995-10-04,1995-12-28,TAKE BACK RETURN,TRUCK,ly regular instructions unwind blithely.
31649-1,31649,144,97,1,20.00,20882.80,0.03,0.08,N,O,1998-03-19,1998-05-07,1998-04-12,NONE,RAIL,nal theodolites. slyly final accou
31649-2,31649,1072,78,2,36.00,35030.52,0.10,0.01,N,O,1998-06-03,1998-05-19,1998-06-11,COLLECT COD,RAIL,"the ironic, iron"
31649-3,31649,1595,76,3,7.00,10476.13,0.08,0.04,N,O,1998-03-07,1998-04-24,1998-03-19,NONE,SHIP,eep beyond the specia
31649-4,31649,1354,69,4,16.00,20085.60,0.09,0.05,N,O,1998-03-20,1998-04-13,1998-03-28,COLLECT COD,SHIP,ntegrate blithely above the furiously u
31649-5,31649,1962,63,5,2.00,3727.92,0.03,0.03,N,O,1998-05-06,1998-04-30,1998-05-27,TAKE BACK RETURN,TRUCK,s attainments. fluffily pendin
31649-6,31649,1104,41,6,28.00,28142.80,0.00,0.02,N,O,1998-03-26,1998-05-01,1998-04-05,COLLECT COD,AIR,ze slyly among the 
31649-7,31649,1142,79,7,41.00,42768.74,0.06,0.06,N,O,1998-03-16,1998-04-01,1998-03-21,DELIVER IN PERSON,REG AIR,"efully. ironic, r"
31650-1,31650,1362,1,1,40.00,50534.40,0.05,0.02,A,F,1993-09-17,1993-10-23,1993-10-06,DELIVER IN PERSON,SHIP,arefully express pinto be
31650-2,31650,34,35,2,13.00,12142.39,0.05,0.07,R,F,1993-12-09,1993-10-14,1993-12-29,COLLECT COD,REG AIR,thely silent ideas 
31650-3,31650,550,11,3,12.00,17406.60,0.09,0.01,A,F,1993-09-28,1993-10-28,1993-10-14,NONE,AIR,lithely accord
31650-4,31650,1955,88,4,6.00,11141.70,0.08,0.07,A,F,1993-09-12,1993-11-09,1993-09-26,COLLECT COD,SHIP, accounts above the blithely fin
31650-5,31650,150,29,5,2.00,2100.30,0.09,0.07,A,F,1993-08-30,1993-09-25,1993-09-05,COLLECT COD,RAIL,ding package
31650-6,31650,1054,90,6,6.00,5730.30,0.10,0.05,R,F,1993-08-15,1993-10-22,1993-09-06,NONE,SHIP,ously across the e
31650-7,31650,652,15,7,42.00,65211.30,0.02,0.08,A,F,1993-10-16,1993-10-15,1993-10-31,DELIVER IN PERSON,FOB,eodolites sleep blithely spec
31651-1,31651,1766,67,1,5.00,8338.80,0.03,0.04,N,O,1997-10-11,1997-11-19,1997-10-14,COLLECT COD,SHIP,into beans cajol
31651-2,31651,1777,20,2,34.00,57078.18,0.10,0.08,N,O,1997-10-15,1997-11-04,1997-10-17,NONE,REG AIR,rthogs cajole 
31651-3,31651,155,8,3,19.00,20047.85,0.06,0.03,N,O,1997-12-03,1997-10-19,1997-12-18,COLLECT COD,RAIL,ly regular asymptotes hagg
31651-4,31651,1748,33,4,10.00,16497.40,0.09,0.05,N,O,1998-01-01,1997-11-22,1998-01-20,NONE,TRUCK,ges wake foxes. fu
31651-5,31651,1936,81,5,32.00,58813.76,0.10,0.06,N,O,1997-11-30,1997-11-07,1997-12-04,DELIVER IN PERSON,AIR,tructions. final requests unwind 
31652-1,31652,834,35,1,19.00,32961.77,0.00,0.04,R,F,1994-11-18,1994-11-24,1994-12-18,NONE,MAIL,uts sleep carefu
31652-2,31652,1961,94,2,31.00,57751.76,0.01,0.03,R,F,1994-11-03,1994-12-13,1994-11-20,NONE,AIR,lar accounts lose quick
31652-3,31652,1118,55,3,49.00,49936.39,0.04,0.02,R,F,1994-12-17,1994-12-13,1994-12-31,COLLECT COD,TRUCK,lly dogged foxes haggle. slyly i
31652-4,31652,1488,89,4,12.00,16673.76,0.01,0.04,R,F,1994-12-04,1994-11-25,1995-01-03,DELIVER IN PERSON,FOB, fluffily against the slyly ironic excuses.
31653-1,31653,1886,73,1,46.00,82242.48,0.09,0.01,A,F,1993-09-11,1993-07-27,1993-09-26,NONE,SHIP, final req
31653-2,31653,217,99,2,15.00,16758.15,0.06,0.00,R,F,1993-09-18,1993-07-13,1993-10-18,TAKE BACK RETURN,REG AIR, ironic pinto beans. carefully even r
31653-3,31653,95,21,3,12.00,11941.08,0.08,0.08,R,F,1993-07-08,1993-09-03,1993-07-30,NONE,REG AIR,yly after the unusu
31653-4,31653,341,98,4,33.00,40964.22,0.01,0.04,R,F,1993-08-12,1993-07-14,1993-08-24,DELIVER IN PERSON,MAIL,"e. pending, iron"
31653-5,31653,1294,69,5,6.00,7171.74,0.02,0.00,R,F,1993-06-07,1993-07-10,1993-06-17,COLLECT COD,RAIL,silent depo
31654-1,31654,1595,96,1,23.00,34421.57,0.04,0.07,N,O,1996-10-10,1996-11-03,1996-10-28,DELIVER IN PERSON,RAIL,ully final ideas wake fluf
31654-2,31654,912,15,2,33.00,59826.03,0.08,0.07,N,O,1996-11-20,1996-10-21,1996-11-23,DELIVER IN PERSON,SHIP,nd the quickly regular instructions--
31654-3,31654,55,31,3,18.00,17190.90,0.02,0.02,N,O,1996-12-25,1996-11-05,1997-01-12,NONE,SHIP,mold. pending Tiresias about the reg
31654-4,31654,331,32,4,1.00,1231.33,0.08,0.08,N,O,1997-01-13,1996-10-16,1997-01-31,DELIVER IN PERSON,SHIP,y among the pen
31654-5,31654,1372,73,5,5.00,6366.85,0.01,0.04,N,O,1996-10-22,1996-11-05,1996-11-21,DELIVER IN PERSON,MAIL,ly. quickly ironic dep
31654-6,31654,1396,35,6,1.00,1297.39,0.06,0.07,N,O,1996-09-16,1996-11-01,1996-10-03,DELIVER IN PERSON,SHIP,", regular "
31654-7,31654,330,87,7,16.00,19685.28,0.07,0.08,N,O,1996-11-09,1996-11-09,1996-11-19,DELIVER IN PERSON,MAIL, accounts are inside the ruthl
31655-1,31655,801,2,1,35.00,59563.00,0.09,0.08,R,F,1993-03-26,1993-04-29,1993-04-19,NONE,SHIP,nding deposits. blithely reg
31655-2,31655,98,99,2,39.00,38925.51,0.06,0.08,R,F,1993-06-01,1993-04-30,1993-06-13,TAKE BACK RETURN,TRUCK,ly at the carefully even ideas. multi
31655-3,31655,1329,68,3,32.00,39370.24,0.03,0.06,R,F,1993-05-15,1993-05-20,1993-06-02,COLLECT COD,MAIL,ts about the special packages use blithely
31655-4,31655,1962,51,4,46.00,85742.16,0.09,0.06,A,F,1993-03-15,1993-05-02,1993-04-06,DELIVER IN PERSON,AIR,ending instructions 
31655-5,31655,97,48,5,11.00,10967.99,0.06,0.08,A,F,1993-04-11,1993-05-25,1993-05-07,TAKE BACK RETURN,TRUCK," special, final excus"
31655-6,31655,1829,73,6,43.00,74425.26,0.08,0.00,R,F,1993-04-07,1993-05-27,1993-04-30,DELIVER IN PERSON,TRUCK,ter the carefully special warthogs.
31680-1,31680,3,54,1,42.00,37926.00,0.09,0.07,N,O,1998-06-03,1998-06-03,1998-06-27,NONE,AIR,ckages maintain abou
31681-1,31681,197,24,1,1.00,1097.19,0.00,0.05,R,F,1993-01-04,1992-12-10,1993-01-23,NONE,SHIP,uickly final accounts. fluffily reg
31681-2,31681,192,45,2,26.00,28396.94,0.03,0.02,R,F,1993-01-12,1992-12-30,1993-02-04,TAKE BACK RETURN,MAIL,t the accounts snooze rut
31682-1,31682,1857,58,1,15.00,26382.75,0.06,0.00,R,F,1993-04-29,1993-05-29,1993-05-05,COLLECT COD,FOB,luffily special theodolites about
31682-2,31682,1010,16,2,26.00,23686.26,0.05,0.00,A,F,1993-05-07,1993-06-04,1993-05-08,TAKE BACK RETURN,REG AIR,ly ideas. da
31682-3,31682,484,85,3,29.00,40149.92,0.06,0.02,R,F,1993-06-11,1993-05-13,1993-07-09,TAKE BACK RETURN,RAIL,n packages sleep bravely furiously
31683-1,31683,1973,74,1,24.00,44999.28,0.08,0.05,N,O,1997-07-27,1997-06-08,1997-08-09,NONE,SHIP,furiously ironic instructions
31683-2,31683,1850,37,2,32.00,56059.20,0.05,0.03,N,O,1997-06-15,1997-05-22,1997-06-16,COLLECT COD,AIR, hockey players. caref
31683-3,31683,821,88,3,4.00,6887.28,0.03,0.08,N,O,1997-07-02,1997-07-02,1997-07-12,TAKE BACK RETURN,AIR,"ructions use blithely pending ideas; even, "
31683-4,31683,1727,12,4,20.00,32574.40,0.08,0.00,N,O,1997-07-28,1997-07-06,1997-08-13,DELIVER IN PERSON,SHIP,n deposits 
31684-1,31684,1274,49,1,50.00,58763.50,0.08,0.07,A,F,1992-09-18,1992-11-24,1992-10-05,TAKE BACK RETURN,RAIL,packages haggle beside
31684-2,31684,1982,15,2,16.00,30143.68,0.05,0.05,R,F,1992-10-01,1992-11-23,1992-10-12,DELIVER IN PERSON,AIR, pinto beans use after the cl
31684-3,31684,1808,52,3,29.00,49584.20,0.10,0.07,A,F,1993-01-07,1992-11-19,1993-01-24,NONE,MAIL,iously. slyly pending warhorses al
31684-4,31684,1705,90,4,19.00,30527.30,0.06,0.08,R,F,1992-11-15,1992-11-08,1992-12-03,DELIVER IN PERSON,TRUCK,instructions 
31684-5,31684,1465,66,5,38.00,51925.48,0.00,0.06,A,F,1992-10-11,1992-11-13,1992-10-24,COLLECT COD,REG AIR,ans. final accounts after t
31684-6,31684,1093,99,6,1.00,994.09,0.01,0.02,R,F,1992-10-02,1992-10-18,1992-10-14,DELIVER IN PERSON,REG AIR,ickly express Tiresia
31684-7,31684,254,82,7,20.00,23085.00,0.09,0.04,A,F,1992-09-25,1992-11-20,1992-09-30,NONE,AIR,s haggle ca
31685-1,31685,1476,16,1,39.00,53721.33,0.06,0.07,A,F,1994-08-30,1994-08-28,1994-09-20,COLLECT COD,RAIL,le slyly furiously ironic packages. furi
31685-2,31685,631,32,2,13.00,19911.19,0.07,0.05,R,F,1994-10-16,1994-08-09,1994-11-05,COLLECT COD,RAIL,hinder against the dolphi
31686-1,31686,1969,14,1,15.00,28064.40,0.00,0.04,N,O,1996-09-11,1996-08-18,1996-09-20,COLLECT COD,RAIL,inal theodolites engage quickly amon
31686-2,31686,510,41,2,48.00,67704.48,0.01,0.01,N,O,1996-07-28,1996-08-26,1996-08-08,DELIVER IN PERSON,REG AIR,"nts. ironic, even instructions sle"
31686-3,31686,1388,89,3,10.00,12893.80,0.08,0.06,N,O,1996-07-22,1996-09-05,1996-08-11,TAKE BACK RETURN,MAIL,o the furiously pending deposits
31686-4,31686,1397,12,4,7.00,9088.73,0.02,0.02,N,O,1996-08-04,1996-07-19,1996-08-28,COLLECT COD,RAIL,y unusual instructions. 
31686-5,31686,597,98,5,21.00,31449.39,0.01,0.04,N,O,1996-09-21,1996-07-28,1996-09-27,NONE,TRUCK,"le. final, b"
31687-1,31687,1512,93,1,22.00,31097.22,0.10,0.06,N,O,1995-08-27,1995-07-11,1995-08-30,NONE,SHIP,final packag
31687-2,31687,1849,93,2,7.00,12255.88,0.01,0.01,N,F,1995-06-16,1995-07-08,1995-07-02,DELIVER IN PERSON,RAIL,uld wake ca
31687-3,31687,1438,56,3,43.00,57595.49,0.10,0.01,N,O,1995-08-16,1995-07-31,1995-08-19,TAKE BACK RETURN,REG AIR,ithely pen
31712-1,31712,1466,67,1,9.00,12307.14,0.03,0.01,N,O,1997-04-04,1997-05-24,1997-04-12,COLLECT COD,REG AIR,ole fluffily final courts. regular pa
31713-1,31713,1087,88,1,3.00,2964.24,0.04,0.04,N,O,1998-05-31,1998-04-05,1998-06-02,COLLECT COD,RAIL,ggle blithely against the pint
31713-2,31713,1247,48,2,19.00,21816.56,0.03,0.06,N,O,1998-02-13,1998-04-07,1998-03-08,DELIVER IN PERSON,MAIL,sits solve slyly among the carefully un
31713-3,31713,1628,11,3,13.00,19885.06,0.05,0.05,N,O,1998-05-05,1998-04-19,1998-05-29,DELIVER IN PERSON,MAIL,ironic dependenc
31713-4,31713,1901,90,4,25.00,45072.50,0.10,0.08,N,O,1998-05-19,1998-03-11,1998-05-23,TAKE BACK RETURN,TRUCK, final asymptotes accordin
31713-5,31713,360,89,5,13.00,16384.68,0.08,0.04,N,O,1998-02-25,1998-04-13,1998-03-15,DELIVER IN PERSON,SHIP,sual platelets detect. qui
31714-1,31714,418,77,1,21.00,27686.61,0.09,0.01,N,O,1997-11-30,1997-10-22,1997-12-18,DELIVER IN PERSON,RAIL,al somas sleep quickl
31714-2,31714,1521,62,2,36.00,51210.72,0.05,0.01,N,O,1997-12-12,1997-10-06,1997-12-25,TAKE BACK RETURN,TRUCK," packages. silent, regular dependencies ar"
31714-3,31714,1213,14,3,28.00,31197.88,0.02,0.03,N,O,1997-08-24,1997-10-15,1997-09-16,TAKE BACK RETURN,REG AIR,ular warho
31714-4,31714,1643,85,4,24.00,37071.36,0.00,0.03,N,O,1997-12-04,1997-10-14,1997-12-26,DELIVER IN PERSON,SHIP,"above the silent, even frays! f"
31714-5,31714,1733,60,5,13.00,21251.49,0.08,0.02,N,O,1997-12-07,1997-10-29,1997-12-11,DELIVER IN PERSON,FOB,to beans cajole quic
31714-6,31714,1599,20,6,49.00,73528.91,0.01,0.01,N,O,1997-10-08,1997-09-21,1997-11-05,TAKE BACK RETURN,FOB,nal deposits. blithely final mul
31714-7,31714,876,43,7,43.00,76405.41,0.00,0.08,N,O,1997-09-03,1997-11-11,1997-09-22,DELIVER IN PERSON,REG AIR,y regular ideas at the carefully 
31715-1,31715,1555,96,1,24.00,34957.20,0.00,0.03,A,F,1994-04-01,1994-04-07,1994-04-24,DELIVER IN PERSON,MAIL,e furiously final depos
31715-2,31715,1236,11,2,12.00,13646.76,0.00,0.05,R,F,1994-05-05,1994-03-22,1994-05-06,COLLECT COD,MAIL, the special instructions ha
31715-3,31715,889,90,3,27.00,48326.76,0.10,0.01,R,F,1994-03-18,1994-04-05,1994-04-12,TAKE BACK RETURN,MAIL,ily pending deposits. carefully iron
31715-4,31715,790,55,4,14.00,23671.06,0.02,0.08,A,F,1994-01-28,1994-02-21,1994-02-24,DELIVER IN PERSON,FOB,ideas. bold ideas around the acco
31715-5,31715,1517,98,5,7.00,9929.57,0.06,0.00,A,F,1994-05-06,1994-04-04,1994-05-25,NONE,FOB,r courts. furiously express deposits
31715-6,31715,200,53,6,34.00,37406.80,0.06,0.03,A,F,1994-04-19,1994-03-05,1994-04-25,NONE,FOB,efully unusual deposits. quickly regula
31715-7,31715,144,23,7,46.00,48030.44,0.01,0.07,A,F,1994-03-27,1994-04-05,1994-03-30,TAKE BACK RETURN,AIR, depths. furiously bold 
31716-1,31716,1177,50,1,31.00,33423.27,0.00,0.07,N,O,1996-12-08,1997-01-08,1997-01-06,NONE,REG AIR,ironic dep
31716-2,31716,1333,72,2,30.00,37029.90,0.05,0.08,N,O,1997-01-09,1996-12-24,1997-02-02,DELIVER IN PERSON,RAIL,"s. regular, d"
31717-1,31717,1129,2,1,25.00,25753.00,0.09,0.06,N,O,1997-11-17,1997-12-07,1997-11-28,NONE,FOB,g regularly
31717-2,31717,498,99,2,49.00,68526.01,0.07,0.02,N,O,1998-02-27,1998-01-14,1998-03-06,DELIVER IN PERSON,TRUCK,s. fluffily final forges across
31718-1,31718,474,62,1,24.00,32987.28,0.07,0.04,A,F,1994-03-12,1994-01-29,1994-04-11,DELIVER IN PERSON,MAIL,"le? express, ironic deposits h"
31718-2,31718,1969,70,2,26.00,48644.96,0.09,0.04,A,F,1994-03-17,1994-01-02,1994-04-10,NONE,RAIL,en pinto bea
31718-3,31718,32,58,3,6.00,5592.18,0.00,0.02,R,F,1994-02-11,1994-01-25,1994-02-22,DELIVER IN PERSON,RAIL,lly across the slyly regul
31719-1,31719,754,51,1,49.00,81082.75,0.02,0.00,N,O,1997-03-28,1997-05-05,1997-04-19,COLLECT COD,SHIP,. unusual foxes after th
31719-2,31719,1911,56,2,35.00,63451.85,0.10,0.01,N,O,1997-06-12,1997-04-25,1997-07-10,COLLECT COD,REG AIR, nag around t
31719-3,31719,720,17,3,32.00,51863.04,0.02,0.03,N,O,1997-06-19,1997-05-24,1997-06-25,TAKE BACK RETURN,TRUCK,nts run among the carefully even deposits. 
31719-4,31719,907,8,4,30.00,54237.00,0.01,0.04,N,O,1997-06-07,1997-04-12,1997-06-15,NONE,REG AIR,ugouts are. deposits
31719-5,31719,734,99,5,26.00,42502.98,0.08,0.05,N,O,1997-06-24,1997-05-07,1997-07-23,NONE,REG AIR, beans haggle fluffily ironic accoun
31719-6,31719,357,42,6,10.00,12573.50,0.05,0.04,N,O,1997-04-13,1997-04-22,1997-04-28,DELIVER IN PERSON,FOB,heodolites nag 
31744-1,31744,1502,43,1,32.00,44912.00,0.07,0.06,A,F,1992-12-21,1992-10-15,1992-12-29,COLLECT COD,REG AIR,"ular, unusual Tire"
31744-2,31744,1340,79,2,25.00,31033.50,0.10,0.03,R,F,1992-11-27,1992-12-07,1992-11-28,COLLECT COD,AIR,theodolites sleep furiously regular re
31744-3,31744,691,92,3,7.00,11141.83,0.10,0.08,R,F,1992-10-28,1992-10-19,1992-11-12,TAKE BACK RETURN,REG AIR,ic accounts are. carefully regul
31744-4,31744,1731,74,4,26.00,42450.98,0.02,0.06,A,F,1992-11-19,1992-12-01,1992-12-14,DELIVER IN PERSON,MAIL, accounts use carefully along the foxes: 
31744-5,31744,428,16,5,49.00,65092.58,0.05,0.06,R,F,1992-12-23,1992-11-05,1993-01-09,TAKE BACK RETURN,FOB,e deposits would cajole unusual depo
31744-6,31744,1004,75,6,31.00,28055.00,0.05,0.00,A,F,1992-09-28,1992-12-07,1992-10-07,DELIVER IN PERSON,RAIL,ronic theodolites. slyly bold ideas
31744-7,31744,719,84,7,19.00,30774.49,0.01,0.02,A,F,1992-10-05,1992-10-20,1992-10-26,NONE,FOB, ironic ac
31745-1,31745,893,60,1,38.00,68167.82,0.08,0.05,A,F,1994-01-22,1993-12-19,1994-02-20,COLLECT COD,MAIL,ilent requests breach according to 
31745-2,31745,686,87,2,26.00,41253.68,0.05,0.04,R,F,1993-10-31,1994-01-11,1993-11-11,TAKE BACK RETURN,AIR,ously-- regular tithes are blithe
31746-1,31746,284,12,1,6.00,7105.68,0.08,0.06,N,O,1997-08-08,1997-07-15,1997-09-01,DELIVER IN PERSON,MAIL, alongside of the unusual noto
31746-2,31746,1714,99,2,20.00,32314.20,0.02,0.01,N,O,1997-07-10,1997-07-19,1997-07-21,DELIVER IN PERSON,SHIP,he even deposits. pending accounts boost 
31746-3,31746,171,72,3,39.00,41775.63,0.07,0.01,N,O,1997-07-18,1997-08-01,1997-08-10,DELIVER IN PERSON,TRUCK,ular ideas. slyly 
31746-4,31746,1090,91,4,31.00,30723.79,0.05,0.05,N,O,1997-07-29,1997-08-03,1997-08-09,NONE,MAIL,al accounts. idle d
31747-1,31747,1552,93,1,50.00,72677.50,0.07,0.06,R,F,1995-05-05,1995-04-22,1995-05-24,COLLECT COD,AIR,ctions around the blithely even 
31747-2,31747,516,17,2,49.00,69408.99,0.05,0.07,R,F,1995-05-27,1995-04-09,1995-06-01,DELIVER IN PERSON,AIR,onic packages. 
31747-3,31747,1337,38,3,21.00,26004.93,0.05,0.03,R,F,1995-04-22,1995-03-20,1995-05-01,TAKE BACK RETURN,REG AIR,es should have to impres
31748-1,31748,1299,74,1,36.00,43210.44,0.06,0.07,N,O,1996-12-16,1996-09-25,1997-01-15,COLLECT COD,RAIL,encies detect quickly among the speci
31748-2,31748,764,61,2,27.00,44948.52,0.10,0.07,N,O,1996-10-28,1996-11-11,1996-11-18,COLLECT COD,MAIL,oost after the blithely bold pa
31748-3,31748,176,55,3,17.00,18294.89,0.06,0.07,N,O,1996-11-02,1996-10-19,1996-11-06,TAKE BACK RETURN,TRUCK, even foxes? deposits cajole among
31748-4,31748,782,47,4,27.00,45435.06,0.03,0.01,N,O,1996-12-06,1996-10-05,1997-01-01,TAKE BACK RETURN,TRUCK,r pinto beans. ironic deposits hag
31748-5,31748,280,35,5,37.00,43670.36,0.04,0.07,N,O,1996-09-24,1996-10-17,1996-10-20,TAKE BACK RETURN,REG AIR, ideas after the carefully express foxes
31748-6,31748,1544,25,6,14.00,20237.56,0.00,0.08,N,O,1996-09-12,1996-11-19,1996-10-11,NONE,TRUCK,pades. slyly even packages haggle. bli
31749-1,31749,1398,99,1,24.00,31185.36,0.07,0.06,N,O,1995-08-31,1995-09-01,1995-09-13,COLLECT COD,AIR,ven dependencies sleep blithely bli
31749-2,31749,1646,70,2,1.00,1547.64,0.01,0.05,N,O,1995-08-26,1995-08-28,1995-09-09,TAKE BACK RETURN,REG AIR,onic deposits boost blithely b
31749-3,31749,1767,94,3,21.00,35043.96,0.04,0.08,N,O,1995-08-04,1995-07-13,1995-09-01,COLLECT COD,AIR,ously against the courts. quickly exp
31749-4,31749,1382,83,4,5.00,6416.90,0.09,0.07,N,O,1995-09-10,1995-07-10,1995-09-15,DELIVER IN PERSON,TRUCK, about the regular deposits wake
31749-5,31749,1052,53,5,4.00,3812.20,0.05,0.04,N,O,1995-09-20,1995-07-07,1995-10-01,COLLECT COD,RAIL,quiet accounts. bold fo
31749-6,31749,856,56,6,28.00,49191.80,0.04,0.04,N,O,1995-07-11,1995-07-12,1995-07-20,TAKE BACK RETURN,AIR,nal requests. even idea
31749-7,31749,170,71,7,26.00,27824.42,0.03,0.08,N,O,1995-07-05,1995-08-16,1995-07-27,DELIVER IN PERSON,AIR,ic frets; instructions alongside of t
31750-1,31750,1266,41,1,45.00,52526.70,0.09,0.06,N,O,1997-04-24,1997-02-15,1997-05-16,COLLECT COD,TRUCK,posits. carefully bold deposi
31750-2,31750,955,90,2,35.00,64958.25,0.00,0.06,N,O,1997-02-15,1997-03-14,1997-02-18,NONE,SHIP, regular packages integrate blithely. furio
31751-1,31751,725,58,1,10.00,16257.20,0.02,0.04,N,O,1995-07-23,1995-07-04,1995-08-11,NONE,REG AIR,es. furiously special theodolites are sl
31751-2,31751,1266,67,2,6.00,7003.56,0.04,0.07,N,O,1995-08-13,1995-07-05,1995-09-06,COLLECT COD,RAIL, furiously final 
31751-3,31751,1640,64,3,25.00,38541.00,0.01,0.03,N,O,1995-07-27,1995-07-04,1995-08-16,DELIVER IN PERSON,FOB,regular packages solve sl
31751-4,31751,1475,76,4,20.00,27529.40,0.08,0.03,R,F,1995-06-04,1995-07-29,1995-06-07,COLLECT COD,AIR,furiously even packages. enticingly final
31751-5,31751,1892,79,5,35.00,62786.15,0.07,0.03,N,O,1995-07-01,1995-08-05,1995-07-05,NONE,AIR,lar asymptotes cajole. dinos agai
31751-6,31751,702,99,6,8.00,12821.60,0.05,0.00,N,O,1995-08-09,1995-08-15,1995-08-24,TAKE BACK RETURN,RAIL,efully bold dependencies w
31751-7,31751,943,12,7,9.00,16595.46,0.06,0.08,N,O,1995-09-09,1995-08-19,1995-09-20,COLLECT COD,SHIP,osits. carefull
31776-1,31776,892,92,1,42.00,75301.38,0.04,0.01,N,O,1997-05-26,1997-06-02,1997-06-13,DELIVER IN PERSON,RAIL,"usly even, ironic ideas. bold depos"
31776-2,31776,407,37,2,7.00,9151.80,0.08,0.03,N,O,1997-06-17,1997-06-25,1997-06-19,TAKE BACK RETURN,TRUCK,yly along the pa
31776-3,31776,1261,36,3,38.00,44165.88,0.00,0.03,N,O,1997-08-06,1997-05-30,1997-08-24,TAKE BACK RETURN,TRUCK,boost furiously among the quickly final 
31776-4,31776,1086,57,4,25.00,24677.00,0.09,0.01,N,O,1997-08-06,1997-07-20,1997-09-03,NONE,SHIP,requests. carefully express excuses sleep 
31776-5,31776,987,90,5,11.00,20767.78,0.06,0.02,N,O,1997-07-09,1997-06-28,1997-08-01,NONE,SHIP,ter the sly deposits wake blithely above
31776-6,31776,533,64,6,31.00,44439.43,0.06,0.07,N,O,1997-07-18,1997-06-25,1997-07-26,NONE,MAIL,ultipliers against the slyly even asym
31777-1,31777,907,8,1,35.00,63276.50,0.09,0.05,N,O,1995-11-25,1995-12-03,1995-12-17,DELIVER IN PERSON,AIR,hely slyly
31777-2,31777,703,68,2,1.00,1603.70,0.01,0.01,N,O,1995-11-02,1995-12-14,1995-11-23,COLLECT COD,SHIP, express deposits
31777-3,31777,1644,45,3,25.00,38641.00,0.02,0.02,N,O,1995-12-22,1996-01-12,1996-01-08,COLLECT COD,REG AIR,al multipliers. special foxes hagg
31777-4,31777,1847,91,4,3.00,5246.52,0.09,0.00,N,O,1995-11-23,1995-12-30,1995-12-20,COLLECT COD,FOB,"eodolites sleep even, eve"
31778-1,31778,80,56,1,22.00,21561.76,0.05,0.07,N,O,1998-02-12,1998-03-01,1998-02-15,NONE,RAIL,lyly slyly final p
31778-2,31778,214,69,2,43.00,47911.03,0.09,0.00,N,O,1998-02-14,1998-02-02,1998-02-17,TAKE BACK RETURN,FOB,pecial packages n
31779-1,31779,79,55,1,44.00,43079.08,0.00,0.08,A,F,1994-01-06,1993-11-16,1994-01-11,DELIVER IN PERSON,SHIP, slyly express pac
31779-2,31779,459,18,2,17.00,23110.65,0.01,0.07,R,F,1993-11-04,1993-11-15,1993-11-28,NONE,RAIL,". unusual, bold theodolites sleep c"
31780-1,31780,693,56,1,17.00,27092.73,0.00,0.00,R,F,1993-04-01,1993-03-05,1993-04-03,NONE,MAIL,ts. regular dolphins cajole 
31780-2,31780,157,10,2,9.00,9514.35,0.01,0.01,R,F,1993-03-13,1993-03-16,1993-04-09,DELIVER IN PERSON,SHIP,o beans. regular deposits nag among the acc
31780-3,31780,1415,94,3,13.00,17113.33,0.03,0.02,R,F,1993-03-10,1993-04-08,1993-03-22,COLLECT COD,MAIL,es along the blithely ironic reques
31780-4,31780,124,3,4,46.00,47109.52,0.02,0.08,A,F,1993-04-22,1993-03-02,1993-05-11,DELIVER IN PERSON,FOB,ess accounts integrate blithely u
31780-5,31780,1243,55,5,29.00,33182.96,0.07,0.05,A,F,1993-04-06,1993-04-09,1993-04-11,COLLECT COD,RAIL,e carefully special deposits. c
31781-1,31781,1708,51,1,5.00,8048.50,0.01,0.00,A,F,1994-05-14,1994-03-19,1994-06-02,COLLECT COD,REG AIR, final dolphins play carefully regular
31781-2,31781,1292,67,2,28.00,33412.12,0.01,0.05,R,F,1994-03-29,1994-02-18,1994-04-02,COLLECT COD,REG AIR,ray slyly furiously si
31781-3,31781,1850,37,3,7.00,12262.95,0.10,0.03,A,F,1994-02-01,1994-04-15,1994-02-12,NONE,REG AIR,tes. carefully ironic theo
31781-4,31781,433,92,4,13.00,17334.59,0.00,0.04,A,F,1994-04-21,1994-03-18,1994-05-11,NONE,TRUCK,inal deposits haggle above th
31781-5,31781,1913,58,5,46.00,83485.86,0.01,0.00,R,F,1994-04-14,1994-03-16,1994-05-12,DELIVER IN PERSON,TRUCK,r foxes are slyly carefully regular as
31781-6,31781,1654,78,6,35.00,54447.75,0.09,0.08,A,F,1994-02-20,1994-04-01,1994-03-10,COLLECT COD,MAIL,etect furiously fluffily regular
31781-7,31781,1437,38,7,32.00,42829.76,0.07,0.04,R,F,1994-05-03,1994-03-15,1994-05-04,TAKE BACK RETURN,SHIP,frays. deposits acros
31782-1,31782,990,91,1,3.00,5672.97,0.06,0.08,R,F,1993-01-09,1992-12-04,1993-02-02,NONE,REG AIR,riously pending packages. quickly express a
31782-2,31782,71,47,2,14.00,13594.98,0.03,0.03,R,F,1992-12-18,1992-11-29,1993-01-14,COLLECT COD,MAIL, blithely ironic packages haggle blithe
31782-3,31782,1991,92,3,5.00,9464.95,0.00,0.04,A,F,1992-12-26,1992-11-22,1993-01-02,DELIVER IN PERSON,MAIL,slyly even inst
31782-4,31782,738,35,4,12.00,19664.76,0.03,0.08,R,F,1992-12-18,1993-01-12,1993-01-13,NONE,RAIL,about the bold foxes. furiously regular 
31782-5,31782,833,34,5,2.00,3467.66,0.06,0.07,R,F,1992-12-08,1993-01-09,1992-12-21,NONE,FOB,s requests. theodolites nag furiously s
31782-6,31782,1541,22,6,12.00,17310.48,0.10,0.02,A,F,1992-12-13,1993-01-02,1992-12-19,NONE,AIR,uickly across t
31783-1,31783,1365,42,1,2.00,2532.72,0.05,0.01,N,O,1996-08-01,1996-05-30,1996-08-13,COLLECT COD,RAIL,"r, special packages. furiously even foxes a"
31808-1,31808,692,86,1,31.00,49373.39,0.05,0.00,R,F,1993-11-18,1993-12-01,1993-12-11,DELIVER IN PERSON,MAIL,lar theodolites nag fur
31808-2,31808,1338,15,2,34.00,42137.22,0.00,0.05,R,F,1993-11-08,1993-10-31,1993-11-19,TAKE BACK RETURN,REG AIR,ely ironic ideas boost. furiously special
31808-3,31808,1114,51,3,27.00,27407.97,0.05,0.01,A,F,1993-10-10,1993-11-06,1993-11-07,DELIVER IN PERSON,SHIP,n requests haggle quickl
31808-4,31808,886,86,4,35.00,62540.80,0.09,0.08,R,F,1993-10-10,1993-11-15,1993-11-02,TAKE BACK RETURN,AIR, above the qui
31809-1,31809,283,38,1,15.00,17749.20,0.03,0.04,R,F,1993-08-26,1993-10-08,1993-09-11,NONE,MAIL,equests. unusual instructions use blithe
31809-2,31809,423,24,2,37.00,48966.54,0.06,0.00,R,F,1993-11-04,1993-09-08,1993-11-16,TAKE BACK RETURN,REG AIR,mptotes. slyly bold requ
31809-3,31809,503,4,3,7.00,9824.50,0.00,0.05,A,F,1993-11-02,1993-09-12,1993-11-24,DELIVER IN PERSON,RAIL, warthogs use slyly after the furiously
31809-4,31809,185,38,4,2.00,2170.36,0.04,0.01,A,F,1993-09-29,1993-09-12,1993-10-17,NONE,TRUCK, regular warthogs x-ray 
31810-1,31810,1056,57,1,31.00,29668.55,0.10,0.06,R,F,1994-06-18,1994-06-28,1994-07-04,TAKE BACK RETURN,AIR,l accounts impre
31810-2,31810,1192,1,2,47.00,51379.93,0.05,0.02,A,F,1994-06-02,1994-07-22,1994-06-28,NONE,MAIL,c deposits haggle car
31811-1,31811,906,75,1,10.00,18069.00,0.03,0.07,N,O,1998-07-11,1998-06-08,1998-08-04,COLLECT COD,RAIL,"ly pending ideas are ironic, ironic packag"
31811-2,31811,1259,60,2,2.00,2320.50,0.05,0.05,N,O,1998-07-25,1998-05-15,1998-08-19,TAKE BACK RETURN,SHIP, packages are quickly above the slyly sly 
31812-1,31812,1643,67,1,4.00,6178.56,0.08,0.06,N,O,1995-10-27,1995-10-10,1995-11-22,DELIVER IN PERSON,RAIL,refully bold pinto bean
31812-2,31812,174,75,2,49.00,52634.33,0.09,0.01,N,O,1995-09-24,1995-09-12,1995-10-19,COLLECT COD,FOB,sly deposits. blithely 
31812-3,31812,812,13,3,1.00,1712.81,0.07,0.02,N,O,1995-09-17,1995-09-26,1995-10-05,COLLECT COD,RAIL,ending frays; packages play clos
31812-4,31812,1956,57,4,7.00,13005.65,0.07,0.05,N,O,1995-11-19,1995-10-01,1995-12-11,DELIVER IN PERSON,FOB,sleep fluffily. pendi
31812-5,31812,1463,64,5,24.00,32747.04,0.10,0.03,N,O,1995-09-04,1995-10-14,1995-09-11,COLLECT COD,REG AIR,ions will have to boo
31812-6,31812,1976,9,6,33.00,61973.01,0.03,0.03,N,O,1995-08-20,1995-10-01,1995-09-07,COLLECT COD,MAIL,promise ironic instructions. deposits
31813-1,31813,358,43,1,27.00,33975.45,0.07,0.02,N,O,1997-05-18,1997-07-28,1997-06-07,DELIVER IN PERSON,AIR,e carefully. slyly even Tiresias
31813-2,31813,1365,66,2,11.00,13929.96,0.05,0.06,N,O,1997-08-01,1997-07-24,1997-08-20,NONE,TRUCK,ent excuses 
31813-3,31813,714,11,3,43.00,69432.53,0.08,0.06,N,O,1997-06-04,1997-08-09,1997-06-11,NONE,RAIL,lithely special pint
31814-1,31814,1453,54,1,22.00,29797.90,0.09,0.07,N,O,1997-09-03,1997-10-29,1997-09-20,DELIVER IN PERSON,AIR,er the pinto beans. even packages cajole fu
31814-2,31814,178,31,2,34.00,36657.78,0.02,0.06,N,O,1997-09-26,1997-10-11,1997-10-14,TAKE BACK RETURN,REG AIR,ss the instructio
31814-3,31814,1058,29,3,16.00,15344.80,0.04,0.06,N,O,1997-10-31,1997-09-16,1997-11-11,COLLECT COD,MAIL,out the carefully
31814-4,31814,407,66,4,8.00,10459.20,0.04,0.04,N,O,1997-10-22,1997-09-09,1997-11-14,COLLECT COD,REG AIR,counts-- slyly
31815-1,31815,1135,8,1,34.00,35228.42,0.10,0.05,N,O,1996-11-09,1996-10-30,1996-12-03,COLLECT COD,REG AIR,cuses nag furiously quickl
31815-2,31815,1390,5,2,27.00,34867.53,0.08,0.08,N,O,1996-10-09,1996-10-22,1996-10-29,TAKE BACK RETURN,AIR,ronic realms ha
31815-3,31815,817,18,3,8.00,13742.48,0.05,0.05,N,O,1996-11-19,1996-10-19,1996-12-13,TAKE BACK RETURN,FOB,cross the busily t
31815-4,31815,1717,60,4,16.00,25899.36,0.06,0.03,N,O,1996-09-12,1996-08-31,1996-09-17,NONE,TRUCK, blithely ex
31840-1,31840,1682,65,1,44.00,69681.92,0.07,0.08,A,F,1993-05-08,1993-07-10,1993-05-18,COLLECT COD,SHIP, theodolites use blithely at the furiou
31840-2,31840,978,79,2,12.00,22547.64,0.06,0.00,A,F,1993-04-26,1993-06-19,1993-05-08,TAKE BACK RETURN,RAIL,nts nag quick
31840-3,31840,1784,11,3,23.00,38772.94,0.02,0.02,A,F,1993-05-24,1993-05-19,1993-06-03,NONE,TRUCK,"o beans. stealthy, ironic theodolites sl"
31841-1,31841,1650,33,1,11.00,17068.15,0.03,0.05,N,O,1996-09-23,1996-08-11,1996-10-08,NONE,MAIL,sleep furiously acc
31841-2,31841,1401,19,2,19.00,24745.60,0.04,0.06,N,O,1996-08-06,1996-08-29,1996-08-12,NONE,MAIL,"es sleep blithely above the silent, dogged"
31841-3,31841,1958,91,3,4.00,7439.80,0.00,0.08,N,O,1996-08-18,1996-08-01,1996-09-03,DELIVER IN PERSON,TRUCK,ealthily even ideas. even platelets wak
31842-1,31842,293,21,1,9.00,10739.61,0.09,0.02,A,F,1993-08-17,1993-09-22,1993-09-14,COLLECT COD,REG AIR,onic ideas! furiously ir
31842-2,31842,340,41,2,49.00,60776.66,0.02,0.08,R,F,1993-11-14,1993-10-09,1993-11-29,COLLECT COD,AIR,ily bold requests hang blithely against the
31842-3,31842,357,42,3,42.00,52808.70,0.06,0.05,R,F,1993-11-14,1993-08-17,1993-12-10,DELIVER IN PERSON,REG AIR,t packages are carefully fluffil
31842-4,31842,1939,72,4,6.00,11045.58,0.04,0.03,A,F,1993-08-16,1993-09-22,1993-08-25,NONE,SHIP,into beans u
31843-1,31843,1888,32,1,25.00,44747.00,0.02,0.00,N,F,1995-06-13,1995-08-04,1995-06-28,NONE,RAIL,ithe notornis. quickly ironic packages
31843-2,31843,847,14,2,6.00,10487.04,0.10,0.05,N,O,1995-08-12,1995-08-16,1995-08-24,TAKE BACK RETURN,FOB,sits? slyly pending sentim
31844-1,31844,1011,82,1,8.00,7296.08,0.05,0.07,N,O,1995-07-06,1995-09-20,1995-07-11,DELIVER IN PERSON,REG AIR,ly slyly express
31844-2,31844,1657,99,2,23.00,35848.95,0.04,0.02,N,O,1995-10-11,1995-08-30,1995-10-13,NONE,FOB,theodolites haggle. thinly
31845-1,31845,144,45,1,5.00,5220.70,0.05,0.08,A,F,1992-12-21,1992-12-05,1992-12-27,DELIVER IN PERSON,MAIL,arefully i
31845-2,31845,1816,3,2,15.00,25767.15,0.10,0.01,R,F,1993-01-30,1992-11-25,1993-02-15,DELIVER IN PERSON,MAIL,es cajole furio
31845-3,31845,557,18,3,10.00,14575.50,0.01,0.00,A,F,1993-02-20,1992-11-24,1993-03-05,TAKE BACK RETURN,MAIL,"d the quickly final packages! special,"
31845-4,31845,1001,72,4,9.00,8118.00,0.01,0.08,R,F,1992-11-05,1993-01-11,1992-12-01,TAKE BACK RETURN,RAIL,o affix. stealthil
31845-5,31845,1078,79,5,4.00,3916.28,0.09,0.04,A,F,1992-11-17,1992-11-24,1992-11-28,TAKE BACK RETURN,MAIL,onic requests according to the iron
31846-1,31846,806,6,1,22.00,37549.60,0.10,0.05,N,O,1995-09-23,1995-09-22,1995-10-17,NONE,RAIL,lithely ex
31846-2,31846,1859,89,2,6.00,10565.10,0.00,0.04,N,O,1995-08-18,1995-10-08,1995-08-25,COLLECT COD,REG AIR,"s. pending, special deposi"
31847-1,31847,78,54,1,36.00,35210.52,0.08,0.04,R,F,1995-04-16,1995-02-23,1995-05-13,COLLECT COD,AIR,y regular deposits haggle carefully
31847-2,31847,751,48,2,28.00,46249.00,0.06,0.08,A,F,1995-02-05,1995-01-31,1995-02-27,NONE,MAIL,ly-- special accounts use slyly ironic p
31847-3,31847,1230,31,3,30.00,33936.90,0.00,0.07,A,F,1995-02-16,1995-02-21,1995-02-24,NONE,TRUCK, ironic packages affix furio
31847-4,31847,1478,79,4,8.00,11035.76,0.04,0.05,R,F,1995-03-24,1995-01-22,1995-04-13,COLLECT COD,AIR,e of the express theodolites. final foxes s
31847-5,31847,873,73,5,47.00,83371.89,0.10,0.02,R,F,1995-02-24,1995-01-25,1995-03-10,NONE,REG AIR,le regular theodolites. quickly
31847-6,31847,684,85,6,14.00,22185.52,0.03,0.01,A,F,1995-02-24,1995-01-20,1995-03-05,NONE,FOB,egular ideas haggle c
31847-7,31847,1645,28,7,30.00,46399.20,0.04,0.04,A,F,1995-04-04,1995-01-29,1995-05-03,NONE,MAIL,oxes across the final deposits cajol
31872-1,31872,553,14,1,23.00,33431.65,0.05,0.00,R,F,1993-10-05,1993-11-21,1993-10-16,TAKE BACK RETURN,FOB,e deposits haggle slyly after t
31872-2,31872,1136,9,2,1.00,1037.13,0.10,0.04,R,F,1993-10-02,1993-10-15,1993-10-17,COLLECT COD,REG AIR,ymptotes engage. slyly e
31872-3,31872,1874,61,3,32.00,56827.84,0.05,0.04,R,F,1993-12-22,1993-10-08,1993-12-31,NONE,MAIL,hely along the furiously regular de
31872-4,31872,410,11,4,32.00,41933.12,0.09,0.02,A,F,1993-10-28,1993-11-22,1993-10-30,NONE,AIR,. attainments alongside of the
31872-5,31872,998,33,5,17.00,32282.83,0.09,0.06,A,F,1993-09-30,1993-10-12,1993-10-22,COLLECT COD,FOB, pending deposits are. regular i
31872-6,31872,151,4,6,24.00,25227.60,0.04,0.06,A,F,1993-10-30,1993-10-29,1993-11-15,NONE,MAIL,ge slyly pendin
31873-1,31873,617,11,1,29.00,44010.69,0.00,0.04,R,F,1994-11-29,1995-02-06,1994-12-28,DELIVER IN PERSON,AIR,"ular, ironic "
31873-2,31873,987,22,2,24.00,45311.52,0.02,0.04,R,F,1994-12-10,1994-12-28,1994-12-23,COLLECT COD,MAIL,uriously even packages sleep ev
31873-3,31873,1908,53,3,32.00,57916.80,0.03,0.04,R,F,1995-01-25,1995-01-04,1995-01-27,NONE,TRUCK,ing accounts: final pi
31873-4,31873,674,37,4,46.00,72434.82,0.05,0.08,A,F,1994-12-25,1995-01-29,1994-12-27,COLLECT COD,RAIL,t blithely slyly regular deposits. ir
31873-5,31873,774,75,5,18.00,30145.86,0.01,0.06,R,F,1994-12-13,1995-01-15,1995-01-03,DELIVER IN PERSON,SHIP,"s. asymptotes after the even, p"
31873-6,31873,355,12,6,38.00,47703.30,0.08,0.04,R,F,1995-03-03,1994-12-13,1995-03-24,TAKE BACK RETURN,FOB,ments. entic
31874-1,31874,330,15,1,19.00,23376.27,0.00,0.02,R,F,1992-12-09,1992-11-13,1992-12-31,DELIVER IN PERSON,REG AIR,. carefully unusual 
31874-2,31874,510,41,2,21.00,29620.71,0.06,0.06,R,F,1992-12-28,1992-12-11,1993-01-14,COLLECT COD,RAIL, haggle thinly 
31875-1,31875,794,59,1,3.00,5084.37,0.09,0.01,A,F,1992-11-02,1992-09-24,1992-11-06,DELIVER IN PERSON,SHIP,l dugouts. regular gifts cajole slyly acros
31875-2,31875,1439,79,2,17.00,22787.31,0.03,0.08,R,F,1992-10-11,1992-10-10,1992-11-02,DELIVER IN PERSON,TRUCK,es above the regular 
31875-3,31875,1696,20,3,43.00,68700.67,0.02,0.02,A,F,1992-11-06,1992-09-02,1992-11-17,DELIVER IN PERSON,MAIL,. furiously regular requests ca
31875-4,31875,817,17,4,38.00,65276.78,0.03,0.05,R,F,1992-10-19,1992-08-18,1992-10-27,COLLECT COD,SHIP,use along the slow p
31876-1,31876,122,23,1,29.00,29641.48,0.08,0.02,N,O,1995-07-14,1995-07-13,1995-07-15,DELIVER IN PERSON,MAIL,eposits. requests
31876-2,31876,1121,22,2,50.00,51106.00,0.03,0.02,A,F,1995-06-07,1995-07-21,1995-06-10,TAKE BACK RETURN,MAIL,st the slyly express theodolites.
31876-3,31876,470,29,3,32.00,43855.04,0.09,0.01,N,O,1995-08-20,1995-06-07,1995-08-26,NONE,MAIL,ites. busily final pa
31876-4,31876,1316,93,4,6.00,7303.86,0.03,0.08,R,F,1995-05-22,1995-06-21,1995-06-05,NONE,MAIL, dependencies. ruthlessly ruthless theo
31876-5,31876,336,21,5,47.00,58107.51,0.09,0.05,N,O,1995-08-25,1995-07-16,1995-09-01,DELIVER IN PERSON,AIR, packages. 
31877-1,31877,1364,41,1,47.00,59471.92,0.09,0.06,A,F,1994-07-19,1994-09-21,1994-07-26,COLLECT COD,SHIP,uriously silent pin
31877-2,31877,495,25,2,36.00,50237.64,0.10,0.07,A,F,1994-08-09,1994-09-14,1994-09-01,NONE,RAIL,riously bold requests. deposits
31877-3,31877,123,50,3,20.00,20462.40,0.04,0.00,A,F,1994-07-07,1994-09-22,1994-07-27,COLLECT COD,TRUCK,slyly after the depos
31877-4,31877,835,36,4,37.00,64225.71,0.00,0.01,R,F,1994-08-06,1994-09-12,1994-08-22,COLLECT COD,TRUCK,sits. furious deposits run blithely id
31878-1,31878,346,75,1,5.00,6231.70,0.08,0.06,N,O,1996-04-18,1996-03-05,1996-04-29,TAKE BACK RETURN,TRUCK,yly alongside of the regular instructions
31878-2,31878,306,63,2,40.00,48252.00,0.02,0.01,N,O,1996-02-12,1996-03-11,1996-03-02,COLLECT COD,TRUCK,grate thinly furiously ironic pinto bean
31878-3,31878,144,45,3,1.00,1044.14,0.04,0.07,N,O,1996-02-08,1996-01-22,1996-03-03,NONE,MAIL,lithely. expres
31878-4,31878,1349,50,4,44.00,55014.96,0.00,0.02,N,O,1996-02-03,1996-02-18,1996-02-07,DELIVER IN PERSON,MAIL,ts could have to are blithely fluff
31878-5,31878,166,93,5,37.00,39447.92,0.06,0.05,N,O,1996-01-18,1996-02-18,1996-02-06,COLLECT COD,SHIP,y ironic theodolites. requests wake 
31878-6,31878,29,80,6,7.00,6503.14,0.04,0.05,N,O,1996-02-10,1996-03-06,1996-03-07,DELIVER IN PERSON,RAIL,special pinto beans. blithely fin
31878-7,31878,1557,98,7,20.00,29171.00,0.07,0.00,N,O,1996-04-04,1996-02-13,1996-04-24,TAKE BACK RETURN,AIR,ments wake around t
31879-1,31879,1455,34,1,25.00,33911.25,0.06,0.08,R,F,1993-10-24,1993-09-30,1993-11-17,DELIVER IN PERSON,RAIL,ut the furi
31879-2,31879,1864,94,2,6.00,10595.16,0.07,0.08,R,F,1993-10-06,1993-09-09,1993-10-23,TAKE BACK RETURN,REG AIR,grate. slyly regular packages 
31879-3,31879,551,82,3,41.00,59513.55,0.10,0.03,A,F,1993-08-27,1993-09-30,1993-09-25,COLLECT COD,FOB, the blithely even deposits haggle blithely
31904-1,31904,65,66,1,25.00,24126.50,0.07,0.04,N,O,1997-05-18,1997-06-21,1997-06-10,DELIVER IN PERSON,TRUCK,ages alongside of the quick
31904-2,31904,1214,52,2,41.00,45723.61,0.01,0.00,N,O,1997-07-31,1997-05-13,1997-08-21,COLLECT COD,AIR,about the quick
31904-3,31904,1325,40,3,4.00,4905.28,0.04,0.03,N,O,1997-06-06,1997-06-11,1997-06-27,COLLECT COD,RAIL,nticing frays. slyly even request
31904-4,31904,598,89,4,11.00,16484.49,0.10,0.05,N,O,1997-05-05,1997-06-01,1997-05-15,COLLECT COD,RAIL,encies. silent ideas wake
31905-1,31905,553,84,1,22.00,31978.10,0.00,0.07,N,O,1998-07-31,1998-06-02,1998-08-03,DELIVER IN PERSON,AIR,"ccounts cajole pending, re"
31906-1,31906,1144,45,1,34.00,35534.76,0.07,0.04,N,O,1997-09-13,1997-10-07,1997-10-05,NONE,TRUCK,es along the re
31906-2,31906,90,41,2,33.00,32672.97,0.02,0.06,N,O,1997-08-10,1997-08-16,1997-08-12,NONE,FOB,lyly dogged account
31907-1,31907,421,9,1,32.00,42285.44,0.01,0.02,R,F,1993-06-10,1993-08-03,1993-06-28,COLLECT COD,RAIL,slyly bold accounts. final depo
31907-2,31907,1419,98,2,37.00,48855.17,0.03,0.01,A,F,1993-09-02,1993-07-19,1993-09-28,NONE,TRUCK,nstructions-- finally special pinto bea
31907-3,31907,550,51,3,21.00,30461.55,0.06,0.08,A,F,1993-07-08,1993-07-31,1993-07-19,DELIVER IN PERSON,REG AIR,s: final theodolites boost about 
31907-4,31907,1573,54,4,50.00,73728.50,0.00,0.05,R,F,1993-07-14,1993-07-27,1993-07-25,NONE,REG AIR,ly express deposits affix according t
31907-5,31907,694,26,5,12.00,19136.28,0.09,0.08,A,F,1993-06-28,1993-07-15,1993-07-23,COLLECT COD,FOB,y special theodolites cajole across 
31908-1,31908,1877,78,1,5.00,8894.35,0.07,0.07,N,O,1998-03-07,1998-02-24,1998-03-23,TAKE BACK RETURN,MAIL,onic hockey pl
31908-2,31908,109,36,2,27.00,27245.70,0.03,0.03,N,O,1998-01-29,1998-04-03,1998-02-26,COLLECT COD,RAIL,lyly ironic deposits mold according to the 
31908-3,31908,694,26,3,16.00,25515.04,0.03,0.03,N,O,1998-03-10,1998-02-12,1998-03-26,DELIVER IN PERSON,AIR,xes. furiously bold req
31909-1,31909,521,82,1,26.00,36959.52,0.03,0.04,A,F,1993-08-13,1993-07-11,1993-08-15,NONE,AIR,furiously regular instructions wak
31909-2,31909,34,60,2,48.00,44833.44,0.10,0.04,R,F,1993-07-30,1993-08-08,1993-08-24,NONE,FOB,tegrate special ideas-- f
31910-1,31910,994,29,1,47.00,89064.53,0.08,0.01,R,F,1995-02-04,1994-12-05,1995-02-10,DELIVER IN PERSON,MAIL,old instructions within t
31910-2,31910,1727,12,2,24.00,39089.28,0.02,0.06,R,F,1994-11-10,1995-01-04,1994-12-05,TAKE BACK RETURN,SHIP, express excu
31910-3,31910,1805,49,3,40.00,68272.00,0.03,0.02,A,F,1994-11-01,1994-12-31,1994-11-02,TAKE BACK RETURN,REG AIR,e slyly according to the regula
31910-4,31910,194,47,4,28.00,30637.32,0.05,0.07,A,F,1994-12-06,1994-12-23,1995-01-02,DELIVER IN PERSON,MAIL,haggle regular 
31910-5,31910,1091,27,5,49.00,48612.41,0.09,0.03,R,F,1995-02-12,1995-01-27,1995-03-08,NONE,RAIL,fully bold requests. slyly 
31910-6,31910,204,5,6,33.00,36438.60,0.01,0.03,A,F,1994-12-29,1994-12-28,1995-01-13,NONE,REG AIR,ipliers haggle above the slyly permanent
31910-7,31910,896,96,7,8.00,14375.12,0.09,0.00,A,F,1995-02-28,1994-12-10,1995-03-23,COLLECT COD,MAIL, bold instructions according to the bli
31911-1,31911,272,100,1,3.00,3516.81,0.02,0.04,R,F,1993-10-02,1993-11-07,1993-10-09,COLLECT COD,TRUCK,kages. carefully ironic foxes
31936-1,31936,1728,71,1,43.00,70077.96,0.08,0.06,N,O,1996-04-13,1996-02-22,1996-05-13,NONE,TRUCK,t the furious
31936-2,31936,1655,97,2,39.00,60709.35,0.08,0.08,N,O,1996-01-03,1996-01-21,1996-01-04,NONE,REG AIR, maintain furiously about the furi
31936-3,31936,1847,91,3,37.00,64707.08,0.03,0.00,N,O,1996-01-31,1996-02-29,1996-02-09,TAKE BACK RETURN,SHIP,al foxes integrate furiously ironic 
31936-4,31936,1795,22,4,9.00,15271.11,0.10,0.00,N,O,1996-03-08,1996-01-17,1996-03-22,NONE,REG AIR,ly regular accou
31936-5,31936,1485,64,5,38.00,52686.24,0.07,0.06,N,O,1996-02-17,1996-02-19,1996-03-11,DELIVER IN PERSON,RAIL,"regular, express accounts"
31936-6,31936,986,21,6,41.00,77366.18,0.03,0.00,N,O,1996-04-17,1996-02-27,1996-05-05,COLLECT COD,TRUCK,ithely notornis. blithely ironic pack
31936-7,31936,181,34,7,11.00,11892.98,0.05,0.03,N,O,1996-04-09,1996-02-13,1996-04-21,TAKE BACK RETURN,MAIL,". pending, slow theodolites "
31937-1,31937,1755,40,1,1.00,1656.75,0.04,0.01,N,O,1998-05-14,1998-04-27,1998-05-19,NONE,MAIL,ss ideas sleep. stea
31938-1,31938,1166,3,1,47.00,50156.52,0.02,0.07,N,O,1995-08-05,1995-10-21,1995-08-08,TAKE BACK RETURN,REG AIR,s. platelets affix furiously even t
31938-2,31938,1188,89,2,6.00,6535.08,0.03,0.00,N,O,1995-11-24,1995-10-08,1995-12-15,NONE,MAIL,counts wake
31938-3,31938,798,63,3,24.00,40770.96,0.00,0.00,N,O,1995-11-15,1995-08-27,1995-11-21,NONE,RAIL,cial requests cajole carefully upon 
31938-4,31938,1335,74,4,26.00,32144.58,0.08,0.02,N,O,1995-10-14,1995-09-30,1995-11-09,NONE,FOB,quests. slyly eve
31938-5,31938,439,27,5,29.00,38843.47,0.07,0.05,N,O,1995-11-09,1995-10-19,1995-11-14,COLLECT COD,MAIL,ies sleep fluf
31938-6,31938,224,25,6,2.00,2248.44,0.08,0.08,N,O,1995-08-31,1995-09-01,1995-09-24,COLLECT COD,TRUCK,affix across th
31939-1,31939,1081,52,1,36.00,35354.88,0.09,0.07,N,O,1995-08-19,1995-08-02,1995-08-26,TAKE BACK RETURN,RAIL,"pending, pending dinos wake slyly even"
31939-2,31939,1355,94,2,42.00,52766.70,0.01,0.08,N,O,1995-09-24,1995-07-27,1995-10-21,TAKE BACK RETURN,FOB,equests sleep
31940-1,31940,1167,4,1,22.00,23499.52,0.09,0.00,A,F,1992-09-09,1992-08-24,1992-09-15,TAKE BACK RETURN,RAIL,"ly. unusual, regular deposits "
31941-1,31941,448,49,1,12.00,16181.28,0.10,0.06,A,F,1994-06-06,1994-05-29,1994-07-01,COLLECT COD,SHIP,e platelet
31941-2,31941,1346,61,2,24.00,29936.16,0.08,0.00,R,F,1994-05-18,1994-06-10,1994-05-23,COLLECT COD,MAIL,packages. furiously even accoun
31941-3,31941,1577,78,3,33.00,48792.81,0.09,0.01,R,F,1994-07-10,1994-04-28,1994-07-21,TAKE BACK RETURN,RAIL,le furiously. expr
31941-4,31941,762,95,4,32.00,53208.32,0.01,0.05,R,F,1994-04-08,1994-06-12,1994-04-20,NONE,REG AIR,ly ironic frets cajole. fluffily final
31941-5,31941,894,28,5,1.00,1794.89,0.10,0.05,A,F,1994-05-30,1994-04-28,1994-06-26,COLLECT COD,RAIL,s excuses. bold fo
31941-6,31941,1289,64,6,3.00,3570.84,0.00,0.02,A,F,1994-04-29,1994-05-14,1994-05-26,COLLECT COD,SHIP,ticingly a
31942-1,31942,1331,70,1,6.00,7393.98,0.00,0.04,N,O,1997-02-14,1997-01-17,1997-03-05,DELIVER IN PERSON,AIR,es cajole blithely daringly 
31942-2,31942,1320,59,2,41.00,50074.12,0.06,0.04,N,O,1996-12-31,1997-02-10,1997-01-02,NONE,REG AIR,s wake slyly slyl
31942-3,31942,1066,37,3,26.00,25143.56,0.08,0.05,N,O,1996-12-28,1996-12-29,1997-01-02,DELIVER IN PERSON,AIR,encies sleep slyly across 
31943-1,31943,58,9,1,15.00,14370.75,0.04,0.06,N,O,1995-06-27,1995-04-22,1995-07-07,TAKE BACK RETURN,AIR,ounts. furiously spec
31968-1,31968,621,84,1,32.00,48691.84,0.02,0.07,N,O,1998-09-20,1998-07-26,1998-09-30,TAKE BACK RETURN,TRUCK,"al, ironic accounts. carefully final "
31968-2,31968,1911,100,2,22.00,39884.02,0.09,0.01,N,O,1998-08-05,1998-08-21,1998-08-21,NONE,SHIP,ular Tiresi
31968-3,31968,495,96,3,19.00,26514.31,0.05,0.04,N,O,1998-07-19,1998-08-08,1998-08-03,DELIVER IN PERSON,FOB,x carefully final accounts. eve
31968-4,31968,1091,62,4,6.00,5952.54,0.00,0.03,N,O,1998-08-18,1998-08-02,1998-09-06,DELIVER IN PERSON,AIR,s wake furiously expres
31969-1,31969,922,57,1,28.00,51041.76,0.07,0.04,N,O,1998-07-17,1998-07-24,1998-08-09,COLLECT COD,FOB,ts above the quick
31969-2,31969,54,5,2,2.00,1908.10,0.01,0.01,N,O,1998-08-12,1998-07-03,1998-08-24,TAKE BACK RETURN,TRUCK,ehind the bold dinos are s
31969-3,31969,469,57,3,13.00,17802.98,0.00,0.03,N,O,1998-05-28,1998-07-12,1998-06-15,DELIVER IN PERSON,RAIL,blithely unusual ideas. ca
31969-4,31969,1090,96,4,39.00,38652.51,0.07,0.06,N,O,1998-09-22,1998-08-09,1998-10-19,NONE,RAIL,dolites. furiously unusual warhorses
31970-1,31970,1344,21,1,45.00,56040.30,0.05,0.04,A,F,1993-03-24,1993-01-26,1993-04-23,TAKE BACK RETURN,TRUCK,hely final packages cajole slyly
31970-2,31970,185,86,2,15.00,16277.70,0.04,0.00,A,F,1993-01-28,1993-02-19,1993-02-01,COLLECT COD,AIR,r hockey players above the ca
31970-3,31970,75,51,3,32.00,31202.24,0.10,0.06,A,F,1993-03-09,1993-01-27,1993-04-08,TAKE BACK RETURN,MAIL,ckages above the carefully spe
31971-1,31971,1500,1,1,39.00,54658.50,0.00,0.04,N,O,1998-07-14,1998-07-04,1998-07-24,NONE,SHIP,ages. blithely regular ideas wake furi
31971-2,31971,313,98,2,45.00,54598.95,0.04,0.07,N,O,1998-07-31,1998-07-23,1998-08-25,DELIVER IN PERSON,REG AIR, furiously dogged packages use b
31971-3,31971,468,98,3,3.00,4105.38,0.06,0.05,N,O,1998-06-14,1998-08-05,1998-06-16,COLLECT COD,MAIL,"regular, fina"
31972-1,31972,90,91,1,6.00,5940.54,0.08,0.04,N,O,1998-08-31,1998-10-03,1998-09-14,TAKE BACK RETURN,FOB,lly even requests after the s
31973-1,31973,1935,80,1,7.00,12858.51,0.01,0.06,N,O,1995-07-31,1995-06-22,1995-08-12,NONE,AIR,ctions around
31973-2,31973,632,26,2,18.00,27587.34,0.10,0.08,N,O,1995-08-06,1995-07-24,1995-09-05,TAKE BACK RETURN,REG AIR,. unusual deposits ca
31973-3,31973,190,17,3,11.00,11992.09,0.04,0.03,R,F,1995-05-15,1995-07-02,1995-06-14,COLLECT COD,MAIL,unusual platelets alongs
31973-4,31973,301,30,4,6.00,7207.80,0.02,0.07,N,O,1995-07-16,1995-06-19,1995-08-15,COLLECT COD,MAIL,ithely regular packages. specia
31973-5,31973,1376,15,5,32.00,40875.84,0.05,0.00,N,O,1995-09-09,1995-08-06,1995-09-29,NONE,REG AIR,ding ideas. furiously regular platelet
31973-6,31973,1363,2,6,14.00,17701.04,0.04,0.00,N,O,1995-08-18,1995-07-21,1995-08-27,COLLECT COD,RAIL,uickly. carefully e
31974-1,31974,1078,14,1,15.00,14686.05,0.02,0.03,N,O,1998-04-11,1998-05-29,1998-04-25,TAKE BACK RETURN,FOB,uriously regular instruct
31974-2,31974,1604,5,2,26.00,39145.60,0.10,0.04,N,O,1998-06-06,1998-06-24,1998-06-24,DELIVER IN PERSON,MAIL,uriously regular pinto beans about the fina
31974-3,31974,1718,19,3,2.00,3239.42,0.03,0.06,N,O,1998-07-12,1998-06-24,1998-07-16,COLLECT COD,SHIP,o beans. fu
31974-4,31974,348,49,4,26.00,32456.84,0.02,0.05,N,O,1998-06-29,1998-06-07,1998-07-08,COLLECT COD,FOB,"cies among the pending, pending e"
31974-5,31974,1469,9,5,50.00,68523.00,0.03,0.06,N,O,1998-05-09,1998-06-02,1998-06-07,TAKE BACK RETURN,MAIL,nal excuses cajole carefully regular fo
31974-6,31974,1974,7,6,30.00,56279.10,0.03,0.08,N,O,1998-07-12,1998-05-07,1998-07-25,NONE,TRUCK, final deposits.
31974-7,31974,566,57,7,42.00,61595.52,0.09,0.08,N,O,1998-06-04,1998-05-22,1998-06-26,DELIVER IN PERSON,TRUCK,l theodolites integrate above the blithe
31975-1,31975,1781,66,1,49.00,82456.22,0.05,0.05,A,F,1993-04-14,1993-02-27,1993-04-24,TAKE BACK RETURN,RAIL,pending do
32000-1,32000,109,88,1,17.00,17154.70,0.02,0.02,R,F,1992-12-04,1992-12-05,1992-12-15,COLLECT COD,FOB,"ironic accounts. ironic, final pinto b"
32000-2,32000,1520,41,2,30.00,42645.60,0.02,0.03,A,F,1992-09-23,1992-11-28,1992-10-07,NONE,AIR,. quickly special instructions against t
32000-3,32000,481,69,3,45.00,62166.60,0.04,0.02,A,F,1992-09-29,1992-10-23,1992-10-08,NONE,SHIP,e requests. regular deposits 
32000-4,32000,1494,95,4,21.00,29305.29,0.05,0.02,A,F,1993-01-11,1992-11-11,1993-01-12,DELIVER IN PERSON,FOB,e among the slyly bold accounts. pinto b
32001-1,32001,1786,71,1,32.00,54008.96,0.03,0.02,N,O,1995-12-14,1996-01-03,1996-01-08,DELIVER IN PERSON,TRUCK,. slyly regular 
32001-2,32001,752,17,2,48.00,79332.00,0.00,0.06,N,O,1996-02-16,1995-12-18,1996-03-01,COLLECT COD,FOB,g to the bold
32001-3,32001,1960,5,3,12.00,22343.52,0.04,0.06,N,O,1995-12-30,1995-12-12,1996-01-05,TAKE BACK RETURN,MAIL,y across the regula
32001-4,32001,1339,40,4,22.00,27287.26,0.03,0.03,N,O,1996-01-21,1995-12-31,1996-02-16,COLLECT COD,RAIL,onic courts use
32001-5,32001,1253,65,5,35.00,40398.75,0.05,0.01,N,O,1996-02-03,1996-01-16,1996-03-02,TAKE BACK RETURN,TRUCK,s. fluffily unusual accounts nod never 
32002-1,32002,1520,41,1,28.00,39802.56,0.00,0.02,R,F,1993-09-12,1993-09-19,1993-09-21,TAKE BACK RETURN,SHIP,ely. blithely reg
32002-2,32002,1237,49,2,47.00,53496.81,0.04,0.05,A,F,1993-11-04,1993-09-16,1993-11-20,COLLECT COD,AIR, carefully special pinto beans; f
32002-3,32002,304,89,3,15.00,18064.50,0.00,0.04,R,F,1993-08-14,1993-08-29,1993-09-01,TAKE BACK RETURN,FOB, slyly final pinto beans after 
32002-4,32002,1614,38,4,24.00,36374.64,0.06,0.00,R,F,1993-07-29,1993-09-11,1993-08-18,DELIVER IN PERSON,SHIP,ake quickly ruthless asymptotes. pla
32003-1,32003,1831,75,1,2.00,3465.66,0.05,0.05,N,O,1996-04-29,1996-06-18,1996-05-09,DELIVER IN PERSON,FOB,ost fluffily final accoun
32003-2,32003,1985,74,2,23.00,43400.54,0.09,0.08,N,O,1996-05-10,1996-05-27,1996-05-15,NONE,REG AIR,arefully carefully sp
32003-3,32003,965,68,3,28.00,52246.88,0.06,0.00,N,O,1996-05-09,1996-05-30,1996-05-16,COLLECT COD,REG AIR,aters use a
32003-4,32003,511,72,4,40.00,56460.40,0.01,0.06,N,O,1996-07-07,1996-05-30,1996-07-08,NONE,RAIL,xcuses. blithely express packages c
32003-5,32003,986,55,5,11.00,20756.78,0.10,0.06,N,O,1996-05-28,1996-06-09,1996-06-26,DELIVER IN PERSON,REG AIR,ng to the fin
32004-1,32004,1628,29,1,14.00,21414.68,0.03,0.04,N,O,1996-10-29,1996-09-03,1996-11-07,NONE,RAIL,old requests are.
32004-2,32004,354,39,2,1.00,1254.35,0.07,0.05,N,O,1996-10-19,1996-08-04,1996-10-23,TAKE BACK RETURN,TRUCK,. quickly regular packages
32004-3,32004,1365,42,3,23.00,29126.28,0.07,0.05,N,O,1996-10-16,1996-09-10,1996-10-26,TAKE BACK RETURN,FOB,ctions cajole agains
32004-4,32004,144,23,4,5.00,5220.70,0.04,0.00,N,O,1996-07-09,1996-08-13,1996-07-16,TAKE BACK RETURN,TRUCK,s. blithely regula
32004-5,32004,1477,56,5,26.00,35840.22,0.01,0.08,N,O,1996-10-29,1996-09-23,1996-11-07,DELIVER IN PERSON,FOB,ose slyly final f
32005-1,32005,25,76,1,48.00,44400.96,0.05,0.06,N,O,1997-08-07,1997-07-01,1997-08-30,TAKE BACK RETURN,TRUCK, platelets across the ironic dolph
32005-2,32005,73,49,2,44.00,42815.08,0.01,0.08,N,O,1997-06-28,1997-08-21,1997-07-04,DELIVER IN PERSON,MAIL, dolphins. furiously regular foxes are b
32005-3,32005,1761,88,3,44.00,73161.44,0.09,0.02,N,O,1997-07-01,1997-08-20,1997-07-13,DELIVER IN PERSON,FOB,ke furiously silent pinto beans. ir
32005-4,32005,820,20,4,5.00,8604.10,0.01,0.01,N,O,1997-07-08,1997-08-26,1997-08-03,TAKE BACK RETURN,MAIL,ents wake quickly. blit
32005-5,32005,412,42,5,8.00,10499.28,0.06,0.03,N,O,1997-06-06,1997-08-24,1997-07-02,TAKE BACK RETURN,RAIL,gside of the carefully final 
32006-1,32006,1792,93,1,14.00,23713.06,0.08,0.00,N,O,1997-02-11,1997-01-21,1997-02-26,NONE,RAIL,fully care
32006-2,32006,397,82,2,42.00,54490.38,0.02,0.01,N,O,1997-01-14,1997-01-23,1997-01-25,DELIVER IN PERSON,REG AIR,fluffily bold mult
32006-3,32006,670,33,3,2.00,3141.34,0.00,0.04,N,O,1997-02-26,1997-01-08,1997-03-15,NONE,SHIP,fter the carefully bold foxes. i
32007-1,32007,1215,90,1,34.00,37951.14,0.03,0.00,A,F,1995-03-27,1995-03-18,1995-04-12,COLLECT COD,FOB,structions. slyl
32007-2,32007,162,63,2,27.00,28678.32,0.01,0.04,N,F,1995-05-23,1995-04-20,1995-06-21,NONE,FOB, regular packages caj
32032-1,32032,1457,75,1,3.00,4075.35,0.07,0.05,R,F,1992-06-18,1992-05-31,1992-07-09,DELIVER IN PERSON,FOB,"al requests. unusual, final foxes cajo"
32032-2,32032,404,92,2,2.00,2608.80,0.03,0.04,A,F,1992-08-13,1992-05-25,1992-08-23,NONE,REG AIR,ly. excuses accord
32032-3,32032,800,1,3,20.00,34016.00,0.10,0.04,A,F,1992-05-27,1992-06-01,1992-06-20,DELIVER IN PERSON,FOB, beans integrate. carefull
32033-1,32033,682,14,1,3.00,4748.04,0.05,0.05,N,O,1996-06-11,1996-06-04,1996-07-08,COLLECT COD,RAIL,e blithely by the ideas. final request
32034-1,32034,1159,68,1,20.00,21203.00,0.05,0.08,N,O,1995-07-08,1995-07-31,1995-07-16,TAKE BACK RETURN,FOB,y final packages. fluffil
32034-2,32034,1752,53,2,34.00,56227.50,0.04,0.03,N,F,1995-06-05,1995-08-14,1995-06-20,COLLECT COD,RAIL,luffily furious
32035-1,32035,1936,37,1,42.00,77193.06,0.08,0.02,N,O,1997-05-08,1997-05-28,1997-05-30,TAKE BACK RETURN,RAIL,"ly silent asymptotes. pending, iron"
32036-1,32036,1895,82,1,19.00,34140.91,0.10,0.02,N,O,1996-01-27,1995-12-22,1996-02-22,DELIVER IN PERSON,RAIL,hely special instructions. ironic packages 
32036-2,32036,1429,30,2,26.00,34590.92,0.09,0.07,N,O,1995-10-07,1995-11-21,1995-10-18,DELIVER IN PERSON,RAIL,cajole fluffily pinto beans. fluffi
32036-3,32036,515,46,3,13.00,18401.63,0.05,0.05,N,O,1995-10-28,1995-11-30,1995-10-29,DELIVER IN PERSON,AIR,uests serve furiously. silently ironi
32036-4,32036,951,86,4,3.00,5555.85,0.06,0.06,N,O,1995-11-10,1995-11-16,1995-11-27,DELIVER IN PERSON,TRUCK,ully final
32036-5,32036,425,13,5,31.00,41088.02,0.06,0.00,N,O,1995-10-24,1995-12-29,1995-11-08,DELIVER IN PERSON,FOB,ions grow.
32036-6,32036,1140,77,6,5.00,5205.70,0.04,0.02,N,O,1996-01-02,1995-11-07,1996-01-30,COLLECT COD,AIR,riously final platelets 
32036-7,32036,897,97,7,14.00,25170.46,0.00,0.06,N,O,1995-12-02,1995-11-14,1995-12-14,DELIVER IN PERSON,RAIL,l requests acco
32037-1,32037,1061,32,1,48.00,46178.88,0.10,0.04,R,F,1994-02-25,1994-03-31,1994-03-05,COLLECT COD,RAIL, furiously blithely even accounts. p
32037-2,32037,587,88,2,16.00,23801.28,0.00,0.06,A,F,1994-05-15,1994-04-26,1994-06-05,DELIVER IN PERSON,AIR,le furiously across th
32037-3,32037,936,5,3,30.00,55107.90,0.05,0.05,A,F,1994-06-11,1994-04-02,1994-07-05,COLLECT COD,MAIL,"ckly ironic hockey players are. pending, fi"
32037-4,32037,1288,89,4,11.00,13082.08,0.09,0.04,R,F,1994-05-19,1994-05-13,1994-05-27,NONE,MAIL,ly ironic pinto
32037-5,32037,854,88,5,28.00,49135.80,0.00,0.01,A,F,1994-04-18,1994-05-16,1994-05-05,COLLECT COD,MAIL,e furiously regular instruct
32037-6,32037,1674,75,6,40.00,63026.80,0.05,0.05,R,F,1994-03-24,1994-03-26,1994-04-08,TAKE BACK RETURN,REG AIR,its wake furiously. slyly bold accounts 
32037-7,32037,344,45,7,27.00,33597.18,0.00,0.00,R,F,1994-04-24,1994-04-30,1994-05-03,NONE,MAIL,ding to the quickly ironic 
32038-1,32038,955,56,1,37.00,68670.15,0.10,0.07,A,F,1994-09-13,1994-07-30,1994-10-10,TAKE BACK RETURN,AIR,hely. slyly unusual waters ar
32038-2,32038,1150,23,2,25.00,26278.75,0.08,0.06,A,F,1994-07-20,1994-07-28,1994-08-19,DELIVER IN PERSON,MAIL,c asymptotes impress about the blit
32038-3,32038,1177,78,3,38.00,40970.46,0.06,0.07,R,F,1994-09-12,1994-09-11,1994-09-15,DELIVER IN PERSON,RAIL,g pinto beans
32038-4,32038,36,37,4,37.00,34633.11,0.08,0.05,A,F,1994-10-14,1994-09-05,1994-10-15,NONE,SHIP, across the furiously ironic accou
32038-5,32038,1648,49,5,8.00,12397.12,0.10,0.02,R,F,1994-10-04,1994-08-17,1994-10-18,NONE,REG AIR,even pinto beans sleep caref
32038-6,32038,1305,20,6,40.00,48252.00,0.07,0.03,R,F,1994-08-12,1994-07-18,1994-09-06,NONE,RAIL,ts. packages cajole al
32039-1,32039,255,83,1,5.00,5776.25,0.00,0.08,N,O,1998-03-12,1998-03-28,1998-03-29,COLLECT COD,SHIP,ongside of the
32039-2,32039,762,63,2,36.00,59859.36,0.07,0.06,N,O,1998-02-14,1998-04-11,1998-03-13,COLLECT COD,SHIP,ng the care
32064-1,32064,511,12,1,33.00,46579.83,0.01,0.01,R,F,1993-12-26,1994-01-25,1994-01-22,TAKE BACK RETURN,RAIL," wake. unusual, fi"
32064-2,32064,13,64,2,23.00,20999.23,0.05,0.07,A,F,1994-04-18,1994-01-29,1994-04-29,NONE,TRUCK,"pending, regular excuses. fluffi"
32065-1,32065,1878,8,1,21.00,37377.27,0.05,0.06,N,O,1996-03-14,1996-01-14,1996-04-11,COLLECT COD,MAIL, blithely un
32065-2,32065,764,65,2,49.00,81573.24,0.03,0.03,N,O,1996-02-24,1996-02-28,1996-03-06,NONE,MAIL,lites. regular pinto beans wake a
32065-3,32065,442,30,3,48.00,64437.12,0.01,0.01,N,O,1996-03-06,1996-02-11,1996-03-30,COLLECT COD,FOB,"counts. regular, pendi"
32065-4,32065,1533,14,4,49.00,70291.97,0.07,0.07,N,O,1996-02-12,1996-02-02,1996-03-09,COLLECT COD,MAIL,l accounts.
32065-5,32065,1876,20,5,43.00,76448.41,0.07,0.04,N,O,1996-01-23,1996-01-02,1996-02-02,DELIVER IN PERSON,FOB, accounts. pinto beans wake quickly. carefu
32065-6,32065,1938,39,6,9.00,16559.37,0.04,0.02,N,O,1996-01-15,1996-03-01,1996-01-21,NONE,AIR,"ke. pending, ironic deposits use slyly alon"
32066-1,32066,1239,40,1,42.00,47889.66,0.05,0.05,N,O,1998-07-26,1998-08-25,1998-07-31,COLLECT COD,AIR,cajole along
32066-2,32066,535,66,2,36.00,51679.08,0.06,0.06,N,O,1998-10-26,1998-08-25,1998-10-28,DELIVER IN PERSON,AIR,oach after the blithely express cou
32066-3,32066,1858,88,3,22.00,38716.70,0.01,0.07,N,O,1998-10-03,1998-09-21,1998-10-21,COLLECT COD,FOB,sts sleep slyl
32066-4,32066,1829,16,4,48.00,83079.36,0.00,0.06,N,O,1998-09-16,1998-09-12,1998-09-28,COLLECT COD,TRUCK, packages. pending requests
32066-5,32066,364,65,5,26.00,32873.36,0.00,0.05,N,O,1998-11-07,1998-08-22,1998-12-07,COLLECT COD,SHIP,"g, even foxes. pending excuses"
32066-6,32066,903,6,6,15.00,27058.50,0.02,0.08,N,O,1998-10-22,1998-10-02,1998-11-19,DELIVER IN PERSON,SHIP,gular asymptotes cajole fluffily. furio
32067-1,32067,246,1,1,27.00,30948.48,0.10,0.05,R,F,1992-05-25,1992-06-02,1992-06-02,TAKE BACK RETURN,AIR,xpress theodolites. blithely
32067-2,32067,1228,40,2,36.00,40651.92,0.05,0.04,A,F,1992-06-10,1992-06-09,1992-07-09,NONE,AIR,. furiously even accounts sleep careful
32067-3,32067,862,96,3,47.00,82854.42,0.08,0.00,A,F,1992-03-28,1992-05-04,1992-04-11,NONE,RAIL,"es along the final, "
32067-4,32067,1607,8,4,8.00,12068.80,0.03,0.08,R,F,1992-06-09,1992-05-21,1992-06-29,DELIVER IN PERSON,MAIL,ndencies above the carefully even theod
32067-5,32067,928,29,5,17.00,31091.64,0.10,0.06,A,F,1992-05-05,1992-05-24,1992-05-09,TAKE BACK RETURN,SHIP,arefully fluffily regular deposit
32067-6,32067,210,38,6,17.00,18873.57,0.08,0.02,A,F,1992-05-05,1992-04-24,1992-05-07,COLLECT COD,RAIL,ely silent requests. re
32067-7,32067,368,97,7,9.00,11415.24,0.05,0.07,A,F,1992-06-30,1992-04-15,1992-07-15,DELIVER IN PERSON,REG AIR,ages are quickly fur
32068-1,32068,1293,94,1,14.00,16720.06,0.07,0.00,R,F,1992-07-10,1992-09-07,1992-07-14,TAKE BACK RETURN,TRUCK,ely final ideas. iron
32069-1,32069,1334,11,1,13.00,16059.29,0.10,0.03,N,O,1996-01-01,1996-01-24,1996-01-27,NONE,MAIL,uses around 
32069-2,32069,1429,47,2,42.00,55877.64,0.00,0.00,N,O,1996-02-09,1996-02-14,1996-02-19,COLLECT COD,SHIP,he slyly thin
32069-3,32069,1276,88,3,41.00,48268.07,0.07,0.01,N,O,1995-11-26,1996-01-20,1995-12-20,DELIVER IN PERSON,FOB,s wake carefully furiously final cour
32069-4,32069,700,32,4,28.00,44819.60,0.05,0.02,N,O,1996-01-19,1996-01-16,1996-02-16,TAKE BACK RETURN,MAIL,kly regular requests haggle slyly furiously
32069-5,32069,124,3,5,24.00,24578.88,0.03,0.05,N,O,1996-01-01,1996-01-29,1996-01-10,NONE,AIR,ffily regular dolphins despite the caref
32069-6,32069,1459,77,6,20.00,27209.00,0.00,0.02,N,O,1996-01-25,1996-02-18,1996-02-11,COLLECT COD,REG AIR,posits? blithely special account
32070-1,32070,764,65,1,49.00,81573.24,0.04,0.03,A,F,1994-09-11,1994-08-19,1994-09-29,TAKE BACK RETURN,SHIP,thes across the furious
32070-2,32070,1873,60,2,11.00,19523.57,0.07,0.00,R,F,1994-11-08,1994-09-24,1994-11-20,COLLECT COD,MAIL,"structions. regular, even foxes"
32070-3,32070,726,91,3,29.00,47174.88,0.09,0.05,R,F,1994-08-01,1994-08-25,1994-08-10,COLLECT COD,RAIL,to the furiously idle accounts wake
32070-4,32070,1711,38,4,16.00,25803.36,0.02,0.03,R,F,1994-10-24,1994-09-14,1994-11-18,TAKE BACK RETURN,MAIL,blithely regular theodolite
32071-1,32071,638,1,1,28.00,43081.64,0.03,0.07,N,O,1997-12-19,1997-11-17,1998-01-12,NONE,TRUCK, furiously ironic dolphi
32071-2,32071,338,23,2,37.00,45818.21,0.08,0.04,N,O,1997-12-09,1997-10-21,1997-12-16,NONE,TRUCK,ironic dependencies affix fur
32071-3,32071,488,18,3,21.00,29158.08,0.04,0.06,N,O,1997-10-03,1997-10-30,1997-10-31,COLLECT COD,SHIP,lly against the
32071-4,32071,218,73,4,25.00,27955.25,0.06,0.04,N,O,1997-12-24,1997-11-20,1998-01-22,NONE,FOB,lithely. fina
32071-5,32071,1537,78,5,45.00,64733.85,0.04,0.07,N,O,1997-11-02,1997-10-17,1997-11-04,DELIVER IN PERSON,MAIL,"e express, "
32071-6,32071,774,75,6,31.00,51917.87,0.10,0.07,N,O,1997-09-03,1997-11-16,1997-09-29,TAKE BACK RETURN,REG AIR,pinto beans.
32071-7,32071,1854,55,7,18.00,31605.30,0.02,0.02,N,O,1997-09-07,1997-11-27,1997-09-25,NONE,MAIL,s. daring ideas dete
32096-1,32096,137,38,1,25.00,25928.25,0.03,0.00,A,F,1994-11-03,1994-10-18,1994-11-14,NONE,RAIL,express pinto bean
32096-2,32096,1384,61,2,14.00,17995.32,0.00,0.05,R,F,1994-11-19,1994-09-09,1994-12-19,COLLECT COD,RAIL,ully pending asym
32097-1,32097,663,95,1,20.00,31273.20,0.09,0.05,N,O,1997-08-14,1997-06-18,1997-09-04,COLLECT COD,RAIL,nts! carefully ironic f
32097-2,32097,1155,56,2,25.00,26403.75,0.04,0.04,N,O,1997-06-18,1997-06-16,1997-06-19,COLLECT COD,RAIL, quickly special deposits kindle slyly.
32097-3,32097,1597,38,3,40.00,59943.60,0.10,0.02,N,O,1997-04-28,1997-06-13,1997-05-26,COLLECT COD,TRUCK,jole furiously carefully final instructions
32097-4,32097,1193,94,4,35.00,38296.65,0.01,0.00,N,O,1997-05-08,1997-06-23,1997-05-30,COLLECT COD,RAIL,quests. slyly ironic instructions are blith
32097-5,32097,915,16,5,26.00,47213.66,0.01,0.04,N,O,1997-05-14,1997-05-28,1997-06-06,DELIVER IN PERSON,MAIL, regular dolphins. slyly
32097-6,32097,1457,75,6,19.00,25810.55,0.00,0.06,N,O,1997-06-03,1997-06-02,1997-06-13,DELIVER IN PERSON,TRUCK,usly special foxes haggle slyly
32097-7,32097,1740,67,7,34.00,55819.16,0.09,0.07,N,O,1997-06-01,1997-07-12,1997-06-18,NONE,RAIL, slyly regular s
32098-1,32098,624,25,1,15.00,22869.30,0.02,0.00,A,F,1993-07-21,1993-09-11,1993-08-12,DELIVER IN PERSON,SHIP,lly. blithely even 
32098-2,32098,677,40,2,6.00,9466.02,0.03,0.00,R,F,1993-08-07,1993-09-19,1993-08-23,NONE,AIR,ake carefully furiously pending 
32099-1,32099,238,39,1,10.00,11382.30,0.02,0.08,A,F,1993-07-04,1993-08-01,1993-08-02,DELIVER IN PERSON,TRUCK,s. furiously final theodolites a
32099-2,32099,373,30,2,49.00,62395.13,0.08,0.05,A,F,1993-06-10,1993-07-13,1993-06-21,COLLECT COD,TRUCK,posits detect fluffily package
32100-1,32100,1677,60,1,6.00,9472.02,0.06,0.07,R,F,1992-06-13,1992-07-13,1992-07-04,NONE,SHIP,! bravely clo
32100-2,32100,153,32,2,7.00,7372.05,0.07,0.08,A,F,1992-09-09,1992-08-05,1992-10-07,NONE,TRUCK,s sleep slyly. un
32100-3,32100,1452,70,3,25.00,33836.25,0.00,0.01,R,F,1992-08-24,1992-07-25,1992-09-21,TAKE BACK RETURN,FOB,ding excuses haggle fu
32100-4,32100,299,81,4,15.00,17989.35,0.01,0.08,A,F,1992-09-18,1992-08-10,1992-10-16,COLLECT COD,MAIL,hely regular somas. ev
32101-1,32101,1076,47,1,35.00,34197.45,0.10,0.02,R,F,1995-03-22,1995-02-28,1995-04-05,TAKE BACK RETURN,TRUCK,hely regular ins
32101-2,32101,558,19,2,15.00,21878.25,0.02,0.02,R,F,1995-04-08,1995-01-28,1995-04-18,TAKE BACK RETURN,AIR,ilent foxes. regu
32101-3,32101,16,92,3,41.00,37556.41,0.02,0.02,R,F,1995-01-05,1995-03-16,1995-02-04,NONE,FOB,ix furiously ironically permanent request
32101-4,32101,505,96,4,20.00,28110.00,0.09,0.01,R,F,1995-03-29,1995-02-25,1995-04-01,COLLECT COD,AIR,s. carefully special excuses until the bol
32101-5,32101,1723,50,5,39.00,63364.08,0.09,0.06,A,F,1995-03-16,1995-02-04,1995-04-01,NONE,SHIP,encies. deposits use 
32102-1,32102,2000,89,1,28.00,25256.00,0.04,0.04,A,F,1993-01-11,1993-02-11,1993-02-03,COLLECT COD,SHIP,-ray. regular pinto beans integrate f
32102-2,32102,232,14,2,4.00,4528.92,0.04,0.06,A,F,1993-01-08,1993-02-18,1993-01-14,NONE,FOB,ves nag requests. bold requests wake.
32102-3,32102,451,39,3,46.00,62166.70,0.09,0.06,R,F,1993-01-23,1993-02-08,1993-02-12,COLLECT COD,SHIP,"requests boost. ironic, regular packa"
32102-4,32102,1948,37,4,14.00,25899.16,0.09,0.08,A,F,1993-02-12,1993-02-08,1993-03-05,DELIVER IN PERSON,FOB, nag against the final courts. pla
32103-1,32103,1265,66,1,41.00,47816.66,0.08,0.07,R,F,1993-10-23,1993-09-24,1993-10-28,DELIVER IN PERSON,MAIL,ross the furiously ironic
32103-2,32103,1777,4,2,16.00,26860.32,0.01,0.02,A,F,1993-08-13,1993-10-03,1993-08-20,COLLECT COD,TRUCK,special pinto beans. e
32103-3,32103,1912,13,3,23.00,41719.93,0.08,0.08,A,F,1993-11-10,1993-09-03,1993-11-11,TAKE BACK RETURN,SHIP,ress requests 
32128-1,32128,976,45,1,46.00,86340.62,0.02,0.04,A,F,1995-04-10,1995-03-27,1995-04-14,TAKE BACK RETURN,REG AIR,doubt furiously bold platelets
32128-2,32128,1368,83,2,10.00,12693.60,0.04,0.08,R,F,1995-05-23,1995-03-29,1995-05-26,TAKE BACK RETURN,MAIL,carefully pending platelets 
32129-1,32129,1824,54,1,35.00,60403.70,0.06,0.00,N,O,1995-10-22,1995-09-30,1995-11-13,TAKE BACK RETURN,TRUCK," foxes wake. pending, ironic pinto beans a"
32129-2,32129,1951,96,2,42.00,77823.90,0.05,0.03,N,O,1995-09-20,1995-08-13,1995-10-13,TAKE BACK RETURN,AIR,tegrate slyly around the furiously
32129-3,32129,323,8,3,37.00,45262.84,0.03,0.01,N,O,1995-08-29,1995-09-19,1995-09-24,TAKE BACK RETURN,SHIP,bout the final patter
32129-4,32129,1941,86,4,42.00,77403.48,0.01,0.02,N,O,1995-08-14,1995-09-25,1995-09-11,NONE,RAIL,quests are blithely among the slyly sp
32129-5,32129,1104,5,5,33.00,33168.30,0.02,0.08,N,O,1995-08-11,1995-09-18,1995-09-06,COLLECT COD,AIR,efully fur
32129-6,32129,1363,40,6,21.00,26551.56,0.03,0.04,N,O,1995-09-02,1995-08-15,1995-10-02,COLLECT COD,FOB,use carefully furiously bold packa
32129-7,32129,1434,13,7,48.00,64100.64,0.08,0.06,N,O,1995-09-11,1995-08-18,1995-09-18,DELIVER IN PERSON,FOB,"r, ironic deposits. carefully bold asympto"
32130-1,32130,1557,58,1,40.00,58342.00,0.02,0.02,R,F,1993-12-06,1993-11-14,1993-12-25,DELIVER IN PERSON,REG AIR,equests are fur
32130-2,32130,1654,55,2,34.00,52892.10,0.10,0.07,R,F,1993-11-29,1993-11-03,1993-12-07,DELIVER IN PERSON,FOB,furiously ir
32131-1,32131,796,97,1,11.00,18664.69,0.02,0.00,R,F,1994-04-16,1994-03-06,1994-05-05,NONE,AIR,lent asymptotes 
32131-2,32131,1969,58,2,25.00,46774.00,0.03,0.08,R,F,1994-03-12,1994-01-30,1994-03-18,TAKE BACK RETURN,FOB,xes; blithel
32131-3,32131,408,67,3,6.00,7850.40,0.10,0.00,A,F,1994-04-11,1994-02-22,1994-05-02,TAKE BACK RETURN,TRUCK,al deposits. carefully iron
32131-4,32131,249,31,4,41.00,47118.84,0.04,0.08,A,F,1994-04-20,1994-03-21,1994-05-15,COLLECT COD,RAIL,ly regular dolphins. deposits
32131-5,32131,1643,44,5,4.00,6178.56,0.05,0.03,A,F,1994-04-11,1994-03-11,1994-04-27,TAKE BACK RETURN,FOB,hogs cajole closely
32132-1,32132,317,46,1,49.00,59648.19,0.04,0.00,N,O,1996-04-21,1996-05-05,1996-05-09,COLLECT COD,MAIL,pinto beans could eat instea
32132-2,32132,1455,95,2,44.00,59683.80,0.08,0.07,N,O,1996-07-16,1996-04-29,1996-07-23,TAKE BACK RETURN,TRUCK, after the slyly
32133-1,32133,1788,31,1,46.00,77729.88,0.02,0.08,N,O,1997-10-06,1997-09-01,1997-10-15,DELIVER IN PERSON,TRUCK,ges cajole fluffily after t
32133-2,32133,926,61,2,24.00,43846.08,0.05,0.07,N,O,1997-10-21,1997-09-22,1997-11-07,NONE,TRUCK,ets. pending packages sleep
32133-3,32133,501,32,3,31.00,43446.50,0.10,0.00,N,O,1997-10-10,1997-08-13,1997-11-06,TAKE BACK RETURN,FOB,regular theodolites. blithely final ideas s
32133-4,32133,512,3,4,10.00,14125.10,0.04,0.02,N,O,1997-07-08,1997-08-18,1997-07-09,DELIVER IN PERSON,AIR,"even deposits against the ironic, "
32134-1,32134,119,98,1,14.00,14267.54,0.10,0.06,N,O,1996-03-06,1996-03-18,1996-04-05,NONE,MAIL,express packages. slyly express asy
32134-2,32134,96,72,2,24.00,23906.16,0.07,0.06,N,O,1996-04-18,1996-03-13,1996-05-08,COLLECT COD,FOB,"taphs haggle. bold, regula"
32134-3,32134,136,37,3,19.00,19686.47,0.10,0.02,N,O,1996-03-30,1996-04-25,1996-04-18,DELIVER IN PERSON,SHIP,e stealthy instruct
32134-4,32134,1752,95,4,41.00,67803.75,0.08,0.03,N,O,1996-02-19,1996-04-06,1996-03-14,DELIVER IN PERSON,TRUCK,efully special p
32134-5,32134,1308,47,5,27.00,32651.10,0.07,0.06,N,O,1996-03-16,1996-04-23,1996-03-22,TAKE BACK RETURN,SHIP,riously carefull
32135-1,32135,1159,96,1,48.00,50887.20,0.10,0.06,R,F,1994-01-23,1994-01-08,1994-01-31,TAKE BACK RETURN,AIR,refully for the accounts. caref
32135-2,32135,535,36,2,45.00,64598.85,0.00,0.08,R,F,1994-03-11,1994-02-18,1994-03-28,DELIVER IN PERSON,SHIP,lyly among the quie
32135-3,32135,37,63,3,28.00,26236.84,0.02,0.00,A,F,1994-03-15,1994-01-09,1994-04-10,TAKE BACK RETURN,TRUCK,carefully unusual accounts. 
32135-4,32135,323,24,4,25.00,30583.00,0.05,0.01,R,F,1994-02-10,1993-12-30,1994-02-28,NONE,REG AIR, carefully final ideas 
32135-5,32135,1162,99,5,13.00,13821.08,0.08,0.06,R,F,1994-02-13,1994-01-05,1994-03-08,DELIVER IN PERSON,SHIP,sleep blith
32135-6,32135,660,54,6,13.00,20288.58,0.07,0.00,A,F,1994-03-06,1994-02-04,1994-03-25,NONE,MAIL,al excuses. bold foxes above the s
32160-1,32160,641,73,1,34.00,52415.76,0.08,0.05,N,O,1996-04-27,1996-04-23,1996-04-29,NONE,MAIL,ly ironic deposits are blithely after 
32160-2,32160,1523,4,2,12.00,17094.24,0.03,0.03,N,O,1996-03-22,1996-05-23,1996-04-20,DELIVER IN PERSON,RAIL, use furiously
32160-3,32160,1410,50,3,36.00,47210.76,0.01,0.00,N,O,1996-04-18,1996-04-23,1996-04-28,DELIVER IN PERSON,REG AIR,s platelets among the quickly ironic pint
32160-4,32160,680,43,4,31.00,49001.08,0.09,0.01,N,O,1996-05-22,1996-04-23,1996-06-07,COLLECT COD,RAIL,pecial ideas. furiously unusual esca
32160-5,32160,281,36,5,17.00,20081.76,0.00,0.06,N,O,1996-06-29,1996-05-21,1996-07-04,TAKE BACK RETURN,RAIL, express packages
32160-6,32160,154,7,6,5.00,5270.75,0.06,0.05,N,O,1996-07-02,1996-05-14,1996-07-08,TAKE BACK RETURN,FOB, ironic requests
32161-1,32161,1097,98,1,14.00,13973.26,0.01,0.07,N,O,1996-12-15,1996-11-14,1996-12-23,TAKE BACK RETURN,FOB, packages lose according 
32162-1,32162,1758,43,1,48.00,79668.00,0.06,0.01,N,O,1997-11-21,1997-12-25,1997-11-29,TAKE BACK RETURN,REG AIR,s requests. sly
32162-2,32162,1115,88,2,43.00,43692.73,0.05,0.05,N,O,1997-11-23,1997-12-25,1997-12-01,NONE,AIR,ts cajole slyly 
32163-1,32163,935,4,1,20.00,36718.60,0.03,0.02,A,F,1993-05-07,1993-06-13,1993-05-09,TAKE BACK RETURN,MAIL,"regular pinto beans. bold,"
32163-2,32163,1138,47,2,4.00,4156.52,0.05,0.00,A,F,1993-05-13,1993-06-29,1993-06-07,NONE,MAIL,leep furiously bl
32164-1,32164,1163,100,1,40.00,42566.40,0.06,0.05,A,F,1993-04-23,1993-03-24,1993-05-02,TAKE BACK RETURN,MAIL,iously caref
32164-2,32164,1425,26,2,15.00,19896.30,0.10,0.00,R,F,1993-02-06,1993-03-23,1993-02-19,DELIVER IN PERSON,SHIP,yly ironic ideas caj
32164-3,32164,847,14,3,19.00,33208.96,0.08,0.07,A,F,1993-03-06,1993-03-05,1993-03-21,COLLECT COD,SHIP,ckages wake bl
32164-4,32164,1539,40,4,22.00,31691.66,0.05,0.03,R,F,1993-05-21,1993-03-19,1993-05-23,DELIVER IN PERSON,TRUCK, sleep slyly across the final 
32164-5,32164,301,58,5,43.00,51655.90,0.07,0.06,A,F,1993-04-15,1993-04-27,1993-05-06,TAKE BACK RETURN,TRUCK,s. slyly final foxes along the 
32164-6,32164,648,11,6,38.00,58848.32,0.02,0.00,R,F,1993-05-07,1993-04-29,1993-05-22,COLLECT COD,RAIL,uctions? slyly regular pac
32164-7,32164,358,59,7,3.00,3775.05,0.01,0.03,A,F,1993-03-20,1993-03-27,1993-04-16,DELIVER IN PERSON,MAIL,gular dependencies wake af
32165-1,32165,1372,49,1,48.00,61121.76,0.04,0.03,A,F,1992-11-18,1992-12-15,1992-11-28,TAKE BACK RETURN,RAIL, even platelets. blithely unusual accounts
32165-2,32165,1063,99,2,30.00,28921.80,0.09,0.05,A,F,1993-01-07,1993-01-11,1993-01-20,COLLECT COD,SHIP,ckly silent depe
32165-3,32165,804,71,3,20.00,34096.00,0.05,0.02,R,F,1993-01-26,1992-12-12,1993-02-20,DELIVER IN PERSON,RAIL,press pinto beans print; slyly final pac
32166-1,32166,1116,89,1,23.00,23393.53,0.10,0.05,A,F,1994-06-28,1994-08-15,1994-07-17,COLLECT COD,REG AIR,ular deposits! slyly even tithes abo
32166-2,32166,1004,75,2,49.00,44345.00,0.06,0.07,A,F,1994-09-04,1994-07-22,1994-09-22,DELIVER IN PERSON,FOB,y busy asymptotes; blithely iron
32166-3,32166,1651,93,3,39.00,60553.35,0.07,0.02,R,F,1994-09-22,1994-08-16,1994-10-13,NONE,RAIL,. quickly express the
32166-4,32166,1069,75,4,1.00,970.06,0.08,0.08,A,F,1994-06-25,1994-06-29,1994-07-17,NONE,REG AIR,deposits above
32166-5,32166,454,84,5,7.00,9481.15,0.01,0.01,A,F,1994-06-18,1994-07-26,1994-07-15,TAKE BACK RETURN,SHIP,aters. unusual Tires
32166-6,32166,1382,21,6,45.00,57752.10,0.08,0.02,A,F,1994-09-13,1994-08-01,1994-10-03,TAKE BACK RETURN,AIR,gular deposits detect. regular 
32167-1,32167,1716,17,1,30.00,48531.30,0.03,0.01,N,O,1997-01-07,1997-02-16,1997-01-28,COLLECT COD,SHIP,"ess, furio"
32167-2,32167,1187,60,2,34.00,36998.12,0.00,0.08,N,O,1997-03-24,1997-02-25,1997-04-13,DELIVER IN PERSON,SHIP,g the foxes wake carefully against 
32167-3,32167,698,99,3,8.00,12789.52,0.10,0.06,N,O,1997-03-09,1997-01-17,1997-03-18,DELIVER IN PERSON,MAIL,ckly ironic theodolites. pending accou
32167-4,32167,1414,54,4,7.00,9207.87,0.02,0.08,N,O,1997-02-13,1997-01-15,1997-02-23,COLLECT COD,SHIP,xes. final deposi
32167-5,32167,1645,28,5,9.00,13919.76,0.05,0.00,N,O,1996-12-24,1997-01-14,1997-01-06,DELIVER IN PERSON,RAIL,pending ideas boost against th
32167-6,32167,1166,75,6,29.00,30947.64,0.09,0.06,N,O,1997-01-06,1997-02-04,1997-01-13,TAKE BACK RETURN,FOB,uests? slyly bold pinto b
32167-7,32167,636,68,7,12.00,18439.56,0.10,0.00,N,O,1997-02-27,1997-01-12,1997-03-22,DELIVER IN PERSON,SHIP,tes detect blithely after t
32192-1,32192,509,40,1,2.00,2819.00,0.07,0.07,R,F,1992-03-26,1992-05-15,1992-04-20,COLLECT COD,MAIL,about the even platelets.
32192-2,32192,1444,23,2,11.00,14799.84,0.00,0.03,R,F,1992-05-17,1992-05-10,1992-06-06,NONE,TRUCK,yly even acc
32192-3,32192,1109,46,3,16.00,16161.60,0.04,0.04,A,F,1992-04-17,1992-05-14,1992-04-23,NONE,AIR,sly unusual instruc
32192-4,32192,1726,53,4,5.00,8138.60,0.10,0.02,R,F,1992-06-09,1992-05-17,1992-07-03,NONE,TRUCK,d foxes. slyly regular braids unwind. fluff
32192-5,32192,1633,34,5,16.00,24554.08,0.07,0.04,R,F,1992-03-07,1992-05-04,1992-03-09,TAKE BACK RETURN,RAIL,ost. even requests cajole slyly express 
32192-6,32192,1805,49,6,45.00,76806.00,0.10,0.07,R,F,1992-05-16,1992-03-21,1992-05-17,DELIVER IN PERSON,FOB, epitaphs affix ironic
32192-7,32192,1310,25,7,42.00,50875.02,0.04,0.02,R,F,1992-05-08,1992-03-22,1992-05-15,DELIVER IN PERSON,FOB,nic accounts sleep bli
32193-1,32193,1264,39,1,6.00,6991.56,0.08,0.08,A,F,1993-12-06,1993-12-25,1993-12-27,COLLECT COD,MAIL,nag slyly above the blit
32193-2,32193,897,98,2,10.00,17978.90,0.08,0.06,R,F,1993-12-03,1993-12-24,1994-01-02,NONE,TRUCK,lar gifts sleep around
32193-3,32193,48,49,3,5.00,4740.20,0.06,0.02,R,F,1993-12-10,1993-12-22,1993-12-22,TAKE BACK RETURN,SHIP,"its. pending, regular pinto "
32194-1,32194,1791,34,1,22.00,37241.38,0.07,0.02,N,O,1997-11-06,1997-11-02,1997-11-24,TAKE BACK RETURN,SHIP,packages integrate slyly final foxes. 
32194-2,32194,1263,38,2,11.00,12806.86,0.09,0.07,N,O,1997-11-17,1997-10-29,1997-12-04,DELIVER IN PERSON,RAIL,ely silent requests. carefully 
32194-3,32194,1364,41,3,45.00,56941.20,0.08,0.06,N,O,1997-09-03,1997-10-31,1997-09-23,TAKE BACK RETURN,MAIL,riously. requests cajole furiously acc
32194-4,32194,736,33,4,6.00,9820.38,0.01,0.03,N,O,1997-12-24,1997-10-04,1998-01-15,DELIVER IN PERSON,FOB,arefully regular decoys are. blithe
32194-5,32194,653,54,5,36.00,55931.40,0.03,0.07,N,O,1997-10-18,1997-11-19,1997-10-29,TAKE BACK RETURN,AIR,"ly. regular deposits among the express,"
32195-1,32195,1511,52,1,31.00,43787.81,0.00,0.05,R,F,1994-12-11,1995-02-02,1994-12-16,TAKE BACK RETURN,RAIL,y. quickly express deposits across
32195-2,32195,247,75,2,46.00,52773.04,0.10,0.03,R,F,1994-12-08,1995-02-11,1995-01-02,TAKE BACK RETURN,AIR,final theodolites! car
32195-3,32195,1102,75,3,32.00,32099.20,0.01,0.03,R,F,1994-12-20,1995-01-06,1995-01-02,TAKE BACK RETURN,RAIL,ntegrate special excuse
32196-1,32196,1713,56,1,28.00,45211.88,0.04,0.07,N,O,1997-02-24,1997-03-17,1997-02-27,NONE,RAIL,al instructions
32196-2,32196,175,2,2,29.00,31179.93,0.10,0.03,N,O,1997-03-09,1997-03-17,1997-03-20,NONE,AIR, silent excuses. carefully 
32197-1,32197,228,83,1,9.00,10153.98,0.04,0.00,N,O,1996-06-02,1996-05-13,1996-06-29,COLLECT COD,TRUCK,es. ruthle
32197-2,32197,464,65,2,26.00,35475.96,0.06,0.02,N,O,1996-04-21,1996-04-23,1996-05-13,TAKE BACK RETURN,REG AIR,riously ironic platelet
32197-3,32197,999,100,3,8.00,15199.92,0.09,0.05,N,O,1996-03-21,1996-05-14,1996-04-10,TAKE BACK RETURN,TRUCK, ideas hinder slyly express r
32197-4,32197,1712,55,4,40.00,64548.40,0.02,0.03,N,O,1996-06-22,1996-04-09,1996-07-08,DELIVER IN PERSON,SHIP, foxes along the package
32198-1,32198,601,33,1,44.00,66070.40,0.06,0.04,N,O,1996-01-06,1995-12-15,1996-01-31,NONE,FOB,es. regularly regular deposits hag
32198-2,32198,1956,45,2,37.00,68744.15,0.07,0.00,N,O,1995-12-23,1996-01-31,1995-12-29,TAKE BACK RETURN,SHIP, the silently stealth
32198-3,32198,1709,10,3,14.00,22549.80,0.00,0.08,N,O,1996-02-18,1996-01-30,1996-02-19,COLLECT COD,RAIL,ithely carefully even saute
32198-4,32198,624,56,4,30.00,45738.60,0.03,0.03,N,O,1996-01-17,1996-01-02,1996-02-02,NONE,REG AIR,olites are fluffily against the 
32199-1,32199,1757,84,1,17.00,28198.75,0.09,0.02,R,F,1994-09-18,1994-08-24,1994-10-06,COLLECT COD,RAIL,ld packages according to the re
32199-2,32199,1413,53,2,13.00,17087.33,0.04,0.07,R,F,1994-10-20,1994-09-25,1994-10-27,TAKE BACK RETURN,MAIL,fully. dep
32199-3,32199,831,65,3,34.00,58882.22,0.06,0.00,R,F,1994-08-01,1994-08-15,1994-08-08,COLLECT COD,MAIL,ts boost carefully slyly iron
32199-4,32199,678,10,4,10.00,15786.70,0.06,0.08,R,F,1994-08-27,1994-09-07,1994-09-24,DELIVER IN PERSON,RAIL,ully final excuses boost fu
32224-1,32224,232,33,1,4.00,4528.92,0.04,0.07,N,O,1996-07-09,1996-07-07,1996-07-15,TAKE BACK RETURN,MAIL,old theodolites boost furi
32224-2,32224,239,94,2,29.00,33037.67,0.04,0.03,N,O,1996-08-05,1996-08-08,1996-08-23,NONE,SHIP,y according to
32224-3,32224,1870,100,3,35.00,62015.45,0.00,0.02,N,O,1996-09-05,1996-08-08,1996-09-08,DELIVER IN PERSON,TRUCK,e slyly along the ironic platele
32225-1,32225,525,26,1,14.00,19957.28,0.03,0.01,N,O,1997-10-01,1997-11-15,1997-10-27,NONE,FOB,y quiet deposits
32226-1,32226,1647,48,1,14.00,21680.96,0.00,0.05,N,O,1997-01-24,1997-03-09,1997-02-14,TAKE BACK RETURN,MAIL,silent warthogs
32226-2,32226,1351,52,2,43.00,53851.05,0.02,0.06,N,O,1997-02-10,1997-02-02,1997-02-16,NONE,TRUCK,ains acros
32226-3,32226,193,94,3,17.00,18584.23,0.03,0.07,N,O,1997-01-10,1997-02-07,1997-01-12,COLLECT COD,MAIL,theodolites. carefully unusual escapade
32226-4,32226,1422,1,4,46.00,60877.32,0.01,0.02,N,O,1997-02-04,1997-02-14,1997-02-18,TAKE BACK RETURN,REG AIR, theodolites. blithely pending account
32226-5,32226,1014,20,5,23.00,21045.23,0.08,0.07,N,O,1997-01-22,1997-03-05,1997-02-18,DELIVER IN PERSON,RAIL,nstructions hinder along the slyl
32226-6,32226,667,30,6,29.00,45462.14,0.00,0.06,N,O,1997-01-25,1997-01-31,1997-02-21,NONE,RAIL,"g the quickly final excuses. final, unusu"
32227-1,32227,1648,72,1,37.00,57336.68,0.06,0.02,N,O,1996-01-11,1996-03-10,1996-01-29,NONE,SHIP, packages. carefully even a
32227-2,32227,1954,87,2,13.00,24127.35,0.01,0.05,N,O,1996-04-14,1996-03-18,1996-04-17,NONE,MAIL,tructions. silent do
32227-3,32227,35,61,3,42.00,39271.26,0.08,0.01,N,O,1996-05-03,1996-02-08,1996-05-17,DELIVER IN PERSON,AIR, platelets. slyly ironic notornis cajole am
32227-4,32227,1620,62,4,39.00,59343.18,0.07,0.01,N,O,1996-04-15,1996-02-11,1996-04-20,DELIVER IN PERSON,RAIL,s. ironic accounts nod blith
32227-5,32227,907,8,5,35.00,63276.50,0.08,0.02,N,O,1996-04-21,1996-03-02,1996-04-27,COLLECT COD,RAIL,old requests w
32227-6,32227,1478,96,6,46.00,63455.62,0.08,0.07,N,O,1996-04-07,1996-03-09,1996-05-07,COLLECT COD,REG AIR,al instructions
32227-7,32227,909,10,7,25.00,45247.50,0.08,0.00,N,O,1996-02-23,1996-02-20,1996-02-29,NONE,RAIL,to beans wake care
32228-1,32228,661,93,1,5.00,7808.30,0.04,0.05,A,F,1993-11-24,1994-01-07,1993-12-10,NONE,FOB,counts use slyly slyly even hockey players.
32228-2,32228,1711,96,2,7.00,11288.97,0.02,0.04,A,F,1994-02-18,1993-12-22,1994-03-19,NONE,FOB,"es cajole regular, final plat"
32228-3,32228,1582,3,3,10.00,14835.80,0.10,0.08,R,F,1993-12-26,1993-12-16,1994-01-06,TAKE BACK RETURN,TRUCK,ccounts nag. iro
32228-4,32228,345,74,4,11.00,13698.74,0.04,0.08,A,F,1993-12-26,1994-01-06,1994-01-13,NONE,REG AIR,l asymptotes grow fur
32228-5,32228,816,50,5,23.00,39486.63,0.01,0.02,R,F,1994-02-25,1993-12-09,1994-03-03,TAKE BACK RETURN,MAIL,ions are enticingly.
32228-6,32228,1602,44,6,42.00,63151.20,0.10,0.05,A,F,1993-12-19,1993-12-13,1994-01-18,TAKE BACK RETURN,FOB,egular accounts. q
32229-1,32229,352,37,1,47.00,58860.45,0.06,0.08,A,F,1993-09-30,1993-11-20,1993-10-02,DELIVER IN PERSON,SHIP, the slyly pending pinto beans integrate bl
32229-2,32229,1865,95,2,25.00,44171.50,0.04,0.04,A,F,1993-09-04,1993-10-08,1993-10-02,TAKE BACK RETURN,SHIP,. pending accounts nag according to th
32229-3,32229,1928,29,3,37.00,67707.04,0.07,0.06,R,F,1993-10-27,1993-11-13,1993-11-23,NONE,FOB,ng foxes. blithe
32229-4,32229,703,100,4,25.00,40092.50,0.08,0.05,A,F,1993-11-24,1993-11-28,1993-12-11,COLLECT COD,TRUCK,ly even epitaphs? slyly
32229-5,32229,1841,71,5,11.00,19171.24,0.06,0.06,R,F,1993-09-02,1993-10-09,1993-09-11,DELIVER IN PERSON,TRUCK,al request
32229-6,32229,165,18,6,2.00,2130.32,0.09,0.07,R,F,1993-11-16,1993-11-27,1993-11-22,TAKE BACK RETURN,AIR,"ent, unusual accounts. final packages"
32230-1,32230,108,61,1,34.00,34275.40,0.04,0.01,R,F,1992-10-13,1992-10-01,1992-11-10,NONE,MAIL,according to th
32230-2,32230,1738,23,2,19.00,31154.87,0.10,0.01,R,F,1992-11-13,1992-11-14,1992-12-13,COLLECT COD,FOB,. carefully unusual p
32230-3,32230,46,47,3,16.00,15136.64,0.05,0.04,A,F,1992-09-01,1992-10-10,1992-09-17,COLLECT COD,RAIL,refully iro
32230-4,32230,1848,78,4,4.00,6999.36,0.10,0.06,A,F,1992-12-04,1992-10-27,1992-12-25,DELIVER IN PERSON,SHIP,e according
32231-1,32231,1641,83,1,34.00,52449.76,0.02,0.00,A,F,1993-01-21,1992-12-16,1993-02-12,COLLECT COD,REG AIR,al theodolites nag about the bold re
32231-2,32231,1766,51,2,39.00,65042.64,0.02,0.06,R,F,1993-02-21,1993-01-11,1993-03-06,NONE,AIR,e across the carefully final platelets. fur
32231-3,32231,188,67,3,43.00,46791.74,0.01,0.03,A,F,1993-01-29,1992-12-19,1993-02-13,TAKE BACK RETURN,RAIL,ts; foxes use blithely along the furious
32231-4,32231,1381,58,4,13.00,16670.94,0.02,0.02,A,F,1993-01-28,1993-01-19,1993-02-14,NONE,TRUCK,ounts. carefully even packages wil
32231-5,32231,504,65,5,41.00,57584.50,0.06,0.06,R,F,1992-12-02,1992-12-28,1992-12-09,DELIVER IN PERSON,FOB,aggle carefully special depe
32231-6,32231,127,80,6,39.00,40057.68,0.02,0.03,R,F,1992-12-24,1992-12-16,1993-01-19,NONE,REG AIR,uriously even d
32231-7,32231,1903,4,7,43.00,77610.70,0.07,0.00,R,F,1992-12-15,1993-01-19,1993-01-08,DELIVER IN PERSON,MAIL,"ously above the regular, close requests; f"
32256-1,32256,584,75,1,24.00,35629.92,0.10,0.08,N,O,1998-08-24,1998-08-03,1998-09-06,NONE,REG AIR, the carefully special re
32256-2,32256,1792,35,2,14.00,23713.06,0.07,0.03,N,O,1998-07-07,1998-08-12,1998-08-02,COLLECT COD,FOB, quickly bold theo
32256-3,32256,1237,12,3,20.00,22764.60,0.04,0.07,N,O,1998-06-10,1998-07-16,1998-07-08,NONE,TRUCK, players. busy platelets boost fluffi
32257-1,32257,552,83,1,35.00,50839.25,0.07,0.07,N,O,1998-01-03,1997-11-07,1998-01-24,COLLECT COD,RAIL,cajole about the even
32257-2,32257,238,66,2,43.00,48943.89,0.00,0.00,N,O,1998-01-31,1997-12-24,1998-02-12,DELIVER IN PERSON,MAIL,efully final requests according to the 
32258-1,32258,748,49,1,37.00,61003.38,0.09,0.08,N,O,1997-03-16,1997-04-01,1997-04-02,DELIVER IN PERSON,AIR,es are blithely slyly final
32259-1,32259,1121,58,1,18.00,18398.16,0.10,0.08,N,O,1996-02-07,1996-03-28,1996-02-09,COLLECT COD,RAIL,"ular requests. final, special packages are "
32259-2,32259,446,34,2,39.00,52511.16,0.00,0.07,N,O,1996-02-04,1996-03-18,1996-03-03,NONE,SHIP,ing ideas unwind 
32259-3,32259,1384,23,3,31.00,39846.78,0.04,0.03,N,O,1996-04-22,1996-03-14,1996-05-12,DELIVER IN PERSON,REG AIR,quickly furiously silent
32259-4,32259,1862,6,4,13.00,22930.18,0.07,0.04,N,O,1996-02-10,1996-03-09,1996-02-24,DELIVER IN PERSON,RAIL,lly. accou
32259-5,32259,1239,77,5,47.00,53590.81,0.03,0.04,N,O,1996-03-08,1996-03-31,1996-03-25,NONE,MAIL,y even deposits 
32260-1,32260,1088,59,1,36.00,35606.88,0.05,0.04,N,O,1997-05-01,1997-03-24,1997-05-10,COLLECT COD,TRUCK, bold foxes dazzle quickly
32260-2,32260,755,20,2,35.00,57951.25,0.04,0.08,N,O,1997-03-30,1997-04-07,1997-04-07,DELIVER IN PERSON,FOB, excuses x-ray quickly bravely expre
32260-3,32260,1800,1,3,9.00,15316.20,0.05,0.01,N,O,1997-03-10,1997-05-21,1997-03-16,NONE,RAIL,er the ironic platele
32260-4,32260,1930,19,4,43.00,78772.99,0.01,0.08,N,O,1997-03-30,1997-04-21,1997-04-02,COLLECT COD,AIR, packages haggle c
32260-5,32260,1390,67,5,11.00,14205.29,0.01,0.07,N,O,1997-05-03,1997-03-27,1997-05-29,TAKE BACK RETURN,MAIL,t furiously. daringly special gif
32260-6,32260,1886,87,6,24.00,42909.12,0.01,0.07,N,O,1997-04-16,1997-03-30,1997-04-22,DELIVER IN PERSON,SHIP,quests are above the final requests. 
32261-1,32261,1261,99,1,47.00,54626.22,0.08,0.00,R,F,1993-03-17,1993-03-17,1993-04-03,COLLECT COD,RAIL,thlessly regular theodolite
32261-2,32261,795,96,2,11.00,18653.69,0.04,0.05,R,F,1993-03-06,1993-03-27,1993-04-05,DELIVER IN PERSON,RAIL,fully special accounts nag. car
32262-1,32262,1427,6,1,26.00,34538.92,0.05,0.04,N,O,1998-06-04,1998-06-27,1998-06-17,DELIVER IN PERSON,RAIL,le carefully package
32262-2,32262,1559,100,2,19.00,27750.45,0.02,0.00,N,O,1998-07-15,1998-08-02,1998-08-09,NONE,REG AIR,ets are sly
32262-3,32262,1056,57,3,35.00,33496.75,0.06,0.05,N,O,1998-09-07,1998-06-30,1998-09-27,COLLECT COD,AIR,e quickly after the final fox
32262-4,32262,1754,55,4,48.00,79476.00,0.01,0.04,N,O,1998-08-07,1998-07-04,1998-08-23,DELIVER IN PERSON,FOB,ual ideas integrate across the even acc
32262-5,32262,232,60,5,42.00,47553.66,0.01,0.03,N,O,1998-05-18,1998-06-18,1998-05-21,DELIVER IN PERSON,SHIP,le instead of the quickly thin exc
32262-6,32262,1976,65,6,26.00,48827.22,0.02,0.06,N,O,1998-09-12,1998-07-20,1998-10-08,DELIVER IN PERSON,AIR,beans. furiously regular de
32262-7,32262,771,4,7,21.00,35107.17,0.10,0.01,N,O,1998-08-26,1998-07-10,1998-09-10,TAKE BACK RETURN,SHIP,es. even requests integrate furious
32263-1,32263,765,30,1,37.00,61633.12,0.10,0.03,N,O,1996-11-22,1996-11-06,1996-11-26,NONE,MAIL,ts. careful accounts grow. p
32263-2,32263,1443,22,2,17.00,22855.48,0.02,0.01,N,O,1996-12-07,1996-11-03,1996-12-09,COLLECT COD,RAIL,accounts nag blithely regular a
32263-3,32263,17,18,3,13.00,11921.13,0.00,0.05,N,O,1996-10-31,1996-11-14,1996-11-28,TAKE BACK RETURN,FOB,he requests. slyly final requests en
32263-4,32263,1273,11,4,1.00,1174.27,0.00,0.04,N,O,1996-12-15,1996-10-16,1997-01-12,NONE,TRUCK,riously instead 
32288-1,32288,1178,51,1,28.00,30216.76,0.02,0.06,N,O,1996-06-19,1996-04-25,1996-07-18,DELIVER IN PERSON,RAIL,ep final accounts. quickly pending requests
32288-2,32288,251,6,2,28.00,32235.00,0.04,0.05,N,O,1996-03-22,1996-05-21,1996-04-09,DELIVER IN PERSON,RAIL,refully furious packages sleep slyly 
32288-3,32288,1977,10,3,39.00,73279.83,0.04,0.08,N,O,1996-06-10,1996-05-15,1996-07-05,DELIVER IN PERSON,AIR,l courts ca
32288-4,32288,264,65,4,10.00,11642.60,0.04,0.07,N,O,1996-04-15,1996-05-19,1996-04-17,NONE,RAIL,ggle. platelets across the final 
32288-5,32288,1398,75,5,47.00,61071.33,0.04,0.03,N,O,1996-04-10,1996-05-17,1996-05-06,NONE,MAIL,ly final packages. blithely regula
32288-6,32288,1347,86,6,29.00,36201.86,0.08,0.04,N,O,1996-06-11,1996-05-25,1996-06-23,DELIVER IN PERSON,FOB,ns. daringly regular excuses according 
32289-1,32289,1947,80,1,14.00,25885.16,0.01,0.07,N,O,1998-04-13,1998-05-05,1998-04-14,TAKE BACK RETURN,REG AIR, even courts. pen
32290-1,32290,1351,52,1,42.00,52598.70,0.06,0.08,N,O,1997-04-27,1997-05-10,1997-05-18,COLLECT COD,TRUCK,osits among the foxes wake carefully aga
32290-2,32290,520,51,2,50.00,71026.00,0.00,0.03,N,O,1997-06-26,1997-05-25,1997-07-07,NONE,MAIL,al deposits haggl
32291-1,32291,360,61,1,8.00,10082.88,0.03,0.05,A,F,1995-02-20,1995-02-03,1995-02-26,DELIVER IN PERSON,AIR,d blithely about the blithel
32291-2,32291,1351,66,2,49.00,61365.15,0.09,0.01,R,F,1995-01-16,1995-01-24,1995-02-10,NONE,FOB,longside of the ins
32291-3,32291,1419,37,3,32.00,42253.12,0.10,0.01,A,F,1995-01-10,1995-01-27,1995-01-27,COLLECT COD,RAIL,o beans; express excuses sleep dar
32291-4,32291,782,47,4,13.00,21876.14,0.01,0.00,R,F,1994-12-07,1995-01-26,1994-12-13,COLLECT COD,FOB,"s. busy, final requests play about the fur"
32291-5,32291,163,64,5,18.00,19136.88,0.06,0.05,R,F,1994-12-15,1995-01-01,1994-12-31,TAKE BACK RETURN,MAIL,yly even instructions
32291-6,32291,1564,5,6,5.00,7327.80,0.00,0.03,A,F,1994-11-09,1994-12-17,1994-11-23,TAKE BACK RETURN,REG AIR,ounts. care
32291-7,32291,1548,49,7,14.00,20293.56,0.07,0.06,A,F,1995-02-05,1995-01-19,1995-02-06,TAKE BACK RETURN,SHIP,cial packages h
32292-1,32292,662,25,1,43.00,67194.38,0.07,0.07,R,F,1992-04-30,1992-04-16,1992-05-17,NONE,REG AIR,uctions boost blithely acros
32292-2,32292,1309,48,2,11.00,13313.30,0.04,0.03,R,F,1992-06-12,1992-04-17,1992-07-05,TAKE BACK RETURN,REG AIR,ly express deposit
32292-3,32292,1411,29,3,40.00,52496.40,0.04,0.06,A,F,1992-05-21,1992-04-17,1992-06-19,COLLECT COD,SHIP,cuses affix slyly slyly even request
32292-4,32292,1373,12,4,44.00,56072.28,0.01,0.02,A,F,1992-03-14,1992-04-05,1992-03-21,NONE,AIR,s cajole silently q
32292-5,32292,1553,54,5,48.00,69818.40,0.02,0.06,R,F,1992-04-25,1992-03-20,1992-05-16,NONE,REG AIR,"eve slyly even, i"
32293-1,32293,464,65,1,31.00,42298.26,0.03,0.00,N,O,1996-02-09,1996-02-03,1996-03-04,NONE,RAIL,es sleep furiously among the
32293-2,32293,1895,82,2,44.00,79063.16,0.02,0.00,N,O,1996-01-04,1996-01-13,1996-01-06,COLLECT COD,FOB,fully agains
32293-3,32293,1071,72,3,28.00,27217.96,0.03,0.02,N,O,1996-02-07,1996-01-25,1996-03-04,DELIVER IN PERSON,MAIL,packages use reg
32293-4,32293,125,26,4,46.00,47155.52,0.01,0.08,N,O,1996-01-06,1996-01-23,1996-01-26,NONE,RAIL,e final accounts. carefully regul
32293-5,32293,1736,21,5,12.00,19652.76,0.02,0.00,N,O,1996-01-25,1996-01-27,1996-02-12,NONE,SHIP,telets wake across the pack
32293-6,32293,899,100,6,21.00,37797.69,0.04,0.07,N,O,1995-12-06,1996-02-06,1995-12-16,TAKE BACK RETURN,SHIP,kly regular request
32293-7,32293,354,39,7,18.00,22578.30,0.08,0.03,N,O,1996-02-24,1995-12-20,1996-03-06,TAKE BACK RETURN,MAIL,ual requests believe fluffi
32294-1,32294,1063,69,1,22.00,21209.32,0.05,0.07,N,O,1996-03-07,1996-04-22,1996-03-08,COLLECT COD,REG AIR,oost about the quickly even packages. ca
32294-2,32294,1929,62,2,38.00,69574.96,0.09,0.08,N,O,1996-05-18,1996-03-23,1996-05-19,TAKE BACK RETURN,REG AIR,furiously special escapades sleep near
32295-1,32295,1414,93,1,43.00,56562.63,0.09,0.04,A,F,1994-04-11,1994-03-21,1994-04-18,DELIVER IN PERSON,REG AIR,scapades haggle unusual deposits. even de
32295-2,32295,1416,56,2,22.00,28983.02,0.05,0.08,A,F,1994-02-16,1994-03-28,1994-02-20,TAKE BACK RETURN,MAIL,l asymptotes. even deposits
32320-1,32320,1579,60,1,27.00,39975.39,0.07,0.06,N,O,1997-05-13,1997-04-19,1997-06-03,TAKE BACK RETURN,SHIP,. quickly ironic pinto beans w
32320-2,32320,256,57,2,13.00,15031.25,0.09,0.06,N,O,1997-06-21,1997-05-05,1997-07-12,DELIVER IN PERSON,SHIP,. ruthlessly unusual asymp
32320-3,32320,747,44,3,27.00,44488.98,0.05,0.00,N,O,1997-04-16,1997-04-18,1997-05-06,COLLECT COD,AIR,egrate fluffily. 
32320-4,32320,1027,98,4,5.00,4640.10,0.03,0.03,N,O,1997-04-10,1997-05-28,1997-04-30,COLLECT COD,MAIL,furiously regular dugouts detect sly
32320-5,32320,793,94,5,16.00,27100.64,0.09,0.07,N,O,1997-04-29,1997-05-06,1997-05-26,DELIVER IN PERSON,AIR,telets nag quickly b
32321-1,32321,899,99,1,48.00,86394.72,0.02,0.02,N,O,1997-01-10,1997-02-06,1997-02-02,NONE,REG AIR,slyly. even reque
32321-2,32321,345,74,2,47.00,58530.98,0.00,0.07,N,O,1997-03-21,1997-01-17,1997-04-11,DELIVER IN PERSON,SHIP,sual pinto
32321-3,32321,1887,31,3,47.00,84077.36,0.05,0.05,N,O,1997-01-09,1997-03-09,1997-02-03,DELIVER IN PERSON,TRUCK,ges. quickly bol
32321-4,32321,1722,7,4,2.00,3247.44,0.10,0.07,N,O,1997-02-07,1997-01-22,1997-02-13,NONE,SHIP,final dinos. blithely bold foxes sol
32321-5,32321,295,23,5,15.00,17929.35,0.03,0.03,N,O,1997-03-22,1997-03-11,1997-04-21,COLLECT COD,REG AIR,odolites across the ironic packages wake
32321-6,32321,1062,98,6,37.00,35633.22,0.06,0.07,N,O,1997-03-08,1997-01-22,1997-03-30,DELIVER IN PERSON,TRUCK, accounts against the qu
32321-7,32321,1627,69,7,50.00,76431.00,0.03,0.08,N,O,1997-01-11,1997-03-14,1997-02-10,NONE,RAIL, carefully according to the care
32322-1,32322,1379,18,1,27.00,34569.99,0.00,0.00,N,O,1997-10-12,1997-09-27,1997-10-24,TAKE BACK RETURN,RAIL,e slyly even foxes haggle furiously about t
32322-2,32322,489,90,2,48.00,66695.04,0.08,0.08,N,O,1997-10-17,1997-09-09,1997-11-14,NONE,REG AIR, sentiments: qu
32323-1,32323,501,92,1,41.00,57461.50,0.00,0.03,A,F,1993-08-27,1993-10-14,1993-09-20,NONE,RAIL,"x busy, bold deposits. final"
32323-2,32323,314,15,2,33.00,40072.23,0.08,0.03,A,F,1993-08-13,1993-10-09,1993-08-31,COLLECT COD,RAIL,ly slow theodolites wake blithely reg
32323-3,32323,636,30,3,25.00,38415.75,0.07,0.06,R,F,1993-09-22,1993-09-09,1993-10-06,DELIVER IN PERSON,MAIL,ts. even asymptotes detect b
32323-4,32323,346,3,4,22.00,27419.48,0.02,0.03,A,F,1993-08-28,1993-09-10,1993-09-18,COLLECT COD,SHIP,nently alongside of the e
32323-5,32323,828,29,5,19.00,32847.58,0.04,0.07,A,F,1993-08-31,1993-08-26,1993-09-16,COLLECT COD,TRUCK,eep packages. slyly 
32323-6,32323,288,16,6,8.00,9506.24,0.07,0.04,R,F,1993-08-24,1993-10-19,1993-09-05,NONE,FOB,the carefully unusual deposits. iron
32323-7,32323,311,40,7,30.00,36339.30,0.07,0.04,A,F,1993-09-15,1993-09-21,1993-10-10,COLLECT COD,TRUCK,egular escapades boost against the regu
32324-1,32324,1601,43,1,31.00,46580.60,0.09,0.08,N,O,1996-11-22,1997-01-18,1996-12-09,DELIVER IN PERSON,TRUCK,uriously regular pinto
32324-2,32324,914,49,2,8.00,14519.28,0.00,0.07,N,O,1997-02-15,1997-02-17,1997-02-26,COLLECT COD,TRUCK,equests. regular epitaphs cajol
32324-3,32324,1563,84,3,39.00,57117.84,0.07,0.02,N,O,1997-02-05,1997-01-23,1997-03-02,NONE,FOB,efully express
32324-4,32324,981,84,4,32.00,60223.36,0.05,0.02,N,O,1996-12-13,1997-02-07,1996-12-30,NONE,MAIL,odolites detect among the even sheaves. i
32324-5,32324,1358,97,5,34.00,42817.90,0.00,0.03,N,O,1996-12-12,1997-02-02,1997-01-10,DELIVER IN PERSON,REG AIR,regular de
32324-6,32324,624,18,6,39.00,59460.18,0.06,0.04,N,O,1996-11-28,1996-12-20,1996-12-11,COLLECT COD,MAIL,en hockey players integrate fluffily. reg
32324-7,32324,1026,32,7,28.00,25956.56,0.00,0.06,N,O,1997-01-01,1997-01-31,1997-01-04,TAKE BACK RETURN,AIR, requests among the instructions us
32325-1,32325,607,70,1,25.00,37690.00,0.06,0.01,A,F,1993-01-07,1993-01-25,1993-01-10,COLLECT COD,MAIL,mong the carefully pendin
32325-2,32325,1668,51,2,12.00,18835.92,0.06,0.07,A,F,1992-12-08,1993-01-01,1993-01-04,NONE,REG AIR,inal theodolites a
32325-3,32325,816,16,3,35.00,60088.35,0.04,0.08,R,F,1992-11-13,1992-12-30,1992-11-28,DELIVER IN PERSON,FOB,lar instructions wake ac
32325-4,32325,742,75,4,29.00,47639.46,0.00,0.07,R,F,1992-11-26,1993-01-09,1992-12-04,TAKE BACK RETURN,RAIL, carefully bold courts. final a
32325-5,32325,1863,50,5,28.00,49416.08,0.08,0.02,A,F,1993-01-11,1993-01-24,1993-02-02,NONE,AIR,ely final requests sleep fur
32326-1,32326,44,45,1,13.00,12272.52,0.00,0.02,A,F,1993-11-21,1994-01-18,1993-12-07,TAKE BACK RETURN,RAIL,ven accounts? deposits 
32327-1,32327,90,91,1,4.00,3960.36,0.06,0.07,R,F,1992-10-25,1992-10-23,1992-10-26,DELIVER IN PERSON,FOB,uests sleep across the quickly final foxes.
32327-2,32327,380,9,2,10.00,12803.80,0.03,0.04,A,F,1992-11-12,1992-10-31,1992-11-16,DELIVER IN PERSON,SHIP,ages. carefully final inst
32327-3,32327,1846,33,3,30.00,52435.20,0.03,0.01,R,F,1992-11-02,1992-09-20,1992-11-10,COLLECT COD,REG AIR,. ironic deposits wake accordi
32327-4,32327,221,3,4,3.00,3363.66,0.04,0.00,A,F,1992-12-07,1992-09-14,1992-12-14,TAKE BACK RETURN,MAIL,l packages. even p
32327-5,32327,1277,15,5,28.00,32991.56,0.01,0.05,R,F,1992-08-20,1992-09-20,1992-09-02,COLLECT COD,AIR,since the even theodolites must detect
32327-6,32327,1145,46,6,49.00,51260.86,0.03,0.02,R,F,1992-10-28,1992-09-18,1992-11-18,TAKE BACK RETURN,MAIL,"ts. final, even "
32327-7,32327,1971,72,7,37.00,69299.89,0.05,0.02,A,F,1992-08-10,1992-10-12,1992-09-03,COLLECT COD,REG AIR, carefully carefully final notornis--
32352-1,32352,399,100,1,16.00,20790.24,0.08,0.04,N,O,1997-11-28,1997-11-11,1997-12-18,NONE,FOB,its could have to dete
32352-2,32352,1608,50,2,24.00,36230.40,0.02,0.07,N,O,1997-11-06,1997-10-26,1997-11-11,TAKE BACK RETURN,SHIP,riously blithel
32352-3,32352,1536,17,3,6.00,8625.18,0.10,0.07,N,O,1997-10-16,1997-11-09,1997-11-07,COLLECT COD,SHIP,unwind quickly quickly ironic
32352-4,32352,1086,57,4,48.00,47379.84,0.02,0.00,N,O,1997-11-21,1997-10-09,1997-12-15,COLLECT COD,FOB, requests a
32353-1,32353,1392,7,1,34.00,43975.26,0.00,0.00,N,O,1998-06-04,1998-08-20,1998-06-14,COLLECT COD,TRUCK,pecial ideas cajole bli
32353-2,32353,1208,20,2,23.00,25511.60,0.04,0.06,N,O,1998-09-24,1998-08-20,1998-10-06,TAKE BACK RETURN,MAIL,packages. express instructi
32353-3,32353,571,2,3,34.00,50033.38,0.07,0.08,N,O,1998-09-08,1998-07-02,1998-09-28,COLLECT COD,REG AIR,ing ideas.
32353-4,32353,378,35,4,19.00,24289.03,0.08,0.00,N,O,1998-08-12,1998-07-11,1998-08-25,COLLECT COD,AIR,egular instructions caj
32353-5,32353,180,33,5,26.00,28084.68,0.10,0.00,N,O,1998-07-19,1998-08-22,1998-08-15,COLLECT COD,REG AIR,nic sheaves
32353-6,32353,1544,65,6,7.00,10118.78,0.07,0.07,N,O,1998-07-29,1998-08-05,1998-08-03,TAKE BACK RETURN,FOB,into beans run 
32353-7,32353,184,37,7,21.00,22767.78,0.05,0.06,N,O,1998-06-13,1998-08-07,1998-06-16,NONE,REG AIR,grow carefully. re
32354-1,32354,1102,3,1,47.00,47145.70,0.05,0.06,N,O,1996-05-25,1996-04-23,1996-06-10,NONE,FOB,ests. furiously pending requests at th
32354-2,32354,42,18,2,28.00,26377.12,0.04,0.07,N,O,1996-04-03,1996-05-12,1996-04-19,COLLECT COD,MAIL,ily according to the theodolites. ev
32354-3,32354,1577,98,3,4.00,5914.28,0.09,0.06,N,O,1996-06-27,1996-05-16,1996-07-11,TAKE BACK RETURN,SHIP,cross the slyly special deposits c
32354-4,32354,1233,34,4,13.00,14744.99,0.08,0.04,N,O,1996-04-19,1996-04-24,1996-05-09,NONE,RAIL,carefully even courts. quickly special pe
32354-5,32354,1225,26,5,8.00,9009.76,0.03,0.08,N,O,1996-07-07,1996-04-14,1996-07-16,COLLECT COD,AIR,"n accounts. unusual, u"
32355-1,32355,167,68,1,33.00,35216.28,0.01,0.05,A,F,1994-07-16,1994-07-12,1994-08-12,NONE,AIR,ake unusual deposits. regular reque
32355-2,32355,714,79,2,21.00,33908.91,0.08,0.07,A,F,1994-08-05,1994-06-25,1994-08-17,TAKE BACK RETURN,FOB,quickly. slyly ironic excuses 
32355-3,32355,1462,41,3,3.00,4090.38,0.02,0.08,A,F,1994-08-30,1994-06-27,1994-09-01,TAKE BACK RETURN,FOB,sly pending accounts. eve
32355-4,32355,1614,56,4,30.00,45468.30,0.00,0.01,A,F,1994-08-06,1994-07-14,1994-09-05,COLLECT COD,MAIL,s. accounts above the ideas boost a
32355-5,32355,412,13,5,37.00,48559.17,0.10,0.04,R,F,1994-09-04,1994-07-16,1994-09-15,TAKE BACK RETURN,AIR,arefully special tithes wake blith
32355-6,32355,1961,94,6,35.00,65203.60,0.02,0.05,A,F,1994-09-02,1994-08-07,1994-09-05,DELIVER IN PERSON,FOB,lites are furiously. pending excuses alon
32356-1,32356,51,52,1,18.00,17118.90,0.08,0.07,A,F,1992-12-13,1992-11-11,1992-12-27,COLLECT COD,RAIL, after the furiously special instructi
32356-2,32356,1021,92,2,17.00,15674.34,0.10,0.06,A,F,1993-01-10,1992-11-12,1993-02-07,TAKE BACK RETURN,TRUCK,regular theodolites haggle. 
32356-3,32356,1928,29,3,46.00,84176.32,0.02,0.07,R,F,1992-12-15,1992-11-24,1992-12-19,NONE,SHIP,posits. furiously 
32356-4,32356,1555,96,4,44.00,64088.20,0.04,0.05,A,F,1993-01-21,1992-11-23,1993-02-10,COLLECT COD,RAIL,ccounts boost according
32356-5,32356,867,1,5,6.00,10607.16,0.07,0.04,R,F,1993-02-09,1993-01-05,1993-02-26,NONE,AIR,e quickly ironi
32356-6,32356,1440,80,6,3.00,4024.32,0.03,0.04,A,F,1992-12-12,1992-11-19,1993-01-01,TAKE BACK RETURN,TRUCK,olites since the quietly 
32356-7,32356,871,38,7,24.00,42524.88,0.06,0.06,R,F,1993-01-08,1992-12-15,1993-01-26,NONE,AIR,regular requests
32357-1,32357,1501,22,1,6.00,8415.00,0.08,0.03,N,O,1996-03-24,1996-04-04,1996-04-22,DELIVER IN PERSON,REG AIR,ide of the permanently pending pin
32357-2,32357,1550,31,2,11.00,15967.05,0.04,0.04,N,O,1996-03-19,1996-03-18,1996-04-14,COLLECT COD,SHIP,ts across the fluff
32357-3,32357,677,40,3,4.00,6310.68,0.06,0.01,N,O,1996-02-23,1996-03-17,1996-03-13,NONE,RAIL,egular requests are. dogged 
32357-4,32357,971,74,4,46.00,86110.62,0.06,0.08,N,O,1996-02-09,1996-04-03,1996-03-02,TAKE BACK RETURN,FOB,e carefully. accou
32357-5,32357,1953,54,5,2.00,3709.90,0.09,0.02,N,O,1996-04-16,1996-04-11,1996-04-23,DELIVER IN PERSON,MAIL,luffily blithely u
32358-1,32358,192,71,1,8.00,8737.52,0.04,0.00,A,F,1994-09-16,1994-08-04,1994-09-19,NONE,RAIL,ng the boldly final deposits a
32358-2,32358,404,92,2,46.00,60002.40,0.04,0.01,R,F,1994-08-27,1994-08-14,1994-09-05,COLLECT COD,RAIL,ronic deposits caj
32358-3,32358,737,34,3,33.00,54045.09,0.06,0.00,A,F,1994-06-26,1994-08-13,1994-07-15,TAKE BACK RETURN,RAIL, packages. deposits wake regularl
32358-4,32358,1357,72,4,45.00,56625.75,0.05,0.08,A,F,1994-07-11,1994-08-11,1994-07-31,NONE,MAIL,packages breach after the carefully pe
32358-5,32358,1334,35,5,31.00,38295.23,0.08,0.00,A,F,1994-09-10,1994-07-17,1994-09-25,COLLECT COD,RAIL,sly among the final 
32358-6,32358,33,59,6,38.00,35455.14,0.07,0.07,A,F,1994-08-01,1994-07-30,1994-08-20,DELIVER IN PERSON,REG AIR,y players use
32359-1,32359,913,14,1,37.00,67114.67,0.01,0.08,N,O,1997-03-02,1997-01-28,1997-03-28,COLLECT COD,AIR,"nic, ironic ideas. ironic requests"
32359-2,32359,652,46,2,9.00,13973.85,0.09,0.04,N,O,1997-02-25,1997-02-01,1997-03-16,DELIVER IN PERSON,FOB,nusual deposits
32359-3,32359,1913,2,3,44.00,79856.04,0.00,0.05,N,O,1997-03-28,1997-03-04,1997-04-09,TAKE BACK RETURN,REG AIR,ackages serve; silent acco
32384-1,32384,1929,30,1,5.00,9154.60,0.00,0.03,N,O,1998-06-07,1998-06-24,1998-07-01,COLLECT COD,RAIL,s. excuses detect at the platelets. fur
32384-2,32384,1822,66,2,36.00,62057.52,0.03,0.08,N,O,1998-05-25,1998-06-30,1998-06-01,COLLECT COD,FOB,lar accounts run slyly blithely 
32384-3,32384,604,5,3,44.00,66202.40,0.07,0.00,N,O,1998-08-05,1998-06-01,1998-08-22,TAKE BACK RETURN,SHIP, ideas sleep furio
32384-4,32384,1517,18,4,7.00,9929.57,0.10,0.04,N,O,1998-06-01,1998-07-06,1998-06-14,NONE,FOB, excuses sleep quickly against the b
32384-5,32384,404,63,5,8.00,10435.20,0.04,0.04,N,O,1998-05-06,1998-07-19,1998-05-21,NONE,TRUCK,theodolites. quickly even instructions gro
32384-6,32384,633,65,6,15.00,23004.45,0.05,0.06,N,O,1998-05-07,1998-07-04,1998-05-10,COLLECT COD,REG AIR,theodolites. slyly regular depos
32385-1,32385,1177,50,1,7.00,7547.19,0.08,0.06,N,O,1996-10-29,1996-09-16,1996-11-05,COLLECT COD,SHIP,xes sleep along the busily final accou
32385-2,32385,397,54,2,43.00,55787.77,0.03,0.01,N,O,1996-11-16,1996-10-13,1996-12-03,DELIVER IN PERSON,TRUCK,even packa
32385-3,32385,1347,24,3,7.00,8738.38,0.03,0.08,N,O,1996-12-05,1996-10-27,1996-12-23,COLLECT COD,TRUCK,uests use. express requests acc
32385-4,32385,865,66,4,33.00,58273.38,0.04,0.00,N,O,1996-10-29,1996-11-02,1996-11-13,NONE,AIR,ironic packages cajole furiously final 
32385-5,32385,686,87,5,49.00,77747.32,0.10,0.04,N,O,1996-09-06,1996-10-24,1996-09-18,DELIVER IN PERSON,AIR,ainst the blithely 
32385-6,32385,1580,1,6,41.00,60744.78,0.01,0.08,N,O,1996-08-31,1996-10-11,1996-09-02,DELIVER IN PERSON,AIR,accounts doze. special platelets 
32385-7,32385,903,38,7,8.00,14431.20,0.00,0.03,N,O,1996-09-15,1996-10-24,1996-10-14,TAKE BACK RETURN,TRUCK,as. ideas according to the b
32386-1,32386,1252,64,1,7.00,8072.75,0.02,0.07,A,F,1992-08-05,1992-06-26,1992-08-06,NONE,REG AIR,ly after the dogged theodolites. 
32386-2,32386,1781,82,2,33.00,55531.74,0.09,0.07,A,F,1992-08-13,1992-07-05,1992-08-17,TAKE BACK RETURN,MAIL,s integrate acc
32387-1,32387,133,60,1,11.00,11364.43,0.09,0.04,N,O,1998-04-12,1998-03-05,1998-05-08,DELIVER IN PERSON,RAIL,sly express de
32388-1,32388,1276,88,1,4.00,4709.08,0.06,0.03,N,O,1996-06-26,1996-05-29,1996-07-10,COLLECT COD,RAIL,hrash slyly at t
32388-2,32388,1509,50,2,9.00,12694.50,0.06,0.00,N,O,1996-05-20,1996-05-04,1996-05-26,NONE,REG AIR,fully. fluffily ironic requests
32388-3,32388,1360,99,3,30.00,37840.80,0.02,0.07,N,O,1996-05-17,1996-06-02,1996-05-18,DELIVER IN PERSON,SHIP,. carefully final pinto b
32388-4,32388,1728,13,4,17.00,27705.24,0.07,0.01,N,O,1996-07-10,1996-05-22,1996-08-09,DELIVER IN PERSON,AIR,eans. slyly express re
32388-5,32388,1021,27,5,19.00,17518.38,0.08,0.08,N,O,1996-06-23,1996-05-21,1996-07-22,NONE,SHIP, beans after the quickly regular a
32389-1,32389,1949,38,1,47.00,86994.18,0.08,0.06,A,F,1993-12-03,1994-01-12,1993-12-04,NONE,TRUCK,slyly final accoun
32389-2,32389,1641,65,2,34.00,52449.76,0.06,0.03,R,F,1993-12-13,1993-12-26,1994-01-09,COLLECT COD,REG AIR,ly silent platelets. f
32389-3,32389,113,14,3,44.00,44576.84,0.08,0.04,A,F,1993-12-20,1994-01-04,1993-12-22,NONE,MAIL,ic requests use slyly idly ironic accounts.
32389-4,32389,104,57,4,19.00,19077.90,0.06,0.01,A,F,1993-11-23,1994-01-22,1993-12-08,TAKE BACK RETURN,AIR,furiously ironic dependencies again
32389-5,32389,214,96,5,31.00,34540.51,0.10,0.08,A,F,1993-12-09,1994-01-13,1994-01-01,COLLECT COD,REG AIR,ecial foxes above the even excuse
32389-6,32389,1300,75,6,29.00,34837.70,0.05,0.02,R,F,1994-01-19,1994-01-05,1994-02-17,NONE,FOB,. quickly even a
32389-7,32389,628,29,7,33.00,50444.46,0.02,0.08,A,F,1993-11-24,1994-01-11,1993-12-02,DELIVER IN PERSON,SHIP,s. final ideas cajole fl
32390-1,32390,1805,92,1,9.00,15361.20,0.10,0.01,N,O,1996-09-17,1996-11-19,1996-09-18,TAKE BACK RETURN,MAIL,al deposits wake amo
32391-1,32391,1026,27,1,36.00,33372.72,0.04,0.00,R,F,1993-06-04,1993-08-24,1993-06-26,DELIVER IN PERSON,FOB,ages haggle closely above the qu
32391-2,32391,1647,89,2,2.00,3097.28,0.05,0.07,A,F,1993-09-18,1993-07-10,1993-10-06,NONE,AIR, ironic ideas. fox
32391-3,32391,1361,62,3,47.00,59330.92,0.07,0.00,A,F,1993-07-05,1993-07-02,1993-07-28,DELIVER IN PERSON,RAIL,ven theodolites? final pack
32391-4,32391,589,80,4,26.00,38729.08,0.09,0.08,R,F,1993-06-11,1993-08-08,1993-06-15,COLLECT COD,RAIL,"s. even, ironic i"
32416-1,32416,1258,96,1,23.00,26662.75,0.04,0.06,N,O,1998-03-03,1998-01-24,1998-03-21,COLLECT COD,FOB,its. carefully even 
32416-2,32416,1822,52,2,23.00,39647.86,0.06,0.07,N,O,1998-03-24,1998-03-09,1998-04-10,COLLECT COD,SHIP,. carefully eve
32416-3,32416,1292,4,3,15.00,17899.35,0.02,0.08,N,O,1998-03-19,1998-03-03,1998-04-17,TAKE BACK RETURN,FOB,ily at the foxes. fl
32416-4,32416,836,36,4,28.00,48631.24,0.03,0.03,N,O,1998-03-24,1998-03-20,1998-04-03,DELIVER IN PERSON,TRUCK,ly accounts. quickly final inst
32416-5,32416,997,32,5,50.00,94899.50,0.04,0.04,N,O,1998-02-18,1998-02-24,1998-03-17,NONE,MAIL," ironic, thin pinto beans-- express"
32417-1,32417,1369,84,1,42.00,53355.12,0.05,0.02,A,F,1993-04-20,1993-06-17,1993-05-08,COLLECT COD,SHIP,eans are after th
32418-1,32418,108,87,1,27.00,27218.70,0.05,0.06,A,F,1994-01-24,1994-02-26,1994-02-09,NONE,SHIP,atelets. slyly pend
32418-2,32418,1772,15,2,20.00,33475.40,0.04,0.08,R,F,1994-02-12,1994-02-28,1994-03-09,DELIVER IN PERSON,REG AIR,accounts. slyly ironic inst
32418-3,32418,1183,20,3,17.00,18431.06,0.04,0.06,R,F,1994-01-12,1994-03-29,1994-02-02,COLLECT COD,AIR,ng the slyly special deposits: fluffil
32418-4,32418,686,18,4,5.00,7933.40,0.10,0.06,R,F,1994-04-03,1994-02-11,1994-05-01,DELIVER IN PERSON,SHIP,osits? accounts use furiously fluffil
32419-1,32419,1909,54,1,14.00,25352.60,0.08,0.03,N,O,1997-05-18,1997-06-30,1997-06-02,DELIVER IN PERSON,AIR,"olphins. even, even"
32419-2,32419,1397,12,2,30.00,38951.70,0.04,0.04,N,O,1997-05-20,1997-06-24,1997-05-22,COLLECT COD,TRUCK,lites. regular 
32419-3,32419,1693,35,3,25.00,39867.25,0.03,0.00,N,O,1997-08-04,1997-07-13,1997-08-11,TAKE BACK RETURN,SHIP,lly final pinto
32419-4,32419,1818,62,4,2.00,3439.62,0.00,0.04,N,O,1997-05-13,1997-06-24,1997-06-11,DELIVER IN PERSON,REG AIR,e carefully slow packages are blithely pe
32419-5,32419,1670,12,5,33.00,51865.11,0.07,0.07,N,O,1997-07-23,1997-06-04,1997-07-30,DELIVER IN PERSON,REG AIR,yly regular dependencies sleep 
32420-1,32420,696,90,1,19.00,30337.11,0.09,0.03,R,F,1994-09-12,1994-09-06,1994-10-06,COLLECT COD,SHIP,gular instructions run around the slyly iro
32420-2,32420,1923,24,2,11.00,20074.12,0.06,0.08,A,F,1994-09-24,1994-10-28,1994-10-14,TAKE BACK RETURN,FOB,s. requests are furiousl
32420-3,32420,1195,32,3,49.00,53713.31,0.04,0.08,R,F,1994-08-28,1994-09-16,1994-09-07,TAKE BACK RETURN,SHIP,lly thin pinto beans affix about the carefu
32420-4,32420,1794,79,4,45.00,76310.55,0.01,0.01,A,F,1994-11-13,1994-09-25,1994-12-05,NONE,REG AIR,deposits. furiously regular packages u
32420-5,32420,532,93,5,48.00,68761.44,0.04,0.06,R,F,1994-09-04,1994-09-23,1994-10-03,TAKE BACK RETURN,SHIP,ronic pinto beans. carefully unusual ac
32420-6,32420,758,91,6,40.00,66350.00,0.03,0.02,R,F,1994-08-14,1994-10-23,1994-08-30,NONE,MAIL,c asymptotes cajole blithely regula
32421-1,32421,1276,88,1,25.00,29431.75,0.04,0.02,N,O,1996-03-23,1996-02-05,1996-04-14,COLLECT COD,RAIL,slyly special 
32421-2,32421,205,87,2,9.00,9946.80,0.03,0.01,N,O,1996-04-01,1996-03-01,1996-04-05,NONE,RAIL,egular requests try to ar
32421-3,32421,682,14,3,41.00,64889.88,0.03,0.08,N,O,1996-03-01,1996-03-01,1996-03-20,NONE,AIR,"packages wake about the ironic,"
32422-1,32422,64,90,1,24.00,23137.44,0.00,0.01,N,O,1996-01-21,1996-03-15,1996-01-22,COLLECT COD,TRUCK,to the busily silent platelet
32422-2,32422,900,1,2,40.00,72036.00,0.01,0.03,N,O,1996-04-01,1996-01-19,1996-04-10,TAKE BACK RETURN,TRUCK,tealthy asymptotes
32422-3,32422,1135,36,3,16.00,16578.08,0.04,0.02,N,O,1996-02-01,1996-01-17,1996-02-06,DELIVER IN PERSON,FOB,unusual ideas 
32422-4,32422,1498,77,4,39.00,54580.11,0.05,0.03,N,O,1996-03-13,1996-03-12,1996-04-09,DELIVER IN PERSON,REG AIR,e quickly even deposits. regular foxes in
32423-1,32423,1189,98,1,17.00,18533.06,0.08,0.05,N,O,1997-12-26,1998-02-17,1997-12-28,DELIVER IN PERSON,REG AIR,nal pinto beans cajole carefully
32423-2,32423,1639,40,2,16.00,24650.08,0.04,0.07,N,O,1998-03-28,1998-03-20,1998-04-22,COLLECT COD,FOB,r the bold requests wake alo
32423-3,32423,300,1,3,5.00,6001.50,0.09,0.04,N,O,1998-03-28,1998-03-06,1998-04-15,NONE,RAIL,"furious, even pinto b"
32423-4,32423,197,24,4,46.00,50470.74,0.02,0.05,N,O,1998-01-03,1998-03-08,1998-02-02,TAKE BACK RETURN,REG AIR,quickly fina
32448-1,32448,1322,99,1,42.00,51379.44,0.07,0.08,N,O,1998-07-20,1998-08-08,1998-07-30,TAKE BACK RETURN,REG AIR,ove the in
32448-2,32448,547,8,2,17.00,24608.18,0.10,0.03,N,O,1998-07-17,1998-08-31,1998-08-02,NONE,RAIL,ies nag alongside of the carefully special
32449-1,32449,1368,69,1,8.00,10154.88,0.02,0.02,A,F,1993-02-13,1993-02-07,1993-03-15,COLLECT COD,FOB,e instructions. quickly ironic deposits h
32449-2,32449,1693,94,2,34.00,54219.46,0.10,0.00,R,F,1993-01-03,1993-03-04,1993-01-29,COLLECT COD,MAIL,ke platelets. carefully ironi
32449-3,32449,1683,7,3,17.00,26939.56,0.01,0.06,A,F,1993-02-18,1993-01-14,1993-03-11,COLLECT COD,REG AIR,ul accounts. furiously pendin
32449-4,32449,897,97,4,45.00,80905.05,0.10,0.07,A,F,1993-04-02,1993-03-06,1993-04-05,DELIVER IN PERSON,REG AIR,thely special packages ar
32449-5,32449,1094,100,5,2.00,1990.18,0.01,0.02,A,F,1993-03-31,1993-02-08,1993-04-27,TAKE BACK RETURN,REG AIR, thinly. instruc
32449-6,32449,9,10,6,3.00,2727.00,0.07,0.06,R,F,1993-02-08,1993-01-24,1993-02-28,COLLECT COD,MAIL, furiously final foxes de
32450-1,32450,401,2,1,45.00,58563.00,0.05,0.00,N,O,1996-03-03,1996-02-08,1996-03-10,DELIVER IN PERSON,FOB,le quickly qui
32450-2,32450,17,43,2,45.00,41265.45,0.00,0.05,N,O,1996-04-05,1996-02-16,1996-04-21,TAKE BACK RETURN,FOB,ss packages are accounts. care
32450-3,32450,680,43,3,26.00,41097.68,0.02,0.03,N,O,1996-02-25,1996-02-13,1996-03-10,TAKE BACK RETURN,REG AIR,"bold, bold foxes. daring pinto b"
32451-1,32451,504,5,1,36.00,50562.00,0.05,0.05,A,F,1994-07-06,1994-06-22,1994-07-30,DELIVER IN PERSON,RAIL,detect. slyly final ideas s
32451-2,32451,684,16,2,13.00,20600.84,0.04,0.01,R,F,1994-03-29,1994-05-27,1994-04-14,DELIVER IN PERSON,AIR,ublate. furiously ironic packages 
32451-3,32451,18,94,3,39.00,35802.39,0.08,0.06,A,F,1994-05-21,1994-05-18,1994-06-10,TAKE BACK RETURN,SHIP,wake furiou
32451-4,32451,120,21,4,35.00,35704.20,0.00,0.00,R,F,1994-05-21,1994-05-28,1994-05-24,TAKE BACK RETURN,REG AIR,tructions are slyly? doggedly regula
32451-5,32451,1550,91,5,1.00,1451.55,0.01,0.05,R,F,1994-06-09,1994-05-22,1994-06-24,TAKE BACK RETURN,AIR, requests cajole furiously car
32451-6,32451,1876,20,6,5.00,8889.35,0.02,0.04,A,F,1994-04-30,1994-05-25,1994-05-03,NONE,FOB,ly with the unusual theodolites. stealthy
32451-7,32451,1720,63,7,14.00,22704.08,0.03,0.01,A,F,1994-06-30,1994-06-08,1994-07-30,NONE,AIR,y idle deposits
32452-1,32452,1396,11,1,44.00,57085.16,0.06,0.03,N,O,1995-10-04,1995-10-10,1995-10-22,COLLECT COD,AIR,s wake quickly alo
32452-2,32452,322,7,2,12.00,14667.84,0.04,0.03,N,O,1995-08-09,1995-09-14,1995-08-10,DELIVER IN PERSON,TRUCK,thely express deposits cajole never al
32452-3,32452,1922,11,3,8.00,14591.36,0.09,0.05,N,O,1995-08-12,1995-10-16,1995-09-04,COLLECT COD,AIR,s haggle throughout the ironic excuses. car
32452-4,32452,1353,30,4,50.00,62717.50,0.06,0.02,N,O,1995-11-17,1995-08-27,1995-12-16,DELIVER IN PERSON,REG AIR,ully ironic asymptotes cajole 
32453-1,32453,1682,24,1,40.00,63347.20,0.01,0.00,N,O,1997-10-16,1997-08-11,1997-11-11,COLLECT COD,SHIP,y sly packa
32453-2,32453,609,72,2,34.00,51326.40,0.00,0.08,N,O,1997-09-14,1997-08-05,1997-09-29,NONE,AIR,cajole packages. requests 
32453-3,32453,1594,15,3,14.00,20938.26,0.04,0.07,N,O,1997-10-02,1997-09-09,1997-10-15,DELIVER IN PERSON,AIR,uriously silent fox
32453-4,32453,1594,35,4,30.00,44867.70,0.08,0.04,N,O,1997-08-18,1997-08-12,1997-09-01,TAKE BACK RETURN,REG AIR, final waters nag. slowly regular a
32453-5,32453,1301,40,5,3.00,3606.90,0.02,0.01,N,O,1997-09-03,1997-09-13,1997-09-20,NONE,AIR,"ly after the bold accounts. final, fur"
32453-6,32453,1455,56,6,6.00,8138.70,0.08,0.08,N,O,1997-07-29,1997-09-03,1997-08-21,TAKE BACK RETURN,FOB,final accounts integra
32453-7,32453,1048,84,7,2.00,1898.08,0.05,0.07,N,O,1997-08-26,1997-08-05,1997-08-31,COLLECT COD,MAIL, the decoys will sle
32454-1,32454,624,25,1,29.00,44213.98,0.06,0.07,A,F,1995-05-01,1995-05-01,1995-05-22,TAKE BACK RETURN,SHIP,thily furiously even pi
32454-2,32454,449,79,2,12.00,16193.28,0.10,0.03,N,F,1995-05-21,1995-06-04,1995-06-18,TAKE BACK RETURN,RAIL,posits toward th
32454-3,32454,1715,58,3,37.00,59818.27,0.07,0.04,A,F,1995-04-23,1995-05-31,1995-05-05,NONE,REG AIR,ter the fin
32455-1,32455,892,92,1,34.00,60958.26,0.01,0.03,R,F,1993-09-25,1993-11-17,1993-10-16,TAKE BACK RETURN,RAIL,usly speci
32455-2,32455,1400,1,2,12.00,15616.80,0.01,0.07,R,F,1993-10-22,1993-10-24,1993-11-15,DELIVER IN PERSON,REG AIR,ic deposits cajole fluffily. final decoys
32455-3,32455,1527,8,3,27.00,38570.04,0.06,0.01,R,F,1994-01-07,1993-12-19,1994-01-26,COLLECT COD,REG AIR,"packages according to the final, final the"
32455-4,32455,1416,56,4,5.00,6587.05,0.05,0.06,R,F,1993-12-02,1993-11-01,1993-12-20,NONE,SHIP,"ts. final, even asymptotes haggle "
32455-5,32455,778,75,5,7.00,11751.39,0.00,0.05,R,F,1993-11-06,1993-11-17,1993-11-12,NONE,TRUCK,lent asymptotes. carefully ironic accounts 
32480-1,32480,501,32,1,49.00,68673.50,0.02,0.04,N,O,1997-06-04,1997-05-02,1997-06-14,NONE,REG AIR,ans. blithely unusual warhorses integr
32480-2,32480,685,79,2,33.00,52327.44,0.05,0.05,N,O,1997-06-27,1997-05-30,1997-07-07,TAKE BACK RETURN,MAIL,uffy instructio
32481-1,32481,1916,5,1,20.00,36358.20,0.04,0.03,N,O,1995-12-31,1995-12-16,1996-01-17,DELIVER IN PERSON,REG AIR,"l deposits nod blithely regular, even co"
32481-2,32481,20,96,2,6.00,5520.12,0.07,0.04,N,O,1996-01-22,1995-11-16,1996-02-15,COLLECT COD,MAIL,c decoys? stealthily pending
32482-1,32482,150,3,1,44.00,46206.60,0.09,0.03,N,O,1997-02-28,1997-01-31,1997-03-13,DELIVER IN PERSON,RAIL,ly carefully pending foxes.
32482-2,32482,1932,77,2,46.00,84360.78,0.06,0.06,N,O,1996-12-28,1997-02-05,1997-01-14,DELIVER IN PERSON,RAIL,r accounts
32482-3,32482,596,97,3,21.00,31428.39,0.01,0.00,N,O,1997-02-22,1997-02-03,1997-03-01,DELIVER IN PERSON,AIR,long the accounts. blithely 
32482-4,32482,404,92,4,34.00,44349.60,0.02,0.06,N,O,1997-01-09,1997-02-07,1997-01-16,NONE,AIR,ccounts along the blith
32482-5,32482,495,25,5,26.00,36282.74,0.06,0.06,N,O,1997-02-21,1997-01-14,1997-03-12,NONE,REG AIR,al pinto beans ar
32482-6,32482,894,95,6,16.00,28718.24,0.08,0.01,N,O,1996-12-23,1997-01-21,1997-01-17,COLLECT COD,MAIL,lly bold packages nag fluffily at the ironi
32483-1,32483,685,86,1,6.00,9514.08,0.08,0.03,R,F,1994-11-06,1994-10-18,1994-11-13,TAKE BACK RETURN,FOB,of the carefully pending pinto b
32483-2,32483,1731,58,2,18.00,29389.14,0.01,0.08,A,F,1994-11-10,1994-09-19,1994-12-06,TAKE BACK RETURN,AIR, above the carefully speci
32483-3,32483,1843,30,3,14.00,24427.76,0.00,0.06,A,F,1994-11-12,1994-09-22,1994-12-02,COLLECT COD,FOB, deposits. carefully ironic requests slee
32483-4,32483,662,56,4,13.00,20314.58,0.08,0.08,R,F,1994-09-07,1994-09-13,1994-10-02,TAKE BACK RETURN,TRUCK,odolites alongside of the carefully fin
32483-5,32483,1885,86,5,25.00,44672.00,0.01,0.07,R,F,1994-10-16,1994-10-08,1994-10-26,DELIVER IN PERSON,SHIP,ickly for the furious
32483-6,32483,1277,89,6,29.00,34169.83,0.07,0.02,A,F,1994-08-09,1994-10-04,1994-08-17,TAKE BACK RETURN,TRUCK,iously ironic accounts. 
32484-1,32484,1616,40,1,21.00,31869.81,0.02,0.04,N,F,1995-05-29,1995-03-29,1995-06-22,TAKE BACK RETURN,REG AIR,e quickly ex
32484-2,32484,606,7,2,34.00,51224.40,0.00,0.05,R,F,1995-03-09,1995-04-17,1995-03-26,NONE,SHIP, quickly toward the furiously d
32484-3,32484,440,41,3,19.00,25468.36,0.05,0.07,R,F,1995-04-04,1995-03-19,1995-04-27,TAKE BACK RETURN,MAIL,against the reg
32485-1,32485,1654,55,1,4.00,6222.60,0.00,0.00,R,F,1993-08-18,1993-09-10,1993-09-10,COLLECT COD,REG AIR,st the even deposits. pending accounts bo
32485-2,32485,750,83,2,17.00,28062.75,0.05,0.02,R,F,1993-08-05,1993-08-18,1993-08-27,NONE,RAIL,leep regular excuses; s
32485-3,32485,1094,30,3,37.00,36818.33,0.01,0.06,R,F,1993-10-20,1993-09-09,1993-10-31,NONE,FOB,unts. carefully regular packages are ironi
32485-4,32485,1225,37,4,16.00,18019.52,0.05,0.02,A,F,1993-08-19,1993-08-18,1993-09-15,DELIVER IN PERSON,REG AIR,refully final pinto beans according to t
32485-5,32485,171,72,5,9.00,9640.53,0.06,0.03,R,F,1993-09-08,1993-09-09,1993-09-24,COLLECT COD,AIR,y within the 
32485-6,32485,1651,34,6,17.00,26395.05,0.08,0.06,A,F,1993-07-10,1993-08-03,1993-07-28,TAKE BACK RETURN,FOB, wake furious
32486-1,32486,869,70,1,30.00,53095.80,0.09,0.06,R,F,1994-11-23,1995-01-26,1994-12-03,DELIVER IN PERSON,FOB,ounts nag evenly about the fluffily unusua
32486-2,32486,741,6,2,4.00,6566.96,0.09,0.08,A,F,1994-11-20,1994-12-31,1994-12-18,TAKE BACK RETURN,FOB,he blithely silent dependenc
32486-3,32486,23,49,3,35.00,32305.70,0.06,0.05,A,F,1994-12-19,1995-01-27,1994-12-29,TAKE BACK RETURN,TRUCK, beans sleep on the fina
32486-4,32486,207,35,4,17.00,18822.40,0.02,0.06,R,F,1994-11-26,1994-12-20,1994-12-10,COLLECT COD,FOB,ing to the slyly bold acc
32486-5,32486,1020,56,5,19.00,17499.38,0.00,0.06,A,F,1994-12-22,1995-01-16,1995-01-03,TAKE BACK RETURN,MAIL,"tructions are furiously. sly,"
32486-6,32486,1554,75,6,6.00,8733.30,0.05,0.04,R,F,1994-11-23,1995-01-16,1994-12-08,DELIVER IN PERSON,FOB, packages cajole ironic reques
32487-1,32487,282,37,1,29.00,34286.12,0.09,0.07,N,O,1996-05-29,1996-06-10,1996-06-24,NONE,TRUCK,fily ironic packa
32487-2,32487,1104,5,2,21.00,21107.10,0.01,0.05,N,O,1996-07-10,1996-06-12,1996-07-18,TAKE BACK RETURN,SHIP,es against the q
32487-3,32487,1368,83,3,36.00,45696.96,0.06,0.05,N,O,1996-05-30,1996-05-19,1996-06-20,DELIVER IN PERSON,SHIP,ests. slyly final excuses affix against th
32487-4,32487,1476,94,4,6.00,8264.82,0.08,0.00,N,O,1996-04-22,1996-05-12,1996-04-25,NONE,TRUCK,"lyly unusual, even packages. carefully re"
32487-5,32487,1648,90,5,22.00,34092.08,0.10,0.08,N,O,1996-06-17,1996-04-27,1996-06-25,COLLECT COD,TRUCK,al deposits acros
32487-6,32487,1363,2,6,6.00,7586.16,0.01,0.02,N,O,1996-06-29,1996-06-12,1996-07-29,COLLECT COD,SHIP,nts. fluffily pen
32512-1,32512,947,50,1,3.00,5543.82,0.00,0.00,N,O,1997-09-11,1997-10-30,1997-09-20,COLLECT COD,REG AIR,nusual ideas. bli
32513-1,32513,736,37,1,13.00,21277.49,0.03,0.04,A,F,1992-02-29,1992-04-27,1992-03-15,COLLECT COD,REG AIR,s are blithely among the carefu
32513-2,32513,335,92,2,37.00,45707.21,0.02,0.06,A,F,1992-04-20,1992-04-18,1992-05-02,COLLECT COD,REG AIR,de of the furiously special p
32513-3,32513,1218,93,3,12.00,13430.52,0.08,0.05,R,F,1992-05-09,1992-05-03,1992-05-18,DELIVER IN PERSON,RAIL, wake carefully across the blithely 
32513-4,32513,1255,67,4,11.00,12718.75,0.02,0.08,A,F,1992-05-25,1992-03-15,1992-06-03,TAKE BACK RETURN,MAIL,le furiously carefully express
32513-5,32513,1068,74,5,24.00,23257.44,0.01,0.00,R,F,1992-04-22,1992-03-14,1992-04-24,TAKE BACK RETURN,MAIL,ake slyly. furiously regular deposits
32514-1,32514,700,94,1,46.00,73632.20,0.05,0.08,A,F,1993-01-01,1992-12-24,1993-01-11,COLLECT COD,FOB,the fluffily even packages. un
32514-2,32514,42,93,2,8.00,7536.32,0.07,0.02,A,F,1992-11-23,1992-11-11,1992-12-19,TAKE BACK RETURN,RAIL,press depths
32515-1,32515,648,49,1,44.00,68140.16,0.08,0.08,N,O,1996-09-10,1996-09-30,1996-09-27,NONE,REG AIR,xpress fox
32515-2,32515,682,45,2,12.00,18992.16,0.09,0.05,N,O,1996-09-04,1996-10-31,1996-09-13,TAKE BACK RETURN,REG AIR,along the slyly regular instructions 
32515-3,32515,621,84,3,43.00,65429.66,0.07,0.05,N,O,1996-11-17,1996-09-28,1996-12-05,TAKE BACK RETURN,AIR,carefully final packages
32515-4,32515,866,33,4,1.00,1766.86,0.06,0.02,N,O,1996-12-13,1996-11-01,1996-12-20,DELIVER IN PERSON,RAIL, final deposits. pending
32515-5,32515,1728,13,5,37.00,60299.64,0.07,0.06,N,O,1996-12-18,1996-10-18,1997-01-05,TAKE BACK RETURN,SHIP, cajole furiously fluffily i
32515-6,32515,89,65,6,44.00,43519.52,0.08,0.06,N,O,1996-12-17,1996-10-14,1996-12-19,COLLECT COD,SHIP,ly bold deposits may 
32516-1,32516,287,88,1,26.00,30869.28,0.06,0.00,A,F,1993-10-29,1994-01-22,1993-11-04,TAKE BACK RETURN,RAIL,"s sleep regular, unusual ins"
32516-2,32516,45,21,2,48.00,45361.92,0.08,0.07,R,F,1993-11-26,1994-01-12,1993-12-25,NONE,MAIL,use according to the fluff
32516-3,32516,866,67,3,22.00,38870.92,0.00,0.02,R,F,1994-01-18,1994-01-18,1994-01-24,COLLECT COD,REG AIR," even, unusual depen"
32516-4,32516,533,34,4,9.00,12901.77,0.07,0.03,A,F,1994-01-14,1993-12-11,1994-02-05,NONE,MAIL,e deposits. 
32517-1,32517,1437,38,1,2.00,2676.86,0.08,0.06,A,F,1992-08-11,1992-07-17,1992-08-12,NONE,TRUCK, deposits wa
32517-2,32517,1062,63,2,40.00,38522.40,0.07,0.01,R,F,1992-09-08,1992-07-15,1992-09-22,DELIVER IN PERSON,SHIP,nts use. e
32518-1,32518,170,49,1,44.00,47087.48,0.07,0.06,N,O,1997-03-18,1997-03-09,1997-04-01,COLLECT COD,RAIL,its serve slyly. blithel
32519-1,32519,352,9,1,11.00,13775.85,0.04,0.07,A,F,1993-10-27,1993-12-15,1993-11-10,NONE,RAIL, instructions 
32519-2,32519,783,80,2,25.00,42094.50,0.02,0.05,A,F,1994-01-17,1993-12-09,1994-02-02,TAKE BACK RETURN,FOB,ounts wake careful
32519-3,32519,1675,17,3,50.00,78833.50,0.09,0.01,A,F,1993-11-18,1993-12-17,1993-11-29,TAKE BACK RETURN,REG AIR,lly regular ac
32519-4,32519,1825,26,4,38.00,65619.16,0.09,0.06,A,F,1994-01-28,1993-12-04,1994-02-04,COLLECT COD,REG AIR,s across the 
32519-5,32519,1914,59,5,9.00,16343.19,0.06,0.08,A,F,1993-11-19,1993-12-08,1993-11-20,COLLECT COD,RAIL,nding accounts was regular requests. ex
32519-6,32519,1636,78,6,20.00,30752.60,0.06,0.02,A,F,1994-01-05,1993-12-27,1994-01-17,TAKE BACK RETURN,TRUCK,fily furiously special foxe
32519-7,32519,1848,49,7,16.00,27997.44,0.03,0.06,R,F,1993-12-25,1993-12-23,1994-01-03,COLLECT COD,TRUCK,"bold packages are pending, unusual excuse"
32544-1,32544,1763,48,1,45.00,74914.20,0.00,0.08,N,O,1996-05-12,1996-04-15,1996-05-19,TAKE BACK RETURN,MAIL,lithely even accounts x-ray 
32544-2,32544,1125,26,2,15.00,15391.80,0.06,0.00,N,O,1996-03-22,1996-05-06,1996-04-21,DELIVER IN PERSON,REG AIR,slyly care
32545-1,32545,229,84,1,22.00,24842.84,0.06,0.00,N,O,1996-01-25,1996-01-01,1996-02-22,DELIVER IN PERSON,TRUCK,leep furiously car
32546-1,32546,1264,65,1,18.00,20974.68,0.05,0.05,N,O,1995-07-10,1995-06-02,1995-07-29,TAKE BACK RETURN,REG AIR,slyly unusual ideas haggle blit
32546-2,32546,84,60,2,4.00,3936.32,0.07,0.08,N,O,1995-07-10,1995-04-20,1995-07-28,DELIVER IN PERSON,SHIP,ay detect about the slyly 
32546-3,32546,1728,71,3,48.00,78226.56,0.06,0.00,N,O,1995-07-05,1995-04-19,1995-07-13,DELIVER IN PERSON,SHIP,thely regular instructions are blithe
32546-4,32546,420,8,4,34.00,44894.28,0.05,0.02,N,O,1995-06-20,1995-06-14,1995-07-16,DELIVER IN PERSON,FOB,lithely unusual th
32546-5,32546,791,92,5,1.00,1691.79,0.06,0.05,N,F,1995-06-12,1995-05-22,1995-06-20,NONE,TRUCK,usual ideas. silent a
32547-1,32547,575,76,1,6.00,8853.42,0.10,0.01,N,O,1997-05-11,1997-05-09,1997-06-02,COLLECT COD,SHIP,riously across the blithely ironic accoun
32547-2,32547,1113,14,2,4.00,4056.44,0.10,0.00,N,O,1997-06-13,1997-04-26,1997-06-27,DELIVER IN PERSON,RAIL, accounts. dolphins above the furiousl
32548-1,32548,562,93,1,12.00,17550.72,0.00,0.06,N,O,1997-05-23,1997-04-24,1997-05-29,NONE,REG AIR,ackages x-ray 
32548-2,32548,732,97,2,22.00,35920.06,0.00,0.05,N,O,1997-05-30,1997-03-26,1997-06-27,NONE,REG AIR, furiously among the permanently 
32548-3,32548,1255,93,3,37.00,42781.25,0.10,0.03,N,O,1997-03-02,1997-04-27,1997-03-29,COLLECT COD,RAIL,"xes. stealthy, bold pa"
32548-4,32548,1007,8,4,9.00,8172.00,0.06,0.03,N,O,1997-05-31,1997-04-14,1997-06-08,DELIVER IN PERSON,SHIP,riously quickly regular accounts.
32548-5,32548,1692,75,5,1.00,1593.69,0.10,0.06,N,O,1997-03-02,1997-03-31,1997-03-30,TAKE BACK RETURN,SHIP,ng pinto beans. blithely ironic foxes
32548-6,32548,656,19,6,27.00,42029.55,0.05,0.07,N,O,1997-03-05,1997-05-08,1997-03-07,NONE,FOB,y silent accounts: slyly quick foxes ca
32549-1,32549,693,25,1,9.00,14343.21,0.04,0.03,N,O,1996-08-10,1996-06-27,1996-09-02,DELIVER IN PERSON,RAIL,e furiously. blithely express courts slee
32549-2,32549,813,13,2,35.00,59983.35,0.02,0.06,N,O,1996-05-01,1996-06-07,1996-05-07,NONE,MAIL,o the regular ideas. sp
32549-3,32549,1511,32,3,23.00,32487.73,0.06,0.01,N,O,1996-06-01,1996-06-20,1996-06-08,DELIVER IN PERSON,SHIP,ructions. requests im
32549-4,32549,1816,3,4,34.00,58405.54,0.05,0.04,N,O,1996-05-30,1996-06-21,1996-06-12,NONE,TRUCK,egular packages wake blithely 
32549-5,32549,267,68,5,18.00,21010.68,0.02,0.04,N,O,1996-05-15,1996-06-22,1996-06-08,COLLECT COD,FOB,p carefully regular theodolites. blithely 
32549-6,32549,1773,16,6,39.00,65316.03,0.10,0.08,N,O,1996-07-30,1996-05-28,1996-08-17,COLLECT COD,FOB,es. pinto beans
32549-7,32549,1487,88,7,11.00,15273.28,0.09,0.04,N,O,1996-05-05,1996-06-22,1996-05-10,NONE,FOB,ngly regular attainments affix fur
32550-1,32550,1068,69,1,10.00,9690.60,0.03,0.06,A,F,1992-09-18,1992-10-23,1992-09-22,COLLECT COD,AIR,ar packages det
32550-2,32550,1676,18,2,6.00,9466.02,0.08,0.01,A,F,1992-07-31,1992-09-04,1992-08-06,DELIVER IN PERSON,FOB, lose blithe
32551-1,32551,1380,57,1,31.00,39722.78,0.10,0.08,N,O,1996-05-25,1996-06-14,1996-06-08,TAKE BACK RETURN,REG AIR,ress decoys nag s
32576-1,32576,877,44,1,43.00,76448.41,0.03,0.07,N,O,1996-12-15,1996-11-19,1996-12-20,DELIVER IN PERSON,AIR,he carefully even ac
32577-1,32577,693,25,1,49.00,78090.81,0.02,0.03,R,F,1993-09-18,1993-09-24,1993-09-23,NONE,TRUCK, slyly final instructions. bold
32577-2,32577,571,32,2,40.00,58862.80,0.00,0.03,A,F,1993-09-23,1993-09-30,1993-10-21,NONE,REG AIR,"ses along the ironic, quic"
32577-3,32577,1510,11,3,29.00,40933.79,0.08,0.05,A,F,1993-11-15,1993-10-10,1993-12-11,NONE,RAIL, furiously silent a
32577-4,32577,1384,99,4,14.00,17995.32,0.00,0.04,R,F,1993-09-15,1993-11-19,1993-10-10,NONE,REG AIR,ong the blithely busy requests. carefully
32578-1,32578,926,27,1,34.00,62115.28,0.03,0.05,R,F,1995-05-17,1995-03-30,1995-06-06,NONE,MAIL,ully carefully specia
32579-1,32579,1513,34,1,48.00,67896.48,0.00,0.01,N,O,1995-11-20,1995-12-13,1995-12-09,COLLECT COD,TRUCK,hs. even packages are qui
32580-1,32580,1884,14,1,28.00,50004.64,0.06,0.03,N,O,1995-10-25,1995-11-01,1995-11-17,COLLECT COD,MAIL,uffily regular instructio
32580-2,32580,109,36,2,14.00,14127.40,0.01,0.00,N,O,1995-12-12,1995-10-31,1996-01-07,NONE,FOB,sts. carefully express deposits about the 
32580-3,32580,602,34,3,28.00,42072.80,0.09,0.02,N,O,1995-11-16,1995-11-16,1995-11-29,DELIVER IN PERSON,AIR,ual dependencies sha
32580-4,32580,1517,98,4,7.00,9929.57,0.01,0.06,N,O,1995-12-21,1995-11-06,1995-12-31,DELIVER IN PERSON,FOB,ely across the quickly ironic
32580-5,32580,940,43,5,49.00,90206.06,0.02,0.05,N,O,1995-09-19,1995-11-03,1995-10-08,TAKE BACK RETURN,MAIL,al pinto b
32580-6,32580,604,5,6,3.00,4513.80,0.05,0.05,N,O,1996-01-12,1995-11-12,1996-01-27,DELIVER IN PERSON,RAIL,lyly express re
32580-7,32580,802,69,7,17.00,28947.60,0.00,0.01,N,O,1995-12-24,1995-11-02,1995-12-27,COLLECT COD,MAIL,thely against the 
32581-1,32581,455,56,1,41.00,55573.45,0.06,0.06,N,O,1997-03-15,1997-04-04,1997-04-12,NONE,AIR,e blithely after the quickly iro
32581-2,32581,1363,78,2,37.00,46781.32,0.08,0.00,N,O,1997-05-02,1997-04-07,1997-05-29,COLLECT COD,AIR,inst the fluffil
32581-3,32581,110,89,3,8.00,8080.88,0.10,0.07,N,O,1997-03-18,1997-04-03,1997-04-03,NONE,FOB,counts affix furiously regular 
32582-1,32582,241,69,1,16.00,18259.84,0.09,0.08,A,F,1994-09-10,1994-09-19,1994-09-26,NONE,REG AIR," pending warthogs at the brave, "
32582-2,32582,453,54,2,42.00,56844.90,0.07,0.06,R,F,1994-07-29,1994-09-16,1994-08-19,COLLECT COD,AIR,"azzle. even, final pint"
32582-3,32582,1094,30,3,21.00,20896.89,0.07,0.00,R,F,1994-08-19,1994-08-05,1994-09-05,COLLECT COD,RAIL,ly outside the quick
32582-4,32582,1768,95,4,36.00,60111.36,0.00,0.05,R,F,1994-09-15,1994-08-06,1994-10-07,TAKE BACK RETURN,REG AIR, across the carefully
32582-5,32582,323,8,5,3.00,3669.96,0.09,0.03,R,F,1994-08-28,1994-09-07,1994-09-01,TAKE BACK RETURN,AIR,special accounts a
32582-6,32582,1555,76,6,43.00,62631.65,0.01,0.03,A,F,1994-09-05,1994-08-17,1994-09-23,TAKE BACK RETURN,RAIL,final theodolit
32583-1,32583,1320,59,1,28.00,34196.96,0.10,0.07,N,O,1996-02-29,1996-03-25,1996-03-26,DELIVER IN PERSON,SHIP,"gular packages. regular, pendin"
32583-2,32583,1777,78,2,11.00,18466.47,0.03,0.02,N,O,1996-04-07,1996-04-26,1996-05-01,COLLECT COD,MAIL,"sly about the excuses. silent, regular id"
32583-3,32583,795,96,3,40.00,67831.60,0.10,0.00,N,O,1996-05-04,1996-05-03,1996-05-10,TAKE BACK RETURN,SHIP,uests boost carefully quickly regular acco
32583-4,32583,1866,53,4,35.00,61875.10,0.10,0.04,N,O,1996-03-17,1996-03-28,1996-04-14,NONE,REG AIR,ironic foxes wake slyly slyly pendin
32583-5,32583,952,87,5,16.00,29647.20,0.07,0.04,N,O,1996-04-18,1996-04-16,1996-05-09,DELIVER IN PERSON,MAIL,ss packages
32583-6,32583,533,94,6,33.00,47306.49,0.07,0.05,N,O,1996-05-18,1996-05-11,1996-06-11,NONE,RAIL,its. quiet packages cajole after t
32608-1,32608,477,65,1,21.00,28926.87,0.00,0.02,A,F,1992-05-26,1992-08-14,1992-05-27,NONE,MAIL,its nag. blithely close packages about the
32608-2,32608,646,47,2,48.00,74238.72,0.10,0.06,R,F,1992-06-22,1992-08-11,1992-07-03,NONE,SHIP,e final platel
32608-3,32608,1299,37,3,24.00,28806.96,0.01,0.06,A,F,1992-07-25,1992-07-08,1992-07-30,TAKE BACK RETURN,AIR,ag against the final orbits. slyly 
32608-4,32608,1406,24,4,34.00,44451.60,0.02,0.04,A,F,1992-08-16,1992-07-25,1992-08-27,DELIVER IN PERSON,SHIP,express theodolites thrash. furiously 
32608-5,32608,1489,7,5,46.00,63962.08,0.06,0.01,R,F,1992-06-28,1992-08-12,1992-07-18,COLLECT COD,AIR, ideas. ironic dependencies wake care
32608-6,32608,1986,19,6,7.00,13215.86,0.06,0.08,R,F,1992-07-05,1992-08-15,1992-07-22,TAKE BACK RETURN,FOB,"ecial, regular dolphins boost "
32609-1,32609,795,96,1,30.00,50873.70,0.08,0.00,N,O,1996-08-10,1996-07-16,1996-08-28,TAKE BACK RETURN,RAIL,se quickly regular reque
32609-2,32609,946,47,2,21.00,38785.74,0.08,0.08,N,O,1996-06-11,1996-06-16,1996-07-03,TAKE BACK RETURN,MAIL,ly regular theodolites run al
32610-1,32610,27,28,1,47.00,43569.94,0.03,0.06,A,F,1992-11-25,1992-09-23,1992-11-30,NONE,AIR,efully special asymptotes are along the a
32610-2,32610,1591,32,2,43.00,64181.37,0.03,0.06,R,F,1992-12-05,1992-10-26,1993-01-03,DELIVER IN PERSON,AIR,s above the slyly express pearls ar
32610-3,32610,954,89,3,30.00,55648.50,0.05,0.07,R,F,1992-11-13,1992-11-03,1992-12-08,TAKE BACK RETURN,MAIL,rs. quickly even dolphins sleep against t
32610-4,32610,918,53,4,23.00,41834.93,0.00,0.05,A,F,1992-11-22,1992-09-26,1992-12-19,DELIVER IN PERSON,AIR,ns sleep blithely. carefull
32610-5,32610,1342,19,5,10.00,12433.40,0.02,0.07,A,F,1992-09-03,1992-10-14,1992-10-03,DELIVER IN PERSON,MAIL,slyly pending theodolites. packa
32610-6,32610,565,26,6,32.00,46897.92,0.05,0.06,A,F,1992-12-17,1992-10-10,1993-01-04,TAKE BACK RETURN,AIR,ites. dolphins boost. pinto beans ha
32610-7,32610,828,28,7,34.00,58779.88,0.05,0.04,A,F,1992-10-26,1992-09-25,1992-11-19,NONE,AIR, special ideas. slyl
32611-1,32611,700,63,1,42.00,67229.40,0.06,0.01,R,F,1994-10-05,1994-11-16,1994-10-11,DELIVER IN PERSON,REG AIR,egular deposits boost furiously a
32611-2,32611,1256,68,2,28.00,32403.00,0.06,0.00,R,F,1994-11-24,1994-10-15,1994-12-10,COLLECT COD,AIR,ccounts. carefully regular foxes bo
32611-3,32611,1874,4,3,7.00,12431.09,0.08,0.06,R,F,1994-10-09,1994-11-24,1994-11-04,DELIVER IN PERSON,SHIP,"encies. even, regular dependencies amo"
32611-4,32611,313,70,4,30.00,36399.30,0.10,0.08,A,F,1994-11-04,1994-11-02,1994-11-05,COLLECT COD,RAIL,ogged ideas. fluffily ironic a
32611-5,32611,671,34,5,37.00,58151.79,0.09,0.03,A,F,1994-10-26,1994-11-02,1994-11-07,DELIVER IN PERSON,MAIL,ally ironic pi
32611-6,32611,522,23,6,13.00,18492.76,0.01,0.03,A,F,1994-10-17,1994-10-16,1994-11-16,COLLECT COD,TRUCK,lieve regular accounts. blithel
32611-7,32611,296,97,7,13.00,15551.77,0.09,0.08,R,F,1994-08-29,1994-11-15,1994-09-01,NONE,TRUCK,"e blithely. regular, regu"
32612-1,32612,527,18,1,23.00,32832.96,0.08,0.03,A,F,1993-03-27,1993-03-22,1993-04-08,COLLECT COD,RAIL,carefully regular foxes nag furiously acros
32613-1,32613,935,38,1,48.00,88124.64,0.01,0.04,N,O,1996-03-16,1996-03-12,1996-04-01,DELIVER IN PERSON,RAIL,inal packages: slyly pending re
32613-2,32613,549,80,2,22.00,31889.88,0.09,0.01,N,O,1996-03-22,1996-01-25,1996-04-14,COLLECT COD,FOB,old platelets sleep furiously unusu
32613-3,32613,1788,89,3,37.00,62521.86,0.01,0.06,N,O,1996-04-05,1996-02-25,1996-05-04,COLLECT COD,AIR,regular theodolites. furiously bold gr
32613-4,32613,928,29,4,33.00,60354.36,0.02,0.07,N,O,1996-03-29,1996-01-24,1996-04-15,DELIVER IN PERSON,TRUCK,d requests. f
32613-5,32613,1649,91,5,30.00,46519.20,0.03,0.04,N,O,1996-02-28,1996-02-17,1996-03-23,NONE,MAIL,"bove the bold, regular foxes wake"
32613-6,32613,924,25,6,35.00,63872.20,0.07,0.08,N,O,1996-03-08,1996-02-19,1996-04-07,COLLECT COD,REG AIR,the requests integrate 
32614-1,32614,216,98,1,11.00,12278.31,0.01,0.06,N,O,1996-09-08,1996-11-02,1996-10-02,NONE,SHIP,e the fina
32614-2,32614,1342,57,2,48.00,59680.32,0.00,0.07,N,O,1996-08-20,1996-10-03,1996-09-03,NONE,REG AIR,le slyly-- bold wat
32614-3,32614,1975,8,3,13.00,24400.61,0.05,0.08,N,O,1996-09-12,1996-11-12,1996-09-26,COLLECT COD,SHIP,tect furiously slyly even th
32614-4,32614,1170,43,4,44.00,47131.48,0.01,0.01,N,O,1996-12-01,1996-11-06,1996-12-05,DELIVER IN PERSON,AIR,. final packages after the
32614-5,32614,1319,20,5,9.00,10982.79,0.04,0.02,N,O,1996-11-08,1996-09-27,1996-11-26,NONE,TRUCK,eep furiously special deposits. blithely ev
32614-6,32614,1295,7,6,28.00,33496.12,0.03,0.03,N,O,1996-12-08,1996-10-09,1996-12-12,NONE,MAIL,"ending foxes among the express, regu"
32615-1,32615,1955,88,1,17.00,31568.15,0.09,0.03,A,F,1992-02-01,1992-02-29,1992-02-26,TAKE BACK RETURN,TRUCK,ts. fluffily special do
32640-1,32640,1281,82,1,25.00,29557.00,0.00,0.02,R,F,1992-11-02,1992-10-28,1992-11-08,TAKE BACK RETURN,MAIL,ly even deposits poach furiously
32640-2,32640,1194,31,2,2.00,2190.38,0.01,0.00,A,F,1992-12-26,1992-11-19,1992-12-29,COLLECT COD,REG AIR,tions impress slyly quickly ironic re
32640-3,32640,1847,91,3,21.00,36725.64,0.01,0.05,R,F,1992-10-27,1992-10-18,1992-11-18,DELIVER IN PERSON,TRUCK," theodolites haggle about the regular, regu"
32640-4,32640,590,21,4,46.00,68567.14,0.07,0.05,R,F,1992-10-14,1992-11-18,1992-11-10,TAKE BACK RETURN,FOB,s nag. furiously express
32640-5,32640,1832,33,5,31.00,53748.73,0.09,0.00,R,F,1992-10-09,1992-10-21,1992-10-30,COLLECT COD,MAIL,y even instructions use ab
32640-6,32640,1150,59,6,17.00,17869.55,0.07,0.03,R,F,1992-09-27,1992-12-11,1992-10-14,COLLECT COD,FOB,nal courts wake furiously even accounts. 
32640-7,32640,1515,96,7,37.00,52410.87,0.00,0.06,R,F,1992-11-26,1992-11-11,1992-11-28,DELIVER IN PERSON,TRUCK,s affix fluffily. final accounts 
32641-1,32641,941,44,1,38.00,69993.72,0.02,0.05,R,F,1993-06-20,1993-04-22,1993-07-02,DELIVER IN PERSON,SHIP, the fluffily even requests. iron
32641-2,32641,1080,51,2,23.00,22564.84,0.10,0.04,A,F,1993-03-29,1993-06-13,1993-04-09,TAKE BACK RETURN,REG AIR,bove the regular ac
32641-3,32641,1885,15,3,21.00,37524.48,0.07,0.03,R,F,1993-04-24,1993-04-22,1993-05-01,NONE,REG AIR,ccounts. carefully express cou
32641-4,32641,593,24,4,11.00,16429.49,0.01,0.04,R,F,1993-06-22,1993-05-26,1993-07-05,DELIVER IN PERSON,TRUCK,ornis are! furiously unusual depths wa
32641-5,32641,1399,76,5,34.00,44213.26,0.09,0.01,R,F,1993-05-18,1993-05-09,1993-05-31,DELIVER IN PERSON,REG AIR,! blithely ironic theo
32641-6,32641,1589,90,6,27.00,40245.66,0.02,0.04,A,F,1993-07-10,1993-05-26,1993-08-01,DELIVER IN PERSON,MAIL,ing ideas impress. quickly i
32641-7,32641,799,96,7,12.00,20397.48,0.08,0.05,A,F,1993-03-28,1993-05-05,1993-04-24,DELIVER IN PERSON,REG AIR,ironic asymptotes
32642-1,32642,704,69,1,17.00,27279.90,0.05,0.02,A,F,1992-06-28,1992-06-07,1992-07-26,NONE,RAIL,uriously. packages are slyly 
32643-1,32643,1106,79,1,20.00,20142.00,0.06,0.07,N,O,1997-09-20,1997-08-25,1997-09-28,DELIVER IN PERSON,REG AIR,ole fluffily about t
32643-2,32643,516,17,2,18.00,25497.18,0.04,0.04,N,O,1997-08-27,1997-09-04,1997-09-17,NONE,SHIP,fully regul
32644-1,32644,1516,17,1,27.00,38272.77,0.08,0.00,N,O,1997-07-29,1997-06-08,1997-08-28,COLLECT COD,RAIL,kages. quickly regular theodolites would 
32644-2,32644,1462,63,2,22.00,29996.12,0.03,0.08,N,O,1997-06-26,1997-06-27,1997-06-27,DELIVER IN PERSON,RAIL,he blithely pending foxes s
32645-1,32645,1925,14,1,7.00,12788.44,0.07,0.06,N,O,1997-09-07,1997-06-26,1997-09-15,NONE,AIR,the theodolites: final dep
32645-2,32645,893,60,2,41.00,73549.49,0.00,0.06,N,O,1997-06-16,1997-06-30,1997-06-21,TAKE BACK RETURN,MAIL,equests above t
32646-1,32646,1820,50,1,43.00,74038.26,0.02,0.06,N,O,1997-07-20,1997-08-09,1997-07-24,COLLECT COD,AIR,t the final packages. slyly express dep
32646-2,32646,1649,73,2,6.00,9303.84,0.03,0.01,N,O,1997-06-13,1997-07-08,1997-07-01,DELIVER IN PERSON,TRUCK,fluffily final deposits ab
32646-3,32646,1222,34,3,11.00,12355.42,0.05,0.07,N,O,1997-05-18,1997-08-07,1997-06-02,DELIVER IN PERSON,REG AIR,s. carefully dogged
32647-1,32647,247,2,1,6.00,6883.44,0.08,0.02,N,O,1995-12-13,1996-02-13,1995-12-28,TAKE BACK RETURN,FOB, slyly ironic
32647-2,32647,1579,100,2,40.00,59222.80,0.10,0.08,N,O,1996-01-19,1996-01-25,1996-02-06,NONE,FOB,lyly ironic account
32647-3,32647,300,55,3,9.00,10802.70,0.08,0.00,N,O,1996-02-27,1996-01-16,1996-03-02,COLLECT COD,MAIL,"ily final, even sauter"
32647-4,32647,1365,80,4,30.00,37990.80,0.09,0.03,N,O,1996-02-19,1996-02-05,1996-02-29,COLLECT COD,SHIP,sly final excus
32647-5,32647,1501,22,5,17.00,23842.50,0.01,0.03,N,O,1995-12-15,1995-12-29,1995-12-26,TAKE BACK RETURN,FOB,ggle quickly iro
32647-6,32647,1239,51,6,18.00,20524.14,0.07,0.00,N,O,1995-11-27,1996-01-26,1995-12-07,TAKE BACK RETURN,TRUCK, packages. carefully final 
32672-1,32672,662,25,1,39.00,60943.74,0.00,0.08,A,F,1994-07-27,1994-08-12,1994-08-05,DELIVER IN PERSON,SHIP,sts. pendi
32672-2,32672,1677,19,2,4.00,6314.68,0.05,0.05,A,F,1994-07-02,1994-08-12,1994-07-05,TAKE BACK RETURN,FOB, the quickly express pearls sleep sly
32672-3,32672,1636,60,3,41.00,63042.83,0.04,0.00,A,F,1994-09-03,1994-07-21,1994-09-28,TAKE BACK RETURN,SHIP,ests wake carefully above the blithely fi
32673-1,32673,1397,74,1,22.00,28564.58,0.00,0.02,N,O,1996-11-11,1996-11-24,1996-12-10,NONE,RAIL,ependencies among the slyly final 
32674-1,32674,362,19,1,20.00,25247.20,0.09,0.04,N,O,1997-10-10,1997-12-01,1997-10-22,NONE,TRUCK,"s sleep carefully. ironic, even packages"
32674-2,32674,167,94,2,25.00,26679.00,0.03,0.03,N,O,1998-01-06,1997-11-17,1998-01-28,NONE,MAIL,ix blithely across
32675-1,32675,51,52,1,6.00,5706.30,0.07,0.04,A,F,1994-11-11,1994-12-21,1994-11-28,COLLECT COD,SHIP,ndencies. ruthlessly ruthless theodolit
32675-2,32675,142,21,2,21.00,21884.94,0.04,0.01,R,F,1995-02-24,1994-12-28,1995-03-20,TAKE BACK RETURN,SHIP,e carefully. furiously unusual notornis 
32675-3,32675,1572,53,3,25.00,36839.25,0.06,0.08,A,F,1994-11-10,1995-01-16,1994-11-11,TAKE BACK RETURN,TRUCK,inos. slyly final foxes cajole.
32675-4,32675,115,94,4,3.00,3045.33,0.06,0.00,R,F,1994-11-19,1994-12-08,1994-12-16,TAKE BACK RETURN,FOB,e special deposits. furiously regular 
32675-5,32675,1781,8,5,32.00,53848.96,0.10,0.04,A,F,1995-02-27,1995-01-18,1995-03-06,TAKE BACK RETURN,SHIP,lar tithes nag slyly 
32676-1,32676,1690,91,1,1.00,1591.69,0.07,0.04,R,F,1994-02-08,1994-04-19,1994-02-12,NONE,SHIP,"eposits. final, unusual accounts are b"
32676-2,32676,1089,25,2,29.00,28712.32,0.06,0.02,R,F,1994-03-02,1994-03-14,1994-03-19,NONE,RAIL,ts across the quickly ironic platelets s
32676-3,32676,450,80,3,49.00,66172.05,0.08,0.06,R,F,1994-02-09,1994-03-24,1994-02-10,TAKE BACK RETURN,RAIL,s are blithely against
32676-4,32676,232,60,4,7.00,7925.61,0.10,0.07,R,F,1994-03-01,1994-03-20,1994-03-28,DELIVER IN PERSON,REG AIR,ole carefully slyly ironic accounts. caref
32676-5,32676,1040,11,5,35.00,32936.40,0.03,0.03,A,F,1994-02-10,1994-03-20,1994-03-09,TAKE BACK RETURN,RAIL,"nto beans wake silent, ironic pinto b"
32676-6,32676,398,27,6,2.00,2596.78,0.00,0.00,R,F,1994-04-10,1994-03-31,1994-04-12,TAKE BACK RETURN,FOB,osits wake fur
32677-1,32677,888,88,1,1.00,1788.88,0.05,0.02,N,O,1996-06-16,1996-05-12,1996-06-24,DELIVER IN PERSON,RAIL,"y along the enticing, ironic ex"
32678-1,32678,45,21,1,30.00,28351.20,0.10,0.01,N,O,1995-12-22,1996-02-19,1995-12-29,DELIVER IN PERSON,AIR,"ependencies nag across the pending, fin"
32678-2,32678,286,87,2,8.00,9490.24,0.03,0.04,N,O,1996-04-02,1996-01-24,1996-04-23,NONE,REG AIR,xes haggle quickly. slyly quic
32678-3,32678,708,9,3,33.00,53087.10,0.10,0.05,N,O,1996-03-25,1996-02-04,1996-04-15,TAKE BACK RETURN,FOB,excuses are carefully
32679-1,32679,1325,64,1,47.00,57637.04,0.04,0.01,N,O,1998-03-23,1998-03-09,1998-04-20,TAKE BACK RETURN,RAIL,"nal multipliers! regular, bold"
32679-2,32679,1575,56,2,37.00,54633.09,0.00,0.06,N,O,1998-02-23,1998-02-04,1998-03-25,COLLECT COD,SHIP,"to the regular, even ideas. carefully "
32704-1,32704,1780,7,1,47.00,79043.66,0.00,0.00,N,O,1998-03-23,1998-03-15,1998-04-13,TAKE BACK RETURN,AIR,even deposits sleep carefully ironic a
32704-2,32704,851,52,2,29.00,50803.65,0.03,0.06,N,O,1998-03-23,1998-03-22,1998-04-21,TAKE BACK RETURN,REG AIR,y final requests. fluf
32705-1,32705,580,81,1,3.00,4441.74,0.10,0.06,R,F,1994-07-03,1994-05-21,1994-08-02,DELIVER IN PERSON,TRUCK,ts sleep across the quickly bold 
32705-2,32705,1541,62,2,3.00,4327.62,0.05,0.05,A,F,1994-07-07,1994-05-01,1994-07-22,COLLECT COD,REG AIR,"unusual, regular excuses. final, regular a"
32705-3,32705,1610,34,3,20.00,30232.20,0.08,0.08,A,F,1994-04-01,1994-05-26,1994-04-08,TAKE BACK RETURN,MAIL, final packages use furiousl
32705-4,32705,923,58,4,12.00,21887.04,0.05,0.05,A,F,1994-04-19,1994-05-07,1994-05-14,COLLECT COD,REG AIR,ely among the theodolit
32706-1,32706,858,58,1,35.00,61559.75,0.02,0.04,R,F,1994-09-30,1994-09-27,1994-10-24,TAKE BACK RETURN,RAIL,ticing packages sleep slyly regula
32707-1,32707,863,97,1,3.00,5291.58,0.01,0.02,A,F,1994-06-24,1994-06-01,1994-07-16,NONE,SHIP,according to t
32707-2,32707,24,50,2,7.00,6468.14,0.10,0.00,R,F,1994-06-08,1994-05-22,1994-06-23,NONE,REG AIR, accounts. blithely bold requests na
32707-3,32707,1987,88,3,32.00,60447.36,0.07,0.03,R,F,1994-06-19,1994-07-09,1994-07-04,TAKE BACK RETURN,FOB, final deposits in
32708-1,32708,130,57,1,37.00,38114.81,0.00,0.01,N,O,1996-04-22,1996-02-07,1996-05-20,NONE,TRUCK,patterns. accounts haggle
32708-2,32708,1284,22,2,39.00,46225.92,0.08,0.03,N,O,1996-03-20,1996-03-18,1996-04-04,TAKE BACK RETURN,SHIP,ly pending theod
32708-3,32708,1118,27,3,32.00,32611.52,0.02,0.06,N,O,1996-02-10,1996-03-18,1996-03-05,DELIVER IN PERSON,RAIL, carefully even packages sleep furiously
32709-1,32709,824,24,1,48.00,82791.36,0.00,0.06,N,O,1996-06-05,1996-04-17,1996-06-11,NONE,REG AIR,xes. even plat
32709-2,32709,243,44,2,27.00,30867.48,0.03,0.03,N,O,1996-05-26,1996-03-29,1996-06-05,NONE,FOB,fully final 
32709-3,32709,141,42,3,18.00,18740.52,0.10,0.01,N,O,1996-02-07,1996-04-22,1996-03-06,TAKE BACK RETURN,MAIL,"structions. ironic, final ideas are carefu"
32709-4,32709,632,33,4,24.00,36783.12,0.09,0.02,N,O,1996-02-17,1996-03-24,1996-02-25,TAKE BACK RETURN,RAIL,instructions na
32709-5,32709,1327,66,5,29.00,35621.28,0.03,0.02,N,O,1996-04-21,1996-04-17,1996-05-17,DELIVER IN PERSON,RAIL,lly slyly reg
32709-6,32709,1762,63,6,49.00,81524.24,0.01,0.05,N,O,1996-05-20,1996-03-30,1996-06-10,NONE,AIR,uctions thras
32710-1,32710,1393,8,1,45.00,58247.55,0.05,0.03,A,F,1995-01-18,1995-01-11,1995-02-06,TAKE BACK RETURN,SHIP,refully regu
32710-2,32710,1565,86,2,19.00,27864.64,0.00,0.03,A,F,1995-01-25,1995-01-19,1995-02-09,TAKE BACK RETURN,MAIL,nts are acco
32710-3,32710,16,92,3,31.00,28396.31,0.08,0.08,R,F,1995-02-09,1995-01-28,1995-02-12,DELIVER IN PERSON,TRUCK,he slyly regular excuses
32711-1,32711,1934,23,1,41.00,75273.13,0.00,0.01,N,O,1996-02-09,1996-04-19,1996-03-10,DELIVER IN PERSON,TRUCK,unusual foxes
32711-2,32711,194,21,2,13.00,14224.47,0.00,0.00,N,O,1996-02-28,1996-03-30,1996-03-06,DELIVER IN PERSON,REG AIR,lets. carefully ironic theodol
32711-3,32711,1621,45,3,17.00,25884.54,0.02,0.08,N,O,1996-04-02,1996-05-03,1996-04-07,COLLECT COD,TRUCK,"y silent packages. regular, final p"
32711-4,32711,1620,62,4,18.00,27389.16,0.03,0.00,N,O,1996-05-04,1996-04-12,1996-06-03,DELIVER IN PERSON,REG AIR,regular asymptotes ab
32711-5,32711,969,70,5,15.00,28049.40,0.01,0.04,N,O,1996-02-24,1996-04-18,1996-03-15,TAKE BACK RETURN,AIR,nic ideas nod carefully. even pint
32711-6,32711,1596,37,6,6.00,8985.54,0.08,0.02,N,O,1996-02-17,1996-03-08,1996-03-06,TAKE BACK RETURN,TRUCK,unts. express
32711-7,32711,747,12,7,36.00,59318.64,0.01,0.04,N,O,1996-02-24,1996-04-12,1996-03-01,TAKE BACK RETURN,SHIP,he final accounts: furiously even ideas ca
32736-1,32736,1384,99,1,9.00,11568.42,0.02,0.00,N,O,1998-04-25,1998-03-30,1998-05-13,TAKE BACK RETURN,SHIP,ly even re
32736-2,32736,951,54,2,3.00,5555.85,0.10,0.01,N,O,1998-05-06,1998-03-22,1998-05-10,COLLECT COD,MAIL, up the carefully eve
32736-3,32736,1616,99,3,45.00,68292.45,0.01,0.00,N,O,1998-03-21,1998-05-11,1998-03-28,COLLECT COD,SHIP,leep carefully above the carefully perm
32736-4,32736,729,62,4,18.00,29334.96,0.10,0.02,N,O,1998-05-29,1998-03-30,1998-06-16,NONE,FOB,gular pack
32737-1,32737,1993,38,1,23.00,43584.77,0.05,0.03,R,F,1994-11-22,1995-01-27,1994-12-08,NONE,TRUCK,-ray fluffily above the carefully sil
32737-2,32737,1632,33,2,15.00,23004.45,0.09,0.04,A,F,1994-11-08,1995-01-16,1994-11-11,DELIVER IN PERSON,MAIL,ickly bold package
32737-3,32737,1038,44,3,21.00,19719.63,0.06,0.02,A,F,1994-11-12,1994-12-17,1994-11-14,COLLECT COD,TRUCK,s dazzle blithely blithel
32737-4,32737,1983,72,4,5.00,9424.90,0.00,0.08,A,F,1995-02-05,1994-12-02,1995-03-06,TAKE BACK RETURN,RAIL,xpress instr
32737-5,32737,796,97,5,18.00,30542.22,0.01,0.02,A,F,1995-01-31,1995-01-12,1995-02-09,COLLECT COD,REG AIR,nts across the slyly final decoys are fluf
32737-6,32737,1697,98,6,10.00,15986.90,0.01,0.07,A,F,1994-12-28,1994-12-09,1994-12-31,DELIVER IN PERSON,REG AIR, furiously final theodolites. slyly 
32737-7,32737,1635,18,7,47.00,72221.61,0.07,0.07,A,F,1994-12-21,1995-01-10,1995-01-15,NONE,TRUCK,ess accounts haggle doggedly unu
32738-1,32738,1061,32,1,12.00,11544.72,0.03,0.03,N,O,1998-05-30,1998-04-29,1998-06-01,DELIVER IN PERSON,FOB,slyly express platelets. caref
32739-1,32739,1745,88,1,29.00,47755.46,0.08,0.03,N,O,1996-11-16,1996-11-25,1996-12-03,DELIVER IN PERSON,TRUCK,sts; fluffily even escapades cajole blith
32740-1,32740,1088,59,1,36.00,35606.88,0.00,0.08,R,F,1993-01-25,1993-01-06,1993-01-30,NONE,MAIL,quickly abo
32741-1,32741,182,83,1,50.00,54109.00,0.02,0.08,A,F,1994-03-09,1994-03-27,1994-03-29,COLLECT COD,REG AIR,l courts cajole even reque
32741-2,32741,650,13,2,8.00,12405.20,0.03,0.07,A,F,1994-02-23,1994-04-12,1994-03-08,DELIVER IN PERSON,RAIL,ily ironic accounts use regula
32741-3,32741,1690,32,3,5.00,7958.45,0.05,0.03,A,F,1994-06-05,1994-04-05,1994-06-11,COLLECT COD,FOB,rts. blithely regu
32741-4,32741,577,38,4,36.00,53192.52,0.09,0.08,A,F,1994-04-12,1994-05-12,1994-05-02,COLLECT COD,MAIL,"s cajole final, special packages. even,"
32741-5,32741,776,41,5,48.00,80484.96,0.02,0.06,R,F,1994-02-27,1994-05-12,1994-03-18,NONE,SHIP,ut the carefully ironic deposit
32741-6,32741,841,8,6,17.00,29611.28,0.06,0.04,R,F,1994-03-15,1994-05-09,1994-04-03,TAKE BACK RETURN,SHIP,ing accounts haggle according to th
32741-7,32741,554,55,7,38.00,55272.90,0.00,0.01,R,F,1994-04-02,1994-04-08,1994-04-25,NONE,FOB,"ets among the ironic, pending foxes haggl"
32742-1,32742,651,52,1,6.00,9309.90,0.08,0.01,N,O,1998-05-30,1998-07-13,1998-06-22,NONE,RAIL,onic ideas haggle furiously
32742-2,32742,1831,18,2,19.00,32923.77,0.08,0.03,N,O,1998-08-05,1998-06-25,1998-08-19,TAKE BACK RETURN,RAIL,ly silent d
32742-3,32742,1630,72,3,42.00,64328.46,0.03,0.04,N,O,1998-07-08,1998-06-19,1998-07-10,NONE,TRUCK,furiously pendi
32742-4,32742,1844,74,4,11.00,19204.24,0.04,0.03,N,O,1998-09-02,1998-07-30,1998-09-09,DELIVER IN PERSON,AIR,s. quickly ironic instructions a
32743-1,32743,1295,70,1,19.00,22729.51,0.01,0.05,A,F,1993-08-15,1993-06-22,1993-08-30,COLLECT COD,TRUCK,osely final foxes detect
32743-2,32743,1085,21,2,46.00,45359.68,0.03,0.01,R,F,1993-05-18,1993-06-28,1993-06-10,COLLECT COD,MAIL,inal multipliers. car
32743-3,32743,1162,35,3,26.00,27642.16,0.05,0.06,A,F,1993-05-13,1993-07-15,1993-05-22,DELIVER IN PERSON,AIR,lets grow quickly. slyly regul
32768-1,32768,1732,75,1,35.00,57180.55,0.06,0.08,N,O,1997-11-20,1997-10-11,1997-12-16,DELIVER IN PERSON,TRUCK,slyly special deposits hang furi
32768-2,32768,1804,34,2,29.00,49468.20,0.07,0.07,N,O,1997-10-26,1997-10-06,1997-11-18,TAKE BACK RETURN,AIR,oss the slyly ironic deposits. regular
32768-3,32768,1198,71,3,25.00,27479.75,0.00,0.06,N,O,1997-08-06,1997-10-17,1997-08-15,COLLECT COD,FOB,d foxes are carefully after the slyly regu
32768-4,32768,1554,35,4,50.00,72777.50,0.08,0.07,N,O,1997-12-02,1997-09-20,1997-12-03,COLLECT COD,FOB, doubt quickly. 
32768-5,32768,1754,81,5,4.00,6623.00,0.08,0.06,N,O,1997-08-16,1997-10-14,1997-09-08,TAKE BACK RETURN,MAIL,boost quickly. ironic r
32769-1,32769,667,68,1,17.00,26650.22,0.07,0.07,N,O,1997-01-25,1997-04-01,1997-02-10,COLLECT COD,TRUCK,iously bold deposits was about the p
32769-2,32769,1769,70,2,42.00,70171.92,0.07,0.03,N,O,1997-02-25,1997-04-04,1997-03-01,COLLECT COD,SHIP,ilently unus
32770-1,32770,1107,16,1,19.00,19153.90,0.09,0.01,N,O,1996-02-21,1996-04-06,1996-03-20,NONE,AIR,"ts through the ironic, regular sentimen"
32770-2,32770,1652,53,2,11.00,17090.15,0.10,0.02,N,O,1996-05-15,1996-04-27,1996-05-30,TAKE BACK RETURN,FOB,counts haggle doggedly around the slyly 
32770-3,32770,1077,83,3,50.00,48903.50,0.02,0.07,N,O,1996-05-04,1996-03-16,1996-05-25,TAKE BACK RETURN,AIR,ss theodolites. 
32770-4,32770,1298,10,4,24.00,28782.96,0.10,0.02,N,O,1996-05-17,1996-04-12,1996-05-31,NONE,FOB,symptotes along t
32770-5,32770,885,85,5,44.00,78578.72,0.05,0.01,N,O,1996-03-11,1996-03-01,1996-03-13,COLLECT COD,RAIL,courts. pinto beans are. c
32770-6,32770,831,98,6,23.00,39832.09,0.00,0.00,N,O,1996-02-03,1996-04-16,1996-02-05,NONE,RAIL,- enticingly final 
32771-1,32771,1423,24,1,34.00,45030.28,0.04,0.00,N,O,1997-04-22,1997-04-03,1997-04-29,NONE,FOB,pinto beans nag fu
32771-2,32771,460,19,2,23.00,31290.58,0.10,0.00,N,O,1997-03-05,1997-04-05,1997-03-17,COLLECT COD,MAIL,efully behind the quickly final 
32771-3,32771,1012,13,3,49.00,44737.49,0.01,0.07,N,O,1997-04-20,1997-02-24,1997-04-27,COLLECT COD,REG AIR,gular packages
32771-4,32771,1242,17,4,30.00,34297.20,0.05,0.02,N,O,1997-02-21,1997-04-12,1997-03-11,NONE,MAIL,g blithely express packages. slyly unusu
32771-5,32771,1233,45,5,34.00,38563.82,0.01,0.03,N,O,1997-01-17,1997-04-04,1997-02-09,TAKE BACK RETURN,SHIP,"ronic accounts. unusual, pending "
32772-1,32772,1509,90,1,14.00,19747.00,0.03,0.01,N,O,1998-01-20,1997-12-25,1998-01-24,COLLECT COD,RAIL,nent instructions sleep fluffily about the 
32772-2,32772,329,86,2,32.00,39338.24,0.10,0.08,N,O,1997-10-27,1997-12-10,1997-11-05,COLLECT COD,FOB,old packages abo
32772-3,32772,905,6,3,15.00,27088.50,0.08,0.02,N,O,1998-01-09,1997-12-03,1998-01-19,DELIVER IN PERSON,SHIP,rate carefully among th
32772-4,32772,1151,52,4,34.00,35773.10,0.01,0.07,N,O,1997-11-29,1997-11-29,1997-12-21,DELIVER IN PERSON,MAIL,furiously ironic packages. sometimes
32772-5,32772,1838,39,5,25.00,43495.75,0.02,0.03,N,O,1997-11-04,1998-01-11,1997-11-28,DELIVER IN PERSON,FOB,hang according to 
32772-6,32772,950,51,6,16.00,29615.20,0.10,0.08,N,O,1997-12-28,1997-12-31,1998-01-17,COLLECT COD,AIR,uffily expres
32773-1,32773,1799,42,1,14.00,23811.06,0.09,0.07,N,O,1998-09-12,1998-07-16,1998-10-03,TAKE BACK RETURN,FOB,ackages. slyly bold deposits hagg
32773-2,32773,1693,17,2,4.00,6378.76,0.04,0.06,N,O,1998-08-31,1998-08-11,1998-09-04,NONE,FOB,egular excuses lo
32773-3,32773,1567,8,3,46.00,67553.76,0.03,0.01,N,O,1998-08-21,1998-07-31,1998-09-15,TAKE BACK RETURN,FOB,ss ideas. carefully pending f
32773-4,32773,775,72,4,18.00,30163.86,0.08,0.03,N,O,1998-09-05,1998-08-30,1998-09-06,COLLECT COD,RAIL,e. requests are alongside of the carefully 
32773-5,32773,1923,56,5,47.00,85771.24,0.04,0.06,N,O,1998-07-08,1998-07-30,1998-07-12,TAKE BACK RETURN,RAIL,ress packages about the furi
32773-6,32773,465,95,6,48.00,65542.08,0.07,0.01,N,O,1998-06-09,1998-08-23,1998-06-29,COLLECT COD,FOB, furiously slow pinto bean
32773-7,32773,1511,52,7,49.00,69212.99,0.08,0.06,N,O,1998-06-21,1998-07-25,1998-07-05,NONE,REG AIR,fully. carefully ironic war
32774-1,32774,401,60,1,7.00,9109.80,0.06,0.00,A,F,1993-09-28,1993-09-03,1993-10-01,NONE,MAIL,kly ironic acco
32774-2,32774,925,28,2,25.00,45648.00,0.04,0.07,R,F,1993-06-20,1993-08-01,1993-06-28,COLLECT COD,TRUCK,ing accounts integrate 
32775-1,32775,931,32,1,15.00,27478.95,0.09,0.04,N,O,1997-01-20,1997-02-13,1997-02-04,NONE,FOB,the regular accou
32775-2,32775,63,14,2,2.00,1926.12,0.08,0.01,N,O,1997-03-03,1997-02-04,1997-04-02,TAKE BACK RETURN,REG AIR,y even dependencies are along the furio
32775-3,32775,221,22,3,41.00,45970.02,0.04,0.06,N,O,1997-03-02,1997-03-25,1997-03-10,DELIVER IN PERSON,AIR,"ular, bold th"
32775-4,32775,283,84,4,5.00,5916.40,0.10,0.04,N,O,1997-03-09,1997-03-18,1997-04-01,COLLECT COD,AIR,ctions boost
32775-5,32775,375,32,5,50.00,63768.50,0.10,0.04,N,O,1997-03-19,1997-03-04,1997-03-23,TAKE BACK RETURN,MAIL,e carefully throu
32800-1,32800,1809,10,1,17.00,29083.60,0.01,0.06,R,F,1994-03-14,1994-04-19,1994-04-04,NONE,AIR,osits after the quickly bold 
32800-2,32800,1954,55,2,6.00,11135.70,0.06,0.06,A,F,1994-02-23,1994-04-17,1994-02-24,TAKE BACK RETURN,REG AIR,sits. furiously pending
32800-3,32800,1032,3,3,13.00,12129.39,0.00,0.05,A,F,1994-02-04,1994-04-16,1994-02-08,NONE,REG AIR,hs. blithely 
32800-4,32800,1997,86,4,44.00,83555.56,0.03,0.03,R,F,1994-02-26,1994-04-04,1994-03-23,TAKE BACK RETURN,RAIL,onic packa
32800-5,32800,1466,84,5,9.00,12307.14,0.05,0.02,A,F,1994-02-12,1994-03-20,1994-02-27,TAKE BACK RETURN,FOB,l theodolites haggle against the ir
32800-6,32800,652,46,6,25.00,38816.25,0.10,0.00,R,F,1994-01-26,1994-04-07,1994-02-19,TAKE BACK RETURN,AIR, carefully. 
32801-1,32801,1931,76,1,39.00,71484.27,0.01,0.00,N,O,1997-07-22,1997-06-10,1997-07-23,TAKE BACK RETURN,SHIP,uffily caref
32801-2,32801,142,21,2,26.00,27095.64,0.07,0.01,N,O,1997-05-12,1997-06-03,1997-05-24,NONE,REG AIR,"unusual, special p"
32801-3,32801,1231,32,3,12.00,13586.76,0.00,0.01,N,O,1997-06-02,1997-06-02,1997-06-13,COLLECT COD,SHIP,oost. carefully final the
32801-4,32801,703,36,4,12.00,19244.40,0.00,0.06,N,O,1997-06-15,1997-07-24,1997-07-13,DELIVER IN PERSON,TRUCK,symptotes among the unusual packa
32801-5,32801,1481,99,5,12.00,16589.76,0.02,0.06,N,O,1997-06-28,1997-07-20,1997-07-25,NONE,AIR, furiously ir
32802-1,32802,648,49,1,38.00,58848.32,0.00,0.07,N,O,1998-08-01,1998-06-03,1998-08-16,NONE,REG AIR,unusual pinto be
32802-2,32802,1800,43,2,20.00,34036.00,0.01,0.06,N,O,1998-08-07,1998-07-07,1998-08-17,NONE,RAIL,jole. furiously pending dependencies hag
32803-1,32803,820,21,1,49.00,84320.18,0.00,0.04,N,O,1996-02-06,1996-02-29,1996-02-16,DELIVER IN PERSON,RAIL,fully bold deposits boo
32803-2,32803,1300,75,2,13.00,15616.90,0.00,0.00,N,O,1996-03-05,1996-03-15,1996-03-26,NONE,TRUCK, blithely ironic theodolites thrash orb
32804-1,32804,594,95,1,11.00,16440.49,0.03,0.08,A,F,1992-10-01,1992-12-06,1992-10-18,DELIVER IN PERSON,AIR,"al, ironic deposits. quickly regul"
32804-2,32804,517,8,2,22.00,31185.22,0.09,0.00,R,F,1992-11-16,1992-10-18,1992-12-11,NONE,TRUCK,e fluffily. accounts afte
32804-3,32804,158,85,3,6.00,6348.90,0.05,0.05,R,F,1992-09-20,1992-11-10,1992-10-20,COLLECT COD,FOB,ar deposits poach blithel
32804-4,32804,1488,6,4,40.00,55579.20,0.03,0.01,A,F,1992-10-18,1992-10-20,1992-11-11,DELIVER IN PERSON,RAIL,final accounts use busily across 
32804-5,32804,792,57,5,19.00,32163.01,0.03,0.01,R,F,1992-12-07,1992-11-14,1993-01-06,COLLECT COD,TRUCK,efully regular accounts. 
32805-1,32805,1234,46,1,19.00,21569.37,0.07,0.01,A,F,1992-06-21,1992-07-04,1992-07-07,NONE,FOB, the quickly regul
32805-2,32805,952,21,2,26.00,48176.70,0.00,0.04,R,F,1992-08-07,1992-07-28,1992-09-01,DELIVER IN PERSON,FOB,y ruthless foxes boost about t
32805-3,32805,341,70,3,20.00,24826.80,0.10,0.08,A,F,1992-08-08,1992-07-14,1992-08-30,DELIVER IN PERSON,FOB,ironic packages wake care
32805-4,32805,50,51,4,5.00,4750.25,0.05,0.07,R,F,1992-07-19,1992-07-29,1992-08-13,DELIVER IN PERSON,MAIL, furiously even sentiments. ironic i
32805-5,32805,539,70,5,3.00,4318.59,0.00,0.03,R,F,1992-07-28,1992-07-08,1992-08-22,DELIVER IN PERSON,FOB,thely. requests hang blithely acc
32806-1,32806,1317,56,1,1.00,1218.31,0.08,0.04,N,O,1995-07-07,1995-08-26,1995-08-03,NONE,REG AIR,ic requests should 
32806-2,32806,1232,70,2,41.00,46462.43,0.08,0.07,N,O,1995-10-06,1995-08-18,1995-10-29,COLLECT COD,RAIL, quietly eve
32806-3,32806,1556,57,3,49.00,71419.95,0.00,0.04,N,O,1995-08-09,1995-09-18,1995-09-08,COLLECT COD,RAIL,old asymptotes are furiously f
32806-4,32806,1664,65,4,6.00,9393.96,0.03,0.01,N,O,1995-08-14,1995-09-18,1995-08-20,NONE,SHIP,ons among the bold gifts
32806-5,32806,9,10,5,22.00,19998.00,0.03,0.06,N,O,1995-10-01,1995-08-03,1995-10-12,TAKE BACK RETURN,RAIL,s boost slyly above the fluf
32806-6,32806,1685,68,6,23.00,36493.64,0.01,0.01,N,O,1995-09-11,1995-07-25,1995-09-20,COLLECT COD,TRUCK,s requests since the fluff
32807-1,32807,1690,73,1,35.00,55709.15,0.09,0.00,A,F,1994-05-15,1994-03-19,1994-05-30,DELIVER IN PERSON,REG AIR,ly ironic in
32807-2,32807,1393,32,2,37.00,47892.43,0.08,0.07,R,F,1994-04-29,1994-03-16,1994-05-15,TAKE BACK RETURN,FOB,d sentiments sleep. furiously ironic req
32807-3,32807,120,47,3,18.00,18362.16,0.01,0.04,R,F,1994-02-04,1994-04-15,1994-02-23,DELIVER IN PERSON,AIR,"t the even, even theodoli"
32807-4,32807,701,2,4,11.00,17618.70,0.10,0.03,R,F,1994-04-19,1994-04-12,1994-04-25,COLLECT COD,RAIL,ss accounts according to 
32807-5,32807,508,69,5,33.00,46480.50,0.02,0.00,R,F,1994-04-16,1994-04-21,1994-05-12,NONE,FOB,"ual ideas detect final, regular ins"
32832-1,32832,1744,87,1,45.00,74058.30,0.01,0.06,N,O,1998-04-16,1998-03-22,1998-05-06,TAKE BACK RETURN,TRUCK,even pinto beans sleep quickly finally r
32832-2,32832,1870,14,2,18.00,31893.66,0.10,0.07,N,O,1998-02-01,1998-02-07,1998-02-08,COLLECT COD,FOB,ular deposits. fluffily sp
32832-3,32832,1264,39,3,46.00,53601.96,0.09,0.07,N,O,1998-03-24,1998-03-04,1998-03-31,NONE,MAIL,e quickly express requests. f
32832-4,32832,250,32,4,18.00,20704.50,0.05,0.08,N,O,1998-02-28,1998-02-06,1998-03-03,DELIVER IN PERSON,MAIL,s about the bold requests nod q
32832-5,32832,47,98,5,41.00,38828.64,0.06,0.05,N,O,1998-01-06,1998-02-09,1998-02-02,NONE,FOB,furiously final requests wake ca
32833-1,32833,787,20,1,38.00,64135.64,0.10,0.03,N,O,1997-10-31,1997-11-05,1997-11-20,TAKE BACK RETURN,RAIL,r the fluffily bold
32833-2,32833,1048,54,2,18.00,17082.72,0.09,0.03,N,O,1997-11-07,1997-11-06,1997-12-03,TAKE BACK RETURN,RAIL,old request
32833-3,32833,1423,41,3,17.00,22515.14,0.10,0.00,N,O,1997-09-23,1997-10-04,1997-09-29,NONE,AIR,le. silent pinto beans haggle bl
32833-4,32833,835,35,4,18.00,31244.94,0.03,0.03,N,O,1997-10-26,1997-11-03,1997-11-25,TAKE BACK RETURN,FOB,ly. instructions cajole across the care
32833-5,32833,1869,13,5,2.00,3541.72,0.09,0.06,N,O,1997-11-15,1997-10-11,1997-11-22,DELIVER IN PERSON,REG AIR,endencies boost furiously acros
32833-6,32833,1565,6,6,2.00,2933.12,0.09,0.06,N,O,1997-09-12,1997-09-29,1997-09-26,DELIVER IN PERSON,RAIL,s above the carefully silent th
32833-7,32833,642,5,7,12.00,18511.68,0.03,0.02,N,O,1997-08-30,1997-10-30,1997-09-10,DELIVER IN PERSON,REG AIR,xcuses detect sl
32834-1,32834,1721,22,1,35.00,56795.20,0.04,0.03,A,F,1993-10-20,1993-10-22,1993-11-02,NONE,SHIP,its. regularly ironic pinto beans cajole 
32835-1,32835,277,32,1,15.00,17659.05,0.04,0.03,A,F,1992-08-21,1992-08-20,1992-08-24,DELIVER IN PERSON,REG AIR,uffily special foxe
32835-2,32835,964,33,2,7.00,13054.72,0.04,0.05,A,F,1992-09-02,1992-09-20,1992-09-28,COLLECT COD,MAIL,fily bold excuses hinder furious
32835-3,32835,199,52,3,33.00,36273.27,0.09,0.05,A,F,1992-09-10,1992-08-13,1992-10-09,DELIVER IN PERSON,FOB,"fter the final, ironic reques"
32835-4,32835,1484,85,4,39.00,54033.72,0.00,0.04,R,F,1992-08-09,1992-08-31,1992-09-05,DELIVER IN PERSON,FOB,ts nag carefully. s
32835-5,32835,893,27,5,50.00,89694.50,0.09,0.00,R,F,1992-08-19,1992-10-06,1992-09-16,NONE,TRUCK," use silently final, unusual braids. r"
32836-1,32836,398,83,1,47.00,61024.33,0.07,0.03,N,O,1996-08-18,1996-11-03,1996-08-29,TAKE BACK RETURN,REG AIR,uests. carefully pending
32836-2,32836,711,76,2,44.00,70915.24,0.04,0.06,N,O,1996-12-03,1996-10-04,1996-12-14,DELIVER IN PERSON,RAIL,s across the regular deposits use
32837-1,32837,1072,8,1,50.00,48653.50,0.04,0.07,R,F,1994-06-30,1994-07-17,1994-07-30,TAKE BACK RETURN,REG AIR,lyly final platelets will sleep furiously. 
32838-1,32838,1817,4,1,14.00,24063.34,0.09,0.06,N,O,1995-07-22,1995-07-20,1995-08-05,TAKE BACK RETURN,TRUCK,ts. blithely ironic accou
32838-2,32838,779,12,2,20.00,33595.40,0.04,0.00,R,F,1995-05-24,1995-07-27,1995-05-29,DELIVER IN PERSON,SHIP,ecial courts. ironic pla
32838-3,32838,404,5,3,11.00,14348.40,0.10,0.05,N,O,1995-06-29,1995-07-17,1995-07-02,NONE,RAIL,e. furiously even pinto b
32839-1,32839,782,47,1,46.00,77407.88,0.01,0.06,N,O,1997-03-12,1997-01-24,1997-04-01,DELIVER IN PERSON,REG AIR,tions. carefully unusual foxes 
32839-2,32839,1758,1,2,39.00,64730.25,0.08,0.06,N,O,1997-01-09,1997-02-23,1997-01-29,COLLECT COD,TRUCK,accounts cajole carefully acro
32839-3,32839,1546,27,3,13.00,18818.02,0.10,0.05,N,O,1997-02-02,1997-02-12,1997-02-11,DELIVER IN PERSON,FOB,tes solve. carefully even ide
32839-4,32839,266,67,4,22.00,25657.72,0.06,0.00,N,O,1996-12-13,1997-02-28,1996-12-29,DELIVER IN PERSON,REG AIR,olites serve blithely slyly
32839-5,32839,1634,17,5,45.00,69103.35,0.07,0.07,N,O,1997-03-09,1997-01-10,1997-03-11,NONE,RAIL,lly ironic pinto beans sleep after 
32839-6,32839,1420,60,6,3.00,3964.26,0.07,0.04,N,O,1997-01-24,1997-02-05,1997-02-20,COLLECT COD,REG AIR,s among the caref
32839-7,32839,1600,41,7,25.00,37540.00,0.09,0.01,N,O,1997-02-12,1997-02-09,1997-03-14,NONE,MAIL,nooze furiously. quickl
32864-1,32864,1843,30,1,38.00,66303.92,0.05,0.07,N,O,1997-10-24,1997-12-21,1997-11-13,TAKE BACK RETURN,RAIL,ests are. ironic attainme
32864-2,32864,532,63,2,16.00,22920.48,0.10,0.07,N,O,1997-12-04,1997-12-30,1997-12-09,DELIVER IN PERSON,TRUCK,counts. carefully bold theodolites i
32864-3,32864,1211,12,3,46.00,51161.66,0.06,0.02,N,O,1998-01-20,1997-12-09,1998-02-02,NONE,REG AIR,egular theodolites. quickly special foxe
32864-4,32864,1344,83,4,37.00,46077.58,0.02,0.06,N,O,1997-12-06,1997-11-16,1998-01-03,NONE,FOB,"r, regular"
32865-1,32865,1022,58,1,7.00,6461.14,0.05,0.01,A,F,1994-09-27,1994-11-09,1994-09-29,TAKE BACK RETURN,MAIL,ructions detect according t
32865-2,32865,1827,57,2,9.00,15559.38,0.08,0.06,A,F,1994-09-10,1994-11-09,1994-09-28,DELIVER IN PERSON,MAIL,ding pinto beans 
32865-3,32865,27,28,3,15.00,13905.30,0.00,0.04,R,F,1994-11-08,1994-10-14,1994-11-22,DELIVER IN PERSON,MAIL,quests. bold deposits maintain quic
32866-1,32866,95,21,1,34.00,33833.06,0.03,0.08,N,O,1998-03-26,1998-04-07,1998-04-04,DELIVER IN PERSON,REG AIR,l excuses. express courts w
32866-2,32866,782,15,2,20.00,33655.60,0.04,0.04,N,O,1998-04-29,1998-04-20,1998-05-07,DELIVER IN PERSON,FOB,ake along the ironic requests-- regul
32867-1,32867,83,59,1,12.00,11796.96,0.08,0.04,N,O,1998-02-10,1998-02-18,1998-03-06,TAKE BACK RETURN,AIR,sits. ironic dependencies o
32868-1,32868,1377,54,1,42.00,53691.54,0.10,0.06,R,F,1994-03-09,1994-03-17,1994-04-07,NONE,MAIL,"egular accounts. final, silent warthogs c"
32869-1,32869,1924,25,1,10.00,18259.20,0.02,0.04,R,F,1994-07-23,1994-05-12,1994-08-02,DELIVER IN PERSON,AIR,tegrate quickly
32869-2,32869,1696,97,2,21.00,33551.49,0.02,0.07,A,F,1994-07-23,1994-06-18,1994-08-17,DELIVER IN PERSON,AIR,fily express packages. fi
32869-3,32869,1394,71,3,30.00,38861.70,0.05,0.07,R,F,1994-07-05,1994-06-25,1994-07-20,COLLECT COD,RAIL,furiously even deposits cajole c
32869-4,32869,173,26,4,12.00,12878.04,0.04,0.02,A,F,1994-04-08,1994-06-02,1994-04-17,DELIVER IN PERSON,REG AIR, blithely unusua
32869-5,32869,872,73,5,47.00,83324.89,0.01,0.00,A,F,1994-04-09,1994-05-06,1994-04-13,DELIVER IN PERSON,TRUCK,lyly final asym
32869-6,32869,1222,34,6,27.00,30326.94,0.03,0.00,A,F,1994-07-25,1994-05-11,1994-07-29,DELIVER IN PERSON,TRUCK,he carefully even deposits. quickly p
32870-1,32870,621,53,1,49.00,74559.38,0.07,0.00,N,O,1997-03-04,1997-04-14,1997-03-16,COLLECT COD,FOB, cajole furiously. carefully final account
32870-2,32870,1043,79,2,13.00,12272.52,0.02,0.01,N,O,1997-03-25,1997-04-01,1997-04-17,COLLECT COD,RAIL,slyly final requests ea
32870-3,32870,1750,93,3,26.00,42945.50,0.04,0.06,N,O,1997-03-09,1997-05-22,1997-03-20,DELIVER IN PERSON,MAIL,cial accounts. regular accounts use 
32870-4,32870,1669,52,4,10.00,15706.60,0.09,0.00,N,O,1997-04-24,1997-04-08,1997-04-27,TAKE BACK RETURN,SHIP, regular accounts. carefully
32870-5,32870,748,13,5,20.00,32974.80,0.07,0.06,N,O,1997-04-08,1997-05-22,1997-04-18,COLLECT COD,AIR," even, regular asymptotes? pending i"
32871-1,32871,184,85,1,34.00,36862.12,0.01,0.01,R,F,1992-11-11,1992-12-03,1992-11-13,DELIVER IN PERSON,FOB,ckages. daringly regular c
32871-2,32871,421,51,2,9.00,11892.78,0.07,0.07,R,F,1992-11-03,1992-12-24,1992-11-13,TAKE BACK RETURN,SHIP,ly special request
32871-3,32871,1300,12,3,20.00,24026.00,0.07,0.03,R,F,1992-12-15,1993-01-14,1993-01-12,COLLECT COD,AIR,requests nag furiously. furiously final
32871-4,32871,1283,84,4,40.00,47371.20,0.05,0.06,A,F,1992-10-28,1992-12-16,1992-11-12,COLLECT COD,SHIP,ously express 
32871-5,32871,1036,7,5,12.00,11244.36,0.01,0.05,A,F,1993-01-23,1993-01-05,1993-02-14,TAKE BACK RETURN,FOB,sits after the accounts hag
32896-1,32896,1859,89,1,38.00,66912.30,0.00,0.03,N,O,1997-04-15,1997-06-03,1997-05-14,COLLECT COD,RAIL,ross the slyly
32896-2,32896,1976,77,2,23.00,43193.31,0.01,0.05,N,O,1997-04-18,1997-06-21,1997-04-26,DELIVER IN PERSON,AIR,the carefully sly foxes. caref
32896-3,32896,634,97,3,39.00,59850.57,0.09,0.04,N,O,1997-04-12,1997-06-17,1997-04-22,COLLECT COD,REG AIR,y. unusual accounts detect. fluff
32896-4,32896,631,25,4,17.00,26037.71,0.03,0.07,N,O,1997-05-08,1997-05-09,1997-06-01,NONE,TRUCK,ven request
32896-5,32896,1938,39,5,13.00,23919.09,0.03,0.07,N,O,1997-04-26,1997-05-26,1997-05-18,DELIVER IN PERSON,FOB,ly express ideas use. final ideas boost
32897-1,32897,886,86,1,29.00,51819.52,0.08,0.02,N,O,1996-03-12,1996-03-13,1996-03-29,COLLECT COD,RAIL,e unusual accounts. quickly express
32897-2,32897,950,53,2,36.00,66634.20,0.03,0.05,N,O,1996-02-19,1996-03-22,1996-03-01,TAKE BACK RETURN,MAIL,lar waters u
32897-3,32897,210,38,3,19.00,21093.99,0.10,0.06,N,O,1996-04-03,1996-03-17,1996-04-15,TAKE BACK RETURN,TRUCK," foxes wake blithely. final,"
32897-4,32897,888,22,4,23.00,41144.24,0.08,0.00,N,O,1996-02-14,1996-04-06,1996-03-07,DELIVER IN PERSON,FOB,ntegrate slyly alongside of the furiou
32897-5,32897,280,35,5,43.00,50752.04,0.05,0.04,N,O,1996-04-06,1996-03-04,1996-04-26,DELIVER IN PERSON,TRUCK,"press, ironic requests. quickly"
32898-1,32898,856,90,1,49.00,86085.65,0.02,0.04,R,F,1994-09-24,1994-09-25,1994-10-10,COLLECT COD,AIR, carefully
32898-2,32898,158,85,2,22.00,23279.30,0.00,0.01,R,F,1994-09-22,1994-11-02,1994-10-12,DELIVER IN PERSON,SHIP,tes. depende
32899-1,32899,1511,92,1,32.00,45200.32,0.04,0.07,R,F,1994-07-29,1994-06-16,1994-08-23,COLLECT COD,MAIL," can cajole furiously. special, ironic ide"
32899-2,32899,1468,86,2,34.00,46561.64,0.06,0.06,R,F,1994-05-02,1994-06-04,1994-05-19,COLLECT COD,SHIP, theodolites sleep blithely. blithely e
32900-1,32900,139,18,1,20.00,20782.60,0.08,0.06,N,O,1997-06-30,1997-08-25,1997-07-04,NONE,MAIL, detect fluf
32900-2,32900,1119,56,2,9.00,9180.99,0.10,0.08,N,O,1997-08-22,1997-08-04,1997-08-24,TAKE BACK RETURN,RAIL,unts eat slyly against the furi
32901-1,32901,367,68,1,47.00,59565.92,0.00,0.04,R,F,1995-04-28,1995-02-14,1995-05-24,DELIVER IN PERSON,AIR, final deposits along th
32901-2,32901,38,39,2,22.00,20636.66,0.02,0.01,R,F,1995-05-02,1995-03-22,1995-05-12,TAKE BACK RETURN,SHIP,fully. bold accounts are 
32901-3,32901,166,19,3,43.00,45844.88,0.08,0.02,R,F,1995-03-14,1995-03-07,1995-03-27,COLLECT COD,MAIL,nts maintain according
32901-4,32901,764,65,4,3.00,4994.28,0.10,0.01,A,F,1995-02-06,1995-04-01,1995-03-07,TAKE BACK RETURN,MAIL,"even, ironic p"
32901-5,32901,496,97,5,37.00,51670.13,0.07,0.02,A,F,1995-02-18,1995-04-04,1995-02-22,NONE,AIR,are blithely even requests. furiously re
32901-6,32901,455,43,6,44.00,59639.80,0.03,0.07,R,F,1995-01-24,1995-04-01,1995-02-06,TAKE BACK RETURN,MAIL,fully final theod
32901-7,32901,126,53,7,40.00,41044.80,0.06,0.05,A,F,1995-01-29,1995-02-11,1995-02-08,NONE,FOB,eep; quickly ironic packages above 
32902-1,32902,1368,7,1,23.00,29195.28,0.06,0.00,R,F,1992-05-29,1992-04-21,1992-06-01,COLLECT COD,AIR,al instructions haggle 
32902-2,32902,1612,95,2,44.00,66598.84,0.01,0.07,R,F,1992-07-02,1992-05-18,1992-07-24,DELIVER IN PERSON,SHIP,fluffily unusual packages 
32902-3,32902,1550,31,3,12.00,17418.60,0.04,0.02,A,F,1992-04-28,1992-04-15,1992-05-12,COLLECT COD,RAIL,es. carefully even
32902-4,32902,88,89,4,38.00,37547.04,0.02,0.03,R,F,1992-06-01,1992-04-08,1992-06-04,NONE,MAIL,layers promise. fluffily regular t
32902-5,32902,1148,85,5,21.00,22031.94,0.03,0.02,R,F,1992-03-28,1992-04-03,1992-04-20,DELIVER IN PERSON,RAIL,ully pending deposits wake qui
32903-1,32903,201,83,1,36.00,39643.20,0.05,0.05,R,F,1992-11-12,1992-09-22,1992-12-03,DELIVER IN PERSON,MAIL,ly final accounts within t
32903-2,32903,181,82,2,48.00,51896.64,0.10,0.04,R,F,1992-08-02,1992-09-12,1992-09-01,NONE,MAIL,final pinto beans. ironic deposits coul
32903-3,32903,1100,71,3,22.00,22024.20,0.05,0.07,R,F,1992-11-03,1992-09-26,1992-11-29,NONE,RAIL,p. quickly unusual requests sleep qui
32903-4,32903,777,10,4,39.00,65433.03,0.05,0.08,R,F,1992-10-04,1992-09-15,1992-10-22,COLLECT COD,FOB,k deposits. furiously
32903-5,32903,1831,18,5,30.00,51984.90,0.01,0.01,R,F,1992-08-22,1992-10-03,1992-08-30,COLLECT COD,REG AIR,s according to the express pinto bean
32903-6,32903,1488,67,6,10.00,13894.80,0.03,0.01,R,F,1992-11-21,1992-10-08,1992-12-05,NONE,TRUCK,ymptotes cajole. regular depos
32928-1,32928,864,98,1,36.00,63534.96,0.02,0.03,N,O,1995-08-03,1995-06-21,1995-08-18,TAKE BACK RETURN,RAIL,ily. final dependencies wake along the regu
32928-2,32928,552,83,2,43.00,62459.65,0.08,0.00,N,O,1995-07-28,1995-06-30,1995-08-04,DELIVER IN PERSON,MAIL,doggedly ruthless packages alongs
32928-3,32928,905,40,3,30.00,54177.00,0.07,0.08,N,O,1995-07-15,1995-07-16,1995-07-27,DELIVER IN PERSON,SHIP,he unusual foxes sleep fluffily ac
32928-4,32928,796,61,4,35.00,59387.65,0.04,0.06,N,F,1995-05-27,1995-07-26,1995-06-19,TAKE BACK RETURN,RAIL,ely regular foxes cajole carefu
32928-5,32928,742,7,5,46.00,75566.04,0.10,0.02,N,F,1995-06-11,1995-08-02,1995-06-24,COLLECT COD,REG AIR,ons cajole blithely. foxes
32929-1,32929,1749,76,1,47.00,77584.78,0.10,0.05,N,O,1995-07-28,1995-06-28,1995-08-16,COLLECT COD,AIR,kly regular packages cajole qui
32929-2,32929,1037,8,2,22.00,20636.66,0.05,0.02,N,O,1995-07-30,1995-07-06,1995-08-15,DELIVER IN PERSON,SHIP,ns detect quickly across the de
32929-3,32929,556,87,3,20.00,29131.00,0.01,0.06,N,O,1995-08-04,1995-07-01,1995-08-29,COLLECT COD,RAIL,imes besides the final multi
32929-4,32929,1568,9,4,15.00,22043.40,0.06,0.08,N,O,1995-07-08,1995-06-23,1995-07-19,NONE,FOB,. slyly ev
32929-5,32929,493,94,5,39.00,54346.11,0.10,0.07,R,F,1995-05-13,1995-07-07,1995-05-28,TAKE BACK RETURN,RAIL,atelets wake abou
32929-6,32929,39,90,6,40.00,37561.20,0.08,0.08,N,O,1995-07-10,1995-06-26,1995-07-22,COLLECT COD,MAIL,r asymptote
32930-1,32930,1734,35,1,14.00,22900.22,0.03,0.06,N,O,1996-06-26,1996-05-31,1996-07-09,DELIVER IN PERSON,TRUCK,efully until the reg
32930-2,32930,1977,22,2,6.00,11273.82,0.01,0.08,N,O,1996-05-08,1996-06-06,1996-05-24,TAKE BACK RETURN,AIR,g requests boost quickly furious
32930-3,32930,1039,45,3,46.00,43241.38,0.00,0.02,N,O,1996-05-03,1996-07-20,1996-06-01,TAKE BACK RETURN,MAIL,uffily bold packages. enticingly e
32930-4,32930,358,15,4,14.00,17616.90,0.07,0.01,N,O,1996-07-08,1996-07-06,1996-08-03,NONE,AIR,he regular pinto beans will have to cajol
32930-5,32930,1142,15,5,3.00,3129.42,0.03,0.02,N,O,1996-08-16,1996-07-08,1996-08-19,NONE,RAIL,sly ironic deposits. expr
32931-1,32931,857,91,1,25.00,43946.25,0.00,0.08,A,F,1993-05-24,1993-05-17,1993-06-04,NONE,REG AIR,oach carefully. foxes print slyly ca
32931-2,32931,230,31,2,17.00,19213.91,0.00,0.08,R,F,1993-06-08,1993-04-18,1993-07-06,DELIVER IN PERSON,FOB,busily bold ideas. even req
32931-3,32931,966,69,3,11.00,20536.56,0.00,0.08,R,F,1993-05-08,1993-04-21,1993-05-09,NONE,TRUCK,ackages wake blithely. closely i
32931-4,32931,498,99,4,32.00,44751.68,0.01,0.07,A,F,1993-03-16,1993-05-06,1993-03-30,NONE,TRUCK,int above the blithely final ideas.
32931-5,32931,1365,66,5,11.00,13929.96,0.00,0.08,R,F,1993-05-05,1993-04-17,1993-05-09,COLLECT COD,REG AIR,ar braids sleep alongside of th
32931-6,32931,1835,22,6,4.00,6947.32,0.09,0.06,R,F,1993-03-02,1993-03-22,1993-03-22,TAKE BACK RETURN,TRUCK,olites sleep furiously about 
32931-7,32931,628,60,7,5.00,7643.10,0.03,0.05,A,F,1993-03-29,1993-04-27,1993-04-26,COLLECT COD,FOB,equests affix. slyly final
32932-1,32932,699,62,1,29.00,46391.01,0.05,0.06,A,F,1993-03-12,1993-02-24,1993-03-24,TAKE BACK RETURN,AIR,quests. sly
32932-2,32932,67,68,2,47.00,45451.82,0.09,0.00,A,F,1993-01-29,1993-04-07,1993-02-27,NONE,SHIP,"final, regular theodolites integrate "
32932-3,32932,1440,41,3,13.00,17438.72,0.03,0.01,R,F,1993-02-01,1993-03-20,1993-02-27,DELIVER IN PERSON,RAIL,ously about the furiously regular 
32932-4,32932,3,54,4,11.00,9933.00,0.07,0.04,A,F,1993-04-30,1993-03-26,1993-05-12,TAKE BACK RETURN,MAIL,y blithely silent requests. de
32932-5,32932,534,65,5,19.00,27256.07,0.04,0.02,R,F,1993-03-07,1993-02-24,1993-03-13,DELIVER IN PERSON,SHIP,ular requests wake blith
32933-1,32933,189,42,1,19.00,20694.42,0.05,0.08,N,O,1996-09-19,1996-09-04,1996-10-01,COLLECT COD,TRUCK,haggle quickly afte
32934-1,32934,1907,40,1,45.00,81400.50,0.00,0.08,N,O,1998-03-18,1998-04-11,1998-03-24,COLLECT COD,FOB,sts along the 
32935-1,32935,1785,86,1,23.00,38795.94,0.04,0.02,A,F,1994-04-04,1994-02-17,1994-04-05,DELIVER IN PERSON,TRUCK,lar packages engage carefully sile
32935-2,32935,555,16,2,42.00,61133.10,0.08,0.03,R,F,1994-05-16,1994-04-03,1994-05-23,COLLECT COD,TRUCK,ording to the quickly
32960-1,32960,635,29,1,43.00,66032.09,0.00,0.03,A,F,1994-06-06,1994-03-27,1994-07-04,DELIVER IN PERSON,FOB,y final deposits. fluff
32960-2,32960,1616,17,2,38.00,57669.18,0.07,0.07,R,F,1994-05-09,1994-04-10,1994-05-17,COLLECT COD,SHIP,accounts sleep at t
32960-3,32960,1563,4,3,46.00,67369.76,0.03,0.07,A,F,1994-04-15,1994-04-01,1994-05-05,TAKE BACK RETURN,SHIP,egular foxes cajole 
32961-1,32961,1119,92,1,20.00,20402.20,0.07,0.03,R,F,1993-07-04,1993-05-13,1993-07-09,NONE,SHIP,ress asymptotes among the slyly unusual d
32961-2,32961,88,89,2,47.00,46439.76,0.04,0.04,A,F,1993-03-19,1993-06-15,1993-04-05,DELIVER IN PERSON,RAIL,nag according to the accounts. furiously 
32961-3,32961,319,76,3,8.00,9754.48,0.02,0.07,A,F,1993-07-07,1993-04-23,1993-07-09,COLLECT COD,FOB,kly bold platelets among the bo
32962-1,32962,1002,38,1,27.00,24381.00,0.09,0.03,N,O,1995-06-27,1995-06-23,1995-07-02,TAKE BACK RETURN,FOB,. slyly pending pinto beans hagg
32962-2,32962,965,34,2,10.00,18659.60,0.00,0.01,N,O,1995-06-24,1995-07-02,1995-07-06,NONE,FOB,lly; carefully regular dependencies caj
32963-1,32963,98,49,1,12.00,11977.08,0.03,0.01,N,O,1997-07-20,1997-06-06,1997-08-15,TAKE BACK RETURN,SHIP,l foxes wake slyly 
32963-2,32963,296,78,2,1.00,1196.29,0.04,0.04,N,O,1997-04-14,1997-06-08,1997-05-12,NONE,AIR,tructions. carefully express depen
32963-3,32963,1123,32,3,24.00,24578.88,0.02,0.08,N,O,1997-06-01,1997-06-03,1997-06-15,TAKE BACK RETURN,REG AIR,s sleep fl
32963-4,32963,366,23,4,14.00,17729.04,0.02,0.01,N,O,1997-05-16,1997-05-12,1997-06-07,COLLECT COD,RAIL,ly packages. r
32964-1,32964,1423,63,1,34.00,45030.28,0.04,0.08,N,O,1996-11-29,1996-09-25,1996-12-11,COLLECT COD,SHIP,inly ironi
32964-2,32964,1939,28,2,17.00,31295.81,0.04,0.03,N,O,1996-09-08,1996-10-18,1996-09-25,COLLECT COD,SHIP,c instructions
32965-1,32965,462,63,1,47.00,64035.62,0.03,0.04,A,F,1995-03-22,1995-04-01,1995-03-30,COLLECT COD,AIR, blithely ironic instructions!
32965-2,32965,1491,92,2,32.00,44559.68,0.05,0.03,A,F,1995-05-02,1995-04-29,1995-05-04,COLLECT COD,MAIL,the daringly 
32965-3,32965,1002,8,3,48.00,43344.00,0.09,0.01,N,F,1995-05-28,1995-04-14,1995-06-23,TAKE BACK RETURN,FOB,e. special pac
32965-4,32965,1313,90,4,8.00,9714.48,0.01,0.01,N,F,1995-06-09,1995-04-19,1995-06-18,DELIVER IN PERSON,MAIL,refully iro
32965-5,32965,1711,96,5,20.00,32254.20,0.09,0.01,R,F,1995-03-22,1995-03-29,1995-03-31,COLLECT COD,RAIL,"ding accounts. even, even dep"
32965-6,32965,1121,58,6,23.00,23508.76,0.04,0.02,N,F,1995-05-28,1995-04-12,1995-06-23,COLLECT COD,TRUCK,the fluffily ironic 
32965-7,32965,484,72,7,43.00,59532.64,0.02,0.07,N,O,1995-06-21,1995-04-06,1995-07-08,DELIVER IN PERSON,FOB,al instructions ac
32966-1,32966,670,33,1,17.00,26701.39,0.01,0.00,A,F,1992-05-25,1992-04-14,1992-06-04,TAKE BACK RETURN,AIR,haggle furiously. quickly
32966-2,32966,1455,56,2,50.00,67822.50,0.10,0.01,A,F,1992-05-01,1992-03-20,1992-05-27,DELIVER IN PERSON,MAIL,ic ideas affix. final
32966-3,32966,888,22,3,42.00,75132.96,0.05,0.03,R,F,1992-04-17,1992-04-13,1992-04-26,TAKE BACK RETURN,TRUCK,le regular ide
32966-4,32966,1370,85,4,46.00,58483.02,0.03,0.08,A,F,1992-04-07,1992-04-12,1992-04-25,COLLECT COD,AIR," even, final ideas solve blith"
32966-5,32966,14,65,5,42.00,38388.42,0.04,0.02,A,F,1992-02-20,1992-03-18,1992-02-23,COLLECT COD,AIR,al pinto beans. even
32967-1,32967,634,28,1,37.00,56781.31,0.08,0.01,N,O,1998-04-16,1998-05-17,1998-05-13,NONE,AIR,es. slyly bold pinto beans are ne
32967-2,32967,590,81,2,29.00,43227.11,0.05,0.04,N,O,1998-03-24,1998-05-26,1998-04-12,TAKE BACK RETURN,SHIP,ully about the
32967-3,32967,1336,13,3,5.00,6186.65,0.03,0.07,N,O,1998-07-15,1998-05-03,1998-07-30,NONE,AIR,oxes are blithely with the unusual theod
32967-4,32967,1588,69,4,34.00,50645.72,0.09,0.02,N,O,1998-06-13,1998-04-24,1998-06-26,TAKE BACK RETURN,FOB,the furiously i
32967-5,32967,574,35,5,46.00,67830.22,0.03,0.05,N,O,1998-05-11,1998-05-10,1998-05-15,COLLECT COD,SHIP,r deposits integrate. blithely regular pa
32992-1,32992,169,48,1,34.00,36351.44,0.06,0.02,N,O,1996-09-23,1996-08-28,1996-10-14,NONE,MAIL,es cajole after the slyly ironic pinto
32992-2,32992,1198,99,2,12.00,13190.28,0.09,0.01,N,O,1996-08-04,1996-07-19,1996-09-01,DELIVER IN PERSON,RAIL,equests. s
32992-3,32992,1280,81,3,30.00,35438.40,0.03,0.07,N,O,1996-07-31,1996-07-25,1996-08-09,NONE,REG AIR,inal packages are furiously even
32992-4,32992,1710,11,4,26.00,41904.46,0.02,0.04,N,O,1996-09-29,1996-07-19,1996-10-17,NONE,MAIL,s along the slyly ev
32992-5,32992,375,60,5,42.00,53565.54,0.05,0.03,N,O,1996-06-19,1996-08-10,1996-07-01,COLLECT COD,FOB,"ross the bold, silent foxes!"
32992-6,32992,559,90,6,33.00,48165.15,0.07,0.05,N,O,1996-06-14,1996-08-16,1996-06-24,DELIVER IN PERSON,TRUCK, about the carefully ironic acco
32992-7,32992,496,26,7,21.00,29326.29,0.08,0.06,N,O,1996-08-30,1996-08-25,1996-09-16,TAKE BACK RETURN,SHIP,ecial requests use against
32993-1,32993,919,20,1,5.00,9099.55,0.09,0.03,R,F,1992-06-29,1992-06-20,1992-07-25,TAKE BACK RETURN,FOB,lithely bold pi
32993-2,32993,1924,69,2,42.00,76688.64,0.00,0.05,A,F,1992-05-12,1992-06-12,1992-05-13,TAKE BACK RETURN,REG AIR,ct. expres
32993-3,32993,1579,80,3,3.00,4441.71,0.00,0.02,R,F,1992-07-09,1992-05-23,1992-07-26,TAKE BACK RETURN,AIR,yly across t
32993-4,32993,410,98,4,23.00,30139.43,0.01,0.01,R,F,1992-07-07,1992-06-27,1992-07-22,NONE,MAIL,ss courts nag. pl
32994-1,32994,1217,92,1,23.00,25718.83,0.10,0.04,R,F,1992-09-25,1992-12-11,1992-10-03,TAKE BACK RETURN,SHIP, grouches. quickly final ideas after t
32994-2,32994,876,76,2,20.00,35537.40,0.07,0.00,R,F,1992-11-08,1992-11-12,1992-12-03,TAKE BACK RETURN,RAIL,iously ironic packag
32994-3,32994,1676,18,3,19.00,29975.73,0.01,0.03,R,F,1992-12-07,1992-11-17,1992-12-13,COLLECT COD,SHIP,ual ideas according to the 
32994-4,32994,1206,81,4,29.00,32108.80,0.07,0.08,R,F,1992-12-22,1992-10-31,1993-01-01,DELIVER IN PERSON,AIR,osits. fluffily ironic foxes caj
32995-1,32995,1314,15,1,36.00,43751.16,0.00,0.08,N,O,1998-05-08,1998-03-30,1998-05-09,DELIVER IN PERSON,TRUCK,ong the quickly permanent dinos. car
32995-2,32995,1357,72,2,35.00,44042.25,0.09,0.03,N,O,1998-04-28,1998-04-06,1998-05-02,COLLECT COD,REG AIR,its are slowly express ideas. unus
32995-3,32995,294,95,3,49.00,58520.21,0.08,0.04,N,O,1998-03-27,1998-04-24,1998-04-20,NONE,AIR, foxes. silent deposits s
32995-4,32995,176,3,4,35.00,37665.95,0.01,0.07,N,O,1998-03-12,1998-04-17,1998-03-22,COLLECT COD,MAIL, the quickly final ideas boost quickly 
32995-5,32995,554,85,5,36.00,52363.80,0.04,0.02,N,O,1998-04-06,1998-04-12,1998-04-29,COLLECT COD,FOB,"hely. bold dolphins wake ironic, quiet cou"
32995-6,32995,1127,28,6,24.00,24674.88,0.04,0.01,N,O,1998-02-26,1998-04-02,1998-03-25,NONE,MAIL,iet accounts. quickly regular theod
32995-7,32995,1708,93,7,9.00,14487.30,0.01,0.07,N,O,1998-05-03,1998-03-19,1998-05-24,DELIVER IN PERSON,TRUCK, requests: pinto beans should ha
32996-1,32996,1858,2,1,13.00,22878.05,0.07,0.02,R,F,1994-01-06,1994-01-31,1994-01-22,COLLECT COD,REG AIR,ual requests wake f
32996-2,32996,1617,100,2,18.00,27334.98,0.10,0.04,R,F,1994-03-15,1994-01-31,1994-03-23,TAKE BACK RETURN,MAIL,sentiments wake blithely against the
32996-3,32996,32,83,3,25.00,23300.75,0.09,0.05,A,F,1994-02-15,1994-01-20,1994-02-26,TAKE BACK RETURN,MAIL,tions solve fluffily quickly ironic id
32996-4,32996,425,26,4,28.00,37111.76,0.07,0.00,A,F,1994-03-08,1994-03-17,1994-03-21,TAKE BACK RETURN,REG AIR,ep blithely dolphin
32996-5,32996,1956,1,5,17.00,31585.15,0.08,0.07,A,F,1994-03-07,1994-01-31,1994-03-28,COLLECT COD,AIR,"ronic, ironic instructions. unusu"
32996-6,32996,1693,76,6,4.00,6378.76,0.06,0.08,R,F,1994-01-06,1994-01-28,1994-01-27,NONE,RAIL,ep. dependencies haggle qu
32996-7,32996,8,34,7,28.00,25424.00,0.04,0.07,A,F,1994-03-28,1994-03-05,1994-04-15,COLLECT COD,TRUCK,ent theodolites cajole qui
32997-1,32997,1268,80,1,26.00,30400.76,0.01,0.05,N,O,1997-12-14,1997-11-03,1998-01-08,COLLECT COD,MAIL,blithely express theodolites are across the
32998-1,32998,1560,61,1,48.00,70154.88,0.07,0.02,A,F,1994-01-15,1993-12-01,1994-01-27,NONE,REG AIR,dolites cajole
32998-2,32998,167,46,2,3.00,3201.48,0.02,0.00,R,F,1993-11-20,1993-12-21,1993-12-07,COLLECT COD,MAIL,jole carefully after the slyly ironic
32998-3,32998,21,72,3,13.00,11973.26,0.04,0.00,A,F,1993-10-06,1993-10-31,1993-10-30,TAKE BACK RETURN,FOB, accounts after the bli
32999-1,32999,153,6,1,33.00,34753.95,0.02,0.08,A,F,1994-07-04,1994-06-15,1994-07-24,DELIVER IN PERSON,REG AIR,l packages above the fu
32999-2,32999,1078,14,2,45.00,44058.15,0.01,0.07,A,F,1994-04-28,1994-07-02,1994-05-20,NONE,FOB,ding packages poach furiously bli
32999-3,32999,1829,59,3,34.00,58847.88,0.08,0.06,A,F,1994-07-13,1994-05-28,1994-07-30,TAKE BACK RETURN,FOB, packages cajole carefully. accounts wake
32999-4,32999,431,90,4,4.00,5325.72,0.08,0.07,R,F,1994-05-29,1994-05-17,1994-05-30,TAKE BACK RETURN,MAIL,. slyly unusual
32999-5,32999,1288,63,5,15.00,17839.20,0.00,0.06,A,F,1994-07-13,1994-06-09,1994-08-06,DELIVER IN PERSON,RAIL,c instructions by the unusual pa
33024-1,33024,1322,61,1,50.00,61166.00,0.00,0.06,A,F,1992-09-04,1992-06-21,1992-09-29,DELIVER IN PERSON,REG AIR,"ilent, unusual foxes. carefully silent t"
33024-2,33024,526,87,2,21.00,29956.92,0.00,0.02,R,F,1992-07-27,1992-07-29,1992-07-31,NONE,AIR,nic accounts cajole at the carefully q
33024-3,33024,1744,45,3,20.00,32914.80,0.01,0.00,A,F,1992-05-22,1992-07-24,1992-06-10,DELIVER IN PERSON,FOB,"t. regular, even foxes haggle ca"
33024-4,33024,1863,50,4,13.00,22943.18,0.08,0.08,R,F,1992-05-28,1992-06-17,1992-06-21,DELIVER IN PERSON,SHIP,e furiously regular packages. quickl
33025-1,33025,1879,9,1,11.00,19589.57,0.10,0.01,A,F,1994-05-24,1994-03-06,1994-06-20,TAKE BACK RETURN,FOB,excuses nag idly after the blith
33025-2,33025,743,76,2,15.00,24656.10,0.10,0.04,A,F,1994-04-18,1994-03-25,1994-05-06,COLLECT COD,TRUCK,er the depths are blithely after th
33025-3,33025,510,11,3,6.00,8463.06,0.01,0.00,A,F,1994-03-02,1994-04-05,1994-03-25,COLLECT COD,MAIL,quickly among the slyly silent pinto bea
33025-4,33025,1233,71,4,47.00,53308.81,0.05,0.08,R,F,1994-03-20,1994-04-12,1994-04-19,NONE,AIR,dependencies are across th
33025-5,33025,1535,36,5,3.00,4309.59,0.02,0.08,A,F,1994-05-24,1994-03-07,1994-06-07,TAKE BACK RETURN,MAIL, blithely against the express
33025-6,33025,642,74,6,42.00,64790.88,0.09,0.00,A,F,1994-04-10,1994-04-21,1994-04-25,COLLECT COD,FOB,s among the furiously expres
33025-7,33025,1139,76,7,36.00,37444.68,0.10,0.04,A,F,1994-02-08,1994-03-05,1994-03-01,COLLECT COD,MAIL,fully sly accounts. even accounts nag care
33026-1,33026,866,66,1,14.00,24736.04,0.02,0.07,N,O,1995-11-09,1996-01-22,1995-11-14,TAKE BACK RETURN,RAIL,heodolites. regular account
33026-2,33026,643,75,2,21.00,32416.44,0.07,0.06,N,O,1996-02-10,1995-12-28,1996-03-10,COLLECT COD,SHIP,e quickly. requests wake 
33027-1,33027,60,36,1,8.00,7680.48,0.03,0.07,N,O,1997-08-11,1997-06-30,1997-09-04,TAKE BACK RETURN,REG AIR,y regular ideas cajole quickly. final p
33027-2,33027,842,42,2,5.00,8714.20,0.05,0.07,N,O,1997-08-12,1997-07-03,1997-09-06,NONE,MAIL,es sleep care
33027-3,33027,1410,11,3,10.00,13114.10,0.05,0.04,N,O,1997-06-25,1997-06-03,1997-06-30,COLLECT COD,REG AIR,nusual accounts cajole a
33027-4,33027,889,90,4,32.00,57276.16,0.04,0.03,N,O,1997-08-19,1997-07-20,1997-08-25,TAKE BACK RETURN,RAIL,tegrate fluffily. final foxe
33027-5,33027,746,47,5,31.00,51048.94,0.05,0.04,N,O,1997-07-22,1997-06-30,1997-08-02,NONE,TRUCK,ons about the blithely regular depo
33027-6,33027,1416,17,6,13.00,17126.33,0.04,0.06,N,O,1997-07-23,1997-06-17,1997-08-09,COLLECT COD,TRUCK,ely carefully regular pin
33028-1,33028,1786,71,1,3.00,5063.34,0.03,0.07,N,O,1997-01-04,1996-12-11,1997-01-06,TAKE BACK RETURN,FOB,ependencies. quick
33028-2,33028,214,96,2,49.00,54596.29,0.08,0.01,N,O,1996-12-09,1996-12-16,1997-01-03,TAKE BACK RETURN,RAIL,hockey players at the s
33028-3,33028,246,74,3,34.00,38972.16,0.04,0.05,N,O,1996-12-26,1996-11-19,1997-01-12,NONE,MAIL,"lthy, regular excuses. carefull"
33028-4,33028,1283,95,4,20.00,23685.60,0.09,0.02,N,O,1996-10-29,1996-11-04,1996-11-14,TAKE BACK RETURN,FOB,ackages. final asympto
33028-5,33028,568,99,5,47.00,69022.32,0.09,0.06,N,O,1996-12-20,1996-11-06,1997-01-06,COLLECT COD,AIR,ecial deposits
33029-1,33029,299,100,1,6.00,7195.74,0.01,0.03,R,F,1992-08-08,1992-08-05,1992-08-28,DELIVER IN PERSON,FOB,ven asymptotes. f
33029-2,33029,612,75,2,38.00,57479.18,0.04,0.03,R,F,1992-06-09,1992-07-29,1992-07-08,NONE,TRUCK,ly even depo
33029-3,33029,1379,18,3,32.00,40971.84,0.09,0.00,R,F,1992-08-31,1992-08-07,1992-09-28,COLLECT COD,FOB, of the blithe pinto beans.
33029-4,33029,1718,61,4,25.00,40492.75,0.09,0.04,A,F,1992-06-18,1992-07-21,1992-07-17,NONE,REG AIR,r the special dependencies use slyly quickl
33030-1,33030,368,69,1,30.00,38050.80,0.05,0.06,N,O,1997-01-02,1997-01-25,1997-01-18,TAKE BACK RETURN,REG AIR,excuses use instr
33030-2,33030,73,24,2,30.00,29192.10,0.05,0.05,N,O,1996-12-20,1997-03-06,1997-01-14,COLLECT COD,RAIL,ruthless foxes. even theodolites are blit
33030-3,33030,318,3,3,43.00,52387.33,0.00,0.06,N,O,1997-01-31,1997-01-17,1997-02-28,COLLECT COD,TRUCK, courts solve careful
33030-4,33030,1359,60,4,15.00,18905.25,0.05,0.00,N,O,1997-03-27,1997-01-15,1997-04-07,COLLECT COD,TRUCK,usly ironic requests about the furious
33031-1,33031,581,12,1,27.00,40002.66,0.08,0.03,R,F,1992-09-15,1992-11-20,1992-10-10,DELIVER IN PERSON,FOB,kly against the ironic dependencies. quickl
33031-2,33031,547,78,2,12.00,17370.48,0.05,0.01,R,F,1992-11-12,1992-11-21,1992-11-21,DELIVER IN PERSON,AIR,g requests at the unusual accounts 
33031-3,33031,1284,85,3,34.00,40299.52,0.03,0.04,A,F,1992-10-01,1992-11-16,1992-10-04,COLLECT COD,AIR,os. furiously iron
33031-4,33031,177,4,4,22.00,23697.74,0.02,0.05,R,F,1992-12-12,1992-11-16,1992-12-13,NONE,RAIL,ckages. furiously ironic grou
33031-5,33031,375,76,5,19.00,24232.03,0.07,0.07,A,F,1992-09-24,1992-10-23,1992-10-09,NONE,FOB,aggle carefully before the
33056-1,33056,1348,25,1,41.00,51222.94,0.03,0.07,N,O,1998-09-03,1998-08-27,1998-09-28,DELIVER IN PERSON,TRUCK, thin requests haggle fluffily
33056-2,33056,990,25,2,49.00,92658.51,0.03,0.03,N,O,1998-09-14,1998-08-02,1998-10-09,TAKE BACK RETURN,RAIL,eas maintain blithely above the furiously
33056-3,33056,236,37,3,2.00,2272.46,0.03,0.01,N,O,1998-09-19,1998-07-23,1998-10-13,COLLECT COD,MAIL, requests integrate slyly. quickly busy req
33057-1,33057,1738,39,1,32.00,52471.36,0.06,0.03,N,O,1998-10-02,1998-08-30,1998-10-11,NONE,FOB,ronic packages boost blithely.
33057-2,33057,941,76,2,22.00,40522.68,0.04,0.07,N,O,1998-09-22,1998-10-12,1998-09-29,TAKE BACK RETURN,REG AIR,uests at the final requests are amo
33057-3,33057,706,7,3,2.00,3213.40,0.02,0.05,N,O,1998-11-10,1998-10-12,1998-11-21,COLLECT COD,AIR, furiously regular instruction
33057-4,33057,290,45,4,34.00,40469.86,0.04,0.03,N,O,1998-09-09,1998-09-01,1998-09-25,TAKE BACK RETURN,MAIL,ar ideas. fluffily 
33058-1,33058,839,6,1,3.00,5219.49,0.10,0.06,R,F,1992-12-25,1992-11-24,1993-01-13,DELIVER IN PERSON,TRUCK,cies nag slyly regular deposits. evenly reg
33058-2,33058,99,25,2,8.00,7992.72,0.00,0.05,A,F,1992-11-24,1992-12-20,1992-11-25,DELIVER IN PERSON,REG AIR,pendencies wake 
33058-3,33058,2,78,3,8.00,7216.00,0.03,0.04,A,F,1993-01-24,1992-11-07,1993-02-07,TAKE BACK RETURN,AIR,after the furiously regular
33059-1,33059,1855,85,1,48.00,84328.80,0.09,0.07,R,F,1993-03-17,1993-05-01,1993-03-26,DELIVER IN PERSON,SHIP,l packages wake throughout the 
33060-1,33060,1143,80,1,32.00,33412.48,0.00,0.03,A,F,1993-02-28,1993-04-16,1993-03-09,COLLECT COD,AIR,even accounts 
33060-2,33060,1428,46,2,14.00,18611.88,0.08,0.06,R,F,1993-06-05,1993-05-20,1993-06-11,COLLECT COD,TRUCK,arls sleep blithely packages. doggedly 
33060-3,33060,1766,67,3,34.00,56703.84,0.01,0.00,A,F,1993-04-27,1993-04-12,1993-05-11,TAKE BACK RETURN,SHIP, kindle carefully along the 
33060-4,33060,53,4,4,41.00,39075.05,0.02,0.05,R,F,1993-05-21,1993-04-16,1993-05-23,NONE,TRUCK,ly express excuses
33060-5,33060,1185,86,5,38.00,41274.84,0.06,0.00,R,F,1993-06-10,1993-04-18,1993-06-24,TAKE BACK RETURN,AIR,. blithely unusual platelets use blithely;
33060-6,33060,355,56,6,28.00,35149.80,0.08,0.06,R,F,1993-04-26,1993-04-20,1993-05-26,COLLECT COD,REG AIR,"ts x-ray blithely about the regular, "
33060-7,33060,1815,2,7,18.00,30902.58,0.05,0.02,A,F,1993-04-12,1993-05-05,1993-05-10,NONE,REG AIR,ross the blithely f
33061-1,33061,818,19,1,25.00,42970.25,0.03,0.02,N,O,1995-11-04,1995-09-15,1995-11-11,COLLECT COD,TRUCK,slyly sly ideas. furi
33061-2,33061,1349,64,2,25.00,31258.50,0.03,0.08,N,O,1995-10-19,1995-10-11,1995-10-30,DELIVER IN PERSON,AIR,dependencies. furi
33061-3,33061,67,68,3,26.00,25143.56,0.05,0.01,N,O,1995-09-10,1995-09-05,1995-09-17,TAKE BACK RETURN,MAIL,ges are again
33061-4,33061,1325,40,4,34.00,41694.88,0.08,0.04,N,O,1995-08-02,1995-09-26,1995-08-16,COLLECT COD,RAIL,y regular packages cajole carefully besi
33062-1,33062,1042,48,1,12.00,11316.48,0.07,0.00,N,O,1996-02-11,1996-04-09,1996-03-01,DELIVER IN PERSON,AIR, theodolites nag over the express r
33062-2,33062,669,1,2,31.00,48659.46,0.10,0.08,N,O,1996-03-31,1996-03-22,1996-04-28,NONE,TRUCK,hely against the special th
33062-3,33062,1940,85,3,16.00,29471.04,0.05,0.06,N,O,1996-01-30,1996-03-04,1996-02-18,COLLECT COD,AIR,sts about the blithely regular
33062-4,33062,1609,92,4,28.00,42296.80,0.02,0.05,N,O,1996-05-06,1996-03-04,1996-05-10,TAKE BACK RETURN,FOB,s detect q
33062-5,33062,327,56,5,5.00,6136.60,0.01,0.06,N,O,1996-03-26,1996-03-18,1996-04-07,DELIVER IN PERSON,RAIL,es. slyly special instructions cajol
33062-6,33062,1978,79,6,3.00,5639.91,0.03,0.08,N,O,1996-05-09,1996-03-30,1996-06-06,NONE,REG AIR,s at the q
33062-7,33062,35,36,7,27.00,25245.81,0.06,0.06,N,O,1996-04-02,1996-03-03,1996-04-16,TAKE BACK RETURN,SHIP,gular theod
33063-1,33063,662,63,1,41.00,64069.06,0.06,0.02,N,O,1997-09-18,1997-10-15,1997-09-26,COLLECT COD,MAIL,yly idly ironic deposits. regular d
33063-2,33063,1934,79,2,46.00,84452.78,0.05,0.00,N,O,1997-12-18,1997-10-26,1998-01-11,DELIVER IN PERSON,MAIL,sual asymptotes cajole about the carefull
33063-3,33063,361,90,3,13.00,16397.68,0.01,0.02,N,O,1997-11-26,1997-11-22,1997-12-19,DELIVER IN PERSON,MAIL,uriously final foxes-- requests after the
33088-1,33088,1662,86,1,17.00,26582.22,0.05,0.01,R,F,1995-04-24,1995-02-10,1995-04-29,COLLECT COD,TRUCK, forges wake quickly after the enticing
33088-2,33088,1008,14,2,23.00,20907.00,0.10,0.02,R,F,1995-02-26,1995-02-28,1995-03-07,NONE,RAIL,s sleep slyly special requests. quickl
33088-3,33088,1590,31,3,44.00,65629.96,0.03,0.00,A,F,1995-03-14,1995-03-19,1995-03-25,TAKE BACK RETURN,AIR,c deposits boost courts. pinto beans sub
33088-4,33088,535,26,4,45.00,64598.85,0.10,0.06,A,F,1995-04-18,1995-02-20,1995-04-26,DELIVER IN PERSON,MAIL,ly carefully regular accoun
33089-1,33089,834,35,1,31.00,53779.73,0.03,0.00,R,F,1993-07-20,1993-08-14,1993-08-18,COLLECT COD,RAIL,d accounts sleep furio
33089-2,33089,851,52,2,34.00,59562.90,0.01,0.06,A,F,1993-09-13,1993-07-12,1993-09-28,NONE,FOB,s haggle blithely. carefully
33089-3,33089,920,55,3,5.00,9104.60,0.05,0.07,A,F,1993-06-20,1993-08-18,1993-06-28,DELIVER IN PERSON,MAIL,ackages. blithely f
33089-4,33089,1731,16,4,18.00,29389.14,0.05,0.03,R,F,1993-09-23,1993-07-11,1993-10-16,DELIVER IN PERSON,MAIL,ncies mold above the f
33089-5,33089,535,36,5,8.00,11484.24,0.04,0.08,R,F,1993-08-07,1993-07-25,1993-08-29,TAKE BACK RETURN,REG AIR,eep unusual 
33090-1,33090,922,57,1,5.00,9114.60,0.05,0.05,A,F,1994-11-14,1994-11-02,1994-12-02,NONE,MAIL,d courts affix blithely. sly
33090-2,33090,299,81,2,41.00,49170.89,0.04,0.02,A,F,1994-12-04,1994-09-30,1994-12-13,DELIVER IN PERSON,SHIP,sts haggle boldly furiously regular pi
33090-3,33090,1576,77,3,49.00,72400.93,0.01,0.08,A,F,1994-09-20,1994-09-18,1994-09-28,COLLECT COD,FOB,lently regular multipliers. quietly f
33090-4,33090,1954,43,4,4.00,7423.80,0.00,0.06,R,F,1994-09-03,1994-09-06,1994-09-09,NONE,FOB,riously final ideas boost car
33090-5,33090,1902,3,5,17.00,30666.30,0.07,0.04,A,F,1994-08-10,1994-09-26,1994-08-11,DELIVER IN PERSON,MAIL, platelets. carefully pending reque
33090-6,33090,441,100,6,19.00,25487.36,0.07,0.08,A,F,1994-08-09,1994-09-17,1994-08-27,TAKE BACK RETURN,RAIL,ke carefully even packages. regular foxe
33090-7,33090,1906,51,7,42.00,75931.80,0.09,0.04,R,F,1994-09-30,1994-11-01,1994-10-10,DELIVER IN PERSON,TRUCK,le ruthlessly. quickly ironic requ
33091-1,33091,1208,9,1,47.00,52132.40,0.00,0.08,R,F,1995-04-09,1995-04-14,1995-04-30,COLLECT COD,TRUCK,y quick dinos. pending idea
33092-1,33092,1827,57,1,30.00,51864.60,0.06,0.08,N,O,1997-05-16,1997-06-14,1997-06-05,DELIVER IN PERSON,MAIL,en foxes should wake iro
33092-2,33092,175,54,2,31.00,33330.27,0.03,0.08,N,O,1997-06-20,1997-05-13,1997-06-28,DELIVER IN PERSON,FOB,- furiously even instructions ar
33092-3,33092,598,99,3,45.00,67436.55,0.07,0.04,N,O,1997-07-05,1997-06-10,1997-07-06,DELIVER IN PERSON,REG AIR,mong the unusual packages. slyly spec
33092-4,33092,1916,5,4,22.00,39994.02,0.07,0.04,N,O,1997-04-10,1997-06-22,1997-04-15,TAKE BACK RETURN,SHIP,s-- quickly thin deposits are quic
33092-5,33092,1836,66,5,2.00,3475.66,0.07,0.02,N,O,1997-04-27,1997-05-11,1997-05-25,DELIVER IN PERSON,AIR,ng pains nod after 
33093-1,33093,964,99,1,30.00,55948.80,0.09,0.02,N,O,1997-06-21,1997-07-01,1997-07-12,TAKE BACK RETURN,TRUCK,"he express, express foxes-- regular "
33093-2,33093,721,86,2,15.00,24325.80,0.03,0.04,N,O,1997-07-19,1997-07-10,1997-08-05,TAKE BACK RETURN,RAIL, pending packages boost carefully fluffil
33093-3,33093,205,33,3,22.00,24314.40,0.10,0.02,N,O,1997-07-11,1997-07-28,1997-07-16,NONE,REG AIR,refully special accounts. ruthlessly p
33093-4,33093,1227,2,4,21.00,23692.62,0.08,0.00,N,O,1997-06-28,1997-07-22,1997-07-11,TAKE BACK RETURN,FOB, express pinto beans. fluffily regula
33093-5,33093,1147,20,5,1.00,1048.14,0.09,0.02,N,O,1997-07-31,1997-06-20,1997-08-04,NONE,AIR,s maintain against the express
33093-6,33093,1040,11,6,20.00,18820.80,0.01,0.08,N,O,1997-07-05,1997-07-06,1997-07-10,DELIVER IN PERSON,SHIP, theodolites wake blithely about 
33094-1,33094,1489,68,1,34.00,47276.32,0.05,0.05,R,F,1992-09-06,1992-10-02,1992-09-16,COLLECT COD,MAIL,eposits. instructions use about the slyly
33095-1,33095,620,21,1,39.00,59304.18,0.08,0.05,A,F,1994-04-09,1994-04-02,1994-05-09,DELIVER IN PERSON,SHIP,ke carefully slyly bold foxes. ironi
33095-2,33095,472,2,2,26.00,35684.22,0.08,0.03,R,F,1994-03-03,1994-03-24,1994-03-17,TAKE BACK RETURN,FOB,olites should solve furiously. furiously 
33095-3,33095,113,92,3,50.00,50655.50,0.05,0.03,A,F,1994-04-16,1994-05-04,1994-04-21,COLLECT COD,SHIP,"e regular, blithe Tiresias. bold asympt"
33095-4,33095,1634,76,4,46.00,70638.98,0.00,0.04,A,F,1994-03-28,1994-05-03,1994-04-06,NONE,FOB,"counts. ironic, unusu"
33095-5,33095,396,25,5,20.00,25927.80,0.05,0.04,A,F,1994-06-08,1994-04-14,1994-06-21,COLLECT COD,AIR,the carefully i
33120-1,33120,1038,39,1,16.00,15024.48,0.09,0.06,R,F,1994-05-13,1994-03-14,1994-06-09,NONE,FOB,as haggle ironically. ironic accounts boo
33121-1,33121,1392,93,1,5.00,6466.95,0.08,0.04,N,O,1998-04-04,1998-04-13,1998-04-08,NONE,FOB,"ven, bold deposits use slyly final requests"
33121-2,33121,579,80,2,26.00,38468.82,0.03,0.01,N,O,1998-04-18,1998-05-04,1998-04-20,COLLECT COD,FOB,s. fluffily regular deposits 
33121-3,33121,1801,88,3,46.00,78328.80,0.02,0.04,N,O,1998-05-30,1998-03-23,1998-06-18,DELIVER IN PERSON,MAIL,lly final dolphins are acc
33121-4,33121,1159,60,4,23.00,24383.45,0.10,0.06,N,O,1998-06-04,1998-05-10,1998-06-27,DELIVER IN PERSON,TRUCK,slyly regula
33121-5,33121,601,95,5,9.00,13514.40,0.01,0.00,N,O,1998-06-07,1998-03-31,1998-06-28,TAKE BACK RETURN,SHIP,"ts doze slyly pending, ironic request"
33121-6,33121,628,91,6,45.00,68787.90,0.09,0.01,N,O,1998-06-02,1998-04-08,1998-06-15,TAKE BACK RETURN,SHIP,sly unusual requests. furio
33122-1,33122,218,19,1,13.00,14536.73,0.06,0.06,A,F,1993-09-26,1993-08-08,1993-10-21,COLLECT COD,TRUCK,. blithely even excuse
33122-2,33122,269,70,2,49.00,57293.74,0.10,0.08,R,F,1993-07-18,1993-08-31,1993-08-01,TAKE BACK RETURN,RAIL,long the blithely unusual accounts. 
33122-3,33122,162,15,3,1.00,1062.16,0.07,0.07,A,F,1993-09-07,1993-09-04,1993-10-05,NONE,SHIP,requests above the 
33122-4,33122,481,40,4,33.00,45588.84,0.08,0.00,A,F,1993-08-12,1993-08-11,1993-08-31,DELIVER IN PERSON,SHIP,the carefull
33123-1,33123,1520,21,1,17.00,24165.84,0.06,0.07,A,F,1994-01-11,1994-01-14,1994-02-03,COLLECT COD,AIR,ronic dependencie
33123-2,33123,602,65,2,49.00,73627.40,0.07,0.06,A,F,1994-02-09,1994-01-21,1994-03-10,COLLECT COD,RAIL,ully unusual platelets bo
33123-3,33123,339,24,3,31.00,38419.23,0.02,0.08,R,F,1993-12-16,1994-02-09,1993-12-17,COLLECT COD,SHIP,riously about the slyly regular noto
33124-1,33124,596,87,1,44.00,65849.96,0.04,0.01,N,O,1995-11-05,1995-11-27,1995-11-08,NONE,TRUCK,e blithely above the busily
33124-2,33124,1160,61,2,32.00,33957.12,0.10,0.04,N,O,1996-01-11,1995-11-02,1996-02-08,NONE,FOB,iously bold pat
33125-1,33125,832,66,1,12.00,20793.96,0.10,0.02,N,O,1997-05-23,1997-04-01,1997-06-14,TAKE BACK RETURN,FOB,ts. quickly final 
33125-2,33125,1263,1,2,36.00,41913.36,0.07,0.08,N,O,1997-03-13,1997-04-21,1997-03-16,DELIVER IN PERSON,TRUCK,he furiously ironic re
33125-3,33125,842,9,3,11.00,19171.24,0.03,0.03,N,O,1997-04-16,1997-04-28,1997-05-11,NONE,FOB, unusual dependencies detect carefully
33125-4,33125,1407,47,4,1.00,1308.40,0.08,0.04,N,O,1997-04-19,1997-05-11,1997-05-17,NONE,REG AIR,ake slowly around the furiously ironic du
33125-5,33125,689,90,5,4.00,6358.72,0.04,0.04,N,O,1997-05-31,1997-05-20,1997-06-19,DELIVER IN PERSON,MAIL,al foxes against the carefully u
33125-6,33125,761,62,6,37.00,61485.12,0.09,0.00,N,O,1997-05-05,1997-05-13,1997-05-13,NONE,MAIL,le pinto beans alongside of the fluffily
33125-7,33125,1147,20,7,17.00,17818.38,0.10,0.02,N,O,1997-05-01,1997-04-05,1997-05-18,NONE,RAIL,uctions. final ex
33126-1,33126,1363,78,1,14.00,17701.04,0.01,0.02,N,O,1995-11-22,1996-01-20,1995-12-19,TAKE BACK RETURN,MAIL,deas. blithely even accounts are someti
33126-2,33126,1358,35,2,2.00,2518.70,0.04,0.02,N,O,1996-02-18,1995-12-21,1996-03-12,NONE,TRUCK,equests among the regula
33126-3,33126,604,5,3,37.00,55670.20,0.10,0.04,N,O,1995-11-19,1995-12-17,1995-11-23,COLLECT COD,RAIL,inal pearls affix b
33126-4,33126,163,64,4,33.00,35084.28,0.10,0.00,N,O,1996-02-29,1996-01-11,1996-03-22,TAKE BACK RETURN,FOB,ts are fluffily. requests cajole sl
33126-5,33126,686,80,5,1.00,1586.68,0.08,0.00,N,O,1995-12-04,1995-12-14,1995-12-20,NONE,MAIL,ly ironic depo
33127-1,33127,855,89,1,10.00,17558.50,0.04,0.01,R,F,1993-10-22,1993-11-25,1993-10-24,COLLECT COD,RAIL,"ut the ironic, even packages. slyly fi"
33152-1,33152,41,67,1,40.00,37641.60,0.01,0.05,R,F,1993-12-19,1994-01-07,1994-01-18,TAKE BACK RETURN,FOB,sly about the blithely even theodoli
33152-2,33152,488,47,2,43.00,59704.64,0.07,0.07,R,F,1994-02-27,1994-01-31,1994-03-22,NONE,FOB,"ular, ironic packages. carefully "
33153-1,33153,1245,83,1,12.00,13754.88,0.07,0.03,N,O,1997-07-17,1997-08-25,1997-08-08,NONE,RAIL,"sly daring foxes wake unusual, final p"
33153-2,33153,1201,39,2,35.00,38577.00,0.09,0.03,N,O,1997-07-13,1997-08-08,1997-07-24,COLLECT COD,TRUCK,xes haggle carefully about the f
33153-3,33153,677,78,3,16.00,25242.72,0.09,0.02,N,O,1997-06-29,1997-08-02,1997-07-15,DELIVER IN PERSON,FOB, deposits haggle across t
33153-4,33153,1785,86,4,15.00,25301.70,0.08,0.04,N,O,1997-08-20,1997-07-11,1997-08-30,COLLECT COD,REG AIR,iously furio
33153-5,33153,580,81,5,5.00,7402.90,0.05,0.05,N,O,1997-09-22,1997-09-02,1997-10-09,COLLECT COD,FOB,ccounts wake furio
33153-6,33153,601,33,6,15.00,22524.00,0.00,0.03,N,O,1997-07-15,1997-08-23,1997-07-29,DELIVER IN PERSON,SHIP,ly. packages sleep re
33153-7,33153,1003,9,7,7.00,6328.00,0.10,0.05,N,O,1997-06-27,1997-07-12,1997-07-10,TAKE BACK RETURN,FOB,ctions. deposits haggle closely carefully 
33154-1,33154,926,95,1,17.00,31057.64,0.08,0.06,A,F,1993-08-11,1993-09-08,1993-08-31,TAKE BACK RETURN,FOB,nto beans sleep quickly again
33155-1,33155,519,80,1,21.00,29809.71,0.00,0.04,N,O,1996-12-12,1996-12-17,1997-01-02,TAKE BACK RETURN,RAIL,the requests. blithely express the
33155-2,33155,795,96,2,45.00,76310.55,0.08,0.05,N,O,1997-01-31,1996-11-18,1997-02-01,NONE,REG AIR,"ly carefully dogged platelets. pending,"
33156-1,33156,1373,12,1,44.00,56072.28,0.07,0.02,R,F,1993-01-09,1993-01-09,1993-01-15,DELIVER IN PERSON,TRUCK, integrate quickly along the careful
33156-2,33156,275,30,2,48.00,56412.96,0.04,0.04,A,F,1993-01-03,1993-01-23,1993-01-19,COLLECT COD,FOB,ironic instructions. final
33156-3,33156,1256,68,3,48.00,55548.00,0.00,0.00,R,F,1993-02-10,1992-12-30,1993-02-25,COLLECT COD,REG AIR,uickly pending plat
33157-1,33157,932,33,1,36.00,65985.48,0.08,0.08,N,O,1996-09-08,1996-08-22,1996-09-09,COLLECT COD,AIR,olites use alo
33157-2,33157,583,74,2,32.00,47474.56,0.10,0.06,N,O,1996-07-24,1996-08-15,1996-08-19,NONE,AIR,"lar, regular pl"
33157-3,33157,1579,80,3,29.00,42936.53,0.00,0.07,N,O,1996-07-15,1996-09-23,1996-08-07,TAKE BACK RETURN,MAIL,ording to the 
33157-4,33157,468,27,4,48.00,65686.08,0.05,0.07,N,O,1996-11-08,1996-08-31,1996-11-28,DELIVER IN PERSON,TRUCK,ly pending accounts
33157-5,33157,800,97,5,18.00,30614.40,0.05,0.01,N,O,1996-09-09,1996-08-27,1996-09-28,NONE,RAIL,f the accounts cajole across the blith
33157-6,33157,478,79,6,24.00,33083.28,0.00,0.03,N,O,1996-11-03,1996-09-16,1996-11-21,DELIVER IN PERSON,TRUCK,s accounts. bl
33157-7,33157,186,87,7,4.00,4344.72,0.02,0.06,N,O,1996-10-27,1996-08-11,1996-11-18,NONE,TRUCK,"nusual, special theodolites use. furiously"
33158-1,33158,1277,89,1,41.00,48309.07,0.01,0.04,N,O,1998-03-14,1998-04-04,1998-04-05,TAKE BACK RETURN,RAIL,capades sleep furiously. regularly ironi
33159-1,33159,1831,32,1,28.00,48519.24,0.02,0.07,R,F,1992-08-03,1992-07-22,1992-08-17,TAKE BACK RETURN,FOB,gle blithely sheaves. blithely sp
33159-2,33159,1379,18,2,21.00,26887.77,0.09,0.07,A,F,1992-05-30,1992-06-08,1992-06-11,TAKE BACK RETURN,RAIL,bold packages wake slo
33184-1,33184,130,31,1,30.00,30903.90,0.09,0.08,A,F,1992-03-10,1992-03-23,1992-04-02,NONE,TRUCK,into beans 
33184-2,33184,1054,55,2,22.00,21011.10,0.10,0.01,R,F,1992-03-09,1992-04-26,1992-03-20,DELIVER IN PERSON,RAIL,requests wake c
33184-3,33184,36,12,3,4.00,3744.12,0.03,0.04,R,F,1992-04-10,1992-03-27,1992-05-05,COLLECT COD,REG AIR,ckages cajole. pen
33184-4,33184,240,68,4,7.00,7981.68,0.01,0.04,R,F,1992-04-06,1992-03-28,1992-04-23,COLLECT COD,REG AIR,ly across the special de
33185-1,33185,1997,86,1,20.00,37979.80,0.09,0.01,N,O,1996-10-23,1996-12-10,1996-11-02,NONE,SHIP,ar deposits. fluffily unusual a
33185-2,33185,467,97,2,35.00,47861.10,0.02,0.07,N,O,1996-10-25,1996-11-29,1996-11-01,COLLECT COD,RAIL,y regular theodolites use regular pa
33186-1,33186,1336,37,1,35.00,43306.55,0.05,0.01,R,F,1992-11-10,1992-11-14,1992-12-09,DELIVER IN PERSON,SHIP,the instructions. alwa
33186-2,33186,1621,4,2,32.00,48723.84,0.00,0.02,R,F,1992-09-20,1992-10-20,1992-09-24,NONE,FOB,olites. furiously regular requests ar
33186-3,33186,186,39,3,49.00,53222.82,0.09,0.03,R,F,1992-12-03,1992-11-13,1992-12-24,DELIVER IN PERSON,TRUCK,to beans. pack
33186-4,33186,1976,21,4,18.00,33803.46,0.10,0.00,A,F,1992-10-17,1992-11-23,1992-11-10,DELIVER IN PERSON,REG AIR,ns nag quickly across
33186-5,33186,1227,39,5,28.00,31590.16,0.07,0.06,R,F,1992-10-06,1992-10-26,1992-10-11,TAKE BACK RETURN,MAIL,ests sleep silent packages
33187-1,33187,1294,69,1,14.00,16734.06,0.05,0.01,R,F,1994-10-29,1995-01-11,1994-11-02,NONE,RAIL,l accounts. ideas are furiously. quickly ev
33187-2,33187,508,99,2,45.00,63382.50,0.09,0.05,A,F,1995-01-21,1994-12-12,1995-02-14,NONE,AIR,xpress packages about the fu
33187-3,33187,761,58,3,17.00,28249.92,0.07,0.06,R,F,1994-12-23,1995-01-11,1995-01-20,COLLECT COD,TRUCK,g ideas haggle blithely. ideas are bli
33187-4,33187,621,84,4,16.00,24345.92,0.00,0.02,A,F,1994-12-20,1994-12-27,1994-12-30,TAKE BACK RETURN,RAIL, slyly even pinto beans. blithely speci
33187-5,33187,1048,19,5,30.00,28471.20,0.00,0.02,A,F,1995-01-28,1995-01-14,1995-02-25,DELIVER IN PERSON,MAIL, ironic de
33187-6,33187,568,69,6,4.00,5874.24,0.00,0.05,A,F,1994-12-22,1995-01-04,1995-01-11,DELIVER IN PERSON,FOB, of the carefull
33188-1,33188,600,91,1,2.00,3001.20,0.01,0.05,N,O,1995-09-21,1995-11-09,1995-10-08,DELIVER IN PERSON,SHIP,ctions detect f
33189-1,33189,1001,72,1,38.00,34276.00,0.03,0.00,A,F,1994-12-28,1995-01-11,1995-01-10,DELIVER IN PERSON,TRUCK," special, pending theodolites"
33189-2,33189,1032,68,2,31.00,28923.93,0.10,0.03,A,F,1994-12-04,1995-02-08,1994-12-08,DELIVER IN PERSON,REG AIR,the slyly stealthy theodolites.
33189-3,33189,1495,74,3,8.00,11171.92,0.02,0.05,A,F,1995-02-13,1995-02-08,1995-03-08,NONE,RAIL,cajole carefully. deposit
33189-4,33189,49,50,4,13.00,12337.52,0.05,0.03,A,F,1995-01-05,1995-02-04,1995-01-09,COLLECT COD,RAIL,lar deposits. regular accounts haggle 
33189-5,33189,1198,71,5,22.00,24182.18,0.07,0.03,R,F,1995-03-03,1995-01-12,1995-03-08,TAKE BACK RETURN,REG AIR,p across the quickly regu
33189-6,33189,1979,24,6,46.00,86524.62,0.07,0.06,R,F,1994-12-20,1995-01-30,1995-01-07,TAKE BACK RETURN,RAIL,sual orbits alon
33190-1,33190,434,93,1,4.00,5337.72,0.05,0.05,N,O,1998-01-13,1997-12-13,1998-01-24,NONE,REG AIR,ingly final courts boost carefu
33190-2,33190,588,79,2,47.00,69963.26,0.02,0.07,N,O,1997-11-18,1997-12-01,1997-12-09,DELIVER IN PERSON,AIR, blithely even theodolites was slyly 
33190-3,33190,1564,5,3,39.00,57156.84,0.10,0.01,N,O,1997-12-28,1997-12-18,1998-01-27,COLLECT COD,MAIL,al accounts about the fluffil
33191-1,33191,441,71,1,47.00,63047.68,0.08,0.08,N,O,1997-03-25,1997-03-22,1997-03-28,DELIVER IN PERSON,RAIL, bold acco
33191-2,33191,526,27,2,6.00,8559.12,0.07,0.03,N,O,1997-04-06,1997-04-04,1997-04-13,DELIVER IN PERSON,RAIL,er the finally bold 
33191-3,33191,66,17,3,20.00,19321.20,0.07,0.06,N,O,1997-06-01,1997-05-03,1997-06-17,TAKE BACK RETURN,AIR,ular pinto beans 
33191-4,33191,745,78,4,32.00,52663.68,0.10,0.08,N,O,1997-06-18,1997-05-18,1997-07-08,TAKE BACK RETURN,REG AIR,l instructions boost slyly quickl
33191-5,33191,1102,3,5,32.00,32099.20,0.01,0.02,N,O,1997-05-04,1997-04-11,1997-05-30,NONE,AIR,uctions. fluffily special theodolites wak
33191-6,33191,1071,7,6,38.00,36938.66,0.07,0.02,N,O,1997-06-11,1997-04-04,1997-06-22,DELIVER IN PERSON,SHIP,ep blithely
33191-7,33191,1649,50,7,8.00,12405.12,0.10,0.03,N,O,1997-05-30,1997-05-01,1997-05-31,NONE,RAIL,inal asympt
33216-1,33216,857,57,1,11.00,19336.35,0.01,0.00,N,O,1996-06-24,1996-07-27,1996-07-12,TAKE BACK RETURN,SHIP,lar accounts
33216-2,33216,1857,87,2,15.00,26382.75,0.05,0.07,N,O,1996-08-14,1996-08-15,1996-08-31,DELIVER IN PERSON,FOB,yly. ironic
33216-3,33216,990,93,3,4.00,7563.96,0.06,0.07,N,O,1996-08-16,1996-07-19,1996-09-05,DELIVER IN PERSON,MAIL,platelets. dependencies ca
33216-4,33216,1383,22,4,14.00,17981.32,0.10,0.00,N,O,1996-06-22,1996-09-06,1996-07-11,COLLECT COD,MAIL,l print. special deposi
33216-5,33216,1157,30,5,29.00,30686.35,0.05,0.00,N,O,1996-08-01,1996-08-04,1996-08-06,NONE,SHIP,ld deposits. fin
33217-1,33217,1270,45,1,22.00,25767.94,0.03,0.04,R,F,1994-03-20,1994-04-16,1994-04-07,COLLECT COD,TRUCK, sleep according to the requests
33217-2,33217,495,54,2,49.00,68379.01,0.00,0.05,A,F,1994-06-18,1994-05-31,1994-06-27,DELIVER IN PERSON,RAIL,s sleep qu
33217-3,33217,1721,48,3,34.00,55172.48,0.03,0.02,R,F,1994-04-29,1994-05-10,1994-05-03,NONE,AIR, blithely ironic asymptotes. per
33217-4,33217,1948,93,4,18.00,33298.92,0.01,0.05,A,F,1994-06-15,1994-04-28,1994-07-14,NONE,SHIP,tes? blithely ironic deposits 
33217-5,33217,1152,61,5,37.00,38966.55,0.07,0.01,A,F,1994-05-31,1994-05-10,1994-06-27,COLLECT COD,REG AIR,rthogs across the slyly regular fo
33217-6,33217,760,25,6,10.00,16607.60,0.06,0.06,A,F,1994-06-08,1994-04-13,1994-07-07,NONE,FOB,ublate against the packages. fluffily expre
33218-1,33218,1420,60,1,27.00,35678.34,0.05,0.00,R,F,1993-03-24,1993-02-14,1993-04-18,NONE,SHIP,eans. carefully regular deposit
33218-2,33218,1129,66,2,19.00,19572.28,0.05,0.01,R,F,1993-03-17,1993-03-20,1993-03-25,DELIVER IN PERSON,FOB,ar packages sleep about th
33218-3,33218,587,78,3,13.00,19338.54,0.04,0.01,A,F,1993-02-16,1993-03-21,1993-02-28,COLLECT COD,SHIP,nic asymptotes haggle quickly f
33218-4,33218,1630,13,4,45.00,68923.35,0.08,0.01,A,F,1993-01-27,1993-03-26,1993-02-11,NONE,RAIL,kages haggle according to the
33218-5,33218,902,3,5,5.00,9014.50,0.07,0.06,A,F,1993-03-10,1993-02-27,1993-04-02,NONE,MAIL,"lar accounts. unusual, regular requests a"
33218-6,33218,1799,84,6,47.00,79937.13,0.00,0.01,A,F,1993-01-24,1993-04-03,1993-02-16,TAKE BACK RETURN,RAIL,ffily blithe packages. fluffily special 
33218-7,33218,1760,3,7,18.00,29911.68,0.04,0.06,R,F,1993-02-21,1993-02-25,1993-02-25,NONE,MAIL,", final package"
33219-1,33219,1356,71,1,11.00,13830.85,0.03,0.02,N,O,1996-02-17,1996-02-03,1996-03-09,DELIVER IN PERSON,FOB, the furio
33219-2,33219,1001,72,2,9.00,8118.00,0.08,0.05,N,O,1996-03-28,1996-01-16,1996-04-13,COLLECT COD,REG AIR,. quickly ironic excuses about 
33219-3,33219,1937,26,3,31.00,57006.83,0.08,0.07,N,O,1995-12-20,1996-01-15,1995-12-22,DELIVER IN PERSON,FOB,riously against t
33219-4,33219,608,2,4,16.00,24137.60,0.03,0.00,N,O,1996-02-27,1996-01-25,1996-03-22,NONE,RAIL,e furiously deposits. regu
33219-5,33219,1738,39,5,46.00,75427.58,0.06,0.03,N,O,1996-01-22,1996-01-16,1996-01-27,COLLECT COD,MAIL,"above the final, even p"
33219-6,33219,1781,8,6,25.00,42069.50,0.05,0.05,N,O,1996-01-21,1996-02-15,1996-01-28,COLLECT COD,SHIP, slyly! accounts atop the unusual accounts
33220-1,33220,518,49,1,34.00,48229.34,0.08,0.07,A,F,1994-07-16,1994-07-15,1994-08-12,DELIVER IN PERSON,MAIL,y final dep
33220-2,33220,319,4,2,49.00,59746.19,0.05,0.02,R,F,1994-05-25,1994-06-16,1994-06-14,COLLECT COD,FOB,thely final packages. furio
33220-3,33220,1787,30,3,42.00,70928.76,0.00,0.07,A,F,1994-04-17,1994-06-07,1994-04-26,COLLECT COD,MAIL,ronic pinto beans. furiously pen
33220-4,33220,1715,100,4,1.00,1616.71,0.09,0.08,A,F,1994-05-15,1994-05-28,1994-06-01,TAKE BACK RETURN,RAIL, slyly final ideas. final req
33221-1,33221,1260,98,1,4.00,4645.04,0.00,0.07,N,O,1997-09-17,1997-11-01,1997-09-23,COLLECT COD,TRUCK,e. fluffily ironic dugouts besides th
33222-1,33222,411,70,1,14.00,18359.74,0.00,0.08,A,F,1992-09-25,1992-08-28,1992-10-10,DELIVER IN PERSON,REG AIR,jole quickly furiously ironic foxes. carefu
33222-2,33222,1118,27,2,39.00,39745.29,0.08,0.00,A,F,1992-08-12,1992-08-28,1992-08-31,TAKE BACK RETURN,SHIP,refully even accounts abo
33222-3,33222,603,66,3,3.00,4510.80,0.06,0.00,R,F,1992-08-26,1992-08-04,1992-09-14,DELIVER IN PERSON,TRUCK,gular pearls. carefully pending p
33222-4,33222,1281,82,4,24.00,28374.72,0.00,0.04,A,F,1992-10-18,1992-09-12,1992-11-03,DELIVER IN PERSON,MAIL,carefully special dugouts kindle eve
33222-5,33222,286,87,5,20.00,23725.60,0.10,0.00,A,F,1992-08-11,1992-08-20,1992-08-16,TAKE BACK RETURN,FOB,ly final pinto beans nag caref
33222-6,33222,1280,81,6,35.00,41344.80,0.05,0.00,R,F,1992-09-27,1992-08-16,1992-10-12,NONE,MAIL,usual packages: final instructions b
33223-1,33223,1939,40,1,16.00,29454.88,0.07,0.00,N,O,1996-10-21,1996-10-24,1996-11-09,NONE,RAIL,packages maintain
33248-1,33248,783,16,1,5.00,8418.90,0.04,0.05,N,O,1997-03-21,1997-05-12,1997-04-17,DELIVER IN PERSON,SHIP,the unusual
33248-2,33248,1725,26,2,50.00,81336.00,0.08,0.06,N,O,1997-03-15,1997-05-10,1997-04-08,TAKE BACK RETURN,SHIP,y even ideas; slyly silent
33248-3,33248,206,61,3,47.00,51991.40,0.09,0.06,N,O,1997-05-13,1997-03-16,1997-05-27,COLLECT COD,MAIL,ackages. quickly enticing accounts are. 
33248-4,33248,1043,14,4,39.00,36817.56,0.05,0.06,N,O,1997-06-02,1997-04-24,1997-06-06,DELIVER IN PERSON,TRUCK," the even, thin packages. furiousl"
33248-5,33248,1122,23,5,5.00,5115.60,0.10,0.04,N,O,1997-05-23,1997-05-05,1997-06-16,NONE,MAIL,eposits. carefully special asymptot
33248-6,33248,1959,92,6,42.00,78159.90,0.02,0.02,N,O,1997-05-11,1997-04-13,1997-05-27,NONE,AIR,ss the carefully bold foxes was bli
33248-7,33248,250,32,7,28.00,32207.00,0.02,0.00,N,O,1997-04-14,1997-05-09,1997-05-03,COLLECT COD,MAIL,"ructions cajole across the silent, un"
33249-1,33249,575,36,1,17.00,25084.69,0.06,0.05,R,F,1992-11-26,1992-11-28,1992-12-02,DELIVER IN PERSON,AIR,uriously final foxes haggle
33249-2,33249,1888,18,2,14.00,25058.32,0.00,0.02,A,F,1992-12-31,1992-11-29,1993-01-09,NONE,SHIP,y silent patterns wake careful
33249-3,33249,1283,95,3,26.00,30791.28,0.04,0.08,A,F,1992-10-06,1992-12-10,1992-10-18,NONE,TRUCK,. express deposits ar
33249-4,33249,141,20,4,39.00,40604.46,0.09,0.08,A,F,1993-01-16,1992-11-28,1993-02-08,TAKE BACK RETURN,AIR,excuses. slyly even pinto bea
33249-5,33249,1349,88,5,32.00,40010.88,0.02,0.03,A,F,1992-10-07,1992-11-04,1992-10-26,DELIVER IN PERSON,FOB,"ate above the pending, "
33250-1,33250,1798,25,1,8.00,13598.32,0.01,0.07,A,F,1994-09-23,1994-08-26,1994-10-08,NONE,RAIL, furiously up the furiousl
33250-2,33250,330,31,2,25.00,30758.25,0.02,0.06,A,F,1994-09-07,1994-08-26,1994-09-21,DELIVER IN PERSON,REG AIR,riously bold deposits among th
33250-3,33250,1292,67,3,26.00,31025.54,0.00,0.06,R,F,1994-09-28,1994-08-17,1994-10-27,TAKE BACK RETURN,FOB,the enticin
33250-4,33250,1961,50,4,23.00,42848.08,0.02,0.08,A,F,1994-10-08,1994-09-03,1994-10-22,NONE,TRUCK,"lly pending accounts. regular, pending"
33250-5,33250,1316,93,5,15.00,18259.65,0.05,0.00,R,F,1994-08-19,1994-09-09,1994-09-09,DELIVER IN PERSON,MAIL,lly special deposits. requests nag quickl
33250-6,33250,878,12,6,11.00,19567.57,0.07,0.03,R,F,1994-07-31,1994-08-02,1994-08-29,COLLECT COD,MAIL, boost furiou
33251-1,33251,1951,40,1,7.00,12970.65,0.07,0.05,R,F,1994-07-27,1994-08-25,1994-08-20,TAKE BACK RETURN,FOB,o the close co
33252-1,33252,9,85,1,43.00,39087.00,0.09,0.07,A,F,1992-06-05,1992-06-20,1992-06-24,DELIVER IN PERSON,MAIL,"he special, special pinto beans. quic"
33252-2,33252,1626,50,2,42.00,64160.04,0.10,0.03,R,F,1992-04-19,1992-05-30,1992-04-20,TAKE BACK RETURN,TRUCK,theodolites about the asymptotes sleep 
33252-3,33252,636,30,3,37.00,56855.31,0.03,0.07,A,F,1992-07-05,1992-06-14,1992-07-08,TAKE BACK RETURN,AIR, alongside of the f
33252-4,33252,1176,77,4,32.00,34469.44,0.01,0.07,A,F,1992-04-23,1992-04-30,1992-05-17,DELIVER IN PERSON,SHIP,"the pinto beans. final, ironic pinto beans"
33252-5,33252,724,21,5,49.00,79611.28,0.05,0.08,A,F,1992-03-31,1992-05-08,1992-04-20,DELIVER IN PERSON,REG AIR,l deposits are blithely final dep
33252-6,33252,501,62,6,43.00,60264.50,0.09,0.02,A,F,1992-06-20,1992-05-22,1992-07-16,TAKE BACK RETURN,FOB,rding to the blithely ironic requests. fl
33252-7,33252,173,74,7,15.00,16097.55,0.04,0.06,A,F,1992-07-17,1992-05-27,1992-08-03,NONE,RAIL,c foxes haggle s
33253-1,33253,1139,12,1,3.00,3120.39,0.05,0.04,N,O,1996-02-09,1996-02-02,1996-02-22,TAKE BACK RETURN,TRUCK,thless sauternes us
33253-2,33253,46,97,2,34.00,32165.36,0.02,0.08,N,O,1996-03-05,1996-02-16,1996-03-28,TAKE BACK RETURN,TRUCK,ckly express asym
33253-3,33253,903,4,3,17.00,30666.30,0.04,0.00,N,O,1996-02-04,1996-02-08,1996-02-16,DELIVER IN PERSON,REG AIR,ngside of 
33254-1,33254,1646,29,1,27.00,41786.28,0.10,0.08,N,O,1995-11-16,1995-12-09,1995-11-19,TAKE BACK RETURN,RAIL, accounts. fur
33254-2,33254,1430,9,2,38.00,50594.34,0.09,0.05,N,O,1995-11-06,1995-12-11,1995-11-23,TAKE BACK RETURN,TRUCK,"ages. regular, bold pinto beans are c"
33254-3,33254,848,15,3,14.00,24483.76,0.02,0.04,N,O,1995-12-04,1996-01-09,1995-12-27,TAKE BACK RETURN,FOB," unusual, regul"
33255-1,33255,1678,20,1,40.00,63186.80,0.06,0.03,R,F,1993-09-04,1993-08-06,1993-09-29,TAKE BACK RETURN,REG AIR,dugouts. furiously unusu
33255-2,33255,1882,69,2,31.00,55300.28,0.10,0.04,R,F,1993-08-15,1993-09-17,1993-09-06,COLLECT COD,REG AIR,olphins. fluffily ironic asymptotes caj
33255-3,33255,802,69,3,27.00,45975.60,0.00,0.02,R,F,1993-08-23,1993-08-23,1993-09-19,COLLECT COD,SHIP,the ideas. dinos nag blithely about 
33255-4,33255,818,85,4,9.00,15469.29,0.04,0.06,R,F,1993-09-27,1993-09-01,1993-10-05,COLLECT COD,MAIL,ests may m
33255-5,33255,1588,29,5,12.00,17874.96,0.08,0.01,R,F,1993-07-15,1993-07-27,1993-07-24,COLLECT COD,REG AIR,y ironic theodolites are quickly. iron
33255-6,33255,220,21,6,24.00,26885.28,0.05,0.06,R,F,1993-07-10,1993-08-29,1993-07-30,TAKE BACK RETURN,SHIP," deposits. regular, unusual platelets"
33280-1,33280,180,81,1,27.00,29164.86,0.01,0.08,N,O,1998-07-12,1998-06-03,1998-07-14,DELIVER IN PERSON,AIR,tes haggle slyly across the excus
33280-2,33280,1671,72,2,12.00,18872.04,0.00,0.05,N,O,1998-06-26,1998-06-20,1998-07-17,TAKE BACK RETURN,MAIL,"even, final account"
33280-3,33280,1340,79,3,48.00,59584.32,0.06,0.02,N,O,1998-04-01,1998-06-19,1998-04-15,TAKE BACK RETURN,FOB, wake furiously abo
33280-4,33280,921,22,4,12.00,21863.04,0.05,0.06,N,O,1998-06-28,1998-05-13,1998-07-21,COLLECT COD,RAIL,yly regular accounts nag blithely
33280-5,33280,197,98,5,5.00,5485.95,0.00,0.07,N,O,1998-06-19,1998-05-25,1998-06-22,COLLECT COD,AIR,ges integrate furiously across the 
33280-6,33280,365,66,6,32.00,40491.52,0.05,0.05,N,O,1998-06-07,1998-05-27,1998-06-11,COLLECT COD,SHIP, blithely after the si
33280-7,33280,1659,60,7,8.00,12485.20,0.06,0.08,N,O,1998-04-11,1998-05-18,1998-04-19,COLLECT COD,TRUCK,express accounts 
33281-1,33281,137,64,1,8.00,8297.04,0.03,0.06,A,F,1992-11-29,1992-12-14,1992-12-14,NONE,TRUCK,y final asymptotes sleep. d
33281-2,33281,1498,99,2,48.00,67175.52,0.07,0.04,A,F,1993-02-01,1992-11-29,1993-02-16,TAKE BACK RETURN,AIR,out the regular packages. silen
33282-1,33282,1094,65,1,46.00,45774.14,0.03,0.02,N,O,1998-10-02,1998-07-24,1998-10-17,NONE,FOB,gifts. pac
33282-2,33282,1540,61,2,30.00,43246.20,0.00,0.05,N,O,1998-08-13,1998-09-11,1998-09-03,NONE,MAIL,"the blithely even requests. pending, s"
33282-3,33282,1191,64,3,25.00,27304.75,0.00,0.04,N,O,1998-08-08,1998-08-15,1998-08-31,COLLECT COD,AIR, final accounts are quickly according 
33283-1,33283,283,38,1,42.00,49697.76,0.04,0.05,R,F,1993-04-21,1993-05-26,1993-04-29,TAKE BACK RETURN,SHIP, use slyly against the regu
33283-2,33283,1699,23,2,30.00,48020.70,0.08,0.04,A,F,1993-04-28,1993-05-14,1993-05-10,DELIVER IN PERSON,AIR,lyly carefully bold r
33283-3,33283,1559,60,3,44.00,64264.20,0.02,0.04,R,F,1993-07-06,1993-05-21,1993-07-08,TAKE BACK RETURN,RAIL,fully after t
33283-4,33283,1610,34,4,47.00,71045.67,0.05,0.06,R,F,1993-06-23,1993-05-20,1993-07-16,DELIVER IN PERSON,FOB,nusual packages wake bravely accord
33283-5,33283,787,84,5,38.00,64135.64,0.10,0.06,A,F,1993-06-14,1993-04-22,1993-07-06,NONE,RAIL,special warthogs lose quickly
33284-1,33284,1232,44,1,15.00,16998.45,0.00,0.01,A,F,1992-04-06,1992-05-16,1992-04-15,NONE,REG AIR,kly slyly bold pinto bea
33284-2,33284,10,36,2,1.00,910.01,0.09,0.05,R,F,1992-05-01,1992-05-01,1992-05-25,NONE,RAIL, special deposi
33284-3,33284,1543,44,3,2.00,2889.08,0.05,0.03,A,F,1992-05-19,1992-06-07,1992-05-26,COLLECT COD,SHIP,yly carefully bold p
33284-4,33284,135,88,4,38.00,39334.94,0.10,0.06,R,F,1992-04-22,1992-05-15,1992-05-09,DELIVER IN PERSON,RAIL,y bold theodolites integrate quickly
33284-5,33284,1948,49,5,24.00,44398.56,0.03,0.00,R,F,1992-04-15,1992-05-07,1992-04-19,COLLECT COD,REG AIR,st above the regular deposits? quickly
33285-1,33285,1935,24,1,29.00,53270.97,0.01,0.02,R,F,1992-04-25,1992-04-16,1992-05-13,DELIVER IN PERSON,FOB,"nal, bold requests "
33285-2,33285,1891,35,2,10.00,17928.90,0.01,0.05,R,F,1992-03-23,1992-03-09,1992-04-03,TAKE BACK RETURN,FOB,thogs. blithely pending deposits 
33285-3,33285,1473,74,3,44.00,60476.68,0.08,0.08,R,F,1992-04-18,1992-02-23,1992-04-23,DELIVER IN PERSON,RAIL,ajole pinto beans. ironi
33285-4,33285,312,69,4,33.00,40006.23,0.00,0.03,R,F,1992-02-02,1992-03-25,1992-02-29,NONE,RAIL,ans. express requests sleep furiou
33285-5,33285,1622,64,5,48.00,73133.76,0.09,0.04,A,F,1992-03-23,1992-04-09,1992-04-19,DELIVER IN PERSON,MAIL,pinto beans. packa
33286-1,33286,80,6,1,14.00,13721.12,0.02,0.01,N,O,1997-12-03,1998-02-21,1997-12-08,COLLECT COD,TRUCK,"inst the regular, regular dolphins boo"
33286-2,33286,1441,59,2,40.00,53697.60,0.00,0.00,N,O,1998-01-25,1998-02-12,1998-02-22,NONE,REG AIR,gle. fluffi
33286-3,33286,1307,84,3,15.00,18124.50,0.01,0.04,N,O,1998-03-08,1998-01-02,1998-04-03,NONE,RAIL,"r, unusual instructions boost f"
33286-4,33286,992,95,4,49.00,92756.51,0.01,0.00,N,O,1997-12-25,1998-02-05,1997-12-29,COLLECT COD,REG AIR,refully express requests are
33286-5,33286,666,60,5,20.00,31333.20,0.08,0.06,N,O,1998-01-04,1998-01-07,1998-01-16,NONE,REG AIR, foxes cajole fluffily about the 
33286-6,33286,796,97,6,41.00,69568.39,0.04,0.08,N,O,1997-12-08,1998-02-07,1997-12-15,COLLECT COD,FOB,eans cajole blithely above the fina
33286-7,33286,1888,18,7,9.00,16108.92,0.10,0.04,N,O,1998-01-11,1998-02-14,1998-01-12,TAKE BACK RETURN,AIR,s haggle quickly. slyly regula
33287-1,33287,1331,70,1,6.00,7393.98,0.07,0.02,N,O,1995-07-21,1995-06-08,1995-07-31,NONE,FOB,oze above the slyly enticing f
33312-1,33312,1929,30,1,27.00,49434.84,0.09,0.07,N,O,1996-10-21,1996-08-15,1996-11-07,TAKE BACK RETURN,RAIL,ges wake slyly final deposits. fluffi
33312-2,33312,183,10,2,17.00,18414.06,0.01,0.03,N,O,1996-07-18,1996-09-16,1996-08-02,COLLECT COD,SHIP,special theodolites are? ironic 
33312-3,33312,1643,26,3,34.00,52517.76,0.03,0.02,N,O,1996-09-12,1996-07-30,1996-09-24,TAKE BACK RETURN,MAIL,ccording to th
33312-4,33312,1807,8,4,36.00,61516.80,0.03,0.08,N,O,1996-08-14,1996-09-21,1996-08-21,NONE,AIR,ackages haggle carefully ideas. silen
33313-1,33313,411,41,1,38.00,49833.58,0.02,0.05,N,O,1997-01-11,1997-04-07,1997-01-18,COLLECT COD,RAIL,unts. blithely regular packages haggle afte
33313-2,33313,1556,37,2,33.00,48099.15,0.10,0.04,N,O,1997-01-12,1997-02-21,1997-01-17,DELIVER IN PERSON,SHIP,bold packages cajole around th
33313-3,33313,114,15,3,22.00,22310.42,0.01,0.05,N,O,1997-04-08,1997-02-21,1997-04-28,NONE,MAIL,he bold instructions haggle carefully acro
33313-4,33313,1650,74,4,5.00,7758.25,0.05,0.05,N,O,1997-04-23,1997-03-28,1997-04-28,NONE,TRUCK,lites integrate.
33313-5,33313,419,49,5,33.00,43540.53,0.03,0.00,N,O,1997-04-28,1997-04-04,1997-04-30,DELIVER IN PERSON,FOB,"ironic packages. special, regular"
33313-6,33313,1947,80,6,50.00,92447.00,0.00,0.01,N,O,1997-02-24,1997-03-17,1997-03-16,TAKE BACK RETURN,SHIP,wake. even dol
33314-1,33314,129,8,1,25.00,25728.00,0.02,0.06,N,O,1997-05-25,1997-07-14,1997-06-18,TAKE BACK RETURN,REG AIR,lthy notornis use agai
33314-2,33314,1343,20,2,26.00,32352.84,0.06,0.01,N,O,1997-07-23,1997-07-12,1997-07-30,NONE,REG AIR,lyly quickly special accounts. fur
33314-3,33314,1943,44,3,16.00,29519.04,0.09,0.00,N,O,1997-07-11,1997-06-15,1997-08-08,COLLECT COD,FOB,fully silent instructions haggle care
33314-4,33314,889,89,4,39.00,69805.32,0.10,0.08,N,O,1997-05-20,1997-06-10,1997-06-02,DELIVER IN PERSON,RAIL,nts. quickly pending excuses above t
33314-5,33314,1224,25,5,26.00,29255.72,0.06,0.07,N,O,1997-06-04,1997-05-22,1997-06-29,DELIVER IN PERSON,MAIL,tes wake c
33314-6,33314,457,58,6,29.00,39366.05,0.07,0.06,N,O,1997-08-09,1997-06-07,1997-08-28,NONE,FOB,y slyly sly depos
33314-7,33314,2000,89,7,48.00,43296.00,0.07,0.08,N,O,1997-08-12,1997-07-06,1997-09-06,NONE,MAIL, cajole quickly among the regul
33315-1,33315,1910,43,1,40.00,72476.40,0.05,0.05,N,O,1997-10-03,1997-09-15,1997-11-01,TAKE BACK RETURN,SHIP,t slyly about the blith
33315-2,33315,1994,83,2,24.00,45503.76,0.04,0.04,N,O,1997-08-11,1997-09-24,1997-08-28,COLLECT COD,SHIP,luffily above the r
33315-3,33315,308,65,3,31.00,37457.30,0.01,0.04,N,O,1997-10-16,1997-10-04,1997-11-15,DELIVER IN PERSON,AIR,ly brave deposits are furiously a
33315-4,33315,1633,75,4,3.00,4603.89,0.10,0.08,N,O,1997-09-07,1997-09-17,1997-09-23,TAKE BACK RETURN,SHIP,eep at the asymptotes
33315-5,33315,806,40,5,36.00,61444.80,0.02,0.08,N,O,1997-11-25,1997-10-26,1997-12-05,DELIVER IN PERSON,FOB,lyly for the sentiments. pinto 
33315-6,33315,1564,85,6,20.00,29311.20,0.08,0.05,N,O,1997-11-12,1997-10-20,1997-12-08,NONE,AIR,quickly regular deposits
33315-7,33315,289,44,7,38.00,45192.64,0.02,0.06,N,O,1997-08-20,1997-10-17,1997-09-12,NONE,REG AIR,lithely-- unusu
33316-1,33316,1877,78,1,4.00,7115.48,0.03,0.05,N,O,1998-05-05,1998-05-25,1998-05-15,COLLECT COD,RAIL,eodolites. theodolites use quickly pend
33316-2,33316,572,33,2,44.00,64793.08,0.02,0.05,N,O,1998-06-16,1998-05-10,1998-06-30,TAKE BACK RETURN,TRUCK,the requests aft
33317-1,33317,291,46,1,21.00,25017.09,0.08,0.02,A,F,1994-05-19,1994-07-18,1994-06-09,TAKE BACK RETURN,MAIL,xpress requests was carefully express reque
33317-2,33317,19,70,2,38.00,34922.38,0.08,0.03,A,F,1994-06-07,1994-06-17,1994-06-25,COLLECT COD,REG AIR,s run slyly into the carefully pending exc
33317-3,33317,658,59,3,6.00,9351.90,0.02,0.07,A,F,1994-06-05,1994-07-23,1994-06-21,TAKE BACK RETURN,RAIL,ake according to the slyly silent a
33317-4,33317,1800,27,4,5.00,8509.00,0.04,0.02,A,F,1994-08-17,1994-06-27,1994-09-02,NONE,FOB,beans wake furiously
33317-5,33317,913,48,5,16.00,29022.56,0.06,0.03,A,F,1994-06-05,1994-06-24,1994-06-14,NONE,MAIL,"lent, pending requests. perm"
33317-6,33317,305,6,6,29.00,34953.70,0.01,0.07,R,F,1994-07-27,1994-07-04,1994-07-30,TAKE BACK RETURN,RAIL,r deposits. even instructions cajole. iro
33317-7,33317,662,25,7,41.00,64069.06,0.02,0.01,R,F,1994-06-19,1994-07-29,1994-06-29,DELIVER IN PERSON,REG AIR,ar excuses above
33318-1,33318,1635,59,1,50.00,76831.50,0.06,0.06,N,O,1997-06-21,1997-07-17,1997-07-16,TAKE BACK RETURN,REG AIR,heodolites cajole slyly carefully eve
33319-1,33319,1740,67,1,5.00,8208.70,0.06,0.06,A,F,1994-05-23,1994-06-25,1994-05-25,COLLECT COD,RAIL,c pinto beans acr
33319-2,33319,590,21,2,45.00,67076.55,0.00,0.01,A,F,1994-07-09,1994-06-25,1994-08-04,COLLECT COD,TRUCK,ironic foxes so
33319-3,33319,1486,4,3,16.00,22199.68,0.04,0.06,A,F,1994-07-18,1994-05-06,1994-08-04,TAKE BACK RETURN,TRUCK, pinto beans nag furiously; foxes sle
33319-4,33319,1380,19,4,29.00,37160.02,0.08,0.06,R,F,1994-07-01,1994-06-18,1994-07-22,TAKE BACK RETURN,SHIP,"elets. final, pending theodolites hagg"
33319-5,33319,281,36,5,10.00,11812.80,0.00,0.04,A,F,1994-06-06,1994-05-24,1994-06-22,NONE,REG AIR, carefully b
33319-6,33319,134,13,6,36.00,37228.68,0.08,0.03,R,F,1994-06-22,1994-06-23,1994-06-24,DELIVER IN PERSON,RAIL,egular requests. express requests a
33319-7,33319,1057,58,7,24.00,22993.20,0.08,0.05,R,F,1994-07-18,1994-05-17,1994-08-14,COLLECT COD,MAIL,essly final requests detect carefully. e
33344-1,33344,1982,83,1,1.00,1883.98,0.03,0.07,R,F,1994-04-12,1994-04-25,1994-05-10,COLLECT COD,RAIL,"sits. final, unusual pinto beans wake "
33345-1,33345,1962,95,1,20.00,37279.20,0.03,0.03,N,O,1996-07-30,1996-07-04,1996-08-04,NONE,MAIL,"s. bold, even packages cajo"
33345-2,33345,1150,59,2,27.00,28381.05,0.03,0.04,N,O,1996-08-01,1996-06-29,1996-08-31,TAKE BACK RETURN,RAIL,tes thrash throughout the quickly expr
33345-3,33345,86,62,3,44.00,43387.52,0.00,0.04,N,O,1996-06-03,1996-05-31,1996-06-08,NONE,TRUCK,lar theodolites
33345-4,33345,1456,74,4,31.00,42080.95,0.01,0.05,N,O,1996-07-25,1996-06-04,1996-08-06,COLLECT COD,FOB,ly special deposits a
33345-5,33345,1104,5,5,18.00,18091.80,0.06,0.02,N,O,1996-08-06,1996-07-10,1996-08-13,DELIVER IN PERSON,AIR,. carefully unusual deposits boost about
33345-6,33345,957,92,6,23.00,42732.85,0.01,0.02,N,O,1996-05-15,1996-06-30,1996-05-25,DELIVER IN PERSON,FOB,eodolites solve slyly blithely daring warho
33346-1,33346,1641,24,1,35.00,53992.40,0.05,0.01,N,O,1995-10-26,1995-10-16,1995-11-22,DELIVER IN PERSON,SHIP,riously. carefully even theodolites haggle 
33347-1,33347,234,35,1,5.00,5671.15,0.07,0.05,R,F,1992-10-13,1992-10-28,1992-10-25,NONE,FOB,al pinto beans could have to cajole bli
33347-2,33347,211,93,2,33.00,36669.93,0.04,0.07,R,F,1992-09-20,1992-11-22,1992-10-07,NONE,MAIL,lyly regular deposits nod 
33347-3,33347,698,99,3,7.00,11190.83,0.02,0.01,R,F,1992-09-28,1992-10-26,1992-10-25,TAKE BACK RETURN,REG AIR,leep blithely. fin
33347-4,33347,1147,84,4,37.00,38781.18,0.05,0.05,A,F,1992-10-03,1992-10-25,1992-10-20,DELIVER IN PERSON,SHIP,efully final requests should ea
33347-5,33347,1350,51,5,5.00,6256.75,0.01,0.07,R,F,1992-09-10,1992-10-24,1992-09-18,NONE,AIR,ending dependencies haggle s
33348-1,33348,1664,6,1,42.00,65757.72,0.09,0.05,R,F,1995-02-14,1995-01-16,1995-03-08,COLLECT COD,MAIL,ns. blithely final foxes against the s
33349-1,33349,134,35,1,12.00,12409.56,0.04,0.06,N,O,1997-03-20,1997-03-20,1997-04-16,DELIVER IN PERSON,SHIP,"ts. final, unusual "
33349-2,33349,864,64,2,42.00,74124.12,0.09,0.02,N,O,1997-01-20,1997-03-22,1997-01-23,COLLECT COD,FOB,sly ironic platelets. q
33349-3,33349,897,64,3,10.00,17978.90,0.01,0.01,N,O,1997-01-19,1997-02-16,1997-01-20,NONE,REG AIR,fully regular ide
33349-4,33349,1534,15,4,17.00,24404.01,0.05,0.03,N,O,1997-04-22,1997-03-27,1997-04-26,DELIVER IN PERSON,FOB,ymptotes ha
33350-1,33350,468,98,1,11.00,15053.06,0.03,0.06,R,F,1994-08-15,1994-09-13,1994-09-03,COLLECT COD,AIR,posits nag. thinly ironic requests sleep
33350-2,33350,18,44,2,43.00,39474.43,0.09,0.04,A,F,1994-09-24,1994-10-06,1994-09-25,NONE,TRUCK,e blithely ironic d
33350-3,33350,826,27,3,8.00,13814.56,0.02,0.03,A,F,1994-07-24,1994-09-21,1994-08-05,NONE,REG AIR,furiously even instructions. car
33350-4,33350,344,73,4,41.00,51017.94,0.03,0.01,A,F,1994-09-17,1994-10-17,1994-10-09,TAKE BACK RETURN,MAIL,ously against the 
33350-5,33350,658,90,5,28.00,43642.20,0.02,0.01,A,F,1994-08-10,1994-10-09,1994-09-03,DELIVER IN PERSON,REG AIR,"t, bold accounts. slyly regular requests c"
33350-6,33350,1706,7,6,32.00,51446.40,0.03,0.04,R,F,1994-10-03,1994-10-20,1994-10-25,TAKE BACK RETURN,RAIL,ending requests. pinto beans are slyly
33350-7,33350,213,41,7,14.00,15584.94,0.09,0.02,A,F,1994-11-01,1994-09-03,1994-11-03,NONE,REG AIR,rding to the blithely careful excu
33351-1,33351,1455,73,1,50.00,67822.50,0.10,0.00,N,O,1997-06-26,1997-06-02,1997-07-01,COLLECT COD,AIR,tes are carefully. fluff
33351-2,33351,1694,18,2,13.00,20743.97,0.00,0.03,N,O,1997-08-15,1997-06-06,1997-08-17,NONE,MAIL,the blithe
33351-3,33351,960,95,3,3.00,5582.88,0.10,0.02,N,O,1997-06-19,1997-07-12,1997-06-26,COLLECT COD,TRUCK,lly ironic accounts boost furiously
33351-4,33351,1005,11,4,49.00,44394.00,0.00,0.07,N,O,1997-07-19,1997-06-13,1997-08-05,DELIVER IN PERSON,FOB,e quickly quickly even p
33376-1,33376,827,61,1,7.00,12094.74,0.06,0.04,N,O,1996-12-29,1996-12-28,1997-01-04,COLLECT COD,SHIP,lar packages across the special r
33376-2,33376,1126,63,2,21.00,21569.52,0.08,0.08,N,O,1997-01-11,1996-12-15,1997-01-28,DELIVER IN PERSON,RAIL,ietly unusual packages: requests u
33377-1,33377,818,85,1,33.00,56720.73,0.01,0.05,N,O,1995-11-23,1995-10-05,1995-12-05,NONE,RAIL,ajole slyly furiously iro
33377-2,33377,1268,80,2,37.00,43262.62,0.04,0.08,N,O,1995-10-05,1995-09-20,1995-10-09,DELIVER IN PERSON,RAIL,ons. slyly unusual pla
33377-3,33377,1034,5,3,29.00,27115.87,0.02,0.05,N,O,1995-10-18,1995-09-16,1995-10-23,DELIVER IN PERSON,AIR,ctions use furiously quickly special platel
33377-4,33377,336,21,4,40.00,49453.20,0.02,0.02,N,O,1995-10-02,1995-09-03,1995-10-30,NONE,REG AIR,its. regular deposits 
33377-5,33377,1002,3,5,49.00,44247.00,0.02,0.06,N,O,1995-09-27,1995-10-19,1995-10-01,TAKE BACK RETURN,RAIL,ully final packages wake carefully. careful
33378-1,33378,1857,1,1,36.00,63318.60,0.04,0.01,R,F,1992-06-28,1992-05-28,1992-07-28,TAKE BACK RETURN,FOB,g braids haggle above t
33378-2,33378,1826,13,2,50.00,86391.00,0.05,0.08,R,F,1992-06-21,1992-06-15,1992-07-07,TAKE BACK RETURN,AIR," beans. special, exp"
33378-3,33378,1277,89,3,49.00,57735.23,0.10,0.03,A,F,1992-05-10,1992-07-25,1992-05-21,COLLECT COD,RAIL,ic deposits. blithely express acco
33378-4,33378,1379,94,4,23.00,29448.51,0.01,0.08,R,F,1992-07-23,1992-07-13,1992-07-30,DELIVER IN PERSON,SHIP,nusual foxes nag regularly ab
33378-5,33378,964,67,5,4.00,7459.84,0.10,0.07,A,F,1992-08-21,1992-07-04,1992-09-05,DELIVER IN PERSON,SHIP,es are alongside of the blithely spec
33378-6,33378,1231,69,6,37.00,41892.51,0.08,0.04,R,F,1992-08-10,1992-06-04,1992-09-05,DELIVER IN PERSON,SHIP,ide the furio
33378-7,33378,1537,18,7,47.00,67610.91,0.09,0.08,R,F,1992-05-20,1992-07-17,1992-05-28,NONE,FOB,fully final excuses wake fur
33379-1,33379,1545,26,1,16.00,23144.64,0.05,0.04,N,O,1998-01-24,1998-02-04,1998-02-04,DELIVER IN PERSON,REG AIR,refully slyly special requ
33380-1,33380,618,12,1,35.00,53151.35,0.03,0.08,N,O,1997-01-14,1997-02-04,1997-02-05,COLLECT COD,REG AIR,its according to the
33380-2,33380,300,82,2,30.00,36009.00,0.03,0.03,N,O,1997-02-22,1997-01-09,1997-03-06,NONE,AIR,ously regular accounts. bl
33380-3,33380,957,26,3,50.00,92897.50,0.08,0.01,N,O,1996-11-20,1997-01-01,1996-11-27,COLLECT COD,REG AIR,lieve blithely. blithely 
33381-1,33381,1756,83,1,20.00,33155.00,0.04,0.01,N,O,1998-09-01,1998-10-16,1998-09-22,DELIVER IN PERSON,TRUCK,al accounts. requests accordi
33381-2,33381,1345,46,2,26.00,32404.84,0.00,0.00,N,O,1998-11-02,1998-09-05,1998-11-19,NONE,RAIL,ackages. reques
33381-3,33381,341,26,3,46.00,57101.64,0.04,0.06,N,O,1998-07-23,1998-09-09,1998-08-08,TAKE BACK RETURN,SHIP,ringly even 
33382-1,33382,1064,35,1,46.00,44392.76,0.07,0.00,N,O,1997-06-13,1997-07-11,1997-06-20,TAKE BACK RETURN,AIR,gular Tiresias; carefully un
33383-1,33383,811,45,1,16.00,27388.96,0.01,0.07,N,O,1996-12-22,1997-01-09,1997-01-15,TAKE BACK RETURN,MAIL,hins along the slyly regular foxes cajol
33383-2,33383,392,21,2,22.00,28432.58,0.03,0.02,N,O,1997-01-31,1997-01-10,1997-03-02,TAKE BACK RETURN,FOB,s. slyly regular asympto
33383-3,33383,255,56,3,23.00,26570.75,0.07,0.05,N,O,1997-01-26,1997-02-08,1997-02-12,NONE,TRUCK,slyly bold accou
33408-1,33408,433,92,1,21.00,28002.03,0.04,0.06,N,O,1997-02-08,1997-01-26,1997-03-08,TAKE BACK RETURN,TRUCK,s. carefully busy packag
33408-2,33408,533,64,2,24.00,34404.72,0.04,0.03,N,O,1997-01-17,1997-01-26,1997-02-01,TAKE BACK RETURN,RAIL,"ges detect ironically ideas. bold, bol"
33408-3,33408,787,20,3,8.00,13502.24,0.02,0.06,N,O,1997-01-21,1997-03-06,1997-02-12,NONE,TRUCK,he blithely bold accounts 
33409-1,33409,1774,17,1,18.00,30163.86,0.03,0.02,R,F,1992-05-19,1992-05-17,1992-06-14,DELIVER IN PERSON,MAIL,dazzle idly acros
33410-1,33410,113,40,1,20.00,20262.20,0.02,0.08,A,F,1992-04-28,1992-03-20,1992-05-26,COLLECT COD,FOB, cajole carefully furiously bo
33410-2,33410,1407,86,2,36.00,47102.40,0.03,0.08,A,F,1992-02-01,1992-04-02,1992-02-12,DELIVER IN PERSON,AIR,sly after the fin
33410-3,33410,1430,9,3,28.00,37280.04,0.10,0.08,R,F,1992-04-24,1992-02-27,1992-05-24,TAKE BACK RETURN,RAIL,"ts. special, un"
33411-1,33411,387,44,1,7.00,9011.66,0.00,0.07,N,O,1998-02-02,1998-04-02,1998-02-03,DELIVER IN PERSON,AIR,y ironic pearls. express theodolites nag 
33411-2,33411,568,69,2,40.00,58742.40,0.02,0.07,N,O,1998-01-17,1998-03-01,1998-02-08,DELIVER IN PERSON,TRUCK,elets wake sometimes ironi
33411-3,33411,1281,56,3,33.00,39015.24,0.00,0.00,N,O,1998-02-25,1998-03-16,1998-03-03,NONE,REG AIR,ackages. fluffily fluffy sheaves cajol
33411-4,33411,1549,90,4,48.00,69625.92,0.08,0.05,N,O,1998-02-01,1998-04-06,1998-03-01,COLLECT COD,REG AIR,fully special 
33411-5,33411,240,22,5,39.00,44469.36,0.07,0.01,N,O,1998-04-04,1998-03-27,1998-04-19,TAKE BACK RETURN,AIR,lyly final dep
33412-1,33412,1215,53,1,46.00,51345.66,0.06,0.08,N,O,1997-03-19,1997-02-20,1997-04-14,DELIVER IN PERSON,FOB,dolites alongside of the ironic fox
33412-2,33412,1873,60,2,10.00,17748.70,0.01,0.06,N,O,1997-04-20,1997-03-03,1997-05-04,TAKE BACK RETURN,TRUCK,ly regular instructions need to are acr
33413-1,33413,1283,21,1,4.00,4737.12,0.00,0.07,N,O,1996-09-07,1996-07-25,1996-09-11,COLLECT COD,FOB,"onic, fina"
33413-2,33413,1905,94,2,39.00,70469.10,0.02,0.06,N,O,1996-07-15,1996-08-26,1996-07-30,NONE,AIR,eposits. regular grouches 
33413-3,33413,36,37,3,5.00,4680.15,0.09,0.05,N,O,1996-07-06,1996-09-18,1996-07-18,NONE,RAIL, express accou
33413-4,33413,727,28,4,16.00,26043.52,0.01,0.03,N,O,1996-07-02,1996-07-23,1996-07-18,DELIVER IN PERSON,MAIL,ully. quickly bold reques
33414-1,33414,617,18,1,2.00,3035.22,0.05,0.06,R,F,1992-02-20,1992-03-15,1992-03-07,COLLECT COD,TRUCK, furiously furious requests. ru
33414-2,33414,890,90,2,23.00,41190.47,0.02,0.00,A,F,1992-04-14,1992-04-26,1992-05-10,DELIVER IN PERSON,SHIP,l packages sublate sly
33414-3,33414,174,1,3,41.00,44040.97,0.05,0.01,A,F,1992-05-02,1992-03-15,1992-05-03,TAKE BACK RETURN,RAIL,uickly ironic instructio
33414-4,33414,1632,56,4,27.00,41408.01,0.05,0.05,R,F,1992-03-29,1992-03-28,1992-04-04,TAKE BACK RETURN,MAIL,rnis should slee
33415-1,33415,1852,39,1,19.00,33323.15,0.05,0.02,A,F,1993-04-13,1993-04-12,1993-05-12,COLLECT COD,REG AIR,kly. blithely regular requests belie
33415-2,33415,228,83,2,24.00,27077.28,0.07,0.06,R,F,1993-05-11,1993-03-30,1993-05-30,DELIVER IN PERSON,AIR,y bold frays. express theodoli
33440-1,33440,1871,15,1,2.00,3545.74,0.01,0.06,N,O,1998-06-30,1998-07-24,1998-07-24,TAKE BACK RETURN,AIR,lithely regular theodolites
33440-2,33440,170,97,2,48.00,51368.16,0.04,0.00,N,O,1998-07-15,1998-07-07,1998-07-28,NONE,SHIP,ons are boldly carefully even deposits.
33440-3,33440,1064,35,3,40.00,38602.40,0.07,0.06,N,O,1998-06-24,1998-06-12,1998-07-03,COLLECT COD,REG AIR,iet theodolites sle
33440-4,33440,510,1,4,37.00,52188.87,0.04,0.04,N,O,1998-08-07,1998-06-23,1998-09-03,COLLECT COD,MAIL,ess accounts. ironically iron
33440-5,33440,1472,90,5,30.00,41204.10,0.01,0.02,N,O,1998-05-22,1998-07-02,1998-05-24,NONE,REG AIR,ke. instructions doze blithely final accou
33441-1,33441,1833,34,1,37.00,64188.71,0.01,0.03,N,O,1997-06-03,1997-04-23,1997-06-12,DELIVER IN PERSON,MAIL,ses solve furio
33441-2,33441,1544,45,2,15.00,21683.10,0.06,0.06,N,O,1997-06-24,1997-04-23,1997-07-09,DELIVER IN PERSON,AIR,hely final instructions haggle sly
33442-1,33442,962,31,1,16.00,29807.36,0.03,0.07,N,O,1996-07-11,1996-08-29,1996-07-27,COLLECT COD,TRUCK,g requests haggle ironically among th
33442-2,33442,201,56,2,25.00,27530.00,0.04,0.04,N,O,1996-07-28,1996-08-28,1996-08-24,TAKE BACK RETURN,RAIL,ggle carefully final 
33442-3,33442,381,82,3,47.00,60224.86,0.09,0.02,N,O,1996-08-17,1996-09-13,1996-08-22,DELIVER IN PERSON,MAIL,oggedly among the permanen
33442-4,33442,1317,32,4,11.00,13401.41,0.10,0.00,N,O,1996-07-15,1996-10-05,1996-08-09,NONE,RAIL,lyly. deposits cajole aft
33442-5,33442,815,16,5,36.00,61769.16,0.08,0.07,N,O,1996-10-10,1996-09-26,1996-10-21,COLLECT COD,FOB,ggle above the pending 
33442-6,33442,1572,73,6,29.00,42733.53,0.02,0.06,N,O,1996-07-27,1996-10-05,1996-08-08,DELIVER IN PERSON,MAIL,egular excuses detect carefully. blith
33442-7,33442,587,78,7,7.00,10413.06,0.10,0.01,N,O,1996-10-10,1996-09-24,1996-11-01,NONE,REG AIR,"ests. regular, special deposits wake "
33443-1,33443,1472,90,1,45.00,61806.15,0.07,0.08,R,F,1992-08-17,1992-07-17,1992-09-15,NONE,TRUCK,cajole above the car
33444-1,33444,231,32,1,45.00,50905.35,0.03,0.05,A,F,1992-11-21,1992-11-15,1992-11-24,COLLECT COD,FOB,r dolphins. acco
33444-2,33444,320,49,2,12.00,14643.84,0.03,0.04,R,F,1993-01-09,1992-11-13,1993-01-27,NONE,RAIL,lithely bold pinto
33444-3,33444,738,35,3,16.00,26219.68,0.09,0.08,A,F,1992-11-29,1992-12-07,1992-12-21,NONE,FOB,fter the slyly silent account
33444-4,33444,1300,12,4,38.00,45649.40,0.08,0.08,A,F,1992-12-10,1992-12-20,1992-12-24,TAKE BACK RETURN,RAIL,iers above the quickly regular
33444-5,33444,1298,36,5,25.00,29982.25,0.01,0.01,R,F,1992-11-13,1992-12-04,1992-12-07,COLLECT COD,TRUCK,gular dependencies. furiously re
33445-1,33445,1242,17,1,44.00,50302.56,0.09,0.08,R,F,1992-08-29,1992-10-19,1992-09-15,TAKE BACK RETURN,AIR,ep. furiously
33445-2,33445,1430,48,2,49.00,65240.07,0.01,0.04,A,F,1992-08-17,1992-09-28,1992-08-26,COLLECT COD,SHIP,ully carefully ironic accounts. fu
33445-3,33445,487,17,3,14.00,19424.72,0.07,0.03,A,F,1992-11-09,1992-10-13,1992-12-03,TAKE BACK RETURN,AIR,kages sleep about the slyly final
33445-4,33445,423,11,4,25.00,33085.50,0.09,0.03,A,F,1992-09-01,1992-09-09,1992-09-08,COLLECT COD,TRUCK,es maintain up the carefully
33445-5,33445,1327,66,5,42.00,51589.44,0.00,0.03,R,F,1992-10-09,1992-09-03,1992-11-03,TAKE BACK RETURN,TRUCK,usly busy depths.
33445-6,33445,194,95,6,29.00,31731.51,0.02,0.05,R,F,1992-11-26,1992-09-03,1992-12-25,COLLECT COD,SHIP, fluffily according 
33446-1,33446,864,31,1,22.00,38826.92,0.02,0.07,A,F,1993-11-10,1993-10-03,1993-12-04,COLLECT COD,FOB,yly final accounts against the
33446-2,33446,1944,89,2,42.00,77529.48,0.10,0.04,R,F,1993-09-22,1993-10-20,1993-10-20,COLLECT COD,TRUCK, accounts nod fu
33446-3,33446,1937,82,3,30.00,55167.90,0.00,0.06,A,F,1993-09-26,1993-09-02,1993-10-12,DELIVER IN PERSON,SHIP,ly about the quickly express requ
33447-1,33447,130,57,1,29.00,29873.77,0.07,0.08,N,O,1998-01-04,1998-01-27,1998-01-30,NONE,TRUCK,kly pending instructions wake careful
33447-2,33447,1370,9,2,24.00,30512.88,0.10,0.04,N,O,1997-11-10,1997-12-09,1997-11-27,TAKE BACK RETURN,FOB,uriously regular platelets nag afte
33447-3,33447,1028,34,3,44.00,40876.88,0.04,0.04,N,O,1998-01-04,1998-01-21,1998-01-25,TAKE BACK RETURN,MAIL,ns sleep carefully across the excuses.
33472-1,33472,578,79,1,32.00,47314.24,0.07,0.00,N,O,1996-05-29,1996-05-20,1996-06-22,COLLECT COD,TRUCK,y alongside 
33472-2,33472,1887,88,2,7.00,12522.16,0.10,0.07,N,O,1996-08-02,1996-05-30,1996-08-28,COLLECT COD,MAIL, foxes haggle 
33472-3,33472,449,50,3,17.00,22940.48,0.02,0.04,N,O,1996-04-30,1996-05-13,1996-05-08,TAKE BACK RETURN,REG AIR,ect carefully against the f
33472-4,33472,1826,13,4,34.00,58745.88,0.04,0.00,N,O,1996-06-28,1996-05-31,1996-07-02,DELIVER IN PERSON,AIR, pending theodolites unwind slyly. furiou
33472-5,33472,1721,64,5,3.00,4868.16,0.04,0.05,N,O,1996-06-22,1996-05-25,1996-07-02,COLLECT COD,TRUCK,e the slyl
33472-6,33472,776,73,6,1.00,1676.77,0.07,0.03,N,O,1996-05-18,1996-05-29,1996-05-29,NONE,MAIL,iously agai
33473-1,33473,1656,39,1,35.00,54517.75,0.00,0.05,R,F,1995-01-23,1995-03-17,1995-01-29,DELIVER IN PERSON,AIR,"ies use bold, final co"
33474-1,33474,204,59,1,23.00,25396.60,0.02,0.07,A,F,1994-12-03,1994-10-02,1994-12-06,TAKE BACK RETURN,REG AIR,ts. carefully bold packages are ca
33474-2,33474,282,64,2,23.00,27192.44,0.03,0.07,A,F,1994-11-10,1994-10-10,1994-12-02,DELIVER IN PERSON,SHIP, ought to doze carefully ironic foxes?
33474-3,33474,1674,98,3,12.00,18908.04,0.07,0.02,A,F,1994-12-02,1994-10-14,1994-12-03,TAKE BACK RETURN,RAIL,y idly bold
33475-1,33475,901,2,1,21.00,37839.90,0.07,0.08,N,O,1996-08-15,1996-07-03,1996-08-16,TAKE BACK RETURN,AIR, carefully. carefully final packages haggle
33475-2,33475,1414,32,2,46.00,60508.86,0.09,0.01,N,O,1996-08-20,1996-06-27,1996-08-23,COLLECT COD,REG AIR,lithely silent requests affix ca
33475-3,33475,1470,71,3,40.00,54858.80,0.01,0.02,N,O,1996-06-24,1996-07-07,1996-06-25,TAKE BACK RETURN,SHIP,eposits cajole bl
33475-4,33475,1752,95,4,32.00,52920.00,0.04,0.00,N,O,1996-06-03,1996-07-22,1996-06-19,COLLECT COD,TRUCK, boost. ironic deposits kindle blithely. p
33475-5,33475,623,86,5,27.00,41137.74,0.01,0.08,N,O,1996-08-22,1996-07-01,1996-09-04,COLLECT COD,RAIL,tions along the
33475-6,33475,1521,2,6,27.00,38408.04,0.01,0.06,N,O,1996-06-27,1996-06-16,1996-07-26,COLLECT COD,MAIL,tions. slyly bold theodoli
33476-1,33476,1024,30,1,36.00,33300.72,0.02,0.04,A,F,1995-02-02,1995-03-21,1995-02-28,COLLECT COD,FOB,cies? slyly ironic a
33476-2,33476,999,2,2,27.00,51299.73,0.01,0.07,R,F,1995-01-30,1995-02-24,1995-02-13,DELIVER IN PERSON,RAIL,equests. pendi
33476-3,33476,900,67,3,37.00,66633.30,0.03,0.07,A,F,1995-01-10,1995-03-20,1995-01-27,DELIVER IN PERSON,AIR,even accounts along the blithely regula
33476-4,33476,799,96,4,41.00,69691.39,0.01,0.03,A,F,1995-03-08,1995-02-25,1995-03-25,TAKE BACK RETURN,FOB,iously bold accounts after t
33477-1,33477,1189,26,1,3.00,3270.54,0.06,0.02,R,F,1993-02-09,1992-12-24,1993-03-06,NONE,MAIL,ress accounts. platelet
33477-2,33477,454,13,2,25.00,33861.25,0.05,0.06,R,F,1992-12-03,1992-11-30,1992-12-04,COLLECT COD,AIR,y ironic packages; furiously
33477-3,33477,978,13,3,7.00,13152.79,0.09,0.01,R,F,1992-10-27,1992-12-10,1992-11-26,COLLECT COD,REG AIR, pending depths lose. 
33477-4,33477,1703,88,4,18.00,28884.60,0.09,0.03,A,F,1992-11-06,1993-01-03,1992-11-16,NONE,REG AIR,inal pinto beans a
33477-5,33477,1057,93,5,17.00,16286.85,0.10,0.02,A,F,1993-01-22,1993-01-03,1993-01-23,DELIVER IN PERSON,SHIP,y. carefully
33477-6,33477,1394,71,6,4.00,5181.56,0.05,0.04,R,F,1993-01-17,1993-01-08,1993-02-12,COLLECT COD,RAIL,above the foxes. deposits could have to 
33477-7,33477,153,80,7,12.00,12637.80,0.00,0.02,R,F,1993-02-04,1992-12-14,1993-02-27,NONE,AIR,ts wake furiously. f
33478-1,33478,110,37,1,6.00,6060.66,0.01,0.06,R,F,1993-08-05,1993-08-02,1993-08-18,TAKE BACK RETURN,REG AIR,sly final accounts unwind ev
33478-2,33478,1698,22,2,41.00,65587.29,0.06,0.00,R,F,1993-09-08,1993-07-18,1993-10-07,TAKE BACK RETURN,REG AIR,ges serve blithely blithely even acco
33478-3,33478,1606,30,3,43.00,64826.80,0.01,0.08,A,F,1993-10-11,1993-07-24,1993-10-20,DELIVER IN PERSON,SHIP,intain carefully even deposits. care
33479-1,33479,822,22,1,24.00,41347.68,0.09,0.02,R,F,1992-11-12,1992-10-27,1992-11-28,NONE,AIR,counts; car
33479-2,33479,360,17,2,5.00,6301.80,0.09,0.05,A,F,1992-11-10,1992-11-04,1992-11-22,COLLECT COD,AIR,to beans according to the carefully expr
33479-3,33479,1836,37,3,13.00,22591.79,0.06,0.04,R,F,1992-09-20,1992-10-23,1992-10-11,COLLECT COD,MAIL, beans nag carefully. slyly r
33479-4,33479,1421,100,4,45.00,59508.90,0.04,0.07,R,F,1992-12-30,1992-11-07,1993-01-03,DELIVER IN PERSON,FOB, quickly final dolphins. regular foxes aga
33479-5,33479,1172,73,5,28.00,30048.76,0.03,0.08,A,F,1992-12-25,1992-11-04,1993-01-01,DELIVER IN PERSON,REG AIR,fluffily fluffily perma
33479-6,33479,986,87,6,39.00,73592.22,0.08,0.00,A,F,1992-12-28,1992-12-09,1992-12-31,NONE,REG AIR,. quickly ironic pinto beans wake a
33479-7,33479,1449,50,7,18.00,24307.92,0.09,0.02,R,F,1992-11-07,1992-11-11,1992-11-22,TAKE BACK RETURN,FOB,oost across the slyly dogged theodolites. s
33504-1,33504,123,2,1,2.00,2046.24,0.01,0.07,N,O,1998-07-18,1998-07-17,1998-08-13,TAKE BACK RETURN,RAIL,ounts. slyly final packa
33504-2,33504,325,26,2,9.00,11027.88,0.09,0.00,N,O,1998-08-05,1998-07-29,1998-08-19,DELIVER IN PERSON,SHIP,its above th
33505-1,33505,528,29,1,41.00,58569.32,0.08,0.08,R,F,1994-01-22,1993-11-12,1994-02-01,COLLECT COD,AIR,"ular, regular pinto beans sleep bli"
33505-2,33505,1808,9,2,12.00,20517.60,0.10,0.03,A,F,1993-10-21,1993-12-20,1993-10-27,COLLECT COD,FOB,around the slyly bo
33505-3,33505,495,54,3,39.00,54424.11,0.05,0.04,A,F,1993-12-22,1993-11-29,1993-12-23,NONE,SHIP, furiously regular pin
33505-4,33505,1701,44,4,15.00,24040.50,0.00,0.05,A,F,1993-11-19,1993-11-10,1993-12-10,TAKE BACK RETURN,FOB,ructions across t
33505-5,33505,1028,34,5,33.00,30657.66,0.04,0.02,R,F,1993-12-13,1993-11-24,1994-01-05,DELIVER IN PERSON,REG AIR,es use furiously about the caref
33505-6,33505,207,35,6,14.00,15500.80,0.06,0.08,R,F,1993-10-18,1993-11-06,1993-11-01,DELIVER IN PERSON,TRUCK,furiously ironic packages sleep
33506-1,33506,1694,18,1,32.00,51062.08,0.02,0.06,N,O,1997-11-27,1997-12-26,1997-12-12,COLLECT COD,FOB,pendencies eat blithely aroun
33506-2,33506,582,13,2,21.00,31134.18,0.01,0.03,N,O,1998-02-11,1998-01-31,1998-02-18,NONE,RAIL,regular deposits. idl
33506-3,33506,1822,52,3,39.00,67228.98,0.00,0.04,N,O,1997-12-08,1998-02-12,1997-12-16,COLLECT COD,REG AIR, sleep slyly ironic inst
33506-4,33506,213,41,4,43.00,47868.03,0.01,0.08,N,O,1998-01-05,1998-01-16,1998-01-29,NONE,FOB,elets sleep carefully blithely even frets. 
33506-5,33506,1214,26,5,18.00,20073.78,0.10,0.00,N,O,1998-03-02,1998-01-27,1998-03-15,DELIVER IN PERSON,MAIL,ructions. carefully regular ideas
33506-6,33506,1167,4,6,17.00,18158.72,0.02,0.06,N,O,1998-03-13,1998-02-13,1998-03-21,NONE,FOB,ideas. packages dazzle alon
33506-7,33506,1506,7,7,37.00,52077.50,0.00,0.06,N,O,1997-11-24,1998-01-07,1997-12-23,NONE,MAIL, instruction
33507-1,33507,269,51,1,26.00,30400.76,0.06,0.01,R,F,1992-04-28,1992-05-08,1992-05-12,TAKE BACK RETURN,RAIL,sts integrate slyly. special ideas are 
33507-2,33507,1741,42,2,47.00,77208.78,0.02,0.02,A,F,1992-06-07,1992-04-05,1992-06-23,NONE,TRUCK,ts run carefully; furiously
33507-3,33507,1171,8,3,29.00,31092.93,0.00,0.05,A,F,1992-03-26,1992-05-14,1992-03-30,NONE,SHIP,ckages haggle furio
33508-1,33508,1249,24,1,38.00,43709.12,0.08,0.08,N,O,1996-03-13,1996-03-01,1996-03-22,NONE,FOB, dependencies haggle
33509-1,33509,1452,31,1,45.00,60905.25,0.06,0.00,A,F,1993-01-27,1993-01-18,1993-02-16,COLLECT COD,FOB, accounts thrash slyly dep
33510-1,33510,1643,44,1,42.00,64874.88,0.04,0.05,N,O,1996-01-27,1996-01-28,1996-02-26,NONE,AIR,"ites detect slyly after the even, e"
33510-2,33510,131,10,2,25.00,25778.25,0.01,0.07,N,O,1996-04-02,1996-02-10,1996-04-22,COLLECT COD,TRUCK,? quickly express deposits are furiously q
33510-3,33510,1015,51,3,39.00,35724.39,0.08,0.08,N,O,1996-03-08,1996-01-27,1996-03-13,COLLECT COD,MAIL,along the bold packages nag acro
33510-4,33510,683,46,4,37.00,58596.16,0.02,0.08,N,O,1996-03-31,1996-03-01,1996-04-18,TAKE BACK RETURN,RAIL,. express ideas wake quickly ironic deposit
33510-5,33510,674,37,5,29.00,45665.43,0.01,0.01,N,O,1995-12-17,1996-02-23,1996-01-02,TAKE BACK RETURN,TRUCK, beans breach stealt
33510-6,33510,32,8,6,6.00,5592.18,0.10,0.02,N,O,1996-01-20,1996-02-13,1996-02-04,DELIVER IN PERSON,MAIL,thely final dependencies x-ray. regular
33511-1,33511,1822,9,1,10.00,17238.20,0.00,0.04,N,O,1998-04-30,1998-04-13,1998-05-26,DELIVER IN PERSON,RAIL,lent deposits at the slyly unusual de
33511-2,33511,1039,75,2,16.00,15040.48,0.07,0.07,N,O,1998-05-09,1998-03-29,1998-05-31,TAKE BACK RETURN,SHIP,"final frays wake. permanent, enticing the"
33511-3,33511,1049,20,3,50.00,47502.00,0.07,0.06,N,O,1998-03-03,1998-04-12,1998-03-28,TAKE BACK RETURN,MAIL, quickly; slyly final packages w
33511-4,33511,1910,55,4,42.00,76100.22,0.01,0.05,N,O,1998-04-25,1998-04-05,1998-05-23,DELIVER IN PERSON,SHIP,nally blithely pending acco
33511-5,33511,1084,85,5,38.00,37433.04,0.06,0.03,N,O,1998-06-06,1998-04-04,1998-06-25,DELIVER IN PERSON,FOB,cuses! furiously sp
33511-6,33511,492,80,6,5.00,6962.45,0.07,0.04,N,O,1998-04-10,1998-03-31,1998-05-02,COLLECT COD,TRUCK,deposits. special instruct
33536-1,33536,1837,24,1,1.00,1738.83,0.09,0.07,N,O,1996-07-14,1996-06-21,1996-07-26,TAKE BACK RETURN,MAIL,braids nag along t
33536-2,33536,601,33,2,24.00,36038.40,0.04,0.05,N,O,1996-07-20,1996-07-03,1996-08-19,NONE,MAIL,counts above the finally regular reques
33536-3,33536,1400,1,3,10.00,13014.00,0.07,0.06,N,O,1996-08-04,1996-08-19,1996-08-31,DELIVER IN PERSON,MAIL,"fluffily. final, regular "
33536-4,33536,1645,28,4,30.00,46399.20,0.10,0.00,N,O,1996-07-19,1996-07-06,1996-08-10,NONE,TRUCK,uests. silent requ
33537-1,33537,155,82,1,5.00,5275.75,0.05,0.05,R,F,1993-10-13,1993-10-16,1993-10-29,COLLECT COD,TRUCK,. quickly bo
33537-2,33537,731,64,2,14.00,22844.22,0.04,0.01,R,F,1993-11-04,1993-11-02,1993-11-26,COLLECT COD,AIR,", unusual instructions w"
33537-3,33537,1544,85,3,39.00,56376.06,0.04,0.06,A,F,1993-10-30,1993-10-31,1993-11-03,COLLECT COD,AIR,ful requests promise fl
33537-4,33537,708,73,4,11.00,17695.70,0.02,0.06,R,F,1993-08-16,1993-09-16,1993-08-17,NONE,AIR,. regular packages sleep. regular deposits
33537-5,33537,1855,42,5,9.00,15811.65,0.08,0.00,R,F,1993-11-22,1993-09-24,1993-12-17,COLLECT COD,SHIP,ily ironic braids nag slyly quickly bli
33537-6,33537,1753,80,6,4.00,6619.00,0.04,0.08,A,F,1993-08-24,1993-09-26,1993-09-13,TAKE BACK RETURN,FOB,inal tithes eat carefully
33538-1,33538,1769,70,1,10.00,16707.60,0.10,0.02,N,O,1996-08-28,1996-10-17,1996-08-29,NONE,AIR,"e final, ironic package"
33538-2,33538,1923,68,2,2.00,3649.84,0.02,0.05,N,O,1996-11-29,1996-11-09,1996-12-20,DELIVER IN PERSON,REG AIR,se doggedly. ex
33539-1,33539,1830,60,1,23.00,39832.09,0.03,0.01,N,O,1996-06-21,1996-05-23,1996-07-17,COLLECT COD,SHIP,. final packages alongside
33539-2,33539,122,23,2,42.00,42929.04,0.09,0.08,N,O,1996-04-12,1996-05-20,1996-05-01,COLLECT COD,AIR,quickly among the carefully sl
33540-1,33540,473,74,1,28.00,38457.16,0.01,0.03,N,O,1995-10-06,1995-07-19,1995-11-04,NONE,REG AIR, even accounts. blithel
33540-2,33540,213,14,2,2.00,2226.42,0.03,0.02,N,O,1995-09-08,1995-07-24,1995-09-27,COLLECT COD,AIR,wake alway
33540-3,33540,75,51,3,1.00,975.07,0.07,0.01,N,F,1995-06-10,1995-08-30,1995-06-29,TAKE BACK RETURN,RAIL,s cajole slyly inside the
33540-4,33540,1538,59,4,26.00,37427.78,0.08,0.06,N,O,1995-07-27,1995-07-20,1995-07-28,COLLECT COD,RAIL,ideas. blithely
33540-5,33540,1251,52,5,45.00,51851.25,0.07,0.06,N,O,1995-07-29,1995-08-17,1995-08-16,TAKE BACK RETURN,TRUCK,", final deposits haggle quickly even requ"
33540-6,33540,493,81,6,35.00,48772.15,0.06,0.05,N,O,1995-06-21,1995-08-08,1995-06-24,COLLECT COD,FOB,usly according to th
33540-7,33540,269,51,7,9.00,10523.34,0.09,0.03,N,O,1995-06-18,1995-08-29,1995-07-02,DELIVER IN PERSON,REG AIR,counts integra
33541-1,33541,887,21,1,42.00,75090.96,0.01,0.03,A,F,1992-09-03,1992-09-06,1992-09-29,NONE,RAIL,ounts hang blithel
33541-2,33541,179,58,2,25.00,26979.25,0.02,0.06,A,F,1992-09-25,1992-08-28,1992-10-20,COLLECT COD,FOB,olphins. bold deposits use sl
33541-3,33541,882,83,3,34.00,60617.92,0.02,0.04,R,F,1992-08-02,1992-07-29,1992-08-20,DELIVER IN PERSON,SHIP,r theodolit
33541-4,33541,1257,32,4,25.00,28956.25,0.01,0.00,A,F,1992-08-28,1992-09-06,1992-09-24,DELIVER IN PERSON,TRUCK,ounts sleep quickly. even foxes use sly
33541-5,33541,1259,34,5,32.00,37128.00,0.04,0.08,R,F,1992-07-20,1992-08-15,1992-08-12,COLLECT COD,RAIL,equests. bl
33541-6,33541,1538,59,6,4.00,5758.12,0.09,0.05,A,F,1992-06-28,1992-08-08,1992-07-22,NONE,SHIP,lly express packages wake
33542-1,33542,813,13,1,39.00,66838.59,0.04,0.02,N,O,1996-03-19,1996-03-12,1996-03-22,TAKE BACK RETURN,AIR,ructions. slyly regul
33542-2,33542,556,87,2,15.00,21848.25,0.02,0.07,N,O,1996-01-06,1996-03-08,1996-01-19,DELIVER IN PERSON,SHIP,ieve ruthlessly. quic
33542-3,33542,925,60,3,42.00,76688.64,0.05,0.08,N,O,1996-01-21,1996-02-11,1996-02-19,COLLECT COD,AIR,ackages. blithely even requests are care
33542-4,33542,1285,60,4,24.00,28470.72,0.05,0.05,N,O,1996-03-12,1996-02-13,1996-04-11,DELIVER IN PERSON,MAIL,osits cajole carefully. blithely final asy
33542-5,33542,516,77,5,50.00,70825.50,0.05,0.00,N,O,1995-12-25,1996-02-06,1996-01-11,TAKE BACK RETURN,MAIL,"the special, ironi"
33543-1,33543,1946,79,1,4.00,7391.76,0.05,0.00,N,O,1998-04-03,1998-05-14,1998-04-13,TAKE BACK RETURN,RAIL,sts grow. 
33543-2,33543,1512,33,2,31.00,43818.81,0.07,0.03,N,O,1998-04-09,1998-05-19,1998-04-14,NONE,RAIL,ar packages. fluf
33543-3,33543,1144,17,3,41.00,42850.74,0.06,0.02,N,O,1998-05-09,1998-04-22,1998-06-01,TAKE BACK RETURN,RAIL,ckly. furiously final foxes sl
33543-4,33543,36,12,4,12.00,11232.36,0.08,0.01,N,O,1998-05-27,1998-04-28,1998-06-10,DELIVER IN PERSON,SHIP,nst the dependencies integrate bl
33568-1,33568,1835,36,1,42.00,72946.86,0.02,0.01,A,F,1992-10-29,1992-10-19,1992-11-07,COLLECT COD,RAIL,. furiously
33568-2,33568,1860,61,2,46.00,81045.56,0.04,0.07,R,F,1992-10-10,1992-09-17,1992-10-21,TAKE BACK RETURN,FOB,e slyly even ac
33568-3,33568,876,43,3,8.00,14214.96,0.06,0.07,R,F,1992-10-27,1992-09-20,1992-11-13,TAKE BACK RETURN,MAIL,y ironic wart
33569-1,33569,1706,7,1,13.00,20900.10,0.00,0.05,R,F,1994-11-25,1994-10-24,1994-12-12,NONE,MAIL,accounts boost. quickly regular packa
33569-2,33569,1301,16,2,9.00,10820.70,0.04,0.00,R,F,1994-09-06,1994-10-09,1994-09-07,DELIVER IN PERSON,SHIP,Tiresias. busy packages cajole. 
33569-3,33569,1239,40,3,20.00,22804.60,0.03,0.08,A,F,1994-10-24,1994-11-27,1994-10-26,COLLECT COD,MAIL,equests. slyly unusual packages haggle 
33569-4,33569,1093,94,4,50.00,49704.50,0.10,0.00,A,F,1994-09-19,1994-10-20,1994-10-08,NONE,REG AIR,above the slyly silent accounts. f
33570-1,33570,646,40,1,12.00,18559.68,0.08,0.05,R,F,1992-12-30,1993-03-15,1993-01-17,DELIVER IN PERSON,REG AIR,ests doze among the even theodolite
33570-2,33570,1012,13,2,16.00,14608.16,0.01,0.01,R,F,1993-03-06,1993-03-17,1993-03-31,NONE,MAIL,y even pack
33570-3,33570,74,100,3,15.00,14611.05,0.06,0.05,A,F,1993-01-12,1993-03-03,1993-01-24,TAKE BACK RETURN,SHIP,e carefully express asy
33570-4,33570,454,42,4,22.00,29797.90,0.04,0.05,R,F,1993-03-14,1993-02-17,1993-04-12,NONE,RAIL,counts. car
33570-5,33570,164,43,5,39.00,41502.24,0.04,0.07,R,F,1993-04-11,1993-02-09,1993-05-07,TAKE BACK RETURN,TRUCK,ly blithely silent requests; final requ
33570-6,33570,762,59,6,47.00,78149.72,0.09,0.01,R,F,1993-01-16,1993-01-22,1993-02-12,COLLECT COD,SHIP,ccounts use
33570-7,33570,1159,60,7,2.00,2120.30,0.05,0.07,R,F,1993-03-25,1993-02-25,1993-03-27,TAKE BACK RETURN,RAIL,wake across the blithely final 
33571-1,33571,61,37,1,18.00,17299.08,0.04,0.07,N,O,1995-11-20,1996-01-04,1995-12-15,NONE,MAIL,ial deposits. regularly u
33572-1,33572,1376,77,1,12.00,15328.44,0.01,0.06,R,F,1992-10-09,1992-08-23,1992-11-06,TAKE BACK RETURN,SHIP,idle requests. deposits
33572-2,33572,1253,91,2,39.00,45015.75,0.04,0.05,A,F,1992-07-07,1992-08-28,1992-07-20,COLLECT COD,AIR,"ckly express dugouts. unusual, regular"
33572-3,33572,792,89,3,21.00,35548.59,0.05,0.07,R,F,1992-07-27,1992-08-04,1992-08-06,COLLECT COD,REG AIR,ously across the regular deposits
33572-4,33572,476,6,4,38.00,52305.86,0.09,0.02,R,F,1992-08-19,1992-09-10,1992-08-30,TAKE BACK RETURN,RAIL,ickly express a
33572-5,33572,1040,76,5,29.00,27290.16,0.00,0.01,A,F,1992-10-30,1992-08-21,1992-11-29,COLLECT COD,TRUCK,"maintain against the packages. ironic, re"
33572-6,33572,1251,63,6,20.00,23045.00,0.07,0.00,R,F,1992-08-12,1992-09-12,1992-08-27,COLLECT COD,AIR,ly daringly final platelets. slyly iron
33572-7,33572,1312,27,7,23.00,27906.13,0.09,0.07,R,F,1992-08-01,1992-09-23,1992-08-25,TAKE BACK RETURN,RAIL,g theodolites.
33573-1,33573,532,63,1,26.00,37245.78,0.01,0.04,A,F,1993-12-07,1993-11-21,1993-12-09,COLLECT COD,REG AIR,ully pending packages. special ideas
33573-2,33573,1600,81,2,11.00,16517.60,0.02,0.08,A,F,1993-10-09,1993-12-22,1993-10-15,DELIVER IN PERSON,FOB, pending requests against the regular inst
33573-3,33573,461,20,3,41.00,55819.86,0.07,0.01,R,F,1993-12-09,1993-11-11,1993-12-19,TAKE BACK RETURN,SHIP, quietly even packages cajole 
33573-4,33573,1633,16,4,18.00,27623.34,0.08,0.00,R,F,1993-12-20,1993-12-05,1994-01-06,TAKE BACK RETURN,FOB,e final accounts. bli
33573-5,33573,505,66,5,29.00,40759.50,0.00,0.08,R,F,1993-10-23,1994-01-02,1993-10-29,COLLECT COD,SHIP,y pending deposits doubt blithely
33574-1,33574,1489,90,1,1.00,1390.48,0.05,0.08,N,O,1996-11-22,1996-10-26,1996-12-16,TAKE BACK RETURN,REG AIR,ic requests cajole furiously
33574-2,33574,1002,73,2,49.00,44247.00,0.05,0.07,N,O,1996-10-19,1996-11-10,1996-11-16,TAKE BACK RETURN,REG AIR,y regular theodolites.
33574-3,33574,1928,61,3,26.00,47577.92,0.07,0.07,N,O,1996-11-02,1996-10-11,1996-11-28,TAKE BACK RETURN,FOB, was. furiousl
33574-4,33574,189,68,4,29.00,31586.22,0.05,0.02,N,O,1996-11-16,1996-09-22,1996-12-01,DELIVER IN PERSON,TRUCK,ringly pending deposits sleep according
33574-5,33574,924,25,5,33.00,60222.36,0.00,0.08,N,O,1996-12-17,1996-09-25,1997-01-01,TAKE BACK RETURN,TRUCK,ccounts sleep after the ironic packages. fi
33575-1,33575,339,24,1,43.00,53291.19,0.04,0.07,R,F,1993-08-13,1993-08-04,1993-08-22,DELIVER IN PERSON,AIR,"y final deposits. regular, even "
33600-1,33600,1532,53,1,42.00,60208.26,0.05,0.03,A,F,1994-01-19,1993-12-28,1994-02-11,DELIVER IN PERSON,REG AIR,ounts sleep against the slyly sly pla
33600-2,33600,272,100,2,32.00,37512.64,0.05,0.08,R,F,1993-12-27,1993-12-16,1994-01-05,TAKE BACK RETURN,AIR,s use express reque
33601-1,33601,932,1,1,12.00,21995.16,0.01,0.01,N,O,1996-02-18,1996-02-29,1996-03-10,NONE,TRUCK, even pack
33601-2,33601,1395,96,2,5.00,6481.95,0.07,0.05,N,O,1996-01-24,1996-03-04,1996-01-31,NONE,RAIL,nic theodolites
33601-3,33601,1239,77,3,45.00,51310.35,0.08,0.08,N,O,1996-01-23,1996-03-15,1996-02-06,DELIVER IN PERSON,RAIL,iously regular a
33602-1,33602,217,99,1,2.00,2234.42,0.03,0.02,N,O,1998-09-30,1998-08-10,1998-10-29,TAKE BACK RETURN,SHIP,ic packages are across the never 
33602-2,33602,1868,12,2,44.00,77873.84,0.05,0.05,N,O,1998-07-09,1998-09-03,1998-08-05,NONE,SHIP,as. furiously regular accounts a
33603-1,33603,1297,98,1,29.00,34750.41,0.09,0.03,R,F,1992-04-16,1992-04-14,1992-05-14,DELIVER IN PERSON,REG AIR,al requests integrate blit
33603-2,33603,424,83,2,4.00,5297.68,0.05,0.00,A,F,1992-05-24,1992-04-26,1992-06-01,NONE,RAIL,s; fluffily idle ideas 
33604-1,33604,228,10,1,40.00,45128.80,0.06,0.00,N,O,1995-12-13,1995-10-28,1995-12-23,DELIVER IN PERSON,MAIL,resias. ironic somas after the careful
33604-2,33604,430,31,2,24.00,31930.32,0.03,0.03,N,O,1995-09-02,1995-11-07,1995-09-08,DELIVER IN PERSON,SHIP,bold deposits ar
33604-3,33604,1469,70,3,12.00,16445.52,0.09,0.08,N,O,1995-12-02,1995-10-17,1995-12-31,COLLECT COD,FOB,p about the q
33605-1,33605,1955,100,1,22.00,40852.90,0.09,0.03,R,F,1992-06-03,1992-05-23,1992-07-01,NONE,TRUCK,ructions. slyly even ideas
33605-2,33605,121,48,2,19.00,19401.28,0.05,0.08,R,F,1992-06-10,1992-06-16,1992-06-11,COLLECT COD,MAIL,above the blithely ironic p
33605-3,33605,1049,85,3,3.00,2850.12,0.09,0.00,A,F,1992-07-30,1992-05-08,1992-08-28,COLLECT COD,REG AIR,ending instructions do use
33605-4,33605,1356,71,4,26.00,32691.10,0.09,0.02,A,F,1992-04-25,1992-06-21,1992-05-09,NONE,RAIL,even tithes use slowly along the b
33605-5,33605,174,75,5,18.00,19335.06,0.08,0.06,A,F,1992-07-08,1992-06-24,1992-08-02,COLLECT COD,AIR,"lar pinto beans. regular, unusual deposi"
33605-6,33605,1211,12,6,10.00,11122.10,0.00,0.04,R,F,1992-04-15,1992-05-04,1992-04-21,DELIVER IN PERSON,SHIP,unts cajole caref
33606-1,33606,1213,14,1,27.00,30083.67,0.04,0.06,R,F,1992-03-21,1992-04-13,1992-03-24,TAKE BACK RETURN,AIR,ake blithely. furiousl
33607-1,33607,1226,64,1,26.00,29307.72,0.09,0.01,N,O,1996-03-28,1996-05-04,1996-04-25,NONE,SHIP,platelets. regular
33607-2,33607,1466,84,2,21.00,28716.66,0.03,0.04,N,O,1996-06-19,1996-06-14,1996-07-07,DELIVER IN PERSON,RAIL,re. carefully special asymptotes a
33607-3,33607,302,31,3,6.00,7213.80,0.00,0.02,N,O,1996-04-21,1996-05-19,1996-05-18,COLLECT COD,REG AIR,tegrate. furiously pending accounts sle
33607-4,33607,348,33,4,20.00,24966.80,0.09,0.02,N,O,1996-04-03,1996-04-27,1996-04-16,NONE,RAIL, blithely ironic foxes above the 
33607-5,33607,1326,65,5,8.00,9818.56,0.08,0.01,N,O,1996-04-21,1996-06-13,1996-05-12,NONE,FOB, haggle among the unusual theodolites. qui
33607-6,33607,1745,30,6,38.00,62576.12,0.00,0.04,N,O,1996-06-14,1996-06-18,1996-07-02,TAKE BACK RETURN,TRUCK,quests boos
33632-1,33632,1468,69,1,50.00,68473.00,0.00,0.08,R,F,1993-05-09,1993-04-28,1993-05-11,NONE,FOB,sits across the ironic accounts cajo
33633-1,33633,291,46,1,7.00,8339.03,0.00,0.03,N,O,1996-09-25,1996-10-25,1996-10-18,NONE,FOB, carefully bold deposits. foxes haggle qu
33633-2,33633,15,41,2,43.00,39345.43,0.02,0.07,N,O,1996-09-06,1996-11-07,1996-09-21,NONE,SHIP,ackages integrate. furiously 
33633-3,33633,1979,24,3,6.00,11285.82,0.02,0.03,N,O,1996-11-01,1996-10-30,1996-11-03,TAKE BACK RETURN,RAIL,". ironic, bold accounts "
33633-4,33633,1040,76,4,10.00,9410.40,0.01,0.00,N,O,1996-10-11,1996-10-02,1996-10-16,DELIVER IN PERSON,AIR,riously abo
33633-5,33633,1046,52,5,45.00,42616.80,0.05,0.04,N,O,1996-12-08,1996-10-25,1997-01-07,COLLECT COD,AIR,ding accounts. ironic deposits agai
33633-6,33633,397,54,6,14.00,18163.46,0.04,0.04,N,O,1996-10-21,1996-11-10,1996-11-01,NONE,TRUCK,gifts cajole slyly express theod
33633-7,33633,1236,37,7,25.00,28430.75,0.07,0.04,N,O,1996-12-17,1996-11-18,1997-01-04,DELIVER IN PERSON,FOB,iously spec
33634-1,33634,1098,69,1,8.00,7992.72,0.08,0.03,A,F,1993-12-05,1993-10-15,1993-12-23,NONE,TRUCK, whithout the furiously regular de
33635-1,33635,1640,82,1,39.00,60123.96,0.05,0.01,A,F,1994-08-17,1994-09-01,1994-08-23,COLLECT COD,MAIL,lly final packages. dogged pinto b
33635-2,33635,1500,79,2,45.00,63067.50,0.09,0.08,R,F,1994-08-15,1994-09-05,1994-09-04,DELIVER IN PERSON,TRUCK,o the blithely bold requests. blithely iron
33635-3,33635,372,73,3,29.00,36898.73,0.03,0.01,R,F,1994-07-22,1994-09-12,1994-07-25,DELIVER IN PERSON,SHIP,"ans are bold, bold requests. foxes"
33635-4,33635,798,63,4,39.00,66252.81,0.00,0.01,A,F,1994-08-17,1994-08-15,1994-08-18,NONE,RAIL,kly final courts are furiously ca
33635-5,33635,532,93,5,36.00,51571.08,0.00,0.08,A,F,1994-10-01,1994-09-01,1994-10-10,COLLECT COD,TRUCK, ironic packages doubt furiously outsid
33635-6,33635,827,61,6,30.00,51834.60,0.03,0.01,A,F,1994-09-13,1994-09-03,1994-09-22,DELIVER IN PERSON,RAIL,lar braids. sly
33635-7,33635,1215,27,7,20.00,22324.20,0.03,0.01,R,F,1994-09-13,1994-08-24,1994-10-04,DELIVER IN PERSON,MAIL,"ven, regular dolphins. bl"
33636-1,33636,1964,53,1,29.00,54112.84,0.10,0.05,N,O,1998-03-10,1998-05-17,1998-03-18,DELIVER IN PERSON,AIR,cuses wake quickly after the caref
33636-2,33636,747,44,2,3.00,4943.22,0.04,0.00,N,O,1998-06-17,1998-03-28,1998-07-03,TAKE BACK RETURN,SHIP,ieve blithely platelets. carefully spec
33636-3,33636,1294,6,3,16.00,19124.64,0.04,0.03,N,O,1998-04-16,1998-04-21,1998-05-10,DELIVER IN PERSON,AIR,y special inst
33636-4,33636,1804,48,4,19.00,32410.20,0.06,0.02,N,O,1998-04-23,1998-04-08,1998-04-30,TAKE BACK RETURN,RAIL,y express deposits. packages dur
33637-1,33637,1264,2,1,49.00,57097.74,0.05,0.00,R,F,1992-12-24,1993-02-15,1993-01-03,DELIVER IN PERSON,TRUCK,toward the slyly ironic platelets. even dep
33637-2,33637,445,75,2,31.00,41708.64,0.03,0.08,A,F,1993-02-11,1993-01-06,1993-02-12,COLLECT COD,TRUCK,"ges. ironic, pending deposit"
33637-3,33637,764,29,3,25.00,41619.00,0.09,0.01,A,F,1993-01-24,1993-01-26,1993-02-09,COLLECT COD,REG AIR,integrate. special deposits
33638-1,33638,284,66,1,20.00,23685.60,0.00,0.00,R,F,1994-02-10,1994-04-15,1994-03-06,TAKE BACK RETURN,REG AIR,requests poach furiously according to
33639-1,33639,95,96,1,42.00,41793.78,0.08,0.08,N,O,1996-01-18,1996-01-18,1996-01-29,COLLECT COD,AIR,"ts. regular, pendin"
33639-2,33639,1842,43,2,14.00,24413.76,0.05,0.03,N,O,1995-12-05,1995-12-24,1995-12-12,NONE,FOB,y ironic instruc
33639-3,33639,1925,70,3,33.00,60288.36,0.08,0.03,N,O,1996-01-24,1996-01-23,1996-02-18,TAKE BACK RETURN,REG AIR,"dle express, sp"
33639-4,33639,281,36,4,1.00,1181.28,0.10,0.07,N,O,1995-12-09,1996-01-14,1996-01-01,TAKE BACK RETURN,AIR,ests wake carefully against the slyly pen
33639-5,33639,1213,25,5,5.00,5571.05,0.08,0.07,N,O,1996-02-24,1996-01-09,1996-03-22,TAKE BACK RETURN,REG AIR,o beans thrash fluffily final packages. r
33639-6,33639,1269,70,6,11.00,12872.86,0.10,0.07,N,O,1995-12-17,1995-12-20,1996-01-02,TAKE BACK RETURN,SHIP,l dinos. final ideas integ
33664-1,33664,530,61,1,15.00,21457.95,0.08,0.02,R,F,1992-11-21,1992-12-16,1992-12-21,COLLECT COD,REG AIR,packages. fin
33665-1,33665,1228,66,1,13.00,14679.86,0.08,0.03,N,F,1995-06-08,1995-07-05,1995-06-21,COLLECT COD,FOB,vely final account
33665-2,33665,1400,39,2,46.00,59864.40,0.01,0.02,N,O,1995-08-02,1995-08-18,1995-08-30,TAKE BACK RETURN,AIR,ven requests integrate b
33665-3,33665,1425,65,3,42.00,55709.64,0.01,0.08,N,O,1995-08-12,1995-07-25,1995-09-11,NONE,RAIL,requests against the accounts w
33665-4,33665,1073,74,4,5.00,4870.35,0.04,0.05,N,O,1995-08-25,1995-07-15,1995-09-24,COLLECT COD,RAIL,uickly ironic pinto beans are blithely 
33666-1,33666,1882,12,1,36.00,64219.68,0.09,0.04,R,F,1992-08-30,1992-09-19,1992-09-25,COLLECT COD,FOB,lent excuses
33666-2,33666,1138,39,2,19.00,19743.47,0.00,0.07,A,F,1992-09-13,1992-09-29,1992-09-29,NONE,SHIP,osits sleep according to the perma
33666-3,33666,781,82,3,20.00,33635.60,0.04,0.03,R,F,1992-10-23,1992-08-23,1992-10-26,TAKE BACK RETURN,RAIL,"y bold, regular notornis! thinly b"
33666-4,33666,1094,95,4,25.00,24877.25,0.05,0.06,R,F,1992-10-20,1992-08-31,1992-10-26,DELIVER IN PERSON,RAIL,ites doubt blithely. ins
33666-5,33666,434,22,5,17.00,22685.31,0.02,0.01,R,F,1992-08-06,1992-09-09,1992-08-21,DELIVER IN PERSON,FOB,"s cajole across the regular, fina"
33667-1,33667,1445,46,1,8.00,10771.52,0.07,0.05,N,O,1997-08-16,1997-11-02,1997-08-21,TAKE BACK RETURN,MAIL,packages hinder carefully pen
33667-2,33667,43,69,2,43.00,40550.72,0.00,0.08,N,O,1997-10-06,1997-09-26,1997-10-30,COLLECT COD,RAIL, the regula
33668-1,33668,1600,81,1,26.00,39041.60,0.05,0.07,N,O,1997-06-12,1997-06-02,1997-06-28,COLLECT COD,SHIP,ly carefully slow packages. slyly regul
33668-2,33668,1521,62,2,6.00,8535.12,0.08,0.08,N,O,1997-08-24,1997-06-07,1997-08-30,NONE,AIR,ularly even deposits wake across the even r
33668-3,33668,1216,91,3,2.00,2234.42,0.04,0.08,N,O,1997-06-08,1997-07-19,1997-06-23,DELIVER IN PERSON,FOB,usly. furiously bold reques
33669-1,33669,1477,95,1,47.00,64788.09,0.08,0.07,N,O,1997-03-10,1997-02-01,1997-04-09,DELIVER IN PERSON,AIR,"quests. regular, pendin"
33669-2,33669,227,55,2,47.00,52979.34,0.07,0.02,N,O,1996-12-21,1996-12-27,1997-01-03,TAKE BACK RETURN,TRUCK,requests p
33669-3,33669,963,64,3,39.00,72694.44,0.10,0.08,N,O,1996-12-07,1997-01-05,1996-12-21,COLLECT COD,FOB,ending asymptotes. blithely eve
33669-4,33669,685,86,4,31.00,49156.08,0.04,0.06,N,O,1996-12-29,1997-02-06,1997-01-20,DELIVER IN PERSON,TRUCK,ag carefully dogged
33670-1,33670,1216,17,1,38.00,42453.98,0.02,0.02,R,F,1992-07-15,1992-06-17,1992-08-11,NONE,SHIP,fter the blithely regular requests ar
33670-2,33670,1632,74,2,18.00,27605.34,0.10,0.07,R,F,1992-07-23,1992-06-03,1992-08-05,DELIVER IN PERSON,REG AIR,le blithely: slyly regu
33670-3,33670,626,20,3,47.00,71751.14,0.00,0.01,R,F,1992-05-27,1992-06-17,1992-06-20,NONE,MAIL,"ages. ironic, ex"
33670-4,33670,1422,23,4,17.00,22498.14,0.01,0.08,R,F,1992-08-19,1992-06-13,1992-08-28,NONE,REG AIR,even packages. express 
33670-5,33670,48,99,5,41.00,38869.64,0.10,0.02,R,F,1992-08-10,1992-06-28,1992-09-02,COLLECT COD,SHIP,"y. bold, final pinto beans after the quick"
33671-1,33671,1252,64,1,32.00,36904.00,0.06,0.08,N,O,1996-07-04,1996-08-04,1996-07-27,COLLECT COD,TRUCK,s. even courts cajole furiously s
33671-2,33671,1222,23,2,17.00,19094.74,0.05,0.05,N,O,1996-06-30,1996-07-18,1996-07-11,TAKE BACK RETURN,RAIL, unusual p
33671-3,33671,1013,19,3,3.00,2742.03,0.08,0.02,N,O,1996-07-17,1996-08-31,1996-08-11,COLLECT COD,REG AIR,y carefully reg
33671-4,33671,233,61,4,10.00,11332.30,0.04,0.07,N,O,1996-07-05,1996-08-04,1996-08-04,NONE,MAIL,eodolites. i
33696-1,33696,642,43,1,47.00,72504.08,0.03,0.01,A,F,1994-05-23,1994-06-10,1994-06-14,NONE,SHIP,y regular deposi
33696-2,33696,848,49,2,7.00,12241.88,0.04,0.03,A,F,1994-05-09,1994-06-30,1994-06-07,DELIVER IN PERSON,REG AIR,according to the regular accounts nag 
33696-3,33696,180,33,3,4.00,4320.72,0.07,0.05,R,F,1994-08-11,1994-06-22,1994-09-03,COLLECT COD,SHIP,ffily bold theo
33696-4,33696,1591,92,4,18.00,26866.62,0.07,0.08,R,F,1994-06-25,1994-07-10,1994-06-30,COLLECT COD,FOB,ts. furiously quick ideas are blithely
33696-5,33696,434,22,5,24.00,32026.32,0.09,0.00,R,F,1994-07-21,1994-08-06,1994-08-14,COLLECT COD,AIR,ges haggle carefully. quickly bold pack
33697-1,33697,576,37,1,41.00,60539.37,0.01,0.07,N,O,1998-07-07,1998-09-08,1998-07-31,NONE,FOB,"ar deposits. bold, regular "
33698-1,33698,755,88,1,29.00,48016.75,0.03,0.00,N,O,1995-08-13,1995-07-09,1995-09-12,DELIVER IN PERSON,REG AIR, always even packages-- blithely unusua
33699-1,33699,632,26,1,24.00,36783.12,0.10,0.02,A,F,1994-09-06,1994-09-25,1994-09-07,DELIVER IN PERSON,FOB, blithely ironic asymptotes nag a
33699-2,33699,12,38,2,24.00,21888.24,0.01,0.04,R,F,1994-10-22,1994-10-15,1994-11-06,COLLECT COD,FOB,lar requests. carefully bold ideas sl
33699-3,33699,415,16,3,45.00,59193.45,0.05,0.03,A,F,1994-10-15,1994-09-24,1994-11-14,NONE,AIR,heodolites a
33699-4,33699,617,49,4,2.00,3035.22,0.09,0.04,R,F,1994-11-10,1994-08-26,1994-12-03,TAKE BACK RETURN,FOB,ies. furiously ironic dependencies wake sly
33699-5,33699,742,39,5,11.00,18070.14,0.08,0.07,A,F,1994-08-01,1994-09-10,1994-08-09,DELIVER IN PERSON,TRUCK,tions impress realms. blithely unusu
33700-1,33700,521,82,1,22.00,31273.44,0.01,0.02,A,F,1995-05-16,1995-05-17,1995-05-21,TAKE BACK RETURN,RAIL,accounts according to the regular depo
33700-2,33700,747,44,2,5.00,8238.70,0.10,0.00,N,O,1995-07-12,1995-05-17,1995-07-26,DELIVER IN PERSON,REG AIR,"ress, final "
33700-3,33700,286,68,3,48.00,56941.44,0.03,0.08,N,O,1995-07-15,1995-05-31,1995-07-26,COLLECT COD,MAIL,sly slyly fina
33701-1,33701,192,71,1,1.00,1092.19,0.01,0.07,A,F,1995-01-02,1994-12-26,1995-01-03,NONE,SHIP,es: furiously regular deposits ar
33701-2,33701,1383,84,2,46.00,59081.48,0.02,0.03,A,F,1995-01-26,1994-12-30,1995-02-09,NONE,RAIL,s according to the accounts hang slyly fluf
33701-3,33701,1835,79,3,7.00,12157.81,0.00,0.01,R,F,1994-11-29,1994-12-27,1994-12-14,NONE,TRUCK,ecoys sleep above the furiously
33701-4,33701,147,74,4,42.00,43979.88,0.02,0.00,A,F,1994-10-24,1994-11-30,1994-11-13,TAKE BACK RETURN,RAIL,final foxes according to the blith
33701-5,33701,1797,98,5,25.00,42469.75,0.09,0.06,R,F,1994-11-06,1994-11-20,1994-11-26,TAKE BACK RETURN,SHIP,e blithely regular 
33702-1,33702,1221,22,1,3.00,3366.66,0.10,0.02,A,F,1992-10-22,1992-10-12,1992-10-23,TAKE BACK RETURN,TRUCK,ites. ironic instructio
33702-2,33702,82,58,2,33.00,32408.64,0.05,0.05,R,F,1992-09-15,1992-11-08,1992-09-30,NONE,AIR,riously regular de
33702-3,33702,707,72,3,14.00,22507.80,0.04,0.07,R,F,1992-12-18,1992-10-13,1993-01-09,TAKE BACK RETURN,REG AIR,ay furiously? carefully regular packages
33702-4,33702,1718,3,4,46.00,74506.66,0.02,0.07,R,F,1992-10-14,1992-10-28,1992-10-19,COLLECT COD,FOB, close deposits. special deposit
33702-5,33702,1801,45,5,7.00,11919.60,0.09,0.01,A,F,1992-09-27,1992-11-08,1992-09-30,TAKE BACK RETURN,AIR,nal pinto beans integrate along the e
33702-6,33702,1574,15,6,47.00,69351.79,0.00,0.03,R,F,1992-12-03,1992-11-21,1992-12-22,COLLECT COD,FOB,"nal, regular request"
33702-7,33702,1441,42,7,19.00,25506.36,0.01,0.08,A,F,1992-12-10,1992-11-16,1992-12-16,NONE,REG AIR,ealms integra
33703-1,33703,748,13,1,6.00,9892.44,0.00,0.07,A,F,1993-03-29,1993-04-01,1993-04-19,COLLECT COD,FOB,sits. instructi
33703-2,33703,1096,67,2,27.00,26921.43,0.09,0.07,R,F,1993-04-11,1993-03-12,1993-04-22,DELIVER IN PERSON,SHIP,nwind furiousl
33703-3,33703,1032,38,3,35.00,32656.05,0.03,0.05,R,F,1993-02-27,1993-04-09,1993-03-18,COLLECT COD,MAIL,ly express
33703-4,33703,1143,44,4,16.00,16706.24,0.08,0.06,A,F,1993-05-28,1993-04-20,1993-06-21,NONE,FOB,e blithe requests. thinly even idea
33703-5,33703,827,28,5,10.00,17278.20,0.00,0.06,A,F,1993-05-27,1993-03-25,1993-06-26,COLLECT COD,MAIL,arefully. qui
33703-6,33703,358,59,6,11.00,13841.85,0.03,0.06,A,F,1993-06-01,1993-04-19,1993-06-26,NONE,SHIP,"of the final, silent packages ru"
33728-1,33728,1416,56,1,32.00,42157.12,0.00,0.04,N,O,1996-10-02,1996-10-26,1996-10-17,COLLECT COD,REG AIR,y express packages. slyly final pinto beans
33729-1,33729,1993,26,1,7.00,13264.93,0.10,0.07,A,F,1993-01-19,1992-10-23,1993-02-06,TAKE BACK RETURN,TRUCK,ndencies are among the special ideas. flu
33729-2,33729,1870,57,2,47.00,83277.89,0.04,0.03,A,F,1992-10-29,1992-11-29,1992-11-17,DELIVER IN PERSON,SHIP,the dependencies. slyly iron
33729-3,33729,344,29,3,39.00,48529.26,0.03,0.01,A,F,1992-11-13,1992-11-10,1992-12-03,DELIVER IN PERSON,FOB,he ironic r
33729-4,33729,1257,32,4,15.00,17373.75,0.01,0.06,R,F,1992-10-31,1992-10-24,1992-11-20,DELIVER IN PERSON,AIR, carefully ironic pinto beans. 
33729-5,33729,1098,4,5,28.00,27974.52,0.05,0.07,A,F,1992-12-19,1992-12-13,1993-01-01,COLLECT COD,AIR,its sleep carefully according to the reg
33730-1,33730,1165,2,1,32.00,34117.12,0.08,0.04,N,O,1997-12-05,1997-11-23,1997-12-08,TAKE BACK RETURN,MAIL,g the special acc
33731-1,33731,1040,46,1,12.00,11292.48,0.03,0.00,A,F,1992-11-17,1992-11-30,1992-12-07,TAKE BACK RETURN,MAIL,ccording to the slyly final i
33731-2,33731,1368,69,2,46.00,58390.56,0.10,0.04,A,F,1993-01-04,1992-11-23,1993-01-26,NONE,MAIL,egular acc
33731-3,33731,474,62,3,29.00,39859.63,0.03,0.07,A,F,1993-01-04,1992-12-08,1993-01-18,NONE,FOB,inst the packages w
33731-4,33731,1043,79,4,7.00,6608.28,0.08,0.07,R,F,1992-11-07,1992-11-18,1992-11-28,COLLECT COD,RAIL,sometimes express ideas cajole furiously 
33731-5,33731,1543,44,5,26.00,37558.04,0.05,0.05,R,F,1992-10-31,1992-11-17,1992-11-23,DELIVER IN PERSON,TRUCK,de of the furiously regular fox
33731-6,33731,1734,35,6,43.00,70336.39,0.00,0.08,R,F,1992-11-08,1992-12-31,1992-11-10,NONE,AIR,posits engage 
33732-1,33732,1175,48,1,31.00,33361.27,0.08,0.08,R,F,1994-12-12,1994-11-08,1994-12-26,COLLECT COD,RAIL, final accounts. bold dep
33732-2,33732,474,4,2,38.00,52229.86,0.05,0.03,R,F,1994-09-01,1994-11-15,1994-09-30,NONE,RAIL,slyly after the packages
33733-1,33733,361,46,1,37.00,46670.32,0.09,0.05,A,F,1993-08-25,1993-10-06,1993-09-19,NONE,RAIL,nt theodolite
33734-1,33734,1165,38,1,18.00,19190.88,0.09,0.06,N,O,1996-01-01,1996-01-07,1996-01-13,DELIVER IN PERSON,AIR,detect unusual accounts; final accounts w
33734-2,33734,1742,43,2,17.00,27943.58,0.07,0.05,N,O,1995-12-14,1995-11-30,1996-01-09,NONE,SHIP,ts about the fur
33734-3,33734,1639,81,3,15.00,23109.45,0.08,0.03,N,O,1996-02-05,1995-12-01,1996-02-23,DELIVER IN PERSON,RAIL,nts breach according to the bold the
33734-4,33734,649,81,4,45.00,69733.80,0.02,0.05,N,O,1996-02-12,1995-12-26,1996-03-04,COLLECT COD,MAIL,ly regular instructions doze. blithe de
33734-5,33734,1904,49,5,18.00,32506.20,0.04,0.03,N,O,1995-10-28,1995-11-19,1995-11-13,TAKE BACK RETURN,FOB,"ven deposits-- regular, final package"
33734-6,33734,1622,46,6,2.00,3047.24,0.07,0.06,N,O,1995-11-11,1996-01-06,1995-12-08,DELIVER IN PERSON,RAIL,the slyly idle req
33734-7,33734,1791,92,7,23.00,38934.17,0.07,0.00,N,O,1996-01-11,1996-01-12,1996-01-17,NONE,MAIL, special instructions wake furious in
33735-1,33735,1377,54,1,20.00,25567.40,0.07,0.02,N,O,1996-09-30,1996-09-17,1996-10-16,TAKE BACK RETURN,SHIP,d pinto beans cajole
33735-2,33735,1876,6,2,21.00,37335.27,0.02,0.01,N,O,1996-08-15,1996-09-24,1996-08-31,NONE,FOB,inal requests are caref
33735-3,33735,581,72,3,46.00,68152.68,0.07,0.08,N,O,1996-08-05,1996-10-03,1996-08-10,COLLECT COD,FOB,beans. bold requests cajole permanent
33735-4,33735,490,49,4,28.00,38933.72,0.10,0.06,N,O,1996-08-31,1996-10-02,1996-09-20,COLLECT COD,REG AIR,even requests thrash furiou
33760-1,33760,1697,80,1,32.00,51158.08,0.06,0.01,R,F,1992-08-10,1992-09-24,1992-09-01,COLLECT COD,RAIL, nod furiously accordi
33761-1,33761,1477,56,1,38.00,52381.86,0.09,0.05,A,F,1992-09-30,1992-10-20,1992-10-23,NONE,FOB, mold dogg
33761-2,33761,1697,80,2,45.00,71941.05,0.08,0.00,A,F,1992-09-03,1992-09-06,1992-09-11,TAKE BACK RETURN,RAIL,egular instruction
33761-3,33761,1129,2,3,23.00,23692.76,0.10,0.02,A,F,1992-12-01,1992-10-10,1992-12-26,TAKE BACK RETURN,REG AIR,ding to the regular
33761-4,33761,661,62,4,27.00,42164.82,0.01,0.07,A,F,1992-09-19,1992-10-16,1992-09-28,NONE,TRUCK,s the quietly iro
33761-5,33761,1610,93,5,38.00,57441.18,0.04,0.00,A,F,1992-11-10,1992-09-27,1992-11-23,TAKE BACK RETURN,SHIP,ously even instructions. f
33761-6,33761,1736,21,6,3.00,4913.19,0.09,0.00,R,F,1992-08-07,1992-09-06,1992-08-27,COLLECT COD,SHIP,ve the slyly unusual warthogs are f
33761-7,33761,1074,80,7,48.00,46803.36,0.03,0.03,A,F,1992-11-18,1992-09-14,1992-11-22,DELIVER IN PERSON,REG AIR, final foxes sleep q
33762-1,33762,354,39,1,20.00,25087.00,0.10,0.07,N,O,1996-01-22,1996-04-07,1996-02-18,NONE,AIR,s according to
33762-2,33762,107,34,2,16.00,16113.60,0.05,0.06,N,O,1996-04-25,1996-03-15,1996-05-08,COLLECT COD,TRUCK,usly regular orbits. slyly even in
33762-3,33762,297,98,3,34.00,40707.86,0.00,0.00,N,O,1996-02-26,1996-03-18,1996-03-26,NONE,TRUCK,nts according to the fluffily final 
33762-4,33762,1036,7,4,41.00,38418.23,0.10,0.02,N,O,1996-02-19,1996-03-04,1996-03-03,DELIVER IN PERSON,TRUCK,"in requests. silent, final theodolites "
33762-5,33762,1916,17,5,8.00,14543.28,0.07,0.06,N,O,1996-05-02,1996-02-22,1996-05-21,NONE,REG AIR,after the un
33763-1,33763,1174,47,1,23.00,24728.91,0.06,0.02,R,F,1993-09-25,1993-12-17,1993-10-12,NONE,RAIL,after the furiousl
33764-1,33764,1828,29,1,46.00,79571.72,0.00,0.03,R,F,1995-04-07,1995-05-08,1995-04-12,TAKE BACK RETURN,RAIL,inst the slyly unusual deposits are blithe
33764-2,33764,1732,17,2,26.00,42476.98,0.06,0.00,A,F,1995-04-03,1995-04-03,1995-05-01,COLLECT COD,MAIL,ing account
33764-3,33764,48,74,3,36.00,34129.44,0.08,0.02,A,F,1995-05-06,1995-04-15,1995-05-13,COLLECT COD,TRUCK,y bold requests. bl
33764-4,33764,1861,62,4,48.00,84617.28,0.01,0.07,A,F,1995-02-21,1995-04-20,1995-03-09,DELIVER IN PERSON,MAIL,"lace of the blithe, u"
33764-5,33764,884,84,5,4.00,7139.52,0.09,0.05,R,F,1995-03-04,1995-05-07,1995-03-07,DELIVER IN PERSON,SHIP,c accounts th
33764-6,33764,1052,58,6,11.00,10483.55,0.10,0.06,R,F,1995-04-03,1995-04-16,1995-04-14,TAKE BACK RETURN,AIR,unts. quickly re
33765-1,33765,1618,19,1,43.00,65343.23,0.01,0.07,N,O,1997-05-25,1997-07-19,1997-06-12,DELIVER IN PERSON,REG AIR,hely unusual accounts wake fu
33765-2,33765,1989,22,2,28.00,52947.44,0.09,0.03,N,O,1997-07-05,1997-07-07,1997-07-21,COLLECT COD,TRUCK,iously fox
33765-3,33765,1560,81,3,1.00,1461.56,0.03,0.06,N,O,1997-05-21,1997-06-23,1997-06-04,TAKE BACK RETURN,RAIL,uriously regular deposits. furiously spe
33765-4,33765,1423,63,4,48.00,63572.16,0.05,0.00,N,O,1997-06-01,1997-06-20,1997-06-14,DELIVER IN PERSON,TRUCK,riously blithely bold requests. iro
33766-1,33766,1994,27,1,40.00,75839.60,0.01,0.05,N,O,1998-10-06,1998-08-01,1998-10-21,DELIVER IN PERSON,MAIL,al asymptot
33766-2,33766,1411,51,2,25.00,32810.25,0.02,0.06,N,O,1998-10-12,1998-08-17,1998-11-01,DELIVER IN PERSON,FOB, the quickly regular packages. express cou
33767-1,33767,1860,47,1,25.00,44046.50,0.07,0.03,R,F,1994-07-12,1994-07-05,1994-08-04,DELIVER IN PERSON,FOB,nag furiously bol
33792-1,33792,532,63,1,29.00,41543.37,0.00,0.02,N,O,1997-05-04,1997-06-01,1997-05-24,TAKE BACK RETURN,REG AIR,nusual requests. ironic accounts against
33792-2,33792,1241,16,2,5.00,5711.20,0.04,0.07,N,O,1997-04-15,1997-06-21,1997-05-14,NONE,TRUCK,s are fluffily ab
33792-3,33792,1349,64,3,16.00,20005.44,0.10,0.06,N,O,1997-05-25,1997-06-08,1997-06-10,NONE,REG AIR,ual waters. furiously regular packa
33792-4,33792,1040,46,4,5.00,4705.20,0.06,0.08,N,O,1997-05-26,1997-06-17,1997-06-09,TAKE BACK RETURN,SHIP,ts sleep. regular id
33792-5,33792,58,59,5,2.00,1916.10,0.09,0.06,N,O,1997-05-29,1997-05-15,1997-06-03,TAKE BACK RETURN,SHIP, final requests cajole. accounts among
33792-6,33792,795,60,6,4.00,6783.16,0.07,0.00,N,O,1997-06-11,1997-05-14,1997-07-06,TAKE BACK RETURN,REG AIR,final ideas sleep slyly by the iro
33793-1,33793,1741,42,1,5.00,8213.70,0.05,0.05,R,F,1992-08-20,1992-09-07,1992-08-24,TAKE BACK RETURN,MAIL,usly unusual deposits. bli
33793-2,33793,193,72,2,13.00,14211.47,0.09,0.00,R,F,1992-10-13,1992-08-17,1992-11-11,TAKE BACK RETURN,SHIP,l boost. blithely reg
33793-3,33793,1319,58,3,42.00,51253.02,0.00,0.08,R,F,1992-08-08,1992-09-09,1992-08-24,NONE,AIR,ss packages cajole quickly. sl
33793-4,33793,1564,5,4,6.00,8793.36,0.01,0.02,A,F,1992-09-19,1992-08-06,1992-10-13,NONE,AIR,"egular, final packages nag. slyly e"
33793-5,33793,1218,93,5,36.00,40291.56,0.09,0.01,R,F,1992-09-05,1992-08-06,1992-10-04,COLLECT COD,FOB,ges about the eve
33794-1,33794,654,48,1,23.00,35756.95,0.06,0.04,A,F,1995-05-13,1995-03-29,1995-05-15,TAKE BACK RETURN,SHIP,ut the excuses. 
33794-2,33794,144,23,2,14.00,14617.96,0.00,0.08,N,F,1995-06-12,1995-04-15,1995-06-25,COLLECT COD,SHIP,ously silent ideas use even deposit
33794-3,33794,703,68,3,48.00,76977.60,0.08,0.05,A,F,1995-03-01,1995-04-16,1995-03-08,DELIVER IN PERSON,REG AIR,"al pains cajole permanently final, ironic d"
33794-4,33794,619,51,4,47.00,71421.67,0.01,0.06,A,F,1995-02-27,1995-05-14,1995-03-26,COLLECT COD,AIR,timents cajole carefully carefull
33794-5,33794,1126,35,5,20.00,20542.40,0.05,0.04,R,F,1995-05-21,1995-05-02,1995-06-16,COLLECT COD,MAIL,y pending asymptot
33794-6,33794,1541,42,6,2.00,2885.08,0.10,0.06,A,F,1995-03-29,1995-04-30,1995-04-24,COLLECT COD,SHIP,ly final pack
33794-7,33794,569,100,7,32.00,47025.92,0.01,0.07,A,F,1995-04-26,1995-04-05,1995-05-02,NONE,REG AIR,pecial accou
33795-1,33795,1120,93,1,22.00,22464.64,0.02,0.01,N,O,1996-10-20,1996-10-29,1996-11-04,TAKE BACK RETURN,REG AIR,tealthily express r
33795-2,33795,755,52,2,4.00,6623.00,0.06,0.02,N,O,1996-11-06,1996-11-23,1996-11-23,NONE,RAIL,s are busily about the quickly expres
33795-3,33795,1735,20,3,45.00,73652.85,0.05,0.02,N,O,1996-12-09,1996-11-17,1996-12-23,DELIVER IN PERSON,RAIL,se. ruthlessly unusual asym
33795-4,33795,1193,30,4,6.00,6565.14,0.08,0.01,N,O,1996-12-27,1996-11-05,1997-01-24,NONE,SHIP,ag after the final packages
33795-5,33795,736,69,5,39.00,63832.47,0.05,0.02,N,O,1996-09-22,1996-11-19,1996-10-06,TAKE BACK RETURN,FOB,ts. blithely even decoys should affix
33795-6,33795,560,91,6,44.00,64264.64,0.00,0.04,N,O,1997-01-08,1996-10-19,1997-01-15,NONE,MAIL,ly even courts are dari
33795-7,33795,36,87,7,21.00,19656.63,0.10,0.06,N,O,1996-11-10,1996-10-23,1996-12-07,DELIVER IN PERSON,MAIL,"even, ironic accounts. carefully ironic "
33796-1,33796,284,12,1,36.00,42634.08,0.01,0.08,N,O,1997-12-12,1997-10-17,1997-12-21,TAKE BACK RETURN,FOB,lly silent deposits are among the fluffily 
33796-2,33796,1169,78,2,7.00,7491.12,0.08,0.04,N,O,1997-10-16,1997-11-06,1997-10-20,COLLECT COD,FOB,final packa
33796-3,33796,431,19,3,37.00,49262.91,0.08,0.00,N,O,1997-08-30,1997-10-17,1997-09-25,COLLECT COD,TRUCK,h against the ironic instructions
33796-4,33796,932,33,4,15.00,27493.95,0.04,0.06,N,O,1997-10-12,1997-10-24,1997-10-21,TAKE BACK RETURN,SHIP,furiously express pin
33796-5,33796,197,24,5,19.00,20846.61,0.02,0.04,N,O,1997-12-07,1997-11-15,1997-12-28,TAKE BACK RETURN,RAIL,o beans. pendi
33796-6,33796,468,56,6,42.00,57475.32,0.09,0.08,N,O,1997-10-14,1997-11-05,1997-11-02,COLLECT COD,TRUCK,ions are blithely agains
33796-7,33796,782,15,7,6.00,10096.68,0.06,0.06,N,O,1997-12-27,1997-10-30,1998-01-01,DELIVER IN PERSON,FOB,kages. silent instructions boost carefully
33797-1,33797,1085,86,1,1.00,986.08,0.01,0.05,R,F,1994-04-06,1994-03-16,1994-04-24,COLLECT COD,MAIL,unusual dolphins beside the slyly bold depo
33797-2,33797,1077,13,2,12.00,11736.84,0.03,0.01,A,F,1994-03-29,1994-03-31,1994-04-05,COLLECT COD,RAIL,refully regular requests sleep fluffily 
33797-3,33797,780,45,3,34.00,57146.52,0.00,0.08,A,F,1994-01-14,1994-02-12,1994-02-10,TAKE BACK RETURN,TRUCK,iously furious 
33797-4,33797,599,30,4,38.00,56984.42,0.10,0.06,R,F,1994-02-15,1994-03-26,1994-02-27,DELIVER IN PERSON,REG AIR,ng the fluffily iro
33797-5,33797,1836,66,5,36.00,62561.88,0.01,0.07,R,F,1994-03-07,1994-02-17,1994-04-01,NONE,SHIP,deposits sleep qui
33797-6,33797,528,29,6,47.00,67140.44,0.09,0.05,A,F,1994-03-08,1994-03-26,1994-03-15,NONE,RAIL,y bold ideas. regular ac
33798-1,33798,1645,87,1,41.00,63412.24,0.05,0.03,N,O,1997-01-12,1997-02-05,1997-01-30,NONE,TRUCK,s. evenly ironic reque
33798-2,33798,882,16,2,12.00,21394.56,0.09,0.05,N,O,1997-01-18,1997-02-13,1997-02-05,COLLECT COD,SHIP,ide of the unusual depo
33798-3,33798,854,88,3,40.00,70194.00,0.06,0.03,N,O,1996-11-25,1997-02-09,1996-11-30,COLLECT COD,REG AIR,ong the requests. quickly regular requ
33798-4,33798,1849,50,4,32.00,56026.88,0.07,0.05,N,O,1997-02-18,1997-01-20,1997-03-11,DELIVER IN PERSON,MAIL,"its. regular, pen"
33798-5,33798,1824,54,5,44.00,75936.08,0.01,0.01,N,O,1996-11-26,1997-01-21,1996-11-27,DELIVER IN PERSON,TRUCK,ent asymptotes sleep quickly after
33798-6,33798,1652,53,6,46.00,71467.90,0.09,0.01,N,O,1997-01-23,1997-02-11,1997-02-05,NONE,FOB,ly unusual accounts. enticingly pending
33799-1,33799,113,92,1,46.00,46603.06,0.07,0.08,N,O,1997-06-01,1997-05-02,1997-06-17,TAKE BACK RETURN,REG AIR,s maintain. dinos dazzle
33799-2,33799,1985,74,2,21.00,39626.58,0.00,0.08,N,O,1997-06-12,1997-04-17,1997-07-10,DELIVER IN PERSON,FOB, accounts haggle quickl
33799-3,33799,1419,98,3,14.00,18485.74,0.09,0.05,N,O,1997-06-11,1997-04-19,1997-06-27,NONE,AIR,y final dep
33824-1,33824,936,5,1,38.00,69803.34,0.10,0.02,R,F,1995-03-10,1995-05-16,1995-04-09,DELIVER IN PERSON,TRUCK,al accounts wake regu
33824-2,33824,1515,56,2,21.00,29746.71,0.02,0.02,R,F,1995-04-02,1995-04-10,1995-04-18,DELIVER IN PERSON,TRUCK,ers are along the bli
33824-3,33824,1145,54,3,4.00,4184.56,0.01,0.04,R,F,1995-05-23,1995-05-24,1995-05-30,COLLECT COD,REG AIR,ronic ideas sleep ironically?
33824-4,33824,1617,59,4,39.00,59225.79,0.01,0.00,A,F,1995-03-15,1995-04-15,1995-03-27,TAKE BACK RETURN,FOB,riously pending reques
33825-1,33825,966,69,1,40.00,74678.40,0.05,0.08,N,O,1998-07-13,1998-06-15,1998-08-05,NONE,FOB, quickly close pac
33825-2,33825,583,74,2,18.00,26704.44,0.06,0.04,N,O,1998-08-08,1998-06-17,1998-08-16,COLLECT COD,FOB,xpress depe
33825-3,33825,1130,39,3,3.00,3093.39,0.01,0.01,N,O,1998-06-23,1998-07-03,1998-07-17,TAKE BACK RETURN,MAIL,ss deposits wake slyly
33825-4,33825,507,98,4,49.00,68967.50,0.00,0.05,N,O,1998-06-18,1998-05-17,1998-07-07,NONE,AIR,pinto beans haggle enticingly. 
33825-5,33825,1057,63,5,11.00,10538.55,0.02,0.05,N,O,1998-05-08,1998-06-22,1998-06-07,TAKE BACK RETURN,RAIL, ironic deposits. carefully blith
33825-6,33825,1371,10,6,13.00,16540.81,0.09,0.04,N,O,1998-05-22,1998-07-06,1998-06-17,DELIVER IN PERSON,RAIL,es. final reques
33826-1,33826,651,14,1,15.00,23274.75,0.09,0.08,R,F,1994-03-05,1994-02-19,1994-03-12,COLLECT COD,FOB, requests boost. carefully regul
33826-2,33826,34,10,2,31.00,28954.93,0.03,0.00,R,F,1994-04-04,1994-02-21,1994-04-24,COLLECT COD,RAIL,e carefully ironic deposits sle
33826-3,33826,1238,50,3,1.00,1139.23,0.08,0.02,A,F,1994-04-13,1994-03-17,1994-05-07,COLLECT COD,TRUCK,among the quickly special accounts wake 
33826-4,33826,1714,15,4,45.00,72706.95,0.02,0.03,R,F,1994-03-17,1994-02-28,1994-03-20,TAKE BACK RETURN,SHIP,ly alongside of the furiously even
33826-5,33826,175,76,5,14.00,15052.38,0.02,0.01,R,F,1994-03-25,1994-01-26,1994-03-27,COLLECT COD,AIR, special pinto beans cajol
33826-6,33826,351,80,6,47.00,58813.45,0.02,0.03,A,F,1994-02-08,1994-03-09,1994-02-16,DELIVER IN PERSON,SHIP,es affix quickly slyly regular packages
33827-1,33827,481,82,1,6.00,8288.88,0.02,0.06,R,F,1994-03-17,1994-03-14,1994-03-25,COLLECT COD,MAIL,ackages. f
33828-1,33828,1600,41,1,30.00,45048.00,0.05,0.07,N,O,1996-10-23,1996-09-13,1996-11-19,TAKE BACK RETURN,TRUCK,deposits above the blithely r
33829-1,33829,1382,59,1,39.00,50051.82,0.00,0.00,N,O,1998-01-21,1998-01-06,1998-01-30,DELIVER IN PERSON,AIR,lets are blithely according to the ex
33829-2,33829,591,22,2,10.00,14915.90,0.09,0.03,N,O,1997-11-23,1998-01-16,1997-12-01,COLLECT COD,FOB,he pending accounts. blithely ironic a
33829-3,33829,1074,10,3,3.00,2925.21,0.05,0.04,N,O,1998-01-25,1997-12-31,1998-02-10,NONE,SHIP,luffily after the blithely ironic packag
33829-4,33829,1411,29,4,11.00,14436.51,0.06,0.01,N,O,1998-02-08,1997-12-30,1998-02-23,TAKE BACK RETURN,RAIL,ies wake slyly besides the a
33830-1,33830,913,82,1,38.00,68928.58,0.00,0.03,N,O,1995-07-31,1995-07-16,1995-08-04,DELIVER IN PERSON,FOB,s sleep among the blithely 
33830-2,33830,994,97,2,2.00,3789.98,0.06,0.00,N,O,1995-08-25,1995-06-21,1995-09-10,DELIVER IN PERSON,TRUCK,"low, final "
33830-3,33830,1883,27,3,22.00,39267.36,0.08,0.07,R,F,1995-05-29,1995-06-12,1995-06-03,COLLECT COD,TRUCK,iously pending theodolites cajole re
33830-4,33830,814,81,4,18.00,30866.58,0.00,0.05,N,F,1995-06-12,1995-07-24,1995-06-25,COLLECT COD,AIR,inal pinto bea
33830-5,33830,1034,70,5,7.00,6545.21,0.08,0.02,N,O,1995-08-26,1995-07-25,1995-09-17,NONE,MAIL,s the blithely ironi
33830-6,33830,1545,46,6,19.00,27484.26,0.05,0.08,N,O,1995-07-07,1995-07-11,1995-07-26,DELIVER IN PERSON,RAIL, slyly final pinto beans promise slyly f
33831-1,33831,1444,45,1,16.00,21527.04,0.06,0.06,N,O,1998-08-04,1998-08-20,1998-08-07,NONE,SHIP, hinder according to the ru
33831-2,33831,1227,28,2,37.00,41744.14,0.03,0.08,N,O,1998-07-17,1998-08-19,1998-07-28,NONE,REG AIR,sual accounts boost carefully deposits. f
33856-1,33856,74,100,1,46.00,44807.22,0.07,0.05,N,O,1996-07-05,1996-07-21,1996-08-04,COLLECT COD,RAIL,ully deposits. bl
33856-2,33856,1902,35,2,17.00,30666.30,0.07,0.01,N,O,1996-07-29,1996-07-31,1996-08-18,NONE,RAIL,express foxes. c
33856-3,33856,199,78,3,21.00,23082.99,0.03,0.04,N,O,1996-09-07,1996-07-14,1996-09-11,DELIVER IN PERSON,REG AIR,ronic excuses use never: slyly ste
33856-4,33856,390,75,4,17.00,21936.63,0.00,0.07,N,O,1996-06-05,1996-07-07,1996-07-05,TAKE BACK RETURN,MAIL," ironic, regular dol"
33856-5,33856,291,19,5,19.00,22634.51,0.03,0.07,N,O,1996-09-20,1996-07-13,1996-10-08,TAKE BACK RETURN,RAIL," regular, regular pint"
33856-6,33856,1689,90,6,49.00,77943.32,0.02,0.08,N,O,1996-06-02,1996-08-05,1996-06-06,TAKE BACK RETURN,TRUCK,boost slyly unusual
33856-7,33856,980,83,7,31.00,58310.38,0.07,0.05,N,O,1996-07-28,1996-08-04,1996-08-20,DELIVER IN PERSON,FOB,rate carefully. accounts along th
33857-1,33857,1397,12,1,39.00,50637.21,0.08,0.08,R,F,1993-06-26,1993-07-02,1993-07-18,COLLECT COD,REG AIR,"gular, ironic accounts haggl"
33857-2,33857,430,60,2,4.00,5321.72,0.05,0.03,R,F,1993-08-05,1993-06-02,1993-08-23,COLLECT COD,RAIL,riously after
33857-3,33857,1375,76,3,46.00,58713.02,0.04,0.00,R,F,1993-07-26,1993-07-07,1993-07-27,COLLECT COD,SHIP, furiously blithely regular sentiment
33857-4,33857,1487,27,4,13.00,18050.24,0.08,0.07,A,F,1993-08-26,1993-07-15,1993-09-02,NONE,RAIL, regular co
33857-5,33857,298,80,5,1.00,1198.29,0.03,0.07,A,F,1993-05-10,1993-07-07,1993-06-06,DELIVER IN PERSON,SHIP, among the
33857-6,33857,1388,3,6,30.00,38681.40,0.04,0.01,R,F,1993-08-28,1993-06-29,1993-09-08,NONE,REG AIR,s. quickly fin
33858-1,33858,1510,31,1,19.00,26818.69,0.07,0.06,N,F,1995-06-14,1995-08-02,1995-06-22,NONE,RAIL," pending, special accounts. c"
33859-1,33859,1262,100,1,14.00,16285.64,0.07,0.02,N,O,1996-04-10,1996-03-03,1996-04-24,NONE,AIR,hins wake. quickly i
33859-2,33859,966,67,2,23.00,42940.08,0.08,0.03,N,O,1996-03-24,1996-04-15,1996-04-04,TAKE BACK RETURN,MAIL, deposits cajole. slyly iro
33860-1,33860,55,6,1,26.00,24831.30,0.01,0.07,N,O,1996-01-13,1996-03-13,1996-02-08,DELIVER IN PERSON,RAIL,regular packages wake according
33860-2,33860,1479,80,2,5.00,6902.35,0.08,0.08,N,O,1996-02-28,1996-03-11,1996-03-17,COLLECT COD,AIR,express deposits. slyly ironic
33860-3,33860,644,45,3,20.00,30892.80,0.07,0.08,N,O,1996-01-20,1996-03-12,1996-02-01,COLLECT COD,MAIL,sly pending reque
33861-1,33861,1177,14,1,33.00,35579.61,0.01,0.05,N,O,1996-05-07,1996-05-24,1996-05-18,COLLECT COD,SHIP,inal deposits.
33861-2,33861,1495,74,2,31.00,43291.19,0.01,0.03,N,O,1996-07-14,1996-05-04,1996-08-09,COLLECT COD,SHIP,to the slo
33861-3,33861,752,49,3,33.00,54540.75,0.00,0.07,N,O,1996-03-25,1996-04-28,1996-04-24,DELIVER IN PERSON,RAIL,counts haggle busily slyly regular do
33861-4,33861,886,86,4,39.00,69688.32,0.02,0.03,N,O,1996-07-15,1996-04-27,1996-08-12,TAKE BACK RETURN,SHIP,ssly permanent accounts boost furiously 
33862-1,33862,1382,97,1,28.00,35934.64,0.06,0.08,R,F,1993-09-14,1993-08-27,1993-10-13,TAKE BACK RETURN,MAIL,permanently final packages abo
33863-1,33863,90,66,1,36.00,35643.24,0.00,0.07,R,F,1993-04-13,1993-04-29,1993-04-25,DELIVER IN PERSON,AIR,tions. packag
33863-2,33863,1500,1,2,27.00,37840.50,0.03,0.01,A,F,1993-05-27,1993-04-28,1993-06-26,NONE,TRUCK,ual deposits boost fur
33863-3,33863,932,33,3,11.00,20162.23,0.09,0.01,A,F,1993-06-29,1993-04-08,1993-07-24,TAKE BACK RETURN,RAIL,after the furiously ironic 
33863-4,33863,1500,40,4,40.00,56060.00,0.03,0.04,A,F,1993-04-23,1993-05-02,1993-05-04,DELIVER IN PERSON,FOB,ronic packages. fluffily bold deposi
33888-1,33888,1541,62,1,38.00,54816.52,0.09,0.01,A,F,1994-09-08,1994-10-07,1994-10-02,TAKE BACK RETURN,FOB,es about th
33888-2,33888,798,99,2,12.00,20385.48,0.05,0.05,R,F,1994-09-05,1994-11-06,1994-09-16,DELIVER IN PERSON,REG AIR,sleep close
33888-3,33888,1545,26,3,12.00,17358.48,0.04,0.01,R,F,1994-10-05,1994-10-13,1994-10-06,NONE,FOB,ul accounts among the slyly
33888-4,33888,1592,33,4,28.00,41820.52,0.08,0.07,A,F,1994-10-21,1994-11-18,1994-11-10,TAKE BACK RETURN,TRUCK,players wake against th
33888-5,33888,440,28,5,33.00,44234.52,0.01,0.07,R,F,1994-09-10,1994-11-08,1994-09-26,COLLECT COD,REG AIR,e. final asymptotes
33889-1,33889,1814,44,1,14.00,24021.34,0.03,0.01,A,F,1993-12-13,1993-12-11,1993-12-25,NONE,FOB, furiously excuses
33889-2,33889,992,95,2,16.00,30287.84,0.02,0.04,R,F,1993-12-17,1993-12-21,1994-01-08,DELIVER IN PERSON,REG AIR, above the fur
33889-3,33889,1897,27,3,32.00,57564.48,0.01,0.05,R,F,1993-12-25,1994-01-18,1994-01-17,NONE,MAIL,s are slyly beside
33889-4,33889,495,83,4,8.00,11163.92,0.00,0.08,A,F,1994-01-29,1994-01-08,1994-01-30,DELIVER IN PERSON,FOB,uriously unusu
33889-5,33889,1945,90,5,27.00,49867.38,0.09,0.00,R,F,1994-02-11,1994-01-16,1994-03-04,DELIVER IN PERSON,SHIP,the escapades. blithely even
33889-6,33889,1181,18,6,6.00,6493.08,0.05,0.00,R,F,1994-03-07,1993-12-25,1994-03-28,TAKE BACK RETURN,TRUCK,"ly. regular, pending "
33889-7,33889,439,40,7,11.00,14733.73,0.06,0.08,A,F,1994-01-08,1994-01-06,1994-01-17,NONE,TRUCK, packages believe. blithely bold frets imp
33890-1,33890,53,79,1,38.00,36215.90,0.00,0.08,N,O,1996-12-10,1996-10-30,1997-01-08,NONE,MAIL,sly along the blithely even deposit
33891-1,33891,382,39,1,33.00,42318.54,0.00,0.02,A,F,1993-04-22,1993-06-29,1993-04-26,DELIVER IN PERSON,SHIP,d deposits-- furiously final theodol
33891-2,33891,651,83,2,22.00,34136.30,0.01,0.01,R,F,1993-06-29,1993-06-02,1993-06-30,DELIVER IN PERSON,TRUCK,kages. regular ideas are 
33891-3,33891,1262,74,3,12.00,13959.12,0.09,0.03,A,F,1993-07-19,1993-06-16,1993-08-08,DELIVER IN PERSON,FOB,s are carefully. bold requests nag? even re
33891-4,33891,1419,98,4,49.00,64700.09,0.06,0.06,A,F,1993-07-16,1993-05-15,1993-07-23,TAKE BACK RETURN,AIR,leep furiously 
33891-5,33891,775,8,5,15.00,25136.55,0.00,0.00,A,F,1993-04-12,1993-06-22,1993-05-06,COLLECT COD,MAIL,inal packages. accounts acro
33891-6,33891,347,32,6,49.00,61119.66,0.04,0.03,R,F,1993-07-06,1993-06-16,1993-07-16,NONE,MAIL,y around the slyly final asymptotes
33892-1,33892,1248,86,1,10.00,11492.40,0.04,0.00,N,O,1995-08-16,1995-06-30,1995-08-19,DELIVER IN PERSON,FOB,unusual pinto beans. account
33893-1,33893,340,97,1,39.00,48373.26,0.08,0.01,R,F,1992-11-08,1992-11-10,1992-11-19,TAKE BACK RETURN,SHIP,requests. furiousl
33893-2,33893,1766,93,2,14.00,23348.64,0.00,0.08,A,F,1992-11-14,1992-11-20,1992-12-10,NONE,AIR,"silent, even deposits cajole fluff"
33893-3,33893,633,34,3,14.00,21470.82,0.06,0.02,R,F,1992-12-16,1992-11-11,1992-12-19,TAKE BACK RETURN,MAIL,boost quickly. platelets integrate caref
33893-4,33893,1958,3,4,18.00,33479.10,0.02,0.00,R,F,1992-10-28,1992-11-24,1992-11-26,TAKE BACK RETURN,REG AIR, express packages cajole f
33893-5,33893,380,37,5,39.00,49934.82,0.02,0.03,R,F,1992-09-22,1992-11-23,1992-10-21,TAKE BACK RETURN,AIR,ar packages. express forges haggle 
33893-6,33893,616,10,6,36.00,54597.96,0.08,0.04,R,F,1992-11-08,1992-12-13,1992-12-06,NONE,TRUCK,"warhorses sleep carefully. even, express "
33894-1,33894,801,1,1,22.00,37439.60,0.09,0.01,R,F,1993-06-23,1993-09-02,1993-07-01,NONE,TRUCK,the epitaphs; carefully u
33894-2,33894,327,84,2,2.00,2454.64,0.01,0.03,A,F,1993-08-24,1993-07-30,1993-09-23,DELIVER IN PERSON,FOB,the blithely unusual theodolit
33894-3,33894,1852,39,3,19.00,33323.15,0.01,0.08,R,F,1993-07-19,1993-08-31,1993-08-04,DELIVER IN PERSON,REG AIR,ously closely bol
33894-4,33894,1804,48,4,48.00,81878.40,0.07,0.01,R,F,1993-09-01,1993-08-16,1993-10-01,COLLECT COD,FOB,ly around the slyly final de
33894-5,33894,135,88,5,4.00,4140.52,0.10,0.04,R,F,1993-09-22,1993-07-16,1993-09-26,NONE,TRUCK,ously even packa
33894-6,33894,773,38,6,6.00,10042.62,0.09,0.05,R,F,1993-09-15,1993-08-23,1993-10-04,DELIVER IN PERSON,RAIL,ular accounts. dogg
33894-7,33894,901,4,7,26.00,46849.40,0.04,0.05,R,F,1993-07-02,1993-07-31,1993-07-14,TAKE BACK RETURN,FOB,ccounts according to the slyly express r
33895-1,33895,682,45,1,31.00,49063.08,0.07,0.06,N,O,1996-04-29,1996-04-28,1996-05-03,COLLECT COD,RAIL,refully. blithely final deposits boost 
33895-2,33895,791,92,2,4.00,6767.16,0.09,0.06,N,O,1996-03-26,1996-04-29,1996-04-11,DELIVER IN PERSON,FOB,to beans detect into the
33920-1,33920,10,86,1,24.00,21840.24,0.05,0.07,R,F,1994-07-15,1994-09-18,1994-08-02,COLLECT COD,MAIL, even accounts woul
33920-2,33920,1555,36,2,33.00,48066.15,0.01,0.01,A,F,1994-10-27,1994-09-28,1994-11-02,COLLECT COD,SHIP,ymptotes: quickly silent grouches haggle sl
33921-1,33921,646,9,1,4.00,6186.56,0.02,0.04,A,F,1993-05-28,1993-05-31,1993-06-22,NONE,TRUCK,tipliers detect. blithely regular 
33921-2,33921,485,86,2,7.00,9698.36,0.09,0.05,A,F,1993-04-12,1993-05-31,1993-04-23,DELIVER IN PERSON,SHIP,ithely even packages integrate caref
33921-3,33921,1974,63,3,28.00,52527.16,0.03,0.05,R,F,1993-07-13,1993-05-12,1993-07-22,COLLECT COD,SHIP,press accounts. quickly special requests 
33921-4,33921,1400,77,4,28.00,36439.20,0.10,0.08,R,F,1993-05-18,1993-06-26,1993-06-01,DELIVER IN PERSON,MAIL,uickly. carefully regular depo
33921-5,33921,165,18,5,37.00,39410.92,0.09,0.00,A,F,1993-06-24,1993-05-01,1993-07-10,TAKE BACK RETURN,TRUCK,ording to the unusual 
33922-1,33922,1438,17,1,25.00,33485.75,0.04,0.05,A,F,1993-05-02,1993-04-27,1993-05-10,COLLECT COD,SHIP, cajole quickly. blithely exp
33922-2,33922,1713,56,2,14.00,22605.94,0.03,0.05,A,F,1993-05-10,1993-04-17,1993-06-01,DELIVER IN PERSON,MAIL,"latelets sleep furiously. ironic, ir"
33922-3,33922,1661,62,3,11.00,17189.26,0.00,0.05,R,F,1993-05-07,1993-04-02,1993-06-06,NONE,FOB,e furiously final asymptotes. carefully 
33922-4,33922,75,26,4,7.00,6825.49,0.06,0.03,R,F,1993-05-18,1993-04-23,1993-06-11,TAKE BACK RETURN,FOB,symptotes. carefully fina
33922-5,33922,374,75,5,35.00,44602.95,0.05,0.06,A,F,1993-06-20,1993-05-15,1993-06-25,COLLECT COD,FOB,g requests. ruthless instruct
33922-6,33922,545,36,6,18.00,26019.72,0.09,0.00,R,F,1993-06-29,1993-04-21,1993-07-02,DELIVER IN PERSON,TRUCK,beans sleep slyly fluffily 
33923-1,33923,1076,77,1,29.00,28335.03,0.09,0.02,A,F,1994-03-13,1994-04-07,1994-03-29,NONE,FOB,ix. carefully regular foxes are fluf
33923-2,33923,1734,77,2,28.00,45800.44,0.09,0.00,R,F,1994-04-05,1994-04-03,1994-04-21,NONE,TRUCK,carefully across the furiously final for
33924-1,33924,1677,78,1,9.00,14208.03,0.07,0.02,R,F,1992-12-04,1993-01-08,1992-12-14,NONE,MAIL,r accounts. regular sentiments a
33924-2,33924,1306,21,2,42.00,50706.60,0.02,0.02,R,F,1992-10-31,1992-11-19,1992-11-15,NONE,FOB,ly silent inst
33924-3,33924,398,83,3,47.00,61024.33,0.01,0.00,A,F,1992-12-28,1993-01-17,1993-01-16,COLLECT COD,REG AIR, the express accounts.
33924-4,33924,1858,88,4,3.00,5279.55,0.07,0.07,A,F,1993-01-01,1992-11-26,1993-01-30,DELIVER IN PERSON,SHIP,ake. even accounts affix carefu
33924-5,33924,1782,25,5,10.00,16837.80,0.06,0.08,R,F,1993-02-03,1992-11-28,1993-02-23,COLLECT COD,TRUCK,. unusual deposits wa
33924-6,33924,1866,10,6,23.00,40660.78,0.01,0.07,R,F,1992-12-08,1993-01-04,1992-12-13,COLLECT COD,RAIL, the carefully express account
33925-1,33925,624,25,1,44.00,67083.28,0.08,0.07,A,F,1995-06-01,1995-07-28,1995-06-11,TAKE BACK RETURN,MAIL,kages. even theodolites wake fluffily caref
33926-1,33926,1098,99,1,16.00,15985.44,0.04,0.00,N,O,1996-10-26,1996-11-14,1996-11-07,COLLECT COD,AIR, above the carefully even foxes. ru
33926-2,33926,824,24,2,32.00,55194.24,0.04,0.04,N,O,1996-10-07,1996-10-13,1996-10-20,DELIVER IN PERSON,FOB,ooze furiously accord
33927-1,33927,150,29,1,46.00,48306.90,0.04,0.00,N,O,1997-04-25,1997-05-02,1997-05-05,COLLECT COD,REG AIR,ainst the regular requests. c
33927-2,33927,670,71,2,41.00,64397.47,0.02,0.05,N,O,1997-04-06,1997-05-16,1997-04-16,TAKE BACK RETURN,FOB,"ourts was carefully regular, special reque"
33927-3,33927,441,29,3,47.00,63047.68,0.10,0.00,N,O,1997-05-10,1997-05-17,1997-06-03,DELIVER IN PERSON,SHIP,"leep. express, "
33927-4,33927,1314,91,4,2.00,2430.62,0.09,0.06,N,O,1997-04-02,1997-06-19,1997-04-25,NONE,AIR,ggle furiously silently final in
33927-5,33927,1177,78,5,34.00,36657.78,0.05,0.07,N,O,1997-05-26,1997-05-15,1997-06-10,DELIVER IN PERSON,RAIL,unts integrate according to the fina
33927-6,33927,1749,92,6,11.00,18158.14,0.03,0.02,N,O,1997-05-22,1997-04-27,1997-06-21,TAKE BACK RETURN,RAIL, bold deposits
33927-7,33927,211,12,7,19.00,21112.99,0.08,0.01,N,O,1997-07-16,1997-05-11,1997-07-19,DELIVER IN PERSON,FOB,uickly sly attainmen
33952-1,33952,999,100,1,22.00,41799.78,0.03,0.02,N,O,1996-06-11,1996-05-22,1996-07-08,TAKE BACK RETURN,FOB, carefully. b
33952-2,33952,1381,58,2,32.00,41036.16,0.08,0.05,N,O,1996-05-28,1996-04-27,1996-05-31,COLLECT COD,RAIL,the quickly pending depths. slyly 
33953-1,33953,523,24,1,2.00,2847.04,0.02,0.06,A,F,1992-09-01,1992-09-01,1992-09-25,NONE,FOB,riously final theodoli
33953-2,33953,483,42,2,3.00,4150.44,0.08,0.06,A,F,1992-07-21,1992-08-29,1992-07-29,NONE,RAIL,usly according to the furiously regul
33953-3,33953,1709,10,3,36.00,57985.20,0.06,0.08,A,F,1992-07-17,1992-07-25,1992-07-25,COLLECT COD,REG AIR,uriously final waters cajole.
33953-4,33953,1854,84,4,17.00,29849.45,0.09,0.01,A,F,1992-09-14,1992-09-16,1992-09-21,NONE,SHIP,"ular, regular"
33953-5,33953,587,78,5,39.00,58015.62,0.02,0.01,A,F,1992-09-08,1992-09-03,1992-10-02,NONE,REG AIR,ly blithely pending reques
33953-6,33953,1124,61,6,37.00,37929.44,0.01,0.06,R,F,1992-08-22,1992-08-31,1992-09-18,TAKE BACK RETURN,FOB,asymptotes use a
33954-1,33954,80,56,1,36.00,35282.88,0.02,0.04,N,O,1998-02-22,1998-04-18,1998-02-28,TAKE BACK RETURN,AIR,lly across
33954-2,33954,1615,98,2,16.00,24265.76,0.06,0.02,N,O,1998-05-25,1998-03-22,1998-06-09,COLLECT COD,SHIP,ular foxes. furiously even somas 
33955-1,33955,1824,68,1,34.00,58677.88,0.06,0.03,N,O,1996-06-25,1996-06-13,1996-07-14,NONE,MAIL,ronic instructions according to the regula
33955-2,33955,812,13,2,29.00,49671.49,0.03,0.08,N,O,1996-04-17,1996-06-13,1996-05-11,NONE,MAIL,ts upon the slyl
33955-3,33955,697,60,3,9.00,14379.21,0.01,0.01,N,O,1996-04-30,1996-06-13,1996-05-07,NONE,REG AIR,ons. carefully special accounts inte
33955-4,33955,669,70,4,13.00,20405.58,0.03,0.04,N,O,1996-05-16,1996-05-25,1996-05-20,COLLECT COD,FOB,y along the carefully ironic plat
33955-5,33955,1171,80,5,45.00,48247.65,0.02,0.04,N,O,1996-08-05,1996-07-02,1996-08-15,NONE,AIR, permanent 
33955-6,33955,1606,48,6,45.00,67842.00,0.09,0.03,N,O,1996-06-15,1996-06-09,1996-06-18,DELIVER IN PERSON,MAIL,lites maintain slyly. slyly close reques
33956-1,33956,411,99,1,14.00,18359.74,0.01,0.07,A,F,1992-02-19,1992-03-23,1992-03-16,DELIVER IN PERSON,SHIP,ccounts wake furiously at the sly
33956-2,33956,1091,27,2,5.00,4960.45,0.08,0.02,A,F,1992-01-25,1992-03-18,1992-02-05,TAKE BACK RETURN,FOB, beans believe final deposits. pending ac
33956-3,33956,766,67,3,48.00,80004.48,0.01,0.07,A,F,1992-04-11,1992-02-21,1992-04-23,COLLECT COD,TRUCK,ly final deposits 
33956-4,33956,593,94,4,47.00,70198.73,0.01,0.08,A,F,1992-05-09,1992-04-14,1992-06-07,COLLECT COD,AIR,. slyly iron
33957-1,33957,1875,76,1,26.00,46198.62,0.00,0.04,N,O,1998-06-20,1998-08-23,1998-07-02,DELIVER IN PERSON,TRUCK,"c, regular deposits nag furiously bold "
33957-2,33957,794,91,2,17.00,28811.43,0.03,0.04,N,O,1998-08-25,1998-07-30,1998-08-28,COLLECT COD,SHIP,e doggedly final realms. requests are 
33957-3,33957,1383,22,3,40.00,51375.20,0.02,0.06,N,O,1998-08-05,1998-07-25,1998-08-11,DELIVER IN PERSON,RAIL,", bold instruction"
33957-4,33957,1068,4,4,34.00,32948.04,0.09,0.02,N,O,1998-08-11,1998-07-27,1998-09-02,DELIVER IN PERSON,AIR," blithe, even ideas"
33957-5,33957,1992,37,5,23.00,43561.77,0.02,0.03,N,O,1998-09-25,1998-08-29,1998-10-06,NONE,SHIP,endencies use. deposits are ca
33957-6,33957,979,82,6,9.00,16919.73,0.08,0.04,N,O,1998-08-14,1998-07-29,1998-09-08,COLLECT COD,TRUCK,ways express instructions.
33958-1,33958,1344,59,1,16.00,19925.44,0.07,0.01,R,F,1995-04-15,1995-03-08,1995-05-02,DELIVER IN PERSON,REG AIR,"l, final ac"
33958-2,33958,1944,33,2,2.00,3691.88,0.06,0.06,R,F,1995-02-14,1995-04-17,1995-02-15,DELIVER IN PERSON,MAIL,"ove the express, regular accounts. f"
33958-3,33958,727,28,3,13.00,21160.36,0.05,0.03,R,F,1995-04-17,1995-05-03,1995-05-02,COLLECT COD,SHIP,kly regular requests sleep slyly slo
33959-1,33959,1406,7,1,3.00,3922.20,0.07,0.01,R,F,1994-09-15,1994-10-13,1994-10-03,COLLECT COD,AIR,inal deposits. express pa
33959-2,33959,467,26,2,48.00,65638.08,0.00,0.08,R,F,1994-09-07,1994-10-24,1994-09-11,DELIVER IN PERSON,FOB,gside of the the
33959-3,33959,1966,55,3,8.00,14943.68,0.05,0.05,A,F,1994-10-16,1994-09-04,1994-11-03,COLLECT COD,REG AIR,l deposits are carefully regul
33959-4,33959,1063,69,4,11.00,10604.66,0.01,0.06,A,F,1994-09-16,1994-10-08,1994-10-10,DELIVER IN PERSON,REG AIR,e blithely regular foxes kin
33984-1,33984,1351,66,1,49.00,61365.15,0.03,0.01,N,O,1997-07-18,1997-08-14,1997-07-29,DELIVER IN PERSON,AIR,s wake carefully ir
33985-1,33985,1788,73,1,10.00,16897.80,0.05,0.04,A,F,1993-09-19,1993-09-07,1993-09-22,NONE,RAIL,xpress deposits. slyly 
33985-2,33985,1060,66,2,26.00,24987.56,0.01,0.06,R,F,1993-08-28,1993-09-06,1993-09-12,TAKE BACK RETURN,REG AIR,y ironic requests ac
33985-3,33985,384,85,3,38.00,48806.44,0.04,0.03,A,F,1993-07-18,1993-08-28,1993-08-14,NONE,REG AIR,to beans. carefully id
33986-1,33986,1587,28,1,1.00,1488.58,0.08,0.07,R,F,1994-05-16,1994-03-15,1994-05-17,NONE,AIR,n instructions
33986-2,33986,1423,24,2,48.00,63572.16,0.08,0.06,A,F,1994-05-08,1994-03-16,1994-05-12,DELIVER IN PERSON,REG AIR,"ular, furious pinto beans? slyly iro"
33986-3,33986,1170,43,3,50.00,53558.50,0.03,0.05,A,F,1994-02-21,1994-03-18,1994-02-24,COLLECT COD,MAIL, the furiously express pac
33987-1,33987,1798,41,1,41.00,69691.39,0.05,0.08,N,O,1995-12-20,1996-01-03,1996-01-15,DELIVER IN PERSON,MAIL,"ven, bold dependencie"
33987-2,33987,1705,48,2,3.00,4820.10,0.01,0.05,N,O,1995-12-26,1995-11-27,1995-12-30,COLLECT COD,REG AIR,ular requests integrate furiou
33987-3,33987,1270,82,3,41.00,48022.07,0.01,0.05,N,O,1996-01-13,1996-01-14,1996-02-11,COLLECT COD,TRUCK,blithely after the fi
33987-4,33987,1941,74,4,22.00,40544.68,0.04,0.07,N,O,1995-12-14,1995-12-25,1996-01-13,NONE,RAIL,ly silent packages haggle 
33987-5,33987,196,23,5,15.00,16442.85,0.04,0.03,N,O,1996-01-05,1995-12-08,1996-01-24,COLLECT COD,SHIP,"special, pending frays. bl"
33988-1,33988,872,72,1,9.00,15955.83,0.07,0.00,A,F,1994-04-06,1994-03-19,1994-04-22,NONE,REG AIR,carefully express deposits detect fi
33989-1,33989,565,56,1,48.00,70346.88,0.01,0.02,R,F,1993-05-26,1993-03-26,1993-06-05,TAKE BACK RETURN,RAIL,om the carefully regular instructions. 
33990-1,33990,261,43,1,50.00,58063.00,0.05,0.01,A,F,1993-04-24,1993-03-10,1993-04-30,COLLECT COD,AIR,"e carefully busy, i"
33991-1,33991,992,61,1,4.00,7571.96,0.01,0.00,N,O,1998-08-15,1998-09-11,1998-08-24,COLLECT COD,MAIL,regularly. carefully express theodolite
33991-2,33991,59,85,2,11.00,10549.55,0.09,0.03,N,O,1998-09-12,1998-09-29,1998-09-30,TAKE BACK RETURN,FOB,nic pinto beans. quickly ironic acc
34016-1,34016,1899,100,1,2.00,3601.78,0.04,0.02,N,O,1996-12-28,1997-02-07,1997-01-10,DELIVER IN PERSON,SHIP,ges. fluffily regular p
34016-2,34016,1977,22,2,24.00,45095.28,0.06,0.02,N,O,1996-12-12,1997-02-13,1997-01-03,TAKE BACK RETURN,FOB,e quickly slyly even 
34016-3,34016,1912,45,3,31.00,56231.21,0.10,0.05,N,O,1997-03-11,1997-03-09,1997-03-27,DELIVER IN PERSON,MAIL,ect carefully about the wa
34016-4,34016,749,82,4,1.00,1649.74,0.05,0.05,N,O,1997-03-25,1997-01-14,1997-04-09,COLLECT COD,AIR,er the regula
34016-5,34016,1305,6,5,35.00,42220.50,0.01,0.05,N,O,1997-01-13,1997-02-14,1997-02-09,DELIVER IN PERSON,REG AIR,"es maintain after the final, even accounts."
34016-6,34016,397,54,6,23.00,29839.97,0.09,0.08,N,O,1997-03-04,1997-02-15,1997-03-27,NONE,REG AIR,aggle quickly even warho
34016-7,34016,1703,30,7,40.00,64188.00,0.08,0.02,N,O,1997-01-18,1997-02-16,1997-02-14,TAKE BACK RETURN,TRUCK,s the carefully ironic theodol
34017-1,34017,224,6,1,7.00,7869.54,0.04,0.01,A,F,1994-03-26,1994-06-03,1994-04-18,DELIVER IN PERSON,MAIL,ular requests wake 
34017-2,34017,1811,12,2,43.00,73650.83,0.04,0.04,R,F,1994-06-27,1994-05-03,1994-07-03,DELIVER IN PERSON,SHIP,ial deposits according to the u
34017-3,34017,1153,90,3,33.00,34786.95,0.01,0.06,A,F,1994-07-07,1994-06-04,1994-07-14,TAKE BACK RETURN,REG AIR,he quickly regular foxes. ruthles
34017-4,34017,225,26,4,33.00,37132.26,0.10,0.07,R,F,1994-05-06,1994-05-19,1994-05-16,COLLECT COD,REG AIR, blithely unu
34018-1,34018,381,38,1,45.00,57662.10,0.00,0.01,N,O,1998-01-09,1997-11-15,1998-02-08,TAKE BACK RETURN,AIR,ously daring foxes. quickly bold
34019-1,34019,581,72,1,19.00,28150.02,0.08,0.01,N,O,1998-05-03,1998-06-06,1998-06-01,DELIVER IN PERSON,MAIL,ly ruthless requests hang. flu
34019-2,34019,988,57,2,35.00,66114.30,0.10,0.06,N,O,1998-07-05,1998-05-17,1998-07-23,DELIVER IN PERSON,MAIL,", express deposits"
34020-1,34020,1750,35,1,32.00,52856.00,0.03,0.02,R,F,1993-04-06,1993-03-27,1993-05-03,TAKE BACK RETURN,REG AIR,g the express excuses haggle above the 
34020-2,34020,1644,27,2,34.00,52551.76,0.07,0.07,R,F,1993-03-30,1993-04-16,1993-04-23,NONE,FOB,ar instructi
34020-3,34020,157,36,3,4.00,4228.60,0.04,0.00,R,F,1993-04-27,1993-04-15,1993-04-28,NONE,RAIL,sits affix. deposits about the ironi
34020-4,34020,319,76,4,34.00,41456.54,0.02,0.06,A,F,1993-05-15,1993-04-04,1993-06-05,NONE,TRUCK,are quickly according to the fluffily fl
34020-5,34020,1265,40,5,11.00,12828.86,0.03,0.00,R,F,1993-03-29,1993-04-14,1993-04-03,NONE,FOB,excuses. quickly special foxes nag
34021-1,34021,1617,41,1,16.00,24297.76,0.07,0.05,N,O,1996-09-15,1996-09-23,1996-10-10,TAKE BACK RETURN,SHIP,carefully silent pint
34022-1,34022,106,33,1,27.00,27164.70,0.00,0.02,A,F,1992-12-17,1993-01-13,1993-01-08,NONE,SHIP, furiously final foxes. slyly s
34022-2,34022,811,12,2,36.00,61625.16,0.01,0.01,R,F,1992-12-27,1992-12-20,1992-12-28,TAKE BACK RETURN,SHIP, express depos
34022-3,34022,1288,63,3,30.00,35678.40,0.01,0.04,A,F,1992-12-01,1993-01-12,1992-12-20,NONE,REG AIR,. carefully eve
34022-4,34022,1024,25,4,49.00,45325.98,0.06,0.06,R,F,1993-02-19,1993-01-15,1993-03-15,NONE,TRUCK,"oost ironic, silent packages?"
34022-5,34022,1229,41,5,4.00,4520.88,0.06,0.03,A,F,1993-01-08,1992-12-22,1993-01-12,COLLECT COD,SHIP,ly along t
34023-1,34023,851,52,1,31.00,54307.35,0.05,0.08,R,F,1993-10-16,1993-09-15,1993-10-31,COLLECT COD,SHIP,ackages cajole before the
34023-2,34023,1911,44,2,9.00,16316.19,0.08,0.00,R,F,1993-08-16,1993-11-06,1993-08-26,TAKE BACK RETURN,AIR,efully even deposits. c
34023-3,34023,1090,61,3,50.00,49554.50,0.01,0.03,A,F,1993-11-26,1993-11-09,1993-12-19,NONE,MAIL,refully silent requests.
34023-4,34023,955,90,4,40.00,74238.00,0.02,0.03,R,F,1993-08-31,1993-09-16,1993-09-14,COLLECT COD,AIR,ronic idea
34048-1,34048,1924,69,1,47.00,85818.24,0.01,0.04,N,O,1995-06-22,1995-05-14,1995-07-21,TAKE BACK RETURN,TRUCK,nos. quickly
34048-2,34048,1005,6,2,1.00,906.00,0.00,0.01,N,F,1995-05-21,1995-06-12,1995-06-20,COLLECT COD,RAIL, slow pinto beans. regu
34048-3,34048,1593,74,3,41.00,61278.19,0.02,0.07,N,F,1995-06-16,1995-05-07,1995-07-15,NONE,FOB,ccounts. quickly pending depo
34048-4,34048,704,69,4,24.00,38512.80,0.00,0.05,N,O,1995-06-20,1995-05-16,1995-07-15,DELIVER IN PERSON,MAIL,e quickly; furiously even pinto beans 
34048-5,34048,1204,16,5,43.00,47523.60,0.00,0.02,R,F,1995-04-29,1995-06-17,1995-05-09,DELIVER IN PERSON,TRUCK,ly final foxes haggle carefully. accoun
34048-6,34048,1851,38,6,46.00,80631.10,0.04,0.02,N,O,1995-07-27,1995-05-23,1995-08-06,COLLECT COD,SHIP,tions. even 
34049-1,34049,192,45,1,10.00,10921.90,0.08,0.00,R,F,1995-02-10,1995-03-09,1995-02-19,NONE,SHIP, deposits. regular 
34049-2,34049,624,87,2,28.00,42689.36,0.03,0.08,R,F,1995-02-23,1995-03-21,1995-03-03,COLLECT COD,TRUCK,"ly express, pending ideas"
34050-1,34050,1709,36,1,17.00,27381.90,0.10,0.00,A,F,1993-04-21,1993-05-15,1993-05-05,DELIVER IN PERSON,RAIL,ymptotes upon the s
34051-1,34051,1426,44,1,42.00,55751.64,0.08,0.08,N,O,1996-06-12,1996-04-13,1996-07-03,DELIVER IN PERSON,TRUCK,sly. requests haggle a
34051-2,34051,118,97,2,43.00,43778.73,0.02,0.00,N,O,1996-03-11,1996-04-25,1996-03-17,TAKE BACK RETURN,FOB,ag fluffily.
34051-3,34051,351,8,3,43.00,53808.05,0.04,0.03,N,O,1996-05-29,1996-05-11,1996-06-04,TAKE BACK RETURN,SHIP,quests. slyly 
34051-4,34051,842,42,4,30.00,52285.20,0.10,0.01,N,O,1996-04-29,1996-05-23,1996-05-12,TAKE BACK RETURN,AIR,ould have to 
34051-5,34051,1455,56,5,15.00,20346.75,0.00,0.06,N,O,1996-05-09,1996-04-13,1996-05-13,NONE,FOB,"unts. regular, special epitaphs according "
34051-6,34051,454,55,6,39.00,52823.55,0.07,0.07,N,O,1996-06-19,1996-05-06,1996-06-29,COLLECT COD,REG AIR,ructions alongs
34051-7,34051,766,31,7,4.00,6667.04,0.04,0.03,N,O,1996-03-28,1996-04-28,1996-04-01,TAKE BACK RETURN,FOB,have to use blithely among
34052-1,34052,1492,71,1,32.00,44591.68,0.01,0.01,N,O,1996-09-03,1996-09-13,1996-09-29,DELIVER IN PERSON,RAIL, ironic acco
34052-2,34052,185,38,2,10.00,10851.80,0.10,0.07,N,O,1996-10-20,1996-09-24,1996-11-14,TAKE BACK RETURN,REG AIR," the even, ironic ideas-- quick"
34052-3,34052,422,10,3,4.00,5289.68,0.07,0.00,N,O,1996-07-09,1996-08-11,1996-07-12,DELIVER IN PERSON,MAIL,carefully regular instructions sleep 
34052-4,34052,1515,96,4,37.00,52410.87,0.05,0.06,N,O,1996-09-06,1996-08-17,1996-09-19,COLLECT COD,FOB,"even, spec"
34052-5,34052,848,49,5,6.00,10493.04,0.03,0.07,N,O,1996-08-30,1996-08-11,1996-09-24,DELIVER IN PERSON,FOB,. blithely f
34053-1,34053,258,13,1,6.00,6949.50,0.06,0.03,N,O,1998-01-07,1997-11-26,1998-01-30,NONE,FOB,cajole ironic 
34053-2,34053,770,3,2,31.00,51793.87,0.06,0.01,N,O,1997-11-21,1997-11-16,1997-12-19,DELIVER IN PERSON,FOB,hlessly regular dependencies. blithel
34053-3,34053,1152,61,3,11.00,11584.65,0.04,0.04,N,O,1998-01-08,1997-11-24,1998-01-31,NONE,MAIL,nal deposi
34053-4,34053,294,49,4,43.00,51354.47,0.09,0.05,N,O,1998-01-04,1997-12-12,1998-01-16,COLLECT COD,TRUCK,es affix blithely slyly even foxes. acco
34053-5,34053,703,68,5,21.00,33677.70,0.06,0.02,N,O,1997-09-27,1997-10-27,1997-09-29,COLLECT COD,SHIP,counts. final packages breach slyly along
34053-6,34053,933,2,6,19.00,34844.67,0.01,0.06,N,O,1998-01-02,1997-12-06,1998-01-28,COLLECT COD,RAIL,t regular theodolites. accounts w
34054-1,34054,1077,78,1,19.00,18583.33,0.04,0.05,N,O,1997-07-10,1997-08-07,1997-07-28,NONE,TRUCK,riously. fluffily fi
34054-2,34054,15,16,2,28.00,25620.28,0.04,0.05,N,O,1997-06-25,1997-07-10,1997-07-25,COLLECT COD,AIR,ecial foxes. slyly even packages accordi
34054-3,34054,491,50,3,42.00,58442.58,0.03,0.02,N,O,1997-07-05,1997-07-11,1997-08-03,NONE,FOB,r accounts: ironic deposits 
34054-4,34054,730,63,4,12.00,19568.76,0.06,0.06,N,O,1997-08-30,1997-07-07,1997-09-19,COLLECT COD,RAIL, hockey players. carefully even 
34054-5,34054,362,19,5,25.00,31559.00,0.02,0.05,N,O,1997-06-08,1997-07-05,1997-06-28,TAKE BACK RETURN,REG AIR,its are blithely regular dol
34054-6,34054,635,36,6,10.00,15356.30,0.10,0.00,N,O,1997-08-06,1997-06-23,1997-08-25,TAKE BACK RETURN,TRUCK,riously bold ideas. furiously 
34055-1,34055,645,77,1,5.00,7728.20,0.03,0.06,A,F,1995-02-17,1995-02-06,1995-03-09,NONE,MAIL, slyly regular ideas run slyly f
34055-2,34055,486,45,2,43.00,59618.64,0.08,0.08,A,F,1994-12-22,1995-02-25,1995-01-04,NONE,AIR,packages sleep f
34055-3,34055,339,40,3,26.00,32222.58,0.01,0.07,A,F,1994-12-31,1995-02-05,1995-01-25,COLLECT COD,MAIL,ly regular deposits. carefully ironic re
34080-1,34080,682,76,1,45.00,71220.60,0.07,0.03,N,O,1996-08-18,1996-09-08,1996-08-30,COLLECT COD,FOB,uriously regular
34080-2,34080,465,24,2,49.00,66907.54,0.05,0.06,N,O,1996-10-04,1996-10-09,1996-10-11,NONE,RAIL,even warhorses. furiou
34080-3,34080,319,20,3,26.00,31702.06,0.03,0.04,N,O,1996-10-24,1996-10-10,1996-10-27,NONE,FOB,"e final, bold requests."
34080-4,34080,1801,45,4,49.00,83437.20,0.03,0.05,N,O,1996-08-07,1996-08-22,1996-08-11,COLLECT COD,FOB,te. fluffily ironic
34080-5,34080,1764,65,5,44.00,73293.44,0.03,0.00,N,O,1996-10-25,1996-09-14,1996-11-20,TAKE BACK RETURN,SHIP,eposits sleep
34080-6,34080,1309,48,6,28.00,33888.40,0.10,0.04,N,O,1996-10-31,1996-09-24,1996-11-18,NONE,REG AIR,quests across the carefully 
34080-7,34080,110,63,7,3.00,3030.33,0.00,0.08,N,O,1996-09-30,1996-09-29,1996-10-23,COLLECT COD,TRUCK,ve furiously. carefully final dep
34081-1,34081,658,59,1,37.00,57670.05,0.00,0.01,A,F,1994-06-20,1994-06-03,1994-07-10,TAKE BACK RETURN,TRUCK,te carefully regular packages. sil
34081-2,34081,1295,70,2,42.00,50244.18,0.08,0.05,A,F,1994-07-02,1994-07-04,1994-07-04,DELIVER IN PERSON,TRUCK,unts toward the fur
34081-3,34081,342,71,3,12.00,14908.08,0.02,0.03,A,F,1994-05-31,1994-06-25,1994-06-24,DELIVER IN PERSON,AIR,st fluffily alon
34081-4,34081,1355,70,4,44.00,55279.40,0.02,0.04,A,F,1994-07-12,1994-07-04,1994-07-15,TAKE BACK RETURN,AIR,the special dependencies sleep furi
34081-5,34081,40,41,5,50.00,47002.00,0.08,0.02,A,F,1994-05-12,1994-06-14,1994-05-16,TAKE BACK RETURN,SHIP,ickly slow foxes: final d
34081-6,34081,780,77,6,28.00,47061.84,0.01,0.06,A,F,1994-06-01,1994-07-10,1994-06-23,COLLECT COD,REG AIR,s! furiously final patterns k
34082-1,34082,726,59,1,24.00,39041.28,0.05,0.01,N,O,1996-02-08,1995-12-18,1996-03-07,NONE,FOB,ests kindle quic
34082-2,34082,1270,8,2,48.00,56220.96,0.01,0.00,N,O,1995-12-28,1995-12-11,1996-01-13,COLLECT COD,TRUCK,olites boost slyl
34082-3,34082,185,12,3,24.00,26044.32,0.01,0.04,N,O,1995-12-19,1995-12-16,1996-01-05,NONE,FOB,eposits. ironic
34082-4,34082,1579,60,4,1.00,1480.57,0.02,0.07,N,O,1996-01-30,1995-12-22,1996-02-17,DELIVER IN PERSON,TRUCK,its. reques
34082-5,34082,1678,79,5,17.00,26854.39,0.06,0.01,N,O,1996-01-22,1995-12-25,1996-02-04,DELIVER IN PERSON,MAIL,y regular theo
34082-6,34082,13,39,6,34.00,31042.34,0.02,0.03,N,O,1995-12-25,1996-01-17,1996-01-08,DELIVER IN PERSON,REG AIR,s sleep carefully. fu
34083-1,34083,519,20,1,8.00,11356.08,0.04,0.02,R,F,1992-05-13,1992-03-14,1992-05-23,COLLECT COD,REG AIR,late slyly besid
34083-2,34083,1451,69,2,31.00,41925.95,0.04,0.08,A,F,1992-06-02,1992-04-29,1992-06-13,TAKE BACK RETURN,REG AIR,y. accounts are carefully express dep
34083-3,34083,120,21,3,46.00,46925.52,0.06,0.06,R,F,1992-05-30,1992-04-07,1992-06-27,DELIVER IN PERSON,AIR,"ons. pending, regular instructions unwi"
34083-4,34083,1105,78,4,21.00,21128.10,0.01,0.01,A,F,1992-05-29,1992-03-16,1992-06-20,TAKE BACK RETURN,RAIL,"ial, regula"
34083-5,34083,1420,21,5,8.00,10571.36,0.09,0.03,R,F,1992-04-02,1992-04-21,1992-04-18,TAKE BACK RETURN,TRUCK,", ironic i"
34083-6,34083,1860,90,6,42.00,73998.12,0.00,0.01,R,F,1992-03-18,1992-04-03,1992-03-24,COLLECT COD,REG AIR,encies solve 
34084-1,34084,1329,30,1,35.00,43061.20,0.09,0.06,N,O,1997-03-28,1997-04-27,1997-04-22,TAKE BACK RETURN,RAIL,haggle final accoun
34084-2,34084,1000,35,2,4.00,3604.00,0.03,0.03,N,O,1997-06-03,1997-04-28,1997-06-22,DELIVER IN PERSON,MAIL,nts wake fur
34084-3,34084,451,10,3,39.00,52706.55,0.02,0.00,N,O,1997-03-27,1997-05-14,1997-04-14,NONE,SHIP,y silent de
34084-4,34084,628,60,4,26.00,39744.12,0.03,0.00,N,O,1997-03-15,1997-05-01,1997-04-11,NONE,TRUCK,s are blithely fu
34085-1,34085,1041,47,1,12.00,11304.48,0.02,0.04,R,F,1993-09-29,1993-08-27,1993-10-24,COLLECT COD,REG AIR,dolites serve blithely slyl
34086-1,34086,1763,90,1,26.00,43283.76,0.00,0.04,A,F,1992-07-31,1992-07-15,1992-08-18,NONE,SHIP,ly silent sauternes. specia
34087-1,34087,611,5,1,8.00,12092.88,0.07,0.03,A,F,1994-11-13,1994-08-25,1994-11-23,NONE,RAIL,"refully regular pains. ironic, final accou"
34087-2,34087,1465,5,2,6.00,8198.76,0.00,0.08,R,F,1994-10-03,1994-09-07,1994-10-19,NONE,SHIP,e requests boost slyly fu
34112-1,34112,297,79,1,34.00,40707.86,0.03,0.06,N,O,1995-10-21,1995-11-28,1995-11-12,COLLECT COD,AIR,ind silent instructions. ironic fox
34112-2,34112,957,26,2,19.00,35301.05,0.01,0.04,N,O,1995-09-13,1995-10-03,1995-10-08,COLLECT COD,MAIL,cajole. regula
34112-3,34112,507,38,3,42.00,59115.00,0.09,0.06,N,O,1995-09-23,1995-10-05,1995-10-22,COLLECT COD,REG AIR, instructions sleep blithely after th
34112-4,34112,1779,6,4,14.00,23530.78,0.00,0.00,N,O,1995-12-24,1995-10-18,1996-01-03,NONE,FOB,ets haggle b
34113-1,34113,1414,32,1,8.00,10523.28,0.02,0.06,N,O,1998-04-13,1998-05-14,1998-04-29,DELIVER IN PERSON,AIR,ously along the quickly regular accou
34113-2,34113,805,39,2,13.00,22175.40,0.09,0.00,N,O,1998-04-10,1998-04-06,1998-05-06,TAKE BACK RETURN,REG AIR,ously careful asymptotes. slyly bold 
34113-3,34113,1738,81,3,48.00,78707.04,0.04,0.08,N,O,1998-03-06,1998-03-31,1998-03-12,COLLECT COD,TRUCK,as detect blithely across 
34113-4,34113,1966,11,4,4.00,7471.84,0.05,0.06,N,O,1998-05-30,1998-04-21,1998-06-15,DELIVER IN PERSON,MAIL,structions. blithely even asymptotes after 
34113-5,34113,283,84,5,32.00,37864.96,0.10,0.02,N,O,1998-03-02,1998-04-12,1998-03-10,TAKE BACK RETURN,FOB," idle, iron"
34113-6,34113,158,11,6,39.00,41267.85,0.00,0.06,N,O,1998-03-21,1998-04-07,1998-03-24,COLLECT COD,MAIL,sits. furiously 
34113-7,34113,1737,80,7,9.00,14748.57,0.06,0.07,N,O,1998-04-21,1998-05-26,1998-05-04,COLLECT COD,SHIP,carefully q
34114-1,34114,191,44,1,32.00,34918.08,0.00,0.04,R,F,1994-05-31,1994-06-25,1994-06-17,NONE,SHIP, along the blith
34114-2,34114,1392,31,2,35.00,45268.65,0.09,0.07,R,F,1994-09-05,1994-07-05,1994-10-03,DELIVER IN PERSON,MAIL,furiously ironic packages.
34114-3,34114,1265,40,3,15.00,17493.90,0.10,0.08,R,F,1994-05-19,1994-07-26,1994-05-27,DELIVER IN PERSON,AIR,ickly express pinto be
34115-1,34115,188,41,1,15.00,16322.70,0.04,0.02,A,F,1994-06-14,1994-08-05,1994-06-17,DELIVER IN PERSON,AIR,es thrash. quickly express deposits play
34115-2,34115,937,72,2,42.00,77193.06,0.10,0.02,R,F,1994-07-31,1994-06-22,1994-08-14,COLLECT COD,REG AIR,s grouches cajole slyly about th
34115-3,34115,153,54,3,33.00,34753.95,0.06,0.00,R,F,1994-08-07,1994-08-06,1994-08-22,TAKE BACK RETURN,FOB,"coys; express, silent requests detect fluff"
34115-4,34115,1475,76,4,32.00,44047.04,0.04,0.08,R,F,1994-06-04,1994-07-27,1994-06-28,NONE,FOB,affix. bli
34115-5,34115,161,88,5,25.00,26529.00,0.06,0.03,A,F,1994-07-26,1994-08-15,1994-07-27,NONE,RAIL,ffily regular dependencies
34115-6,34115,1934,79,6,30.00,55077.90,0.01,0.03,A,F,1994-06-02,1994-08-05,1994-06-11,COLLECT COD,SHIP,ic requests haggle against the furi
34115-7,34115,534,95,7,40.00,57381.20,0.08,0.08,R,F,1994-06-25,1994-07-22,1994-06-28,DELIVER IN PERSON,REG AIR,ounts. furiously regular
34116-1,34116,1366,5,1,6.00,7604.16,0.09,0.01,R,F,1993-08-06,1993-05-31,1993-08-24,TAKE BACK RETURN,MAIL,its; slyly slow theod
34116-2,34116,279,7,2,7.00,8254.89,0.00,0.01,A,F,1993-04-26,1993-06-26,1993-05-16,DELIVER IN PERSON,REG AIR,ng accounts. slyly final accounts s
34116-3,34116,1118,91,3,25.00,25477.75,0.05,0.00,R,F,1993-07-13,1993-07-19,1993-08-01,DELIVER IN PERSON,TRUCK,. slyly ironic foxes affix slyly.
34116-4,34116,983,86,4,49.00,92315.02,0.01,0.02,A,F,1993-06-01,1993-07-15,1993-06-29,COLLECT COD,MAIL, carefully 
34117-1,34117,1620,21,1,35.00,53256.70,0.05,0.06,R,F,1992-02-13,1992-04-06,1992-02-26,DELIVER IN PERSON,FOB,ecial ideas affix fluffily unusual 
34117-2,34117,1945,90,2,49.00,90500.06,0.09,0.08,R,F,1992-03-10,1992-04-28,1992-03-19,TAKE BACK RETURN,REG AIR,y final instructions hag
34117-3,34117,621,22,3,27.00,41083.74,0.09,0.07,R,F,1992-04-22,1992-04-05,1992-05-03,TAKE BACK RETURN,FOB,encies. carefully ironic asymptotes are aft
34117-4,34117,242,24,4,27.00,30840.48,0.00,0.07,R,F,1992-04-19,1992-03-17,1992-05-13,COLLECT COD,FOB,ickly depende
34117-5,34117,1973,6,5,42.00,78748.74,0.02,0.00,A,F,1992-04-17,1992-03-20,1992-04-23,COLLECT COD,SHIP,d the slyl
34118-1,34118,1286,24,1,13.00,15434.64,0.10,0.01,N,O,1997-07-28,1997-09-28,1997-08-18,TAKE BACK RETURN,RAIL,thely ironic plate
34118-2,34118,1783,68,2,1.00,1684.78,0.08,0.00,N,O,1997-10-25,1997-09-13,1997-11-03,NONE,SHIP,its. slyly regular deposits haggle finally
34118-3,34118,784,17,3,4.00,6739.12,0.09,0.04,N,O,1997-11-04,1997-09-06,1997-12-01,NONE,AIR,ainst the quickly s
34119-1,34119,1194,95,1,30.00,32855.70,0.10,0.00,N,O,1997-10-31,1998-01-07,1997-11-17,NONE,RAIL,blithely. bravely ironic a
34119-2,34119,1569,50,2,14.00,20587.84,0.01,0.00,N,O,1997-10-21,1997-11-25,1997-10-24,TAKE BACK RETURN,REG AIR,st across the regular asymptotes. qu
34119-3,34119,371,100,3,46.00,58483.02,0.05,0.03,N,O,1997-12-07,1998-01-02,1997-12-26,NONE,TRUCK,quickly quiet i
34119-4,34119,1305,20,4,33.00,39807.90,0.09,0.06,N,O,1997-12-08,1997-12-28,1997-12-14,NONE,TRUCK,ep furiously regular p
34144-1,34144,480,68,1,31.00,42794.88,0.08,0.05,R,F,1994-08-19,1994-08-26,1994-09-02,COLLECT COD,AIR,d foxes hagg
34144-2,34144,1016,22,2,3.00,2751.03,0.08,0.08,R,F,1994-07-14,1994-07-25,1994-07-20,TAKE BACK RETURN,FOB,"d stealthily close, ironi"
34144-3,34144,358,59,3,26.00,32717.10,0.01,0.08,R,F,1994-09-10,1994-07-13,1994-09-22,COLLECT COD,SHIP,"ttainments poach slyly. regular, regula"
34145-1,34145,781,82,1,45.00,75680.10,0.07,0.05,A,F,1992-02-12,1992-02-12,1992-02-16,TAKE BACK RETURN,AIR,ess theodolites. carefully th
34145-2,34145,230,31,2,14.00,15823.22,0.06,0.00,R,F,1992-02-12,1992-02-06,1992-03-05,DELIVER IN PERSON,SHIP,xpress accounts wake fluffily 
34146-1,34146,1686,87,1,46.00,73033.28,0.01,0.03,N,O,1998-07-08,1998-08-23,1998-07-25,COLLECT COD,SHIP,"ar, even accounts. silent dol"
34147-1,34147,563,64,1,30.00,43906.80,0.03,0.02,N,O,1997-02-12,1996-12-17,1997-02-23,COLLECT COD,REG AIR,es x-ray blithe
34148-1,34148,1322,23,1,23.00,28136.36,0.01,0.05,A,F,1992-09-07,1992-11-17,1992-09-12,DELIVER IN PERSON,SHIP,ites. instructions alongsid
34148-2,34148,1506,47,2,39.00,54892.50,0.08,0.03,R,F,1992-09-26,1992-11-09,1992-09-30,TAKE BACK RETURN,MAIL,etect above the carefully expre
34148-3,34148,263,18,3,29.00,33734.54,0.04,0.05,A,F,1992-11-26,1992-09-28,1992-11-29,COLLECT COD,AIR,inal requests. pending packages nag a
34148-4,34148,1826,56,4,37.00,63929.34,0.00,0.07,R,F,1992-11-22,1992-10-27,1992-11-29,NONE,AIR,carefully unusual instructions. blithel
34148-5,34148,243,44,5,9.00,10289.16,0.08,0.05,A,F,1992-11-13,1992-10-21,1992-11-22,COLLECT COD,FOB,press ideas. furious
34148-6,34148,518,79,6,41.00,58158.91,0.06,0.08,A,F,1992-09-07,1992-09-23,1992-09-24,NONE,AIR, pending dolp
34148-7,34148,224,79,7,9.00,10117.98,0.10,0.03,A,F,1992-10-05,1992-10-01,1992-10-23,TAKE BACK RETURN,SHIP,cording to the carefully pendin
34149-1,34149,789,54,1,40.00,67591.20,0.04,0.07,N,O,1997-11-26,1997-10-13,1997-12-23,TAKE BACK RETURN,RAIL,sts above the regular deposits are at th
34149-2,34149,1402,81,2,25.00,32585.00,0.07,0.06,N,O,1997-11-12,1997-10-23,1997-11-19,COLLECT COD,RAIL,pecial gifts? furiously re
34149-3,34149,946,49,3,22.00,40632.68,0.10,0.02,N,O,1997-09-28,1997-11-22,1997-10-14,NONE,TRUCK,"ts was carefully regular, special requests"
34149-4,34149,830,31,4,23.00,39809.09,0.07,0.02,N,O,1997-12-26,1997-11-26,1998-01-21,NONE,SHIP,print carefully for the c
34149-5,34149,225,53,5,8.00,9001.76,0.03,0.04,N,O,1997-10-31,1997-10-16,1997-11-13,TAKE BACK RETURN,AIR," theodolites. final, special accounts ha"
34149-6,34149,1853,83,6,16.00,28077.60,0.05,0.04,N,O,1997-11-10,1997-11-23,1997-11-28,DELIVER IN PERSON,TRUCK,inst the furiously ironic pi
34150-1,34150,195,48,1,41.00,44902.79,0.00,0.04,A,F,1993-04-06,1993-03-25,1993-05-05,TAKE BACK RETURN,MAIL,fily accordi
34150-2,34150,1800,27,2,12.00,20421.60,0.04,0.00,R,F,1993-04-27,1993-05-08,1993-05-16,DELIVER IN PERSON,REG AIR,unts. furious
34150-3,34150,1217,29,3,22.00,24600.62,0.02,0.04,R,F,1993-04-11,1993-04-21,1993-04-20,DELIVER IN PERSON,SHIP, asymptotes after the furious
34151-1,34151,686,80,1,12.00,19040.16,0.05,0.02,N,O,1995-10-03,1995-10-12,1995-10-17,TAKE BACK RETURN,RAIL,inal packag
34151-2,34151,1564,5,2,30.00,43966.80,0.07,0.04,N,O,1995-10-13,1995-12-01,1995-11-10,COLLECT COD,RAIL,t the furiously regular hocke
34151-3,34151,1092,63,3,10.00,9930.90,0.03,0.04,N,O,1995-09-14,1995-10-10,1995-10-07,TAKE BACK RETURN,SHIP,sits sleep sly
34151-4,34151,839,39,4,23.00,40016.09,0.00,0.02,N,O,1995-10-10,1995-10-27,1995-10-12,NONE,AIR,ckages. blithely unusual deposits abo
34151-5,34151,1970,59,5,36.00,67390.92,0.02,0.03,N,O,1995-10-15,1995-10-20,1995-10-16,COLLECT COD,RAIL,leep across the bo
34151-6,34151,212,40,6,34.00,37815.14,0.05,0.04,N,O,1995-10-24,1995-10-31,1995-11-10,DELIVER IN PERSON,MAIL,the accounts. furiously 
34151-7,34151,400,1,7,42.00,54616.80,0.00,0.00,N,O,1995-10-28,1995-10-28,1995-11-14,DELIVER IN PERSON,TRUCK, slyly patterns. blithely regula
34176-1,34176,1380,95,1,46.00,58943.48,0.05,0.06,A,F,1994-04-17,1994-05-15,1994-05-17,DELIVER IN PERSON,MAIL,lessly requests. furiously final foxes 
34177-1,34177,995,98,1,19.00,36023.81,0.03,0.04,R,F,1994-10-06,1994-10-25,1994-10-28,TAKE BACK RETURN,FOB, furiously pending accounts. regular a
34177-2,34177,1387,2,2,50.00,64419.00,0.07,0.03,A,F,1994-12-10,1994-10-15,1995-01-04,TAKE BACK RETURN,REG AIR,atelets. slyly regular
34177-3,34177,532,63,3,22.00,31515.66,0.06,0.01,R,F,1994-11-22,1994-10-30,1994-12-09,TAKE BACK RETURN,MAIL,gular accounts 
34177-4,34177,816,16,4,37.00,63521.97,0.00,0.06,R,F,1994-08-23,1994-11-03,1994-09-06,TAKE BACK RETURN,TRUCK,old accounts sleep r
34177-5,34177,1836,23,5,22.00,38232.26,0.00,0.02,A,F,1994-12-04,1994-10-25,1994-12-30,TAKE BACK RETURN,MAIL,s. slyly final ideas 
34177-6,34177,725,90,6,7.00,11380.04,0.02,0.07,R,F,1994-09-09,1994-11-07,1994-09-17,NONE,FOB,"en, unusual deposits. furiously ironic "
34178-1,34178,1019,90,1,15.00,13800.15,0.01,0.03,N,O,1996-01-26,1995-12-09,1996-02-21,COLLECT COD,TRUCK,xes are carefully accord
34178-2,34178,783,16,2,23.00,38726.94,0.04,0.05,N,O,1995-12-06,1995-12-28,1995-12-15,NONE,MAIL,he fluffily even pinto beans bo
34178-3,34178,1254,55,3,16.00,18484.00,0.04,0.00,N,O,1996-03-05,1995-12-18,1996-03-30,DELIVER IN PERSON,FOB,nusual instructions. doggedly regular re
34178-4,34178,1580,21,4,37.00,54818.46,0.02,0.01,N,O,1996-01-18,1995-12-28,1996-02-06,COLLECT COD,TRUCK,"ly furiously even foxes. final,"
34179-1,34179,835,69,1,18.00,31244.94,0.04,0.03,N,O,1995-12-13,1995-12-29,1996-01-06,DELIVER IN PERSON,MAIL,"ged, pending requests cajole care"
34179-2,34179,325,10,2,35.00,42886.20,0.00,0.08,N,O,1995-11-16,1995-12-12,1995-12-11,DELIVER IN PERSON,REG AIR,ckly regular requests. slyly final excuse
34179-3,34179,1004,5,3,32.00,28960.00,0.03,0.00,N,O,1996-02-13,1996-01-28,1996-02-26,TAKE BACK RETURN,FOB,gle blithely unusual ins
34179-4,34179,392,77,4,10.00,12923.90,0.01,0.02,N,O,1995-12-21,1995-12-31,1996-01-15,TAKE BACK RETURN,FOB,ding foxes. blithel
34180-1,34180,1450,51,1,50.00,67572.50,0.02,0.08,N,O,1995-12-06,1995-11-20,1995-12-24,TAKE BACK RETURN,RAIL,cajole carefully. 
34180-2,34180,966,1,2,47.00,87747.12,0.10,0.01,N,O,1995-10-24,1995-11-24,1995-10-26,NONE,MAIL,uriously pending requests. blithely regu
34180-3,34180,1481,82,3,36.00,49769.28,0.08,0.03,N,O,1995-12-25,1995-11-23,1996-01-11,COLLECT COD,AIR,le carefully quick
34180-4,34180,974,75,4,17.00,31874.49,0.05,0.08,N,O,1995-11-10,1995-11-17,1995-11-14,NONE,REG AIR,ic packages. regular requests affix quic
34180-5,34180,1895,96,5,38.00,68281.82,0.08,0.05,N,O,1995-10-29,1995-11-25,1995-11-21,COLLECT COD,SHIP, the furiously regular accounts. fi
34181-1,34181,1873,17,1,13.00,23073.31,0.00,0.08,N,O,1998-02-07,1998-02-03,1998-02-21,DELIVER IN PERSON,RAIL,es cajole carefu
34181-2,34181,90,41,2,24.00,23762.16,0.10,0.01,N,O,1998-02-25,1998-02-05,1998-03-10,TAKE BACK RETURN,REG AIR,mptotes sleep qui
34181-3,34181,437,25,3,1.00,1337.43,0.08,0.05,N,O,1998-01-07,1998-01-22,1998-01-11,TAKE BACK RETURN,SHIP,sly about the care
34182-1,34182,1759,2,1,25.00,41518.75,0.09,0.07,R,F,1992-11-24,1993-01-13,1992-11-26,DELIVER IN PERSON,MAIL,ccording to the packages. bus
34182-2,34182,7,8,2,47.00,42629.00,0.02,0.05,R,F,1992-10-19,1992-11-17,1992-11-09,DELIVER IN PERSON,TRUCK,foxes around the iro
34183-1,34183,626,27,1,15.00,22899.30,0.05,0.05,R,F,1994-06-29,1994-07-27,1994-07-14,DELIVER IN PERSON,TRUCK,s. silent accounts bo
34208-1,34208,725,58,1,13.00,21134.36,0.01,0.07,R,F,1994-10-02,1994-10-02,1994-10-10,TAKE BACK RETURN,REG AIR,ly. regular platelets 
34208-2,34208,921,56,2,38.00,69232.96,0.03,0.05,A,F,1994-12-09,1994-09-18,1994-12-30,COLLECT COD,RAIL, regular accounts. requests haggle. ironi
34209-1,34209,1517,38,1,37.00,52484.87,0.05,0.08,A,F,1993-10-11,1993-09-29,1993-10-28,TAKE BACK RETURN,MAIL,. furiously pending
34209-2,34209,1993,94,2,25.00,47374.75,0.03,0.01,R,F,1993-09-22,1993-11-18,1993-10-17,DELIVER IN PERSON,REG AIR,yly according to the
34209-3,34209,1841,28,3,3.00,5228.52,0.06,0.03,R,F,1993-11-07,1993-10-28,1993-11-15,DELIVER IN PERSON,TRUCK,"ges. regular, bold dep"
34209-4,34209,558,89,4,34.00,49590.70,0.08,0.04,A,F,1993-11-22,1993-11-05,1993-12-17,DELIVER IN PERSON,TRUCK,heodolites-- fluffily b
34209-5,34209,1390,67,5,50.00,64569.50,0.07,0.07,A,F,1993-12-01,1993-11-13,1993-12-13,DELIVER IN PERSON,REG AIR,". permanent, final dugouts cajole qui"
34209-6,34209,630,62,6,41.00,62755.83,0.00,0.05,R,F,1993-11-21,1993-10-20,1993-11-22,COLLECT COD,RAIL, regular asymptotes accord
34210-1,34210,697,98,1,49.00,78286.81,0.08,0.04,N,O,1997-07-26,1997-08-21,1997-08-10,TAKE BACK RETURN,AIR, even packages boost evenly 
34210-2,34210,787,52,2,12.00,20253.36,0.05,0.07,N,O,1997-09-11,1997-09-01,1997-10-09,NONE,MAIL,ckages alon
34210-3,34210,945,80,3,29.00,53532.26,0.07,0.05,N,O,1997-09-15,1997-08-24,1997-10-10,NONE,TRUCK,deposits. furiously sl
34210-4,34210,1140,41,4,46.00,47892.44,0.10,0.02,N,O,1997-07-19,1997-07-31,1997-07-24,COLLECT COD,AIR,thely; quickly
34210-5,34210,769,34,5,33.00,55102.08,0.01,0.05,N,O,1997-06-22,1997-07-31,1997-07-08,NONE,SHIP,nding packages hang dogg
34210-6,34210,1438,17,6,41.00,54916.63,0.01,0.01,N,O,1997-08-21,1997-08-24,1997-09-12,TAKE BACK RETURN,SHIP,"nder the regular, i"
34211-1,34211,172,99,1,39.00,41814.63,0.01,0.03,R,F,1992-04-30,1992-03-17,1992-05-04,NONE,SHIP,mptotes run carefully p
34211-2,34211,1611,35,2,22.00,33277.42,0.07,0.08,R,F,1992-03-07,1992-05-05,1992-03-23,DELIVER IN PERSON,FOB,regular packages alo
34211-3,34211,1039,45,3,45.00,42301.35,0.02,0.02,R,F,1992-04-30,1992-04-08,1992-05-05,TAKE BACK RETURN,AIR, use carefully-- blit
34212-1,34212,27,3,1,35.00,32445.70,0.08,0.02,N,O,1996-06-02,1996-05-11,1996-06-26,DELIVER IN PERSON,FOB,pending pinto beans with the dependencies e
34212-2,34212,7,33,2,33.00,29931.00,0.10,0.05,N,O,1996-06-17,1996-05-20,1996-07-08,TAKE BACK RETURN,TRUCK, packages. pending foxes haggle alo
34212-3,34212,1940,73,3,3.00,5525.82,0.09,0.01,N,O,1996-06-17,1996-06-08,1996-06-25,COLLECT COD,RAIL,ve the special i
34212-4,34212,163,64,4,1.00,1063.16,0.03,0.04,N,O,1996-04-11,1996-05-11,1996-04-30,NONE,SHIP,y unusual packages haggle furiously. unus
34212-5,34212,131,58,5,34.00,35058.42,0.01,0.03,N,O,1996-07-03,1996-06-27,1996-07-20,TAKE BACK RETURN,FOB,"ronic requests. regular, unusual gro"
34212-6,34212,1882,26,6,2.00,3567.76,0.06,0.05,N,O,1996-05-31,1996-05-23,1996-06-14,DELIVER IN PERSON,FOB,requests cajol
34212-7,34212,1200,9,7,3.00,3303.60,0.07,0.00,N,O,1996-04-26,1996-05-20,1996-05-16,NONE,FOB,about the iron
34213-1,34213,1008,44,1,50.00,45450.00,0.05,0.07,N,O,1997-07-22,1997-06-24,1997-08-21,COLLECT COD,REG AIR,counts haggle carefully ironic
34213-2,34213,4,5,2,36.00,32544.00,0.03,0.01,N,O,1997-05-19,1997-08-09,1997-05-29,TAKE BACK RETURN,AIR, nag ironic req
34213-3,34213,339,68,3,3.00,3717.99,0.10,0.02,N,O,1997-08-19,1997-08-01,1997-08-20,NONE,AIR,ges. slyly even deposi
34213-4,34213,1371,72,4,26.00,33081.62,0.03,0.04,N,O,1997-07-25,1997-07-29,1997-08-04,DELIVER IN PERSON,REG AIR,ven deposits
34213-5,34213,1867,11,5,15.00,26532.90,0.08,0.03,N,O,1997-06-26,1997-06-22,1997-07-02,COLLECT COD,SHIP,cing requests toward the regular acc
34214-1,34214,19,20,1,20.00,18380.20,0.03,0.06,N,O,1998-06-16,1998-07-24,1998-07-01,TAKE BACK RETURN,TRUCK,"ncies. bold, even requests after th"
34214-2,34214,554,85,2,37.00,53818.35,0.05,0.07,N,O,1998-07-10,1998-07-12,1998-07-15,NONE,FOB,te the instructions. ideas cajole blit
34214-3,34214,1593,14,3,50.00,74729.50,0.08,0.02,N,O,1998-05-25,1998-06-13,1998-06-11,COLLECT COD,FOB,its. ideas sleep 
34215-1,34215,1570,91,1,22.00,32374.54,0.05,0.00,A,F,1995-05-24,1995-07-02,1995-05-25,NONE,MAIL, special requests affix quickly. s
34215-2,34215,876,10,2,44.00,78182.28,0.09,0.03,N,F,1995-06-06,1995-07-01,1995-06-23,TAKE BACK RETURN,FOB,"l deposits. regular, pending acc"
34215-3,34215,1226,1,3,28.00,31562.16,0.04,0.02,A,F,1995-06-10,1995-06-22,1995-06-16,TAKE BACK RETURN,AIR,xpress dolphins
34215-4,34215,208,36,4,42.00,46544.40,0.08,0.05,N,O,1995-07-26,1995-06-25,1995-08-02,NONE,FOB,pinto beans. furiously final pinto
34240-1,34240,53,79,1,45.00,42887.25,0.01,0.01,N,O,1997-09-29,1997-10-31,1997-10-26,DELIVER IN PERSON,FOB,y regular instru
34240-2,34240,430,60,2,38.00,50556.34,0.05,0.01,N,O,1997-12-22,1997-12-10,1998-01-05,TAKE BACK RETURN,AIR,"rses. final, expres"
34240-3,34240,153,80,3,6.00,6318.90,0.07,0.06,N,O,1997-12-07,1997-12-09,1998-01-06,COLLECT COD,TRUCK,al accounts integ
34240-4,34240,1443,22,4,36.00,48399.84,0.09,0.05,N,O,1997-12-27,1997-11-30,1998-01-13,TAKE BACK RETURN,AIR,ully. regular platelets are slyly
34240-5,34240,577,8,5,16.00,23641.12,0.03,0.00,N,O,1997-12-23,1997-11-19,1998-01-02,TAKE BACK RETURN,AIR,e quickly regular packages. express courts
34241-1,34241,357,14,1,36.00,45264.60,0.09,0.08,R,F,1992-10-12,1992-11-23,1992-11-01,DELIVER IN PERSON,MAIL,gle slyly amo
34241-2,34241,317,18,2,33.00,40171.23,0.09,0.08,R,F,1992-10-31,1992-12-13,1992-11-08,NONE,FOB,. bold dep
34241-3,34241,1262,100,3,15.00,17448.90,0.00,0.00,R,F,1992-10-29,1992-11-09,1992-11-20,COLLECT COD,AIR,heodolites.
34242-1,34242,1111,20,1,40.00,40484.40,0.00,0.00,N,O,1998-09-22,1998-09-19,1998-10-04,NONE,MAIL,uickly unusual requests. ironic accoun
34242-2,34242,289,17,2,34.00,40435.52,0.00,0.04,N,O,1998-09-01,1998-07-23,1998-09-03,TAKE BACK RETURN,FOB,ost blithely fluf
34242-3,34242,724,21,3,49.00,79611.28,0.01,0.01,N,O,1998-07-14,1998-08-01,1998-07-15,DELIVER IN PERSON,MAIL,p along the furiously final dinos. quick p
34243-1,34243,1709,36,1,14.00,22549.80,0.10,0.04,R,F,1995-02-16,1995-04-03,1995-03-01,COLLECT COD,AIR,s. final dep
34243-2,34243,1994,95,2,34.00,64463.66,0.04,0.03,A,F,1995-04-14,1995-05-11,1995-04-20,NONE,REG AIR, the furio
34243-3,34243,1836,23,3,37.00,64299.71,0.00,0.04,A,F,1995-04-26,1995-04-13,1995-05-24,TAKE BACK RETURN,RAIL,deas boost carefu
34243-4,34243,310,39,4,15.00,18154.65,0.10,0.08,R,F,1995-02-26,1995-03-26,1995-03-15,DELIVER IN PERSON,AIR,inal escapades sublate. slyly s
34243-5,34243,813,13,5,44.00,75407.64,0.10,0.08,R,F,1995-04-30,1995-05-13,1995-05-25,NONE,RAIL,osits nag braid
34243-6,34243,1706,91,6,14.00,22507.80,0.10,0.07,R,F,1995-03-19,1995-03-26,1995-04-13,DELIVER IN PERSON,REG AIR,theodolites. slyly unusual packages
34244-1,34244,219,47,1,20.00,22384.20,0.08,0.01,A,F,1993-10-20,1993-12-17,1993-10-29,COLLECT COD,REG AIR,luffily final deposits wak
34244-2,34244,337,94,2,34.00,42069.22,0.10,0.03,R,F,1993-11-01,1993-11-23,1993-11-21,NONE,REG AIR,ng the packages. quickly
34244-3,34244,782,83,3,26.00,43752.28,0.06,0.04,A,F,1993-11-11,1993-10-31,1993-12-01,DELIVER IN PERSON,REG AIR,lly even deposits. blithely special idea
34244-4,34244,276,77,4,24.00,28230.48,0.06,0.01,A,F,1993-12-27,1993-11-26,1994-01-13,TAKE BACK RETURN,RAIL,kages cajole slyly across the busily 
34245-1,34245,73,99,1,33.00,32111.31,0.07,0.07,A,F,1993-04-13,1993-04-07,1993-04-22,DELIVER IN PERSON,AIR,its haggle quickly about t
34245-2,34245,824,25,2,5.00,8624.10,0.02,0.00,A,F,1993-06-07,1993-04-25,1993-06-28,COLLECT COD,TRUCK,tions sleep about the ironic pack
34245-3,34245,1610,52,3,35.00,52906.35,0.01,0.02,A,F,1993-04-09,1993-03-29,1993-05-02,NONE,RAIL,efully quickly p
34245-4,34245,515,46,4,15.00,21232.65,0.09,0.03,R,F,1993-06-07,1993-03-20,1993-07-04,COLLECT COD,REG AIR,ies nag furiously. fluffi
34246-1,34246,644,38,1,19.00,29348.16,0.05,0.00,R,F,1993-11-30,1993-11-12,1993-12-08,NONE,RAIL,among the slyly final foxes haggle 
34246-2,34246,1326,27,2,40.00,49092.80,0.09,0.07,R,F,1993-12-08,1993-12-01,1993-12-24,NONE,TRUCK,ithely ruthless foxes haggle bu
34246-3,34246,889,89,3,43.00,76964.84,0.04,0.01,R,F,1994-01-04,1993-12-17,1994-01-14,DELIVER IN PERSON,RAIL,refully pending packages haggle fur
34246-4,34246,98,24,4,24.00,23954.16,0.02,0.00,A,F,1993-12-19,1993-11-26,1994-01-06,DELIVER IN PERSON,MAIL,ts. pending asymptotes x-ray about the bl
34246-5,34246,248,3,5,4.00,4592.96,0.07,0.02,R,F,1993-12-26,1993-11-19,1994-01-25,DELIVER IN PERSON,REG AIR,"he regular, express"
34246-6,34246,1310,25,6,24.00,29071.44,0.08,0.03,R,F,1994-01-12,1993-11-18,1994-02-08,COLLECT COD,TRUCK,ncies boost
34247-1,34247,1162,71,1,13.00,13821.08,0.00,0.04,R,F,1994-05-19,1994-05-06,1994-06-05,DELIVER IN PERSON,TRUCK,blithely. deposits across the 
34272-1,34272,1810,97,1,24.00,41083.44,0.10,0.03,N,O,1997-05-13,1997-05-24,1997-05-29,COLLECT COD,FOB,s. express deposits cajole blithely p
34272-2,34272,1063,99,2,24.00,23137.44,0.04,0.05,N,O,1997-05-07,1997-06-05,1997-05-16,TAKE BACK RETURN,SHIP,y ironic dependencies
34273-1,34273,1002,38,1,50.00,45150.00,0.04,0.04,N,O,1996-10-04,1996-10-18,1996-10-10,DELIVER IN PERSON,SHIP,posits according to the slyl
34273-2,34273,266,67,2,40.00,46650.40,0.06,0.07,N,O,1996-11-24,1996-10-29,1996-12-01,DELIVER IN PERSON,SHIP, sleep sly
34273-3,34273,1480,59,3,1.00,1381.48,0.03,0.07,N,O,1996-08-20,1996-10-20,1996-09-03,DELIVER IN PERSON,MAIL,usly special asymptot
34273-4,34273,865,99,4,10.00,17658.60,0.02,0.01,N,O,1996-08-19,1996-10-18,1996-09-11,NONE,AIR,y permanent instruc
34273-5,34273,360,89,5,29.00,36550.44,0.08,0.00,N,O,1996-11-23,1996-09-16,1996-12-04,NONE,SHIP, after the blithely spe
34273-6,34273,790,23,6,3.00,5072.37,0.03,0.06,N,O,1996-10-26,1996-11-03,1996-11-06,NONE,TRUCK,al ideas shall nag blithely abou
34274-1,34274,294,22,1,36.00,42994.44,0.01,0.01,A,F,1993-04-24,1993-05-08,1993-05-01,DELIVER IN PERSON,SHIP,requests wake along the special 
34274-2,34274,1783,26,2,41.00,69075.98,0.03,0.00,A,F,1993-04-05,1993-04-14,1993-04-28,NONE,RAIL,arefully fi
34274-3,34274,685,86,3,16.00,25370.88,0.02,0.03,R,F,1993-03-18,1993-04-17,1993-04-10,NONE,MAIL,egular pinto 
34275-1,34275,1040,46,1,30.00,28231.20,0.00,0.01,A,F,1994-09-20,1994-08-17,1994-10-14,COLLECT COD,RAIL, grow never. silent depths a
34275-2,34275,667,61,2,20.00,31353.20,0.07,0.08,A,F,1994-08-29,1994-09-24,1994-09-03,DELIVER IN PERSON,MAIL,. fluffy deposits a
34275-3,34275,935,36,3,14.00,25703.02,0.08,0.07,R,F,1994-10-22,1994-09-09,1994-11-02,NONE,MAIL,fully bold ideas eat busily at the qui
34276-1,34276,1191,28,1,2.00,2184.38,0.06,0.01,A,F,1992-04-21,1992-04-23,1992-05-08,COLLECT COD,MAIL,lites haggle fluffily
34276-2,34276,365,22,2,46.00,58206.56,0.00,0.04,A,F,1992-03-17,1992-04-27,1992-04-05,TAKE BACK RETURN,FOB,lar platelets according to the re
34277-1,34277,686,87,1,47.00,74573.96,0.04,0.07,N,O,1997-12-16,1997-11-09,1998-01-07,DELIVER IN PERSON,TRUCK,atelets. regu
34277-2,34277,1168,5,2,25.00,26729.00,0.06,0.01,N,O,1997-12-16,1997-10-04,1997-12-17,NONE,MAIL,lites use slyly ironic asymptotes. r
34278-1,34278,835,35,1,7.00,12150.81,0.06,0.05,N,O,1997-06-09,1997-04-27,1997-06-24,NONE,REG AIR,the careful
34278-2,34278,1253,54,2,50.00,57712.50,0.10,0.02,N,O,1997-04-28,1997-05-11,1997-05-04,COLLECT COD,RAIL,an sleep furiously carefully pending i
34278-3,34278,1836,37,3,14.00,24329.62,0.09,0.05,N,O,1997-05-05,1997-05-01,1997-05-19,DELIVER IN PERSON,REG AIR,instructions use
34278-4,34278,1864,8,4,16.00,28253.76,0.07,0.06,N,O,1997-04-21,1997-04-14,1997-04-23,TAKE BACK RETURN,AIR, express deposits 
34278-5,34278,376,61,5,19.00,24251.03,0.05,0.05,N,O,1997-05-18,1997-05-07,1997-05-25,COLLECT COD,FOB,e. fluffily eve
34279-1,34279,333,18,1,15.00,18499.95,0.08,0.08,A,F,1992-05-08,1992-06-06,1992-05-21,NONE,SHIP,ernes. furiously unusual pac
34279-2,34279,566,67,2,40.00,58662.40,0.04,0.06,A,F,1992-04-16,1992-05-25,1992-04-19,TAKE BACK RETURN,FOB,kly even requ
34279-3,34279,1184,21,3,43.00,46662.74,0.00,0.05,A,F,1992-07-10,1992-05-12,1992-08-07,DELIVER IN PERSON,FOB,lar packages boost slyly. f
34279-4,34279,1305,44,4,18.00,21713.40,0.05,0.01,R,F,1992-05-04,1992-05-10,1992-05-07,NONE,TRUCK,ses affix. carefully special request
34279-5,34279,1390,91,5,30.00,38741.70,0.00,0.05,A,F,1992-06-05,1992-05-12,1992-06-30,COLLECT COD,FOB,bold reque
34279-6,34279,1661,85,6,27.00,42191.82,0.08,0.07,A,F,1992-05-13,1992-05-19,1992-05-26,NONE,TRUCK,final asymptotes.
34304-1,34304,892,93,1,8.00,14343.12,0.00,0.02,R,F,1994-05-12,1994-06-03,1994-05-22,COLLECT COD,TRUCK,usual grouches against the unusua
34305-1,34305,1625,8,1,33.00,50378.46,0.09,0.06,A,F,1993-05-17,1993-03-28,1993-06-04,NONE,AIR,riously alon
34305-2,34305,1258,96,2,35.00,40573.75,0.02,0.07,A,F,1993-06-08,1993-04-22,1993-07-08,COLLECT COD,AIR,etly even accounts x-ray a
34305-3,34305,1758,1,3,34.00,56431.50,0.07,0.02,R,F,1993-03-17,1993-04-03,1993-03-28,DELIVER IN PERSON,MAIL,ily even pinto 
34306-1,34306,1841,28,1,28.00,48799.52,0.06,0.07,N,O,1997-04-09,1997-04-01,1997-04-25,NONE,AIR,tainments. slyly final pinto bea
34306-2,34306,1157,58,2,20.00,21163.00,0.08,0.02,N,O,1997-01-28,1997-04-10,1997-02-02,TAKE BACK RETURN,RAIL,ly regular ideas. quickly ironic pinto bean
34306-3,34306,285,13,3,45.00,53337.60,0.01,0.06,N,O,1997-03-14,1997-04-18,1997-04-08,DELIVER IN PERSON,TRUCK,egular escapades nag idl
34306-4,34306,699,93,4,48.00,76785.12,0.05,0.02,N,O,1997-02-08,1997-03-14,1997-02-12,NONE,MAIL,s the ironic accounts. fluffil
34306-5,34306,1387,64,5,26.00,33497.88,0.08,0.00,N,O,1997-05-27,1997-03-06,1997-05-28,NONE,AIR,inal instructions. slyly final ideas s
34306-6,34306,1903,48,6,13.00,23463.70,0.00,0.04,N,O,1997-04-27,1997-04-04,1997-05-23,DELIVER IN PERSON,MAIL,s haggle furiou
34307-1,34307,1300,12,1,25.00,30032.50,0.04,0.07,A,F,1993-05-02,1993-04-29,1993-05-19,COLLECT COD,RAIL,nto beans. regular 
34307-2,34307,851,85,2,22.00,38540.70,0.01,0.06,A,F,1993-04-19,1993-05-23,1993-04-26,COLLECT COD,SHIP,posits across the carefull
34308-1,34308,147,26,1,34.00,35602.76,0.05,0.06,A,F,1994-02-20,1994-02-20,1994-03-10,COLLECT COD,FOB,ts would are quickly bold packages; re
34308-2,34308,730,31,2,22.00,35876.06,0.04,0.04,A,F,1994-02-22,1994-03-11,1994-03-14,COLLECT COD,TRUCK, ironic foxes. even asymptotes at the 
34308-3,34308,211,93,3,19.00,21112.99,0.03,0.05,R,F,1994-02-26,1994-01-23,1994-03-20,NONE,REG AIR,st the slyly regular deposits c
34309-1,34309,106,59,1,35.00,35213.50,0.06,0.04,R,F,1992-11-21,1992-11-08,1992-12-18,NONE,FOB,ns haggle furiously at the furiously u
34310-1,34310,1690,73,1,9.00,14325.21,0.04,0.03,N,O,1996-05-28,1996-06-04,1996-06-09,TAKE BACK RETURN,RAIL,lly even hockey players cajole 
34310-2,34310,1662,4,2,27.00,42218.82,0.02,0.03,N,O,1996-05-10,1996-05-11,1996-05-11,COLLECT COD,AIR,ests. furiously regular account
34311-1,34311,630,93,1,20.00,30612.60,0.10,0.08,R,F,1994-12-31,1994-10-14,1995-01-16,COLLECT COD,TRUCK,dolites detect fluffily. carefully expr
34311-2,34311,1549,70,2,37.00,53669.98,0.09,0.00,R,F,1994-12-27,1994-10-26,1995-01-24,TAKE BACK RETURN,MAIL, unusual deposits integrate. e
34311-3,34311,393,94,3,23.00,29747.97,0.08,0.05,R,F,1994-10-24,1994-11-11,1994-11-07,COLLECT COD,MAIL,es. furiously b
34311-4,34311,710,75,4,6.00,9664.26,0.10,0.07,A,F,1994-11-07,1994-11-09,1994-11-21,DELIVER IN PERSON,AIR,unts. quickly unusual accounts grow qui
34311-5,34311,216,71,5,43.00,47997.03,0.07,0.05,R,F,1994-10-27,1994-12-02,1994-11-23,DELIVER IN PERSON,SHIP,nic deposits.
34311-6,34311,833,33,6,29.00,50281.07,0.09,0.00,A,F,1994-10-16,1994-10-19,1994-11-15,TAKE BACK RETURN,FOB,ng the furiously ruthless warhorses s
34336-1,34336,969,72,1,33.00,61708.68,0.04,0.01,N,O,1997-09-24,1997-09-16,1997-10-05,COLLECT COD,RAIL,tions. quickly final requests engage
34336-2,34336,1879,80,2,33.00,58768.71,0.06,0.07,N,O,1997-10-05,1997-09-26,1997-10-27,TAKE BACK RETURN,REG AIR,unusual deposits sleep slyly after the f
34336-3,34336,383,40,3,20.00,25667.60,0.09,0.02,N,O,1997-10-08,1997-09-09,1997-10-28,NONE,MAIL,ckly. foxes nag carefully s
34336-4,34336,447,35,4,39.00,52550.16,0.05,0.08,N,O,1997-09-15,1997-09-22,1997-09-18,NONE,FOB,g blithely. somas use sly
34337-1,34337,1251,63,1,15.00,17283.75,0.02,0.08,A,F,1993-07-22,1993-07-15,1993-08-08,NONE,REG AIR, final instructions across the ruthless
34337-2,34337,1691,92,2,5.00,7963.45,0.01,0.02,A,F,1993-06-03,1993-06-14,1993-06-13,COLLECT COD,RAIL,us accounts. furiousl
34337-3,34337,1281,56,3,28.00,33103.84,0.00,0.05,A,F,1993-07-16,1993-06-25,1993-08-13,COLLECT COD,TRUCK,its cajole carefully dolphins. f
34338-1,34338,142,43,1,1.00,1042.14,0.10,0.07,A,F,1993-10-01,1993-08-14,1993-10-26,COLLECT COD,SHIP,arefully slyly f
34339-1,34339,1235,47,1,38.00,43176.74,0.03,0.01,A,F,1992-06-15,1992-06-29,1992-06-18,NONE,REG AIR,ajole. blithel
34339-2,34339,910,45,2,43.00,77869.13,0.00,0.03,R,F,1992-05-15,1992-07-30,1992-06-01,TAKE BACK RETURN,SHIP, the furiou
34339-3,34339,385,86,3,46.00,59127.48,0.09,0.01,R,F,1992-08-16,1992-07-31,1992-09-12,NONE,RAIL, sleep carefully. blithely even p
34339-4,34339,474,4,4,27.00,37110.69,0.03,0.04,R,F,1992-08-11,1992-07-22,1992-08-29,COLLECT COD,RAIL, carefully silent pinto beans. slyl
34339-5,34339,489,48,5,17.00,23621.16,0.10,0.06,R,F,1992-08-26,1992-07-16,1992-08-27,NONE,MAIL," final, even theodolites. slyly final re"
34339-6,34339,1251,26,6,22.00,25349.50,0.10,0.01,A,F,1992-07-27,1992-08-10,1992-08-07,DELIVER IN PERSON,REG AIR,gular packages cajole carefully. slyly bu
34340-1,34340,1719,4,1,30.00,48621.30,0.07,0.04,N,O,1997-08-12,1997-06-23,1997-08-15,TAKE BACK RETURN,FOB,"s. silent, "
34341-1,34341,197,24,1,7.00,7680.33,0.02,0.03,N,O,1996-12-19,1997-02-07,1997-01-14,DELIVER IN PERSON,REG AIR,y regular pa
34341-2,34341,542,3,2,24.00,34620.96,0.03,0.02,N,O,1996-12-08,1997-01-29,1996-12-21,NONE,MAIL,y whithout the packages. requ
34341-3,34341,920,55,3,44.00,80120.48,0.10,0.05,N,O,1996-12-01,1996-12-23,1996-12-18,DELIVER IN PERSON,MAIL,st the carefully regula
34341-4,34341,1341,56,4,37.00,45966.58,0.06,0.02,N,O,1997-01-07,1997-01-10,1997-01-30,TAKE BACK RETURN,REG AIR,pending foxe
34341-5,34341,1931,32,5,25.00,45823.25,0.01,0.08,N,O,1997-01-30,1996-12-31,1997-02-15,TAKE BACK RETURN,RAIL,nal packages nag slyly at the carefull
34341-6,34341,1915,4,6,46.00,83577.86,0.07,0.07,N,O,1997-03-18,1997-01-23,1997-04-09,NONE,RAIL,g carefully. always final deposits alon
34341-7,34341,283,38,7,42.00,49697.76,0.05,0.03,N,O,1996-12-01,1997-01-11,1996-12-29,DELIVER IN PERSON,FOB,eas haggle 
34342-1,34342,473,61,1,11.00,15108.17,0.05,0.02,N,O,1998-02-16,1998-03-27,1998-03-12,TAKE BACK RETURN,REG AIR, foxes. furiously silent requests 
34342-2,34342,123,50,2,3.00,3069.36,0.01,0.07,N,O,1998-04-22,1998-03-24,1998-05-21,NONE,TRUCK,y regular packages. p
34342-3,34342,1647,89,3,29.00,44910.56,0.10,0.05,N,O,1998-06-01,1998-03-24,1998-06-15,TAKE BACK RETURN,FOB,oxes haggle. furious
34343-1,34343,1741,84,1,29.00,47639.46,0.09,0.02,N,O,1998-05-14,1998-06-28,1998-05-15,TAKE BACK RETURN,FOB,dolites haggle slyly furiou
34343-2,34343,202,3,2,32.00,35270.40,0.10,0.05,N,O,1998-05-17,1998-07-09,1998-05-29,TAKE BACK RETURN,MAIL,the furiously unus
34343-3,34343,1605,6,3,22.00,33145.20,0.00,0.02,N,O,1998-05-23,1998-06-22,1998-06-20,NONE,MAIL,r requests. furio
34343-4,34343,131,10,4,50.00,51556.50,0.08,0.08,N,O,1998-05-09,1998-06-09,1998-05-17,COLLECT COD,MAIL,thless deposits are s
34343-5,34343,1689,31,5,13.00,20678.84,0.10,0.02,N,O,1998-06-25,1998-06-21,1998-07-03,COLLECT COD,MAIL, slyly regular reques
34343-6,34343,619,82,6,47.00,71421.67,0.07,0.01,N,O,1998-07-16,1998-06-07,1998-07-30,DELIVER IN PERSON,FOB, above the slyly ironic ideas
34343-7,34343,1990,35,7,35.00,66219.65,0.01,0.06,N,O,1998-07-01,1998-05-29,1998-07-21,COLLECT COD,RAIL,ffily even platelets. bold dep
34368-1,34368,948,51,1,13.00,24036.22,0.09,0.07,A,F,1995-03-20,1995-03-26,1995-03-22,DELIVER IN PERSON,FOB,ely regular packages wake quic
34368-2,34368,1488,67,2,43.00,59747.64,0.00,0.04,R,F,1995-02-18,1995-04-02,1995-03-02,TAKE BACK RETURN,SHIP, accounts mold about the reg
34369-1,34369,1617,41,1,42.00,63781.62,0.01,0.06,N,O,1998-01-07,1998-01-10,1998-01-20,COLLECT COD,AIR,packages boost. slyly
34369-2,34369,1388,3,2,8.00,10315.04,0.09,0.00,N,O,1997-11-30,1997-12-24,1997-12-08,DELIVER IN PERSON,REG AIR, the doggedly 
34369-3,34369,1372,73,3,12.00,15280.44,0.01,0.02,N,O,1997-12-18,1997-12-05,1998-01-08,TAKE BACK RETURN,TRUCK,imes silent accounts. silent platelets
34370-1,34370,619,82,1,26.00,39509.86,0.01,0.04,N,O,1998-02-26,1998-01-26,1998-02-27,TAKE BACK RETURN,RAIL,g packages
34370-2,34370,592,23,2,48.00,71644.32,0.03,0.04,N,O,1998-02-09,1997-12-23,1998-03-04,COLLECT COD,SHIP,lithely regular
34370-3,34370,1881,82,3,45.00,80229.60,0.08,0.00,N,O,1998-02-02,1998-01-11,1998-02-27,TAKE BACK RETURN,AIR,nder caref
34370-4,34370,19,95,4,12.00,11028.12,0.10,0.02,N,O,1998-03-08,1997-12-24,1998-03-23,COLLECT COD,RAIL,nal packages whithout the regula
34370-5,34370,1033,34,5,14.00,13076.42,0.08,0.08,N,O,1998-02-03,1998-02-12,1998-02-19,TAKE BACK RETURN,REG AIR,riously unusual packages along the sl
34370-6,34370,1671,54,6,18.00,28308.06,0.01,0.05,N,O,1997-12-31,1997-12-27,1998-01-11,DELIVER IN PERSON,MAIL,deposits use furiously. f
34371-1,34371,1595,16,1,6.00,8979.54,0.00,0.06,A,F,1993-07-01,1993-05-22,1993-07-23,COLLECT COD,TRUCK, ironic platelets wake regular packages. 
34371-2,34371,1222,23,2,41.00,46052.02,0.01,0.07,R,F,1993-07-23,1993-05-12,1993-08-09,NONE,SHIP,ons among the accounts ha
34371-3,34371,1804,48,3,14.00,23881.20,0.00,0.03,A,F,1993-04-30,1993-06-21,1993-05-28,NONE,REG AIR,ges cajole slyly sil
34372-1,34372,1291,3,1,23.00,27422.67,0.02,0.00,A,F,1992-12-04,1992-11-23,1992-12-23,COLLECT COD,TRUCK,ss accounts eat
34372-2,34372,1645,87,2,16.00,24746.24,0.02,0.03,R,F,1992-11-03,1992-11-27,1992-11-29,DELIVER IN PERSON,REG AIR,egular requests use a
34373-1,34373,1956,57,1,28.00,52022.60,0.06,0.08,R,F,1993-01-23,1993-02-21,1993-01-27,TAKE BACK RETURN,TRUCK,r excuses h
34373-2,34373,724,25,2,33.00,53615.76,0.00,0.00,A,F,1993-03-19,1993-02-05,1993-04-05,TAKE BACK RETURN,SHIP,s above the ideas are along t
34373-3,34373,672,66,3,35.00,55043.45,0.06,0.05,A,F,1993-02-19,1993-01-14,1993-03-13,COLLECT COD,RAIL,unts are after the fluffily express requ
34373-4,34373,1716,59,4,24.00,38825.04,0.05,0.03,R,F,1993-03-24,1993-01-25,1993-04-16,TAKE BACK RETURN,SHIP,l accounts serve. carefully 
34374-1,34374,968,69,1,14.00,26165.44,0.06,0.05,R,F,1994-08-18,1994-08-18,1994-08-22,TAKE BACK RETURN,TRUCK,ly blithe dugouts impress slyly. 
34375-1,34375,111,12,1,47.00,47522.17,0.07,0.05,A,F,1994-02-18,1994-02-07,1994-03-17,NONE,RAIL,iet accounts along the carefully final 
34375-2,34375,1092,28,2,25.00,24827.25,0.04,0.06,A,F,1994-04-29,1994-03-09,1994-05-13,DELIVER IN PERSON,REG AIR,"ackages before the pending, even w"
34375-3,34375,219,1,3,26.00,29099.46,0.07,0.07,A,F,1994-01-24,1994-02-24,1994-02-10,TAKE BACK RETURN,RAIL,inal packages. deposits haggl
34375-4,34375,1401,2,4,44.00,57305.60,0.00,0.08,R,F,1994-01-15,1994-03-23,1994-02-05,DELIVER IN PERSON,TRUCK,kages. special t
34375-5,34375,1969,14,5,3.00,5612.88,0.02,0.07,R,F,1994-02-10,1994-03-31,1994-02-14,TAKE BACK RETURN,RAIL, regular accounts. regular excuses
34375-6,34375,848,49,6,6.00,10493.04,0.05,0.06,R,F,1994-04-24,1994-03-06,1994-04-30,DELIVER IN PERSON,AIR,us deposits play slyly across the care
34375-7,34375,1288,100,7,22.00,26164.16,0.06,0.08,R,F,1994-05-06,1994-03-10,1994-05-08,DELIVER IN PERSON,TRUCK,st the blithely ironic
34400-1,34400,1849,36,1,15.00,26262.60,0.00,0.02,R,F,1993-04-18,1993-03-06,1993-04-22,DELIVER IN PERSON,REG AIR," shall have to haggle. regular, regular i"
34400-2,34400,1144,81,2,30.00,31354.20,0.05,0.08,A,F,1993-02-24,1993-02-20,1993-03-20,TAKE BACK RETURN,REG AIR,s. fluffily furious ac
34400-3,34400,1401,19,3,48.00,62515.20,0.09,0.08,A,F,1993-03-12,1993-03-15,1993-03-20,COLLECT COD,MAIL,ironic requests cajole furiously
34400-4,34400,411,99,4,10.00,13114.10,0.01,0.01,A,F,1993-03-19,1993-02-01,1993-04-02,COLLECT COD,RAIL,usly expre
34401-1,34401,3,29,1,50.00,45150.00,0.08,0.08,N,O,1996-05-20,1996-04-28,1996-06-17,COLLECT COD,RAIL,olites. ironic warthogs across 
34401-2,34401,1285,97,2,46.00,54568.88,0.08,0.05,N,O,1996-03-15,1996-04-27,1996-04-13,DELIVER IN PERSON,REG AIR,ts. furiously regular platelets nag fur
34401-3,34401,1088,89,3,6.00,5934.48,0.07,0.08,N,O,1996-06-11,1996-05-03,1996-06-16,DELIVER IN PERSON,AIR,fully regular deposits. fluffily idle accou
34401-4,34401,1624,7,4,37.00,56447.94,0.00,0.02,N,O,1996-03-08,1996-04-10,1996-03-31,TAKE BACK RETURN,RAIL,affix above th
34402-1,34402,5,6,1,34.00,30770.00,0.03,0.00,R,F,1993-08-05,1993-06-14,1993-08-08,DELIVER IN PERSON,TRUCK,ndencies. ideas along the deposits haggl
34402-2,34402,146,73,2,4.00,4184.56,0.02,0.00,R,F,1993-06-03,1993-07-15,1993-07-03,NONE,AIR, the slyly reg
34402-3,34402,986,21,3,40.00,75479.20,0.05,0.06,R,F,1993-07-10,1993-06-06,1993-08-03,NONE,TRUCK,ding to the blithely f
34402-4,34402,388,73,4,33.00,42516.54,0.10,0.07,R,F,1993-08-13,1993-06-21,1993-08-14,TAKE BACK RETURN,MAIL,usly regular requests are quickly along 
34402-5,34402,736,69,5,5.00,8183.65,0.02,0.04,R,F,1993-08-12,1993-07-12,1993-08-25,NONE,AIR,al realms sleep s
34402-6,34402,1470,88,6,39.00,53487.33,0.07,0.01,A,F,1993-08-03,1993-07-24,1993-08-18,COLLECT COD,AIR,"st blithely above the ironic, ir"
34403-1,34403,912,15,1,21.00,38071.11,0.06,0.00,N,O,1996-10-11,1996-09-23,1996-10-20,TAKE BACK RETURN,MAIL,ully regular th
34403-2,34403,1898,99,2,9.00,16199.01,0.03,0.00,N,O,1996-08-09,1996-10-29,1996-09-04,TAKE BACK RETURN,REG AIR,he sauternes. blithely even account
34404-1,34404,1140,49,1,32.00,33316.48,0.09,0.08,A,F,1993-03-02,1993-05-17,1993-03-10,DELIVER IN PERSON,SHIP,es was regular theodolites? ironically exp
34405-1,34405,228,56,1,46.00,51898.12,0.04,0.05,A,F,1992-07-01,1992-04-05,1992-07-17,NONE,AIR, packages. fluffily pending platelets eat b
34405-2,34405,1140,41,2,35.00,36439.90,0.00,0.06,A,F,1992-06-19,1992-04-06,1992-06-25,TAKE BACK RETURN,MAIL, quickly above the final requests. depo
34406-1,34406,744,45,1,5.00,8223.70,0.06,0.03,A,F,1992-10-10,1992-11-23,1992-10-16,TAKE BACK RETURN,SHIP,s boost carefull
34406-2,34406,630,62,2,32.00,48980.16,0.02,0.00,A,F,1993-01-27,1992-12-13,1993-02-16,NONE,MAIL,carefully ironic ideas. slyly 
34406-3,34406,395,80,3,3.00,3886.17,0.04,0.06,A,F,1992-12-24,1992-11-05,1993-01-02,DELIVER IN PERSON,TRUCK, after the slyly pending 
34406-4,34406,1101,38,4,35.00,35073.50,0.05,0.06,R,F,1992-10-02,1992-11-12,1992-10-25,NONE,RAIL,deas nag blithely slyly special
34406-5,34406,623,86,5,34.00,51803.08,0.06,0.06,R,F,1992-11-19,1992-12-01,1992-11-30,TAKE BACK RETURN,REG AIR,"fully unusual packages. regular, sp"
34406-6,34406,461,49,6,43.00,58542.78,0.06,0.00,R,F,1993-01-01,1992-11-29,1993-01-21,NONE,AIR,t the slyly bold requ
34406-7,34406,841,8,7,13.00,22643.92,0.06,0.00,R,F,1993-01-22,1992-12-05,1993-01-28,TAKE BACK RETURN,SHIP,thely pendin
34407-1,34407,70,21,1,49.00,47533.43,0.08,0.05,A,F,1993-10-11,1993-10-27,1993-10-17,DELIVER IN PERSON,SHIP,nd the regular accounts. slyly special p
34407-2,34407,304,89,2,3.00,3612.90,0.09,0.08,A,F,1993-08-19,1993-10-28,1993-09-18,NONE,AIR,bove the blithely pending deposits sl
34407-3,34407,440,28,3,46.00,61660.24,0.01,0.08,R,F,1993-11-09,1993-09-07,1993-11-15,TAKE BACK RETURN,FOB,ic foxes integrate carefully along 
34432-1,34432,1498,77,1,41.00,57379.09,0.10,0.08,R,F,1994-05-10,1994-06-24,1994-05-29,NONE,SHIP,ouches. carefully express pinto beans nag
34432-2,34432,358,87,2,17.00,21391.95,0.01,0.06,A,F,1994-04-20,1994-07-06,1994-05-19,TAKE BACK RETURN,RAIL, furiously close dependencies haggle. f
34432-3,34432,680,43,3,17.00,26871.56,0.05,0.06,A,F,1994-06-29,1994-06-22,1994-07-10,COLLECT COD,AIR,theodolites cajole against the unu
34432-4,34432,1753,80,4,44.00,72809.00,0.00,0.07,R,F,1994-05-31,1994-06-26,1994-06-12,COLLECT COD,FOB,of the ironically even foxe
34432-5,34432,406,65,5,5.00,6532.00,0.10,0.06,R,F,1994-04-28,1994-06-14,1994-05-10,TAKE BACK RETURN,MAIL,nly furious requests above
34432-6,34432,590,91,6,3.00,4471.77,0.07,0.08,R,F,1994-04-20,1994-06-08,1994-04-28,TAKE BACK RETURN,REG AIR, poach after the furiously ironic reque
34433-1,34433,235,90,1,26.00,29515.98,0.08,0.06,A,F,1995-04-07,1995-02-24,1995-05-03,COLLECT COD,RAIL,fluffily. final frays over the silen
34433-2,34433,706,3,2,39.00,62661.30,0.00,0.06,R,F,1995-04-24,1995-03-31,1995-05-13,COLLECT COD,RAIL,riously si
34434-1,34434,665,97,1,25.00,39141.50,0.03,0.00,N,O,1995-08-26,1995-07-07,1995-09-07,TAKE BACK RETURN,RAIL,ar foxes. fluffily special 
34434-2,34434,1259,60,2,11.00,12762.75,0.10,0.02,N,O,1995-07-16,1995-06-23,1995-07-28,NONE,REG AIR,nal accounts. slyly regular deposits affix
34434-3,34434,776,41,3,11.00,18444.47,0.00,0.03,N,O,1995-07-24,1995-06-15,1995-08-17,COLLECT COD,SHIP,. packages cajole quick
34434-4,34434,284,12,4,7.00,8289.96,0.06,0.05,N,O,1995-08-25,1995-07-14,1995-09-21,NONE,AIR,y unusual accounts along t
34434-5,34434,515,16,5,48.00,67944.48,0.06,0.08,N,O,1995-08-03,1995-07-19,1995-08-16,DELIVER IN PERSON,RAIL,ss theodolites whithout the
34434-6,34434,1048,84,6,48.00,45553.92,0.09,0.01,N,O,1995-06-20,1995-06-29,1995-07-19,COLLECT COD,REG AIR,totes. blithely pe
34434-7,34434,1369,8,7,19.00,24136.84,0.01,0.04,N,F,1995-05-31,1995-06-24,1995-06-27,NONE,MAIL,luffily slow ideas are carefully accordi
34435-1,34435,1649,91,1,5.00,7753.20,0.07,0.08,A,F,1994-09-20,1994-09-26,1994-10-01,COLLECT COD,TRUCK,ial deposits haggle silent
34435-2,34435,1226,27,2,10.00,11272.20,0.00,0.00,A,F,1994-08-12,1994-09-17,1994-08-29,NONE,TRUCK, beans. regular platelets wake finally iron
34435-3,34435,1537,38,3,18.00,25893.54,0.04,0.07,A,F,1994-08-14,1994-10-01,1994-09-08,NONE,RAIL,y daring dugouts accordi
34436-1,34436,1948,49,1,38.00,70297.72,0.08,0.05,N,O,1998-03-19,1998-04-05,1998-04-18,COLLECT COD,TRUCK,sts. slyly pending deposits against
34436-2,34436,1952,85,2,1.00,1853.95,0.05,0.03,N,O,1998-04-09,1998-04-22,1998-04-29,NONE,REG AIR,en platelet
34436-3,34436,1241,53,3,29.00,33124.96,0.09,0.06,N,O,1998-05-24,1998-03-20,1998-06-21,COLLECT COD,AIR, bold dependencies. doggedly final theod
34437-1,34437,1585,86,1,7.00,10406.06,0.08,0.02,N,F,1995-06-13,1995-05-01,1995-06-27,TAKE BACK RETURN,FOB,olites detect c
34437-2,34437,1329,6,2,1.00,1230.32,0.01,0.05,R,F,1995-03-26,1995-03-26,1995-04-21,TAKE BACK RETURN,TRUCK,"s. even, bold packages wake. regular, b"
34437-3,34437,450,80,3,38.00,51317.10,0.02,0.08,R,F,1995-05-02,1995-04-06,1995-05-15,DELIVER IN PERSON,TRUCK,s cajole blithely-- carefully silent theodo
34438-1,34438,1567,8,1,15.00,22028.40,0.01,0.06,R,F,1993-12-28,1994-02-01,1994-01-12,DELIVER IN PERSON,AIR,quickly regular pinto b
34438-2,34438,503,4,2,38.00,53333.00,0.09,0.07,R,F,1994-03-23,1994-01-11,1994-03-28,TAKE BACK RETURN,MAIL,ts nag packages. fluffily regular d
34439-1,34439,897,97,1,43.00,77309.27,0.10,0.07,R,F,1995-01-04,1995-01-06,1995-01-27,TAKE BACK RETURN,REG AIR,ages integrat
34439-2,34439,44,70,2,34.00,32097.36,0.07,0.07,A,F,1994-12-05,1994-12-01,1994-12-13,COLLECT COD,RAIL,atelets sleep finall
34439-3,34439,1673,15,3,27.00,42516.09,0.00,0.05,R,F,1994-11-27,1994-11-16,1994-12-12,TAKE BACK RETURN,TRUCK,r accounts boost quickly slyly regular a
34464-1,34464,1432,72,1,22.00,29335.46,0.10,0.05,N,O,1997-08-17,1997-07-16,1997-08-21,DELIVER IN PERSON,MAIL," deposits boost slyly ironic, final ideas."
34464-2,34464,1597,18,2,43.00,64439.37,0.05,0.04,N,O,1997-09-16,1997-08-01,1997-09-23,COLLECT COD,TRUCK," the bold, unusual"
34465-1,34465,51,77,1,32.00,30433.60,0.04,0.01,N,O,1997-03-26,1997-03-02,1997-04-21,TAKE BACK RETURN,SHIP, final instructions use fluffily after t
34465-2,34465,788,85,2,8.00,13510.24,0.07,0.02,N,O,1997-03-27,1997-02-21,1997-04-25,TAKE BACK RETURN,AIR,uriously bol
34465-3,34465,470,71,3,17.00,23297.99,0.10,0.06,N,O,1997-05-01,1997-04-02,1997-05-24,DELIVER IN PERSON,TRUCK,deposits about t
34466-1,34466,1518,39,1,5.00,7097.55,0.03,0.00,N,O,1998-03-01,1998-02-21,1998-03-22,DELIVER IN PERSON,MAIL,dolites detect bli
34466-2,34466,859,59,2,7.00,12318.95,0.08,0.07,N,O,1998-05-19,1998-02-21,1998-06-18,NONE,RAIL,etly ironic theodolites wak
34466-3,34466,1264,39,3,41.00,47775.66,0.01,0.05,N,O,1998-03-09,1998-03-23,1998-03-21,NONE,TRUCK,alongside of the slyly regular foxes 
34466-4,34466,930,31,4,10.00,18309.30,0.05,0.05,N,O,1998-02-01,1998-04-21,1998-02-08,TAKE BACK RETURN,FOB,ckages cajole fu
34466-5,34466,342,99,5,40.00,49693.60,0.05,0.00,N,O,1998-02-26,1998-03-14,1998-03-08,TAKE BACK RETURN,RAIL,s. blithely bold deposits integrate c
34466-6,34466,1492,10,6,5.00,6967.45,0.01,0.02,N,O,1998-04-20,1998-03-22,1998-05-17,COLLECT COD,FOB,"e according to the bold, special acco"
34467-1,34467,536,37,1,45.00,64643.85,0.00,0.03,A,F,1995-01-31,1995-01-22,1995-02-01,DELIVER IN PERSON,REG AIR,ar instructio
34467-2,34467,724,89,2,27.00,43867.44,0.02,0.03,A,F,1994-12-22,1994-12-20,1994-12-28,TAKE BACK RETURN,REG AIR,express accounts. regu
34467-3,34467,1810,54,3,40.00,68472.40,0.01,0.01,R,F,1995-01-26,1994-12-16,1995-01-31,COLLECT COD,AIR,ix final requests. f
34468-1,34468,1015,21,1,38.00,34808.38,0.00,0.04,N,O,1996-11-16,1996-12-14,1996-11-17,DELIVER IN PERSON,TRUCK,"blithely across the regular, ste"
34469-1,34469,1053,59,1,50.00,47702.50,0.10,0.01,N,O,1997-12-10,1997-12-03,1997-12-12,COLLECT COD,RAIL,uses use quickly about the escapades. bli
34469-2,34469,1483,1,2,42.00,58148.16,0.08,0.07,N,O,1998-01-10,1997-12-13,1998-02-01,NONE,MAIL,nstructions. carefully enticing co
34469-3,34469,924,27,3,43.00,78471.56,0.10,0.03,N,O,1998-02-04,1998-01-18,1998-02-09,NONE,FOB,packages. 
34469-4,34469,624,18,4,30.00,45738.60,0.00,0.04,N,O,1997-10-28,1997-11-23,1997-11-13,COLLECT COD,RAIL, deposits. quick
34470-1,34470,969,38,1,22.00,41139.12,0.09,0.02,A,F,1992-05-08,1992-03-26,1992-05-17,DELIVER IN PERSON,RAIL,along the packa
34470-2,34470,1554,55,2,28.00,40755.40,0.10,0.05,R,F,1992-04-25,1992-04-11,1992-05-14,COLLECT COD,TRUCK, pinto beans detect quick
34470-3,34470,1388,27,3,15.00,19340.70,0.04,0.06,R,F,1992-02-14,1992-03-20,1992-02-22,TAKE BACK RETURN,REG AIR,ithely even warhorses engage.
34470-4,34470,1378,17,4,36.00,46057.32,0.07,0.07,R,F,1992-03-07,1992-03-31,1992-03-26,DELIVER IN PERSON,MAIL,re above the quickly unusual 
34471-1,34471,875,9,1,9.00,15982.83,0.07,0.02,N,O,1996-12-27,1996-12-01,1997-01-05,COLLECT COD,RAIL,leep unusual instructions. ironic
34471-2,34471,1138,75,2,7.00,7273.91,0.04,0.02,N,O,1996-12-21,1996-10-19,1997-01-01,TAKE BACK RETURN,FOB,oss the fluffily unusual pinto beans.
34471-3,34471,1809,96,3,40.00,68432.00,0.00,0.07,N,O,1997-01-06,1996-10-28,1997-01-28,TAKE BACK RETURN,REG AIR,pecial instructio
34471-4,34471,1093,64,4,1.00,994.09,0.08,0.02,N,O,1996-12-12,1996-10-24,1996-12-25,COLLECT COD,AIR,according to the request
34496-1,34496,819,53,1,14.00,24077.34,0.02,0.02,R,F,1993-05-19,1993-08-04,1993-06-04,DELIVER IN PERSON,TRUCK,ld instructions boost. q
34497-1,34497,1186,23,1,44.00,47835.92,0.05,0.07,R,F,1994-05-28,1994-04-12,1994-06-16,NONE,AIR,"the regular, final foxes use n"
34497-2,34497,624,56,2,16.00,24393.92,0.04,0.05,R,F,1994-07-08,1994-06-08,1994-07-11,COLLECT COD,MAIL,aggle aroun
34498-1,34498,1870,57,1,42.00,74418.54,0.03,0.07,A,F,1994-04-14,1994-04-27,1994-05-10,DELIVER IN PERSON,RAIL,"regular, unusual packages boost furiously"
34498-2,34498,258,86,2,30.00,34747.50,0.10,0.01,A,F,1994-04-20,1994-03-25,1994-05-17,NONE,AIR,he bold inst
34498-3,34498,278,79,3,37.00,43595.99,0.05,0.00,A,F,1994-03-18,1994-04-14,1994-03-25,TAKE BACK RETURN,FOB, express foxes boost stealthily. e
34498-4,34498,449,37,4,13.00,17542.72,0.03,0.07,A,F,1994-06-12,1994-03-23,1994-06-26,DELIVER IN PERSON,SHIP,ches. furiously final deposits daz
34498-5,34498,607,70,5,10.00,15076.00,0.03,0.08,A,F,1994-06-13,1994-03-31,1994-06-24,TAKE BACK RETURN,AIR,instructions
34498-6,34498,1237,12,6,16.00,18211.68,0.06,0.04,A,F,1994-04-05,1994-04-28,1994-05-03,COLLECT COD,AIR,the carefully final dependencies. sly
34498-7,34498,270,98,7,2.00,2340.54,0.09,0.04,A,F,1994-03-08,1994-04-12,1994-03-19,TAKE BACK RETURN,REG AIR,s integrate a
34499-1,34499,1180,17,1,40.00,43247.20,0.02,0.05,A,F,1993-10-18,1993-09-04,1993-10-30,NONE,RAIL,ular courts. depths sleep. fluffily ex
34499-2,34499,1290,91,2,40.00,47651.60,0.08,0.05,R,F,1993-09-14,1993-09-29,1993-10-13,DELIVER IN PERSON,RAIL,latelets might sle
34499-3,34499,1206,81,3,50.00,55360.00,0.04,0.08,R,F,1993-08-20,1993-09-20,1993-09-09,COLLECT COD,AIR,st furiously across the ir
34499-4,34499,1489,29,4,27.00,37542.96,0.02,0.00,R,F,1993-10-28,1993-08-26,1993-11-20,TAKE BACK RETURN,AIR," the pending, regula"
34499-5,34499,72,73,5,16.00,15553.12,0.02,0.01,R,F,1993-10-28,1993-10-06,1993-11-02,COLLECT COD,TRUCK,tegrate. fluffily ironic pinto beans hag
34499-6,34499,551,12,6,20.00,29031.00,0.09,0.05,R,F,1993-10-23,1993-09-03,1993-11-14,TAKE BACK RETURN,SHIP,totes. blithely
34500-1,34500,413,72,1,50.00,65670.50,0.08,0.06,N,O,1998-05-04,1998-05-03,1998-05-21,COLLECT COD,SHIP,"ding, even deposits accordi"
34500-2,34500,1182,91,2,22.00,23829.96,0.01,0.02,N,O,1998-07-03,1998-05-15,1998-07-22,DELIVER IN PERSON,FOB, silent packages
34500-3,34500,753,18,3,30.00,49612.50,0.04,0.08,N,O,1998-04-18,1998-06-13,1998-05-11,TAKE BACK RETURN,SHIP,s theodolites dazzle quickly fin
34500-4,34500,1206,44,4,25.00,27680.00,0.00,0.06,N,O,1998-07-27,1998-07-02,1998-08-18,NONE,MAIL,y ironic ac
34501-1,34501,637,100,1,20.00,30752.60,0.06,0.01,A,F,1994-03-13,1994-02-17,1994-03-15,COLLECT COD,MAIL,deposits nag carefully final courts. t
34501-2,34501,1447,26,2,13.00,17529.72,0.07,0.07,A,F,1994-01-18,1994-02-10,1994-01-27,TAKE BACK RETURN,SHIP,its against 
34501-3,34501,1003,4,3,22.00,19888.00,0.02,0.05,R,F,1994-02-27,1994-01-24,1994-03-29,COLLECT COD,SHIP,p ironically a
34501-4,34501,1699,23,4,14.00,22409.66,0.04,0.06,R,F,1994-03-06,1994-03-08,1994-03-22,NONE,SHIP,ing deposits. tithes caj
34502-1,34502,1505,86,1,20.00,28130.00,0.02,0.05,N,O,1997-12-12,1997-11-30,1998-01-06,DELIVER IN PERSON,REG AIR, requests h
34502-2,34502,1975,76,2,19.00,35662.43,0.07,0.08,N,O,1997-11-06,1997-12-14,1997-12-02,TAKE BACK RETURN,MAIL,. regular requests boost carefully about th
34502-3,34502,1835,36,3,13.00,22578.79,0.04,0.05,N,O,1998-01-05,1997-11-18,1998-01-09,COLLECT COD,RAIL,s wake blithely. even requests d
34502-4,34502,1638,80,4,32.00,49268.16,0.07,0.04,N,O,1998-01-03,1997-12-24,1998-01-29,NONE,RAIL,egular accounts. blithely silent requ
34503-1,34503,442,1,1,50.00,67122.00,0.07,0.07,N,O,1997-02-05,1997-03-08,1997-02-24,DELIVER IN PERSON,FOB,ring pinto beans. silently b
34503-2,34503,1185,86,2,38.00,41274.84,0.00,0.05,N,O,1997-02-24,1997-02-17,1997-03-10,TAKE BACK RETURN,AIR,equests. instructions detect quickly alo
34528-1,34528,44,20,1,11.00,10384.44,0.03,0.04,N,O,1998-02-08,1998-01-23,1998-02-16,NONE,REG AIR,ds haggle. slyl
34528-2,34528,74,50,2,32.00,31170.24,0.03,0.07,N,O,1997-12-05,1998-01-28,1997-12-16,NONE,FOB,uffily busy accounts nag furiously aga
34528-3,34528,380,37,3,45.00,57617.10,0.00,0.06,N,O,1998-01-06,1998-01-10,1998-01-25,COLLECT COD,AIR,int blithe
34529-1,34529,1256,68,1,43.00,49761.75,0.01,0.06,N,O,1998-02-16,1998-03-21,1998-02-23,NONE,SHIP, foxes detect carefully packages
34529-2,34529,241,69,2,32.00,36519.68,0.09,0.08,N,O,1998-04-06,1998-03-13,1998-04-09,COLLECT COD,RAIL,rts. fluffily express dolphins 
34529-3,34529,764,29,3,13.00,21641.88,0.09,0.02,N,O,1998-03-07,1998-03-09,1998-03-15,TAKE BACK RETURN,MAIL,f the fluffily ironic fo
34530-1,34530,1032,3,1,28.00,26124.84,0.05,0.06,A,F,1993-12-29,1993-10-23,1994-01-20,DELIVER IN PERSON,FOB,al platelets cajol
34530-2,34530,482,12,2,38.00,52534.24,0.01,0.07,R,F,1993-11-06,1993-09-30,1993-11-20,DELIVER IN PERSON,AIR,ly even accounts. regular packages haggl
34530-3,34530,242,97,3,16.00,18275.84,0.07,0.01,A,F,1993-11-24,1993-11-20,1993-12-02,NONE,TRUCK,fully regular packages boo
34530-4,34530,60,36,4,16.00,15360.96,0.05,0.00,R,F,1993-10-30,1993-11-06,1993-11-16,DELIVER IN PERSON,SHIP,"g platelets. ironic, reg"
34530-5,34530,1539,60,5,33.00,47537.49,0.04,0.02,R,F,1993-09-25,1993-11-29,1993-10-04,COLLECT COD,SHIP,ages use ent
34530-6,34530,1621,4,6,39.00,59382.18,0.06,0.02,A,F,1993-09-08,1993-11-29,1993-09-18,TAKE BACK RETURN,AIR,ronic platelets. fluff
34531-1,34531,1398,75,1,17.00,22089.63,0.06,0.06,N,O,1998-03-28,1998-04-12,1998-04-19,TAKE BACK RETURN,TRUCK,e alongside of the slyly fin
34531-2,34531,428,87,2,48.00,63764.16,0.09,0.01,N,O,1998-03-14,1998-04-04,1998-04-12,DELIVER IN PERSON,AIR,s haggle sly
34532-1,34532,1896,26,1,4.00,7191.56,0.08,0.00,R,F,1993-02-02,1993-02-16,1993-02-28,COLLECT COD,TRUCK,s. instructio
34532-2,34532,408,9,2,30.00,39252.00,0.10,0.06,R,F,1993-03-27,1993-01-17,1993-04-03,NONE,REG AIR,wake until the careful
34532-3,34532,91,92,3,23.00,22795.07,0.06,0.05,R,F,1993-01-18,1993-01-26,1993-02-01,DELIVER IN PERSON,RAIL, final packages. slyly ironi
34532-4,34532,1698,40,4,10.00,15996.90,0.00,0.05,R,F,1993-02-26,1993-01-16,1993-03-14,COLLECT COD,FOB,. fluffily r
34532-5,34532,1085,21,5,14.00,13805.12,0.04,0.02,A,F,1993-01-18,1993-01-31,1993-01-27,NONE,TRUCK,ackages cajol
34532-6,34532,611,5,6,39.00,58952.79,0.01,0.00,R,F,1993-01-15,1993-02-22,1993-02-02,COLLECT COD,REG AIR,lyly ironic requests solve carefully
34533-1,34533,95,46,1,11.00,10945.99,0.08,0.08,N,O,1996-07-28,1996-06-12,1996-08-26,DELIVER IN PERSON,RAIL,"ing, unusual patterns bel"
34533-2,34533,231,13,2,18.00,20362.14,0.09,0.06,N,O,1996-05-31,1996-06-15,1996-06-26,NONE,SHIP,uriously among t
34533-3,34533,162,63,3,27.00,28678.32,0.03,0.07,N,O,1996-07-20,1996-07-13,1996-08-18,NONE,TRUCK,e packages sleep blith
34533-4,34533,1307,8,4,42.00,50748.60,0.07,0.06,N,O,1996-05-21,1996-06-24,1996-06-19,COLLECT COD,RAIL,lar dolphins nag blithely aft
34533-5,34533,471,1,5,48.00,65830.56,0.03,0.03,N,O,1996-05-24,1996-06-29,1996-06-18,COLLECT COD,REG AIR,lets integrate 
34534-1,34534,1334,11,1,39.00,48177.87,0.09,0.00,N,O,1998-04-11,1998-02-08,1998-05-02,NONE,SHIP,ly ironic instructions cajole a
34534-2,34534,94,70,2,34.00,33799.06,0.10,0.08,N,O,1998-03-05,1998-01-27,1998-03-31,DELIVER IN PERSON,TRUCK,lar instructions. stealthily f
34535-1,34535,1095,96,1,7.00,6972.63,0.02,0.03,R,F,1993-08-15,1993-10-25,1993-08-16,NONE,SHIP, final deposits. even req
34535-2,34535,1885,29,2,23.00,41098.24,0.05,0.00,A,F,1993-11-17,1993-09-14,1993-11-30,DELIVER IN PERSON,AIR,e! braids detect slyly. carefully e
34535-3,34535,1057,58,3,47.00,45028.35,0.03,0.05,R,F,1993-09-09,1993-09-21,1993-09-23,DELIVER IN PERSON,FOB,ily blithely fina
34535-4,34535,458,88,4,2.00,2716.90,0.08,0.01,A,F,1993-10-20,1993-09-13,1993-10-31,DELIVER IN PERSON,SHIP,ully. slyly bold accounts sleep al
34535-5,34535,24,75,5,22.00,20328.44,0.06,0.03,R,F,1993-09-12,1993-10-30,1993-09-29,COLLECT COD,TRUCK, above the foxes. ne
34535-6,34535,1943,32,6,15.00,27674.10,0.07,0.01,R,F,1993-11-24,1993-10-19,1993-12-01,DELIVER IN PERSON,FOB,"ven packages wake express, express re"
34535-7,34535,1166,75,7,33.00,35216.28,0.02,0.01,R,F,1993-08-25,1993-09-14,1993-09-12,DELIVER IN PERSON,TRUCK,ct special theodolites. express
34560-1,34560,1801,45,1,29.00,49381.20,0.02,0.07,R,F,1992-12-11,1992-12-31,1993-01-10,NONE,AIR,"inal theodolites. regular, "
34560-2,34560,1399,100,2,36.00,46814.04,0.07,0.03,R,F,1993-01-18,1993-01-18,1993-01-27,NONE,RAIL,s dolphins detect blith
34560-3,34560,199,26,3,5.00,5495.95,0.01,0.08,A,F,1993-01-13,1992-12-26,1993-01-29,NONE,RAIL,the carefully regular theodolites boost 
34560-4,34560,1099,35,4,36.00,36003.24,0.04,0.06,R,F,1993-01-18,1992-12-22,1993-02-01,COLLECT COD,AIR,. accounts sl
34561-1,34561,796,29,1,42.00,71265.18,0.09,0.06,R,F,1994-09-19,1994-08-04,1994-10-03,TAKE BACK RETURN,SHIP,slyly ironic depo
34562-1,34562,466,54,1,19.00,25962.74,0.07,0.04,R,F,1993-11-11,1993-10-03,1993-11-28,NONE,RAIL,ymptotes. re
34562-2,34562,1553,94,2,34.00,49454.70,0.08,0.07,R,F,1993-09-10,1993-10-04,1993-09-12,COLLECT COD,TRUCK, the carefully regular theodolites. r
34562-3,34562,984,19,3,40.00,75399.20,0.08,0.00,R,F,1993-10-18,1993-11-06,1993-10-22,COLLECT COD,FOB,es against the unusual 
34562-4,34562,1813,43,4,29.00,49729.49,0.08,0.00,R,F,1993-11-13,1993-10-10,1993-12-06,NONE,FOB,c pinto beans wake furiously final reques
34562-5,34562,1429,30,5,18.00,23947.56,0.05,0.01,A,F,1993-10-28,1993-11-19,1993-11-17,DELIVER IN PERSON,MAIL,ily idle theodolites sl
34563-1,34563,696,28,1,43.00,68657.67,0.03,0.02,A,F,1992-06-15,1992-05-20,1992-06-30,NONE,RAIL,slyly. regular wartho
34563-2,34563,1003,39,2,40.00,36160.00,0.10,0.04,R,F,1992-06-13,1992-04-12,1992-07-05,NONE,REG AIR,ithely express theodolites. carefull
34563-3,34563,1534,35,3,2.00,2871.06,0.02,0.03,A,F,1992-06-21,1992-04-17,1992-06-22,COLLECT COD,MAIL,"onic packages haggle regular, re"
34563-4,34563,326,11,4,38.00,46600.16,0.08,0.03,A,F,1992-05-06,1992-05-18,1992-05-28,TAKE BACK RETURN,RAIL,sts unwind furiously ab
34563-5,34563,1183,92,5,40.00,43367.20,0.00,0.06,R,F,1992-06-30,1992-05-07,1992-07-07,NONE,AIR,ously pending frays snooze. ir
34564-1,34564,590,51,1,6.00,8943.54,0.05,0.06,N,O,1998-02-18,1998-02-09,1998-03-17,NONE,AIR,"ar foxes are furiously express, final e"
34564-2,34564,1250,62,2,35.00,40293.75,0.00,0.02,N,O,1997-11-19,1998-01-18,1997-11-20,DELIVER IN PERSON,SHIP,efully final deposits us
34564-3,34564,48,24,3,31.00,29389.24,0.05,0.01,N,O,1998-02-22,1997-12-13,1998-03-08,NONE,FOB," ironic, special accounts sleep furiously i"
34564-4,34564,478,8,4,37.00,51003.39,0.02,0.04,N,O,1997-11-22,1998-01-10,1997-12-16,COLLECT COD,MAIL, even accounts across th
34564-5,34564,972,75,5,45.00,84283.65,0.07,0.02,N,O,1998-01-22,1998-01-19,1998-02-11,COLLECT COD,RAIL,to beans print 
34565-1,34565,994,97,1,25.00,47374.75,0.02,0.00,R,F,1994-07-21,1994-08-18,1994-08-17,DELIVER IN PERSON,SHIP,s are blithely along
34565-2,34565,582,83,2,43.00,63750.94,0.09,0.07,R,F,1994-10-06,1994-09-16,1994-10-18,COLLECT COD,FOB,ly. fluffil
34565-3,34565,590,91,3,28.00,41736.52,0.04,0.07,R,F,1994-09-04,1994-08-26,1994-09-23,DELIVER IN PERSON,RAIL,accounts print alongs
34565-4,34565,85,36,4,33.00,32507.64,0.10,0.05,R,F,1994-11-10,1994-09-06,1994-11-26,DELIVER IN PERSON,AIR,ymptotes at the unusual requests affix
34565-5,34565,429,88,5,48.00,63812.16,0.08,0.03,R,F,1994-09-09,1994-08-24,1994-10-02,TAKE BACK RETURN,SHIP,lithely among the quickly ironic 
34566-1,34566,1294,69,1,45.00,53788.05,0.02,0.04,N,O,1996-01-07,1995-12-14,1996-01-17,NONE,SHIP,cial pinto beans sleep. frets c
34566-2,34566,798,63,2,5.00,8493.95,0.06,0.04,N,O,1996-02-14,1996-01-06,1996-02-23,COLLECT COD,MAIL,y against the careful
34566-3,34566,246,47,3,23.00,26363.52,0.04,0.08,N,O,1996-02-11,1995-12-27,1996-03-06,NONE,FOB,g to the special packages. 
34566-4,34566,1048,49,4,21.00,19929.84,0.09,0.05,N,O,1995-12-10,1996-01-25,1995-12-29,COLLECT COD,RAIL,"es. ironic, unusual asymp"
34566-5,34566,482,70,5,12.00,16589.76,0.00,0.04,N,O,1995-12-06,1996-01-22,1995-12-20,COLLECT COD,FOB,frets maintain sometimes.
34567-1,34567,255,37,1,1.00,1155.25,0.06,0.06,A,F,1994-07-28,1994-05-27,1994-08-16,DELIVER IN PERSON,RAIL,. slyly ironic requ
34567-2,34567,1052,58,2,40.00,38122.00,0.05,0.07,A,F,1994-05-14,1994-06-20,1994-06-03,NONE,SHIP,usual deposits mold fluffily along the exp
34567-3,34567,402,32,3,2.00,2604.80,0.10,0.04,A,F,1994-07-06,1994-07-02,1994-08-05,NONE,MAIL,ent dugouts sleep
34567-4,34567,1020,91,4,46.00,42366.92,0.01,0.02,R,F,1994-06-03,1994-07-25,1994-06-26,COLLECT COD,MAIL,are carefully regular platelets. sl
34567-5,34567,547,8,5,7.00,10132.78,0.09,0.04,A,F,1994-08-23,1994-06-25,1994-09-02,NONE,FOB,lyly. accounts sleep slyly besid
34567-6,34567,1579,20,6,47.00,69586.79,0.07,0.01,A,F,1994-07-25,1994-07-23,1994-08-02,NONE,SHIP,"l, final instructions nag ironical"
34567-7,34567,1351,66,7,23.00,28804.05,0.07,0.05,A,F,1994-06-15,1994-05-29,1994-07-04,COLLECT COD,FOB,"e regular, ev"
34592-1,34592,1625,26,1,33.00,50378.46,0.04,0.05,A,F,1995-04-24,1995-04-03,1995-04-28,COLLECT COD,FOB, special ideas are. ca
34593-1,34593,636,30,1,3.00,4609.89,0.00,0.00,N,O,1996-11-28,1996-12-11,1996-12-16,COLLECT COD,MAIL,ly bold deposits cajole
34593-2,34593,933,34,2,29.00,53183.97,0.09,0.05,N,O,1997-02-21,1997-01-07,1997-03-11,TAKE BACK RETURN,AIR, the slyly 
34593-3,34593,105,32,3,3.00,3015.30,0.10,0.03,N,O,1996-11-26,1996-12-20,1996-12-13,COLLECT COD,REG AIR,thless pinto beans haggle carefully s
34593-4,34593,781,46,4,38.00,63907.64,0.04,0.07,N,O,1997-03-01,1997-01-22,1997-03-22,TAKE BACK RETURN,REG AIR,beans haggle fluffily around
34593-5,34593,1688,71,5,38.00,60407.84,0.10,0.07,N,O,1997-01-24,1996-12-06,1997-02-03,NONE,AIR,ves. carefully final courts dete
34593-6,34593,1617,18,6,25.00,37965.25,0.09,0.02,N,O,1996-12-03,1997-01-08,1996-12-12,COLLECT COD,AIR,uriously across the furiously express i
34594-1,34594,896,63,1,5.00,8984.45,0.05,0.01,A,F,1992-11-27,1993-01-20,1992-11-28,COLLECT COD,RAIL,nic accounts along the 
34595-1,34595,1389,66,1,22.00,28388.36,0.05,0.08,A,F,1992-08-09,1992-09-04,1992-08-23,NONE,RAIL,lar ideas. furious
34595-2,34595,31,7,2,7.00,6517.21,0.10,0.06,A,F,1992-11-11,1992-10-13,1992-12-07,DELIVER IN PERSON,REG AIR, wake. fluffily final reques
34595-3,34595,1526,67,3,10.00,14275.20,0.09,0.07,A,F,1992-11-13,1992-09-29,1992-11-24,TAKE BACK RETURN,REG AIR,ly bold instructions. foxes detect slowly a
34595-4,34595,1373,50,4,43.00,54797.91,0.01,0.04,R,F,1992-10-19,1992-09-29,1992-11-12,COLLECT COD,SHIP,al foxes. enticing requests ar
34595-5,34595,1001,37,5,4.00,3608.00,0.05,0.07,R,F,1992-09-05,1992-09-23,1992-09-08,COLLECT COD,SHIP,ccounts against the unusual packag
34595-6,34595,860,61,6,44.00,77477.84,0.04,0.00,A,F,1992-10-17,1992-08-23,1992-10-26,COLLECT COD,REG AIR,ly regular warthogs use slyly after the
34595-7,34595,308,37,7,44.00,53165.20,0.01,0.07,R,F,1992-08-31,1992-10-07,1992-09-03,COLLECT COD,AIR,"quickly pending dependencies. even, r"
34596-1,34596,77,3,1,12.00,11724.84,0.04,0.04,N,O,1995-12-16,1995-11-28,1996-01-09,TAKE BACK RETURN,SHIP,rding to the regular deposit
34596-2,34596,358,43,2,12.00,15100.20,0.07,0.06,N,O,1995-11-29,1995-11-19,1995-12-06,TAKE BACK RETURN,TRUCK,jole idly. dolphins integra
34596-3,34596,24,100,3,32.00,29568.64,0.10,0.04,N,O,1995-12-10,1995-10-29,1995-12-14,NONE,MAIL,s ideas play after the careful
34596-4,34596,132,33,4,24.00,24771.12,0.08,0.01,N,O,1995-12-19,1995-11-22,1995-12-31,NONE,AIR,lar frays play slyly 
34596-5,34596,570,71,5,33.00,48528.81,0.05,0.00,N,O,1995-09-15,1995-11-09,1995-10-08,COLLECT COD,FOB, instructions cajole stealthily. ca
34596-6,34596,1603,86,6,30.00,45138.00,0.06,0.01,N,O,1995-10-09,1995-10-19,1995-10-28,COLLECT COD,RAIL,r ideas according to the deposits 
34597-1,34597,1084,85,1,3.00,2955.24,0.09,0.02,A,F,1993-12-31,1994-02-08,1994-01-26,COLLECT COD,SHIP,ing account
34597-2,34597,269,51,2,17.00,19877.42,0.08,0.03,R,F,1994-03-24,1994-01-30,1994-04-01,COLLECT COD,AIR,. fluffily pending
34597-3,34597,898,65,3,11.00,19787.79,0.08,0.08,A,F,1994-03-09,1994-03-01,1994-03-26,NONE,SHIP,he packages detect blit
34597-4,34597,1702,3,4,15.00,24055.50,0.04,0.08,R,F,1994-01-22,1994-01-27,1994-01-23,COLLECT COD,RAIL,gage quickly alongside of the slyly ironi
34597-5,34597,1617,59,5,3.00,4555.83,0.09,0.08,A,F,1993-12-28,1994-03-02,1994-01-12,COLLECT COD,REG AIR,ate. blithely silent packages haggle 
34597-6,34597,194,21,6,7.00,7659.33,0.03,0.04,A,F,1994-01-13,1994-03-11,1994-02-08,DELIVER IN PERSON,REG AIR,s. furiously even packages sleep furious
34598-1,34598,1702,87,1,12.00,19244.40,0.04,0.01,N,O,1997-07-19,1997-08-14,1997-08-02,DELIVER IN PERSON,RAIL,d deposits 
34598-2,34598,1446,47,2,4.00,5389.76,0.01,0.03,N,O,1997-08-18,1997-07-09,1997-09-14,TAKE BACK RETURN,SHIP,the slyly express depend
34598-3,34598,1646,88,3,18.00,27857.52,0.04,0.00,N,O,1997-07-18,1997-08-23,1997-08-16,COLLECT COD,FOB,he ironic 
34599-1,34599,1993,38,1,2.00,3789.98,0.00,0.03,R,F,1993-04-02,1993-04-22,1993-04-05,TAKE BACK RETURN,MAIL,theodolites try to boost blithely fluff
34599-2,34599,510,71,2,43.00,60651.93,0.05,0.04,A,F,1993-03-22,1993-05-29,1993-04-19,COLLECT COD,MAIL,fully regular foxes. even fox
34599-3,34599,1723,50,3,30.00,48741.60,0.09,0.00,R,F,1993-05-27,1993-05-30,1993-06-04,TAKE BACK RETURN,SHIP, sleep. sly
34599-4,34599,498,57,4,13.00,18180.37,0.09,0.02,R,F,1993-04-27,1993-04-21,1993-05-13,DELIVER IN PERSON,TRUCK, furiously ir
34599-5,34599,1330,31,5,8.00,9850.64,0.09,0.00,A,F,1993-06-21,1993-05-27,1993-07-18,DELIVER IN PERSON,FOB,ully blithely i
34599-6,34599,659,22,6,41.00,63945.65,0.01,0.05,A,F,1993-05-06,1993-05-14,1993-06-04,COLLECT COD,AIR,st the ironic packages. special somas was
34624-1,34624,1732,33,1,49.00,80052.77,0.09,0.02,R,F,1992-09-24,1992-12-18,1992-09-30,DELIVER IN PERSON,AIR,blithely regular
34625-1,34625,1152,61,1,30.00,31594.50,0.08,0.06,N,O,1997-07-12,1997-07-03,1997-07-13,TAKE BACK RETURN,MAIL,"ependencies: unusual, final deposi"
34625-2,34625,1989,34,2,30.00,56729.40,0.01,0.08,N,O,1997-07-22,1997-07-23,1997-08-04,DELIVER IN PERSON,REG AIR,ructions boost slyly. fluffily silent accou
34625-3,34625,1785,86,3,10.00,16867.80,0.04,0.00,N,O,1997-06-28,1997-08-05,1997-07-11,TAKE BACK RETURN,AIR,l accounts cajole. even dinos integrate 
34625-4,34625,944,13,4,17.00,31363.98,0.03,0.07,N,O,1997-07-11,1997-08-04,1997-07-30,TAKE BACK RETURN,SHIP,ajole abou
34626-1,34626,552,13,1,15.00,21788.25,0.04,0.05,R,F,1992-11-23,1992-12-07,1992-12-08,TAKE BACK RETURN,FOB,bold deposits sleep carefully. dolphin
34626-2,34626,843,77,2,42.00,73241.28,0.10,0.05,R,F,1993-02-08,1992-12-21,1993-03-05,COLLECT COD,SHIP, blithely final requests impress f
34626-3,34626,1610,52,3,3.00,4534.83,0.01,0.01,A,F,1993-01-06,1992-12-07,1993-01-16,NONE,TRUCK, carefully final
34626-4,34626,53,4,4,31.00,29544.55,0.06,0.07,A,F,1993-02-02,1992-12-30,1993-03-02,TAKE BACK RETURN,MAIL,ely among the slyly special accounts. c
34626-5,34626,1920,9,5,43.00,78342.56,0.10,0.01,A,F,1992-12-28,1992-11-16,1993-01-14,NONE,RAIL,ntiments. bravely careful dependencies s
34626-6,34626,86,12,6,11.00,10846.88,0.04,0.00,A,F,1992-10-31,1992-12-09,1992-11-22,DELIVER IN PERSON,REG AIR,fter the accounts
34626-7,34626,332,33,7,20.00,24646.60,0.05,0.08,A,F,1993-01-16,1992-12-05,1993-02-02,TAKE BACK RETURN,RAIL,ly even ideas cajole. car
34627-1,34627,1675,58,1,35.00,55183.45,0.07,0.03,R,F,1992-11-28,1992-12-17,1992-12-15,NONE,FOB,leep blithely ab
34627-2,34627,1078,79,2,15.00,14686.05,0.02,0.03,R,F,1992-12-06,1992-11-27,1992-12-07,COLLECT COD,REG AIR,ts. fluffily final foxes across the furious
34627-3,34627,1333,48,3,50.00,61716.50,0.07,0.00,A,F,1993-01-08,1992-12-16,1993-02-02,COLLECT COD,MAIL,ong the regula
34628-1,34628,1977,10,1,44.00,82674.68,0.10,0.06,R,F,1993-07-01,1993-07-14,1993-07-05,COLLECT COD,MAIL,equests haggle quickly along the q
34629-1,34629,1036,37,1,31.00,29047.93,0.07,0.04,N,O,1997-09-28,1997-10-01,1997-10-02,TAKE BACK RETURN,FOB,s print slyly furious
34630-1,34630,938,41,1,46.00,84590.78,0.07,0.07,N,O,1996-03-03,1996-01-07,1996-03-07,DELIVER IN PERSON,FOB,s detect. blithely even asympto
34630-2,34630,124,51,2,47.00,48133.64,0.08,0.03,N,O,1996-01-16,1996-01-10,1996-01-27,TAKE BACK RETURN,FOB,", silent packages? blithely ir"
34630-3,34630,1755,82,3,3.00,4970.25,0.03,0.07,N,O,1995-12-04,1996-01-15,1995-12-13,DELIVER IN PERSON,RAIL,arefully regular p
34630-4,34630,568,69,4,37.00,54336.72,0.03,0.04,N,O,1995-12-13,1995-12-30,1995-12-23,COLLECT COD,MAIL,y regular packages sub
34631-1,34631,1845,89,1,48.00,83848.32,0.03,0.00,R,F,1994-12-14,1995-01-18,1995-01-07,COLLECT COD,MAIL,refully slyly final 
34631-2,34631,208,63,2,31.00,34354.20,0.03,0.05,R,F,1994-11-15,1994-12-09,1994-11-30,NONE,SHIP,osits wake furiously after the carefully f
34631-3,34631,1314,15,3,13.00,15799.03,0.07,0.05,A,F,1995-01-08,1994-12-08,1995-01-24,DELIVER IN PERSON,RAIL,s haggle across the request
34631-4,34631,332,89,4,6.00,7393.98,0.04,0.01,A,F,1994-11-24,1995-01-14,1994-12-04,TAKE BACK RETURN,AIR,y carefully
34631-5,34631,305,34,5,9.00,10847.70,0.08,0.05,R,F,1994-11-02,1994-11-28,1994-11-23,COLLECT COD,TRUCK,cording to 
34656-1,34656,218,46,1,25.00,27955.25,0.02,0.02,N,O,1995-09-15,1995-09-01,1995-10-05,NONE,TRUCK,ven instructions
34657-1,34657,573,34,1,4.00,5894.28,0.00,0.06,R,F,1993-05-31,1993-08-01,1993-06-21,NONE,RAIL,"uriously ironic accounts. final, "
34657-2,34657,166,45,2,31.00,33050.96,0.06,0.01,R,F,1993-07-07,1993-06-25,1993-08-01,DELIVER IN PERSON,SHIP,ccounts use blithely about the blith
34657-3,34657,1113,14,3,6.00,6084.66,0.05,0.00,A,F,1993-07-16,1993-06-06,1993-07-23,TAKE BACK RETURN,MAIL,uriously express pains. slyly ironic grou
34658-1,34658,366,95,1,46.00,58252.56,0.02,0.05,R,F,1993-12-19,1993-12-30,1993-12-24,DELIVER IN PERSON,TRUCK,g to the bol
34658-2,34658,1598,19,2,22.00,32990.98,0.02,0.00,A,F,1993-12-04,1994-01-08,1993-12-28,COLLECT COD,TRUCK, sleep above the r
34658-3,34658,941,44,3,28.00,51574.32,0.04,0.00,R,F,1993-11-26,1994-01-11,1993-11-28,NONE,RAIL,"eodolites. silent, pending asymptotes ca"
34658-4,34658,269,97,4,37.00,43262.62,0.08,0.06,R,F,1994-02-17,1994-01-31,1994-03-16,TAKE BACK RETURN,MAIL,iously unusual accounts against
34659-1,34659,1823,53,1,12.00,20697.84,0.09,0.00,R,F,1992-11-27,1993-01-18,1992-11-28,NONE,FOB,s maintain carefully after the excuses! 
34659-2,34659,1819,6,2,14.00,24091.34,0.08,0.05,A,F,1993-02-15,1992-12-24,1993-03-01,DELIVER IN PERSON,RAIL,sleep blithely 
34659-3,34659,954,55,3,19.00,35244.05,0.10,0.06,R,F,1992-11-28,1992-12-25,1992-12-15,NONE,REG AIR,", even packages. even asy"
34659-4,34659,1668,51,4,32.00,50229.12,0.01,0.05,R,F,1993-03-19,1993-01-04,1993-04-17,TAKE BACK RETURN,REG AIR,nts unwind slyly across the furiously f
34659-5,34659,1753,80,5,25.00,41368.75,0.06,0.05,R,F,1993-02-27,1993-02-05,1993-03-07,COLLECT COD,MAIL,ns sleep slyly 
34659-6,34659,126,79,6,13.00,13339.56,0.01,0.07,R,F,1993-03-21,1992-12-22,1993-04-15,DELIVER IN PERSON,REG AIR,s solve against the slyly
34659-7,34659,1988,21,7,19.00,35909.62,0.07,0.06,A,F,1993-03-18,1993-02-09,1993-03-23,DELIVER IN PERSON,REG AIR,riously across the regular 
34660-1,34660,302,31,1,5.00,6011.50,0.07,0.01,N,O,1995-12-05,1995-11-28,1995-12-18,DELIVER IN PERSON,AIR,s along the c
34660-2,34660,1098,69,2,34.00,33969.06,0.05,0.01,N,O,1995-11-08,1995-11-23,1995-11-16,DELIVER IN PERSON,AIR,ts about the slyly bold asymptotes are 
34660-3,34660,1112,49,3,49.00,49642.39,0.08,0.01,N,O,1995-09-08,1995-10-17,1995-09-17,NONE,MAIL,odolites x-ray 
34660-4,34660,1750,51,4,18.00,29731.50,0.03,0.04,N,O,1995-11-29,1995-11-19,1995-12-05,TAKE BACK RETURN,TRUCK, are carefully excuses. pinto beans except 
34660-5,34660,1083,19,5,38.00,37395.04,0.08,0.08,N,O,1995-12-10,1995-10-04,1995-12-26,DELIVER IN PERSON,TRUCK,re slyly final deposits. final de
34660-6,34660,1639,22,6,42.00,64706.46,0.05,0.03,N,O,1995-12-10,1995-10-21,1995-12-14,NONE,FOB,sleep carefull
34660-7,34660,886,87,7,23.00,41098.24,0.00,0.02,N,O,1995-11-07,1995-10-05,1995-12-06,DELIVER IN PERSON,RAIL,gular accou
34661-1,34661,1166,39,1,8.00,8537.28,0.04,0.06,A,F,1993-02-16,1993-02-28,1993-03-18,COLLECT COD,REG AIR,ironic requests wake furiously blithely 
34661-2,34661,1287,99,2,14.00,16635.92,0.01,0.02,R,F,1993-02-23,1993-04-12,1993-03-16,TAKE BACK RETURN,REG AIR, foxes integra
34661-3,34661,1281,19,3,3.00,3546.84,0.04,0.06,A,F,1993-04-05,1993-03-31,1993-05-04,TAKE BACK RETURN,RAIL, excuses about the blith
34662-1,34662,808,42,1,31.00,52972.80,0.08,0.07,A,F,1992-03-21,1992-02-16,1992-04-04,COLLECT COD,REG AIR,"ss the regular, e"
34662-2,34662,116,69,2,43.00,43692.73,0.07,0.07,R,F,1992-03-12,1992-02-25,1992-03-26,COLLECT COD,AIR,"le slyly across the special, b"
34662-3,34662,1202,3,3,42.00,46334.40,0.08,0.06,A,F,1992-04-13,1992-04-05,1992-04-16,DELIVER IN PERSON,AIR, the furiously regular packages. slyly
34662-4,34662,914,83,4,24.00,43557.84,0.07,0.04,A,F,1992-02-15,1992-03-01,1992-03-01,DELIVER IN PERSON,REG AIR, blithely. s
34662-5,34662,1389,66,5,14.00,18065.32,0.06,0.08,R,F,1992-02-12,1992-03-31,1992-03-01,DELIVER IN PERSON,REG AIR,ular depths wake slyly. blithely unus
34662-6,34662,1381,58,6,40.00,51295.20,0.03,0.00,R,F,1992-05-05,1992-04-10,1992-05-10,COLLECT COD,AIR,deposits. iro
34663-1,34663,15,16,1,10.00,9150.10,0.03,0.06,N,O,1995-10-18,1995-08-07,1995-10-20,TAKE BACK RETURN,TRUCK,xpress grouches integrate slyly q
34663-2,34663,1788,89,2,5.00,8448.90,0.09,0.01,N,O,1995-10-15,1995-09-22,1995-10-24,NONE,TRUCK,y blithe excuses.
34663-3,34663,1524,25,3,20.00,28510.40,0.04,0.00,N,O,1995-10-14,1995-09-13,1995-10-20,COLLECT COD,SHIP,equests wake alon
34663-4,34663,543,4,4,25.00,36088.50,0.04,0.05,N,O,1995-08-23,1995-09-25,1995-09-10,DELIVER IN PERSON,TRUCK,"ual accounts. even, even a"
34663-5,34663,1938,83,5,40.00,73597.20,0.05,0.01,N,O,1995-10-03,1995-08-22,1995-10-16,TAKE BACK RETURN,SHIP,into beans haggle alo
34663-6,34663,553,14,6,18.00,26163.90,0.08,0.00,N,O,1995-09-19,1995-08-08,1995-10-13,COLLECT COD,RAIL,slyly regular instructions are.
34688-1,34688,1586,7,1,12.00,17850.96,0.00,0.02,R,F,1992-10-07,1992-08-13,1992-10-18,DELIVER IN PERSON,SHIP,requests use. quickly special instructio
34688-2,34688,1573,74,2,33.00,48660.81,0.07,0.02,R,F,1992-09-30,1992-09-04,1992-10-07,DELIVER IN PERSON,AIR,le furiously. blith
34688-3,34688,1725,52,3,11.00,17893.92,0.09,0.04,A,F,1992-09-15,1992-08-18,1992-09-28,DELIVER IN PERSON,REG AIR,ng the slyly ironic foxes; i
34688-4,34688,1792,77,4,44.00,74526.76,0.09,0.05,R,F,1992-07-22,1992-10-07,1992-08-07,COLLECT COD,AIR,s are furiously after t
34689-1,34689,324,53,1,15.00,18364.80,0.02,0.08,R,F,1995-03-05,1994-12-25,1995-03-22,COLLECT COD,REG AIR,re carefully above the blithely
34689-2,34689,1760,87,2,31.00,51514.56,0.06,0.07,A,F,1995-01-20,1995-01-30,1995-02-10,DELIVER IN PERSON,SHIP,"the special,"
34690-1,34690,495,83,1,16.00,22327.84,0.09,0.07,R,F,1993-10-24,1993-09-15,1993-11-21,NONE,TRUCK,lithely after 
34691-1,34691,1139,76,1,22.00,22882.86,0.08,0.04,A,F,1994-04-13,1994-03-22,1994-04-17,COLLECT COD,TRUCK, regular instructions are pa
34691-2,34691,1533,34,2,3.00,4303.59,0.10,0.01,A,F,1994-02-22,1994-02-14,1994-03-20,COLLECT COD,MAIL, cajole furiously. furiously ironic excuse
34691-3,34691,205,33,3,13.00,14367.60,0.00,0.05,R,F,1994-04-11,1994-03-06,1994-04-21,COLLECT COD,REG AIR,tions cajole slyly ironic foxes? fluffily
34691-4,34691,1891,35,4,47.00,84265.83,0.04,0.05,A,F,1994-01-31,1994-03-23,1994-02-27,NONE,MAIL,"ze slyly even, i"
34691-5,34691,1235,36,5,45.00,51130.35,0.08,0.02,A,F,1994-01-22,1994-03-08,1994-01-30,DELIVER IN PERSON,MAIL,epitaphs cajole carefully again
34691-6,34691,1528,69,6,3.00,4288.56,0.10,0.03,R,F,1994-04-29,1994-02-21,1994-05-03,COLLECT COD,MAIL,ic packages. carefully regular account
34691-7,34691,387,72,7,21.00,27034.98,0.08,0.00,A,F,1994-04-08,1994-03-27,1994-04-16,TAKE BACK RETURN,FOB,requests. furiously bold foxes according t
34692-1,34692,1068,69,1,27.00,26164.62,0.09,0.05,A,F,1993-08-01,1993-06-26,1993-08-04,NONE,AIR,s: carefully brave packages integrat
34692-2,34692,1237,49,2,44.00,50082.12,0.09,0.00,R,F,1993-09-01,1993-08-02,1993-09-22,TAKE BACK RETURN,AIR, fluffily.
34692-3,34692,1440,19,3,48.00,64389.12,0.01,0.05,A,F,1993-06-10,1993-07-14,1993-06-15,DELIVER IN PERSON,AIR,"ual, express accounts c"
34692-4,34692,1,27,4,3.00,2703.00,0.08,0.06,R,F,1993-08-12,1993-07-23,1993-08-15,NONE,RAIL,"ep: packages above the final, even es"
34692-5,34692,1779,6,5,15.00,25211.55,0.00,0.02,R,F,1993-05-24,1993-07-30,1993-06-18,DELIVER IN PERSON,FOB,fluffily. doggedly regu
34693-1,34693,1672,14,1,11.00,17310.37,0.09,0.04,N,O,1997-02-13,1997-04-09,1997-02-26,COLLECT COD,MAIL,l deposits sleep. carefully special
34693-2,34693,1600,41,2,14.00,21022.40,0.01,0.01,N,O,1997-03-13,1997-04-14,1997-04-04,TAKE BACK RETURN,AIR,riously stea
34693-3,34693,796,97,3,29.00,49206.91,0.04,0.08,N,O,1997-05-13,1997-04-22,1997-05-21,TAKE BACK RETURN,RAIL,ely even asymptotes. theodolite
34693-4,34693,677,71,4,40.00,63106.80,0.07,0.03,N,O,1997-03-01,1997-04-06,1997-03-24,TAKE BACK RETURN,FOB, furiously ironic reque
34693-5,34693,1804,48,5,21.00,35821.80,0.07,0.01,N,O,1997-03-08,1997-04-14,1997-03-19,COLLECT COD,REG AIR,lithely carefully unusual packages
34694-1,34694,1421,39,1,5.00,6612.10,0.08,0.02,N,O,1995-08-17,1995-07-24,1995-09-04,DELIVER IN PERSON,AIR,ests haggle carefully. furiously ironic
34694-2,34694,1109,82,2,36.00,36363.60,0.10,0.00,N,O,1995-08-06,1995-06-26,1995-08-26,TAKE BACK RETURN,AIR, accounts.
34694-3,34694,452,82,3,24.00,32458.80,0.08,0.07,R,F,1995-05-09,1995-07-10,1995-05-26,TAKE BACK RETURN,SHIP,endencies. fl
34694-4,34694,1826,70,4,32.00,55290.24,0.00,0.03,N,O,1995-07-05,1995-06-01,1995-07-13,NONE,AIR,uriously. blithely even theodolites
34694-5,34694,1189,26,5,13.00,14172.34,0.02,0.01,A,F,1995-05-12,1995-07-05,1995-05-19,NONE,REG AIR,"cial multipliers. silent, ruthless foxes "
34694-6,34694,498,99,6,10.00,13984.90,0.07,0.01,A,F,1995-06-05,1995-06-11,1995-06-08,COLLECT COD,TRUCK,y deposits. slyly 
34695-1,34695,1706,91,1,47.00,75561.90,0.09,0.08,N,O,1997-08-19,1997-08-01,1997-09-02,TAKE BACK RETURN,MAIL,as haggle. slyly ir
34695-2,34695,1777,20,2,23.00,38611.71,0.05,0.05,N,O,1997-05-14,1997-06-06,1997-06-04,DELIVER IN PERSON,REG AIR,", even waters hagg"
34720-1,34720,1581,62,1,20.00,29651.60,0.06,0.02,N,O,1997-02-23,1997-04-23,1997-02-28,TAKE BACK RETURN,RAIL,ending ideas g
34721-1,34721,469,99,1,25.00,34236.50,0.03,0.03,A,F,1993-11-10,1993-12-02,1993-11-24,TAKE BACK RETURN,TRUCK,tions wake regularly sl
34721-2,34721,417,5,2,21.00,27665.61,0.02,0.05,A,F,1993-11-21,1993-12-05,1993-12-11,TAKE BACK RETURN,RAIL,counts x-ray blithely among the slyly
34721-3,34721,115,94,3,7.00,7105.77,0.08,0.03,R,F,1993-11-12,1994-01-22,1993-11-22,COLLECT COD,SHIP,ross the carefully bold
34721-4,34721,580,41,4,28.00,41456.24,0.00,0.03,R,F,1994-02-18,1994-01-30,1994-02-25,TAKE BACK RETURN,REG AIR,ding requests are carefully quickly
34721-5,34721,1701,28,5,18.00,28848.60,0.03,0.02,A,F,1993-12-31,1994-01-13,1994-01-30,DELIVER IN PERSON,AIR,nts according to the caref
34722-1,34722,906,41,1,1.00,1806.90,0.04,0.00,N,O,1997-04-18,1997-04-07,1997-05-18,TAKE BACK RETURN,FOB,regular courts wake s
34722-2,34722,1096,97,2,35.00,34898.15,0.08,0.08,N,O,1997-04-25,1997-05-22,1997-05-01,TAKE BACK RETURN,RAIL,e the ironic excuses. ironi
34722-3,34722,975,78,3,48.00,90046.56,0.00,0.03,N,O,1997-06-10,1997-04-03,1997-06-19,DELIVER IN PERSON,MAIL,special notornis haggle fluffily
34722-4,34722,1890,91,4,39.00,69883.71,0.10,0.08,N,O,1997-05-22,1997-05-18,1997-06-15,COLLECT COD,TRUCK,al dependencies. notornis nag car
34722-5,34722,38,89,5,48.00,45025.44,0.06,0.02,N,O,1997-07-03,1997-04-22,1997-07-28,TAKE BACK RETURN,RAIL,", pending depths boost"
34722-6,34722,742,7,6,35.00,57495.90,0.05,0.04,N,O,1997-03-15,1997-05-03,1997-04-01,NONE,TRUCK,nts. blithely i
34722-7,34722,354,39,7,10.00,12543.50,0.00,0.03,N,O,1997-05-17,1997-05-05,1997-06-11,DELIVER IN PERSON,TRUCK,uctions. final accounts nag-- blith
34723-1,34723,629,30,1,24.00,36710.88,0.08,0.02,A,F,1993-02-14,1993-01-30,1993-03-07,COLLECT COD,SHIP,carefully unus
34723-2,34723,992,95,2,12.00,22715.88,0.06,0.08,R,F,1992-12-16,1993-01-20,1993-01-08,COLLECT COD,TRUCK,ts. slyly bold theodolites nod caref
34723-3,34723,1314,15,3,22.00,26736.82,0.09,0.01,A,F,1992-12-29,1993-03-04,1992-12-30,TAKE BACK RETURN,TRUCK,uffily express deposits boost ent
34723-4,34723,1703,46,4,45.00,72211.50,0.04,0.00,R,F,1993-03-12,1993-01-31,1993-03-21,DELIVER IN PERSON,RAIL,ly regular foxes. blit
34723-5,34723,1076,82,5,40.00,39082.80,0.01,0.06,A,F,1993-01-16,1993-01-28,1993-01-23,NONE,TRUCK,k foxes. carefully bold accou
34724-1,34724,1276,14,1,3.00,3531.81,0.10,0.06,A,F,1995-02-21,1995-02-22,1995-02-22,COLLECT COD,AIR,lar packages haggle furiously accord
34724-2,34724,1026,97,2,44.00,40788.88,0.00,0.00,A,F,1995-03-17,1995-02-25,1995-03-25,COLLECT COD,REG AIR,p fluffily furio
34724-3,34724,619,13,3,8.00,12156.88,0.09,0.05,A,F,1995-01-03,1995-02-15,1995-01-20,DELIVER IN PERSON,RAIL, bold foxes use. da
34725-1,34725,1545,46,1,44.00,63647.76,0.01,0.07,N,O,1995-08-28,1995-09-17,1995-09-11,DELIVER IN PERSON,AIR,ealms. carefully silent th
34725-2,34725,793,94,2,4.00,6775.16,0.10,0.04,N,O,1995-10-21,1995-10-01,1995-11-07,COLLECT COD,RAIL,iously. blithely bold 
34725-3,34725,2000,1,3,46.00,41492.00,0.07,0.07,N,O,1995-11-21,1995-08-31,1995-12-20,COLLECT COD,AIR,y bold request
34725-4,34725,968,3,4,35.00,65413.60,0.08,0.05,N,O,1995-09-11,1995-09-23,1995-10-05,NONE,REG AIR,integrate q
34725-5,34725,360,89,5,20.00,25207.20,0.09,0.01,N,O,1995-08-20,1995-10-08,1995-09-10,COLLECT COD,RAIL, use carefully
34725-6,34725,1913,14,6,37.00,67151.67,0.04,0.05,N,O,1995-08-16,1995-10-26,1995-09-10,COLLECT COD,TRUCK,ecial attainmen
34725-7,34725,973,74,7,28.00,52471.16,0.04,0.06,N,O,1995-10-04,1995-09-30,1995-10-15,NONE,AIR," ironic, stealthy deposi"
34726-1,34726,1453,93,1,6.00,8126.70,0.03,0.03,N,O,1997-02-23,1997-01-28,1997-03-25,COLLECT COD,FOB,nt packages sl
34726-2,34726,499,29,2,8.00,11195.92,0.05,0.07,N,O,1997-01-15,1997-01-05,1997-02-03,DELIVER IN PERSON,TRUCK,. slyly ironic deposits 
34726-3,34726,1441,42,3,9.00,12081.96,0.00,0.07,N,O,1996-11-14,1996-12-19,1996-11-19,TAKE BACK RETURN,REG AIR,ly ironic excuses
34727-1,34727,1739,24,1,29.00,47581.17,0.00,0.01,R,F,1995-05-26,1995-04-19,1995-05-29,TAKE BACK RETURN,FOB," asymptotes. even, unusual requ"
34727-2,34727,1226,38,2,14.00,15781.08,0.10,0.06,A,F,1995-04-17,1995-05-19,1995-04-20,DELIVER IN PERSON,SHIP,egular req
34727-3,34727,963,98,3,22.00,41007.12,0.08,0.05,A,F,1995-03-22,1995-04-18,1995-04-14,TAKE BACK RETURN,FOB,riously bold fo
34752-1,34752,939,40,1,15.00,27598.95,0.10,0.02,N,O,1995-09-16,1995-08-19,1995-10-09,TAKE BACK RETURN,SHIP,fully pending ideas are never ironic reques
34753-1,34753,1443,22,1,39.00,52433.16,0.01,0.08,R,F,1993-04-09,1993-04-13,1993-04-26,NONE,AIR,requests sleep. regular deposits cajol
34753-2,34753,783,80,2,22.00,37043.16,0.02,0.07,R,F,1993-01-21,1993-03-31,1993-01-22,TAKE BACK RETURN,RAIL,usly dugouts. carefully re
34753-3,34753,1802,46,3,36.00,61336.80,0.10,0.07,R,F,1993-04-06,1993-02-27,1993-04-30,TAKE BACK RETURN,SHIP,g the furi
34753-4,34753,398,99,4,30.00,38951.70,0.03,0.05,R,F,1993-01-24,1993-03-09,1993-02-13,COLLECT COD,TRUCK,to beans are furiously. somet
34754-1,34754,1024,30,1,2.00,1850.04,0.09,0.05,A,F,1992-08-12,1992-07-15,1992-08-31,COLLECT COD,MAIL,ages are quickly. slow dep
34754-2,34754,1457,58,2,1.00,1358.45,0.10,0.04,A,F,1992-07-14,1992-07-11,1992-08-03,TAKE BACK RETURN,TRUCK," even, regular cour"
34754-3,34754,1015,21,3,2.00,1832.02,0.01,0.06,R,F,1992-08-01,1992-08-15,1992-08-25,DELIVER IN PERSON,RAIL,l pinto beans. furiously ironic requests n
34755-1,34755,3,54,1,43.00,38829.00,0.02,0.08,N,O,1997-06-01,1997-04-11,1997-06-29,DELIVER IN PERSON,TRUCK,"eposits. final, unusual accounts are b"
34755-2,34755,1926,71,2,6.00,10967.52,0.10,0.03,N,O,1997-04-11,1997-04-26,1997-05-09,COLLECT COD,MAIL, slyly pending 
34755-3,34755,1748,49,3,16.00,26395.84,0.00,0.00,N,O,1997-03-07,1997-03-28,1997-03-12,TAKE BACK RETURN,RAIL,ly final foxes haggle slyly enticingly fi
34755-4,34755,707,8,4,37.00,59484.90,0.01,0.08,N,O,1997-05-25,1997-05-22,1997-06-10,TAKE BACK RETURN,AIR,y after the expre
34755-5,34755,279,34,5,2.00,2358.54,0.02,0.01,N,O,1997-05-04,1997-05-24,1997-05-24,NONE,AIR,etimes ironic theodolite
34755-6,34755,1193,94,6,13.00,14224.47,0.08,0.00,N,O,1997-04-27,1997-05-17,1997-05-17,DELIVER IN PERSON,RAIL,g carefully. carefully even 
34756-1,34756,36,62,1,24.00,22464.72,0.03,0.04,N,O,1998-04-15,1998-05-09,1998-05-07,NONE,REG AIR,olites above the
34756-2,34756,550,41,2,46.00,66725.30,0.04,0.01,N,O,1998-06-18,1998-06-02,1998-06-24,NONE,FOB,out the requests! quickly
34756-3,34756,37,38,3,41.00,38418.23,0.10,0.01,N,O,1998-06-05,1998-05-17,1998-06-12,DELIVER IN PERSON,FOB,regular braids are. slyly 
34756-4,34756,1941,74,4,24.00,44230.56,0.06,0.04,N,O,1998-06-13,1998-05-14,1998-06-28,NONE,SHIP,luffily. quickly regular re
34756-5,34756,254,55,5,15.00,17313.75,0.08,0.06,N,O,1998-05-13,1998-05-30,1998-06-04,NONE,AIR, theodolites. accounts across the care
34756-6,34756,1941,86,6,29.00,53445.26,0.10,0.04,N,O,1998-05-29,1998-06-04,1998-06-22,DELIVER IN PERSON,AIR,ccording to the fluffily ironic p
34757-1,34757,1500,1,1,6.00,8409.00,0.10,0.07,A,F,1992-06-04,1992-07-26,1992-06-06,DELIVER IN PERSON,REG AIR,leep furiously carefully quick deposit
34757-2,34757,1241,79,2,3.00,3426.72,0.10,0.04,R,F,1992-06-11,1992-08-04,1992-07-08,COLLECT COD,SHIP, ironic requests. a
34757-3,34757,1867,54,3,12.00,21226.32,0.00,0.00,A,F,1992-06-04,1992-08-09,1992-06-23,TAKE BACK RETURN,REG AIR,"ding courts haggle bold, regular deposits"
34758-1,34758,1774,75,1,23.00,38542.71,0.05,0.04,N,O,1995-08-03,1995-07-16,1995-08-07,TAKE BACK RETURN,SHIP,ackages solve caref
34758-2,34758,1888,32,2,19.00,34007.72,0.04,0.00,A,F,1995-05-23,1995-07-06,1995-06-14,COLLECT COD,FOB,ronic instruc
34758-3,34758,659,53,3,4.00,6238.60,0.07,0.01,N,O,1995-08-10,1995-06-11,1995-09-07,COLLECT COD,RAIL,heodolites sleep furiously ironic depe
34758-4,34758,1476,77,4,34.00,46833.98,0.03,0.06,N,O,1995-08-17,1995-06-24,1995-09-13,COLLECT COD,TRUCK,xpress packages wake slyly across the car
34758-5,34758,802,2,5,48.00,81734.40,0.04,0.00,N,O,1995-08-13,1995-06-30,1995-08-14,DELIVER IN PERSON,SHIP,nt instructions are furious
34758-6,34758,847,81,6,12.00,20974.08,0.09,0.06,A,F,1995-05-17,1995-07-06,1995-05-27,TAKE BACK RETURN,REG AIR, fluffy packages haggle fluffily fl
34758-7,34758,1470,88,7,38.00,52115.86,0.01,0.08,A,F,1995-05-16,1995-06-02,1995-05-27,COLLECT COD,TRUCK,deposits. ideas h
34759-1,34759,927,30,1,46.00,84084.32,0.10,0.05,N,O,1998-01-29,1998-01-03,1998-02-22,DELIVER IN PERSON,SHIP,above the carefu
34759-2,34759,334,91,2,29.00,35795.57,0.01,0.05,N,O,1998-01-24,1997-12-30,1998-01-31,TAKE BACK RETURN,REG AIR,"ost bold, "
34759-3,34759,1115,16,3,41.00,41660.51,0.03,0.04,N,O,1997-12-04,1998-02-11,1997-12-21,COLLECT COD,TRUCK, regular ideas. fluf
34759-4,34759,1356,71,4,10.00,12573.50,0.00,0.00,N,O,1997-12-27,1998-01-04,1998-01-21,TAKE BACK RETURN,REG AIR,lites. slyly bold dependencies lose. blithe
34759-5,34759,1819,20,5,4.00,6883.24,0.01,0.06,N,O,1998-01-10,1998-01-23,1998-02-03,NONE,RAIL,rses. unus
34784-1,34784,1140,41,1,38.00,39563.32,0.09,0.06,R,F,1994-05-31,1994-04-11,1994-06-14,DELIVER IN PERSON,RAIL,counts. slyly final platelets use 
34784-2,34784,482,70,2,43.00,59446.64,0.00,0.08,A,F,1994-03-18,1994-03-31,1994-04-10,NONE,SHIP,s the ironic pinto
34784-3,34784,474,4,3,28.00,38485.16,0.07,0.02,R,F,1994-06-05,1994-03-15,1994-06-25,TAKE BACK RETURN,MAIL, carefully stealthy packages nag furiously
34784-4,34784,1201,13,4,23.00,25350.60,0.09,0.04,A,F,1994-02-26,1994-03-13,1994-03-21,COLLECT COD,FOB,ld excuses? courts are speci
34784-5,34784,606,7,5,42.00,63277.20,0.05,0.08,A,F,1994-04-05,1994-05-03,1994-04-24,NONE,AIR,ng excuses c
34785-1,34785,1073,9,1,4.00,3896.28,0.02,0.04,A,F,1993-02-03,1993-04-06,1993-02-10,COLLECT COD,SHIP,blithe instructions hag
34786-1,34786,571,72,1,7.00,10300.99,0.02,0.05,N,O,1996-09-18,1996-09-25,1996-09-27,TAKE BACK RETURN,SHIP,ter the quic
34787-1,34787,161,88,1,19.00,20162.04,0.00,0.02,A,F,1993-03-27,1993-04-10,1993-04-26,TAKE BACK RETURN,REG AIR,lar requests
34787-2,34787,1955,88,2,11.00,20426.45,0.01,0.08,A,F,1993-05-12,1993-04-15,1993-06-09,NONE,RAIL,usly bold accoun
34787-3,34787,856,56,3,13.00,22839.05,0.06,0.04,A,F,1993-06-21,1993-05-23,1993-06-23,TAKE BACK RETURN,RAIL,", ironic escapades according"
34787-4,34787,1458,76,4,23.00,31267.35,0.01,0.06,R,F,1993-06-12,1993-03-31,1993-06-21,NONE,TRUCK,uriously. express ideas above the ca
34787-5,34787,1232,7,5,5.00,5666.15,0.02,0.08,R,F,1993-05-14,1993-03-31,1993-06-03,TAKE BACK RETURN,REG AIR,ions wake fluffily. slyly regular excuse
34787-6,34787,440,28,6,46.00,61660.24,0.05,0.00,A,F,1993-03-25,1993-05-15,1993-04-19,NONE,TRUCK,aggle. regular warthogs use between the exp
34788-1,34788,1339,54,1,50.00,62016.50,0.06,0.02,R,F,1995-01-09,1995-01-11,1995-01-31,DELIVER IN PERSON,SHIP,odolites promi
34788-2,34788,1567,68,2,23.00,33776.88,0.07,0.02,R,F,1994-12-27,1995-01-26,1995-01-03,COLLECT COD,MAIL,ticingly across the slyly pending d
34788-3,34788,1745,46,3,38.00,62576.12,0.07,0.05,R,F,1995-02-13,1994-12-12,1995-03-01,NONE,MAIL,uriously final dependencies.
34789-1,34789,1247,48,1,18.00,20668.32,0.03,0.01,N,O,1996-12-19,1997-01-07,1996-12-24,TAKE BACK RETURN,TRUCK,gular pinto beans cajole
34789-2,34789,1961,94,2,38.00,70792.48,0.03,0.03,N,O,1997-02-09,1996-12-05,1997-02-10,NONE,REG AIR,egular deposits are furiously slyly 
34789-3,34789,1785,86,3,17.00,28675.26,0.07,0.02,N,O,1996-12-12,1996-12-18,1996-12-19,NONE,FOB,"long the express, unusual depos"
34789-4,34789,1896,26,4,9.00,16181.01,0.01,0.03,N,O,1997-02-07,1997-01-05,1997-02-18,DELIVER IN PERSON,MAIL,tions. regular pinto b
34789-5,34789,1178,15,5,13.00,14029.21,0.10,0.07,N,O,1996-12-13,1996-12-01,1996-12-23,COLLECT COD,FOB,ular theodolites use blithely 
34789-6,34789,903,4,6,6.00,10823.40,0.00,0.00,N,O,1996-12-12,1996-12-21,1997-01-11,NONE,FOB,under the p
34789-7,34789,739,40,7,48.00,78707.04,0.03,0.06,N,O,1996-10-28,1996-12-22,1996-11-01,NONE,AIR,usual instructions alongside of t
34790-1,34790,1318,33,1,48.00,58526.88,0.04,0.01,N,O,1998-04-13,1998-01-29,1998-05-11,DELIVER IN PERSON,RAIL,sly pending asymptotes a
34790-2,34790,1882,69,2,31.00,55300.28,0.06,0.03,N,O,1998-03-25,1998-01-20,1998-04-09,DELIVER IN PERSON,MAIL,ounts boost slyly about the caref
34790-3,34790,644,38,3,40.00,61785.60,0.02,0.03,N,O,1998-02-27,1998-02-15,1998-03-03,DELIVER IN PERSON,SHIP,s accounts. finally final dep
34790-4,34790,401,2,4,2.00,2602.80,0.10,0.00,N,O,1998-02-13,1998-03-04,1998-03-04,TAKE BACK RETURN,RAIL,arefully regular f
34790-5,34790,1398,99,5,3.00,3898.17,0.05,0.07,N,O,1998-02-13,1998-02-05,1998-03-04,TAKE BACK RETURN,RAIL, quickly regular waters
34790-6,34790,412,13,6,4.00,5249.64,0.01,0.08,N,O,1998-03-14,1998-01-12,1998-03-20,DELIVER IN PERSON,REG AIR,uriously ironic foxes. pe
34790-7,34790,1329,68,7,37.00,45521.84,0.03,0.04,N,O,1998-04-11,1998-02-19,1998-04-30,DELIVER IN PERSON,AIR,egular pinto beans. furi
34791-1,34791,1375,90,1,21.00,26803.77,0.10,0.07,A,F,1995-05-18,1995-07-31,1995-06-17,TAKE BACK RETURN,REG AIR, deposits unwind never aga
34791-2,34791,1191,64,2,30.00,32765.70,0.00,0.08,N,O,1995-07-04,1995-06-13,1995-07-18,NONE,SHIP,ts sleep carefully. blithely ir
34791-3,34791,1038,39,3,16.00,15024.48,0.01,0.05,N,F,1995-06-14,1995-08-04,1995-07-02,TAKE BACK RETURN,TRUCK,s. furiously regular
34791-4,34791,547,38,4,38.00,55006.52,0.08,0.02,N,O,1995-08-18,1995-07-01,1995-09-04,NONE,REG AIR,aring deposits affix abo
34791-5,34791,1111,12,5,41.00,41496.51,0.06,0.06,N,O,1995-08-24,1995-06-18,1995-09-04,DELIVER IN PERSON,SHIP,rets wake. carefully regul
34791-6,34791,273,1,6,15.00,17599.05,0.06,0.06,N,O,1995-08-13,1995-06-22,1995-08-29,NONE,RAIL,inal packages sleep fur
34791-7,34791,1699,100,7,8.00,12805.52,0.00,0.05,N,O,1995-07-26,1995-06-09,1995-08-18,TAKE BACK RETURN,SHIP,", bold packages. requests wake."
34816-1,34816,293,75,1,23.00,27445.67,0.04,0.05,R,F,1994-02-14,1993-12-24,1994-03-07,DELIVER IN PERSON,FOB,"l, final ideas are closely fina"
34816-2,34816,1915,48,2,18.00,32704.38,0.09,0.05,A,F,1994-01-19,1994-01-07,1994-02-10,TAKE BACK RETURN,SHIP,s. carefully final deposits
34816-3,34816,165,92,3,35.00,37280.60,0.04,0.03,R,F,1993-12-09,1993-12-20,1993-12-31,TAKE BACK RETURN,FOB,tly final in
34816-4,34816,737,2,4,6.00,9826.38,0.03,0.05,A,F,1994-02-03,1993-12-09,1994-02-23,DELIVER IN PERSON,MAIL,iously above
34816-5,34816,406,94,5,10.00,13064.00,0.09,0.07,A,F,1994-01-18,1993-12-21,1994-02-13,COLLECT COD,AIR,xes wake carefully furiously 
34817-1,34817,1820,21,1,3.00,5165.46,0.08,0.06,R,F,1994-04-17,1994-06-22,1994-05-14,DELIVER IN PERSON,RAIL,foxes. furiously f
34817-2,34817,1094,30,2,10.00,9950.90,0.01,0.03,R,F,1994-06-02,1994-07-10,1994-06-23,DELIVER IN PERSON,REG AIR,st the slyly ironic ideas. 
34818-1,34818,422,81,1,35.00,46284.70,0.02,0.07,N,O,1996-03-13,1996-04-24,1996-03-24,TAKE BACK RETURN,FOB,"s, pending accounts? regular p"
34818-2,34818,827,28,2,30.00,51834.60,0.09,0.08,N,O,1996-04-24,1996-04-30,1996-05-06,DELIVER IN PERSON,REG AIR,eans; furiously quick instruc
34818-3,34818,1291,29,3,22.00,26230.38,0.03,0.04,N,O,1996-06-20,1996-05-06,1996-06-30,COLLECT COD,REG AIR,ly above the slyly special theodol
34818-4,34818,1706,33,4,34.00,54661.80,0.07,0.04,N,O,1996-04-27,1996-03-23,1996-05-10,NONE,AIR,old asymptotes nag quick
34818-5,34818,772,37,5,23.00,38473.71,0.01,0.04,N,O,1996-06-04,1996-05-10,1996-06-20,NONE,TRUCK,s sleep furiously slyly regu
34818-6,34818,870,4,6,5.00,8854.35,0.08,0.00,N,O,1996-03-23,1996-05-10,1996-04-21,COLLECT COD,RAIL,etimes. quickly bold theodolites gro
34818-7,34818,1507,8,7,4.00,5634.00,0.07,0.02,N,O,1996-03-30,1996-04-07,1996-04-12,TAKE BACK RETURN,REG AIR,blithely furi
34819-1,34819,891,91,1,8.00,14335.12,0.02,0.08,N,O,1998-01-14,1998-02-26,1998-01-16,NONE,TRUCK,lar dolphins. quick
34819-2,34819,1217,92,2,3.00,3354.63,0.00,0.04,N,O,1998-01-16,1998-02-28,1998-01-23,COLLECT COD,RAIL,dly bold courts? ir
34819-3,34819,915,50,3,12.00,21790.92,0.02,0.03,N,O,1998-02-11,1998-01-17,1998-03-08,DELIVER IN PERSON,TRUCK," against the express, even patt"
34819-4,34819,122,49,4,10.00,10221.20,0.03,0.05,N,O,1998-03-17,1998-01-27,1998-03-21,DELIVER IN PERSON,RAIL,nto beans nag. regular accounts
34820-1,34820,241,42,1,20.00,22824.80,0.08,0.08,A,F,1993-09-09,1993-08-06,1993-09-11,TAKE BACK RETURN,TRUCK,gular requests affix furiously s
34820-2,34820,1338,53,2,5.00,6196.65,0.08,0.00,A,F,1993-06-15,1993-08-05,1993-06-20,TAKE BACK RETURN,SHIP,ccounts. express pains above the request
34821-1,34821,1581,82,1,12.00,17790.96,0.05,0.00,A,F,1993-08-24,1993-10-16,1993-09-23,DELIVER IN PERSON,MAIL,o beans to the ironic tithes ru
34821-2,34821,400,57,2,47.00,61118.80,0.02,0.05,A,F,1993-08-28,1993-10-22,1993-09-04,DELIVER IN PERSON,MAIL,es. express packages c
34821-3,34821,1885,29,3,17.00,30376.96,0.00,0.05,R,F,1993-10-08,1993-10-29,1993-10-20,TAKE BACK RETURN,MAIL,"s sleep carefully against the final, pen"
34821-4,34821,741,74,4,47.00,77161.78,0.01,0.05,A,F,1993-10-06,1993-10-15,1993-10-10,TAKE BACK RETURN,RAIL,quickly regular excuses. ca
34821-5,34821,566,67,5,19.00,27864.64,0.01,0.00,R,F,1993-12-05,1993-10-12,1993-12-26,COLLECT COD,FOB,ly express acco
34821-6,34821,923,58,6,49.00,89372.08,0.05,0.00,A,F,1993-09-07,1993-10-08,1993-09-12,TAKE BACK RETURN,REG AIR,y even accounts sleep carefully f
34822-1,34822,569,30,1,46.00,67599.76,0.04,0.07,A,F,1992-08-02,1992-09-24,1992-08-22,COLLECT COD,SHIP,ly. express packages sleep agains
34822-2,34822,224,6,2,31.00,34850.82,0.08,0.03,R,F,1992-08-01,1992-10-02,1992-08-09,COLLECT COD,SHIP,g regularly. care
34822-3,34822,1834,21,3,6.00,10414.98,0.07,0.00,R,F,1992-08-18,1992-08-11,1992-09-09,NONE,TRUCK,s integrate blithely
34822-4,34822,1773,16,4,49.00,82063.73,0.01,0.08,A,F,1992-08-29,1992-08-22,1992-08-30,DELIVER IN PERSON,FOB,heodolites integrate furiously against 
34822-5,34822,189,68,5,42.00,45745.56,0.02,0.00,R,F,1992-10-30,1992-09-28,1992-11-02,TAKE BACK RETURN,REG AIR,s. carefully regular ideas use along t
34823-1,34823,344,1,1,29.00,36085.86,0.00,0.06,A,F,1993-12-06,1993-11-17,1993-12-17,TAKE BACK RETURN,RAIL, wake after the furiously even instruction
34823-2,34823,364,21,2,33.00,41723.88,0.09,0.08,R,F,1994-01-23,1993-11-21,1994-02-10,TAKE BACK RETURN,RAIL,r theodolit
34823-3,34823,1847,48,3,10.00,17488.40,0.09,0.08,A,F,1993-11-07,1993-12-24,1993-11-08,COLLECT COD,MAIL, deposits? even requests thrash 
34848-1,34848,418,6,1,44.00,58010.04,0.02,0.01,N,O,1997-02-24,1997-04-17,1997-03-14,TAKE BACK RETURN,REG AIR,ously regu
34848-2,34848,1042,13,2,45.00,42436.80,0.06,0.07,N,O,1997-03-24,1997-03-26,1997-03-29,DELIVER IN PERSON,RAIL,"ual deposits. ironic, bold sen"
34848-3,34848,1247,85,3,39.00,44781.36,0.03,0.07,N,O,1997-05-18,1997-05-04,1997-06-05,NONE,RAIL,nstructions beneath the expres
34848-4,34848,1787,30,4,9.00,15199.02,0.06,0.08,N,O,1997-03-20,1997-04-15,1997-04-12,DELIVER IN PERSON,TRUCK, slyly express warhorses 
34848-5,34848,1634,76,5,29.00,44533.27,0.09,0.04,N,O,1997-03-04,1997-04-21,1997-03-19,COLLECT COD,FOB,lly furiously pending pac
34848-6,34848,516,77,6,35.00,49577.85,0.02,0.00,N,O,1997-03-20,1997-05-11,1997-03-21,DELIVER IN PERSON,RAIL, foxes sleep. carefully
34849-1,34849,1588,69,1,15.00,22343.70,0.04,0.00,A,F,1994-01-13,1993-12-23,1994-02-01,DELIVER IN PERSON,MAIL,. slyly regular deposits 
34849-2,34849,750,15,2,49.00,80886.75,0.03,0.04,R,F,1993-10-31,1993-11-20,1993-11-27,DELIVER IN PERSON,REG AIR,lar packages. carefully spe
34849-3,34849,1573,94,3,36.00,53084.52,0.03,0.04,A,F,1993-12-17,1993-12-28,1993-12-30,DELIVER IN PERSON,RAIL,permanently regular warthogs. asympt
34849-4,34849,1563,84,4,32.00,46865.92,0.07,0.08,A,F,1994-01-21,1993-12-17,1994-02-16,TAKE BACK RETURN,RAIL,regular fox
34849-5,34849,202,3,5,50.00,55110.00,0.09,0.00,A,F,1994-01-15,1993-12-13,1994-02-07,COLLECT COD,AIR,ng instructions above 
34849-6,34849,1148,57,6,7.00,7343.98,0.01,0.06,A,F,1993-12-07,1993-12-01,1993-12-20,NONE,RAIL, slyly. silent ideas are quic
34849-7,34849,1373,50,7,47.00,59895.39,0.09,0.04,A,F,1994-02-03,1994-01-07,1994-02-13,DELIVER IN PERSON,FOB, fluffily bold packages sleep caref
34850-1,34850,1809,39,1,31.00,53034.80,0.03,0.08,A,F,1993-08-27,1993-10-15,1993-09-19,TAKE BACK RETURN,FOB,ithely even accounts: enticingly s
34850-2,34850,1978,79,2,13.00,24439.61,0.08,0.08,R,F,1993-10-14,1993-11-04,1993-10-18,DELIVER IN PERSON,RAIL,onic deposits u
34851-1,34851,857,58,1,20.00,35157.00,0.00,0.05,A,F,1992-12-17,1992-12-17,1992-12-26,COLLECT COD,AIR,"ts. regular, final depo"
34851-2,34851,467,97,2,22.00,30084.12,0.04,0.03,A,F,1993-02-03,1992-12-08,1993-02-07,COLLECT COD,MAIL,ntegrate. pending deposits cajole careful
34852-1,34852,279,7,1,25.00,29481.75,0.08,0.08,A,F,1992-09-20,1992-11-26,1992-10-08,NONE,TRUCK,. blithely final requests c
34852-2,34852,1155,92,2,50.00,52807.50,0.10,0.01,A,F,1992-10-14,1992-11-22,1992-10-30,COLLECT COD,MAIL,e blithely against the spe
34852-3,34852,48,49,3,16.00,15168.64,0.09,0.01,R,F,1992-09-07,1992-11-29,1992-09-12,TAKE BACK RETURN,RAIL,nts kindle furiously alongside of the bli
34852-4,34852,647,48,4,16.00,24762.24,0.07,0.02,A,F,1992-12-17,1992-12-01,1993-01-02,TAKE BACK RETURN,REG AIR,ular theodolite
34853-1,34853,1699,23,1,15.00,24010.35,0.07,0.07,N,O,1996-01-23,1995-11-24,1996-02-03,COLLECT COD,RAIL,ts cajole above the fin
34853-2,34853,602,34,2,22.00,33057.20,0.10,0.01,N,O,1995-12-19,1995-12-13,1996-01-07,NONE,AIR,cial packages. s
34853-3,34853,1905,50,3,40.00,72276.00,0.06,0.01,N,O,1995-11-10,1995-12-14,1995-11-17,NONE,SHIP,c requests
34853-4,34853,570,71,4,30.00,44117.10,0.07,0.06,N,O,1995-11-07,1995-11-11,1995-11-24,COLLECT COD,MAIL,ges after the fur
34853-5,34853,1284,22,5,34.00,40299.52,0.01,0.06,N,O,1995-10-27,1995-12-26,1995-11-25,TAKE BACK RETURN,SHIP,ide of the final notornis nag alongside of
34854-1,34854,1087,58,1,45.00,44463.60,0.08,0.08,R,F,1995-03-15,1995-02-10,1995-03-22,COLLECT COD,MAIL,egular pinto bea
34854-2,34854,405,93,2,7.00,9137.80,0.07,0.04,A,F,1995-01-17,1995-01-25,1995-02-04,NONE,REG AIR,oss the carefully special
34854-3,34854,225,53,3,19.00,21379.18,0.05,0.04,A,F,1994-12-07,1994-12-17,1994-12-29,TAKE BACK RETURN,FOB,ously regular asymptotes wak
34855-1,34855,1658,41,1,13.00,20275.45,0.02,0.03,R,F,1994-03-31,1994-05-07,1994-04-29,COLLECT COD,TRUCK,s. furiously regular instru
34855-2,34855,109,36,2,18.00,18163.80,0.02,0.08,A,F,1994-04-17,1994-06-23,1994-05-07,DELIVER IN PERSON,FOB,lites sleep furiously abo
34855-3,34855,1642,43,3,46.00,71007.44,0.05,0.00,R,F,1994-04-13,1994-05-27,1994-04-25,TAKE BACK RETURN,REG AIR,ding packages cajole
34855-4,34855,1637,38,4,4.00,6154.52,0.02,0.06,A,F,1994-06-02,1994-05-01,1994-06-18,DELIVER IN PERSON,SHIP, express packages boost packages; 
34880-1,34880,286,14,1,14.00,16607.92,0.07,0.00,R,F,1994-09-29,1994-10-29,1994-10-04,NONE,RAIL,luffily regular a
34880-2,34880,1463,64,2,27.00,36840.42,0.02,0.08,R,F,1994-09-27,1994-11-09,1994-10-16,COLLECT COD,AIR,accounts. slyly 
34880-3,34880,132,33,3,3.00,3096.39,0.08,0.02,R,F,1994-09-30,1994-12-09,1994-10-16,NONE,SHIP,"l deposits boost according to the ironic,"
34880-4,34880,387,16,4,34.00,43770.92,0.07,0.07,A,F,1995-01-07,1994-11-11,1995-01-15,COLLECT COD,MAIL,ages. blithely furious deposits ag
34881-1,34881,1508,29,1,36.00,50742.00,0.00,0.06,A,F,1995-05-02,1995-04-22,1995-05-04,COLLECT COD,TRUCK, pending packages cajole blithe
34881-2,34881,1402,81,2,12.00,15640.80,0.02,0.01,A,F,1995-02-28,1995-03-18,1995-03-19,NONE,AIR, ironic deposits. furiously ironic ins
34881-3,34881,825,26,3,42.00,72484.44,0.07,0.01,A,F,1995-02-10,1995-04-07,1995-03-10,NONE,MAIL,ts wake furiously
34881-4,34881,1215,53,4,32.00,35718.72,0.05,0.03,A,F,1995-04-26,1995-05-08,1995-05-04,TAKE BACK RETURN,RAIL,even ideas. blithely pending fo
34881-5,34881,1058,29,5,43.00,41239.15,0.09,0.03,R,F,1995-04-01,1995-03-13,1995-04-29,NONE,RAIL,ons. blithely express deposits us
34881-6,34881,472,60,6,38.00,52153.86,0.03,0.02,A,F,1995-04-16,1995-03-28,1995-04-21,DELIVER IN PERSON,REG AIR,nic accounts. 
34882-1,34882,589,20,1,43.00,64051.94,0.05,0.04,R,F,1994-08-31,1994-09-20,1994-09-24,TAKE BACK RETURN,FOB,egular frets wake deposi
34882-2,34882,978,81,2,45.00,84553.65,0.00,0.04,R,F,1994-10-21,1994-10-07,1994-11-03,DELIVER IN PERSON,SHIP,s impress quickly. carefully ironic ideas a
34882-3,34882,1538,39,3,34.00,48944.02,0.03,0.02,R,F,1994-11-10,1994-08-29,1994-11-20,COLLECT COD,SHIP,"even, even packages. ironic theodoli"
34883-1,34883,679,42,1,13.00,20535.71,0.07,0.00,A,F,1995-02-25,1995-01-15,1995-03-22,DELIVER IN PERSON,AIR,unusual packages haggle furio
34883-2,34883,1216,91,2,1.00,1117.21,0.03,0.01,R,F,1995-03-06,1994-12-23,1995-03-20,TAKE BACK RETURN,MAIL,"y regular, even foxes. bold acc"
34883-3,34883,420,79,3,33.00,43573.86,0.06,0.05,A,F,1995-01-27,1995-01-27,1995-02-18,COLLECT COD,SHIP,"alongside of the pending, ironic sauternes "
34883-4,34883,183,10,4,44.00,47659.92,0.10,0.07,A,F,1995-01-09,1995-01-10,1995-01-12,NONE,RAIL,nto beans wake carefully deposits. pa
34883-5,34883,533,94,5,25.00,35838.25,0.05,0.04,R,F,1994-11-16,1994-12-21,1994-12-10,NONE,MAIL,ound the boldly f
34883-6,34883,1853,97,6,21.00,36851.85,0.09,0.07,A,F,1995-01-27,1995-01-08,1995-02-04,TAKE BACK RETURN,FOB,arefully regu
34884-1,34884,186,87,1,1.00,1086.18,0.08,0.07,N,O,1997-01-05,1997-01-10,1997-01-15,COLLECT COD,MAIL,s. slyly regular accounts are blithely iron
34884-2,34884,1267,68,2,12.00,14019.12,0.10,0.01,N,O,1997-01-08,1997-02-15,1997-01-30,COLLECT COD,FOB,"lithely. even, final foxes cajole slyly. qu"
34884-3,34884,1501,42,3,42.00,58905.00,0.09,0.08,N,O,1997-03-20,1997-01-20,1997-03-28,DELIVER IN PERSON,TRUCK,thless foxes c
34884-4,34884,1383,84,4,13.00,16696.94,0.00,0.04,N,O,1997-04-01,1997-03-05,1997-04-21,DELIVER IN PERSON,TRUCK,ithe packages haggle: 
34884-5,34884,1959,4,5,15.00,27914.25,0.03,0.05,N,O,1997-01-13,1997-02-03,1997-01-27,TAKE BACK RETURN,SHIP,nag furiously a
34884-6,34884,289,17,6,3.00,3567.84,0.01,0.01,N,O,1997-01-31,1997-03-05,1997-02-06,TAKE BACK RETURN,REG AIR,ideas use slyly according to the 
34885-1,34885,1488,89,1,14.00,19452.72,0.00,0.01,N,O,1997-06-18,1997-07-14,1997-06-22,COLLECT COD,TRUCK,fully express som
34885-2,34885,477,65,2,10.00,13774.70,0.02,0.06,N,O,1997-08-30,1997-07-22,1997-09-01,DELIVER IN PERSON,FOB,express court
34885-3,34885,538,69,3,9.00,12946.77,0.02,0.01,N,O,1997-07-11,1997-07-14,1997-07-31,NONE,FOB, deposits. slyly ironic foxe
34886-1,34886,977,12,1,26.00,48827.22,0.09,0.07,N,O,1998-06-24,1998-08-04,1998-07-21,TAKE BACK RETURN,FOB,ithely above
34887-1,34887,638,1,1,2.00,3077.26,0.08,0.07,N,O,1998-01-31,1998-04-04,1998-02-26,COLLECT COD,MAIL,ep slyly accordin
34912-1,34912,8,9,1,31.00,28148.00,0.00,0.00,A,F,1992-04-06,1992-03-31,1992-04-16,DELIVER IN PERSON,REG AIR,its. blithely
34913-1,34913,1061,67,1,45.00,43292.70,0.06,0.02,N,O,1996-02-01,1996-01-07,1996-02-06,COLLECT COD,TRUCK,le. pending dependencies above the bl
34913-2,34913,1484,63,2,21.00,29095.08,0.06,0.06,N,O,1996-01-05,1996-02-20,1996-01-26,TAKE BACK RETURN,MAIL,unusual theodolit
34914-1,34914,299,27,1,14.00,16790.06,0.08,0.02,N,O,1997-11-22,1997-11-30,1997-12-10,NONE,MAIL,. slyly even notornis after 
34914-2,34914,1241,16,2,48.00,54827.52,0.09,0.04,N,O,1997-09-29,1997-12-07,1997-10-29,TAKE BACK RETURN,RAIL,ymptotes. carefully even ac
34914-3,34914,425,26,3,19.00,25182.98,0.10,0.04,N,O,1997-11-10,1997-11-23,1997-11-18,DELIVER IN PERSON,RAIL,ep carefully doggedly final reques
34914-4,34914,680,74,4,37.00,58485.16,0.04,0.01,N,O,1997-11-05,1997-12-01,1997-11-26,TAKE BACK RETURN,SHIP,telets wake ruthlessly. fluffily express p
34914-5,34914,1331,46,5,42.00,51757.86,0.02,0.07,N,O,1997-11-25,1997-11-05,1997-12-09,DELIVER IN PERSON,REG AIR, accounts haggle carefully. blithely fin
34915-1,34915,1524,45,1,46.00,65573.92,0.10,0.07,A,F,1994-12-25,1994-11-02,1995-01-11,TAKE BACK RETURN,FOB, haggle carefully around
34916-1,34916,367,52,1,31.00,39288.16,0.04,0.08,R,F,1993-11-07,1993-09-29,1993-11-08,COLLECT COD,SHIP,usual theodolites use blithely ironic d
34917-1,34917,1924,13,1,31.00,56603.52,0.05,0.01,N,O,1995-12-25,1995-12-28,1996-01-17,COLLECT COD,RAIL, daringly regular requests. expre
34918-1,34918,914,49,1,10.00,18149.10,0.06,0.03,R,F,1995-02-05,1995-01-10,1995-02-19,DELIVER IN PERSON,MAIL,ages wake carefully. furiously bold instruc
34918-2,34918,1890,91,2,25.00,44797.25,0.02,0.05,R,F,1994-12-09,1995-01-19,1994-12-16,DELIVER IN PERSON,MAIL," cajole about the ironic, qu"
34918-3,34918,1248,86,3,32.00,36775.68,0.05,0.04,A,F,1995-01-05,1995-01-10,1995-01-17,NONE,SHIP,. warthogs affi
34918-4,34918,309,10,4,26.00,31441.80,0.08,0.01,R,F,1995-01-14,1995-01-12,1995-01-17,COLLECT COD,AIR,ons doze. fluffily fi
34918-5,34918,1591,92,5,29.00,43285.11,0.07,0.02,R,F,1995-02-22,1995-01-04,1995-03-20,TAKE BACK RETURN,MAIL,ze. furiously ironic
34918-6,34918,609,10,6,35.00,52836.00,0.02,0.05,R,F,1994-12-30,1994-12-01,1995-01-09,NONE,MAIL, foxes boost carefully! unusual packages d
34918-7,34918,669,63,7,24.00,37671.84,0.01,0.05,R,F,1995-01-03,1994-12-19,1995-01-12,NONE,FOB, instructions haggle slyly al
34919-1,34919,1678,2,1,49.00,77403.83,0.09,0.05,N,O,1996-11-21,1996-10-12,1996-11-30,TAKE BACK RETURN,AIR,unusual theo
34919-2,34919,580,71,2,30.00,44417.40,0.07,0.06,N,O,1996-10-27,1996-10-16,1996-11-05,COLLECT COD,SHIP,lar theodolites. slyly pending ide
34919-3,34919,1878,22,3,13.00,23138.31,0.01,0.03,N,O,1996-09-28,1996-09-20,1996-10-05,COLLECT COD,AIR, the furiously fi
34944-1,34944,459,89,1,45.00,61175.25,0.02,0.01,N,O,1998-05-13,1998-04-28,1998-05-18,TAKE BACK RETURN,REG AIR,ng the slyly regular asymptotes 
34945-1,34945,1144,53,1,40.00,41805.60,0.06,0.08,N,O,1998-07-25,1998-05-30,1998-08-02,NONE,SHIP,ctions. furiously special deposi
34945-2,34945,1723,8,2,45.00,73112.40,0.00,0.02,N,O,1998-07-30,1998-05-14,1998-08-07,NONE,RAIL,refully unusual accounts sleep slyly 
34945-3,34945,8,9,3,40.00,36320.00,0.03,0.06,N,O,1998-04-26,1998-05-29,1998-04-27,TAKE BACK RETURN,TRUCK,ns wake. carefully f
34945-4,34945,1274,49,4,38.00,44660.26,0.03,0.01,N,O,1998-07-04,1998-05-10,1998-07-15,TAKE BACK RETURN,TRUCK,"l ideas. even, final requ"
34945-5,34945,1946,47,5,1.00,1847.94,0.07,0.07,N,O,1998-05-03,1998-05-31,1998-06-02,DELIVER IN PERSON,REG AIR,ickly final deposits abo
34945-6,34945,34,35,6,28.00,26152.84,0.07,0.03,N,O,1998-07-23,1998-06-20,1998-08-16,DELIVER IN PERSON,AIR,ing to the careful
34946-1,34946,510,41,1,21.00,29620.71,0.06,0.04,N,O,1998-07-18,1998-06-23,1998-08-16,DELIVER IN PERSON,TRUCK,ccounts integrate bold in
34946-2,34946,94,70,2,19.00,18887.71,0.04,0.04,N,O,1998-08-02,1998-07-18,1998-08-14,TAKE BACK RETURN,RAIL,pains cajole according to the 
34947-1,34947,149,76,1,1.00,1049.14,0.01,0.07,N,O,1996-10-27,1996-09-26,1996-11-23,NONE,SHIP,e to use around
34947-2,34947,677,78,2,50.00,78883.50,0.04,0.07,N,O,1996-10-24,1996-10-01,1996-11-14,NONE,AIR,equests wake ruthlessly bl
34947-3,34947,1957,58,3,39.00,72499.05,0.03,0.01,N,O,1996-09-01,1996-08-10,1996-09-19,TAKE BACK RETURN,FOB, express pac
34947-4,34947,1201,13,4,29.00,31963.80,0.10,0.01,N,O,1996-10-23,1996-08-31,1996-10-25,NONE,REG AIR,er the quickly f
34947-5,34947,452,40,5,10.00,13524.50,0.09,0.02,N,O,1996-10-24,1996-10-02,1996-11-14,NONE,FOB,instructions cajole bli
34947-6,34947,57,33,6,46.00,44024.30,0.06,0.07,N,O,1996-08-06,1996-09-30,1996-08-15,NONE,REG AIR,ic deposits affix furiously caref
34947-7,34947,1002,3,7,35.00,31605.00,0.05,0.01,N,O,1996-08-20,1996-09-27,1996-08-24,NONE,FOB,ts boost carefully above the pinto beans. s
34948-1,34948,658,21,1,31.00,48318.15,0.07,0.07,R,F,1993-02-13,1993-04-06,1993-03-11,COLLECT COD,REG AIR, furiously along th
34948-2,34948,347,76,2,4.00,4989.36,0.10,0.01,R,F,1993-03-10,1993-03-21,1993-03-22,DELIVER IN PERSON,TRUCK,inal deposits sl
34948-3,34948,58,9,3,35.00,33531.75,0.00,0.07,R,F,1993-03-20,1993-04-06,1993-04-14,NONE,SHIP," bold, regular pa"
34948-4,34948,830,30,4,11.00,19039.13,0.08,0.03,A,F,1993-03-07,1993-02-20,1993-03-19,DELIVER IN PERSON,AIR, packages. 
34949-1,34949,1019,90,1,49.00,45080.49,0.05,0.08,R,F,1994-03-05,1994-01-26,1994-03-24,COLLECT COD,REG AIR,unusual packages. e
34949-2,34949,931,32,2,27.00,49462.11,0.05,0.06,A,F,1993-12-30,1994-02-18,1994-01-16,TAKE BACK RETURN,SHIP, quickly regula
34950-1,34950,1205,43,1,29.00,32079.80,0.03,0.07,N,O,1996-11-15,1996-12-06,1996-11-27,TAKE BACK RETURN,SHIP, breach. carefully 
34950-2,34950,453,54,2,41.00,55491.45,0.01,0.01,N,O,1996-10-06,1996-10-31,1996-10-18,COLLECT COD,MAIL,e slyly furious accounts wake b
34950-3,34950,57,8,3,13.00,12441.65,0.06,0.07,N,O,1996-12-11,1996-11-10,1997-01-01,TAKE BACK RETURN,REG AIR,ctions wake slyly quickly b
34950-4,34950,1132,69,4,36.00,37192.68,0.10,0.07,N,O,1996-10-01,1996-11-22,1996-10-25,TAKE BACK RETURN,FOB,sts sleep 
34950-5,34950,1514,95,5,39.00,55204.89,0.01,0.02,N,O,1996-11-19,1996-11-30,1996-12-14,COLLECT COD,FOB,ajole carefull
34951-1,34951,363,20,1,50.00,63168.00,0.06,0.04,N,O,1996-06-09,1996-07-29,1996-06-24,DELIVER IN PERSON,AIR,al accounts. si
34951-2,34951,1719,62,2,32.00,51862.72,0.05,0.02,N,O,1996-09-18,1996-07-29,1996-09-23,NONE,REG AIR,y final accounts 
34951-3,34951,950,53,3,29.00,53677.55,0.01,0.08,N,O,1996-06-06,1996-07-08,1996-07-05,TAKE BACK RETURN,RAIL,kages. slyly express accounts was f
34976-1,34976,1768,11,1,29.00,48423.04,0.04,0.08,R,F,1992-12-14,1993-02-09,1993-01-07,DELIVER IN PERSON,RAIL,"ffily around the pending,"
34976-2,34976,838,39,2,15.00,26082.45,0.00,0.05,R,F,1992-11-27,1993-01-17,1992-12-25,COLLECT COD,REG AIR,"ch carefully ironic, ir"
34976-3,34976,1179,88,3,27.00,29164.59,0.02,0.03,A,F,1993-01-16,1993-01-11,1993-02-07,NONE,MAIL,"onic, special theodolites"
34976-4,34976,1570,51,4,23.00,33846.11,0.09,0.05,R,F,1993-01-11,1993-01-12,1993-01-18,TAKE BACK RETURN,REG AIR, theodolites wake carefully regular pack
34976-5,34976,747,80,5,6.00,9886.44,0.02,0.06,R,F,1993-02-11,1993-01-05,1993-03-12,TAKE BACK RETURN,MAIL," use around the ironic, ironic packages"
34976-6,34976,1065,71,6,45.00,43472.70,0.08,0.05,A,F,1993-01-17,1993-02-04,1993-01-27,DELIVER IN PERSON,AIR,the final package
34976-7,34976,1474,75,7,49.00,67398.03,0.02,0.04,A,F,1993-02-14,1993-01-22,1993-03-13,COLLECT COD,SHIP,tions haggle slyly bold pinto
34977-1,34977,1717,44,1,21.00,33992.91,0.05,0.00,R,F,1994-01-17,1993-11-23,1994-02-03,DELIVER IN PERSON,RAIL,e blithely unusual fo
34977-2,34977,1292,30,2,24.00,28638.96,0.03,0.03,A,F,1994-01-19,1993-12-18,1994-01-30,NONE,FOB,hinder pend
34977-3,34977,1912,1,3,39.00,70742.49,0.02,0.08,A,F,1993-12-28,1993-11-26,1994-01-16,COLLECT COD,SHIP,e blithely ev
34978-1,34978,1919,64,1,30.00,54627.30,0.09,0.03,A,F,1995-03-12,1995-04-19,1995-03-20,DELIVER IN PERSON,MAIL,uctions are carefully. regular
34978-2,34978,1292,67,2,42.00,50118.18,0.01,0.03,R,F,1995-05-16,1995-03-31,1995-05-31,COLLECT COD,AIR,special excuses
34978-3,34978,1909,98,3,7.00,12676.30,0.00,0.00,A,F,1995-03-17,1995-04-05,1995-04-01,TAKE BACK RETURN,MAIL,uthlessly along the epitaphs. 
34978-4,34978,396,97,4,48.00,62226.72,0.01,0.01,A,F,1995-03-04,1995-05-05,1995-04-03,COLLECT COD,FOB, slyly regular ideas cajole after the 
34978-5,34978,1848,49,5,37.00,64744.08,0.01,0.06,A,F,1995-04-15,1995-04-26,1995-05-13,NONE,MAIL,ts. furiously ironic instructions bo
34978-6,34978,1902,35,6,34.00,61332.60,0.06,0.03,A,F,1995-03-04,1995-05-03,1995-03-15,COLLECT COD,FOB,l requests nod e
34978-7,34978,1597,98,7,16.00,23977.44,0.00,0.03,A,F,1995-04-06,1995-04-23,1995-05-02,DELIVER IN PERSON,MAIL,accounts: furiously 
34979-1,34979,452,11,1,48.00,64917.60,0.05,0.08,A,F,1994-01-21,1993-10-30,1994-01-28,COLLECT COD,REG AIR,o beans. carefully final asy
34979-2,34979,781,82,2,44.00,73998.32,0.01,0.06,R,F,1993-12-27,1993-11-13,1994-01-22,NONE,FOB,y final pack
34980-1,34980,151,78,1,15.00,15767.25,0.05,0.06,A,F,1993-08-13,1993-10-25,1993-08-21,TAKE BACK RETURN,MAIL,uests. furiously unusual platelets detec
34980-2,34980,1707,34,2,6.00,9652.20,0.08,0.00,A,F,1993-11-09,1993-10-08,1993-11-20,COLLECT COD,SHIP,hely ironi
34980-3,34980,615,47,3,27.00,40921.47,0.09,0.08,R,F,1993-11-23,1993-10-09,1993-12-21,DELIVER IN PERSON,TRUCK,ly furious requests. deposits cajo
34980-4,34980,1274,75,4,3.00,3525.81,0.04,0.05,A,F,1993-08-11,1993-10-25,1993-08-17,NONE,FOB,le carefully among the boldly regular r
34980-5,34980,1701,2,5,45.00,72121.50,0.10,0.01,R,F,1993-11-01,1993-10-24,1993-12-01,DELIVER IN PERSON,AIR,ound the carefully final depo
34980-6,34980,1338,15,6,9.00,11153.97,0.07,0.01,R,F,1993-11-17,1993-09-18,1993-12-07,TAKE BACK RETURN,AIR,nto beans haggle slyly ac
34981-1,34981,1008,79,1,49.00,44541.00,0.00,0.02,N,O,1996-06-10,1996-07-02,1996-06-16,COLLECT COD,MAIL,d dugouts after the fu
34981-2,34981,1683,66,2,32.00,50709.76,0.10,0.07,N,O,1996-04-09,1996-07-02,1996-04-26,DELIVER IN PERSON,FOB,to the regular accounts sleep slyl
34981-3,34981,1182,55,3,16.00,17330.88,0.06,0.08,N,O,1996-04-29,1996-06-24,1996-05-29,DELIVER IN PERSON,MAIL, the quickly even deposits sleep after th
34981-4,34981,480,39,4,49.00,67643.52,0.08,0.01,N,O,1996-04-16,1996-06-16,1996-05-01,COLLECT COD,AIR,urts. furiously ironic packages boost reg
34981-5,34981,30,6,5,11.00,10230.33,0.00,0.06,N,O,1996-05-13,1996-06-27,1996-06-12,NONE,AIR,yly final packages wake slyly unu
34981-6,34981,410,69,6,2.00,2620.82,0.05,0.03,N,O,1996-05-03,1996-06-09,1996-05-18,NONE,AIR,e slyly even pinto beans unwind 
34981-7,34981,221,22,7,29.00,32515.38,0.06,0.04,N,O,1996-06-12,1996-05-12,1996-06-19,NONE,AIR, ironic ac
34982-1,34982,912,15,1,36.00,65264.76,0.10,0.08,R,F,1992-09-10,1992-11-07,1992-10-01,COLLECT COD,AIR,osits use. bl
34983-1,34983,217,18,1,47.00,52508.87,0.03,0.03,N,O,1997-07-18,1997-05-23,1997-08-09,NONE,FOB,the regular foxes. blithely ironic asy
35008-1,35008,508,99,1,48.00,67608.00,0.10,0.04,A,F,1992-08-01,1992-06-16,1992-08-03,COLLECT COD,TRUCK,to beans. slyly t
35008-2,35008,1251,63,2,26.00,29958.50,0.03,0.02,R,F,1992-07-18,1992-07-26,1992-07-30,DELIVER IN PERSON,FOB,ets integrate even patterns. 
35008-3,35008,1616,40,3,47.00,71327.67,0.08,0.02,A,F,1992-05-10,1992-07-03,1992-05-25,COLLECT COD,FOB,. slyly silent e
35008-4,35008,467,97,4,48.00,65638.08,0.05,0.00,R,F,1992-07-17,1992-07-03,1992-08-14,DELIVER IN PERSON,MAIL,r accounts. requests doubt c
35008-5,35008,1273,48,5,36.00,42273.72,0.04,0.04,A,F,1992-06-30,1992-06-25,1992-07-14,TAKE BACK RETURN,AIR, packages. furiously ironic pa
35009-1,35009,776,9,1,14.00,23474.78,0.09,0.08,N,O,1998-04-03,1998-05-31,1998-04-21,COLLECT COD,RAIL,sides the quickly bold accounts. fi
35009-2,35009,349,50,2,44.00,54970.96,0.00,0.03,N,O,1998-06-05,1998-06-02,1998-07-05,TAKE BACK RETURN,TRUCK,ual escapades eat carefully sile
35009-3,35009,1341,56,3,33.00,40997.22,0.00,0.08,N,O,1998-06-04,1998-06-03,1998-06-30,DELIVER IN PERSON,RAIL, pinto beans. orbits nag blithely even ex
35009-4,35009,276,77,4,12.00,14115.24,0.00,0.08,N,O,1998-05-03,1998-05-09,1998-05-08,TAKE BACK RETURN,TRUCK,r deposits haggle
35009-5,35009,982,83,5,48.00,90383.04,0.00,0.03,N,O,1998-07-07,1998-05-21,1998-07-12,NONE,MAIL,"he close requests. pending, s"
35010-1,35010,136,15,1,11.00,11397.43,0.07,0.04,N,O,1998-03-08,1998-02-22,1998-03-23,COLLECT COD,RAIL,o beans haggle carefull
35011-1,35011,164,17,1,5.00,5320.80,0.00,0.06,R,F,1992-12-28,1993-03-06,1993-01-13,COLLECT COD,TRUCK,even accou
35011-2,35011,649,43,2,25.00,38741.00,0.08,0.07,A,F,1992-12-22,1993-02-05,1993-01-15,NONE,REG AIR, furiously regular accounts. dependencies
35012-1,35012,939,42,1,42.00,77277.06,0.06,0.06,R,F,1992-08-03,1992-08-09,1992-08-30,COLLECT COD,REG AIR,"ronic, express deposits are f"
35012-2,35012,494,95,2,14.00,19522.86,0.07,0.07,A,F,1992-07-25,1992-07-18,1992-08-20,DELIVER IN PERSON,RAIL,s cajole. deposits use care
35012-3,35012,1812,42,3,31.00,53128.11,0.10,0.02,A,F,1992-08-05,1992-07-18,1992-08-09,TAKE BACK RETURN,MAIL,"al packages wake fluffily silent, "
35012-4,35012,1235,10,4,18.00,20452.14,0.04,0.05,A,F,1992-07-23,1992-07-31,1992-07-25,TAKE BACK RETURN,MAIL,ously regular deposits affix furiously a
35012-5,35012,386,87,5,21.00,27013.98,0.03,0.03,A,F,1992-07-10,1992-08-09,1992-08-06,DELIVER IN PERSON,AIR,kly bold accounts are fluffi
35013-1,35013,441,100,1,34.00,45608.96,0.10,0.07,N,O,1998-01-06,1998-01-06,1998-01-24,DELIVER IN PERSON,MAIL,inos haggle blithely ca
35013-2,35013,227,9,2,42.00,47343.24,0.03,0.00,N,O,1997-11-21,1997-12-15,1997-12-06,COLLECT COD,REG AIR,ts. fluffily express pinto beans ar
35013-3,35013,1976,65,3,43.00,80752.71,0.10,0.04,N,O,1997-12-10,1998-01-21,1997-12-16,COLLECT COD,SHIP,sly even accounts. carefully ironic plate
35013-4,35013,1215,90,4,11.00,12278.31,0.00,0.03,N,O,1998-01-03,1998-01-14,1998-01-10,TAKE BACK RETURN,REG AIR,y regular instructions accord
35013-5,35013,577,8,5,45.00,66490.65,0.09,0.00,N,O,1998-02-09,1998-02-01,1998-02-20,NONE,TRUCK,pinto beans are thinly f
35013-6,35013,840,40,6,35.00,60929.40,0.00,0.01,N,O,1997-12-15,1997-12-31,1997-12-21,DELIVER IN PERSON,MAIL,jole around the quickly final the
35013-7,35013,1635,77,7,6.00,9219.78,0.02,0.03,N,O,1997-11-25,1997-12-24,1997-11-30,NONE,FOB,ld slyly even accoun
35014-1,35014,1522,63,1,26.00,37011.52,0.04,0.03,R,F,1994-12-24,1994-12-05,1995-01-09,DELIVER IN PERSON,TRUCK,sts use above 
35015-1,35015,105,6,1,5.00,5025.50,0.02,0.02,N,O,1998-01-16,1998-02-09,1998-02-04,DELIVER IN PERSON,MAIL,omise blithely carefully exp
35015-2,35015,388,89,2,7.00,9018.66,0.01,0.06,N,O,1998-03-22,1998-01-11,1998-04-07,COLLECT COD,SHIP,oze for the fluffily final courts. 
35015-3,35015,1864,94,3,27.00,47678.22,0.05,0.02,N,O,1997-11-28,1998-01-24,1997-12-26,TAKE BACK RETURN,SHIP,ackages. slyly special excuses o
35040-1,35040,438,39,1,47.00,62906.21,0.06,0.02,A,F,1992-07-24,1992-05-28,1992-08-08,NONE,FOB,refully iron
35040-2,35040,1489,29,2,21.00,29200.08,0.01,0.03,R,F,1992-07-06,1992-07-01,1992-07-21,COLLECT COD,TRUCK,g asymptotes. s
35040-3,35040,441,29,3,38.00,50974.72,0.07,0.08,R,F,1992-06-22,1992-06-04,1992-07-20,DELIVER IN PERSON,AIR,", ironic depo"
35040-4,35040,580,41,4,15.00,22208.70,0.09,0.08,R,F,1992-06-12,1992-07-15,1992-06-20,DELIVER IN PERSON,FOB,ges haggle according to th
35041-1,35041,687,19,1,50.00,79384.00,0.09,0.08,A,F,1994-07-12,1994-06-23,1994-08-10,COLLECT COD,TRUCK,ts cajole quickly. fluff
35041-2,35041,467,55,2,7.00,9572.22,0.08,0.07,R,F,1994-05-31,1994-07-06,1994-06-17,TAKE BACK RETURN,FOB,ng the ironic deposits. carefully f
35041-3,35041,1200,9,3,45.00,49554.00,0.04,0.04,R,F,1994-05-10,1994-06-03,1994-05-24,DELIVER IN PERSON,RAIL,nd furiously. slyly final foxes are f
35041-4,35041,731,28,4,8.00,13053.84,0.10,0.07,A,F,1994-07-11,1994-06-12,1994-07-16,COLLECT COD,AIR,final foxes sleep caref
35042-1,35042,149,2,1,10.00,10491.40,0.10,0.08,R,F,1994-01-01,1994-03-01,1994-01-22,NONE,RAIL,y bold ideas ought to haggle
35042-2,35042,211,93,2,27.00,30002.67,0.09,0.00,A,F,1994-03-22,1994-02-18,1994-03-26,TAKE BACK RETURN,AIR,"ial, ironic ideas haggle blithely at the ca"
35043-1,35043,1390,91,1,28.00,36158.92,0.10,0.06,R,F,1993-09-08,1993-09-27,1993-09-26,NONE,SHIP,riously ironic accounts haggle carefully 
35043-2,35043,598,59,2,36.00,53949.24,0.05,0.04,A,F,1993-08-31,1993-09-08,1993-09-19,COLLECT COD,RAIL,ts. deposits are blith
35043-3,35043,535,36,3,15.00,21532.95,0.02,0.00,A,F,1993-09-30,1993-09-23,1993-10-16,DELIVER IN PERSON,MAIL,y alongside of 
35043-4,35043,697,98,4,12.00,19172.28,0.10,0.05,A,F,1993-10-24,1993-10-02,1993-11-08,COLLECT COD,AIR,mong the blithely silent packages
35044-1,35044,1672,55,1,9.00,14163.03,0.07,0.04,N,O,1997-08-18,1997-07-07,1997-08-27,COLLECT COD,RAIL,ully regular packages nag 
35044-2,35044,1117,54,2,2.00,2036.22,0.05,0.04,N,O,1997-08-05,1997-06-11,1997-08-28,NONE,TRUCK,s. quickly regular deposits kindle slyly
35044-3,35044,1612,95,3,1.00,1513.61,0.10,0.03,N,O,1997-05-22,1997-06-26,1997-06-11,NONE,TRUCK,ully according to the final requests.
35044-4,35044,96,72,4,7.00,6972.63,0.04,0.05,N,O,1997-05-10,1997-07-28,1997-05-11,DELIVER IN PERSON,AIR,"final packages. even, regular accoun"
35044-5,35044,94,95,5,37.00,36781.33,0.04,0.00,N,O,1997-05-25,1997-06-09,1997-06-21,DELIVER IN PERSON,REG AIR,fter the slyly even packages. final i
35045-1,35045,1374,75,1,44.00,56116.28,0.03,0.02,A,F,1992-06-04,1992-06-06,1992-06-29,DELIVER IN PERSON,TRUCK, about the 
35045-2,35045,1570,91,2,49.00,72106.93,0.00,0.07,A,F,1992-04-13,1992-06-08,1992-05-06,DELIVER IN PERSON,REG AIR,ldly even accounts. furiously bold
35045-3,35045,545,76,3,10.00,14455.40,0.09,0.02,A,F,1992-07-28,1992-06-24,1992-08-13,NONE,TRUCK,eodolites. acc
35046-1,35046,1361,62,1,33.00,41657.88,0.03,0.03,A,F,1993-07-26,1993-09-24,1993-08-01,COLLECT COD,REG AIR," the final instructions. even, regula"
35046-2,35046,899,66,2,11.00,19798.79,0.09,0.07,A,F,1993-11-03,1993-10-14,1993-11-10,DELIVER IN PERSON,TRUCK,s haggle after the 
35046-3,35046,1257,32,3,11.00,12740.75,0.07,0.04,A,F,1993-08-04,1993-10-05,1993-08-05,NONE,REG AIR, dependencies hag
35046-4,35046,1323,100,4,36.00,44075.52,0.04,0.00,A,F,1993-08-14,1993-10-02,1993-09-01,TAKE BACK RETURN,TRUCK,ake packages. carefully regula
35046-5,35046,566,97,5,49.00,71861.44,0.07,0.00,R,F,1993-07-26,1993-10-05,1993-08-15,NONE,TRUCK,s cajole blithely. daringly even 
35046-6,35046,438,97,6,42.00,56214.06,0.05,0.01,A,F,1993-09-18,1993-10-16,1993-10-12,COLLECT COD,AIR,osits. silent theodolites wake slyly
35046-7,35046,397,26,7,35.00,45408.65,0.01,0.02,R,F,1993-11-08,1993-10-09,1993-11-19,TAKE BACK RETURN,TRUCK,ing theodolites. carefully ironic package
35047-1,35047,1139,12,1,17.00,17682.21,0.09,0.08,A,F,1993-09-12,1993-08-17,1993-09-27,TAKE BACK RETURN,MAIL,longside of the regu
35047-2,35047,1066,67,2,50.00,48353.00,0.05,0.06,A,F,1993-09-17,1993-08-12,1993-10-04,TAKE BACK RETURN,AIR, requests sleep. bli
35047-3,35047,962,65,3,20.00,37259.20,0.00,0.02,R,F,1993-10-01,1993-07-31,1993-10-29,COLLECT COD,AIR,ages. sile
35047-4,35047,1396,73,4,49.00,63572.11,0.07,0.00,R,F,1993-09-30,1993-09-04,1993-10-12,TAKE BACK RETURN,TRUCK,ounts integrate on the blithely
35047-5,35047,1574,95,5,46.00,67876.22,0.06,0.04,R,F,1993-08-14,1993-07-17,1993-08-17,DELIVER IN PERSON,AIR,ronic requests haggle
35047-6,35047,120,73,6,34.00,34684.08,0.09,0.02,R,F,1993-08-21,1993-08-01,1993-09-06,TAKE BACK RETURN,FOB, theodolites. careful
35047-7,35047,1360,99,7,2.00,2522.72,0.02,0.04,A,F,1993-09-05,1993-08-17,1993-09-19,COLLECT COD,TRUCK,inal requests. slyly unus
35072-1,35072,189,16,1,14.00,15248.52,0.06,0.03,N,O,1995-12-25,1996-03-10,1996-01-01,NONE,MAIL,xes wake. slyly special instructions w
35072-2,35072,1972,61,2,10.00,18739.70,0.04,0.08,N,O,1996-03-05,1996-03-19,1996-03-26,COLLECT COD,TRUCK,", unusual ac"
35072-3,35072,1769,54,3,33.00,55135.08,0.00,0.03,N,O,1996-04-07,1996-02-09,1996-04-12,DELIVER IN PERSON,RAIL,ideas. unusu
35072-4,35072,1034,5,4,32.00,29920.96,0.03,0.00,N,O,1996-04-22,1996-03-02,1996-05-21,TAKE BACK RETURN,FOB,s. blithely final platelets ins
35072-5,35072,328,29,5,17.00,20881.44,0.03,0.02,N,O,1996-04-03,1996-02-05,1996-04-15,DELIVER IN PERSON,AIR,y silent requests cajole alongs
35073-1,35073,49,75,1,15.00,14235.60,0.10,0.00,N,O,1997-11-29,1997-10-09,1997-12-10,COLLECT COD,TRUCK,"sly express, special patterns."
35073-2,35073,1913,2,2,16.00,29038.56,0.08,0.03,N,O,1997-11-09,1997-11-01,1997-11-10,DELIVER IN PERSON,FOB,hely blithely final packages. quic
35073-3,35073,44,95,3,50.00,47202.00,0.01,0.08,N,O,1997-09-14,1997-09-21,1997-09-16,NONE,REG AIR,ly ironic deposits. f
35073-4,35073,1293,31,4,45.00,53743.05,0.05,0.04,N,O,1997-12-02,1997-09-24,1998-01-01,DELIVER IN PERSON,SHIP,al deposits haggle carefully bli
35073-5,35073,1710,53,5,18.00,29010.78,0.10,0.03,N,O,1997-09-18,1997-10-28,1997-09-24,COLLECT COD,FOB,"ackages are pending, unusual excuses. furi"
35074-1,35074,96,22,1,15.00,14941.35,0.02,0.06,N,O,1996-12-01,1996-12-10,1996-12-04,DELIVER IN PERSON,MAIL,e slyly. slyly bold dep
35075-1,35075,1378,79,1,41.00,52454.17,0.02,0.05,A,F,1993-03-17,1993-03-21,1993-03-20,DELIVER IN PERSON,REG AIR,", final packages toward "
35075-2,35075,1008,14,2,44.00,39996.00,0.02,0.01,R,F,1993-02-23,1993-03-31,1993-03-01,DELIVER IN PERSON,MAIL,platelets. sly
35075-3,35075,1652,76,3,28.00,43502.20,0.09,0.07,R,F,1993-01-22,1993-03-31,1993-01-28,DELIVER IN PERSON,TRUCK,its wake quickly slyly 
35075-4,35075,64,15,4,30.00,28921.80,0.01,0.01,R,F,1993-04-19,1993-03-06,1993-04-24,DELIVER IN PERSON,SHIP, asymptotes cajole 
35075-5,35075,1604,28,5,2.00,3011.20,0.03,0.04,A,F,1993-03-10,1993-04-02,1993-04-07,DELIVER IN PERSON,MAIL,s cajole furiously car
35076-1,35076,985,88,1,31.00,58465.38,0.06,0.07,N,O,1998-05-27,1998-06-10,1998-06-12,COLLECT COD,FOB,ly thin ideas nag. carefu
35076-2,35076,1805,49,2,26.00,44376.80,0.02,0.02,N,O,1998-03-19,1998-04-24,1998-03-21,NONE,FOB,"slyly against the even, pending req"
35076-3,35076,953,22,3,4.00,7415.80,0.01,0.07,N,O,1998-07-13,1998-04-27,1998-08-07,TAKE BACK RETURN,MAIL,anent deposits. quickly sp
35076-4,35076,1854,98,4,39.00,68478.15,0.02,0.05,N,O,1998-04-04,1998-05-20,1998-04-25,COLLECT COD,SHIP,ggle after the 
35076-5,35076,1487,88,5,6.00,8330.88,0.03,0.05,N,O,1998-07-05,1998-05-11,1998-07-21,DELIVER IN PERSON,FOB, wake special foxes. carefully even
35077-1,35077,695,89,1,50.00,79784.50,0.04,0.00,N,O,1995-11-07,1995-12-23,1995-11-10,DELIVER IN PERSON,SHIP,ons. ironic packages are quickly ironi
35077-2,35077,750,83,2,24.00,39618.00,0.04,0.04,N,O,1995-10-26,1995-12-26,1995-10-29,DELIVER IN PERSON,AIR,r accounts alongside of the special es
35077-3,35077,1618,1,3,23.00,34951.03,0.01,0.00,N,O,1995-11-16,1995-12-12,1995-12-14,DELIVER IN PERSON,MAIL,"re carefully silent, final p"
35078-1,35078,1148,21,1,44.00,46162.16,0.08,0.01,N,O,1996-08-22,1996-10-03,1996-09-20,COLLECT COD,SHIP,rate furious
35078-2,35078,1212,24,2,34.00,37849.14,0.05,0.02,N,O,1996-10-16,1996-09-10,1996-11-05,DELIVER IN PERSON,TRUCK,e carefully pending theodoli
35078-3,35078,821,55,3,38.00,65429.16,0.01,0.06,N,O,1996-09-23,1996-10-28,1996-10-12,TAKE BACK RETURN,TRUCK,asymptotes. packages nag slyly along t
35078-4,35078,509,70,4,4.00,5638.00,0.06,0.04,N,O,1996-11-10,1996-11-03,1996-12-06,COLLECT COD,REG AIR,uses cajole against the bold pac
35078-5,35078,1342,57,5,41.00,50976.94,0.03,0.05,N,O,1996-09-07,1996-10-22,1996-09-09,COLLECT COD,MAIL,ss the final pains sleep furiously
35079-1,35079,985,54,1,32.00,60351.36,0.09,0.07,A,F,1993-09-14,1993-09-26,1993-10-05,COLLECT COD,FOB,ts use furiously. final foxes alongside o
35079-2,35079,816,50,2,36.00,61805.16,0.04,0.06,R,F,1993-11-16,1993-09-29,1993-12-01,TAKE BACK RETURN,FOB,iously unus
35079-3,35079,697,91,3,26.00,41539.94,0.07,0.01,A,F,1993-10-31,1993-10-31,1993-11-23,NONE,MAIL,cross the special instructions
35079-4,35079,1356,95,4,14.00,17602.90,0.06,0.00,R,F,1993-12-07,1993-10-16,1993-12-14,COLLECT COD,MAIL,ly unusual pinto bean
35079-5,35079,1200,1,5,17.00,18720.40,0.06,0.03,A,F,1993-11-01,1993-10-26,1993-11-20,NONE,SHIP,into beans nag after
35079-6,35079,699,62,6,11.00,17596.59,0.06,0.02,A,F,1993-10-10,1993-09-17,1993-10-19,TAKE BACK RETURN,SHIP,ke carefully above the ironically unusual f
35104-1,35104,1888,89,1,39.00,69805.32,0.07,0.01,A,F,1992-05-12,1992-06-15,1992-06-04,DELIVER IN PERSON,MAIL,. instructions 
35104-2,35104,300,82,2,48.00,57614.40,0.04,0.00,R,F,1992-08-13,1992-05-31,1992-08-15,DELIVER IN PERSON,TRUCK,ithely regular hockey players ab
35104-3,35104,1248,60,3,38.00,43671.12,0.06,0.03,R,F,1992-05-03,1992-06-13,1992-05-10,DELIVER IN PERSON,TRUCK,encies. blithely 
35104-4,35104,1173,82,4,16.00,17186.72,0.10,0.05,A,F,1992-08-22,1992-07-02,1992-09-10,TAKE BACK RETURN,REG AIR,es sleep. final depo
35104-5,35104,1343,82,5,29.00,36085.86,0.01,0.00,R,F,1992-08-19,1992-07-16,1992-08-26,NONE,AIR,about the carefully final packages. 
35104-6,35104,529,20,6,4.00,5718.08,0.05,0.06,A,F,1992-07-13,1992-06-18,1992-08-04,DELIVER IN PERSON,FOB,mptotes. blithely iron
35104-7,35104,49,25,7,42.00,39859.68,0.08,0.01,A,F,1992-08-01,1992-06-12,1992-08-26,TAKE BACK RETURN,SHIP,s boost alongside of the
35105-1,35105,1868,69,1,2.00,3539.72,0.06,0.04,A,F,1994-01-20,1994-02-02,1994-02-04,DELIVER IN PERSON,REG AIR,sleep fluffily after the ideas. 
35105-2,35105,1186,23,2,24.00,26092.32,0.07,0.02,A,F,1993-12-17,1994-01-18,1993-12-30,TAKE BACK RETURN,AIR,hely regular theodolites use carefully f
35106-1,35106,1860,47,1,14.00,24666.04,0.02,0.08,N,O,1995-09-09,1995-09-07,1995-09-10,DELIVER IN PERSON,RAIL,fily regular deposit
35106-2,35106,761,58,2,10.00,16617.60,0.06,0.03,N,O,1995-10-08,1995-08-27,1995-11-05,DELIVER IN PERSON,MAIL, against the pending deposits nag br
35106-3,35106,147,48,3,33.00,34555.62,0.04,0.01,N,O,1995-08-10,1995-08-20,1995-08-30,DELIVER IN PERSON,MAIL,ctions. quickly express acc
35106-4,35106,606,69,4,2.00,3013.20,0.06,0.03,N,O,1995-10-18,1995-08-10,1995-11-04,DELIVER IN PERSON,AIR,lly deposits. bli
35107-1,35107,207,35,1,47.00,52038.40,0.06,0.08,A,F,1995-01-01,1994-11-03,1995-01-28,DELIVER IN PERSON,MAIL, orbits. request
35107-2,35107,1236,48,2,27.00,30705.21,0.08,0.07,A,F,1994-12-21,1994-11-25,1994-12-23,TAKE BACK RETURN,RAIL,"ornis boost slyly. pending, bold req"
35107-3,35107,98,99,3,8.00,7984.72,0.06,0.05,A,F,1995-01-09,1994-10-21,1995-01-26,DELIVER IN PERSON,AIR,lar packages
35107-4,35107,1444,45,4,32.00,43054.08,0.01,0.08,R,F,1994-12-25,1994-10-20,1995-01-07,TAKE BACK RETURN,AIR,ronically around the carefully sile
35107-5,35107,1222,97,5,17.00,19094.74,0.06,0.04,R,F,1994-10-06,1994-10-17,1994-10-26,DELIVER IN PERSON,TRUCK,c packages boost regular dependencies? bli
35108-1,35108,235,90,1,32.00,36327.36,0.07,0.03,R,F,1994-08-05,1994-07-18,1994-08-26,DELIVER IN PERSON,MAIL,dolites sleep furious
35108-2,35108,770,3,2,21.00,35086.17,0.06,0.01,A,F,1994-06-21,1994-08-15,1994-07-19,TAKE BACK RETURN,MAIL, pending platelets. 
35108-3,35108,439,27,3,37.00,49558.91,0.04,0.00,R,F,1994-09-09,1994-08-12,1994-09-15,NONE,RAIL,bold pinto beans. dinos 
35108-4,35108,1053,54,4,32.00,30529.60,0.06,0.00,A,F,1994-06-03,1994-08-02,1994-06-08,COLLECT COD,TRUCK,usly pending requests cajole blithely 
35109-1,35109,536,97,1,8.00,11492.24,0.04,0.03,N,O,1998-05-12,1998-05-09,1998-05-30,TAKE BACK RETURN,AIR,"pinto beans. regular, even "
35109-2,35109,1561,42,2,47.00,68740.32,0.01,0.06,N,O,1998-06-07,1998-03-21,1998-06-28,DELIVER IN PERSON,REG AIR,ly bold deposits haggle furiously b
35109-3,35109,217,99,3,13.00,14523.73,0.02,0.01,N,O,1998-04-29,1998-05-03,1998-05-17,COLLECT COD,RAIL,"long the unusual, regular "
35109-4,35109,1438,78,4,19.00,25449.17,0.06,0.02,N,O,1998-03-07,1998-03-20,1998-03-24,DELIVER IN PERSON,RAIL, ideas sleep s
35110-1,35110,276,58,1,7.00,8233.89,0.09,0.04,N,O,1995-12-25,1995-12-21,1996-01-22,NONE,FOB,deposits about the s
35110-2,35110,1178,15,2,20.00,21583.40,0.01,0.03,N,O,1995-11-26,1995-12-05,1995-12-11,COLLECT COD,FOB,lly stealthy ideas should have to de
35110-3,35110,1035,6,3,37.00,34633.11,0.01,0.03,N,O,1996-02-05,1996-01-10,1996-02-28,COLLECT COD,AIR,regular dependencies wake silen
35110-4,35110,320,21,4,43.00,52473.76,0.05,0.01,N,O,1995-10-23,1996-01-05,1995-11-04,NONE,REG AIR,ve the expre
35111-1,35111,1551,72,1,6.00,8715.30,0.06,0.06,R,F,1993-08-27,1993-07-30,1993-09-12,COLLECT COD,REG AIR,ctions. slyly regula
35111-2,35111,1684,8,2,5.00,7928.40,0.07,0.00,A,F,1993-08-06,1993-07-14,1993-08-30,COLLECT COD,RAIL,"telets sleep slyly regular, bol"
35111-3,35111,356,85,3,10.00,12563.50,0.01,0.05,A,F,1993-07-11,1993-07-26,1993-07-18,COLLECT COD,RAIL,accounts wake. regul
35111-4,35111,1231,6,4,4.00,4528.92,0.04,0.08,R,F,1993-06-17,1993-07-11,1993-06-20,DELIVER IN PERSON,AIR,s use furiously. 
35111-5,35111,1436,54,5,25.00,33435.75,0.08,0.02,A,F,1993-09-18,1993-07-19,1993-10-06,NONE,REG AIR,s boost. carefu
35136-1,35136,445,75,1,40.00,53817.60,0.07,0.01,R,F,1995-01-16,1994-11-29,1995-02-08,DELIVER IN PERSON,TRUCK,"t, final theodolites. requests are "
35136-2,35136,1190,99,2,21.00,22914.99,0.10,0.02,R,F,1994-12-30,1994-12-04,1995-01-20,COLLECT COD,SHIP,s above the daringly i
35136-3,35136,1117,90,3,47.00,47851.17,0.01,0.07,R,F,1995-01-11,1994-12-12,1995-01-16,DELIVER IN PERSON,RAIL, frets are fluffily ironic w
35136-4,35136,124,25,4,34.00,34820.08,0.02,0.01,A,F,1995-02-06,1994-11-20,1995-02-13,COLLECT COD,SHIP,. blithely bold idea
35137-1,35137,1316,55,1,4.00,4869.24,0.09,0.03,R,F,1993-11-16,1993-08-21,1993-12-06,COLLECT COD,TRUCK,e blithely above the blithe requests. 
35137-2,35137,1214,26,2,9.00,10036.89,0.01,0.06,A,F,1993-10-05,1993-09-16,1993-10-10,DELIVER IN PERSON,SHIP,y unusual dolphins
35137-3,35137,1739,24,3,21.00,34455.33,0.05,0.07,R,F,1993-09-14,1993-08-21,1993-10-11,TAKE BACK RETURN,REG AIR,"ndencies. even,"
35137-4,35137,338,39,4,2.00,2476.66,0.09,0.03,R,F,1993-11-12,1993-09-02,1993-11-15,TAKE BACK RETURN,REG AIR,counts cajole careful
35137-5,35137,255,37,5,26.00,30036.50,0.01,0.03,A,F,1993-11-13,1993-09-03,1993-11-14,NONE,FOB,counts. packages among the stealt
35137-6,35137,290,45,6,42.00,49992.18,0.08,0.03,A,F,1993-10-24,1993-08-23,1993-11-03,COLLECT COD,SHIP,y even theodolites integrate. pending 
35138-1,35138,1123,24,1,38.00,38916.56,0.06,0.06,N,O,1997-07-16,1997-08-13,1997-07-24,COLLECT COD,AIR,al packages. carefully ir
35139-1,35139,1723,24,1,27.00,43867.44,0.03,0.05,R,F,1993-01-21,1993-03-04,1993-02-05,DELIVER IN PERSON,MAIL,sits integrate carefully about the qui
35139-2,35139,700,32,2,28.00,44819.60,0.02,0.01,R,F,1993-03-20,1993-03-23,1993-04-14,TAKE BACK RETURN,FOB,g accounts above t
35139-3,35139,1579,20,3,37.00,54781.09,0.04,0.01,A,F,1993-05-16,1993-04-07,1993-05-29,NONE,TRUCK,requests sleep at the blithely special
35139-4,35139,1364,41,4,10.00,12653.60,0.01,0.01,R,F,1993-02-28,1993-03-25,1993-03-25,COLLECT COD,TRUCK,ickly for t
35139-5,35139,1500,79,5,48.00,67272.00,0.08,0.04,A,F,1993-05-16,1993-03-17,1993-06-04,COLLECT COD,TRUCK,e slyly. sile
35139-6,35139,437,96,6,2.00,2674.86,0.10,0.00,A,F,1993-05-03,1993-03-06,1993-05-13,DELIVER IN PERSON,FOB,eas use fluffi
35139-7,35139,923,26,7,33.00,60189.36,0.09,0.05,A,F,1993-05-19,1993-03-11,1993-06-10,TAKE BACK RETURN,AIR,y even patterns. furiously sp
35140-1,35140,982,83,1,30.00,56489.40,0.01,0.00,N,O,1998-02-24,1997-12-12,1998-03-12,NONE,REG AIR,lyly unusual dolphi
35140-2,35140,574,5,2,49.00,72253.93,0.06,0.04,N,O,1997-11-22,1998-01-18,1997-12-05,NONE,REG AIR,s. quickly ironic re
35140-3,35140,1729,30,3,35.00,57075.20,0.00,0.04,N,O,1997-12-05,1998-01-05,1997-12-14,NONE,MAIL, haggle blit
35140-4,35140,1050,21,4,13.00,12363.65,0.02,0.00,N,O,1998-01-25,1997-12-31,1998-02-07,COLLECT COD,FOB,ainst the slyly e
35140-5,35140,1837,24,5,3.00,5216.49,0.07,0.01,N,O,1998-01-14,1998-01-24,1998-02-09,TAKE BACK RETURN,RAIL,"he express, "
35141-1,35141,462,50,1,26.00,35423.96,0.04,0.02,A,F,1993-09-20,1993-10-25,1993-10-16,TAKE BACK RETURN,RAIL,riously final ideas boost car
35141-2,35141,1013,19,2,38.00,34732.38,0.09,0.04,R,F,1993-09-17,1993-11-08,1993-09-27,DELIVER IN PERSON,FOB,egular package
35141-3,35141,1447,65,3,18.00,24271.92,0.01,0.07,A,F,1993-12-04,1993-12-07,1994-01-01,COLLECT COD,RAIL,ular pinto bea
35141-4,35141,1139,76,4,25.00,26003.25,0.01,0.04,R,F,1993-11-28,1993-10-21,1993-12-22,NONE,TRUCK,yly. slyly regular requests use accor
35141-5,35141,1661,85,5,47.00,73445.02,0.10,0.04,A,F,1993-11-12,1993-10-27,1993-11-30,TAKE BACK RETURN,SHIP,ly special acc
35141-6,35141,1092,28,6,7.00,6951.63,0.03,0.08,A,F,1993-11-05,1993-11-12,1993-11-06,TAKE BACK RETURN,REG AIR,edly silent f
35142-1,35142,1487,5,1,44.00,61093.12,0.00,0.02,R,F,1993-07-31,1993-07-08,1993-08-14,DELIVER IN PERSON,RAIL,"lar accounts nag ironic, unusual p"
35142-2,35142,25,51,2,17.00,15725.34,0.07,0.01,A,F,1993-06-29,1993-07-22,1993-07-15,DELIVER IN PERSON,FOB,row quickly
35142-3,35142,320,49,3,25.00,30508.00,0.08,0.07,A,F,1993-08-14,1993-05-29,1993-08-25,TAKE BACK RETURN,SHIP,nal ideas around the fin
35142-4,35142,1937,38,4,9.00,16550.37,0.03,0.07,A,F,1993-07-13,1993-06-27,1993-08-08,DELIVER IN PERSON,MAIL,beans. quickly even instr
35143-1,35143,1124,61,1,22.00,22552.64,0.10,0.05,N,O,1995-12-16,1995-11-19,1995-12-20,NONE,REG AIR,n quickly quickly i
35143-2,35143,291,19,2,7.00,8339.03,0.04,0.06,N,O,1995-11-11,1995-12-24,1995-11-30,COLLECT COD,REG AIR,"ironic, regular p"
35168-1,35168,540,71,1,6.00,8643.24,0.06,0.06,N,O,1998-09-04,1998-09-29,1998-09-24,TAKE BACK RETURN,MAIL,ix quickly: bold account
35168-2,35168,1510,31,2,15.00,21172.65,0.06,0.00,N,O,1998-09-20,1998-10-11,1998-10-13,DELIVER IN PERSON,AIR,uriously regular platelets. s
35168-3,35168,1614,97,3,45.00,68202.45,0.04,0.02,N,O,1998-10-17,1998-09-14,1998-11-16,DELIVER IN PERSON,AIR,above the slyly i
35169-1,35169,120,47,1,19.00,19382.28,0.06,0.04,N,O,1996-09-15,1996-08-04,1996-09-28,COLLECT COD,RAIL,"e slyly pending requests. regular, expres"
35169-2,35169,1626,68,2,27.00,41245.74,0.04,0.05,N,O,1996-06-07,1996-08-11,1996-06-10,DELIVER IN PERSON,RAIL,"cross the special, final deposi"
35169-3,35169,1764,91,3,5.00,8328.80,0.03,0.03,N,O,1996-09-30,1996-07-23,1996-10-21,COLLECT COD,REG AIR,ronic accounts sleep after the quickly f
35169-4,35169,934,3,4,29.00,53212.97,0.08,0.08,N,O,1996-07-16,1996-08-14,1996-08-15,COLLECT COD,TRUCK,r foxes. furiously final deposits ac
35170-1,35170,629,23,1,48.00,73421.76,0.05,0.04,R,F,1994-07-04,1994-08-15,1994-07-08,DELIVER IN PERSON,SHIP,kages. even accounts cajole regular pin
35170-2,35170,532,63,2,7.00,10027.71,0.03,0.00,A,F,1994-10-04,1994-09-04,1994-10-25,TAKE BACK RETURN,MAIL, the furiously even depths. 
35171-1,35171,1790,75,1,1.00,1691.79,0.08,0.04,N,O,1997-04-16,1997-03-29,1997-05-03,TAKE BACK RETURN,MAIL,deas hinder slyly accord
35171-2,35171,455,14,2,15.00,20331.75,0.00,0.07,N,O,1997-01-19,1997-03-11,1997-01-28,COLLECT COD,FOB,ial packages. ironic
35171-3,35171,319,20,3,23.00,28044.13,0.07,0.04,N,O,1997-01-25,1997-03-23,1997-02-24,NONE,REG AIR,ites impress outside the furiously 
35171-4,35171,557,88,4,20.00,29151.00,0.06,0.05,N,O,1997-02-16,1997-02-04,1997-03-09,NONE,SHIP,wake carefully expres
35171-5,35171,1141,42,5,40.00,41685.60,0.01,0.06,N,O,1997-01-31,1997-03-06,1997-02-04,COLLECT COD,FOB,y express i
35171-6,35171,723,88,6,42.00,68196.24,0.05,0.08,N,O,1997-04-03,1997-02-05,1997-04-25,DELIVER IN PERSON,AIR,sts. pinto bean
35171-7,35171,953,54,7,8.00,14831.60,0.03,0.05,N,O,1997-02-28,1997-03-28,1997-03-18,TAKE BACK RETURN,AIR,xes affix carefully across the furiously re
35172-1,35172,1590,11,1,2.00,2983.18,0.00,0.03,A,F,1994-11-20,1994-11-02,1994-11-30,TAKE BACK RETURN,MAIL, instructions slee
35173-1,35173,18,94,1,40.00,36720.40,0.03,0.02,A,F,1992-04-07,1992-04-28,1992-05-07,DELIVER IN PERSON,FOB,g to the requests use final excuses. 
35173-2,35173,1543,44,2,28.00,40447.12,0.01,0.01,R,F,1992-07-01,1992-05-14,1992-07-22,COLLECT COD,REG AIR,ructions. regular packages
35173-3,35173,939,42,3,18.00,33118.74,0.01,0.02,R,F,1992-06-28,1992-05-25,1992-07-03,NONE,AIR,lly ironic theodolites. pac
35173-4,35173,20,46,4,30.00,27600.60,0.06,0.03,R,F,1992-04-05,1992-05-03,1992-04-12,NONE,RAIL,posits. slyly thin requests ha
35173-5,35173,1998,31,5,40.00,75999.60,0.01,0.01,A,F,1992-05-30,1992-05-31,1992-05-31,NONE,SHIP,. fluffily unusual i
35173-6,35173,1116,89,6,2.00,2034.22,0.07,0.00,A,F,1992-03-21,1992-06-09,1992-04-15,COLLECT COD,REG AIR,ets! closely regular accoun
35173-7,35173,320,21,7,25.00,30508.00,0.07,0.03,A,F,1992-05-05,1992-06-02,1992-05-17,DELIVER IN PERSON,FOB,al pinto beans. express
35174-1,35174,463,64,1,5.00,6817.30,0.05,0.05,N,O,1998-05-19,1998-02-24,1998-06-01,DELIVER IN PERSON,FOB,uriously alongside of the blithely regul
35174-2,35174,1204,16,2,10.00,11052.00,0.09,0.01,N,O,1998-03-22,1998-03-01,1998-03-30,TAKE BACK RETURN,FOB,foxes above the quickly pending 
35175-1,35175,489,77,1,13.00,18063.24,0.01,0.06,N,O,1997-12-09,1998-01-11,1998-01-01,NONE,RAIL,ly unusual 
35175-2,35175,610,73,2,42.00,63445.62,0.10,0.00,N,O,1998-01-27,1998-01-25,1998-02-09,DELIVER IN PERSON,AIR, sleep. ironically final requests
35175-3,35175,116,17,3,5.00,5080.55,0.10,0.03,N,O,1997-11-20,1998-02-08,1997-12-18,TAKE BACK RETURN,FOB, bold deposits mold carefully al
35200-1,35200,1877,64,1,9.00,16009.83,0.06,0.02,A,F,1994-04-23,1994-04-21,1994-05-06,COLLECT COD,AIR,oldly final attainm
35200-2,35200,236,91,2,49.00,55675.27,0.10,0.07,A,F,1994-03-26,1994-03-29,1994-04-14,NONE,MAIL,ackages affix furiously: care
35200-3,35200,180,33,3,39.00,42127.02,0.10,0.00,A,F,1994-04-27,1994-04-13,1994-05-07,COLLECT COD,AIR,g accounts accor
35200-4,35200,1837,81,4,45.00,78247.35,0.07,0.02,A,F,1994-02-15,1994-03-14,1994-02-18,COLLECT COD,REG AIR,ely pending accounts print carefully abov
35200-5,35200,1818,62,5,35.00,60193.35,0.03,0.07,A,F,1994-05-01,1994-03-09,1994-05-19,COLLECT COD,REG AIR,y final pinto beans. express gifts ea
35200-6,35200,756,57,6,12.00,19881.00,0.02,0.08,R,F,1994-05-27,1994-04-23,1994-05-30,NONE,RAIL, above the sl
35201-1,35201,1193,66,1,40.00,43767.60,0.04,0.01,A,F,1993-06-06,1993-07-26,1993-06-10,TAKE BACK RETURN,TRUCK,"s. special, final instructio"
35201-2,35201,1602,85,2,48.00,72172.80,0.06,0.06,A,F,1993-09-16,1993-08-13,1993-09-24,COLLECT COD,RAIL, regular depend
35201-3,35201,326,83,3,19.00,23300.08,0.04,0.05,A,F,1993-06-10,1993-08-02,1993-06-25,NONE,MAIL,ress foxes are qui
35201-4,35201,1716,43,4,8.00,12941.68,0.00,0.05,R,F,1993-07-15,1993-08-03,1993-07-27,DELIVER IN PERSON,SHIP,lly even theodolite
35201-5,35201,974,77,5,37.00,69373.89,0.10,0.07,R,F,1993-06-11,1993-08-07,1993-07-08,NONE,FOB,"ironic, unusual instructions. re"
35201-6,35201,1653,54,6,35.00,54412.75,0.03,0.07,A,F,1993-09-28,1993-07-19,1993-10-20,NONE,MAIL,ar deposits. theo
35201-7,35201,807,41,7,28.00,47818.40,0.07,0.05,A,F,1993-09-30,1993-07-06,1993-10-12,NONE,FOB,ully ironic instructions. blithely 
35202-1,35202,1808,52,1,24.00,41035.20,0.05,0.07,N,O,1997-09-07,1997-08-12,1997-09-18,COLLECT COD,SHIP, theodolites boost finally carefully 
35202-2,35202,50,26,2,6.00,5700.30,0.06,0.05,N,O,1997-08-05,1997-09-28,1997-08-23,NONE,MAIL,its cajole against the packages. c
35202-3,35202,44,45,3,7.00,6608.28,0.01,0.03,N,O,1997-09-06,1997-08-21,1997-09-14,COLLECT COD,REG AIR,. instructions among the ex
35202-4,35202,951,52,4,9.00,16667.55,0.10,0.07,N,O,1997-09-05,1997-08-23,1997-09-08,DELIVER IN PERSON,AIR,ed packages cajole across 
35202-5,35202,7,33,5,10.00,9070.00,0.08,0.03,N,O,1997-07-08,1997-08-17,1997-07-24,TAKE BACK RETURN,RAIL,ckly; quickly regular packages
35202-6,35202,1596,17,6,45.00,67391.55,0.09,0.01,N,O,1997-08-17,1997-08-24,1997-09-07,COLLECT COD,RAIL,nal asymptotes. slow reques
35202-7,35202,1661,85,7,30.00,46879.80,0.00,0.02,N,O,1997-07-06,1997-10-02,1997-08-05,DELIVER IN PERSON,TRUCK, ideas nag fluffily slyly unusual pac
35203-1,35203,615,16,1,24.00,36374.64,0.04,0.08,N,O,1997-06-26,1997-07-02,1997-07-07,COLLECT COD,SHIP,nic realms. ide
35203-2,35203,127,54,2,18.00,18488.16,0.05,0.05,N,O,1997-06-03,1997-06-29,1997-07-02,NONE,SHIP,l accounts use silently toward the furiousl
35204-1,35204,1758,1,1,18.00,29875.50,0.10,0.04,N,O,1997-09-18,1997-10-28,1997-10-12,COLLECT COD,SHIP,inal grouches boost c
35205-1,35205,503,34,1,17.00,23859.50,0.08,0.05,N,O,1997-07-14,1997-09-04,1997-08-06,TAKE BACK RETURN,SHIP,refully silent deposits boost c
35205-2,35205,782,47,2,18.00,30290.04,0.00,0.05,N,O,1997-08-08,1997-09-28,1997-09-05,TAKE BACK RETURN,TRUCK,s sleep boldly carefully regu
35205-3,35205,1914,47,3,23.00,41765.93,0.00,0.08,N,O,1997-10-14,1997-09-24,1997-10-18,TAKE BACK RETURN,MAIL, quickly ironic instruct
35205-4,35205,384,85,4,47.00,60365.86,0.07,0.00,N,O,1997-07-16,1997-09-13,1997-07-20,DELIVER IN PERSON,TRUCK,lyly regular instructions. 
35205-5,35205,1453,32,5,21.00,28443.45,0.02,0.00,N,O,1997-10-22,1997-08-19,1997-11-16,COLLECT COD,TRUCK,ent requests cajo
35205-6,35205,218,73,6,10.00,11182.10,0.08,0.01,N,O,1997-09-06,1997-09-21,1997-09-23,COLLECT COD,MAIL, express requests
35206-1,35206,942,77,1,45.00,82932.30,0.06,0.08,N,O,1996-11-17,1996-10-18,1996-12-11,NONE,REG AIR,refully final courts. carefu
35206-2,35206,1280,18,2,41.00,48432.48,0.02,0.00,N,O,1996-09-01,1996-09-28,1996-10-01,NONE,RAIL,final platelets. furiously quick ideas
35206-3,35206,1851,38,3,47.00,82383.95,0.02,0.01,N,O,1996-08-17,1996-10-17,1996-09-02,NONE,SHIP,regular dependencies sleep boldly. d
35206-4,35206,61,62,4,12.00,11532.72,0.01,0.07,N,O,1996-10-12,1996-09-01,1996-10-18,COLLECT COD,FOB, excuses sublate. bl
35206-5,35206,131,58,5,38.00,39182.94,0.08,0.08,N,O,1996-09-27,1996-09-15,1996-10-07,DELIVER IN PERSON,AIR,sly regular forges haggle after the 
35207-1,35207,1406,46,1,28.00,36607.20,0.03,0.02,N,O,1996-07-26,1996-07-23,1996-08-13,NONE,FOB,ly even requests across the blithely ex
35207-2,35207,610,73,2,37.00,55892.57,0.00,0.04,N,O,1996-07-16,1996-07-13,1996-08-06,TAKE BACK RETURN,TRUCK,ntegrate slyly after the 
35207-3,35207,366,95,3,50.00,63318.00,0.05,0.00,N,O,1996-07-10,1996-07-07,1996-07-19,NONE,FOB, regular accoun
35207-4,35207,763,64,4,9.00,14973.84,0.01,0.03,N,O,1996-06-12,1996-07-14,1996-06-19,TAKE BACK RETURN,AIR,fully above the slyly final 
35232-1,35232,347,48,1,4.00,4989.36,0.04,0.08,N,O,1996-08-30,1996-08-25,1996-09-17,NONE,REG AIR,inal deposits ca
35232-2,35232,329,86,2,2.00,2458.64,0.10,0.00,N,O,1996-08-11,1996-08-10,1996-09-06,NONE,TRUCK,tes breach: slyly unusual frays b
35232-3,35232,1882,83,3,40.00,71355.20,0.10,0.05,N,O,1996-07-11,1996-09-20,1996-07-25,COLLECT COD,RAIL,y regular m
35232-4,35232,41,67,4,20.00,18820.80,0.04,0.05,N,O,1996-08-29,1996-09-10,1996-09-10,COLLECT COD,REG AIR,efully regular asymptotes. blithely final
35232-5,35232,920,55,5,25.00,45523.00,0.07,0.00,N,O,1996-07-16,1996-08-18,1996-08-11,TAKE BACK RETURN,TRUCK,theodolites haggle. slyly final packa
35232-6,35232,1717,44,6,11.00,17805.81,0.09,0.01,N,O,1996-10-08,1996-08-10,1996-11-04,TAKE BACK RETURN,RAIL,ss dolphins sleep express req
35232-7,35232,769,2,7,38.00,63450.88,0.04,0.05,N,O,1996-09-11,1996-09-18,1996-10-01,TAKE BACK RETURN,RAIL,"old, regular "
35233-1,35233,858,92,1,40.00,70354.00,0.04,0.01,R,F,1993-10-16,1993-11-25,1993-10-29,DELIVER IN PERSON,TRUCK,ironic excuses. car
35233-2,35233,1117,18,2,8.00,8144.88,0.07,0.01,A,F,1994-01-04,1993-12-21,1994-01-11,TAKE BACK RETURN,RAIL,s-- quickly ironic asymptotes 
35233-3,35233,1696,79,3,31.00,49528.39,0.02,0.05,R,F,1993-10-24,1993-12-20,1993-11-17,TAKE BACK RETURN,FOB,quests. regular ideas are ca
35234-1,35234,475,34,1,13.00,17881.11,0.01,0.06,N,O,1997-08-03,1997-08-07,1997-08-22,DELIVER IN PERSON,TRUCK," slyly final, even t"
35235-1,35235,519,20,1,41.00,58199.91,0.04,0.00,N,O,1998-01-01,1997-12-11,1998-01-12,DELIVER IN PERSON,TRUCK,ss theodolites. ideas promis
35235-2,35235,1410,28,2,50.00,65570.50,0.03,0.06,N,O,1998-01-22,1997-12-13,1998-02-06,NONE,FOB,nstructions cajole across the carefully
35235-3,35235,1109,18,3,42.00,42424.20,0.07,0.06,N,O,1998-01-13,1997-12-19,1998-01-14,DELIVER IN PERSON,REG AIR,elets nag against th
35235-4,35235,1319,58,4,28.00,34168.68,0.02,0.08,N,O,1998-01-22,1997-12-13,1998-02-20,NONE,REG AIR,beans are. furiously bold packages w
35235-5,35235,1259,71,5,41.00,47570.25,0.09,0.02,N,O,1998-02-02,1997-11-28,1998-02-10,COLLECT COD,REG AIR, the deposits cajole furiously quickly e
35236-1,35236,30,81,1,31.00,28830.93,0.03,0.07,N,O,1997-09-22,1997-09-01,1997-10-16,NONE,MAIL,ts. bold ideas after the accou
35237-1,35237,1871,1,1,23.00,40776.01,0.09,0.02,A,F,1993-03-07,1993-03-19,1993-03-14,NONE,FOB,t depths detect among the deposits. 
35237-2,35237,1094,30,2,20.00,19901.80,0.07,0.06,A,F,1993-04-10,1993-02-22,1993-04-29,TAKE BACK RETURN,MAIL, even pinto beans. regular orbits use furio
35237-3,35237,1100,36,3,47.00,47051.70,0.07,0.05,R,F,1993-04-08,1993-04-02,1993-04-11,NONE,MAIL,y ironic re
35237-4,35237,127,28,4,7.00,7189.84,0.10,0.08,R,F,1993-04-16,1993-02-09,1993-05-14,COLLECT COD,SHIP,wake carefully blithe
35237-5,35237,1821,22,5,30.00,51684.60,0.07,0.06,R,F,1993-01-16,1993-03-21,1993-02-03,DELIVER IN PERSON,SHIP, blithely after the carefull
35238-1,35238,550,51,1,29.00,42065.95,0.09,0.05,N,O,1995-08-05,1995-06-19,1995-08-22,DELIVER IN PERSON,RAIL,foxes wake above the slyly bold pac
35238-2,35238,782,83,2,28.00,47117.84,0.04,0.07,N,F,1995-06-12,1995-07-17,1995-07-03,COLLECT COD,MAIL,furiously regular 
35238-3,35238,1127,36,3,35.00,35984.20,0.05,0.05,N,O,1995-06-18,1995-07-21,1995-07-10,DELIVER IN PERSON,AIR,press theodolites run slyly above the f
35238-4,35238,415,16,4,16.00,21046.56,0.03,0.05,N,O,1995-07-01,1995-06-02,1995-07-15,DELIVER IN PERSON,REG AIR,r accounts. always bold saut
35238-5,35238,186,87,5,6.00,6517.08,0.07,0.04,N,O,1995-07-08,1995-07-09,1995-07-31,TAKE BACK RETURN,TRUCK, packages across the unusual s
35238-6,35238,1384,61,6,8.00,10283.04,0.02,0.00,N,O,1995-08-27,1995-06-05,1995-09-20,COLLECT COD,TRUCK,tes sleep slyly
35239-1,35239,171,24,1,30.00,32135.10,0.01,0.06,N,O,1996-02-01,1996-01-03,1996-02-26,DELIVER IN PERSON,TRUCK,r accounts. b
35239-2,35239,1861,91,2,38.00,66988.68,0.06,0.01,N,O,1995-11-23,1996-01-18,1995-12-16,COLLECT COD,FOB,. blithely regula
35239-3,35239,93,94,3,22.00,21847.98,0.02,0.02,N,O,1995-11-22,1996-01-20,1995-12-14,COLLECT COD,MAIL,heodolites will 
35239-4,35239,924,59,4,10.00,18249.20,0.08,0.08,N,O,1996-02-08,1996-01-11,1996-02-29,DELIVER IN PERSON,REG AIR,ng packages about the flu
35264-1,35264,1360,75,1,14.00,17659.04,0.01,0.05,A,F,1995-04-17,1995-05-15,1995-05-13,TAKE BACK RETURN,MAIL, ideas according t
35265-1,35265,1504,85,1,45.00,63247.50,0.07,0.02,A,F,1994-01-24,1994-01-18,1994-01-27,DELIVER IN PERSON,FOB,ructions cajole caref
35265-2,35265,1998,31,2,49.00,93099.51,0.02,0.06,A,F,1994-03-07,1994-02-09,1994-03-30,NONE,SHIP,ly against the bli
35265-3,35265,1466,67,3,37.00,50596.02,0.08,0.05,R,F,1994-02-10,1994-02-21,1994-03-05,DELIVER IN PERSON,RAIL,quests. furiously ironic requests wake. p
35265-4,35265,956,57,4,22.00,40852.90,0.10,0.03,R,F,1994-03-22,1994-02-02,1994-03-24,COLLECT COD,RAIL, dependencies doze furiously reg
35265-5,35265,1218,56,5,6.00,6715.26,0.10,0.00,R,F,1994-02-15,1994-01-17,1994-03-16,COLLECT COD,FOB,s deposits wake carefully pinto beans. s
35266-1,35266,1490,30,1,35.00,48702.15,0.02,0.06,A,F,1995-01-12,1995-02-22,1995-01-20,DELIVER IN PERSON,REG AIR,ly against the theodolite
35266-2,35266,108,87,2,14.00,14113.40,0.06,0.08,R,F,1995-05-12,1995-03-24,1995-05-19,TAKE BACK RETURN,REG AIR,ly furiously silent accounts. fin
35266-3,35266,753,50,3,20.00,33075.00,0.05,0.04,R,F,1995-04-03,1995-02-26,1995-04-12,NONE,RAIL,y bold packages. ca
35266-4,35266,611,5,4,44.00,66510.84,0.06,0.00,R,F,1995-03-27,1995-03-12,1995-04-25,COLLECT COD,MAIL,y. ironic r
35266-5,35266,788,53,5,29.00,48974.62,0.05,0.08,A,F,1995-01-18,1995-04-09,1995-01-22,COLLECT COD,MAIL,re along the f
35266-6,35266,444,3,6,4.00,5377.76,0.02,0.00,A,F,1995-04-06,1995-04-04,1995-05-01,TAKE BACK RETURN,RAIL,longside of the unusual gifts. c
35266-7,35266,1979,68,7,24.00,45143.28,0.10,0.03,R,F,1995-04-20,1995-04-04,1995-05-17,NONE,MAIL,uriously speci
35267-1,35267,861,61,1,25.00,44046.50,0.01,0.07,N,O,1997-09-22,1997-07-26,1997-10-08,COLLECT COD,MAIL, quiet accounts sleep careful
35267-2,35267,1632,33,2,4.00,6134.52,0.05,0.00,N,O,1997-06-08,1997-06-30,1997-07-07,NONE,TRUCK,arefully unusual ideas are. bold 
35267-3,35267,920,23,3,32.00,58269.44,0.00,0.06,N,O,1997-07-05,1997-06-29,1997-07-26,COLLECT COD,REG AIR,c frets are care
35267-4,35267,1509,90,4,5.00,7052.50,0.06,0.07,N,O,1997-08-12,1997-07-11,1997-08-30,DELIVER IN PERSON,TRUCK,unts up the slyly final accounts 
35267-5,35267,13,64,5,22.00,20086.22,0.03,0.03,N,O,1997-07-10,1997-08-06,1997-07-12,COLLECT COD,RAIL,old somas use. idly even package
35268-1,35268,75,51,1,2.00,1950.14,0.10,0.07,N,O,1998-02-06,1998-02-28,1998-02-15,DELIVER IN PERSON,RAIL,usual packag
35269-1,35269,1580,21,1,32.00,47410.56,0.04,0.03,R,F,1994-08-02,1994-08-02,1994-08-14,NONE,AIR,arefully. quickly pending asympt
35270-1,35270,51,27,1,31.00,29482.55,0.09,0.05,A,F,1995-01-10,1995-01-21,1995-02-01,TAKE BACK RETURN,SHIP, foxes. final 
35271-1,35271,53,29,1,1.00,953.05,0.10,0.02,A,F,1993-08-10,1993-09-07,1993-08-25,DELIVER IN PERSON,REG AIR,ously special theodolites 
35296-1,35296,1237,38,1,28.00,31870.44,0.05,0.07,A,F,1995-04-29,1995-04-26,1995-05-07,NONE,MAIL,its after the spe
35296-2,35296,964,65,2,4.00,7459.84,0.04,0.01,R,F,1995-04-15,1995-05-29,1995-05-02,TAKE BACK RETURN,REG AIR,packages. carefully silent acc
35296-3,35296,1039,10,3,13.00,12220.39,0.06,0.01,R,F,1995-04-19,1995-05-02,1995-04-23,DELIVER IN PERSON,FOB,aters wake slyly blithely spe
35296-4,35296,1248,23,4,24.00,27581.76,0.00,0.00,R,F,1995-04-21,1995-05-08,1995-05-10,NONE,AIR,tegrate slyly against the blithely 
35297-1,35297,128,55,1,48.00,49349.76,0.03,0.01,A,F,1993-02-28,1993-02-17,1993-03-07,NONE,SHIP,ect regular excuses. blithely regula
35297-2,35297,1334,11,2,12.00,14823.96,0.10,0.08,A,F,1993-02-21,1993-03-07,1993-03-17,NONE,FOB,zzle blithely furiously unusual pa
35297-3,35297,1273,11,3,20.00,23485.40,0.10,0.00,A,F,1993-01-12,1993-02-12,1993-01-17,COLLECT COD,MAIL,nst the carefully unusual pearls. final
35298-1,35298,990,91,1,40.00,75639.60,0.03,0.08,A,F,1993-01-26,1992-12-30,1993-02-14,TAKE BACK RETURN,FOB,lithely un
35298-2,35298,502,33,2,4.00,5610.00,0.07,0.06,A,F,1992-10-26,1992-12-24,1992-11-06,NONE,MAIL," among the ideas. regular, unus"
35299-1,35299,646,47,1,21.00,32479.44,0.09,0.03,A,F,1992-10-03,1992-09-24,1992-10-24,DELIVER IN PERSON,MAIL,ular requests wake 
35299-2,35299,822,89,2,33.00,56853.06,0.01,0.03,R,F,1992-09-16,1992-09-18,1992-10-05,NONE,RAIL,riously at the pending theodolites. silen
35299-3,35299,1085,91,3,13.00,12819.04,0.00,0.03,A,F,1992-11-05,1992-09-11,1992-11-11,TAKE BACK RETURN,REG AIR,al pinto beans boost c
35299-4,35299,1791,34,4,40.00,67711.60,0.07,0.03,R,F,1992-09-30,1992-09-23,1992-10-15,NONE,AIR,posits haggle after the slyly ironic acco
35299-5,35299,941,10,5,34.00,62625.96,0.05,0.06,R,F,1992-09-18,1992-10-30,1992-10-11,COLLECT COD,REG AIR,odolites at the final pa
35300-1,35300,1689,13,1,6.00,9544.08,0.03,0.08,A,F,1993-03-29,1993-05-13,1993-04-05,DELIVER IN PERSON,RAIL,p the final pinto beans haggle furiously ab
35300-2,35300,1911,12,2,49.00,88832.59,0.04,0.02,A,F,1993-03-20,1993-04-28,1993-04-08,NONE,AIR,sts are blithely. boldly 
35300-3,35300,1766,67,3,30.00,50032.80,0.10,0.00,A,F,1993-05-26,1993-04-17,1993-06-15,NONE,TRUCK,sly alongside of the 
35300-4,35300,1334,11,4,37.00,45707.21,0.03,0.03,R,F,1993-03-20,1993-04-27,1993-04-07,TAKE BACK RETURN,MAIL," even, special"
35300-5,35300,1411,29,5,41.00,53808.81,0.01,0.06,A,F,1993-05-25,1993-05-14,1993-05-26,DELIVER IN PERSON,SHIP,ously idle ideas. blith
35301-1,35301,281,63,1,18.00,21263.04,0.09,0.00,A,F,1993-04-06,1993-03-07,1993-04-15,NONE,SHIP,r pinto beans! packages haggle pen
35301-2,35301,1883,27,2,36.00,64255.68,0.01,0.02,R,F,1993-03-09,1993-01-28,1993-04-06,DELIVER IN PERSON,AIR,express deposits detect across the e
35301-3,35301,1962,7,3,26.00,48462.96,0.05,0.08,A,F,1993-02-01,1993-02-15,1993-02-15,TAKE BACK RETURN,MAIL,leep furiously about the sp
35302-1,35302,1288,26,1,44.00,52328.32,0.07,0.05,R,F,1993-09-02,1993-07-18,1993-09-29,COLLECT COD,REG AIR,frets after the bold frets
35302-2,35302,1408,48,2,28.00,36663.20,0.09,0.04,A,F,1993-07-10,1993-08-08,1993-08-08,DELIVER IN PERSON,FOB,carefully quickly even theodo
35302-3,35302,1338,77,3,38.00,47094.54,0.10,0.07,A,F,1993-09-09,1993-09-02,1993-10-04,DELIVER IN PERSON,TRUCK,nusual dolphins. ruthless dependenc
35302-4,35302,1735,20,4,43.00,70379.39,0.00,0.02,A,F,1993-09-12,1993-08-18,1993-09-28,TAKE BACK RETURN,TRUCK,ironic packages. carefully regular 
35302-5,35302,137,16,5,2.00,2074.26,0.06,0.02,A,F,1993-09-07,1993-07-14,1993-09-12,NONE,FOB,lly silent platelets wake. sp
35302-6,35302,267,95,6,5.00,5836.30,0.02,0.08,A,F,1993-08-06,1993-08-29,1993-08-09,COLLECT COD,FOB,s cajole ca
35302-7,35302,802,36,7,24.00,40867.20,0.00,0.03,A,F,1993-08-18,1993-07-13,1993-08-28,COLLECT COD,SHIP, along the quickly silent depo
35303-1,35303,1077,13,1,23.00,22495.61,0.08,0.04,N,O,1998-03-28,1998-05-24,1998-04-24,DELIVER IN PERSON,FOB,o beans. carefully ironic pinto beans bo
35303-2,35303,1343,82,2,39.00,48529.26,0.05,0.02,N,O,1998-04-03,1998-04-14,1998-04-29,DELIVER IN PERSON,REG AIR,ng to the speci
35328-1,35328,1308,9,1,14.00,16930.20,0.00,0.00,R,F,1993-07-20,1993-09-16,1993-08-01,TAKE BACK RETURN,TRUCK," slyly special, final acco"
35328-2,35328,1284,22,2,43.00,50967.04,0.01,0.07,R,F,1993-10-20,1993-09-16,1993-11-07,TAKE BACK RETURN,TRUCK,gular pinto beans detect carefu
35328-3,35328,721,22,3,44.00,71355.68,0.04,0.01,R,F,1993-08-07,1993-09-25,1993-08-15,NONE,AIR,egular packages. pending id
35328-4,35328,565,96,4,24.00,35173.44,0.08,0.05,A,F,1993-10-12,1993-08-26,1993-10-30,COLLECT COD,RAIL,ross the iron
35329-1,35329,1164,65,1,19.00,20238.04,0.03,0.01,N,O,1997-06-05,1997-06-12,1997-06-16,COLLECT COD,SHIP,e fluffily final ideas. quickly bol
35330-1,35330,919,54,1,45.00,81895.95,0.02,0.04,A,F,1994-07-02,1994-05-11,1994-07-12,NONE,MAIL,counts! special accou
35330-2,35330,1127,64,2,10.00,10281.20,0.05,0.08,R,F,1994-07-16,1994-05-31,1994-07-30,TAKE BACK RETURN,FOB,nding deposits sleep along the care
35331-1,35331,843,44,1,49.00,85448.16,0.02,0.02,N,O,1997-05-25,1997-07-05,1997-05-28,NONE,AIR,lly? blithely even deposits a
35332-1,35332,62,88,1,26.00,25013.56,0.03,0.03,N,O,1997-07-17,1997-08-06,1997-08-12,NONE,MAIL,uests are furiously above the 
35333-1,35333,490,78,1,37.00,51448.13,0.01,0.03,N,O,1997-03-09,1997-02-13,1997-04-01,DELIVER IN PERSON,FOB,ncies haggle quickly. furio
35333-2,35333,789,90,2,48.00,81109.44,0.06,0.01,N,O,1997-03-23,1997-02-09,1997-04-08,COLLECT COD,MAIL,s kindle b
35334-1,35334,409,39,1,35.00,45829.00,0.08,0.00,N,O,1996-10-01,1996-10-11,1996-10-23,TAKE BACK RETURN,MAIL,se slyly. slyly quick dependencies cajol
35334-2,35334,474,75,2,16.00,21991.52,0.06,0.04,N,O,1996-11-15,1996-10-05,1996-11-28,TAKE BACK RETURN,FOB, final deposits w
35335-1,35335,280,62,1,11.00,12983.08,0.10,0.01,N,O,1997-03-22,1997-03-20,1997-04-03,TAKE BACK RETURN,FOB,ironic pinto beans sleep busily. quic
35335-2,35335,372,29,2,42.00,53439.54,0.10,0.05,N,O,1997-04-21,1997-03-27,1997-04-30,DELIVER IN PERSON,TRUCK,quests are slyly 
35335-3,35335,1150,87,3,36.00,37841.40,0.04,0.06,N,O,1997-05-05,1997-04-15,1997-05-29,COLLECT COD,REG AIR,e of the fluffily ironic courts: 
35335-4,35335,506,67,4,29.00,40788.50,0.01,0.06,N,O,1997-04-11,1997-03-17,1997-04-28,DELIVER IN PERSON,SHIP," after the silent,"
35335-5,35335,1266,4,5,24.00,28014.24,0.03,0.01,N,O,1997-05-08,1997-05-11,1997-06-04,NONE,TRUCK,ges after the
35360-1,35360,95,71,1,28.00,27862.52,0.07,0.08,N,O,1995-07-21,1995-05-29,1995-08-20,TAKE BACK RETURN,FOB,tes. slyly silent depe
35360-2,35360,604,98,2,22.00,33101.20,0.07,0.04,N,O,1995-07-24,1995-06-12,1995-08-20,NONE,FOB,boost furio
35360-3,35360,343,28,3,45.00,55950.30,0.07,0.01,N,O,1995-08-09,1995-07-15,1995-08-30,NONE,FOB,ts are slyly unusual pinto beans. deposit
35360-4,35360,908,43,4,34.00,61502.60,0.09,0.04,N,F,1995-06-17,1995-06-23,1995-07-08,NONE,RAIL,refully regular
35360-5,35360,1895,39,5,34.00,61094.26,0.08,0.05,N,O,1995-07-13,1995-06-07,1995-07-22,TAKE BACK RETURN,RAIL, packages along the furiously r
35360-6,35360,678,41,6,24.00,37888.08,0.00,0.03,N,O,1995-07-28,1995-05-30,1995-08-01,COLLECT COD,FOB,"nal, pending ideas haggle furiously furious"
35360-7,35360,475,5,7,25.00,34386.75,0.04,0.08,N,O,1995-07-09,1995-07-06,1995-07-26,NONE,SHIP,uriously deposits. furiously dogged theodol
35361-1,35361,1566,47,1,50.00,73378.00,0.07,0.07,A,F,1994-07-28,1994-06-06,1994-08-16,TAKE BACK RETURN,RAIL,s unwind slyly blithely even p
35361-2,35361,663,26,2,1.00,1563.66,0.09,0.01,A,F,1994-05-24,1994-06-02,1994-06-03,TAKE BACK RETURN,MAIL,s above the furiously special pinto beans 
35361-3,35361,638,1,3,33.00,50774.79,0.04,0.01,A,F,1994-05-08,1994-06-13,1994-06-04,COLLECT COD,TRUCK,"s, final foxes are above the slyl"
35361-4,35361,356,85,4,47.00,59048.45,0.00,0.04,A,F,1994-07-21,1994-06-25,1994-07-31,TAKE BACK RETURN,TRUCK,quests. quickly final instructions a
35361-5,35361,1094,100,5,6.00,5970.54,0.02,0.05,A,F,1994-07-11,1994-07-05,1994-08-06,NONE,AIR,yly along the ev
35362-1,35362,1959,48,1,33.00,61411.35,0.00,0.07,N,O,1995-08-09,1995-09-25,1995-08-24,COLLECT COD,TRUCK,y express pi
35362-2,35362,21,22,2,28.00,25788.56,0.03,0.07,N,O,1995-09-30,1995-09-25,1995-10-14,NONE,SHIP,sly ironic packages are against t
35363-1,35363,1577,58,1,3.00,4435.71,0.05,0.07,N,O,1997-03-15,1997-01-24,1997-03-16,DELIVER IN PERSON,AIR,luffily special requests s
35364-1,35364,974,75,1,34.00,63748.98,0.07,0.05,A,F,1994-12-22,1995-02-01,1995-01-03,COLLECT COD,MAIL,. slyly bold asymptotes wa
35364-2,35364,422,10,2,25.00,33060.50,0.00,0.08,R,F,1995-01-04,1995-02-22,1995-01-05,DELIVER IN PERSON,TRUCK,he slyly ironic forges unwind carefull
35364-3,35364,408,96,3,14.00,18317.60,0.06,0.00,R,F,1994-12-14,1995-01-27,1994-12-31,TAKE BACK RETURN,RAIL,ave to wake slyly alongside of the 
35364-4,35364,1382,83,4,32.00,41068.16,0.05,0.05,A,F,1995-01-16,1995-02-28,1995-01-29,COLLECT COD,FOB, special frets. quickly regular deposits
35364-5,35364,1034,35,5,13.00,12155.39,0.00,0.07,A,F,1995-03-09,1995-02-21,1995-04-08,NONE,RAIL,ular packages serve slyly even deposi
35364-6,35364,513,74,6,44.00,62194.44,0.00,0.05,A,F,1995-01-31,1995-02-17,1995-02-17,DELIVER IN PERSON,REG AIR,usly even asymptotes wake
35364-7,35364,123,76,7,13.00,13300.56,0.09,0.01,A,F,1995-03-29,1995-01-17,1995-04-26,TAKE BACK RETURN,FOB, bold ideas pr
35365-1,35365,595,96,1,1.00,1495.59,0.08,0.01,N,O,1997-08-20,1997-08-11,1997-09-02,TAKE BACK RETURN,FOB,slyly. quickly regular ideas
35365-2,35365,836,37,2,32.00,55578.56,0.01,0.00,N,O,1997-07-07,1997-09-04,1997-07-24,DELIVER IN PERSON,TRUCK, quickly silent accou
35365-3,35365,1987,88,3,29.00,54780.42,0.02,0.08,N,O,1997-09-12,1997-09-06,1997-10-03,NONE,AIR,as. furiously pending decoys aroun
35366-1,35366,115,94,1,27.00,27407.97,0.03,0.07,N,O,1995-07-20,1995-10-05,1995-08-13,DELIVER IN PERSON,AIR,sly. regular requests cajol
35366-2,35366,1587,28,2,44.00,65497.52,0.06,0.02,N,O,1995-09-21,1995-08-15,1995-09-24,DELIVER IN PERSON,REG AIR, cajole blith
35366-3,35366,1705,90,3,45.00,72301.50,0.01,0.01,N,O,1995-10-10,1995-08-13,1995-11-02,DELIVER IN PERSON,REG AIR,sual accounts hagg
35366-4,35366,1012,48,4,8.00,7304.08,0.07,0.07,N,O,1995-10-29,1995-09-26,1995-11-15,COLLECT COD,MAIL,gular deposits.
35366-5,35366,1457,97,5,40.00,54338.00,0.03,0.02,N,O,1995-07-18,1995-08-12,1995-08-13,TAKE BACK RETURN,SHIP,osits around the blithely special acco
35366-6,35366,731,96,6,24.00,39161.52,0.05,0.07,N,O,1995-11-02,1995-09-07,1995-11-25,DELIVER IN PERSON,SHIP,ggedly pending pack
35367-1,35367,1702,29,1,49.00,78581.30,0.10,0.07,N,O,1996-05-14,1996-05-18,1996-06-02,TAKE BACK RETURN,REG AIR,lithely final theodolites about the
35367-2,35367,1656,39,2,45.00,70094.25,0.09,0.05,N,O,1996-07-27,1996-05-11,1996-08-21,COLLECT COD,REG AIR,hely sly asymptotes
35392-1,35392,1902,91,1,10.00,18039.00,0.02,0.06,R,F,1992-06-13,1992-04-09,1992-07-12,NONE,SHIP,pending epitaphs wake slyly
35392-2,35392,370,55,2,27.00,34299.99,0.08,0.05,A,F,1992-03-20,1992-04-24,1992-04-12,NONE,FOB,"ronic, special accounts. s"
35393-1,35393,1458,37,1,15.00,20391.75,0.01,0.07,N,F,1995-06-11,1995-05-22,1995-06-24,COLLECT COD,TRUCK,ts according to the quickly regular instr
35394-1,35394,1771,14,1,10.00,16727.70,0.04,0.06,N,O,1997-08-07,1997-07-07,1997-09-04,COLLECT COD,MAIL,arefully final pinto beans haggle 
35394-2,35394,334,91,2,27.00,33326.91,0.10,0.02,N,O,1997-07-16,1997-07-08,1997-07-27,DELIVER IN PERSON,REG AIR, blithely final foxes cajole
35394-3,35394,41,17,3,10.00,9410.40,0.09,0.05,N,O,1997-07-24,1997-07-17,1997-08-23,TAKE BACK RETURN,RAIL,usly after the
35395-1,35395,1646,29,1,16.00,24762.24,0.09,0.01,A,F,1994-05-10,1994-05-21,1994-05-18,DELIVER IN PERSON,FOB,es nag. accounts against the fur
35395-2,35395,1665,89,2,31.00,48566.46,0.01,0.06,A,F,1994-05-18,1994-05-22,1994-06-07,COLLECT COD,TRUCK, accounts 
35395-3,35395,747,80,3,3.00,4943.22,0.02,0.01,A,F,1994-06-01,1994-04-26,1994-06-06,TAKE BACK RETURN,SHIP,ymptotes! pinto beans haggle quickly. slyl
35396-1,35396,257,85,1,12.00,13887.00,0.01,0.01,N,O,1996-05-08,1996-04-11,1996-05-31,DELIVER IN PERSON,SHIP,nstructions sleep
35396-2,35396,435,65,2,44.00,58758.92,0.01,0.05,N,O,1996-06-28,1996-04-04,1996-07-08,COLLECT COD,TRUCK,ts use ruthlessly ac
35396-3,35396,1617,18,3,4.00,6074.44,0.06,0.04,N,O,1996-04-23,1996-05-29,1996-05-20,NONE,MAIL, quickly ab
35396-4,35396,806,6,4,47.00,80219.60,0.01,0.04,N,O,1996-06-14,1996-04-30,1996-07-13,NONE,RAIL,final asymptotes unwind
35396-5,35396,989,90,5,5.00,9449.90,0.00,0.07,N,O,1996-04-13,1996-05-11,1996-04-18,NONE,MAIL,ic pinto beans caj
35397-1,35397,66,42,1,4.00,3864.24,0.07,0.00,N,O,1998-06-14,1998-06-21,1998-06-16,TAKE BACK RETURN,SHIP,es along the slyly sly requests d
35397-2,35397,815,82,2,37.00,63484.97,0.04,0.03,N,O,1998-07-28,1998-06-27,1998-08-27,NONE,AIR,ously ironic excuses against the fur
35397-3,35397,1557,98,3,15.00,21878.25,0.03,0.03,N,O,1998-09-08,1998-06-23,1998-10-08,DELIVER IN PERSON,MAIL,ing accounts. bold esc
35398-1,35398,453,12,1,36.00,48724.20,0.03,0.07,N,O,1997-01-19,1997-02-11,1997-01-27,DELIVER IN PERSON,TRUCK,l requests nag alongside of the exp
35398-2,35398,1555,56,2,35.00,50979.25,0.07,0.03,N,O,1996-12-19,1997-03-04,1997-01-17,TAKE BACK RETURN,MAIL,ronic packages was sl
35398-3,35398,583,84,3,17.00,25220.86,0.01,0.04,N,O,1996-12-24,1997-02-13,1997-01-08,COLLECT COD,TRUCK,"ly express foxes. silent, final requests a"
35398-4,35398,1100,36,4,27.00,27029.70,0.03,0.04,N,O,1997-01-22,1997-03-04,1997-02-05,NONE,REG AIR,usly according to the daringly
35398-5,35398,1338,39,5,27.00,33461.91,0.02,0.04,N,O,1997-01-04,1997-01-28,1997-02-03,COLLECT COD,RAIL,theodolites. instructions wake. r
35399-1,35399,1479,58,1,8.00,11043.76,0.02,0.03,A,F,1995-05-06,1995-03-13,1995-05-13,COLLECT COD,FOB,along the final accounts affix spe
35399-2,35399,1503,24,2,21.00,29494.50,0.02,0.01,A,F,1995-03-31,1995-04-21,1995-04-20,DELIVER IN PERSON,RAIL,usly unusual pinto 
35399-3,35399,1042,78,3,17.00,16031.68,0.02,0.08,R,F,1995-02-22,1995-03-31,1995-03-23,DELIVER IN PERSON,RAIL,uses sleep ca
35424-1,35424,1889,19,1,43.00,77007.84,0.05,0.06,N,O,1996-01-06,1996-03-25,1996-01-20,DELIVER IN PERSON,REG AIR,the furious theo
35424-2,35424,1292,93,2,46.00,54891.34,0.06,0.08,N,O,1996-03-26,1996-03-15,1996-04-22,COLLECT COD,SHIP,equests. pinto bean
35424-3,35424,797,98,3,36.00,61120.44,0.06,0.08,N,O,1996-02-15,1996-03-08,1996-02-28,DELIVER IN PERSON,RAIL,fily even 
35424-4,35424,800,65,4,36.00,61228.80,0.01,0.06,N,O,1996-03-18,1996-02-15,1996-04-15,DELIVER IN PERSON,MAIL,e the slyl
35424-5,35424,1518,99,5,17.00,24131.67,0.07,0.03,N,O,1996-01-14,1996-02-21,1996-01-26,TAKE BACK RETURN,RAIL,uests cajol
35424-6,35424,740,5,6,34.00,55785.16,0.01,0.02,N,O,1996-01-17,1996-02-11,1996-01-23,DELIVER IN PERSON,AIR,quests after the furiously regular r
35424-7,35424,533,34,7,41.00,58774.73,0.00,0.00,N,O,1996-01-15,1996-03-20,1996-01-18,DELIVER IN PERSON,MAIL,counts detect.
35425-1,35425,1073,9,1,44.00,42859.08,0.00,0.01,A,F,1993-05-30,1993-05-24,1993-06-16,NONE,TRUCK,deposits wake quickly across the 
35425-2,35425,323,52,2,31.00,37922.92,0.00,0.00,A,F,1993-06-30,1993-06-27,1993-07-06,NONE,RAIL,along the carefully 
35425-3,35425,355,40,3,20.00,25107.00,0.07,0.03,A,F,1993-06-01,1993-05-11,1993-06-13,COLLECT COD,RAIL,osely: furio
35425-4,35425,616,10,4,7.00,10616.27,0.01,0.03,R,F,1993-06-23,1993-06-19,1993-06-25,COLLECT COD,AIR,g the slyly special packages sleep quickl
35425-5,35425,576,37,5,44.00,64969.08,0.04,0.03,A,F,1993-06-17,1993-06-19,1993-07-08,NONE,SHIP,ithely. carefully regula
35425-6,35425,19,95,6,26.00,23894.26,0.02,0.03,R,F,1993-04-04,1993-06-26,1993-04-23,TAKE BACK RETURN,REG AIR,"s about the unusual, "
35425-7,35425,956,91,7,2.00,3713.90,0.04,0.08,A,F,1993-04-26,1993-05-02,1993-05-11,TAKE BACK RETURN,TRUCK,nal deposits. 
35426-1,35426,1906,39,1,2.00,3615.80,0.05,0.05,A,F,1994-01-25,1993-11-15,1994-02-18,TAKE BACK RETURN,REG AIR,usy accoun
35426-2,35426,1249,61,2,48.00,55211.52,0.06,0.00,R,F,1994-01-21,1993-12-20,1994-02-18,DELIVER IN PERSON,SHIP,c requests against 
35426-3,35426,263,91,3,44.00,51183.44,0.04,0.02,A,F,1993-12-05,1993-11-30,1994-01-03,NONE,FOB,fter the slyly ironic packages. final theo
35427-1,35427,1942,43,1,8.00,14751.52,0.05,0.05,N,O,1996-04-16,1996-04-22,1996-04-28,COLLECT COD,AIR,nal accounts. carefully fin
35427-2,35427,818,52,2,6.00,10312.86,0.09,0.05,N,O,1996-06-15,1996-05-14,1996-07-02,COLLECT COD,TRUCK, regular packages.
35427-3,35427,41,42,3,5.00,4705.20,0.05,0.07,N,O,1996-05-23,1996-05-19,1996-05-24,TAKE BACK RETURN,REG AIR,ges sleep after the theo
35427-4,35427,1586,7,4,24.00,35701.92,0.08,0.08,N,O,1996-03-07,1996-05-04,1996-03-27,DELIVER IN PERSON,SHIP,sits doubt c
35428-1,35428,201,29,1,33.00,36339.60,0.03,0.08,A,F,1992-06-14,1992-07-08,1992-06-16,COLLECT COD,MAIL,r decoys about the packag
35428-2,35428,351,52,2,19.00,23775.65,0.02,0.03,R,F,1992-06-13,1992-08-10,1992-06-28,COLLECT COD,SHIP,quickly across the requests. carefull
35428-3,35428,456,57,3,42.00,56970.90,0.06,0.00,R,F,1992-09-01,1992-07-30,1992-09-22,DELIVER IN PERSON,SHIP, never even requests are fu
35429-1,35429,1343,82,1,8.00,9954.72,0.00,0.00,N,O,1997-01-14,1997-01-09,1997-02-12,DELIVER IN PERSON,REG AIR,he regular accounts. unu
35429-2,35429,1252,90,2,43.00,49589.75,0.08,0.05,N,O,1997-01-15,1997-01-04,1997-02-05,DELIVER IN PERSON,AIR,", express dep"
35430-1,35430,206,7,1,30.00,33186.00,0.02,0.01,A,F,1993-07-21,1993-05-14,1993-08-18,COLLECT COD,MAIL,kages haggle quickly pending
35430-2,35430,432,91,2,27.00,35975.61,0.10,0.05,A,F,1993-03-27,1993-05-01,1993-04-16,NONE,RAIL,"usual accounts. unusual, p"
35430-3,35430,1957,2,3,31.00,57627.45,0.10,0.01,R,F,1993-03-27,1993-04-25,1993-04-08,TAKE BACK RETURN,MAIL,"ely quickly final theodolites. busy, bold"
35430-4,35430,193,46,4,31.00,33888.89,0.10,0.01,A,F,1993-07-04,1993-06-02,1993-07-25,COLLECT COD,FOB, even ideas. theodolite
35430-5,35430,286,68,5,43.00,51010.04,0.05,0.06,R,F,1993-07-14,1993-05-01,1993-08-04,COLLECT COD,REG AIR, ideas. bold grouches arou
35430-6,35430,678,41,6,12.00,18944.04,0.04,0.01,A,F,1993-05-22,1993-05-30,1993-06-02,COLLECT COD,MAIL,equests. fluffily even excuses
35431-1,35431,757,54,1,43.00,71283.25,0.10,0.08,A,F,1995-03-08,1995-01-28,1995-04-04,NONE,REG AIR,uickly final accoun
35431-2,35431,1117,18,2,29.00,29525.19,0.00,0.08,A,F,1995-02-26,1995-02-14,1995-03-03,DELIVER IN PERSON,TRUCK,s boost slyly 
35431-3,35431,186,87,3,21.00,22809.78,0.10,0.07,A,F,1994-12-25,1995-01-20,1995-01-10,TAKE BACK RETURN,REG AIR,jole fluffily care
35456-1,35456,549,50,1,34.00,49284.36,0.03,0.06,A,F,1993-02-01,1992-12-29,1993-02-24,DELIVER IN PERSON,TRUCK,xpress packages about the pending foxes ar
35456-2,35456,1394,33,2,28.00,36270.92,0.03,0.07,A,F,1992-12-13,1993-01-22,1993-01-11,DELIVER IN PERSON,AIR,al platelets in
35456-3,35456,143,70,3,44.00,45898.16,0.09,0.06,R,F,1993-01-12,1992-12-24,1993-02-05,COLLECT COD,FOB,ickly slow pains. slyly special packages
35456-4,35456,417,76,4,15.00,19761.15,0.02,0.03,A,F,1992-11-20,1992-12-27,1992-11-29,COLLECT COD,MAIL,"ding dinos. special, ironic somas believ"
35456-5,35456,1718,45,5,38.00,61548.98,0.01,0.03,A,F,1992-11-24,1992-12-14,1992-11-29,NONE,REG AIR,lithely ironic pinto
35456-6,35456,1500,1,6,24.00,33636.00,0.05,0.07,R,F,1992-12-02,1993-01-23,1992-12-28,TAKE BACK RETURN,REG AIR,according to
35457-1,35457,1108,45,1,44.00,44400.40,0.09,0.02,R,F,1995-01-23,1995-01-25,1995-02-10,DELIVER IN PERSON,SHIP,"ing, ironic "
35457-2,35457,444,32,2,37.00,49744.28,0.07,0.04,R,F,1995-01-03,1995-03-08,1995-01-11,TAKE BACK RETURN,SHIP,"e ironic, regular w"
35457-3,35457,1259,60,3,15.00,17403.75,0.10,0.00,A,F,1995-02-28,1995-01-13,1995-03-30,DELIVER IN PERSON,TRUCK,ggle quickly special foxes. evenl
35457-4,35457,1429,47,4,30.00,39912.60,0.03,0.05,R,F,1995-01-16,1995-02-05,1995-02-13,COLLECT COD,REG AIR,ges use furiously accordin
35457-5,35457,1616,99,5,45.00,68292.45,0.00,0.00,A,F,1995-02-18,1995-01-25,1995-03-12,TAKE BACK RETURN,RAIL,uffily about the quickly final dolphins.
35457-6,35457,201,29,6,31.00,34137.20,0.08,0.00,R,F,1994-12-09,1995-03-06,1995-01-03,DELIVER IN PERSON,REG AIR,into beans.
35458-1,35458,286,41,1,39.00,46264.92,0.00,0.04,N,O,1996-12-10,1997-01-09,1997-01-07,DELIVER IN PERSON,RAIL, quickly regular packages. daringly 
35459-1,35459,509,10,1,14.00,19733.00,0.04,0.04,N,O,1997-05-27,1997-06-30,1997-06-01,NONE,RAIL,egular foxes. slyly ironic plat
35459-2,35459,199,26,2,6.00,6595.14,0.00,0.07,N,O,1997-06-25,1997-05-26,1997-07-12,DELIVER IN PERSON,FOB,y even depo
35459-3,35459,696,28,3,50.00,79834.50,0.00,0.06,N,O,1997-05-29,1997-05-29,1997-05-30,NONE,SHIP,yly blithely fi
35460-1,35460,1892,93,1,36.00,64580.04,0.02,0.07,R,F,1994-02-15,1994-02-02,1994-03-02,DELIVER IN PERSON,TRUCK,de of the slyly even inst
35460-2,35460,1894,95,2,36.00,64652.04,0.10,0.00,A,F,1994-03-28,1994-01-26,1994-03-29,TAKE BACK RETURN,REG AIR,are furiously fluffily expr
35460-3,35460,1707,8,3,35.00,56304.50,0.02,0.02,R,F,1994-03-01,1994-02-18,1994-03-24,COLLECT COD,SHIP, according to the 
35460-4,35460,1742,85,4,25.00,41093.50,0.02,0.00,R,F,1993-12-10,1994-02-24,1993-12-21,TAKE BACK RETURN,RAIL,s. furiously ironic packages dazzle furiou
35460-5,35460,731,28,5,38.00,62005.74,0.08,0.08,A,F,1994-03-25,1994-02-09,1994-04-15,NONE,MAIL,are furiously across the sl
35460-6,35460,792,25,6,36.00,60940.44,0.03,0.04,R,F,1994-02-07,1994-01-29,1994-02-27,NONE,REG AIR,fully regular platelets across the regular 
35460-7,35460,709,6,7,36.00,57949.20,0.02,0.06,R,F,1994-02-22,1994-01-08,1994-03-08,DELIVER IN PERSON,AIR,oxes affix blithely pending co
35461-1,35461,42,18,1,39.00,36739.56,0.03,0.07,R,F,1994-06-06,1994-07-22,1994-06-22,TAKE BACK RETURN,REG AIR,ironic pinto beans ser
35461-2,35461,923,58,2,24.00,43774.08,0.08,0.07,A,F,1994-08-11,1994-07-27,1994-09-02,NONE,FOB,se along the id
35461-3,35461,988,57,3,20.00,37779.60,0.05,0.08,A,F,1994-08-18,1994-08-29,1994-09-06,COLLECT COD,RAIL,"ng, even accounts. carefully special inst"
35461-4,35461,889,56,4,36.00,64435.68,0.01,0.05,R,F,1994-07-01,1994-07-21,1994-07-22,NONE,FOB,l dolphins. carefully final deposit
35462-1,35462,42,68,1,43.00,40507.72,0.06,0.03,N,O,1998-07-06,1998-08-24,1998-07-26,TAKE BACK RETURN,REG AIR,e packages. fluffily ironic account
35462-2,35462,958,93,2,25.00,46473.75,0.05,0.07,N,O,1998-09-12,1998-08-12,1998-09-26,COLLECT COD,REG AIR,s. asymptotes p
35462-3,35462,1041,77,3,47.00,44275.88,0.03,0.04,N,O,1998-10-02,1998-08-22,1998-10-29,DELIVER IN PERSON,AIR,s sleep blithely around the qui
35462-4,35462,951,20,4,45.00,83337.75,0.07,0.07,N,O,1998-06-27,1998-08-13,1998-06-30,DELIVER IN PERSON,TRUCK,eposits cajo
35462-5,35462,1595,36,5,32.00,47890.88,0.09,0.05,N,O,1998-07-25,1998-08-04,1998-08-13,DELIVER IN PERSON,FOB,ncies integrate packages. slyly i
35463-1,35463,452,82,1,15.00,20286.75,0.09,0.04,N,O,1996-08-31,1996-08-01,1996-09-07,COLLECT COD,FOB,es cajole. quickly regular 
35463-2,35463,1102,3,2,15.00,15046.50,0.04,0.02,N,O,1996-07-15,1996-08-01,1996-08-06,DELIVER IN PERSON,SHIP,ly regular multipliers. furio
35463-3,35463,45,21,3,23.00,21735.92,0.09,0.00,N,O,1996-09-14,1996-08-12,1996-10-04,TAKE BACK RETURN,REG AIR,blithely regular frets wake regu
35463-4,35463,994,63,4,13.00,24634.87,0.08,0.07,N,O,1996-09-05,1996-08-25,1996-10-01,NONE,REG AIR,y ironic attainments boost blithely unusu
35488-1,35488,1762,63,1,28.00,46585.28,0.08,0.06,N,O,1995-10-28,1995-10-01,1995-11-27,DELIVER IN PERSON,SHIP,fluffily pending dependencies wake s
35488-2,35488,1444,84,2,12.00,16145.28,0.04,0.03,N,O,1995-09-30,1995-10-24,1995-10-23,NONE,AIR,onic accounts sleep. 
35488-3,35488,794,59,3,48.00,81349.92,0.05,0.08,N,O,1995-11-10,1995-10-31,1995-12-05,TAKE BACK RETURN,TRUCK,ole accounts. slyly careful theodolite
35488-4,35488,123,76,4,47.00,48086.64,0.00,0.03,N,O,1995-08-28,1995-10-21,1995-09-06,COLLECT COD,SHIP,ctions nag furiously reg
35488-5,35488,35,61,5,28.00,26180.84,0.00,0.02,N,O,1995-09-29,1995-10-12,1995-10-26,TAKE BACK RETURN,REG AIR,"al, final "
35488-6,35488,1732,33,6,50.00,81686.50,0.09,0.02,N,O,1995-11-09,1995-11-02,1995-11-14,NONE,SHIP,above the excuses. requests poach about the
35489-1,35489,167,68,1,3.00,3201.48,0.06,0.08,N,O,1998-07-02,1998-08-21,1998-07-20,NONE,REG AIR,. carefully pending accounts boost car
35489-2,35489,1158,31,2,6.00,6354.90,0.08,0.06,N,O,1998-07-27,1998-08-04,1998-08-25,DELIVER IN PERSON,TRUCK,ckages boost quickly along
35489-3,35489,1481,21,3,9.00,12442.32,0.03,0.05,N,O,1998-07-06,1998-08-01,1998-07-10,NONE,AIR,cial requests boost
35489-4,35489,208,63,4,6.00,6649.20,0.05,0.06,N,O,1998-08-18,1998-09-17,1998-09-07,NONE,FOB,sly regular courts 
35489-5,35489,862,96,5,37.00,65225.82,0.01,0.01,N,O,1998-08-14,1998-09-07,1998-08-16,NONE,MAIL,egular warhorses thrash p
35489-6,35489,1543,64,6,25.00,36113.50,0.10,0.06,N,O,1998-08-19,1998-07-22,1998-09-07,COLLECT COD,REG AIR,pinto beans eat. 
35489-7,35489,1158,59,7,24.00,25419.60,0.03,0.00,N,O,1998-07-21,1998-07-23,1998-08-18,COLLECT COD,RAIL, asymptotes boost acro
35490-1,35490,1538,19,1,35.00,50383.55,0.04,0.03,A,F,1994-02-23,1994-01-07,1994-03-12,DELIVER IN PERSON,TRUCK,the blithely express requests wake along th
35490-2,35490,1287,62,2,36.00,42778.08,0.08,0.07,R,F,1994-03-04,1994-01-11,1994-03-05,TAKE BACK RETURN,SHIP,e slyly inside the furiou
35490-3,35490,305,62,3,22.00,26516.60,0.10,0.03,R,F,1994-03-14,1994-01-16,1994-03-31,DELIVER IN PERSON,AIR,lent sauternes. th
35490-4,35490,1829,59,4,42.00,72694.44,0.00,0.00,A,F,1994-02-15,1994-02-09,1994-03-11,NONE,FOB,ly regular packages. carefu
35490-5,35490,332,89,5,41.00,50525.53,0.09,0.02,R,F,1994-03-05,1994-01-14,1994-03-19,NONE,RAIL, ideas according to the slyly
35491-1,35491,1780,23,1,5.00,8408.90,0.06,0.07,N,O,1996-10-13,1996-10-09,1996-11-11,DELIVER IN PERSON,TRUCK,"ularly silent ideas sleep. final, p"
35492-1,35492,934,35,1,13.00,23854.09,0.05,0.03,R,F,1992-05-26,1992-05-06,1992-05-30,TAKE BACK RETURN,REG AIR,nts. excuses ha
35492-2,35492,301,30,2,28.00,33636.40,0.02,0.05,R,F,1992-05-30,1992-04-23,1992-06-02,DELIVER IN PERSON,SHIP,ncies cajole about the spe
35492-3,35492,693,25,3,50.00,79684.50,0.10,0.02,R,F,1992-06-02,1992-03-26,1992-06-24,NONE,SHIP,accounts sleep blithely. f
35492-4,35492,1242,54,4,10.00,11432.40,0.06,0.03,A,F,1992-05-18,1992-04-16,1992-06-12,COLLECT COD,AIR,to the bold foxes. instructions are against
35492-5,35492,1050,51,5,31.00,29482.55,0.05,0.03,R,F,1992-02-26,1992-04-29,1992-03-26,NONE,TRUCK,"arhorses. even, regu"
35492-6,35492,1887,74,6,28.00,50088.64,0.03,0.05,A,F,1992-04-07,1992-03-19,1992-04-15,COLLECT COD,REG AIR,nding depo
35493-1,35493,1772,57,1,14.00,23432.78,0.04,0.05,A,F,1994-07-31,1994-06-16,1994-08-12,TAKE BACK RETURN,SHIP,de of the sly
35494-1,35494,1480,81,1,37.00,51114.76,0.03,0.07,R,F,1995-02-28,1995-04-23,1995-03-14,NONE,RAIL,egular theodolites. 
35494-2,35494,1465,44,2,7.00,9565.22,0.02,0.06,R,F,1995-02-23,1995-03-29,1995-03-02,TAKE BACK RETURN,SHIP,grate quickly pinto beans. sly
35494-3,35494,1670,71,3,29.00,45578.43,0.01,0.05,N,F,1995-05-29,1995-05-06,1995-06-20,TAKE BACK RETURN,SHIP,regular foxes. care
35494-4,35494,643,75,4,34.00,52483.76,0.02,0.07,R,F,1995-03-01,1995-05-01,1995-03-21,DELIVER IN PERSON,TRUCK,ally. deposits integrate slyly. express
35495-1,35495,1627,10,1,11.00,16814.82,0.05,0.08,N,O,1997-07-23,1997-09-10,1997-07-29,NONE,RAIL,ithely special deposits boost blithely a
35495-2,35495,280,81,2,26.00,30687.28,0.07,0.05,N,O,1997-07-27,1997-09-18,1997-08-15,DELIVER IN PERSON,RAIL,ithely bold theodolites.
35495-3,35495,1883,70,3,28.00,49976.64,0.09,0.02,N,O,1997-08-14,1997-08-25,1997-08-30,NONE,SHIP,"braids. even, final pinto b"
35520-1,35520,883,84,1,19.00,33893.72,0.03,0.01,N,O,1998-06-19,1998-03-31,1998-07-18,COLLECT COD,SHIP,y regular request
35521-1,35521,651,83,1,50.00,77582.50,0.00,0.07,N,O,1996-05-20,1996-06-08,1996-06-17,TAKE BACK RETURN,RAIL,"ts-- brave, final pinto beans wake blithel"
35521-2,35521,1453,93,2,8.00,10835.60,0.05,0.04,N,O,1996-06-12,1996-05-03,1996-07-03,NONE,SHIP,. theodolites wake according to the f
35521-3,35521,297,98,3,22.00,26340.38,0.06,0.01,N,O,1996-05-03,1996-05-15,1996-05-26,TAKE BACK RETURN,FOB,refully regular
35521-4,35521,1082,88,4,45.00,44238.60,0.02,0.06,N,O,1996-07-14,1996-06-07,1996-08-03,DELIVER IN PERSON,MAIL,ously bold theodolites. ca
35522-1,35522,1749,50,1,37.00,61077.38,0.08,0.02,A,F,1993-11-07,1993-11-27,1993-11-13,DELIVER IN PERSON,REG AIR,ideas wake slyly after the carefully final
35522-2,35522,1559,60,2,11.00,16066.05,0.05,0.00,R,F,1993-12-01,1993-12-25,1993-12-26,DELIVER IN PERSON,SHIP, ideas. quickly bold requests h
35523-1,35523,1925,70,1,45.00,82211.40,0.05,0.00,N,O,1996-09-07,1996-08-15,1996-09-15,NONE,SHIP, bold instructions nag carefully al
35524-1,35524,484,43,1,1.00,1384.48,0.09,0.08,N,O,1997-08-16,1997-08-19,1997-08-19,DELIVER IN PERSON,AIR,ffily! quickly regular
35524-2,35524,149,28,2,1.00,1049.14,0.00,0.00,N,O,1997-08-18,1997-09-26,1997-09-06,COLLECT COD,SHIP,ld instructions. slyly iro
35525-1,35525,425,26,1,41.00,54342.22,0.07,0.00,N,O,1996-02-18,1995-12-25,1996-03-02,DELIVER IN PERSON,REG AIR, final forges. ironic requests eat: 
35525-2,35525,594,85,2,4.00,5978.36,0.04,0.01,N,O,1996-03-02,1996-01-17,1996-03-21,TAKE BACK RETURN,SHIP,"ges. final, bold "
35525-3,35525,1788,15,3,44.00,74350.32,0.01,0.01,N,O,1996-01-11,1996-01-31,1996-02-04,NONE,FOB,ven ideas solve permanentl
35525-4,35525,487,17,4,39.00,54111.72,0.00,0.02,N,O,1996-02-12,1996-01-29,1996-02-28,DELIVER IN PERSON,TRUCK,unts are care
35526-1,35526,1949,50,1,16.00,29615.04,0.10,0.06,N,O,1996-09-30,1996-09-09,1996-10-06,COLLECT COD,FOB,dencies. platelets nag caref
35526-2,35526,234,16,2,29.00,32892.67,0.02,0.02,N,O,1996-10-03,1996-10-01,1996-10-17,COLLECT COD,AIR, sheaves haggle furiously across the 
35527-1,35527,1076,77,1,27.00,26380.89,0.06,0.05,R,F,1993-07-18,1993-06-17,1993-08-06,NONE,AIR,beans across the carefully
35527-2,35527,2000,89,2,2.00,1804.00,0.02,0.03,A,F,1993-08-03,1993-07-10,1993-09-02,NONE,FOB,pinto beans wake
35552-1,35552,1410,50,1,3.00,3934.23,0.03,0.08,N,O,1997-06-23,1997-06-12,1997-07-13,TAKE BACK RETURN,TRUCK, furiously af
35552-2,35552,843,43,2,24.00,41852.16,0.03,0.01,N,O,1997-04-26,1997-05-09,1997-05-11,NONE,TRUCK,nt dinos will have to bo
35552-3,35552,1351,28,3,25.00,31308.75,0.10,0.00,N,O,1997-06-17,1997-05-27,1997-06-21,COLLECT COD,MAIL,regular pinto beans should have to haggle s
35552-4,35552,640,34,4,24.00,36975.36,0.03,0.00,N,O,1997-04-13,1997-06-27,1997-05-04,DELIVER IN PERSON,AIR,"l, even platelets after the fluffily e"
35552-5,35552,1000,1,5,3.00,2703.00,0.00,0.03,N,O,1997-05-23,1997-06-17,1997-06-02,TAKE BACK RETURN,RAIL,"quests about the unusual, daring ac"
35553-1,35553,1363,2,1,10.00,12643.60,0.06,0.08,R,F,1993-06-25,1993-05-04,1993-07-03,DELIVER IN PERSON,RAIL, quickly ironic requests.
35554-1,35554,313,42,1,46.00,55812.26,0.09,0.01,R,F,1992-12-18,1992-11-19,1993-01-16,NONE,TRUCK,y dogged asympto
35554-2,35554,1886,16,2,30.00,53636.40,0.03,0.00,R,F,1992-09-30,1992-11-14,1992-10-14,DELIVER IN PERSON,MAIL, slyly bold depos
35555-1,35555,433,92,1,9.00,12000.87,0.10,0.08,N,O,1995-06-29,1995-04-08,1995-07-21,NONE,RAIL,ides the blithely bold packa
35555-2,35555,922,91,2,17.00,30989.64,0.09,0.05,A,F,1995-04-13,1995-05-22,1995-04-22,NONE,AIR,xes. furiously pending foxes c
35555-3,35555,127,28,3,30.00,30813.60,0.03,0.01,R,F,1995-03-16,1995-05-01,1995-04-13,NONE,AIR,ing accounts. regular fox
35555-4,35555,1938,27,4,38.00,69917.34,0.08,0.05,R,F,1995-03-26,1995-04-10,1995-04-16,TAKE BACK RETURN,RAIL, ideas. slyly regular deposits along the
35556-1,35556,19,70,1,25.00,22975.25,0.00,0.03,N,O,1997-07-24,1997-06-17,1997-08-19,COLLECT COD,REG AIR,inal dependencies. silent p
35556-2,35556,853,87,2,17.00,29815.45,0.04,0.06,N,O,1997-06-01,1997-06-30,1997-06-02,NONE,REG AIR,"ide of the even, ironic accounts. asy"
35556-3,35556,919,22,3,31.00,56417.21,0.04,0.04,N,O,1997-05-18,1997-06-29,1997-06-08,NONE,REG AIR,ns. theodolites 
35556-4,35556,1122,95,4,41.00,41947.92,0.02,0.08,N,O,1997-07-24,1997-06-03,1997-08-23,NONE,MAIL,tions affix fluffily acc
35556-5,35556,1206,44,5,35.00,38752.00,0.10,0.08,N,O,1997-05-06,1997-07-01,1997-05-18,TAKE BACK RETURN,REG AIR, accounts according to the ca
35556-6,35556,143,96,6,33.00,34423.62,0.02,0.00,N,O,1997-07-07,1997-06-02,1997-07-31,TAKE BACK RETURN,TRUCK,instructions wake id
35556-7,35556,1690,32,7,48.00,76401.12,0.07,0.02,N,O,1997-05-04,1997-05-30,1997-05-27,NONE,REG AIR, accounts. even
35557-1,35557,1876,63,1,3.00,5333.61,0.04,0.03,R,F,1994-03-11,1994-04-05,1994-04-08,DELIVER IN PERSON,MAIL,ons wake carefully acro
35557-2,35557,264,46,2,49.00,57048.74,0.07,0.01,R,F,1994-04-08,1994-04-19,1994-05-01,NONE,REG AIR,ully final instructions are
35557-3,35557,1060,96,3,48.00,46130.88,0.07,0.01,A,F,1994-06-10,1994-05-06,1994-06-19,NONE,TRUCK,ully final fox
35557-4,35557,138,17,4,28.00,29067.64,0.05,0.00,R,F,1994-04-25,1994-04-10,1994-05-12,TAKE BACK RETURN,SHIP,lyly pending packages. furiously unusua
35557-5,35557,287,88,5,22.00,26120.16,0.00,0.02,A,F,1994-04-26,1994-04-25,1994-05-04,COLLECT COD,SHIP,y regular packages nag carefully furiousl
35558-1,35558,1181,90,1,49.00,53026.82,0.02,0.04,A,F,1994-12-21,1994-11-28,1994-12-29,DELIVER IN PERSON,FOB,er the fluffily even ideas haggle blithel
35558-2,35558,1211,23,2,28.00,31141.88,0.00,0.01,R,F,1994-12-19,1994-10-21,1995-01-06,NONE,MAIL,y alongside of the blithel
35558-3,35558,671,34,3,28.00,44006.76,0.07,0.02,R,F,1995-01-03,1994-10-28,1995-01-23,COLLECT COD,MAIL,ng the furiously pending a
35559-1,35559,1738,81,1,28.00,45912.44,0.01,0.05,N,O,1998-06-19,1998-05-12,1998-07-07,COLLECT COD,AIR,sits. quickly unusual the
35584-1,35584,116,95,1,1.00,1016.11,0.06,0.08,N,O,1995-07-04,1995-07-19,1995-07-06,COLLECT COD,TRUCK, carefully special packages 
35584-2,35584,1033,4,2,20.00,18680.60,0.10,0.02,N,O,1995-07-23,1995-06-27,1995-07-28,COLLECT COD,FOB,ly bold asymptotes about the r
35584-3,35584,684,47,3,43.00,68141.24,0.00,0.04,R,F,1995-05-16,1995-07-21,1995-05-20,COLLECT COD,MAIL, final requests
35585-1,35585,957,58,1,24.00,44590.80,0.01,0.02,N,O,1997-10-20,1997-09-08,1997-11-11,COLLECT COD,AIR,"yond the regular, silent i"
35585-2,35585,1061,32,2,27.00,25975.62,0.01,0.04,N,O,1997-10-09,1997-08-11,1997-10-20,TAKE BACK RETURN,FOB,e carefully regular requests. ironic theo
35585-3,35585,100,26,3,1.00,1000.10,0.02,0.06,N,O,1997-08-03,1997-09-09,1997-08-05,NONE,FOB,s affix furiously alongside of the ideas. f
35585-4,35585,37,13,4,27.00,25299.81,0.07,0.05,N,O,1997-09-04,1997-08-31,1997-09-28,TAKE BACK RETURN,RAIL,pecial deposits
35585-5,35585,1355,56,5,5.00,6281.75,0.01,0.00,N,O,1997-08-03,1997-08-08,1997-08-08,NONE,RAIL,. regular excuse
35586-1,35586,1419,98,1,7.00,9242.87,0.09,0.08,N,O,1996-11-23,1996-12-28,1996-12-05,NONE,REG AIR, beans snooze ca
35586-2,35586,253,81,2,25.00,28831.25,0.07,0.05,N,O,1996-12-20,1997-01-18,1997-01-15,TAKE BACK RETURN,MAIL, fluffily pending 
35586-3,35586,133,86,3,2.00,2066.26,0.03,0.08,N,O,1996-10-30,1997-01-21,1996-11-24,NONE,REG AIR,s. express excuses promise s
35586-4,35586,1831,75,4,31.00,53717.73,0.00,0.00,N,O,1996-11-22,1996-11-29,1996-12-10,DELIVER IN PERSON,AIR,ccounts haggle alo
35586-5,35586,1821,51,5,36.00,62021.52,0.05,0.02,N,O,1996-11-13,1996-12-31,1996-12-04,DELIVER IN PERSON,REG AIR,fully according to t
35586-6,35586,757,54,6,32.00,53048.00,0.10,0.05,N,O,1997-02-03,1996-12-17,1997-02-25,NONE,TRUCK, special realms thrash
35586-7,35586,389,46,7,50.00,64469.00,0.04,0.02,N,O,1996-12-04,1996-12-02,1996-12-06,DELIVER IN PERSON,MAIL,wake blithely furiously pending fra
35587-1,35587,1777,78,1,45.00,75544.65,0.06,0.07,N,O,1996-02-22,1996-02-01,1996-02-26,NONE,FOB,pending requests cajole quickly b
35587-2,35587,1226,38,2,20.00,22544.40,0.05,0.04,N,O,1995-12-12,1996-01-03,1995-12-20,TAKE BACK RETURN,TRUCK,xcuses above the fluf
35587-3,35587,1528,49,3,46.00,65757.92,0.02,0.07,N,O,1995-11-13,1996-02-06,1995-11-20,TAKE BACK RETURN,RAIL, blithely regular platelets
35587-4,35587,1140,49,4,29.00,30193.06,0.07,0.08,N,O,1996-02-03,1995-12-24,1996-02-10,TAKE BACK RETURN,RAIL,"ges cajole slyly deposits. even, pending"
35587-5,35587,1463,42,5,9.00,12280.14,0.02,0.01,N,O,1996-01-18,1996-01-03,1996-02-10,DELIVER IN PERSON,TRUCK,uriously pend
35588-1,35588,235,17,1,9.00,10217.07,0.07,0.04,A,F,1993-08-01,1993-08-05,1993-08-10,DELIVER IN PERSON,SHIP,s. blithely ironic requests haggle. ir
35588-2,35588,665,28,2,29.00,45404.14,0.05,0.03,R,F,1993-07-20,1993-07-31,1993-07-22,COLLECT COD,FOB,requests play between the en
35588-3,35588,1798,83,3,19.00,32296.01,0.05,0.07,A,F,1993-07-17,1993-09-10,1993-08-14,NONE,FOB,. slyly special theodolites prin
35588-4,35588,1109,10,4,41.00,41414.10,0.08,0.03,A,F,1993-08-15,1993-08-16,1993-08-20,DELIVER IN PERSON,RAIL, quickly according to the furiously si
35589-1,35589,854,54,1,45.00,78968.25,0.00,0.03,A,F,1994-02-03,1994-02-14,1994-02-16,NONE,REG AIR,g pinto beans sleep slyly
35589-2,35589,734,31,2,12.00,19616.76,0.04,0.04,A,F,1994-01-12,1994-03-18,1994-02-08,DELIVER IN PERSON,FOB,al requests cajole. regular
35589-3,35589,225,80,3,29.00,32631.38,0.01,0.02,R,F,1994-01-31,1994-02-20,1994-02-08,DELIVER IN PERSON,FOB,rs. somas affix about the careful
35589-4,35589,574,75,4,27.00,39813.39,0.09,0.06,A,F,1994-04-18,1994-03-07,1994-04-20,DELIVER IN PERSON,FOB,s slyly slow accounts. c
35589-5,35589,325,54,5,13.00,15929.16,0.10,0.06,R,F,1994-03-30,1994-03-03,1994-04-02,DELIVER IN PERSON,TRUCK,aintain along the final requests. reg
35589-6,35589,1672,96,6,20.00,31473.40,0.08,0.02,R,F,1994-04-07,1994-03-24,1994-04-23,TAKE BACK RETURN,REG AIR,e according to the ironic asymptotes. c
35590-1,35590,1502,3,1,28.00,39298.00,0.07,0.05,A,F,1993-01-05,1993-01-04,1993-02-02,TAKE BACK RETURN,REG AIR,requests haggle
35590-2,35590,1002,73,2,19.00,17157.00,0.06,0.01,R,F,1993-02-04,1993-01-31,1993-02-11,COLLECT COD,SHIP,doggedly about the carefully u
35590-3,35590,693,94,3,3.00,4781.07,0.02,0.04,R,F,1992-12-18,1993-02-01,1993-01-17,DELIVER IN PERSON,SHIP,hins across the ironic Tiresias s
35590-4,35590,1865,52,4,44.00,77741.84,0.10,0.07,A,F,1993-02-02,1993-02-06,1993-02-24,DELIVER IN PERSON,SHIP, slyly. final deposits wa
35590-5,35590,1848,49,5,18.00,31497.12,0.02,0.05,R,F,1992-12-31,1993-01-26,1993-01-27,TAKE BACK RETURN,REG AIR,ake furiously bold deposits. p
35590-6,35590,1153,54,6,5.00,5270.75,0.07,0.07,A,F,1993-01-20,1993-01-30,1993-01-27,COLLECT COD,REG AIR,tions haggle above the pending package
35590-7,35590,1488,89,7,45.00,62526.60,0.05,0.00,A,F,1992-12-14,1993-01-19,1992-12-28,DELIVER IN PERSON,FOB,"ial, final depos"
35591-1,35591,456,57,1,8.00,10851.60,0.07,0.01,N,O,1997-02-05,1997-02-23,1997-02-10,NONE,MAIL,osits do hang 
35591-2,35591,365,22,2,44.00,55675.84,0.01,0.07,N,O,1997-01-07,1997-03-18,1997-01-28,TAKE BACK RETURN,MAIL,press ideas cajole alongside of 
35591-3,35591,1650,92,3,21.00,32584.65,0.00,0.01,N,O,1997-01-25,1997-02-25,1997-01-30,COLLECT COD,TRUCK,y pending foxes. silent
35591-4,35591,117,44,4,24.00,24410.64,0.06,0.00,N,O,1997-01-17,1997-03-18,1997-01-18,COLLECT COD,MAIL,uickly ironic depend
35591-5,35591,544,5,5,20.00,28890.80,0.01,0.07,N,O,1997-01-13,1997-02-26,1997-02-02,NONE,AIR,ular instructi
35591-6,35591,960,61,6,2.00,3721.92,0.10,0.08,N,O,1997-03-17,1997-01-31,1997-03-23,COLLECT COD,REG AIR,hely express ideas? car
35591-7,35591,440,28,7,10.00,13404.40,0.00,0.08,N,O,1997-02-16,1997-03-06,1997-03-15,DELIVER IN PERSON,MAIL,rate platelets. furiously regu
35616-1,35616,1064,65,1,21.00,20266.26,0.07,0.00,R,F,1993-02-11,1993-02-09,1993-02-16,DELIVER IN PERSON,FOB,deposits across the brav
35617-1,35617,1298,99,1,9.00,10793.61,0.08,0.01,R,F,1995-04-08,1995-04-04,1995-04-15,TAKE BACK RETURN,FOB, carefully silen
35618-1,35618,1064,35,1,18.00,17371.08,0.00,0.04,N,O,1996-06-05,1996-05-24,1996-07-03,DELIVER IN PERSON,REG AIR,o are slyly. even asymptotes b
35618-2,35618,815,49,2,6.00,10294.86,0.02,0.07,N,O,1996-04-30,1996-04-08,1996-05-28,NONE,SHIP," x-ray slyly. final, even deposits "
35618-3,35618,1741,26,3,35.00,57495.90,0.10,0.03,N,O,1996-05-17,1996-04-26,1996-06-08,DELIVER IN PERSON,REG AIR,cajole. blithely pending asymp
35618-4,35618,1442,60,4,31.00,41646.64,0.04,0.03,N,O,1996-06-12,1996-04-17,1996-07-01,COLLECT COD,SHIP,sly even packages.
35618-5,35618,1621,4,5,30.00,45678.60,0.02,0.07,N,O,1996-04-06,1996-05-11,1996-04-27,COLLECT COD,FOB,rmanently special re
35619-1,35619,1110,83,1,17.00,17188.87,0.06,0.01,N,O,1996-08-03,1996-07-04,1996-08-19,NONE,RAIL,special gro
35619-2,35619,73,99,2,25.00,24326.75,0.00,0.00,N,O,1996-07-04,1996-06-11,1996-07-15,TAKE BACK RETURN,FOB,y regular requests. silent theodolites r
35619-3,35619,903,72,3,22.00,39685.80,0.10,0.02,N,O,1996-08-07,1996-07-12,1996-08-15,TAKE BACK RETURN,MAIL,sits! final courts
35619-4,35619,310,95,4,24.00,29047.44,0.02,0.07,N,O,1996-05-20,1996-08-06,1996-05-27,COLLECT COD,REG AIR,ns. quickly pending instructions after the 
35619-5,35619,800,33,5,22.00,37417.60,0.02,0.02,N,O,1996-08-10,1996-06-29,1996-09-08,NONE,RAIL,"even, ironic foxes. ca"
35619-6,35619,1125,34,6,29.00,29757.48,0.04,0.03,N,O,1996-08-03,1996-07-17,1996-08-13,DELIVER IN PERSON,RAIL,osits wake slyl
35620-1,35620,1288,26,1,27.00,32110.56,0.02,0.01,N,O,1996-08-19,1996-10-17,1996-09-11,DELIVER IN PERSON,MAIL,arthogs. asymptotes are ac
35620-2,35620,1788,89,2,38.00,64211.64,0.08,0.01,N,O,1996-11-28,1996-09-09,1996-12-03,NONE,REG AIR,pinto beans: packages after the furious
35620-3,35620,1152,53,3,25.00,26328.75,0.05,0.03,N,O,1996-10-16,1996-09-16,1996-11-08,COLLECT COD,REG AIR,deas kindle carefully. packages
35620-4,35620,1373,74,4,3.00,3823.11,0.08,0.05,N,O,1996-11-10,1996-09-24,1996-11-14,NONE,RAIL,onic ideas. foxes 
35621-1,35621,1354,55,1,48.00,60256.80,0.03,0.01,R,F,1995-03-13,1995-02-15,1995-03-17,NONE,RAIL,press asymptotes. ca
35621-2,35621,1584,5,2,49.00,72793.42,0.10,0.00,R,F,1995-04-08,1995-01-23,1995-04-18,NONE,REG AIR,ely after the blithely thin foxes. slow p
35622-1,35622,1599,40,1,35.00,52520.65,0.08,0.08,N,O,1998-09-11,1998-08-27,1998-10-07,DELIVER IN PERSON,AIR, alongside of the carefully unusu
35622-2,35622,920,55,2,11.00,20030.12,0.02,0.02,N,O,1998-06-16,1998-07-31,1998-07-10,NONE,RAIL,"posits. regular, bold requests about the u"
35623-1,35623,1090,26,1,42.00,41625.78,0.01,0.03,N,O,1996-03-31,1996-04-01,1996-04-16,NONE,AIR,as sleep blithely final requests. 
35623-2,35623,1186,87,2,28.00,30441.04,0.09,0.07,N,O,1996-04-16,1996-05-27,1996-04-29,COLLECT COD,SHIP,ular asymptot
35623-3,35623,527,28,3,10.00,14275.20,0.02,0.01,N,O,1996-06-13,1996-04-13,1996-07-09,TAKE BACK RETURN,REG AIR,its. packages across the
35623-4,35623,1104,5,4,25.00,25127.50,0.01,0.08,N,O,1996-06-01,1996-04-22,1996-06-23,COLLECT COD,RAIL,e fluffily special requests cajo
35648-1,35648,582,13,1,18.00,26686.44,0.01,0.08,N,O,1998-04-30,1998-02-18,1998-05-02,DELIVER IN PERSON,SHIP,efully waters. slyly un
35648-2,35648,1115,88,2,25.00,25402.75,0.02,0.06,N,O,1998-02-08,1998-03-16,1998-02-26,TAKE BACK RETURN,AIR,"ake. special, regular excuses ca"
35648-3,35648,1450,90,3,30.00,40543.50,0.10,0.02,N,O,1998-04-19,1998-04-13,1998-05-18,COLLECT COD,RAIL, accounts haggle slyly among the ironic
35649-1,35649,350,35,1,35.00,43762.25,0.06,0.08,N,O,1995-11-18,1995-11-27,1995-12-08,COLLECT COD,AIR,usual packages nag across the waters. 
35649-2,35649,361,62,2,6.00,7568.16,0.06,0.07,N,O,1995-12-18,1995-11-20,1995-12-31,COLLECT COD,FOB, quickly ironic platelets are slyl
35649-3,35649,714,79,3,11.00,17761.81,0.05,0.06,N,O,1996-01-27,1995-12-10,1996-02-01,NONE,RAIL,unusual deposits. furiously 
35649-4,35649,1752,95,4,35.00,57881.25,0.00,0.01,N,O,1996-02-02,1995-11-29,1996-03-02,TAKE BACK RETURN,TRUCK, ideas. fluffily final p
35649-5,35649,1029,30,5,3.00,2790.06,0.09,0.07,N,O,1995-11-06,1995-11-27,1995-11-14,TAKE BACK RETURN,MAIL,s. blithely final asymptotes ser
35649-6,35649,1173,10,6,5.00,5370.85,0.01,0.04,N,O,1995-10-20,1995-12-18,1995-11-15,TAKE BACK RETURN,FOB,ly final theodolites sleep fluff
35650-1,35650,497,85,1,31.00,43322.19,0.07,0.04,N,O,1996-11-11,1996-10-28,1996-12-10,COLLECT COD,TRUCK,"ully pending deposits. final, expre"
35650-2,35650,1504,85,2,6.00,8433.00,0.07,0.07,N,O,1996-11-27,1996-10-30,1996-12-06,NONE,RAIL,pecial foxes. slyly ironic
35650-3,35650,107,8,3,22.00,22156.20,0.10,0.08,N,O,1996-12-13,1996-11-08,1996-12-22,COLLECT COD,FOB,"re. special, unusual packag"
35650-4,35650,583,44,4,14.00,20770.12,0.09,0.02,N,O,1996-09-30,1996-10-04,1996-10-01,DELIVER IN PERSON,TRUCK, accounts. blithe accounts was alongside of
35650-5,35650,1747,48,5,2.00,3297.48,0.06,0.03,N,O,1996-11-03,1996-10-08,1996-11-16,DELIVER IN PERSON,FOB,o the carefully even ideas.
35650-6,35650,271,26,6,36.00,42165.72,0.06,0.04,N,O,1996-10-20,1996-11-14,1996-11-06,NONE,RAIL, are ironically carefully silent idea
35650-7,35650,1786,13,7,31.00,52321.18,0.06,0.04,N,O,1996-09-25,1996-10-10,1996-10-21,COLLECT COD,REG AIR,y ironic i
35651-1,35651,381,66,1,49.00,62787.62,0.02,0.02,N,O,1998-09-19,1998-07-14,1998-09-20,NONE,MAIL,rate carefully 
35651-2,35651,1332,9,2,37.00,45633.21,0.08,0.02,N,O,1998-08-22,1998-08-06,1998-09-19,COLLECT COD,REG AIR, about the deposits-- final dolphins ar
35651-3,35651,1158,59,3,26.00,27537.90,0.05,0.00,N,O,1998-10-07,1998-08-23,1998-10-31,TAKE BACK RETURN,MAIL,blithely ir
35651-4,35651,154,33,4,45.00,47436.75,0.00,0.08,N,O,1998-07-07,1998-08-18,1998-08-02,TAKE BACK RETURN,AIR, sheaves. quickly ruth
35651-5,35651,518,9,5,6.00,8511.06,0.05,0.00,N,O,1998-09-02,1998-08-16,1998-09-29,NONE,TRUCK,carefully slyly final d
35651-6,35651,1336,75,6,34.00,42069.22,0.04,0.08,N,O,1998-07-05,1998-07-24,1998-07-07,COLLECT COD,MAIL, haggle. blithely even instructions ha
35651-7,35651,1700,83,7,38.00,60864.60,0.02,0.07,N,O,1998-08-09,1998-09-01,1998-08-15,TAKE BACK RETURN,MAIL,nts. boldly regular accounts are
35652-1,35652,407,8,1,41.00,53603.40,0.07,0.07,A,F,1993-12-26,1993-10-29,1993-12-28,COLLECT COD,REG AIR,es. fluffily special reques
35652-2,35652,1013,84,2,49.00,44786.49,0.00,0.06,R,F,1993-09-29,1993-12-08,1993-10-13,NONE,TRUCK,regular pinto beans. qui
35652-3,35652,1040,76,3,34.00,31995.36,0.00,0.06,A,F,1993-11-10,1993-11-08,1993-11-18,DELIVER IN PERSON,MAIL,beans. ironic courts about the b
35652-4,35652,1954,99,4,20.00,37119.00,0.05,0.04,R,F,1993-11-29,1993-12-21,1993-12-01,DELIVER IN PERSON,FOB,y ironic braids
35652-5,35652,1060,61,5,26.00,24987.56,0.07,0.02,A,F,1993-10-30,1993-12-05,1993-11-03,TAKE BACK RETURN,REG AIR,ix. blithely final fox
35652-6,35652,889,90,6,16.00,28638.08,0.10,0.06,R,F,1994-01-18,1993-11-15,1994-02-03,TAKE BACK RETURN,RAIL,s. fluffily final forges across
35652-7,35652,1182,55,7,44.00,47659.92,0.09,0.07,A,F,1993-10-24,1993-10-26,1993-11-20,TAKE BACK RETURN,REG AIR,s are slyly. even pinto be
35653-1,35653,10,11,1,20.00,18200.20,0.07,0.01,N,O,1996-10-01,1996-08-18,1996-10-06,COLLECT COD,AIR,e furiously furiously r
35653-2,35653,235,17,2,17.00,19298.91,0.02,0.06,N,O,1996-06-20,1996-08-18,1996-07-01,DELIVER IN PERSON,RAIL,wake. furiousl
35654-1,35654,701,66,1,22.00,35237.40,0.01,0.03,N,O,1995-12-08,1995-10-18,1995-12-09,COLLECT COD,MAIL,ing patterns along
35654-2,35654,1050,56,2,2.00,1902.10,0.04,0.05,N,O,1995-12-17,1995-10-13,1995-12-26,TAKE BACK RETURN,SHIP,haggle quickly ab
35654-3,35654,1315,92,3,29.00,35272.99,0.07,0.08,N,O,1995-10-12,1995-11-22,1995-10-25,COLLECT COD,TRUCK,ove the finally regular packages: fluffil
35655-1,35655,536,27,1,9.00,12928.77,0.05,0.08,N,O,1998-11-03,1998-08-31,1998-11-18,NONE,FOB, quickly special 
35680-1,35680,751,84,1,29.00,47900.75,0.10,0.05,N,O,1996-05-25,1996-04-16,1996-06-09,DELIVER IN PERSON,AIR, nag blithely. quickl
35680-2,35680,867,34,2,8.00,14142.88,0.04,0.05,N,O,1996-03-23,1996-05-01,1996-04-08,DELIVER IN PERSON,AIR,ts are furiously slyly special reque
35681-1,35681,1504,45,1,30.00,42165.00,0.07,0.03,N,O,1997-10-15,1997-10-26,1997-10-26,NONE,RAIL,omise furiously? even 
35681-2,35681,209,37,2,33.00,36603.60,0.05,0.07,N,O,1997-12-16,1997-10-28,1998-01-15,TAKE BACK RETURN,RAIL,eposits. doggedly final requests 
35682-1,35682,1376,77,1,43.00,54926.91,0.00,0.03,A,F,1994-07-27,1994-10-01,1994-08-12,NONE,SHIP,onic ideas wake. regular account
35682-2,35682,481,69,2,9.00,12433.32,0.07,0.04,A,F,1994-08-09,1994-08-29,1994-09-08,DELIVER IN PERSON,RAIL,. theodolites wake against the iro
35682-3,35682,1391,68,3,12.00,15508.68,0.09,0.05,R,F,1994-10-09,1994-09-02,1994-10-21,TAKE BACK RETURN,MAIL,ully regular requests impress furiously. pe
35682-4,35682,777,78,4,21.00,35233.17,0.01,0.07,R,F,1994-07-27,1994-09-10,1994-07-28,NONE,MAIL,dolites are fluffily deposits.
35682-5,35682,246,28,5,12.00,13754.88,0.10,0.03,R,F,1994-09-01,1994-08-29,1994-09-02,NONE,TRUCK,. courts nag quickl
35682-6,35682,1229,30,6,44.00,49729.68,0.04,0.07,R,F,1994-09-12,1994-08-27,1994-10-09,TAKE BACK RETURN,SHIP,oxes against the accounts use along
35682-7,35682,574,5,7,41.00,60457.37,0.10,0.01,R,F,1994-11-03,1994-09-17,1994-11-26,TAKE BACK RETURN,FOB," accounts. final, special theod"
35683-1,35683,40,16,1,45.00,42301.80,0.00,0.05,N,O,1997-11-23,1997-11-07,1997-12-22,DELIVER IN PERSON,MAIL,side of the quickly bold deposits.
35683-2,35683,131,84,2,7.00,7217.91,0.04,0.06,N,O,1997-12-21,1997-12-05,1998-01-09,COLLECT COD,FOB, requests wake slyly quickly re
35683-3,35683,812,12,3,32.00,54809.92,0.02,0.07,N,O,1997-10-18,1997-10-29,1997-11-02,DELIVER IN PERSON,TRUCK,he carefully final pinto bea
35683-4,35683,723,24,4,8.00,12989.76,0.08,0.05,N,O,1998-01-14,1997-11-28,1998-01-27,TAKE BACK RETURN,FOB,cial dependencies kindle after th
35684-1,35684,229,11,1,22.00,24842.84,0.07,0.00,N,O,1995-10-18,1995-10-27,1995-11-12,TAKE BACK RETURN,REG AIR,ages grow carefully. car
35684-2,35684,87,38,2,40.00,39483.20,0.02,0.00,N,O,1995-11-03,1995-10-12,1995-11-18,DELIVER IN PERSON,SHIP,cross the carefully bo
35684-3,35684,1403,43,3,27.00,35218.80,0.00,0.08,N,O,1995-10-29,1995-10-02,1995-11-17,DELIVER IN PERSON,MAIL,requests are fluf
35684-4,35684,149,76,4,35.00,36719.90,0.02,0.00,N,O,1995-09-03,1995-10-11,1995-09-25,TAKE BACK RETURN,RAIL,s. asymptotes detect fluf
35685-1,35685,139,18,1,41.00,42604.33,0.01,0.05,R,F,1994-11-30,1995-01-01,1994-12-14,DELIVER IN PERSON,TRUCK,thely ironic accounts: blithel
35686-1,35686,1548,69,1,1.00,1449.54,0.08,0.01,A,F,1994-01-24,1993-12-08,1994-02-20,DELIVER IN PERSON,FOB,gular pinto beans. fu
35686-2,35686,262,90,2,36.00,41841.36,0.01,0.07,R,F,1994-01-29,1993-11-13,1994-02-06,COLLECT COD,SHIP,lar excuses serve fluffil
35686-3,35686,796,97,3,47.00,79749.13,0.01,0.01,R,F,1994-01-23,1993-11-21,1994-02-19,TAKE BACK RETURN,AIR,y special packages i
35687-1,35687,1409,10,1,16.00,20966.40,0.04,0.01,N,O,1996-01-29,1995-12-29,1996-02-06,DELIVER IN PERSON,RAIL,. ironic pinto beans ca
35687-2,35687,1837,24,2,46.00,79986.18,0.07,0.05,N,O,1995-11-22,1996-01-24,1995-12-09,DELIVER IN PERSON,RAIL,g the ironic noto
35687-3,35687,1718,3,3,11.00,17816.81,0.08,0.08,N,O,1995-12-18,1996-01-09,1996-01-02,DELIVER IN PERSON,FOB,ly even accounts. fu
35687-4,35687,1776,77,4,39.00,65433.03,0.10,0.08,N,O,1996-02-23,1996-01-14,1996-03-07,NONE,RAIL, ironic theodolites! 
35712-1,35712,107,60,1,43.00,43305.30,0.10,0.06,R,F,1993-01-10,1992-12-12,1993-02-07,NONE,RAIL,es. carefully expr
35712-2,35712,1757,100,2,6.00,9952.50,0.04,0.04,A,F,1993-01-21,1993-01-17,1993-01-22,TAKE BACK RETURN,SHIP,l pinto beans
35712-3,35712,1889,90,3,35.00,62680.80,0.07,0.08,A,F,1992-11-18,1992-12-25,1992-12-01,COLLECT COD,TRUCK,ly ironic excuses are? unusua
35712-4,35712,47,23,4,39.00,36934.56,0.02,0.05,A,F,1992-12-07,1993-01-09,1993-01-04,DELIVER IN PERSON,REG AIR,gular theodolites eat careful
35712-5,35712,1471,72,5,46.00,63133.62,0.10,0.04,R,F,1992-12-05,1992-12-21,1992-12-13,COLLECT COD,FOB,ecial accounts are careful
35713-1,35713,1662,45,1,9.00,14072.94,0.06,0.02,R,F,1992-12-15,1993-01-05,1993-01-12,DELIVER IN PERSON,MAIL,y special requests ca
35714-1,35714,718,19,1,8.00,12949.68,0.06,0.07,N,O,1997-05-18,1997-06-09,1997-05-22,TAKE BACK RETURN,TRUCK,uctions unwind along the
35714-2,35714,985,20,2,47.00,88641.06,0.00,0.08,N,O,1997-07-23,1997-05-27,1997-08-14,COLLECT COD,REG AIR,accounts cajole blithely. regular 
35714-3,35714,1970,15,3,6.00,11231.82,0.07,0.02,N,O,1997-05-15,1997-05-26,1997-06-01,DELIVER IN PERSON,SHIP, the blithely special theodolites
35714-4,35714,612,75,4,5.00,7563.05,0.08,0.02,N,O,1997-07-19,1997-05-07,1997-08-18,COLLECT COD,RAIL,ruthless account
35714-5,35714,1880,81,5,7.00,12473.16,0.10,0.06,N,O,1997-07-09,1997-05-05,1997-07-31,NONE,RAIL,uffily. quickly express deposits a
35714-6,35714,824,91,6,22.00,37946.04,0.06,0.05,N,O,1997-06-29,1997-05-29,1997-07-01,DELIVER IN PERSON,TRUCK, requests. 
35714-7,35714,303,4,7,5.00,6016.50,0.08,0.00,N,O,1997-05-11,1997-06-08,1997-05-20,COLLECT COD,TRUCK,nd the furiously regular 
35715-1,35715,598,29,1,27.00,40461.93,0.10,0.00,A,F,1993-04-11,1993-03-27,1993-04-20,DELIVER IN PERSON,REG AIR,e furiously ironic asymptotes are
35715-2,35715,1267,5,2,6.00,7009.56,0.09,0.05,A,F,1993-04-22,1993-04-12,1993-05-20,TAKE BACK RETURN,FOB,ar packages. slyly quiet requests
35715-3,35715,926,61,3,2.00,3653.84,0.10,0.05,R,F,1993-03-15,1993-05-08,1993-03-19,NONE,REG AIR,requests. fl
35715-4,35715,883,17,4,46.00,82058.48,0.10,0.06,A,F,1993-05-22,1993-03-22,1993-06-01,DELIVER IN PERSON,REG AIR,ticingly. sauternes was
35715-5,35715,1277,89,5,32.00,37704.64,0.00,0.02,R,F,1993-03-31,1993-05-05,1993-04-16,TAKE BACK RETURN,TRUCK,d accounts lose above the
35716-1,35716,543,4,1,27.00,38975.58,0.00,0.07,N,O,1996-04-30,1996-04-27,1996-05-26,NONE,TRUCK,"lar, final foxes"
35717-1,35717,771,36,1,27.00,45137.79,0.03,0.07,N,O,1998-07-18,1998-07-05,1998-08-03,COLLECT COD,RAIL,ic package
35718-1,35718,1460,78,1,43.00,58542.78,0.09,0.05,N,O,1998-01-28,1997-12-20,1998-02-16,COLLECT COD,AIR,r dependencies haggle after the furi
35718-2,35718,806,40,2,26.00,44376.80,0.10,0.04,N,O,1998-02-05,1998-01-29,1998-02-20,COLLECT COD,TRUCK,p across the furiously unusual req
35718-3,35718,1582,3,3,11.00,16319.38,0.08,0.03,N,O,1998-03-17,1998-02-16,1998-04-03,NONE,MAIL,nd the blithely re
35718-4,35718,1517,18,4,1.00,1418.51,0.06,0.07,N,O,1997-12-22,1998-01-26,1998-01-11,NONE,REG AIR,nts. pending pa
35718-5,35718,889,56,5,48.00,85914.24,0.06,0.08,N,O,1997-11-19,1998-02-15,1997-12-13,DELIVER IN PERSON,FOB,ironic requests haggle quickly furiously u
35718-6,35718,185,64,6,32.00,34725.76,0.07,0.06,N,O,1998-01-25,1997-12-20,1998-02-17,NONE,RAIL,final foxes wake ruthlessly
35718-7,35718,739,36,7,49.00,80346.77,0.10,0.08,N,O,1997-12-12,1998-02-03,1998-01-06,TAKE BACK RETURN,REG AIR,ole quickly against the 
35719-1,35719,1461,62,1,34.00,46323.64,0.07,0.03,N,O,1997-04-11,1997-05-02,1997-05-03,NONE,AIR,ructions wake furiously? quickly bold cou
35719-2,35719,808,75,2,6.00,10252.80,0.00,0.03,N,O,1997-02-25,1997-04-25,1997-03-21,TAKE BACK RETURN,AIR,ts. enticing deposit
35719-3,35719,486,45,3,13.00,18024.24,0.01,0.01,N,O,1997-02-15,1997-05-01,1997-02-27,NONE,SHIP,"r, even pinto"
35744-1,35744,805,6,1,7.00,11940.60,0.05,0.07,R,F,1994-04-08,1994-06-09,1994-04-17,DELIVER IN PERSON,SHIP,hely above the blithe
35744-2,35744,438,26,2,20.00,26768.60,0.08,0.01,A,F,1994-05-08,1994-05-14,1994-05-17,COLLECT COD,FOB,ions; express excuses cajole blithely fina
35744-3,35744,1099,5,3,43.00,43003.87,0.02,0.07,A,F,1994-07-15,1994-04-28,1994-08-10,NONE,AIR,lithely. slyly special p
35744-4,35744,807,74,4,25.00,42695.00,0.00,0.04,A,F,1994-04-25,1994-05-06,1994-05-22,DELIVER IN PERSON,TRUCK,y regular ideas. furiously ironic 
35745-1,35745,542,43,1,46.00,66356.84,0.09,0.08,N,O,1996-01-20,1995-12-26,1996-02-17,TAKE BACK RETURN,RAIL,ideas snooze above the fluffily even acco
35745-2,35745,388,73,2,5.00,6441.90,0.00,0.08,N,O,1995-11-09,1995-11-22,1995-11-24,TAKE BACK RETURN,MAIL,latelets cajole express asy
35745-3,35745,315,72,3,20.00,24306.20,0.02,0.08,N,O,1995-11-11,1995-12-10,1995-12-09,DELIVER IN PERSON,FOB,"sly: regular, unusual excuses grow."
35745-4,35745,1412,13,4,22.00,28895.02,0.02,0.07,N,O,1996-01-21,1995-11-18,1996-01-23,COLLECT COD,FOB,. slyly ironic courts detec
35745-5,35745,564,25,5,9.00,13181.04,0.04,0.03,N,O,1995-10-26,1995-12-23,1995-11-22,DELIVER IN PERSON,TRUCK,kly regular deposi
35746-1,35746,1470,71,1,50.00,68573.50,0.01,0.04,A,F,1994-04-26,1994-04-28,1994-05-21,DELIVER IN PERSON,SHIP,hely pending foxes. regular
35746-2,35746,211,66,2,33.00,36669.93,0.07,0.07,A,F,1994-06-08,1994-03-11,1994-06-26,NONE,RAIL,carefully express package
35747-1,35747,176,55,1,49.00,52732.33,0.02,0.05,N,O,1997-12-05,1997-10-25,1998-01-04,NONE,SHIP,ronic theodolite
35747-2,35747,1579,60,2,13.00,19247.41,0.08,0.00,N,O,1997-09-11,1997-10-10,1997-09-30,COLLECT COD,TRUCK,ests. slyly even packag
35747-3,35747,1119,20,3,16.00,16321.76,0.10,0.06,N,O,1997-11-28,1997-10-28,1997-11-29,TAKE BACK RETURN,REG AIR,ounts cajole fluffily express t
35748-1,35748,338,67,1,23.00,28481.59,0.08,0.01,N,O,1996-11-26,1997-01-02,1996-12-04,TAKE BACK RETURN,AIR,equests. blithely silent pains sleep; even 
35748-2,35748,1137,38,2,22.00,22838.86,0.03,0.05,N,O,1996-12-24,1996-11-10,1996-12-28,COLLECT COD,TRUCK,g to the even theodolites. pending 
35748-3,35748,67,43,3,35.00,33847.10,0.05,0.02,N,O,1996-11-18,1996-11-21,1996-11-30,COLLECT COD,REG AIR,y ironic in
35748-4,35748,1532,73,4,48.00,68809.44,0.05,0.00,N,O,1997-01-12,1996-12-16,1997-01-15,DELIVER IN PERSON,TRUCK,l deposits nag
35748-5,35748,554,55,5,22.00,32000.10,0.02,0.08,N,O,1997-01-04,1996-12-09,1997-01-18,DELIVER IN PERSON,RAIL,key players use across the furiously
35749-1,35749,17,68,1,45.00,41265.45,0.10,0.02,N,O,1996-04-06,1996-05-17,1996-04-28,COLLECT COD,MAIL,tructions i
35750-1,35750,1119,20,1,44.00,44884.84,0.02,0.05,R,F,1993-12-03,1993-12-01,1993-12-26,DELIVER IN PERSON,RAIL,ully around the blith
35750-2,35750,560,91,2,14.00,20447.84,0.02,0.05,A,F,1993-11-23,1993-11-14,1993-11-29,TAKE BACK RETURN,AIR,ccounts. fluffily final deposits use sl
35750-3,35750,1002,73,3,2.00,1806.00,0.05,0.00,R,F,1993-12-08,1993-11-06,1993-12-20,COLLECT COD,AIR,"ly idle theodolites nag slyly even, ironic "
35750-4,35750,783,84,4,10.00,16837.80,0.09,0.00,R,F,1994-01-06,1993-12-09,1994-02-05,TAKE BACK RETURN,SHIP,nticingly final accounts. fluffily pending 
35750-5,35750,68,69,5,1.00,968.06,0.02,0.07,A,F,1993-12-16,1993-11-06,1993-12-27,DELIVER IN PERSON,TRUCK,g the carefully regula
35751-1,35751,1643,44,1,22.00,33982.08,0.06,0.05,N,O,1997-06-12,1997-04-26,1997-07-11,TAKE BACK RETURN,RAIL,haggle ruthlessly: bli
35751-2,35751,1467,85,2,43.00,58843.78,0.05,0.08,N,O,1997-06-13,1997-05-01,1997-06-19,COLLECT COD,TRUCK,"nts wake quickly. special, regular"
35751-3,35751,1127,64,3,29.00,29815.48,0.02,0.01,N,O,1997-07-03,1997-05-25,1997-07-11,COLLECT COD,RAIL, the carefully ironic court
35751-4,35751,716,13,4,50.00,80835.50,0.04,0.02,N,O,1997-05-08,1997-04-27,1997-05-19,DELIVER IN PERSON,FOB,y quickly sly ideas. instructions haggle c
35751-5,35751,1830,74,5,19.00,32904.77,0.03,0.04,N,O,1997-04-21,1997-05-30,1997-04-29,NONE,AIR,out the asymptotes. unusual a
35751-6,35751,742,43,6,22.00,36140.28,0.05,0.01,N,O,1997-07-12,1997-05-08,1997-07-28,DELIVER IN PERSON,AIR,. deposits use fluffily along the furio
35776-1,35776,874,75,1,7.00,12424.09,0.10,0.02,R,F,1994-04-08,1994-04-08,1994-04-26,COLLECT COD,AIR,"ost quickly regular, final depo"
35776-2,35776,1971,60,2,11.00,20602.67,0.02,0.08,R,F,1994-02-07,1994-03-07,1994-02-25,DELIVER IN PERSON,AIR,symptotes hinder platelet
35776-3,35776,939,42,3,45.00,82796.85,0.04,0.04,A,F,1994-04-12,1994-03-08,1994-04-16,DELIVER IN PERSON,AIR,out the entici
35776-4,35776,1718,19,4,35.00,56689.85,0.03,0.07,A,F,1994-04-29,1994-03-17,1994-05-21,TAKE BACK RETURN,FOB,arefully ex
35776-5,35776,877,11,5,26.00,46224.62,0.09,0.04,A,F,1994-05-15,1994-03-09,1994-06-12,COLLECT COD,MAIL,fluffily unusual instr
35776-6,35776,1088,59,6,38.00,37585.04,0.09,0.06,R,F,1994-04-02,1994-04-28,1994-04-20,DELIVER IN PERSON,FOB,os engage alongside of the c
35777-1,35777,562,23,1,29.00,42414.24,0.03,0.01,R,F,1993-11-26,1993-10-23,1993-12-24,NONE,TRUCK,yly regular deposits nag carefully accor
35777-2,35777,450,38,2,5.00,6752.25,0.00,0.04,A,F,1993-10-22,1993-10-19,1993-10-25,NONE,AIR,egular asymptotes sleep sometimes at the
35777-3,35777,1464,82,3,47.00,64176.62,0.05,0.00,A,F,1993-09-27,1993-10-14,1993-10-07,TAKE BACK RETURN,AIR,ke blithely above the special pack
35777-4,35777,1034,40,4,32.00,29920.96,0.09,0.00,A,F,1993-10-25,1993-12-01,1993-11-22,NONE,RAIL,osits. fluffily regular hockey pla
35778-1,35778,999,100,1,5.00,9499.95,0.01,0.06,N,O,1995-11-18,1995-12-08,1995-11-29,COLLECT COD,SHIP,iously-- unusual p
35778-2,35778,1032,68,2,43.00,40120.29,0.00,0.01,N,O,1996-01-09,1995-12-11,1996-01-21,DELIVER IN PERSON,REG AIR,s cajole carefully pending ide
35778-3,35778,1892,93,3,27.00,48435.03,0.02,0.03,N,O,1995-09-27,1995-12-05,1995-10-10,NONE,FOB,r instructions 
35779-1,35779,1160,33,1,33.00,35018.28,0.09,0.00,R,F,1993-08-22,1993-08-25,1993-09-03,DELIVER IN PERSON,RAIL, quickly express pack
35780-1,35780,549,80,1,14.00,20293.56,0.02,0.06,R,F,1995-04-18,1995-03-24,1995-04-28,NONE,RAIL,rmanent theodolites boost fluffily carefu
35780-2,35780,1448,49,2,16.00,21591.04,0.05,0.01,R,F,1995-02-08,1995-03-07,1995-02-28,COLLECT COD,REG AIR,. slyly even ideas integrate regul
35780-3,35780,391,92,3,22.00,28410.58,0.00,0.04,R,F,1995-02-07,1995-03-09,1995-02-25,NONE,AIR,sts cajole. ironic
35780-4,35780,1881,68,4,3.00,5348.64,0.03,0.06,R,F,1995-03-05,1995-02-22,1995-03-27,DELIVER IN PERSON,REG AIR,gular requests. slyly fin
35781-1,35781,884,85,1,27.00,48191.76,0.02,0.07,A,F,1993-06-11,1993-06-23,1993-07-04,COLLECT COD,SHIP,riously final deposits. furio
35781-2,35781,579,10,2,24.00,35509.68,0.09,0.04,R,F,1993-09-12,1993-07-10,1993-10-01,NONE,RAIL,nts lose alongside of
35781-3,35781,717,82,3,47.00,76032.37,0.09,0.02,R,F,1993-05-18,1993-06-30,1993-06-03,NONE,FOB,"t, unusual accounts n"
35781-4,35781,1531,32,4,21.00,30083.13,0.07,0.03,A,F,1993-08-13,1993-08-10,1993-09-06,COLLECT COD,REG AIR,s boost even accounts.
35781-5,35781,1514,15,5,38.00,53789.38,0.06,0.02,A,F,1993-07-22,1993-08-05,1993-08-15,DELIVER IN PERSON,RAIL,"nts. unusual, final instr"
35781-6,35781,1232,33,6,38.00,43062.74,0.03,0.05,A,F,1993-08-21,1993-07-16,1993-09-17,COLLECT COD,RAIL,olites should haggle. regular accounts amo
35782-1,35782,1879,23,1,39.00,69453.93,0.04,0.00,N,O,1995-11-27,1995-10-22,1995-12-02,TAKE BACK RETURN,AIR,es above the deposits solve a
35782-2,35782,981,84,2,38.00,71515.24,0.02,0.02,N,O,1995-09-06,1995-10-07,1995-09-08,DELIVER IN PERSON,REG AIR,s among the deposits use silently fi
35782-3,35782,837,37,3,24.00,41707.92,0.10,0.06,N,O,1995-08-17,1995-10-28,1995-09-16,NONE,FOB,s. carefully speci
35783-1,35783,1587,8,1,29.00,43168.82,0.10,0.00,N,O,1997-08-29,1997-08-10,1997-08-30,DELIVER IN PERSON,RAIL,are slyly slyl
35783-2,35783,277,32,2,16.00,18836.32,0.09,0.06,N,O,1997-07-06,1997-08-24,1997-07-31,TAKE BACK RETURN,RAIL,lphins sle
35783-3,35783,133,60,3,4.00,4132.52,0.10,0.08,N,O,1997-10-04,1997-08-06,1997-10-11,NONE,REG AIR,ideas poach slyly about the pending the
35783-4,35783,538,39,4,29.00,41717.37,0.05,0.04,N,O,1997-09-28,1997-09-15,1997-10-28,NONE,REG AIR, according to the fluffily qui
35783-5,35783,1097,3,5,19.00,18963.71,0.09,0.04,N,O,1997-10-02,1997-09-11,1997-10-24,NONE,SHIP,kages cajole furiously. carefully unusual p
35808-1,35808,1467,46,1,11.00,15053.06,0.05,0.01,N,O,1997-11-07,1997-12-20,1997-11-12,NONE,FOB,l accounts
35808-2,35808,717,50,2,47.00,76032.37,0.08,0.05,N,O,1998-01-15,1998-01-01,1998-01-28,COLLECT COD,AIR,bove the sheaves. blit
35808-3,35808,653,16,3,31.00,48163.15,0.03,0.00,N,O,1998-01-17,1997-12-30,1998-01-31,NONE,REG AIR,lites. quickly ironic accounts h
35808-4,35808,1884,85,4,28.00,50004.64,0.10,0.00,N,O,1998-01-10,1997-12-18,1998-01-15,COLLECT COD,FOB,platelets are quickly bold packages. sly
35809-1,35809,369,98,1,30.00,38080.80,0.09,0.08,A,F,1993-10-29,1993-10-04,1993-11-10,DELIVER IN PERSON,TRUCK,ges integrate blithely blithel
35810-1,35810,1283,95,1,19.00,22501.32,0.01,0.03,N,O,1997-02-28,1997-04-19,1997-03-17,TAKE BACK RETURN,SHIP, regular excuses. accounts be
35810-2,35810,1985,74,2,6.00,11321.88,0.01,0.06,N,O,1997-03-30,1997-02-26,1997-04-01,COLLECT COD,FOB,sts. fluffily even pinto be
35810-3,35810,1988,21,3,17.00,32129.66,0.06,0.00,N,O,1997-03-29,1997-04-08,1997-04-06,COLLECT COD,SHIP,le express courts. 
35810-4,35810,395,52,4,5.00,6476.95,0.04,0.01,N,O,1997-02-03,1997-03-06,1997-03-03,NONE,TRUCK,ccounts are furiously quic
35810-5,35810,512,13,5,40.00,56500.40,0.09,0.00,N,O,1997-03-27,1997-02-27,1997-04-24,NONE,RAIL, special platelets-- fluffily bold dolphi
35811-1,35811,91,67,1,23.00,22795.07,0.07,0.04,A,F,1992-01-16,1992-03-14,1992-02-13,TAKE BACK RETURN,REG AIR,ructions. fin
35811-2,35811,333,18,2,20.00,24666.60,0.02,0.01,R,F,1992-02-24,1992-04-01,1992-02-25,TAKE BACK RETURN,RAIL,quickly close instructions. carefully re
35811-3,35811,122,23,3,34.00,34752.08,0.08,0.08,R,F,1992-03-24,1992-02-08,1992-04-02,COLLECT COD,RAIL,ests should have to detect enti
35811-4,35811,1315,30,4,45.00,54733.95,0.06,0.01,A,F,1992-01-11,1992-02-20,1992-02-06,COLLECT COD,TRUCK,"quests. slyly ironic foxes are. unusual, i"
35811-5,35811,883,17,5,1.00,1783.88,0.03,0.00,R,F,1992-03-23,1992-03-26,1992-03-25,DELIVER IN PERSON,MAIL,ctions against the express requests nag u
35811-6,35811,71,47,6,50.00,48553.50,0.03,0.08,R,F,1992-04-02,1992-03-21,1992-04-17,DELIVER IN PERSON,REG AIR,lithely pending pinto beans. instruction
35812-1,35812,1900,1,1,34.00,61264.60,0.10,0.07,A,F,1993-03-23,1993-03-15,1993-03-26,NONE,TRUCK,ly special account
35812-2,35812,95,21,2,27.00,26867.43,0.06,0.02,R,F,1993-05-10,1993-03-10,1993-05-22,DELIVER IN PERSON,FOB,ke carefully. even requests are fluff
35812-3,35812,342,71,3,18.00,22362.12,0.08,0.01,R,F,1993-04-28,1993-04-18,1993-04-30,TAKE BACK RETURN,REG AIR,blithely sly
35812-4,35812,160,39,4,7.00,7421.12,0.05,0.03,A,F,1993-02-24,1993-04-15,1993-03-01,COLLECT COD,REG AIR,e furiously. sometimes pen
35812-5,35812,898,65,5,31.00,55765.59,0.05,0.02,A,F,1993-04-02,1993-04-01,1993-04-22,COLLECT COD,REG AIR,counts boost along the final packages. sl
35812-6,35812,25,26,6,6.00,5550.12,0.04,0.03,R,F,1993-01-27,1993-02-25,1993-02-04,TAKE BACK RETURN,AIR,onic deposits wake c
35812-7,35812,1655,97,7,25.00,38916.25,0.09,0.06,A,F,1993-03-30,1993-03-21,1993-04-17,NONE,FOB,eposits integrate blithely bold mult
35813-1,35813,1003,74,1,23.00,20792.00,0.04,0.00,R,F,1994-07-05,1994-07-04,1994-07-13,COLLECT COD,TRUCK,ns haggle carefully ironic pin
35813-2,35813,1134,43,2,26.00,26913.38,0.04,0.02,A,F,1994-07-10,1994-07-21,1994-07-21,TAKE BACK RETURN,FOB,yly bold as
35813-3,35813,875,76,3,6.00,10655.22,0.06,0.07,R,F,1994-08-06,1994-06-01,1994-09-02,NONE,SHIP,ing to the always final instructio
35813-4,35813,1015,21,4,26.00,23816.26,0.02,0.02,R,F,1994-07-08,1994-06-11,1994-08-07,COLLECT COD,MAIL,rouches engage fur
35813-5,35813,989,24,5,35.00,66149.30,0.07,0.01,A,F,1994-05-26,1994-07-03,1994-06-02,NONE,RAIL,l accounts. quickly unusual excuse
35813-6,35813,17,68,6,37.00,33929.37,0.01,0.01,A,F,1994-05-31,1994-07-07,1994-06-28,NONE,TRUCK,efully dependencies. regular deposi
35813-7,35813,647,10,7,15.00,23214.60,0.02,0.04,R,F,1994-08-12,1994-07-09,1994-09-10,TAKE BACK RETURN,AIR,lyly special theodolites. quickly
35814-1,35814,1555,96,1,4.00,5826.20,0.09,0.02,A,F,1992-05-23,1992-05-19,1992-06-15,TAKE BACK RETURN,RAIL,sts. pending packages haggl
35814-2,35814,907,10,2,34.00,61468.60,0.04,0.03,R,F,1992-06-04,1992-05-03,1992-06-05,NONE,MAIL,slyly even accounts. i
35814-3,35814,229,84,3,14.00,15809.08,0.10,0.01,R,F,1992-04-01,1992-05-26,1992-04-29,TAKE BACK RETURN,MAIL,ently express depos
35814-4,35814,1126,63,4,23.00,23623.76,0.06,0.04,A,F,1992-04-16,1992-05-10,1992-05-12,COLLECT COD,TRUCK, accounts sleep slyly pend
35814-5,35814,376,77,5,50.00,63818.50,0.05,0.07,A,F,1992-06-12,1992-06-16,1992-07-05,COLLECT COD,AIR,ove the fu
35814-6,35814,646,47,6,49.00,75785.36,0.07,0.05,R,F,1992-06-05,1992-06-23,1992-06-07,COLLECT COD,AIR,slyly regular requests. even
35815-1,35815,310,95,1,23.00,27837.13,0.09,0.08,A,F,1993-02-04,1993-01-06,1993-03-04,DELIVER IN PERSON,FOB,l instructions. carefully final ac
35815-2,35815,529,60,2,10.00,14295.20,0.03,0.06,R,F,1993-01-25,1993-01-25,1993-02-01,TAKE BACK RETURN,SHIP,es wake furiously. car
35815-3,35815,1762,63,3,46.00,76532.96,0.02,0.02,A,F,1993-01-26,1992-12-11,1993-02-17,DELIVER IN PERSON,REG AIR,ep furiously. even packages are slyly 
35840-1,35840,712,13,1,7.00,11288.97,0.08,0.02,R,F,1993-08-19,1993-07-22,1993-09-05,DELIVER IN PERSON,AIR,usly silent platelets affix blith
35840-2,35840,1592,73,2,50.00,74679.50,0.05,0.04,A,F,1993-08-21,1993-08-13,1993-09-05,TAKE BACK RETURN,SHIP,uriously final instructio
35840-3,35840,1395,96,3,12.00,15556.68,0.00,0.01,R,F,1993-06-07,1993-07-06,1993-06-10,TAKE BACK RETURN,MAIL,t carefully blithely ironic asymptotes. 
35841-1,35841,226,54,1,50.00,56311.00,0.08,0.02,N,O,1995-07-19,1995-07-16,1995-08-15,COLLECT COD,RAIL,posits are blithely ac
35841-2,35841,582,43,2,43.00,63750.94,0.02,0.04,N,O,1995-08-14,1995-06-10,1995-08-23,COLLECT COD,MAIL,ructions? fluffily regular packages wake 
35841-3,35841,938,7,3,32.00,58845.76,0.00,0.01,N,O,1995-09-01,1995-07-15,1995-09-21,TAKE BACK RETURN,SHIP,luffily carefully regul
35841-4,35841,1514,35,4,27.00,38218.77,0.00,0.03,N,O,1995-08-24,1995-08-04,1995-09-20,NONE,MAIL,uffily pending de
35841-5,35841,765,66,5,11.00,18323.36,0.03,0.08,N,O,1995-09-01,1995-08-02,1995-09-27,TAKE BACK RETURN,SHIP,blithely pending frays. quickly spe
35842-1,35842,121,48,1,23.00,23485.76,0.08,0.03,R,F,1992-06-06,1992-08-10,1992-06-20,NONE,REG AIR,ggle. slyly special accoun
35842-2,35842,480,10,2,44.00,60741.12,0.09,0.04,R,F,1992-08-08,1992-07-21,1992-08-28,COLLECT COD,MAIL,platelets. carefully regular reques
35842-3,35842,1741,42,3,25.00,41068.50,0.09,0.02,A,F,1992-08-16,1992-08-02,1992-09-14,NONE,MAIL,ss theodolites boost carefully.
35843-1,35843,965,66,1,46.00,85834.16,0.04,0.00,N,O,1997-12-30,1998-01-21,1998-01-26,DELIVER IN PERSON,SHIP,pending ideas. blithely unusual hocke
35843-2,35843,528,89,2,16.00,22856.32,0.05,0.05,N,O,1997-12-12,1998-01-03,1997-12-22,TAKE BACK RETURN,RAIL,"nts doze above the ironic, "
35843-3,35843,1015,16,3,32.00,29312.32,0.09,0.07,N,O,1998-03-11,1997-12-25,1998-04-07,DELIVER IN PERSON,MAIL,"t the silent, special pinto beans "
35844-1,35844,684,85,1,41.00,64971.88,0.09,0.03,A,F,1995-03-30,1995-01-17,1995-04-01,DELIVER IN PERSON,RAIL,lar instructions
35844-2,35844,411,70,2,19.00,24916.79,0.01,0.04,A,F,1995-01-25,1995-02-11,1995-02-09,DELIVER IN PERSON,RAIL,uriously ironic pinto beans accor
35845-1,35845,594,55,1,47.00,70245.73,0.02,0.06,R,F,1995-01-12,1995-03-16,1995-01-17,NONE,FOB,tes detect fluffily. carefully express 
35845-2,35845,174,27,2,25.00,26854.25,0.05,0.04,A,F,1995-05-08,1995-02-12,1995-05-19,NONE,RAIL,c deposits around the furiously even 
35846-1,35846,1910,11,1,9.00,16307.19,0.01,0.02,A,F,1992-04-28,1992-03-23,1992-05-18,DELIVER IN PERSON,MAIL,"usual, special theodolites. bold accounts a"
35846-2,35846,855,22,2,30.00,52675.50,0.10,0.01,R,F,1992-05-19,1992-03-30,1992-06-01,TAKE BACK RETURN,RAIL,ve quickly about the slyly fin
35847-1,35847,682,83,1,38.00,60141.84,0.07,0.01,R,F,1994-03-26,1994-04-08,1994-04-19,DELIVER IN PERSON,RAIL, foxes doze carefully; bold theod
35847-2,35847,853,53,2,17.00,29815.45,0.10,0.00,R,F,1994-05-28,1994-04-13,1994-06-07,NONE,REG AIR,endencies unwind slyly around the quickl
35847-3,35847,774,7,3,43.00,72015.11,0.07,0.03,A,F,1994-03-15,1994-03-07,1994-03-25,DELIVER IN PERSON,RAIL,c packages
35847-4,35847,728,25,4,15.00,24430.80,0.07,0.03,A,F,1994-05-11,1994-03-30,1994-05-18,DELIVER IN PERSON,TRUCK,ully pending instructions caj
35847-5,35847,1126,99,5,48.00,49301.76,0.07,0.06,R,F,1994-03-21,1994-03-28,1994-04-20,NONE,RAIL, furiously pending packages poach. speci
35847-6,35847,1928,17,6,27.00,49407.84,0.10,0.03,R,F,1994-05-17,1994-03-29,1994-05-28,TAKE BACK RETURN,RAIL, packages abov
35872-1,35872,242,43,1,11.00,12564.64,0.00,0.02,A,F,1995-01-19,1995-03-15,1995-02-11,DELIVER IN PERSON,SHIP,ross the evenly silent excuses.
35872-2,35872,740,5,2,31.00,50862.94,0.02,0.07,R,F,1995-03-28,1995-02-03,1995-04-11,TAKE BACK RETURN,AIR,ar deposits det
35872-3,35872,1900,30,3,3.00,5405.70,0.00,0.01,A,F,1995-04-10,1995-02-06,1995-05-03,COLLECT COD,SHIP,bout the bold platelets? quickly
35872-4,35872,963,98,4,21.00,39143.16,0.09,0.03,R,F,1995-01-05,1995-02-01,1995-01-20,DELIVER IN PERSON,AIR,"lites nod regular, fi"
35872-5,35872,909,12,5,2.00,3619.80,0.10,0.02,R,F,1995-04-05,1995-02-10,1995-04-06,COLLECT COD,RAIL,ly regular frays use sly
35872-6,35872,1252,53,6,12.00,13839.00,0.06,0.04,A,F,1995-01-31,1995-02-27,1995-02-13,NONE,REG AIR,equests sleep carefully. blithely s
35872-7,35872,1968,13,7,9.00,16829.64,0.04,0.05,R,F,1994-12-21,1995-03-17,1995-01-16,NONE,TRUCK,y furiously final theodolit
35873-1,35873,1817,18,1,49.00,84221.69,0.08,0.05,N,O,1996-02-21,1996-01-31,1996-03-13,NONE,MAIL,arefully silent accounts grow regular reque
35874-1,35874,611,12,1,17.00,25697.37,0.09,0.00,N,O,1997-02-28,1997-02-06,1997-03-18,COLLECT COD,TRUCK,ent frets according to the fi
35874-2,35874,1104,77,2,44.00,44224.40,0.06,0.07,N,O,1997-03-13,1997-02-17,1997-04-08,COLLECT COD,RAIL,ts along the permanently regular theodolite
35874-3,35874,98,99,3,23.00,22956.07,0.02,0.06,N,O,1997-01-22,1997-02-02,1997-02-19,NONE,TRUCK,"ss the furious, ironic theodolites "
35874-4,35874,744,9,4,42.00,69079.08,0.01,0.00,N,O,1997-01-10,1997-02-10,1997-01-26,DELIVER IN PERSON,MAIL,old ideas. sl
35874-5,35874,733,66,5,35.00,57180.55,0.08,0.02,N,O,1997-02-28,1997-02-19,1997-03-16,TAKE BACK RETURN,FOB,sly special account
35874-6,35874,1315,54,6,22.00,26758.82,0.03,0.06,N,O,1997-03-16,1997-01-25,1997-03-23,NONE,AIR,at the carefully pending r
35874-7,35874,1427,28,7,38.00,50479.96,0.03,0.08,N,O,1997-03-15,1997-01-20,1997-03-24,COLLECT COD,MAIL,lly final theodolites
35875-1,35875,512,73,1,25.00,35312.75,0.01,0.02,N,O,1995-09-10,1995-08-04,1995-09-29,DELIVER IN PERSON,SHIP,ously express foxes wake slyly accounts. pe
35875-2,35875,1066,72,2,49.00,47385.94,0.08,0.08,N,O,1995-07-23,1995-09-07,1995-08-03,NONE,TRUCK,cies integrate al
35875-3,35875,408,67,3,7.00,9158.80,0.04,0.08,N,O,1995-08-01,1995-07-15,1995-08-05,DELIVER IN PERSON,FOB,. blithely regular platelets sleep quickly 
35875-4,35875,1969,70,4,14.00,26193.44,0.09,0.02,N,O,1995-08-22,1995-08-10,1995-09-11,NONE,REG AIR, deposits. carefully iro
35875-5,35875,520,81,5,34.00,48297.68,0.04,0.07,N,O,1995-06-20,1995-07-24,1995-07-08,NONE,FOB," requests. regular, special dependenc"
35875-6,35875,1658,59,6,21.00,32752.65,0.04,0.08,N,O,1995-09-19,1995-09-13,1995-09-23,DELIVER IN PERSON,REG AIR,eas. carefully even pi
35875-7,35875,1158,95,7,41.00,43425.15,0.09,0.08,N,O,1995-09-23,1995-07-31,1995-09-24,TAKE BACK RETURN,RAIL,y pending packages. brave accounts are qu
35876-1,35876,1636,19,1,20.00,30752.60,0.03,0.01,N,O,1998-06-17,1998-04-14,1998-06-21,DELIVER IN PERSON,SHIP,final excuses. flu
35876-2,35876,1493,11,2,33.00,46018.17,0.09,0.00,N,O,1998-05-10,1998-04-29,1998-05-21,NONE,REG AIR,lithely against the sly
35876-3,35876,1447,48,3,32.00,43150.08,0.01,0.07,N,O,1998-05-26,1998-04-30,1998-06-25,NONE,FOB,as detect daringly a
35876-4,35876,1204,79,4,30.00,33156.00,0.01,0.01,N,O,1998-07-01,1998-05-07,1998-07-14,TAKE BACK RETURN,RAIL,es affix carefully blithely iron
35876-5,35876,325,82,5,42.00,51463.44,0.10,0.07,N,O,1998-05-24,1998-05-22,1998-06-17,NONE,REG AIR,nal deposits wake blithely. careful notorn
35877-1,35877,401,60,1,30.00,39042.00,0.03,0.02,A,F,1993-06-25,1993-07-18,1993-07-14,DELIVER IN PERSON,TRUCK, finally pending requests ha
35877-2,35877,260,88,2,5.00,5801.30,0.08,0.08,R,F,1993-07-14,1993-07-03,1993-07-25,NONE,TRUCK,ironic platele
35877-3,35877,1774,1,3,5.00,8378.85,0.09,0.08,A,F,1993-09-01,1993-07-07,1993-09-04,DELIVER IN PERSON,TRUCK,lyly regular requests
35877-4,35877,1520,1,4,20.00,28430.40,0.02,0.02,R,F,1993-06-13,1993-08-24,1993-07-04,NONE,SHIP,t the regular deposits. fluffily sile
35877-5,35877,424,54,5,24.00,31786.08,0.05,0.00,A,F,1993-06-05,1993-08-18,1993-07-02,NONE,RAIL," bold deposits across the regular, i"
35877-6,35877,1126,63,6,17.00,17461.04,0.09,0.05,A,F,1993-09-12,1993-08-15,1993-10-09,COLLECT COD,REG AIR,use special dependencies. blithely fin
35877-7,35877,196,23,7,46.00,50424.74,0.01,0.03,A,F,1993-06-21,1993-08-07,1993-06-28,COLLECT COD,SHIP,ealthily regular deposits play fluffi
35878-1,35878,535,66,1,48.00,68905.44,0.08,0.01,R,F,1993-11-26,1993-10-05,1993-12-18,COLLECT COD,TRUCK,long the blithely unusual packages affix
35878-2,35878,1547,68,2,6.00,8691.24,0.01,0.02,R,F,1993-11-11,1993-09-25,1993-12-02,TAKE BACK RETURN,MAIL,ully express ideas kindle car
35878-3,35878,241,23,3,24.00,27389.76,0.09,0.07,R,F,1993-08-29,1993-11-03,1993-09-22,COLLECT COD,REG AIR,old pinto beans. accounts haggle slyly s
35878-4,35878,865,99,4,8.00,14126.88,0.10,0.02,A,F,1993-08-28,1993-11-06,1993-08-30,TAKE BACK RETURN,FOB," the even deposits-- regular, final "
35878-5,35878,939,40,5,18.00,33118.74,0.10,0.08,A,F,1993-10-23,1993-10-05,1993-11-03,TAKE BACK RETURN,SHIP,". even, even requests "
35879-1,35879,1403,43,1,32.00,41740.80,0.06,0.07,N,O,1996-07-15,1996-07-06,1996-08-03,TAKE BACK RETURN,REG AIR, even excuses
35879-2,35879,959,60,2,26.00,48358.70,0.04,0.02,N,O,1996-08-12,1996-07-05,1996-09-02,DELIVER IN PERSON,SHIP, carefully regular di
35879-3,35879,143,96,3,9.00,9388.26,0.04,0.04,N,O,1996-08-15,1996-05-28,1996-09-03,NONE,RAIL,ind the final reques
35879-4,35879,1427,6,4,10.00,13284.20,0.07,0.04,N,O,1996-07-17,1996-06-23,1996-07-25,DELIVER IN PERSON,MAIL,ckly sly plate
35904-1,35904,873,7,1,15.00,26608.05,0.07,0.03,N,O,1997-08-28,1997-08-31,1997-09-08,COLLECT COD,AIR, the attainme
35904-2,35904,225,80,2,32.00,36007.04,0.05,0.05,N,O,1997-10-24,1997-09-11,1997-11-10,COLLECT COD,MAIL,hely pending courts must
35905-1,35905,1415,94,1,14.00,18429.74,0.00,0.08,R,F,1992-05-04,1992-05-09,1992-06-01,NONE,RAIL,lithely express ideas ca
35905-2,35905,1629,12,2,40.00,61224.80,0.10,0.07,A,F,1992-05-29,1992-03-25,1992-06-04,NONE,MAIL,sits sublate 
35905-3,35905,1564,5,3,33.00,48363.48,0.00,0.03,A,F,1992-05-12,1992-04-13,1992-06-09,TAKE BACK RETURN,RAIL,ajole furiously. requests after
35905-4,35905,1113,86,4,33.00,33465.63,0.02,0.07,R,F,1992-03-22,1992-04-02,1992-04-03,DELIVER IN PERSON,RAIL,jole slyly
35905-5,35905,993,62,5,16.00,30303.84,0.01,0.07,R,F,1992-04-16,1992-05-15,1992-04-17,TAKE BACK RETURN,MAIL, carefully p
35906-1,35906,626,20,1,44.00,67171.28,0.07,0.00,N,O,1997-03-23,1997-04-22,1997-04-08,NONE,FOB,", unusual requests after t"
35906-2,35906,250,51,2,8.00,9202.00,0.04,0.00,N,O,1997-05-28,1997-04-21,1997-06-24,TAKE BACK RETURN,SHIP,usly regular braids. s
35906-3,35906,1691,74,3,37.00,58929.53,0.06,0.08,N,O,1997-04-03,1997-06-01,1997-04-23,DELIVER IN PERSON,MAIL,uiet requests are bli
35906-4,35906,321,50,4,27.00,32975.64,0.06,0.02,N,O,1997-06-12,1997-05-29,1997-07-02,NONE,SHIP,packages nag alongside of the furiousl
35906-5,35906,1386,63,5,33.00,42483.54,0.04,0.06,N,O,1997-04-23,1997-06-11,1997-05-21,NONE,SHIP,t furiously. slyly 
35906-6,35906,48,49,6,4.00,3792.16,0.09,0.00,N,O,1997-07-05,1997-05-28,1997-07-16,NONE,SHIP,ay furiously carefully final requ
35907-1,35907,432,91,1,16.00,21318.88,0.05,0.01,N,O,1998-04-25,1998-07-03,1998-05-01,DELIVER IN PERSON,FOB,he quickly final accounts.
35907-2,35907,1024,25,2,43.00,39775.86,0.06,0.03,N,O,1998-05-12,1998-07-11,1998-05-29,COLLECT COD,TRUCK,. furiously final packages wake furiously.
35907-3,35907,1418,36,3,20.00,26388.20,0.07,0.01,N,O,1998-05-04,1998-05-15,1998-05-15,NONE,RAIL,foxes abov
35907-4,35907,847,81,4,14.00,24469.76,0.03,0.01,N,O,1998-06-09,1998-06-22,1998-06-14,DELIVER IN PERSON,MAIL,uickly instructions. furiously regular 
35907-5,35907,878,79,5,24.00,42692.88,0.06,0.06,N,O,1998-05-14,1998-05-14,1998-05-24,TAKE BACK RETURN,RAIL,uffily busily regular packages. foxes alo
35908-1,35908,290,45,1,6.00,7141.74,0.09,0.00,R,F,1994-01-18,1994-02-07,1994-02-13,DELIVER IN PERSON,AIR,uctions sleep furiousl
35908-2,35908,953,54,2,2.00,3707.90,0.07,0.03,A,F,1994-04-06,1994-02-17,1994-04-08,DELIVER IN PERSON,MAIL,behind the ironi
35908-3,35908,130,83,3,37.00,38114.81,0.00,0.01,A,F,1994-03-05,1994-02-01,1994-03-27,DELIVER IN PERSON,SHIP,leep-- slyly final ideas
35908-4,35908,1443,22,4,37.00,49744.28,0.01,0.04,R,F,1994-01-25,1994-02-17,1994-01-27,DELIVER IN PERSON,SHIP,"counts believe. unusual, permanent "
35908-5,35908,1436,76,5,30.00,40122.90,0.02,0.07,R,F,1993-12-24,1994-02-27,1994-01-07,TAKE BACK RETURN,REG AIR,tructions cajole carefully fluffily bo
35909-1,35909,1548,49,1,18.00,26091.72,0.09,0.04,N,O,1997-01-30,1996-12-31,1997-01-31,TAKE BACK RETURN,SHIP,"ar, express decoys hag"
35909-2,35909,1645,46,2,35.00,54132.40,0.03,0.07,N,O,1997-01-31,1996-11-11,1997-02-09,COLLECT COD,MAIL, carefully ironic pinto beans sleep f
35909-3,35909,1058,59,3,40.00,38362.00,0.06,0.05,N,O,1996-11-28,1996-11-14,1996-12-05,TAKE BACK RETURN,FOB,quickly above the silent pinto 
35909-4,35909,394,79,4,3.00,3883.17,0.06,0.01,N,O,1996-11-19,1996-12-15,1996-12-19,DELIVER IN PERSON,FOB,ts. blithely regular
35909-5,35909,961,64,5,49.00,91236.04,0.02,0.02,N,O,1996-11-02,1996-12-05,1996-11-12,COLLECT COD,SHIP,latelets are alongside of the regula
35909-6,35909,1907,40,6,22.00,39795.80,0.00,0.05,N,O,1996-11-18,1996-12-31,1996-11-22,TAKE BACK RETURN,TRUCK, deposits integrate during 
35910-1,35910,1921,66,1,11.00,20052.12,0.00,0.04,R,F,1993-12-23,1994-01-21,1993-12-25,TAKE BACK RETURN,AIR,uickly final excuses s
35910-2,35910,1800,43,2,32.00,54457.60,0.00,0.07,A,F,1994-02-05,1994-02-14,1994-03-06,COLLECT COD,REG AIR,ng theodolites are
35910-3,35910,416,75,3,15.00,19746.15,0.06,0.02,A,F,1993-12-24,1994-02-17,1994-01-02,NONE,MAIL, quickly special r
35910-4,35910,1240,41,4,21.00,23966.04,0.05,0.05,R,F,1994-03-18,1994-01-31,1994-03-29,DELIVER IN PERSON,TRUCK,ld foxes-- slyly express pinto
35910-5,35910,1058,29,5,38.00,36443.90,0.09,0.08,A,F,1994-01-06,1994-01-03,1994-01-22,DELIVER IN PERSON,TRUCK,ses wake regularly. carefully express t
35910-6,35910,1460,100,6,47.00,63988.62,0.05,0.01,A,F,1994-03-13,1994-02-19,1994-03-21,COLLECT COD,FOB,c theodolites haggle carefully 
35910-7,35910,1673,97,7,11.00,17321.37,0.06,0.07,R,F,1994-01-27,1994-01-06,1994-02-20,NONE,SHIP,ave accounts wake
35911-1,35911,150,51,1,13.00,13651.95,0.05,0.07,N,O,1997-02-21,1997-04-12,1997-03-05,TAKE BACK RETURN,AIR,d packages. requ
35936-1,35936,983,52,1,29.00,54635.42,0.06,0.04,R,F,1994-03-22,1994-04-01,1994-04-11,COLLECT COD,TRUCK,ar courts. carefully regular dolph
35936-2,35936,849,50,2,28.00,48995.52,0.01,0.07,A,F,1994-04-25,1994-03-13,1994-05-25,COLLECT COD,MAIL,"ronic, regula"
35936-3,35936,1961,94,3,30.00,55888.80,0.03,0.04,R,F,1994-04-25,1994-03-06,1994-05-18,COLLECT COD,TRUCK,iously ironic warthogs 
35936-4,35936,1056,92,4,40.00,38282.00,0.05,0.03,A,F,1994-05-21,1994-03-23,1994-06-02,NONE,REG AIR,uriously reg
35936-5,35936,1116,89,5,37.00,37633.07,0.06,0.08,R,F,1994-03-22,1994-04-02,1994-04-11,TAKE BACK RETURN,MAIL,osits. blithely bold requests abou
35936-6,35936,1709,52,6,34.00,54763.80,0.08,0.02,A,F,1994-05-01,1994-03-02,1994-05-12,NONE,RAIL,s doze blithely about the theodolites. 
35936-7,35936,296,78,7,39.00,46655.31,0.06,0.00,R,F,1994-02-28,1994-03-02,1994-03-23,TAKE BACK RETURN,SHIP,ly silent accounts. slyly exp
35937-1,35937,560,21,1,36.00,52580.16,0.01,0.05,N,O,1996-09-07,1996-09-02,1996-09-25,NONE,SHIP,latelets. 
35937-2,35937,989,58,2,34.00,64259.32,0.05,0.03,N,O,1996-09-06,1996-09-06,1996-09-19,NONE,TRUCK,", quick pa"
35937-3,35937,392,49,3,23.00,29724.97,0.07,0.00,N,O,1996-09-24,1996-09-07,1996-10-01,DELIVER IN PERSON,REG AIR, sentiments run slyly. special d
35937-4,35937,356,85,4,20.00,25127.00,0.10,0.06,N,O,1996-09-25,1996-08-05,1996-10-16,DELIVER IN PERSON,SHIP,excuses nag blithely. qui
35937-5,35937,521,12,5,2.00,2843.04,0.06,0.05,N,O,1996-06-18,1996-08-09,1996-06-27,DELIVER IN PERSON,TRUCK,"regular, fin"
35937-6,35937,775,72,6,48.00,80436.96,0.09,0.05,N,O,1996-07-20,1996-08-09,1996-08-17,COLLECT COD,MAIL,ic accounts kindle 
35937-7,35937,532,23,7,42.00,60166.26,0.09,0.01,N,O,1996-08-11,1996-07-21,1996-09-08,COLLECT COD,FOB, asymptotes cajole. packages
35938-1,35938,1664,65,1,28.00,43838.48,0.06,0.05,A,F,1993-02-01,1993-01-17,1993-02-22,DELIVER IN PERSON,REG AIR,pinto beans cajole carefully ac
35938-2,35938,1765,8,2,36.00,60003.36,0.02,0.05,A,F,1992-12-24,1993-02-01,1993-01-09,NONE,MAIL,ely express accounts nod acros
35938-3,35938,1290,91,3,16.00,19060.64,0.03,0.07,A,F,1993-02-28,1993-01-04,1993-03-26,COLLECT COD,REG AIR,the carefully unusual reques
35938-4,35938,1297,35,4,8.00,9586.32,0.03,0.07,R,F,1992-12-03,1993-02-03,1992-12-16,TAKE BACK RETURN,MAIL,are. quickly express pack
35938-5,35938,614,77,5,26.00,39379.86,0.04,0.00,A,F,1993-03-07,1992-12-20,1993-03-10,DELIVER IN PERSON,REG AIR,y ironic ideas w
35938-6,35938,492,51,6,3.00,4177.47,0.03,0.06,A,F,1993-02-18,1992-12-22,1993-03-10,DELIVER IN PERSON,TRUCK,ly pending instructions. blit
35938-7,35938,1437,38,7,29.00,38814.47,0.07,0.06,R,F,1993-03-13,1993-02-07,1993-03-14,COLLECT COD,SHIP,ooze slyly. ironic pinto beans
35939-1,35939,1701,86,1,14.00,22437.80,0.00,0.02,N,O,1996-08-18,1996-09-14,1996-08-22,NONE,MAIL, frays. quickly sil
35940-1,35940,370,27,1,48.00,60977.76,0.05,0.04,R,F,1993-09-02,1993-08-09,1993-09-27,COLLECT COD,SHIP,"its are slyly according to the brave, ir"
35940-2,35940,1052,88,2,28.00,26685.40,0.02,0.06,R,F,1993-09-03,1993-06-30,1993-09-14,COLLECT COD,REG AIR,the final deposits. fu
35940-3,35940,1676,59,3,11.00,17354.37,0.06,0.08,A,F,1993-07-12,1993-07-12,1993-08-04,TAKE BACK RETURN,RAIL,jole fluffily 
35940-4,35940,269,24,4,26.00,30400.76,0.01,0.01,R,F,1993-07-22,1993-08-14,1993-08-19,NONE,REG AIR,lyly even theodoli
35940-5,35940,291,19,5,12.00,14295.48,0.03,0.01,R,F,1993-08-10,1993-06-29,1993-08-31,NONE,MAIL,eep slyly. blithely exp
35940-6,35940,1054,55,6,50.00,47752.50,0.10,0.03,R,F,1993-07-23,1993-07-05,1993-08-19,COLLECT COD,MAIL,"arefully according to the ironic, speci"
35941-1,35941,357,42,1,10.00,12573.50,0.10,0.02,N,O,1996-09-29,1996-11-05,1996-10-19,DELIVER IN PERSON,REG AIR,"ets; unusual, special packages breach sly"
35942-1,35942,922,57,1,22.00,40104.24,0.09,0.01,N,O,1997-09-19,1997-10-31,1997-09-22,TAKE BACK RETURN,MAIL,he theodolites above the requests int
35942-2,35942,1406,24,2,44.00,57525.60,0.04,0.06,N,O,1997-09-26,1997-12-13,1997-10-13,NONE,FOB,ts wake fur
35942-3,35942,772,73,3,7.00,11709.39,0.06,0.03,N,O,1997-10-31,1997-11-18,1997-11-26,COLLECT COD,RAIL,y even accounts maintain quic
35942-4,35942,1369,70,4,38.00,48273.68,0.08,0.07,N,O,1997-12-07,1997-12-12,1997-12-14,NONE,TRUCK,ironic instructions dazz
35942-5,35942,566,67,5,4.00,5866.24,0.07,0.05,N,O,1997-10-28,1997-12-03,1997-11-13,NONE,FOB,es beyond the slyly ironic packages hag
35942-6,35942,466,96,6,5.00,6832.30,0.09,0.05,N,O,1997-10-29,1997-11-12,1997-11-03,TAKE BACK RETURN,AIR,ans engage carefully busy
35942-7,35942,1426,66,7,9.00,11946.78,0.05,0.06,N,O,1997-12-16,1997-10-28,1998-01-05,DELIVER IN PERSON,AIR,ackages. slyly b
35943-1,35943,1203,78,1,13.00,14354.60,0.10,0.00,N,O,1998-02-07,1998-01-29,1998-03-06,NONE,RAIL,s are blithely. permanentl
35943-2,35943,1967,100,2,39.00,72889.44,0.06,0.06,N,O,1998-02-26,1998-01-30,1998-03-21,COLLECT COD,REG AIR, regular requests thrash b
35943-3,35943,106,59,3,4.00,4024.40,0.10,0.08,N,O,1998-01-18,1998-01-23,1998-02-09,COLLECT COD,SHIP,rash slyly ironic 
35943-4,35943,1261,99,4,46.00,53463.96,0.06,0.00,N,O,1998-03-25,1998-01-17,1998-03-29,DELIVER IN PERSON,TRUCK, unusual reque
35943-5,35943,1151,52,5,24.00,25251.60,0.01,0.02,N,O,1998-03-20,1998-02-20,1998-04-17,NONE,TRUCK,uffily pending accounts. slyly enticing co
35943-6,35943,170,97,6,24.00,25684.08,0.01,0.04,N,O,1998-02-13,1998-01-15,1998-03-13,COLLECT COD,TRUCK,tructions bo
35943-7,35943,1702,87,7,29.00,46507.30,0.00,0.07,N,O,1998-03-17,1998-02-14,1998-04-01,NONE,RAIL,horses. blit
35968-1,35968,307,92,1,41.00,49499.30,0.00,0.08,A,F,1992-04-04,1992-05-27,1992-04-07,TAKE BACK RETURN,TRUCK,gle in place of the carefu
35968-2,35968,727,60,2,3.00,4883.16,0.06,0.04,R,F,1992-07-02,1992-05-10,1992-08-01,DELIVER IN PERSON,MAIL,posits are against the carefu
35968-3,35968,1757,58,3,20.00,33175.00,0.05,0.07,A,F,1992-03-20,1992-05-30,1992-04-02,COLLECT COD,RAIL, against the furiously bold d
35968-4,35968,1338,77,4,38.00,47094.54,0.05,0.02,A,F,1992-06-13,1992-05-12,1992-06-15,NONE,REG AIR,ic foxes cajole 
35968-5,35968,75,26,5,38.00,37052.66,0.08,0.00,R,F,1992-05-30,1992-05-10,1992-06-22,DELIVER IN PERSON,SHIP,n foxes about the i
35968-6,35968,1542,43,6,35.00,50523.90,0.00,0.08,R,F,1992-03-08,1992-04-22,1992-04-02,COLLECT COD,SHIP,lly final foxes. fluffily regular reques
35968-7,35968,1483,1,7,18.00,24920.64,0.05,0.06,A,F,1992-05-19,1992-04-29,1992-05-21,TAKE BACK RETURN,AIR,equests cajole evenly according t
35969-1,35969,737,70,1,5.00,8188.65,0.00,0.05,N,O,1997-12-24,1997-10-05,1998-01-12,COLLECT COD,RAIL,olphins. ironic dependencies will
35969-2,35969,741,38,2,20.00,32834.80,0.08,0.01,N,O,1997-09-22,1997-11-21,1997-10-12,COLLECT COD,TRUCK,"he regular, quick platelets haggle "
35969-3,35969,831,32,3,10.00,17318.30,0.06,0.08,N,O,1997-12-07,1997-11-01,1998-01-01,NONE,FOB,st carefully accounts. slyly bold
35969-4,35969,1528,29,4,33.00,47174.16,0.02,0.06,N,O,1997-11-22,1997-09-30,1997-11-24,DELIVER IN PERSON,REG AIR,ly express instructions snooze after t
35969-5,35969,1351,90,5,18.00,22542.30,0.03,0.07,N,O,1997-11-08,1997-11-13,1997-11-14,NONE,AIR,thinly; ironic instruc
35969-6,35969,973,76,6,4.00,7495.88,0.03,0.07,N,O,1997-12-24,1997-11-05,1998-01-08,TAKE BACK RETURN,REG AIR,ould unwind. slyly ironic
35970-1,35970,1674,75,1,30.00,47270.10,0.07,0.02,N,O,1997-07-28,1997-07-08,1997-08-12,NONE,REG AIR, deposits haggle blit
35970-2,35970,397,82,2,48.00,62274.72,0.01,0.01,N,O,1997-05-16,1997-06-06,1997-06-11,COLLECT COD,RAIL,"ts! pending, sly ideas haggle at the carefu"
35970-3,35970,988,23,3,44.00,83115.12,0.05,0.00,N,O,1997-06-16,1997-05-25,1997-07-16,TAKE BACK RETURN,AIR,"riously express foxes. silent, final requ"
35970-4,35970,1350,51,4,35.00,43797.25,0.05,0.02,N,O,1997-06-01,1997-07-16,1997-06-30,NONE,TRUCK, the ironically express packages boost
35971-1,35971,248,76,1,42.00,48226.08,0.03,0.01,N,O,1997-03-02,1997-04-03,1997-03-19,TAKE BACK RETURN,TRUCK,"ise special, pend"
35971-2,35971,1902,91,2,15.00,27058.50,0.02,0.01,N,O,1997-03-17,1997-02-07,1997-04-02,TAKE BACK RETURN,TRUCK, carefully unusual ideas. silent
35971-3,35971,1857,87,3,21.00,36935.85,0.01,0.06,N,O,1997-03-03,1997-03-03,1997-03-20,COLLECT COD,MAIL,"ing to the regular, special deposit"
35971-4,35971,1944,89,4,6.00,11075.64,0.02,0.05,N,O,1997-03-04,1997-02-23,1997-03-25,COLLECT COD,FOB,uriously fin
35971-5,35971,1735,62,5,30.00,49101.90,0.01,0.03,N,O,1997-04-04,1997-03-28,1997-04-27,DELIVER IN PERSON,AIR,ithely ironic asymptotes affix sly
35972-1,35972,931,34,1,21.00,38470.53,0.01,0.03,R,F,1994-03-24,1994-03-25,1994-03-27,NONE,TRUCK,fily silent package
35973-1,35973,815,49,1,19.00,32600.39,0.09,0.06,N,O,1997-11-11,1997-10-18,1997-11-25,NONE,MAIL,ests are among the s
35973-2,35973,800,1,2,38.00,64630.40,0.02,0.01,N,O,1997-10-14,1997-11-26,1997-10-19,DELIVER IN PERSON,AIR,egular platelets.
35973-3,35973,916,19,3,14.00,25436.74,0.05,0.06,N,O,1997-09-23,1997-10-12,1997-09-27,COLLECT COD,SHIP,arefully silent deposits cajole 
35973-4,35973,705,38,4,24.00,38536.80,0.08,0.00,N,O,1997-10-24,1997-10-08,1997-11-03,TAKE BACK RETURN,TRUCK,beans sleep furiously blithely special
35973-5,35973,1608,9,5,41.00,61893.60,0.03,0.08,N,O,1997-10-15,1997-10-08,1997-11-02,DELIVER IN PERSON,REG AIR,e blithely. blithely special depo
35973-6,35973,1274,12,6,10.00,11752.70,0.04,0.05,N,O,1997-12-04,1997-11-13,1997-12-28,NONE,REG AIR, bold accounts. blithely unusual i
35974-1,35974,1993,94,1,9.00,17054.91,0.00,0.03,N,O,1998-07-06,1998-07-31,1998-07-21,TAKE BACK RETURN,RAIL,carefully final ideas. slyly ironic depo
35974-2,35974,356,41,2,30.00,37690.50,0.02,0.06,N,O,1998-07-19,1998-09-03,1998-07-27,NONE,AIR,eposits sleep slyly furiously regula
35974-3,35974,1862,6,3,26.00,45860.36,0.09,0.06,N,O,1998-07-16,1998-07-17,1998-08-12,TAKE BACK RETURN,AIR,kly regular platelets haggle fluffily alo
35974-4,35974,542,3,4,34.00,49046.36,0.05,0.07,N,O,1998-07-16,1998-07-15,1998-08-10,TAKE BACK RETURN,FOB,ke fluffily acco
35974-5,35974,1437,77,5,41.00,54875.63,0.02,0.05,N,O,1998-09-26,1998-08-03,1998-10-09,DELIVER IN PERSON,RAIL,tructions haggle final accoun
35975-1,35975,1253,91,1,1.00,1154.25,0.01,0.01,N,O,1997-09-10,1997-09-01,1997-09-27,COLLECT COD,AIR,"furiously even instructions; ironic, pendi"
35975-2,35975,1567,68,2,5.00,7342.80,0.03,0.04,N,O,1997-10-31,1997-09-21,1997-11-16,COLLECT COD,MAIL, the slyly even inst
35975-3,35975,578,39,3,6.00,8871.42,0.00,0.02,N,O,1997-10-25,1997-10-01,1997-11-09,COLLECT COD,FOB,ltipliers wake 
35975-4,35975,1453,54,4,37.00,50114.65,0.00,0.01,N,O,1997-07-31,1997-09-14,1997-08-23,DELIVER IN PERSON,AIR,odolites haggle beneath the careful
35975-5,35975,1630,31,5,4.00,6126.52,0.08,0.04,N,O,1997-07-27,1997-10-09,1997-07-30,DELIVER IN PERSON,RAIL, packages doze fluffily final foxes. idea
36000-1,36000,80,56,1,15.00,14701.20,0.01,0.06,A,F,1992-04-08,1992-04-21,1992-04-11,TAKE BACK RETURN,REG AIR,platelets. blithe
36001-1,36001,1551,72,1,30.00,43576.50,0.04,0.05,A,F,1995-04-06,1995-05-20,1995-04-15,COLLECT COD,FOB,ly bold package
36001-2,36001,499,58,2,48.00,67175.52,0.02,0.02,N,F,1995-06-02,1995-05-08,1995-06-19,TAKE BACK RETURN,REG AIR, ideas. pending deposits nag dependencies
36001-3,36001,277,78,3,25.00,29431.75,0.01,0.08,N,F,1995-06-08,1995-06-02,1995-07-01,TAKE BACK RETURN,AIR,ccounts. regul
36001-4,36001,1343,82,4,3.00,3733.02,0.06,0.08,R,F,1995-05-01,1995-05-12,1995-05-08,DELIVER IN PERSON,AIR,arefully. regular acco
36001-5,36001,1304,81,5,11.00,13258.30,0.02,0.01,A,F,1995-04-15,1995-06-16,1995-04-30,TAKE BACK RETURN,RAIL,ly fluffy foxes. pen
36001-6,36001,1976,77,6,21.00,39437.37,0.02,0.06,R,F,1995-05-04,1995-06-04,1995-05-24,DELIVER IN PERSON,MAIL,regular asymptotes. bo
36001-7,36001,526,27,7,37.00,52781.24,0.00,0.01,N,O,1995-07-27,1995-05-14,1995-08-24,TAKE BACK RETURN,TRUCK,ven requests among the finally express dep
36002-1,36002,1534,15,1,31.00,44501.43,0.00,0.02,R,F,1993-06-15,1993-06-16,1993-06-17,TAKE BACK RETURN,AIR,hins. express
36002-2,36002,1582,23,2,12.00,17802.96,0.10,0.04,A,F,1993-07-29,1993-07-01,1993-08-05,NONE,AIR,cies haggle. furiously 
36002-3,36002,234,16,3,18.00,20416.14,0.05,0.05,A,F,1993-06-10,1993-06-24,1993-06-23,COLLECT COD,RAIL,y along the slyly final requests: slyl
36002-4,36002,178,31,4,6.00,6469.02,0.00,0.00,R,F,1993-05-29,1993-07-10,1993-06-18,DELIVER IN PERSON,AIR,ns. fluffily final ideas wake around the 
36003-1,36003,1059,65,1,25.00,24001.25,0.00,0.07,R,F,1993-11-13,1993-12-26,1993-11-14,COLLECT COD,TRUCK, fluffily ev
36003-2,36003,1435,53,2,19.00,25392.17,0.00,0.02,A,F,1993-12-22,1994-01-01,1994-01-14,DELIVER IN PERSON,FOB,ructions. slyly exp
36004-1,36004,987,56,1,34.00,64191.32,0.05,0.01,N,O,1998-05-28,1998-08-01,1998-06-09,NONE,MAIL,ions sleep slyly across the blithel
36004-2,36004,1844,31,2,26.00,45391.84,0.06,0.05,N,O,1998-07-19,1998-08-05,1998-08-11,TAKE BACK RETURN,MAIL, pending reque
36004-3,36004,1617,18,3,6.00,9111.66,0.05,0.00,N,O,1998-08-24,1998-07-11,1998-09-03,NONE,RAIL,ays ironic pinto beans haggle qui
36005-1,36005,676,70,1,49.00,77256.83,0.03,0.06,R,F,1993-11-29,1993-11-21,1993-12-20,TAKE BACK RETURN,FOB,lly regular dep
36005-2,36005,1095,1,2,37.00,36855.33,0.06,0.01,R,F,1993-12-26,1993-11-17,1993-12-31,DELIVER IN PERSON,REG AIR,ests. entic
36005-3,36005,1163,72,3,11.00,11705.76,0.07,0.08,R,F,1993-12-31,1993-12-06,1994-01-12,DELIVER IN PERSON,REG AIR,ically bold ex
36005-4,36005,1475,54,4,18.00,24776.46,0.01,0.06,A,F,1993-10-14,1993-10-29,1993-10-15,COLLECT COD,MAIL,sides the furiously unusual 
36006-1,36006,582,13,1,24.00,35581.92,0.07,0.00,N,O,1995-12-05,1995-12-24,1995-12-16,DELIVER IN PERSON,TRUCK,ously alongside of th
36006-2,36006,465,53,2,8.00,10923.68,0.07,0.06,N,O,1996-02-08,1996-01-11,1996-02-28,DELIVER IN PERSON,AIR,ending foxes affix
36006-3,36006,147,48,3,37.00,38744.18,0.01,0.01,N,O,1995-12-07,1996-01-07,1995-12-26,NONE,MAIL,"ual packages sleep furiously final, u"
36006-4,36006,689,83,4,47.00,74714.96,0.07,0.03,N,O,1995-12-03,1995-11-25,1995-12-12,COLLECT COD,FOB, pinto beans
36006-5,36006,1315,30,5,50.00,60815.50,0.03,0.02,N,O,1995-12-04,1996-01-07,1995-12-26,DELIVER IN PERSON,MAIL,ajole quickly. even deposits after the 
36006-6,36006,1065,71,6,38.00,36710.28,0.07,0.06,N,O,1996-01-24,1995-12-04,1996-02-21,NONE,FOB,y about the doggedly enticing pa
36006-7,36006,607,8,7,28.00,42212.80,0.05,0.06,N,O,1995-12-15,1995-12-09,1996-01-03,TAKE BACK RETURN,REG AIR,platelets. accounts about the ev
36007-1,36007,309,94,1,48.00,58046.40,0.05,0.06,N,O,1997-08-04,1997-06-21,1997-08-10,DELIVER IN PERSON,FOB,ep blithely foxes? b
36032-1,36032,97,48,1,37.00,36892.33,0.01,0.01,N,O,1997-11-13,1997-10-14,1997-12-06,NONE,MAIL, the carefully ir
36033-1,36033,1446,86,1,4.00,5389.76,0.09,0.01,A,F,1995-03-11,1995-02-25,1995-03-19,DELIVER IN PERSON,AIR,en foxes. blithely bold dependenci
36033-2,36033,1698,99,2,24.00,38392.56,0.08,0.04,R,F,1995-04-17,1995-02-14,1995-05-15,NONE,FOB,tes wake blithel
36033-3,36033,112,91,3,15.00,15181.65,0.04,0.01,R,F,1994-12-29,1995-03-08,1995-01-18,COLLECT COD,MAIL,ticingly agai
36033-4,36033,314,15,4,18.00,21857.58,0.00,0.04,A,F,1995-03-07,1995-01-21,1995-03-29,NONE,MAIL, always ironic requests. blith
36033-5,36033,872,39,5,25.00,44321.75,0.00,0.01,R,F,1995-03-08,1995-02-15,1995-03-31,COLLECT COD,SHIP,tions nag fluffily furiously special
36034-1,36034,176,3,1,19.00,20447.23,0.01,0.01,R,F,1992-10-20,1992-11-27,1992-11-16,COLLECT COD,TRUCK,slowly iron
36034-2,36034,972,7,2,9.00,16856.73,0.09,0.00,R,F,1992-11-22,1993-01-10,1992-11-27,COLLECT COD,AIR,ove the bli
36034-3,36034,1888,75,3,9.00,16108.92,0.00,0.03,R,F,1993-02-05,1993-01-04,1993-02-24,DELIVER IN PERSON,FOB,ully special w
36034-4,36034,377,6,4,1.00,1277.37,0.03,0.08,R,F,1993-01-25,1993-01-10,1993-02-18,NONE,SHIP,ing to the furiously pending acc
36035-1,36035,1726,11,1,22.00,35809.84,0.07,0.08,N,O,1997-03-01,1997-01-15,1997-03-29,COLLECT COD,AIR, excuses-- carefully
36035-2,36035,1371,72,2,42.00,53439.54,0.03,0.03,N,O,1997-02-12,1997-01-29,1997-02-16,DELIVER IN PERSON,SHIP,dolites wake along t
36036-1,36036,763,64,1,44.00,73205.44,0.06,0.00,R,F,1993-05-19,1993-05-14,1993-05-21,NONE,REG AIR,le blithely blithel
36036-2,36036,1143,52,2,49.00,51162.86,0.07,0.07,R,F,1993-04-12,1993-07-05,1993-04-23,DELIVER IN PERSON,SHIP, furiously final theodolites-- ev
36036-3,36036,1207,8,3,41.00,45436.20,0.02,0.04,A,F,1993-06-27,1993-05-21,1993-07-19,COLLECT COD,REG AIR,gular idea
36036-4,36036,1348,87,4,22.00,27485.48,0.07,0.07,R,F,1993-05-15,1993-06-01,1993-06-14,NONE,FOB,"ests across the regular, silent requests s"
36036-5,36036,347,4,5,49.00,61119.66,0.10,0.08,R,F,1993-07-13,1993-06-14,1993-07-18,DELIVER IN PERSON,RAIL,slyly among the deposits. carefull
36037-1,36037,752,49,1,24.00,39666.00,0.10,0.02,A,F,1994-07-09,1994-06-07,1994-07-21,COLLECT COD,AIR,ages wake; furiously bo
36037-2,36037,884,84,2,18.00,32127.84,0.02,0.04,A,F,1994-08-26,1994-07-06,1994-09-19,NONE,FOB,e fluffily. even accounts sleep e
36037-3,36037,1191,28,3,4.00,4368.76,0.06,0.07,R,F,1994-05-17,1994-07-15,1994-06-13,TAKE BACK RETURN,MAIL,press theodolites are regular asympto
36038-1,36038,1981,14,1,31.00,58372.38,0.08,0.07,A,F,1992-11-15,1992-10-07,1992-11-22,NONE,RAIL,sits use among the quick
36038-2,36038,1803,90,2,42.00,71601.60,0.07,0.08,R,F,1992-10-01,1992-10-09,1992-10-30,DELIVER IN PERSON,REG AIR,inal requests. 
36038-3,36038,1137,10,3,3.00,3114.39,0.09,0.04,A,F,1992-10-05,1992-09-24,1992-11-03,DELIVER IN PERSON,RAIL,lyly unusual f
36039-1,36039,1897,84,1,5.00,8994.45,0.08,0.03,N,O,1996-05-26,1996-05-07,1996-06-20,DELIVER IN PERSON,RAIL,ven excuses will have to boost furiously 
36039-2,36039,1887,74,2,12.00,21466.56,0.06,0.04,N,O,1996-05-17,1996-05-19,1996-06-09,NONE,AIR,sleep through the regular somas. final ide
36039-3,36039,153,32,3,8.00,8425.20,0.08,0.05,N,O,1996-06-01,1996-06-25,1996-06-12,TAKE BACK RETURN,MAIL,ar excuses mold car
36039-4,36039,341,98,4,27.00,33516.18,0.09,0.01,N,O,1996-07-10,1996-05-30,1996-08-08,NONE,TRUCK,equests. bl
36039-5,36039,1185,22,5,45.00,48878.10,0.02,0.02,N,O,1996-04-26,1996-06-18,1996-05-16,DELIVER IN PERSON,SHIP,e carefully. final asymptotes haggle a
36064-1,36064,1650,51,1,4.00,6206.60,0.02,0.07,N,O,1997-12-18,1997-12-16,1998-01-12,DELIVER IN PERSON,SHIP,inal theodolites: carefully ir
36064-2,36064,55,81,2,20.00,19101.00,0.01,0.00,N,O,1997-12-29,1998-01-16,1998-01-23,TAKE BACK RETURN,SHIP,warhorses. carefully ironic pinto beans 
36064-3,36064,1452,53,3,32.00,43310.40,0.00,0.08,N,O,1997-10-25,1997-12-26,1997-11-12,TAKE BACK RETURN,AIR,y quickly special sauternes.
36064-4,36064,1584,85,4,18.00,26740.44,0.03,0.06,N,O,1997-11-01,1997-12-10,1997-11-23,DELIVER IN PERSON,SHIP,ly final theodolites wake against 
36064-5,36064,487,46,5,12.00,16649.76,0.10,0.02,N,O,1997-11-17,1997-12-29,1997-12-04,DELIVER IN PERSON,MAIL,ven warhorses haggle carefully along the fu
36064-6,36064,1729,72,6,31.00,50552.32,0.05,0.00,N,O,1997-11-25,1998-01-05,1997-12-23,NONE,AIR,", unusual hockey pl"
36065-1,36065,391,92,1,10.00,12913.90,0.04,0.02,R,F,1993-05-06,1993-03-22,1993-05-14,TAKE BACK RETURN,MAIL,e carefully pending p
36065-2,36065,1218,30,2,12.00,13430.52,0.10,0.03,A,F,1993-02-21,1993-05-13,1993-02-24,TAKE BACK RETURN,MAIL, dependencies detect quickly regular
36065-3,36065,648,49,3,11.00,17035.04,0.00,0.08,R,F,1993-04-03,1993-05-05,1993-04-30,NONE,FOB,nts hinder fluffily according to the ca
36065-4,36065,734,67,4,28.00,45772.44,0.00,0.04,A,F,1993-04-05,1993-04-09,1993-04-06,DELIVER IN PERSON,FOB,etimes blithe packa
36065-5,36065,834,34,5,47.00,81537.01,0.07,0.01,A,F,1993-06-16,1993-05-08,1993-07-06,DELIVER IN PERSON,RAIL,e furiously special packages. ca
36065-6,36065,851,85,6,40.00,70074.00,0.06,0.04,R,F,1993-04-14,1993-05-10,1993-04-21,TAKE BACK RETURN,AIR,quickly pending ideas hag
36066-1,36066,1130,31,1,2.00,2062.26,0.09,0.06,N,O,1997-11-16,1997-11-23,1997-11-22,COLLECT COD,SHIP, the blithely pending requests
36066-2,36066,1080,81,2,22.00,21583.76,0.07,0.00,N,O,1997-11-19,1997-11-02,1997-11-21,DELIVER IN PERSON,REG AIR, final pearls are quickly at the blithely f
36066-3,36066,1122,23,3,27.00,27624.24,0.08,0.04,N,O,1997-09-11,1997-10-20,1997-09-28,COLLECT COD,REG AIR,silent courts was. silent asym
36066-4,36066,242,24,4,37.00,42262.88,0.04,0.06,N,O,1997-12-27,1997-11-05,1998-01-09,TAKE BACK RETURN,MAIL, beans are qui
36066-5,36066,336,37,5,46.00,56871.18,0.07,0.00,N,O,1997-09-12,1997-10-06,1997-09-26,TAKE BACK RETURN,FOB,kages. furiously special theodolit
36066-6,36066,1438,78,6,24.00,32146.32,0.07,0.04,N,O,1997-12-28,1997-11-05,1998-01-27,NONE,TRUCK, blithely final foxes. fluffily bold d
36066-7,36066,1676,100,7,43.00,67839.81,0.08,0.02,N,O,1997-11-05,1997-11-19,1997-11-24,COLLECT COD,MAIL,ts. excuses detect carefully. fluffily e
36067-1,36067,1348,63,1,34.00,42477.56,0.10,0.07,A,F,1994-07-31,1994-08-19,1994-08-27,COLLECT COD,FOB,. slyly ironic packages sleep
36067-2,36067,1139,40,2,21.00,21842.73,0.00,0.01,R,F,1994-07-22,1994-08-18,1994-07-24,COLLECT COD,REG AIR,odolites. furiously fin
36068-1,36068,1628,11,1,2.00,3059.24,0.02,0.06,R,F,1994-02-24,1994-05-06,1994-03-18,COLLECT COD,MAIL, ideas are slyly furiousl
36068-2,36068,1819,20,2,47.00,80878.07,0.08,0.03,A,F,1994-03-08,1994-04-16,1994-03-27,DELIVER IN PERSON,TRUCK,heodolites. orbits run acro
36068-3,36068,1068,39,3,3.00,2907.18,0.06,0.05,R,F,1994-06-06,1994-03-12,1994-06-08,NONE,FOB,e the furiously final asymptotes. 
36068-4,36068,1096,2,4,8.00,7976.72,0.09,0.07,R,F,1994-04-28,1994-04-25,1994-05-01,COLLECT COD,SHIP,blithely final ideas. ironic pinto beans
36068-5,36068,1294,69,5,46.00,54983.34,0.03,0.06,R,F,1994-05-29,1994-03-20,1994-06-27,NONE,TRUCK,e requests. final platelets cajole qui
36069-1,36069,81,82,1,5.00,4905.40,0.09,0.06,A,F,1995-02-13,1995-01-27,1995-02-14,DELIVER IN PERSON,AIR,y special theodolites. fur
36069-2,36069,1529,50,2,11.00,15735.72,0.10,0.07,A,F,1995-02-01,1995-02-04,1995-02-04,NONE,MAIL, blithely outside th
36069-3,36069,1497,98,3,5.00,6992.45,0.04,0.02,A,F,1994-12-10,1995-02-18,1995-01-08,COLLECT COD,SHIP, packages. slyly b
36069-4,36069,1345,84,4,3.00,3739.02,0.04,0.06,A,F,1994-12-17,1995-02-27,1994-12-18,TAKE BACK RETURN,AIR,uctions against the slowly ir
36069-5,36069,1092,93,5,12.00,11917.08,0.03,0.01,R,F,1994-12-30,1995-02-09,1995-01-01,NONE,MAIL,y through the slyly regular pattern
36069-6,36069,452,82,6,33.00,44630.85,0.08,0.01,A,F,1995-03-20,1995-01-23,1995-03-25,TAKE BACK RETURN,RAIL,he bold escapades.
36069-7,36069,1791,34,7,11.00,18620.69,0.08,0.02,A,F,1995-01-26,1995-01-08,1995-02-18,NONE,TRUCK,"sual, final ideas eat. regular th"
36070-1,36070,1437,77,1,30.00,40152.90,0.08,0.01,N,O,1998-07-08,1998-08-31,1998-07-14,COLLECT COD,MAIL,fter the dependencies affix about the pinto
36070-2,36070,945,80,2,41.00,75683.54,0.03,0.07,N,O,1998-07-29,1998-08-29,1998-08-05,DELIVER IN PERSON,SHIP,eans. slyly express packa
36070-3,36070,302,87,3,27.00,32462.10,0.09,0.01,N,O,1998-08-30,1998-07-29,1998-09-23,NONE,AIR,ly special asymptotes. carefully pendi
36070-4,36070,1348,25,4,42.00,52472.28,0.02,0.08,N,O,1998-07-17,1998-08-21,1998-08-14,TAKE BACK RETURN,TRUCK,e pinto beans. bold theodolites are carefu
36070-5,36070,971,72,5,20.00,37439.40,0.05,0.03,N,O,1998-06-24,1998-08-10,1998-06-26,NONE,REG AIR,"cross the ironic, reg"
36070-6,36070,732,65,6,14.00,22858.22,0.05,0.06,N,O,1998-09-11,1998-08-28,1998-10-04,TAKE BACK RETURN,REG AIR, slyly fin
36071-1,36071,1953,42,1,28.00,51938.60,0.09,0.03,R,F,1994-03-14,1994-01-01,1994-03-17,DELIVER IN PERSON,SHIP, above the sauternes are slyl
36096-1,36096,1470,49,1,22.00,30172.34,0.04,0.07,A,F,1993-05-11,1993-04-05,1993-05-15,COLLECT COD,RAIL,y regular accounts promise. s
36096-2,36096,46,22,2,28.00,26489.12,0.03,0.06,A,F,1993-03-23,1993-03-20,1993-03-29,DELIVER IN PERSON,AIR,y final platelets might haggle blithely 
36097-1,36097,17,68,1,12.00,11004.12,0.05,0.05,N,O,1998-05-21,1998-04-26,1998-06-18,DELIVER IN PERSON,RAIL,", regular instructions about the quickl"
36097-2,36097,576,67,2,12.00,17718.84,0.10,0.01,N,O,1998-06-14,1998-04-30,1998-07-13,TAKE BACK RETURN,RAIL,blithely carefully regular i
36097-3,36097,609,10,3,35.00,52836.00,0.07,0.03,N,O,1998-03-06,1998-05-05,1998-04-05,DELIVER IN PERSON,SHIP, the carefully unusual acco
36097-4,36097,1083,84,4,18.00,17713.44,0.09,0.06,N,O,1998-05-25,1998-03-28,1998-06-06,DELIVER IN PERSON,SHIP,furiously. final packag
36098-1,36098,279,61,1,38.00,44812.26,0.06,0.02,N,O,1996-03-15,1996-01-20,1996-04-04,COLLECT COD,REG AIR,al deposits boost furi
36099-1,36099,622,23,1,38.00,57859.56,0.04,0.05,A,F,1993-12-01,1993-11-10,1993-12-11,DELIVER IN PERSON,MAIL,inst the furious braids. fina
36099-2,36099,1610,11,2,1.00,1511.61,0.06,0.01,R,F,1993-11-28,1993-11-18,1993-12-25,NONE,MAIL, sleep alongside of the final deposit
36099-3,36099,1064,65,3,14.00,13510.84,0.02,0.00,R,F,1993-10-28,1993-11-01,1993-11-02,NONE,FOB,t accounts eat slyly furiously ex
36099-4,36099,13,64,4,8.00,7304.08,0.07,0.08,R,F,1993-10-24,1993-11-04,1993-11-15,TAKE BACK RETURN,MAIL,fluffily above the packages. ironic re
36099-5,36099,281,63,5,41.00,48432.48,0.00,0.06,R,F,1993-09-20,1993-11-20,1993-10-08,NONE,AIR,as. furiously bold deposits integrat
36099-6,36099,706,3,6,1.00,1606.70,0.01,0.06,R,F,1993-09-23,1993-12-13,1993-10-21,DELIVER IN PERSON,REG AIR,ackages snooze quickly past t
36100-1,36100,1385,62,1,18.00,23154.84,0.10,0.07,R,F,1992-10-18,1992-10-09,1992-11-13,COLLECT COD,MAIL,accounts. slyly close packages
36101-1,36101,82,83,1,5.00,4910.40,0.02,0.08,R,F,1992-11-13,1992-11-19,1992-11-20,COLLECT COD,FOB,ts wake permanentl
36101-2,36101,1541,62,2,35.00,50488.90,0.05,0.06,A,F,1992-09-26,1992-11-08,1992-10-19,TAKE BACK RETURN,FOB,r sentiments around the ironic exc
36101-3,36101,832,32,3,32.00,55450.56,0.02,0.04,R,F,1992-10-05,1992-10-04,1992-10-24,COLLECT COD,REG AIR,n accounts bo
36102-1,36102,238,39,1,11.00,12520.53,0.07,0.05,R,F,1993-07-02,1993-08-14,1993-07-03,DELIVER IN PERSON,TRUCK,against the ironic packages.
36102-2,36102,1953,54,2,14.00,25969.30,0.03,0.04,A,F,1993-06-11,1993-07-17,1993-06-13,DELIVER IN PERSON,AIR, packages boost fluffily. even foxes after 
36102-3,36102,1136,9,3,19.00,19705.47,0.09,0.05,R,F,1993-06-26,1993-08-15,1993-07-13,NONE,TRUCK,s instructions. ideas doubt enticingly 
36102-4,36102,1475,76,4,5.00,6882.35,0.02,0.03,A,F,1993-07-16,1993-07-04,1993-08-09,DELIVER IN PERSON,REG AIR,n dependencies. slyly regular e
36102-5,36102,1482,83,5,31.00,42887.88,0.05,0.05,R,F,1993-08-17,1993-07-24,1993-09-08,NONE,SHIP,oxes against the bold pinto beans wake 
36102-6,36102,1279,54,6,32.00,37768.64,0.10,0.05,A,F,1993-07-19,1993-07-17,1993-07-26,NONE,MAIL,ven foxes. unusual foxes ar
36102-7,36102,1359,36,7,29.00,36550.15,0.07,0.07,A,F,1993-07-23,1993-08-14,1993-07-27,TAKE BACK RETURN,FOB,olites are. s
36103-1,36103,632,64,1,40.00,61305.20,0.03,0.02,R,F,1992-07-22,1992-07-25,1992-08-15,NONE,MAIL, beans cajole across the slyly final 
36103-2,36103,190,43,2,29.00,31615.51,0.00,0.04,R,F,1992-05-27,1992-06-16,1992-06-08,DELIVER IN PERSON,TRUCK,aids. slyly regular platelets doze
36103-3,36103,1055,26,3,42.00,40154.10,0.07,0.04,R,F,1992-05-15,1992-07-21,1992-06-09,TAKE BACK RETURN,FOB,ar Tiresias cajole blithely acc
36128-1,36128,602,65,1,4.00,6010.40,0.06,0.06,N,O,1995-10-09,1995-10-11,1995-10-23,COLLECT COD,FOB,pades. slow
36128-2,36128,1751,36,2,46.00,76026.50,0.09,0.07,N,O,1995-11-09,1995-09-20,1995-12-04,TAKE BACK RETURN,REG AIR,around the enticingly even
36129-1,36129,880,80,1,31.00,55207.28,0.05,0.08,N,O,1997-10-24,1997-09-22,1997-11-20,DELIVER IN PERSON,REG AIR,integrate blithely unu
36129-2,36129,436,66,2,45.00,60139.35,0.04,0.00,N,O,1997-08-04,1997-08-30,1997-08-26,DELIVER IN PERSON,RAIL,egular requests! quickly ironic i
36129-3,36129,752,53,3,15.00,24791.25,0.08,0.02,N,O,1997-11-03,1997-09-07,1997-11-13,DELIVER IN PERSON,RAIL,ts haggle about the express
36129-4,36129,1984,17,4,6.00,11315.88,0.06,0.03,N,O,1997-11-20,1997-10-01,1997-11-28,COLLECT COD,RAIL,ccounts haggle furiou
36130-1,36130,1242,17,1,23.00,26294.52,0.00,0.06,A,F,1992-12-26,1992-10-20,1993-01-01,COLLECT COD,SHIP,slyly final
36130-2,36130,37,38,2,11.00,10307.33,0.09,0.05,R,F,1992-10-31,1992-12-05,1992-11-22,DELIVER IN PERSON,REG AIR,uriously quick accounts. 
36130-3,36130,609,41,3,28.00,42268.80,0.01,0.08,A,F,1992-10-26,1992-11-27,1992-11-11,TAKE BACK RETURN,FOB,tes sleep furiously f
36130-4,36130,1930,75,4,25.00,45798.25,0.06,0.07,R,F,1992-11-01,1992-11-03,1992-11-05,DELIVER IN PERSON,MAIL, nag furiously. bold deposits nag fluffily 
36130-5,36130,1329,6,5,7.00,8612.24,0.03,0.04,A,F,1992-10-05,1992-10-18,1992-11-01,NONE,FOB,y slyly final pinto beans. quickly b
36130-6,36130,129,56,6,37.00,38077.44,0.10,0.01,R,F,1992-10-30,1992-11-20,1992-10-31,NONE,RAIL, final deposits alongsi
36130-7,36130,99,100,7,8.00,7992.72,0.03,0.03,R,F,1992-10-24,1992-12-02,1992-10-29,DELIVER IN PERSON,REG AIR,ly after th
36131-1,36131,1808,38,1,27.00,46164.60,0.06,0.02,R,F,1994-08-09,1994-07-22,1994-09-06,COLLECT COD,FOB,"ickly even dinos along the unusual, expr"
36131-2,36131,1919,20,2,38.00,69194.58,0.01,0.00,R,F,1994-07-13,1994-07-06,1994-08-08,TAKE BACK RETURN,RAIL,requests after the fluffily unusu
36131-3,36131,1414,15,3,30.00,39462.30,0.06,0.08,A,F,1994-05-28,1994-07-05,1994-06-18,COLLECT COD,MAIL,fully regul
36131-4,36131,1100,1,4,39.00,39042.90,0.07,0.07,A,F,1994-06-14,1994-08-07,1994-07-09,COLLECT COD,REG AIR,ckly express depos
36131-5,36131,1647,89,5,38.00,58848.32,0.06,0.03,R,F,1994-06-27,1994-07-16,1994-07-22,NONE,REG AIR,e furiously across the bold 
36132-1,36132,1133,42,1,48.00,49638.24,0.05,0.08,A,F,1992-05-27,1992-06-25,1992-06-06,COLLECT COD,RAIL,ccording to the furiously idle acco
36132-2,36132,314,43,2,48.00,58286.88,0.01,0.06,A,F,1992-05-23,1992-06-05,1992-06-18,COLLECT COD,RAIL,". regular, even foxes sleep fur"
36133-1,36133,1994,95,1,12.00,22751.88,0.10,0.07,N,O,1995-10-09,1995-11-12,1995-10-22,TAKE BACK RETURN,AIR,lar pinto beans sleep slyly. carefully 
36133-2,36133,1571,72,2,15.00,22088.55,0.04,0.03,N,O,1995-11-03,1995-11-04,1995-11-30,NONE,AIR,nusual foxes: blith
36133-3,36133,570,61,3,39.00,57352.23,0.03,0.06,N,O,1995-12-13,1995-10-15,1996-01-07,DELIVER IN PERSON,RAIL,heodolites? express ideas 
36134-1,36134,1691,92,1,26.00,41409.94,0.06,0.07,A,F,1993-12-29,1994-02-13,1994-01-01,DELIVER IN PERSON,REG AIR,y across the ideas. regul
36135-1,36135,575,66,1,9.00,13280.13,0.02,0.01,N,O,1995-07-14,1995-07-08,1995-07-27,COLLECT COD,AIR,the blithely even instructio
36135-2,36135,1227,65,2,30.00,33846.60,0.10,0.01,N,O,1995-07-02,1995-08-16,1995-07-11,DELIVER IN PERSON,TRUCK,ake blithely according
36135-3,36135,223,5,3,49.00,55037.78,0.10,0.02,N,O,1995-08-03,1995-08-02,1995-08-08,DELIVER IN PERSON,SHIP,l theodolites. carefully i
36135-4,36135,1578,59,4,31.00,45866.67,0.02,0.01,N,O,1995-09-20,1995-07-13,1995-10-09,NONE,FOB, wake slyly after the blithely ironic 
36135-5,36135,485,44,5,25.00,34637.00,0.08,0.00,N,F,1995-06-15,1995-07-15,1995-06-26,TAKE BACK RETURN,REG AIR,side of the regular deposits. qui
36135-6,36135,611,74,6,9.00,13604.49,0.03,0.08,N,O,1995-08-09,1995-08-15,1995-08-24,COLLECT COD,MAIL,es lose. slyly pending platelets 
36135-7,36135,1299,74,7,4.00,4801.16,0.02,0.01,N,O,1995-08-04,1995-08-10,1995-08-10,NONE,FOB,s. dogged ideas haggle furiously. slyly
36160-1,36160,698,61,1,20.00,31973.80,0.10,0.06,A,F,1993-01-03,1993-01-10,1993-01-22,COLLECT COD,RAIL, boost blithely careful
36160-2,36160,197,76,2,36.00,39498.84,0.07,0.08,A,F,1992-12-11,1993-02-11,1993-01-01,TAKE BACK RETURN,AIR,g ideas haggle furio
36161-1,36161,954,57,1,26.00,48228.70,0.09,0.06,A,F,1993-03-10,1993-03-20,1993-03-16,TAKE BACK RETURN,REG AIR,ithely pending requests.
36161-2,36161,1142,79,2,4.00,4172.56,0.00,0.02,A,F,1993-04-13,1993-04-01,1993-05-01,DELIVER IN PERSON,FOB,packages about the deposits sleep blith
36161-3,36161,1494,95,3,44.00,61401.56,0.07,0.05,A,F,1993-05-18,1993-03-04,1993-06-07,NONE,REG AIR,ing dolphins. eve
36161-4,36161,1650,51,4,31.00,48101.15,0.05,0.06,A,F,1993-03-16,1993-03-08,1993-03-18,TAKE BACK RETURN,RAIL,affix blithely final packages. instru
36161-5,36161,410,11,5,5.00,6552.05,0.07,0.02,R,F,1993-03-18,1993-03-07,1993-04-14,TAKE BACK RETURN,MAIL,o beans along the packages are slyly 
36161-6,36161,472,31,6,7.00,9607.29,0.07,0.06,R,F,1993-03-13,1993-03-29,1993-03-27,TAKE BACK RETURN,AIR,"y even, unusual request"
36161-7,36161,856,57,7,40.00,70274.00,0.04,0.03,R,F,1993-03-30,1993-04-02,1993-04-05,COLLECT COD,TRUCK,es are quickly
36162-1,36162,1147,56,1,7.00,7336.98,0.07,0.01,N,O,1998-05-29,1998-06-23,1998-06-04,DELIVER IN PERSON,REG AIR,ickly final
36162-2,36162,1122,59,2,50.00,51156.00,0.02,0.02,N,O,1998-06-19,1998-08-15,1998-07-05,TAKE BACK RETURN,RAIL,fluffily final de
36163-1,36163,1464,82,1,22.00,30040.12,0.03,0.05,R,F,1992-12-18,1992-12-12,1993-01-17,COLLECT COD,REG AIR,wake by the express packages.
36164-1,36164,193,46,1,38.00,41541.22,0.07,0.04,N,O,1996-03-09,1996-05-15,1996-03-26,TAKE BACK RETURN,REG AIR,kly. furiously express accounts cajole 
36164-2,36164,235,90,2,38.00,43138.74,0.04,0.01,N,O,1996-03-04,1996-04-10,1996-03-18,TAKE BACK RETURN,TRUCK,fter the bold instructions. reg
36165-1,36165,1813,14,1,16.00,27436.96,0.00,0.02,N,O,1996-09-28,1996-11-11,1996-10-24,COLLECT COD,MAIL,r requests sleep carefully. carefully
36166-1,36166,790,91,1,14.00,23671.06,0.10,0.00,N,O,1998-07-03,1998-08-29,1998-07-18,DELIVER IN PERSON,FOB,ly bold in
36166-2,36166,995,64,2,46.00,87215.54,0.08,0.06,N,O,1998-10-08,1998-08-18,1998-10-28,NONE,AIR,ckly silent accounts beli
36167-1,36167,1015,21,1,30.00,27480.30,0.00,0.07,N,O,1997-06-02,1997-06-11,1997-06-18,NONE,FOB,coys nag slyly final s
36167-2,36167,994,97,2,22.00,41689.78,0.07,0.03,N,O,1997-05-28,1997-06-09,1997-06-06,DELIVER IN PERSON,TRUCK,"ecial, regular dolphins haggle. sl"
36192-1,36192,543,74,1,42.00,60628.68,0.03,0.04,N,O,1996-05-05,1996-06-24,1996-05-13,NONE,SHIP,ing pinto 
36192-2,36192,377,6,2,21.00,26824.77,0.01,0.08,N,O,1996-06-23,1996-06-22,1996-07-18,NONE,REG AIR,integrate fluffily slyly unus
36192-3,36192,285,67,3,38.00,45040.64,0.04,0.01,N,O,1996-06-21,1996-06-25,1996-07-14,TAKE BACK RETURN,FOB,uctions nag furiously closely final pi
36193-1,36193,842,76,1,14.00,24399.76,0.01,0.08,N,O,1995-09-01,1995-09-06,1995-09-03,NONE,TRUCK,riously final deposits x-ray
36193-2,36193,1317,32,2,29.00,35330.99,0.03,0.00,N,O,1995-10-28,1995-08-29,1995-10-31,DELIVER IN PERSON,MAIL, special requests cajole dependenc
36193-3,36193,131,84,3,21.00,21653.73,0.06,0.08,N,O,1995-11-20,1995-09-18,1995-11-28,DELIVER IN PERSON,REG AIR,es nag carefully even pin
36193-4,36193,1990,35,4,32.00,60543.68,0.05,0.01,N,O,1995-10-21,1995-09-10,1995-11-12,DELIVER IN PERSON,SHIP,blithely regular asymptotes with the
36193-5,36193,1065,71,5,18.00,17389.08,0.08,0.01,N,O,1995-10-25,1995-10-20,1995-11-24,COLLECT COD,REG AIR," furiously express, fluffy theodo"
36193-6,36193,1705,90,6,15.00,24100.50,0.07,0.03,N,O,1995-10-04,1995-10-20,1995-10-19,TAKE BACK RETURN,TRUCK,ges wake quickly deposits? slyly dari
36194-1,36194,1451,52,1,29.00,39221.05,0.05,0.01,N,O,1998-01-04,1998-01-16,1998-01-25,NONE,REG AIR,"side of the regular, bold excus"
36194-2,36194,1659,83,2,25.00,39016.25,0.09,0.04,N,O,1998-01-16,1998-02-04,1998-02-04,TAKE BACK RETURN,TRUCK,press inst
36194-3,36194,201,2,3,35.00,38542.00,0.00,0.08,N,O,1998-03-28,1998-02-17,1998-04-08,NONE,REG AIR, instructions. requests boost after the 
36194-4,36194,478,37,4,38.00,52381.86,0.09,0.00,N,O,1997-12-23,1998-02-28,1997-12-25,TAKE BACK RETURN,TRUCK,ronic accounts. accounts
36194-5,36194,490,49,5,27.00,37543.23,0.00,0.08,N,O,1998-01-12,1998-03-07,1998-01-21,DELIVER IN PERSON,SHIP, quiet depths. pinto beans use carefully.
36194-6,36194,410,69,6,11.00,14414.51,0.09,0.00,N,O,1998-01-07,1998-01-30,1998-02-03,DELIVER IN PERSON,MAIL,blithely acco
36195-1,36195,1425,65,1,35.00,46424.70,0.01,0.07,N,O,1997-08-06,1997-07-25,1997-08-31,DELIVER IN PERSON,TRUCK,ithely unusua
36195-2,36195,69,45,2,8.00,7752.48,0.02,0.05,N,O,1997-08-29,1997-08-20,1997-09-08,TAKE BACK RETURN,TRUCK, after the even packages. blithely spe
36195-3,36195,411,41,3,31.00,40653.71,0.00,0.07,N,O,1997-08-09,1997-07-09,1997-08-30,TAKE BACK RETURN,MAIL,y even packages 
36195-4,36195,371,56,4,6.00,7628.22,0.02,0.01,N,O,1997-06-11,1997-07-17,1997-07-03,COLLECT COD,AIR,gular patterns cajole fluffily? fur
36195-5,36195,1461,62,5,19.00,25886.74,0.10,0.07,N,O,1997-07-03,1997-09-01,1997-07-30,NONE,AIR,heodolites about the slyl
36195-6,36195,1675,99,6,21.00,33110.07,0.05,0.04,N,O,1997-10-05,1997-07-22,1997-10-06,TAKE BACK RETURN,MAIL,nst the slyly even foxes. quickly 
36196-1,36196,82,58,1,8.00,7856.64,0.08,0.05,N,O,1995-12-03,1995-10-16,1995-12-13,COLLECT COD,FOB,nts. foxes cajole fluf
36196-2,36196,1497,15,2,25.00,34962.25,0.00,0.03,N,O,1995-10-15,1995-09-17,1995-11-02,COLLECT COD,RAIL,ggle furiously along the idly special theo
36196-3,36196,1567,48,3,13.00,19091.28,0.05,0.03,N,O,1995-11-10,1995-10-08,1995-11-21,COLLECT COD,TRUCK,furiously. 
36196-4,36196,518,9,4,43.00,60995.93,0.05,0.05,N,O,1995-10-04,1995-09-16,1995-10-21,TAKE BACK RETURN,FOB,ironic foxes are 
36196-5,36196,57,58,5,17.00,16269.85,0.10,0.01,N,O,1995-08-19,1995-10-15,1995-09-11,DELIVER IN PERSON,RAIL, wake carefully. carefully pendin
36197-1,36197,740,37,1,45.00,73833.30,0.03,0.01,R,F,1995-03-17,1995-03-03,1995-03-26,DELIVER IN PERSON,FOB,ng to the slyly b
36197-2,36197,1155,92,2,29.00,30628.35,0.06,0.00,R,F,1995-05-11,1995-03-18,1995-05-20,NONE,FOB,thely quickly special accounts. carefully
36197-3,36197,936,5,3,40.00,73477.20,0.07,0.04,R,F,1995-03-31,1995-03-25,1995-04-22,COLLECT COD,FOB,unusual requ
36197-4,36197,1457,75,4,47.00,63847.15,0.10,0.02,A,F,1995-04-28,1995-03-06,1995-04-30,DELIVER IN PERSON,MAIL, quickly unusual instructions are q
36198-1,36198,1900,30,1,32.00,57660.80,0.02,0.07,N,O,1995-09-14,1995-09-05,1995-10-12,DELIVER IN PERSON,REG AIR,deposits sleep slyly reg
36198-2,36198,700,32,2,31.00,49621.70,0.03,0.05,N,O,1995-10-22,1995-09-01,1995-11-01,TAKE BACK RETURN,TRUCK,s lose carefully silently regular accounts
36199-1,36199,1834,35,1,29.00,50339.07,0.10,0.02,N,O,1996-02-26,1996-04-02,1996-03-06,COLLECT COD,RAIL,ly regular inst
36199-2,36199,1450,90,2,40.00,54058.00,0.06,0.00,N,O,1996-04-12,1996-05-14,1996-05-05,COLLECT COD,TRUCK,"fluffily pending, ironic pinto beans. pen"
36199-3,36199,563,24,3,36.00,52688.16,0.02,0.04,N,O,1996-05-15,1996-04-12,1996-05-31,NONE,FOB,efully regular deposits integrate dogge
36224-1,36224,187,14,1,13.00,14133.34,0.06,0.00,A,F,1994-05-12,1994-07-29,1994-05-29,DELIVER IN PERSON,FOB,press deposits wake furiou
36224-2,36224,1813,100,2,28.00,48014.68,0.08,0.00,R,F,1994-08-25,1994-07-08,1994-08-27,TAKE BACK RETURN,SHIP,lites are furiously. silently quiet deposit
36224-3,36224,1232,33,3,48.00,54395.04,0.01,0.07,A,F,1994-07-18,1994-06-16,1994-07-22,TAKE BACK RETURN,REG AIR,nts doze carefully. quickly final gift
36225-1,36225,481,82,1,29.00,40062.92,0.10,0.05,N,O,1997-10-06,1997-07-11,1997-11-02,COLLECT COD,TRUCK,posits after the slyly bold requests dete
36225-2,36225,180,7,2,22.00,23763.96,0.08,0.03,N,O,1997-08-02,1997-08-23,1997-08-09,TAKE BACK RETURN,TRUCK,ding multipliers. ironic excuses detect.
36225-3,36225,1190,91,3,33.00,36009.27,0.02,0.08,N,O,1997-09-11,1997-08-30,1997-10-01,DELIVER IN PERSON,SHIP,xpress pinto beans boost 
36226-1,36226,571,2,1,31.00,45618.67,0.00,0.05,N,O,1997-04-19,1997-02-07,1997-05-19,TAKE BACK RETURN,MAIL, slyly unusual excuses haggle along the sl
36226-2,36226,838,39,2,45.00,78247.35,0.02,0.04,N,O,1997-03-04,1997-02-19,1997-03-26,TAKE BACK RETURN,MAIL,the express requests. slyly
36226-3,36226,1635,18,3,7.00,10756.41,0.06,0.07,N,O,1997-03-02,1997-02-26,1997-03-21,DELIVER IN PERSON,REG AIR,low ideas. slyly ironic dependencies use r
36226-4,36226,274,2,4,46.00,54016.42,0.06,0.01,N,O,1997-03-12,1997-02-11,1997-04-02,NONE,RAIL,rding to the carefully unusual depo
36226-5,36226,886,53,5,40.00,71475.20,0.07,0.03,N,O,1997-01-02,1997-03-27,1997-01-04,DELIVER IN PERSON,MAIL,". bold, pending depende"
36227-1,36227,1772,99,1,48.00,80340.96,0.10,0.05,N,O,1996-06-11,1996-05-22,1996-06-25,NONE,MAIL,de of the blithely unusual
36227-2,36227,1057,58,2,48.00,45986.40,0.07,0.05,N,O,1996-05-15,1996-05-20,1996-05-30,DELIVER IN PERSON,AIR,sts affix slyly. furi
36227-3,36227,1695,96,3,31.00,49497.39,0.06,0.07,N,O,1996-06-25,1996-06-14,1996-07-06,COLLECT COD,FOB,refully unusual instructio
36227-4,36227,583,44,4,32.00,47474.56,0.02,0.06,N,O,1996-05-03,1996-04-29,1996-05-09,TAKE BACK RETURN,FOB,hogs integrate carefully along t
36228-1,36228,1153,54,1,11.00,11595.65,0.10,0.02,N,O,1998-02-25,1998-02-04,1998-03-19,DELIVER IN PERSON,FOB,slyly about t
36228-2,36228,465,53,2,16.00,21847.36,0.01,0.08,N,O,1998-01-24,1998-02-15,1998-01-27,TAKE BACK RETURN,SHIP,y bold packages. carefull
36228-3,36228,667,68,3,13.00,20379.58,0.01,0.06,N,O,1997-12-28,1998-02-25,1998-01-11,NONE,SHIP,oxes must cajole am
36228-4,36228,1680,4,4,21.00,33215.28,0.02,0.04,N,O,1998-03-23,1998-02-13,1998-04-09,COLLECT COD,AIR,fter the fluffily pending ideas. p
36229-1,36229,1082,83,1,19.00,18678.52,0.06,0.01,A,F,1992-11-28,1992-12-19,1992-12-13,NONE,FOB, special accounts hinder slyly along t
36229-2,36229,1748,49,2,36.00,59390.64,0.04,0.00,R,F,1992-11-05,1992-12-10,1992-12-05,COLLECT COD,REG AIR,ideas alongside of the regular pac
36229-3,36229,1661,62,3,42.00,65631.72,0.04,0.06,A,F,1992-12-18,1992-11-29,1992-12-31,DELIVER IN PERSON,FOB,egular grouches.
36229-4,36229,821,21,4,15.00,25827.30,0.08,0.06,R,F,1993-01-05,1992-12-08,1993-01-21,NONE,FOB,oss the requests. silent packa
36229-5,36229,664,65,5,10.00,15646.60,0.03,0.05,A,F,1992-09-26,1992-11-11,1992-10-21,DELIVER IN PERSON,REG AIR,ongside of the express requests. asymptotes
36229-6,36229,1917,50,6,42.00,76394.22,0.01,0.03,R,F,1992-10-12,1992-12-03,1992-10-28,COLLECT COD,MAIL,ly final th
36229-7,36229,1574,95,7,31.00,45742.67,0.09,0.00,R,F,1992-12-05,1992-11-16,1992-12-31,DELIVER IN PERSON,RAIL,thely final somas use sl
36230-1,36230,689,83,1,37.00,58818.16,0.01,0.06,R,F,1994-07-30,1994-07-17,1994-08-04,COLLECT COD,REG AIR,ts cajole fluffily. f
36230-2,36230,1124,61,2,4.00,4100.48,0.01,0.05,R,F,1994-08-17,1994-08-25,1994-09-06,DELIVER IN PERSON,SHIP,the regular deposits: carefully iro
36230-3,36230,1559,80,3,27.00,39434.85,0.00,0.04,R,F,1994-06-29,1994-08-13,1994-07-03,COLLECT COD,RAIL,t carefully idle pack
36230-4,36230,1762,5,4,33.00,54904.08,0.03,0.07,R,F,1994-06-14,1994-08-08,1994-06-30,NONE,MAIL,"xpress, even ide"
36230-5,36230,998,1,5,34.00,64565.66,0.07,0.04,R,F,1994-07-29,1994-09-04,1994-08-18,COLLECT COD,TRUCK,. regular dependencies along the furiously
36230-6,36230,104,57,6,8.00,8032.80,0.06,0.04,R,F,1994-06-23,1994-07-29,1994-07-09,DELIVER IN PERSON,REG AIR,ans. furiously ironic requests affix 
36230-7,36230,499,100,7,38.00,53180.62,0.05,0.07,A,F,1994-08-06,1994-08-11,1994-08-27,DELIVER IN PERSON,RAIL, have to ca
36231-1,36231,1060,31,1,41.00,39403.46,0.04,0.05,A,F,1992-12-16,1993-02-18,1993-01-09,TAKE BACK RETURN,MAIL,ar asymptotes sleep furiously. slyly bl
36231-2,36231,1334,11,2,7.00,8647.31,0.01,0.08,A,F,1993-01-15,1993-01-22,1993-01-25,COLLECT COD,RAIL,s. carefully regular hockey players cajol
36231-3,36231,1708,9,3,30.00,48291.00,0.10,0.06,R,F,1993-03-26,1993-02-09,1993-04-07,NONE,SHIP,thely blithely even accounts. ironic p
36256-1,36256,1156,93,1,7.00,7400.05,0.03,0.00,N,O,1996-12-24,1997-02-10,1997-01-10,DELIVER IN PERSON,SHIP,fully excuses. furiously regular inst
36256-2,36256,517,48,2,40.00,56700.40,0.02,0.03,N,O,1997-02-22,1997-03-20,1997-03-21,NONE,AIR,equests. furiously final packa
36256-3,36256,522,53,3,24.00,34140.48,0.06,0.04,N,O,1996-12-28,1997-03-18,1996-12-29,TAKE BACK RETURN,FOB,uests cajole alo
36256-4,36256,733,34,4,47.00,76785.31,0.10,0.04,N,O,1996-12-27,1997-02-20,1997-01-25,TAKE BACK RETURN,FOB,icingly final pinto beans? carefully 
36256-5,36256,215,16,5,27.00,30110.67,0.04,0.01,N,O,1997-01-19,1997-02-06,1997-02-12,DELIVER IN PERSON,SHIP,at the blit
36256-6,36256,1163,64,6,2.00,2128.32,0.06,0.00,N,O,1996-12-30,1997-01-28,1997-01-24,NONE,SHIP,uests. regular asymptotes hang furious
36256-7,36256,764,97,7,37.00,61596.12,0.07,0.01,N,O,1997-01-23,1997-03-01,1997-01-26,TAKE BACK RETURN,TRUCK,"al, permanent sheaves are. eve"
36257-1,36257,78,29,1,43.00,42057.01,0.09,0.06,A,F,1992-03-07,1992-05-26,1992-03-26,COLLECT COD,AIR,platelets kindle.
36257-2,36257,645,8,2,20.00,30912.80,0.00,0.06,A,F,1992-06-15,1992-05-10,1992-06-28,DELIVER IN PERSON,SHIP,aintain carefully. accounts nag i
36257-3,36257,396,25,3,19.00,24631.41,0.10,0.06,A,F,1992-03-03,1992-04-25,1992-03-20,DELIVER IN PERSON,MAIL,packages. carefully express requests
36258-1,36258,1967,56,1,42.00,78496.32,0.00,0.00,A,F,1995-03-24,1995-03-27,1995-04-19,TAKE BACK RETURN,RAIL,"otes; ironic, regular requests x-ray reg"
36258-2,36258,1453,93,2,2.00,2708.90,0.04,0.08,A,F,1995-04-07,1995-04-27,1995-04-18,NONE,AIR,nic packages. blithely bold de
36258-3,36258,1384,85,3,41.00,52700.58,0.00,0.08,A,F,1995-02-18,1995-03-12,1995-02-24,DELIVER IN PERSON,SHIP, regular requests. blithely ironic deposi
36259-1,36259,1180,89,1,21.00,22704.78,0.05,0.05,N,O,1996-12-12,1996-12-21,1996-12-23,NONE,SHIP,lithe platelets sleep carefully fin
36260-1,36260,433,21,1,46.00,61337.78,0.10,0.00,N,O,1997-12-14,1997-11-13,1998-01-06,DELIVER IN PERSON,TRUCK,"r, pending somas are carefully acco"
36260-2,36260,945,80,2,29.00,53532.26,0.02,0.02,N,O,1997-12-26,1997-10-18,1998-01-06,TAKE BACK RETURN,TRUCK,structions. final
36260-3,36260,594,55,3,11.00,16440.49,0.06,0.00,N,O,1997-11-13,1997-11-27,1997-11-29,TAKE BACK RETURN,MAIL,ily blithely pe
36261-1,36261,1988,89,1,42.00,79379.16,0.01,0.00,N,O,1996-06-22,1996-07-01,1996-07-01,NONE,RAIL,ckages haggl
36261-2,36261,1412,52,2,10.00,13134.10,0.00,0.00,N,O,1996-08-13,1996-06-29,1996-08-31,COLLECT COD,TRUCK,s. blithely sly deposits are quickly
36261-3,36261,1185,86,3,38.00,41274.84,0.03,0.03,N,O,1996-06-08,1996-07-10,1996-06-17,DELIVER IN PERSON,FOB, about the i
36261-4,36261,1222,23,4,26.00,29203.72,0.04,0.01,N,O,1996-07-12,1996-07-31,1996-07-25,DELIVER IN PERSON,TRUCK,s-- furiously final asy
36261-5,36261,700,94,5,34.00,54423.80,0.03,0.01,N,O,1996-06-14,1996-07-31,1996-07-01,COLLECT COD,REG AIR,ing to the accounts wake ruthlessly above 
36261-6,36261,1162,35,6,1.00,1063.16,0.09,0.02,N,O,1996-06-18,1996-06-23,1996-07-08,NONE,AIR, carefully unusual accounts. blithely regu
36261-7,36261,277,32,7,44.00,51799.88,0.02,0.08,N,O,1996-07-05,1996-06-19,1996-07-13,COLLECT COD,SHIP,rash across the regul
36262-1,36262,1147,20,1,48.00,50310.72,0.10,0.08,A,F,1993-09-07,1993-09-05,1993-10-06,DELIVER IN PERSON,MAIL,"press, final requests"
36262-2,36262,152,79,2,1.00,1052.15,0.00,0.01,R,F,1993-09-12,1993-09-10,1993-10-11,DELIVER IN PERSON,FOB,ronic Tiresias sleep against the warhors
36262-3,36262,798,99,3,36.00,61156.44,0.04,0.08,A,F,1993-10-08,1993-10-21,1993-11-06,COLLECT COD,AIR,s along the furiously quick deposits wake
36262-4,36262,1803,90,4,13.00,22162.40,0.07,0.01,R,F,1993-10-18,1993-10-01,1993-11-01,TAKE BACK RETURN,RAIL,ptotes are fluffily
36262-5,36262,1039,40,5,8.00,7520.24,0.09,0.08,R,F,1993-11-07,1993-09-17,1993-11-08,TAKE BACK RETURN,RAIL,s. carefully regular dependencies b
36262-6,36262,1784,27,6,21.00,35401.38,0.04,0.01,A,F,1993-10-25,1993-09-24,1993-11-09,NONE,RAIL,"lar, quick ideas"
36263-1,36263,1770,97,1,6.00,10030.62,0.04,0.05,N,O,1998-01-30,1998-04-23,1998-02-10,COLLECT COD,RAIL,ades about the furiously special foxes wa
36263-2,36263,1069,40,2,35.00,33952.10,0.05,0.04,N,O,1998-05-14,1998-03-28,1998-05-22,DELIVER IN PERSON,FOB,s. slyly final ac
36263-3,36263,1873,74,3,47.00,83418.89,0.08,0.01,N,O,1998-05-06,1998-04-03,1998-05-17,NONE,AIR,ake blithely sp
36263-4,36263,831,32,4,40.00,69273.20,0.06,0.03,N,O,1998-03-13,1998-03-16,1998-03-21,TAKE BACK RETURN,AIR,ding to the furi
36263-5,36263,311,68,5,34.00,41184.54,0.09,0.01,N,O,1998-03-31,1998-04-24,1998-04-25,DELIVER IN PERSON,TRUCK,. fluffily pending pinto beans near
36263-6,36263,481,40,6,28.00,38681.44,0.00,0.04,N,O,1998-03-29,1998-03-21,1998-04-19,NONE,SHIP, carefully. blithely regular acc
36288-1,36288,1849,93,1,46.00,80538.64,0.05,0.03,A,F,1993-01-28,1993-04-18,1993-02-17,TAKE BACK RETURN,TRUCK,al ideas. quickly regul
36289-1,36289,1205,43,1,47.00,51991.40,0.06,0.02,R,F,1994-06-04,1994-06-29,1994-06-13,NONE,REG AIR,special requests. fluffily even excuses wa
36289-2,36289,1110,83,2,2.00,2022.22,0.00,0.05,A,F,1994-08-31,1994-08-17,1994-09-08,COLLECT COD,SHIP, asymptotes. bold decoys cajole 
36289-3,36289,1935,80,3,50.00,91846.50,0.00,0.02,A,F,1994-07-15,1994-07-23,1994-07-28,COLLECT COD,REG AIR,tructions wake caref
36289-4,36289,922,23,4,49.00,89323.08,0.06,0.04,R,F,1994-06-21,1994-08-20,1994-07-12,COLLECT COD,SHIP,egular plate
36290-1,36290,944,79,1,4.00,7379.76,0.09,0.08,R,F,1993-10-24,1993-12-07,1993-11-10,NONE,SHIP,unts around the qui
36290-2,36290,1161,34,2,14.00,14870.24,0.06,0.05,A,F,1993-11-14,1993-12-01,1993-11-18,COLLECT COD,TRUCK,s. slyly pending pearls sleep slyly. ironi
36291-1,36291,935,38,1,27.00,49570.11,0.10,0.04,N,O,1997-10-03,1997-08-09,1997-10-12,TAKE BACK RETURN,TRUCK,special ac
36291-2,36291,1687,88,2,4.00,6354.72,0.04,0.07,N,O,1997-07-14,1997-07-21,1997-07-17,COLLECT COD,REG AIR,"engage even, bol"
36291-3,36291,448,36,3,22.00,29665.68,0.06,0.04,N,O,1997-10-16,1997-08-17,1997-11-04,NONE,AIR,posits. ironic requests engage f
36291-4,36291,219,74,4,22.00,24622.62,0.08,0.00,N,O,1997-07-15,1997-08-21,1997-07-27,NONE,AIR,eposits. final theodolites 
36292-1,36292,1056,92,1,46.00,44024.30,0.02,0.02,R,F,1993-04-21,1993-04-26,1993-04-27,DELIVER IN PERSON,RAIL,uietly unusual instructions sl
36292-2,36292,165,66,2,15.00,15977.40,0.04,0.02,A,F,1993-03-26,1993-03-27,1993-03-28,COLLECT COD,SHIP,theodolites around the furiously enticin
36292-3,36292,1972,61,3,32.00,59967.04,0.07,0.02,R,F,1993-06-06,1993-03-23,1993-06-12,TAKE BACK RETURN,SHIP,"gular, express asymptotes hagg"
36292-4,36292,1931,32,4,7.00,12830.51,0.10,0.03,A,F,1993-05-27,1993-05-02,1993-06-11,TAKE BACK RETURN,AIR,s haggle carefully accoun
36292-5,36292,1207,45,5,35.00,38787.00,0.02,0.07,A,F,1993-03-06,1993-04-13,1993-03-31,DELIVER IN PERSON,FOB,"gular, ironic deposits wake furiously."
36292-6,36292,88,89,6,38.00,37547.04,0.04,0.02,A,F,1993-05-21,1993-04-07,1993-05-25,TAKE BACK RETURN,MAIL,ts haggle quickly slyly final packages.
36293-1,36293,87,63,1,44.00,43431.52,0.04,0.02,A,F,1994-01-14,1994-02-16,1994-01-19,COLLECT COD,AIR,"nts. special, special p"
36293-2,36293,61,62,2,46.00,44208.76,0.09,0.05,A,F,1994-01-11,1994-02-20,1994-01-24,TAKE BACK RETURN,TRUCK,r accounts. carefully bl
36293-3,36293,1739,40,3,16.00,26251.68,0.10,0.05,R,F,1994-03-29,1994-03-22,1994-04-22,NONE,SHIP, ideas across the final p
36293-4,36293,1317,56,4,5.00,6091.55,0.06,0.03,A,F,1994-04-17,1994-03-26,1994-04-21,COLLECT COD,REG AIR,arefully unusual instructions. regular 
36293-5,36293,450,51,5,5.00,6752.25,0.04,0.06,R,F,1994-01-27,1994-03-17,1994-01-29,TAKE BACK RETURN,FOB,s. quickly ruthle
36293-6,36293,1207,82,6,5.00,5541.00,0.08,0.08,R,F,1994-02-27,1994-03-08,1994-03-19,COLLECT COD,MAIL,losely along the slyly regular p
36294-1,36294,1368,83,1,1.00,1269.36,0.08,0.08,A,F,1992-12-01,1992-10-10,1992-12-05,DELIVER IN PERSON,MAIL,usual packages haggle. qu
36294-2,36294,1366,5,2,9.00,11406.24,0.08,0.07,A,F,1992-11-15,1992-11-02,1992-11-18,DELIVER IN PERSON,FOB,h unusual req
36294-3,36294,1790,33,3,8.00,13534.32,0.07,0.05,R,F,1992-10-30,1992-10-09,1992-11-06,NONE,RAIL, final req
36295-1,36295,1188,97,1,25.00,27229.50,0.10,0.08,R,F,1993-11-02,1993-10-30,1993-11-26,TAKE BACK RETURN,RAIL,l pinto bean
36295-2,36295,544,75,2,33.00,47669.82,0.09,0.00,R,F,1993-12-22,1993-11-17,1994-01-17,NONE,RAIL,aters boost enticingly slyly ruthless 
36295-3,36295,1910,55,3,6.00,10871.46,0.00,0.02,A,F,1993-09-21,1993-11-22,1993-10-07,COLLECT COD,RAIL,sits. deposits boost according to
36295-4,36295,1159,68,4,39.00,41345.85,0.09,0.03,A,F,1993-10-12,1993-10-18,1993-10-30,COLLECT COD,TRUCK,ronic instructions. bold 
36295-5,36295,1400,1,5,12.00,15616.80,0.08,0.02,R,F,1993-11-23,1993-10-21,1993-12-01,COLLECT COD,SHIP,odolites wake.
36295-6,36295,1892,22,6,7.00,12557.23,0.05,0.04,A,F,1993-11-12,1993-11-16,1993-12-05,NONE,TRUCK,ts sleep quickly
36320-1,36320,1438,39,1,44.00,58934.92,0.05,0.05,R,F,1994-09-12,1994-11-03,1994-10-06,NONE,REG AIR,azzle carefully. unusual excuses h
36320-2,36320,71,47,2,12.00,11652.84,0.06,0.03,A,F,1994-08-11,1994-10-11,1994-08-12,NONE,MAIL,lar sheaves.
36320-3,36320,437,25,3,6.00,8024.58,0.06,0.08,R,F,1994-08-14,1994-10-03,1994-08-22,TAKE BACK RETURN,REG AIR,beans above the express packages 
36321-1,36321,359,16,1,18.00,22668.30,0.00,0.00,N,O,1995-11-16,1995-12-03,1995-11-17,TAKE BACK RETURN,TRUCK,y daring packages. slyly pendin
36321-2,36321,1121,94,2,40.00,40884.80,0.03,0.00,N,O,1995-09-28,1995-11-27,1995-10-18,COLLECT COD,SHIP,jole after
36322-1,36322,1294,6,1,27.00,32272.83,0.09,0.05,N,O,1996-07-24,1996-07-12,1996-08-06,COLLECT COD,MAIL,"ironic, ironic pinto "
36322-2,36322,1262,63,2,18.00,20938.68,0.06,0.08,N,O,1996-07-13,1996-06-15,1996-07-14,DELIVER IN PERSON,MAIL,sleep about
36322-3,36322,459,47,3,47.00,63894.15,0.03,0.01,N,O,1996-05-25,1996-06-19,1996-06-02,COLLECT COD,SHIP,onic instructions. sometimes even ideas ha
36323-1,36323,830,64,1,33.00,57117.39,0.05,0.00,A,F,1994-01-13,1994-01-15,1994-02-07,TAKE BACK RETURN,RAIL, cajole according to the ironic accounts.
36324-1,36324,550,41,1,26.00,37714.30,0.06,0.03,A,F,1992-05-31,1992-07-31,1992-06-15,TAKE BACK RETURN,AIR,ly along the even 
36324-2,36324,1422,1,2,13.00,17204.46,0.00,0.08,A,F,1992-08-06,1992-07-18,1992-08-09,TAKE BACK RETURN,RAIL,heodolites integrate across the slyly
36324-3,36324,1080,51,3,7.00,6867.56,0.09,0.07,A,F,1992-08-15,1992-07-06,1992-08-22,TAKE BACK RETURN,RAIL, beans. ca
36324-4,36324,925,60,4,6.00,10955.52,0.04,0.01,R,F,1992-08-20,1992-07-19,1992-08-31,NONE,REG AIR,ntiments. do
36324-5,36324,488,76,5,26.00,36100.48,0.04,0.04,A,F,1992-07-25,1992-06-27,1992-08-01,DELIVER IN PERSON,TRUCK,to the depos
36324-6,36324,1795,80,6,16.00,27148.64,0.03,0.06,R,F,1992-06-07,1992-08-07,1992-06-25,DELIVER IN PERSON,RAIL,r foxes. carefully ironic foxes are 
36325-1,36325,186,13,1,16.00,17378.88,0.03,0.03,N,O,1997-04-17,1997-02-15,1997-05-09,TAKE BACK RETURN,TRUCK,ly blithely even packages. furiously u
36325-2,36325,1897,27,2,10.00,17988.90,0.05,0.01,N,O,1997-01-23,1997-03-26,1997-02-07,DELIVER IN PERSON,REG AIR,ructions doubt quickly. pac
36325-3,36325,1403,4,3,33.00,43045.20,0.06,0.03,N,O,1997-01-14,1997-03-09,1997-01-26,TAKE BACK RETURN,RAIL,lar instructions. blithely final deposit
36326-1,36326,247,2,1,3.00,3441.72,0.00,0.03,R,F,1993-08-31,1993-09-11,1993-09-19,DELIVER IN PERSON,MAIL,eposits use carefully. special ex
36327-1,36327,283,84,1,42.00,49697.76,0.07,0.04,A,F,1995-02-26,1995-01-13,1995-03-06,NONE,FOB,efully final
36327-2,36327,196,75,2,20.00,21923.80,0.02,0.04,A,F,1995-02-15,1995-01-14,1995-02-24,NONE,RAIL,nic packages wake according to
36327-3,36327,747,48,3,12.00,19772.88,0.01,0.08,R,F,1995-01-25,1995-01-25,1995-02-14,COLLECT COD,AIR,ly pending accounts. blithely even de
36327-4,36327,922,57,4,24.00,43750.08,0.02,0.02,A,F,1995-02-10,1995-01-02,1995-03-02,COLLECT COD,FOB,osits use furiously ruthl
36352-1,36352,1209,21,1,10.00,11102.00,0.10,0.07,A,F,1995-04-26,1995-05-30,1995-05-20,DELIVER IN PERSON,AIR,nal deposits-- 
36352-2,36352,1416,17,2,3.00,3952.23,0.10,0.02,N,F,1995-06-10,1995-05-05,1995-07-01,DELIVER IN PERSON,SHIP,nding packages. carefully final pinto beans
36352-3,36352,1036,7,3,21.00,19677.63,0.05,0.03,R,F,1995-05-06,1995-05-29,1995-05-10,DELIVER IN PERSON,RAIL, furiously after the blithely ex
36352-4,36352,926,61,4,24.00,43846.08,0.10,0.04,R,F,1995-06-06,1995-05-19,1995-06-17,TAKE BACK RETURN,AIR,haggle carefully specia
36353-1,36353,112,91,1,31.00,31375.41,0.02,0.01,N,O,1996-11-04,1996-09-18,1996-11-08,TAKE BACK RETURN,REG AIR,aintain about the fu
36353-2,36353,1651,75,2,36.00,55895.40,0.02,0.08,N,O,1996-09-22,1996-09-15,1996-10-20,NONE,AIR,e along the frets? ironic i
36353-3,36353,1818,5,3,12.00,20637.72,0.00,0.03,N,O,1996-11-25,1996-10-18,1996-12-10,COLLECT COD,REG AIR,ly unusual t
36353-4,36353,1809,53,4,42.00,71853.60,0.03,0.07,N,O,1996-08-13,1996-09-29,1996-08-27,DELIVER IN PERSON,TRUCK,nag orbits? final requests wak
36353-5,36353,1677,1,5,9.00,14208.03,0.02,0.08,N,O,1996-10-07,1996-11-07,1996-10-27,DELIVER IN PERSON,FOB,ckly pendin
36354-1,36354,259,87,1,8.00,9274.00,0.04,0.07,R,F,1992-06-15,1992-07-12,1992-07-05,NONE,FOB,uickly ironic packages
36354-2,36354,1478,57,2,42.00,57937.74,0.00,0.02,A,F,1992-07-15,1992-07-23,1992-07-31,TAKE BACK RETURN,RAIL,"gle final, "
36354-3,36354,1116,17,3,24.00,24410.64,0.05,0.08,R,F,1992-09-06,1992-08-01,1992-10-03,DELIVER IN PERSON,TRUCK,ly ironic fo
36354-4,36354,1681,23,4,46.00,72803.28,0.02,0.03,A,F,1992-06-15,1992-08-17,1992-07-01,TAKE BACK RETURN,TRUCK,pinto beans. daringly even accounts hag
36354-5,36354,624,56,5,19.00,28967.78,0.00,0.00,A,F,1992-08-17,1992-07-16,1992-09-10,TAKE BACK RETURN,RAIL,ress packages wake furiously. pending pac
36355-1,36355,711,12,1,47.00,75750.37,0.05,0.04,A,F,1994-12-22,1995-03-02,1995-01-20,DELIVER IN PERSON,REG AIR,y close dolphins. slyly unusual packa
36355-2,36355,1016,22,2,25.00,22925.25,0.05,0.05,A,F,1995-03-30,1995-02-04,1995-04-24,TAKE BACK RETURN,RAIL,quickly iron
36355-3,36355,648,42,3,13.00,20132.32,0.08,0.04,A,F,1995-03-15,1995-01-17,1995-03-30,COLLECT COD,AIR,cies nag regular requests. fu
36355-4,36355,1625,8,4,46.00,70224.52,0.08,0.04,A,F,1994-12-07,1995-02-19,1994-12-25,NONE,AIR,y across the unusual theodolites. regul
36355-5,36355,541,32,5,8.00,11532.32,0.07,0.01,R,F,1994-12-26,1995-02-02,1994-12-28,DELIVER IN PERSON,MAIL,deposits. bravely ir
36355-6,36355,1781,66,6,16.00,26924.48,0.03,0.01,A,F,1994-12-17,1995-01-20,1995-01-16,COLLECT COD,SHIP,ly regular pinto beans. dari
36355-7,36355,1062,68,7,27.00,26002.62,0.00,0.07,A,F,1995-01-07,1995-02-19,1995-02-05,COLLECT COD,REG AIR,"ial accounts. ironic, un"
36356-1,36356,1355,94,1,9.00,11307.15,0.09,0.02,N,O,1996-03-04,1996-01-25,1996-03-07,DELIVER IN PERSON,TRUCK,he unusual accounts. furio
36356-2,36356,454,42,2,8.00,10835.60,0.04,0.00,N,O,1996-01-22,1996-03-12,1996-02-05,TAKE BACK RETURN,MAIL,ideas wake. carefully special ins
36356-3,36356,1436,76,3,12.00,16049.16,0.04,0.01,N,O,1996-01-23,1996-02-29,1996-02-05,COLLECT COD,SHIP,e blithely unusual theodolites
36356-4,36356,1836,66,4,5.00,8689.15,0.06,0.00,N,O,1996-02-21,1996-02-06,1996-03-09,TAKE BACK RETURN,FOB,ial theodolites hang
36356-5,36356,28,29,5,4.00,3712.08,0.09,0.06,N,O,1996-03-23,1996-02-26,1996-04-19,DELIVER IN PERSON,SHIP,iously final requests among th
36356-6,36356,1186,59,6,21.00,22830.78,0.08,0.04,N,O,1996-04-18,1996-03-13,1996-05-09,TAKE BACK RETURN,AIR,uriously ironic accounts. 
36356-7,36356,1420,38,7,39.00,51535.38,0.10,0.04,N,O,1996-02-26,1996-03-12,1996-03-23,TAKE BACK RETURN,FOB,furiously even theo
36357-1,36357,270,25,1,1.00,1170.27,0.01,0.05,A,F,1992-04-27,1992-04-02,1992-04-30,NONE,FOB,t ideas de
36357-2,36357,1817,61,2,9.00,15469.29,0.10,0.00,A,F,1992-05-09,1992-03-18,1992-05-31,NONE,MAIL,theodolites. pending platelets a
36357-3,36357,672,66,3,8.00,12581.36,0.09,0.07,R,F,1992-03-07,1992-03-08,1992-03-10,TAKE BACK RETURN,REG AIR,oxes. express
36357-4,36357,1557,38,4,19.00,27712.45,0.00,0.08,A,F,1992-04-11,1992-02-25,1992-04-17,COLLECT COD,MAIL,refully. furiousl
36357-5,36357,124,3,5,46.00,47109.52,0.10,0.02,R,F,1992-05-10,1992-02-21,1992-05-12,DELIVER IN PERSON,RAIL,he silent accounts. furiously even reque
36357-6,36357,839,73,6,12.00,20877.96,0.02,0.02,A,F,1992-01-19,1992-03-31,1992-02-06,COLLECT COD,SHIP,regular packages integrat
36357-7,36357,1978,67,7,41.00,77078.77,0.00,0.08,R,F,1992-05-11,1992-02-20,1992-05-22,TAKE BACK RETURN,TRUCK,y bold platelets above the 
36358-1,36358,1274,12,1,42.00,49361.34,0.10,0.03,R,F,1994-06-14,1994-07-01,1994-07-06,COLLECT COD,FOB,ts affix furiously. carefully
36358-2,36358,1741,42,2,38.00,62424.12,0.07,0.06,R,F,1994-07-26,1994-08-08,1994-08-06,NONE,TRUCK, above the fu
36358-3,36358,1294,69,3,14.00,16734.06,0.09,0.06,A,F,1994-05-31,1994-07-13,1994-06-30,DELIVER IN PERSON,MAIL,ng dolphins 
36358-4,36358,1602,26,4,25.00,37590.00,0.05,0.00,R,F,1994-08-22,1994-06-18,1994-09-15,COLLECT COD,SHIP,g quickly according to the carefull
36358-5,36358,1338,39,5,28.00,34701.24,0.09,0.08,R,F,1994-06-17,1994-07-25,1994-07-03,DELIVER IN PERSON,SHIP,accounts hag
36358-6,36358,119,20,6,14.00,14267.54,0.01,0.08,A,F,1994-05-25,1994-06-21,1994-06-08,COLLECT COD,FOB,"uests. unusual, "
36358-7,36358,1273,48,7,2.00,2348.54,0.10,0.02,R,F,1994-05-19,1994-06-16,1994-05-22,NONE,TRUCK, packages? fluffily unusual accounts sl
36359-1,36359,1600,21,1,40.00,60064.00,0.01,0.07,N,O,1996-02-16,1995-12-25,1996-03-12,NONE,RAIL,g the even instructions. 
36359-2,36359,1696,20,2,42.00,67102.98,0.04,0.04,N,O,1995-12-05,1996-02-20,1995-12-19,NONE,AIR,ntly regular instructions acros
36384-1,36384,673,5,1,34.00,53504.78,0.09,0.03,N,O,1997-03-19,1997-02-12,1997-04-12,TAKE BACK RETURN,REG AIR,telets believe quickly alongs
36384-2,36384,975,78,2,4.00,7503.88,0.00,0.03,N,O,1997-04-03,1997-02-22,1997-04-27,NONE,FOB,fily dogged deposits cajole furiousl
36384-3,36384,1041,42,3,31.00,29203.24,0.08,0.07,N,O,1997-03-29,1997-03-29,1997-04-26,DELIVER IN PERSON,AIR,riously careful foxes. final platelets
36384-4,36384,302,87,4,19.00,22843.70,0.04,0.07,N,O,1997-03-14,1997-03-18,1997-04-03,DELIVER IN PERSON,MAIL,ts use carefully. carefull
36384-5,36384,903,38,5,32.00,57724.80,0.06,0.06,N,O,1997-04-11,1997-02-16,1997-05-04,DELIVER IN PERSON,RAIL,pinto beans are furiou
36385-1,36385,999,34,1,6.00,11399.94,0.08,0.05,N,O,1997-01-08,1996-12-20,1997-01-11,COLLECT COD,FOB,uests integrate special pinto beans. s
36385-2,36385,378,35,2,18.00,23010.66,0.07,0.07,N,O,1996-12-01,1996-11-16,1996-12-22,COLLECT COD,TRUCK,around the carefully special 
36386-1,36386,1523,64,1,5.00,7122.60,0.06,0.02,A,F,1994-04-09,1994-05-17,1994-04-21,COLLECT COD,MAIL,lyly regular ideas. p
36387-1,36387,740,5,1,35.00,57425.90,0.02,0.02,N,O,1996-02-17,1996-02-02,1996-03-06,COLLECT COD,SHIP,". ironic, quick realms boost "
36387-2,36387,1798,41,2,49.00,83289.71,0.02,0.06,N,O,1996-01-22,1995-12-26,1996-02-08,COLLECT COD,TRUCK,cuses toward the boldly express
36387-3,36387,534,95,3,37.00,53077.61,0.10,0.01,N,O,1995-11-15,1996-02-01,1995-11-21,TAKE BACK RETURN,MAIL,he instructions mold excuses. furi
36387-4,36387,773,74,4,1.00,1673.77,0.03,0.07,N,O,1995-11-22,1995-12-29,1995-12-14,TAKE BACK RETURN,REG AIR,c theodolit
36387-5,36387,1852,39,5,4.00,7015.40,0.07,0.00,N,O,1995-12-14,1996-01-26,1995-12-20,DELIVER IN PERSON,FOB,dolites poach evenly along the r
36387-6,36387,584,45,6,50.00,74229.00,0.01,0.05,N,O,1996-01-03,1996-01-07,1996-01-25,DELIVER IN PERSON,SHIP,sly bold request
36388-1,36388,281,82,1,21.00,24806.88,0.05,0.04,N,O,1996-08-25,1996-08-23,1996-09-22,COLLECT COD,REG AIR,sly. quickly regular account
36388-2,36388,454,13,2,33.00,44696.85,0.10,0.00,N,O,1996-08-21,1996-08-26,1996-09-19,COLLECT COD,MAIL,le across the slyly f
36388-3,36388,1498,99,3,19.00,26590.31,0.06,0.07,N,O,1996-09-01,1996-08-11,1996-09-03,TAKE BACK RETURN,TRUCK,ffily final packages. sl
36388-4,36388,170,23,4,18.00,19263.06,0.03,0.06,N,O,1996-09-17,1996-07-08,1996-09-29,TAKE BACK RETURN,MAIL, ironic dolphins doze: slyly quiet p
36389-1,36389,28,79,1,1.00,928.02,0.10,0.07,N,O,1997-04-01,1997-05-11,1997-04-15,NONE,RAIL,symptotes 
36389-2,36389,555,56,2,15.00,21833.25,0.06,0.08,N,O,1997-05-17,1997-04-28,1997-06-08,TAKE BACK RETURN,SHIP,uffily accounts. carefull
36389-3,36389,387,44,3,33.00,42483.54,0.02,0.06,N,O,1997-03-13,1997-04-04,1997-03-16,TAKE BACK RETURN,RAIL, bold deposit
36390-1,36390,667,99,1,32.00,50165.12,0.01,0.01,A,F,1992-11-27,1992-12-28,1992-12-21,TAKE BACK RETURN,AIR,nusual grouches a
36390-2,36390,872,72,2,34.00,60277.58,0.03,0.04,A,F,1992-11-30,1992-11-18,1992-12-28,DELIVER IN PERSON,SHIP, deposits nag bl
36390-3,36390,1833,63,3,50.00,86741.50,0.07,0.01,R,F,1993-01-08,1992-11-20,1993-01-22,TAKE BACK RETURN,REG AIR,usual frets. quickly ruthless dependenci
36390-4,36390,1570,11,4,19.00,27959.83,0.04,0.02,A,F,1992-12-01,1992-12-24,1992-12-08,DELIVER IN PERSON,MAIL, accounts accordin
36390-5,36390,1744,45,5,19.00,31269.06,0.09,0.02,R,F,1992-12-25,1993-01-08,1992-12-27,TAKE BACK RETURN,TRUCK,e ironic pa
36391-1,36391,1041,77,1,28.00,26377.12,0.03,0.02,N,O,1997-10-31,1997-10-12,1997-11-13,TAKE BACK RETURN,SHIP,theodolites. fl
36416-1,36416,906,9,1,39.00,70469.10,0.00,0.08,R,F,1995-01-01,1995-01-04,1995-01-18,COLLECT COD,AIR,against the carefully regular packages dete
36416-2,36416,901,2,2,10.00,18019.00,0.09,0.02,A,F,1995-03-11,1995-02-01,1995-03-24,COLLECT COD,TRUCK,azzle. fluffily silent deposits alongside 
36416-3,36416,895,62,3,38.00,68243.82,0.03,0.05,R,F,1995-01-26,1995-02-23,1995-02-08,NONE,MAIL,slyly pending excuses.
36416-4,36416,784,49,4,30.00,50543.40,0.04,0.06,A,F,1995-02-07,1995-02-03,1995-02-24,NONE,FOB,unts affix blithely of the s
36416-5,36416,897,98,5,10.00,17978.90,0.06,0.01,A,F,1995-03-27,1995-02-13,1995-04-10,DELIVER IN PERSON,FOB,c pinto beans doubt blithely outside the sl
36417-1,36417,936,71,1,35.00,64292.55,0.03,0.04,N,O,1996-05-06,1996-06-19,1996-05-26,DELIVER IN PERSON,SHIP,lent packages? slyly brave 
36417-2,36417,1188,89,2,27.00,29407.86,0.03,0.06,N,O,1996-08-27,1996-07-15,1996-09-18,TAKE BACK RETURN,MAIL, blithely even accounts. regu
36418-1,36418,223,51,1,9.00,10108.98,0.07,0.01,A,F,1992-04-29,1992-03-17,1992-05-03,DELIVER IN PERSON,RAIL,e the foxes. regular requests are along 
36418-2,36418,1511,12,2,45.00,63562.95,0.09,0.03,A,F,1992-03-09,1992-04-20,1992-04-05,DELIVER IN PERSON,SHIP,yly ruthlessly special requests. ideas
36418-3,36418,1906,39,3,14.00,25310.60,0.02,0.08,R,F,1992-03-20,1992-03-27,1992-03-26,TAKE BACK RETURN,AIR,gular reque
36418-4,36418,1443,22,4,3.00,4033.32,0.07,0.08,R,F,1992-02-19,1992-04-08,1992-03-17,DELIVER IN PERSON,FOB,deposits hang around the doggedly express
36419-1,36419,1640,82,1,14.00,21582.96,0.05,0.02,N,O,1998-07-08,1998-06-13,1998-07-27,TAKE BACK RETURN,MAIL,ep furiously. furiously r
36420-1,36420,948,17,1,44.00,81353.36,0.00,0.08,N,O,1997-07-28,1997-09-01,1997-08-07,DELIVER IN PERSON,MAIL,tes. carefully 
36420-2,36420,1619,43,2,41.00,62345.01,0.01,0.02,N,O,1997-07-26,1997-09-20,1997-08-03,COLLECT COD,FOB,sly special requests. quickl
36420-3,36420,1588,9,3,26.00,38729.08,0.10,0.03,N,O,1997-11-14,1997-08-31,1997-12-01,NONE,REG AIR,ckly express platele
36421-1,36421,884,84,1,26.00,46406.88,0.00,0.01,N,O,1996-05-07,1996-06-18,1996-06-02,DELIVER IN PERSON,FOB,urts. slyly regular theodolite
36421-2,36421,224,79,2,14.00,15739.08,0.02,0.07,N,O,1996-06-26,1996-07-05,1996-07-10,TAKE BACK RETURN,REG AIR,dependencies are. blithely regular i
36421-3,36421,467,68,3,4.00,5469.84,0.07,0.06,N,O,1996-06-22,1996-06-15,1996-07-01,DELIVER IN PERSON,TRUCK,es sleep furiously. req
36421-4,36421,293,75,4,10.00,11932.90,0.03,0.05,N,O,1996-06-19,1996-07-05,1996-07-01,DELIVER IN PERSON,AIR,ly pending
36421-5,36421,712,9,5,35.00,56444.85,0.02,0.04,N,O,1996-06-12,1996-06-27,1996-07-04,NONE,AIR,s about the slyly even ideas w
36421-6,36421,1929,18,6,44.00,80560.48,0.03,0.08,N,O,1996-08-02,1996-05-19,1996-08-13,COLLECT COD,RAIL,silently silent epitaphs cajole above th
36421-7,36421,1501,22,7,42.00,58905.00,0.07,0.05,N,O,1996-07-27,1996-06-09,1996-08-01,DELIVER IN PERSON,RAIL,blithely r
36422-1,36422,1542,83,1,27.00,38975.58,0.01,0.07,N,O,1997-05-02,1997-05-01,1997-05-25,TAKE BACK RETURN,TRUCK,ccounts across the carefully pendi
36422-2,36422,1466,67,2,37.00,50596.02,0.04,0.01,N,O,1997-06-03,1997-04-07,1997-06-17,COLLECT COD,SHIP,e carefully carefully ironi
36422-3,36422,1458,76,3,42.00,57096.90,0.07,0.07,N,O,1997-05-18,1997-05-09,1997-05-28,NONE,MAIL,instructions boost slyly aro
36422-4,36422,907,8,4,14.00,25310.60,0.00,0.02,N,O,1997-06-27,1997-05-12,1997-07-23,DELIVER IN PERSON,SHIP,the slyly final requests. furiously 
36422-5,36422,1840,27,5,31.00,53997.04,0.09,0.04,N,O,1997-03-29,1997-05-25,1997-04-19,DELIVER IN PERSON,REG AIR,ests nod blithely
36422-6,36422,171,24,6,9.00,9640.53,0.06,0.05,N,O,1997-06-10,1997-05-14,1997-06-30,TAKE BACK RETURN,REG AIR,into beans. 
36422-7,36422,482,70,7,27.00,37326.96,0.06,0.04,N,O,1997-06-18,1997-05-14,1997-07-15,NONE,AIR, pinto beans promise accordin
36423-1,36423,1328,29,1,31.00,38108.92,0.03,0.07,N,O,1995-08-18,1995-06-07,1995-09-07,COLLECT COD,REG AIR,", sly deposits use unusual, regular "
36448-1,36448,1996,29,1,42.00,79715.58,0.08,0.08,A,F,1993-09-28,1993-10-19,1993-10-12,NONE,AIR,structions sleep fluffily c
36448-2,36448,255,10,2,12.00,13863.00,0.00,0.03,R,F,1993-11-20,1993-10-26,1993-11-28,DELIVER IN PERSON,AIR,. carefully even platelets caj
36448-3,36448,1987,76,3,47.00,88782.06,0.04,0.06,R,F,1993-11-10,1993-10-25,1993-12-09,TAKE BACK RETURN,SHIP,o beans? excuse
36448-4,36448,534,65,4,5.00,7172.65,0.06,0.04,A,F,1993-10-26,1993-11-16,1993-11-19,DELIVER IN PERSON,REG AIR,ly. slyly ex
36448-5,36448,170,97,5,2.00,2140.34,0.01,0.08,R,F,1993-10-27,1993-11-14,1993-11-13,COLLECT COD,TRUCK,ual requests affix fluff
36448-6,36448,922,57,6,17.00,30989.64,0.02,0.05,A,F,1993-12-03,1993-12-04,1993-12-17,DELIVER IN PERSON,REG AIR,ly special packages wake slyly. 
36448-7,36448,1099,70,7,24.00,24002.16,0.04,0.00,A,F,1993-10-18,1993-11-05,1993-11-08,COLLECT COD,REG AIR,s. furiously final platelets wake fur
36449-1,36449,1236,37,1,45.00,51175.35,0.08,0.02,R,F,1993-11-05,1993-11-09,1993-11-20,TAKE BACK RETURN,AIR," beans. silent,"
36449-2,36449,92,43,2,1.00,992.09,0.10,0.04,A,F,1993-12-02,1993-10-06,1993-12-16,TAKE BACK RETURN,TRUCK,counts affix fluffily. slyly regular exc
36449-3,36449,439,69,3,50.00,66971.50,0.06,0.05,A,F,1993-10-13,1993-10-24,1993-10-27,DELIVER IN PERSON,SHIP,iously unusual packages. even
36449-4,36449,1723,50,4,13.00,21121.36,0.01,0.01,A,F,1993-12-28,1993-10-19,1993-12-30,NONE,AIR,al asymptotes
36449-5,36449,1684,8,5,45.00,71355.60,0.07,0.02,A,F,1993-09-22,1993-10-25,1993-09-29,DELIVER IN PERSON,REG AIR," regular accounts. unusual, ev"
36449-6,36449,1400,77,6,1.00,1301.40,0.01,0.06,A,F,1993-11-06,1993-11-16,1993-11-23,TAKE BACK RETURN,AIR,ages wake sometimes slyly ruthless
36450-1,36450,1242,43,1,5.00,5716.20,0.07,0.02,N,O,1998-01-21,1998-02-06,1998-02-15,TAKE BACK RETURN,FOB,s nag quickly requests. regul
36450-2,36450,1939,40,2,20.00,36818.60,0.00,0.08,N,O,1998-03-03,1998-02-06,1998-03-11,COLLECT COD,REG AIR,counts cajole slyly. 
36450-3,36450,593,54,3,46.00,68705.14,0.10,0.04,N,O,1997-12-09,1998-01-06,1998-01-01,TAKE BACK RETURN,FOB,the furiously unusual packages. slyly 
36450-4,36450,941,44,4,4.00,7367.76,0.00,0.06,N,O,1997-12-27,1998-02-18,1998-01-14,DELIVER IN PERSON,AIR,bout the quickly bo
36450-5,36450,717,82,5,6.00,9706.26,0.09,0.06,N,O,1998-02-07,1998-01-19,1998-03-01,NONE,TRUCK,y dolphins. 
36450-6,36450,53,29,6,40.00,38122.00,0.08,0.07,N,O,1998-01-21,1998-02-13,1998-02-01,DELIVER IN PERSON,SHIP,lphins integrate f
36451-1,36451,1453,71,1,19.00,25734.55,0.03,0.06,A,F,1992-10-20,1992-10-29,1992-11-18,TAKE BACK RETURN,REG AIR,ironic packages are carefully final deposi
36451-2,36451,1849,36,2,8.00,14006.72,0.05,0.08,A,F,1992-10-07,1992-10-07,1992-10-20,COLLECT COD,REG AIR, foxes should 
36451-3,36451,1593,14,3,49.00,73234.91,0.01,0.00,A,F,1992-12-01,1992-11-30,1992-12-23,NONE,MAIL,kly pending 
36452-1,36452,1106,15,1,48.00,48340.80,0.01,0.03,A,F,1994-05-04,1994-06-07,1994-05-16,TAKE BACK RETURN,TRUCK, ironic packages. carefu
36452-2,36452,1325,64,2,50.00,61316.00,0.00,0.03,R,F,1994-07-05,1994-05-13,1994-07-27,NONE,REG AIR,urts. blithely unusual f
36452-3,36452,1251,26,3,29.00,33415.25,0.10,0.06,A,F,1994-05-06,1994-06-12,1994-05-09,NONE,AIR,s nag fluffily unusual instructions. reg
36452-4,36452,1068,69,4,17.00,16474.02,0.02,0.03,A,F,1994-05-26,1994-05-25,1994-06-01,DELIVER IN PERSON,TRUCK,deposits run furiously fi
36453-1,36453,975,10,1,46.00,86294.62,0.01,0.01,N,O,1996-07-17,1996-06-20,1996-07-18,NONE,SHIP,l dependencies. eve
36453-2,36453,1083,54,2,17.00,16729.36,0.10,0.05,N,O,1996-07-04,1996-08-14,1996-07-05,DELIVER IN PERSON,AIR, final dinos. reg
36453-3,36453,729,26,3,14.00,22816.08,0.03,0.06,N,O,1996-08-13,1996-08-09,1996-08-25,COLLECT COD,FOB,nst the furi
36454-1,36454,476,64,1,22.00,30282.34,0.09,0.04,A,F,1995-03-05,1995-04-07,1995-03-09,DELIVER IN PERSON,REG AIR,ealthily silent packages are after the
36454-2,36454,866,100,2,12.00,21202.32,0.09,0.00,A,F,1995-03-16,1995-04-26,1995-04-01,COLLECT COD,RAIL,usual dugouts haggle
36454-3,36454,655,18,3,8.00,12445.20,0.03,0.04,R,F,1995-02-21,1995-03-31,1995-03-17,DELIVER IN PERSON,MAIL,furiously silent inst
36454-4,36454,1108,45,4,21.00,21191.10,0.00,0.07,N,F,1995-06-10,1995-03-30,1995-07-04,DELIVER IN PERSON,RAIL,l orbits. final ideas against 
36454-5,36454,656,57,5,38.00,59152.70,0.06,0.07,A,F,1995-03-15,1995-05-02,1995-03-24,COLLECT COD,TRUCK,ironic decoys above the requests haggle 
36454-6,36454,1651,93,6,20.00,31053.00,0.10,0.07,R,F,1995-02-25,1995-04-04,1995-02-26,NONE,SHIP,s cajole quickly speci
36455-1,36455,523,54,1,44.00,62634.88,0.07,0.07,R,F,1994-04-02,1994-04-07,1994-04-14,COLLECT COD,FOB,r packages above the Tiresias affix 
36455-2,36455,1815,16,2,32.00,54937.92,0.06,0.02,R,F,1994-04-16,1994-04-05,1994-05-03,NONE,MAIL,refully regular pinto beans sleep. r
36455-3,36455,1048,49,3,49.00,46502.96,0.04,0.04,A,F,1994-03-25,1994-04-30,1994-04-04,NONE,REG AIR,gle closely alongside of the carefully spec
36480-1,36480,1595,16,1,21.00,31428.39,0.07,0.05,A,F,1993-08-29,1993-11-06,1993-09-27,DELIVER IN PERSON,TRUCK,". unusual, even realm"
36480-2,36480,928,29,2,26.00,47551.92,0.10,0.00,A,F,1993-11-26,1993-11-14,1993-12-19,DELIVER IN PERSON,AIR,ld theodolites sleep slyly. express a
36480-3,36480,583,84,3,33.00,48958.14,0.07,0.08,A,F,1993-12-11,1993-11-07,1994-01-04,DELIVER IN PERSON,FOB,quickly. quickly silent h
36480-4,36480,1918,51,4,19.00,34578.29,0.01,0.02,R,F,1993-10-31,1993-11-19,1993-11-03,TAKE BACK RETURN,MAIL, cajole slyly slyly even instr
36480-5,36480,1782,9,5,23.00,38726.94,0.04,0.04,R,F,1993-09-24,1993-11-06,1993-10-15,COLLECT COD,REG AIR,un. quickly final courts cajole furiou
36480-6,36480,159,86,6,38.00,40247.70,0.03,0.01,A,F,1993-09-23,1993-10-19,1993-10-03,COLLECT COD,RAIL,uthless excuses. furiously bold depos
36481-1,36481,1594,15,1,35.00,52345.65,0.04,0.08,N,O,1998-09-25,1998-09-20,1998-10-16,COLLECT COD,RAIL,c Tiresias. quickly regular deposits wa
36481-2,36481,1534,75,2,44.00,63163.32,0.06,0.02,N,O,1998-11-03,1998-09-27,1998-11-27,NONE,RAIL,nag enticingly against the final depo
36482-1,36482,572,33,1,27.00,39759.39,0.05,0.04,N,O,1995-09-24,1995-08-24,1995-10-20,NONE,MAIL,ress frets across the slyl
36482-2,36482,297,25,2,19.00,22748.51,0.05,0.05,N,O,1995-09-27,1995-08-18,1995-10-11,COLLECT COD,TRUCK,. quiet pinto bea
36482-3,36482,526,57,3,13.00,18544.76,0.08,0.05,N,O,1995-08-02,1995-09-17,1995-08-18,NONE,MAIL,encies promise furiously fluffily 
36482-4,36482,283,84,4,14.00,16565.92,0.07,0.00,N,O,1995-10-08,1995-08-06,1995-10-22,NONE,TRUCK,furiously 
36482-5,36482,1736,21,5,10.00,16377.30,0.01,0.04,N,O,1995-08-05,1995-09-19,1995-08-28,TAKE BACK RETURN,FOB,tructions. slyly
36482-6,36482,1840,84,6,6.00,10451.04,0.10,0.06,N,O,1995-08-10,1995-09-17,1995-08-22,TAKE BACK RETURN,SHIP, asymptotes. dependencies nag quickly regu
36483-1,36483,1002,73,1,25.00,22575.00,0.04,0.00,N,O,1996-12-07,1996-12-04,1996-12-08,NONE,REG AIR,ly special
36483-2,36483,352,53,2,25.00,31308.75,0.08,0.07,N,O,1997-03-04,1997-01-11,1997-03-07,COLLECT COD,TRUCK, deposits sleep furiously.
36483-3,36483,684,16,3,50.00,79234.00,0.01,0.01,N,O,1996-12-06,1997-01-06,1996-12-28,COLLECT COD,RAIL,egrate blithely blithely ironic deposi
36483-4,36483,1209,47,4,41.00,45518.20,0.09,0.05,N,O,1996-11-21,1997-01-25,1996-12-08,COLLECT COD,REG AIR,ly unusual foxes across the quickly unusual
36483-5,36483,628,60,5,43.00,65730.66,0.06,0.04,N,O,1996-12-08,1997-01-09,1996-12-30,COLLECT COD,MAIL,onic packages affix furiou
36483-6,36483,446,76,6,42.00,56550.48,0.07,0.04,N,O,1997-01-02,1996-12-08,1997-01-31,NONE,REG AIR,"ctions. even,"
36483-7,36483,269,51,7,31.00,36247.06,0.07,0.06,N,O,1996-11-14,1997-01-21,1996-12-12,COLLECT COD,SHIP,icingly. carefully even deposits wake q
36484-1,36484,1411,29,1,29.00,38059.89,0.01,0.06,A,F,1992-03-14,1992-04-11,1992-03-17,COLLECT COD,MAIL, fluffily regular inst
36484-2,36484,637,100,2,32.00,49204.16,0.03,0.07,A,F,1992-02-27,1992-04-16,1992-03-19,TAKE BACK RETURN,TRUCK, deposits use furiously. carefully iro
36484-3,36484,1232,44,3,7.00,7932.61,0.02,0.08,R,F,1992-03-18,1992-03-25,1992-03-21,NONE,REG AIR,ages. quickly pending r
36484-4,36484,1026,62,4,29.00,26883.58,0.06,0.07,R,F,1992-05-26,1992-03-07,1992-06-12,DELIVER IN PERSON,MAIL,". regular, even packages are accord"
36484-5,36484,1535,36,5,42.00,60334.26,0.10,0.02,R,F,1992-04-17,1992-04-07,1992-04-30,TAKE BACK RETURN,REG AIR,ly quiet id
36484-6,36484,215,70,6,19.00,21188.99,0.00,0.08,A,F,1992-02-11,1992-04-28,1992-03-02,COLLECT COD,FOB,ons detect carefully c
36485-1,36485,1212,24,1,41.00,45641.61,0.10,0.00,R,F,1992-08-27,1992-07-06,1992-08-29,COLLECT COD,TRUCK, final deposits. b
36485-2,36485,1824,11,2,42.00,72484.44,0.02,0.07,R,F,1992-08-13,1992-08-16,1992-08-30,TAKE BACK RETURN,FOB,nly after the quickly even depos
36485-3,36485,1578,99,3,47.00,69539.79,0.09,0.07,A,F,1992-07-08,1992-07-15,1992-07-25,NONE,AIR,uses. quickly even foxes
36485-4,36485,1603,4,4,37.00,55670.20,0.03,0.03,A,F,1992-09-12,1992-08-05,1992-09-27,COLLECT COD,MAIL,sly ironic pin
36485-5,36485,1967,68,5,32.00,59806.72,0.06,0.03,A,F,1992-06-25,1992-08-27,1992-06-27,NONE,REG AIR,ajole. reg
36485-6,36485,1237,49,6,50.00,56911.50,0.05,0.08,R,F,1992-07-06,1992-08-31,1992-07-08,NONE,FOB,"ng the final,"
36486-1,36486,1140,77,1,8.00,8329.12,0.02,0.03,N,O,1997-04-06,1997-01-30,1997-04-19,COLLECT COD,RAIL,counts haggle blithely
36486-2,36486,682,14,2,2.00,3165.36,0.09,0.07,N,O,1997-03-04,1997-01-31,1997-03-28,NONE,AIR,al deposits haggle blithely car
36486-3,36486,1588,29,3,39.00,58093.62,0.06,0.03,N,O,1997-02-17,1997-01-18,1997-03-05,NONE,REG AIR, along the furiously special deposit
36486-4,36486,844,44,4,39.00,68048.76,0.03,0.01,N,O,1997-01-03,1997-01-17,1997-01-06,DELIVER IN PERSON,MAIL,"al, ironic courts; platelets acco"
36486-5,36486,280,8,5,47.00,55473.16,0.01,0.03,N,O,1997-01-23,1997-02-22,1997-02-20,DELIVER IN PERSON,FOB,uests. bravely ironic
36486-6,36486,1497,76,6,18.00,25172.82,0.03,0.05,N,O,1997-01-12,1997-01-19,1997-01-17,COLLECT COD,FOB,ically regular realms breach slyly p
36486-7,36486,1174,75,7,4.00,4300.68,0.02,0.02,N,O,1996-12-13,1997-01-15,1996-12-27,DELIVER IN PERSON,SHIP,"d the ironic, unusual requests boost furio"
36487-1,36487,1073,74,1,21.00,20455.47,0.01,0.03,N,O,1997-09-03,1997-06-18,1997-09-12,TAKE BACK RETURN,FOB,ily furiously express a
36487-2,36487,1084,85,2,13.00,12806.04,0.09,0.05,N,O,1997-08-16,1997-06-22,1997-08-24,TAKE BACK RETURN,MAIL,s wake according to the ironic 
36487-3,36487,887,54,3,31.00,55424.28,0.01,0.01,N,O,1997-05-27,1997-07-09,1997-06-20,DELIVER IN PERSON,RAIL,lar packages wake fluffil
36487-4,36487,174,53,4,9.00,9667.53,0.01,0.06,N,O,1997-09-01,1997-07-01,1997-09-19,DELIVER IN PERSON,RAIL,packages. carefully
36487-5,36487,343,100,5,26.00,32326.84,0.04,0.06,N,O,1997-06-06,1997-07-03,1997-06-20,COLLECT COD,SHIP,"en, regular packages."
36487-6,36487,301,58,6,30.00,36039.00,0.08,0.06,N,O,1997-05-28,1997-07-17,1997-06-06,COLLECT COD,RAIL,l ideas are fu
36512-1,36512,1247,85,1,33.00,37891.92,0.09,0.00,R,F,1992-05-04,1992-05-26,1992-05-29,DELIVER IN PERSON,AIR,inal ideas. quickly final accounts after t
36512-2,36512,721,22,2,11.00,17838.92,0.10,0.04,A,F,1992-05-28,1992-05-09,1992-06-07,NONE,RAIL,iously unu
36512-3,36512,35,36,3,23.00,21505.69,0.01,0.06,R,F,1992-05-09,1992-06-25,1992-05-17,NONE,AIR,arefully silent fox
36512-4,36512,325,82,4,49.00,60040.68,0.05,0.00,R,F,1992-06-24,1992-05-30,1992-07-10,NONE,REG AIR, cajole slyly. excuses above
36512-5,36512,814,48,5,50.00,85740.50,0.01,0.00,R,F,1992-04-17,1992-06-22,1992-05-04,TAKE BACK RETURN,MAIL,lets against the fi
36512-6,36512,1193,94,6,46.00,50332.74,0.01,0.01,R,F,1992-05-30,1992-06-01,1992-06-06,COLLECT COD,MAIL,ular accounts. fluffily final asymptote
36512-7,36512,1790,91,7,26.00,43986.54,0.01,0.05,A,F,1992-07-23,1992-06-25,1992-08-03,COLLECT COD,FOB, idly regular pinto beans use blithely clo
36513-1,36513,982,83,1,5.00,9414.90,0.10,0.06,N,O,1996-02-01,1996-03-16,1996-02-23,COLLECT COD,TRUCK,kages affix furiously regular acc
36513-2,36513,83,84,2,49.00,48170.92,0.05,0.06,N,O,1996-04-08,1996-02-11,1996-04-10,NONE,TRUCK,"es. even, ironic requests wake silent"
36513-3,36513,269,51,3,31.00,36247.06,0.05,0.07,N,O,1996-02-24,1996-03-24,1996-03-04,TAKE BACK RETURN,FOB,to beans. grouches sleep quickly. blit
36513-4,36513,1088,24,4,36.00,35606.88,0.06,0.03,N,O,1996-01-25,1996-02-29,1996-02-07,DELIVER IN PERSON,MAIL,egular ideas nag slyly. furious
36513-5,36513,1823,67,5,39.00,67267.98,0.07,0.05,N,O,1996-01-19,1996-03-03,1996-01-24,TAKE BACK RETURN,REG AIR,ronic accounts 
36513-6,36513,1240,52,6,44.00,50214.56,0.01,0.02,N,O,1996-03-04,1996-03-19,1996-03-26,TAKE BACK RETURN,FOB,cial foxes. blithely even packages engag
36514-1,36514,1253,54,1,19.00,21930.75,0.02,0.02,A,F,1994-09-14,1994-06-29,1994-10-11,COLLECT COD,AIR,pecial dependencies haggle sl
36514-2,36514,1764,65,2,36.00,59967.36,0.00,0.03,A,F,1994-09-07,1994-06-22,1994-09-27,TAKE BACK RETURN,MAIL,quests nag quickly along the reg
36514-3,36514,1415,55,3,23.00,30277.43,0.07,0.07,R,F,1994-08-31,1994-08-09,1994-09-23,TAKE BACK RETURN,FOB,ly carefully ironic deposits: iron
36515-1,36515,1953,86,1,9.00,16694.55,0.05,0.02,N,O,1997-07-12,1997-08-16,1997-07-25,COLLECT COD,MAIL, furiously even packages boo
36515-2,36515,1825,12,2,31.00,53531.42,0.02,0.00,N,O,1997-09-09,1997-07-04,1997-10-08,NONE,TRUCK,counts hinder:
36515-3,36515,626,89,3,46.00,70224.52,0.09,0.03,N,O,1997-07-24,1997-08-10,1997-08-14,COLLECT COD,SHIP, blithely ironic accoun
36515-4,36515,1404,44,4,7.00,9137.80,0.02,0.03,N,O,1997-09-14,1997-07-06,1997-09-21,COLLECT COD,AIR, regular asymptotes are furiously unusu
36515-5,36515,1160,97,5,34.00,36079.44,0.07,0.05,N,O,1997-08-28,1997-07-23,1997-09-15,DELIVER IN PERSON,FOB,"es boost fluffily. regular, ironic e"
36515-6,36515,737,70,6,40.00,65509.20,0.01,0.05,N,O,1997-09-18,1997-07-17,1997-09-19,COLLECT COD,RAIL,egular packag
36515-7,36515,314,43,7,46.00,55858.26,0.02,0.03,N,O,1997-09-13,1997-07-30,1997-09-15,DELIVER IN PERSON,REG AIR,ly furiously even foxes. sly
36516-1,36516,1895,25,1,10.00,17968.90,0.08,0.00,N,O,1995-10-10,1995-08-26,1995-10-31,COLLECT COD,SHIP,e slyly even theodolites: slyly f
36516-2,36516,1467,68,2,40.00,54738.40,0.08,0.06,N,O,1995-08-18,1995-09-21,1995-08-31,TAKE BACK RETURN,AIR,ely even theod
36516-3,36516,844,11,3,41.00,71538.44,0.04,0.08,N,O,1995-08-07,1995-09-02,1995-08-14,COLLECT COD,SHIP,ously special theodolites.
36517-1,36517,498,57,1,27.00,37759.23,0.02,0.06,R,F,1993-05-13,1993-04-08,1993-05-17,COLLECT COD,AIR,ross the final sent
36517-2,36517,1706,33,2,31.00,49838.70,0.08,0.05,R,F,1993-04-04,1993-04-10,1993-04-06,DELIVER IN PERSON,FOB, unusual requests sleep. blithely
36517-3,36517,125,26,3,42.00,43055.04,0.00,0.00,R,F,1993-05-15,1993-05-11,1993-05-25,DELIVER IN PERSON,SHIP,y ironic asymptotes integrate along the eve
36517-4,36517,336,93,4,24.00,29671.92,0.09,0.06,A,F,1993-06-30,1993-04-18,1993-07-12,DELIVER IN PERSON,FOB,en accounts wake slyly express
36517-5,36517,596,87,5,43.00,64353.37,0.02,0.00,A,F,1993-06-02,1993-04-02,1993-06-12,COLLECT COD,REG AIR,at the carefully 
36517-6,36517,717,50,6,12.00,19412.52,0.08,0.05,R,F,1993-04-03,1993-04-09,1993-05-03,COLLECT COD,RAIL,tes cajole blithely after the ev
36518-1,36518,625,19,1,22.00,33563.64,0.04,0.03,N,O,1997-09-17,1997-09-23,1997-09-23,NONE,SHIP,ly regular grouches. fi
36519-1,36519,848,49,1,32.00,55962.88,0.10,0.05,A,F,1993-08-26,1993-08-22,1993-09-14,COLLECT COD,AIR,y quickly final requests. carefully bol
36544-1,36544,90,41,1,23.00,22772.07,0.03,0.06,N,O,1997-10-24,1997-09-24,1997-11-10,TAKE BACK RETURN,REG AIR,ructions among the slyly r
36544-2,36544,1482,61,2,30.00,41504.40,0.06,0.08,N,O,1997-10-26,1997-10-13,1997-11-08,TAKE BACK RETURN,MAIL,r requests 
36545-1,36545,1183,20,1,26.00,28188.68,0.10,0.01,N,O,1997-12-07,1998-01-03,1997-12-09,COLLECT COD,AIR,fluffily regular accounts. requests are a
36545-2,36545,1662,63,2,30.00,46909.80,0.04,0.06,N,O,1997-11-30,1997-12-23,1997-12-10,COLLECT COD,MAIL,y final as
36545-3,36545,46,22,3,29.00,27435.16,0.06,0.06,N,O,1997-11-03,1997-12-13,1997-11-28,DELIVER IN PERSON,MAIL,ular deposits hag
36545-4,36545,252,7,4,25.00,28806.25,0.04,0.03,N,O,1997-12-20,1998-01-09,1998-01-07,COLLECT COD,AIR, furiously final acc
36545-5,36545,928,97,5,24.00,43894.08,0.00,0.04,N,O,1997-11-09,1997-12-12,1997-11-18,COLLECT COD,REG AIR,slyly final packages wa
36545-6,36545,641,35,6,13.00,20041.32,0.10,0.06,N,O,1998-01-24,1998-01-06,1998-01-29,DELIVER IN PERSON,RAIL,riously unusual deposits detect accounts! p
36546-1,36546,1620,62,1,15.00,22824.30,0.07,0.08,N,O,1996-06-02,1996-05-20,1996-06-23,COLLECT COD,TRUCK,ays silent foxes.
36546-2,36546,1523,64,2,19.00,27065.88,0.04,0.01,N,O,1996-07-12,1996-05-08,1996-07-29,TAKE BACK RETURN,MAIL,s promise slyly. deposits e
36546-3,36546,1939,40,3,35.00,64432.55,0.00,0.07,N,O,1996-06-25,1996-06-06,1996-07-03,TAKE BACK RETURN,REG AIR,usily express accou
36546-4,36546,1906,7,4,25.00,45197.50,0.04,0.06,N,O,1996-05-22,1996-06-22,1996-06-10,NONE,FOB,ts. regular requests 
36546-5,36546,675,76,5,11.00,17332.37,0.02,0.02,N,O,1996-04-30,1996-05-27,1996-05-11,DELIVER IN PERSON,AIR, bold requests. carefully even grouch
36546-6,36546,1697,80,6,32.00,51158.08,0.03,0.04,N,O,1996-07-05,1996-05-23,1996-07-18,TAKE BACK RETURN,AIR, epitaphs cajo
36546-7,36546,834,35,7,39.00,67658.37,0.09,0.04,N,O,1996-06-29,1996-05-01,1996-07-13,TAKE BACK RETURN,SHIP,furiously. dugouts are fluffily ironic ac
36547-1,36547,1072,78,1,39.00,37949.73,0.06,0.03,A,F,1994-12-29,1995-02-04,1995-01-06,COLLECT COD,TRUCK,tainments. carefully even 
36547-2,36547,511,42,2,21.00,29641.71,0.06,0.05,R,F,1995-02-15,1995-02-09,1995-02-17,COLLECT COD,AIR,efully about the regular
36547-3,36547,1905,6,3,25.00,45172.50,0.00,0.06,A,F,1995-02-13,1995-01-13,1995-03-01,DELIVER IN PERSON,REG AIR,y around the carefully regular accounts
36547-4,36547,897,31,4,20.00,35957.80,0.09,0.04,R,F,1994-12-14,1995-01-18,1994-12-20,TAKE BACK RETURN,RAIL,nts. regular deposits according to th
36548-1,36548,1195,68,1,43.00,47136.17,0.09,0.02,R,F,1993-11-18,1993-12-22,1993-12-14,TAKE BACK RETURN,REG AIR,theodolites. accounts above
36548-2,36548,1300,38,2,24.00,28831.20,0.07,0.08,R,F,1993-12-12,1993-11-30,1993-12-25,TAKE BACK RETURN,AIR,"inal theodolites. express,"
36549-1,36549,1406,24,1,44.00,57525.60,0.10,0.05,N,O,1996-08-31,1996-06-20,1996-09-28,COLLECT COD,SHIP,sts use fluffily about th
36549-2,36549,235,17,2,19.00,21569.37,0.03,0.00,N,O,1996-09-13,1996-07-19,1996-09-18,NONE,FOB,ly regular wate
36550-1,36550,170,71,1,39.00,41736.63,0.06,0.06,A,F,1994-06-11,1994-04-19,1994-06-23,DELIVER IN PERSON,TRUCK,bove the foxes cajole s
36550-2,36550,1261,99,2,27.00,31381.02,0.01,0.01,R,F,1994-03-11,1994-05-14,1994-03-18,DELIVER IN PERSON,TRUCK,ffily. final instructions shou
36551-1,36551,1814,58,1,16.00,27452.96,0.03,0.01,A,F,1992-09-10,1992-07-10,1992-10-05,NONE,AIR, the even requests? slyly ironic foxes nag 
36576-1,36576,1215,53,1,50.00,55810.50,0.01,0.03,A,F,1993-04-25,1993-05-23,1993-05-24,TAKE BACK RETURN,FOB,sts sleep: furiously
36576-2,36576,25,51,2,22.00,20350.44,0.00,0.00,R,F,1993-04-05,1993-05-04,1993-04-19,COLLECT COD,RAIL,quickly ironic p
36576-3,36576,1696,97,3,40.00,63907.60,0.06,0.04,R,F,1993-04-21,1993-04-27,1993-04-27,NONE,AIR, against th
36577-1,36577,133,86,1,34.00,35126.42,0.05,0.01,N,O,1998-10-15,1998-09-14,1998-11-07,NONE,REG AIR,sts: dinos cajole slyly-- carefully ironi
36577-2,36577,1049,20,2,14.00,13300.56,0.01,0.08,N,O,1998-09-25,1998-07-22,1998-10-05,TAKE BACK RETURN,MAIL,s wake quic
36577-3,36577,1662,63,3,33.00,51600.78,0.09,0.07,N,O,1998-09-10,1998-09-08,1998-10-03,NONE,FOB,"pending, even dependencie"
36577-4,36577,800,1,4,27.00,45921.60,0.04,0.03,N,O,1998-06-29,1998-09-13,1998-07-01,COLLECT COD,AIR,ly. carefull
36577-5,36577,1531,72,5,6.00,8595.18,0.07,0.03,N,O,1998-08-12,1998-07-26,1998-09-09,DELIVER IN PERSON,TRUCK,s the special foxes. careful requests ha
36577-6,36577,1400,39,6,37.00,48151.80,0.07,0.00,N,O,1998-07-30,1998-07-23,1998-08-22,COLLECT COD,TRUCK, detect fu
36578-1,36578,1143,44,1,26.00,27147.64,0.03,0.06,N,O,1998-09-13,1998-09-29,1998-10-12,NONE,RAIL,refully. slyly final foxes are regul
36579-1,36579,865,32,1,38.00,67102.68,0.09,0.05,N,O,1998-09-13,1998-07-20,1998-09-23,DELIVER IN PERSON,TRUCK," final packages. special, regular excuses d"
36579-2,36579,1743,44,2,8.00,13157.92,0.04,0.04,N,O,1998-06-06,1998-07-09,1998-06-20,COLLECT COD,FOB,dependencies. account
36579-3,36579,1457,36,3,47.00,63847.15,0.10,0.05,N,O,1998-09-04,1998-08-21,1998-09-24,NONE,AIR,"lyly even, even accounts. excuses haggle"
36579-4,36579,1365,4,4,4.00,5065.44,0.04,0.08,N,O,1998-07-08,1998-08-01,1998-07-28,NONE,AIR,ts cajole stealthily. furiou
36579-5,36579,227,82,5,44.00,49597.68,0.08,0.05,N,O,1998-05-30,1998-07-16,1998-06-04,COLLECT COD,MAIL, requests. bravely
36580-1,36580,1495,74,1,12.00,16757.88,0.04,0.04,N,O,1997-08-22,1997-09-07,1997-09-18,COLLECT COD,SHIP,sits promise
36580-2,36580,1719,46,2,48.00,77794.08,0.05,0.01,N,O,1997-09-20,1997-09-09,1997-10-02,DELIVER IN PERSON,SHIP,ously ironic pinto beans u
36580-3,36580,1866,96,3,37.00,65410.82,0.06,0.07,N,O,1997-10-23,1997-09-03,1997-11-10,TAKE BACK RETURN,REG AIR,dencies wake. the
36580-4,36580,576,37,4,38.00,56109.66,0.05,0.07,N,O,1997-08-06,1997-09-13,1997-08-08,NONE,SHIP,tions. blithely pending id
36581-1,36581,1966,99,1,49.00,91530.04,0.01,0.00,N,O,1996-11-16,1996-10-12,1996-12-04,DELIVER IN PERSON,FOB,"ial foxes. ironic, permane"
36581-2,36581,1565,86,2,17.00,24931.52,0.03,0.01,N,O,1996-11-21,1996-11-10,1996-12-12,DELIVER IN PERSON,RAIL,express accounts. final packages affix 
36581-3,36581,42,43,3,48.00,45217.92,0.10,0.03,N,O,1996-11-06,1996-11-22,1996-11-12,DELIVER IN PERSON,AIR,ts engage carefully caref
36581-4,36581,332,61,4,17.00,20949.61,0.00,0.03,N,O,1996-12-09,1996-10-23,1997-01-07,NONE,AIR, carefully special requests. bold p
36582-1,36582,1456,35,1,46.00,62442.70,0.07,0.06,R,F,1992-02-26,1992-02-17,1992-03-15,TAKE BACK RETURN,SHIP,e. slyly enticing packages over 
36582-2,36582,636,99,2,3.00,4609.89,0.01,0.06,R,F,1992-02-24,1992-03-20,1992-03-25,DELIVER IN PERSON,SHIP,"sleep carefully unusual, even o"
36582-3,36582,103,4,3,29.00,29089.90,0.04,0.08,R,F,1992-02-29,1992-03-23,1992-03-23,TAKE BACK RETURN,RAIL, carefully abo
36582-4,36582,801,68,4,45.00,76581.00,0.06,0.07,R,F,1992-01-31,1992-02-16,1992-02-26,COLLECT COD,REG AIR,y carefully unusual
36582-5,36582,273,55,5,23.00,26985.21,0.09,0.06,R,F,1992-04-04,1992-02-10,1992-04-06,NONE,TRUCK,de of the slyly fina
36583-1,36583,1671,95,1,41.00,64479.47,0.10,0.06,N,O,1997-08-21,1997-06-10,1997-09-06,COLLECT COD,AIR,ng the furiously express inst
36583-2,36583,789,54,2,4.00,6759.12,0.03,0.08,N,O,1997-05-04,1997-07-07,1997-05-15,NONE,TRUCK, above the furiously silent deposits. 
36583-3,36583,736,1,3,46.00,75289.58,0.09,0.04,N,O,1997-06-17,1997-06-22,1997-06-21,TAKE BACK RETURN,AIR,ular accounts
36583-4,36583,396,25,4,25.00,32409.75,0.03,0.07,N,O,1997-07-30,1997-06-09,1997-08-13,TAKE BACK RETURN,TRUCK,en accounts lose slyly about the slyly bol
36583-5,36583,373,30,5,49.00,62395.13,0.02,0.08,N,O,1997-06-04,1997-07-17,1997-06-29,DELIVER IN PERSON,REG AIR, wake alongside of the express foxe
36608-1,36608,975,10,1,6.00,11255.82,0.09,0.05,N,O,1995-10-21,1995-11-08,1995-11-15,NONE,TRUCK,posits print fluffily slyly 
36608-2,36608,1168,77,2,20.00,21383.20,0.03,0.02,N,O,1995-12-11,1995-11-23,1995-12-29,DELIVER IN PERSON,TRUCK,e carefully? unusual de
36608-3,36608,1201,76,3,12.00,13226.40,0.10,0.01,N,O,1995-11-20,1995-10-30,1995-12-02,TAKE BACK RETURN,MAIL, enticing asymptotes. packa
36608-4,36608,1886,87,4,34.00,60787.92,0.09,0.03,N,O,1995-10-25,1995-11-26,1995-11-21,COLLECT COD,FOB, accounts. 
36608-5,36608,1143,80,5,1.00,1044.14,0.03,0.02,N,O,1996-01-27,1995-11-27,1996-02-20,NONE,FOB,ls wake furiously after the idly final inst
36608-6,36608,1228,40,6,6.00,6775.32,0.02,0.05,N,O,1995-11-30,1995-12-18,1995-12-26,NONE,REG AIR,-- final dependencies haggle sly
36608-7,36608,1204,42,7,48.00,53049.60,0.03,0.01,N,O,1995-12-01,1995-12-11,1995-12-30,NONE,REG AIR,cuses. bold deposits
36609-1,36609,1424,25,1,32.00,42413.44,0.05,0.02,A,F,1994-06-09,1994-06-18,1994-07-01,NONE,FOB,grate blithely i
36609-2,36609,946,47,2,42.00,77571.48,0.02,0.07,R,F,1994-05-30,1994-06-30,1994-06-20,NONE,FOB,ular waters impress c
36609-3,36609,513,74,3,30.00,42405.30,0.10,0.05,A,F,1994-07-02,1994-07-10,1994-07-06,COLLECT COD,AIR,"l pinto beans about the regular, even reque"
36609-4,36609,903,72,4,47.00,84783.30,0.00,0.08,A,F,1994-06-12,1994-07-06,1994-06-21,COLLECT COD,SHIP," besides the close, slow accounts. sl"
36609-5,36609,738,71,5,34.00,55716.82,0.08,0.05,A,F,1994-07-29,1994-07-12,1994-08-20,COLLECT COD,AIR,d the blithely silent requests
36610-1,36610,794,27,1,18.00,30506.22,0.05,0.02,N,O,1995-12-28,1995-11-16,1996-01-25,TAKE BACK RETURN,TRUCK,ously alongside of the carefully unu
36610-2,36610,1499,17,2,33.00,46216.17,0.01,0.07,N,O,1995-12-12,1995-12-13,1995-12-13,DELIVER IN PERSON,MAIL, accounts use behind th
36610-3,36610,968,3,3,42.00,78496.32,0.05,0.06,N,O,1996-02-01,1995-12-17,1996-03-02,DELIVER IN PERSON,RAIL,"ic, regular warthogs. "
36611-1,36611,453,83,1,9.00,12181.05,0.02,0.04,N,O,1997-11-10,1997-12-19,1997-11-23,COLLECT COD,FOB,ins. carefully final packages wake. blith
36611-2,36611,1030,66,2,26.00,24206.78,0.06,0.04,N,O,1997-11-29,1997-12-31,1997-12-22,COLLECT COD,MAIL,ts wake fluffily furiously ev
36611-3,36611,1,2,3,13.00,11713.00,0.05,0.01,N,O,1998-02-18,1997-12-19,1998-03-02,NONE,RAIL,ges affix blithely. carefull
36611-4,36611,225,53,4,38.00,42758.36,0.00,0.04,N,O,1997-12-18,1998-01-25,1998-01-05,COLLECT COD,RAIL,usual instructions boost furi
36611-5,36611,1617,18,5,4.00,6074.44,0.03,0.00,N,O,1998-02-10,1997-12-22,1998-02-12,TAKE BACK RETURN,RAIL,pecial dinos are. bli
36612-1,36612,882,49,1,48.00,85578.24,0.06,0.06,R,F,1992-05-04,1992-05-11,1992-05-26,DELIVER IN PERSON,TRUCK,foxes? regular deposits need to 
36612-2,36612,1812,13,2,33.00,56555.73,0.10,0.02,A,F,1992-05-02,1992-05-04,1992-05-19,DELIVER IN PERSON,REG AIR,tithes in place of
36613-1,36613,325,54,1,13.00,15929.16,0.01,0.05,N,O,1996-02-19,1996-04-07,1996-03-10,NONE,TRUCK,"x against the silent, ironic platele"
36613-2,36613,1631,32,2,5.00,7663.15,0.00,0.02,N,O,1996-04-08,1996-03-14,1996-04-23,COLLECT COD,TRUCK,s. slyly fin
36614-1,36614,1542,83,1,8.00,11548.32,0.10,0.02,A,F,1992-07-07,1992-07-21,1992-08-05,COLLECT COD,RAIL,"ending, final packages. ironi"
36614-2,36614,559,90,2,7.00,10216.85,0.07,0.01,R,F,1992-06-02,1992-08-11,1992-06-10,DELIVER IN PERSON,FOB,regular pains boost slyly q
36614-3,36614,720,85,3,6.00,9724.32,0.03,0.01,A,F,1992-06-26,1992-07-28,1992-07-02,COLLECT COD,SHIP,yly. furiously even requests
36615-1,36615,1761,46,1,24.00,39906.24,0.03,0.05,R,F,1993-12-04,1994-01-14,1993-12-30,COLLECT COD,REG AIR,ithe packages. carefully unusual theodolite
36640-1,36640,1719,46,1,45.00,72931.95,0.02,0.01,N,O,1996-01-28,1995-12-19,1996-02-03,NONE,FOB,uses haggle. reg
36640-2,36640,476,77,2,48.00,66070.56,0.03,0.05,N,O,1995-12-27,1996-01-29,1996-01-26,COLLECT COD,RAIL,iously bold ideas
36640-3,36640,1494,73,3,37.00,51633.13,0.01,0.03,N,O,1995-11-24,1996-01-13,1995-12-10,COLLECT COD,AIR,s the fluffily pending requests!
36640-4,36640,1951,52,4,15.00,27794.25,0.01,0.03,N,O,1995-12-16,1995-12-21,1995-12-19,COLLECT COD,TRUCK,"se slyly bold, fi"
36641-1,36641,1498,99,1,15.00,20992.35,0.02,0.08,N,O,1998-01-06,1998-01-03,1998-01-17,COLLECT COD,AIR,"eposits boost thinly after the pending,"
36641-2,36641,1317,94,2,32.00,38985.92,0.03,0.07,N,O,1997-12-02,1998-01-27,1997-12-24,DELIVER IN PERSON,REG AIR, requests. ironic theodolites 
36641-3,36641,1983,84,3,1.00,1884.98,0.05,0.08,N,O,1998-02-15,1998-02-08,1998-03-12,DELIVER IN PERSON,REG AIR,lyly against the bol
36641-4,36641,591,22,4,50.00,74579.50,0.04,0.04,N,O,1998-02-28,1997-12-25,1998-03-15,NONE,TRUCK,es nag quickly among the car
36641-5,36641,70,96,5,3.00,2910.21,0.00,0.07,N,O,1997-12-10,1998-02-11,1997-12-26,COLLECT COD,SHIP,behind the final reques
36642-1,36642,1782,25,1,37.00,62299.86,0.07,0.08,N,O,1997-01-01,1996-10-25,1997-01-15,COLLECT COD,FOB,usual foxes wake carefully regular idea
36643-1,36643,1987,88,1,28.00,52891.44,0.03,0.01,R,F,1994-05-30,1994-04-23,1994-06-20,DELIVER IN PERSON,AIR,y pending requests wake final 
36643-2,36643,856,56,2,10.00,17568.50,0.00,0.03,A,F,1994-06-24,1994-04-23,1994-07-19,DELIVER IN PERSON,RAIL,uffily special deposits
36643-3,36643,845,46,3,22.00,38408.48,0.00,0.00,R,F,1994-02-27,1994-05-03,1994-03-16,DELIVER IN PERSON,REG AIR, express requests. courts affix under 
36643-4,36643,1991,92,4,50.00,94649.50,0.10,0.06,A,F,1994-04-19,1994-04-18,1994-05-17,COLLECT COD,FOB,e blithely enticing 
36644-1,36644,1572,53,1,17.00,25050.69,0.02,0.08,A,F,1992-09-05,1992-06-19,1992-09-13,TAKE BACK RETURN,MAIL,st the instruction
36644-2,36644,145,46,2,50.00,52257.00,0.00,0.06,R,F,1992-09-11,1992-07-23,1992-10-10,COLLECT COD,REG AIR,he quickly silent excuses: s
36644-3,36644,1862,92,3,42.00,74082.12,0.07,0.04,A,F,1992-07-07,1992-06-29,1992-07-23,DELIVER IN PERSON,MAIL,unwind. final deposits sleep slyly across t
36644-4,36644,1057,28,4,34.00,32573.70,0.01,0.08,A,F,1992-09-02,1992-06-19,1992-09-06,NONE,AIR,s are blithely regu
36644-5,36644,680,43,5,18.00,28452.24,0.09,0.06,A,F,1992-08-07,1992-08-09,1992-08-25,COLLECT COD,SHIP,beans are carefully according to the slyl
36644-6,36644,915,16,6,22.00,39950.02,0.08,0.08,A,F,1992-07-09,1992-08-05,1992-07-23,NONE,RAIL,lar deposits. 
36645-1,36645,682,83,1,24.00,37984.32,0.01,0.05,N,O,1996-08-23,1996-07-16,1996-09-11,NONE,SHIP,tes doze after the 
36645-2,36645,32,8,2,10.00,9320.30,0.00,0.06,N,O,1996-05-04,1996-06-04,1996-05-14,TAKE BACK RETURN,RAIL,"le above the dinos. special, spec"
36645-3,36645,1405,45,3,10.00,13064.00,0.09,0.06,N,O,1996-05-20,1996-07-26,1996-05-27,DELIVER IN PERSON,SHIP, the instructions. regu
36645-4,36645,1111,84,4,25.00,25302.75,0.10,0.05,N,O,1996-07-03,1996-07-28,1996-07-06,TAKE BACK RETURN,TRUCK, pinto beans boost a
36645-5,36645,1916,61,5,46.00,83623.86,0.05,0.02,N,O,1996-05-16,1996-06-17,1996-05-23,COLLECT COD,AIR,ar accounts use above the p
36645-6,36645,873,7,6,26.00,46120.62,0.02,0.08,N,O,1996-06-02,1996-06-27,1996-06-24,TAKE BACK RETURN,TRUCK,osits nag furi
36646-1,36646,461,20,1,27.00,36759.42,0.07,0.01,R,F,1993-06-27,1993-08-10,1993-07-18,NONE,AIR,ven deposits in
36646-2,36646,1994,95,2,14.00,26543.86,0.05,0.03,R,F,1993-08-04,1993-07-20,1993-08-24,TAKE BACK RETURN,TRUCK, slyly regular requests. depe
36646-3,36646,1900,1,3,44.00,79283.60,0.00,0.05,R,F,1993-08-18,1993-08-23,1993-09-09,TAKE BACK RETURN,MAIL,gular reque
36646-4,36646,1237,12,4,18.00,20488.14,0.02,0.04,R,F,1993-06-18,1993-09-06,1993-06-28,NONE,FOB, requests cajol
36647-1,36647,1553,34,1,29.00,42181.95,0.05,0.06,A,F,1994-07-10,1994-08-30,1994-07-31,COLLECT COD,FOB,regular excuses nag slyly after
36647-2,36647,786,19,2,48.00,80965.44,0.09,0.01,R,F,1994-08-20,1994-08-14,1994-09-19,DELIVER IN PERSON,SHIP,careful pint
36647-3,36647,465,95,3,19.00,25943.74,0.09,0.03,R,F,1994-10-28,1994-08-09,1994-11-13,NONE,MAIL,accounts aft
36647-4,36647,1487,66,4,12.00,16661.76,0.03,0.05,R,F,1994-09-16,1994-08-03,1994-10-12,NONE,AIR, foxes are. slyly even dependencies h
36647-5,36647,944,45,5,16.00,29519.04,0.08,0.05,A,F,1994-10-21,1994-09-19,1994-11-14,TAKE BACK RETURN,TRUCK,ual deposits. packages under the doggedly 
36647-6,36647,716,17,6,4.00,6466.84,0.10,0.07,R,F,1994-10-19,1994-08-19,1994-10-30,COLLECT COD,SHIP, slyly even requests b
36647-7,36647,1488,6,7,4.00,5557.92,0.08,0.02,A,F,1994-10-17,1994-08-22,1994-10-28,DELIVER IN PERSON,RAIL,ular instructions. furiousl
36672-1,36672,722,55,1,7.00,11359.04,0.05,0.05,N,O,1997-11-20,1997-09-13,1997-12-20,DELIVER IN PERSON,TRUCK,he slyly bold deposits
36672-2,36672,1347,62,2,20.00,24966.80,0.00,0.02,N,O,1997-09-28,1997-10-01,1997-10-28,NONE,FOB,onic epitaphs. even pinto beans cajole blit
36672-3,36672,499,100,3,24.00,33587.76,0.09,0.03,N,O,1997-11-12,1997-10-19,1997-12-12,NONE,RAIL,"ackages. ironic, final "
36672-4,36672,1225,37,4,44.00,49553.68,0.00,0.01,N,O,1997-10-31,1997-09-25,1997-11-21,TAKE BACK RETURN,REG AIR,kly about the
36672-5,36672,1365,42,5,30.00,37990.80,0.03,0.04,N,O,1997-09-10,1997-10-18,1997-10-10,TAKE BACK RETURN,RAIL,efully even pinto beans. 
36672-6,36672,317,46,6,21.00,25563.51,0.04,0.00,N,O,1997-08-24,1997-10-21,1997-09-05,DELIVER IN PERSON,TRUCK,ithely even asymptotes. ironi
36673-1,36673,879,80,1,45.00,80094.15,0.03,0.06,R,F,1993-12-27,1993-11-18,1994-01-09,NONE,SHIP,t the excuses sleep carefully around the 
36673-2,36673,1021,57,2,33.00,30426.66,0.00,0.01,A,F,1994-01-08,1993-10-17,1994-01-20,NONE,FOB,es. final deposits print
36673-3,36673,1195,96,3,37.00,40559.03,0.07,0.06,R,F,1993-11-16,1993-11-11,1993-11-30,COLLECT COD,REG AIR,. slyly regular depos
36673-4,36673,1216,54,4,39.00,43571.19,0.06,0.00,R,F,1993-12-07,1993-12-10,1993-12-08,DELIVER IN PERSON,FOB,usly ironic theodolites. careful
36673-5,36673,1775,60,5,45.00,75454.65,0.03,0.07,A,F,1993-10-28,1993-10-19,1993-11-08,TAKE BACK RETURN,AIR,lly. unusual
36673-6,36673,186,13,6,44.00,47791.92,0.05,0.01,R,F,1993-10-07,1993-11-09,1993-10-31,TAKE BACK RETURN,FOB,refully unusual courts u
36673-7,36673,1358,73,7,36.00,45336.60,0.00,0.02,R,F,1993-09-18,1993-11-20,1993-09-28,DELIVER IN PERSON,SHIP,ests. furiou
36674-1,36674,699,100,1,44.00,70386.36,0.00,0.06,N,O,1996-12-21,1996-10-18,1996-12-23,COLLECT COD,TRUCK, express asymptotes are above 
36674-2,36674,43,19,2,5.00,4715.20,0.03,0.03,N,O,1996-09-03,1996-10-25,1996-09-30,NONE,REG AIR,es are deposits. regular p
36675-1,36675,1690,14,1,30.00,47750.70,0.07,0.04,N,O,1995-07-22,1995-09-21,1995-08-05,TAKE BACK RETURN,REG AIR,st pending theodolites. quick
36675-2,36675,324,53,2,5.00,6121.60,0.10,0.08,N,O,1995-08-30,1995-08-23,1995-09-02,TAKE BACK RETURN,MAIL,ickly even
36675-3,36675,1975,64,3,46.00,86340.62,0.10,0.02,N,O,1995-08-15,1995-09-30,1995-09-04,TAKE BACK RETURN,RAIL,ial accounts wake around th
36675-4,36675,1525,46,4,24.00,34236.48,0.01,0.05,N,O,1995-09-15,1995-09-21,1995-09-26,TAKE BACK RETURN,REG AIR,ickly ironic ideas. bold requests cajole
36676-1,36676,1804,48,1,44.00,75055.20,0.06,0.04,N,O,1995-10-28,1995-09-25,1995-11-19,COLLECT COD,TRUCK,xpress accounts integrate care
36676-2,36676,1667,68,2,21.00,32941.86,0.08,0.01,N,O,1995-09-02,1995-09-30,1995-09-22,DELIVER IN PERSON,REG AIR,the slyly final dependencies sublate
36676-3,36676,1061,32,3,20.00,19241.20,0.10,0.04,N,O,1995-10-02,1995-10-03,1995-10-16,TAKE BACK RETURN,AIR,the bold requests
36676-4,36676,1288,26,4,1.00,1189.28,0.00,0.02,N,O,1995-11-04,1995-11-14,1995-12-02,NONE,RAIL,sits alongside of the quickly even requests
36676-5,36676,570,1,5,15.00,22058.55,0.09,0.06,N,O,1995-12-20,1995-10-17,1995-12-23,COLLECT COD,SHIP,ng ideas. fluffily ironi
36676-6,36676,779,12,6,11.00,18477.47,0.04,0.00,N,O,1995-09-11,1995-11-09,1995-10-02,NONE,FOB,ular foxes. even requests haggl
36676-7,36676,1631,73,7,1.00,1532.63,0.04,0.04,N,O,1995-12-14,1995-10-12,1995-12-26,TAKE BACK RETURN,AIR,into beans wake. iro
36677-1,36677,120,73,1,17.00,17342.04,0.04,0.03,A,F,1995-03-27,1995-02-25,1995-03-28,NONE,SHIP,ven deposits? carefully ironic escap
36677-2,36677,369,54,2,31.00,39350.16,0.03,0.05,R,F,1995-04-15,1995-02-18,1995-05-01,NONE,AIR,ependencies are furiously carefully s
36677-3,36677,1039,75,3,3.00,2820.09,0.03,0.04,R,F,1995-03-09,1995-02-13,1995-04-08,DELIVER IN PERSON,RAIL, slyly even foxes wake furiously
36677-4,36677,1323,62,4,4.00,4897.28,0.07,0.01,A,F,1995-04-16,1995-02-04,1995-04-27,COLLECT COD,RAIL,regular court
36678-1,36678,953,88,1,17.00,31517.15,0.01,0.07,R,F,1994-05-18,1994-02-23,1994-06-15,TAKE BACK RETURN,AIR, the slyly regular dolphins
36678-2,36678,1363,40,2,34.00,42988.24,0.07,0.03,A,F,1994-04-15,1994-03-17,1994-04-27,TAKE BACK RETURN,SHIP,lyly express deposits. bold depend
36678-3,36678,755,20,3,32.00,52984.00,0.09,0.06,A,F,1994-02-10,1994-04-06,1994-03-09,NONE,MAIL,uests. final dependen
36678-4,36678,39,90,4,37.00,34744.11,0.06,0.07,A,F,1994-05-12,1994-03-28,1994-05-25,DELIVER IN PERSON,RAIL,ns across the silent depths engage furi
36678-5,36678,1705,6,5,48.00,77121.60,0.10,0.05,A,F,1994-02-10,1994-04-13,1994-02-14,NONE,TRUCK,its. furiously regular instruction
36678-6,36678,190,91,6,44.00,47968.36,0.09,0.06,R,F,1994-03-10,1994-03-25,1994-03-15,COLLECT COD,AIR, furiously after the 
36678-7,36678,1339,78,7,18.00,22325.94,0.01,0.03,R,F,1994-02-03,1994-03-27,1994-02-05,COLLECT COD,TRUCK,"ructions affix bold, regu"
36679-1,36679,152,5,1,48.00,50503.20,0.05,0.00,N,O,1995-12-11,1995-11-01,1996-01-04,NONE,FOB,s. ironic ideas sleep quickly. f
36679-2,36679,1503,44,2,3.00,4213.50,0.03,0.06,N,O,1995-12-15,1995-10-30,1995-12-20,COLLECT COD,FOB,"eodolites haggle bold, careful packag"
36679-3,36679,1174,11,3,47.00,50532.99,0.00,0.01,N,O,1995-12-10,1995-10-26,1995-12-16,TAKE BACK RETURN,RAIL, poach. sentiments according
36704-1,36704,1816,60,1,26.00,44663.06,0.01,0.01,N,O,1995-08-29,1995-08-25,1995-09-06,DELIVER IN PERSON,FOB,ckly along the deposits
36704-2,36704,1845,89,2,34.00,59392.56,0.05,0.06,N,O,1995-09-26,1995-08-26,1995-09-30,DELIVER IN PERSON,TRUCK,es. platelets are carefully 
36704-3,36704,628,60,3,45.00,68787.90,0.09,0.02,N,O,1995-09-25,1995-09-09,1995-10-01,DELIVER IN PERSON,MAIL, theodolites sleep blithely ironic
36704-4,36704,238,39,4,19.00,21626.37,0.03,0.00,N,O,1995-07-14,1995-08-05,1995-08-02,NONE,SHIP,y pending packages boost. even requests
36704-5,36704,1642,84,5,8.00,12349.12,0.02,0.00,N,O,1995-09-03,1995-08-21,1995-09-23,COLLECT COD,TRUCK, ironic instruc
36704-6,36704,1745,46,6,19.00,31288.06,0.06,0.01,N,O,1995-10-02,1995-09-09,1995-10-27,DELIVER IN PERSON,AIR,usual deposits against the deposits sl
36704-7,36704,1213,25,7,33.00,36768.93,0.01,0.02,N,O,1995-08-31,1995-07-18,1995-09-04,TAKE BACK RETURN,RAIL,ccording to 
36705-1,36705,286,14,1,47.00,55755.16,0.01,0.03,R,F,1994-07-09,1994-08-13,1994-07-12,NONE,TRUCK,ajole deposits. de
36705-2,36705,941,76,2,29.00,53416.26,0.02,0.04,R,F,1994-07-28,1994-09-09,1994-08-16,TAKE BACK RETURN,TRUCK,uriously carefully regular ac
36705-3,36705,1122,31,3,38.00,38878.56,0.04,0.01,A,F,1994-10-11,1994-07-29,1994-11-03,COLLECT COD,MAIL,ss instructions. fluffily express 
36705-4,36705,959,60,4,25.00,46498.75,0.02,0.07,R,F,1994-08-27,1994-08-12,1994-09-04,TAKE BACK RETURN,MAIL, between the re
36706-1,36706,4,30,1,38.00,34352.00,0.03,0.07,A,F,1994-05-22,1994-07-01,1994-05-23,COLLECT COD,MAIL,"n requests. final, regular platelet"
36706-2,36706,623,55,2,49.00,74657.38,0.01,0.02,R,F,1994-05-20,1994-06-08,1994-05-28,TAKE BACK RETURN,AIR,sly ironic ideas caj
36706-3,36706,500,59,3,5.00,7002.50,0.08,0.04,A,F,1994-06-29,1994-07-09,1994-07-05,NONE,FOB,l requests run furiou
36706-4,36706,1934,67,4,32.00,58749.76,0.09,0.03,R,F,1994-05-04,1994-06-13,1994-05-11,TAKE BACK RETURN,AIR,the furiou
36706-5,36706,1817,61,5,1.00,1718.81,0.05,0.03,A,F,1994-06-27,1994-06-14,1994-07-14,DELIVER IN PERSON,SHIP,uests against the slyly regular packa
36707-1,36707,305,62,1,11.00,13258.30,0.07,0.02,A,F,1995-03-14,1995-02-22,1995-03-27,NONE,TRUCK,t the blithely special deposits. furious
36707-2,36707,577,38,2,37.00,54670.09,0.01,0.02,A,F,1994-12-18,1995-02-09,1995-01-16,COLLECT COD,FOB,hely express requests are a
36707-3,36707,409,97,3,9.00,11784.60,0.08,0.04,A,F,1995-03-30,1995-02-15,1995-04-19,TAKE BACK RETURN,MAIL,ould cajole fluffily regular
36707-4,36707,1744,45,4,18.00,29623.32,0.02,0.04,R,F,1994-12-24,1995-02-26,1995-01-17,COLLECT COD,FOB,l instruction
36708-1,36708,1149,22,1,22.00,23103.08,0.01,0.03,N,O,1995-12-05,1995-12-07,1995-12-12,NONE,SHIP,y. special foxes affix after the si
36708-2,36708,83,9,2,28.00,27526.24,0.01,0.08,N,O,1995-10-12,1995-11-12,1995-11-07,DELIVER IN PERSON,FOB,r accounts detect. quickly final instruc
36708-3,36708,619,20,3,17.00,25833.37,0.10,0.07,N,O,1995-10-06,1995-11-13,1995-10-19,COLLECT COD,RAIL,s! carefully ironic theodolites ha
36709-1,36709,1135,72,1,47.00,48698.11,0.08,0.01,R,F,1992-09-23,1992-10-14,1992-09-26,NONE,MAIL,efully. accounts along the accoun
36709-2,36709,1356,95,2,1.00,1257.35,0.03,0.04,R,F,1992-10-19,1992-11-17,1992-10-31,COLLECT COD,MAIL, requests play fluffily packages? bold 
36709-3,36709,1848,49,3,30.00,52495.20,0.04,0.01,A,F,1992-09-16,1992-11-07,1992-09-25,DELIVER IN PERSON,RAIL,t carefully final realms
36709-4,36709,1958,91,4,27.00,50218.65,0.08,0.06,A,F,1992-11-03,1992-10-02,1992-11-19,DELIVER IN PERSON,SHIP,kly about the 
36709-5,36709,1503,24,5,43.00,60393.50,0.07,0.00,R,F,1992-10-26,1992-09-24,1992-11-21,DELIVER IN PERSON,RAIL, the furiously regular accounts. pack
36709-6,36709,1427,6,6,18.00,23911.56,0.00,0.04,R,F,1992-11-04,1992-10-03,1992-11-30,COLLECT COD,TRUCK,"en, express in"
36709-7,36709,1607,31,7,50.00,75430.00,0.10,0.02,A,F,1992-10-17,1992-10-15,1992-10-19,COLLECT COD,AIR,onic instructions aff
36710-1,36710,508,39,1,44.00,61974.00,0.07,0.00,N,O,1997-04-21,1997-05-11,1997-05-19,TAKE BACK RETURN,RAIL,ending ideas. furiou
36710-2,36710,1899,86,2,3.00,5402.67,0.07,0.01,N,O,1997-05-09,1997-05-25,1997-05-22,NONE,AIR, cajole perm
36710-3,36710,1262,63,3,35.00,40714.10,0.03,0.03,N,O,1997-06-03,1997-06-01,1997-06-13,NONE,SHIP, special packages are c
36710-4,36710,1431,10,4,15.00,19986.45,0.07,0.05,N,O,1997-04-01,1997-05-17,1997-04-25,TAKE BACK RETURN,AIR,le? idly bold deposits haggle. regularly 
36710-5,36710,662,25,5,36.00,56255.76,0.04,0.00,N,O,1997-06-15,1997-05-05,1997-07-07,COLLECT COD,MAIL,"was packages. even, final ac"
36711-1,36711,753,50,1,46.00,76072.50,0.03,0.01,N,O,1998-01-11,1998-02-17,1998-01-15,DELIVER IN PERSON,TRUCK,ecial foxes. blithely pending theodoli
36711-2,36711,1340,79,2,8.00,9930.72,0.08,0.02,N,O,1998-01-07,1998-01-02,1998-01-29,DELIVER IN PERSON,REG AIR,d foxes wake blithely 
36711-3,36711,63,14,3,6.00,5778.36,0.01,0.02,N,O,1998-03-01,1998-01-21,1998-03-12,DELIVER IN PERSON,FOB,counts. pains after the blithely even
36711-4,36711,676,70,4,3.00,4730.01,0.01,0.04,N,O,1998-03-12,1998-02-25,1998-04-11,TAKE BACK RETURN,FOB,ver. blithel
36711-5,36711,216,71,5,8.00,8929.68,0.10,0.00,N,O,1998-02-03,1998-02-27,1998-02-07,DELIVER IN PERSON,REG AIR,the fluffily pending ideas are quickly abo
36711-6,36711,1770,55,6,39.00,65199.03,0.00,0.06,N,O,1998-01-10,1998-01-09,1998-01-27,TAKE BACK RETURN,REG AIR,e to detect about the stealthily 
36711-7,36711,1916,17,7,25.00,45447.75,0.07,0.00,N,O,1998-01-19,1998-02-23,1998-01-31,NONE,RAIL,he final asymptotes. carefu
36736-1,36736,1739,66,1,19.00,31173.87,0.01,0.01,R,F,1995-05-30,1995-06-23,1995-06-05,NONE,SHIP,cross the ironic foxes wake bli
36736-2,36736,879,79,2,47.00,83653.89,0.02,0.01,N,O,1995-07-22,1995-06-17,1995-08-21,DELIVER IN PERSON,AIR,uriously unusual foxes haggle furious
36736-3,36736,1563,44,3,29.00,42472.24,0.08,0.03,N,O,1995-08-22,1995-07-16,1995-09-08,NONE,REG AIR,"ages haggle slyly pending, bold instructio"
36736-4,36736,1274,75,4,46.00,54062.42,0.04,0.03,N,O,1995-06-18,1995-06-16,1995-07-02,NONE,RAIL,ully above the carefully 
36736-5,36736,1762,5,5,29.00,48249.04,0.03,0.06,N,O,1995-08-07,1995-07-08,1995-08-10,DELIVER IN PERSON,MAIL,ly unusual deposits boost quickly carefully
36736-6,36736,312,41,6,15.00,18184.65,0.01,0.06,N,O,1995-08-02,1995-06-07,1995-08-06,COLLECT COD,AIR, integrate furiously regular requests. qui
36737-1,36737,313,14,1,35.00,42465.85,0.09,0.01,R,F,1993-06-18,1993-05-16,1993-07-14,COLLECT COD,RAIL, of the fluffily regular theodolites
36737-2,36737,200,27,2,8.00,8801.60,0.03,0.08,R,F,1993-04-13,1993-05-09,1993-04-22,TAKE BACK RETURN,TRUCK,sits according to 
36737-3,36737,895,96,3,18.00,32326.02,0.05,0.07,R,F,1993-05-25,1993-06-01,1993-06-01,NONE,FOB,even requests u
36737-4,36737,811,45,4,19.00,32524.39,0.09,0.08,A,F,1993-03-31,1993-04-17,1993-04-15,NONE,RAIL,ithely silent request
36737-5,36737,120,21,5,9.00,9181.08,0.02,0.00,R,F,1993-07-06,1993-05-31,1993-07-27,TAKE BACK RETURN,FOB,ully even packages. courts 
36737-6,36737,1142,51,6,16.00,16690.24,0.00,0.01,A,F,1993-03-23,1993-04-21,1993-03-31,NONE,FOB,lyly special th
36738-1,36738,1119,28,1,9.00,9180.99,0.08,0.00,N,O,1996-07-25,1996-08-26,1996-08-24,DELIVER IN PERSON,FOB,ideas. final packages across the carefully
36738-2,36738,1593,34,2,33.00,49321.47,0.06,0.05,N,O,1996-08-24,1996-09-19,1996-09-22,TAKE BACK RETURN,MAIL,"kages-- unusual, final acc"
36738-3,36738,760,57,3,20.00,33215.20,0.02,0.02,N,O,1996-10-09,1996-09-22,1996-10-28,DELIVER IN PERSON,REG AIR,ly above the furiously ironic reque
36738-4,36738,311,68,4,31.00,37550.61,0.02,0.00,N,O,1996-08-17,1996-08-18,1996-08-23,COLLECT COD,MAIL, ironic ideas wake fluffily across the 
36738-5,36738,1042,48,5,18.00,16974.72,0.01,0.02,N,O,1996-08-09,1996-08-28,1996-09-03,NONE,REG AIR, the quickly ironic i
36738-6,36738,1528,29,6,36.00,51462.72,0.09,0.08,N,O,1996-10-05,1996-09-04,1996-11-01,DELIVER IN PERSON,FOB,blithely. quickly regular dolphins al
36739-1,36739,1410,11,1,41.00,53767.81,0.07,0.06,A,F,1994-10-10,1995-01-01,1994-10-13,COLLECT COD,RAIL, furiously pending deposits across t
36739-2,36739,830,30,2,14.00,24231.62,0.07,0.06,A,F,1995-01-14,1995-01-02,1995-02-09,TAKE BACK RETURN,REG AIR,furiously about the slyly 
36739-3,36739,735,32,3,23.00,37621.79,0.04,0.03,R,F,1994-12-26,1994-12-05,1995-01-20,TAKE BACK RETURN,FOB,posits. furiously final 
36739-4,36739,824,91,4,31.00,53469.42,0.06,0.04,A,F,1994-10-12,1995-01-02,1994-10-29,DELIVER IN PERSON,MAIL,ckly: theodolites haggle quick
36739-5,36739,723,56,5,11.00,17860.92,0.01,0.03,A,F,1994-10-14,1995-01-05,1994-11-02,COLLECT COD,MAIL,old somas a
36739-6,36739,653,54,6,6.00,9321.90,0.04,0.07,A,F,1994-11-21,1994-12-24,1994-12-01,COLLECT COD,TRUCK,into beans use blithely. slyly final i
36740-1,36740,1175,12,1,17.00,18294.89,0.05,0.08,N,O,1997-01-20,1997-02-20,1997-02-03,DELIVER IN PERSON,REG AIR,ironic deposits. 
36740-2,36740,107,34,2,34.00,34241.40,0.06,0.02,N,O,1997-04-19,1997-03-27,1997-04-28,DELIVER IN PERSON,REG AIR,lyly after the carefu
36740-3,36740,189,42,3,31.00,33764.58,0.08,0.08,N,O,1997-01-31,1997-03-05,1997-02-14,NONE,REG AIR,nusual packages. even instruction
36740-4,36740,230,85,4,44.00,49730.12,0.06,0.08,N,O,1997-04-21,1997-03-22,1997-05-07,COLLECT COD,REG AIR,ess asymptotes. carefully f
36740-5,36740,1939,28,5,46.00,84682.78,0.09,0.08,N,O,1997-03-29,1997-03-12,1997-04-03,DELIVER IN PERSON,SHIP,. regular requests against the
36740-6,36740,230,85,6,15.00,16953.45,0.02,0.08,N,O,1997-04-23,1997-03-08,1997-04-30,TAKE BACK RETURN,TRUCK,r platelets. carefully final 
36741-1,36741,854,54,1,9.00,15793.65,0.02,0.05,A,F,1994-03-29,1994-02-06,1994-04-22,DELIVER IN PERSON,SHIP,o beans boost afte
36741-2,36741,1032,68,2,36.00,33589.08,0.07,0.03,A,F,1994-01-14,1994-01-21,1994-01-18,TAKE BACK RETURN,FOB,ithely unusual ideas nag furiously 
36741-3,36741,169,96,3,18.00,19244.88,0.02,0.04,R,F,1994-03-21,1994-03-17,1994-04-04,DELIVER IN PERSON,SHIP,oss the slyly final dependencies. 
36741-4,36741,505,66,4,8.00,11244.00,0.00,0.06,A,F,1994-04-05,1994-01-26,1994-04-30,DELIVER IN PERSON,MAIL,fully silent pinto beans haggle stealthily 
36741-5,36741,861,62,5,14.00,24666.04,0.08,0.04,R,F,1994-01-20,1994-01-20,1994-01-26,COLLECT COD,FOB,"deposits. final, final"
36741-6,36741,1424,64,6,27.00,35786.34,0.05,0.05,R,F,1994-04-02,1994-03-17,1994-04-24,COLLECT COD,SHIP,uffy accounts sleep carefully beyond
36741-7,36741,104,57,7,13.00,13053.30,0.01,0.06,A,F,1994-01-24,1994-01-25,1994-02-14,NONE,FOB,d asymptotes. carefull
36742-1,36742,572,63,1,28.00,41231.96,0.10,0.03,N,O,1998-01-31,1998-02-22,1998-02-08,NONE,FOB,ously ironic depend
36742-2,36742,1506,87,2,14.00,19705.00,0.03,0.03,N,O,1998-02-23,1998-03-17,1998-03-02,COLLECT COD,REG AIR,ges. carefully regula
36742-3,36742,1247,59,3,18.00,20668.32,0.09,0.05,N,O,1998-02-14,1998-03-13,1998-03-13,COLLECT COD,SHIP,bits cajole carefully alongside of t
36743-1,36743,1205,17,1,47.00,51991.40,0.09,0.04,A,F,1992-12-06,1992-11-15,1992-12-18,NONE,FOB,waters. regular o
36743-2,36743,1462,80,2,47.00,64082.62,0.03,0.01,R,F,1992-10-24,1992-11-02,1992-10-25,TAKE BACK RETURN,SHIP,eep careful
36768-1,36768,508,39,1,26.00,36621.00,0.02,0.04,N,O,1998-05-14,1998-06-30,1998-05-31,NONE,RAIL,"d the final, final packages. spe"
36768-2,36768,739,40,2,4.00,6558.92,0.07,0.08,N,O,1998-07-14,1998-05-20,1998-07-31,NONE,MAIL,instructions. speci
36768-3,36768,1615,98,3,21.00,31848.81,0.09,0.02,N,O,1998-04-28,1998-05-30,1998-05-16,COLLECT COD,REG AIR,elets haggle blithely furiousl
36768-4,36768,984,53,4,4.00,7539.92,0.07,0.01,N,O,1998-05-02,1998-07-03,1998-05-15,COLLECT COD,RAIL,usly above the 
36769-1,36769,183,10,1,41.00,44410.38,0.05,0.01,R,F,1994-05-09,1994-04-01,1994-06-08,COLLECT COD,TRUCK,ly. carefully ironic asympto
36769-2,36769,149,76,2,23.00,24130.22,0.06,0.08,A,F,1994-04-28,1994-04-06,1994-05-21,COLLECT COD,REG AIR,y unusual requests sleep furiously bey
36770-1,36770,494,82,1,4.00,5577.96,0.03,0.02,N,O,1996-09-11,1996-11-10,1996-09-29,TAKE BACK RETURN,SHIP,bove the careful
36770-2,36770,1668,69,2,47.00,73774.02,0.10,0.03,N,O,1996-12-24,1996-10-27,1997-01-18,DELIVER IN PERSON,AIR,ests cajole above the final requests. 
36771-1,36771,1381,96,1,33.00,42318.54,0.06,0.05,N,O,1996-02-01,1996-01-12,1996-02-03,NONE,MAIL,ns. fluffily quiet deposits against 
36771-2,36771,441,100,2,12.00,16097.28,0.08,0.04,N,O,1996-02-14,1995-12-13,1996-02-25,DELIVER IN PERSON,TRUCK,luffily from the carefully final e
36771-3,36771,779,80,3,34.00,57112.18,0.10,0.06,N,O,1995-11-22,1995-12-17,1995-11-24,COLLECT COD,MAIL,as according to
36771-4,36771,572,63,4,18.00,26506.26,0.08,0.07,N,O,1996-01-31,1996-01-15,1996-02-02,COLLECT COD,AIR,ic instructions-- carefully pendin
36772-1,36772,879,13,1,34.00,60515.58,0.05,0.00,A,F,1993-09-07,1993-08-14,1993-09-08,NONE,RAIL,tructions! bold platelets
36772-2,36772,829,30,2,4.00,6919.28,0.08,0.07,A,F,1993-05-21,1993-07-26,1993-06-04,COLLECT COD,RAIL,detect carefully abov
36772-3,36772,301,30,3,44.00,52857.20,0.10,0.03,A,F,1993-08-01,1993-07-17,1993-08-10,DELIVER IN PERSON,FOB,ess accounts can 
36772-4,36772,1048,54,4,46.00,43655.84,0.07,0.07,R,F,1993-06-19,1993-07-18,1993-06-27,NONE,SHIP,y unusual 
36772-5,36772,1023,29,5,3.00,2772.06,0.00,0.00,R,F,1993-07-05,1993-07-18,1993-08-04,COLLECT COD,SHIP,braids haggle blithely. un
36772-6,36772,1580,81,6,10.00,14815.80,0.00,0.01,A,F,1993-08-30,1993-07-30,1993-08-31,COLLECT COD,TRUCK,sits sleep furiously ironic requests. f
36772-7,36772,938,41,7,33.00,60684.69,0.00,0.04,A,F,1993-06-28,1993-06-24,1993-07-06,NONE,FOB,requests whithout the theodolites boost
36773-1,36773,848,49,1,23.00,40223.32,0.10,0.00,A,F,1993-12-22,1993-11-02,1994-01-14,NONE,AIR,ely ironic theodo
36773-2,36773,78,79,2,37.00,36188.59,0.07,0.06,R,F,1993-10-27,1993-11-23,1993-11-26,COLLECT COD,MAIL,s nag furiously
36773-3,36773,1688,89,3,35.00,55638.80,0.07,0.05,R,F,1993-12-07,1993-11-07,1993-12-16,TAKE BACK RETURN,RAIL, regular a
36773-4,36773,1321,98,4,20.00,24446.40,0.07,0.00,A,F,1993-10-03,1993-12-11,1993-10-08,COLLECT COD,TRUCK,al theodolites ar
36774-1,36774,1868,98,1,7.00,12389.02,0.05,0.04,N,O,1996-10-07,1996-11-12,1996-10-10,TAKE BACK RETURN,TRUCK,ts boost slyly thinly silent a
36774-2,36774,1986,31,2,36.00,67967.28,0.06,0.01,N,O,1996-11-26,1996-10-08,1996-12-25,COLLECT COD,REG AIR,forges. furiously
36775-1,36775,23,74,1,23.00,21229.46,0.01,0.03,N,O,1996-11-20,1997-02-08,1996-11-21,DELIVER IN PERSON,FOB,ong the quickly fi
36775-2,36775,1638,39,2,5.00,7698.15,0.02,0.07,N,O,1997-02-22,1997-02-05,1997-03-02,NONE,FOB,sits. fluffily even d
36800-1,36800,1284,59,1,40.00,47411.20,0.03,0.08,R,F,1993-10-03,1993-12-05,1993-10-29,TAKE BACK RETURN,TRUCK,y sly Tiresias wake finally express packag
36800-2,36800,1627,69,2,32.00,48915.84,0.06,0.08,A,F,1993-11-20,1993-10-30,1993-12-07,DELIVER IN PERSON,AIR,"heodolites. regular, ironic"
36800-3,36800,837,38,3,37.00,64299.71,0.03,0.05,A,F,1993-12-14,1993-11-02,1994-01-11,NONE,MAIL, carefully silent instru
36801-1,36801,911,14,1,1.00,1811.91,0.03,0.05,N,O,1996-10-27,1996-10-04,1996-11-26,DELIVER IN PERSON,REG AIR,ual dependencies affix car
36801-2,36801,1397,12,2,8.00,10387.12,0.06,0.04,N,O,1996-11-04,1996-10-11,1996-11-17,COLLECT COD,AIR,ly against the accounts. blithel
36801-3,36801,307,8,3,43.00,51913.90,0.01,0.08,N,O,1996-09-06,1996-10-19,1996-09-24,COLLECT COD,AIR,even theodolites. carefully even 
36801-4,36801,866,67,4,22.00,38870.92,0.03,0.07,N,O,1996-10-11,1996-11-08,1996-10-18,NONE,AIR,iously final 
36801-5,36801,169,96,5,17.00,18175.72,0.02,0.04,N,O,1996-10-24,1996-09-21,1996-11-20,DELIVER IN PERSON,MAIL,"ully regular, regular pinto beans; "
36801-6,36801,1806,50,6,31.00,52941.80,0.04,0.04,N,O,1996-08-20,1996-10-26,1996-09-02,NONE,MAIL,sits wake slyly. 
36801-7,36801,1107,16,7,21.00,21170.10,0.01,0.06,N,O,1996-09-18,1996-10-21,1996-10-10,TAKE BACK RETURN,SHIP,y above the furiously quiet theodolites. 
36802-1,36802,974,43,1,2.00,3749.94,0.02,0.08,N,O,1997-06-17,1997-06-11,1997-06-19,TAKE BACK RETURN,FOB, accounts sleep furiously carefu
36802-2,36802,275,3,2,39.00,45835.53,0.01,0.04,N,O,1997-08-09,1997-06-05,1997-08-20,COLLECT COD,AIR,ealthy instructions. blithely expr
36802-3,36802,52,53,3,48.00,45698.40,0.04,0.04,N,O,1997-07-11,1997-06-01,1997-07-31,COLLECT COD,SHIP,en instructions sleep 
36802-4,36802,1182,19,4,31.00,33578.58,0.08,0.03,N,O,1997-05-02,1997-06-10,1997-05-18,COLLECT COD,AIR,. carefully specia
36802-5,36802,288,16,5,1.00,1188.28,0.09,0.02,N,O,1997-04-30,1997-06-11,1997-05-01,DELIVER IN PERSON,TRUCK,ts. bold packages do haggle
36802-6,36802,486,45,6,38.00,52686.24,0.07,0.06,N,O,1997-04-17,1997-05-31,1997-05-08,DELIVER IN PERSON,RAIL,lar accounts nag. regular packages
36802-7,36802,630,24,7,20.00,30612.60,0.01,0.08,N,O,1997-07-06,1997-05-30,1997-07-13,DELIVER IN PERSON,RAIL,carefully. sen
36803-1,36803,1401,2,1,43.00,56003.20,0.02,0.01,R,F,1992-08-20,1992-10-02,1992-09-17,DELIVER IN PERSON,SHIP,taphs are. carefully bold accou
36803-2,36803,544,45,2,44.00,63559.76,0.05,0.03,R,F,1992-10-19,1992-09-19,1992-10-29,NONE,SHIP,nto beans. p
36803-3,36803,625,19,3,48.00,73229.76,0.08,0.00,A,F,1992-10-27,1992-10-06,1992-11-03,TAKE BACK RETURN,AIR, theodolites. caref
36803-4,36803,1710,53,4,13.00,20952.23,0.03,0.05,A,F,1992-10-19,1992-09-15,1992-10-22,DELIVER IN PERSON,SHIP,xes cajole s
36803-5,36803,1625,67,5,40.00,61064.80,0.01,0.03,R,F,1992-08-14,1992-10-19,1992-09-12,DELIVER IN PERSON,RAIL,olites across the slyly even packages wake 
36803-6,36803,352,37,6,47.00,58860.45,0.05,0.04,R,F,1992-08-31,1992-10-02,1992-09-30,NONE,REG AIR,"regular, exp"
36803-7,36803,1559,60,7,31.00,45277.05,0.00,0.01,R,F,1992-09-25,1992-10-09,1992-10-21,NONE,SHIP,ide of the regular pi
36804-1,36804,1450,90,1,44.00,59463.80,0.07,0.02,A,F,1994-10-04,1994-09-25,1994-11-03,NONE,RAIL,ng to the furiously special 
36804-2,36804,146,47,2,42.00,43937.88,0.04,0.00,A,F,1994-09-09,1994-08-18,1994-10-02,TAKE BACK RETURN,MAIL," final deposits. regular, ironic accounts"
36804-3,36804,688,89,3,29.00,46071.72,0.06,0.06,R,F,1994-07-09,1994-08-02,1994-07-13,DELIVER IN PERSON,REG AIR,aves. furiously unusual dol
36804-4,36804,728,25,4,12.00,19544.64,0.00,0.08,A,F,1994-07-23,1994-09-18,1994-08-15,NONE,MAIL,. fluffily final 
36804-5,36804,917,20,5,49.00,89077.59,0.01,0.02,A,F,1994-09-26,1994-09-12,1994-10-15,COLLECT COD,MAIL,lyly ironic dep
36805-1,36805,1344,59,1,12.00,14944.08,0.09,0.04,A,F,1993-12-16,1994-02-06,1994-01-03,COLLECT COD,FOB,s poach fluffil
36805-2,36805,29,80,2,1.00,929.02,0.02,0.02,A,F,1994-01-24,1994-03-02,1994-02-14,COLLECT COD,TRUCK,o the even pinto beans s
36805-3,36805,1009,15,3,14.00,12740.00,0.07,0.05,R,F,1994-03-13,1994-02-04,1994-04-05,COLLECT COD,REG AIR,lly final ideas sleep sly
36805-4,36805,793,58,4,13.00,22019.27,0.09,0.04,R,F,1994-02-07,1994-03-10,1994-03-01,DELIVER IN PERSON,REG AIR,ly even deposits according to the carefull
36805-5,36805,1871,15,5,2.00,3545.74,0.03,0.01,R,F,1994-03-14,1994-02-17,1994-03-19,COLLECT COD,SHIP,deposits after the carefu
36806-1,36806,1253,54,1,8.00,9234.00,0.03,0.07,N,O,1998-09-09,1998-08-02,1998-09-16,TAKE BACK RETURN,AIR,sly final foxes are furiousl
36806-2,36806,1675,58,2,21.00,33110.07,0.09,0.01,N,O,1998-08-23,1998-08-23,1998-09-08,COLLECT COD,SHIP,final platelets. 
36806-3,36806,1679,80,3,38.00,60065.46,0.01,0.03,N,O,1998-06-26,1998-07-31,1998-07-24,DELIVER IN PERSON,TRUCK," regular, ir"
36806-4,36806,1910,43,4,31.00,56169.21,0.03,0.02,N,O,1998-08-06,1998-09-07,1998-08-08,COLLECT COD,TRUCK,"ross the unusual, regular deposits. caref"
36807-1,36807,1942,87,1,23.00,42410.62,0.01,0.02,A,F,1994-07-05,1994-04-30,1994-07-08,NONE,FOB,hes use qui
36807-2,36807,1028,29,2,3.00,2787.06,0.06,0.02,R,F,1994-04-26,1994-05-01,1994-05-20,DELIVER IN PERSON,MAIL,es sleep furiously along th
36807-3,36807,1263,64,3,44.00,51227.44,0.04,0.05,A,F,1994-04-11,1994-06-02,1994-04-24,NONE,TRUCK,ounts. furiously regular requests sleep car
36807-4,36807,1058,64,4,48.00,46034.40,0.09,0.08,R,F,1994-05-31,1994-05-27,1994-06-17,TAKE BACK RETURN,MAIL,s breach furiously. s
36832-1,36832,1649,50,1,28.00,43417.92,0.06,0.03,A,F,1992-07-07,1992-07-16,1992-07-08,DELIVER IN PERSON,REG AIR, pinto beans det
36832-2,36832,723,20,2,40.00,64948.80,0.02,0.03,R,F,1992-09-17,1992-07-31,1992-09-21,DELIVER IN PERSON,AIR,"sts try to are special, bold dependenci"
36832-3,36832,700,32,3,43.00,68830.10,0.04,0.06,R,F,1992-06-13,1992-08-28,1992-06-19,DELIVER IN PERSON,FOB, excuses nag
36832-4,36832,653,85,4,41.00,63699.65,0.02,0.06,A,F,1992-08-27,1992-08-24,1992-09-09,TAKE BACK RETURN,REG AIR, breach after the slyly bold theodoli
36833-1,36833,1603,86,1,43.00,64697.80,0.08,0.05,A,F,1992-08-30,1992-09-07,1992-09-29,TAKE BACK RETURN,SHIP, regular packages sleep 
36833-2,36833,327,28,2,23.00,28228.36,0.02,0.03,R,F,1992-09-28,1992-09-26,1992-10-17,TAKE BACK RETURN,FOB,longside of the fi
36833-3,36833,1424,42,3,38.00,50365.96,0.00,0.05,R,F,1992-11-08,1992-09-02,1992-11-12,DELIVER IN PERSON,FOB,efully carefully regular foxes. caref
36834-1,36834,1177,78,1,43.00,46361.31,0.09,0.04,R,F,1995-02-24,1995-03-24,1995-03-14,TAKE BACK RETURN,FOB,ckly ironic instructions wake quickly. bli
36834-2,36834,1357,72,2,47.00,59142.45,0.06,0.02,A,F,1995-03-20,1995-02-16,1995-03-27,TAKE BACK RETURN,FOB,refully bold epitaphs sleep finall
36835-1,36835,543,74,1,20.00,28870.80,0.05,0.03,A,F,1994-12-08,1995-01-08,1994-12-20,TAKE BACK RETURN,TRUCK, the even realms. fluffi
36835-2,36835,391,48,2,50.00,64569.50,0.06,0.07,R,F,1995-01-29,1995-01-06,1995-02-05,TAKE BACK RETURN,RAIL,cial dependencies. silentl
36835-3,36835,1510,31,3,5.00,7057.55,0.07,0.07,A,F,1995-01-12,1994-12-17,1995-01-21,DELIVER IN PERSON,MAIL,arefully thin asymptotes nag 
36835-4,36835,719,20,4,47.00,76126.37,0.02,0.03,R,F,1995-01-15,1994-11-27,1995-01-28,NONE,MAIL, above the
36835-5,36835,1718,61,5,18.00,29154.78,0.04,0.03,R,F,1994-11-15,1995-01-12,1994-11-23,DELIVER IN PERSON,RAIL,r requests. carefully even dinos before t
36835-6,36835,668,31,6,39.00,61177.74,0.06,0.00,R,F,1994-12-23,1994-11-30,1995-01-19,NONE,RAIL, snooze slyly along the quic
36835-7,36835,1647,71,7,1.00,1548.64,0.05,0.00,R,F,1995-01-07,1994-11-23,1995-01-14,COLLECT COD,FOB,efully final deposits wake blithely. slow
36836-1,36836,242,70,1,28.00,31982.72,0.01,0.04,A,F,1993-03-20,1993-04-19,1993-04-02,COLLECT COD,RAIL,te furiously carefully special accounts
36836-2,36836,1168,5,2,28.00,29936.48,0.01,0.07,A,F,1993-06-17,1993-04-15,1993-06-24,TAKE BACK RETURN,REG AIR, use carefully. slow deposits w
36836-3,36836,133,60,3,17.00,17563.21,0.09,0.07,R,F,1993-04-28,1993-04-22,1993-05-01,TAKE BACK RETURN,REG AIR,. blithely even accounts during 
36836-4,36836,1200,37,4,2.00,2202.40,0.00,0.03,A,F,1993-04-26,1993-04-28,1993-04-28,NONE,FOB, fluffily even theodolites acro
36836-5,36836,1428,68,5,23.00,30576.66,0.05,0.03,A,F,1993-03-31,1993-05-24,1993-04-17,TAKE BACK RETURN,MAIL,egular packages x-ray quickly evenly pen
36837-1,36837,774,75,1,19.00,31820.63,0.08,0.07,N,O,1997-08-13,1997-09-03,1997-08-28,COLLECT COD,AIR,pecial requests according to the sile
36837-2,36837,1038,9,2,29.00,27231.87,0.07,0.03,N,O,1997-10-05,1997-09-14,1997-11-02,NONE,MAIL,carefully regular asymptotes. regu
36837-3,36837,1665,48,3,46.00,72066.36,0.10,0.07,N,O,1997-09-16,1997-09-12,1997-10-15,NONE,SHIP,s. asymptotes at the unusual requests
36837-4,36837,1547,68,4,24.00,34764.96,0.07,0.06,N,O,1997-10-12,1997-08-27,1997-10-21,DELIVER IN PERSON,MAIL,sits promise never according to the furious
36837-5,36837,4,30,5,41.00,37064.00,0.08,0.00,N,O,1997-10-10,1997-09-07,1997-10-30,NONE,AIR,ar requests nag sometimes slyly e
36837-6,36837,788,89,6,35.00,59107.30,0.05,0.04,N,O,1997-09-05,1997-08-02,1997-09-25,NONE,TRUCK,y pending foxes. furiously eve
36837-7,36837,1158,67,7,22.00,23301.30,0.04,0.08,N,O,1997-09-30,1997-09-16,1997-10-13,DELIVER IN PERSON,SHIP,lithely besides the slyly iron
36838-1,36838,673,67,1,41.00,64520.47,0.02,0.08,A,F,1994-04-11,1994-06-29,1994-05-05,DELIVER IN PERSON,MAIL,deposits. requests sublate quick
36838-2,36838,583,44,2,50.00,74179.00,0.03,0.05,R,F,1994-05-07,1994-06-14,1994-05-10,COLLECT COD,MAIL,nst the daring
36838-3,36838,1920,9,3,6.00,10931.52,0.08,0.02,R,F,1994-06-01,1994-06-05,1994-07-01,TAKE BACK RETURN,AIR,ording to the
36838-4,36838,1256,57,4,47.00,54390.75,0.02,0.08,R,F,1994-07-23,1994-06-13,1994-07-26,NONE,RAIL,s. carefully daring theodo
36838-5,36838,664,27,5,18.00,28163.88,0.01,0.04,R,F,1994-05-02,1994-06-20,1994-05-18,TAKE BACK RETURN,RAIL,requests across the fluffily
36838-6,36838,549,10,6,25.00,36238.50,0.04,0.02,A,F,1994-07-10,1994-05-29,1994-07-14,NONE,RAIL,ake around t
36838-7,36838,1488,28,7,40.00,55579.20,0.08,0.06,A,F,1994-07-13,1994-06-19,1994-07-31,NONE,RAIL,even theodolites unwind car
36839-1,36839,156,83,1,37.00,39077.55,0.07,0.07,N,O,1997-03-11,1997-02-09,1997-03-26,TAKE BACK RETURN,REG AIR,en platelets. instructions nod fu
36839-2,36839,1840,84,2,46.00,80124.64,0.03,0.01,N,O,1996-12-19,1997-01-27,1997-01-10,COLLECT COD,TRUCK,y even package
36864-1,36864,1374,75,1,35.00,44637.95,0.04,0.04,R,F,1992-11-10,1992-09-21,1992-12-05,COLLECT COD,TRUCK,ress deposits beyond the fluffily 
36864-2,36864,1998,99,2,43.00,81699.57,0.07,0.05,R,F,1992-08-31,1992-08-30,1992-09-30,DELIVER IN PERSON,MAIL, carefully express tithes integ
36864-3,36864,562,93,3,46.00,67277.76,0.02,0.02,A,F,1992-10-03,1992-10-08,1992-10-29,DELIVER IN PERSON,REG AIR, are blithely along the quickly
36864-4,36864,1264,39,4,17.00,19809.42,0.01,0.06,A,F,1992-08-30,1992-09-01,1992-09-14,DELIVER IN PERSON,REG AIR,s. slyly ironic
36864-5,36864,1584,85,5,20.00,29711.60,0.01,0.01,A,F,1992-08-11,1992-08-30,1992-08-18,NONE,SHIP,carefully pending pains. quickly iro
36864-6,36864,140,41,6,1.00,1040.14,0.09,0.00,R,F,1992-09-07,1992-10-27,1992-09-08,TAKE BACK RETURN,FOB, express a
36865-1,36865,586,47,1,40.00,59463.20,0.10,0.01,N,O,1997-09-15,1997-10-19,1997-09-16,TAKE BACK RETURN,AIR,ss sauternes. 
36865-2,36865,547,78,2,36.00,52111.44,0.05,0.08,N,O,1997-12-06,1997-10-25,1997-12-14,NONE,TRUCK,usly. slyly
36865-3,36865,462,92,3,2.00,2724.92,0.01,0.03,N,O,1997-12-20,1997-11-22,1998-01-17,TAKE BACK RETURN,SHIP,ely express requests haggle
36866-1,36866,1739,24,1,8.00,13125.84,0.00,0.06,R,F,1993-07-10,1993-05-31,1993-08-04,NONE,REG AIR,ously regular packages. blithely ironi
36866-2,36866,467,68,2,44.00,60168.24,0.03,0.01,R,F,1993-06-19,1993-05-01,1993-07-05,DELIVER IN PERSON,MAIL,y daring reque
36866-3,36866,701,34,3,45.00,72076.50,0.05,0.07,A,F,1993-05-28,1993-06-09,1993-06-18,TAKE BACK RETURN,RAIL,nts. blith
36866-4,36866,18,69,4,30.00,27540.30,0.10,0.05,A,F,1993-05-10,1993-06-23,1993-05-22,NONE,SHIP, according to the f
36867-1,36867,399,28,1,27.00,35083.53,0.05,0.03,R,F,1994-11-22,1994-11-25,1994-11-27,DELIVER IN PERSON,AIR,ully even ideas. carefully ironi
36867-2,36867,1159,68,2,15.00,15902.25,0.10,0.05,A,F,1994-09-14,1994-10-20,1994-10-07,TAKE BACK RETURN,AIR,express pinto beans ag
36867-3,36867,224,79,3,37.00,41596.14,0.01,0.02,R,F,1994-10-07,1994-11-28,1994-11-01,TAKE BACK RETURN,REG AIR,refully final packages along the dogge
36867-4,36867,954,55,4,31.00,57503.45,0.04,0.06,R,F,1994-10-30,1994-10-24,1994-11-19,TAKE BACK RETURN,FOB,es. requests cajole slyly a
36867-5,36867,1655,38,5,48.00,74719.20,0.10,0.06,R,F,1994-09-27,1994-10-17,1994-10-23,DELIVER IN PERSON,FOB,ial ideas. thinly pending
36867-6,36867,677,78,6,10.00,15776.70,0.03,0.00,A,F,1994-09-08,1994-12-04,1994-09-21,TAKE BACK RETURN,TRUCK,ronic pearls. quickly even deposits impres
36867-7,36867,851,52,7,18.00,31533.30,0.07,0.02,R,F,1994-11-10,1994-12-02,1994-11-12,COLLECT COD,MAIL,heodolites sleep fluffily silently final 
36868-1,36868,407,95,1,20.00,26148.00,0.04,0.03,N,O,1997-10-06,1997-07-30,1997-11-05,TAKE BACK RETURN,MAIL,nts are by the careful
36868-2,36868,998,67,2,5.00,9494.95,0.00,0.06,N,O,1997-10-03,1997-08-29,1997-10-10,COLLECT COD,SHIP, slyly. slyly re
36869-1,36869,85,61,1,28.00,27582.24,0.08,0.04,A,F,1993-09-26,1993-10-21,1993-10-14,TAKE BACK RETURN,SHIP,s are arou
36869-2,36869,1733,60,2,31.00,50676.63,0.07,0.08,A,F,1993-11-23,1993-11-29,1993-12-05,COLLECT COD,TRUCK,"ckly even requests are packages. unusual, "
36869-3,36869,27,3,3,47.00,43569.94,0.00,0.05,A,F,1993-10-06,1993-12-06,1993-11-03,DELIVER IN PERSON,FOB,"ven, silent platelets"
36869-4,36869,1717,18,4,29.00,46942.59,0.03,0.06,R,F,1993-09-23,1993-10-21,1993-10-09,NONE,MAIL,t accounts cajole
36870-1,36870,1147,48,1,48.00,50310.72,0.02,0.07,N,O,1996-10-24,1996-10-22,1996-11-16,DELIVER IN PERSON,REG AIR, instructions
36870-2,36870,586,87,2,33.00,49057.14,0.00,0.04,N,O,1996-08-12,1996-09-26,1996-08-28,NONE,MAIL,ly ironic dolphi
36870-3,36870,280,81,3,29.00,34228.12,0.08,0.06,N,O,1996-09-10,1996-09-06,1996-09-20,NONE,TRUCK,or the blithely bold deposits. sl
36871-1,36871,768,69,1,18.00,30037.68,0.00,0.04,N,O,1998-04-19,1998-06-06,1998-04-24,NONE,REG AIR,zzle special requests. fluffily bold re
36871-2,36871,776,41,2,28.00,46949.56,0.10,0.06,N,O,1998-04-15,1998-05-28,1998-04-29,COLLECT COD,FOB,slyly furiously ev
36871-3,36871,573,64,3,18.00,26524.26,0.00,0.01,N,O,1998-06-08,1998-06-19,1998-07-06,DELIVER IN PERSON,SHIP,xes. regular
36871-4,36871,1676,100,4,17.00,26820.39,0.05,0.06,N,O,1998-05-25,1998-05-11,1998-06-10,TAKE BACK RETURN,MAIL,express accounts. carefully final depo
36871-5,36871,838,39,5,38.00,66075.54,0.03,0.03,N,O,1998-04-22,1998-05-28,1998-05-15,COLLECT COD,SHIP, furiously evenly even pl
36871-6,36871,23,49,6,50.00,46151.00,0.08,0.06,N,O,1998-06-06,1998-06-08,1998-06-10,DELIVER IN PERSON,MAIL,ts. carefully final dependenci
36871-7,36871,1284,22,7,16.00,18964.48,0.00,0.04,N,O,1998-04-24,1998-06-08,1998-05-10,DELIVER IN PERSON,SHIP,pending instructions 
36896-1,36896,993,28,1,35.00,66289.65,0.04,0.04,R,F,1995-02-09,1995-01-03,1995-02-23,NONE,SHIP,ntil the blithely ironic packages. c
36896-2,36896,4,80,2,7.00,6328.00,0.08,0.00,R,F,1994-11-10,1994-12-30,1994-11-23,TAKE BACK RETURN,AIR,he slyly even requests cajole slyly acco
36896-3,36896,721,86,3,10.00,16217.20,0.07,0.00,A,F,1995-02-18,1995-01-14,1995-03-04,TAKE BACK RETURN,MAIL,lar excuses m
36896-4,36896,1870,100,4,27.00,47840.49,0.04,0.03,R,F,1995-02-18,1995-01-07,1995-03-11,COLLECT COD,AIR,l requests run about the fluffily f
36896-5,36896,1885,15,5,31.00,55393.28,0.04,0.03,A,F,1995-02-14,1994-12-30,1995-02-20,NONE,MAIL,nts are slyly about t
36896-6,36896,1504,5,6,41.00,57625.50,0.07,0.01,R,F,1994-11-24,1994-12-10,1994-12-16,DELIVER IN PERSON,TRUCK,riously final ideas c
36897-1,36897,1200,9,1,13.00,14315.60,0.01,0.03,N,O,1996-02-07,1996-01-13,1996-02-10,NONE,TRUCK,ckly regular excuses. regu
36897-2,36897,839,40,2,42.00,73072.86,0.05,0.03,N,O,1996-01-10,1996-01-31,1996-01-26,TAKE BACK RETURN,FOB,ccounts will sleep idly! f
36897-3,36897,1882,12,3,6.00,10703.28,0.02,0.06,N,O,1996-01-14,1996-03-08,1996-01-26,COLLECT COD,FOB,"gular, express foxes"
36897-4,36897,817,51,4,19.00,32638.39,0.04,0.05,N,O,1996-03-23,1996-01-13,1996-03-25,NONE,SHIP,ickly idly final instructions. fluffi
36897-5,36897,848,48,5,23.00,40223.32,0.00,0.08,N,O,1996-01-17,1996-01-21,1996-01-24,TAKE BACK RETURN,AIR,al platelets m
36897-6,36897,311,12,6,17.00,20592.27,0.06,0.06,N,O,1996-02-02,1996-02-13,1996-02-27,NONE,SHIP,ic platelets. 
36898-1,36898,1473,13,1,36.00,49480.92,0.01,0.05,R,F,1992-09-28,1992-08-11,1992-10-24,TAKE BACK RETURN,REG AIR,theodolites sleep. ironi
36898-2,36898,402,3,2,41.00,53398.40,0.09,0.01,A,F,1992-09-07,1992-10-04,1992-09-14,TAKE BACK RETURN,TRUCK,mong the slyly fi
36898-3,36898,1334,35,3,21.00,25941.93,0.02,0.06,R,F,1992-10-02,1992-09-18,1992-10-30,TAKE BACK RETURN,AIR,s pinto beans. slyly final courts sleep a
36898-4,36898,1710,11,4,22.00,35457.62,0.00,0.00,R,F,1992-10-22,1992-09-06,1992-10-31,DELIVER IN PERSON,FOB,. blithely final foxes hinder
36899-1,36899,1164,65,1,22.00,23433.52,0.09,0.05,N,O,1995-07-04,1995-06-20,1995-07-24,COLLECT COD,FOB,ts among the ironic requests
36900-1,36900,874,75,1,33.00,58570.71,0.03,0.05,N,O,1997-10-31,1997-10-02,1997-11-14,NONE,MAIL,"erns wake furiously pending, expre"
36900-2,36900,1432,72,2,5.00,6667.15,0.03,0.03,N,O,1997-10-15,1997-09-28,1997-10-30,DELIVER IN PERSON,FOB,ges-- slyly final dugouts sleep 
36900-3,36900,1383,60,3,37.00,47522.06,0.04,0.00,N,O,1997-08-24,1997-08-27,1997-08-30,NONE,RAIL, wake. slyly pending pint
36900-4,36900,1557,38,4,45.00,65634.75,0.08,0.03,N,O,1997-08-16,1997-09-29,1997-09-10,COLLECT COD,MAIL,arefully. deposits detect 
36901-1,36901,1304,19,1,45.00,54238.50,0.03,0.02,A,F,1992-10-31,1992-11-19,1992-11-25,DELIVER IN PERSON,RAIL," bold, even accounts cajole. blithely si"
36901-2,36901,743,44,2,12.00,19724.88,0.03,0.05,A,F,1992-10-27,1992-11-15,1992-10-28,NONE,TRUCK,s of the slyl
36901-3,36901,1049,50,3,13.00,12350.52,0.03,0.07,A,F,1992-10-04,1992-10-19,1992-10-08,NONE,MAIL,luffily final requests around the idly un
36901-4,36901,1952,53,4,5.00,9269.75,0.03,0.05,A,F,1992-09-26,1992-12-06,1992-10-04,NONE,REG AIR,lyly ironic foxes. bold requests wake. even
36901-5,36901,979,48,5,8.00,15039.76,0.09,0.03,A,F,1993-01-07,1992-10-14,1993-01-08,DELIVER IN PERSON,REG AIR,ross the b
36902-1,36902,1443,83,1,15.00,20166.60,0.01,0.06,N,O,1998-01-13,1997-11-07,1998-01-25,COLLECT COD,REG AIR,"refully bold, sly accounts. accoun"
36902-2,36902,1880,67,2,6.00,10691.28,0.06,0.06,N,O,1997-11-05,1997-12-13,1997-11-28,COLLECT COD,FOB,the blithe
36902-3,36902,183,36,3,17.00,18414.06,0.08,0.03,N,O,1997-10-10,1997-12-29,1997-11-04,DELIVER IN PERSON,MAIL,rding to the carefully express foxes. bl
36902-4,36902,122,23,4,30.00,30663.60,0.00,0.06,N,O,1998-01-22,1997-12-15,1998-02-17,NONE,TRUCK,lithely at the slyly even platelets. sly
36902-5,36902,1473,74,5,37.00,50855.39,0.06,0.00,N,O,1997-11-07,1997-12-06,1997-11-22,TAKE BACK RETURN,MAIL,ly pending accounts nag. fluffily pending
36902-6,36902,1674,16,6,38.00,59875.46,0.07,0.05,N,O,1997-12-03,1997-11-05,1997-12-19,NONE,AIR, pinto beans are along
36903-1,36903,734,35,1,15.00,24520.95,0.09,0.07,N,O,1996-07-22,1996-08-21,1996-07-30,COLLECT COD,RAIL,lyly evenly e
36903-2,36903,1973,18,2,38.00,71248.86,0.00,0.08,N,O,1996-06-22,1996-07-27,1996-07-05,TAKE BACK RETURN,MAIL,oldly pending requests. carefully regu
36903-3,36903,1720,21,3,19.00,30812.68,0.01,0.07,N,O,1996-09-29,1996-08-29,1996-10-12,TAKE BACK RETURN,AIR,"quickly pending, express depend"
36903-4,36903,796,97,4,48.00,81445.92,0.07,0.08,N,O,1996-06-20,1996-07-13,1996-06-28,DELIVER IN PERSON,TRUCK,ar foxes cajole evenly. fluffily ev
36903-5,36903,1814,15,5,14.00,24021.34,0.07,0.06,N,O,1996-07-15,1996-07-08,1996-07-26,NONE,MAIL,"press, pending excuses integrate busily alo"
36903-6,36903,834,35,6,40.00,69393.20,0.03,0.01,N,O,1996-08-20,1996-07-22,1996-08-25,DELIVER IN PERSON,REG AIR,pending requests bo
36903-7,36903,979,80,7,5.00,9399.85,0.08,0.02,N,O,1996-07-04,1996-07-31,1996-08-03,DELIVER IN PERSON,SHIP, slyly after the sly
36928-1,36928,866,33,1,17.00,30036.62,0.05,0.08,N,O,1998-01-13,1998-02-10,1998-01-26,NONE,RAIL,osits. slyly final package
36929-1,36929,1999,32,1,22.00,41821.78,0.01,0.04,R,F,1992-07-03,1992-07-30,1992-08-01,TAKE BACK RETURN,SHIP,arefully express foxes sl
36929-2,36929,594,85,2,6.00,8967.54,0.08,0.05,A,F,1992-08-16,1992-07-08,1992-08-22,TAKE BACK RETURN,FOB,y final packages across the quickly even pa
36930-1,36930,407,8,1,25.00,32685.00,0.06,0.02,N,O,1995-11-26,1995-11-14,1995-12-11,TAKE BACK RETURN,REG AIR, slyly express ideas doubt blithely 
36930-2,36930,739,4,2,43.00,70508.39,0.04,0.05,N,O,1995-12-10,1995-12-14,1995-12-12,TAKE BACK RETURN,RAIL,nto beans nag along
36930-3,36930,289,44,3,36.00,42814.08,0.03,0.08,N,O,1995-10-26,1995-12-11,1995-10-30,COLLECT COD,MAIL,. regular instruction
36930-4,36930,720,53,4,37.00,59966.64,0.06,0.01,N,O,1995-12-11,1995-10-31,1995-12-23,DELIVER IN PERSON,FOB,or the carefully bold accou
36930-5,36930,1569,50,5,37.00,54410.72,0.00,0.02,N,O,1995-12-01,1995-12-07,1995-12-19,DELIVER IN PERSON,RAIL,al accounts.
36931-1,36931,229,57,1,20.00,22584.40,0.01,0.02,A,F,1995-05-18,1995-04-19,1995-06-07,DELIVER IN PERSON,REG AIR, carefully in place of the 
36931-2,36931,253,8,2,18.00,20758.50,0.08,0.03,A,F,1995-02-24,1995-03-12,1995-03-05,COLLECT COD,MAIL,ublate slyly special depos
36931-3,36931,1025,26,3,17.00,15742.34,0.03,0.04,A,F,1995-04-27,1995-03-07,1995-05-25,COLLECT COD,MAIL,al accounts
36932-1,36932,379,80,1,38.00,48616.06,0.07,0.00,A,F,1994-08-02,1994-09-14,1994-08-16,COLLECT COD,AIR,y pending acco
36932-2,36932,1441,81,2,13.00,17451.72,0.04,0.03,A,F,1994-07-18,1994-08-17,1994-08-14,DELIVER IN PERSON,TRUCK, eat slyly. ironic instr
36932-3,36932,399,100,3,36.00,46778.04,0.02,0.05,R,F,1994-08-31,1994-08-18,1994-09-29,NONE,FOB, pending excuses wake across the 
36932-4,36932,1233,45,4,31.00,35161.13,0.00,0.01,R,F,1994-08-25,1994-09-01,1994-08-31,DELIVER IN PERSON,FOB,he furiously regular depen
36932-5,36932,885,19,5,14.00,25002.32,0.01,0.01,R,F,1994-08-31,1994-10-04,1994-09-04,NONE,TRUCK,s hinder blithely
36932-6,36932,1249,24,6,50.00,57512.00,0.10,0.06,R,F,1994-10-16,1994-10-03,1994-11-11,DELIVER IN PERSON,RAIL,nding deposits haggle slyly furiously expr
36933-1,36933,228,10,1,7.00,7897.54,0.03,0.06,N,O,1995-08-16,1995-08-31,1995-08-28,COLLECT COD,AIR,he special foxes. blithely final frets 
36933-2,36933,715,48,2,27.00,43624.17,0.05,0.00,N,O,1995-09-02,1995-09-17,1995-09-04,NONE,SHIP,ptotes are quick
36933-3,36933,1707,34,3,27.00,43434.90,0.10,0.04,N,O,1995-07-20,1995-08-19,1995-07-26,NONE,REG AIR,doze blithely unusual requests. ir
36933-4,36933,1644,86,4,14.00,21638.96,0.08,0.07,N,O,1995-07-20,1995-10-01,1995-08-10,NONE,FOB,"ven, regular foxes. final requests i"
36933-5,36933,765,98,5,24.00,39978.24,0.05,0.03,N,O,1995-09-23,1995-08-30,1995-10-19,COLLECT COD,TRUCK,"lent decoys; express, silent requests detec"
36934-1,36934,473,61,1,10.00,13734.70,0.02,0.07,R,F,1995-02-17,1995-01-25,1995-03-16,DELIVER IN PERSON,FOB,slyly silent atta
36934-2,36934,155,8,2,8.00,8441.20,0.09,0.00,A,F,1995-01-03,1995-01-26,1995-01-28,COLLECT COD,RAIL, instructions nag furiously along the car
36934-3,36934,796,29,3,11.00,18664.69,0.02,0.04,R,F,1995-02-02,1995-02-13,1995-02-09,COLLECT COD,MAIL,s. furiousl
36934-4,36934,47,48,4,19.00,17993.76,0.06,0.08,R,F,1995-04-21,1995-03-11,1995-05-20,COLLECT COD,SHIP,er the blithely idle deposits. slyly
36934-5,36934,416,4,5,39.00,51339.99,0.04,0.08,A,F,1995-01-19,1995-01-30,1995-02-16,NONE,MAIL,"ic, pending "
36935-1,36935,1707,92,1,11.00,17695.70,0.10,0.05,N,O,1995-11-14,1995-12-20,1995-12-01,NONE,TRUCK,. furiously final deposits sleep car
36960-1,36960,550,11,1,12.00,17406.60,0.08,0.02,A,F,1995-04-26,1995-06-04,1995-05-13,COLLECT COD,SHIP,eep. blithely final platelets haggle c
36961-1,36961,1426,44,1,25.00,33185.50,0.00,0.07,N,O,1996-11-10,1996-11-20,1996-12-06,TAKE BACK RETURN,RAIL,g after the
36961-2,36961,576,77,2,19.00,28054.83,0.10,0.01,N,O,1996-10-30,1996-10-21,1996-11-05,DELIVER IN PERSON,FOB, the slyly even asy
36961-3,36961,1660,2,3,4.00,6246.64,0.10,0.06,N,O,1996-11-30,1996-11-23,1996-12-20,DELIVER IN PERSON,REG AIR,ld have to haggle c
36961-4,36961,855,55,4,49.00,86036.65,0.07,0.03,N,O,1996-12-15,1996-10-23,1996-12-19,TAKE BACK RETURN,TRUCK,y express theodolites among the slyl
36961-5,36961,1849,93,5,27.00,47272.68,0.05,0.00,N,O,1996-11-19,1996-11-11,1996-12-15,COLLECT COD,REG AIR,g dependencies. s
36961-6,36961,1820,7,6,30.00,51654.60,0.09,0.01,N,O,1996-12-28,1996-10-22,1997-01-10,TAKE BACK RETURN,FOB,uriously bold requests believe quic
36962-1,36962,1144,53,1,44.00,45986.16,0.00,0.04,A,F,1994-01-08,1994-03-01,1994-01-25,DELIVER IN PERSON,REG AIR,". asymptotes after the even, pe"
36963-1,36963,1894,38,1,44.00,79019.16,0.02,0.07,N,O,1997-04-29,1997-05-02,1997-05-16,COLLECT COD,RAIL," the regular, ironic request"
36963-2,36963,632,26,2,39.00,59772.57,0.01,0.05,N,O,1997-03-21,1997-05-02,1997-04-07,COLLECT COD,REG AIR,nd the fluffy asymptotes sle
36963-3,36963,399,84,3,10.00,12993.90,0.08,0.00,N,O,1997-03-22,1997-04-21,1997-03-26,COLLECT COD,MAIL,se quickly 
36964-1,36964,829,96,1,35.00,60543.70,0.09,0.03,N,O,1998-05-15,1998-05-27,1998-06-10,COLLECT COD,REG AIR,onic asymptotes wake about the special p
36964-2,36964,1748,75,2,3.00,4949.22,0.06,0.07,N,O,1998-06-15,1998-05-09,1998-06-25,TAKE BACK RETURN,RAIL,es wake against the theodolit
36964-3,36964,315,100,3,18.00,21875.58,0.01,0.03,N,O,1998-05-13,1998-05-18,1998-06-07,COLLECT COD,SHIP,regular platelets sleep quickly bol
36964-4,36964,1190,91,4,30.00,32735.70,0.10,0.07,N,O,1998-05-08,1998-05-06,1998-06-05,COLLECT COD,FOB,hely even i
36964-5,36964,1997,42,5,21.00,39878.79,0.04,0.06,N,O,1998-05-20,1998-05-30,1998-06-17,DELIVER IN PERSON,AIR,ly. theodolites hang quick
36964-6,36964,1986,19,6,42.00,79295.16,0.10,0.08,N,O,1998-03-13,1998-04-18,1998-03-28,TAKE BACK RETURN,SHIP,ickly ironic pinto beans. 
36964-7,36964,1179,88,7,29.00,31324.93,0.03,0.02,N,O,1998-05-28,1998-04-16,1998-06-05,TAKE BACK RETURN,SHIP,furiously ironic requests. specia
36965-1,36965,1159,96,1,37.00,39225.55,0.10,0.05,A,F,1994-06-08,1994-07-13,1994-06-28,COLLECT COD,MAIL,oss the express instructions 
36965-2,36965,953,56,2,27.00,50056.65,0.08,0.06,R,F,1994-07-11,1994-07-01,1994-07-13,TAKE BACK RETURN,FOB,ideas wake caref
36966-1,36966,1324,63,1,33.00,40435.56,0.05,0.03,R,F,1995-04-26,1995-04-19,1995-05-17,TAKE BACK RETURN,MAIL,ackages wake fluffily always even inst
36966-2,36966,1882,26,2,44.00,78490.72,0.02,0.00,A,F,1995-06-01,1995-06-13,1995-06-11,COLLECT COD,SHIP,e silent realms use furiously s
36966-3,36966,510,11,3,13.00,18336.63,0.00,0.01,R,F,1995-05-25,1995-05-12,1995-06-03,COLLECT COD,AIR,uriously ironic dep
36967-1,36967,898,98,1,17.00,30581.13,0.04,0.03,N,O,1997-03-09,1997-02-20,1997-03-12,NONE,FOB, fluffily unusual pains. ac
36967-2,36967,1347,24,2,42.00,52430.28,0.02,0.01,N,O,1997-04-05,1997-02-28,1997-04-10,TAKE BACK RETURN,TRUCK,multipliers.
36967-3,36967,280,81,3,40.00,47211.20,0.08,0.00,N,O,1997-03-17,1997-03-03,1997-04-05,NONE,AIR,ly final deposits.
36992-1,36992,1648,90,1,33.00,51138.12,0.09,0.08,A,F,1994-12-28,1995-01-16,1995-01-26,NONE,REG AIR,thely expr
36992-2,36992,999,68,2,2.00,3799.98,0.04,0.00,A,F,1995-02-05,1995-03-03,1995-02-23,NONE,REG AIR,"ongside of the unusual, bold f"
36992-3,36992,567,68,3,23.00,33753.88,0.02,0.04,A,F,1995-02-14,1995-02-06,1995-02-25,NONE,FOB,uthless accounts; blithely final multipli
36992-4,36992,1267,42,4,11.00,12850.86,0.06,0.04,R,F,1995-01-21,1995-01-29,1995-02-07,DELIVER IN PERSON,FOB,lly unusual packages wake blithely again
36992-5,36992,1418,97,5,34.00,44859.94,0.08,0.03,A,F,1995-02-12,1995-02-11,1995-02-27,DELIVER IN PERSON,AIR,ular deposits; 
36992-6,36992,819,86,6,8.00,13758.48,0.03,0.07,A,F,1995-04-08,1995-02-16,1995-04-29,COLLECT COD,MAIL, regular orbits ar
36992-7,36992,1031,32,7,47.00,43805.41,0.08,0.07,A,F,1995-03-03,1995-02-01,1995-03-09,DELIVER IN PERSON,MAIL,"xcuses. express, final ideas for the blit"
36993-1,36993,1680,4,1,20.00,31633.60,0.10,0.08,N,O,1996-03-22,1996-03-04,1996-04-06,TAKE BACK RETURN,RAIL,asymptotes use careful
36993-2,36993,1524,25,2,20.00,28510.40,0.07,0.05,N,O,1996-02-09,1996-02-13,1996-02-21,DELIVER IN PERSON,FOB,al pinto beans use furiously against th
36993-3,36993,83,59,3,35.00,34407.80,0.07,0.07,N,O,1996-04-21,1996-03-29,1996-04-24,TAKE BACK RETURN,FOB, blithely slyly ironic packages. quickly 
36994-1,36994,1988,33,1,2.00,3779.96,0.05,0.07,N,O,1995-08-23,1995-08-01,1995-09-09,DELIVER IN PERSON,FOB, express requests. slyly ironic packages h
36994-2,36994,128,81,2,44.00,45237.28,0.10,0.06,N,O,1995-07-28,1995-08-11,1995-08-11,DELIVER IN PERSON,AIR,ly. express foxes about the fluffily e
36994-3,36994,1083,54,3,12.00,11808.96,0.00,0.05,N,O,1995-09-21,1995-07-29,1995-10-14,DELIVER IN PERSON,MAIL,ly around the blithely eve
36994-4,36994,1262,63,4,46.00,53509.96,0.08,0.01,N,O,1995-07-11,1995-07-26,1995-07-31,TAKE BACK RETURN,FOB,ar theodolites 
36994-5,36994,1950,39,5,44.00,81485.80,0.02,0.08,N,O,1995-06-29,1995-08-29,1995-07-26,TAKE BACK RETURN,MAIL,y even instructions 
36994-6,36994,1281,82,6,14.00,16551.92,0.08,0.05,N,O,1995-08-13,1995-08-30,1995-09-02,TAKE BACK RETURN,RAIL,fily regular instr
36994-7,36994,1400,39,7,36.00,46850.40,0.08,0.02,N,O,1995-08-08,1995-07-28,1995-08-29,TAKE BACK RETURN,AIR,print blithely alongside of the furiously 
36995-1,36995,552,43,1,50.00,72627.50,0.05,0.05,R,F,1994-03-31,1994-01-26,1994-04-28,COLLECT COD,MAIL,thy requests across the final ideas 
36995-2,36995,825,25,2,5.00,8629.10,0.06,0.04,R,F,1994-01-18,1994-03-07,1994-02-01,DELIVER IN PERSON,FOB, of the carefully regular foxes. fl
36996-1,36996,1160,97,1,9.00,9550.44,0.07,0.01,N,O,1996-01-09,1995-11-28,1996-01-21,DELIVER IN PERSON,SHIP,ets cajole 
36997-1,36997,949,52,1,50.00,92497.00,0.07,0.03,R,F,1994-02-09,1994-02-12,1994-02-24,COLLECT COD,AIR, regular warhorses after th
36997-2,36997,1482,100,2,16.00,22135.68,0.03,0.06,A,F,1994-03-07,1994-03-03,1994-03-28,COLLECT COD,RAIL,ites. blithely reg
36998-1,36998,350,79,1,47.00,58766.45,0.10,0.06,A,F,1993-01-18,1992-12-20,1993-02-13,COLLECT COD,TRUCK,"blithely after the regular, unusual dep"
36998-2,36998,40,91,2,37.00,34781.48,0.04,0.01,R,F,1992-12-29,1992-11-06,1993-01-25,COLLECT COD,RAIL,n theodolites. slyly ironic 
36998-3,36998,1193,94,3,30.00,32825.70,0.02,0.04,A,F,1992-12-22,1992-12-24,1993-01-15,TAKE BACK RETURN,MAIL,instructions. pending theo
36998-4,36998,243,71,4,13.00,14862.12,0.07,0.07,R,F,1993-01-24,1992-12-01,1993-02-04,COLLECT COD,MAIL,osits sleep fl
36999-1,36999,68,69,1,13.00,12584.78,0.03,0.07,R,F,1994-12-22,1995-02-08,1995-01-07,TAKE BACK RETURN,FOB," behind the pending, regular "
36999-2,36999,969,38,2,46.00,86018.16,0.00,0.05,A,F,1994-12-21,1995-03-07,1994-12-28,NONE,MAIL,tes. stealthily regular foxes above 
36999-3,36999,1859,46,3,32.00,56347.20,0.06,0.02,R,F,1995-03-18,1995-01-13,1995-04-13,NONE,FOB,"t the bold, even requests cajole"
36999-4,36999,394,95,4,37.00,47892.43,0.03,0.03,R,F,1995-02-20,1995-03-08,1995-03-16,COLLECT COD,REG AIR,lar foxes above the re
37024-1,37024,1749,34,1,25.00,41268.50,0.00,0.01,A,F,1992-08-27,1992-10-02,1992-09-17,COLLECT COD,TRUCK,sits sleep finally deposits. pend
37024-2,37024,1587,28,2,41.00,61031.78,0.03,0.08,A,F,1992-10-13,1992-08-18,1992-11-01,COLLECT COD,REG AIR,ag slyly across the final fo
37024-3,37024,1440,19,3,8.00,10731.52,0.06,0.01,A,F,1992-09-24,1992-09-08,1992-10-14,TAKE BACK RETURN,RAIL, cajole upon the carefully ironic pains.
37024-4,37024,211,39,4,43.00,47782.03,0.02,0.06,A,F,1992-07-31,1992-08-17,1992-08-15,TAKE BACK RETURN,AIR,"are accounts. final, unusual pinto beans ar"
37025-1,37025,1288,100,1,20.00,23785.60,0.05,0.00,A,F,1995-01-25,1995-02-05,1995-02-23,COLLECT COD,TRUCK,uctions. silent pinto be
37025-2,37025,1982,27,2,23.00,43331.54,0.05,0.02,A,F,1994-12-06,1995-01-13,1994-12-26,TAKE BACK RETURN,MAIL,ns across the re
37025-3,37025,973,76,3,23.00,43101.31,0.03,0.07,A,F,1995-01-20,1995-01-31,1995-01-26,NONE,RAIL,uctions. quietly bold ideas lose slyly
37025-4,37025,423,82,4,27.00,35732.34,0.01,0.00,A,F,1994-11-28,1995-02-08,1994-12-08,NONE,REG AIR,tes. blithely final packages cajol
37025-5,37025,1448,27,5,22.00,29687.68,0.00,0.02,R,F,1994-11-23,1995-01-18,1994-12-10,NONE,RAIL,. furiously unusual platelets
37025-6,37025,894,61,6,45.00,80770.05,0.05,0.01,A,F,1995-02-22,1995-01-17,1995-03-10,TAKE BACK RETURN,TRUCK,dependencies. u
37025-7,37025,1495,74,7,49.00,68428.01,0.10,0.03,A,F,1994-11-22,1994-12-31,1994-12-15,COLLECT COD,REG AIR,lar pains. p
37026-1,37026,1099,35,1,42.00,42003.78,0.06,0.01,N,O,1997-05-17,1997-05-12,1997-05-20,COLLECT COD,REG AIR,slyly express pack
37026-2,37026,118,97,2,2.00,2036.22,0.06,0.06,N,O,1997-06-24,1997-06-17,1997-06-28,COLLECT COD,SHIP,sly bold accounts wake notor
37026-3,37026,717,18,3,7.00,11323.97,0.09,0.02,N,O,1997-04-23,1997-05-18,1997-05-20,COLLECT COD,TRUCK,". regular, u"
37026-4,37026,2,28,4,46.00,41492.00,0.03,0.00,N,O,1997-06-11,1997-05-13,1997-06-19,COLLECT COD,AIR,hs. slyly final pinto beans cajole furious
37026-5,37026,751,16,5,42.00,69373.50,0.07,0.01,N,O,1997-05-18,1997-05-13,1997-05-20,TAKE BACK RETURN,REG AIR,refully. furiously final acc
37026-6,37026,1634,58,6,2.00,3071.26,0.05,0.03,N,O,1997-04-12,1997-06-14,1997-04-18,DELIVER IN PERSON,FOB,ly busy accounts. bravely
37027-1,37027,317,18,1,8.00,9738.48,0.10,0.01,N,O,1998-03-08,1998-05-27,1998-03-09,TAKE BACK RETURN,TRUCK,arefully along the quickly regular acc
37027-2,37027,287,15,2,24.00,28494.72,0.06,0.05,N,O,1998-04-17,1998-04-22,1998-05-17,NONE,REG AIR,xpress requests instea
37027-3,37027,1624,7,3,11.00,16781.82,0.10,0.03,N,O,1998-05-30,1998-04-18,1998-06-27,TAKE BACK RETURN,REG AIR,endencies. quickly even p
37027-4,37027,311,12,4,4.00,4845.24,0.08,0.04,N,O,1998-03-22,1998-04-14,1998-04-07,COLLECT COD,AIR,ld dolphins sleep ir
37027-5,37027,887,87,5,44.00,78666.72,0.09,0.07,N,O,1998-03-25,1998-04-28,1998-04-02,DELIVER IN PERSON,FOB,lyly final accounts. carefully ironic
37027-6,37027,398,99,6,44.00,57129.16,0.07,0.07,N,O,1998-05-13,1998-04-06,1998-05-23,TAKE BACK RETURN,SHIP, alongside of
37028-1,37028,567,98,1,10.00,14675.60,0.10,0.06,N,O,1998-07-19,1998-06-26,1998-07-28,DELIVER IN PERSON,SHIP,ly permanent pinto be
37028-2,37028,1083,54,2,19.00,18697.52,0.05,0.01,N,O,1998-08-21,1998-07-17,1998-08-27,TAKE BACK RETURN,SHIP,packages; sometimes special dep
37028-3,37028,230,58,3,6.00,6781.38,0.05,0.07,N,O,1998-06-03,1998-08-02,1998-06-24,DELIVER IN PERSON,REG AIR,ns affix slyly. fin
37029-1,37029,370,71,1,40.00,50814.80,0.01,0.00,N,O,1997-11-18,1997-11-26,1997-12-09,NONE,AIR,ses boost quickly across the caref
37029-2,37029,1161,70,2,46.00,48859.36,0.02,0.07,N,O,1997-09-28,1997-12-09,1997-10-05,TAKE BACK RETURN,SHIP,iously bold sentiments caj
37029-3,37029,501,2,3,37.00,51855.50,0.01,0.00,N,O,1997-12-06,1997-11-06,1997-12-25,COLLECT COD,MAIL,nding braids. regular packages a
37030-1,37030,1048,19,1,3.00,2847.12,0.10,0.08,N,O,1995-10-10,1995-10-12,1995-11-04,COLLECT COD,MAIL,ironic account
37031-1,37031,1851,95,1,7.00,12269.95,0.08,0.07,N,O,1995-09-04,1995-10-12,1995-09-14,TAKE BACK RETURN,RAIL, accounts under the regular pa
37031-2,37031,1283,95,2,32.00,37896.96,0.01,0.06,N,O,1995-08-19,1995-10-16,1995-09-12,NONE,TRUCK,ess packages al
37056-1,37056,1820,7,1,47.00,80925.54,0.06,0.02,A,F,1993-10-15,1993-09-23,1993-10-31,DELIVER IN PERSON,RAIL,s wake blithely ironic accounts. platelets
37056-2,37056,116,17,2,30.00,30483.30,0.06,0.02,R,F,1993-11-05,1993-10-23,1993-11-19,NONE,SHIP,inal pinto 
37056-3,37056,1923,68,3,1.00,1824.92,0.07,0.04,R,F,1993-11-20,1993-10-24,1993-12-01,TAKE BACK RETURN,REG AIR,fily among the fluffily r
37057-1,37057,58,9,1,41.00,39280.05,0.06,0.00,N,O,1998-01-23,1998-04-10,1998-02-22,COLLECT COD,SHIP,ly. blithely
37057-2,37057,940,75,2,18.00,33136.92,0.04,0.04,N,O,1998-04-17,1998-02-24,1998-05-06,DELIVER IN PERSON,REG AIR,nic deposits. blithely express packages sl
37057-3,37057,1427,6,3,46.00,61107.32,0.05,0.01,N,O,1998-03-20,1998-03-16,1998-03-24,DELIVER IN PERSON,FOB,cial packages
37057-4,37057,1576,57,4,16.00,23641.12,0.03,0.00,N,O,1998-04-30,1998-03-26,1998-05-25,TAKE BACK RETURN,MAIL,riously even depths. regula
37057-5,37057,439,40,5,47.00,62953.21,0.09,0.02,N,O,1998-03-06,1998-04-05,1998-03-17,NONE,AIR,s cajole slo
37057-6,37057,85,86,6,35.00,34477.80,0.08,0.03,N,O,1998-05-01,1998-03-30,1998-05-17,TAKE BACK RETURN,TRUCK,refully special dolphins breach blithe
37058-1,37058,64,65,1,48.00,46274.88,0.09,0.02,N,O,1996-04-16,1996-03-04,1996-04-30,DELIVER IN PERSON,FOB,e fluffily above the blithely 
37058-2,37058,481,11,2,6.00,8288.88,0.00,0.01,N,O,1996-05-15,1996-04-06,1996-05-27,DELIVER IN PERSON,REG AIR, doggedly final ideas. quiet dolphins wa
37058-3,37058,263,91,3,28.00,32571.28,0.06,0.06,N,O,1996-04-28,1996-03-15,1996-05-28,COLLECT COD,REG AIR,old pinto beans are
37058-4,37058,945,46,4,21.00,38764.74,0.05,0.08,N,O,1996-06-01,1996-04-17,1996-06-11,NONE,REG AIR,ironic foxes sleep blithely abo
37058-5,37058,470,71,5,5.00,6852.35,0.10,0.01,N,O,1996-03-06,1996-04-14,1996-03-25,DELIVER IN PERSON,MAIL,arefully furiously final e
37059-1,37059,630,93,1,14.00,21428.82,0.09,0.05,N,O,1998-02-08,1998-03-09,1998-02-28,DELIVER IN PERSON,REG AIR,thy accounts according to th
37059-2,37059,651,52,2,39.00,60514.35,0.00,0.08,N,O,1997-12-28,1998-01-14,1998-01-14,TAKE BACK RETURN,MAIL,ns among the furiously regular requests ca
37059-3,37059,1237,49,3,50.00,56911.50,0.09,0.04,N,O,1998-02-05,1998-01-23,1998-03-01,DELIVER IN PERSON,REG AIR,ng the furiously 
37060-1,37060,862,96,1,38.00,66988.68,0.01,0.02,N,O,1996-06-22,1996-05-14,1996-06-29,COLLECT COD,REG AIR,n deposits
37060-2,37060,672,4,2,20.00,31453.40,0.06,0.06,N,O,1996-03-25,1996-06-03,1996-04-23,COLLECT COD,TRUCK,"structions across the unusual, even a"
37060-3,37060,416,46,3,44.00,57922.04,0.01,0.05,N,O,1996-04-26,1996-04-15,1996-05-17,DELIVER IN PERSON,AIR,foxes. furiously even accounts c
37060-4,37060,45,46,4,1.00,945.04,0.00,0.06,N,O,1996-06-04,1996-05-12,1996-07-03,DELIVER IN PERSON,TRUCK,ng the warhorses. frays boost blithely. bl
37060-5,37060,848,82,5,21.00,36725.64,0.08,0.04,N,O,1996-06-25,1996-06-04,1996-07-08,NONE,REG AIR,"sual, regu"
37060-6,37060,326,55,6,46.00,56410.72,0.04,0.00,N,O,1996-07-07,1996-05-14,1996-07-21,TAKE BACK RETURN,TRUCK,"es wake slyly regular warthogs. final, regu"
37060-7,37060,486,87,7,9.00,12478.32,0.02,0.08,N,O,1996-04-17,1996-06-09,1996-05-09,COLLECT COD,REG AIR, boost. unusual deposits are. 
37061-1,37061,362,63,1,39.00,49232.04,0.02,0.01,N,O,1996-08-01,1996-09-16,1996-08-24,TAKE BACK RETURN,REG AIR,iously special packages are. slyly
37061-2,37061,473,61,2,4.00,5493.88,0.09,0.07,N,O,1996-07-18,1996-09-15,1996-08-10,TAKE BACK RETURN,SHIP,ial courts need to cajole! f
37061-3,37061,1972,61,3,42.00,78706.74,0.03,0.01,N,O,1996-10-15,1996-08-26,1996-10-31,NONE,AIR," beans. pending, pending requests ar"
37061-4,37061,1719,20,4,31.00,50242.01,0.03,0.00,N,O,1996-09-11,1996-09-03,1996-09-28,DELIVER IN PERSON,FOB,"lar, regular requests was against"
37061-5,37061,856,56,5,19.00,33380.15,0.10,0.02,N,O,1996-10-10,1996-07-21,1996-10-26,COLLECT COD,REG AIR,as. doggedly special idea
37061-6,37061,703,36,6,47.00,75373.90,0.10,0.03,N,O,1996-09-15,1996-07-22,1996-10-04,NONE,MAIL,lithely. furiously even w
37062-1,37062,222,77,1,40.00,44888.80,0.05,0.02,A,F,1994-01-19,1994-02-01,1994-01-25,DELIVER IN PERSON,RAIL,notornis hag
37062-2,37062,353,82,2,42.00,52640.70,0.08,0.02,A,F,1994-02-26,1994-02-03,1994-03-15,TAKE BACK RETURN,AIR,press depths. carefully special ideas 
37063-1,37063,1310,87,1,6.00,7267.86,0.00,0.05,A,F,1993-01-03,1993-03-10,1993-01-09,COLLECT COD,TRUCK,se slyly despi
37063-2,37063,1033,34,2,7.00,6538.21,0.10,0.06,R,F,1993-02-20,1993-02-13,1993-02-26,TAKE BACK RETURN,REG AIR,sly about th
37063-3,37063,272,100,3,12.00,14067.24,0.06,0.02,R,F,1993-03-24,1993-01-15,1993-04-05,DELIVER IN PERSON,REG AIR, instructions cajole slowly. furiously r
37063-4,37063,1162,71,4,9.00,9568.44,0.10,0.02,R,F,1993-01-16,1993-01-21,1993-02-06,NONE,SHIP,urts wake slyly a
37063-5,37063,794,59,5,23.00,38980.17,0.08,0.01,A,F,1992-12-20,1993-02-28,1992-12-23,COLLECT COD,RAIL,s the express dolphins. requ
37088-1,37088,1861,48,1,36.00,63462.96,0.05,0.05,N,O,1997-12-18,1997-11-15,1997-12-31,COLLECT COD,RAIL,luffily among the foxes. fluff
37088-2,37088,1589,10,2,25.00,37264.50,0.09,0.07,N,O,1997-11-27,1997-11-11,1997-12-01,DELIVER IN PERSON,REG AIR,out the furiously iro
37088-3,37088,426,14,3,9.00,11937.78,0.05,0.06,N,O,1997-12-09,1997-11-27,1997-12-29,DELIVER IN PERSON,SHIP,ouches acco
37088-4,37088,2000,33,4,18.00,16236.00,0.02,0.00,N,O,1997-11-23,1997-10-21,1997-12-13,DELIVER IN PERSON,FOB,packages. ev
37089-1,37089,1694,95,1,6.00,9574.14,0.04,0.06,N,O,1997-08-24,1997-06-30,1997-09-03,NONE,FOB,uests. pen
37089-2,37089,737,38,2,34.00,55682.82,0.01,0.08,N,O,1997-08-27,1997-06-14,1997-09-05,COLLECT COD,FOB, pinto beans cajole about
37090-1,37090,1420,60,1,34.00,44928.28,0.06,0.01,N,O,1998-04-12,1998-06-12,1998-04-22,NONE,TRUCK,"ously bold, ironic accounts. final packag"
37091-1,37091,28,54,1,18.00,16704.36,0.08,0.02,R,F,1994-02-01,1994-01-21,1994-02-03,NONE,AIR,phins sleep flu
37091-2,37091,754,51,2,28.00,46333.00,0.09,0.01,R,F,1994-01-12,1993-12-31,1994-01-21,DELIVER IN PERSON,REG AIR, along the care
37091-3,37091,1827,28,3,43.00,74339.26,0.09,0.03,R,F,1994-02-20,1994-02-24,1994-03-12,TAKE BACK RETURN,MAIL,al request
37092-1,37092,625,26,1,50.00,76281.00,0.10,0.01,N,O,1996-10-20,1996-10-01,1996-10-29,DELIVER IN PERSON,RAIL,ously unusual packages. 
37092-2,37092,717,18,2,25.00,40442.75,0.04,0.06,N,O,1996-10-03,1996-09-26,1996-10-13,COLLECT COD,REG AIR,nts wake slyly regula
37092-3,37092,1055,91,3,42.00,40154.10,0.00,0.00,N,O,1996-09-12,1996-09-19,1996-09-15,COLLECT COD,MAIL,"ess foxes nag furiously special, "
37092-4,37092,530,21,4,13.00,18596.89,0.01,0.08,N,O,1996-11-14,1996-09-16,1996-11-21,DELIVER IN PERSON,RAIL,y final excuses wake slyly. caref
37092-5,37092,1218,19,5,26.00,29099.46,0.08,0.03,N,O,1996-09-18,1996-09-09,1996-10-11,DELIVER IN PERSON,MAIL,ns use furiousl
37092-6,37092,172,51,6,6.00,6433.02,0.10,0.04,N,O,1996-09-02,1996-10-29,1996-09-20,TAKE BACK RETURN,MAIL,thely ironic depos
37093-1,37093,866,100,1,43.00,75974.98,0.10,0.08,A,F,1994-02-17,1994-01-22,1994-02-24,COLLECT COD,TRUCK,asymptotes are carefully blithely
37093-2,37093,536,27,2,13.00,18674.89,0.00,0.02,A,F,1994-03-25,1994-02-15,1994-04-22,DELIVER IN PERSON,RAIL,egular accounts: slowly thin
37094-1,37094,851,18,1,5.00,8759.25,0.09,0.01,N,O,1997-06-06,1997-04-20,1997-06-27,DELIVER IN PERSON,FOB,riously express requests across the fluf
37094-2,37094,1216,91,2,5.00,5586.05,0.06,0.06,N,O,1997-06-13,1997-05-06,1997-07-09,TAKE BACK RETURN,TRUCK,ticing foxes haggle 
37094-3,37094,1530,31,3,12.00,17178.36,0.08,0.05,N,O,1997-03-29,1997-04-05,1997-04-25,COLLECT COD,MAIL,y regular deposits haggle express
37094-4,37094,222,77,4,43.00,48255.46,0.01,0.02,N,O,1997-04-22,1997-04-18,1997-05-16,DELIVER IN PERSON,FOB,usly final platelets breach. quickly sp
37095-1,37095,1447,87,1,46.00,62028.24,0.04,0.05,R,F,1994-04-30,1994-05-17,1994-05-12,TAKE BACK RETURN,SHIP,kly regular packages. even accounts use sly
37095-2,37095,889,90,2,4.00,7159.52,0.01,0.06,R,F,1994-03-20,1994-04-30,1994-03-23,DELIVER IN PERSON,RAIL,y unusual courts-- blit
37095-3,37095,924,59,3,20.00,36498.40,0.10,0.08,A,F,1994-06-15,1994-05-19,1994-07-02,TAKE BACK RETURN,RAIL,"asymptotes across the bold, ironic "
37095-4,37095,1412,52,4,46.00,60416.86,0.08,0.07,A,F,1994-04-30,1994-04-28,1994-05-26,COLLECT COD,FOB,foxes wake blithely unusu
37095-5,37095,1432,72,5,12.00,16001.16,0.04,0.03,R,F,1994-05-12,1994-05-19,1994-05-20,NONE,FOB, ironic ideas print ironical
37095-6,37095,1050,86,6,43.00,40895.15,0.00,0.03,A,F,1994-06-08,1994-05-22,1994-06-18,DELIVER IN PERSON,MAIL,y. asymptotes about 
37095-7,37095,776,77,7,48.00,80484.96,0.00,0.04,R,F,1994-04-23,1994-06-02,1994-05-13,NONE,REG AIR,inal deposits are. quickly regular ac
37120-1,37120,491,92,1,17.00,23655.33,0.04,0.07,N,O,1996-10-02,1996-09-14,1996-10-12,TAKE BACK RETURN,MAIL, furiously. unusual dolphins after the re
37120-2,37120,1347,86,2,37.00,46188.58,0.09,0.00,N,O,1996-07-21,1996-08-19,1996-08-02,DELIVER IN PERSON,MAIL,e the quickly ironic inst
37120-3,37120,791,88,3,36.00,60904.44,0.05,0.06,N,O,1996-10-06,1996-08-13,1996-10-21,NONE,REG AIR,as haggle to the furiously regular ideas
37120-4,37120,1309,24,4,5.00,6051.50,0.01,0.08,N,O,1996-07-05,1996-09-05,1996-07-08,COLLECT COD,RAIL,ts. furiously regular deposits wak
37120-5,37120,109,88,5,38.00,38345.80,0.04,0.01,N,O,1996-09-25,1996-07-31,1996-10-05,DELIVER IN PERSON,SHIP,ges. furiously final ex
37121-1,37121,684,47,1,11.00,17431.48,0.08,0.07,N,O,1995-06-24,1995-04-29,1995-06-26,NONE,FOB,iously regular deposits. furiou
37122-1,37122,257,39,1,9.00,10415.25,0.10,0.02,N,O,1996-07-05,1996-08-27,1996-08-01,TAKE BACK RETURN,MAIL, wake quickly after the blithely 
37122-2,37122,413,14,2,12.00,15760.92,0.03,0.01,N,O,1996-08-27,1996-08-14,1996-08-30,NONE,REG AIR,ng pinto beans are ruthlessly fluffily
37123-1,37123,590,51,1,39.00,58133.01,0.06,0.00,R,F,1992-04-09,1992-05-08,1992-04-29,COLLECT COD,TRUCK,xes-- regular waters nag
37123-2,37123,1099,70,2,20.00,20001.80,0.00,0.07,A,F,1992-03-06,1992-03-27,1992-03-07,DELIVER IN PERSON,REG AIR,yly special sheaves haggle after the un
37123-3,37123,2,28,3,45.00,40590.00,0.03,0.01,A,F,1992-03-17,1992-04-03,1992-04-05,DELIVER IN PERSON,TRUCK,lithely final pinto beans.
37123-4,37123,982,17,4,2.00,3765.96,0.10,0.04,R,F,1992-05-12,1992-05-11,1992-05-25,NONE,FOB,arefully final foxes wake theod
37123-5,37123,1340,41,5,4.00,4965.36,0.08,0.04,R,F,1992-06-13,1992-04-16,1992-07-08,NONE,AIR,le pains. carefully spe
37123-6,37123,1057,58,6,8.00,7664.40,0.04,0.06,A,F,1992-06-16,1992-04-09,1992-06-24,DELIVER IN PERSON,MAIL,pecial request
37124-1,37124,399,56,1,11.00,14293.29,0.10,0.01,A,F,1992-05-09,1992-05-14,1992-05-13,NONE,AIR,ons. accounts haggle slyly. furiou
37124-2,37124,476,64,2,32.00,44047.04,0.10,0.00,R,F,1992-07-23,1992-06-16,1992-08-07,NONE,REG AIR,the fluffily final requests
37124-3,37124,129,8,3,14.00,14407.68,0.03,0.00,R,F,1992-06-17,1992-05-19,1992-07-07,COLLECT COD,MAIL,n dependencie
37124-4,37124,170,49,4,14.00,14982.38,0.06,0.00,A,F,1992-07-22,1992-06-08,1992-08-03,NONE,AIR,ending requests cajole bl
37124-5,37124,1363,64,5,18.00,22758.48,0.02,0.03,R,F,1992-05-13,1992-05-14,1992-05-20,COLLECT COD,MAIL,ong the slow accounts use 
37124-6,37124,1374,75,6,15.00,19130.55,0.08,0.00,A,F,1992-07-12,1992-06-08,1992-08-03,NONE,RAIL,n escapades sleep after the furio
37125-1,37125,117,44,1,7.00,7119.77,0.00,0.02,R,F,1993-04-24,1993-02-18,1993-05-19,DELIVER IN PERSON,TRUCK,ithely final instructions. packages wake 
37125-2,37125,1995,84,2,26.00,49321.74,0.08,0.08,A,F,1993-03-20,1993-03-04,1993-04-10,NONE,FOB,structions unw
37125-3,37125,1369,84,3,25.00,31759.00,0.09,0.05,R,F,1993-04-18,1993-04-11,1993-05-03,DELIVER IN PERSON,FOB,s doubt during the slyly exp
37125-4,37125,281,63,4,22.00,25988.16,0.01,0.03,A,F,1993-04-20,1993-04-08,1993-05-07,DELIVER IN PERSON,FOB,platelets.
37126-1,37126,1397,36,1,24.00,31161.36,0.07,0.05,N,O,1998-08-24,1998-08-11,1998-09-04,NONE,REG AIR,ly final foxes wake quickly 
37126-2,37126,1879,66,2,19.00,33836.53,0.06,0.00,N,O,1998-08-19,1998-08-30,1998-09-05,DELIVER IN PERSON,MAIL,quests. bl
37126-3,37126,170,23,3,30.00,32105.10,0.05,0.01,N,O,1998-10-11,1998-08-26,1998-11-03,NONE,REG AIR,uests was quickly 
37126-4,37126,1491,31,4,20.00,27849.80,0.08,0.03,N,O,1998-08-01,1998-09-12,1998-08-05,NONE,MAIL,slyly regular platelets
37126-5,37126,140,93,5,50.00,52007.00,0.04,0.07,N,O,1998-10-09,1998-09-19,1998-10-27,NONE,REG AIR,pendencies. furiously final accounts s
37127-1,37127,370,27,1,33.00,41922.21,0.06,0.06,R,F,1993-10-30,1993-12-28,1993-11-21,COLLECT COD,TRUCK,lyly regular requests are abo
37127-2,37127,6,32,2,35.00,31710.00,0.06,0.04,A,F,1993-10-20,1993-12-17,1993-11-16,COLLECT COD,SHIP,lyly regular ideas. slyly express 
37127-3,37127,1517,58,3,27.00,38299.77,0.06,0.07,A,F,1993-11-14,1993-11-14,1993-12-02,DELIVER IN PERSON,TRUCK,ular foxes a
37127-4,37127,1370,85,4,48.00,61025.76,0.05,0.01,A,F,1993-10-25,1993-12-22,1993-11-17,TAKE BACK RETURN,RAIL,s nag idly at the blithel
37127-5,37127,320,77,5,1.00,1220.32,0.07,0.00,A,F,1994-02-01,1993-11-03,1994-02-18,COLLECT COD,TRUCK,arefully among the furiou
37127-6,37127,322,51,6,31.00,37891.92,0.04,0.00,A,F,1993-11-02,1993-12-18,1993-11-14,COLLECT COD,FOB, the accounts. permanently regu
37127-7,37127,1625,8,7,49.00,74804.38,0.07,0.03,R,F,1993-12-06,1993-11-23,1993-12-12,COLLECT COD,REG AIR," asymptotes. express, regul"
37152-1,37152,1035,6,1,45.00,42121.35,0.06,0.03,A,F,1995-05-26,1995-07-10,1995-06-01,DELIVER IN PERSON,SHIP,ackages haggle requests. furiously regul
37152-2,37152,1632,15,2,19.00,29138.97,0.06,0.04,N,O,1995-09-09,1995-06-28,1995-09-23,TAKE BACK RETURN,SHIP,y among the decoys. carefully ironic 
37152-3,37152,753,18,3,39.00,64496.25,0.01,0.08,N,O,1995-08-26,1995-08-11,1995-09-04,TAKE BACK RETURN,FOB,nticingly unusual packages cajo
37153-1,37153,653,54,1,32.00,49716.80,0.01,0.03,N,O,1996-08-30,1996-08-18,1996-09-09,TAKE BACK RETURN,TRUCK,hins. blithely regular requests 
37153-2,37153,1979,68,2,45.00,84643.65,0.05,0.05,N,O,1996-11-08,1996-09-09,1996-11-10,TAKE BACK RETURN,TRUCK,ounts wake slyly quickly regular reques
37153-3,37153,638,39,3,14.00,21540.82,0.04,0.08,N,O,1996-09-05,1996-08-29,1996-10-04,NONE,TRUCK,ording to the furiously bold f
37153-4,37153,875,75,4,25.00,44396.75,0.09,0.02,N,O,1996-08-05,1996-09-26,1996-08-23,DELIVER IN PERSON,MAIL,press pinto beans. bo
37154-1,37154,815,16,1,14.00,24021.34,0.01,0.01,N,O,1996-06-08,1996-07-06,1996-06-16,NONE,TRUCK,r ideas are blithe
37155-1,37155,1163,64,1,35.00,37245.60,0.09,0.08,N,O,1997-04-20,1997-06-12,1997-05-06,COLLECT COD,REG AIR," the always blithe excuses. regular, r"
37155-2,37155,1328,67,2,18.00,22127.76,0.03,0.08,N,O,1997-06-22,1997-06-11,1997-06-28,COLLECT COD,RAIL,ke quickly regular requests. furiou
37156-1,37156,1737,64,1,3.00,4916.19,0.05,0.05,A,F,1992-12-09,1992-11-19,1993-01-04,COLLECT COD,AIR,usly ironic ideas. furiousl
37156-2,37156,1067,68,2,25.00,24201.50,0.00,0.07,R,F,1992-11-22,1992-12-11,1992-11-30,NONE,AIR,cording to the final 
37157-1,37157,215,97,1,38.00,42377.98,0.01,0.03,R,F,1993-05-20,1993-04-05,1993-05-21,NONE,MAIL,y regular deposits inte
37157-2,37157,1759,60,2,27.00,44840.25,0.06,0.08,A,F,1993-04-12,1993-04-10,1993-05-06,DELIVER IN PERSON,SHIP, accounts sleep! ironic requests haggl
37157-3,37157,191,92,3,48.00,52377.12,0.06,0.08,R,F,1993-06-16,1993-03-29,1993-07-14,COLLECT COD,FOB,ly regular deposits. slyly regular d
37157-4,37157,790,91,4,6.00,10144.74,0.05,0.02,R,F,1993-05-19,1993-03-28,1993-05-31,COLLECT COD,TRUCK, wake furiously alongsid
37158-1,37158,385,14,1,20.00,25707.60,0.03,0.01,A,F,1993-01-16,1992-12-12,1993-02-02,NONE,TRUCK,ding foxes nag slyly alongside of the blit
37158-2,37158,1085,56,2,24.00,23665.92,0.02,0.04,A,F,1992-12-24,1992-11-13,1993-01-02,TAKE BACK RETURN,AIR,ns haggle. p
37158-3,37158,1853,40,3,43.00,75458.55,0.09,0.06,A,F,1992-10-17,1992-12-16,1992-11-02,COLLECT COD,AIR,inal asymptotes wake carefully. depende
37158-4,37158,419,20,4,50.00,65970.50,0.09,0.03,R,F,1992-10-18,1992-11-19,1992-11-09,DELIVER IN PERSON,RAIL,g requests sleep slyly. carefully fu
37158-5,37158,98,74,5,6.00,5988.54,0.00,0.02,A,F,1992-11-25,1992-12-01,1992-12-18,DELIVER IN PERSON,SHIP,y final courts. sometimes final theodolite
37158-6,37158,87,13,6,50.00,49354.00,0.00,0.03,R,F,1992-12-06,1992-11-18,1992-12-29,NONE,REG AIR,"g to the special, bold foxes? ev"
37159-1,37159,1991,80,1,32.00,60575.68,0.05,0.07,A,F,1993-05-11,1993-06-11,1993-05-31,DELIVER IN PERSON,RAIL,ng packages are slyly aroun
37159-2,37159,556,17,2,23.00,33500.65,0.10,0.04,R,F,1993-08-10,1993-07-08,1993-08-30,DELIVER IN PERSON,RAIL,wake accordin
37159-3,37159,139,40,3,23.00,23899.99,0.10,0.08,A,F,1993-05-03,1993-06-03,1993-05-18,TAKE BACK RETURN,REG AIR,ke against the carefully ironic pack
37159-4,37159,286,87,4,7.00,8303.96,0.10,0.05,R,F,1993-07-30,1993-07-26,1993-08-04,COLLECT COD,SHIP,rthogs. carefully pending pinto
37159-5,37159,1804,5,5,44.00,75055.20,0.09,0.01,A,F,1993-05-08,1993-06-17,1993-05-18,TAKE BACK RETURN,MAIL,s. final dolp
37159-6,37159,1813,100,6,18.00,30866.58,0.05,0.04,A,F,1993-05-31,1993-06-22,1993-06-20,NONE,SHIP,nic packag
37159-7,37159,466,54,7,42.00,57391.32,0.01,0.04,R,F,1993-08-23,1993-07-09,1993-09-07,DELIVER IN PERSON,TRUCK,ggle careful
37184-1,37184,1432,33,1,2.00,2666.86,0.09,0.06,R,F,1995-05-01,1995-05-11,1995-05-10,TAKE BACK RETURN,TRUCK,the ironic pinto beans affix about
37184-2,37184,823,57,2,19.00,32752.58,0.09,0.02,N,O,1995-06-24,1995-04-22,1995-07-16,NONE,REG AIR, deposits. ironic pinto beans wake blithe
37185-1,37185,272,73,1,36.00,42201.72,0.07,0.07,R,F,1993-02-03,1992-12-12,1993-02-17,TAKE BACK RETURN,MAIL,s! carefully final id
37185-2,37185,1938,39,2,37.00,68077.41,0.05,0.04,A,F,1992-11-13,1993-01-28,1992-11-22,TAKE BACK RETURN,AIR,"the final, unusual theodolites. theodolites"
37185-3,37185,1232,33,3,28.00,31730.44,0.00,0.04,R,F,1992-11-22,1992-12-05,1992-11-25,TAKE BACK RETURN,SHIP, unusual courts. blithely regul
37185-4,37185,1997,42,4,15.00,28484.85,0.06,0.03,A,F,1992-11-05,1992-12-31,1992-11-27,NONE,FOB, final deposits. 
37185-5,37185,912,47,5,43.00,77955.13,0.03,0.08,R,F,1993-01-29,1993-01-08,1993-02-13,TAKE BACK RETURN,REG AIR,ests. even p
37185-6,37185,803,4,6,2.00,3407.60,0.08,0.03,A,F,1993-01-25,1992-12-31,1993-02-15,COLLECT COD,MAIL,. carefully ironic ideas cajole sl
37186-1,37186,272,54,1,5.00,5861.35,0.07,0.05,N,O,1996-07-27,1996-07-27,1996-08-04,COLLECT COD,RAIL,y ironic foxes detect fluffily depo
37186-2,37186,127,54,2,48.00,49301.76,0.01,0.05,N,O,1996-09-07,1996-07-26,1996-09-26,NONE,MAIL,s; furiously ironic foxes w
37186-3,37186,1968,13,3,26.00,48618.96,0.07,0.08,N,O,1996-08-18,1996-07-02,1996-08-21,NONE,REG AIR, pending accounts. fluffily unusua
37186-4,37186,1688,30,4,18.00,28614.24,0.06,0.06,N,O,1996-09-01,1996-07-20,1996-09-17,DELIVER IN PERSON,REG AIR,equests affix. even instruction
37187-1,37187,25,1,1,50.00,46251.00,0.01,0.04,N,O,1995-09-21,1995-08-30,1995-09-24,NONE,RAIL, pinto beans boost car
37188-1,37188,1110,19,1,42.00,42466.62,0.09,0.03,R,F,1992-04-05,1992-05-03,1992-04-17,COLLECT COD,AIR, foxes. slyl
37188-2,37188,542,43,2,19.00,27408.26,0.00,0.03,R,F,1992-04-23,1992-04-17,1992-05-05,COLLECT COD,FOB,ly furious dolphins. quickly even fox
37188-3,37188,717,14,3,44.00,71179.24,0.05,0.01,R,F,1992-03-06,1992-05-03,1992-03-13,TAKE BACK RETURN,TRUCK, the slyly careful deposits. final instru
37189-1,37189,1670,53,1,38.00,59723.46,0.03,0.06,A,F,1992-07-10,1992-08-17,1992-07-22,COLLECT COD,SHIP,ys regular foxes. regular pac
37189-2,37189,184,37,2,27.00,29272.86,0.05,0.06,R,F,1992-09-28,1992-08-07,1992-10-04,DELIVER IN PERSON,AIR,foxes wake furiously
37190-1,37190,1960,49,1,44.00,81926.24,0.07,0.01,N,O,1996-10-24,1996-09-21,1996-11-21,COLLECT COD,SHIP,tes sleep again
37190-2,37190,71,47,2,17.00,16508.19,0.00,0.03,N,O,1996-10-17,1996-09-03,1996-10-20,TAKE BACK RETURN,REG AIR,le quickly. packages cajole slyl
37190-3,37190,1485,86,3,38.00,52686.24,0.08,0.01,N,O,1996-08-26,1996-08-26,1996-08-30,TAKE BACK RETURN,REG AIR,s nag slyly. 
37190-4,37190,1520,61,4,23.00,32694.96,0.07,0.08,N,O,1996-09-02,1996-08-05,1996-09-11,TAKE BACK RETURN,REG AIR, fluffily ironic instructio
37191-1,37191,1256,57,1,8.00,9258.00,0.10,0.08,R,F,1993-06-18,1993-04-28,1993-07-06,COLLECT COD,REG AIR,arls poach bravely according to th
37191-2,37191,765,62,2,8.00,13326.08,0.07,0.08,R,F,1993-06-12,1993-06-11,1993-07-01,NONE,RAIL, poach carefully against t
37191-3,37191,1754,81,3,38.00,62918.50,0.08,0.02,R,F,1993-06-09,1993-05-19,1993-06-15,COLLECT COD,FOB,final dependenci
37191-4,37191,397,54,4,42.00,54490.38,0.03,0.00,A,F,1993-04-06,1993-04-12,1993-04-13,TAKE BACK RETURN,AIR,blithely final deposits. slyly iron
37216-1,37216,1509,30,1,44.00,62062.00,0.00,0.07,A,F,1994-02-03,1994-02-16,1994-02-21,NONE,AIR,ites are. final ideas across the regu
37216-2,37216,1987,76,2,28.00,52891.44,0.05,0.05,R,F,1994-01-15,1994-02-08,1994-01-29,COLLECT COD,REG AIR, after the even theod
37216-3,37216,954,57,3,40.00,74198.00,0.05,0.04,A,F,1994-01-24,1994-02-19,1994-02-15,DELIVER IN PERSON,SHIP,ar requests
37216-4,37216,478,66,4,45.00,62031.15,0.00,0.07,A,F,1994-03-21,1994-01-15,1994-03-30,TAKE BACK RETURN,MAIL,arefully special dependencies. slyly
37216-5,37216,1454,94,5,23.00,31175.35,0.08,0.08,A,F,1993-12-28,1994-02-11,1994-01-19,TAKE BACK RETURN,REG AIR,egular packages. slyly dogged packages are 
37216-6,37216,1818,19,6,38.00,65352.78,0.05,0.07,A,F,1994-03-21,1994-02-14,1994-03-23,DELIVER IN PERSON,AIR,lyly unusual foxes ab
37216-7,37216,972,73,7,20.00,37459.40,0.03,0.08,R,F,1994-03-31,1994-01-28,1994-04-13,COLLECT COD,MAIL,express accounts boo
37217-1,37217,1866,53,1,27.00,47732.22,0.09,0.05,N,O,1997-12-02,1997-10-20,1997-12-19,DELIVER IN PERSON,AIR, packages along
37218-1,37218,598,99,1,25.00,37464.75,0.04,0.03,R,F,1994-03-17,1994-02-28,1994-03-21,COLLECT COD,AIR," silent, silent requests? furiousl"
37218-2,37218,5,6,2,36.00,32580.00,0.03,0.06,R,F,1994-01-03,1994-02-18,1994-01-11,DELIVER IN PERSON,FOB,boost blithel
37218-3,37218,1389,66,3,4.00,5161.52,0.07,0.00,A,F,1993-12-31,1994-02-05,1994-01-18,DELIVER IN PERSON,SHIP,unusual asymptot
37218-4,37218,1555,36,4,23.00,33500.65,0.02,0.03,R,F,1994-03-29,1994-01-23,1994-04-16,COLLECT COD,REG AIR,dly regular requests caj
37219-1,37219,1343,58,1,17.00,21153.78,0.02,0.04,N,O,1996-07-16,1996-06-07,1996-07-29,NONE,SHIP,e. brave theodolite
37219-2,37219,1544,45,2,31.00,44811.74,0.04,0.05,N,O,1996-05-28,1996-06-07,1996-05-30,DELIVER IN PERSON,TRUCK,ests. carefully slow packages sleep sly
37219-3,37219,1093,29,3,10.00,9940.90,0.04,0.06,N,O,1996-07-22,1996-06-19,1996-07-24,COLLECT COD,REG AIR,"he final, express pack"
37219-4,37219,465,95,4,50.00,68273.00,0.03,0.08,N,O,1996-07-09,1996-07-13,1996-07-10,NONE,AIR,ly final r
37219-5,37219,473,3,5,39.00,53565.33,0.08,0.05,N,O,1996-08-16,1996-06-03,1996-08-28,NONE,AIR,ndle furiously. blithely regular ac
37219-6,37219,1527,68,6,50.00,71426.00,0.07,0.07,N,O,1996-06-08,1996-06-02,1996-07-05,NONE,MAIL,ously pendi
37219-7,37219,1371,48,7,11.00,13996.07,0.09,0.00,N,O,1996-06-07,1996-07-01,1996-06-24,NONE,AIR,s the slyly final requests. silent d
37220-1,37220,1660,2,1,1.00,1561.66,0.02,0.01,N,O,1996-12-04,1997-01-22,1996-12-11,NONE,MAIL,ggle fluffily regular i
37220-2,37220,1784,85,2,42.00,70802.76,0.06,0.03,N,O,1997-03-05,1997-01-07,1997-04-04,TAKE BACK RETURN,FOB,ffily regular theodolites
37220-3,37220,1102,11,3,23.00,23071.30,0.00,0.08,N,O,1996-12-26,1997-02-21,1996-12-30,NONE,FOB,. special requests use slyly cou
37220-4,37220,162,63,4,18.00,19118.88,0.01,0.00,N,O,1997-01-19,1997-01-24,1997-01-27,DELIVER IN PERSON,RAIL,hout the furio
37220-5,37220,628,60,5,32.00,48915.84,0.03,0.06,N,O,1996-12-27,1997-02-01,1997-01-01,NONE,SHIP,"y ironic, special dep"
37220-6,37220,443,44,6,44.00,59111.36,0.06,0.05,N,O,1997-03-31,1997-01-03,1997-04-10,NONE,REG AIR,elets. slyly 
37221-1,37221,86,87,1,5.00,4930.40,0.07,0.05,N,O,1998-01-25,1997-12-29,1998-02-05,TAKE BACK RETURN,MAIL,oubt closely furiously iro
37222-1,37222,584,45,1,38.00,56414.04,0.05,0.07,N,O,1996-06-05,1996-06-18,1996-06-21,COLLECT COD,SHIP,ly unusual orbits nag slyly specia
37222-2,37222,985,20,2,23.00,43377.54,0.10,0.02,N,O,1996-05-27,1996-07-11,1996-06-02,NONE,SHIP,y. bravely express pinto bean
37222-3,37222,1770,97,3,42.00,70214.34,0.05,0.01,N,O,1996-05-30,1996-07-12,1996-05-31,COLLECT COD,RAIL,"he pending, ironic deposits. blithely sp"
37222-4,37222,1261,99,4,18.00,20920.68,0.06,0.03,N,O,1996-08-12,1996-06-16,1996-09-07,TAKE BACK RETURN,AIR,usual theodolites wake. b
37223-1,37223,373,30,1,35.00,44567.95,0.05,0.02,N,O,1996-01-17,1996-01-24,1996-01-26,TAKE BACK RETURN,REG AIR,. ruthlessly ironic epita
37223-2,37223,905,40,2,15.00,27088.50,0.05,0.02,N,O,1996-01-12,1996-01-29,1996-01-20,COLLECT COD,AIR,"ven, expre"
37223-3,37223,435,36,3,1.00,1335.43,0.10,0.05,N,O,1995-12-15,1996-01-06,1996-01-13,NONE,RAIL,ully final depos
37223-4,37223,114,15,4,15.00,15211.65,0.06,0.02,N,O,1996-01-23,1995-12-16,1996-02-17,NONE,TRUCK,lar warthogs above the even p
37223-5,37223,1138,11,5,44.00,45721.72,0.09,0.04,N,O,1995-12-13,1996-01-25,1996-01-09,NONE,TRUCK,unusual pinto beans. blithely e
37223-6,37223,1084,90,6,38.00,37433.04,0.09,0.04,N,O,1995-11-16,1996-01-07,1995-11-29,DELIVER IN PERSON,AIR,ndencies maintain slyly above the bus
37248-1,37248,1136,37,1,25.00,25928.25,0.09,0.05,N,O,1996-05-15,1996-04-12,1996-06-08,COLLECT COD,TRUCK,against the carefully final 
37248-2,37248,105,58,2,25.00,25127.50,0.02,0.02,N,O,1996-03-05,1996-05-07,1996-03-08,DELIVER IN PERSON,REG AIR,. slyly regular pearls nag ca
37249-1,37249,560,61,1,6.00,8763.36,0.03,0.07,N,O,1996-05-03,1996-04-14,1996-05-11,NONE,SHIP,osits affix 
37249-2,37249,20,46,2,12.00,11040.24,0.00,0.06,N,O,1996-03-07,1996-04-10,1996-03-24,COLLECT COD,MAIL,"unusual, expres"
37249-3,37249,1852,39,3,16.00,28061.60,0.07,0.08,N,O,1996-02-22,1996-03-29,1996-03-08,TAKE BACK RETURN,FOB,he notornis
37249-4,37249,894,28,4,19.00,34102.91,0.00,0.04,N,O,1996-04-18,1996-03-11,1996-05-08,COLLECT COD,RAIL,ake carefully furiously regular requ
37250-1,37250,396,53,1,15.00,19445.85,0.03,0.07,A,F,1993-04-25,1993-04-01,1993-05-23,DELIVER IN PERSON,SHIP,ong the somas. quietly
37250-2,37250,1833,34,2,9.00,15613.47,0.02,0.03,R,F,1993-03-06,1993-04-09,1993-04-03,COLLECT COD,RAIL,even instructions wake furiousl
37250-3,37250,1552,93,3,29.00,42152.95,0.09,0.04,R,F,1993-03-03,1993-04-07,1993-03-14,COLLECT COD,MAIL,latelets boost accor
37251-1,37251,1175,84,1,33.00,35513.61,0.07,0.02,N,O,1997-01-05,1997-01-03,1997-01-25,DELIVER IN PERSON,MAIL,osits? quickly final dep
37251-2,37251,234,62,2,25.00,28355.75,0.03,0.06,N,O,1997-01-27,1997-01-05,1997-02-25,DELIVER IN PERSON,REG AIR,inal requests haggle furiously acr
37252-1,37252,1647,89,1,6.00,9291.84,0.09,0.05,N,O,1996-03-07,1995-12-22,1996-04-05,TAKE BACK RETURN,RAIL, the slyly pending platelets. blithely fi
37252-2,37252,399,100,2,21.00,27287.19,0.08,0.08,N,O,1996-03-05,1996-02-11,1996-03-10,COLLECT COD,REG AIR,p. blithely b
37252-3,37252,133,34,3,28.00,28927.64,0.05,0.04,N,O,1996-02-19,1996-01-06,1996-02-24,NONE,AIR, accounts. fluffily ironic pinto beans wa
37252-4,37252,419,49,4,48.00,63331.68,0.01,0.04,N,O,1996-03-16,1996-02-15,1996-04-07,TAKE BACK RETURN,AIR,s affix quickly across the careful
37252-5,37252,879,46,5,21.00,37377.27,0.05,0.00,N,O,1996-02-11,1996-02-11,1996-03-07,TAKE BACK RETURN,REG AIR,ithe asymptotes nag quickly ironic excuses
37252-6,37252,1821,65,6,12.00,20673.84,0.08,0.01,N,O,1996-02-14,1996-02-03,1996-02-23,COLLECT COD,TRUCK,"lyly. final, bold "
37252-7,37252,642,43,7,7.00,10798.48,0.06,0.00,N,O,1995-11-26,1996-01-02,1995-12-18,TAKE BACK RETURN,MAIL,y final warthogs. furious account
37253-1,37253,191,70,1,50.00,54559.50,0.00,0.08,R,F,1992-12-06,1992-10-21,1992-12-25,NONE,MAIL,y pending accou
37253-2,37253,1792,19,2,17.00,28794.43,0.01,0.06,R,F,1992-10-25,1992-10-18,1992-11-15,COLLECT COD,TRUCK,ding theodolites. carefully regular cour
37253-3,37253,704,69,3,48.00,77025.60,0.10,0.04,A,F,1992-11-05,1992-10-07,1992-11-06,COLLECT COD,MAIL,y furiously close foxes. blithely 
37253-4,37253,1433,73,4,13.00,17347.59,0.03,0.02,A,F,1992-09-21,1992-11-25,1992-10-03,DELIVER IN PERSON,MAIL,after the c
37253-5,37253,1861,48,5,31.00,54648.66,0.05,0.04,R,F,1992-11-17,1992-11-19,1992-12-15,TAKE BACK RETURN,AIR,re fluffily around the slyly bold dep
37253-6,37253,953,56,6,43.00,79719.85,0.04,0.00,A,F,1992-09-30,1992-11-13,1992-10-28,NONE,AIR,st carefully. platelets promise
37253-7,37253,686,49,7,14.00,22213.52,0.03,0.02,A,F,1992-12-09,1992-11-13,1993-01-02,COLLECT COD,TRUCK,s. carefully final packages snooze fur
37254-1,37254,1706,91,1,15.00,24115.50,0.03,0.08,R,F,1994-09-29,1994-11-18,1994-10-03,COLLECT COD,REG AIR,ites. slyly regular requests 
37255-1,37255,567,58,1,30.00,44026.80,0.03,0.04,A,F,1995-01-11,1994-12-18,1995-01-29,NONE,FOB,ts: fluffily regular packa
37255-2,37255,1587,68,2,25.00,37214.50,0.07,0.00,A,F,1995-02-12,1994-12-16,1995-02-17,COLLECT COD,SHIP,thely regular accounts wake carefully
37280-1,37280,1420,21,1,34.00,44928.28,0.05,0.07,N,O,1997-10-24,1997-10-15,1997-10-25,TAKE BACK RETURN,MAIL,. slyly unusual ideas use furiously furiou
37280-2,37280,673,67,2,2.00,3147.34,0.09,0.00,N,O,1997-09-30,1997-10-28,1997-10-04,DELIVER IN PERSON,RAIL,refully along the finally exp
37281-1,37281,913,82,1,20.00,36278.20,0.10,0.08,R,F,1994-09-30,1994-10-27,1994-10-07,DELIVER IN PERSON,FOB,ross the blit
37281-2,37281,1774,59,2,24.00,40218.48,0.10,0.07,R,F,1994-12-07,1994-11-10,1994-12-12,TAKE BACK RETURN,MAIL,express packages snooze quickly furiously s
37281-3,37281,1563,44,3,20.00,29291.20,0.09,0.01,A,F,1994-09-09,1994-11-06,1994-09-10,NONE,MAIL,ndencies wake accordi
37282-1,37282,623,86,1,9.00,13712.58,0.08,0.05,A,F,1994-09-01,1994-10-07,1994-09-11,DELIVER IN PERSON,REG AIR,slyly pending accou
37282-2,37282,72,73,2,3.00,2916.21,0.08,0.08,R,F,1994-11-03,1994-09-28,1994-11-25,DELIVER IN PERSON,MAIL,out the blithely furious i
37282-3,37282,1692,16,3,38.00,60560.22,0.10,0.08,R,F,1994-11-11,1994-10-26,1994-12-02,NONE,REG AIR,"egrate above the silent, even f"
37282-4,37282,1921,10,4,45.00,82031.40,0.04,0.03,R,F,1994-09-18,1994-10-16,1994-10-08,NONE,SHIP, the carefully pe
37282-5,37282,61,12,5,24.00,23065.44,0.07,0.05,A,F,1994-08-12,1994-10-06,1994-08-28,DELIVER IN PERSON,AIR, regular packages boost
37283-1,37283,1867,11,1,35.00,61910.10,0.08,0.05,N,O,1996-12-13,1996-12-14,1996-12-24,NONE,TRUCK,y unusual pinto be
37283-2,37283,592,53,2,2.00,2985.18,0.01,0.07,N,O,1996-10-15,1996-11-19,1996-10-17,NONE,REG AIR,arefully abo
37283-3,37283,1582,3,3,30.00,44507.40,0.05,0.03,N,O,1996-12-27,1996-11-21,1997-01-17,DELIVER IN PERSON,AIR,"nding, fluffy deposits above the "
37283-4,37283,147,26,4,15.00,15707.10,0.02,0.04,N,O,1997-01-06,1996-11-17,1997-01-13,COLLECT COD,RAIL,ly. ideas boost s
37283-5,37283,51,52,5,23.00,21874.15,0.02,0.06,N,O,1996-11-03,1996-12-09,1996-11-05,NONE,MAIL,s? boldly ironic accounts across t
37283-6,37283,589,80,6,2.00,2979.16,0.01,0.00,N,O,1996-12-22,1996-11-20,1997-01-06,COLLECT COD,TRUCK,e quickly 
37283-7,37283,1473,13,7,44.00,60476.68,0.06,0.08,N,O,1997-01-09,1996-11-21,1997-02-02,DELIVER IN PERSON,RAIL,nto beans. furiously bold ac
37284-1,37284,324,9,1,22.00,26935.04,0.08,0.05,R,F,1995-05-28,1995-04-27,1995-06-04,COLLECT COD,SHIP,nstructions 
37284-2,37284,323,52,2,16.00,19573.12,0.04,0.00,N,O,1995-07-10,1995-05-16,1995-07-22,DELIVER IN PERSON,AIR,ts. even deposits cajole after the f
37285-1,37285,1697,21,1,27.00,43164.63,0.04,0.05,N,O,1996-07-16,1996-05-17,1996-08-15,TAKE BACK RETURN,TRUCK,o beans will doze blith
37285-2,37285,953,88,2,37.00,68596.15,0.10,0.02,N,O,1996-08-11,1996-05-17,1996-09-09,NONE,REG AIR,ts. blithe
37286-1,37286,1263,75,1,38.00,44241.88,0.03,0.03,N,O,1996-07-12,1996-09-09,1996-08-04,NONE,AIR,y stealthy accounts b
37286-2,37286,1311,26,2,20.00,24246.20,0.09,0.08,N,O,1996-10-12,1996-08-29,1996-11-10,COLLECT COD,FOB,ites. ironic pinto bea
37286-3,37286,1722,23,3,19.00,30850.68,0.00,0.03,N,O,1996-08-29,1996-07-30,1996-09-23,COLLECT COD,FOB," the ironic, regular accounts. ca"
37286-4,37286,783,84,4,4.00,6735.12,0.08,0.01,N,O,1996-09-26,1996-08-04,1996-10-09,NONE,AIR,ously ironic instr
37287-1,37287,674,6,1,18.00,28344.06,0.10,0.03,R,F,1993-03-02,1993-01-28,1993-03-17,DELIVER IN PERSON,RAIL,"es. regular, express requests wake fur"
37287-2,37287,51,77,2,16.00,15216.80,0.04,0.02,A,F,1993-01-06,1992-12-07,1993-01-15,COLLECT COD,MAIL,gle slyly amo
37287-3,37287,1429,30,3,22.00,29269.24,0.05,0.05,A,F,1993-02-14,1993-01-17,1993-03-12,DELIVER IN PERSON,SHIP, quickly platelets
37287-4,37287,1310,49,4,7.00,8479.17,0.03,0.05,A,F,1993-01-22,1992-12-10,1993-02-17,DELIVER IN PERSON,TRUCK,mptotes-- carefully unusual platele
37287-5,37287,512,3,5,40.00,56500.40,0.01,0.05,R,F,1992-12-07,1992-12-14,1992-12-24,NONE,FOB,s the slyly ironic theodolit
37287-6,37287,157,84,6,31.00,32771.65,0.00,0.04,R,F,1993-01-22,1992-12-17,1993-02-15,TAKE BACK RETURN,AIR, the silently iron
37312-1,37312,420,21,1,10.00,13204.20,0.10,0.04,N,O,1998-05-13,1998-04-20,1998-05-25,NONE,SHIP,ctions around the even deposits believe qui
37313-1,37313,911,12,1,38.00,68852.58,0.06,0.02,A,F,1992-10-16,1992-09-10,1992-10-30,COLLECT COD,FOB,fter the slyly unusual platelets. furious
37313-2,37313,1439,18,2,31.00,41553.33,0.10,0.08,A,F,1992-07-22,1992-09-27,1992-08-11,NONE,SHIP,rs. furiously bold reque
37313-3,37313,377,34,3,9.00,11496.33,0.10,0.05,R,F,1992-08-14,1992-08-22,1992-09-02,COLLECT COD,MAIL,es. carefully ironic foxes haggle slyl
37313-4,37313,1780,7,4,14.00,23544.92,0.06,0.08,R,F,1992-08-06,1992-08-25,1992-08-26,NONE,REG AIR, blithely. slyly even deposits haggle sl
37314-1,37314,1977,66,1,37.00,69521.89,0.03,0.01,N,O,1995-06-29,1995-08-01,1995-07-21,COLLECT COD,RAIL,posits. caref
37314-2,37314,436,66,2,41.00,54793.63,0.00,0.08,N,O,1995-07-31,1995-08-01,1995-08-01,TAKE BACK RETURN,RAIL,s. even instructions haggle blithe
37314-3,37314,1587,28,3,47.00,69963.26,0.06,0.01,N,F,1995-06-16,1995-07-09,1995-07-01,NONE,RAIL,at the final packages. final
37315-1,37315,1175,76,1,23.00,24751.91,0.09,0.01,A,F,1992-09-11,1992-07-20,1992-09-24,NONE,REG AIR,ly silent ideas affix slyly 
37315-2,37315,554,55,2,14.00,20363.70,0.01,0.07,R,F,1992-09-29,1992-09-04,1992-10-02,DELIVER IN PERSON,MAIL,quests integrate
37316-1,37316,1748,75,1,33.00,54441.42,0.02,0.03,N,O,1995-12-11,1995-10-12,1996-01-03,COLLECT COD,AIR,", close req"
37316-2,37316,298,53,2,35.00,41940.15,0.04,0.02,N,O,1995-12-29,1995-11-19,1996-01-24,NONE,AIR,"y even accounts haggle furiously final, exp"
37317-1,37317,1610,34,1,10.00,15116.10,0.01,0.02,R,F,1993-06-24,1993-05-08,1993-07-16,NONE,FOB, sleep slyly above the daring deposi
37317-2,37317,23,74,2,9.00,8307.18,0.09,0.06,R,F,1993-03-29,1993-05-02,1993-04-17,COLLECT COD,FOB,inal asymptotes wake fluff
37318-1,37318,502,3,1,45.00,63112.50,0.05,0.06,R,F,1993-08-01,1993-06-26,1993-08-25,DELIVER IN PERSON,TRUCK, above the regular packag
37318-2,37318,1401,2,2,18.00,23443.20,0.04,0.03,A,F,1993-07-19,1993-05-23,1993-07-24,DELIVER IN PERSON,AIR,tructions cajole among the furiously ir
37318-3,37318,1773,100,3,49.00,82063.73,0.02,0.02,R,F,1993-07-08,1993-06-15,1993-08-01,DELIVER IN PERSON,REG AIR,le according to the slyly final theodolite
37318-4,37318,1889,33,4,45.00,80589.60,0.03,0.06,R,F,1993-05-03,1993-06-08,1993-05-15,COLLECT COD,RAIL,nal accounts. carefully 
37319-1,37319,1641,24,1,24.00,37023.36,0.02,0.07,A,F,1994-09-06,1994-09-28,1994-09-26,DELIVER IN PERSON,TRUCK,r deposits. evenly slow asymptotes hagg
37319-2,37319,1462,63,2,32.00,43630.72,0.01,0.02,R,F,1994-10-20,1994-10-29,1994-11-01,DELIVER IN PERSON,FOB,round the blithely 
37319-3,37319,613,76,3,12.00,18163.32,0.00,0.01,A,F,1994-11-23,1994-09-08,1994-12-22,DELIVER IN PERSON,REG AIR,ar asympto
37319-4,37319,634,28,4,37.00,56781.31,0.10,0.00,R,F,1994-12-01,1994-09-27,1994-12-29,NONE,FOB, pending req
37319-5,37319,1609,92,5,11.00,16616.60,0.05,0.00,R,F,1994-10-25,1994-10-19,1994-11-10,COLLECT COD,RAIL,uffily. ideas boost across the carefully re
37319-6,37319,1195,68,6,6.00,6577.14,0.08,0.05,A,F,1994-08-15,1994-10-21,1994-08-24,DELIVER IN PERSON,REG AIR,fully ironic instructions.
37319-7,37319,1357,96,7,18.00,22650.30,0.03,0.06,R,F,1994-11-28,1994-11-03,1994-12-22,COLLECT COD,MAIL,uests wake slyly after the blithely ir
37344-1,37344,1551,92,1,19.00,27598.45,0.08,0.05,N,O,1996-05-11,1996-05-26,1996-06-02,NONE,REG AIR,ully regular fox
37344-2,37344,1921,10,2,45.00,82031.40,0.01,0.05,N,O,1996-04-02,1996-06-01,1996-05-01,NONE,TRUCK,pending escapades wake c
37344-3,37344,1951,96,3,28.00,51882.60,0.08,0.04,N,O,1996-05-25,1996-05-31,1996-05-31,DELIVER IN PERSON,MAIL,gle blithely among the carefu
37344-4,37344,481,11,4,23.00,31774.04,0.07,0.00,N,O,1996-06-15,1996-04-25,1996-06-19,COLLECT COD,FOB,iously against the blithely regular account
37344-5,37344,1236,48,5,13.00,14783.99,0.07,0.04,N,O,1996-04-19,1996-04-12,1996-04-22,COLLECT COD,REG AIR,ending foxes are slyly ironic hockey play
37344-6,37344,1584,25,6,12.00,17826.96,0.10,0.08,N,O,1996-07-02,1996-05-25,1996-07-17,TAKE BACK RETURN,REG AIR,quickly. furiously ironic accounts i
37345-1,37345,997,32,1,22.00,41755.78,0.00,0.05,N,O,1998-08-16,1998-08-19,1998-08-28,COLLECT COD,TRUCK,daringly according to the even asympt
37345-2,37345,50,1,2,5.00,4750.25,0.06,0.02,N,O,1998-06-11,1998-06-26,1998-07-05,DELIVER IN PERSON,MAIL,ests use fl
37345-3,37345,1190,99,3,22.00,24006.18,0.04,0.01,N,O,1998-07-03,1998-08-07,1998-07-19,DELIVER IN PERSON,RAIL,pecial requests may sleep furiously.
37346-1,37346,822,23,1,20.00,34456.40,0.10,0.02,R,F,1994-04-28,1994-03-28,1994-05-07,NONE,FOB,according t
37347-1,37347,617,80,1,47.00,71327.67,0.10,0.04,R,F,1992-05-21,1992-03-26,1992-05-28,DELIVER IN PERSON,TRUCK,"nal accounts after the regular, regular d"
37347-2,37347,111,64,2,15.00,15166.65,0.05,0.03,R,F,1992-02-10,1992-03-03,1992-02-21,COLLECT COD,TRUCK,y final foxes affix accordi
37347-3,37347,995,30,3,39.00,73943.61,0.10,0.07,A,F,1992-04-05,1992-04-19,1992-04-09,COLLECT COD,SHIP,among the sly asymptotes affix furiously ir
37347-4,37347,536,37,4,10.00,14365.30,0.04,0.04,R,F,1992-02-29,1992-03-21,1992-03-23,DELIVER IN PERSON,RAIL,ithely regular ideas 
37347-5,37347,707,8,5,13.00,20900.10,0.08,0.08,A,F,1992-05-07,1992-03-01,1992-06-05,COLLECT COD,MAIL," cajole quickly ideas. final, ironic"
37347-6,37347,1286,87,6,13.00,15434.64,0.02,0.01,R,F,1992-01-31,1992-04-02,1992-02-21,DELIVER IN PERSON,TRUCK,refully even packages use ca
37348-1,37348,1606,89,1,30.00,45228.00,0.08,0.07,R,F,1994-09-21,1994-08-16,1994-10-16,DELIVER IN PERSON,MAIL,final requests cajole. accounts among 
37348-2,37348,435,65,2,48.00,64100.64,0.01,0.08,A,F,1994-09-23,1994-07-28,1994-10-05,TAKE BACK RETURN,FOB, furiously regular accounts. express p
37348-3,37348,832,99,3,26.00,45053.58,0.05,0.07,A,F,1994-09-04,1994-08-17,1994-09-11,DELIVER IN PERSON,MAIL,"nic, regular packages."
37348-4,37348,367,24,4,42.00,53229.12,0.07,0.05,A,F,1994-07-29,1994-07-16,1994-07-30,DELIVER IN PERSON,TRUCK, furiously
37348-5,37348,541,42,5,36.00,51895.44,0.01,0.01,R,F,1994-09-15,1994-07-20,1994-10-04,TAKE BACK RETURN,TRUCK,ke. carefully fluffy accounts sleep
37349-1,37349,46,47,1,33.00,31219.32,0.06,0.03,A,F,1993-02-19,1993-03-29,1993-03-03,TAKE BACK RETURN,FOB,nic foxes. fluffily e
37349-2,37349,699,62,2,14.00,22395.66,0.09,0.05,A,F,1993-04-20,1993-04-25,1993-05-05,TAKE BACK RETURN,SHIP,uriously even ideas sleep 
37349-3,37349,1960,93,3,8.00,14895.68,0.00,0.07,R,F,1993-06-13,1993-03-23,1993-07-04,TAKE BACK RETURN,RAIL,posits among the dogged dol
37349-4,37349,218,46,4,37.00,41373.77,0.07,0.04,A,F,1993-03-19,1993-04-01,1993-04-15,DELIVER IN PERSON,MAIL,longside of the regular de
37349-5,37349,1768,11,5,50.00,83488.00,0.09,0.08,A,F,1993-05-18,1993-04-03,1993-06-03,DELIVER IN PERSON,RAIL,ily ironic 
37349-6,37349,1481,99,6,19.00,26267.12,0.02,0.07,R,F,1993-04-21,1993-04-01,1993-05-04,NONE,REG AIR,s believe blithely a
37350-1,37350,1672,73,1,26.00,40915.42,0.09,0.02,R,F,1992-08-12,1992-07-04,1992-09-05,TAKE BACK RETURN,SHIP,ic deposits acr
37351-1,37351,1133,6,1,9.00,9307.17,0.00,0.02,A,F,1992-10-21,1992-11-21,1992-10-24,COLLECT COD,REG AIR,oost. fluffily even requests wake expre
37376-1,37376,1119,20,1,23.00,23462.53,0.09,0.00,A,F,1994-04-24,1994-04-14,1994-05-21,COLLECT COD,RAIL,cross the bold platel
37376-2,37376,343,28,2,29.00,36056.86,0.05,0.07,A,F,1994-02-16,1994-03-29,1994-03-16,DELIVER IN PERSON,FOB, haggle across t
37376-3,37376,388,73,3,17.00,21902.46,0.05,0.02,R,F,1994-02-15,1994-03-16,1994-03-09,NONE,MAIL,"ously silent deposits. even, e"
37376-4,37376,895,95,4,24.00,43101.36,0.02,0.06,R,F,1994-02-22,1994-04-28,1994-03-10,NONE,MAIL,packages. carefully expres
37376-5,37376,436,24,5,15.00,20046.45,0.08,0.01,A,F,1994-03-31,1994-04-14,1994-04-08,COLLECT COD,FOB,ans. furiously quick dolphins w
37377-1,37377,315,100,1,1.00,1215.31,0.02,0.03,R,F,1992-05-19,1992-03-25,1992-06-09,NONE,SHIP, ironic platelets affix slowly furiously 
37377-2,37377,265,66,2,28.00,32627.28,0.04,0.06,R,F,1992-02-04,1992-04-04,1992-02-23,NONE,AIR,cial foxes cajole re
37377-3,37377,1210,48,3,49.00,54449.29,0.00,0.02,A,F,1992-01-29,1992-02-26,1992-02-03,TAKE BACK RETURN,MAIL,furiously unusual instructions. ironi
37377-4,37377,1242,17,4,14.00,16005.36,0.05,0.04,A,F,1992-04-01,1992-03-26,1992-04-11,NONE,FOB,dolites. slyly final requests sleep regul
37377-5,37377,567,98,5,39.00,57234.84,0.05,0.02,R,F,1992-04-11,1992-03-30,1992-04-15,COLLECT COD,FOB,ly unusual deposits. quickly regular packa
37377-6,37377,1004,5,6,12.00,10860.00,0.01,0.07,R,F,1992-02-06,1992-04-01,1992-02-18,NONE,FOB,deposits should snooze blithely 
37377-7,37377,1809,53,7,20.00,34216.00,0.07,0.08,R,F,1992-05-02,1992-03-05,1992-05-20,DELIVER IN PERSON,AIR,ngage evenly.
37378-1,37378,487,88,1,43.00,59661.64,0.02,0.06,N,O,1998-01-14,1998-03-02,1998-01-23,DELIVER IN PERSON,FOB,its alongside of the fur
37378-2,37378,1932,33,2,26.00,47682.18,0.07,0.08,N,O,1998-03-10,1998-02-08,1998-03-11,DELIVER IN PERSON,TRUCK, asymptotes. ironi
37378-3,37378,1761,4,3,31.00,51545.56,0.07,0.07,N,O,1998-02-17,1998-01-28,1998-02-21,NONE,REG AIR,even theodolites sle
37378-4,37378,143,22,4,17.00,17733.38,0.07,0.08,N,O,1998-02-16,1998-02-24,1998-02-28,NONE,REG AIR,old requests. even frets abo
37379-1,37379,1975,8,1,23.00,43170.31,0.08,0.06,N,O,1996-08-07,1996-09-24,1996-09-06,NONE,SHIP, cajole fluffily a
37379-2,37379,1212,87,2,15.00,16698.15,0.04,0.00,N,O,1996-08-29,1996-08-10,1996-09-04,DELIVER IN PERSON,MAIL,es. requests wake after
37379-3,37379,685,48,3,14.00,22199.52,0.05,0.02,N,O,1996-08-08,1996-09-05,1996-09-07,COLLECT COD,REG AIR,ly even instructions. carefully
37379-4,37379,858,59,4,33.00,58042.05,0.09,0.07,N,O,1996-08-18,1996-08-25,1996-09-07,NONE,MAIL,ckly slyly
37379-5,37379,777,42,5,10.00,16777.70,0.07,0.00,N,O,1996-09-13,1996-09-02,1996-09-22,DELIVER IN PERSON,AIR,ithely final accounts are about the pinto
37379-6,37379,1714,57,6,22.00,35545.62,0.01,0.07,N,O,1996-08-21,1996-09-26,1996-09-04,COLLECT COD,RAIL,eans against the blithely u
37380-1,37380,941,44,1,14.00,25787.16,0.01,0.06,N,O,1995-06-30,1995-05-28,1995-07-18,DELIVER IN PERSON,SHIP,s maintain quickly upo
37380-2,37380,105,84,2,47.00,47239.70,0.09,0.04,R,F,1995-05-09,1995-06-26,1995-05-15,COLLECT COD,MAIL,yly expres
37380-3,37380,257,12,3,26.00,30088.50,0.06,0.08,A,F,1995-04-10,1995-06-15,1995-05-01,COLLECT COD,TRUCK,ar accounts sleep carefully. 
37380-4,37380,1262,37,4,1.00,1163.26,0.00,0.03,A,F,1995-05-11,1995-06-12,1995-05-27,NONE,RAIL,nic instructions slee
37380-5,37380,1998,31,5,2.00,3799.98,0.03,0.06,N,O,1995-06-25,1995-06-28,1995-07-08,COLLECT COD,AIR,l somas. theodolites 
37380-6,37380,1478,79,6,23.00,31727.81,0.04,0.07,R,F,1995-06-06,1995-05-02,1995-06-14,COLLECT COD,RAIL,lphins cajole
37380-7,37380,1996,41,7,39.00,74021.61,0.08,0.01,A,F,1995-05-12,1995-05-03,1995-06-10,COLLECT COD,MAIL," final, special a"
37381-1,37381,541,72,1,27.00,38921.58,0.08,0.02,N,O,1997-03-21,1997-02-09,1997-03-26,NONE,RAIL,fluffily even ideas cajole
37381-2,37381,13,39,2,30.00,27390.30,0.09,0.02,N,O,1997-05-04,1997-02-13,1997-05-31,TAKE BACK RETURN,SHIP,"s foxes: regular, regular p"
37381-3,37381,1325,26,3,21.00,25752.72,0.03,0.07,N,O,1997-02-10,1997-04-05,1997-02-28,DELIVER IN PERSON,TRUCK,thely against the quickly even pac
37381-4,37381,132,85,4,48.00,49542.24,0.06,0.01,N,O,1997-04-27,1997-03-19,1997-05-11,DELIVER IN PERSON,FOB,ole against the slyly iron
37381-5,37381,157,10,5,7.00,7400.05,0.09,0.03,N,O,1997-01-24,1997-02-21,1997-01-27,DELIVER IN PERSON,FOB,accounts boost
37381-6,37381,1286,24,6,2.00,2374.56,0.04,0.00,N,O,1997-02-27,1997-02-24,1997-03-20,NONE,RAIL,al foxes serve quietl
37382-1,37382,1995,96,1,2.00,3793.98,0.08,0.00,R,F,1995-01-18,1995-01-26,1995-02-04,COLLECT COD,TRUCK,"ilent, spec"
37382-2,37382,76,27,2,40.00,39042.80,0.05,0.01,A,F,1995-02-21,1995-02-09,1995-03-14,TAKE BACK RETURN,FOB,bout the furio
37382-3,37382,1541,42,3,36.00,51931.44,0.01,0.04,R,F,1995-04-01,1995-01-21,1995-04-20,TAKE BACK RETURN,MAIL,busily special dolphins after th
37383-1,37383,402,90,1,22.00,28652.80,0.05,0.01,N,O,1995-08-13,1995-09-13,1995-08-16,NONE,FOB, sleep fluffily 
37383-2,37383,46,97,2,35.00,33111.40,0.06,0.03,N,O,1995-10-11,1995-09-10,1995-10-12,DELIVER IN PERSON,REG AIR, express requests. carefully special idea
37383-3,37383,1652,53,3,48.00,74575.20,0.03,0.06,N,O,1995-10-07,1995-08-16,1995-10-19,DELIVER IN PERSON,RAIL,ounts haggle furiously e
37383-4,37383,1285,86,4,33.00,39147.24,0.04,0.02,N,O,1995-09-08,1995-09-09,1995-10-02,TAKE BACK RETURN,RAIL,g foxes are over the
37383-5,37383,19,45,5,17.00,15623.17,0.02,0.01,N,O,1995-08-24,1995-07-31,1995-09-21,NONE,TRUCK,ide of the b
37408-1,37408,1968,57,1,47.00,87888.12,0.07,0.04,N,O,1998-03-05,1998-05-21,1998-03-26,NONE,TRUCK,ously alongside of the deposits. re
37408-2,37408,1435,14,2,12.00,16037.16,0.06,0.07,N,O,1998-03-31,1998-04-25,1998-04-17,TAKE BACK RETURN,SHIP,courts are among the pinto beans
37408-3,37408,974,77,3,13.00,24374.61,0.07,0.08,N,O,1998-05-15,1998-04-16,1998-05-23,DELIVER IN PERSON,TRUCK,ronic ideas play. furiously ir
37408-4,37408,333,62,4,30.00,36999.90,0.03,0.04,N,O,1998-03-19,1998-05-03,1998-04-10,COLLECT COD,AIR,the slyly pending
37409-1,37409,837,38,1,22.00,38232.26,0.07,0.05,N,O,1998-06-12,1998-06-30,1998-07-06,DELIVER IN PERSON,SHIP,pinto beans
37409-2,37409,843,77,2,23.00,40108.32,0.09,0.07,N,O,1998-05-22,1998-07-18,1998-05-27,NONE,TRUCK,ily pending instructions. packages
37409-3,37409,621,22,3,46.00,69994.52,0.00,0.08,N,O,1998-05-24,1998-07-20,1998-06-05,DELIVER IN PERSON,SHIP,"ven requests. final, regular platel"
37409-4,37409,760,57,4,45.00,74734.20,0.03,0.06,N,O,1998-06-12,1998-07-28,1998-07-06,DELIVER IN PERSON,MAIL,special dependencies. slyly express 
37409-5,37409,1711,54,5,12.00,19352.52,0.06,0.05,N,O,1998-05-25,1998-06-28,1998-06-20,TAKE BACK RETURN,FOB,uthless foxes. furiously si
37409-6,37409,582,13,6,24.00,35581.92,0.10,0.04,N,O,1998-05-17,1998-07-14,1998-06-01,DELIVER IN PERSON,RAIL,oost idly regular accounts. furiously i
37409-7,37409,215,43,7,37.00,41262.77,0.05,0.07,N,O,1998-06-04,1998-06-20,1998-06-19,DELIVER IN PERSON,TRUCK,ake blithely even req
37410-1,37410,1907,40,1,10.00,18089.00,0.10,0.00,R,F,1993-11-17,1993-11-23,1993-12-13,NONE,RAIL, even accounts. ideas h
37410-2,37410,1875,5,2,49.00,87066.63,0.08,0.08,R,F,1994-01-07,1993-12-07,1994-01-11,NONE,RAIL, instructions cajole silent 
37410-3,37410,1897,27,3,45.00,80950.05,0.03,0.04,A,F,1993-11-07,1993-12-28,1993-12-02,TAKE BACK RETURN,FOB,usly ironic de
37411-1,37411,947,82,1,41.00,75765.54,0.01,0.00,N,O,1997-04-20,1997-03-11,1997-05-19,COLLECT COD,REG AIR, foxes sleep. blithely final re
37411-2,37411,1462,80,2,42.00,57265.32,0.03,0.04,N,O,1997-01-07,1997-03-06,1997-01-21,TAKE BACK RETURN,AIR,"ly among the regular,"
37411-3,37411,354,83,3,2.00,2508.70,0.04,0.08,N,O,1997-03-19,1997-03-14,1997-04-02,DELIVER IN PERSON,AIR,fily. accounts breach fur
37412-1,37412,1265,66,1,19.00,22158.94,0.00,0.03,A,F,1992-08-09,1992-09-05,1992-09-07,NONE,REG AIR,ve quickly sly 
37412-2,37412,716,49,2,47.00,75985.37,0.07,0.02,R,F,1992-09-10,1992-10-18,1992-10-09,DELIVER IN PERSON,RAIL,dencies promise. packages sleep furious
37412-3,37412,108,9,3,44.00,44356.40,0.09,0.05,R,F,1992-10-24,1992-10-06,1992-11-07,COLLECT COD,SHIP,ven platelets after the perma
37413-1,37413,540,1,1,22.00,31691.88,0.07,0.05,N,O,1997-10-07,1997-09-09,1997-10-14,NONE,REG AIR,ts. furiously regular 
37414-1,37414,1008,9,1,21.00,19089.00,0.03,0.06,N,O,1995-11-14,1995-11-24,1995-12-09,COLLECT COD,RAIL,platelets. requests boost arou
37414-2,37414,1809,39,2,6.00,10264.80,0.00,0.06,N,O,1995-10-12,1995-12-03,1995-10-18,TAKE BACK RETURN,RAIL, orbits. daringly final platelets haggle fu
37414-3,37414,40,91,3,1.00,940.04,0.06,0.07,N,O,1995-10-09,1995-12-04,1995-10-25,NONE,FOB,odolites. e
37414-4,37414,427,28,4,21.00,27875.82,0.10,0.04,N,O,1995-12-03,1995-10-28,1995-12-23,NONE,TRUCK, silent requests poach fluffil
37414-5,37414,903,72,5,9.00,16235.10,0.06,0.01,N,O,1996-01-09,1995-11-02,1996-01-14,COLLECT COD,SHIP,ecial accounts. 
37415-1,37415,1067,38,1,1.00,968.06,0.02,0.04,N,O,1995-12-06,1996-01-04,1995-12-23,COLLECT COD,SHIP,un quickly over the bold asymptotes.
37440-1,37440,1713,14,1,7.00,11302.97,0.09,0.05,A,F,1993-09-05,1993-09-07,1993-09-24,DELIVER IN PERSON,REG AIR,endencies throughout t
37440-2,37440,833,34,2,32.00,55482.56,0.06,0.07,R,F,1993-10-13,1993-08-23,1993-10-15,NONE,AIR,hy deposits could impress slyly acr
37440-3,37440,84,60,3,25.00,24602.00,0.06,0.04,R,F,1993-08-18,1993-08-30,1993-09-15,NONE,SHIP,hy deposits hag
37441-1,37441,772,5,1,44.00,73601.88,0.06,0.06,R,F,1994-06-20,1994-05-07,1994-06-27,NONE,SHIP,theodolites detect above the pe
37441-2,37441,1571,12,2,30.00,44177.10,0.03,0.00,R,F,1994-03-15,1994-04-26,1994-04-10,DELIVER IN PERSON,AIR,es affix care
37441-3,37441,1464,65,3,44.00,60080.24,0.03,0.01,R,F,1994-06-08,1994-04-19,1994-06-19,NONE,MAIL, carefully regula
37441-4,37441,1901,90,4,44.00,79327.60,0.07,0.00,A,F,1994-04-28,1994-05-04,1994-05-20,COLLECT COD,MAIL,tions engage re
37441-5,37441,457,58,5,6.00,8144.70,0.04,0.07,R,F,1994-04-07,1994-05-23,1994-04-24,DELIVER IN PERSON,RAIL,ironic accounts. fluffily regular 
37442-1,37442,29,80,1,16.00,14864.32,0.05,0.00,N,O,1997-11-01,1997-11-17,1997-11-12,NONE,MAIL,. slyly regular accounts are 
37443-1,37443,220,2,1,22.00,24644.84,0.09,0.07,A,F,1993-05-28,1993-05-26,1993-06-26,DELIVER IN PERSON,MAIL,n theodolites. carefully
37443-2,37443,1060,96,2,5.00,4805.30,0.04,0.04,A,F,1993-06-15,1993-06-27,1993-07-14,COLLECT COD,AIR,according to the
37443-3,37443,1425,26,3,33.00,43771.86,0.01,0.07,A,F,1993-05-04,1993-05-24,1993-05-31,DELIVER IN PERSON,SHIP, slyly: exp
37443-4,37443,1996,29,4,22.00,41755.78,0.01,0.07,A,F,1993-05-29,1993-06-29,1993-06-21,NONE,RAIL,ncies. carefully ironic requests believe ca
37444-1,37444,1615,16,1,47.00,71280.67,0.05,0.00,R,F,1992-02-28,1992-03-13,1992-03-06,COLLECT COD,TRUCK,"gular, even instructions boost dep"
37444-2,37444,1366,43,2,15.00,19010.40,0.07,0.00,R,F,1992-04-14,1992-04-10,1992-04-15,TAKE BACK RETURN,FOB,special deposits sleep sly
37445-1,37445,1084,20,1,12.00,11820.96,0.07,0.01,R,F,1992-05-23,1992-04-29,1992-06-08,DELIVER IN PERSON,SHIP,express platelets 
37445-2,37445,1853,40,2,11.00,19303.35,0.10,0.06,A,F,1992-03-06,1992-04-18,1992-03-17,DELIVER IN PERSON,RAIL,t the quickly regular foxes. slyly e
37445-3,37445,1582,63,3,43.00,63793.94,0.10,0.04,A,F,1992-04-26,1992-04-28,1992-05-19,COLLECT COD,REG AIR,ould are quickly along the packa
37445-4,37445,1790,33,4,16.00,27068.64,0.00,0.03,A,F,1992-02-26,1992-05-11,1992-03-01,TAKE BACK RETURN,TRUCK,ly regular depths. ironic packages wake; 
37445-5,37445,80,56,5,31.00,30382.48,0.10,0.08,A,F,1992-03-12,1992-03-20,1992-03-27,NONE,AIR,ounts wake fluffily
37445-6,37445,1732,17,6,4.00,6534.92,0.08,0.07,A,F,1992-04-29,1992-05-15,1992-05-19,NONE,FOB,. furiously regular instructions about t
37446-1,37446,1635,59,1,40.00,61465.20,0.04,0.07,A,F,1993-12-27,1994-02-17,1994-01-22,NONE,RAIL,lar accounts e
37447-1,37447,369,98,1,37.00,46966.32,0.01,0.01,A,F,1994-10-19,1994-10-01,1994-11-17,COLLECT COD,FOB, the carefully exp
37447-2,37447,1205,17,2,26.00,28761.20,0.07,0.01,A,F,1994-08-07,1994-09-19,1994-08-18,COLLECT COD,REG AIR,g the requests. carefully final d
37447-3,37447,821,22,3,41.00,70594.62,0.05,0.04,R,F,1994-07-10,1994-09-06,1994-07-15,NONE,TRUCK, final requests. furiousl
37447-4,37447,403,4,4,15.00,19551.00,0.05,0.05,R,F,1994-08-16,1994-08-11,1994-08-18,COLLECT COD,REG AIR,quests. carefully bold dec
37447-5,37447,247,29,5,49.00,56214.76,0.09,0.05,A,F,1994-09-05,1994-08-21,1994-09-06,TAKE BACK RETURN,MAIL,ts. slyly final 
37447-6,37447,762,95,6,28.00,46557.28,0.05,0.03,R,F,1994-08-18,1994-08-15,1994-09-13,TAKE BACK RETURN,SHIP,ly even ideas. furiousl
37472-1,37472,169,96,1,40.00,42766.40,0.00,0.03,N,O,1997-05-15,1997-04-04,1997-05-22,TAKE BACK RETURN,AIR,ts. carefully bold accounts sleep thinl
37472-2,37472,28,54,2,35.00,32480.70,0.09,0.06,N,O,1997-03-16,1997-04-11,1997-04-12,DELIVER IN PERSON,TRUCK, ideas are carefully around the 
37472-3,37472,441,29,3,45.00,60364.80,0.09,0.00,N,O,1997-04-09,1997-03-27,1997-04-27,DELIVER IN PERSON,RAIL,ess frets. carefully final foxes doub
37472-4,37472,721,54,4,43.00,69733.96,0.10,0.00,N,O,1997-03-19,1997-03-25,1997-03-30,COLLECT COD,TRUCK, blithely pending deposits integra
37472-5,37472,1725,68,5,35.00,56935.20,0.02,0.04,N,O,1997-02-13,1997-04-28,1997-03-06,TAKE BACK RETURN,FOB,ording to the quic
37473-1,37473,565,66,1,34.00,49829.04,0.08,0.03,A,F,1995-01-17,1994-12-15,1995-01-24,COLLECT COD,MAIL,"y bold accounts. pending, even o"
37473-2,37473,1674,57,2,47.00,74056.49,0.03,0.04,R,F,1994-10-25,1994-11-26,1994-11-08,DELIVER IN PERSON,RAIL,l dolphins
37473-3,37473,1114,15,3,50.00,50755.50,0.01,0.00,A,F,1994-10-20,1994-12-08,1994-10-22,COLLECT COD,AIR,egrate quickly-- dugouts at the slyly 
37473-4,37473,1808,38,4,2.00,3419.60,0.02,0.02,R,F,1995-01-03,1994-12-22,1995-01-28,NONE,REG AIR,ep. regular i
37473-5,37473,1698,22,5,18.00,28794.42,0.08,0.03,R,F,1994-11-12,1994-11-12,1994-12-03,COLLECT COD,MAIL,leep furiously about the furious
37473-6,37473,61,37,6,28.00,26909.68,0.00,0.06,R,F,1995-01-01,1994-12-19,1995-01-16,TAKE BACK RETURN,AIR,packages according to the st
37473-7,37473,1262,63,7,37.00,43040.62,0.10,0.08,R,F,1994-11-12,1994-12-23,1994-12-07,NONE,REG AIR, carefully pending packages. thinly eve
37474-1,37474,4,55,1,28.00,25312.00,0.05,0.08,R,F,1994-05-30,1994-07-04,1994-06-04,COLLECT COD,MAIL,"s accounts across the even, f"
37475-1,37475,711,8,1,36.00,58021.56,0.05,0.08,N,O,1995-06-22,1995-06-04,1995-06-28,NONE,FOB,ins. furiously ironic instructions
37476-1,37476,1811,41,1,24.00,41107.44,0.01,0.00,N,O,1996-09-03,1996-07-25,1996-09-21,NONE,AIR,"ounts. ironic, express "
37476-2,37476,1341,18,2,34.00,42239.56,0.00,0.02,N,O,1996-09-02,1996-07-21,1996-09-25,COLLECT COD,SHIP,oach. special accounts haggle furiously f
37476-3,37476,1709,10,3,26.00,41878.20,0.05,0.07,N,O,1996-06-16,1996-08-02,1996-07-08,TAKE BACK RETURN,TRUCK,ithely special a
37476-4,37476,873,40,4,24.00,42572.88,0.05,0.00,N,O,1996-06-20,1996-09-04,1996-06-28,COLLECT COD,MAIL,blithely ironic
37477-1,37477,1585,26,1,25.00,37164.50,0.09,0.00,N,O,1997-07-22,1997-07-02,1997-08-07,COLLECT COD,TRUCK, furiously even dep
37478-1,37478,808,9,1,6.00,10252.80,0.00,0.06,A,F,1993-08-05,1993-07-27,1993-08-16,COLLECT COD,REG AIR,ites cajole about the slyly regular e
37478-2,37478,975,10,2,1.00,1875.97,0.05,0.05,R,F,1993-05-20,1993-07-31,1993-06-11,TAKE BACK RETURN,RAIL,equests. carefully specia
37479-1,37479,318,19,1,14.00,17056.34,0.05,0.04,N,O,1998-08-10,1998-06-08,1998-08-25,COLLECT COD,SHIP," bold, bold a"
37479-2,37479,1744,71,2,42.00,69121.08,0.06,0.01,N,O,1998-06-20,1998-06-06,1998-07-16,COLLECT COD,FOB,r ideas are aga
37479-3,37479,1798,41,3,25.00,42494.75,0.05,0.08,N,O,1998-07-15,1998-05-16,1998-08-13,TAKE BACK RETURN,SHIP,e carefully i
37479-4,37479,1617,41,4,11.00,16704.71,0.03,0.00,N,O,1998-05-21,1998-06-11,1998-06-19,NONE,FOB, bold pinto bea
37479-5,37479,120,47,5,5.00,5100.60,0.05,0.08,N,O,1998-07-27,1998-07-12,1998-08-16,COLLECT COD,RAIL, platelets. regular packages wake carefully
37479-6,37479,1401,80,6,18.00,23443.20,0.07,0.00,N,O,1998-06-08,1998-07-15,1998-06-11,NONE,AIR, bold packages. quickly 
37504-1,37504,1409,10,1,15.00,19656.00,0.05,0.07,N,O,1996-06-22,1996-05-09,1996-07-02,DELIVER IN PERSON,SHIP, fluffily regular ac
37504-2,37504,1532,33,2,20.00,28670.60,0.06,0.05,N,O,1996-04-07,1996-04-10,1996-05-05,TAKE BACK RETURN,MAIL, players sleep furiously unusual asympto
37504-3,37504,965,34,3,4.00,7463.84,0.04,0.03,N,O,1996-04-29,1996-05-31,1996-05-19,TAKE BACK RETURN,TRUCK,es! carefully express requests aga
37504-4,37504,293,75,4,32.00,38185.28,0.08,0.02,N,O,1996-06-22,1996-05-29,1996-07-17,COLLECT COD,AIR, even ideas. regular accounts
37504-5,37504,409,39,5,12.00,15712.80,0.00,0.03,N,O,1996-05-29,1996-05-13,1996-06-27,TAKE BACK RETURN,TRUCK,round the blithel
37504-6,37504,1439,79,6,45.00,60319.35,0.06,0.02,N,O,1996-06-02,1996-05-13,1996-06-23,DELIVER IN PERSON,AIR,le evenly carefull
37505-1,37505,838,39,1,47.00,81725.01,0.06,0.06,N,O,1995-07-17,1995-08-07,1995-07-28,COLLECT COD,REG AIR,pinto beans haggle 
37505-2,37505,15,41,2,38.00,34770.38,0.06,0.08,N,O,1995-08-19,1995-08-02,1995-08-23,NONE,FOB, about the regular
37505-3,37505,1746,89,3,24.00,39545.76,0.04,0.04,N,O,1995-09-18,1995-08-21,1995-10-13,COLLECT COD,AIR,. furiously special excuses nag slyly-- exp
37505-4,37505,1388,27,4,27.00,34813.26,0.00,0.06,N,F,1995-06-06,1995-08-06,1995-07-01,DELIVER IN PERSON,MAIL,t accounts. fluffi
37505-5,37505,1354,93,5,4.00,5021.40,0.10,0.03,N,O,1995-08-03,1995-07-05,1995-08-21,TAKE BACK RETURN,REG AIR,"hins. pending, final deposits haggle blith"
37505-6,37505,1954,43,6,5.00,9279.75,0.06,0.01,N,O,1995-09-07,1995-08-25,1995-09-29,NONE,REG AIR,quickly furio
37506-1,37506,841,8,1,36.00,62706.24,0.04,0.08,N,O,1997-07-28,1997-07-01,1997-08-16,DELIVER IN PERSON,TRUCK,ructions. express
37506-2,37506,639,71,2,17.00,26173.71,0.04,0.04,N,O,1997-05-31,1997-05-26,1997-06-13,COLLECT COD,FOB,inal requests serv
37506-3,37506,255,37,3,33.00,38123.25,0.00,0.01,N,O,1997-05-09,1997-05-24,1997-05-10,NONE,TRUCK,ourts. furious
37506-4,37506,507,38,4,9.00,12667.50,0.01,0.07,N,O,1997-05-17,1997-06-27,1997-05-23,DELIVER IN PERSON,FOB,yly. dolphins wake busily: 
37506-5,37506,1337,76,5,3.00,3714.99,0.08,0.03,N,O,1997-07-03,1997-05-14,1997-07-09,NONE,MAIL,uriously. quickly ironic deposits bo
37506-6,37506,465,95,6,32.00,43694.72,0.08,0.03,N,O,1997-05-29,1997-05-28,1997-06-16,TAKE BACK RETURN,TRUCK,ole about the always 
37507-1,37507,276,77,1,40.00,47050.80,0.08,0.06,R,F,1995-04-04,1995-02-21,1995-04-29,COLLECT COD,TRUCK,ironic packages are furiously
37507-2,37507,849,83,2,19.00,33246.96,0.05,0.03,A,F,1995-02-18,1995-03-04,1995-03-06,NONE,MAIL,wake among the quickly special foxe
37507-3,37507,1136,9,3,37.00,38373.81,0.00,0.01,A,F,1995-01-26,1995-01-13,1995-02-21,TAKE BACK RETURN,MAIL,ole quickly dolphin
37507-4,37507,323,80,4,4.00,4893.28,0.02,0.01,R,F,1995-01-01,1995-03-09,1995-01-18,DELIVER IN PERSON,TRUCK,ld requests use carefull
37508-1,37508,732,97,1,10.00,16327.30,0.08,0.02,N,O,1997-10-16,1997-11-09,1997-10-23,COLLECT COD,RAIL,y pending foxes. final deposits should c
37508-2,37508,242,24,2,25.00,28556.00,0.01,0.06,N,O,1997-09-29,1997-11-03,1997-10-29,NONE,TRUCK,epths sleep slyly d
37508-3,37508,880,80,3,10.00,17808.80,0.00,0.00,N,O,1998-01-02,1997-10-08,1998-01-26,TAKE BACK RETURN,TRUCK,uriously. iron
37508-4,37508,728,61,4,5.00,8143.60,0.07,0.04,N,O,1997-12-05,1997-10-12,1997-12-10,NONE,FOB,sly unusual depths wake. blithely ironi
37508-5,37508,1216,28,5,39.00,43571.19,0.01,0.00,N,O,1997-10-25,1997-10-19,1997-10-27,NONE,FOB,te enticingly carefully bold depo
37508-6,37508,153,80,6,20.00,21063.00,0.05,0.01,N,O,1997-09-23,1997-10-06,1997-10-10,NONE,RAIL,s wake carefully acc
37508-7,37508,1270,71,7,32.00,37480.64,0.01,0.05,N,O,1997-09-18,1997-11-26,1997-10-14,COLLECT COD,TRUCK,ecial deposits wake quickly after 
37509-1,37509,1414,93,1,38.00,49985.58,0.00,0.06,N,O,1997-12-28,1997-10-15,1998-01-05,TAKE BACK RETURN,REG AIR,ges. slyly permanent 
37510-1,37510,670,71,1,19.00,29842.73,0.00,0.08,R,F,1994-05-27,1994-04-23,1994-06-26,TAKE BACK RETURN,MAIL,ding sentiments after the slyly unus
37510-2,37510,402,90,2,49.00,63817.60,0.02,0.06,R,F,1994-06-02,1994-05-11,1994-06-16,DELIVER IN PERSON,RAIL,uriously. blithely ironic pin
37510-3,37510,1901,46,3,42.00,75721.80,0.06,0.06,A,F,1994-05-10,1994-05-04,1994-05-31,COLLECT COD,RAIL, pinto beans are carefully final packages.
37511-1,37511,429,17,1,36.00,47859.12,0.03,0.05,N,O,1996-02-28,1996-01-26,1996-03-16,DELIVER IN PERSON,SHIP,g theodolites. regular deposit
37511-2,37511,1399,76,2,43.00,55916.77,0.10,0.00,N,O,1996-02-02,1995-12-10,1996-02-09,DELIVER IN PERSON,TRUCK,t the caref
37511-3,37511,40,41,3,21.00,19740.84,0.00,0.06,N,O,1996-01-22,1996-01-14,1996-01-28,NONE,RAIL,ges x-ray. quickly brave accou
37536-1,37536,763,64,1,28.00,46585.28,0.03,0.03,R,F,1994-09-15,1994-11-25,1994-09-29,DELIVER IN PERSON,SHIP, brave orbits dete
37536-2,37536,1262,37,2,45.00,52346.70,0.00,0.08,A,F,1994-11-04,1994-11-01,1994-12-01,COLLECT COD,MAIL,ts sleep quickly instructions. furious
37536-3,37536,1634,76,3,44.00,67567.72,0.03,0.06,A,F,1994-09-13,1994-10-15,1994-10-06,TAKE BACK RETURN,SHIP,usly across the ironic deposits.
37536-4,37536,1003,9,4,3.00,2712.00,0.10,0.07,A,F,1995-01-02,1994-10-26,1995-01-04,TAKE BACK RETURN,MAIL,y bold requests use deposits. furiou
37536-5,37536,199,78,5,47.00,51661.93,0.05,0.00,R,F,1994-10-07,1994-10-11,1994-10-26,DELIVER IN PERSON,TRUCK,riously regular
37536-6,37536,813,47,6,35.00,59983.35,0.09,0.03,A,F,1994-12-09,1994-11-22,1994-12-30,DELIVER IN PERSON,FOB,g theodolites use slyly special pack
37537-1,37537,1307,22,1,23.00,27790.90,0.00,0.00,A,F,1994-01-15,1994-03-03,1994-01-26,DELIVER IN PERSON,SHIP,fully even patterns wake 
37537-2,37537,317,74,2,10.00,12173.10,0.00,0.07,R,F,1994-01-29,1994-03-12,1994-02-26,DELIVER IN PERSON,MAIL,ptotes. carefully even accounts are furious
37537-3,37537,1323,100,3,7.00,8570.24,0.02,0.06,A,F,1994-02-14,1994-03-30,1994-02-18,NONE,SHIP," unusual, regular pinto beans. express, pen"
37537-4,37537,1658,100,4,30.00,46789.50,0.07,0.03,R,F,1994-03-15,1994-04-01,1994-03-18,TAKE BACK RETURN,SHIP,ully final courts. caref
37537-5,37537,637,31,5,42.00,64580.46,0.06,0.02,A,F,1994-03-29,1994-02-17,1994-04-12,TAKE BACK RETURN,TRUCK,sual waters. f
37538-1,37538,1724,51,1,25.00,40643.00,0.05,0.05,N,O,1997-07-11,1997-09-07,1997-07-15,COLLECT COD,RAIL,"e regular pinto beans. regular, unusua"
37538-2,37538,1362,1,2,35.00,44217.60,0.00,0.07,N,O,1997-10-11,1997-08-08,1997-11-02,DELIVER IN PERSON,SHIP,refully regular dep
37538-3,37538,1422,1,3,15.00,19851.30,0.05,0.01,N,O,1997-10-15,1997-07-21,1997-11-14,DELIVER IN PERSON,AIR,s. final accounts snooze. regular reque
37538-4,37538,23,99,4,36.00,33228.72,0.09,0.00,N,O,1997-09-21,1997-08-08,1997-09-22,NONE,SHIP,press pinto beans mold carefully:
37539-1,37539,692,93,1,47.00,74856.43,0.06,0.05,N,O,1997-04-12,1997-03-17,1997-05-04,NONE,RAIL,telets; depo
37539-2,37539,1030,66,2,22.00,20482.66,0.03,0.07,N,O,1997-05-14,1997-04-10,1997-05-18,DELIVER IN PERSON,MAIL,eep furiously unusual packages. blithely ev
37539-3,37539,1143,44,3,38.00,39677.32,0.07,0.04,N,O,1997-05-30,1997-03-09,1997-06-18,NONE,RAIL,out the quickly iron
37540-1,37540,589,50,1,26.00,38729.08,0.00,0.03,N,O,1997-07-12,1997-07-11,1997-08-05,NONE,SHIP,about the pending pinto beans ha
37540-2,37540,1527,68,2,35.00,49998.20,0.10,0.07,N,O,1997-06-12,1997-06-20,1997-06-16,NONE,RAIL,furiously special courts. slyly e
37540-3,37540,337,22,3,6.00,7423.98,0.04,0.00,N,O,1997-06-29,1997-07-08,1997-07-09,TAKE BACK RETURN,AIR,y. carefully special 
37540-4,37540,25,1,4,18.00,16650.36,0.01,0.06,N,O,1997-05-14,1997-07-06,1997-05-15,COLLECT COD,RAIL,ckages. furiously 
37540-5,37540,436,24,5,18.00,24055.74,0.01,0.08,N,O,1997-05-30,1997-08-01,1997-06-01,NONE,FOB,p fluffily after the blithely enticin
37540-6,37540,1660,61,6,1.00,1561.66,0.03,0.04,N,O,1997-08-04,1997-07-04,1997-08-23,COLLECT COD,MAIL,. regular excu
37541-1,37541,507,68,1,2.00,2815.00,0.08,0.01,A,F,1993-05-30,1993-05-19,1993-06-29,COLLECT COD,FOB,ithely enticing deposits use. p
37541-2,37541,1633,34,2,37.00,56781.31,0.09,0.06,R,F,1993-03-22,1993-04-07,1993-04-19,TAKE BACK RETURN,RAIL,uriously regu
37541-3,37541,1098,69,3,30.00,29972.70,0.04,0.07,R,F,1993-03-03,1993-04-28,1993-03-23,TAKE BACK RETURN,REG AIR,ent accounts cajole. carefully express 
37541-4,37541,155,82,4,35.00,36930.25,0.01,0.01,R,F,1993-05-20,1993-05-14,1993-06-15,TAKE BACK RETURN,MAIL,cajole slyly. slyly
37541-5,37541,29,80,5,9.00,8361.18,0.05,0.02,A,F,1993-05-22,1993-04-03,1993-06-08,NONE,SHIP,gular instructions! pending dolphi
37542-1,37542,1691,74,1,45.00,71671.05,0.01,0.06,R,F,1994-10-24,1994-08-22,1994-11-09,TAKE BACK RETURN,AIR,ly even pint
37542-2,37542,927,30,2,45.00,82256.40,0.09,0.06,A,F,1994-08-26,1994-08-23,1994-09-02,NONE,MAIL,y besides the slyly unusual grouches. regu
37542-3,37542,1485,86,3,29.00,40207.92,0.01,0.08,R,F,1994-10-11,1994-10-15,1994-11-08,TAKE BACK RETURN,TRUCK,ts. ironic pinto beans are. ir
37542-4,37542,954,57,4,3.00,5564.85,0.07,0.08,R,F,1994-08-29,1994-10-07,1994-09-01,DELIVER IN PERSON,MAIL,ts wake above the quic
37542-5,37542,1602,44,5,32.00,48115.20,0.01,0.05,R,F,1994-08-05,1994-09-12,1994-08-16,COLLECT COD,TRUCK, the carefully regular asymptotes. fu
37542-6,37542,1726,11,6,47.00,76502.84,0.00,0.08,A,F,1994-10-26,1994-09-22,1994-11-20,DELIVER IN PERSON,TRUCK,e slyly bold courts. blithely unusual escap
37543-1,37543,1255,67,1,34.00,39312.50,0.01,0.04,A,F,1992-04-27,1992-03-12,1992-05-09,DELIVER IN PERSON,FOB,"uses. even, regular foxes ma"
37543-2,37543,1244,45,2,17.00,19469.08,0.10,0.05,R,F,1992-04-11,1992-02-11,1992-04-29,TAKE BACK RETURN,MAIL,y even theodolites? even req
37543-3,37543,1801,88,3,45.00,76626.00,0.06,0.01,R,F,1992-03-14,1992-03-02,1992-03-27,COLLECT COD,SHIP,tes before th
37543-4,37543,1169,6,4,23.00,24613.68,0.04,0.06,A,F,1992-02-07,1992-03-16,1992-02-26,COLLECT COD,SHIP,y regular accounts detect carefully even 
37543-5,37543,237,38,5,10.00,11372.30,0.05,0.05,A,F,1992-03-09,1992-03-11,1992-04-07,DELIVER IN PERSON,SHIP,iously. qu
37568-1,37568,696,59,1,11.00,17563.59,0.10,0.01,N,O,1996-10-09,1996-11-05,1996-10-31,TAKE BACK RETURN,SHIP, express dependencies slee
37569-1,37569,1978,79,1,14.00,26319.58,0.08,0.00,R,F,1994-06-29,1994-08-02,1994-07-09,DELIVER IN PERSON,RAIL, accounts detect furiously platelets. pend
37569-2,37569,1439,79,2,34.00,45574.62,0.01,0.07,R,F,1994-07-27,1994-07-27,1994-08-19,NONE,REG AIR,ackages about the carefully ironic 
37569-3,37569,690,53,3,6.00,9544.14,0.09,0.06,A,F,1994-07-05,1994-07-18,1994-08-04,DELIVER IN PERSON,TRUCK,alongside 
37569-4,37569,1701,86,4,29.00,46478.30,0.04,0.02,A,F,1994-10-08,1994-08-16,1994-10-09,NONE,SHIP,players against the hockey players wake
37569-5,37569,1327,28,5,8.00,9826.56,0.00,0.04,A,F,1994-09-23,1994-08-19,1994-10-08,COLLECT COD,RAIL,o beans boost: regul
37570-1,37570,783,80,1,17.00,28624.26,0.09,0.02,N,F,1995-06-01,1995-04-14,1995-06-23,NONE,FOB,hogs haggle above the pen
37570-2,37570,579,80,2,49.00,72498.93,0.05,0.00,A,F,1995-05-15,1995-05-05,1995-06-02,TAKE BACK RETURN,FOB," final, unusual platelets serve "
37571-1,37571,29,55,1,46.00,42734.92,0.04,0.01,N,O,1998-06-20,1998-07-21,1998-07-17,TAKE BACK RETURN,RAIL," ironic, even dependencies could have "
37571-2,37571,1923,12,2,45.00,82121.40,0.06,0.01,N,O,1998-09-10,1998-07-27,1998-10-01,NONE,MAIL,eposits po
37571-3,37571,758,55,3,42.00,69667.50,0.07,0.03,N,O,1998-09-24,1998-07-18,1998-10-04,DELIVER IN PERSON,RAIL,y deposits. fluffily ironic reques
37572-1,37572,454,55,1,24.00,32506.80,0.04,0.04,R,F,1993-11-17,1993-09-06,1993-12-10,TAKE BACK RETURN,AIR,thely bold requests about the bl
37572-2,37572,110,89,2,40.00,40404.40,0.09,0.08,A,F,1993-11-25,1993-09-07,1993-12-13,TAKE BACK RETURN,RAIL,regular platelets are carefully. blithely
37572-3,37572,130,31,3,10.00,10301.30,0.06,0.07,A,F,1993-09-05,1993-09-11,1993-09-06,COLLECT COD,AIR,ly unusual requests wake blith
37572-4,37572,168,95,4,14.00,14954.24,0.09,0.06,A,F,1993-08-25,1993-10-18,1993-09-21,DELIVER IN PERSON,FOB,arefully special requests wake excuses
37572-5,37572,891,58,5,18.00,32254.02,0.10,0.06,A,F,1993-10-19,1993-09-30,1993-10-26,DELIVER IN PERSON,SHIP, instructions w
37572-6,37572,866,66,6,28.00,49472.08,0.07,0.07,A,F,1993-08-05,1993-09-14,1993-08-22,DELIVER IN PERSON,REG AIR,"ironic, ironic deposits eat furiously. quic"
37573-1,37573,1590,71,1,12.00,17899.08,0.09,0.00,N,O,1996-07-12,1996-08-19,1996-07-21,COLLECT COD,REG AIR,eve slyly 
37573-2,37573,1875,76,2,32.00,56859.84,0.05,0.05,N,O,1996-06-12,1996-07-16,1996-06-14,TAKE BACK RETURN,FOB,"er the busy, ironic pint"
37573-3,37573,1568,69,3,42.00,61721.52,0.03,0.01,N,O,1996-07-13,1996-07-27,1996-07-25,COLLECT COD,RAIL,express instructions. bl
37573-4,37573,682,14,4,25.00,39567.00,0.02,0.03,N,O,1996-08-17,1996-08-20,1996-08-31,COLLECT COD,SHIP,tly even accounts cajole quickly 
37573-5,37573,1596,77,5,50.00,74879.50,0.03,0.06,N,O,1996-07-24,1996-08-16,1996-08-10,DELIVER IN PERSON,FOB,", express ideas "
37573-6,37573,1010,11,6,19.00,17309.19,0.05,0.08,N,O,1996-08-12,1996-07-21,1996-08-13,COLLECT COD,REG AIR,"ress, final asym"
37574-1,37574,178,31,1,49.00,52830.33,0.02,0.02,R,F,1994-10-10,1994-08-05,1994-11-04,DELIVER IN PERSON,RAIL,g the quickly regular dependencies use sl
37575-1,37575,619,51,1,41.00,62304.01,0.02,0.01,N,O,1997-08-18,1997-08-22,1997-09-07,NONE,MAIL,arefully pending accounts wak
37575-2,37575,1037,73,2,18.00,16884.54,0.06,0.05,N,O,1997-08-22,1997-07-07,1997-09-06,NONE,SHIP,lar foxes are slyly carefully regular 
37575-3,37575,1985,30,3,29.00,54722.42,0.09,0.06,N,O,1997-06-04,1997-08-16,1997-06-13,DELIVER IN PERSON,AIR,ges among the slyly pending req
37575-4,37575,612,6,4,11.00,16638.71,0.03,0.01,N,O,1997-08-15,1997-08-22,1997-09-14,DELIVER IN PERSON,SHIP,final accounts cajole furi
37575-5,37575,629,61,5,29.00,44358.98,0.09,0.04,N,O,1997-06-07,1997-08-08,1997-06-24,DELIVER IN PERSON,AIR,olites. carefully re
37575-6,37575,876,77,6,35.00,62190.45,0.02,0.07,N,O,1997-07-26,1997-07-21,1997-08-18,COLLECT COD,TRUCK,ongside of the blithely u
37575-7,37575,394,95,7,25.00,32359.75,0.08,0.02,N,O,1997-06-01,1997-06-29,1997-06-21,COLLECT COD,TRUCK,lar tithes integrate along the 
37600-1,37600,1630,13,1,11.00,16847.93,0.05,0.01,R,F,1993-04-24,1993-05-06,1993-04-30,TAKE BACK RETURN,AIR,"heodolites. pending, express"
37601-1,37601,639,40,1,26.00,40030.38,0.09,0.05,R,F,1992-08-01,1992-08-25,1992-08-20,DELIVER IN PERSON,REG AIR,riously busy ac
37602-1,37602,355,84,1,47.00,59001.45,0.01,0.07,N,O,1998-11-04,1998-08-29,1998-11-22,COLLECT COD,FOB,e slyly even accounts. r
37602-2,37602,1480,59,2,23.00,31774.04,0.09,0.01,N,O,1998-10-18,1998-10-08,1998-11-16,DELIVER IN PERSON,TRUCK,pendencies prin
37602-3,37602,1974,63,3,37.00,69410.89,0.09,0.01,N,O,1998-11-14,1998-08-31,1998-11-21,TAKE BACK RETURN,FOB,e slyly across the quick
37602-4,37602,571,72,4,29.00,42675.53,0.08,0.04,N,O,1998-10-07,1998-09-13,1998-11-04,COLLECT COD,REG AIR,times ironic frets. evenly s
37602-5,37602,371,72,5,44.00,55940.28,0.06,0.06,N,O,1998-10-26,1998-09-05,1998-11-01,COLLECT COD,TRUCK,ggle fluffily acros
37602-6,37602,775,72,6,41.00,68706.57,0.02,0.05,N,O,1998-07-29,1998-09-12,1998-08-01,COLLECT COD,SHIP,ss the fluffily special in
37603-1,37603,914,15,1,39.00,70781.49,0.10,0.05,R,F,1994-02-26,1994-02-02,1994-03-12,DELIVER IN PERSON,AIR,foxes boost regular depo
37603-2,37603,726,59,2,22.00,35787.84,0.04,0.07,R,F,1993-11-27,1994-01-18,1993-12-10,NONE,RAIL, accounts. care
37603-3,37603,650,51,3,32.00,49620.80,0.06,0.00,A,F,1994-02-19,1994-01-04,1994-03-06,COLLECT COD,MAIL,thely alongside
37603-4,37603,342,71,4,17.00,21119.78,0.02,0.02,R,F,1993-12-04,1994-01-23,1993-12-31,NONE,RAIL,uses sleep abo
37603-5,37603,879,13,5,13.00,23138.31,0.06,0.02,A,F,1994-03-08,1994-02-11,1994-03-25,DELIVER IN PERSON,REG AIR, even dugouts nag around the blithe 
37603-6,37603,1490,91,6,13.00,18089.37,0.10,0.06,R,F,1994-01-28,1994-01-31,1994-01-30,TAKE BACK RETURN,REG AIR,sits haggle carefully about the courts. c
37603-7,37603,340,25,7,15.00,18605.10,0.05,0.02,A,F,1994-02-07,1994-01-17,1994-02-25,TAKE BACK RETURN,REG AIR,ckly final theodolites 
37604-1,37604,1824,11,1,38.00,65581.16,0.00,0.02,N,O,1997-08-08,1997-07-06,1997-08-25,COLLECT COD,MAIL,thely bold requests sleep carefully qui
37604-2,37604,422,10,2,11.00,14546.62,0.10,0.03,N,O,1997-07-09,1997-07-16,1997-07-13,TAKE BACK RETURN,REG AIR,ly even instructions. ironic
37604-3,37604,137,64,3,35.00,36299.55,0.06,0.04,N,O,1997-08-24,1997-08-11,1997-09-12,DELIVER IN PERSON,REG AIR,ts boost quic
37604-4,37604,597,28,4,11.00,16473.49,0.03,0.02,N,O,1997-07-24,1997-08-02,1997-08-17,DELIVER IN PERSON,REG AIR,are furiously fur
37605-1,37605,1318,33,1,14.00,17070.34,0.06,0.07,A,F,1992-04-07,1992-05-17,1992-04-14,TAKE BACK RETURN,REG AIR,luffily even accounts along the 
37605-2,37605,1628,52,2,3.00,4588.86,0.03,0.07,A,F,1992-05-18,1992-05-02,1992-05-23,NONE,RAIL,pades. carefully bold requests cajole among
37605-3,37605,379,8,3,50.00,63968.50,0.01,0.04,R,F,1992-04-13,1992-05-15,1992-04-21,TAKE BACK RETURN,MAIL,jole among the blithely 
37605-4,37605,1830,31,4,8.00,13854.64,0.06,0.06,R,F,1992-07-08,1992-05-09,1992-08-02,COLLECT COD,TRUCK,"ages. express, regular foxes "
37605-5,37605,724,89,5,42.00,68238.24,0.05,0.05,R,F,1992-04-20,1992-05-22,1992-05-20,NONE,RAIL,asymptotes haggle fluffil
37606-1,37606,1012,83,1,24.00,21912.24,0.04,0.07,R,F,1993-06-05,1993-04-29,1993-06-09,TAKE BACK RETURN,REG AIR,kages try to
37606-2,37606,948,17,2,28.00,51770.32,0.10,0.05,A,F,1993-04-21,1993-03-31,1993-05-13,NONE,FOB,ly blithely ironic deposits. e
37606-3,37606,1805,35,3,37.00,63151.60,0.00,0.04,A,F,1993-05-06,1993-04-03,1993-06-03,NONE,MAIL,. quickly express waters solve care
37606-4,37606,1633,34,4,50.00,76731.50,0.00,0.07,A,F,1993-05-06,1993-05-15,1993-05-31,DELIVER IN PERSON,RAIL,ke. unusual pack
37606-5,37606,57,33,5,14.00,13398.70,0.02,0.04,A,F,1993-04-16,1993-03-26,1993-05-05,DELIVER IN PERSON,MAIL,e among the war
37606-6,37606,1407,86,6,1.00,1308.40,0.04,0.04,R,F,1993-06-01,1993-05-01,1993-06-14,NONE,MAIL,o the never final gifts 
37607-1,37607,1506,27,1,40.00,56300.00,0.08,0.08,N,O,1997-09-12,1997-10-31,1997-10-05,TAKE BACK RETURN,MAIL,ickly pending req
37607-2,37607,1301,16,2,12.00,14427.60,0.06,0.02,N,O,1997-09-25,1997-10-15,1997-10-02,NONE,AIR,telets above the carefully even acco
37607-3,37607,840,41,3,24.00,41780.16,0.05,0.03,N,O,1997-12-01,1997-10-28,1997-12-10,NONE,RAIL,hockey players wa
37607-4,37607,311,96,4,6.00,7267.86,0.07,0.06,N,O,1997-10-25,1997-10-24,1997-11-03,DELIVER IN PERSON,AIR," final, pending requests cajole blit"
37607-5,37607,292,74,5,9.00,10730.61,0.01,0.08,N,O,1997-10-14,1997-11-02,1997-11-08,NONE,MAIL,uriously e
37607-6,37607,1929,18,6,40.00,73236.80,0.06,0.03,N,O,1997-09-08,1997-10-02,1997-10-07,COLLECT COD,REG AIR,ts nag. quickly regular accounts
37607-7,37607,600,91,7,50.00,75030.00,0.02,0.00,N,O,1997-10-13,1997-11-14,1997-11-01,DELIVER IN PERSON,TRUCK,"ironic, even packages. f"
37632-1,37632,59,10,1,35.00,33566.75,0.02,0.08,N,O,1996-04-09,1996-03-01,1996-04-16,NONE,RAIL,usly even pinto beans hinder final depo
37632-2,37632,1066,72,2,24.00,23209.44,0.01,0.04,N,O,1996-01-28,1996-02-14,1996-02-11,COLLECT COD,SHIP,ly unusual deposits. regular r
37632-3,37632,215,43,3,30.00,33456.30,0.00,0.00,N,O,1996-03-27,1996-03-09,1996-04-03,TAKE BACK RETURN,TRUCK,ily. furiously special platelets inte
37632-4,37632,976,11,4,30.00,56309.10,0.03,0.07,N,O,1995-12-22,1996-02-13,1996-01-03,COLLECT COD,TRUCK,s; furiously special pint
37632-5,37632,938,39,5,17.00,31261.81,0.10,0.05,N,O,1995-12-22,1996-01-14,1995-12-23,COLLECT COD,REG AIR, thin platelets use carefully. ironic pi
37633-1,37633,1929,30,1,15.00,27463.80,0.05,0.06,N,O,1997-01-13,1997-01-29,1997-01-17,NONE,FOB,he regular foxes. quickly fi
37633-2,37633,1117,90,2,25.00,25452.75,0.07,0.07,N,O,1997-02-16,1996-12-31,1997-02-28,TAKE BACK RETURN,RAIL, accounts. quickly regula
37634-1,37634,748,81,1,35.00,57705.90,0.07,0.06,A,F,1992-09-18,1992-06-22,1992-10-15,DELIVER IN PERSON,RAIL,l pinto beans: f
37634-2,37634,240,41,2,31.00,35347.44,0.08,0.08,A,F,1992-09-08,1992-07-09,1992-10-01,NONE,FOB,ecial packages again
37634-3,37634,947,16,3,20.00,36958.80,0.01,0.02,R,F,1992-06-14,1992-08-11,1992-06-21,DELIVER IN PERSON,RAIL,ts cajole above the quickly 
37635-1,37635,1424,42,1,5.00,6627.10,0.03,0.08,N,O,1997-04-18,1997-05-08,1997-04-27,COLLECT COD,REG AIR, foxes promise furiously quickl
37635-2,37635,1161,70,2,46.00,48859.36,0.07,0.06,N,O,1997-06-25,1997-04-04,1997-07-24,NONE,TRUCK,thely? slyly final ins
37636-1,37636,1593,74,1,18.00,26902.62,0.02,0.06,N,O,1996-09-30,1996-08-29,1996-10-21,NONE,FOB,"lithely deposits. final, ironic a"
37636-2,37636,115,42,2,48.00,48725.28,0.04,0.03,N,O,1996-11-01,1996-09-20,1996-11-05,NONE,FOB,ular packag
37636-3,37636,853,87,3,39.00,68400.15,0.09,0.03,N,O,1996-10-12,1996-09-28,1996-11-03,NONE,TRUCK,he slyly bold accounts. final d
37637-1,37637,8,84,1,17.00,15436.00,0.00,0.01,A,F,1994-06-25,1994-05-27,1994-07-03,TAKE BACK RETURN,SHIP,carefully pending ideas. care
37637-2,37637,1046,17,2,35.00,33146.40,0.08,0.04,R,F,1994-05-08,1994-04-22,1994-05-21,TAKE BACK RETURN,SHIP,about the carefully spec
37637-3,37637,1245,46,3,30.00,34387.20,0.07,0.03,R,F,1994-04-05,1994-06-09,1994-04-25,COLLECT COD,AIR,uriously above the furiously thin
37637-4,37637,1390,5,4,11.00,14205.29,0.00,0.04,R,F,1994-04-29,1994-04-22,1994-05-02,NONE,SHIP,eposits-- carefully pending de
37637-5,37637,1359,60,5,32.00,40331.20,0.04,0.06,R,F,1994-06-10,1994-04-20,1994-06-12,TAKE BACK RETURN,RAIL,f the furiously ironic packages.
37637-6,37637,1735,62,6,21.00,34371.33,0.05,0.02,A,F,1994-04-24,1994-05-31,1994-05-17,DELIVER IN PERSON,TRUCK,usual deposits detect above the 
37638-1,37638,393,78,1,4.00,5173.56,0.02,0.04,R,F,1994-02-06,1994-03-26,1994-02-28,DELIVER IN PERSON,SHIP,l pinto beans bel
37638-2,37638,723,56,2,19.00,30850.68,0.05,0.01,A,F,1994-03-04,1994-03-19,1994-03-17,TAKE BACK RETURN,TRUCK,ts cajole blithely blithely bold r
37638-3,37638,990,91,3,46.00,86985.54,0.08,0.03,A,F,1994-05-19,1994-04-19,1994-05-20,TAKE BACK RETURN,TRUCK,at the carefully 
37639-1,37639,812,13,1,46.00,78789.26,0.06,0.08,N,O,1996-04-07,1996-04-30,1996-04-22,TAKE BACK RETURN,RAIL,gle even patte
37639-2,37639,1958,47,2,22.00,40918.90,0.02,0.07,N,O,1996-04-21,1996-04-17,1996-04-24,COLLECT COD,FOB,l foxes are a
37664-1,37664,285,13,1,39.00,46225.92,0.09,0.00,R,F,1995-01-30,1994-12-18,1995-02-01,DELIVER IN PERSON,MAIL, quickly pending excuses boos
37664-2,37664,1433,51,2,46.00,61383.78,0.03,0.08,R,F,1995-01-30,1994-12-17,1995-02-04,COLLECT COD,FOB," bold packages. final, pending instru"
37664-3,37664,789,90,3,46.00,77729.88,0.01,0.08,R,F,1994-12-22,1994-11-17,1995-01-16,DELIVER IN PERSON,FOB,sual accounts. flu
37664-4,37664,1816,3,4,21.00,36074.01,0.08,0.06,A,F,1994-10-12,1994-11-15,1994-11-07,NONE,TRUCK,kages cajole fluffily after
37665-1,37665,1117,26,1,15.00,15271.65,0.06,0.05,N,O,1996-11-16,1996-12-18,1996-12-04,TAKE BACK RETURN,MAIL,lar ideas impress furiously alongside 
37665-2,37665,128,55,2,38.00,39068.56,0.01,0.05,N,O,1997-01-25,1996-12-24,1997-01-28,DELIVER IN PERSON,MAIL,dependencies detect against the final
37665-3,37665,700,1,3,34.00,54423.80,0.06,0.06,N,O,1996-12-22,1997-01-12,1996-12-28,DELIVER IN PERSON,RAIL,yly sometimes e
37666-1,37666,1905,6,1,6.00,10841.40,0.08,0.05,N,O,1997-06-21,1997-08-12,1997-07-21,COLLECT COD,FOB,es. carefully special
37666-2,37666,1087,88,2,45.00,44463.60,0.00,0.07,N,O,1997-06-30,1997-07-28,1997-07-15,TAKE BACK RETURN,TRUCK,ously. bold packages use special escapade
37666-3,37666,873,7,3,20.00,35477.40,0.01,0.06,N,O,1997-07-27,1997-07-14,1997-08-20,DELIVER IN PERSON,RAIL,into beans boost ac
37666-4,37666,1177,50,4,4.00,4312.68,0.00,0.01,N,O,1997-07-19,1997-08-08,1997-08-01,NONE,TRUCK,ts eat accor
37666-5,37666,586,47,5,23.00,34191.34,0.07,0.02,N,O,1997-09-24,1997-08-27,1997-10-23,DELIVER IN PERSON,REG AIR,silent accounts. carefully express pac
37666-6,37666,1696,20,6,40.00,63907.60,0.04,0.07,N,O,1997-06-11,1997-08-13,1997-06-21,COLLECT COD,FOB,kly regular pinto beans! slyly reg
37667-1,37667,1271,72,1,11.00,12894.97,0.05,0.08,N,O,1996-02-01,1996-02-16,1996-02-15,COLLECT COD,AIR,usly regular dinos snooze slyly exp
37667-2,37667,486,45,2,33.00,45753.84,0.05,0.00,N,O,1996-01-15,1996-02-04,1996-02-07,TAKE BACK RETURN,REG AIR,quietly bold theodo
37667-3,37667,1625,26,3,1.00,1526.62,0.07,0.02,N,O,1996-03-29,1996-01-16,1996-04-11,DELIVER IN PERSON,MAIL,permanent instructi
37667-4,37667,653,47,4,41.00,63699.65,0.05,0.06,N,O,1995-12-21,1996-01-04,1996-01-09,COLLECT COD,MAIL,y ironic excuses across the busily regul
37667-5,37667,1764,7,5,19.00,31649.44,0.03,0.04,N,O,1996-03-25,1996-01-11,1996-04-21,TAKE BACK RETURN,AIR,wake deposits. blithely b
37668-1,37668,227,82,1,43.00,48470.46,0.01,0.08,R,F,1993-03-13,1993-03-29,1993-04-05,NONE,MAIL,ajole carefully. slyly special idea
37668-2,37668,657,20,2,46.00,71651.90,0.01,0.01,A,F,1993-04-23,1993-02-21,1993-04-26,DELIVER IN PERSON,SHIP,ding to the furiously si
37668-3,37668,134,13,3,28.00,28955.64,0.05,0.04,R,F,1993-03-03,1993-03-14,1993-04-02,NONE,TRUCK,ns run carefully
37669-1,37669,539,40,1,41.00,59020.73,0.04,0.01,R,F,1994-02-25,1993-12-05,1994-03-15,NONE,FOB,y quiet th
37669-2,37669,958,59,2,32.00,59486.40,0.05,0.00,R,F,1993-11-14,1994-01-23,1993-11-24,COLLECT COD,RAIL,inal packages acro
37669-3,37669,897,64,3,12.00,21574.68,0.10,0.02,A,F,1993-12-24,1993-12-20,1994-01-03,NONE,MAIL, realms cajole blith
37669-4,37669,291,19,4,29.00,34547.41,0.01,0.05,R,F,1993-11-09,1994-01-23,1993-11-20,DELIVER IN PERSON,SHIP,ross the regular packages
37669-5,37669,549,50,5,34.00,49284.36,0.02,0.05,R,F,1994-02-27,1993-12-31,1994-03-20,NONE,RAIL, theodolites? dar
37669-6,37669,504,35,6,21.00,29494.50,0.05,0.03,A,F,1993-12-31,1994-01-02,1994-01-08,NONE,AIR, regular pin
37670-1,37670,1181,82,1,14.00,15150.52,0.02,0.02,N,O,1996-01-29,1996-03-15,1996-02-21,COLLECT COD,FOB,le. furiously regul
37671-1,37671,21,47,1,21.00,19341.42,0.02,0.07,A,F,1993-09-20,1993-09-25,1993-09-23,DELIVER IN PERSON,SHIP, slyly ironic dugouts 
37696-1,37696,1140,77,1,16.00,16658.24,0.06,0.07,R,F,1994-09-02,1994-09-15,1994-09-18,NONE,FOB,sly against the bold deposits. thinly unu
37696-2,37696,37,63,2,27.00,25299.81,0.04,0.03,A,F,1994-09-22,1994-08-29,1994-09-30,NONE,SHIP,silent dependen
37696-3,37696,1603,4,3,2.00,3009.20,0.00,0.07,R,F,1994-09-29,1994-09-13,1994-10-28,DELIVER IN PERSON,REG AIR, ironic requests
37696-4,37696,1083,54,4,1.00,984.08,0.05,0.06,R,F,1994-10-13,1994-10-04,1994-10-31,DELIVER IN PERSON,RAIL, even theodolites detect blithely after 
37696-5,37696,15,91,5,28.00,25620.28,0.02,0.08,R,F,1994-10-05,1994-10-04,1994-10-19,TAKE BACK RETURN,FOB,ending reques
37697-1,37697,963,64,1,6.00,11183.76,0.04,0.08,R,F,1993-01-14,1993-02-15,1993-01-17,DELIVER IN PERSON,FOB,tructions wake quickly d
37698-1,37698,1423,41,1,43.00,56950.06,0.09,0.07,N,O,1996-12-30,1996-12-10,1997-01-11,NONE,RAIL,ructions after the ir
37698-2,37698,527,18,2,1.00,1427.52,0.10,0.01,N,O,1996-12-27,1996-12-24,1996-12-30,DELIVER IN PERSON,REG AIR,s maintain caref
37699-1,37699,1423,24,1,46.00,60923.32,0.04,0.03,N,O,1995-09-16,1995-11-08,1995-10-14,NONE,SHIP,efully. even pinto beans play after
37699-2,37699,420,21,2,39.00,51496.38,0.07,0.06,N,O,1995-10-31,1995-11-08,1995-11-24,COLLECT COD,FOB, final deposits.
37699-3,37699,245,73,3,5.00,5726.20,0.02,0.05,N,O,1995-10-19,1995-11-19,1995-11-09,TAKE BACK RETURN,REG AIR,ravely. enticingly final packa
37700-1,37700,1277,78,1,28.00,32991.56,0.10,0.02,R,F,1995-04-06,1995-02-19,1995-05-06,TAKE BACK RETURN,SHIP, bold platelets. slyly regular patterns d
37700-2,37700,1331,70,2,17.00,20949.61,0.00,0.05,A,F,1995-02-10,1995-03-01,1995-03-04,COLLECT COD,TRUCK,nts cajole slyly fu
37700-3,37700,669,63,3,4.00,6278.64,0.05,0.04,A,F,1995-01-14,1995-01-31,1995-02-07,TAKE BACK RETURN,MAIL,ntegrate according to the instruction
37700-4,37700,1220,58,4,11.00,12333.42,0.02,0.05,A,F,1995-01-26,1995-02-11,1995-02-19,COLLECT COD,TRUCK,excuses along the furio
37701-1,37701,881,82,1,45.00,80184.60,0.05,0.04,N,O,1997-05-27,1997-06-04,1997-06-03,NONE,REG AIR,ic deposits cajole. dar
37701-2,37701,471,1,2,22.00,30172.34,0.01,0.06,N,O,1997-07-27,1997-05-03,1997-07-30,TAKE BACK RETURN,REG AIR,braids wake fu
37701-3,37701,1344,21,3,33.00,41096.22,0.01,0.03,N,O,1997-07-05,1997-05-30,1997-07-22,DELIVER IN PERSON,RAIL,. furiously regular instructions across t
37702-1,37702,1195,68,1,6.00,6577.14,0.04,0.02,N,O,1995-06-25,1995-07-22,1995-07-01,COLLECT COD,SHIP,nstructions affix fluffily e
37703-1,37703,1995,96,1,39.00,73982.61,0.03,0.07,N,O,1995-12-27,1996-01-24,1996-01-24,DELIVER IN PERSON,AIR,the special deposits cajole along the sl
37703-2,37703,693,25,2,28.00,44623.32,0.08,0.06,N,O,1996-01-01,1996-02-25,1996-01-16,NONE,REG AIR,above the regular requests-- furiou
37703-3,37703,1942,31,3,46.00,84821.24,0.03,0.00,N,O,1996-04-07,1996-01-28,1996-04-16,NONE,SHIP,nto beans wake carefully quickl
37703-4,37703,1318,57,4,18.00,21947.58,0.10,0.01,N,O,1995-12-27,1996-03-05,1996-01-10,COLLECT COD,AIR,r about the final foxes. blithely fin
37703-5,37703,1537,18,5,2.00,2877.06,0.05,0.07,N,O,1996-02-08,1996-02-02,1996-03-07,COLLECT COD,REG AIR,ecial excuses
37728-1,37728,1690,73,1,49.00,77992.81,0.09,0.01,N,O,1998-08-14,1998-09-27,1998-09-09,COLLECT COD,TRUCK,e of the fluffily silent deposi
37728-2,37728,1294,32,2,33.00,39444.57,0.07,0.02,N,O,1998-10-12,1998-10-13,1998-10-17,NONE,TRUCK,unts cajole furiously. ca
37728-3,37728,1587,28,3,27.00,40191.66,0.08,0.00,N,O,1998-10-10,1998-09-05,1998-10-18,TAKE BACK RETURN,FOB,ly ironic requests 
37728-4,37728,1530,11,4,26.00,37219.78,0.10,0.05,N,O,1998-09-06,1998-10-02,1998-09-07,TAKE BACK RETURN,MAIL,l packages sublate quickly. caref
37728-5,37728,1808,38,5,23.00,39325.40,0.09,0.01,N,O,1998-08-27,1998-09-08,1998-09-05,TAKE BACK RETURN,FOB, of the caref
37728-6,37728,1623,65,6,27.00,41164.74,0.05,0.08,N,O,1998-08-09,1998-10-25,1998-08-28,COLLECT COD,MAIL,ts sleep furiously final deposits.
37728-7,37728,420,8,7,9.00,11883.78,0.00,0.06,N,O,1998-08-20,1998-09-04,1998-08-25,TAKE BACK RETURN,REG AIR,ests integrate furiously quickly
37729-1,37729,752,53,1,35.00,57846.25,0.08,0.02,R,F,1994-04-15,1994-02-23,1994-04-27,NONE,RAIL,nst the express instructions. car
37729-2,37729,624,25,2,34.00,51837.08,0.02,0.01,A,F,1994-04-29,1994-02-19,1994-05-19,DELIVER IN PERSON,SHIP,its. furiously even deposits use along th
37729-3,37729,434,93,3,17.00,22685.31,0.02,0.01,R,F,1994-03-08,1994-04-05,1994-03-25,TAKE BACK RETURN,FOB,aggle depos
37730-1,37730,377,78,1,34.00,43430.58,0.02,0.00,A,F,1994-05-10,1994-06-23,1994-05-31,NONE,FOB, haggle afte
37730-2,37730,1634,58,2,21.00,32248.23,0.02,0.08,A,F,1994-06-24,1994-07-08,1994-07-12,DELIVER IN PERSON,REG AIR,ts nag carefully regular r
37730-3,37730,1883,70,3,41.00,73180.08,0.01,0.05,A,F,1994-07-11,1994-06-27,1994-07-17,DELIVER IN PERSON,FOB,o the furiously final p
37730-4,37730,1823,10,4,42.00,72442.44,0.06,0.03,A,F,1994-05-24,1994-07-17,1994-06-02,DELIVER IN PERSON,TRUCK,inal packages caj
37731-1,37731,1709,36,1,27.00,43488.90,0.08,0.06,R,F,1995-02-06,1995-01-10,1995-02-09,TAKE BACK RETURN,REG AIR, the carefully ironic asymptot
37731-2,37731,343,28,2,43.00,53463.62,0.01,0.07,A,F,1995-01-12,1994-12-11,1995-02-01,DELIVER IN PERSON,SHIP,osits sleep alongside 
37731-3,37731,922,25,3,29.00,52864.68,0.07,0.00,R,F,1995-02-27,1994-12-25,1995-03-14,NONE,RAIL,beans. ruthlessly unusual packa
37731-4,37731,155,34,4,10.00,10551.50,0.09,0.07,R,F,1994-11-07,1994-12-29,1994-12-04,DELIVER IN PERSON,AIR, packages. theodolites are b
37731-5,37731,244,99,5,29.00,33182.96,0.03,0.05,R,F,1995-01-14,1995-01-13,1995-01-25,DELIVER IN PERSON,RAIL,ly. blithe
37732-1,37732,1065,1,1,30.00,28981.80,0.01,0.04,N,O,1996-05-28,1996-07-08,1996-05-30,COLLECT COD,SHIP,t the carefully final deposits detect alon
37732-2,37732,434,64,2,2.00,2668.86,0.01,0.02,N,O,1996-08-13,1996-06-22,1996-09-07,TAKE BACK RETURN,REG AIR,y final dol
37733-1,37733,318,3,1,21.00,25584.51,0.05,0.01,A,F,1992-06-12,1992-06-25,1992-06-15,TAKE BACK RETURN,TRUCK,ilent requests. furiously bold accounts ha
37733-2,37733,454,13,2,46.00,62304.70,0.09,0.07,R,F,1992-09-20,1992-07-17,1992-09-30,NONE,REG AIR,onic accoun
37733-3,37733,1477,95,3,31.00,42732.57,0.05,0.02,A,F,1992-07-13,1992-07-14,1992-07-24,NONE,RAIL,y according to the s
37734-1,37734,1421,39,1,48.00,63476.16,0.06,0.02,A,F,1995-04-16,1995-02-16,1995-04-30,COLLECT COD,SHIP,"counts. special, even realms above the "
37734-2,37734,1692,93,2,41.00,65341.29,0.06,0.01,A,F,1995-04-26,1995-03-13,1995-05-11,DELIVER IN PERSON,FOB, nag quickly furiously express pinto b
37734-3,37734,1973,62,3,18.00,33749.46,0.05,0.04,R,F,1995-01-11,1995-03-23,1995-01-30,COLLECT COD,REG AIR,furiously final i
37734-4,37734,341,70,4,5.00,6206.70,0.02,0.06,A,F,1995-04-23,1995-03-03,1995-05-20,NONE,AIR,r requests:
37734-5,37734,830,31,5,45.00,77887.35,0.01,0.03,A,F,1995-04-15,1995-02-26,1995-04-26,DELIVER IN PERSON,MAIL,"lar, special realms at the ironic, regular "
37734-6,37734,194,95,6,15.00,16412.85,0.03,0.01,R,F,1995-01-09,1995-02-23,1995-01-12,COLLECT COD,SHIP,odolites hagg
37735-1,37735,593,24,1,30.00,44807.70,0.00,0.01,N,O,1998-10-05,1998-09-26,1998-10-25,TAKE BACK RETURN,RAIL,ckages sleep slyly iro
37760-1,37760,1968,1,1,11.00,20569.56,0.04,0.03,R,F,1994-11-16,1994-10-02,1994-11-25,TAKE BACK RETURN,TRUCK,carefully about the furious
37760-2,37760,1387,64,2,24.00,30921.12,0.07,0.00,A,F,1994-09-03,1994-09-22,1994-09-25,TAKE BACK RETURN,REG AIR,furiously final a
37760-3,37760,1947,80,3,13.00,24036.22,0.10,0.05,R,F,1994-10-12,1994-10-01,1994-10-21,TAKE BACK RETURN,TRUCK,deposits. final pac
37760-4,37760,103,4,4,49.00,49151.90,0.08,0.04,A,F,1994-09-01,1994-10-14,1994-09-17,NONE,AIR,eans. carefully final 
37760-5,37760,418,19,5,5.00,6592.05,0.03,0.05,R,F,1994-11-10,1994-10-06,1994-11-27,DELIVER IN PERSON,FOB,"ounts. stealthy, furious a"
37760-6,37760,1010,46,6,25.00,22775.25,0.07,0.07,A,F,1994-12-14,1994-11-08,1994-12-30,DELIVER IN PERSON,TRUCK,atterns boost carefully! foxes agai
37760-7,37760,15,16,7,35.00,32025.35,0.05,0.07,A,F,1994-09-24,1994-10-25,1994-10-16,NONE,RAIL,e fluffily regular accounts are blithely 
37761-1,37761,44,45,1,22.00,20768.88,0.08,0.07,N,O,1998-09-08,1998-08-19,1998-09-12,NONE,MAIL, furiously across the quickly 
37761-2,37761,1003,74,2,39.00,35256.00,0.01,0.03,N,O,1998-07-23,1998-09-12,1998-08-07,TAKE BACK RETURN,FOB,regular packages according
37761-3,37761,1500,18,3,34.00,47651.00,0.07,0.01,N,O,1998-07-28,1998-09-13,1998-08-27,DELIVER IN PERSON,TRUCK,grate blithely alongside of t
37761-4,37761,1423,24,4,36.00,47679.12,0.02,0.05,N,O,1998-08-18,1998-09-26,1998-09-05,TAKE BACK RETURN,FOB,accounts. unusual requests wake slyl
37762-1,37762,244,99,1,29.00,33182.96,0.05,0.06,R,F,1992-08-19,1992-07-12,1992-08-22,DELIVER IN PERSON,FOB,te quickly bol
37762-2,37762,20,71,2,46.00,42320.92,0.07,0.07,R,F,1992-08-28,1992-08-16,1992-09-24,TAKE BACK RETURN,FOB,regular pearls boost fluffily along the bl
37763-1,37763,1511,32,1,15.00,21187.65,0.09,0.07,A,F,1992-03-29,1992-05-07,1992-04-28,DELIVER IN PERSON,SHIP,le among the quickly final instr
37763-2,37763,1386,25,2,45.00,57932.10,0.08,0.07,A,F,1992-05-07,1992-03-18,1992-05-24,TAKE BACK RETURN,REG AIR,egrate blithely quiet
37763-3,37763,1143,52,3,40.00,41765.60,0.07,0.05,A,F,1992-06-09,1992-03-22,1992-06-14,NONE,RAIL,ar pinto beans. f
37764-1,37764,68,44,1,40.00,38722.40,0.10,0.05,N,O,1996-12-01,1996-12-06,1996-12-18,DELIVER IN PERSON,MAIL,according to the never even ideas. slyly pe
37764-2,37764,201,29,2,16.00,17619.20,0.10,0.03,N,O,1996-12-10,1996-11-26,1997-01-01,DELIVER IN PERSON,MAIL,eposits sleep. furiously permanent pinto
37764-3,37764,699,93,3,32.00,51190.08,0.08,0.00,N,O,1996-12-17,1997-01-12,1997-01-14,DELIVER IN PERSON,TRUCK,. slyly regular packages m
37764-4,37764,189,16,4,19.00,20694.42,0.00,0.07,N,O,1996-11-08,1996-12-05,1996-11-29,DELIVER IN PERSON,SHIP,ven deposits alongside of the deposits int
37764-5,37764,1248,60,5,22.00,25283.28,0.10,0.04,N,O,1996-11-27,1997-01-02,1996-12-01,DELIVER IN PERSON,FOB,e express request
37764-6,37764,1015,86,6,11.00,10076.11,0.08,0.03,N,O,1996-12-04,1996-11-23,1997-01-01,COLLECT COD,FOB,es affix fluffily across the
37764-7,37764,140,93,7,40.00,41605.60,0.04,0.04,N,O,1996-10-30,1996-12-27,1996-11-25,TAKE BACK RETURN,MAIL,dolphins. regular requests are blit
37765-1,37765,379,64,1,42.00,53733.54,0.10,0.07,A,F,1992-12-29,1993-02-12,1993-01-14,TAKE BACK RETURN,FOB,ns. ironic excuses wake fl
37765-2,37765,631,32,2,33.00,50543.79,0.08,0.08,R,F,1992-12-04,1993-02-12,1992-12-23,NONE,TRUCK,he even requests bo
37765-3,37765,536,67,3,42.00,60334.26,0.07,0.05,A,F,1992-12-16,1993-02-02,1993-01-14,DELIVER IN PERSON,AIR, the slyly special dolphins.
37765-4,37765,426,27,4,20.00,26528.40,0.06,0.00,A,F,1993-01-20,1993-02-23,1993-02-06,COLLECT COD,RAIL,lly regular packages integrate furiously. 
37765-5,37765,860,60,5,45.00,79238.70,0.09,0.06,A,F,1992-12-27,1993-01-16,1992-12-30,TAKE BACK RETURN,TRUCK,fully final instructions kindle acros
37765-6,37765,1816,17,6,22.00,37791.82,0.00,0.00,R,F,1993-03-19,1993-01-21,1993-04-08,DELIVER IN PERSON,AIR,uffily regular req
37766-1,37766,489,19,1,40.00,55579.20,0.06,0.05,N,O,1997-06-30,1997-07-11,1997-07-13,COLLECT COD,TRUCK,"bold, ironic requests. slyly expres"
37766-2,37766,1615,57,2,33.00,50048.13,0.10,0.04,N,O,1997-05-22,1997-06-22,1997-06-18,TAKE BACK RETURN,SHIP,"ing grouches. ironic,"
37766-3,37766,1308,9,3,38.00,45953.40,0.10,0.05,N,O,1997-05-25,1997-06-09,1997-06-10,NONE,SHIP,the express asymptotes. fluffily 
37766-4,37766,777,74,4,8.00,13422.16,0.09,0.03,N,O,1997-08-08,1997-06-21,1997-08-19,COLLECT COD,FOB,its integrate thinly bold dep
37766-5,37766,1729,72,5,37.00,60336.64,0.07,0.01,N,O,1997-05-20,1997-05-29,1997-05-22,NONE,AIR, bold deposits dazzle carefully sly accou
37766-6,37766,36,12,6,23.00,21528.69,0.06,0.03,N,O,1997-04-27,1997-06-22,1997-05-12,TAKE BACK RETURN,RAIL,lithely among t
37767-1,37767,1837,24,1,5.00,8694.15,0.05,0.08,N,O,1996-12-16,1996-11-09,1996-12-31,DELIVER IN PERSON,REG AIR,riously special ideas. slyly special idea
37767-2,37767,772,69,2,31.00,51855.87,0.10,0.02,N,O,1996-10-20,1996-11-05,1996-10-24,NONE,REG AIR,packages impress 
37767-3,37767,246,28,3,16.00,18339.84,0.00,0.03,N,O,1996-11-04,1996-10-29,1996-11-28,TAKE BACK RETURN,AIR,inal deposits
37767-4,37767,481,40,4,7.00,9670.36,0.08,0.07,N,O,1997-01-07,1996-10-12,1997-01-15,COLLECT COD,REG AIR,h fluffily pending accounts. blithely ex
37767-5,37767,1419,37,5,26.00,34330.66,0.05,0.03,N,O,1996-11-01,1996-10-15,1996-11-25,NONE,FOB,final accounts wake furiously pendi
37792-1,37792,1526,7,1,38.00,54245.76,0.07,0.07,N,O,1996-01-25,1996-02-21,1996-01-26,DELIVER IN PERSON,TRUCK,lyly special
37792-2,37792,420,50,2,6.00,7922.52,0.04,0.06,N,O,1996-03-31,1996-03-04,1996-04-11,TAKE BACK RETURN,AIR,ose packages-- requests cajole. 
37793-1,37793,113,14,1,7.00,7091.77,0.09,0.01,R,F,1994-11-23,1995-01-14,1994-12-19,COLLECT COD,TRUCK,regular requests.
37793-2,37793,801,1,2,38.00,64668.40,0.09,0.07,R,F,1994-11-30,1995-01-08,1994-12-27,NONE,AIR,quests. slyly regular request
37793-3,37793,538,99,3,2.00,2877.06,0.09,0.03,A,F,1995-03-10,1994-12-30,1995-03-15,DELIVER IN PERSON,AIR,uctions affix slyly according to the 
37794-1,37794,943,12,1,10.00,18439.40,0.04,0.04,R,F,1994-05-30,1994-06-05,1994-06-23,COLLECT COD,REG AIR,y after the silent r
37794-2,37794,950,85,2,25.00,46273.75,0.05,0.07,A,F,1994-06-25,1994-05-22,1994-07-20,DELIVER IN PERSON,SHIP,ns. blithely pending ideas detect. fu
37794-3,37794,1302,17,3,38.00,45725.40,0.00,0.04,A,F,1994-06-20,1994-04-26,1994-07-04,COLLECT COD,FOB,des are carefully according to the expres
37794-4,37794,1227,2,4,45.00,50769.90,0.06,0.02,R,F,1994-07-09,1994-05-12,1994-08-05,DELIVER IN PERSON,FOB, deposits. 
37795-1,37795,1040,46,1,3.00,2823.12,0.05,0.06,A,F,1993-12-16,1994-01-17,1994-01-01,COLLECT COD,MAIL,press dolphins
37795-2,37795,221,76,2,10.00,11212.20,0.01,0.06,A,F,1993-11-07,1994-01-07,1993-11-12,NONE,MAIL,cording to the slyly
37795-3,37795,926,29,3,1.00,1826.92,0.04,0.02,R,F,1994-01-25,1993-12-29,1994-01-29,DELIVER IN PERSON,SHIP,"eodolites. unusual, silent realms across t"
37796-1,37796,1257,32,1,33.00,38222.25,0.03,0.04,A,F,1995-02-26,1995-01-04,1995-03-08,TAKE BACK RETURN,TRUCK,"ts. unusual, regular i"
37796-2,37796,1638,80,2,25.00,38490.75,0.01,0.03,A,F,1995-01-18,1994-12-11,1995-01-23,COLLECT COD,TRUCK,ully even requ
37797-1,37797,164,65,1,31.00,32988.96,0.01,0.03,A,F,1992-06-10,1992-04-19,1992-07-08,COLLECT COD,FOB,y special deposits. blith
37797-2,37797,1625,8,2,5.00,7633.10,0.01,0.05,A,F,1992-05-10,1992-03-30,1992-05-31,TAKE BACK RETURN,REG AIR,ironic deposits ca
37797-3,37797,667,61,3,34.00,53300.44,0.01,0.06,A,F,1992-06-07,1992-04-04,1992-06-30,DELIVER IN PERSON,TRUCK,fully quiet acc
37797-4,37797,259,41,4,38.00,44051.50,0.10,0.00,R,F,1992-02-25,1992-05-18,1992-03-02,COLLECT COD,REG AIR,e slyly unusual account
37798-1,37798,770,71,1,41.00,68501.57,0.05,0.04,R,F,1993-01-04,1992-12-25,1993-01-17,DELIVER IN PERSON,SHIP, instructions. accounts maintain acros
37798-2,37798,69,45,2,6.00,5814.36,0.07,0.06,R,F,1992-11-30,1993-02-01,1992-12-01,TAKE BACK RETURN,MAIL,ns might are bli
37798-3,37798,1002,73,3,27.00,24381.00,0.07,0.04,A,F,1992-12-21,1992-12-09,1992-12-29,DELIVER IN PERSON,SHIP,instructions are
37798-4,37798,485,73,4,8.00,11083.84,0.08,0.06,R,F,1992-11-23,1993-01-13,1992-12-20,DELIVER IN PERSON,SHIP,the express requests i
37799-1,37799,93,69,1,8.00,7944.72,0.10,0.01,A,F,1994-01-12,1994-01-27,1994-01-21,COLLECT COD,AIR,"ilent, express deposits. final instru"
37799-2,37799,1330,7,2,20.00,24626.60,0.07,0.04,A,F,1993-11-30,1994-01-26,1993-12-17,DELIVER IN PERSON,RAIL,lyly bold pinto 
37799-3,37799,112,39,3,6.00,6072.66,0.04,0.01,A,F,1994-01-23,1993-12-26,1994-02-17,COLLECT COD,RAIL,rges cajole about the
37799-4,37799,75,76,4,41.00,39977.87,0.07,0.05,R,F,1994-01-20,1994-01-13,1994-01-30,TAKE BACK RETURN,SHIP,s instructions 
37799-5,37799,1825,12,5,12.00,20721.84,0.00,0.06,R,F,1994-01-25,1994-01-25,1994-02-14,NONE,TRUCK,. fluffily regular deposits are slo
37824-1,37824,258,40,1,38.00,44013.50,0.10,0.02,N,O,1998-05-01,1998-04-09,1998-05-27,DELIVER IN PERSON,REG AIR,uickly fluffily express grouche
37824-2,37824,1734,77,2,14.00,22900.22,0.08,0.04,N,O,1998-04-23,1998-04-27,1998-05-23,DELIVER IN PERSON,SHIP, instructi
37825-1,37825,558,19,1,8.00,11668.40,0.01,0.01,R,F,1994-10-21,1994-10-01,1994-10-29,DELIVER IN PERSON,REG AIR,kly silent deposits wake quickly blithel
37825-2,37825,1042,48,2,47.00,44322.88,0.03,0.04,A,F,1994-11-16,1994-10-04,1994-12-05,TAKE BACK RETURN,SHIP,ar accounts. thinly silent dinos abov
37825-3,37825,364,21,3,47.00,59424.92,0.08,0.01,A,F,1994-08-31,1994-09-08,1994-09-30,TAKE BACK RETURN,SHIP,uriously express depen
37825-4,37825,1129,38,4,50.00,51506.00,0.00,0.08,A,F,1994-10-13,1994-09-13,1994-10-17,DELIVER IN PERSON,AIR, even instructions wake blithely even
37825-5,37825,221,3,5,2.00,2242.44,0.02,0.04,A,F,1994-08-08,1994-10-02,1994-09-04,TAKE BACK RETURN,AIR,pending deposits are afte
37825-6,37825,1985,18,6,9.00,16982.82,0.02,0.03,R,F,1994-10-17,1994-10-13,1994-11-06,TAKE BACK RETURN,FOB,"re after the ironic, regula"
37825-7,37825,92,43,7,36.00,35715.24,0.01,0.03,R,F,1994-08-06,1994-08-30,1994-08-16,NONE,AIR,o the slyly ironic depend
37826-1,37826,1435,53,1,8.00,10691.44,0.07,0.02,N,O,1995-07-29,1995-06-02,1995-08-13,COLLECT COD,FOB,y express packages. final theod
37826-2,37826,379,8,2,45.00,57571.65,0.04,0.05,N,O,1995-07-19,1995-07-16,1995-07-26,COLLECT COD,TRUCK,yly special pinto beans engage furiously fi
37826-3,37826,152,31,3,8.00,8417.20,0.08,0.04,N,O,1995-07-23,1995-06-03,1995-08-18,NONE,AIR,efully furiou
37826-4,37826,223,5,4,31.00,34819.82,0.08,0.08,R,F,1995-05-24,1995-05-26,1995-06-07,DELIVER IN PERSON,AIR,ress dolphins a
37826-5,37826,451,39,5,18.00,24326.10,0.02,0.04,N,F,1995-06-12,1995-06-04,1995-06-18,TAKE BACK RETURN,MAIL,eposits sleep accordi
37826-6,37826,1243,81,6,25.00,28606.00,0.06,0.04,R,F,1995-06-07,1995-07-17,1995-06-13,COLLECT COD,REG AIR,ake carefully. fluffily i
37827-1,37827,1209,10,1,25.00,27755.00,0.08,0.08,N,O,1996-08-09,1996-10-14,1996-08-23,NONE,SHIP,e quickly. ironic foxes sleep carefull
37827-2,37827,505,6,2,26.00,36543.00,0.08,0.08,N,O,1996-10-26,1996-09-25,1996-11-04,NONE,FOB,ages integrate. quic
37827-3,37827,168,69,3,47.00,50203.52,0.10,0.04,N,O,1996-11-06,1996-10-05,1996-11-16,DELIVER IN PERSON,MAIL,lithely among the package
37827-4,37827,1731,16,4,8.00,13061.84,0.10,0.07,N,O,1996-09-06,1996-10-26,1996-10-01,TAKE BACK RETURN,SHIP,bout the express waters. slyly silent pl
37827-5,37827,652,46,5,23.00,35710.95,0.05,0.05,N,O,1996-08-04,1996-10-27,1996-08-25,TAKE BACK RETURN,RAIL, instructions. excuses cajole furiously 
37827-6,37827,46,22,6,28.00,26489.12,0.04,0.02,N,O,1996-11-20,1996-09-24,1996-12-08,NONE,RAIL, about the slyly expres
37828-1,37828,403,4,1,40.00,52136.00,0.03,0.07,N,O,1995-07-31,1995-06-04,1995-08-25,DELIVER IN PERSON,FOB,ously even ideas-- silently even package
37828-2,37828,645,39,2,20.00,30912.80,0.06,0.01,N,O,1995-08-07,1995-05-26,1995-09-04,NONE,FOB,"regular packages. regular, special d"
37828-3,37828,1513,54,3,1.00,1414.51,0.02,0.00,A,F,1995-04-26,1995-06-09,1995-05-10,COLLECT COD,AIR,ow foxes wake quiet packages; fluffily eve
37828-4,37828,518,19,4,38.00,53903.38,0.02,0.02,N,O,1995-08-07,1995-06-24,1995-08-22,TAKE BACK RETURN,TRUCK,ccounts use
37828-5,37828,68,44,5,15.00,14520.90,0.08,0.00,N,O,1995-07-17,1995-06-21,1995-07-25,TAKE BACK RETURN,MAIL,ular accounts use quickly. quickly 
37828-6,37828,1053,59,6,35.00,33391.75,0.01,0.04,N,O,1995-07-08,1995-06-14,1995-07-13,COLLECT COD,REG AIR,"above the thin deposits. regular, r"
37829-1,37829,428,58,1,1.00,1328.42,0.03,0.00,A,F,1993-11-20,1993-11-30,1993-12-16,NONE,AIR,"equests. regular, even ideas ar"
37829-2,37829,371,28,2,12.00,15256.44,0.03,0.03,R,F,1994-01-02,1993-12-22,1994-01-08,NONE,REG AIR,ng to the slyly ruthless platelets.
37829-3,37829,1369,8,3,48.00,60977.28,0.03,0.00,R,F,1993-10-05,1993-12-21,1993-10-08,DELIVER IN PERSON,SHIP,l foxes! ironi
37829-4,37829,1856,100,4,46.00,80861.10,0.05,0.05,R,F,1993-11-13,1993-12-18,1993-12-01,NONE,REG AIR,s affix carefully. dependencies detect
37829-5,37829,293,94,5,50.00,59664.50,0.07,0.05,A,F,1993-12-03,1993-12-25,1993-12-20,TAKE BACK RETURN,REG AIR,tions boost. quickly iro
37830-1,37830,791,92,1,21.00,35527.59,0.01,0.01,A,F,1994-09-09,1994-11-07,1994-10-05,DELIVER IN PERSON,RAIL,e quickly packages. carefully bold ac
37830-2,37830,104,83,2,22.00,22090.20,0.06,0.07,A,F,1994-11-21,1994-11-01,1994-12-16,COLLECT COD,FOB,carefully i
37830-3,37830,820,21,3,18.00,30974.76,0.08,0.02,R,F,1994-12-14,1994-09-29,1994-12-22,NONE,FOB,"ithely along the final, bo"
37830-4,37830,651,14,4,12.00,18619.80,0.06,0.05,R,F,1994-09-07,1994-09-26,1994-09-09,TAKE BACK RETURN,FOB, carefully pending accounts slee
37830-5,37830,100,1,5,22.00,22002.20,0.01,0.04,R,F,1994-12-14,1994-10-12,1994-12-16,NONE,REG AIR,tructions. bold dependenc
37831-1,37831,1621,22,1,24.00,36542.88,0.03,0.05,A,F,1992-10-27,1992-09-13,1992-10-30,TAKE BACK RETURN,REG AIR," carefully along the express, "
37831-2,37831,1876,63,2,32.00,56891.84,0.04,0.03,R,F,1992-11-20,1992-09-19,1992-11-29,DELIVER IN PERSON,REG AIR,regular excuses. boldly 
37831-3,37831,1609,10,3,21.00,31722.60,0.05,0.08,R,F,1992-11-06,1992-10-12,1992-11-28,COLLECT COD,RAIL,y across t
37831-4,37831,853,54,4,16.00,28061.60,0.08,0.05,A,F,1992-07-30,1992-09-26,1992-08-03,NONE,RAIL,iously final platelets
37831-5,37831,1682,83,5,43.00,68098.24,0.08,0.06,A,F,1992-09-27,1992-10-11,1992-10-11,NONE,MAIL, ironic requests abo
37831-6,37831,621,22,6,46.00,69994.52,0.04,0.08,A,F,1992-10-20,1992-08-29,1992-11-01,NONE,RAIL,s nag caref
37831-7,37831,745,42,7,27.00,44434.98,0.02,0.08,A,F,1992-08-11,1992-09-30,1992-09-05,COLLECT COD,AIR,unts above the permanent
37856-1,37856,154,81,1,22.00,23191.30,0.06,0.06,N,O,1998-03-26,1998-04-13,1998-03-28,DELIVER IN PERSON,TRUCK,ily. carefully ironic accounts cajol
37857-1,37857,772,73,1,10.00,16727.70,0.10,0.04,N,O,1997-06-23,1997-06-21,1997-06-26,NONE,AIR,", ironic hockey players b"
37857-2,37857,440,70,2,12.00,16085.28,0.02,0.01,N,O,1997-05-21,1997-06-09,1997-05-23,DELIVER IN PERSON,RAIL, ironic ideas. furiously 
37857-3,37857,1392,69,3,27.00,34921.53,0.00,0.01,N,O,1997-06-12,1997-07-18,1997-06-23,TAKE BACK RETURN,TRUCK,usly ironic foxes cajole furiously alongs
37857-4,37857,1040,41,4,34.00,31995.36,0.02,0.00,N,O,1997-06-17,1997-06-06,1997-07-11,NONE,SHIP,uctions. slyly final ac
37857-5,37857,607,8,5,49.00,73872.40,0.03,0.05,N,O,1997-07-07,1997-06-02,1997-07-14,COLLECT COD,REG AIR,boost caref
37857-6,37857,278,79,6,22.00,25921.94,0.04,0.06,N,O,1997-08-14,1997-07-05,1997-09-06,NONE,REG AIR,its cajole fluffily at the careful
37857-7,37857,1236,11,7,34.00,38665.82,0.01,0.00,N,O,1997-06-15,1997-06-29,1997-07-07,TAKE BACK RETURN,MAIL,ly above the caref
37858-1,37858,529,20,1,18.00,25731.36,0.06,0.00,A,F,1993-10-07,1993-07-28,1993-11-02,DELIVER IN PERSON,AIR,heodolites. final requests nag q
37859-1,37859,315,16,1,28.00,34028.68,0.00,0.07,R,F,1994-04-06,1994-06-06,1994-04-25,COLLECT COD,SHIP,nts haggle furiously pe
37859-2,37859,38,64,2,49.00,45963.47,0.06,0.05,R,F,1994-05-25,1994-04-30,1994-05-28,COLLECT COD,TRUCK,e final ideas. slyly fina
37859-3,37859,1064,65,3,30.00,28951.80,0.01,0.02,A,F,1994-07-29,1994-06-09,1994-08-12,NONE,MAIL,usly express excuses. ca
37859-4,37859,1778,21,4,26.00,43674.02,0.02,0.07,R,F,1994-04-18,1994-05-03,1994-05-16,TAKE BACK RETURN,AIR,hely furious ideas. blithel
37859-5,37859,252,34,5,47.00,54155.75,0.09,0.02,R,F,1994-04-19,1994-06-01,1994-04-29,COLLECT COD,RAIL,uffily exp
37859-6,37859,227,28,6,1.00,1127.22,0.01,0.06,A,F,1994-06-11,1994-05-10,1994-07-11,NONE,RAIL,unts. carefully ironic
37860-1,37860,686,80,1,30.00,47600.40,0.10,0.08,R,F,1993-09-02,1993-10-04,1993-09-28,TAKE BACK RETURN,TRUCK,uffily special packages-- sly
37860-2,37860,358,59,2,34.00,42783.90,0.07,0.07,A,F,1993-12-20,1993-10-01,1993-12-21,NONE,MAIL,iously final decoys? quic
37860-3,37860,707,40,3,3.00,4823.10,0.03,0.08,R,F,1993-09-28,1993-11-17,1993-10-10,NONE,RAIL,ters run fu
37860-4,37860,785,82,4,45.00,75860.10,0.03,0.04,A,F,1993-12-03,1993-10-01,1993-12-30,COLLECT COD,SHIP,he even asymptotes. quickly fina
37861-1,37861,122,49,1,12.00,12265.44,0.07,0.08,N,O,1996-03-10,1996-02-20,1996-03-18,DELIVER IN PERSON,FOB,e of the fluffily express depos
37861-2,37861,1607,31,2,1.00,1508.60,0.10,0.08,N,O,1996-01-11,1996-01-30,1996-01-25,DELIVER IN PERSON,REG AIR,ons hinder furiously
37861-3,37861,251,6,3,20.00,23025.00,0.10,0.06,N,O,1996-02-06,1996-03-11,1996-02-25,COLLECT COD,AIR,quickly dari
37861-4,37861,112,91,4,49.00,49593.39,0.10,0.02,N,O,1996-01-17,1996-03-04,1996-01-31,DELIVER IN PERSON,REG AIR,lar requests are ruthlessly. b
37861-5,37861,1592,93,5,1.00,1493.59,0.00,0.03,N,O,1996-01-31,1996-02-19,1996-02-25,TAKE BACK RETURN,AIR,into beans haggle blithely
37861-6,37861,916,85,6,16.00,29070.56,0.09,0.05,N,O,1996-04-27,1996-03-27,1996-05-12,TAKE BACK RETURN,RAIL,e special packages use against the 
37862-1,37862,1546,27,1,16.00,23160.64,0.05,0.02,R,F,1994-01-15,1994-02-13,1994-02-07,COLLECT COD,REG AIR,ests: furiously ironic packages boost again
37862-2,37862,408,67,2,20.00,26168.00,0.01,0.03,A,F,1994-01-15,1994-04-10,1994-01-21,COLLECT COD,MAIL,usy excuses s
37862-3,37862,1568,9,3,14.00,20573.84,0.09,0.05,R,F,1994-02-24,1994-03-22,1994-03-25,DELIVER IN PERSON,FOB,bold instructions. idle dependencies
37862-4,37862,578,69,4,42.00,62099.94,0.05,0.02,R,F,1994-03-22,1994-02-12,1994-03-31,COLLECT COD,SHIP,cial requests. quick
37862-5,37862,1773,16,5,29.00,48568.33,0.01,0.08,A,F,1994-02-25,1994-04-07,1994-03-22,TAKE BACK RETURN,FOB,foxes dazzle. fluffily final courts cajo
37862-6,37862,165,66,6,26.00,27694.16,0.02,0.07,R,F,1994-02-09,1994-03-19,1994-03-05,TAKE BACK RETURN,SHIP,bold theodol
37862-7,37862,659,60,7,24.00,37431.60,0.09,0.00,R,F,1994-02-13,1994-04-13,1994-02-17,TAKE BACK RETURN,RAIL,ounts cajole slyly. fur
37863-1,37863,1456,74,1,2.00,2714.90,0.10,0.06,A,F,1995-05-07,1995-05-21,1995-05-20,COLLECT COD,AIR,express requests affix above the blithely s
37863-2,37863,1469,48,2,10.00,13704.60,0.03,0.05,N,F,1995-05-22,1995-05-09,1995-06-19,NONE,AIR, accounts boost bl
37863-3,37863,1810,97,3,11.00,18829.91,0.04,0.05,R,F,1995-04-13,1995-05-23,1995-05-08,NONE,SHIP,riously final ins
37863-4,37863,798,99,4,13.00,22084.27,0.03,0.01,A,F,1995-03-07,1995-05-12,1995-04-04,COLLECT COD,AIR,ously busy pinto beans. blithely ironic req
37863-5,37863,1091,92,5,27.00,26786.43,0.02,0.05,R,F,1995-05-05,1995-04-08,1995-05-29,NONE,AIR,quests haggle fin
37863-6,37863,362,63,6,11.00,13885.96,0.03,0.02,N,O,1995-06-21,1995-05-25,1995-07-14,TAKE BACK RETURN,REG AIR,ithely even packages. patterns 
37888-1,37888,666,98,1,40.00,62666.40,0.01,0.02,A,F,1994-12-31,1995-03-08,1995-01-03,TAKE BACK RETURN,RAIL, finally final instructio
37888-2,37888,1262,37,2,22.00,25591.72,0.06,0.02,R,F,1995-04-22,1995-03-15,1995-05-08,DELIVER IN PERSON,FOB,e furiously speci
37889-1,37889,546,77,1,19.00,27484.26,0.03,0.02,N,O,1996-10-19,1996-10-03,1996-11-10,TAKE BACK RETURN,SHIP,ent packages s
37889-2,37889,1735,36,2,31.00,50738.63,0.00,0.00,N,O,1996-09-08,1996-10-07,1996-09-19,NONE,AIR,lites haggle f
37890-1,37890,1919,20,1,41.00,74657.31,0.00,0.05,N,O,1996-09-14,1996-09-28,1996-09-27,NONE,SHIP,x daringly regular acco
37890-2,37890,1718,19,2,4.00,6478.84,0.06,0.08,N,O,1996-07-09,1996-10-03,1996-07-16,COLLECT COD,MAIL,nic pinto beans; unu
37890-3,37890,1140,77,3,18.00,18740.52,0.09,0.02,N,O,1996-09-01,1996-08-11,1996-09-13,NONE,AIR,ly until the asymptotes. carefully 
37890-4,37890,1410,50,4,49.00,64259.09,0.08,0.07,N,O,1996-09-25,1996-08-25,1996-10-14,COLLECT COD,AIR, deposits. theodo
37891-1,37891,719,84,1,39.00,63168.69,0.08,0.04,N,O,1995-12-02,1995-11-20,1995-12-27,COLLECT COD,TRUCK,y final deposits. flu
37891-2,37891,1503,4,2,27.00,37921.50,0.04,0.00,N,O,1995-12-14,1995-12-08,1995-12-17,DELIVER IN PERSON,SHIP,rate among the theodo
37891-3,37891,34,35,3,7.00,6538.21,0.03,0.08,N,O,1995-10-25,1995-12-23,1995-10-27,DELIVER IN PERSON,RAIL,s. blithely final accounts
37891-4,37891,787,88,4,32.00,54008.96,0.02,0.05,N,O,1995-11-12,1995-12-26,1995-11-20,DELIVER IN PERSON,TRUCK, final pinto beans use
37891-5,37891,735,32,5,48.00,78515.04,0.09,0.02,N,O,1995-12-09,1995-11-27,1996-01-02,NONE,MAIL,ke carefully careful
37891-6,37891,875,75,6,40.00,71034.80,0.01,0.03,N,O,1995-11-23,1995-12-10,1995-12-05,NONE,SHIP,arefully pending theodolites. unusual forg
37892-1,37892,1946,35,1,16.00,29567.04,0.01,0.06,R,F,1992-05-14,1992-03-27,1992-05-18,COLLECT COD,RAIL,ind the slyly regular accounts
37893-1,37893,1315,16,1,12.00,14595.72,0.01,0.04,N,O,1996-03-07,1996-01-27,1996-03-10,NONE,REG AIR,counts. fina
37893-2,37893,1851,38,2,43.00,75372.55,0.04,0.02,N,O,1995-12-27,1996-02-10,1996-01-22,TAKE BACK RETURN,AIR,owly silent packages affix blithe
37894-1,37894,1509,90,1,7.00,9873.50,0.04,0.05,N,O,1996-01-19,1996-02-24,1996-01-23,TAKE BACK RETURN,TRUCK,thely ironic deposits affix blithely acco
37894-2,37894,593,94,2,14.00,20910.26,0.04,0.00,N,O,1996-03-18,1996-01-27,1996-03-24,COLLECT COD,RAIL,"ular, ironic packages. furiously ev"
37894-3,37894,1101,38,3,9.00,9018.90,0.03,0.00,N,O,1996-01-23,1996-01-28,1996-02-19,COLLECT COD,FOB,lar pains. expr
37895-1,37895,64,90,1,27.00,26029.62,0.03,0.02,R,F,1992-07-24,1992-05-01,1992-08-15,COLLECT COD,REG AIR,e around the fluffil
37895-2,37895,1841,71,2,5.00,8714.20,0.08,0.00,A,F,1992-06-29,1992-06-15,1992-07-27,DELIVER IN PERSON,SHIP,slyly regular t
37895-3,37895,624,56,3,31.00,47263.22,0.03,0.04,A,F,1992-04-07,1992-05-05,1992-05-04,TAKE BACK RETURN,AIR,ously unusual instructi
37920-1,37920,1772,99,1,10.00,16737.70,0.06,0.05,A,F,1993-09-20,1993-09-05,1993-10-17,COLLECT COD,TRUCK, frets kindle. carefully expre
37920-2,37920,1943,32,2,11.00,20294.34,0.06,0.06,R,F,1993-08-01,1993-08-27,1993-08-17,TAKE BACK RETURN,REG AIR,"ornis. final,"
37921-1,37921,1663,46,1,7.00,10952.62,0.06,0.08,A,F,1995-05-22,1995-07-24,1995-05-23,COLLECT COD,TRUCK,kly ironic ideas around the bl
37922-1,37922,1953,42,1,43.00,79762.85,0.03,0.03,N,O,1998-07-06,1998-06-01,1998-07-15,COLLECT COD,FOB,ly ironic packages. final accounts
37922-2,37922,536,27,2,39.00,56024.67,0.07,0.03,N,O,1998-07-05,1998-05-23,1998-07-11,NONE,TRUCK,"thely even packages. special, final somas s"
37923-1,37923,1752,37,1,11.00,18191.25,0.07,0.01,R,F,1993-06-16,1993-05-29,1993-07-12,DELIVER IN PERSON,MAIL,"ng to the bold, sly foxes are furious"
37923-2,37923,59,10,2,30.00,28771.50,0.03,0.04,A,F,1993-05-24,1993-05-12,1993-05-27,COLLECT COD,REG AIR,ernes. furiously sp
37923-3,37923,1935,36,3,3.00,5510.79,0.03,0.04,A,F,1993-05-19,1993-06-20,1993-05-22,TAKE BACK RETURN,SHIP,bold ideas sleep slyly e
37923-4,37923,564,95,4,41.00,60046.96,0.04,0.06,A,F,1993-06-01,1993-05-19,1993-06-04,COLLECT COD,TRUCK,ly blithely
37923-5,37923,166,93,5,10.00,10661.60,0.07,0.08,A,F,1993-05-28,1993-06-22,1993-06-20,NONE,SHIP,ticingly ironic packages 
37923-6,37923,1903,36,6,33.00,59561.70,0.00,0.08,R,F,1993-05-08,1993-05-30,1993-05-09,COLLECT COD,SHIP,ests. blithely expre
37924-1,37924,1608,9,1,20.00,30192.00,0.06,0.04,A,F,1994-12-08,1995-01-17,1994-12-18,COLLECT COD,RAIL, regular atta
37924-2,37924,142,21,2,12.00,12505.68,0.08,0.00,A,F,1994-12-04,1995-01-21,1994-12-26,COLLECT COD,AIR,ly against the 
37924-3,37924,459,47,3,23.00,31267.35,0.03,0.03,A,F,1995-01-19,1995-02-17,1995-02-11,DELIVER IN PERSON,TRUCK,y among the 
37924-4,37924,1239,40,4,29.00,33066.67,0.05,0.04,R,F,1995-02-26,1995-02-09,1995-03-19,DELIVER IN PERSON,SHIP,leep blithely about
37924-5,37924,1201,39,5,15.00,16533.00,0.03,0.08,R,F,1994-12-01,1995-01-04,1994-12-06,NONE,RAIL,ns sleep blithely requests. blithe
37924-6,37924,408,67,6,19.00,24859.60,0.09,0.02,R,F,1994-12-11,1995-01-13,1994-12-31,TAKE BACK RETURN,FOB,"s are bold, unusual deposits. theodo"
37924-7,37924,286,68,7,22.00,26098.16,0.05,0.08,A,F,1994-12-18,1995-01-31,1995-01-01,DELIVER IN PERSON,RAIL,lyly. regular accounts boo
37925-1,37925,904,73,1,34.00,61366.60,0.05,0.02,A,F,1993-12-28,1993-12-06,1993-12-30,NONE,FOB, are according to t
37925-2,37925,67,93,2,25.00,24176.50,0.01,0.06,R,F,1993-10-10,1993-12-11,1993-11-07,DELIVER IN PERSON,TRUCK,ar foxes was about the alw
37925-3,37925,555,86,3,6.00,8733.30,0.07,0.05,A,F,1993-11-23,1993-12-11,1993-12-15,DELIVER IN PERSON,MAIL,"ironic requests solve up the pending, s"
37925-4,37925,1272,73,4,48.00,56316.96,0.07,0.07,R,F,1993-11-18,1993-12-02,1993-12-06,DELIVER IN PERSON,RAIL,ackages. slyly final th
37925-5,37925,1826,27,5,36.00,62201.52,0.10,0.04,A,F,1994-01-15,1993-12-16,1994-01-20,COLLECT COD,MAIL,ld asymptotes are above the slyly regula
37926-1,37926,1120,93,1,10.00,10211.20,0.06,0.04,R,F,1994-09-18,1994-10-26,1994-10-01,COLLECT COD,REG AIR, excuses engage ac
37926-2,37926,1349,88,2,22.00,27507.48,0.08,0.05,R,F,1994-09-27,1994-11-20,1994-10-08,NONE,AIR,ounts. express accounts nag above the the
37927-1,37927,1281,93,1,43.00,50838.04,0.06,0.08,A,F,1995-03-07,1995-04-04,1995-03-14,COLLECT COD,MAIL,onic accounts. request
37927-2,37927,496,26,2,37.00,51670.13,0.04,0.07,R,F,1995-04-13,1995-03-17,1995-05-02,DELIVER IN PERSON,REG AIR,excuses. blithely bold dependencies sl
37927-3,37927,1263,38,3,26.00,30270.76,0.07,0.03,A,F,1995-03-28,1995-03-09,1995-04-08,DELIVER IN PERSON,TRUCK,ly regular deposits boost sly
37927-4,37927,1216,91,4,26.00,29047.46,0.03,0.02,R,F,1995-02-07,1995-03-30,1995-03-04,TAKE BACK RETURN,FOB,ounts haggl
37927-5,37927,919,88,5,49.00,89175.59,0.00,0.07,A,F,1995-03-02,1995-03-31,1995-03-22,NONE,SHIP,sts haggle enticin
37952-1,37952,465,66,1,31.00,42329.26,0.10,0.02,N,O,1996-10-27,1996-08-17,1996-11-14,COLLECT COD,SHIP," quickly special, regular accounts. pendin"
37952-2,37952,1829,59,2,7.00,12115.74,0.02,0.06,N,O,1996-08-17,1996-09-26,1996-08-24,DELIVER IN PERSON,MAIL,lithely re
37952-3,37952,319,76,3,3.00,3657.93,0.07,0.00,N,O,1996-07-06,1996-08-09,1996-07-13,COLLECT COD,AIR,pecial accounts? quickly fi
37952-4,37952,729,94,4,42.00,68448.24,0.02,0.04,N,O,1996-09-27,1996-08-22,1996-10-14,TAKE BACK RETURN,REG AIR,lowly express asymptotes.
37952-5,37952,1258,59,5,48.00,55644.00,0.10,0.01,N,O,1996-07-10,1996-09-28,1996-08-03,DELIVER IN PERSON,AIR,the slyly even escapades
37952-6,37952,1033,4,6,13.00,12142.39,0.03,0.02,N,O,1996-09-14,1996-08-08,1996-09-23,TAKE BACK RETURN,TRUCK,y until the
37953-1,37953,357,58,1,7.00,8801.45,0.10,0.03,N,O,1997-07-11,1997-05-27,1997-08-09,COLLECT COD,FOB, the final deposits cajole blithely a
37953-2,37953,1094,30,2,48.00,47764.32,0.06,0.06,N,O,1997-05-30,1997-04-20,1997-06-14,TAKE BACK RETURN,TRUCK, regular theodolites
37953-3,37953,749,82,3,2.00,3299.48,0.00,0.01,N,O,1997-05-17,1997-05-27,1997-06-06,DELIVER IN PERSON,REG AIR,"r, final requests? ev"
37953-4,37953,1846,76,4,10.00,17478.40,0.05,0.00,N,O,1997-03-28,1997-05-06,1997-04-01,DELIVER IN PERSON,SHIP,"ccounts. unusual, regula"
37953-5,37953,1788,73,5,40.00,67591.20,0.02,0.00,N,O,1997-05-21,1997-06-10,1997-05-24,NONE,AIR,lyly final ideas. ironically 
37953-6,37953,1703,46,6,4.00,6418.80,0.09,0.02,N,O,1997-04-13,1997-06-15,1997-04-21,NONE,FOB,luffily slow ideas boost carefully abov
37954-1,37954,908,11,1,35.00,63311.50,0.04,0.06,N,O,1997-12-18,1997-12-03,1998-01-11,DELIVER IN PERSON,AIR,ld ideas wake regul
37954-2,37954,1441,20,2,36.00,48327.84,0.07,0.01,N,O,1997-11-17,1997-12-22,1997-12-13,NONE,MAIL,ng the pint
37954-3,37954,393,50,3,34.00,43975.26,0.05,0.06,N,O,1997-11-15,1997-12-06,1997-11-29,COLLECT COD,REG AIR,l ideas about the quick
37954-4,37954,1341,42,4,39.00,48451.26,0.07,0.01,N,O,1997-11-24,1997-12-20,1997-12-14,TAKE BACK RETURN,MAIL,"fter the express, "
37954-5,37954,558,19,5,44.00,64176.20,0.08,0.06,N,O,1997-12-12,1997-12-12,1997-12-25,NONE,FOB,y among the slyly brave theodolit
37955-1,37955,1258,96,1,32.00,37096.00,0.02,0.08,N,O,1997-06-12,1997-05-06,1997-07-08,TAKE BACK RETURN,SHIP,he quickly regular accounts. carefu
37955-2,37955,657,20,2,21.00,32710.65,0.03,0.06,N,O,1997-07-06,1997-04-28,1997-07-25,TAKE BACK RETURN,SHIP,ic foxes cajole q
37955-3,37955,983,18,3,3.00,5651.94,0.06,0.08,N,O,1997-07-12,1997-05-28,1997-08-08,TAKE BACK RETURN,MAIL,ously ironically bol
37955-4,37955,1554,55,4,12.00,17466.60,0.04,0.03,N,O,1997-05-28,1997-05-06,1997-05-29,NONE,SHIP,packages haggle fluffily unusual pla
37955-5,37955,1401,19,5,16.00,20838.40,0.00,0.04,N,O,1997-05-24,1997-05-21,1997-06-21,TAKE BACK RETURN,REG AIR,yly even ideas. carefully final 
37955-6,37955,637,69,6,26.00,39978.38,0.07,0.08,N,O,1997-07-04,1997-05-28,1997-07-12,DELIVER IN PERSON,SHIP,iously even packages doze. slyly dar
37956-1,37956,1141,42,1,23.00,23969.22,0.08,0.06,N,O,1997-11-22,1997-08-31,1997-12-06,COLLECT COD,AIR,gainst the pending foxes. regular asym
37957-1,37957,845,46,1,47.00,82054.48,0.08,0.06,R,F,1993-12-03,1994-01-11,1993-12-24,TAKE BACK RETURN,AIR,ges haggle blithely blithely p
37957-2,37957,141,94,2,12.00,12493.68,0.08,0.07,A,F,1994-02-21,1994-02-03,1994-03-07,NONE,FOB,ke daringly furi
37957-3,37957,692,55,3,33.00,52558.77,0.04,0.05,R,F,1994-01-18,1993-12-29,1994-02-02,DELIVER IN PERSON,REG AIR,ickly regular requests use against
37957-4,37957,1522,63,4,37.00,52670.24,0.08,0.01,R,F,1994-01-03,1993-12-18,1994-01-04,NONE,MAIL,ular foxes cajole over the carefully
37957-5,37957,886,87,5,8.00,14295.04,0.09,0.06,R,F,1993-12-07,1993-12-19,1993-12-23,DELIVER IN PERSON,FOB,ions. blithely e
37958-1,37958,1380,19,1,7.00,8969.66,0.00,0.07,N,O,1998-02-12,1998-01-20,1998-03-12,COLLECT COD,RAIL,"onic excuses. ironic, final theod"
37958-2,37958,439,40,2,19.00,25449.17,0.03,0.06,N,O,1997-11-21,1998-01-09,1997-12-12,NONE,RAIL,ously carefull
37958-3,37958,297,52,3,28.00,33524.12,0.08,0.08,N,O,1997-12-15,1998-01-08,1998-01-13,TAKE BACK RETURN,SHIP,aggle pending re
37958-4,37958,986,21,4,39.00,73592.22,0.09,0.04,N,O,1998-01-04,1998-01-06,1998-01-18,NONE,AIR,efully regular dependencies affix b
37958-5,37958,1320,35,5,20.00,24426.40,0.03,0.08,N,O,1997-11-21,1997-12-25,1997-12-03,TAKE BACK RETURN,SHIP,e fluffily carefully f
37959-1,37959,971,72,1,11.00,20591.67,0.01,0.03,R,F,1994-01-09,1993-12-23,1994-01-11,NONE,REG AIR,e the platelets. slyly special courts 
37959-2,37959,1052,58,2,37.00,35262.85,0.07,0.05,A,F,1993-12-22,1993-11-21,1994-01-11,TAKE BACK RETURN,TRUCK,se. ironic pinto beans nod quickly furiou
37959-3,37959,1536,57,3,20.00,28750.60,0.02,0.05,A,F,1993-11-29,1994-01-06,1993-12-27,NONE,TRUCK, against the regular courts. quickl
37959-4,37959,1061,97,4,17.00,16355.02,0.10,0.08,A,F,1993-12-29,1993-12-25,1994-01-14,NONE,TRUCK,"g to the final, b"
37959-5,37959,204,5,5,42.00,46376.40,0.03,0.03,A,F,1994-01-15,1993-12-11,1994-01-30,TAKE BACK RETURN,AIR,ular instruction
37984-1,37984,697,29,1,25.00,39942.25,0.09,0.08,R,F,1993-05-28,1993-07-15,1993-06-07,NONE,REG AIR,eodolites. accounts cajole quick
37985-1,37985,1931,76,1,6.00,10997.58,0.08,0.03,N,O,1996-12-23,1997-02-20,1997-01-05,DELIVER IN PERSON,REG AIR,nusual theod
37985-2,37985,1922,11,2,29.00,52893.68,0.04,0.03,N,O,1996-12-21,1996-12-27,1997-01-07,TAKE BACK RETURN,FOB,use blithely caref
37985-3,37985,259,14,3,48.00,55644.00,0.06,0.03,N,O,1997-03-28,1997-02-21,1997-04-06,TAKE BACK RETURN,SHIP,ost carefully quickly regular
37986-1,37986,1469,70,1,21.00,28779.66,0.02,0.02,R,F,1992-04-08,1992-04-08,1992-04-22,DELIVER IN PERSON,AIR,"e carefully express, silent asympto"
37986-2,37986,1278,90,2,27.00,31840.29,0.08,0.04,R,F,1992-03-19,1992-04-01,1992-04-15,DELIVER IN PERSON,FOB,ounts sleep slyly of 
37986-3,37986,844,44,3,21.00,36641.64,0.08,0.05,A,F,1992-04-19,1992-04-24,1992-05-18,COLLECT COD,REG AIR,ial dugout
37986-4,37986,1116,17,4,26.00,26444.86,0.03,0.02,R,F,1992-03-27,1992-04-29,1992-04-24,NONE,MAIL,ding to the flu
37987-1,37987,290,45,1,47.00,55943.63,0.05,0.07,R,F,1994-08-28,1994-09-20,1994-09-07,TAKE BACK RETURN,SHIP,inal accounts kindle stealthily abou
37987-2,37987,131,84,2,41.00,42276.33,0.07,0.03,A,F,1994-09-21,1994-08-12,1994-10-04,TAKE BACK RETURN,MAIL,ckly final requests are furiou
37988-1,37988,1441,81,1,35.00,46985.40,0.07,0.07,A,F,1995-06-08,1995-05-19,1995-06-13,COLLECT COD,RAIL," above the regular, final requests wake c"
37989-1,37989,600,91,1,1.00,1500.60,0.03,0.07,N,O,1997-03-13,1997-02-03,1997-03-26,TAKE BACK RETURN,AIR,e furiously even packages. b
37989-2,37989,1303,42,2,16.00,19268.80,0.05,0.08,N,O,1996-11-24,1997-02-07,1996-12-24,COLLECT COD,REG AIR,final requests. furiously even requests 
37990-1,37990,879,13,1,36.00,64075.32,0.02,0.03,R,F,1993-06-04,1993-06-13,1993-06-29,NONE,AIR,ironic foxes along
37990-2,37990,1799,42,2,46.00,78236.34,0.08,0.00,R,F,1993-04-22,1993-06-11,1993-04-23,DELIVER IN PERSON,REG AIR,s realms cajole between the
37990-3,37990,1728,13,3,37.00,60299.64,0.04,0.04,R,F,1993-07-15,1993-07-08,1993-07-29,NONE,RAIL,e blithely. regular packages sleep 
37990-4,37990,866,67,4,37.00,65373.82,0.08,0.08,R,F,1993-06-01,1993-06-16,1993-06-08,COLLECT COD,TRUCK,sly alongside of the blithely final idea
37991-1,37991,24,100,1,39.00,36036.78,0.07,0.03,N,F,1995-05-24,1995-04-22,1995-06-19,DELIVER IN PERSON,RAIL,ously across the bold packag
37991-2,37991,1813,14,2,2.00,3429.62,0.03,0.08,A,F,1995-03-21,1995-04-22,1995-04-15,COLLECT COD,RAIL,ecial foxes run fur
37991-3,37991,1036,42,3,21.00,19677.63,0.08,0.01,A,F,1995-04-20,1995-04-22,1995-05-15,NONE,AIR,: accounts integrate regularly inside th
38016-1,38016,771,36,1,43.00,71886.11,0.08,0.02,N,O,1997-12-19,1997-11-09,1997-12-29,TAKE BACK RETURN,MAIL, the excuses-- pending theodolites sleep.
38016-2,38016,1542,23,2,39.00,56298.06,0.09,0.02,N,O,1997-10-23,1997-10-28,1997-10-30,NONE,RAIL,ironic reque
38016-3,38016,1874,61,3,31.00,55051.97,0.02,0.02,N,O,1997-09-08,1997-10-17,1997-09-15,COLLECT COD,SHIP,"reful, reg"
38016-4,38016,152,53,4,44.00,46294.60,0.09,0.05,N,O,1997-11-29,1997-10-01,1997-12-16,COLLECT COD,FOB,ending instructions wa
38016-5,38016,438,39,5,12.00,16061.16,0.06,0.02,N,O,1997-10-16,1997-11-08,1997-10-24,COLLECT COD,REG AIR,iously even
38016-6,38016,1873,60,6,9.00,15973.83,0.08,0.06,N,O,1997-12-23,1997-09-26,1998-01-22,NONE,REG AIR,sts along the
38017-1,38017,1524,65,1,40.00,57020.80,0.02,0.00,R,F,1993-10-24,1993-08-21,1993-11-09,DELIVER IN PERSON,TRUCK,its. slyly 
38017-2,38017,493,94,2,49.00,68281.01,0.01,0.05,R,F,1993-08-09,1993-10-12,1993-08-26,DELIVER IN PERSON,TRUCK,d theodolites cajole blithely. fi
38017-3,38017,112,39,3,33.00,33399.63,0.05,0.06,R,F,1993-11-13,1993-10-10,1993-12-07,COLLECT COD,AIR,s. blithely regular foxes around t
38017-4,38017,604,36,4,17.00,25578.20,0.02,0.05,R,F,1993-08-12,1993-08-26,1993-09-10,TAKE BACK RETURN,FOB,y across t
38017-5,38017,1764,49,5,9.00,14991.84,0.01,0.07,A,F,1993-08-08,1993-10-06,1993-08-14,DELIVER IN PERSON,TRUCK,c ideas are along the blithely reg
38017-6,38017,1473,91,6,25.00,34361.75,0.03,0.08,A,F,1993-09-20,1993-09-24,1993-10-19,DELIVER IN PERSON,SHIP,ccounts haggle 
38018-1,38018,1520,41,1,17.00,24165.84,0.06,0.05,R,F,1994-10-04,1994-08-18,1994-10-28,DELIVER IN PERSON,REG AIR,wake. slyly silent packages cajol
38018-2,38018,245,46,2,42.00,48100.08,0.05,0.07,R,F,1994-08-28,1994-08-28,1994-09-14,TAKE BACK RETURN,TRUCK,ely across the regular requests.
38018-3,38018,311,12,3,31.00,37550.61,0.10,0.08,A,F,1994-09-09,1994-09-20,1994-10-03,TAKE BACK RETURN,FOB,lithely regular requests grow
38018-4,38018,1981,26,4,17.00,32010.66,0.04,0.04,A,F,1994-09-09,1994-08-18,1994-10-08,COLLECT COD,MAIL,slyly unusual pinto beans. fluffily fin
38019-1,38019,1462,63,1,32.00,43630.72,0.10,0.08,N,O,1998-07-31,1998-08-27,1998-08-17,TAKE BACK RETURN,AIR,ave requests. slyly even instructions poach
38019-2,38019,994,97,2,7.00,13264.93,0.00,0.08,N,O,1998-08-16,1998-09-11,1998-08-19,NONE,FOB,s doubt. carefully bol
38019-3,38019,1386,87,3,34.00,43770.92,0.06,0.06,N,O,1998-07-20,1998-09-10,1998-08-05,COLLECT COD,FOB,eposits are according t
38019-4,38019,1952,53,4,50.00,92697.50,0.01,0.04,N,O,1998-07-18,1998-09-11,1998-07-24,DELIVER IN PERSON,SHIP,n pinto beans boos
38020-1,38020,1170,7,1,7.00,7498.19,0.08,0.04,N,O,1998-07-21,1998-05-29,1998-08-08,COLLECT COD,FOB,requests haggle slyly again
38021-1,38021,337,38,1,46.00,56917.18,0.01,0.01,A,F,1994-05-21,1994-03-05,1994-06-18,COLLECT COD,MAIL,ronic accounts. furio
38021-2,38021,95,96,2,36.00,35823.24,0.02,0.08,A,F,1994-05-13,1994-04-22,1994-06-08,COLLECT COD,MAIL,rhorses. acco
38021-3,38021,1737,38,3,12.00,19664.76,0.08,0.02,A,F,1994-02-08,1994-03-11,1994-02-23,NONE,AIR,ily regular requests; ironic
38021-4,38021,1734,35,4,4.00,6542.92,0.02,0.05,R,F,1994-04-26,1994-04-17,1994-05-01,DELIVER IN PERSON,TRUCK, the final accounts are regular packag
38022-1,38022,1856,57,1,12.00,21094.20,0.09,0.00,N,O,1998-06-09,1998-04-21,1998-07-06,TAKE BACK RETURN,SHIP,kly final ideas. bold deposi
38022-2,38022,440,70,2,28.00,37532.32,0.05,0.02,N,O,1998-04-16,1998-04-07,1998-04-27,DELIVER IN PERSON,TRUCK,efully quickly regular excuse
38022-3,38022,1526,67,3,42.00,59955.84,0.06,0.01,N,O,1998-04-03,1998-04-11,1998-04-04,NONE,SHIP,its. dolph
38022-4,38022,1385,100,4,25.00,32159.50,0.05,0.04,N,O,1998-06-13,1998-05-19,1998-06-20,DELIVER IN PERSON,MAIL,dolites cajole blithely. blithely reg
38022-5,38022,520,51,5,24.00,34092.48,0.05,0.07,N,O,1998-05-06,1998-05-01,1998-05-18,DELIVER IN PERSON,TRUCK,ross the spe
38022-6,38022,1022,58,6,46.00,42458.92,0.05,0.04,N,O,1998-06-15,1998-04-25,1998-06-23,NONE,REG AIR,refully ironic theodoli
38023-1,38023,1786,13,1,1.00,1687.78,0.00,0.08,N,O,1996-10-30,1996-09-24,1996-11-14,DELIVER IN PERSON,SHIP, ironic accounts. packages 
38023-2,38023,1163,72,2,47.00,50015.52,0.02,0.00,N,O,1996-08-19,1996-10-06,1996-08-30,TAKE BACK RETURN,SHIP,iously pending ex
38023-3,38023,521,82,3,26.00,36959.52,0.06,0.03,N,O,1996-10-03,1996-09-14,1996-10-04,DELIVER IN PERSON,TRUCK,uickly final theodolites.
38023-4,38023,559,50,4,23.00,33569.65,0.02,0.05,N,O,1996-09-27,1996-10-16,1996-10-14,COLLECT COD,SHIP,ial asymptotes. caref
38023-5,38023,1626,27,5,48.00,73325.76,0.05,0.06,N,O,1996-10-01,1996-10-24,1996-10-17,COLLECT COD,REG AIR, dependencies ha
38023-6,38023,516,47,6,31.00,43911.81,0.08,0.02,N,O,1996-11-19,1996-10-13,1996-11-30,NONE,TRUCK,ronic grouches above the qui
38048-1,38048,1354,93,1,17.00,21340.95,0.03,0.02,R,F,1993-01-27,1993-03-10,1993-02-15,DELIVER IN PERSON,REG AIR,s integrate quickly deposits. final deposit
38048-2,38048,154,55,2,42.00,44274.30,0.10,0.01,A,F,1993-02-15,1993-03-01,1993-03-17,NONE,RAIL,quests doubt slyly final reques
38049-1,38049,1955,100,1,3.00,5570.85,0.03,0.03,R,F,1992-09-10,1992-08-17,1992-09-29,COLLECT COD,SHIP,. regular requests after the eve
38050-1,38050,1201,2,1,37.00,40781.40,0.03,0.06,R,F,1994-01-12,1994-01-19,1994-02-09,COLLECT COD,AIR,es hang fluffily. idea
38050-2,38050,411,99,2,43.00,56390.63,0.00,0.08,R,F,1993-12-03,1993-12-03,1993-12-31,TAKE BACK RETURN,AIR,ven packages. fluffily f
38050-3,38050,1829,59,3,11.00,19039.02,0.08,0.04,A,F,1993-12-25,1993-11-27,1994-01-12,DELIVER IN PERSON,TRUCK,eep. regular packages are 
38050-4,38050,193,72,4,30.00,32795.70,0.04,0.04,R,F,1993-12-26,1993-12-13,1994-01-03,COLLECT COD,RAIL,"ntain blithely. pending, final i"
38050-5,38050,263,91,5,1.00,1163.26,0.03,0.00,A,F,1993-10-29,1994-01-25,1993-11-15,DELIVER IN PERSON,MAIL,regular warhorses detect s
38051-1,38051,1863,64,1,40.00,70594.40,0.08,0.01,N,O,1997-07-16,1997-05-21,1997-07-22,TAKE BACK RETURN,TRUCK,y bold pac
38051-2,38051,1456,74,2,39.00,52940.55,0.09,0.00,N,O,1997-05-04,1997-05-25,1997-05-17,COLLECT COD,REG AIR, affix furiously. 
38051-3,38051,1317,94,3,24.00,29239.44,0.05,0.08,N,O,1997-04-19,1997-05-10,1997-05-13,NONE,FOB,s sleep furiously. furiously even p
38051-4,38051,557,88,4,5.00,7287.75,0.06,0.07,N,O,1997-04-26,1997-05-01,1997-05-21,NONE,REG AIR,ackages. iron
38051-5,38051,1,52,5,20.00,18020.00,0.04,0.07,N,O,1997-06-23,1997-06-27,1997-07-02,TAKE BACK RETURN,RAIL,ously final asymptotes. idle foxes h
38052-1,38052,1085,91,1,16.00,15777.28,0.05,0.04,A,F,1992-06-14,1992-05-15,1992-07-09,COLLECT COD,REG AIR,press accounts. regular instruc
38052-2,38052,1677,1,2,10.00,15786.70,0.00,0.03,R,F,1992-03-09,1992-04-10,1992-03-25,NONE,RAIL,l deposits. slowly ironic d
38053-1,38053,212,67,1,28.00,31141.88,0.09,0.06,N,O,1997-08-05,1997-08-20,1997-08-25,COLLECT COD,AIR,out the unusual accounts. platelets for
38054-1,38054,1940,73,1,2.00,3683.88,0.01,0.05,A,F,1995-05-14,1995-05-18,1995-05-20,NONE,MAIL,s breach slyly. even requests nag quick
38055-1,38055,1152,25,1,9.00,9478.35,0.07,0.03,A,F,1994-09-22,1994-10-23,1994-09-30,NONE,AIR, according to the quickly 
38055-2,38055,1550,71,2,8.00,11612.40,0.00,0.08,A,F,1994-12-23,1994-10-28,1995-01-11,COLLECT COD,FOB,inal theodolites
38055-3,38055,1345,22,3,9.00,11217.06,0.09,0.01,R,F,1994-11-11,1994-10-22,1994-12-09,NONE,FOB,ilent theodolites are t
38055-4,38055,1528,69,4,33.00,47174.16,0.08,0.05,A,F,1995-01-01,1994-12-10,1995-01-09,NONE,TRUCK,gle quickly care
38080-1,38080,1144,53,1,1.00,1045.14,0.02,0.01,R,F,1995-01-08,1994-11-18,1995-01-30,DELIVER IN PERSON,AIR,y silent orbits. pinto beans
38080-2,38080,1037,8,2,44.00,41273.32,0.04,0.07,R,F,1994-12-03,1994-10-28,1994-12-19,COLLECT COD,FOB,instructions print furiously amon
38080-3,38080,1304,19,3,50.00,60265.00,0.05,0.05,R,F,1994-11-27,1994-11-03,1994-12-26,NONE,AIR,posits haggle fluffily above the re
38080-4,38080,1395,10,4,13.00,16853.07,0.08,0.04,A,F,1994-10-31,1994-11-01,1994-11-17,NONE,FOB,s are blithely even deposits. ironi
38080-5,38080,479,9,5,49.00,67594.03,0.06,0.04,A,F,1994-11-27,1994-12-10,1994-12-09,COLLECT COD,AIR,ccounts. slyly bold notornis wake quickly
38081-1,38081,250,78,1,11.00,12652.75,0.09,0.07,N,O,1997-05-11,1997-05-19,1997-05-19,NONE,REG AIR,bold accounts. ironic foxes was carefully
38081-2,38081,357,58,2,39.00,49036.65,0.08,0.03,N,O,1997-04-07,1997-05-24,1997-05-05,DELIVER IN PERSON,TRUCK,s after the furiously ironic request
38081-3,38081,1822,9,3,23.00,39647.86,0.00,0.03,N,O,1997-07-23,1997-06-27,1997-08-20,COLLECT COD,AIR,nal deposits. si
38081-4,38081,1490,91,4,12.00,16697.88,0.09,0.07,N,O,1997-05-06,1997-06-27,1997-05-31,COLLECT COD,MAIL,ckages cajole quickly. furiously ev
38082-1,38082,377,34,1,11.00,14051.07,0.09,0.04,N,O,1997-10-04,1997-09-16,1997-10-22,NONE,SHIP,theodolites. qui
38082-2,38082,1311,50,2,8.00,9698.48,0.10,0.08,N,O,1997-08-28,1997-09-19,1997-09-06,COLLECT COD,REG AIR,he blithely express requests. ev
38082-3,38082,1705,32,3,39.00,62661.30,0.05,0.04,N,O,1997-09-11,1997-08-29,1997-09-19,TAKE BACK RETURN,SHIP,ng requests wake careful
38082-4,38082,500,88,4,43.00,60221.50,0.00,0.03,N,O,1997-09-20,1997-09-08,1997-10-09,COLLECT COD,AIR,fluffily bold deposits hagg
38082-5,38082,921,90,5,33.00,60123.36,0.03,0.05,N,O,1997-07-30,1997-09-09,1997-08-10,COLLECT COD,SHIP,"regular, i"
38083-1,38083,1429,69,1,5.00,6652.10,0.07,0.04,N,O,1998-05-10,1998-07-28,1998-05-24,COLLECT COD,FOB,ages print. slyly fina
38083-2,38083,668,62,2,25.00,39216.50,0.01,0.07,N,O,1998-06-29,1998-07-05,1998-07-23,TAKE BACK RETURN,RAIL,refully regular 
38083-3,38083,179,80,3,4.00,4316.68,0.00,0.04,N,O,1998-08-31,1998-07-01,1998-09-02,NONE,SHIP, special dependencies. ironicall
38083-4,38083,1167,40,4,35.00,37385.60,0.05,0.04,N,O,1998-06-23,1998-07-15,1998-07-01,NONE,RAIL,the furiously expr
38084-1,38084,322,7,1,1.00,1222.32,0.01,0.02,A,F,1994-04-08,1994-04-23,1994-04-15,TAKE BACK RETURN,AIR,y pending accounts. fluffily regu
38084-2,38084,156,57,2,19.00,20066.85,0.10,0.03,A,F,1994-05-26,1994-05-31,1994-06-13,DELIVER IN PERSON,RAIL,sual packag
38084-3,38084,352,37,3,39.00,48841.65,0.09,0.07,A,F,1994-06-12,1994-05-21,1994-06-30,COLLECT COD,TRUCK,encies sleep according to 
38084-4,38084,291,73,4,2.00,2382.58,0.02,0.08,A,F,1994-05-24,1994-06-16,1994-06-10,NONE,MAIL,hely pending instructions wak
38084-5,38084,44,45,5,20.00,18880.80,0.08,0.00,A,F,1994-06-23,1994-05-29,1994-07-12,NONE,SHIP,sly even deposits cajole.
38084-6,38084,1090,61,6,2.00,1982.18,0.01,0.08,A,F,1994-05-11,1994-06-18,1994-05-25,COLLECT COD,RAIL,beans cajole
38085-1,38085,548,39,1,29.00,42007.66,0.05,0.05,N,O,1997-07-28,1997-07-14,1997-08-23,COLLECT COD,TRUCK,ts alongside of
38085-2,38085,1243,81,2,3.00,3432.72,0.10,0.03,N,O,1997-07-24,1997-06-23,1997-08-16,TAKE BACK RETURN,MAIL,ct blithely-- slyly idle in
38085-3,38085,757,54,3,11.00,18235.25,0.07,0.01,N,O,1997-05-27,1997-07-29,1997-06-25,NONE,FOB,ns. special realms acc
38086-1,38086,1610,11,1,5.00,7558.05,0.09,0.03,R,F,1992-04-03,1992-05-20,1992-04-17,COLLECT COD,MAIL,regular dolphins w
38086-2,38086,824,25,2,20.00,34496.40,0.01,0.03,A,F,1992-03-22,1992-04-20,1992-04-11,DELIVER IN PERSON,REG AIR,special instructions cajole slyly. re
38086-3,38086,469,28,3,1.00,1369.46,0.06,0.00,R,F,1992-06-20,1992-03-31,1992-07-11,NONE,REG AIR, quickly. slyly re
38086-4,38086,1142,15,4,2.00,2086.28,0.08,0.05,R,F,1992-05-06,1992-04-24,1992-05-16,NONE,AIR,ly regular asymptotes.
38086-5,38086,666,98,5,1.00,1566.66,0.03,0.03,A,F,1992-04-29,1992-05-05,1992-05-08,COLLECT COD,MAIL,ccording to
38086-6,38086,1906,7,6,31.00,56044.90,0.07,0.06,A,F,1992-04-14,1992-05-08,1992-04-28,DELIVER IN PERSON,TRUCK, pinto beans wake carefu
38087-1,38087,923,26,1,4.00,7295.68,0.08,0.02,R,F,1994-05-24,1994-05-04,1994-06-05,DELIVER IN PERSON,FOB,lar accounts. furiously ironic ac
38087-2,38087,864,65,2,25.00,44121.50,0.07,0.00,R,F,1994-05-19,1994-04-13,1994-06-04,TAKE BACK RETURN,REG AIR,he blithely even packages was furi
38087-3,38087,1729,30,3,39.00,63598.08,0.03,0.06,A,F,1994-05-21,1994-03-31,1994-05-24,TAKE BACK RETURN,FOB,uriously among the carefully regular depos
38087-4,38087,1652,35,4,34.00,52824.10,0.00,0.07,A,F,1994-06-18,1994-03-29,1994-07-06,COLLECT COD,REG AIR,ut the dependencies 
38087-5,38087,1565,46,5,3.00,4399.68,0.09,0.00,A,F,1994-03-17,1994-05-03,1994-04-13,TAKE BACK RETURN,RAIL, regular deposits according to the e
38112-1,38112,377,78,1,50.00,63868.50,0.00,0.00,N,O,1998-03-30,1998-03-11,1998-04-22,DELIVER IN PERSON,RAIL,c ideas cajo
38112-2,38112,419,20,2,15.00,19791.15,0.03,0.05,N,O,1998-05-16,1998-03-08,1998-06-12,TAKE BACK RETURN,REG AIR,s integrate blithely about the pending
38112-3,38112,778,11,3,26.00,43648.02,0.01,0.02,N,O,1998-03-25,1998-02-28,1998-04-09,TAKE BACK RETURN,TRUCK,r requests. blit
38112-4,38112,917,20,4,37.00,67262.67,0.09,0.05,N,O,1998-02-10,1998-03-25,1998-02-14,TAKE BACK RETURN,AIR,lar package
38112-5,38112,651,45,5,40.00,62066.00,0.01,0.06,N,O,1998-04-17,1998-04-05,1998-04-24,COLLECT COD,RAIL,ily final requests
38112-6,38112,755,20,6,26.00,43049.50,0.08,0.02,N,O,1998-05-08,1998-04-12,1998-05-20,COLLECT COD,MAIL,ngside of the pending excuses dete
38113-1,38113,266,94,1,26.00,30322.76,0.02,0.08,N,O,1998-02-22,1998-02-16,1998-02-23,COLLECT COD,TRUCK,ons haggle slyly slyly iro
38113-2,38113,1513,54,2,43.00,60823.93,0.07,0.05,N,O,1998-02-28,1998-02-19,1998-03-18,COLLECT COD,FOB,blithely ironic accounts ca
38113-3,38113,90,16,3,24.00,23762.16,0.09,0.07,N,O,1998-04-10,1998-03-04,1998-05-06,TAKE BACK RETURN,RAIL,eodolites. final deposits a
38113-4,38113,954,89,4,31.00,57503.45,0.04,0.00,N,O,1998-02-13,1998-03-17,1998-02-16,COLLECT COD,MAIL,e slyly. slyly special plat
38113-5,38113,1135,72,5,25.00,25903.25,0.02,0.04,N,O,1998-04-12,1998-02-04,1998-04-25,NONE,AIR,e carefully regular accounts po
38113-6,38113,1909,54,6,29.00,52516.10,0.00,0.03,N,O,1998-01-05,1998-03-18,1998-01-29,COLLECT COD,REG AIR,posits cajole furiously ev
38114-1,38114,824,58,1,28.00,48294.96,0.05,0.03,N,O,1997-10-21,1997-08-27,1997-11-01,COLLECT COD,AIR,s. even foxes nag sly
38115-1,38115,1279,80,1,34.00,40129.18,0.04,0.08,N,O,1998-02-05,1998-01-19,1998-02-17,TAKE BACK RETURN,SHIP,oxes nag ab
38115-2,38115,737,70,2,33.00,54045.09,0.02,0.02,N,O,1997-12-28,1998-01-06,1997-12-31,COLLECT COD,RAIL,"furiously ironic requests? ironic, idl"
38115-3,38115,215,43,3,34.00,37917.14,0.08,0.02,N,O,1998-01-18,1998-01-19,1998-02-08,NONE,AIR,"posits. bold, iro"
38115-4,38115,284,39,4,29.00,34344.12,0.08,0.01,N,O,1997-11-23,1998-01-25,1997-12-19,TAKE BACK RETURN,REG AIR,es. blithel
38115-5,38115,1077,83,5,42.00,41078.94,0.04,0.02,N,O,1997-11-21,1998-01-01,1997-12-20,NONE,MAIL,efully special ideas. 
38116-1,38116,1679,21,1,12.00,18968.04,0.05,0.08,N,O,1996-04-08,1996-02-03,1996-04-14,NONE,AIR,ests. regular foxes are agains
38116-2,38116,1261,62,2,25.00,29056.50,0.07,0.07,N,O,1995-12-26,1996-02-18,1996-01-21,COLLECT COD,RAIL,s. final req
38116-3,38116,1488,67,3,49.00,68084.52,0.00,0.02,N,O,1996-04-03,1996-02-10,1996-04-29,DELIVER IN PERSON,FOB,"sts. regular, "
38116-4,38116,1306,45,4,39.00,47084.70,0.09,0.05,N,O,1996-03-12,1996-02-03,1996-03-17,COLLECT COD,TRUCK,asymptotes. slyly pen
38117-1,38117,1595,36,1,13.00,19455.67,0.05,0.02,R,F,1993-08-15,1993-06-11,1993-09-14,TAKE BACK RETURN,AIR,eodolites. quickly even requests about the
38117-2,38117,221,3,2,27.00,30272.94,0.08,0.07,A,F,1993-06-25,1993-06-04,1993-06-27,COLLECT COD,AIR, about the accounts sleep n
38117-3,38117,1516,57,3,13.00,18427.63,0.09,0.06,A,F,1993-07-03,1993-07-01,1993-07-08,NONE,AIR, boldly pending
38117-4,38117,1967,100,4,48.00,89710.08,0.10,0.02,A,F,1993-07-11,1993-06-29,1993-07-20,NONE,AIR, carefully fina
38118-1,38118,1975,76,1,50.00,93848.50,0.06,0.07,N,O,1995-07-30,1995-07-05,1995-08-15,NONE,TRUCK,lyly ironic accounts. 
38118-2,38118,514,15,2,4.00,5658.04,0.04,0.03,N,O,1995-06-30,1995-05-23,1995-07-27,NONE,FOB,eodolites haggl
38119-1,38119,1273,48,1,44.00,51667.88,0.08,0.05,R,F,1994-04-14,1994-04-26,1994-05-04,COLLECT COD,MAIL,along the ca
38119-2,38119,1398,13,2,49.00,63670.11,0.07,0.02,R,F,1994-07-18,1994-06-19,1994-08-15,COLLECT COD,FOB,deposits. f
38144-1,38144,599,60,1,46.00,68981.14,0.05,0.05,N,O,1998-05-22,1998-06-09,1998-06-01,DELIVER IN PERSON,RAIL,ts sleep f
38145-1,38145,907,76,1,5.00,9039.50,0.04,0.02,A,F,1994-09-24,1994-10-15,1994-10-09,TAKE BACK RETURN,TRUCK,"mpress fluffily according to the pending, "
38145-2,38145,499,87,2,41.00,57379.09,0.06,0.03,A,F,1994-11-27,1994-10-15,1994-12-22,DELIVER IN PERSON,MAIL,heodolites was furiously deposits. slyly f
38145-3,38145,635,36,3,20.00,30712.60,0.07,0.01,R,F,1994-10-26,1994-10-28,1994-11-18,DELIVER IN PERSON,TRUCK,ckly bold frets snooze carefully
38145-4,38145,1238,50,4,21.00,23923.83,0.07,0.07,R,F,1994-12-27,1994-12-03,1995-01-08,TAKE BACK RETURN,RAIL,ular grouches! slyly regular packa
38145-5,38145,1347,62,5,36.00,44940.24,0.09,0.08,A,F,1994-10-26,1994-11-11,1994-11-15,TAKE BACK RETURN,RAIL,carefully express theodolites above the c
38146-1,38146,75,76,1,29.00,28277.03,0.03,0.00,N,O,1996-03-05,1996-02-23,1996-03-22,DELIVER IN PERSON,FOB,se packages. car
38146-2,38146,285,40,2,28.00,33187.84,0.03,0.05,N,O,1995-12-20,1996-01-26,1996-01-11,TAKE BACK RETURN,FOB,haggle fluffily. fluffil
38147-1,38147,737,38,1,29.00,47494.17,0.05,0.06,A,F,1992-01-23,1992-02-12,1992-01-29,NONE,AIR,blithely bold dependencies haggle
38147-2,38147,1001,72,2,50.00,45100.00,0.08,0.02,R,F,1992-01-14,1992-04-07,1992-01-29,TAKE BACK RETURN,REG AIR, cajole. final pack
38147-3,38147,1800,43,3,12.00,20421.60,0.02,0.02,A,F,1992-02-22,1992-03-06,1992-03-11,COLLECT COD,MAIL, blithely unusual requests wake ca
38147-4,38147,1562,63,4,16.00,23416.96,0.06,0.06,R,F,1992-02-14,1992-02-24,1992-02-18,TAKE BACK RETURN,MAIL,ages integrate ca
38147-5,38147,1111,12,5,29.00,29351.19,0.10,0.05,R,F,1992-03-19,1992-03-27,1992-04-03,NONE,AIR,ar requests. carefully u
38148-1,38148,1485,25,1,23.00,31889.04,0.00,0.04,N,O,1996-07-18,1996-08-06,1996-07-21,DELIVER IN PERSON,MAIL,eep careful
38148-2,38148,1016,87,2,18.00,16506.18,0.08,0.07,N,O,1996-08-09,1996-09-08,1996-08-24,DELIVER IN PERSON,MAIL,its haggle eve
38148-3,38148,940,41,3,26.00,47864.44,0.07,0.00,N,O,1996-08-11,1996-08-21,1996-09-05,TAKE BACK RETURN,REG AIR, ironic accounts. pinto bea
38148-4,38148,279,7,4,17.00,20047.59,0.06,0.05,N,O,1996-07-09,1996-08-15,1996-07-11,NONE,TRUCK,pecial instructions use blithely final acco
38148-5,38148,1981,26,5,40.00,75319.20,0.07,0.06,N,O,1996-07-18,1996-07-15,1996-08-01,TAKE BACK RETURN,SHIP,ove the express deposits. fluffily bo
38148-6,38148,1852,39,6,45.00,78923.25,0.09,0.04,N,O,1996-06-23,1996-08-24,1996-07-03,NONE,SHIP,ideas. slyly regular accounts haggle. p
38148-7,38148,1540,81,7,11.00,15856.94,0.07,0.05,N,O,1996-08-31,1996-07-21,1996-09-12,TAKE BACK RETURN,SHIP,y even requests sleep. qui
38149-1,38149,554,45,1,15.00,21818.25,0.02,0.01,N,O,1998-05-21,1998-04-24,1998-06-07,TAKE BACK RETURN,FOB,into beans. slyly even requests bo
38150-1,38150,1011,82,1,21.00,19152.21,0.08,0.00,N,O,1998-04-15,1998-03-10,1998-05-14,TAKE BACK RETURN,RAIL,packages a
38150-2,38150,1590,31,2,24.00,35798.16,0.00,0.07,N,O,1998-04-12,1998-04-18,1998-04-22,COLLECT COD,TRUCK,ts above the ironic requests was alon
38150-3,38150,237,92,3,6.00,6823.38,0.02,0.06,N,O,1998-03-19,1998-04-16,1998-03-25,TAKE BACK RETURN,TRUCK,kages haggle slowly. bli
38151-1,38151,1828,15,1,20.00,34596.40,0.01,0.01,N,O,1998-01-03,1998-03-19,1998-01-07,NONE,SHIP, quickly regular 
38151-2,38151,1645,87,2,30.00,46399.20,0.07,0.05,N,O,1998-01-17,1998-03-05,1998-02-11,TAKE BACK RETURN,REG AIR,carefully slyly 
38176-1,38176,57,8,1,42.00,40196.10,0.03,0.06,R,F,1993-11-29,1993-10-03,1993-12-25,TAKE BACK RETURN,REG AIR,its nag furiou
38176-2,38176,607,1,2,47.00,70857.20,0.10,0.03,R,F,1993-08-25,1993-11-10,1993-09-20,TAKE BACK RETURN,AIR,es. closely special 
38176-3,38176,1410,28,3,14.00,18359.74,0.03,0.06,A,F,1993-12-07,1993-10-29,1994-01-06,DELIVER IN PERSON,RAIL,osits nag bli
38176-4,38176,675,38,4,23.00,36240.41,0.07,0.08,R,F,1993-08-20,1993-10-06,1993-09-10,DELIVER IN PERSON,REG AIR,al patterns are furi
38177-1,38177,180,33,1,32.00,34565.76,0.10,0.05,N,O,1998-10-30,1998-08-31,1998-11-12,TAKE BACK RETURN,REG AIR,re boldly iro
38177-2,38177,981,16,2,18.00,33875.64,0.10,0.07,N,O,1998-08-28,1998-09-22,1998-09-24,NONE,TRUCK, daringly at the blithely sil
38178-1,38178,1145,18,1,22.00,23015.08,0.05,0.07,A,F,1992-10-02,1992-10-19,1992-10-15,TAKE BACK RETURN,SHIP,ndencies sleep above the carefully bo
38178-2,38178,92,68,2,47.00,46628.23,0.06,0.07,R,F,1992-11-03,1992-10-27,1992-11-13,DELIVER IN PERSON,TRUCK,"s cajole finally. even, express theodolite"
38178-3,38178,243,71,3,41.00,46872.84,0.04,0.00,A,F,1992-09-21,1992-10-01,1992-10-12,COLLECT COD,AIR,y ironic saut
38179-1,38179,651,14,1,19.00,29481.35,0.08,0.03,N,O,1997-11-21,1997-12-09,1997-12-06,TAKE BACK RETURN,FOB, packages. carefull
38179-2,38179,944,79,2,42.00,77487.48,0.07,0.03,N,O,1997-12-02,1998-01-02,1997-12-11,NONE,MAIL,ly. unusual deposits nag careful
38180-1,38180,453,54,1,39.00,52784.55,0.00,0.00,A,F,1994-11-27,1994-10-30,1994-12-08,DELIVER IN PERSON,FOB,hely even excuses. slyly final instruction
38180-2,38180,1174,83,2,14.00,15052.38,0.08,0.04,R,F,1994-12-08,1994-11-18,1994-12-24,TAKE BACK RETURN,SHIP, quickly s
38180-3,38180,458,46,3,32.00,43470.40,0.04,0.01,R,F,1994-09-06,1994-11-09,1994-09-16,NONE,REG AIR,. pinto beans across the sile
38180-4,38180,1767,52,4,27.00,45056.52,0.02,0.04,R,F,1994-09-18,1994-10-30,1994-09-24,DELIVER IN PERSON,REG AIR,ymptotes wake f
38181-1,38181,1369,46,1,33.00,41921.88,0.02,0.04,N,O,1997-05-31,1997-06-26,1997-06-25,DELIVER IN PERSON,RAIL,refully ironic courts. blit
38181-2,38181,1083,54,2,27.00,26570.16,0.06,0.04,N,O,1997-05-29,1997-07-16,1997-06-23,DELIVER IN PERSON,RAIL,"ual, pending accounts"
38181-3,38181,641,42,3,46.00,70915.44,0.06,0.04,N,O,1997-08-05,1997-07-18,1997-08-30,DELIVER IN PERSON,SHIP, dinos wake abou
38181-4,38181,1247,59,4,3.00,3444.72,0.10,0.00,N,O,1997-05-17,1997-06-18,1997-06-16,COLLECT COD,FOB,s are after the furiously silent accounts. 
38182-1,38182,1311,88,1,2.00,2424.62,0.02,0.04,R,F,1992-07-13,1992-07-30,1992-08-09,COLLECT COD,FOB,quickly carefu
38182-2,38182,1027,63,2,4.00,3712.08,0.08,0.03,A,F,1992-06-21,1992-07-02,1992-07-14,DELIVER IN PERSON,AIR,ven accounts. quickly final p
38182-3,38182,567,28,3,3.00,4402.68,0.03,0.04,R,F,1992-06-23,1992-08-06,1992-07-23,DELIVER IN PERSON,REG AIR,above the furiously ca
38182-4,38182,1123,96,4,44.00,45061.28,0.01,0.05,R,F,1992-08-27,1992-08-21,1992-09-11,DELIVER IN PERSON,SHIP,"ecial, special requests use fu"
38183-1,38183,1379,80,1,19.00,24327.03,0.10,0.04,N,O,1998-02-15,1998-03-31,1998-03-17,DELIVER IN PERSON,FOB, impress furiously theo
38183-2,38183,71,72,2,8.00,7768.56,0.06,0.08,N,O,1998-04-09,1998-03-09,1998-04-27,TAKE BACK RETURN,REG AIR,gouts cajole furio
38183-3,38183,715,80,3,34.00,54934.14,0.06,0.04,N,O,1998-01-29,1998-03-05,1998-02-07,TAKE BACK RETURN,MAIL,ts. carefully pending pa
38183-4,38183,1638,39,4,22.00,33871.86,0.02,0.08,N,O,1998-02-06,1998-03-30,1998-02-13,DELIVER IN PERSON,SHIP,"ts. express, express pinto bea"
38183-5,38183,1325,2,5,33.00,40468.56,0.02,0.06,N,O,1998-05-11,1998-04-09,1998-05-17,DELIVER IN PERSON,REG AIR,usly. slyly ironic foxes wa
38183-6,38183,1479,97,6,22.00,30370.34,0.09,0.00,N,O,1998-03-13,1998-03-10,1998-03-26,NONE,AIR,dolphins sleep. foxes are quickly re
38183-7,38183,831,31,7,3.00,5195.49,0.08,0.01,N,O,1998-05-24,1998-04-02,1998-06-14,DELIVER IN PERSON,RAIL,y express deposits i
38208-1,38208,1157,30,1,1.00,1058.15,0.03,0.01,N,O,1996-04-24,1996-05-06,1996-05-19,COLLECT COD,AIR,unusual ins
38208-2,38208,1677,19,2,23.00,36309.41,0.01,0.05,N,O,1996-06-13,1996-04-25,1996-06-30,COLLECT COD,REG AIR,c ideas. slyly unusual reque
38208-3,38208,304,61,3,47.00,56602.10,0.06,0.07,N,O,1996-07-18,1996-05-20,1996-08-08,DELIVER IN PERSON,MAIL,t instructions? quickly pending sentiments 
38208-4,38208,1120,29,4,24.00,24506.88,0.09,0.03,N,O,1996-06-21,1996-06-01,1996-07-11,COLLECT COD,TRUCK,along the slyly special packages sleep qu
38208-5,38208,536,27,5,15.00,21547.95,0.02,0.07,N,O,1996-05-13,1996-04-29,1996-06-02,COLLECT COD,MAIL, furiously ironic ideas. 
38209-1,38209,1160,33,1,3.00,3183.48,0.06,0.01,R,F,1994-10-20,1994-10-09,1994-11-11,TAKE BACK RETURN,SHIP,"ecial sauternes wake final, even ideas. b"
38209-2,38209,1073,79,2,18.00,17533.26,0.04,0.07,A,F,1994-10-04,1994-11-03,1994-10-28,NONE,MAIL,nal requests along
38210-1,38210,1930,75,1,3.00,5495.79,0.09,0.03,A,F,1994-02-24,1994-02-10,1994-03-19,COLLECT COD,RAIL, final instructions sleep a
38210-2,38210,857,91,2,46.00,80861.10,0.05,0.01,R,F,1993-12-28,1994-03-03,1994-01-03,NONE,TRUCK,eep ruthle
38210-3,38210,1256,31,3,28.00,32403.00,0.08,0.02,R,F,1993-12-30,1994-03-02,1994-01-02,TAKE BACK RETURN,FOB,"e bold, reg"
38210-4,38210,314,71,4,39.00,47358.09,0.08,0.04,R,F,1994-02-12,1994-01-28,1994-03-03,NONE,FOB,ss accounts h
38210-5,38210,807,41,5,37.00,63188.60,0.02,0.02,A,F,1994-01-31,1994-02-24,1994-02-25,COLLECT COD,TRUCK,silent accounts. regular courts accordin
38210-6,38210,1356,33,6,45.00,56580.75,0.10,0.07,R,F,1994-01-25,1994-03-10,1994-01-26,COLLECT COD,MAIL,ly according to the blithe
38211-1,38211,1635,36,1,35.00,53782.05,0.08,0.00,N,O,1996-08-16,1996-06-20,1996-09-03,NONE,REG AIR,sleep carefully carefully even
38211-2,38211,594,25,2,10.00,14945.90,0.01,0.01,N,O,1996-08-18,1996-07-24,1996-09-11,TAKE BACK RETURN,MAIL,ts haggle ironic deposits. special request
38211-3,38211,468,56,3,50.00,68423.00,0.01,0.00,N,O,1996-05-27,1996-07-10,1996-06-26,DELIVER IN PERSON,REG AIR,ly. furiously regular 
38211-4,38211,754,19,4,38.00,62880.50,0.09,0.00,N,O,1996-06-03,1996-07-22,1996-06-26,NONE,RAIL,ly among the furiously express requests
38211-5,38211,880,47,5,46.00,81920.48,0.01,0.03,N,O,1996-05-17,1996-06-28,1996-06-08,TAKE BACK RETURN,AIR,ickly. furiously pendin
38211-6,38211,379,8,6,29.00,37101.73,0.03,0.03,N,O,1996-07-09,1996-06-23,1996-07-29,NONE,SHIP,"inder slyly. ironic, final frays"
38211-7,38211,1978,23,7,18.00,33839.46,0.08,0.01,N,O,1996-05-30,1996-07-10,1996-06-17,NONE,FOB,thely carefully final requests. ironic
38212-1,38212,1561,2,1,49.00,71665.44,0.08,0.07,N,F,1995-05-29,1995-05-28,1995-06-20,NONE,REG AIR,g after the ironic deposits! ruthle
38212-2,38212,1564,65,2,42.00,61553.52,0.03,0.03,R,F,1995-04-10,1995-05-31,1995-05-10,TAKE BACK RETURN,MAIL,"ven, ironic excuses sl"
38212-3,38212,518,9,3,41.00,58158.91,0.03,0.08,N,O,1995-06-24,1995-06-11,1995-07-22,TAKE BACK RETURN,TRUCK,dinos. asymptotes are sl
38212-4,38212,1912,1,4,26.00,47161.66,0.03,0.02,N,F,1995-06-02,1995-06-05,1995-06-18,DELIVER IN PERSON,MAIL,eans above the blithely bold exc
38212-5,38212,799,64,5,11.00,18697.69,0.04,0.02,N,O,1995-07-29,1995-06-27,1995-08-11,DELIVER IN PERSON,RAIL,ously special platelets cajole. pending i
38212-6,38212,351,80,6,25.00,31283.75,0.06,0.08,R,F,1995-04-14,1995-06-20,1995-04-25,DELIVER IN PERSON,FOB,ic pinto beans cajole b
38212-7,38212,1062,63,7,34.00,32744.04,0.07,0.05,N,O,1995-07-05,1995-05-16,1995-07-29,NONE,FOB,lyly ironic ideas wake quickly. furiously 
38213-1,38213,1007,13,1,18.00,16344.00,0.04,0.04,N,O,1996-11-28,1996-11-21,1996-12-11,NONE,FOB,eposits. final fo
38213-2,38213,1694,36,2,8.00,12765.52,0.00,0.06,N,O,1996-12-07,1996-11-21,1997-01-03,COLLECT COD,REG AIR,he fluffily f
38213-3,38213,1620,44,3,44.00,66951.28,0.03,0.07,N,O,1997-01-11,1996-11-21,1997-02-05,COLLECT COD,AIR,out the carefully regular pint
38213-4,38213,1729,56,4,41.00,66859.52,0.05,0.01,N,O,1996-12-11,1996-11-21,1997-01-10,TAKE BACK RETURN,AIR,pinto beans use carefully slyly regula
38213-5,38213,495,96,5,49.00,68379.01,0.09,0.05,N,O,1996-12-17,1996-12-01,1996-12-20,TAKE BACK RETURN,SHIP,lly. carefully special
38213-6,38213,378,63,6,21.00,26845.77,0.00,0.02,N,O,1996-10-31,1996-12-14,1996-11-07,DELIVER IN PERSON,SHIP,arefully even requests. regular request
38214-1,38214,798,63,1,41.00,69650.39,0.00,0.08,N,O,1996-10-31,1996-12-05,1996-11-25,TAKE BACK RETURN,MAIL,"x slyly across the bold, ironi"
38214-2,38214,860,60,2,19.00,33456.34,0.06,0.07,N,O,1997-02-06,1996-11-24,1997-02-28,DELIVER IN PERSON,REG AIR,bold ideas. blithely regula
38214-3,38214,1538,59,3,36.00,51823.08,0.05,0.06,N,O,1996-10-15,1996-11-16,1996-10-23,DELIVER IN PERSON,FOB,"osits. regular, pending pinto "
38215-1,38215,1456,57,1,13.00,17646.85,0.07,0.02,A,F,1993-02-25,1993-02-21,1993-03-21,NONE,REG AIR,ly bravely final requests. furiously fi
38215-2,38215,168,69,2,40.00,42726.40,0.02,0.04,R,F,1993-03-05,1993-02-11,1993-03-10,COLLECT COD,RAIL,"ecial, regular requests. "
38215-3,38215,36,37,3,24.00,22464.72,0.09,0.04,A,F,1993-03-10,1993-03-16,1993-03-17,TAKE BACK RETURN,TRUCK,usual accou
38215-4,38215,531,32,4,37.00,52966.61,0.09,0.07,A,F,1993-02-26,1993-03-10,1993-03-24,TAKE BACK RETURN,AIR,ptotes. slyly regular frays along the regul
38215-5,38215,1814,15,5,33.00,56621.73,0.07,0.02,R,F,1993-02-26,1993-03-26,1993-03-03,NONE,RAIL,uick accounts along the care
38215-6,38215,790,87,6,8.00,13526.32,0.01,0.06,A,F,1993-02-19,1993-02-16,1993-03-04,NONE,MAIL,arefully express foxes. blithely regula
38240-1,38240,125,26,1,40.00,41004.80,0.02,0.01,R,F,1995-03-22,1995-01-21,1995-04-11,TAKE BACK RETURN,REG AIR,yly deposits. furiously regular acc
38240-2,38240,152,31,2,41.00,43138.15,0.09,0.01,R,F,1995-03-28,1995-01-30,1995-04-10,DELIVER IN PERSON,MAIL,gular accounts. fluffily final depos
38240-3,38240,177,30,3,3.00,3231.51,0.02,0.07,R,F,1995-03-02,1995-01-19,1995-03-17,DELIVER IN PERSON,FOB,lithely pending excu
38240-4,38240,860,60,4,5.00,8804.30,0.02,0.02,A,F,1995-01-10,1995-01-28,1995-02-07,TAKE BACK RETURN,MAIL,usual dependencies sleep ideas. accounts m
38241-1,38241,1666,49,1,16.00,25082.56,0.04,0.07,A,F,1995-01-14,1995-01-22,1995-01-26,COLLECT COD,MAIL,ess packages ha
38241-2,38241,856,23,2,38.00,66760.30,0.07,0.06,A,F,1994-12-31,1995-01-11,1995-01-22,TAKE BACK RETURN,MAIL,efully regular ideas haggl
38242-1,38242,1143,52,1,1.00,1044.14,0.06,0.00,R,F,1992-07-02,1992-06-10,1992-07-31,NONE,SHIP,lar instructions. quickly final req
38242-2,38242,440,41,2,47.00,63000.68,0.07,0.02,A,F,1992-05-02,1992-06-08,1992-05-10,TAKE BACK RETURN,TRUCK,courts wake. quick
38242-3,38242,1215,27,3,27.00,30137.67,0.02,0.06,R,F,1992-05-25,1992-07-13,1992-06-17,DELIVER IN PERSON,FOB,aggle blithely unusual request
38242-4,38242,1721,64,4,38.00,61663.36,0.08,0.01,R,F,1992-07-27,1992-07-17,1992-08-20,TAKE BACK RETURN,SHIP,refully final theodo
38242-5,38242,1497,98,5,50.00,69924.50,0.02,0.05,A,F,1992-06-28,1992-07-16,1992-07-06,DELIVER IN PERSON,AIR,blithely regular accounts. fur
38242-6,38242,462,21,6,29.00,39511.34,0.05,0.05,R,F,1992-06-21,1992-06-26,1992-07-05,DELIVER IN PERSON,SHIP, wake. slyly bo
38242-7,38242,146,73,7,29.00,30338.06,0.01,0.07,R,F,1992-07-10,1992-05-22,1992-07-17,TAKE BACK RETURN,FOB,boost after the carefully final foxes. s
38243-1,38243,1536,77,1,23.00,33063.19,0.07,0.01,A,F,1994-10-19,1994-09-27,1994-10-31,DELIVER IN PERSON,TRUCK,sual packages are 
38243-2,38243,743,40,2,18.00,29587.32,0.09,0.04,R,F,1994-12-23,1994-10-30,1995-01-05,TAKE BACK RETURN,FOB,its. express depe
38243-3,38243,664,27,3,39.00,61021.74,0.04,0.01,R,F,1994-10-10,1994-11-21,1994-11-03,TAKE BACK RETURN,MAIL,ven packages. ironic packages eng
38243-4,38243,312,97,4,39.00,47280.09,0.02,0.04,R,F,1994-11-10,1994-11-17,1994-11-25,DELIVER IN PERSON,MAIL,mold slyly slyly
38244-1,38244,1139,12,1,42.00,43685.46,0.06,0.00,N,O,1997-06-14,1997-08-22,1997-06-15,DELIVER IN PERSON,TRUCK,nal pinto beans. pending ideas po
38244-2,38244,1689,31,2,20.00,31813.60,0.04,0.06,N,O,1997-08-31,1997-07-30,1997-09-10,COLLECT COD,TRUCK,ld dolphins. furiously final
38244-3,38244,891,58,3,18.00,32254.02,0.10,0.06,N,O,1997-08-01,1997-08-09,1997-08-09,NONE,MAIL,equests mold ironic dolphins.
38244-4,38244,332,61,4,19.00,23414.27,0.01,0.00,N,O,1997-06-25,1997-08-03,1997-07-15,TAKE BACK RETURN,FOB,as haggle blithely along the flu
38245-1,38245,1391,68,1,43.00,55572.77,0.04,0.04,A,F,1993-06-12,1993-07-20,1993-07-06,NONE,SHIP,he ideas nag fluffily slyly unusual p
38246-1,38246,98,74,1,36.00,35931.24,0.05,0.08,N,O,1996-09-08,1996-09-25,1996-09-17,COLLECT COD,REG AIR,s. regular theodolites al
38246-2,38246,1253,28,2,7.00,8079.75,0.00,0.06,N,O,1996-11-15,1996-11-14,1996-12-11,TAKE BACK RETURN,REG AIR,egular dolphins against t
38246-3,38246,80,31,3,11.00,10780.88,0.06,0.05,N,O,1996-12-14,1996-11-01,1997-01-06,COLLECT COD,AIR, instructions. carefully f
38246-4,38246,1558,59,4,7.00,10216.85,0.05,0.08,N,O,1996-09-01,1996-10-15,1996-09-19,DELIVER IN PERSON,REG AIR,ress deposits are busily regular o
38247-1,38247,1574,75,1,26.00,38364.82,0.10,0.07,N,O,1997-11-29,1997-11-23,1997-12-29,NONE,REG AIR,ly regular excuses. slyly 
38247-2,38247,1435,53,2,7.00,9355.01,0.05,0.02,N,O,1997-10-02,1997-11-30,1997-10-26,NONE,MAIL,y final packages nag care
38272-1,38272,351,52,1,48.00,60064.80,0.01,0.07,N,O,1996-02-19,1996-01-09,1996-03-03,COLLECT COD,SHIP,ilent requests affix after the slyly silen
38272-2,38272,691,85,2,33.00,52525.77,0.00,0.08,N,O,1996-03-11,1996-02-02,1996-04-01,NONE,SHIP,posits according to the 
38272-3,38272,1986,75,3,49.00,92511.02,0.07,0.05,N,O,1995-12-07,1996-01-27,1995-12-26,COLLECT COD,TRUCK,eep blithely. quickly ironic
38273-1,38273,179,32,1,40.00,43166.80,0.10,0.08,A,F,1993-04-29,1993-03-26,1993-04-30,NONE,TRUCK,ly regular orbits detect carefully accord
38273-2,38273,1353,92,2,40.00,50174.00,0.08,0.01,R,F,1993-03-12,1993-04-06,1993-04-09,COLLECT COD,REG AIR,r deposits. 
38274-1,38274,1703,46,1,50.00,80235.00,0.07,0.07,N,O,1995-08-03,1995-07-26,1995-09-02,NONE,RAIL,use furiously fluffily ex
38274-2,38274,164,43,2,44.00,46823.04,0.09,0.07,N,O,1995-08-20,1995-07-21,1995-08-21,COLLECT COD,AIR,nd the blithely express ideas. regular r
38274-3,38274,311,40,3,17.00,20592.27,0.05,0.04,N,O,1995-08-29,1995-08-04,1995-09-12,COLLECT COD,TRUCK, ironic accounts. slyly r
38274-4,38274,1723,24,4,36.00,58489.92,0.01,0.02,N,O,1995-09-27,1995-08-22,1995-10-26,COLLECT COD,REG AIR,"und the regular, regu"
38274-5,38274,1404,5,5,36.00,46994.40,0.04,0.07,N,O,1995-06-29,1995-07-28,1995-07-09,TAKE BACK RETURN,AIR,ic theodolites sleep furiously pending acc
38275-1,38275,507,8,1,18.00,25335.00,0.01,0.08,N,O,1997-01-19,1997-03-12,1997-01-24,TAKE BACK RETURN,REG AIR,refully fluffily even fo
38275-2,38275,1896,97,2,7.00,12585.23,0.03,0.00,N,O,1997-04-18,1997-03-06,1997-04-20,COLLECT COD,MAIL,frets. reg
38275-3,38275,1579,60,3,17.00,25169.69,0.06,0.04,N,O,1997-03-22,1997-03-20,1997-04-02,NONE,FOB,refully ironic pinto beans doze besid
38275-4,38275,1628,52,4,35.00,53536.70,0.05,0.08,N,O,1997-01-19,1997-02-21,1997-01-28,COLLECT COD,TRUCK,s: carefully unusual
38275-5,38275,482,41,5,49.00,67741.52,0.10,0.05,N,O,1997-02-13,1997-02-03,1997-02-17,DELIVER IN PERSON,AIR,"es. unusual, final dolphins eng"
38275-6,38275,1758,43,6,29.00,48132.75,0.04,0.05,N,O,1997-01-25,1997-02-18,1997-02-04,COLLECT COD,REG AIR,ss accounts abou
38275-7,38275,1012,18,7,15.00,13695.15,0.00,0.01,N,O,1997-01-17,1997-02-06,1997-02-08,COLLECT COD,RAIL,r packages nag furiously. regula
38276-1,38276,1779,22,1,37.00,62188.49,0.06,0.02,N,O,1996-05-22,1996-05-13,1996-06-13,DELIVER IN PERSON,SHIP, blithe packages wake furiously. qu
38276-2,38276,434,93,2,10.00,13344.30,0.05,0.03,N,O,1996-05-29,1996-06-02,1996-05-30,NONE,FOB,deposits nag slyly against
38276-3,38276,474,4,3,36.00,49480.92,0.02,0.07,N,O,1996-05-16,1996-05-14,1996-05-19,DELIVER IN PERSON,TRUCK,s wake. furiously even requests r
38276-4,38276,1287,99,4,7.00,8317.96,0.00,0.01,N,O,1996-03-26,1996-06-11,1996-04-19,TAKE BACK RETURN,TRUCK,es eat near the deposits. carefull
38276-5,38276,615,16,5,45.00,68202.45,0.06,0.07,N,O,1996-04-06,1996-05-29,1996-04-26,TAKE BACK RETURN,FOB, of the sl
38277-1,38277,1522,23,1,7.00,9964.64,0.08,0.06,R,F,1992-03-08,1992-03-29,1992-03-23,TAKE BACK RETURN,RAIL,oost slyly about the blithely reg
38277-2,38277,911,14,2,7.00,12683.37,0.06,0.02,R,F,1992-05-02,1992-04-01,1992-05-09,TAKE BACK RETURN,AIR,ches hinder slyly quickly sile
38278-1,38278,1227,2,1,8.00,9025.76,0.05,0.05,N,O,1995-11-29,1995-10-03,1995-12-24,DELIVER IN PERSON,REG AIR, express requests cajole specia
38279-1,38279,1247,59,1,43.00,49374.32,0.06,0.05,A,F,1992-07-27,1992-05-30,1992-08-05,NONE,MAIL,. slyly even
38279-2,38279,220,48,2,21.00,23524.62,0.02,0.00,A,F,1992-07-14,1992-06-12,1992-07-17,DELIVER IN PERSON,AIR,ly. furiously ironic acco
38279-3,38279,1730,57,3,34.00,55478.82,0.10,0.05,A,F,1992-05-01,1992-06-16,1992-05-07,TAKE BACK RETURN,RAIL,ironic theodolites doze fluffily. 
38279-4,38279,923,92,4,2.00,3647.84,0.10,0.05,A,F,1992-07-17,1992-06-12,1992-08-04,NONE,MAIL,r deposits haggle 
38279-5,38279,991,26,5,30.00,56759.70,0.06,0.04,R,F,1992-08-26,1992-06-17,1992-08-28,COLLECT COD,FOB," the ironic, bold requests was"
38304-1,38304,1532,73,1,3.00,4300.59,0.02,0.01,N,O,1995-07-13,1995-05-13,1995-07-19,NONE,AIR, dependencies cajole. f
38304-2,38304,400,29,2,8.00,10403.20,0.09,0.05,R,F,1995-06-02,1995-05-30,1995-06-10,TAKE BACK RETURN,REG AIR, deposits sleep
38304-3,38304,1268,6,3,1.00,1169.26,0.01,0.08,R,F,1995-06-04,1995-06-20,1995-06-16,NONE,RAIL,es are slyly around the
38304-4,38304,688,51,4,28.00,44483.04,0.01,0.02,A,F,1995-05-18,1995-05-03,1995-06-08,NONE,RAIL,refully ironic instructions ca
38305-1,38305,919,22,1,26.00,47317.66,0.06,0.03,N,O,1995-08-10,1995-06-29,1995-08-22,NONE,REG AIR,y express accounts. blithely silent a
38305-2,38305,1378,55,2,10.00,12793.70,0.05,0.03,N,O,1995-07-05,1995-06-30,1995-08-03,TAKE BACK RETURN,FOB,iously. furiously unusual theodolites lose.
38305-3,38305,1953,86,3,11.00,20404.45,0.03,0.04,N,F,1995-06-13,1995-07-05,1995-07-05,TAKE BACK RETURN,TRUCK,te slyly accounts. blithely
38305-4,38305,473,32,4,42.00,57685.74,0.06,0.04,R,F,1995-05-23,1995-06-16,1995-06-06,COLLECT COD,TRUCK,iously. furiously unusual packages 
38306-1,38306,1876,63,1,42.00,74670.54,0.06,0.07,N,O,1996-08-07,1996-10-02,1996-08-24,DELIVER IN PERSON,RAIL,tead of the quickly regul
38306-2,38306,776,73,2,44.00,73777.88,0.06,0.00,N,O,1996-10-23,1996-08-25,1996-11-02,DELIVER IN PERSON,FOB,gular braids
38306-3,38306,500,30,3,6.00,8403.00,0.07,0.08,N,O,1996-07-20,1996-09-03,1996-08-18,COLLECT COD,SHIP,nal deposits. even frets w
38306-4,38306,1766,9,4,32.00,53368.32,0.05,0.08,N,O,1996-08-22,1996-10-05,1996-09-21,TAKE BACK RETURN,FOB,ly even excuses sleep against
38306-5,38306,1197,34,5,3.00,3294.57,0.00,0.00,N,O,1996-08-22,1996-09-23,1996-09-06,NONE,FOB,ctions sleep carefully
38307-1,38307,302,3,1,50.00,60115.00,0.09,0.00,N,O,1998-01-22,1998-03-26,1998-02-02,NONE,REG AIR,en packages could sle
38307-2,38307,655,18,2,40.00,62226.00,0.02,0.03,N,O,1998-03-25,1998-04-19,1998-04-14,TAKE BACK RETURN,SHIP, slyly ironic de
38308-1,38308,1734,77,1,10.00,16357.30,0.01,0.05,N,O,1996-10-16,1996-11-24,1996-10-27,NONE,TRUCK,ously courts. bli
38308-2,38308,1064,70,2,1.00,965.06,0.02,0.06,N,O,1996-09-11,1996-11-14,1996-09-29,DELIVER IN PERSON,TRUCK,kly ironic d
38308-3,38308,655,18,3,17.00,26446.05,0.10,0.00,N,O,1996-12-06,1996-10-19,1996-12-17,NONE,REG AIR,e slyly at the accounts. depende
38308-4,38308,1150,51,4,14.00,14716.10,0.00,0.06,N,O,1996-11-04,1996-09-30,1996-12-04,NONE,TRUCK,gular packages cajole fluffily alongsi
38308-5,38308,1968,69,5,23.00,43009.08,0.01,0.01,N,O,1996-10-28,1996-10-07,1996-11-20,COLLECT COD,RAIL,ments was blithely. slyly ironic deposit
38308-6,38308,763,64,6,43.00,71541.68,0.09,0.00,N,O,1996-08-29,1996-10-03,1996-09-17,DELIVER IN PERSON,RAIL,luffily silent ideas?
38308-7,38308,182,9,7,39.00,42205.02,0.03,0.02,N,O,1996-10-01,1996-10-24,1996-10-22,COLLECT COD,TRUCK,g foxes eat against
38309-1,38309,446,76,1,35.00,47125.40,0.02,0.04,N,O,1996-07-24,1996-06-26,1996-08-23,NONE,FOB, slyly ironic packages. packages h
38309-2,38309,1930,75,2,27.00,49462.11,0.09,0.05,N,O,1996-06-26,1996-07-06,1996-06-29,TAKE BACK RETURN,FOB, bold packages sleep against the carefu
38309-3,38309,1251,26,3,42.00,48394.50,0.08,0.07,N,O,1996-07-17,1996-08-02,1996-08-07,TAKE BACK RETURN,SHIP,y final pac
38309-4,38309,839,40,4,23.00,40016.09,0.10,0.06,N,O,1996-06-15,1996-07-04,1996-07-11,DELIVER IN PERSON,RAIL, express packages. bo
38309-5,38309,210,11,5,23.00,25534.83,0.02,0.05,N,O,1996-05-23,1996-06-22,1996-05-24,COLLECT COD,SHIP,haggle carefully slyly ironic
38309-6,38309,894,61,6,28.00,50256.92,0.02,0.05,N,O,1996-07-23,1996-06-19,1996-07-28,NONE,RAIL,accounts. final requests haggle fin
38309-7,38309,1174,75,7,2.00,2150.34,0.04,0.01,N,O,1996-06-12,1996-07-17,1996-06-21,COLLECT COD,SHIP,ites haggle. fluffily regula
38310-1,38310,1533,54,1,8.00,11476.24,0.03,0.06,A,F,1992-07-31,1992-06-18,1992-08-13,TAKE BACK RETURN,SHIP, regular dugouts play 
38310-2,38310,526,57,2,6.00,8559.12,0.10,0.07,A,F,1992-06-09,1992-05-23,1992-06-23,COLLECT COD,TRUCK,gular dependencies cajole carefully ir
38310-3,38310,674,68,3,44.00,69285.48,0.01,0.07,A,F,1992-05-24,1992-06-08,1992-06-09,COLLECT COD,FOB,nag about the pending depende
38311-1,38311,1547,68,1,11.00,15933.94,0.06,0.01,N,O,1995-07-20,1995-07-15,1995-08-04,TAKE BACK RETURN,FOB,ickly busy dugouts are quickly. quickly bol
38311-2,38311,1129,66,2,19.00,19572.28,0.01,0.04,N,F,1995-05-29,1995-06-26,1995-06-21,NONE,FOB,carefully carefully ironic ideas. speci
38311-3,38311,1421,22,3,25.00,33060.50,0.08,0.01,N,F,1995-06-06,1995-07-18,1995-07-03,NONE,MAIL, deposits. cl
38311-4,38311,1355,56,4,24.00,30152.40,0.04,0.00,N,O,1995-08-12,1995-06-13,1995-08-24,DELIVER IN PERSON,SHIP,cajole enticingly. ironic accounts boost sl
38311-5,38311,926,61,5,7.00,12788.44,0.07,0.06,N,O,1995-06-24,1995-07-08,1995-06-25,COLLECT COD,REG AIR,ts dazzle even accounts. ac
38311-6,38311,531,32,6,23.00,32925.19,0.08,0.05,A,F,1995-05-19,1995-05-24,1995-05-28,COLLECT COD,SHIP,l theodolites boost slyly slyly bold ide
38336-1,38336,1615,98,1,49.00,74313.89,0.05,0.00,A,F,1992-12-01,1992-12-18,1992-12-21,DELIVER IN PERSON,FOB,"ounts. regular, expres"
38336-2,38336,679,80,2,49.00,77403.83,0.00,0.03,R,F,1993-02-01,1993-01-02,1993-02-24,DELIVER IN PERSON,FOB,posits sleep along
38336-3,38336,1583,64,3,12.00,17814.96,0.00,0.08,R,F,1992-12-19,1992-11-16,1992-12-20,COLLECT COD,REG AIR, regular deposits around the carefully
38337-1,38337,928,29,1,30.00,54867.60,0.03,0.04,R,F,1993-11-12,1994-01-21,1993-12-09,DELIVER IN PERSON,REG AIR,pending requests haggle among the 
38337-2,38337,954,55,2,42.00,77907.90,0.04,0.00,A,F,1994-03-01,1993-12-21,1994-03-30,TAKE BACK RETURN,MAIL,ar accounts. even deposits
38337-3,38337,1453,54,3,34.00,46051.30,0.08,0.00,A,F,1994-02-07,1993-12-09,1994-03-06,NONE,FOB, pending deposits haggle above the 
38337-4,38337,1937,82,4,47.00,86429.71,0.09,0.00,A,F,1993-11-02,1993-12-21,1993-11-09,TAKE BACK RETURN,MAIL, slyly. ironic instructions affix caref
38338-1,38338,844,45,1,10.00,17448.40,0.03,0.02,N,O,1998-07-15,1998-06-15,1998-07-27,COLLECT COD,REG AIR,counts wake furiously across the quick
38338-2,38338,1197,34,2,22.00,24160.18,0.09,0.00,N,O,1998-04-29,1998-05-11,1998-04-30,NONE,REG AIR,ely final excuses across the slyly 
38338-3,38338,255,37,3,21.00,24260.25,0.10,0.04,N,O,1998-06-20,1998-06-01,1998-07-19,COLLECT COD,AIR,rint above the 
38338-4,38338,1715,42,4,25.00,40417.75,0.02,0.01,N,O,1998-06-30,1998-05-06,1998-07-04,COLLECT COD,AIR,quickly regu
38338-5,38338,1846,33,5,7.00,12234.88,0.04,0.00,N,O,1998-05-02,1998-05-25,1998-05-25,NONE,MAIL,ts solve after the slyly 
38339-1,38339,416,46,1,38.00,50023.58,0.08,0.04,N,O,1996-09-24,1996-10-25,1996-10-07,NONE,RAIL, final ideas 
38339-2,38339,409,68,2,17.00,22259.80,0.09,0.02,N,O,1996-12-26,1996-11-05,1997-01-17,COLLECT COD,REG AIR,"ress, final deposits wake"
38339-3,38339,930,65,3,28.00,51266.04,0.06,0.05,N,O,1996-09-10,1996-11-17,1996-09-18,COLLECT COD,TRUCK,deposits? furio
38340-1,38340,1687,29,1,35.00,55603.80,0.03,0.02,A,F,1994-05-03,1994-04-03,1994-05-16,TAKE BACK RETURN,FOB, regular deposits wake b
38340-2,38340,668,69,2,15.00,23529.90,0.05,0.03,R,F,1994-03-17,1994-04-06,1994-04-01,COLLECT COD,REG AIR, the carefully unusual req
38340-3,38340,1917,62,3,14.00,25464.74,0.08,0.08,A,F,1994-02-15,1994-02-24,1994-03-11,DELIVER IN PERSON,AIR,tions cajole furiously even request
38341-1,38341,385,42,1,17.00,21851.46,0.01,0.03,R,F,1994-09-08,1994-06-21,1994-10-07,TAKE BACK RETURN,FOB, the finally pending request
38341-2,38341,137,16,2,17.00,17631.21,0.01,0.06,R,F,1994-06-01,1994-07-29,1994-06-15,TAKE BACK RETURN,FOB,c notornis ar
38341-3,38341,896,97,3,8.00,14375.12,0.06,0.05,A,F,1994-06-03,1994-08-12,1994-06-08,NONE,RAIL,ully fluffy excuses print against the 
38341-4,38341,392,21,4,10.00,12923.90,0.07,0.08,A,F,1994-07-16,1994-07-28,1994-08-13,DELIVER IN PERSON,MAIL,lly bold theodolites run. sly
38342-1,38342,109,88,1,17.00,17154.70,0.04,0.06,N,O,1995-07-10,1995-06-22,1995-08-08,NONE,SHIP,ickly. quickly s
38342-2,38342,529,60,2,10.00,14295.20,0.03,0.05,N,O,1995-07-05,1995-07-31,1995-07-28,DELIVER IN PERSON,REG AIR,unts are slyly carefully special de
38342-3,38342,38,39,3,46.00,43149.38,0.04,0.06,N,O,1995-07-24,1995-07-18,1995-08-15,TAKE BACK RETURN,RAIL,uickly regula
38342-4,38342,1890,34,4,50.00,89594.50,0.03,0.08,N,O,1995-07-02,1995-07-22,1995-07-25,DELIVER IN PERSON,FOB,s boost blithely against the pending a
38343-1,38343,1203,41,1,50.00,55210.00,0.10,0.05,N,O,1995-11-25,1995-12-02,1995-12-11,TAKE BACK RETURN,AIR,ts before the furiously 
38368-1,38368,1962,51,1,24.00,44735.04,0.07,0.03,R,F,1994-04-28,1994-04-30,1994-05-11,DELIVER IN PERSON,FOB,ackages. carefull
38369-1,38369,309,94,1,14.00,16930.20,0.03,0.06,A,F,1993-03-11,1993-03-23,1993-03-23,NONE,REG AIR,kages. somas among the de
38369-2,38369,591,22,2,30.00,44747.70,0.08,0.08,A,F,1993-05-09,1993-03-14,1993-05-28,TAKE BACK RETURN,RAIL,"inal accounts. unusual, even excus"
38369-3,38369,717,14,3,24.00,38825.04,0.10,0.08,R,F,1993-03-20,1993-03-01,1993-04-14,COLLECT COD,SHIP,"ending, regular"
38369-4,38369,96,47,4,15.00,14941.35,0.09,0.07,R,F,1993-04-08,1993-03-17,1993-04-29,TAKE BACK RETURN,SHIP,y pending pinto beans. quickly
38370-1,38370,839,39,1,17.00,29577.11,0.06,0.00,R,F,1995-05-14,1995-05-11,1995-05-25,NONE,FOB,ronic accounts detect a
38370-2,38370,1346,23,2,33.00,41162.22,0.06,0.01,N,F,1995-06-12,1995-06-26,1995-07-02,NONE,MAIL,ironic warhorses. silent a
38370-3,38370,1319,58,3,44.00,53693.64,0.04,0.05,N,O,1995-08-02,1995-05-29,1995-08-11,TAKE BACK RETURN,SHIP,. fluffily ironic sauter
38370-4,38370,1175,84,4,29.00,31208.93,0.03,0.01,A,F,1995-05-09,1995-05-13,1995-05-25,COLLECT COD,TRUCK,osits. carefully reg
38370-5,38370,627,90,5,34.00,51939.08,0.03,0.06,N,O,1995-07-11,1995-05-16,1995-08-09,NONE,MAIL,lly above the sl
38371-1,38371,292,47,1,45.00,53653.05,0.04,0.06,A,F,1994-11-10,1994-12-25,1994-11-26,TAKE BACK RETURN,TRUCK,ress foxes. ex
38372-1,38372,991,94,1,13.00,24595.87,0.06,0.08,R,F,1993-05-28,1993-08-12,1993-06-23,DELIVER IN PERSON,FOB,der ironic pa
38372-2,38372,1739,82,2,47.00,77114.31,0.02,0.06,R,F,1993-05-20,1993-07-02,1993-05-25,NONE,AIR,ent requests dazzle fluffily. final i
38372-3,38372,316,17,3,8.00,9730.48,0.04,0.05,R,F,1993-07-03,1993-08-07,1993-07-23,COLLECT COD,AIR,y final deposits. even dolphins use car
38372-4,38372,500,1,4,18.00,25209.00,0.02,0.04,R,F,1993-08-25,1993-07-29,1993-09-06,NONE,AIR,"ar, special accounts "
38372-5,38372,792,57,5,6.00,10156.74,0.04,0.08,A,F,1993-07-30,1993-08-08,1993-08-26,NONE,REG AIR,. pending theodolites might affix qui
38373-1,38373,1352,53,1,37.00,46373.95,0.06,0.07,N,O,1997-12-20,1998-01-02,1998-01-02,NONE,FOB, accounts. slyly
38373-2,38373,1164,73,2,9.00,9586.44,0.07,0.08,N,O,1997-11-20,1997-12-11,1997-12-15,DELIVER IN PERSON,REG AIR,ole carefully after the pack
38373-3,38373,1284,85,3,47.00,55708.16,0.00,0.04,N,O,1998-01-19,1997-11-10,1998-02-10,NONE,TRUCK,ously ideas
38373-4,38373,235,90,4,27.00,30651.21,0.07,0.08,N,O,1997-12-27,1997-12-27,1998-01-14,DELIVER IN PERSON,MAIL,dolites. pinto bea
38373-5,38373,205,6,5,15.00,16578.00,0.04,0.04,N,O,1998-01-05,1997-12-20,1998-01-29,TAKE BACK RETURN,REG AIR,tes. carefully special accounts are fluffi
38373-6,38373,1319,58,6,35.00,42710.85,0.00,0.05,N,O,1997-11-21,1997-12-12,1997-12-07,COLLECT COD,AIR,re carefully alongside of the fluffily iro
38374-1,38374,1298,73,1,2.00,2398.58,0.00,0.02,A,F,1995-06-02,1995-08-06,1995-06-03,NONE,FOB,the final pinto beans int
38374-2,38374,725,22,2,39.00,63403.08,0.10,0.04,N,O,1995-07-20,1995-08-10,1995-07-23,TAKE BACK RETURN,REG AIR, alongside of the furiously p
38374-3,38374,858,25,3,28.00,49247.80,0.01,0.08,N,O,1995-06-22,1995-07-06,1995-06-30,NONE,SHIP,s. special deposits are against the spe
38374-4,38374,1339,40,4,10.00,12403.30,0.02,0.08,N,O,1995-07-27,1995-07-02,1995-08-16,DELIVER IN PERSON,REG AIR,ial deposits
38374-5,38374,1128,37,5,45.00,46310.40,0.08,0.01,N,O,1995-09-08,1995-07-07,1995-10-01,DELIVER IN PERSON,TRUCK,ickly brave deposits about the even ideas h
38374-6,38374,1013,49,6,36.00,32904.36,0.06,0.01,N,O,1995-07-28,1995-07-05,1995-08-16,DELIVER IN PERSON,RAIL,hely ironic deposits 
38375-1,38375,547,8,1,13.00,18818.02,0.04,0.04,N,O,1996-06-27,1996-06-22,1996-07-01,TAKE BACK RETURN,RAIL,ar deposits. quiet requests int
38400-1,38400,371,100,1,7.00,8899.59,0.09,0.03,A,F,1995-01-16,1995-03-03,1995-01-21,TAKE BACK RETURN,SHIP,yly ironic instructions. blithe exc
38400-2,38400,1060,66,2,5.00,4805.30,0.05,0.05,A,F,1994-12-31,1995-01-22,1995-01-11,TAKE BACK RETURN,MAIL,"leep slyly express, even packages. "
38400-3,38400,1096,32,3,30.00,29912.70,0.07,0.05,A,F,1995-01-23,1995-02-28,1995-02-17,DELIVER IN PERSON,SHIP,s: closely final theodolites above the c
38400-4,38400,671,65,4,35.00,55008.45,0.04,0.05,A,F,1995-04-15,1995-03-11,1995-05-13,COLLECT COD,TRUCK, unusual accoun
38400-5,38400,1631,32,5,12.00,18391.56,0.02,0.06,A,F,1994-12-24,1995-02-18,1995-01-03,TAKE BACK RETURN,MAIL,ckages. slyly pending deposits are care
38400-6,38400,846,47,6,37.00,64633.08,0.05,0.02,A,F,1995-03-26,1995-03-14,1995-04-03,DELIVER IN PERSON,SHIP,pending deposits wake alongsid
38400-7,38400,432,20,7,10.00,13324.30,0.10,0.00,A,F,1995-03-19,1995-01-23,1995-04-10,TAKE BACK RETURN,FOB,final ideas boost bravely furiously dari
38401-1,38401,750,47,1,20.00,33015.00,0.03,0.01,N,O,1998-10-06,1998-09-02,1998-11-03,TAKE BACK RETURN,SHIP,r requests about the even instructions sl
38401-2,38401,273,1,2,34.00,39891.18,0.07,0.00,N,O,1998-10-03,1998-09-23,1998-11-02,TAKE BACK RETURN,FOB,"ic packages about the ironic, quiet as"
38401-3,38401,429,88,3,7.00,9305.94,0.07,0.08,N,O,1998-07-24,1998-09-25,1998-08-06,TAKE BACK RETURN,AIR,fully ironic excuses are. ironic accou
38401-4,38401,232,14,4,6.00,6793.38,0.01,0.06,N,O,1998-08-19,1998-08-12,1998-09-18,DELIVER IN PERSON,TRUCK, carefully. slyly final deposits 
38402-1,38402,1509,30,1,7.00,9873.50,0.00,0.01,N,O,1996-09-13,1996-10-14,1996-09-17,TAKE BACK RETURN,REG AIR,"rhorses haggle about the bold, express acco"
38402-2,38402,1236,74,2,22.00,25019.06,0.08,0.03,N,O,1996-11-22,1996-10-30,1996-12-03,COLLECT COD,TRUCK,old packages. blithely r
38402-3,38402,1818,19,3,47.00,80831.07,0.07,0.05,N,O,1996-09-16,1996-10-17,1996-09-19,COLLECT COD,FOB,gainst the quickly silent a
38402-4,38402,965,34,4,26.00,48514.96,0.09,0.04,N,O,1996-12-19,1996-10-13,1996-12-20,NONE,TRUCK,leep along the quickly furious
38402-5,38402,230,85,5,38.00,42948.74,0.06,0.02,N,O,1996-12-08,1996-11-03,1996-12-23,TAKE BACK RETURN,REG AIR,hely regular foxes
38402-6,38402,1590,11,6,11.00,16407.49,0.03,0.03,N,O,1996-10-05,1996-11-10,1996-10-24,COLLECT COD,SHIP,"en, enticing theod"
38402-7,38402,823,90,7,13.00,22409.66,0.01,0.01,N,O,1996-10-13,1996-10-22,1996-11-04,TAKE BACK RETURN,FOB,grate against the care
38403-1,38403,1587,28,1,48.00,71451.84,0.10,0.05,A,F,1995-05-23,1995-07-06,1995-05-31,TAKE BACK RETURN,TRUCK,the furiously pending foxes. even acco
38403-2,38403,1122,31,2,16.00,16369.92,0.09,0.01,A,F,1995-05-26,1995-07-22,1995-06-07,DELIVER IN PERSON,REG AIR,ts nag slyly packages. carefully 
38403-3,38403,1041,42,3,18.00,16956.72,0.06,0.05,R,F,1995-05-23,1995-07-16,1995-06-10,TAKE BACK RETURN,RAIL,sual theodolites. pending dependenci
38403-4,38403,1853,54,4,24.00,42116.40,0.09,0.04,N,O,1995-07-11,1995-07-25,1995-07-26,NONE,SHIP,"nal, sly depths use blithely sl"
38404-1,38404,277,32,1,4.00,4709.08,0.00,0.07,A,F,1994-04-24,1994-03-29,1994-05-11,COLLECT COD,AIR,arefully carefully silent asymptotes-
38405-1,38405,1245,83,1,48.00,55019.52,0.00,0.07,R,F,1993-10-11,1993-10-05,1993-10-21,DELIVER IN PERSON,RAIL,ly ironic platelets haggle outside the fur
38405-2,38405,250,5,2,49.00,56362.25,0.03,0.04,R,F,1993-10-20,1993-10-14,1993-10-22,NONE,FOB,"l accounts above the final, regular package"
38405-3,38405,1105,78,3,17.00,17103.70,0.06,0.08,A,F,1993-08-19,1993-09-09,1993-08-25,COLLECT COD,FOB,"gged, final platelets"
38405-4,38405,1925,26,4,28.00,51153.76,0.08,0.00,R,F,1993-10-12,1993-08-31,1993-11-03,COLLECT COD,MAIL,"y special accounts. special, final pa"
38405-5,38405,811,11,5,41.00,70184.21,0.02,0.06,A,F,1993-09-16,1993-10-05,1993-09-21,TAKE BACK RETURN,AIR,he furiously express id
38405-6,38405,1491,92,6,45.00,62662.05,0.03,0.01,R,F,1993-08-06,1993-08-16,1993-08-21,COLLECT COD,RAIL,. blithely pending 
38405-7,38405,116,17,7,43.00,43692.73,0.00,0.03,A,F,1993-07-24,1993-09-04,1993-08-12,COLLECT COD,MAIL,slyly even deposits. slyly pending 
38406-1,38406,1327,4,1,21.00,25794.72,0.10,0.08,R,F,1993-12-18,1994-01-21,1993-12-19,TAKE BACK RETURN,FOB,l pinto beans integrate final excuses. 
38406-2,38406,1928,29,2,8.00,14639.36,0.06,0.07,R,F,1994-02-08,1994-02-24,1994-03-04,COLLECT COD,RAIL,pendencies. quickly re
38406-3,38406,656,57,3,31.00,48256.15,0.01,0.07,A,F,1994-01-09,1994-01-16,1994-01-17,DELIVER IN PERSON,MAIL,osits about the furiously unusual theo
38406-4,38406,1670,12,4,26.00,40863.42,0.02,0.07,A,F,1993-12-25,1994-01-13,1994-01-14,NONE,SHIP,excuses. ironic f
38406-5,38406,1561,82,5,11.00,16088.16,0.01,0.06,A,F,1994-03-29,1994-02-27,1994-04-07,NONE,AIR, ideas sublate carefully again
38406-6,38406,302,3,6,26.00,31259.80,0.08,0.07,A,F,1994-02-23,1994-02-16,1994-03-15,TAKE BACK RETURN,TRUCK,dependencies above the
38406-7,38406,1482,22,7,7.00,9684.36,0.02,0.08,R,F,1993-12-31,1994-01-17,1994-01-07,COLLECT COD,RAIL,ingly regular accounts. furiousl
38407-1,38407,432,91,1,31.00,41305.33,0.07,0.06,N,O,1997-11-15,1997-12-26,1997-11-26,TAKE BACK RETURN,SHIP, furiously special 
38407-2,38407,1680,63,2,9.00,14235.12,0.10,0.03,N,O,1997-12-03,1997-12-03,1997-12-12,COLLECT COD,MAIL,s sublate quickly among the fi
38407-3,38407,1755,56,3,7.00,11597.25,0.09,0.04,N,O,1997-12-15,1997-12-22,1997-12-26,TAKE BACK RETURN,AIR,ons haggle blithely whithout the p
38407-4,38407,1858,2,4,20.00,35197.00,0.09,0.04,N,O,1997-12-03,1997-11-21,1997-12-13,NONE,RAIL, express dependencies affix eve
38432-1,38432,1738,39,1,37.00,60670.01,0.09,0.06,N,O,1996-11-09,1997-01-13,1996-12-04,TAKE BACK RETURN,REG AIR,ggle. ironically furious instruc
38432-2,38432,375,4,2,7.00,8927.59,0.05,0.02,N,O,1996-12-18,1997-01-21,1996-12-30,COLLECT COD,TRUCK, bold deposits impr
38432-3,38432,1490,69,3,30.00,41744.70,0.00,0.00,N,O,1996-11-19,1996-12-19,1996-12-04,DELIVER IN PERSON,FOB, ironically silent package
38433-1,38433,1541,42,1,19.00,27408.26,0.05,0.04,R,F,1994-05-23,1994-08-04,1994-06-07,DELIVER IN PERSON,FOB,"ackages are slyly against the silent, "
38433-2,38433,1601,84,2,18.00,27046.80,0.03,0.05,R,F,1994-08-01,1994-07-04,1994-08-02,DELIVER IN PERSON,TRUCK,he dependencies. final deposits alo
38433-3,38433,1030,31,3,19.00,17689.57,0.08,0.06,R,F,1994-07-05,1994-08-03,1994-07-23,NONE,REG AIR, packages.
38433-4,38433,1029,35,4,2.00,1860.04,0.08,0.07,A,F,1994-08-24,1994-08-02,1994-09-02,COLLECT COD,TRUCK,instructions sl
38433-5,38433,984,53,5,16.00,30159.68,0.07,0.04,R,F,1994-07-21,1994-07-28,1994-07-30,TAKE BACK RETURN,FOB,s cajole carefully regular
38434-1,38434,1441,20,1,49.00,65779.56,0.03,0.08,R,F,1994-08-15,1994-06-19,1994-09-14,TAKE BACK RETURN,SHIP,. quickly unusual requests aft
38434-2,38434,1505,6,2,50.00,70325.00,0.05,0.08,A,F,1994-06-17,1994-06-22,1994-07-07,DELIVER IN PERSON,MAIL,y final deposits affix
38434-3,38434,1656,39,3,13.00,20249.45,0.03,0.07,R,F,1994-05-24,1994-07-25,1994-06-07,TAKE BACK RETURN,TRUCK,"dencies. final, ironic accounts detect"
38435-1,38435,1929,62,1,7.00,12816.44,0.03,0.03,N,O,1997-11-17,1997-12-31,1997-11-26,DELIVER IN PERSON,FOB,sleep blithely ironic sauternes. furiou
38436-1,38436,900,67,1,23.00,41420.70,0.02,0.06,R,F,1993-01-10,1992-12-09,1993-01-18,TAKE BACK RETURN,TRUCK,e dogged asymptotes hagg
38436-2,38436,1205,17,2,37.00,40929.40,0.02,0.08,R,F,1992-10-18,1992-12-03,1992-11-02,DELIVER IN PERSON,FOB,the fluffily bold packages. pinto beans 
38436-3,38436,387,88,3,24.00,30897.12,0.10,0.05,A,F,1992-12-01,1992-11-06,1992-12-05,TAKE BACK RETURN,RAIL,posits. deposits boost across the requests
38437-1,38437,1614,97,1,13.00,19702.93,0.03,0.04,A,F,1992-08-14,1992-07-08,1992-09-07,TAKE BACK RETURN,RAIL,l requests was furiously be
38437-2,38437,1529,30,2,18.00,25749.36,0.08,0.03,R,F,1992-08-23,1992-07-29,1992-09-01,DELIVER IN PERSON,MAIL,osits. regula
38437-3,38437,945,48,3,5.00,9229.70,0.04,0.03,R,F,1992-06-21,1992-06-26,1992-06-22,COLLECT COD,AIR,eodolites impress a
38437-4,38437,974,75,4,41.00,76873.77,0.10,0.08,R,F,1992-07-05,1992-07-26,1992-07-26,TAKE BACK RETURN,SHIP, the blithely pending de
38438-1,38438,990,91,1,3.00,5672.97,0.00,0.00,N,O,1995-08-29,1995-07-19,1995-09-19,DELIVER IN PERSON,MAIL, affix quickly above the accounts.
38438-2,38438,24,100,2,40.00,36960.80,0.01,0.00,N,O,1995-08-14,1995-08-27,1995-08-31,COLLECT COD,SHIP, furiously ruthle
38438-3,38438,974,77,3,17.00,31874.49,0.00,0.04,N,O,1995-07-06,1995-08-16,1995-07-24,NONE,RAIL,as. slyly even theodolite
38438-4,38438,1285,86,4,35.00,41519.80,0.00,0.05,N,O,1995-08-19,1995-08-21,1995-08-25,COLLECT COD,FOB,nd the bold packag
38438-5,38438,1609,51,5,43.00,64955.80,0.07,0.06,N,F,1995-06-14,1995-08-11,1995-07-07,COLLECT COD,REG AIR,ges haggle. furiously un
38439-1,38439,603,4,1,28.00,42100.80,0.08,0.05,A,F,1995-03-01,1995-04-13,1995-03-03,DELIVER IN PERSON,AIR,rint excus
38439-2,38439,325,26,2,6.00,7351.92,0.05,0.03,R,F,1995-02-10,1995-02-22,1995-02-15,DELIVER IN PERSON,FOB,to the quickly silent 
38439-3,38439,1918,7,3,28.00,50957.48,0.03,0.06,A,F,1995-02-15,1995-03-27,1995-02-18,NONE,REG AIR, quickly. slyly p
38464-1,38464,366,95,1,23.00,29126.28,0.02,0.01,R,F,1993-12-01,1994-02-06,1993-12-19,TAKE BACK RETURN,RAIL, dependencies. fur
38464-2,38464,278,79,2,14.00,16495.78,0.07,0.03,R,F,1994-02-14,1994-01-31,1994-03-15,DELIVER IN PERSON,AIR,nic foxes.
38464-3,38464,1863,64,3,15.00,26472.90,0.00,0.02,A,F,1994-01-09,1993-12-21,1994-01-31,COLLECT COD,MAIL,ptotes! slyly special requests across th
38465-1,38465,726,23,1,34.00,55308.48,0.09,0.00,R,F,1992-04-03,1992-05-23,1992-04-10,NONE,RAIL,furiously 
38465-2,38465,1763,90,2,2.00,3329.52,0.08,0.04,A,F,1992-04-04,1992-06-08,1992-04-16,NONE,AIR,ronic asymptotes cajole along the slow pac
38466-1,38466,468,27,1,25.00,34211.50,0.03,0.06,N,O,1995-12-05,1995-09-28,1995-12-26,COLLECT COD,RAIL,tly bold pinto beans hinde
38466-2,38466,508,69,2,6.00,8451.00,0.00,0.00,N,O,1995-11-16,1995-11-03,1995-12-10,NONE,TRUCK,quests. carefully ironic foxes haggl
38466-3,38466,603,35,3,26.00,39093.60,0.05,0.05,N,O,1995-12-07,1995-10-06,1995-12-25,NONE,RAIL, instructions are carefully at the expr
38466-4,38466,1622,5,4,17.00,25901.54,0.01,0.07,N,O,1995-09-15,1995-09-27,1995-09-29,COLLECT COD,RAIL,e along the quickly pending
38466-5,38466,810,44,5,26.00,44481.06,0.00,0.03,N,O,1995-11-22,1995-11-11,1995-12-14,NONE,FOB,integrate. quickly fur
38466-6,38466,1224,36,6,15.00,16878.30,0.00,0.08,N,O,1995-10-11,1995-10-31,1995-11-08,NONE,RAIL,l instructions affix 
38467-1,38467,1969,70,1,44.00,82322.24,0.01,0.07,N,O,1996-07-11,1996-07-03,1996-07-17,TAKE BACK RETURN,AIR,ins! furiously even accounts cajole c
38467-2,38467,357,86,2,27.00,33948.45,0.03,0.05,N,O,1996-08-27,1996-07-07,1996-09-14,NONE,FOB,ngly silent pinto beans
38468-1,38468,1783,68,1,23.00,38749.94,0.10,0.00,N,O,1995-12-11,1995-12-26,1996-01-01,COLLECT COD,FOB, deposits across the pending pinto beans tr
38468-2,38468,1337,38,2,6.00,7429.98,0.04,0.08,N,O,1995-12-03,1995-12-15,1995-12-15,COLLECT COD,TRUCK,ithely pendi
38469-1,38469,824,58,1,50.00,86241.00,0.05,0.08,N,O,1996-10-05,1996-11-06,1996-11-03,DELIVER IN PERSON,SHIP,", special deposits. furiously bold r"
38470-1,38470,1738,39,1,21.00,34434.33,0.08,0.01,A,F,1993-10-21,1993-08-20,1993-11-03,DELIVER IN PERSON,AIR,xpress packages c
38470-2,38470,642,43,2,8.00,12341.12,0.06,0.05,R,F,1993-08-19,1993-09-18,1993-09-14,TAKE BACK RETURN,AIR,ly special ide
38470-3,38470,1845,46,3,19.00,33189.96,0.07,0.05,R,F,1993-08-09,1993-08-29,1993-08-16,COLLECT COD,FOB,may sleep carefully reg
38470-4,38470,253,35,4,26.00,29984.50,0.00,0.06,A,F,1993-10-04,1993-09-10,1993-10-29,COLLECT COD,TRUCK,"s. unusual, silent cour"
38470-5,38470,1131,32,5,14.00,14449.82,0.03,0.00,A,F,1993-11-05,1993-09-17,1993-11-20,TAKE BACK RETURN,FOB,gular hockey players about the s
38470-6,38470,40,66,6,6.00,5640.24,0.00,0.03,A,F,1993-08-20,1993-10-16,1993-08-29,COLLECT COD,RAIL, gifts. blithely regular d
38470-7,38470,1709,10,7,44.00,70870.80,0.00,0.08,A,F,1993-08-21,1993-09-25,1993-08-22,NONE,TRUCK, blithely pending
38471-1,38471,1905,38,1,8.00,14455.20,0.06,0.06,N,O,1997-06-26,1997-06-22,1997-07-26,NONE,TRUCK,ly slyly special accounts. quickly 
38471-2,38471,1401,19,2,24.00,31257.60,0.01,0.05,N,O,1997-08-12,1997-07-10,1997-09-10,COLLECT COD,FOB,nag ironic ins
38471-3,38471,537,38,3,50.00,71876.50,0.04,0.07,N,O,1997-05-26,1997-07-12,1997-06-12,TAKE BACK RETURN,TRUCK,t accounts; express instr
38471-4,38471,1664,88,4,25.00,39141.50,0.10,0.00,N,O,1997-07-23,1997-06-08,1997-08-18,DELIVER IN PERSON,MAIL, slyly blithe packages. accounts
38471-5,38471,1885,29,5,35.00,62540.80,0.01,0.06,N,O,1997-08-04,1997-07-12,1997-09-01,TAKE BACK RETURN,TRUCK,ely final theodolites are slyly
38471-6,38471,1907,52,6,17.00,30751.30,0.09,0.02,N,O,1997-08-18,1997-06-07,1997-09-06,NONE,FOB,pecial platelets nag blithely around th
38471-7,38471,223,5,7,6.00,6739.32,0.08,0.05,N,O,1997-08-04,1997-07-28,1997-08-21,DELIVER IN PERSON,FOB,e fluffily close requests. carefully bol
38496-1,38496,1548,49,1,33.00,47834.82,0.08,0.05,A,F,1993-05-17,1993-05-06,1993-06-11,COLLECT COD,RAIL, boost slyly blithely careful pains.
38496-2,38496,758,23,2,48.00,79620.00,0.03,0.06,R,F,1993-04-10,1993-05-06,1993-04-13,DELIVER IN PERSON,MAIL,f the unus
38496-3,38496,1224,62,3,31.00,34881.82,0.02,0.05,R,F,1993-04-26,1993-05-13,1993-05-22,TAKE BACK RETURN,SHIP,furiously quickly pendi
38496-4,38496,1357,72,4,18.00,22650.30,0.01,0.02,R,F,1993-04-22,1993-05-19,1993-04-24,DELIVER IN PERSON,SHIP,requests according to t
38496-5,38496,770,67,5,11.00,18378.47,0.03,0.05,R,F,1993-06-08,1993-04-04,1993-06-10,TAKE BACK RETURN,FOB,ly even accounts 
38496-6,38496,590,81,6,6.00,8943.54,0.07,0.00,A,F,1993-03-25,1993-05-19,1993-03-30,NONE,REG AIR,unts. bold requests haggle ca
38496-7,38496,1463,42,7,29.00,39569.34,0.02,0.04,R,F,1993-03-27,1993-03-23,1993-04-02,DELIVER IN PERSON,AIR,"he bold, bold deposits sleep stealthily qui"
38497-1,38497,1882,26,1,24.00,42813.12,0.10,0.04,R,F,1993-12-21,1993-11-10,1994-01-05,NONE,RAIL,"instructions nag. even,"
38497-2,38497,500,88,2,6.00,8403.00,0.00,0.07,R,F,1994-01-20,1993-12-13,1994-02-19,NONE,AIR,al packages according to the accounts cajol
38497-3,38497,1241,79,3,33.00,37693.92,0.10,0.06,R,F,1993-12-03,1993-12-11,1993-12-22,NONE,FOB,dolites. careful depos
38498-1,38498,1591,12,1,20.00,29851.80,0.02,0.04,A,F,1992-05-10,1992-07-07,1992-05-26,COLLECT COD,MAIL,lites sleep. slyly bold p
38498-2,38498,641,4,2,30.00,46249.20,0.04,0.04,R,F,1992-05-03,1992-05-31,1992-05-26,COLLECT COD,REG AIR,ons. regular requests wa
38498-3,38498,1241,53,3,19.00,21702.56,0.02,0.00,R,F,1992-08-07,1992-06-20,1992-09-02,COLLECT COD,TRUCK,arefully slyly
38498-4,38498,151,52,4,21.00,22074.15,0.02,0.05,R,F,1992-07-01,1992-06-12,1992-07-04,NONE,FOB, final pains
38498-5,38498,1996,97,5,15.00,28469.85,0.01,0.00,A,F,1992-08-18,1992-07-06,1992-09-15,DELIVER IN PERSON,FOB,ackages integrate carefully arou
38499-1,38499,181,60,1,38.00,41084.84,0.03,0.00,N,O,1997-12-20,1997-12-23,1998-01-16,COLLECT COD,AIR,"unusual, express excuses unwind care"
38500-1,38500,875,76,1,46.00,81690.02,0.08,0.00,A,F,1992-04-19,1992-05-12,1992-04-28,TAKE BACK RETURN,FOB,ts. carefully ev
38501-1,38501,744,41,1,13.00,21381.62,0.04,0.05,R,F,1994-04-30,1994-07-06,1994-05-05,TAKE BACK RETURN,TRUCK,ts. regular instructio
38501-2,38501,180,7,2,39.00,42127.02,0.09,0.07,R,F,1994-07-21,1994-07-03,1994-07-28,DELIVER IN PERSON,MAIL,"lar, silent ideas haggle according to"
38501-3,38501,1799,84,3,8.00,13606.32,0.02,0.00,A,F,1994-07-17,1994-06-22,1994-08-08,DELIVER IN PERSON,RAIL,slyly close 
38502-1,38502,995,64,1,27.00,51191.73,0.03,0.00,N,O,1997-10-29,1997-10-26,1997-11-28,TAKE BACK RETURN,TRUCK,packages are fu
38502-2,38502,102,81,2,13.00,13027.30,0.05,0.05,N,O,1997-11-16,1997-11-29,1997-12-01,COLLECT COD,MAIL,s haggle bli
38502-3,38502,766,67,3,39.00,65003.64,0.01,0.07,N,O,1997-10-22,1997-12-15,1997-10-28,NONE,FOB,gainst the
38502-4,38502,1317,94,4,19.00,23147.89,0.03,0.06,N,O,1997-11-01,1997-11-19,1997-11-25,COLLECT COD,FOB,bold theodolit
38502-5,38502,1457,75,5,9.00,12226.05,0.02,0.02,N,O,1997-12-11,1997-11-01,1997-12-13,TAKE BACK RETURN,RAIL,sometimes final
38503-1,38503,689,83,1,42.00,66766.56,0.04,0.00,R,F,1994-06-26,1994-07-09,1994-06-28,NONE,RAIL,deas may wake. carefully bold
38503-2,38503,361,90,2,14.00,17659.04,0.10,0.07,R,F,1994-08-10,1994-06-16,1994-09-08,NONE,TRUCK,e according to the slyl
38503-3,38503,200,27,3,1.00,1100.20,0.04,0.08,A,F,1994-05-13,1994-07-10,1994-05-30,TAKE BACK RETURN,MAIL,s boost slow requ
38503-4,38503,736,1,4,24.00,39281.52,0.04,0.03,A,F,1994-06-30,1994-07-05,1994-07-11,TAKE BACK RETURN,TRUCK,pending accounts kindle quickly carefully 
38503-5,38503,971,74,5,6.00,11231.82,0.06,0.06,A,F,1994-05-27,1994-07-13,1994-06-07,DELIVER IN PERSON,MAIL,pecial instructions haggle special 
38528-1,38528,350,51,1,24.00,30008.40,0.09,0.03,N,O,1996-03-12,1996-02-27,1996-04-05,NONE,MAIL,s after the asymptotes inte
38528-2,38528,1765,92,2,26.00,43335.76,0.06,0.04,N,O,1996-02-15,1996-02-29,1996-03-09,NONE,RAIL,inal foxes wa
38528-3,38528,86,87,3,38.00,37471.04,0.00,0.07,N,O,1996-01-05,1996-03-12,1996-01-19,NONE,MAIL,"ironic, blithe"
38528-4,38528,823,90,4,21.00,36200.22,0.01,0.02,N,O,1996-03-06,1996-02-08,1996-03-15,DELIVER IN PERSON,TRUCK,cial hockey players. slyly regular acc
38528-5,38528,1922,23,5,28.00,51069.76,0.04,0.08,N,O,1995-12-29,1996-01-26,1996-01-17,COLLECT COD,AIR,ut the quickly regular foxes was bl
38528-6,38528,591,52,6,47.00,70104.73,0.01,0.05,N,O,1996-04-04,1996-03-07,1996-05-02,NONE,AIR, blithely even excuses
38528-7,38528,256,57,7,35.00,40468.75,0.02,0.05,N,O,1996-04-09,1996-02-16,1996-04-23,TAKE BACK RETURN,SHIP,ges. bold ideas believe. furiously pend
38529-1,38529,1417,18,1,11.00,14502.51,0.07,0.06,R,F,1994-04-05,1994-05-02,1994-04-26,NONE,SHIP, instructions haggle carefully. dari
38529-2,38529,713,78,2,19.00,30660.49,0.10,0.06,R,F,1994-02-04,1994-03-12,1994-02-06,DELIVER IN PERSON,TRUCK,uriously even ideas cajole fluffily blith
38529-3,38529,1366,5,3,44.00,55763.84,0.05,0.05,R,F,1994-02-27,1994-04-13,1994-03-03,COLLECT COD,MAIL,st the furiously even patter
38529-4,38529,730,63,4,39.00,63598.47,0.06,0.04,R,F,1994-03-17,1994-04-26,1994-04-07,COLLECT COD,MAIL, blithely alongsi
38529-5,38529,319,4,5,47.00,57307.57,0.03,0.02,R,F,1994-05-13,1994-03-19,1994-05-14,NONE,MAIL, excuses affix. blithely regular accou
38529-6,38529,1878,22,6,45.00,80094.15,0.09,0.06,A,F,1994-03-17,1994-04-18,1994-04-05,COLLECT COD,FOB,e carefully final instruct
38530-1,38530,1934,67,1,49.00,89960.57,0.05,0.05,N,O,1995-06-23,1995-06-19,1995-07-15,TAKE BACK RETURN,SHIP,reach fluffily 
38530-2,38530,742,75,2,48.00,78851.52,0.07,0.07,A,F,1995-04-29,1995-07-16,1995-05-20,TAKE BACK RETURN,MAIL, affix. carefully sly pinto beans wak
38530-3,38530,1003,9,3,49.00,44296.00,0.03,0.07,N,O,1995-08-10,1995-07-14,1995-08-19,DELIVER IN PERSON,SHIP, express somas sleep car
38530-4,38530,481,40,4,4.00,5525.92,0.08,0.01,R,F,1995-05-24,1995-06-11,1995-05-25,DELIVER IN PERSON,AIR,rts might nag about the carefully special
38530-5,38530,1561,82,5,33.00,48264.48,0.02,0.00,N,O,1995-08-10,1995-07-07,1995-09-02,DELIVER IN PERSON,RAIL,ess deposits sleep f
38530-6,38530,237,38,6,47.00,53449.81,0.00,0.00,R,F,1995-05-17,1995-06-19,1995-06-04,TAKE BACK RETURN,SHIP,e fluffily special requests are about th
38530-7,38530,1452,53,7,40.00,54138.00,0.00,0.05,N,O,1995-08-05,1995-06-13,1995-08-06,DELIVER IN PERSON,SHIP,y special ideas. quickly regular 
38531-1,38531,413,43,1,48.00,63043.68,0.07,0.04,N,O,1995-12-15,1996-02-20,1995-12-25,NONE,FOB,posits integrate against the final request
38531-2,38531,123,50,2,11.00,11254.32,0.06,0.04,N,O,1996-02-20,1996-01-29,1996-03-02,DELIVER IN PERSON,REG AIR,nic pinto beans; fluff
38531-3,38531,1006,77,3,11.00,9977.00,0.10,0.05,N,O,1996-01-01,1996-01-09,1996-01-17,TAKE BACK RETURN,TRUCK,lithely special foxes are 
38531-4,38531,1362,63,4,29.00,36637.44,0.03,0.02,N,O,1996-03-05,1996-01-25,1996-03-24,NONE,RAIL,s. slyly regular requests 
38531-5,38531,374,3,5,36.00,45877.32,0.08,0.04,N,O,1995-12-21,1996-02-27,1996-01-20,NONE,REG AIR,ges. theodolites are furiously. blithel
38531-6,38531,1271,72,6,5.00,5861.35,0.05,0.00,N,O,1995-12-14,1996-01-18,1996-01-01,NONE,REG AIR,refully ironic multip
38532-1,38532,1971,16,1,21.00,39332.37,0.04,0.06,A,F,1992-07-22,1992-10-15,1992-08-08,TAKE BACK RETURN,SHIP,yly even ideas haggle 
38532-2,38532,1839,83,2,37.00,64410.71,0.07,0.08,A,F,1992-10-01,1992-09-07,1992-10-30,NONE,AIR,t deposits wake regular depos
38532-3,38532,992,95,3,14.00,26501.86,0.06,0.07,R,F,1992-10-24,1992-09-25,1992-11-18,NONE,MAIL,onic ideas detect blithe
38532-4,38532,1097,3,4,17.00,16967.53,0.01,0.03,A,F,1992-08-27,1992-10-12,1992-09-21,DELIVER IN PERSON,AIR,olites. express theodol
38532-5,38532,1654,78,5,41.00,63781.65,0.05,0.05,R,F,1992-08-05,1992-08-30,1992-08-18,DELIVER IN PERSON,FOB,ever regular id
38533-1,38533,244,26,1,7.00,8009.68,0.01,0.05,N,O,1997-02-22,1997-05-07,1997-03-23,NONE,MAIL,pending requests cajole fl
38533-2,38533,1150,87,2,39.00,40994.85,0.02,0.06,N,O,1997-06-02,1997-04-13,1997-06-28,COLLECT COD,REG AIR,d theodolites cajo
38533-3,38533,696,97,3,12.00,19160.28,0.08,0.00,N,O,1997-03-05,1997-04-17,1997-03-17,NONE,TRUCK, bold requests sleep 
38533-4,38533,1837,24,4,50.00,86941.50,0.07,0.04,N,O,1997-04-09,1997-04-08,1997-04-17,TAKE BACK RETURN,FOB,ly. bravely special re
38533-5,38533,1075,11,5,50.00,48803.50,0.03,0.06,N,O,1997-05-03,1997-03-23,1997-05-28,NONE,FOB,"nts across the bold, unus"
38534-1,38534,765,30,1,42.00,69961.92,0.09,0.06,N,O,1997-04-11,1997-02-23,1997-04-17,NONE,TRUCK,aring gifts
38534-2,38534,1705,90,2,6.00,9640.20,0.02,0.00,N,O,1997-03-15,1997-02-25,1997-03-19,NONE,RAIL,g requests under the blithely 
38534-3,38534,1395,96,3,4.00,5185.56,0.08,0.07,N,O,1997-03-22,1997-03-20,1997-03-23,COLLECT COD,FOB,sly alongside of
38534-4,38534,416,4,4,49.00,64504.09,0.03,0.00,N,O,1997-01-02,1997-03-02,1997-01-17,COLLECT COD,REG AIR,kages. final excuses s
38534-5,38534,617,18,5,38.00,57669.18,0.10,0.08,N,O,1997-04-02,1997-03-05,1997-04-03,DELIVER IN PERSON,REG AIR,iously carefully even instructions
38534-6,38534,1937,82,6,14.00,25745.02,0.04,0.03,N,O,1997-03-17,1997-02-23,1997-04-11,DELIVER IN PERSON,SHIP,inments. doggedly silent pinto bean
38534-7,38534,1556,97,7,4.00,5830.20,0.08,0.06,N,O,1997-04-22,1997-02-16,1997-05-16,TAKE BACK RETURN,MAIL,s wake carefully. furiously da
38535-1,38535,1348,25,1,7.00,8745.38,0.02,0.06,A,F,1992-08-19,1992-09-23,1992-08-30,NONE,RAIL,lyly even deposits. exp
38560-1,38560,737,2,1,8.00,13101.84,0.05,0.00,N,O,1996-03-23,1996-03-25,1996-04-04,COLLECT COD,REG AIR, epitaphs. carefully special instructions c
38560-2,38560,1433,73,2,23.00,30691.89,0.01,0.00,N,O,1996-04-17,1996-04-03,1996-05-10,NONE,AIR,ly among the carefully bo
38560-3,38560,1092,28,3,45.00,44689.05,0.01,0.04,N,O,1996-05-25,1996-03-30,1996-05-27,COLLECT COD,AIR,haggle carefully
38560-4,38560,1574,15,4,2.00,2951.14,0.09,0.00,N,O,1996-05-11,1996-05-01,1996-05-23,DELIVER IN PERSON,MAIL,uickly special requests sleep blithely qui
38560-5,38560,642,5,5,50.00,77132.00,0.01,0.07,N,O,1996-04-28,1996-05-02,1996-05-07,COLLECT COD,MAIL, warhorses? theod
38560-6,38560,8,9,6,32.00,29056.00,0.00,0.04,N,O,1996-05-21,1996-04-19,1996-05-28,COLLECT COD,MAIL, wake slyly ideas. depo
38561-1,38561,1804,5,1,34.00,57997.20,0.05,0.05,N,O,1995-09-03,1995-11-22,1995-10-03,DELIVER IN PERSON,AIR,ymptotes use slyly daring reques
38561-2,38561,1756,83,2,38.00,62994.50,0.06,0.00,N,O,1995-10-18,1995-11-05,1995-10-29,TAKE BACK RETURN,RAIL,ress deposits haggle carefully around
38562-1,38562,466,67,1,38.00,51925.48,0.10,0.05,A,F,1994-02-20,1994-02-09,1994-03-09,DELIVER IN PERSON,FOB,fter the blithely ironic foxes af
38562-2,38562,329,30,2,22.00,27045.04,0.09,0.06,R,F,1994-01-26,1994-03-05,1994-02-16,DELIVER IN PERSON,REG AIR,to beans sleep slyly afte
38563-1,38563,1137,38,1,25.00,25953.25,0.04,0.00,R,F,1992-10-23,1992-08-10,1992-10-29,COLLECT COD,TRUCK,l accounts wake sl
38563-2,38563,1471,50,2,48.00,65878.56,0.01,0.03,R,F,1992-11-03,1992-08-14,1992-11-26,NONE,REG AIR,"dolites cajole final, regular requ"
38563-3,38563,172,51,3,49.00,52536.33,0.05,0.06,R,F,1992-08-29,1992-08-12,1992-09-27,TAKE BACK RETURN,TRUCK,ans haggle on the quickly 
38564-1,38564,955,90,1,13.00,24127.35,0.04,0.03,A,F,1994-12-19,1995-01-17,1995-01-16,DELIVER IN PERSON,MAIL,final plate
38564-2,38564,265,66,2,15.00,17478.90,0.02,0.03,R,F,1995-02-27,1994-12-04,1995-03-29,NONE,REG AIR, packages are carefully
38564-3,38564,1350,51,3,20.00,25027.00,0.08,0.00,R,F,1994-12-12,1995-01-11,1994-12-17,COLLECT COD,RAIL,es. requests above the reques
38564-4,38564,1201,76,4,39.00,42985.80,0.00,0.02,R,F,1995-01-24,1995-01-22,1995-02-14,NONE,TRUCK, the special instructions are blithely 
38564-5,38564,1781,8,5,17.00,28607.26,0.04,0.00,A,F,1995-03-02,1994-12-16,1995-03-16,TAKE BACK RETURN,REG AIR,uriously express requests may mold careful
38564-6,38564,1056,27,6,35.00,33496.75,0.04,0.05,A,F,1994-12-24,1995-01-21,1994-12-28,NONE,REG AIR, beans haggle-- furiously pending
38564-7,38564,464,65,7,44.00,60036.24,0.07,0.01,R,F,1994-11-15,1995-01-30,1994-11-20,COLLECT COD,TRUCK,egular packages haggle fluffily ca
38565-1,38565,1822,66,1,44.00,75848.08,0.02,0.02,A,F,1994-04-04,1994-05-11,1994-05-01,DELIVER IN PERSON,RAIL,haggle aft
38565-2,38565,1431,71,2,27.00,35975.61,0.01,0.05,R,F,1994-07-08,1994-06-03,1994-07-10,NONE,TRUCK,special request
38565-3,38565,1552,93,3,16.00,23256.80,0.01,0.01,A,F,1994-07-16,1994-06-07,1994-08-07,NONE,FOB,endencies. slyly special ideas 
38565-4,38565,76,27,4,25.00,24401.75,0.03,0.02,R,F,1994-05-26,1994-06-18,1994-06-12,NONE,AIR, along the slyly final foxes. fur
38565-5,38565,441,42,5,33.00,44267.52,0.00,0.07,R,F,1994-05-22,1994-05-29,1994-06-05,TAKE BACK RETURN,MAIL, furiously final packages unw
38565-6,38565,157,84,6,24.00,25371.60,0.00,0.05,R,F,1994-06-13,1994-06-23,1994-07-06,TAKE BACK RETURN,FOB,arefully sp
38565-7,38565,1758,59,7,23.00,38174.25,0.04,0.07,R,F,1994-07-22,1994-05-02,1994-08-12,TAKE BACK RETURN,TRUCK,of the quickl
38566-1,38566,1917,62,1,1.00,1818.91,0.05,0.01,N,O,1996-02-18,1996-02-28,1996-03-06,COLLECT COD,FOB,osits. quickly
38566-2,38566,23,49,2,6.00,5538.12,0.09,0.07,N,O,1996-04-30,1996-03-10,1996-05-05,NONE,FOB,unusual accounts
38566-3,38566,1792,19,3,36.00,60976.44,0.06,0.01,N,O,1996-04-26,1996-02-29,1996-05-05,DELIVER IN PERSON,RAIL," ironic, special"
38567-1,38567,684,85,1,39.00,61802.52,0.06,0.04,N,O,1997-09-12,1997-07-26,1997-09-19,COLLECT COD,TRUCK,mptotes. ruthlessly
38567-2,38567,244,72,2,16.00,18307.84,0.10,0.02,N,O,1997-06-25,1997-07-23,1997-06-30,TAKE BACK RETURN,REG AIR, bold ideas. unusual requests ha
38567-3,38567,1270,71,3,2.00,2342.54,0.03,0.01,N,O,1997-07-05,1997-06-29,1997-07-15,TAKE BACK RETURN,AIR,posits. fluffily f
38567-4,38567,1284,59,4,12.00,14223.36,0.01,0.08,N,O,1997-07-03,1997-06-19,1997-08-01,COLLECT COD,TRUCK,ld pinto beans wake bl
38567-5,38567,606,69,5,16.00,24105.60,0.02,0.04,N,O,1997-06-01,1997-06-16,1997-06-22,DELIVER IN PERSON,REG AIR,ckages after the furiously
38567-6,38567,1967,100,6,14.00,26165.44,0.05,0.00,N,O,1997-06-15,1997-07-17,1997-06-16,COLLECT COD,AIR,fully special accounts. furiously eve
38592-1,38592,1861,5,1,42.00,74040.12,0.00,0.06,N,O,1997-05-09,1997-04-29,1997-05-12,COLLECT COD,SHIP, carefully. furiously pending
38593-1,38593,492,80,1,15.00,20887.35,0.07,0.08,N,O,1997-01-28,1997-01-27,1997-02-24,COLLECT COD,SHIP,"requests: regular, "
38593-2,38593,1619,2,2,5.00,7603.05,0.04,0.00,N,O,1997-03-02,1997-02-13,1997-03-03,NONE,RAIL,ven packages wa
38593-3,38593,246,1,3,27.00,30948.48,0.01,0.08,N,O,1997-03-26,1997-02-18,1997-04-18,DELIVER IN PERSON,REG AIR,ccounts. furiously pending packa
38594-1,38594,1920,65,1,26.00,47369.92,0.05,0.07,A,F,1995-01-08,1995-02-17,1995-02-04,DELIVER IN PERSON,AIR,ide of the quietly ir
38594-2,38594,1823,10,2,4.00,6899.28,0.10,0.02,A,F,1995-01-08,1995-02-07,1995-02-03,TAKE BACK RETURN,RAIL, furiously. fl
38594-3,38594,63,14,3,40.00,38522.40,0.08,0.07,R,F,1995-02-23,1995-02-03,1995-02-24,COLLECT COD,RAIL, express ideas. accounts use furiously iro
38594-4,38594,483,42,4,50.00,69174.00,0.02,0.01,A,F,1995-02-05,1995-02-28,1995-03-06,COLLECT COD,REG AIR,ides the deposits. final instru
38595-1,38595,78,29,1,26.00,25429.82,0.10,0.04,N,O,1996-12-24,1997-03-05,1996-12-30,COLLECT COD,TRUCK,instruction
38596-1,38596,1883,84,1,43.00,76749.84,0.05,0.02,R,F,1993-04-09,1993-06-25,1993-04-25,TAKE BACK RETURN,AIR,slyly even instructions doze
38597-1,38597,1802,89,1,11.00,18741.80,0.09,0.06,R,F,1992-04-11,1992-03-12,1992-04-28,DELIVER IN PERSON,AIR,s boost unusual packages. 
38597-2,38597,672,73,2,8.00,12581.36,0.04,0.00,A,F,1992-03-11,1992-05-03,1992-04-08,COLLECT COD,REG AIR,ly unusual requests. packages n
38597-3,38597,713,46,3,20.00,32274.20,0.06,0.08,R,F,1992-02-11,1992-03-07,1992-03-07,NONE,RAIL,"ideas. ironic, special id"
38597-4,38597,1641,65,4,23.00,35480.72,0.03,0.01,R,F,1992-02-26,1992-03-31,1992-03-01,DELIVER IN PERSON,REG AIR,egular somas wake slyly slyly even foxes.
38597-5,38597,558,19,5,21.00,30629.55,0.02,0.05,R,F,1992-04-07,1992-05-05,1992-05-07,NONE,MAIL,ages cajole furiously among the final pain
38597-6,38597,1181,54,6,38.00,41122.84,0.07,0.03,R,F,1992-04-10,1992-05-02,1992-05-01,TAKE BACK RETURN,SHIP,riously regular acc
38597-7,38597,1937,26,7,7.00,12872.51,0.08,0.03,A,F,1992-05-29,1992-03-21,1992-05-31,DELIVER IN PERSON,FOB,s use quickly furiously regular p
38598-1,38598,1425,43,1,19.00,25201.98,0.09,0.04,A,F,1994-08-29,1994-09-16,1994-09-11,DELIVER IN PERSON,AIR,es. quickly express pinto beans 
38598-2,38598,1722,23,2,35.00,56830.20,0.08,0.04,R,F,1994-11-05,1994-10-28,1994-11-23,NONE,TRUCK, carefully alwa
38598-3,38598,1531,12,3,6.00,8595.18,0.06,0.04,A,F,1994-08-28,1994-10-21,1994-09-12,DELIVER IN PERSON,RAIL,ing deposits use stealthily against
38598-4,38598,1659,42,4,41.00,63986.65,0.01,0.06,A,F,1994-10-20,1994-10-10,1994-10-31,NONE,RAIL,ly express foxes. furiousl
38598-5,38598,583,44,5,48.00,71211.84,0.09,0.00,R,F,1994-09-18,1994-10-04,1994-09-27,DELIVER IN PERSON,MAIL,een the requests use about the carefully
38599-1,38599,1694,36,1,10.00,15956.90,0.10,0.04,R,F,1995-01-12,1995-01-06,1995-01-17,DELIVER IN PERSON,MAIL,even instructions. 
38599-2,38599,295,23,2,16.00,19124.64,0.03,0.08,R,F,1995-02-21,1994-12-11,1995-03-12,NONE,FOB,around the quickly final pi
38599-3,38599,502,33,3,50.00,70125.00,0.01,0.00,A,F,1995-02-09,1994-12-18,1995-02-24,DELIVER IN PERSON,MAIL,ost. furiously ironic dolphins are slyly
38624-1,38624,1839,40,1,49.00,85300.67,0.02,0.00,N,O,1998-02-17,1998-04-25,1998-02-26,DELIVER IN PERSON,RAIL,lyly final deposits above the 
38624-2,38624,1791,76,2,37.00,62633.23,0.02,0.02,N,O,1998-05-18,1998-05-02,1998-06-10,NONE,REG AIR,ly after the pen
38624-3,38624,1923,12,3,33.00,60222.36,0.08,0.00,N,O,1998-03-24,1998-04-05,1998-04-02,TAKE BACK RETURN,TRUCK,y final ideas. requests ha
38624-4,38624,1648,49,4,20.00,30992.80,0.01,0.03,N,O,1998-05-30,1998-05-17,1998-06-09,DELIVER IN PERSON,SHIP,ts. unusual deposits cajole. blithely blit
38625-1,38625,1745,72,1,44.00,72456.56,0.02,0.02,A,F,1993-11-27,1993-12-20,1993-12-23,NONE,AIR,ost carefully across the furiou
38625-2,38625,506,97,2,1.00,1406.50,0.07,0.02,R,F,1994-01-13,1994-01-29,1994-01-15,DELIVER IN PERSON,MAIL,ptotes unwind quickly above the carefully
38625-3,38625,770,71,3,48.00,80196.96,0.05,0.00,A,F,1994-03-08,1993-12-22,1994-03-21,DELIVER IN PERSON,SHIP,ly regular packages nag quickly express 
38625-4,38625,781,82,4,34.00,57180.52,0.01,0.04,A,F,1994-03-09,1993-12-27,1994-04-04,NONE,REG AIR,nding dinos use quickly ironic packages. fu
38625-5,38625,215,16,5,4.00,4460.84,0.04,0.08,R,F,1994-01-03,1993-12-22,1994-01-07,COLLECT COD,RAIL,"ress accounts. special, even instruc"
38626-1,38626,878,12,1,24.00,42692.88,0.05,0.08,N,O,1997-05-13,1997-06-13,1997-05-28,NONE,REG AIR,ts. quickly unusual pac
38626-2,38626,1573,74,2,25.00,36864.25,0.04,0.01,N,O,1997-06-30,1997-07-11,1997-07-07,COLLECT COD,FOB,ously. express instruc
38626-3,38626,1212,13,3,34.00,37849.14,0.03,0.03,N,O,1997-05-25,1997-06-16,1997-06-13,COLLECT COD,RAIL,ets. packages boost fluf
38626-4,38626,1636,78,4,18.00,27677.34,0.07,0.02,N,O,1997-05-13,1997-06-27,1997-05-18,NONE,MAIL,usly unusual packages wake. 
38626-5,38626,122,49,5,22.00,22486.64,0.10,0.07,N,O,1997-05-15,1997-05-31,1997-05-20,TAKE BACK RETURN,MAIL,arefully final a
38627-1,38627,51,2,1,43.00,40895.15,0.05,0.01,R,F,1994-11-22,1994-12-01,1994-12-17,TAKE BACK RETURN,REG AIR,. furiously special foxes boost af
38628-1,38628,894,94,1,5.00,8974.45,0.07,0.02,N,O,1995-11-03,1996-01-24,1995-11-18,DELIVER IN PERSON,TRUCK,"lar ideas. regular, express deposits sleep "
38629-1,38629,12,13,1,48.00,43776.48,0.06,0.02,N,O,1997-08-08,1997-07-03,1997-08-15,COLLECT COD,AIR,iously slyly even requests. excuses
38629-2,38629,1333,48,2,11.00,13577.63,0.02,0.08,N,O,1997-07-08,1997-07-16,1997-07-31,NONE,RAIL,al packages are furiously. s
38629-3,38629,1417,57,3,36.00,47462.76,0.03,0.03,N,O,1997-05-25,1997-07-15,1997-06-23,DELIVER IN PERSON,MAIL,as. quickly ev
38629-4,38629,790,91,4,37.00,62559.23,0.05,0.02,N,O,1997-06-18,1997-07-19,1997-06-19,COLLECT COD,RAIL,beans affix. carefully silent foxes sleep a
38629-5,38629,1847,48,5,2.00,3497.68,0.07,0.06,N,O,1997-06-07,1997-06-05,1997-06-23,TAKE BACK RETURN,REG AIR," pending, regular accounts; p"
38629-6,38629,467,55,6,16.00,21879.36,0.06,0.00,N,O,1997-04-26,1997-05-27,1997-05-21,TAKE BACK RETURN,RAIL,deposits p
38630-1,38630,501,32,1,20.00,28030.00,0.09,0.05,A,F,1993-06-09,1993-06-17,1993-06-24,DELIVER IN PERSON,MAIL,uests. accounts sleep attainm
38630-2,38630,783,80,2,35.00,58932.30,0.06,0.02,R,F,1993-05-29,1993-06-17,1993-06-07,TAKE BACK RETURN,RAIL,n theodolites are furio
38630-3,38630,643,75,3,8.00,12349.12,0.10,0.08,R,F,1993-06-29,1993-06-15,1993-07-21,DELIVER IN PERSON,REG AIR,eans. slyly final courts sleep across the 
38630-4,38630,1728,55,4,46.00,74967.12,0.06,0.05,R,F,1993-07-05,1993-07-11,1993-07-18,NONE,SHIP,ully silent deposits haggle 
38630-5,38630,61,87,5,41.00,39403.46,0.02,0.02,A,F,1993-08-05,1993-07-16,1993-08-15,DELIVER IN PERSON,REG AIR,lar requests w
38630-6,38630,766,31,6,46.00,76670.96,0.07,0.03,R,F,1993-06-22,1993-06-10,1993-06-25,NONE,REG AIR,e blithely fin
38630-7,38630,784,49,7,14.00,23586.92,0.00,0.02,A,F,1993-08-15,1993-07-04,1993-08-25,NONE,RAIL, requests! excuses use
38631-1,38631,608,2,1,15.00,22629.00,0.03,0.07,N,O,1997-11-15,1998-02-06,1997-11-17,TAKE BACK RETURN,MAIL,boost furiousl
38631-2,38631,1846,76,2,1.00,1747.84,0.10,0.06,N,O,1997-12-03,1998-01-14,1997-12-09,DELIVER IN PERSON,TRUCK,carefully along
38631-3,38631,363,48,3,46.00,58114.56,0.08,0.00,N,O,1997-11-14,1998-01-04,1997-11-16,TAKE BACK RETURN,TRUCK,uickly furiousl
38631-4,38631,1648,90,4,37.00,57336.68,0.05,0.08,N,O,1997-12-11,1998-01-11,1998-01-05,NONE,MAIL,e slyly final deposi
38631-5,38631,1569,50,5,34.00,49999.04,0.00,0.04,N,O,1998-01-09,1998-01-10,1998-01-17,TAKE BACK RETURN,MAIL,refully regular pint
38631-6,38631,1092,98,6,9.00,8937.81,0.10,0.05,N,O,1998-01-30,1998-01-14,1998-02-04,TAKE BACK RETURN,RAIL,hely regular accounts. quickly
38631-7,38631,132,59,7,40.00,41285.20,0.03,0.00,N,O,1997-12-04,1998-01-04,1997-12-17,TAKE BACK RETURN,AIR, furiously final packages. enticingly 
38656-1,38656,237,19,1,9.00,10235.07,0.02,0.02,A,F,1992-08-24,1992-10-20,1992-09-03,TAKE BACK RETURN,AIR,ular deposits. blithel
38656-2,38656,1196,69,2,7.00,7680.33,0.00,0.08,A,F,1992-11-15,1992-10-12,1992-12-15,DELIVER IN PERSON,FOB,special dolphins use slyly above t
38656-3,38656,1511,32,3,42.00,59325.42,0.09,0.00,R,F,1992-11-09,1992-10-22,1992-11-11,COLLECT COD,TRUCK,gular packages sleep. furiously specia
38656-4,38656,1355,94,4,29.00,36434.15,0.04,0.08,A,F,1992-10-23,1992-10-11,1992-10-24,DELIVER IN PERSON,TRUCK,ons sleep. carefull
38656-5,38656,1154,27,5,12.00,12661.80,0.08,0.02,A,F,1992-10-25,1992-10-20,1992-11-15,TAKE BACK RETURN,FOB,instructions promise after th
38657-1,38657,639,71,1,28.00,43109.64,0.09,0.04,A,F,1993-08-06,1993-07-22,1993-08-27,DELIVER IN PERSON,FOB,s boost quickly special accounts. bl
38657-2,38657,849,50,2,26.00,45495.84,0.09,0.07,A,F,1993-07-26,1993-08-10,1993-08-18,NONE,TRUCK,ecial foxes. instructions beli
38657-3,38657,1034,5,3,21.00,19635.63,0.02,0.04,R,F,1993-07-09,1993-07-05,1993-07-17,DELIVER IN PERSON,TRUCK,sits print foxes. reg
38658-1,38658,222,50,1,26.00,29177.72,0.00,0.08,N,O,1997-07-19,1997-09-23,1997-08-10,COLLECT COD,TRUCK,express theodolites. slyly exp
38658-2,38658,1894,24,2,19.00,34121.91,0.10,0.00,N,O,1997-07-19,1997-08-07,1997-08-15,DELIVER IN PERSON,SHIP,inal deposits boost beside the sly
38658-3,38658,589,80,3,40.00,59583.20,0.10,0.02,N,O,1997-09-15,1997-09-21,1997-09-26,DELIVER IN PERSON,MAIL, deposits sleep
38659-1,38659,1898,28,1,27.00,48597.03,0.09,0.07,R,F,1993-06-14,1993-05-23,1993-06-30,DELIVER IN PERSON,AIR,eath the furiously even deposits wake 
38659-2,38659,59,60,2,10.00,9590.50,0.10,0.07,R,F,1993-07-07,1993-06-16,1993-07-26,NONE,FOB,foxes. carefully regular platelets w
38659-3,38659,504,95,3,5.00,7022.50,0.03,0.01,A,F,1993-05-16,1993-05-21,1993-06-01,NONE,TRUCK,ular asymptotes cajole. final foxes al
38659-4,38659,715,80,4,22.00,35545.62,0.05,0.04,A,F,1993-04-17,1993-05-07,1993-04-24,TAKE BACK RETURN,RAIL,he even ideas must cajole furiously fina
38659-5,38659,1636,37,5,39.00,59967.57,0.03,0.08,R,F,1993-06-19,1993-05-13,1993-06-29,DELIVER IN PERSON,FOB,g requests eng
38659-6,38659,843,77,6,9.00,15694.56,0.06,0.04,A,F,1993-07-28,1993-06-24,1993-08-04,DELIVER IN PERSON,REG AIR,nic requests. bold foxes wake perman
38660-1,38660,1770,71,1,22.00,36778.94,0.10,0.00,A,F,1993-04-02,1993-01-29,1993-04-21,NONE,AIR,. packages about
38660-2,38660,465,24,2,12.00,16385.52,0.00,0.00,R,F,1993-02-02,1993-02-15,1993-02-11,TAKE BACK RETURN,SHIP,cial ideas 
38661-1,38661,429,17,1,40.00,53176.80,0.10,0.02,A,F,1992-04-15,1992-04-30,1992-05-04,COLLECT COD,FOB,ests will ca
38661-2,38661,686,80,2,23.00,36493.64,0.05,0.08,A,F,1992-05-02,1992-03-27,1992-05-07,COLLECT COD,TRUCK, across the final asymptotes sleep 
38661-3,38661,1477,95,3,41.00,56517.27,0.05,0.04,A,F,1992-06-13,1992-03-27,1992-06-23,COLLECT COD,MAIL,ctions. quickly ironic instru
38661-4,38661,1876,6,4,30.00,53336.10,0.08,0.06,A,F,1992-04-30,1992-05-04,1992-05-09,DELIVER IN PERSON,TRUCK,es nag among the deposits. fluffily u
38661-5,38661,1144,45,5,21.00,21947.94,0.05,0.00,R,F,1992-04-03,1992-05-03,1992-04-27,TAKE BACK RETURN,FOB,hlessly idea
38661-6,38661,1093,64,6,7.00,6958.63,0.01,0.00,R,F,1992-05-08,1992-03-15,1992-05-21,COLLECT COD,RAIL,s cajole blithely express accounts
38661-7,38661,468,98,7,29.00,39685.34,0.03,0.01,A,F,1992-03-31,1992-04-01,1992-04-20,TAKE BACK RETURN,SHIP,egular requests haggle thinly blithel
38662-1,38662,1611,35,1,34.00,51428.74,0.07,0.06,N,O,1996-02-29,1996-02-07,1996-03-28,COLLECT COD,TRUCK,kly busy deposits. final requests wake 
38662-2,38662,1808,95,2,26.00,44454.80,0.04,0.01,N,O,1995-12-21,1996-02-16,1996-01-01,TAKE BACK RETURN,SHIP,hely furio
38662-3,38662,822,56,3,32.00,55130.24,0.02,0.02,N,O,1996-01-11,1996-01-01,1996-02-06,DELIVER IN PERSON,AIR,platelets affix furiou
38663-1,38663,1298,99,1,41.00,49170.89,0.03,0.01,N,O,1997-06-02,1997-07-11,1997-06-17,TAKE BACK RETURN,SHIP,requests nag. blithely unusua
38663-2,38663,113,40,2,21.00,21275.31,0.08,0.02,N,O,1997-05-14,1997-07-07,1997-06-09,NONE,REG AIR,nt pinto beans. furiously pending din
38688-1,38688,693,87,1,10.00,15936.90,0.10,0.07,N,O,1998-09-03,1998-07-26,1998-09-27,TAKE BACK RETURN,FOB,heodolites about the unusual packa
38688-2,38688,920,21,2,29.00,52806.68,0.00,0.06,N,O,1998-07-31,1998-08-02,1998-08-21,TAKE BACK RETURN,RAIL,"le, final theodolites. i"
38688-3,38688,1243,18,3,31.00,35471.44,0.09,0.06,N,O,1998-06-26,1998-07-23,1998-07-16,TAKE BACK RETURN,FOB,iously carefully even deposits
38688-4,38688,267,22,4,31.00,36185.06,0.09,0.03,N,O,1998-08-28,1998-08-31,1998-09-19,TAKE BACK RETURN,REG AIR,ending foxes a
38688-5,38688,1721,6,5,23.00,37322.56,0.04,0.05,N,O,1998-09-07,1998-08-21,1998-09-17,TAKE BACK RETURN,REG AIR,nts. blithel
38689-1,38689,1593,74,1,21.00,31386.39,0.03,0.03,A,F,1994-08-02,1994-07-20,1994-08-11,NONE,FOB,fully. silently f
38689-2,38689,1537,38,2,40.00,57541.20,0.09,0.07,A,F,1994-05-19,1994-06-30,1994-05-31,COLLECT COD,AIR,usly. idly even ideas use careful
38689-3,38689,194,21,3,26.00,28448.94,0.07,0.06,R,F,1994-05-30,1994-06-03,1994-06-06,DELIVER IN PERSON,SHIP,osits sleep carefully across the regular ex
38690-1,38690,531,32,1,18.00,25767.54,0.06,0.01,R,F,1992-01-27,1992-04-09,1992-02-06,NONE,SHIP,gle around t
38690-2,38690,1756,83,2,1.00,1657.75,0.08,0.03,A,F,1992-03-30,1992-03-19,1992-04-05,DELIVER IN PERSON,TRUCK,regular accounts. fluffily bold packages do
38690-3,38690,1413,53,3,10.00,13144.10,0.03,0.03,A,F,1992-02-10,1992-04-11,1992-02-12,TAKE BACK RETURN,RAIL,lowly after the slyly regul
38690-4,38690,568,59,4,27.00,39651.12,0.03,0.07,A,F,1992-03-02,1992-04-09,1992-03-23,NONE,AIR, beans along the final accounts sleep furi
38691-1,38691,1432,11,1,35.00,46670.05,0.07,0.05,N,O,1995-06-26,1995-05-08,1995-07-10,TAKE BACK RETURN,FOB, ideas. blithel
38692-1,38692,177,56,1,50.00,53858.50,0.07,0.04,N,O,1996-03-12,1996-03-24,1996-03-25,NONE,MAIL,ns. furiously
38693-1,38693,460,48,1,2.00,2720.92,0.08,0.06,N,O,1995-10-06,1995-08-27,1995-10-20,TAKE BACK RETURN,AIR,even warhorses.
38694-1,38694,1325,26,1,11.00,13489.52,0.02,0.06,N,O,1998-08-26,1998-08-01,1998-09-23,COLLECT COD,FOB,"ecial, bold packages hang "
38694-2,38694,479,9,2,1.00,1379.47,0.00,0.03,N,O,1998-09-24,1998-09-17,1998-09-29,COLLECT COD,REG AIR, wake furiously acr
38695-1,38695,127,28,1,2.00,2054.24,0.08,0.07,N,O,1997-11-02,1997-10-06,1997-11-26,NONE,REG AIR,efully ironic sentiments after the flu
38720-1,38720,1758,59,1,21.00,34854.75,0.08,0.05,N,O,1998-05-11,1998-05-28,1998-05-25,DELIVER IN PERSON,AIR,tes sleep blithely according to the unusu
38720-2,38720,323,52,2,31.00,37922.92,0.04,0.00,N,O,1998-04-05,1998-06-04,1998-04-14,TAKE BACK RETURN,RAIL,usual asymptotes across the fl
38720-3,38720,48,99,3,13.00,12324.52,0.09,0.03,N,O,1998-04-21,1998-05-23,1998-05-19,DELIVER IN PERSON,RAIL, are slyly? final theodolites a
38720-4,38720,1749,34,4,40.00,66029.60,0.01,0.05,N,O,1998-04-07,1998-06-28,1998-04-23,COLLECT COD,SHIP,es. furiously i
38720-5,38720,1818,19,5,1.00,1719.81,0.10,0.01,N,O,1998-07-05,1998-05-24,1998-07-18,TAKE BACK RETURN,REG AIR,uick ideas sleep
38721-1,38721,182,83,1,16.00,17314.88,0.04,0.07,A,F,1994-04-21,1994-06-17,1994-04-22,NONE,MAIL," above the even, even warthogs use furiousl"
38721-2,38721,96,72,2,9.00,8964.81,0.05,0.04,R,F,1994-04-29,1994-06-15,1994-04-30,COLLECT COD,AIR,ironic accounts wake
38721-3,38721,26,27,3,6.00,5556.12,0.00,0.00,A,F,1994-05-15,1994-05-25,1994-06-11,NONE,TRUCK,s engage quickly. carefully enticing accoun
38721-4,38721,1187,88,4,20.00,21763.60,0.09,0.06,A,F,1994-04-19,1994-06-19,1994-05-02,TAKE BACK RETURN,SHIP,ructions use blithely about the carefully
38721-5,38721,1595,76,5,33.00,49387.47,0.06,0.02,R,F,1994-04-01,1994-04-24,1994-04-12,TAKE BACK RETURN,RAIL,s. quickly ironic requests
38721-6,38721,1724,9,6,38.00,61777.36,0.02,0.03,R,F,1994-07-24,1994-05-04,1994-08-09,DELIVER IN PERSON,FOB, wake. slyly regular theod
38721-7,38721,930,33,7,2.00,3661.86,0.06,0.05,A,F,1994-05-24,1994-05-04,1994-06-09,TAKE BACK RETURN,RAIL,requests detect foxes: sl
38722-1,38722,1610,34,1,21.00,31743.81,0.08,0.02,N,O,1997-07-01,1997-05-09,1997-07-28,TAKE BACK RETURN,TRUCK,ts. blithely express foxes wake
38722-2,38722,136,63,2,39.00,40409.07,0.01,0.03,N,O,1997-04-21,1997-05-12,1997-04-23,DELIVER IN PERSON,RAIL,dolites. furiously final excuses are: de
38722-3,38722,1368,7,3,28.00,35542.08,0.08,0.00,N,O,1997-07-05,1997-06-10,1997-07-27,NONE,SHIP,ly regular packages.
38722-4,38722,1978,67,4,9.00,16919.73,0.08,0.03,N,O,1997-03-31,1997-05-15,1997-04-19,NONE,RAIL,instruction
38722-5,38722,1883,27,5,46.00,82104.48,0.01,0.07,N,O,1997-03-31,1997-06-09,1997-04-08,DELIVER IN PERSON,AIR, carefully fi
38722-6,38722,1035,6,6,37.00,34633.11,0.04,0.02,N,O,1997-05-09,1997-06-14,1997-05-26,COLLECT COD,REG AIR, furiously eve
38723-1,38723,1382,83,1,22.00,28234.36,0.02,0.07,A,F,1992-11-05,1992-11-21,1992-11-24,TAKE BACK RETURN,AIR, regular packa
38723-2,38723,1680,22,2,40.00,63267.20,0.06,0.02,R,F,1992-12-03,1992-11-20,1992-12-21,COLLECT COD,AIR,osits nag carefully. furiously even
38723-3,38723,1211,86,3,10.00,11122.10,0.08,0.02,R,F,1992-12-31,1992-11-09,1993-01-12,NONE,REG AIR,sleep furious
38723-4,38723,1604,46,4,47.00,70763.20,0.07,0.07,R,F,1992-12-30,1992-12-18,1993-01-05,TAKE BACK RETURN,SHIP, accounts affi
38723-5,38723,634,35,5,27.00,41435.01,0.06,0.03,R,F,1992-11-30,1992-12-20,1992-12-11,TAKE BACK RETURN,TRUCK,uests. fur
38724-1,38724,1220,95,1,10.00,11212.20,0.02,0.01,N,O,1997-10-13,1997-09-28,1997-11-11,DELIVER IN PERSON,REG AIR," the pending, s"
38725-1,38725,1281,19,1,21.00,24827.88,0.01,0.01,A,F,1994-11-09,1994-08-27,1994-11-11,NONE,MAIL, instructions nag. blithely si
38725-2,38725,519,20,2,24.00,34068.24,0.10,0.08,R,F,1994-11-05,1994-09-08,1994-12-04,NONE,REG AIR, final theo
38725-3,38725,1667,68,3,39.00,61177.74,0.10,0.03,R,F,1994-11-09,1994-09-03,1994-12-09,DELIVER IN PERSON,REG AIR, packages wake fluffily according to th
38725-4,38725,1853,40,4,29.00,50890.65,0.05,0.05,R,F,1994-09-28,1994-10-02,1994-10-17,NONE,AIR,are thinly slyly enticing asympto
38726-1,38726,93,19,1,18.00,17875.62,0.07,0.05,R,F,1994-08-05,1994-08-04,1994-08-12,TAKE BACK RETURN,MAIL,ic packages cajole furiously.
38726-2,38726,699,31,2,21.00,33593.49,0.00,0.03,R,F,1994-08-20,1994-07-18,1994-08-24,TAKE BACK RETURN,SHIP,cuses detect sly
38726-3,38726,470,71,3,9.00,12334.23,0.07,0.07,R,F,1994-05-25,1994-08-10,1994-06-14,DELIVER IN PERSON,REG AIR,refully final deposits
38726-4,38726,897,64,4,18.00,32362.02,0.07,0.03,R,F,1994-07-05,1994-07-06,1994-07-14,DELIVER IN PERSON,AIR,jole quickly alongside of th
38726-5,38726,1492,93,5,41.00,57133.09,0.07,0.01,A,F,1994-05-23,1994-06-21,1994-06-03,COLLECT COD,SHIP,y. regular packages play blithely against
38726-6,38726,661,55,6,29.00,45288.14,0.07,0.00,A,F,1994-07-18,1994-07-10,1994-08-13,TAKE BACK RETURN,RAIL,"urts among the final, ironic reques"
38727-1,38727,967,70,1,16.00,29887.36,0.04,0.05,R,F,1993-07-23,1993-07-25,1993-07-24,DELIVER IN PERSON,SHIP,packages. carefully ironic 
38727-2,38727,1768,69,2,23.00,38404.48,0.07,0.08,R,F,1993-09-16,1993-08-17,1993-09-17,COLLECT COD,MAIL,refully even deposits are blithely along
38727-3,38727,899,66,3,22.00,39597.58,0.05,0.05,A,F,1993-06-28,1993-07-16,1993-07-04,COLLECT COD,TRUCK,pecial dependencies. bravely unusual
38727-4,38727,1817,4,4,40.00,68752.40,0.08,0.05,R,F,1993-08-04,1993-08-19,1993-09-03,COLLECT COD,RAIL,slyly fluffi
38752-1,38752,7,8,1,21.00,19047.00,0.09,0.02,A,F,1994-12-01,1994-12-08,1994-12-09,COLLECT COD,MAIL, regular instr
38752-2,38752,1783,68,2,17.00,28641.26,0.08,0.00,R,F,1994-12-07,1994-12-28,1994-12-17,DELIVER IN PERSON,MAIL,nic foxes. f
38752-3,38752,476,77,3,35.00,48176.45,0.06,0.08,A,F,1994-12-26,1994-11-10,1995-01-23,COLLECT COD,TRUCK,. fluffily regular 
38752-4,38752,876,77,4,27.00,47975.49,0.08,0.05,R,F,1994-12-27,1994-12-16,1995-01-11,NONE,SHIP,theodolites at the unusual accounts slee
38752-5,38752,1981,26,5,35.00,65904.30,0.02,0.06,A,F,1994-11-09,1994-12-20,1994-11-29,DELIVER IN PERSON,REG AIR,unts. regular foxes are
38753-1,38753,90,16,1,6.00,5940.54,0.06,0.08,R,F,1993-12-13,1993-12-03,1994-01-10,TAKE BACK RETURN,MAIL,lent packages are furiously 
38753-2,38753,1343,20,2,12.00,14932.08,0.01,0.07,A,F,1993-09-29,1993-11-18,1993-10-29,COLLECT COD,REG AIR,r packages use ruthlessly. ironi
38753-3,38753,116,95,3,19.00,19306.09,0.02,0.06,A,F,1993-11-21,1993-10-21,1993-12-18,COLLECT COD,RAIL,to beans are slyly against the slyly
38753-4,38753,1386,1,4,17.00,21885.46,0.02,0.03,A,F,1993-09-25,1993-10-16,1993-10-06,DELIVER IN PERSON,REG AIR,ss deposits cajole quickly:
38753-5,38753,1605,29,5,8.00,12052.80,0.10,0.06,R,F,1993-10-07,1993-10-30,1993-10-18,TAKE BACK RETURN,AIR,yly quickly bold theodolites. regular ide
38753-6,38753,1598,19,6,27.00,40488.93,0.04,0.02,A,F,1993-11-12,1993-11-05,1993-11-28,TAKE BACK RETURN,SHIP, thin accounts. closely unusual foxe
38754-1,38754,1832,19,1,13.00,22539.79,0.09,0.01,N,O,1997-10-22,1997-10-18,1997-11-08,NONE,RAIL,he pending pinto beans: quickly regul
38754-2,38754,1479,80,2,45.00,62121.15,0.10,0.07,N,O,1997-12-20,1997-11-14,1998-01-07,COLLECT COD,AIR,efully above the furiously even 
38754-3,38754,1269,7,3,42.00,49150.92,0.06,0.08,N,O,1997-12-12,1997-11-06,1997-12-28,DELIVER IN PERSON,MAIL,fily even deposits 
38755-1,38755,1054,55,1,11.00,10505.55,0.09,0.01,N,O,1996-04-18,1996-05-30,1996-05-01,DELIVER IN PERSON,MAIL, regular pinto beans wake furiousl
38755-2,38755,997,98,2,26.00,49347.74,0.05,0.03,N,O,1996-04-04,1996-06-04,1996-04-09,NONE,FOB,ts haggle slyly. fluffily final foxes hagg
38755-3,38755,652,84,3,28.00,43474.20,0.08,0.02,N,O,1996-05-19,1996-05-20,1996-06-01,NONE,TRUCK, brave dolphins-- pen
38755-4,38755,1229,30,4,39.00,44078.58,0.03,0.02,N,O,1996-03-23,1996-04-15,1996-04-11,COLLECT COD,TRUCK,lways special 
38756-1,38756,783,16,1,9.00,15154.02,0.04,0.00,R,F,1994-05-23,1994-06-11,1994-06-07,NONE,RAIL,y regular deposits use carefully acc
38756-2,38756,1708,9,2,31.00,49900.70,0.07,0.02,R,F,1994-05-21,1994-07-14,1994-06-06,TAKE BACK RETURN,TRUCK,packages. ironic deposits wake never 
38756-3,38756,1254,92,3,16.00,18484.00,0.07,0.00,A,F,1994-06-26,1994-06-26,1994-07-26,NONE,TRUCK,te slyly. regular
38756-4,38756,894,95,4,41.00,73590.49,0.04,0.02,R,F,1994-05-18,1994-07-24,1994-06-15,DELIVER IN PERSON,TRUCK, waters solve carefully along the fl
38756-5,38756,1035,36,5,23.00,21528.69,0.01,0.01,A,F,1994-06-19,1994-08-04,1994-06-28,NONE,SHIP,ly unusual 
38757-1,38757,1165,74,1,41.00,43712.56,0.03,0.02,N,O,1998-04-13,1998-05-02,1998-04-22,COLLECT COD,FOB,ts affix furiously. carefully final ins
38757-2,38757,1036,42,2,24.00,22488.72,0.05,0.07,N,O,1998-04-16,1998-03-29,1998-05-07,DELIVER IN PERSON,FOB,refully. car
38757-3,38757,1780,7,3,22.00,36999.16,0.05,0.08,N,O,1998-03-14,1998-04-06,1998-03-28,TAKE BACK RETURN,TRUCK,gular forges are qui
38757-4,38757,1590,71,4,36.00,53697.24,0.08,0.08,N,O,1998-02-20,1998-04-26,1998-03-06,DELIVER IN PERSON,MAIL,reach quickly. inst
38758-1,38758,1052,53,1,35.00,33356.75,0.01,0.06,N,O,1995-10-17,1995-11-13,1995-11-07,TAKE BACK RETURN,SHIP,ages use? express 
38758-2,38758,376,61,2,50.00,63818.50,0.09,0.01,N,O,1995-11-15,1995-12-15,1995-12-09,TAKE BACK RETURN,MAIL,urts sleep furiously enticingly
38758-3,38758,470,58,3,19.00,26038.93,0.06,0.07,N,O,1996-01-02,1995-11-26,1996-01-09,NONE,MAIL,old instructions boost 
38758-4,38758,785,50,4,38.00,64059.64,0.07,0.00,N,O,1995-12-21,1995-11-09,1995-12-22,TAKE BACK RETURN,RAIL, deposits. carefully si
38758-5,38758,1297,9,5,23.00,27560.67,0.05,0.01,N,O,1995-11-14,1995-11-12,1995-12-14,COLLECT COD,MAIL,lar requests. evenly unusual pint
38758-6,38758,1596,17,6,36.00,53913.24,0.00,0.00,N,O,1995-12-19,1995-11-24,1996-01-03,TAKE BACK RETURN,FOB,"regular, ironic f"
38759-1,38759,818,19,1,7.00,12031.67,0.10,0.02,N,O,1996-10-11,1996-09-10,1996-10-30,TAKE BACK RETURN,MAIL,"jole carefully unusual ideas. final, bold"
38759-2,38759,21,97,2,28.00,25788.56,0.00,0.01,N,O,1996-08-29,1996-09-03,1996-09-20,TAKE BACK RETURN,AIR,"fully. final, s"
38759-3,38759,392,93,3,3.00,3877.17,0.07,0.06,N,O,1996-08-30,1996-08-21,1996-09-22,TAKE BACK RETURN,MAIL,final foxes. regularly regular theodol
38759-4,38759,196,75,4,45.00,49328.55,0.01,0.03,N,O,1996-07-31,1996-09-21,1996-08-01,COLLECT COD,AIR, requests haggle against the bravely r
38759-5,38759,912,81,5,44.00,79768.04,0.08,0.02,N,O,1996-10-16,1996-09-09,1996-10-31,NONE,FOB,sits. slyly final i
38784-1,38784,297,79,1,25.00,29932.25,0.06,0.06,R,F,1995-04-26,1995-04-01,1995-04-29,NONE,REG AIR,usly against the never bold d
38785-1,38785,1625,49,1,12.00,18319.44,0.03,0.05,N,O,1997-02-16,1997-03-14,1997-03-13,DELIVER IN PERSON,FOB,lithely regular requests w
38785-2,38785,1088,94,2,21.00,20770.68,0.02,0.00,N,O,1997-05-20,1997-03-08,1997-05-28,NONE,MAIL,accounts. pinto beans use slyly regular
38786-1,38786,1563,64,1,17.00,24897.52,0.07,0.06,N,O,1995-07-26,1995-09-06,1995-08-24,COLLECT COD,SHIP,r the blithely bold theodolites: fi
38786-2,38786,200,79,2,31.00,34106.20,0.01,0.06,N,O,1995-08-18,1995-08-22,1995-08-26,DELIVER IN PERSON,REG AIR,ual sentiments sl
38787-1,38787,203,58,1,42.00,46334.40,0.02,0.08,N,O,1995-10-18,1995-10-25,1995-11-15,COLLECT COD,AIR,pinto beans. deposits nag furiou
38787-2,38787,637,38,2,20.00,30752.60,0.09,0.07,N,O,1995-08-30,1995-09-29,1995-09-03,DELIVER IN PERSON,MAIL,press deposits. slyly ironic asymptotes
38787-3,38787,995,96,3,16.00,30335.84,0.00,0.03,N,O,1995-10-02,1995-09-19,1995-10-16,NONE,REG AIR,lar theodolites boos
38787-4,38787,185,38,4,33.00,35810.94,0.08,0.04,N,O,1995-11-30,1995-11-04,1995-12-24,COLLECT COD,FOB,nd the qui
38787-5,38787,803,70,5,42.00,71559.60,0.10,0.03,N,O,1995-11-21,1995-09-13,1995-12-13,TAKE BACK RETURN,RAIL,oss the fluffily final excuses
38788-1,38788,1120,21,1,45.00,45950.40,0.08,0.05,N,O,1997-02-16,1997-01-21,1997-02-25,NONE,RAIL,y bold accounts. fluffily regular dol
38788-2,38788,470,29,2,22.00,30150.34,0.05,0.00,N,O,1997-02-17,1997-01-04,1997-03-12,COLLECT COD,MAIL, platelets; slyly 
38789-1,38789,957,26,1,20.00,37159.00,0.07,0.00,A,F,1993-12-25,1994-01-11,1994-01-13,COLLECT COD,SHIP,ests. furiously bold accounts haggle blithe
38789-2,38789,1818,62,2,25.00,42995.25,0.01,0.00,R,F,1994-01-20,1994-01-04,1994-01-31,DELIVER IN PERSON,TRUCK,ges are slyly against the caref
38789-3,38789,745,42,3,28.00,46080.72,0.03,0.00,R,F,1993-12-20,1993-12-20,1993-12-26,NONE,MAIL,orges integrate
38789-4,38789,351,8,4,16.00,20021.60,0.07,0.05,A,F,1993-12-01,1994-02-07,1993-12-31,NONE,REG AIR,against the carefully even 
38789-5,38789,1849,36,5,41.00,71784.44,0.05,0.06,A,F,1993-12-21,1993-12-17,1993-12-27,COLLECT COD,TRUCK,gainst the blithely busy dugo
38789-6,38789,1664,65,6,41.00,64192.06,0.01,0.05,A,F,1994-03-16,1994-01-01,1994-04-08,TAKE BACK RETURN,RAIL,"yly ironic asymptotes-- regular, bold"
38789-7,38789,1507,48,7,50.00,70425.00,0.02,0.08,A,F,1993-11-16,1993-12-20,1993-12-07,TAKE BACK RETURN,TRUCK,furiously special requests cajol
38790-1,38790,30,31,1,13.00,12090.39,0.06,0.07,N,O,1996-04-11,1996-02-13,1996-04-22,TAKE BACK RETURN,REG AIR,ructions. furious
38790-2,38790,650,13,2,20.00,31013.00,0.06,0.01,N,O,1996-04-26,1996-04-10,1996-05-13,COLLECT COD,MAIL,ons. platelets 
38790-3,38790,1934,23,3,10.00,18359.30,0.05,0.01,N,O,1996-02-01,1996-03-30,1996-02-29,DELIVER IN PERSON,AIR,he ideas unwind bravel
38790-4,38790,1130,31,4,38.00,39182.94,0.04,0.03,N,O,1996-04-09,1996-03-18,1996-04-27,TAKE BACK RETURN,MAIL,ular excuse
38790-5,38790,1341,42,5,4.00,4969.36,0.09,0.06,N,O,1996-05-08,1996-03-18,1996-05-21,TAKE BACK RETURN,TRUCK, theodolites. furiously e
38791-1,38791,269,97,1,44.00,51447.44,0.07,0.01,R,F,1993-06-15,1993-06-11,1993-06-19,TAKE BACK RETURN,TRUCK,g the carefully express fox
38816-1,38816,1714,41,1,44.00,71091.24,0.01,0.06,A,F,1993-03-07,1993-03-15,1993-03-29,DELIVER IN PERSON,FOB,ilent ideas affix furiou
38816-2,38816,481,82,2,14.00,19340.72,0.01,0.02,A,F,1993-03-25,1993-03-20,1993-04-13,DELIVER IN PERSON,TRUCK, the blithely final instructio
38816-3,38816,1409,49,3,30.00,39312.00,0.02,0.07,A,F,1993-03-13,1993-02-20,1993-03-25,TAKE BACK RETURN,TRUCK,es. carefully iro
38816-4,38816,750,51,4,34.00,56125.50,0.10,0.06,A,F,1992-12-25,1993-02-25,1993-01-02,DELIVER IN PERSON,TRUCK,"t the even, busy packages ca"
38816-5,38816,1709,94,5,2.00,3221.40,0.07,0.08,R,F,1993-01-22,1993-02-08,1993-02-18,COLLECT COD,FOB,y. furiously 
38817-1,38817,1131,68,1,23.00,23738.99,0.05,0.03,R,F,1992-06-07,1992-07-13,1992-07-01,TAKE BACK RETURN,MAIL,structions 
38817-2,38817,436,24,2,24.00,32074.32,0.07,0.07,A,F,1992-08-06,1992-07-27,1992-09-02,COLLECT COD,MAIL,requests. accounts nod furiously regular de
38817-3,38817,1039,40,3,25.00,23500.75,0.00,0.01,R,F,1992-07-21,1992-07-30,1992-08-11,DELIVER IN PERSON,AIR,ccounts: slyly eve
38817-4,38817,594,95,4,49.00,73234.91,0.04,0.08,A,F,1992-06-11,1992-08-05,1992-07-10,TAKE BACK RETURN,REG AIR,"zle carefully even, pending instruct"
38818-1,38818,91,17,1,47.00,46581.23,0.04,0.07,R,F,1995-02-27,1995-02-06,1995-02-28,COLLECT COD,AIR,ash carefu
38818-2,38818,584,75,2,26.00,38599.08,0.10,0.05,R,F,1995-03-02,1995-01-21,1995-03-23,TAKE BACK RETURN,RAIL,ally. bold deposits wake. sl
38818-3,38818,425,84,3,10.00,13254.20,0.05,0.03,A,F,1995-03-14,1995-01-07,1995-03-20,DELIVER IN PERSON,REG AIR,pendencies. ca
38818-4,38818,238,39,4,49.00,55773.27,0.01,0.06,A,F,1994-12-11,1995-02-07,1994-12-20,DELIVER IN PERSON,SHIP,hely even r
38818-5,38818,7,83,5,18.00,16326.00,0.01,0.08,R,F,1995-03-03,1995-02-07,1995-03-18,NONE,TRUCK,e among th
38819-1,38819,1216,28,1,28.00,31281.88,0.01,0.00,R,F,1993-02-27,1993-03-13,1993-03-23,TAKE BACK RETURN,SHIP,eans after the express dependencies boost i
38820-1,38820,1450,68,1,26.00,35137.70,0.04,0.07,N,O,1998-07-30,1998-09-03,1998-08-18,COLLECT COD,AIR,er the fluffily even packages
38821-1,38821,1304,5,1,25.00,30132.50,0.06,0.02,A,F,1993-08-06,1993-07-11,1993-08-28,DELIVER IN PERSON,TRUCK,"above the special, dogged "
38821-2,38821,1304,5,2,1.00,1205.30,0.04,0.03,R,F,1993-07-30,1993-07-07,1993-08-07,COLLECT COD,AIR,e carefully. q
38821-3,38821,330,31,3,4.00,4921.32,0.05,0.01,R,F,1993-08-30,1993-07-11,1993-09-21,TAKE BACK RETURN,REG AIR,ole furiously against 
38821-4,38821,1926,71,4,24.00,43870.08,0.00,0.08,R,F,1993-08-02,1993-08-16,1993-08-05,COLLECT COD,RAIL,usly regular escapades wake
38821-5,38821,230,85,5,8.00,9041.84,0.09,0.08,R,F,1993-07-15,1993-07-17,1993-07-31,TAKE BACK RETURN,AIR,"es among the pending, pending exc"
38822-1,38822,271,53,1,25.00,29281.75,0.08,0.08,R,F,1995-03-14,1995-02-07,1995-03-26,COLLECT COD,MAIL,"packages. silent, ironic packages"
38822-2,38822,480,10,2,45.00,62121.60,0.02,0.08,A,F,1995-04-21,1995-01-28,1995-04-24,DELIVER IN PERSON,AIR,. carefull
38823-1,38823,382,83,1,39.00,50012.82,0.08,0.00,N,O,1997-12-16,1998-01-18,1998-01-08,COLLECT COD,TRUCK,sts sleep after the carefully s
38823-2,38823,1716,1,2,30.00,48531.30,0.07,0.01,N,O,1997-12-11,1998-01-27,1998-01-09,DELIVER IN PERSON,RAIL,uriously special i
38848-1,38848,1574,15,1,5.00,7377.85,0.04,0.08,R,F,1993-03-06,1993-03-17,1993-03-08,NONE,REG AIR,ously special re
38848-2,38848,1443,83,2,6.00,8066.64,0.01,0.08,R,F,1993-01-07,1993-02-14,1993-01-25,DELIVER IN PERSON,REG AIR,blithely regular requests cajo
38849-1,38849,1806,50,1,24.00,40987.20,0.04,0.08,N,O,1996-08-22,1996-10-10,1996-08-31,NONE,REG AIR, cajole carefully up the accounts.
38849-2,38849,1115,16,2,48.00,48773.28,0.06,0.07,N,O,1996-10-16,1996-09-15,1996-11-13,COLLECT COD,REG AIR,ons. furiously 
38849-3,38849,1285,97,3,45.00,53382.60,0.04,0.02,N,O,1996-08-11,1996-09-06,1996-08-19,NONE,SHIP,unts cajole carefully. silent packages into
38849-4,38849,489,90,4,27.00,37515.96,0.09,0.01,N,O,1996-10-15,1996-08-21,1996-10-16,DELIVER IN PERSON,TRUCK,platelets are slyly slyly ironic deposits.
38849-5,38849,1702,29,5,26.00,41696.20,0.06,0.08,N,O,1996-09-17,1996-10-16,1996-09-19,COLLECT COD,MAIL,ccounts! blithel
38849-6,38849,1549,70,6,13.00,18857.02,0.05,0.06,N,O,1996-09-05,1996-08-29,1996-09-16,NONE,TRUCK,detect carefully. s
38849-7,38849,769,34,7,17.00,28385.92,0.04,0.07,N,O,1996-08-16,1996-10-16,1996-09-11,NONE,REG AIR,regular sauternes. 
38850-1,38850,933,68,1,6.00,11003.58,0.05,0.00,A,F,1993-06-19,1993-07-12,1993-06-26,COLLECT COD,FOB,"ously regular foxes. regular, regular ideas"
38850-2,38850,381,10,2,41.00,52536.58,0.03,0.03,A,F,1993-07-14,1993-07-10,1993-07-28,NONE,FOB,cross the fluffily ironi
38850-3,38850,946,49,3,49.00,90500.06,0.03,0.01,R,F,1993-07-26,1993-05-31,1993-08-10,DELIVER IN PERSON,FOB,ve the quickly bold accounts. 
38850-4,38850,1828,29,4,33.00,57084.06,0.10,0.01,R,F,1993-08-10,1993-06-30,1993-08-22,TAKE BACK RETURN,MAIL,uickly. blithely final forg
38850-5,38850,1448,27,5,49.00,66122.56,0.01,0.02,A,F,1993-06-08,1993-05-31,1993-06-16,DELIVER IN PERSON,MAIL,fully careful tithes. regular a
38850-6,38850,380,9,6,6.00,7682.28,0.01,0.03,A,F,1993-05-18,1993-06-02,1993-06-13,COLLECT COD,MAIL,accounts slee
38850-7,38850,540,1,7,42.00,60502.68,0.01,0.02,R,F,1993-06-26,1993-06-29,1993-07-14,TAKE BACK RETURN,AIR,ing to the regular dolphins. furious
38851-1,38851,1049,85,1,8.00,7600.32,0.00,0.03,R,F,1992-06-14,1992-09-09,1992-07-04,COLLECT COD,AIR,ual asymptotes
38851-2,38851,672,35,2,40.00,62906.80,0.08,0.00,A,F,1992-10-02,1992-09-05,1992-10-26,TAKE BACK RETURN,REG AIR,packages. blithely bold pack
38852-1,38852,478,79,1,49.00,67545.03,0.02,0.02,A,F,1995-01-16,1994-12-10,1995-01-21,DELIVER IN PERSON,SHIP,ly bold account
38852-2,38852,1165,2,2,2.00,2132.32,0.01,0.05,A,F,1994-11-05,1995-01-02,1994-11-07,DELIVER IN PERSON,TRUCK, the requests. blithely even accou
38852-3,38852,1180,89,3,19.00,20542.42,0.09,0.02,R,F,1994-11-14,1995-01-09,1994-11-25,COLLECT COD,RAIL,olites. pending package
38852-4,38852,513,4,4,30.00,42405.30,0.04,0.04,R,F,1995-01-14,1995-01-08,1995-01-18,TAKE BACK RETURN,AIR,ckages. final requests run blithely regu
38852-5,38852,1586,87,5,24.00,35701.92,0.00,0.06,A,F,1995-02-26,1995-01-09,1995-03-19,NONE,AIR,y ironic deposits pr
38852-6,38852,1369,46,6,38.00,48273.68,0.07,0.05,R,F,1994-12-14,1995-01-09,1994-12-30,TAKE BACK RETURN,FOB,g pinto beans are carefully carefu
38852-7,38852,396,81,7,14.00,18149.46,0.03,0.06,R,F,1994-11-08,1995-01-26,1994-11-24,COLLECT COD,SHIP, packages cajole bes
38853-1,38853,647,48,1,40.00,61905.60,0.02,0.08,R,F,1992-05-17,1992-05-07,1992-05-27,NONE,AIR, boost furiously instructi
38853-2,38853,988,91,2,31.00,58558.38,0.06,0.08,A,F,1992-05-22,1992-06-05,1992-05-27,TAKE BACK RETURN,AIR,ly unusual courts are carefully pending
38853-3,38853,529,90,3,1.00,1429.52,0.03,0.03,A,F,1992-06-17,1992-06-03,1992-07-06,DELIVER IN PERSON,TRUCK,fully. quickly bold packages are careful
38853-4,38853,1199,100,4,35.00,38506.65,0.08,0.01,A,F,1992-04-26,1992-05-02,1992-04-29,NONE,FOB,furiously regu
38853-5,38853,934,69,5,25.00,45873.25,0.01,0.08,A,F,1992-04-02,1992-05-02,1992-04-03,NONE,MAIL,ess realms wake slyly furiously bold 
38854-1,38854,1083,89,1,42.00,41331.36,0.10,0.03,N,O,1996-05-23,1996-03-31,1996-05-26,TAKE BACK RETURN,MAIL,es dazzle blith
38854-2,38854,612,44,2,2.00,3025.22,0.04,0.00,N,O,1996-02-15,1996-03-28,1996-02-29,TAKE BACK RETURN,RAIL,breach permane
38854-3,38854,1743,44,3,20.00,32894.80,0.09,0.01,N,O,1996-06-06,1996-03-21,1996-06-17,NONE,AIR,ages wake blithely atop the carefully reg
38854-4,38854,526,57,4,35.00,49928.20,0.05,0.01,N,O,1996-03-04,1996-04-29,1996-03-13,TAKE BACK RETURN,AIR,symptotes shall b
38854-5,38854,1110,47,5,48.00,48533.28,0.01,0.04,N,O,1996-02-26,1996-04-13,1996-03-16,COLLECT COD,TRUCK," bold packages. silent, ironi"
38855-1,38855,48,24,1,12.00,11376.48,0.06,0.00,N,O,1998-01-26,1998-01-04,1998-02-05,COLLECT COD,FOB,ending requests. unusual packages
38855-2,38855,1451,52,2,46.00,62212.70,0.02,0.02,N,O,1997-11-28,1997-11-21,1997-12-17,TAKE BACK RETURN,REG AIR,"the regular, sp"
38855-3,38855,1331,8,3,41.00,50525.53,0.06,0.07,N,O,1997-12-03,1998-01-01,1997-12-28,NONE,FOB,nic dependencies. carefully ev
38855-4,38855,1794,79,4,30.00,50873.70,0.07,0.08,N,O,1998-01-19,1997-11-16,1998-02-14,COLLECT COD,RAIL,ly about the doggedly even platelets. care
38880-1,38880,166,93,1,25.00,26654.00,0.00,0.04,N,O,1997-02-14,1997-04-19,1997-03-08,NONE,FOB,l excuses 
38880-2,38880,1100,71,2,30.00,30033.00,0.08,0.08,N,O,1997-04-05,1997-02-23,1997-04-06,DELIVER IN PERSON,FOB,ogs nag. blithely ironic theodoli
38880-3,38880,1084,90,3,41.00,40388.28,0.05,0.02,N,O,1997-02-20,1997-03-14,1997-03-08,DELIVER IN PERSON,RAIL, regular ideas 
38880-4,38880,398,83,4,28.00,36354.92,0.00,0.08,N,O,1997-03-26,1997-03-29,1997-04-18,TAKE BACK RETURN,TRUCK,ndencies. regular deposit
38880-5,38880,210,11,5,39.00,43298.19,0.02,0.07,N,O,1997-04-10,1997-03-04,1997-04-22,DELIVER IN PERSON,TRUCK,oxes. fluffily special 
38881-1,38881,38,14,1,44.00,41273.32,0.07,0.05,N,O,1996-04-28,1996-04-14,1996-05-20,TAKE BACK RETURN,AIR,"ss warthogs-- unusual, express package"
38881-2,38881,1977,22,2,1.00,1878.97,0.06,0.05,N,O,1996-04-19,1996-04-12,1996-05-17,DELIVER IN PERSON,MAIL,lyly unusual dependencies inte
38881-3,38881,910,79,3,25.00,45272.75,0.10,0.01,N,O,1996-03-21,1996-03-18,1996-04-13,NONE,TRUCK,regular reques
38881-4,38881,486,74,4,12.00,16637.76,0.05,0.08,N,O,1996-05-22,1996-04-23,1996-06-07,COLLECT COD,REG AIR,elets. regular deposits wake f
38881-5,38881,1502,43,5,48.00,67368.00,0.03,0.02,N,O,1996-03-28,1996-04-10,1996-04-07,TAKE BACK RETURN,AIR,nstructions. care
38881-6,38881,1950,83,6,49.00,90745.55,0.00,0.00,N,O,1996-05-31,1996-05-02,1996-06-06,COLLECT COD,REG AIR,thinly express ideas use across th
38881-7,38881,601,33,7,38.00,57060.80,0.02,0.02,N,O,1996-06-06,1996-03-15,1996-06-23,NONE,REG AIR,uests are slyly
38882-1,38882,1539,80,1,38.00,54740.14,0.00,0.08,R,F,1995-02-27,1995-02-03,1995-03-11,NONE,TRUCK,ly furiously exp
38882-2,38882,650,44,2,49.00,75981.85,0.03,0.01,A,F,1995-03-10,1995-02-19,1995-03-30,COLLECT COD,TRUCK,ly. carefully
38882-3,38882,429,30,3,13.00,17282.46,0.04,0.05,A,F,1995-03-25,1995-02-12,1995-04-10,TAKE BACK RETURN,AIR,"ironic instructions. even,"
38882-4,38882,1897,84,4,10.00,17988.90,0.08,0.08,R,F,1995-03-08,1995-02-06,1995-04-01,TAKE BACK RETURN,AIR,"at quickly according to the pending, final "
38882-5,38882,664,58,5,19.00,29728.54,0.04,0.01,R,F,1995-02-05,1995-01-17,1995-02-21,DELIVER IN PERSON,RAIL,accounts boost slyly along 
38883-1,38883,1117,54,1,18.00,18325.98,0.03,0.07,N,O,1996-11-02,1996-10-19,1996-11-21,DELIVER IN PERSON,SHIP,usual requests. pinto beans unw
38883-2,38883,1956,45,2,36.00,66886.20,0.08,0.04,N,O,1996-09-06,1996-10-10,1996-10-06,TAKE BACK RETURN,FOB,fully express packages
38883-3,38883,564,55,3,5.00,7322.80,0.09,0.04,N,O,1996-10-25,1996-10-17,1996-11-10,TAKE BACK RETURN,AIR,ial deposits. s
38884-1,38884,696,90,1,30.00,47900.70,0.06,0.01,A,F,1992-09-05,1992-11-02,1992-09-11,TAKE BACK RETURN,FOB, nag carefully final p
38884-2,38884,1853,83,2,41.00,71948.85,0.04,0.06,R,F,1992-09-07,1992-10-22,1992-09-21,TAKE BACK RETURN,REG AIR,ackages wake carefully 
38884-3,38884,826,60,3,44.00,75980.08,0.01,0.07,A,F,1992-12-15,1992-11-03,1993-01-02,NONE,AIR,gular notornis are according t
38884-4,38884,158,85,4,5.00,5290.75,0.08,0.05,R,F,1992-12-11,1992-10-20,1992-12-16,COLLECT COD,SHIP,y around the asymptotes. f
38884-5,38884,404,34,5,23.00,30001.20,0.01,0.02,R,F,1992-09-06,1992-09-18,1992-09-13,COLLECT COD,AIR,nic deposits
38885-1,38885,362,47,1,32.00,40395.52,0.05,0.01,N,O,1997-11-23,1997-10-23,1997-12-09,TAKE BACK RETURN,REG AIR,ickly final courts cajole. 
38886-1,38886,1375,14,1,5.00,6381.85,0.09,0.02,A,F,1994-08-28,1994-10-15,1994-09-25,TAKE BACK RETURN,REG AIR,to beans across the ruth
38886-2,38886,109,62,2,45.00,45409.50,0.05,0.05,A,F,1994-09-01,1994-10-13,1994-09-30,NONE,FOB,final theodolites boost through the r
38886-3,38886,576,77,3,9.00,13289.13,0.09,0.00,A,F,1994-10-25,1994-10-10,1994-11-04,DELIVER IN PERSON,REG AIR,lthy requests. bold dep
38886-4,38886,1898,99,4,26.00,46797.14,0.08,0.06,R,F,1994-08-26,1994-11-03,1994-09-19,DELIVER IN PERSON,MAIL," dependencies. unusual, ironic excuses snoo"
38887-1,38887,1543,24,1,1.00,1444.54,0.01,0.05,R,F,1995-01-27,1994-12-06,1995-02-08,DELIVER IN PERSON,RAIL,usly among the iron
38887-2,38887,836,37,2,24.00,41683.92,0.05,0.06,A,F,1995-02-12,1994-12-09,1995-02-14,COLLECT COD,RAIL,es around the furiously final hockey
38887-3,38887,1750,93,3,7.00,11562.25,0.09,0.04,R,F,1994-12-26,1995-01-17,1995-01-04,TAKE BACK RETURN,TRUCK,uickly even theodolites. slyly ironic depo
38887-4,38887,165,92,4,47.00,50062.52,0.03,0.04,A,F,1995-02-03,1994-12-24,1995-02-28,TAKE BACK RETURN,TRUCK,s print blithely carefully final account
38887-5,38887,976,11,5,35.00,65693.95,0.00,0.01,A,F,1995-01-15,1994-12-09,1995-02-06,DELIVER IN PERSON,RAIL,y bold packages. fluffily even foxes
38887-6,38887,1658,41,6,33.00,51468.45,0.08,0.05,R,F,1994-12-27,1994-12-09,1995-01-06,DELIVER IN PERSON,AIR,: furiously even deposits wake care
38912-1,38912,1272,10,1,27.00,31678.29,0.05,0.08,A,F,1993-02-19,1992-11-30,1993-03-09,DELIVER IN PERSON,RAIL,"fully among the special, regul"
38912-2,38912,1459,60,2,15.00,20406.75,0.05,0.01,R,F,1992-12-29,1992-11-28,1992-12-31,COLLECT COD,MAIL,ng the slyly express foxes! bold
38912-3,38912,1819,6,3,25.00,43020.25,0.04,0.06,A,F,1993-02-23,1993-01-08,1993-03-24,COLLECT COD,RAIL,egular theodolites wake abo
38912-4,38912,1761,62,4,39.00,64847.64,0.08,0.08,R,F,1992-12-29,1992-12-10,1993-01-13,DELIVER IN PERSON,SHIP,ously iron
38912-5,38912,529,60,5,47.00,67187.44,0.00,0.08,R,F,1993-02-19,1992-12-24,1993-03-11,TAKE BACK RETURN,FOB,ss braids. deposits wake carefully.
38912-6,38912,1808,9,6,30.00,51294.00,0.02,0.05,A,F,1993-01-20,1992-12-11,1993-01-24,DELIVER IN PERSON,AIR,xcuses alongside of the regular a
38913-1,38913,1411,12,1,6.00,7874.46,0.10,0.06,R,F,1994-09-10,1994-11-06,1994-09-25,NONE,MAIL,uests. slyly
38913-2,38913,1846,76,2,1.00,1747.84,0.08,0.00,A,F,1994-09-14,1994-10-27,1994-09-20,COLLECT COD,FOB,s! enticingly final orbits across the 
38913-3,38913,768,1,3,9.00,15018.84,0.04,0.05,R,F,1994-09-25,1994-10-25,1994-09-27,COLLECT COD,REG AIR, slyly along th
38914-1,38914,129,30,1,37.00,38077.44,0.05,0.06,A,F,1992-09-22,1992-07-21,1992-10-13,TAKE BACK RETURN,RAIL,arefully. carefully final waters about 
38914-2,38914,1733,76,2,18.00,29425.14,0.04,0.07,A,F,1992-07-26,1992-08-06,1992-08-09,TAKE BACK RETURN,MAIL,lly ironic packages
38914-3,38914,46,22,3,29.00,27435.16,0.02,0.03,A,F,1992-08-26,1992-07-08,1992-09-25,COLLECT COD,REG AIR,uriously across the eve
38915-1,38915,283,38,1,18.00,21299.04,0.04,0.03,R,F,1994-11-04,1994-11-29,1994-11-23,TAKE BACK RETURN,REG AIR, deposits around 
38915-2,38915,1563,84,2,22.00,32220.32,0.00,0.05,R,F,1994-10-09,1994-11-14,1994-10-26,DELIVER IN PERSON,AIR,deposits. speci
38915-3,38915,1426,5,3,49.00,65043.58,0.02,0.03,A,F,1994-11-12,1994-10-18,1994-11-29,DELIVER IN PERSON,TRUCK,en theodolites after the i
38915-4,38915,1633,34,4,19.00,29157.97,0.10,0.00,R,F,1994-11-03,1994-11-19,1994-11-12,NONE,FOB,unusual deposits 
38915-5,38915,463,64,5,22.00,29996.12,0.07,0.05,R,F,1994-11-29,1994-10-23,1994-12-24,TAKE BACK RETURN,RAIL, sleep along the slyly bold dinos
38915-6,38915,1790,33,6,30.00,50753.70,0.07,0.00,R,F,1995-01-01,1994-11-27,1995-01-19,NONE,TRUCK,ly? bravely 
38915-7,38915,418,6,7,15.00,19776.15,0.10,0.02,R,F,1994-11-27,1994-10-29,1994-12-20,TAKE BACK RETURN,FOB,lyly express pinto beans; ide
38916-1,38916,1648,90,1,25.00,38741.00,0.03,0.06,N,O,1997-10-16,1997-09-02,1997-10-31,COLLECT COD,MAIL, ironic ac
38916-2,38916,1270,71,2,4.00,4685.08,0.08,0.01,N,O,1997-09-26,1997-07-24,1997-10-04,COLLECT COD,MAIL,ong the evenly even depos
38916-3,38916,1233,34,3,30.00,34026.90,0.10,0.00,N,O,1997-08-24,1997-08-27,1997-09-18,DELIVER IN PERSON,FOB,ringly stealthy packages sleep against 
38916-4,38916,264,65,4,11.00,12806.86,0.09,0.03,N,O,1997-10-17,1997-08-08,1997-10-18,DELIVER IN PERSON,SHIP,lar grouches. pending a
38916-5,38916,1127,36,5,16.00,16449.92,0.00,0.03,N,O,1997-08-03,1997-08-07,1997-08-05,DELIVER IN PERSON,MAIL,lyly. regular platelets 
38916-6,38916,837,37,6,15.00,26067.45,0.01,0.02,N,O,1997-10-07,1997-09-17,1997-10-19,NONE,TRUCK,fully regular exc
38917-1,38917,356,85,1,38.00,47741.30,0.02,0.06,A,F,1994-03-01,1993-12-29,1994-03-20,TAKE BACK RETURN,REG AIR,s. quickly ironic deposits sleep da
38917-2,38917,340,25,2,8.00,9922.72,0.05,0.04,A,F,1993-12-05,1993-12-29,1994-01-02,COLLECT COD,RAIL,ual ideas. express accounts must poac
38917-3,38917,1194,31,3,26.00,28474.94,0.09,0.04,R,F,1994-01-08,1994-02-02,1994-01-16,DELIVER IN PERSON,RAIL,lithely final pinto beans. stealthy 
38917-4,38917,1329,6,4,43.00,52903.76,0.06,0.06,A,F,1994-03-10,1994-01-15,1994-03-30,NONE,REG AIR,regular accounts. slyly bold
38917-5,38917,1872,59,5,27.00,47894.49,0.05,0.06,A,F,1993-11-27,1994-01-17,1993-12-22,COLLECT COD,FOB,carefully. accounts affix blithel
38917-6,38917,1536,57,6,25.00,35938.25,0.01,0.06,A,F,1993-11-29,1994-01-28,1993-12-13,COLLECT COD,AIR,ts nag. requests sleep quickly above the b
38917-7,38917,1365,42,7,41.00,51920.76,0.04,0.03,A,F,1994-01-29,1994-01-31,1994-02-01,DELIVER IN PERSON,MAIL,"ts wake carefully even, special packages"
38918-1,38918,1962,95,1,48.00,89470.08,0.00,0.01,N,O,1997-06-29,1997-06-14,1997-07-25,COLLECT COD,MAIL,final accounts are quickly across th
38918-2,38918,1017,53,2,47.00,43146.47,0.08,0.04,N,O,1997-07-12,1997-08-07,1997-07-23,NONE,RAIL,to the even deposit
38918-3,38918,584,75,3,26.00,38599.08,0.07,0.05,N,O,1997-05-22,1997-06-27,1997-05-31,NONE,MAIL,sly regular packages. 
38918-4,38918,527,18,4,6.00,8565.12,0.04,0.01,N,O,1997-07-20,1997-06-12,1997-08-06,DELIVER IN PERSON,TRUCK,refully silent courts. express 
38918-5,38918,1672,96,5,21.00,33047.07,0.07,0.07,N,O,1997-06-20,1997-07-20,1997-07-08,COLLECT COD,FOB,l deposits wake. final accounts
38918-6,38918,1123,60,6,25.00,25603.00,0.10,0.05,N,O,1997-06-11,1997-07-17,1997-06-23,NONE,REG AIR,y special frets wake even packages. f
38919-1,38919,1476,16,1,24.00,33059.28,0.01,0.06,N,O,1996-03-08,1996-02-19,1996-03-15,TAKE BACK RETURN,AIR,s? special accounts haggl
38919-2,38919,1386,25,2,46.00,59219.48,0.07,0.08,N,O,1995-12-27,1996-02-04,1996-01-22,TAKE BACK RETURN,FOB,ctions sublate blithely. even requ
38944-1,38944,927,30,1,36.00,65805.12,0.09,0.08,R,F,1993-06-05,1993-06-17,1993-06-07,TAKE BACK RETURN,AIR,usual accounts. sometimes ironic deposi
38944-2,38944,736,69,2,24.00,39281.52,0.01,0.00,A,F,1993-08-03,1993-05-23,1993-08-27,COLLECT COD,MAIL,ironic dug
38944-3,38944,1263,75,3,32.00,37256.32,0.05,0.08,R,F,1993-07-23,1993-07-05,1993-08-13,NONE,SHIP,y even multipliers. instructi
38944-4,38944,437,96,4,9.00,12036.87,0.09,0.06,A,F,1993-04-27,1993-05-21,1993-05-15,TAKE BACK RETURN,RAIL,counts use silently toward the furiously re
38944-5,38944,1645,28,5,26.00,40212.64,0.08,0.04,A,F,1993-08-12,1993-05-23,1993-08-28,TAKE BACK RETURN,AIR,"l, even asymptotes. regular packages snoo"
38944-6,38944,1362,39,6,4.00,5053.44,0.06,0.07,A,F,1993-04-23,1993-05-30,1993-05-06,DELIVER IN PERSON,REG AIR,"wake fluffily regular, unusual foxes. regul"
38945-1,38945,1098,4,1,43.00,42960.87,0.05,0.07,N,O,1996-01-28,1996-03-18,1996-02-17,COLLECT COD,MAIL,nts snooze blithely spec
38945-2,38945,1935,36,2,22.00,40412.46,0.02,0.07,N,O,1996-01-26,1996-04-15,1996-02-06,COLLECT COD,MAIL,ly alongside of the slyly 
38945-3,38945,1972,61,3,28.00,52471.16,0.08,0.08,N,O,1996-05-01,1996-03-05,1996-05-28,NONE,AIR,xes wake quickly around the ac
38946-1,38946,1348,87,1,37.00,46225.58,0.07,0.08,N,O,1996-11-03,1997-01-19,1996-11-11,NONE,FOB, slyly even excuses 
38947-1,38947,497,85,1,36.00,50309.64,0.04,0.05,A,F,1995-01-20,1995-01-01,1995-01-26,DELIVER IN PERSON,AIR,"al, final deposits. sile"
38947-2,38947,1697,39,2,5.00,7993.45,0.05,0.00,A,F,1994-12-16,1995-02-28,1995-01-11,COLLECT COD,REG AIR,iously pending accounts
38947-3,38947,1899,100,3,19.00,34216.91,0.07,0.07,A,F,1994-12-17,1995-01-12,1995-01-02,NONE,RAIL, slyly ironic deposits u
38947-4,38947,1476,55,4,5.00,6887.35,0.04,0.07,R,F,1995-02-26,1995-01-23,1995-03-14,DELIVER IN PERSON,AIR,efully blithe packages haggle carefu
38947-5,38947,752,85,5,20.00,33055.00,0.06,0.08,R,F,1995-03-29,1995-01-07,1995-04-22,DELIVER IN PERSON,SHIP,nag slyly. 
38948-1,38948,1070,41,1,34.00,33016.38,0.03,0.01,N,O,1995-08-11,1995-08-10,1995-08-27,COLLECT COD,FOB,e the fluffily even accounts. furiously 
38948-2,38948,216,98,2,20.00,22324.20,0.08,0.05,N,O,1995-06-18,1995-07-26,1995-07-04,TAKE BACK RETURN,RAIL,"final packages. final, regular reque"
38948-3,38948,1448,88,3,28.00,37784.32,0.08,0.01,N,O,1995-08-23,1995-07-29,1995-09-01,NONE,AIR,theodolites wake
38949-1,38949,1971,60,1,17.00,31840.49,0.02,0.02,R,F,1992-10-25,1992-11-18,1992-10-28,TAKE BACK RETURN,TRUCK,usly carefully express excuses. c
38949-2,38949,957,26,2,21.00,39016.95,0.01,0.08,A,F,1992-11-09,1992-10-07,1992-12-03,NONE,SHIP, fluffily about the carefully pending
38949-3,38949,166,45,3,32.00,34117.12,0.02,0.07,A,F,1992-12-14,1992-11-22,1992-12-29,COLLECT COD,SHIP,"y above the regular, even acc"
38949-4,38949,605,6,4,29.00,43662.40,0.03,0.00,R,F,1992-09-16,1992-10-10,1992-10-05,DELIVER IN PERSON,RAIL,"iously even accounts. silent, bold "
38949-5,38949,396,25,5,44.00,57041.16,0.10,0.02,R,F,1992-09-06,1992-10-03,1992-09-28,DELIVER IN PERSON,TRUCK,ess dolphins. accounts could have to sl
38949-6,38949,1581,62,6,34.00,50407.72,0.01,0.05,A,F,1992-11-17,1992-10-16,1992-12-01,COLLECT COD,TRUCK,lphins wake fu
38950-1,38950,780,77,1,22.00,36977.16,0.07,0.03,N,O,1995-10-06,1995-08-21,1995-11-04,DELIVER IN PERSON,MAIL,ly regular deposits. quickl
38950-2,38950,1178,51,2,29.00,31295.93,0.04,0.07,N,O,1995-08-02,1995-09-04,1995-08-21,NONE,SHIP,ges. blithely ironic ideas sleep boldly.
38950-3,38950,374,3,3,16.00,20389.92,0.05,0.03,N,O,1995-10-24,1995-08-23,1995-11-03,NONE,TRUCK,ke carefully against the slyly pending de
38950-4,38950,1199,36,4,18.00,19803.42,0.10,0.07,N,O,1995-09-28,1995-09-16,1995-09-30,COLLECT COD,MAIL,equests doze carefully express
38950-5,38950,1774,1,5,26.00,43570.02,0.06,0.06,N,O,1995-07-21,1995-08-04,1995-07-31,COLLECT COD,RAIL,s will wake. idle in
38951-1,38951,77,3,1,24.00,23449.68,0.01,0.05,N,O,1997-07-31,1997-05-19,1997-08-10,NONE,REG AIR, furiously abou
38951-2,38951,668,31,2,36.00,56471.76,0.00,0.02,N,O,1997-05-22,1997-06-19,1997-06-09,DELIVER IN PERSON,MAIL,; pinto beans wake slyly at
38951-3,38951,939,8,3,23.00,42318.39,0.04,0.03,N,O,1997-07-29,1997-06-23,1997-08-14,COLLECT COD,AIR,thely pending realms. blithely iron
38951-4,38951,602,65,4,8.00,12020.80,0.07,0.04,N,O,1997-04-04,1997-06-13,1997-04-15,DELIVER IN PERSON,SHIP,osits; slyly i
38951-5,38951,10,61,5,44.00,40040.44,0.02,0.01,N,O,1997-06-30,1997-06-26,1997-07-28,COLLECT COD,MAIL,"unts haggle. even, unusual requests na"
38951-6,38951,293,75,6,2.00,2386.58,0.06,0.04,N,O,1997-05-03,1997-05-17,1997-05-29,DELIVER IN PERSON,AIR,he carefully regular requests unwind caref
38976-1,38976,1355,56,1,5.00,6281.75,0.04,0.00,A,F,1994-01-25,1994-02-16,1994-02-20,NONE,MAIL,ely bold ideas about the slyly ironic depos
38976-2,38976,905,8,2,18.00,32506.20,0.05,0.00,A,F,1994-04-16,1994-03-19,1994-04-22,COLLECT COD,MAIL,slyly regular accounts. 
38976-3,38976,1237,75,3,15.00,17073.45,0.10,0.05,R,F,1994-03-12,1994-01-25,1994-03-29,DELIVER IN PERSON,SHIP,r the deposits! blithely even pinto beans 
38976-4,38976,1520,1,4,28.00,39802.56,0.03,0.00,A,F,1994-01-04,1994-02-10,1994-01-19,DELIVER IN PERSON,FOB,ts haggle. special deposits above the e
38976-5,38976,133,60,5,26.00,26861.38,0.10,0.04,R,F,1994-04-08,1994-02-28,1994-04-15,NONE,TRUCK," pending, unusual pi"
38976-6,38976,1470,49,6,42.00,57601.74,0.05,0.00,A,F,1994-01-06,1994-02-13,1994-01-25,NONE,REG AIR,ly blithely e
38977-1,38977,212,94,1,23.00,25580.83,0.00,0.00,R,F,1993-03-17,1993-03-17,1993-03-24,DELIVER IN PERSON,AIR,are quickly. carefully un
38977-2,38977,1133,6,2,39.00,40331.07,0.07,0.00,A,F,1993-06-11,1993-04-10,1993-07-03,TAKE BACK RETURN,FOB,hrash regular deposits. slyly sp
38977-3,38977,1523,4,3,27.00,38462.04,0.04,0.08,A,F,1993-04-02,1993-03-20,1993-04-24,NONE,REG AIR, furiously 
38977-4,38977,313,42,4,15.00,18199.65,0.09,0.00,A,F,1993-03-05,1993-05-14,1993-03-13,TAKE BACK RETURN,REG AIR, cajole blithely. special ideas against the
38977-5,38977,1669,93,5,43.00,67538.38,0.04,0.05,A,F,1993-05-15,1993-04-13,1993-05-26,COLLECT COD,SHIP, beans play quickly.
38977-6,38977,1445,85,6,35.00,47125.40,0.09,0.02,A,F,1993-06-07,1993-04-01,1993-07-01,DELIVER IN PERSON,REG AIR,"sts nag quickly ironic, furious"
38978-1,38978,1130,39,1,35.00,36089.55,0.01,0.03,A,F,1994-08-25,1994-10-08,1994-09-05,NONE,TRUCK,y final pinto beans. 
38979-1,38979,438,97,1,21.00,28107.03,0.02,0.01,R,F,1993-05-17,1993-05-23,1993-05-27,NONE,MAIL,. slyly unus
38979-2,38979,906,41,2,44.00,79503.60,0.06,0.01,R,F,1993-06-25,1993-03-30,1993-06-29,TAKE BACK RETURN,FOB,usly final 
38979-3,38979,1561,82,3,38.00,55577.28,0.06,0.01,A,F,1993-06-21,1993-05-23,1993-07-05,DELIVER IN PERSON,AIR,lithely silent a
38979-4,38979,427,28,4,3.00,3982.26,0.01,0.07,R,F,1993-03-20,1993-04-23,1993-04-03,NONE,REG AIR,ly pending pinto beans after the 
38979-5,38979,1510,51,5,8.00,11292.08,0.09,0.06,A,F,1993-04-15,1993-05-22,1993-05-07,NONE,FOB,special ideas are furiously deposits. d
38979-6,38979,336,65,6,29.00,35853.57,0.04,0.08,A,F,1993-06-19,1993-05-04,1993-07-18,TAKE BACK RETURN,AIR,ithely express dependencies use slyly along
38980-1,38980,1392,7,1,31.00,40095.09,0.02,0.07,A,F,1993-12-30,1994-01-15,1994-01-22,DELIVER IN PERSON,TRUCK,"longside of the final, si"
38980-2,38980,257,39,2,10.00,11572.50,0.09,0.05,A,F,1993-12-23,1993-12-30,1994-01-12,COLLECT COD,MAIL,y regular packages ca
38980-3,38980,825,26,3,45.00,77661.90,0.07,0.01,R,F,1993-11-19,1994-01-03,1993-11-20,COLLECT COD,AIR, final acco
38980-4,38980,763,60,4,8.00,13310.08,0.01,0.04,A,F,1993-12-10,1993-12-17,1993-12-25,COLLECT COD,MAIL,cording to the slyly p
38980-5,38980,380,65,5,34.00,43532.92,0.10,0.06,A,F,1994-01-10,1994-01-10,1994-01-27,DELIVER IN PERSON,AIR,. carefully careful deposits are fu
38981-1,38981,182,61,1,7.00,7575.26,0.00,0.00,R,F,1993-02-21,1993-04-13,1993-03-13,TAKE BACK RETURN,MAIL,silently ex
38981-2,38981,785,50,2,5.00,8428.90,0.06,0.01,A,F,1993-02-01,1993-03-30,1993-02-22,DELIVER IN PERSON,SHIP,ites. furiously even instructions after 
38981-3,38981,1440,58,3,41.00,54999.04,0.04,0.08,A,F,1993-05-22,1993-04-19,1993-06-11,COLLECT COD,AIR,gular foxes. slyly express epitaphs a
38981-4,38981,1029,65,4,16.00,14880.32,0.08,0.06,R,F,1993-03-24,1993-04-09,1993-04-04,NONE,TRUCK,ar instructions integrate slyly alongside o
38982-1,38982,510,11,1,18.00,25389.18,0.02,0.00,A,F,1994-09-14,1994-08-21,1994-10-07,TAKE BACK RETURN,REG AIR,s lose. theodol
38982-2,38982,1163,36,2,6.00,6384.96,0.10,0.08,A,F,1994-11-01,1994-10-08,1994-11-13,COLLECT COD,SHIP,s. ironic dep
38982-3,38982,1885,29,3,17.00,30376.96,0.05,0.02,R,F,1994-11-13,1994-08-23,1994-12-06,DELIVER IN PERSON,SHIP, bold accounts cajole furiously aft
38982-4,38982,1874,4,4,33.00,58603.71,0.06,0.07,R,F,1994-09-12,1994-09-01,1994-09-29,TAKE BACK RETURN,MAIL,nwind whithout the regular
38982-5,38982,1070,41,5,35.00,33987.45,0.05,0.02,A,F,1994-08-12,1994-09-08,1994-08-24,TAKE BACK RETURN,SHIP,"final, speci"
38983-1,38983,170,23,1,21.00,22473.57,0.08,0.06,N,O,1997-09-16,1997-08-14,1997-09-21,NONE,REG AIR,pinto beans use furiously furiously even 
38983-2,38983,1004,40,2,45.00,40725.00,0.05,0.02,N,O,1997-10-02,1997-08-07,1997-10-11,NONE,AIR,"e the slyly ironic foxes boost final, iro"
39008-1,39008,1913,2,1,40.00,72596.40,0.07,0.05,N,O,1995-07-30,1995-06-20,1995-08-04,COLLECT COD,RAIL,the slyly regular notornis. regular e
39008-2,39008,838,72,2,20.00,34776.60,0.04,0.08,N,O,1995-07-24,1995-07-18,1995-08-19,TAKE BACK RETURN,MAIL,ges. blithely even p
39008-3,39008,645,8,3,44.00,68008.16,0.08,0.08,N,O,1995-07-08,1995-06-04,1995-07-30,NONE,TRUCK, the final instructions. slyly brave r
39009-1,39009,1539,20,1,6.00,8643.18,0.06,0.05,N,O,1997-09-09,1997-08-23,1997-10-09,NONE,REG AIR,usly bold deposit
39009-2,39009,1473,52,2,47.00,64600.09,0.06,0.04,N,O,1997-07-28,1997-10-03,1997-08-11,COLLECT COD,MAIL,counts impress against the deposits. eve
39009-3,39009,714,79,3,40.00,64588.40,0.00,0.07,N,O,1997-07-24,1997-09-10,1997-07-30,COLLECT COD,MAIL,"as. pending, special packages among the"
39010-1,39010,1519,20,1,23.00,32671.73,0.02,0.07,N,F,1995-06-01,1995-07-24,1995-07-01,COLLECT COD,RAIL,e. final pinto beans serve sly
39010-2,39010,52,78,2,50.00,47602.50,0.01,0.07,N,O,1995-07-13,1995-07-05,1995-08-01,COLLECT COD,TRUCK,ic foxes. slyly regular acc
39010-3,39010,1436,76,3,21.00,28086.03,0.08,0.06,N,O,1995-07-02,1995-06-24,1995-07-07,COLLECT COD,AIR,xcuses haggle.
39010-4,39010,1602,44,4,49.00,73676.40,0.10,0.04,N,O,1995-08-23,1995-08-12,1995-09-22,DELIVER IN PERSON,FOB,jole. daringly unu
39011-1,39011,1738,39,1,9.00,14757.57,0.05,0.03,R,F,1993-04-18,1993-03-31,1993-05-15,TAKE BACK RETURN,MAIL,nts. furiously quiet the
39012-1,39012,1135,36,1,31.00,32120.03,0.08,0.06,N,O,1996-08-09,1996-06-24,1996-08-20,NONE,TRUCK,y close deposits. sly
39013-1,39013,1053,54,1,33.00,31483.65,0.03,0.00,N,O,1996-03-06,1996-03-14,1996-03-30,COLLECT COD,SHIP,y regular packages are qu
39013-2,39013,306,63,2,42.00,50664.60,0.01,0.00,N,O,1996-03-07,1996-03-23,1996-03-13,DELIVER IN PERSON,AIR,ites. foxes snooze. fur
39014-1,39014,961,64,1,49.00,91236.04,0.02,0.00,N,O,1997-12-08,1997-12-12,1998-01-01,COLLECT COD,TRUCK,he pinto beans. f
39014-2,39014,1250,51,2,40.00,46050.00,0.03,0.04,N,O,1998-02-25,1998-01-20,1998-03-25,NONE,TRUCK,blithely above the slyly regular foxes
39014-3,39014,1225,100,3,21.00,23650.62,0.00,0.01,N,O,1998-02-03,1997-12-13,1998-02-22,DELIVER IN PERSON,TRUCK,ously final requests sleep slyly t
39015-1,39015,181,34,1,2.00,2162.36,0.07,0.06,R,F,1995-03-03,1995-01-25,1995-03-19,COLLECT COD,SHIP,ic requests cajole blithely regularly bol
39015-2,39015,711,76,2,11.00,17728.81,0.10,0.01,R,F,1995-03-14,1995-01-11,1995-04-09,COLLECT COD,MAIL,ironic excuses haggle sly
39015-3,39015,1673,74,3,16.00,25194.72,0.08,0.08,R,F,1995-03-05,1995-02-14,1995-03-18,DELIVER IN PERSON,AIR,ously about the 
39015-4,39015,1765,66,4,48.00,80004.48,0.10,0.04,A,F,1995-01-08,1995-01-22,1995-02-01,DELIVER IN PERSON,FOB,e carefully regular packages. f
39015-5,39015,1039,75,5,22.00,20680.66,0.05,0.02,A,F,1995-02-18,1995-01-10,1995-03-11,NONE,MAIL,e slyly ironic dolphins affix quickly 
39015-6,39015,750,83,6,3.00,4952.25,0.00,0.00,R,F,1994-12-20,1995-01-11,1994-12-30,TAKE BACK RETURN,TRUCK,"s. regular, express packages haggle ab"
39040-1,39040,1345,22,1,27.00,33651.18,0.01,0.07,R,F,1994-06-20,1994-07-05,1994-07-14,NONE,AIR,ix furiousl
39040-2,39040,711,44,2,22.00,35457.62,0.05,0.00,R,F,1994-09-18,1994-08-13,1994-10-01,COLLECT COD,MAIL,ons. special excuses affix blithely abo
39040-3,39040,1472,90,3,8.00,10987.76,0.04,0.08,A,F,1994-07-17,1994-07-13,1994-08-01,COLLECT COD,FOB, blithely regular deposits. i
39040-4,39040,360,89,4,47.00,59236.92,0.01,0.00,R,F,1994-06-06,1994-08-13,1994-06-07,COLLECT COD,RAIL,sits nag furiously regular 
39041-1,39041,190,69,1,36.00,39246.84,0.01,0.02,N,O,1995-11-14,1995-12-02,1995-11-16,TAKE BACK RETURN,AIR,osits. express frays ma
39041-2,39041,382,67,2,17.00,21800.46,0.10,0.08,N,O,1995-11-30,1995-12-02,1995-12-24,TAKE BACK RETURN,TRUCK,od. even packages 
39041-3,39041,1769,96,3,36.00,60147.36,0.01,0.06,N,O,1995-12-09,1995-12-02,1995-12-12,TAKE BACK RETURN,RAIL,pecial packages. u
39041-4,39041,1990,23,4,46.00,87031.54,0.04,0.08,N,O,1995-11-30,1995-12-12,1995-12-30,DELIVER IN PERSON,RAIL,p across the slyly express acc
39041-5,39041,819,53,5,31.00,53314.11,0.09,0.01,N,O,1996-02-21,1995-12-25,1996-03-18,TAKE BACK RETURN,SHIP,ymptotes detect! quickly even 
39041-6,39041,823,57,6,25.00,43095.50,0.01,0.01,N,O,1995-12-20,1995-12-24,1996-01-14,TAKE BACK RETURN,SHIP, slyly after the fluff
39042-1,39042,1310,11,1,15.00,18169.65,0.00,0.05,A,F,1994-09-12,1994-10-09,1994-10-05,DELIVER IN PERSON,MAIL, wake carefully regular instruction
39042-2,39042,816,17,2,34.00,58371.54,0.08,0.01,R,F,1994-12-14,1994-11-01,1995-01-13,DELIVER IN PERSON,SHIP,nal deposits thr
39043-1,39043,603,97,1,15.00,22554.00,0.00,0.05,A,F,1994-04-07,1994-03-08,1994-04-27,COLLECT COD,AIR,yly alongside of the furiously 
39043-2,39043,257,58,2,22.00,25459.50,0.03,0.00,A,F,1994-01-09,1994-01-22,1994-02-04,COLLECT COD,REG AIR,ding requests wake carefully expr
39043-3,39043,398,83,3,10.00,12983.90,0.09,0.08,R,F,1994-04-08,1994-02-06,1994-04-25,DELIVER IN PERSON,RAIL,. dependencies around the fluf
39043-4,39043,1652,35,4,13.00,20197.45,0.08,0.08,R,F,1994-04-21,1994-03-02,1994-05-13,COLLECT COD,MAIL,ruthlessly ironic courts above the c
39044-1,39044,829,29,1,40.00,69192.80,0.09,0.06,R,F,1993-08-28,1993-07-13,1993-09-25,TAKE BACK RETURN,REG AIR, the packages
39044-2,39044,1050,86,2,25.00,23776.25,0.09,0.00,A,F,1993-05-06,1993-06-18,1993-05-17,COLLECT COD,SHIP,deposits. bold accounts nag s
39045-1,39045,1202,40,1,34.00,37508.80,0.00,0.06,A,F,1992-11-05,1992-10-17,1992-11-20,NONE,REG AIR,olites are. sp
39045-2,39045,33,84,2,26.00,24258.78,0.05,0.03,A,F,1992-10-22,1992-11-03,1992-11-09,DELIVER IN PERSON,MAIL,ously regular foxes. 
39045-3,39045,392,93,3,24.00,31017.36,0.06,0.07,A,F,1992-11-05,1992-11-19,1992-11-06,TAKE BACK RETURN,REG AIR,sual platelets. regular foxes detect.
39045-4,39045,52,78,4,13.00,12376.65,0.07,0.04,A,F,1993-01-06,1992-11-28,1993-01-28,TAKE BACK RETURN,FOB,thily unusual ideas among the blithely fi
39045-5,39045,40,16,5,13.00,12220.52,0.01,0.03,R,F,1993-01-02,1992-12-07,1993-01-12,COLLECT COD,RAIL,al foxes. furiously r
39045-6,39045,1172,81,6,23.00,24682.91,0.03,0.06,A,F,1992-12-15,1992-11-20,1992-12-16,DELIVER IN PERSON,RAIL,e fluffily. furiously expres
39046-1,39046,742,75,1,37.00,60781.38,0.05,0.02,N,O,1996-01-31,1995-12-24,1996-02-11,DELIVER IN PERSON,AIR,posits wake
39046-2,39046,130,31,2,41.00,42235.33,0.10,0.02,N,O,1995-12-19,1996-02-02,1996-01-09,TAKE BACK RETURN,REG AIR,y stealthy foxes must have to cajole s
39046-3,39046,1045,46,3,30.00,28381.20,0.10,0.04,N,O,1995-11-24,1995-12-25,1995-11-30,TAKE BACK RETURN,RAIL,silent sentiments. final inst
39047-1,39047,393,22,1,49.00,63376.11,0.02,0.00,R,F,1993-04-17,1993-05-07,1993-05-09,NONE,TRUCK,st fluffily across the unusual
39072-1,39072,1545,26,1,27.00,39056.58,0.06,0.08,A,F,1994-04-12,1994-05-05,1994-04-27,NONE,MAIL,kages. carefully daring packages
39073-1,39073,367,68,1,27.00,34218.72,0.02,0.08,R,F,1994-04-28,1994-04-27,1994-05-03,NONE,REG AIR,ounts are above the furiously f
39073-2,39073,1885,72,2,44.00,78622.72,0.10,0.07,R,F,1994-01-31,1994-03-01,1994-02-01,COLLECT COD,TRUCK, of the furi
39073-3,39073,190,17,3,22.00,23984.18,0.08,0.05,A,F,1994-05-10,1994-04-02,1994-05-31,COLLECT COD,TRUCK,accounts. slyly silent notorni
39073-4,39073,997,98,4,35.00,66429.65,0.00,0.05,A,F,1994-03-05,1994-03-26,1994-04-01,DELIVER IN PERSON,AIR,s wake carefully across th
39074-1,39074,862,63,1,24.00,42308.64,0.00,0.06,N,O,1996-07-24,1996-06-06,1996-08-09,TAKE BACK RETURN,TRUCK,"y final ideas. ironic, regular realms alon"
39074-2,39074,750,83,2,50.00,82537.50,0.09,0.00,N,O,1996-06-15,1996-06-24,1996-07-01,DELIVER IN PERSON,REG AIR,ilently special requests are furiously!
39074-3,39074,557,48,3,34.00,49556.70,0.05,0.08,N,O,1996-06-30,1996-07-10,1996-07-24,DELIVER IN PERSON,MAIL,nusual accounts 
39074-4,39074,1048,84,4,36.00,34165.44,0.01,0.04,N,O,1996-06-16,1996-05-15,1996-07-15,NONE,TRUCK, affix alongside of the packages; pa
39074-5,39074,1202,77,5,16.00,17651.20,0.02,0.00,N,O,1996-05-29,1996-05-31,1996-06-22,DELIVER IN PERSON,FOB,haggle. packages sleep quickl
39074-6,39074,838,72,6,9.00,15649.47,0.09,0.02,N,O,1996-06-14,1996-07-01,1996-07-02,NONE,TRUCK,furiously. furiously regular attainments 
39075-1,39075,458,46,1,36.00,48904.20,0.07,0.07,A,F,1992-05-12,1992-04-11,1992-05-31,TAKE BACK RETURN,REG AIR,"s cajole furiously bold, final "
39075-2,39075,1950,83,2,9.00,16667.55,0.06,0.03,R,F,1992-02-28,1992-04-03,1992-03-13,NONE,AIR,"es. regular, re"
39075-3,39075,692,93,3,13.00,20704.97,0.09,0.03,A,F,1992-03-12,1992-05-18,1992-03-19,TAKE BACK RETURN,SHIP,uternes sleep. fluffily regu
39075-4,39075,1267,5,4,37.00,43225.62,0.00,0.02,R,F,1992-03-25,1992-05-20,1992-04-04,COLLECT COD,REG AIR,ions. asymptotes wake blithely ir
39075-5,39075,434,22,5,30.00,40032.90,0.09,0.03,R,F,1992-05-29,1992-04-08,1992-06-07,NONE,TRUCK,deposits. express accounts haggle after the
39075-6,39075,1146,19,6,9.00,9424.26,0.01,0.05,A,F,1992-03-04,1992-03-28,1992-03-31,NONE,RAIL,close escapades against the 
39076-1,39076,369,26,1,14.00,17771.04,0.05,0.06,R,F,1995-01-09,1995-02-23,1995-02-03,DELIVER IN PERSON,REG AIR,ts sleep quickly express excuse
39076-2,39076,1803,4,2,41.00,69896.80,0.04,0.02,A,F,1995-01-12,1995-01-24,1995-01-21,COLLECT COD,RAIL,ly final i
39076-3,39076,435,23,3,6.00,8012.58,0.04,0.07,A,F,1995-03-23,1995-03-09,1995-04-12,DELIVER IN PERSON,REG AIR,quests boost quickly final packages. ironic
39076-4,39076,1339,78,4,3.00,3720.99,0.00,0.06,A,F,1995-02-06,1995-01-19,1995-03-03,TAKE BACK RETURN,RAIL,press carefully among the ideas. 
39076-5,39076,1512,33,5,2.00,2827.02,0.10,0.03,R,F,1994-12-30,1995-02-04,1995-01-28,COLLECT COD,REG AIR,deas nag blithely across the bold 
39076-6,39076,1344,59,6,38.00,47322.92,0.05,0.05,A,F,1995-02-11,1995-02-09,1995-02-15,COLLECT COD,TRUCK,e furiously expre
39076-7,39076,1058,29,7,4.00,3836.20,0.05,0.08,R,F,1995-01-18,1995-02-14,1995-01-23,COLLECT COD,SHIP,arefully alongside of the quickly
39077-1,39077,238,93,1,41.00,46667.43,0.00,0.04,N,O,1998-03-20,1998-03-18,1998-04-04,COLLECT COD,REG AIR,pecial accounts affix blithely fluff
39077-2,39077,1733,60,2,47.00,76832.31,0.03,0.06,N,O,1998-03-16,1998-02-14,1998-03-21,NONE,MAIL,lly regular deposit
39077-3,39077,110,89,3,17.00,17171.87,0.05,0.06,N,O,1998-03-20,1998-03-16,1998-04-10,TAKE BACK RETURN,MAIL,pecial theodolites. clo
39077-4,39077,1257,32,4,32.00,37064.00,0.03,0.08,N,O,1998-01-03,1998-02-13,1998-01-29,NONE,FOB," furiously bold deposits. ironic, regu"
39077-5,39077,462,63,5,24.00,32699.04,0.07,0.03,N,O,1998-03-12,1998-02-08,1998-03-18,NONE,RAIL,uctions above the pinto beans are agains
39077-6,39077,1172,81,6,20.00,21463.40,0.09,0.02,N,O,1998-03-15,1998-02-20,1998-03-26,COLLECT COD,REG AIR,"eas. regular, unusual p"
39078-1,39078,865,32,1,23.00,40614.78,0.05,0.07,R,F,1994-07-06,1994-08-11,1994-07-29,DELIVER IN PERSON,SHIP,. bold orbits believe carefully acco
39078-2,39078,34,60,2,45.00,42031.35,0.02,0.06,A,F,1994-08-23,1994-09-10,1994-09-10,DELIVER IN PERSON,TRUCK,n packages haggle quick
39078-3,39078,1823,24,3,6.00,10348.92,0.08,0.06,R,F,1994-10-13,1994-07-30,1994-10-27,DELIVER IN PERSON,SHIP,ffix. quickly even
39078-4,39078,592,93,4,18.00,26866.62,0.04,0.08,R,F,1994-09-29,1994-08-05,1994-10-09,NONE,MAIL,o beans cajole carefully final instruct
39078-5,39078,162,89,5,4.00,4248.64,0.03,0.03,A,F,1994-08-10,1994-07-28,1994-08-26,COLLECT COD,RAIL,"l, even escapades nag carefully "
39078-6,39078,1931,32,6,9.00,16496.37,0.01,0.02,R,F,1994-09-05,1994-08-31,1994-10-02,COLLECT COD,FOB,efully under the blithely final deposi
39078-7,39078,1022,28,7,18.00,16614.36,0.09,0.08,R,F,1994-08-09,1994-08-09,1994-09-03,TAKE BACK RETURN,REG AIR,"he express packages. regular, iro"
39079-1,39079,1109,82,1,47.00,47474.70,0.10,0.02,N,O,1996-01-06,1995-10-13,1996-02-02,NONE,AIR,"g, silent requests a"
39079-2,39079,186,39,2,42.00,45619.56,0.01,0.04,N,O,1995-11-30,1995-10-14,1995-12-21,COLLECT COD,TRUCK,deposits u
39079-3,39079,369,70,3,46.00,58390.56,0.04,0.02,N,O,1995-12-28,1995-11-24,1996-01-15,TAKE BACK RETURN,TRUCK,as. furiously regular pinto beans boost 
39079-4,39079,548,39,4,23.00,33316.42,0.03,0.00,N,O,1995-12-13,1995-12-07,1996-01-03,COLLECT COD,REG AIR,ding to the furiously e
39104-1,39104,251,79,1,47.00,54108.75,0.05,0.06,N,O,1996-02-08,1996-04-09,1996-02-19,TAKE BACK RETURN,REG AIR, slyly furious requests wake fu
39104-2,39104,1558,59,2,38.00,55462.90,0.06,0.05,N,O,1996-04-20,1996-03-26,1996-05-12,TAKE BACK RETURN,AIR,unts sleep ironically caref
39105-1,39105,225,26,1,11.00,12377.42,0.10,0.00,N,O,1996-06-28,1996-08-04,1996-06-29,NONE,AIR,"g packages detect special,"
39105-2,39105,869,36,2,20.00,35397.20,0.07,0.08,N,O,1996-07-28,1996-07-17,1996-08-20,COLLECT COD,RAIL,und the fu
39106-1,39106,1452,31,1,36.00,48724.20,0.02,0.04,N,O,1997-04-07,1997-05-04,1997-04-23,TAKE BACK RETURN,RAIL,the regular foxes? f
39107-1,39107,945,46,1,13.00,23997.22,0.07,0.00,N,O,1996-03-15,1996-01-20,1996-03-18,COLLECT COD,REG AIR,ully ironic accounts. ca
39107-2,39107,413,43,2,40.00,52536.40,0.08,0.00,N,O,1995-12-24,1996-01-09,1996-01-05,COLLECT COD,REG AIR,"egular, special deposits haggle."
39107-3,39107,459,47,3,22.00,29907.90,0.03,0.01,N,O,1995-12-28,1996-02-09,1995-12-30,TAKE BACK RETURN,RAIL,yly regular excuses cajole furio
39107-4,39107,1023,94,4,10.00,9240.20,0.10,0.03,N,O,1996-02-06,1996-01-29,1996-02-12,TAKE BACK RETURN,SHIP,"ecial, bold theodoli"
39108-1,39108,1202,3,1,16.00,17651.20,0.07,0.03,N,O,1997-08-28,1997-07-21,1997-08-30,NONE,TRUCK, fluffily carefully unusual pinto beans. 
39108-2,39108,334,35,2,17.00,20983.61,0.00,0.06,N,O,1997-08-02,1997-08-15,1997-08-03,NONE,FOB,s requests a
39108-3,39108,176,77,3,24.00,25828.08,0.06,0.02,N,O,1997-10-17,1997-08-14,1997-11-06,NONE,AIR,rding to the furiously idle deposits. q
39108-4,39108,1515,36,4,14.00,19831.14,0.04,0.08,N,O,1997-07-22,1997-09-14,1997-07-25,DELIVER IN PERSON,REG AIR,l requests wake 
39108-5,39108,874,8,5,7.00,12424.09,0.07,0.04,N,O,1997-07-05,1997-09-16,1997-07-10,NONE,TRUCK,ctions against the final deposit
39108-6,39108,898,65,6,20.00,35977.80,0.07,0.08,N,O,1997-10-13,1997-08-11,1997-10-22,COLLECT COD,MAIL,kly pending
39108-7,39108,474,4,7,6.00,8246.82,0.01,0.02,N,O,1997-09-29,1997-07-24,1997-10-18,NONE,FOB,fily final excuses boost. furi
39109-1,39109,1424,42,1,49.00,64945.58,0.00,0.03,N,O,1998-10-17,1998-08-07,1998-11-07,DELIVER IN PERSON,REG AIR,sly ironic instructions accordin
39109-2,39109,1310,25,2,40.00,48452.40,0.10,0.07,N,O,1998-08-06,1998-09-07,1998-08-22,TAKE BACK RETURN,TRUCK,otes. special dolphins according t
39109-3,39109,716,13,3,13.00,21017.23,0.10,0.06,N,O,1998-08-10,1998-08-17,1998-08-29,COLLECT COD,RAIL,lyly final pinto beans
39110-1,39110,1863,50,1,42.00,74124.12,0.09,0.03,R,F,1993-03-22,1993-04-28,1993-03-24,DELIVER IN PERSON,TRUCK,ffily. accounts ought to 
39110-2,39110,178,31,2,16.00,17250.72,0.00,0.00,A,F,1993-03-02,1993-03-12,1993-03-21,NONE,AIR,"ar, regular foxes detect blit"
39110-3,39110,137,90,3,9.00,9334.17,0.02,0.04,R,F,1993-02-25,1993-04-08,1993-02-28,COLLECT COD,FOB,carefully final foxes are slyly even theodo
39110-4,39110,1487,5,4,15.00,20827.20,0.09,0.01,A,F,1993-05-03,1993-04-09,1993-05-06,TAKE BACK RETURN,AIR,"ccounts? regular, pending"
39111-1,39111,96,97,1,29.00,28886.61,0.00,0.06,N,O,1995-10-08,1995-10-23,1995-11-05,COLLECT COD,SHIP,e carefully unusual requests. final 
39111-2,39111,1247,22,2,8.00,9185.92,0.04,0.07,N,O,1995-09-14,1995-10-02,1995-10-11,DELIVER IN PERSON,AIR,"ven, special foxes"
39111-3,39111,1114,51,3,3.00,3045.33,0.04,0.03,N,O,1995-10-31,1995-09-18,1995-11-26,COLLECT COD,RAIL,"thely. silent, "
39111-4,39111,284,85,4,7.00,8289.96,0.07,0.05,N,O,1995-10-05,1995-09-09,1995-10-23,DELIVER IN PERSON,RAIL,ng to the s
39111-5,39111,1348,25,5,18.00,22488.12,0.09,0.08,N,O,1995-11-06,1995-09-02,1995-11-12,NONE,TRUCK, foxes haggle
39111-6,39111,19,70,6,17.00,15623.17,0.04,0.08,N,O,1995-10-05,1995-09-11,1995-10-11,DELIVER IN PERSON,REG AIR,ecial foxes was quickly. r
39136-1,39136,1955,100,1,17.00,31568.15,0.00,0.06,R,F,1994-09-08,1994-08-31,1994-09-28,DELIVER IN PERSON,REG AIR, blithely re
39136-2,39136,1898,42,2,15.00,26998.35,0.00,0.00,A,F,1994-07-05,1994-09-11,1994-07-25,TAKE BACK RETURN,MAIL,lent packages
39136-3,39136,1264,76,3,8.00,9322.08,0.02,0.06,A,F,1994-10-20,1994-08-16,1994-10-31,DELIVER IN PERSON,SHIP,al foxes cajole. blithely pending pa
39136-4,39136,991,26,4,16.00,30271.84,0.04,0.00,A,F,1994-10-18,1994-09-18,1994-11-04,COLLECT COD,SHIP,ironic multipliers boost fluffily final pac
39137-1,39137,1065,36,1,23.00,22219.38,0.07,0.07,N,O,1998-05-15,1998-05-31,1998-06-09,NONE,REG AIR,"he bold pinto beans. regular, even pack"
39137-2,39137,1079,85,2,10.00,9800.70,0.03,0.03,N,O,1998-04-07,1998-05-15,1998-05-05,COLLECT COD,SHIP,lites believe. blithely bold requests use
39137-3,39137,1452,31,3,24.00,32482.80,0.00,0.03,N,O,1998-05-13,1998-05-27,1998-06-10,DELIVER IN PERSON,FOB,boost carefully furiously
39137-4,39137,1999,32,4,48.00,91247.52,0.04,0.07,N,O,1998-04-30,1998-06-26,1998-05-05,COLLECT COD,AIR,usly bold theodolites nag quickly stealth
39137-5,39137,535,66,5,49.00,70340.97,0.05,0.00,N,O,1998-07-01,1998-05-22,1998-07-16,COLLECT COD,TRUCK,carefully silent theodolites boost above t
39138-1,39138,499,100,1,33.00,46183.17,0.08,0.01,N,O,1996-03-15,1996-02-16,1996-04-04,NONE,REG AIR,bold theodolites mold. furiously final excu
39138-2,39138,1420,60,2,32.00,42285.44,0.09,0.03,N,O,1996-01-04,1996-02-03,1996-01-18,NONE,RAIL,ravely regular requests. blithely fina
39138-3,39138,605,6,3,20.00,30112.00,0.08,0.03,N,O,1996-04-02,1996-03-05,1996-04-12,TAKE BACK RETURN,RAIL,s haggle among the sl
39138-4,39138,132,11,4,26.00,26835.38,0.04,0.01,N,O,1996-01-29,1996-02-10,1996-02-10,COLLECT COD,RAIL,frays against the carefully 
39138-5,39138,1854,84,5,39.00,68478.15,0.03,0.07,N,O,1996-03-26,1996-03-17,1996-04-23,NONE,RAIL,fully slyly even accounts. slyly final saut
39139-1,39139,442,72,1,27.00,36245.88,0.02,0.06,R,F,1993-12-12,1993-12-29,1994-01-05,COLLECT COD,SHIP,leep slyly 
39139-2,39139,1719,62,2,9.00,14586.39,0.01,0.01,R,F,1993-12-12,1993-12-26,1993-12-20,DELIVER IN PERSON,AIR, depths: blithely final excuses af
39139-3,39139,1008,44,3,37.00,33633.00,0.07,0.02,A,F,1993-11-17,1993-12-16,1993-11-25,NONE,MAIL,. fluffily careful f
39139-4,39139,1043,14,4,36.00,33985.44,0.03,0.05,R,F,1993-12-03,1994-01-26,1993-12-30,TAKE BACK RETURN,TRUCK, after the blithely special reques
39139-5,39139,918,53,5,46.00,83669.86,0.00,0.08,R,F,1994-01-28,1994-01-25,1994-02-05,COLLECT COD,MAIL,ily quiet theod
39139-6,39139,274,29,6,20.00,23485.40,0.02,0.00,R,F,1994-01-28,1994-01-12,1994-02-25,NONE,REG AIR,eposits around the slyly reg
39139-7,39139,855,56,7,37.00,64966.45,0.02,0.08,R,F,1994-01-25,1994-01-28,1994-02-11,NONE,MAIL,lithely speci
39140-1,39140,1936,37,1,30.00,55137.90,0.00,0.08,R,F,1993-12-04,1993-12-23,1993-12-20,NONE,TRUCK,r packages. bold deposits de
39140-2,39140,1915,16,2,18.00,32704.38,0.08,0.02,A,F,1994-01-07,1993-11-26,1994-01-12,DELIVER IN PERSON,RAIL,ilent dolphins ca
39140-3,39140,1062,68,3,50.00,48153.00,0.02,0.00,A,F,1993-12-27,1993-11-25,1994-01-16,TAKE BACK RETURN,AIR, use after the blithely reg
39140-4,39140,359,60,4,27.00,34002.45,0.04,0.08,A,F,1993-10-13,1993-11-28,1993-10-24,DELIVER IN PERSON,REG AIR, slyly bold deposits. fluffily s
39140-5,39140,264,19,5,5.00,5821.30,0.08,0.03,A,F,1994-01-16,1993-11-09,1994-01-29,TAKE BACK RETURN,FOB,cial deposits? blithely bold requests u
39140-6,39140,1102,75,6,13.00,13040.30,0.06,0.07,A,F,1993-11-20,1993-11-28,1993-11-24,TAKE BACK RETURN,TRUCK,old pinto beans use across the unusual
39141-1,39141,172,51,1,6.00,6433.02,0.00,0.05,R,F,1994-06-27,1994-07-18,1994-07-14,NONE,REG AIR,usual requests. silently eve
39141-2,39141,574,35,2,41.00,60457.37,0.10,0.05,A,F,1994-05-06,1994-07-24,1994-05-09,DELIVER IN PERSON,RAIL," regular, express pinto b"
39141-3,39141,1043,79,3,38.00,35873.52,0.09,0.02,R,F,1994-07-16,1994-07-24,1994-08-11,DELIVER IN PERSON,REG AIR,pinto beans. blith
39141-4,39141,663,64,4,5.00,7818.30,0.10,0.08,A,F,1994-08-11,1994-07-29,1994-08-13,TAKE BACK RETURN,REG AIR,to beans cajole fluffily
39141-5,39141,1210,48,5,49.00,54449.29,0.06,0.03,A,F,1994-07-01,1994-07-23,1994-07-09,DELIVER IN PERSON,RAIL,eposits cajole slyly 
39141-6,39141,92,68,6,49.00,48612.41,0.03,0.08,A,F,1994-08-04,1994-07-03,1994-09-03,DELIVER IN PERSON,SHIP,hely unusual platelets into 
39141-7,39141,1362,1,7,36.00,45480.96,0.04,0.03,R,F,1994-06-15,1994-07-04,1994-07-08,TAKE BACK RETURN,AIR,express platelets sleep 
39142-1,39142,1563,64,1,19.00,27826.64,0.05,0.03,R,F,1992-12-07,1992-12-21,1992-12-12,COLLECT COD,REG AIR, regular accounts above the fu
39142-2,39142,536,97,2,45.00,64643.85,0.09,0.08,A,F,1993-02-22,1993-01-16,1993-02-27,TAKE BACK RETURN,RAIL,packages believe quickly: even
39142-3,39142,1961,6,3,49.00,91285.04,0.07,0.07,A,F,1992-12-20,1993-01-28,1993-01-04,NONE,REG AIR,ly regular foxes wake slyly about the caref
39143-1,39143,1618,19,1,4.00,6078.44,0.05,0.07,R,F,1992-07-25,1992-05-08,1992-08-16,NONE,MAIL,ending acc
39143-2,39143,1257,69,2,49.00,56754.25,0.07,0.07,R,F,1992-06-29,1992-06-25,1992-07-29,TAKE BACK RETURN,MAIL,y pending accounts sleep slyly. furiousl
39143-3,39143,1971,4,3,11.00,20602.67,0.09,0.06,R,F,1992-04-29,1992-05-09,1992-05-23,COLLECT COD,SHIP,quickly final deposits would wake. bl
39168-1,39168,1060,96,1,11.00,10571.66,0.07,0.00,A,F,1992-07-25,1992-07-02,1992-08-23,TAKE BACK RETURN,SHIP,tes! blithely pending deposits caj
39168-2,39168,1041,12,2,41.00,38623.64,0.04,0.05,A,F,1992-05-30,1992-08-04,1992-06-02,COLLECT COD,TRUCK,uctions. fina
39168-3,39168,1611,12,3,38.00,57479.18,0.01,0.03,A,F,1992-06-23,1992-08-09,1992-07-16,TAKE BACK RETURN,FOB,leep carefully against the u
39168-4,39168,1033,39,4,3.00,2802.09,0.06,0.00,A,F,1992-08-17,1992-07-18,1992-08-26,TAKE BACK RETURN,RAIL,riously regular packa
39168-5,39168,1874,75,5,28.00,49724.36,0.09,0.05,A,F,1992-07-26,1992-08-03,1992-08-12,COLLECT COD,AIR,sts. furiously unusual instructions
39168-6,39168,802,36,6,35.00,59598.00,0.06,0.05,R,F,1992-08-12,1992-07-04,1992-09-08,TAKE BACK RETURN,SHIP,ickly above the fluffily pendin
39168-7,39168,14,40,7,36.00,32904.36,0.00,0.01,A,F,1992-06-13,1992-07-08,1992-07-13,COLLECT COD,REG AIR, requests. s
39169-1,39169,1107,44,1,10.00,10081.00,0.06,0.06,N,O,1995-09-16,1995-10-01,1995-10-03,DELIVER IN PERSON,AIR,platelets 
39169-2,39169,643,44,2,26.00,40134.64,0.03,0.02,N,O,1995-09-22,1995-10-07,1995-10-06,NONE,SHIP,yly regular deposits engage. slyly bold de
39169-3,39169,144,23,3,23.00,24015.22,0.05,0.01,N,O,1995-09-18,1995-11-08,1995-10-17,DELIVER IN PERSON,SHIP,slyly according 
39169-4,39169,458,46,4,45.00,61130.25,0.06,0.07,N,O,1995-10-15,1995-10-13,1995-10-26,COLLECT COD,MAIL,ithout the 
39169-5,39169,1999,88,5,1.00,1900.99,0.02,0.02,N,O,1995-10-11,1995-10-03,1995-10-15,TAKE BACK RETURN,RAIL,s try to mold fluffily. excuses sl
39169-6,39169,350,79,6,14.00,17504.90,0.04,0.04,N,O,1995-11-12,1995-11-14,1995-12-12,DELIVER IN PERSON,TRUCK,s nod. carefully p
39169-7,39169,1017,88,7,47.00,43146.47,0.10,0.06,N,O,1995-10-10,1995-11-17,1995-10-21,TAKE BACK RETURN,REG AIR, sheaves cajole amo
39170-1,39170,998,1,1,49.00,93050.51,0.01,0.06,A,F,1994-08-11,1994-09-20,1994-09-05,TAKE BACK RETURN,TRUCK,s nag blithely. pinto beans sleep. care
39170-2,39170,141,68,2,24.00,24987.36,0.08,0.05,A,F,1994-11-09,1994-09-30,1994-12-06,COLLECT COD,TRUCK,he furiously bold depths
39171-1,39171,1042,48,1,46.00,43379.84,0.06,0.05,N,O,1998-04-28,1998-03-15,1998-05-17,COLLECT COD,TRUCK," silent, regular id"
39171-2,39171,204,86,2,17.00,18771.40,0.04,0.03,N,O,1998-01-02,1998-02-12,1998-01-30,COLLECT COD,MAIL,l ideas. furiously reg
39171-3,39171,490,91,3,31.00,43105.19,0.04,0.04,N,O,1998-01-07,1998-02-25,1998-01-18,NONE,SHIP," silent decoys. express, pending pinto b"
39171-4,39171,564,25,4,28.00,41007.68,0.09,0.08,N,O,1998-03-31,1998-02-19,1998-04-05,DELIVER IN PERSON,TRUCK,ests use carefully bo
39171-5,39171,1171,44,5,9.00,9649.53,0.03,0.07,N,O,1997-12-30,1998-01-31,1998-01-06,TAKE BACK RETURN,MAIL,ckly. blithely caref
39171-6,39171,1079,50,6,14.00,13720.98,0.02,0.04,N,O,1998-04-27,1998-01-27,1998-05-12,NONE,TRUCK,ges boost slyly depo
39171-7,39171,356,41,7,31.00,38946.85,0.05,0.05,N,O,1998-03-28,1998-03-19,1998-03-31,NONE,FOB,osits. blithely special excuses ha
39172-1,39172,1459,77,1,5.00,6802.25,0.04,0.06,A,F,1993-08-12,1993-08-09,1993-09-03,NONE,FOB,regular forges cajole after the d
39172-2,39172,508,9,2,42.00,59157.00,0.10,0.02,R,F,1993-10-14,1993-08-08,1993-10-21,COLLECT COD,MAIL,accounts. fluffily even
39172-3,39172,1286,98,3,10.00,11872.80,0.04,0.06,R,F,1993-07-08,1993-07-31,1993-07-15,DELIVER IN PERSON,AIR,osits wake carefu
39172-4,39172,319,20,4,47.00,57307.57,0.05,0.04,R,F,1993-09-05,1993-09-04,1993-09-23,DELIVER IN PERSON,SHIP,y. carefully fi
39172-5,39172,549,50,5,42.00,60880.68,0.05,0.04,R,F,1993-09-01,1993-08-14,1993-09-15,TAKE BACK RETURN,SHIP,theodolites. quickly iron
39172-6,39172,646,78,6,15.00,23199.60,0.05,0.07,A,F,1993-09-09,1993-07-31,1993-10-03,TAKE BACK RETURN,AIR,refully carefully quiet accounts. fina
39173-1,39173,1525,66,1,29.00,41369.08,0.04,0.05,A,F,1994-03-15,1994-03-12,1994-03-30,TAKE BACK RETURN,REG AIR,ding depths.
39173-2,39173,531,22,2,30.00,42945.90,0.01,0.04,R,F,1994-03-19,1994-02-21,1994-04-17,NONE,FOB,t foxes around th
39173-3,39173,923,26,3,43.00,78428.56,0.10,0.03,A,F,1994-05-05,1994-03-22,1994-05-13,NONE,RAIL,totes. special theodolites wake. th
39173-4,39173,1523,64,4,46.00,65527.92,0.09,0.01,A,F,1994-02-16,1994-02-21,1994-03-14,TAKE BACK RETURN,RAIL,g pinto beans. special theodolites play fur
39174-1,39174,1487,66,1,5.00,6942.40,0.00,0.05,N,O,1997-10-11,1997-07-20,1997-10-30,TAKE BACK RETURN,AIR,ickly express reque
39174-2,39174,1563,4,2,44.00,64440.64,0.05,0.03,N,O,1997-07-30,1997-08-19,1997-08-24,NONE,TRUCK,e platelets. express theod
39174-3,39174,284,66,3,35.00,41449.80,0.04,0.06,N,O,1997-08-18,1997-07-16,1997-09-14,TAKE BACK RETURN,SHIP,sleep. regular
39174-4,39174,916,85,4,50.00,90845.50,0.04,0.07,N,O,1997-10-12,1997-08-20,1997-10-26,TAKE BACK RETURN,SHIP,ages use furiously 
39174-5,39174,683,77,5,38.00,60179.84,0.03,0.05,N,O,1997-09-27,1997-08-07,1997-10-20,DELIVER IN PERSON,RAIL,ithely bold deposits wake blithely. fluffil
39175-1,39175,1673,97,1,48.00,75584.16,0.08,0.08,N,O,1995-10-24,1995-09-23,1995-11-10,COLLECT COD,FOB,y even deposits cajole. stealthily specia
39175-2,39175,1281,82,2,31.00,36650.68,0.00,0.00,N,O,1995-10-17,1995-09-08,1995-10-31,COLLECT COD,SHIP,eas maintain blithely above the furiously
39175-3,39175,1636,78,3,3.00,4612.89,0.04,0.00,N,O,1995-11-07,1995-09-02,1995-11-23,TAKE BACK RETURN,TRUCK,final pinto beans accordin
39175-4,39175,331,32,4,24.00,29551.92,0.10,0.05,N,O,1995-08-30,1995-09-22,1995-09-05,COLLECT COD,REG AIR,uctions wake bl
39175-5,39175,1144,81,5,4.00,4180.56,0.02,0.08,N,O,1995-09-08,1995-09-20,1995-09-09,COLLECT COD,REG AIR, boldly carefully final reques
39175-6,39175,534,35,6,47.00,67422.91,0.09,0.07,N,O,1995-09-08,1995-09-23,1995-09-18,DELIVER IN PERSON,MAIL,r theodolites ca
39175-7,39175,1754,81,7,21.00,34770.75,0.10,0.07,N,O,1995-11-25,1995-09-29,1995-12-23,COLLECT COD,REG AIR,t. pending requests solve furio
39200-1,39200,167,94,1,16.00,17074.56,0.03,0.03,N,O,1996-06-07,1996-06-21,1996-07-03,TAKE BACK RETURN,RAIL,equests are. furio
39200-2,39200,1042,43,2,14.00,13202.56,0.10,0.05,N,O,1996-07-24,1996-08-07,1996-08-18,COLLECT COD,TRUCK,s. quickly unusual pinto beans cajole b
39200-3,39200,880,47,3,4.00,7123.52,0.02,0.04,N,O,1996-06-26,1996-08-10,1996-07-21,DELIVER IN PERSON,MAIL, even packages among the blithely even dol
39200-4,39200,671,34,4,45.00,70725.15,0.00,0.02,N,O,1996-07-15,1996-06-30,1996-07-23,DELIVER IN PERSON,REG AIR,thely silen
39200-5,39200,419,49,5,25.00,32985.25,0.04,0.05,N,O,1996-07-29,1996-07-16,1996-08-17,COLLECT COD,REG AIR,ording to the furiously regular theodolit
39201-1,39201,619,82,1,50.00,75980.50,0.02,0.01,N,O,1996-03-29,1996-02-15,1996-04-07,TAKE BACK RETURN,AIR,ainst the ironic
39201-2,39201,585,86,2,21.00,31197.18,0.08,0.03,N,O,1996-01-14,1996-03-26,1996-01-26,TAKE BACK RETURN,TRUCK,ely regula
39201-3,39201,1208,46,3,4.00,4436.80,0.04,0.03,N,O,1996-03-22,1996-03-04,1996-04-21,NONE,RAIL, the slyly final foxe
39201-4,39201,1288,63,4,22.00,26164.16,0.04,0.04,N,O,1996-03-01,1996-02-10,1996-03-26,DELIVER IN PERSON,FOB,dolites are slyly express excuses. ruthles
39201-5,39201,1132,41,5,41.00,42358.33,0.03,0.02,N,O,1996-03-04,1996-03-31,1996-03-15,TAKE BACK RETURN,AIR,e quickly ironic instructions. f
39201-6,39201,964,65,6,15.00,27974.40,0.05,0.05,N,O,1996-03-22,1996-03-07,1996-04-10,DELIVER IN PERSON,TRUCK,"ckages are silent, unusual"
39201-7,39201,1415,55,7,26.00,34226.66,0.00,0.00,N,O,1996-04-06,1996-03-09,1996-04-18,TAKE BACK RETURN,FOB,requests use fluffily abo
39202-1,39202,1629,71,1,19.00,29081.78,0.03,0.02,N,O,1997-03-23,1997-03-01,1997-04-20,COLLECT COD,RAIL,t furiously ev
39202-2,39202,901,4,2,22.00,39641.80,0.06,0.01,N,O,1997-01-15,1997-03-05,1997-02-01,NONE,AIR, accounts. special ideas
39203-1,39203,297,52,1,42.00,50286.18,0.01,0.05,R,F,1992-04-22,1992-05-18,1992-05-13,COLLECT COD,MAIL,out the furiously final foxes haggle s
39204-1,39204,616,10,1,46.00,69764.06,0.08,0.06,R,F,1994-09-04,1994-08-30,1994-09-19,NONE,FOB,usly special pint
39204-2,39204,811,11,2,41.00,70184.21,0.01,0.02,R,F,1994-10-18,1994-10-08,1994-10-25,NONE,TRUCK,fily ironic packag
39204-3,39204,1785,28,3,26.00,43856.28,0.08,0.08,R,F,1994-09-18,1994-09-09,1994-10-18,TAKE BACK RETURN,AIR, the even requests sleep blithe
39204-4,39204,1515,96,4,33.00,46744.83,0.02,0.05,R,F,1994-10-14,1994-10-12,1994-11-11,TAKE BACK RETURN,FOB,hely special requests. carefully ironic ex
39204-5,39204,1154,27,5,21.00,22158.15,0.07,0.04,A,F,1994-09-16,1994-10-27,1994-09-25,NONE,AIR,along the re
39205-1,39205,1163,64,1,36.00,38309.76,0.04,0.03,N,O,1995-09-05,1995-08-16,1995-09-12,TAKE BACK RETURN,TRUCK,uickly. slyly even decoys thrash. re
39206-1,39206,127,80,1,19.00,19515.28,0.10,0.05,R,F,1995-05-29,1995-06-27,1995-06-11,TAKE BACK RETURN,REG AIR,egular pinto beans after the 
39207-1,39207,958,27,1,33.00,61345.35,0.10,0.00,R,F,1994-12-29,1994-10-20,1995-01-27,NONE,TRUCK, special packages cajole furiously a
39207-2,39207,497,56,2,9.00,12577.41,0.03,0.06,R,F,1994-11-06,1994-11-04,1994-12-06,NONE,FOB,eaves. stealthily final pinto beans cajol
39207-3,39207,1211,86,3,17.00,18907.57,0.04,0.01,A,F,1994-11-04,1994-11-28,1994-12-04,TAKE BACK RETURN,SHIP,efully final c
39207-4,39207,965,66,4,42.00,78370.32,0.01,0.04,R,F,1994-10-07,1994-10-08,1994-10-20,DELIVER IN PERSON,FOB,efore the quickly bold packages. fluff
39207-5,39207,1119,92,5,2.00,2040.22,0.03,0.07,R,F,1994-12-24,1994-10-26,1995-01-13,NONE,FOB,instructions boost.
39232-1,39232,13,39,1,29.00,26477.29,0.00,0.00,N,O,1995-10-14,1995-09-14,1995-11-03,TAKE BACK RETURN,AIR,equests. furiously regu
39232-2,39232,184,63,2,16.00,17346.88,0.04,0.07,N,O,1995-09-22,1995-09-22,1995-10-11,COLLECT COD,TRUCK,s. furiously regular req
39232-3,39232,417,47,3,8.00,10539.28,0.02,0.07,N,O,1995-07-17,1995-09-03,1995-07-25,NONE,SHIP, blithely bold excuses cajole q
39232-4,39232,73,24,4,28.00,27245.96,0.07,0.00,N,O,1995-07-29,1995-09-03,1995-08-02,TAKE BACK RETURN,AIR,ously furiousl
39232-5,39232,428,29,5,23.00,30553.66,0.02,0.00,N,O,1995-10-08,1995-08-24,1995-10-15,COLLECT COD,REG AIR,raids across the even 
39232-6,39232,1297,9,6,41.00,49129.89,0.10,0.07,N,O,1995-09-12,1995-08-14,1995-09-16,NONE,SHIP,ideas wake slyly quick accou
39233-1,39233,1400,1,1,33.00,42946.20,0.01,0.07,N,O,1996-10-20,1996-11-09,1996-10-23,NONE,TRUCK,"ial accounts across the final, pen"
39233-2,39233,1405,6,2,18.00,23515.20,0.10,0.00,N,O,1996-10-17,1996-10-09,1996-11-02,DELIVER IN PERSON,MAIL,ts. blithel
39233-3,39233,447,35,3,42.00,56592.48,0.04,0.08,N,O,1996-10-06,1996-10-13,1996-10-08,NONE,AIR,tain slyly about the even hockey players
39233-4,39233,1530,71,4,35.00,50103.55,0.01,0.00,N,O,1996-11-15,1996-11-02,1996-11-17,COLLECT COD,TRUCK,ly unusual instructions. pen
39233-5,39233,40,16,5,26.00,24441.04,0.08,0.04,N,O,1996-10-12,1996-10-07,1996-10-27,TAKE BACK RETURN,AIR,ously ironi
39234-1,39234,1406,46,1,47.00,61447.80,0.10,0.06,N,O,1997-04-29,1997-04-16,1997-05-15,TAKE BACK RETURN,RAIL,ial asymptotes sleep. carefully iron
39234-2,39234,1820,50,2,49.00,84369.18,0.07,0.06,N,O,1997-03-22,1997-05-13,1997-04-14,TAKE BACK RETURN,FOB,ckages sleep slyly against the pending re
39234-3,39234,1103,4,3,32.00,32131.20,0.01,0.01,N,O,1997-03-24,1997-04-24,1997-04-12,COLLECT COD,AIR,oze. regula
39234-4,39234,1485,3,4,28.00,38821.44,0.06,0.07,N,O,1997-06-21,1997-04-10,1997-07-06,TAKE BACK RETURN,REG AIR,y about the blithely special theod
39234-5,39234,1817,61,5,17.00,29219.77,0.08,0.00,N,O,1997-04-29,1997-05-26,1997-05-13,TAKE BACK RETURN,AIR,"ly pending, b"
39234-6,39234,1066,2,6,19.00,18374.14,0.05,0.04,N,O,1997-03-11,1997-04-08,1997-03-14,NONE,TRUCK,y even deposits use car
39235-1,39235,807,8,1,16.00,27324.80,0.10,0.00,R,F,1993-10-16,1993-08-24,1993-10-20,NONE,MAIL,"ly. regular, regula"
39235-2,39235,204,59,2,7.00,7729.40,0.00,0.07,A,F,1993-08-07,1993-09-23,1993-09-03,NONE,AIR,ic theodolites. requests det
39235-3,39235,546,7,3,32.00,46289.28,0.02,0.05,R,F,1993-08-13,1993-10-03,1993-08-24,TAKE BACK RETURN,MAIL,y regular a
39236-1,39236,1648,90,1,5.00,7748.20,0.04,0.08,R,F,1993-12-22,1993-10-19,1993-12-29,TAKE BACK RETURN,TRUCK,ep slyly bold requests. c
39236-2,39236,381,10,2,7.00,8969.66,0.05,0.05,R,F,1993-12-20,1993-10-26,1994-01-17,NONE,RAIL, accounts boost according to
39236-3,39236,1732,75,3,43.00,70250.39,0.10,0.04,A,F,1993-10-17,1993-10-29,1993-10-19,COLLECT COD,TRUCK,uriously final
39237-1,39237,1400,15,1,49.00,63768.60,0.07,0.08,N,O,1997-09-15,1997-09-30,1997-10-12,DELIVER IN PERSON,MAIL,blithely quickly ironic a
39237-2,39237,382,83,2,30.00,38471.40,0.06,0.00,N,O,1997-11-13,1997-09-23,1997-12-03,COLLECT COD,FOB,quickly regular asymptotes na
39237-3,39237,1453,32,3,22.00,29797.90,0.00,0.02,N,O,1997-11-30,1997-09-15,1997-12-29,DELIVER IN PERSON,RAIL,heodolites haggle carefully benea
39237-4,39237,1645,28,4,47.00,72692.08,0.05,0.01,N,O,1997-09-14,1997-10-18,1997-09-29,DELIVER IN PERSON,SHIP,arefully regul
39237-5,39237,54,5,5,47.00,44840.35,0.09,0.04,N,O,1997-12-01,1997-10-16,1997-12-24,COLLECT COD,TRUCK," along the even, permanent packag"
39238-1,39238,937,38,1,11.00,20217.23,0.09,0.07,R,F,1993-12-27,1993-12-24,1994-01-09,COLLECT COD,TRUCK,yly quickly daring ideas. blithely regular 
39238-2,39238,334,35,2,46.00,56779.18,0.03,0.02,R,F,1993-10-14,1993-10-30,1993-11-11,TAKE BACK RETURN,SHIP,regular reque
39238-3,39238,1110,11,3,42.00,42466.62,0.03,0.01,A,F,1993-11-02,1993-11-07,1993-11-11,TAKE BACK RETURN,FOB,sual deposits are furiously regular
39238-4,39238,696,28,4,25.00,39917.25,0.01,0.02,A,F,1993-11-14,1993-11-22,1993-11-15,TAKE BACK RETURN,TRUCK,its. careful
39238-5,39238,1967,68,5,12.00,22427.52,0.08,0.02,A,F,1994-01-12,1993-12-17,1994-01-25,TAKE BACK RETURN,SHIP,unts! quickly ironic dugouts use qui
39238-6,39238,780,45,6,21.00,35296.38,0.09,0.00,A,F,1994-01-21,1993-11-17,1994-01-26,TAKE BACK RETURN,REG AIR, asymptotes. slyly
39239-1,39239,203,85,1,18.00,19857.60,0.03,0.06,N,O,1998-03-02,1998-02-12,1998-03-09,TAKE BACK RETURN,SHIP,oxes wake slyly daringly final platelet
39239-2,39239,349,6,2,45.00,56220.30,0.06,0.03,N,O,1997-11-29,1998-02-08,1997-12-20,TAKE BACK RETURN,MAIL,y above the ideas? 
39239-3,39239,513,74,3,14.00,19789.14,0.03,0.05,N,O,1998-02-08,1998-01-08,1998-02-09,NONE,RAIL,ke furiously. even foxes unwind after th
39239-4,39239,982,83,4,8.00,15063.84,0.05,0.05,N,O,1997-12-05,1998-02-04,1997-12-19,COLLECT COD,SHIP,ial dependencies run. carefully silent
39239-5,39239,1660,43,5,34.00,53096.44,0.08,0.00,N,O,1998-02-23,1998-01-22,1998-03-15,NONE,AIR, beans sleep 
39264-1,39264,155,56,1,25.00,26378.75,0.10,0.01,N,O,1997-07-08,1997-07-02,1997-07-21,DELIVER IN PERSON,REG AIR,ccording to the busily 
39264-2,39264,775,72,2,26.00,43570.02,0.05,0.06,N,O,1997-05-06,1997-05-16,1997-05-08,NONE,MAIL,lithely pending i
39264-3,39264,1795,38,3,42.00,71265.18,0.03,0.01,N,O,1997-05-15,1997-05-29,1997-05-21,COLLECT COD,MAIL, silent excuses hi
39264-4,39264,1172,73,4,18.00,19317.06,0.09,0.04,N,O,1997-07-26,1997-06-24,1997-08-16,DELIVER IN PERSON,AIR,"he special, ironic Tiresias. blithely unusu"
39264-5,39264,1345,60,5,22.00,27419.48,0.10,0.02,N,O,1997-05-18,1997-05-15,1997-05-25,COLLECT COD,REG AIR,final packages. blithely reg
39265-1,39265,600,31,1,48.00,72028.80,0.04,0.04,R,F,1993-08-09,1993-07-11,1993-08-18,NONE,SHIP,ously even packages th
39265-2,39265,1736,63,2,21.00,34392.33,0.03,0.03,R,F,1993-06-15,1993-07-18,1993-06-18,TAKE BACK RETURN,REG AIR, the carefully regula
39265-3,39265,600,1,3,34.00,51020.40,0.02,0.07,R,F,1993-05-17,1993-07-13,1993-06-08,COLLECT COD,SHIP,st slyly above the closely final instruct
39265-4,39265,207,35,4,38.00,42073.60,0.09,0.00,R,F,1993-08-06,1993-07-21,1993-08-26,COLLECT COD,SHIP, the quickly special pac
39265-5,39265,1219,31,5,35.00,39207.35,0.08,0.06,A,F,1993-08-10,1993-06-29,1993-08-18,DELIVER IN PERSON,AIR,f the theodolites. foxes ca
39265-6,39265,1321,36,6,17.00,20779.44,0.01,0.04,A,F,1993-07-08,1993-06-09,1993-07-20,NONE,FOB, fluffily careful 
39265-7,39265,1050,86,7,7.00,6657.35,0.07,0.06,R,F,1993-07-07,1993-07-08,1993-07-23,NONE,TRUCK,"furiously. bold, even"
39266-1,39266,1166,3,1,13.00,13873.08,0.06,0.05,A,F,1992-09-26,1992-10-24,1992-09-29,NONE,AIR,ly quickly ironic packages. ironic 
39266-2,39266,911,80,2,25.00,45297.75,0.00,0.03,A,F,1992-08-29,1992-11-11,1992-09-20,TAKE BACK RETURN,AIR,ual requests about the regular dependen
39266-3,39266,88,89,3,14.00,13833.12,0.06,0.04,A,F,1992-09-01,1992-10-16,1992-09-05,COLLECT COD,RAIL,"ainst the packages. ironic, regular accoun"
39266-4,39266,146,25,4,1.00,1046.14,0.10,0.08,R,F,1992-09-08,1992-10-20,1992-10-07,TAKE BACK RETURN,RAIL,y players cajole! 
39267-1,39267,955,58,1,30.00,55678.50,0.07,0.05,R,F,1993-04-19,1993-03-25,1993-05-04,COLLECT COD,SHIP,al dependencies. slyly
39267-2,39267,1390,29,2,10.00,12913.90,0.10,0.06,A,F,1993-04-19,1993-03-25,1993-05-03,TAKE BACK RETURN,REG AIR,es around the furiously final
39267-3,39267,1460,100,3,22.00,29952.12,0.03,0.06,R,F,1993-05-13,1993-04-03,1993-05-29,NONE,REG AIR,fily special excuses 
39267-4,39267,1359,60,4,9.00,11343.15,0.00,0.00,A,F,1993-01-24,1993-03-09,1993-02-12,NONE,TRUCK,special instructions against the slyly fin
39267-5,39267,42,18,5,3.00,2826.12,0.08,0.08,A,F,1993-02-03,1993-02-23,1993-02-13,TAKE BACK RETURN,AIR,lthily ironic t
39268-1,39268,1518,99,1,13.00,18453.63,0.03,0.06,A,F,1995-05-14,1995-07-06,1995-05-22,NONE,MAIL,ndencies. carefull
39268-2,39268,395,96,2,5.00,6476.95,0.04,0.05,N,O,1995-07-11,1995-06-15,1995-07-28,NONE,AIR,"to beans. special, unusual dolphins ar"
39268-3,39268,1634,76,3,19.00,29176.97,0.03,0.03,N,O,1995-07-09,1995-06-29,1995-07-30,DELIVER IN PERSON,REG AIR,ust sleep furiously
39268-4,39268,1389,66,4,46.00,59357.48,0.02,0.06,R,F,1995-05-17,1995-07-19,1995-06-07,NONE,MAIL,y final packages hagg
39268-5,39268,1570,11,5,15.00,22073.55,0.01,0.07,A,F,1995-05-18,1995-06-26,1995-05-21,DELIVER IN PERSON,MAIL,ickly. pendi
39268-6,39268,1436,15,6,32.00,42797.76,0.05,0.06,R,F,1995-05-28,1995-07-07,1995-05-31,DELIVER IN PERSON,RAIL,nic pinto beans; 
39268-7,39268,1021,92,7,33.00,30426.66,0.09,0.00,N,O,1995-07-30,1995-07-18,1995-08-19,DELIVER IN PERSON,MAIL,endencies. platelets 
39269-1,39269,263,45,1,31.00,36061.06,0.00,0.06,R,F,1992-12-26,1992-12-28,1993-01-21,NONE,FOB,"sits. regular, speci"
39269-2,39269,802,3,2,13.00,22136.40,0.09,0.01,R,F,1992-11-11,1992-12-02,1992-12-01,DELIVER IN PERSON,AIR,eposits boost carefully final grouches
39269-3,39269,1670,71,3,9.00,14145.03,0.09,0.05,A,F,1992-12-29,1992-12-24,1993-01-01,DELIVER IN PERSON,REG AIR,furiously furiously final instruction
39269-4,39269,37,13,4,38.00,35607.14,0.01,0.08,A,F,1993-02-17,1992-12-31,1993-02-24,NONE,SHIP, the sometimes ironic instructions: ins
39269-5,39269,1714,15,5,44.00,71091.24,0.08,0.04,A,F,1992-11-09,1992-12-23,1992-11-30,COLLECT COD,REG AIR,old warhorses. furiously special requ
39270-1,39270,535,96,1,23.00,33017.19,0.00,0.00,R,F,1995-03-20,1995-04-18,1995-03-23,COLLECT COD,RAIL,"ar, final pinto beans alo"
39271-1,39271,588,79,1,49.00,72940.42,0.01,0.03,N,O,1998-05-15,1998-06-28,1998-06-10,NONE,RAIL,packages. slyly final accounts int
39296-1,39296,1057,63,1,15.00,14370.75,0.03,0.02,N,O,1997-11-22,1997-11-23,1997-12-15,DELIVER IN PERSON,MAIL,refully ironic asymptotes.
39296-2,39296,992,27,2,44.00,83291.56,0.00,0.06,N,O,1997-09-21,1997-10-02,1997-10-14,NONE,AIR,nic asymptotes. furiously brave i
39296-3,39296,1722,23,3,4.00,6494.88,0.02,0.01,N,O,1997-12-07,1997-10-11,1997-12-29,COLLECT COD,RAIL,old accounts; expre
39296-4,39296,610,4,4,30.00,45318.30,0.01,0.08,N,O,1997-11-18,1997-11-09,1997-12-13,COLLECT COD,SHIP,y. bold asy
39296-5,39296,1360,75,5,27.00,34056.72,0.02,0.05,N,O,1997-09-29,1997-10-17,1997-10-19,TAKE BACK RETURN,AIR,ts. carefully regular deposits
39296-6,39296,918,19,6,2.00,3637.82,0.07,0.08,N,O,1997-10-22,1997-10-07,1997-11-14,COLLECT COD,AIR,egular deposits. deposit
39297-1,39297,684,85,1,6.00,9508.08,0.01,0.08,R,F,1994-03-26,1994-05-14,1994-04-11,TAKE BACK RETURN,MAIL,accounts sleep
39297-2,39297,121,22,2,12.00,12253.44,0.00,0.05,A,F,1994-04-01,1994-05-16,1994-04-21,TAKE BACK RETURN,AIR,s are. regular deposits across
39297-3,39297,1341,80,3,17.00,21119.78,0.01,0.08,R,F,1994-06-20,1994-05-16,1994-07-13,TAKE BACK RETURN,RAIL, requests. blithely even 
39298-1,39298,1402,20,1,12.00,15640.80,0.01,0.00,N,O,1997-01-02,1996-11-12,1997-01-12,NONE,AIR,lithely ironic
39298-2,39298,1521,22,2,7.00,9957.64,0.05,0.07,N,O,1996-12-29,1996-12-27,1997-01-21,DELIVER IN PERSON,REG AIR,e blithely
39299-1,39299,875,76,1,36.00,63931.32,0.04,0.06,N,O,1998-03-14,1998-02-11,1998-03-31,NONE,REG AIR,"ul, regular grouches c"
39299-2,39299,1887,88,2,14.00,25044.32,0.08,0.05,N,O,1998-01-09,1998-03-01,1998-01-14,DELIVER IN PERSON,REG AIR,gular pinto beans nag 
39299-3,39299,518,49,3,40.00,56740.40,0.03,0.04,N,O,1998-03-22,1998-03-31,1998-04-17,COLLECT COD,TRUCK,requests haggle throughou
39299-4,39299,1878,22,4,19.00,33817.53,0.07,0.05,N,O,1998-05-01,1998-02-02,1998-05-22,COLLECT COD,TRUCK,theodolites affi
39299-5,39299,1395,72,5,38.00,49262.82,0.09,0.07,N,O,1998-04-28,1998-03-12,1998-05-03,NONE,RAIL,ly final packages. blithely ironic reque
39299-6,39299,1427,67,6,32.00,42509.44,0.08,0.05,N,O,1998-02-28,1998-03-05,1998-03-11,TAKE BACK RETURN,FOB,usly final accoun
39300-1,39300,1157,66,1,32.00,33860.80,0.10,0.03,R,F,1992-05-08,1992-06-21,1992-06-03,DELIVER IN PERSON,MAIL,riously daringly
39300-2,39300,1176,85,2,18.00,19389.06,0.04,0.06,R,F,1992-06-24,1992-06-04,1992-07-07,NONE,FOB,tly blithely ironic packages. ironic 
39300-3,39300,834,1,3,13.00,22552.79,0.07,0.07,R,F,1992-08-09,1992-07-16,1992-08-26,COLLECT COD,RAIL,are slyly. furiously regul
39300-4,39300,335,36,4,19.00,23471.27,0.03,0.02,R,F,1992-05-27,1992-06-20,1992-06-04,NONE,REG AIR,nal packages integra
39300-5,39300,1258,70,5,10.00,11592.50,0.06,0.00,R,F,1992-07-19,1992-05-28,1992-08-07,COLLECT COD,FOB,ts about the pending accounts wake slyl
39300-6,39300,1109,82,6,24.00,24242.40,0.10,0.04,R,F,1992-05-19,1992-07-09,1992-06-02,NONE,REG AIR,eans are slyly quickly specia
39300-7,39300,1600,1,7,9.00,13514.40,0.07,0.07,R,F,1992-05-01,1992-06-12,1992-05-27,DELIVER IN PERSON,MAIL, haggle blith
39301-1,39301,1929,74,1,38.00,69574.96,0.07,0.08,A,F,1994-05-19,1994-04-25,1994-05-21,DELIVER IN PERSON,RAIL,counts unwind slyly a
39301-2,39301,300,28,2,4.00,4801.20,0.09,0.05,A,F,1994-06-09,1994-06-03,1994-06-25,DELIVER IN PERSON,RAIL,the accounts. slyly ironic frays nag.
39301-3,39301,1984,29,3,34.00,64123.32,0.07,0.08,R,F,1994-03-29,1994-06-12,1994-04-04,NONE,TRUCK,. carefully ironic a
39301-4,39301,1934,79,4,17.00,31210.81,0.03,0.00,R,F,1994-03-28,1994-05-28,1994-04-15,NONE,SHIP,"dolites. silent, bold deposits wak"
39301-5,39301,423,24,5,3.00,3970.26,0.07,0.06,A,F,1994-04-21,1994-05-15,1994-04-28,DELIVER IN PERSON,MAIL,metimes pending deposits. pending de
39301-6,39301,318,3,6,43.00,52387.33,0.09,0.07,A,F,1994-04-07,1994-06-09,1994-04-20,TAKE BACK RETURN,FOB,cingly slow theodoli
39301-7,39301,1218,19,7,43.00,48126.03,0.08,0.05,R,F,1994-07-07,1994-05-02,1994-07-25,COLLECT COD,SHIP,lently ironic requests boost f
39302-1,39302,1038,74,1,36.00,33805.08,0.03,0.05,A,F,1992-06-10,1992-06-25,1992-07-06,COLLECT COD,MAIL,ely bold accounts. furiously pending 
39303-1,39303,1193,30,1,48.00,52521.12,0.03,0.05,N,O,1998-09-23,1998-08-18,1998-10-23,DELIVER IN PERSON,MAIL,bove the requests. ironic dolphins accordin
39303-2,39303,1646,47,2,26.00,40238.64,0.10,0.08,N,O,1998-08-14,1998-07-30,1998-09-07,DELIVER IN PERSON,AIR,ic theodolites wake according to the sl
39303-3,39303,1251,63,3,32.00,36872.00,0.00,0.02,N,O,1998-08-29,1998-08-09,1998-09-28,NONE,AIR,uests. dugouts haggle care
39328-1,39328,1516,97,1,49.00,69457.99,0.07,0.04,N,O,1997-05-26,1997-06-20,1997-06-24,DELIVER IN PERSON,TRUCK,al requests wake. 
39328-2,39328,277,78,2,6.00,7063.62,0.07,0.03,N,O,1997-05-21,1997-07-12,1997-05-27,COLLECT COD,TRUCK,slyly bold package
39328-3,39328,710,7,3,45.00,72481.95,0.09,0.03,N,O,1997-06-06,1997-06-22,1997-06-21,COLLECT COD,SHIP,ges poach slyly after the dependencies! pe
39329-1,39329,1878,22,1,41.00,72974.67,0.00,0.00,N,O,1996-03-19,1996-03-05,1996-04-07,DELIVER IN PERSON,RAIL,lar theodolites doze. brave f
39329-2,39329,78,29,2,46.00,44991.22,0.09,0.06,N,O,1996-04-07,1996-04-03,1996-05-07,COLLECT COD,AIR,s could have to sleep under the quickly do
39329-3,39329,1691,74,3,29.00,46188.01,0.04,0.05,N,O,1996-03-05,1996-03-29,1996-03-12,DELIVER IN PERSON,FOB,ns integrate along the blithely even pa
39329-4,39329,1407,8,4,30.00,39252.00,0.02,0.06,N,O,1996-02-20,1996-03-03,1996-03-12,NONE,FOB,posits. ironic packages cajole
39329-5,39329,174,1,5,33.00,35447.61,0.02,0.04,N,O,1996-03-12,1996-03-17,1996-04-07,DELIVER IN PERSON,TRUCK,ecial pinto beans sleep quic
39329-6,39329,1780,23,6,43.00,72316.54,0.02,0.04,N,O,1996-03-13,1996-03-06,1996-03-28,NONE,FOB,ide of the even foxes sleep q
39329-7,39329,1922,55,7,15.00,27358.80,0.10,0.07,N,O,1996-04-25,1996-03-21,1996-04-27,COLLECT COD,REG AIR,sly bold courts. blith
39330-1,39330,1719,62,1,13.00,21069.23,0.01,0.07,R,F,1993-08-19,1993-10-15,1993-09-12,COLLECT COD,FOB,uests promise slyly around the fi
39330-2,39330,813,80,2,21.00,35990.01,0.01,0.06,A,F,1993-11-11,1993-10-11,1993-12-06,TAKE BACK RETURN,REG AIR,old furiously. carefully eve
39330-3,39330,738,71,3,12.00,19664.76,0.02,0.02,A,F,1993-10-31,1993-09-18,1993-11-15,COLLECT COD,TRUCK,"ven, final depo"
39330-4,39330,1708,9,4,25.00,40242.50,0.01,0.01,A,F,1993-08-23,1993-09-09,1993-09-08,NONE,SHIP,fily along the careful
39330-5,39330,705,6,5,24.00,38536.80,0.00,0.04,R,F,1993-11-12,1993-08-21,1993-11-16,NONE,REG AIR,e carefully outside the b
39331-1,39331,1837,38,1,1.00,1738.83,0.02,0.08,N,O,1995-12-18,1995-10-30,1996-01-12,COLLECT COD,MAIL,es sublate. final packages int
39331-2,39331,346,3,2,1.00,1246.34,0.00,0.07,N,O,1995-10-29,1995-10-17,1995-11-10,NONE,FOB,ges. regular packages b
39332-1,39332,332,33,1,7.00,8626.31,0.01,0.02,N,O,1995-11-18,1995-12-03,1995-12-03,TAKE BACK RETURN,TRUCK, fluffily ironic accounts wake thro
39332-2,39332,1147,48,2,28.00,29347.92,0.06,0.07,N,O,1995-10-23,1995-12-31,1995-10-28,DELIVER IN PERSON,TRUCK,e around the furiously final fo
39332-3,39332,994,29,3,11.00,20844.89,0.00,0.06,N,O,1996-02-06,1995-11-14,1996-02-22,DELIVER IN PERSON,FOB,r the furiously idle 
39332-4,39332,268,96,4,24.00,28038.24,0.04,0.02,N,O,1996-01-07,1995-12-30,1996-01-14,COLLECT COD,RAIL, the slyly bold deposit
39332-5,39332,1510,91,5,1.00,1411.51,0.02,0.07,N,O,1995-12-13,1995-11-21,1996-01-02,COLLECT COD,FOB,lyly unusual foxes. f
39333-1,39333,850,17,1,39.00,68283.15,0.08,0.07,A,F,1993-03-31,1993-05-12,1993-04-03,TAKE BACK RETURN,TRUCK, after the 
39333-2,39333,195,74,2,28.00,30665.32,0.09,0.02,R,F,1993-05-08,1993-04-04,1993-06-01,DELIVER IN PERSON,RAIL,quickly furiously pending br
39333-3,39333,1319,34,3,41.00,50032.71,0.10,0.03,R,F,1993-06-07,1993-04-23,1993-07-07,DELIVER IN PERSON,TRUCK,boost against the dependenc
39333-4,39333,540,1,4,32.00,46097.28,0.00,0.01,A,F,1993-03-15,1993-05-04,1993-03-17,DELIVER IN PERSON,MAIL,nts? regular requests ar
39333-5,39333,750,51,5,43.00,70982.25,0.07,0.01,A,F,1993-05-01,1993-04-01,1993-05-15,DELIVER IN PERSON,MAIL,n accounts boost against the silent pi
39333-6,39333,1988,77,6,24.00,45359.52,0.10,0.08,R,F,1993-04-29,1993-05-05,1993-05-04,TAKE BACK RETURN,FOB,ideas nag slyly carefull
39333-7,39333,207,89,7,43.00,47609.60,0.05,0.08,R,F,1993-04-26,1993-03-30,1993-05-05,NONE,MAIL,out the blithely speci
39334-1,39334,612,13,1,42.00,63529.62,0.03,0.02,N,O,1997-11-17,1997-11-24,1997-12-04,TAKE BACK RETURN,AIR,. slyly quiet courts haggle blithely sp
39334-2,39334,1180,53,2,31.00,33516.58,0.07,0.01,N,O,1997-10-03,1997-11-23,1997-10-23,DELIVER IN PERSON,TRUCK, regular sauternes after the caref
39334-3,39334,1045,51,3,49.00,46355.96,0.10,0.03,N,O,1997-11-11,1997-11-28,1997-11-20,TAKE BACK RETURN,FOB,"lar packages. final, regular accounts nag "
39335-1,39335,1291,3,1,21.00,25038.09,0.06,0.01,R,F,1994-08-08,1994-08-01,1994-08-21,COLLECT COD,SHIP,ust have to sleep. deposits wake carefu
39335-2,39335,967,2,2,12.00,22415.52,0.02,0.00,A,F,1994-07-04,1994-07-21,1994-07-09,TAKE BACK RETURN,REG AIR,ts. silent accou
39335-3,39335,1659,42,3,16.00,24970.40,0.00,0.08,R,F,1994-08-24,1994-08-22,1994-08-26,TAKE BACK RETURN,FOB,roughout the requests ca
39335-4,39335,1059,65,4,12.00,11520.60,0.07,0.04,A,F,1994-09-22,1994-08-20,1994-10-02,TAKE BACK RETURN,MAIL,riously final instructions. sl
39335-5,39335,1175,76,5,15.00,16142.55,0.06,0.00,R,F,1994-07-23,1994-08-11,1994-08-04,COLLECT COD,AIR,s? slyly final accounts play within 
39335-6,39335,1681,64,6,33.00,52228.44,0.05,0.01,R,F,1994-08-07,1994-08-18,1994-08-11,COLLECT COD,REG AIR,ly. ironic accounts
39335-7,39335,901,36,7,25.00,45047.50,0.05,0.05,R,F,1994-08-21,1994-08-08,1994-09-06,COLLECT COD,RAIL,usly among the carefully regul
39360-1,39360,492,51,1,32.00,44559.68,0.03,0.04,A,F,1995-02-25,1995-02-28,1995-03-26,COLLECT COD,AIR, carefully pendi
39360-2,39360,927,28,2,47.00,85912.24,0.07,0.07,R,F,1995-01-28,1995-01-08,1995-02-01,DELIVER IN PERSON,TRUCK,"ve the special, "
39360-3,39360,1076,47,3,21.00,20518.47,0.10,0.04,R,F,1995-01-11,1995-01-08,1995-01-27,DELIVER IN PERSON,SHIP,ts promise sly
39360-4,39360,73,49,4,23.00,22380.61,0.02,0.00,A,F,1995-03-26,1995-01-13,1995-03-28,COLLECT COD,TRUCK,ts serve among the regular de
39360-5,39360,1374,13,5,34.00,43362.58,0.00,0.07,A,F,1995-01-13,1995-02-01,1995-02-06,NONE,REG AIR, according to the 
39360-6,39360,1753,54,6,44.00,72809.00,0.02,0.00,R,F,1994-12-12,1995-01-05,1994-12-18,NONE,MAIL,ss dolphins serve carefully above the 
39361-1,39361,1054,60,1,24.00,22921.20,0.01,0.05,R,F,1995-02-06,1995-01-23,1995-02-21,TAKE BACK RETURN,SHIP,he regular foxes 
39361-2,39361,1403,21,2,45.00,58698.00,0.10,0.02,R,F,1995-03-29,1995-01-22,1995-04-05,NONE,RAIL,"al, ironic platelets sleep slyly. regu"
39361-3,39361,744,41,3,48.00,78947.52,0.07,0.02,A,F,1994-12-29,1995-02-06,1995-01-24,COLLECT COD,AIR,ymptotes solve carefully on the quic
39362-1,39362,685,48,1,22.00,34884.96,0.06,0.01,N,O,1998-07-27,1998-09-09,1998-08-02,NONE,REG AIR,aggle furious
39363-1,39363,266,94,1,40.00,46650.40,0.01,0.07,N,O,1998-03-10,1998-01-25,1998-03-23,DELIVER IN PERSON,FOB,sits about the regular pin
39363-2,39363,954,89,2,38.00,70488.10,0.10,0.06,N,O,1997-12-25,1997-12-22,1997-12-31,NONE,RAIL,usly express accounts wake along the iron
39363-3,39363,761,94,3,10.00,16617.60,0.07,0.01,N,O,1998-01-18,1998-01-24,1998-01-21,COLLECT COD,RAIL, ironic foxes-- quickly spec
39364-1,39364,1635,36,1,32.00,49172.16,0.10,0.07,R,F,1993-01-23,1993-02-08,1993-01-31,COLLECT COD,RAIL,"ns affix regular, even pa"
39364-2,39364,888,55,2,46.00,82288.48,0.06,0.01,A,F,1992-11-12,1993-02-06,1992-11-25,TAKE BACK RETURN,AIR,bout the slyly close exc
39364-3,39364,1661,62,3,41.00,64069.06,0.00,0.02,A,F,1993-01-22,1992-12-30,1993-02-05,DELIVER IN PERSON,TRUCK,riously ironic requests integrate sl
39364-4,39364,1384,61,4,30.00,38561.40,0.00,0.00,A,F,1992-12-07,1993-01-30,1992-12-24,TAKE BACK RETURN,SHIP,r the sometimes final packages ha
39364-5,39364,795,60,5,8.00,13566.32,0.00,0.05,A,F,1992-12-18,1992-12-30,1992-12-21,NONE,MAIL,gle. doggedly ironic ideas wake furiou
39365-1,39365,1023,94,1,49.00,45276.98,0.01,0.05,R,F,1992-08-09,1992-07-16,1992-08-14,COLLECT COD,MAIL,ies nag after the carefully unusual theod
39365-2,39365,965,66,2,3.00,5597.88,0.10,0.06,A,F,1992-06-17,1992-07-07,1992-07-07,NONE,AIR,furiously final deposits. carefully pe
39365-3,39365,242,43,3,26.00,29698.24,0.10,0.05,A,F,1992-07-17,1992-06-29,1992-07-21,NONE,REG AIR,g patterns. quickly unusual deposits
39365-4,39365,1617,100,4,12.00,18223.32,0.03,0.06,A,F,1992-08-08,1992-08-04,1992-08-19,COLLECT COD,REG AIR, foxes. unusu
39365-5,39365,1508,49,5,3.00,4228.50,0.07,0.01,R,F,1992-07-31,1992-07-15,1992-08-30,COLLECT COD,FOB,beans. slyly pendi
39366-1,39366,1571,52,1,7.00,10307.99,0.04,0.08,N,O,1997-10-31,1997-09-21,1997-11-02,NONE,MAIL,ly unusual pinto be
39366-2,39366,1234,46,2,39.00,44273.97,0.02,0.06,N,O,1997-08-17,1997-09-04,1997-09-11,TAKE BACK RETURN,MAIL,ular depend
39366-3,39366,100,26,3,14.00,14001.40,0.09,0.07,N,O,1997-08-27,1997-09-17,1997-09-14,DELIVER IN PERSON,MAIL, blithely i
39366-4,39366,938,39,4,25.00,45973.25,0.09,0.02,N,O,1997-11-02,1997-10-10,1997-11-23,DELIVER IN PERSON,TRUCK,en packages.
39366-5,39366,334,19,5,12.00,14811.96,0.08,0.02,N,O,1997-10-08,1997-10-07,1997-11-06,NONE,TRUCK,e regular deposits; quietly 
39366-6,39366,356,41,6,13.00,16332.55,0.07,0.04,N,O,1997-10-30,1997-09-27,1997-11-22,DELIVER IN PERSON,SHIP,e quickly alongside of the fi
39366-7,39366,586,17,7,3.00,4459.74,0.08,0.01,N,O,1997-09-06,1997-09-18,1997-09-16,DELIVER IN PERSON,AIR,ily pending p
39367-1,39367,1861,62,1,20.00,35257.20,0.05,0.05,A,F,1994-10-20,1994-11-05,1994-10-21,NONE,SHIP,r packages are. pending foxes wake accor
39367-2,39367,288,16,2,16.00,19012.48,0.09,0.00,A,F,1994-08-09,1994-10-03,1994-08-20,NONE,TRUCK,y unusual foxes pr
39367-3,39367,351,8,3,46.00,57562.10,0.00,0.04,A,F,1994-09-24,1994-10-03,1994-10-16,COLLECT COD,RAIL, regular requests
39392-1,39392,172,25,1,4.00,4288.68,0.09,0.02,N,O,1997-07-08,1997-09-27,1997-08-07,TAKE BACK RETURN,FOB,furiously across the slyly s
39392-2,39392,762,95,2,25.00,41569.00,0.07,0.04,N,O,1997-09-14,1997-08-05,1997-09-29,NONE,RAIL,"wake around the express,"
39392-3,39392,666,98,3,42.00,65799.72,0.04,0.01,N,O,1997-07-07,1997-08-26,1997-07-15,TAKE BACK RETURN,RAIL,nic accounts cajole furiously. caref
39392-4,39392,1485,64,4,11.00,15251.28,0.03,0.07,N,O,1997-09-26,1997-09-02,1997-10-21,COLLECT COD,SHIP,e the carefully permanent pi
39392-5,39392,1730,73,5,11.00,17949.03,0.02,0.01,N,O,1997-09-23,1997-08-18,1997-10-07,TAKE BACK RETURN,REG AIR,ending instructions h
39392-6,39392,372,29,6,27.00,34353.99,0.06,0.05,N,O,1997-09-24,1997-08-24,1997-10-08,TAKE BACK RETURN,TRUCK, haggle slyly slyly pending theo
39392-7,39392,1777,20,7,28.00,47005.56,0.08,0.05,N,O,1997-07-16,1997-08-18,1997-07-25,NONE,TRUCK,. silent requests cajole blit
39393-1,39393,1922,67,1,18.00,32830.56,0.09,0.06,R,F,1994-01-22,1993-12-20,1994-02-18,COLLECT COD,FOB,silently bold excuses haggle sly
39393-2,39393,876,77,2,37.00,65744.19,0.03,0.02,R,F,1994-01-20,1994-01-12,1994-01-23,COLLECT COD,RAIL,cial deposits sleep final pinto beans?
39394-1,39394,1168,41,1,26.00,27798.16,0.00,0.02,N,O,1996-03-14,1996-05-15,1996-04-12,COLLECT COD,SHIP,as hinder slyly. dependencies sleep 
39395-1,39395,1391,30,1,21.00,27140.19,0.07,0.04,N,O,1996-12-09,1996-11-03,1997-01-04,NONE,REG AIR,"old, final deposits. sauternes "
39395-2,39395,773,38,2,24.00,40170.48,0.03,0.06,N,O,1996-11-18,1996-12-13,1996-12-04,NONE,TRUCK,theodolites. blithely regular accounts
39395-3,39395,509,100,3,19.00,26780.50,0.09,0.06,N,O,1996-11-15,1996-12-11,1996-12-13,TAKE BACK RETURN,AIR,c requests poach quick
39395-4,39395,1276,14,4,20.00,23545.40,0.00,0.04,N,O,1996-11-08,1996-12-14,1996-11-20,TAKE BACK RETURN,SHIP,to beans around
39395-5,39395,752,85,5,36.00,59499.00,0.10,0.05,N,O,1996-12-28,1996-10-24,1997-01-04,TAKE BACK RETURN,TRUCK,uests nag bl
39395-6,39395,850,84,6,30.00,52525.50,0.10,0.01,N,O,1996-12-21,1996-10-31,1997-01-11,NONE,TRUCK,ons sleep fluffily furiously ironic d
39395-7,39395,235,63,7,14.00,15893.22,0.01,0.08,N,O,1996-12-23,1996-10-29,1997-01-20,DELIVER IN PERSON,AIR,anent requ
39396-1,39396,1049,55,1,39.00,37051.56,0.06,0.04,N,O,1996-03-10,1996-04-19,1996-03-14,DELIVER IN PERSON,AIR,ic packages: carefully final ideas pla
39396-2,39396,1666,90,2,31.00,48597.46,0.07,0.00,N,O,1996-05-07,1996-03-19,1996-05-28,COLLECT COD,AIR,s accounts. slyly even platel
39396-3,39396,1951,40,3,46.00,85235.70,0.02,0.08,N,O,1996-05-22,1996-03-28,1996-06-06,COLLECT COD,SHIP,"old, regular"
39397-1,39397,282,83,1,12.00,14187.36,0.01,0.00,A,F,1993-11-19,1993-12-03,1993-11-25,DELIVER IN PERSON,FOB, theodolites cajole carefully. r
39397-2,39397,757,54,2,20.00,33155.00,0.09,0.04,A,F,1993-10-21,1993-12-29,1993-11-07,NONE,AIR,oost furiously. foxes nag slyly above
39397-3,39397,257,85,3,24.00,27774.00,0.00,0.07,A,F,1993-11-30,1993-12-14,1993-12-01,DELIVER IN PERSON,REG AIR,usly requests. even instructions serve quie
39397-4,39397,392,49,4,14.00,18093.46,0.07,0.03,A,F,1993-10-19,1993-12-10,1993-10-25,DELIVER IN PERSON,AIR,ts alongsi
39397-5,39397,1738,81,5,3.00,4919.19,0.06,0.04,A,F,1994-01-18,1994-01-04,1994-02-01,COLLECT COD,RAIL,usly express requests boost q
39398-1,39398,1047,48,1,31.00,29389.24,0.05,0.00,N,O,1998-10-17,1998-09-13,1998-10-31,TAKE BACK RETURN,REG AIR,y. packages d
39398-2,39398,1851,81,2,22.00,38562.70,0.02,0.07,N,O,1998-08-12,1998-10-16,1998-08-31,DELIVER IN PERSON,FOB,ash. final requests among the blithely sile
39399-1,39399,263,91,1,8.00,9306.08,0.06,0.06,A,F,1993-02-25,1993-01-28,1993-03-14,DELIVER IN PERSON,TRUCK,usly special requests. slyly even dug
39399-2,39399,739,36,2,36.00,59030.28,0.09,0.01,A,F,1992-12-29,1993-02-18,1993-01-09,TAKE BACK RETURN,RAIL,"ular, silent acco"
39399-3,39399,721,86,3,15.00,24325.80,0.05,0.01,A,F,1993-01-21,1993-02-17,1993-02-03,TAKE BACK RETURN,SHIP,ng ideas sl
39399-4,39399,158,85,4,2.00,2116.30,0.02,0.02,A,F,1993-01-06,1993-02-08,1993-01-26,TAKE BACK RETURN,AIR,"w along the ironic, ironic "
39399-5,39399,1589,70,5,10.00,14905.80,0.10,0.08,A,F,1993-02-24,1993-03-18,1993-03-01,COLLECT COD,REG AIR,"n, express ideas. care"
39399-6,39399,1832,19,6,21.00,36410.43,0.01,0.03,A,F,1993-03-03,1993-03-05,1993-03-31,DELIVER IN PERSON,REG AIR,le slyly. sometimes enticing frays boost qu
39424-1,39424,357,86,1,31.00,38977.85,0.05,0.01,N,O,1997-07-13,1997-05-14,1997-08-02,NONE,FOB,aggle carefu
39425-1,39425,1237,49,1,6.00,6829.38,0.01,0.07,A,F,1992-09-15,1992-09-16,1992-10-11,DELIVER IN PERSON,TRUCK,sts. fluffily ironic accounts cajole e
39425-2,39425,1741,84,2,38.00,62424.12,0.08,0.04,R,F,1992-09-15,1992-10-08,1992-09-22,DELIVER IN PERSON,MAIL,ounts are quickly flu
39425-3,39425,1182,55,3,45.00,48743.10,0.01,0.06,A,F,1992-10-26,1992-10-24,1992-11-19,DELIVER IN PERSON,TRUCK,ly final dugouts. carefully
39425-4,39425,288,70,4,17.00,20200.76,0.02,0.01,A,F,1992-09-10,1992-10-02,1992-10-01,TAKE BACK RETURN,TRUCK,ind slyly even pin
39425-5,39425,663,26,5,48.00,75055.68,0.05,0.03,R,F,1992-09-16,1992-10-20,1992-10-12,COLLECT COD,AIR,even packages serve at the pinto beans. f
39425-6,39425,960,63,6,11.00,20470.56,0.03,0.02,R,F,1992-11-19,1992-11-06,1992-12-04,DELIVER IN PERSON,TRUCK,y pinto beans. carefully unusual dolphins 
39425-7,39425,575,36,7,5.00,7377.85,0.09,0.02,A,F,1992-08-25,1992-10-25,1992-09-19,DELIVER IN PERSON,RAIL,ironically silent accounts. regul
39426-1,39426,398,55,1,34.00,44145.26,0.01,0.04,A,F,1994-09-20,1994-08-23,1994-10-15,COLLECT COD,RAIL,. slyly regular courts are quickly qu
39426-2,39426,48,99,2,42.00,39817.68,0.02,0.08,R,F,1994-07-24,1994-07-15,1994-08-08,DELIVER IN PERSON,SHIP,egular deposits. carefully e
39426-3,39426,1456,35,3,8.00,10859.60,0.08,0.01,A,F,1994-06-14,1994-08-17,1994-07-07,TAKE BACK RETURN,SHIP,sleep. dependenci
39426-4,39426,973,42,4,39.00,73084.83,0.06,0.08,A,F,1994-06-13,1994-06-27,1994-06-30,TAKE BACK RETURN,RAIL,theodolites sleep slyly iro
39426-5,39426,434,22,5,23.00,30691.89,0.04,0.00,R,F,1994-06-24,1994-07-12,1994-07-05,DELIVER IN PERSON,REG AIR,packages. blithely ironic deposits hag
39427-1,39427,1041,42,1,46.00,43333.84,0.07,0.07,A,F,1994-02-11,1994-02-17,1994-03-07,NONE,SHIP,uses lose carefu
39427-2,39427,1207,19,2,45.00,49869.00,0.08,0.00,A,F,1993-12-28,1994-02-26,1994-01-23,NONE,AIR,express deposits across 
39427-3,39427,1670,71,3,50.00,78583.50,0.02,0.05,A,F,1993-12-18,1994-02-12,1994-01-05,TAKE BACK RETURN,MAIL,egular pinto beans haggle dogg
39427-4,39427,1289,90,4,33.00,39279.24,0.06,0.00,R,F,1994-01-17,1994-01-20,1994-02-15,DELIVER IN PERSON,FOB,ffy pinto beans.
39427-5,39427,1846,76,5,7.00,12234.88,0.09,0.06,R,F,1994-01-02,1994-03-06,1994-01-26,COLLECT COD,RAIL, accounts integrate. ironic fox
39427-6,39427,1137,46,6,2.00,2076.26,0.06,0.00,R,F,1994-01-16,1994-03-02,1994-01-17,TAKE BACK RETURN,REG AIR,ar accounts sleep blith
39428-1,39428,686,18,1,28.00,44427.04,0.06,0.06,N,O,1997-03-16,1997-03-10,1997-04-02,COLLECT COD,AIR,telets. packages cajole. accounts doubt abo
39428-2,39428,1943,76,2,38.00,70107.72,0.10,0.01,N,O,1996-12-26,1997-02-20,1997-01-16,DELIVER IN PERSON,TRUCK,aggle. blithely ironic packa
39428-3,39428,1309,48,3,39.00,47201.70,0.06,0.06,N,O,1997-04-13,1997-02-18,1997-04-21,COLLECT COD,MAIL,riously special packages
39428-4,39428,1792,19,4,7.00,11856.53,0.09,0.06,N,O,1997-01-25,1997-01-31,1997-01-31,NONE,AIR,"sly until the regular, bold req"
39428-5,39428,1517,98,5,44.00,62414.44,0.00,0.01,N,O,1996-12-17,1997-02-14,1996-12-20,COLLECT COD,REG AIR,al notornis are slyly carefully re
39428-6,39428,1794,79,6,2.00,3391.58,0.02,0.05,N,O,1997-03-02,1997-03-06,1997-03-31,NONE,REG AIR,nts use quickly. instructions are sl
39428-7,39428,996,31,7,2.00,3793.98,0.02,0.07,N,O,1997-01-04,1997-02-16,1997-01-31,DELIVER IN PERSON,AIR,s. final accounts about the packages sl
39429-1,39429,1510,31,1,47.00,66340.97,0.10,0.00,N,O,1998-06-02,1998-07-09,1998-06-22,NONE,MAIL,the carefully special instructions. 
39429-2,39429,639,71,2,12.00,18475.56,0.07,0.07,N,O,1998-05-20,1998-07-01,1998-05-23,DELIVER IN PERSON,MAIL,ments. slyly final deposits
39430-1,39430,1777,78,1,26.00,43648.02,0.06,0.01,A,F,1994-09-21,1994-07-31,1994-10-10,DELIVER IN PERSON,MAIL,al hockey players nag 
39430-2,39430,1796,81,2,25.00,42444.75,0.05,0.05,R,F,1994-07-10,1994-08-13,1994-07-30,COLLECT COD,TRUCK,thely slow 
39430-3,39430,1933,66,3,18.00,33028.74,0.05,0.02,A,F,1994-07-08,1994-08-31,1994-08-03,COLLECT COD,AIR,unts. furiously regular deposi
39430-4,39430,399,56,4,28.00,36382.92,0.10,0.00,R,F,1994-07-01,1994-07-20,1994-07-25,DELIVER IN PERSON,SHIP," daring instructions use even, ironi"
39430-5,39430,1892,79,5,24.00,43053.36,0.05,0.06,A,F,1994-07-22,1994-08-08,1994-08-10,TAKE BACK RETURN,AIR,y busy instruction
39430-6,39430,1271,83,6,6.00,7033.62,0.03,0.01,A,F,1994-07-25,1994-07-24,1994-07-29,DELIVER IN PERSON,RAIL,ts sleep furiously against the bold
39431-1,39431,1379,94,1,7.00,8962.59,0.06,0.00,R,F,1992-09-05,1992-07-19,1992-09-23,TAKE BACK RETURN,FOB,"pending, eve"
39431-2,39431,1504,25,2,31.00,43570.50,0.03,0.06,R,F,1992-09-12,1992-07-14,1992-09-26,NONE,SHIP,usly even requests wake above the careful
39456-1,39456,1424,42,1,46.00,60969.32,0.04,0.00,N,O,1998-02-21,1998-05-11,1998-02-28,DELIVER IN PERSON,REG AIR,"dencies. final, fi"
39456-2,39456,1952,85,2,34.00,63034.30,0.01,0.06,N,O,1998-04-07,1998-04-30,1998-04-22,COLLECT COD,RAIL,nt packages are fluffily. caref
39456-3,39456,659,91,3,49.00,76422.85,0.07,0.08,N,O,1998-04-21,1998-05-04,1998-04-30,NONE,SHIP,al packages. quickly even requests
39456-4,39456,256,57,4,48.00,55500.00,0.10,0.00,N,O,1998-05-28,1998-05-04,1998-05-29,DELIVER IN PERSON,SHIP,press deposits cajole carefully unusual 
39456-5,39456,996,31,5,49.00,92952.51,0.02,0.03,N,O,1998-06-05,1998-05-08,1998-06-13,COLLECT COD,AIR,ic courts. pending 
39456-6,39456,1701,2,6,40.00,64108.00,0.05,0.06,N,O,1998-02-22,1998-04-01,1998-03-20,COLLECT COD,REG AIR,ost fluffily ironic pe
39457-1,39457,1983,84,1,41.00,77284.18,0.06,0.07,N,O,1995-09-29,1995-07-15,1995-10-17,TAKE BACK RETURN,MAIL,rs. blithely 
39457-2,39457,573,74,2,31.00,45680.67,0.03,0.04,N,O,1995-07-08,1995-07-19,1995-07-13,DELIVER IN PERSON,TRUCK,quickly bold requ
39457-3,39457,306,35,3,3.00,3618.90,0.08,0.07,N,O,1995-08-28,1995-07-07,1995-09-18,TAKE BACK RETURN,RAIL,"efully. express, pending dolphins alon"
39458-1,39458,475,63,1,44.00,60520.68,0.02,0.02,N,O,1997-10-04,1997-09-29,1997-10-14,TAKE BACK RETURN,RAIL, instructions use bli
39458-2,39458,279,34,2,8.00,9434.16,0.05,0.01,N,O,1997-09-04,1997-10-04,1997-09-28,TAKE BACK RETURN,FOB,ular requests? bold ins
39458-3,39458,1334,73,3,8.00,9882.64,0.02,0.04,N,O,1997-10-28,1997-10-22,1997-11-21,COLLECT COD,SHIP,kages x-ray f
39458-4,39458,1350,65,4,10.00,12513.50,0.09,0.02,N,O,1997-11-27,1997-11-09,1997-12-18,DELIVER IN PERSON,TRUCK, quickly s
39458-5,39458,887,54,5,25.00,44697.00,0.10,0.08,N,O,1997-11-23,1997-10-28,1997-12-15,COLLECT COD,MAIL,usly express account
39459-1,39459,1454,72,1,25.00,33886.25,0.06,0.07,N,O,1997-11-06,1997-11-02,1997-11-20,DELIVER IN PERSON,TRUCK,"final dependencies. regular, sp"
39459-2,39459,681,75,2,35.00,55358.80,0.06,0.00,N,O,1997-11-04,1997-11-27,1997-11-25,COLLECT COD,SHIP,tterns haggle furiously s
39460-1,39460,1728,71,1,36.00,58669.92,0.01,0.00,R,F,1994-08-22,1994-07-13,1994-09-05,COLLECT COD,REG AIR,sly even deposi
39460-2,39460,573,64,2,6.00,8841.42,0.04,0.08,A,F,1994-07-09,1994-07-18,1994-08-04,DELIVER IN PERSON,REG AIR,efully ideas. furiously even theodolites 
39460-3,39460,894,61,3,46.00,82564.94,0.01,0.06,A,F,1994-08-02,1994-07-07,1994-08-15,NONE,RAIL,tes cajole furiously special a
39460-4,39460,957,60,4,44.00,81749.80,0.08,0.06,A,F,1994-05-07,1994-07-16,1994-05-22,COLLECT COD,FOB,lyly special acco
39460-5,39460,1094,95,5,12.00,11941.08,0.10,0.04,A,F,1994-06-09,1994-06-21,1994-06-11,COLLECT COD,AIR,aggle ruthles
39460-6,39460,393,78,6,43.00,55615.77,0.10,0.05,R,F,1994-06-09,1994-07-15,1994-06-19,TAKE BACK RETURN,TRUCK,y busy forges
39461-1,39461,102,3,1,1.00,1002.10,0.09,0.08,N,O,1996-08-25,1996-07-17,1996-08-26,NONE,FOB,uests are furiousl
39461-2,39461,210,11,2,2.00,2220.42,0.05,0.01,N,O,1996-06-02,1996-07-11,1996-07-02,DELIVER IN PERSON,SHIP,ing asymptotes i
39461-3,39461,1262,37,3,21.00,24428.46,0.02,0.06,N,O,1996-09-17,1996-08-05,1996-09-18,TAKE BACK RETURN,AIR, accounts 
39461-4,39461,338,23,4,8.00,9906.64,0.08,0.04,N,O,1996-07-22,1996-07-11,1996-08-06,DELIVER IN PERSON,SHIP,the slyly express requests doze careful
39461-5,39461,1340,55,5,24.00,29792.16,0.08,0.08,N,O,1996-07-18,1996-08-05,1996-08-11,COLLECT COD,RAIL,nts. slyly slow requests 
39461-6,39461,569,70,6,10.00,14695.60,0.00,0.01,N,O,1996-06-13,1996-07-22,1996-07-07,COLLECT COD,RAIL,totes about the slyly 
39461-7,39461,1618,60,7,41.00,62304.01,0.00,0.05,N,O,1996-09-21,1996-07-23,1996-09-30,TAKE BACK RETURN,SHIP,slyly even platelets s
39462-1,39462,1988,21,1,25.00,47249.50,0.04,0.08,N,O,1996-07-19,1996-06-18,1996-08-01,COLLECT COD,FOB, fluffily expre
39462-2,39462,1129,38,2,44.00,45325.28,0.05,0.03,N,O,1996-05-18,1996-07-11,1996-05-31,DELIVER IN PERSON,REG AIR,silent pinto bea
39462-3,39462,1713,14,3,33.00,53285.43,0.06,0.07,N,O,1996-07-29,1996-07-15,1996-08-23,TAKE BACK RETURN,REG AIR,among the fluffily idle p
39462-4,39462,1138,39,4,15.00,15586.95,0.04,0.07,N,O,1996-08-24,1996-07-21,1996-09-16,DELIVER IN PERSON,TRUCK,ideas affix car
39463-1,39463,1183,92,1,31.00,33609.58,0.08,0.07,R,F,1994-12-29,1994-11-20,1995-01-01,TAKE BACK RETURN,SHIP, quickly unusua
39463-2,39463,192,19,2,50.00,54609.50,0.07,0.01,R,F,1995-01-28,1994-11-26,1995-02-17,DELIVER IN PERSON,RAIL,"ccording to the close, bold deposits. pend"
39488-1,39488,656,88,1,23.00,35802.95,0.01,0.03,A,F,1994-08-26,1994-09-02,1994-08-29,TAKE BACK RETURN,FOB,"gular platelets. final, even pla"
39488-2,39488,737,70,2,11.00,18015.03,0.10,0.08,R,F,1994-09-22,1994-09-17,1994-10-07,COLLECT COD,FOB,nticingly about the fluffily
39489-1,39489,65,91,1,21.00,20266.26,0.03,0.06,N,O,1998-08-06,1998-10-13,1998-08-15,DELIVER IN PERSON,FOB,ular foxes eat carefully furiously ironic d
39490-1,39490,1354,31,1,20.00,25107.00,0.09,0.03,R,F,1992-12-10,1992-09-27,1992-12-13,NONE,AIR,al instructions haggle slyly ironic 
39490-2,39490,1030,1,2,50.00,46551.50,0.10,0.04,A,F,1992-11-15,1992-09-29,1992-11-23,DELIVER IN PERSON,REG AIR,al warhorses affix alongside of the
39490-3,39490,1860,4,3,18.00,31713.48,0.00,0.03,A,F,1992-11-10,1992-09-24,1992-12-07,DELIVER IN PERSON,REG AIR,quickly unusual instructions; silent reque
39490-4,39490,994,63,4,30.00,56849.70,0.07,0.03,R,F,1992-09-14,1992-10-14,1992-09-24,COLLECT COD,REG AIR,s. blithely even accounts are a
39490-5,39490,1811,41,5,4.00,6851.24,0.01,0.00,R,F,1992-12-03,1992-09-19,1992-12-20,COLLECT COD,RAIL,kly furiously unusual courts. f
39491-1,39491,1053,54,1,50.00,47702.50,0.05,0.00,R,F,1993-08-15,1993-08-28,1993-09-12,DELIVER IN PERSON,RAIL,arefully fluffily silent r
39491-2,39491,1501,2,2,22.00,30855.00,0.06,0.01,A,F,1993-10-10,1993-09-08,1993-10-21,TAKE BACK RETURN,TRUCK,tions about the furiously even foxe
39491-3,39491,1270,71,3,47.00,55049.69,0.04,0.04,R,F,1993-07-19,1993-08-11,1993-08-12,TAKE BACK RETURN,SHIP,luffily final accounts th
39491-4,39491,1244,19,4,11.00,12597.64,0.00,0.03,A,F,1993-07-09,1993-09-28,1993-07-18,TAKE BACK RETURN,SHIP,iously slyly p
39492-1,39492,70,46,1,6.00,5820.42,0.08,0.01,R,F,1995-05-08,1995-06-17,1995-05-25,COLLECT COD,SHIP,s theodolites. slyly pending depos
39492-2,39492,71,72,2,3.00,2913.21,0.10,0.00,N,O,1995-06-27,1995-06-29,1995-07-26,DELIVER IN PERSON,REG AIR,y unusual deposits; blithely silent s
39492-3,39492,1625,26,3,21.00,32059.02,0.10,0.04,A,F,1995-05-08,1995-06-14,1995-06-02,DELIVER IN PERSON,TRUCK,inal deposits use.
39492-4,39492,224,6,4,5.00,5621.10,0.04,0.06,N,F,1995-06-10,1995-06-20,1995-06-19,COLLECT COD,FOB,d quickly around the sly
39492-5,39492,574,75,5,47.00,69304.79,0.08,0.04,A,F,1995-04-30,1995-06-15,1995-05-02,TAKE BACK RETURN,MAIL,e the carefully 
39493-1,39493,711,12,1,34.00,54798.14,0.02,0.06,N,O,1997-07-17,1997-09-22,1997-08-12,TAKE BACK RETURN,AIR,uriously final ideas boos
39493-2,39493,1509,10,2,7.00,9873.50,0.03,0.03,N,O,1997-08-16,1997-09-11,1997-09-06,NONE,MAIL," ruthless, final pinto beans shall "
39493-3,39493,1523,44,3,30.00,42735.60,0.05,0.05,N,O,1997-08-08,1997-09-13,1997-08-13,DELIVER IN PERSON,FOB,beans. quickly regular in
39493-4,39493,494,24,4,35.00,48807.15,0.04,0.02,N,O,1997-10-08,1997-08-29,1997-11-07,NONE,MAIL,usly blithe deposits. e
39494-1,39494,38,39,1,32.00,30016.96,0.02,0.03,N,O,1997-01-14,1996-12-11,1997-01-29,TAKE BACK RETURN,SHIP,"e blithely ironic, unusual theodolites. bl"
39494-2,39494,1799,26,2,27.00,45921.33,0.09,0.03,N,O,1996-10-22,1996-12-12,1996-11-21,DELIVER IN PERSON,REG AIR,lyly ironic a
39494-3,39494,1775,18,3,37.00,62040.49,0.03,0.03,N,O,1997-01-03,1996-12-06,1997-01-05,DELIVER IN PERSON,TRUCK,gs cajole carefully quickly regular
39495-1,39495,1929,74,1,45.00,82391.40,0.04,0.07,A,F,1994-03-27,1994-03-28,1994-04-23,NONE,SHIP,finally unusual pinto beans sleep furiou
39495-2,39495,48,99,2,47.00,44557.88,0.08,0.06,A,F,1994-05-30,1994-03-25,1994-06-18,DELIVER IN PERSON,SHIP,l packages affix quickly alongsid
39495-3,39495,1257,58,3,17.00,19690.25,0.10,0.07,A,F,1994-03-22,1994-03-14,1994-04-17,COLLECT COD,FOB, requests. blithely pending 
39495-4,39495,1977,10,4,9.00,16910.73,0.04,0.00,R,F,1994-05-15,1994-03-16,1994-05-23,COLLECT COD,FOB,g pinto bea
39495-5,39495,641,42,5,10.00,15416.40,0.07,0.00,R,F,1994-05-16,1994-04-05,1994-06-05,COLLECT COD,SHIP,ong the blithely unusua
39520-1,39520,484,85,1,29.00,40149.92,0.06,0.07,N,O,1997-11-19,1997-11-11,1997-11-24,TAKE BACK RETURN,REG AIR,accounts are furiou
39520-2,39520,1514,15,2,22.00,31141.22,0.05,0.02,N,O,1997-12-23,1997-12-06,1998-01-09,COLLECT COD,MAIL,aggle quickly unusual accounts
39520-3,39520,937,6,3,38.00,69841.34,0.06,0.01,N,O,1998-01-19,1997-11-18,1998-02-13,TAKE BACK RETURN,TRUCK,al instructions use abo
39520-4,39520,1882,26,4,24.00,42813.12,0.02,0.04,N,O,1997-11-19,1997-11-27,1997-12-02,DELIVER IN PERSON,MAIL,nding ideas. ideas eat dependencies. fu
39520-5,39520,1596,97,5,32.00,47922.88,0.02,0.06,N,O,1998-01-11,1998-01-01,1998-01-19,NONE,MAIL,refully regular accounts. regular ac
39520-6,39520,1596,17,6,1.00,1497.59,0.02,0.03,N,O,1997-12-02,1997-12-23,1997-12-09,COLLECT COD,REG AIR,ts. pending courts among the daringly unus
39520-7,39520,816,50,7,48.00,82406.88,0.02,0.02,N,O,1997-11-11,1997-11-22,1997-12-06,COLLECT COD,SHIP,ccounts sleep blithe
39521-1,39521,178,79,1,24.00,25876.08,0.09,0.01,A,F,1994-08-30,1994-09-20,1994-09-18,COLLECT COD,SHIP,. furiously ironic reques
39521-2,39521,502,33,2,18.00,25245.00,0.04,0.05,R,F,1994-10-06,1994-10-11,1994-10-18,DELIVER IN PERSON,RAIL,ve the furiously bold dinos cajole blith
39521-3,39521,83,84,3,25.00,24577.00,0.04,0.02,A,F,1994-08-19,1994-09-24,1994-08-28,NONE,FOB, to thrash above
39522-1,39522,973,76,1,20.00,37479.40,0.07,0.03,N,O,1998-06-06,1998-08-24,1998-06-26,TAKE BACK RETURN,MAIL, platelets.
39522-2,39522,317,46,2,23.00,27998.13,0.00,0.00,N,O,1998-07-08,1998-08-25,1998-07-25,COLLECT COD,TRUCK,ironic foxes. express forges believe. 
39522-3,39522,1196,69,3,3.00,3291.57,0.04,0.08,N,O,1998-08-11,1998-07-02,1998-08-15,COLLECT COD,REG AIR,sts use qu
39523-1,39523,1611,94,1,23.00,34790.03,0.06,0.03,N,O,1997-05-06,1997-05-02,1997-05-19,COLLECT COD,MAIL, quickly ironic requests use furiousl
39523-2,39523,1395,96,2,30.00,38891.70,0.05,0.03,N,O,1997-03-08,1997-04-09,1997-03-21,DELIVER IN PERSON,MAIL,al platelets. sl
39523-3,39523,1561,82,3,21.00,30713.76,0.01,0.01,N,O,1997-04-07,1997-05-06,1997-04-17,NONE,AIR,sual Tiresias cajole quickly fur
39523-4,39523,538,39,4,32.00,46032.96,0.08,0.02,N,O,1997-04-06,1997-05-28,1997-05-05,NONE,FOB,bove the carefully 
39523-5,39523,1971,4,5,15.00,28094.55,0.01,0.03,N,O,1997-06-25,1997-04-13,1997-06-26,DELIVER IN PERSON,TRUCK, along the silent instruc
39523-6,39523,369,54,6,34.00,43158.24,0.04,0.05,N,O,1997-03-26,1997-05-17,1997-04-22,NONE,TRUCK,carefully ca
39523-7,39523,1850,94,7,44.00,77081.40,0.01,0.02,N,O,1997-05-17,1997-05-28,1997-06-06,DELIVER IN PERSON,REG AIR,es sleep slyly across t
39524-1,39524,299,54,1,48.00,57565.92,0.00,0.08,N,O,1996-11-26,1996-11-28,1996-12-05,COLLECT COD,REG AIR,cording to the silent requ
39524-2,39524,1640,64,2,15.00,23124.60,0.08,0.03,N,O,1996-11-17,1996-11-04,1996-11-26,DELIVER IN PERSON,RAIL,final pinto beans cajole regu
39524-3,39524,1572,93,3,19.00,27997.83,0.09,0.08,N,O,1996-11-29,1996-12-15,1996-12-14,TAKE BACK RETURN,AIR, quick deposits. 
39525-1,39525,1613,55,1,41.00,62099.01,0.07,0.08,N,O,1995-10-09,1995-08-27,1995-10-26,NONE,FOB,de of the accou
39526-1,39526,707,4,1,25.00,40192.50,0.07,0.01,N,O,1996-11-10,1996-12-18,1996-11-16,COLLECT COD,AIR,ages. fluffily regular foxes 
39526-2,39526,1319,96,2,22.00,26846.82,0.05,0.03,N,O,1997-01-04,1996-12-06,1997-01-10,TAKE BACK RETURN,SHIP,ons detect furiously slyly regular pint
39526-3,39526,461,91,3,47.00,63988.62,0.02,0.02,N,O,1996-11-07,1996-11-08,1996-11-24,COLLECT COD,FOB,of the accounts. regular depend
39526-4,39526,171,72,4,30.00,32135.10,0.06,0.05,N,O,1996-12-21,1996-11-25,1997-01-11,NONE,MAIL,y about the eve
39527-1,39527,317,18,1,17.00,20694.27,0.02,0.01,A,F,1995-05-24,1995-07-08,1995-06-16,NONE,MAIL,uses. unus
39527-2,39527,1255,56,2,11.00,12718.75,0.10,0.02,N,O,1995-07-17,1995-06-02,1995-08-05,DELIVER IN PERSON,TRUCK,tions nag courts; blithely 
39527-3,39527,173,52,3,29.00,31121.93,0.02,0.07,N,O,1995-06-23,1995-07-06,1995-07-04,TAKE BACK RETURN,RAIL,he accounts wake against the furious
39527-4,39527,1494,34,4,8.00,11163.92,0.03,0.08,R,F,1995-05-22,1995-06-10,1995-06-04,TAKE BACK RETURN,SHIP, beans use
39527-5,39527,942,77,5,30.00,55288.20,0.01,0.08,R,F,1995-05-02,1995-06-04,1995-05-29,DELIVER IN PERSON,REG AIR,"c escapades. regular, express requ"
39552-1,39552,1109,18,1,24.00,24242.40,0.09,0.07,N,O,1998-03-02,1998-03-29,1998-03-14,DELIVER IN PERSON,FOB,"y unusual, ir"
39553-1,39553,1013,19,1,11.00,10054.11,0.10,0.08,N,O,1996-09-24,1996-09-16,1996-10-02,DELIVER IN PERSON,REG AIR,counts. accounts a
39553-2,39553,1203,4,2,47.00,51897.40,0.04,0.00,N,O,1996-09-03,1996-09-22,1996-09-22,TAKE BACK RETURN,AIR, express excuses wake furiously. quickly
39554-1,39554,584,75,1,2.00,2969.16,0.01,0.07,N,O,1996-05-22,1996-04-14,1996-06-05,DELIVER IN PERSON,FOB,ackages detect thinly 
39554-2,39554,523,14,2,39.00,55517.28,0.02,0.02,N,O,1996-04-13,1996-05-04,1996-05-12,NONE,MAIL, unusual packages sleep c
39554-3,39554,886,20,3,39.00,69688.32,0.10,0.01,N,O,1996-06-01,1996-04-11,1996-06-07,NONE,FOB,l requests wake carefully busy cour
39554-4,39554,108,35,4,22.00,22178.20,0.01,0.04,N,O,1996-03-02,1996-04-08,1996-03-08,NONE,AIR,. furiously ironic pinto beans wa
39555-1,39555,924,59,1,14.00,25548.88,0.10,0.07,R,F,1992-09-26,1992-10-29,1992-10-01,NONE,MAIL,s. even package
39555-2,39555,1055,26,2,26.00,24857.30,0.03,0.05,R,F,1992-12-11,1992-10-13,1993-01-01,NONE,SHIP,wake blithely even asympt
39555-3,39555,1223,24,3,50.00,56211.00,0.07,0.00,R,F,1992-10-05,1992-11-16,1992-10-30,TAKE BACK RETURN,REG AIR, blithely final ideas. pack
39555-4,39555,265,93,4,36.00,41949.36,0.08,0.05,R,F,1992-12-24,1992-10-15,1993-01-05,TAKE BACK RETURN,REG AIR,ect quickly
39556-1,39556,1209,84,1,33.00,36636.60,0.10,0.04,N,O,1998-05-14,1998-04-13,1998-05-25,TAKE BACK RETURN,TRUCK,side of the carefully pending acco
39556-2,39556,1068,69,2,41.00,39731.46,0.07,0.04,N,O,1998-03-06,1998-04-06,1998-03-19,TAKE BACK RETURN,REG AIR,ve the carefully fin
39556-3,39556,917,18,3,15.00,27268.65,0.09,0.08,N,O,1998-03-15,1998-04-01,1998-03-21,COLLECT COD,SHIP,quickly special realms affix furiously
39556-4,39556,1472,12,4,16.00,21975.52,0.03,0.03,N,O,1998-04-12,1998-04-12,1998-05-01,COLLECT COD,MAIL,s. fluffily final requ
39556-5,39556,1503,24,5,30.00,42135.00,0.10,0.06,N,O,1998-04-01,1998-04-11,1998-04-17,NONE,TRUCK,furiously fina
39556-6,39556,1154,27,6,20.00,21103.00,0.09,0.06,N,O,1998-06-19,1998-04-20,1998-07-12,DELIVER IN PERSON,MAIL,ts haggle furiously ironic foxes. 
39556-7,39556,1451,30,7,25.00,33811.25,0.05,0.06,N,O,1998-04-12,1998-04-28,1998-04-25,TAKE BACK RETURN,MAIL,kages haggle slyly. furi
39557-1,39557,673,74,1,28.00,44062.76,0.03,0.00,A,F,1993-12-16,1993-11-22,1993-12-23,NONE,AIR,"al, close foxes. "
39557-2,39557,554,85,2,48.00,69818.40,0.10,0.07,R,F,1993-12-21,1994-01-01,1994-01-01,COLLECT COD,TRUCK, express instructions detect
39557-3,39557,1547,88,3,45.00,65184.30,0.05,0.07,A,F,1993-12-17,1993-12-28,1993-12-26,COLLECT COD,MAIL,its poach against the blithely ironic req
39557-4,39557,359,88,4,22.00,27705.70,0.06,0.01,A,F,1993-12-07,1993-11-16,1993-12-29,TAKE BACK RETURN,RAIL,arefully even instruc
39557-5,39557,816,16,5,10.00,17168.10,0.01,0.00,A,F,1993-11-27,1993-12-02,1993-11-29,COLLECT COD,AIR,"nstructions haggle silently. express, final"
39557-6,39557,393,94,6,14.00,18107.46,0.02,0.08,A,F,1993-12-21,1993-11-24,1993-12-24,DELIVER IN PERSON,RAIL,y ironic packages alongside of t
39558-1,39558,774,75,1,3.00,5024.31,0.09,0.00,N,O,1997-04-02,1997-02-13,1997-04-13,COLLECT COD,REG AIR,ckages are
39559-1,39559,489,77,1,11.00,15284.28,0.10,0.01,N,O,1996-01-26,1995-12-09,1996-01-29,NONE,TRUCK,latelets. fluffily express packag
39584-1,39584,198,51,1,12.00,13178.28,0.07,0.01,N,O,1997-09-28,1997-12-04,1997-10-15,NONE,RAIL,he furiously ironic 
39584-2,39584,258,13,2,44.00,50963.00,0.10,0.01,N,O,1997-11-06,1997-10-30,1997-11-14,DELIVER IN PERSON,RAIL,gular deposits are slyly a
39584-3,39584,757,90,3,16.00,26524.00,0.00,0.08,N,O,1997-10-23,1997-10-30,1997-11-22,COLLECT COD,REG AIR, furiously bold accounts w
39584-4,39584,847,14,4,15.00,26217.60,0.09,0.06,N,O,1997-10-11,1997-10-30,1997-11-10,NONE,REG AIR," ironic instructions. even, even foxes"
39584-5,39584,1765,66,5,43.00,71670.68,0.07,0.04,N,O,1997-09-10,1997-11-25,1997-09-18,COLLECT COD,TRUCK,leep slyly. special sauternes
39584-6,39584,599,100,6,16.00,23993.44,0.08,0.05,N,O,1997-11-19,1997-10-20,1997-12-04,COLLECT COD,AIR,ar accounts. furiously regular instru
39584-7,39584,1331,8,7,27.00,33272.91,0.00,0.04,N,O,1997-12-18,1997-11-25,1998-01-06,COLLECT COD,MAIL,usly regular instru
39585-1,39585,1929,74,1,10.00,18309.20,0.09,0.04,N,O,1996-03-23,1996-03-08,1996-04-04,COLLECT COD,TRUCK,s. slyly ironic dolphins are furiou
39585-2,39585,1622,46,2,9.00,13712.58,0.04,0.05,N,O,1996-01-05,1996-02-15,1996-01-20,DELIVER IN PERSON,FOB,are. blithely pendi
39585-3,39585,663,95,3,37.00,57855.42,0.05,0.03,N,O,1996-02-29,1996-03-29,1996-03-01,COLLECT COD,MAIL,yly special courts. quickl
39585-4,39585,342,43,4,5.00,6211.70,0.08,0.04,N,O,1996-04-29,1996-03-24,1996-05-27,COLLECT COD,REG AIR, final asymptotes nag blithely final de
39585-5,39585,190,43,5,14.00,15262.66,0.00,0.06,N,O,1996-03-12,1996-03-02,1996-03-16,COLLECT COD,REG AIR,lose requests. slyly 
39585-6,39585,688,20,6,32.00,50837.76,0.09,0.05,N,O,1996-03-04,1996-03-17,1996-03-12,DELIVER IN PERSON,FOB,ate carefully deposits. furiously 
39585-7,39585,1993,26,7,14.00,26529.86,0.07,0.00,N,O,1996-02-09,1996-03-09,1996-02-18,TAKE BACK RETURN,REG AIR,encies. final foxes haggle about 
39586-1,39586,285,13,1,35.00,41484.80,0.05,0.01,N,O,1995-06-21,1995-07-12,1995-07-10,TAKE BACK RETURN,AIR,s are. furiously rut
39586-2,39586,1502,23,2,13.00,18245.50,0.05,0.05,N,F,1995-06-03,1995-07-19,1995-07-03,COLLECT COD,AIR, final dolphins. deposits wake quickly bo
39586-3,39586,1748,75,3,27.00,44542.98,0.01,0.08,N,O,1995-07-05,1995-07-07,1995-07-14,COLLECT COD,SHIP,accounts. carefully even foxes slee
39586-4,39586,1056,62,4,39.00,37324.95,0.10,0.01,N,O,1995-07-10,1995-07-19,1995-07-24,COLLECT COD,MAIL,carefully abov
39586-5,39586,1067,68,5,27.00,26137.62,0.04,0.03,N,O,1995-09-08,1995-07-19,1995-09-15,COLLECT COD,SHIP,s promise blithely quic
39587-1,39587,1460,100,1,22.00,29952.12,0.10,0.05,N,O,1997-05-31,1997-06-29,1997-06-08,COLLECT COD,FOB,ely ironic packages cajole fluffily ruth
39587-2,39587,920,21,2,29.00,52806.68,0.03,0.05,N,O,1997-05-22,1997-06-29,1997-05-23,TAKE BACK RETURN,RAIL, special foxe
39587-3,39587,1505,6,3,29.00,40788.50,0.09,0.02,N,O,1997-06-26,1997-06-05,1997-07-14,NONE,SHIP,lyly regular escapades wake
39587-4,39587,640,72,4,34.00,52381.76,0.09,0.08,N,O,1997-07-13,1997-06-09,1997-08-07,TAKE BACK RETURN,SHIP,inal instructions. blithely
39587-5,39587,1884,28,5,14.00,25002.32,0.04,0.00,N,O,1997-05-12,1997-05-24,1997-05-20,NONE,RAIL,bold instructions sleep
39587-6,39587,1128,29,6,50.00,51456.00,0.06,0.03,N,O,1997-04-28,1997-07-01,1997-05-03,NONE,FOB,odolites. blithely regular 
39588-1,39588,1422,62,1,22.00,29115.24,0.03,0.06,N,O,1998-01-20,1998-03-06,1998-02-12,TAKE BACK RETURN,MAIL,ourts across the ideas breac
39588-2,39588,792,93,2,22.00,37241.38,0.02,0.08,N,O,1998-03-19,1998-01-27,1998-03-23,NONE,REG AIR,equests. final deposi
39588-3,39588,534,95,3,17.00,24387.01,0.10,0.04,N,O,1998-01-04,1998-02-26,1998-01-31,TAKE BACK RETURN,RAIL,. regular c
39589-1,39589,408,96,1,43.00,56261.20,0.00,0.00,R,F,1994-10-13,1994-10-17,1994-10-26,NONE,MAIL,he silent excuses.
39589-2,39589,849,16,2,8.00,13998.72,0.02,0.01,A,F,1994-11-17,1994-10-25,1994-11-28,NONE,FOB,ding requests according to the blithel
39589-3,39589,1818,19,3,11.00,18917.91,0.10,0.03,A,F,1994-08-31,1994-09-23,1994-09-02,DELIVER IN PERSON,SHIP,ing to the blithely sile
39590-1,39590,32,8,1,37.00,34485.11,0.03,0.06,N,O,1995-08-31,1995-07-21,1995-09-20,NONE,AIR,final packages 
39590-2,39590,1421,22,2,2.00,2644.84,0.08,0.01,N,O,1995-07-22,1995-07-03,1995-08-15,DELIVER IN PERSON,RAIL,quickly slow instructions 
39590-3,39590,371,56,3,34.00,43226.58,0.09,0.00,N,O,1995-09-03,1995-08-07,1995-09-10,COLLECT COD,SHIP,thely quickly express instructions. 
39590-4,39590,131,32,4,15.00,15466.95,0.09,0.07,N,F,1995-06-05,1995-07-07,1995-06-19,NONE,SHIP,. express accounts haggle slyly. ironi
39591-1,39591,57,8,1,13.00,12441.65,0.10,0.02,N,O,1997-05-30,1997-05-24,1997-06-09,NONE,AIR,dle. final pains affix slyly. sly
39591-2,39591,1368,83,2,30.00,38080.80,0.09,0.04,N,O,1997-05-06,1997-06-06,1997-05-13,DELIVER IN PERSON,AIR,ons. special request
39591-3,39591,639,40,3,21.00,32332.23,0.07,0.04,N,O,1997-05-13,1997-04-28,1997-05-25,COLLECT COD,REG AIR,onic ideas affix furiousl
39616-1,39616,1227,65,1,45.00,50769.90,0.03,0.00,N,O,1998-01-16,1998-01-02,1998-01-28,NONE,AIR,rnis integrate quic
39616-2,39616,126,5,2,43.00,44123.16,0.02,0.02,N,O,1998-01-06,1998-01-28,1998-01-18,NONE,AIR,lites. slyly regular 
39616-3,39616,956,57,3,47.00,87276.65,0.00,0.05,N,O,1997-12-27,1998-01-26,1998-01-22,COLLECT COD,REG AIR,carefully express pint
39616-4,39616,1495,13,4,11.00,15361.39,0.04,0.00,N,O,1997-12-04,1998-01-19,1997-12-10,DELIVER IN PERSON,SHIP,eas: ironic requests cajole 
39616-5,39616,745,46,5,43.00,70766.82,0.04,0.05,N,O,1998-01-08,1997-12-24,1998-02-01,DELIVER IN PERSON,SHIP,osits doubt. furiously bold pa
39617-1,39617,911,14,1,50.00,90595.50,0.02,0.06,N,O,1996-03-19,1996-02-17,1996-03-21,TAKE BACK RETURN,MAIL,ly special pinto b
39617-2,39617,1577,18,2,33.00,48792.81,0.02,0.02,N,O,1996-03-04,1996-03-04,1996-03-24,COLLECT COD,SHIP,". slow, unusual d"
39617-3,39617,396,25,3,19.00,24631.41,0.04,0.07,N,O,1996-02-25,1996-03-12,1996-03-23,TAKE BACK RETURN,TRUCK, carefully ironic f
39617-4,39617,1065,66,4,33.00,31879.98,0.09,0.02,N,O,1996-01-05,1996-02-22,1996-02-03,TAKE BACK RETURN,AIR,"regular, bol"
39618-1,39618,1814,1,1,22.00,37747.82,0.00,0.08,N,O,1998-06-21,1998-05-21,1998-06-26,TAKE BACK RETURN,MAIL,r even dino
39618-2,39618,1415,33,2,6.00,7898.46,0.09,0.01,N,O,1998-05-14,1998-04-23,1998-05-15,TAKE BACK RETURN,AIR,lyly final packages. pending foxes n
39618-3,39618,497,85,3,28.00,39129.72,0.00,0.08,N,O,1998-03-27,1998-04-29,1998-04-13,NONE,RAIL,. packages haggle quickly.
39619-1,39619,1722,23,1,20.00,32474.40,0.07,0.00,A,F,1992-03-10,1992-03-25,1992-03-22,COLLECT COD,TRUCK,nstructions boost about the fluffily specia
39619-2,39619,1417,18,2,32.00,42189.12,0.10,0.01,R,F,1992-01-26,1992-02-07,1992-02-16,COLLECT COD,RAIL,furiously bold de
39619-3,39619,792,25,3,40.00,67711.60,0.01,0.07,R,F,1992-03-23,1992-02-26,1992-04-16,COLLECT COD,REG AIR,ealthy deposits sleep. b
39620-1,39620,236,64,1,45.00,51130.35,0.01,0.00,A,F,1994-11-06,1994-11-04,1994-11-30,DELIVER IN PERSON,MAIL,ers. slyly pe
39620-2,39620,1614,56,2,35.00,53046.35,0.08,0.07,R,F,1994-11-28,1994-11-20,1994-12-19,DELIVER IN PERSON,MAIL,usly closely pending deposi
39620-3,39620,1680,22,3,48.00,75920.64,0.01,0.05,A,F,1994-12-24,1994-12-30,1994-12-25,DELIVER IN PERSON,MAIL,es sleep throughout the f
39620-4,39620,727,28,4,46.00,74875.12,0.10,0.04,R,F,1994-12-02,1994-11-20,1994-12-31,TAKE BACK RETURN,FOB,lites haggle blithely among the idly u
39620-5,39620,550,51,5,6.00,8703.30,0.00,0.05,R,F,1995-01-13,1994-11-22,1995-01-31,COLLECT COD,TRUCK,ies. carefully bol
39620-6,39620,1726,69,6,45.00,73247.40,0.07,0.02,A,F,1995-01-01,1995-01-02,1995-01-28,TAKE BACK RETURN,TRUCK,counts sublate quickly final reques
39620-7,39620,1811,55,7,47.00,80502.07,0.05,0.00,R,F,1994-11-19,1994-12-17,1994-11-30,DELIVER IN PERSON,TRUCK,ornis above the even accounts sleep sly
39621-1,39621,1808,38,1,11.00,18807.80,0.08,0.01,N,O,1998-10-18,1998-09-23,1998-11-11,TAKE BACK RETURN,FOB,foxes nag furiously 
39622-1,39622,296,97,1,47.00,56225.63,0.00,0.01,N,O,1995-09-20,1995-10-21,1995-09-21,COLLECT COD,RAIL,packages ha
39623-1,39623,658,21,1,11.00,17145.15,0.10,0.05,N,O,1996-07-31,1996-07-06,1996-08-06,TAKE BACK RETURN,AIR,"ar, silent requests sleep f"
39623-2,39623,721,54,2,48.00,77842.56,0.05,0.00,N,O,1996-06-28,1996-07-21,1996-07-01,TAKE BACK RETURN,FOB, requests: furio
39623-3,39623,1374,13,3,27.00,34434.99,0.09,0.02,N,O,1996-06-30,1996-08-16,1996-07-16,COLLECT COD,FOB,usly against t
39623-4,39623,1084,85,4,10.00,9850.80,0.06,0.00,N,O,1996-07-19,1996-07-06,1996-07-20,COLLECT COD,REG AIR, haggle slyly ironic platelets. quickly e
39623-5,39623,229,11,5,3.00,3387.66,0.04,0.03,N,O,1996-06-11,1996-07-06,1996-06-12,TAKE BACK RETURN,FOB,n theodolites haggle along the
39623-6,39623,1694,36,6,21.00,33509.49,0.09,0.00,N,O,1996-08-06,1996-07-24,1996-08-13,COLLECT COD,MAIL,s. slyly p
39623-7,39623,1189,62,7,17.00,18533.06,0.03,0.03,N,O,1996-09-12,1996-07-28,1996-09-25,DELIVER IN PERSON,SHIP, packages. ironic requests across
39648-1,39648,1550,91,1,14.00,20321.70,0.03,0.06,R,F,1992-03-07,1992-02-29,1992-03-31,NONE,AIR,ronic dependencies are slyly
39648-2,39648,535,36,2,19.00,27275.07,0.02,0.04,R,F,1992-02-03,1992-03-30,1992-02-21,DELIVER IN PERSON,RAIL,"pinto beans wake. final,"
39648-3,39648,61,62,3,4.00,3844.24,0.05,0.01,R,F,1992-02-26,1992-04-03,1992-03-18,TAKE BACK RETURN,MAIL,fter the blithely regular requests! depos
39648-4,39648,1155,92,4,49.00,51751.35,0.08,0.08,R,F,1992-04-15,1992-02-24,1992-05-02,TAKE BACK RETURN,RAIL,olites cajole among 
39649-1,39649,101,28,1,18.00,18019.80,0.08,0.02,R,F,1994-12-02,1995-01-16,1994-12-07,NONE,SHIP, packages. silent frets a
39649-2,39649,814,14,2,12.00,20577.72,0.04,0.07,A,F,1995-02-05,1994-12-12,1995-02-07,NONE,REG AIR,rding to the sl
39649-3,39649,525,86,3,35.00,49893.20,0.02,0.05,A,F,1995-01-18,1995-01-16,1995-01-25,COLLECT COD,SHIP, packages bo
39649-4,39649,1407,86,4,41.00,53644.40,0.03,0.06,R,F,1994-11-18,1994-12-17,1994-12-11,TAKE BACK RETURN,MAIL,y. blithely express courts sleep about the
39649-5,39649,1260,72,5,25.00,29031.50,0.05,0.07,R,F,1995-01-07,1995-01-05,1995-01-12,DELIVER IN PERSON,TRUCK,s. fluffily 
39649-6,39649,1850,51,6,37.00,64818.45,0.03,0.00,A,F,1994-12-25,1994-12-26,1994-12-26,NONE,FOB,ular deposits. express dugouts was car
39649-7,39649,1969,70,7,30.00,56128.80,0.03,0.06,R,F,1995-01-03,1994-12-08,1995-01-10,DELIVER IN PERSON,SHIP,sly. blithely silent foxes
39650-1,39650,1525,66,1,43.00,61340.36,0.01,0.05,R,F,1993-08-14,1993-09-18,1993-09-04,NONE,RAIL,", bold foxes. even instructions"
39650-2,39650,311,40,2,2.00,2422.62,0.03,0.01,A,F,1993-10-06,1993-09-06,1993-10-12,NONE,REG AIR,y according to
39650-3,39650,1098,34,3,9.00,8991.81,0.10,0.07,R,F,1993-10-10,1993-10-26,1993-10-28,TAKE BACK RETURN,AIR,use carefully. quickly final r
39650-4,39650,1114,87,4,28.00,28423.08,0.03,0.08,A,F,1993-10-14,1993-09-24,1993-10-19,COLLECT COD,RAIL,fully furiously even ideas. s
39650-5,39650,1056,62,5,11.00,10527.55,0.04,0.08,A,F,1993-11-15,1993-10-23,1993-12-03,DELIVER IN PERSON,SHIP, the regularly bold deposits? special
39651-1,39651,1685,86,1,8.00,12693.44,0.00,0.00,N,O,1997-01-07,1996-10-31,1997-01-25,TAKE BACK RETURN,RAIL, the slyly silent 
39651-2,39651,1278,16,2,22.00,25943.94,0.07,0.07,N,O,1996-10-01,1996-11-22,1996-10-20,DELIVER IN PERSON,AIR,lly blithely speci
39651-3,39651,483,13,3,12.00,16601.76,0.09,0.03,N,O,1996-11-08,1996-11-08,1996-11-29,DELIVER IN PERSON,AIR,ts haggle. furiously speci
39651-4,39651,850,84,4,19.00,33266.15,0.08,0.00,N,O,1996-12-28,1996-11-29,1997-01-20,COLLECT COD,REG AIR,ecoys use. unusual pinto beans ha
39652-1,39652,274,29,1,30.00,35228.10,0.08,0.08,A,F,1992-05-11,1992-06-28,1992-06-01,DELIVER IN PERSON,AIR,old pinto beans: blithely express gifts
39652-2,39652,578,9,2,29.00,42878.53,0.09,0.00,R,F,1992-06-06,1992-06-26,1992-07-05,COLLECT COD,SHIP,yly pending patterns above t
39652-3,39652,344,73,3,18.00,22398.12,0.05,0.04,A,F,1992-08-17,1992-07-08,1992-09-02,TAKE BACK RETURN,SHIP,its alongs
39652-4,39652,1926,27,4,34.00,62149.28,0.08,0.02,A,F,1992-07-17,1992-07-30,1992-08-14,NONE,MAIL,ainments use blithely slyly regu
39652-5,39652,983,18,5,44.00,82895.12,0.00,0.07,R,F,1992-08-28,1992-07-09,1992-09-25,COLLECT COD,MAIL, of the accounts-- evenly ironic 
39652-6,39652,1122,23,6,29.00,29670.48,0.02,0.04,R,F,1992-08-29,1992-06-17,1992-09-26,NONE,TRUCK,. carefully 
39653-1,39653,1019,25,1,21.00,19320.21,0.02,0.08,N,O,1997-12-23,1997-12-13,1998-01-05,DELIVER IN PERSON,REG AIR,ing to the deposits use quickly above 
39653-2,39653,1924,13,2,48.00,87644.16,0.08,0.00,N,O,1997-11-07,1997-12-14,1997-11-30,TAKE BACK RETURN,RAIL,gular ideas 
39653-3,39653,1149,86,3,28.00,29403.92,0.08,0.01,N,O,1997-11-15,1997-11-23,1997-12-08,COLLECT COD,REG AIR,s wake around the carefully bus
39654-1,39654,782,15,1,37.00,62262.86,0.05,0.04,A,F,1992-10-05,1992-10-31,1992-11-03,COLLECT COD,RAIL,es. quickly regular 
39654-2,39654,1474,92,2,50.00,68773.50,0.02,0.06,A,F,1992-11-19,1992-11-29,1992-12-07,TAKE BACK RETURN,FOB,ake across 
39655-1,39655,375,4,1,13.00,16579.81,0.01,0.00,A,F,1992-06-11,1992-05-07,1992-06-29,DELIVER IN PERSON,FOB, deposits. even 
39655-2,39655,1621,4,2,31.00,47201.22,0.03,0.04,R,F,1992-04-10,1992-06-17,1992-05-07,DELIVER IN PERSON,AIR,le blithely.
39655-3,39655,948,17,3,9.00,16640.46,0.02,0.05,A,F,1992-04-07,1992-06-07,1992-04-19,DELIVER IN PERSON,RAIL,gular ideas. forges sleep carefull
39655-4,39655,761,62,4,44.00,73117.44,0.10,0.07,A,F,1992-06-09,1992-05-11,1992-07-07,NONE,FOB,"he regular, ex"
39655-5,39655,1047,48,5,24.00,22752.96,0.10,0.03,A,F,1992-06-05,1992-05-15,1992-06-30,COLLECT COD,FOB,"ular, express deposits about the careful"
39655-6,39655,1486,4,6,36.00,49949.28,0.09,0.07,R,F,1992-06-02,1992-06-04,1992-06-06,COLLECT COD,RAIL,e fluffily: ironic ideas alon
39680-1,39680,958,27,1,8.00,14871.60,0.06,0.01,R,F,1993-09-05,1993-09-06,1993-09-13,COLLECT COD,SHIP,the unusual attainments. fluffily
39680-2,39680,1291,3,2,13.00,15499.77,0.06,0.06,A,F,1993-09-09,1993-07-25,1993-09-26,NONE,MAIL,ans shall cajole carefully 
39680-3,39680,794,27,3,14.00,23727.06,0.05,0.03,R,F,1993-09-18,1993-07-25,1993-10-11,COLLECT COD,AIR, final decoys sleep furi
39681-1,39681,1895,82,1,23.00,41328.47,0.09,0.06,N,O,1998-03-10,1998-03-26,1998-03-11,NONE,REG AIR,ully. finally 
39681-2,39681,1699,23,2,39.00,62426.91,0.01,0.00,N,O,1998-04-02,1998-03-21,1998-05-02,TAKE BACK RETURN,TRUCK,counts serve blithely enticing instructio
39681-3,39681,438,39,3,40.00,53537.20,0.09,0.05,N,O,1998-05-02,1998-03-01,1998-05-03,COLLECT COD,TRUCK,kly careful 
39681-4,39681,71,47,4,24.00,23305.68,0.09,0.04,N,O,1998-03-11,1998-02-19,1998-03-29,DELIVER IN PERSON,FOB,dolphins. carefully express deposits
39681-5,39681,317,46,5,14.00,17042.34,0.08,0.01,N,O,1998-02-25,1998-03-16,1998-02-26,TAKE BACK RETURN,MAIL,"ans. even, blithe orbits caj"
39681-6,39681,935,36,6,29.00,53241.97,0.04,0.06,N,O,1998-02-08,1998-03-01,1998-02-12,TAKE BACK RETURN,RAIL,ages boost carefully. quickly re
39682-1,39682,1815,2,1,3.00,5150.43,0.04,0.00,R,F,1994-02-20,1993-12-22,1994-03-01,NONE,RAIL,quickly final ideas cajole e
39682-2,39682,573,64,2,7.00,10314.99,0.00,0.04,R,F,1994-02-01,1994-02-01,1994-02-06,DELIVER IN PERSON,TRUCK, wake. blithely pending ins
39683-1,39683,1330,45,1,14.00,17238.62,0.03,0.02,N,O,1995-11-05,1995-10-08,1995-11-06,COLLECT COD,SHIP,o beans. ironic requests are furiou
39683-2,39683,1748,49,2,12.00,19796.88,0.08,0.00,N,O,1995-11-14,1995-10-09,1995-11-21,DELIVER IN PERSON,FOB, final foxes. f
39683-3,39683,478,37,3,27.00,37218.69,0.06,0.08,N,O,1995-11-01,1995-09-24,1995-11-11,NONE,TRUCK,ual frets. 
39683-4,39683,726,27,4,35.00,56935.20,0.00,0.03,N,O,1995-10-14,1995-09-11,1995-11-10,NONE,REG AIR,uests. boldly
39683-5,39683,1498,77,5,24.00,33587.76,0.09,0.02,N,O,1995-09-08,1995-10-05,1995-09-26,DELIVER IN PERSON,AIR,d the blithe
39683-6,39683,1371,86,6,40.00,50894.80,0.09,0.03,N,O,1995-11-12,1995-10-01,1995-12-04,TAKE BACK RETURN,MAIL,close warhorses sleep 
39683-7,39683,1264,39,7,35.00,40784.10,0.10,0.04,N,O,1995-08-20,1995-10-04,1995-09-09,COLLECT COD,MAIL,ording to the blithely unusual asym
39684-1,39684,74,25,1,48.00,46755.36,0.02,0.01,N,O,1997-05-15,1997-06-03,1997-06-14,TAKE BACK RETURN,REG AIR,uriously even foxes. quic
39684-2,39684,989,90,2,26.00,49139.48,0.05,0.05,N,O,1997-07-03,1997-05-25,1997-07-10,COLLECT COD,FOB,"ts. final, regular requests cajole. unusua"
39684-3,39684,661,93,3,3.00,4684.98,0.06,0.03,N,O,1997-04-27,1997-05-20,1997-05-23,NONE,MAIL,ounts sleep carefully above th
39684-4,39684,1620,3,4,6.00,9129.72,0.00,0.05,N,O,1997-05-04,1997-06-24,1997-05-12,TAKE BACK RETURN,SHIP,ts alongside of the unusu
39684-5,39684,1252,90,5,29.00,33444.25,0.00,0.05,N,O,1997-07-19,1997-05-27,1997-07-27,TAKE BACK RETURN,AIR,y special realms? carefully re
39684-6,39684,1134,71,6,6.00,6210.78,0.05,0.08,N,O,1997-04-27,1997-05-08,1997-05-06,TAKE BACK RETURN,RAIL,. blithely unusual foxes poach. fina
39685-1,39685,282,83,1,50.00,59114.00,0.07,0.06,N,O,1996-09-03,1996-09-15,1996-10-03,TAKE BACK RETURN,SHIP,ously across t
39685-2,39685,244,45,2,37.00,42336.88,0.00,0.06,N,O,1996-11-26,1996-09-22,1996-12-24,COLLECT COD,AIR,fully slyl
39685-3,39685,1730,31,3,21.00,34266.33,0.05,0.03,N,O,1996-09-28,1996-10-20,1996-10-24,TAKE BACK RETURN,FOB,s haggle slyly along the 
39686-1,39686,887,88,1,45.00,80454.60,0.04,0.05,R,F,1992-07-03,1992-08-19,1992-07-26,DELIVER IN PERSON,SHIP,r theodolites. i
39686-2,39686,1357,72,2,21.00,26425.35,0.09,0.00,A,F,1992-07-11,1992-09-03,1992-08-03,COLLECT COD,MAIL,y idle braids affix about the quickly
39686-3,39686,441,29,3,8.00,10731.52,0.08,0.06,R,F,1992-09-25,1992-08-21,1992-09-29,TAKE BACK RETURN,RAIL,efully according to the furiously regular a
39686-4,39686,1159,60,4,13.00,13781.95,0.02,0.06,A,F,1992-09-04,1992-07-12,1992-09-23,TAKE BACK RETURN,TRUCK,st unusual pinto beans. accounts hagg
39686-5,39686,1765,50,5,26.00,43335.76,0.08,0.01,A,F,1992-09-29,1992-08-11,1992-09-30,COLLECT COD,SHIP,nto beans. regular packa
39686-6,39686,884,84,6,25.00,44622.00,0.04,0.01,R,F,1992-08-08,1992-08-18,1992-08-09,NONE,TRUCK,s haggle carefu
39686-7,39686,856,56,7,46.00,80815.10,0.03,0.04,A,F,1992-08-13,1992-07-31,1992-09-04,TAKE BACK RETURN,TRUCK,gular asym
39687-1,39687,872,6,1,48.00,85097.76,0.05,0.00,R,F,1993-10-03,1993-09-11,1993-10-23,NONE,MAIL,instruction
39687-2,39687,1949,50,2,13.00,24062.22,0.00,0.05,A,F,1993-07-20,1993-09-13,1993-08-19,COLLECT COD,AIR, fluffily slyly regul
39712-1,39712,371,56,1,7.00,8899.59,0.01,0.08,R,F,1994-02-28,1994-04-29,1994-03-25,COLLECT COD,SHIP,"egular, unusual requests wake si"
39712-2,39712,981,84,2,38.00,71515.24,0.04,0.04,R,F,1994-05-12,1994-05-03,1994-05-15,COLLECT COD,SHIP,posits detect car
39713-1,39713,711,44,1,10.00,16117.10,0.00,0.01,A,F,1994-03-10,1994-03-16,1994-03-30,TAKE BACK RETURN,FOB,ly. regularly pending accounts ar
39713-2,39713,1071,72,2,47.00,45687.29,0.08,0.05,A,F,1994-04-11,1994-04-14,1994-04-16,NONE,FOB,eep. furiously final foxe
39713-3,39713,1578,19,3,9.00,13316.13,0.07,0.08,R,F,1994-04-18,1994-03-17,1994-04-19,DELIVER IN PERSON,FOB,s wake quickly f
39713-4,39713,1368,83,4,46.00,58390.56,0.10,0.06,R,F,1994-01-27,1994-04-17,1994-02-15,DELIVER IN PERSON,FOB,ggedly even accounts sleep according to th
39713-5,39713,676,8,5,16.00,25226.72,0.00,0.07,R,F,1994-02-17,1994-03-25,1994-02-23,COLLECT COD,RAIL,"ing dependencies! regular, regular"
39714-1,39714,1336,51,1,8.00,9898.64,0.05,0.08,A,F,1994-10-25,1994-12-23,1994-11-23,NONE,RAIL," final, fi"
39714-2,39714,652,46,2,32.00,49684.80,0.05,0.06,R,F,1994-11-29,1994-12-03,1994-12-17,TAKE BACK RETURN,SHIP,ironic packages. carefully special pinto 
39714-3,39714,1120,21,3,23.00,23485.76,0.05,0.08,R,F,1995-01-28,1994-12-04,1995-02-17,NONE,MAIL,nusual deposits are among
39715-1,39715,116,95,1,48.00,48773.28,0.04,0.02,N,O,1997-05-06,1997-06-05,1997-05-29,NONE,AIR,eep furiously spec
39716-1,39716,1575,56,1,27.00,39867.39,0.00,0.08,N,O,1996-08-25,1996-10-03,1996-09-23,TAKE BACK RETURN,RAIL, are above the furiously bold accounts!
39716-2,39716,1850,94,2,5.00,8759.25,0.08,0.00,N,O,1996-11-04,1996-10-26,1996-11-14,DELIVER IN PERSON,SHIP,slyly final ideas promise quic
39717-1,39717,473,74,1,45.00,61806.15,0.04,0.03,A,F,1994-12-07,1995-01-01,1995-01-02,DELIVER IN PERSON,FOB,ckages affix furious
39717-2,39717,929,30,2,31.00,56727.52,0.10,0.08,R,F,1995-03-07,1995-01-21,1995-03-12,COLLECT COD,AIR,. regular packa
39718-1,39718,1364,41,1,16.00,20245.76,0.09,0.01,A,F,1995-01-05,1994-12-04,1995-01-19,TAKE BACK RETURN,TRUCK, ideas could c
39718-2,39718,689,83,2,47.00,74714.96,0.09,0.03,R,F,1994-12-24,1994-12-05,1995-01-21,TAKE BACK RETURN,SHIP,n requests use quickl
39718-3,39718,1293,68,3,27.00,32245.83,0.10,0.03,A,F,1995-01-11,1994-11-10,1995-01-23,DELIVER IN PERSON,AIR,express theodolites; boldly iron
39718-4,39718,984,53,4,4.00,7539.92,0.04,0.08,R,F,1995-01-08,1994-11-08,1995-01-30,TAKE BACK RETURN,FOB,"to the final, regular ideas wake fin"
39719-1,39719,1025,31,1,1.00,926.02,0.09,0.07,N,O,1998-01-05,1997-12-28,1998-02-04,COLLECT COD,REG AIR,ns. special requ
39719-2,39719,729,94,2,45.00,73337.40,0.04,0.01,N,O,1998-03-14,1998-01-18,1998-04-12,DELIVER IN PERSON,FOB,refully spe
39719-3,39719,536,97,3,44.00,63207.32,0.09,0.00,N,O,1998-01-05,1998-01-21,1998-01-30,DELIVER IN PERSON,FOB,ependencies along the ev
39719-4,39719,248,30,4,1.00,1148.24,0.03,0.01,N,O,1997-12-06,1998-01-07,1997-12-09,COLLECT COD,SHIP,re quickly sl
39719-5,39719,404,92,5,37.00,48262.80,0.00,0.01,N,O,1998-03-19,1998-02-13,1998-04-10,DELIVER IN PERSON,SHIP,slyly unusual requests
39744-1,39744,1694,36,1,20.00,31913.80,0.10,0.05,A,F,1994-08-18,1994-08-14,1994-09-03,NONE,RAIL,unts. quickly regular accoun
39744-2,39744,1020,26,2,3.00,2763.06,0.07,0.00,A,F,1994-07-27,1994-10-02,1994-08-23,TAKE BACK RETURN,FOB,fily ironi
39744-3,39744,1000,35,3,31.00,27931.00,0.10,0.05,R,F,1994-07-24,1994-09-02,1994-08-18,DELIVER IN PERSON,AIR,deposits. even accounts with
39745-1,39745,695,27,1,24.00,38296.56,0.09,0.08,N,O,1995-08-03,1995-07-13,1995-08-15,COLLECT COD,FOB, requests integrate blithely. ironic
39745-2,39745,1135,72,2,14.00,14505.82,0.02,0.08,N,F,1995-05-26,1995-06-23,1995-06-23,NONE,REG AIR,"unts nag! accounts among the pending, fina"
39745-3,39745,912,47,3,17.00,30819.47,0.02,0.00,A,F,1995-05-15,1995-07-02,1995-05-26,COLLECT COD,SHIP,ly against the slyly pending
39745-4,39745,1138,75,4,44.00,45721.72,0.03,0.03,N,O,1995-07-13,1995-07-10,1995-08-07,DELIVER IN PERSON,FOB,ly silent requests about the slyly final p
39745-5,39745,1363,78,5,36.00,45516.96,0.06,0.00,A,F,1995-05-24,1995-06-28,1995-06-06,TAKE BACK RETURN,RAIL,s. fluffily specia
39745-6,39745,653,16,6,13.00,20197.45,0.01,0.07,N,O,1995-07-25,1995-07-11,1995-08-03,COLLECT COD,SHIP,kages. regular packages should ha
39746-1,39746,1321,98,1,26.00,31780.32,0.07,0.06,N,O,1997-02-18,1997-01-26,1997-03-01,NONE,TRUCK,quests sleep stealthily about the slyl
39746-2,39746,1542,63,2,10.00,14435.40,0.01,0.00,N,O,1997-01-26,1996-12-26,1997-02-18,DELIVER IN PERSON,FOB,onic deposit
39746-3,39746,351,8,3,10.00,12513.50,0.06,0.02,N,O,1996-12-14,1997-02-13,1996-12-29,NONE,MAIL, beans. even foxes haggle. packages ab
39747-1,39747,684,47,1,18.00,28524.24,0.09,0.08,N,O,1997-10-03,1997-09-14,1997-10-27,COLLECT COD,SHIP,quests grow carefully final theodolites. f
39747-2,39747,103,82,2,11.00,11034.10,0.00,0.06,N,O,1997-10-28,1997-08-06,1997-11-16,NONE,MAIL,ronic accounts after the slyly special d
39748-1,39748,955,24,1,44.00,81661.80,0.08,0.07,N,O,1995-06-30,1995-07-17,1995-07-24,DELIVER IN PERSON,MAIL,"ajole quickly express ideas. even, ironic a"
39749-1,39749,1213,51,1,15.00,16713.15,0.06,0.00,A,F,1993-08-05,1993-09-12,1993-08-12,NONE,MAIL,eep about the care
39749-2,39749,1250,88,2,30.00,34537.50,0.02,0.05,R,F,1993-07-13,1993-08-26,1993-07-18,TAKE BACK RETURN,FOB,as integrate sly
39749-3,39749,1864,8,3,43.00,75931.98,0.05,0.03,R,F,1993-10-03,1993-09-18,1993-10-07,TAKE BACK RETURN,FOB,gside of the unusual requests. ironic 
39749-4,39749,2000,45,4,36.00,32472.00,0.06,0.03,A,F,1993-10-15,1993-08-15,1993-10-22,COLLECT COD,FOB,ts. fluffily
39749-5,39749,1516,57,5,23.00,32602.73,0.04,0.06,R,F,1993-10-03,1993-09-23,1993-10-26,NONE,SHIP,accounts cajole furiously fluffily even d
39749-6,39749,236,37,6,1.00,1136.23,0.02,0.07,A,F,1993-10-05,1993-09-16,1993-10-06,NONE,TRUCK,after the quickly express platel
39749-7,39749,1947,80,7,40.00,73957.60,0.06,0.06,R,F,1993-07-23,1993-08-31,1993-08-13,NONE,REG AIR,ounts. furiously special requ
39750-1,39750,1897,41,1,31.00,55765.59,0.00,0.05,R,F,1994-06-24,1994-05-03,1994-07-02,COLLECT COD,TRUCK,as haggle carefully bold theodolites
39751-1,39751,1322,61,1,40.00,48932.80,0.10,0.04,A,F,1993-06-09,1993-05-28,1993-06-12,TAKE BACK RETURN,REG AIR,ess accounts ea
39751-2,39751,198,25,2,13.00,14276.47,0.04,0.08,R,F,1993-05-14,1993-04-17,1993-05-21,COLLECT COD,FOB,y. quickly spe
39751-3,39751,390,19,3,18.00,23227.02,0.07,0.08,A,F,1993-06-13,1993-05-12,1993-07-12,TAKE BACK RETURN,RAIL, asymptotes. qui
39776-1,39776,1931,20,1,6.00,10997.58,0.07,0.07,R,F,1994-07-11,1994-08-23,1994-07-22,COLLECT COD,REG AIR, daringly pending requests wake across t
39776-2,39776,1189,90,2,49.00,53418.82,0.05,0.05,A,F,1994-09-19,1994-08-16,1994-09-28,NONE,AIR,"e regular excuses. even, silent excus"
39776-3,39776,1932,77,3,49.00,89862.57,0.09,0.08,R,F,1994-07-19,1994-08-01,1994-07-22,COLLECT COD,MAIL,"nic sheaves. bold, ir"
39776-4,39776,549,80,4,26.00,37688.04,0.06,0.08,R,F,1994-07-29,1994-08-10,1994-08-02,TAKE BACK RETURN,TRUCK,s snooze silen
39777-1,39777,1038,74,1,30.00,28170.90,0.09,0.01,N,O,1996-07-09,1996-06-26,1996-07-18,TAKE BACK RETURN,MAIL,t asymptotes. carefully bold
39777-2,39777,484,72,2,25.00,34612.00,0.05,0.06,N,O,1996-06-22,1996-07-01,1996-07-22,TAKE BACK RETURN,SHIP,n instructions wake slyly; care
39777-3,39777,526,57,3,40.00,57060.80,0.02,0.01,N,O,1996-05-09,1996-06-26,1996-05-11,TAKE BACK RETURN,FOB,e blithe excuses. even deposits across 
39777-4,39777,1011,47,4,24.00,21888.24,0.05,0.00,N,O,1996-06-07,1996-06-21,1996-06-28,DELIVER IN PERSON,FOB,eodolites. slyly special ideas acro
39777-5,39777,1986,75,5,42.00,79295.16,0.08,0.04,N,O,1996-05-03,1996-06-03,1996-05-22,DELIVER IN PERSON,MAIL,old packages haggle carefully about the 
39777-6,39777,1776,3,6,49.00,82210.73,0.08,0.07,N,O,1996-07-28,1996-06-23,1996-08-06,COLLECT COD,RAIL,he final accounts. quickly express re
39778-1,39778,1310,87,1,26.00,31494.06,0.09,0.02,A,F,1992-10-10,1992-12-09,1992-11-09,COLLECT COD,MAIL,"ss the pending, fina"
39779-1,39779,1073,74,1,9.00,8766.63,0.09,0.00,R,F,1994-04-10,1994-03-20,1994-04-11,NONE,SHIP,instructions. fluffily final depend
39779-2,39779,1406,24,2,37.00,48373.80,0.05,0.00,A,F,1994-02-14,1994-04-06,1994-03-04,NONE,AIR,theodolites. final accounts cajole slyly
39779-3,39779,41,67,3,30.00,28231.20,0.10,0.07,R,F,1994-03-08,1994-04-09,1994-03-10,NONE,MAIL, stealthily special packages sleep slyly bl
39779-4,39779,1609,92,4,48.00,72508.80,0.05,0.06,A,F,1994-05-24,1994-03-18,1994-06-13,COLLECT COD,AIR,tructions boost slyly carefully fi
39779-5,39779,1356,71,5,16.00,20117.60,0.04,0.06,A,F,1994-03-09,1994-04-03,1994-03-25,NONE,RAIL,ged instructions x-ray furiously regu
39780-1,39780,207,8,1,14.00,15500.80,0.01,0.07,A,F,1994-06-11,1994-09-01,1994-07-01,NONE,REG AIR, ruthlessly quick packages haggle after the
39780-2,39780,615,16,2,46.00,69718.06,0.02,0.01,A,F,1994-08-05,1994-08-02,1994-09-01,TAKE BACK RETURN,RAIL,"uctions? final, final patt"
39780-3,39780,36,62,3,29.00,27144.87,0.05,0.01,A,F,1994-07-23,1994-08-05,1994-07-28,COLLECT COD,MAIL,nently. foxes haggle bl
39780-4,39780,1789,32,4,18.00,30434.04,0.02,0.00,A,F,1994-09-25,1994-08-30,1994-10-19,TAKE BACK RETURN,SHIP,ular ideas. ironic
39780-5,39780,890,90,5,24.00,42981.36,0.06,0.00,A,F,1994-06-25,1994-07-13,1994-07-19,COLLECT COD,FOB, final deposits hinder fluffil
39780-6,39780,1196,33,6,31.00,34012.89,0.05,0.05,A,F,1994-09-04,1994-07-29,1994-09-10,NONE,SHIP,wake bold packages. fluffily special r
39780-7,39780,1066,37,7,20.00,19341.20,0.09,0.01,A,F,1994-10-01,1994-07-13,1994-10-11,NONE,SHIP, blithely final deposits. q
39781-1,39781,602,65,1,8.00,12020.80,0.09,0.03,N,O,1996-11-19,1996-10-19,1996-11-23,TAKE BACK RETURN,MAIL,nts nag slyly. permanent
39781-2,39781,1358,59,2,19.00,23927.65,0.09,0.04,N,O,1996-11-26,1996-11-12,1996-12-06,NONE,TRUCK,usual accounts at 
39781-3,39781,98,74,3,2.00,1996.18,0.08,0.02,N,O,1996-10-22,1996-10-08,1996-11-08,DELIVER IN PERSON,TRUCK,ven foxes against the fur
39781-4,39781,1379,18,4,39.00,49934.43,0.08,0.08,N,O,1996-10-03,1996-11-30,1996-10-31,NONE,REG AIR, blithely 
39781-5,39781,336,21,5,21.00,25962.93,0.05,0.04,N,O,1996-10-06,1996-11-24,1996-10-21,COLLECT COD,REG AIR,s above the furi
39781-6,39781,1669,70,6,10.00,15706.60,0.04,0.04,N,O,1996-11-21,1996-11-09,1996-12-04,NONE,REG AIR,"mise across the final, final "
39781-7,39781,329,58,7,42.00,51631.44,0.01,0.03,N,O,1996-12-05,1996-10-28,1996-12-17,COLLECT COD,FOB,ithely bold accounts. i
39782-1,39782,391,48,1,12.00,15496.68,0.05,0.05,N,O,1997-07-07,1997-09-06,1997-07-16,DELIVER IN PERSON,FOB,special depos
39782-2,39782,434,22,2,40.00,53377.20,0.00,0.01,N,O,1997-09-22,1997-08-21,1997-09-27,NONE,FOB,"nding, unusual instructions. fluffily f"
39782-3,39782,124,77,3,46.00,47109.52,0.05,0.02,N,O,1997-08-11,1997-08-20,1997-08-15,TAKE BACK RETURN,RAIL,ly final a
39783-1,39783,944,79,1,20.00,36898.80,0.02,0.03,A,F,1992-10-31,1992-11-10,1992-11-25,TAKE BACK RETURN,RAIL, beans wake ca
39783-2,39783,1794,37,2,25.00,42394.75,0.09,0.01,R,F,1992-10-21,1992-12-02,1992-11-07,DELIVER IN PERSON,REG AIR, forges. quickly ironic platelets a
39783-3,39783,1947,48,3,15.00,27734.10,0.09,0.04,R,F,1992-11-22,1992-11-24,1992-11-30,COLLECT COD,MAIL, among the quickly express excuses wak
39783-4,39783,213,14,4,25.00,27830.25,0.09,0.08,R,F,1992-11-19,1992-10-27,1992-11-28,TAKE BACK RETURN,FOB,"nic ideas. unusual, ironic plate"
39783-5,39783,1050,86,5,13.00,12363.65,0.04,0.02,A,F,1992-09-27,1992-10-22,1992-10-21,COLLECT COD,AIR,efully silent d
39808-1,39808,1555,36,1,12.00,17478.60,0.09,0.07,R,F,1992-11-22,1992-11-01,1992-12-19,NONE,TRUCK,ggle blithely. slyly final dep
39808-2,39808,256,84,2,47.00,54343.75,0.10,0.00,A,F,1992-10-31,1992-10-16,1992-11-22,COLLECT COD,SHIP,ructions sleep among the slyly unusual de
39808-3,39808,665,66,3,21.00,32878.86,0.09,0.07,R,F,1992-11-23,1992-10-28,1992-12-16,COLLECT COD,MAIL,"thely. bold, regular foxes boos"
39808-4,39808,188,89,4,43.00,46791.74,0.10,0.06,R,F,1992-10-22,1992-10-17,1992-10-24,TAKE BACK RETURN,TRUCK, pending r
39808-5,39808,531,62,5,28.00,40082.84,0.06,0.07,R,F,1992-09-24,1992-12-01,1992-09-30,DELIVER IN PERSON,REG AIR,se slyly express pinto beans. carefully fin
39808-6,39808,65,41,6,27.00,26056.62,0.10,0.01,R,F,1992-10-14,1992-11-04,1992-11-02,NONE,MAIL,ounts use. final packages nag blith
39808-7,39808,1410,11,7,23.00,30162.43,0.03,0.02,A,F,1992-11-14,1992-10-23,1992-11-24,DELIVER IN PERSON,AIR,lithely brave foxes 
39809-1,39809,121,100,1,7.00,7147.84,0.07,0.03,N,O,1998-05-11,1998-04-19,1998-05-23,COLLECT COD,REG AIR,ldly regular theodo
39809-2,39809,407,66,2,30.00,39222.00,0.10,0.02,N,O,1998-04-21,1998-04-16,1998-05-20,COLLECT COD,MAIL,"ss, final requests wake? b"
39809-3,39809,2,28,3,41.00,36982.00,0.06,0.04,N,O,1998-04-20,1998-05-22,1998-05-01,DELIVER IN PERSON,TRUCK, deposits wake furio
39809-4,39809,989,90,4,9.00,17009.82,0.00,0.01,N,O,1998-06-07,1998-05-10,1998-07-02,COLLECT COD,AIR, ideas against the depo
39810-1,39810,35,61,1,42.00,39271.26,0.08,0.01,N,O,1998-01-16,1997-12-02,1998-01-29,DELIVER IN PERSON,MAIL,ly against the regul
39811-1,39811,1525,26,1,19.00,27103.88,0.02,0.08,N,O,1997-02-19,1997-03-05,1997-03-08,TAKE BACK RETURN,MAIL,the furiously even asymptotes cajole acr
39812-1,39812,893,27,1,32.00,57404.48,0.01,0.06,A,F,1994-07-13,1994-08-12,1994-08-03,COLLECT COD,REG AIR,ments. special epitaphs w
39812-2,39812,1698,40,2,29.00,46391.01,0.05,0.08,A,F,1994-10-18,1994-07-23,1994-11-12,COLLECT COD,RAIL,kly regular deposits nag afte
39812-3,39812,1430,48,3,41.00,54588.63,0.06,0.04,A,F,1994-08-24,1994-08-03,1994-09-16,TAKE BACK RETURN,REG AIR,beans along the furiously f
39812-4,39812,1430,48,4,35.00,46600.05,0.00,0.01,R,F,1994-10-11,1994-08-07,1994-10-29,COLLECT COD,MAIL,ts lose slyly fluffily re
39812-5,39812,1963,8,5,34.00,63408.64,0.03,0.08,R,F,1994-09-17,1994-08-06,1994-10-08,TAKE BACK RETURN,AIR,nts are after the ironic accounts. quiet
39813-1,39813,958,93,1,45.00,83652.75,0.09,0.01,R,F,1992-03-16,1992-03-24,1992-04-13,TAKE BACK RETURN,FOB,ake quickly. even deposits after the e
39813-2,39813,1499,78,2,13.00,18206.37,0.02,0.04,A,F,1992-03-18,1992-03-14,1992-03-26,TAKE BACK RETURN,AIR,to beans are bravely around the bold a
39814-1,39814,831,65,1,1.00,1731.83,0.06,0.06,R,F,1993-04-18,1993-03-05,1993-05-04,COLLECT COD,SHIP,nal requests should sleep always: caref
39814-2,39814,446,76,2,33.00,44432.52,0.06,0.02,R,F,1993-04-17,1993-02-25,1993-05-06,TAKE BACK RETURN,AIR,o boost fluffily near the quickly f
39814-3,39814,912,15,3,47.00,85206.77,0.03,0.00,A,F,1993-01-23,1993-03-09,1993-02-08,TAKE BACK RETURN,AIR,"final theodolites; express, special "
39814-4,39814,1807,94,4,14.00,23923.20,0.08,0.02,A,F,1993-04-22,1993-04-13,1993-05-13,COLLECT COD,REG AIR,d carefully above the ironic requests.
39814-5,39814,1737,22,5,35.00,57355.55,0.05,0.00,R,F,1993-05-06,1993-02-21,1993-05-21,TAKE BACK RETURN,AIR,equests shall have to us
39815-1,39815,1067,3,1,17.00,16457.02,0.05,0.05,R,F,1994-07-18,1994-07-02,1994-07-26,COLLECT COD,FOB,ctions alongside of the slyly bold e
39815-2,39815,1530,71,2,23.00,32925.19,0.00,0.04,R,F,1994-07-16,1994-06-16,1994-07-23,TAKE BACK RETURN,RAIL,nto beans. blithely regular courts snoo
39815-3,39815,1210,22,3,33.00,36669.93,0.01,0.03,A,F,1994-08-05,1994-06-17,1994-08-09,DELIVER IN PERSON,RAIL,y. accounts are after the fluffily b
39815-4,39815,884,51,4,50.00,89244.00,0.09,0.07,R,F,1994-06-04,1994-05-10,1994-06-19,NONE,RAIL,ely pendin
39815-5,39815,1607,49,5,18.00,27154.80,0.02,0.04,A,F,1994-05-17,1994-06-26,1994-05-19,TAKE BACK RETURN,RAIL,ial requests
39840-1,39840,107,60,1,48.00,48340.80,0.07,0.01,N,O,1996-03-11,1996-04-08,1996-03-29,TAKE BACK RETURN,SHIP,yly regular pac
39840-2,39840,1366,43,2,8.00,10138.88,0.02,0.00,N,O,1996-02-12,1996-05-02,1996-03-11,DELIVER IN PERSON,TRUCK,y over the sil
39840-3,39840,505,6,3,35.00,49192.50,0.10,0.08,N,O,1996-03-08,1996-03-10,1996-03-11,COLLECT COD,FOB,thely silen
39840-4,39840,1017,88,4,19.00,17442.19,0.01,0.02,N,O,1996-05-08,1996-04-01,1996-05-21,DELIVER IN PERSON,MAIL,dolites can solve fluffily des
39840-5,39840,1334,49,5,29.00,35824.57,0.02,0.06,N,O,1996-05-20,1996-04-01,1996-05-23,COLLECT COD,RAIL, blithely across the packages. quic
39840-6,39840,243,98,6,8.00,9145.92,0.06,0.05,N,O,1996-04-11,1996-04-15,1996-04-19,DELIVER IN PERSON,FOB,ng theodolites use carefully fluffi
39840-7,39840,420,21,7,9.00,11883.78,0.02,0.05,N,O,1996-05-03,1996-03-18,1996-05-05,COLLECT COD,FOB,n blithely bold pinto beans. b
39841-1,39841,103,30,1,4.00,4012.40,0.05,0.05,R,F,1993-04-24,1993-03-04,1993-05-02,NONE,SHIP,luffily regula
39841-2,39841,829,63,2,12.00,20757.84,0.03,0.04,A,F,1993-03-31,1993-03-04,1993-04-01,NONE,RAIL,egular instruct
39842-1,39842,110,11,1,11.00,11111.21,0.09,0.03,A,F,1994-02-19,1994-02-27,1994-03-11,TAKE BACK RETURN,RAIL,nal accounts wake fluffily b
39842-2,39842,1543,64,2,16.00,23112.64,0.10,0.01,A,F,1994-01-19,1994-03-05,1994-02-09,COLLECT COD,AIR,lyly final requests sleep
39842-3,39842,1458,98,3,21.00,28548.45,0.10,0.02,A,F,1994-03-17,1994-01-31,1994-04-16,DELIVER IN PERSON,REG AIR, across the 
39842-4,39842,519,50,4,44.00,62458.44,0.04,0.02,A,F,1994-04-06,1994-02-08,1994-04-07,COLLECT COD,RAIL,must have to sleep carefully. furiou
39842-5,39842,1274,12,5,41.00,48186.07,0.09,0.08,A,F,1994-04-04,1994-02-16,1994-04-08,COLLECT COD,TRUCK,se slyly around the slyly pending
39843-1,39843,1141,50,1,35.00,36474.90,0.09,0.01,A,F,1994-11-05,1994-10-08,1994-11-27,COLLECT COD,SHIP,xes after the closely bold ideas caj
39843-2,39843,643,37,2,10.00,15436.40,0.04,0.00,A,F,1994-11-01,1994-10-02,1994-11-13,DELIVER IN PERSON,TRUCK,ronic attainments use ent
39843-3,39843,919,20,3,25.00,45497.75,0.10,0.08,R,F,1994-12-26,1994-09-30,1995-01-12,TAKE BACK RETURN,RAIL,ole against the bold instructions. carefu
39843-4,39843,1314,53,4,50.00,60765.50,0.02,0.05,A,F,1994-10-10,1994-11-25,1994-10-20,DELIVER IN PERSON,RAIL,lly according to
39844-1,39844,545,36,1,50.00,72277.00,0.01,0.04,R,F,1994-12-13,1995-02-27,1995-01-08,COLLECT COD,FOB,ounts. close accounts are. furiously even 
39844-2,39844,1619,43,2,6.00,9123.66,0.03,0.05,A,F,1995-02-17,1995-02-22,1995-03-09,DELIVER IN PERSON,FOB,ar pinto beans wake blithely
39844-3,39844,1988,89,3,34.00,64259.32,0.06,0.07,R,F,1995-03-14,1995-01-18,1995-03-25,DELIVER IN PERSON,AIR, according to th
39844-4,39844,1306,7,4,42.00,50706.60,0.07,0.06,R,F,1995-02-06,1995-01-12,1995-02-09,DELIVER IN PERSON,SHIP,al requests. carefully 
39844-5,39844,753,18,5,8.00,13230.00,0.02,0.05,R,F,1994-12-16,1995-02-28,1995-01-04,DELIVER IN PERSON,SHIP,yly accounts. even packages breach a
39844-6,39844,1930,31,6,31.00,56789.83,0.02,0.04,A,F,1995-02-19,1995-01-20,1995-03-11,DELIVER IN PERSON,REG AIR,ies kindle blithe
39844-7,39844,1099,100,7,25.00,25002.25,0.08,0.04,A,F,1995-03-19,1995-01-18,1995-03-31,COLLECT COD,TRUCK,lyly ironic instructions cajole! bl
39845-1,39845,195,96,1,33.00,36141.27,0.08,0.08,R,F,1994-10-12,1994-10-25,1994-10-16,NONE,MAIL,le about the slyly final excu
39845-2,39845,1452,31,2,37.00,50077.65,0.03,0.06,R,F,1994-10-07,1994-10-31,1994-10-16,COLLECT COD,SHIP,ironic deposi
39845-3,39845,1592,33,3,22.00,32858.98,0.07,0.08,A,F,1994-11-08,1994-10-27,1994-12-05,NONE,TRUCK,mise blithel
39846-1,39846,575,66,1,37.00,54596.09,0.08,0.01,R,F,1994-06-17,1994-04-04,1994-07-11,COLLECT COD,FOB,ctions. slyly final warthogs wake 
39846-2,39846,1548,29,2,15.00,21743.10,0.08,0.08,A,F,1994-05-27,1994-04-21,1994-06-07,TAKE BACK RETURN,AIR,packages x-ray fu
39846-3,39846,492,93,3,50.00,69624.50,0.08,0.04,A,F,1994-05-29,1994-05-14,1994-06-20,TAKE BACK RETURN,RAIL,uriously bold d
39846-4,39846,112,91,4,18.00,18217.98,0.06,0.06,R,F,1994-05-11,1994-05-08,1994-05-28,NONE,TRUCK,s. carefully bold accounts wake? iron
39847-1,39847,1897,84,1,1.00,1798.89,0.10,0.00,A,F,1993-05-15,1993-06-25,1993-05-17,NONE,FOB,ut the quickly express pinto beans. slyl
39847-2,39847,374,31,2,2.00,2548.74,0.01,0.08,A,F,1993-06-29,1993-05-10,1993-07-05,TAKE BACK RETURN,REG AIR,hely ironic
39847-3,39847,580,11,3,37.00,54781.46,0.09,0.02,A,F,1993-04-12,1993-06-15,1993-04-18,COLLECT COD,TRUCK, packages was enticingly. 
39847-4,39847,1294,95,4,22.00,26296.38,0.09,0.01,A,F,1993-06-18,1993-06-25,1993-07-10,COLLECT COD,REG AIR,ts across th
39847-5,39847,1685,27,5,31.00,49187.08,0.09,0.00,A,F,1993-05-01,1993-06-15,1993-05-03,TAKE BACK RETURN,TRUCK,ggle fluffi
39847-6,39847,314,15,6,43.00,52215.33,0.09,0.06,A,F,1993-05-19,1993-05-13,1993-06-10,DELIVER IN PERSON,FOB,packages among the quickly iro
39847-7,39847,730,31,7,14.00,22830.22,0.02,0.03,A,F,1993-08-04,1993-06-22,1993-08-09,TAKE BACK RETURN,AIR,old theodolites. s
39872-1,39872,1931,64,1,46.00,84314.78,0.01,0.05,A,F,1993-06-02,1993-05-01,1993-06-25,NONE,SHIP,carefully special packages
39872-2,39872,1052,58,2,25.00,23826.25,0.04,0.02,R,F,1993-05-21,1993-05-22,1993-06-13,TAKE BACK RETURN,REG AIR,te furious
39872-3,39872,898,32,3,48.00,86346.72,0.03,0.04,A,F,1993-06-19,1993-04-09,1993-07-04,TAKE BACK RETURN,SHIP,e furiously final Ti
39872-4,39872,154,81,4,1.00,1054.15,0.05,0.02,A,F,1993-06-23,1993-05-07,1993-07-15,COLLECT COD,RAIL,"ending, bold dinos use depende"
39873-1,39873,1913,46,1,30.00,54447.30,0.04,0.08,R,F,1992-05-14,1992-05-13,1992-05-25,TAKE BACK RETURN,AIR,ithely final packages. carefully iro
39874-1,39874,976,45,1,26.00,48801.22,0.10,0.02,N,O,1996-02-28,1996-04-18,1996-03-04,NONE,AIR,ts. express d
39874-2,39874,538,39,2,10.00,14385.30,0.00,0.07,N,O,1996-04-26,1996-04-28,1996-05-22,NONE,REG AIR,uests wake careful
39874-3,39874,976,79,3,12.00,22523.64,0.01,0.06,N,O,1996-06-23,1996-03-30,1996-07-06,COLLECT COD,FOB,ly. final deposits use 
39875-1,39875,1832,62,1,42.00,72820.86,0.10,0.00,R,F,1993-03-08,1993-03-28,1993-04-02,NONE,SHIP,", regular requests. furiously final "
39875-2,39875,965,68,2,10.00,18659.60,0.10,0.08,A,F,1993-05-20,1993-04-13,1993-06-08,TAKE BACK RETURN,FOB,into beans kin
39875-3,39875,1233,45,3,24.00,27221.52,0.10,0.01,A,F,1993-04-21,1993-03-14,1993-04-22,NONE,TRUCK,s along the slyly ironic accounts unwind
39876-1,39876,1798,83,1,3.00,5099.37,0.00,0.08,R,F,1992-07-02,1992-05-26,1992-07-18,TAKE BACK RETURN,SHIP,ad of the sl
39876-2,39876,1178,87,2,18.00,19425.06,0.00,0.08,R,F,1992-06-16,1992-06-27,1992-07-03,COLLECT COD,TRUCK,o the permanent dependencies shall
39876-3,39876,505,36,3,30.00,42165.00,0.02,0.03,A,F,1992-06-09,1992-07-06,1992-07-07,NONE,MAIL,bout the final requests; slyly 
39876-4,39876,942,43,4,2.00,3685.88,0.02,0.00,A,F,1992-06-30,1992-06-29,1992-07-27,DELIVER IN PERSON,TRUCK,y express foxes. even packages haggle sl
39876-5,39876,1677,78,5,1.00,1578.67,0.05,0.08,R,F,1992-06-19,1992-06-18,1992-06-29,DELIVER IN PERSON,REG AIR,. carefully regu
39876-6,39876,218,46,6,12.00,13418.52,0.09,0.02,A,F,1992-06-13,1992-05-20,1992-06-16,COLLECT COD,SHIP,"ts. even, dogged "
39877-1,39877,23,49,1,45.00,41535.90,0.08,0.05,R,F,1992-10-27,1992-10-14,1992-11-25,NONE,FOB,nusual theodolites 
39877-2,39877,1341,18,2,26.00,32300.84,0.00,0.01,A,F,1992-08-25,1992-11-01,1992-09-18,DELIVER IN PERSON,TRUCK, fluffily. foxes against the blithely re
39877-3,39877,208,90,3,25.00,27705.00,0.02,0.06,A,F,1992-09-29,1992-10-17,1992-10-21,COLLECT COD,REG AIR,uests engage furiously
39877-4,39877,1386,1,4,8.00,10299.04,0.04,0.07,A,F,1992-08-24,1992-09-22,1992-09-01,COLLECT COD,FOB, regular braids boost along the unusu
39877-5,39877,1849,93,5,4.00,7003.36,0.02,0.05,R,F,1992-08-27,1992-10-10,1992-09-14,NONE,MAIL,ronic requests
39877-6,39877,762,27,6,21.00,34917.96,0.05,0.00,A,F,1992-10-17,1992-11-06,1992-11-13,TAKE BACK RETURN,AIR,onic excuses. furious
39878-1,39878,65,16,1,45.00,43427.70,0.07,0.07,A,F,1995-04-25,1995-04-19,1995-05-17,DELIVER IN PERSON,AIR,al requests 
39878-2,39878,264,92,2,44.00,51227.44,0.02,0.05,R,F,1995-03-18,1995-04-05,1995-03-30,COLLECT COD,FOB, above the ironically ironic requests.
39878-3,39878,777,10,3,8.00,13422.16,0.10,0.04,R,F,1995-04-26,1995-04-30,1995-05-26,DELIVER IN PERSON,SHIP,y ironic deposits cajole packages. regula
39878-4,39878,626,58,4,34.00,51905.08,0.00,0.03,N,O,1995-06-21,1995-05-26,1995-07-01,NONE,RAIL,ly regular dependencies. quickly unu
39878-5,39878,1103,40,5,3.00,3012.30,0.02,0.04,A,F,1995-03-29,1995-05-08,1995-04-01,DELIVER IN PERSON,SHIP,furiously. slyly express pinto bea
39878-6,39878,1101,2,6,35.00,35073.50,0.10,0.01,R,F,1995-04-23,1995-04-27,1995-05-13,TAKE BACK RETURN,MAIL,ously regula
39878-7,39878,1530,51,7,23.00,32925.19,0.07,0.07,N,O,1995-06-29,1995-05-28,1995-07-16,COLLECT COD,SHIP,ounts above the even accounts 
39879-1,39879,274,75,1,17.00,19962.59,0.00,0.04,N,O,1997-01-13,1996-12-06,1997-01-21,TAKE BACK RETURN,MAIL,s cajole above the bold a
39879-2,39879,835,2,2,42.00,72904.86,0.00,0.05,N,O,1997-01-15,1996-11-18,1997-02-14,TAKE BACK RETURN,FOB,"al, bold packages ar"
39904-1,39904,180,59,1,20.00,21603.60,0.06,0.02,A,F,1994-05-28,1994-03-07,1994-06-22,DELIVER IN PERSON,TRUCK,usly bold 
39904-2,39904,1978,67,2,11.00,20679.67,0.02,0.05,R,F,1994-02-17,1994-03-31,1994-02-27,TAKE BACK RETURN,REG AIR,e blithely final d
39904-3,39904,119,20,3,11.00,11210.21,0.08,0.05,A,F,1994-02-19,1994-04-17,1994-03-03,TAKE BACK RETURN,AIR,nal request
39905-1,39905,1417,35,1,25.00,32960.25,0.01,0.08,N,O,1997-07-02,1997-09-09,1997-07-04,COLLECT COD,RAIL, haggle about the fluffily regular packag
39905-2,39905,61,62,2,36.00,34598.16,0.03,0.04,N,O,1997-07-30,1997-08-09,1997-08-22,NONE,TRUCK, regular dolphins use. express reques
39905-3,39905,795,92,3,1.00,1695.79,0.05,0.04,N,O,1997-08-21,1997-08-22,1997-09-03,NONE,FOB,oxes use after the slyly ru
39905-4,39905,1829,59,4,39.00,67501.98,0.02,0.02,N,O,1997-08-05,1997-07-23,1997-08-27,NONE,FOB,xpress theodolites. bold courts aff
39905-5,39905,598,59,5,1.00,1498.59,0.09,0.06,N,O,1997-06-26,1997-07-22,1997-07-23,TAKE BACK RETURN,SHIP,usly pending foxes cajole ruth
39905-6,39905,498,57,6,39.00,54541.11,0.03,0.00,N,O,1997-08-19,1997-09-05,1997-09-05,TAKE BACK RETURN,FOB,he slyly regula
39906-1,39906,1306,21,1,19.00,22938.70,0.04,0.01,A,F,1994-06-04,1994-06-03,1994-06-22,DELIVER IN PERSON,SHIP, even reque
39906-2,39906,26,2,2,40.00,37040.80,0.05,0.08,A,F,1994-03-27,1994-06-06,1994-04-06,DELIVER IN PERSON,FOB,lithely final theodolites sleep slyly. regu
39907-1,39907,695,96,1,8.00,12765.52,0.06,0.01,A,F,1993-12-21,1993-10-19,1994-01-02,COLLECT COD,FOB,sly patterns. quickly iron
39908-1,39908,1060,66,1,7.00,6727.42,0.09,0.02,R,F,1994-07-19,1994-08-05,1994-07-27,COLLECT COD,FOB,g pinto beans. ironic requests slee
39908-2,39908,419,78,2,39.00,51456.99,0.01,0.04,A,F,1994-08-17,1994-06-26,1994-09-11,COLLECT COD,RAIL,c accounts ha
39908-3,39908,1593,94,3,10.00,14945.90,0.10,0.01,A,F,1994-05-15,1994-06-30,1994-06-04,COLLECT COD,FOB,counts affix. quickly ev
39908-4,39908,1459,38,4,13.00,17685.85,0.10,0.06,A,F,1994-05-24,1994-06-23,1994-06-16,COLLECT COD,TRUCK,lyly. quickly regular instructi
39908-5,39908,1336,37,5,25.00,30933.25,0.03,0.06,A,F,1994-06-14,1994-07-19,1994-06-27,COLLECT COD,TRUCK,s regular requests boost furiously slyl
39908-6,39908,966,67,6,36.00,67210.56,0.03,0.06,R,F,1994-09-02,1994-06-16,1994-09-18,COLLECT COD,FOB, slyly even pinto beans. fur
39908-7,39908,150,77,7,25.00,26253.75,0.10,0.07,R,F,1994-07-29,1994-07-31,1994-08-11,TAKE BACK RETURN,REG AIR,re fluffily blithel
39909-1,39909,1410,28,1,22.00,28851.02,0.09,0.03,A,F,1995-05-08,1995-04-03,1995-05-28,DELIVER IN PERSON,FOB,gainst the carefully even re
39909-2,39909,68,44,2,49.00,47434.94,0.10,0.05,A,F,1995-04-22,1995-05-15,1995-04-30,COLLECT COD,TRUCK, final deposits. quickly unusual foxes c
39909-3,39909,324,53,3,45.00,55094.40,0.09,0.07,N,O,1995-06-21,1995-04-22,1995-07-04,NONE,FOB,"nusual orbits. furious, f"
39909-4,39909,1754,81,4,30.00,49672.50,0.07,0.00,N,O,1995-06-25,1995-04-12,1995-06-29,COLLECT COD,AIR,ependencies sleep quickl
39909-5,39909,1027,33,5,19.00,17632.38,0.00,0.03,N,F,1995-06-03,1995-05-02,1995-07-03,COLLECT COD,REG AIR,d theodolites about the pend
39909-6,39909,469,99,6,7.00,9586.22,0.00,0.00,N,F,1995-06-06,1995-05-07,1995-07-03,COLLECT COD,RAIL,ld dependencies. furiousl
39910-1,39910,88,39,1,50.00,49404.00,0.10,0.01,A,F,1992-11-03,1992-10-18,1992-11-10,DELIVER IN PERSON,REG AIR,ts. pending packages among 
39910-2,39910,1107,16,2,50.00,50405.00,0.09,0.02,R,F,1992-10-16,1992-11-10,1992-10-23,TAKE BACK RETURN,REG AIR,evenly about the quickly even dependencies!
39910-3,39910,1133,42,3,42.00,43433.46,0.01,0.02,R,F,1992-10-17,1992-11-04,1992-10-25,TAKE BACK RETURN,FOB,wake quickly above the i
39910-4,39910,448,7,4,36.00,48543.84,0.10,0.02,R,F,1992-09-16,1992-10-08,1992-09-24,COLLECT COD,AIR,l deposits integrate furiously unusual
39910-5,39910,1166,3,5,14.00,14940.24,0.08,0.01,A,F,1992-09-28,1992-09-22,1992-10-09,TAKE BACK RETURN,TRUCK,as kindle furiously blithely
39911-1,39911,839,6,1,41.00,71333.03,0.07,0.07,N,O,1996-01-27,1996-03-22,1996-02-09,TAKE BACK RETURN,TRUCK,s alongside of the dolphins wake furious
39936-1,39936,1088,24,1,19.00,18792.52,0.00,0.08,N,O,1998-10-01,1998-08-14,1998-10-17,NONE,MAIL,odolites sleep slyly according
39936-2,39936,108,9,2,23.00,23186.30,0.05,0.05,N,O,1998-09-22,1998-08-17,1998-10-22,TAKE BACK RETURN,REG AIR,regular deposits. busi
39937-1,39937,420,8,1,1.00,1320.42,0.05,0.01,N,O,1995-07-10,1995-08-01,1995-08-08,COLLECT COD,FOB,ar platelets. carefull
39937-2,39937,804,38,2,41.00,69896.80,0.03,0.07,N,O,1995-08-30,1995-07-26,1995-09-14,NONE,TRUCK,"ular, final pinto beans boost flu"
39937-3,39937,1553,94,3,37.00,53818.35,0.06,0.08,N,F,1995-05-29,1995-07-31,1995-06-24,TAKE BACK RETURN,REG AIR,ding tithes sleep quickly iron
39937-4,39937,714,11,4,20.00,32294.20,0.08,0.06,A,F,1995-06-09,1995-06-23,1995-06-17,NONE,MAIL,le furiously across the sl
39937-5,39937,1100,6,5,50.00,50055.00,0.10,0.01,R,F,1995-05-25,1995-07-18,1995-05-29,NONE,RAIL,hely bold accounts. f
39937-6,39937,1776,3,6,27.00,45299.79,0.04,0.06,A,F,1995-05-26,1995-08-09,1995-06-01,COLLECT COD,SHIP,ckages-- bli
39937-7,39937,811,78,7,35.00,59913.35,0.06,0.05,N,O,1995-06-26,1995-08-20,1995-07-13,DELIVER IN PERSON,FOB,ons. deposits wake b
39938-1,39938,1411,90,1,30.00,39372.30,0.05,0.06,R,F,1992-08-03,1992-07-22,1992-08-30,NONE,SHIP,n furiously accord
39938-2,39938,161,62,2,30.00,31834.80,0.07,0.02,A,F,1992-07-08,1992-08-29,1992-07-29,NONE,RAIL,ackages about th
39938-3,39938,1966,67,3,35.00,65378.60,0.07,0.03,R,F,1992-07-12,1992-08-07,1992-07-27,NONE,FOB, fluffily unusual cou
39938-4,39938,1474,53,4,10.00,13754.70,0.06,0.08,R,F,1992-07-20,1992-08-12,1992-08-02,DELIVER IN PERSON,FOB,hins wake blithely. ironic foxes w
39939-1,39939,134,13,1,39.00,40331.07,0.07,0.02,A,F,1992-09-04,1992-10-07,1992-09-13,DELIVER IN PERSON,FOB, pains cajole ac
39939-2,39939,573,4,2,30.00,44207.10,0.03,0.01,A,F,1992-10-12,1992-10-24,1992-11-11,NONE,AIR,"y after the ironic, express packages. "
39939-3,39939,668,31,3,29.00,45491.14,0.03,0.06,R,F,1992-08-21,1992-10-08,1992-09-20,TAKE BACK RETURN,FOB,rs are. requests affix blithely
39939-4,39939,1129,66,4,40.00,41204.80,0.10,0.01,A,F,1992-10-29,1992-08-27,1992-11-16,COLLECT COD,REG AIR,gle above th
39939-5,39939,2000,89,5,24.00,21648.00,0.06,0.02,R,F,1992-09-15,1992-08-31,1992-09-16,TAKE BACK RETURN,TRUCK,blithely iron
39940-1,39940,1089,60,1,35.00,34652.80,0.10,0.06,N,O,1998-01-29,1997-12-13,1998-01-31,DELIVER IN PERSON,AIR,hely even asymptotes. pinto 
39940-2,39940,469,28,2,2.00,2738.92,0.07,0.08,N,O,1998-01-31,1998-01-04,1998-02-18,COLLECT COD,REG AIR,osits. blithely express packages haggle ca
39941-1,39941,249,31,1,6.00,6895.44,0.04,0.08,A,F,1995-01-29,1994-12-04,1995-02-15,NONE,AIR," are according to the pending, unusual ide"
39942-1,39942,1716,17,1,22.00,35589.62,0.09,0.06,A,F,1992-01-25,1992-03-19,1992-01-26,COLLECT COD,RAIL,old foxes cajole sly
39943-1,39943,214,69,1,46.00,51253.66,0.01,0.03,A,F,1992-06-17,1992-08-24,1992-07-11,COLLECT COD,RAIL,he pending pinto beans nag blithely abo
39943-2,39943,1193,94,2,17.00,18601.23,0.04,0.04,R,F,1992-09-20,1992-07-12,1992-10-03,TAKE BACK RETURN,REG AIR,pinto beans haggle quickly. ironic fo
39943-3,39943,560,91,3,14.00,20447.84,0.06,0.04,R,F,1992-08-26,1992-08-20,1992-09-19,COLLECT COD,TRUCK,ess foxes haggle quickly above the al
39943-4,39943,12,88,4,29.00,26448.29,0.01,0.07,A,F,1992-08-02,1992-08-07,1992-08-28,TAKE BACK RETURN,AIR,"e, express pinto beans "
39943-5,39943,961,96,5,33.00,61444.68,0.07,0.05,R,F,1992-09-25,1992-08-14,1992-09-27,DELIVER IN PERSON,MAIL,unts above the ironi
39943-6,39943,326,11,6,34.00,41694.88,0.06,0.07,A,F,1992-07-18,1992-08-23,1992-08-05,COLLECT COD,REG AIR,ding to the slyly even depo
39968-1,39968,1601,84,1,3.00,4507.80,0.07,0.00,N,O,1996-05-08,1996-03-27,1996-05-13,TAKE BACK RETURN,RAIL,xpress deposi
39968-2,39968,805,5,2,15.00,25587.00,0.00,0.08,N,O,1996-05-05,1996-04-02,1996-05-13,DELIVER IN PERSON,TRUCK,. furiously expres
39968-3,39968,1172,45,3,47.00,50438.99,0.09,0.07,N,O,1996-04-18,1996-04-04,1996-04-25,COLLECT COD,REG AIR, slyly final theodolite
39968-4,39968,1733,76,4,45.00,73562.85,0.04,0.04,N,O,1996-04-07,1996-02-12,1996-04-25,TAKE BACK RETURN,REG AIR,y even excuses. busily express pearls de
39968-5,39968,1669,70,5,36.00,56543.76,0.04,0.08,N,O,1996-04-04,1996-02-22,1996-04-16,COLLECT COD,REG AIR,blate ruthlessly along the ironic packages.
39968-6,39968,1356,33,6,13.00,16345.55,0.01,0.05,N,O,1996-01-10,1996-03-04,1996-01-21,NONE,TRUCK,express platelets nag among th
39969-1,39969,707,40,1,42.00,67523.40,0.05,0.07,N,O,1998-04-21,1998-02-04,1998-05-15,COLLECT COD,AIR,fully final pack
39969-2,39969,1003,39,2,24.00,21696.00,0.05,0.04,N,O,1998-04-24,1998-01-28,1998-05-20,NONE,REG AIR, haggle slyly. slyly special req
39969-3,39969,1377,54,3,32.00,40907.84,0.01,0.07,N,O,1998-02-06,1998-03-19,1998-02-12,TAKE BACK RETURN,AIR,refully along the furiously final asy
39969-4,39969,511,12,4,31.00,43756.81,0.01,0.08,N,O,1998-04-05,1998-03-07,1998-04-28,DELIVER IN PERSON,SHIP,ts cajole. fluffily even plate
39969-5,39969,356,57,5,26.00,32665.10,0.03,0.01,N,O,1998-02-22,1998-02-13,1998-03-15,NONE,TRUCK,rnis. blithely regular 
39969-6,39969,498,57,6,46.00,64330.54,0.09,0.07,N,O,1998-01-02,1998-02-11,1998-01-15,TAKE BACK RETURN,TRUCK,"wake slyly. regular, "
39970-1,39970,1439,18,1,32.00,42893.76,0.03,0.00,A,F,1994-07-13,1994-09-09,1994-07-29,NONE,REG AIR,ole furiously fluffily
39970-2,39970,1754,97,2,10.00,16557.50,0.00,0.05,R,F,1994-08-03,1994-08-26,1994-08-19,DELIVER IN PERSON,RAIL,unusual deposits-- quickl
39971-1,39971,945,14,1,17.00,31380.98,0.02,0.00,R,F,1994-01-12,1994-02-15,1994-02-03,DELIVER IN PERSON,REG AIR,r requests. final fr
39971-2,39971,508,99,2,23.00,32395.50,0.07,0.01,R,F,1994-02-09,1994-04-06,1994-02-23,COLLECT COD,RAIL, breach furiously agains
39971-3,39971,564,55,3,15.00,21968.40,0.09,0.02,A,F,1994-03-04,1994-03-31,1994-03-07,TAKE BACK RETURN,FOB,e furiously above t
39971-4,39971,712,13,4,31.00,49994.01,0.04,0.01,A,F,1994-05-09,1994-04-04,1994-05-25,DELIVER IN PERSON,MAIL,l requests. slyly final sau
39971-5,39971,1659,83,5,30.00,46819.50,0.00,0.05,R,F,1994-02-16,1994-03-30,1994-03-10,NONE,RAIL, regular sentiments kindle slyly. final 
39971-6,39971,1577,78,6,15.00,22178.55,0.03,0.06,R,F,1994-01-31,1994-03-19,1994-02-04,NONE,REG AIR,ly final deposit
39971-7,39971,422,10,7,6.00,7934.52,0.09,0.00,R,F,1994-02-17,1994-03-14,1994-03-12,NONE,RAIL,slyly ironic instructions. slyly even 
39972-1,39972,1574,55,1,3.00,4426.71,0.02,0.00,A,F,1992-12-04,1992-11-23,1993-01-01,NONE,AIR,ts. blithely silent accounts haggle qui
39972-2,39972,1663,87,2,18.00,28163.88,0.08,0.04,R,F,1992-10-14,1992-11-18,1992-10-18,NONE,TRUCK,tions. ruthlessly bold excuses against 
39972-3,39972,1686,10,3,22.00,34928.96,0.04,0.06,A,F,1992-10-08,1992-12-19,1992-10-22,DELIVER IN PERSON,FOB,nic accounts run a
39972-4,39972,1085,56,4,26.00,25638.08,0.04,0.08,A,F,1992-11-16,1992-12-17,1992-12-05,TAKE BACK RETURN,AIR, excuses. carefully final pa
39972-5,39972,184,63,5,18.00,19515.24,0.07,0.07,A,F,1993-01-06,1992-11-21,1993-01-12,COLLECT COD,FOB,lar ideas. final accounts engage caref
39972-6,39972,553,44,6,19.00,27617.45,0.01,0.03,A,F,1992-11-09,1992-12-11,1992-11-14,TAKE BACK RETURN,RAIL,carefully. quickly pending deposits 
39973-1,39973,731,96,1,35.00,57110.55,0.06,0.00,N,O,1997-12-17,1998-01-13,1998-01-15,DELIVER IN PERSON,SHIP,n packages: carefully regular idea
39973-2,39973,986,89,2,39.00,73592.22,0.04,0.03,N,O,1998-01-12,1998-01-05,1998-02-10,TAKE BACK RETURN,MAIL,y express c
39973-3,39973,979,82,3,19.00,35719.43,0.07,0.02,N,O,1998-02-10,1997-12-23,1998-02-17,TAKE BACK RETURN,FOB,eposits. fluffily even requ
39973-4,39973,892,92,4,40.00,71715.60,0.06,0.01,N,O,1998-02-27,1998-01-14,1998-02-28,DELIVER IN PERSON,RAIL,osits. Tiresias use carefully account
39973-5,39973,126,5,5,32.00,32835.84,0.04,0.07,N,O,1998-01-26,1998-01-16,1998-02-17,COLLECT COD,SHIP,totes. carefully final
39973-6,39973,1800,85,6,19.00,32334.20,0.07,0.04,N,O,1997-11-21,1998-01-28,1997-11-29,NONE,SHIP,"; regular, ironic de"
39974-1,39974,405,93,1,47.00,61353.80,0.01,0.03,N,O,1996-05-25,1996-06-16,1996-05-28,NONE,AIR,l dependencies breach furiously. ir
39974-2,39974,1922,11,2,47.00,85724.24,0.02,0.06,N,O,1996-05-19,1996-07-21,1996-05-21,NONE,MAIL, unusual accounts are closely
39974-3,39974,410,98,3,14.00,18345.74,0.05,0.01,N,O,1996-08-14,1996-07-23,1996-09-11,DELIVER IN PERSON,TRUCK,usly above the dependen
39974-4,39974,351,52,4,9.00,11262.15,0.10,0.06,N,O,1996-06-24,1996-07-09,1996-06-28,DELIVER IN PERSON,TRUCK,refully ironic theodolites along th
39975-1,39975,719,16,1,10.00,16197.10,0.03,0.06,N,O,1998-07-22,1998-08-19,1998-08-09,COLLECT COD,TRUCK,t within the pending ideas
39975-2,39975,74,75,2,22.00,21429.54,0.08,0.03,N,O,1998-07-14,1998-09-06,1998-07-29,DELIVER IN PERSON,TRUCK,are from the theodolite
39975-3,39975,898,99,3,36.00,64760.04,0.05,0.02,N,O,1998-10-17,1998-08-05,1998-11-15,COLLECT COD,RAIL,deposits. unu
39975-4,39975,1913,2,4,29.00,52632.39,0.02,0.06,N,O,1998-10-26,1998-08-18,1998-10-29,DELIVER IN PERSON,TRUCK,lar theodolites. slyly ironic 
39975-5,39975,1169,70,5,38.00,40666.08,0.06,0.06,N,O,1998-09-09,1998-09-04,1998-10-09,DELIVER IN PERSON,TRUCK,arefully quiet platelets a
39975-6,39975,1388,65,6,3.00,3868.14,0.00,0.05,N,O,1998-07-04,1998-08-24,1998-07-22,NONE,AIR,iously among the even plat
40000-1,40000,1612,36,1,50.00,75680.50,0.08,0.01,A,F,1995-02-11,1995-03-29,1995-03-07,NONE,TRUCK,d according to 
40000-2,40000,927,28,2,20.00,36558.40,0.08,0.07,R,F,1995-03-25,1995-03-27,1995-03-30,DELIVER IN PERSON,TRUCK,ely ironic requests are slyly slyly fina
40001-1,40001,1961,62,1,24.00,44711.04,0.04,0.02,N,F,1995-05-28,1995-04-25,1995-06-19,NONE,FOB,ls sleep slyly even requests. furiously bo
40001-2,40001,647,48,2,32.00,49524.48,0.01,0.01,A,F,1995-05-05,1995-04-08,1995-06-01,NONE,RAIL,g theodolites print across the
40001-3,40001,1335,74,3,15.00,18544.95,0.06,0.07,R,F,1995-04-13,1995-05-16,1995-05-07,TAKE BACK RETURN,SHIP,encies cajole carefully final packages. sl
40002-1,40002,1567,8,1,33.00,48462.48,0.06,0.02,A,F,1994-02-26,1994-02-02,1994-03-21,TAKE BACK RETURN,TRUCK,jole slyly regular acc
40003-1,40003,1256,68,1,4.00,4629.00,0.04,0.00,A,F,1994-03-16,1994-05-15,1994-03-27,DELIVER IN PERSON,RAIL," deposits. ironic, fin"
40003-2,40003,1023,94,2,50.00,46201.00,0.05,0.03,R,F,1994-06-29,1994-05-27,1994-07-07,COLLECT COD,FOB,the unusual dependenci
40003-3,40003,23,24,3,23.00,21229.46,0.00,0.05,R,F,1994-03-19,1994-05-22,1994-03-31,COLLECT COD,AIR,ly special packages-- pending p
40003-4,40003,126,79,4,30.00,30783.60,0.02,0.05,A,F,1994-06-12,1994-05-25,1994-06-26,COLLECT COD,REG AIR,kages. slyly ironic excuses pr
40003-5,40003,1873,60,5,48.00,85193.76,0.05,0.06,R,F,1994-04-20,1994-05-17,1994-05-20,TAKE BACK RETURN,MAIL,nwind furiously around the busily regula
40003-6,40003,107,8,6,18.00,18127.80,0.06,0.07,A,F,1994-04-20,1994-05-02,1994-05-07,COLLECT COD,FOB, furiously bold accounts. furiously even de
40003-7,40003,96,97,7,20.00,19921.80,0.06,0.02,R,F,1994-05-21,1994-04-13,1994-06-02,COLLECT COD,TRUCK,slyly against the regular a
40004-1,40004,433,34,1,30.00,40002.90,0.01,0.04,N,O,1997-05-11,1997-05-12,1997-06-06,COLLECT COD,TRUCK,"mong the bold, final r"
40004-2,40004,1370,47,2,47.00,59754.39,0.03,0.06,N,O,1997-06-15,1997-05-14,1997-07-01,COLLECT COD,AIR,equests. blithely unusual requests
40005-1,40005,854,55,1,23.00,40361.55,0.05,0.03,R,F,1993-08-19,1993-09-04,1993-09-11,TAKE BACK RETURN,RAIL, the slyly s
40005-2,40005,229,11,2,13.00,14679.86,0.08,0.03,A,F,1993-09-28,1993-09-26,1993-10-12,COLLECT COD,REG AIR,uests. carefully
40005-3,40005,814,15,3,5.00,8574.05,0.05,0.02,R,F,1993-09-17,1993-09-12,1993-09-23,DELIVER IN PERSON,RAIL,iously pend
40005-4,40005,332,17,4,39.00,48060.87,0.04,0.02,R,F,1993-11-05,1993-08-26,1993-11-30,NONE,FOB,ackages. blithely even accounts are car
40005-5,40005,1854,41,5,1.00,1755.85,0.04,0.02,R,F,1993-11-17,1993-08-27,1993-12-12,NONE,FOB,quickly final platelets. quickl
40006-1,40006,1230,31,1,34.00,38461.82,0.09,0.04,A,F,1994-09-26,1994-08-23,1994-10-17,COLLECT COD,SHIP,ve the carefully express dependenci
40006-2,40006,1839,26,2,6.00,10444.98,0.06,0.03,A,F,1994-10-15,1994-07-22,1994-10-29,NONE,RAIL,requests boost fluffily
40007-1,40007,1692,75,1,30.00,47810.70,0.07,0.06,R,F,1992-11-24,1992-10-09,1992-12-10,COLLECT COD,SHIP,. fluffily unusual reques
40007-2,40007,1656,80,2,15.00,23364.75,0.04,0.06,R,F,1992-12-01,1992-10-28,1992-12-29,COLLECT COD,SHIP, carefully final foxes. carefully f
40007-3,40007,1944,33,3,6.00,11075.64,0.09,0.04,A,F,1992-09-10,1992-11-21,1992-09-21,TAKE BACK RETURN,RAIL,usly even deposits alongside of the spe
40007-4,40007,188,89,4,47.00,51144.46,0.10,0.05,A,F,1992-09-06,1992-11-23,1992-09-15,TAKE BACK RETURN,MAIL,ironic pac
40032-1,40032,1437,77,1,8.00,10707.44,0.09,0.06,A,F,1993-02-13,1993-01-10,1993-02-19,NONE,REG AIR,uriously regular reques
40032-2,40032,1618,60,2,27.00,41029.47,0.04,0.03,R,F,1993-01-09,1993-02-06,1993-02-06,COLLECT COD,RAIL,ests. final 
40032-3,40032,1544,85,3,37.00,53484.98,0.08,0.00,R,F,1992-12-11,1993-02-01,1993-01-02,TAKE BACK RETURN,MAIL,y regular deposits. fluffi
40032-4,40032,1034,70,4,14.00,13090.42,0.02,0.08,R,F,1993-01-21,1993-02-10,1993-02-19,COLLECT COD,TRUCK,ly. blithely
40032-5,40032,306,63,5,34.00,41014.20,0.05,0.07,A,F,1992-12-10,1993-02-04,1992-12-25,COLLECT COD,RAIL, requests. bold pinto beans sleep. eve
40032-6,40032,1710,53,6,49.00,78973.79,0.07,0.07,R,F,1992-12-08,1993-01-31,1993-01-01,NONE,REG AIR,uests. even acco
40032-7,40032,1211,12,7,6.00,6673.26,0.01,0.01,A,F,1993-02-12,1993-01-27,1993-02-13,TAKE BACK RETURN,MAIL,e quickly furiously even ideas. furiously 
40033-1,40033,250,32,1,15.00,17253.75,0.02,0.04,A,F,1994-01-28,1994-03-09,1994-02-25,TAKE BACK RETURN,REG AIR, ironic accounts nag ab
40034-1,40034,1660,84,1,36.00,56219.76,0.04,0.01,A,F,1995-05-25,1995-04-12,1995-06-08,COLLECT COD,REG AIR,al accounts; special requests cajol
40034-2,40034,898,65,2,5.00,8994.45,0.05,0.06,R,F,1995-04-12,1995-04-15,1995-04-17,DELIVER IN PERSON,TRUCK,s boost. stealthily e
40034-3,40034,1871,1,3,21.00,37230.27,0.03,0.03,R,F,1995-03-17,1995-05-10,1995-04-07,TAKE BACK RETURN,REG AIR,he silent excuses: f
40035-1,40035,1931,76,1,9.00,16496.37,0.01,0.03,N,O,1996-06-06,1996-05-29,1996-06-07,DELIVER IN PERSON,MAIL,press ideas use blithely along the req
40035-2,40035,812,79,2,44.00,75363.64,0.05,0.04,N,O,1996-06-28,1996-04-25,1996-07-04,TAKE BACK RETURN,SHIP,le carefull
40035-3,40035,1430,31,3,47.00,62577.21,0.10,0.00,N,O,1996-03-22,1996-06-13,1996-04-20,TAKE BACK RETURN,AIR,"egular, final idea"
40035-4,40035,948,83,4,15.00,27734.10,0.03,0.01,N,O,1996-05-24,1996-05-18,1996-06-03,COLLECT COD,AIR, even pinto 
40036-1,40036,1564,65,1,30.00,43966.80,0.02,0.00,R,F,1993-09-06,1993-08-27,1993-10-03,DELIVER IN PERSON,TRUCK,ly bold theodolites. dolphins print
40036-2,40036,1782,9,2,48.00,80821.44,0.10,0.08,R,F,1993-08-22,1993-07-19,1993-09-05,TAKE BACK RETURN,AIR,ckages wake alon
40036-3,40036,738,71,3,16.00,26219.68,0.08,0.06,A,F,1993-07-12,1993-08-02,1993-07-22,TAKE BACK RETURN,MAIL,lent accounts are. steal
40036-4,40036,36,37,4,6.00,5616.18,0.03,0.07,R,F,1993-07-22,1993-08-22,1993-07-23,DELIVER IN PERSON,FOB,its. regular d
40036-5,40036,513,44,5,24.00,33924.24,0.04,0.07,R,F,1993-08-20,1993-07-19,1993-09-11,NONE,RAIL, slyly regular somas. carefully special
40037-1,40037,1212,87,1,40.00,44528.40,0.06,0.04,R,F,1993-08-15,1993-07-08,1993-08-18,DELIVER IN PERSON,FOB,ths boost furiously 
40038-1,40038,117,18,1,19.00,19325.09,0.03,0.08,N,O,1998-10-20,1998-09-25,1998-11-03,NONE,TRUCK,rding to the pending theodolites sleep ca
40038-2,40038,1378,17,2,42.00,53733.54,0.00,0.04,N,O,1998-09-12,1998-09-10,1998-09-18,TAKE BACK RETURN,REG AIR,into beans cajole--
40038-3,40038,571,32,3,39.00,57391.23,0.09,0.00,N,O,1998-08-18,1998-10-04,1998-09-13,DELIVER IN PERSON,MAIL,quickly final
40039-1,40039,483,84,1,35.00,48421.80,0.04,0.03,R,F,1995-04-10,1995-02-19,1995-04-12,COLLECT COD,MAIL,nto beans are
40039-2,40039,1082,83,2,7.00,6881.56,0.05,0.08,R,F,1994-12-17,1995-01-29,1994-12-29,NONE,REG AIR,ncies; slyly regular pac
40064-1,40064,1449,50,1,3.00,4051.32,0.09,0.07,N,O,1997-07-25,1997-08-17,1997-08-06,COLLECT COD,AIR,l theodolites could have to haggle sl
40064-2,40064,409,10,2,49.00,64160.60,0.09,0.08,N,O,1997-08-31,1997-08-18,1997-09-04,TAKE BACK RETURN,RAIL,fily special accounts. pending pac
40065-1,40065,1136,73,1,5.00,5185.65,0.06,0.06,R,F,1992-02-24,1992-05-18,1992-03-06,TAKE BACK RETURN,AIR,n accounts after the regular 
40065-2,40065,822,23,2,17.00,29287.94,0.05,0.01,R,F,1992-03-26,1992-04-28,1992-03-29,TAKE BACK RETURN,MAIL,es. slyly final ins
40065-3,40065,1598,39,3,4.00,5998.36,0.02,0.06,A,F,1992-03-12,1992-03-27,1992-04-07,NONE,MAIL,uffily final asymptotes are accor
40065-4,40065,1396,11,4,34.00,44111.26,0.10,0.02,A,F,1992-04-29,1992-05-13,1992-05-02,TAKE BACK RETURN,FOB, integrate even excus
40065-5,40065,193,94,5,11.00,12025.09,0.07,0.04,A,F,1992-06-07,1992-04-06,1992-06-09,DELIVER IN PERSON,RAIL,the furiously pending ac
40065-6,40065,1435,75,6,43.00,57466.49,0.00,0.08,A,F,1992-04-06,1992-04-29,1992-04-08,DELIVER IN PERSON,MAIL,y furiously ir
40065-7,40065,935,70,7,49.00,89960.57,0.05,0.06,A,F,1992-05-04,1992-03-22,1992-05-06,COLLECT COD,TRUCK,usual requests. furiously pending acco
40066-1,40066,381,38,1,13.00,16657.94,0.00,0.04,N,O,1997-12-17,1997-10-26,1998-01-10,NONE,SHIP,ar ideas. blithely unusual platelets wake s
40066-2,40066,1979,68,2,26.00,48905.22,0.04,0.01,N,O,1997-11-17,1997-11-15,1997-11-22,COLLECT COD,MAIL, quickly regularly silent foxes.
40066-3,40066,1675,99,3,6.00,9460.02,0.06,0.07,N,O,1997-11-11,1997-10-10,1997-11-18,TAKE BACK RETURN,TRUCK,ular ideas
40066-4,40066,1141,42,4,16.00,16674.24,0.01,0.03,N,O,1997-10-09,1997-10-12,1997-10-27,COLLECT COD,TRUCK,ake quickly regular hockey players. flu
40066-5,40066,941,76,5,3.00,5525.82,0.08,0.00,N,O,1997-09-22,1997-11-14,1997-10-16,NONE,RAIL,"uickly against the special, sile"
40066-6,40066,626,20,6,12.00,18319.44,0.00,0.00,N,O,1997-09-08,1997-09-22,1997-09-30,TAKE BACK RETURN,TRUCK,"ess, regular fre"
40067-1,40067,312,41,1,31.00,37581.61,0.01,0.04,R,F,1992-06-14,1992-05-15,1992-06-22,TAKE BACK RETURN,SHIP,"fter the accounts. even, special de"
40067-2,40067,1360,99,2,26.00,32795.36,0.06,0.03,R,F,1992-05-17,1992-04-09,1992-06-11,TAKE BACK RETURN,MAIL, requests about th
40067-3,40067,152,79,3,44.00,46294.60,0.03,0.03,R,F,1992-06-01,1992-05-10,1992-06-21,COLLECT COD,REG AIR,dolphins. asy
40068-1,40068,1936,37,1,6.00,11027.58,0.02,0.04,A,F,1993-06-27,1993-05-25,1993-07-09,NONE,RAIL,thely slyly pendi
40068-2,40068,1502,3,2,8.00,11228.00,0.05,0.00,A,F,1993-05-17,1993-06-29,1993-06-09,NONE,AIR, dependencies poa
40068-3,40068,232,60,3,1.00,1132.23,0.09,0.03,R,F,1993-07-21,1993-07-02,1993-08-05,TAKE BACK RETURN,SHIP,ajole blithely. qu
40068-4,40068,1016,22,4,20.00,18340.20,0.05,0.07,A,F,1993-07-24,1993-06-22,1993-08-12,TAKE BACK RETURN,FOB,ffily regular foxes det
40068-5,40068,1950,51,5,37.00,68522.15,0.09,0.07,A,F,1993-07-27,1993-06-08,1993-08-01,DELIVER IN PERSON,FOB,riously unusual requests wake carefully al
40068-6,40068,866,66,6,5.00,8834.30,0.09,0.05,R,F,1993-05-11,1993-05-27,1993-05-29,DELIVER IN PERSON,REG AIR,ly bold pinto beans af
40069-1,40069,1538,19,1,23.00,33109.19,0.09,0.08,N,O,1996-10-20,1996-10-05,1996-11-14,COLLECT COD,TRUCK,s above the slyly express requests doze
40069-2,40069,1072,43,2,9.00,8757.63,0.02,0.00,N,O,1996-12-11,1996-10-24,1997-01-02,TAKE BACK RETURN,MAIL,sly slyly ironic foxes. bold requests wake.
40069-3,40069,655,18,3,3.00,4666.95,0.08,0.05,N,O,1996-09-06,1996-11-16,1996-09-25,DELIVER IN PERSON,REG AIR,along the daringly even accounts. slyly ev
40069-4,40069,1757,84,4,24.00,39810.00,0.00,0.02,N,O,1996-12-21,1996-10-25,1997-01-18,NONE,SHIP,l accounts wake among the slyly 
40069-5,40069,502,3,5,46.00,64515.00,0.09,0.07,N,O,1996-09-23,1996-10-24,1996-10-14,NONE,AIR,ag carefully. flu
40070-1,40070,1434,35,1,41.00,54752.63,0.08,0.08,N,O,1996-12-21,1996-10-21,1996-12-25,COLLECT COD,AIR,kly bold platelets--
40071-1,40071,1934,23,1,19.00,34882.67,0.06,0.03,N,O,1998-10-06,1998-09-03,1998-10-15,DELIVER IN PERSON,FOB,s wake blithely. regul
40071-2,40071,1510,51,2,11.00,15526.61,0.09,0.01,N,O,1998-07-21,1998-09-06,1998-07-30,NONE,RAIL,r frets wake slyly silent asymptotes. care
40071-3,40071,1535,76,3,47.00,67516.91,0.10,0.01,N,O,1998-09-27,1998-08-02,1998-10-08,DELIVER IN PERSON,FOB,ss requests 
40096-1,40096,1468,86,1,15.00,20541.90,0.10,0.03,N,O,1996-01-25,1995-12-24,1996-02-01,TAKE BACK RETURN,SHIP,gle at the slyly 
40096-2,40096,425,55,2,30.00,39762.60,0.02,0.08,N,O,1995-11-27,1996-01-30,1995-12-27,DELIVER IN PERSON,SHIP,ffily final instructions shall ha
40097-1,40097,1393,8,1,34.00,44009.26,0.06,0.02,A,F,1994-01-27,1994-03-06,1994-01-28,NONE,AIR,en ideas. carefully even pac
40097-2,40097,102,81,2,12.00,12025.20,0.01,0.02,R,F,1994-04-17,1994-02-10,1994-04-24,DELIVER IN PERSON,FOB,rash furiously s
40097-3,40097,1013,19,3,16.00,14624.16,0.03,0.07,R,F,1994-04-01,1994-04-02,1994-04-28,COLLECT COD,FOB, regular p
40097-4,40097,1156,65,4,17.00,17971.55,0.07,0.03,R,F,1994-04-11,1994-03-16,1994-05-09,NONE,FOB, regular de
40097-5,40097,884,84,5,46.00,82104.48,0.08,0.01,R,F,1994-03-09,1994-03-05,1994-03-27,NONE,SHIP,l instructions nag according to the regular
40098-1,40098,766,99,1,41.00,68337.16,0.10,0.06,R,F,1992-04-16,1992-03-27,1992-04-19,TAKE BACK RETURN,AIR,ar instructions wake carefully. express f
40098-2,40098,1973,18,2,46.00,86248.62,0.01,0.04,A,F,1992-05-17,1992-04-13,1992-06-12,COLLECT COD,AIR,coys; slyly regular pa
40098-3,40098,292,47,3,29.00,34576.41,0.08,0.05,R,F,1992-04-24,1992-04-23,1992-05-08,COLLECT COD,RAIL,ore the furiou
40098-4,40098,1847,77,4,4.00,6995.36,0.02,0.03,A,F,1992-03-06,1992-04-27,1992-04-05,TAKE BACK RETURN,RAIL,"ans. bold, express pinto beans ac"
40098-5,40098,1638,21,5,10.00,15396.30,0.01,0.05,R,F,1992-04-01,1992-04-14,1992-04-11,NONE,SHIP,lithely. furiously special requests
40099-1,40099,1057,93,1,20.00,19161.00,0.05,0.00,N,O,1998-09-10,1998-08-04,1998-10-02,COLLECT COD,FOB,oxes. furiously even dependencies haggle af
40099-2,40099,1544,25,2,21.00,30356.34,0.04,0.06,N,O,1998-08-21,1998-07-15,1998-09-14,DELIVER IN PERSON,FOB,equests are slyly along the blithel
40099-3,40099,943,78,3,22.00,40566.68,0.10,0.06,N,O,1998-06-29,1998-07-17,1998-07-03,TAKE BACK RETURN,SHIP,eans maintain blithely under the express 
40099-4,40099,531,22,4,12.00,17178.36,0.06,0.01,N,O,1998-08-28,1998-07-12,1998-09-07,DELIVER IN PERSON,AIR,about the iro
40100-1,40100,704,37,1,21.00,33698.70,0.00,0.06,R,F,1992-03-24,1992-03-11,1992-04-01,NONE,RAIL,lyly. platelets after the speci
40100-2,40100,1547,88,2,4.00,5794.16,0.07,0.07,R,F,1992-03-13,1992-03-23,1992-04-01,NONE,RAIL,counts. ironic theodolites cajole carefu
40100-3,40100,1827,57,3,33.00,57051.06,0.01,0.00,R,F,1992-04-27,1992-04-02,1992-05-09,DELIVER IN PERSON,TRUCK, final deposits mold
40100-4,40100,1277,52,4,29.00,34169.83,0.04,0.03,A,F,1992-03-09,1992-04-29,1992-03-20,NONE,SHIP,tions cajole fluffily. 
40100-5,40100,1794,21,5,41.00,69527.39,0.08,0.08,R,F,1992-03-24,1992-04-24,1992-04-17,DELIVER IN PERSON,REG AIR,ly even platelets sleep. requests
40100-6,40100,1931,32,6,37.00,67818.41,0.05,0.01,A,F,1992-02-25,1992-03-16,1992-03-08,TAKE BACK RETURN,FOB,the quickly final ideas
40101-1,40101,1712,13,1,31.00,50025.01,0.03,0.03,R,F,1994-05-03,1994-04-06,1994-05-09,COLLECT COD,TRUCK,ake carefull
40101-2,40101,1525,66,2,3.00,4279.56,0.05,0.06,R,F,1994-02-24,1994-04-11,1994-03-16,TAKE BACK RETURN,TRUCK,uests integrate after the 
40102-1,40102,698,30,1,46.00,73539.74,0.04,0.01,R,F,1995-02-27,1995-03-26,1995-03-28,COLLECT COD,FOB,as sleep slyly against the p
40102-2,40102,414,15,2,34.00,44689.94,0.07,0.00,A,F,1995-05-26,1995-04-24,1995-06-17,NONE,MAIL,ut the carefully final packages ha
40103-1,40103,731,28,1,39.00,63637.47,0.03,0.00,R,F,1993-11-03,1993-11-02,1993-11-05,DELIVER IN PERSON,FOB,cies alongs
40128-1,40128,1487,66,1,14.00,19438.72,0.01,0.03,A,F,1994-03-31,1994-03-30,1994-04-15,NONE,TRUCK,the furiously final 
40128-2,40128,1448,88,2,13.00,17542.72,0.06,0.00,R,F,1994-02-26,1994-04-03,1994-03-15,TAKE BACK RETURN,TRUCK,ously ironic accounts haggle furi
40128-3,40128,1392,7,3,21.00,27161.19,0.09,0.08,R,F,1994-03-09,1994-04-07,1994-04-05,COLLECT COD,RAIL,"l, ironic depend"
40128-4,40128,119,46,4,29.00,29554.19,0.08,0.03,A,F,1994-06-04,1994-05-01,1994-06-11,COLLECT COD,FOB,special packages across the slowly fi
40128-5,40128,1981,14,5,10.00,18829.80,0.10,0.04,R,F,1994-03-28,1994-03-27,1994-04-27,NONE,MAIL,ructions. daring
40128-6,40128,521,12,6,22.00,31273.44,0.07,0.08,R,F,1994-04-30,1994-03-30,1994-05-30,NONE,MAIL, even deposits affix carefully
40128-7,40128,1104,13,7,24.00,24122.40,0.06,0.04,A,F,1994-05-09,1994-04-11,1994-05-18,TAKE BACK RETURN,FOB,ly along the carefully
40129-1,40129,704,1,1,22.00,35303.40,0.05,0.01,N,O,1997-08-15,1997-08-21,1997-08-22,DELIVER IN PERSON,TRUCK,s. blithely pending dependen
40129-2,40129,830,64,2,14.00,24231.62,0.10,0.08,N,O,1997-08-21,1997-08-10,1997-09-09,DELIVER IN PERSON,MAIL,"old platelets. regular, ironic "
40129-3,40129,1879,9,3,16.00,28493.92,0.09,0.03,N,O,1997-07-31,1997-09-03,1997-08-06,COLLECT COD,TRUCK,even ideas integrate furiously. re
40130-1,40130,765,62,1,16.00,26652.16,0.06,0.04,N,O,1997-12-06,1997-11-17,1997-12-27,DELIVER IN PERSON,MAIL,etly carefu
40130-2,40130,45,46,2,6.00,5670.24,0.01,0.04,N,O,1997-10-17,1997-11-08,1997-11-04,COLLECT COD,MAIL,ep carefully. pinto beans hagg
40130-3,40130,218,100,3,27.00,30191.67,0.02,0.03,N,O,1997-09-24,1997-11-20,1997-10-12,DELIVER IN PERSON,REG AIR,foxes. regular ideas abov
40131-1,40131,108,35,1,35.00,35283.50,0.08,0.01,R,F,1992-05-18,1992-07-15,1992-06-07,TAKE BACK RETURN,REG AIR,usly pending accounts eat carefully
40132-1,40132,893,27,1,45.00,80725.05,0.00,0.05,R,F,1992-03-15,1992-04-17,1992-03-23,NONE,TRUCK,oxes sleep fluffily about the 
40132-2,40132,1980,81,2,43.00,80925.14,0.06,0.01,A,F,1992-06-18,1992-04-02,1992-06-28,COLLECT COD,RAIL," busy, express accounts breach fur"
40132-3,40132,1064,100,3,29.00,27986.74,0.06,0.05,A,F,1992-06-03,1992-04-27,1992-06-18,COLLECT COD,TRUCK,ess theodolites cajole. slyly special re
40132-4,40132,391,20,4,21.00,27119.19,0.04,0.02,R,F,1992-03-06,1992-04-14,1992-03-15,TAKE BACK RETURN,FOB,oost carefully slowly specia
40132-5,40132,1432,50,5,42.00,56004.06,0.06,0.05,A,F,1992-03-30,1992-05-23,1992-04-10,NONE,REG AIR,ix. carefully special requests above 
40132-6,40132,1854,41,6,24.00,42140.40,0.01,0.04,R,F,1992-06-19,1992-04-12,1992-07-10,NONE,TRUCK,"about the silent, special depths."
40132-7,40132,864,31,7,38.00,67064.68,0.07,0.08,R,F,1992-02-27,1992-03-30,1992-02-28,DELIVER IN PERSON,FOB, final theodolites imp
40133-1,40133,411,12,1,16.00,20982.56,0.04,0.01,A,F,1993-10-08,1993-09-30,1993-10-17,COLLECT COD,FOB,"lets-- express, final instructions "
40133-2,40133,42,93,2,29.00,27319.16,0.05,0.06,R,F,1993-09-03,1993-09-21,1993-09-05,TAKE BACK RETURN,AIR,s cajole slyly ca
40133-3,40133,591,52,3,44.00,65629.96,0.04,0.07,R,F,1993-09-05,1993-09-18,1993-09-23,COLLECT COD,SHIP,counts maintain regular pac
40134-1,40134,1195,68,1,5.00,5480.95,0.00,0.05,N,O,1995-10-24,1995-11-23,1995-11-02,TAKE BACK RETURN,AIR,pecial deposits. carefully bold pa
40134-2,40134,1989,22,2,14.00,26473.72,0.02,0.02,N,O,1996-01-12,1995-12-23,1996-02-10,DELIVER IN PERSON,RAIL, busy packages nag slyly. express instructi
40134-3,40134,657,89,3,4.00,6230.60,0.02,0.04,N,O,1996-01-15,1995-12-05,1996-02-08,NONE,AIR, pinto beans
40135-1,40135,1412,52,1,33.00,43342.53,0.03,0.04,R,F,1994-11-09,1994-10-14,1994-12-05,DELIVER IN PERSON,REG AIR,"se furiously after the special, s"
40135-2,40135,841,42,2,29.00,50513.36,0.06,0.06,R,F,1994-10-05,1994-12-02,1994-11-03,TAKE BACK RETURN,RAIL,ackages cajole slyly
40160-1,40160,1394,9,1,32.00,41452.48,0.01,0.06,R,F,1994-12-13,1995-01-08,1994-12-24,DELIVER IN PERSON,REG AIR,beans: Tiresias haggle furiously ruthles
40160-2,40160,1621,4,2,17.00,25884.54,0.06,0.06,A,F,1995-01-14,1994-11-16,1995-02-09,TAKE BACK RETURN,TRUCK,r accounts use. slyly ironic multipliers b
40160-3,40160,1363,40,3,48.00,60689.28,0.10,0.00,R,F,1994-12-30,1994-12-16,1995-01-06,COLLECT COD,SHIP,accounts sleep fl
40161-1,40161,1004,5,1,3.00,2715.00,0.10,0.08,N,O,1997-10-05,1997-11-04,1997-10-22,NONE,TRUCK,counts nag carefully regular accounts. regu
40161-2,40161,1642,25,2,27.00,41678.28,0.06,0.00,N,O,1997-08-16,1997-10-14,1997-08-24,COLLECT COD,SHIP,y use blithely final foxe
40161-3,40161,584,45,3,37.00,54929.46,0.04,0.05,N,O,1997-11-01,1997-10-10,1997-11-04,TAKE BACK RETURN,RAIL,lyly express theodolit
40161-4,40161,1366,43,4,17.00,21545.12,0.04,0.05,N,O,1997-11-05,1997-09-19,1997-11-26,DELIVER IN PERSON,AIR,frets print carefully around the 
40161-5,40161,1382,97,5,18.00,23100.84,0.07,0.02,N,O,1997-08-15,1997-10-19,1997-08-31,NONE,TRUCK,rding to the slowly sly 
40162-1,40162,1140,13,1,25.00,26028.50,0.09,0.00,R,F,1993-03-28,1993-03-26,1993-04-08,COLLECT COD,SHIP, beans. fluffily ironic courts sublate? b
40162-2,40162,1686,87,2,6.00,9526.08,0.02,0.01,R,F,1993-03-19,1993-04-13,1993-04-06,TAKE BACK RETURN,TRUCK,atelets past the quiet rea
40163-1,40163,1539,80,1,34.00,48978.02,0.08,0.07,N,O,1996-10-09,1996-07-29,1996-10-12,COLLECT COD,REG AIR,ironic excuses? slyly ex
40164-1,40164,1218,56,1,24.00,26861.04,0.06,0.02,A,F,1993-06-10,1993-06-18,1993-06-23,TAKE BACK RETURN,MAIL, use quickly above the ironic pint
40164-2,40164,769,66,2,35.00,58441.60,0.03,0.02,R,F,1993-04-17,1993-07-03,1993-05-05,NONE,SHIP, instruction
40164-3,40164,540,41,3,34.00,48978.36,0.01,0.00,R,F,1993-04-30,1993-06-30,1993-05-07,TAKE BACK RETURN,TRUCK,o beans. carefully unusual accounts wake. b
40164-4,40164,154,7,4,50.00,52707.50,0.09,0.03,A,F,1993-06-28,1993-06-15,1993-06-29,TAKE BACK RETURN,RAIL,es. furiously ironic accoun
40164-5,40164,996,97,5,7.00,13278.93,0.05,0.00,R,F,1993-05-02,1993-06-08,1993-05-06,COLLECT COD,REG AIR, cajole. slyly final pinto bea
40164-6,40164,660,54,6,34.00,53062.44,0.08,0.00,R,F,1993-07-09,1993-06-05,1993-08-05,NONE,MAIL,carefully express packages wake furiousl
40164-7,40164,1093,29,7,49.00,48710.41,0.04,0.01,A,F,1993-04-27,1993-05-31,1993-05-12,NONE,REG AIR,es affix. slyly bol
40165-1,40165,724,57,1,49.00,79611.28,0.03,0.02,N,F,1995-06-07,1995-05-17,1995-06-28,TAKE BACK RETURN,TRUCK,ons affix carefu
40165-2,40165,1353,30,2,11.00,13797.85,0.08,0.01,N,O,1995-06-29,1995-04-04,1995-07-22,NONE,FOB,instructions? carefully even reques
40166-1,40166,1529,10,1,9.00,12874.68,0.03,0.07,N,O,1998-07-05,1998-05-03,1998-07-12,COLLECT COD,AIR,refully special pack
40166-2,40166,1559,40,2,19.00,27750.45,0.07,0.03,N,O,1998-06-05,1998-04-23,1998-07-05,NONE,FOB,kly final deposits are
40166-3,40166,1333,10,3,12.00,14811.96,0.00,0.05,N,O,1998-05-13,1998-04-29,1998-06-12,DELIVER IN PERSON,FOB,grate quickly. carefully i
40166-4,40166,74,100,4,15.00,14611.05,0.01,0.01,N,O,1998-05-19,1998-05-31,1998-05-22,TAKE BACK RETURN,MAIL," deposits. ironic,"
40167-1,40167,144,45,1,22.00,22971.08,0.04,0.04,R,F,1992-12-25,1992-11-16,1993-01-13,COLLECT COD,FOB,he carefully regular pack
40167-2,40167,1893,37,2,29.00,52051.81,0.09,0.00,A,F,1992-12-07,1992-12-15,1992-12-25,TAKE BACK RETURN,AIR,eans are bli
40167-3,40167,505,96,3,8.00,11244.00,0.02,0.06,A,F,1992-11-11,1992-11-30,1992-11-14,TAKE BACK RETURN,FOB,ss dolphins. pending requests slee
40167-4,40167,631,25,4,33.00,50543.79,0.02,0.01,A,F,1992-10-20,1992-12-15,1992-11-19,COLLECT COD,AIR,are. furiously regular excuses s
40167-5,40167,188,41,5,18.00,19587.24,0.02,0.03,R,F,1992-12-12,1992-12-06,1993-01-06,DELIVER IN PERSON,FOB,"eep bold, "
40192-1,40192,1998,43,1,1.00,1899.99,0.04,0.03,N,O,1998-08-09,1998-09-23,1998-08-18,TAKE BACK RETURN,REG AIR,out the furious
40192-2,40192,480,10,2,47.00,64882.56,0.10,0.07,N,O,1998-11-05,1998-09-20,1998-11-22,DELIVER IN PERSON,FOB,sly carefully regul
40192-3,40192,909,78,3,7.00,12669.30,0.05,0.05,N,O,1998-10-09,1998-10-10,1998-10-11,NONE,RAIL,nusual packages abov
40192-4,40192,1954,99,4,3.00,5567.85,0.10,0.07,N,O,1998-09-20,1998-10-09,1998-09-28,DELIVER IN PERSON,AIR,y ironic instructions. slyly ironic foxes 
40192-5,40192,527,28,5,49.00,69948.48,0.09,0.07,N,O,1998-07-31,1998-10-02,1998-08-12,COLLECT COD,FOB,"lar, final forges. pending, regular"
40192-6,40192,190,17,6,30.00,32705.70,0.09,0.03,N,O,1998-10-21,1998-08-30,1998-11-06,NONE,FOB,mptotes. c
40192-7,40192,347,4,7,49.00,61119.66,0.05,0.02,N,O,1998-11-01,1998-09-01,1998-11-02,NONE,REG AIR,fily final requests wake
40193-1,40193,1563,44,1,29.00,42472.24,0.05,0.08,A,F,1992-09-27,1992-11-06,1992-10-26,DELIVER IN PERSON,RAIL,. idly final foxes eat fluffily furi
40193-2,40193,1182,55,2,12.00,12998.16,0.00,0.02,A,F,1992-11-10,1992-11-04,1992-11-12,DELIVER IN PERSON,RAIL,de of the slyly bold accounts
40193-3,40193,1939,84,3,9.00,16568.37,0.07,0.02,A,F,1992-12-20,1992-11-10,1993-01-17,TAKE BACK RETURN,MAIL,ously. fluffily final theodoli
40193-4,40193,1688,71,4,27.00,42921.36,0.05,0.04,A,F,1992-11-26,1992-11-29,1992-12-14,TAKE BACK RETURN,RAIL,"re bold, bold requests. foxes dete"
40193-5,40193,1880,81,5,14.00,24946.32,0.08,0.01,A,F,1992-09-24,1992-11-07,1992-10-08,DELIVER IN PERSON,REG AIR,uests. slyly iron
40194-1,40194,679,80,1,34.00,53708.78,0.04,0.02,A,F,1993-11-13,1994-01-01,1993-11-15,NONE,REG AIR,lar instructions. regular accounts are.
40194-2,40194,1590,71,2,11.00,16407.49,0.05,0.02,R,F,1994-01-19,1993-12-16,1994-02-01,TAKE BACK RETURN,TRUCK,"eans will are about the unusual,"
40194-3,40194,129,30,3,13.00,13378.56,0.07,0.03,R,F,1993-12-31,1993-12-11,1994-01-20,COLLECT COD,RAIL,luffily alongside of the 
40194-4,40194,1621,63,4,17.00,25884.54,0.02,0.03,A,F,1994-01-29,1993-12-12,1994-02-22,COLLECT COD,FOB,". ironic, express accounts sh"
40194-5,40194,1382,21,5,49.00,62885.62,0.07,0.01,A,F,1993-12-07,1994-01-04,1993-12-09,DELIVER IN PERSON,AIR,cies. quickly regular package
40194-6,40194,132,59,6,47.00,48510.11,0.01,0.03,A,F,1993-12-24,1993-11-30,1993-12-28,NONE,FOB,ounts sleep ironic requ
40194-7,40194,1030,1,7,28.00,26068.84,0.04,0.02,A,F,1993-10-08,1993-11-12,1993-10-15,NONE,RAIL,ans. carefully regula
40195-1,40195,196,49,1,25.00,27404.75,0.03,0.06,N,O,1997-02-22,1997-03-12,1997-02-25,COLLECT COD,REG AIR,es. quickly even packages dete
40195-2,40195,333,34,2,50.00,61666.50,0.09,0.07,N,O,1997-03-02,1997-02-13,1997-03-22,TAKE BACK RETURN,AIR,y. slyly bold accoun
40195-3,40195,880,14,3,46.00,81920.48,0.08,0.00,N,O,1997-04-14,1997-03-30,1997-05-14,DELIVER IN PERSON,SHIP,luffily express frays nag slyly against th
40195-4,40195,1586,27,4,7.00,10413.06,0.09,0.07,N,O,1997-03-18,1997-03-05,1997-03-31,COLLECT COD,RAIL,tructions. carefully ir
40195-5,40195,1567,88,5,26.00,38182.56,0.03,0.03,N,O,1997-02-04,1997-02-28,1997-02-11,NONE,FOB,ithely deposits. 
40195-6,40195,343,28,6,18.00,22380.12,0.05,0.07,N,O,1997-02-11,1997-03-12,1997-02-17,TAKE BACK RETURN,RAIL,counts. request
40196-1,40196,786,87,1,24.00,40482.72,0.08,0.05,N,O,1997-07-26,1997-05-08,1997-08-14,NONE,AIR,along the furiously final requests.
40197-1,40197,91,42,1,44.00,43607.96,0.09,0.06,A,F,1995-05-28,1995-06-17,1995-06-16,DELIVER IN PERSON,REG AIR,s sleep ironic pinto beans. slyly even req
40197-2,40197,1897,98,2,3.00,5396.67,0.05,0.04,A,F,1995-04-02,1995-05-21,1995-04-24,NONE,TRUCK,s are above the blithely final pinto beans.
40197-3,40197,963,64,3,21.00,39143.16,0.10,0.05,N,F,1995-05-28,1995-06-22,1995-06-18,TAKE BACK RETURN,REG AIR,l pearls. carefully express ideas wak
40197-4,40197,1677,60,4,35.00,55253.45,0.07,0.08,R,F,1995-04-15,1995-06-07,1995-05-10,COLLECT COD,SHIP,nic accounts cajole amon
40197-5,40197,1292,4,5,39.00,46538.31,0.09,0.02,A,F,1995-05-29,1995-05-26,1995-06-13,NONE,TRUCK,"c deposits. unusual, bold packages slee"
40197-6,40197,1446,64,6,10.00,13474.40,0.05,0.01,N,O,1995-07-11,1995-06-13,1995-07-26,DELIVER IN PERSON,RAIL,ymptotes solve slyly among th
40198-1,40198,434,64,1,23.00,30691.89,0.04,0.01,N,O,1996-07-20,1996-05-20,1996-07-28,COLLECT COD,REG AIR,counts cajole blithely. carefully express d
40198-2,40198,193,46,2,34.00,37168.46,0.02,0.03,N,O,1996-06-24,1996-07-09,1996-07-04,TAKE BACK RETURN,SHIP,ly unusual accounts. express deposits affi
40198-3,40198,1369,46,3,26.00,33029.36,0.05,0.00,N,O,1996-07-27,1996-06-07,1996-08-25,NONE,AIR, are slyly. quickly unusual
40198-4,40198,1070,6,4,10.00,9710.70,0.04,0.05,N,O,1996-05-21,1996-05-26,1996-06-15,NONE,AIR,ng to the fluffily bold reque
40198-5,40198,1341,80,5,49.00,60874.66,0.04,0.07,N,O,1996-04-20,1996-07-05,1996-05-09,DELIVER IN PERSON,TRUCK, use slyly slyly s
40199-1,40199,1635,18,1,8.00,12293.04,0.00,0.02,A,F,1993-02-27,1993-01-25,1993-03-20,COLLECT COD,SHIP, regular packages a
40199-2,40199,143,22,2,41.00,42768.74,0.07,0.00,R,F,1992-12-16,1993-01-16,1992-12-19,COLLECT COD,REG AIR,althy dependen
40199-3,40199,1593,14,3,9.00,13451.31,0.05,0.07,R,F,1992-11-20,1992-12-21,1992-12-03,DELIVER IN PERSON,RAIL, slyly careful platelets cajole carefully 
40199-4,40199,1543,84,4,50.00,72227.00,0.07,0.01,A,F,1993-01-31,1993-01-01,1993-02-20,TAKE BACK RETURN,FOB,ic pinto beans thrash. dependencies
40199-5,40199,369,70,5,23.00,29195.28,0.10,0.01,A,F,1993-02-26,1993-01-06,1993-03-03,COLLECT COD,MAIL,ithely ironic packages cajole. expre
40224-1,40224,413,43,1,33.00,43342.53,0.07,0.03,R,F,1994-09-08,1994-09-07,1994-10-01,COLLECT COD,MAIL,d platelets af
40224-2,40224,1559,60,2,28.00,40895.40,0.05,0.07,A,F,1994-08-14,1994-08-18,1994-08-31,NONE,REG AIR,theodolites beyond the care
40224-3,40224,266,67,3,47.00,54814.22,0.06,0.05,A,F,1994-09-27,1994-08-11,1994-10-27,COLLECT COD,FOB,ages. care
40224-4,40224,1752,95,4,20.00,33075.00,0.06,0.00,A,F,1994-08-14,1994-08-24,1994-08-23,TAKE BACK RETURN,RAIL,e slowly among the 
40224-5,40224,1651,93,5,50.00,77632.50,0.02,0.07,R,F,1994-09-26,1994-09-09,1994-10-22,DELIVER IN PERSON,SHIP,ounts. dep
40225-1,40225,76,52,1,50.00,48803.50,0.05,0.01,A,F,1995-03-08,1995-02-16,1995-04-06,TAKE BACK RETURN,TRUCK,ly. final asymptotes affix furiously
40225-2,40225,407,8,2,16.00,20918.40,0.08,0.07,R,F,1995-04-10,1995-03-24,1995-05-09,COLLECT COD,SHIP,ggle furiously quickly permanent requ
40225-3,40225,1470,71,3,50.00,68573.50,0.09,0.04,A,F,1995-03-18,1995-03-13,1995-04-06,TAKE BACK RETURN,FOB,slyly ironic forges. carefully regular pi
40225-4,40225,1129,2,4,44.00,45325.28,0.01,0.07,R,F,1995-03-15,1995-03-31,1995-03-27,NONE,MAIL,s. carefully final instructions
40225-5,40225,1315,30,5,8.00,9730.48,0.09,0.06,A,F,1995-01-19,1995-03-30,1995-01-20,COLLECT COD,TRUCK,olphins: bl
40226-1,40226,1988,21,1,20.00,37799.60,0.08,0.03,A,F,1993-11-13,1993-12-03,1993-11-18,NONE,AIR,ithely abo
40226-2,40226,814,81,2,38.00,65162.78,0.08,0.05,A,F,1993-11-13,1993-12-14,1993-11-22,COLLECT COD,MAIL, breach alongside of t
40226-3,40226,886,53,3,28.00,50032.64,0.09,0.00,A,F,1994-01-01,1993-11-19,1994-01-27,TAKE BACK RETURN,MAIL, regular foxes cajole 
40226-4,40226,1842,43,4,4.00,6975.36,0.01,0.02,R,F,1994-02-06,1994-01-03,1994-03-01,COLLECT COD,RAIL,uests dazzle quickly. blithely pending asym
40226-5,40226,22,23,5,37.00,34114.74,0.07,0.06,A,F,1994-01-30,1993-11-13,1994-02-15,COLLECT COD,RAIL," boost. regular, final acco"
40226-6,40226,1907,96,6,34.00,61502.60,0.04,0.04,A,F,1994-01-04,1993-12-02,1994-01-06,DELIVER IN PERSON,REG AIR,efully regular foxes sleep quick
40227-1,40227,1549,30,1,46.00,66724.84,0.03,0.01,N,O,1998-10-18,1998-08-28,1998-10-19,NONE,TRUCK,encies. regular accoun
40227-2,40227,1236,74,2,41.00,46626.43,0.04,0.05,N,O,1998-08-31,1998-09-18,1998-09-16,COLLECT COD,FOB,ly quickly ev
40227-3,40227,1923,24,3,35.00,63872.20,0.10,0.02,N,O,1998-09-20,1998-09-17,1998-10-18,COLLECT COD,SHIP,requests sleep. carefully brave accoun
40227-4,40227,614,8,4,45.00,68157.45,0.08,0.04,N,O,1998-10-13,1998-10-08,1998-11-07,DELIVER IN PERSON,SHIP,s. blithely final pinto beans sleep blit
40228-1,40228,1816,46,1,32.00,54969.92,0.10,0.08,N,O,1997-09-10,1997-09-13,1997-10-09,TAKE BACK RETURN,FOB,en requests cajole slyl
40228-2,40228,1244,19,2,43.00,49245.32,0.01,0.00,N,O,1997-08-31,1997-10-15,1997-09-05,NONE,MAIL,ep blithely unusual instructions. dep
40229-1,40229,919,54,1,7.00,12739.37,0.05,0.00,N,O,1997-06-29,1997-07-16,1997-07-06,TAKE BACK RETURN,AIR,as. even frets across the unu
40229-2,40229,441,100,2,26.00,34877.44,0.07,0.07,N,O,1997-10-12,1997-08-02,1997-11-07,COLLECT COD,FOB,st furiously slyly quiet ideas. slyly 
40229-3,40229,1045,81,3,11.00,10406.44,0.03,0.04,N,O,1997-10-04,1997-09-11,1997-10-25,TAKE BACK RETURN,AIR," express, regul"
40229-4,40229,613,76,4,14.00,21190.54,0.05,0.00,N,O,1997-07-26,1997-08-19,1997-08-20,COLLECT COD,SHIP,y express requests wake. furiously fin
40229-5,40229,268,23,5,28.00,32711.28,0.06,0.01,N,O,1997-07-03,1997-07-19,1997-07-07,DELIVER IN PERSON,FOB,ing to the express t
40229-6,40229,699,93,6,32.00,51190.08,0.06,0.08,N,O,1997-09-11,1997-08-30,1997-09-17,NONE,FOB,ly slyly ironic reque
40230-1,40230,205,87,1,38.00,41997.60,0.00,0.03,N,O,1996-06-01,1996-04-21,1996-06-25,TAKE BACK RETURN,MAIL,! ironic deposits use among th
40230-2,40230,1556,37,2,31.00,45184.05,0.02,0.01,N,O,1996-04-19,1996-03-22,1996-04-30,NONE,TRUCK,ckly regular accounts boost blithely fin
40230-3,40230,1937,38,3,8.00,14711.44,0.05,0.06,N,O,1996-05-24,1996-03-27,1996-06-03,DELIVER IN PERSON,SHIP,encies. unus
40231-1,40231,1891,92,1,25.00,44822.25,0.04,0.06,N,O,1997-05-09,1997-05-24,1997-05-29,COLLECT COD,MAIL,s? even pinto beans cajole fur
40231-2,40231,915,84,2,21.00,38134.11,0.02,0.03,N,O,1997-06-13,1997-05-27,1997-07-12,TAKE BACK RETURN,SHIP, regular accounts. platelets across 
40231-3,40231,1883,84,3,19.00,33912.72,0.06,0.07,N,O,1997-05-19,1997-06-11,1997-06-15,DELIVER IN PERSON,REG AIR,"oss the special dolphins. ironic, quick dep"
40231-4,40231,1817,4,4,31.00,53283.11,0.09,0.06,N,O,1997-07-23,1997-06-19,1997-08-11,NONE,RAIL,eans engage quick
40256-1,40256,893,60,1,20.00,35877.80,0.07,0.05,A,F,1993-11-11,1993-11-14,1993-11-24,TAKE BACK RETURN,FOB, unusual f
40256-2,40256,367,68,2,46.00,58298.56,0.03,0.02,A,F,1993-10-26,1993-12-18,1993-11-17,DELIVER IN PERSON,MAIL," the unusual, bold foxes. iro"
40256-3,40256,1623,65,3,10.00,15246.20,0.06,0.05,A,F,1993-12-29,1994-01-03,1994-01-21,DELIVER IN PERSON,REG AIR,ll are carefully a
40256-4,40256,1000,1,4,27.00,24327.00,0.09,0.07,A,F,1994-01-02,1993-11-22,1994-01-11,NONE,MAIL,s the careful
40257-1,40257,1647,48,1,24.00,37167.36,0.00,0.08,R,F,1993-10-31,1993-10-21,1993-11-14,TAKE BACK RETURN,MAIL,. accounts wake slyly do
40258-1,40258,868,69,1,49.00,86674.14,0.03,0.00,A,F,1994-06-26,1994-06-19,1994-07-11,COLLECT COD,MAIL,"e accounts. ironic, final"
40258-2,40258,337,22,2,37.00,45781.21,0.08,0.00,R,F,1994-05-06,1994-05-20,1994-06-04,TAKE BACK RETURN,AIR,"uests wake carefully about the ironic,"
40258-3,40258,338,67,3,20.00,24766.60,0.00,0.02,R,F,1994-04-13,1994-06-24,1994-05-03,NONE,AIR, thrash furiously according to the fl
40258-4,40258,512,43,4,32.00,45200.32,0.10,0.06,R,F,1994-04-24,1994-06-14,1994-05-01,TAKE BACK RETURN,FOB,luffily regular foxes must have to haggl
40258-5,40258,302,31,5,29.00,34866.70,0.03,0.02,R,F,1994-04-23,1994-06-02,1994-05-13,DELIVER IN PERSON,RAIL, accounts boost blithely. slyly bold deposi
40258-6,40258,757,22,6,5.00,8288.75,0.05,0.03,R,F,1994-04-12,1994-05-10,1994-04-23,NONE,SHIP,lly silent platelets abo
40259-1,40259,515,46,1,34.00,48127.34,0.03,0.03,A,F,1993-10-21,1993-12-26,1993-11-06,COLLECT COD,SHIP, beans affix slowly among the furious
40259-2,40259,779,80,2,24.00,40314.48,0.10,0.01,R,F,1993-12-05,1993-11-28,1993-12-15,DELIVER IN PERSON,MAIL,slyly regular
40259-3,40259,1905,94,3,50.00,90345.00,0.07,0.03,R,F,1993-11-04,1993-11-21,1993-11-08,DELIVER IN PERSON,TRUCK,quickly special warthogs. ironic 
40259-4,40259,396,81,4,31.00,40188.09,0.01,0.01,A,F,1993-12-21,1993-12-01,1994-01-09,NONE,MAIL,ts haggle platelets. silent requests daz
40260-1,40260,900,100,1,11.00,19809.90,0.05,0.03,N,O,1996-07-29,1996-08-14,1996-08-19,COLLECT COD,MAIL,fully close requests w
40260-2,40260,1388,27,2,28.00,36102.64,0.01,0.00,N,O,1996-09-29,1996-09-10,1996-10-09,TAKE BACK RETURN,AIR,"final, pending instructions nod? even "
40260-3,40260,1360,75,3,23.00,29011.28,0.09,0.04,N,O,1996-10-13,1996-08-30,1996-11-09,COLLECT COD,SHIP, packages after the even reque
40260-4,40260,1831,18,4,28.00,48519.24,0.07,0.00,N,O,1996-07-31,1996-09-09,1996-08-09,NONE,AIR,y bold excuses. pending accounts 
40260-5,40260,432,62,5,6.00,7994.58,0.01,0.02,N,O,1996-10-07,1996-08-21,1996-10-28,NONE,RAIL, above the slyly expr
40260-6,40260,686,87,6,29.00,46013.72,0.03,0.04,N,O,1996-07-27,1996-09-14,1996-08-10,DELIVER IN PERSON,SHIP, boost final braids. furiously thin reque
40261-1,40261,1593,14,1,45.00,67256.55,0.06,0.07,R,F,1994-12-23,1994-12-09,1994-12-30,DELIVER IN PERSON,MAIL, deposits wake requests. fur
40261-2,40261,1963,8,2,33.00,61543.68,0.00,0.02,R,F,1995-03-06,1995-01-11,1995-04-03,TAKE BACK RETURN,AIR,sly pending platelets. unusu
40261-3,40261,1194,67,3,32.00,35046.08,0.10,0.01,A,F,1995-02-05,1994-12-28,1995-03-02,TAKE BACK RETURN,MAIL, asymptotes cajole along the 
40261-4,40261,1316,17,4,4.00,4869.24,0.07,0.03,R,F,1995-01-26,1995-01-13,1995-02-23,TAKE BACK RETURN,RAIL, final requests cajole carefu
40261-5,40261,1317,94,5,29.00,35330.99,0.08,0.08,A,F,1995-03-03,1995-01-07,1995-04-01,TAKE BACK RETURN,AIR,", even deposits haggle carefully blit"
40261-6,40261,1727,54,6,46.00,74921.12,0.01,0.04,A,F,1995-01-26,1994-12-10,1995-02-19,NONE,FOB,ar requests. ca
40261-7,40261,634,28,7,38.00,58315.94,0.01,0.02,R,F,1995-01-06,1994-12-22,1995-01-15,COLLECT COD,RAIL,t the fluff
40262-1,40262,1564,5,1,31.00,45432.36,0.10,0.05,A,F,1992-11-01,1992-10-03,1992-11-24,TAKE BACK RETURN,FOB,cajole? accounts cajole fur
40262-2,40262,755,20,2,12.00,19869.00,0.02,0.08,R,F,1992-11-12,1992-09-26,1992-12-07,TAKE BACK RETURN,REG AIR,tions haggle slyly after th
40262-3,40262,1212,13,3,47.00,52320.87,0.07,0.08,A,F,1992-08-12,1992-09-13,1992-08-24,COLLECT COD,FOB,inal dependencies. slyly pending fox
40263-1,40263,1293,68,1,19.00,22691.51,0.08,0.06,N,O,1996-11-19,1996-11-02,1996-12-06,TAKE BACK RETURN,SHIP,. furiously final p
40263-2,40263,1488,28,2,48.00,66695.04,0.06,0.06,N,O,1997-01-07,1996-11-04,1997-01-31,NONE,REG AIR,doubt special packages. furiously regul
40263-3,40263,1397,36,3,50.00,64919.50,0.05,0.05,N,O,1996-11-18,1996-11-13,1996-11-19,NONE,REG AIR,kages wake slyly instead of the b
40263-4,40263,1787,72,4,39.00,65862.42,0.04,0.04,N,O,1996-10-26,1996-12-07,1996-11-07,COLLECT COD,TRUCK,ges. furiously regular de
40263-5,40263,1764,7,5,50.00,83288.00,0.09,0.04,N,O,1996-09-25,1996-12-20,1996-10-10,NONE,REG AIR,n theodolites boost 
40263-6,40263,1938,83,6,16.00,29438.88,0.09,0.01,N,O,1996-10-04,1996-12-03,1996-10-13,NONE,MAIL,"l, express instructions haggle furiousl"
40263-7,40263,1314,29,7,17.00,20660.27,0.04,0.08,N,O,1997-01-09,1996-12-13,1997-01-31,COLLECT COD,REG AIR,yly. carefully bold theod
40288-1,40288,161,40,1,16.00,16978.56,0.02,0.07,N,O,1996-06-17,1996-07-02,1996-07-14,COLLECT COD,MAIL,ing excuses. slyly final accou
40289-1,40289,315,44,1,13.00,15799.03,0.02,0.00,R,F,1992-12-05,1993-01-20,1992-12-24,NONE,REG AIR, daring foxes sleep amo
40289-2,40289,1821,22,2,42.00,72358.44,0.04,0.03,A,F,1992-12-28,1993-02-04,1993-01-04,DELIVER IN PERSON,MAIL,efully final excuses. quickly r
40289-3,40289,1997,98,3,46.00,87353.54,0.02,0.02,R,F,1992-12-31,1993-02-23,1993-01-25,DELIVER IN PERSON,REG AIR,pendencies. carefully regular Tiresias
40289-4,40289,1107,16,4,49.00,49396.90,0.03,0.03,A,F,1993-01-20,1993-02-11,1993-02-05,NONE,FOB,carefully carefully ironic
40289-5,40289,620,14,5,11.00,16726.82,0.00,0.01,R,F,1993-01-15,1993-02-01,1993-01-26,TAKE BACK RETURN,MAIL,eep after the carefully unusual foxe
40289-6,40289,216,98,6,37.00,41299.77,0.05,0.01,A,F,1993-03-25,1993-01-11,1993-04-10,DELIVER IN PERSON,TRUCK,ake carefully. quic
40289-7,40289,494,53,7,1.00,1394.49,0.01,0.06,R,F,1993-01-17,1993-01-01,1993-01-18,DELIVER IN PERSON,SHIP,heodolites detect across
40290-1,40290,163,90,1,4.00,4252.64,0.03,0.04,N,O,1996-08-12,1996-08-31,1996-08-30,COLLECT COD,FOB,"uriously pending, special accou"
40290-2,40290,927,96,2,13.00,23762.96,0.04,0.01,N,O,1996-10-13,1996-09-26,1996-10-22,DELIVER IN PERSON,SHIP,"nic, even accounts haggle qu"
40290-3,40290,1288,26,3,8.00,9514.24,0.08,0.04,N,O,1996-08-11,1996-10-06,1996-08-26,DELIVER IN PERSON,RAIL, bold pack
40291-1,40291,1985,30,1,5.00,9434.90,0.04,0.06,R,F,1992-05-17,1992-06-30,1992-06-02,TAKE BACK RETURN,SHIP,e quickly. special deposits about th
40291-2,40291,870,71,2,38.00,67293.06,0.09,0.01,A,F,1992-05-01,1992-07-02,1992-05-07,TAKE BACK RETURN,REG AIR,le quickly unusual packages. sly
40292-1,40292,1125,62,1,24.00,24626.88,0.07,0.01,R,F,1995-05-21,1995-06-17,1995-06-15,NONE,TRUCK,s. blithely regular deposits haggle sly
40292-2,40292,1356,33,2,39.00,49036.65,0.10,0.05,A,F,1995-05-28,1995-05-30,1995-06-14,DELIVER IN PERSON,FOB,uriously. theodolites could have
40292-3,40292,508,39,3,31.00,43663.50,0.09,0.01,R,F,1995-05-22,1995-06-25,1995-06-10,TAKE BACK RETURN,RAIL,carefully across the furiously bold packag
40293-1,40293,818,19,1,39.00,67033.59,0.02,0.03,A,F,1995-02-05,1995-03-08,1995-03-04,COLLECT COD,AIR,ounts cajole never regular requests.
40294-1,40294,200,27,1,38.00,41807.60,0.10,0.01,N,O,1996-04-02,1996-05-17,1996-04-04,COLLECT COD,AIR, the even deposits. speci
40295-1,40295,1159,96,1,44.00,46646.60,0.00,0.05,N,O,1998-03-18,1998-02-27,1998-04-07,TAKE BACK RETURN,FOB,even packages. blithely e
40295-2,40295,11,87,2,23.00,20953.23,0.08,0.07,N,O,1998-04-16,1998-02-18,1998-04-27,NONE,MAIL,depths. furiously even requ
40295-3,40295,1830,60,3,39.00,67541.37,0.09,0.03,N,O,1998-04-23,1998-03-25,1998-05-23,DELIVER IN PERSON,AIR,"nstructions sleep silent, iron"
40295-4,40295,133,86,4,2.00,2066.26,0.09,0.01,N,O,1998-04-26,1998-04-03,1998-05-10,NONE,AIR,s haggle boldly above t
40295-5,40295,1701,44,5,36.00,57697.20,0.05,0.02,N,O,1998-02-13,1998-02-28,1998-02-27,TAKE BACK RETURN,TRUCK, grow furiously 
40295-6,40295,1362,1,6,35.00,44217.60,0.04,0.03,N,O,1998-02-21,1998-03-27,1998-03-18,NONE,SHIP,ave to cajole carefully according to the ir
40320-1,40320,218,19,1,4.00,4472.84,0.10,0.05,N,O,1996-12-06,1997-01-12,1996-12-21,DELIVER IN PERSON,SHIP, ironic pinto beans. fluffily ironic d
40320-2,40320,1700,24,2,36.00,57661.20,0.10,0.00,N,O,1997-02-28,1997-02-10,1997-03-25,TAKE BACK RETURN,AIR,requests. quickly ironic foxes slee
40320-3,40320,47,98,3,36.00,34093.44,0.06,0.02,N,O,1997-01-17,1997-01-16,1997-02-04,DELIVER IN PERSON,AIR,kages integrate furiously deposits: car
40320-4,40320,1844,88,4,47.00,82054.48,0.04,0.05,N,O,1997-02-06,1997-01-03,1997-02-20,NONE,MAIL,nal accounts wake a
40321-1,40321,481,82,1,40.00,55259.20,0.04,0.02,A,F,1993-09-19,1993-09-19,1993-10-05,DELIVER IN PERSON,MAIL,lyly pending pinto beans w
40321-2,40321,1942,75,2,17.00,31346.98,0.02,0.06,A,F,1993-07-31,1993-07-26,1993-08-10,COLLECT COD,FOB,es wake blithely. slyly special pinto
40321-3,40321,324,9,3,14.00,17140.48,0.02,0.02,R,F,1993-08-24,1993-08-15,1993-09-21,COLLECT COD,MAIL,s are. stealthily special deposits 
40321-4,40321,260,88,4,48.00,55692.48,0.09,0.02,R,F,1993-10-15,1993-07-27,1993-11-07,TAKE BACK RETURN,SHIP,osits. caref
40321-5,40321,743,8,5,8.00,13149.92,0.05,0.08,R,F,1993-07-30,1993-08-04,1993-08-24,TAKE BACK RETURN,FOB,l deposits: deposits above the furious
40321-6,40321,849,16,6,4.00,6999.36,0.09,0.07,A,F,1993-10-13,1993-09-05,1993-10-21,TAKE BACK RETURN,REG AIR,refully. ironic theodolites 
40322-1,40322,1485,25,1,35.00,48526.80,0.05,0.03,N,O,1995-08-13,1995-09-15,1995-09-04,TAKE BACK RETURN,TRUCK," special, even packages haggle sl"
40323-1,40323,1156,93,1,13.00,13742.95,0.03,0.01,N,O,1997-09-16,1997-09-08,1997-09-27,COLLECT COD,MAIL,e. carefully final foxes throug
40323-2,40323,213,41,2,4.00,4452.84,0.00,0.06,N,O,1997-09-22,1997-09-28,1997-10-11,NONE,FOB, carefully express dolphins hang 
40323-3,40323,1112,85,3,3.00,3039.33,0.01,0.08,N,O,1997-08-25,1997-10-05,1997-09-12,NONE,RAIL,. fluffily 
40323-4,40323,83,34,4,19.00,18678.52,0.03,0.04,N,O,1997-11-02,1997-10-07,1997-11-13,DELIVER IN PERSON,REG AIR,ts are furiously e
40324-1,40324,614,8,1,2.00,3029.22,0.08,0.06,N,O,1996-04-23,1996-03-20,1996-05-04,TAKE BACK RETURN,MAIL, special excuses. exc
40324-2,40324,1661,85,2,35.00,54693.10,0.02,0.07,N,O,1996-05-18,1996-03-06,1996-05-23,DELIVER IN PERSON,REG AIR,furiously slyly bold sauternes. requests af
40324-3,40324,327,28,3,6.00,7363.92,0.02,0.00,N,O,1996-05-21,1996-03-13,1996-06-15,DELIVER IN PERSON,AIR,aves cajol
40324-4,40324,1920,21,4,5.00,9109.60,0.07,0.03,N,O,1996-03-02,1996-04-07,1996-03-12,TAKE BACK RETURN,RAIL, final tithes affix against th
40325-1,40325,284,66,1,22.00,26054.16,0.10,0.01,N,O,1997-11-02,1997-10-07,1997-11-29,DELIVER IN PERSON,TRUCK,y bold gifts. fluffi
40326-1,40326,1484,85,1,31.00,42949.88,0.05,0.08,A,F,1995-03-18,1995-03-27,1995-04-04,TAKE BACK RETURN,TRUCK,ar requests 
40327-1,40327,1229,41,1,24.00,27125.28,0.04,0.03,N,O,1995-06-27,1995-06-27,1995-07-04,TAKE BACK RETURN,TRUCK,atelets wake ag
40327-2,40327,895,95,2,27.00,48489.03,0.03,0.03,N,O,1995-09-01,1995-07-18,1995-09-07,TAKE BACK RETURN,REG AIR,of the accounts. blit
40327-3,40327,1095,31,3,36.00,35859.24,0.01,0.07,N,O,1995-07-05,1995-08-11,1995-07-24,DELIVER IN PERSON,TRUCK,nic packages. e
40327-4,40327,216,98,4,50.00,55810.50,0.10,0.06,R,F,1995-06-05,1995-07-03,1995-06-17,COLLECT COD,TRUCK,kages wake carefully unusual requ
40352-1,40352,842,43,1,17.00,29628.28,0.03,0.02,A,F,1994-06-16,1994-08-26,1994-06-28,NONE,RAIL, haggle carefully 
40352-2,40352,539,100,2,40.00,57581.20,0.06,0.07,R,F,1994-07-26,1994-07-30,1994-08-18,NONE,REG AIR,ter the ideas a
40352-3,40352,717,14,3,19.00,30736.49,0.08,0.02,R,F,1994-10-04,1994-08-02,1994-10-14,NONE,RAIL,"al, bold ideas breach furiously slyly "
40353-1,40353,169,22,1,49.00,52388.84,0.08,0.07,N,O,1998-05-15,1998-06-14,1998-06-13,TAKE BACK RETURN,RAIL,ideas cajole blithely a
40353-2,40353,157,10,2,18.00,19028.70,0.02,0.01,N,O,1998-07-24,1998-06-05,1998-07-31,COLLECT COD,AIR,ithely express foxes ca
40353-3,40353,374,3,3,19.00,24213.03,0.03,0.05,N,O,1998-05-03,1998-06-03,1998-05-09,NONE,SHIP,hinder carefully slyly special excuses: reg
40353-4,40353,1250,51,4,31.00,35688.75,0.02,0.06,N,O,1998-05-25,1998-06-22,1998-06-07,NONE,MAIL,lithely brave packages affix
40353-5,40353,1042,43,5,10.00,9430.40,0.04,0.04,N,O,1998-06-23,1998-06-27,1998-07-06,COLLECT COD,AIR, deposits hinder f
40354-1,40354,683,46,1,20.00,31673.60,0.08,0.08,R,F,1994-02-05,1994-02-23,1994-03-03,TAKE BACK RETURN,REG AIR,ironic ideas
40354-2,40354,1916,5,2,14.00,25450.74,0.04,0.07,A,F,1994-04-09,1994-02-26,1994-04-10,DELIVER IN PERSON,TRUCK, above the regular accounts. reg
40354-3,40354,1476,55,3,8.00,11019.76,0.00,0.07,R,F,1994-01-18,1994-03-09,1994-01-22,TAKE BACK RETURN,AIR,lar packages haggle carefully along the eve
40354-4,40354,1377,78,4,9.00,11505.33,0.10,0.07,A,F,1994-03-06,1994-03-12,1994-03-27,DELIVER IN PERSON,MAIL,gular requests-- bus
40354-5,40354,1896,97,5,16.00,28766.24,0.02,0.02,A,F,1994-03-23,1994-02-23,1994-04-12,TAKE BACK RETURN,SHIP,nal packages nag sly
40354-6,40354,656,88,6,38.00,59152.70,0.03,0.05,R,F,1994-04-03,1994-02-10,1994-04-30,TAKE BACK RETURN,SHIP,ptotes are.
40354-7,40354,1877,7,7,33.00,58702.71,0.00,0.01,R,F,1994-03-01,1994-03-07,1994-03-25,DELIVER IN PERSON,MAIL,"cies. unusual, bol"
40355-1,40355,1794,21,1,45.00,76310.55,0.04,0.01,N,O,1996-11-04,1996-12-15,1996-11-14,DELIVER IN PERSON,REG AIR,packages use quickly carefull
40355-2,40355,783,84,2,12.00,20205.36,0.08,0.04,N,O,1997-01-21,1996-12-27,1997-02-15,TAKE BACK RETURN,RAIL,onic packages alongsi
40356-1,40356,14,15,1,8.00,7312.08,0.06,0.02,A,F,1995-04-05,1995-02-24,1995-04-18,TAKE BACK RETURN,TRUCK,"s the final, regular reque"
40356-2,40356,1002,3,2,35.00,31605.00,0.04,0.07,A,F,1995-03-19,1995-02-08,1995-04-01,NONE,TRUCK,etect special the
40356-3,40356,363,92,3,49.00,61904.64,0.08,0.01,R,F,1995-04-01,1995-02-05,1995-04-16,NONE,MAIL,ts. blithely final dep
40357-1,40357,1954,55,1,20.00,37119.00,0.10,0.01,A,F,1992-10-04,1992-10-09,1992-11-01,NONE,REG AIR,unts boost blithely among the iro
40357-2,40357,1999,88,2,31.00,58930.69,0.10,0.02,A,F,1992-11-17,1992-09-28,1992-11-22,DELIVER IN PERSON,AIR,kly pending de
40357-3,40357,1649,73,3,8.00,12405.12,0.07,0.02,R,F,1992-10-14,1992-09-24,1992-10-20,DELIVER IN PERSON,RAIL,al pinto beans are slyly re
40357-4,40357,1925,14,4,15.00,27403.80,0.04,0.02,A,F,1992-08-17,1992-09-30,1992-09-04,DELIVER IN PERSON,MAIL,ly unusual instructions
40357-5,40357,454,42,5,35.00,47405.75,0.05,0.02,A,F,1992-09-13,1992-08-27,1992-09-27,NONE,MAIL,r instructions-- carefully final 
40358-1,40358,1846,90,1,27.00,47191.68,0.06,0.08,N,O,1997-08-16,1997-08-08,1997-08-26,NONE,REG AIR, furiously 
40358-2,40358,1463,42,2,12.00,16373.52,0.10,0.08,N,O,1997-08-19,1997-09-08,1997-08-28,DELIVER IN PERSON,MAIL,sly regular
40359-1,40359,700,94,1,37.00,59225.90,0.06,0.00,R,F,1993-05-27,1993-04-11,1993-06-02,DELIVER IN PERSON,RAIL,ely express requests w
40359-2,40359,892,93,2,18.00,32272.02,0.05,0.00,R,F,1993-03-13,1993-04-19,1993-04-06,DELIVER IN PERSON,AIR,according to the careful
40384-1,40384,1847,77,1,30.00,52465.20,0.06,0.07,N,O,1997-06-20,1997-06-01,1997-06-28,NONE,SHIP,special deposits. fluff
40385-1,40385,1050,86,1,5.00,4755.25,0.01,0.02,R,F,1995-02-10,1994-12-30,1995-02-25,NONE,SHIP,the slyly silent theodoli
40385-2,40385,1054,60,2,16.00,15280.80,0.08,0.04,R,F,1995-01-07,1994-12-26,1995-01-23,TAKE BACK RETURN,TRUCK,he carefully special asym
40385-3,40385,1769,12,3,42.00,70171.92,0.02,0.08,R,F,1994-11-04,1994-12-06,1994-11-15,TAKE BACK RETURN,REG AIR, carefully silent
40385-4,40385,186,65,4,44.00,47791.92,0.03,0.00,R,F,1995-02-21,1994-12-29,1995-02-28,COLLECT COD,AIR,row quickly carefully r
40385-5,40385,1175,84,5,24.00,25828.08,0.09,0.04,R,F,1994-11-20,1995-01-21,1994-11-25,COLLECT COD,FOB,lly slyly enticing 
40386-1,40386,1564,85,1,34.00,49829.04,0.03,0.06,A,F,1995-05-23,1995-04-07,1995-05-31,DELIVER IN PERSON,REG AIR,fully fluff
40386-2,40386,1084,90,2,47.00,46298.76,0.09,0.08,A,F,1995-03-29,1995-04-30,1995-04-16,NONE,AIR,s sleep slyly quickly iro
40386-3,40386,1688,89,3,10.00,15896.80,0.06,0.08,R,F,1995-05-19,1995-04-02,1995-05-28,TAKE BACK RETURN,REG AIR,"mong the foxes. regular, even ac"
40386-4,40386,464,23,4,44.00,60036.24,0.00,0.05,A,F,1995-04-23,1995-05-04,1995-04-26,DELIVER IN PERSON,AIR,blithely regular multipliers wak
40386-5,40386,711,12,5,34.00,54798.14,0.03,0.04,A,F,1995-02-22,1995-05-06,1995-02-25,COLLECT COD,RAIL,ly ironic requests 
40387-1,40387,1565,46,1,31.00,45463.36,0.08,0.03,N,O,1998-04-02,1998-04-22,1998-05-02,NONE,MAIL,. furiously eve
40387-2,40387,132,59,2,11.00,11353.43,0.05,0.05,N,O,1998-04-30,1998-04-12,1998-05-11,DELIVER IN PERSON,FOB,. slyly regular ideas sleep furiou
40387-3,40387,230,12,3,35.00,39558.05,0.02,0.01,N,O,1998-03-18,1998-04-11,1998-04-07,TAKE BACK RETURN,REG AIR,s. blithely even accounts hang 
40387-4,40387,7,33,4,50.00,45350.00,0.08,0.01,N,O,1998-04-14,1998-04-10,1998-04-21,COLLECT COD,AIR,y deposits. slyly
40387-5,40387,1008,9,5,35.00,31815.00,0.08,0.05,N,O,1998-02-24,1998-05-04,1998-03-09,DELIVER IN PERSON,AIR,y quick packages sleep above the furio
40387-6,40387,67,18,6,14.00,13538.84,0.00,0.06,N,O,1998-04-08,1998-03-29,1998-04-17,DELIVER IN PERSON,RAIL, fluffily among the regular idea
40388-1,40388,892,93,1,19.00,34064.91,0.02,0.05,R,F,1992-10-11,1992-10-05,1992-11-03,TAKE BACK RETURN,FOB,l deposits are across the 
40388-2,40388,639,2,2,31.00,47728.53,0.05,0.07,A,F,1992-10-28,1992-08-25,1992-11-03,COLLECT COD,MAIL,e blithely final pinto beans! ironic 
40388-3,40388,400,29,3,25.00,32510.00,0.03,0.06,A,F,1992-08-17,1992-10-22,1992-09-13,NONE,RAIL,blate thinly. furiously fina
40388-4,40388,1579,60,4,16.00,23689.12,0.03,0.06,R,F,1992-09-28,1992-10-01,1992-10-07,COLLECT COD,AIR,he ruthlessly
40389-1,40389,1504,25,1,39.00,54814.50,0.03,0.06,N,O,1998-05-28,1998-07-01,1998-06-26,COLLECT COD,MAIL,slyly final deposits. quickly reg
40389-2,40389,1676,77,2,22.00,34708.74,0.07,0.07,N,O,1998-04-28,1998-05-15,1998-05-17,TAKE BACK RETURN,RAIL,ake unusual requests. blithely regular 
40389-3,40389,1117,26,3,41.00,41742.51,0.02,0.04,N,O,1998-07-15,1998-06-02,1998-07-23,NONE,SHIP,"ts. regular, ironic theodolites haggle. e"
40390-1,40390,1692,75,1,32.00,50998.08,0.08,0.03,N,O,1996-11-17,1996-11-16,1996-12-12,COLLECT COD,RAIL,ven deposits. quickly 
40391-1,40391,1531,72,1,2.00,2865.06,0.08,0.05,N,O,1997-12-31,1997-10-30,1998-01-19,TAKE BACK RETURN,FOB,out the pinto beans.
40391-2,40391,1348,25,2,29.00,36230.86,0.05,0.08,N,O,1997-12-07,1997-11-05,1997-12-17,NONE,SHIP,uffily even req
40391-3,40391,275,76,3,11.00,12927.97,0.00,0.08,N,O,1997-12-26,1997-11-18,1998-01-24,DELIVER IN PERSON,RAIL, slyly ironic accounts. blithely regular
40391-4,40391,1064,70,4,6.00,5790.36,0.01,0.08,N,O,1998-01-16,1997-12-13,1998-02-05,NONE,SHIP,uriously express theodolites sublate
40391-5,40391,150,51,5,32.00,33604.80,0.07,0.02,N,O,1997-10-03,1997-11-10,1997-10-04,DELIVER IN PERSON,MAIL,telets sleep! bold pinto b
40391-6,40391,607,70,6,29.00,43720.40,0.02,0.06,N,O,1997-11-03,1997-11-17,1997-11-19,COLLECT COD,AIR,ts. blithely final dependencies haggle
40391-7,40391,56,7,7,41.00,39198.05,0.07,0.00,N,O,1997-10-14,1997-11-19,1997-10-22,COLLECT COD,SHIP,y theodolit
40416-1,40416,1864,8,1,24.00,42380.64,0.04,0.02,A,F,1993-05-28,1993-06-25,1993-06-02,COLLECT COD,REG AIR,y quiet ideas s
40416-2,40416,1374,51,2,15.00,19130.55,0.00,0.01,R,F,1993-04-22,1993-06-29,1993-04-28,COLLECT COD,MAIL,al requests according to the
40416-3,40416,1910,43,3,11.00,19931.01,0.09,0.07,A,F,1993-04-12,1993-05-10,1993-04-28,NONE,MAIL,"usly regular, silent deposits. fluff"
40416-4,40416,882,49,4,45.00,80229.60,0.04,0.05,A,F,1993-05-05,1993-05-26,1993-05-23,COLLECT COD,REG AIR,ntiments cajole? ca
40417-1,40417,1725,52,1,10.00,16267.20,0.04,0.00,N,O,1998-05-07,1998-05-30,1998-05-15,DELIVER IN PERSON,SHIP,inal theodolites alongside of the Tiresias
40417-2,40417,966,67,2,18.00,33605.28,0.08,0.06,N,O,1998-05-10,1998-06-15,1998-05-14,COLLECT COD,SHIP, pinto beans haggle. platelets nag.
40417-3,40417,1369,46,3,8.00,10162.88,0.05,0.06,N,O,1998-05-21,1998-05-16,1998-06-20,COLLECT COD,AIR,gle carefully. regular theodolites along 
40418-1,40418,148,1,1,46.00,48214.44,0.00,0.04,N,O,1998-04-08,1998-06-06,1998-04-29,NONE,REG AIR, blithely specia
40418-2,40418,1438,39,2,10.00,13394.30,0.02,0.04,N,O,1998-07-17,1998-05-13,1998-07-31,COLLECT COD,FOB, platelets according to the qu
40419-1,40419,1637,38,1,46.00,70776.98,0.09,0.03,N,O,1996-09-09,1996-09-08,1996-10-01,TAKE BACK RETURN,MAIL,ing to the furiously bold pinto beans. ex
40420-1,40420,1709,10,1,27.00,43488.90,0.05,0.04,R,F,1995-01-20,1995-02-16,1995-02-12,COLLECT COD,REG AIR,ar ideas cajol
40420-2,40420,1494,34,2,4.00,5581.96,0.10,0.05,R,F,1995-04-22,1995-03-30,1995-05-10,COLLECT COD,AIR, fluffily even accoun
40420-3,40420,260,88,3,21.00,24365.46,0.01,0.00,A,F,1995-02-09,1995-03-26,1995-03-09,TAKE BACK RETURN,SHIP, slyly. slyly enticing foxes haggle 
40420-4,40420,962,97,4,1.00,1862.96,0.08,0.05,A,F,1995-04-30,1995-03-31,1995-05-15,COLLECT COD,FOB, of the fluffily close packages cajo
40420-5,40420,1216,17,5,48.00,53626.08,0.05,0.01,A,F,1995-02-09,1995-03-10,1995-03-05,DELIVER IN PERSON,RAIL,efully ironic orbits use carefully ac
40420-6,40420,1840,70,6,27.00,47029.68,0.03,0.05,A,F,1995-04-20,1995-03-21,1995-05-10,COLLECT COD,MAIL,"ages according to the bold, final requ"
40420-7,40420,1290,2,7,38.00,45269.02,0.01,0.08,A,F,1995-03-04,1995-03-14,1995-03-31,TAKE BACK RETURN,FOB, instructions. blithely final 
40421-1,40421,1612,54,1,17.00,25731.37,0.10,0.08,R,F,1992-12-17,1992-12-25,1992-12-20,DELIVER IN PERSON,RAIL,ress packages dazzle 
40421-2,40421,281,36,2,45.00,53157.60,0.06,0.05,A,F,1993-01-01,1992-12-23,1993-01-09,NONE,AIR,e fluffily iron
40422-1,40422,238,39,1,38.00,43252.74,0.03,0.00,N,O,1995-09-22,1995-09-09,1995-09-25,TAKE BACK RETURN,MAIL,slyly express deposi
40422-2,40422,489,19,2,41.00,56968.68,0.09,0.07,N,O,1995-09-14,1995-10-03,1995-10-03,NONE,TRUCK,. always regular accoun
40423-1,40423,1055,26,1,22.00,21033.10,0.10,0.07,N,O,1998-09-24,1998-09-02,1998-10-07,DELIVER IN PERSON,AIR,y express theodolit
40423-2,40423,1390,67,2,39.00,50364.21,0.02,0.04,N,O,1998-07-22,1998-09-04,1998-08-11,DELIVER IN PERSON,AIR, accounts. theodolites sleep quickl
40423-3,40423,1491,31,3,12.00,16709.88,0.09,0.05,N,O,1998-08-13,1998-09-11,1998-08-22,TAKE BACK RETURN,AIR,ilent accounts haggle bold dependencies. bl
40423-4,40423,1383,60,4,10.00,12843.80,0.07,0.07,N,O,1998-10-29,1998-08-30,1998-11-05,TAKE BACK RETURN,TRUCK,ins. furiously unusual accounts ha
40423-5,40423,1365,66,5,2.00,2532.72,0.05,0.00,N,O,1998-09-25,1998-09-23,1998-10-11,COLLECT COD,SHIP,st the furiously ironic request
40423-6,40423,95,96,6,31.00,30847.79,0.03,0.02,N,O,1998-10-26,1998-09-01,1998-11-03,TAKE BACK RETURN,REG AIR,eans haggle furiously. carefully iro
40423-7,40423,805,5,7,2.00,3411.60,0.09,0.01,N,O,1998-09-09,1998-09-24,1998-09-10,NONE,MAIL, dependencies boost furi
40448-1,40448,506,97,1,46.00,64699.00,0.01,0.02,N,O,1997-12-08,1997-10-25,1998-01-03,COLLECT COD,SHIP,ly furiously iro
40448-2,40448,1614,97,2,30.00,45468.30,0.09,0.08,N,O,1997-10-14,1997-10-09,1997-11-05,COLLECT COD,REG AIR,equests. blithely iron
40448-3,40448,1394,33,3,1.00,1295.39,0.04,0.01,N,O,1997-10-15,1997-11-02,1997-10-18,DELIVER IN PERSON,REG AIR, cajole caref
40448-4,40448,1760,45,4,50.00,83088.00,0.07,0.01,N,O,1997-09-16,1997-10-27,1997-09-27,COLLECT COD,FOB, gifts cajole around 
40449-1,40449,1429,47,1,45.00,59868.90,0.04,0.02,N,O,1998-06-11,1998-06-21,1998-07-02,DELIVER IN PERSON,AIR,ackages wake. fi
40450-1,40450,1543,44,1,43.00,62115.22,0.06,0.08,A,F,1992-10-15,1992-09-22,1992-10-30,TAKE BACK RETURN,TRUCK, theodolites haggle quick
40450-2,40450,718,19,2,40.00,64748.40,0.07,0.02,A,F,1992-10-19,1992-10-12,1992-10-24,DELIVER IN PERSON,MAIL,the sentiments lose blit
40451-1,40451,249,77,1,22.00,25283.28,0.04,0.07,N,O,1997-09-25,1997-11-03,1997-10-03,TAKE BACK RETURN,FOB, deposits. quickly even ideas cajo
40451-2,40451,578,79,2,29.00,42878.53,0.00,0.03,N,O,1997-11-10,1997-10-09,1997-11-30,NONE,FOB,unusual asympt
40451-3,40451,1064,35,3,7.00,6755.42,0.07,0.01,N,O,1997-09-19,1997-11-20,1997-09-20,COLLECT COD,RAIL,ily pending theodolites haggle careful
40451-4,40451,262,17,4,31.00,36030.06,0.06,0.04,N,O,1997-11-05,1997-10-06,1997-11-26,NONE,SHIP,unts. quickly unusual courts wake a
40452-1,40452,1800,43,1,28.00,47650.40,0.02,0.02,N,O,1997-11-23,1997-12-15,1997-12-23,COLLECT COD,TRUCK, even foxes. bravely special 
40452-2,40452,1779,80,2,16.00,26892.32,0.02,0.01,N,O,1997-10-11,1997-11-17,1997-10-26,NONE,AIR,ies. blithely special platelets cajole furi
40452-3,40452,1598,19,3,23.00,34490.57,0.00,0.04,N,O,1997-12-20,1997-12-01,1998-01-16,DELIVER IN PERSON,FOB,y ironic asymptotes doubt. regular
40452-4,40452,1769,54,4,13.00,21719.88,0.06,0.07,N,O,1997-11-14,1997-11-19,1997-11-18,DELIVER IN PERSON,AIR,"nic, even dependencies boost inst"
40452-5,40452,1050,86,5,21.00,19972.05,0.02,0.04,N,O,1998-01-14,1997-11-29,1998-01-25,COLLECT COD,MAIL,heodolites
40452-6,40452,1349,88,6,19.00,23756.46,0.04,0.02,N,O,1997-10-29,1997-10-30,1997-11-06,NONE,SHIP,ss the slyly special pi
40452-7,40452,1644,86,7,9.00,13910.76,0.06,0.00,N,O,1998-01-08,1997-11-04,1998-02-03,NONE,AIR,its wake along the fluffily special pack
40453-1,40453,687,50,1,2.00,3175.36,0.08,0.07,N,O,1996-06-08,1996-04-21,1996-07-07,TAKE BACK RETURN,TRUCK,posits. regularly bold court
40453-2,40453,1361,38,2,46.00,58068.56,0.02,0.06,N,O,1996-06-06,1996-05-16,1996-06-26,TAKE BACK RETURN,RAIL,ove the slyly regular ideas. ideas agains
40453-3,40453,1062,68,3,49.00,47189.94,0.09,0.05,N,O,1996-04-13,1996-06-09,1996-05-13,DELIVER IN PERSON,REG AIR,ts haggle quickly. even i
40453-4,40453,445,33,4,24.00,32290.56,0.06,0.05,N,O,1996-03-18,1996-05-13,1996-04-09,NONE,REG AIR, carefully around the accoun
40453-5,40453,130,83,5,33.00,33994.29,0.05,0.03,N,O,1996-06-02,1996-06-09,1996-06-30,TAKE BACK RETURN,REG AIR,s nag furiously final dependencies.
40454-1,40454,1859,3,1,25.00,44021.25,0.06,0.00,A,F,1995-04-28,1995-06-27,1995-05-01,COLLECT COD,RAIL,usual pinto beans
40454-2,40454,732,33,2,10.00,16327.30,0.05,0.06,R,F,1995-05-08,1995-07-06,1995-05-14,TAKE BACK RETURN,AIR,"eas detect. bold, bol"
40454-3,40454,582,13,3,39.00,57820.62,0.06,0.03,A,F,1995-05-03,1995-07-16,1995-05-12,NONE,MAIL,eas. regular packages detect fluffily. qu
40455-1,40455,1512,13,1,8.00,11308.08,0.09,0.04,R,F,1995-04-25,1995-02-28,1995-04-28,TAKE BACK RETURN,REG AIR,its cajole slyly even a
40480-1,40480,984,19,1,27.00,50894.46,0.10,0.02,N,O,1996-01-08,1996-02-04,1996-01-11,TAKE BACK RETURN,FOB,lithely close requests. packages s
40480-2,40480,906,41,2,37.00,66855.30,0.05,0.08,N,O,1996-01-17,1996-01-07,1996-02-03,DELIVER IN PERSON,AIR,"unts on the ironic, regula"
40480-3,40480,1248,60,3,30.00,34477.20,0.10,0.06,N,O,1996-02-09,1996-02-16,1996-03-06,DELIVER IN PERSON,AIR,lar request
40481-1,40481,1015,51,1,17.00,15572.17,0.00,0.05,N,O,1998-03-12,1998-03-14,1998-03-20,DELIVER IN PERSON,RAIL,ong the final
40481-2,40481,930,31,2,7.00,12816.51,0.01,0.04,N,O,1998-04-29,1998-03-29,1998-05-16,NONE,MAIL,kages run slyly carefully 
40481-3,40481,1791,76,3,19.00,32163.01,0.00,0.08,N,O,1998-02-15,1998-03-08,1998-02-22,COLLECT COD,RAIL, of the carefully 
40481-4,40481,82,33,4,22.00,21605.76,0.06,0.08,N,O,1998-04-22,1998-04-03,1998-05-20,NONE,SHIP,nusual theodolites are furiously 
40481-5,40481,71,72,5,42.00,40784.94,0.04,0.07,N,O,1998-04-20,1998-04-18,1998-05-07,COLLECT COD,TRUCK,"fter the unusual, bold instructions"
40482-1,40482,44,20,1,46.00,43425.84,0.08,0.05,N,O,1995-11-02,1996-01-16,1995-11-12,NONE,AIR,thely unusual packages are furiousl
40482-2,40482,766,31,2,6.00,10000.56,0.09,0.03,N,O,1996-01-14,1995-12-26,1996-02-04,DELIVER IN PERSON,REG AIR,"ual, sly pa"
40483-1,40483,1035,6,1,50.00,46801.50,0.00,0.03,A,F,1993-12-12,1994-01-07,1993-12-25,TAKE BACK RETURN,RAIL,ly regular 
40483-2,40483,817,51,2,46.00,79019.26,0.03,0.05,R,F,1993-11-04,1993-12-12,1993-11-27,TAKE BACK RETURN,REG AIR,ccounts sleep fu
40483-3,40483,1511,12,3,48.00,67800.48,0.01,0.07,A,F,1993-12-26,1993-12-08,1994-01-19,DELIVER IN PERSON,FOB,ions. final packages sleep. blithel
40483-4,40483,1764,91,4,7.00,11660.32,0.00,0.01,R,F,1993-11-10,1993-12-10,1993-11-13,NONE,AIR,gular packages. packages sleep furious
40483-5,40483,111,38,5,9.00,9099.99,0.06,0.08,A,F,1993-11-30,1994-01-25,1993-12-24,COLLECT COD,FOB,express pin
40484-1,40484,1967,68,1,45.00,84103.20,0.10,0.06,R,F,1993-11-20,1993-09-29,1993-11-30,TAKE BACK RETURN,REG AIR, the blithely special multi
40485-1,40485,342,99,1,8.00,9938.72,0.06,0.00,R,F,1995-03-04,1995-03-06,1995-03-20,NONE,MAIL,ironic inst
40485-2,40485,244,26,2,29.00,33182.96,0.03,0.03,R,F,1995-03-16,1995-03-24,1995-04-14,NONE,AIR,nic requests haggle slyly final p
40485-3,40485,878,45,3,8.00,14230.96,0.09,0.02,A,F,1995-03-15,1995-02-23,1995-04-05,TAKE BACK RETURN,MAIL,ever ironic a
40485-4,40485,1143,16,4,37.00,38633.18,0.00,0.06,A,F,1995-03-29,1995-03-02,1995-04-10,DELIVER IN PERSON,MAIL,ar pinto beans. re
40485-5,40485,1365,42,5,30.00,37990.80,0.09,0.01,A,F,1995-03-31,1995-02-20,1995-04-21,TAKE BACK RETURN,MAIL,are. regular requests nag bli
40486-1,40486,718,51,1,4.00,6474.84,0.10,0.07,N,O,1997-12-30,1998-02-18,1998-01-21,TAKE BACK RETURN,TRUCK,ages nag carefully express ac
40486-2,40486,1903,36,2,24.00,43317.60,0.05,0.07,N,O,1998-04-06,1998-01-13,1998-04-12,COLLECT COD,RAIL,"ng foxes solve slyly at the final, silent"
40486-3,40486,766,63,3,20.00,33335.20,0.01,0.00,N,O,1998-01-30,1998-02-20,1998-02-25,COLLECT COD,FOB,yly bold instructions h
40486-4,40486,87,38,4,14.00,13819.12,0.10,0.06,N,O,1998-03-10,1998-02-13,1998-04-03,NONE,REG AIR,aggle blithely about the final
40487-1,40487,1927,16,1,42.00,76814.64,0.10,0.07,N,O,1996-06-17,1996-08-12,1996-07-14,NONE,FOB,carefully never regular deposits. 
40487-2,40487,1358,97,2,14.00,17630.90,0.07,0.05,N,O,1996-06-16,1996-08-12,1996-06-22,COLLECT COD,FOB,eposits are carefully accord
40487-3,40487,1329,44,3,42.00,51673.44,0.06,0.02,N,O,1996-08-13,1996-08-24,1996-08-21,NONE,REG AIR,"hely bold requests are. brave, even deposit"
40487-4,40487,635,98,4,26.00,39926.38,0.00,0.00,N,O,1996-08-19,1996-08-26,1996-09-01,DELIVER IN PERSON,AIR,uriously ironic accounts above the sile
40487-5,40487,1979,24,5,7.00,13166.79,0.04,0.05,N,O,1996-09-19,1996-08-01,1996-09-22,COLLECT COD,MAIL,the slyly ironic packages haggle slyly 
40487-6,40487,286,87,6,22.00,26098.16,0.01,0.02,N,O,1996-07-14,1996-07-23,1996-07-23,COLLECT COD,AIR,ructions boost a
40487-7,40487,1161,62,7,37.00,39299.92,0.05,0.07,N,O,1996-09-03,1996-08-04,1996-09-28,NONE,SHIP,ecial platelets. ironic platelets around
40512-1,40512,396,97,1,33.00,42780.87,0.07,0.02,R,F,1993-11-02,1993-12-14,1993-11-14,DELIVER IN PERSON,TRUCK,special requests dazzle slyly ideas. blithe
40512-2,40512,1172,81,2,27.00,28975.59,0.09,0.08,R,F,1993-11-24,1993-11-30,1993-12-02,NONE,MAIL,ly. even packages sleep carefully.
40512-3,40512,1373,12,3,28.00,35682.36,0.08,0.02,R,F,1993-12-15,1993-11-13,1993-12-22,TAKE BACK RETURN,RAIL,s boost across the accounts. accounts 
40512-4,40512,1048,54,4,14.00,13286.56,0.01,0.05,R,F,1993-11-19,1993-11-10,1993-11-21,DELIVER IN PERSON,TRUCK,y unusual deposits boost
40512-5,40512,1833,20,5,24.00,41635.92,0.07,0.07,A,F,1993-11-22,1993-10-24,1993-12-02,COLLECT COD,TRUCK,eans. bold ideas detect packag
40512-6,40512,87,13,6,43.00,42444.44,0.00,0.06,R,F,1993-12-29,1993-11-27,1994-01-09,DELIVER IN PERSON,MAIL,carefully ironic pinto beans w
40513-1,40513,656,50,1,17.00,26463.05,0.04,0.07,N,O,1996-08-15,1996-07-06,1996-09-07,TAKE BACK RETURN,SHIP, alongside of the even accounts poa
40513-2,40513,254,55,2,17.00,19622.25,0.07,0.01,N,O,1996-07-09,1996-08-14,1996-08-03,NONE,FOB,ly. fluffily regular packages
40513-3,40513,58,59,3,28.00,26825.40,0.09,0.03,N,O,1996-06-04,1996-07-08,1996-06-20,NONE,REG AIR,ously expres
40513-4,40513,456,86,4,15.00,20346.75,0.01,0.07,N,O,1996-08-23,1996-07-06,1996-09-08,DELIVER IN PERSON,MAIL,"unusual platelets. unusual, even foxe"
40514-1,40514,701,98,1,12.00,19220.40,0.04,0.00,N,O,1998-06-30,1998-05-25,1998-07-22,COLLECT COD,RAIL,"he special, even instru"
40514-2,40514,239,21,2,37.00,42151.51,0.07,0.04,N,O,1998-05-19,1998-05-31,1998-06-03,TAKE BACK RETURN,FOB,r final deposits na
40514-3,40514,763,60,3,1.00,1663.76,0.06,0.03,N,O,1998-04-17,1998-06-25,1998-04-21,TAKE BACK RETURN,AIR,e foxes haggle slyly
40514-4,40514,1097,3,4,36.00,35931.24,0.08,0.04,N,O,1998-04-22,1998-05-26,1998-05-16,COLLECT COD,REG AIR,ly accounts. fluffily final
40514-5,40514,814,15,5,20.00,34296.20,0.07,0.01,N,O,1998-04-20,1998-06-13,1998-05-03,TAKE BACK RETURN,MAIL,ajole slyly about the ironic
40514-6,40514,1860,47,6,42.00,73998.12,0.08,0.06,N,O,1998-05-18,1998-06-25,1998-06-05,TAKE BACK RETURN,MAIL,. blithely regular asymptotes wake
40514-7,40514,11,12,7,34.00,30974.34,0.02,0.00,N,O,1998-05-01,1998-05-23,1998-05-12,NONE,FOB,refully unusual requ
40515-1,40515,364,65,1,12.00,15172.32,0.05,0.02,N,O,1996-05-08,1996-03-26,1996-06-06,COLLECT COD,MAIL,al accounts boost furiously amon
40515-2,40515,1175,76,2,40.00,43046.80,0.10,0.04,N,O,1996-03-19,1996-03-27,1996-04-15,NONE,AIR,ar accounts.
40515-3,40515,81,7,3,50.00,49054.00,0.01,0.08,N,O,1996-04-06,1996-04-17,1996-05-01,COLLECT COD,SHIP,nic deposits. bold dependencie
40515-4,40515,184,63,4,27.00,29272.86,0.01,0.02,N,O,1996-05-20,1996-04-02,1996-05-31,DELIVER IN PERSON,REG AIR,y within the final packages. blit
40515-5,40515,1989,34,5,30.00,56729.40,0.09,0.06,N,O,1996-05-06,1996-03-05,1996-05-13,COLLECT COD,SHIP,s haggle after the ironic ideas. regular
40516-1,40516,1507,88,1,35.00,49297.50,0.06,0.08,N,O,1996-09-19,1996-09-06,1996-10-16,TAKE BACK RETURN,SHIP,carefully regu
40516-2,40516,1075,81,2,1.00,976.07,0.02,0.05,N,O,1996-07-21,1996-09-16,1996-07-28,TAKE BACK RETURN,RAIL,ly even theodolite
40516-3,40516,1601,84,3,27.00,40570.20,0.00,0.03,N,O,1996-08-06,1996-09-23,1996-08-15,NONE,MAIL,out the slyly ironic pinto bea
40517-1,40517,25,76,1,46.00,42550.92,0.06,0.03,N,O,1996-06-15,1996-05-25,1996-07-09,NONE,MAIL, integrate slyly 
40517-2,40517,1529,50,2,25.00,35763.00,0.03,0.05,N,O,1996-08-08,1996-05-10,1996-08-28,COLLECT COD,RAIL,nal requests. closely fina
40518-1,40518,1185,22,1,6.00,6517.08,0.02,0.00,R,F,1994-05-20,1994-05-08,1994-05-22,NONE,AIR,s alongside of the accounts a
40518-2,40518,1398,37,2,1.00,1299.39,0.00,0.05,A,F,1994-05-18,1994-06-05,1994-06-15,NONE,AIR,ses; even foxes
40518-3,40518,1536,77,3,36.00,51751.08,0.06,0.03,A,F,1994-03-17,1994-04-28,1994-04-09,NONE,MAIL,round the f
40519-1,40519,552,43,1,28.00,40671.40,0.09,0.04,A,F,1994-01-25,1994-02-24,1994-02-12,COLLECT COD,FOB,sly even dolphi
40544-1,40544,1348,63,1,12.00,14992.08,0.00,0.06,R,F,1994-06-03,1994-05-15,1994-07-03,TAKE BACK RETURN,TRUCK,ounts use carefully furiously busy pin
40544-2,40544,370,55,2,37.00,47003.69,0.00,0.05,R,F,1994-05-26,1994-05-24,1994-05-30,NONE,TRUCK, requests sleep carefully slyly pending f
40544-3,40544,268,23,3,25.00,29206.50,0.06,0.02,A,F,1994-05-29,1994-06-23,1994-06-20,COLLECT COD,REG AIR,ntly unusual frays. p
40544-4,40544,540,31,4,36.00,51859.44,0.10,0.04,A,F,1994-07-21,1994-06-08,1994-08-10,NONE,RAIL,n packages cajole idly pending courts. 
40544-5,40544,672,35,5,5.00,7863.35,0.03,0.03,A,F,1994-04-19,1994-06-09,1994-04-20,TAKE BACK RETURN,RAIL,iously regular requests: bli
40544-6,40544,40,41,6,1.00,940.04,0.00,0.08,A,F,1994-05-06,1994-05-21,1994-05-26,DELIVER IN PERSON,AIR,layers unwind caref
40545-1,40545,483,13,1,39.00,53955.72,0.07,0.07,N,O,1998-02-12,1998-01-05,1998-02-26,NONE,MAIL,lly unusual accounts. thin r
40545-2,40545,1913,14,2,18.00,32668.38,0.07,0.06,N,O,1997-12-15,1998-01-05,1997-12-22,COLLECT COD,MAIL,deposits. ex
40545-3,40545,721,22,3,29.00,47029.88,0.05,0.07,N,O,1998-03-30,1998-02-05,1998-04-19,COLLECT COD,SHIP,thely even requests affix quickly caref
40546-1,40546,1158,31,1,36.00,38129.40,0.05,0.08,A,F,1993-09-23,1993-08-03,1993-10-13,NONE,MAIL,al foxes. f
40547-1,40547,720,17,1,46.00,74553.12,0.03,0.07,R,F,1994-07-25,1994-08-16,1994-08-18,DELIVER IN PERSON,AIR,cial packages integrate 
40547-2,40547,1573,94,2,27.00,39813.39,0.10,0.05,R,F,1994-10-26,1994-08-13,1994-11-24,TAKE BACK RETURN,FOB,sts. silently silent platelets thrash b
40548-1,40548,564,95,1,28.00,41007.68,0.00,0.00,N,O,1997-08-04,1997-08-23,1997-08-17,COLLECT COD,FOB,es cajole deposits. furiously bold id
40548-2,40548,549,40,2,31.00,44935.74,0.09,0.05,N,O,1997-08-02,1997-06-29,1997-08-15,COLLECT COD,AIR,s alongside of the f
40548-3,40548,1987,76,3,5.00,9444.90,0.08,0.04,N,O,1997-06-12,1997-07-31,1997-06-21,DELIVER IN PERSON,REG AIR,k foxes wake f
40548-4,40548,847,81,4,30.00,52435.20,0.05,0.02,N,O,1997-06-16,1997-07-20,1997-07-06,NONE,SHIP,ajole final ideas. accounts doze blithe
40548-5,40548,1814,44,5,35.00,60053.35,0.07,0.07,N,O,1997-06-23,1997-07-24,1997-07-08,DELIVER IN PERSON,TRUCK, warhorses 
40548-6,40548,1382,83,6,5.00,6416.90,0.08,0.08,N,O,1997-08-26,1997-07-20,1997-09-18,TAKE BACK RETURN,SHIP,kly unusual acc
40548-7,40548,485,73,7,15.00,20782.20,0.05,0.08,N,O,1997-08-31,1997-06-25,1997-09-25,COLLECT COD,MAIL,unusual frets. fluffily express package
40549-1,40549,316,45,1,47.00,57166.57,0.10,0.07,N,O,1996-12-02,1996-10-27,1996-12-13,TAKE BACK RETURN,SHIP,ost furiously quickly even excuses.
40549-2,40549,26,52,2,12.00,11112.24,0.09,0.07,N,O,1996-11-18,1996-11-29,1996-12-03,COLLECT COD,SHIP,y. carefully regular excuses dete
40549-3,40549,33,84,3,31.00,28923.93,0.08,0.07,N,O,1996-12-06,1996-10-27,1996-12-12,TAKE BACK RETURN,RAIL,ests nag alon
40549-4,40549,823,90,4,13.00,22409.66,0.09,0.01,N,O,1996-11-14,1996-11-29,1996-12-03,COLLECT COD,MAIL,ress foxes boost furiou
40550-1,40550,1568,49,1,47.00,69069.32,0.02,0.02,N,O,1996-06-27,1996-07-24,1996-07-23,TAKE BACK RETURN,FOB,according to the regular foxes. final
40550-2,40550,942,77,2,30.00,55288.20,0.05,0.06,N,O,1996-09-17,1996-08-29,1996-09-20,TAKE BACK RETURN,REG AIR,ggle about the final pinto beans. furiously
40550-3,40550,1183,84,3,46.00,49872.28,0.04,0.00,N,O,1996-06-26,1996-07-25,1996-06-30,DELIVER IN PERSON,REG AIR,e carefully final accou
40550-4,40550,1686,69,4,32.00,50805.76,0.00,0.08,N,O,1996-07-14,1996-09-05,1996-08-01,NONE,AIR,"es haggle carefully final, final "
40550-5,40550,428,29,5,7.00,9298.94,0.07,0.08,N,O,1996-07-30,1996-08-05,1996-08-26,TAKE BACK RETURN,FOB,"e slyly ironic dugouts-- final, re"
40550-6,40550,1406,24,6,6.00,7844.40,0.01,0.06,N,O,1996-08-04,1996-07-25,1996-08-18,COLLECT COD,MAIL,eodolites play across the unus
40551-1,40551,1072,8,1,18.00,17515.26,0.06,0.00,R,F,1993-10-14,1993-11-30,1993-11-08,DELIVER IN PERSON,RAIL, carefully regular packages wa
40551-2,40551,1740,41,2,47.00,77161.78,0.10,0.08,R,F,1993-10-31,1993-11-24,1993-11-12,TAKE BACK RETURN,RAIL,"t the special, regular pac"
40551-3,40551,419,49,3,7.00,9235.87,0.03,0.06,R,F,1993-12-15,1993-12-05,1994-01-07,TAKE BACK RETURN,REG AIR,he blithely
40551-4,40551,1135,44,4,1.00,1036.13,0.05,0.06,R,F,1993-09-19,1993-11-24,1993-10-05,DELIVER IN PERSON,RAIL,l pinto beans nag care
40576-1,40576,633,96,1,4.00,6134.52,0.07,0.07,A,F,1992-09-25,1992-07-27,1992-10-21,NONE,AIR,accounts along th
40577-1,40577,657,58,1,1.00,1557.65,0.08,0.01,N,O,1998-02-03,1998-01-14,1998-02-12,DELIVER IN PERSON,TRUCK,he dolphins nag
40577-2,40577,1563,84,2,32.00,46865.92,0.08,0.02,N,O,1997-12-14,1998-02-02,1998-01-11,TAKE BACK RETURN,AIR,ep fluffily along the slyly final
40577-3,40577,1661,85,3,4.00,6250.64,0.07,0.07,N,O,1998-03-25,1998-02-19,1998-04-24,DELIVER IN PERSON,AIR,ngside of the blithely close 
40577-4,40577,299,81,4,43.00,51569.47,0.06,0.02,N,O,1998-02-04,1998-03-06,1998-02-23,COLLECT COD,REG AIR,ing instructions wake according to t
40577-5,40577,320,77,5,20.00,24406.40,0.07,0.06,N,O,1998-02-24,1998-03-03,1998-03-26,DELIVER IN PERSON,MAIL,t the slyly regular dep
40578-1,40578,1515,56,1,28.00,39662.28,0.06,0.04,N,O,1997-01-03,1996-12-14,1997-01-28,TAKE BACK RETURN,FOB,aggle quickly slyly regular dolphi
40578-2,40578,1024,25,2,35.00,32375.70,0.02,0.03,N,O,1996-11-25,1996-11-12,1996-12-05,COLLECT COD,AIR,y bold excuses w
40578-3,40578,281,63,3,1.00,1181.28,0.03,0.07,N,O,1996-09-27,1996-11-07,1996-09-30,NONE,REG AIR,yly final 
40578-4,40578,600,61,4,32.00,48019.20,0.02,0.03,N,O,1996-11-03,1996-12-03,1996-11-15,COLLECT COD,TRUCK,ckly regular dependencies alo
40578-5,40578,1679,62,5,13.00,20548.71,0.05,0.02,N,O,1996-10-02,1996-12-12,1996-10-18,TAKE BACK RETURN,RAIL,the carefully ironic p
40578-6,40578,1496,75,6,16.00,22359.84,0.01,0.01,N,O,1996-10-24,1996-12-02,1996-11-16,DELIVER IN PERSON,FOB,. furiously final packages snooze fur
40578-7,40578,1590,91,7,35.00,52205.65,0.06,0.00,N,O,1996-09-20,1996-12-14,1996-09-23,NONE,FOB," express, express foxes haggle care"
40579-1,40579,735,100,1,29.00,47436.17,0.04,0.04,N,O,1997-01-22,1996-12-08,1997-02-01,COLLECT COD,RAIL,slyly dogged requests use fluff
40579-2,40579,1996,97,2,20.00,37959.80,0.06,0.05,N,O,1996-12-04,1996-12-01,1996-12-17,DELIVER IN PERSON,MAIL,"ress deposits. unusual, regular "
40579-3,40579,1623,65,3,18.00,27443.16,0.03,0.02,N,O,1997-01-15,1997-01-08,1997-01-22,NONE,MAIL,slyly final dependencies s
40579-4,40579,1585,66,4,23.00,34191.34,0.07,0.04,N,O,1997-01-28,1997-01-24,1997-02-13,NONE,FOB,e fluffily. c
40579-5,40579,1452,53,5,21.00,28422.45,0.04,0.05,N,O,1996-12-27,1996-12-12,1996-12-31,NONE,AIR,osits solve evenly even
40579-6,40579,107,60,6,11.00,11078.10,0.02,0.07,N,O,1997-02-02,1996-12-30,1997-02-15,NONE,TRUCK,osits. theodoli
40580-1,40580,1838,39,1,46.00,80032.18,0.06,0.04,N,O,1996-10-17,1996-10-20,1996-10-30,DELIVER IN PERSON,FOB,l accounts. bli
40580-2,40580,1341,18,2,18.00,22362.12,0.04,0.08,N,O,1997-01-12,1996-11-27,1997-02-10,NONE,TRUCK,sly pending packages. quickly final request
40580-3,40580,124,25,3,49.00,50181.88,0.00,0.00,N,O,1996-12-02,1996-11-18,1996-12-22,TAKE BACK RETURN,MAIL,leep carefully final asymptotes. regu
40580-4,40580,1900,87,4,18.00,32434.20,0.07,0.02,N,O,1996-10-27,1996-11-27,1996-11-24,COLLECT COD,REG AIR, ironic requests det
40581-1,40581,281,63,1,3.00,3543.84,0.01,0.00,N,O,1996-05-22,1996-06-21,1996-05-29,COLLECT COD,SHIP,ar requests cajole 
40581-2,40581,26,77,2,19.00,17594.38,0.09,0.03,N,O,1996-05-28,1996-07-18,1996-06-07,NONE,SHIP, alongside of the quickly regular packag
40581-3,40581,1290,28,3,43.00,51225.47,0.07,0.06,N,O,1996-07-26,1996-06-15,1996-08-05,TAKE BACK RETURN,RAIL,y along the bold warhorses. furiousl
40582-1,40582,603,4,1,22.00,33079.20,0.09,0.04,N,O,1997-07-19,1997-07-30,1997-07-25,TAKE BACK RETURN,AIR,arefully. furiously ironic w
40582-2,40582,778,11,2,16.00,26860.32,0.01,0.08,N,O,1997-07-06,1997-08-22,1997-07-23,TAKE BACK RETURN,SHIP,ckly stealth
40582-3,40582,1645,69,3,20.00,30932.80,0.10,0.02,N,O,1997-07-31,1997-08-16,1997-08-13,COLLECT COD,TRUCK,"kages-- unusual, "
40582-4,40582,1481,82,4,4.00,5529.92,0.08,0.05,N,O,1997-06-10,1997-07-04,1997-07-10,TAKE BACK RETURN,SHIP, dolphins. fluffily 
40582-5,40582,1454,33,5,13.00,17620.85,0.03,0.04,N,O,1997-09-22,1997-07-12,1997-10-02,DELIVER IN PERSON,FOB,posits after the packages
40582-6,40582,1675,17,6,14.00,22073.38,0.04,0.01,N,O,1997-08-06,1997-07-26,1997-08-17,TAKE BACK RETURN,SHIP,. pending deposits use alo
40583-1,40583,416,75,1,16.00,21062.56,0.02,0.03,N,O,1998-02-28,1998-05-02,1998-03-01,NONE,REG AIR,instructio
40583-2,40583,366,95,2,19.00,24060.84,0.07,0.03,N,O,1998-03-31,1998-05-19,1998-04-21,DELIVER IN PERSON,AIR,fully speci
40583-3,40583,892,59,3,33.00,59165.37,0.10,0.05,N,O,1998-06-21,1998-05-10,1998-06-30,TAKE BACK RETURN,FOB,ng packages wake
40583-4,40583,283,38,4,47.00,55614.16,0.07,0.07,N,O,1998-04-27,1998-05-12,1998-05-20,TAKE BACK RETURN,SHIP,fully regular escapades. bold epita
40583-5,40583,1427,45,5,30.00,39852.60,0.06,0.03,N,O,1998-04-28,1998-05-06,1998-05-14,DELIVER IN PERSON,RAIL,"ess packages. even, regular"
40583-6,40583,554,45,6,38.00,55272.90,0.01,0.05,N,O,1998-06-16,1998-04-29,1998-06-22,DELIVER IN PERSON,MAIL,ding packages sleep carefully among the 
40583-7,40583,761,62,7,25.00,41544.00,0.10,0.04,N,O,1998-03-02,1998-04-19,1998-04-01,COLLECT COD,TRUCK,wake ironic accounts. instructio
40608-1,40608,165,92,1,9.00,9586.44,0.03,0.06,A,F,1992-12-19,1992-10-19,1993-01-08,COLLECT COD,TRUCK,"ts. bold, "
40608-2,40608,563,24,2,13.00,19026.28,0.06,0.06,R,F,1992-08-30,1992-09-21,1992-09-20,TAKE BACK RETURN,AIR,ly express deposit
40608-3,40608,1449,67,3,25.00,33761.00,0.06,0.04,A,F,1992-08-21,1992-11-03,1992-09-10,NONE,TRUCK,ly special excu
40608-4,40608,1666,8,4,38.00,59571.08,0.01,0.01,R,F,1992-11-02,1992-11-09,1992-11-18,COLLECT COD,FOB,requests snooze quickly asymp
40609-1,40609,1138,39,1,47.00,48839.11,0.06,0.01,R,F,1993-09-15,1993-08-20,1993-10-02,DELIVER IN PERSON,SHIP,final ideas haggle furiously pending excus
40609-2,40609,1488,6,2,43.00,59747.64,0.03,0.04,R,F,1993-09-08,1993-07-26,1993-09-26,TAKE BACK RETURN,REG AIR,ut the quickly final packages. furiously 
40610-1,40610,791,92,1,28.00,47370.12,0.00,0.04,R,F,1992-06-26,1992-08-05,1992-07-19,COLLECT COD,REG AIR,lyly final requests eat blithely. re
40610-2,40610,1136,45,2,21.00,21779.73,0.08,0.01,R,F,1992-06-29,1992-07-13,1992-07-20,COLLECT COD,RAIL,eep carefully final pearls? depo
40610-3,40610,1980,69,3,17.00,31993.66,0.04,0.06,R,F,1992-08-29,1992-07-29,1992-09-07,DELIVER IN PERSON,REG AIR,s detect. fluffily pending a
40610-4,40610,680,12,4,22.00,34774.96,0.05,0.04,A,F,1992-09-06,1992-08-19,1992-09-21,DELIVER IN PERSON,REG AIR, pinto bean
40611-1,40611,1650,92,1,6.00,9309.90,0.01,0.08,R,F,1992-07-22,1992-05-01,1992-08-20,TAKE BACK RETURN,MAIL,fully regular deposits. furiously
40611-2,40611,1398,37,2,36.00,46778.04,0.03,0.07,A,F,1992-05-07,1992-06-25,1992-05-23,TAKE BACK RETURN,AIR,its according to the bold pinto
40611-3,40611,110,89,3,33.00,33333.63,0.04,0.03,A,F,1992-06-16,1992-05-26,1992-07-10,NONE,FOB,efully blith
40611-4,40611,66,42,4,30.00,28981.80,0.01,0.04,A,F,1992-05-01,1992-06-20,1992-05-05,DELIVER IN PERSON,RAIL,ar accounts
40612-1,40612,650,51,1,20.00,31013.00,0.06,0.06,R,F,1995-05-24,1995-04-01,1995-06-12,TAKE BACK RETURN,FOB,nto beans kindle. ironic dolphins use sly
40612-2,40612,1289,64,2,48.00,57133.44,0.01,0.04,R,F,1995-05-01,1995-04-22,1995-05-26,NONE,MAIL,", idle accounts. even foxes hi"
40612-3,40612,159,86,3,10.00,10591.50,0.09,0.02,A,F,1995-05-12,1995-05-28,1995-06-07,COLLECT COD,TRUCK, the slyly special de
40612-4,40612,626,89,4,43.00,65644.66,0.01,0.05,A,F,1995-03-11,1995-05-01,1995-03-26,DELIVER IN PERSON,RAIL,ess deposits wake quickly. 
40612-5,40612,1112,49,5,18.00,18235.98,0.05,0.07,N,O,1995-06-22,1995-05-16,1995-07-08,NONE,AIR,ts are fluffily special in
40612-6,40612,1954,99,6,12.00,22271.40,0.04,0.06,N,O,1995-06-24,1995-04-12,1995-07-10,COLLECT COD,RAIL,e deposits. furiously pending 
40612-7,40612,1810,40,7,27.00,46218.87,0.07,0.03,R,F,1995-05-05,1995-04-15,1995-05-19,DELIVER IN PERSON,MAIL,c instructions. ironic depths against 
40613-1,40613,1829,73,1,47.00,81348.54,0.06,0.04,N,O,1997-05-23,1997-06-13,1997-06-16,COLLECT COD,AIR,g the unusual instructions haggle careful
40613-2,40613,748,45,2,34.00,56057.16,0.05,0.05,N,O,1997-05-07,1997-07-04,1997-05-18,TAKE BACK RETURN,REG AIR,arefully pendin
40613-3,40613,847,48,3,39.00,68165.76,0.10,0.06,N,O,1997-05-02,1997-06-25,1997-05-17,NONE,MAIL,he express packages are dolph
40613-4,40613,1684,85,4,40.00,63427.20,0.04,0.01,N,O,1997-07-18,1997-06-04,1997-08-17,DELIVER IN PERSON,SHIP,inside the quickly si
40613-5,40613,786,87,5,2.00,3373.56,0.10,0.08,N,O,1997-08-07,1997-07-25,1997-08-15,DELIVER IN PERSON,SHIP,eas. blithely pending pinto bea
40613-6,40613,1058,64,6,43.00,41239.15,0.07,0.04,N,O,1997-08-14,1997-07-21,1997-08-24,NONE,MAIL,ular packages are finally requests. fl
40613-7,40613,602,34,7,7.00,10518.20,0.01,0.02,N,O,1997-06-15,1997-06-15,1997-07-14,TAKE BACK RETURN,TRUCK,ely. carefully ex
40614-1,40614,25,1,1,18.00,16650.36,0.07,0.06,N,O,1997-10-23,1997-11-15,1997-11-05,DELIVER IN PERSON,TRUCK, alongside of the packages. regular instru
40615-1,40615,832,99,1,25.00,43320.75,0.09,0.03,R,F,1994-08-16,1994-08-29,1994-09-14,DELIVER IN PERSON,SHIP,uriously even accounts. carefully 
40615-2,40615,1205,43,2,17.00,18805.40,0.05,0.07,A,F,1994-10-26,1994-09-26,1994-11-19,COLLECT COD,FOB,"regular requests. ironic, ironic acc"
40615-3,40615,1459,38,3,41.00,55778.45,0.08,0.01,R,F,1994-08-26,1994-09-20,1994-09-11,DELIVER IN PERSON,SHIP,fully ruthless ideas sleep fluffily b
40615-4,40615,1353,54,4,34.00,42647.90,0.10,0.04,R,F,1994-08-03,1994-08-08,1994-08-07,TAKE BACK RETURN,TRUCK,waters across the bl
40615-5,40615,1535,76,5,8.00,11492.24,0.04,0.06,R,F,1994-10-18,1994-09-22,1994-11-16,TAKE BACK RETURN,MAIL,en requests use carefully slyly even fox
40640-1,40640,809,43,1,46.00,78650.80,0.01,0.04,N,O,1998-09-01,1998-06-27,1998-09-02,NONE,MAIL,n packages. express deposits su
40640-2,40640,1353,54,2,42.00,52682.70,0.04,0.06,N,O,1998-09-02,1998-07-28,1998-09-20,NONE,RAIL,sts. pinto
40641-1,40641,1649,50,1,4.00,6202.56,0.09,0.01,N,O,1996-01-06,1996-02-20,1996-01-12,DELIVER IN PERSON,RAIL,cajole quickly furiously bold ac
40641-2,40641,294,76,2,13.00,15525.77,0.04,0.03,N,O,1996-03-07,1996-02-12,1996-04-02,TAKE BACK RETURN,SHIP,leep slyly 
40641-3,40641,489,19,3,21.00,29179.08,0.07,0.08,N,O,1996-03-03,1995-12-30,1996-03-26,TAKE BACK RETURN,RAIL,ly final dolphins 
40641-4,40641,1489,29,4,36.00,50057.28,0.06,0.05,N,O,1996-03-22,1996-02-05,1996-03-27,COLLECT COD,AIR,e quickly blithely special theodolites.
40642-1,40642,374,59,1,50.00,63718.50,0.05,0.05,N,O,1997-08-25,1997-07-20,1997-09-03,TAKE BACK RETURN,REG AIR,ly: quickly special dependencies
40642-2,40642,565,26,2,15.00,21983.40,0.06,0.03,N,O,1997-05-19,1997-06-13,1997-06-15,TAKE BACK RETURN,TRUCK,ffix blithely iron
40642-3,40642,329,58,3,10.00,12293.20,0.03,0.08,N,O,1997-08-23,1997-07-15,1997-09-13,DELIVER IN PERSON,SHIP,ular foxes haggl
40643-1,40643,1943,32,1,47.00,86712.18,0.06,0.08,A,F,1995-06-11,1995-05-26,1995-06-13,COLLECT COD,AIR,tween the furiously
40643-2,40643,421,9,2,42.00,55499.64,0.09,0.05,N,F,1995-06-14,1995-07-04,1995-06-18,COLLECT COD,TRUCK,egular instructions
40643-3,40643,1157,58,3,14.00,14814.10,0.02,0.02,A,F,1995-05-10,1995-06-17,1995-06-08,COLLECT COD,RAIL,according to the fluffily expr
40643-4,40643,595,96,4,17.00,25425.03,0.10,0.07,A,F,1995-04-13,1995-05-26,1995-04-21,NONE,RAIL,ideas are above the requests
40643-5,40643,241,96,5,26.00,29672.24,0.06,0.08,R,F,1995-05-22,1995-05-12,1995-06-14,DELIVER IN PERSON,SHIP,yly against the 
40643-6,40643,395,24,6,25.00,32384.75,0.06,0.06,N,O,1995-06-24,1995-06-27,1995-07-01,DELIVER IN PERSON,AIR,y ironic dugouts wake 
40643-7,40643,1372,73,7,1.00,1273.37,0.09,0.04,N,F,1995-06-08,1995-06-17,1995-07-03,TAKE BACK RETURN,FOB,-ray; carefully special depend
40644-1,40644,1862,49,1,47.00,82901.42,0.09,0.02,N,O,1998-06-08,1998-06-18,1998-06-26,NONE,TRUCK,ke furiously furiously special foxes. 
40644-2,40644,255,10,2,10.00,11552.50,0.05,0.06,N,O,1998-07-19,1998-07-11,1998-08-17,TAKE BACK RETURN,FOB, final accounts. blithely regular instr
40644-3,40644,1639,63,3,24.00,36975.12,0.04,0.04,N,O,1998-08-14,1998-06-21,1998-08-27,NONE,AIR,ully regular accounts.
40644-4,40644,1010,16,4,9.00,8199.09,0.01,0.01,N,O,1998-05-15,1998-07-02,1998-05-17,COLLECT COD,MAIL,ependencies hagg
40644-5,40644,1875,5,5,3.00,5330.61,0.02,0.07,N,O,1998-07-18,1998-05-22,1998-07-30,NONE,TRUCK,er the furiously fi
40644-6,40644,1943,44,6,48.00,88557.12,0.07,0.04,N,O,1998-06-16,1998-07-15,1998-06-18,NONE,SHIP,iously regular pinto b
40645-1,40645,321,50,1,16.00,19541.12,0.01,0.07,A,F,1992-12-18,1993-02-21,1992-12-27,TAKE BACK RETURN,FOB,usly close packages boost blithely 
40645-2,40645,31,32,2,30.00,27930.90,0.08,0.08,A,F,1993-04-02,1993-03-07,1993-04-13,NONE,MAIL, ideas. furiously unusual patter
40645-3,40645,559,90,3,50.00,72977.50,0.01,0.06,A,F,1993-01-10,1993-02-08,1993-01-30,DELIVER IN PERSON,RAIL,ronic dolph
40645-4,40645,1030,66,4,11.00,10241.33,0.05,0.06,R,F,1993-03-23,1993-02-11,1993-04-09,DELIVER IN PERSON,MAIL,old theodolites. qu
40646-1,40646,46,22,1,11.00,10406.44,0.10,0.00,A,F,1993-01-15,1993-01-14,1993-01-16,COLLECT COD,FOB, wake according to the regular accou
40646-2,40646,1998,99,2,15.00,28499.85,0.05,0.01,R,F,1993-03-10,1993-01-23,1993-03-17,COLLECT COD,AIR,y special requests. ironic p
40646-3,40646,1449,50,3,16.00,21607.04,0.03,0.03,R,F,1993-01-02,1993-02-02,1993-01-07,TAKE BACK RETURN,SHIP,orges nag ironic
40646-4,40646,29,55,4,21.00,19509.42,0.08,0.00,R,F,1993-03-16,1993-01-08,1993-04-12,TAKE BACK RETURN,SHIP,r accounts believe blithely. regul
40647-1,40647,1433,51,1,38.00,50708.34,0.04,0.06,A,F,1994-09-16,1994-09-20,1994-09-21,TAKE BACK RETURN,TRUCK,furiously even requests caj
40647-2,40647,1330,69,2,46.00,56641.18,0.06,0.06,R,F,1994-08-21,1994-10-09,1994-08-31,COLLECT COD,TRUCK,will unwind s
40647-3,40647,1144,53,3,21.00,21947.94,0.10,0.08,R,F,1994-11-18,1994-11-13,1994-11-24,DELIVER IN PERSON,SHIP,are past the quickly ev
40647-4,40647,1428,46,4,32.00,42541.44,0.05,0.08,R,F,1994-09-24,1994-10-06,1994-10-18,NONE,RAIL,g accounts wake slyly. iron
40647-5,40647,1227,65,5,33.00,37231.26,0.10,0.01,R,F,1994-08-27,1994-09-23,1994-09-25,COLLECT COD,FOB,y silent accounts. 
40647-6,40647,798,31,6,2.00,3397.58,0.02,0.01,A,F,1994-12-14,1994-10-30,1994-12-19,TAKE BACK RETURN,TRUCK,he furiously pending p
40647-7,40647,1060,31,7,12.00,11532.72,0.05,0.02,R,F,1994-11-20,1994-09-30,1994-12-17,TAKE BACK RETURN,SHIP,lar ideas? carefully r
40672-1,40672,1954,43,1,8.00,14847.60,0.03,0.00,A,F,1993-02-07,1992-12-07,1993-02-21,DELIVER IN PERSON,REG AIR,st furiously slyly bold forges. exp
40672-2,40672,667,61,2,13.00,20379.58,0.06,0.07,A,F,1992-11-12,1992-12-06,1992-11-19,DELIVER IN PERSON,FOB,ular ideas nod furiously 
40672-3,40672,453,83,3,44.00,59551.80,0.05,0.02,R,F,1993-01-19,1992-12-11,1993-02-13,NONE,RAIL, slyly special packages cajol
40673-1,40673,1693,94,1,48.00,76545.12,0.09,0.06,R,F,1992-04-18,1992-03-30,1992-05-01,COLLECT COD,AIR,s pinto beans breach slyly. quickly re
40673-2,40673,200,79,2,25.00,27505.00,0.06,0.05,R,F,1992-04-20,1992-04-29,1992-05-15,COLLECT COD,FOB,atelets wake in place of the
40673-3,40673,1833,63,3,31.00,53779.73,0.02,0.08,A,F,1992-04-09,1992-05-14,1992-05-06,NONE,SHIP,"accounts. special, final acc"
40673-4,40673,1700,1,4,29.00,46449.30,0.05,0.06,R,F,1992-05-08,1992-03-26,1992-05-28,DELIVER IN PERSON,MAIL,lyly ironic deposits are 
40673-5,40673,599,30,5,9.00,13496.31,0.09,0.02,R,F,1992-06-17,1992-05-18,1992-06-22,TAKE BACK RETURN,FOB, the carefully
40673-6,40673,104,83,6,12.00,12049.20,0.10,0.01,R,F,1992-03-24,1992-05-08,1992-04-02,NONE,RAIL,final packages. warthogs
40674-1,40674,393,94,1,10.00,12933.90,0.08,0.00,N,O,1997-10-23,1997-11-29,1997-11-07,TAKE BACK RETURN,AIR,accounts. expre
40674-2,40674,238,39,2,6.00,6829.38,0.01,0.02,N,O,1998-01-23,1997-12-04,1998-02-09,COLLECT COD,SHIP, even requests use after the qu
40674-3,40674,706,3,3,10.00,16067.00,0.10,0.08,N,O,1997-10-14,1997-12-26,1997-10-21,COLLECT COD,AIR,bove the fluffily enticing pl
40674-4,40674,1261,99,4,17.00,19758.42,0.04,0.08,N,O,1998-01-28,1997-12-28,1998-02-14,COLLECT COD,REG AIR,old theodolites. bold
40674-5,40674,1978,23,5,12.00,22559.64,0.05,0.01,N,O,1998-01-25,1997-12-04,1998-02-17,COLLECT COD,REG AIR,hely unusual instructions sleep r
40674-6,40674,707,4,6,46.00,73954.20,0.04,0.05,N,O,1998-01-20,1997-11-25,1998-01-22,NONE,TRUCK,es wake carefully. slyly final dolph
40675-1,40675,1750,35,1,2.00,3303.50,0.03,0.02,A,F,1994-03-27,1994-05-17,1994-04-23,DELIVER IN PERSON,FOB,"sual, ruthless accounts. packa"
40675-2,40675,1425,26,2,17.00,22549.14,0.07,0.05,R,F,1994-04-11,1994-06-10,1994-04-12,TAKE BACK RETURN,FOB, pinto beans sleep regular d
40676-1,40676,1416,56,1,1.00,1317.41,0.00,0.08,R,F,1992-06-23,1992-05-15,1992-07-05,TAKE BACK RETURN,FOB,thely final accounts are slyly
40676-2,40676,120,73,2,3.00,3060.36,0.01,0.08,A,F,1992-07-22,1992-06-15,1992-08-19,DELIVER IN PERSON,REG AIR,usly ironic requests nod stealthily pinto 
40676-3,40676,1350,51,3,18.00,22524.30,0.09,0.00,A,F,1992-06-07,1992-04-27,1992-06-30,TAKE BACK RETURN,SHIP,lithely final instructions. multipli
40676-4,40676,759,56,4,17.00,28215.75,0.04,0.00,A,F,1992-04-25,1992-06-08,1992-05-25,DELIVER IN PERSON,REG AIR,riously ironic ideas use carefully after th
40677-1,40677,70,21,1,48.00,46563.36,0.06,0.06,R,F,1993-10-02,1993-12-02,1993-10-15,TAKE BACK RETURN,TRUCK,tions against t
40677-2,40677,28,29,2,49.00,45472.98,0.04,0.08,R,F,1993-09-22,1993-12-05,1993-10-19,DELIVER IN PERSON,MAIL,ending foxes. deposits wake. specia
40678-1,40678,755,56,1,31.00,51328.25,0.02,0.02,R,F,1993-07-30,1993-06-04,1993-08-18,NONE,RAIL,ajole final dependencies
40678-2,40678,1517,58,2,14.00,19859.14,0.03,0.07,A,F,1993-05-16,1993-06-15,1993-05-30,NONE,REG AIR,"oss the express, express sa"
40678-3,40678,550,11,3,38.00,55120.90,0.01,0.02,R,F,1993-07-17,1993-06-18,1993-08-14,TAKE BACK RETURN,FOB,hs lose slyly 
40678-4,40678,1572,13,4,40.00,58942.80,0.06,0.04,A,F,1993-06-07,1993-06-08,1993-06-10,DELIVER IN PERSON,TRUCK, regular pinto beans. even courts sleep bl
40679-1,40679,506,7,1,30.00,42195.00,0.05,0.05,R,F,1993-06-17,1993-08-03,1993-07-14,NONE,RAIL,ly final deposits
40679-2,40679,1260,98,2,41.00,47611.66,0.05,0.04,A,F,1993-08-26,1993-09-11,1993-09-12,NONE,AIR,es sleep carefully about the carefully ex
40679-3,40679,1734,61,3,8.00,13085.84,0.08,0.08,A,F,1993-08-03,1993-08-12,1993-08-16,NONE,TRUCK,uctions use quick
40679-4,40679,1653,54,4,42.00,65295.30,0.05,0.08,A,F,1993-09-02,1993-07-21,1993-09-28,TAKE BACK RETURN,TRUCK,latelets are slyly final ac
40704-1,40704,1898,99,1,10.00,17998.90,0.09,0.07,R,F,1994-03-20,1994-02-07,1994-04-11,TAKE BACK RETURN,REG AIR,behind the ironic th
40704-2,40704,1339,54,2,18.00,22325.94,0.03,0.07,A,F,1994-01-29,1994-02-18,1994-02-12,TAKE BACK RETURN,FOB,y regular re
40704-3,40704,1151,24,3,28.00,29460.20,0.04,0.03,A,F,1994-02-22,1994-03-20,1994-02-23,COLLECT COD,RAIL,y even foxes haggle 
40704-4,40704,1614,15,4,30.00,45468.30,0.06,0.05,R,F,1994-01-30,1994-02-21,1994-02-12,DELIVER IN PERSON,RAIL,carefully about the slow idea
40704-5,40704,57,83,5,27.00,25840.35,0.09,0.07,R,F,1994-02-18,1994-03-07,1994-03-01,NONE,RAIL,ost careful
40704-6,40704,1888,75,6,7.00,12529.16,0.07,0.07,R,F,1994-04-18,1994-03-16,1994-04-30,DELIVER IN PERSON,MAIL, even packages slee
40704-7,40704,1420,38,7,33.00,43606.86,0.07,0.05,R,F,1994-03-19,1994-03-09,1994-03-26,NONE,AIR, requests. carefully expres
40705-1,40705,1722,65,1,9.00,14613.48,0.01,0.05,N,O,1997-05-02,1997-04-14,1997-05-17,TAKE BACK RETURN,REG AIR,kly regular foxes. ironi
40705-2,40705,1367,82,2,4.00,5073.44,0.07,0.01,N,O,1997-03-30,1997-04-25,1997-04-23,TAKE BACK RETURN,SHIP,sly according to the requests. brav
40705-3,40705,959,62,3,18.00,33479.10,0.03,0.06,N,O,1997-03-18,1997-05-03,1997-04-04,TAKE BACK RETURN,REG AIR,ongside of the q
40705-4,40705,1863,64,4,9.00,15883.74,0.00,0.06,N,O,1997-06-07,1997-04-12,1997-06-20,NONE,RAIL,uriously among the accounts. s
40705-5,40705,1442,43,5,35.00,47020.40,0.02,0.02,N,O,1997-05-29,1997-04-24,1997-06-05,NONE,AIR,ests sleep. furiously special pinto be
40706-1,40706,1803,4,1,37.00,63077.60,0.09,0.06,R,F,1992-05-04,1992-04-05,1992-05-13,DELIVER IN PERSON,REG AIR,s. even foxes boost blithely 
40706-2,40706,1677,78,2,46.00,72618.82,0.07,0.07,A,F,1992-04-08,1992-04-11,1992-04-23,DELIVER IN PERSON,SHIP, packages. carefully pending deposits ab
40706-3,40706,1284,59,3,19.00,22520.32,0.02,0.06,R,F,1992-05-15,1992-03-11,1992-05-23,NONE,REG AIR,"ding, express"
40706-4,40706,1683,7,4,11.00,17431.48,0.04,0.06,A,F,1992-04-30,1992-03-03,1992-05-18,NONE,REG AIR,iously unusual ideas sle
40707-1,40707,274,56,1,9.00,10568.43,0.03,0.00,R,F,1994-10-03,1994-08-07,1994-10-09,DELIVER IN PERSON,REG AIR, furiously fluffy 
40708-1,40708,732,97,1,1.00,1632.73,0.03,0.05,A,F,1994-11-28,1995-01-01,1994-12-01,DELIVER IN PERSON,MAIL,egular pinto be
40708-2,40708,1811,12,2,3.00,5138.43,0.02,0.03,R,F,1995-01-28,1994-12-28,1995-02-26,TAKE BACK RETURN,MAIL,hely final rea
40708-3,40708,13,39,3,18.00,16434.18,0.01,0.03,A,F,1995-01-18,1994-12-15,1995-02-11,TAKE BACK RETURN,SHIP,"ding, regular "
40708-4,40708,1749,34,4,23.00,37967.02,0.09,0.05,A,F,1994-11-22,1994-12-02,1994-12-16,DELIVER IN PERSON,TRUCK,ests hang even instructions. 
40708-5,40708,343,44,5,44.00,54706.96,0.02,0.05,A,F,1994-12-11,1995-01-09,1994-12-25,COLLECT COD,REG AIR, express grouches
40708-6,40708,738,35,6,36.00,58994.28,0.05,0.03,R,F,1994-11-29,1994-11-24,1994-12-24,COLLECT COD,MAIL,ar requests kindle slyly accounts. 
40708-7,40708,710,75,7,40.00,64428.40,0.01,0.07,A,F,1994-12-12,1994-12-23,1994-12-17,COLLECT COD,SHIP,ular theodoli
40709-1,40709,335,64,1,41.00,50648.53,0.00,0.01,N,O,1995-10-19,1995-12-05,1995-10-31,NONE,FOB,nal requests sleep ruthless
40710-1,40710,1325,2,1,18.00,22073.76,0.10,0.01,N,O,1996-07-24,1996-08-29,1996-08-23,DELIVER IN PERSON,TRUCK,ove the carefully 
40711-1,40711,1098,69,1,40.00,39963.60,0.09,0.06,R,F,1992-09-14,1992-08-17,1992-10-03,DELIVER IN PERSON,MAIL,ing instructions. sl
40711-2,40711,1083,89,2,36.00,35426.88,0.05,0.07,R,F,1992-07-17,1992-08-15,1992-07-23,COLLECT COD,RAIL,haggle. slyly ironic requests are furiously
40711-3,40711,1517,98,3,30.00,42555.30,0.08,0.02,R,F,1992-08-27,1992-09-10,1992-08-28,NONE,MAIL, ideas. sly deposits wake 
40711-4,40711,1109,10,4,43.00,43434.30,0.04,0.06,R,F,1992-09-26,1992-10-03,1992-09-29,DELIVER IN PERSON,SHIP,al packages wake carefull
40711-5,40711,476,35,5,13.00,17894.11,0.09,0.04,A,F,1992-08-19,1992-09-24,1992-09-02,NONE,TRUCK, ironic ideas. furiously even re
40711-6,40711,164,43,6,1.00,1064.16,0.03,0.02,A,F,1992-09-02,1992-10-05,1992-09-23,COLLECT COD,MAIL,ctions wake b
40736-1,40736,1941,42,1,2.00,3685.88,0.07,0.08,R,F,1993-01-21,1992-11-13,1993-02-03,COLLECT COD,AIR,special accounts; fluffily ironic 
40737-1,40737,1292,67,1,3.00,3579.87,0.03,0.06,N,O,1997-10-17,1997-12-22,1997-11-06,TAKE BACK RETURN,REG AIR,ithely busily regular 
40737-2,40737,543,4,2,6.00,8661.24,0.01,0.02,N,O,1997-11-28,1997-12-18,1997-12-22,NONE,MAIL, along the slyly regular packages de
40737-3,40737,1027,98,3,32.00,29696.64,0.00,0.05,N,O,1997-11-07,1998-01-08,1997-11-28,TAKE BACK RETURN,AIR,structions are blithely furiously bold shea
40737-4,40737,1136,9,4,26.00,26965.38,0.06,0.07,N,O,1997-12-12,1997-12-28,1998-01-06,DELIVER IN PERSON,RAIL,carefully thin deposits use regular asy
40737-5,40737,555,46,5,6.00,8733.30,0.09,0.00,N,O,1997-11-02,1997-12-04,1997-11-19,DELIVER IN PERSON,FOB,ven accounts detect. car
40738-1,40738,863,30,1,12.00,21166.32,0.09,0.03,N,O,1998-03-17,1998-04-14,1998-03-21,NONE,FOB,evenly blithe instructions affix q
40738-2,40738,788,53,2,12.00,20265.36,0.05,0.02,N,O,1998-04-29,1998-05-01,1998-05-29,NONE,REG AIR,furiously regul
40738-3,40738,680,12,3,2.00,3161.36,0.06,0.00,N,O,1998-04-11,1998-03-15,1998-04-30,NONE,FOB,ously ironic requests. caref
40738-4,40738,1422,40,4,37.00,48966.54,0.00,0.03,N,O,1998-03-21,1998-04-16,1998-03-26,TAKE BACK RETURN,TRUCK,rmanent dep
40738-5,40738,1838,25,5,42.00,73072.86,0.02,0.06,N,O,1998-04-29,1998-03-11,1998-05-04,TAKE BACK RETURN,AIR,l dugouts use carefully. 
40739-1,40739,1093,99,1,12.00,11929.08,0.04,0.04,N,O,1998-10-07,1998-09-07,1998-10-18,DELIVER IN PERSON,RAIL,ess deposits. fluffily fi
40739-2,40739,73,24,2,5.00,4865.35,0.03,0.04,N,O,1998-08-15,1998-09-25,1998-08-16,DELIVER IN PERSON,AIR,y slyly regular deposits; blith
40740-1,40740,1944,45,1,15.00,27689.10,0.02,0.06,A,F,1994-07-06,1994-07-29,1994-07-12,COLLECT COD,FOB," platelets sleep carefully special, bold r"
40741-1,40741,1606,7,1,27.00,40705.20,0.05,0.06,N,O,1998-07-19,1998-06-13,1998-07-20,COLLECT COD,RAIL,ove the blithely final packages 
40741-2,40741,1873,60,2,22.00,39047.14,0.06,0.03,N,O,1998-04-02,1998-05-02,1998-05-01,DELIVER IN PERSON,AIR, along the carefully final 
40741-3,40741,286,41,3,24.00,28470.72,0.02,0.08,N,O,1998-06-27,1998-05-30,1998-07-17,TAKE BACK RETURN,RAIL,beans affix furiously quickly bol
40741-4,40741,67,43,4,15.00,14505.90,0.01,0.07,N,O,1998-06-27,1998-05-14,1998-06-30,NONE,FOB,ackages above the furiously pending 
40741-5,40741,782,83,5,38.00,63945.64,0.10,0.01,N,O,1998-05-23,1998-06-13,1998-06-20,DELIVER IN PERSON,FOB, regular requests was accounts. e
40741-6,40741,435,36,6,47.00,62765.21,0.08,0.03,N,O,1998-06-04,1998-05-27,1998-06-06,TAKE BACK RETURN,AIR,thely regular accounts are slyly 
40742-1,40742,1533,74,1,10.00,14345.30,0.05,0.08,N,O,1998-02-21,1998-03-17,1998-03-13,TAKE BACK RETURN,SHIP,its. fluffily express packages wake
40742-2,40742,960,95,2,6.00,11165.76,0.07,0.07,N,O,1998-02-13,1998-02-02,1998-02-15,DELIVER IN PERSON,RAIL,blithely theodolites. ironic instructions
40742-3,40742,308,37,3,15.00,18124.50,0.03,0.07,N,O,1998-04-26,1998-02-28,1998-05-20,COLLECT COD,AIR,around the furiously even decoys. furiou
40742-4,40742,1343,20,4,29.00,36085.86,0.05,0.07,N,O,1998-03-22,1998-02-15,1998-03-28,COLLECT COD,MAIL," ironic, bold gifts affix alongside of "
40743-1,40743,1659,42,1,10.00,15606.50,0.03,0.04,N,O,1997-12-08,1998-01-13,1998-01-05,DELIVER IN PERSON,SHIP,excuses. quickly sl
40743-2,40743,941,44,2,21.00,38680.74,0.10,0.03,N,O,1997-11-25,1998-01-13,1997-11-27,NONE,REG AIR,"its. ironic, si"
40743-3,40743,1883,13,3,29.00,51761.52,0.01,0.07,N,O,1998-01-07,1998-01-12,1998-01-08,NONE,FOB,ng to the slyly pending orbits
40743-4,40743,1088,94,4,6.00,5934.48,0.07,0.02,N,O,1998-01-24,1998-01-18,1998-02-11,DELIVER IN PERSON,TRUCK,"y bold theodolites. unusual, express depo"
40743-5,40743,20,96,5,5.00,4600.10,0.10,0.04,N,O,1998-02-24,1997-12-08,1998-03-23,TAKE BACK RETURN,SHIP, nag regularly. busy asymptotes play fl
40768-1,40768,1921,22,1,43.00,78385.56,0.03,0.08,N,O,1997-05-12,1997-05-24,1997-05-19,COLLECT COD,TRUCK,fluffily final excuses boost care
40769-1,40769,1002,73,1,42.00,37926.00,0.03,0.02,N,O,1998-08-01,1998-07-18,1998-08-26,TAKE BACK RETURN,REG AIR,", even asymptotes ha"
40769-2,40769,1458,59,2,31.00,42142.95,0.08,0.05,N,O,1998-07-05,1998-07-12,1998-07-15,TAKE BACK RETURN,MAIL, beans wake s
40770-1,40770,1762,89,1,37.00,61559.12,0.02,0.06,N,O,1995-07-29,1995-05-30,1995-08-03,COLLECT COD,REG AIR,al excuses are fi
40770-2,40770,506,7,2,49.00,68918.50,0.06,0.01,A,F,1995-05-21,1995-05-23,1995-05-27,DELIVER IN PERSON,SHIP, express requests sle
40771-1,40771,1699,41,1,40.00,64027.60,0.06,0.01,N,O,1996-07-17,1996-06-06,1996-07-25,NONE,MAIL,sometimes final asymptotes sleep furiou
40771-2,40771,1468,8,2,39.00,53408.94,0.03,0.05,N,O,1996-07-13,1996-06-14,1996-08-08,DELIVER IN PERSON,SHIP,ect against the
40771-3,40771,1350,27,3,13.00,16267.55,0.02,0.02,N,O,1996-05-17,1996-06-30,1996-06-14,NONE,AIR,wake slyly. slyly regular foxes cajol
40771-4,40771,424,83,4,29.00,38408.18,0.08,0.07,N,O,1996-05-11,1996-06-01,1996-06-08,DELIVER IN PERSON,REG AIR,re among the blithely bold pinto
40771-5,40771,972,73,5,10.00,18729.70,0.01,0.01,N,O,1996-07-23,1996-06-10,1996-08-17,DELIVER IN PERSON,RAIL, special depe
40771-6,40771,71,22,6,16.00,15537.12,0.04,0.04,N,O,1996-04-21,1996-06-27,1996-05-06,DELIVER IN PERSON,MAIL,accounts. blithely even pain
40772-1,40772,1756,83,1,36.00,59679.00,0.02,0.03,A,F,1992-05-17,1992-03-15,1992-05-27,NONE,MAIL,tealthily blithely 
40772-2,40772,1601,2,2,3.00,4507.80,0.03,0.01,R,F,1992-03-26,1992-03-20,1992-04-18,TAKE BACK RETURN,REG AIR,ges above th
40772-3,40772,1057,28,3,7.00,6706.35,0.04,0.05,A,F,1992-03-02,1992-04-03,1992-03-05,NONE,SHIP,deposits sl
40772-4,40772,1744,45,4,32.00,52663.68,0.01,0.08,R,F,1992-03-12,1992-03-22,1992-03-31,DELIVER IN PERSON,SHIP,st furiously. carefully bold foxes inste
40772-5,40772,1252,90,5,29.00,33444.25,0.05,0.02,R,F,1992-03-21,1992-04-05,1992-03-28,DELIVER IN PERSON,TRUCK,oxes alongsi
40773-1,40773,1298,36,1,14.00,16790.06,0.00,0.06,A,F,1995-01-15,1994-12-26,1995-01-19,DELIVER IN PERSON,AIR,wake blithely express requests. furiousl
40774-1,40774,1945,34,1,3.00,5540.82,0.05,0.00,N,O,1996-08-04,1996-08-17,1996-08-28,NONE,AIR,s sleep carefully ironic depos
40774-2,40774,281,82,2,47.00,55520.16,0.03,0.06,N,O,1996-08-05,1996-09-24,1996-09-02,DELIVER IN PERSON,RAIL,y silent pinto beans. theodolites ca
40774-3,40774,98,24,3,28.00,27946.52,0.05,0.03,N,O,1996-08-07,1996-08-13,1996-08-14,DELIVER IN PERSON,TRUCK,refully even pinto bean
40774-4,40774,1863,64,4,14.00,24708.04,0.04,0.02,N,O,1996-09-10,1996-09-09,1996-09-21,NONE,AIR,deas. slyly even deposits nag slyly.
40774-5,40774,183,36,5,28.00,30329.04,0.09,0.06,N,O,1996-08-29,1996-10-06,1996-09-07,NONE,TRUCK,ully final saute
40775-1,40775,1425,26,1,26.00,34486.92,0.04,0.00,R,F,1994-02-17,1993-12-26,1994-02-25,NONE,RAIL,thrash above the 
40775-2,40775,1273,74,2,31.00,36402.37,0.07,0.03,R,F,1994-02-01,1993-12-18,1994-02-03,NONE,REG AIR,nt carefully. spec
40775-3,40775,593,84,3,16.00,23897.44,0.08,0.07,R,F,1994-02-03,1994-01-08,1994-02-16,DELIVER IN PERSON,SHIP,ts sleep a
40775-4,40775,1394,33,4,48.00,62178.72,0.00,0.01,A,F,1994-03-01,1994-01-06,1994-03-22,DELIVER IN PERSON,AIR, deposits. slyly regular
40800-1,40800,684,78,1,43.00,68141.24,0.02,0.07,A,F,1994-02-09,1994-01-29,1994-03-07,COLLECT COD,MAIL,sits boost blithely silent dep
40800-2,40800,1437,55,2,23.00,30783.89,0.05,0.04,A,F,1993-12-29,1994-01-25,1994-01-22,NONE,RAIL,al theodolites integrate furiously along th
40800-3,40800,1509,30,3,19.00,26799.50,0.01,0.02,R,F,1994-03-22,1994-01-05,1994-04-20,DELIVER IN PERSON,MAIL, unusual deposits wake 
40800-4,40800,1520,21,4,45.00,63968.40,0.04,0.03,A,F,1994-03-31,1994-02-20,1994-04-22,DELIVER IN PERSON,RAIL,the quickly special pinto beans. final re
40800-5,40800,1796,81,5,32.00,54329.28,0.03,0.03,R,F,1994-03-28,1994-01-25,1994-03-29,DELIVER IN PERSON,SHIP,ly special accounts wake quickly after t
40801-1,40801,1828,58,1,36.00,62273.52,0.08,0.07,A,F,1992-08-04,1992-08-18,1992-08-11,DELIVER IN PERSON,REG AIR,deas. carefully bold realms use ca
40801-2,40801,297,79,2,49.00,58667.21,0.00,0.03,A,F,1992-07-04,1992-08-12,1992-07-26,DELIVER IN PERSON,FOB,counts against the tithe
40801-3,40801,436,37,3,37.00,49447.91,0.10,0.08,A,F,1992-10-02,1992-08-06,1992-10-20,DELIVER IN PERSON,SHIP,"tions. final, final reque"
40801-4,40801,204,32,4,34.00,37542.80,0.00,0.07,R,F,1992-09-29,1992-08-05,1992-10-15,TAKE BACK RETURN,AIR,ggle carefully aga
40801-5,40801,1804,34,5,36.00,61408.80,0.01,0.05,A,F,1992-09-16,1992-09-25,1992-10-16,NONE,TRUCK,ts are packages. fluffily final dep
40802-1,40802,646,78,1,8.00,12373.12,0.10,0.04,R,F,1992-11-21,1992-10-30,1992-11-29,COLLECT COD,AIR,ly unusual somas integrate 
40802-2,40802,1647,71,2,18.00,27875.52,0.06,0.07,A,F,1992-11-21,1992-11-19,1992-12-13,NONE,TRUCK, carefully bold pinto beans use sl
40802-3,40802,74,25,3,9.00,8766.63,0.06,0.03,R,F,1992-10-27,1992-10-20,1992-11-10,DELIVER IN PERSON,MAIL,ffily silent pinto be
40802-4,40802,566,97,4,1.00,1466.56,0.07,0.02,R,F,1992-11-12,1992-10-08,1992-11-18,DELIVER IN PERSON,MAIL,cies. furiously unusual foxes along th
40802-5,40802,1364,79,5,6.00,7592.16,0.10,0.08,A,F,1992-10-27,1992-10-26,1992-11-18,TAKE BACK RETURN,SHIP,furiously final pinto beans. 
40803-1,40803,1681,5,1,15.00,23740.20,0.01,0.08,N,O,1995-07-28,1995-05-14,1995-08-23,TAKE BACK RETURN,TRUCK, the pearls. pendi
40803-2,40803,1969,2,2,4.00,7483.84,0.06,0.03,N,O,1995-07-18,1995-05-16,1995-07-20,TAKE BACK RETURN,RAIL,ven ideas. 
40803-3,40803,6,82,3,3.00,2718.00,0.05,0.08,R,F,1995-04-20,1995-07-04,1995-04-23,NONE,TRUCK,ix furiously 
40803-4,40803,582,13,4,6.00,8895.48,0.00,0.02,A,F,1995-06-04,1995-05-23,1995-06-08,NONE,SHIP, packages. packages hagg
40804-1,40804,1652,76,1,29.00,45055.85,0.07,0.02,R,F,1993-06-19,1993-05-29,1993-07-18,TAKE BACK RETURN,SHIP,efully ironi
40804-2,40804,648,11,2,36.00,55751.04,0.00,0.04,R,F,1993-07-10,1993-05-24,1993-08-09,TAKE BACK RETURN,SHIP,dencies. furiously silent deposits sleep
40804-3,40804,279,80,3,28.00,33019.56,0.09,0.07,R,F,1993-06-12,1993-04-28,1993-06-23,TAKE BACK RETURN,TRUCK,ar deposits among the silent pac
40804-4,40804,688,89,4,11.00,17475.48,0.01,0.04,A,F,1993-04-15,1993-06-01,1993-05-15,TAKE BACK RETURN,RAIL,efully pending r
40804-5,40804,703,4,5,12.00,19244.40,0.10,0.03,R,F,1993-04-18,1993-05-01,1993-05-11,COLLECT COD,AIR,", bold foxes. quickly ironic gifts at "
40804-6,40804,164,91,6,25.00,26604.00,0.09,0.05,R,F,1993-05-11,1993-04-29,1993-05-19,DELIVER IN PERSON,FOB,"lar deposits nag. regular, p"
40805-1,40805,1645,69,1,3.00,4639.92,0.00,0.08,A,F,1994-02-02,1994-01-11,1994-02-28,NONE,FOB,he slyly final accounts haggle careful
40806-1,40806,1433,34,1,43.00,57380.49,0.07,0.00,N,O,1995-12-20,1995-11-02,1995-12-27,DELIVER IN PERSON,MAIL,the blithely quick requests. pending as
40806-2,40806,1043,49,2,9.00,8496.36,0.00,0.08,N,O,1995-12-23,1995-10-30,1996-01-08,TAKE BACK RETURN,MAIL,"al, regular deposits. furiously even ide"
40806-3,40806,1894,38,3,34.00,61060.26,0.05,0.04,N,O,1995-09-24,1995-12-05,1995-10-20,COLLECT COD,REG AIR,arefully foxes. carefully i
40806-4,40806,291,19,4,39.00,46460.31,0.03,0.07,N,O,1995-12-17,1995-12-01,1995-12-21,TAKE BACK RETURN,RAIL,onic deposits det
40806-5,40806,388,73,5,7.00,9018.66,0.05,0.08,N,O,1995-12-16,1995-11-07,1996-01-13,TAKE BACK RETURN,FOB,le at the blithely
40806-6,40806,648,11,6,39.00,60396.96,0.05,0.02,N,O,1995-10-07,1995-11-10,1995-10-23,TAKE BACK RETURN,FOB,ly special forges boos
40807-1,40807,1815,59,1,30.00,51504.30,0.07,0.00,A,F,1993-04-26,1993-05-24,1993-05-10,NONE,SHIP,uests wake furiou
40807-2,40807,477,78,2,9.00,12397.23,0.05,0.08,A,F,1993-07-01,1993-06-13,1993-07-26,DELIVER IN PERSON,AIR,usly. furiously ironic requests nod steal
40807-3,40807,1458,59,3,48.00,65253.60,0.01,0.06,A,F,1993-05-21,1993-06-05,1993-06-15,NONE,SHIP,"ccounts. pending, ironic deposits al"
40807-4,40807,1809,39,4,46.00,78696.80,0.00,0.06,R,F,1993-06-30,1993-06-18,1993-07-27,COLLECT COD,RAIL,s are. even accounts wake carefully 
40807-5,40807,1187,88,5,39.00,42439.02,0.10,0.05,R,F,1993-05-22,1993-06-14,1993-05-25,TAKE BACK RETURN,MAIL,ackages sleep carefully 
40832-1,40832,1565,46,1,41.00,60128.96,0.02,0.01,R,F,1993-04-15,1993-06-23,1993-05-04,NONE,FOB,olites nag quickly among the regular 
40832-2,40832,834,1,2,4.00,6939.32,0.08,0.07,R,F,1993-07-17,1993-05-23,1993-08-12,COLLECT COD,TRUCK,uses wake slyly regu
40832-3,40832,1648,90,3,24.00,37191.36,0.07,0.01,A,F,1993-05-03,1993-05-11,1993-05-05,COLLECT COD,RAIL,lithely final pint
40833-1,40833,1520,41,1,17.00,24165.84,0.01,0.03,R,F,1993-08-18,1993-09-08,1993-08-31,DELIVER IN PERSON,SHIP,sits upon the express dependencies believe
40833-2,40833,1018,24,2,24.00,22056.24,0.02,0.08,R,F,1993-10-20,1993-10-08,1993-11-14,NONE,SHIP,tect furiously 
40833-3,40833,1718,45,3,5.00,8098.55,0.05,0.08,A,F,1993-09-24,1993-09-16,1993-10-03,NONE,MAIL, blithely special asymptot
40833-4,40833,356,85,4,44.00,55279.40,0.05,0.06,R,F,1993-08-04,1993-10-10,1993-09-03,DELIVER IN PERSON,SHIP,arefully along the carefully ir
40833-5,40833,576,7,5,17.00,25101.69,0.06,0.08,A,F,1993-10-03,1993-09-27,1993-10-25,NONE,MAIL,ages sleep after the qu
40833-6,40833,988,57,6,2.00,3777.96,0.02,0.08,A,F,1993-08-31,1993-10-09,1993-09-19,TAKE BACK RETURN,TRUCK,"cajole blithely unusual, final "
40833-7,40833,1572,93,7,33.00,48627.81,0.06,0.07,R,F,1993-08-28,1993-09-14,1993-09-15,NONE,SHIP," unusual, busy dependencies are. ironic,"
40834-1,40834,182,61,1,26.00,28136.68,0.01,0.02,N,O,1998-09-28,1998-07-03,1998-10-14,NONE,AIR,egular packages. eve
40834-2,40834,854,21,2,49.00,85987.65,0.06,0.04,N,O,1998-09-22,1998-08-22,1998-10-20,DELIVER IN PERSON,SHIP,he slyly final accounts! fu
40834-3,40834,1762,89,3,42.00,69877.92,0.00,0.01,N,O,1998-07-28,1998-08-04,1998-07-30,TAKE BACK RETURN,FOB, pinto beans are furiously regular
40834-4,40834,889,89,4,36.00,64435.68,0.10,0.01,N,O,1998-07-01,1998-06-30,1998-07-23,DELIVER IN PERSON,SHIP,special hockey players bo
40835-1,40835,785,18,1,29.00,48887.62,0.04,0.00,R,F,1995-02-12,1995-02-05,1995-02-23,DELIVER IN PERSON,MAIL,s. special packages use quickly fi
40835-2,40835,1246,58,2,22.00,25239.28,0.09,0.03,R,F,1995-01-27,1995-01-29,1995-02-15,TAKE BACK RETURN,REG AIR,lly unusual inst
40835-3,40835,1769,54,3,4.00,6683.04,0.04,0.00,R,F,1994-11-28,1995-01-06,1994-11-29,DELIVER IN PERSON,FOB,grate after th
40835-4,40835,780,13,4,31.00,52104.18,0.08,0.08,R,F,1994-12-30,1995-02-06,1995-01-23,COLLECT COD,TRUCK,ecial ideas nag blithely care
40835-5,40835,189,42,5,8.00,8713.44,0.06,0.06,R,F,1995-03-22,1995-01-26,1995-03-30,DELIVER IN PERSON,FOB,inst the ironic theodolites. acc
40836-1,40836,612,13,1,38.00,57479.18,0.06,0.05,N,O,1998-03-17,1998-01-27,1998-03-30,DELIVER IN PERSON,TRUCK,tes. carefull
40836-2,40836,1788,89,2,13.00,21967.14,0.07,0.08,N,O,1998-04-12,1998-03-09,1998-05-02,TAKE BACK RETURN,MAIL,long the blithe
40836-3,40836,440,99,3,28.00,37532.32,0.01,0.07,N,O,1997-12-17,1998-03-12,1997-12-28,COLLECT COD,SHIP, unusual forges 
40836-4,40836,233,15,4,22.00,24931.06,0.02,0.07,N,O,1998-03-05,1998-02-01,1998-03-17,TAKE BACK RETURN,FOB,ncies along th
40836-5,40836,509,40,5,29.00,40875.50,0.00,0.03,N,O,1998-03-04,1998-01-24,1998-03-16,TAKE BACK RETURN,RAIL,ly final courts. silent requests 
40836-6,40836,1905,94,6,41.00,74082.90,0.09,0.00,N,O,1998-02-07,1998-03-09,1998-03-02,COLLECT COD,REG AIR,. fluffily special packages no
40836-7,40836,1474,75,7,19.00,26133.93,0.08,0.01,N,O,1997-12-20,1998-01-24,1998-01-17,DELIVER IN PERSON,MAIL,blithely fi
40837-1,40837,294,95,1,6.00,7165.74,0.06,0.03,N,O,1996-12-11,1997-01-25,1996-12-16,DELIVER IN PERSON,RAIL,silent platel
40837-2,40837,559,90,2,34.00,49624.70,0.04,0.07,N,O,1997-01-10,1996-12-08,1997-01-28,TAKE BACK RETURN,RAIL,der slyly across t
40837-3,40837,1173,46,3,45.00,48337.65,0.01,0.06,N,O,1996-12-25,1996-12-15,1997-01-23,NONE,RAIL,ake slyly ironic ideas
40837-4,40837,1160,97,4,16.00,16978.56,0.05,0.07,N,O,1997-02-14,1996-12-23,1997-03-12,COLLECT COD,FOB,oxes wake furiously according t
40837-5,40837,196,97,5,48.00,52617.12,0.03,0.06,N,O,1997-02-01,1997-01-25,1997-02-19,NONE,RAIL,o beans. even excuses integrate
40838-1,40838,1949,38,1,8.00,14807.52,0.09,0.08,R,F,1993-01-31,1993-02-01,1993-02-14,DELIVER IN PERSON,TRUCK,sual foxes use slyly across the 
40838-2,40838,763,64,2,43.00,71541.68,0.05,0.02,R,F,1992-12-03,1992-12-29,1992-12-17,NONE,REG AIR,e across th
40838-3,40838,1399,38,3,9.00,11703.51,0.01,0.05,A,F,1993-03-25,1993-02-04,1993-04-09,DELIVER IN PERSON,SHIP,refully. fluffily silent theodolites bre
40838-4,40838,959,28,4,4.00,7439.80,0.02,0.06,R,F,1993-03-05,1993-01-15,1993-03-07,DELIVER IN PERSON,FOB,ent requests u
40839-1,40839,1456,96,1,26.00,35293.70,0.03,0.02,A,F,1992-04-18,1992-05-04,1992-04-30,COLLECT COD,TRUCK,ar warhorses. ironic packages cajole fur
40839-2,40839,483,84,2,15.00,20752.20,0.05,0.07,R,F,1992-06-08,1992-06-09,1992-06-18,TAKE BACK RETURN,AIR,"ending, final ac"
40839-3,40839,451,39,3,12.00,16217.40,0.07,0.08,A,F,1992-05-09,1992-06-28,1992-05-28,TAKE BACK RETURN,TRUCK,s. ironic request
40864-1,40864,75,51,1,6.00,5850.42,0.07,0.05,N,O,1996-08-12,1996-05-19,1996-09-09,NONE,FOB,"oss the regular, regular a"
40864-2,40864,1309,86,2,40.00,48412.00,0.08,0.00,N,O,1996-06-22,1996-05-15,1996-06-25,TAKE BACK RETURN,RAIL,maintain along the
40864-3,40864,1450,51,3,29.00,39192.05,0.10,0.04,N,O,1996-05-21,1996-06-21,1996-06-12,COLLECT COD,FOB,kages. carefully final excuses sleep
40864-4,40864,1211,12,4,12.00,13346.52,0.09,0.02,N,O,1996-04-24,1996-05-24,1996-05-13,DELIVER IN PERSON,RAIL,ins. carefully ironic deposit
40864-5,40864,1751,52,5,47.00,77679.25,0.04,0.05,N,O,1996-07-04,1996-07-12,1996-07-17,NONE,SHIP,y about the final requests. da
40864-6,40864,647,79,6,22.00,34048.08,0.03,0.04,N,O,1996-06-21,1996-06-17,1996-07-20,TAKE BACK RETURN,RAIL, unusual fo
40864-7,40864,1057,63,7,5.00,4790.25,0.04,0.00,N,O,1996-04-17,1996-06-19,1996-04-23,NONE,MAIL,against the slyly e
40865-1,40865,619,20,1,47.00,71421.67,0.04,0.06,N,O,1995-08-27,1995-07-21,1995-09-18,NONE,AIR,"sits. bold, ironic ideas "
40865-2,40865,1807,37,2,8.00,13670.40,0.05,0.08,N,O,1995-09-04,1995-09-05,1995-09-07,TAKE BACK RETURN,REG AIR,o beans according to 
40865-3,40865,1094,95,3,29.00,28857.61,0.08,0.03,N,O,1995-07-07,1995-08-08,1995-08-01,TAKE BACK RETURN,FOB,lar requests. even dolphins sleep s
40866-1,40866,1315,30,1,24.00,29191.44,0.02,0.05,R,F,1993-06-17,1993-08-17,1993-06-26,COLLECT COD,AIR,l Tiresias wake furiously according 
40866-2,40866,578,39,2,43.00,63578.51,0.08,0.08,R,F,1993-08-11,1993-07-26,1993-09-01,NONE,MAIL,ar waters hang furiously carefully s
40867-1,40867,1429,47,1,8.00,10643.36,0.07,0.06,N,O,1998-02-26,1998-03-09,1998-03-28,COLLECT COD,REG AIR,unts. furiously even requests detect acro
40867-2,40867,654,17,2,41.00,63740.65,0.08,0.07,N,O,1998-04-16,1998-02-06,1998-04-27,TAKE BACK RETURN,FOB,ly regular platelets? b
40867-3,40867,1595,36,3,24.00,35918.16,0.07,0.04,N,O,1998-01-07,1998-02-12,1998-02-02,COLLECT COD,SHIP,eans! carefully final theodolites aft
40867-4,40867,82,58,4,43.00,42229.44,0.02,0.06,N,O,1998-04-08,1998-02-14,1998-04-30,NONE,FOB, regular accounts alongside
40867-5,40867,606,100,5,22.00,33145.20,0.02,0.06,N,O,1998-03-22,1998-03-11,1998-04-15,TAKE BACK RETURN,FOB,"usy theodolites: final, bol"
40867-6,40867,224,52,6,45.00,50589.90,0.05,0.03,N,O,1998-01-14,1998-02-16,1998-01-23,COLLECT COD,AIR,l theodolites according to th
40868-1,40868,1615,39,1,17.00,25782.37,0.01,0.00,N,O,1995-12-23,1995-12-08,1996-01-03,DELIVER IN PERSON,TRUCK, even foxes are carefully f
40868-2,40868,1938,39,2,12.00,22079.16,0.01,0.04,N,O,1995-10-17,1995-12-24,1995-11-01,COLLECT COD,REG AIR,onic dependencies integrate sl
40869-1,40869,1614,97,1,1.00,1515.61,0.10,0.07,N,O,1997-02-13,1997-03-29,1997-03-10,NONE,AIR,ld requests use
40869-2,40869,1750,35,2,4.00,6607.00,0.01,0.00,N,O,1997-04-05,1997-02-20,1997-04-16,DELIVER IN PERSON,MAIL,lyly furiously idle ideas. regular in
40870-1,40870,727,60,1,25.00,40693.00,0.02,0.05,N,O,1996-01-14,1996-02-19,1996-01-31,COLLECT COD,REG AIR,ic foxes wake carefull
40870-2,40870,166,67,2,20.00,21323.20,0.00,0.08,N,O,1996-01-30,1996-01-14,1996-02-18,NONE,MAIL,usly even accounts
40870-3,40870,1528,69,3,6.00,8577.12,0.05,0.04,N,O,1996-03-28,1996-01-23,1996-04-15,TAKE BACK RETURN,REG AIR,cuses. quickly regular deposits sle
40870-4,40870,1183,92,4,41.00,44451.38,0.06,0.02,N,O,1996-03-08,1996-03-11,1996-03-28,COLLECT COD,FOB, accounts. slyly u
40870-5,40870,797,98,5,36.00,61120.44,0.03,0.03,N,O,1996-04-05,1996-03-01,1996-04-28,NONE,SHIP,ding braids cajole carefully! careful
40871-1,40871,824,25,1,29.00,50019.78,0.00,0.03,N,O,1995-12-25,1995-10-14,1996-01-08,NONE,SHIP,ely fluffy requests. sometimes regular i
40871-2,40871,286,41,2,23.00,27284.44,0.08,0.01,N,O,1995-11-10,1995-12-03,1995-12-10,COLLECT COD,MAIL,ously ironic foxes boost around 
40871-3,40871,486,74,3,17.00,23570.16,0.00,0.02,N,O,1995-09-19,1995-12-03,1995-10-01,NONE,SHIP,e slyly among the fu
40871-4,40871,409,97,4,12.00,15712.80,0.02,0.02,N,O,1995-12-18,1995-11-09,1996-01-16,DELIVER IN PERSON,MAIL,nic platelets. q
40896-1,40896,946,81,1,6.00,11081.64,0.09,0.04,N,O,1996-01-01,1995-11-13,1996-01-05,TAKE BACK RETURN,RAIL,pending asympto
40896-2,40896,1865,66,2,46.00,81275.56,0.09,0.00,N,O,1995-11-12,1995-11-25,1995-11-14,TAKE BACK RETURN,AIR,across the quic
40896-3,40896,363,92,3,50.00,63168.00,0.03,0.07,N,O,1995-10-18,1995-11-15,1995-10-22,COLLECT COD,SHIP,. deposits sleep furiou
40896-4,40896,1151,88,4,11.00,11573.65,0.09,0.04,N,O,1995-11-26,1995-11-09,1995-12-23,DELIVER IN PERSON,TRUCK,en ideas. carefully 
40896-5,40896,1452,70,5,22.00,29775.90,0.05,0.03,N,O,1995-09-25,1995-11-12,1995-10-16,COLLECT COD,RAIL,ly asymptotes. pinto beans wake. fluffily
40897-1,40897,487,46,1,1.00,1387.48,0.08,0.08,N,O,1998-01-06,1998-01-22,1998-01-28,DELIVER IN PERSON,RAIL,ithely express accounts 
40897-2,40897,1043,14,2,22.00,20768.88,0.05,0.08,N,O,1998-02-13,1998-01-06,1998-02-17,NONE,AIR, permanently final
40898-1,40898,667,68,1,45.00,70544.70,0.00,0.01,N,O,1996-06-07,1996-06-21,1996-06-11,DELIVER IN PERSON,MAIL,resias. asymptotes nag at t
40898-2,40898,1699,23,2,36.00,57624.84,0.08,0.04,N,O,1996-06-12,1996-05-16,1996-06-14,DELIVER IN PERSON,MAIL,ost blithely fluffily ir
40898-3,40898,227,82,3,47.00,52979.34,0.07,0.02,N,O,1996-04-29,1996-06-01,1996-04-30,TAKE BACK RETURN,MAIL,lose slyly around the reque
40898-4,40898,475,5,4,38.00,52267.86,0.01,0.04,N,O,1996-06-25,1996-05-16,1996-07-19,NONE,SHIP,requests! fluffily special deposits h
40899-1,40899,478,79,1,26.00,35840.22,0.01,0.02,N,O,1996-03-23,1996-02-23,1996-03-29,COLLECT COD,AIR,"sual, regular requests. blithely express "
40900-1,40900,1064,70,1,33.00,31846.98,0.04,0.00,N,O,1997-01-13,1997-03-11,1997-01-25,NONE,RAIL,c asymptotes cajol
40900-2,40900,901,4,2,30.00,54057.00,0.02,0.00,N,O,1997-01-26,1997-03-22,1997-02-24,DELIVER IN PERSON,MAIL, requests sleep sp
40900-3,40900,1582,83,3,8.00,11868.64,0.03,0.03,N,O,1997-04-28,1997-03-12,1997-05-21,TAKE BACK RETURN,FOB,sleep according to the regul
40900-4,40900,1573,14,4,4.00,5898.28,0.00,0.00,N,O,1997-03-04,1997-02-23,1997-03-13,TAKE BACK RETURN,SHIP,across the slyly special packages hind
40900-5,40900,366,23,5,13.00,16462.68,0.01,0.07,N,O,1997-02-17,1997-02-17,1997-03-03,DELIVER IN PERSON,MAIL, to the ironic pack
40900-6,40900,1551,92,6,30.00,43576.50,0.02,0.08,N,O,1997-03-14,1997-02-12,1997-03-31,COLLECT COD,REG AIR,oss the regular requests. final de
40901-1,40901,1395,96,1,23.00,29816.97,0.03,0.08,R,F,1992-10-25,1992-10-02,1992-11-22,COLLECT COD,REG AIR, furiously ex
40901-2,40901,895,29,2,9.00,16163.01,0.04,0.08,R,F,1992-08-11,1992-09-20,1992-08-21,TAKE BACK RETURN,RAIL, carefully busy dependencies haggle furi
40901-3,40901,1763,48,3,3.00,4994.28,0.02,0.06,R,F,1992-11-26,1992-09-19,1992-12-11,TAKE BACK RETURN,MAIL,ockey players. carefully ironic packages
40901-4,40901,528,19,4,8.00,11428.16,0.07,0.01,A,F,1992-09-11,1992-09-24,1992-10-02,TAKE BACK RETURN,FOB,efully quietly regular package
40901-5,40901,1719,4,5,39.00,63207.69,0.10,0.05,R,F,1992-09-11,1992-09-24,1992-09-16,DELIVER IN PERSON,SHIP,luffily unusual packages haggle
40901-6,40901,1858,59,6,30.00,52795.50,0.10,0.04,R,F,1992-08-16,1992-10-04,1992-08-25,NONE,TRUCK,hely among the carefully bold deposi
40901-7,40901,424,54,7,39.00,51652.38,0.00,0.04,A,F,1992-07-31,1992-10-05,1992-08-11,NONE,RAIL,packages. pinto beans 
40902-1,40902,507,38,1,12.00,16890.00,0.06,0.01,A,F,1994-09-27,1994-09-12,1994-10-02,NONE,FOB,quests sle
40902-2,40902,381,10,2,16.00,20502.08,0.01,0.00,R,F,1994-09-08,1994-10-01,1994-09-25,NONE,TRUCK,ven accounts. bold
40902-3,40902,1521,2,3,19.00,27027.88,0.03,0.01,R,F,1994-07-09,1994-08-20,1994-07-15,TAKE BACK RETURN,FOB,e to sleep quickly final a
40902-4,40902,420,50,4,33.00,43573.86,0.10,0.05,A,F,1994-07-16,1994-08-21,1994-08-01,COLLECT COD,AIR, about the furiously expre
40902-5,40902,460,19,5,49.00,66662.54,0.06,0.05,A,F,1994-08-28,1994-10-01,1994-09-17,NONE,FOB,even pains. carefully regular gif
40902-6,40902,787,52,6,23.00,38818.94,0.08,0.06,A,F,1994-09-08,1994-09-18,1994-09-18,TAKE BACK RETURN,SHIP, above the slyly re
40903-1,40903,1727,70,1,6.00,9772.32,0.02,0.04,N,O,1996-07-29,1996-07-03,1996-08-05,COLLECT COD,SHIP,y special noto
40903-2,40903,1248,60,2,19.00,21835.56,0.02,0.00,N,O,1996-06-16,1996-06-30,1996-07-02,NONE,REG AIR,ove the pendin
40903-3,40903,783,80,3,44.00,74086.32,0.01,0.07,N,O,1996-08-07,1996-06-18,1996-08-26,DELIVER IN PERSON,RAIL, platelets 
40903-4,40903,907,10,4,26.00,47005.40,0.05,0.00,N,O,1996-07-02,1996-07-03,1996-07-04,NONE,AIR,nding pinto be
40903-5,40903,1455,34,5,41.00,55614.45,0.04,0.03,N,O,1996-07-24,1996-07-05,1996-08-21,COLLECT COD,REG AIR,liers wake. slyly regular packages wake s
40928-1,40928,1520,21,1,16.00,22744.32,0.02,0.03,R,F,1995-01-11,1994-10-17,1995-01-16,COLLECT COD,RAIL,special theodolites around t
40928-2,40928,1263,75,2,22.00,25613.72,0.06,0.00,A,F,1994-12-09,1994-10-17,1994-12-13,DELIVER IN PERSON,SHIP,ronic courts! pl
40928-3,40928,37,88,3,32.00,29984.96,0.03,0.02,A,F,1994-12-25,1994-10-27,1994-12-26,TAKE BACK RETURN,TRUCK,fix silently even pinto bea
40929-1,40929,864,64,1,46.00,81183.56,0.03,0.04,N,O,1997-01-05,1997-02-13,1997-01-20,NONE,RAIL,d ironic d
40929-2,40929,1262,63,2,14.00,16285.64,0.08,0.03,N,O,1997-01-30,1997-02-01,1997-02-20,TAKE BACK RETURN,REG AIR, asymptotes doubt. unusual package
40929-3,40929,736,69,3,15.00,24550.95,0.04,0.04,N,O,1997-01-09,1997-03-18,1997-01-30,TAKE BACK RETURN,RAIL,inst the fluffily even theodolites. 
40929-4,40929,1162,35,4,8.00,8505.28,0.07,0.01,N,O,1997-02-14,1997-02-05,1997-03-05,TAKE BACK RETURN,AIR, regular requests serve caref
40930-1,40930,875,75,1,17.00,30189.79,0.02,0.02,N,O,1998-07-14,1998-08-15,1998-07-27,TAKE BACK RETURN,MAIL,to beans according to the furiously regul
40930-2,40930,1302,3,2,1.00,1203.30,0.09,0.03,N,O,1998-07-08,1998-08-19,1998-07-13,DELIVER IN PERSON,AIR,to beans brea
40930-3,40930,1326,65,3,16.00,19637.12,0.03,0.04,N,O,1998-10-09,1998-07-24,1998-10-20,NONE,AIR,es nag against the carefully ironic pinto
40930-4,40930,503,94,4,42.00,58947.00,0.02,0.01,N,O,1998-08-01,1998-08-31,1998-08-13,TAKE BACK RETURN,SHIP,pendencies
40930-5,40930,1482,83,5,16.00,22135.68,0.08,0.04,N,O,1998-07-02,1998-08-11,1998-07-26,TAKE BACK RETURN,SHIP,ggle quietly
40931-1,40931,650,51,1,1.00,1550.65,0.07,0.00,N,O,1997-05-08,1997-03-04,1997-05-24,DELIVER IN PERSON,REG AIR,its. slyly silent dolph
40931-2,40931,1209,47,2,8.00,8881.60,0.05,0.08,N,O,1997-03-16,1997-02-12,1997-03-25,TAKE BACK RETURN,RAIL,gainst the
40931-3,40931,246,28,3,35.00,40118.40,0.01,0.01,N,O,1997-04-20,1997-02-09,1997-05-10,NONE,SHIP, furiously. unusual requests lose. accounts
40931-4,40931,365,50,4,16.00,20245.76,0.07,0.04,N,O,1997-05-02,1997-03-11,1997-05-15,TAKE BACK RETURN,RAIL,ests sleep final platelets. r
40932-1,40932,64,40,1,47.00,45310.82,0.04,0.08,N,O,1998-08-29,1998-07-03,1998-09-04,TAKE BACK RETURN,MAIL,egular asymptotes boo
40932-2,40932,1752,79,2,23.00,38036.25,0.02,0.02,N,O,1998-08-09,1998-06-24,1998-08-20,COLLECT COD,AIR,counts sleep carefully. regular
40932-3,40932,694,88,3,4.00,6378.76,0.06,0.02,N,O,1998-06-26,1998-06-16,1998-07-16,DELIVER IN PERSON,MAIL,"structions. ironic, unusual waters"
40932-4,40932,943,44,4,22.00,40566.68,0.06,0.05,N,O,1998-05-17,1998-07-11,1998-06-13,NONE,REG AIR, according to the spec
40932-5,40932,1112,21,5,14.00,14183.54,0.00,0.08,N,O,1998-07-01,1998-07-16,1998-07-21,DELIVER IN PERSON,REG AIR,usly furiously express theodolites. excus
40933-1,40933,857,91,1,6.00,10547.10,0.02,0.05,R,F,1992-08-17,1992-08-25,1992-08-23,TAKE BACK RETURN,AIR," the express, regular asymptote"
40933-2,40933,290,18,2,18.00,21425.22,0.00,0.05,R,F,1992-08-23,1992-07-18,1992-09-22,TAKE BACK RETURN,FOB,"ual deposits. regular, pending a"
40933-3,40933,1280,18,3,27.00,31894.56,0.01,0.03,A,F,1992-06-30,1992-07-01,1992-07-30,NONE,AIR,ickly even 
40933-4,40933,1636,60,4,17.00,26139.71,0.03,0.05,A,F,1992-09-16,1992-07-25,1992-09-24,DELIVER IN PERSON,RAIL,final dinos. final wart
40934-1,40934,754,19,1,45.00,74463.75,0.00,0.01,N,O,1995-12-23,1995-12-15,1996-01-15,NONE,SHIP,se furiously regular packages. careful
40934-2,40934,610,4,2,9.00,13595.49,0.03,0.02,N,O,1995-12-24,1996-02-08,1995-12-30,NONE,SHIP,fully even ideas arou
40934-3,40934,1305,20,3,9.00,10856.70,0.01,0.02,N,O,1996-02-05,1996-01-17,1996-02-26,TAKE BACK RETURN,REG AIR,ts. blithely express p
40934-4,40934,1399,14,4,29.00,37711.31,0.10,0.03,N,O,1995-11-22,1996-01-06,1995-12-08,DELIVER IN PERSON,AIR,sual excuses. furiously final requests agai
40934-5,40934,1966,55,5,29.00,54170.84,0.08,0.07,N,O,1995-12-22,1996-02-07,1996-01-16,TAKE BACK RETURN,MAIL,integrate along
40935-1,40935,256,57,1,35.00,40468.75,0.07,0.06,N,O,1996-06-26,1996-07-13,1996-07-13,COLLECT COD,RAIL,"k, even courts are. slyly unus"
40935-2,40935,910,45,2,1.00,1810.91,0.03,0.00,N,O,1996-09-02,1996-08-18,1996-09-23,COLLECT COD,AIR,usly specia
40935-3,40935,845,79,3,26.00,45391.84,0.10,0.04,N,O,1996-09-04,1996-08-24,1996-09-20,DELIVER IN PERSON,RAIL,ts. quickly pendin
40960-1,40960,879,79,1,41.00,72974.67,0.04,0.02,N,O,1998-08-06,1998-06-11,1998-08-08,COLLECT COD,FOB,pendencies. furiously clos
40960-2,40960,980,15,2,41.00,77120.18,0.03,0.00,N,O,1998-05-23,1998-06-28,1998-06-02,COLLECT COD,RAIL,as unwind fluffily. accounts
40960-3,40960,1497,98,3,23.00,32165.27,0.09,0.05,N,O,1998-06-27,1998-06-22,1998-06-29,TAKE BACK RETURN,FOB,ffily about t
40960-4,40960,3,54,4,48.00,43344.00,0.05,0.07,N,O,1998-07-28,1998-07-06,1998-08-19,COLLECT COD,REG AIR,t the slyly bold accounts. carefully spec
40960-5,40960,358,15,5,32.00,40267.20,0.09,0.07,N,O,1998-05-06,1998-07-10,1998-05-11,COLLECT COD,MAIL,l pinto beans wake fluffily. slyly 
40961-1,40961,346,31,1,23.00,28665.82,0.04,0.00,N,O,1995-07-27,1995-05-20,1995-08-09,COLLECT COD,AIR,l foxes nag. slyly express deposits boos
40961-2,40961,86,62,2,17.00,16763.36,0.07,0.08,A,F,1995-04-30,1995-05-08,1995-05-05,COLLECT COD,AIR,sleep before the blithely spe
40962-1,40962,1521,62,1,18.00,25605.36,0.04,0.01,A,F,1995-05-19,1995-04-24,1995-05-31,NONE,MAIL,lyly unusual requests print fluffil
40962-2,40962,1706,49,2,35.00,56269.50,0.00,0.07,A,F,1995-06-08,1995-05-19,1995-06-10,DELIVER IN PERSON,TRUCK, the slyly 
40962-3,40962,349,34,3,17.00,21238.78,0.10,0.06,A,F,1995-02-26,1995-04-11,1995-03-19,COLLECT COD,REG AIR,deas. slyly unusual accounts wake f
40962-4,40962,1522,3,4,39.00,55517.28,0.02,0.06,R,F,1995-04-28,1995-04-28,1995-05-26,NONE,FOB,sleep furiously
40962-5,40962,1226,64,5,26.00,29307.72,0.03,0.01,R,F,1995-05-21,1995-05-15,1995-06-11,COLLECT COD,SHIP,nto beans sleep reque
40963-1,40963,826,26,1,4.00,6907.28,0.08,0.02,N,O,1997-06-06,1997-05-21,1997-06-10,NONE,RAIL,ing theodolites dazzle around 
40963-2,40963,1682,24,2,14.00,22171.52,0.00,0.05,N,O,1997-07-05,1997-06-15,1997-07-26,COLLECT COD,REG AIR,uriously regular deposits.
40963-3,40963,146,99,3,44.00,46030.16,0.08,0.03,N,O,1997-04-22,1997-06-22,1997-05-18,NONE,TRUCK, along the quickly regular requests. acco
40963-4,40963,1238,76,4,46.00,52404.58,0.07,0.01,N,O,1997-05-23,1997-06-04,1997-06-09,NONE,RAIL,ld theodolites. express pearls breac
40963-5,40963,1220,95,5,6.00,6727.32,0.05,0.07,N,O,1997-06-25,1997-05-08,1997-06-27,NONE,SHIP,ully unusual dependencies nag. f
40963-6,40963,784,81,6,49.00,82554.22,0.00,0.03,N,O,1997-07-29,1997-05-27,1997-08-07,TAKE BACK RETURN,REG AIR,hout the pending deposits are above the bl
40963-7,40963,591,92,7,11.00,16407.49,0.07,0.03,N,O,1997-04-26,1997-06-24,1997-05-17,TAKE BACK RETURN,TRUCK, final ideas acr
40964-1,40964,1778,5,1,43.00,72230.11,0.00,0.00,R,F,1995-05-25,1995-07-01,1995-06-12,TAKE BACK RETURN,FOB,sts. slyly bold accounts haggle fluffily fi
40964-2,40964,1587,8,2,25.00,37214.50,0.04,0.02,N,O,1995-07-19,1995-07-02,1995-07-24,TAKE BACK RETURN,REG AIR,"carefully bold instructions. regular,"
40965-1,40965,1537,58,1,36.00,51787.08,0.03,0.03,R,F,1994-11-30,1995-01-23,1994-12-11,COLLECT COD,SHIP,ic packages. quickly final acc
40965-2,40965,534,35,2,43.00,61684.79,0.02,0.03,A,F,1995-02-17,1994-12-24,1995-02-28,TAKE BACK RETURN,FOB,ke among the furious
40965-3,40965,1486,65,3,42.00,58274.16,0.08,0.01,R,F,1995-01-09,1995-01-15,1995-01-13,COLLECT COD,MAIL,tes cajole alongsi
40965-4,40965,1632,15,4,22.00,33739.86,0.10,0.05,R,F,1995-02-12,1995-01-16,1995-02-19,DELIVER IN PERSON,AIR,ding to the slyly fu
40965-5,40965,1246,21,5,40.00,45889.60,0.03,0.01,A,F,1995-01-02,1995-01-16,1995-01-16,NONE,FOB,"ets. special, regular instructions ha"
40965-6,40965,428,16,6,48.00,63764.16,0.06,0.08,A,F,1995-02-10,1995-01-11,1995-02-14,DELIVER IN PERSON,FOB, dependencies. furiously ironic
40966-1,40966,806,40,1,13.00,22188.40,0.08,0.05,N,O,1997-08-26,1997-08-14,1997-09-17,TAKE BACK RETURN,MAIL,l packages. slyly fluffy pinto bean
40966-2,40966,1216,28,2,15.00,16758.15,0.02,0.03,N,O,1997-07-04,1997-06-24,1997-07-13,NONE,RAIL, attainments n
40966-3,40966,363,64,3,43.00,54324.48,0.02,0.04,N,O,1997-08-06,1997-07-04,1997-08-10,DELIVER IN PERSON,AIR,ove the final foxes. 
40966-4,40966,676,70,4,28.00,44146.76,0.02,0.04,N,O,1997-07-20,1997-07-06,1997-07-27,NONE,FOB,furiously even packages whithou
40966-5,40966,1010,81,5,44.00,40084.44,0.00,0.04,N,O,1997-06-17,1997-08-11,1997-06-27,COLLECT COD,SHIP,y final requests nag fluff
40967-1,40967,35,11,1,23.00,21505.69,0.09,0.02,N,O,1997-10-25,1997-12-09,1997-11-24,NONE,AIR,y according to the regular deposit
40967-2,40967,933,2,2,13.00,23841.09,0.07,0.05,N,O,1997-10-21,1997-12-05,1997-10-26,TAKE BACK RETURN,TRUCK,ironically instructions. car
40967-3,40967,1360,61,3,4.00,5045.44,0.06,0.01,N,O,1997-09-29,1997-11-15,1997-10-20,COLLECT COD,REG AIR,uffily. express deposits cajole around t
40967-4,40967,1734,35,4,50.00,81786.50,0.02,0.00,N,O,1997-12-22,1997-11-30,1998-01-21,TAKE BACK RETURN,RAIL,ckly silent excuses are around 
40967-5,40967,450,38,5,16.00,21607.20,0.07,0.04,N,O,1997-12-24,1997-12-15,1998-01-10,NONE,SHIP, asymptotes cajole ironic accounts. fluffy 
40992-1,40992,452,11,1,50.00,67622.50,0.03,0.06,A,F,1993-12-18,1994-02-07,1993-12-31,NONE,SHIP,ts about the
40992-2,40992,902,5,2,38.00,68510.20,0.05,0.04,R,F,1993-12-02,1994-02-11,1993-12-21,COLLECT COD,AIR,fluffily even theod
40993-1,40993,986,21,1,14.00,26417.72,0.00,0.04,N,O,1997-12-26,1998-01-05,1997-12-31,DELIVER IN PERSON,RAIL,fluffily regular requests haggle.
40993-2,40993,620,52,2,46.00,69948.52,0.04,0.02,N,O,1997-11-23,1997-11-30,1997-12-13,COLLECT COD,SHIP,he carefully special excuses. acc
40994-1,40994,837,37,1,34.00,59086.22,0.03,0.01,A,F,1992-11-23,1992-12-20,1992-12-12,TAKE BACK RETURN,TRUCK,osits. slyly unusual ideas dou
40994-2,40994,651,14,2,31.00,48101.15,0.04,0.02,R,F,1992-11-17,1993-01-08,1992-12-07,NONE,REG AIR,out the accounts haggle carefull
40994-3,40994,694,88,3,8.00,12757.52,0.08,0.01,A,F,1992-11-23,1992-11-13,1992-12-15,TAKE BACK RETURN,RAIL,cajole slyly outside
40994-4,40994,1864,51,4,9.00,15892.74,0.02,0.05,R,F,1992-11-21,1992-11-17,1992-12-04,COLLECT COD,REG AIR,t the unusual packages. accounts sleep. f
40995-1,40995,1185,86,1,50.00,54309.00,0.06,0.08,N,O,1998-07-11,1998-07-25,1998-08-07,TAKE BACK RETURN,MAIL,ously ironic deposits doze slyly pendi
40996-1,40996,246,47,1,9.00,10316.16,0.01,0.05,R,F,1994-09-10,1994-10-27,1994-10-08,NONE,TRUCK,pending ideas 
40996-2,40996,331,32,2,7.00,8619.31,0.08,0.05,R,F,1994-10-14,1994-10-06,1994-10-16,NONE,FOB,uriously express platelets. requests wak
40996-3,40996,990,25,3,7.00,13236.93,0.10,0.01,R,F,1994-09-17,1994-09-21,1994-10-10,COLLECT COD,TRUCK, the bold deposits. special decoys 
40997-1,40997,174,1,1,9.00,9667.53,0.07,0.07,A,F,1994-07-07,1994-07-20,1994-07-20,NONE,TRUCK,; asymptotes 
40997-2,40997,1434,52,2,4.00,5341.72,0.06,0.02,R,F,1994-07-18,1994-07-03,1994-08-14,NONE,SHIP,press requests detect slyly e
40997-3,40997,1410,28,3,40.00,52456.40,0.10,0.03,A,F,1994-04-26,1994-07-16,1994-05-09,NONE,AIR,s deposits! quickly regular de
40997-4,40997,1016,22,4,3.00,2751.03,0.02,0.05,A,F,1994-07-20,1994-06-29,1994-08-03,NONE,SHIP, along the
40997-5,40997,891,58,5,38.00,68091.82,0.07,0.00,A,F,1994-04-29,1994-06-10,1994-05-07,DELIVER IN PERSON,TRUCK,lly blithe do
40998-1,40998,265,66,1,43.00,50106.18,0.01,0.04,A,F,1994-08-29,1994-06-19,1994-08-31,COLLECT COD,SHIP,e blithely express multipliers! requests ca
40998-2,40998,1385,24,2,1.00,1286.38,0.05,0.01,A,F,1994-06-13,1994-07-30,1994-07-09,COLLECT COD,SHIP,yly blithel
40998-3,40998,294,22,3,20.00,23885.80,0.05,0.08,A,F,1994-06-21,1994-06-25,1994-07-13,DELIVER IN PERSON,MAIL, deposits. 
40999-1,40999,40,16,1,18.00,16920.72,0.02,0.08,A,F,1992-07-21,1992-06-22,1992-08-09,NONE,MAIL,among the quickly quick deposits. r
41024-1,41024,538,69,1,46.00,66172.38,0.00,0.00,R,F,1993-10-30,1993-10-09,1993-11-28,NONE,TRUCK,equests except the furiously ironic pa
41024-2,41024,1808,52,2,39.00,66682.20,0.03,0.03,A,F,1993-08-12,1993-09-28,1993-08-22,NONE,SHIP,oxes nag. regular
41024-3,41024,1251,63,3,10.00,11522.50,0.03,0.00,R,F,1993-07-26,1993-09-28,1993-07-29,DELIVER IN PERSON,REG AIR, are blith
41024-4,41024,299,81,4,38.00,45573.02,0.07,0.00,A,F,1993-10-17,1993-10-11,1993-11-01,DELIVER IN PERSON,TRUCK,beans sleep after the c
41025-1,41025,1703,46,1,7.00,11232.90,0.05,0.06,N,O,1996-02-17,1996-03-30,1996-03-03,DELIVER IN PERSON,TRUCK,ackages. busily ironic requests ac
41025-2,41025,554,85,2,45.00,65454.75,0.02,0.01,N,O,1996-03-04,1996-04-21,1996-03-21,TAKE BACK RETURN,MAIL,its use furiously unusual accounts: bol
41025-3,41025,655,56,3,20.00,31113.00,0.04,0.05,N,O,1996-03-21,1996-03-26,1996-04-01,TAKE BACK RETURN,AIR,hes. slyly idle requests will s
41026-1,41026,767,68,1,39.00,65042.64,0.09,0.01,N,F,1995-06-14,1995-07-14,1995-06-25,TAKE BACK RETURN,REG AIR,dependencies are furiously reg
41026-2,41026,1986,19,2,44.00,83071.12,0.09,0.04,N,O,1995-07-13,1995-07-06,1995-08-01,NONE,RAIL,final acco
41026-3,41026,109,36,3,49.00,49445.90,0.08,0.04,N,O,1995-07-29,1995-05-22,1995-08-26,NONE,SHIP,ke slyly deposits. furiously pendin
41026-4,41026,1471,89,4,2.00,2744.94,0.02,0.02,N,O,1995-08-19,1995-07-16,1995-08-30,COLLECT COD,REG AIR,nic instructi
41026-5,41026,15,16,5,20.00,18300.20,0.04,0.03,N,O,1995-07-25,1995-07-02,1995-08-20,TAKE BACK RETURN,TRUCK,g. blithely express t
41027-1,41027,1211,23,1,32.00,35590.72,0.03,0.08,R,F,1994-03-07,1994-04-19,1994-03-22,DELIVER IN PERSON,REG AIR,e blithely slyly regular instructi
41027-2,41027,1689,72,2,40.00,63627.20,0.03,0.04,A,F,1994-03-10,1994-05-12,1994-03-20,TAKE BACK RETURN,SHIP,losely ironic packag
41027-3,41027,1366,67,3,37.00,46892.32,0.08,0.03,A,F,1994-06-13,1994-05-23,1994-06-18,NONE,TRUCK,ests haggle across the furiously pending pa
41028-1,41028,257,85,1,47.00,54390.75,0.04,0.07,N,O,1997-06-06,1997-07-29,1997-06-09,NONE,FOB,ending platelets
41028-2,41028,1263,64,2,50.00,58213.00,0.09,0.06,N,O,1997-08-29,1997-06-10,1997-09-15,TAKE BACK RETURN,MAIL,ependencies. idly regular deposits ca
41028-3,41028,1532,53,3,48.00,68809.44,0.03,0.03,N,O,1997-05-23,1997-07-21,1997-05-25,NONE,SHIP,ckly pending sauternes sleep re
41028-4,41028,872,39,4,35.00,62050.45,0.05,0.06,N,O,1997-08-23,1997-06-24,1997-09-15,TAKE BACK RETURN,AIR, the busily blit
41028-5,41028,407,95,5,13.00,16996.20,0.04,0.04,N,O,1997-08-22,1997-07-04,1997-09-08,COLLECT COD,FOB,s was furiously regular foxes. regular depo
41029-1,41029,1054,60,1,1.00,955.05,0.02,0.06,N,O,1996-07-05,1996-06-29,1996-07-29,TAKE BACK RETURN,FOB,ackages are. furiously
41029-2,41029,700,32,2,46.00,73632.20,0.08,0.07,N,O,1996-05-17,1996-08-01,1996-06-06,TAKE BACK RETURN,MAIL,ve among the pen
41029-3,41029,1180,81,3,27.00,29191.86,0.04,0.03,N,O,1996-05-19,1996-06-23,1996-06-08,NONE,REG AIR, beans across
41029-4,41029,515,46,4,28.00,39634.28,0.07,0.08,N,O,1996-06-17,1996-07-29,1996-07-05,TAKE BACK RETURN,FOB,. ruthlessly unusual accounts acr
41030-1,41030,691,23,1,22.00,35017.18,0.09,0.01,N,O,1996-02-27,1996-04-03,1996-03-07,DELIVER IN PERSON,SHIP,ffily across the furiously pendin
41030-2,41030,1864,94,2,25.00,44146.50,0.03,0.06,N,O,1996-02-16,1996-03-18,1996-03-12,DELIVER IN PERSON,SHIP,lithely carefully bl
41030-3,41030,1775,76,3,44.00,73777.88,0.02,0.06,N,O,1996-06-01,1996-04-30,1996-06-25,COLLECT COD,AIR,integrate. furiously regul
41031-1,41031,1201,39,1,1.00,1102.20,0.08,0.04,N,O,1996-05-17,1996-04-26,1996-06-02,DELIVER IN PERSON,REG AIR,usy asymptotes are f
41031-2,41031,250,78,2,27.00,31056.75,0.06,0.01,N,O,1996-06-16,1996-04-25,1996-07-07,TAKE BACK RETURN,RAIL,riously slyly regular pint
41031-3,41031,1545,86,3,17.00,24591.18,0.06,0.05,N,O,1996-04-26,1996-05-22,1996-05-12,DELIVER IN PERSON,AIR,nusual ideas wake agai
41031-4,41031,786,87,4,42.00,70844.76,0.03,0.03,N,O,1996-04-15,1996-04-24,1996-04-29,DELIVER IN PERSON,MAIL,fter the furiously ironic pains. furiou
41031-5,41031,1096,2,5,7.00,6979.63,0.06,0.03,N,O,1996-04-16,1996-05-21,1996-04-20,NONE,FOB,ly silent packages. furiou
41056-1,41056,1335,12,1,23.00,28435.59,0.02,0.02,A,F,1992-06-11,1992-06-21,1992-06-27,NONE,RAIL,silent packages. carefully bold multi
41056-2,41056,1251,63,2,3.00,3456.75,0.08,0.02,A,F,1992-07-11,1992-06-20,1992-07-31,DELIVER IN PERSON,MAIL,riously pend
41056-3,41056,1152,25,3,23.00,24222.45,0.00,0.03,A,F,1992-04-21,1992-06-11,1992-05-07,TAKE BACK RETURN,FOB,ructions into the ironi
41057-1,41057,18,19,1,19.00,17442.19,0.07,0.08,N,O,1998-05-16,1998-03-17,1998-05-20,NONE,FOB, foxes. idly express accounts sl
41057-2,41057,271,26,2,16.00,18740.32,0.05,0.03,N,O,1998-05-09,1998-04-06,1998-05-13,NONE,RAIL,e deposits would are furiously a
41057-3,41057,841,41,3,7.00,12192.88,0.07,0.00,N,O,1998-04-23,1998-03-30,1998-05-17,TAKE BACK RETURN,FOB,ld finally slyly
41057-4,41057,1263,1,4,17.00,19792.42,0.00,0.03,N,O,1998-04-12,1998-02-27,1998-05-06,NONE,TRUCK,s nag blithely specia
41057-5,41057,1246,58,5,13.00,14914.12,0.10,0.03,N,O,1998-02-07,1998-02-20,1998-02-19,TAKE BACK RETURN,RAIL,s. special accounts nag blithel
41058-1,41058,419,78,1,28.00,36943.48,0.01,0.00,N,O,1997-10-25,1997-09-28,1997-10-30,DELIVER IN PERSON,RAIL, about the slyly pendin
41059-1,41059,101,28,1,37.00,37040.70,0.00,0.06,A,F,1993-11-04,1993-11-05,1993-11-14,COLLECT COD,TRUCK,lyly express accounts. express pint
41059-2,41059,1352,67,2,44.00,55147.40,0.03,0.04,R,F,1993-10-02,1993-11-16,1993-10-16,NONE,RAIL,"? even, ironic fr"
41059-3,41059,755,52,3,36.00,59607.00,0.01,0.08,A,F,1994-01-07,1993-10-24,1994-01-10,NONE,REG AIR,platelets. packages sle
41059-4,41059,827,94,4,15.00,25917.30,0.04,0.02,A,F,1994-01-06,1993-10-15,1994-01-18,TAKE BACK RETURN,MAIL,leep somet
41059-5,41059,632,64,5,37.00,56707.31,0.00,0.02,A,F,1994-01-12,1993-10-16,1994-01-21,COLLECT COD,RAIL,ronic packages above the blithely 
41059-6,41059,190,17,6,20.00,21803.80,0.07,0.08,A,F,1993-11-02,1993-11-08,1993-11-16,COLLECT COD,RAIL,bold requests. ironi
41060-1,41060,1182,91,1,35.00,37911.30,0.01,0.06,A,F,1994-10-01,1994-08-18,1994-10-21,TAKE BACK RETURN,RAIL,sual dolphins alongside of t
41060-2,41060,1596,37,2,26.00,38937.34,0.01,0.01,R,F,1994-07-12,1994-09-01,1994-07-19,TAKE BACK RETURN,RAIL,e fluffily along the escapades
41061-1,41061,1587,68,1,34.00,50611.72,0.09,0.01,N,O,1997-05-14,1997-05-09,1997-05-21,COLLECT COD,FOB,l foxes sleep furiously 
41061-2,41061,586,47,2,23.00,34191.34,0.00,0.01,N,O,1997-06-29,1997-05-05,1997-07-17,COLLECT COD,TRUCK,egular deposits nag. slyly 
41062-1,41062,976,11,1,36.00,67570.92,0.07,0.07,R,F,1995-05-03,1995-02-21,1995-05-21,COLLECT COD,FOB,ke carefully agains
41062-2,41062,1011,47,2,32.00,29184.32,0.02,0.07,A,F,1995-02-15,1995-03-15,1995-03-06,COLLECT COD,SHIP,structions detect finally spe
41062-3,41062,1992,25,3,21.00,39773.79,0.04,0.08,R,F,1995-01-26,1995-04-08,1995-02-17,TAKE BACK RETURN,AIR,y silent dependencies above the bold
41063-1,41063,1415,55,1,29.00,38175.89,0.00,0.05,R,F,1993-02-06,1993-02-03,1993-03-05,COLLECT COD,SHIP,"old unusual, unusual foxes. furio"
41063-2,41063,1225,26,2,19.00,21398.18,0.00,0.06,R,F,1993-01-13,1993-01-26,1993-01-20,NONE,TRUCK,blithely regular foxes according to the f
41063-3,41063,886,20,3,19.00,33950.72,0.04,0.07,R,F,1993-02-01,1992-12-31,1993-02-25,COLLECT COD,REG AIR,en asymptotes. fluffily bold plat
41063-4,41063,1380,95,4,18.00,23064.84,0.07,0.01,R,F,1993-01-04,1993-01-03,1993-01-15,DELIVER IN PERSON,REG AIR,lar deposits. foxe
41063-5,41063,151,30,5,50.00,52557.50,0.00,0.01,A,F,1993-01-12,1993-02-10,1993-02-07,NONE,SHIP,cajole furiously around 
41063-6,41063,1393,8,6,19.00,24593.41,0.01,0.07,R,F,1993-01-23,1993-02-08,1993-02-01,NONE,MAIL,gular accounts. furiously ironic depo
41063-7,41063,1559,40,7,37.00,54040.35,0.05,0.04,A,F,1993-01-29,1993-01-08,1993-02-15,NONE,REG AIR,ogs haggle carefull
41088-1,41088,1299,37,1,13.00,15603.77,0.02,0.04,N,O,1998-05-31,1998-06-29,1998-06-24,COLLECT COD,MAIL,deposits. silently even sheaves
41089-1,41089,1427,45,1,49.00,65092.58,0.10,0.05,N,O,1998-08-29,1998-09-27,1998-09-10,TAKE BACK RETURN,SHIP,areful cour
41090-1,41090,1357,72,1,21.00,26425.35,0.01,0.03,A,F,1994-07-29,1994-07-01,1994-08-15,COLLECT COD,AIR,he never final platelets cajole regu
41090-2,41090,95,96,2,27.00,26867.43,0.09,0.04,A,F,1994-06-03,1994-05-10,1994-06-21,TAKE BACK RETURN,AIR,of the furiously r
41090-3,41090,1443,44,3,6.00,8066.64,0.04,0.08,R,F,1994-06-12,1994-06-17,1994-06-20,NONE,AIR,into beans wake quickly along the blithely 
41090-4,41090,271,53,4,47.00,55049.69,0.00,0.04,R,F,1994-04-23,1994-05-12,1994-05-19,COLLECT COD,TRUCK,"out the pending, final re"
41091-1,41091,19,70,1,45.00,41355.45,0.10,0.06,A,F,1994-07-27,1994-08-19,1994-08-26,DELIVER IN PERSON,SHIP,riously car
41091-2,41091,657,51,2,15.00,23364.75,0.09,0.00,A,F,1994-06-18,1994-08-01,1994-07-18,COLLECT COD,FOB,"mong the blithely even accounts. final, re"
41091-3,41091,377,62,3,43.00,54926.91,0.07,0.06,R,F,1994-09-19,1994-07-21,1994-10-10,DELIVER IN PERSON,REG AIR,fily. blithely unusual accoun
41092-1,41092,1235,36,1,27.00,30678.21,0.04,0.00,N,O,1997-10-27,1997-09-03,1997-10-29,COLLECT COD,TRUCK,ously regular somas 
41092-2,41092,175,54,2,22.00,23653.74,0.10,0.05,N,O,1997-10-15,1997-08-16,1997-10-24,DELIVER IN PERSON,AIR,efully even courts are fluffily fi
41092-3,41092,508,99,3,50.00,70425.00,0.02,0.03,N,O,1997-11-08,1997-08-29,1997-12-06,COLLECT COD,MAIL, deposits. patterns haggle
41093-1,41093,680,81,1,30.00,47420.40,0.05,0.07,N,O,1997-05-28,1997-03-16,1997-06-12,NONE,SHIP,ounts use about the furiously regular fox
41093-2,41093,181,82,2,7.00,7568.26,0.03,0.06,N,O,1997-03-03,1997-03-16,1997-03-24,TAKE BACK RETURN,RAIL,onic foxes haggl
41093-3,41093,823,90,3,44.00,75848.08,0.04,0.07,N,O,1997-04-19,1997-03-19,1997-05-05,COLLECT COD,REG AIR,ely final d
41093-4,41093,1832,33,4,36.00,62417.88,0.05,0.00,N,O,1997-06-01,1997-05-09,1997-06-26,COLLECT COD,FOB, sleep carefully across
41093-5,41093,879,46,5,18.00,32037.66,0.10,0.02,N,O,1997-04-11,1997-04-22,1997-04-28,TAKE BACK RETURN,RAIL,uests solve slyly ironic asym
41093-6,41093,333,62,6,15.00,18499.95,0.03,0.08,N,O,1997-03-12,1997-03-12,1997-04-02,TAKE BACK RETURN,FOB,indle across the asy
41094-1,41094,1984,73,1,49.00,92413.02,0.07,0.07,R,F,1994-01-31,1994-03-26,1994-02-07,COLLECT COD,TRUCK,tions are furiously
41094-2,41094,289,17,2,28.00,33299.84,0.10,0.05,A,F,1994-04-08,1994-02-13,1994-04-20,TAKE BACK RETURN,TRUCK,es until the bold requests haggle slyly exp
41094-3,41094,1972,61,3,48.00,89950.56,0.04,0.06,R,F,1994-02-17,1994-02-17,1994-03-01,COLLECT COD,MAIL,s nod blithely fur
41094-4,41094,1187,24,4,30.00,32645.40,0.10,0.08,A,F,1994-03-08,1994-02-28,1994-03-22,COLLECT COD,REG AIR,structions? deposits sleep ruthlessly p
41094-5,41094,854,21,5,4.00,7019.40,0.04,0.02,R,F,1994-03-24,1994-02-07,1994-04-05,TAKE BACK RETURN,RAIL,yly unusual requests use am
41094-6,41094,71,47,6,5.00,4855.35,0.02,0.03,R,F,1994-03-12,1994-02-20,1994-04-04,DELIVER IN PERSON,TRUCK,wake blithely special t
41094-7,41094,337,22,7,44.00,54442.52,0.02,0.07,R,F,1994-02-12,1994-03-10,1994-02-17,COLLECT COD,SHIP,t deposits cajole
41095-1,41095,134,35,1,16.00,16546.08,0.04,0.06,N,O,1997-02-26,1997-03-20,1997-03-18,NONE,SHIP, regular packages wake carefully. even pi
41120-1,41120,1773,58,1,45.00,75364.65,0.09,0.07,R,F,1992-08-01,1992-09-09,1992-08-28,TAKE BACK RETURN,REG AIR,gular dependencies boost sl
41120-2,41120,1996,29,2,37.00,70225.63,0.04,0.08,A,F,1992-08-20,1992-09-11,1992-09-15,COLLECT COD,FOB,lets. slyly bold id
41120-3,41120,1370,85,3,5.00,6356.85,0.10,0.07,A,F,1992-10-26,1992-08-26,1992-11-08,COLLECT COD,SHIP,"s cajole unusual, thin courts. specia"
41120-4,41120,141,94,4,14.00,14575.96,0.04,0.01,R,F,1992-08-17,1992-09-13,1992-08-28,NONE,TRUCK,to beans detect quickly. stea
41120-5,41120,791,92,5,3.00,5075.37,0.10,0.02,R,F,1992-07-27,1992-08-14,1992-08-09,TAKE BACK RETURN,MAIL, along the sometimes even instru
41120-6,41120,708,41,6,9.00,14478.30,0.04,0.00,R,F,1992-10-08,1992-08-20,1992-10-25,NONE,RAIL,. carefully express deposits nag caref
41121-1,41121,1934,23,1,29.00,53241.97,0.02,0.03,N,O,1996-08-29,1996-08-18,1996-09-15,NONE,FOB,lyly express warhorses boost slyl
41122-1,41122,150,3,1,29.00,30454.35,0.06,0.00,A,F,1993-06-21,1993-03-30,1993-07-11,NONE,AIR, wake carefull
41122-2,41122,1222,34,2,34.00,38189.48,0.07,0.01,A,F,1993-06-11,1993-04-20,1993-06-19,COLLECT COD,RAIL,osits? furiously final ideas be
41122-3,41122,828,29,3,10.00,17288.20,0.02,0.04,R,F,1993-05-01,1993-04-16,1993-05-08,NONE,SHIP, across th
41123-1,41123,800,65,1,50.00,85040.00,0.04,0.06,R,F,1993-12-08,1994-02-15,1993-12-30,NONE,FOB,de of the quietly express foxes use alo
41123-2,41123,1897,84,2,48.00,86346.72,0.03,0.00,A,F,1994-02-13,1994-03-07,1994-03-01,COLLECT COD,AIR,ronic pack
41124-1,41124,1389,90,1,45.00,58067.10,0.03,0.06,R,F,1994-08-20,1994-07-20,1994-08-22,TAKE BACK RETURN,FOB, ironic hockey players nag furio
41124-2,41124,73,49,2,12.00,11676.84,0.01,0.07,A,F,1994-07-21,1994-06-23,1994-08-11,DELIVER IN PERSON,AIR," special, regul"
41124-3,41124,216,98,3,5.00,5581.05,0.02,0.06,R,F,1994-08-16,1994-08-07,1994-08-26,NONE,RAIL,r requests. furiously final deposits sleep 
41125-1,41125,269,24,1,16.00,18708.16,0.08,0.00,N,O,1995-07-29,1995-07-21,1995-08-08,TAKE BACK RETURN,AIR,mas use arou
41125-2,41125,41,67,2,33.00,31054.32,0.10,0.08,R,F,1995-05-29,1995-07-01,1995-06-10,NONE,RAIL,blithely silent asymptotes poach furiousl
41126-1,41126,1850,51,1,32.00,56059.20,0.01,0.02,N,O,1998-06-03,1998-06-30,1998-06-11,DELIVER IN PERSON,TRUCK,carefully against the regular
41127-1,41127,333,62,1,1.00,1233.33,0.08,0.06,N,O,1996-12-01,1996-10-15,1996-12-11,COLLECT COD,FOB,furiously ironic 
41127-2,41127,1213,14,2,47.00,52367.87,0.03,0.06,N,O,1996-09-06,1996-09-25,1996-10-01,NONE,TRUCK,tes haggle blithely. carefully bold deposit
41127-3,41127,633,65,3,25.00,38340.75,0.01,0.08,N,O,1996-10-05,1996-09-03,1996-10-26,NONE,REG AIR,"nal deposits. even, regul"
41127-4,41127,1913,14,4,11.00,19964.01,0.02,0.08,N,O,1996-10-26,1996-09-03,1996-11-10,TAKE BACK RETURN,RAIL,"e across the unusual, re"
41127-5,41127,1692,34,5,46.00,73309.74,0.01,0.03,N,O,1996-11-04,1996-09-16,1996-11-16,TAKE BACK RETURN,SHIP,ooze carefully alongside of the slyly
41152-1,41152,441,71,1,4.00,5365.76,0.10,0.03,N,O,1995-10-16,1995-10-16,1995-11-02,DELIVER IN PERSON,REG AIR,es boost furiously slyly unusual requests.
41152-2,41152,1378,17,2,9.00,11514.33,0.00,0.08,N,O,1995-09-21,1995-11-29,1995-09-23,DELIVER IN PERSON,RAIL,deposits across the quickly idle
41152-3,41152,1606,7,3,36.00,54273.60,0.10,0.08,N,O,1995-12-23,1995-10-17,1996-01-22,NONE,TRUCK,blithely quickly bold foxes. blithely reg
41152-4,41152,1691,15,4,8.00,12741.52,0.00,0.03,N,O,1995-10-14,1995-11-19,1995-10-24,NONE,TRUCK,tructions. p
41152-5,41152,507,68,5,46.00,64745.00,0.08,0.08,N,O,1995-12-13,1995-10-14,1996-01-10,NONE,REG AIR,al dependencies. fluffily express f
41153-1,41153,1221,22,1,22.00,24688.84,0.08,0.04,A,F,1994-04-13,1994-05-29,1994-04-15,DELIVER IN PERSON,AIR,nusual packages caj
41153-2,41153,914,17,2,33.00,59892.03,0.10,0.03,A,F,1994-07-01,1994-04-04,1994-07-26,TAKE BACK RETURN,REG AIR,s sleep after the qu
41153-3,41153,1770,55,3,14.00,23404.78,0.08,0.02,A,F,1994-04-02,1994-04-08,1994-04-25,COLLECT COD,RAIL,regular pinto bean
41154-1,41154,1247,48,1,11.00,12630.64,0.01,0.03,R,F,1994-07-23,1994-06-02,1994-08-03,NONE,REG AIR,s. ironic requests 
41154-2,41154,1953,54,2,45.00,83472.75,0.10,0.03,R,F,1994-07-31,1994-06-10,1994-08-27,TAKE BACK RETURN,MAIL,onic accounts maintain 
41154-3,41154,406,7,3,19.00,24821.60,0.08,0.03,R,F,1994-07-12,1994-07-07,1994-07-14,COLLECT COD,MAIL,ach furiously. quickly regul
41155-1,41155,1615,39,1,2.00,3033.22,0.05,0.05,N,O,1996-05-11,1996-06-09,1996-06-07,COLLECT COD,SHIP,. carefully final packages sleep against t
41155-2,41155,1514,35,2,3.00,4246.53,0.03,0.05,N,O,1996-04-17,1996-06-17,1996-05-04,COLLECT COD,AIR,ous courts 
41155-3,41155,1838,82,3,7.00,12178.81,0.09,0.07,N,O,1996-07-28,1996-05-27,1996-08-25,DELIVER IN PERSON,TRUCK,ly unusual accounts after the furio
41155-4,41155,623,17,4,29.00,44184.98,0.09,0.05,N,O,1996-06-09,1996-06-16,1996-06-15,DELIVER IN PERSON,FOB,aters. furiously regular asympt
41156-1,41156,319,76,1,37.00,45114.47,0.04,0.01,N,O,1998-07-11,1998-06-19,1998-07-17,DELIVER IN PERSON,TRUCK,"ncies nag busily final, regular depos"
41157-1,41157,962,31,1,28.00,52162.88,0.03,0.04,N,O,1995-07-06,1995-07-02,1995-07-23,NONE,SHIP, quickly final deposits. slyly ironi
41157-2,41157,1527,48,2,17.00,24284.84,0.09,0.08,N,F,1995-06-12,1995-06-20,1995-07-09,DELIVER IN PERSON,RAIL,ests. carefully
41157-3,41157,943,44,3,32.00,59006.08,0.04,0.04,N,O,1995-08-05,1995-07-03,1995-08-12,NONE,RAIL,ns. careful
41157-4,41157,1275,13,4,15.00,17644.05,0.05,0.02,N,O,1995-07-15,1995-06-25,1995-07-24,COLLECT COD,FOB,efully regular deposits nag b
41157-5,41157,392,77,5,38.00,49110.82,0.07,0.06,N,O,1995-07-07,1995-06-25,1995-07-14,COLLECT COD,RAIL,ithely across the pendi
41158-1,41158,746,79,1,22.00,36228.28,0.10,0.07,N,O,1996-04-10,1996-05-17,1996-05-06,COLLECT COD,FOB,are blithely. regular ideas wake b
41158-2,41158,1271,72,2,20.00,23445.40,0.00,0.06,N,O,1996-06-01,1996-06-29,1996-06-14,NONE,FOB, sleep furiously. slyly unusual d
41158-3,41158,138,17,3,33.00,34258.29,0.01,0.02,N,O,1996-07-21,1996-06-16,1996-07-22,NONE,SHIP, are slyly above the unusual ideas. fi
41158-4,41158,1262,100,4,16.00,18612.16,0.05,0.05,N,O,1996-07-29,1996-05-10,1996-08-07,DELIVER IN PERSON,FOB,d foxes na
41158-5,41158,186,13,5,18.00,19551.24,0.06,0.02,N,O,1996-06-27,1996-05-09,1996-07-09,NONE,REG AIR,ackages affix s
41158-6,41158,1254,92,6,50.00,57762.50,0.10,0.07,N,O,1996-06-24,1996-05-15,1996-07-01,TAKE BACK RETURN,RAIL,ully final requests. reg
41159-1,41159,35,86,1,12.00,11220.36,0.08,0.03,N,O,1997-01-25,1997-01-24,1997-02-11,DELIVER IN PERSON,TRUCK,kages detect carefully against th
41184-1,41184,585,46,1,50.00,74279.00,0.00,0.02,N,O,1995-12-23,1995-11-24,1996-01-21,TAKE BACK RETURN,SHIP,requests. sl
41184-2,41184,439,27,2,8.00,10715.44,0.01,0.03,N,O,1995-12-31,1995-11-19,1996-01-09,NONE,AIR,ithely regular requests caj
41184-3,41184,1013,14,3,9.00,8226.09,0.04,0.04,N,O,1995-12-13,1995-12-07,1995-12-25,DELIVER IN PERSON,TRUCK,ly even ideas. instructions haggle
41184-4,41184,1482,61,4,7.00,9684.36,0.09,0.01,N,O,1995-11-26,1995-11-29,1995-12-05,DELIVER IN PERSON,TRUCK,y. furiously regular id
41184-5,41184,1332,47,5,26.00,32066.58,0.08,0.02,N,O,1995-11-19,1995-11-10,1995-12-05,COLLECT COD,REG AIR,telets are re
41185-1,41185,1713,14,1,41.00,66203.11,0.06,0.06,R,F,1994-12-26,1995-02-07,1995-01-20,DELIVER IN PERSON,RAIL,luffily special instructions thrash. e
41185-2,41185,817,18,2,14.00,24049.34,0.02,0.01,R,F,1995-02-15,1995-02-08,1995-03-15,COLLECT COD,REG AIR,te against the i
41185-3,41185,472,31,3,11.00,15097.17,0.03,0.06,A,F,1995-03-13,1995-02-06,1995-04-12,NONE,TRUCK,blithely re
41185-4,41185,1365,66,4,27.00,34191.72,0.04,0.08,R,F,1995-03-28,1995-01-24,1995-03-31,NONE,RAIL,arefully express ideas. quietl
41185-5,41185,1230,42,5,4.00,4524.92,0.08,0.03,R,F,1994-12-29,1995-02-03,1995-01-16,NONE,AIR,ar requests. depos
41185-6,41185,158,37,6,6.00,6348.90,0.10,0.06,A,F,1995-02-28,1995-02-25,1995-03-28,COLLECT COD,SHIP,ironic courts boost fluffily ironic requ
41185-7,41185,1145,82,7,29.00,30338.06,0.02,0.02,R,F,1995-02-19,1995-01-21,1995-02-25,TAKE BACK RETURN,TRUCK, the ideas nag bold instructions. s
41186-1,41186,743,44,1,22.00,36162.28,0.07,0.05,A,F,1994-03-05,1993-12-31,1994-03-10,COLLECT COD,RAIL,lar courts detect ironicall
41186-2,41186,1071,42,2,44.00,42771.08,0.03,0.08,A,F,1994-03-22,1993-12-27,1994-03-28,NONE,TRUCK,quests. blith
41186-3,41186,1662,63,3,4.00,6254.64,0.05,0.01,R,F,1994-02-26,1994-01-01,1994-03-07,NONE,SHIP,oxes. slyly r
41186-4,41186,804,4,4,18.00,30686.40,0.09,0.02,R,F,1994-03-01,1993-12-24,1994-03-03,TAKE BACK RETURN,FOB,ly even braids. carefully ex
41186-5,41186,1154,55,5,13.00,13716.95,0.09,0.03,R,F,1994-01-17,1993-12-23,1994-01-22,DELIVER IN PERSON,AIR,press pinto beans. furious
41186-6,41186,1605,47,6,1.00,1506.60,0.01,0.04,R,F,1994-02-10,1994-01-30,1994-02-23,NONE,TRUCK,quickly along the ca
41186-7,41186,1767,52,7,22.00,36712.72,0.10,0.02,R,F,1993-12-29,1994-01-06,1994-01-23,NONE,AIR,osits. furiously ironic instru
41187-1,41187,1049,20,1,33.00,31351.32,0.00,0.04,A,F,1993-10-02,1993-12-27,1993-10-29,TAKE BACK RETURN,RAIL,y final deposits amon
41187-2,41187,725,26,2,6.00,9754.32,0.08,0.07,R,F,1993-10-19,1993-12-18,1993-10-23,DELIVER IN PERSON,FOB,sts about the bli
41187-3,41187,1379,18,3,25.00,32009.25,0.07,0.03,A,F,1993-12-07,1993-12-05,1993-12-27,TAKE BACK RETURN,MAIL,nto beans. quickly
41187-4,41187,881,15,4,23.00,40983.24,0.05,0.04,A,F,1994-01-23,1993-12-02,1994-02-21,TAKE BACK RETURN,MAIL,se around the fluffily final the
41187-5,41187,319,20,5,40.00,48772.40,0.10,0.05,A,F,1994-01-12,1993-11-07,1994-02-01,NONE,SHIP,"s are carefully unusual, even acc"
41188-1,41188,1563,64,1,14.00,20503.84,0.04,0.02,N,O,1998-04-13,1998-05-15,1998-05-03,NONE,TRUCK,. slyly iro
41188-2,41188,647,48,2,14.00,21666.96,0.08,0.03,N,O,1998-05-26,1998-05-31,1998-06-23,COLLECT COD,REG AIR,silent instructions wake slyly above the c
41189-1,41189,265,66,1,42.00,48940.92,0.05,0.08,R,F,1994-07-16,1994-10-01,1994-08-15,TAKE BACK RETURN,REG AIR,e! ironic ideas across the furiously 
41189-2,41189,257,58,2,26.00,30088.50,0.04,0.06,A,F,1994-10-17,1994-08-28,1994-10-30,DELIVER IN PERSON,AIR,l accounts cajole quickly pendin
41189-3,41189,1071,7,3,3.00,2916.21,0.00,0.04,A,F,1994-08-29,1994-09-04,1994-09-02,DELIVER IN PERSON,RAIL,s haggle regularly across the theodolite
41189-4,41189,799,32,4,45.00,76490.55,0.00,0.06,R,F,1994-11-08,1994-08-28,1994-11-12,COLLECT COD,RAIL,ly furiously bold re
41190-1,41190,1495,35,1,25.00,34912.25,0.00,0.00,A,F,1993-12-15,1993-11-25,1994-01-04,NONE,FOB,ard the fluffily unusual ideas. c
41190-2,41190,347,76,2,43.00,53635.62,0.04,0.06,A,F,1994-01-22,1993-11-09,1994-02-05,NONE,SHIP,ly along the furiously final deposits. quic
41190-3,41190,1216,28,3,33.00,36867.93,0.03,0.07,A,F,1993-11-04,1993-10-31,1993-11-26,DELIVER IN PERSON,FOB,e slyly. blithely ironic
41190-4,41190,1031,37,4,3.00,2796.09,0.07,0.05,A,F,1993-10-15,1993-10-29,1993-11-11,DELIVER IN PERSON,TRUCK,s haggle sil
41190-5,41190,634,66,5,22.00,33761.86,0.01,0.06,R,F,1994-01-08,1993-11-15,1994-01-20,DELIVER IN PERSON,REG AIR,p carefully sly
41190-6,41190,1698,81,6,19.00,30394.11,0.01,0.00,R,F,1993-12-14,1993-12-13,1993-12-15,NONE,AIR,p sometimes. requests abov
41191-1,41191,1349,50,1,37.00,46262.58,0.09,0.08,N,O,1998-04-26,1998-04-07,1998-05-24,DELIVER IN PERSON,REG AIR,eposits across the theodolite
41191-2,41191,1368,45,2,28.00,35542.08,0.08,0.04,N,O,1998-06-22,1998-04-02,1998-07-01,COLLECT COD,REG AIR,t the fluffily unusual accounts. ca
41191-3,41191,1206,7,3,37.00,40966.40,0.05,0.04,N,O,1998-05-29,1998-05-26,1998-06-01,DELIVER IN PERSON,RAIL,d accounts wake! regular forges hagg
41191-4,41191,1664,88,4,34.00,53232.44,0.10,0.01,N,O,1998-06-27,1998-04-03,1998-07-13,COLLECT COD,FOB,"c ideas. express, regular accounts cajo"
41191-5,41191,645,46,5,18.00,27821.52,0.00,0.02,N,O,1998-06-21,1998-04-13,1998-06-26,NONE,REG AIR,o beans doubt ca
41191-6,41191,800,97,6,26.00,44220.80,0.05,0.03,N,O,1998-06-03,1998-04-19,1998-06-23,DELIVER IN PERSON,TRUCK,ic requests s
41191-7,41191,297,25,7,10.00,11972.90,0.06,0.00,N,O,1998-05-16,1998-05-09,1998-05-18,COLLECT COD,AIR,affix slyly according to the slyly r
41216-1,41216,1565,46,1,10.00,14665.60,0.01,0.00,R,F,1994-09-14,1994-09-04,1994-09-26,NONE,MAIL,inally into the packages. fu
41216-2,41216,1379,18,2,21.00,26887.77,0.07,0.07,A,F,1994-10-25,1994-08-13,1994-11-14,COLLECT COD,FOB,blithely ev
41216-3,41216,412,71,3,22.00,28873.02,0.06,0.05,R,F,1994-09-06,1994-08-28,1994-09-16,COLLECT COD,MAIL,ckly ironic foxes. qu
41217-1,41217,407,95,1,24.00,31377.60,0.00,0.03,N,O,1995-08-20,1995-08-14,1995-09-12,NONE,AIR,equests. slyly 
41217-2,41217,1497,76,2,13.00,18180.37,0.02,0.03,N,O,1995-11-01,1995-08-18,1995-11-14,COLLECT COD,REG AIR,tes haggle carefully final reque
41218-1,41218,930,33,1,22.00,40280.46,0.00,0.00,N,O,1996-12-22,1997-01-17,1997-01-21,TAKE BACK RETURN,REG AIR,e the acco
41218-2,41218,254,9,2,23.00,26547.75,0.01,0.01,N,O,1996-12-05,1996-12-28,1996-12-29,TAKE BACK RETURN,MAIL, asymptotes haggle 
41218-3,41218,697,60,3,27.00,43137.63,0.06,0.05,N,O,1997-01-01,1996-12-18,1997-01-15,COLLECT COD,AIR,yly regular deposits. pinto bea
41218-4,41218,973,74,4,25.00,46849.25,0.05,0.04,N,O,1996-10-27,1996-12-24,1996-11-01,COLLECT COD,REG AIR,closely furiou
41219-1,41219,372,57,1,43.00,54711.91,0.10,0.05,A,F,1992-09-29,1992-08-16,1992-10-10,COLLECT COD,RAIL, requests sleep slyly special depend
41219-2,41219,152,31,2,46.00,48398.90,0.05,0.00,A,F,1992-10-20,1992-09-29,1992-10-30,TAKE BACK RETURN,AIR,. instructions nag. r
41219-3,41219,1961,50,3,11.00,20492.56,0.03,0.08,R,F,1992-09-10,1992-09-16,1992-10-02,TAKE BACK RETURN,TRUCK,counts. fluffily 
41219-4,41219,918,19,4,3.00,5456.73,0.10,0.03,A,F,1992-07-06,1992-09-07,1992-07-20,TAKE BACK RETURN,REG AIR,y quickly special theodolites. f
41220-1,41220,1901,90,1,42.00,75721.80,0.05,0.01,N,O,1997-09-04,1997-09-26,1997-09-06,DELIVER IN PERSON,FOB,oost fluff
41220-2,41220,1081,87,2,19.00,18659.52,0.07,0.03,N,O,1997-10-17,1997-11-14,1997-11-11,TAKE BACK RETURN,MAIL,riously over the dog
41220-3,41220,372,73,3,20.00,25447.40,0.08,0.00,N,O,1997-10-27,1997-11-03,1997-11-09,DELIVER IN PERSON,RAIL,ages solve carefully special
41220-4,41220,208,36,4,3.00,3324.60,0.06,0.03,N,O,1997-09-14,1997-10-04,1997-09-15,TAKE BACK RETURN,MAIL,ar pinto beans across the reg
41221-1,41221,1846,47,1,9.00,15730.56,0.09,0.06,A,F,1994-12-01,1994-10-24,1994-12-12,NONE,AIR,al requests wake bl
41221-2,41221,578,79,2,22.00,32528.54,0.06,0.01,R,F,1994-09-22,1994-11-18,1994-10-09,NONE,TRUCK,"ilent, express pinto beans n"
41222-1,41222,94,20,1,40.00,39763.60,0.03,0.07,N,O,1998-06-03,1998-06-06,1998-06-20,DELIVER IN PERSON,SHIP,packages. blithely ironic p
41222-2,41222,1032,38,2,6.00,5598.18,0.02,0.01,N,O,1998-06-30,1998-05-04,1998-07-19,NONE,SHIP,express requ
41222-3,41222,40,16,3,15.00,14100.60,0.07,0.07,N,O,1998-04-03,1998-04-24,1998-04-27,DELIVER IN PERSON,AIR,ffily fluffily regular
41223-1,41223,784,49,1,23.00,38749.94,0.06,0.03,N,O,1998-01-19,1997-12-02,1998-02-01,TAKE BACK RETURN,RAIL,"xpress, regular asymptotes integrate car"
41223-2,41223,171,72,2,24.00,25708.08,0.00,0.06,N,O,1997-11-23,1998-01-02,1997-12-01,NONE,REG AIR,ages. carefull
41223-3,41223,1882,83,3,9.00,16054.92,0.02,0.02,N,O,1998-01-14,1998-01-05,1998-01-16,TAKE BACK RETURN,FOB,ccounts. carefully special asy
41223-4,41223,738,71,4,50.00,81936.50,0.04,0.05,N,O,1997-11-29,1998-01-28,1997-12-09,DELIVER IN PERSON,REG AIR,refully! blithely regular accounts
41223-5,41223,535,66,5,13.00,18661.89,0.00,0.00,N,O,1997-12-27,1997-12-12,1998-01-17,TAKE BACK RETURN,SHIP, silent ideas-- ca
41248-1,41248,125,4,1,38.00,38954.56,0.09,0.01,N,O,1998-07-10,1998-05-11,1998-07-17,TAKE BACK RETURN,FOB,unusual tithes detect qu
41248-2,41248,1497,76,2,30.00,41954.70,0.05,0.03,N,O,1998-06-23,1998-05-03,1998-06-24,COLLECT COD,RAIL,"y accounts. ironic, bold asymptote"
41248-3,41248,341,98,3,30.00,37240.20,0.01,0.08,N,O,1998-07-25,1998-06-04,1998-08-03,NONE,SHIP,are quietly furiously iron
41248-4,41248,1697,39,4,26.00,41565.94,0.08,0.06,N,O,1998-04-05,1998-04-28,1998-04-15,DELIVER IN PERSON,AIR,encies. carefully ironic ex
41248-5,41248,162,63,5,12.00,12745.92,0.00,0.08,N,O,1998-07-05,1998-06-05,1998-07-06,TAKE BACK RETURN,AIR, the blithely express instructions. iro
41248-6,41248,1516,37,6,43.00,60952.93,0.09,0.00,N,O,1998-05-10,1998-05-15,1998-05-21,COLLECT COD,SHIP,ress instruction
41248-7,41248,1674,75,7,21.00,33089.07,0.00,0.05,N,O,1998-03-31,1998-05-10,1998-04-18,COLLECT COD,AIR,und the fu
41249-1,41249,874,74,1,43.00,76319.41,0.01,0.08,N,O,1998-05-16,1998-07-13,1998-05-17,NONE,SHIP,ross the quickly bold asymptotes. f
41249-2,41249,165,18,2,12.00,12781.92,0.01,0.02,N,O,1998-08-22,1998-07-18,1998-08-23,TAKE BACK RETURN,TRUCK,uriously unusual platelets nag slyly
41249-3,41249,737,38,3,8.00,13101.84,0.10,0.01,N,O,1998-06-15,1998-07-07,1998-07-14,COLLECT COD,AIR,hely bold excuses. carefully fina
41249-4,41249,1287,99,4,37.00,43966.36,0.02,0.02,N,O,1998-06-27,1998-05-29,1998-07-27,TAKE BACK RETURN,RAIL,ending theodolites; slyly regul
41250-1,41250,1479,97,1,28.00,38653.16,0.04,0.05,N,O,1996-10-01,1996-07-12,1996-10-10,TAKE BACK RETURN,REG AIR,the excuses. furiou
41250-2,41250,1725,52,2,25.00,40668.00,0.08,0.00,N,O,1996-06-07,1996-09-02,1996-07-06,COLLECT COD,MAIL,"ly special dependencies. regular,"
41250-3,41250,480,81,3,47.00,64882.56,0.07,0.02,N,O,1996-08-28,1996-08-01,1996-09-13,COLLECT COD,RAIL,usily. ironic requests among the unusual 
41250-4,41250,546,7,4,47.00,67987.38,0.08,0.08,N,O,1996-06-26,1996-07-12,1996-07-23,COLLECT COD,RAIL, slyly theodolites. furiously even r
41250-5,41250,1891,21,5,43.00,77094.27,0.08,0.08,N,O,1996-06-24,1996-08-01,1996-07-01,TAKE BACK RETURN,FOB,nto beans boost carefully. 
41251-1,41251,919,20,1,25.00,45497.75,0.05,0.07,N,O,1998-06-08,1998-04-10,1998-06-15,COLLECT COD,AIR, after the doggedly regular deposits. u
41251-2,41251,1342,81,2,8.00,9946.72,0.08,0.08,N,O,1998-05-29,1998-04-14,1998-06-19,COLLECT COD,FOB,ag. blithely express platelets solve blit
41251-3,41251,150,3,3,9.00,9451.35,0.10,0.04,N,O,1998-05-08,1998-05-07,1998-06-01,NONE,RAIL,nusual foxes affix slyly thin ins
41251-4,41251,162,15,4,39.00,41424.24,0.05,0.06,N,O,1998-05-15,1998-04-22,1998-06-08,TAKE BACK RETURN,MAIL,e quickly even
41252-1,41252,5,56,1,26.00,23530.00,0.00,0.03,N,O,1997-05-08,1997-03-18,1997-06-02,NONE,SHIP,etect blithely in place 
41252-2,41252,1950,95,2,10.00,18519.50,0.08,0.03,N,O,1997-02-23,1997-03-24,1997-03-13,COLLECT COD,AIR,ructions sleep against the unusual re
41253-1,41253,380,81,1,18.00,23046.84,0.01,0.08,R,F,1994-07-18,1994-06-07,1994-07-20,COLLECT COD,FOB,y pending de
41253-2,41253,1174,83,2,10.00,10751.70,0.06,0.03,R,F,1994-06-10,1994-07-11,1994-06-14,DELIVER IN PERSON,RAIL,requests. even instructions along the
41253-3,41253,722,23,3,15.00,24340.80,0.07,0.00,A,F,1994-08-08,1994-06-28,1994-08-09,COLLECT COD,SHIP, platelets
41253-4,41253,346,3,4,48.00,59824.32,0.03,0.02,R,F,1994-06-22,1994-07-29,1994-07-11,NONE,MAIL,ickly special asymptotes. fu
41253-5,41253,1497,76,5,33.00,46150.17,0.08,0.02,A,F,1994-08-17,1994-07-18,1994-08-31,DELIVER IN PERSON,TRUCK,otes. final accounts wake ruthlessly
41253-6,41253,766,63,6,2.00,3333.52,0.07,0.01,R,F,1994-06-25,1994-08-05,1994-07-14,COLLECT COD,AIR,ets. final requests nag slyly bold theodo
41253-7,41253,1584,85,7,50.00,74279.00,0.07,0.08,A,F,1994-05-29,1994-06-28,1994-06-23,COLLECT COD,REG AIR,lyly final pack
41254-1,41254,344,1,1,34.00,42307.56,0.01,0.08,R,F,1995-03-17,1995-02-19,1995-04-07,TAKE BACK RETURN,AIR, to the blith
41254-2,41254,797,98,2,22.00,37351.38,0.07,0.07,R,F,1995-03-06,1995-02-14,1995-03-11,TAKE BACK RETURN,SHIP,e the furiously bold theodo
41254-3,41254,1877,21,3,46.00,81828.02,0.02,0.04,A,F,1995-03-22,1995-02-23,1995-04-13,TAKE BACK RETURN,MAIL,ites wake regular requests. ideas sleep c
41254-4,41254,1771,98,4,35.00,58546.95,0.03,0.06,R,F,1995-04-03,1995-04-11,1995-04-26,COLLECT COD,RAIL,egular accounts wa
41255-1,41255,1333,10,1,34.00,41967.22,0.00,0.08,R,F,1994-11-06,1995-01-05,1994-11-25,NONE,REG AIR,y even instruction
41255-2,41255,1464,82,2,3.00,4096.38,0.10,0.03,A,F,1995-01-18,1994-12-27,1995-02-08,COLLECT COD,TRUCK,packages haggle instructions. furi
41255-3,41255,1237,12,3,4.00,4552.92,0.01,0.05,R,F,1994-11-11,1994-12-03,1994-11-14,DELIVER IN PERSON,FOB, sleep carefull
41255-4,41255,1314,29,4,39.00,47397.09,0.05,0.06,A,F,1995-02-12,1995-01-15,1995-03-05,NONE,TRUCK,t above the regular deposit
41255-5,41255,382,67,5,23.00,29494.74,0.03,0.04,A,F,1995-01-07,1995-01-14,1995-01-20,NONE,REG AIR,s wake. carefully special notornis w
41280-1,41280,1699,23,1,18.00,28812.42,0.04,0.00,N,O,1996-11-07,1996-10-14,1996-11-18,DELIVER IN PERSON,SHIP,ckly along the fina
41280-2,41280,875,9,2,31.00,55051.97,0.09,0.03,N,O,1996-09-23,1996-10-07,1996-10-22,COLLECT COD,REG AIR,sly regular asymptotes wake 
41281-1,41281,437,67,1,17.00,22736.31,0.07,0.05,A,F,1992-01-30,1992-04-07,1992-02-16,NONE,AIR,lly according to t
41281-2,41281,1093,94,2,19.00,18887.71,0.09,0.07,A,F,1992-04-07,1992-04-07,1992-04-14,COLLECT COD,MAIL,ts. blithely pend
41282-1,41282,1818,19,1,6.00,10318.86,0.04,0.02,A,F,1994-07-21,1994-09-18,1994-08-10,DELIVER IN PERSON,MAIL,the ironic foxes. frays a
41282-2,41282,740,41,2,45.00,73833.30,0.02,0.05,A,F,1994-08-18,1994-09-20,1994-09-10,COLLECT COD,RAIL,ending courts after the slyly unusual
41282-3,41282,46,47,3,7.00,6622.28,0.02,0.02,R,F,1994-10-15,1994-09-25,1994-11-11,DELIVER IN PERSON,TRUCK, carefully after the reg
41282-4,41282,247,29,4,37.00,42447.88,0.05,0.07,A,F,1994-07-07,1994-09-19,1994-07-29,DELIVER IN PERSON,AIR,dolites up the foxes do use permanently eve
41282-5,41282,1038,39,5,27.00,25353.81,0.04,0.00,A,F,1994-08-25,1994-08-17,1994-09-08,COLLECT COD,AIR,ns about th
41283-1,41283,909,78,1,46.00,83255.40,0.04,0.05,N,O,1996-06-11,1996-05-26,1996-06-21,NONE,SHIP,ing to the requests. even packag
41283-2,41283,1411,29,2,25.00,32810.25,0.09,0.00,N,O,1996-04-21,1996-05-16,1996-04-27,COLLECT COD,REG AIR,"ss, silent instructions. b"
41283-3,41283,1684,26,3,43.00,68184.24,0.00,0.00,N,O,1996-07-06,1996-06-07,1996-07-14,DELIVER IN PERSON,FOB,its. furiously unusual 
41284-1,41284,1410,89,1,41.00,53767.81,0.06,0.06,N,O,1998-08-27,1998-10-10,1998-09-12,DELIVER IN PERSON,RAIL,thely final deposits c
41284-2,41284,427,28,2,24.00,31858.08,0.10,0.08,N,O,1998-10-25,1998-08-31,1998-11-17,TAKE BACK RETURN,AIR,y even asymptotes wake slyly blithely 
41284-3,41284,13,14,3,39.00,35607.39,0.04,0.02,N,O,1998-08-25,1998-09-01,1998-09-11,TAKE BACK RETURN,MAIL,the slyly regular foxes. slyly pending t
41284-4,41284,127,80,4,23.00,23623.76,0.01,0.08,N,O,1998-07-30,1998-09-13,1998-08-18,TAKE BACK RETURN,REG AIR,lose slyly express foxes. unu
41284-5,41284,407,8,5,25.00,32685.00,0.08,0.01,N,O,1998-10-30,1998-08-23,1998-11-16,NONE,MAIL,gular packages sleep. special accounts wake
41284-6,41284,1009,15,6,22.00,20020.00,0.02,0.04,N,O,1998-09-28,1998-10-15,1998-10-27,COLLECT COD,REG AIR,ptotes. pending packages slee
41285-1,41285,189,16,1,46.00,50102.28,0.07,0.02,N,O,1998-04-19,1998-05-06,1998-05-06,DELIVER IN PERSON,SHIP,uctions integrate against the slyl
41285-2,41285,1859,89,2,50.00,88042.50,0.07,0.01,N,O,1998-05-21,1998-05-05,1998-06-09,COLLECT COD,AIR,final asymptot
41285-3,41285,1707,92,3,29.00,46652.30,0.06,0.08,N,O,1998-04-02,1998-03-21,1998-04-03,TAKE BACK RETURN,FOB,onic foxes 
41285-4,41285,1807,51,4,11.00,18796.80,0.05,0.05,N,O,1998-03-05,1998-05-09,1998-03-10,DELIVER IN PERSON,RAIL,carefully express deposits wake
41285-5,41285,48,74,5,8.00,7584.32,0.02,0.05,N,O,1998-05-26,1998-04-16,1998-06-19,DELIVER IN PERSON,FOB,ly pending deposits. furiously special th
41285-6,41285,209,10,6,3.00,3327.60,0.07,0.00,N,O,1998-04-21,1998-04-05,1998-04-24,DELIVER IN PERSON,TRUCK,cross the 
41285-7,41285,810,44,7,49.00,83829.69,0.08,0.06,N,O,1998-05-07,1998-04-08,1998-05-29,NONE,FOB,tes. slyly
41286-1,41286,252,53,1,37.00,42633.25,0.00,0.07,R,F,1992-10-15,1992-12-01,1992-10-28,DELIVER IN PERSON,FOB,. fluffily final theodolites use blithe
41286-2,41286,1544,45,2,27.00,39029.58,0.00,0.01,R,F,1993-01-10,1992-10-19,1993-02-07,COLLECT COD,AIR,y ironic accounts run furiously ex
41286-3,41286,491,79,3,41.00,57051.09,0.01,0.00,A,F,1992-09-30,1992-10-31,1992-10-04,TAKE BACK RETURN,FOB,encies. re
41286-4,41286,1627,28,4,45.00,68787.90,0.01,0.08,R,F,1993-01-13,1992-11-30,1993-02-05,NONE,TRUCK,ic foxes hagg
41287-1,41287,374,31,1,44.00,56072.28,0.00,0.07,N,O,1996-05-18,1996-04-25,1996-05-25,TAKE BACK RETURN,AIR,lly silent foxes use along the blithely fi
41287-2,41287,1964,9,2,17.00,31721.32,0.01,0.03,N,O,1996-06-21,1996-05-25,1996-06-28,NONE,TRUCK,ts boost daringly final requests. r
41312-1,41312,1763,48,1,39.00,64925.64,0.08,0.07,R,F,1992-04-24,1992-03-19,1992-05-12,COLLECT COD,RAIL," ironic, regular deposits. accounts are"
41312-2,41312,1831,18,2,22.00,38122.26,0.01,0.07,R,F,1992-02-05,1992-04-14,1992-02-17,NONE,REG AIR,ironic requests
41312-3,41312,1420,99,3,5.00,6607.10,0.10,0.04,R,F,1992-02-25,1992-04-01,1992-03-09,NONE,SHIP,ar instructions. slyly 
41312-4,41312,1005,6,4,31.00,28086.00,0.06,0.00,R,F,1992-05-10,1992-04-22,1992-06-04,DELIVER IN PERSON,AIR,nic requests are carefully en
41312-5,41312,185,38,5,22.00,23873.96,0.01,0.01,A,F,1992-05-05,1992-04-25,1992-05-20,TAKE BACK RETURN,REG AIR,ic packages. blithely slow
41312-6,41312,567,58,6,7.00,10272.92,0.09,0.06,R,F,1992-03-16,1992-03-04,1992-04-15,COLLECT COD,SHIP,luffy requests? ironic deposits eat abou
41312-7,41312,191,70,7,30.00,32735.70,0.06,0.08,A,F,1992-02-14,1992-04-18,1992-02-17,DELIVER IN PERSON,RAIL,s. pinto beans detect across the un
41313-1,41313,1347,24,1,21.00,26215.14,0.08,0.02,R,F,1993-02-12,1993-03-04,1993-02-13,DELIVER IN PERSON,TRUCK,arefully even foxes 
41313-2,41313,1364,3,2,29.00,36695.44,0.04,0.02,R,F,1993-02-23,1993-03-21,1993-03-13,COLLECT COD,FOB,deas mold slyly across the requests? fin
41313-3,41313,198,25,3,15.00,16472.85,0.03,0.05,A,F,1993-02-09,1993-03-17,1993-02-18,TAKE BACK RETURN,REG AIR,"slyly final foxes. even, bold excuses "
41314-1,41314,913,14,1,45.00,81625.95,0.08,0.02,N,O,1997-08-03,1997-07-23,1997-08-12,TAKE BACK RETURN,AIR,"regular, iron"
41314-2,41314,248,3,2,33.00,37891.92,0.02,0.07,N,O,1997-08-24,1997-06-23,1997-08-25,TAKE BACK RETURN,RAIL, nag instructions. slyly dogged ideas cajol
41314-3,41314,1755,56,3,48.00,79524.00,0.00,0.08,N,O,1997-07-15,1997-07-17,1997-07-22,TAKE BACK RETURN,REG AIR,ickly final accounts integrate
41314-4,41314,255,83,4,41.00,47365.25,0.05,0.08,N,O,1997-08-10,1997-06-18,1997-08-26,COLLECT COD,RAIL,regularly never daring pin
41315-1,41315,840,7,1,7.00,12185.88,0.08,0.06,N,O,1998-07-25,1998-09-26,1998-08-18,NONE,TRUCK,y ironic ideas haggle. fluffily bold reque
41315-2,41315,735,68,2,41.00,67064.93,0.01,0.04,N,O,1998-09-21,1998-08-26,1998-10-05,NONE,SHIP,fter the ironic deposits. ironic accou
41315-3,41315,632,95,3,49.00,75098.87,0.04,0.08,N,O,1998-10-30,1998-10-15,1998-11-03,TAKE BACK RETURN,FOB,"its wake quickly bold, ex"
41316-1,41316,1594,15,1,25.00,37389.75,0.05,0.00,R,F,1994-11-07,1994-10-08,1994-11-08,TAKE BACK RETURN,REG AIR,ly about the f
41316-2,41316,850,84,2,26.00,45522.10,0.01,0.06,R,F,1994-11-06,1994-10-09,1994-11-26,TAKE BACK RETURN,RAIL,even deposits! slyly pendi
41316-3,41316,1890,91,3,4.00,7167.56,0.06,0.08,A,F,1994-10-26,1994-08-26,1994-11-14,NONE,AIR, slyly final ideas haggle against th
41316-4,41316,718,19,4,19.00,30755.49,0.01,0.02,A,F,1994-08-05,1994-08-30,1994-08-17,COLLECT COD,MAIL,"ironic, even pinto beans. orbits nag blit"
41316-5,41316,1394,95,5,5.00,6476.95,0.08,0.08,R,F,1994-08-15,1994-10-20,1994-08-27,TAKE BACK RETURN,RAIL,e blithely expre
41316-6,41316,1365,4,6,49.00,62051.64,0.05,0.05,R,F,1994-10-15,1994-09-26,1994-10-30,TAKE BACK RETURN,AIR,final deposits boost expr
41316-7,41316,921,24,7,24.00,43726.08,0.04,0.00,R,F,1994-08-04,1994-09-09,1994-08-15,NONE,RAIL,inal accounts. furiously ironic f
41317-1,41317,1778,63,1,46.00,77269.42,0.06,0.04,N,O,1998-07-30,1998-06-15,1998-08-04,NONE,TRUCK,s. regular foxes a
41317-2,41317,1356,57,2,16.00,20117.60,0.07,0.03,N,O,1998-07-31,1998-08-02,1998-08-05,NONE,SHIP,ular requests integrate along the slyly
41317-3,41317,285,67,3,3.00,3555.84,0.01,0.06,N,O,1998-09-07,1998-06-26,1998-09-24,DELIVER IN PERSON,MAIL,thely after th
41317-4,41317,1272,84,4,40.00,46930.80,0.09,0.03,N,O,1998-08-07,1998-07-06,1998-08-23,COLLECT COD,REG AIR,pecial packages sleep among
41317-5,41317,1516,37,5,49.00,69457.99,0.07,0.03,N,O,1998-05-30,1998-07-11,1998-06-01,DELIVER IN PERSON,FOB,ly regular gifts detect. unus
41317-6,41317,473,74,6,47.00,64553.09,0.03,0.06,N,O,1998-08-26,1998-07-04,1998-08-27,COLLECT COD,RAIL,posits are slyly. slyly
41318-1,41318,476,6,1,9.00,12388.23,0.01,0.03,N,O,1995-11-24,1995-11-11,1995-12-09,NONE,TRUCK,requests boost carefully unusual deposi
41318-2,41318,1660,61,2,27.00,42164.82,0.07,0.08,N,O,1996-01-24,1995-11-24,1996-02-03,COLLECT COD,RAIL, blithely regular excuse
41318-3,41318,831,65,3,25.00,43295.75,0.00,0.02,N,O,1995-10-14,1995-12-09,1995-11-12,TAKE BACK RETURN,MAIL,counts haggl
41318-4,41318,500,88,4,38.00,53219.00,0.02,0.01,N,O,1995-10-16,1995-11-12,1995-11-15,TAKE BACK RETURN,FOB,deas. quickly bold packages along the car
41318-5,41318,1803,33,5,38.00,64782.40,0.03,0.07,N,O,1995-12-03,1995-12-31,1995-12-29,NONE,MAIL,counts. carefully fin
41318-6,41318,207,89,6,31.00,34323.20,0.09,0.07,N,O,1996-01-13,1996-01-05,1996-02-10,TAKE BACK RETURN,FOB,azzle carefully around the perma
41318-7,41318,1663,64,7,2.00,3129.32,0.03,0.00,N,O,1995-10-30,1995-11-30,1995-10-31,TAKE BACK RETURN,RAIL,ions nag. regula
41319-1,41319,1637,38,1,15.00,23079.45,0.00,0.08,R,F,1992-10-01,1992-08-18,1992-10-21,DELIVER IN PERSON,SHIP,iously final deposits cajole busily regula
41344-1,41344,1821,8,1,18.00,31010.76,0.05,0.07,A,F,1992-04-16,1992-06-09,1992-05-02,DELIVER IN PERSON,TRUCK,nt pinto beans along the
41345-1,41345,815,49,1,22.00,37747.82,0.03,0.02,A,F,1992-05-12,1992-04-06,1992-05-29,DELIVER IN PERSON,RAIL,-- furiously even theodolites are-- even f
41345-2,41345,827,27,2,32.00,55290.24,0.09,0.08,A,F,1992-04-24,1992-04-24,1992-05-17,NONE,FOB,ly regular packages. carefully 
41345-3,41345,148,1,3,42.00,44021.88,0.03,0.04,A,F,1992-05-23,1992-04-16,1992-06-09,COLLECT COD,FOB,"old excuses lose. ironic, ironic pack"
41345-4,41345,1864,51,4,34.00,60039.24,0.05,0.00,R,F,1992-04-16,1992-05-02,1992-04-29,TAKE BACK RETURN,RAIL,ts. slyly regular ac
41345-5,41345,1181,90,5,15.00,16232.70,0.03,0.04,R,F,1992-03-11,1992-03-08,1992-03-29,NONE,SHIP,ests. even requests af
41345-6,41345,216,17,6,4.00,4464.84,0.00,0.01,R,F,1992-03-16,1992-03-29,1992-03-28,COLLECT COD,RAIL,s. furiously fin
41346-1,41346,1747,32,1,8.00,13189.92,0.03,0.02,N,O,1997-02-12,1997-04-16,1997-02-14,TAKE BACK RETURN,TRUCK,yly regular courts wake blithel
41346-2,41346,480,68,2,22.00,30370.56,0.07,0.03,N,O,1997-03-07,1997-04-14,1997-03-09,DELIVER IN PERSON,SHIP,sleep carefully dolphins
41347-1,41347,1780,23,1,42.00,70634.76,0.04,0.00,R,F,1994-01-04,1993-12-22,1994-01-22,COLLECT COD,TRUCK,he quickly permane
41347-2,41347,1766,67,2,29.00,48365.04,0.01,0.00,R,F,1993-11-09,1993-12-02,1993-12-09,NONE,TRUCK,eans cajole carefully final platel
41348-1,41348,1337,52,1,47.00,58201.51,0.02,0.07,N,O,1996-11-23,1997-01-18,1996-12-08,NONE,RAIL,. furiousl
41348-2,41348,1257,95,2,40.00,46330.00,0.10,0.05,N,O,1997-03-16,1996-12-26,1997-03-19,TAKE BACK RETURN,SHIP,nto beans. pending th
41348-3,41348,81,32,3,38.00,37281.04,0.03,0.00,N,O,1997-01-14,1997-02-08,1997-01-27,DELIVER IN PERSON,AIR,otes after the special pin
41349-1,41349,1028,99,1,23.00,21367.46,0.10,0.01,N,O,1996-01-25,1996-01-23,1996-01-30,COLLECT COD,AIR, boost quickly car
41349-2,41349,620,14,2,39.00,59304.18,0.04,0.01,N,O,1996-01-11,1996-01-28,1996-01-25,COLLECT COD,SHIP,ed dependencies. furious
41349-3,41349,322,7,3,45.00,55004.40,0.04,0.06,N,O,1996-01-21,1996-03-02,1996-02-10,TAKE BACK RETURN,AIR,"quickly. ironic, fin"
41349-4,41349,340,69,4,27.00,33489.18,0.05,0.06,N,O,1996-02-01,1996-02-24,1996-02-27,NONE,RAIL,onic requests. regular pinto beans haggle 
41350-1,41350,795,96,1,25.00,42394.75,0.03,0.03,R,F,1993-07-03,1993-06-26,1993-07-17,COLLECT COD,MAIL,olites boost quickly against th
41350-2,41350,567,68,2,29.00,42559.24,0.10,0.07,R,F,1993-07-27,1993-06-20,1993-08-11,TAKE BACK RETURN,REG AIR,efully iron
41350-3,41350,643,37,3,10.00,15436.40,0.00,0.07,R,F,1993-05-30,1993-06-17,1993-06-20,NONE,FOB,s grow carefully care
41351-1,41351,396,81,1,40.00,51855.60,0.04,0.00,R,F,1993-11-28,1993-12-21,1993-12-19,TAKE BACK RETURN,AIR,as. special accounts af
41351-2,41351,1620,21,2,34.00,51735.08,0.01,0.00,A,F,1993-11-10,1993-11-14,1993-12-04,NONE,FOB,symptotes across
41351-3,41351,678,79,3,32.00,50517.44,0.08,0.00,A,F,1993-10-15,1993-12-21,1993-10-31,NONE,FOB,lites. carefully iron
41376-1,41376,1413,53,1,18.00,23659.38,0.01,0.00,A,F,1992-12-23,1993-01-28,1992-12-29,COLLECT COD,AIR,fully under the slyly fluffy p
41376-2,41376,74,25,2,47.00,45781.29,0.05,0.00,A,F,1993-01-06,1993-03-08,1993-01-28,TAKE BACK RETURN,TRUCK,ructions. furiously express deposits 
41376-3,41376,1887,17,3,44.00,78710.72,0.08,0.05,A,F,1993-01-06,1993-02-08,1993-01-26,NONE,RAIL,o beans boost fluffil
41376-4,41376,1307,84,4,19.00,22957.70,0.06,0.00,A,F,1993-01-20,1993-02-10,1993-02-16,COLLECT COD,TRUCK,accounts. regular deposits c
41376-5,41376,1775,18,5,8.00,13414.16,0.10,0.04,R,F,1992-12-23,1993-03-03,1992-12-26,DELIVER IN PERSON,TRUCK, final theodolites wake blithely among 
41377-1,41377,1364,3,1,37.00,46818.32,0.03,0.05,N,O,1996-03-04,1996-03-10,1996-03-31,NONE,RAIL,lar packages about
41378-1,41378,1308,9,1,7.00,8465.10,0.02,0.07,A,F,1992-11-26,1992-12-02,1992-12-09,COLLECT COD,MAIL,ss excuses. regular foxes a
41378-2,41378,1691,74,2,10.00,15926.90,0.03,0.08,A,F,1993-01-18,1992-12-28,1993-02-03,TAKE BACK RETURN,AIR,quickly regular platelets. slyly pending fo
41378-3,41378,1545,86,3,8.00,11572.32,0.07,0.08,A,F,1992-11-10,1992-12-01,1992-11-30,TAKE BACK RETURN,TRUCK,osits according to the carefully 
41378-4,41378,241,42,4,48.00,54779.52,0.03,0.05,R,F,1992-12-09,1993-01-13,1992-12-22,DELIVER IN PERSON,TRUCK,n packages affix 
41379-1,41379,335,64,1,33.00,40765.89,0.04,0.01,R,F,1993-04-04,1993-04-24,1993-04-29,COLLECT COD,AIR,ckly ironic accounts wake furiously. 
41379-2,41379,1213,25,2,30.00,33426.30,0.07,0.01,R,F,1993-03-16,1993-04-29,1993-04-01,TAKE BACK RETURN,TRUCK,ccounts haggle carefully unusual
41379-3,41379,250,5,3,5.00,5751.25,0.03,0.08,A,F,1993-03-27,1993-04-04,1993-03-31,COLLECT COD,MAIL,ans cajole 
41379-4,41379,1097,68,4,45.00,44914.05,0.00,0.05,R,F,1993-04-29,1993-04-16,1993-05-08,COLLECT COD,SHIP,posits use deposits. fluffily ironic d
41379-5,41379,1303,80,5,30.00,36129.00,0.05,0.08,A,F,1993-05-16,1993-04-27,1993-06-15,TAKE BACK RETURN,RAIL,grow fluffily ev
41379-6,41379,1311,12,6,10.00,12123.10,0.00,0.05,R,F,1993-04-22,1993-04-01,1993-05-06,NONE,RAIL,y braids. silent requ
41379-7,41379,1668,69,7,30.00,47089.80,0.01,0.04,R,F,1993-04-18,1993-04-16,1993-04-19,DELIVER IN PERSON,FOB, are furiously agains
41380-1,41380,1892,93,1,6.00,10763.34,0.10,0.02,N,O,1998-05-31,1998-07-02,1998-06-24,DELIVER IN PERSON,TRUCK,en packages. furiously regular reque
41380-2,41380,1032,38,2,41.00,38254.23,0.06,0.06,N,O,1998-07-20,1998-06-29,1998-08-09,NONE,FOB,sleep furiously. regular inst
41380-3,41380,747,12,3,8.00,13181.92,0.07,0.04,N,O,1998-08-20,1998-06-06,1998-09-06,NONE,RAIL,blithely pend
41380-4,41380,1985,74,4,44.00,83027.12,0.09,0.00,N,O,1998-06-06,1998-06-23,1998-06-07,DELIVER IN PERSON,REG AIR, furious instruct
41380-5,41380,1284,59,5,5.00,5926.40,0.01,0.01,N,O,1998-07-05,1998-07-16,1998-07-11,DELIVER IN PERSON,RAIL,y quick ideas. furiously unusual requests
41380-6,41380,1357,72,6,36.00,45300.60,0.01,0.03,N,O,1998-06-13,1998-06-05,1998-06-17,COLLECT COD,RAIL,sits. platelets 
41381-1,41381,184,37,1,1.00,1084.18,0.09,0.02,N,O,1996-02-22,1996-03-27,1996-03-02,COLLECT COD,RAIL,ckages slee
41382-1,41382,1506,47,1,44.00,61930.00,0.09,0.06,N,O,1997-11-29,1997-12-20,1997-12-07,COLLECT COD,TRUCK,ide of the carefully even requests. dep
41383-1,41383,204,5,1,18.00,19875.60,0.01,0.07,A,F,1993-08-01,1993-07-19,1993-08-18,DELIVER IN PERSON,AIR,he regular accounts haggle care
41383-2,41383,858,92,2,50.00,87942.50,0.06,0.00,R,F,1993-06-15,1993-06-13,1993-07-04,COLLECT COD,FOB, regular foxes would sleep
41383-3,41383,25,26,3,14.00,12950.28,0.03,0.07,R,F,1993-06-15,1993-07-26,1993-06-16,TAKE BACK RETURN,AIR, cajole. fluffily ironic packages caj
41408-1,41408,690,84,1,24.00,38176.56,0.07,0.06,N,O,1995-12-09,1995-10-26,1996-01-01,COLLECT COD,FOB,lly ironic packages. c
41408-2,41408,611,74,2,15.00,22674.15,0.06,0.07,N,O,1995-11-03,1995-11-01,1995-11-07,COLLECT COD,FOB,ess platelets engage fur
41408-3,41408,854,54,3,46.00,80723.10,0.02,0.08,N,O,1995-12-06,1995-10-09,1996-01-03,TAKE BACK RETURN,REG AIR,y after the
41408-4,41408,518,9,4,5.00,7092.55,0.09,0.00,N,O,1995-10-03,1995-11-07,1995-10-18,TAKE BACK RETURN,SHIP,s are about
41408-5,41408,1198,35,5,9.00,9892.71,0.06,0.07,N,O,1995-10-26,1995-09-28,1995-11-01,TAKE BACK RETURN,TRUCK,cross the f
41408-6,41408,530,21,6,35.00,50068.55,0.00,0.02,N,O,1995-09-02,1995-10-08,1995-10-02,COLLECT COD,AIR,late. blith
41408-7,41408,1664,88,7,4.00,6262.64,0.09,0.05,N,O,1995-12-07,1995-10-22,1995-12-27,NONE,MAIL,y special 
41409-1,41409,1432,72,1,7.00,9334.01,0.06,0.02,N,O,1995-10-05,1995-10-03,1995-11-02,COLLECT COD,SHIP,usual accounts nag slyly al
41409-2,41409,1812,13,2,17.00,29134.77,0.10,0.07,N,O,1995-10-27,1995-10-16,1995-11-07,TAKE BACK RETURN,MAIL, regular dolphins thrash carefully
41409-3,41409,769,34,3,34.00,56771.84,0.00,0.06,N,O,1995-08-31,1995-09-28,1995-09-12,TAKE BACK RETURN,RAIL,ding requests
41409-4,41409,322,79,4,4.00,4889.28,0.08,0.03,N,O,1995-09-13,1995-10-03,1995-10-06,DELIVER IN PERSON,TRUCK,ld instructions sleep sl
41409-5,41409,8,34,5,32.00,29056.00,0.00,0.00,N,O,1995-11-15,1995-09-09,1995-11-23,DELIVER IN PERSON,FOB,", unusual excuses are carefully quick id"
41409-6,41409,697,91,6,22.00,35149.18,0.02,0.08,N,O,1995-10-17,1995-09-14,1995-11-08,NONE,RAIL,refully pending ideas. express accounts 
41409-7,41409,460,48,7,25.00,34011.50,0.07,0.02,N,O,1995-08-12,1995-08-22,1995-09-11,NONE,TRUCK,uriously regular requests boost blith
41410-1,41410,463,64,1,1.00,1363.46,0.02,0.05,A,F,1992-06-17,1992-06-27,1992-07-15,TAKE BACK RETURN,MAIL,quests haggle accor
41411-1,41411,1439,79,1,26.00,34851.18,0.02,0.06,N,O,1996-01-27,1995-12-07,1996-02-10,NONE,MAIL,even deposits integrate furi
41411-2,41411,1064,70,2,38.00,36672.28,0.07,0.03,N,O,1995-10-16,1995-12-27,1995-10-17,NONE,TRUCK,ges sleep blithely caref
41412-1,41412,654,86,1,36.00,55967.40,0.10,0.01,A,F,1994-10-22,1994-11-30,1994-11-12,DELIVER IN PERSON,FOB,ses boost busy se
41412-2,41412,1056,57,2,37.00,35410.85,0.09,0.00,R,F,1994-11-13,1994-11-01,1994-11-28,DELIVER IN PERSON,SHIP,instructions hinder bravely si
41412-3,41412,1696,20,3,43.00,68700.67,0.01,0.00,R,F,1994-12-10,1994-10-21,1994-12-22,NONE,FOB,"furiously regular, silent "
41413-1,41413,1986,75,1,8.00,15103.84,0.06,0.02,N,O,1996-02-05,1996-01-08,1996-02-19,COLLECT COD,TRUCK,ding to the s
41413-2,41413,1476,55,2,27.00,37191.69,0.01,0.08,N,O,1995-11-19,1996-01-01,1995-12-13,COLLECT COD,RAIL,about the blithely ironic foxes. unusual
41413-3,41413,502,33,3,44.00,61710.00,0.08,0.00,N,O,1996-03-15,1995-12-25,1996-03-18,COLLECT COD,RAIL,ironic requests. even foxes sleep slyly aro
41413-4,41413,402,90,4,33.00,42979.20,0.10,0.04,N,O,1996-03-15,1996-02-06,1996-03-29,TAKE BACK RETURN,TRUCK,ously regular foxes caj
41413-5,41413,163,64,5,4.00,4252.64,0.05,0.02,N,O,1995-11-30,1995-12-18,1995-12-06,NONE,SHIP,carefully special d
41413-6,41413,1736,63,6,13.00,21290.49,0.01,0.01,N,O,1995-12-21,1996-01-11,1996-01-08,DELIVER IN PERSON,TRUCK,ithely notornis. blithely ironic pack
41413-7,41413,577,78,7,2.00,2955.14,0.06,0.07,N,O,1996-01-28,1996-02-01,1996-01-30,TAKE BACK RETURN,SHIP, fluffily e
41414-1,41414,94,70,1,27.00,26840.43,0.01,0.05,R,F,1993-08-04,1993-08-01,1993-08-17,TAKE BACK RETURN,AIR, regular theodolites. slo
41415-1,41415,46,22,1,45.00,42571.80,0.09,0.08,A,F,1994-12-14,1995-01-07,1994-12-17,NONE,FOB,ts. carefully final requests cajole
41415-2,41415,514,45,2,39.00,55165.89,0.04,0.07,R,F,1995-02-02,1995-02-02,1995-03-04,DELIVER IN PERSON,AIR, pending accounts. quickly 
41415-3,41415,1776,19,3,43.00,72144.11,0.07,0.05,A,F,1995-02-17,1994-12-15,1995-02-19,DELIVER IN PERSON,SHIP,efully special deposits w
41415-4,41415,187,40,4,46.00,50010.28,0.02,0.07,A,F,1994-12-07,1994-12-23,1994-12-11,DELIVER IN PERSON,AIR,nd carefully slyly even requests
41415-5,41415,1405,6,5,16.00,20902.40,0.03,0.04,R,F,1995-01-27,1994-12-26,1995-02-11,DELIVER IN PERSON,TRUCK,"e brave, express theodolites. packages a"
41415-6,41415,2,53,6,40.00,36080.00,0.06,0.06,A,F,1994-12-10,1995-02-08,1994-12-14,COLLECT COD,REG AIR,ording to the forges? furiously final 
41440-1,41440,1496,75,1,14.00,19564.86,0.06,0.02,R,F,1994-11-03,1994-12-07,1994-11-05,TAKE BACK RETURN,FOB,"e slyly about the final, regular packages"
41440-2,41440,53,29,2,15.00,14295.75,0.04,0.08,R,F,1994-11-22,1994-10-30,1994-12-19,COLLECT COD,TRUCK,ffily across the
41440-3,41440,1911,100,3,2.00,3625.82,0.03,0.03,R,F,1994-10-15,1994-11-06,1994-10-18,TAKE BACK RETURN,SHIP,furiously after the final deposits. fu
41440-4,41440,754,55,4,43.00,71154.25,0.04,0.04,R,F,1994-10-08,1994-11-22,1994-10-10,NONE,MAIL,thely final packages. regular 
41440-5,41440,395,52,5,44.00,56997.16,0.03,0.01,R,F,1994-10-07,1994-12-20,1994-10-25,COLLECT COD,AIR,the never final platelets cajole reg
41441-1,41441,1185,94,1,20.00,21723.60,0.00,0.03,A,F,1992-05-24,1992-04-03,1992-06-10,TAKE BACK RETURN,TRUCK,sual pinto beans impress blith
41441-2,41441,1035,71,2,35.00,32761.05,0.05,0.07,R,F,1992-05-20,1992-03-20,1992-06-16,COLLECT COD,REG AIR,ly bold de
41441-3,41441,474,4,3,11.00,15119.17,0.04,0.05,A,F,1992-02-28,1992-03-27,1992-03-20,DELIVER IN PERSON,FOB, regular asymptotes wake quickly
41442-1,41442,1732,59,1,26.00,42476.98,0.08,0.01,R,F,1994-06-22,1994-07-23,1994-06-24,TAKE BACK RETURN,MAIL,lent theodolites! blithely pendin
41442-2,41442,597,98,2,26.00,38937.34,0.07,0.07,A,F,1994-07-07,1994-07-05,1994-07-11,NONE,REG AIR,sly final theodolites haggle slyly above t
41442-3,41442,1367,68,3,33.00,41855.88,0.07,0.07,A,F,1994-07-15,1994-06-13,1994-07-21,TAKE BACK RETURN,FOB,y across th
41443-1,41443,453,41,1,7.00,9474.15,0.06,0.02,N,O,1996-05-02,1996-02-29,1996-05-15,NONE,FOB,rint never a
41443-2,41443,766,63,2,27.00,45002.52,0.06,0.07,N,O,1996-03-11,1996-03-28,1996-03-27,COLLECT COD,SHIP,fluffily exp
41443-3,41443,1863,50,3,2.00,3529.72,0.06,0.01,N,O,1996-03-19,1996-02-25,1996-03-30,COLLECT COD,FOB,ld deposits are b
41443-4,41443,769,34,4,33.00,55102.08,0.07,0.01,N,O,1996-03-11,1996-03-17,1996-04-03,COLLECT COD,REG AIR,telets are slyly along the excu
41444-1,41444,1008,79,1,48.00,43632.00,0.02,0.08,N,O,1998-06-24,1998-09-06,1998-06-28,DELIVER IN PERSON,MAIL,s cajole carefully regu
41445-1,41445,899,33,1,45.00,80995.05,0.05,0.05,N,O,1996-05-27,1996-04-16,1996-06-01,NONE,RAIL, along the regular ideas. blit
41445-2,41445,1439,40,2,39.00,52276.77,0.02,0.04,N,O,1996-05-19,1996-03-25,1996-06-18,TAKE BACK RETURN,REG AIR,lar requests nag blithely. re
41445-3,41445,958,27,3,39.00,72499.05,0.04,0.01,N,O,1996-03-03,1996-03-11,1996-03-26,TAKE BACK RETURN,RAIL,riously slyly ruthless packages. bold th
41445-4,41445,1510,31,4,46.00,64929.46,0.02,0.00,N,O,1996-05-14,1996-05-03,1996-05-24,TAKE BACK RETURN,REG AIR,ng the quickly regul
41445-5,41445,1170,7,5,43.00,46060.31,0.01,0.05,N,O,1996-02-09,1996-04-13,1996-03-04,TAKE BACK RETURN,SHIP,iously. carefully i
41445-6,41445,849,83,6,26.00,45495.84,0.01,0.02,N,O,1996-03-29,1996-03-25,1996-04-16,COLLECT COD,RAIL,haggle sil
41445-7,41445,1833,20,7,18.00,31226.94,0.10,0.08,N,O,1996-02-17,1996-04-27,1996-02-26,TAKE BACK RETURN,REG AIR,- fluffily careful patterns haggle caref
41446-1,41446,90,16,1,28.00,27722.52,0.03,0.05,R,F,1995-01-14,1995-01-30,1995-02-02,COLLECT COD,RAIL, regular deposits print across the blithely
41446-2,41446,1451,30,2,10.00,13524.50,0.02,0.00,R,F,1994-11-04,1994-12-19,1994-11-14,NONE,AIR,"cial, unusual courts hagg"
41446-3,41446,317,2,3,45.00,54778.95,0.07,0.05,R,F,1994-11-10,1994-12-26,1994-11-18,NONE,AIR,less packages integrat
41447-1,41447,153,80,1,11.00,11584.65,0.02,0.08,N,O,1997-06-11,1997-06-24,1997-06-24,TAKE BACK RETURN,SHIP,"s detect final, final accounts: b"
41447-2,41447,437,96,2,28.00,37448.04,0.05,0.06,N,O,1997-06-13,1997-06-27,1997-07-02,TAKE BACK RETURN,TRUCK,de of the blithely close acco
41447-3,41447,1191,92,3,40.00,43687.60,0.00,0.08,N,O,1997-06-28,1997-06-24,1997-07-07,COLLECT COD,FOB, quickly along the 
41472-1,41472,398,99,1,1.00,1298.39,0.10,0.04,A,F,1993-04-01,1993-03-20,1993-04-10,DELIVER IN PERSON,REG AIR,s sleep idly
41472-2,41472,1700,1,2,22.00,35237.40,0.03,0.01,R,F,1993-05-02,1993-04-10,1993-05-14,COLLECT COD,MAIL,the carefully regular instructions. b
41472-3,41472,1248,23,3,47.00,54014.28,0.01,0.03,R,F,1993-02-25,1993-02-28,1993-03-05,TAKE BACK RETURN,TRUCK," carefully regular, express d"
41472-4,41472,1354,93,4,35.00,43937.25,0.03,0.06,R,F,1993-03-01,1993-04-21,1993-03-21,NONE,MAIL, slyly ironic a
41472-5,41472,361,18,5,31.00,39102.16,0.06,0.02,R,F,1993-05-06,1993-04-01,1993-05-26,COLLECT COD,TRUCK,ngside of t
41473-1,41473,1728,55,1,21.00,34224.12,0.05,0.03,N,O,1997-12-08,1997-11-16,1997-12-25,NONE,REG AIR,old slyly among the express excuses. bli
41473-2,41473,435,65,2,7.00,9348.01,0.08,0.05,N,O,1998-01-06,1997-12-21,1998-01-22,TAKE BACK RETURN,RAIL,ial foxes nag furiously
41474-1,41474,729,94,1,30.00,48891.60,0.06,0.05,R,F,1994-06-24,1994-06-05,1994-07-19,NONE,TRUCK,en realms according to the carefully p
41474-2,41474,1312,27,2,2.00,2426.62,0.07,0.06,R,F,1994-07-19,1994-06-09,1994-07-25,NONE,TRUCK," try to are special, bold dependencies."
41474-3,41474,736,69,3,24.00,39281.52,0.04,0.03,R,F,1994-05-03,1994-06-30,1994-06-02,NONE,AIR,e furiously even accounts. ironic ho
41474-4,41474,445,75,4,38.00,51126.72,0.07,0.07,R,F,1994-05-12,1994-06-14,1994-05-13,COLLECT COD,RAIL,uests cajole furiously sly
41474-5,41474,91,67,5,3.00,2973.27,0.06,0.08,A,F,1994-07-03,1994-06-26,1994-08-02,NONE,FOB,ly during the pending 
41474-6,41474,1443,83,6,22.00,29577.68,0.05,0.05,A,F,1994-06-02,1994-07-13,1994-06-26,NONE,RAIL,ole. furiously special deposits e
41475-1,41475,1029,100,1,49.00,45570.98,0.10,0.00,N,O,1998-05-03,1998-06-24,1998-05-04,TAKE BACK RETURN,AIR,mong the qui
41475-2,41475,355,12,2,23.00,28873.05,0.09,0.04,N,O,1998-06-18,1998-07-10,1998-07-02,NONE,TRUCK,posits-- packages haggle carefully
41475-3,41475,851,52,3,43.00,75329.55,0.10,0.02,N,O,1998-06-30,1998-06-15,1998-07-02,NONE,REG AIR,e of the slyly regular
41475-4,41475,586,17,4,23.00,34191.34,0.05,0.01,N,O,1998-07-28,1998-06-28,1998-08-05,DELIVER IN PERSON,RAIL,al packages use. regular foxes are exp
41475-5,41475,1590,91,5,23.00,34306.57,0.03,0.03,N,O,1998-07-08,1998-06-13,1998-07-25,TAKE BACK RETURN,MAIL,ests. quickly bold ep
41475-6,41475,228,29,6,30.00,33846.60,0.10,0.07,N,O,1998-08-27,1998-07-10,1998-09-08,NONE,AIR,e regularly final accounts? stea
41476-1,41476,1370,9,1,13.00,16527.81,0.08,0.07,R,F,1993-07-19,1993-08-26,1993-07-30,TAKE BACK RETURN,RAIL,s. quickly unusual depo
41476-2,41476,1544,45,2,32.00,46257.28,0.04,0.07,A,F,1993-08-17,1993-08-10,1993-09-11,COLLECT COD,MAIL,. regularly regular instructions are f
41476-3,41476,157,58,3,14.00,14800.10,0.06,0.05,R,F,1993-09-02,1993-07-20,1993-09-06,NONE,MAIL,ven foxes.
41476-4,41476,1103,76,4,34.00,34139.40,0.00,0.02,A,F,1993-06-08,1993-08-06,1993-06-14,COLLECT COD,MAIL,ckly express
41476-5,41476,949,18,5,49.00,90647.06,0.08,0.06,A,F,1993-07-13,1993-07-27,1993-07-16,COLLECT COD,FOB,pendencies integrate blithely acro
41477-1,41477,600,61,1,6.00,9003.60,0.10,0.03,N,O,1998-06-17,1998-07-11,1998-06-24,DELIVER IN PERSON,AIR,olphins hinder fin
41477-2,41477,1196,5,2,29.00,31818.51,0.05,0.03,N,O,1998-08-15,1998-07-19,1998-09-06,COLLECT COD,REG AIR,. furiously bold request
41477-3,41477,1973,74,3,14.00,26249.58,0.00,0.06,N,O,1998-07-19,1998-07-06,1998-08-05,NONE,MAIL,es boost after the quickly even gifts. sl
41477-4,41477,684,47,4,5.00,7923.40,0.05,0.06,N,O,1998-05-03,1998-06-29,1998-05-29,TAKE BACK RETURN,FOB, to the bol
41478-1,41478,26,52,1,16.00,14816.32,0.08,0.01,N,O,1997-02-13,1997-01-11,1997-02-17,NONE,RAIL,"s wake quickly among the final, "
41478-2,41478,1663,87,2,8.00,12517.28,0.05,0.06,N,O,1997-02-25,1997-02-17,1997-03-14,DELIVER IN PERSON,SHIP,unts. slyly regular accounts are fluffily 
41479-1,41479,1725,10,1,4.00,6506.88,0.08,0.02,A,F,1994-07-10,1994-06-12,1994-07-15,DELIVER IN PERSON,REG AIR,maintain fu
41479-2,41479,175,76,2,30.00,32255.10,0.06,0.08,A,F,1994-07-23,1994-06-07,1994-08-05,COLLECT COD,SHIP,en dinos haggl
41504-1,41504,1722,49,1,4.00,6494.88,0.10,0.02,R,F,1992-12-03,1993-01-23,1992-12-12,TAKE BACK RETURN,SHIP,ronic pinto beans. ironic instruc
41504-2,41504,1238,50,2,3.00,3417.69,0.08,0.06,A,F,1993-02-03,1993-01-17,1993-02-19,DELIVER IN PERSON,AIR,t the plate
41504-3,41504,1775,18,3,7.00,11737.39,0.06,0.00,R,F,1993-01-01,1992-12-17,1993-01-27,TAKE BACK RETURN,SHIP,ending dolphins. carefully silent re
41504-4,41504,769,2,4,32.00,53432.32,0.08,0.02,A,F,1993-01-11,1992-12-31,1993-01-22,NONE,MAIL, instructions ar
41504-5,41504,926,27,5,46.00,84038.32,0.00,0.00,A,F,1993-01-08,1992-12-21,1993-01-16,NONE,AIR,uffily express packages. s
41504-6,41504,279,7,6,4.00,4717.08,0.09,0.07,R,F,1992-11-22,1993-01-15,1992-12-03,TAKE BACK RETURN,MAIL,structions solv
41504-7,41504,1321,98,7,29.00,35447.28,0.05,0.03,A,F,1993-01-28,1993-01-08,1993-02-14,COLLECT COD,TRUCK,anent instructions haggle
41505-1,41505,1555,96,1,32.00,46609.60,0.09,0.02,R,F,1993-08-16,1993-07-13,1993-08-19,COLLECT COD,MAIL,refully final pinto beans. qu
41505-2,41505,336,21,2,3.00,3708.99,0.05,0.08,R,F,1993-07-11,1993-07-03,1993-07-31,NONE,MAIL,"the special, even theodolites. "
41505-3,41505,243,98,3,42.00,48016.08,0.00,0.01,R,F,1993-07-23,1993-06-01,1993-07-31,COLLECT COD,SHIP,detect silently sp
41505-4,41505,699,62,4,41.00,65587.29,0.10,0.01,A,F,1993-05-27,1993-06-27,1993-06-14,TAKE BACK RETURN,REG AIR,"y along the regular, blithe pinto beans. "
41505-5,41505,281,63,5,15.00,17719.20,0.00,0.05,A,F,1993-07-16,1993-07-10,1993-08-09,TAKE BACK RETURN,TRUCK,osits do x
41506-1,41506,799,32,1,12.00,20397.48,0.02,0.03,N,O,1996-09-04,1996-10-28,1996-09-29,COLLECT COD,SHIP,sts believe fluffil
41506-2,41506,1559,80,2,45.00,65724.75,0.08,0.02,N,O,1996-11-12,1996-09-15,1996-11-13,DELIVER IN PERSON,AIR,"leep blithely above the pending, ir"
41506-3,41506,1583,24,3,19.00,28207.02,0.00,0.06,N,O,1996-10-26,1996-11-10,1996-11-13,COLLECT COD,MAIL, accounts. express pinto beans are fu
41506-4,41506,938,7,4,34.00,62523.62,0.01,0.04,N,O,1996-10-31,1996-10-20,1996-11-12,TAKE BACK RETURN,AIR,n asymptotes doub
41506-5,41506,1590,11,5,5.00,7457.95,0.03,0.06,N,O,1996-10-13,1996-09-17,1996-10-23,NONE,MAIL,y even asymptote
41506-6,41506,1848,49,6,8.00,13998.72,0.02,0.01,N,O,1996-09-01,1996-11-01,1996-09-22,TAKE BACK RETURN,AIR,use quickly above the carefully unusual
41507-1,41507,745,46,1,18.00,29623.32,0.04,0.08,A,F,1994-01-03,1994-01-23,1994-01-10,NONE,FOB,efully ironic deposits c
41508-1,41508,931,66,1,36.00,65949.48,0.07,0.00,R,F,1993-11-24,1993-12-15,1993-12-07,COLLECT COD,TRUCK,uctions sleep fluffily furi
41508-2,41508,964,67,2,9.00,16784.64,0.05,0.00,R,F,1994-01-04,1993-11-15,1994-01-15,NONE,TRUCK,", express pinto beans. slyl"
41508-3,41508,1776,61,3,36.00,60399.72,0.04,0.02,A,F,1993-10-02,1993-12-09,1993-10-10,TAKE BACK RETURN,MAIL,ntain care
41508-4,41508,922,91,4,24.00,43750.08,0.03,0.04,A,F,1993-10-08,1993-11-28,1993-10-22,COLLECT COD,FOB,carefully. blithely bold multiplier
41508-5,41508,1453,54,5,44.00,59595.80,0.02,0.08,R,F,1993-10-30,1993-11-07,1993-11-15,NONE,MAIL,onic packages cajole furiously ironic pac
41509-1,41509,102,81,1,14.00,14029.40,0.08,0.03,R,F,1994-02-27,1994-01-25,1994-03-22,COLLECT COD,TRUCK,cajole against the accounts
41509-2,41509,1851,38,2,2.00,3505.70,0.04,0.00,A,F,1993-11-30,1994-01-01,1993-12-05,TAKE BACK RETURN,SHIP,y special foxes again
41509-3,41509,1646,88,3,12.00,18571.68,0.02,0.05,A,F,1994-02-20,1994-01-06,1994-03-07,COLLECT COD,AIR,. regular pi
41510-1,41510,1159,32,1,20.00,21203.00,0.08,0.00,A,F,1992-05-04,1992-04-21,1992-05-26,NONE,RAIL, even dolphins. theodolite
41511-1,41511,1797,98,1,19.00,32277.01,0.09,0.07,R,F,1994-11-14,1994-11-11,1994-12-14,TAKE BACK RETURN,RAIL,! slyly even accou
41511-2,41511,942,11,2,47.00,86618.18,0.03,0.05,A,F,1995-01-05,1994-12-14,1995-02-03,COLLECT COD,RAIL,d the quick
41536-1,41536,1071,7,1,27.00,26245.89,0.01,0.03,N,O,1996-12-13,1996-10-25,1996-12-26,COLLECT COD,SHIP,dependencies. unusual ideas wake carefull
41536-2,41536,1111,12,2,2.00,2024.22,0.08,0.01,N,O,1996-10-04,1996-12-03,1996-10-12,COLLECT COD,AIR,wake blithely permanent r
41536-3,41536,1447,48,3,23.00,31014.12,0.02,0.00,N,O,1996-09-15,1996-10-07,1996-10-12,TAKE BACK RETURN,FOB,yly regular pa
41536-4,41536,412,71,4,45.00,59058.45,0.00,0.03,N,O,1996-12-26,1996-11-03,1997-01-10,COLLECT COD,REG AIR,althy packages are furiously accordin
41536-5,41536,1173,74,5,45.00,48337.65,0.09,0.07,N,O,1996-10-07,1996-10-07,1996-10-31,DELIVER IN PERSON,FOB,n slyly. quietly daring packages wake slyly
41536-6,41536,1228,66,6,6.00,6775.32,0.06,0.02,N,O,1997-01-01,1996-10-12,1997-01-02,DELIVER IN PERSON,MAIL,"notornis wake across the dogged, "
41536-7,41536,714,15,7,30.00,48441.30,0.08,0.04,N,O,1996-11-02,1996-11-08,1996-11-07,DELIVER IN PERSON,MAIL,alms run along the furiously pending pack
41537-1,41537,471,30,1,33.00,45258.51,0.06,0.03,N,O,1997-01-17,1997-01-12,1997-02-15,TAKE BACK RETURN,MAIL,s detect carefully according to the sl
41537-2,41537,1035,41,2,29.00,27144.87,0.05,0.04,N,O,1997-03-06,1996-12-22,1997-03-31,NONE,AIR,uses haggle quickly quickly ironic pinto be
41537-3,41537,459,60,3,5.00,6797.25,0.00,0.05,N,O,1997-02-08,1997-01-19,1997-02-11,COLLECT COD,FOB,furiously bold courts. carefully blithe 
41537-4,41537,1492,10,4,9.00,12541.41,0.01,0.02,N,O,1997-02-27,1996-12-16,1997-03-06,NONE,FOB,egrate packages. regu
41537-5,41537,724,25,5,43.00,69862.96,0.05,0.05,N,O,1996-11-14,1997-01-21,1996-11-27,COLLECT COD,RAIL,its wake blithely fluffy hockey players
41537-6,41537,1984,29,6,4.00,7543.92,0.09,0.08,N,O,1997-03-02,1996-12-19,1997-03-27,COLLECT COD,MAIL,"detect? bold, special p"
41538-1,41538,1258,33,1,40.00,46370.00,0.07,0.05,N,O,1996-12-19,1996-11-24,1997-01-14,NONE,RAIL,ully about the never regular dependenci
41539-1,41539,776,73,1,36.00,60363.72,0.10,0.05,N,O,1995-08-12,1995-07-15,1995-09-04,TAKE BACK RETURN,FOB, deposits wake slyly 
41539-2,41539,797,30,2,43.00,73004.97,0.09,0.02,N,O,1995-08-06,1995-06-21,1995-08-20,COLLECT COD,MAIL,ully even instructions. e
41539-3,41539,757,90,3,26.00,43101.50,0.01,0.07,N,O,1995-08-06,1995-06-23,1995-08-16,TAKE BACK RETURN,REG AIR, even packages. quickly bold pinto 
41539-4,41539,1379,56,4,36.00,46093.32,0.04,0.05,A,F,1995-05-26,1995-07-28,1995-06-14,COLLECT COD,SHIP,", special requests c"
41539-5,41539,1041,42,5,24.00,22608.96,0.10,0.01,N,O,1995-07-03,1995-06-20,1995-07-26,NONE,FOB,nst the blithely re
41539-6,41539,1686,28,6,15.00,23815.20,0.10,0.02,N,O,1995-07-24,1995-06-17,1995-08-22,TAKE BACK RETURN,TRUCK,y unusual theodolites are among
41540-1,41540,1596,37,1,29.00,43430.11,0.08,0.04,N,O,1997-02-08,1997-02-05,1997-03-06,DELIVER IN PERSON,MAIL,"c, bold asymptotes use blithely sly"
41540-2,41540,505,36,2,44.00,61842.00,0.04,0.05,N,O,1997-03-17,1997-03-20,1997-04-03,COLLECT COD,REG AIR, the silen
41540-3,41540,55,31,3,30.00,28651.50,0.02,0.08,N,O,1997-02-20,1997-03-07,1997-03-21,COLLECT COD,RAIL,r the even forges. carefully express ex
41540-4,41540,1612,13,4,45.00,68112.45,0.04,0.02,N,O,1997-01-16,1997-02-06,1997-02-15,COLLECT COD,MAIL,lly final pinto beans nag abou
41540-5,41540,1519,40,5,33.00,46876.83,0.10,0.05,N,O,1997-01-31,1997-01-30,1997-02-05,TAKE BACK RETURN,TRUCK,even deposits. slyly final packages slee
41540-6,41540,384,41,6,3.00,3853.14,0.09,0.08,N,O,1997-02-02,1997-03-15,1997-02-23,COLLECT COD,SHIP,eas. fluffily even theodolites use caref
41540-7,41540,834,35,7,18.00,31226.94,0.08,0.06,N,O,1997-03-29,1997-02-05,1997-04-11,NONE,RAIL,nts. furious accounts haggle of the regular
41541-1,41541,96,97,1,27.00,26894.43,0.03,0.06,N,O,1997-02-27,1997-02-08,1997-03-11,DELIVER IN PERSON,MAIL,ts cajole f
41541-2,41541,1834,21,2,43.00,74640.69,0.07,0.02,N,O,1996-12-08,1997-02-13,1996-12-25,DELIVER IN PERSON,RAIL, are slyly 
41541-3,41541,1104,41,3,40.00,40204.00,0.05,0.05,N,O,1996-12-24,1997-02-10,1997-01-03,DELIVER IN PERSON,TRUCK,g theodolites are 
41541-4,41541,970,71,4,7.00,13096.79,0.01,0.04,N,O,1997-02-08,1997-01-30,1997-03-06,TAKE BACK RETURN,SHIP, haggle carefully accordin
41541-5,41541,1480,98,5,43.00,59403.64,0.08,0.05,N,O,1996-12-15,1997-02-14,1996-12-31,TAKE BACK RETURN,FOB, blithely reg
41542-1,41542,774,7,1,25.00,41869.25,0.03,0.07,R,F,1994-12-28,1994-11-08,1995-01-12,COLLECT COD,REG AIR,. silent ideas snooze silen
41542-2,41542,314,71,2,23.00,27929.13,0.04,0.05,A,F,1995-01-22,1994-11-09,1995-02-14,DELIVER IN PERSON,AIR,deas. permanently
41542-3,41542,1009,80,3,21.00,19110.00,0.03,0.01,A,F,1994-09-28,1994-12-21,1994-10-02,TAKE BACK RETURN,SHIP,s. fluffily final packages haggle aga
41542-4,41542,1658,59,4,11.00,17156.15,0.04,0.01,A,F,1994-12-20,1994-12-09,1994-12-31,TAKE BACK RETURN,AIR,inst the deposits. slyly sile
41543-1,41543,475,76,1,16.00,22007.52,0.04,0.01,R,F,1994-02-20,1994-03-14,1994-02-25,TAKE BACK RETURN,TRUCK,al asympto
41543-2,41543,743,40,2,27.00,44380.98,0.02,0.01,A,F,1994-05-24,1994-04-22,1994-06-10,COLLECT COD,RAIL,s requests above t
41543-3,41543,441,29,3,41.00,54999.04,0.03,0.06,A,F,1994-03-06,1994-05-01,1994-03-25,TAKE BACK RETURN,REG AIR, bold accounts. unusual accounts haggle qui
41543-4,41543,851,18,4,42.00,73577.70,0.00,0.07,R,F,1994-02-10,1994-03-10,1994-02-16,TAKE BACK RETURN,TRUCK,elieve blithely blithely unusual a
41543-5,41543,1667,9,5,20.00,31373.20,0.04,0.02,A,F,1994-04-10,1994-04-03,1994-04-29,TAKE BACK RETURN,REG AIR, even excuses must haggle. packages sle
41568-1,41568,1064,65,1,7.00,6755.42,0.05,0.06,R,F,1993-08-01,1993-08-04,1993-08-13,NONE,MAIL,gular package
41569-1,41569,1413,31,1,3.00,3943.23,0.04,0.04,A,F,1993-10-24,1993-09-17,1993-11-16,DELIVER IN PERSON,FOB,ully regular instructions. furio
41569-2,41569,1082,83,2,40.00,39323.20,0.08,0.04,A,F,1993-10-03,1993-09-22,1993-10-11,NONE,AIR,capades. fur
41569-3,41569,1865,9,3,16.00,28269.76,0.04,0.05,A,F,1993-11-15,1993-08-28,1993-12-15,COLLECT COD,SHIP,ests nag across the furiously ironic
41569-4,41569,1108,17,4,34.00,34309.40,0.07,0.04,R,F,1993-11-16,1993-09-06,1993-12-13,NONE,MAIL, accounts. slyly express accounts among
41569-5,41569,325,10,5,41.00,50238.12,0.00,0.01,R,F,1993-08-18,1993-10-11,1993-09-14,DELIVER IN PERSON,AIR,uickly. idle ideas 
41569-6,41569,261,62,6,1.00,1161.26,0.01,0.05,R,F,1993-09-23,1993-10-14,1993-10-21,TAKE BACK RETURN,MAIL,ly special ideas. furiously ironic pa
41569-7,41569,1079,85,7,26.00,25481.82,0.01,0.06,A,F,1993-08-01,1993-09-22,1993-08-26,DELIVER IN PERSON,RAIL,among the furiously 
41570-1,41570,837,37,1,42.00,72988.86,0.01,0.06,A,F,1994-02-23,1994-01-11,1994-03-01,DELIVER IN PERSON,FOB, about the idle requests are above 
41570-2,41570,282,10,2,34.00,40197.52,0.03,0.00,R,F,1994-03-10,1994-02-10,1994-03-12,DELIVER IN PERSON,AIR,"lar, special packages-- sl"
41570-3,41570,1517,58,3,22.00,31207.22,0.06,0.03,R,F,1994-03-27,1994-01-10,1994-04-05,COLLECT COD,MAIL, regular deposits. fluff
41570-4,41570,706,7,4,21.00,33740.70,0.09,0.05,R,F,1993-12-09,1994-02-22,1993-12-27,NONE,REG AIR,ly express packages boo
41570-5,41570,933,36,5,5.00,9169.65,0.02,0.06,R,F,1994-03-21,1994-02-08,1994-04-04,NONE,RAIL,o the blithely bold decoys wake carefully 
41570-6,41570,203,31,6,22.00,24270.40,0.07,0.01,A,F,1994-02-13,1994-01-29,1994-03-07,COLLECT COD,TRUCK, quickly final asymptotes. care
41571-1,41571,1725,26,1,28.00,45548.16,0.03,0.01,R,F,1995-06-13,1995-08-13,1995-06-15,DELIVER IN PERSON,TRUCK,ove the regular deposits: carefully
41571-2,41571,1364,3,2,41.00,51879.76,0.05,0.06,N,O,1995-07-26,1995-07-22,1995-07-27,TAKE BACK RETURN,SHIP,its. regular deposits use carefully
41571-3,41571,461,49,3,44.00,59904.24,0.08,0.06,N,O,1995-07-12,1995-08-17,1995-07-30,NONE,SHIP,quickly special ideas haggle
41571-4,41571,1363,40,4,11.00,13907.96,0.07,0.05,N,O,1995-09-19,1995-07-17,1995-10-16,DELIVER IN PERSON,MAIL,e blithely closel
41571-5,41571,848,15,5,23.00,40223.32,0.02,0.01,N,O,1995-07-31,1995-08-24,1995-08-09,COLLECT COD,FOB,furiously at the pending deposits. sl
41572-1,41572,270,25,1,29.00,33937.83,0.06,0.07,N,O,1997-04-24,1997-05-15,1997-05-16,COLLECT COD,TRUCK,ecial reques
41572-2,41572,1578,59,2,39.00,57703.23,0.06,0.04,N,O,1997-04-27,1997-05-18,1997-05-14,TAKE BACK RETURN,RAIL,un carefully furiously expres
41572-3,41572,1692,93,3,21.00,33467.49,0.03,0.08,N,O,1997-03-18,1997-04-13,1997-03-28,TAKE BACK RETURN,TRUCK,deposits cajole furi
41572-4,41572,1966,55,4,17.00,31755.32,0.06,0.06,N,O,1997-05-20,1997-05-08,1997-05-23,COLLECT COD,RAIL, cajole quickly
41572-5,41572,727,24,5,33.00,53714.76,0.06,0.06,N,O,1997-03-21,1997-05-21,1997-04-06,NONE,REG AIR,e packages are blithely along th
41572-6,41572,820,87,6,9.00,15487.38,0.10,0.03,N,O,1997-04-06,1997-05-17,1997-04-27,DELIVER IN PERSON,AIR,ependencies aft
41573-1,41573,1405,84,1,19.00,24821.60,0.02,0.00,N,O,1996-03-15,1996-04-21,1996-04-02,COLLECT COD,TRUCK,"heodolites boost blithely regular, ironic d"
41573-2,41573,1693,17,2,25.00,39867.25,0.01,0.02,N,O,1996-04-04,1996-05-07,1996-05-02,COLLECT COD,FOB,nic foxes nag after the c
41573-3,41573,999,100,3,18.00,34199.82,0.06,0.07,N,O,1996-05-10,1996-05-17,1996-05-30,NONE,FOB,nag slyly. blithe
41573-4,41573,1001,37,4,23.00,20746.00,0.00,0.01,N,O,1996-06-10,1996-05-23,1996-07-10,DELIVER IN PERSON,AIR,fily bold t
41573-5,41573,1712,39,5,2.00,3227.42,0.10,0.07,N,O,1996-03-13,1996-04-29,1996-03-19,DELIVER IN PERSON,RAIL, the theodolites
41573-6,41573,928,31,6,2.00,3657.84,0.08,0.02,N,O,1996-06-21,1996-05-14,1996-06-24,COLLECT COD,TRUCK,er the careful
41573-7,41573,1935,68,7,46.00,84498.78,0.09,0.02,N,O,1996-06-15,1996-04-26,1996-07-13,DELIVER IN PERSON,RAIL,its cajole evenly b
41574-1,41574,1093,99,1,36.00,35787.24,0.07,0.02,A,F,1994-01-11,1993-11-07,1994-01-16,DELIVER IN PERSON,AIR,ress dugouts detect accor
41574-2,41574,1202,14,2,6.00,6619.20,0.09,0.01,A,F,1993-12-15,1993-12-03,1993-12-18,NONE,RAIL,nic deposits. sp
41574-3,41574,1025,26,3,9.00,8334.18,0.01,0.05,R,F,1993-12-16,1993-10-27,1993-12-20,TAKE BACK RETURN,TRUCK, carefully
41574-4,41574,1546,87,4,32.00,46321.28,0.07,0.03,R,F,1993-09-29,1993-11-20,1993-10-29,DELIVER IN PERSON,FOB, platelets. ideas wake carefu
41574-5,41574,802,3,5,12.00,20433.60,0.03,0.00,R,F,1993-11-05,1993-12-09,1993-11-30,TAKE BACK RETURN,FOB,ully according to the 
41574-6,41574,1598,19,6,17.00,25493.03,0.08,0.00,A,F,1993-09-22,1993-12-01,1993-10-18,NONE,RAIL,"old, regular asymptotes sublate across"
41574-7,41574,109,36,7,31.00,31282.10,0.01,0.02,R,F,1994-01-15,1993-12-13,1994-02-06,DELIVER IN PERSON,AIR,"l, regular reques"
41575-1,41575,1574,15,1,1.00,1475.57,0.05,0.03,N,O,1997-10-02,1997-09-21,1997-10-05,COLLECT COD,RAIL,. carefully regular ideas cajole slyly. c
41575-2,41575,1765,8,2,24.00,40002.24,0.06,0.03,N,O,1997-11-15,1997-10-02,1997-12-11,TAKE BACK RETURN,SHIP,he quickly regular 
41575-3,41575,1078,84,3,12.00,11748.84,0.01,0.07,N,O,1997-09-24,1997-10-06,1997-10-04,NONE,REG AIR,of the slyly regular requests. accoun
41575-4,41575,692,55,4,28.00,44595.32,0.05,0.01,N,O,1997-09-08,1997-09-19,1997-09-21,NONE,AIR,ress carefull
41575-5,41575,966,69,5,41.00,76545.36,0.07,0.07,N,O,1997-11-08,1997-09-25,1997-11-21,DELIVER IN PERSON,REG AIR,ly even accounts. fluffily sly epitaphs a
41575-6,41575,1066,67,6,42.00,40616.52,0.07,0.06,N,O,1997-11-26,1997-10-07,1997-12-24,COLLECT COD,AIR,e always pending plate
41600-1,41600,1130,3,1,33.00,34027.29,0.08,0.03,N,O,1997-07-05,1997-05-13,1997-07-08,TAKE BACK RETURN,RAIL, packages. furiously even deposits b
41600-2,41600,1025,26,2,11.00,10186.22,0.05,0.08,N,O,1997-06-01,1997-05-30,1997-06-20,TAKE BACK RETURN,TRUCK, haggle sometimes even multipliers.
41600-3,41600,1901,90,3,22.00,39663.80,0.05,0.02,N,O,1997-07-01,1997-06-27,1997-07-10,DELIVER IN PERSON,RAIL,counts believe quickly accordin
41600-4,41600,1239,77,4,26.00,29645.98,0.00,0.05,N,O,1997-07-23,1997-06-01,1997-08-09,COLLECT COD,MAIL," regular, ironic id"
41600-5,41600,1943,32,5,23.00,42433.62,0.06,0.05,N,O,1997-05-28,1997-05-21,1997-05-29,NONE,SHIP,eodolites. f
41600-6,41600,1550,31,6,27.00,39191.85,0.04,0.02,N,O,1997-07-04,1997-07-03,1997-08-02,TAKE BACK RETURN,SHIP,dependencies. fluffily even p
41601-1,41601,1316,55,1,43.00,52344.33,0.04,0.06,R,F,1994-11-23,1994-12-10,1994-12-23,NONE,REG AIR, along the theodolites. bli
41601-2,41601,1192,65,2,46.00,50286.74,0.10,0.07,R,F,1994-12-05,1994-11-12,1994-12-26,DELIVER IN PERSON,SHIP,s wake car
41602-1,41602,530,91,1,42.00,60082.26,0.06,0.05,N,O,1995-09-21,1995-09-21,1995-10-20,TAKE BACK RETURN,MAIL,. slyly final theodolites haggle
41603-1,41603,1906,7,1,26.00,47005.40,0.08,0.00,N,O,1997-11-04,1997-09-19,1997-11-22,NONE,AIR,ously after the unusual as
41603-2,41603,1798,83,2,15.00,25496.85,0.09,0.01,N,O,1997-08-18,1997-10-02,1997-08-30,DELIVER IN PERSON,TRUCK,taphs about the furiously ironic 
41603-3,41603,1309,48,3,15.00,18154.50,0.01,0.03,N,O,1997-08-04,1997-10-17,1997-08-06,COLLECT COD,TRUCK,nic platelets are fluf
41604-1,41604,984,53,1,19.00,35814.62,0.10,0.07,A,F,1994-03-06,1994-04-23,1994-03-19,COLLECT COD,MAIL,into beans cajole a
41605-1,41605,1693,17,1,20.00,31893.80,0.00,0.06,A,F,1994-02-26,1994-03-25,1994-03-06,TAKE BACK RETURN,RAIL,s. slyly ironic foxes sleep 
41605-2,41605,1449,67,2,11.00,14854.84,0.08,0.04,R,F,1994-03-24,1994-03-19,1994-03-31,TAKE BACK RETURN,AIR, the slyly even theodolites
41606-1,41606,1523,4,1,28.00,39886.56,0.01,0.07,A,F,1994-10-11,1994-08-19,1994-11-04,COLLECT COD,SHIP,ffily ironi
41606-2,41606,365,22,2,45.00,56941.20,0.10,0.08,R,F,1994-08-20,1994-09-18,1994-09-07,COLLECT COD,REG AIR, final requests. carefully final depe
41606-3,41606,351,8,3,46.00,57562.10,0.01,0.00,R,F,1994-10-06,1994-09-19,1994-10-20,TAKE BACK RETURN,FOB,equests cajole carefully regular instruc
41606-4,41606,138,65,4,5.00,5190.65,0.06,0.03,A,F,1994-10-12,1994-08-27,1994-10-15,DELIVER IN PERSON,MAIL,ly final account
41607-1,41607,20,21,1,29.00,26680.58,0.04,0.05,A,F,1995-01-20,1995-01-22,1995-02-01,NONE,MAIL,"ites wake furiously along the regular, r"
41607-2,41607,219,74,2,5.00,5596.05,0.02,0.02,A,F,1995-02-11,1995-03-14,1995-03-03,TAKE BACK RETURN,REG AIR,rding to the quick
41607-3,41607,698,99,3,32.00,51158.08,0.08,0.07,A,F,1995-02-24,1995-03-19,1995-02-28,NONE,AIR, deposits sleep
41607-4,41607,1245,83,4,3.00,3438.72,0.02,0.07,A,F,1994-12-30,1995-03-17,1995-01-13,COLLECT COD,AIR,ely above the regul
41607-5,41607,378,63,5,26.00,33237.62,0.08,0.06,R,F,1994-12-21,1995-02-27,1994-12-31,COLLECT COD,RAIL,oost slyly carefully regular
41607-6,41607,1333,72,6,12.00,14811.96,0.08,0.01,R,F,1995-03-03,1995-01-25,1995-03-06,DELIVER IN PERSON,RAIL,ccounts use slyly bold foxes. blithel
41607-7,41607,696,90,7,39.00,62270.91,0.07,0.08,R,F,1995-01-25,1995-02-22,1995-02-01,TAKE BACK RETURN,MAIL,uests nag blithely regular depe
41632-1,41632,230,58,1,33.00,37297.59,0.01,0.05,R,F,1994-03-06,1994-03-02,1994-03-07,NONE,TRUCK,nusual theodolites grow quickly careful
41632-2,41632,1854,98,2,48.00,84280.80,0.00,0.05,R,F,1994-01-19,1994-02-24,1994-01-23,TAKE BACK RETURN,FOB,ring requests sleep furiously furiously ir
41632-3,41632,782,79,3,12.00,20193.36,0.05,0.07,R,F,1994-03-17,1994-01-03,1994-04-03,TAKE BACK RETURN,SHIP,ld above the blith
41632-4,41632,1020,21,4,15.00,13815.30,0.03,0.08,A,F,1994-03-17,1994-01-10,1994-04-06,COLLECT COD,RAIL,uests doze in place of the slyly b
41633-1,41633,1977,10,1,7.00,13152.79,0.08,0.06,R,F,1994-02-11,1994-01-21,1994-02-27,DELIVER IN PERSON,MAIL,arefully. pack
41633-2,41633,1821,22,2,36.00,62021.52,0.02,0.05,R,F,1993-11-29,1994-01-27,1993-12-19,TAKE BACK RETURN,FOB,efully. accounts boost slyly. careful
41633-3,41633,1700,1,3,7.00,11211.90,0.00,0.08,A,F,1993-12-09,1993-12-15,1993-12-29,TAKE BACK RETURN,AIR," bold, ironic pin"
41633-4,41633,817,84,4,2.00,3435.62,0.02,0.00,R,F,1993-12-24,1993-12-25,1994-01-01,COLLECT COD,FOB, the furious
41633-5,41633,807,7,5,2.00,3415.60,0.09,0.02,A,F,1993-12-25,1994-02-02,1994-01-11,COLLECT COD,FOB, theodolites grow. e
41633-6,41633,799,64,6,41.00,69691.39,0.08,0.00,R,F,1993-12-28,1993-12-26,1994-01-21,NONE,RAIL,s sleep bravely spe
41634-1,41634,376,77,1,45.00,57436.65,0.04,0.07,R,F,1993-02-09,1993-02-15,1993-03-11,DELIVER IN PERSON,RAIL, carefully final accounts among the blithel
41634-2,41634,396,25,2,1.00,1296.39,0.03,0.03,R,F,1993-03-30,1993-02-27,1993-04-28,TAKE BACK RETURN,RAIL,y regular packages grow carefully final acc
41634-3,41634,463,93,3,11.00,14998.06,0.00,0.04,R,F,1993-02-06,1993-03-04,1993-02-11,COLLECT COD,TRUCK,aggle quickly: b
41634-4,41634,854,21,4,26.00,45626.10,0.02,0.05,A,F,1992-12-21,1993-02-20,1992-12-25,NONE,RAIL,special foxes nag slyly. even pack
41634-5,41634,1664,88,5,39.00,61060.74,0.05,0.02,A,F,1993-01-10,1993-03-02,1993-01-20,TAKE BACK RETURN,FOB,xcuses wake quietly 
41634-6,41634,635,67,6,16.00,24570.08,0.09,0.05,A,F,1993-03-09,1993-03-05,1993-03-16,DELIVER IN PERSON,AIR,ously enticing pinto beans
41634-7,41634,169,96,7,24.00,25659.84,0.05,0.08,R,F,1992-12-15,1993-01-20,1993-01-11,TAKE BACK RETURN,MAIL,nag slyly along the excuses. slow pack
41635-1,41635,1611,94,1,28.00,42353.08,0.01,0.02,A,F,1993-11-01,1993-10-15,1993-11-07,NONE,RAIL,the quickly silent asymptotes. f
41635-2,41635,1575,96,2,47.00,69398.79,0.06,0.06,A,F,1993-10-11,1993-10-29,1993-11-06,TAKE BACK RETURN,RAIL,ependencies
41636-1,41636,655,56,1,37.00,57559.05,0.03,0.03,R,F,1994-11-23,1994-10-08,1994-12-03,COLLECT COD,MAIL, carefully across the furious
41636-2,41636,758,91,2,26.00,43127.50,0.09,0.04,A,F,1994-11-05,1994-10-26,1994-11-28,DELIVER IN PERSON,REG AIR,ic requests promise car
41636-3,41636,1605,6,3,36.00,54237.60,0.02,0.00,A,F,1994-09-21,1994-10-01,1994-10-12,COLLECT COD,RAIL,ly above the ironic accounts. furiousl
41636-4,41636,1111,84,4,44.00,44532.84,0.00,0.07,R,F,1994-09-16,1994-11-12,1994-09-24,TAKE BACK RETURN,REG AIR,. slyly final requests boost. slyly spe
41636-5,41636,809,43,5,4.00,6839.20,0.02,0.07,A,F,1994-09-03,1994-09-20,1994-09-29,NONE,SHIP,olites are
41636-6,41636,10,11,6,45.00,40950.45,0.03,0.07,R,F,1994-10-12,1994-10-17,1994-10-30,COLLECT COD,FOB,phins nod deposits. 
41637-1,41637,108,35,1,48.00,48388.80,0.10,0.05,R,F,1993-06-23,1993-06-16,1993-07-21,TAKE BACK RETURN,TRUCK,accounts boost quickly. furious
41637-2,41637,1061,62,2,34.00,32710.04,0.01,0.04,R,F,1993-07-14,1993-06-20,1993-08-08,TAKE BACK RETURN,FOB,ickly thinly e
41637-3,41637,715,48,3,33.00,53318.43,0.03,0.00,R,F,1993-07-17,1993-07-18,1993-08-11,NONE,AIR, attainment
41637-4,41637,1005,76,4,14.00,12684.00,0.04,0.02,R,F,1993-08-16,1993-06-07,1993-08-26,NONE,RAIL, are slyly ironic
41637-5,41637,1756,41,5,14.00,23208.50,0.10,0.05,R,F,1993-06-18,1993-07-03,1993-07-08,TAKE BACK RETURN,MAIL,regular accounts are quickly
41638-1,41638,236,18,1,19.00,21588.37,0.06,0.04,A,F,1993-09-12,1993-08-12,1993-09-17,DELIVER IN PERSON,AIR,carefully dependencies. foxes a
41638-2,41638,1586,7,2,28.00,41652.24,0.09,0.06,R,F,1993-09-02,1993-07-28,1993-09-17,DELIVER IN PERSON,AIR,l decoys. blit
41639-1,41639,1123,60,1,41.00,41988.92,0.02,0.02,N,O,1996-06-08,1996-04-26,1996-07-04,DELIVER IN PERSON,REG AIR,c excuses haggle. special pac
41639-2,41639,763,28,2,18.00,29947.68,0.09,0.05,N,O,1996-06-09,1996-05-21,1996-06-11,TAKE BACK RETURN,RAIL,s x-ray after the final pack
41639-3,41639,616,10,3,26.00,39431.86,0.00,0.02,N,O,1996-05-19,1996-04-30,1996-06-08,TAKE BACK RETURN,TRUCK,ully even requests.
41639-4,41639,1523,24,4,34.00,48433.68,0.02,0.07,N,O,1996-06-22,1996-05-13,1996-07-15,NONE,AIR,fluffily regular accounts. de
41664-1,41664,111,38,1,32.00,32355.52,0.07,0.01,N,O,1996-01-14,1996-02-28,1996-01-22,TAKE BACK RETURN,FOB,lets. furiously ironic instructi
41664-2,41664,1336,37,2,18.00,22271.94,0.03,0.03,N,O,1996-02-11,1996-02-29,1996-02-28,TAKE BACK RETURN,TRUCK,xes are furiously a
41664-3,41664,214,69,3,4.00,4456.84,0.00,0.05,N,O,1995-12-10,1996-01-17,1996-01-08,NONE,RAIL,en requests ag
41664-4,41664,212,40,4,4.00,4448.84,0.07,0.05,N,O,1996-01-01,1996-03-04,1996-01-09,DELIVER IN PERSON,RAIL, final requests use furiously above the 
41665-1,41665,521,82,1,4.00,5686.08,0.04,0.07,N,O,1996-07-17,1996-10-01,1996-08-06,DELIVER IN PERSON,MAIL,long the slyly fin
41665-2,41665,911,12,2,46.00,83347.86,0.09,0.05,N,O,1996-07-21,1996-10-11,1996-07-29,NONE,MAIL,"ests. final, regular accounts above t"
41665-3,41665,1277,52,3,30.00,35348.10,0.05,0.05,N,O,1996-09-28,1996-09-04,1996-10-24,COLLECT COD,SHIP, carefully carefully
41666-1,41666,735,32,1,22.00,35986.06,0.05,0.04,R,F,1992-03-29,1992-05-06,1992-04-11,COLLECT COD,MAIL,riously according to the regular i
41666-2,41666,1957,90,2,2.00,3717.90,0.07,0.02,R,F,1992-05-30,1992-04-12,1992-06-21,DELIVER IN PERSON,REG AIR,ven accounts det
41666-3,41666,1741,42,3,48.00,78851.52,0.06,0.00,A,F,1992-04-27,1992-05-14,1992-05-14,DELIVER IN PERSON,REG AIR,old asymptotes. fi
41666-4,41666,1304,5,4,1.00,1205.30,0.02,0.08,A,F,1992-04-15,1992-04-06,1992-05-07,DELIVER IN PERSON,RAIL,nto beans kindle against the blithely pen
41666-5,41666,1276,51,5,45.00,52977.15,0.04,0.05,A,F,1992-03-26,1992-04-29,1992-04-23,NONE,MAIL,s nag quickl
41666-6,41666,820,20,6,24.00,41299.68,0.03,0.07,R,F,1992-06-12,1992-05-20,1992-07-11,DELIVER IN PERSON,RAIL,fully regular pinto bea
41667-1,41667,1989,78,1,46.00,86985.08,0.02,0.08,R,F,1992-09-06,1992-08-24,1992-09-28,DELIVER IN PERSON,AIR, deposits? slyly daring dolphins will 
41667-2,41667,482,41,2,42.00,58064.16,0.06,0.06,R,F,1992-09-18,1992-07-31,1992-10-06,DELIVER IN PERSON,REG AIR,ake ideas. care
41667-3,41667,1731,32,3,23.00,37552.79,0.00,0.04,A,F,1992-07-31,1992-09-18,1992-08-14,TAKE BACK RETURN,RAIL,special dependencies imp
41668-1,41668,396,25,1,1.00,1296.39,0.05,0.07,N,O,1996-06-15,1996-08-06,1996-07-11,DELIVER IN PERSON,TRUCK, special theodolites. slyly unusual 
41669-1,41669,235,90,1,21.00,23839.83,0.10,0.03,N,O,1997-12-28,1998-02-01,1997-12-31,NONE,FOB,al accounts wake. slyly daring
41669-2,41669,1965,54,2,10.00,18669.60,0.08,0.01,N,O,1998-03-10,1997-12-25,1998-03-28,TAKE BACK RETURN,FOB,sleep thinly 
41669-3,41669,589,20,3,18.00,26812.44,0.02,0.02,N,O,1998-01-11,1997-12-19,1998-02-03,NONE,REG AIR,er the quickly regular deposits. ca
41669-4,41669,1061,67,4,41.00,39444.46,0.05,0.02,N,O,1997-12-04,1998-01-01,1997-12-13,DELIVER IN PERSON,RAIL,y ironic theodolites cajole caref
41669-5,41669,209,37,5,16.00,17747.20,0.10,0.00,N,O,1997-12-31,1997-12-19,1998-01-27,DELIVER IN PERSON,AIR,evenly slyly special grouches. carefully
41669-6,41669,1683,25,6,19.00,30108.92,0.00,0.02,N,O,1998-02-11,1997-12-29,1998-02-12,NONE,RAIL,nding foxes sleep across the e
41670-1,41670,1109,18,1,10.00,10101.00,0.07,0.04,N,O,1996-10-11,1996-10-13,1996-11-06,NONE,TRUCK,cial accounts are silently. qui
41670-2,41670,1657,81,2,8.00,12469.20,0.05,0.01,N,O,1996-09-05,1996-11-17,1996-09-10,NONE,SHIP,are slyly expr
41670-3,41670,624,56,3,17.00,25918.54,0.08,0.04,N,O,1996-10-14,1996-10-11,1996-11-04,DELIVER IN PERSON,RAIL,pending accounts alongside of the bl
41670-4,41670,1808,38,4,43.00,73521.40,0.00,0.08,N,O,1996-11-07,1996-09-26,1996-11-26,NONE,RAIL,ideas above the qu
41671-1,41671,1541,62,1,47.00,67799.38,0.01,0.01,A,F,1993-03-28,1993-01-09,1993-04-03,DELIVER IN PERSON,FOB,uests serv
41671-2,41671,27,53,2,47.00,43569.94,0.04,0.06,A,F,1993-03-20,1993-02-06,1993-03-23,COLLECT COD,REG AIR,ccounts hang blithely instructions. carefu
41696-1,41696,256,38,1,38.00,43937.50,0.07,0.06,R,F,1994-08-21,1994-10-05,1994-09-02,TAKE BACK RETURN,FOB,in furiously a
41696-2,41696,573,4,2,2.00,2947.14,0.02,0.04,R,F,1994-09-16,1994-09-28,1994-09-25,NONE,AIR, requests use
41697-1,41697,760,25,1,29.00,48162.04,0.08,0.05,N,O,1997-01-31,1997-01-26,1997-02-28,NONE,TRUCK, deposits. furiously ironic d
41697-2,41697,474,4,2,35.00,48106.45,0.02,0.07,N,O,1997-01-20,1997-01-28,1997-02-09,COLLECT COD,AIR,e. slyly regular deposits sleep about 
41697-3,41697,591,52,3,22.00,32814.98,0.04,0.06,N,O,1997-02-16,1997-01-28,1997-03-14,NONE,RAIL,"lyly. ironic, regular packages al"
41698-1,41698,948,17,1,3.00,5546.82,0.05,0.05,N,O,1998-06-23,1998-05-09,1998-07-01,TAKE BACK RETURN,TRUCK, boost carefully above the regular theo
41699-1,41699,1622,23,1,19.00,28948.78,0.01,0.00,A,F,1993-04-15,1993-03-30,1993-05-02,DELIVER IN PERSON,RAIL,lly ironic
41699-2,41699,204,5,2,2.00,2208.40,0.05,0.02,A,F,1993-04-08,1993-04-04,1993-05-07,DELIVER IN PERSON,REG AIR,ays? furiously reg
41700-1,41700,466,67,1,46.00,62857.16,0.08,0.04,N,O,1997-09-27,1997-08-12,1997-10-01,COLLECT COD,MAIL,nt ideas. 
41700-2,41700,592,53,2,46.00,68659.14,0.10,0.05,N,O,1997-07-02,1997-09-14,1997-07-27,COLLECT COD,AIR, deposits wake after the fluffily express
41700-3,41700,1969,58,3,19.00,35548.24,0.03,0.08,N,O,1997-09-18,1997-08-26,1997-10-08,NONE,FOB,sits; slyly express instructions wake quick
41700-4,41700,133,12,4,39.00,40292.07,0.07,0.05,N,O,1997-09-06,1997-09-11,1997-09-28,TAKE BACK RETURN,MAIL,ess packages sno
41701-1,41701,1396,35,1,12.00,15568.68,0.01,0.08,N,O,1997-03-31,1997-04-11,1997-04-16,TAKE BACK RETURN,AIR,ronic accounts should
41701-2,41701,732,97,2,41.00,66941.93,0.07,0.08,N,O,1997-04-20,1997-04-10,1997-05-15,NONE,SHIP,ly special packages haggle quickly among
41701-3,41701,1618,1,3,14.00,21274.54,0.10,0.07,N,O,1997-06-01,1997-05-25,1997-06-14,COLLECT COD,REG AIR, special pinto beans believe bravely. reg
41701-4,41701,107,34,4,28.00,28198.80,0.07,0.06,N,O,1997-04-13,1997-04-06,1997-04-24,COLLECT COD,RAIL,packages doubt f
41701-5,41701,1517,38,5,17.00,24114.67,0.03,0.02,N,O,1997-06-23,1997-05-17,1997-06-25,DELIVER IN PERSON,REG AIR,s instead of the silent requ
41701-6,41701,1552,93,6,5.00,7267.75,0.01,0.08,N,O,1997-05-04,1997-05-07,1997-05-30,TAKE BACK RETURN,MAIL, even packages integr
41702-1,41702,1537,18,1,38.00,54664.14,0.06,0.03,A,F,1994-03-16,1994-02-22,1994-04-13,TAKE BACK RETURN,TRUCK,ts are quickl
41702-2,41702,241,69,2,43.00,49073.32,0.10,0.08,R,F,1994-03-28,1994-03-09,1994-03-29,TAKE BACK RETURN,AIR,es wake slyly ac
41702-3,41702,274,75,3,22.00,25833.94,0.01,0.00,A,F,1994-04-16,1994-03-23,1994-04-26,NONE,REG AIR,bold deposits about t
41702-4,41702,911,46,4,18.00,32614.38,0.08,0.08,R,F,1994-03-16,1994-02-13,1994-04-07,TAKE BACK RETURN,TRUCK,at pending dependencies. pending accou
41702-5,41702,1138,11,5,14.00,14547.82,0.04,0.03,R,F,1994-04-22,1994-03-11,1994-05-15,TAKE BACK RETURN,TRUCK,bold excuses wake atop the furiously bo
41703-1,41703,1140,13,1,2.00,2082.28,0.00,0.05,R,F,1992-05-26,1992-06-13,1992-05-30,COLLECT COD,MAIL,g requests. daringly ironi
41703-2,41703,1480,20,2,39.00,53877.72,0.04,0.02,A,F,1992-06-25,1992-06-27,1992-06-27,NONE,SHIP,arefully f
41703-3,41703,1830,60,3,27.00,46759.41,0.04,0.05,A,F,1992-08-20,1992-06-28,1992-09-01,NONE,RAIL," the express instructions. busy, bold court"
41703-4,41703,1974,7,4,31.00,58155.07,0.03,0.01,A,F,1992-07-29,1992-06-19,1992-08-04,DELIVER IN PERSON,TRUCK,furiously regular waters acros
41703-5,41703,315,16,5,21.00,25521.51,0.00,0.02,R,F,1992-07-23,1992-07-25,1992-08-01,DELIVER IN PERSON,FOB, thin accounts. regular hockey pl
41703-6,41703,207,62,6,21.00,23251.20,0.03,0.03,A,F,1992-07-10,1992-06-08,1992-07-29,TAKE BACK RETURN,FOB,even ideas sleep blithely a
41728-1,41728,1988,21,1,45.00,85049.10,0.10,0.02,R,F,1995-01-17,1994-12-09,1995-01-26,TAKE BACK RETURN,MAIL, accounts. regular pac
41728-2,41728,1302,17,2,31.00,37302.30,0.09,0.00,A,F,1994-11-27,1994-12-19,1994-12-25,NONE,FOB,g the carefully regular instructio
41728-3,41728,1735,78,3,45.00,73652.85,0.03,0.05,R,F,1994-10-23,1994-12-08,1994-10-26,NONE,MAIL,ndle fluffily bold instructions. slyly ir
41728-4,41728,136,15,4,5.00,5180.65,0.06,0.00,A,F,1995-01-28,1994-11-27,1995-02-05,DELIVER IN PERSON,TRUCK,ons. carefully pending theodo
41728-5,41728,1718,19,5,43.00,69647.53,0.03,0.06,A,F,1994-10-21,1994-12-28,1994-10-29,NONE,SHIP, sleep ruthlessly expr
41728-6,41728,770,3,6,30.00,50123.10,0.08,0.02,R,F,1994-12-20,1994-11-25,1995-01-17,DELIVER IN PERSON,RAIL,special accounts s
41728-7,41728,1486,4,7,17.00,23587.16,0.04,0.05,R,F,1994-11-11,1994-12-25,1994-11-15,DELIVER IN PERSON,RAIL,y. carefully pendi
41729-1,41729,365,22,1,5.00,6326.80,0.01,0.08,R,F,1993-03-26,1993-03-02,1993-03-27,COLLECT COD,RAIL,y busy depos
41730-1,41730,894,61,1,18.00,32308.02,0.10,0.04,N,O,1997-03-17,1997-01-08,1997-04-13,DELIVER IN PERSON,REG AIR,lar sheaves boost slyly bold platelets.
41730-2,41730,1997,42,2,44.00,83555.56,0.08,0.01,N,O,1996-12-09,1997-01-14,1996-12-12,TAKE BACK RETURN,SHIP, quickly special packages haggle quickly 
41730-3,41730,19,20,3,19.00,17461.19,0.02,0.01,N,O,1997-02-10,1996-12-25,1997-02-20,TAKE BACK RETURN,MAIL,deas. even pac
41730-4,41730,1825,69,4,20.00,34536.40,0.06,0.03,N,O,1997-02-23,1996-12-25,1997-03-25,DELIVER IN PERSON,RAIL, packages. b
41730-5,41730,280,8,5,11.00,12983.08,0.04,0.00,N,O,1997-03-10,1996-12-20,1997-04-04,COLLECT COD,REG AIR,eep. closely ir
41731-1,41731,1424,64,1,22.00,29159.24,0.08,0.06,N,O,1996-04-29,1996-05-31,1996-05-20,DELIVER IN PERSON,REG AIR,requests. quick
41732-1,41732,981,50,1,8.00,15055.84,0.10,0.07,A,F,1994-09-28,1994-09-30,1994-10-18,NONE,SHIP,"c, regular instructions. carefully"
41732-2,41732,1344,83,2,36.00,44832.24,0.01,0.01,R,F,1994-11-22,1994-11-02,1994-12-22,TAKE BACK RETURN,FOB,nto beans integrate furiously along th
41732-3,41732,1660,61,3,2.00,3123.32,0.07,0.06,R,F,1994-09-05,1994-10-17,1994-09-12,TAKE BACK RETURN,SHIP,t the ironic platelets use bold theodolite
41732-4,41732,108,35,4,34.00,34275.40,0.01,0.06,A,F,1994-09-10,1994-10-29,1994-10-08,DELIVER IN PERSON,FOB, courts was. quickly regular account
41733-1,41733,1011,12,1,14.00,12768.14,0.04,0.03,N,O,1998-01-25,1998-01-14,1998-02-10,TAKE BACK RETURN,RAIL,ress deposits. s
41733-2,41733,964,65,2,1.00,1864.96,0.01,0.08,N,O,1997-12-24,1998-01-18,1998-01-01,DELIVER IN PERSON,REG AIR,"s? daring, final foxes among the "
41733-3,41733,1011,17,3,7.00,6384.07,0.00,0.07,N,O,1998-02-12,1997-12-30,1998-02-21,DELIVER IN PERSON,AIR,"s promise. unusual, pen"
41733-4,41733,517,18,4,17.00,24097.67,0.01,0.08,N,O,1998-01-02,1997-12-26,1998-01-13,DELIVER IN PERSON,MAIL, regular excuses cajole after t
41734-1,41734,981,50,1,40.00,75279.20,0.01,0.08,A,F,1994-01-17,1994-02-18,1994-01-31,TAKE BACK RETURN,MAIL, carefully stealthy pinto beans acro
41734-2,41734,1135,36,2,6.00,6216.78,0.09,0.04,A,F,1994-01-02,1994-03-03,1994-01-13,COLLECT COD,RAIL,ironic theodolit
41734-3,41734,621,15,3,38.00,57821.56,0.05,0.02,A,F,1994-03-01,1994-01-30,1994-03-19,DELIVER IN PERSON,MAIL,ffily slyly final asymptotes. foxes use: fi
41734-4,41734,1641,83,4,14.00,21596.96,0.07,0.07,A,F,1994-01-16,1994-01-20,1994-01-18,TAKE BACK RETURN,REG AIR, slyly regular ide
41734-5,41734,1177,78,5,13.00,14016.21,0.10,0.08,R,F,1994-03-12,1994-02-01,1994-03-13,DELIVER IN PERSON,RAIL, slyly ironic pinto beans. deposi
41735-1,41735,1537,58,1,28.00,40278.84,0.07,0.08,N,O,1996-11-03,1996-10-23,1996-11-06,TAKE BACK RETURN,TRUCK,lyly bold e
41735-2,41735,332,61,2,16.00,19717.28,0.01,0.05,N,O,1996-11-30,1996-11-22,1996-12-15,COLLECT COD,FOB,counts haggle quickl
41760-1,41760,17,18,1,36.00,33012.36,0.03,0.08,R,F,1992-05-27,1992-03-06,1992-05-29,NONE,TRUCK,equests integrate 
41760-2,41760,798,63,2,4.00,6795.16,0.06,0.08,R,F,1992-05-27,1992-03-02,1992-06-18,DELIVER IN PERSON,REG AIR,ong the furiously final excu
41760-3,41760,1851,38,3,41.00,71866.85,0.02,0.03,A,F,1992-04-06,1992-04-24,1992-04-28,NONE,FOB,c warthogs. pendin
41760-4,41760,1683,84,4,49.00,77649.32,0.05,0.05,R,F,1992-04-04,1992-03-15,1992-05-03,NONE,SHIP,ove the final ideas.
41760-5,41760,488,47,5,3.00,4165.44,0.03,0.02,A,F,1992-03-06,1992-03-12,1992-04-04,TAKE BACK RETURN,AIR,nusual dugouts will doze thinly. deposits
41760-6,41760,165,44,6,7.00,7456.12,0.05,0.01,A,F,1992-05-27,1992-03-18,1992-06-25,TAKE BACK RETURN,SHIP,", unusual packages. dependencies a"
41760-7,41760,716,13,7,19.00,30717.49,0.09,0.01,R,F,1992-05-12,1992-03-24,1992-05-26,COLLECT COD,REG AIR,r requests
41761-1,41761,1158,67,1,31.00,32833.65,0.10,0.01,N,O,1998-09-15,1998-07-14,1998-10-04,TAKE BACK RETURN,SHIP,ic packages sleep. slyly final 
41761-2,41761,940,9,2,20.00,36818.80,0.03,0.03,N,O,1998-09-21,1998-08-26,1998-09-27,COLLECT COD,SHIP,final dependencies; 
41762-1,41762,1186,95,1,44.00,47835.92,0.10,0.08,N,O,1997-04-25,1997-07-04,1997-05-10,COLLECT COD,REG AIR,ag busily quickly final requests. iro
41762-2,41762,1745,30,2,2.00,3293.48,0.08,0.01,N,O,1997-05-01,1997-06-19,1997-05-05,NONE,SHIP,s sleep. carefully regular hockey pla
41762-3,41762,1427,6,3,21.00,27896.82,0.04,0.03,N,O,1997-05-09,1997-06-07,1997-06-05,TAKE BACK RETURN,FOB,"ent gifts in place of the ironic, even req"
41762-4,41762,881,15,4,17.00,30291.96,0.06,0.05,N,O,1997-08-04,1997-05-12,1997-08-17,DELIVER IN PERSON,SHIP,mong the quickly pending packages mold ar
41762-5,41762,866,66,5,10.00,17668.60,0.02,0.04,N,O,1997-06-24,1997-06-25,1997-07-07,NONE,RAIL,y regular dependencies wake furiousl
41763-1,41763,981,50,1,19.00,35757.62,0.08,0.06,A,F,1993-09-28,1993-07-17,1993-10-23,COLLECT COD,AIR,ing instru
41763-2,41763,1434,74,2,14.00,18696.02,0.03,0.00,A,F,1993-07-08,1993-07-24,1993-07-20,NONE,REG AIR,ross the fluffily fluffy 
41763-3,41763,1609,33,3,45.00,67977.00,0.06,0.05,R,F,1993-09-02,1993-09-09,1993-09-07,DELIVER IN PERSON,FOB,cial packages instead of th
41764-1,41764,331,60,1,14.00,17238.62,0.01,0.00,A,F,1995-01-13,1994-12-24,1995-01-24,TAKE BACK RETURN,FOB,lly ironic theodolites
41764-2,41764,1469,9,2,47.00,64411.62,0.00,0.06,R,F,1995-01-19,1994-11-28,1995-01-20,TAKE BACK RETURN,REG AIR,"gular, silent instructions. bli"
41764-3,41764,465,24,3,11.00,15020.06,0.10,0.07,R,F,1995-02-04,1994-11-10,1995-02-14,TAKE BACK RETURN,SHIP,express courts according
41764-4,41764,1836,80,4,5.00,8689.15,0.09,0.03,R,F,1995-01-28,1994-12-08,1995-02-07,COLLECT COD,FOB,riously regular sheaves. bold asymptote
41764-5,41764,62,88,5,12.00,11544.72,0.00,0.03,A,F,1994-11-25,1994-12-05,1994-12-13,DELIVER IN PERSON,FOB,nts are sl
41764-6,41764,412,71,6,28.00,36747.48,0.07,0.01,R,F,1994-12-12,1994-12-07,1994-12-26,NONE,REG AIR, requests. furi
41764-7,41764,423,82,7,37.00,48966.54,0.06,0.05,A,F,1995-01-29,1994-11-12,1995-02-06,DELIVER IN PERSON,REG AIR,r the instructions. never brave ideas 
41765-1,41765,1315,16,1,41.00,49868.71,0.00,0.08,R,F,1995-03-21,1995-02-16,1995-04-19,DELIVER IN PERSON,REG AIR,en foxes about the blithely special 
41765-2,41765,19,95,2,14.00,12866.14,0.07,0.00,A,F,1995-03-16,1995-01-28,1995-04-12,COLLECT COD,TRUCK,bout the accounts. f
41765-3,41765,1104,13,3,39.00,39198.90,0.00,0.01,R,F,1995-02-09,1995-01-18,1995-02-15,DELIVER IN PERSON,REG AIR, at the sly
41765-4,41765,1698,40,4,22.00,35193.18,0.08,0.05,A,F,1994-12-21,1995-01-11,1994-12-29,COLLECT COD,SHIP,ites haggle carefully about the
41765-5,41765,1429,30,5,37.00,49225.54,0.09,0.02,A,F,1995-03-23,1995-02-23,1995-04-07,COLLECT COD,TRUCK,iously final f
41765-6,41765,1386,1,6,7.00,9011.66,0.04,0.05,R,F,1995-03-08,1995-01-30,1995-03-22,COLLECT COD,SHIP,ly unusual packages sleep furiousl
41766-1,41766,1596,97,1,25.00,37439.75,0.03,0.00,R,F,1992-09-27,1992-11-23,1992-10-15,DELIVER IN PERSON,MAIL, lose. slyly bold ideas are around 
41766-2,41766,1494,12,2,42.00,58610.58,0.08,0.08,R,F,1992-09-22,1992-12-02,1992-10-13,COLLECT COD,SHIP,eodolites affix slyly.
41766-3,41766,1604,87,3,27.00,40651.20,0.08,0.06,A,F,1992-12-30,1992-10-19,1993-01-14,TAKE BACK RETURN,RAIL,ckages sleep fur
41766-4,41766,185,12,4,14.00,15192.52,0.09,0.08,A,F,1992-11-04,1992-11-14,1992-11-22,TAKE BACK RETURN,SHIP,nic requests han
41766-5,41766,1655,97,5,43.00,66935.95,0.00,0.07,A,F,1992-12-10,1992-10-25,1992-12-11,NONE,SHIP,ackages at the slyly even deposits
41766-6,41766,546,7,6,29.00,41949.66,0.02,0.05,A,F,1992-12-14,1992-12-04,1993-01-10,DELIVER IN PERSON,REG AIR,egular requests boost always. platelet
41766-7,41766,322,23,7,2.00,2444.64,0.01,0.01,R,F,1992-09-15,1992-11-13,1992-09-29,NONE,TRUCK, regular packages boost furiously regular d
41767-1,41767,544,45,1,43.00,62115.22,0.02,0.04,R,F,1994-10-28,1994-10-06,1994-11-12,DELIVER IN PERSON,TRUCK,ly special 
41767-2,41767,1815,59,2,40.00,68672.40,0.07,0.00,R,F,1994-09-26,1994-10-01,1994-10-12,NONE,MAIL,"y dogged foxes. regular, final packag"
41767-3,41767,300,82,3,17.00,20405.10,0.07,0.06,A,F,1994-10-01,1994-09-15,1994-10-03,NONE,AIR, slyly around the dogge
41792-1,41792,1601,25,1,30.00,45078.00,0.09,0.01,N,O,1997-11-09,1997-08-18,1997-12-04,DELIVER IN PERSON,RAIL,ckages. sly
41793-1,41793,1143,44,1,39.00,40721.46,0.00,0.00,A,F,1994-08-12,1994-06-19,1994-09-04,TAKE BACK RETURN,SHIP,riously express theodoli
41793-2,41793,324,53,2,15.00,18364.80,0.04,0.04,A,F,1994-07-29,1994-07-04,1994-08-22,COLLECT COD,REG AIR,fluffily against the final theodolites
41793-3,41793,1898,99,3,23.00,41397.47,0.08,0.02,A,F,1994-07-30,1994-08-06,1994-08-09,DELIVER IN PERSON,AIR,fully. blithely expres
41793-4,41793,1890,20,4,13.00,23294.57,0.08,0.03,R,F,1994-08-07,1994-07-04,1994-08-28,NONE,REG AIR, final ideas. 
41793-5,41793,137,64,5,46.00,47707.98,0.07,0.04,A,F,1994-09-03,1994-08-11,1994-09-14,TAKE BACK RETURN,MAIL,"ess, close somas wake blithely. theo"
41794-1,41794,1328,43,1,33.00,40567.56,0.10,0.08,N,F,1995-06-17,1995-07-01,1995-06-18,NONE,REG AIR,ely according to the 
41794-2,41794,454,84,2,46.00,62304.70,0.00,0.06,N,O,1995-09-13,1995-08-08,1995-09-21,COLLECT COD,FOB,old packages snooze furiously
41794-3,41794,705,2,3,32.00,51382.40,0.10,0.04,N,O,1995-08-31,1995-08-05,1995-09-18,NONE,MAIL, carefully about the iro
41794-4,41794,1085,86,4,16.00,15777.28,0.03,0.06,N,F,1995-06-06,1995-08-04,1995-06-23,COLLECT COD,RAIL,"r, stealthy deposi"
41795-1,41795,1169,70,1,20.00,21403.20,0.03,0.04,N,O,1996-12-04,1996-12-13,1996-12-30,TAKE BACK RETURN,REG AIR,"g, final reque"
41795-2,41795,905,40,2,29.00,52371.10,0.06,0.04,N,O,1996-11-11,1996-10-19,1996-11-25,DELIVER IN PERSON,TRUCK,ckly regular deposits. bold courts use fu
41795-3,41795,1196,97,3,10.00,10971.90,0.03,0.04,N,O,1996-10-09,1996-10-20,1996-10-28,DELIVER IN PERSON,AIR,lites. carefully ironic foxe
41796-1,41796,86,12,1,21.00,20707.68,0.08,0.03,N,O,1998-05-02,1998-02-18,1998-05-28,NONE,REG AIR,quests wake slyly quic
41797-1,41797,1056,62,1,45.00,43067.25,0.06,0.05,N,O,1996-06-08,1996-06-24,1996-07-04,COLLECT COD,TRUCK,"ts. final, express pac"
41797-2,41797,1600,41,2,46.00,69073.60,0.06,0.04,N,O,1996-04-27,1996-05-05,1996-05-26,TAKE BACK RETURN,REG AIR,s instructions boost blithely after the s
41798-1,41798,1938,71,1,18.00,33118.74,0.00,0.02,R,F,1992-11-21,1992-12-17,1992-11-29,NONE,FOB,arefully furio
41798-2,41798,1978,23,2,24.00,45119.28,0.04,0.08,R,F,1992-12-15,1993-02-09,1993-01-14,NONE,AIR,ions detect according to t
41798-3,41798,299,54,3,28.00,33580.12,0.00,0.06,R,F,1993-01-10,1993-01-14,1993-02-07,NONE,SHIP,usly fluffily final ideas. blithely regula
41798-4,41798,1226,64,4,43.00,48470.46,0.04,0.08,A,F,1993-02-06,1993-01-10,1993-03-01,TAKE BACK RETURN,AIR, about the slyly unusual fox
41799-1,41799,53,54,1,2.00,1906.10,0.05,0.03,A,F,1994-10-08,1994-08-23,1994-10-13,DELIVER IN PERSON,AIR,bold deposits. fluffily 
41799-2,41799,1402,81,2,42.00,54742.80,0.09,0.03,R,F,1994-09-09,1994-08-03,1994-10-07,DELIVER IN PERSON,RAIL,ly pending packages. the
41824-1,41824,489,48,1,6.00,8336.88,0.00,0.06,R,F,1993-10-18,1993-09-18,1993-10-23,COLLECT COD,FOB,ermanently ironic foxes. furio
41824-2,41824,1997,86,2,23.00,43676.77,0.06,0.01,A,F,1993-07-26,1993-08-28,1993-08-04,NONE,REG AIR,ular platelets. fluffily ironic
41824-3,41824,1937,70,3,33.00,60684.69,0.06,0.08,A,F,1993-08-09,1993-09-28,1993-08-16,COLLECT COD,FOB, patterns are careful
41824-4,41824,60,61,4,29.00,27841.74,0.10,0.00,A,F,1993-09-24,1993-09-05,1993-10-23,COLLECT COD,MAIL,lites hagg
41824-5,41824,663,64,5,17.00,26582.22,0.10,0.06,A,F,1993-10-14,1993-08-18,1993-10-30,COLLECT COD,FOB,ironic asymptotes use carefully i
41824-6,41824,514,75,6,35.00,49507.85,0.05,0.02,A,F,1993-07-26,1993-08-12,1993-07-28,NONE,AIR,tructions engage f
41824-7,41824,1184,93,7,18.00,19533.24,0.05,0.01,R,F,1993-07-23,1993-08-24,1993-08-07,NONE,FOB,accounts mold blithely fluff
41825-1,41825,406,36,1,2.00,2612.80,0.04,0.03,A,F,1994-10-29,1994-10-20,1994-11-26,DELIVER IN PERSON,RAIL, bravely pend
41825-2,41825,1907,52,2,14.00,25324.60,0.09,0.01,R,F,1994-12-17,1994-10-21,1994-12-21,NONE,SHIP,boost blithely instructions-- decoys
41825-3,41825,789,90,3,39.00,65901.42,0.10,0.08,A,F,1994-09-13,1994-11-17,1994-09-21,NONE,REG AIR, to the fluffily regular asympt
41825-4,41825,738,35,4,18.00,29497.14,0.01,0.05,R,F,1994-12-13,1994-10-27,1994-12-16,COLLECT COD,MAIL,ickly express accounts cajo
41826-1,41826,1415,55,1,37.00,48707.17,0.08,0.03,A,F,1994-02-09,1994-01-08,1994-02-15,TAKE BACK RETURN,RAIL,luffily. slyly sp
41826-2,41826,355,40,2,49.00,61512.15,0.03,0.02,A,F,1994-01-29,1993-11-30,1994-02-22,TAKE BACK RETURN,RAIL,y bold foxe
41826-3,41826,1976,77,3,47.00,88264.59,0.10,0.00,A,F,1993-12-09,1993-12-24,1993-12-10,COLLECT COD,REG AIR,al platelets. even
41826-4,41826,1926,71,4,1.00,1827.92,0.05,0.06,R,F,1993-12-15,1993-12-04,1993-12-26,DELIVER IN PERSON,FOB,y special dependencie
41826-5,41826,1305,44,5,35.00,42220.50,0.06,0.01,A,F,1994-01-02,1993-12-21,1994-01-24,NONE,AIR,he quickly even foxes. fluffi
41827-1,41827,513,14,1,26.00,36751.26,0.08,0.05,N,O,1996-02-16,1996-01-26,1996-02-23,DELIVER IN PERSON,AIR,nstructions. unusual 
41827-2,41827,1162,35,2,13.00,13821.08,0.00,0.07,N,O,1996-01-15,1996-01-08,1996-01-20,TAKE BACK RETURN,REG AIR,nts. blithely special accounts integrate
41828-1,41828,491,50,1,9.00,12523.41,0.04,0.06,N,O,1997-02-23,1997-01-28,1997-03-14,TAKE BACK RETURN,REG AIR,"to beans. even, even "
41829-1,41829,1310,11,1,29.00,35127.99,0.02,0.05,N,O,1997-11-06,1998-01-11,1997-11-27,NONE,RAIL,es after the sly
41829-2,41829,32,58,2,9.00,8388.27,0.00,0.07,N,O,1998-01-08,1998-01-14,1998-01-16,NONE,MAIL,n place of the fluff
41829-3,41829,637,69,3,43.00,66118.09,0.07,0.08,N,O,1997-11-01,1997-12-15,1997-11-26,COLLECT COD,TRUCK,ingly. pinto 
41829-4,41829,1017,53,4,17.00,15606.17,0.06,0.08,N,O,1997-11-22,1997-12-21,1997-12-08,TAKE BACK RETURN,TRUCK,s. daringly 
41829-5,41829,697,60,5,48.00,76689.12,0.01,0.02,N,O,1997-11-01,1998-01-21,1997-11-07,NONE,TRUCK,"eans. even, even instructio"
41829-6,41829,576,77,6,22.00,32484.54,0.03,0.08,N,O,1998-01-26,1998-01-17,1998-02-01,TAKE BACK RETURN,SHIP,the instructions
41830-1,41830,1494,12,1,38.00,53028.62,0.10,0.08,R,F,1992-06-07,1992-04-11,1992-06-26,TAKE BACK RETURN,FOB,according to the
41830-2,41830,355,12,2,42.00,52724.70,0.00,0.01,A,F,1992-05-12,1992-04-12,1992-05-13,COLLECT COD,AIR,deposits. blithely i
41830-3,41830,1898,99,3,46.00,82794.94,0.00,0.01,A,F,1992-02-20,1992-04-16,1992-03-04,TAKE BACK RETURN,AIR,p slyly. sometimes regular ideas affix 
41831-1,41831,168,21,1,22.00,23499.52,0.05,0.01,A,F,1992-08-21,1992-10-05,1992-08-22,COLLECT COD,TRUCK,mong the final excuses nag af
41831-2,41831,1002,38,2,2.00,1806.00,0.07,0.06,R,F,1992-09-10,1992-10-14,1992-10-09,COLLECT COD,TRUCK, carefully regular accounts against t
41831-3,41831,744,77,3,25.00,41118.50,0.10,0.02,A,F,1992-10-08,1992-10-19,1992-10-31,TAKE BACK RETURN,FOB,tes detect carefully quickly pending 
41831-4,41831,1719,62,4,33.00,53483.43,0.05,0.03,A,F,1992-07-30,1992-09-02,1992-08-19,COLLECT COD,SHIP,"s. final, ironic p"
41831-5,41831,1073,79,5,31.00,30196.17,0.00,0.05,A,F,1992-10-26,1992-08-26,1992-11-12,NONE,FOB,"ronic, silent o"
41831-6,41831,1123,24,6,28.00,28675.36,0.01,0.08,R,F,1992-09-26,1992-10-18,1992-10-06,NONE,REG AIR,"ven hockey players: final, careful dependen"
41831-7,41831,1286,24,7,17.00,20183.76,0.08,0.04,A,F,1992-09-30,1992-09-23,1992-10-13,DELIVER IN PERSON,MAIL,sts are furiously among the furiou
41856-1,41856,228,10,1,48.00,54154.56,0.00,0.07,A,F,1993-11-01,1993-10-01,1993-11-12,NONE,FOB,bove the blithely
41857-1,41857,1432,33,1,6.00,8000.58,0.09,0.05,N,O,1995-07-30,1995-07-02,1995-08-04,NONE,AIR,ate quickly. carefully regular req
41857-2,41857,234,89,2,5.00,5671.15,0.08,0.01,N,O,1995-06-29,1995-08-05,1995-07-24,TAKE BACK RETURN,TRUCK,xpress dolphins. pending notornis sleep
41857-3,41857,1917,62,3,41.00,74575.31,0.04,0.04,N,O,1995-07-16,1995-06-29,1995-07-27,TAKE BACK RETURN,AIR,en packages along the blithely regul
41857-4,41857,554,85,4,10.00,14545.50,0.08,0.00,N,O,1995-08-26,1995-08-04,1995-09-22,TAKE BACK RETURN,FOB,n decoys integrate. 
41857-5,41857,1278,90,5,36.00,42453.72,0.02,0.08,N,O,1995-08-26,1995-06-19,1995-09-11,TAKE BACK RETURN,REG AIR,s are doggedly about the care
41858-1,41858,1771,56,1,15.00,25091.55,0.04,0.01,N,O,1998-02-08,1998-01-12,1998-02-12,TAKE BACK RETURN,AIR,eodolites along the
41858-2,41858,976,79,2,13.00,24400.61,0.03,0.01,N,O,1998-04-01,1998-03-01,1998-04-03,DELIVER IN PERSON,AIR,pinto beans are. slyly careful theodolites 
41858-3,41858,482,83,3,15.00,20737.20,0.10,0.06,N,O,1997-12-20,1998-02-04,1998-01-12,DELIVER IN PERSON,TRUCK,lithely. regular
41858-4,41858,1980,81,4,45.00,84689.10,0.05,0.05,N,O,1998-02-23,1998-02-24,1998-03-22,TAKE BACK RETURN,MAIL,e furiously pending accounts haggle expre
41858-5,41858,945,80,5,25.00,46148.50,0.02,0.06,N,O,1998-03-17,1998-01-21,1998-04-06,COLLECT COD,SHIP,nal accounts. final grouches cajole. 
41858-6,41858,1908,97,6,10.00,18099.00,0.03,0.07,N,O,1997-12-12,1998-02-27,1997-12-30,NONE,REG AIR,sts are carefu
41858-7,41858,1872,59,7,42.00,74502.54,0.04,0.01,N,O,1998-03-04,1998-03-03,1998-03-23,DELIVER IN PERSON,FOB,instructions. blithely i
41859-1,41859,620,14,1,10.00,15206.20,0.02,0.05,N,O,1997-06-09,1997-05-18,1997-07-08,NONE,TRUCK, detect furious
41859-2,41859,807,7,2,16.00,27324.80,0.03,0.04,N,O,1997-04-21,1997-04-23,1997-04-28,NONE,AIR,furiously. carefully regular escapa
41859-3,41859,352,9,3,19.00,23794.65,0.00,0.00,N,O,1997-04-18,1997-05-01,1997-05-07,TAKE BACK RETURN,SHIP,eodolites! quickly ironic a
41859-4,41859,474,33,4,29.00,39859.63,0.05,0.02,N,O,1997-05-10,1997-04-22,1997-05-29,COLLECT COD,SHIP,e slyly bold instr
41860-1,41860,1983,16,1,25.00,47124.50,0.05,0.05,N,O,1997-05-26,1997-07-07,1997-06-02,NONE,FOB,nusual deposits h
41861-1,41861,663,57,1,48.00,75055.68,0.09,0.08,A,F,1993-12-02,1994-01-01,1993-12-21,TAKE BACK RETURN,REG AIR,into beans hang furiously along 
41861-2,41861,96,72,2,21.00,20917.89,0.10,0.05,R,F,1993-12-12,1994-02-16,1993-12-21,NONE,SHIP,thinly regular dependencies dazzle
41861-3,41861,613,14,3,42.00,63571.62,0.09,0.05,R,F,1994-02-22,1994-01-14,1994-02-24,TAKE BACK RETURN,MAIL,le furiously. dogged requests above t
41861-4,41861,299,27,4,44.00,52768.76,0.09,0.05,R,F,1994-03-27,1993-12-29,1994-04-07,NONE,MAIL,g about the f
41861-5,41861,1991,80,5,15.00,28394.85,0.06,0.03,A,F,1993-12-20,1994-01-04,1994-01-10,NONE,FOB,. ironic instructions run alon
41861-6,41861,217,99,6,26.00,29047.46,0.09,0.02,R,F,1994-03-17,1994-01-11,1994-04-01,NONE,MAIL,ly regular requests. p
41862-1,41862,1608,32,1,8.00,12076.80,0.05,0.00,N,O,1997-02-17,1997-03-14,1997-03-02,COLLECT COD,FOB,s. quickly spec
41862-2,41862,1900,1,2,41.00,73877.90,0.09,0.08,N,O,1997-05-08,1997-03-03,1997-06-03,COLLECT COD,TRUCK,he carefull
41862-3,41862,1295,33,3,4.00,4785.16,0.09,0.00,N,O,1997-03-08,1997-03-15,1997-03-15,TAKE BACK RETURN,MAIL,l pains-- furiously ironic asymp
41862-4,41862,1997,42,4,19.00,36080.81,0.06,0.06,N,O,1997-05-01,1997-03-25,1997-05-18,TAKE BACK RETURN,FOB,refully ironic ideas run 
41862-5,41862,1987,76,5,22.00,41557.56,0.08,0.08,N,O,1997-03-06,1997-04-09,1997-03-25,NONE,SHIP,ly unusual 
41862-6,41862,1648,90,6,22.00,34092.08,0.02,0.00,N,O,1997-03-10,1997-04-08,1997-04-09,DELIVER IN PERSON,AIR, slyly among the unusua
41862-7,41862,276,77,7,14.00,16467.78,0.06,0.05,N,O,1997-04-01,1997-03-09,1997-04-19,TAKE BACK RETURN,SHIP,"ts. final, final accounts would are careful"
41863-1,41863,1404,83,1,44.00,57437.60,0.03,0.00,N,O,1996-02-19,1996-03-30,1996-03-18,NONE,FOB, ruthless pinto beans. furiously reg
41863-2,41863,382,83,2,36.00,46165.68,0.01,0.08,N,O,1996-01-09,1996-03-04,1996-01-15,COLLECT COD,FOB,y express excuses wake. forges 
41888-1,41888,68,69,1,17.00,16457.02,0.03,0.07,A,F,1994-06-29,1994-04-10,1994-07-06,COLLECT COD,REG AIR, regular pi
41888-2,41888,1646,70,2,34.00,52619.76,0.07,0.08,A,F,1994-04-12,1994-05-30,1994-05-06,COLLECT COD,RAIL,rbits are fluffily again
41888-3,41888,873,74,3,44.00,78050.28,0.08,0.01,A,F,1994-04-10,1994-05-14,1994-04-21,DELIVER IN PERSON,RAIL,deposits? i
41888-4,41888,1275,87,4,22.00,25877.94,0.10,0.04,A,F,1994-06-29,1994-05-26,1994-07-12,NONE,RAIL,t the blithely blithe ideas. pack
41888-5,41888,326,27,5,22.00,26979.04,0.06,0.02,A,F,1994-04-17,1994-04-18,1994-04-26,TAKE BACK RETURN,RAIL,p carefully along
41888-6,41888,1822,66,6,16.00,27581.12,0.08,0.00,A,F,1994-04-18,1994-05-07,1994-05-06,TAKE BACK RETURN,FOB,into beans. furiou
41889-1,41889,194,21,1,44.00,48144.36,0.08,0.03,A,F,1994-10-10,1994-11-10,1994-11-01,TAKE BACK RETURN,RAIL, thinly unusual accounts nag along 
41889-2,41889,456,44,2,48.00,65109.60,0.10,0.02,A,F,1994-11-21,1994-11-27,1994-11-29,COLLECT COD,SHIP,about the carefully bold accounts. pendi
41889-3,41889,1431,71,3,31.00,41305.33,0.08,0.01,A,F,1994-12-11,1994-11-22,1994-12-29,COLLECT COD,TRUCK,ending requests hinder regula
41889-4,41889,584,85,4,45.00,66806.10,0.02,0.04,A,F,1994-09-25,1994-11-19,1994-09-29,NONE,FOB, ironic warthogs
41889-5,41889,772,73,5,29.00,48510.33,0.04,0.01,R,F,1994-10-14,1994-12-03,1994-11-02,COLLECT COD,REG AIR,ve. fluffily special foxes haggle c
41890-1,41890,78,29,1,15.00,14671.05,0.05,0.05,R,F,1993-02-23,1993-02-15,1993-03-02,DELIVER IN PERSON,TRUCK, above the blithely ironic accounts.
41890-2,41890,530,31,2,47.00,67234.91,0.07,0.00,R,F,1993-02-06,1993-03-07,1993-02-16,DELIVER IN PERSON,TRUCK,ly ironic accounts cajole furiously. blit
41890-3,41890,1383,98,3,47.00,60365.86,0.08,0.02,R,F,1993-04-21,1993-03-16,1993-05-13,COLLECT COD,MAIL,al deposits. furiously blithe excuses c
41890-4,41890,1349,26,4,9.00,11253.06,0.07,0.02,R,F,1993-01-17,1993-03-21,1993-02-05,DELIVER IN PERSON,MAIL,counts. furio
41890-5,41890,579,70,5,30.00,44387.10,0.00,0.04,R,F,1993-02-01,1993-02-17,1993-02-07,DELIVER IN PERSON,MAIL, fluffily amon
41891-1,41891,1365,66,1,39.00,49388.04,0.09,0.05,N,O,1995-08-10,1995-07-12,1995-09-02,NONE,AIR,ress pearls abo
41891-2,41891,953,22,2,26.00,48202.70,0.00,0.06,N,O,1995-09-15,1995-07-20,1995-09-24,COLLECT COD,REG AIR, sometimes. carefully bold foxes haggle aro
41891-3,41891,931,34,3,31.00,56789.83,0.05,0.00,N,O,1995-07-19,1995-08-16,1995-08-17,TAKE BACK RETURN,REG AIR,nd the furiously unusu
41891-4,41891,183,10,4,36.00,38994.48,0.09,0.03,N,O,1995-08-29,1995-06-30,1995-09-09,COLLECT COD,RAIL,special requests cajole blithely accord
41891-5,41891,1776,77,5,3.00,5033.31,0.00,0.02,N,O,1995-09-15,1995-08-08,1995-10-05,DELIVER IN PERSON,AIR,y brave instructions. asymptotes 
41891-6,41891,1914,47,6,31.00,56293.21,0.04,0.03,N,O,1995-08-17,1995-07-10,1995-09-14,TAKE BACK RETURN,AIR,platelets wake furiously. carefully pe
41892-1,41892,1142,15,1,25.00,26078.50,0.10,0.05,N,O,1996-08-23,1996-08-26,1996-09-08,NONE,AIR,ar waters. fluffily 
41892-2,41892,1270,45,2,47.00,55049.69,0.07,0.00,N,O,1996-11-12,1996-10-12,1996-12-09,DELIVER IN PERSON,FOB,. accounts s
41892-3,41892,437,67,3,8.00,10699.44,0.02,0.00,N,O,1996-07-25,1996-09-30,1996-07-26,DELIVER IN PERSON,REG AIR, the express 
41892-4,41892,31,57,4,35.00,32586.05,0.07,0.04,N,O,1996-09-26,1996-10-06,1996-10-11,DELIVER IN PERSON,RAIL,d packages! special dependencie
41892-5,41892,774,39,5,29.00,48568.33,0.03,0.01,N,O,1996-07-24,1996-09-01,1996-08-07,NONE,RAIL,p furiously silent 
41892-6,41892,269,51,6,21.00,24554.46,0.05,0.03,N,O,1996-09-11,1996-10-03,1996-09-19,TAKE BACK RETURN,TRUCK,equests wake slowly furious
41892-7,41892,220,2,7,35.00,39207.70,0.07,0.02,N,O,1996-10-26,1996-10-19,1996-11-08,COLLECT COD,FOB,e carefully express de
41893-1,41893,821,88,1,36.00,61985.52,0.03,0.01,N,O,1996-07-09,1996-06-25,1996-07-27,TAKE BACK RETURN,SHIP,uickly blithely 
41893-2,41893,1456,35,2,11.00,14931.95,0.08,0.07,N,O,1996-05-16,1996-05-26,1996-05-24,DELIVER IN PERSON,FOB, unusual instructions. ideas haggle s
41893-3,41893,1351,52,3,4.00,5009.40,0.08,0.01,N,O,1996-08-04,1996-06-26,1996-08-17,DELIVER IN PERSON,TRUCK,tructions about 
41894-1,41894,1576,77,1,27.00,39894.39,0.07,0.07,N,O,1998-09-25,1998-09-19,1998-10-17,DELIVER IN PERSON,AIR, bold packages. ideas wake final requests
41895-1,41895,144,23,1,46.00,48030.44,0.05,0.00,R,F,1995-03-14,1995-04-08,1995-04-07,DELIVER IN PERSON,REG AIR,n are furiously ac
41895-2,41895,1354,93,2,28.00,35149.80,0.05,0.08,A,F,1995-04-25,1995-03-13,1995-05-07,DELIVER IN PERSON,REG AIR,sly. requests alongside of the 
41895-3,41895,1041,12,3,6.00,5652.24,0.08,0.01,A,F,1995-02-15,1995-04-02,1995-03-10,DELIVER IN PERSON,TRUCK,"c asymptotes haggle even, unus"
41920-1,41920,1316,55,1,35.00,42605.85,0.02,0.01,N,O,1998-08-27,1998-09-27,1998-09-11,COLLECT COD,AIR,lthily even pinto beans do
41920-2,41920,1173,10,2,44.00,47263.48,0.00,0.04,N,O,1998-11-07,1998-09-14,1998-11-24,NONE,RAIL,ometimes besides the final m
41921-1,41921,1489,29,1,39.00,54228.72,0.06,0.01,R,F,1992-05-12,1992-04-15,1992-05-29,NONE,TRUCK,r the pinto beans. furiously regular d
41921-2,41921,131,84,2,36.00,37120.68,0.02,0.00,R,F,1992-03-14,1992-05-18,1992-03-21,NONE,RAIL,"ess, ironic fo"
41921-3,41921,1483,62,3,19.00,26305.12,0.08,0.06,A,F,1992-06-02,1992-05-10,1992-07-01,TAKE BACK RETURN,REG AIR, beans. ironic theodolite
41922-1,41922,647,10,1,47.00,72739.08,0.08,0.06,R,F,1993-10-15,1993-12-15,1993-10-30,NONE,RAIL,al foxes acr
41922-2,41922,1230,5,2,36.00,40724.28,0.01,0.03,R,F,1994-01-13,1993-11-27,1994-01-24,TAKE BACK RETURN,MAIL,"ly according to the special, ironic d"
41922-3,41922,1956,45,3,14.00,26011.30,0.04,0.04,R,F,1993-11-07,1993-11-04,1993-11-09,DELIVER IN PERSON,AIR,ages despite the r
41922-4,41922,361,18,4,13.00,16397.68,0.08,0.02,A,F,1993-11-05,1993-12-03,1993-11-27,DELIVER IN PERSON,AIR,"equests are blithely. special, iron"
41923-1,41923,1777,62,1,49.00,82259.73,0.09,0.06,N,O,1996-09-22,1996-08-31,1996-10-16,DELIVER IN PERSON,FOB,inst the furi
41923-2,41923,913,48,2,11.00,19953.01,0.00,0.01,N,O,1996-10-15,1996-09-20,1996-11-12,COLLECT COD,AIR,ges sleep fluffily i
41923-3,41923,166,45,3,29.00,30918.64,0.02,0.05,N,O,1996-10-02,1996-09-14,1996-10-07,DELIVER IN PERSON,FOB, after the silent accounts. thin forges
41923-4,41923,1099,100,4,18.00,18001.62,0.03,0.07,N,O,1996-10-09,1996-09-26,1996-11-01,COLLECT COD,TRUCK,"s. silent, ironic escapades use"
41923-5,41923,589,80,5,10.00,14895.80,0.08,0.08,N,O,1996-07-25,1996-08-27,1996-07-30,COLLECT COD,SHIP,o beans cajole furiou
41923-6,41923,107,34,6,32.00,32227.20,0.10,0.02,N,O,1996-10-25,1996-09-13,1996-11-16,NONE,SHIP,cording to the quickly blithe pinto beans.
41924-1,41924,1140,49,1,23.00,23946.22,0.00,0.07,N,O,1995-08-23,1995-07-23,1995-09-15,DELIVER IN PERSON,RAIL,lphins haggle quickly quickly regu
41924-2,41924,1775,60,2,31.00,51979.87,0.07,0.00,N,O,1995-09-03,1995-08-08,1995-09-07,COLLECT COD,RAIL,ecial grouches. 
41925-1,41925,1758,1,1,27.00,44813.25,0.05,0.02,N,O,1997-04-09,1997-04-05,1997-05-08,NONE,FOB,"ix slyly alongside of the final, fi"
41926-1,41926,1872,59,1,26.00,46120.62,0.05,0.07,R,F,1995-03-20,1995-04-07,1995-03-24,COLLECT COD,SHIP,. asymptotes sleep carefully accordin
41926-2,41926,1062,98,2,16.00,15408.96,0.00,0.05,R,F,1995-04-23,1995-04-26,1995-05-12,TAKE BACK RETURN,SHIP,"onic deposits eat quickly after the final,"
41926-3,41926,426,56,3,37.00,49077.54,0.08,0.04,A,F,1995-05-31,1995-04-29,1995-06-10,TAKE BACK RETURN,REG AIR,he quickly final excuses. 
41926-4,41926,1967,12,4,29.00,54199.84,0.00,0.02,R,F,1995-03-26,1995-04-03,1995-04-03,TAKE BACK RETURN,MAIL,"uses wake slyly. special, ironic theodoli"
41926-5,41926,147,48,5,22.00,23037.08,0.05,0.00,A,F,1995-04-12,1995-04-27,1995-04-15,TAKE BACK RETURN,MAIL, use fluffily. even foxes detect quickly 
41927-1,41927,1785,70,1,26.00,43856.28,0.05,0.02,R,F,1992-07-25,1992-08-30,1992-08-13,DELIVER IN PERSON,REG AIR,usly above the bravely ironic theodo
41952-1,41952,785,82,1,43.00,72488.54,0.00,0.02,A,F,1993-09-29,1993-09-23,1993-10-17,NONE,SHIP,"es sleep blithely. regular, regular account"
41952-2,41952,1202,14,2,40.00,44128.00,0.09,0.01,A,F,1993-10-14,1993-10-13,1993-10-31,DELIVER IN PERSON,TRUCK,nstructions. slyly ironic acc
41952-3,41952,1354,93,3,40.00,50214.00,0.09,0.07,R,F,1993-08-30,1993-09-29,1993-09-25,COLLECT COD,MAIL,ests. special
41952-4,41952,218,73,4,26.00,29073.46,0.04,0.08,A,F,1993-11-04,1993-09-10,1993-11-07,TAKE BACK RETURN,TRUCK, furiously along
41953-1,41953,212,40,1,36.00,40039.56,0.00,0.08,N,O,1997-10-19,1997-10-15,1997-11-11,TAKE BACK RETURN,RAIL,ong the slyly final theodolites. even pint
41954-1,41954,1087,23,1,25.00,24702.00,0.08,0.05,N,O,1996-06-18,1996-07-03,1996-07-04,DELIVER IN PERSON,REG AIR,ut the furiously bold theodolites hagg
41954-2,41954,152,53,2,16.00,16834.40,0.01,0.06,N,O,1996-06-03,1996-06-30,1996-07-03,NONE,FOB,. enticingly regular dependencie
41954-3,41954,1539,20,3,9.00,12964.77,0.10,0.00,N,O,1996-07-14,1996-07-30,1996-08-12,DELIVER IN PERSON,AIR,s sleep blithely across the slyly r
41954-4,41954,1373,12,4,6.00,7646.22,0.07,0.05,N,O,1996-05-23,1996-07-06,1996-05-31,DELIVER IN PERSON,REG AIR,ithely after the r
41954-5,41954,143,44,5,31.00,32337.34,0.01,0.03,N,O,1996-08-19,1996-07-24,1996-09-18,DELIVER IN PERSON,RAIL, furiously 
41954-6,41954,978,13,6,1.00,1878.97,0.01,0.05,N,O,1996-07-21,1996-07-08,1996-08-17,COLLECT COD,AIR,slyly even theodolites. bold accoun
41955-1,41955,1237,12,1,29.00,33008.67,0.05,0.05,N,O,1995-07-18,1995-06-10,1995-08-01,TAKE BACK RETURN,FOB, requests. furiously even instr
41955-2,41955,1591,32,2,50.00,74629.50,0.02,0.04,R,F,1995-05-30,1995-06-15,1995-06-02,TAKE BACK RETURN,TRUCK,ly regular 
41955-3,41955,540,31,3,44.00,63383.76,0.10,0.04,N,O,1995-06-27,1995-06-25,1995-07-11,NONE,FOB,oss the furiously pending dep
41955-4,41955,40,16,4,20.00,18800.80,0.01,0.01,R,F,1995-04-12,1995-06-06,1995-04-24,COLLECT COD,MAIL, pending accounts. furiously ironic 
41955-5,41955,224,79,5,33.00,37099.26,0.01,0.04,N,O,1995-06-20,1995-06-26,1995-06-22,TAKE BACK RETURN,TRUCK,"lar accounts use furiously unusual, un"
41955-6,41955,996,31,6,18.00,34145.82,0.00,0.08,R,F,1995-04-27,1995-06-21,1995-05-21,NONE,REG AIR,lithely iro
41955-7,41955,1800,27,7,20.00,34036.00,0.05,0.07,N,O,1995-07-06,1995-06-23,1995-07-18,TAKE BACK RETURN,REG AIR,blithely regular theodo
41956-1,41956,1524,25,1,6.00,8553.12,0.06,0.01,N,O,1996-03-24,1996-02-03,1996-04-15,COLLECT COD,AIR,alongside of the iro
41956-2,41956,1983,84,2,13.00,24504.74,0.07,0.03,N,O,1996-03-09,1996-01-23,1996-03-14,NONE,FOB,leep slyly requests. never bold foxes wak
41956-3,41956,809,9,3,10.00,17098.00,0.07,0.05,N,O,1996-04-08,1996-03-05,1996-05-04,COLLECT COD,RAIL,e slowly. fluf
41956-4,41956,443,31,4,5.00,6717.20,0.03,0.08,N,O,1996-01-01,1996-03-03,1996-01-22,DELIVER IN PERSON,TRUCK,ounts wake carefully furiously even foxes.
41956-5,41956,715,80,5,44.00,71091.24,0.08,0.08,N,O,1996-03-14,1996-02-03,1996-03-31,TAKE BACK RETURN,AIR,requests; doggedly silent foxes a
41956-6,41956,875,42,6,24.00,42620.88,0.04,0.06,N,O,1995-12-14,1996-03-03,1995-12-18,DELIVER IN PERSON,REG AIR,to beans are. asymptote
41957-1,41957,289,44,1,34.00,40435.52,0.01,0.03,N,O,1998-04-08,1998-03-06,1998-04-26,DELIVER IN PERSON,RAIL,de of the blithe
41957-2,41957,1616,58,2,24.00,36422.64,0.02,0.08,N,O,1998-03-05,1998-03-14,1998-03-30,NONE,TRUCK,uriously. car
41957-3,41957,205,6,3,49.00,54154.80,0.02,0.06,N,O,1998-04-16,1998-02-17,1998-05-05,NONE,MAIL,usual accounts. carefully regular p
41957-4,41957,580,41,4,48.00,71067.84,0.01,0.02,N,O,1998-01-03,1998-02-03,1998-01-21,TAKE BACK RETURN,REG AIR,leep furiously against the inst
41957-5,41957,1200,37,5,26.00,28631.20,0.08,0.06,N,O,1998-03-03,1998-03-03,1998-03-15,TAKE BACK RETURN,SHIP,slyly regular platelets ar
41957-6,41957,1158,95,6,18.00,19064.70,0.09,0.03,N,O,1998-03-27,1998-02-17,1998-03-31,DELIVER IN PERSON,FOB,p quickly across the ironic packages. packa
41958-1,41958,1794,95,1,13.00,22045.27,0.08,0.00,N,O,1997-06-15,1997-07-26,1997-07-10,NONE,REG AIR,er the slyly careful do
41958-2,41958,1600,21,2,37.00,55559.20,0.02,0.02,N,O,1997-06-07,1997-07-04,1997-06-27,COLLECT COD,AIR,lyly across the bravel
41958-3,41958,959,28,3,21.00,39058.95,0.04,0.06,N,O,1997-07-20,1997-07-08,1997-07-26,NONE,AIR,ns run blithely! careful
41958-4,41958,470,58,4,24.00,32891.28,0.05,0.08,N,O,1997-06-02,1997-07-31,1997-07-02,NONE,TRUCK,s according to th
41958-5,41958,549,10,5,32.00,46385.28,0.09,0.02,N,O,1997-07-25,1997-07-29,1997-08-18,NONE,MAIL,endencies. iron
41958-6,41958,1620,21,6,35.00,53256.70,0.06,0.00,N,O,1997-09-01,1997-07-22,1997-09-18,DELIVER IN PERSON,SHIP,ermanently even a
41958-7,41958,793,94,7,4.00,6775.16,0.09,0.03,N,O,1997-09-14,1997-08-20,1997-09-30,TAKE BACK RETURN,REG AIR,each according to the s
41959-1,41959,1894,24,1,3.00,5387.67,0.03,0.07,R,F,1993-05-15,1993-07-23,1993-06-01,DELIVER IN PERSON,REG AIR,ent deposits haggle quickly according
41959-2,41959,111,38,2,38.00,38422.18,0.04,0.05,A,F,1993-08-01,1993-06-17,1993-08-17,TAKE BACK RETURN,FOB, stealthily regular dependencies b
41959-3,41959,1561,42,3,47.00,68740.32,0.06,0.07,A,F,1993-06-17,1993-06-20,1993-07-14,NONE,REG AIR,s along the blithely ironic excuses affix 
41984-1,41984,500,88,1,28.00,39214.00,0.06,0.02,N,O,1997-02-23,1997-04-29,1997-02-26,DELIVER IN PERSON,FOB,onic dolphins grow fluffily. furious
41984-2,41984,1824,25,2,40.00,69032.80,0.07,0.06,N,O,1997-03-18,1997-04-28,1997-04-10,NONE,REG AIR,y unusual packages cajole f
41984-3,41984,1914,3,3,42.00,76268.22,0.00,0.08,N,O,1997-03-15,1997-04-27,1997-04-01,TAKE BACK RETURN,TRUCK,to beans are closely across the q
41985-1,41985,710,75,1,8.00,12885.68,0.04,0.00,N,O,1996-09-29,1996-09-30,1996-10-05,DELIVER IN PERSON,RAIL,express packages haggle c
41985-2,41985,1028,99,2,33.00,30657.66,0.00,0.00,N,O,1996-09-28,1996-09-07,1996-10-23,NONE,RAIL,lites-- furiousl
41985-3,41985,1144,53,3,24.00,25083.36,0.02,0.08,N,O,1996-11-08,1996-08-16,1996-12-03,TAKE BACK RETURN,SHIP," regular, even packages about the c"
41985-4,41985,308,9,4,33.00,39873.90,0.07,0.07,N,O,1996-09-16,1996-09-13,1996-10-04,TAKE BACK RETURN,AIR,ven deposits 
41985-5,41985,1409,10,5,1.00,1310.40,0.01,0.02,N,O,1996-08-29,1996-09-15,1996-09-02,DELIVER IN PERSON,MAIL, haggle above the furiously p
41985-6,41985,1301,40,6,11.00,13225.30,0.03,0.05,N,O,1996-07-20,1996-10-08,1996-08-16,TAKE BACK RETURN,FOB,cial grouches wake slyly. express
41985-7,41985,1516,57,7,44.00,62370.44,0.06,0.06,N,O,1996-10-19,1996-09-02,1996-11-17,TAKE BACK RETURN,REG AIR,onic deposits. carefully pending requests h
41986-1,41986,1632,56,1,27.00,41408.01,0.01,0.08,A,F,1993-03-14,1993-04-24,1993-04-02,COLLECT COD,TRUCK,ckly final accou
41986-2,41986,358,87,2,44.00,55367.40,0.03,0.06,R,F,1993-03-31,1993-04-10,1993-04-20,COLLECT COD,FOB,s. pending packages sleep quickly fi
41987-1,41987,1454,33,1,2.00,2710.90,0.10,0.01,N,O,1996-02-04,1995-12-14,1996-02-18,COLLECT COD,MAIL,furiously ex
41987-2,41987,1167,40,2,12.00,12817.92,0.08,0.04,N,O,1995-10-25,1995-11-28,1995-11-05,TAKE BACK RETURN,AIR,se quickly according to 
41987-3,41987,1510,11,3,14.00,19761.14,0.10,0.04,N,O,1995-12-17,1996-01-10,1995-12-20,NONE,RAIL,packages. fina
41987-4,41987,443,44,4,15.00,20151.60,0.07,0.05,N,O,1995-11-26,1995-12-08,1995-12-08,TAKE BACK RETURN,SHIP,ts from the asymptotes wak
41987-5,41987,551,82,5,22.00,31934.10,0.05,0.08,N,O,1996-01-23,1996-01-10,1996-02-08,DELIVER IN PERSON,REG AIR,es affix pending foxes. permanently regul
41987-6,41987,1240,15,6,35.00,39943.40,0.02,0.01,N,O,1995-12-26,1995-12-24,1996-01-07,DELIVER IN PERSON,SHIP,ly blithely
41987-7,41987,1245,83,7,10.00,11462.40,0.07,0.02,N,O,1995-12-05,1995-12-31,1995-12-14,NONE,RAIL,to cajole quickly fur
41988-1,41988,170,71,1,46.00,49227.82,0.03,0.08,A,F,1994-03-24,1994-03-07,1994-04-07,NONE,REG AIR,ideas boost quickly carefully final ide
41988-2,41988,1844,74,2,28.00,48883.52,0.10,0.05,A,F,1994-02-07,1994-04-02,1994-02-19,DELIVER IN PERSON,AIR,sias. deposits
41988-3,41988,666,67,3,1.00,1566.66,0.01,0.03,R,F,1994-03-03,1994-05-02,1994-03-16,TAKE BACK RETURN,FOB,atelets. quickly special inst
41988-4,41988,919,54,4,46.00,83715.86,0.09,0.05,R,F,1994-03-08,1994-03-08,1994-03-17,TAKE BACK RETURN,RAIL, the furiously final theodolites. asymptote
41988-5,41988,588,49,5,49.00,72940.42,0.10,0.04,A,F,1994-02-22,1994-03-18,1994-03-07,COLLECT COD,AIR,kly ironic requests cajole ca
41988-6,41988,801,35,6,39.00,66370.20,0.10,0.07,A,F,1994-05-17,1994-04-17,1994-06-03,DELIVER IN PERSON,MAIL,usly even theodolites above th
41989-1,41989,1026,62,1,4.00,3708.08,0.10,0.08,A,F,1993-07-15,1993-06-26,1993-08-09,NONE,AIR,quickly ironi
41989-2,41989,1446,25,2,46.00,61982.24,0.05,0.01,R,F,1993-07-17,1993-05-13,1993-07-28,COLLECT COD,TRUCK,ourts; furiousl
41990-1,41990,181,60,1,1.00,1081.18,0.10,0.01,N,O,1997-07-28,1997-08-05,1997-08-02,DELIVER IN PERSON,MAIL,usly around
41990-2,41990,804,5,2,45.00,76716.00,0.04,0.02,N,O,1997-08-21,1997-08-23,1997-08-28,COLLECT COD,TRUCK,ly stealthy instructions above the quickly
41990-3,41990,1495,96,3,36.00,50273.64,0.05,0.03,N,O,1997-08-22,1997-08-13,1997-09-08,TAKE BACK RETURN,AIR,al excuses. ideas haggle evenly r
41990-4,41990,390,75,4,37.00,47744.43,0.06,0.05,N,O,1997-07-16,1997-08-01,1997-07-25,NONE,MAIL,thely pending in
41990-5,41990,648,11,5,7.00,10840.48,0.01,0.02,N,O,1997-07-31,1997-08-16,1997-08-04,NONE,FOB, of the frets. slyly fin
41990-6,41990,1277,15,6,32.00,37704.64,0.03,0.01,N,O,1997-08-27,1997-07-16,1997-09-15,TAKE BACK RETURN,RAIL,theodolites; epitap
41991-1,41991,1561,42,1,11.00,16088.16,0.02,0.02,N,O,1996-02-20,1996-01-23,1996-03-20,NONE,SHIP,r accounts sle
41991-2,41991,1932,33,2,30.00,55017.90,0.10,0.06,N,O,1996-01-18,1996-02-02,1996-02-02,TAKE BACK RETURN,TRUCK,fully regular accoun
41991-3,41991,1463,81,3,4.00,5457.84,0.00,0.05,N,O,1996-03-11,1996-02-20,1996-03-27,TAKE BACK RETURN,AIR,ular requests sleep b
41991-4,41991,1881,82,4,46.00,82012.48,0.10,0.07,N,O,1996-01-17,1996-02-10,1996-02-01,NONE,RAIL,telets. fluffily final pack
41991-5,41991,1017,18,5,46.00,42228.46,0.03,0.05,N,O,1996-01-28,1996-01-20,1996-01-31,TAKE BACK RETURN,MAIL,usy ideas wake fluffily quickly 
41991-6,41991,1486,87,6,25.00,34687.00,0.01,0.04,N,O,1996-02-26,1996-02-17,1996-03-20,NONE,SHIP, carefully even grouch
42016-1,42016,754,51,1,32.00,52952.00,0.00,0.07,A,F,1993-10-01,1993-09-13,1993-10-19,COLLECT COD,AIR,alms-- blithely final packages around
42016-2,42016,360,61,2,48.00,60497.28,0.03,0.01,A,F,1993-08-16,1993-09-06,1993-08-26,DELIVER IN PERSON,SHIP,ecial packages. carefully final 
42016-3,42016,1931,76,3,8.00,14663.44,0.05,0.08,R,F,1993-11-03,1993-10-01,1993-12-01,COLLECT COD,RAIL,yly across th
42016-4,42016,1932,21,4,25.00,45848.25,0.04,0.01,R,F,1993-09-17,1993-09-11,1993-10-01,DELIVER IN PERSON,FOB,tructions. requests grow fin
42016-5,42016,278,60,5,15.00,17674.05,0.09,0.05,A,F,1993-08-07,1993-09-15,1993-09-04,DELIVER IN PERSON,TRUCK,hless accounts.
42017-1,42017,1259,71,1,13.00,15083.25,0.06,0.04,N,O,1995-09-15,1995-08-09,1995-10-14,NONE,AIR,y above the unu
42017-2,42017,353,54,2,36.00,45120.60,0.05,0.01,N,O,1995-08-01,1995-08-08,1995-08-07,DELIVER IN PERSON,FOB,s after the slyly ironic pi
42017-3,42017,144,45,3,44.00,45942.16,0.09,0.06,N,O,1995-09-28,1995-08-23,1995-10-13,NONE,AIR,ccounts. quickly specia
42017-4,42017,1599,100,4,7.00,10504.13,0.06,0.02,R,F,1995-06-02,1995-08-12,1995-06-16,DELIVER IN PERSON,SHIP,sts. fluffily thin packages use about the
42018-1,42018,701,2,1,1.00,1601.70,0.10,0.07,N,O,1996-11-29,1996-11-12,1996-12-14,DELIVER IN PERSON,AIR,sual dolphins. w
42018-2,42018,590,21,2,14.00,20868.26,0.04,0.04,N,O,1997-01-16,1996-11-12,1997-02-05,NONE,TRUCK,s cajole until the carefully 
42018-3,42018,1374,13,3,35.00,44637.95,0.08,0.02,N,O,1996-09-27,1996-12-14,1996-10-27,NONE,AIR,st the theodol
42018-4,42018,206,88,4,43.00,47566.60,0.02,0.08,N,O,1996-12-17,1996-11-18,1996-12-21,COLLECT COD,RAIL,osits hang slyly aga
42019-1,42019,564,65,1,35.00,51259.60,0.07,0.08,N,O,1997-09-16,1997-07-28,1997-09-20,COLLECT COD,SHIP,cial dependencies. slyly darin
42020-1,42020,814,81,1,44.00,75451.64,0.09,0.00,N,O,1995-07-04,1995-06-16,1995-07-24,DELIVER IN PERSON,REG AIR,deposits sleep s
42020-2,42020,1443,61,2,3.00,4033.32,0.01,0.03,N,O,1995-06-24,1995-05-21,1995-06-25,DELIVER IN PERSON,MAIL,hely express reque
42020-3,42020,1361,38,3,8.00,10098.88,0.05,0.03,N,O,1995-07-12,1995-05-30,1995-07-21,NONE,REG AIR,cross the caref
42020-4,42020,1278,16,4,9.00,10613.43,0.06,0.00,N,O,1995-06-28,1995-06-15,1995-07-11,DELIVER IN PERSON,FOB, bold deposits. blithely fina
42020-5,42020,1839,40,5,8.00,13926.64,0.02,0.01,N,O,1995-06-20,1995-04-21,1995-06-22,COLLECT COD,TRUCK,al requests poach. slyly bold 
42021-1,42021,1870,71,1,33.00,58471.71,0.10,0.07,N,O,1996-07-18,1996-08-05,1996-07-21,COLLECT COD,REG AIR,nts. sentiments sleep flu
42021-2,42021,740,5,2,43.00,70551.82,0.08,0.07,N,O,1996-07-08,1996-09-09,1996-07-30,DELIVER IN PERSON,REG AIR,ites. carefully regul
42021-3,42021,1212,87,3,38.00,42301.98,0.00,0.01,N,O,1996-08-07,1996-07-17,1996-09-02,COLLECT COD,AIR,the even excuses haggle carefu
42021-4,42021,224,79,4,40.00,44968.80,0.04,0.05,N,O,1996-07-18,1996-09-08,1996-08-12,DELIVER IN PERSON,TRUCK, the carefully final som
42022-1,42022,1932,33,1,19.00,34844.67,0.05,0.01,A,F,1994-10-03,1994-12-14,1994-10-14,TAKE BACK RETURN,AIR,ly slyly ironic sheaves
42022-2,42022,354,11,2,13.00,16306.55,0.01,0.07,A,F,1994-10-17,1994-12-15,1994-11-03,COLLECT COD,TRUCK,nal accounts
42022-3,42022,640,41,3,4.00,6162.56,0.10,0.05,R,F,1995-01-12,1994-12-21,1995-01-26,COLLECT COD,MAIL,s. ironic deposits wake accord
42022-4,42022,400,85,4,10.00,13004.00,0.10,0.02,R,F,1994-11-11,1994-12-17,1994-12-04,TAKE BACK RETURN,REG AIR,l theodolites. slyly unusual pa
42023-1,42023,150,77,1,50.00,52507.50,0.06,0.06,R,F,1992-11-12,1992-11-09,1992-12-10,DELIVER IN PERSON,REG AIR,ic theodolites cajole carefully. careful
42023-2,42023,215,16,2,47.00,52414.87,0.01,0.02,A,F,1992-11-29,1992-12-04,1992-12-27,DELIVER IN PERSON,RAIL, fluffily regular as
42023-3,42023,450,9,3,10.00,13504.50,0.02,0.07,R,F,1993-01-05,1992-12-10,1993-02-02,TAKE BACK RETURN,SHIP,lly carefully ironic packages. quic
42023-4,42023,486,87,4,18.00,24956.64,0.05,0.01,A,F,1992-10-30,1992-10-30,1992-11-23,TAKE BACK RETURN,MAIL,ending accounts are furio
42048-1,42048,998,1,1,37.00,70262.63,0.01,0.00,N,O,1995-12-12,1995-11-09,1996-01-08,COLLECT COD,AIR,al accounts lose bold plat
42048-2,42048,1520,61,2,49.00,69654.48,0.07,0.02,N,O,1995-11-16,1995-12-02,1995-12-12,DELIVER IN PERSON,TRUCK,"ular, blithe pinto beans. express platelet"
42048-3,42048,164,43,3,12.00,12769.92,0.02,0.07,N,O,1995-10-22,1995-12-24,1995-11-11,NONE,AIR,ently furious ideas maintain. slyly ironic 
42048-4,42048,429,88,4,34.00,45200.28,0.02,0.06,N,O,1995-10-16,1996-01-01,1995-11-15,NONE,RAIL,deposits. slyly unusual asy
42048-5,42048,42,93,5,44.00,41449.76,0.05,0.01,N,O,1996-02-08,1995-11-23,1996-03-05,NONE,AIR,eposits. s
42049-1,42049,1825,69,1,26.00,44897.32,0.10,0.04,N,O,1997-11-14,1997-10-18,1997-12-04,COLLECT COD,TRUCK,s are bold excuses. express requ
42049-2,42049,78,29,2,25.00,24451.75,0.05,0.07,N,O,1997-08-27,1997-11-02,1997-09-08,NONE,MAIL,ggle carefully regular forges. sometimes
42050-1,42050,1840,70,1,23.00,40062.32,0.01,0.01,A,F,1995-04-21,1995-06-19,1995-05-12,DELIVER IN PERSON,MAIL,d are alongside of the quickly sil
42051-1,42051,1853,54,1,11.00,19303.35,0.01,0.07,R,F,1993-01-24,1992-11-20,1993-02-02,COLLECT COD,FOB,jole blithel
42051-2,42051,1568,89,2,30.00,44086.80,0.10,0.01,A,F,1993-01-05,1992-12-24,1993-01-07,NONE,RAIL, carefully a
42051-3,42051,1554,95,3,28.00,40755.40,0.09,0.06,R,F,1992-11-07,1992-12-03,1992-11-11,TAKE BACK RETURN,FOB, blithely alo
42052-1,42052,238,93,1,28.00,31870.44,0.10,0.05,N,O,1995-09-21,1995-09-01,1995-10-01,COLLECT COD,AIR,al deposits. slyly ironic 
42052-2,42052,1878,79,2,39.00,69414.93,0.10,0.08,N,O,1995-08-20,1995-10-01,1995-09-10,DELIVER IN PERSON,AIR,st the silen
42052-3,42052,1857,1,3,41.00,72112.85,0.02,0.07,N,O,1995-10-26,1995-08-12,1995-11-12,TAKE BACK RETURN,MAIL,nly regular ins
42052-4,42052,1891,35,4,1.00,1792.89,0.08,0.08,N,O,1995-09-06,1995-09-10,1995-10-06,COLLECT COD,REG AIR,"carefully even, final packag"
42053-1,42053,1468,47,1,46.00,62995.16,0.10,0.03,N,O,1997-09-21,1997-08-28,1997-10-13,COLLECT COD,REG AIR, carefully ironic
42053-2,42053,1170,7,2,11.00,11782.87,0.02,0.04,N,O,1997-09-17,1997-07-29,1997-10-11,TAKE BACK RETURN,SHIP,- furiousl
42053-3,42053,193,46,3,10.00,10931.90,0.07,0.04,N,O,1997-10-17,1997-09-21,1997-10-24,DELIVER IN PERSON,SHIP,er the always ironic
42053-4,42053,1277,15,4,1.00,1178.27,0.07,0.02,N,O,1997-08-04,1997-08-04,1997-08-11,COLLECT COD,FOB,g after the unusual 
42053-5,42053,531,92,5,42.00,60124.26,0.03,0.08,N,O,1997-09-01,1997-08-28,1997-09-17,DELIVER IN PERSON,RAIL,c deposits. furiousl
42053-6,42053,423,24,6,46.00,60877.32,0.02,0.02,N,O,1997-10-10,1997-09-16,1997-10-22,TAKE BACK RETURN,MAIL,slyly ironic
42054-1,42054,299,54,1,11.00,13192.19,0.03,0.08,A,F,1992-10-08,1992-12-12,1992-10-19,DELIVER IN PERSON,AIR,"across the special, regular asympto"
42054-2,42054,608,40,2,49.00,73921.40,0.05,0.00,R,F,1992-09-21,1992-10-18,1992-09-29,TAKE BACK RETURN,TRUCK,efully unusual 
42054-3,42054,637,100,3,2.00,3075.26,0.01,0.05,A,F,1992-12-06,1992-11-19,1992-12-31,COLLECT COD,RAIL,nic accounts for the slyl
42054-4,42054,785,82,4,45.00,75860.10,0.03,0.08,R,F,1992-10-27,1992-10-21,1992-11-21,TAKE BACK RETURN,FOB,deas boost about the
42054-5,42054,690,53,5,15.00,23860.35,0.02,0.08,R,F,1992-09-16,1992-11-14,1992-10-16,NONE,AIR,sual requests around the 
42055-1,42055,1691,33,1,41.00,65300.29,0.03,0.05,N,O,1996-04-18,1996-04-08,1996-05-02,TAKE BACK RETURN,MAIL,ts nod. carefully 
42055-2,42055,87,13,2,23.00,22702.84,0.02,0.03,N,O,1996-01-25,1996-03-14,1996-01-26,DELIVER IN PERSON,REG AIR, beans nag furiou
42055-3,42055,1176,49,3,46.00,49549.82,0.06,0.02,N,O,1996-03-27,1996-03-25,1996-04-24,TAKE BACK RETURN,MAIL," the final pinto beans. ironic, ironi"
42080-1,42080,1762,89,1,25.00,41594.00,0.00,0.00,N,O,1996-08-03,1996-09-24,1996-08-09,NONE,AIR,"l dependencies lose blithely. final, reg"
42080-2,42080,1271,72,2,27.00,31651.29,0.05,0.01,N,O,1996-09-09,1996-10-14,1996-10-08,TAKE BACK RETURN,SHIP,packages are furiously.
42081-1,42081,1177,14,1,23.00,24797.91,0.05,0.02,A,F,1995-03-31,1995-03-21,1995-04-02,NONE,SHIP,"the pending, even accounts haggle carefull"
42081-2,42081,654,86,2,7.00,10882.55,0.02,0.02,A,F,1995-04-29,1995-03-05,1995-05-13,COLLECT COD,MAIL,d. furiously ironic theodolites n
42081-3,42081,829,63,3,29.00,50164.78,0.07,0.08,R,F,1995-04-08,1995-03-14,1995-05-06,TAKE BACK RETURN,REG AIR,ual ideas haggle furiously quick ideas. b
42081-4,42081,1515,56,4,39.00,55243.89,0.08,0.03,R,F,1995-02-18,1995-03-05,1995-02-20,COLLECT COD,TRUCK,around the quickly pending excu
42081-5,42081,1633,75,5,50.00,76731.50,0.09,0.04,A,F,1995-04-19,1995-02-23,1995-04-30,NONE,SHIP,uctions haggle fluffily ironic pinto bea
42081-6,42081,54,80,6,48.00,45794.40,0.03,0.04,R,F,1995-03-09,1995-03-17,1995-03-21,TAKE BACK RETURN,MAIL,gular dolph
42081-7,42081,941,42,7,3.00,5525.82,0.09,0.03,A,F,1995-03-25,1995-04-04,1995-04-17,COLLECT COD,FOB,ts after the furiously ironic dep
42082-1,42082,39,65,1,47.00,44134.41,0.07,0.08,N,O,1996-02-20,1996-02-03,1996-03-21,COLLECT COD,TRUCK,s affix blithely: reques
42082-2,42082,1178,87,2,19.00,20504.23,0.09,0.06,N,O,1996-01-31,1996-02-06,1996-02-06,TAKE BACK RETURN,TRUCK,press pinto beans! blithely regular a
42082-3,42082,182,83,3,39.00,42205.02,0.05,0.03,N,O,1996-01-08,1996-03-16,1996-02-03,DELIVER IN PERSON,RAIL,quests affix
42082-4,42082,615,9,4,41.00,62140.01,0.10,0.06,N,O,1996-04-18,1996-02-08,1996-05-17,DELIVER IN PERSON,TRUCK," unusual, iron"
42082-5,42082,182,35,5,44.00,47615.92,0.07,0.04,N,O,1996-03-10,1996-03-15,1996-03-12,COLLECT COD,TRUCK, the regular ide
42082-6,42082,445,33,6,28.00,37672.32,0.07,0.01,N,O,1996-03-12,1996-03-18,1996-04-09,COLLECT COD,FOB,"ents are bold, p"
42083-1,42083,648,11,1,49.00,75883.36,0.05,0.02,N,O,1996-02-05,1996-02-20,1996-02-07,TAKE BACK RETURN,MAIL,gular accounts. instructions haggle slyly. 
42083-2,42083,372,73,2,17.00,21630.29,0.07,0.02,N,O,1996-03-25,1996-02-26,1996-04-22,COLLECT COD,FOB,e about th
42083-3,42083,834,68,3,29.00,50310.07,0.03,0.05,N,O,1996-02-16,1996-02-16,1996-03-01,TAKE BACK RETURN,AIR,ic accounts 
42084-1,42084,1810,54,1,19.00,32524.39,0.03,0.00,N,O,1997-04-09,1997-03-21,1997-04-11,TAKE BACK RETURN,TRUCK,ependencies. deposits integrate furiously 
42084-2,42084,1732,75,2,23.00,37575.79,0.08,0.03,N,O,1997-05-21,1997-03-28,1997-06-14,DELIVER IN PERSON,REG AIR,usly bold theodolites. deposits w
42084-3,42084,1549,90,3,31.00,44966.74,0.06,0.00,N,O,1997-03-29,1997-05-15,1997-04-06,DELIVER IN PERSON,TRUCK,y ironic requests against the blithel
42084-4,42084,77,53,4,45.00,43968.15,0.04,0.07,N,O,1997-03-16,1997-04-21,1997-04-13,NONE,RAIL,ges wake deposits. blithely final foxes wak
42084-5,42084,885,52,5,43.00,76792.84,0.10,0.02,N,O,1997-03-21,1997-05-14,1997-04-14,COLLECT COD,MAIL,e doggedly. furiously bold 
42084-6,42084,1798,41,6,44.00,74790.76,0.08,0.04,N,O,1997-03-23,1997-04-10,1997-04-14,TAKE BACK RETURN,RAIL, platelets. bold accounts boost furi
42085-1,42085,965,68,1,20.00,37319.20,0.10,0.01,N,O,1998-08-18,1998-08-30,1998-09-06,TAKE BACK RETURN,RAIL,egular escapades wake furiously bli
42085-2,42085,1256,57,2,39.00,45132.75,0.01,0.00,N,O,1998-07-22,1998-08-29,1998-07-29,TAKE BACK RETURN,FOB,"ole furiously thin requests. silent, f"
42085-3,42085,1358,73,3,32.00,40299.20,0.07,0.02,N,O,1998-09-25,1998-08-22,1998-10-23,DELIVER IN PERSON,REG AIR,. carefully slow warthog
42085-4,42085,373,30,4,32.00,40747.84,0.08,0.04,N,O,1998-10-13,1998-09-22,1998-10-14,COLLECT COD,MAIL,posits unwind against the de
42086-1,42086,481,82,1,8.00,11051.84,0.02,0.03,R,F,1993-10-07,1993-09-22,1993-10-23,NONE,FOB,. deposits haggle along the furi
42087-1,42087,1217,92,1,2.00,2236.42,0.07,0.07,N,O,1997-05-26,1997-06-23,1997-06-01,NONE,AIR,posits cajole careful
42087-2,42087,1395,10,2,12.00,15556.68,0.10,0.02,N,O,1997-06-23,1997-05-24,1997-07-22,TAKE BACK RETURN,FOB, even asymptotes. special instr
42087-3,42087,989,24,3,23.00,43469.54,0.02,0.07,N,O,1997-07-20,1997-05-23,1997-07-28,DELIVER IN PERSON,AIR,oxes are quickly along the 
42087-4,42087,191,44,4,19.00,20732.61,0.05,0.00,N,O,1997-07-05,1997-06-11,1997-08-04,TAKE BACK RETURN,FOB, cajole fluffily. fluffily re
42087-5,42087,618,12,5,35.00,53151.35,0.08,0.07,N,O,1997-05-23,1997-05-30,1997-05-28,DELIVER IN PERSON,RAIL,ly regular deposits.
42087-6,42087,1322,23,6,35.00,42816.20,0.06,0.07,N,O,1997-04-11,1997-06-11,1997-04-20,DELIVER IN PERSON,FOB,nstructions are fluffily accord
42112-1,42112,567,28,1,27.00,39624.12,0.03,0.03,R,F,1994-02-28,1994-01-29,1994-03-27,DELIVER IN PERSON,FOB,"gular, regular accounts sleep across th"
42112-2,42112,1510,51,2,17.00,23995.67,0.08,0.04,A,F,1994-01-05,1994-03-04,1994-01-18,COLLECT COD,RAIL,xes are slyly agai
42112-3,42112,773,74,3,37.00,61929.49,0.10,0.06,R,F,1994-04-18,1994-02-26,1994-04-22,TAKE BACK RETURN,RAIL,e busily daring reque
42112-4,42112,150,3,4,27.00,28354.05,0.01,0.06,R,F,1994-03-28,1994-02-21,1994-04-03,COLLECT COD,AIR,l requests are blit
42113-1,42113,883,50,1,14.00,24974.32,0.08,0.07,A,F,1994-03-11,1994-04-19,1994-03-15,NONE,AIR,leep orbits. bol
42114-1,42114,1757,42,1,5.00,8293.75,0.08,0.01,N,O,1997-04-20,1997-03-31,1997-05-20,NONE,FOB,tes run carefully qui
42114-2,42114,584,85,2,2.00,2969.16,0.05,0.08,N,O,1997-03-19,1997-04-04,1997-03-26,NONE,REG AIR,ly requests. slyly final excuses nag. 
42114-3,42114,92,68,3,40.00,39683.60,0.09,0.02,N,O,1997-02-26,1997-05-06,1997-03-12,TAKE BACK RETURN,RAIL,endencies sleep. fluffily bold instructions
42115-1,42115,1400,39,1,38.00,49453.20,0.00,0.04,A,F,1992-03-07,1992-04-08,1992-03-20,COLLECT COD,REG AIR,e blithely along the instruction
42115-2,42115,1921,22,2,1.00,1822.92,0.05,0.06,A,F,1992-05-03,1992-05-18,1992-05-27,DELIVER IN PERSON,MAIL,y along the final packages! even instru
42115-3,42115,163,16,3,26.00,27642.16,0.02,0.07,R,F,1992-02-29,1992-05-16,1992-03-16,NONE,SHIP,"express, final requests thrash after "
42115-4,42115,1484,2,4,31.00,42949.88,0.09,0.03,A,F,1992-05-12,1992-05-12,1992-05-16,DELIVER IN PERSON,MAIL,y bold theodolites nag care
42115-5,42115,1215,53,5,7.00,7813.47,0.00,0.05,A,F,1992-03-03,1992-04-09,1992-03-24,COLLECT COD,TRUCK,es use blithely ins
42115-6,42115,450,38,6,19.00,25658.55,0.02,0.02,R,F,1992-05-16,1992-03-20,1992-06-15,DELIVER IN PERSON,MAIL,"ing, ironic d"
42115-7,42115,153,6,7,50.00,52657.50,0.09,0.03,R,F,1992-06-19,1992-04-23,1992-07-07,TAKE BACK RETURN,AIR,d excuses are quickly express dep
42116-1,42116,933,34,1,18.00,33010.74,0.09,0.03,N,O,1996-10-06,1996-11-21,1996-11-02,NONE,TRUCK,ss theodolites are carefully. even 
42116-2,42116,1819,49,2,15.00,25812.15,0.03,0.06,N,O,1996-09-08,1996-10-13,1996-10-03,DELIVER IN PERSON,REG AIR,"ickly even requests. express, "
42116-3,42116,1877,7,3,16.00,28461.92,0.01,0.03,N,O,1996-12-20,1996-11-15,1997-01-01,TAKE BACK RETURN,AIR, quickly regular c
42116-4,42116,1080,81,4,28.00,27470.24,0.05,0.08,N,O,1996-11-21,1996-10-20,1996-12-13,COLLECT COD,REG AIR,st the carefull
42116-5,42116,997,32,5,3.00,5693.97,0.09,0.07,N,O,1996-12-25,1996-10-09,1997-01-05,COLLECT COD,AIR,deas are blithely special foxes. blithely
42116-6,42116,886,53,6,1.00,1786.88,0.06,0.03,N,O,1996-10-15,1996-11-08,1996-11-04,NONE,REG AIR,accounts integrate furiously after the s
42117-1,42117,773,70,1,36.00,60255.72,0.03,0.00,N,F,1995-06-12,1995-05-04,1995-06-19,COLLECT COD,MAIL,are carefully. quickly pendi
42117-2,42117,623,86,2,10.00,15236.20,0.10,0.08,R,F,1995-02-26,1995-05-01,1995-03-06,TAKE BACK RETURN,FOB, the blithely regular requests. furiously u
42117-3,42117,327,28,3,47.00,57684.04,0.07,0.06,A,F,1995-03-09,1995-04-15,1995-04-01,DELIVER IN PERSON,RAIL, blithely unusual asymptotes. blithely 
42117-4,42117,1852,82,4,15.00,26307.75,0.04,0.06,R,F,1995-06-01,1995-04-27,1995-06-17,DELIVER IN PERSON,TRUCK,n regular dependencies. caref
42118-1,42118,1699,41,1,11.00,17607.59,0.03,0.08,N,O,1996-10-16,1996-10-03,1996-10-18,TAKE BACK RETURN,REG AIR,brave packages wake
42118-2,42118,578,39,2,49.00,72449.93,0.07,0.07,N,O,1996-10-06,1996-10-09,1996-10-11,DELIVER IN PERSON,SHIP,osits. ironic accounts 
42118-3,42118,1231,32,3,17.00,19247.91,0.08,0.05,N,O,1996-10-23,1996-10-01,1996-10-27,NONE,AIR,y even requests are around the packages: 
42118-4,42118,1338,77,4,47.00,58248.51,0.10,0.02,N,O,1996-09-04,1996-09-02,1996-09-21,TAKE BACK RETURN,SHIP," special, unusual packa"
42118-5,42118,1088,59,5,18.00,17803.44,0.00,0.01,N,O,1996-09-17,1996-10-02,1996-10-09,NONE,TRUCK,nic requests eat quic
42118-6,42118,817,18,6,14.00,24049.34,0.01,0.04,N,O,1996-10-24,1996-08-23,1996-11-13,DELIVER IN PERSON,AIR, beans. express depos
42119-1,42119,37,63,1,27.00,25299.81,0.02,0.00,N,O,1998-04-05,1998-05-12,1998-04-10,TAKE BACK RETURN,RAIL,hely. ironic accounts cajole. quickly regu
42119-2,42119,528,19,2,35.00,49998.20,0.04,0.02,N,O,1998-03-30,1998-03-30,1998-04-21,NONE,MAIL,old packag
42119-3,42119,596,87,3,8.00,11972.72,0.02,0.03,N,O,1998-03-08,1998-04-01,1998-03-09,NONE,RAIL,luffily ironic foxes
42119-4,42119,303,88,4,49.00,58961.70,0.02,0.05,N,O,1998-03-24,1998-04-07,1998-03-25,DELIVER IN PERSON,FOB,sts breach fluffil
42144-1,42144,653,16,1,42.00,65253.30,0.08,0.03,R,F,1994-12-09,1995-01-13,1995-01-04,DELIVER IN PERSON,FOB,ckages are blithely even
42144-2,42144,447,48,2,2.00,2694.88,0.02,0.01,A,F,1994-11-22,1995-01-13,1994-11-29,TAKE BACK RETURN,AIR,f the packages.
42144-3,42144,696,59,3,40.00,63867.60,0.08,0.05,A,F,1995-01-18,1995-01-29,1995-01-27,NONE,RAIL,s breach foxes. eve
42144-4,42144,1488,67,4,8.00,11115.84,0.07,0.01,A,F,1994-11-16,1995-01-27,1994-11-25,COLLECT COD,RAIL,s boost carefully among the bo
42144-5,42144,737,34,5,27.00,44218.71,0.03,0.01,A,F,1994-12-18,1995-02-05,1995-01-01,DELIVER IN PERSON,MAIL,unts hinder furiously
42145-1,42145,608,71,1,34.00,51292.40,0.05,0.02,N,O,1998-02-21,1997-12-27,1998-03-02,TAKE BACK RETURN,SHIP, asymptotes. dependencies at the
42145-2,42145,1433,12,2,19.00,25354.17,0.00,0.04,N,O,1998-01-20,1998-02-15,1998-02-02,NONE,AIR,s cajole. furiously silent depo
42145-3,42145,1320,59,3,8.00,9770.56,0.10,0.01,N,O,1997-12-04,1998-01-24,1997-12-12,COLLECT COD,TRUCK,s. even pa
42145-4,42145,1961,94,4,36.00,67066.56,0.00,0.01,N,O,1998-01-01,1998-01-06,1998-01-23,NONE,AIR,y about the expres
42146-1,42146,774,71,1,43.00,72015.11,0.03,0.01,N,O,1998-05-09,1998-04-19,1998-05-26,NONE,RAIL, express dependencies cajole 
42146-2,42146,823,23,2,6.00,10342.92,0.10,0.03,N,O,1998-03-19,1998-03-07,1998-03-27,TAKE BACK RETURN,AIR,lyly. blithely regular excuse
42147-1,42147,2,28,1,21.00,18942.00,0.00,0.04,N,O,1997-09-25,1997-07-16,1997-09-29,COLLECT COD,REG AIR,s wake through
42147-2,42147,1452,31,2,24.00,32482.80,0.06,0.06,N,O,1997-07-26,1997-07-16,1997-08-19,COLLECT COD,AIR,elets thra
42147-3,42147,1962,63,3,19.00,35415.24,0.05,0.03,N,O,1997-09-25,1997-08-23,1997-10-23,COLLECT COD,REG AIR,y express depos
42147-4,42147,1154,91,4,50.00,52757.50,0.01,0.02,N,O,1997-07-18,1997-08-21,1997-08-05,COLLECT COD,AIR,oss the sl
42147-5,42147,955,90,5,16.00,29695.20,0.08,0.06,N,O,1997-09-05,1997-07-24,1997-09-22,NONE,REG AIR,s haggle around the even platel
42147-6,42147,1960,93,6,19.00,35377.24,0.02,0.00,N,O,1997-10-08,1997-08-07,1997-11-06,DELIVER IN PERSON,SHIP,ithely. blithely pending pa
42147-7,42147,1034,5,7,9.00,8415.27,0.03,0.00,N,O,1997-07-11,1997-07-21,1997-07-16,COLLECT COD,RAIL,"ully silent ideas. even, even pl"
42148-1,42148,576,37,1,33.00,48726.81,0.08,0.08,N,O,1995-12-17,1995-12-10,1996-01-05,TAKE BACK RETURN,REG AIR,egular dugouts nag carefully accordi
42148-2,42148,1069,75,2,37.00,35892.22,0.00,0.03,N,O,1996-01-21,1995-12-14,1996-02-11,DELIVER IN PERSON,REG AIR,al excuses. quickly
42148-3,42148,1901,46,3,19.00,34255.10,0.01,0.06,N,O,1996-01-06,1995-12-05,1996-01-08,NONE,RAIL,posits hagg
42148-4,42148,1819,6,4,32.00,55065.92,0.00,0.07,N,O,1995-11-23,1995-12-07,1995-11-28,NONE,TRUCK, accounts. carefully sp
42148-5,42148,867,1,5,25.00,44196.50,0.02,0.06,N,O,1995-12-25,1996-01-17,1995-12-29,TAKE BACK RETURN,MAIL, along the furiously express pac
42149-1,42149,1218,56,1,6.00,6715.26,0.08,0.04,N,O,1996-06-01,1996-05-11,1996-06-06,NONE,FOB,le carefully. slyly express foxes nod
42149-2,42149,701,34,2,22.00,35237.40,0.05,0.02,N,O,1996-05-27,1996-05-28,1996-06-13,TAKE BACK RETURN,REG AIR,he pending packages wake bold
42150-1,42150,226,8,1,9.00,10135.98,0.07,0.00,N,O,1998-02-03,1998-02-28,1998-02-05,COLLECT COD,AIR,its wake quickly furiously even reques
42150-2,42150,994,29,2,40.00,75799.60,0.02,0.02,N,O,1998-03-19,1998-02-16,1998-04-17,TAKE BACK RETURN,SHIP,deas! ideas sleep. u
42150-3,42150,1147,48,3,15.00,15722.10,0.05,0.07,N,O,1998-02-25,1998-02-03,1998-03-12,COLLECT COD,AIR,"ependencies. ironic, even instructions acro"
42150-4,42150,585,86,4,34.00,50509.72,0.05,0.08,N,O,1998-01-03,1998-03-18,1998-01-18,TAKE BACK RETURN,SHIP,nis sleep furiously silent packages. furiou
42150-5,42150,1653,77,5,41.00,63740.65,0.01,0.08,N,O,1998-01-16,1998-03-02,1998-01-19,DELIVER IN PERSON,MAIL,ts. fluffily bold re
42151-1,42151,1366,43,1,3.00,3802.08,0.07,0.01,A,F,1994-01-09,1994-02-28,1994-01-20,COLLECT COD,AIR, packages c
42151-2,42151,1944,77,2,19.00,35072.86,0.09,0.03,A,F,1994-03-02,1994-02-18,1994-03-28,NONE,REG AIR,r the carefully even theodolites. package
42151-3,42151,252,7,3,18.00,20740.50,0.03,0.04,A,F,1994-02-19,1994-02-17,1994-03-19,DELIVER IN PERSON,MAIL, against the carefully even package
42151-4,42151,1605,88,4,2.00,3013.20,0.08,0.02,A,F,1994-02-06,1994-01-27,1994-02-18,NONE,AIR,fully furiously ironic realms. pending 
42176-1,42176,159,38,1,26.00,27537.90,0.00,0.07,N,O,1998-02-23,1998-03-18,1998-03-21,DELIVER IN PERSON,AIR,ve the slyly regular pinto beans
42176-2,42176,1511,12,2,31.00,43787.81,0.00,0.08,N,O,1998-02-10,1998-04-04,1998-03-07,DELIVER IN PERSON,SHIP,nal deposits. quickly exp
42176-3,42176,1674,75,3,18.00,28362.06,0.03,0.00,N,O,1998-05-20,1998-03-06,1998-05-26,DELIVER IN PERSON,SHIP,"ggle blithely. final, final ideas "
42176-4,42176,872,73,4,50.00,88643.50,0.02,0.05,N,O,1998-02-08,1998-03-13,1998-02-20,COLLECT COD,MAIL,inst the even 
42176-5,42176,1870,71,5,39.00,69102.93,0.00,0.06,N,O,1998-03-21,1998-03-19,1998-03-23,TAKE BACK RETURN,SHIP,en deposits. carefully
42177-1,42177,696,28,1,3.00,4790.07,0.08,0.03,A,F,1992-08-08,1992-08-09,1992-09-04,DELIVER IN PERSON,REG AIR,"ronic asymptotes. ironic, final depend"
42177-2,42177,1134,35,2,48.00,49686.24,0.06,0.02,R,F,1992-06-29,1992-07-12,1992-07-01,DELIVER IN PERSON,AIR,tes believe carefully
42177-3,42177,1121,58,3,37.00,37818.44,0.06,0.01,R,F,1992-08-12,1992-08-18,1992-08-15,COLLECT COD,TRUCK,onic requests detect careful
42177-4,42177,909,44,4,19.00,34388.10,0.03,0.00,R,F,1992-07-29,1992-07-31,1992-08-06,TAKE BACK RETURN,MAIL,uffily ideas. quickly bold packa
42178-1,42178,1726,27,1,9.00,14649.48,0.05,0.04,A,F,1993-10-11,1993-09-04,1993-11-09,COLLECT COD,SHIP,efully pendin
42178-2,42178,8,84,2,49.00,44492.00,0.00,0.06,R,F,1993-09-15,1993-09-20,1993-09-29,DELIVER IN PERSON,FOB,uests. busy 
42178-3,42178,696,59,3,14.00,22353.66,0.07,0.00,A,F,1993-10-12,1993-08-14,1993-11-06,COLLECT COD,SHIP,he fluffil
42179-1,42179,1819,6,1,32.00,55065.92,0.05,0.06,N,O,1996-08-03,1996-06-22,1996-08-11,NONE,RAIL,ains. carefully ironic pi
42179-2,42179,1300,75,2,34.00,40844.20,0.05,0.00,N,O,1996-05-08,1996-06-16,1996-05-14,TAKE BACK RETURN,SHIP,lithely express requests. blithely 
42179-3,42179,501,32,3,16.00,22424.00,0.07,0.03,N,O,1996-08-15,1996-06-04,1996-08-30,TAKE BACK RETURN,FOB,ts are across the blithely regular pack
42179-4,42179,1872,73,4,28.00,49668.36,0.07,0.05,N,O,1996-05-26,1996-06-20,1996-05-29,COLLECT COD,FOB,os grow along the ruthlessly regular
42179-5,42179,348,5,5,3.00,3745.02,0.06,0.02,N,O,1996-07-14,1996-07-01,1996-07-21,COLLECT COD,TRUCK,ar orbits detect carefu
42179-6,42179,620,83,6,13.00,19768.06,0.08,0.01,N,O,1996-05-19,1996-07-06,1996-05-24,DELIVER IN PERSON,TRUCK,"the waters are blithely unusual, final in"
42179-7,42179,194,21,7,49.00,53615.31,0.01,0.02,N,O,1996-04-22,1996-06-03,1996-05-21,TAKE BACK RETURN,AIR,endencies affix furiously along the 
42180-1,42180,645,39,1,16.00,24730.24,0.06,0.05,N,O,1997-11-14,1997-08-29,1997-12-10,TAKE BACK RETURN,FOB," above the even, pending theodolites. f"
42180-2,42180,233,34,2,6.00,6799.38,0.10,0.01,N,O,1997-07-28,1997-09-12,1997-08-25,DELIVER IN PERSON,TRUCK,"ly final instructions. regular, furious i"
42180-3,42180,549,10,3,27.00,39137.58,0.04,0.08,N,O,1997-08-07,1997-08-31,1997-08-21,NONE,MAIL,o beans. furiously pending deposit
42180-4,42180,56,57,4,10.00,9560.50,0.04,0.05,N,O,1997-11-18,1997-08-30,1997-11-30,NONE,MAIL,to cajole quickly packages! fluffily ironic
42180-5,42180,1061,32,5,4.00,3848.24,0.02,0.03,N,O,1997-08-17,1997-09-22,1997-08-31,DELIVER IN PERSON,SHIP,es. even warhorses are about the regular
42180-6,42180,1011,47,6,1.00,912.01,0.04,0.02,N,O,1997-09-28,1997-09-11,1997-10-10,COLLECT COD,AIR,ly express packages. quickly special 
42180-7,42180,1774,59,7,21.00,35191.17,0.06,0.08,N,O,1997-11-03,1997-09-06,1997-11-13,NONE,REG AIR,to beans are a
42181-1,42181,1999,32,1,8.00,15207.92,0.05,0.05,N,O,1996-01-02,1995-11-19,1996-01-20,DELIVER IN PERSON,RAIL,"ully even requests. regular, idle asymptot"
42181-2,42181,1608,9,2,26.00,39249.60,0.08,0.03,N,O,1996-02-12,1995-12-19,1996-03-13,COLLECT COD,REG AIR,ly stealthy accounts are bold accounts. s
42181-3,42181,1124,97,3,23.00,23577.76,0.00,0.01,N,O,1995-12-15,1995-11-20,1995-12-19,TAKE BACK RETURN,FOB,ole slyly alongside
42181-4,42181,848,82,4,14.00,24483.76,0.07,0.07,N,O,1995-11-18,1995-12-01,1995-12-10,TAKE BACK RETURN,FOB,ns boost blithely sin
42181-5,42181,1465,5,5,24.00,32795.04,0.08,0.05,N,O,1995-11-11,1995-12-15,1995-11-23,DELIVER IN PERSON,FOB,ts use carefully. furiously u
42182-1,42182,1669,70,1,8.00,12565.28,0.07,0.08,R,F,1993-08-30,1993-09-25,1993-09-09,COLLECT COD,FOB,ss foxes. regular 
42183-1,42183,827,28,1,18.00,31100.76,0.06,0.02,N,O,1998-04-04,1998-03-28,1998-04-13,DELIVER IN PERSON,SHIP,lly final theodolites hang thinly at the bl
42208-1,42208,124,25,1,38.00,38916.56,0.07,0.02,R,F,1993-02-03,1993-01-20,1993-02-10,DELIVER IN PERSON,TRUCK,tegrate ca
42208-2,42208,1994,27,2,43.00,81527.57,0.00,0.05,A,F,1993-02-19,1993-01-20,1993-03-07,NONE,MAIL,e unusual requests cajole fluffily be
42209-1,42209,1539,80,1,45.00,64823.85,0.00,0.05,A,F,1993-06-07,1993-06-11,1993-06-28,COLLECT COD,AIR, blithely ironic excuses. bli
42209-2,42209,1477,78,2,35.00,48246.45,0.07,0.00,A,F,1993-05-27,1993-05-26,1993-06-21,TAKE BACK RETURN,MAIL,hely bold pinto beans. accounts haggle s
42209-3,42209,1665,48,3,33.00,51699.78,0.03,0.02,A,F,1993-06-03,1993-06-08,1993-06-24,NONE,TRUCK,accounts cajole bl
42209-4,42209,1786,71,4,29.00,48945.62,0.10,0.00,A,F,1993-06-29,1993-05-12,1993-07-22,DELIVER IN PERSON,MAIL,lphins across the
42209-5,42209,1273,74,5,22.00,25833.94,0.04,0.05,R,F,1993-06-08,1993-06-25,1993-06-26,NONE,RAIL,g carefully! slyly regular accounts hag
42210-1,42210,1702,3,1,12.00,19244.40,0.08,0.08,R,F,1994-07-27,1994-06-17,1994-07-31,COLLECT COD,MAIL,hs use slyly 
42210-2,42210,1762,47,2,16.00,26620.16,0.05,0.01,R,F,1994-06-10,1994-07-17,1994-06-24,TAKE BACK RETURN,MAIL,sts. blithel
42211-1,42211,1663,46,1,50.00,78233.00,0.06,0.01,R,F,1992-09-04,1992-08-03,1992-09-22,COLLECT COD,REG AIR, deposits integrate fur
42211-2,42211,548,79,2,35.00,50698.90,0.05,0.06,R,F,1992-10-17,1992-08-20,1992-11-04,NONE,AIR,he slyly even pack
42211-3,42211,1843,87,3,50.00,87242.00,0.05,0.03,R,F,1992-08-07,1992-08-19,1992-08-28,TAKE BACK RETURN,TRUCK,ully pending packages. s
42211-4,42211,846,47,4,34.00,59392.56,0.04,0.08,R,F,1992-07-09,1992-09-06,1992-08-02,COLLECT COD,SHIP,ld requests 
42212-1,42212,665,59,1,8.00,12525.28,0.01,0.07,R,F,1992-08-13,1992-07-11,1992-08-27,TAKE BACK RETURN,TRUCK,he unusual ideas must have t
42212-2,42212,1081,52,2,20.00,19641.60,0.06,0.08,R,F,1992-05-24,1992-05-24,1992-06-02,NONE,FOB,y even accounts affix fin
42212-3,42212,1594,35,3,50.00,74779.50,0.04,0.02,R,F,1992-06-20,1992-05-24,1992-07-18,NONE,MAIL,"ing to the close, final decoys. "
42212-4,42212,1587,28,4,48.00,71451.84,0.10,0.02,A,F,1992-06-11,1992-07-09,1992-06-25,DELIVER IN PERSON,MAIL,ckly unusual packages haggle blithely 
42212-5,42212,521,12,5,43.00,61125.36,0.09,0.04,R,F,1992-05-12,1992-06-11,1992-05-26,NONE,REG AIR, special theodolites wa
42212-6,42212,1652,94,6,17.00,26412.05,0.08,0.00,R,F,1992-06-02,1992-06-10,1992-07-01,COLLECT COD,SHIP, dependencies breach carefu
42213-1,42213,1677,60,1,25.00,39466.75,0.00,0.03,N,O,1995-06-22,1995-05-07,1995-07-15,COLLECT COD,TRUCK,y pending reques
42213-2,42213,1381,58,2,5.00,6411.90,0.07,0.01,R,F,1995-05-23,1995-04-29,1995-06-06,TAKE BACK RETURN,MAIL,uses boost 
42213-3,42213,1471,72,3,33.00,45291.51,0.03,0.08,N,O,1995-07-10,1995-05-06,1995-07-14,DELIVER IN PERSON,FOB," even, special gifts cajole."
42213-4,42213,1836,37,4,4.00,6951.32,0.07,0.04,R,F,1995-04-29,1995-05-15,1995-05-17,TAKE BACK RETURN,TRUCK,s are across the f
42214-1,42214,707,8,1,38.00,61092.60,0.08,0.04,N,F,1995-06-03,1995-08-21,1995-06-26,TAKE BACK RETURN,AIR,tructions are. quickly special pint
42214-2,42214,1481,60,2,49.00,67741.52,0.06,0.08,R,F,1995-06-06,1995-07-19,1995-06-16,NONE,RAIL,uickly unusual t
42214-3,42214,637,38,3,14.00,21526.82,0.05,0.01,N,O,1995-08-30,1995-08-01,1995-08-31,COLLECT COD,TRUCK,furiously. carefully 
42214-4,42214,915,18,4,15.00,27238.65,0.01,0.07,N,O,1995-06-28,1995-08-09,1995-07-28,COLLECT COD,MAIL,inal accounts. fluf
42214-5,42214,1286,61,5,43.00,51053.04,0.03,0.04,N,F,1995-06-02,1995-07-02,1995-06-21,NONE,FOB,ecial sheaves slee
42214-6,42214,61,62,6,17.00,16338.02,0.03,0.08,N,F,1995-06-05,1995-07-05,1995-06-18,COLLECT COD,FOB,ithely ironic request
42214-7,42214,1581,22,7,41.00,60785.78,0.03,0.00,N,O,1995-09-05,1995-07-08,1995-09-16,NONE,FOB,t furiously slyly silent deposits. br
42215-1,42215,1668,92,1,33.00,51798.78,0.09,0.02,A,F,1993-12-22,1993-12-10,1994-01-04,COLLECT COD,SHIP,ly enticing instructions. carefull
42215-2,42215,193,72,2,15.00,16397.85,0.00,0.05,A,F,1993-11-24,1993-12-17,1993-12-15,DELIVER IN PERSON,AIR, special deposits. carefully unusual 
42240-1,42240,251,6,1,13.00,14966.25,0.06,0.06,N,O,1996-04-06,1996-06-11,1996-04-07,TAKE BACK RETURN,MAIL, instructions 
42240-2,42240,848,82,2,14.00,24483.76,0.08,0.08,N,O,1996-06-07,1996-04-18,1996-06-22,NONE,AIR,ages integrate
42240-3,42240,407,8,3,40.00,52296.00,0.04,0.07,N,O,1996-05-27,1996-04-25,1996-06-14,COLLECT COD,SHIP, after the quickly brave packages. regul
42240-4,42240,1328,43,4,41.00,50402.12,0.07,0.06,N,O,1996-05-19,1996-05-01,1996-05-26,COLLECT COD,AIR,deposits affix blithely a
42240-5,42240,1198,99,5,45.00,49463.55,0.00,0.01,N,O,1996-04-19,1996-06-07,1996-05-01,TAKE BACK RETURN,AIR,ke silently regular ideas. fu
42240-6,42240,731,64,6,38.00,62005.74,0.05,0.00,N,O,1996-05-15,1996-05-17,1996-06-01,DELIVER IN PERSON,MAIL,regular asymptotes. quick
42241-1,42241,1856,86,1,46.00,80861.10,0.09,0.02,R,F,1992-05-21,1992-06-21,1992-06-05,NONE,MAIL,ts. slyly pending
42241-2,42241,1219,31,2,37.00,41447.77,0.10,0.04,A,F,1992-06-06,1992-07-13,1992-06-28,TAKE BACK RETURN,AIR,bold accounts haggle carefully. sl
42241-3,42241,994,29,3,32.00,60639.68,0.03,0.08,R,F,1992-07-01,1992-05-30,1992-07-24,COLLECT COD,RAIL,venly regular depos
42242-1,42242,1657,99,1,31.00,48318.15,0.09,0.00,R,F,1994-06-29,1994-06-01,1994-07-06,TAKE BACK RETURN,TRUCK,sual ideas haggle stealthily. 
42242-2,42242,299,81,2,45.00,53968.05,0.03,0.00,R,F,1994-06-09,1994-05-23,1994-06-13,DELIVER IN PERSON,TRUCK,"counts. ironic, regular ide"
42242-3,42242,1969,70,3,30.00,56128.80,0.08,0.08,R,F,1994-07-14,1994-05-07,1994-08-11,DELIVER IN PERSON,RAIL,iously always regular foxes. regular acco
42242-4,42242,1747,48,4,19.00,31326.06,0.06,0.01,A,F,1994-07-17,1994-06-25,1994-08-06,TAKE BACK RETURN,SHIP,y. unusual pearls sleep ac
42242-5,42242,1569,50,5,27.00,39705.12,0.01,0.02,R,F,1994-06-03,1994-05-10,1994-06-30,DELIVER IN PERSON,SHIP,oxes. ironic excuses are ar
42242-6,42242,504,95,6,1.00,1404.50,0.06,0.06,R,F,1994-05-30,1994-05-15,1994-06-11,COLLECT COD,FOB,slyly special dolphins. carefull
42243-1,42243,1058,94,1,37.00,35484.85,0.08,0.01,R,F,1992-07-02,1992-06-10,1992-07-06,TAKE BACK RETURN,MAIL, idly express deposits haggle 
42243-2,42243,704,37,2,18.00,28884.60,0.00,0.05,R,F,1992-04-16,1992-06-09,1992-04-21,COLLECT COD,SHIP,ly final requests wake blit
42243-3,42243,279,34,3,20.00,23585.40,0.08,0.05,R,F,1992-06-01,1992-05-04,1992-06-24,NONE,TRUCK,ackages. fluffily dogged accounts 
42243-4,42243,401,31,4,13.00,16918.20,0.06,0.05,A,F,1992-06-21,1992-05-25,1992-06-27,NONE,REG AIR,y express accou
42243-5,42243,195,22,5,5.00,5475.95,0.08,0.05,A,F,1992-07-05,1992-05-22,1992-07-31,NONE,AIR,tes use. quickly express pinto beans
42244-1,42244,1718,61,1,22.00,35633.62,0.01,0.00,N,O,1998-07-05,1998-07-16,1998-07-27,COLLECT COD,FOB,ost above the silent
42244-2,42244,878,78,2,15.00,26683.05,0.03,0.03,N,O,1998-08-06,1998-07-04,1998-08-30,TAKE BACK RETURN,FOB,riously sly
42245-1,42245,309,94,1,17.00,20558.10,0.08,0.08,N,O,1997-06-05,1997-08-04,1997-07-01,NONE,MAIL,quests. careful
42245-2,42245,84,10,2,17.00,16729.36,0.09,0.02,N,O,1997-07-08,1997-07-02,1997-08-06,COLLECT COD,TRUCK,ly bold pinto beans. deposits det
42245-3,42245,1366,81,3,46.00,58298.56,0.09,0.07,N,O,1997-07-30,1997-06-28,1997-08-06,COLLECT COD,MAIL, the accounts are furiously ironic 
42245-4,42245,1215,16,4,34.00,37951.14,0.04,0.03,N,O,1997-08-29,1997-08-05,1997-09-25,COLLECT COD,AIR,ts. pending theodolites cajole fluffily.
42245-5,42245,404,92,5,24.00,31305.60,0.05,0.08,N,O,1997-05-16,1997-07-17,1997-05-29,COLLECT COD,AIR,"d accounts poach regular, ironic foxes."
42245-6,42245,1285,60,6,20.00,23725.60,0.06,0.05,N,O,1997-06-10,1997-07-07,1997-07-08,TAKE BACK RETURN,REG AIR,deposits af
42245-7,42245,1652,76,7,50.00,77682.50,0.09,0.03,N,O,1997-07-29,1997-08-10,1997-08-23,DELIVER IN PERSON,AIR,quickly. slyly special packages b
42246-1,42246,1726,69,1,27.00,43948.44,0.09,0.05,A,F,1992-06-27,1992-07-23,1992-07-13,TAKE BACK RETURN,SHIP, final asymptotes. pendin
42246-2,42246,310,95,2,9.00,10892.79,0.04,0.06,R,F,1992-07-20,1992-06-21,1992-07-22,NONE,TRUCK,"tructions. final, "
42246-3,42246,1690,73,3,37.00,58892.53,0.10,0.08,A,F,1992-06-15,1992-05-28,1992-07-04,DELIVER IN PERSON,REG AIR,nding foxes h
42246-4,42246,924,93,4,16.00,29198.72,0.03,0.07,A,F,1992-08-12,1992-06-03,1992-08-19,TAKE BACK RETURN,TRUCK,ly regular pinto beans wak
42246-5,42246,1120,21,5,42.00,42887.04,0.06,0.02,R,F,1992-06-15,1992-07-12,1992-06-22,DELIVER IN PERSON,SHIP, after the 
42246-6,42246,872,39,6,11.00,19501.57,0.03,0.03,R,F,1992-07-04,1992-06-08,1992-07-05,TAKE BACK RETURN,FOB,t the carefully final realms. expre
42246-7,42246,450,38,7,18.00,24308.10,0.00,0.06,R,F,1992-07-06,1992-07-03,1992-07-30,NONE,RAIL,iously blit
42247-1,42247,1597,78,1,7.00,10490.13,0.05,0.01,N,O,1997-01-23,1996-11-25,1997-02-03,NONE,FOB,lent deposits among the caref
42272-1,42272,1518,59,1,47.00,66716.97,0.08,0.06,N,O,1996-02-07,1995-12-25,1996-02-08,DELIVER IN PERSON,TRUCK,egular dolphins. carefull
42272-2,42272,805,5,2,29.00,49468.20,0.08,0.03,N,O,1996-02-16,1996-01-17,1996-03-07,COLLECT COD,REG AIR, ironic asymptotes-- blithely f
42273-1,42273,1578,79,1,29.00,42907.53,0.04,0.04,N,O,1996-11-10,1996-12-25,1996-11-14,NONE,RAIL,l requests. furiously unusual accou
42273-2,42273,1775,76,2,7.00,11737.39,0.05,0.02,N,O,1997-01-27,1996-12-29,1997-01-28,DELIVER IN PERSON,FOB,deas use blith
42274-1,42274,1184,57,1,33.00,35810.94,0.00,0.06,N,O,1995-10-27,1995-11-30,1995-11-11,DELIVER IN PERSON,FOB,fily unusual requests boost up
42274-2,42274,1763,64,2,31.00,51607.56,0.07,0.01,N,O,1995-11-06,1995-11-25,1995-11-17,DELIVER IN PERSON,SHIP,accounts across the slyly regular d
42274-3,42274,1612,36,3,22.00,33299.42,0.08,0.05,N,O,1995-11-04,1995-11-25,1995-11-24,DELIVER IN PERSON,TRUCK,instruction
42274-4,42274,796,29,4,9.00,15271.11,0.03,0.04,N,O,1995-12-19,1995-11-30,1996-01-01,DELIVER IN PERSON,TRUCK,ic accounts. regular packages are f
42275-1,42275,1139,40,1,24.00,24963.12,0.04,0.04,A,F,1993-01-02,1992-12-25,1993-01-05,COLLECT COD,AIR,ng the unusual deposits. deposits wake c
42276-1,42276,1610,11,1,10.00,15116.10,0.00,0.07,A,F,1994-08-27,1994-10-01,1994-09-19,COLLECT COD,SHIP,ck requests boost. carefu
42276-2,42276,1188,61,2,8.00,8713.44,0.09,0.02,R,F,1994-08-02,1994-09-30,1994-08-16,NONE,RAIL,rding to the stealthily special req
42276-3,42276,1413,53,3,14.00,18401.74,0.10,0.07,A,F,1994-08-12,1994-09-06,1994-09-01,NONE,SHIP,ole carefully about the re
42277-1,42277,1914,3,1,41.00,74452.31,0.10,0.05,N,O,1997-05-16,1997-05-02,1997-06-04,NONE,MAIL," special, bold th"
42277-2,42277,373,58,2,6.00,7640.22,0.04,0.04,N,O,1997-03-01,1997-04-06,1997-03-07,COLLECT COD,AIR,dolites. reques
42277-3,42277,80,56,3,38.00,37243.04,0.08,0.08,N,O,1997-05-23,1997-04-27,1997-06-11,NONE,SHIP,out the fluffily express fox
42277-4,42277,1655,38,4,50.00,77832.50,0.05,0.01,N,O,1997-06-02,1997-03-30,1997-06-10,NONE,FOB,"ar, ironic accounts are carefully after th"
42278-1,42278,1619,2,1,40.00,60824.40,0.10,0.01,N,O,1995-10-03,1995-08-11,1995-10-15,TAKE BACK RETURN,TRUCK, detect blithely requests. unusua
42278-2,42278,927,28,2,12.00,21935.04,0.00,0.02,N,O,1995-09-12,1995-08-16,1995-10-04,NONE,MAIL,s the instructions. ruthlessly bold ex
42278-3,42278,91,92,3,39.00,38652.51,0.07,0.03,N,O,1995-09-08,1995-07-10,1995-09-15,DELIVER IN PERSON,RAIL,osits. slyly ironic deposits wake
42278-4,42278,1551,32,4,18.00,26145.90,0.08,0.00,N,O,1995-07-03,1995-08-14,1995-07-09,TAKE BACK RETURN,FOB,ular deposits wake carefully
42278-5,42278,254,36,5,15.00,17313.75,0.01,0.05,N,O,1995-08-24,1995-08-11,1995-09-20,DELIVER IN PERSON,MAIL,ven deposits above the
42279-1,42279,445,75,1,26.00,34981.44,0.02,0.05,R,F,1994-09-16,1994-08-07,1994-10-11,COLLECT COD,MAIL," special, ironic dinos"
42279-2,42279,1935,68,2,26.00,47760.18,0.10,0.00,A,F,1994-09-06,1994-09-27,1994-10-01,COLLECT COD,TRUCK,ans. final
42279-3,42279,944,47,3,19.00,35053.86,0.02,0.01,R,F,1994-10-21,1994-09-23,1994-11-17,DELIVER IN PERSON,AIR, regular forges along the pend
42279-4,42279,1527,8,4,16.00,22856.32,0.09,0.05,R,F,1994-07-03,1994-08-19,1994-07-21,NONE,FOB,uests. special foxes against the 
42279-5,42279,1640,64,5,23.00,35457.72,0.10,0.05,A,F,1994-07-07,1994-08-15,1994-07-23,DELIVER IN PERSON,RAIL,kly unusual accou
42279-6,42279,1032,3,6,2.00,1866.06,0.05,0.07,R,F,1994-07-22,1994-09-19,1994-08-16,NONE,AIR,. carefully pending theodolites unwin
42304-1,42304,1560,61,1,48.00,70154.88,0.08,0.08,A,F,1994-04-19,1994-06-04,1994-04-22,TAKE BACK RETURN,TRUCK,nstructions sleep slyly acros
42304-2,42304,1263,1,2,47.00,54720.22,0.09,0.02,A,F,1994-04-03,1994-05-23,1994-04-18,DELIVER IN PERSON,RAIL,uests. ironic requests ac
42304-3,42304,931,32,3,22.00,40302.46,0.00,0.08,A,F,1994-04-16,1994-05-23,1994-05-01,TAKE BACK RETURN,SHIP,deposits above the i
42304-4,42304,1277,78,4,24.00,28278.48,0.07,0.08,R,F,1994-04-12,1994-05-27,1994-05-05,DELIVER IN PERSON,RAIL,g ideas against the regular packages nag sl
42304-5,42304,33,59,5,12.00,11196.36,0.06,0.03,R,F,1994-05-27,1994-05-06,1994-06-16,NONE,REG AIR, integrate furiously after the s
42305-1,42305,1375,90,1,29.00,37014.73,0.01,0.04,N,O,1998-02-25,1998-05-02,1998-03-09,COLLECT COD,FOB,ing to the even asymptotes. carefully 
42306-1,42306,1724,51,1,49.00,79660.28,0.01,0.05,A,F,1992-11-08,1992-11-18,1992-12-08,TAKE BACK RETURN,SHIP, slyly sil
42306-2,42306,1438,56,2,9.00,12054.87,0.07,0.01,A,F,1992-10-11,1992-10-18,1992-10-29,DELIVER IN PERSON,AIR,ests solve. furio
42306-3,42306,1015,86,3,12.00,10992.12,0.04,0.07,R,F,1993-01-01,1992-10-15,1993-01-05,TAKE BACK RETURN,REG AIR,against th
42306-4,42306,1876,77,4,47.00,83559.89,0.02,0.00,R,F,1992-11-12,1992-12-06,1992-11-25,DELIVER IN PERSON,AIR, blithely silent accounts wake 
42306-5,42306,893,94,5,31.00,55610.59,0.09,0.06,A,F,1992-12-21,1992-10-29,1993-01-05,NONE,MAIL,. blithely ironic d
42306-6,42306,1361,38,6,35.00,44182.60,0.03,0.06,A,F,1992-09-17,1992-12-07,1992-09-25,COLLECT COD,AIR,boldly express deposits: r
42307-1,42307,115,94,1,40.00,40604.40,0.03,0.04,N,O,1998-06-15,1998-04-11,1998-06-27,COLLECT COD,FOB,g warthogs eat blithely. slyly
42307-2,42307,635,29,2,4.00,6142.52,0.08,0.01,N,O,1998-03-31,1998-05-01,1998-04-23,COLLECT COD,SHIP,bold ideas. iron
42307-3,42307,612,13,3,50.00,75630.50,0.00,0.00,N,O,1998-05-12,1998-04-30,1998-06-06,DELIVER IN PERSON,TRUCK,ress deposits. bo
42307-4,42307,1991,80,4,1.00,1892.99,0.10,0.05,N,O,1998-03-27,1998-05-05,1998-04-19,TAKE BACK RETURN,FOB,"sly. silent, unusual courts hinde"
42307-5,42307,1567,88,5,45.00,66085.20,0.05,0.07,N,O,1998-06-01,1998-04-13,1998-06-10,DELIVER IN PERSON,MAIL,"rding to the pending, silent or"
42307-6,42307,755,20,6,36.00,59607.00,0.10,0.08,N,O,1998-05-21,1998-05-16,1998-05-23,DELIVER IN PERSON,FOB,re between the regular courts! fur
42308-1,42308,552,13,1,3.00,4357.65,0.04,0.03,R,F,1994-10-02,1994-08-18,1994-10-03,COLLECT COD,RAIL,p carefull
42308-2,42308,1236,37,2,10.00,11372.30,0.06,0.08,R,F,1994-08-26,1994-07-25,1994-09-16,DELIVER IN PERSON,AIR,xes. ironic idea
42308-3,42308,128,29,3,13.00,13365.56,0.07,0.01,A,F,1994-10-11,1994-08-17,1994-11-10,DELIVER IN PERSON,REG AIR,ickly carefully b
42308-4,42308,553,54,4,50.00,72677.50,0.01,0.02,A,F,1994-07-12,1994-08-26,1994-07-31,NONE,SHIP, final foxes nag furiously around the fina
42308-5,42308,1729,72,5,5.00,8153.60,0.07,0.05,A,F,1994-08-23,1994-08-22,1994-09-04,COLLECT COD,AIR,careful reque
42309-1,42309,1735,62,1,29.00,47465.17,0.08,0.06,R,F,1994-11-01,1994-09-13,1994-11-13,TAKE BACK RETURN,AIR, the slyly regular instructions nag slyly b
42309-2,42309,946,81,2,21.00,38785.74,0.07,0.08,R,F,1994-08-20,1994-10-23,1994-09-12,TAKE BACK RETURN,AIR,"ely among the final, ironic packages. "
42309-3,42309,944,45,3,39.00,71952.66,0.10,0.04,R,F,1994-09-05,1994-09-13,1994-09-15,COLLECT COD,MAIL,the fluffily regul
42309-4,42309,1317,94,4,23.00,28021.13,0.07,0.07,A,F,1994-09-04,1994-09-16,1994-09-20,COLLECT COD,RAIL,ts need to wake. 
42309-5,42309,53,29,5,4.00,3812.20,0.07,0.00,A,F,1994-09-04,1994-09-12,1994-09-16,TAKE BACK RETURN,MAIL,"ing, final p"
42310-1,42310,559,90,1,4.00,5838.20,0.09,0.06,A,F,1994-11-14,1994-09-20,1994-11-16,COLLECT COD,REG AIR,furiously packages.
42310-2,42310,1662,86,2,21.00,32836.86,0.06,0.00,A,F,1994-10-14,1994-08-21,1994-10-26,COLLECT COD,SHIP,theodolites. de
42310-3,42310,1961,6,3,11.00,20492.56,0.09,0.00,A,F,1994-10-19,1994-09-02,1994-11-15,NONE,RAIL, express sheaves integ
42310-4,42310,1834,35,4,8.00,13886.64,0.10,0.07,R,F,1994-11-10,1994-09-12,1994-11-13,DELIVER IN PERSON,FOB,y unusual 
42310-5,42310,543,44,5,45.00,64959.30,0.05,0.06,R,F,1994-11-01,1994-08-30,1994-12-01,NONE,MAIL,l deposits are acr
42311-1,42311,1218,56,1,16.00,17907.36,0.03,0.05,N,O,1998-09-03,1998-10-09,1998-09-14,DELIVER IN PERSON,MAIL,egular foxes. blithely express r
42311-2,42311,264,46,2,26.00,30270.76,0.03,0.04,N,O,1998-10-28,1998-08-22,1998-11-11,COLLECT COD,AIR,ckages boost carefully warthogs. slyl
42311-3,42311,752,49,3,17.00,28096.75,0.02,0.02,N,O,1998-09-17,1998-10-07,1998-10-10,COLLECT COD,SHIP,encies. fl
42311-4,42311,1061,62,4,23.00,22127.38,0.02,0.08,N,O,1998-09-22,1998-09-05,1998-10-15,TAKE BACK RETURN,SHIP, boost furiously according 
42311-5,42311,1822,23,5,32.00,55162.24,0.03,0.04,N,O,1998-09-28,1998-09-03,1998-09-30,TAKE BACK RETURN,REG AIR,xcuses acros
42311-6,42311,1957,2,6,49.00,91088.55,0.02,0.06,N,O,1998-08-17,1998-08-21,1998-08-18,COLLECT COD,FOB,"inal, final excuses after th"
42336-1,42336,953,54,1,40.00,74158.00,0.02,0.01,R,F,1992-06-11,1992-07-26,1992-06-27,NONE,RAIL,pecial package
42336-2,42336,1174,83,2,25.00,26879.25,0.05,0.06,R,F,1992-06-25,1992-06-26,1992-07-15,NONE,AIR,slyly idle packages sleep quickly sly
42337-1,42337,414,2,1,37.00,48633.17,0.09,0.06,N,O,1996-01-15,1996-02-28,1996-01-18,COLLECT COD,AIR,according to the f
42337-2,42337,1585,6,2,30.00,44597.40,0.02,0.07,N,O,1996-01-29,1996-04-02,1996-02-08,DELIVER IN PERSON,RAIL," final platelets. unusual, silent plate"
42337-3,42337,1218,56,3,36.00,40291.56,0.07,0.08,N,O,1996-03-18,1996-02-21,1996-04-09,NONE,MAIL,hely regular grouches wake after the 
42337-4,42337,658,90,4,25.00,38966.25,0.08,0.07,N,O,1996-02-04,1996-02-07,1996-03-02,TAKE BACK RETURN,FOB,ages nag alongside of
42337-5,42337,1153,26,5,47.00,49545.05,0.04,0.07,N,O,1996-02-21,1996-03-15,1996-03-07,NONE,AIR,ncies. furiously 
42338-1,42338,657,58,1,37.00,57633.05,0.07,0.00,R,F,1995-01-31,1994-12-27,1995-02-09,DELIVER IN PERSON,AIR, sleep after the finally final 
42338-2,42338,1470,10,2,14.00,19200.58,0.07,0.07,A,F,1995-03-01,1995-01-03,1995-03-16,TAKE BACK RETURN,MAIL,ons use quickly against th
42338-3,42338,1461,62,3,16.00,21799.36,0.00,0.01,A,F,1994-12-08,1994-12-05,1994-12-25,TAKE BACK RETURN,SHIP, enticingly iron
42338-4,42338,1297,98,4,41.00,49129.89,0.04,0.03,A,F,1994-12-01,1994-12-11,1994-12-09,TAKE BACK RETURN,AIR,ss accounts nag! quic
42338-5,42338,989,92,5,34.00,64259.32,0.02,0.00,R,F,1995-01-31,1994-12-09,1995-02-03,DELIVER IN PERSON,REG AIR,blithely. slyly special asymptotes 
42339-1,42339,422,52,1,18.00,23803.56,0.00,0.08,R,F,1994-02-18,1994-03-28,1994-03-13,TAKE BACK RETURN,RAIL,uriously final packages shall have to 
42339-2,42339,1208,46,2,25.00,27730.00,0.08,0.05,A,F,1994-03-07,1994-05-06,1994-03-09,NONE,FOB,ly express foxes boost 
42339-3,42339,982,17,3,24.00,45191.52,0.04,0.01,R,F,1994-04-17,1994-03-23,1994-04-24,TAKE BACK RETURN,SHIP,y players haggle fluffily. regula
42339-4,42339,1165,74,4,47.00,50109.52,0.03,0.02,A,F,1994-04-21,1994-03-29,1994-05-15,DELIVER IN PERSON,REG AIR,ggle furiously. blith
42340-1,42340,211,66,1,22.00,24446.62,0.03,0.04,A,F,1992-07-26,1992-08-25,1992-08-12,NONE,FOB,y unusual packages sleep qui
42341-1,42341,495,96,1,7.00,9768.43,0.10,0.04,N,O,1996-08-08,1996-09-08,1996-08-22,COLLECT COD,RAIL,p furiously among the 
42341-2,42341,26,2,2,12.00,11112.24,0.01,0.04,N,O,1996-07-25,1996-08-19,1996-08-06,COLLECT COD,SHIP,uriously fi
42341-3,42341,626,58,3,13.00,19846.06,0.00,0.06,N,O,1996-11-02,1996-09-10,1996-12-01,DELIVER IN PERSON,SHIP, pending requests-- asympto
42342-1,42342,1803,90,1,40.00,68192.00,0.03,0.03,R,F,1994-12-12,1994-11-22,1994-12-20,DELIVER IN PERSON,REG AIR, packages. idle ideas ca
42342-2,42342,374,75,2,16.00,20389.92,0.04,0.03,R,F,1994-11-12,1994-11-13,1994-12-06,TAKE BACK RETURN,MAIL,kages wake near the regular deposits. 
42342-3,42342,990,59,3,21.00,39710.79,0.10,0.08,A,F,1994-11-06,1994-10-25,1994-11-07,NONE,TRUCK,side of th
42342-4,42342,1541,22,4,23.00,33178.42,0.05,0.08,R,F,1994-09-26,1994-11-19,1994-10-19,DELIVER IN PERSON,TRUCK,ong the regula
42343-1,42343,393,22,1,9.00,11640.51,0.06,0.06,A,F,1994-09-08,1994-11-07,1994-09-23,TAKE BACK RETURN,SHIP,ss instructions breach furiously 
42343-2,42343,1527,48,2,47.00,67140.44,0.09,0.00,R,F,1994-08-18,1994-09-18,1994-08-19,NONE,SHIP,the slyly pending wartho
42343-3,42343,1972,17,3,11.00,20613.67,0.01,0.02,A,F,1994-11-11,1994-09-26,1994-11-29,COLLECT COD,RAIL,earls boost. regularly ironic instructi
42368-1,42368,459,47,1,39.00,53018.55,0.05,0.03,N,O,1996-01-08,1996-01-19,1996-01-25,DELIVER IN PERSON,FOB,ent excuses wake ca
42368-2,42368,592,53,2,17.00,25374.03,0.10,0.00,N,O,1995-12-04,1995-12-11,1995-12-06,DELIVER IN PERSON,MAIL,o beans use furiou
42368-3,42368,1659,1,3,26.00,40576.90,0.07,0.06,N,O,1995-12-20,1996-01-06,1996-01-11,TAKE BACK RETURN,MAIL,gle furiously after the 
42369-1,42369,431,61,1,41.00,54588.63,0.09,0.06,R,F,1993-09-09,1993-10-26,1993-09-15,TAKE BACK RETURN,SHIP,lithely. carefully even ideas 
42369-2,42369,402,32,2,8.00,10419.20,0.06,0.03,A,F,1993-09-17,1993-10-23,1993-09-25,TAKE BACK RETURN,MAIL, excuses. furiously iro
42369-3,42369,1365,4,3,37.00,46855.32,0.02,0.08,R,F,1993-09-19,1993-11-03,1993-10-19,COLLECT COD,AIR, deposits are blithely regular excuses
42369-4,42369,1731,74,4,46.00,75105.58,0.09,0.04,R,F,1993-09-06,1993-10-18,1993-09-26,DELIVER IN PERSON,TRUCK,"ns affix among the unusual,"
42370-1,42370,131,32,1,16.00,16498.08,0.07,0.07,N,O,1996-01-17,1996-01-24,1996-02-05,COLLECT COD,MAIL,ve the slyl
42370-2,42370,1277,78,2,26.00,30635.02,0.06,0.07,N,O,1996-03-13,1996-01-27,1996-03-20,TAKE BACK RETURN,SHIP,y regular dependencies across the even plat
42370-3,42370,1694,36,3,14.00,22339.66,0.09,0.01,N,O,1995-12-27,1995-12-23,1996-01-10,NONE,RAIL,"ironic instructions haggle ironic, final de"
42371-1,42371,1462,2,1,12.00,16361.52,0.08,0.01,N,O,1996-03-26,1996-05-06,1996-04-25,TAKE BACK RETURN,MAIL,eposits; furiously final de
42372-1,42372,740,37,1,5.00,8203.70,0.03,0.05,N,O,1996-06-07,1996-07-12,1996-06-15,COLLECT COD,REG AIR,ending acc
42372-2,42372,1240,78,2,17.00,19401.08,0.00,0.07,N,O,1996-05-17,1996-06-26,1996-06-15,DELIVER IN PERSON,MAIL,grate after the furious
42372-3,42372,707,72,3,48.00,77169.60,0.07,0.03,N,O,1996-05-03,1996-07-21,1996-06-02,TAKE BACK RETURN,MAIL,ounts are. unusual accou
42372-4,42372,805,6,4,3.00,5117.40,0.06,0.08,N,O,1996-07-03,1996-07-09,1996-07-26,DELIVER IN PERSON,REG AIR,even deposits 
42372-5,42372,891,91,5,27.00,48381.03,0.08,0.07,N,O,1996-07-16,1996-05-27,1996-07-18,NONE,TRUCK,gle above the pinto b
42373-1,42373,1338,53,1,47.00,58248.51,0.09,0.01,N,O,1995-10-26,1995-10-26,1995-10-31,COLLECT COD,REG AIR,"ole alongside of the regular, regu"
42373-2,42373,1122,59,2,39.00,39901.68,0.07,0.03,N,O,1995-12-10,1995-09-18,1996-01-05,TAKE BACK RETURN,AIR, pending re
42373-3,42373,433,63,3,45.00,60004.35,0.10,0.03,N,O,1995-10-08,1995-11-14,1995-10-11,DELIVER IN PERSON,SHIP,olites sleep furiously dogg
42373-4,42373,127,6,4,25.00,25678.00,0.05,0.05,N,O,1995-10-30,1995-11-13,1995-11-05,COLLECT COD,AIR,thely fluffily slow 
42373-5,42373,395,96,5,43.00,55701.77,0.10,0.01,N,O,1995-09-26,1995-09-21,1995-09-27,NONE,AIR, the carefully ironic de
42374-1,42374,398,99,1,43.00,55830.77,0.02,0.03,R,F,1992-07-19,1992-09-17,1992-08-12,NONE,REG AIR,bove the pending epitaphs sl
42374-2,42374,485,44,2,9.00,12469.32,0.01,0.07,A,F,1992-08-09,1992-10-11,1992-08-25,COLLECT COD,TRUCK, slyly thin foxes are reg
42374-3,42374,1169,42,3,48.00,51367.68,0.02,0.04,A,F,1992-08-13,1992-08-18,1992-09-06,TAKE BACK RETURN,TRUCK,ly final accounts was furi
42374-4,42374,1319,96,4,4.00,4881.24,0.02,0.01,R,F,1992-08-27,1992-10-09,1992-09-17,TAKE BACK RETURN,AIR,equests are carefully. carefully ex
42375-1,42375,1130,31,1,28.00,28871.64,0.01,0.01,A,F,1993-11-06,1993-11-24,1993-11-12,NONE,AIR,ongside of the slyly even deposit
42375-2,42375,1051,57,2,39.00,37129.95,0.06,0.04,A,F,1993-12-15,1993-12-05,1994-01-08,NONE,TRUCK,haggle alongside of the never un
42375-3,42375,33,59,3,49.00,45718.47,0.06,0.02,A,F,1993-11-11,1993-12-24,1993-12-07,NONE,REG AIR,even accounts boost slyly ab
42375-4,42375,170,97,4,28.00,29964.76,0.06,0.02,R,F,1993-12-15,1993-11-30,1994-01-01,NONE,FOB, Tiresias wake blithely flu
42400-1,42400,955,90,1,42.00,77949.90,0.04,0.07,R,F,1992-09-06,1992-10-23,1992-09-12,COLLECT COD,AIR,"dolites. regular, final a"
42400-2,42400,1065,71,2,2.00,1932.12,0.06,0.08,A,F,1992-08-15,1992-10-29,1992-08-16,DELIVER IN PERSON,SHIP,xpress deposits use slyly. caref
42400-3,42400,1584,85,3,40.00,59423.20,0.04,0.05,A,F,1992-09-28,1992-10-24,1992-10-28,COLLECT COD,RAIL,final deposits. final pinto beans doubt 
42400-4,42400,1018,24,4,23.00,21137.23,0.03,0.01,R,F,1992-09-13,1992-10-28,1992-10-01,NONE,FOB,ing ideas wake. carefully special
42400-5,42400,1088,24,5,7.00,6923.56,0.06,0.04,A,F,1992-11-25,1992-10-01,1992-12-17,COLLECT COD,RAIL,the bold instructions. slyly expre
42401-1,42401,563,54,1,34.00,49761.04,0.09,0.02,N,O,1997-01-05,1996-10-22,1997-01-06,TAKE BACK RETURN,SHIP,ns. furiously ironi
42401-2,42401,1688,30,2,27.00,42921.36,0.09,0.03,N,O,1996-10-08,1996-11-13,1996-11-06,NONE,AIR,ent accounts haggle sl
42401-3,42401,672,66,3,12.00,18872.04,0.04,0.05,N,O,1996-11-10,1996-11-30,1996-12-08,NONE,TRUCK,ronic pearls. flu
42401-4,42401,130,31,4,29.00,29873.77,0.02,0.03,N,O,1996-12-18,1996-11-24,1997-01-14,TAKE BACK RETURN,SHIP,ests cajole quickly. bold theodolites a
42401-5,42401,1102,3,5,42.00,42130.20,0.07,0.07,N,O,1997-01-02,1996-11-11,1997-01-31,COLLECT COD,MAIL,sits wake slyly. fl
42402-1,42402,889,90,1,7.00,12529.16,0.09,0.07,A,F,1992-12-06,1992-10-14,1992-12-14,NONE,MAIL,ses. quickly bold ideas affix across th
42402-2,42402,1350,89,2,39.00,48802.65,0.04,0.06,A,F,1992-11-19,1992-10-17,1992-12-18,TAKE BACK RETURN,TRUCK,special theodolites along the furious
42403-1,42403,1452,53,1,32.00,43310.40,0.07,0.07,A,F,1994-07-08,1994-08-14,1994-08-03,DELIVER IN PERSON,MAIL,e blithely. express pinto 
42403-2,42403,1446,86,2,44.00,59287.36,0.10,0.05,R,F,1994-09-01,1994-08-31,1994-09-22,NONE,RAIL,sual requests; blithely pending deposits
42403-3,42403,1140,41,3,42.00,43727.88,0.00,0.08,A,F,1994-08-11,1994-08-24,1994-09-05,DELIVER IN PERSON,SHIP,kly along the inst
42403-4,42403,1065,36,4,49.00,47336.94,0.04,0.05,R,F,1994-07-18,1994-08-06,1994-08-15,DELIVER IN PERSON,SHIP,ously. quietly regular foxe
42403-5,42403,1221,22,5,15.00,16833.30,0.01,0.03,R,F,1994-08-22,1994-07-26,1994-09-18,COLLECT COD,SHIP,uffily final gifts
42403-6,42403,1515,96,6,12.00,16998.12,0.06,0.00,R,F,1994-08-27,1994-08-29,1994-09-25,DELIVER IN PERSON,AIR,tegrate fluffily above the furiousl
42404-1,42404,1264,76,1,11.00,12817.86,0.02,0.07,N,O,1998-01-24,1997-11-13,1998-02-05,DELIVER IN PERSON,TRUCK, accounts. even acco
42404-2,42404,1763,64,2,14.00,23306.64,0.09,0.07,N,O,1998-01-30,1997-11-05,1998-02-15,NONE,REG AIR,bold packages. 
42405-1,42405,1129,30,1,44.00,45325.28,0.08,0.02,R,F,1993-02-10,1993-04-21,1993-02-27,TAKE BACK RETURN,MAIL,ss the car
42405-2,42405,604,98,2,10.00,15046.00,0.03,0.00,R,F,1993-03-01,1993-03-09,1993-03-22,COLLECT COD,TRUCK,elets sleep along the exp
42405-3,42405,804,71,3,44.00,75011.20,0.05,0.07,A,F,1993-02-14,1993-02-25,1993-03-09,NONE,AIR,"sts. even, special instructions "
42405-4,42405,1054,25,4,21.00,20056.05,0.02,0.08,R,F,1993-04-26,1993-02-21,1993-05-16,NONE,SHIP,nic theodo
42405-5,42405,153,32,5,14.00,14744.10,0.08,0.05,A,F,1993-03-25,1993-03-01,1993-03-28,DELIVER IN PERSON,REG AIR,riously silent accounts bo
42405-6,42405,799,96,6,12.00,20397.48,0.09,0.01,A,F,1993-02-28,1993-02-26,1993-03-19,TAKE BACK RETURN,SHIP,nal requests integrate quickly even 
42406-1,42406,994,63,1,49.00,92854.51,0.01,0.08,N,O,1996-04-04,1996-02-28,1996-04-14,NONE,MAIL,into beans print quickl
42407-1,42407,1271,72,1,32.00,37512.64,0.08,0.03,N,O,1997-02-05,1997-03-09,1997-02-18,TAKE BACK RETURN,TRUCK,"le carefully regular, bold pinto"
42407-2,42407,1692,16,2,39.00,62153.91,0.03,0.07,N,O,1997-02-15,1997-02-17,1997-02-26,DELIVER IN PERSON,FOB,sits poach quickly at the s
42432-1,42432,1586,87,1,13.00,19338.54,0.02,0.03,R,F,1993-11-28,1993-11-26,1993-12-19,COLLECT COD,REG AIR,ding ideas nag across the slyly f
42432-2,42432,1573,94,2,31.00,45711.67,0.00,0.02,R,F,1993-09-20,1993-10-17,1993-09-21,NONE,AIR,aggle among the careful
42433-1,42433,814,81,1,32.00,54873.92,0.06,0.03,A,F,1993-05-30,1993-03-19,1993-06-22,NONE,AIR,slyly unusual accounts haggle quickly
42433-2,42433,490,91,2,23.00,31981.27,0.10,0.08,R,F,1993-04-20,1993-04-15,1993-05-08,TAKE BACK RETURN,SHIP,ss the ironic pinto beans-- blithely ironic
42433-3,42433,1462,41,3,40.00,54538.40,0.03,0.02,R,F,1993-03-29,1993-03-26,1993-04-01,COLLECT COD,TRUCK,st carefully packages; express ideas try to
42434-1,42434,1078,14,1,30.00,29372.10,0.10,0.07,N,O,1998-02-14,1998-03-28,1998-03-05,COLLECT COD,REG AIR,"ts nag ideas; special, "
42434-2,42434,222,4,2,3.00,3366.66,0.01,0.06,N,O,1998-01-24,1998-03-28,1998-01-25,DELIVER IN PERSON,AIR,lly pending accounts
42434-3,42434,1352,67,3,27.00,33840.45,0.09,0.06,N,O,1998-01-22,1998-04-09,1998-02-18,DELIVER IN PERSON,REG AIR,es cajole b
42434-4,42434,932,33,4,20.00,36658.60,0.06,0.04,N,O,1998-04-10,1998-04-04,1998-05-03,DELIVER IN PERSON,MAIL,"ithely instead of the ironic, even"
42434-5,42434,1261,62,5,37.00,43003.62,0.06,0.00,N,O,1998-02-25,1998-04-06,1998-03-14,NONE,REG AIR,s affix. carefully regular foxes cajole bli
42434-6,42434,368,53,6,9.00,11415.24,0.04,0.05,N,O,1998-04-09,1998-03-13,1998-05-06,TAKE BACK RETURN,SHIP,foxes. final request
42435-1,42435,1894,81,1,17.00,30530.13,0.10,0.02,N,O,1998-01-08,1997-12-18,1998-02-06,TAKE BACK RETURN,RAIL,odolites cajole furiously bol
42435-2,42435,933,34,2,30.00,55017.90,0.04,0.06,N,O,1998-02-04,1997-12-10,1998-02-15,COLLECT COD,AIR,s. blithely pending asymp
42436-1,42436,1123,24,1,19.00,19458.28,0.09,0.01,R,F,1992-10-20,1992-10-28,1992-11-07,DELIVER IN PERSON,REG AIR, ironic asymptotes
42436-2,42436,1423,2,2,35.00,46354.70,0.09,0.05,A,F,1992-09-17,1992-10-28,1992-10-15,NONE,TRUCK,egular deposits. fu
42436-3,42436,1902,35,3,36.00,64940.40,0.05,0.08,R,F,1992-08-12,1992-10-09,1992-08-20,TAKE BACK RETURN,AIR,efully even ideas against
42437-1,42437,1318,95,1,2.00,2438.62,0.02,0.02,A,F,1992-05-28,1992-06-03,1992-06-24,NONE,REG AIR,the asymptote
42437-2,42437,61,37,2,9.00,8649.54,0.00,0.01,R,F,1992-06-21,1992-05-18,1992-07-21,TAKE BACK RETURN,MAIL, carefully final deposits subla
42438-1,42438,1067,73,1,33.00,31945.98,0.07,0.05,N,O,1998-02-23,1998-02-01,1998-03-20,COLLECT COD,MAIL,"s. special, ironic deposits n"
42438-2,42438,1916,17,2,29.00,52719.39,0.05,0.01,N,O,1997-11-24,1998-02-07,1997-12-11,NONE,MAIL, detect carefully according to the sly
42438-3,42438,1950,83,3,44.00,81485.80,0.10,0.01,N,O,1998-01-08,1997-12-17,1998-01-22,DELIVER IN PERSON,MAIL, along the quickly silent packages. ir
42438-4,42438,396,25,4,15.00,19445.85,0.10,0.06,N,O,1998-02-23,1998-02-05,1998-03-16,NONE,TRUCK,ies. carefully regular requests sleep s
42438-5,42438,1924,69,5,31.00,56603.52,0.02,0.08,N,O,1998-01-09,1997-12-31,1998-02-05,TAKE BACK RETURN,TRUCK,the ironic accounts. fluff
42438-6,42438,985,88,6,24.00,45263.52,0.06,0.05,N,O,1997-12-19,1998-01-25,1998-01-14,NONE,FOB,eep. special p
42438-7,42438,761,26,7,17.00,28249.92,0.03,0.07,N,O,1997-12-21,1998-01-28,1998-01-10,DELIVER IN PERSON,AIR,y regular notornis engage carefu
42439-1,42439,1514,55,1,1.00,1415.51,0.06,0.02,A,F,1993-09-28,1993-07-25,1993-10-24,TAKE BACK RETURN,MAIL,"y pending foxes. pending, express"
42439-2,42439,169,96,2,11.00,11760.76,0.10,0.07,R,F,1993-09-14,1993-08-11,1993-09-24,TAKE BACK RETURN,SHIP,ly ironic 
42439-3,42439,1996,97,3,46.00,87307.54,0.09,0.01,A,F,1993-08-09,1993-09-17,1993-08-14,NONE,AIR, are blithely slyly bold ide
42439-4,42439,1437,38,4,26.00,34799.18,0.05,0.06,R,F,1993-08-04,1993-09-11,1993-08-08,COLLECT COD,AIR, the theodolites. carefully unusual theodo
42439-5,42439,1658,82,5,35.00,54587.75,0.01,0.03,A,F,1993-08-16,1993-08-23,1993-08-21,NONE,FOB,eodolites are. carefully unusual packages 
42439-6,42439,665,97,6,38.00,59495.08,0.07,0.03,R,F,1993-07-01,1993-08-28,1993-07-05,TAKE BACK RETURN,RAIL, cajole blithely. instru
42464-1,42464,90,91,1,49.00,48514.41,0.04,0.06,N,O,1998-02-16,1998-03-24,1998-02-26,TAKE BACK RETURN,MAIL,lly special instru
42464-2,42464,1485,3,2,25.00,34662.00,0.09,0.00,N,O,1998-05-06,1998-02-17,1998-05-19,DELIVER IN PERSON,FOB,ously carefully unusual ideas
42464-3,42464,132,85,3,9.00,9289.17,0.10,0.06,N,O,1998-02-06,1998-03-28,1998-03-05,COLLECT COD,REG AIR,e carefully requests? fluffily silent 
42465-1,42465,1,52,1,24.00,21624.00,0.01,0.01,A,F,1994-03-27,1994-03-11,1994-04-11,TAKE BACK RETURN,RAIL, the carefully final accounts. final ac
42465-2,42465,1208,83,2,40.00,44368.00,0.08,0.06,A,F,1994-04-04,1994-03-07,1994-04-24,COLLECT COD,SHIP," cajole ironic, bold requests."
42466-1,42466,1449,28,1,28.00,37812.32,0.09,0.03,A,F,1994-05-26,1994-05-31,1994-06-21,DELIVER IN PERSON,AIR,final deposits across the qui
42467-1,42467,66,42,1,22.00,21253.32,0.00,0.08,A,F,1993-11-21,1993-11-29,1993-12-16,TAKE BACK RETURN,RAIL,unts wake quickly against the car
42467-2,42467,1220,32,2,48.00,53818.56,0.10,0.07,A,F,1993-11-08,1993-12-31,1993-11-12,NONE,AIR,yly across the regular accounts
42467-3,42467,1496,36,3,38.00,53104.62,0.05,0.06,A,F,1994-02-01,1993-12-10,1994-02-02,DELIVER IN PERSON,RAIL,the furiously final f
42467-4,42467,1072,78,4,27.00,26272.89,0.05,0.04,A,F,1994-02-01,1993-12-05,1994-02-25,TAKE BACK RETURN,AIR,e regular theodolite
42468-1,42468,763,96,1,34.00,56567.84,0.06,0.01,A,F,1993-06-09,1993-06-09,1993-07-04,TAKE BACK RETURN,FOB,ironic packages. carefully iro
42469-1,42469,1838,25,1,11.00,19138.13,0.07,0.04,R,F,1993-02-23,1992-12-31,1993-03-02,TAKE BACK RETURN,MAIL,nstructions nag blithely quickly
42469-2,42469,1529,10,2,6.00,8583.12,0.06,0.05,A,F,1992-12-24,1993-01-25,1993-01-23,TAKE BACK RETURN,RAIL,wake ironic
42469-3,42469,320,5,3,28.00,34168.96,0.07,0.02,A,F,1992-11-16,1993-02-02,1992-12-06,NONE,TRUCK,ld requests are furiously bol
42469-4,42469,401,2,4,11.00,14315.40,0.04,0.02,A,F,1992-12-24,1992-12-30,1993-01-03,TAKE BACK RETURN,AIR,e? unusual excuse
42469-5,42469,1904,93,5,42.00,75847.80,0.07,0.08,A,F,1993-03-10,1992-12-10,1993-04-07,NONE,AIR,osits maintain ideas. deposits at the dolph
42469-6,42469,387,88,6,42.00,54069.96,0.04,0.06,A,F,1993-01-07,1993-02-03,1993-01-13,DELIVER IN PERSON,AIR,haggle about the furiously even depos
42470-1,42470,1190,99,1,38.00,41465.22,0.00,0.05,N,O,1998-07-26,1998-07-12,1998-08-01,TAKE BACK RETURN,TRUCK,anently regula
42470-2,42470,325,54,2,17.00,20830.44,0.02,0.00,N,O,1998-07-25,1998-09-04,1998-07-28,TAKE BACK RETURN,FOB,n theodolites wake after the ironic package
42470-3,42470,877,44,3,10.00,17778.70,0.06,0.08,N,O,1998-07-05,1998-09-05,1998-07-26,DELIVER IN PERSON,SHIP,ses alongsi
42470-4,42470,95,71,4,18.00,17911.62,0.04,0.02,N,O,1998-06-21,1998-08-28,1998-07-12,DELIVER IN PERSON,RAIL, regular ins
42470-5,42470,1014,20,5,21.00,19215.21,0.01,0.05,N,O,1998-09-21,1998-07-10,1998-10-19,DELIVER IN PERSON,FOB,ess packages cajole furious
42470-6,42470,172,99,6,15.00,16082.55,0.04,0.08,N,O,1998-08-21,1998-07-31,1998-09-08,DELIVER IN PERSON,RAIL,ncies hinder 
42470-7,42470,1500,18,7,35.00,49052.50,0.09,0.04,N,O,1998-09-10,1998-08-13,1998-09-29,TAKE BACK RETURN,FOB,boost furiously amo
42471-1,42471,898,99,1,40.00,71955.60,0.06,0.07,A,F,1992-04-03,1992-05-04,1992-04-16,TAKE BACK RETURN,REG AIR,press pinto beans beyon
42471-2,42471,905,8,2,42.00,75847.80,0.01,0.07,A,F,1992-04-10,1992-05-25,1992-05-02,TAKE BACK RETURN,FOB,"ts after the ironic,"
42471-3,42471,262,17,3,41.00,47652.66,0.09,0.04,R,F,1992-04-24,1992-05-12,1992-05-10,DELIVER IN PERSON,SHIP,structions integrate furiously about the de
42471-4,42471,131,32,4,39.00,40214.07,0.10,0.08,A,F,1992-06-20,1992-04-15,1992-06-27,COLLECT COD,SHIP,"above the even, bo"
42471-5,42471,1548,89,5,16.00,23192.64,0.07,0.00,A,F,1992-03-23,1992-05-02,1992-04-14,TAKE BACK RETURN,RAIL,int thin asymptote
42471-6,42471,1488,89,6,29.00,40294.92,0.01,0.02,A,F,1992-04-17,1992-04-16,1992-04-26,NONE,MAIL, after the even pinto beans do
42496-1,42496,1817,18,1,26.00,44689.06,0.02,0.00,N,O,1997-02-15,1997-04-24,1997-02-26,COLLECT COD,REG AIR,unts wake blithel
42497-1,42497,649,43,1,30.00,46489.20,0.00,0.01,N,O,1996-05-14,1996-06-07,1996-05-25,COLLECT COD,SHIP,ar requests. carefully regular foxes
42497-2,42497,662,63,2,21.00,32815.86,0.02,0.01,N,O,1996-05-05,1996-06-01,1996-05-25,DELIVER IN PERSON,MAIL,ose blithely carefully bold as
42498-1,42498,643,6,1,48.00,74094.72,0.00,0.05,A,F,1993-04-01,1993-03-26,1993-04-05,COLLECT COD,REG AIR, use final theod
42499-1,42499,1257,58,1,32.00,37064.00,0.05,0.08,N,O,1995-09-28,1995-09-24,1995-10-24,COLLECT COD,SHIP, fluffily ironic deposi
42500-1,42500,877,78,1,2.00,3555.74,0.06,0.04,A,F,1993-03-10,1993-03-23,1993-03-31,COLLECT COD,SHIP,instructions s
42500-2,42500,1018,24,2,50.00,45950.50,0.10,0.08,A,F,1993-05-23,1993-03-27,1993-06-18,DELIVER IN PERSON,FOB,uests about the carefully r
42500-3,42500,1683,84,3,13.00,20600.84,0.09,0.06,A,F,1993-02-22,1993-04-12,1993-02-25,NONE,TRUCK, special pl
42500-4,42500,1066,2,4,39.00,37715.34,0.00,0.07,R,F,1993-03-28,1993-04-18,1993-03-31,DELIVER IN PERSON,MAIL,s detect furiously about th
42500-5,42500,1464,43,5,13.00,17750.98,0.04,0.06,A,F,1993-05-13,1993-04-13,1993-05-16,DELIVER IN PERSON,MAIL,le slyly. caref
42501-1,42501,1244,56,1,16.00,18323.84,0.08,0.08,A,F,1992-11-24,1993-01-03,1992-12-07,TAKE BACK RETURN,TRUCK,eposits. expre
42501-2,42501,94,45,2,19.00,18887.71,0.08,0.06,A,F,1992-12-17,1993-01-20,1993-01-02,NONE,MAIL,ajole blithely special a
42501-3,42501,448,49,3,12.00,16181.28,0.08,0.03,A,F,1992-12-15,1993-01-02,1992-12-28,NONE,SHIP,accounts impress blithely pendi
42501-4,42501,1641,24,4,38.00,58620.32,0.09,0.03,R,F,1993-01-24,1993-01-29,1993-02-13,NONE,TRUCK,y permanent deposits maintain along
42501-5,42501,542,73,5,22.00,31735.88,0.08,0.02,R,F,1992-11-22,1992-12-24,1992-12-09,TAKE BACK RETURN,MAIL,s haggle thinly alongside of the blithely s
42501-6,42501,1833,20,6,24.00,41635.92,0.09,0.05,A,F,1993-01-16,1993-02-04,1993-02-14,NONE,MAIL,ts sleep around the silently ironic f
42501-7,42501,1557,78,7,42.00,61259.10,0.09,0.06,A,F,1992-12-25,1993-01-04,1993-01-15,DELIVER IN PERSON,REG AIR,lyly final request
42502-1,42502,60,11,1,13.00,12480.78,0.06,0.00,N,O,1997-07-19,1997-06-25,1997-08-12,COLLECT COD,MAIL,equests. fluf
42502-2,42502,363,64,2,6.00,7580.16,0.02,0.02,N,O,1997-09-08,1997-06-25,1997-09-30,NONE,MAIL,r packages sleep carefully blithely unusua
42503-1,42503,1159,96,1,3.00,3180.45,0.08,0.00,N,O,1997-03-10,1997-02-09,1997-03-28,NONE,TRUCK,sual packages cajole slyly along the fluff
42503-2,42503,1450,29,2,7.00,9460.15,0.03,0.00,N,O,1997-03-11,1997-02-16,1997-03-12,COLLECT COD,REG AIR,e carefully silent foxes are ca
42503-3,42503,1699,23,3,42.00,67228.98,0.05,0.01,N,O,1997-01-23,1997-02-06,1997-02-03,COLLECT COD,RAIL,ic theodolit
42503-4,42503,1617,59,4,1.00,1518.61,0.08,0.07,N,O,1997-01-27,1997-01-19,1997-02-17,COLLECT COD,AIR,slyly even excuses na
42503-5,42503,153,80,5,22.00,23169.30,0.04,0.04,N,O,1997-03-09,1997-02-23,1997-03-20,NONE,REG AIR,ld accounts about t
42503-6,42503,1077,48,6,27.00,26407.89,0.07,0.02,N,O,1996-12-10,1997-01-04,1996-12-13,NONE,MAIL,g deposits; slyly regular attainmen
42503-7,42503,834,68,7,39.00,67658.37,0.09,0.08,N,O,1997-03-07,1997-02-13,1997-03-19,DELIVER IN PERSON,AIR,old requests cajole along the instructio
42528-1,42528,292,20,1,31.00,36960.99,0.06,0.03,R,F,1993-05-29,1993-04-22,1993-06-12,TAKE BACK RETURN,FOB,ronic asymptotes could thrash final req
42528-2,42528,1002,73,2,16.00,14448.00,0.04,0.02,R,F,1993-04-02,1993-04-07,1993-04-25,COLLECT COD,TRUCK,s use furio
42528-3,42528,1496,14,3,32.00,44719.68,0.02,0.05,R,F,1993-03-06,1993-04-22,1993-04-02,NONE,SHIP, deposits. specia
42528-4,42528,1826,56,4,27.00,46651.14,0.06,0.03,A,F,1993-05-28,1993-05-01,1993-06-12,DELIVER IN PERSON,AIR,usly ironic p
42528-5,42528,1959,4,5,1.00,1860.95,0.10,0.07,R,F,1993-03-04,1993-04-08,1993-04-03,COLLECT COD,SHIP,"regular, bold pack"
42528-6,42528,1135,72,6,40.00,41445.20,0.08,0.06,A,F,1993-03-23,1993-04-18,1993-04-12,TAKE BACK RETURN,RAIL, pinto beans detect slyl
42528-7,42528,304,61,7,45.00,54193.50,0.05,0.01,R,F,1993-04-05,1993-05-21,1993-04-07,DELIVER IN PERSON,REG AIR,ely permanent instructions nag furiously 
42529-1,42529,1308,47,1,39.00,47162.70,0.02,0.04,A,F,1993-12-19,1994-01-04,1994-01-13,TAKE BACK RETURN,RAIL,nic deposits cajole fluffil
42529-2,42529,1117,90,2,46.00,46833.06,0.01,0.04,R,F,1993-10-21,1993-11-27,1993-11-01,DELIVER IN PERSON,MAIL,ending instructions across the unusu
42529-3,42529,909,44,3,13.00,23528.70,0.06,0.04,R,F,1994-01-05,1993-12-06,1994-01-21,NONE,FOB,pending theodolites. quic
42529-4,42529,738,39,4,29.00,47523.17,0.06,0.05,A,F,1993-10-13,1993-11-24,1993-10-23,NONE,AIR,"among the final, ironic"
42529-5,42529,1938,83,5,7.00,12879.51,0.07,0.05,R,F,1993-12-14,1994-01-02,1994-01-11,COLLECT COD,MAIL,p carefully
42530-1,42530,722,23,1,1.00,1622.72,0.03,0.01,N,O,1997-06-28,1997-07-02,1997-07-26,DELIVER IN PERSON,REG AIR,refully final pa
42530-2,42530,658,90,2,48.00,74815.20,0.07,0.00,N,O,1997-05-02,1997-06-23,1997-05-18,TAKE BACK RETURN,SHIP,ntain. iron
42530-3,42530,932,1,3,28.00,51322.04,0.02,0.06,N,O,1997-05-30,1997-06-15,1997-06-05,TAKE BACK RETURN,SHIP,y regular braids are always unus
42530-4,42530,1519,20,4,43.00,61081.93,0.09,0.08,N,O,1997-06-04,1997-06-27,1997-07-04,DELIVER IN PERSON,SHIP,ies lose quick
42530-5,42530,1273,48,5,43.00,50493.61,0.05,0.02,N,O,1997-05-16,1997-05-13,1997-05-18,TAKE BACK RETURN,AIR,ously regular accou
42530-6,42530,351,52,6,7.00,8759.45,0.06,0.00,N,O,1997-06-05,1997-05-22,1997-06-14,DELIVER IN PERSON,RAIL,sauternes.
42531-1,42531,587,78,1,14.00,20826.12,0.10,0.07,N,O,1996-05-27,1996-06-22,1996-06-08,DELIVER IN PERSON,MAIL,yly express package
42531-2,42531,1569,50,2,47.00,69116.32,0.03,0.00,N,O,1996-06-01,1996-07-02,1996-06-13,TAKE BACK RETURN,TRUCK,ests. carefully even pinto b
42531-3,42531,327,28,3,15.00,18409.80,0.10,0.04,N,O,1996-08-11,1996-07-22,1996-09-04,TAKE BACK RETURN,AIR,ost blithely ir
42531-4,42531,1315,16,4,10.00,12163.10,0.02,0.00,N,O,1996-05-13,1996-07-06,1996-05-27,NONE,AIR,bove the ironic accounts. quickly
42531-5,42531,1513,94,5,32.00,45264.32,0.04,0.05,N,O,1996-08-10,1996-07-16,1996-08-16,COLLECT COD,TRUCK,riously ir
42531-6,42531,1418,97,6,50.00,65970.50,0.07,0.02,N,O,1996-08-12,1996-07-25,1996-08-29,DELIVER IN PERSON,REG AIR,ructions serve fluffily ar
42531-7,42531,1475,93,7,8.00,11011.76,0.08,0.05,N,O,1996-08-31,1996-07-05,1996-09-17,DELIVER IN PERSON,AIR,urts cajole
42532-1,42532,1112,49,1,49.00,49642.39,0.03,0.08,N,O,1996-02-06,1996-03-17,1996-02-25,TAKE BACK RETURN,FOB,fily silent depo
42532-2,42532,1855,99,2,14.00,24595.90,0.07,0.07,N,O,1996-05-23,1996-03-22,1996-06-09,COLLECT COD,SHIP,s across the caref
42532-3,42532,1496,75,3,28.00,39129.72,0.00,0.05,N,O,1996-03-02,1996-03-20,1996-03-23,COLLECT COD,RAIL,equests use fur
42532-4,42532,496,26,4,8.00,11171.92,0.05,0.04,N,O,1996-04-12,1996-03-16,1996-04-13,COLLECT COD,RAIL,uests detect fluffily 
42533-1,42533,1053,54,1,22.00,20989.10,0.02,0.08,N,O,1998-07-31,1998-06-30,1998-08-27,DELIVER IN PERSON,RAIL, theodolites sleep
42533-2,42533,1590,31,2,4.00,5966.36,0.03,0.08,N,O,1998-06-28,1998-08-17,1998-07-01,NONE,RAIL,yly final courts
42533-3,42533,2,53,3,27.00,24354.00,0.08,0.05,N,O,1998-09-14,1998-07-17,1998-10-07,COLLECT COD,FOB,ess theodolites haggle expre
42533-4,42533,1362,39,4,43.00,54324.48,0.00,0.03,N,O,1998-07-13,1998-08-22,1998-07-28,TAKE BACK RETURN,AIR,believe quickly special e
42534-1,42534,1445,85,1,42.00,56550.48,0.02,0.00,A,F,1993-07-10,1993-06-09,1993-08-01,TAKE BACK RETURN,REG AIR,s nag accordin
42535-1,42535,898,65,1,21.00,37776.69,0.07,0.08,N,O,1996-02-27,1996-02-02,1996-03-12,DELIVER IN PERSON,AIR,"ges are silent, sly foxes. furiously bus"
42535-2,42535,348,5,2,24.00,29960.16,0.10,0.00,N,O,1995-12-14,1996-02-01,1996-01-11,NONE,AIR,excuses haggle according to t
42560-1,42560,527,58,1,37.00,52818.24,0.04,0.08,R,F,1993-02-16,1992-12-17,1993-03-10,DELIVER IN PERSON,RAIL,al deposits boost fluffily r
42560-2,42560,1471,72,2,49.00,67251.03,0.04,0.03,A,F,1992-11-29,1992-12-28,1992-12-03,NONE,MAIL,e of the furiously final instruc
42560-3,42560,1619,2,3,40.00,60824.40,0.01,0.01,R,F,1993-01-25,1993-01-01,1993-02-20,TAKE BACK RETURN,MAIL,he blithely ironic packages. 
42561-1,42561,1924,69,1,50.00,91296.00,0.09,0.08,A,F,1993-04-03,1993-04-27,1993-04-06,TAKE BACK RETURN,MAIL,gle carefully slyly pending packa
42561-2,42561,1453,93,2,46.00,62304.70,0.09,0.02,A,F,1993-05-15,1993-04-24,1993-05-28,COLLECT COD,RAIL,y slyly unusu
42561-3,42561,1206,7,3,15.00,16608.00,0.01,0.01,R,F,1993-02-09,1993-04-21,1993-02-27,TAKE BACK RETURN,AIR,ely ironic de
42561-4,42561,635,36,4,46.00,70638.98,0.05,0.02,A,F,1993-04-25,1993-03-30,1993-05-22,COLLECT COD,REG AIR,nic excuses. slyly fi
42561-5,42561,1331,32,5,14.00,17252.62,0.07,0.03,R,F,1993-05-12,1993-03-24,1993-06-11,COLLECT COD,TRUCK,ns thrash carefully regular theodolites.
42561-6,42561,1860,61,6,18.00,31713.48,0.01,0.00,A,F,1993-04-23,1993-04-10,1993-05-04,NONE,AIR, fluffily furiously ev
42561-7,42561,913,16,7,29.00,52603.39,0.05,0.05,R,F,1993-05-08,1993-05-01,1993-05-14,TAKE BACK RETURN,FOB,s are careful
42562-1,42562,702,99,1,1.00,1602.70,0.01,0.00,A,F,1994-09-29,1994-08-17,1994-10-28,COLLECT COD,REG AIR,furiously warho
42563-1,42563,37,13,1,41.00,38418.23,0.10,0.01,R,F,1993-08-15,1993-10-03,1993-09-09,NONE,FOB, about the furiously special ideas. caref
42563-2,42563,1200,73,2,11.00,12113.20,0.00,0.06,A,F,1993-11-26,1993-11-05,1993-11-27,COLLECT COD,AIR,ly express decoys. express foxes
42564-1,42564,470,29,1,2.00,2740.94,0.07,0.08,A,F,1992-12-16,1992-10-13,1992-12-26,DELIVER IN PERSON,TRUCK,ss accounts. fluffily even pac
42564-2,42564,692,86,2,41.00,65300.29,0.01,0.00,A,F,1992-11-01,1992-10-28,1992-11-23,NONE,SHIP,"tructions: even, fi"
42564-3,42564,958,27,3,44.00,81793.80,0.06,0.06,R,F,1992-10-23,1992-10-31,1992-10-31,TAKE BACK RETURN,AIR,osits. care
42565-1,42565,1540,61,1,16.00,23064.64,0.05,0.03,R,F,1993-10-24,1993-12-03,1993-11-02,TAKE BACK RETURN,MAIL,e furiously re
42565-2,42565,1798,41,2,34.00,57792.86,0.06,0.00,R,F,1993-12-07,1993-11-17,1994-01-01,NONE,SHIP,express reque
42565-3,42565,1913,2,3,49.00,88930.59,0.10,0.06,A,F,1993-12-07,1993-12-13,1993-12-28,DELIVER IN PERSON,TRUCK,ccounts! regular asympto
42565-4,42565,838,72,4,45.00,78247.35,0.08,0.05,R,F,1994-01-10,1993-12-15,1994-02-02,NONE,AIR,carefully unusual theodolite
42565-5,42565,886,53,5,27.00,48245.76,0.06,0.05,R,F,1993-09-29,1993-10-26,1993-10-06,TAKE BACK RETURN,TRUCK,se. slyly ironic deposits
42565-6,42565,646,47,6,42.00,64958.88,0.05,0.08,A,F,1993-10-06,1993-11-27,1993-10-14,COLLECT COD,MAIL,onic accounts caj
42566-1,42566,72,48,1,49.00,47631.43,0.06,0.07,A,F,1994-04-25,1994-04-13,1994-05-24,DELIVER IN PERSON,SHIP,furiously permanent 
42566-2,42566,681,13,2,50.00,79084.00,0.01,0.01,R,F,1994-06-14,1994-04-23,1994-06-15,TAKE BACK RETURN,SHIP,ironic dolphins sleep unusual in
42566-3,42566,526,57,3,15.00,21397.80,0.10,0.02,R,F,1994-06-13,1994-05-31,1994-07-12,DELIVER IN PERSON,RAIL,nt accounts. ir
42566-4,42566,1252,53,4,5.00,5766.25,0.07,0.02,A,F,1994-04-29,1994-05-31,1994-05-10,NONE,SHIP,ncies. packages cajol
42567-1,42567,1841,42,1,17.00,29628.28,0.00,0.08,A,F,1993-01-24,1993-03-20,1993-02-19,TAKE BACK RETURN,FOB,in request
42567-2,42567,1400,39,2,9.00,11712.60,0.02,0.00,A,F,1993-03-16,1993-02-23,1993-04-11,TAKE BACK RETURN,RAIL,ites. blithely ironic foxes cajole. slyl
42567-3,42567,1151,88,3,22.00,23147.30,0.08,0.01,R,F,1993-02-27,1993-04-11,1993-03-05,DELIVER IN PERSON,MAIL,ncies nag slyly carefully bold accoun
42567-4,42567,1124,61,4,15.00,15376.80,0.01,0.07,A,F,1993-04-23,1993-02-23,1993-05-20,TAKE BACK RETURN,SHIP,", fluffy packages int"
42567-5,42567,1357,34,5,18.00,22650.30,0.08,0.05,R,F,1993-03-16,1993-03-05,1993-03-30,DELIVER IN PERSON,MAIL,tegrate slyly special tithes. re
42592-1,42592,799,96,1,6.00,10198.74,0.03,0.05,A,F,1994-09-01,1994-10-03,1994-09-10,TAKE BACK RETURN,RAIL, fluffily regular
42592-2,42592,716,81,2,33.00,53351.43,0.00,0.04,A,F,1994-07-25,1994-08-26,1994-07-26,DELIVER IN PERSON,AIR,ending deposits. blith
42592-3,42592,76,27,3,19.00,18545.33,0.03,0.05,R,F,1994-11-01,1994-08-31,1994-11-25,NONE,REG AIR,s after the quic
42592-4,42592,297,25,4,8.00,9578.32,0.04,0.04,R,F,1994-10-16,1994-09-26,1994-10-17,NONE,RAIL,", ironic packages"
42592-5,42592,185,64,5,18.00,19533.24,0.04,0.04,A,F,1994-09-25,1994-10-01,1994-10-11,COLLECT COD,TRUCK,e the doggedly silent pinto beans; carefull
42592-6,42592,139,92,6,21.00,21821.73,0.10,0.07,A,F,1994-09-25,1994-08-26,1994-10-02,COLLECT COD,TRUCK,ly even inst
42593-1,42593,1232,7,1,11.00,12465.53,0.07,0.01,N,O,1998-08-09,1998-07-17,1998-08-10,COLLECT COD,SHIP,"pending, bold deposits cajole blithely. f"
42593-2,42593,1029,35,2,9.00,8370.18,0.08,0.02,N,O,1998-07-25,1998-07-12,1998-08-24,NONE,FOB, final requests. fluffily even instr
42593-3,42593,775,72,3,41.00,68706.57,0.00,0.06,N,O,1998-06-23,1998-07-24,1998-07-12,TAKE BACK RETURN,RAIL,nal theodolites integrate ironically
42593-4,42593,894,94,4,33.00,59231.37,0.09,0.05,N,O,1998-09-23,1998-07-11,1998-10-10,DELIVER IN PERSON,TRUCK,p. quickly special i
42593-5,42593,1914,15,5,8.00,14527.28,0.09,0.05,N,O,1998-07-05,1998-07-09,1998-07-22,COLLECT COD,AIR,ing to the slyly silent accounts.
42594-1,42594,1109,46,1,31.00,31313.10,0.07,0.00,N,O,1996-02-03,1996-02-01,1996-02-26,DELIVER IN PERSON,REG AIR,players shall have to wake s
42594-2,42594,336,21,2,14.00,17308.62,0.06,0.00,N,O,1996-02-24,1996-02-09,1996-03-04,TAKE BACK RETURN,AIR,e. fluffily final packages up the accou
42594-3,42594,544,35,3,50.00,72227.00,0.04,0.03,N,O,1996-01-03,1996-01-18,1996-01-31,DELIVER IN PERSON,AIR,regular pinto bea
42595-1,42595,1753,80,1,39.00,64535.25,0.05,0.05,N,O,1997-08-30,1997-09-10,1997-09-05,TAKE BACK RETURN,AIR, carefully unusual theo
42595-2,42595,932,35,2,47.00,86147.71,0.02,0.03,N,O,1997-10-29,1997-09-22,1997-11-26,TAKE BACK RETURN,AIR,"n, special in"
42596-1,42596,155,8,1,35.00,36930.25,0.05,0.03,R,F,1992-11-29,1992-10-04,1992-12-09,DELIVER IN PERSON,MAIL, the carefully pending deposits. quickly 
42596-2,42596,1007,78,2,15.00,13620.00,0.01,0.01,R,F,1992-11-11,1992-10-13,1992-11-18,COLLECT COD,TRUCK,gular foxes. fluffily blithe de
42597-1,42597,225,26,1,16.00,18003.52,0.09,0.03,R,F,1993-06-10,1993-05-09,1993-06-14,DELIVER IN PERSON,SHIP,t the slyly regular realms are fluffily spe
42598-1,42598,782,79,1,3.00,5048.34,0.10,0.01,N,O,1996-08-22,1996-07-22,1996-08-28,TAKE BACK RETURN,FOB, silent accounts a
42598-2,42598,904,5,2,21.00,37902.90,0.02,0.06,N,O,1996-05-13,1996-07-06,1996-05-28,NONE,FOB,counts wake furi
42598-3,42598,174,75,3,3.00,3222.51,0.07,0.07,N,O,1996-08-18,1996-07-25,1996-08-19,TAKE BACK RETURN,SHIP,e final packages. furiously spec
42598-4,42598,464,94,4,38.00,51849.48,0.04,0.00,N,O,1996-07-24,1996-07-28,1996-08-23,COLLECT COD,SHIP, ironic requests. slyly ironic 
42598-5,42598,1235,47,5,45.00,51130.35,0.04,0.06,N,O,1996-08-17,1996-07-26,1996-09-12,TAKE BACK RETURN,RAIL,encies are quickly along the 
42598-6,42598,1054,55,6,17.00,16235.85,0.07,0.06,N,O,1996-07-29,1996-07-12,1996-08-27,DELIVER IN PERSON,AIR,ending packages about the fina
42599-1,42599,94,45,1,28.00,27834.52,0.07,0.04,R,F,1994-04-25,1994-06-13,1994-04-27,COLLECT COD,RAIL,lly even packages. furio
42599-2,42599,1189,90,2,32.00,34885.76,0.00,0.01,R,F,1994-08-03,1994-06-12,1994-08-12,NONE,SHIP,"affix quick, bo"
42599-3,42599,42,68,3,17.00,16014.68,0.01,0.07,A,F,1994-07-31,1994-05-17,1994-08-15,NONE,SHIP,nic theodolites. d
42599-4,42599,1688,30,4,20.00,31793.60,0.04,0.00,A,F,1994-04-20,1994-06-07,1994-04-23,TAKE BACK RETURN,MAIL,s. ironic deposits cajole fluffily acr
42624-1,42624,678,79,1,7.00,11050.69,0.10,0.07,A,F,1992-05-06,1992-04-03,1992-06-04,NONE,AIR,"eposits snooze among the ironic, bold se"
42624-2,42624,1432,72,2,18.00,24001.74,0.10,0.03,R,F,1992-03-17,1992-04-15,1992-04-09,TAKE BACK RETURN,RAIL,oss the ir
42624-3,42624,1154,27,3,44.00,46426.60,0.08,0.03,A,F,1992-06-02,1992-05-04,1992-06-04,DELIVER IN PERSON,AIR,ccounts wake fluffily above the carefully 
42624-4,42624,967,2,4,27.00,50434.92,0.05,0.02,A,F,1992-03-21,1992-05-08,1992-03-31,COLLECT COD,FOB,s wake slyly furiously f
42624-5,42624,937,72,5,18.00,33082.74,0.10,0.00,A,F,1992-03-24,1992-04-14,1992-04-20,COLLECT COD,TRUCK,furiously ironi
42624-6,42624,1367,6,6,4.00,5073.44,0.10,0.07,R,F,1992-06-16,1992-04-16,1992-06-24,NONE,AIR,realms haggle
42624-7,42624,1103,76,7,21.00,21086.10,0.10,0.01,A,F,1992-03-18,1992-04-17,1992-03-21,TAKE BACK RETURN,REG AIR,ily ironic instructions. steal
42625-1,42625,868,68,1,4.00,7075.44,0.05,0.01,N,O,1997-12-09,1997-10-19,1998-01-03,TAKE BACK RETURN,TRUCK, carefully sly
42625-2,42625,198,77,2,25.00,27454.75,0.07,0.02,N,O,1997-12-05,1997-11-13,1998-01-03,COLLECT COD,TRUCK,symptotes. furiously 
42626-1,42626,872,73,1,32.00,56731.84,0.05,0.08,N,O,1998-05-29,1998-03-27,1998-06-27,NONE,AIR,riously about the always ironic ac
42626-2,42626,63,14,2,9.00,8667.54,0.09,0.03,N,O,1998-03-20,1998-04-12,1998-03-26,TAKE BACK RETURN,RAIL,fully express deposits haggle along t
42626-3,42626,1155,64,3,32.00,33796.80,0.05,0.01,N,O,1998-04-06,1998-04-01,1998-05-03,COLLECT COD,SHIP,"g to the ironic,"
42626-4,42626,1698,99,4,34.00,54389.46,0.06,0.06,N,O,1998-04-21,1998-03-21,1998-05-08,NONE,AIR,ts affix carefully at the always regu
42626-5,42626,1704,31,5,16.00,25691.20,0.10,0.00,N,O,1998-03-31,1998-03-20,1998-04-11,NONE,SHIP,riously final foxes are carefully a
42626-6,42626,131,84,6,15.00,15466.95,0.10,0.00,N,O,1998-03-08,1998-04-22,1998-04-02,NONE,SHIP, beans accordin
42626-7,42626,439,40,7,33.00,44201.19,0.06,0.07,N,O,1998-02-16,1998-04-25,1998-03-06,DELIVER IN PERSON,SHIP,final instructions. furiously unusual
42627-1,42627,802,36,1,46.00,78328.80,0.00,0.06,N,O,1996-12-29,1997-01-12,1997-01-04,NONE,REG AIR,lly after the special ideas. carefully 
42628-1,42628,660,23,1,12.00,18727.92,0.09,0.01,N,F,1995-06-05,1995-06-05,1995-07-04,DELIVER IN PERSON,REG AIR,unusual instructions. ironic depo
42628-2,42628,17,68,2,41.00,37597.41,0.08,0.02,N,O,1995-07-31,1995-07-23,1995-08-07,NONE,SHIP,sits wake quickly about th
42628-3,42628,1594,35,3,17.00,25425.03,0.05,0.04,N,O,1995-07-03,1995-07-17,1995-07-26,DELIVER IN PERSON,REG AIR,special accounts cajo
42629-1,42629,1001,7,1,30.00,27060.00,0.05,0.05,R,F,1994-02-15,1994-03-30,1994-03-16,COLLECT COD,MAIL,luffily final pinto beans was after the iro
42630-1,42630,1242,80,1,13.00,14862.12,0.06,0.08,A,F,1993-03-24,1993-02-24,1993-04-20,DELIVER IN PERSON,TRUCK,sleep carefully abo
42631-1,42631,1986,87,1,31.00,58527.38,0.05,0.00,R,F,1994-08-02,1994-07-27,1994-08-29,DELIVER IN PERSON,RAIL,nts. blithely regular ideas cajole. c
42631-2,42631,1679,3,2,29.00,45839.43,0.06,0.06,R,F,1994-06-14,1994-07-24,1994-07-13,NONE,TRUCK,s poach sometimes pending foxe
42631-3,42631,1600,21,3,11.00,16517.60,0.10,0.04,A,F,1994-08-28,1994-06-16,1994-09-22,DELIVER IN PERSON,AIR,ts. furiously bold instructions wake quick
42631-4,42631,766,63,4,15.00,25001.40,0.08,0.07,A,F,1994-05-11,1994-07-26,1994-05-25,DELIVER IN PERSON,MAIL,dencies wake pending packages. spe
42631-5,42631,1423,2,5,20.00,26488.40,0.04,0.07,A,F,1994-06-14,1994-07-30,1994-07-08,DELIVER IN PERSON,RAIL,s boost slyly pending pac
42631-6,42631,517,78,6,34.00,48195.34,0.08,0.08,R,F,1994-05-17,1994-06-30,1994-05-26,TAKE BACK RETURN,AIR, quickly. slyly even ideas might 
42631-7,42631,274,29,7,18.00,21136.86,0.08,0.05,R,F,1994-06-01,1994-06-18,1994-06-02,DELIVER IN PERSON,REG AIR, even packages. b
42656-1,42656,871,38,1,25.00,44296.75,0.00,0.04,N,O,1996-01-05,1996-01-08,1996-01-29,COLLECT COD,RAIL,ly waters.
42656-2,42656,596,87,2,34.00,50884.06,0.10,0.05,N,O,1996-02-12,1996-02-07,1996-03-06,NONE,TRUCK,"ironic, ironic dolphins. requests about the"
42656-3,42656,869,3,3,34.00,60175.24,0.05,0.08,N,O,1996-01-28,1996-01-30,1996-01-30,DELIVER IN PERSON,FOB,". bold, regular foxes wake furiously at "
42656-4,42656,1171,8,4,10.00,10721.70,0.00,0.05,N,O,1996-01-27,1996-01-14,1996-02-08,DELIVER IN PERSON,SHIP,xes print blithely above the quickly bold
42657-1,42657,1888,89,1,29.00,51906.52,0.02,0.06,N,O,1995-11-21,1995-12-09,1995-12-18,COLLECT COD,SHIP,"nal, final idea"
42657-2,42657,1643,67,2,27.00,41705.28,0.03,0.02,N,O,1995-10-16,1995-11-27,1995-10-22,COLLECT COD,RAIL,ependencies wake blithely final ideas. some
42657-3,42657,1202,77,3,21.00,23167.20,0.05,0.08,N,O,1995-10-09,1995-12-19,1995-10-24,COLLECT COD,MAIL,old courts 
42658-1,42658,1293,94,1,34.00,40605.86,0.03,0.07,A,F,1993-08-07,1993-08-01,1993-08-24,TAKE BACK RETURN,REG AIR,foxes after 
42658-2,42658,451,81,2,29.00,39192.05,0.04,0.05,R,F,1993-08-19,1993-07-17,1993-08-24,COLLECT COD,MAIL, deposits hagg
42658-3,42658,1302,3,3,35.00,42115.50,0.07,0.08,A,F,1993-10-04,1993-09-10,1993-10-28,COLLECT COD,RAIL,wake doggedly about the final theodolite
42659-1,42659,1450,68,1,10.00,13514.50,0.06,0.00,N,O,1995-07-30,1995-10-10,1995-08-03,TAKE BACK RETURN,SHIP,xpress requests! slyly i
42659-2,42659,357,14,2,31.00,38977.85,0.06,0.04,N,O,1995-10-01,1995-08-18,1995-10-08,TAKE BACK RETURN,TRUCK,"deposits. bold, expre"
42659-3,42659,1419,98,3,1.00,1320.41,0.04,0.02,N,O,1995-08-31,1995-10-11,1995-09-13,DELIVER IN PERSON,TRUCK, final requests poach 
42659-4,42659,1947,92,4,4.00,7395.76,0.02,0.08,N,O,1995-11-01,1995-10-07,1995-11-27,COLLECT COD,TRUCK,nstructions wake above the carefully 
42659-5,42659,419,49,5,24.00,31665.84,0.09,0.00,N,O,1995-10-23,1995-09-18,1995-11-21,COLLECT COD,MAIL,es. blithely final reques
42660-1,42660,366,23,1,9.00,11397.24,0.05,0.08,N,O,1997-06-05,1997-03-23,1997-06-12,NONE,REG AIR,d packages haggle always blith
42660-2,42660,562,93,2,28.00,40951.68,0.02,0.00,N,O,1997-05-19,1997-05-11,1997-05-27,COLLECT COD,AIR,osits wake f
42660-3,42660,1328,5,3,5.00,6146.60,0.09,0.00,N,O,1997-03-23,1997-04-24,1997-04-10,DELIVER IN PERSON,REG AIR,the silent asymptotes nag care
42660-4,42660,875,76,4,10.00,17758.70,0.05,0.04,N,O,1997-04-17,1997-03-26,1997-04-18,DELIVER IN PERSON,AIR,lve quickly ruthles
42660-5,42660,1974,19,5,3.00,5627.91,0.09,0.08,N,O,1997-06-03,1997-04-16,1997-06-25,TAKE BACK RETURN,AIR,uffily express depend
42661-1,42661,464,94,1,37.00,50485.02,0.01,0.05,N,O,1998-05-30,1998-06-18,1998-06-06,DELIVER IN PERSON,TRUCK,sly requests boost be
42661-2,42661,1333,72,2,15.00,18514.95,0.04,0.02,N,O,1998-06-30,1998-07-31,1998-07-13,TAKE BACK RETURN,MAIL,beans wake carefully after the pi
42661-3,42661,1010,11,3,45.00,40995.45,0.00,0.03,N,O,1998-06-01,1998-07-02,1998-06-11,DELIVER IN PERSON,REG AIR,ix carefully final p
42661-4,42661,1339,78,4,11.00,13643.63,0.03,0.01,N,O,1998-07-02,1998-06-22,1998-07-08,TAKE BACK RETURN,FOB,counts after the fluffily regul
42661-5,42661,1161,34,5,40.00,42486.40,0.06,0.02,N,O,1998-07-10,1998-06-15,1998-07-19,NONE,AIR,regular pearls. carefully dogged a
42661-6,42661,204,86,6,50.00,55210.00,0.08,0.00,N,O,1998-09-04,1998-08-04,1998-09-28,COLLECT COD,MAIL,packages. requests wake quickly furi
42661-7,42661,1234,46,7,3.00,3405.69,0.06,0.02,N,O,1998-08-11,1998-06-20,1998-08-14,COLLECT COD,MAIL,telets across the plate
42662-1,42662,1227,28,1,14.00,15795.08,0.08,0.02,N,O,1997-09-26,1997-09-12,1997-10-02,DELIVER IN PERSON,SHIP,quests thrash slyly. doggedly specia
42663-1,42663,1677,78,1,30.00,47360.10,0.00,0.02,N,O,1998-03-10,1998-05-05,1998-04-07,DELIVER IN PERSON,MAIL,quests. quickly bol
42663-2,42663,1163,72,2,40.00,42566.40,0.00,0.02,N,O,1998-04-16,1998-04-08,1998-04-22,TAKE BACK RETURN,SHIP,y careful platelets wake. blithely fi
42688-1,42688,1180,81,1,48.00,51896.64,0.07,0.08,R,F,1992-11-30,1992-09-17,1992-12-15,NONE,TRUCK,ias; carefully unusual ideas 
42689-1,42689,75,1,1,43.00,41928.01,0.08,0.07,N,O,1995-12-22,1996-02-29,1995-12-24,NONE,REG AIR,ffily brave f
42690-1,42690,610,42,1,41.00,61935.01,0.03,0.00,A,F,1993-12-18,1993-11-16,1993-12-30,DELIVER IN PERSON,SHIP,encies. bo
42690-2,42690,41,42,2,25.00,23526.00,0.06,0.06,R,F,1993-10-02,1993-11-18,1993-10-19,COLLECT COD,TRUCK,al requests; ironic
42690-3,42690,943,12,3,10.00,18439.40,0.10,0.08,A,F,1993-11-05,1993-10-31,1993-11-11,NONE,MAIL, furiously. 
42690-4,42690,1312,27,4,7.00,8493.17,0.06,0.05,A,F,1993-11-27,1993-12-13,1993-12-03,COLLECT COD,AIR,ronic accounts sleep alongside of t
42691-1,42691,1765,50,1,36.00,60003.36,0.06,0.02,A,F,1993-08-18,1993-07-21,1993-08-19,COLLECT COD,RAIL, special foxes wake carefully. final 
42691-2,42691,793,90,2,12.00,20325.48,0.00,0.08,A,F,1993-08-18,1993-07-27,1993-09-11,TAKE BACK RETURN,FOB,ic ideas are along the permanently regular
42691-3,42691,1053,89,3,17.00,16218.85,0.04,0.01,R,F,1993-07-03,1993-08-02,1993-07-06,NONE,RAIL,ze quickly even
42691-4,42691,683,77,4,39.00,61763.52,0.01,0.04,A,F,1993-08-22,1993-06-24,1993-09-20,TAKE BACK RETURN,TRUCK,use furiously according to the fu
42691-5,42691,953,88,5,17.00,31517.15,0.09,0.06,A,F,1993-06-29,1993-08-04,1993-07-05,COLLECT COD,TRUCK,"kages detect ironic, unusual foxes. "
42691-6,42691,727,92,6,15.00,24415.80,0.10,0.08,A,F,1993-07-24,1993-07-04,1993-07-26,NONE,MAIL, the fluffily pending
42691-7,42691,1373,88,7,15.00,19115.55,0.08,0.04,A,F,1993-06-19,1993-06-27,1993-07-12,TAKE BACK RETURN,SHIP,s are furiously. slyly regula
42692-1,42692,1688,71,1,18.00,28614.24,0.10,0.07,N,O,1996-02-15,1996-03-18,1996-03-14,DELIVER IN PERSON,FOB,ly fluffily express dependencies. sly
42692-2,42692,1070,41,2,29.00,28161.03,0.01,0.03,N,O,1995-12-26,1996-03-12,1996-01-20,TAKE BACK RETURN,AIR,ers. regular package
42692-3,42692,1422,40,3,48.00,63524.16,0.10,0.04,N,O,1996-01-14,1996-02-25,1996-02-05,COLLECT COD,SHIP,ly: quickly unusual account
42692-4,42692,1912,1,4,47.00,85253.77,0.10,0.00,N,O,1996-04-12,1996-03-05,1996-04-25,COLLECT COD,REG AIR,ily special b
42692-5,42692,1018,24,5,24.00,22056.24,0.04,0.06,N,O,1996-03-07,1996-02-21,1996-03-27,DELIVER IN PERSON,RAIL,nal foxes use ruthlessly above the
42693-1,42693,1225,26,1,41.00,46175.02,0.08,0.04,A,F,1994-07-01,1994-06-05,1994-07-09,COLLECT COD,SHIP,across the furiously iro
42693-2,42693,1551,72,2,27.00,39218.85,0.10,0.02,A,F,1994-05-01,1994-05-08,1994-05-10,NONE,TRUCK,er. slyly regular re
42693-3,42693,1943,88,3,20.00,36898.80,0.04,0.06,A,F,1994-04-13,1994-05-15,1994-05-09,COLLECT COD,RAIL,ular packages. regular 
42693-4,42693,431,61,4,21.00,27960.03,0.00,0.04,A,F,1994-06-18,1994-07-04,1994-07-04,COLLECT COD,MAIL,jole quickly
42693-5,42693,1522,43,5,2.00,2847.04,0.06,0.05,R,F,1994-04-23,1994-05-24,1994-05-22,COLLECT COD,RAIL,e to sleep. regular deposits cajol
42694-1,42694,622,23,1,24.00,36542.88,0.07,0.02,N,O,1996-05-18,1996-05-06,1996-05-25,DELIVER IN PERSON,TRUCK,the unusual grouches
42694-2,42694,943,46,2,37.00,68225.78,0.05,0.00,N,O,1996-07-09,1996-06-13,1996-07-13,DELIVER IN PERSON,MAIL,"thrash quickly. even, sil"
42694-3,42694,555,46,3,24.00,34933.20,0.07,0.01,N,O,1996-07-25,1996-05-13,1996-08-13,TAKE BACK RETURN,SHIP,hlessly even the
42694-4,42694,1537,58,4,13.00,18700.89,0.06,0.03,N,O,1996-04-22,1996-06-16,1996-05-21,TAKE BACK RETURN,MAIL,blithely final asymptotes. f
42694-5,42694,1373,88,5,1.00,1274.37,0.09,0.03,N,O,1996-04-28,1996-05-20,1996-05-16,COLLECT COD,SHIP,ccounts cajole slyly across 
42694-6,42694,1471,89,6,45.00,61761.15,0.03,0.06,N,O,1996-04-07,1996-06-17,1996-04-27,NONE,FOB,ully. unusua
42695-1,42695,492,22,1,19.00,26457.31,0.02,0.05,R,F,1994-03-18,1994-03-12,1994-04-09,NONE,RAIL,es haggle furiously
42720-1,42720,594,25,1,2.00,2989.18,0.05,0.07,N,O,1995-11-12,1995-09-24,1995-11-25,DELIVER IN PERSON,MAIL, requests solve s
42721-1,42721,1681,5,1,26.00,41149.68,0.04,0.04,N,O,1997-04-05,1997-02-03,1997-05-02,COLLECT COD,REG AIR,pending platel
42721-2,42721,637,31,2,1.00,1537.63,0.00,0.07,N,O,1997-03-23,1997-01-28,1997-04-09,NONE,TRUCK,"s. bold, regular requests wake. blithely ir"
42722-1,42722,139,92,1,35.00,36369.55,0.04,0.04,R,F,1992-11-05,1992-12-02,1992-11-07,NONE,MAIL, special requests. ideas about the regular 
42722-2,42722,110,63,2,2.00,2020.22,0.03,0.05,A,F,1992-10-16,1993-01-06,1992-11-08,TAKE BACK RETURN,MAIL,. carefully final requests detect! fi
42722-3,42722,299,81,3,3.00,3597.87,0.06,0.06,R,F,1992-11-12,1992-11-11,1992-12-01,COLLECT COD,TRUCK,ickly. pending packages nag sl
42722-4,42722,1125,98,4,49.00,50279.88,0.02,0.03,A,F,1992-10-30,1992-12-26,1992-11-22,NONE,SHIP,sly even instructions use 
42722-5,42722,1028,99,5,46.00,42734.92,0.06,0.05,R,F,1992-10-31,1992-11-27,1992-11-21,NONE,AIR,ckages. ironic foxes cajol
42723-1,42723,30,6,1,25.00,23250.75,0.00,0.01,N,O,1998-02-06,1998-03-13,1998-02-18,TAKE BACK RETURN,FOB,pinto beans s
42723-2,42723,369,70,2,36.00,45696.96,0.09,0.00,N,O,1998-02-15,1998-02-25,1998-03-03,COLLECT COD,AIR,ular platelets wake sly
42723-3,42723,95,21,3,48.00,47764.32,0.10,0.04,N,O,1998-03-04,1998-02-28,1998-03-10,TAKE BACK RETURN,MAIL,heodolites are requests. exp
42723-4,42723,500,30,4,19.00,26609.50,0.09,0.03,N,O,1998-02-12,1998-03-21,1998-02-19,NONE,RAIL,iously expr
42724-1,42724,214,15,1,4.00,4456.84,0.04,0.01,N,O,1996-12-11,1996-11-21,1996-12-30,NONE,FOB,s across the fluffily regular i
42724-2,42724,1148,49,2,20.00,20982.80,0.08,0.04,N,O,1996-10-11,1996-10-01,1996-10-15,TAKE BACK RETURN,REG AIR,"lyly. ironic, even pinto bean"
42725-1,42725,1198,71,1,6.00,6595.14,0.03,0.07,N,O,1995-08-01,1995-07-03,1995-08-08,NONE,MAIL," silent, bold dug"
42725-2,42725,171,24,2,50.00,53558.50,0.01,0.03,N,O,1995-07-09,1995-06-09,1995-07-27,NONE,TRUCK, blithely quickly special requ
42725-3,42725,707,72,3,22.00,35369.40,0.01,0.03,N,O,1995-08-16,1995-06-19,1995-08-26,COLLECT COD,TRUCK,uests wake furiously across the quickly fin
42725-4,42725,567,28,4,35.00,51364.60,0.06,0.08,N,O,1995-08-06,1995-06-27,1995-09-05,NONE,REG AIR,ons. slyly ex
42726-1,42726,899,33,1,40.00,71995.60,0.05,0.01,R,F,1993-08-11,1993-10-08,1993-08-17,NONE,SHIP," the special, final "
42726-2,42726,1658,41,2,42.00,65505.30,0.05,0.04,A,F,1993-09-29,1993-09-07,1993-10-26,NONE,AIR,en deposits. slyly close deposit
42726-3,42726,1379,18,3,38.00,48654.06,0.05,0.00,A,F,1993-10-16,1993-09-21,1993-11-14,TAKE BACK RETURN,MAIL,ven requests. fina
42727-1,42727,170,71,1,40.00,42806.80,0.05,0.04,A,F,1995-05-04,1995-07-02,1995-06-03,DELIVER IN PERSON,MAIL,ful accounts wake slyly across the final re
42727-2,42727,1695,19,2,50.00,79834.50,0.08,0.04,N,F,1995-06-02,1995-07-05,1995-07-01,COLLECT COD,SHIP,e quickly special accounts. unu
42727-3,42727,304,89,3,1.00,1204.30,0.03,0.07,N,O,1995-07-07,1995-06-06,1995-07-20,NONE,SHIP,regular deposits affix f
42752-1,42752,1126,99,1,3.00,3081.36,0.06,0.01,N,O,1996-10-14,1996-12-06,1996-11-13,TAKE BACK RETURN,MAIL,"ag bold escapades. ironic,"
42752-2,42752,1927,28,2,22.00,40236.24,0.02,0.02,N,O,1996-10-20,1996-11-19,1996-11-08,COLLECT COD,TRUCK,nto beans wake slyly e
42752-3,42752,1071,42,3,29.00,28190.03,0.03,0.00,N,O,1996-12-26,1996-10-28,1997-01-24,TAKE BACK RETURN,RAIL,bold packages sleep alongside of the furio
42753-1,42753,1581,22,1,33.00,48925.14,0.00,0.04,A,F,1992-03-09,1992-03-24,1992-03-15,NONE,AIR,"ses. express, reg"
42753-2,42753,1989,34,2,18.00,34037.64,0.02,0.06,A,F,1992-03-11,1992-03-28,1992-03-23,DELIVER IN PERSON,FOB,ites. ironic accounts thrash fur
42753-3,42753,1096,2,3,19.00,18944.71,0.04,0.03,A,F,1992-02-02,1992-02-18,1992-02-07,NONE,FOB," pending, final foxes use "
42753-4,42753,842,42,4,16.00,27885.44,0.03,0.07,A,F,1992-04-27,1992-04-10,1992-04-28,NONE,MAIL,xcuses! requests use across the fina
42754-1,42754,1925,14,1,29.00,52980.68,0.01,0.03,A,F,1993-08-29,1993-11-17,1993-09-15,NONE,AIR, slyly regular instructions. deposits solv
42754-2,42754,1989,90,2,43.00,81312.14,0.09,0.04,A,F,1993-10-31,1993-10-12,1993-11-26,TAKE BACK RETURN,AIR,the pending packages nag among the slyly
42754-3,42754,965,68,3,9.00,16793.64,0.08,0.06,R,F,1993-10-05,1993-11-20,1993-10-10,COLLECT COD,AIR,s. slyly permanent de
42754-4,42754,1955,100,4,29.00,53851.55,0.04,0.06,A,F,1993-10-16,1993-10-03,1993-11-15,COLLECT COD,AIR,posits haggle ironical
42754-5,42754,408,9,5,6.00,7850.40,0.07,0.02,A,F,1993-08-30,1993-10-13,1993-09-13,NONE,FOB,gular theodolites s
42754-6,42754,1880,24,6,15.00,26728.20,0.03,0.05,A,F,1993-12-04,1993-11-08,1993-12-18,NONE,RAIL,ly bold ac
42754-7,42754,134,13,7,27.00,27921.51,0.00,0.08,R,F,1993-12-17,1993-11-21,1994-01-16,COLLECT COD,RAIL, frays. even e
42755-1,42755,1659,1,1,25.00,39016.25,0.01,0.00,A,F,1992-11-24,1992-10-26,1992-12-04,TAKE BACK RETURN,SHIP,uests x-ray bli
42755-2,42755,1264,2,2,18.00,20974.68,0.05,0.01,R,F,1992-09-30,1992-10-28,1992-10-19,DELIVER IN PERSON,MAIL,es solve busily waters. fluffily eve
42755-3,42755,606,100,3,47.00,70810.20,0.08,0.05,A,F,1992-11-06,1992-09-26,1992-11-09,TAKE BACK RETURN,REG AIR,r deposits nag slyly. blithely sil
42756-1,42756,794,59,1,10.00,16947.90,0.03,0.06,R,F,1993-07-06,1993-07-30,1993-07-11,COLLECT COD,TRUCK,"y unusual,"
42756-2,42756,176,29,2,46.00,49503.82,0.00,0.01,R,F,1993-09-02,1993-08-05,1993-09-23,DELIVER IN PERSON,TRUCK,lithely express deposits hagg
42756-3,42756,23,74,3,43.00,39689.86,0.04,0.06,R,F,1993-09-02,1993-09-18,1993-09-09,DELIVER IN PERSON,MAIL,side of the furiously
42756-4,42756,1140,49,4,4.00,4164.56,0.09,0.07,A,F,1993-07-15,1993-09-18,1993-07-31,DELIVER IN PERSON,TRUCK,t the foxes. quickly ironic excuses hag
42756-5,42756,1411,51,5,3.00,3937.23,0.07,0.05,A,F,1993-09-18,1993-08-15,1993-10-14,NONE,TRUCK, silent hockey players. slyly iro
42756-6,42756,586,17,6,16.00,23785.28,0.05,0.07,R,F,1993-08-14,1993-08-11,1993-08-28,DELIVER IN PERSON,REG AIR,fully bold packages cajole. carefully expr
42757-1,42757,1309,48,1,46.00,55673.80,0.06,0.02,N,O,1995-06-25,1995-08-20,1995-07-01,COLLECT COD,SHIP,. carefully regular accounts sleep. packag
42757-2,42757,1071,72,2,10.00,9720.70,0.10,0.01,N,F,1995-06-01,1995-08-13,1995-06-25,DELIVER IN PERSON,RAIL, foxes cajole. regul
42758-1,42758,1564,65,1,1.00,1465.56,0.02,0.06,R,F,1993-02-18,1993-02-07,1993-02-20,TAKE BACK RETURN,MAIL,e to kindle aft
42758-2,42758,1,27,2,40.00,36040.00,0.10,0.05,R,F,1993-03-01,1993-01-09,1993-03-08,DELIVER IN PERSON,REG AIR,ending dolphins. instructions affix furious
42758-3,42758,630,24,3,37.00,56633.31,0.10,0.02,R,F,1992-11-16,1992-12-18,1992-12-13,NONE,TRUCK,ing pinto 
42758-4,42758,9,35,4,18.00,16362.00,0.06,0.05,A,F,1993-02-15,1992-12-15,1993-03-09,COLLECT COD,MAIL,ronic packages; slyly ironic depos
42758-5,42758,1962,7,5,40.00,74558.40,0.04,0.01,A,F,1993-01-08,1993-01-27,1993-01-11,DELIVER IN PERSON,AIR,"egular requests sleep above the ironic, f"
42758-6,42758,1188,25,6,6.00,6535.08,0.08,0.08,R,F,1993-01-03,1992-12-12,1993-01-28,COLLECT COD,FOB,tealthily. asymptotes haggle caref
42758-7,42758,1404,22,7,1.00,1305.40,0.00,0.07,R,F,1993-01-19,1992-12-21,1993-02-15,TAKE BACK RETURN,RAIL,c packages. quickly final instr
42759-1,42759,1780,65,1,19.00,31953.82,0.09,0.01,N,O,1997-05-18,1997-04-25,1997-05-29,TAKE BACK RETURN,AIR,al patterns. blithely special pinto bean
42759-2,42759,1937,38,2,39.00,71718.27,0.00,0.08,N,O,1997-04-24,1997-04-30,1997-05-09,DELIVER IN PERSON,REG AIR, waters haggle blithely slyly i
42759-3,42759,1669,52,3,8.00,12565.28,0.09,0.04,N,O,1997-02-23,1997-03-18,1997-03-15,TAKE BACK RETURN,MAIL,ly express pi
42759-4,42759,620,21,4,9.00,13685.58,0.03,0.00,N,O,1997-04-28,1997-04-09,1997-05-24,TAKE BACK RETURN,MAIL,lar deposits haggle quickly ironically 
42759-5,42759,215,43,5,49.00,54645.29,0.00,0.06,N,O,1997-04-10,1997-03-25,1997-05-01,NONE,RAIL,ost. special gifts detect furiously blithe
42759-6,42759,1832,33,6,47.00,81490.01,0.05,0.05,N,O,1997-06-02,1997-03-31,1997-07-02,NONE,REG AIR, frays. quickly regula
42784-1,42784,1550,31,1,36.00,52255.80,0.10,0.02,N,O,1996-06-03,1996-06-11,1996-06-13,COLLECT COD,AIR,lly sauternes.
42784-2,42784,1232,7,2,25.00,28330.75,0.10,0.04,N,O,1996-08-22,1996-06-17,1996-09-05,DELIVER IN PERSON,RAIL,odolites boost carefully expr
42785-1,42785,1393,94,1,36.00,46598.04,0.08,0.01,N,O,1996-09-25,1996-10-22,1996-10-17,DELIVER IN PERSON,TRUCK, beans above the fluffily ironic 
42785-2,42785,1523,24,2,24.00,34188.48,0.10,0.03,N,O,1996-09-24,1996-11-29,1996-09-30,DELIVER IN PERSON,FOB,ts x-ray against
42785-3,42785,1990,91,3,17.00,32163.83,0.10,0.03,N,O,1996-12-22,1996-10-13,1997-01-02,NONE,TRUCK,y regular ideas. furiously bold req
42785-4,42785,971,40,4,5.00,9359.85,0.08,0.01,N,O,1997-01-02,1996-11-01,1997-01-20,COLLECT COD,RAIL,r deposits use dogg
42785-5,42785,1775,2,5,1.00,1676.77,0.02,0.05,N,O,1996-11-02,1996-11-20,1996-11-09,COLLECT COD,FOB,ns. carefully regular acco
42785-6,42785,1615,98,6,49.00,74313.89,0.03,0.08,N,O,1997-01-08,1996-11-27,1997-01-26,TAKE BACK RETURN,REG AIR," above the express, regular hockey players "
42785-7,42785,1641,24,7,24.00,37023.36,0.07,0.08,N,O,1996-12-19,1996-10-22,1996-12-24,NONE,RAIL, bold dolphins! regular platelets 
42786-1,42786,867,68,1,43.00,76017.98,0.00,0.05,R,F,1993-12-08,1993-12-03,1994-01-07,DELIVER IN PERSON,RAIL, accounts. carefully even ideas detect slyl
42786-2,42786,870,4,2,36.00,63751.32,0.05,0.06,R,F,1993-11-04,1993-12-16,1993-12-02,DELIVER IN PERSON,RAIL,ully pending ideas above the 
42786-3,42786,606,7,3,25.00,37665.00,0.00,0.05,A,F,1993-10-22,1993-11-16,1993-11-04,TAKE BACK RETURN,SHIP,es haggle. even 
42786-4,42786,1164,37,4,37.00,39410.92,0.08,0.07,R,F,1993-10-30,1994-01-03,1993-11-09,NONE,SHIP,ously express patterns. furiou
42787-1,42787,846,13,1,26.00,45417.84,0.03,0.01,N,O,1997-08-31,1997-07-10,1997-09-24,NONE,SHIP,uickly after the ruthlessly ruthless
42787-2,42787,1034,35,2,16.00,14960.48,0.04,0.08,N,O,1997-09-14,1997-08-14,1997-09-19,DELIVER IN PERSON,REG AIR,al requests. fur
42787-3,42787,301,86,3,11.00,13214.30,0.07,0.03,N,O,1997-06-06,1997-06-19,1997-06-29,COLLECT COD,REG AIR,the blithely special dep
42787-4,42787,1684,26,4,43.00,68184.24,0.07,0.01,N,O,1997-09-12,1997-07-10,1997-09-13,TAKE BACK RETURN,AIR,press foxes. quickly express requests 
42787-5,42787,1045,16,5,14.00,13244.56,0.08,0.01,N,O,1997-08-23,1997-06-21,1997-09-16,DELIVER IN PERSON,MAIL,are quickly regular depen
42787-6,42787,293,21,6,40.00,47731.60,0.01,0.04,N,O,1997-07-13,1997-07-10,1997-07-25,DELIVER IN PERSON,RAIL,"lly alongside of the special, ironic Tires"
42787-7,42787,1194,95,7,5.00,5475.95,0.09,0.07,N,O,1997-07-13,1997-06-15,1997-08-10,NONE,AIR,s x-ray blithely slyly fina
42788-1,42788,825,25,1,15.00,25887.30,0.06,0.05,N,O,1995-12-23,1996-01-12,1996-01-11,NONE,REG AIR,ual requests kindle. special package
42788-2,42788,1460,100,2,11.00,14976.06,0.10,0.06,N,O,1995-11-29,1995-12-03,1995-12-15,COLLECT COD,TRUCK,heodolites boost about th
42788-3,42788,416,46,3,24.00,31593.84,0.03,0.08,N,O,1995-10-29,1995-12-17,1995-11-11,DELIVER IN PERSON,TRUCK,wake slyly among 
42788-4,42788,1023,94,4,30.00,27720.60,0.04,0.05,N,O,1995-11-21,1996-01-02,1995-12-11,COLLECT COD,RAIL,furiously unusual request
42789-1,42789,419,7,1,23.00,30346.43,0.02,0.06,A,F,1992-03-21,1992-04-06,1992-03-30,TAKE BACK RETURN,RAIL,ses cajole blithely quickly ironi
42790-1,42790,1715,16,1,48.00,77602.08,0.08,0.07,N,O,1998-05-27,1998-06-02,1998-06-22,NONE,RAIL, deposits haggle furiou
42790-2,42790,1912,45,2,29.00,52603.39,0.06,0.08,N,O,1998-06-16,1998-07-02,1998-07-05,TAKE BACK RETURN,REG AIR, slyly even fox
42790-3,42790,1106,15,3,27.00,27191.70,0.01,0.07,N,O,1998-06-11,1998-06-04,1998-07-02,COLLECT COD,SHIP,ake carefully blithe
42790-4,42790,125,52,4,33.00,33828.96,0.06,0.01,N,O,1998-05-12,1998-06-03,1998-05-27,COLLECT COD,FOB,"e even, final pinto beans: carefully final"
42790-5,42790,1794,95,5,4.00,6783.16,0.07,0.01,N,O,1998-07-22,1998-06-28,1998-08-07,NONE,RAIL,ong the special p
42790-6,42790,171,98,6,44.00,47131.48,0.10,0.06,N,O,1998-05-30,1998-06-14,1998-06-03,COLLECT COD,RAIL,eans haggle regular acc
42790-7,42790,1170,79,7,13.00,13925.21,0.06,0.03,N,O,1998-08-15,1998-07-24,1998-09-05,NONE,AIR,pinto beans. carefully regular 
42791-1,42791,593,54,1,21.00,31365.39,0.06,0.06,N,O,1998-01-23,1998-03-08,1998-01-26,NONE,RAIL,unwind fur
42816-1,42816,340,25,1,19.00,23566.46,0.04,0.07,R,F,1992-05-21,1992-04-20,1992-06-02,COLLECT COD,TRUCK,ly. asymptotes 
42816-2,42816,262,44,2,47.00,54626.22,0.07,0.05,A,F,1992-04-11,1992-05-20,1992-05-04,TAKE BACK RETURN,FOB,lyly special instructions according t
42816-3,42816,1764,49,3,24.00,39978.24,0.01,0.05,A,F,1992-04-04,1992-05-22,1992-04-14,NONE,SHIP,y bold deposits eat excuses. 
42816-4,42816,308,9,4,24.00,28999.20,0.05,0.05,R,F,1992-04-10,1992-05-15,1992-04-25,DELIVER IN PERSON,TRUCK,gly even sentiments. f
42816-5,42816,1685,86,5,32.00,50773.76,0.08,0.06,A,F,1992-06-30,1992-06-11,1992-07-17,DELIVER IN PERSON,MAIL,ironic requests. pac
42817-1,42817,1008,44,1,41.00,37269.00,0.04,0.02,N,O,1997-09-25,1997-11-25,1997-10-06,NONE,RAIL,he carefully silen
42817-2,42817,536,97,2,24.00,34476.72,0.09,0.08,N,O,1997-12-11,1997-10-01,1997-12-13,TAKE BACK RETURN,RAIL,n excuses inte
42818-1,42818,1304,81,1,32.00,38569.60,0.06,0.02,A,F,1993-07-13,1993-08-12,1993-08-01,DELIVER IN PERSON,FOB,es. requests nag furiously
42818-2,42818,1234,46,2,23.00,26110.29,0.09,0.05,R,F,1993-09-12,1993-08-21,1993-09-28,TAKE BACK RETURN,SHIP, regular packages. ironic p
42819-1,42819,1377,16,1,37.00,47299.69,0.04,0.07,N,O,1998-04-13,1998-05-03,1998-04-27,TAKE BACK RETURN,SHIP,ven deposits nag furiously about the accoun
42819-2,42819,388,73,2,40.00,51535.20,0.10,0.05,N,O,1998-07-22,1998-06-03,1998-08-11,COLLECT COD,TRUCK,ts. slow requests sleep. slyly
42819-3,42819,1724,67,3,23.00,37391.56,0.06,0.01,N,O,1998-04-12,1998-06-24,1998-04-18,NONE,RAIL,uffily unusual deposits. blithely pendi
42819-4,42819,591,82,4,7.00,10441.13,0.03,0.07,N,O,1998-06-27,1998-05-31,1998-07-04,DELIVER IN PERSON,RAIL,"regular, final multiplier"
42820-1,42820,1640,82,1,45.00,69373.80,0.08,0.08,A,F,1993-03-30,1993-05-15,1993-04-11,TAKE BACK RETURN,TRUCK,cajole after the f
42821-1,42821,1838,39,1,37.00,64373.71,0.03,0.03,N,O,1997-10-10,1997-10-06,1997-10-18,NONE,AIR,ress accounts ca
42821-2,42821,909,12,2,49.00,88685.10,0.10,0.02,N,O,1997-11-01,1997-09-18,1997-11-21,COLLECT COD,REG AIR,"sly around the final, regular pinto beans"
42821-3,42821,1479,19,3,50.00,69023.50,0.00,0.08,N,O,1997-08-22,1997-10-05,1997-09-10,TAKE BACK RETURN,AIR,to beans. furiously cl
42821-4,42821,1397,12,4,29.00,37653.31,0.10,0.02,N,O,1997-08-15,1997-09-27,1997-08-27,COLLECT COD,RAIL,r accounts
42821-5,42821,987,56,5,23.00,43423.54,0.05,0.08,N,O,1997-10-26,1997-10-06,1997-11-07,COLLECT COD,RAIL,inal packages breach slyly along the ironi
42822-1,42822,405,93,1,7.00,9137.80,0.10,0.04,N,O,1998-08-11,1998-06-11,1998-08-18,DELIVER IN PERSON,SHIP,as cajole. sl
42822-2,42822,473,32,2,30.00,41204.10,0.08,0.02,N,O,1998-06-01,1998-06-13,1998-06-18,DELIVER IN PERSON,AIR,ies use blithely slyly regular dolphins. b
42822-3,42822,933,68,3,48.00,88028.64,0.10,0.00,N,O,1998-05-25,1998-07-05,1998-06-19,DELIVER IN PERSON,TRUCK, shall have to sleep. regular dep
42822-4,42822,886,87,4,31.00,55393.28,0.06,0.04,N,O,1998-06-05,1998-07-16,1998-07-03,COLLECT COD,SHIP,nusual deposits. bold as
42822-5,42822,1283,21,5,35.00,41449.80,0.09,0.02,N,O,1998-08-07,1998-05-31,1998-08-11,TAKE BACK RETURN,TRUCK,"the bold, ironic pearls boost furio"
42822-6,42822,544,35,6,8.00,11556.32,0.10,0.06,N,O,1998-08-18,1998-07-10,1998-08-31,NONE,REG AIR,sits kindle after the carefully even idea
42823-1,42823,1854,98,1,14.00,24581.90,0.00,0.01,R,F,1993-09-03,1993-09-15,1993-09-15,COLLECT COD,AIR, wake to the pending re
42823-2,42823,767,100,2,10.00,16677.60,0.10,0.00,R,F,1993-06-28,1993-09-12,1993-07-04,TAKE BACK RETURN,MAIL,refully ironic instructions are quickly 
42823-3,42823,116,17,3,7.00,7112.77,0.06,0.04,A,F,1993-10-24,1993-09-18,1993-10-25,COLLECT COD,RAIL,elets. qui
42823-4,42823,1145,54,4,19.00,19876.66,0.07,0.02,A,F,1993-10-02,1993-07-28,1993-10-06,DELIVER IN PERSON,REG AIR,"posits according to the regular, regular"
42823-5,42823,330,87,5,42.00,51673.86,0.06,0.01,R,F,1993-07-23,1993-08-20,1993-08-02,DELIVER IN PERSON,MAIL,ts. blithely ironic deposits c
42823-6,42823,1119,20,6,46.00,46925.06,0.04,0.05,R,F,1993-08-14,1993-08-13,1993-09-12,COLLECT COD,SHIP,"ress, express deposits cajole furiousl"
42848-1,42848,1528,69,1,22.00,31449.44,0.04,0.04,R,F,1992-12-30,1992-11-15,1993-01-24,TAKE BACK RETURN,RAIL,ilent packages cajole above the fluffi
42849-1,42849,1477,78,1,21.00,28947.87,0.02,0.07,N,O,1996-07-19,1996-07-08,1996-07-31,DELIVER IN PERSON,FOB,s believe q
42849-2,42849,1523,24,2,44.00,62678.88,0.05,0.08,N,O,1996-08-14,1996-07-07,1996-08-15,DELIVER IN PERSON,FOB, bold requests use never pendin
42849-3,42849,302,3,3,13.00,15629.90,0.09,0.08,N,O,1996-05-26,1996-08-01,1996-05-29,COLLECT COD,FOB,nto beans sle
42849-4,42849,796,29,4,31.00,52600.49,0.10,0.01,N,O,1996-07-27,1996-07-13,1996-08-04,NONE,FOB,s promise stea
42849-5,42849,320,49,5,6.00,7321.92,0.07,0.00,N,O,1996-06-18,1996-07-14,1996-07-01,DELIVER IN PERSON,REG AIR,ests are carefully furiou
42850-1,42850,909,44,1,2.00,3619.80,0.03,0.01,N,O,1995-07-12,1995-08-13,1995-07-14,NONE,RAIL, nag quickly. blithely regular 
42850-2,42850,434,22,2,29.00,38698.47,0.00,0.07,N,O,1995-07-02,1995-09-03,1995-07-27,DELIVER IN PERSON,SHIP, requests affix accordin
42850-3,42850,944,79,3,16.00,29519.04,0.05,0.03,N,O,1995-07-25,1995-08-24,1995-08-12,DELIVER IN PERSON,RAIL,ns nag carefully carefully quiet acco
42851-1,42851,676,77,1,23.00,36263.41,0.05,0.00,A,F,1994-09-11,1994-07-13,1994-09-30,NONE,RAIL,y even requests caj
42851-2,42851,1997,42,2,17.00,32282.83,0.00,0.05,R,F,1994-06-11,1994-07-24,1994-06-17,NONE,TRUCK,y special pinto beans doubt
42851-3,42851,326,11,3,37.00,45373.84,0.03,0.04,R,F,1994-09-23,1994-08-16,1994-10-14,NONE,REG AIR,ructions snooze slyly along 
42851-4,42851,867,34,4,34.00,60107.24,0.02,0.06,A,F,1994-08-04,1994-08-26,1994-08-09,NONE,SHIP,encies sleep slyly regular reque
42851-5,42851,385,86,5,32.00,41132.16,0.05,0.04,A,F,1994-07-19,1994-07-12,1994-08-12,NONE,MAIL,ns across the special foxes are af
42852-1,42852,1874,4,1,42.00,74586.54,0.03,0.08,A,F,1995-04-14,1995-02-13,1995-04-22,TAKE BACK RETURN,MAIL,er thinly about the p
42852-2,42852,1736,37,2,7.00,11464.11,0.00,0.00,R,F,1995-02-09,1995-03-17,1995-02-14,NONE,RAIL,ggle carefully special accou
42853-1,42853,715,48,1,1.00,1615.71,0.04,0.02,N,O,1997-03-25,1997-01-21,1997-04-09,TAKE BACK RETURN,REG AIR,ts. slyly ironic
42853-2,42853,1625,67,2,2.00,3053.24,0.08,0.03,N,O,1997-03-30,1997-01-14,1997-04-21,COLLECT COD,REG AIR,ructions? furiously ironic instructions 
42854-1,42854,497,98,1,49.00,68477.01,0.04,0.08,N,O,1998-02-28,1998-03-24,1998-03-13,DELIVER IN PERSON,AIR,osits haggle furiously: carefully final 
42854-2,42854,212,94,2,33.00,36702.93,0.02,0.00,N,O,1998-03-02,1998-04-30,1998-03-27,COLLECT COD,TRUCK,s are. blithely regular pearl
42854-3,42854,1669,70,3,16.00,25130.56,0.07,0.03,N,O,1998-03-07,1998-04-25,1998-04-05,NONE,TRUCK,posits haggle according to the furio
42855-1,42855,1807,94,1,42.00,71769.60,0.00,0.06,N,O,1995-10-28,1995-08-30,1995-11-24,COLLECT COD,SHIP,. furiously p
42855-2,42855,270,25,2,48.00,56172.96,0.01,0.07,N,O,1995-10-26,1995-09-22,1995-10-28,TAKE BACK RETURN,MAIL,n requests s
42855-3,42855,1863,7,3,18.00,31767.48,0.04,0.01,N,O,1995-07-19,1995-09-12,1995-07-20,DELIVER IN PERSON,TRUCK,s pinto beans. ca
42855-4,42855,1094,100,4,12.00,11941.08,0.10,0.02,N,O,1995-10-01,1995-08-12,1995-10-23,COLLECT COD,SHIP,uests cajo
42880-1,42880,1290,91,1,25.00,29782.25,0.10,0.03,N,O,1997-06-21,1997-06-14,1997-07-21,TAKE BACK RETURN,TRUCK, carefully about the care
42880-2,42880,1279,17,2,21.00,24785.67,0.08,0.03,N,O,1997-07-13,1997-05-14,1997-07-21,DELIVER IN PERSON,AIR,equests are slyly across the theodo
42880-3,42880,410,11,3,9.00,11793.69,0.10,0.02,N,O,1997-05-18,1997-06-11,1997-06-03,TAKE BACK RETURN,RAIL, asymptotes sleep slyl
42880-4,42880,1777,78,4,15.00,25181.55,0.01,0.05,N,O,1997-06-04,1997-05-29,1997-06-17,TAKE BACK RETURN,REG AIR,odolites haggle iron
42880-5,42880,152,31,5,31.00,32616.65,0.10,0.02,N,O,1997-06-15,1997-05-26,1997-06-25,DELIVER IN PERSON,MAIL,carefully express deposits haggle alo
42881-1,42881,774,71,1,17.00,28471.09,0.09,0.04,R,F,1992-12-18,1992-12-15,1993-01-01,NONE,AIR,y regular foxes
42881-2,42881,772,73,2,31.00,51855.87,0.06,0.00,R,F,1993-02-11,1992-12-22,1993-03-13,DELIVER IN PERSON,FOB, cajole slyly ab
42882-1,42882,1245,57,1,9.00,10316.16,0.03,0.04,A,F,1993-11-22,1994-01-11,1993-12-16,DELIVER IN PERSON,AIR, instructions. evenly 
42882-2,42882,993,62,2,22.00,41667.78,0.05,0.06,A,F,1993-12-30,1994-01-22,1994-01-26,DELIVER IN PERSON,AIR,"egular pinto beans nag ironic, pending "
42882-3,42882,1759,2,3,35.00,58126.25,0.00,0.07,R,F,1993-11-24,1994-01-21,1993-12-11,TAKE BACK RETURN,RAIL,usual excuses doubt carefully across th
42882-4,42882,859,60,4,46.00,80953.10,0.00,0.08,A,F,1993-11-04,1993-12-09,1993-11-12,NONE,RAIL, theodolites. quickly regul
42882-5,42882,897,31,5,40.00,71915.60,0.06,0.02,R,F,1994-01-12,1993-12-18,1994-02-02,NONE,MAIL,onic accounts
42883-1,42883,463,51,1,21.00,28632.66,0.03,0.00,N,F,1995-05-23,1995-03-22,1995-06-21,TAKE BACK RETURN,MAIL,t pinto beans. carefully ironic 
42884-1,42884,1801,88,1,30.00,51084.00,0.09,0.02,A,F,1993-05-20,1993-05-16,1993-06-10,NONE,TRUCK, slyly pending warhorses us
42884-2,42884,476,77,2,30.00,41294.10,0.00,0.07,R,F,1993-05-28,1993-04-16,1993-06-23,COLLECT COD,RAIL,iously. slyly ironic deposits hagg
42885-1,42885,1629,30,1,12.00,18367.44,0.03,0.01,N,O,1996-12-16,1997-01-27,1997-01-07,TAKE BACK RETURN,MAIL,er the final r
42885-2,42885,899,100,2,18.00,32398.02,0.04,0.08,N,O,1996-12-08,1997-01-14,1996-12-21,DELIVER IN PERSON,REG AIR,e carefully special accounts detect caref
42885-3,42885,284,39,3,9.00,10658.52,0.09,0.01,N,O,1997-01-19,1997-01-20,1997-02-13,NONE,REG AIR,fully acco
42885-4,42885,627,90,4,4.00,6110.48,0.04,0.02,N,O,1997-01-20,1996-12-19,1997-02-07,COLLECT COD,REG AIR,"osits. special, even"
42886-1,42886,1628,70,1,21.00,32122.02,0.07,0.02,R,F,1992-04-07,1992-02-13,1992-04-14,TAKE BACK RETURN,SHIP,y pending requests agai
42886-2,42886,125,26,2,12.00,12301.44,0.05,0.07,R,F,1992-04-17,1992-02-16,1992-05-10,COLLECT COD,TRUCK,uriously final excuses. bold pinto b
42886-3,42886,1783,84,3,17.00,28641.26,0.00,0.05,R,F,1992-04-29,1992-02-28,1992-05-26,DELIVER IN PERSON,MAIL,furiously final platelets
42887-1,42887,742,43,1,45.00,73923.30,0.06,0.07,R,F,1992-06-24,1992-08-11,1992-07-03,COLLECT COD,REG AIR,s. carefully unusu
42887-2,42887,83,9,2,11.00,10813.88,0.02,0.08,A,F,1992-09-04,1992-07-19,1992-09-09,TAKE BACK RETURN,AIR, deposits ac
42887-3,42887,1238,13,3,39.00,44429.97,0.05,0.05,A,F,1992-09-22,1992-08-29,1992-10-19,COLLECT COD,FOB,beans wake slyly quickly bold deposits. bli
42887-4,42887,43,44,4,23.00,21689.92,0.09,0.06,R,F,1992-07-21,1992-08-19,1992-07-29,NONE,REG AIR,"d fluffily? regular, final "
42887-5,42887,1542,63,5,40.00,57741.60,0.07,0.05,A,F,1992-07-10,1992-08-13,1992-07-28,NONE,SHIP,"even, ironic foxes haggle asympt"
42912-1,42912,1348,25,1,25.00,31233.50,0.07,0.07,R,F,1993-05-11,1993-07-09,1993-05-17,DELIVER IN PERSON,RAIL, blithely across 
42912-2,42912,240,22,2,36.00,41048.64,0.07,0.04,A,F,1993-07-02,1993-08-03,1993-07-06,COLLECT COD,FOB, regular packages. unusual ideas
42912-3,42912,811,78,3,9.00,15406.29,0.05,0.04,R,F,1993-06-15,1993-07-24,1993-07-09,NONE,TRUCK,he deposits wake slyl
42912-4,42912,749,14,4,35.00,57740.90,0.01,0.00,R,F,1993-06-15,1993-07-06,1993-07-04,TAKE BACK RETURN,FOB,ss requests. carefully
42913-1,42913,1011,82,1,41.00,37392.41,0.09,0.00,N,O,1996-06-13,1996-07-04,1996-06-25,NONE,REG AIR,e slyly even foxes haggle furiously about t
42913-2,42913,1581,62,2,10.00,14825.80,0.10,0.02,N,O,1996-06-13,1996-06-24,1996-07-09,NONE,SHIP,s. even excuses hinder sly
42913-3,42913,1849,36,3,33.00,57777.72,0.07,0.05,N,O,1996-07-03,1996-06-22,1996-07-22,DELIVER IN PERSON,REG AIR,p among the fluffil
42914-1,42914,306,7,1,48.00,57902.40,0.01,0.07,N,O,1998-04-16,1998-05-17,1998-05-02,DELIVER IN PERSON,RAIL,". regular, even courts are about the slyl"
42914-2,42914,1105,14,2,45.00,45274.50,0.07,0.07,N,O,1998-06-12,1998-06-18,1998-07-09,TAKE BACK RETURN,FOB,"the silent, regular accounts. fi"
42914-3,42914,1644,68,3,2.00,3091.28,0.10,0.00,N,O,1998-04-15,1998-06-09,1998-05-12,NONE,REG AIR,lyly even i
42914-4,42914,569,70,4,49.00,72008.44,0.06,0.06,N,O,1998-06-23,1998-05-16,1998-07-04,COLLECT COD,TRUCK,unusual ideas. furiously express instructi
42914-5,42914,836,70,5,20.00,34736.60,0.01,0.04,N,O,1998-06-08,1998-06-02,1998-06-10,DELIVER IN PERSON,RAIL, dolphins. fluffily silent pint
42914-6,42914,1930,19,6,15.00,27478.95,0.02,0.04,N,O,1998-04-29,1998-05-18,1998-05-18,COLLECT COD,TRUCK,s use blithely ironic p
42914-7,42914,279,80,7,11.00,12971.97,0.05,0.08,N,O,1998-07-10,1998-06-11,1998-08-01,DELIVER IN PERSON,SHIP,. bravely pen
42915-1,42915,350,79,1,16.00,20005.60,0.10,0.02,N,O,1998-06-12,1998-05-07,1998-06-28,DELIVER IN PERSON,FOB,"cial deposits. special, pending instruct"
42915-2,42915,1570,11,2,35.00,51504.95,0.08,0.07,N,O,1998-05-02,1998-05-22,1998-05-11,TAKE BACK RETURN,MAIL,s wake carefully spec
42915-3,42915,1645,87,3,36.00,55679.04,0.00,0.07,N,O,1998-05-23,1998-06-04,1998-05-31,COLLECT COD,AIR, special theodolit
42915-4,42915,791,88,4,15.00,25376.85,0.08,0.07,N,O,1998-07-01,1998-04-18,1998-07-14,COLLECT COD,SHIP,lly express requests integrate slyly s
42915-5,42915,1831,75,5,27.00,46786.41,0.00,0.01,N,O,1998-06-27,1998-05-14,1998-07-17,TAKE BACK RETURN,FOB,deposits ha
42915-6,42915,944,45,6,13.00,23984.22,0.00,0.07,N,O,1998-04-06,1998-05-09,1998-04-30,TAKE BACK RETURN,AIR,metimes final fo
42915-7,42915,1133,70,7,31.00,32058.03,0.04,0.08,N,O,1998-05-26,1998-05-04,1998-06-07,DELIVER IN PERSON,SHIP,rnis wake furiously b
42916-1,42916,1105,14,1,36.00,36219.60,0.09,0.05,N,O,1997-03-18,1997-03-31,1997-04-15,NONE,FOB,ids are slyly unusual ideas. regular
42917-1,42917,614,46,1,11.00,16660.71,0.10,0.06,N,O,1996-06-23,1996-04-12,1996-07-23,NONE,FOB,o beans haggle slyly. regularly even
42917-2,42917,630,93,2,32.00,48980.16,0.06,0.06,N,O,1996-04-21,1996-04-22,1996-05-03,COLLECT COD,MAIL,. slyly unus
42918-1,42918,1068,69,1,13.00,12597.78,0.00,0.07,A,F,1995-06-08,1995-07-22,1995-06-09,TAKE BACK RETURN,RAIL, boost around the never pending packages. 
42918-2,42918,611,43,2,50.00,75580.50,0.04,0.02,N,F,1995-06-08,1995-08-20,1995-06-26,COLLECT COD,AIR,odolites was iro
42918-3,42918,1070,71,3,21.00,20392.47,0.00,0.01,N,F,1995-06-01,1995-07-13,1995-06-28,COLLECT COD,MAIL,of the daringly silent accounts. c
42918-4,42918,1287,88,4,46.00,54660.88,0.07,0.03,N,F,1995-06-16,1995-07-14,1995-06-24,DELIVER IN PERSON,SHIP,ructions ca
42918-5,42918,1998,87,5,44.00,83599.56,0.07,0.05,N,O,1995-08-15,1995-08-20,1995-08-31,TAKE BACK RETURN,MAIL,o beans ought to haggle according to the sl
42918-6,42918,879,13,6,41.00,72974.67,0.08,0.07,A,F,1995-05-26,1995-08-09,1995-06-13,NONE,AIR,iresias. regular pint
42918-7,42918,1675,17,7,18.00,28380.06,0.03,0.05,N,O,1995-08-18,1995-08-05,1995-08-22,DELIVER IN PERSON,FOB,cial attainments. fi
42919-1,42919,151,30,1,8.00,8409.20,0.07,0.06,N,O,1995-11-15,1995-11-16,1995-12-06,NONE,TRUCK,e after the furiously
42919-2,42919,1579,20,2,9.00,13325.13,0.09,0.08,N,O,1995-10-24,1995-12-18,1995-11-01,COLLECT COD,FOB,. theodolite
42919-3,42919,1224,36,3,17.00,19128.74,0.08,0.03,N,O,1995-10-10,1995-12-02,1995-10-22,COLLECT COD,FOB,cuses. carefully even asympto
42919-4,42919,983,18,4,18.00,33911.64,0.06,0.04,N,O,1995-11-30,1995-11-26,1995-12-19,COLLECT COD,AIR,. quickly r
42919-5,42919,351,36,5,48.00,60064.80,0.08,0.02,N,O,1995-12-15,1995-12-27,1996-01-02,NONE,FOB,y final courts hagg
42919-6,42919,1533,34,6,31.00,44470.43,0.01,0.08,N,O,1995-10-16,1995-12-12,1995-10-30,COLLECT COD,RAIL,en accounts. blithely special instructions 
42944-1,42944,780,77,1,12.00,20169.36,0.02,0.07,A,F,1993-01-11,1993-02-04,1993-02-06,COLLECT COD,FOB, blithely packages. 
42944-2,42944,283,84,2,29.00,34315.12,0.03,0.05,R,F,1993-03-02,1993-02-02,1993-03-24,COLLECT COD,RAIL, haggle fluffily quickl
42944-3,42944,169,48,3,18.00,19244.88,0.10,0.03,A,F,1993-02-08,1993-01-14,1993-02-28,DELIVER IN PERSON,MAIL,sly ironic accounts acc
42945-1,42945,1674,57,1,38.00,59875.46,0.07,0.05,A,F,1993-02-02,1993-02-18,1993-03-01,DELIVER IN PERSON,SHIP,o beans nag furi
42945-2,42945,334,63,2,39.00,48138.87,0.05,0.05,A,F,1993-04-16,1993-02-19,1993-04-29,COLLECT COD,SHIP,ickly expre
42945-3,42945,479,9,3,16.00,22071.52,0.03,0.03,R,F,1993-01-29,1993-03-07,1993-01-31,NONE,AIR, packages are regular asymptotes. quickly
42945-4,42945,902,37,4,17.00,30649.30,0.01,0.00,R,F,1993-04-10,1993-03-30,1993-05-05,TAKE BACK RETURN,RAIL,"ar, ironic accounts about "
42945-5,42945,924,25,5,34.00,62047.28,0.05,0.08,A,F,1993-03-05,1993-03-01,1993-03-25,NONE,FOB, deposits sleep against the pen
42945-6,42945,1854,98,6,25.00,43896.25,0.10,0.07,R,F,1993-03-09,1993-03-10,1993-03-30,COLLECT COD,REG AIR,efully according to the dep
42946-1,42946,810,10,1,28.00,47902.68,0.10,0.04,N,O,1997-12-05,1997-11-28,1997-12-17,COLLECT COD,RAIL,efully ironic ideas. slyly spe
42946-2,42946,1667,9,2,40.00,62746.40,0.01,0.06,N,O,1997-12-07,1997-10-14,1997-12-28,TAKE BACK RETURN,FOB,e blithely expr
42946-3,42946,122,1,3,5.00,5110.60,0.02,0.03,N,O,1997-12-10,1997-10-15,1997-12-23,NONE,RAIL,gside of the express packages try to be
42946-4,42946,1454,33,4,21.00,28464.45,0.03,0.07,N,O,1997-09-27,1997-11-16,1997-10-22,DELIVER IN PERSON,MAIL,requests are. furi
42946-5,42946,300,55,5,30.00,36009.00,0.09,0.03,N,O,1997-09-14,1997-11-01,1997-09-20,DELIVER IN PERSON,FOB,packages mold c
42946-6,42946,1928,29,6,46.00,84176.32,0.04,0.04,N,O,1997-11-13,1997-10-29,1997-11-17,NONE,TRUCK,cial packages wake express dolphins. slyl
42946-7,42946,1832,19,7,9.00,15604.47,0.09,0.08,N,O,1997-12-24,1997-11-09,1998-01-05,TAKE BACK RETURN,MAIL,al theodolit
42947-1,42947,620,21,1,33.00,50180.46,0.00,0.00,R,F,1993-10-28,1993-11-17,1993-11-27,TAKE BACK RETURN,AIR, snooze agains
42947-2,42947,1424,25,2,43.00,56993.06,0.02,0.08,R,F,1993-11-01,1993-10-02,1993-11-06,TAKE BACK RETURN,RAIL,pending packages engage carefully quic
42948-1,42948,1838,39,1,44.00,76552.52,0.07,0.01,N,O,1997-01-29,1997-02-10,1997-02-06,NONE,SHIP, final notorni
42948-2,42948,447,77,2,42.00,56592.48,0.03,0.00,N,O,1997-03-13,1997-02-03,1997-03-19,TAKE BACK RETURN,TRUCK,"ecial, regular requests ca"
42948-3,42948,1494,95,3,35.00,48842.15,0.02,0.07,N,O,1997-03-03,1996-12-15,1997-03-15,TAKE BACK RETURN,RAIL, quickly furiously special accounts. pin
42949-1,42949,18,44,1,16.00,14688.16,0.03,0.05,R,F,1994-05-25,1994-08-12,1994-06-16,NONE,RAIL, slyly final req
42949-2,42949,1433,73,2,47.00,62718.21,0.03,0.04,A,F,1994-09-07,1994-07-10,1994-09-29,NONE,FOB,ays ironic ideas are
42949-3,42949,608,40,3,48.00,72412.80,0.07,0.00,A,F,1994-09-07,1994-08-20,1994-10-02,COLLECT COD,SHIP,nusual excuses boost blithely regular pac
42949-4,42949,1661,3,4,26.00,40629.16,0.08,0.02,A,F,1994-06-07,1994-07-29,1994-06-24,NONE,MAIL,efully. furiously ironic deposits 
42950-1,42950,1101,10,1,40.00,40084.00,0.07,0.08,A,F,1993-10-26,1993-09-22,1993-11-10,COLLECT COD,RAIL,ests nag. express somas n
42950-2,42950,244,26,2,41.00,46913.84,0.03,0.07,R,F,1993-12-13,1993-10-25,1993-12-21,TAKE BACK RETURN,FOB,ackages. quickly silent theodo
42950-3,42950,1144,81,3,50.00,52257.00,0.00,0.08,A,F,1993-10-09,1993-11-20,1993-10-29,NONE,FOB,l deposits ab
42950-4,42950,477,65,4,13.00,17907.11,0.05,0.04,R,F,1993-09-20,1993-10-01,1993-09-26,NONE,RAIL, dependenc
42950-5,42950,298,99,5,48.00,57517.92,0.04,0.07,A,F,1993-12-17,1993-10-26,1993-12-21,DELIVER IN PERSON,SHIP,r the quickly regular accounts
42951-1,42951,1563,84,1,38.00,55653.28,0.02,0.01,R,F,1992-10-29,1992-11-03,1992-11-27,TAKE BACK RETURN,RAIL,ully thin packages w
42951-2,42951,1094,30,2,26.00,25872.34,0.09,0.05,A,F,1992-12-25,1992-12-13,1993-01-20,NONE,AIR,se theodolites. furiously 
42951-3,42951,871,71,3,12.00,21262.44,0.00,0.02,R,F,1992-09-28,1992-12-02,1992-10-17,NONE,REG AIR,e furiously even instructions
42951-4,42951,637,100,4,8.00,12301.04,0.09,0.00,A,F,1993-01-04,1992-11-23,1993-01-08,DELIVER IN PERSON,TRUCK,s the accounts.
42951-5,42951,1116,25,5,17.00,17290.87,0.10,0.03,R,F,1992-09-20,1992-11-30,1992-10-08,DELIVER IN PERSON,RAIL,t the regular platelets 
42951-6,42951,6,32,6,48.00,43488.00,0.05,0.07,R,F,1992-11-10,1992-11-21,1992-11-23,COLLECT COD,TRUCK,nt theodolites sleep along t
42951-7,42951,1639,63,7,39.00,60084.57,0.06,0.02,A,F,1993-01-15,1992-11-29,1993-02-10,NONE,RAIL,sts use carefully along the carefully ironi
42976-1,42976,418,48,1,38.00,50099.58,0.03,0.04,N,O,1998-08-19,1998-09-06,1998-09-09,TAKE BACK RETURN,SHIP,ecial deposits. ideas was qu
42976-2,42976,75,1,2,44.00,42903.08,0.03,0.06,N,O,1998-08-31,1998-10-22,1998-09-15,NONE,RAIL,es. furiously unusual requests across
42976-3,42976,1537,18,3,42.00,60418.26,0.03,0.02,N,O,1998-11-10,1998-10-05,1998-12-02,DELIVER IN PERSON,AIR,furiously idle instructions 
42976-4,42976,1894,95,4,8.00,14367.12,0.05,0.06,N,O,1998-08-24,1998-09-07,1998-08-28,DELIVER IN PERSON,MAIL,"deas boost bold ideas-- even, regular "
42976-5,42976,1428,68,5,14.00,18611.88,0.07,0.08,N,O,1998-11-09,1998-10-15,1998-12-06,DELIVER IN PERSON,REG AIR,xes. blithe
42977-1,42977,1493,94,1,1.00,1394.49,0.04,0.06,N,O,1997-12-07,1997-11-05,1997-12-15,COLLECT COD,REG AIR,s. finally ironic r
42978-1,42978,963,98,1,30.00,55918.80,0.05,0.08,N,O,1998-01-03,1997-11-25,1998-01-21,NONE,REG AIR,lly bold instructions poach slyl
42978-2,42978,716,17,2,43.00,69518.53,0.10,0.00,N,O,1998-01-23,1997-12-29,1998-01-27,TAKE BACK RETURN,SHIP,egular requests cajole ruth
42978-3,42978,595,96,3,39.00,58328.01,0.03,0.06,N,O,1997-12-31,1997-11-15,1998-01-06,TAKE BACK RETURN,REG AIR,ickly silent packages-- 
42978-4,42978,1727,12,4,25.00,40718.00,0.04,0.08,N,O,1997-11-23,1997-12-25,1997-11-29,COLLECT COD,MAIL,al accounts nag slyly bravely exp
42978-5,42978,1082,88,5,40.00,39323.20,0.08,0.04,N,O,1997-10-05,1997-12-03,1997-10-15,NONE,FOB,"ular, special accounts use fluffily sl"
42978-6,42978,1380,95,6,34.00,43566.92,0.10,0.06,N,O,1997-10-04,1997-11-21,1997-10-15,DELIVER IN PERSON,MAIL,ons. silent instructions haggle
42979-1,42979,1030,1,1,40.00,37241.20,0.04,0.00,A,F,1995-05-26,1995-07-13,1995-06-12,DELIVER IN PERSON,REG AIR,e after the quick ideas. ironic deposits in
42979-2,42979,111,90,2,14.00,14155.54,0.09,0.06,A,F,1995-05-28,1995-07-17,1995-06-03,NONE,AIR,eas. pains 
42979-3,42979,993,94,3,23.00,43561.77,0.00,0.07,N,O,1995-08-25,1995-06-20,1995-09-12,TAKE BACK RETURN,AIR,ending attainments cajole. furiously pendin
42979-4,42979,1715,100,4,29.00,46884.59,0.06,0.07,A,F,1995-06-04,1995-07-08,1995-06-06,TAKE BACK RETURN,RAIL,nic foxes. packa
42979-5,42979,796,93,5,38.00,64478.02,0.09,0.00,N,O,1995-07-09,1995-07-12,1995-08-04,DELIVER IN PERSON,AIR,usual requests affix sile
42980-1,42980,1211,86,1,30.00,33366.30,0.03,0.05,N,O,1998-07-22,1998-09-18,1998-08-14,NONE,TRUCK,s against the requests haggle across t
42980-2,42980,1015,86,2,30.00,27480.30,0.02,0.00,N,O,1998-10-23,1998-09-08,1998-11-16,COLLECT COD,SHIP,"oggedly express accounts. express, final "
42980-3,42980,805,6,3,35.00,59703.00,0.05,0.00,N,O,1998-07-31,1998-09-05,1998-08-24,COLLECT COD,MAIL,y regular requests cajol
42980-4,42980,657,89,4,27.00,42056.55,0.05,0.00,N,O,1998-08-02,1998-09-23,1998-08-05,TAKE BACK RETURN,FOB,riously fur
42981-1,42981,586,87,1,30.00,44597.40,0.01,0.02,A,F,1994-06-02,1994-07-18,1994-06-03,TAKE BACK RETURN,REG AIR, carefully final requests s
42981-2,42981,718,51,2,17.00,27518.07,0.04,0.01,A,F,1994-07-02,1994-07-28,1994-07-21,TAKE BACK RETURN,RAIL,e about the blithely regular accounts. slyl
42981-3,42981,1809,53,3,35.00,59878.00,0.02,0.07,A,F,1994-09-11,1994-08-29,1994-09-20,NONE,AIR,ithely above the regular foxes
42982-1,42982,1565,66,1,16.00,23464.96,0.10,0.01,R,F,1992-08-13,1992-10-10,1992-09-11,DELIVER IN PERSON,RAIL,ven ideas. closely bold request
42982-2,42982,370,99,2,27.00,34299.99,0.02,0.01,A,F,1992-09-25,1992-09-24,1992-09-26,COLLECT COD,TRUCK,e carefully express foxes. unusu
42982-3,42982,1280,92,3,18.00,21263.04,0.03,0.08,A,F,1992-09-27,1992-09-25,1992-10-17,DELIVER IN PERSON,TRUCK,uriously furiously bold account
42982-4,42982,446,76,4,48.00,64629.12,0.00,0.04,R,F,1992-08-23,1992-09-27,1992-09-17,NONE,REG AIR,lar dependencies wake
42982-5,42982,1697,80,5,11.00,17585.59,0.08,0.00,A,F,1992-11-05,1992-10-21,1992-11-24,COLLECT COD,SHIP,ole furiously. deposits
42982-6,42982,1494,95,6,47.00,65588.03,0.00,0.04,R,F,1992-11-13,1992-09-01,1992-11-24,DELIVER IN PERSON,RAIL,"ys ironic requests. final, s"
42983-1,42983,1129,30,1,3.00,3090.36,0.04,0.02,N,O,1997-07-21,1997-09-18,1997-08-08,DELIVER IN PERSON,TRUCK,furiously unusual as
42983-2,42983,250,32,2,21.00,24155.25,0.01,0.03,N,O,1997-10-01,1997-09-19,1997-10-27,DELIVER IN PERSON,SHIP,osits wake. blithel
42983-3,42983,751,16,3,7.00,11562.25,0.08,0.01,N,O,1997-10-06,1997-08-05,1997-10-23,COLLECT COD,FOB,pinto beans nag carefully. blithe
43008-1,43008,1085,91,1,23.00,22679.84,0.03,0.06,N,O,1997-02-01,1996-12-03,1997-02-08,DELIVER IN PERSON,TRUCK, packages. 
43008-2,43008,721,18,2,37.00,60003.64,0.06,0.03,N,O,1997-01-03,1996-11-25,1997-01-06,NONE,TRUCK,ns cajole carefully 
43008-3,43008,207,89,3,11.00,12179.20,0.09,0.01,N,O,1996-11-16,1996-12-24,1996-11-23,COLLECT COD,TRUCK,inst the blithely 
43008-4,43008,315,100,4,16.00,19444.96,0.03,0.06,N,O,1996-11-18,1997-01-12,1996-12-15,TAKE BACK RETURN,MAIL,ss instructions p
43008-5,43008,1552,33,5,13.00,18896.15,0.05,0.05,N,O,1996-12-30,1997-01-13,1997-01-18,TAKE BACK RETURN,SHIP,uches wake after the slyly regular exc
43008-6,43008,1075,76,6,23.00,22449.61,0.07,0.06,N,O,1996-10-27,1997-01-01,1996-11-05,COLLECT COD,TRUCK,uriously regular pac
43009-1,43009,1019,90,1,2.00,1840.02,0.07,0.00,A,F,1994-07-31,1994-07-11,1994-08-09,COLLECT COD,FOB,"usual, ironic dugouts grow boldly pendin"
43009-2,43009,406,36,2,1.00,1306.40,0.06,0.00,R,F,1994-09-12,1994-07-03,1994-09-16,NONE,MAIL,final deposits? fluffily
43010-1,43010,857,91,1,41.00,72071.85,0.09,0.00,R,F,1993-02-08,1992-11-19,1993-02-22,DELIVER IN PERSON,TRUCK,press pinto beans haggle enticingly
43010-2,43010,1866,10,2,5.00,8839.30,0.09,0.08,R,F,1992-10-28,1992-12-27,1992-11-15,DELIVER IN PERSON,RAIL, slyly after 
43010-3,43010,823,57,3,25.00,43095.50,0.00,0.04,R,F,1992-12-04,1992-12-09,1992-12-22,TAKE BACK RETURN,AIR,ly against the deposits. slyl
43011-1,43011,1546,27,1,36.00,52111.44,0.07,0.01,N,O,1996-06-29,1996-07-12,1996-07-18,NONE,REG AIR,round the regular requests. un
43011-2,43011,671,65,2,13.00,20431.71,0.02,0.02,N,O,1996-06-13,1996-06-14,1996-06-22,NONE,MAIL,elets sleep across the f
43011-3,43011,11,87,3,14.00,12754.14,0.10,0.07,N,O,1996-06-12,1996-06-09,1996-07-11,TAKE BACK RETURN,RAIL,ully special dugouts cajole c
43011-4,43011,644,7,4,29.00,44794.56,0.00,0.02,N,O,1996-05-27,1996-06-29,1996-06-08,COLLECT COD,REG AIR,telets. fu
43011-5,43011,1736,21,5,35.00,57320.55,0.02,0.05,N,O,1996-06-25,1996-07-04,1996-07-04,COLLECT COD,TRUCK,ending foxes alongsid
43011-6,43011,562,23,6,13.00,19013.28,0.03,0.04,N,O,1996-05-25,1996-07-10,1996-06-07,TAKE BACK RETURN,FOB,r packages sleep slyly requests. never bo
43011-7,43011,1371,10,7,31.00,39443.47,0.09,0.04,N,O,1996-06-26,1996-07-04,1996-06-27,DELIVER IN PERSON,FOB,of the even deposits. ironic dolph
43012-1,43012,1835,79,1,21.00,36473.43,0.03,0.00,R,F,1992-10-26,1992-10-18,1992-11-20,DELIVER IN PERSON,SHIP,uests alongside of the quickly b
43013-1,43013,53,79,1,10.00,9530.50,0.08,0.08,R,F,1995-05-19,1995-06-21,1995-05-28,NONE,FOB,posits affix across the ex
43013-2,43013,1203,4,2,21.00,23188.20,0.08,0.02,N,O,1995-07-13,1995-07-12,1995-07-21,TAKE BACK RETURN,TRUCK,nts cajole across the unusual idea
43013-3,43013,682,14,3,17.00,26905.56,0.00,0.01,N,O,1995-08-21,1995-06-06,1995-09-19,NONE,SHIP,ests wake quic
43013-4,43013,1528,9,4,45.00,64328.40,0.06,0.01,N,O,1995-06-19,1995-05-27,1995-07-09,NONE,TRUCK,es about the even
43013-5,43013,1037,38,5,3.00,2814.09,0.01,0.08,N,O,1995-08-16,1995-05-27,1995-09-01,COLLECT COD,RAIL,le slowly. bold accounts are quickly ac
43013-6,43013,1665,66,6,50.00,78333.00,0.05,0.02,N,O,1995-08-13,1995-05-29,1995-08-26,COLLECT COD,SHIP,ld frays about the furio
43013-7,43013,666,29,7,8.00,12533.28,0.09,0.04,N,O,1995-08-03,1995-06-28,1995-08-24,DELIVER IN PERSON,TRUCK, quickly. in
43014-1,43014,22,48,1,24.00,22128.48,0.04,0.05,R,F,1994-11-30,1995-02-04,1994-12-18,DELIVER IN PERSON,SHIP, regular request
43014-2,43014,1688,30,2,43.00,68356.24,0.00,0.00,A,F,1994-12-14,1995-01-22,1994-12-29,COLLECT COD,REG AIR,ide of the fluffily regular instructions s
43014-3,43014,1912,57,3,19.00,34464.29,0.00,0.03,R,F,1994-11-22,1994-12-31,1994-12-04,TAKE BACK RETURN,MAIL,ages haggle 
43014-4,43014,1465,5,4,36.00,49192.56,0.06,0.04,R,F,1994-12-07,1994-12-20,1994-12-20,TAKE BACK RETURN,SHIP,ckly furiously unusual de
43014-5,43014,825,59,5,48.00,82839.36,0.01,0.04,R,F,1994-11-21,1995-01-08,1994-11-24,TAKE BACK RETURN,TRUCK,"furiously pending, regul"
43014-6,43014,705,38,6,35.00,56199.50,0.04,0.04,A,F,1995-01-19,1995-01-20,1995-01-24,NONE,REG AIR,"gular, even"
43015-1,43015,19,20,1,15.00,13785.15,0.05,0.08,N,O,1996-03-29,1996-05-11,1996-04-11,NONE,MAIL,ly unusual packages nag qu
43015-2,43015,1578,59,2,12.00,17754.84,0.10,0.02,N,O,1996-06-12,1996-04-15,1996-07-10,TAKE BACK RETURN,MAIL,arefully final dep
43015-3,43015,1338,77,3,17.00,21068.61,0.00,0.00,N,O,1996-06-16,1996-05-02,1996-07-09,DELIVER IN PERSON,RAIL,ntly final packages sle
43015-4,43015,201,83,4,25.00,27530.00,0.10,0.06,N,O,1996-05-13,1996-05-03,1996-05-14,DELIVER IN PERSON,RAIL, alongside of the blithely final dolph
43015-5,43015,122,75,5,43.00,43951.16,0.04,0.05,N,O,1996-06-02,1996-04-21,1996-06-28,NONE,MAIL,special dependencies according to t
43015-6,43015,1521,22,6,2.00,2845.04,0.04,0.07,N,O,1996-06-22,1996-04-14,1996-07-18,COLLECT COD,FOB,ckages. special 
43040-1,43040,890,24,1,32.00,57308.48,0.10,0.01,N,O,1996-09-13,1996-10-16,1996-09-14,DELIVER IN PERSON,AIR,posits. even dependencies use bl
43040-2,43040,309,94,2,23.00,27813.90,0.10,0.05,N,O,1996-10-13,1996-09-16,1996-11-11,COLLECT COD,RAIL,t the furiously final realms. slyly reg
43041-1,43041,1623,6,1,11.00,16770.82,0.03,0.00,N,O,1997-03-28,1997-02-24,1997-04-24,TAKE BACK RETURN,RAIL,s. theodolites nag quickly sil
43041-2,43041,857,57,2,2.00,3515.70,0.10,0.03,N,O,1997-04-08,1997-02-18,1997-04-22,DELIVER IN PERSON,RAIL,dolites cajole slyly a
43041-3,43041,304,5,3,17.00,20473.10,0.03,0.05,N,O,1997-01-04,1997-03-14,1997-01-14,DELIVER IN PERSON,FOB, blithely re
43041-4,43041,565,66,4,48.00,70346.88,0.01,0.08,N,O,1997-01-24,1997-03-10,1997-02-22,TAKE BACK RETURN,AIR,gular accounts nag regularly carefully
43041-5,43041,1499,78,5,29.00,40614.21,0.07,0.08,N,O,1997-01-08,1997-03-14,1997-01-30,DELIVER IN PERSON,FOB,ven deposits haggle fur
43042-1,43042,1165,74,1,4.00,4264.64,0.10,0.07,N,O,1997-11-27,1997-10-31,1997-12-21,NONE,AIR,"nic, even accou"
43042-2,43042,970,73,2,23.00,43032.31,0.00,0.00,N,O,1997-12-01,1997-09-23,1997-12-30,NONE,AIR,ccording to the blithely regular account
43042-3,43042,485,44,3,37.00,51262.76,0.02,0.00,N,O,1997-10-30,1997-11-04,1997-11-28,NONE,SHIP,ending pinto be
43042-4,43042,1655,38,4,41.00,63822.65,0.09,0.02,N,O,1997-11-13,1997-11-07,1997-12-13,DELIVER IN PERSON,TRUCK,ermanent instruction
43042-5,43042,595,96,5,14.00,20938.26,0.09,0.02,N,O,1997-11-25,1997-11-05,1997-12-18,DELIVER IN PERSON,REG AIR, furiously even 
43043-1,43043,378,79,1,8.00,10226.96,0.07,0.01,R,F,1992-05-01,1992-07-13,1992-05-25,NONE,MAIL,ending pinto beans are slyly ironic 
43043-2,43043,896,30,2,23.00,41328.47,0.08,0.08,A,F,1992-07-28,1992-06-09,1992-08-17,COLLECT COD,TRUCK,lyly express asymptotes haggl
43043-3,43043,1052,88,3,32.00,30497.60,0.01,0.02,R,F,1992-08-05,1992-05-15,1992-08-29,DELIVER IN PERSON,AIR,pending deposits ea
43043-4,43043,1550,91,4,6.00,8709.30,0.00,0.05,A,F,1992-05-05,1992-05-24,1992-05-25,NONE,REG AIR, express accounts wake carefully. 
43043-5,43043,60,86,5,20.00,19201.20,0.08,0.00,R,F,1992-07-22,1992-06-05,1992-08-07,COLLECT COD,RAIL,the blithely express pinto beans 
43043-6,43043,1955,88,6,29.00,53851.55,0.06,0.08,A,F,1992-04-30,1992-06-02,1992-05-01,DELIVER IN PERSON,TRUCK,blithely pending packages among the
43043-7,43043,249,4,7,47.00,54014.28,0.05,0.05,R,F,1992-05-13,1992-06-24,1992-06-02,DELIVER IN PERSON,FOB,ages nag deposits. reques
43044-1,43044,62,63,1,37.00,35596.22,0.01,0.01,R,F,1994-10-21,1994-12-08,1994-11-18,TAKE BACK RETURN,REG AIR,lyly ironic
43044-2,43044,1678,20,2,44.00,69505.48,0.00,0.06,R,F,1994-12-23,1994-12-08,1995-01-17,COLLECT COD,RAIL,ites sleep. blithely 
43044-3,43044,502,63,3,32.00,44880.00,0.01,0.04,R,F,1995-01-06,1994-12-04,1995-01-25,COLLECT COD,MAIL,tes according to the ironic a
43044-4,43044,1055,56,4,47.00,44934.35,0.03,0.00,R,F,1995-01-14,1995-01-15,1995-01-16,COLLECT COD,AIR,ronic requests hang carefully above th
43044-5,43044,1099,70,5,34.00,34003.06,0.07,0.01,R,F,1994-11-16,1994-12-17,1994-12-14,NONE,TRUCK, across the furiously pending platelets. e
43044-6,43044,1664,47,6,4.00,6262.64,0.02,0.03,A,F,1995-01-04,1994-12-23,1995-02-03,NONE,MAIL,ously blithely express dolphins. carefu
43044-7,43044,1411,12,7,35.00,45934.35,0.06,0.03,A,F,1994-11-15,1994-12-13,1994-11-29,TAKE BACK RETURN,AIR,ular excuses are. blithely s
43045-1,43045,1554,75,1,18.00,26199.90,0.00,0.01,R,F,1992-08-02,1992-07-28,1992-08-23,COLLECT COD,MAIL,"deposits nag slyly ironic, final asym"
43045-2,43045,1258,96,2,48.00,55644.00,0.10,0.05,A,F,1992-08-25,1992-08-10,1992-08-28,TAKE BACK RETURN,MAIL,t slyly according to the furiously iron
43046-1,43046,177,56,1,14.00,15080.38,0.05,0.07,N,O,1996-09-18,1996-10-02,1996-09-26,NONE,FOB,e. fluffily sp
43046-2,43046,714,47,2,45.00,72661.95,0.04,0.01,N,O,1996-12-01,1996-11-01,1996-12-25,COLLECT COD,AIR,al accounts? slyly silent packag
43046-3,43046,744,45,3,7.00,11513.18,0.04,0.00,N,O,1996-10-27,1996-10-13,1996-11-16,NONE,FOB,gular foxes. blithely final instructi
43046-4,43046,353,54,4,29.00,36347.15,0.06,0.06,N,O,1996-10-12,1996-10-10,1996-10-31,NONE,AIR,lites along the express 
43046-5,43046,1104,5,5,10.00,10051.00,0.09,0.02,N,O,1996-10-15,1996-11-10,1996-10-25,NONE,FOB,y special theodolites wake. final accounts
43046-6,43046,1149,50,6,16.00,16802.24,0.10,0.02,N,O,1996-08-30,1996-11-08,1996-09-25,TAKE BACK RETURN,TRUCK,", regular foxes "
43046-7,43046,269,51,7,24.00,28062.24,0.04,0.02,N,O,1996-09-05,1996-10-16,1996-09-10,DELIVER IN PERSON,FOB,sits wake fluffily final
43047-1,43047,527,88,1,39.00,55673.28,0.04,0.01,N,O,1997-05-11,1997-04-18,1997-05-14,COLLECT COD,SHIP,onic packages cajole slyly! furi
43047-2,43047,28,29,2,3.00,2784.06,0.07,0.02,N,O,1997-04-17,1997-04-28,1997-05-04,NONE,SHIP, final requests. 
43047-3,43047,67,93,3,26.00,25143.56,0.05,0.04,N,O,1997-04-04,1997-05-22,1997-04-30,DELIVER IN PERSON,MAIL, blithely pe
43047-4,43047,730,31,4,9.00,14676.57,0.10,0.07,N,O,1997-05-24,1997-03-29,1997-05-27,TAKE BACK RETURN,MAIL, blithely quickly regular
43072-1,43072,1776,3,1,47.00,78855.19,0.01,0.08,N,O,1998-08-28,1998-06-10,1998-09-05,NONE,FOB, bold theodolites. fluffil
43072-2,43072,1987,20,2,49.00,92560.02,0.10,0.06,N,O,1998-08-16,1998-07-29,1998-08-30,TAKE BACK RETURN,SHIP,s are upon the careful
43073-1,43073,1687,70,1,16.00,25418.88,0.03,0.05,N,O,1996-10-19,1996-10-22,1996-10-31,NONE,AIR,sits. iron
43073-2,43073,662,56,2,7.00,10938.62,0.01,0.04,N,O,1996-11-02,1996-10-23,1996-11-27,NONE,RAIL,cross the furiously unusual requests w
43073-3,43073,1236,74,3,19.00,21607.37,0.10,0.07,N,O,1996-09-15,1996-10-06,1996-10-04,COLLECT COD,FOB," carefully regular, eve"
43074-1,43074,45,96,1,12.00,11340.48,0.01,0.03,R,F,1993-12-19,1993-10-30,1993-12-29,DELIVER IN PERSON,TRUCK,ly ironic dinos. r
43074-2,43074,1339,40,2,42.00,52093.86,0.01,0.04,R,F,1993-11-21,1993-12-20,1993-11-22,DELIVER IN PERSON,FOB, must haggle furiously. eve
43074-3,43074,731,28,3,33.00,53847.09,0.09,0.05,A,F,1994-01-29,1993-12-16,1994-01-31,COLLECT COD,TRUCK,to the carefully
43074-4,43074,1420,38,4,29.00,38321.18,0.04,0.05,R,F,1994-01-05,1993-11-22,1994-02-01,TAKE BACK RETURN,AIR,ck foxes cajole quickly around the unus
43074-5,43074,864,65,5,35.00,61770.10,0.02,0.02,R,F,1993-12-24,1993-12-21,1994-01-03,COLLECT COD,SHIP,kages! permanent packages caj
43075-1,43075,1027,98,1,21.00,19488.42,0.00,0.04,N,O,1997-09-30,1997-08-10,1997-10-10,DELIVER IN PERSON,MAIL,requests. fluffily quiet accounts are. spe
43075-2,43075,1009,10,2,20.00,18200.00,0.10,0.08,N,O,1997-10-18,1997-08-10,1997-11-08,TAKE BACK RETURN,RAIL,ly. quickly busy deposits are alon
43076-1,43076,1380,81,1,24.00,30753.12,0.10,0.08,R,F,1993-10-14,1993-09-07,1993-11-08,NONE,TRUCK,ts. final requests do
43076-2,43076,546,7,2,8.00,11572.32,0.03,0.00,R,F,1993-08-28,1993-08-26,1993-09-23,COLLECT COD,SHIP,tructions. furiously bold so
43076-3,43076,1994,95,3,26.00,49295.74,0.09,0.03,A,F,1993-09-20,1993-09-11,1993-10-19,DELIVER IN PERSON,SHIP,eas haggle f
43076-4,43076,195,96,4,46.00,50378.74,0.10,0.05,A,F,1993-08-13,1993-09-10,1993-09-03,DELIVER IN PERSON,MAIL,"ffix. final, furious accounts sleep"
43076-5,43076,728,25,5,8.00,13029.76,0.00,0.05,R,F,1993-08-17,1993-09-15,1993-09-15,TAKE BACK RETURN,AIR,"s. unusual, i"
43076-6,43076,1713,40,6,43.00,69432.53,0.04,0.02,A,F,1993-08-05,1993-09-11,1993-08-14,TAKE BACK RETURN,TRUCK,its above the fluff
43077-1,43077,1111,12,1,34.00,34411.74,0.04,0.02,N,O,1997-02-07,1997-03-03,1997-02-20,NONE,AIR,among the accounts. bold instructions alon
43077-2,43077,1615,16,2,44.00,66730.84,0.04,0.02,N,O,1997-02-16,1997-02-23,1997-02-19,COLLECT COD,TRUCK,egularly even packages. d
43077-3,43077,1904,49,3,16.00,28894.40,0.04,0.08,N,O,1997-01-17,1997-02-14,1997-01-27,NONE,MAIL,nts haggle. regular deposits 
43078-1,43078,369,26,1,47.00,59659.92,0.03,0.07,N,O,1998-06-18,1998-06-27,1998-07-10,COLLECT COD,TRUCK,ss excuses kindle 
43079-1,43079,34,35,1,5.00,4670.15,0.04,0.02,A,F,1994-10-03,1994-10-11,1994-10-29,COLLECT COD,FOB,d accounts haggle slyly acr
43079-2,43079,1837,38,2,19.00,33037.77,0.05,0.02,R,F,1994-09-15,1994-10-19,1994-10-12,TAKE BACK RETURN,RAIL,"nic, even theodolites. slyly reg"
43104-1,43104,1947,48,1,34.00,62863.96,0.09,0.01,R,F,1993-01-03,1992-12-06,1993-01-26,DELIVER IN PERSON,FOB,ackages. excuses need to use accordin
43104-2,43104,1643,85,2,20.00,30892.80,0.10,0.06,R,F,1992-12-31,1992-11-28,1993-01-27,NONE,FOB,l accounts. 
43104-3,43104,646,78,3,41.00,63412.24,0.01,0.07,R,F,1993-02-11,1992-12-08,1993-02-15,TAKE BACK RETURN,AIR, furiously alongside of the care
43104-4,43104,1028,34,4,15.00,13935.30,0.03,0.06,R,F,1993-01-10,1992-12-24,1993-02-03,TAKE BACK RETURN,AIR,nal pains doubt quickly. furiously silent
43104-5,43104,1454,55,5,25.00,33886.25,0.02,0.04,R,F,1992-11-24,1992-12-29,1992-11-25,NONE,RAIL,use blithely carefully even orbi
43105-1,43105,1522,23,1,23.00,32740.96,0.10,0.02,N,O,1998-02-02,1998-03-01,1998-02-17,DELIVER IN PERSON,SHIP,is sleep evenly 
43105-2,43105,1349,26,2,40.00,50013.60,0.01,0.03,N,O,1998-04-14,1998-02-18,1998-05-05,DELIVER IN PERSON,TRUCK, carefully 
43105-3,43105,857,24,3,11.00,19336.35,0.04,0.06,N,O,1998-04-20,1998-03-03,1998-05-12,DELIVER IN PERSON,FOB,ts. packages wake quickly 
43105-4,43105,622,54,4,1.00,1522.62,0.06,0.02,N,O,1998-05-05,1998-03-01,1998-05-07,TAKE BACK RETURN,FOB,ons boost. furiousl
43106-1,43106,1432,33,1,40.00,53337.20,0.03,0.07,R,F,1995-04-14,1995-03-09,1995-05-01,NONE,TRUCK,ular ideas wake fluffily
43106-2,43106,1770,71,2,37.00,61855.49,0.03,0.08,R,F,1995-03-26,1995-04-08,1995-04-02,DELIVER IN PERSON,TRUCK,"l, special es"
43106-3,43106,424,83,3,29.00,38408.18,0.01,0.04,A,F,1995-02-09,1995-03-17,1995-02-27,TAKE BACK RETURN,MAIL,ourts along the silent requests bo
43106-4,43106,954,89,4,12.00,22259.40,0.04,0.04,R,F,1995-04-15,1995-03-10,1995-05-07,COLLECT COD,MAIL,s. blithely sp
43106-5,43106,1347,24,5,38.00,47436.92,0.02,0.08,A,F,1995-05-19,1995-03-31,1995-05-28,NONE,MAIL,oxes affix quickly pac
43107-1,43107,10,36,1,6.00,5460.06,0.03,0.08,N,O,1997-09-09,1997-07-14,1997-10-07,NONE,MAIL, fluffily ironic 
43107-2,43107,291,19,2,13.00,15486.77,0.01,0.06,N,O,1997-06-27,1997-08-07,1997-07-27,NONE,REG AIR,sleep fluffily pending ideas. p
43107-3,43107,866,33,3,38.00,67140.68,0.01,0.02,N,O,1997-06-13,1997-06-27,1997-07-11,COLLECT COD,FOB,ely special pinto beans among t
43107-4,43107,1398,37,4,21.00,27287.19,0.07,0.01,N,O,1997-09-07,1997-06-24,1997-09-08,DELIVER IN PERSON,TRUCK,uickly pending deposits aro
43108-1,43108,858,25,1,41.00,72112.85,0.01,0.05,N,O,1996-08-21,1996-10-19,1996-08-31,TAKE BACK RETURN,RAIL, express deposits sleep furiously 
43108-2,43108,730,27,2,24.00,39137.52,0.10,0.08,N,O,1996-11-03,1996-11-07,1996-11-29,COLLECT COD,MAIL,ests. furiously final instr
43109-1,43109,1040,41,1,37.00,34818.48,0.07,0.06,A,F,1993-01-24,1993-03-07,1993-02-06,TAKE BACK RETURN,RAIL,uickly exp
43109-2,43109,1012,48,2,8.00,7304.08,0.08,0.01,R,F,1993-03-25,1993-02-22,1993-04-15,DELIVER IN PERSON,MAIL,"ag slyly above the unusual, regular a"
43109-3,43109,918,21,3,42.00,76394.22,0.00,0.06,A,F,1993-01-05,1993-03-04,1993-01-31,TAKE BACK RETURN,REG AIR,arefully regular sauternes against t
43109-4,43109,1971,16,4,33.00,61808.01,0.08,0.00,A,F,1993-01-30,1993-03-17,1993-02-01,TAKE BACK RETURN,MAIL,eposits haggle slyly quickly 
43109-5,43109,1582,3,5,19.00,28188.02,0.05,0.05,R,F,1992-12-24,1993-02-10,1993-01-15,COLLECT COD,SHIP,ans. slyly bold requests a
43109-6,43109,1633,57,6,14.00,21484.82,0.01,0.03,R,F,1993-04-20,1993-02-07,1993-05-17,TAKE BACK RETURN,AIR,nal requests. quickly ironi
43110-1,43110,1640,82,1,20.00,30832.80,0.08,0.05,A,F,1995-03-09,1995-04-29,1995-03-12,DELIVER IN PERSON,TRUCK,"regular, regular accounts. ironic"
43110-2,43110,1389,4,2,21.00,27097.98,0.02,0.07,R,F,1995-03-14,1995-03-24,1995-03-30,COLLECT COD,TRUCK,carefully dogged deposit
43110-3,43110,412,100,3,36.00,47246.76,0.01,0.00,A,F,1995-03-13,1995-04-10,1995-03-31,COLLECT COD,RAIL,nts cajole. fluffily ironic packages 
43110-4,43110,614,8,4,12.00,18175.32,0.00,0.02,A,F,1995-05-26,1995-03-28,1995-06-14,TAKE BACK RETURN,AIR,efully blithely ironic asymp
43110-5,43110,1468,8,5,11.00,15064.06,0.02,0.06,A,F,1995-04-18,1995-04-05,1995-04-19,TAKE BACK RETURN,SHIP,"egular, even requests cajole along"
43110-6,43110,1901,90,6,31.00,55889.90,0.08,0.00,R,F,1995-05-15,1995-05-04,1995-06-01,TAKE BACK RETURN,SHIP,symptotes cajole a
43111-1,43111,1874,18,1,14.00,24862.18,0.05,0.05,N,O,1995-09-26,1995-12-07,1995-10-08,NONE,RAIL, to the slyly even ac
43111-2,43111,412,13,2,18.00,23623.38,0.05,0.08,N,O,1995-10-12,1995-12-02,1995-10-31,NONE,REG AIR,ackages. slyly final accoun
43111-3,43111,215,70,3,49.00,54645.29,0.02,0.06,N,O,1995-11-25,1995-12-05,1995-12-02,DELIVER IN PERSON,SHIP,are never evenly final
43111-4,43111,229,30,4,37.00,41781.14,0.03,0.06,N,O,1995-11-21,1995-11-14,1995-11-30,NONE,REG AIR,slyly special ideas haggle accordi
43111-5,43111,14,15,5,32.00,29248.32,0.08,0.01,N,O,1995-09-25,1995-11-24,1995-10-01,TAKE BACK RETURN,RAIL,nic dolphin
43111-6,43111,695,96,6,3.00,4787.07,0.06,0.01,N,O,1995-12-13,1995-11-14,1996-01-12,COLLECT COD,AIR,ys sleep quickly unusual packages. regul
43111-7,43111,725,22,7,1.00,1625.72,0.02,0.01,N,O,1995-09-30,1995-12-06,1995-10-10,TAKE BACK RETURN,FOB,as cajole against the
43136-1,43136,332,17,1,25.00,30808.25,0.02,0.05,A,F,1993-08-29,1993-11-11,1993-09-04,TAKE BACK RETURN,SHIP,refully special accounts brea
43137-1,43137,611,5,1,30.00,45348.30,0.04,0.01,A,F,1995-05-12,1995-04-21,1995-06-05,NONE,TRUCK,rding to the slyly bold sentim
43138-1,43138,468,56,1,40.00,54738.40,0.05,0.02,A,F,1992-05-19,1992-06-11,1992-05-29,COLLECT COD,FOB, haggle slyly. slyly pending dolphin
43138-2,43138,1012,48,2,17.00,15521.17,0.04,0.00,R,F,1992-03-24,1992-05-24,1992-04-13,TAKE BACK RETURN,FOB,ches impress against the carefully
43139-1,43139,992,61,1,35.00,66254.65,0.03,0.05,N,O,1997-03-16,1997-03-09,1997-04-02,DELIVER IN PERSON,TRUCK,"e special, regular platelets. ir"
43139-2,43139,1221,59,2,7.00,7855.54,0.06,0.05,N,O,1997-03-02,1997-03-04,1997-03-25,TAKE BACK RETURN,MAIL, cajole. slyly silent ideas 
43139-3,43139,1301,16,3,10.00,12023.00,0.01,0.01,N,O,1997-03-09,1997-04-01,1997-03-12,NONE,AIR,blithe accou
43140-1,43140,655,18,1,47.00,73115.55,0.01,0.08,A,F,1994-04-17,1994-06-06,1994-05-17,TAKE BACK RETURN,RAIL,uffily agai
43140-2,43140,1470,88,2,28.00,38401.16,0.00,0.07,R,F,1994-07-12,1994-05-25,1994-07-28,COLLECT COD,AIR,ely regular accounts. packa
43140-3,43140,780,13,3,27.00,45381.06,0.09,0.00,A,F,1994-05-30,1994-05-09,1994-06-26,TAKE BACK RETURN,MAIL,y about the slyly brave epitaphs. final acc
43140-4,43140,245,27,4,17.00,19469.08,0.01,0.07,R,F,1994-04-24,1994-06-11,1994-05-11,TAKE BACK RETURN,RAIL,nstructions sleep blithely f
43141-1,43141,1518,99,1,2.00,2839.02,0.02,0.05,R,F,1993-08-20,1993-10-02,1993-09-04,DELIVER IN PERSON,FOB,ress requests. enticingly f
43141-2,43141,920,89,2,45.00,81941.40,0.03,0.03,R,F,1993-10-29,1993-08-12,1993-11-08,DELIVER IN PERSON,MAIL,usly express Tiresias serve slyly q
43141-3,43141,932,1,3,41.00,75150.13,0.09,0.03,A,F,1993-10-08,1993-09-22,1993-11-01,DELIVER IN PERSON,RAIL,uickly pending deposits use regula
43141-4,43141,1440,80,4,19.00,25487.36,0.06,0.03,R,F,1993-07-28,1993-09-15,1993-07-31,NONE,REG AIR,furiously final 
43141-5,43141,1889,33,5,8.00,14327.04,0.07,0.06,R,F,1993-10-30,1993-09-03,1993-11-19,NONE,SHIP,ess ideas are 
43142-1,43142,1871,72,1,50.00,88643.50,0.05,0.06,N,O,1996-04-27,1996-03-15,1996-05-26,NONE,SHIP,olites cajole carefull
43142-2,43142,1760,61,2,47.00,78102.72,0.03,0.03,N,O,1996-03-11,1996-04-05,1996-04-03,TAKE BACK RETURN,FOB,refully busy requests sleep carefully. sl
43142-3,43142,1654,96,3,46.00,71559.90,0.10,0.06,N,O,1996-04-16,1996-03-19,1996-04-23,COLLECT COD,REG AIR,egular package
43142-4,43142,277,32,4,28.00,32963.56,0.04,0.08,N,O,1996-03-11,1996-04-21,1996-03-14,COLLECT COD,SHIP,"ing, ironic accounts. furiously sil"
43142-5,43142,1822,66,5,42.00,72400.44,0.03,0.00,N,O,1996-05-15,1996-03-11,1996-05-29,DELIVER IN PERSON,MAIL,furiously even reque
43142-6,43142,462,63,6,33.00,44961.18,0.06,0.00,N,O,1996-04-24,1996-05-03,1996-05-04,DELIVER IN PERSON,AIR,luffily bold ideas. carefully ironi
43143-1,43143,279,61,1,47.00,55425.69,0.02,0.02,N,O,1998-02-21,1998-03-18,1998-03-19,DELIVER IN PERSON,MAIL,g excuses. blit
43143-2,43143,107,34,2,18.00,18127.80,0.10,0.01,N,O,1998-05-22,1998-03-25,1998-05-27,TAKE BACK RETURN,RAIL, dependencies. spec
43143-3,43143,1420,21,3,7.00,9249.94,0.05,0.06,N,O,1998-02-25,1998-03-09,1998-02-28,TAKE BACK RETURN,TRUCK,"ar instructions. final, unusua"
43143-4,43143,1514,55,4,32.00,45296.32,0.10,0.05,N,O,1998-05-23,1998-04-13,1998-05-30,TAKE BACK RETURN,SHIP,"ns. final, pending asymptot"
43143-5,43143,1739,82,5,15.00,24610.95,0.07,0.06,N,O,1998-02-16,1998-03-29,1998-03-01,DELIVER IN PERSON,TRUCK,ns cajole. furiously regular acc
43143-6,43143,888,88,6,20.00,35777.60,0.01,0.08,N,O,1998-04-23,1998-03-23,1998-05-12,NONE,TRUCK,sual accounts are furiously throug
43168-1,43168,923,26,1,5.00,9119.60,0.10,0.01,N,O,1996-07-18,1996-06-19,1996-08-09,TAKE BACK RETURN,AIR,ronic requests. carefully express p
43168-2,43168,827,27,2,32.00,55290.24,0.07,0.00,N,O,1996-07-21,1996-05-22,1996-08-10,COLLECT COD,AIR,thely against the silen
43168-3,43168,1068,69,3,20.00,19381.20,0.00,0.06,N,O,1996-05-07,1996-06-04,1996-05-30,COLLECT COD,TRUCK,ross the silently iro
43168-4,43168,24,75,4,43.00,39732.86,0.01,0.03,N,O,1996-05-07,1996-06-08,1996-05-22,COLLECT COD,REG AIR,uses. carefully bold requ
43169-1,43169,1377,16,1,44.00,56248.28,0.05,0.04,R,F,1994-05-08,1994-06-29,1994-05-27,DELIVER IN PERSON,REG AIR,ate. furiously regular asymptotes around th
43170-1,43170,1482,83,1,43.00,59489.64,0.00,0.07,A,F,1993-07-11,1993-07-04,1993-08-08,NONE,MAIL,ly blithely ironic 
43170-2,43170,153,32,2,1.00,1053.15,0.08,0.07,R,F,1993-08-20,1993-07-02,1993-09-13,TAKE BACK RETURN,REG AIR,ites. unusual pinto beans caj
43170-3,43170,592,23,3,38.00,56718.42,0.04,0.06,R,F,1993-05-18,1993-06-26,1993-05-28,COLLECT COD,TRUCK,ly alongside of the 
43170-4,43170,1779,80,4,23.00,38657.71,0.06,0.02,R,F,1993-08-28,1993-06-23,1993-09-26,NONE,RAIL,even dinos haggle carefully around the spe
43170-5,43170,1856,86,5,23.00,40430.55,0.03,0.05,R,F,1993-08-14,1993-07-04,1993-08-18,COLLECT COD,REG AIR,odolites. quickly bold t
43170-6,43170,510,11,6,30.00,42315.30,0.02,0.04,A,F,1993-08-18,1993-07-27,1993-09-13,TAKE BACK RETURN,RAIL, quickly regular packages abou
43170-7,43170,1350,89,7,24.00,30032.40,0.09,0.04,R,F,1993-06-18,1993-06-19,1993-06-28,NONE,FOB,usual ideas nag furi
43171-1,43171,1499,39,1,11.00,15405.39,0.04,0.07,N,O,1996-08-21,1996-07-17,1996-09-15,DELIVER IN PERSON,TRUCK, instructions. carefully unusual ins
43171-2,43171,1919,8,2,35.00,63731.85,0.07,0.00,N,O,1996-07-10,1996-09-08,1996-08-04,COLLECT COD,REG AIR,e theodolites wake blithely ab
43172-1,43172,796,93,1,14.00,23755.06,0.07,0.06,A,F,1994-08-29,1994-08-30,1994-09-23,DELIVER IN PERSON,FOB, slyly regular 
43172-2,43172,317,46,2,3.00,3651.93,0.01,0.08,A,F,1994-10-19,1994-09-09,1994-10-20,COLLECT COD,MAIL,old pinto bean
43173-1,43173,1645,87,1,37.00,57225.68,0.06,0.05,N,O,1996-04-10,1996-04-01,1996-05-10,NONE,REG AIR,xpress theodolites thrash. furiously r
43174-1,43174,1413,53,1,7.00,9200.87,0.09,0.02,N,O,1998-01-31,1998-02-28,1998-02-24,NONE,RAIL,ole furiously a
43175-1,43175,539,40,1,10.00,14395.30,0.03,0.00,N,O,1996-05-08,1996-04-30,1996-06-07,COLLECT COD,REG AIR,requests haggle slyly car
43175-2,43175,89,15,2,19.00,18792.52,0.09,0.08,N,O,1996-05-08,1996-04-15,1996-05-31,TAKE BACK RETURN,SHIP,ideas haggle. ins
43175-3,43175,1794,79,3,22.00,37307.38,0.10,0.00,N,O,1996-04-06,1996-04-19,1996-05-04,COLLECT COD,FOB,ly even instructions. carefully 
43175-4,43175,991,26,4,28.00,52975.72,0.03,0.03,N,O,1996-05-15,1996-04-30,1996-05-24,COLLECT COD,RAIL, pinto beans. quickl
43200-1,43200,870,4,1,21.00,37188.27,0.10,0.03,R,F,1993-10-08,1993-10-28,1993-11-02,DELIVER IN PERSON,FOB,rts sublate quickly pinto beans
43200-2,43200,703,36,2,33.00,52922.10,0.02,0.08,R,F,1993-10-23,1993-10-08,1993-11-22,TAKE BACK RETURN,TRUCK,cial dolphi
43200-3,43200,1165,66,3,49.00,52241.84,0.02,0.03,A,F,1993-08-16,1993-10-26,1993-08-30,TAKE BACK RETURN,AIR,fluffily. bli
43200-4,43200,932,67,4,35.00,64152.55,0.03,0.00,R,F,1993-10-13,1993-09-07,1993-10-26,TAKE BACK RETURN,FOB,pending inst
43200-5,43200,790,87,5,37.00,62559.23,0.01,0.07,A,F,1993-10-04,1993-10-18,1993-10-28,TAKE BACK RETURN,SHIP,eodolites wake b
43200-6,43200,480,68,6,15.00,20707.20,0.09,0.06,R,F,1993-10-12,1993-10-05,1993-11-10,DELIVER IN PERSON,FOB, sleep. express dependencies above
43201-1,43201,31,7,1,17.00,15827.51,0.01,0.05,A,F,1995-04-28,1995-05-19,1995-05-12,COLLECT COD,MAIL,"s integrate final, even excuses. specia"
43202-1,43202,1824,25,1,19.00,32790.58,0.07,0.03,R,F,1994-08-11,1994-10-16,1994-08-26,NONE,MAIL, instructions. 
43202-2,43202,1729,30,2,48.00,78274.56,0.02,0.03,R,F,1994-11-28,1994-10-04,1994-12-28,COLLECT COD,FOB, pending excuses haggle careful
43203-1,43203,865,65,1,44.00,77697.84,0.08,0.07,A,F,1992-04-26,1992-04-26,1992-05-08,TAKE BACK RETURN,FOB,ccording t
43203-2,43203,1360,61,2,36.00,45408.96,0.04,0.00,A,F,1992-03-29,1992-03-31,1992-04-12,NONE,RAIL,"ptotes haggle carefully. special, final dep"
43203-3,43203,1582,83,3,38.00,56376.04,0.07,0.00,R,F,1992-04-03,1992-03-17,1992-04-28,TAKE BACK RETURN,TRUCK,inal accounts. quickly special dep
43204-1,43204,1924,69,1,44.00,80340.48,0.01,0.01,R,F,1995-02-26,1995-01-28,1995-03-08,TAKE BACK RETURN,FOB,blithely even requests nag slyly acros
43204-2,43204,617,11,2,10.00,15176.10,0.10,0.03,R,F,1994-12-07,1995-01-05,1994-12-10,COLLECT COD,AIR,ges after 
43204-3,43204,1978,67,3,12.00,22559.64,0.06,0.02,R,F,1995-03-28,1995-01-14,1995-04-01,NONE,MAIL,. carefully pending accounts wa
43204-4,43204,1949,50,4,32.00,59230.08,0.08,0.02,R,F,1995-03-12,1995-01-23,1995-04-04,COLLECT COD,MAIL,le quickly quickly close ideas
43204-5,43204,1372,11,5,39.00,49661.43,0.05,0.02,R,F,1995-03-01,1995-02-24,1995-03-14,COLLECT COD,FOB,ions. quickly special for
43205-1,43205,777,10,1,39.00,65433.03,0.00,0.00,N,O,1997-06-28,1997-06-12,1997-07-11,COLLECT COD,TRUCK,iously ironic platele
43206-1,43206,777,10,1,21.00,35233.17,0.05,0.05,A,F,1994-11-20,1994-11-12,1994-12-20,COLLECT COD,SHIP, even packages accordi
43206-2,43206,1832,33,2,45.00,78022.35,0.05,0.00,A,F,1994-10-27,1994-11-15,1994-11-01,TAKE BACK RETURN,RAIL,equests boost quickly. 
43206-3,43206,372,57,3,33.00,41988.21,0.05,0.01,R,F,1994-09-10,1994-09-25,1994-09-19,NONE,REG AIR,es sleep regular instruc
43206-4,43206,529,90,4,39.00,55751.28,0.04,0.05,R,F,1994-09-07,1994-10-07,1994-09-11,COLLECT COD,RAIL,y even theo
43206-5,43206,507,98,5,48.00,67560.00,0.07,0.04,A,F,1994-08-27,1994-11-18,1994-09-05,DELIVER IN PERSON,REG AIR,eposits; regular foxe
43207-1,43207,1179,88,1,21.00,22683.57,0.04,0.01,A,F,1993-07-20,1993-07-23,1993-07-25,COLLECT COD,REG AIR,ring accounts sleep slyly slyly ironic pat
43207-2,43207,880,47,2,35.00,62330.80,0.00,0.03,R,F,1993-08-20,1993-09-04,1993-09-08,COLLECT COD,FOB,y bold dependencies are slyly ag
43207-3,43207,1589,30,3,24.00,35773.92,0.10,0.05,A,F,1993-06-27,1993-08-21,1993-07-16,COLLECT COD,SHIP, packages. blithely regular pa
43207-4,43207,940,41,4,32.00,58910.08,0.03,0.02,R,F,1993-09-05,1993-08-02,1993-09-14,TAKE BACK RETURN,TRUCK,ual warhorses. blith
43207-5,43207,1269,44,5,1.00,1170.26,0.02,0.01,R,F,1993-10-06,1993-08-10,1993-10-14,TAKE BACK RETURN,FOB,ajole carefully among the
43207-6,43207,1270,82,6,49.00,57392.23,0.00,0.04,R,F,1993-07-18,1993-09-06,1993-07-30,TAKE BACK RETURN,MAIL, pinto beans. requests ca
43207-7,43207,1895,82,7,5.00,8984.45,0.06,0.00,A,F,1993-09-14,1993-08-18,1993-10-06,NONE,SHIP, haggle furiously express pinto bea
43232-1,43232,601,2,1,31.00,46549.60,0.03,0.08,N,O,1995-10-15,1995-12-16,1995-10-29,COLLECT COD,REG AIR,iously even packages. furiously s
43232-2,43232,1366,43,2,4.00,5069.44,0.04,0.03,N,O,1995-11-12,1995-12-17,1995-12-05,TAKE BACK RETURN,AIR,ully. special deposi
43233-1,43233,1197,98,1,16.00,17571.04,0.10,0.07,R,F,1993-07-30,1993-08-30,1993-08-19,NONE,TRUCK,. even packag
43233-2,43233,835,35,2,12.00,20829.96,0.02,0.03,A,F,1993-08-02,1993-08-07,1993-08-17,COLLECT COD,REG AIR,iously final packages haggle afte
43234-1,43234,127,54,1,2.00,2054.24,0.02,0.05,N,O,1998-01-06,1997-12-21,1998-01-31,DELIVER IN PERSON,AIR,furiously final ideas kindle fluffily ev
43234-2,43234,25,1,2,24.00,22200.48,0.09,0.01,N,O,1998-01-25,1998-01-10,1998-01-29,TAKE BACK RETURN,MAIL,equests. furi
43234-3,43234,1845,32,3,33.00,57645.72,0.09,0.01,N,O,1997-11-02,1997-12-03,1997-11-03,COLLECT COD,RAIL,ing accounts. regu
43234-4,43234,1118,55,4,38.00,38726.18,0.07,0.00,N,O,1998-02-04,1998-01-10,1998-02-07,TAKE BACK RETURN,REG AIR,ideas nag after the blithely even pint
43234-5,43234,1673,56,5,10.00,15746.70,0.04,0.06,N,O,1998-01-06,1997-12-19,1998-01-12,DELIVER IN PERSON,RAIL,uffily special escapades wake slyly c
43234-6,43234,902,3,6,40.00,72116.00,0.00,0.03,N,O,1998-01-06,1997-11-29,1998-01-30,COLLECT COD,MAIL, about the quickly pending request
43234-7,43234,541,32,7,4.00,5766.16,0.01,0.02,N,O,1997-10-22,1998-01-14,1997-10-26,COLLECT COD,REG AIR,regular somas impress. blithely r
43235-1,43235,1498,77,1,17.00,23791.33,0.07,0.03,N,O,1995-08-03,1995-10-03,1995-08-25,NONE,TRUCK,"eposits wake regular, "
43236-1,43236,1844,31,1,28.00,48883.52,0.05,0.07,R,F,1993-08-23,1993-08-10,1993-08-27,NONE,FOB,nic packages. asymptotes sleep ag
43236-2,43236,435,65,2,33.00,44069.19,0.05,0.08,R,F,1993-10-04,1993-08-15,1993-10-16,TAKE BACK RETURN,AIR,eposits. final requests wake fluffily f
43236-3,43236,738,71,3,10.00,16387.30,0.05,0.04,A,F,1993-07-10,1993-09-06,1993-07-14,COLLECT COD,TRUCK,usual asympto
43236-4,43236,1236,11,4,15.00,17058.45,0.07,0.06,R,F,1993-07-15,1993-09-03,1993-08-12,NONE,TRUCK,y furiously iron
43237-1,43237,1604,87,1,36.00,54201.60,0.05,0.08,A,F,1993-09-08,1993-08-14,1993-09-27,NONE,TRUCK,he instructions. f
43237-2,43237,1762,63,2,14.00,23292.64,0.08,0.00,A,F,1993-06-02,1993-07-03,1993-06-15,COLLECT COD,SHIP, asymptotes. caref
43237-3,43237,1505,86,3,37.00,52040.50,0.06,0.08,A,F,1993-08-24,1993-07-30,1993-09-17,COLLECT COD,REG AIR,ly even foxe
43238-1,43238,223,24,1,11.00,12355.42,0.01,0.05,N,O,1996-05-24,1996-05-24,1996-05-28,NONE,REG AIR,"the even, ironi"
43238-2,43238,1115,88,2,18.00,18289.98,0.10,0.08,N,O,1996-06-11,1996-06-28,1996-06-24,COLLECT COD,AIR,ccording to the silent warhorses affix
43238-3,43238,303,88,3,46.00,55351.80,0.07,0.08,N,O,1996-06-18,1996-06-16,1996-07-12,TAKE BACK RETURN,REG AIR,ular deposits nag furiously among the
43238-4,43238,1993,26,4,10.00,18949.90,0.06,0.05,N,O,1996-05-15,1996-06-28,1996-05-28,TAKE BACK RETURN,MAIL,ly express packages are blithely careful
43239-1,43239,688,82,1,39.00,61958.52,0.00,0.00,N,O,1995-06-18,1995-04-28,1995-06-22,COLLECT COD,SHIP,final acco
43264-1,43264,705,38,1,27.00,43353.90,0.04,0.03,N,O,1996-06-05,1996-05-29,1996-06-09,COLLECT COD,AIR,hely regular depo
43264-2,43264,171,98,2,41.00,43917.97,0.01,0.06,N,O,1996-07-27,1996-05-21,1996-08-16,NONE,RAIL,e slyly quickly
43265-1,43265,1453,93,1,6.00,8126.70,0.07,0.06,N,O,1997-10-26,1997-09-24,1997-10-31,DELIVER IN PERSON,REG AIR,refully final theodolites nag quickly fin
43265-2,43265,1502,83,2,36.00,50526.00,0.09,0.05,N,O,1997-08-07,1997-09-28,1997-08-22,NONE,RAIL,"atelets among the final, specia"
43265-3,43265,1096,2,3,50.00,49854.50,0.02,0.06,N,O,1997-10-22,1997-09-27,1997-11-03,TAKE BACK RETURN,AIR,y regular deposits. express depth
43265-4,43265,1980,13,4,11.00,20701.78,0.07,0.04,N,O,1997-10-22,1997-10-04,1997-10-24,DELIVER IN PERSON,FOB,fully unusual deposits above the i
43266-1,43266,168,47,1,32.00,34181.12,0.09,0.01,N,O,1998-02-08,1998-03-14,1998-02-24,COLLECT COD,MAIL,kly regular packages
43266-2,43266,1211,12,2,40.00,44488.40,0.06,0.05,N,O,1998-05-30,1998-04-12,1998-06-25,TAKE BACK RETURN,AIR,onic packages use blit
43266-3,43266,1652,94,3,13.00,20197.45,0.00,0.05,N,O,1998-04-08,1998-04-11,1998-05-06,TAKE BACK RETURN,TRUCK,ounts. slyly unu
43266-4,43266,1804,34,4,20.00,34116.00,0.01,0.01,N,O,1998-04-18,1998-05-03,1998-05-10,NONE,RAIL,quickly regular deposits into the unu
43267-1,43267,1140,49,1,46.00,47892.44,0.01,0.05,N,O,1995-09-03,1995-07-13,1995-09-10,NONE,SHIP,ith the quickly final deposits. 
43267-2,43267,1372,73,2,40.00,50934.80,0.02,0.00,R,F,1995-05-27,1995-08-07,1995-06-06,NONE,MAIL,ithely bold packages. carefully
43268-1,43268,393,22,1,15.00,19400.85,0.04,0.08,N,O,1996-10-19,1996-10-29,1996-11-15,COLLECT COD,TRUCK,nag furious
43269-1,43269,838,39,1,8.00,13910.64,0.07,0.08,R,F,1994-04-19,1994-06-17,1994-05-08,DELIVER IN PERSON,TRUCK, packages: slyly iro
43269-2,43269,1640,64,2,5.00,7708.20,0.08,0.06,R,F,1994-05-12,1994-06-29,1994-05-28,DELIVER IN PERSON,REG AIR, affix alongside of
43270-1,43270,1305,6,1,4.00,4825.20,0.08,0.03,A,F,1992-09-19,1992-10-29,1992-09-30,DELIVER IN PERSON,FOB,ornis sleep blithely; carefully
43270-2,43270,1728,13,2,10.00,16297.20,0.09,0.08,A,F,1992-12-09,1992-10-31,1992-12-21,TAKE BACK RETURN,REG AIR,slyly even deposits. bli
43270-3,43270,1909,54,3,31.00,56137.90,0.08,0.03,A,F,1992-09-17,1992-11-18,1992-09-18,NONE,MAIL,ly even foxes are across the carefull
43270-4,43270,106,33,4,4.00,4024.40,0.07,0.00,A,F,1992-12-31,1992-10-27,1993-01-07,DELIVER IN PERSON,MAIL,ost carefull
43271-1,43271,1601,25,1,8.00,12020.80,0.09,0.06,A,F,1993-04-30,1993-05-23,1993-05-15,NONE,MAIL,"ar instructions. bold, final requests"
43271-2,43271,992,93,2,1.00,1892.99,0.04,0.08,A,F,1993-03-29,1993-05-03,1993-04-16,DELIVER IN PERSON,TRUCK,"e fluffy, final pinto beans. slyly fi"
43271-3,43271,1074,80,3,22.00,21451.54,0.03,0.06,R,F,1993-04-27,1993-04-28,1993-05-21,COLLECT COD,TRUCK,ly against the fluffily ironic
43296-1,43296,1763,48,1,22.00,36624.72,0.04,0.01,A,F,1992-04-02,1992-04-21,1992-04-11,DELIVER IN PERSON,AIR,ss ideas sleep. care
43297-1,43297,1501,2,1,6.00,8415.00,0.04,0.02,N,O,1998-06-17,1998-04-04,1998-07-13,COLLECT COD,FOB,s! furiously regular accounts detect car
43297-2,43297,436,37,2,50.00,66821.50,0.09,0.08,N,O,1998-03-04,1998-05-04,1998-03-19,NONE,RAIL,"old, final ideas haggle against"
43297-3,43297,476,64,3,14.00,19270.58,0.05,0.03,N,O,1998-05-16,1998-04-04,1998-05-18,DELIVER IN PERSON,RAIL,r foxes boost carefully. request
43297-4,43297,57,83,4,8.00,7656.40,0.03,0.05,N,O,1998-04-13,1998-05-14,1998-04-15,COLLECT COD,MAIL,lly. even asymptotes above the furiousl
43297-5,43297,479,80,5,20.00,27589.40,0.02,0.08,N,O,1998-03-10,1998-04-15,1998-03-25,TAKE BACK RETURN,TRUCK,ggle blithely along the blithely final p
43297-6,43297,1560,41,6,29.00,42385.24,0.09,0.07,N,O,1998-04-13,1998-05-21,1998-04-24,TAKE BACK RETURN,RAIL, use furiously. slyly even 
43297-7,43297,1635,36,7,19.00,29195.97,0.05,0.03,N,O,1998-04-01,1998-04-17,1998-04-02,COLLECT COD,AIR, blithely even accounts eat furious
43298-1,43298,669,70,1,27.00,42380.82,0.05,0.08,N,O,1995-07-28,1995-09-18,1995-08-21,COLLECT COD,MAIL,refully regular instructions use slyly: c
43298-2,43298,1345,60,2,4.00,4985.36,0.06,0.04,N,O,1995-08-26,1995-08-12,1995-09-04,TAKE BACK RETURN,REG AIR,s boost furiously about the
43298-3,43298,1904,37,3,40.00,72236.00,0.08,0.06,N,O,1995-10-25,1995-09-23,1995-11-18,TAKE BACK RETURN,REG AIR,es. special packages cajole accordi
43298-4,43298,1707,50,4,5.00,8043.50,0.01,0.08,N,O,1995-09-18,1995-09-08,1995-09-26,TAKE BACK RETURN,AIR,ges. carefu
43298-5,43298,22,98,5,12.00,11064.24,0.09,0.04,N,O,1995-07-18,1995-08-26,1995-08-13,DELIVER IN PERSON,AIR,aggle slyly regular packages. regular theod
43299-1,43299,324,81,1,48.00,58767.36,0.09,0.08,N,O,1997-01-27,1997-02-26,1997-02-17,COLLECT COD,RAIL,ages. even theod
43299-2,43299,1732,59,2,31.00,50645.63,0.10,0.06,N,O,1997-04-26,1997-02-11,1997-05-18,DELIVER IN PERSON,TRUCK,slyly. blithely even pat
43300-1,43300,85,36,1,9.00,8865.72,0.09,0.00,N,O,1998-05-15,1998-05-26,1998-06-07,TAKE BACK RETURN,AIR, furiously quickly regu
43300-2,43300,92,68,2,44.00,43651.96,0.09,0.01,N,O,1998-04-24,1998-04-24,1998-04-27,NONE,TRUCK,es. blithely bold inst
43301-1,43301,283,65,1,3.00,3549.84,0.00,0.08,A,F,1994-12-06,1994-10-06,1994-12-14,DELIVER IN PERSON,REG AIR,ly. careful theodoli
43301-2,43301,93,69,2,18.00,17875.62,0.01,0.00,R,F,1994-09-20,1994-09-27,1994-10-20,COLLECT COD,FOB,iously about
43301-3,43301,597,58,3,48.00,71884.32,0.10,0.06,R,F,1994-12-01,1994-10-22,1994-12-17,COLLECT COD,FOB,express deposits are blithely. 
43301-4,43301,1103,76,4,7.00,7028.70,0.09,0.01,A,F,1994-10-04,1994-09-29,1994-10-16,TAKE BACK RETURN,FOB, beans sleep quickly about th
43301-5,43301,465,95,5,35.00,47791.10,0.10,0.08,R,F,1994-12-19,1994-10-20,1995-01-06,COLLECT COD,MAIL,he instructions. fluffily pending requests
43301-6,43301,909,78,6,7.00,12669.30,0.09,0.00,R,F,1994-09-16,1994-09-24,1994-10-12,DELIVER IN PERSON,FOB,ng ideas haggle blith
43301-7,43301,299,100,7,35.00,41975.15,0.02,0.03,A,F,1994-11-26,1994-11-03,1994-12-12,DELIVER IN PERSON,MAIL,eposits. r
43302-1,43302,909,12,1,5.00,9049.50,0.06,0.03,N,O,1995-09-27,1995-11-09,1995-10-24,DELIVER IN PERSON,MAIL,lyly. slyly special deposits hag
43302-2,43302,101,28,2,10.00,10011.00,0.00,0.02,N,O,1995-12-12,1995-11-14,1995-12-25,NONE,FOB,"lar, regular foxes. quickly final packages "
43302-3,43302,1713,98,3,23.00,37138.33,0.05,0.08,N,O,1995-10-19,1995-10-20,1995-11-04,COLLECT COD,MAIL, regular attainments cajole quickly 
43302-4,43302,904,39,4,31.00,55951.90,0.08,0.01,N,O,1995-12-03,1995-10-21,1995-12-08,TAKE BACK RETURN,MAIL,y. quickly 
43303-1,43303,1549,70,1,40.00,58021.60,0.00,0.08,R,F,1994-06-11,1994-05-28,1994-07-07,DELIVER IN PERSON,TRUCK, carefully slow account
43303-2,43303,906,9,2,33.00,59627.70,0.00,0.00,R,F,1994-04-23,1994-05-17,1994-05-18,DELIVER IN PERSON,SHIP, sleep alongside 
43328-1,43328,1253,54,1,42.00,48478.50,0.01,0.04,A,F,1995-03-21,1995-05-04,1995-03-30,NONE,REG AIR,. quickly express pinto beans promise slyly
43328-2,43328,1047,48,2,17.00,16116.68,0.10,0.00,R,F,1995-03-13,1995-04-25,1995-04-04,TAKE BACK RETURN,AIR,ions are bold deposit
43328-3,43328,1422,62,3,3.00,3970.26,0.04,0.00,R,F,1995-03-25,1995-06-02,1995-04-02,COLLECT COD,RAIL,"g the special, bold requests. bold,"
43328-4,43328,1481,82,4,39.00,53916.72,0.06,0.02,A,F,1995-04-16,1995-04-28,1995-05-09,COLLECT COD,AIR,ld somas haggle slyly acro
43328-5,43328,196,97,5,40.00,43847.60,0.02,0.03,N,O,1995-06-20,1995-04-18,1995-06-28,DELIVER IN PERSON,RAIL,ns above the ruthlessly expr
43329-1,43329,1069,75,1,7.00,6790.42,0.06,0.07,A,F,1993-06-27,1993-05-15,1993-07-05,DELIVER IN PERSON,RAIL,es are furiou
43329-2,43329,1509,10,2,10.00,14105.00,0.05,0.06,R,F,1993-03-28,1993-04-09,1993-04-12,DELIVER IN PERSON,REG AIR,s sleep furiously. 
43329-3,43329,1700,83,3,43.00,68873.10,0.00,0.03,A,F,1993-06-06,1993-05-23,1993-06-11,NONE,REG AIR, ideas. expres
43329-4,43329,1108,9,4,12.00,12109.20,0.03,0.03,A,F,1993-05-30,1993-04-11,1993-06-01,COLLECT COD,RAIL,n accounts d
43329-5,43329,1062,33,5,14.00,13482.84,0.08,0.00,A,F,1993-05-16,1993-05-20,1993-06-11,TAKE BACK RETURN,SHIP, final packages detect
43330-1,43330,70,71,1,3.00,2910.21,0.03,0.07,R,F,1994-07-10,1994-06-26,1994-07-31,TAKE BACK RETURN,AIR,foxes. carefully regular excuse
43330-2,43330,70,21,2,21.00,20371.47,0.08,0.02,R,F,1994-05-01,1994-05-28,1994-05-09,TAKE BACK RETURN,FOB,egular requests sleep-- 
43330-3,43330,474,75,3,45.00,61851.15,0.07,0.07,A,F,1994-08-21,1994-06-23,1994-09-12,DELIVER IN PERSON,AIR,. fluffily special p
43331-1,43331,1531,12,1,2.00,2865.06,0.03,0.00,N,O,1998-03-27,1998-05-01,1998-04-09,COLLECT COD,TRUCK,gular foxes cajole blithel
43331-2,43331,1287,62,2,27.00,32083.56,0.06,0.08,N,O,1998-06-15,1998-06-17,1998-07-12,NONE,AIR," wake carefully even, final de"
43332-1,43332,1925,26,1,17.00,31057.64,0.03,0.00,R,F,1992-09-14,1992-11-05,1992-10-02,NONE,MAIL,ully alongside of the quickl
43332-2,43332,904,5,2,18.00,32488.20,0.05,0.04,A,F,1992-11-26,1992-11-19,1992-12-08,TAKE BACK RETURN,MAIL,regular courts. blithel
43332-3,43332,1152,53,3,50.00,52657.50,0.02,0.03,A,F,1992-10-12,1992-11-04,1992-10-20,COLLECT COD,SHIP,ss the ironic packages. carefully silent pi
43332-4,43332,744,9,4,26.00,42763.24,0.09,0.01,R,F,1992-10-19,1992-10-17,1992-11-15,TAKE BACK RETURN,RAIL,"press platelets. requests print slyly idle,"
43333-1,43333,120,73,1,9.00,9181.08,0.02,0.06,R,F,1994-01-18,1994-02-08,1994-02-13,COLLECT COD,FOB,lyly even braids
43334-1,43334,1534,35,1,4.00,5742.12,0.05,0.03,A,F,1993-11-20,1993-09-16,1993-11-27,COLLECT COD,SHIP,y express requests sleep slyly even acc
43335-1,43335,410,98,1,13.00,17035.33,0.10,0.05,N,O,1998-06-06,1998-07-14,1998-06-16,COLLECT COD,SHIP,ly across the fluffily pendi
43335-2,43335,1361,62,2,4.00,5049.44,0.10,0.07,N,O,1998-06-15,1998-06-20,1998-07-05,NONE,REG AIR,nding deposit
43360-1,43360,1980,25,1,9.00,16937.82,0.08,0.00,R,F,1994-12-09,1995-01-11,1995-01-08,NONE,REG AIR, express instructions. slyly express pack
43360-2,43360,757,90,2,16.00,26524.00,0.10,0.05,R,F,1994-11-20,1994-12-12,1994-12-11,TAKE BACK RETURN,AIR,uests hinder s
43360-3,43360,1933,22,3,49.00,89911.57,0.03,0.05,R,F,1994-11-25,1994-11-20,1994-12-07,COLLECT COD,SHIP,its. regular requests after the qui
43361-1,43361,147,100,1,8.00,8377.12,0.06,0.06,N,O,1995-11-14,1995-12-01,1995-11-29,NONE,RAIL,ntain about the e
43362-1,43362,1821,22,1,43.00,74081.26,0.03,0.04,R,F,1994-02-04,1994-02-21,1994-02-10,DELIVER IN PERSON,TRUCK,pecial requests nag furiously. bli
43362-2,43362,589,50,2,21.00,31281.18,0.00,0.02,R,F,1994-05-05,1994-03-04,1994-05-17,DELIVER IN PERSON,AIR,nstructions across the ironi
43362-3,43362,1170,79,3,15.00,16067.55,0.05,0.05,R,F,1994-04-06,1994-02-16,1994-05-05,COLLECT COD,RAIL, furiously special foxes. car
43362-4,43362,128,7,4,44.00,45237.28,0.07,0.05,R,F,1994-02-03,1994-03-18,1994-03-01,COLLECT COD,MAIL,nusual accounts x-ray slyly about t
43362-5,43362,1240,52,5,11.00,12553.64,0.09,0.00,A,F,1994-02-10,1994-04-12,1994-02-13,NONE,FOB,zzle furiously special foxes. 
43363-1,43363,874,41,1,5.00,8874.35,0.06,0.07,N,O,1995-12-27,1995-10-13,1996-01-03,DELIVER IN PERSON,RAIL,eposits use slyly about the reg
43363-2,43363,924,59,2,49.00,89421.08,0.03,0.08,N,O,1995-11-12,1995-11-24,1995-12-08,DELIVER IN PERSON,AIR,s doubt blithely against the caref
43363-3,43363,1392,31,3,22.00,28454.58,0.05,0.02,N,O,1995-09-29,1995-11-13,1995-10-07,DELIVER IN PERSON,REG AIR,l excuses wake slyly regular accounts. spe
43363-4,43363,1906,39,4,7.00,12655.30,0.09,0.05,N,O,1995-10-28,1995-11-04,1995-11-13,NONE,AIR,ly special deposits kindle carefu
43363-5,43363,166,19,5,6.00,6396.96,0.09,0.03,N,O,1995-11-02,1995-11-16,1995-11-26,COLLECT COD,REG AIR, excuses. expres
43363-6,43363,1880,81,6,31.00,55238.28,0.04,0.06,N,O,1995-11-18,1995-11-08,1995-12-17,COLLECT COD,TRUCK, to the silent packages integrate sl
43364-1,43364,1498,38,1,24.00,33587.76,0.05,0.05,R,F,1992-05-10,1992-07-03,1992-05-26,TAKE BACK RETURN,AIR,ual requests haggle furiou
43364-2,43364,75,51,2,47.00,45828.29,0.02,0.02,A,F,1992-07-24,1992-06-30,1992-08-04,DELIVER IN PERSON,AIR,ites above the even requ
43364-3,43364,1342,81,3,1.00,1243.34,0.01,0.02,R,F,1992-04-23,1992-05-21,1992-05-20,TAKE BACK RETURN,MAIL,ons. fluffily ironic deposits maintain fu
43364-4,43364,1034,70,4,31.00,28985.93,0.03,0.07,R,F,1992-07-27,1992-06-27,1992-07-31,NONE,MAIL,ding accounts wake blithely against 
43364-5,43364,1038,39,5,14.00,13146.42,0.04,0.08,R,F,1992-05-28,1992-05-26,1992-06-23,TAKE BACK RETURN,MAIL,r ideas. fluffily even somas haggle furi
43365-1,43365,357,14,1,15.00,18860.25,0.05,0.03,N,O,1998-06-06,1998-04-12,1998-06-21,NONE,TRUCK,ng the quickly final i
43365-2,43365,1576,77,2,23.00,33984.11,0.04,0.00,N,O,1998-03-20,1998-04-16,1998-03-23,DELIVER IN PERSON,FOB,ke blithely. quickly regular theodol
43365-3,43365,956,59,3,7.00,12998.65,0.06,0.06,N,O,1998-03-12,1998-06-03,1998-03-15,COLLECT COD,REG AIR," deposits sleep carefully silent, unus"
43365-4,43365,787,52,4,28.00,47257.84,0.05,0.01,N,O,1998-05-14,1998-06-05,1998-06-02,NONE,RAIL,the pending ideas integrat
43365-5,43365,106,85,5,8.00,8048.80,0.10,0.06,N,O,1998-03-15,1998-05-07,1998-04-04,COLLECT COD,FOB,yly regular deposits haggle
43366-1,43366,896,96,1,25.00,44922.25,0.05,0.03,N,O,1997-06-12,1997-06-24,1997-06-23,COLLECT COD,TRUCK,ests. deposits wake stealthily regular f
43366-2,43366,1183,20,2,27.00,29272.86,0.06,0.01,N,O,1997-04-28,1997-05-20,1997-05-04,TAKE BACK RETURN,SHIP,blithely dolphins
43366-3,43366,1061,32,3,35.00,33672.10,0.08,0.08,N,O,1997-06-10,1997-07-08,1997-06-17,DELIVER IN PERSON,SHIP,regular dependencies agains
43366-4,43366,711,76,4,48.00,77362.08,0.02,0.06,N,O,1997-07-21,1997-05-31,1997-07-26,COLLECT COD,SHIP,"lly. regular, u"
43367-1,43367,1117,26,1,5.00,5090.55,0.01,0.03,A,F,1993-05-20,1993-04-23,1993-06-14,NONE,MAIL,osits. furiously thin warhorses wake ca
43367-2,43367,46,22,2,12.00,11352.48,0.01,0.01,A,F,1993-06-02,1993-04-10,1993-06-09,TAKE BACK RETURN,REG AIR,instructions. blithely regular accounts us
43367-3,43367,1527,48,3,14.00,19999.28,0.05,0.08,A,F,1993-07-04,1993-04-11,1993-07-23,DELIVER IN PERSON,AIR, accounts. furiously close foxes are f
43367-4,43367,85,61,4,4.00,3940.32,0.07,0.03,A,F,1993-04-08,1993-04-27,1993-05-01,NONE,SHIP,apades haggle blithely final instruc
43367-5,43367,1174,75,5,30.00,32255.10,0.05,0.00,A,F,1993-05-02,1993-05-01,1993-05-11,NONE,MAIL, special ep
43367-6,43367,1481,99,6,20.00,27649.60,0.04,0.01,A,F,1993-03-28,1993-05-22,1993-04-03,NONE,FOB,y requests breach across the q
43392-1,43392,682,14,1,7.00,11078.76,0.02,0.02,A,F,1995-03-27,1995-03-29,1995-04-11,TAKE BACK RETURN,AIR, accounts along the fluf
43392-2,43392,1343,82,2,2.00,2488.68,0.09,0.02,R,F,1995-03-16,1995-03-22,1995-04-04,NONE,TRUCK,press foxes wake. quickly even foxe
43392-3,43392,1921,66,3,35.00,63802.20,0.08,0.02,R,F,1995-04-10,1995-03-22,1995-04-26,TAKE BACK RETURN,MAIL,y bold asymptotes. fluffily express de
43392-4,43392,13,89,4,38.00,34694.38,0.04,0.03,A,F,1995-03-22,1995-03-29,1995-04-21,COLLECT COD,SHIP,ickly permanent requests sleep flu
43392-5,43392,425,13,5,4.00,5301.68,0.06,0.02,R,F,1995-01-09,1995-03-23,1995-02-07,NONE,TRUCK,accounts nag carefully. asymptot
43392-6,43392,608,2,6,17.00,25646.20,0.00,0.01,R,F,1995-02-06,1995-02-24,1995-02-13,DELIVER IN PERSON,FOB,es detect blithely 
43392-7,43392,657,20,7,35.00,54517.75,0.09,0.03,R,F,1995-01-05,1995-03-21,1995-01-24,DELIVER IN PERSON,MAIL,ccounts use slyly against the even f
43393-1,43393,93,44,1,2.00,1986.18,0.03,0.08,N,O,1996-07-15,1996-08-24,1996-08-04,DELIVER IN PERSON,FOB, beans! quickly e
43393-2,43393,145,24,2,50.00,52257.00,0.04,0.02,N,O,1996-08-26,1996-08-03,1996-09-18,COLLECT COD,TRUCK,eans. quickly unusual attainments boost. 
43394-1,43394,1720,21,1,26.00,42164.72,0.07,0.05,A,F,1994-08-27,1994-07-26,1994-09-26,COLLECT COD,SHIP,sentiments. theodolites above the regu
43395-1,43395,132,85,1,4.00,4128.52,0.07,0.07,N,O,1996-03-20,1996-02-16,1996-04-12,DELIVER IN PERSON,AIR,"s sleep through the theodolites. pending,"
43396-1,43396,1026,27,1,28.00,25956.56,0.09,0.06,R,F,1993-01-11,1993-02-12,1993-01-22,COLLECT COD,TRUCK,o the requests. quickly f
43397-1,43397,16,67,1,30.00,27480.30,0.10,0.03,N,F,1995-06-03,1995-07-31,1995-07-02,DELIVER IN PERSON,MAIL,nto beans above the c
43398-1,43398,1084,20,1,44.00,43343.52,0.04,0.01,N,O,1995-07-12,1995-05-31,1995-07-17,DELIVER IN PERSON,SHIP,ests are sly
43398-2,43398,698,30,2,17.00,27177.73,0.05,0.05,N,O,1995-07-31,1995-06-03,1995-08-15,COLLECT COD,FOB,ronic requests! furiously 
43398-3,43398,1882,26,3,16.00,28542.08,0.06,0.05,N,F,1995-06-11,1995-07-11,1995-07-02,TAKE BACK RETURN,TRUCK,"nts. special, final theodolites "
43398-4,43398,593,84,4,30.00,44807.70,0.08,0.05,A,F,1995-05-26,1995-06-24,1995-06-12,DELIVER IN PERSON,RAIL,cies. carefully ironic dependencies 
43398-5,43398,1418,97,5,4.00,5277.64,0.09,0.00,N,O,1995-08-13,1995-06-09,1995-08-23,NONE,REG AIR,"sits boost. unusual, express accounts use"
43399-1,43399,611,43,1,23.00,34767.03,0.03,0.07,A,F,1994-11-18,1994-10-07,1994-12-08,NONE,FOB,sly about the furiously express accounts
43399-2,43399,413,43,2,19.00,24954.79,0.03,0.01,A,F,1994-11-04,1994-09-10,1994-11-06,DELIVER IN PERSON,TRUCK,olites accor
43399-3,43399,1578,99,3,40.00,59182.80,0.09,0.07,R,F,1994-11-29,1994-09-10,1994-12-15,TAKE BACK RETURN,MAIL,sts sleep blithely pending requests. ruth
43399-4,43399,879,80,4,47.00,83653.89,0.02,0.02,R,F,1994-11-12,1994-10-19,1994-11-29,COLLECT COD,TRUCK,yly blithely regular 
43399-5,43399,1986,87,5,17.00,32095.66,0.07,0.08,R,F,1994-08-26,1994-08-30,1994-09-15,NONE,RAIL,y above the furiously bo
43399-6,43399,543,34,6,42.00,60628.68,0.10,0.02,R,F,1994-09-20,1994-08-31,1994-10-02,DELIVER IN PERSON,AIR,rouches: slyly ironic dolphi
43399-7,43399,1128,37,7,40.00,41164.80,0.01,0.05,R,F,1994-11-04,1994-09-02,1994-11-15,TAKE BACK RETURN,TRUCK,xpress deposits
43424-1,43424,991,60,1,18.00,34055.82,0.07,0.05,N,O,1995-11-29,1995-10-26,1995-11-30,DELIVER IN PERSON,AIR, ideas across the
43425-1,43425,360,45,1,36.00,45372.96,0.09,0.03,A,F,1994-04-22,1994-02-21,1994-05-12,NONE,TRUCK,"egular, regular"
43425-2,43425,875,76,2,18.00,31965.66,0.01,0.07,A,F,1994-03-02,1994-03-08,1994-03-05,COLLECT COD,MAIL,ly across the furiously iron
43426-1,43426,1496,75,1,27.00,37732.23,0.01,0.00,A,F,1993-03-28,1993-04-18,1993-04-22,TAKE BACK RETURN,TRUCK,bold deposits nag among the busily reg
43426-2,43426,1408,87,2,35.00,45829.00,0.09,0.03,A,F,1993-03-14,1993-05-25,1993-03-29,DELIVER IN PERSON,REG AIR,ss the furio
43426-3,43426,1553,74,3,35.00,50909.25,0.09,0.08,A,F,1993-06-03,1993-04-25,1993-06-23,NONE,TRUCK,t fluffily across the ironic shea
43426-4,43426,1125,98,4,31.00,31809.72,0.09,0.01,R,F,1993-04-08,1993-05-20,1993-04-11,NONE,TRUCK,even instructions are slyly blithely regula
43426-5,43426,1271,83,5,14.00,16411.78,0.09,0.07,A,F,1993-06-25,1993-04-13,1993-06-29,NONE,FOB,ding to the 
43426-6,43426,322,51,6,43.00,52559.76,0.06,0.08,R,F,1993-03-27,1993-04-18,1993-04-04,NONE,AIR,uests. quickly pendin
43427-1,43427,1101,74,1,9.00,9018.90,0.04,0.06,N,O,1995-12-10,1995-11-17,1995-12-21,DELIVER IN PERSON,MAIL,l deposits. fin
43427-2,43427,20,96,2,3.00,2760.06,0.10,0.08,N,O,1995-10-12,1995-11-19,1995-10-15,DELIVER IN PERSON,TRUCK,"l cajole. regular, ironic gifts hag"
43428-1,43428,903,4,1,29.00,52313.10,0.05,0.08,N,O,1998-07-03,1998-06-13,1998-07-26,COLLECT COD,TRUCK,ed pinto beans after the
43429-1,43429,974,75,1,49.00,91873.53,0.03,0.00,A,F,1992-09-27,1992-09-21,1992-10-01,NONE,AIR,nic deposits sleep above 
43429-2,43429,1834,21,2,12.00,20829.96,0.00,0.01,A,F,1992-09-27,1992-10-03,1992-10-19,DELIVER IN PERSON,REG AIR,uriously ironic deposits fr
43429-3,43429,1353,54,3,42.00,52682.70,0.09,0.02,A,F,1992-09-29,1992-09-01,1992-09-30,COLLECT COD,REG AIR,ording to the pending pint
43429-4,43429,1301,40,4,16.00,19236.80,0.01,0.01,R,F,1992-10-30,1992-08-30,1992-11-12,TAKE BACK RETURN,RAIL, furiously above the ruthlessl
43429-5,43429,624,56,5,8.00,12196.96,0.09,0.01,A,F,1992-07-25,1992-08-11,1992-07-29,NONE,REG AIR,s. furiously special instru
43429-6,43429,1814,44,6,1.00,1715.81,0.04,0.03,A,F,1992-08-20,1992-09-29,1992-08-27,COLLECT COD,MAIL,s. carefully even accounts haggle.
43429-7,43429,254,36,7,26.00,30010.50,0.03,0.02,R,F,1992-08-31,1992-08-23,1992-09-30,TAKE BACK RETURN,AIR,eans according
43430-1,43430,945,46,1,16.00,29535.04,0.05,0.05,A,F,1992-10-20,1992-08-08,1992-11-05,COLLECT COD,FOB,ily even requests maintain carefully reg
43430-2,43430,208,63,2,46.00,50977.20,0.01,0.04,A,F,1992-08-06,1992-07-28,1992-08-20,NONE,SHIP,nstructions cajol
43430-3,43430,1354,31,3,22.00,27617.70,0.03,0.05,R,F,1992-10-08,1992-09-08,1992-10-15,DELIVER IN PERSON,REG AIR,instructions. blithely ironic 
43431-1,43431,1719,46,1,24.00,38897.04,0.00,0.06,N,O,1995-08-21,1995-07-27,1995-09-01,DELIVER IN PERSON,TRUCK,ect slyly carefully expre
43456-1,43456,1646,70,1,30.00,46429.20,0.02,0.04,N,O,1997-04-22,1997-05-20,1997-05-15,TAKE BACK RETURN,AIR," blithely unusual, regular theodoli"
43456-2,43456,807,8,2,27.00,46110.60,0.01,0.00,N,O,1997-07-12,1997-07-01,1997-08-05,COLLECT COD,REG AIR,to the carefully bold
43456-3,43456,1908,41,3,34.00,61536.60,0.07,0.07,N,O,1997-05-17,1997-07-16,1997-05-30,COLLECT COD,TRUCK,along the furiously stealthy requests ca
43456-4,43456,152,31,4,22.00,23147.30,0.05,0.02,N,O,1997-07-24,1997-05-20,1997-07-26,NONE,MAIL,und the fluffily ironic sentiments. furiou
43457-1,43457,789,86,1,27.00,45624.06,0.02,0.01,N,O,1996-06-15,1996-08-28,1996-06-22,DELIVER IN PERSON,TRUCK,o the quickly 
43457-2,43457,1464,65,2,10.00,13654.60,0.08,0.03,N,O,1996-06-11,1996-08-05,1996-07-07,TAKE BACK RETURN,RAIL,deas. close dependen
43457-3,43457,1952,85,3,25.00,46348.75,0.03,0.08,N,O,1996-10-03,1996-07-12,1996-10-30,DELIVER IN PERSON,TRUCK,ages against 
43457-4,43457,616,17,4,29.00,43981.69,0.03,0.04,N,O,1996-08-05,1996-07-06,1996-08-09,TAKE BACK RETURN,SHIP,eep. even requests wake slyly
43458-1,43458,1385,100,1,34.00,43736.92,0.05,0.08,N,O,1996-06-28,1996-08-03,1996-07-23,NONE,SHIP,lithely furiously regular pinto beans. e
43458-2,43458,1523,44,2,38.00,54131.76,0.04,0.04,N,O,1996-09-10,1996-08-23,1996-09-13,DELIVER IN PERSON,RAIL,uriously slow requests? ca
43458-3,43458,996,97,3,28.00,53115.72,0.07,0.01,N,O,1996-09-08,1996-07-14,1996-09-24,COLLECT COD,MAIL,along the pending theodoli
43459-1,43459,372,1,1,22.00,27992.14,0.00,0.06,N,O,1996-02-13,1996-01-06,1996-03-14,TAKE BACK RETURN,FOB,luffily against the carefully regu
43460-1,43460,1786,71,1,20.00,33755.60,0.06,0.02,R,F,1992-06-25,1992-07-23,1992-07-15,NONE,MAIL,s. dogged 
43460-2,43460,605,68,2,5.00,7528.00,0.07,0.04,R,F,1992-09-09,1992-08-01,1992-09-21,TAKE BACK RETURN,FOB,upon the furiously even
43460-3,43460,1018,24,3,41.00,37679.41,0.05,0.03,R,F,1992-06-16,1992-07-26,1992-06-30,COLLECT COD,SHIP,ess deposits
43460-4,43460,109,62,4,12.00,12109.20,0.04,0.02,R,F,1992-09-01,1992-09-08,1992-09-28,NONE,SHIP,y according to the slyly unusual de
43460-5,43460,1128,37,5,2.00,2058.24,0.07,0.04,R,F,1992-07-31,1992-08-23,1992-08-27,TAKE BACK RETURN,AIR,l theodolites boo
43461-1,43461,1322,99,1,6.00,7339.92,0.09,0.01,N,O,1998-06-08,1998-05-19,1998-07-02,TAKE BACK RETURN,RAIL,riously regular theodoli
43461-2,43461,205,6,2,29.00,32050.80,0.04,0.02,N,O,1998-04-25,1998-05-07,1998-05-22,TAKE BACK RETURN,MAIL,e: regular deposit
43461-3,43461,1877,78,3,49.00,87164.63,0.03,0.01,N,O,1998-03-26,1998-04-05,1998-03-28,TAKE BACK RETURN,TRUCK,ole at the quickly ironic pi
43461-4,43461,1354,55,4,32.00,40171.20,0.00,0.00,N,O,1998-06-13,1998-05-14,1998-07-12,COLLECT COD,SHIP,heodolites cajole slyly ac
43462-1,43462,1711,96,1,35.00,56444.85,0.00,0.07,R,F,1993-05-28,1993-07-09,1993-06-25,NONE,FOB,its. fluffily 
43463-1,43463,49,75,1,47.00,44604.88,0.09,0.06,N,O,1996-07-31,1996-10-17,1996-08-17,COLLECT COD,SHIP,y among the f
43463-2,43463,972,41,2,50.00,93648.50,0.01,0.07,N,O,1996-09-20,1996-08-27,1996-10-12,COLLECT COD,FOB,ckly according to the blithely re
43463-3,43463,1256,57,3,32.00,37032.00,0.07,0.02,N,O,1996-11-08,1996-10-18,1996-11-20,DELIVER IN PERSON,SHIP,carefully. unusual Tiresi
43463-4,43463,866,66,4,16.00,28269.76,0.08,0.04,N,O,1996-11-06,1996-08-29,1996-11-30,TAKE BACK RETURN,MAIL,carefully 
43463-5,43463,205,87,5,21.00,23209.20,0.06,0.05,N,O,1996-08-25,1996-09-15,1996-09-15,COLLECT COD,RAIL,nstructions haggle slyly across
43463-6,43463,1197,6,6,22.00,24160.18,0.05,0.02,N,O,1996-10-11,1996-09-19,1996-10-16,DELIVER IN PERSON,MAIL,es sleep: f
43463-7,43463,1735,78,7,43.00,70379.39,0.08,0.07,N,O,1996-09-21,1996-10-13,1996-10-20,TAKE BACK RETURN,MAIL, regular accounts: accounts accordi
43488-1,43488,1922,55,1,49.00,89372.08,0.10,0.01,R,F,1992-07-05,1992-08-09,1992-07-09,DELIVER IN PERSON,TRUCK,eans serve blithely. caref
43488-2,43488,87,88,2,14.00,13819.12,0.10,0.08,A,F,1992-07-01,1992-09-07,1992-07-27,COLLECT COD,TRUCK,"ounts. final, unusual accounts wake car"
43488-3,43488,1133,6,3,42.00,43433.46,0.00,0.00,R,F,1992-07-02,1992-09-10,1992-07-29,TAKE BACK RETURN,RAIL,thely according to the regularly regular 
43488-4,43488,270,98,4,10.00,11702.70,0.08,0.02,R,F,1992-09-30,1992-09-10,1992-10-30,NONE,TRUCK,y unusual depen
43488-5,43488,57,8,5,6.00,5742.30,0.01,0.06,R,F,1992-07-18,1992-08-01,1992-08-16,COLLECT COD,RAIL,ges against the fu
43488-6,43488,229,11,6,46.00,51944.12,0.07,0.01,A,F,1992-10-17,1992-09-09,1992-10-28,TAKE BACK RETURN,RAIL,nto the fluffily ironic pac
43488-7,43488,46,97,7,31.00,29327.24,0.02,0.07,R,F,1992-10-08,1992-08-19,1992-11-05,COLLECT COD,AIR,ld instructions. car
43489-1,43489,773,74,1,11.00,18411.47,0.01,0.02,N,O,1996-12-09,1996-10-26,1997-01-05,DELIVER IN PERSON,SHIP,ackages are furiously. furiously reg
43489-2,43489,1316,31,2,23.00,27998.13,0.05,0.06,N,O,1996-09-23,1996-10-27,1996-10-15,NONE,REG AIR,side of the slyly express deposits unwind c
43490-1,43490,647,48,1,31.00,47976.84,0.09,0.07,R,F,1994-09-06,1994-10-06,1994-09-30,NONE,RAIL, even requests wake slyly fluf
43491-1,43491,19,95,1,19.00,17461.19,0.01,0.01,N,O,1995-07-03,1995-04-28,1995-07-29,DELIVER IN PERSON,FOB,. carefully final packages use across 
43491-2,43491,1148,21,2,34.00,35670.76,0.02,0.06,R,F,1995-05-09,1995-06-03,1995-05-10,COLLECT COD,MAIL,ts can haggle. fluffily bold packag
43491-3,43491,1473,13,3,10.00,13744.70,0.01,0.04,A,F,1995-04-22,1995-05-26,1995-05-13,TAKE BACK RETURN,AIR,ackages eat af
43491-4,43491,510,41,4,2.00,2821.02,0.03,0.03,N,O,1995-07-04,1995-05-30,1995-07-08,DELIVER IN PERSON,REG AIR,l dependencies try to nag furiously
43491-5,43491,1820,21,5,15.00,25827.30,0.10,0.00,R,F,1995-03-11,1995-06-06,1995-03-18,COLLECT COD,REG AIR,"ess, special deposits after "
43491-6,43491,1861,62,6,45.00,79328.70,0.09,0.08,R,F,1995-03-31,1995-06-02,1995-04-19,NONE,AIR, express f
43492-1,43492,23,74,1,35.00,32305.70,0.00,0.07,N,O,1996-06-03,1996-05-03,1996-06-29,DELIVER IN PERSON,FOB, accounts. furiously thin requests 
43492-2,43492,1611,53,2,47.00,71092.67,0.02,0.00,N,O,1996-03-31,1996-04-21,1996-04-08,COLLECT COD,SHIP,ideas wake along the quickly ironi
43493-1,43493,965,34,1,42.00,78370.32,0.04,0.06,R,F,1992-08-13,1992-06-25,1992-09-09,TAKE BACK RETURN,SHIP,s. blithely even acco
43493-2,43493,1356,57,2,37.00,46521.95,0.08,0.08,A,F,1992-07-06,1992-07-23,1992-07-20,NONE,REG AIR,y even acc
43493-3,43493,725,26,3,9.00,14631.48,0.09,0.03,A,F,1992-07-12,1992-06-26,1992-07-23,DELIVER IN PERSON,SHIP,osits wake final packa
43493-4,43493,1278,16,4,39.00,45991.53,0.01,0.02,R,F,1992-05-24,1992-07-19,1992-06-20,NONE,MAIL,hrash slyly. unusu
43493-5,43493,176,29,5,25.00,26904.25,0.02,0.00,A,F,1992-08-10,1992-07-16,1992-09-01,COLLECT COD,RAIL,"y even ideas use fluffily even,"
43493-6,43493,1257,32,6,16.00,18532.00,0.04,0.00,A,F,1992-06-18,1992-06-23,1992-07-05,DELIVER IN PERSON,RAIL,theodolites. 
43493-7,43493,710,7,7,17.00,27382.07,0.06,0.06,A,F,1992-05-20,1992-06-10,1992-05-24,DELIVER IN PERSON,MAIL,tterns. ruthless theodolites along the sl
43494-1,43494,1969,2,1,1.00,1870.96,0.03,0.06,A,F,1992-03-05,1992-02-27,1992-03-09,TAKE BACK RETURN,REG AIR,uickly. regular p
43494-2,43494,556,87,2,27.00,39326.85,0.07,0.06,A,F,1992-01-13,1992-02-05,1992-02-04,NONE,AIR,final asymptotes. slyly ir
43494-3,43494,1581,2,3,30.00,44477.40,0.04,0.04,A,F,1992-02-06,1992-03-25,1992-03-03,DELIVER IN PERSON,TRUCK,ath the final accounts promise quickly a
43494-4,43494,1483,23,4,20.00,27689.60,0.04,0.02,A,F,1992-03-19,1992-03-27,1992-04-08,COLLECT COD,TRUCK,ly final packages cajole slyly. 
43494-5,43494,1723,66,5,6.00,9748.32,0.02,0.04,A,F,1992-01-14,1992-04-03,1992-02-12,COLLECT COD,REG AIR,ach bold ideas? 
43495-1,43495,708,9,1,24.00,38608.80,0.07,0.02,N,O,1997-02-10,1996-12-11,1997-03-09,TAKE BACK RETURN,FOB,lly bold packages play sly
43495-2,43495,1201,2,2,36.00,39679.20,0.00,0.03,N,O,1997-01-23,1996-12-07,1997-02-15,COLLECT COD,TRUCK,ously even
43495-3,43495,1983,84,3,44.00,82939.12,0.02,0.04,N,O,1997-02-02,1997-01-13,1997-02-07,TAKE BACK RETURN,AIR,"nusual, ironic dolphins wake "
43495-4,43495,1695,37,4,38.00,60674.22,0.09,0.00,N,O,1996-12-27,1997-01-19,1997-01-06,TAKE BACK RETURN,MAIL,! furiously regular requests wake blith
43495-5,43495,1370,47,5,24.00,30512.88,0.08,0.04,N,O,1997-01-20,1997-01-10,1997-02-04,NONE,FOB,arefully ironic dependencies. carefully
43520-1,43520,77,53,1,48.00,46899.36,0.08,0.04,N,O,1998-03-14,1998-04-10,1998-04-03,DELIVER IN PERSON,REG AIR,o beans about the e
43520-2,43520,1431,71,2,5.00,6662.15,0.10,0.04,N,O,1998-03-25,1998-04-09,1998-03-27,NONE,RAIL,. slyly unusual dependencies maintain un
43520-3,43520,165,44,3,35.00,37280.60,0.03,0.03,N,O,1998-06-07,1998-04-03,1998-07-03,NONE,AIR, to the fluffily regular theodolites integ
43520-4,43520,1789,74,4,44.00,74394.32,0.07,0.03,N,O,1998-05-02,1998-04-19,1998-05-30,TAKE BACK RETURN,FOB, the slyly brave instructions. quic
43520-5,43520,1357,96,5,18.00,22650.30,0.00,0.06,N,O,1998-04-11,1998-04-05,1998-05-07,TAKE BACK RETURN,FOB,le about the s
43520-6,43520,30,56,6,35.00,32551.05,0.04,0.07,N,O,1998-05-05,1998-04-29,1998-05-14,TAKE BACK RETURN,MAIL,nal deposits. b
43521-1,43521,1356,95,1,30.00,37720.50,0.00,0.06,R,F,1994-07-05,1994-06-11,1994-07-15,DELIVER IN PERSON,MAIL,inal ideas. id
43521-2,43521,1222,60,2,44.00,49421.68,0.00,0.06,R,F,1994-05-29,1994-06-14,1994-06-24,TAKE BACK RETURN,SHIP, engage furiously
43522-1,43522,215,16,1,3.00,3345.63,0.00,0.05,R,F,1994-03-06,1994-03-25,1994-03-23,COLLECT COD,FOB,d ideas. daring
43522-2,43522,1173,82,2,5.00,5370.85,0.03,0.06,A,F,1994-04-11,1994-03-17,1994-05-04,DELIVER IN PERSON,MAIL,"ages? final, unusual acc"
43522-3,43522,1579,20,3,21.00,31091.97,0.02,0.01,A,F,1994-05-23,1994-03-18,1994-06-21,NONE,FOB,into beans. carefully regular
43523-1,43523,1555,56,1,22.00,32044.10,0.00,0.01,A,F,1992-07-16,1992-08-22,1992-08-11,NONE,SHIP,tly. ironic waters hag
43523-2,43523,209,10,2,38.00,42149.60,0.10,0.07,A,F,1992-09-02,1992-07-27,1992-09-30,COLLECT COD,MAIL,ites nag fluffily. carefully pending dep
43523-3,43523,212,13,3,21.00,23356.41,0.09,0.02,R,F,1992-07-12,1992-06-27,1992-07-19,DELIVER IN PERSON,MAIL,its promise fluffily
43524-1,43524,1256,94,1,6.00,6943.50,0.06,0.06,R,F,1992-08-15,1992-09-08,1992-09-14,TAKE BACK RETURN,TRUCK,ites nag quic
43524-2,43524,104,5,2,30.00,30123.00,0.10,0.05,R,F,1992-07-19,1992-09-11,1992-07-20,COLLECT COD,REG AIR,s excuses. blithely bold p
43525-1,43525,727,24,1,25.00,40693.00,0.03,0.04,A,F,1993-06-22,1993-08-06,1993-07-04,DELIVER IN PERSON,FOB,ithely pending depo
43526-1,43526,692,93,1,12.00,19112.28,0.01,0.06,A,F,1993-09-19,1993-07-19,1993-10-02,DELIVER IN PERSON,TRUCK,sts; carefully iron
43526-2,43526,1133,6,2,19.00,19648.47,0.02,0.05,R,F,1993-09-02,1993-07-15,1993-09-08,TAKE BACK RETURN,RAIL,inder always about 
43526-3,43526,1876,6,3,13.00,23112.31,0.08,0.08,A,F,1993-08-29,1993-06-27,1993-09-24,COLLECT COD,SHIP, packages wake evenly bold ideas. furiousl
43526-4,43526,71,47,4,48.00,46611.36,0.04,0.03,A,F,1993-08-25,1993-06-30,1993-08-26,NONE,SHIP,sleep careful
43527-1,43527,90,91,1,32.00,31682.88,0.08,0.02,A,F,1993-09-27,1993-11-20,1993-10-06,COLLECT COD,MAIL,te fluffily against the blithely iro
43527-2,43527,1598,99,2,50.00,74979.50,0.10,0.06,R,F,1993-12-10,1993-10-03,1993-12-16,TAKE BACK RETURN,REG AIR, express theodolites. slyly
43527-3,43527,372,29,3,23.00,29264.51,0.03,0.06,A,F,1993-08-23,1993-10-16,1993-08-31,COLLECT COD,RAIL,gainst the quickly final requests? blithel
43552-1,43552,1544,45,1,46.00,66494.84,0.05,0.08,R,F,1994-08-11,1994-05-26,1994-08-14,COLLECT COD,REG AIR,ickly furious
43552-2,43552,925,94,2,29.00,52951.68,0.10,0.04,A,F,1994-07-07,1994-07-01,1994-07-18,TAKE BACK RETURN,TRUCK,ly regular
43552-3,43552,1401,41,3,40.00,52096.00,0.00,0.02,R,F,1994-05-07,1994-05-29,1994-05-23,DELIVER IN PERSON,TRUCK, packages. sly
43553-1,43553,113,40,1,37.00,37485.07,0.02,0.01,A,F,1994-06-13,1994-07-19,1994-06-30,TAKE BACK RETURN,TRUCK,"e. ironic, unusu"
43553-2,43553,1308,47,2,34.00,41116.20,0.05,0.01,A,F,1994-09-07,1994-06-17,1994-09-27,DELIVER IN PERSON,FOB, packages-- slyly even asympto
43553-3,43553,1103,40,3,48.00,48196.80,0.05,0.06,A,F,1994-06-22,1994-08-12,1994-06-23,COLLECT COD,RAIL,s above the furiously final account
43553-4,43553,249,4,4,27.00,31029.48,0.05,0.01,R,F,1994-07-04,1994-07-09,1994-07-28,TAKE BACK RETURN,FOB, deposits. carefully
43554-1,43554,198,99,1,50.00,54909.50,0.02,0.08,R,F,1995-01-15,1994-12-10,1995-02-11,NONE,TRUCK,s sleep carefully. slyly unusual req
43554-2,43554,319,4,2,26.00,31702.06,0.05,0.07,R,F,1994-11-08,1994-12-28,1994-12-07,TAKE BACK RETURN,REG AIR,nag requests. slyly unusual
43554-3,43554,1228,40,3,6.00,6775.32,0.08,0.03,A,F,1994-11-12,1994-12-11,1994-11-30,COLLECT COD,AIR, unusual foxes wa
43555-1,43555,901,36,1,26.00,46849.40,0.07,0.01,R,F,1992-09-18,1992-08-13,1992-10-13,COLLECT COD,AIR,thely regular deposits solve. fluffily
43555-2,43555,254,36,2,38.00,43861.50,0.03,0.01,A,F,1992-07-19,1992-09-06,1992-07-31,NONE,RAIL,quickly bold packages caj
43555-3,43555,644,45,3,31.00,47883.84,0.07,0.03,R,F,1992-10-28,1992-09-27,1992-11-03,DELIVER IN PERSON,FOB, unusual packages w
43556-1,43556,496,26,1,36.00,50273.64,0.00,0.05,R,F,1992-11-18,1992-09-19,1992-11-29,DELIVER IN PERSON,SHIP,arefully slyly even multipliers. regular
43557-1,43557,316,1,1,19.00,23109.89,0.04,0.02,N,O,1998-03-19,1998-04-06,1998-03-29,COLLECT COD,REG AIR,eas. silent accounts affix slyly blithel
43557-2,43557,903,38,2,14.00,25254.60,0.05,0.05,N,O,1998-05-22,1998-04-29,1998-06-04,COLLECT COD,TRUCK,s. slyly silen
43557-3,43557,785,18,3,9.00,15172.02,0.03,0.03,N,O,1998-05-16,1998-03-06,1998-06-08,NONE,TRUCK,quests cajole 
43557-4,43557,966,1,4,44.00,82146.24,0.01,0.01,N,O,1998-05-01,1998-04-13,1998-05-23,DELIVER IN PERSON,RAIL,oze fluffily sly
43558-1,43558,525,26,1,36.00,51318.72,0.04,0.00,N,O,1996-09-27,1996-08-18,1996-10-21,DELIVER IN PERSON,TRUCK,ress requests 
43558-2,43558,115,42,2,27.00,27407.97,0.05,0.02,N,O,1996-10-06,1996-08-04,1996-10-12,NONE,TRUCK,ess accounts wake carefully. regul
43559-1,43559,931,66,1,27.00,49462.11,0.07,0.02,N,O,1995-08-30,1995-09-12,1995-09-27,TAKE BACK RETURN,REG AIR,y fluffily regular courts. carefully reg
43559-2,43559,1290,2,2,3.00,3573.87,0.05,0.08,N,O,1995-08-13,1995-10-11,1995-08-14,DELIVER IN PERSON,SHIP,y regular orbits acco
43559-3,43559,1828,58,3,40.00,69192.80,0.05,0.03,N,O,1995-10-08,1995-10-03,1995-10-15,COLLECT COD,SHIP,"endencies nod close, i"
43559-4,43559,137,16,4,13.00,13482.69,0.00,0.02,N,O,1995-10-17,1995-10-23,1995-11-16,TAKE BACK RETURN,SHIP, careful instr
43584-1,43584,657,51,1,34.00,52960.10,0.05,0.03,N,O,1996-06-10,1996-07-11,1996-07-02,DELIVER IN PERSON,FOB,lms sleep ruthlessly after the express
43584-2,43584,1820,50,2,11.00,18940.02,0.06,0.03,N,O,1996-09-26,1996-07-11,1996-10-03,DELIVER IN PERSON,MAIL,"ully final, regular accounts. f"
43584-3,43584,905,74,3,12.00,21670.80,0.05,0.02,N,O,1996-08-10,1996-07-17,1996-09-01,NONE,FOB,y above th
43584-4,43584,612,6,4,45.00,68067.45,0.00,0.00,N,O,1996-07-25,1996-08-05,1996-08-07,COLLECT COD,SHIP,ts mold furiously across the bo
43584-5,43584,548,9,5,20.00,28970.80,0.03,0.05,N,O,1996-06-09,1996-08-31,1996-06-13,DELIVER IN PERSON,MAIL,kages across the exp
43584-6,43584,1993,94,6,46.00,87169.54,0.06,0.03,N,O,1996-06-27,1996-08-04,1996-07-19,COLLECT COD,AIR,kly final instructions integrate. sil
43584-7,43584,1576,17,7,40.00,59102.80,0.05,0.04,N,O,1996-08-20,1996-08-12,1996-09-11,TAKE BACK RETURN,TRUCK,regular excuses 
43585-1,43585,1741,84,1,10.00,16427.40,0.07,0.05,A,F,1993-12-17,1994-02-08,1993-12-26,DELIVER IN PERSON,SHIP," blithely permanent asymptotes. bold, spe"
43585-2,43585,1048,54,2,42.00,39859.68,0.05,0.07,A,F,1994-02-09,1993-12-11,1994-02-15,DELIVER IN PERSON,TRUCK,the deposits. slyly
43586-1,43586,990,59,1,32.00,60511.68,0.00,0.00,N,O,1997-02-09,1997-01-04,1997-02-20,COLLECT COD,MAIL,. pinto beans wake even courts. depos
43586-2,43586,528,59,2,37.00,52855.24,0.07,0.05,N,O,1996-10-29,1996-12-28,1996-11-18,DELIVER IN PERSON,RAIL,blithely ironic packages integrat
43586-3,43586,974,9,3,16.00,29999.52,0.05,0.03,N,O,1997-01-04,1996-12-16,1997-01-15,DELIVER IN PERSON,REG AIR,the furiously regular deposits. quickly 
43586-4,43586,1131,4,4,1.00,1032.13,0.02,0.07,N,O,1996-11-10,1997-01-13,1996-11-24,TAKE BACK RETURN,FOB,y according to the carefully ironic packag
43586-5,43586,603,35,5,11.00,16539.60,0.08,0.08,N,O,1996-10-29,1997-01-12,1996-10-31,COLLECT COD,AIR,ly express requests. bl
43587-1,43587,304,89,1,37.00,44559.10,0.00,0.04,N,O,1997-02-06,1997-03-04,1997-02-28,COLLECT COD,AIR,rly regular 
43587-2,43587,635,29,2,29.00,44533.27,0.03,0.02,N,O,1997-04-18,1997-04-18,1997-05-18,COLLECT COD,AIR,lyly even dinos are. accoun
43588-1,43588,1959,60,1,48.00,89325.60,0.05,0.07,A,F,1992-11-24,1992-11-22,1992-12-19,TAKE BACK RETURN,MAIL, cajole above t
43588-2,43588,1901,2,2,26.00,46875.40,0.10,0.07,R,F,1992-12-15,1992-10-21,1992-12-16,DELIVER IN PERSON,FOB,"l, special p"
43588-3,43588,671,34,3,21.00,33005.07,0.05,0.04,R,F,1992-11-01,1992-11-07,1992-11-25,NONE,RAIL,gle carefully behind 
43588-4,43588,1352,53,4,18.00,22560.30,0.05,0.07,A,F,1992-11-20,1992-11-19,1992-12-16,NONE,TRUCK,gly. pains ha
43588-5,43588,1058,64,5,25.00,23976.25,0.02,0.00,A,F,1992-09-30,1992-10-06,1992-10-17,NONE,FOB, fluffily unusual frays. ironic 
43588-6,43588,1679,21,6,6.00,9484.02,0.05,0.01,R,F,1992-10-15,1992-10-27,1992-10-26,NONE,REG AIR,l packages. furiou
43588-7,43588,883,83,7,13.00,23190.44,0.00,0.05,A,F,1992-09-04,1992-11-18,1992-09-23,TAKE BACK RETURN,TRUCK,ests. slyly bold fox
43589-1,43589,1845,46,1,13.00,22708.92,0.06,0.06,A,F,1993-08-21,1993-07-17,1993-09-05,NONE,FOB,unts. fluffily permanent packages a
43589-2,43589,1968,57,2,14.00,26179.44,0.06,0.00,A,F,1993-09-11,1993-07-08,1993-09-15,NONE,REG AIR,uests affix fluffily accordi
43589-3,43589,620,52,3,12.00,18247.44,0.09,0.05,R,F,1993-06-07,1993-06-29,1993-06-23,COLLECT COD,AIR,jole accounts. fluffily bol
43590-1,43590,1272,84,1,48.00,56316.96,0.09,0.02,R,F,1994-10-09,1994-11-13,1994-10-15,NONE,REG AIR,iously regular de
43590-2,43590,1476,55,2,19.00,26171.93,0.10,0.03,R,F,1994-09-12,1994-12-04,1994-10-04,DELIVER IN PERSON,SHIP,the ruthlessly final dep
43590-3,43590,1678,61,3,21.00,33173.07,0.09,0.03,R,F,1994-12-11,1994-12-05,1994-12-16,TAKE BACK RETURN,FOB,instructions are slyly. furiously ironic pi
43590-4,43590,357,86,4,39.00,49036.65,0.01,0.07,R,F,1994-10-05,1994-11-28,1994-10-14,TAKE BACK RETURN,SHIP,odolites haggle.
43590-5,43590,296,51,5,8.00,9570.32,0.03,0.00,R,F,1994-09-16,1994-10-30,1994-09-19,COLLECT COD,MAIL,ly furiously regular 
43590-6,43590,1520,1,6,31.00,44067.12,0.00,0.04,A,F,1994-09-22,1994-11-14,1994-10-21,DELIVER IN PERSON,SHIP,"yly about the pending, iron"
43590-7,43590,1354,93,7,50.00,62767.50,0.06,0.03,A,F,1994-09-30,1994-11-17,1994-10-29,TAKE BACK RETURN,MAIL,"ular, ironic deposits-- bold accou"
43591-1,43591,934,3,1,47.00,86241.71,0.10,0.05,N,O,1996-05-14,1996-04-25,1996-06-11,NONE,TRUCK,"s. regular, pending packag"
43591-2,43591,836,36,2,43.00,74683.69,0.02,0.01,N,O,1996-03-12,1996-05-01,1996-03-29,DELIVER IN PERSON,RAIL,etect careful
43591-3,43591,690,53,3,44.00,69990.36,0.02,0.01,N,O,1996-04-03,1996-05-09,1996-04-21,NONE,MAIL,pending accounts hin
43591-4,43591,662,25,4,38.00,59381.08,0.05,0.01,N,O,1996-06-17,1996-05-09,1996-06-26,DELIVER IN PERSON,TRUCK,ously. even escapades use slyly. bold 
43616-1,43616,735,32,1,5.00,8178.65,0.04,0.01,N,O,1997-01-22,1997-02-07,1997-01-30,NONE,TRUCK,ccounts was. unusu
43616-2,43616,1104,41,2,9.00,9045.90,0.00,0.08,N,O,1996-12-25,1997-02-28,1997-01-09,DELIVER IN PERSON,FOB,ven accounts play fluffily express excu
43616-3,43616,1139,48,3,18.00,18722.34,0.08,0.04,N,O,1997-03-26,1997-02-02,1997-04-22,TAKE BACK RETURN,FOB,ep quickly furiously final reques
43616-4,43616,1536,57,4,29.00,41688.37,0.09,0.08,N,O,1997-01-19,1997-02-11,1997-01-27,COLLECT COD,REG AIR, the regular packages.
43616-5,43616,734,99,5,36.00,58850.28,0.05,0.05,N,O,1996-12-23,1997-02-16,1997-01-01,COLLECT COD,SHIP, excuses wake slyly according
43616-6,43616,543,44,6,12.00,17322.48,0.01,0.05,N,O,1997-01-09,1997-02-24,1997-01-14,NONE,FOB,lithely whithout the pending foxes.
43616-7,43616,251,52,7,39.00,44898.75,0.02,0.00,N,O,1997-02-14,1997-01-03,1997-03-07,DELIVER IN PERSON,TRUCK,. quickly even pinto beans are. quic
43617-1,43617,1218,30,1,8.00,8953.68,0.04,0.07,N,O,1996-05-05,1996-06-17,1996-05-26,DELIVER IN PERSON,MAIL,ckly. express theodolites ha
43617-2,43617,1619,20,2,25.00,38015.25,0.00,0.04,N,O,1996-06-16,1996-06-24,1996-07-15,COLLECT COD,TRUCK,"es haggle. ironic, ironic asymptotes m"
43617-3,43617,437,38,3,3.00,4012.29,0.08,0.00,N,O,1996-06-08,1996-07-24,1996-06-27,DELIVER IN PERSON,REG AIR,y after the final ideas. ironic theod
43617-4,43617,1515,16,4,33.00,46744.83,0.10,0.02,N,O,1996-08-19,1996-06-21,1996-09-15,DELIVER IN PERSON,RAIL,nt platelets unwind sl
43617-5,43617,491,50,5,44.00,61225.56,0.02,0.06,N,O,1996-05-09,1996-06-09,1996-05-19,TAKE BACK RETURN,FOB,ul pinto beans. fu
43617-6,43617,903,72,6,3.00,5411.70,0.09,0.06,N,O,1996-07-28,1996-06-23,1996-08-16,TAKE BACK RETURN,TRUCK,ing reques
43617-7,43617,878,45,7,36.00,64039.32,0.01,0.01,N,O,1996-08-02,1996-06-21,1996-08-06,TAKE BACK RETURN,RAIL,tions use slyly. furiously bold 
43618-1,43618,805,39,1,16.00,27292.80,0.07,0.01,N,O,1996-09-16,1996-10-25,1996-10-16,DELIVER IN PERSON,REG AIR,the furiously express accounts. furiously 
43618-2,43618,996,31,2,18.00,34145.82,0.03,0.00,N,O,1996-09-23,1996-11-19,1996-10-01,DELIVER IN PERSON,REG AIR, cajole carefully. furiously re
43618-3,43618,402,90,3,44.00,57305.60,0.10,0.05,N,O,1996-12-02,1996-10-22,1996-12-08,COLLECT COD,MAIL,furiously furious accounts. b
43618-4,43618,736,33,4,40.00,65469.20,0.08,0.08,N,O,1996-09-08,1996-11-20,1996-10-03,TAKE BACK RETURN,RAIL,nic deposits according to 
43618-5,43618,1950,39,5,45.00,83337.75,0.02,0.02,N,O,1996-11-28,1996-10-15,1996-12-13,NONE,MAIL,e even theodolites. furiously spec
43618-6,43618,1211,49,6,39.00,43376.19,0.05,0.04,N,O,1996-10-22,1996-11-18,1996-11-09,TAKE BACK RETURN,REG AIR,y carefully final a
43619-1,43619,820,20,1,37.00,63670.34,0.04,0.05,N,O,1997-06-26,1997-06-18,1997-07-11,NONE,REG AIR,"lar, ironic d"
43619-2,43619,669,32,2,46.00,72204.36,0.08,0.06,N,O,1997-08-23,1997-07-04,1997-09-19,TAKE BACK RETURN,AIR,"lly beside the idle, unusual instructions. "
43619-3,43619,428,29,3,11.00,14612.62,0.04,0.08,N,O,1997-06-23,1997-06-13,1997-07-23,COLLECT COD,SHIP,counts wake quickly packa
43619-4,43619,1662,86,4,10.00,15636.60,0.10,0.00,N,O,1997-08-19,1997-07-12,1997-08-27,COLLECT COD,FOB,onic excuses. furiously
43619-5,43619,531,62,5,5.00,7157.65,0.08,0.05,N,O,1997-05-13,1997-07-07,1997-06-10,TAKE BACK RETURN,RAIL,nto beans. blithely final accounts b
43620-1,43620,306,63,1,11.00,13269.30,0.01,0.00,A,F,1994-04-30,1994-04-16,1994-05-26,NONE,SHIP,pendencies sleep quickly
43620-2,43620,518,9,2,38.00,53903.38,0.03,0.03,A,F,1994-04-22,1994-03-24,1994-04-28,DELIVER IN PERSON,REG AIR,ly regular deposits among the regular r
43620-3,43620,326,11,3,5.00,6131.60,0.04,0.07,R,F,1994-05-17,1994-03-22,1994-06-15,COLLECT COD,REG AIR,quests hinder rut
43620-4,43620,504,95,4,35.00,49157.50,0.04,0.06,A,F,1994-02-28,1994-03-14,1994-03-13,TAKE BACK RETURN,SHIP,ironic packages: bli
43621-1,43621,1984,85,1,44.00,82983.12,0.05,0.06,R,F,1995-04-18,1995-05-07,1995-05-05,COLLECT COD,SHIP,uietly care
43622-1,43622,250,51,1,6.00,6901.50,0.10,0.08,N,O,1997-09-10,1997-10-26,1997-09-28,TAKE BACK RETURN,AIR,luffily regular accoun
43622-2,43622,640,3,2,41.00,63166.24,0.10,0.05,N,O,1997-08-07,1997-10-01,1997-08-11,DELIVER IN PERSON,SHIP,asymptotes sleep carefully spe
43622-3,43622,406,65,3,3.00,3919.20,0.09,0.01,N,O,1997-11-15,1997-10-13,1997-12-02,NONE,MAIL,d deposits. slyly
43622-4,43622,508,39,4,49.00,69016.50,0.01,0.07,N,O,1997-10-31,1997-10-10,1997-11-02,NONE,SHIP,ages near the carefully ironic r
43622-5,43622,343,44,5,18.00,22380.12,0.09,0.06,N,O,1997-11-15,1997-09-04,1997-12-11,NONE,TRUCK,y requests. blithely reg
43623-1,43623,1256,68,1,45.00,52076.25,0.05,0.06,N,O,1998-06-18,1998-06-30,1998-06-21,NONE,MAIL,ve pinto bean
43623-2,43623,408,67,2,30.00,39252.00,0.02,0.04,N,O,1998-08-21,1998-06-23,1998-08-25,DELIVER IN PERSON,TRUCK,"g the regular, special packages. pending"
43623-3,43623,1146,55,3,5.00,5235.70,0.05,0.02,N,O,1998-07-19,1998-07-25,1998-07-20,NONE,SHIP,accounts lose slyly. platelets snooze fl
43648-1,43648,498,28,1,16.00,22375.84,0.06,0.06,N,O,1995-07-15,1995-05-12,1995-07-29,NONE,REG AIR, carefully regular theod
43649-1,43649,1131,40,1,7.00,7224.91,0.10,0.04,R,F,1993-10-15,1993-12-13,1993-10-16,NONE,AIR,c accounts. slyly fina
43650-1,43650,757,90,1,31.00,51390.25,0.05,0.02,R,F,1994-05-13,1994-06-03,1994-06-08,TAKE BACK RETURN,FOB,ests play alongside of the furiously expr
43650-2,43650,1893,23,2,26.00,46667.14,0.09,0.02,R,F,1994-05-19,1994-06-15,1994-05-24,TAKE BACK RETURN,RAIL,unusual sheaves integrate. furiousl
43650-3,43650,2,53,3,46.00,41492.00,0.06,0.00,R,F,1994-06-19,1994-05-09,1994-07-05,COLLECT COD,SHIP, ironic foxes haggle deposits. slyly 
43650-4,43650,412,13,4,10.00,13124.10,0.10,0.07,R,F,1994-05-17,1994-04-29,1994-05-21,COLLECT COD,AIR,uickly bold theodolites. final asymptot
43650-5,43650,441,42,5,27.00,36218.88,0.04,0.01,A,F,1994-05-19,1994-05-07,1994-06-07,NONE,AIR,ithely ironic tithes cajole c
43650-6,43650,1034,70,6,39.00,36466.17,0.04,0.06,R,F,1994-07-20,1994-05-14,1994-08-04,DELIVER IN PERSON,REG AIR,ronic platelets affix blithely accordi
43650-7,43650,1221,59,7,10.00,11222.20,0.01,0.01,A,F,1994-05-16,1994-06-02,1994-06-04,NONE,MAIL," to the regular, regular dependencies."
43651-1,43651,1206,81,1,10.00,11072.00,0.02,0.03,N,O,1998-01-22,1998-01-31,1998-02-06,DELIVER IN PERSON,TRUCK,ffix along t
43651-2,43651,1999,44,2,38.00,72237.62,0.08,0.05,N,O,1998-02-23,1997-12-18,1998-03-09,NONE,TRUCK,telets. blithely special 
43651-3,43651,1657,58,3,38.00,59228.70,0.02,0.03,N,O,1997-12-10,1997-12-18,1997-12-14,TAKE BACK RETURN,MAIL,equests against the quic
43651-4,43651,249,31,4,39.00,44820.36,0.03,0.01,N,O,1997-11-14,1998-01-22,1997-11-15,TAKE BACK RETURN,RAIL,ests. courts use carefully against th
43652-1,43652,760,57,1,4.00,6643.04,0.02,0.03,N,O,1998-01-05,1998-02-04,1998-01-25,DELIVER IN PERSON,SHIP," close, ironic accounts"
43653-1,43653,1805,6,1,15.00,25602.00,0.03,0.07,R,F,1992-11-07,1993-01-20,1992-11-30,DELIVER IN PERSON,FOB,ithely unusual instructions sle
43653-2,43653,299,27,2,16.00,19188.64,0.07,0.02,R,F,1992-12-24,1993-01-07,1992-12-25,DELIVER IN PERSON,SHIP,as boost ironically care
43653-3,43653,531,92,3,5.00,7157.65,0.02,0.04,R,F,1992-12-16,1993-01-07,1992-12-22,COLLECT COD,MAIL,yly express reque
43653-4,43653,1932,65,4,23.00,42180.39,0.08,0.06,A,F,1992-12-17,1993-01-11,1993-01-04,TAKE BACK RETURN,MAIL,y. blithely express pack
43653-5,43653,1353,30,5,2.00,2508.70,0.09,0.07,R,F,1992-12-14,1992-12-25,1993-01-09,DELIVER IN PERSON,TRUCK,cajole finally after the eve
43653-6,43653,13,64,6,3.00,2739.03,0.05,0.05,A,F,1992-12-09,1992-12-03,1992-12-18,DELIVER IN PERSON,REG AIR,onic platelets slee
43653-7,43653,1099,5,7,8.00,8000.72,0.09,0.05,R,F,1992-12-02,1992-12-28,1992-12-21,DELIVER IN PERSON,TRUCK,ounts: bold deposits cajole slyly regular 
43654-1,43654,170,23,1,4.00,4280.68,0.03,0.05,R,F,1994-09-01,1994-08-21,1994-09-18,COLLECT COD,REG AIR,y bold deposi
43654-2,43654,1697,80,2,21.00,33572.49,0.02,0.07,A,F,1994-07-03,1994-09-06,1994-07-23,NONE,AIR,uickly fluffily unusual depo
43654-3,43654,1448,27,3,30.00,40483.20,0.06,0.01,R,F,1994-10-02,1994-08-22,1994-10-14,NONE,SHIP, ironic dugouts wake
43654-4,43654,1945,34,4,19.00,35091.86,0.01,0.01,A,F,1994-08-21,1994-07-19,1994-08-28,DELIVER IN PERSON,MAIL,nic accounts na
43654-5,43654,1255,30,5,31.00,35843.75,0.05,0.00,A,F,1994-09-26,1994-07-18,1994-10-09,COLLECT COD,MAIL,s cajole express co
43654-6,43654,248,49,6,36.00,41336.64,0.06,0.03,A,F,1994-08-27,1994-07-15,1994-09-20,NONE,REG AIR,"oxes wake furiously ironic, ironic foxes"
43654-7,43654,1706,7,7,31.00,49838.70,0.02,0.00,A,F,1994-08-08,1994-07-23,1994-08-22,COLLECT COD,FOB,ecial theodolites against
43655-1,43655,556,87,1,2.00,2913.10,0.02,0.05,N,O,1997-07-29,1997-09-14,1997-08-28,TAKE BACK RETURN,REG AIR,"lithely final excuses integrate final, u"
43655-2,43655,595,86,2,12.00,17947.08,0.02,0.04,N,O,1997-09-11,1997-08-26,1997-09-23,TAKE BACK RETURN,REG AIR,ong the ironic 
43655-3,43655,1880,24,3,36.00,64147.68,0.03,0.03,N,O,1997-09-21,1997-08-16,1997-10-19,COLLECT COD,TRUCK,regular deposits wake
43655-4,43655,874,74,4,36.00,63895.32,0.01,0.06,N,O,1997-10-14,1997-09-28,1997-10-22,NONE,FOB,efully final dependencies.
43655-5,43655,142,43,5,49.00,51064.86,0.02,0.01,N,O,1997-08-27,1997-08-31,1997-09-10,TAKE BACK RETURN,AIR,posits boost slyly against t
43655-6,43655,1490,8,6,5.00,6957.45,0.04,0.00,N,O,1997-10-03,1997-09-15,1997-10-31,DELIVER IN PERSON,MAIL, unusual acco
43655-7,43655,785,50,7,13.00,21915.14,0.01,0.07,N,O,1997-08-21,1997-09-20,1997-09-20,DELIVER IN PERSON,SHIP,haggle slyly final 
43680-1,43680,920,89,1,46.00,83762.32,0.05,0.05,A,F,1993-06-23,1993-05-28,1993-07-13,DELIVER IN PERSON,RAIL,slyly regular packages. furio
43680-2,43680,1525,66,2,14.00,19971.28,0.02,0.00,A,F,1993-06-10,1993-04-29,1993-06-28,TAKE BACK RETURN,RAIL,inal instructions. bold w
43680-3,43680,838,38,3,37.00,64336.71,0.09,0.07,R,F,1993-05-21,1993-05-20,1993-06-03,COLLECT COD,REG AIR,s. fluffily regular deposits along the fu
43680-4,43680,979,14,4,41.00,77078.77,0.09,0.07,A,F,1993-05-17,1993-05-16,1993-05-31,NONE,RAIL,ly silent warhors
43681-1,43681,861,62,1,30.00,52855.80,0.10,0.07,N,O,1995-06-27,1995-06-11,1995-07-17,NONE,TRUCK,e. slyly ironic asym
43682-1,43682,145,46,1,50.00,52257.00,0.03,0.03,A,F,1992-11-08,1992-10-28,1992-12-08,DELIVER IN PERSON,TRUCK,eposits. deposits
43682-2,43682,1711,12,2,41.00,66121.11,0.00,0.00,R,F,1992-10-23,1992-11-26,1992-11-15,DELIVER IN PERSON,FOB, regular requests haggle along the un
43682-3,43682,597,88,3,18.00,26956.62,0.08,0.06,R,F,1992-12-01,1992-10-27,1992-12-07,TAKE BACK RETURN,MAIL,egrate. fluffily regular requests aff
43682-4,43682,926,27,4,34.00,62115.28,0.05,0.08,R,F,1992-10-11,1992-10-21,1992-11-05,DELIVER IN PERSON,SHIP,ross the forges. furio
43683-1,43683,229,57,1,9.00,10162.98,0.04,0.03,N,O,1997-11-13,1997-10-13,1997-12-09,DELIVER IN PERSON,MAIL,y. quickly final ideas across the
43683-2,43683,1836,37,2,40.00,69513.20,0.00,0.04,N,O,1997-12-19,1997-12-11,1998-01-14,NONE,MAIL,ests about the regular deposits sleep qu
43684-1,43684,1586,67,1,28.00,41652.24,0.09,0.08,N,O,1997-02-07,1997-02-22,1997-03-01,DELIVER IN PERSON,MAIL,lets haggle
43684-2,43684,104,83,2,17.00,17069.70,0.10,0.07,N,O,1997-04-13,1997-02-16,1997-04-24,COLLECT COD,AIR,"s. deposits cajole slyly ironic, final d"
43684-3,43684,1848,35,3,2.00,3499.68,0.05,0.04,N,O,1997-03-22,1997-02-16,1997-03-30,DELIVER IN PERSON,RAIL,ithely. ideas are furiou
43684-4,43684,1319,34,4,32.00,39049.92,0.07,0.05,N,O,1997-02-24,1997-02-24,1997-02-28,COLLECT COD,MAIL,"ages wake carefully pending, re"
43685-1,43685,1012,48,1,8.00,7304.08,0.05,0.07,N,O,1997-11-06,1997-11-08,1997-11-10,COLLECT COD,MAIL,ake enticin
43685-2,43685,1144,81,2,43.00,44941.02,0.10,0.02,N,O,1997-09-14,1997-09-19,1997-10-12,TAKE BACK RETURN,RAIL,"ticingly-- final, "
43685-3,43685,41,17,3,4.00,3764.16,0.10,0.06,N,O,1997-08-27,1997-10-22,1997-09-13,COLLECT COD,SHIP,unts. blithely even idea
43685-4,43685,705,2,4,8.00,12845.60,0.07,0.00,N,O,1997-10-16,1997-09-28,1997-11-04,NONE,RAIL,gular requests sleep furiously re
43685-5,43685,1952,97,5,50.00,92697.50,0.10,0.04,N,O,1997-11-30,1997-11-06,1997-12-24,DELIVER IN PERSON,AIR, packages wake: caref
43685-6,43685,1358,97,6,6.00,7556.10,0.05,0.00,N,O,1997-12-14,1997-10-09,1998-01-01,TAKE BACK RETURN,SHIP,carefully unusual foxes sleep across t
43686-1,43686,394,95,1,25.00,32359.75,0.01,0.03,N,O,1995-06-28,1995-07-30,1995-07-11,TAKE BACK RETURN,REG AIR,"cuses. unusual, pend"
43686-2,43686,1515,16,2,24.00,33996.24,0.01,0.08,N,O,1995-08-04,1995-06-13,1995-08-18,NONE,SHIP,carefully bold dependenci
43686-3,43686,101,28,3,42.00,42046.20,0.05,0.08,N,O,1995-07-03,1995-06-27,1995-07-27,NONE,REG AIR,. furiously pending ideas sleep quickl
43686-4,43686,841,75,4,22.00,38320.48,0.03,0.02,N,O,1995-07-26,1995-06-16,1995-08-24,DELIVER IN PERSON,MAIL,usual asymptotes. e
43687-1,43687,894,61,1,6.00,10769.34,0.10,0.00,N,O,1997-07-01,1997-05-29,1997-07-25,DELIVER IN PERSON,FOB,ys. permanent
43687-2,43687,1875,76,2,48.00,85289.76,0.00,0.00,N,O,1997-05-31,1997-06-01,1997-06-11,NONE,FOB,lose carefully. regular notornis wa
43687-3,43687,812,79,3,42.00,71938.02,0.05,0.07,N,O,1997-05-12,1997-04-28,1997-05-18,DELIVER IN PERSON,SHIP,blithely unusual dependencies. sly theo
43687-4,43687,240,95,4,44.00,50170.56,0.08,0.01,N,O,1997-05-13,1997-05-21,1997-05-17,DELIVER IN PERSON,REG AIR,r foxes. even plate
43687-5,43687,786,51,5,21.00,35422.38,0.10,0.06,N,O,1997-05-03,1997-05-19,1997-05-25,TAKE BACK RETURN,MAIL,ul deposits sol
43712-1,43712,1583,24,1,28.00,41568.24,0.09,0.07,R,F,1995-05-21,1995-04-27,1995-05-31,DELIVER IN PERSON,RAIL,courts about the pending p
43713-1,43713,1509,50,1,33.00,46546.50,0.02,0.00,A,F,1992-09-13,1992-10-13,1992-10-07,NONE,SHIP,ular packages
43713-2,43713,1297,72,2,14.00,16776.06,0.00,0.00,A,F,1992-12-10,1992-10-20,1993-01-03,NONE,RAIL,ependencies nod carefully. slyly specia
43713-3,43713,383,12,3,7.00,8983.66,0.01,0.00,A,F,1993-01-04,1992-10-18,1993-01-31,DELIVER IN PERSON,AIR, deposits nag slyly. slow pa
43713-4,43713,1791,34,4,38.00,64326.02,0.08,0.04,A,F,1992-09-09,1992-12-03,1992-10-09,DELIVER IN PERSON,RAIL,usly according to the careful
43714-1,43714,660,92,1,50.00,78033.00,0.10,0.08,N,O,1996-09-11,1996-10-01,1996-10-08,DELIVER IN PERSON,MAIL, special theodolite
43714-2,43714,1819,6,2,33.00,56786.73,0.02,0.02,N,O,1996-11-07,1996-09-20,1996-11-18,DELIVER IN PERSON,MAIL,ounts integrate carefully re
43714-3,43714,791,88,3,23.00,38911.17,0.07,0.03,N,O,1996-11-14,1996-10-27,1996-12-03,DELIVER IN PERSON,TRUCK,ly regular notornis sleep slyly whit
43714-4,43714,1165,66,4,22.00,23455.52,0.07,0.05,N,O,1996-11-18,1996-10-02,1996-12-03,COLLECT COD,REG AIR,nic ideas affix furiously
43714-5,43714,980,81,5,16.00,30095.68,0.03,0.00,N,O,1996-11-03,1996-10-08,1996-11-10,NONE,RAIL," the final deposits. silent, fina"
43714-6,43714,115,42,6,11.00,11166.21,0.00,0.04,N,O,1996-11-03,1996-09-12,1996-11-06,COLLECT COD,TRUCK,sual foxes. carefully re
43714-7,43714,645,77,7,17.00,26275.88,0.00,0.04,N,O,1996-08-06,1996-09-16,1996-08-28,NONE,FOB,ss ideas agains
43715-1,43715,1313,28,1,42.00,51001.02,0.09,0.01,N,O,1996-07-10,1996-08-13,1996-07-25,TAKE BACK RETURN,FOB,y. slyly express asymptote
43716-1,43716,435,65,1,48.00,64100.64,0.00,0.01,N,O,1995-08-02,1995-07-13,1995-08-26,DELIVER IN PERSON,MAIL,ross the requests
43716-2,43716,1805,49,2,29.00,49497.20,0.01,0.08,N,O,1995-08-18,1995-07-02,1995-09-09,DELIVER IN PERSON,SHIP, at the regular re
43716-3,43716,854,88,3,11.00,19303.35,0.01,0.04,N,O,1995-07-16,1995-06-30,1995-08-04,NONE,FOB,usly permanent grouches are
43717-1,43717,135,62,1,3.00,3105.39,0.06,0.04,N,O,1997-01-24,1997-02-26,1997-01-31,NONE,FOB,fully ironically regular excus
43717-2,43717,1415,94,2,3.00,3949.23,0.10,0.03,N,O,1996-12-27,1997-01-17,1997-01-17,DELIVER IN PERSON,REG AIR,he blithely pending packag
43717-3,43717,295,96,3,1.00,1195.29,0.03,0.06,N,O,1997-04-15,1997-03-05,1997-04-22,COLLECT COD,AIR,luffily pending requests
43717-4,43717,967,2,4,49.00,91530.04,0.02,0.06,N,O,1996-12-28,1997-02-07,1997-01-16,COLLECT COD,RAIL, haggle atop th
43717-5,43717,1094,100,5,3.00,2985.27,0.06,0.02,N,O,1997-01-31,1997-03-05,1997-03-01,TAKE BACK RETURN,RAIL, cajole blithely blithely ironic account
43717-6,43717,1673,97,6,39.00,61412.13,0.07,0.07,N,O,1997-02-07,1997-01-15,1997-02-24,NONE,TRUCK,nwind; slyly r
43717-7,43717,528,29,7,33.00,47141.16,0.09,0.05,N,O,1997-02-23,1997-01-25,1997-03-10,COLLECT COD,AIR,beans after the pi
43718-1,43718,33,59,1,36.00,33589.08,0.07,0.04,N,O,1997-02-18,1997-04-04,1997-02-20,TAKE BACK RETURN,REG AIR,fluffily even reques
43718-2,43718,276,77,2,46.00,54108.42,0.07,0.02,N,O,1997-03-27,1997-04-18,1997-04-23,NONE,FOB,l theodolites. slyly ironic deposits nag. e
43719-1,43719,765,66,1,7.00,11660.32,0.09,0.03,N,O,1997-10-11,1997-10-20,1997-10-31,NONE,TRUCK,nst the regular foxe
43719-2,43719,1042,43,2,1.00,943.04,0.01,0.00,N,O,1997-11-23,1997-10-22,1997-12-17,TAKE BACK RETURN,MAIL, deposits. carefu
43719-3,43719,1609,51,3,23.00,34743.80,0.00,0.06,N,O,1997-10-12,1997-10-04,1997-10-31,COLLECT COD,SHIP,yly express pearls. final pac
43719-4,43719,373,30,4,26.00,33107.62,0.10,0.02,N,O,1997-11-12,1997-10-15,1997-11-27,DELIVER IN PERSON,MAIL,le carefully. slyly special the
43719-5,43719,669,63,5,42.00,65925.72,0.02,0.05,N,O,1997-09-28,1997-10-07,1997-10-06,TAKE BACK RETURN,MAIL,ckly pending
43744-1,43744,1829,30,1,19.00,32885.58,0.10,0.01,R,F,1992-02-25,1992-05-03,1992-03-15,DELIVER IN PERSON,MAIL, dugouts nag furiously carefully
43745-1,43745,614,8,1,42.00,63613.62,0.09,0.00,A,F,1993-12-09,1994-01-07,1993-12-25,DELIVER IN PERSON,REG AIR,gular tithes. furious
43745-2,43745,715,16,2,5.00,8078.55,0.00,0.07,R,F,1993-12-24,1994-01-11,1993-12-29,DELIVER IN PERSON,RAIL,he quickly fi
43745-3,43745,492,80,3,32.00,44559.68,0.06,0.08,R,F,1993-11-06,1994-01-15,1993-11-28,COLLECT COD,RAIL, final dependencies. daringly 
43745-4,43745,1131,32,4,21.00,21674.73,0.05,0.08,A,F,1994-01-29,1994-01-06,1994-02-11,COLLECT COD,AIR,equests serve doggedly slyl
43745-5,43745,1565,66,5,40.00,58662.40,0.04,0.02,A,F,1994-02-04,1994-01-22,1994-02-20,NONE,FOB,ut the slyly even foxes. slyly ironic pinto
43745-6,43745,335,20,6,20.00,24706.60,0.03,0.06,A,F,1993-12-30,1994-01-19,1994-01-18,DELIVER IN PERSON,REG AIR,al packages. bold packages u
43745-7,43745,1217,92,7,11.00,12300.31,0.03,0.05,A,F,1993-12-19,1993-12-10,1993-12-26,NONE,MAIL,beans cajole furiously qui
43746-1,43746,725,90,1,14.00,22760.08,0.05,0.03,N,O,1997-09-08,1997-10-02,1997-09-12,DELIVER IN PERSON,REG AIR, furiously even dolphins haggle per
43746-2,43746,1944,33,2,34.00,62761.96,0.08,0.07,N,O,1997-10-10,1997-08-23,1997-10-29,NONE,AIR," ironic, express accou"
43746-3,43746,1098,69,3,31.00,30971.79,0.08,0.01,N,O,1997-09-08,1997-10-17,1997-10-01,TAKE BACK RETURN,MAIL,"the even, even deposits."
43747-1,43747,157,84,1,48.00,50743.20,0.01,0.08,N,O,1997-08-16,1997-11-04,1997-09-09,DELIVER IN PERSON,MAIL,. platelets wake blithely. fluffil
43747-2,43747,1027,98,2,15.00,13920.30,0.00,0.05,N,O,1997-08-14,1997-11-03,1997-08-28,TAKE BACK RETURN,TRUCK,up the slyly pending sh
43748-1,43748,1358,73,1,7.00,8815.45,0.01,0.00,A,F,1992-07-07,1992-05-31,1992-07-29,COLLECT COD,SHIP,ts haggle. slyly express instruction
43749-1,43749,1697,98,1,10.00,15986.90,0.09,0.04,A,F,1992-12-06,1992-10-12,1992-12-29,NONE,FOB,s haggle packages. quickly sil
43749-2,43749,743,76,2,32.00,52599.68,0.04,0.04,A,F,1992-09-19,1992-09-27,1992-09-26,NONE,TRUCK,ful foxes. quickly fl
43750-1,43750,437,67,1,21.00,28086.03,0.06,0.06,N,O,1997-02-10,1997-01-09,1997-02-21,TAKE BACK RETURN,SHIP,ding to the ideas use carefully
43751-1,43751,837,4,1,1.00,1737.83,0.03,0.00,R,F,1992-09-19,1992-09-01,1992-10-18,DELIVER IN PERSON,TRUCK,ess after the furiously pending requests.
43751-2,43751,1079,85,2,50.00,49003.50,0.06,0.03,R,F,1992-10-20,1992-08-19,1992-10-30,COLLECT COD,MAIL,r deposits use quickly alongside of th
43751-3,43751,1170,43,3,8.00,8569.36,0.09,0.01,R,F,1992-10-03,1992-09-14,1992-10-21,NONE,AIR,boost slyly regular reques
43776-1,43776,1832,76,1,26.00,45079.58,0.05,0.02,A,F,1992-12-30,1993-01-03,1993-01-18,NONE,FOB, pending pac
43776-2,43776,857,24,2,20.00,35157.00,0.10,0.05,A,F,1992-12-11,1993-02-13,1993-01-03,COLLECT COD,SHIP,r excuses integrate during th
43776-3,43776,1891,35,3,8.00,14343.12,0.01,0.03,A,F,1993-03-31,1993-02-22,1993-04-02,COLLECT COD,FOB,excuses are. regul
43777-1,43777,950,53,1,37.00,68485.15,0.07,0.06,N,O,1998-05-02,1998-06-08,1998-05-18,DELIVER IN PERSON,SHIP,y quiet ideas. final deposits hagg
43777-2,43777,796,29,2,22.00,37329.38,0.10,0.02,N,O,1998-06-06,1998-07-03,1998-06-27,DELIVER IN PERSON,MAIL,s eat alon
43777-3,43777,1518,19,3,22.00,31229.22,0.00,0.05,N,O,1998-08-22,1998-07-14,1998-09-12,TAKE BACK RETURN,TRUCK,"onic ideas about the special, u"
43777-4,43777,208,90,4,25.00,27705.00,0.10,0.08,N,O,1998-06-26,1998-05-30,1998-07-13,DELIVER IN PERSON,REG AIR,luffily even foxes. furiously special 
43777-5,43777,233,61,5,9.00,10199.07,0.10,0.08,N,O,1998-07-26,1998-06-18,1998-08-24,NONE,FOB,ag fluffily 
43778-1,43778,292,74,1,48.00,57229.92,0.01,0.05,N,O,1997-04-27,1997-05-29,1997-04-28,COLLECT COD,RAIL,eas sleep bli
43778-2,43778,46,97,2,19.00,17974.76,0.00,0.00,N,O,1997-05-28,1997-06-18,1997-06-26,TAKE BACK RETURN,REG AIR,ven packages. furiously even p
43778-3,43778,1864,8,3,10.00,17658.60,0.09,0.02,N,O,1997-07-09,1997-07-10,1997-08-07,DELIVER IN PERSON,SHIP,in furiously ironic theodolit
43778-4,43778,967,68,4,5.00,9339.80,0.09,0.03,N,O,1997-07-16,1997-06-04,1997-07-24,NONE,AIR,uickly? ideas detect quickly around
43778-5,43778,886,86,5,13.00,23229.44,0.02,0.08,N,O,1997-06-26,1997-05-25,1997-07-23,NONE,AIR,ffix permanen
43778-6,43778,685,79,6,25.00,39642.00,0.09,0.07,N,O,1997-07-13,1997-07-02,1997-08-12,NONE,FOB,y final deposits. quickly regular hockey p
43778-7,43778,1938,83,7,26.00,47838.18,0.06,0.06,N,O,1997-06-02,1997-05-27,1997-06-21,NONE,AIR,mong the slyly fi
43779-1,43779,1658,100,1,23.00,35871.95,0.01,0.01,A,F,1994-09-27,1994-10-29,1994-10-24,NONE,REG AIR, carefully idle requests wake qui
43779-2,43779,784,17,2,6.00,10108.68,0.08,0.00,R,F,1994-11-19,1994-11-15,1994-12-15,NONE,RAIL,after the ironic theodolit
43779-3,43779,801,1,3,27.00,45948.60,0.05,0.04,R,F,1994-08-28,1994-09-22,1994-09-13,DELIVER IN PERSON,MAIL,fully regular r
43780-1,43780,516,17,1,38.00,53827.38,0.10,0.08,N,O,1997-03-10,1997-02-01,1997-03-24,COLLECT COD,TRUCK,ths; furiously even package
43780-2,43780,788,21,2,36.00,60796.08,0.04,0.01,N,O,1997-02-26,1997-01-17,1997-03-22,TAKE BACK RETURN,RAIL,sly across the slyly unu
43781-1,43781,1133,6,1,16.00,16546.08,0.05,0.06,A,F,1993-05-02,1993-03-08,1993-05-23,COLLECT COD,RAIL, haggle blithely. dolphins are according to
43781-2,43781,1955,100,2,43.00,79848.85,0.08,0.05,A,F,1993-05-30,1993-04-30,1993-06-04,COLLECT COD,REG AIR,"g, ironic theodolites are car"
43781-3,43781,952,21,3,49.00,90794.55,0.00,0.03,R,F,1993-05-30,1993-04-15,1993-06-20,NONE,AIR,outs snooz
43781-4,43781,1496,75,4,21.00,29347.29,0.07,0.05,A,F,1993-04-07,1993-05-03,1993-04-11,COLLECT COD,SHIP, blithely slyly special requests
43782-1,43782,1191,100,1,10.00,10921.90,0.03,0.08,A,F,1994-01-17,1993-12-21,1994-02-08,TAKE BACK RETURN,REG AIR,ests boost slyly. quickly final dolphins
43782-2,43782,273,74,2,46.00,53970.42,0.05,0.01,A,F,1994-01-24,1993-12-31,1994-02-03,COLLECT COD,AIR, ironic instructions wake slyly on the bli
43782-3,43782,236,91,3,2.00,2272.46,0.03,0.06,A,F,1993-12-26,1993-12-31,1994-01-14,COLLECT COD,AIR,odolites cajole furiously over the dependen
43782-4,43782,92,93,4,10.00,9920.90,0.05,0.04,R,F,1994-03-05,1994-01-27,1994-03-12,TAKE BACK RETURN,RAIL,sual waters are. unusual id
43782-5,43782,33,34,5,22.00,20526.66,0.00,0.08,A,F,1994-02-17,1994-01-01,1994-03-02,NONE,SHIP,s. blithely even requests at the carefully 
43783-1,43783,1299,37,1,8.00,9602.32,0.05,0.07,N,O,1997-02-02,1997-04-16,1997-02-06,NONE,SHIP,"g, bold ideas. carefully pendin"
43783-2,43783,1205,80,2,49.00,54203.80,0.00,0.04,N,O,1997-05-08,1997-04-12,1997-06-04,TAKE BACK RETURN,RAIL,nts. quickly ironic de
43783-3,43783,825,25,3,31.00,53500.42,0.00,0.04,N,O,1997-04-03,1997-04-18,1997-04-24,TAKE BACK RETURN,SHIP,ss accounts sleep furiously
43783-4,43783,1433,34,4,34.00,45370.62,0.05,0.05,N,O,1997-03-30,1997-04-09,1997-04-29,NONE,FOB,y special theodolites. 
43783-5,43783,1866,10,5,22.00,38892.92,0.00,0.00,N,O,1997-04-21,1997-03-07,1997-04-22,DELIVER IN PERSON,AIR,ts mold quickly 
43783-6,43783,1733,34,6,35.00,57215.55,0.09,0.03,N,O,1997-05-10,1997-03-23,1997-05-26,DELIVER IN PERSON,AIR,arefully blithely unusual deposi
43783-7,43783,553,84,7,31.00,45060.05,0.00,0.02,N,O,1997-04-11,1997-03-08,1997-04-14,TAKE BACK RETURN,AIR,ular dolphins despite the carefully regul
43808-1,43808,1069,70,1,14.00,13580.84,0.05,0.01,A,F,1995-02-18,1995-04-05,1995-02-26,TAKE BACK RETURN,AIR,nto beans doze bravely
43808-2,43808,332,17,2,16.00,19717.28,0.02,0.05,A,F,1995-01-15,1995-02-17,1995-01-31,COLLECT COD,SHIP,etect carefully amo
43808-3,43808,1770,55,3,24.00,40122.48,0.08,0.05,R,F,1995-01-14,1995-03-10,1995-02-11,COLLECT COD,MAIL,ts. carefully bold foxes mold stealthily 
43808-4,43808,149,2,4,26.00,27277.64,0.09,0.01,R,F,1995-01-21,1995-02-16,1995-01-27,DELIVER IN PERSON,REG AIR,"c requests use. unusual, ironi"
43809-1,43809,1017,88,1,41.00,37638.41,0.08,0.00,N,O,1997-08-02,1997-06-01,1997-08-20,TAKE BACK RETURN,MAIL,olites eng
43809-2,43809,372,57,2,50.00,63618.50,0.10,0.02,N,O,1997-07-16,1997-07-11,1997-07-21,NONE,REG AIR,r the furiously ironic accounts. blithely i
43809-3,43809,1469,87,3,27.00,37002.42,0.07,0.01,N,O,1997-06-10,1997-06-26,1997-06-28,NONE,REG AIR,"ly slow, silent asymptot"
43810-1,43810,751,52,1,39.00,64418.25,0.01,0.08,N,O,1998-06-04,1998-05-17,1998-06-15,COLLECT COD,AIR, even accou
43810-2,43810,897,97,2,43.00,77309.27,0.05,0.05,N,O,1998-03-20,1998-05-10,1998-03-23,COLLECT COD,FOB,ep slyly according to the
43810-3,43810,891,91,3,22.00,39421.58,0.04,0.00,N,O,1998-05-30,1998-05-02,1998-06-23,NONE,AIR," regular foxes-- ironic,"
43810-4,43810,867,67,4,34.00,60107.24,0.05,0.00,N,O,1998-04-15,1998-04-25,1998-05-04,NONE,AIR,ar requests use among
43810-5,43810,321,78,5,23.00,28090.36,0.00,0.08,N,O,1998-04-04,1998-04-23,1998-04-27,NONE,SHIP,oze above the bold instru
43810-6,43810,1348,25,6,39.00,48724.26,0.02,0.08,N,O,1998-06-07,1998-05-28,1998-07-03,COLLECT COD,AIR,sly furiously ironic ideas. quickly fina
43810-7,43810,1773,16,7,14.00,23446.78,0.09,0.07,N,O,1998-04-17,1998-06-04,1998-05-16,DELIVER IN PERSON,SHIP,regular notornis play f
43811-1,43811,1127,100,1,49.00,50377.88,0.04,0.03,N,O,1998-08-01,1998-07-18,1998-08-21,NONE,RAIL,y about the even frets. blithel
43811-2,43811,821,55,2,18.00,30992.76,0.10,0.01,N,O,1998-09-08,1998-08-01,1998-09-28,DELIVER IN PERSON,REG AIR,ress pinto beans sleep f
43811-3,43811,21,72,3,41.00,37761.82,0.10,0.01,N,O,1998-06-06,1998-07-29,1998-06-24,NONE,TRUCK,slyly special de
43811-4,43811,1596,17,4,19.00,28454.21,0.10,0.04,N,O,1998-07-07,1998-08-01,1998-07-30,NONE,RAIL,ress deposits. blithel
43812-1,43812,129,82,1,49.00,50426.88,0.01,0.07,N,O,1996-08-01,1996-08-10,1996-08-08,TAKE BACK RETURN,AIR,"ven, bold dependencies affix."
43812-2,43812,1043,44,2,3.00,2832.12,0.09,0.00,N,O,1996-07-14,1996-07-27,1996-08-01,COLLECT COD,SHIP,y pending instructions. slyly unusual d
43812-3,43812,327,12,3,29.00,35592.28,0.00,0.00,N,O,1996-08-05,1996-07-17,1996-08-19,COLLECT COD,AIR,ly ironic instructions integrate furious
43812-4,43812,1215,90,4,34.00,37951.14,0.09,0.03,N,O,1996-07-04,1996-07-27,1996-07-09,TAKE BACK RETURN,RAIL,g accounts cajole silen
43813-1,43813,1500,40,1,38.00,53257.00,0.08,0.02,A,F,1994-09-30,1994-09-22,1994-10-30,COLLECT COD,MAIL,ly even ideas need to wake regular idea
43813-2,43813,427,86,2,49.00,65043.58,0.02,0.03,A,F,1994-09-23,1994-09-18,1994-10-11,TAKE BACK RETURN,AIR,long the blithely bold ideas sleep furiousl
43814-1,43814,1289,1,1,8.00,9522.24,0.09,0.03,A,F,1995-01-29,1995-03-28,1995-02-14,TAKE BACK RETURN,TRUCK,"ial, express accounts b"
43814-2,43814,1704,47,2,31.00,49776.70,0.09,0.05,A,F,1995-04-21,1995-04-05,1995-05-07,NONE,AIR,arefully at the bold dependencies. unusu
43814-3,43814,950,85,3,19.00,35168.05,0.10,0.01,A,F,1995-05-11,1995-02-09,1995-05-24,DELIVER IN PERSON,SHIP,ffily final
43814-4,43814,962,63,4,37.00,68929.52,0.00,0.00,R,F,1995-04-29,1995-03-20,1995-05-24,TAKE BACK RETURN,AIR,s sleep quickly carefu
43814-5,43814,43,44,5,25.00,23576.00,0.10,0.03,A,F,1995-01-27,1995-03-09,1995-02-18,COLLECT COD,SHIP,ss package
43814-6,43814,1109,10,6,12.00,12121.20,0.05,0.08,R,F,1995-03-08,1995-03-08,1995-03-26,DELIVER IN PERSON,RAIL," slyly about the ironic, reg"
43814-7,43814,319,20,7,4.00,4877.24,0.07,0.00,A,F,1995-05-05,1995-03-25,1995-05-09,NONE,MAIL,"against the bold, unusua"
43815-1,43815,106,85,1,15.00,15091.50,0.01,0.05,A,F,1992-06-17,1992-08-06,1992-07-02,TAKE BACK RETURN,FOB,out the ironically bold deposit
43815-2,43815,831,98,2,38.00,65809.54,0.05,0.00,A,F,1992-06-30,1992-07-17,1992-07-20,COLLECT COD,RAIL,ss accounts boost sly
43815-3,43815,1942,87,3,12.00,22127.28,0.08,0.01,A,F,1992-07-21,1992-08-27,1992-08-08,TAKE BACK RETURN,AIR,es doze quickly above the slyly 
43815-4,43815,765,66,4,2.00,3331.52,0.04,0.00,A,F,1992-08-02,1992-09-08,1992-08-11,NONE,REG AIR,ng pinto beans. fluffily express deposits c
43815-5,43815,772,37,5,3.00,5018.31,0.09,0.06,R,F,1992-08-25,1992-08-19,1992-09-06,TAKE BACK RETURN,AIR,posits integrate evenly regu
43815-6,43815,1454,94,6,49.00,66417.05,0.10,0.00,A,F,1992-07-22,1992-08-07,1992-08-10,COLLECT COD,REG AIR,tions x-ray along the pinto beans. fo
43840-1,43840,1362,1,1,14.00,17687.04,0.10,0.02,N,O,1998-04-15,1998-06-16,1998-04-30,TAKE BACK RETURN,MAIL,furiously bold accounts. quickly regular 
43841-1,43841,674,6,1,29.00,45665.43,0.08,0.01,N,O,1996-02-04,1995-12-08,1996-02-21,TAKE BACK RETURN,MAIL,y final instruction
43841-2,43841,69,70,2,20.00,19381.20,0.01,0.03,N,O,1996-02-19,1995-12-11,1996-02-25,DELIVER IN PERSON,TRUCK,nts shall sleep slyly daringly brave reque
43842-1,43842,909,10,1,44.00,79635.60,0.05,0.07,A,F,1994-04-15,1994-03-07,1994-04-17,COLLECT COD,RAIL,osits cajole. furiously reg
43842-2,43842,1116,89,2,37.00,37633.07,0.00,0.01,A,F,1994-03-26,1994-03-13,1994-04-05,COLLECT COD,AIR,s alongside of the unu
43842-3,43842,164,91,3,2.00,2128.32,0.00,0.04,R,F,1994-04-24,1994-04-05,1994-05-07,COLLECT COD,MAIL, dolphins. deposits acro
43842-4,43842,915,18,4,38.00,69004.58,0.02,0.06,A,F,1994-02-05,1994-03-21,1994-02-06,TAKE BACK RETURN,RAIL,hin warthogs-- furiously express foxes s
43842-5,43842,399,56,5,8.00,10395.12,0.01,0.06,R,F,1994-05-12,1994-03-26,1994-06-10,DELIVER IN PERSON,AIR,ymptotes cajole. carefully special pack
43843-1,43843,1236,37,1,13.00,14783.99,0.08,0.00,N,O,1997-11-25,1997-11-20,1997-12-17,COLLECT COD,REG AIR,counts wake alo
43843-2,43843,1660,84,2,24.00,37479.84,0.03,0.07,N,O,1997-11-13,1997-12-15,1997-11-28,NONE,FOB,carefully unusual foxes tr
43843-3,43843,228,10,3,28.00,31590.16,0.04,0.00,N,O,1997-10-28,1997-12-10,1997-11-08,TAKE BACK RETURN,MAIL,o beans wake furiously caref
43843-4,43843,1504,45,4,6.00,8433.00,0.08,0.05,N,O,1998-01-11,1997-12-22,1998-01-14,DELIVER IN PERSON,SHIP,iously ironic requests use
43843-5,43843,1163,100,5,13.00,13834.08,0.08,0.07,N,O,1997-11-21,1997-12-18,1997-12-06,NONE,TRUCK,cies. quickly close sentiments cajole flu
43843-6,43843,767,64,6,30.00,50032.80,0.10,0.02,N,O,1997-10-07,1997-12-21,1997-10-20,NONE,RAIL,usly bold account
43843-7,43843,1394,33,7,48.00,62178.72,0.06,0.05,N,O,1997-10-12,1997-12-12,1997-10-23,DELIVER IN PERSON,RAIL,"final, daring gifts cajole. "
43844-1,43844,1256,57,1,37.00,42818.25,0.10,0.02,R,F,1994-02-04,1994-01-24,1994-02-10,NONE,TRUCK,p furiously above
43844-2,43844,1021,57,2,3.00,2766.06,0.10,0.00,A,F,1994-02-23,1993-12-01,1994-03-18,COLLECT COD,REG AIR,refully above the furiously
43845-1,43845,1000,69,1,40.00,36040.00,0.04,0.06,N,O,1997-02-12,1997-04-18,1997-03-13,TAKE BACK RETURN,REG AIR,s. regular theodolites boost fluff
43845-2,43845,1929,74,2,33.00,60420.36,0.06,0.06,N,O,1997-03-25,1997-04-09,1997-04-16,COLLECT COD,MAIL,mptotes boost carefully around the brave id
43845-3,43845,1970,71,3,10.00,18719.70,0.05,0.00,N,O,1997-05-14,1997-03-24,1997-06-02,NONE,SHIP, cajole furiously against the even pinto 
43845-4,43845,722,23,4,21.00,34077.12,0.09,0.05,N,O,1997-05-14,1997-04-03,1997-06-04,NONE,MAIL,ove the furiously ironic theodolites. 
43845-5,43845,908,9,5,30.00,54267.00,0.01,0.08,N,O,1997-05-07,1997-03-01,1997-05-19,TAKE BACK RETURN,MAIL,foxes boos
43845-6,43845,1451,30,6,7.00,9467.15,0.07,0.04,N,O,1997-04-28,1997-03-08,1997-05-06,COLLECT COD,FOB, blithely final accounts: special 
43846-1,43846,1359,60,1,37.00,46632.95,0.02,0.04,A,F,1994-04-07,1994-03-30,1994-04-28,TAKE BACK RETURN,RAIL,ording to the orbits wake 
43846-2,43846,1187,60,2,20.00,21763.60,0.01,0.06,A,F,1994-04-01,1994-05-08,1994-04-06,DELIVER IN PERSON,REG AIR,nst the fluffily ev
43846-3,43846,894,94,3,32.00,57436.48,0.01,0.07,R,F,1994-03-15,1994-05-22,1994-03-30,NONE,REG AIR,al instructions;
43846-4,43846,258,86,4,8.00,9266.00,0.02,0.05,A,F,1994-04-04,1994-05-05,1994-04-06,COLLECT COD,MAIL,courts serve after the accounts: regu
43846-5,43846,1637,61,5,44.00,67699.72,0.07,0.00,R,F,1994-04-24,1994-04-22,1994-05-22,DELIVER IN PERSON,FOB, regular theodolites haggle
43846-6,43846,1878,22,6,40.00,71194.80,0.03,0.05,A,F,1994-04-20,1994-05-23,1994-04-27,NONE,TRUCK,fully pending tithes. theodol
43846-7,43846,808,9,7,35.00,59808.00,0.02,0.00,A,F,1994-03-13,1994-05-11,1994-04-10,TAKE BACK RETURN,TRUCK, against the furiously final theodolites. i
43847-1,43847,1352,67,1,10.00,12533.50,0.10,0.01,R,F,1992-11-07,1992-10-14,1992-11-13,NONE,MAIL,ily even acc
43872-1,43872,697,98,1,31.00,49528.39,0.04,0.00,N,O,1997-07-24,1997-09-22,1997-08-06,COLLECT COD,REG AIR,ep doggedly above the pinto beans. blithel
43873-1,43873,603,97,1,47.00,70669.20,0.00,0.04,N,O,1997-07-12,1997-08-07,1997-07-24,NONE,REG AIR,ar excuses. furiously ironic epi
43873-2,43873,439,27,2,16.00,21430.88,0.08,0.01,N,O,1997-06-29,1997-08-16,1997-07-01,TAKE BACK RETURN,MAIL,bove the slyly special re
43873-3,43873,1803,47,3,16.00,27276.80,0.01,0.02,N,O,1997-07-17,1997-07-28,1997-08-08,TAKE BACK RETURN,RAIL,furiously ironic packages.
43873-4,43873,935,4,4,16.00,29374.88,0.09,0.02,N,O,1997-07-17,1997-07-27,1997-07-29,COLLECT COD,MAIL,slyly regular accounts. express a
43873-5,43873,290,72,5,20.00,23805.80,0.03,0.07,N,O,1997-09-04,1997-08-14,1997-10-04,DELIVER IN PERSON,REG AIR,ites are quickly. unusual deposits 
43873-6,43873,832,33,6,42.00,72778.86,0.00,0.02,N,O,1997-08-01,1997-06-29,1997-08-09,TAKE BACK RETURN,RAIL,ts. asymptotes use ruthle
43874-1,43874,1517,38,1,23.00,32625.73,0.02,0.00,A,F,1992-06-30,1992-09-02,1992-07-10,TAKE BACK RETURN,RAIL,es cajole furiously. furiously special foxe
43875-1,43875,1478,18,1,43.00,59317.21,0.07,0.00,N,O,1996-03-24,1996-02-10,1996-04-19,TAKE BACK RETURN,RAIL,"ut the special, regular pack"
43875-2,43875,1933,78,2,4.00,7339.72,0.00,0.02,N,O,1996-01-09,1996-01-09,1996-02-02,TAKE BACK RETURN,AIR,equests kindle slyly above the
43875-3,43875,1503,44,3,27.00,37921.50,0.05,0.04,N,O,1996-03-05,1996-03-03,1996-04-01,DELIVER IN PERSON,AIR,s! ironic deposit
43875-4,43875,1969,2,4,48.00,89806.08,0.04,0.04,N,O,1996-02-21,1996-01-11,1996-02-26,NONE,AIR,unwind furiously along the
43875-5,43875,1613,55,5,5.00,7573.05,0.07,0.02,N,O,1996-01-07,1996-03-01,1996-01-24,TAKE BACK RETURN,AIR,kages are fluffily dependencies. sl
43875-6,43875,815,49,6,29.00,49758.49,0.03,0.02,N,O,1996-01-14,1996-03-07,1996-01-22,TAKE BACK RETURN,FOB, ironic dolphins integrate ca
43875-7,43875,601,33,7,41.00,61565.60,0.09,0.04,N,O,1995-12-11,1996-02-24,1996-01-07,NONE,TRUCK,ideas across the furiously express pin
43876-1,43876,1235,73,1,38.00,43176.74,0.07,0.07,N,O,1996-04-05,1996-05-15,1996-05-03,NONE,FOB,press accounts. slyly ironic accounts 
43876-2,43876,467,55,2,27.00,36921.42,0.03,0.02,N,O,1996-06-05,1996-05-18,1996-06-26,COLLECT COD,TRUCK,beans. quickl
43876-3,43876,1169,78,3,5.00,5350.80,0.05,0.05,N,O,1996-06-19,1996-04-30,1996-07-14,DELIVER IN PERSON,TRUCK,e blithely after t
43876-4,43876,884,51,4,23.00,41052.24,0.10,0.08,N,O,1996-04-24,1996-06-22,1996-04-26,TAKE BACK RETURN,RAIL,eep among the carefully unusual accou
43876-5,43876,1718,3,5,26.00,42112.46,0.08,0.08,N,O,1996-06-29,1996-06-04,1996-07-02,NONE,REG AIR,se orbits haggle slyly. theodolites are car
43876-6,43876,771,36,6,36.00,60183.72,0.01,0.00,N,O,1996-04-01,1996-05-30,1996-04-16,TAKE BACK RETURN,TRUCK, slyly final platelets wake 
43876-7,43876,411,99,7,21.00,27539.61,0.04,0.06,N,O,1996-05-24,1996-06-06,1996-06-05,COLLECT COD,RAIL,es are car
43877-1,43877,1247,22,1,37.00,42484.88,0.06,0.01,A,F,1993-05-12,1993-05-12,1993-05-26,COLLECT COD,AIR,ly quickly regular in
43877-2,43877,1639,40,2,30.00,46218.90,0.03,0.00,A,F,1993-06-07,1993-05-11,1993-06-12,DELIVER IN PERSON,REG AIR,ets. packages cajole; special req
43877-3,43877,1731,32,3,19.00,31021.87,0.05,0.02,R,F,1993-04-19,1993-05-25,1993-05-14,DELIVER IN PERSON,MAIL, sleep fluffily und
43878-1,43878,473,32,1,16.00,21975.52,0.04,0.03,N,O,1996-05-02,1996-04-29,1996-05-16,DELIVER IN PERSON,TRUCK,s. instruct
43878-2,43878,242,70,2,32.00,36551.68,0.01,0.01,N,O,1996-04-26,1996-06-22,1996-05-08,TAKE BACK RETURN,RAIL,e slyly express a
43878-3,43878,951,20,3,3.00,5555.85,0.10,0.03,N,O,1996-04-19,1996-06-09,1996-04-30,DELIVER IN PERSON,RAIL,r foxes grow slyly foxe
43878-4,43878,448,36,4,50.00,67422.00,0.01,0.02,N,O,1996-05-11,1996-06-08,1996-05-19,DELIVER IN PERSON,AIR,"its are ironic, even a"
43878-5,43878,1177,86,5,11.00,11859.87,0.04,0.03,N,O,1996-05-07,1996-04-28,1996-05-26,TAKE BACK RETURN,REG AIR,ies could have to cajole 
43879-1,43879,250,32,1,17.00,19554.25,0.00,0.03,R,F,1993-09-28,1993-11-04,1993-10-16,COLLECT COD,SHIP,e blithely ironic requests 
43879-2,43879,866,67,2,37.00,65373.82,0.10,0.07,A,F,1993-09-16,1993-11-06,1993-10-09,TAKE BACK RETURN,RAIL,r platelets haggle sile
43904-1,43904,1428,7,1,30.00,39882.60,0.01,0.04,A,F,1993-08-19,1993-06-04,1993-08-22,TAKE BACK RETURN,REG AIR,s cajole carefully. carefully u
43904-2,43904,525,56,2,15.00,21382.80,0.08,0.03,A,F,1993-07-13,1993-07-28,1993-08-10,DELIVER IN PERSON,SHIP,lar deposits haggle furiously abov
43904-3,43904,24,50,3,9.00,8316.18,0.00,0.06,R,F,1993-08-01,1993-06-25,1993-08-14,COLLECT COD,SHIP,s after the qu
43904-4,43904,1360,99,4,23.00,29011.28,0.04,0.05,A,F,1993-06-18,1993-07-27,1993-06-21,COLLECT COD,AIR,arefully e
43905-1,43905,1838,25,1,21.00,36536.43,0.08,0.02,N,O,1998-03-18,1998-03-13,1998-04-15,NONE,SHIP,lyly unusual as
43905-2,43905,1205,43,2,1.00,1106.20,0.08,0.07,N,O,1998-04-21,1998-03-21,1998-05-07,DELIVER IN PERSON,TRUCK,hely regular ideas sleep blit
43905-3,43905,979,80,3,8.00,15039.76,0.03,0.04,N,O,1998-04-23,1998-04-06,1998-05-20,COLLECT COD,MAIL,"inst the ironic, r"
43905-4,43905,1859,89,4,26.00,45782.10,0.06,0.03,N,O,1998-06-01,1998-04-09,1998-06-15,COLLECT COD,MAIL, final packages wake slyly pen
43906-1,43906,453,83,1,35.00,47370.75,0.02,0.01,R,F,1992-05-26,1992-03-13,1992-06-07,COLLECT COD,TRUCK, unusual packag
43906-2,43906,708,73,2,37.00,59521.90,0.06,0.05,A,F,1992-06-06,1992-04-11,1992-06-09,NONE,TRUCK,cross the si
43906-3,43906,1713,98,3,15.00,24220.65,0.10,0.06,A,F,1992-05-17,1992-04-13,1992-06-16,DELIVER IN PERSON,SHIP,unusual deposits
43906-4,43906,1664,6,4,18.00,28181.88,0.05,0.03,R,F,1992-04-12,1992-04-10,1992-04-26,TAKE BACK RETURN,RAIL,osits along the pending inst
43907-1,43907,1000,3,1,26.00,23426.00,0.05,0.08,R,F,1992-09-25,1992-10-04,1992-10-14,NONE,TRUCK,late carefully among the quickly final acco
43907-2,43907,462,63,2,3.00,4087.38,0.05,0.03,A,F,1992-08-31,1992-09-09,1992-09-08,DELIVER IN PERSON,REG AIR,ithely regular asymptotes i
43907-3,43907,974,75,3,35.00,65623.95,0.08,0.04,R,F,1992-10-26,1992-09-01,1992-11-12,TAKE BACK RETURN,TRUCK, quickly bold accounts. furious
43908-1,43908,284,85,1,12.00,14211.36,0.04,0.05,N,O,1998-04-16,1998-03-14,1998-05-08,NONE,REG AIR,s. even pinto beans cajole
43908-2,43908,623,55,2,2.00,3047.24,0.07,0.08,N,O,1998-04-02,1998-04-01,1998-04-16,NONE,SHIP,ackages wake
43908-3,43908,352,81,3,46.00,57608.10,0.01,0.08,N,O,1998-02-10,1998-03-21,1998-02-13,NONE,SHIP, about the carefully r
43909-1,43909,550,41,1,15.00,21758.25,0.06,0.07,A,F,1994-04-13,1994-02-25,1994-05-10,COLLECT COD,MAIL,nts according to the furiously un
43909-2,43909,749,46,2,29.00,47842.46,0.00,0.06,A,F,1994-03-05,1994-03-26,1994-03-22,TAKE BACK RETURN,AIR,. furiously 
43910-1,43910,883,17,1,13.00,23190.44,0.08,0.07,N,O,1997-07-04,1997-05-25,1997-07-19,TAKE BACK RETURN,FOB,slyly pendi
43910-2,43910,1483,1,2,39.00,53994.72,0.06,0.07,N,O,1997-07-10,1997-05-04,1997-07-22,DELIVER IN PERSON,TRUCK,pades. slyly unusual pinto beans wake 
43911-1,43911,156,9,1,7.00,7393.05,0.08,0.05,A,F,1994-03-27,1994-02-15,1994-04-06,NONE,TRUCK,s boost blithely by the expr
43911-2,43911,1619,20,2,12.00,18247.32,0.09,0.07,R,F,1994-03-07,1994-02-17,1994-03-23,COLLECT COD,MAIL,ic packages according to the furio
43911-3,43911,1762,89,3,6.00,9982.56,0.09,0.02,R,F,1994-05-07,1994-02-18,1994-05-23,TAKE BACK RETURN,TRUCK,"ts. permanent, express theo"
43911-4,43911,1271,46,4,45.00,52752.15,0.04,0.04,A,F,1994-02-17,1994-04-14,1994-03-10,TAKE BACK RETURN,REG AIR,ly unusual foxes above t
43911-5,43911,53,79,5,16.00,15248.80,0.04,0.06,A,F,1994-05-14,1994-03-08,1994-05-29,NONE,SHIP, bold multipliers h
43936-1,43936,1535,16,1,25.00,35913.25,0.03,0.07,R,F,1993-05-03,1993-06-01,1993-05-14,DELIVER IN PERSON,FOB,ut the pending packages. idle packages h
43936-2,43936,630,62,2,38.00,58163.94,0.01,0.02,R,F,1993-06-21,1993-05-07,1993-06-29,NONE,REG AIR, blithely across the special 
43936-3,43936,1271,9,3,23.00,26962.21,0.08,0.01,R,F,1993-07-02,1993-05-16,1993-07-06,DELIVER IN PERSON,MAIL,nooze according to the blithel
43936-4,43936,12,13,4,8.00,7296.08,0.08,0.01,A,F,1993-06-14,1993-04-25,1993-07-09,COLLECT COD,SHIP,y furiously silent foxes. c
43936-5,43936,188,67,5,3.00,3264.54,0.01,0.01,R,F,1993-07-06,1993-05-28,1993-07-29,DELIVER IN PERSON,REG AIR,tterns after the final deposits boos
43937-1,43937,1092,98,1,4.00,3972.36,0.09,0.00,A,F,1992-06-22,1992-04-16,1992-06-23,NONE,MAIL,inal ideas across the c
43937-2,43937,603,97,2,41.00,61647.60,0.02,0.05,R,F,1992-07-09,1992-06-05,1992-07-23,TAKE BACK RETURN,FOB, regular platelets cajole slyly carefu
43938-1,43938,1212,50,1,31.00,34509.51,0.04,0.01,N,O,1998-02-07,1998-01-01,1998-03-01,COLLECT COD,TRUCK,kly special requests might hag
43938-2,43938,1734,61,2,24.00,39257.52,0.00,0.04,N,O,1998-02-19,1997-12-16,1998-03-11,DELIVER IN PERSON,REG AIR,s haggle slyly 
43938-3,43938,1483,1,3,15.00,20767.20,0.04,0.08,N,O,1998-01-11,1997-12-09,1998-01-26,NONE,AIR,the regular accounts. 
43938-4,43938,1746,31,4,22.00,36250.28,0.08,0.06,N,O,1998-01-31,1997-11-30,1998-02-10,NONE,FOB,quests haggle carefully quickly 
43938-5,43938,12,38,5,3.00,2736.03,0.07,0.02,N,O,1998-02-12,1997-12-19,1998-02-16,NONE,MAIL,y evenly special Tiresias. closely 
43938-6,43938,1115,88,6,15.00,15241.65,0.03,0.06,N,O,1997-12-20,1997-12-16,1998-01-07,COLLECT COD,TRUCK,"posits. express, unusual excuses are blithe"
43938-7,43938,628,22,7,5.00,7643.10,0.08,0.08,N,O,1998-01-28,1997-12-02,1998-02-17,DELIVER IN PERSON,SHIP,ly final accou
43939-1,43939,1556,97,1,23.00,33523.65,0.02,0.06,R,F,1994-03-15,1994-04-18,1994-04-10,DELIVER IN PERSON,TRUCK,"ages cajole across the regular, unusual asy"
43939-2,43939,885,19,2,6.00,10715.28,0.05,0.01,R,F,1994-04-05,1994-03-20,1994-04-14,COLLECT COD,MAIL,pendencies acc
43939-3,43939,1118,19,3,19.00,19363.09,0.09,0.02,R,F,1994-05-05,1994-04-07,1994-05-29,COLLECT COD,REG AIR,en theodolites after t
43939-4,43939,564,55,4,14.00,20503.84,0.03,0.03,A,F,1994-05-06,1994-03-29,1994-05-12,TAKE BACK RETURN,SHIP, blithely ironic deposits sleep alo
43940-1,43940,323,8,1,41.00,50156.12,0.02,0.05,A,F,1993-02-28,1993-05-06,1993-03-02,TAKE BACK RETURN,FOB,ns sleep. carefully regular deposits affi
43940-2,43940,1188,89,2,16.00,17426.88,0.03,0.04,R,F,1993-04-25,1993-04-23,1993-05-04,NONE,RAIL,furiously. permanent accou
43940-3,43940,437,67,3,32.00,42797.76,0.09,0.08,R,F,1993-05-28,1993-05-13,1993-06-07,COLLECT COD,FOB, pinto beans wake fi
43940-4,43940,1912,13,4,27.00,48975.57,0.01,0.05,R,F,1993-04-15,1993-04-29,1993-05-15,TAKE BACK RETURN,TRUCK,p furiously near th
43940-5,43940,623,86,5,1.00,1523.62,0.07,0.02,A,F,1993-04-05,1993-04-15,1993-04-22,TAKE BACK RETURN,REG AIR, even deposits. regular acco
43940-6,43940,1885,86,6,32.00,57180.16,0.02,0.03,A,F,1993-05-03,1993-04-02,1993-05-07,TAKE BACK RETURN,MAIL,ely regular deposits. regular packages h
43941-1,43941,1649,32,1,11.00,17057.04,0.08,0.06,N,O,1997-03-31,1997-03-16,1997-04-12,NONE,TRUCK,fully: unusual theodolites use quickl
43942-1,43942,670,71,1,20.00,31413.40,0.03,0.07,N,O,1996-10-26,1996-11-02,1996-11-06,NONE,SHIP,nic accounts. brai
43942-2,43942,1766,51,2,24.00,40026.24,0.05,0.04,N,O,1996-09-26,1996-10-18,1996-10-10,TAKE BACK RETURN,RAIL, packages! per
43942-3,43942,1762,5,3,19.00,31611.44,0.10,0.05,N,O,1996-10-30,1996-10-10,1996-11-23,TAKE BACK RETURN,MAIL,silent packages according to the furiou
43942-4,43942,268,96,4,47.00,54908.22,0.08,0.05,N,O,1996-09-03,1996-11-01,1996-10-01,TAKE BACK RETURN,TRUCK, even multipliers cajole carefully.
43942-5,43942,522,53,5,3.00,4267.56,0.10,0.04,N,O,1996-10-25,1996-11-12,1996-11-24,COLLECT COD,REG AIR,fully express th
43942-6,43942,1146,83,6,18.00,18848.52,0.07,0.08,N,O,1996-11-18,1996-09-20,1996-12-12,COLLECT COD,SHIP,"nal pinto beans. final, even deposits sleep"
43942-7,43942,1093,29,7,36.00,35787.24,0.02,0.06,N,O,1996-08-27,1996-11-16,1996-09-15,COLLECT COD,FOB, sleep quickly according to
43943-1,43943,1872,73,1,33.00,58537.71,0.07,0.02,N,O,1997-12-23,1998-01-07,1997-12-27,NONE,TRUCK,sits boost. courts e
43943-2,43943,1633,16,2,33.00,50642.79,0.00,0.04,N,O,1997-11-15,1997-12-14,1997-11-17,DELIVER IN PERSON,REG AIR,"eep carefully with the regular, bold d"
43968-1,43968,397,26,1,2.00,2594.78,0.04,0.03,N,O,1996-12-28,1996-11-17,1996-12-31,COLLECT COD,MAIL,even platelets cajole furious
43968-2,43968,1736,21,2,49.00,80248.77,0.01,0.04,N,O,1996-10-17,1996-10-11,1996-11-03,NONE,REG AIR,aggle blith
43969-1,43969,400,85,1,48.00,62419.20,0.06,0.01,N,O,1998-09-01,1998-09-15,1998-09-18,NONE,REG AIR,luffily final gifts haggle. car
43969-2,43969,1485,64,2,36.00,49913.28,0.08,0.01,N,O,1998-11-24,1998-09-03,1998-12-24,DELIVER IN PERSON,TRUCK,al excuses wake blithely bo
43969-3,43969,1904,37,3,21.00,37923.90,0.08,0.03,N,O,1998-10-16,1998-08-28,1998-10-26,DELIVER IN PERSON,SHIP,eposits. slyly ironic deposit
43969-4,43969,1585,26,4,47.00,69869.26,0.04,0.02,N,O,1998-09-06,1998-10-14,1998-09-13,COLLECT COD,SHIP,ependencies haggle furiously across the exp
43969-5,43969,860,94,5,20.00,35217.20,0.06,0.08,N,O,1998-08-07,1998-09-13,1998-08-13,DELIVER IN PERSON,TRUCK, packages. special request
43970-1,43970,590,91,1,22.00,32792.98,0.03,0.04,R,F,1993-11-11,1993-10-13,1993-11-24,COLLECT COD,SHIP,c packages. fu
43971-1,43971,701,98,1,42.00,67271.40,0.03,0.01,N,O,1996-05-29,1996-05-14,1996-06-23,COLLECT COD,TRUCK, the slyly final accounts use 
43971-2,43971,185,64,2,12.00,13022.16,0.00,0.03,N,O,1996-07-14,1996-05-30,1996-08-05,COLLECT COD,MAIL,he slyly regular platelets. ironic req
43971-3,43971,310,11,3,6.00,7261.86,0.07,0.02,N,O,1996-05-24,1996-05-20,1996-06-12,DELIVER IN PERSON,SHIP,ly express ideas:
43972-1,43972,885,19,1,42.00,75006.96,0.10,0.04,R,F,1993-05-04,1993-05-30,1993-05-08,NONE,TRUCK,es. carefully express deposits wake slyly
43972-2,43972,1301,78,2,3.00,3606.90,0.09,0.02,R,F,1993-07-07,1993-06-13,1993-07-10,TAKE BACK RETURN,REG AIR,y bold pinto beans use slyly. eve
43972-3,43972,1239,40,3,47.00,53590.81,0.07,0.08,A,F,1993-03-25,1993-05-08,1993-04-23,TAKE BACK RETURN,RAIL," around the even, special theod"
43972-4,43972,1236,48,4,43.00,48900.89,0.08,0.03,R,F,1993-03-25,1993-05-09,1993-03-26,TAKE BACK RETURN,FOB,ld accounts integrate fluffil
43972-5,43972,1029,35,5,30.00,27900.60,0.05,0.07,R,F,1993-06-03,1993-05-13,1993-06-26,NONE,AIR,lyly. furiously 
43972-6,43972,879,79,6,32.00,56955.84,0.03,0.01,R,F,1993-07-11,1993-04-30,1993-07-29,DELIVER IN PERSON,AIR,sual theodolites haggle. sl
43973-1,43973,1789,74,1,26.00,43960.28,0.01,0.05,N,O,1998-02-04,1998-03-12,1998-02-14,COLLECT COD,MAIL,mptotes. slyly regula
43973-2,43973,1473,52,2,38.00,52229.86,0.03,0.03,N,O,1998-03-16,1998-04-11,1998-03-21,COLLECT COD,TRUCK,"idle, ironic requests. quickly express de"
43973-3,43973,1382,83,3,6.00,7700.28,0.08,0.05,N,O,1998-04-15,1998-02-25,1998-05-01,TAKE BACK RETURN,RAIL,quickly. express f
43973-4,43973,1117,90,4,23.00,23416.53,0.09,0.04,N,O,1998-05-01,1998-02-18,1998-05-28,DELIVER IN PERSON,MAIL,"e the ironic, silent instructions."
43973-5,43973,62,13,5,33.00,31747.98,0.10,0.06,N,O,1998-03-12,1998-04-03,1998-03-23,NONE,TRUCK,le pinto be
43973-6,43973,413,72,6,50.00,65670.50,0.02,0.05,N,O,1998-05-05,1998-04-01,1998-05-13,COLLECT COD,TRUCK,ely pending packages are blithely furiously
43973-7,43973,24,75,7,2.00,1848.04,0.03,0.07,N,O,1998-05-01,1998-02-18,1998-05-29,TAKE BACK RETURN,AIR,eposits ca
43974-1,43974,1392,93,1,27.00,34921.53,0.03,0.00,A,F,1994-10-13,1994-12-14,1994-11-02,TAKE BACK RETURN,SHIP,ely ironic deposits. carefully pending
43974-2,43974,1280,92,2,35.00,41344.80,0.00,0.01,R,F,1994-12-14,1994-11-13,1995-01-13,NONE,MAIL,ly even packages. bold requests are quickl
43975-1,43975,838,72,1,43.00,74769.69,0.07,0.06,A,F,1995-02-20,1995-03-17,1995-03-18,COLLECT COD,SHIP,e furiously blithely ironic 
43975-2,43975,987,56,2,10.00,18879.80,0.01,0.03,A,F,1995-04-02,1995-03-15,1995-04-12,COLLECT COD,REG AIR,ts about the carefull
43975-3,43975,149,28,3,29.00,30425.06,0.01,0.02,A,F,1995-01-30,1995-02-25,1995-02-18,COLLECT COD,MAIL,fluffily slow theodolites. even platelets 
43975-4,43975,1556,97,4,17.00,24778.35,0.09,0.00,R,F,1995-01-06,1995-04-03,1995-01-23,TAKE BACK RETURN,REG AIR,ers try to boost carefully.
44000-1,44000,1253,91,1,3.00,3462.75,0.08,0.00,R,F,1992-10-08,1992-12-06,1992-11-05,DELIVER IN PERSON,SHIP,"cross the bold, final de"
44000-2,44000,1232,70,2,20.00,22664.60,0.05,0.04,R,F,1992-10-14,1992-12-08,1992-11-13,NONE,REG AIR,ccounts af
44000-3,44000,38,39,3,50.00,46901.50,0.09,0.01,A,F,1992-11-23,1992-12-19,1992-11-27,DELIVER IN PERSON,MAIL,"l, express requests except the furiou"
44000-4,44000,1694,95,4,19.00,30318.11,0.05,0.04,R,F,1992-12-28,1992-12-26,1993-01-06,NONE,TRUCK,ccording to the furio
44000-5,44000,1502,23,5,19.00,26666.50,0.08,0.08,R,F,1993-01-30,1992-12-27,1993-02-11,DELIVER IN PERSON,RAIL,"ackages. regular, special requests "
44000-6,44000,510,1,6,8.00,11284.08,0.00,0.06,R,F,1992-12-29,1992-12-03,1993-01-02,NONE,SHIP,ructions. fluffily final dolphins 
44000-7,44000,142,69,7,27.00,28137.78,0.01,0.08,R,F,1993-01-22,1992-12-15,1993-01-31,COLLECT COD,SHIP,ages affix courts. furiously even pinto
44001-1,44001,1332,9,1,33.00,40699.89,0.00,0.07,N,O,1997-11-09,1997-11-03,1997-12-06,DELIVER IN PERSON,RAIL,cajole against the furiou
44001-2,44001,1357,58,2,35.00,44042.25,0.07,0.01,N,O,1997-11-25,1997-11-20,1997-12-23,DELIVER IN PERSON,FOB,he carefully
44001-3,44001,194,73,3,49.00,53615.31,0.10,0.08,N,O,1997-11-01,1997-12-19,1997-11-26,TAKE BACK RETURN,SHIP,its. regular p
44002-1,44002,1329,6,1,41.00,50443.12,0.10,0.03,R,F,1994-05-26,1994-03-11,1994-06-02,DELIVER IN PERSON,AIR,platelets boost furiously regula
44002-2,44002,1148,57,2,12.00,12589.68,0.07,0.05,A,F,1994-02-21,1994-04-25,1994-02-28,TAKE BACK RETURN,SHIP,are furious
44002-3,44002,303,88,3,13.00,15642.90,0.03,0.07,A,F,1994-02-27,1994-04-03,1994-03-13,NONE,SHIP,slowly regular requests! theodolites are
44002-4,44002,815,15,4,28.00,48042.68,0.03,0.04,A,F,1994-04-26,1994-04-23,1994-05-24,TAKE BACK RETURN,AIR,ly even deposits wake fu
44002-5,44002,734,35,5,18.00,29425.14,0.01,0.02,A,F,1994-03-10,1994-03-17,1994-03-26,COLLECT COD,FOB,iously final requests. foxes cajole sly
44003-1,44003,255,83,1,28.00,32347.00,0.07,0.02,N,O,1996-02-10,1995-12-31,1996-03-04,TAKE BACK RETURN,AIR, final packag
44003-2,44003,209,91,2,45.00,49914.00,0.00,0.03,N,O,1996-02-12,1996-01-02,1996-02-18,COLLECT COD,SHIP,refully even requests sleep about the 
44003-3,44003,267,95,3,7.00,8170.82,0.07,0.04,N,O,1996-01-25,1996-01-01,1996-02-14,COLLECT COD,REG AIR, haggle fluffily carefully 
44003-4,44003,249,31,4,2.00,2298.48,0.04,0.00,N,O,1996-02-21,1996-02-08,1996-03-17,COLLECT COD,FOB,"x carefully. even, ironic re"
44004-1,44004,697,91,1,43.00,68700.67,0.04,0.02,N,O,1995-11-16,1995-10-04,1995-11-21,COLLECT COD,SHIP,ions about the ironic courts sleep slyly 
44004-2,44004,1902,3,2,13.00,23450.70,0.03,0.00,N,O,1995-10-16,1995-10-07,1995-10-31,TAKE BACK RETURN,RAIL,ons. blithely re
44004-3,44004,1501,42,3,20.00,28050.00,0.00,0.02,N,O,1995-11-08,1995-09-29,1995-12-05,DELIVER IN PERSON,SHIP,ests. blithely pending asymptot
44005-1,44005,1466,84,1,6.00,8204.76,0.07,0.03,R,F,1993-12-24,1993-11-01,1994-01-01,COLLECT COD,SHIP,l accounts caj
44006-1,44006,138,39,1,41.00,42563.33,0.03,0.06,N,O,1998-05-18,1998-05-08,1998-06-10,DELIVER IN PERSON,AIR,ronic deposits a
44007-1,44007,1749,92,1,30.00,49522.20,0.07,0.08,N,O,1995-07-22,1995-08-09,1995-08-01,NONE,REG AIR,ously even
44032-1,44032,1624,25,1,12.00,18307.44,0.07,0.05,R,F,1993-04-20,1993-06-17,1993-04-23,COLLECT COD,RAIL,ideas. blithely pending accounts detect
44032-2,44032,1471,72,2,12.00,16469.64,0.07,0.08,A,F,1993-07-16,1993-06-25,1993-08-08,TAKE BACK RETURN,FOB,t the even hockey players wake blithely abo
44032-3,44032,838,5,3,41.00,71292.03,0.08,0.08,A,F,1993-05-18,1993-06-02,1993-06-05,DELIVER IN PERSON,REG AIR, courts are above the reg
44032-4,44032,1865,95,4,33.00,58306.38,0.08,0.00,A,F,1993-05-21,1993-06-28,1993-06-09,TAKE BACK RETURN,REG AIR,y express instructions. 
44032-5,44032,1628,70,5,11.00,16825.82,0.10,0.02,R,F,1993-04-10,1993-06-06,1993-04-21,TAKE BACK RETURN,REG AIR,ouches above the
44032-6,44032,1179,80,6,13.00,14042.21,0.10,0.00,R,F,1993-06-09,1993-06-10,1993-06-26,NONE,FOB,ly bold instructio
44032-7,44032,906,75,7,19.00,34331.10,0.07,0.03,A,F,1993-04-30,1993-05-24,1993-05-04,NONE,TRUCK,ly regular deposits. quickl
44033-1,44033,406,94,1,47.00,61400.80,0.08,0.05,R,F,1992-03-14,1992-03-21,1992-03-18,COLLECT COD,RAIL,tterns cajole slyly. blithely regular acc
44034-1,44034,1678,20,1,28.00,44230.76,0.07,0.03,N,O,1996-06-22,1996-08-09,1996-07-09,DELIVER IN PERSON,TRUCK,final accounts integrate sly
44034-2,44034,865,99,2,30.00,52975.80,0.10,0.05,N,O,1996-09-10,1996-07-27,1996-10-08,COLLECT COD,RAIL,lites haggle slyly iro
44034-3,44034,319,4,3,26.00,31702.06,0.10,0.01,N,O,1996-08-01,1996-09-06,1996-08-09,TAKE BACK RETURN,RAIL,iously express requests need to are foxes
44034-4,44034,1021,27,4,50.00,46101.00,0.08,0.07,N,O,1996-09-12,1996-09-13,1996-09-14,DELIVER IN PERSON,MAIL, are. fluffily bold accou
44034-5,44034,1443,22,5,1.00,1344.44,0.05,0.08,N,O,1996-08-09,1996-07-17,1996-08-19,COLLECT COD,MAIL,old blithely fluffily regular
44035-1,44035,255,10,1,19.00,21949.75,0.09,0.01,A,F,1992-02-28,1992-05-21,1992-03-09,TAKE BACK RETURN,MAIL,s integrate. packages might ha
44036-1,44036,389,46,1,20.00,25787.60,0.07,0.06,R,F,1992-04-19,1992-03-19,1992-04-20,NONE,RAIL, instructions. pending packages sublate a
44037-1,44037,1118,19,1,26.00,26496.86,0.09,0.07,R,F,1992-07-03,1992-08-10,1992-07-12,DELIVER IN PERSON,FOB,the ironic pinto beans. carefully even t
44037-2,44037,360,45,2,13.00,16384.68,0.06,0.02,A,F,1992-09-15,1992-09-24,1992-09-20,NONE,SHIP,ss the regular excus
44037-3,44037,497,27,3,25.00,34937.25,0.08,0.03,A,F,1992-07-24,1992-07-30,1992-08-12,DELIVER IN PERSON,REG AIR,y final theodolite
44037-4,44037,60,61,4,21.00,20161.26,0.10,0.02,A,F,1992-07-20,1992-08-24,1992-07-31,DELIVER IN PERSON,TRUCK,aggle thinly along the c
44037-5,44037,1211,86,5,21.00,23356.41,0.04,0.02,R,F,1992-08-24,1992-09-18,1992-09-20,NONE,SHIP,ges. even dependencies cajol
44037-6,44037,54,5,6,11.00,10494.55,0.03,0.01,A,F,1992-07-11,1992-07-31,1992-08-01,NONE,SHIP,engage slyly furiously r
44038-1,44038,577,38,1,31.00,45804.67,0.10,0.04,N,O,1997-06-22,1997-06-28,1997-07-20,DELIVER IN PERSON,FOB,eposits hag
44038-2,44038,1090,26,2,14.00,13875.26,0.01,0.06,N,O,1997-05-30,1997-07-12,1997-06-05,NONE,MAIL, furiously alongsi
44039-1,44039,424,12,1,41.00,54301.22,0.07,0.00,N,O,1996-09-28,1996-12-15,1996-10-14,COLLECT COD,SHIP, blithely. escapades 
44039-2,44039,1191,100,2,26.00,28396.94,0.03,0.01,N,O,1996-11-02,1996-11-06,1996-11-06,DELIVER IN PERSON,FOB,-- furiously even pinto beans haggle f
44064-1,44064,1263,64,1,36.00,41913.36,0.10,0.07,R,F,1993-04-23,1993-04-05,1993-05-07,DELIVER IN PERSON,FOB,accounts according to the
44064-2,44064,123,2,2,41.00,41947.92,0.05,0.01,A,F,1993-04-12,1993-05-15,1993-05-02,COLLECT COD,SHIP,s. furiously even 
44065-1,44065,634,97,1,15.00,23019.45,0.00,0.06,R,F,1993-10-28,1993-09-07,1993-11-06,DELIVER IN PERSON,TRUCK,kages about the carefully b
44065-2,44065,1402,20,2,45.00,58653.00,0.02,0.05,A,F,1993-09-28,1993-09-11,1993-10-17,COLLECT COD,AIR,d slyly. slyly even 
44065-3,44065,594,85,3,47.00,70245.73,0.09,0.06,R,F,1993-07-12,1993-08-11,1993-07-26,DELIVER IN PERSON,REG AIR,l requests
44065-4,44065,394,23,4,3.00,3883.17,0.05,0.04,R,F,1993-10-31,1993-09-11,1993-11-14,TAKE BACK RETURN,RAIL,"yly pending packages. quick, re"
44065-5,44065,1344,83,5,49.00,61021.66,0.01,0.03,A,F,1993-08-01,1993-08-24,1993-08-19,TAKE BACK RETURN,TRUCK,l accounts are
44066-1,44066,978,13,1,23.00,43216.31,0.01,0.06,N,O,1997-07-04,1997-06-13,1997-08-02,TAKE BACK RETURN,TRUCK,lar accounts p
44066-2,44066,1543,84,2,20.00,28890.80,0.06,0.02,N,O,1997-06-19,1997-05-30,1997-07-10,NONE,AIR,e stealthily blithely ironic
44066-3,44066,393,94,3,4.00,5173.56,0.07,0.02,N,O,1997-06-23,1997-07-21,1997-07-04,NONE,AIR,. carefully final epitaphs wake fluffil
44066-4,44066,971,6,4,7.00,13103.79,0.06,0.04,N,O,1997-08-17,1997-07-14,1997-09-08,DELIVER IN PERSON,MAIL,cajole after the theodolites. fur
44066-5,44066,1841,71,5,40.00,69713.60,0.09,0.03,N,O,1997-08-15,1997-06-25,1997-08-28,NONE,MAIL,he thinly final platele
44066-6,44066,1154,55,6,13.00,13716.95,0.00,0.00,N,O,1997-06-11,1997-07-18,1997-06-20,TAKE BACK RETURN,REG AIR, wake quickly according 
44067-1,44067,254,82,1,29.00,33473.25,0.09,0.03,N,O,1997-02-10,1997-01-23,1997-03-04,TAKE BACK RETURN,AIR, cajole furiously against the slyly 
44067-2,44067,216,71,2,28.00,31253.88,0.02,0.03,N,O,1996-12-18,1997-01-24,1996-12-25,DELIVER IN PERSON,FOB,. slyly ironic accounts haggle after the 
44067-3,44067,667,61,3,5.00,7838.30,0.08,0.01,N,O,1997-03-07,1997-01-09,1997-03-21,TAKE BACK RETURN,REG AIR,se furiously express foxes. caref
44067-4,44067,628,91,4,36.00,55030.32,0.07,0.07,N,O,1996-12-07,1997-01-15,1996-12-26,TAKE BACK RETURN,AIR,g the deposits haggle blithely above the 
44068-1,44068,1017,53,1,33.00,30294.33,0.05,0.08,A,F,1995-05-24,1995-07-08,1995-05-26,DELIVER IN PERSON,RAIL,"y pending packages. ironic, unusual the"
44068-2,44068,1327,42,2,33.00,40534.56,0.02,0.06,A,F,1995-05-31,1995-07-27,1995-06-16,NONE,SHIP,kages cajole special notornis. slyly ironic
44068-3,44068,87,88,3,39.00,38496.12,0.00,0.00,N,O,1995-09-05,1995-06-12,1995-09-25,DELIVER IN PERSON,AIR,lithely express fox
44068-4,44068,1054,25,4,41.00,39157.05,0.02,0.02,N,O,1995-07-13,1995-06-27,1995-08-03,COLLECT COD,MAIL,"e ruthlessly regular packages. regular, unu"
44069-1,44069,634,35,1,11.00,16880.93,0.08,0.05,A,F,1994-03-23,1994-03-25,1994-04-02,NONE,REG AIR,"ages are about the ironic, even reques"
44069-2,44069,986,55,2,49.00,92462.02,0.01,0.08,R,F,1994-04-09,1994-02-22,1994-05-06,TAKE BACK RETURN,MAIL,efully regular deposits nag. f
44069-3,44069,1966,99,3,38.00,70982.48,0.09,0.03,R,F,1994-04-22,1994-03-02,1994-04-27,COLLECT COD,TRUCK,ts against the blithely regula
44069-4,44069,1908,53,4,1.00,1809.90,0.05,0.08,R,F,1994-03-30,1994-02-16,1994-04-01,NONE,SHIP,ns lose alo
44070-1,44070,1965,10,1,17.00,31738.32,0.02,0.08,N,O,1997-09-28,1997-12-15,1997-10-26,COLLECT COD,REG AIR,he blithely ironic re
44070-2,44070,1476,55,2,19.00,26171.93,0.10,0.00,N,O,1997-11-21,1997-10-26,1997-12-12,NONE,RAIL,ect furiously from the blithely pending 
44070-3,44070,448,7,3,24.00,32362.56,0.08,0.07,N,O,1997-12-01,1997-10-31,1997-12-21,DELIVER IN PERSON,SHIP,"nooze blithely final, regular ins"
44070-4,44070,731,32,4,25.00,40793.25,0.06,0.05,N,O,1997-12-10,1997-11-02,1998-01-09,COLLECT COD,REG AIR,even deposits impress quickly ironic 
44070-5,44070,479,80,5,46.00,63455.62,0.07,0.07,N,O,1997-12-28,1997-12-07,1998-01-03,TAKE BACK RETURN,TRUCK,regular asymptotes hinder fur
44070-6,44070,1505,26,6,14.00,19691.00,0.09,0.04,N,O,1997-12-25,1997-11-30,1998-01-21,NONE,REG AIR,ular deposits. slyl
44070-7,44070,1422,62,7,15.00,19851.30,0.01,0.00,N,O,1997-10-18,1997-12-15,1997-10-28,DELIVER IN PERSON,RAIL,y regular ideas haggle blithely fin
44071-1,44071,1628,29,1,37.00,56595.94,0.09,0.01,A,F,1992-05-18,1992-06-01,1992-05-21,TAKE BACK RETURN,TRUCK,into beans. furiously ironic dolphin
44071-2,44071,827,28,2,6.00,10366.92,0.00,0.07,A,F,1992-04-17,1992-06-14,1992-04-30,TAKE BACK RETURN,SHIP,tes haggle slyly care
44071-3,44071,815,82,3,27.00,46326.87,0.04,0.07,R,F,1992-05-14,1992-06-20,1992-05-26,TAKE BACK RETURN,MAIL,ding to the regul
44071-4,44071,1236,48,4,29.00,32979.67,0.04,0.05,A,F,1992-08-08,1992-05-27,1992-08-10,COLLECT COD,TRUCK,lithely regular request
44096-1,44096,1220,21,1,15.00,16818.30,0.03,0.02,N,O,1997-05-30,1997-03-22,1997-06-19,TAKE BACK RETURN,FOB,pinto beans. instructions nag carefully a
44096-2,44096,648,49,2,15.00,23229.60,0.06,0.07,N,O,1997-03-26,1997-04-17,1997-04-11,TAKE BACK RETURN,TRUCK,aring platelets. fluffily unusual grou
44096-3,44096,129,8,3,39.00,40135.68,0.07,0.05,N,O,1997-03-27,1997-04-29,1997-04-16,NONE,FOB,"onic, enticing asymptotes. slyly regula"
44096-4,44096,15,41,4,13.00,11895.13,0.00,0.01,N,O,1997-03-19,1997-03-26,1997-04-11,NONE,MAIL,y final requests. fur
44096-5,44096,196,75,5,39.00,42751.41,0.00,0.07,N,O,1997-03-30,1997-04-23,1997-04-29,NONE,MAIL,ions. foxes boost furiously. special
44096-6,44096,1521,42,6,45.00,64013.40,0.01,0.03,N,O,1997-01-30,1997-04-23,1997-02-07,COLLECT COD,FOB,e regularl
44096-7,44096,278,79,7,17.00,20030.59,0.03,0.00,N,O,1997-04-22,1997-04-13,1997-05-11,DELIVER IN PERSON,AIR,ts. blithely pe
44097-1,44097,1949,38,1,10.00,18509.40,0.06,0.08,N,O,1996-03-01,1996-01-23,1996-03-14,DELIVER IN PERSON,RAIL, sleep. quickly bold
44097-2,44097,1850,94,2,4.00,7007.40,0.07,0.00,N,O,1996-02-10,1996-03-07,1996-02-25,DELIVER IN PERSON,SHIP,brave theodolites could
44098-1,44098,1896,97,1,40.00,71915.60,0.10,0.06,A,F,1993-03-31,1993-04-12,1993-04-10,NONE,MAIL,y blithely regular instruct
44098-2,44098,156,83,2,21.00,22179.15,0.05,0.00,A,F,1993-05-27,1993-03-27,1993-06-11,COLLECT COD,TRUCK, deposits affix furiously. fluffily i
44098-3,44098,451,39,3,32.00,43246.40,0.06,0.07,A,F,1993-04-28,1993-03-05,1993-05-01,NONE,TRUCK,t the blithely even instructions. 
44098-4,44098,209,37,4,43.00,47695.60,0.05,0.01,A,F,1993-02-25,1993-04-06,1993-03-04,TAKE BACK RETURN,RAIL,telets. regular instruct
44098-5,44098,1618,1,5,18.00,27352.98,0.08,0.01,A,F,1993-03-20,1993-03-29,1993-03-31,TAKE BACK RETURN,RAIL,ecial request
44098-6,44098,1668,92,6,30.00,47089.80,0.07,0.00,A,F,1993-02-10,1993-04-26,1993-02-28,COLLECT COD,FOB,odolites sleep slyly. regular depende
44099-1,44099,101,54,1,10.00,10011.00,0.09,0.07,R,F,1992-06-04,1992-05-07,1992-06-16,TAKE BACK RETURN,RAIL,less theodolites cajole unusual ideas. furi
44099-2,44099,1073,79,2,24.00,23377.68,0.01,0.04,R,F,1992-04-29,1992-05-11,1992-05-01,TAKE BACK RETURN,SHIP,requests about the furiously unusual w
44099-3,44099,356,85,3,24.00,30152.40,0.05,0.03,A,F,1992-05-11,1992-05-03,1992-05-30,TAKE BACK RETURN,AIR, pinto beans haggle along
44099-4,44099,278,79,4,28.00,32991.56,0.02,0.00,R,F,1992-04-08,1992-05-02,1992-04-24,NONE,REG AIR,"ironic, ev"
44099-5,44099,1887,74,5,36.00,64399.68,0.00,0.03,A,F,1992-04-03,1992-04-30,1992-05-03,NONE,REG AIR,ver ironic instructions. blithely unusu
44099-6,44099,625,88,6,3.00,4576.86,0.08,0.05,R,F,1992-04-10,1992-05-08,1992-04-17,COLLECT COD,RAIL,"usual, spec"
44100-1,44100,133,60,1,2.00,2066.26,0.10,0.06,N,O,1998-07-17,1998-08-12,1998-07-21,COLLECT COD,AIR,"efully pending packages. even, regul"
44101-1,44101,1005,6,1,12.00,10872.00,0.02,0.05,N,O,1996-04-17,1996-04-12,1996-05-15,DELIVER IN PERSON,AIR,theodolites a
44101-2,44101,1279,91,2,2.00,2360.54,0.04,0.03,N,O,1996-02-24,1996-02-23,1996-03-23,DELIVER IN PERSON,SHIP,ly pending p
44101-3,44101,840,74,3,17.00,29594.28,0.02,0.04,N,O,1996-03-28,1996-03-20,1996-04-01,NONE,TRUCK,al theodolites use quickly. a
44101-4,44101,1788,15,4,29.00,49003.62,0.01,0.05,N,O,1996-02-07,1996-03-29,1996-02-21,COLLECT COD,FOB,"bold, even requests wak"
44101-5,44101,322,51,5,16.00,19557.12,0.09,0.03,N,O,1996-04-03,1996-03-30,1996-04-24,NONE,REG AIR,nts. silent theodolites haggle near the 
44101-6,44101,1194,67,6,1.00,1095.19,0.03,0.06,N,O,1996-03-14,1996-03-19,1996-04-06,COLLECT COD,SHIP," instructions. silent, final pac"
44102-1,44102,1494,95,1,20.00,27909.80,0.08,0.04,R,F,1995-03-17,1995-03-13,1995-03-21,NONE,SHIP,ng the slyly regular mu
44102-2,44102,1626,9,2,18.00,27497.16,0.01,0.04,A,F,1995-03-21,1995-02-18,1995-04-02,TAKE BACK RETURN,RAIL,ular accounts use slyly daringly
44102-3,44102,633,96,3,5.00,7668.15,0.04,0.06,R,F,1995-02-18,1995-04-04,1995-03-11,NONE,TRUCK,furiously un
44102-4,44102,846,80,4,43.00,75114.12,0.01,0.08,R,F,1995-02-25,1995-02-28,1995-02-27,TAKE BACK RETURN,RAIL,ggle carefully above 
44102-5,44102,594,95,5,30.00,44837.70,0.09,0.06,R,F,1995-04-21,1995-04-14,1995-04-26,DELIVER IN PERSON,REG AIR,sual excuses
44102-6,44102,1015,51,6,49.00,44884.49,0.03,0.03,R,F,1995-05-13,1995-02-27,1995-05-22,COLLECT COD,SHIP,thily final patterns. close
44102-7,44102,773,6,7,18.00,30127.86,0.09,0.02,R,F,1995-05-07,1995-02-24,1995-06-01,TAKE BACK RETURN,TRUCK,y special dolphins are slyly sile
44103-1,44103,2,28,1,50.00,45100.00,0.02,0.00,N,O,1997-02-14,1997-05-03,1997-03-12,COLLECT COD,SHIP,ages. regular instructions w
44103-2,44103,429,88,2,27.00,35894.34,0.02,0.08,N,O,1997-04-24,1997-05-01,1997-05-09,DELIVER IN PERSON,MAIL,uests. evenly regu
44128-1,44128,52,53,1,31.00,29513.55,0.07,0.02,N,O,1996-12-15,1997-02-08,1996-12-21,NONE,RAIL,es haggle final deposi
44128-2,44128,107,8,2,12.00,12085.20,0.01,0.04,N,O,1997-02-02,1996-12-25,1997-02-16,DELIVER IN PERSON,FOB, Tiresias. ironically quiet deposits sleep
44129-1,44129,1018,24,1,14.00,12866.14,0.04,0.03,N,O,1998-07-03,1998-05-15,1998-07-24,NONE,FOB,liers. furiou
44129-2,44129,219,20,2,22.00,24622.62,0.05,0.07,N,O,1998-06-14,1998-04-23,1998-06-18,COLLECT COD,FOB,deposits. bold ideas hagg
44129-3,44129,105,84,3,31.00,31158.10,0.08,0.03,N,O,1998-05-07,1998-05-08,1998-05-21,COLLECT COD,SHIP,", ironic courts: carefully specia"
44130-1,44130,1060,31,1,42.00,40364.52,0.07,0.02,N,O,1996-04-11,1996-04-25,1996-05-07,COLLECT COD,AIR,uriously regular accou
44130-2,44130,1080,16,2,12.00,11772.96,0.00,0.01,N,O,1996-03-31,1996-03-22,1996-04-28,COLLECT COD,RAIL,dolites sleep slyly blithely regular 
44130-3,44130,479,9,3,42.00,57937.74,0.10,0.01,N,O,1996-04-08,1996-04-11,1996-04-17,TAKE BACK RETURN,REG AIR,ctions sleep. foxes eat blithely
44130-4,44130,676,70,4,43.00,67796.81,0.09,0.03,N,O,1996-04-07,1996-04-28,1996-04-13,TAKE BACK RETURN,AIR,lithely regular accounts. furio
44130-5,44130,870,37,5,22.00,38959.14,0.01,0.08,N,O,1996-03-27,1996-04-24,1996-04-14,COLLECT COD,TRUCK,t depths. pinto beans use carefully. acco
44130-6,44130,247,2,6,30.00,34417.20,0.01,0.00,N,O,1996-04-01,1996-04-03,1996-04-18,NONE,FOB,ing deposits 
44130-7,44130,1913,14,7,39.00,70781.49,0.03,0.00,N,O,1996-03-31,1996-02-28,1996-04-30,NONE,RAIL,r dependencies cajole blithel
44131-1,44131,289,71,1,33.00,39246.24,0.10,0.07,N,O,1997-12-21,1998-01-09,1998-01-14,NONE,SHIP,patterns are about the slyly final acco
44131-2,44131,518,9,2,37.00,52484.87,0.06,0.07,N,O,1998-01-01,1997-12-11,1998-01-15,TAKE BACK RETURN,REG AIR,ic theodolites integrate slyly alon
44131-3,44131,896,63,3,11.00,19765.79,0.08,0.02,N,O,1998-02-15,1997-11-29,1998-02-24,NONE,RAIL,uests. caref
44131-4,44131,281,36,4,19.00,22444.32,0.00,0.02,N,O,1997-12-09,1998-01-10,1998-01-03,NONE,REG AIR,ctions across the blithely busy ac
44131-5,44131,1249,61,5,48.00,55211.52,0.00,0.01,N,O,1998-02-09,1997-12-03,1998-02-28,DELIVER IN PERSON,MAIL,ecial pinto beans sleep according to the pe
44131-6,44131,590,21,6,13.00,19377.67,0.02,0.08,N,O,1997-11-04,1997-12-03,1997-11-14,NONE,RAIL,rmanently final requests. furiously f
44132-1,44132,1486,87,1,32.00,44399.36,0.09,0.00,N,O,1997-04-25,1997-04-30,1997-05-13,TAKE BACK RETURN,MAIL,ructions use quick
44132-2,44132,1789,74,2,26.00,43960.28,0.00,0.05,N,O,1997-07-04,1997-05-14,1997-07-26,COLLECT COD,RAIL,"e silently pending, ironic dinos. spec"
44132-3,44132,1302,79,3,13.00,15642.90,0.02,0.06,N,O,1997-05-31,1997-05-26,1997-06-03,NONE,SHIP, requests wake. steal
44132-4,44132,1285,23,4,13.00,15421.64,0.01,0.06,N,O,1997-06-25,1997-05-09,1997-07-12,NONE,AIR, furiously bold p
44133-1,44133,1125,98,1,23.00,23600.76,0.03,0.04,A,F,1993-02-05,1993-02-25,1993-02-09,TAKE BACK RETURN,RAIL,lar platelets. carefully fluffy 
44133-2,44133,1892,79,2,25.00,44847.25,0.02,0.07,R,F,1993-04-29,1993-03-24,1993-05-18,COLLECT COD,REG AIR,g furiously across the quic
44133-3,44133,492,80,3,18.00,25064.82,0.00,0.08,A,F,1993-02-03,1993-03-04,1993-02-07,TAKE BACK RETURN,MAIL,ar packages above 
44134-1,44134,705,38,1,15.00,24085.50,0.04,0.08,A,F,1995-02-15,1995-01-24,1995-03-17,NONE,TRUCK,ven packages integrate. furio
44134-2,44134,810,11,2,16.00,27372.96,0.06,0.03,A,F,1995-02-04,1994-12-23,1995-03-01,TAKE BACK RETURN,SHIP,iously. slyly
44134-3,44134,787,52,3,44.00,74262.32,0.00,0.02,R,F,1995-01-24,1995-01-27,1995-02-15,TAKE BACK RETURN,RAIL,ffix within the slyly express deposits. 
44134-4,44134,1943,88,4,50.00,92247.00,0.03,0.03,A,F,1995-01-16,1994-12-02,1995-02-11,TAKE BACK RETURN,REG AIR, pending foxes cajole furiously stealt
44135-1,44135,838,39,1,38.00,66075.54,0.02,0.04,R,F,1994-12-25,1994-12-28,1995-01-07,COLLECT COD,REG AIR,g the final deposits
44135-2,44135,1455,56,2,6.00,8138.70,0.10,0.04,R,F,1995-02-04,1995-01-21,1995-02-14,COLLECT COD,MAIL,ges sleep slyly around the final acco
44160-1,44160,1720,5,1,36.00,58381.92,0.00,0.02,N,O,1997-03-15,1997-02-06,1997-04-02,DELIVER IN PERSON,AIR, silent forges. re
44160-2,44160,1505,6,2,49.00,68918.50,0.01,0.04,N,O,1996-12-02,1996-12-25,1996-12-22,DELIVER IN PERSON,TRUCK,deposits sleep
44160-3,44160,155,34,3,6.00,6330.90,0.04,0.06,N,O,1997-02-14,1997-01-16,1997-02-22,COLLECT COD,SHIP,g the blit
44160-4,44160,1889,90,4,23.00,41190.24,0.07,0.02,N,O,1997-02-20,1996-12-31,1997-03-11,TAKE BACK RETURN,TRUCK,sly final 
44161-1,44161,1095,31,1,5.00,4980.45,0.02,0.06,N,O,1996-10-05,1996-10-23,1996-10-08,DELIVER IN PERSON,MAIL,otes. silently final re
44162-1,44162,1380,95,1,20.00,25627.60,0.03,0.06,R,F,1993-06-18,1993-05-01,1993-06-20,DELIVER IN PERSON,AIR,ily silent ideas. even acc
44163-1,44163,1075,46,1,38.00,37090.66,0.10,0.04,N,O,1997-05-10,1997-03-02,1997-06-01,TAKE BACK RETURN,REG AIR,pecial theodol
44163-2,44163,1258,96,2,39.00,45210.75,0.07,0.00,N,O,1997-04-25,1997-02-19,1997-05-07,TAKE BACK RETURN,TRUCK,hould have to b
44163-3,44163,1146,47,3,28.00,29319.92,0.03,0.05,N,O,1997-05-01,1997-04-08,1997-05-10,COLLECT COD,MAIL,ular asymptot
44163-4,44163,1337,76,4,16.00,19813.28,0.10,0.06,N,O,1997-02-07,1997-04-09,1997-02-25,COLLECT COD,MAIL,sleep about t
44163-5,44163,1084,90,5,43.00,42358.44,0.00,0.02,N,O,1997-01-26,1997-04-07,1997-02-06,NONE,SHIP, carefully final waters cajole fluffily. q
44163-6,44163,1467,68,6,4.00,5473.84,0.00,0.06,N,O,1997-02-10,1997-03-31,1997-03-03,DELIVER IN PERSON,SHIP, sleep. carefully expr
44164-1,44164,447,48,1,42.00,56592.48,0.08,0.01,N,O,1996-06-10,1996-06-12,1996-07-05,COLLECT COD,RAIL, haggle carefully slyly regu
44165-1,44165,786,87,1,44.00,74218.32,0.03,0.01,N,O,1996-10-24,1996-10-14,1996-11-05,COLLECT COD,TRUCK,ronic pack
44165-2,44165,1920,53,2,23.00,41904.16,0.08,0.00,N,O,1996-10-13,1996-10-13,1996-10-19,COLLECT COD,FOB, ironic acc
44165-3,44165,533,94,3,41.00,58774.73,0.07,0.03,N,O,1996-10-21,1996-10-23,1996-11-11,NONE,TRUCK,ly final packages 
44165-4,44165,746,43,4,2.00,3293.48,0.09,0.03,N,O,1996-09-15,1996-09-19,1996-09-23,COLLECT COD,AIR,ithely daring excuses integrate fu
44165-5,44165,1964,97,5,24.00,44783.04,0.05,0.06,N,O,1996-09-12,1996-09-10,1996-10-03,COLLECT COD,MAIL, can detect quickly 
44165-6,44165,1546,67,6,35.00,50663.90,0.04,0.06,N,O,1996-10-18,1996-10-11,1996-11-17,COLLECT COD,FOB,packages. carefully final pinto beans above
44165-7,44165,602,96,7,31.00,46580.60,0.00,0.08,N,O,1996-09-15,1996-10-15,1996-09-27,NONE,AIR,"g the unusual, regular accounts. in"
44166-1,44166,738,3,1,21.00,34413.33,0.04,0.08,N,O,1997-12-14,1998-02-21,1998-01-04,NONE,MAIL,", special deposits! slyly "
44166-2,44166,727,60,2,9.00,14649.48,0.10,0.00,N,O,1997-12-08,1998-01-22,1997-12-24,TAKE BACK RETURN,RAIL,ul packages. furiously ironic or
44166-3,44166,371,72,3,47.00,59754.39,0.03,0.04,N,O,1998-01-02,1998-01-19,1998-01-26,COLLECT COD,SHIP,refully carefully even deposi
44166-4,44166,1742,69,4,18.00,29587.32,0.04,0.02,N,O,1998-01-14,1998-01-29,1998-02-13,TAKE BACK RETURN,TRUCK,silent pinto beans need to sleep about the 
44167-1,44167,202,84,1,4.00,4408.80,0.09,0.07,A,F,1992-03-07,1992-03-20,1992-04-01,NONE,REG AIR, bold packages haggle across th
44167-2,44167,1697,21,2,21.00,33572.49,0.06,0.00,A,F,1992-05-05,1992-03-28,1992-06-01,TAKE BACK RETURN,TRUCK,ly final accounts cajo
44167-3,44167,1329,6,3,28.00,34448.96,0.07,0.01,R,F,1992-03-02,1992-03-31,1992-03-29,NONE,AIR,ests boost ex
44167-4,44167,1877,7,4,30.00,53366.10,0.05,0.08,A,F,1992-05-20,1992-03-19,1992-05-29,DELIVER IN PERSON,SHIP,uriously. blithely final accounts aga
44167-5,44167,360,45,5,27.00,34029.72,0.04,0.03,R,F,1992-02-23,1992-04-13,1992-03-15,NONE,SHIP, dogged warhorses impress quic
44167-6,44167,905,6,6,35.00,63206.50,0.05,0.07,R,F,1992-04-30,1992-03-27,1992-05-24,COLLECT COD,RAIL,fluffily ironic foxes
44192-1,44192,991,26,1,40.00,75679.60,0.05,0.06,N,O,1997-09-20,1997-08-17,1997-10-13,TAKE BACK RETURN,FOB,final ideas eat. regular theodolit
44192-2,44192,1335,50,2,16.00,19781.28,0.00,0.05,N,O,1997-09-30,1997-09-27,1997-10-04,TAKE BACK RETURN,REG AIR,ets. dugouts eat across
44193-1,44193,1615,98,1,16.00,24265.76,0.00,0.07,N,O,1997-11-01,1997-09-27,1997-11-09,COLLECT COD,MAIL,ld ideas. foxes sleep furiously i
44193-2,44193,647,79,2,25.00,38691.00,0.00,0.04,N,O,1997-10-27,1997-10-24,1997-10-31,COLLECT COD,FOB,". special, ironi"
44193-3,44193,452,40,3,2.00,2704.90,0.06,0.07,N,O,1997-09-02,1997-10-25,1997-09-10,COLLECT COD,SHIP,", silent ideas nag about "
44193-4,44193,1959,4,4,1.00,1860.95,0.06,0.05,N,O,1997-09-30,1997-10-16,1997-10-30,COLLECT COD,TRUCK,ages boost closely. carefull
44193-5,44193,982,17,5,40.00,75319.20,0.00,0.06,N,O,1997-11-28,1997-10-31,1997-12-22,COLLECT COD,REG AIR,s above th
44193-6,44193,687,19,6,45.00,71445.60,0.07,0.05,N,O,1997-10-21,1997-10-09,1997-11-12,NONE,AIR,along the blithely bold 
44194-1,44194,266,67,1,26.00,30322.76,0.00,0.05,N,O,1996-10-19,1996-09-09,1996-11-18,DELIVER IN PERSON,REG AIR,lithely regular platel
44194-2,44194,1293,5,2,18.00,21497.22,0.07,0.00,N,O,1996-11-19,1996-09-11,1996-12-03,NONE,SHIP,furiously regular accounts detect. fur
44194-3,44194,655,56,3,32.00,49780.80,0.03,0.00,N,O,1996-09-27,1996-09-01,1996-10-18,COLLECT COD,RAIL,nto beans wake fluffil
44194-4,44194,1627,28,4,43.00,65730.66,0.06,0.08,N,O,1996-09-05,1996-10-04,1996-09-25,DELIVER IN PERSON,RAIL,ly special excuses. sl
44194-5,44194,1209,84,5,40.00,44408.00,0.04,0.06,N,O,1996-08-19,1996-09-30,1996-09-15,DELIVER IN PERSON,AIR, along the blith
44195-1,44195,697,60,1,25.00,39942.25,0.01,0.02,N,O,1996-04-26,1996-04-14,1996-05-12,DELIVER IN PERSON,REG AIR,e the furiously express theodolites caj
44195-2,44195,1925,58,2,3.00,5480.76,0.01,0.02,N,O,1996-03-19,1996-04-19,1996-04-17,COLLECT COD,AIR,reful ideas. fluffy deposi
44195-3,44195,1075,76,3,49.00,47827.43,0.10,0.02,N,O,1996-04-12,1996-04-04,1996-04-26,NONE,MAIL, across the requests. furiously pendin
44195-4,44195,425,55,4,24.00,31810.08,0.05,0.08,N,O,1996-06-18,1996-03-25,1996-07-13,COLLECT COD,MAIL, fluffily express packages wa
44196-1,44196,1300,12,1,7.00,8409.10,0.04,0.01,R,F,1994-10-18,1994-09-27,1994-11-02,DELIVER IN PERSON,MAIL,uickly unusual accounts wak
44196-2,44196,54,55,2,40.00,38162.00,0.03,0.07,A,F,1994-08-28,1994-09-26,1994-09-08,DELIVER IN PERSON,RAIL,ly slyly pendin
44196-3,44196,554,55,3,1.00,1454.55,0.01,0.02,R,F,1994-11-05,1994-11-03,1994-11-23,DELIVER IN PERSON,MAIL,sleep deposits.
44197-1,44197,677,40,1,37.00,58373.79,0.01,0.06,A,F,1994-03-07,1994-02-22,1994-03-14,TAKE BACK RETURN,RAIL,"nts wake slyly special, pending depths"
44197-2,44197,1846,33,2,12.00,20974.08,0.07,0.01,R,F,1994-03-08,1994-04-11,1994-03-23,COLLECT COD,FOB, after the even dependenc
44197-3,44197,1342,57,3,29.00,36056.86,0.03,0.00,A,F,1994-01-27,1994-04-21,1994-02-17,COLLECT COD,TRUCK,blithely regular
44197-4,44197,1374,75,4,5.00,6376.85,0.04,0.00,R,F,1994-05-04,1994-03-21,1994-05-12,COLLECT COD,FOB,ly final sauternes haggle ca
44197-5,44197,488,76,5,49.00,68035.52,0.08,0.07,R,F,1994-01-22,1994-03-27,1994-02-16,NONE,AIR,. blithely u
44197-6,44197,885,52,6,13.00,23216.44,0.01,0.06,R,F,1994-03-30,1994-04-15,1994-04-09,DELIVER IN PERSON,MAIL,integrate blithely idle requests. fox
44197-7,44197,1590,91,7,23.00,34306.57,0.08,0.03,R,F,1994-03-10,1994-04-21,1994-03-12,COLLECT COD,FOB,press packages. blithely ironi
44198-1,44198,1484,63,1,22.00,30480.56,0.02,0.00,A,F,1995-03-08,1995-03-17,1995-03-12,DELIVER IN PERSON,RAIL, packages against the ironic requests a
44198-2,44198,920,55,2,6.00,10925.52,0.01,0.00,R,F,1995-01-12,1995-02-09,1995-02-08,TAKE BACK RETURN,AIR, regular dependencies
44198-3,44198,855,56,3,23.00,40384.55,0.06,0.01,A,F,1995-01-17,1995-03-30,1995-02-06,COLLECT COD,MAIL,g dolphins cajole carefully sp
44198-4,44198,1970,3,4,25.00,46799.25,0.07,0.00,R,F,1995-03-05,1995-03-05,1995-03-31,TAKE BACK RETURN,AIR,ies boost fluffi
44198-5,44198,1097,33,5,15.00,14971.35,0.09,0.05,A,F,1995-05-05,1995-04-03,1995-05-15,DELIVER IN PERSON,RAIL,onic ideas! quickly unusual foxes are r
44199-1,44199,1209,47,1,10.00,11102.00,0.07,0.02,A,F,1992-06-07,1992-04-04,1992-07-03,TAKE BACK RETURN,TRUCK,arefully about the bold platele
44199-2,44199,1017,53,2,19.00,17442.19,0.02,0.08,A,F,1992-06-26,1992-04-09,1992-07-05,NONE,RAIL,ts wake slyly slyly ironic inst
44199-3,44199,926,95,3,23.00,42019.16,0.06,0.02,R,F,1992-04-30,1992-05-25,1992-05-19,NONE,REG AIR,ular excuses haggle carefully. carefully ev
44199-4,44199,1898,99,4,41.00,73795.49,0.08,0.08,A,F,1992-04-07,1992-05-13,1992-05-06,NONE,MAIL,ding accounts are furiously. fu
44199-5,44199,1991,92,5,12.00,22715.88,0.00,0.07,R,F,1992-04-09,1992-04-06,1992-04-28,COLLECT COD,MAIL,aggle. carefully ironic foxes caj
44224-1,44224,1519,100,1,8.00,11364.08,0.07,0.07,A,F,1993-09-29,1993-10-23,1993-10-05,COLLECT COD,REG AIR,lly regular accounts. even requests
44224-2,44224,542,43,2,33.00,47603.82,0.01,0.04,A,F,1993-11-06,1993-09-19,1993-12-03,TAKE BACK RETURN,SHIP,le after the ironic deposits. foxes hag
44225-1,44225,114,93,1,36.00,36507.96,0.09,0.05,A,F,1994-04-26,1994-05-14,1994-05-09,COLLECT COD,SHIP,ven requests are against the pinto bean
44225-2,44225,1437,77,2,17.00,22753.31,0.03,0.00,A,F,1994-07-04,1994-05-23,1994-08-02,TAKE BACK RETURN,FOB,ual depths. quickly 
44225-3,44225,1574,55,3,37.00,54596.09,0.02,0.01,R,F,1994-05-28,1994-05-16,1994-06-10,TAKE BACK RETURN,MAIL,fully unusual
44225-4,44225,270,25,4,13.00,15213.51,0.06,0.06,A,F,1994-06-12,1994-05-09,1994-06-16,NONE,RAIL,"efully express, pending packages"
44225-5,44225,1801,88,5,27.00,45975.60,0.09,0.05,R,F,1994-04-25,1994-07-03,1994-05-22,NONE,AIR,ests. ironic epitaphs about the careful
44225-6,44225,1508,89,6,19.00,26780.50,0.08,0.04,R,F,1994-05-06,1994-06-18,1994-05-11,TAKE BACK RETURN,SHIP,n instructions. blit
44225-7,44225,182,61,7,7.00,7575.26,0.08,0.04,A,F,1994-06-16,1994-06-03,1994-07-10,COLLECT COD,SHIP,lar deposits are carefully 
44226-1,44226,1237,75,1,9.00,10244.07,0.05,0.07,N,O,1996-01-19,1996-02-16,1996-02-16,TAKE BACK RETURN,FOB,lithely unusual platelets cajo
44227-1,44227,1178,87,1,9.00,9712.53,0.02,0.03,A,F,1992-07-10,1992-06-03,1992-08-09,COLLECT COD,AIR,nts haggle fluffily f
44227-2,44227,839,73,2,13.00,22617.79,0.01,0.00,A,F,1992-07-11,1992-05-06,1992-08-07,NONE,REG AIR,kages. regular
44227-3,44227,1083,19,3,47.00,46251.76,0.04,0.00,A,F,1992-03-27,1992-06-06,1992-03-31,COLLECT COD,MAIL,ly final deposits. slyly idle multi
44227-4,44227,1985,86,4,30.00,56609.40,0.00,0.00,A,F,1992-04-09,1992-05-13,1992-04-29,NONE,SHIP,r requests are slyly. final theo
44228-1,44228,1483,23,1,3.00,4153.44,0.09,0.07,N,O,1998-04-18,1998-06-05,1998-05-17,COLLECT COD,MAIL,osits! requests haggle 
44228-2,44228,681,82,2,39.00,61685.52,0.03,0.03,N,O,1998-06-04,1998-04-21,1998-06-29,DELIVER IN PERSON,AIR,e blithely regular packages. furio
44228-3,44228,391,48,3,13.00,16788.07,0.08,0.06,N,O,1998-07-06,1998-05-25,1998-07-16,NONE,FOB,ep blithely alongside of th
44228-4,44228,1443,61,4,8.00,10755.52,0.02,0.07,N,O,1998-04-26,1998-04-22,1998-05-01,NONE,REG AIR,st the quickly pending i
44228-5,44228,1468,8,5,39.00,53408.94,0.03,0.01,N,O,1998-05-05,1998-05-22,1998-05-17,DELIVER IN PERSON,REG AIR,ickly unusu
44229-1,44229,1698,99,1,44.00,70386.36,0.03,0.08,A,F,1993-09-02,1993-07-03,1993-09-18,TAKE BACK RETURN,AIR,deas haggle 
44229-2,44229,1826,56,2,49.00,84663.18,0.02,0.01,R,F,1993-07-06,1993-07-28,1993-07-21,NONE,TRUCK,accounts haggle quickly. carefull
44229-3,44229,1052,53,3,24.00,22873.20,0.05,0.00,A,F,1993-08-07,1993-07-24,1993-09-06,DELIVER IN PERSON,TRUCK,lent escapades detect furi
44230-1,44230,1756,99,1,17.00,28181.75,0.04,0.01,R,F,1993-06-23,1993-05-17,1993-07-05,DELIVER IN PERSON,FOB,avely final 
44231-1,44231,143,44,1,15.00,15647.10,0.08,0.01,R,F,1995-01-24,1995-01-07,1995-02-07,COLLECT COD,SHIP,carefully ironic requests
44231-2,44231,966,69,2,43.00,80279.28,0.07,0.06,R,F,1994-12-04,1994-12-24,1994-12-09,NONE,SHIP,ntegrate carefully finally
44231-3,44231,1436,37,3,6.00,8024.58,0.03,0.04,A,F,1994-12-21,1994-12-31,1994-12-25,DELIVER IN PERSON,RAIL,fully silent fo
44231-4,44231,1231,6,4,19.00,21512.37,0.09,0.01,R,F,1994-12-14,1995-01-15,1995-01-03,TAKE BACK RETURN,FOB,ions wake about the slyly bold 
44231-5,44231,427,86,5,44.00,58406.48,0.03,0.07,A,F,1995-01-19,1994-12-06,1995-02-03,DELIVER IN PERSON,AIR,"ches was ironic, final instructions. pendi"
44231-6,44231,1963,96,6,28.00,52218.88,0.04,0.04,R,F,1995-02-01,1995-01-07,1995-02-07,TAKE BACK RETURN,AIR,s breach quickly. fu
44231-7,44231,1668,92,7,6.00,9417.96,0.09,0.07,R,F,1994-12-23,1994-12-14,1995-01-18,TAKE BACK RETURN,FOB,"posits. ironic, "
44256-1,44256,1653,95,1,45.00,69959.25,0.09,0.06,N,O,1996-01-08,1996-01-09,1996-01-21,NONE,TRUCK,"e ironic, express instructi"
44256-2,44256,765,62,2,44.00,73293.44,0.00,0.02,N,O,1996-02-11,1995-12-29,1996-03-02,COLLECT COD,AIR,heodolites cajole. regula
44256-3,44256,167,46,3,19.00,20276.04,0.07,0.08,N,O,1995-11-29,1996-01-17,1995-12-20,DELIVER IN PERSON,RAIL,ons. carefully unusual requests sleep at 
44256-4,44256,743,8,4,35.00,57530.90,0.03,0.08,N,O,1995-12-07,1996-01-23,1996-01-06,COLLECT COD,TRUCK,ual escapades along the regular p
44256-5,44256,10,86,5,10.00,9100.10,0.00,0.01,N,O,1996-02-20,1996-01-28,1996-03-02,NONE,TRUCK,ogs wake carefully across 
44256-6,44256,1857,1,6,32.00,56283.20,0.04,0.00,N,O,1996-02-01,1996-01-20,1996-02-03,DELIVER IN PERSON,RAIL,oxes. blithely even pains h
44257-1,44257,255,37,1,24.00,27726.00,0.02,0.01,N,O,1996-11-06,1996-11-29,1996-11-22,DELIVER IN PERSON,FOB,ounts are furiously regular package
44257-2,44257,1744,87,2,13.00,21394.62,0.05,0.07,N,O,1996-10-05,1996-11-01,1996-10-15,DELIVER IN PERSON,SHIP,s sleep blithely special deposi
44257-3,44257,1655,38,3,29.00,45142.85,0.07,0.00,N,O,1996-10-03,1996-10-23,1996-10-14,COLLECT COD,REG AIR,ding pinto beans are f
44257-4,44257,1512,13,4,41.00,57953.91,0.10,0.02,N,O,1996-09-23,1996-11-23,1996-10-09,COLLECT COD,SHIP,across the quickly enticing accounts? depo
44257-5,44257,662,63,5,32.00,50005.12,0.01,0.03,N,O,1996-11-12,1996-12-07,1996-12-02,NONE,REG AIR,odolites cajole blithely even re
44257-6,44257,21,97,6,50.00,46051.00,0.05,0.03,N,O,1996-12-25,1996-10-20,1997-01-08,NONE,REG AIR,o the dependencies. quick
44257-7,44257,174,1,7,28.00,30076.76,0.06,0.05,N,O,1996-09-17,1996-11-13,1996-09-25,DELIVER IN PERSON,TRUCK,"nding, ironic platelets s"
44258-1,44258,415,16,1,39.00,51300.99,0.08,0.03,R,F,1994-10-03,1994-08-27,1994-10-17,DELIVER IN PERSON,SHIP, slyly express foxes affix quickly a
44258-2,44258,112,91,2,24.00,24290.64,0.09,0.03,A,F,1994-08-10,1994-08-15,1994-08-31,COLLECT COD,SHIP," special, final foxes after the furiously f"
44258-3,44258,1984,17,3,30.00,56579.40,0.01,0.06,A,F,1994-09-11,1994-07-20,1994-10-09,COLLECT COD,AIR,otes. deposits boost slyly regular packag
44258-4,44258,776,9,4,25.00,41919.25,0.04,0.01,R,F,1994-07-02,1994-07-11,1994-07-07,NONE,FOB, regular foxes. q
44259-1,44259,1783,68,1,48.00,80869.44,0.03,0.00,N,O,1997-09-16,1997-10-19,1997-09-27,DELIVER IN PERSON,SHIP,accounts. furiously sly accounts a
44260-1,44260,560,91,1,13.00,18987.28,0.05,0.02,N,O,1998-05-08,1998-05-07,1998-05-22,COLLECT COD,AIR,thely express asymptotes boost furiously a
44260-2,44260,1564,5,2,22.00,32242.32,0.02,0.01,N,O,1998-04-22,1998-04-29,1998-05-18,COLLECT COD,SHIP,ily blithe
44261-1,44261,63,64,1,37.00,35633.22,0.02,0.03,R,F,1992-05-13,1992-05-02,1992-06-03,NONE,AIR, foxes alongside of the specia
44261-2,44261,151,78,2,23.00,24176.45,0.04,0.05,R,F,1992-07-08,1992-06-08,1992-07-19,NONE,SHIP,ly even depo
44261-3,44261,1077,83,3,49.00,47925.43,0.06,0.05,A,F,1992-06-29,1992-06-01,1992-07-11,COLLECT COD,RAIL, stealthy theodolit
44261-4,44261,22,48,4,24.00,22128.48,0.06,0.06,R,F,1992-05-01,1992-05-03,1992-05-09,NONE,MAIL,s boost after the blithely regular pinto
44261-5,44261,856,57,5,23.00,40407.55,0.04,0.06,R,F,1992-05-02,1992-04-30,1992-05-31,COLLECT COD,FOB,ut the blith
44261-6,44261,276,31,6,2.00,2352.54,0.05,0.07,R,F,1992-07-10,1992-06-12,1992-07-13,NONE,REG AIR,lar deposits are 
44261-7,44261,253,8,7,35.00,40363.75,0.09,0.00,A,F,1992-04-10,1992-06-21,1992-04-20,NONE,TRUCK,nts hang except the even depo
44262-1,44262,1018,24,1,13.00,11947.13,0.07,0.05,R,F,1994-06-20,1994-07-11,1994-07-05,DELIVER IN PERSON,RAIL,"ily slyly special accounts. even, unusual i"
44263-1,44263,1028,99,1,1.00,929.02,0.10,0.02,N,O,1998-06-19,1998-06-25,1998-07-17,TAKE BACK RETURN,FOB,"iously throughout the unusual, special "
44263-2,44263,1597,98,2,41.00,61442.19,0.06,0.01,N,O,1998-05-31,1998-05-23,1998-06-21,COLLECT COD,SHIP,nt packages cajole after the carefully pend
44263-3,44263,342,27,3,10.00,12423.40,0.03,0.00,N,O,1998-07-19,1998-06-30,1998-08-06,NONE,SHIP,gular instr
44263-4,44263,1974,75,4,40.00,75038.80,0.06,0.03,N,O,1998-06-04,1998-07-04,1998-06-05,TAKE BACK RETURN,AIR,imes. regular asymptotes above the furi
44263-5,44263,1300,75,5,21.00,25227.30,0.10,0.08,N,O,1998-07-01,1998-06-27,1998-07-27,TAKE BACK RETURN,REG AIR,lar deposits wake. 
44263-6,44263,1024,60,6,24.00,22200.48,0.01,0.04,N,O,1998-08-04,1998-06-04,1998-08-22,NONE,MAIL,s. ironic deposits are blithely express id
44263-7,44263,673,36,7,12.00,18884.04,0.10,0.03,N,O,1998-05-17,1998-06-07,1998-06-04,COLLECT COD,RAIL,eas haggle furiously about the r
44288-1,44288,716,17,1,20.00,32334.20,0.05,0.00,N,O,1997-01-15,1997-01-19,1997-01-26,DELIVER IN PERSON,RAIL,xpress asymptotes nag for the 
44288-2,44288,1745,72,2,30.00,49402.20,0.05,0.08,N,O,1996-11-30,1996-12-24,1996-12-14,TAKE BACK RETURN,RAIL,n slyly deposits. ironic dep
44288-3,44288,1703,30,3,8.00,12837.60,0.10,0.08,N,O,1997-02-11,1997-01-07,1997-02-17,COLLECT COD,MAIL,ntegrate doggedly. quickly express depos
44288-4,44288,558,89,4,45.00,65634.75,0.01,0.08,N,O,1996-12-06,1996-12-30,1996-12-25,TAKE BACK RETURN,RAIL,ronic courts acros
44288-5,44288,510,41,5,50.00,70525.50,0.00,0.07,N,O,1997-02-08,1996-12-20,1997-02-20,DELIVER IN PERSON,SHIP,ggle above the ironic
44289-1,44289,1549,50,1,19.00,27560.26,0.06,0.05,N,O,1996-08-27,1996-10-23,1996-09-04,DELIVER IN PERSON,AIR,lly ironic foxes haggle carefu
44289-2,44289,488,76,2,49.00,68035.52,0.03,0.02,N,O,1996-08-24,1996-10-22,1996-09-08,TAKE BACK RETURN,RAIL,"kly regular, regular i"
44290-1,44290,342,27,1,30.00,37270.20,0.03,0.01,A,F,1993-06-07,1993-05-16,1993-07-01,NONE,TRUCK,furiously pending courts along the quickly
44290-2,44290,297,52,2,47.00,56272.63,0.04,0.01,A,F,1993-05-12,1993-05-10,1993-05-15,DELIVER IN PERSON,MAIL,sly final 
44290-3,44290,1595,76,3,28.00,41904.52,0.05,0.08,A,F,1993-04-02,1993-05-03,1993-04-20,TAKE BACK RETURN,TRUCK,"ts. special, silen"
44290-4,44290,668,62,4,1.00,1568.66,0.00,0.04,R,F,1993-03-23,1993-06-12,1993-03-26,DELIVER IN PERSON,SHIP,carefully daringly pending request
44290-5,44290,942,77,5,49.00,90304.06,0.08,0.05,A,F,1993-07-10,1993-05-11,1993-07-24,NONE,FOB,yers poach. slyl
44290-6,44290,1911,44,6,4.00,7251.64,0.03,0.06,A,F,1993-06-01,1993-05-21,1993-06-25,TAKE BACK RETURN,SHIP,"the unusual, special requests. caref"
44290-7,44290,1537,18,7,4.00,5754.12,0.08,0.07,A,F,1993-04-29,1993-06-08,1993-05-09,COLLECT COD,SHIP, the quickly specia
44291-1,44291,913,82,1,11.00,19953.01,0.04,0.04,N,O,1996-01-25,1996-03-08,1996-02-13,NONE,TRUCK,carefully regular instructions doze. b
44292-1,44292,105,32,1,27.00,27137.70,0.10,0.07,N,O,1995-07-09,1995-09-01,1995-07-20,COLLECT COD,REG AIR,"ly around the regular, regular ho"
44292-2,44292,575,6,2,44.00,64925.08,0.05,0.00,N,O,1995-08-02,1995-09-02,1995-08-22,TAKE BACK RETURN,FOB,al requests. carefully regular requests 
44292-3,44292,961,64,3,48.00,89374.08,0.06,0.05,N,O,1995-07-01,1995-07-18,1995-07-24,DELIVER IN PERSON,RAIL,nd furiously even patterns.
44292-4,44292,372,73,4,19.00,24175.03,0.01,0.06,N,O,1995-08-17,1995-08-13,1995-09-15,TAKE BACK RETURN,RAIL,"ing to the even, pending theodolites. re"
44293-1,44293,331,60,1,49.00,60335.17,0.07,0.02,N,O,1996-11-11,1996-10-04,1996-11-28,TAKE BACK RETURN,MAIL,s. fluffily regular requests along th
44293-2,44293,794,27,2,2.00,3389.58,0.08,0.00,N,O,1996-07-30,1996-10-11,1996-08-04,TAKE BACK RETURN,TRUCK,y quick pinto beans. unusu
44293-3,44293,1112,21,3,18.00,18235.98,0.02,0.00,N,O,1996-08-19,1996-09-07,1996-09-16,COLLECT COD,FOB,courts. carefully
44293-4,44293,1039,45,4,19.00,17860.57,0.02,0.06,N,O,1996-09-24,1996-09-04,1996-10-20,DELIVER IN PERSON,MAIL,y patterns. excuses use slyly since the s
44293-5,44293,1664,65,5,36.00,56363.76,0.05,0.01,N,O,1996-09-23,1996-08-29,1996-10-12,COLLECT COD,FOB,nding instructions haggle quickly bold ac
44293-6,44293,1430,9,6,25.00,33285.75,0.05,0.08,N,O,1996-10-18,1996-09-20,1996-11-12,COLLECT COD,RAIL,y special requests wake accounts. ironic t
44293-7,44293,1273,74,7,16.00,18788.32,0.04,0.00,N,O,1996-09-24,1996-10-15,1996-10-01,COLLECT COD,MAIL,ts are bold pinto beans. packages above the
44294-1,44294,459,60,1,44.00,59815.80,0.04,0.06,A,F,1994-07-02,1994-08-20,1994-07-26,DELIVER IN PERSON,SHIP,regular deposits. careful 
44294-2,44294,158,59,2,1.00,1058.15,0.02,0.04,A,F,1994-08-23,1994-07-17,1994-09-20,COLLECT COD,RAIL,fully ironic ideas play slyly a
44294-3,44294,1559,80,3,7.00,10223.85,0.04,0.04,A,F,1994-07-08,1994-07-26,1994-07-22,NONE,RAIL,dolites cajol
44294-4,44294,553,44,4,2.00,2907.10,0.04,0.00,A,F,1994-07-25,1994-08-19,1994-08-19,TAKE BACK RETURN,MAIL, wake doggedly against the car
44294-5,44294,1338,15,5,18.00,22307.94,0.04,0.02,R,F,1994-09-13,1994-08-21,1994-10-03,TAKE BACK RETURN,FOB,inst the carefully
44294-6,44294,129,56,6,26.00,26757.12,0.09,0.03,R,F,1994-08-09,1994-07-08,1994-08-22,COLLECT COD,FOB,e slyly pending packages. bli
44295-1,44295,947,50,1,6.00,11087.64,0.06,0.08,R,F,1993-05-08,1993-03-02,1993-05-23,COLLECT COD,FOB,slyly special ideas! blithely careful depos
44295-2,44295,1900,1,2,34.00,61264.60,0.09,0.06,A,F,1993-05-06,1993-04-03,1993-05-31,COLLECT COD,RAIL,s use carefully across the tithes. qu
44295-3,44295,534,95,3,22.00,31559.66,0.06,0.08,R,F,1993-02-20,1993-02-24,1993-03-11,DELIVER IN PERSON,TRUCK,are carefully among the fluffily iron
44295-4,44295,245,73,4,32.00,36647.68,0.04,0.02,A,F,1993-03-07,1993-04-06,1993-03-26,TAKE BACK RETURN,SHIP,gside of the carefully silent deposits. s
44295-5,44295,1304,81,5,16.00,19284.80,0.06,0.02,R,F,1993-04-01,1993-04-19,1993-04-09,COLLECT COD,REG AIR,inal packages. p
44295-6,44295,1486,4,6,5.00,6937.40,0.06,0.07,R,F,1993-03-09,1993-03-07,1993-03-26,COLLECT COD,FOB,uickly. ruthless packages 
44295-7,44295,432,62,7,37.00,49299.91,0.02,0.00,A,F,1993-03-04,1993-04-12,1993-03-05,TAKE BACK RETURN,TRUCK,"the regular, even accounts integrate "
44320-1,44320,1004,10,1,34.00,30770.00,0.08,0.06,A,F,1994-05-23,1994-07-25,1994-05-27,NONE,FOB,accounts. quick
44321-1,44321,1268,6,1,16.00,18708.16,0.06,0.06,N,O,1995-09-06,1995-08-27,1995-10-04,COLLECT COD,SHIP,equests cajole 
44321-2,44321,1115,88,2,34.00,34547.74,0.05,0.03,N,O,1995-07-31,1995-09-13,1995-08-29,COLLECT COD,FOB,le furiously f
44321-3,44321,1111,48,3,10.00,10121.10,0.08,0.06,N,O,1995-08-15,1995-08-19,1995-09-05,COLLECT COD,REG AIR,ly across the slyly ironic requests! blith
44322-1,44322,44,95,1,24.00,22656.96,0.10,0.00,N,O,1995-12-15,1995-12-13,1995-12-30,NONE,REG AIR,lyly blithely bold deposits. carefully 
44322-2,44322,1894,81,2,48.00,86202.72,0.04,0.01,N,O,1996-01-25,1995-11-26,1996-02-03,NONE,MAIL,uriously according to t
44322-3,44322,18,69,3,32.00,29376.32,0.03,0.08,N,O,1995-12-17,1995-12-13,1996-01-05,COLLECT COD,RAIL,riously unusual sentiments. asym
44322-4,44322,369,54,4,3.00,3808.08,0.00,0.07,N,O,1996-02-06,1995-12-10,1996-02-28,DELIVER IN PERSON,AIR,as: theodoli
44322-5,44322,43,94,5,6.00,5658.24,0.04,0.01,N,O,1996-01-13,1995-12-30,1996-02-01,NONE,FOB,ole after the sil
44323-1,44323,1669,11,1,9.00,14135.94,0.02,0.05,A,F,1992-12-02,1992-11-06,1992-12-24,DELIVER IN PERSON,SHIP,cording to
44323-2,44323,946,15,2,48.00,88653.12,0.04,0.07,R,F,1992-12-04,1992-10-22,1992-12-07,COLLECT COD,AIR,"blithely bold, ironic excus"
44323-3,44323,1860,61,3,27.00,47570.22,0.03,0.08,R,F,1992-09-23,1992-10-31,1992-10-21,NONE,REG AIR,"ar, regular accounts above the ruthless"
44323-4,44323,921,24,4,36.00,65589.12,0.08,0.08,R,F,1992-09-09,1992-09-18,1992-09-28,NONE,MAIL,as cajole around the pinto beans. e
44323-5,44323,1032,33,5,15.00,13995.45,0.02,0.01,R,F,1992-09-05,1992-10-09,1992-09-10,DELIVER IN PERSON,SHIP,ly express pinto
44323-6,44323,1032,3,6,17.00,15861.51,0.00,0.01,R,F,1992-08-15,1992-10-25,1992-08-27,TAKE BACK RETURN,AIR," ironic foxes. silent, bold packages d"
44323-7,44323,489,90,7,31.00,43073.88,0.05,0.07,R,F,1992-10-03,1992-10-14,1992-10-14,TAKE BACK RETURN,RAIL,express deposits along the close fo
44324-1,44324,914,49,1,50.00,90745.50,0.01,0.06,N,O,1998-01-01,1997-12-29,1998-01-24,DELIVER IN PERSON,REG AIR, along the regular requests. furio
44324-2,44324,1199,72,2,1.00,1100.19,0.10,0.08,N,O,1998-02-09,1997-12-15,1998-03-07,DELIVER IN PERSON,SHIP,ages haggle fu
44324-3,44324,141,94,3,25.00,26028.50,0.10,0.03,N,O,1997-11-10,1998-01-03,1997-11-19,COLLECT COD,RAIL,packages after the slyly regul
44324-4,44324,533,34,4,1.00,1433.53,0.01,0.01,N,O,1998-01-12,1997-12-12,1998-01-18,NONE,RAIL,nic excuses. furiously 
44324-5,44324,1783,84,5,10.00,16847.80,0.01,0.07,N,O,1997-12-05,1997-12-05,1997-12-27,TAKE BACK RETURN,MAIL, fluffily unusual pinto beans. pendin
44324-6,44324,464,52,6,22.00,30018.12,0.09,0.04,N,O,1998-01-08,1998-01-14,1998-01-09,DELIVER IN PERSON,REG AIR, ideas. blithely express soma
44324-7,44324,7,58,7,36.00,32652.00,0.04,0.02,N,O,1998-02-17,1997-12-20,1998-02-26,COLLECT COD,FOB,uests across t
44325-1,44325,1431,71,1,24.00,31978.32,0.06,0.04,R,F,1994-03-21,1994-04-06,1994-03-27,DELIVER IN PERSON,REG AIR,nt furiously carefully final
44325-2,44325,169,96,2,8.00,8553.28,0.01,0.05,A,F,1994-04-17,1994-05-02,1994-05-12,DELIVER IN PERSON,MAIL,lithely. quickly 
44326-1,44326,1366,5,1,19.00,24079.84,0.00,0.00,A,F,1992-12-05,1992-10-27,1992-12-13,NONE,AIR,latelets sle
44326-2,44326,723,20,2,48.00,77938.56,0.07,0.03,R,F,1993-01-03,1992-11-20,1993-01-13,COLLECT COD,RAIL,l instructions haggle slyly 
44327-1,44327,882,49,1,39.00,69532.32,0.06,0.04,N,O,1998-01-19,1998-03-16,1998-02-17,COLLECT COD,TRUCK,yly final acco
44327-2,44327,413,14,2,34.00,44655.94,0.09,0.05,N,O,1998-01-23,1998-02-22,1998-01-26,DELIVER IN PERSON,FOB,ending instructio
44327-3,44327,791,56,3,4.00,6767.16,0.08,0.02,N,O,1998-04-06,1998-02-15,1998-04-25,COLLECT COD,RAIL,e slyly ironic foxes. u
44352-1,44352,1334,73,1,7.00,8647.31,0.09,0.06,A,F,1994-10-04,1994-11-24,1994-10-13,NONE,RAIL,iously express deposits.
44352-2,44352,1660,2,2,28.00,43726.48,0.05,0.03,R,F,1994-09-28,1994-12-14,1994-10-05,TAKE BACK RETURN,SHIP,lar dolphins. ironic packages use al
44352-3,44352,56,57,3,24.00,22945.20,0.01,0.08,R,F,1994-11-10,1994-10-18,1994-11-26,COLLECT COD,MAIL,slyly express asymptotes wake from
44352-4,44352,1723,66,4,9.00,14622.48,0.04,0.08,A,F,1995-01-03,1994-12-12,1995-01-17,TAKE BACK RETURN,REG AIR,l packages. regul
44352-5,44352,195,96,5,25.00,27379.75,0.05,0.08,A,F,1995-01-10,1994-12-04,1995-02-05,TAKE BACK RETURN,REG AIR,long the accounts. slyly final the
44352-6,44352,862,63,6,44.00,77565.84,0.04,0.01,R,F,1994-12-27,1994-11-11,1995-01-20,DELIVER IN PERSON,SHIP,uests. accounts wake. carefully 
44353-1,44353,889,90,1,21.00,37587.48,0.08,0.02,R,F,1995-03-19,1995-04-21,1995-03-21,DELIVER IN PERSON,FOB,ong the even accoun
44353-2,44353,1103,40,2,34.00,34139.40,0.06,0.03,A,F,1995-06-05,1995-03-13,1995-06-15,NONE,RAIL, courts cajole.
44353-3,44353,483,71,3,10.00,13834.80,0.05,0.06,A,F,1995-04-25,1995-03-07,1995-05-03,DELIVER IN PERSON,TRUCK,arefully even ideas! theo
44353-4,44353,891,25,4,49.00,87802.61,0.09,0.06,A,F,1995-05-18,1995-04-12,1995-05-27,TAKE BACK RETURN,MAIL,uctions nag. reg
44354-1,44354,1717,44,1,17.00,27518.07,0.06,0.00,N,O,1997-08-26,1997-08-02,1997-09-12,COLLECT COD,FOB, the carefully final pinto
44354-2,44354,962,63,2,28.00,52162.88,0.04,0.07,N,O,1997-07-27,1997-09-01,1997-08-04,COLLECT COD,RAIL,ies haggle furiousl
44354-3,44354,1759,44,3,31.00,51483.25,0.06,0.06,N,O,1997-08-10,1997-07-24,1997-08-21,DELIVER IN PERSON,SHIP,es. carefully ironic accounts beyond 
44354-4,44354,1079,50,4,41.00,40182.87,0.04,0.07,N,O,1997-08-28,1997-07-05,1997-09-24,DELIVER IN PERSON,REG AIR, regular ideas dazzle. carefu
44355-1,44355,557,48,1,31.00,45184.05,0.01,0.08,N,O,1996-04-12,1996-04-09,1996-05-05,DELIVER IN PERSON,REG AIR,deposits. idly slow requests a
44355-2,44355,31,7,2,10.00,9310.30,0.00,0.02,N,O,1996-03-16,1996-05-11,1996-04-12,TAKE BACK RETURN,REG AIR,ously blithely special instructions. fluff
44355-3,44355,782,47,3,33.00,55531.74,0.01,0.06,N,O,1996-04-05,1996-03-30,1996-04-09,DELIVER IN PERSON,REG AIR,en requests integrate across the bold de
44355-4,44355,32,8,4,27.00,25164.81,0.04,0.08,N,O,1996-05-11,1996-04-25,1996-05-25,TAKE BACK RETURN,REG AIR,fully regular requests. always 
44355-5,44355,1929,74,5,5.00,9154.60,0.04,0.04,N,O,1996-05-29,1996-03-27,1996-06-14,COLLECT COD,REG AIR,accounts. fin
44355-6,44355,1899,100,6,46.00,82840.94,0.04,0.02,N,O,1996-06-16,1996-03-27,1996-07-12,DELIVER IN PERSON,TRUCK,nic packages! excuses sleep blithely 
44355-7,44355,869,3,7,13.00,23008.18,0.08,0.02,N,O,1996-03-24,1996-05-05,1996-04-05,DELIVER IN PERSON,MAIL,"s sleep quickly regular,"
44356-1,44356,1109,10,1,35.00,35353.50,0.10,0.00,N,O,1996-06-23,1996-08-06,1996-07-02,COLLECT COD,REG AIR,careful theodolites boost caref
44356-2,44356,990,93,2,16.00,30255.84,0.00,0.05,N,O,1996-08-25,1996-09-08,1996-09-14,NONE,AIR,ajole. fluffily spe
44356-3,44356,777,42,3,38.00,63755.26,0.07,0.07,N,O,1996-09-09,1996-08-02,1996-09-26,NONE,FOB,ecoys kindle blithely fluffily ironic
44356-4,44356,294,22,4,11.00,13137.19,0.03,0.02,N,O,1996-08-07,1996-09-01,1996-09-01,DELIVER IN PERSON,SHIP,riously unusual packages i
44356-5,44356,1330,31,5,32.00,39402.56,0.01,0.07,N,O,1996-08-02,1996-08-05,1996-08-11,COLLECT COD,MAIL,", special requests are. ironic"
44356-6,44356,330,59,6,36.00,44291.88,0.10,0.00,N,O,1996-10-09,1996-07-23,1996-10-15,NONE,RAIL,l courts wake. slyly
44357-1,44357,1348,49,1,4.00,4997.36,0.09,0.00,N,O,1995-12-08,1996-01-25,1995-12-13,NONE,FOB,ts. carefully pending dolphins cajo
44357-2,44357,234,89,2,28.00,31758.44,0.03,0.05,N,O,1996-02-22,1996-01-15,1996-03-20,TAKE BACK RETURN,AIR, foxes haggle slyly among the deposits. 
44357-3,44357,722,55,3,4.00,6490.88,0.09,0.03,N,O,1995-12-02,1995-12-29,1995-12-30,DELIVER IN PERSON,SHIP, the bold packa
44357-4,44357,474,75,4,37.00,50855.39,0.02,0.00,N,O,1995-12-01,1996-01-11,1995-12-05,TAKE BACK RETURN,REG AIR,unts sleep blithely ca
44357-5,44357,1408,48,5,39.00,51066.60,0.05,0.03,N,O,1995-12-15,1996-01-15,1995-12-26,TAKE BACK RETURN,REG AIR,efully carefully regular requests. blithely
44358-1,44358,1625,26,1,17.00,25952.54,0.08,0.07,A,F,1993-04-29,1993-05-04,1993-05-04,DELIVER IN PERSON,SHIP,ages. enticingly ironic
44358-2,44358,1594,35,2,42.00,62814.78,0.03,0.08,R,F,1993-04-23,1993-06-10,1993-05-09,NONE,RAIL,e. slyly final platelets sleep fluf
44358-3,44358,888,88,3,41.00,73344.08,0.03,0.07,A,F,1993-07-30,1993-06-07,1993-08-08,NONE,MAIL,the request
44358-4,44358,434,22,4,10.00,13344.30,0.10,0.08,R,F,1993-06-24,1993-05-09,1993-07-20,DELIVER IN PERSON,TRUCK,fully against the always pendi
44358-5,44358,433,34,5,27.00,36002.61,0.05,0.07,R,F,1993-04-30,1993-05-06,1993-05-10,TAKE BACK RETURN,REG AIR,ular instructio
44358-6,44358,1227,28,6,1.00,1128.22,0.09,0.07,R,F,1993-07-08,1993-06-25,1993-07-12,NONE,FOB,s the even
44358-7,44358,478,79,7,7.00,9649.29,0.07,0.03,R,F,1993-06-07,1993-05-18,1993-06-29,TAKE BACK RETURN,RAIL,s solve fluffily along the unusual ide
44359-1,44359,1396,97,1,38.00,49300.82,0.03,0.05,R,F,1994-02-19,1994-02-04,1994-02-24,NONE,TRUCK,ual requests wake slyly unusual i
44359-2,44359,949,52,2,38.00,70297.72,0.01,0.01,A,F,1993-12-02,1994-02-13,1993-12-31,NONE,MAIL,requests cajole furiously 
44359-3,44359,590,51,3,28.00,41736.52,0.00,0.06,R,F,1994-01-02,1994-01-22,1994-01-27,DELIVER IN PERSON,RAIL,unts. slyly express ideas wake fluffi
44359-4,44359,1938,39,4,49.00,90156.57,0.06,0.02,A,F,1993-12-17,1993-12-31,1994-01-12,NONE,FOB,: furiously ironic
44359-5,44359,258,86,5,15.00,17373.75,0.02,0.03,A,F,1993-12-20,1994-02-19,1994-01-19,DELIVER IN PERSON,REG AIR,nt carefully. blithely bold accounts
44359-6,44359,1593,14,6,41.00,61278.19,0.00,0.02,R,F,1994-03-25,1994-01-16,1994-04-07,DELIVER IN PERSON,RAIL,"efully ironic accounts. express, sp"
44384-1,44384,1960,5,1,28.00,52134.88,0.00,0.00,N,O,1998-01-14,1998-03-11,1998-02-12,COLLECT COD,FOB,cial deposits sleep carefully 
44384-2,44384,1607,31,2,26.00,39223.60,0.09,0.00,N,O,1998-02-05,1998-03-08,1998-02-26,COLLECT COD,SHIP, final foxes. furiously final foxes ca
44385-1,44385,451,81,1,22.00,29731.90,0.09,0.07,N,O,1996-05-16,1996-03-12,1996-06-05,DELIVER IN PERSON,MAIL,"ronic, special requests a"
44386-1,44386,75,26,1,34.00,33152.38,0.03,0.05,A,F,1992-06-25,1992-05-22,1992-07-20,NONE,AIR,nic requests sublate regular ac
44386-2,44386,781,82,2,17.00,28590.26,0.05,0.01,R,F,1992-07-02,1992-05-27,1992-07-11,DELIVER IN PERSON,MAIL,ve the carefully even deposits. slyly iron
44386-3,44386,326,27,3,15.00,18394.80,0.02,0.06,A,F,1992-05-05,1992-05-30,1992-05-09,NONE,FOB,pending theodolites. sil
44386-4,44386,742,39,4,32.00,52567.68,0.00,0.06,A,F,1992-04-15,1992-05-24,1992-05-05,TAKE BACK RETURN,MAIL,e blithely furiously regular id
44386-5,44386,1106,15,5,33.00,33234.30,0.09,0.01,A,F,1992-05-13,1992-05-20,1992-06-02,NONE,TRUCK,unts detect silent packag
44387-1,44387,1297,35,1,50.00,59914.50,0.03,0.00,R,F,1994-03-08,1994-05-05,1994-03-20,COLLECT COD,AIR,uriously regu
44387-2,44387,315,44,2,24.00,29167.44,0.10,0.07,R,F,1994-05-24,1994-03-08,1994-06-11,COLLECT COD,RAIL,ccounts ca
44387-3,44387,272,27,3,20.00,23445.40,0.03,0.06,A,F,1994-04-21,1994-04-04,1994-05-06,COLLECT COD,MAIL,are furiously slyly 
44387-4,44387,1353,54,4,36.00,45156.60,0.09,0.02,A,F,1994-03-25,1994-03-29,1994-04-10,COLLECT COD,TRUCK,. blithely pending deposits a
44387-5,44387,1257,58,5,10.00,11582.50,0.07,0.01,R,F,1994-06-06,1994-03-18,1994-06-13,DELIVER IN PERSON,TRUCK,egrate fluffily stealthil
44388-1,44388,282,10,1,49.00,57931.72,0.09,0.07,N,O,1997-07-25,1997-06-14,1997-08-16,DELIVER IN PERSON,RAIL,r the asymptotes. even multiplier
44388-2,44388,1563,64,2,34.00,49795.04,0.09,0.00,N,O,1997-05-25,1997-07-03,1997-05-26,TAKE BACK RETURN,AIR,egular deposits use carefull
44388-3,44388,811,11,3,4.00,6847.24,0.00,0.03,N,O,1997-06-11,1997-07-04,1997-06-13,COLLECT COD,TRUCK,le past the ironic deposits. furi
44389-1,44389,409,39,1,23.00,30116.20,0.03,0.02,R,F,1994-03-11,1994-04-23,1994-04-10,COLLECT COD,AIR,"ress, ironic ideas according to the spe"
44389-2,44389,1819,63,2,12.00,20649.72,0.04,0.05,A,F,1994-06-06,1994-03-30,1994-06-21,DELIVER IN PERSON,TRUCK,d accounts sleep bli
44390-1,44390,79,5,1,41.00,40141.87,0.03,0.04,A,F,1994-02-15,1994-01-28,1994-02-27,NONE,FOB,ly even deposit
44390-2,44390,476,64,2,46.00,63317.62,0.01,0.06,A,F,1993-12-20,1994-01-31,1994-01-05,TAKE BACK RETURN,TRUCK,ackages sl
44390-3,44390,168,47,3,40.00,42726.40,0.09,0.03,R,F,1994-01-02,1994-02-07,1994-01-09,TAKE BACK RETURN,SHIP,efully regular dependencies. blithely
44390-4,44390,141,20,4,39.00,40604.46,0.01,0.05,A,F,1994-03-02,1994-02-17,1994-03-23,NONE,MAIL,riously re
44390-5,44390,1809,53,5,35.00,59878.00,0.02,0.08,A,F,1994-01-09,1994-02-25,1994-01-14,TAKE BACK RETURN,AIR,sts wake across the slyly pending
44391-1,44391,1839,69,1,7.00,12185.81,0.00,0.05,A,F,1994-01-17,1994-03-07,1994-01-24,TAKE BACK RETURN,TRUCK,even ideas. ideas about the special instruc
44391-2,44391,1716,43,2,49.00,79267.79,0.02,0.06,A,F,1994-05-03,1994-02-20,1994-05-25,DELIVER IN PERSON,TRUCK,ites. bold deposits use blithely slyly ir
44391-3,44391,1902,3,3,1.00,1803.90,0.04,0.01,A,F,1994-03-19,1994-02-15,1994-04-08,TAKE BACK RETURN,AIR,ly express
44391-4,44391,1714,41,4,12.00,19388.52,0.01,0.05,A,F,1994-03-26,1994-03-05,1994-04-24,COLLECT COD,MAIL, use never. quic
44391-5,44391,1773,100,5,48.00,80388.96,0.08,0.08,R,F,1994-04-27,1994-03-16,1994-05-09,NONE,REG AIR,layers haggle furio
44416-1,44416,38,39,1,50.00,46901.50,0.02,0.01,N,O,1996-07-24,1996-08-23,1996-08-14,COLLECT COD,MAIL,n instructions haggle furiously pending
44416-2,44416,234,89,2,14.00,15879.22,0.08,0.05,N,O,1996-07-16,1996-09-03,1996-07-27,DELIVER IN PERSON,AIR, blithely final requests w
44416-3,44416,706,7,3,15.00,24100.50,0.06,0.00,N,O,1996-09-14,1996-08-02,1996-09-21,TAKE BACK RETURN,SHIP,"final accounts after the regular, regular"
44416-4,44416,1405,23,4,26.00,33966.40,0.08,0.08,N,O,1996-07-30,1996-08-05,1996-08-20,COLLECT COD,TRUCK,"ts. silent, silent"
44416-5,44416,464,52,5,39.00,53213.94,0.03,0.06,N,O,1996-07-04,1996-08-20,1996-07-10,DELIVER IN PERSON,MAIL,usly silent deposits sleep fluffil
44416-6,44416,1997,98,6,22.00,41777.78,0.05,0.02,N,O,1996-09-23,1996-09-15,1996-10-14,DELIVER IN PERSON,MAIL,to beans around the fluff
44417-1,44417,585,46,1,28.00,41596.24,0.10,0.00,A,F,1994-02-01,1994-01-26,1994-03-03,COLLECT COD,FOB,ular requests breach slyly. even reques
44417-2,44417,632,33,2,48.00,73566.24,0.09,0.02,A,F,1994-03-20,1994-02-10,1994-04-13,DELIVER IN PERSON,REG AIR, deposits affix furiously sile
44417-3,44417,291,73,3,11.00,13104.19,0.02,0.03,A,F,1994-03-25,1994-02-09,1994-04-12,NONE,RAIL,und the asymptotes. regular pin
44417-4,44417,1176,77,4,48.00,51704.16,0.05,0.02,R,F,1994-01-11,1994-01-12,1994-02-04,DELIVER IN PERSON,TRUCK,efully after the slyly regular deposits.
44418-1,44418,1291,66,1,41.00,48883.89,0.10,0.07,R,F,1995-02-09,1995-04-09,1995-03-10,DELIVER IN PERSON,AIR,arefully express requests. carefully
44418-2,44418,189,16,2,42.00,45745.56,0.07,0.05,R,F,1995-04-12,1995-04-17,1995-04-25,NONE,TRUCK,", silent accounts sle"
44418-3,44418,1519,100,3,29.00,41194.79,0.09,0.00,A,F,1995-05-15,1995-03-21,1995-05-29,COLLECT COD,FOB,e after the furiously daring packages. fina
44418-4,44418,1065,66,4,11.00,10626.66,0.07,0.06,R,F,1995-03-31,1995-03-10,1995-04-11,TAKE BACK RETURN,FOB,tegrate quickly. accounts haggle.
44418-5,44418,1950,39,5,48.00,88893.60,0.05,0.07,R,F,1995-05-28,1995-03-07,1995-06-14,COLLECT COD,REG AIR, final instructions 
44418-6,44418,666,60,6,11.00,17233.26,0.04,0.06,R,F,1995-02-17,1995-03-29,1995-03-03,COLLECT COD,REG AIR,theodolites are f
44419-1,44419,1268,69,1,33.00,38585.58,0.01,0.00,N,O,1997-09-19,1997-09-10,1997-10-13,NONE,SHIP,ter the even deposits. regu
44419-2,44419,1041,47,2,17.00,16014.68,0.00,0.06,N,O,1997-08-02,1997-08-19,1997-08-09,NONE,MAIL, foxes engage regularly. bo
44420-1,44420,766,67,1,15.00,25001.40,0.05,0.08,N,O,1998-05-18,1998-07-25,1998-06-06,COLLECT COD,REG AIR,rious platelets hang according to the regu
44420-2,44420,143,22,2,24.00,25035.36,0.09,0.06,N,O,1998-05-27,1998-06-19,1998-06-25,TAKE BACK RETURN,RAIL,kages. even 
44420-3,44420,218,73,3,21.00,23482.41,0.02,0.04,N,O,1998-05-07,1998-07-07,1998-06-03,NONE,SHIP,carefully silent 
44421-1,44421,1383,98,1,32.00,41100.16,0.02,0.04,N,O,1998-06-09,1998-08-08,1998-06-23,NONE,REG AIR,otes. carefully regular
44421-2,44421,1476,77,2,37.00,50966.39,0.03,0.00,N,O,1998-08-25,1998-07-02,1998-09-21,NONE,SHIP,he closely ir
44421-3,44421,1272,47,3,30.00,35198.10,0.01,0.00,N,O,1998-06-15,1998-07-08,1998-06-28,TAKE BACK RETURN,RAIL,instructions affix carefully f
44422-1,44422,896,63,1,45.00,80860.05,0.09,0.02,A,F,1992-04-18,1992-06-07,1992-04-29,NONE,RAIL,fluffily slyly f
44422-2,44422,1271,46,2,6.00,7033.62,0.04,0.04,R,F,1992-06-18,1992-06-24,1992-07-17,TAKE BACK RETURN,RAIL,theodolites. blithely special warhor
44422-3,44422,1540,41,3,24.00,34596.96,0.10,0.05,A,F,1992-07-02,1992-07-13,1992-07-22,TAKE BACK RETURN,TRUCK,ely regular deposi
44422-4,44422,1039,45,4,11.00,10340.33,0.07,0.06,R,F,1992-07-25,1992-06-23,1992-08-06,COLLECT COD,MAIL,lar pinto 
44422-5,44422,738,3,5,49.00,80297.77,0.04,0.03,R,F,1992-05-04,1992-05-17,1992-05-22,DELIVER IN PERSON,FOB,s cajole doggedly. furiously final courts i
44423-1,44423,1671,95,1,42.00,66052.14,0.10,0.06,R,F,1992-11-11,1992-10-23,1992-11-19,DELIVER IN PERSON,MAIL,fily even requests. pendi
44423-2,44423,95,21,2,8.00,7960.72,0.10,0.06,R,F,1992-11-18,1992-10-02,1992-12-05,DELIVER IN PERSON,SHIP,. final accounts
44423-3,44423,92,18,3,16.00,15873.44,0.10,0.05,R,F,1992-08-23,1992-10-23,1992-09-07,NONE,SHIP,ecial theodolites. regular packages
44448-1,44448,918,19,1,41.00,74575.31,0.08,0.01,A,F,1994-05-20,1994-07-07,1994-06-07,DELIVER IN PERSON,SHIP, express f
44448-2,44448,1885,72,2,32.00,57180.16,0.07,0.05,A,F,1994-07-18,1994-06-21,1994-08-13,NONE,MAIL,ly. deposits are dep
44448-3,44448,619,20,3,35.00,53186.35,0.09,0.03,R,F,1994-05-26,1994-06-10,1994-05-29,NONE,REG AIR, detect perman
44448-4,44448,1318,19,4,35.00,42675.85,0.02,0.01,R,F,1994-06-14,1994-06-26,1994-07-14,NONE,SHIP,ular package
44448-5,44448,1358,35,5,43.00,54152.05,0.03,0.01,A,F,1994-05-12,1994-05-16,1994-05-13,NONE,FOB,inal theodolites ca
44449-1,44449,560,61,1,48.00,70106.88,0.02,0.08,N,O,1995-10-04,1995-11-03,1995-10-11,TAKE BACK RETURN,RAIL,its. blithely express as
44449-2,44449,1859,60,2,39.00,68673.15,0.08,0.02,N,O,1995-11-25,1995-11-14,1995-11-29,DELIVER IN PERSON,SHIP,unts. slyly bold theodolites are acc
44450-1,44450,1314,91,1,28.00,34028.68,0.09,0.00,A,F,1994-02-05,1993-11-09,1994-02-14,COLLECT COD,SHIP,y final requests sleep slyly on t
44450-2,44450,121,100,2,18.00,18380.16,0.07,0.05,A,F,1993-12-16,1993-11-16,1993-12-23,NONE,REG AIR, engage across the depos
44450-3,44450,335,92,3,25.00,30883.25,0.07,0.03,R,F,1994-01-03,1993-12-24,1994-01-09,DELIVER IN PERSON,SHIP,y regular dependencies. evenly 
44450-4,44450,599,60,4,35.00,52485.65,0.06,0.07,R,F,1994-01-07,1993-11-20,1994-01-16,COLLECT COD,REG AIR,ix against the final deposits. stealthi
44451-1,44451,1051,57,1,43.00,40938.15,0.01,0.02,N,O,1995-12-15,1995-11-04,1996-01-06,COLLECT COD,RAIL,ithely special asymptotes haggle at
44451-2,44451,1570,71,2,47.00,69163.79,0.09,0.06,N,O,1995-10-25,1995-11-27,1995-10-29,DELIVER IN PERSON,REG AIR,rding to the blithely
44451-3,44451,467,26,3,46.00,62903.16,0.10,0.02,N,O,1995-12-01,1995-10-21,1995-12-03,DELIVER IN PERSON,FOB, cajole furiously careful
44451-4,44451,519,50,4,45.00,63877.95,0.05,0.08,N,O,1995-12-22,1995-11-02,1996-01-14,TAKE BACK RETURN,AIR,"s detect slyly permanent, final"
44451-5,44451,1327,4,5,22.00,27023.04,0.04,0.07,N,O,1995-10-25,1995-12-03,1995-11-04,TAKE BACK RETURN,AIR,ly bold asymptotes use car
44451-6,44451,983,86,6,33.00,62171.34,0.10,0.06,N,O,1995-11-20,1995-11-01,1995-12-17,DELIVER IN PERSON,MAIL,fully along the even requests. final
44452-1,44452,898,32,1,10.00,17988.90,0.09,0.08,N,O,1996-01-12,1996-01-09,1996-01-19,TAKE BACK RETURN,SHIP,ourts. regularly unusual deposits grow-- 
44452-2,44452,433,92,2,50.00,66671.50,0.03,0.04,N,O,1996-02-23,1996-02-24,1996-03-01,DELIVER IN PERSON,RAIL,ly regular requests affix care
44452-3,44452,1056,57,3,41.00,39239.05,0.04,0.07,N,O,1996-02-26,1996-03-07,1996-03-12,NONE,FOB,ronic asymp
44452-4,44452,1578,79,4,6.00,8877.42,0.06,0.05,N,O,1996-01-11,1996-02-29,1996-02-01,DELIVER IN PERSON,FOB,o beans above the blithely special ins
44453-1,44453,791,24,1,44.00,74438.76,0.01,0.06,R,F,1994-04-12,1994-05-01,1994-05-07,NONE,TRUCK,of the regular packages. furiously bo
44454-1,44454,717,18,1,29.00,46913.59,0.08,0.00,N,O,1997-02-22,1997-02-21,1997-02-26,NONE,FOB, slyly ironic ide
44454-2,44454,1203,4,2,47.00,51897.40,0.04,0.08,N,O,1997-01-01,1997-01-18,1997-01-16,DELIVER IN PERSON,MAIL,"ess, express accounts print furiously."
44454-3,44454,1773,74,3,15.00,25121.55,0.08,0.05,N,O,1997-02-21,1997-01-17,1997-03-09,TAKE BACK RETURN,SHIP,s cajole slyly. bold reque
44454-4,44454,1775,76,4,17.00,28505.09,0.07,0.04,N,O,1997-01-31,1997-01-25,1997-02-16,NONE,AIR, the carefully even theodolites. regular ac
44454-5,44454,404,92,5,32.00,41740.80,0.07,0.03,N,O,1997-01-26,1997-02-12,1997-01-31,DELIVER IN PERSON,SHIP,y bold dependencies nag 
44455-1,44455,1637,38,1,24.00,36927.12,0.00,0.06,N,O,1997-08-18,1997-07-27,1997-09-10,NONE,AIR,l frets cajole. quickly express deposits 
44455-2,44455,75,76,2,46.00,44853.22,0.09,0.05,N,O,1997-09-16,1997-09-12,1997-09-23,NONE,AIR,ng packages wake
44455-3,44455,1604,46,3,13.00,19572.80,0.01,0.03,N,O,1997-07-02,1997-08-06,1997-07-16,DELIVER IN PERSON,MAIL,sometimes regular req
44455-4,44455,688,20,4,4.00,6354.72,0.03,0.04,N,O,1997-06-26,1997-08-15,1997-07-16,DELIVER IN PERSON,TRUCK,lar deposits. furiously spec
44455-5,44455,1043,14,5,7.00,6608.28,0.08,0.04,N,O,1997-08-24,1997-08-14,1997-09-13,NONE,TRUCK, regularly a
44480-1,44480,257,58,1,42.00,48604.50,0.01,0.00,R,F,1993-06-03,1993-08-06,1993-06-16,TAKE BACK RETURN,RAIL, beans. ideas
44480-2,44480,295,50,2,29.00,34663.41,0.07,0.07,R,F,1993-08-18,1993-07-26,1993-08-28,DELIVER IN PERSON,MAIL,"ckly pending requests. bold, unusual deposi"
44481-1,44481,26,52,1,14.00,12964.28,0.06,0.07,N,O,1996-06-26,1996-08-03,1996-07-20,TAKE BACK RETURN,FOB,cial asymptote
44481-2,44481,753,54,2,1.00,1653.75,0.00,0.01,N,O,1996-09-03,1996-08-17,1996-09-26,NONE,MAIL, bold requests use caref
44481-3,44481,189,16,3,46.00,50102.28,0.09,0.08,N,O,1996-09-04,1996-08-16,1996-09-20,DELIVER IN PERSON,REG AIR,ular theodolites across the excuses g
44481-4,44481,27,78,4,19.00,17613.38,0.08,0.03,N,O,1996-08-09,1996-08-23,1996-09-06,DELIVER IN PERSON,TRUCK, dependencies. slyly ir
44481-5,44481,1193,2,5,35.00,38296.65,0.00,0.06,N,O,1996-06-07,1996-08-20,1996-06-14,COLLECT COD,REG AIR, pending asymptotes haggle around 
44481-6,44481,1541,42,6,2.00,2885.08,0.02,0.00,N,O,1996-08-08,1996-08-23,1996-08-14,COLLECT COD,RAIL,p fluffily; close requests caj
44481-7,44481,93,94,7,42.00,41709.78,0.03,0.06,N,O,1996-07-30,1996-09-03,1996-08-14,COLLECT COD,TRUCK,ans. fluffily ironic deposits boo
44482-1,44482,66,67,1,7.00,6762.42,0.00,0.01,N,O,1998-06-25,1998-04-17,1998-07-25,COLLECT COD,TRUCK,. ironic ideas are furiously slowly b
44482-2,44482,1485,25,2,50.00,69324.00,0.04,0.08,N,O,1998-05-11,1998-04-23,1998-05-19,COLLECT COD,MAIL,ven ideas promise quickly speci
44483-1,44483,1466,45,1,20.00,27349.20,0.09,0.01,N,O,1996-11-09,1996-10-17,1996-11-27,COLLECT COD,MAIL,al warhorses. bold packages according t
44483-2,44483,1668,51,2,38.00,59647.08,0.09,0.03,N,O,1996-10-16,1996-09-03,1996-11-01,DELIVER IN PERSON,FOB,onic platelets. blithely regular 
44483-3,44483,1946,35,3,21.00,38806.74,0.04,0.05,N,O,1996-09-22,1996-10-23,1996-09-27,TAKE BACK RETURN,SHIP,nal warthogs. carefully close requests
44483-4,44483,716,49,4,48.00,77602.08,0.02,0.04,N,O,1996-08-21,1996-09-22,1996-08-27,COLLECT COD,AIR,lly close pearls are at the regular pack
44483-5,44483,664,96,5,8.00,12517.28,0.10,0.08,N,O,1996-11-01,1996-09-14,1996-11-26,TAKE BACK RETURN,AIR,ing theodolites w
44483-6,44483,506,97,6,38.00,53447.00,0.02,0.04,N,O,1996-09-21,1996-10-22,1996-09-24,COLLECT COD,SHIP,lent foxes are slyly ironic dep
44483-7,44483,708,41,7,15.00,24130.50,0.08,0.00,N,O,1996-09-21,1996-09-24,1996-09-27,NONE,FOB,uickly regular deposits integrate
44484-1,44484,95,21,1,16.00,15921.44,0.00,0.04,N,O,1996-03-12,1996-03-19,1996-03-19,TAKE BACK RETURN,AIR,"tions. final, re"
44484-2,44484,1374,51,2,17.00,21681.29,0.01,0.02,N,O,1996-05-31,1996-04-04,1996-06-06,DELIVER IN PERSON,RAIL,ost carefully with the
44484-3,44484,837,71,3,39.00,67775.37,0.07,0.04,N,O,1996-02-27,1996-04-01,1996-03-05,DELIVER IN PERSON,RAIL, requests. fur
44484-4,44484,1105,42,4,47.00,47286.70,0.07,0.08,N,O,1996-04-16,1996-05-01,1996-05-08,NONE,TRUCK,refully close as
44484-5,44484,969,38,5,44.00,82278.24,0.08,0.04,N,O,1996-06-06,1996-03-16,1996-06-07,TAKE BACK RETURN,TRUCK,posits poach furiously final pa
44484-6,44484,868,68,6,46.00,81367.56,0.04,0.00,N,O,1996-05-27,1996-04-24,1996-06-22,COLLECT COD,FOB,hely express pi
44484-7,44484,465,24,7,9.00,12289.14,0.06,0.03,N,O,1996-03-08,1996-03-29,1996-03-21,TAKE BACK RETURN,SHIP,ly regular requests cajo
44485-1,44485,1190,91,1,40.00,43647.60,0.06,0.02,R,F,1994-07-28,1994-08-21,1994-08-04,NONE,FOB,ly after the pa
44485-2,44485,838,72,2,44.00,76508.52,0.03,0.06,A,F,1994-09-17,1994-09-10,1994-09-27,COLLECT COD,TRUCK,ckages haggle slyly expre
44485-3,44485,1908,53,3,47.00,85065.30,0.03,0.08,R,F,1994-08-10,1994-09-15,1994-08-27,DELIVER IN PERSON,AIR,above the final deposits. f
44486-1,44486,139,18,1,35.00,36369.55,0.03,0.07,A,F,1992-08-12,1992-09-18,1992-08-18,TAKE BACK RETURN,AIR, final Tiresias. theodolite
44486-2,44486,535,66,2,1.00,1435.53,0.01,0.02,R,F,1992-08-15,1992-09-10,1992-09-11,NONE,TRUCK,"ajole regular, silent pac"
44487-1,44487,909,12,1,28.00,50677.20,0.03,0.02,A,F,1994-11-14,1994-11-04,1994-11-18,DELIVER IN PERSON,RAIL,aggle slyly daringly bold asymptote
44487-2,44487,600,31,2,13.00,19507.80,0.02,0.04,A,F,1994-12-31,1994-10-31,1995-01-23,TAKE BACK RETURN,RAIL, boldly close deposit
44487-3,44487,543,4,3,39.00,56298.06,0.00,0.05,A,F,1994-10-05,1994-10-28,1994-10-11,DELIVER IN PERSON,AIR,accounts wake. blit
44487-4,44487,1801,45,4,49.00,83437.20,0.05,0.03,R,F,1995-01-08,1994-11-13,1995-02-03,DELIVER IN PERSON,AIR,fully silent dependencies haggle furiousl
44487-5,44487,115,94,5,15.00,15226.65,0.08,0.04,R,F,1994-12-04,1994-10-25,1994-12-29,DELIVER IN PERSON,MAIL,"ainst the ironic, regular "
44487-6,44487,848,49,6,37.00,64707.08,0.03,0.06,R,F,1994-10-09,1994-12-08,1994-10-28,COLLECT COD,REG AIR,counts sleep carefully after the furiou
44487-7,44487,674,68,7,10.00,15746.70,0.06,0.06,R,F,1994-12-03,1994-10-27,1994-12-17,COLLECT COD,FOB,y among the blithely expre
44512-1,44512,1809,10,1,29.00,49613.20,0.01,0.02,A,F,1993-04-16,1993-06-08,1993-05-03,COLLECT COD,TRUCK,"special, ironic plate"
44513-1,44513,116,69,1,4.00,4064.44,0.10,0.03,R,F,1994-08-07,1994-10-01,1994-08-17,COLLECT COD,AIR," the regular, regular i"
44513-2,44513,1154,55,2,11.00,11606.65,0.10,0.07,A,F,1994-09-29,1994-08-25,1994-10-29,COLLECT COD,MAIL,nusual platelets wake slyly 
44513-3,44513,1358,73,3,9.00,11334.15,0.08,0.01,R,F,1994-09-28,1994-10-04,1994-10-14,NONE,AIR, regular acc
44514-1,44514,1282,83,1,38.00,44964.64,0.00,0.05,A,F,1995-02-03,1995-02-13,1995-02-21,TAKE BACK RETURN,TRUCK,tions use carefully abou
44515-1,44515,428,16,1,27.00,35867.34,0.01,0.05,N,O,1997-01-14,1996-11-09,1997-02-01,NONE,TRUCK,nding theodolite
44515-2,44515,1206,7,2,4.00,4428.80,0.04,0.06,N,O,1996-10-13,1996-12-17,1996-11-10,COLLECT COD,RAIL,deposits boost fluffily un
44516-1,44516,714,11,1,50.00,80735.50,0.04,0.01,N,O,1995-08-21,1995-08-14,1995-09-19,DELIVER IN PERSON,REG AIR,usual packages along the slyly unusual
44516-2,44516,1309,10,2,7.00,8472.10,0.02,0.08,N,O,1995-08-19,1995-09-24,1995-08-20,TAKE BACK RETURN,REG AIR,old foxes. slowly pending 
44516-3,44516,1841,85,3,13.00,22656.92,0.05,0.06,N,O,1995-10-13,1995-09-12,1995-10-25,NONE,MAIL,ong the regular requests. bli
44516-4,44516,1739,40,4,34.00,55784.82,0.07,0.06,N,O,1995-08-26,1995-08-18,1995-09-25,NONE,SHIP,ts boost furiously express theodoli
44516-5,44516,1973,74,5,19.00,35624.43,0.06,0.02,N,O,1995-10-10,1995-09-17,1995-11-07,NONE,TRUCK,p furiously slyly special
44516-6,44516,1884,85,6,37.00,66077.56,0.09,0.08,N,O,1995-09-23,1995-09-18,1995-10-14,COLLECT COD,TRUCK,y regular theodolites use sly
44517-1,44517,693,56,1,38.00,60560.22,0.01,0.05,R,F,1994-06-15,1994-07-16,1994-06-19,DELIVER IN PERSON,SHIP,ecial pinto beans sleep quickly abov
44517-2,44517,1141,42,2,3.00,3126.42,0.02,0.04,R,F,1994-05-01,1994-06-04,1994-05-10,COLLECT COD,REG AIR,ts. carefully 
44517-3,44517,181,60,3,22.00,23785.96,0.06,0.00,A,F,1994-08-07,1994-07-10,1994-08-25,NONE,RAIL,quests. permanent dependencies against th
44517-4,44517,728,25,4,4.00,6514.88,0.01,0.07,R,F,1994-06-05,1994-06-23,1994-06-10,DELIVER IN PERSON,MAIL,eas lose slyly expres
44517-5,44517,1854,55,5,17.00,29849.45,0.04,0.03,R,F,1994-04-28,1994-07-17,1994-05-06,COLLECT COD,SHIP,its integrate blithely al
44517-6,44517,1880,10,6,35.00,62365.80,0.03,0.08,R,F,1994-07-20,1994-07-04,1994-08-16,NONE,FOB, furiously regular packages. caref
44517-7,44517,1268,69,7,14.00,16369.64,0.09,0.04,R,F,1994-05-25,1994-06-27,1994-06-13,COLLECT COD,REG AIR,dolphins. 
44518-1,44518,588,49,1,32.00,47634.56,0.04,0.07,N,O,1996-09-24,1996-08-31,1996-10-08,TAKE BACK RETURN,SHIP,ual instru
44518-2,44518,1277,78,2,44.00,51843.88,0.01,0.08,N,O,1996-07-22,1996-09-11,1996-08-12,COLLECT COD,REG AIR,posits near the blithely bold p
44519-1,44519,1525,6,1,5.00,7132.60,0.03,0.00,A,F,1993-06-16,1993-07-19,1993-06-18,COLLECT COD,SHIP,ests use. regular deposits into the regular
44519-2,44519,1650,33,2,33.00,51204.45,0.10,0.07,A,F,1993-07-28,1993-07-18,1993-08-09,DELIVER IN PERSON,AIR,e furiously after 
44519-3,44519,183,10,3,45.00,48743.10,0.04,0.06,A,F,1993-06-19,1993-07-11,1993-07-08,COLLECT COD,TRUCK,structions. ideas haggle. quickly speci
44519-4,44519,621,15,4,35.00,53256.70,0.00,0.07,A,F,1993-05-23,1993-08-13,1993-06-18,COLLECT COD,TRUCK,en instructions sleep. blithely even mult
44519-5,44519,1162,35,5,1.00,1063.16,0.01,0.04,A,F,1993-09-12,1993-07-12,1993-09-14,NONE,TRUCK,unts integrate quickly after the ca
44519-6,44519,1952,41,6,21.00,38932.95,0.10,0.04,A,F,1993-08-12,1993-08-16,1993-08-17,TAKE BACK RETURN,FOB,heodolites. f
44544-1,44544,1471,89,1,42.00,57643.74,0.10,0.07,N,O,1998-04-24,1998-05-29,1998-05-09,NONE,AIR, blithely unusual dep
44544-2,44544,859,26,2,4.00,7039.40,0.09,0.02,N,O,1998-04-01,1998-04-22,1998-04-22,DELIVER IN PERSON,TRUCK,"sts are. even, regular a"
44544-3,44544,630,24,3,19.00,29081.97,0.05,0.00,N,O,1998-04-16,1998-04-23,1998-04-17,TAKE BACK RETURN,SHIP," packages across the ironic, "
44544-4,44544,1253,91,4,39.00,45015.75,0.06,0.08,N,O,1998-03-22,1998-04-13,1998-03-31,NONE,RAIL,"re carefully. ironic, i"
44544-5,44544,1684,8,5,19.00,30127.92,0.05,0.07,N,O,1998-04-10,1998-04-30,1998-05-07,NONE,REG AIR,"c ideas was bold,"
44544-6,44544,475,34,6,26.00,35762.22,0.00,0.01,N,O,1998-06-20,1998-04-27,1998-07-20,DELIVER IN PERSON,FOB,ajole carefully acr
44545-1,44545,84,85,1,11.00,10824.88,0.00,0.02,N,O,1998-04-06,1998-04-05,1998-04-09,DELIVER IN PERSON,REG AIR,onic packages m
44545-2,44545,493,23,2,23.00,32050.27,0.05,0.06,N,O,1998-03-05,1998-03-31,1998-03-21,COLLECT COD,MAIL,requests. fl
44545-3,44545,1906,95,3,1.00,1807.90,0.05,0.05,N,O,1998-05-08,1998-03-25,1998-05-18,NONE,RAIL,instructions cajole. blithely
44545-4,44545,443,44,4,18.00,24181.92,0.06,0.04,N,O,1998-01-16,1998-03-28,1998-02-02,TAKE BACK RETURN,FOB,ar platelets. furiously ir
44545-5,44545,641,35,5,9.00,13874.76,0.08,0.01,N,O,1998-02-28,1998-03-08,1998-03-28,COLLECT COD,RAIL, to the permanently regular 
44545-6,44545,1358,35,6,8.00,10074.80,0.08,0.08,N,O,1998-03-03,1998-03-19,1998-03-13,NONE,MAIL,ests poach. furiousl
44545-7,44545,175,54,7,50.00,53758.50,0.07,0.06,N,O,1998-05-05,1998-02-13,1998-05-28,TAKE BACK RETURN,SHIP, deposits according to the regul
44546-1,44546,161,40,1,42.00,44568.72,0.02,0.06,A,F,1993-07-17,1993-06-05,1993-08-02,COLLECT COD,SHIP,its thrash carefully. 
44546-2,44546,583,44,2,37.00,54892.46,0.07,0.00,A,F,1993-03-30,1993-04-29,1993-04-03,TAKE BACK RETURN,REG AIR,uests. accounts cajole furiousl
44546-3,44546,1324,1,3,38.00,46562.16,0.08,0.01,R,F,1993-06-09,1993-06-21,1993-06-21,NONE,AIR,unts believe after the fluffily 
44547-1,44547,1041,42,1,49.00,46159.96,0.09,0.02,N,O,1995-07-25,1995-06-13,1995-08-13,TAKE BACK RETURN,MAIL,s are carefu
44547-2,44547,1957,58,2,35.00,65063.25,0.01,0.08,N,O,1995-07-29,1995-07-23,1995-08-25,COLLECT COD,SHIP,odolites are aga
44548-1,44548,1335,50,1,21.00,25962.93,0.07,0.02,N,O,1997-09-07,1997-09-29,1997-10-07,DELIVER IN PERSON,REG AIR,t the final ideas use carefu
44548-2,44548,1746,31,2,34.00,56023.16,0.09,0.08,N,O,1997-08-24,1997-08-25,1997-09-09,COLLECT COD,RAIL,inst the slyly regular warhors
44548-3,44548,100,26,3,1.00,1000.10,0.00,0.02,N,O,1997-10-13,1997-09-15,1997-11-02,COLLECT COD,MAIL,furiously regular instructions. 
44549-1,44549,1351,28,1,46.00,57608.10,0.02,0.02,R,F,1992-05-16,1992-04-02,1992-05-21,DELIVER IN PERSON,RAIL,the bold accounts a
44549-2,44549,2000,89,2,20.00,18040.00,0.02,0.06,A,F,1992-04-10,1992-03-22,1992-05-01,COLLECT COD,FOB,ts integrate fluffily about the
44549-3,44549,962,65,3,47.00,87559.12,0.09,0.08,R,F,1992-04-25,1992-04-01,1992-04-28,NONE,RAIL,d slyly acr
44550-1,44550,1716,43,1,22.00,35589.62,0.08,0.08,N,O,1997-11-25,1997-11-04,1997-12-14,DELIVER IN PERSON,TRUCK,ts. final court
44550-2,44550,386,71,2,35.00,45023.30,0.05,0.05,N,O,1997-12-19,1997-10-09,1997-12-28,NONE,REG AIR,y furiously final requests. blith
44551-1,44551,546,77,1,21.00,30377.34,0.08,0.08,N,O,1997-02-20,1997-03-07,1997-02-28,COLLECT COD,TRUCK,iously regular accounts are quickly pendin
44576-1,44576,1360,61,1,6.00,7568.16,0.04,0.08,A,F,1995-04-23,1995-02-27,1995-05-11,DELIVER IN PERSON,REG AIR,ic patterns. blithely bold depos
44576-2,44576,1584,25,2,13.00,19312.54,0.04,0.05,R,F,1995-03-03,1995-01-28,1995-03-24,NONE,TRUCK,efully regular depen
44576-3,44576,98,99,3,3.00,2994.27,0.08,0.07,R,F,1995-01-05,1995-03-19,1995-01-06,DELIVER IN PERSON,RAIL,ly final instructions according to 
44576-4,44576,495,96,4,21.00,29305.29,0.10,0.06,A,F,1995-04-07,1995-02-19,1995-04-29,DELIVER IN PERSON,RAIL,al foxes. caref
44576-5,44576,1536,37,5,19.00,27313.07,0.08,0.01,R,F,1995-04-19,1995-03-21,1995-05-13,DELIVER IN PERSON,AIR,haggle requests. quickly regul
44576-6,44576,1704,31,6,35.00,56199.50,0.03,0.03,A,F,1995-02-18,1995-03-19,1995-02-27,NONE,MAIL, requests. requests haggle
44577-1,44577,253,54,1,23.00,26524.75,0.06,0.03,N,O,1997-06-24,1997-06-09,1997-07-14,NONE,FOB,. bold pinto beans
44577-2,44577,142,43,2,4.00,4168.56,0.10,0.00,N,O,1997-06-26,1997-05-24,1997-06-28,DELIVER IN PERSON,FOB, foxes. accounts detect fluffily according
44577-3,44577,535,66,3,43.00,61727.79,0.10,0.03,N,O,1997-03-31,1997-05-19,1997-04-05,NONE,TRUCK,he slyly unusual asymptotes wake quic
44577-4,44577,338,39,4,27.00,33434.91,0.02,0.03,N,O,1997-05-11,1997-05-12,1997-05-30,TAKE BACK RETURN,SHIP,refully even packages against the
44578-1,44578,1430,70,1,42.00,55920.06,0.09,0.05,N,O,1997-04-15,1997-04-09,1997-05-14,TAKE BACK RETURN,MAIL,t sleep slyly among the
44578-2,44578,1061,32,2,24.00,23089.44,0.02,0.01,N,O,1997-04-07,1997-04-03,1997-05-03,TAKE BACK RETURN,AIR, the carefully final requests. blithely reg
44578-3,44578,1820,64,3,47.00,80925.54,0.06,0.07,N,O,1997-05-26,1997-04-19,1997-06-25,TAKE BACK RETURN,RAIL,l accounts wake after the packages. quie
44578-4,44578,1678,2,4,22.00,34752.74,0.02,0.05,N,O,1997-02-20,1997-03-23,1997-03-19,COLLECT COD,MAIL,ounts boost slyly. ev
44578-5,44578,787,20,5,48.00,81013.44,0.04,0.04,N,O,1997-02-12,1997-03-06,1997-03-01,NONE,MAIL,hely even accounts. slyly pending platele
44578-6,44578,1265,3,6,12.00,13995.12,0.02,0.01,N,O,1997-02-24,1997-04-01,1997-02-28,NONE,MAIL," against the pending, ironic ideas "
44579-1,44579,1404,83,1,2.00,2610.80,0.04,0.00,N,O,1995-07-24,1995-08-08,1995-08-11,TAKE BACK RETURN,RAIL," quickly. even, even i"
44579-2,44579,1338,39,2,15.00,18589.95,0.05,0.05,N,O,1995-08-29,1995-08-16,1995-09-15,DELIVER IN PERSON,RAIL,around the slyly ironic packages. ca
44579-3,44579,43,94,3,11.00,10373.44,0.10,0.08,N,O,1995-07-02,1995-07-10,1995-07-25,COLLECT COD,FOB,y regular Tiresias. brave dependen
44579-4,44579,719,84,4,27.00,43732.17,0.01,0.00,N,O,1995-08-04,1995-08-22,1995-08-22,DELIVER IN PERSON,RAIL," the express, ironic in"
44579-5,44579,441,100,5,49.00,65730.56,0.09,0.00,N,O,1995-08-26,1995-08-27,1995-09-03,COLLECT COD,REG AIR,slyly ironic packages u
44579-6,44579,312,41,6,24.00,29095.44,0.03,0.03,N,O,1995-09-16,1995-08-29,1995-10-10,NONE,RAIL,"ng, even pinto beans about the careful"
44579-7,44579,1062,68,7,4.00,3852.24,0.02,0.03,N,F,1995-06-05,1995-07-15,1995-06-21,COLLECT COD,AIR,ely final instructions. unusual courts abou
44580-1,44580,119,20,1,33.00,33630.63,0.09,0.03,R,F,1992-06-28,1992-05-04,1992-06-29,DELIVER IN PERSON,FOB,requests. blithely ironic accounts
44580-2,44580,897,31,2,15.00,26968.35,0.04,0.03,R,F,1992-07-14,1992-05-21,1992-08-11,NONE,TRUCK,e carefully among the
44580-3,44580,1884,71,3,19.00,33931.72,0.05,0.07,A,F,1992-04-12,1992-05-10,1992-04-26,NONE,AIR,egular theodolites. fluffily 
44581-1,44581,1224,99,1,24.00,27005.28,0.03,0.07,N,O,1997-12-02,1998-01-11,1997-12-16,DELIVER IN PERSON,SHIP,ic deposits
44581-2,44581,507,8,2,40.00,56300.00,0.05,0.06,N,O,1997-12-08,1998-02-07,1997-12-22,DELIVER IN PERSON,MAIL,y bold requests? furiously bold accounts ar
44581-3,44581,587,88,3,49.00,72891.42,0.01,0.06,N,O,1998-02-15,1998-02-05,1998-03-04,COLLECT COD,TRUCK,d blithely alongside of the carefully regu
44581-4,44581,644,45,4,24.00,37071.36,0.08,0.00,N,O,1997-12-17,1998-01-22,1997-12-23,NONE,TRUCK,kages? slyly fluff
44581-5,44581,1014,85,5,34.00,31110.34,0.09,0.08,N,O,1998-02-17,1998-01-27,1998-02-25,TAKE BACK RETURN,REG AIR,nto beans. final 
44581-6,44581,1957,58,6,32.00,59486.40,0.02,0.02,N,O,1997-12-18,1998-01-27,1997-12-28,NONE,REG AIR,e dogged platelets. slyly
44582-1,44582,1337,52,1,38.00,47056.54,0.06,0.06,N,O,1997-01-10,1997-01-01,1997-01-15,NONE,SHIP,the carefully special theodolit
44582-2,44582,793,58,2,22.00,37263.38,0.04,0.01,N,O,1997-01-06,1997-02-11,1997-01-09,COLLECT COD,SHIP,t the even accounts. fluffily even dep
44583-1,44583,1053,59,1,20.00,19081.00,0.06,0.05,A,F,1994-12-22,1994-11-15,1994-12-30,NONE,SHIP,e carefully final theodolites wak
44583-2,44583,391,92,2,41.00,52946.99,0.08,0.05,A,F,1994-11-27,1994-12-02,1994-12-24,COLLECT COD,AIR,posits use blithely fur
44608-1,44608,1868,55,1,42.00,74334.12,0.07,0.07,R,F,1992-05-07,1992-04-25,1992-05-13,COLLECT COD,RAIL, beans. quickly special pinto beans 
44608-2,44608,495,96,2,45.00,62797.05,0.10,0.07,R,F,1992-04-01,1992-03-17,1992-04-02,COLLECT COD,MAIL,s around the furiously special multipliers
44608-3,44608,105,6,3,20.00,20102.00,0.04,0.00,R,F,1992-02-11,1992-03-12,1992-02-13,DELIVER IN PERSON,REG AIR,nal accounts across the pending
44608-4,44608,242,43,4,45.00,51400.80,0.06,0.00,R,F,1992-05-14,1992-03-24,1992-05-24,TAKE BACK RETURN,SHIP,as shall wake according to the even accou
44608-5,44608,1502,23,5,21.00,29473.50,0.01,0.03,R,F,1992-02-08,1992-03-21,1992-02-16,DELIVER IN PERSON,TRUCK,s nag furiously 
44608-6,44608,343,72,6,2.00,2486.68,0.08,0.04,A,F,1992-05-02,1992-03-14,1992-05-09,DELIVER IN PERSON,FOB,mpress blithely carefully pendin
44608-7,44608,764,61,7,23.00,38289.48,0.02,0.06,R,F,1992-04-29,1992-04-08,1992-05-15,NONE,MAIL,s about the final theodolites 
44609-1,44609,1789,74,1,21.00,35506.38,0.02,0.08,N,O,1995-09-09,1995-09-08,1995-09-14,NONE,FOB,g to the slyly regular deposits cajol
44609-2,44609,812,12,2,4.00,6851.24,0.08,0.06,N,O,1995-08-29,1995-08-19,1995-09-12,DELIVER IN PERSON,REG AIR,n dolphins. b
44609-3,44609,395,52,3,38.00,49224.82,0.01,0.06,N,O,1995-08-01,1995-08-09,1995-08-04,NONE,RAIL,"nic, final warhorses according "
44609-4,44609,385,42,4,24.00,30849.12,0.05,0.00,N,O,1995-06-30,1995-08-04,1995-07-26,COLLECT COD,AIR," haggle blithely across the pending, r"
44609-5,44609,332,33,5,40.00,49293.20,0.01,0.05,N,O,1995-09-01,1995-08-01,1995-09-18,DELIVER IN PERSON,REG AIR,y fluffy packa
44609-6,44609,118,45,6,20.00,20362.20,0.02,0.05,N,O,1995-08-23,1995-07-21,1995-08-28,TAKE BACK RETURN,RAIL,"inal ideas. unusual, regular deposits "
44610-1,44610,185,64,1,17.00,18448.06,0.10,0.02,A,F,1995-04-12,1995-04-16,1995-04-25,COLLECT COD,FOB,rding to the carefull
44610-2,44610,374,3,2,22.00,28036.14,0.04,0.02,N,F,1995-06-04,1995-05-04,1995-06-18,DELIVER IN PERSON,SHIP,ular instructions sleep around the
44610-3,44610,1278,90,3,40.00,47170.80,0.02,0.04,R,F,1995-04-28,1995-05-05,1995-05-01,TAKE BACK RETURN,REG AIR,refully ironic deposit
44610-4,44610,1152,25,4,45.00,47391.75,0.06,0.04,N,O,1995-06-26,1995-05-08,1995-06-29,COLLECT COD,RAIL,press notornis. blithe
44610-5,44610,697,98,5,16.00,25563.04,0.08,0.08,R,F,1995-04-18,1995-05-05,1995-05-01,TAKE BACK RETURN,MAIL, quickly express dependen
44611-1,44611,260,42,1,30.00,34807.80,0.05,0.00,N,O,1997-09-20,1997-10-13,1997-10-05,COLLECT COD,FOB,uffily pendin
44611-2,44611,1386,87,2,29.00,37334.02,0.03,0.06,N,O,1997-09-19,1997-10-13,1997-09-26,TAKE BACK RETURN,MAIL,about the carefully spe
44611-3,44611,1249,24,3,2.00,2300.48,0.09,0.03,N,O,1997-09-26,1997-09-13,1997-10-09,DELIVER IN PERSON,REG AIR,lent theodol
44611-4,44611,974,77,4,35.00,65623.95,0.04,0.05,N,O,1997-10-19,1997-09-29,1997-11-16,NONE,REG AIR, among the blithely silen
44612-1,44612,559,20,1,27.00,39407.85,0.03,0.03,A,F,1995-05-13,1995-06-09,1995-05-17,COLLECT COD,SHIP,quests sleep carefully special
44612-2,44612,958,59,2,42.00,78075.90,0.08,0.07,N,O,1995-07-05,1995-05-05,1995-07-16,DELIVER IN PERSON,SHIP,refully according to the dolphins.
44612-3,44612,137,64,3,10.00,10371.30,0.02,0.03,A,F,1995-04-28,1995-05-20,1995-05-09,TAKE BACK RETURN,REG AIR,refully along the qu
44612-4,44612,1135,72,4,19.00,19686.47,0.00,0.04,R,F,1995-05-15,1995-05-20,1995-05-19,NONE,AIR,ess instructions haggle for the slyl
44612-5,44612,964,99,5,7.00,13054.72,0.01,0.08,N,O,1995-07-12,1995-05-04,1995-07-23,NONE,REG AIR,es? slyly slow deposits sleep even
44613-1,44613,1555,96,1,16.00,23304.80,0.02,0.04,A,F,1993-09-17,1993-11-15,1993-10-13,TAKE BACK RETURN,TRUCK,across the slyly regular a
44613-2,44613,383,84,2,43.00,55185.34,0.09,0.05,R,F,1993-11-15,1993-11-28,1993-11-17,DELIVER IN PERSON,REG AIR,uffily above the accounts. blithely final p
44613-3,44613,40,66,3,47.00,44181.88,0.05,0.02,R,F,1993-12-25,1993-11-07,1993-12-27,NONE,REG AIR,ly regular requests. foxes according t
44613-4,44613,1435,53,4,8.00,10691.44,0.10,0.03,R,F,1993-10-23,1993-11-23,1993-10-25,DELIVER IN PERSON,RAIL,s. ruthlessly sly instructions aff
44614-1,44614,1191,64,1,21.00,22935.99,0.09,0.03,R,F,1993-09-20,1993-08-04,1993-09-21,COLLECT COD,FOB,hely final package
44614-2,44614,300,55,2,18.00,21605.40,0.02,0.05,R,F,1993-09-17,1993-08-28,1993-09-18,COLLECT COD,TRUCK,ions: fluffi
44614-3,44614,600,91,3,8.00,12004.80,0.08,0.00,R,F,1993-08-17,1993-08-15,1993-08-27,DELIVER IN PERSON,RAIL,"tes doubt unusual, unusual deposits. slyly "
44614-4,44614,1803,90,4,34.00,57963.20,0.10,0.04,A,F,1993-07-13,1993-08-17,1993-07-26,DELIVER IN PERSON,RAIL,r platelets sleep
44614-5,44614,1714,57,5,32.00,51702.72,0.07,0.06,R,F,1993-06-19,1993-07-25,1993-07-14,DELIVER IN PERSON,TRUCK,gle about the carefu
44614-6,44614,1647,71,6,20.00,30972.80,0.10,0.04,A,F,1993-07-28,1993-08-16,1993-08-14,COLLECT COD,AIR,to sleep blithely across the final acc
44615-1,44615,1551,92,1,48.00,69722.40,0.08,0.01,R,F,1993-05-19,1993-07-14,1993-06-03,NONE,RAIL,inal accounts. pe
44615-2,44615,380,65,2,7.00,8962.66,0.03,0.08,R,F,1993-08-24,1993-07-04,1993-09-15,NONE,AIR,lyly express packages 
44615-3,44615,769,2,3,11.00,18367.36,0.02,0.01,R,F,1993-08-03,1993-06-25,1993-08-15,NONE,REG AIR,t the ironic theodolites h
44615-4,44615,1895,25,4,43.00,77266.27,0.03,0.03,R,F,1993-05-30,1993-08-07,1993-06-26,NONE,TRUCK,gainst the express reque
44615-5,44615,441,100,5,24.00,32194.56,0.05,0.01,A,F,1993-06-11,1993-07-19,1993-07-11,DELIVER IN PERSON,AIR,ests. pending pinto beans eat 
44640-1,44640,646,9,1,40.00,61865.60,0.01,0.02,N,O,1997-12-18,1997-12-29,1998-01-12,NONE,RAIL,heodolites haggle blithely express request
44640-2,44640,327,28,2,17.00,20864.44,0.04,0.06,N,O,1997-11-03,1997-11-13,1997-11-25,COLLECT COD,MAIL,"slyly. ironic, regular packages a"
44640-3,44640,1367,68,3,23.00,29172.28,0.05,0.06,N,O,1998-01-31,1997-12-09,1998-02-28,COLLECT COD,FOB,"express ideas. even, pending pinto b"
44641-1,44641,1856,86,1,37.00,65040.45,0.05,0.05,N,O,1998-04-07,1998-04-04,1998-04-10,DELIVER IN PERSON,TRUCK,sly dogged pac
44641-2,44641,540,41,2,26.00,37454.04,0.01,0.04,N,O,1998-03-02,1998-04-05,1998-03-04,TAKE BACK RETURN,AIR,ar requests detect carefully above t
44641-3,44641,1143,44,3,45.00,46986.30,0.03,0.08,N,O,1998-05-04,1998-05-15,1998-05-28,NONE,TRUCK,ly pending plat
44642-1,44642,1813,57,1,50.00,85740.50,0.10,0.08,N,O,1998-02-22,1998-01-21,1998-03-22,TAKE BACK RETURN,TRUCK,e slyly above the 
44642-2,44642,957,26,2,23.00,42732.85,0.07,0.04,N,O,1997-12-29,1998-02-17,1998-01-13,COLLECT COD,FOB, boost blithely above the fluffy deposits. 
44642-3,44642,1048,84,3,30.00,28471.20,0.01,0.01,N,O,1998-01-31,1998-02-17,1998-02-28,TAKE BACK RETURN,FOB,"bold, even i"
44642-4,44642,1633,57,4,15.00,23019.45,0.02,0.02,N,O,1998-04-12,1998-01-21,1998-04-15,DELIVER IN PERSON,RAIL,"silent, quic"
44642-5,44642,1984,85,5,47.00,88641.06,0.03,0.03,N,O,1998-03-18,1998-01-18,1998-04-06,NONE,MAIL,quests. fluffily final deposits 
44643-1,44643,233,88,1,20.00,22664.60,0.04,0.08,A,F,1994-07-14,1994-04-18,1994-08-06,DELIVER IN PERSON,TRUCK,e regular orbit
44643-2,44643,820,20,2,33.00,56787.06,0.05,0.02,R,F,1994-03-30,1994-06-09,1994-04-09,DELIVER IN PERSON,SHIP,deposits nag furiousl
44643-3,44643,421,51,3,29.00,38321.18,0.06,0.06,R,F,1994-05-28,1994-05-05,1994-06-26,TAKE BACK RETURN,TRUCK,x blithely against t
44643-4,44643,1140,77,4,19.00,19781.66,0.03,0.02,A,F,1994-06-22,1994-06-02,1994-07-15,COLLECT COD,TRUCK,ter the requests. carefully unusu
44644-1,44644,481,40,1,22.00,30392.56,0.07,0.00,N,O,1996-02-05,1996-03-20,1996-02-14,TAKE BACK RETURN,AIR, grouches. ir
44645-1,44645,1931,32,1,34.00,62319.62,0.03,0.04,R,F,1995-04-22,1995-06-17,1995-05-15,TAKE BACK RETURN,TRUCK,eposits. furiously
44646-1,44646,729,30,1,18.00,29334.96,0.03,0.04,R,F,1992-02-23,1992-02-06,1992-02-25,COLLECT COD,RAIL,"y, final re"
44646-2,44646,1989,22,2,14.00,26473.72,0.02,0.05,A,F,1992-04-10,1992-03-13,1992-05-07,TAKE BACK RETURN,AIR,olites promise regularly final dependenci
44646-3,44646,73,99,3,47.00,45734.29,0.08,0.01,R,F,1992-02-12,1992-03-09,1992-02-25,TAKE BACK RETURN,RAIL,ully. slyly special requests
44647-1,44647,1284,96,1,14.00,16593.92,0.05,0.01,R,F,1992-05-08,1992-04-11,1992-05-23,NONE,FOB,ns wake ironic patterns-- furiousl
44647-2,44647,1348,49,2,41.00,51222.94,0.01,0.02,A,F,1992-04-01,1992-04-09,1992-04-24,DELIVER IN PERSON,AIR,"xpress, regular accounts-- ca"
44647-3,44647,1157,66,3,45.00,47616.75,0.01,0.04,R,F,1992-04-03,1992-04-24,1992-04-18,DELIVER IN PERSON,FOB,furiously even pac
44647-4,44647,1832,76,4,5.00,8669.15,0.08,0.02,A,F,1992-03-01,1992-03-02,1992-03-16,COLLECT COD,TRUCK,he quickly unusual packages.
44647-5,44647,1209,47,5,25.00,27755.00,0.03,0.02,R,F,1992-02-15,1992-04-11,1992-03-08,TAKE BACK RETURN,TRUCK,lithely even foxes use furiously. exp
44647-6,44647,1462,63,6,21.00,28632.66,0.02,0.07,A,F,1992-03-20,1992-04-23,1992-03-30,NONE,AIR,platelets. slyly bold asymptotes
44647-7,44647,951,54,7,38.00,70374.10,0.08,0.04,A,F,1992-02-21,1992-04-17,1992-03-22,DELIVER IN PERSON,TRUCK,n packages. fluffily expr
44672-1,44672,1576,97,1,23.00,33984.11,0.05,0.04,N,O,1998-06-08,1998-06-17,1998-07-08,NONE,SHIP,s after th
44672-2,44672,447,35,2,37.00,49855.28,0.03,0.07,N,O,1998-07-12,1998-06-08,1998-08-05,DELIVER IN PERSON,AIR,attainments. brave
44672-3,44672,263,64,3,21.00,24428.46,0.00,0.01,N,O,1998-06-20,1998-05-29,1998-07-15,NONE,AIR,fluffily regular dolphins despite the ca
44673-1,44673,1583,4,1,30.00,44537.40,0.00,0.02,N,O,1996-10-04,1996-11-14,1996-10-31,COLLECT COD,SHIP,y ironic deposits
44673-2,44673,1709,52,2,1.00,1610.70,0.01,0.01,N,O,1996-12-24,1996-11-13,1997-01-13,TAKE BACK RETURN,MAIL,"hould eat unusual, bold platelet"
44673-3,44673,1580,1,3,7.00,10371.06,0.03,0.02,N,O,1996-10-24,1996-10-20,1996-11-17,TAKE BACK RETURN,FOB,ainst the blithely final packages use a
44674-1,44674,858,92,1,15.00,26382.75,0.10,0.06,N,O,1996-12-24,1996-12-15,1997-01-10,NONE,AIR,ructions detect carefully about the fur
44674-2,44674,151,52,2,49.00,51506.35,0.00,0.04,N,O,1996-12-12,1996-11-08,1997-01-05,NONE,FOB, packages haggle fluffily along the care
44674-3,44674,1962,51,3,22.00,41007.12,0.00,0.08,N,O,1996-12-01,1996-12-01,1996-12-04,DELIVER IN PERSON,SHIP, pearls above the fi
44674-4,44674,312,41,4,26.00,31520.06,0.02,0.07,N,O,1997-01-16,1996-12-27,1997-02-04,NONE,REG AIR, unusual platelets haggle. furiously pe
44674-5,44674,1724,51,5,41.00,66654.52,0.04,0.00,N,O,1996-12-17,1996-11-30,1997-01-13,COLLECT COD,SHIP,ep after the
44675-1,44675,227,55,1,21.00,23671.62,0.05,0.03,N,O,1996-07-23,1996-05-28,1996-08-14,COLLECT COD,TRUCK,ely along the quickly
44675-2,44675,772,5,2,27.00,45164.79,0.03,0.08,N,O,1996-07-14,1996-05-20,1996-07-19,DELIVER IN PERSON,SHIP,nstructions. f
44675-3,44675,38,39,3,6.00,5628.18,0.01,0.01,N,O,1996-04-26,1996-05-31,1996-05-01,DELIVER IN PERSON,MAIL,ithely unusua
44676-1,44676,1474,92,1,48.00,66022.56,0.10,0.06,N,O,1998-07-17,1998-05-28,1998-07-31,TAKE BACK RETURN,FOB,unts. bold a
44676-2,44676,1668,10,2,24.00,37671.84,0.01,0.04,N,O,1998-06-20,1998-05-13,1998-06-30,NONE,SHIP,"r, ironic requests. regular "
44676-3,44676,1333,34,3,4.00,4937.32,0.07,0.02,N,O,1998-07-14,1998-06-03,1998-07-30,COLLECT COD,TRUCK,"gular, even deposits. fluffily ironic"
44676-4,44676,125,52,4,16.00,16401.92,0.08,0.08,N,O,1998-04-27,1998-05-07,1998-05-05,NONE,AIR,ptotes cajole
44676-5,44676,1458,59,5,5.00,6797.25,0.06,0.02,N,O,1998-06-24,1998-04-26,1998-07-08,DELIVER IN PERSON,SHIP,lar courts haggle slyly at 
44677-1,44677,968,69,1,28.00,52330.88,0.02,0.01,N,O,1997-09-06,1997-09-18,1997-09-17,COLLECT COD,FOB,e furiously even instructions. stealt
44678-1,44678,682,76,1,42.00,66472.56,0.08,0.01,R,F,1993-01-11,1992-11-13,1993-01-27,COLLECT COD,AIR,e carefully above the
44678-2,44678,1202,14,2,7.00,7722.40,0.07,0.06,A,F,1992-10-22,1992-12-08,1992-11-21,NONE,AIR,ilent reques
44678-3,44678,1607,31,3,3.00,4525.80,0.02,0.03,A,F,1992-10-21,1992-12-27,1992-10-31,COLLECT COD,AIR,outs boost 
44678-4,44678,1431,32,4,44.00,58626.92,0.08,0.04,R,F,1993-01-23,1992-12-13,1993-02-10,TAKE BACK RETURN,TRUCK,ajole furi
44678-5,44678,407,95,5,5.00,6537.00,0.09,0.06,R,F,1992-10-28,1992-11-13,1992-11-08,NONE,REG AIR,sits. quickly fin
44678-6,44678,633,34,6,28.00,42941.64,0.09,0.00,A,F,1992-12-27,1993-01-04,1993-01-19,DELIVER IN PERSON,RAIL,ffily even 
44678-7,44678,1654,96,7,9.00,14000.85,0.05,0.08,R,F,1992-11-22,1992-11-22,1992-12-12,TAKE BACK RETURN,SHIP,to beans wake blithely across the regula
44679-1,44679,1924,69,1,31.00,56603.52,0.08,0.05,R,F,1992-07-06,1992-08-04,1992-07-15,TAKE BACK RETURN,FOB,"nstructions are quickly. regular,"
44679-2,44679,596,27,2,26.00,38911.34,0.06,0.03,A,F,1992-06-22,1992-07-13,1992-07-15,TAKE BACK RETURN,AIR,"l, careful t"
44704-1,44704,1358,35,1,42.00,52892.70,0.06,0.01,N,O,1997-05-04,1997-04-16,1997-05-28,COLLECT COD,MAIL,its haggle against the sil
44704-2,44704,1081,82,2,35.00,34372.80,0.05,0.05,N,O,1997-04-22,1997-04-09,1997-04-25,TAKE BACK RETURN,MAIL,fully pending orbits after the bol
44704-3,44704,719,52,3,29.00,46971.59,0.09,0.01,N,O,1997-05-27,1997-03-09,1997-05-30,TAKE BACK RETURN,MAIL,as are around the slyl
44705-1,44705,763,64,1,37.00,61559.12,0.03,0.07,N,O,1996-11-02,1996-10-25,1996-11-26,NONE,AIR,ial theodolites. furiously final instruct
44705-2,44705,810,44,2,47.00,80408.07,0.03,0.03,N,O,1996-12-18,1996-11-07,1996-12-24,COLLECT COD,RAIL,iously eve
44705-3,44705,370,71,3,37.00,47003.69,0.05,0.03,N,O,1996-09-13,1996-11-18,1996-10-09,COLLECT COD,FOB,slyly final dugouts haggle a
44705-4,44705,1182,91,4,9.00,9748.62,0.08,0.00,N,O,1996-11-23,1996-10-22,1996-12-17,TAKE BACK RETURN,FOB,arefully regular waters nag slyly regula
44706-1,44706,1104,41,1,49.00,49249.90,0.01,0.02,R,F,1993-07-20,1993-05-17,1993-07-28,DELIVER IN PERSON,SHIP,lly final escapades
44706-2,44706,1255,93,2,29.00,33531.25,0.04,0.07,R,F,1993-05-23,1993-05-13,1993-06-01,NONE,SHIP,s haggle. always
44706-3,44706,897,31,3,36.00,64724.04,0.02,0.04,R,F,1993-05-15,1993-06-16,1993-05-16,DELIVER IN PERSON,REG AIR,y regular ideas. final hockey play
44706-4,44706,648,11,4,33.00,51105.12,0.07,0.08,R,F,1993-06-08,1993-05-16,1993-06-23,NONE,AIR,regular requests after the 
44707-1,44707,1763,64,1,50.00,83238.00,0.09,0.02,N,O,1997-08-25,1997-10-21,1997-09-24,DELIVER IN PERSON,TRUCK,"ress, bold packages are silentl"
44707-2,44707,1563,44,2,50.00,73228.00,0.10,0.08,N,O,1997-09-10,1997-10-25,1997-09-15,NONE,MAIL,ly express foxes. theodolites wake furious
44707-3,44707,1994,39,3,48.00,91007.52,0.03,0.02,N,O,1997-11-19,1997-09-25,1997-11-24,COLLECT COD,REG AIR,e permanently bold requests. e
44707-4,44707,687,50,4,45.00,71445.60,0.02,0.06,N,O,1997-08-24,1997-09-23,1997-09-01,NONE,FOB,"y regular tithes cajole blithely even, regu"
44707-5,44707,1805,49,5,36.00,61444.80,0.00,0.01,N,O,1997-08-16,1997-11-02,1997-08-18,COLLECT COD,RAIL,foxes wake above the quickly pend
44707-6,44707,1268,69,6,50.00,58463.00,0.08,0.06,N,O,1997-11-15,1997-09-23,1997-12-08,TAKE BACK RETURN,MAIL,uests wake. special requests are slyl
44708-1,44708,202,57,1,37.00,40781.40,0.03,0.07,A,F,1994-10-16,1994-10-11,1994-10-20,TAKE BACK RETURN,MAIL,gular deposits boost furiously sp
44708-2,44708,1280,81,2,18.00,21263.04,0.09,0.00,A,F,1994-10-27,1994-09-25,1994-11-23,TAKE BACK RETURN,FOB,ongside of the carefully iron
44709-1,44709,1104,5,1,50.00,50255.00,0.01,0.01,N,O,1996-04-23,1996-03-16,1996-05-14,COLLECT COD,TRUCK,lar foxes grow slyly fo
44710-1,44710,1185,94,1,37.00,40188.66,0.04,0.08,N,O,1995-08-28,1995-08-09,1995-09-27,TAKE BACK RETURN,AIR,ckages! slyl
44711-1,44711,17,43,1,41.00,37597.41,0.10,0.08,A,F,1994-11-25,1994-10-13,1994-12-02,COLLECT COD,TRUCK,inst the regular
44711-2,44711,147,74,2,21.00,21989.94,0.08,0.05,R,F,1994-09-10,1994-10-11,1994-10-05,NONE,SHIP,special theodolit
44736-1,44736,143,22,1,24.00,25035.36,0.02,0.03,R,F,1993-07-17,1993-06-15,1993-08-14,TAKE BACK RETURN,REG AIR,foxes detect furiously. carefully speci
44736-2,44736,720,53,2,45.00,72932.40,0.04,0.06,A,F,1993-06-03,1993-06-01,1993-06-21,NONE,FOB, the furiously regular ideas
44737-1,44737,156,9,1,24.00,25347.60,0.05,0.07,R,F,1993-01-27,1993-02-11,1993-02-09,DELIVER IN PERSON,MAIL,. theodolites a
44737-2,44737,1313,52,2,15.00,18214.65,0.10,0.01,A,F,1993-01-13,1992-12-20,1993-02-07,TAKE BACK RETURN,SHIP,ously silent f
44737-3,44737,612,13,3,48.00,72605.28,0.10,0.02,R,F,1993-02-15,1993-01-27,1993-03-15,NONE,REG AIR,ding dolphins nag outside the depende
44737-4,44737,1621,45,4,1.00,1522.62,0.01,0.07,R,F,1993-01-20,1993-01-27,1993-02-03,COLLECT COD,SHIP,"ing requests boost bold, ironic depe"
44737-5,44737,96,47,5,5.00,4980.45,0.01,0.07,R,F,1993-01-19,1993-01-08,1993-02-01,NONE,RAIL,the carefully even realms. stealt
44737-6,44737,236,18,6,45.00,51130.35,0.05,0.01,R,F,1993-01-15,1993-02-12,1993-02-02,COLLECT COD,FOB,s boost. furiously final fo
44737-7,44737,739,36,7,29.00,47552.17,0.10,0.01,A,F,1993-02-28,1993-02-16,1993-03-03,NONE,SHIP,iously even foxes. slyly pending accou
44738-1,44738,1261,62,1,3.00,3486.78,0.10,0.06,A,F,1994-03-04,1994-02-04,1994-03-12,COLLECT COD,FOB,wake slyly ironic idea
44738-2,44738,1761,4,2,26.00,43231.76,0.05,0.00,R,F,1994-03-18,1994-02-10,1994-04-01,NONE,RAIL,quickly ev
44738-3,44738,815,49,3,37.00,63484.97,0.03,0.01,A,F,1994-03-07,1994-01-15,1994-03-28,NONE,RAIL,uriously s
44738-4,44738,1594,15,4,29.00,43372.11,0.10,0.04,R,F,1994-02-25,1994-01-12,1994-03-14,COLLECT COD,AIR,inal theodolites
44738-5,44738,721,86,5,11.00,17838.92,0.07,0.04,R,F,1993-12-18,1994-02-27,1994-01-12,TAKE BACK RETURN,TRUCK,"cial, regular a"
44739-1,44739,525,16,1,22.00,31361.44,0.02,0.00,N,O,1998-07-20,1998-08-01,1998-07-30,TAKE BACK RETURN,MAIL,"ag even, fina"
44739-2,44739,1196,5,2,4.00,4388.76,0.04,0.00,N,O,1998-05-29,1998-07-13,1998-06-27,COLLECT COD,FOB,onic asymptotes at the blithe
44739-3,44739,735,36,3,14.00,22900.22,0.06,0.05,N,O,1998-06-17,1998-06-29,1998-06-24,TAKE BACK RETURN,MAIL,st carefully bol
44740-1,44740,878,12,1,16.00,28461.92,0.00,0.00,R,F,1992-07-02,1992-07-15,1992-07-05,NONE,MAIL,ly final request
44740-2,44740,1579,100,2,20.00,29611.40,0.03,0.08,R,F,1992-08-15,1992-07-31,1992-08-27,DELIVER IN PERSON,REG AIR,ily against the blithely final accou
44740-3,44740,1513,94,3,23.00,32533.73,0.06,0.04,A,F,1992-07-07,1992-08-29,1992-08-01,NONE,REG AIR,luffily express theodolites 
44740-4,44740,664,58,4,5.00,7823.30,0.01,0.01,R,F,1992-09-20,1992-08-16,1992-10-11,NONE,SHIP,quests. slyly bold ideas cajole fluf
44740-5,44740,1606,7,5,2.00,3015.20,0.07,0.06,R,F,1992-07-28,1992-08-01,1992-08-12,COLLECT COD,MAIL,ress pinto beans use blithely 
44740-6,44740,1035,6,6,8.00,7488.24,0.10,0.04,R,F,1992-07-21,1992-07-08,1992-07-24,TAKE BACK RETURN,TRUCK, beans snooze. fluff
44741-1,44741,1368,7,1,17.00,21579.12,0.08,0.00,N,O,1998-05-29,1998-06-12,1998-06-17,TAKE BACK RETURN,SHIP, daringly even packages use according
44742-1,44742,283,38,1,18.00,21299.04,0.04,0.08,A,F,1993-03-16,1993-04-28,1993-04-14,COLLECT COD,MAIL,ular requests integrate fu
44742-2,44742,1355,94,2,36.00,45228.60,0.03,0.01,R,F,1993-04-11,1993-05-03,1993-04-30,TAKE BACK RETURN,MAIL, requests according to the
44742-3,44742,514,15,3,9.00,12730.59,0.05,0.02,A,F,1993-03-29,1993-05-19,1993-04-09,NONE,REG AIR,ecial asympto
44742-4,44742,1856,43,4,35.00,61524.75,0.03,0.05,A,F,1993-03-10,1993-04-15,1993-03-13,DELIVER IN PERSON,AIR,ns haggle furiously ac
44743-1,44743,33,34,1,30.00,27990.90,0.06,0.05,N,O,1996-05-02,1996-02-04,1996-05-23,DELIVER IN PERSON,AIR,gular accounts: un
44743-2,44743,1078,84,2,17.00,16644.19,0.08,0.00,N,O,1996-04-05,1996-03-18,1996-05-05,DELIVER IN PERSON,RAIL,riously even ideas. quickly fluffy 
44743-3,44743,1222,60,3,25.00,28080.50,0.10,0.03,N,O,1996-01-12,1996-02-06,1996-02-10,NONE,MAIL,ounts. furiously express foxes sleep fluff
44768-1,44768,383,12,1,24.00,30801.12,0.00,0.03,R,F,1992-09-19,1992-07-21,1992-10-10,DELIVER IN PERSON,SHIP,ackages. final instructi
44768-2,44768,1894,24,2,3.00,5387.67,0.09,0.08,R,F,1992-07-06,1992-08-10,1992-08-03,NONE,FOB,oxes. regular deposits sleep slyly a
44768-3,44768,37,63,3,1.00,937.03,0.07,0.01,R,F,1992-07-15,1992-07-27,1992-08-03,COLLECT COD,AIR, breach. carefully unusual foxe
44768-4,44768,342,43,4,16.00,19877.44,0.10,0.07,R,F,1992-08-30,1992-07-21,1992-09-29,COLLECT COD,SHIP,carefully bold gifts. car
44768-5,44768,1506,87,5,46.00,64745.00,0.01,0.05,A,F,1992-07-30,1992-08-05,1992-08-14,TAKE BACK RETURN,REG AIR,d packages snooze carefully o
44768-6,44768,707,40,6,26.00,41800.20,0.01,0.07,R,F,1992-06-18,1992-07-10,1992-07-02,DELIVER IN PERSON,SHIP,ideas haggle 
44769-1,44769,760,57,1,37.00,61448.12,0.07,0.02,R,F,1993-04-27,1993-03-22,1993-05-14,TAKE BACK RETURN,SHIP,y. final foxes thrash quickly accordi
44770-1,44770,776,73,1,25.00,41919.25,0.10,0.03,N,O,1998-09-02,1998-07-31,1998-10-01,NONE,AIR,tions engag
44770-2,44770,1696,97,2,37.00,59114.53,0.08,0.05,N,O,1998-05-30,1998-07-15,1998-06-01,TAKE BACK RETURN,TRUCK, final pinto beans detect blithe
44770-3,44770,1162,71,3,9.00,9568.44,0.04,0.08,N,O,1998-07-16,1998-07-31,1998-08-11,COLLECT COD,SHIP,iously. slyly final requests are. slyly 
44770-4,44770,623,17,4,15.00,22854.30,0.10,0.07,N,O,1998-08-12,1998-08-01,1998-09-04,TAKE BACK RETURN,REG AIR,"e the accounts. pending, ironic"
44770-5,44770,696,28,5,24.00,38320.56,0.00,0.07,N,O,1998-06-10,1998-08-17,1998-06-20,NONE,REG AIR,affix quick
44771-1,44771,508,39,1,10.00,14085.00,0.06,0.08,N,O,1996-12-27,1996-12-25,1997-01-12,TAKE BACK RETURN,TRUCK,ts nag carefully iro
44771-2,44771,1663,5,2,23.00,35987.18,0.02,0.04,N,O,1996-11-22,1996-11-18,1996-11-29,COLLECT COD,MAIL,rate slyly. blithely even escapade
44771-3,44771,1721,48,3,24.00,38945.28,0.05,0.08,N,O,1996-12-03,1996-11-09,1996-12-23,COLLECT COD,TRUCK,ithely across the slyly busy re
44771-4,44771,1449,28,4,20.00,27008.80,0.10,0.06,N,O,1997-01-26,1996-11-18,1997-02-24,TAKE BACK RETURN,AIR,s nod furiously regular package
44771-5,44771,823,57,5,36.00,62057.52,0.02,0.08,N,O,1997-01-01,1997-01-07,1997-01-02,DELIVER IN PERSON,TRUCK,riously even asymptotes ca
44772-1,44772,1268,6,1,44.00,51447.44,0.07,0.06,R,F,1994-04-10,1994-05-24,1994-05-10,NONE,MAIL,are carefully
44772-2,44772,951,52,2,14.00,25927.30,0.05,0.01,A,F,1994-06-19,1994-05-14,1994-06-25,DELIVER IN PERSON,SHIP,de of the quickly ironic waters. caref
44772-3,44772,983,84,3,33.00,62171.34,0.00,0.06,A,F,1994-06-16,1994-06-15,1994-06-25,DELIVER IN PERSON,REG AIR,e quickly b
44772-4,44772,1540,41,4,11.00,15856.94,0.10,0.02,R,F,1994-06-04,1994-06-02,1994-06-16,COLLECT COD,TRUCK, the dogged packages. quickly 
44773-1,44773,777,42,1,47.00,78855.19,0.07,0.05,N,O,1996-05-17,1996-05-17,1996-05-30,TAKE BACK RETURN,MAIL,theodolites: deposits haggle. deposits w
44774-1,44774,1497,76,1,39.00,54541.11,0.07,0.08,N,O,1998-07-26,1998-09-09,1998-08-17,COLLECT COD,MAIL,ironic requests! final in
44774-2,44774,384,13,2,17.00,21834.46,0.03,0.06,N,O,1998-08-16,1998-08-14,1998-08-26,DELIVER IN PERSON,RAIL,hely pending pinto beans. furious
44774-3,44774,476,6,3,2.00,2752.94,0.08,0.02,N,O,1998-08-29,1998-08-25,1998-09-20,DELIVER IN PERSON,FOB,longside of
44774-4,44774,223,24,4,33.00,37066.26,0.08,0.02,N,O,1998-09-16,1998-09-09,1998-09-25,TAKE BACK RETURN,SHIP,uffily regular accounts. quic
44774-5,44774,1983,72,5,23.00,43354.54,0.10,0.00,N,O,1998-10-11,1998-09-20,1998-11-07,NONE,REG AIR,eep atop the fluffily f
44775-1,44775,1608,50,1,1.00,1509.60,0.10,0.00,R,F,1994-10-22,1994-12-06,1994-11-17,COLLECT COD,TRUCK,"ar, regular p"
44775-2,44775,1672,55,2,8.00,12589.36,0.08,0.00,R,F,1994-12-11,1994-11-01,1995-01-05,DELIVER IN PERSON,RAIL,affix blithely 
44800-1,44800,572,3,1,14.00,20615.98,0.04,0.01,N,O,1995-12-18,1995-11-13,1996-01-02,COLLECT COD,TRUCK,pendencies sleep carefull
44800-2,44800,1420,21,2,37.00,48892.54,0.04,0.07,N,O,1995-11-14,1995-09-24,1995-11-17,DELIVER IN PERSON,RAIL,en excuses
44800-3,44800,325,10,3,24.00,29407.68,0.10,0.05,N,O,1995-11-26,1995-10-17,1995-12-26,DELIVER IN PERSON,FOB,al theodolites w
44800-4,44800,337,66,4,48.00,59391.84,0.03,0.01,N,O,1995-08-28,1995-10-02,1995-08-31,TAKE BACK RETURN,FOB,side of the furiously
44800-5,44800,425,84,5,24.00,31810.08,0.05,0.00,N,O,1995-12-14,1995-10-19,1996-01-09,DELIVER IN PERSON,FOB,ding waters are along the pint
44800-6,44800,1104,13,6,20.00,20102.00,0.07,0.02,N,O,1995-11-09,1995-11-10,1995-11-14,DELIVER IN PERSON,MAIL,s. final accounts wake furiously 
44801-1,44801,1765,50,1,28.00,46669.28,0.06,0.07,N,O,1997-01-14,1997-03-16,1997-02-06,NONE,REG AIR,ar foxes. sl
44801-2,44801,1879,23,2,1.00,1780.87,0.08,0.04,N,O,1997-01-31,1997-03-08,1997-02-28,DELIVER IN PERSON,RAIL,rls haggle carefully. quickly regular acc
44802-1,44802,1499,100,1,15.00,21007.35,0.04,0.02,A,F,1992-02-16,1992-04-26,1992-03-08,DELIVER IN PERSON,RAIL,ly ironic foxes. furiously regular as
44802-2,44802,273,1,2,19.00,22292.13,0.10,0.04,R,F,1992-02-10,1992-04-09,1992-02-26,DELIVER IN PERSON,FOB,e the carefully regular pinto bean
44803-1,44803,1626,27,1,35.00,53466.70,0.06,0.05,N,O,1998-09-13,1998-10-09,1998-09-21,DELIVER IN PERSON,TRUCK, blithely. ironic platelets haggle
44803-2,44803,1335,12,2,21.00,25962.93,0.01,0.00,N,O,1998-10-01,1998-09-01,1998-10-18,COLLECT COD,SHIP,onic foxes impress slyl
44803-3,44803,1542,23,3,10.00,14435.40,0.06,0.07,N,O,1998-10-28,1998-08-27,1998-11-09,NONE,REG AIR,ons. carefully fin
44803-4,44803,1788,15,4,48.00,81109.44,0.02,0.02,N,O,1998-10-03,1998-08-31,1998-10-08,COLLECT COD,SHIP,edly ironic deposits. slyly
44804-1,44804,642,5,1,23.00,35480.72,0.00,0.05,N,O,1996-03-16,1996-03-24,1996-04-05,NONE,MAIL,ess attainments. slyly bold theodolit
44804-2,44804,1953,42,2,18.00,33389.10,0.05,0.00,N,O,1996-04-20,1996-04-12,1996-04-23,TAKE BACK RETURN,RAIL, regular asymptotes use slyly da
44804-3,44804,486,74,3,48.00,66551.04,0.04,0.07,N,O,1996-02-26,1996-03-29,1996-02-28,COLLECT COD,RAIL,ans. foxes p
44804-4,44804,1429,8,4,39.00,51886.38,0.09,0.06,N,O,1996-02-15,1996-03-20,1996-02-25,NONE,FOB,luffily regular depo
44804-5,44804,1131,4,5,3.00,3096.39,0.10,0.06,N,O,1996-03-08,1996-04-29,1996-03-15,DELIVER IN PERSON,TRUCK,uietly ironic inst
44805-1,44805,582,83,1,44.00,65233.52,0.09,0.01,A,F,1992-12-02,1992-10-18,1992-12-25,NONE,MAIL,ng the deposits. acco
44806-1,44806,238,20,1,13.00,14796.99,0.04,0.05,N,O,1998-03-17,1998-01-17,1998-04-10,NONE,MAIL,ial deposits use quickly. care
44806-2,44806,1781,24,2,8.00,13462.24,0.05,0.08,N,O,1998-03-31,1998-02-06,1998-04-26,TAKE BACK RETURN,MAIL,blithely even dependencies sleep even 
44806-3,44806,569,100,3,33.00,48495.48,0.03,0.00,N,O,1998-02-20,1998-01-31,1998-03-18,NONE,REG AIR,s boost slyly furiously 
44806-4,44806,956,57,4,11.00,20426.45,0.07,0.08,N,O,1998-01-01,1998-03-07,1998-01-10,NONE,MAIL,riously ev
44806-5,44806,667,99,5,24.00,37623.84,0.04,0.05,N,O,1998-03-27,1998-02-27,1998-04-02,DELIVER IN PERSON,TRUCK,usual asymptotes. quickly s
44807-1,44807,1957,58,1,38.00,70640.10,0.06,0.08,N,O,1998-07-25,1998-05-24,1998-07-27,NONE,REG AIR,uriously quick theodolites along th
44807-2,44807,727,92,2,32.00,52087.04,0.09,0.05,N,O,1998-03-27,1998-05-19,1998-04-20,COLLECT COD,AIR,e blithe requests. instructions a
44807-3,44807,80,6,3,47.00,46063.76,0.09,0.04,N,O,1998-06-12,1998-06-07,1998-06-15,COLLECT COD,REG AIR,". regular, special instruc"
44807-4,44807,184,63,4,34.00,36862.12,0.09,0.07,N,O,1998-04-14,1998-06-21,1998-05-09,NONE,FOB,ly special foxes are quickly furiously ev
44832-1,44832,771,68,1,9.00,15045.93,0.01,0.05,N,O,1996-01-30,1996-02-28,1996-02-21,TAKE BACK RETURN,SHIP,nic asymptotes wake furiously. 
44833-1,44833,1159,96,1,45.00,47706.75,0.08,0.00,R,F,1994-11-05,1994-11-28,1994-11-09,DELIVER IN PERSON,TRUCK, alongside of the busily
44833-2,44833,712,45,2,11.00,17739.81,0.08,0.03,A,F,1994-12-06,1994-12-14,1995-01-03,DELIVER IN PERSON,TRUCK,y regular f
44834-1,44834,1483,23,1,14.00,19382.72,0.02,0.05,A,F,1994-08-10,1994-07-02,1994-09-05,COLLECT COD,MAIL,ake fluffily blithely regular i
44834-2,44834,1076,82,2,11.00,10747.77,0.09,0.05,A,F,1994-05-25,1994-05-28,1994-06-11,COLLECT COD,RAIL,even instructions. pinto beans mi
44834-3,44834,1173,74,3,32.00,34373.44,0.10,0.06,A,F,1994-08-01,1994-07-10,1994-08-07,TAKE BACK RETURN,TRUCK,arefully dar
44834-4,44834,100,26,4,5.00,5000.50,0.07,0.07,A,F,1994-05-15,1994-07-20,1994-06-05,TAKE BACK RETURN,REG AIR, ironic instructions cajo
44834-5,44834,1533,14,5,2.00,2869.06,0.10,0.01,A,F,1994-06-27,1994-05-30,1994-07-06,DELIVER IN PERSON,REG AIR, beans use 
44835-1,44835,1508,9,1,47.00,66246.50,0.06,0.07,N,O,1997-11-05,1997-10-24,1997-12-03,NONE,MAIL,ding to the deposits sleep requests. pend
44835-2,44835,950,53,2,45.00,83292.75,0.06,0.01,N,O,1997-10-22,1997-11-14,1997-11-21,DELIVER IN PERSON,FOB,"gular waters. ironic, special dugouts"
44835-3,44835,590,91,3,20.00,29811.80,0.00,0.03,N,O,1997-10-26,1997-10-02,1997-10-31,COLLECT COD,MAIL,"s. regular, close requests nag furiousl"
44835-4,44835,838,5,4,30.00,52164.90,0.05,0.00,N,O,1997-09-06,1997-10-29,1997-09-10,NONE,RAIL,s do affix idly above the blithely regular 
44836-1,44836,1655,56,1,28.00,43586.20,0.07,0.00,A,F,1994-10-06,1994-11-17,1994-10-31,COLLECT COD,AIR,ing asymptotes wake slyly final dependenc
44836-2,44836,1769,70,2,23.00,38427.48,0.03,0.07,R,F,1994-12-21,1994-11-26,1995-01-15,TAKE BACK RETURN,AIR,sits. carefully f
44836-3,44836,1992,81,3,31.00,58713.69,0.05,0.01,A,F,1994-11-26,1994-10-23,1994-12-09,DELIVER IN PERSON,SHIP,was carefully along the instruc
44836-4,44836,1516,57,4,34.00,48195.34,0.10,0.01,A,F,1994-12-22,1994-11-16,1995-01-16,TAKE BACK RETURN,MAIL, ideas sleep slyly ironic requests. ent
44836-5,44836,145,98,5,7.00,7315.98,0.01,0.03,R,F,1994-12-17,1994-11-24,1994-12-18,DELIVER IN PERSON,SHIP,iously up the asymptote
44837-1,44837,557,18,1,17.00,24778.35,0.10,0.00,N,O,1996-09-27,1996-08-02,1996-10-20,COLLECT COD,REG AIR, around the pending reque
44837-2,44837,809,76,2,34.00,58133.20,0.09,0.08,N,O,1996-06-28,1996-07-19,1996-07-23,DELIVER IN PERSON,TRUCK,", unusual instructions. silent i"
44837-3,44837,92,43,3,36.00,35715.24,0.00,0.05,N,O,1996-07-18,1996-07-24,1996-08-08,DELIVER IN PERSON,TRUCK," bold, unusual idea"
44837-4,44837,1983,72,4,2.00,3769.96,0.10,0.04,N,O,1996-06-23,1996-08-03,1996-07-19,DELIVER IN PERSON,SHIP, fluffily bold excuses unwind b
44837-5,44837,1752,79,5,41.00,67803.75,0.05,0.05,N,O,1996-07-02,1996-07-09,1996-07-28,DELIVER IN PERSON,TRUCK,l pains about the quickly express acco
44837-6,44837,1764,91,6,15.00,24986.40,0.03,0.06,N,O,1996-07-14,1996-07-09,1996-07-22,DELIVER IN PERSON,MAIL,ronic requests. quickly regular pinto bean
44838-1,44838,539,70,1,49.00,70536.97,0.01,0.00,N,O,1998-01-25,1997-12-13,1998-01-26,COLLECT COD,TRUCK,kly ironic packages. slyly even packages
44838-2,44838,372,57,2,49.00,62346.13,0.10,0.03,N,O,1997-11-22,1997-11-23,1997-12-14,DELIVER IN PERSON,MAIL,ackages above the pending foxes solve sl
44838-3,44838,343,100,3,29.00,36056.86,0.00,0.04,N,O,1998-01-10,1997-12-17,1998-01-23,TAKE BACK RETURN,FOB,ss requests haggle blithely 
44839-1,44839,1566,47,1,50.00,73378.00,0.09,0.04,R,F,1992-08-31,1992-08-07,1992-09-14,TAKE BACK RETURN,MAIL,lites. quickly regular accounts after the
44839-2,44839,1017,18,2,16.00,14688.16,0.03,0.04,A,F,1992-08-09,1992-08-29,1992-09-01,NONE,AIR,packages: dogged deposits are
44839-3,44839,577,8,3,21.00,31028.97,0.06,0.07,R,F,1992-07-21,1992-08-11,1992-08-07,TAKE BACK RETURN,TRUCK,lyly regular foxes. quic
44839-4,44839,308,65,4,14.00,16916.20,0.10,0.06,R,F,1992-09-18,1992-09-02,1992-10-09,NONE,MAIL, carefully. foxes c
44839-5,44839,1724,51,5,23.00,37391.56,0.04,0.01,A,F,1992-09-30,1992-07-20,1992-10-25,DELIVER IN PERSON,RAIL,"y among the final, bold deposit"
44839-6,44839,1221,59,6,1.00,1122.22,0.09,0.03,A,F,1992-09-02,1992-07-14,1992-09-05,DELIVER IN PERSON,REG AIR,usly pending packages
44839-7,44839,366,51,7,3.00,3799.08,0.06,0.06,R,F,1992-10-03,1992-08-18,1992-10-14,NONE,REG AIR,ular deposits haggl
44864-1,44864,1563,84,1,13.00,19039.28,0.02,0.00,R,F,1993-08-16,1993-09-05,1993-08-22,NONE,MAIL,es breach quickly alongside of th
44864-2,44864,615,16,2,14.00,21218.54,0.01,0.05,A,F,1993-07-05,1993-09-07,1993-07-07,DELIVER IN PERSON,REG AIR,ronic ideas. carefully e
44864-3,44864,1446,47,3,27.00,36380.88,0.10,0.02,A,F,1993-09-15,1993-07-27,1993-09-16,NONE,RAIL,ould have to cajole theod
44864-4,44864,1728,55,4,30.00,48891.60,0.03,0.07,A,F,1993-10-12,1993-07-25,1993-10-19,TAKE BACK RETURN,RAIL,ites after the q
44864-5,44864,603,35,5,13.00,19546.80,0.02,0.00,R,F,1993-08-02,1993-09-06,1993-08-10,NONE,MAIL,"xpress platelets haggle. ironic,"
44864-6,44864,652,15,6,50.00,77632.50,0.06,0.07,R,F,1993-09-14,1993-07-23,1993-09-17,DELIVER IN PERSON,SHIP,e slyly furiously even 
44865-1,44865,1520,1,1,6.00,8529.12,0.02,0.05,N,O,1997-10-20,1997-12-05,1997-11-16,COLLECT COD,RAIL,e slyly. thinly iron
44865-2,44865,1492,93,2,37.00,51559.13,0.05,0.01,N,O,1997-12-18,1997-12-28,1997-12-28,TAKE BACK RETURN,REG AIR, cajole quickly
44865-3,44865,766,31,3,29.00,48336.04,0.00,0.07,N,O,1997-12-15,1997-12-25,1997-12-25,NONE,TRUCK,"s. ideas detect silently regular, ironic p"
44865-4,44865,1423,63,4,12.00,15893.04,0.10,0.05,N,O,1997-12-21,1997-12-26,1998-01-12,TAKE BACK RETURN,AIR,e blithely final req
44865-5,44865,628,91,5,24.00,36686.88,0.09,0.00,N,O,1998-01-10,1997-12-04,1998-01-24,DELIVER IN PERSON,TRUCK,encies cajole about the s
44866-1,44866,346,31,1,38.00,47360.92,0.08,0.08,N,O,1997-03-11,1997-04-10,1997-04-09,DELIVER IN PERSON,REG AIR,use quickly after t
44866-2,44866,428,29,2,26.00,34538.92,0.08,0.03,N,O,1997-03-31,1997-04-08,1997-04-23,NONE,SHIP,efully even asymptotes-- pack
44866-3,44866,1873,74,3,27.00,47921.49,0.04,0.03,N,O,1997-04-13,1997-03-25,1997-04-22,COLLECT COD,SHIP, unusual ideas
44866-4,44866,263,91,4,19.00,22101.94,0.04,0.01,N,O,1997-02-18,1997-03-22,1997-03-05,TAKE BACK RETURN,TRUCK,ash? quickly express foxes b
44866-5,44866,34,85,5,4.00,3736.12,0.10,0.03,N,O,1997-03-19,1997-04-18,1997-03-22,COLLECT COD,RAIL,s. furiously re
44866-6,44866,1848,78,6,37.00,64744.08,0.10,0.06,N,O,1997-05-05,1997-04-08,1997-05-13,DELIVER IN PERSON,MAIL,r requests cajole quickly after the pendi
44867-1,44867,782,47,1,23.00,38703.94,0.04,0.01,R,F,1994-09-03,1994-09-15,1994-09-13,DELIVER IN PERSON,RAIL,"sts haggle slyly according to the final, "
44868-1,44868,664,27,1,30.00,46939.80,0.08,0.08,N,O,1997-03-28,1997-05-09,1997-04-19,TAKE BACK RETURN,FOB,carefully ironic 
44868-2,44868,1560,41,2,23.00,33615.88,0.10,0.03,N,O,1997-03-29,1997-04-29,1997-04-04,DELIVER IN PERSON,SHIP,final deposits nag carefully furiously
44868-3,44868,1935,80,3,30.00,55107.90,0.10,0.08,N,O,1997-03-29,1997-05-31,1997-04-12,NONE,MAIL,heodolites
44868-4,44868,601,2,4,4.00,6006.40,0.08,0.08,N,O,1997-04-04,1997-05-21,1997-04-13,TAKE BACK RETURN,AIR,nstructions doubt blithely
44869-1,44869,439,69,1,1.00,1339.43,0.03,0.03,R,F,1992-09-05,1992-11-03,1992-10-01,TAKE BACK RETURN,RAIL,usual instructi
44869-2,44869,158,11,2,50.00,52907.50,0.06,0.03,A,F,1992-12-10,1992-09-29,1992-12-31,NONE,SHIP,al deposits wake a
44869-3,44869,1153,54,3,38.00,40057.70,0.09,0.00,R,F,1992-11-19,1992-10-13,1992-12-05,DELIVER IN PERSON,AIR, courts sublate al
44869-4,44869,797,98,4,30.00,50933.70,0.02,0.06,A,F,1992-10-17,1992-09-28,1992-11-09,COLLECT COD,FOB,regular foxes cajo
44870-1,44870,1413,53,1,27.00,35489.07,0.03,0.00,N,O,1997-10-14,1997-10-05,1997-10-23,TAKE BACK RETURN,SHIP, pending deposits haggle 
44870-2,44870,186,13,2,32.00,34757.76,0.08,0.04,N,O,1997-10-18,1997-11-01,1997-11-11,DELIVER IN PERSON,MAIL,special requests use furi
44870-3,44870,550,81,3,30.00,43516.50,0.02,0.00,N,O,1997-11-02,1997-11-11,1997-12-01,NONE,MAIL,requests. sly
44870-4,44870,1962,63,4,14.00,26095.44,0.07,0.03,N,O,1997-09-28,1997-09-24,1997-10-10,TAKE BACK RETURN,MAIL,t blithely about the slyly unusual deposits
44870-5,44870,167,20,5,48.00,51223.68,0.07,0.00,N,O,1997-09-13,1997-10-19,1997-09-21,NONE,AIR,y express foxes sleep quickly re
44870-6,44870,1498,77,6,45.00,62977.05,0.06,0.03,N,O,1997-12-22,1997-10-06,1997-12-26,TAKE BACK RETURN,MAIL, above the special theodolites. requests us
44870-7,44870,1181,90,7,14.00,15150.52,0.05,0.00,N,O,1997-09-14,1997-10-08,1997-09-17,COLLECT COD,AIR,ages. instructions wake furiously in
44871-1,44871,1666,67,1,43.00,67409.38,0.05,0.05,R,F,1995-06-04,1995-07-11,1995-06-06,NONE,REG AIR,depths wak
44871-2,44871,899,33,2,35.00,62996.15,0.09,0.01,N,O,1995-07-23,1995-06-17,1995-08-06,COLLECT COD,SHIP, quickly after the carefully slow 
44871-3,44871,1648,72,3,15.00,23244.60,0.09,0.01,A,F,1995-06-04,1995-06-06,1995-06-07,NONE,FOB,hely unusual foxes. bold deposi
44871-4,44871,507,98,4,2.00,2815.00,0.07,0.08,N,O,1995-07-11,1995-07-07,1995-08-01,COLLECT COD,SHIP,ts? slyly final deposits among the blithe
44871-5,44871,1075,46,5,23.00,22449.61,0.08,0.06,N,O,1995-07-27,1995-06-05,1995-08-09,DELIVER IN PERSON,FOB,ic instructions are finally across the fu
44871-6,44871,1046,52,6,9.00,8523.36,0.02,0.01,A,F,1995-05-22,1995-07-04,1995-05-25,TAKE BACK RETURN,SHIP,e blithely along the slyly pending 
44896-1,44896,959,28,1,46.00,85557.70,0.07,0.05,N,O,1996-06-05,1996-08-01,1996-06-29,TAKE BACK RETURN,REG AIR,ake among the slyly 
44896-2,44896,872,39,2,37.00,65596.19,0.07,0.00,N,O,1996-09-13,1996-07-04,1996-10-12,DELIVER IN PERSON,SHIP,kly unusual requests cajole about the
44896-3,44896,1611,53,3,41.00,62017.01,0.05,0.02,N,O,1996-09-21,1996-08-14,1996-10-10,TAKE BACK RETURN,SHIP,s. accounts are caref
44897-1,44897,59,35,1,13.00,12467.65,0.10,0.06,A,F,1993-06-12,1993-04-24,1993-06-26,COLLECT COD,SHIP,y blithely regular requests. ca
44897-2,44897,1172,73,2,49.00,52585.33,0.09,0.03,A,F,1993-03-11,1993-05-27,1993-03-25,NONE,RAIL,s maintain. quickly p
44897-3,44897,318,19,3,40.00,48732.40,0.10,0.02,A,F,1993-06-24,1993-05-02,1993-07-14,TAKE BACK RETURN,MAIL, accounts use slyly slyly final exc
44897-4,44897,74,50,4,28.00,27273.96,0.00,0.00,R,F,1993-06-17,1993-05-18,1993-06-22,COLLECT COD,REG AIR,above the requests boost blithely slyly ex
44898-1,44898,346,31,1,13.00,16202.42,0.06,0.00,A,F,1992-07-10,1992-05-31,1992-07-22,TAKE BACK RETURN,REG AIR,ts haggle carefully bold pinto beans. 
44898-2,44898,25,51,2,13.00,12025.26,0.06,0.03,A,F,1992-07-02,1992-05-19,1992-07-26,TAKE BACK RETURN,TRUCK,hely unusual requests. ironic 
44898-3,44898,812,79,3,19.00,32543.39,0.08,0.03,R,F,1992-05-01,1992-05-24,1992-05-15,TAKE BACK RETURN,TRUCK,its are furiously unusual theodolites! r
44898-4,44898,1242,54,4,14.00,16005.36,0.00,0.08,R,F,1992-05-14,1992-06-29,1992-05-17,TAKE BACK RETURN,TRUCK,quickly slyly unusual warthogs
44898-5,44898,1822,9,5,11.00,18962.02,0.05,0.07,A,F,1992-06-24,1992-06-20,1992-06-30,NONE,RAIL,e blithely amo
44899-1,44899,284,39,1,7.00,8289.96,0.00,0.02,N,O,1998-08-08,1998-06-12,1998-08-31,TAKE BACK RETURN,RAIL,iously regular packages promise. 
44899-2,44899,1962,51,2,27.00,50326.92,0.06,0.04,N,O,1998-07-27,1998-06-19,1998-08-11,COLLECT COD,SHIP,ts sleep slyly against the fluf
44899-3,44899,553,54,3,40.00,58142.00,0.09,0.03,N,O,1998-07-29,1998-07-12,1998-08-11,NONE,RAIL,"ly ironic, final idea"
44900-1,44900,232,60,1,9.00,10190.07,0.02,0.08,A,F,1993-04-28,1993-05-01,1993-05-25,NONE,AIR,eans boost doggedly across the furious
44900-2,44900,511,12,2,33.00,46579.83,0.08,0.01,R,F,1993-05-01,1993-03-29,1993-05-31,NONE,RAIL, blithely. packages above the furiou
44900-3,44900,992,61,3,29.00,54896.71,0.06,0.05,A,F,1993-03-02,1993-05-08,1993-03-29,NONE,TRUCK, packages sleep 
44900-4,44900,288,70,4,27.00,32083.56,0.03,0.05,R,F,1993-06-01,1993-04-21,1993-06-03,TAKE BACK RETURN,SHIP,counts are quickly.
44900-5,44900,1030,1,5,27.00,25137.81,0.02,0.05,A,F,1993-05-08,1993-05-03,1993-05-12,TAKE BACK RETURN,RAIL,the blithely special platelets. furiousl
44901-1,44901,1299,11,1,18.00,21605.22,0.04,0.00,N,O,1997-02-28,1997-03-31,1997-03-28,TAKE BACK RETURN,SHIP,ely express
44901-2,44901,504,5,2,6.00,8427.00,0.07,0.07,N,O,1997-04-23,1997-03-17,1997-05-16,DELIVER IN PERSON,AIR,ke across the furiously pending packages.
44902-1,44902,325,82,1,7.00,8577.24,0.00,0.01,N,O,1998-05-19,1998-07-04,1998-06-13,TAKE BACK RETURN,SHIP,structions. c
44903-1,44903,1878,79,1,38.00,67635.06,0.10,0.00,R,F,1992-05-17,1992-04-15,1992-05-24,DELIVER IN PERSON,RAIL,uriously regular requests are accounts.
44903-2,44903,839,73,2,44.00,76552.52,0.09,0.08,R,F,1992-04-20,1992-05-05,1992-04-23,TAKE BACK RETURN,MAIL,n foxes sleep.
44903-3,44903,191,18,3,37.00,40374.03,0.02,0.01,R,F,1992-06-10,1992-06-02,1992-06-22,TAKE BACK RETURN,RAIL,d have to haggle slyly. furiously specia
44903-4,44903,1114,51,4,1.00,1015.11,0.04,0.04,R,F,1992-05-29,1992-05-11,1992-06-10,DELIVER IN PERSON,FOB,o the blith
44903-5,44903,438,97,5,18.00,24091.74,0.10,0.08,A,F,1992-06-13,1992-05-23,1992-06-21,COLLECT COD,FOB,ts. furiously regular deposi
44903-6,44903,867,34,6,9.00,15910.74,0.03,0.08,A,F,1992-03-25,1992-05-29,1992-04-11,NONE,FOB,posits haggle sl
44928-1,44928,1300,1,1,39.00,46850.70,0.08,0.08,N,O,1996-05-08,1996-03-19,1996-05-20,TAKE BACK RETURN,REG AIR,into beans sublate entici
44929-1,44929,713,14,1,47.00,75844.37,0.05,0.02,A,F,1993-10-31,1993-09-15,1993-11-27,COLLECT COD,SHIP, are furiously. 
44929-2,44929,273,28,2,10.00,11732.70,0.00,0.07,A,F,1993-09-20,1993-09-15,1993-10-18,DELIVER IN PERSON,AIR, bold foxes are quickly slyly final 
44929-3,44929,454,55,3,15.00,20316.75,0.10,0.05,R,F,1993-11-17,1993-10-22,1993-12-17,TAKE BACK RETURN,RAIL,accounts abo
44929-4,44929,1740,83,4,34.00,55819.16,0.03,0.04,R,F,1993-08-24,1993-09-18,1993-08-26,TAKE BACK RETURN,FOB,g to the final theodolites. 
44930-1,44930,541,32,1,10.00,14415.40,0.03,0.04,A,F,1994-11-18,1994-11-20,1994-12-05,COLLECT COD,RAIL,eposits. carefully r
44930-2,44930,505,6,2,26.00,36543.00,0.02,0.05,R,F,1994-10-31,1994-10-30,1994-11-09,COLLECT COD,TRUCK,lar theodolites nod. slyly unusual depo
44930-3,44930,605,37,3,45.00,67752.00,0.10,0.05,A,F,1994-11-28,1994-12-09,1994-12-14,TAKE BACK RETURN,TRUCK,s. even ideas sleep blithely dogg
44930-4,44930,1191,64,4,15.00,16382.85,0.05,0.04,A,F,1994-12-19,1994-12-16,1994-12-27,TAKE BACK RETURN,MAIL,quickly sl
44930-5,44930,1855,42,5,24.00,42164.40,0.03,0.01,R,F,1994-10-31,1994-11-30,1994-11-27,NONE,TRUCK,uctions. permanently pending accounts af
44930-6,44930,382,39,6,25.00,32059.50,0.01,0.03,R,F,1994-12-30,1994-10-26,1995-01-09,COLLECT COD,REG AIR,ckly above the blithely pending excuses.
44930-7,44930,279,34,7,17.00,20047.59,0.05,0.00,R,F,1994-11-25,1994-11-07,1994-12-06,DELIVER IN PERSON,MAIL, pending depo
44931-1,44931,1034,35,1,14.00,13090.42,0.06,0.05,N,O,1996-02-23,1996-01-23,1996-03-07,NONE,MAIL,"hely final theodolites. dogged, ironi"
44932-1,44932,1622,46,1,7.00,10665.34,0.05,0.03,N,O,1996-01-20,1996-02-17,1996-01-28,TAKE BACK RETURN,AIR,eas according to the blithely silent deposi
44932-2,44932,1937,70,2,32.00,58845.76,0.00,0.06,N,O,1996-04-24,1996-03-18,1996-04-29,TAKE BACK RETURN,MAIL, packages nag slyly slyly express depe
44932-3,44932,665,97,3,49.00,76717.34,0.05,0.06,N,O,1996-04-16,1996-03-22,1996-04-26,COLLECT COD,MAIL,y slyly express ideas. final
44932-4,44932,988,91,4,9.00,17000.82,0.02,0.01,N,O,1996-03-01,1996-03-20,1996-03-18,COLLECT COD,AIR,refully final foxes cajole fluffily
44932-5,44932,1588,69,5,24.00,35749.92,0.05,0.07,N,O,1996-04-06,1996-03-18,1996-04-30,COLLECT COD,FOB,uffily pending accounts cajo
44932-6,44932,839,6,6,28.00,48715.24,0.04,0.02,N,O,1996-03-30,1996-02-15,1996-04-21,NONE,TRUCK,tructions. carefully pe
44932-7,44932,115,42,7,18.00,18271.98,0.03,0.03,N,O,1996-04-12,1996-02-26,1996-05-02,TAKE BACK RETURN,AIR,y stealthy requests
44933-1,44933,409,97,1,47.00,61541.80,0.07,0.00,R,F,1993-09-19,1993-10-17,1993-10-19,TAKE BACK RETURN,TRUCK,accounts are furiously. carefully expres
44933-2,44933,532,23,2,1.00,1432.53,0.09,0.06,R,F,1993-12-12,1993-09-23,1993-12-16,DELIVER IN PERSON,REG AIR,lithely furiously fina
44933-3,44933,1209,21,3,36.00,39967.20,0.08,0.01,A,F,1993-11-18,1993-09-17,1993-12-04,TAKE BACK RETURN,REG AIR, among the carefully silent 
44934-1,44934,77,78,1,36.00,35174.52,0.03,0.00,A,F,1993-05-20,1993-06-24,1993-06-05,NONE,FOB,arefully even excus
44935-1,44935,470,71,1,27.00,37002.69,0.10,0.05,R,F,1994-01-22,1994-01-03,1994-02-15,DELIVER IN PERSON,TRUCK,in somas. courts against th
44935-2,44935,883,50,2,48.00,85626.24,0.01,0.02,R,F,1994-02-18,1994-01-10,1994-03-11,COLLECT COD,REG AIR,y final requests boost furiously 
44935-3,44935,1263,1,3,37.00,43077.62,0.08,0.06,R,F,1994-02-21,1994-01-31,1994-03-19,DELIVER IN PERSON,SHIP, beans. slyly ironic foxes detect outsi
44935-4,44935,1826,56,4,24.00,41467.68,0.08,0.06,A,F,1993-12-16,1994-01-19,1993-12-23,NONE,FOB, foxes sleep permanently entic
44935-5,44935,1770,55,5,11.00,18389.47,0.05,0.04,R,F,1994-02-09,1994-01-09,1994-02-17,COLLECT COD,RAIL,lithely requests. furiously even platel
44935-6,44935,386,87,6,36.00,46309.68,0.00,0.02,A,F,1993-12-22,1994-01-28,1993-12-30,COLLECT COD,SHIP,instructions. 
44960-1,44960,584,45,1,11.00,16330.38,0.10,0.02,N,O,1995-07-22,1995-07-14,1995-07-27,TAKE BACK RETURN,RAIL, packages.
44960-2,44960,1038,9,2,13.00,12207.39,0.07,0.01,N,F,1995-06-16,1995-06-09,1995-07-09,NONE,REG AIR,ly final dolphins cajole about the instr
44960-3,44960,1486,87,3,20.00,27749.60,0.03,0.06,N,O,1995-08-27,1995-07-09,1995-09-16,COLLECT COD,TRUCK,ly blithely silent requests.
44960-4,44960,1909,42,4,19.00,34407.10,0.03,0.06,N,F,1995-06-11,1995-06-20,1995-07-03,COLLECT COD,REG AIR,Tiresias are after the furio
44960-5,44960,423,24,5,48.00,63524.16,0.10,0.07,N,O,1995-07-21,1995-06-11,1995-08-06,DELIVER IN PERSON,FOB,ts haggle slyly final req
44960-6,44960,633,96,6,7.00,10735.41,0.02,0.04,N,O,1995-08-10,1995-07-30,1995-08-16,TAKE BACK RETURN,MAIL,hely regular accounts boost
44960-7,44960,1427,45,7,39.00,51808.38,0.00,0.03,N,O,1995-07-18,1995-07-28,1995-08-02,COLLECT COD,MAIL,iously unusual as
44961-1,44961,1455,73,1,8.00,10851.60,0.06,0.07,N,O,1996-05-04,1996-03-18,1996-06-02,TAKE BACK RETURN,MAIL,y along the foxes. slyly unusua
44962-1,44962,598,29,1,3.00,4495.77,0.03,0.07,A,F,1995-03-25,1995-03-14,1995-04-19,DELIVER IN PERSON,TRUCK,ckages before the grouc
44962-2,44962,1868,55,2,23.00,40706.78,0.05,0.06,A,F,1995-02-10,1995-03-22,1995-02-19,DELIVER IN PERSON,TRUCK,thrash slyly. dep
44963-1,44963,29,30,1,17.00,15793.34,0.03,0.05,N,O,1997-03-06,1997-04-25,1997-03-17,TAKE BACK RETURN,REG AIR,cial requests 
44963-2,44963,443,31,2,29.00,38959.76,0.07,0.03,N,O,1997-02-28,1997-03-28,1997-03-26,NONE,REG AIR, foxes. furiously ironic theodolites c
44963-3,44963,1805,49,3,25.00,42670.00,0.02,0.06,N,O,1997-06-25,1997-04-01,1997-07-04,NONE,MAIL,ts cajole thinly unusual theodolites. fu
44963-4,44963,1147,20,4,34.00,35636.76,0.04,0.05,N,O,1997-04-20,1997-05-05,1997-05-08,TAKE BACK RETURN,SHIP,earls poach fluffily. final
44964-1,44964,1188,25,1,15.00,16337.70,0.04,0.03,N,O,1996-10-25,1996-10-07,1996-10-29,COLLECT COD,SHIP,jole quick foxes; sly
44964-2,44964,499,58,2,42.00,58778.58,0.08,0.06,N,O,1996-11-07,1996-11-07,1996-12-03,COLLECT COD,TRUCK,ggedly regular ideas cajole furiously alon
44964-3,44964,877,11,3,41.00,72892.67,0.08,0.00,N,O,1996-09-26,1996-10-27,1996-10-14,NONE,FOB,cial somas use accord
44964-4,44964,1309,24,4,48.00,58094.40,0.05,0.00,N,O,1996-10-04,1996-11-15,1996-10-15,DELIVER IN PERSON,REG AIR,carefully thin re
44964-5,44964,1444,23,5,44.00,59199.36,0.10,0.02,N,O,1996-09-17,1996-10-13,1996-09-19,COLLECT COD,AIR,ctions about the theodolites integrate
44964-6,44964,764,97,6,35.00,58266.60,0.10,0.01,N,O,1996-09-03,1996-10-18,1996-09-12,TAKE BACK RETURN,TRUCK,ar theodol
44965-1,44965,1174,11,1,6.00,6451.02,0.00,0.02,N,O,1996-02-01,1995-11-21,1996-02-08,DELIVER IN PERSON,FOB,s. furiously regula
44965-2,44965,996,97,2,49.00,92952.51,0.07,0.06,N,O,1995-10-17,1995-12-01,1995-11-12,COLLECT COD,TRUCK,nts detect someti
44965-3,44965,549,50,3,10.00,14495.40,0.10,0.01,N,O,1995-10-19,1995-11-26,1995-11-11,TAKE BACK RETURN,AIR,sual packages nag qu
44965-4,44965,226,54,4,48.00,54058.56,0.09,0.01,N,O,1995-10-08,1995-11-03,1995-10-25,DELIVER IN PERSON,MAIL,y quickly do
44965-5,44965,1684,26,5,23.00,36470.64,0.01,0.06,N,O,1995-12-13,1995-12-08,1995-12-15,COLLECT COD,FOB,ts. slyly final ideas h
44965-6,44965,1908,53,6,39.00,70586.10,0.04,0.04,N,O,1995-12-02,1995-12-03,1995-12-24,DELIVER IN PERSON,RAIL,packages. expres
44966-1,44966,1560,1,1,26.00,38000.56,0.05,0.05,R,F,1992-05-01,1992-04-05,1992-05-29,NONE,TRUCK,r accounts
44966-2,44966,1885,86,2,12.00,21442.56,0.07,0.00,R,F,1992-04-30,1992-05-29,1992-05-03,TAKE BACK RETURN,RAIL, of the carefully regular theodolites cajo
44966-3,44966,1434,74,3,12.00,16025.16,0.04,0.01,R,F,1992-06-04,1992-05-11,1992-06-13,NONE,RAIL,slyly final theodolites cajole b
44967-1,44967,849,50,1,48.00,83992.32,0.07,0.08,N,O,1997-01-06,1996-11-25,1997-01-27,TAKE BACK RETURN,TRUCK,cajole according to t
44992-1,44992,880,14,1,26.00,46302.88,0.07,0.04,R,F,1993-01-09,1993-03-14,1993-02-02,COLLECT COD,TRUCK,c ideas. carefully even 
44992-2,44992,1044,15,2,1.00,945.04,0.08,0.00,A,F,1993-02-14,1993-03-16,1993-03-07,TAKE BACK RETURN,FOB,egular pinto beans cajole. express r
44992-3,44992,1105,14,3,9.00,9054.90,0.05,0.01,A,F,1993-04-19,1993-02-26,1993-04-25,NONE,AIR,long the silent platelets do lose fluff
44992-4,44992,271,53,4,29.00,33966.83,0.01,0.02,A,F,1993-03-27,1993-03-04,1993-04-07,DELIVER IN PERSON,AIR,posits. quickly busy requests are blithely 
44992-5,44992,17,18,5,41.00,37597.41,0.00,0.00,R,F,1993-04-03,1993-03-23,1993-05-01,TAKE BACK RETURN,FOB,hs. accounts cajole. evenly pending
44992-6,44992,296,97,6,14.00,16748.06,0.10,0.01,R,F,1992-12-31,1993-03-19,1993-01-03,DELIVER IN PERSON,RAIL, carefully special packages. slyly even
44992-7,44992,599,100,7,29.00,43488.11,0.02,0.07,R,F,1993-04-18,1993-02-20,1993-05-08,DELIVER IN PERSON,FOB, pains sleep carefully eve
44993-1,44993,799,32,1,19.00,32296.01,0.06,0.03,N,O,1996-03-25,1996-02-24,1996-04-09,DELIVER IN PERSON,REG AIR,"ions. unusual, ironic ideas haggle "
44994-1,44994,355,84,1,29.00,36405.15,0.08,0.08,N,O,1998-02-10,1998-03-11,1998-03-09,DELIVER IN PERSON,RAIL,ites affix. carefully bold requests
44995-1,44995,406,36,1,43.00,56175.20,0.03,0.04,R,F,1994-11-21,1994-10-08,1994-12-15,DELIVER IN PERSON,TRUCK,ickly regular 
44995-2,44995,612,75,2,7.00,10588.27,0.02,0.08,R,F,1994-11-17,1994-10-03,1994-11-25,DELIVER IN PERSON,AIR,ilent requests ought to haggle aga
44995-3,44995,302,87,3,17.00,20439.10,0.00,0.02,R,F,1994-09-03,1994-10-24,1994-09-15,COLLECT COD,FOB,ccounts. excuses are blithely. blithely r
44995-4,44995,1269,44,4,43.00,50321.18,0.10,0.00,A,F,1994-09-17,1994-10-21,1994-09-24,DELIVER IN PERSON,FOB,bout the carefully ironic requ
44996-1,44996,623,86,1,1.00,1523.62,0.06,0.01,N,O,1996-12-21,1997-01-15,1997-01-05,DELIVER IN PERSON,RAIL,eas affix fluffily after the 
44996-2,44996,1636,60,2,28.00,43053.64,0.03,0.07,N,O,1996-12-08,1997-01-02,1996-12-29,NONE,SHIP,posits use 
44996-3,44996,435,65,3,3.00,4006.29,0.07,0.07,N,O,1996-10-25,1997-01-04,1996-11-21,DELIVER IN PERSON,FOB,e among the
44996-4,44996,1750,93,4,30.00,49552.50,0.05,0.04,N,O,1997-01-13,1996-11-23,1997-02-02,DELIVER IN PERSON,AIR,ross the furiously daring pinto 
44996-5,44996,118,97,5,18.00,18325.98,0.01,0.01,N,O,1996-12-12,1996-12-15,1996-12-15,COLLECT COD,RAIL,yly final ide
44997-1,44997,1597,38,1,41.00,61442.19,0.04,0.06,N,O,1996-01-09,1995-11-17,1996-01-20,TAKE BACK RETURN,AIR,"express ideas: regular, final ide"
44997-2,44997,1899,29,2,31.00,55827.59,0.02,0.00,N,O,1995-12-09,1995-11-23,1995-12-29,COLLECT COD,SHIP,sly dolphins. regular pinto bean
44998-1,44998,1119,28,1,14.00,14281.54,0.04,0.06,N,O,1996-12-30,1997-01-17,1997-01-08,NONE,MAIL,"gular, even "
44998-2,44998,865,99,2,26.00,45912.36,0.03,0.00,N,O,1996-12-23,1997-02-16,1997-01-03,NONE,REG AIR,carefully regular requests. sl
44998-3,44998,1182,55,3,3.00,3249.54,0.04,0.07,N,O,1997-01-31,1997-03-04,1997-02-15,COLLECT COD,REG AIR,eans. furiously regu
44998-4,44998,1468,8,4,50.00,68473.00,0.03,0.00,N,O,1997-01-31,1997-03-09,1997-02-22,COLLECT COD,TRUCK,ans wake along the furiously final depe
44998-5,44998,1938,39,5,4.00,7359.72,0.01,0.01,N,O,1997-03-17,1997-03-04,1997-03-21,TAKE BACK RETURN,AIR,"s. ironic, regular dol"
44999-1,44999,86,87,1,35.00,34512.80,0.06,0.07,R,F,1993-03-27,1993-04-06,1993-04-20,NONE,TRUCK,the unusual foxes. ironic theod
44999-2,44999,930,99,2,45.00,82391.85,0.07,0.01,R,F,1993-05-12,1993-03-19,1993-06-02,NONE,RAIL,e furiously above the slyly ironic the
45024-1,45024,1311,26,1,42.00,50917.02,0.09,0.07,N,O,1998-07-02,1998-08-04,1998-07-25,TAKE BACK RETURN,RAIL,ideas haggle. furiously e
45024-2,45024,256,57,2,21.00,24281.25,0.09,0.06,N,O,1998-08-02,1998-08-12,1998-08-09,TAKE BACK RETURN,REG AIR,"thely bold, express ins"
45024-3,45024,808,8,3,48.00,82022.40,0.00,0.05,N,O,1998-08-30,1998-08-01,1998-09-14,DELIVER IN PERSON,MAIL,packages. carefully even
45024-4,45024,600,91,4,23.00,34513.80,0.06,0.06,N,O,1998-08-10,1998-06-29,1998-08-20,COLLECT COD,AIR,riously even platelets nod across th
45024-5,45024,1173,46,5,1.00,1074.17,0.05,0.01,N,O,1998-09-09,1998-07-20,1998-09-22,TAKE BACK RETURN,RAIL,s requests. furiously bold deposits aff
45024-6,45024,1455,95,6,9.00,12208.05,0.00,0.07,N,O,1998-05-31,1998-08-02,1998-06-22,COLLECT COD,REG AIR,egular theodolites along the fl
45025-1,45025,71,72,1,16.00,15537.12,0.06,0.07,N,O,1995-08-11,1995-05-28,1995-08-30,TAKE BACK RETURN,FOB,thely special requests? unusual a
45025-2,45025,757,22,2,46.00,76256.50,0.06,0.06,N,O,1995-07-19,1995-06-18,1995-08-02,DELIVER IN PERSON,AIR,gifts must have to kindle bli
45025-3,45025,1920,53,3,21.00,38260.32,0.07,0.05,N,O,1995-08-10,1995-05-17,1995-08-27,TAKE BACK RETURN,MAIL,s. blithely 
45025-4,45025,993,94,4,15.00,28409.85,0.10,0.05,A,F,1995-04-28,1995-05-16,1995-05-17,DELIVER IN PERSON,TRUCK,y blithe requests use b
45025-5,45025,1134,35,5,23.00,23807.99,0.10,0.03,R,F,1995-04-30,1995-06-24,1995-05-21,NONE,SHIP,e evenly bold ideas. pendi
45025-6,45025,1133,42,6,26.00,26887.38,0.10,0.03,N,F,1995-06-15,1995-05-29,1995-06-21,COLLECT COD,FOB,uriously regular deposits. always pending 
45026-1,45026,611,74,1,8.00,12092.88,0.04,0.05,N,O,1996-05-07,1996-04-17,1996-05-30,COLLECT COD,RAIL,he carefully pending a
45026-2,45026,595,56,2,36.00,53841.24,0.10,0.06,N,O,1996-04-12,1996-03-02,1996-04-15,TAKE BACK RETURN,TRUCK, carefully even p
45026-3,45026,766,63,3,42.00,70003.92,0.05,0.08,N,O,1996-03-18,1996-02-24,1996-04-02,DELIVER IN PERSON,TRUCK,s the furiously regular ideas sle
45027-1,45027,1325,2,1,1.00,1226.32,0.10,0.03,A,F,1992-12-10,1992-11-12,1992-12-23,COLLECT COD,REG AIR, instructions. blithely
45027-2,45027,46,72,2,30.00,28381.20,0.01,0.02,A,F,1992-12-14,1992-11-06,1993-01-06,NONE,FOB, requests sleep carefully unusual p
45027-3,45027,1000,3,3,31.00,27931.00,0.01,0.03,A,F,1992-11-25,1992-10-16,1992-12-25,NONE,TRUCK,ely ironic requests-- re
45028-1,45028,785,86,1,29.00,48887.62,0.01,0.02,N,O,1996-05-17,1996-05-11,1996-06-13,COLLECT COD,RAIL," bold, final orbits after the furiou"
45028-2,45028,1190,99,2,19.00,20732.61,0.05,0.06,N,O,1996-05-09,1996-04-08,1996-06-03,TAKE BACK RETURN,TRUCK,pearls. sl
45028-3,45028,396,25,3,45.00,58337.55,0.06,0.01,N,O,1996-06-23,1996-04-11,1996-06-25,TAKE BACK RETURN,TRUCK,blithely furiously ironic ideas. blithe
45029-1,45029,88,64,1,48.00,47427.84,0.07,0.08,A,F,1993-10-23,1993-09-24,1993-11-18,COLLECT COD,MAIL,ress packages dete
45029-2,45029,158,59,2,49.00,51849.35,0.05,0.05,R,F,1993-09-05,1993-09-07,1993-09-14,NONE,FOB,es wake furiously among the foxes. quickl
45029-3,45029,354,55,3,34.00,42647.90,0.02,0.04,R,F,1993-09-16,1993-08-06,1993-10-15,TAKE BACK RETURN,AIR,old pinto beans integ
45030-1,45030,426,85,1,24.00,31834.08,0.01,0.06,A,F,1993-10-05,1993-09-06,1993-11-01,DELIVER IN PERSON,FOB, regular dependencies. blithely regu
45030-2,45030,1801,31,2,36.00,61300.80,0.06,0.00,A,F,1993-11-18,1993-09-14,1993-12-07,COLLECT COD,TRUCK,oxes cajole fluffily
45030-3,45030,170,97,3,6.00,6421.02,0.08,0.00,A,F,1993-11-02,1993-09-07,1993-11-05,NONE,FOB,ckages. carefully final ideas cajole caref
45030-4,45030,1496,14,4,25.00,34937.25,0.05,0.06,A,F,1993-10-26,1993-10-13,1993-11-13,TAKE BACK RETURN,TRUCK,nal deposits thrash ca
45030-5,45030,1589,70,5,37.00,55151.46,0.07,0.05,A,F,1993-10-16,1993-10-05,1993-10-17,TAKE BACK RETURN,SHIP,ess accounts a
45030-6,45030,732,65,6,26.00,42450.98,0.09,0.07,A,F,1993-08-28,1993-09-19,1993-09-06,DELIVER IN PERSON,MAIL,deas. blithely e
45031-1,45031,161,40,1,13.00,13795.08,0.01,0.05,R,F,1993-02-14,1993-02-09,1993-02-27,COLLECT COD,FOB,uickly regular accounts. carefully bold 
45031-2,45031,257,85,2,27.00,31245.75,0.01,0.00,A,F,1992-12-01,1993-02-04,1992-12-17,NONE,REG AIR,lar package
45031-3,45031,1932,21,3,25.00,45848.25,0.10,0.00,A,F,1993-01-15,1993-01-25,1993-02-10,TAKE BACK RETURN,REG AIR, slyly ironic ideas 
45031-4,45031,1404,83,4,14.00,18275.60,0.06,0.03,A,F,1992-12-13,1993-01-03,1992-12-28,TAKE BACK RETURN,AIR,ts are carefully along the furiously
45031-5,45031,615,47,5,38.00,57593.18,0.03,0.05,A,F,1993-02-24,1992-12-31,1993-03-05,DELIVER IN PERSON,RAIL,s. quickly fi
45056-1,45056,762,95,1,34.00,56533.84,0.08,0.05,R,F,1995-01-13,1994-12-08,1995-01-22,DELIVER IN PERSON,FOB,nts. fluffily final deposits 
45056-2,45056,1535,76,2,12.00,17238.36,0.08,0.06,R,F,1994-11-30,1995-01-13,1994-12-10,TAKE BACK RETURN,MAIL,"e unusual, regular theodolites sleep fl"
45056-3,45056,1634,35,3,45.00,69103.35,0.02,0.03,A,F,1995-02-17,1994-12-29,1995-03-13,COLLECT COD,REG AIR,slyly special deposits are 
45056-4,45056,1991,24,4,49.00,92756.51,0.07,0.04,A,F,1994-11-24,1995-01-19,1994-12-07,COLLECT COD,FOB,eas sleep. fin
45057-1,45057,236,64,1,49.00,55675.27,0.01,0.08,N,O,1997-05-13,1997-06-12,1997-06-11,COLLECT COD,RAIL,ix sometimes alo
45057-2,45057,352,53,2,34.00,42579.90,0.09,0.04,N,O,1997-05-28,1997-05-18,1997-06-11,COLLECT COD,TRUCK,oost across t
45057-3,45057,800,65,3,45.00,76536.00,0.04,0.04,N,O,1997-05-16,1997-04-20,1997-05-23,TAKE BACK RETURN,AIR,"lent, final ideas. slyly slow depe"
45057-4,45057,1686,69,4,25.00,39692.00,0.00,0.01,N,O,1997-07-14,1997-05-29,1997-07-28,COLLECT COD,TRUCK,s haggle asymptotes. blithely
45057-5,45057,1167,76,5,14.00,14954.24,0.00,0.01,N,O,1997-05-09,1997-05-18,1997-05-27,NONE,TRUCK,nstructions. blithely 
45058-1,45058,1080,16,1,42.00,41205.36,0.04,0.04,N,O,1997-05-10,1997-03-04,1997-05-27,DELIVER IN PERSON,FOB,uickly ironic pinto beans detect
45058-2,45058,399,28,2,22.00,28586.58,0.01,0.02,N,O,1997-04-11,1997-03-15,1997-04-20,TAKE BACK RETURN,FOB,ites are at the blithely spec
45058-3,45058,220,75,3,15.00,16803.30,0.03,0.06,N,O,1997-05-10,1997-02-20,1997-05-24,TAKE BACK RETURN,SHIP,st among the slyly re
45058-4,45058,1661,44,4,9.00,14063.94,0.08,0.05,N,O,1997-04-14,1997-03-21,1997-04-29,DELIVER IN PERSON,RAIL, ironic realms hang about
45058-5,45058,158,37,5,39.00,41267.85,0.04,0.08,N,O,1997-04-21,1997-03-11,1997-05-15,DELIVER IN PERSON,RAIL, slyly iro
45058-6,45058,1597,78,6,48.00,71932.32,0.00,0.07,N,O,1997-01-24,1997-03-01,1997-02-07,NONE,REG AIR, platelets cajole after
45059-1,45059,1685,86,1,10.00,15866.80,0.00,0.07,A,F,1995-03-30,1995-04-27,1995-04-14,NONE,REG AIR,ses boost fluffily express dependenc
45059-2,45059,1996,97,2,45.00,85409.55,0.05,0.04,A,F,1995-04-05,1995-03-21,1995-04-14,COLLECT COD,REG AIR,ccording to the furiously final packages ar
45059-3,45059,1582,23,3,6.00,8901.48,0.04,0.06,R,F,1995-02-06,1995-03-15,1995-03-07,NONE,TRUCK,es. unusual 
45059-4,45059,1753,54,4,45.00,74463.75,0.01,0.06,R,F,1995-04-15,1995-03-24,1995-05-13,NONE,FOB,"the quickly even somas. busy, b"
45059-5,45059,401,31,5,8.00,10411.20,0.03,0.07,R,F,1995-04-14,1995-04-23,1995-04-23,TAKE BACK RETURN,TRUCK,e blithely final
45059-6,45059,10,36,6,44.00,40040.44,0.06,0.06,N,F,1995-06-04,1995-03-20,1995-07-01,TAKE BACK RETURN,RAIL, doubt furiously s
45060-1,45060,401,60,1,28.00,36439.20,0.05,0.03,R,F,1994-07-17,1994-07-28,1994-08-05,NONE,SHIP,ully final orbit
45061-1,45061,1722,49,1,46.00,74691.12,0.07,0.03,N,O,1996-06-14,1996-06-07,1996-07-03,TAKE BACK RETURN,REG AIR, even accoun
45061-2,45061,122,1,2,41.00,41906.92,0.00,0.02,N,O,1996-05-19,1996-06-09,1996-06-10,COLLECT COD,REG AIR,x slyly furiously unusual exc
45061-3,45061,908,77,3,18.00,32560.20,0.00,0.04,N,O,1996-05-08,1996-07-01,1996-05-25,DELIVER IN PERSON,MAIL,slyly ironic ideas boost never atop the c
45062-1,45062,428,87,1,16.00,21254.72,0.09,0.00,N,O,1998-07-28,1998-08-31,1998-08-22,DELIVER IN PERSON,FOB,final requests sleep per
45062-2,45062,81,7,2,19.00,18640.52,0.10,0.03,N,O,1998-06-13,1998-07-17,1998-06-30,DELIVER IN PERSON,SHIP, the blithely final deposits. car
45062-3,45062,424,12,3,50.00,66221.00,0.06,0.08,N,O,1998-07-27,1998-08-30,1998-07-29,TAKE BACK RETURN,AIR,print slyly unusual deposits. packag
45062-4,45062,275,30,4,34.00,39959.18,0.08,0.06,N,O,1998-08-01,1998-08-16,1998-08-18,COLLECT COD,MAIL,es. carefu
45062-5,45062,283,38,5,26.00,30765.28,0.07,0.06,N,O,1998-08-06,1998-08-20,1998-08-28,TAKE BACK RETURN,MAIL,ven packages sleep quickly around th
45062-6,45062,1249,50,6,24.00,27605.76,0.03,0.05,N,O,1998-07-05,1998-07-12,1998-07-19,DELIVER IN PERSON,SHIP, regular depend
45062-7,45062,301,30,7,20.00,24026.00,0.01,0.01,N,O,1998-07-12,1998-09-05,1998-07-21,NONE,MAIL,bold foxes despite the blith
45063-1,45063,401,2,1,36.00,46850.40,0.00,0.06,N,O,1997-05-04,1997-04-02,1997-05-26,DELIVER IN PERSON,MAIL, the pinto beans.
45063-2,45063,1288,89,2,36.00,42814.08,0.02,0.00,N,O,1997-05-07,1997-03-25,1997-05-20,DELIVER IN PERSON,AIR,s deposits. f
45063-3,45063,1979,24,3,23.00,43262.31,0.06,0.02,N,O,1997-04-21,1997-03-26,1997-05-17,TAKE BACK RETURN,MAIL," special, dogged requests. quick"
45063-4,45063,982,83,4,41.00,77202.18,0.04,0.03,N,O,1997-04-17,1997-04-09,1997-04-23,NONE,MAIL,nag. fluffily unusual ideas along the i
45063-5,45063,1736,79,5,34.00,55682.82,0.09,0.00,N,O,1997-01-14,1997-02-14,1997-01-29,NONE,FOB,longside of the blithely
45088-1,45088,235,36,1,36.00,40868.28,0.10,0.03,R,F,1994-03-15,1994-02-02,1994-03-31,NONE,RAIL,lar instructions are furiously
45088-2,45088,1273,11,2,26.00,30531.02,0.08,0.00,R,F,1994-01-31,1993-12-26,1994-03-01,DELIVER IN PERSON,AIR,ending foxes. furiou
45089-1,45089,240,68,1,17.00,19384.08,0.00,0.08,R,F,1994-02-24,1994-03-03,1994-03-14,TAKE BACK RETURN,AIR,re bravely ironic platele
45089-2,45089,463,51,2,24.00,32723.04,0.08,0.03,A,F,1994-04-24,1994-04-02,1994-05-09,COLLECT COD,SHIP,-- evenly final pinto beans haggle
45090-1,45090,1992,93,1,21.00,39773.79,0.10,0.00,R,F,1993-09-17,1993-09-30,1993-10-04,NONE,MAIL,eep blithely unusual escapades. furious
45090-2,45090,1712,13,2,30.00,48411.30,0.09,0.01,A,F,1993-08-09,1993-08-31,1993-09-03,DELIVER IN PERSON,RAIL,ic ideas boost ca
45091-1,45091,1697,80,1,11.00,17585.59,0.02,0.03,N,O,1995-12-03,1995-10-24,1995-12-29,COLLECT COD,TRUCK, deposits sl
45091-2,45091,1137,46,2,23.00,23876.99,0.05,0.02,N,O,1995-09-29,1995-11-26,1995-10-05,NONE,RAIL,pending pinto beans. b
45092-1,45092,83,34,1,25.00,24577.00,0.08,0.03,N,O,1996-11-13,1996-10-28,1996-11-20,COLLECT COD,AIR,uriously ironi
45092-2,45092,1439,40,2,24.00,32170.32,0.03,0.01,N,O,1996-11-30,1996-10-19,1996-12-11,TAKE BACK RETURN,RAIL,wake furiously 
45092-3,45092,989,92,3,10.00,18899.80,0.09,0.00,N,O,1996-11-24,1996-10-18,1996-12-08,COLLECT COD,REG AIR,ely regular deposits. bu
45092-4,45092,105,6,4,44.00,44224.40,0.10,0.07,N,O,1996-09-27,1996-12-01,1996-10-07,COLLECT COD,RAIL,s alongsid
45092-5,45092,6,32,5,7.00,6342.00,0.05,0.08,N,O,1997-01-06,1996-11-19,1997-01-16,TAKE BACK RETURN,RAIL,ckages. furiously special deposits a
45093-1,45093,1146,55,1,22.00,23037.08,0.00,0.00,N,O,1998-05-09,1998-04-18,1998-06-05,TAKE BACK RETURN,REG AIR,ess theodolites.
45093-2,45093,1894,38,2,37.00,66447.93,0.09,0.00,N,O,1998-06-03,1998-04-29,1998-06-26,NONE,RAIL, theodolites. furiously f
45093-3,45093,888,89,3,22.00,39355.36,0.05,0.06,N,O,1998-03-21,1998-06-11,1998-03-26,DELIVER IN PERSON,REG AIR,e evenly outside the furiousl
45093-4,45093,426,14,4,5.00,6632.10,0.01,0.07,N,O,1998-03-24,1998-05-15,1998-04-20,COLLECT COD,REG AIR,foxes wake blithely. ideas wake after th
45093-5,45093,1973,62,5,26.00,48749.22,0.07,0.03,N,O,1998-03-26,1998-04-18,1998-03-30,DELIVER IN PERSON,FOB,ns use furiously! even theodol
45094-1,45094,1042,78,1,6.00,5658.24,0.08,0.05,N,O,1997-07-15,1997-07-08,1997-07-27,COLLECT COD,RAIL,lar accounts! requests use. ruth
45094-2,45094,1109,46,2,4.00,4040.40,0.07,0.05,N,O,1997-04-25,1997-05-17,1997-05-14,DELIVER IN PERSON,FOB,age. slyly special tithes kindl
45094-3,45094,1454,72,3,24.00,32530.80,0.10,0.06,N,O,1997-05-31,1997-06-18,1997-06-02,DELIVER IN PERSON,RAIL,"ies. express, even instruct"
45094-4,45094,489,77,4,48.00,66695.04,0.05,0.05,N,O,1997-06-11,1997-05-28,1997-06-18,NONE,SHIP, excuses around the carefully express asym
45094-5,45094,1323,38,5,9.00,11018.88,0.07,0.04,N,O,1997-06-16,1997-05-15,1997-07-09,TAKE BACK RETURN,TRUCK,ose furiously. 
45095-1,45095,1755,40,1,30.00,49702.50,0.07,0.08,N,O,1997-06-01,1997-05-10,1997-06-12,DELIVER IN PERSON,RAIL,the regula
45120-1,45120,1742,85,1,7.00,11506.18,0.06,0.05,R,F,1994-05-11,1994-07-01,1994-05-29,DELIVER IN PERSON,MAIL,g excuses cajole quickly ironic asympto
45120-2,45120,220,21,2,32.00,35847.04,0.05,0.00,A,F,1994-06-01,1994-05-14,1994-06-22,NONE,AIR,oss the slyly bold requests. special d
45120-3,45120,1685,86,3,1.00,1586.68,0.01,0.08,A,F,1994-07-30,1994-06-17,1994-08-07,TAKE BACK RETURN,REG AIR,ts use busily. busy ideas
45120-4,45120,968,71,4,28.00,52330.88,0.05,0.08,R,F,1994-07-20,1994-06-15,1994-07-25,TAKE BACK RETURN,RAIL, upon the blithely ironic instructio
45120-5,45120,360,61,5,1.00,1260.36,0.07,0.05,A,F,1994-07-10,1994-07-02,1994-07-15,DELIVER IN PERSON,AIR, permanent requests haggle quietly regular
45120-6,45120,1079,80,6,26.00,25481.82,0.02,0.02,A,F,1994-07-11,1994-06-21,1994-07-28,DELIVER IN PERSON,TRUCK,unusual ideas use. carefully special foxes
45120-7,45120,766,31,7,32.00,53336.32,0.03,0.05,R,F,1994-07-25,1994-05-17,1994-08-09,DELIVER IN PERSON,MAIL,gular excuses affix above the car
45121-1,45121,1608,50,1,9.00,13586.40,0.04,0.01,N,O,1998-05-17,1998-05-20,1998-05-28,DELIVER IN PERSON,TRUCK,inal courts wake blithely. slyly unu
45121-2,45121,45,71,2,11.00,10395.44,0.03,0.06,N,O,1998-05-30,1998-07-04,1998-06-14,TAKE BACK RETURN,REG AIR,heodolites 
45122-1,45122,1708,35,1,3.00,4829.10,0.05,0.02,R,F,1993-02-15,1992-12-12,1993-02-22,COLLECT COD,REG AIR,jole slyly quiet pinto beans. 
45122-2,45122,665,28,2,48.00,75151.68,0.02,0.02,A,F,1993-01-26,1992-12-15,1993-02-21,NONE,RAIL,uriously-- slyly regular as
45122-3,45122,117,96,3,29.00,29496.19,0.08,0.02,R,F,1992-11-25,1992-12-14,1992-11-26,DELIVER IN PERSON,RAIL,s. slyly regular deposits cajole fl
45122-4,45122,1980,13,4,24.00,45167.52,0.06,0.05,R,F,1993-01-16,1993-01-27,1993-02-12,NONE,TRUCK,excuses after the furi
45123-1,45123,1259,60,1,50.00,58012.50,0.09,0.04,N,O,1998-06-21,1998-06-21,1998-07-10,COLLECT COD,REG AIR,l theodolites nag fluffily slyly regu
45123-2,45123,439,69,2,22.00,29467.46,0.07,0.06,N,O,1998-04-14,1998-05-28,1998-05-01,TAKE BACK RETURN,AIR,"nt, regular requests should have to ru"
45123-3,45123,752,17,3,1.00,1652.75,0.10,0.03,N,O,1998-03-31,1998-06-24,1998-04-13,DELIVER IN PERSON,REG AIR, deposits. express ideas al
45123-4,45123,1664,65,4,49.00,76717.34,0.01,0.00,N,O,1998-04-22,1998-06-13,1998-05-06,TAKE BACK RETURN,AIR,owly furiously regular accounts. carefully 
45124-1,45124,161,14,1,16.00,16978.56,0.05,0.00,N,O,1998-03-07,1998-04-15,1998-03-08,DELIVER IN PERSON,MAIL,otes haggle carefully careful
45125-1,45125,1553,54,1,5.00,7272.75,0.05,0.08,R,F,1992-07-03,1992-08-18,1992-08-01,DELIVER IN PERSON,TRUCK,ithely pending dolphin
45125-2,45125,1241,79,2,44.00,50258.56,0.00,0.03,R,F,1992-07-02,1992-08-25,1992-07-31,COLLECT COD,SHIP,e fluffily f
45125-3,45125,1409,27,3,43.00,56347.20,0.09,0.08,A,F,1992-08-09,1992-08-24,1992-08-19,NONE,RAIL, furiously regular i
45125-4,45125,1418,58,4,39.00,51456.99,0.08,0.02,A,F,1992-06-14,1992-08-09,1992-06-27,COLLECT COD,TRUCK,carefully. slyly final foxes are reg
45125-5,45125,187,66,5,14.00,15220.52,0.01,0.08,A,F,1992-07-09,1992-07-13,1992-08-08,NONE,TRUCK,und the final packages use blithely quic
45125-6,45125,1954,43,6,6.00,11135.70,0.06,0.03,R,F,1992-09-27,1992-08-10,1992-10-27,TAKE BACK RETURN,SHIP,haggle above the 
45126-1,45126,1195,96,1,44.00,48232.36,0.04,0.07,R,F,1992-06-15,1992-07-07,1992-07-03,NONE,FOB, ideas sleep blithely final reque
45126-2,45126,589,80,2,10.00,14895.80,0.09,0.08,R,F,1992-07-11,1992-06-30,1992-07-14,NONE,RAIL,en theodolites. regula
45127-1,45127,45,21,1,25.00,23626.00,0.07,0.04,R,F,1993-03-10,1993-03-15,1993-03-13,TAKE BACK RETURN,RAIL,kages grow. furiously slow
45127-2,45127,873,40,2,16.00,28381.92,0.04,0.00,R,F,1993-03-01,1993-03-23,1993-03-18,COLLECT COD,MAIL,regular accounts are blithely special
45127-3,45127,1358,97,3,29.00,36521.15,0.09,0.03,R,F,1993-03-07,1993-02-02,1993-03-21,DELIVER IN PERSON,TRUCK,ss account
45127-4,45127,779,12,4,5.00,8398.85,0.07,0.01,A,F,1993-03-06,1993-02-21,1993-04-04,NONE,REG AIR,ully express ideas engage slyly. blithely r
45127-5,45127,1985,18,5,37.00,69818.26,0.10,0.01,R,F,1993-03-24,1993-03-14,1993-04-11,NONE,MAIL,ly thin asymptotes use. fu
45127-6,45127,690,84,6,19.00,30223.11,0.01,0.01,R,F,1993-02-26,1993-03-15,1993-03-02,COLLECT COD,AIR,e of the deposits. platelets ar
45152-1,45152,141,94,1,14.00,14575.96,0.06,0.00,N,O,1997-12-22,1997-12-25,1998-01-19,DELIVER IN PERSON,RAIL,ost slyly! ironic instructions doze blit
45152-2,45152,1218,56,2,21.00,23503.41,0.07,0.03,N,O,1997-12-08,1997-12-29,1997-12-10,DELIVER IN PERSON,TRUCK,e blithely. furiousl
45152-3,45152,655,49,3,12.00,18667.80,0.08,0.04,N,O,1998-01-10,1997-12-18,1998-01-19,TAKE BACK RETURN,MAIL,ackages should use. accou
45152-4,45152,1077,48,4,42.00,41078.94,0.04,0.04,N,O,1997-11-07,1998-01-20,1997-11-17,COLLECT COD,MAIL,thely carefully regular pint
45152-5,45152,1779,22,5,35.00,58826.95,0.09,0.06,N,O,1997-11-22,1997-11-30,1997-12-20,NONE,MAIL,r deposits. q
45152-6,45152,1686,87,6,45.00,71445.60,0.10,0.07,N,O,1998-01-24,1997-12-29,1998-01-28,NONE,FOB," final, ev"
45153-1,45153,1034,5,1,17.00,15895.51,0.00,0.05,R,F,1992-07-10,1992-07-04,1992-07-22,TAKE BACK RETURN,SHIP,kages. fluffily ironic
45154-1,45154,203,31,1,3.00,3309.60,0.05,0.03,N,O,1996-11-14,1996-12-08,1996-11-24,TAKE BACK RETURN,AIR,pecial deposits s
45154-2,45154,362,63,2,42.00,53019.12,0.07,0.07,N,O,1997-01-05,1996-12-16,1997-01-29,DELIVER IN PERSON,TRUCK,ven foxes along th
45154-3,45154,748,13,3,9.00,14838.66,0.03,0.02,N,O,1997-01-05,1997-01-17,1997-01-16,COLLECT COD,TRUCK,he quickly express pinto beans.
45154-4,45154,965,34,4,49.00,91432.04,0.05,0.08,N,O,1997-01-03,1996-11-30,1997-02-02,NONE,MAIL,ns wake quickly? ins
45154-5,45154,1391,30,5,12.00,15508.68,0.00,0.06,N,O,1996-11-21,1996-12-03,1996-12-14,TAKE BACK RETURN,SHIP,quests cajole against the slyly final p
45154-6,45154,1228,40,6,33.00,37264.26,0.10,0.04,N,O,1997-01-19,1996-12-06,1997-02-04,COLLECT COD,REG AIR,olites: final p
45154-7,45154,430,60,7,41.00,54547.63,0.01,0.07,N,O,1996-11-27,1997-01-16,1996-11-29,NONE,AIR, sleep quickly after the final re
45155-1,45155,1320,97,1,37.00,45188.84,0.03,0.00,R,F,1995-03-30,1995-04-05,1995-04-10,TAKE BACK RETURN,SHIP,ress requests after the qui
45155-2,45155,367,52,2,12.00,15208.32,0.06,0.07,A,F,1995-04-05,1995-04-30,1995-04-25,DELIVER IN PERSON,TRUCK,ress platelets affix furiously. final asymp
45155-3,45155,1692,93,3,29.00,46217.01,0.00,0.08,A,F,1995-03-01,1995-03-28,1995-03-14,TAKE BACK RETURN,TRUCK,deposits. bl
45155-4,45155,871,71,4,32.00,56699.84,0.02,0.05,R,F,1995-04-10,1995-05-16,1995-05-03,TAKE BACK RETURN,SHIP,oxes. care
45155-5,45155,203,85,5,34.00,37508.80,0.07,0.01,A,F,1995-05-15,1995-05-09,1995-06-11,DELIVER IN PERSON,REG AIR,ronic pinto beans. carefu
45156-1,45156,365,94,1,3.00,3796.08,0.04,0.04,R,F,1995-05-27,1995-05-09,1995-06-05,DELIVER IN PERSON,RAIL, haggle blithely. foxes sleep about t
45156-2,45156,873,7,2,6.00,10643.22,0.10,0.08,A,F,1995-04-24,1995-03-30,1995-05-15,TAKE BACK RETURN,RAIL,y ironic ideas
45156-3,45156,206,88,3,46.00,50885.20,0.06,0.03,A,F,1995-04-12,1995-04-30,1995-05-02,NONE,FOB,ts wake ironic requests. ironic 
45156-4,45156,756,57,4,24.00,39762.00,0.05,0.03,R,F,1995-05-01,1995-03-27,1995-05-29,NONE,REG AIR,lly regular f
45156-5,45156,325,26,5,16.00,19605.12,0.03,0.03,A,F,1995-04-08,1995-04-25,1995-04-21,COLLECT COD,FOB,fily; close requests cajole qu
45157-1,45157,1227,39,1,50.00,56411.00,0.05,0.07,N,O,1997-07-14,1997-07-21,1997-07-25,NONE,REG AIR,fully special foxes.
45157-2,45157,40,41,2,17.00,15980.68,0.07,0.00,N,O,1997-06-24,1997-07-30,1997-07-21,COLLECT COD,RAIL,ar foxes are agains
45157-3,45157,339,40,3,4.00,4957.32,0.10,0.00,N,O,1997-07-05,1997-06-13,1997-07-18,COLLECT COD,FOB,ecial pinto beans ha
45158-1,45158,799,96,1,21.00,35695.59,0.08,0.01,A,F,1993-05-09,1993-06-11,1993-05-15,NONE,FOB, final cou
45158-2,45158,1463,81,2,23.00,31382.58,0.05,0.01,R,F,1993-07-11,1993-07-03,1993-07-14,DELIVER IN PERSON,FOB,tterns are. blithely regular theodolites do
45158-3,45158,914,15,3,13.00,23593.83,0.08,0.07,R,F,1993-06-04,1993-07-04,1993-06-23,DELIVER IN PERSON,TRUCK,the furiously fin
45159-1,45159,1098,69,1,45.00,44959.05,0.10,0.02,A,F,1994-08-05,1994-07-05,1994-08-19,NONE,FOB, special foxes wake sl
45159-2,45159,1234,35,2,12.00,13622.76,0.03,0.05,R,F,1994-09-04,1994-07-25,1994-10-01,NONE,RAIL,nts: instructions wake. slyl
45159-3,45159,1214,52,3,30.00,33456.30,0.06,0.00,A,F,1994-05-16,1994-07-21,1994-06-13,TAKE BACK RETURN,REG AIR," regular, bold deposits "
45159-4,45159,1503,84,4,26.00,36517.00,0.04,0.04,R,F,1994-08-31,1994-07-09,1994-09-15,DELIVER IN PERSON,SHIP,regular accounts are furio
45159-5,45159,747,12,5,16.00,26363.84,0.03,0.08,R,F,1994-07-19,1994-07-30,1994-07-25,COLLECT COD,TRUCK,accounts according to the bli
45159-6,45159,1924,25,6,43.00,78514.56,0.06,0.02,R,F,1994-08-27,1994-07-31,1994-08-30,DELIVER IN PERSON,REG AIR,haggle after the packages. ca
45184-1,45184,995,98,1,44.00,83423.56,0.04,0.04,R,F,1993-09-01,1993-08-30,1993-09-08,TAKE BACK RETURN,SHIP,ts. unusual theodolites are carefully expre
45184-2,45184,855,22,2,33.00,57943.05,0.00,0.02,R,F,1993-08-12,1993-09-06,1993-09-06,NONE,REG AIR,ing to the blithely sp
45184-3,45184,1646,70,3,34.00,52619.76,0.08,0.01,A,F,1993-07-26,1993-08-10,1993-08-12,DELIVER IN PERSON,TRUCK,lent requests haggle slyly among t
45184-4,45184,811,78,4,18.00,30812.58,0.06,0.08,R,F,1993-08-25,1993-08-06,1993-09-03,NONE,FOB,ost accounts. blith
45184-5,45184,469,99,5,46.00,62995.16,0.01,0.07,R,F,1993-08-22,1993-09-07,1993-09-21,DELIVER IN PERSON,AIR,ingly bold accounts integ
45184-6,45184,1471,89,6,9.00,12352.23,0.10,0.08,R,F,1993-08-29,1993-09-01,1993-09-11,TAKE BACK RETURN,SHIP,odolites. quickly regular excuses hang.
45185-1,45185,1303,18,1,18.00,21677.40,0.00,0.01,R,F,1993-05-21,1993-05-14,1993-05-25,DELIVER IN PERSON,MAIL,s. blithely silent m
45185-2,45185,990,59,2,21.00,39710.79,0.08,0.08,A,F,1993-04-01,1993-05-18,1993-04-18,TAKE BACK RETURN,FOB,unts. blithely bold deposits detect furi
45185-3,45185,118,97,3,42.00,42760.62,0.09,0.04,A,F,1993-05-09,1993-05-24,1993-05-14,TAKE BACK RETURN,REG AIR,ly foxes. permanen
45185-4,45185,635,36,4,47.00,72174.61,0.07,0.01,A,F,1993-04-26,1993-04-23,1993-05-01,COLLECT COD,AIR,ar accounts wake dependencies. regular r
45185-5,45185,1442,82,5,44.00,59111.36,0.02,0.01,A,F,1993-04-02,1993-06-03,1993-04-11,TAKE BACK RETURN,AIR,ickly pending requ
45186-1,45186,899,100,1,46.00,82794.94,0.00,0.08,N,O,1998-08-29,1998-07-08,1998-09-20,NONE,RAIL,"gular, ironic ideas. fluffily special depe"
45186-2,45186,431,19,2,25.00,33285.75,0.00,0.03,N,O,1998-09-08,1998-07-15,1998-09-15,NONE,SHIP,inal multipliers? fluffily pend
45186-3,45186,222,4,3,18.00,20199.96,0.02,0.03,N,O,1998-07-27,1998-06-21,1998-07-28,TAKE BACK RETURN,SHIP,s nag blithely s
45187-1,45187,93,19,1,28.00,27806.52,0.05,0.02,R,F,1994-01-04,1994-01-20,1994-01-20,DELIVER IN PERSON,MAIL,ccording to the carefully bold asymptote
45187-2,45187,1651,75,2,23.00,35710.95,0.06,0.07,A,F,1993-12-02,1993-12-28,1993-12-09,TAKE BACK RETURN,REG AIR,. furiously ironic pa
45187-3,45187,1560,41,3,34.00,49693.04,0.07,0.06,A,F,1994-02-24,1994-01-30,1994-03-17,NONE,FOB,the ironic theodolites 
45187-4,45187,1344,45,4,7.00,8717.38,0.08,0.05,R,F,1994-01-09,1993-12-27,1994-01-14,DELIVER IN PERSON,AIR,s are furious
45187-5,45187,239,21,5,2.00,2278.46,0.06,0.08,A,F,1994-03-08,1993-12-13,1994-04-07,COLLECT COD,REG AIR,foxes about the furiously spe
45187-6,45187,1128,29,6,14.00,14407.68,0.04,0.00,R,F,1994-02-09,1993-12-14,1994-02-26,TAKE BACK RETURN,REG AIR,"egular, expres"
45187-7,45187,581,12,7,39.00,57781.62,0.07,0.07,R,F,1993-11-21,1993-12-20,1993-12-13,TAKE BACK RETURN,AIR,ts. quickly ironic instructions doubt slyl
45188-1,45188,1693,17,1,11.00,17541.59,0.00,0.02,N,O,1996-10-30,1996-10-27,1996-11-05,NONE,FOB,press accoun
45188-2,45188,1782,67,2,29.00,48829.62,0.05,0.02,N,O,1996-08-16,1996-10-06,1996-08-30,COLLECT COD,MAIL,essly iron
45188-3,45188,1110,19,3,33.00,33366.63,0.06,0.01,N,O,1996-09-13,1996-09-26,1996-10-09,TAKE BACK RETURN,REG AIR,special pains. carefully final deposits 
45188-4,45188,439,27,4,49.00,65632.07,0.01,0.02,N,O,1996-09-22,1996-10-09,1996-10-19,DELIVER IN PERSON,REG AIR,. bravely regular instructions 
45188-5,45188,1708,35,5,38.00,61168.60,0.02,0.02,N,O,1996-09-17,1996-09-23,1996-10-03,NONE,AIR, ironic accounts sleep blithely 
45188-6,45188,1829,30,6,38.00,65771.16,0.02,0.01,N,O,1996-10-05,1996-10-03,1996-10-17,NONE,MAIL,ular theodolites. ironic
45188-7,45188,1314,29,7,40.00,48612.40,0.06,0.05,N,O,1996-10-12,1996-09-17,1996-10-17,TAKE BACK RETURN,RAIL,c foxes within the final ideas solve fu
45189-1,45189,801,68,1,39.00,66370.20,0.09,0.02,R,F,1995-03-01,1995-02-15,1995-03-25,COLLECT COD,REG AIR,"e. final, final braids sl"
45189-2,45189,1270,45,2,18.00,21082.86,0.03,0.05,R,F,1995-01-28,1995-03-02,1995-02-05,TAKE BACK RETURN,MAIL,et packages. regular plat
45189-3,45189,1620,62,3,5.00,7608.10,0.03,0.01,R,F,1995-04-03,1995-02-07,1995-04-06,DELIVER IN PERSON,RAIL, final pla
45189-4,45189,1974,7,4,36.00,67534.92,0.06,0.04,R,F,1994-12-17,1995-02-25,1994-12-24,TAKE BACK RETURN,SHIP,nic packages. blithe
45189-5,45189,1194,67,5,39.00,42712.41,0.10,0.08,A,F,1994-12-14,1995-02-19,1994-12-18,DELIVER IN PERSON,SHIP,ake quickly bold depos
45189-6,45189,541,2,6,18.00,25947.72,0.03,0.06,R,F,1995-03-05,1995-01-28,1995-03-26,DELIVER IN PERSON,FOB,ly express f
45190-1,45190,718,15,1,31.00,50180.01,0.04,0.04,R,F,1993-11-29,1994-01-24,1993-12-20,DELIVER IN PERSON,MAIL,ular deposits. foxes haggle f
45190-2,45190,477,36,2,2.00,2754.94,0.03,0.03,A,F,1994-01-30,1994-01-11,1994-01-31,NONE,MAIL,encies haggle furiously foxes. furious
45190-3,45190,144,71,3,19.00,19838.66,0.09,0.06,R,F,1993-12-12,1994-02-02,1993-12-30,DELIVER IN PERSON,SHIP,s foxes. ironic pinto beans among the
45190-4,45190,1939,40,4,36.00,66273.48,0.02,0.00,A,F,1994-01-01,1993-12-23,1994-01-16,DELIVER IN PERSON,MAIL,s haggle alongside of th
45190-5,45190,1859,60,5,1.00,1760.85,0.08,0.03,A,F,1994-01-07,1994-01-03,1994-01-20,TAKE BACK RETURN,RAIL,"the idle, unusual deposits are according to"
45191-1,45191,83,59,1,24.00,23593.92,0.05,0.00,A,F,1993-01-30,1993-01-09,1993-02-26,DELIVER IN PERSON,SHIP,"the final, ironic depen"
45216-1,45216,1690,32,1,27.00,42975.63,0.09,0.07,N,O,1996-09-23,1996-08-21,1996-09-29,COLLECT COD,AIR,"gular, bold"
45217-1,45217,1299,11,1,32.00,38409.28,0.03,0.00,A,F,1993-11-29,1993-11-16,1993-12-26,DELIVER IN PERSON,MAIL,ake quickly blithely unusual requests
45217-2,45217,1480,81,2,6.00,8288.88,0.04,0.07,R,F,1993-09-27,1993-11-02,1993-10-11,TAKE BACK RETURN,AIR,blithely special i
45217-3,45217,907,10,3,28.00,50621.20,0.02,0.07,R,F,1993-10-26,1993-10-20,1993-11-16,COLLECT COD,MAIL,ieve blithely alongside of the
45218-1,45218,1300,12,1,8.00,9610.40,0.08,0.04,R,F,1994-08-31,1994-06-14,1994-09-23,TAKE BACK RETURN,RAIL,ays against the
45218-2,45218,1549,30,2,42.00,60922.68,0.04,0.07,A,F,1994-06-17,1994-07-12,1994-06-18,COLLECT COD,MAIL,eposits must x-ray above the regu
45219-1,45219,1737,80,1,16.00,26219.68,0.04,0.02,A,F,1992-05-17,1992-05-18,1992-06-02,COLLECT COD,AIR,he regular packages. slyly ir
45219-2,45219,1699,100,2,33.00,52822.77,0.00,0.06,R,F,1992-06-27,1992-04-04,1992-07-07,NONE,MAIL,re blithely at the slyly final
45219-3,45219,293,21,3,29.00,34605.41,0.05,0.04,R,F,1992-04-26,1992-05-16,1992-05-13,TAKE BACK RETURN,TRUCK,"y along the express, even pinto beans. pen"
45219-4,45219,1820,50,4,41.00,70594.62,0.02,0.03,A,F,1992-03-30,1992-04-02,1992-04-06,DELIVER IN PERSON,RAIL,lithely ironic frays among the furiou
45219-5,45219,1734,35,5,25.00,40893.25,0.03,0.04,A,F,1992-04-04,1992-05-02,1992-04-20,NONE,RAIL,inal accounts sleep ca
45220-1,45220,1324,25,1,25.00,30633.00,0.04,0.07,N,O,1997-05-25,1997-07-17,1997-06-21,DELIVER IN PERSON,AIR, pinto beans nod carefully furiously i
45220-2,45220,1510,11,2,12.00,16938.12,0.08,0.03,N,O,1997-09-19,1997-08-01,1997-09-25,DELIVER IN PERSON,RAIL, requests. idly regular accounts engage alo
45220-3,45220,1014,15,3,34.00,31110.34,0.05,0.06,N,O,1997-05-26,1997-07-04,1997-05-31,NONE,AIR,sts play bli
45220-4,45220,718,83,4,30.00,48561.30,0.01,0.07,N,O,1997-09-01,1997-07-15,1997-09-19,COLLECT COD,SHIP,s sleep furiously above the slyly special d
45221-1,45221,1296,97,1,23.00,27537.67,0.08,0.05,N,O,1997-11-23,1997-11-15,1997-12-02,NONE,REG AIR,ctions haggle carefully. packages acc
45221-2,45221,1247,85,2,41.00,47077.84,0.06,0.00,N,O,1997-12-10,1997-12-06,1997-12-16,DELIVER IN PERSON,REG AIR,ggle blithely bold requests. careful
45221-3,45221,384,69,3,20.00,25687.60,0.00,0.04,N,O,1998-01-03,1997-11-22,1998-01-17,DELIVER IN PERSON,SHIP,integrate furiously ironic theodolites. u
45221-4,45221,1830,74,4,3.00,5195.49,0.07,0.08,N,O,1998-02-06,1997-12-24,1998-02-09,COLLECT COD,AIR,ake against the deposits. busily expre
45222-1,45222,409,39,1,17.00,22259.80,0.05,0.05,N,O,1996-11-04,1996-08-22,1996-12-02,TAKE BACK RETURN,RAIL,ke blithely silent deposits. unusual req
45222-2,45222,843,10,2,38.00,66265.92,0.08,0.00,N,O,1996-07-23,1996-09-15,1996-08-01,TAKE BACK RETURN,RAIL,uses. blithely 
45223-1,45223,1399,76,1,1.00,1300.39,0.09,0.04,N,O,1996-12-27,1996-12-02,1997-01-08,DELIVER IN PERSON,AIR, the slyly ironic instructions. i
45223-2,45223,1909,54,2,25.00,45272.50,0.01,0.08,N,O,1996-11-16,1996-11-06,1996-12-14,COLLECT COD,SHIP,lly regular 
45223-3,45223,1031,2,3,45.00,41941.35,0.00,0.07,N,O,1996-11-13,1996-11-07,1996-12-03,NONE,MAIL,"dle, ironic requests according to the final"
45223-4,45223,713,46,4,13.00,20978.23,0.05,0.03,N,O,1996-10-17,1996-11-06,1996-10-27,TAKE BACK RETURN,AIR,he sometimes ironic deposits. e
45223-5,45223,952,21,5,10.00,18529.50,0.03,0.01,N,O,1996-10-15,1996-11-16,1996-10-18,COLLECT COD,FOB,yly final accounts cajole. blith
45223-6,45223,1826,70,6,5.00,8639.10,0.07,0.05,N,O,1996-10-14,1996-11-30,1996-11-11,NONE,AIR,onic ideas wake. slow ac
45223-7,45223,1618,1,7,5.00,7598.05,0.09,0.01,N,O,1996-09-19,1996-11-17,1996-09-30,NONE,MAIL,ully careful instructions ser
45248-1,45248,1409,10,1,23.00,30139.20,0.01,0.03,N,O,1995-07-19,1995-07-04,1995-07-27,DELIVER IN PERSON,SHIP,doze: carefully even packages slee
45248-2,45248,144,97,2,13.00,13573.82,0.08,0.08,R,F,1995-04-21,1995-07-04,1995-05-13,TAKE BACK RETURN,MAIL,ter the blithely even atta
45248-3,45248,54,5,3,12.00,11448.60,0.00,0.00,A,F,1995-04-19,1995-05-23,1995-04-20,TAKE BACK RETURN,MAIL,ole carefully final excuses. ironical
45248-4,45248,836,70,4,24.00,41683.92,0.04,0.08,R,F,1995-04-27,1995-06-16,1995-05-07,TAKE BACK RETURN,MAIL,"s theodolites. ironic, fi"
45248-5,45248,695,96,5,11.00,17552.59,0.01,0.07,R,F,1995-05-15,1995-07-12,1995-06-08,COLLECT COD,MAIL,"s. regular requests engage. special, iron"
45249-1,45249,845,79,1,19.00,33170.96,0.04,0.00,A,F,1993-12-09,1993-12-29,1994-01-03,COLLECT COD,REG AIR,l pinto beans wake carefully 
45249-2,45249,888,55,2,4.00,7155.52,0.10,0.06,A,F,1994-03-17,1994-01-13,1994-03-19,COLLECT COD,MAIL,y ironic packages use sly
45250-1,45250,1852,82,1,46.00,80677.10,0.05,0.01,N,O,1998-02-08,1997-12-20,1998-02-20,COLLECT COD,FOB,ong the quickly express excuses lose
45250-2,45250,1239,40,2,37.00,42188.51,0.06,0.06,N,O,1997-11-15,1997-11-28,1997-11-27,NONE,SHIP,"se blithely final packages? busy, fin"
45250-3,45250,618,50,3,44.00,66818.84,0.02,0.04,N,O,1998-01-16,1997-12-25,1998-01-27,TAKE BACK RETURN,SHIP,uriously final pa
45250-4,45250,453,83,4,24.00,32482.80,0.09,0.05,N,O,1998-01-07,1997-12-30,1998-01-21,TAKE BACK RETURN,FOB,al packages haggle unusu
45250-5,45250,1015,51,5,42.00,38472.42,0.03,0.00,N,O,1998-01-31,1997-12-11,1998-02-03,NONE,MAIL,ove the fluffily bold
45250-6,45250,1176,77,6,24.00,25852.08,0.07,0.01,N,O,1998-01-07,1997-12-10,1998-02-02,DELIVER IN PERSON,SHIP, ironic packa
45251-1,45251,1644,68,1,14.00,21638.96,0.02,0.05,R,F,1993-09-05,1993-11-04,1993-09-19,COLLECT COD,REG AIR,ges. carefully final reques
45251-2,45251,1872,2,2,2.00,3547.74,0.03,0.08,A,F,1993-11-11,1993-10-05,1993-11-12,DELIVER IN PERSON,FOB,structions accordin
45251-3,45251,185,12,3,24.00,26044.32,0.10,0.00,R,F,1993-12-16,1993-10-02,1993-12-21,DELIVER IN PERSON,SHIP, blithely express packag
45251-4,45251,1810,40,4,43.00,73607.83,0.00,0.07,R,F,1993-09-09,1993-11-19,1993-10-05,NONE,MAIL,- furiously regular requests sleep r
45252-1,45252,604,67,1,31.00,46642.60,0.04,0.00,R,F,1994-10-31,1994-08-20,1994-11-06,NONE,TRUCK,carefully. furi
45252-2,45252,1962,51,2,30.00,55918.80,0.00,0.08,R,F,1994-09-24,1994-09-04,1994-10-13,TAKE BACK RETURN,AIR,rls nag quickly
45252-3,45252,561,62,3,37.00,54077.72,0.03,0.03,A,F,1994-10-31,1994-09-01,1994-11-02,COLLECT COD,MAIL,ts boost above the regular packages. quic
45252-4,45252,150,29,4,20.00,21003.00,0.02,0.07,A,F,1994-07-30,1994-09-11,1994-08-19,DELIVER IN PERSON,MAIL,ully special deposits lose care
45252-5,45252,574,65,5,6.00,8847.42,0.06,0.05,A,F,1994-10-06,1994-08-30,1994-10-07,COLLECT COD,REG AIR,yly about the blithely iro
45252-6,45252,194,73,6,36.00,39390.84,0.09,0.01,R,F,1994-08-18,1994-08-24,1994-09-04,DELIVER IN PERSON,RAIL,are quickly. fluffily even requests 
45253-1,45253,871,38,1,46.00,81506.02,0.02,0.08,N,O,1997-03-08,1997-02-04,1997-03-26,COLLECT COD,MAIL, about the furiously pending pinto b
45253-2,45253,33,9,2,14.00,13062.42,0.00,0.07,N,O,1996-12-05,1997-01-10,1996-12-07,TAKE BACK RETURN,REG AIR,d dependencies boost slyly according 
45253-3,45253,1352,53,3,43.00,53894.05,0.06,0.02,N,O,1996-12-10,1997-02-05,1997-01-03,TAKE BACK RETURN,AIR,deposits haggle slyl
45253-4,45253,788,89,4,49.00,82750.22,0.03,0.03,N,O,1997-01-19,1997-02-25,1997-02-10,NONE,RAIL,nstead of the regular pack
45254-1,45254,1266,78,1,2.00,2334.52,0.01,0.06,A,F,1993-09-03,1993-08-28,1993-09-13,COLLECT COD,FOB,ccounts at the foxe
45254-2,45254,178,79,2,49.00,52830.33,0.01,0.04,R,F,1993-10-18,1993-09-12,1993-11-14,NONE,RAIL,al packages wake furiously slyly pending
45254-3,45254,450,38,3,13.00,17555.85,0.02,0.03,A,F,1993-10-27,1993-09-26,1993-11-26,TAKE BACK RETURN,FOB,egular depths. courts boost 
45254-4,45254,171,98,4,2.00,2142.34,0.01,0.00,R,F,1993-11-24,1993-09-10,1993-12-19,TAKE BACK RETURN,TRUCK,"final accounts was special, special idea"
45254-5,45254,1733,60,5,20.00,32694.60,0.01,0.06,R,F,1993-10-25,1993-10-09,1993-11-08,NONE,MAIL,arefully silent requests. requests na
45255-1,45255,1510,51,1,29.00,40933.79,0.10,0.06,N,O,1997-09-21,1997-09-03,1997-09-23,COLLECT COD,TRUCK,ely pending ideas
45255-2,45255,1041,77,2,8.00,7536.32,0.04,0.02,N,O,1997-07-17,1997-09-08,1997-08-06,NONE,REG AIR,inal accounts. blithely final request
45255-3,45255,1183,20,3,40.00,43367.20,0.08,0.03,N,O,1997-10-20,1997-10-13,1997-11-17,TAKE BACK RETURN,REG AIR,gular packages. r
45255-4,45255,271,72,4,42.00,49193.34,0.00,0.07,N,O,1997-09-30,1997-10-08,1997-10-25,TAKE BACK RETURN,MAIL,efully bold asymptotes 
45255-5,45255,513,74,5,7.00,9894.57,0.03,0.02,N,O,1997-08-11,1997-09-04,1997-08-29,NONE,AIR,ependencies affix. ironic asymptotes
45255-6,45255,286,87,6,9.00,10676.52,0.09,0.01,N,O,1997-07-30,1997-09-28,1997-08-16,NONE,AIR,bout the fluffily
45255-7,45255,1149,22,7,43.00,45156.02,0.08,0.03,N,O,1997-10-14,1997-09-19,1997-10-27,DELIVER IN PERSON,AIR,aringly beneath the closel
45280-1,45280,1549,70,1,34.00,49318.36,0.03,0.07,N,O,1998-02-22,1998-01-27,1998-02-26,TAKE BACK RETURN,REG AIR,ven instructions. silen
45280-2,45280,1694,95,2,42.00,67018.98,0.08,0.05,N,O,1997-11-20,1997-12-26,1997-11-23,COLLECT COD,RAIL, haggle fluffily. blithely bold pinto
45280-3,45280,1682,6,3,42.00,66514.56,0.08,0.00,N,O,1997-12-03,1998-01-05,1997-12-13,DELIVER IN PERSON,RAIL,t blithely 
45280-4,45280,1718,19,4,7.00,11337.97,0.10,0.01,N,O,1997-11-23,1998-02-01,1997-12-01,TAKE BACK RETURN,REG AIR,ackages affix furiously among the 
45280-5,45280,1069,40,5,6.00,5820.36,0.08,0.03,N,O,1997-11-11,1997-12-06,1997-11-26,NONE,RAIL,fluffily even courts. platelet
45280-6,45280,1564,65,6,6.00,8793.36,0.06,0.01,N,O,1998-01-14,1998-01-02,1998-02-11,COLLECT COD,TRUCK,y ironic instructions use furiously carefu
45281-1,45281,1961,6,1,3.00,5588.88,0.05,0.08,N,O,1997-05-05,1997-04-20,1997-05-27,DELIVER IN PERSON,TRUCK,old instructions. slyly final packag
45281-2,45281,959,28,2,34.00,63238.30,0.02,0.02,N,O,1997-04-17,1997-05-14,1997-05-07,NONE,TRUCK, foxes haggle fin
45282-1,45282,1293,68,1,33.00,39411.57,0.01,0.02,N,O,1998-02-02,1998-02-28,1998-02-12,TAKE BACK RETURN,AIR,ep furiously regular f
45282-2,45282,1085,91,2,18.00,17749.44,0.04,0.01,N,O,1998-01-01,1998-02-01,1998-01-03,NONE,SHIP,its sleep furiously. theodoli
45282-3,45282,1163,100,3,31.00,32988.96,0.03,0.08,N,O,1998-02-28,1998-01-16,1998-03-16,NONE,SHIP,s accounts wake blit
45282-4,45282,707,40,4,16.00,25723.20,0.06,0.06,N,O,1998-02-23,1998-02-21,1998-03-19,NONE,FOB,cies. blithe
45282-5,45282,794,91,5,14.00,23727.06,0.02,0.06,N,O,1998-02-23,1998-01-12,1998-03-08,NONE,TRUCK,lly final requests are. quickly bold p
45282-6,45282,6,32,6,27.00,24462.00,0.08,0.06,N,O,1998-01-03,1998-02-15,1998-01-16,COLLECT COD,RAIL,he quickly bold ideas wake blithel
45282-7,45282,1276,14,7,45.00,52977.15,0.08,0.05,N,O,1997-12-12,1998-01-14,1998-01-09,TAKE BACK RETURN,TRUCK,. unusual ide
45283-1,45283,1654,78,1,23.00,35779.95,0.09,0.07,N,O,1996-11-12,1996-12-12,1996-11-21,NONE,SHIP,deposits. ironic accounts across the b
45283-2,45283,2000,89,2,6.00,5412.00,0.03,0.07,N,O,1996-12-27,1996-12-30,1997-01-23,DELIVER IN PERSON,TRUCK,nent accounts impress across t
45283-3,45283,1394,71,3,37.00,47929.43,0.08,0.08,N,O,1996-12-14,1996-11-07,1997-01-07,COLLECT COD,AIR,"es. silent, ironic ideas thrash furiously"
45283-4,45283,402,61,4,18.00,23443.20,0.03,0.02,N,O,1996-11-25,1996-11-26,1996-12-20,NONE,MAIL,xcuses cajole furiously abov
45283-5,45283,942,45,5,29.00,53445.26,0.02,0.08,N,O,1996-12-03,1996-11-26,1996-12-28,DELIVER IN PERSON,TRUCK,ter the dinos. quickly idle account
45283-6,45283,690,84,6,34.00,54083.46,0.08,0.03,N,O,1996-12-07,1996-12-13,1996-12-12,DELIVER IN PERSON,TRUCK,lithely amon
45283-7,45283,688,89,7,37.00,58781.16,0.07,0.01,N,O,1997-01-05,1996-12-31,1997-01-11,TAKE BACK RETURN,RAIL,"ests poach final, regular excuses. d"
45284-1,45284,971,40,1,25.00,46799.25,0.00,0.04,A,F,1992-04-10,1992-03-22,1992-04-28,NONE,SHIP,ously fluffily ironic the
45285-1,45285,581,82,1,11.00,16297.38,0.07,0.08,N,O,1997-01-02,1996-10-15,1997-01-10,NONE,SHIP,final dolphins. special excuses 
45285-2,45285,1763,48,2,4.00,6659.04,0.06,0.05,N,O,1996-12-03,1996-10-18,1996-12-27,TAKE BACK RETURN,REG AIR,s use furiously special account
45285-3,45285,1334,11,3,25.00,30883.25,0.03,0.06,N,O,1996-11-11,1996-11-20,1996-11-13,NONE,AIR, final depend
45285-4,45285,463,64,4,17.00,23178.82,0.03,0.03,N,O,1997-01-02,1996-10-31,1997-01-31,NONE,AIR,lithely regular frets.
45286-1,45286,1989,78,1,42.00,79421.16,0.10,0.03,N,O,1998-11-01,1998-09-11,1998-11-07,COLLECT COD,AIR,"uches. special, b"
45286-2,45286,1983,84,2,17.00,32044.66,0.00,0.06,N,O,1998-08-22,1998-10-03,1998-09-12,NONE,MAIL,posits. blith
45286-3,45286,1259,34,3,28.00,32487.00,0.08,0.08,N,O,1998-09-19,1998-09-18,1998-09-25,TAKE BACK RETURN,REG AIR, blithely ironic warthog
45287-1,45287,330,31,1,48.00,59055.84,0.09,0.01,N,O,1998-03-22,1998-01-25,1998-04-04,COLLECT COD,MAIL,unts against the fluffily bol
45287-2,45287,279,80,2,27.00,31840.29,0.10,0.08,N,O,1998-02-18,1998-02-24,1998-02-27,COLLECT COD,FOB,efully quiet ideas.
45287-3,45287,1234,35,3,13.00,14757.99,0.09,0.07,N,O,1998-02-26,1998-03-18,1998-03-21,COLLECT COD,RAIL,theodolites cajole 
45287-4,45287,1498,38,4,14.00,19592.86,0.06,0.00,N,O,1998-03-12,1998-02-12,1998-03-19,TAKE BACK RETURN,SHIP,s. carefully iron
45287-5,45287,468,56,5,27.00,36948.42,0.09,0.02,N,O,1998-04-19,1998-03-04,1998-04-30,NONE,TRUCK,s. requests wake blithely. ironic foxes
45312-1,45312,267,68,1,39.00,45523.14,0.10,0.07,N,O,1996-05-28,1996-07-10,1996-06-25,NONE,MAIL,al requests doze. f
45312-2,45312,516,7,2,28.00,39662.28,0.02,0.07,N,O,1996-07-05,1996-07-05,1996-07-10,TAKE BACK RETURN,FOB,inst the busily special
45312-3,45312,1314,15,3,40.00,48612.40,0.08,0.08,N,O,1996-07-03,1996-06-16,1996-07-09,COLLECT COD,SHIP,te fluffily s
45312-4,45312,63,39,4,47.00,45263.82,0.00,0.01,N,O,1996-07-14,1996-07-02,1996-08-09,DELIVER IN PERSON,MAIL,ously. slyly even braids are. slyly bo
45312-5,45312,521,52,5,49.00,69654.48,0.03,0.07,N,O,1996-08-09,1996-07-04,1996-09-04,NONE,FOB,y bold pla
45312-6,45312,836,37,6,3.00,5210.49,0.10,0.05,N,O,1996-05-20,1996-06-10,1996-06-16,TAKE BACK RETURN,AIR,ithely final foxes above the furiousl
45313-1,45313,64,15,1,49.00,47238.94,0.06,0.01,N,O,1996-09-19,1996-10-07,1996-10-01,NONE,FOB,"g, regular deposits wake. bold requests"
45313-2,45313,807,41,2,31.00,52941.80,0.08,0.08,N,O,1996-10-25,1996-11-30,1996-11-11,NONE,SHIP,"deposits. unusual, bold dolphins ha"
45313-3,45313,1030,66,3,49.00,45620.47,0.06,0.05,N,O,1996-09-04,1996-11-10,1996-10-03,COLLECT COD,MAIL,s. stealthily final theodol
45313-4,45313,1336,51,4,44.00,54442.52,0.04,0.03,N,O,1996-10-21,1996-11-02,1996-11-02,NONE,SHIP,usly regular requests hag
45313-5,45313,371,100,5,19.00,24156.03,0.08,0.04,N,O,1996-12-21,1996-10-31,1997-01-10,NONE,SHIP,ual deposits haggle furiously pending 
45313-6,45313,955,56,6,36.00,66814.20,0.05,0.02,N,O,1996-10-17,1996-10-27,1996-10-29,DELIVER IN PERSON,FOB,"e slyly pending foxes. final, regular a"
45314-1,45314,196,97,1,42.00,46039.98,0.04,0.07,N,O,1996-05-20,1996-05-08,1996-05-26,COLLECT COD,REG AIR,"t the unusual, ironic packages. pendin"
45314-2,45314,1888,75,2,44.00,78754.72,0.04,0.04,N,O,1996-03-25,1996-06-07,1996-04-12,DELIVER IN PERSON,TRUCK,refully even deposits. final depo
45315-1,45315,1624,48,1,22.00,33563.64,0.09,0.08,A,F,1992-06-20,1992-06-13,1992-07-13,NONE,RAIL,uests about the ironic accounts in
45315-2,45315,1363,78,2,2.00,2528.72,0.01,0.01,A,F,1992-08-02,1992-06-14,1992-08-29,DELIVER IN PERSON,RAIL,l requests haggle pending 
45315-3,45315,254,9,3,6.00,6925.50,0.01,0.04,A,F,1992-06-24,1992-06-11,1992-06-30,COLLECT COD,SHIP,ost idly acc
45316-1,45316,359,16,1,22.00,27705.70,0.01,0.02,N,O,1997-10-19,1997-09-07,1997-11-01,NONE,AIR,"he deposits. bold, ironic deposits mai"
45317-1,45317,1629,30,1,1.00,1530.62,0.03,0.05,A,F,1992-06-14,1992-04-23,1992-06-27,NONE,SHIP, slyly. regular requests
45317-2,45317,530,31,2,31.00,44346.43,0.07,0.08,A,F,1992-05-11,1992-04-19,1992-06-05,NONE,FOB,ding to the even platelets dazzle about 
45317-3,45317,182,83,3,11.00,11903.98,0.09,0.00,A,F,1992-06-11,1992-05-13,1992-07-06,NONE,SHIP,y regular instructions. blithel
45317-4,45317,996,99,4,30.00,56909.70,0.04,0.01,R,F,1992-03-30,1992-04-11,1992-04-28,TAKE BACK RETURN,MAIL,ourts cajole blithel
45317-5,45317,957,26,5,9.00,16721.55,0.01,0.04,A,F,1992-03-13,1992-04-26,1992-03-24,COLLECT COD,TRUCK,eodolites are. care
45317-6,45317,1389,90,6,18.00,23226.84,0.02,0.02,R,F,1992-06-28,1992-04-12,1992-07-19,TAKE BACK RETURN,FOB,ular instructions! furiously
45317-7,45317,804,38,7,23.00,39210.40,0.10,0.00,R,F,1992-04-02,1992-04-22,1992-04-19,NONE,TRUCK,are along the regula
45318-1,45318,1373,50,1,45.00,57346.65,0.07,0.04,N,O,1998-02-18,1998-01-17,1998-02-26,COLLECT COD,SHIP,oost furiously qu
45318-2,45318,1589,90,2,36.00,53660.88,0.07,0.02,N,O,1998-01-13,1997-12-26,1998-02-10,NONE,RAIL,ress ideas eat. bold patterns could
45318-3,45318,1190,27,3,31.00,33826.89,0.08,0.06,N,O,1997-11-26,1997-12-22,1997-12-01,DELIVER IN PERSON,SHIP, platelets through the special foxes 
45318-4,45318,846,13,4,17.00,29696.28,0.10,0.00,N,O,1998-01-05,1997-12-23,1998-01-26,TAKE BACK RETURN,FOB,er the regular asymptotes a
45318-5,45318,1123,32,5,34.00,34820.08,0.06,0.01,N,O,1997-11-18,1998-01-07,1997-12-06,NONE,TRUCK,refully final package
45318-6,45318,636,99,6,1.00,1536.63,0.02,0.03,N,O,1997-12-17,1997-12-06,1998-01-01,TAKE BACK RETURN,MAIL,furiously final requests. a
45319-1,45319,1841,42,1,40.00,69713.60,0.07,0.04,N,O,1997-06-21,1997-06-29,1997-07-17,TAKE BACK RETURN,MAIL,lithely about the fluffily special instruc
45319-2,45319,815,15,2,45.00,77211.45,0.06,0.06,N,O,1997-05-30,1997-07-16,1997-06-11,TAKE BACK RETURN,SHIP,he bold accounts. 
45319-3,45319,273,74,3,16.00,18772.32,0.00,0.00,N,O,1997-06-11,1997-07-04,1997-07-06,NONE,AIR,y carefully silent dolphins. slyly expres
45319-4,45319,17,18,4,46.00,42182.46,0.07,0.00,N,O,1997-05-13,1997-08-04,1997-05-20,DELIVER IN PERSON,TRUCK,"ves haggle carefully bold, even i"
45344-1,45344,551,42,1,25.00,36288.75,0.03,0.02,A,F,1993-12-28,1993-12-06,1994-01-14,COLLECT COD,TRUCK, regular pinto beans a
45345-1,45345,1027,28,1,4.00,3712.08,0.05,0.04,A,F,1993-10-26,1993-09-18,1993-11-04,DELIVER IN PERSON,AIR,gular accounts sleep slyly regula
45345-2,45345,1047,48,2,7.00,6636.28,0.04,0.01,A,F,1993-07-06,1993-08-22,1993-07-31,DELIVER IN PERSON,SHIP,eans haggle furio
45346-1,45346,967,68,1,39.00,72850.44,0.03,0.01,A,F,1993-03-07,1993-02-11,1993-03-09,DELIVER IN PERSON,MAIL,"egular, pending platelets? pend"
45346-2,45346,706,39,2,38.00,61054.60,0.06,0.02,A,F,1993-01-07,1993-01-16,1993-01-21,DELIVER IN PERSON,RAIL,eposits detect around the silent acc
45347-1,45347,702,3,1,47.00,75326.90,0.09,0.04,A,F,1993-11-26,1993-11-12,1993-12-10,TAKE BACK RETURN,MAIL,e the dogg
45347-2,45347,1864,8,2,21.00,37083.06,0.10,0.04,R,F,1993-11-06,1993-12-09,1993-11-27,COLLECT COD,AIR,pecial packages nag furiously again
45347-3,45347,1333,48,3,30.00,37029.90,0.07,0.02,A,F,1993-11-29,1993-11-20,1993-12-24,NONE,SHIP,. slyly pending theodolites around the fu
45347-4,45347,687,19,4,31.00,49218.08,0.02,0.07,R,F,1993-11-10,1993-12-09,1993-11-30,NONE,MAIL,sly ironic theodolites a
45347-5,45347,1934,35,5,17.00,31210.81,0.01,0.03,R,F,1994-01-05,1993-11-11,1994-01-09,NONE,FOB,its. blithely expr
45347-6,45347,38,14,6,25.00,23450.75,0.04,0.00,A,F,1994-01-11,1993-12-09,1994-01-12,COLLECT COD,RAIL,es. dolphins nag doggedly slyly regu
45348-1,45348,227,9,1,49.00,55233.78,0.07,0.06,R,F,1993-07-13,1993-08-09,1993-08-12,TAKE BACK RETURN,TRUCK,thely special pains. slyly e
45348-2,45348,1396,97,2,38.00,49300.82,0.02,0.00,R,F,1993-09-13,1993-08-15,1993-09-20,TAKE BACK RETURN,REG AIR,hinder with the packages. e
45349-1,45349,389,46,1,44.00,56732.72,0.07,0.04,R,F,1995-05-27,1995-04-18,1995-05-29,TAKE BACK RETURN,FOB,furiously unusual requests. 
45349-2,45349,527,88,2,30.00,42825.60,0.02,0.08,R,F,1995-04-19,1995-04-28,1995-04-30,COLLECT COD,REG AIR,ronic accounts. deposits caj
45350-1,45350,499,58,1,24.00,33587.76,0.09,0.04,R,F,1995-03-19,1995-02-03,1995-03-25,TAKE BACK RETURN,TRUCK,ly special deposits haggle furiously 
45350-2,45350,1125,26,2,17.00,17444.04,0.00,0.07,R,F,1995-02-26,1995-03-04,1995-03-13,DELIVER IN PERSON,SHIP,ng requests nag furio
45350-3,45350,1954,43,3,50.00,92797.50,0.01,0.01,A,F,1995-01-30,1995-03-24,1995-02-06,NONE,REG AIR,"cross the even, final Tiresias. bli"
45351-1,45351,1770,71,1,8.00,13374.16,0.05,0.06,N,O,1997-06-13,1997-07-05,1997-06-19,NONE,RAIL,express requests affix slyly. quickl
45351-2,45351,1902,35,2,44.00,79371.60,0.09,0.03,N,O,1997-08-08,1997-08-07,1997-09-07,COLLECT COD,MAIL, cajole furiously against the i
45351-3,45351,1240,78,3,30.00,34237.20,0.04,0.04,N,O,1997-08-15,1997-08-07,1997-08-16,NONE,REG AIR,ns wake above the blithely even foxe
45351-4,45351,976,45,4,37.00,69447.89,0.00,0.03,N,O,1997-05-30,1997-07-28,1997-05-31,NONE,AIR,ly bold Tiresias about the requests hag
45351-5,45351,215,70,5,42.00,46838.82,0.09,0.00,N,O,1997-07-05,1997-06-22,1997-07-07,NONE,FOB,ests nag. ironic dependenci
45351-6,45351,402,32,6,2.00,2604.80,0.02,0.00,N,O,1997-06-14,1997-07-16,1997-06-26,NONE,TRUCK,n packages 
45351-7,45351,290,18,7,9.00,10712.61,0.10,0.00,N,O,1997-06-11,1997-08-02,1997-06-17,NONE,MAIL,ly pending deposits. slyly unusua
45376-1,45376,1954,55,1,37.00,68670.15,0.10,0.06,N,O,1996-03-25,1996-02-13,1996-04-13,COLLECT COD,AIR, special platelets. furiously even pint
45376-2,45376,1281,56,2,43.00,50838.04,0.07,0.05,N,O,1996-01-08,1996-02-16,1996-01-25,TAKE BACK RETURN,AIR,to beans unw
45376-3,45376,1665,7,3,42.00,65799.72,0.09,0.07,N,O,1996-03-26,1996-01-31,1996-03-28,TAKE BACK RETURN,MAIL,nt requests h
45376-4,45376,1649,91,4,12.00,18607.68,0.03,0.08,N,O,1995-12-28,1996-01-27,1996-01-01,TAKE BACK RETURN,RAIL, final deposits. slyly bold pinto
45376-5,45376,1422,23,5,18.00,23821.56,0.03,0.06,N,O,1996-02-23,1996-02-28,1996-02-28,DELIVER IN PERSON,MAIL,lyly express deposits 
45376-6,45376,1570,11,6,6.00,8829.42,0.00,0.02,N,O,1996-03-03,1996-02-22,1996-03-18,COLLECT COD,SHIP,ronic dependencies.
45376-7,45376,139,40,7,35.00,36369.55,0.07,0.08,N,O,1996-02-27,1996-01-28,1996-03-11,DELIVER IN PERSON,AIR,he carefully quic
45377-1,45377,1336,37,1,44.00,54442.52,0.09,0.08,R,F,1995-05-02,1995-05-26,1995-06-01,COLLECT COD,MAIL,ages. furiously 
45377-2,45377,1624,7,2,48.00,73229.76,0.08,0.01,N,O,1995-06-26,1995-05-05,1995-07-03,NONE,MAIL,quests thrash
45377-3,45377,1850,80,3,45.00,78833.25,0.08,0.04,N,O,1995-07-20,1995-05-18,1995-08-09,COLLECT COD,SHIP,quests sleep 
45377-4,45377,1280,18,4,40.00,47251.20,0.02,0.07,N,F,1995-05-27,1995-05-27,1995-06-24,TAKE BACK RETURN,REG AIR,eas after the furiously final theo
45378-1,45378,963,64,1,45.00,83878.20,0.03,0.05,R,F,1992-07-07,1992-07-02,1992-08-03,NONE,AIR,"ending, silent theodolites. furio"
45378-2,45378,1820,64,2,9.00,15496.38,0.09,0.02,R,F,1992-09-09,1992-07-23,1992-09-27,COLLECT COD,MAIL, blithely along the ironic ins
45379-1,45379,1362,63,1,49.00,61904.64,0.09,0.06,A,F,1994-09-09,1994-09-09,1994-09-28,DELIVER IN PERSON,AIR, sleep fluffily
45379-2,45379,1678,2,2,49.00,77403.83,0.07,0.00,R,F,1994-10-20,1994-08-22,1994-11-07,DELIVER IN PERSON,FOB,pending instructions x-ray quickly perm
45380-1,45380,1396,73,1,13.00,16866.07,0.02,0.07,R,F,1994-05-18,1994-06-09,1994-06-16,NONE,RAIL,pades use carefully. blithe
45380-2,45380,727,60,2,49.00,79758.28,0.00,0.06,R,F,1994-07-10,1994-06-15,1994-07-11,COLLECT COD,SHIP,e the blithely f
45380-3,45380,727,60,3,50.00,81386.00,0.08,0.06,R,F,1994-06-09,1994-07-25,1994-06-24,TAKE BACK RETURN,REG AIR,"g slyly after the pending, s"
45380-4,45380,1475,93,4,14.00,19270.58,0.05,0.08,A,F,1994-05-28,1994-07-09,1994-06-21,DELIVER IN PERSON,AIR,"ic depths. final, even"
45380-5,45380,1512,93,5,32.00,45232.32,0.00,0.06,R,F,1994-07-11,1994-07-25,1994-08-01,COLLECT COD,MAIL, final pinto beans; fluffily ex
45380-6,45380,1268,69,6,16.00,18708.16,0.07,0.00,R,F,1994-05-03,1994-06-10,1994-05-04,NONE,TRUCK,ess accounts. final accounts was furiousl
45381-1,45381,792,93,1,49.00,82946.71,0.10,0.05,N,O,1995-09-17,1995-10-08,1995-10-08,COLLECT COD,FOB,ly even deposits. blith
45381-2,45381,978,47,2,27.00,50732.19,0.10,0.00,N,O,1995-12-13,1995-11-19,1996-01-10,TAKE BACK RETURN,AIR,he bold asymptotes. cour
45381-3,45381,1762,47,3,44.00,73205.44,0.03,0.01,N,O,1995-08-30,1995-10-09,1995-09-26,TAKE BACK RETURN,SHIP,fully ironic packages cajole furiously abov
45381-4,45381,1011,47,4,10.00,9120.10,0.02,0.08,N,O,1995-09-04,1995-10-06,1995-09-21,DELIVER IN PERSON,MAIL,kages. slyly ironic ideas cajol
45381-5,45381,488,89,5,12.00,16661.76,0.04,0.03,N,O,1995-10-26,1995-09-21,1995-11-20,DELIVER IN PERSON,RAIL, somas after the carefully silent reque
45382-1,45382,922,91,1,42.00,76562.64,0.00,0.06,N,O,1996-02-09,1996-04-18,1996-02-10,NONE,SHIP, regular requests use carefully. silent
45382-2,45382,764,97,2,26.00,43283.76,0.06,0.03,N,O,1996-03-24,1996-04-20,1996-04-05,COLLECT COD,REG AIR,"y about the final, special pinto bea"
45382-3,45382,981,16,3,31.00,58341.38,0.02,0.08,N,O,1996-01-30,1996-04-15,1996-02-07,COLLECT COD,MAIL,inal platelets
45382-4,45382,917,18,4,32.00,58173.12,0.02,0.07,N,O,1996-01-30,1996-04-20,1996-02-02,NONE,TRUCK,lyly bold deposits. fu
45382-5,45382,1265,40,5,23.00,26823.98,0.01,0.07,N,O,1996-05-01,1996-04-18,1996-05-15,TAKE BACK RETURN,RAIL,ymptotes? ideas detect. regular foxes sle
45382-6,45382,1876,6,6,48.00,85337.76,0.01,0.03,N,O,1996-02-04,1996-03-03,1996-02-09,NONE,SHIP,sts are slyly carefully even pinto be
45382-7,45382,1729,30,7,27.00,44029.44,0.03,0.03,N,O,1996-05-06,1996-03-29,1996-06-01,NONE,SHIP,fter the even frays. carefully regular mu
45383-1,45383,475,76,1,47.00,64647.09,0.00,0.07,N,O,1997-11-03,1997-09-13,1997-11-19,COLLECT COD,FOB,rs wake agains
45383-2,45383,1996,97,2,43.00,81613.57,0.04,0.08,N,O,1997-10-03,1997-08-29,1997-10-29,COLLECT COD,TRUCK,arefully carefully ironic pinto
45408-1,45408,728,93,1,22.00,35831.84,0.09,0.02,A,F,1994-04-23,1994-03-13,1994-05-12,NONE,REG AIR,ackages are across the quick
45408-2,45408,558,89,2,40.00,58342.00,0.00,0.05,R,F,1994-01-04,1994-02-05,1994-01-26,COLLECT COD,AIR,s along the packages integrate furiously 
45408-3,45408,31,57,3,4.00,3724.12,0.05,0.04,A,F,1994-04-05,1994-03-11,1994-04-24,NONE,REG AIR,uffily even ideas wake against the ironic
45409-1,45409,1182,91,1,25.00,27079.50,0.04,0.03,A,F,1993-05-24,1993-06-26,1993-05-29,TAKE BACK RETURN,RAIL,ly unusual
45409-2,45409,28,79,2,15.00,13920.30,0.09,0.04,R,F,1993-05-27,1993-05-16,1993-06-17,DELIVER IN PERSON,RAIL,st the quickly final requests doubt qu
45409-3,45409,1466,6,3,44.00,60168.24,0.09,0.08,A,F,1993-06-11,1993-05-18,1993-07-06,TAKE BACK RETURN,REG AIR,unts haggle quickly about the regular
45409-4,45409,1367,68,4,28.00,35514.08,0.04,0.02,A,F,1993-06-27,1993-06-22,1993-07-04,DELIVER IN PERSON,REG AIR, accounts cajole about the car
45409-5,45409,1563,4,5,23.00,33684.88,0.02,0.04,R,F,1993-07-05,1993-05-13,1993-08-02,NONE,FOB,ole. stealthily final foxes wake. iro
45409-6,45409,1582,63,6,49.00,72695.42,0.10,0.01,R,F,1993-06-12,1993-06-05,1993-07-06,TAKE BACK RETURN,AIR,kly bold pinto beans caj
45410-1,45410,1113,14,1,33.00,33465.63,0.00,0.01,R,F,1994-11-08,1994-10-16,1994-12-07,COLLECT COD,SHIP,luffily alongside of 
45410-2,45410,1356,71,2,37.00,46521.95,0.02,0.00,R,F,1994-12-15,1994-10-04,1994-12-31,DELIVER IN PERSON,SHIP, final requests ha
45410-3,45410,1131,32,3,42.00,43349.46,0.02,0.06,R,F,1994-12-17,1994-10-23,1994-12-23,COLLECT COD,TRUCK,alongside of the carefully reg
45411-1,45411,442,30,1,15.00,20136.60,0.03,0.06,N,O,1995-09-22,1995-09-07,1995-10-22,TAKE BACK RETURN,FOB,ly regular de
45411-2,45411,1780,23,2,24.00,40362.72,0.09,0.04,N,O,1995-08-28,1995-09-03,1995-08-31,COLLECT COD,RAIL, the quickly special packages boost bli
45412-1,45412,1041,77,1,9.00,8478.36,0.06,0.01,R,F,1993-08-06,1993-07-21,1993-08-29,NONE,SHIP,waters are furiously slyly s
45412-2,45412,1581,82,2,34.00,50407.72,0.09,0.02,R,F,1993-05-19,1993-07-16,1993-06-17,COLLECT COD,FOB,usly carefully pending instructions. slyl
45412-3,45412,412,13,3,17.00,22310.97,0.10,0.07,A,F,1993-08-08,1993-07-16,1993-08-29,COLLECT COD,SHIP,s. quickly unusual fox
45412-4,45412,1864,65,4,45.00,79463.70,0.00,0.05,R,F,1993-05-23,1993-06-10,1993-06-21,NONE,RAIL,egular packages. carefully
45412-5,45412,769,2,5,46.00,76808.96,0.10,0.08,A,F,1993-08-08,1993-06-29,1993-08-19,NONE,FOB,"efully. final, regular instructions do wake"
45412-6,45412,365,50,6,42.00,53145.12,0.09,0.05,A,F,1993-07-05,1993-05-28,1993-08-03,COLLECT COD,TRUCK,ackages. furiously express i
45412-7,45412,683,46,7,1.00,1583.68,0.03,0.06,A,F,1993-05-07,1993-06-23,1993-06-05,COLLECT COD,MAIL, grow quic
45413-1,45413,668,69,1,7.00,10980.62,0.10,0.03,R,F,1993-08-14,1993-09-06,1993-08-28,TAKE BACK RETURN,TRUCK,ests. close packages
45413-2,45413,1588,29,2,25.00,37239.50,0.08,0.06,R,F,1993-08-17,1993-07-26,1993-09-13,NONE,AIR, blithely regular
45413-3,45413,529,20,3,44.00,62898.88,0.03,0.07,A,F,1993-07-05,1993-08-18,1993-07-11,TAKE BACK RETURN,REG AIR, quickly regular t
45413-4,45413,511,12,4,17.00,23995.67,0.10,0.03,A,F,1993-08-26,1993-08-06,1993-09-19,COLLECT COD,RAIL,ys silent requ
45413-5,45413,512,3,5,15.00,21187.65,0.05,0.06,R,F,1993-07-01,1993-08-24,1993-07-17,COLLECT COD,TRUCK,press accounts could wake f
45413-6,45413,1837,24,6,44.00,76508.52,0.07,0.06,R,F,1993-08-03,1993-08-19,1993-08-05,DELIVER IN PERSON,AIR,ole blithely after the bravely final depo
45413-7,45413,132,11,7,46.00,47477.98,0.07,0.05,R,F,1993-08-02,1993-08-23,1993-08-27,TAKE BACK RETURN,AIR,ully brave pinto beans integrate 
45414-1,45414,1659,1,1,41.00,63986.65,0.02,0.05,R,F,1994-03-30,1994-03-29,1994-04-12,NONE,REG AIR,", dogged acc"
45414-2,45414,757,90,2,43.00,71283.25,0.03,0.01,R,F,1994-05-18,1994-03-18,1994-05-31,TAKE BACK RETURN,SHIP,yly regular ideas. 
45415-1,45415,1869,13,1,20.00,35417.20,0.00,0.00,R,F,1992-06-13,1992-05-20,1992-06-26,COLLECT COD,REG AIR,"g blithely regular, dogged id"
45440-1,45440,752,85,1,44.00,72721.00,0.05,0.04,A,F,1992-11-05,1992-09-14,1992-11-14,NONE,TRUCK,gular theodolites. furiously ev
45440-2,45440,868,35,2,36.00,63678.96,0.08,0.01,A,F,1992-11-03,1992-10-26,1992-11-16,NONE,SHIP,eposits breach slyly against 
45440-3,45440,1713,56,3,46.00,74276.66,0.02,0.05,R,F,1992-09-29,1992-11-03,1992-10-24,TAKE BACK RETURN,MAIL,press dependencies cajole car
45440-4,45440,221,3,4,33.00,37000.26,0.02,0.03,R,F,1992-09-30,1992-10-15,1992-10-29,NONE,FOB,for the fluffily f
45440-5,45440,1588,9,5,45.00,67031.10,0.05,0.04,R,F,1992-11-18,1992-10-28,1992-11-29,DELIVER IN PERSON,FOB,efully special requests hag
45440-6,45440,10,61,6,47.00,42770.47,0.06,0.07,R,F,1992-11-14,1992-09-21,1992-12-14,COLLECT COD,FOB,ntegrate near the blithely ironic d
45440-7,45440,1211,23,7,13.00,14458.73,0.00,0.08,R,F,1992-10-26,1992-11-07,1992-11-19,DELIVER IN PERSON,REG AIR,nal deposits. furiously pending t
45441-1,45441,1760,45,1,17.00,28249.92,0.01,0.06,N,O,1998-01-07,1997-11-21,1998-01-12,DELIVER IN PERSON,AIR,le fluffily fluffily ironic
45441-2,45441,1814,15,2,30.00,51474.30,0.08,0.02,N,O,1997-12-04,1997-11-28,1997-12-19,NONE,SHIP,detect furiously after the furiously sp
45441-3,45441,897,98,3,33.00,59330.37,0.09,0.06,N,O,1997-10-17,1997-11-19,1997-10-22,TAKE BACK RETURN,SHIP,ly ruthless requests along th
45442-1,45442,622,23,1,12.00,18271.44,0.06,0.02,A,F,1995-05-31,1995-03-21,1995-06-16,NONE,SHIP, blithe accounts. 
45442-2,45442,211,66,2,20.00,22224.20,0.09,0.02,N,F,1995-06-03,1995-03-22,1995-06-18,COLLECT COD,RAIL, slyly unus
45442-3,45442,858,92,3,8.00,14070.80,0.04,0.00,R,F,1995-04-14,1995-04-01,1995-04-25,TAKE BACK RETURN,SHIP,accounts use furiously about 
45442-4,45442,908,9,4,6.00,10853.40,0.06,0.07,R,F,1995-04-08,1995-04-01,1995-04-20,NONE,TRUCK,ic asymptotes wake carefully bold acc
45443-1,45443,381,66,1,40.00,51255.20,0.08,0.02,N,O,1996-04-16,1996-06-01,1996-04-22,NONE,SHIP,ep pending pinto b
45443-2,45443,1583,64,2,44.00,65321.52,0.08,0.01,N,O,1996-04-28,1996-05-03,1996-05-07,NONE,FOB,st furiously across th
45444-1,45444,1915,60,1,29.00,52690.39,0.02,0.03,A,F,1992-11-12,1992-12-23,1992-11-16,NONE,FOB, frays. furiously reg
45444-2,45444,1195,32,2,41.00,44943.79,0.06,0.03,R,F,1992-11-14,1992-12-26,1992-12-13,DELIVER IN PERSON,TRUCK,ully about the carefully special deposi
45444-3,45444,1513,14,3,10.00,14145.10,0.05,0.05,A,F,1992-12-29,1993-01-24,1993-01-08,DELIVER IN PERSON,SHIP,ithely bold idea
45445-1,45445,1197,34,1,30.00,32945.70,0.07,0.05,N,O,1996-07-22,1996-05-31,1996-08-15,TAKE BACK RETURN,AIR,deposits sleep blithely spec
45446-1,45446,676,39,1,40.00,63066.80,0.01,0.08,N,O,1997-10-18,1997-09-21,1997-11-01,TAKE BACK RETURN,REG AIR, enticing deposits play blithely c
45446-2,45446,1080,81,2,44.00,43167.52,0.07,0.06,N,O,1997-08-10,1997-09-19,1997-08-24,NONE,RAIL,ly-- foxes are? blithely special pinto b
45446-3,45446,1542,43,3,4.00,5774.16,0.07,0.01,N,O,1997-07-27,1997-09-29,1997-08-15,NONE,REG AIR,the furiously final packages. slyly express
45447-1,45447,1000,1,1,5.00,4505.00,0.03,0.00,R,F,1992-04-12,1992-04-19,1992-04-25,COLLECT COD,SHIP,y express accounts nag blithel
45447-2,45447,427,57,2,24.00,31858.08,0.06,0.05,R,F,1992-03-01,1992-04-09,1992-03-13,DELIVER IN PERSON,TRUCK,ges haggle across the ironical
45447-3,45447,636,68,3,47.00,72221.61,0.05,0.06,A,F,1992-05-07,1992-04-01,1992-05-28,DELIVER IN PERSON,FOB,regular deposits sl
45447-4,45447,1585,66,4,19.00,28245.02,0.07,0.06,A,F,1992-03-15,1992-03-11,1992-04-11,DELIVER IN PERSON,AIR,hout the slyly unusual courts-- 
45447-5,45447,943,12,5,17.00,31346.98,0.05,0.05,R,F,1992-05-06,1992-04-22,1992-05-17,DELIVER IN PERSON,SHIP,lites hagg
45447-6,45447,1767,52,6,29.00,48394.04,0.06,0.02,A,F,1992-04-10,1992-03-09,1992-04-24,NONE,MAIL,e bold deposits nag furi
45472-1,45472,1572,13,1,32.00,47154.24,0.04,0.01,N,O,1996-09-07,1996-11-01,1996-09-23,NONE,FOB,uests alongside of the slyly unusual
45472-2,45472,284,66,2,50.00,59214.00,0.07,0.08,N,O,1996-08-26,1996-10-11,1996-09-25,TAKE BACK RETURN,SHIP,he fluffily spec
45473-1,45473,763,64,1,39.00,64886.64,0.06,0.02,N,O,1995-08-18,1995-10-27,1995-09-02,COLLECT COD,REG AIR,ke. carefully pending packages
45473-2,45473,750,83,2,49.00,80886.75,0.02,0.00,N,O,1995-10-23,1995-10-18,1995-11-10,TAKE BACK RETURN,MAIL,deas. carefully spe
45473-3,45473,549,80,3,19.00,27541.26,0.06,0.05,N,O,1995-10-25,1995-10-04,1995-10-28,DELIVER IN PERSON,FOB,luffily ironic
45473-4,45473,1216,28,4,40.00,44688.40,0.03,0.02,N,O,1995-10-06,1995-10-06,1995-11-01,DELIVER IN PERSON,RAIL,lyly blithely eve
45474-1,45474,1477,95,1,28.00,38597.16,0.03,0.01,N,O,1996-06-18,1996-05-02,1996-07-07,TAKE BACK RETURN,SHIP,ts sleep fluffily sp
45474-2,45474,1052,23,2,8.00,7624.40,0.05,0.06,N,O,1996-03-16,1996-03-28,1996-03-29,TAKE BACK RETURN,TRUCK,mptotes. packages 
45475-1,45475,1670,53,1,19.00,29861.73,0.03,0.04,A,F,1993-06-16,1993-08-03,1993-07-11,TAKE BACK RETURN,SHIP,ve stealthily abo
45476-1,45476,57,33,1,40.00,38282.00,0.00,0.03,A,F,1992-07-18,1992-05-22,1992-07-29,NONE,MAIL,ke quickly accordi
45476-2,45476,569,70,2,17.00,24982.52,0.10,0.08,R,F,1992-04-21,1992-06-15,1992-05-21,COLLECT COD,FOB,"ial, express accounts sleep darin"
45476-3,45476,1908,53,3,25.00,45247.50,0.09,0.07,A,F,1992-07-08,1992-07-17,1992-07-12,TAKE BACK RETURN,SHIP, carefully final pack
45476-4,45476,1754,39,4,28.00,46361.00,0.03,0.03,R,F,1992-06-05,1992-05-30,1992-06-15,NONE,REG AIR,"accounts wake slyly regular, ev"
45476-5,45476,1093,99,5,6.00,5964.54,0.09,0.04,R,F,1992-05-08,1992-05-27,1992-05-30,TAKE BACK RETURN,AIR,tly regular 
45476-6,45476,1979,24,6,27.00,50786.19,0.05,0.06,R,F,1992-07-08,1992-07-11,1992-07-30,DELIVER IN PERSON,SHIP,sly! final accounts doubt carefully close
45477-1,45477,733,30,1,26.00,42476.98,0.05,0.02,N,O,1996-04-27,1996-03-29,1996-05-14,TAKE BACK RETURN,TRUCK,e slyly regular deposits. fur
45477-2,45477,381,66,2,42.00,53817.96,0.07,0.04,N,O,1996-05-11,1996-03-08,1996-06-04,TAKE BACK RETURN,REG AIR,ongside of the fluffily final accounts. qui
45477-3,45477,1793,78,3,11.00,18642.69,0.02,0.07,N,O,1996-03-06,1996-04-07,1996-03-23,TAKE BACK RETURN,SHIP,riously pending packages wake furious
45477-4,45477,1754,97,4,9.00,14901.75,0.01,0.00,N,O,1996-02-03,1996-03-04,1996-02-22,NONE,TRUCK,"rding to the even, even packages"
45477-5,45477,1503,84,5,18.00,25281.00,0.05,0.03,N,O,1996-02-18,1996-03-11,1996-03-03,NONE,FOB,unusual deposits are carefully b
45478-1,45478,564,95,1,20.00,29291.20,0.04,0.07,N,O,1996-12-16,1996-10-17,1997-01-13,COLLECT COD,FOB,onic requests. blithely pending r
45478-2,45478,1952,85,2,23.00,42640.85,0.05,0.06,N,O,1996-10-21,1996-10-12,1996-10-24,NONE,REG AIR,ly pending packages sleep. quickly
45478-3,45478,1200,9,3,4.00,4404.80,0.01,0.00,N,O,1996-12-24,1996-12-08,1997-01-21,NONE,AIR,"oss the silent, ironic pa"
45478-4,45478,1378,17,4,49.00,62689.13,0.09,0.03,N,O,1996-11-02,1996-12-06,1996-11-19,COLLECT COD,MAIL,refully regular theodolites. carefully do
45479-1,45479,1617,18,1,32.00,48595.52,0.00,0.04,N,O,1998-07-27,1998-06-26,1998-07-29,DELIVER IN PERSON,REG AIR, around the regular asymptotes. careful
45504-1,45504,1966,55,1,7.00,13075.72,0.07,0.01,R,F,1992-12-08,1992-10-12,1993-01-02,DELIVER IN PERSON,AIR,s. express packages boost blithely 
45504-2,45504,1122,95,2,10.00,10231.20,0.01,0.03,R,F,1992-10-10,1992-10-20,1992-10-18,TAKE BACK RETURN,RAIL,ecial instructions. blithely pend
45504-3,45504,1402,81,3,45.00,58653.00,0.08,0.01,A,F,1992-11-25,1992-10-30,1992-12-05,TAKE BACK RETURN,MAIL,xcuses. unusual warthogs haggle acr
45504-4,45504,1403,43,4,14.00,18261.60,0.05,0.00,R,F,1993-01-05,1992-11-19,1993-01-24,DELIVER IN PERSON,AIR,tes. careful
45504-5,45504,1940,41,5,32.00,58942.08,0.10,0.00,R,F,1992-11-03,1992-11-09,1992-11-22,COLLECT COD,FOB,"ronic accounts. final, exp"
45504-6,45504,1780,7,6,9.00,15136.02,0.08,0.00,A,F,1992-11-27,1992-11-12,1992-12-22,NONE,REG AIR,structions.
45505-1,45505,1059,30,1,7.00,6720.35,0.05,0.05,N,O,1998-07-19,1998-05-05,1998-07-23,COLLECT COD,TRUCK,sual asymptote
45506-1,45506,37,13,1,36.00,33733.08,0.06,0.02,N,O,1995-12-29,1996-02-25,1996-01-21,TAKE BACK RETURN,REG AIR,refully along the regular
45506-2,45506,1183,84,2,3.00,3252.54,0.00,0.06,N,O,1996-02-09,1996-03-13,1996-02-24,NONE,REG AIR,sleep quickly a
45506-3,45506,211,12,3,19.00,21112.99,0.05,0.03,N,O,1996-01-27,1996-02-11,1996-02-18,DELIVER IN PERSON,SHIP," ironic, regular packages alongsi"
45506-4,45506,1054,25,4,13.00,12415.65,0.03,0.03,N,O,1996-01-02,1996-01-27,1996-01-10,TAKE BACK RETURN,RAIL,pending packages. blithely special theo
45506-5,45506,364,93,5,17.00,21494.12,0.06,0.02,N,O,1996-04-04,1996-02-16,1996-04-17,TAKE BACK RETURN,FOB,luffily bold deposits.
45507-1,45507,1762,47,1,34.00,56567.84,0.06,0.00,N,O,1997-06-10,1997-05-25,1997-07-07,TAKE BACK RETURN,REG AIR,"ly even asymptotes. even, final the"
45507-2,45507,953,56,2,4.00,7415.80,0.00,0.00,N,O,1997-06-11,1997-06-24,1997-07-09,TAKE BACK RETURN,SHIP,ously pend
45507-3,45507,1664,88,3,14.00,21919.24,0.00,0.07,N,O,1997-07-27,1997-05-08,1997-07-29,TAKE BACK RETURN,AIR,"hogs haggle express, ironic packages"
45507-4,45507,355,40,4,18.00,22596.30,0.08,0.01,N,O,1997-06-25,1997-06-26,1997-07-03,DELIVER IN PERSON,TRUCK,ely ironic ideas. final requests hag
45507-5,45507,1788,89,5,2.00,3379.56,0.03,0.05,N,O,1997-05-29,1997-06-27,1997-06-06,DELIVER IN PERSON,SHIP,arefully final id
45507-6,45507,442,43,6,19.00,25506.36,0.06,0.01,N,O,1997-06-11,1997-05-06,1997-06-25,COLLECT COD,RAIL,ounts. carefu
45507-7,45507,1406,85,7,8.00,10459.20,0.05,0.07,N,O,1997-07-25,1997-05-18,1997-08-21,DELIVER IN PERSON,FOB,ual instructions across th
45508-1,45508,96,47,1,23.00,22910.07,0.08,0.06,N,O,1997-12-07,1997-12-12,1997-12-20,DELIVER IN PERSON,MAIL,ructions. blithely
45509-1,45509,1745,46,1,33.00,54342.42,0.00,0.08,R,F,1993-03-05,1993-03-23,1993-03-14,TAKE BACK RETURN,FOB,ckly express packages detect furio
45509-2,45509,321,6,2,21.00,25647.72,0.05,0.08,R,F,1993-02-16,1993-03-20,1993-03-01,DELIVER IN PERSON,FOB, ironic excuses
45510-1,45510,1012,83,1,47.00,42911.47,0.00,0.04,N,O,1997-02-20,1997-03-02,1997-03-05,COLLECT COD,RAIL,orges. unusual packages boost after the dep
45510-2,45510,50,51,2,37.00,35151.85,0.08,0.08,N,O,1997-01-13,1997-03-13,1997-01-26,NONE,TRUCK,ents. slyly special 
45510-3,45510,1102,3,3,19.00,19058.90,0.09,0.06,N,O,1996-12-15,1997-02-23,1996-12-31,TAKE BACK RETURN,RAIL, the even foxes. blithe
45510-4,45510,1164,65,4,33.00,35150.28,0.04,0.03,N,O,1997-04-11,1997-01-20,1997-05-01,COLLECT COD,SHIP,"uickly accounts. brave, final deposits do"
45510-5,45510,457,45,5,44.00,59727.80,0.04,0.07,N,O,1997-03-28,1997-02-16,1997-04-02,DELIVER IN PERSON,FOB,es. quickly 
45510-6,45510,1962,7,6,48.00,89470.08,0.10,0.06,N,O,1997-03-16,1997-01-30,1997-03-27,DELIVER IN PERSON,RAIL,al epitaphs. carefully un
45510-7,45510,605,68,7,39.00,58718.40,0.06,0.02,N,O,1997-02-11,1997-02-06,1997-03-01,NONE,RAIL,ending foxes; silent pi
45511-1,45511,1494,95,1,33.00,46051.17,0.02,0.07,A,F,1993-10-24,1993-11-07,1993-10-30,NONE,TRUCK,y. carefully
45511-2,45511,1064,70,2,36.00,34742.16,0.07,0.00,A,F,1993-11-04,1993-10-12,1993-11-12,NONE,RAIL,mptotes at the final courts nag fu
45511-3,45511,984,19,3,31.00,58434.38,0.03,0.08,R,F,1993-12-09,1993-10-30,1993-12-20,NONE,SHIP,he furious
45536-1,45536,949,18,1,28.00,51798.32,0.00,0.00,A,F,1992-04-13,1992-04-15,1992-04-22,NONE,REG AIR,totes. final deposits above the t
45536-2,45536,31,82,2,4.00,3724.12,0.08,0.02,A,F,1992-03-03,1992-04-13,1992-03-29,NONE,MAIL,"ly special requests. sly, even Tire"
45537-1,45537,173,52,1,3.00,3219.51,0.08,0.02,N,O,1997-12-06,1998-02-01,1997-12-15,DELIVER IN PERSON,SHIP,riously slyly even theodolites. deposits 
45537-2,45537,910,45,2,25.00,45272.75,0.04,0.08,N,O,1997-11-27,1998-01-04,1997-12-05,NONE,REG AIR,orges cajole q
45537-3,45537,429,30,3,12.00,15953.04,0.06,0.06,N,O,1998-01-21,1998-01-03,1998-02-07,COLLECT COD,RAIL, carefully despite the even instructio
45537-4,45537,1508,9,4,17.00,23961.50,0.08,0.02,N,O,1998-02-28,1998-01-04,1998-03-22,COLLECT COD,TRUCK, unusual deposit
45537-5,45537,811,11,5,33.00,56489.73,0.10,0.03,N,O,1998-02-24,1998-02-22,1998-03-09,NONE,TRUCK, fluffily final platelets affix blithely
45537-6,45537,188,15,6,1.00,1088.18,0.05,0.05,N,O,1998-03-05,1998-01-20,1998-04-01,TAKE BACK RETURN,RAIL,ickly; carefully final packages sleep ca
45538-1,45538,1263,1,1,11.00,12806.86,0.02,0.01,N,O,1997-10-24,1997-09-25,1997-11-08,COLLECT COD,SHIP, blithely b
45538-2,45538,1616,99,2,36.00,54633.96,0.08,0.04,N,O,1997-08-22,1997-10-18,1997-09-10,DELIVER IN PERSON,RAIL,es. theodolites doubt fl
45538-3,45538,1486,87,3,8.00,11099.84,0.01,0.02,N,O,1997-11-17,1997-11-05,1997-12-07,NONE,FOB,g the theodolites are about 
45538-4,45538,92,43,4,15.00,14881.35,0.07,0.06,N,O,1997-09-04,1997-09-18,1997-09-23,COLLECT COD,TRUCK,furiously alongside of the carefully ironi
45538-5,45538,1383,22,5,48.00,61650.24,0.06,0.07,N,O,1997-11-25,1997-10-03,1997-12-02,COLLECT COD,RAIL,final requests. express requests haggle 
45538-6,45538,1028,34,6,3.00,2787.06,0.07,0.08,N,O,1997-10-25,1997-10-21,1997-11-13,DELIVER IN PERSON,AIR,osits detect pinto
45538-7,45538,531,62,7,47.00,67281.91,0.07,0.02,N,O,1997-11-21,1997-11-02,1997-12-04,DELIVER IN PERSON,SHIP,pinto beans sleep car
45539-1,45539,1631,55,1,48.00,73566.24,0.09,0.05,A,F,1994-09-24,1994-10-28,1994-09-27,DELIVER IN PERSON,SHIP,es. quickly regular asymptotes a
45539-2,45539,1731,58,2,49.00,80003.77,0.01,0.01,R,F,1994-10-23,1994-09-15,1994-11-15,TAKE BACK RETURN,TRUCK,"ly bold platelets. special, special pac"
45539-3,45539,1664,47,3,37.00,57929.42,0.10,0.02,A,F,1994-08-05,1994-10-09,1994-08-15,TAKE BACK RETURN,AIR,ainst the sometimes even f
45539-4,45539,1305,82,4,31.00,37395.30,0.09,0.06,A,F,1994-08-29,1994-09-24,1994-09-13,TAKE BACK RETURN,MAIL,re furiously according to the requests. pa
45539-5,45539,314,15,5,13.00,15786.03,0.06,0.06,A,F,1994-09-21,1994-09-06,1994-10-02,NONE,SHIP,s sleep blithely ac
45539-6,45539,933,36,6,25.00,45848.25,0.00,0.03,A,F,1994-09-20,1994-10-25,1994-10-06,COLLECT COD,REG AIR,al packages. quickly express
45540-1,45540,1987,88,1,6.00,11333.88,0.03,0.08,N,O,1996-07-17,1996-05-20,1996-08-16,NONE,SHIP,ckly furiously regular platelets. final i
45541-1,45541,1640,82,1,29.00,44707.56,0.00,0.02,N,O,1998-07-18,1998-06-24,1998-07-30,TAKE BACK RETURN,AIR,nal platelets. furiou
45541-2,45541,301,58,2,2.00,2402.60,0.08,0.04,N,O,1998-04-28,1998-07-02,1998-05-15,DELIVER IN PERSON,MAIL, regular deposits: asymptotes integra
45541-3,45541,209,64,3,16.00,17747.20,0.03,0.06,N,O,1998-06-17,1998-06-04,1998-07-07,TAKE BACK RETURN,FOB,. furiously regu
45541-4,45541,384,69,4,7.00,8990.66,0.05,0.07,N,O,1998-05-05,1998-07-20,1998-05-28,NONE,MAIL,uriously special reques
45541-5,45541,562,53,5,2.00,2925.12,0.08,0.01,N,O,1998-06-12,1998-06-17,1998-06-26,TAKE BACK RETURN,SHIP,lent requests. fu
45541-6,45541,1782,9,6,8.00,13470.24,0.00,0.01,N,O,1998-06-05,1998-06-02,1998-06-13,DELIVER IN PERSON,MAIL,ully regular ins
45541-7,45541,577,68,7,40.00,59102.80,0.00,0.08,N,O,1998-05-04,1998-06-14,1998-05-21,TAKE BACK RETURN,REG AIR,ts. quickly ironic requ
45542-1,45542,180,7,1,23.00,24844.14,0.02,0.06,R,F,1993-02-20,1993-04-24,1993-03-01,NONE,RAIL,lyly. slyly even requests na
45542-2,45542,714,15,2,8.00,12917.68,0.02,0.01,R,F,1993-03-05,1993-04-10,1993-03-28,DELIVER IN PERSON,RAIL,yly along the packages. bl
45542-3,45542,1473,91,3,1.00,1374.47,0.02,0.00,A,F,1993-05-30,1993-04-25,1993-06-20,TAKE BACK RETURN,REG AIR, cajole blithely closely final t
45542-4,45542,1181,82,4,23.00,24890.14,0.01,0.04,A,F,1993-04-02,1993-03-11,1993-04-18,DELIVER IN PERSON,FOB,ests x-ray carefully a
45542-5,45542,1229,41,5,29.00,32776.38,0.09,0.03,R,F,1993-05-27,1993-05-04,1993-06-06,TAKE BACK RETURN,SHIP,"ckages. final, brave tithes integ"
45542-6,45542,691,54,6,7.00,11141.83,0.08,0.04,A,F,1993-03-10,1993-04-20,1993-04-03,NONE,TRUCK,c accounts accord
45542-7,45542,1420,38,7,49.00,64749.58,0.01,0.03,A,F,1993-03-15,1993-04-25,1993-04-01,NONE,MAIL,quests. blithely 
45543-1,45543,71,72,1,38.00,36900.66,0.10,0.05,R,F,1995-03-07,1995-03-08,1995-04-06,TAKE BACK RETURN,RAIL,sly bold packages hang caref
45543-2,45543,1879,9,2,47.00,83700.89,0.06,0.08,A,F,1995-05-17,1995-04-29,1995-06-14,NONE,SHIP,. carefully express packages
45543-3,45543,1598,19,3,49.00,73479.91,0.06,0.06,A,F,1995-05-21,1995-04-30,1995-06-02,DELIVER IN PERSON,REG AIR,nly carefully regular dependenci
45568-1,45568,363,20,1,21.00,26530.56,0.03,0.07,N,O,1998-07-02,1998-05-16,1998-07-24,COLLECT COD,FOB,t instructions: 
45568-2,45568,495,96,2,23.00,32096.27,0.10,0.08,N,O,1998-05-30,1998-06-20,1998-06-23,TAKE BACK RETURN,REG AIR,arthogs. blithely special foxes ag
45568-3,45568,547,38,3,13.00,18818.02,0.01,0.03,N,O,1998-05-13,1998-05-17,1998-05-24,TAKE BACK RETURN,FOB,"fully ruthless, final excuses. slyly"
45568-4,45568,1192,1,4,22.00,24050.18,0.03,0.05,N,O,1998-04-06,1998-06-03,1998-04-25,NONE,SHIP,al sentiments cajole quickly 
45568-5,45568,598,89,5,38.00,56946.42,0.09,0.04,N,O,1998-07-16,1998-06-03,1998-07-28,COLLECT COD,REG AIR,onic excuses. unusual courts sl
45568-6,45568,354,39,6,50.00,62717.50,0.05,0.08,N,O,1998-05-19,1998-05-17,1998-06-12,TAKE BACK RETURN,MAIL,. unusual re
45569-1,45569,1168,41,1,25.00,26729.00,0.07,0.01,N,O,1997-05-19,1997-06-18,1997-06-07,DELIVER IN PERSON,MAIL,fully above the slyly ironic requests. sly
45569-2,45569,1664,47,2,30.00,46969.80,0.01,0.01,N,O,1997-07-30,1997-07-05,1997-08-03,COLLECT COD,MAIL," ironic, ironic platelets. f"
45569-3,45569,463,22,3,21.00,28632.66,0.02,0.00,N,O,1997-06-04,1997-06-13,1997-06-21,DELIVER IN PERSON,RAIL,uickly carefully regular
45570-1,45570,564,95,1,10.00,14645.60,0.04,0.02,A,F,1993-11-19,1993-10-29,1993-11-22,TAKE BACK RETURN,MAIL,es. quickly final ideas after the caref
45570-2,45570,685,48,2,31.00,49156.08,0.05,0.02,R,F,1993-11-24,1993-10-19,1993-12-12,COLLECT COD,MAIL,. furiously pending
45570-3,45570,1020,56,3,30.00,27630.60,0.07,0.04,R,F,1993-10-05,1993-10-12,1993-10-07,TAKE BACK RETURN,RAIL,", regular acco"
45570-4,45570,1714,41,4,29.00,46855.59,0.02,0.02,R,F,1993-09-12,1993-10-30,1993-09-19,DELIVER IN PERSON,RAIL,fluffily after the blithely bold depende
45571-1,45571,63,89,1,34.00,32744.04,0.02,0.08,R,F,1992-10-12,1992-12-02,1992-10-21,DELIVER IN PERSON,MAIL,und the busy accounts: blithely fi
45571-2,45571,833,34,2,34.00,58950.22,0.08,0.07,A,F,1993-01-10,1992-11-13,1993-01-13,DELIVER IN PERSON,TRUCK,eposits sleep bold ideas. carefully ir
45571-3,45571,623,55,3,36.00,54850.32,0.02,0.00,A,F,1993-01-21,1992-11-02,1993-02-07,COLLECT COD,AIR, packages nag. blithely regular asymptotes
45571-4,45571,302,31,4,23.00,27652.90,0.05,0.08,R,F,1992-10-02,1992-11-06,1992-10-30,TAKE BACK RETURN,TRUCK,"s wake carefully pending, quiet pearls. si"
45571-5,45571,576,37,5,35.00,51679.95,0.10,0.06,R,F,1992-11-29,1992-12-01,1992-12-13,COLLECT COD,FOB,ular ideas sleep furiously accor
45571-6,45571,625,19,6,16.00,24409.92,0.03,0.08,R,F,1992-12-23,1992-12-10,1992-12-25,DELIVER IN PERSON,MAIL,requests use along the blithely unusua
45572-1,45572,292,74,1,31.00,36960.99,0.03,0.05,N,O,1996-08-12,1996-07-09,1996-09-10,TAKE BACK RETURN,REG AIR,refully durin
45572-2,45572,1521,42,2,43.00,61168.36,0.07,0.08,N,O,1996-07-03,1996-07-17,1996-07-04,COLLECT COD,FOB,nst the furiously regular deposits haggle a
45572-3,45572,1643,44,3,40.00,61785.60,0.08,0.01,N,O,1996-08-10,1996-07-25,1996-09-06,DELIVER IN PERSON,SHIP,thely fluffily s
45572-4,45572,1426,44,4,10.00,13274.20,0.04,0.07,N,O,1996-07-18,1996-07-12,1996-08-07,COLLECT COD,SHIP,"might cajole above the final, eve"
45572-5,45572,816,17,5,22.00,37769.82,0.08,0.06,N,O,1996-06-23,1996-08-25,1996-07-06,DELIVER IN PERSON,MAIL,uses cajole. fluffily regul
45572-6,45572,1299,37,6,32.00,38409.28,0.08,0.05,N,O,1996-07-04,1996-07-18,1996-07-31,TAKE BACK RETURN,SHIP," are according to the pending, ironic fox"
45573-1,45573,780,45,1,16.00,26892.48,0.03,0.02,R,F,1994-10-27,1994-10-23,1994-11-13,NONE,RAIL,ironic packag
45574-1,45574,1190,63,1,27.00,29462.13,0.07,0.00,N,O,1996-12-04,1996-12-16,1996-12-08,TAKE BACK RETURN,MAIL, alongside of the fluffily final i
45575-1,45575,710,11,1,23.00,37046.33,0.00,0.04,A,F,1992-04-14,1992-05-31,1992-05-10,NONE,TRUCK,ss above the express accou
45575-2,45575,1646,47,2,48.00,74286.72,0.07,0.05,A,F,1992-07-15,1992-07-04,1992-08-01,NONE,AIR,ronic ideas. iro
45575-3,45575,33,34,3,43.00,40120.29,0.04,0.00,R,F,1992-06-03,1992-07-09,1992-07-01,COLLECT COD,REG AIR,usly pending packages cajole across the fl
45575-4,45575,849,49,4,27.00,47245.68,0.05,0.06,R,F,1992-05-29,1992-05-19,1992-06-08,DELIVER IN PERSON,MAIL,x slyly blithely unusual packages. pl
45600-1,45600,500,59,1,49.00,68624.50,0.05,0.07,R,F,1992-10-22,1992-09-25,1992-10-29,NONE,REG AIR,"l, even theodolites. ent"
45601-1,45601,1467,7,1,47.00,64317.62,0.06,0.08,N,O,1995-11-06,1995-11-22,1995-11-10,COLLECT COD,REG AIR,ns: quickly thin excuses
45601-2,45601,1357,58,2,43.00,54109.05,0.08,0.06,N,O,1995-11-18,1995-12-25,1995-12-11,DELIVER IN PERSON,REG AIR,to beans. silent 
45601-3,45601,1591,92,3,18.00,26866.62,0.04,0.02,N,O,1995-11-12,1995-11-20,1995-12-11,TAKE BACK RETURN,TRUCK,"ndencies: pending, regular instruct"
45601-4,45601,875,76,4,16.00,28413.92,0.03,0.08,N,O,1995-12-29,1995-11-12,1996-01-08,NONE,TRUCK,carefully express
45602-1,45602,1995,28,1,36.00,68291.64,0.08,0.00,N,O,1996-12-07,1996-12-07,1996-12-16,COLLECT COD,SHIP,y ironic packa
45602-2,45602,1717,2,2,18.00,29136.78,0.05,0.03,N,O,1997-02-16,1997-01-19,1997-03-02,NONE,AIR,packages wake. pending re
45602-3,45602,460,90,3,14.00,19046.44,0.01,0.01,N,O,1997-02-20,1996-12-29,1997-02-21,DELIVER IN PERSON,AIR,s packages dazzle carefully 
45602-4,45602,57,58,4,23.00,22012.15,0.02,0.05,N,O,1996-11-04,1997-01-10,1996-11-16,DELIVER IN PERSON,MAIL," silent, bold inst"
45602-5,45602,1105,78,5,17.00,17103.70,0.01,0.01,N,O,1997-01-20,1996-12-18,1997-02-09,NONE,RAIL,posits are caref
45602-6,45602,361,62,6,12.00,15136.32,0.08,0.05,N,O,1996-12-28,1997-01-05,1997-01-17,NONE,REG AIR,al accounts across 
45602-7,45602,58,9,7,41.00,39280.05,0.04,0.08,N,O,1996-12-02,1996-12-05,1996-12-17,TAKE BACK RETURN,AIR,e across the caref
45603-1,45603,413,43,1,31.00,40715.71,0.02,0.01,N,O,1996-11-30,1996-11-03,1996-12-26,DELIVER IN PERSON,RAIL,tes. regular accounts cajole slyly regu
45603-2,45603,1612,95,2,8.00,12108.88,0.06,0.02,N,O,1996-09-13,1996-10-03,1996-09-27,COLLECT COD,FOB,above the furiously ironic instructions. i
45603-3,45603,698,30,3,24.00,38368.56,0.08,0.03,N,O,1996-09-20,1996-11-02,1996-10-14,COLLECT COD,SHIP,ily ironic asymptotes
45603-4,45603,694,57,4,35.00,55814.15,0.09,0.06,N,O,1996-12-09,1996-10-02,1997-01-05,COLLECT COD,AIR,posits across t
45604-1,45604,448,7,1,29.00,39104.76,0.01,0.07,A,F,1993-06-13,1993-04-28,1993-07-04,DELIVER IN PERSON,AIR,"g accounts. pending, slow platele"
45604-2,45604,703,68,2,10.00,16037.00,0.04,0.08,R,F,1993-05-09,1993-04-16,1993-05-18,COLLECT COD,REG AIR,counts nag quickly. unu
45605-1,45605,1268,43,1,35.00,40924.10,0.02,0.05,A,F,1993-06-23,1993-05-17,1993-07-02,TAKE BACK RETURN,MAIL,ainst the even accounts. dep
45605-2,45605,1381,96,2,15.00,19235.70,0.01,0.03,R,F,1993-06-29,1993-05-19,1993-07-12,NONE,TRUCK,posits. final requests alongside of the s
45605-3,45605,1967,100,3,38.00,71020.48,0.09,0.03,A,F,1993-05-21,1993-06-28,1993-06-03,DELIVER IN PERSON,FOB,long the slyly brave deposits ar
45605-4,45605,432,20,4,26.00,34643.18,0.03,0.08,R,F,1993-06-08,1993-07-01,1993-07-06,DELIVER IN PERSON,RAIL,nusual packages. 
45606-1,45606,1686,28,1,9.00,14289.12,0.05,0.02,N,O,1996-01-03,1995-10-27,1996-01-22,COLLECT COD,REG AIR,gage blithely ironic packages. acc
45606-2,45606,847,48,2,4.00,6991.36,0.07,0.01,N,O,1995-09-25,1995-11-13,1995-10-24,NONE,RAIL,"ecial, special foxes detect "
45606-3,45606,1334,73,3,18.00,22235.94,0.10,0.02,N,O,1995-10-06,1995-12-12,1995-10-18,DELIVER IN PERSON,MAIL,furiously even deposits run. regular re
45606-4,45606,635,67,4,18.00,27641.34,0.10,0.06,N,O,1995-11-23,1995-11-27,1995-12-02,NONE,MAIL,the dogged ideas. slyly 
45606-5,45606,225,53,5,30.00,33756.60,0.09,0.00,N,O,1995-12-14,1995-11-19,1996-01-11,DELIVER IN PERSON,RAIL,s sleep furiously at the reg
45606-6,45606,1593,94,6,10.00,14945.90,0.05,0.02,N,O,1995-09-24,1995-11-21,1995-10-16,TAKE BACK RETURN,REG AIR,regular deposits. furiously pendin
45607-1,45607,495,83,1,5.00,6977.45,0.03,0.00,N,O,1998-02-10,1998-02-02,1998-03-02,DELIVER IN PERSON,AIR,requests wake by the requests. sly
45607-2,45607,949,50,2,22.00,40698.68,0.07,0.06,N,O,1998-02-25,1998-01-27,1998-03-01,COLLECT COD,RAIL,eposits use along the
45607-3,45607,1020,91,3,22.00,20262.44,0.04,0.03,N,O,1997-12-29,1998-02-03,1998-01-19,TAKE BACK RETURN,FOB,g the blithely 
45607-4,45607,1144,17,4,16.00,16722.24,0.02,0.06,N,O,1998-01-01,1998-01-10,1998-01-15,NONE,FOB,ackages. accounts 
45632-1,45632,237,38,1,38.00,43214.74,0.09,0.01,R,F,1993-09-06,1993-07-31,1993-09-16,DELIVER IN PERSON,SHIP,ctions. carefully final instructions haggle
45632-2,45632,199,52,2,18.00,19785.42,0.02,0.08,A,F,1993-08-11,1993-07-07,1993-08-18,COLLECT COD,REG AIR,side of the 
45632-3,45632,1077,83,3,46.00,44991.22,0.07,0.00,A,F,1993-07-25,1993-07-15,1993-08-10,COLLECT COD,REG AIR,arhorses boos
45632-4,45632,1772,73,4,5.00,8368.85,0.05,0.07,R,F,1993-06-06,1993-06-15,1993-07-03,DELIVER IN PERSON,TRUCK,notornis cajole fluffily accord
45632-5,45632,278,6,5,47.00,55378.69,0.10,0.02,A,F,1993-06-07,1993-07-19,1993-06-30,COLLECT COD,SHIP,ent instructions. fur
45632-6,45632,1609,51,6,32.00,48339.20,0.03,0.08,A,F,1993-05-25,1993-08-09,1993-06-11,TAKE BACK RETURN,TRUCK,e carefully regular instruc
45632-7,45632,1921,66,7,33.00,60156.36,0.05,0.03,R,F,1993-05-19,1993-06-11,1993-06-17,DELIVER IN PERSON,RAIL,ly toward the blithely ir
45633-1,45633,916,19,1,12.00,21802.92,0.08,0.04,N,O,1997-04-21,1997-04-16,1997-04-30,TAKE BACK RETURN,AIR,"the slyly special packages. quick, "
45633-2,45633,840,74,2,42.00,73115.28,0.01,0.03,N,O,1997-02-22,1997-03-14,1997-02-27,DELIVER IN PERSON,RAIL,nts cajole slyly express requests; regular
45633-3,45633,93,44,3,49.00,48661.41,0.05,0.05,N,O,1997-02-17,1997-04-23,1997-02-23,COLLECT COD,AIR,inal requests haggle carefully sl
45633-4,45633,518,79,4,12.00,17022.12,0.09,0.05,N,O,1997-05-12,1997-03-05,1997-05-29,TAKE BACK RETURN,TRUCK,lly regular requests sleep? e
45633-5,45633,214,42,5,27.00,30083.67,0.00,0.04,N,O,1997-03-10,1997-04-26,1997-03-27,COLLECT COD,TRUCK, platelets.
45634-1,45634,313,98,1,22.00,26692.82,0.06,0.00,N,O,1997-09-11,1997-10-07,1997-09-30,DELIVER IN PERSON,SHIP,le furiously. 
45635-1,45635,726,91,1,9.00,14640.48,0.02,0.07,R,F,1992-06-06,1992-07-07,1992-07-03,COLLECT COD,REG AIR,r the furiously ironic Tiresias.
45635-2,45635,783,80,2,11.00,18521.58,0.08,0.06,A,F,1992-04-30,1992-06-22,1992-05-10,TAKE BACK RETURN,MAIL,"r, express foxes. furiously b"
45636-1,45636,622,23,1,40.00,60904.80,0.10,0.08,N,O,1996-12-02,1996-12-09,1996-12-11,TAKE BACK RETURN,REG AIR,ously pending instructions. carefully silen
45636-2,45636,205,33,2,2.00,2210.40,0.07,0.06,N,O,1996-10-24,1996-12-23,1996-10-25,DELIVER IN PERSON,SHIP,"kages. even, "
45637-1,45637,550,11,1,8.00,11604.40,0.09,0.05,A,F,1994-07-04,1994-04-26,1994-07-06,TAKE BACK RETURN,MAIL,ithely regula
45637-2,45637,1069,75,2,37.00,35892.22,0.02,0.06,A,F,1994-06-27,1994-05-31,1994-07-04,NONE,FOB,uickly stealthily unusual theodolites. blit
45638-1,45638,1363,64,1,22.00,27815.92,0.01,0.00,N,O,1997-11-15,1997-10-31,1997-12-15,NONE,TRUCK,ckly unusual packages wo
45638-2,45638,1766,9,2,50.00,83388.00,0.02,0.06,N,O,1997-09-02,1997-10-18,1997-09-23,COLLECT COD,AIR,beans nag instructions. furiously ironic 
45638-3,45638,1093,64,3,40.00,39763.60,0.09,0.03,N,O,1997-09-01,1997-11-18,1997-09-16,NONE,REG AIR,s the busy id
45638-4,45638,497,98,4,24.00,33539.76,0.10,0.04,N,O,1997-09-04,1997-11-21,1997-09-23,COLLECT COD,REG AIR,xpress courts boost according 
45638-5,45638,1886,73,5,22.00,39333.36,0.06,0.04,N,O,1997-09-03,1997-10-21,1997-09-15,TAKE BACK RETURN,AIR,"uternes do nag carefully regular, "
45638-6,45638,172,25,6,47.00,50391.99,0.01,0.02,N,O,1997-12-09,1997-10-15,1997-12-31,DELIVER IN PERSON,FOB,ithely even pa
45638-7,45638,317,2,7,47.00,57213.57,0.01,0.00,N,O,1997-11-20,1997-11-06,1997-12-04,DELIVER IN PERSON,MAIL,lar foxes. regular deposits sleep sl
45639-1,45639,39,90,1,45.00,42256.35,0.03,0.00,N,O,1996-07-30,1996-07-26,1996-08-23,DELIVER IN PERSON,AIR,ar theodolites haggle fu
45639-2,45639,380,37,2,5.00,6401.90,0.03,0.04,N,O,1996-08-02,1996-07-06,1996-08-06,COLLECT COD,FOB,c dolphins wa
45664-1,45664,528,89,1,39.00,55712.28,0.06,0.07,R,F,1992-07-28,1992-08-24,1992-08-16,DELIVER IN PERSON,REG AIR,ular instructions. blit
45664-2,45664,1284,96,2,43.00,50967.04,0.06,0.01,R,F,1992-09-14,1992-08-11,1992-10-08,COLLECT COD,MAIL,nding packages-- regul
45664-3,45664,1384,99,3,6.00,7712.28,0.10,0.00,A,F,1992-08-24,1992-07-25,1992-09-03,NONE,TRUCK,requests. slyly final accou
45664-4,45664,1638,80,4,9.00,13856.67,0.08,0.01,A,F,1992-08-08,1992-08-21,1992-09-04,COLLECT COD,SHIP,s evenly among the fluffily iro
45665-1,45665,1584,85,1,38.00,56452.04,0.06,0.07,N,O,1997-05-21,1997-07-24,1997-06-16,NONE,TRUCK,excuses among th
45665-2,45665,1027,28,2,22.00,20416.44,0.04,0.07,N,O,1997-07-12,1997-07-18,1997-07-13,TAKE BACK RETURN,MAIL, at the pending excuses.
45665-3,45665,414,15,3,41.00,53890.81,0.02,0.07,N,O,1997-06-19,1997-06-20,1997-07-17,NONE,REG AIR,etect against the special dependen
45665-4,45665,1823,67,4,33.00,56919.06,0.08,0.00,N,O,1997-08-28,1997-06-27,1997-09-03,COLLECT COD,SHIP,regular requests; blithely special 
45665-5,45665,183,62,5,46.00,49826.28,0.07,0.06,N,O,1997-07-02,1997-07-21,1997-07-19,NONE,AIR,according to the slyly special deposits. r
45666-1,45666,1165,2,1,21.00,22389.36,0.05,0.02,N,O,1997-05-11,1997-04-16,1997-06-09,TAKE BACK RETURN,MAIL,gular theodolites nag b
45666-2,45666,443,44,2,45.00,60454.80,0.08,0.08,N,O,1997-05-13,1997-04-09,1997-05-25,TAKE BACK RETURN,RAIL,forges about the blithely regul
45666-3,45666,268,96,3,20.00,23365.20,0.03,0.06,N,O,1997-06-14,1997-03-18,1997-06-21,DELIVER IN PERSON,FOB,thely regular accounts haggle blithely 
45666-4,45666,752,53,4,43.00,71068.25,0.07,0.08,N,O,1997-05-18,1997-05-15,1997-06-12,COLLECT COD,REG AIR,nt accounts haggle. furiously ir
45667-1,45667,1446,47,1,22.00,29643.68,0.10,0.07,N,O,1996-08-18,1996-06-15,1996-09-01,TAKE BACK RETURN,TRUCK,ckages. quickly ironic req
45667-2,45667,1862,92,2,1.00,1763.86,0.07,0.04,N,O,1996-05-29,1996-06-14,1996-06-13,NONE,FOB,tions haggle? pending dependenci
45667-3,45667,1236,37,3,4.00,4548.92,0.05,0.03,N,O,1996-07-31,1996-07-22,1996-08-03,DELIVER IN PERSON,RAIL,. pains above the unus
45667-4,45667,541,72,4,35.00,50453.90,0.10,0.04,N,O,1996-08-09,1996-07-04,1996-08-28,NONE,SHIP, wake blit
45667-5,45667,908,11,5,29.00,52458.10,0.00,0.00,N,O,1996-05-10,1996-05-27,1996-06-06,COLLECT COD,MAIL,manently ironic braids kindle. theo
45667-6,45667,1990,91,6,8.00,15135.92,0.09,0.03,N,O,1996-06-21,1996-07-18,1996-07-21,COLLECT COD,AIR,nstructions 
45667-7,45667,1731,58,7,6.00,9796.38,0.09,0.02,N,O,1996-06-04,1996-06-05,1996-07-03,NONE,MAIL,the stealthily even requests haggle above t
45668-1,45668,528,59,1,48.00,68568.96,0.09,0.07,R,F,1994-02-26,1994-01-31,1994-03-07,TAKE BACK RETURN,FOB,s boost fluffily af
45668-2,45668,57,83,2,39.00,37324.95,0.04,0.03,A,F,1994-01-26,1994-02-15,1994-02-14,NONE,RAIL,yly unusual dependen
45668-3,45668,1355,70,3,19.00,23870.65,0.06,0.03,R,F,1994-03-02,1994-03-10,1994-03-31,NONE,TRUCK,tions affix requests.
45668-4,45668,442,1,4,44.00,59067.36,0.02,0.06,A,F,1994-01-08,1994-02-10,1994-02-05,TAKE BACK RETURN,FOB,y even packages? final dep
45668-5,45668,1451,91,5,1.00,1352.45,0.01,0.00,R,F,1994-03-22,1994-03-04,1994-04-03,COLLECT COD,MAIL,carefully regular plate
45668-6,45668,251,33,6,24.00,27630.00,0.08,0.03,A,F,1994-03-22,1994-02-28,1994-04-15,NONE,FOB,"odolites. regular, f"
45669-1,45669,200,1,1,5.00,5501.00,0.03,0.01,N,O,1995-07-05,1995-09-15,1995-07-28,NONE,SHIP,"ickly against the regular, r"
45669-2,45669,49,100,2,2.00,1898.08,0.08,0.00,N,O,1995-08-11,1995-08-13,1995-09-02,NONE,MAIL, decoys boost 
45669-3,45669,1300,1,3,5.00,6006.50,0.05,0.00,N,O,1995-08-16,1995-08-08,1995-08-31,DELIVER IN PERSON,RAIL,iously reg
45669-4,45669,1441,59,4,19.00,25506.36,0.04,0.03,N,O,1995-07-18,1995-09-09,1995-07-20,NONE,SHIP,ss patterns cajole furiously about the fur
45669-5,45669,1855,99,5,49.00,86085.65,0.06,0.06,N,O,1995-08-08,1995-07-31,1995-08-19,COLLECT COD,AIR,slyly accord
45669-6,45669,1909,42,6,26.00,47083.40,0.02,0.05,N,O,1995-07-14,1995-08-21,1995-08-11,NONE,REG AIR,y regular foxes haggle above t
45670-1,45670,1799,42,1,33.00,56126.07,0.00,0.08,R,F,1992-09-23,1992-09-18,1992-10-19,TAKE BACK RETURN,SHIP, asymptotes. slyly final packages
45670-2,45670,1665,7,2,40.00,62666.40,0.03,0.00,R,F,1992-08-23,1992-11-04,1992-08-26,NONE,REG AIR,arefully fi
45670-3,45670,145,24,3,27.00,28218.78,0.10,0.02,R,F,1992-09-29,1992-09-22,1992-10-29,NONE,AIR, are reque
45670-4,45670,1935,68,4,44.00,80824.92,0.00,0.03,A,F,1992-10-30,1992-09-17,1992-11-04,TAKE BACK RETURN,MAIL,he quickly ironic requests cajole bli
45670-5,45670,568,69,5,48.00,70490.88,0.06,0.02,A,F,1992-08-30,1992-10-10,1992-09-28,TAKE BACK RETURN,SHIP, slyly final theodolites. furiously 
45670-6,45670,1580,81,6,48.00,71115.84,0.05,0.08,R,F,1992-12-04,1992-10-04,1992-12-11,NONE,SHIP,nic requests. even packages cajole slyly
45670-7,45670,337,22,7,21.00,25983.93,0.04,0.06,A,F,1992-11-04,1992-09-17,1992-11-12,DELIVER IN PERSON,SHIP,ake fluffily alongside o
45671-1,45671,445,46,1,37.00,49781.28,0.08,0.04,N,O,1995-07-09,1995-09-11,1995-07-13,TAKE BACK RETURN,RAIL, never ironic
45671-2,45671,671,65,2,8.00,12573.36,0.01,0.01,N,O,1995-09-02,1995-08-06,1995-09-12,TAKE BACK RETURN,FOB,ly special instructions. even asy
45671-3,45671,1952,53,3,1.00,1853.95,0.08,0.04,N,O,1995-06-25,1995-09-10,1995-06-29,NONE,AIR, above the
45671-4,45671,1312,89,4,2.00,2426.62,0.07,0.04,N,O,1995-07-14,1995-07-18,1995-07-20,TAKE BACK RETURN,MAIL,iously pendi
45696-1,45696,752,49,1,49.00,80984.75,0.09,0.04,N,O,1997-03-01,1997-02-17,1997-03-31,TAKE BACK RETURN,FOB,even foxes cajole blithely b
45696-2,45696,760,61,2,7.00,11625.32,0.01,0.07,N,O,1997-03-31,1997-02-17,1997-04-08,TAKE BACK RETURN,REG AIR,s boost. i
45696-3,45696,650,82,3,33.00,51171.45,0.08,0.04,N,O,1997-04-08,1997-02-10,1997-04-14,TAKE BACK RETURN,FOB,y final instructions. unusua
45696-4,45696,289,71,4,31.00,36867.68,0.02,0.05,N,O,1997-01-16,1997-03-10,1997-01-22,TAKE BACK RETURN,RAIL, deposits nod. theodol
45696-5,45696,1795,80,5,36.00,61084.44,0.06,0.05,N,O,1997-02-25,1997-03-16,1997-03-19,COLLECT COD,TRUCK,oss the carefully careful sau
45696-6,45696,363,20,6,40.00,50534.40,0.06,0.08,N,O,1997-01-16,1997-02-23,1997-02-15,TAKE BACK RETURN,REG AIR,uriously. r
45697-1,45697,1886,16,1,29.00,51848.52,0.10,0.08,R,F,1992-04-06,1992-02-05,1992-04-19,COLLECT COD,REG AIR, regular deposi
45697-2,45697,1977,66,2,39.00,73279.83,0.00,0.03,A,F,1992-03-16,1992-02-04,1992-03-22,TAKE BACK RETURN,AIR,". regular, sly hockey players detect c"
45697-3,45697,1096,32,3,29.00,28915.61,0.07,0.08,A,F,1992-01-19,1992-02-22,1992-01-23,TAKE BACK RETURN,RAIL, quickly care
45697-4,45697,724,21,4,48.00,77986.56,0.02,0.06,A,F,1992-02-11,1992-03-13,1992-02-15,COLLECT COD,SHIP, instructions. packages
45697-5,45697,1983,28,5,21.00,39584.58,0.05,0.08,R,F,1992-04-24,1992-03-16,1992-05-24,COLLECT COD,AIR, requests shall play
45697-6,45697,872,73,6,36.00,63823.32,0.02,0.05,A,F,1992-04-10,1992-03-25,1992-04-22,NONE,TRUCK,equests. carefully regu
45697-7,45697,1915,16,7,31.00,56324.21,0.05,0.01,R,F,1992-02-11,1992-02-11,1992-03-09,TAKE BACK RETURN,SHIP,iously after the blithel
45698-1,45698,1043,14,1,9.00,8496.36,0.06,0.00,A,F,1992-05-13,1992-06-01,1992-06-07,TAKE BACK RETURN,TRUCK,the unusual ideas 
45698-2,45698,1692,34,2,6.00,9562.14,0.02,0.06,A,F,1992-07-15,1992-07-22,1992-08-10,TAKE BACK RETURN,SHIP,lyly regular theodolites use regu
45698-3,45698,1580,81,3,27.00,40002.66,0.10,0.04,A,F,1992-07-01,1992-06-20,1992-07-05,TAKE BACK RETURN,RAIL, slowly ruthless dep
45699-1,45699,1229,41,1,1.00,1130.22,0.10,0.03,N,O,1997-10-10,1997-10-31,1997-10-31,TAKE BACK RETURN,AIR,e the slyly regular request
45699-2,45699,505,66,2,21.00,29515.50,0.00,0.02,N,O,1997-10-15,1997-11-22,1997-10-20,NONE,AIR,e slyly final excuses: ca
45700-1,45700,679,80,1,38.00,60027.46,0.10,0.01,R,F,1993-01-03,1993-01-01,1993-01-07,NONE,REG AIR,y among the carefully sl
45700-2,45700,580,71,2,28.00,41456.24,0.03,0.01,A,F,1993-01-11,1992-12-15,1993-01-30,DELIVER IN PERSON,MAIL,pending packages wake q
45700-3,45700,1266,67,3,43.00,50192.18,0.01,0.08,R,F,1993-03-01,1993-01-26,1993-03-21,NONE,SHIP,nic dependenci
45700-4,45700,919,88,4,50.00,90995.50,0.01,0.04,A,F,1993-02-25,1992-12-18,1993-03-17,TAKE BACK RETURN,TRUCK,onic dependencies alo
45700-5,45700,169,70,5,16.00,17106.56,0.09,0.08,A,F,1993-02-09,1993-01-19,1993-03-04,COLLECT COD,TRUCK,sual packages s
45700-6,45700,1447,65,6,34.00,45846.96,0.07,0.00,A,F,1992-12-10,1993-02-09,1992-12-22,DELIVER IN PERSON,SHIP,he fluffily ste
45701-1,45701,961,96,1,21.00,39101.16,0.02,0.02,N,O,1997-07-04,1997-06-15,1997-07-16,DELIVER IN PERSON,AIR,"ular, final depo"
45701-2,45701,516,7,2,36.00,50994.36,0.05,0.08,N,O,1997-08-16,1997-07-10,1997-08-21,COLLECT COD,FOB,ely silent theodolites! quickly
45701-3,45701,720,21,3,31.00,50242.32,0.10,0.03,N,O,1997-07-11,1997-07-20,1997-07-13,COLLECT COD,FOB,thely even theodolites haggle 
45702-1,45702,1726,11,1,19.00,30926.68,0.02,0.03,N,O,1995-08-18,1995-09-09,1995-08-23,COLLECT COD,SHIP,slyly unusual accounts. reg
45702-2,45702,249,50,2,50.00,57462.00,0.07,0.07,N,O,1995-11-14,1995-10-30,1995-12-07,TAKE BACK RETURN,RAIL,lar packag
45702-3,45702,685,48,3,9.00,14271.12,0.03,0.06,N,O,1995-10-02,1995-10-04,1995-10-06,DELIVER IN PERSON,RAIL, quickly ironic deposits
45703-1,45703,1784,11,1,28.00,47201.84,0.02,0.05,N,O,1996-09-07,1996-08-14,1996-09-22,DELIVER IN PERSON,RAIL,se even decoys. requests sleep p
45703-2,45703,1839,83,2,14.00,24371.62,0.02,0.03,N,O,1996-08-29,1996-07-05,1996-09-03,NONE,REG AIR,erns nag slyly? slowly ironic accounts
45703-3,45703,277,5,3,35.00,41204.45,0.06,0.02,N,O,1996-07-06,1996-07-12,1996-07-31,COLLECT COD,AIR,ackages wake ironic packa
45728-1,45728,1442,60,1,3.00,4030.32,0.00,0.00,A,F,1993-09-09,1993-07-25,1993-09-16,COLLECT COD,RAIL,cies can detect quickly furiously pe
45728-2,45728,1533,14,2,37.00,53077.61,0.09,0.05,R,F,1993-08-05,1993-08-21,1993-08-10,COLLECT COD,REG AIR,ns nag slyly about the bli
45728-3,45728,1819,49,3,18.00,30974.58,0.10,0.04,A,F,1993-09-24,1993-08-20,1993-09-26,NONE,AIR, regular notornis shall wake across the s
45728-4,45728,473,61,4,49.00,67300.03,0.10,0.03,R,F,1993-08-05,1993-08-04,1993-09-02,NONE,FOB,d. quickly reg
45728-5,45728,364,49,5,4.00,5057.44,0.03,0.04,A,F,1993-09-02,1993-09-16,1993-09-17,DELIVER IN PERSON,SHIP,ular dependencies! slyly even fox
45729-1,45729,706,7,1,24.00,38560.80,0.04,0.07,N,O,1998-05-18,1998-07-11,1998-06-14,COLLECT COD,RAIL,ts sleep slyly.
45729-2,45729,1629,12,2,22.00,33673.64,0.08,0.00,N,O,1998-05-22,1998-06-02,1998-05-25,TAKE BACK RETURN,REG AIR, regular packages boost along the
45729-3,45729,1075,81,3,5.00,4880.35,0.00,0.00,N,O,1998-07-20,1998-05-27,1998-07-28,NONE,FOB, requests ca
45729-4,45729,1422,40,4,42.00,55583.64,0.09,0.05,N,O,1998-06-09,1998-06-25,1998-06-27,TAKE BACK RETURN,TRUCK,ld accounts! 
45729-5,45729,1715,100,5,14.00,22633.94,0.03,0.03,N,O,1998-06-22,1998-07-06,1998-06-26,DELIVER IN PERSON,TRUCK,ully. even dep
45729-6,45729,383,40,6,3.00,3850.14,0.05,0.03,N,O,1998-05-20,1998-06-01,1998-05-26,COLLECT COD,RAIL,sits doze-- unu
45729-7,45729,1244,19,7,22.00,25195.28,0.08,0.07,N,O,1998-07-31,1998-06-25,1998-08-24,DELIVER IN PERSON,REG AIR,ess theodolit
45730-1,45730,708,73,1,33.00,53087.10,0.06,0.07,N,O,1998-03-28,1998-01-25,1998-04-07,TAKE BACK RETURN,REG AIR,accounts sleep doggedl
45730-2,45730,285,86,2,2.00,2370.56,0.00,0.01,N,O,1998-02-04,1998-02-17,1998-02-10,TAKE BACK RETURN,MAIL,onic accounts. slyly ironic depos
45730-3,45730,1555,96,3,12.00,17478.60,0.08,0.01,N,O,1998-02-11,1998-02-11,1998-03-01,COLLECT COD,TRUCK,to the slyly final packages wake brave
45731-1,45731,973,74,1,46.00,86202.62,0.03,0.04,A,F,1994-10-21,1994-10-20,1994-11-10,NONE,FOB,tect. furiously even p
45731-2,45731,1137,10,2,32.00,33220.16,0.10,0.00,A,F,1994-11-15,1994-10-21,1994-11-17,NONE,REG AIR,al theodolites boost sly
45731-3,45731,1970,15,3,45.00,84238.65,0.04,0.08,R,F,1994-10-31,1994-10-06,1994-11-26,COLLECT COD,SHIP,ve the finally pending the
45731-4,45731,961,62,4,39.00,72616.44,0.10,0.04,A,F,1994-09-24,1994-10-22,1994-10-11,TAKE BACK RETURN,SHIP,. ideas sleep ag
45731-5,45731,1913,58,5,47.00,85300.77,0.07,0.02,A,F,1994-10-18,1994-11-01,1994-11-01,COLLECT COD,SHIP, final requests hag
45732-1,45732,1735,36,1,29.00,47465.17,0.04,0.00,R,F,1994-05-02,1994-04-19,1994-05-07,COLLECT COD,SHIP,eans across the instructions nag carefull
45732-2,45732,603,97,2,49.00,73676.40,0.08,0.04,R,F,1994-03-09,1994-05-03,1994-04-06,TAKE BACK RETURN,MAIL,heaves about 
45733-1,45733,1379,18,1,27.00,34569.99,0.02,0.07,R,F,1994-01-16,1994-02-28,1994-02-11,TAKE BACK RETURN,TRUCK,counts. always reg
45733-2,45733,851,51,2,48.00,84088.80,0.00,0.02,R,F,1994-03-11,1994-01-07,1994-03-30,DELIVER IN PERSON,RAIL,osits wake. even accounts affix
45733-3,45733,868,35,3,46.00,81367.56,0.08,0.06,A,F,1994-04-05,1994-03-01,1994-04-30,NONE,AIR," accounts sleep slyly against the bold,"
45733-4,45733,1391,30,4,41.00,52987.99,0.10,0.04,A,F,1994-01-11,1994-01-23,1994-01-20,TAKE BACK RETURN,FOB,"quickly final deposits. final, regular depo"
45734-1,45734,1936,25,1,44.00,80868.92,0.10,0.07,A,F,1992-09-16,1992-09-07,1992-09-22,TAKE BACK RETURN,FOB,ent packages are furiously slyly
45734-2,45734,1603,27,2,48.00,72220.80,0.02,0.06,R,F,1992-11-02,1992-09-28,1992-11-12,COLLECT COD,FOB,lar ideas among the regular instructions b
45735-1,45735,129,8,1,24.00,24698.88,0.06,0.08,N,O,1997-06-04,1997-06-10,1997-06-28,COLLECT COD,AIR,beans haggle
45735-2,45735,1580,21,2,23.00,34076.34,0.06,0.08,N,O,1997-06-17,1997-05-28,1997-07-09,NONE,AIR,ly ironic foxes hagg
45735-3,45735,1782,25,3,26.00,43778.28,0.08,0.02,N,O,1997-07-21,1997-06-04,1997-08-13,TAKE BACK RETURN,REG AIR,sly bold excuses. pending 
45760-1,45760,1051,87,1,10.00,9520.50,0.02,0.08,A,F,1993-08-21,1993-09-22,1993-08-22,DELIVER IN PERSON,REG AIR, ideas. furiously regular excuses sleep
45760-2,45760,101,2,2,36.00,36039.60,0.01,0.01,A,F,1993-09-22,1993-09-29,1993-10-06,TAKE BACK RETURN,TRUCK,ccounts nag
45760-3,45760,755,20,3,4.00,6623.00,0.00,0.00,R,F,1993-11-10,1993-09-15,1993-11-20,TAKE BACK RETURN,AIR,foxes unwind furious
45760-4,45760,1735,78,4,36.00,58922.28,0.00,0.00,A,F,1993-10-22,1993-10-01,1993-11-13,TAKE BACK RETURN,SHIP,packages. slyly pending accounts cajole i
45760-5,45760,4,80,5,44.00,39776.00,0.04,0.08,A,F,1993-11-19,1993-09-21,1993-11-23,DELIVER IN PERSON,TRUCK,"hless, regular grouches sho"
45761-1,45761,55,6,1,50.00,47752.50,0.09,0.07,A,F,1992-09-03,1992-08-05,1992-09-25,TAKE BACK RETURN,RAIL,deposits cajole. ironic ideas hagg
45762-1,45762,589,50,1,21.00,31281.18,0.03,0.07,A,F,1993-10-30,1993-09-07,1993-11-02,COLLECT COD,TRUCK,among the accounts? final requests hagg
45762-2,45762,1070,71,2,47.00,45640.29,0.05,0.04,A,F,1993-08-18,1993-10-03,1993-09-07,COLLECT COD,REG AIR,hely final pa
45762-3,45762,83,9,3,44.00,43255.52,0.06,0.02,A,F,1993-09-08,1993-08-27,1993-09-21,TAKE BACK RETURN,FOB,wake fluffily according to
45762-4,45762,158,11,4,35.00,37035.25,0.02,0.02,R,F,1993-07-26,1993-09-05,1993-08-07,NONE,AIR,ent theodolites are carefully final requ
45763-1,45763,1034,5,1,3.00,2805.09,0.00,0.01,R,F,1993-09-24,1993-09-16,1993-10-23,TAKE BACK RETURN,FOB,ckages haggle. blithely special i
45764-1,45764,1314,91,1,10.00,12153.10,0.07,0.03,N,O,1996-09-02,1996-09-23,1996-09-03,DELIVER IN PERSON,MAIL,instructions along the quickly final 
45764-2,45764,1923,56,2,31.00,56572.52,0.05,0.07,N,O,1996-12-05,1996-11-21,1996-12-16,TAKE BACK RETURN,FOB,ic accounts use instead of the car
45764-3,45764,1865,52,3,40.00,70674.40,0.06,0.03,N,O,1996-10-29,1996-11-07,1996-10-30,NONE,RAIL,asymptotes
45764-4,45764,237,19,4,15.00,17058.45,0.03,0.03,N,O,1996-10-26,1996-11-21,1996-11-21,NONE,REG AIR, may use carefully regular
45765-1,45765,647,41,1,37.00,57262.68,0.10,0.05,A,F,1994-01-24,1993-11-21,1994-01-25,COLLECT COD,MAIL,y against the carefully special de
45765-2,45765,811,11,2,6.00,10270.86,0.05,0.04,R,F,1993-12-31,1993-11-28,1994-01-14,NONE,AIR,maintain furiously among 
45765-3,45765,1169,6,3,16.00,17122.56,0.02,0.03,R,F,1993-10-19,1994-01-09,1993-11-16,DELIVER IN PERSON,MAIL,are quickly express platelets
45766-1,45766,1566,67,1,1.00,1467.56,0.09,0.07,A,F,1993-07-31,1993-07-29,1993-08-24,TAKE BACK RETURN,MAIL,sts hinder 
45766-2,45766,1935,80,2,35.00,64292.55,0.09,0.05,R,F,1993-08-17,1993-06-15,1993-08-30,NONE,AIR, asymptotes cajole blithely a
45766-3,45766,378,63,3,22.00,28124.14,0.07,0.03,A,F,1993-07-02,1993-06-24,1993-07-27,TAKE BACK RETURN,TRUCK, packages affix slyly 
45766-4,45766,762,95,4,29.00,48220.04,0.03,0.02,R,F,1993-06-12,1993-06-13,1993-06-15,COLLECT COD,MAIL,ly regular reque
45766-5,45766,38,14,5,3.00,2814.09,0.09,0.04,R,F,1993-06-29,1993-07-06,1993-07-25,NONE,REG AIR,nts. regular package
45766-6,45766,709,42,6,40.00,64388.00,0.06,0.01,R,F,1993-06-02,1993-07-12,1993-06-12,COLLECT COD,SHIP,old asymptotes run slyly
45767-1,45767,1807,8,1,24.00,41011.20,0.09,0.06,A,F,1992-10-05,1992-09-06,1992-10-19,TAKE BACK RETURN,MAIL, closely about the carefully final de
45767-2,45767,1635,36,2,1.00,1536.63,0.02,0.01,A,F,1992-09-22,1992-08-27,1992-10-05,DELIVER IN PERSON,FOB,"eep according to the pending, final a"
45767-3,45767,998,99,3,41.00,77858.59,0.10,0.03,R,F,1992-08-24,1992-10-09,1992-09-12,COLLECT COD,REG AIR,usly unusual platelets according to
45792-1,45792,1070,6,1,49.00,47582.43,0.07,0.04,N,O,1997-02-25,1997-01-19,1997-03-16,DELIVER IN PERSON,SHIP,lar packages. foxes are
45792-2,45792,1449,28,2,47.00,63470.68,0.06,0.00,N,O,1996-12-01,1997-02-09,1996-12-05,TAKE BACK RETURN,MAIL,tions maintain slyly about th
45792-3,45792,1895,96,3,16.00,28750.24,0.04,0.08,N,O,1996-11-19,1997-01-17,1996-12-18,NONE,FOB,ntly along the quick 
45792-4,45792,1777,20,4,17.00,28539.09,0.07,0.07,N,O,1996-12-01,1997-01-04,1996-12-02,NONE,AIR, unusual accounts; slow
45792-5,45792,992,27,5,40.00,75719.60,0.04,0.01,N,O,1996-12-21,1997-01-02,1997-01-01,TAKE BACK RETURN,REG AIR,ly. requests sleep
45792-6,45792,758,23,6,41.00,68008.75,0.05,0.00,N,O,1997-01-27,1996-12-30,1997-02-26,NONE,FOB, ironic theodolites. unusual depo
45793-1,45793,501,92,1,39.00,54658.50,0.07,0.07,N,O,1996-11-06,1996-11-20,1996-11-15,TAKE BACK RETURN,REG AIR,ges. carefully unusual packages sleep 
45793-2,45793,117,18,2,47.00,47804.17,0.01,0.05,N,O,1996-12-17,1996-11-01,1997-01-09,DELIVER IN PERSON,SHIP,ronic accounts. blithely even dolph
45794-1,45794,1188,25,1,38.00,41388.84,0.03,0.06,N,O,1995-10-19,1995-11-21,1995-11-01,COLLECT COD,SHIP,tructions haggle quic
45794-2,45794,855,22,2,26.00,45652.10,0.00,0.02,N,O,1996-01-11,1995-10-27,1996-01-12,NONE,TRUCK,tructions are fluffily. 
45794-3,45794,1336,37,3,23.00,28458.59,0.02,0.00,N,O,1996-01-11,1995-10-31,1996-01-13,TAKE BACK RETURN,FOB,against the foxes wake slyly quickly
45794-4,45794,254,9,4,6.00,6925.50,0.02,0.02,N,O,1995-11-18,1995-11-20,1995-12-08,TAKE BACK RETURN,SHIP,manent packages nag abo
45794-5,45794,1942,87,5,45.00,82977.30,0.05,0.05,N,O,1995-11-30,1995-11-02,1995-12-02,TAKE BACK RETURN,FOB,as. stealthily even requests affix careful
45794-6,45794,1139,12,6,10.00,10401.30,0.07,0.03,N,O,1995-09-27,1995-10-28,1995-09-29,DELIVER IN PERSON,AIR,olites-- regularly final platelets around t
45794-7,45794,684,78,7,29.00,45955.72,0.05,0.06,N,O,1995-11-11,1995-11-13,1995-11-15,TAKE BACK RETURN,MAIL,ly ironic 
45795-1,45795,396,97,1,32.00,41484.48,0.08,0.04,N,O,1998-01-31,1998-03-04,1998-02-21,DELIVER IN PERSON,REG AIR,e the slyly bold foxes cajole abo
45795-2,45795,1813,43,2,38.00,65162.78,0.03,0.04,N,O,1998-03-24,1998-04-06,1998-04-05,DELIVER IN PERSON,SHIP,"gular, ironic accounts. carefully fi"
45795-3,45795,1646,88,3,10.00,15476.40,0.00,0.05,N,O,1998-01-27,1998-02-18,1998-02-06,TAKE BACK RETURN,REG AIR,hely stealthy deposits atop the sp
45795-4,45795,31,57,4,47.00,43758.41,0.10,0.02,N,O,1998-01-24,1998-03-12,1998-01-28,COLLECT COD,AIR,deas cajole furiously above the furiousl
45796-1,45796,535,66,1,30.00,43065.90,0.02,0.08,N,O,1996-02-21,1996-03-05,1996-02-25,COLLECT COD,SHIP,atelets. blithely 
45796-2,45796,845,79,2,20.00,34916.80,0.06,0.01,N,O,1996-03-20,1996-03-14,1996-04-11,COLLECT COD,TRUCK,reful packages wake bli
45796-3,45796,680,43,3,49.00,77453.32,0.03,0.05,N,O,1996-02-22,1996-02-22,1996-03-02,COLLECT COD,AIR, cajole blithely regular accounts. 
45796-4,45796,1205,80,4,18.00,19911.60,0.07,0.08,N,O,1996-05-14,1996-03-24,1996-06-06,COLLECT COD,MAIL,"nic, ironic packages. unusual, "
45797-1,45797,1212,13,1,45.00,50094.45,0.00,0.04,N,O,1997-12-21,1998-02-19,1997-12-26,COLLECT COD,TRUCK, after the carefully even requests ar
45797-2,45797,14,15,2,23.00,21022.23,0.03,0.07,N,O,1998-02-14,1998-01-12,1998-03-03,TAKE BACK RETURN,TRUCK, the carefully final dolphins. blit
45797-3,45797,770,67,3,45.00,75184.65,0.10,0.01,N,O,1998-01-30,1998-02-19,1998-02-16,TAKE BACK RETURN,SHIP,he special deposits: slyly 
45797-4,45797,1770,13,4,29.00,48481.33,0.05,0.04,N,O,1998-02-05,1998-02-13,1998-02-15,TAKE BACK RETURN,RAIL,ccounts. regular dolphin
45797-5,45797,562,53,5,39.00,57039.84,0.03,0.05,N,O,1998-02-25,1998-01-17,1998-03-22,COLLECT COD,REG AIR,its. regular
45798-1,45798,790,91,1,6.00,10144.74,0.06,0.06,A,F,1993-09-24,1993-09-06,1993-10-01,NONE,SHIP,ndle carefully blith
45799-1,45799,920,89,1,10.00,18209.20,0.10,0.08,N,O,1995-09-05,1995-08-14,1995-09-12,NONE,SHIP,ng the bravely final dolphin
45799-2,45799,1798,99,2,41.00,69691.39,0.06,0.01,N,O,1995-06-21,1995-08-14,1995-06-25,NONE,AIR,y pending warthogs. furiously regular 
45799-3,45799,1535,36,3,15.00,21547.95,0.01,0.00,N,O,1995-07-16,1995-07-10,1995-08-04,NONE,MAIL,ackages run furiously a
45799-4,45799,1762,63,4,43.00,71541.68,0.01,0.00,N,O,1995-09-21,1995-07-12,1995-09-27,NONE,SHIP,t packages us
45799-5,45799,79,55,5,4.00,3916.28,0.06,0.00,N,F,1995-06-12,1995-07-21,1995-07-11,NONE,AIR,to the quickly regular foxes integrate 
45799-6,45799,75,51,6,36.00,35102.52,0.08,0.04,N,O,1995-09-26,1995-07-12,1995-10-10,NONE,FOB,nal requests. carefully ironic depth
45824-1,45824,1775,2,1,33.00,55333.41,0.07,0.01,A,F,1994-12-14,1995-02-04,1995-01-03,NONE,RAIL,foxes wake
45824-2,45824,1279,54,2,1.00,1180.27,0.07,0.08,A,F,1995-01-05,1995-02-22,1995-01-17,COLLECT COD,REG AIR, ironic packages haggl
45825-1,45825,1865,52,1,38.00,67140.68,0.06,0.08,R,F,1992-11-14,1992-12-20,1992-12-11,COLLECT COD,REG AIR,manently around the pending asympto
45825-2,45825,946,49,2,10.00,18469.40,0.10,0.06,A,F,1992-11-10,1992-12-29,1992-11-17,TAKE BACK RETURN,FOB, solve about the re
45825-3,45825,362,63,3,50.00,63118.00,0.06,0.02,R,F,1992-11-22,1992-11-12,1992-12-05,DELIVER IN PERSON,RAIL,low packages wake
45825-4,45825,680,74,4,2.00,3161.36,0.01,0.02,A,F,1992-11-21,1992-11-23,1992-11-30,COLLECT COD,FOB, daringly alongside of
45825-5,45825,912,81,5,8.00,14503.28,0.03,0.03,A,F,1992-10-20,1992-11-21,1992-10-23,NONE,REG AIR,tions. deposits dazzle furiou
45825-6,45825,126,79,6,22.00,22574.64,0.05,0.05,R,F,1993-01-13,1992-12-05,1993-01-31,NONE,MAIL,ts cajole regular foxes. express
45826-1,45826,1197,6,1,22.00,24160.18,0.07,0.01,N,O,1997-06-16,1997-07-27,1997-07-05,TAKE BACK RETURN,RAIL,s use. carefully unusual dolphins hagg
45826-2,45826,1157,58,2,25.00,26453.75,0.04,0.02,N,O,1997-07-09,1997-07-09,1997-07-27,COLLECT COD,SHIP,ial excuses detect furiously slyly unusua
45826-3,45826,1514,95,3,31.00,43880.81,0.01,0.04,N,O,1997-06-23,1997-08-11,1997-07-07,DELIVER IN PERSON,MAIL,ess packages doze after the slyly b
45826-4,45826,616,17,4,20.00,30332.20,0.05,0.01,N,O,1997-07-06,1997-07-27,1997-07-11,TAKE BACK RETURN,MAIL,ly among the carefully final sheaves. fur
45827-1,45827,1770,71,1,32.00,53496.64,0.07,0.00,R,F,1992-11-01,1992-10-03,1992-11-22,DELIVER IN PERSON,FOB,ns haggle slyly bold pinto be
45827-2,45827,911,12,2,1.00,1811.91,0.02,0.04,R,F,1992-10-24,1992-10-17,1992-11-06,TAKE BACK RETURN,AIR,e slyly even
45827-3,45827,826,27,3,50.00,86341.00,0.00,0.08,A,F,1992-08-07,1992-10-12,1992-08-21,TAKE BACK RETURN,TRUCK,riously ir
45827-4,45827,410,40,4,19.00,24897.79,0.03,0.01,R,F,1992-09-13,1992-09-11,1992-09-20,TAKE BACK RETURN,SHIP,ckly final accou
45828-1,45828,149,50,1,17.00,17835.38,0.00,0.02,N,O,1997-08-17,1997-08-27,1997-08-26,TAKE BACK RETURN,REG AIR,nal instruction
45828-2,45828,436,24,2,30.00,40092.90,0.03,0.08,N,O,1997-08-22,1997-07-08,1997-09-14,TAKE BACK RETURN,RAIL, requests integrate c
45828-3,45828,238,39,3,43.00,48943.89,0.05,0.06,N,O,1997-07-01,1997-07-16,1997-07-09,TAKE BACK RETURN,RAIL,unts cajole slyly furiously
45828-4,45828,307,92,4,16.00,19316.80,0.00,0.08,N,O,1997-09-28,1997-09-03,1997-10-12,TAKE BACK RETURN,SHIP,ly final theod
45828-5,45828,381,82,5,32.00,41004.16,0.02,0.04,N,O,1997-09-12,1997-07-24,1997-09-16,TAKE BACK RETURN,REG AIR,ructions. special deposits affix bli
45829-1,45829,1292,67,1,45.00,53698.05,0.10,0.00,N,O,1995-06-19,1995-05-07,1995-06-22,TAKE BACK RETURN,FOB, deposits. 
45830-1,45830,285,67,1,40.00,47411.20,0.04,0.04,N,O,1997-10-31,1997-11-27,1997-11-24,DELIVER IN PERSON,SHIP,s wake furiously express package
45830-2,45830,83,59,2,29.00,28509.32,0.06,0.01,N,O,1997-12-04,1998-01-18,1997-12-21,DELIVER IN PERSON,RAIL,furiously regul
45830-3,45830,1192,93,3,40.00,43727.60,0.06,0.06,N,O,1997-10-30,1998-01-05,1997-10-31,NONE,FOB,requests shall wake fluffily bli
45830-4,45830,110,89,4,33.00,33333.63,0.06,0.07,N,O,1998-01-08,1997-11-22,1998-01-20,DELIVER IN PERSON,AIR,uickly ironi
45830-5,45830,393,50,5,32.00,41388.48,0.01,0.06,N,O,1997-12-26,1998-01-13,1998-01-14,NONE,RAIL,ly permanent ideas eat 
45830-6,45830,1708,51,6,45.00,72436.50,0.10,0.05,N,O,1997-11-11,1997-12-20,1997-11-17,TAKE BACK RETURN,MAIL,he silently final pa
45831-1,45831,1273,48,1,1.00,1174.27,0.10,0.06,N,O,1997-06-19,1997-05-22,1997-07-01,NONE,RAIL,jole slyly along 
45831-2,45831,714,11,2,34.00,54900.14,0.03,0.01,N,O,1997-07-04,1997-05-20,1997-08-01,COLLECT COD,SHIP,s integrate above the requests. ironic dolp
45831-3,45831,411,70,3,2.00,2622.82,0.07,0.07,N,O,1997-07-08,1997-07-03,1997-07-16,DELIVER IN PERSON,MAIL,even platelets nag quickly carefully eve
45831-4,45831,1189,62,4,24.00,26164.32,0.08,0.01,N,O,1997-04-19,1997-06-01,1997-05-02,DELIVER IN PERSON,AIR,r the deposit
45856-1,45856,799,100,1,49.00,83289.71,0.03,0.01,N,O,1998-04-29,1998-05-15,1998-05-06,NONE,MAIL,ng the fluffily express accounts? quickl
45856-2,45856,1666,8,2,1.00,1567.66,0.05,0.02,N,O,1998-03-15,1998-04-11,1998-03-16,TAKE BACK RETURN,MAIL,jole quietly after the dependencies. 
45856-3,45856,1071,77,3,48.00,46659.36,0.08,0.00,N,O,1998-05-01,1998-03-24,1998-05-26,TAKE BACK RETURN,REG AIR,ely regular theod
45856-4,45856,376,5,4,15.00,19145.55,0.02,0.08,N,O,1998-05-22,1998-03-30,1998-05-28,COLLECT COD,MAIL,into beans. furiously fina
45856-5,45856,1021,57,5,1.00,922.02,0.01,0.07,N,O,1998-05-07,1998-04-03,1998-05-20,COLLECT COD,TRUCK, accounts cajole express ideas. fu
45856-6,45856,611,5,6,26.00,39301.86,0.02,0.00,N,O,1998-03-07,1998-05-07,1998-04-03,DELIVER IN PERSON,FOB,sual ideas. expr
45857-1,45857,479,67,1,7.00,9656.29,0.09,0.01,N,O,1997-09-09,1997-11-23,1997-10-09,COLLECT COD,TRUCK,blithely accord
45857-2,45857,1400,77,2,48.00,62467.20,0.04,0.05,N,O,1997-12-29,1997-11-16,1998-01-13,DELIVER IN PERSON,TRUCK,he carefully unusu
45858-1,45858,1468,86,1,44.00,60256.24,0.05,0.02,N,O,1996-12-17,1996-12-23,1996-12-27,DELIVER IN PERSON,TRUCK,y even acco
45859-1,45859,514,15,1,42.00,59409.42,0.06,0.03,R,F,1994-02-08,1993-12-19,1994-02-11,DELIVER IN PERSON,REG AIR,hinder quickly across the s
45859-2,45859,493,94,2,22.00,30656.78,0.04,0.04,R,F,1993-12-02,1994-01-03,1993-12-19,NONE,REG AIR,ests. unusual accounts are blithely 
45859-3,45859,1939,28,3,39.00,71796.27,0.05,0.01,A,F,1994-01-16,1993-12-26,1994-01-30,COLLECT COD,SHIP,hin deposits. pinto beans sleep blith
45859-4,45859,493,52,4,50.00,69674.50,0.07,0.04,R,F,1993-11-23,1993-12-11,1993-11-26,DELIVER IN PERSON,RAIL,to the regular hockey players. furiousl
45859-5,45859,601,2,5,24.00,36038.40,0.04,0.05,R,F,1994-01-14,1993-12-30,1994-01-30,TAKE BACK RETURN,RAIL,"e ironic, ironic ideas. ironic req"
45860-1,45860,850,51,1,40.00,70034.00,0.05,0.03,R,F,1992-11-02,1992-10-13,1992-11-20,TAKE BACK RETURN,AIR,ies. furiously even req
45860-2,45860,1190,27,2,46.00,50194.74,0.09,0.03,A,F,1992-11-30,1992-09-26,1992-12-09,TAKE BACK RETURN,AIR,accounts. blithely special theodolite
45860-3,45860,1484,63,3,19.00,26324.12,0.04,0.07,A,F,1992-12-09,1992-10-31,1992-12-11,TAKE BACK RETURN,FOB,instructions serve carefu
45860-4,45860,882,16,4,20.00,35657.60,0.06,0.06,R,F,1992-11-14,1992-11-11,1992-12-14,DELIVER IN PERSON,MAIL,althy instructions. 
45861-1,45861,1257,69,1,19.00,22006.75,0.07,0.00,N,O,1995-10-04,1995-11-16,1995-10-06,COLLECT COD,SHIP,ly permanent excuses detect slyly
45861-2,45861,285,86,2,18.00,21335.04,0.07,0.04,N,O,1995-08-31,1995-10-12,1995-09-26,TAKE BACK RETURN,TRUCK,eposits haggle. furiousl
45861-3,45861,1939,28,3,34.00,62591.62,0.06,0.01,N,O,1995-10-25,1995-09-27,1995-11-01,NONE,TRUCK, wake quick
45861-4,45861,878,12,4,8.00,14230.96,0.07,0.00,N,O,1995-10-28,1995-11-21,1995-11-03,NONE,MAIL,r requests
45862-1,45862,1557,98,1,5.00,7292.75,0.01,0.05,N,O,1997-07-22,1997-09-11,1997-08-11,COLLECT COD,REG AIR,"uickly even, regular deposits. quickly"
45862-2,45862,347,48,2,5.00,6236.70,0.00,0.04,N,O,1997-09-13,1997-08-21,1997-09-16,TAKE BACK RETURN,FOB,s haggle slyl
45862-3,45862,9,10,3,1.00,909.00,0.00,0.02,N,O,1997-07-17,1997-08-19,1997-07-22,COLLECT COD,SHIP,"packages. final, bold dolphins haggle "
45862-4,45862,1156,29,4,9.00,9514.35,0.04,0.05,N,O,1997-08-20,1997-08-23,1997-09-04,NONE,SHIP,against the slyly bold deposits nag i
45862-5,45862,860,60,5,8.00,14086.88,0.07,0.04,N,O,1997-08-19,1997-08-01,1997-08-24,DELIVER IN PERSON,FOB,wake furiously asymptot
45862-6,45862,1046,52,6,4.00,3788.16,0.03,0.01,N,O,1997-08-09,1997-08-11,1997-08-22,COLLECT COD,AIR, ironic accounts are along the p
45863-1,45863,1688,71,1,7.00,11127.76,0.05,0.08,R,F,1993-10-31,1993-12-01,1993-11-18,NONE,MAIL,ns are regular pin
45863-2,45863,1217,18,2,32.00,35782.72,0.06,0.02,R,F,1993-11-15,1993-11-24,1993-12-02,DELIVER IN PERSON,SHIP,ithely according to t
45863-3,45863,1366,81,3,47.00,59565.92,0.00,0.07,A,F,1993-10-14,1993-11-03,1993-10-17,TAKE BACK RETURN,FOB,lphins. special packages about the regu
45888-1,45888,736,1,1,29.00,47465.17,0.04,0.03,R,F,1993-07-30,1993-08-07,1993-08-28,DELIVER IN PERSON,SHIP, pending packages. furious
45888-2,45888,45,71,2,4.00,3780.16,0.02,0.02,A,F,1993-09-30,1993-08-17,1993-10-04,NONE,RAIL, nag carefully fluffily e
45889-1,45889,1399,76,1,48.00,62418.72,0.00,0.02,N,O,1996-04-11,1996-03-06,1996-04-18,NONE,FOB,ual dolphins. pinto beans would are
45889-2,45889,1844,74,2,41.00,71579.44,0.06,0.05,N,O,1996-04-14,1996-04-14,1996-04-29,NONE,AIR,en theodolites hinder. bold depen
45889-3,45889,1407,86,3,22.00,28784.80,0.02,0.08,N,O,1996-04-30,1996-04-09,1996-05-02,DELIVER IN PERSON,REG AIR,"s. fluffily ironic deposits are. bold, pend"
45890-1,45890,1876,63,1,15.00,26668.05,0.01,0.07,N,O,1995-12-04,1995-11-12,1995-12-05,NONE,RAIL, accounts cajole
45891-1,45891,1987,32,1,7.00,13222.86,0.06,0.02,R,F,1992-05-17,1992-07-06,1992-06-01,COLLECT COD,AIR,. quickly bold 
45891-2,45891,1287,99,2,38.00,45154.64,0.07,0.08,R,F,1992-06-13,1992-06-03,1992-06-20,COLLECT COD,RAIL,ial ideas. slyly dar
45891-3,45891,1648,31,3,34.00,52687.76,0.02,0.05,A,F,1992-07-27,1992-06-06,1992-08-26,DELIVER IN PERSON,RAIL,lets are slyl
45891-4,45891,797,98,4,47.00,79796.13,0.05,0.02,R,F,1992-06-23,1992-05-30,1992-07-09,TAKE BACK RETURN,TRUCK,es. pending deposits 
45892-1,45892,512,43,1,17.00,24012.67,0.08,0.07,A,F,1994-08-28,1994-07-24,1994-09-06,DELIVER IN PERSON,REG AIR,ic foxes sle
45893-1,45893,1307,46,1,38.00,45915.40,0.06,0.05,N,O,1995-08-03,1995-08-20,1995-08-30,COLLECT COD,RAIL,ious theodolites. deposits promise fur
45893-2,45893,1316,55,2,18.00,21911.58,0.08,0.07,N,O,1995-09-14,1995-07-11,1995-09-20,COLLECT COD,RAIL,ages. regula
45893-3,45893,476,64,3,40.00,55058.80,0.08,0.03,N,O,1995-07-23,1995-07-05,1995-07-30,DELIVER IN PERSON,TRUCK,s haggle slyly 
45893-4,45893,46,97,4,7.00,6622.28,0.00,0.06,N,O,1995-09-07,1995-07-21,1995-09-19,DELIVER IN PERSON,REG AIR, sleep. ironic accounts hagg
45893-5,45893,1292,4,5,40.00,47731.60,0.05,0.04,N,O,1995-07-18,1995-07-05,1995-07-27,NONE,TRUCK, regular accounts. fluffily 
45893-6,45893,167,46,6,43.00,45887.88,0.08,0.08,N,O,1995-09-24,1995-07-12,1995-10-05,COLLECT COD,REG AIR,ously express instruction
45894-1,45894,1639,81,1,27.00,41597.01,0.07,0.05,N,O,1996-06-26,1996-08-05,1996-07-12,NONE,REG AIR,e blithely regular packages cajo
45895-1,45895,1374,75,1,42.00,53565.54,0.10,0.00,A,F,1994-09-16,1994-07-26,1994-09-25,DELIVER IN PERSON,TRUCK,ly bold accounts bo
45895-2,45895,1616,17,2,43.00,65257.23,0.04,0.01,R,F,1994-09-28,1994-09-15,1994-10-10,COLLECT COD,SHIP,ven ideas. quickly 
45920-1,45920,1902,47,1,38.00,68548.20,0.02,0.06,N,O,1996-08-22,1996-08-26,1996-08-29,TAKE BACK RETURN,TRUCK,ts. quickly even i
45920-2,45920,500,59,2,27.00,37813.50,0.09,0.04,N,O,1996-08-21,1996-09-02,1996-09-03,DELIVER IN PERSON,AIR,fluffily unusual accounts. quickly 
45920-3,45920,1780,23,3,16.00,26908.48,0.01,0.06,N,O,1996-07-14,1996-08-01,1996-08-06,NONE,MAIL, foxes hang furiou
45920-4,45920,1388,65,4,38.00,48996.44,0.03,0.04,N,O,1996-10-08,1996-08-01,1996-10-14,COLLECT COD,REG AIR,the blithely final do
45920-5,45920,769,2,5,50.00,83488.00,0.01,0.00,N,O,1996-09-26,1996-08-12,1996-10-22,NONE,MAIL,counts. express dependenc
45921-1,45921,1834,21,1,41.00,71169.03,0.03,0.00,N,O,1996-03-30,1996-04-02,1996-04-07,TAKE BACK RETURN,MAIL,y unusual foxes are according to the caref
45921-2,45921,1609,92,2,38.00,57402.80,0.04,0.06,N,O,1996-01-10,1996-03-02,1996-01-29,TAKE BACK RETURN,AIR,ructions use above the slyly even p
45922-1,45922,1254,66,1,45.00,51986.25,0.02,0.08,A,F,1994-01-13,1993-12-15,1994-01-28,COLLECT COD,AIR, boost blithely pendi
45922-2,45922,1156,57,2,50.00,52857.50,0.10,0.05,R,F,1993-12-09,1993-12-28,1993-12-18,NONE,REG AIR,ounts use carefully besides the slyly regu
45922-3,45922,707,72,3,11.00,17684.70,0.02,0.05,A,F,1993-11-21,1994-01-14,1993-12-06,DELIVER IN PERSON,AIR,uffily express requests. quickly r
45922-4,45922,944,79,4,35.00,64572.90,0.04,0.04,A,F,1993-11-07,1993-11-19,1993-11-09,TAKE BACK RETURN,MAIL,p. fluffily final
45923-1,45923,904,39,1,23.00,41512.70,0.00,0.04,N,O,1997-03-07,1997-02-20,1997-03-31,DELIVER IN PERSON,TRUCK,he accounts. special pinto beans amo
45923-2,45923,1851,52,2,35.00,61349.75,0.07,0.02,N,O,1997-02-25,1997-03-11,1997-03-07,DELIVER IN PERSON,FOB, the silent escapades could have
45923-3,45923,692,86,3,30.00,47780.70,0.01,0.02,N,O,1997-02-02,1997-04-04,1997-02-22,DELIVER IN PERSON,SHIP,carefully special theodolites. caref
45923-4,45923,919,88,4,16.00,29118.56,0.10,0.04,N,O,1997-02-09,1997-03-22,1997-03-08,NONE,RAIL,instructions. slyl
45923-5,45923,1158,59,5,8.00,8473.20,0.08,0.07,N,O,1997-04-06,1997-03-13,1997-04-21,NONE,FOB,ake carefully above the furiously iron
45923-6,45923,1966,11,6,19.00,35491.24,0.04,0.07,N,O,1997-03-06,1997-03-26,1997-04-05,TAKE BACK RETURN,RAIL,bits haggle around the pend
45924-1,45924,1465,66,1,33.00,45093.18,0.04,0.08,A,F,1994-02-03,1994-03-06,1994-02-05,DELIVER IN PERSON,RAIL,carefully ironic ac
45924-2,45924,1033,34,2,42.00,39229.26,0.09,0.05,R,F,1994-01-20,1994-03-11,1994-01-24,COLLECT COD,REG AIR,s cajole ironically above the
45924-3,45924,967,68,3,20.00,37359.20,0.08,0.04,R,F,1994-02-23,1994-02-14,1994-03-07,COLLECT COD,MAIL,fully sly deposits are fu
45924-4,45924,1208,83,4,28.00,31057.60,0.00,0.03,A,F,1994-04-20,1994-02-01,1994-04-23,COLLECT COD,TRUCK,es bold accounts. quickly 
45924-5,45924,330,31,5,28.00,34449.24,0.01,0.06,R,F,1994-04-16,1994-03-17,1994-05-08,NONE,RAIL,s. careful
45925-1,45925,192,45,1,30.00,32765.70,0.10,0.06,N,O,1996-05-05,1996-05-31,1996-05-21,TAKE BACK RETURN,SHIP,"haggle among the ironic, final package"
45925-2,45925,1564,45,2,11.00,16121.16,0.07,0.01,N,O,1996-07-09,1996-07-11,1996-07-27,COLLECT COD,RAIL,requests was carefully aroun
45926-1,45926,997,32,1,19.00,36061.81,0.03,0.01,R,F,1995-03-17,1995-05-31,1995-03-20,COLLECT COD,SHIP,after the carefully unusua
45926-2,45926,1046,82,2,14.00,13258.56,0.08,0.04,A,F,1995-03-22,1995-04-04,1995-04-02,TAKE BACK RETURN,TRUCK,cross the unusual instructions-- packages 
45926-3,45926,1250,51,3,13.00,14966.25,0.00,0.08,N,O,1995-06-30,1995-05-08,1995-07-11,TAKE BACK RETURN,REG AIR,sleep carefully. furiously even fo
45927-1,45927,1192,65,1,27.00,29516.13,0.09,0.01,R,F,1994-09-27,1994-11-05,1994-10-19,DELIVER IN PERSON,FOB,"lar accounts. final, ironic accoun"
45927-2,45927,695,96,2,11.00,17552.59,0.08,0.02,R,F,1994-11-18,1994-12-06,1994-11-25,TAKE BACK RETURN,MAIL,ffix carefully after the pe
45927-3,45927,1657,81,3,9.00,14027.85,0.02,0.03,R,F,1994-10-31,1994-12-22,1994-11-19,DELIVER IN PERSON,SHIP,arefully alongside of the
45927-4,45927,1323,24,4,27.00,33056.64,0.06,0.04,R,F,1995-01-20,1994-10-28,1995-01-27,COLLECT COD,MAIL,rate with the silen
45927-5,45927,1305,20,5,1.00,1206.30,0.01,0.04,A,F,1994-12-05,1994-12-03,1994-12-20,COLLECT COD,TRUCK,ajole carefu
45927-6,45927,1177,78,6,26.00,28032.42,0.05,0.01,A,F,1994-10-11,1994-11-24,1994-11-02,DELIVER IN PERSON,FOB,y across the carefully exp
45927-7,45927,1931,64,7,8.00,14663.44,0.05,0.08,R,F,1994-12-23,1994-11-12,1995-01-20,COLLECT COD,FOB,equests will are about 
45952-1,45952,1910,11,1,28.00,50733.48,0.03,0.07,N,O,1997-04-19,1997-05-11,1997-05-11,TAKE BACK RETURN,RAIL,tes cajole reque
45952-2,45952,1643,44,2,29.00,44794.56,0.05,0.02,N,O,1997-04-02,1997-04-25,1997-04-07,NONE,FOB, the furiously silent theodolites. e
45952-3,45952,1120,29,3,27.00,27570.24,0.01,0.06,N,O,1997-05-19,1997-05-08,1997-06-11,NONE,RAIL,tructions. regular packages
45952-4,45952,744,77,4,15.00,24671.10,0.02,0.05,N,O,1997-07-02,1997-06-11,1997-07-26,DELIVER IN PERSON,MAIL, pending theodolites. pendi
45952-5,45952,159,60,5,16.00,16946.40,0.04,0.00,N,O,1997-07-18,1997-05-04,1997-08-01,TAKE BACK RETURN,SHIP,ourts nag alongside
45952-6,45952,1126,63,6,35.00,35949.20,0.09,0.02,N,O,1997-07-08,1997-04-24,1997-07-16,DELIVER IN PERSON,RAIL,ages are. carefully fi
45952-7,45952,1559,60,7,25.00,36513.75,0.09,0.08,N,O,1997-04-21,1997-05-25,1997-04-27,COLLECT COD,TRUCK,ss ideas affix. furiously regular packages
45953-1,45953,1324,63,1,31.00,37984.92,0.05,0.08,N,O,1998-08-11,1998-06-20,1998-08-26,COLLECT COD,MAIL, regular ideas sleep a
45954-1,45954,1256,57,1,36.00,41661.00,0.10,0.05,N,O,1998-03-02,1998-02-18,1998-03-07,DELIVER IN PERSON,TRUCK,are quickly furiously ruth
45954-2,45954,978,79,2,7.00,13152.79,0.00,0.07,N,O,1998-02-27,1998-03-08,1998-03-16,COLLECT COD,AIR,sual pinto beans cajole sly
45954-3,45954,413,1,3,32.00,42029.12,0.02,0.03,N,O,1998-04-08,1998-01-29,1998-05-03,DELIVER IN PERSON,RAIL,ss ideas across the foxes breach across 
45955-1,45955,917,52,1,9.00,16361.19,0.06,0.04,N,O,1998-10-12,1998-10-03,1998-10-15,DELIVER IN PERSON,AIR,ly special requests-- blithely re
45956-1,45956,298,53,1,30.00,35948.70,0.00,0.01,N,O,1996-10-11,1996-10-24,1996-10-26,TAKE BACK RETURN,FOB,endencies. carefully pending pinto beans w
45957-1,45957,1580,81,1,38.00,56300.04,0.07,0.06,A,F,1993-12-05,1993-11-18,1993-12-29,TAKE BACK RETURN,MAIL,ly special courts. slyly regular i
45957-2,45957,518,19,2,20.00,28370.20,0.05,0.06,A,F,1993-09-30,1993-11-23,1993-10-07,NONE,TRUCK,beans cajole blit
45957-3,45957,1225,100,3,18.00,20271.96,0.08,0.00,R,F,1993-12-30,1993-11-04,1994-01-18,DELIVER IN PERSON,RAIL,efully. furiously bold ideas nag
45957-4,45957,399,28,4,11.00,14293.29,0.08,0.02,R,F,1993-10-03,1993-11-11,1993-10-13,COLLECT COD,SHIP,uriously regular accounts sleep alongsi
45957-5,45957,1083,54,5,32.00,31490.56,0.01,0.08,A,F,1993-11-23,1993-11-03,1993-12-19,TAKE BACK RETURN,SHIP,eodolites. quick
45958-1,45958,1185,22,1,27.00,29326.86,0.05,0.00,N,O,1995-07-15,1995-07-20,1995-07-31,TAKE BACK RETURN,REG AIR,"ular, regular ideas about the ironic, regu"
45958-2,45958,1867,11,2,3.00,5306.58,0.05,0.05,N,O,1995-09-22,1995-08-19,1995-10-19,COLLECT COD,FOB,ly blithe asymptotes cajo
45958-3,45958,523,14,3,38.00,54093.76,0.01,0.02,N,O,1995-08-09,1995-07-06,1995-08-16,DELIVER IN PERSON,TRUCK,closely bold requests use agains
45958-4,45958,991,92,4,13.00,24595.87,0.06,0.03,N,O,1995-09-03,1995-07-11,1995-09-17,COLLECT COD,REG AIR,le slyly alongside o
45958-5,45958,100,1,5,10.00,10001.00,0.04,0.00,N,O,1995-07-13,1995-08-06,1995-07-23,COLLECT COD,RAIL,", unusual asymptotes. ironic requ"
45959-1,45959,664,58,1,20.00,31293.20,0.03,0.05,A,F,1995-01-15,1995-02-20,1995-02-06,TAKE BACK RETURN,RAIL,s. furiously regula
45959-2,45959,1727,70,2,47.00,76549.84,0.03,0.01,A,F,1995-02-11,1995-01-24,1995-03-03,COLLECT COD,AIR,pendencies. ca
45959-3,45959,492,51,3,11.00,15317.39,0.02,0.04,R,F,1995-01-10,1995-01-10,1995-01-26,COLLECT COD,SHIP,beans. slyly f
45959-4,45959,879,46,4,46.00,81874.02,0.04,0.01,A,F,1995-04-06,1995-01-06,1995-05-04,DELIVER IN PERSON,AIR,equests alon
45959-5,45959,470,71,5,16.00,21927.52,0.04,0.01,R,F,1995-01-12,1995-01-10,1995-01-20,NONE,TRUCK, furiously ironi
45959-6,45959,776,77,6,3.00,5030.31,0.02,0.05,A,F,1995-01-04,1995-02-15,1995-02-02,TAKE BACK RETURN,RAIL,engage? blithely s
45959-7,45959,1179,88,7,48.00,51848.16,0.09,0.02,A,F,1995-03-04,1995-02-28,1995-03-17,NONE,TRUCK,nstructions are slyly blithe
45984-1,45984,1227,65,1,33.00,37231.26,0.10,0.02,A,F,1992-03-27,1992-03-11,1992-04-21,TAKE BACK RETURN,SHIP,the quickly pen
45984-2,45984,831,31,2,23.00,39832.09,0.03,0.06,A,F,1992-05-09,1992-03-06,1992-05-19,NONE,AIR,t blithely about the never regula
45984-3,45984,1696,79,3,24.00,38344.56,0.07,0.05,A,F,1992-02-10,1992-04-05,1992-02-24,TAKE BACK RETURN,RAIL,slyly final accou
45984-4,45984,1417,35,4,7.00,9228.87,0.09,0.04,R,F,1992-04-19,1992-03-09,1992-04-28,TAKE BACK RETURN,AIR,xes. regular accounts integrate
45984-5,45984,1471,89,5,40.00,54898.80,0.07,0.03,R,F,1992-05-06,1992-04-25,1992-05-23,DELIVER IN PERSON,FOB, sleep furiously quick 
45984-6,45984,1723,24,6,9.00,14622.48,0.00,0.07,R,F,1992-05-19,1992-03-10,1992-05-27,COLLECT COD,FOB, unusual braids. pinto beans detect
45985-1,45985,717,82,1,41.00,66326.11,0.02,0.05,N,O,1997-07-07,1997-06-05,1997-07-19,COLLECT COD,AIR,ronic reques
45985-2,45985,1972,61,2,15.00,28109.55,0.03,0.08,N,O,1997-07-21,1997-06-04,1997-08-10,NONE,MAIL, to the furiously unusual pac
45985-3,45985,606,69,3,33.00,49717.80,0.04,0.07,N,O,1997-06-26,1997-05-07,1997-07-15,TAKE BACK RETURN,FOB,hely regular i
45985-4,45985,297,52,4,27.00,32326.83,0.04,0.05,N,O,1997-04-30,1997-05-12,1997-05-02,TAKE BACK RETURN,FOB,lithely. pending platelets haggle blit
45986-1,45986,773,70,1,10.00,16737.70,0.04,0.03,R,F,1995-03-06,1995-02-23,1995-04-05,COLLECT COD,RAIL,blithely ironic theodo
45986-2,45986,501,32,2,13.00,18219.50,0.03,0.07,R,F,1995-01-03,1995-03-15,1995-01-30,COLLECT COD,AIR, dependencies nag furious
45987-1,45987,267,49,1,44.00,51359.44,0.09,0.03,R,F,1994-03-15,1994-05-24,1994-04-01,NONE,MAIL,"y ironic, "
45987-2,45987,370,71,2,34.00,43192.58,0.10,0.02,A,F,1994-05-20,1994-05-03,1994-06-11,NONE,REG AIR,ng the courts. fluffily expres
45987-3,45987,590,51,3,50.00,74529.50,0.10,0.00,R,F,1994-04-26,1994-04-19,1994-05-12,COLLECT COD,RAIL,ackages past the 
45987-4,45987,1380,81,4,16.00,20502.08,0.05,0.03,A,F,1994-05-22,1994-05-23,1994-06-16,COLLECT COD,MAIL,ond the furiously final platele
45987-5,45987,1838,25,5,37.00,64373.71,0.08,0.06,R,F,1994-05-05,1994-05-29,1994-05-20,COLLECT COD,REG AIR,usly final ideas after the quickly ir
45988-1,45988,301,2,1,38.00,45649.40,0.03,0.08,A,F,1994-12-31,1994-11-01,1995-01-24,COLLECT COD,MAIL,s. quickly final deposits are slyly.
45988-2,45988,615,16,2,49.00,74264.89,0.06,0.03,A,F,1994-11-08,1994-10-04,1994-11-22,COLLECT COD,FOB,refully unusual courts along 
45989-1,45989,548,9,1,13.00,18831.02,0.07,0.01,A,F,1993-12-05,1993-09-29,1993-12-30,COLLECT COD,FOB,t the regular accounts. ins
45989-2,45989,1462,41,2,20.00,27269.20,0.04,0.02,R,F,1993-09-11,1993-10-30,1993-09-25,TAKE BACK RETURN,SHIP,en packages cajole. quickly pending pi
45989-3,45989,1260,72,3,31.00,35999.06,0.03,0.01,R,F,1993-11-10,1993-10-08,1993-11-19,DELIVER IN PERSON,RAIL,fully regular 
45990-1,45990,1614,15,1,22.00,33343.42,0.00,0.06,A,F,1994-10-22,1994-11-13,1994-11-15,COLLECT COD,FOB,. fluffily even the
45990-2,45990,671,65,2,33.00,51865.11,0.03,0.07,R,F,1994-09-29,1994-10-17,1994-10-10,TAKE BACK RETURN,AIR,structions. quic
45990-3,45990,1357,34,3,22.00,27683.70,0.01,0.01,R,F,1994-09-23,1994-11-19,1994-10-05,DELIVER IN PERSON,AIR,ely pending packages along t
45991-1,45991,1651,75,1,38.00,59000.70,0.10,0.00,N,F,1995-05-28,1995-04-11,1995-06-19,TAKE BACK RETURN,RAIL,unts sleep blithely above the slyly r
45991-2,45991,152,31,2,31.00,32616.65,0.09,0.04,A,F,1995-03-02,1995-04-29,1995-03-12,TAKE BACK RETURN,FOB,he ironic 
45991-3,45991,1988,33,3,7.00,13229.86,0.00,0.07,A,F,1995-03-04,1995-03-31,1995-03-19,COLLECT COD,RAIL,across the spe
45991-4,45991,510,71,4,29.00,40904.79,0.10,0.03,A,F,1995-03-07,1995-04-06,1995-03-23,DELIVER IN PERSON,MAIL,quickly unus
45991-5,45991,928,97,5,21.00,38407.32,0.02,0.06,R,F,1995-04-13,1995-05-12,1995-04-26,TAKE BACK RETURN,MAIL,old platelets. silent accounts believe slyl
46016-1,46016,1607,49,1,38.00,57326.80,0.08,0.07,A,F,1993-08-23,1993-07-07,1993-09-22,COLLECT COD,SHIP, foxes are according to the ex
46016-2,46016,354,55,2,36.00,45156.60,0.10,0.04,R,F,1993-05-21,1993-07-28,1993-06-10,TAKE BACK RETURN,MAIL,ss theodolites los
46016-3,46016,1067,38,3,10.00,9680.60,0.05,0.08,A,F,1993-07-03,1993-07-30,1993-07-04,DELIVER IN PERSON,RAIL,iously ironic reques
46016-4,46016,278,79,4,23.00,27100.21,0.06,0.08,A,F,1993-07-04,1993-06-29,1993-07-22,COLLECT COD,SHIP,ts. fluffily ironic frets cajole. ev
46016-5,46016,1170,43,5,45.00,48202.65,0.10,0.05,A,F,1993-08-27,1993-08-09,1993-09-12,TAKE BACK RETURN,SHIP,nto beans cajole. ironic the
46016-6,46016,708,73,6,32.00,51478.40,0.04,0.01,A,F,1993-08-25,1993-07-01,1993-09-22,DELIVER IN PERSON,RAIL,express platelets. blithely speci
46017-1,46017,970,5,1,20.00,37419.40,0.07,0.04,R,F,1992-03-15,1992-04-27,1992-04-14,TAKE BACK RETURN,MAIL,te furiously 
46017-2,46017,1402,42,2,32.00,41708.80,0.04,0.05,R,F,1992-06-06,1992-04-26,1992-07-03,COLLECT COD,TRUCK,sts against the carefully final accounts 
46017-3,46017,1196,69,3,23.00,25235.37,0.01,0.02,R,F,1992-04-02,1992-03-19,1992-04-16,TAKE BACK RETURN,RAIL, ironic asymp
46017-4,46017,1402,42,4,40.00,52136.00,0.00,0.00,R,F,1992-04-18,1992-04-02,1992-05-11,DELIVER IN PERSON,MAIL,quickly. blithely final accounts ar
46018-1,46018,293,21,1,5.00,5966.45,0.08,0.00,A,F,1994-09-17,1994-11-10,1994-09-26,NONE,MAIL,special depths wake slyly. regularly
46019-1,46019,864,65,1,40.00,70594.40,0.01,0.00,N,O,1997-09-14,1997-09-25,1997-09-27,DELIVER IN PERSON,REG AIR,ometimes special deposits sleep 
46019-2,46019,825,26,2,3.00,5177.46,0.01,0.05,N,O,1997-09-11,1997-10-15,1997-10-11,COLLECT COD,SHIP,ly among the 
46019-3,46019,429,59,3,47.00,62482.74,0.05,0.04,N,O,1997-08-16,1997-09-22,1997-09-12,DELIVER IN PERSON,FOB,til the bo
46020-1,46020,654,48,1,23.00,35756.95,0.07,0.06,N,O,1997-05-08,1997-05-10,1997-05-27,DELIVER IN PERSON,AIR,gular theodolites detect even p
46020-2,46020,1584,65,2,8.00,11884.64,0.02,0.04,N,O,1997-04-07,1997-05-04,1997-05-06,DELIVER IN PERSON,SHIP,thely silent frets. carefully bo
46020-3,46020,563,54,3,15.00,21953.40,0.04,0.04,N,O,1997-05-13,1997-04-19,1997-05-16,COLLECT COD,FOB,onic requests a
46020-4,46020,853,54,4,16.00,28061.60,0.00,0.04,N,O,1997-05-08,1997-04-13,1997-05-22,NONE,RAIL, theodolites wake
46020-5,46020,1130,3,5,15.00,15466.95,0.03,0.02,N,O,1997-05-25,1997-05-21,1997-05-30,DELIVER IN PERSON,RAIL, to the carefully thin accounts.
46020-6,46020,702,35,6,33.00,52889.10,0.09,0.04,N,O,1997-04-10,1997-05-16,1997-05-10,DELIVER IN PERSON,REG AIR,side of the furiously ironic package
46020-7,46020,148,75,7,18.00,18866.52,0.07,0.07,N,O,1997-03-11,1997-04-14,1997-03-15,TAKE BACK RETURN,MAIL,into beans nag furiously. requests boo
46021-1,46021,541,42,1,35.00,50453.90,0.10,0.07,A,F,1994-04-16,1994-04-11,1994-04-19,COLLECT COD,TRUCK,ep. ironic accounts cajol
46021-2,46021,1260,61,2,18.00,20902.68,0.10,0.08,R,F,1994-06-09,1994-04-20,1994-06-25,NONE,FOB,bove the furiously e
46022-1,46022,1384,85,1,27.00,34705.26,0.06,0.04,N,O,1997-09-06,1997-10-31,1997-09-29,NONE,AIR,s boost carefully pinto beans. 
46022-2,46022,40,16,2,37.00,34781.48,0.05,0.07,N,O,1997-11-18,1997-12-03,1997-11-21,NONE,SHIP,endencies shall have t
46022-3,46022,142,69,3,44.00,45854.16,0.10,0.06,N,O,1997-11-09,1997-10-12,1997-11-27,TAKE BACK RETURN,REG AIR,f the carefully final req
46022-4,46022,5,56,4,34.00,30770.00,0.08,0.00,N,O,1997-11-15,1997-11-04,1997-12-04,DELIVER IN PERSON,AIR, final deposits wake slyly. fur
46023-1,46023,1975,76,1,40.00,75078.80,0.02,0.04,R,F,1992-06-21,1992-05-24,1992-07-07,NONE,MAIL, accounts. express forges affix slyly: expr
46023-2,46023,291,92,2,35.00,41695.15,0.06,0.06,R,F,1992-04-28,1992-05-29,1992-05-23,NONE,TRUCK,r accounts. packages affix. 
46023-3,46023,1466,6,3,11.00,15042.06,0.04,0.06,A,F,1992-05-27,1992-06-17,1992-06-16,TAKE BACK RETURN,AIR,ect quickly caref
46023-4,46023,987,56,4,17.00,32095.66,0.06,0.02,R,F,1992-03-26,1992-05-31,1992-04-08,NONE,REG AIR,posits use stealthily b
46023-5,46023,1261,62,5,4.00,4649.04,0.03,0.08,R,F,1992-05-04,1992-06-08,1992-05-16,COLLECT COD,FOB,ld accounts wake fluffily. slyly 
46048-1,46048,319,4,1,7.00,8535.17,0.08,0.08,R,F,1993-02-26,1993-02-03,1993-03-27,NONE,MAIL,rave accounts cajole slyly at t
46048-2,46048,1745,72,2,14.00,23054.36,0.09,0.02,R,F,1992-12-21,1993-02-24,1992-12-23,TAKE BACK RETURN,RAIL,rding to t
46048-3,46048,654,55,3,35.00,54412.75,0.10,0.01,R,F,1993-01-25,1993-02-04,1993-01-28,DELIVER IN PERSON,FOB, alongside of the 
46048-4,46048,1544,45,4,39.00,56376.06,0.07,0.03,R,F,1993-04-07,1993-02-02,1993-04-12,COLLECT COD,SHIP,s. fluffily dogged accounts accord
46048-5,46048,1340,79,5,28.00,34757.52,0.09,0.03,A,F,1993-03-14,1993-02-26,1993-04-10,NONE,TRUCK, express tithes. carefully stealth
46049-1,46049,1912,45,1,22.00,39906.02,0.06,0.06,A,F,1992-07-11,1992-07-19,1992-07-20,TAKE BACK RETURN,REG AIR,deas. slyly regular packages s
46049-2,46049,1082,53,2,31.00,30475.48,0.06,0.08,R,F,1992-08-21,1992-07-25,1992-08-25,DELIVER IN PERSON,TRUCK,ccording t
46049-3,46049,1312,13,3,30.00,36399.30,0.02,0.01,R,F,1992-08-11,1992-06-26,1992-08-28,COLLECT COD,REG AIR,ss the ironic package
46050-1,46050,386,15,1,35.00,45023.30,0.01,0.01,R,F,1993-05-01,1993-02-12,1993-05-29,COLLECT COD,RAIL,s sleep according to t
46050-2,46050,928,29,2,4.00,7315.68,0.09,0.05,A,F,1993-03-27,1993-03-06,1993-04-21,NONE,FOB,ly bold requests. instructions haggle fur
46050-3,46050,1735,36,3,36.00,58922.28,0.04,0.07,A,F,1993-05-03,1993-03-04,1993-05-05,COLLECT COD,FOB,egular requests mold blithely 
46050-4,46050,1691,74,4,37.00,58929.53,0.05,0.05,A,F,1993-01-27,1993-03-11,1993-02-09,TAKE BACK RETURN,TRUCK,ideas ough
46050-5,46050,873,40,5,47.00,83371.89,0.07,0.05,R,F,1993-01-31,1993-03-31,1993-02-26,NONE,AIR,ets snooze. ironic pinto beans affi
46050-6,46050,235,17,6,24.00,27245.52,0.08,0.01,R,F,1993-03-15,1993-02-24,1993-03-30,DELIVER IN PERSON,SHIP,ravely final depos
46051-1,46051,1167,40,1,17.00,18158.72,0.08,0.01,N,O,1998-02-26,1998-03-11,1998-03-09,TAKE BACK RETURN,SHIP,theodolites. furiously express
46052-1,46052,1065,1,1,47.00,45404.82,0.00,0.04,R,F,1995-03-15,1994-12-31,1995-03-21,TAKE BACK RETURN,FOB,ular requests x-ray quickly among the s
46052-2,46052,512,13,2,14.00,19775.14,0.01,0.07,A,F,1995-02-17,1995-02-03,1995-02-26,COLLECT COD,FOB,ckages. fluffily final requests doze furi
46052-3,46052,651,45,3,38.00,58962.70,0.00,0.01,R,F,1994-12-21,1995-02-14,1995-01-05,NONE,FOB,. carefully regular notornis are carefully
46052-4,46052,445,75,4,5.00,6727.20,0.07,0.03,A,F,1994-12-07,1995-02-09,1995-01-03,NONE,FOB,equests. blithely express pinto beans slee
46052-5,46052,547,38,5,17.00,24608.18,0.00,0.03,A,F,1995-03-20,1995-01-25,1995-03-21,COLLECT COD,SHIP,sits-- quickly even packages according to
46052-6,46052,1078,14,6,40.00,39162.80,0.06,0.04,A,F,1995-01-08,1995-02-11,1995-01-17,NONE,MAIL,uriously bold foxes above the quickly
46053-1,46053,1309,10,1,19.00,22995.70,0.02,0.00,A,F,1992-12-22,1992-12-04,1993-01-14,TAKE BACK RETURN,REG AIR,s. final pint
46053-2,46053,1127,36,2,33.00,33927.96,0.10,0.02,A,F,1992-10-04,1992-11-25,1992-10-22,COLLECT COD,RAIL,leep blithely final r
46053-3,46053,1363,40,3,6.00,7586.16,0.08,0.02,R,F,1992-10-07,1992-10-26,1992-10-10,NONE,MAIL,ependencies.
46053-4,46053,1095,1,4,19.00,18925.71,0.09,0.01,R,F,1993-01-11,1992-12-10,1993-02-08,COLLECT COD,FOB, requests could have
46054-1,46054,1287,88,1,50.00,59414.00,0.04,0.03,R,F,1993-04-01,1993-01-01,1993-04-10,COLLECT COD,MAIL,requests snooze: e
46054-2,46054,1614,15,2,50.00,75780.50,0.04,0.08,A,F,1992-12-23,1993-01-21,1993-01-02,COLLECT COD,MAIL,s. quickly final
46055-1,46055,1967,68,1,31.00,57937.76,0.00,0.05,R,F,1992-07-10,1992-07-23,1992-08-06,DELIVER IN PERSON,MAIL," carefully express, silen"
46055-2,46055,1734,19,2,30.00,49071.90,0.01,0.02,A,F,1992-08-27,1992-07-25,1992-09-18,COLLECT COD,REG AIR,carefully carefully ironic pinto beans. car
46055-3,46055,465,95,3,47.00,64176.62,0.00,0.07,A,F,1992-08-24,1992-08-20,1992-08-30,DELIVER IN PERSON,RAIL,es boost slyly bli
46055-4,46055,1890,91,4,16.00,28670.24,0.01,0.05,A,F,1992-09-30,1992-07-12,1992-10-07,DELIVER IN PERSON,RAIL,ideas affix slyly ironic instructions
46055-5,46055,345,74,5,13.00,16189.42,0.00,0.05,R,F,1992-07-31,1992-08-29,1992-08-16,NONE,TRUCK,. blithely ironic packages are 
46055-6,46055,300,1,6,14.00,16804.20,0.01,0.08,R,F,1992-06-19,1992-08-03,1992-07-08,NONE,FOB,s asymptotes haggle above th
46055-7,46055,232,33,7,48.00,54347.04,0.07,0.02,R,F,1992-07-10,1992-08-07,1992-08-02,NONE,FOB,special platele
46080-1,46080,1812,13,1,33.00,56555.73,0.02,0.05,N,O,1997-10-18,1997-12-03,1997-11-04,DELIVER IN PERSON,MAIL,ng packages sl
46080-2,46080,376,33,2,31.00,39567.47,0.05,0.01,N,O,1997-10-14,1997-11-07,1997-10-23,TAKE BACK RETURN,AIR,riously. pinto beans
46080-3,46080,1065,1,3,27.00,26083.62,0.01,0.07,N,O,1997-09-27,1997-11-28,1997-10-04,COLLECT COD,FOB,lyly along t
46080-4,46080,614,46,4,48.00,72701.28,0.01,0.05,N,O,1997-12-15,1997-11-04,1998-01-06,COLLECT COD,REG AIR, cajole carefully regular requ
46081-1,46081,877,44,1,31.00,55113.97,0.03,0.03,R,F,1992-07-10,1992-08-19,1992-07-17,COLLECT COD,FOB,s. furiously special i
46081-2,46081,788,89,2,21.00,35464.38,0.01,0.00,A,F,1992-08-21,1992-08-15,1992-09-05,TAKE BACK RETURN,TRUCK,thely final a
46081-3,46081,735,68,3,42.00,68700.66,0.09,0.00,A,F,1992-07-17,1992-08-08,1992-07-18,NONE,TRUCK,packages about the warhor
46082-1,46082,227,82,1,47.00,52979.34,0.09,0.02,N,O,1998-04-03,1998-05-03,1998-04-20,TAKE BACK RETURN,FOB,fluffily; close requests cajol
46082-2,46082,829,30,2,1.00,1729.82,0.08,0.04,N,O,1998-05-27,1998-05-24,1998-06-15,TAKE BACK RETURN,MAIL,eposits lose furiously. 
46082-3,46082,492,93,3,1.00,1392.49,0.05,0.01,N,O,1998-05-25,1998-05-20,1998-06-04,COLLECT COD,MAIL,"s nag. even, regular accounts wake "
46082-4,46082,1539,80,4,23.00,33132.19,0.00,0.00,N,O,1998-03-11,1998-04-13,1998-03-13,COLLECT COD,MAIL, the fluffily special asymptotes. 
46082-5,46082,348,49,5,47.00,58671.98,0.05,0.03,N,O,1998-05-03,1998-04-25,1998-05-14,TAKE BACK RETURN,SHIP, even deposits. packages believe sly
46082-6,46082,30,6,6,14.00,13020.42,0.04,0.07,N,O,1998-04-27,1998-05-05,1998-05-03,DELIVER IN PERSON,RAIL, accounts sleep despite the bold requests
46082-7,46082,837,37,7,21.00,36494.43,0.00,0.07,N,O,1998-05-12,1998-05-18,1998-06-11,NONE,FOB,g instructions s
46083-1,46083,1709,10,1,43.00,69260.10,0.10,0.03,A,F,1993-11-11,1993-10-27,1993-11-18,NONE,TRUCK,according to the special deposits hang
46084-1,46084,1906,39,1,20.00,36158.00,0.02,0.08,N,O,1997-12-31,1997-10-17,1998-01-12,COLLECT COD,TRUCK, wake. blithely ironic
46084-2,46084,1706,33,2,6.00,9646.20,0.05,0.06,N,O,1997-10-12,1997-11-03,1997-10-16,COLLECT COD,REG AIR,elets nag fluffily about the final reque
46084-3,46084,963,66,3,39.00,72694.44,0.03,0.04,N,O,1997-10-03,1997-11-10,1997-10-09,TAKE BACK RETURN,FOB, pending the
46085-1,46085,382,11,1,48.00,61554.24,0.04,0.03,R,F,1992-05-01,1992-03-01,1992-05-18,NONE,AIR,fily silent requests 
46085-2,46085,1453,71,2,37.00,50114.65,0.08,0.05,R,F,1992-03-30,1992-03-05,1992-04-28,DELIVER IN PERSON,TRUCK," the ironic, ironic tithes use fl"
46085-3,46085,1895,96,3,17.00,30547.13,0.01,0.06,A,F,1992-04-07,1992-03-04,1992-04-22,TAKE BACK RETURN,RAIL,ar requests cajole furiously alongside
46086-1,46086,1973,62,1,19.00,35624.43,0.06,0.01,N,O,1995-11-23,1995-12-15,1995-11-30,COLLECT COD,MAIL,equests above the blithely even packages 
46087-1,46087,1708,93,1,1.00,1609.70,0.04,0.03,N,O,1996-02-20,1996-01-18,1996-03-13,TAKE BACK RETURN,REG AIR,packages detect carefully. carefu
46112-1,46112,1460,61,1,11.00,14976.06,0.00,0.07,A,F,1993-01-10,1992-11-15,1993-01-17,COLLECT COD,FOB,efully ironic warthogs x-ray ac
46112-2,46112,1946,79,2,11.00,20327.34,0.08,0.00,A,F,1993-01-07,1992-12-12,1993-01-11,NONE,SHIP,ithely express instructions. furiously r
46112-3,46112,914,83,3,11.00,19964.01,0.05,0.04,R,F,1992-11-24,1992-11-19,1992-12-12,NONE,RAIL,ng deposits
46113-1,46113,133,60,1,17.00,17563.21,0.10,0.04,R,F,1995-01-16,1995-01-24,1995-01-17,NONE,TRUCK,ns are blit
46113-2,46113,1217,18,2,4.00,4472.84,0.07,0.08,R,F,1995-03-29,1995-02-05,1995-04-21,COLLECT COD,MAIL, regular pint
46113-3,46113,196,97,3,29.00,31789.51,0.10,0.05,A,F,1995-03-03,1995-01-13,1995-03-10,DELIVER IN PERSON,FOB,y fluffy packages wake sly
46113-4,46113,1597,18,4,48.00,71932.32,0.06,0.05,A,F,1995-01-23,1995-02-08,1995-02-16,TAKE BACK RETURN,REG AIR,uctions. slyly regular dep
46113-5,46113,1402,20,5,2.00,2606.80,0.09,0.04,R,F,1995-04-01,1995-01-17,1995-04-06,DELIVER IN PERSON,RAIL,carefully ironic ideas sleep among 
46114-1,46114,1102,75,1,14.00,14043.40,0.08,0.00,N,O,1997-08-29,1997-08-25,1997-09-09,NONE,FOB,riously pending 
46114-2,46114,660,54,2,27.00,42137.82,0.01,0.03,N,O,1997-10-16,1997-09-05,1997-10-17,NONE,FOB,ar foxes-- carefull
46115-1,46115,1369,8,1,49.00,62247.64,0.10,0.08,A,F,1995-04-28,1995-04-19,1995-05-02,COLLECT COD,FOB,lar packages around the packages 
46115-2,46115,471,72,2,43.00,58973.21,0.03,0.02,R,F,1995-03-23,1995-05-19,1995-04-05,DELIVER IN PERSON,MAIL,efully bold deposits.
46115-3,46115,1417,96,3,18.00,23731.38,0.09,0.02,A,F,1995-03-12,1995-05-27,1995-03-13,TAKE BACK RETURN,FOB,ajole. silently express courts sleep furio
46115-4,46115,1474,75,4,28.00,38513.16,0.10,0.05,A,F,1995-05-10,1995-04-02,1995-06-01,COLLECT COD,AIR,detect special theodolites. exp
46115-5,46115,874,75,5,46.00,81644.02,0.04,0.07,N,F,1995-06-01,1995-05-15,1995-06-18,TAKE BACK RETURN,FOB,eposits wake. carefully regular 
46115-6,46115,808,75,6,26.00,44428.80,0.04,0.06,N,O,1995-06-19,1995-05-13,1995-06-27,COLLECT COD,FOB,ly. perman
46116-1,46116,1969,70,1,5.00,9354.80,0.07,0.02,A,F,1995-03-09,1995-03-10,1995-03-24,NONE,SHIP,ix boldly final accounts. accounts wake 
46116-2,46116,1979,80,2,15.00,28214.55,0.07,0.03,A,F,1995-04-30,1995-03-28,1995-05-17,NONE,REG AIR,c instruction
46116-3,46116,1056,92,3,6.00,5742.30,0.06,0.07,R,F,1995-04-26,1995-03-23,1995-05-09,NONE,REG AIR,". final, unusual deposits use carefully b"
46116-4,46116,1690,73,4,47.00,74809.43,0.05,0.04,R,F,1995-02-11,1995-02-16,1995-02-15,NONE,TRUCK,ultipliers. 
46116-5,46116,1426,44,5,40.00,53096.80,0.07,0.03,R,F,1995-03-31,1995-02-16,1995-04-25,DELIVER IN PERSON,TRUCK,blithely pending somas maintain furiously 
46116-6,46116,1593,14,6,37.00,55299.83,0.02,0.06,R,F,1995-01-14,1995-04-08,1995-01-19,NONE,REG AIR,", ironic the"
46117-1,46117,1318,57,1,29.00,35359.99,0.04,0.08,N,O,1995-08-26,1995-07-02,1995-09-09,NONE,MAIL,dolites according to the even inst
46117-2,46117,741,38,2,37.00,60744.38,0.08,0.05,N,O,1995-07-31,1995-08-10,1995-08-08,TAKE BACK RETURN,REG AIR, cajole blithely f
46118-1,46118,461,49,1,11.00,14976.06,0.06,0.00,N,O,1997-08-02,1997-06-09,1997-08-22,DELIVER IN PERSON,MAIL,"requests. ironic, regular platelet"
46118-2,46118,204,59,2,46.00,50793.20,0.03,0.00,N,O,1997-07-12,1997-07-01,1997-08-06,TAKE BACK RETURN,SHIP,equests impress. ruthlessly permanent dep
46118-3,46118,60,11,3,44.00,42242.64,0.01,0.05,N,O,1997-06-11,1997-06-29,1997-07-05,DELIVER IN PERSON,TRUCK,longside of th
46118-4,46118,1415,33,4,19.00,25011.79,0.02,0.05,N,O,1997-04-28,1997-06-07,1997-05-06,NONE,AIR,fily fluffy dolphins are be
46118-5,46118,1774,75,5,50.00,83788.50,0.02,0.07,N,O,1997-06-16,1997-05-31,1997-06-18,TAKE BACK RETURN,RAIL,. regular deposits wak
46118-6,46118,1694,77,6,27.00,43083.63,0.06,0.03,N,O,1997-04-22,1997-06-03,1997-05-02,COLLECT COD,FOB,ctions sleep fluffil
46118-7,46118,563,54,7,17.00,24880.52,0.08,0.01,N,O,1997-07-16,1997-07-10,1997-08-08,NONE,SHIP,ages. fluffily regular deposits grow q
46119-1,46119,1972,17,1,10.00,18739.70,0.08,0.04,R,F,1994-04-27,1994-05-02,1994-04-29,DELIVER IN PERSON,SHIP, ideas nag furiously. stealthi
46119-2,46119,929,98,2,50.00,91496.00,0.05,0.08,A,F,1994-04-26,1994-05-15,1994-05-01,DELIVER IN PERSON,RAIL,kages. blithely fin
46119-3,46119,174,53,3,41.00,44040.97,0.05,0.03,R,F,1994-02-28,1994-04-27,1994-03-03,COLLECT COD,RAIL,ts grow blithely.
46119-4,46119,1779,80,4,15.00,25211.55,0.02,0.06,R,F,1994-05-21,1994-03-21,1994-05-29,DELIVER IN PERSON,MAIL,ctions. carefully silent pac
46119-5,46119,1732,17,5,42.00,68616.66,0.09,0.01,R,F,1994-03-22,1994-05-07,1994-04-06,TAKE BACK RETURN,FOB,ess attainm
46119-6,46119,920,89,6,19.00,34597.48,0.08,0.01,R,F,1994-03-08,1994-05-03,1994-04-03,COLLECT COD,FOB,sy theodolites poach furiously about the 
46144-1,46144,978,81,1,12.00,22547.64,0.00,0.00,R,F,1993-03-14,1993-02-28,1993-04-04,DELIVER IN PERSON,FOB,rding to the de
46144-2,46144,1691,33,2,47.00,74856.43,0.02,0.02,R,F,1993-03-16,1993-01-12,1993-03-18,TAKE BACK RETURN,MAIL,quests boost c
46145-1,46145,163,42,1,17.00,18073.72,0.06,0.06,N,O,1997-02-04,1997-03-08,1997-03-06,NONE,TRUCK,lar instructions are fluffily alo
46145-2,46145,1036,37,2,43.00,40292.29,0.00,0.05,N,O,1997-05-07,1997-03-22,1997-05-27,COLLECT COD,SHIP, slyly final inst
46145-3,46145,1057,28,3,35.00,33531.75,0.07,0.00,N,O,1997-04-17,1997-03-22,1997-05-11,TAKE BACK RETURN,SHIP,lithely even deposits are 
46146-1,46146,496,84,1,35.00,48877.15,0.02,0.02,N,O,1997-12-28,1997-11-22,1998-01-27,TAKE BACK RETURN,REG AIR,grow quickly around the regul
46146-2,46146,1497,37,2,19.00,26571.31,0.02,0.06,N,O,1997-10-11,1997-12-01,1997-10-14,TAKE BACK RETURN,MAIL,al accounts use furiously sl
46146-3,46146,979,82,3,13.00,24439.61,0.07,0.07,N,O,1997-10-09,1997-10-26,1997-10-28,DELIVER IN PERSON,REG AIR," instructions. bold, express accoun"
46147-1,46147,796,61,1,6.00,10180.74,0.03,0.07,R,F,1995-03-26,1995-04-09,1995-04-18,NONE,AIR,", final packages wake carefully blit"
46147-2,46147,376,77,2,32.00,40843.84,0.05,0.08,A,F,1995-01-28,1995-04-07,1995-01-30,COLLECT COD,REG AIR,platelets b
46147-3,46147,1628,52,3,34.00,52007.08,0.04,0.03,A,F,1995-03-09,1995-02-20,1995-03-25,TAKE BACK RETURN,TRUCK,uffily special pack
46147-4,46147,1274,86,4,10.00,11752.70,0.00,0.06,A,F,1995-03-15,1995-03-29,1995-03-16,TAKE BACK RETURN,TRUCK,"ttainments wake even, ironic orbits--"
46147-5,46147,491,92,5,26.00,36178.74,0.01,0.01,R,F,1995-04-26,1995-04-03,1995-05-07,TAKE BACK RETURN,AIR,yly even deposits. blithely pending re
46147-6,46147,1748,33,6,32.00,52791.68,0.02,0.06,R,F,1995-02-03,1995-04-12,1995-02-20,NONE,AIR,encies nag quickly u
46148-1,46148,291,92,1,4.00,4765.16,0.05,0.05,N,O,1997-07-10,1997-07-02,1997-07-29,NONE,FOB,s after the blithely fina
46148-2,46148,1184,57,2,37.00,40151.66,0.09,0.08,N,O,1997-07-03,1997-08-12,1997-07-20,DELIVER IN PERSON,SHIP, regular reques
46149-1,46149,566,57,1,16.00,23464.96,0.10,0.06,N,O,1996-06-03,1996-07-23,1996-06-30,NONE,SHIP,uctions cajole sile
46149-2,46149,703,36,2,10.00,16037.00,0.08,0.01,N,O,1996-06-11,1996-08-11,1996-07-02,DELIVER IN PERSON,TRUCK,nts wake carefully. ca
46150-1,46150,14,40,1,39.00,35646.39,0.10,0.05,A,F,1993-05-05,1993-04-22,1993-05-07,TAKE BACK RETURN,AIR, about the
46151-1,46151,647,10,1,25.00,38691.00,0.00,0.03,R,F,1994-12-10,1994-12-25,1994-12-18,TAKE BACK RETURN,TRUCK,nag alongside of the quickly even th
46151-2,46151,1034,35,2,28.00,26180.84,0.03,0.01,A,F,1995-01-28,1995-01-23,1995-02-23,COLLECT COD,RAIL,refully bol
46151-3,46151,1289,64,3,22.00,26186.16,0.02,0.04,R,F,1995-02-24,1994-12-13,1995-03-12,DELIVER IN PERSON,RAIL,according to the quickly bold deposits. s
46151-4,46151,697,60,4,20.00,31953.80,0.08,0.04,R,F,1994-11-27,1994-12-12,1994-12-12,DELIVER IN PERSON,REG AIR,ding deposits
46151-5,46151,227,55,5,29.00,32689.38,0.04,0.07,A,F,1995-01-27,1995-01-03,1995-02-23,COLLECT COD,RAIL,carefully ironic foxes. slyly even ideas
46151-6,46151,1828,15,6,6.00,10378.92,0.00,0.00,A,F,1994-12-29,1995-02-01,1995-01-18,TAKE BACK RETURN,AIR, ironic accounts. ca
46151-7,46151,853,87,7,30.00,52615.50,0.00,0.01,R,F,1995-01-12,1995-01-04,1995-02-02,TAKE BACK RETURN,RAIL,ly idle foxes cajole against the furi
46176-1,46176,1701,86,1,33.00,52889.10,0.07,0.08,N,O,1997-10-02,1997-11-28,1997-10-25,NONE,AIR,olites: hockey players are blithely fur
46176-2,46176,790,55,2,16.00,27052.64,0.08,0.07,N,O,1997-11-17,1997-11-21,1997-12-06,COLLECT COD,REG AIR,usual requests. blithely regular ideas
46177-1,46177,1021,27,1,28.00,25816.56,0.01,0.02,R,F,1994-02-05,1994-01-27,1994-02-22,TAKE BACK RETURN,REG AIR,"f the final, regular p"
46177-2,46177,791,92,2,20.00,33835.80,0.09,0.05,A,F,1993-12-25,1994-01-23,1994-01-15,DELIVER IN PERSON,SHIP, quickly speci
46177-3,46177,1612,95,3,2.00,3027.22,0.04,0.08,A,F,1994-02-07,1994-01-05,1994-03-04,TAKE BACK RETURN,REG AIR, foxes up the pinto beans integrate car
46177-4,46177,279,80,4,28.00,33019.56,0.07,0.05,R,F,1994-03-05,1994-01-16,1994-03-07,NONE,AIR,fully final d
46177-5,46177,1369,46,5,31.00,39381.16,0.07,0.04,R,F,1993-12-10,1994-02-13,1994-01-06,COLLECT COD,AIR,s of the slyly final pinto beans int
46177-6,46177,56,82,6,31.00,29637.55,0.07,0.05,R,F,1994-03-04,1994-02-16,1994-03-24,DELIVER IN PERSON,TRUCK, slyly regular 
46177-7,46177,1543,24,7,38.00,54892.52,0.05,0.04,R,F,1994-01-20,1994-02-21,1994-01-27,TAKE BACK RETURN,SHIP,quickly pending sheaves
46178-1,46178,1099,5,1,48.00,48004.32,0.02,0.02,N,O,1996-03-10,1996-04-06,1996-04-09,DELIVER IN PERSON,SHIP,"final, ironic as"
46178-2,46178,700,63,2,12.00,19208.40,0.01,0.04,N,O,1996-06-02,1996-05-04,1996-06-29,NONE,REG AIR,es play blith
46178-3,46178,1227,28,3,48.00,54154.56,0.00,0.03,N,O,1996-04-13,1996-05-01,1996-04-24,TAKE BACK RETURN,REG AIR,ckages cajole furiously r
46179-1,46179,62,13,1,30.00,28861.80,0.05,0.00,N,O,1998-08-30,1998-09-19,1998-09-19,DELIVER IN PERSON,TRUCK,al excuses cajole quic
46179-2,46179,1551,92,2,26.00,37766.30,0.04,0.05,N,O,1998-07-31,1998-09-23,1998-08-08,COLLECT COD,MAIL,excuses into the s
46180-1,46180,902,5,1,21.00,37860.90,0.00,0.06,N,O,1997-11-06,1997-10-18,1997-11-20,COLLECT COD,MAIL,ously final ideas. furiously express saut
46180-2,46180,1632,56,2,37.00,56744.31,0.08,0.00,N,O,1997-08-07,1997-09-24,1997-08-26,TAKE BACK RETURN,SHIP,to beans nag 
46180-3,46180,1872,2,3,31.00,54989.97,0.09,0.05,N,O,1997-09-12,1997-08-27,1997-10-08,NONE,RAIL,elets cajole caref
46180-4,46180,1597,98,4,13.00,19481.67,0.00,0.01,N,O,1997-10-28,1997-09-19,1997-11-13,TAKE BACK RETURN,SHIP,al accounts. even 
46181-1,46181,1600,21,1,36.00,54057.60,0.07,0.03,N,O,1997-08-04,1997-08-11,1997-08-23,DELIVER IN PERSON,TRUCK,nts. carefully ironic accounts e
46181-2,46181,1132,41,2,45.00,46490.85,0.01,0.00,N,O,1997-09-12,1997-08-31,1997-09-27,DELIVER IN PERSON,MAIL,lar dependencies detect carefully aft
46181-3,46181,1902,47,3,17.00,30666.30,0.01,0.08,N,O,1997-07-12,1997-07-29,1997-08-08,COLLECT COD,REG AIR,after the 
46181-4,46181,1534,55,4,49.00,70340.97,0.03,0.04,N,O,1997-07-11,1997-07-25,1997-07-29,DELIVER IN PERSON,AIR,ies. blithely per
46182-1,46182,765,62,1,32.00,53304.32,0.09,0.05,A,F,1993-04-17,1993-04-25,1993-05-02,NONE,REG AIR,theodolites 
46182-2,46182,309,38,2,30.00,36279.00,0.05,0.02,R,F,1993-06-17,1993-04-29,1993-06-30,DELIVER IN PERSON,RAIL,"nos boost according to the even, special fo"
46182-3,46182,1900,30,3,26.00,46849.40,0.10,0.01,R,F,1993-06-24,1993-04-24,1993-06-28,NONE,REG AIR,posits sleep. speci
46182-4,46182,393,78,4,47.00,60789.33,0.00,0.08,A,F,1993-04-17,1993-06-05,1993-05-01,TAKE BACK RETURN,REG AIR,r the quickly stealthy ideas 
46182-5,46182,587,88,5,45.00,66941.10,0.04,0.07,R,F,1993-05-25,1993-05-05,1993-05-30,TAKE BACK RETURN,RAIL, express foxe
46183-1,46183,1262,63,1,13.00,15122.38,0.05,0.07,R,F,1994-02-05,1994-01-18,1994-02-15,NONE,AIR,usly close ideas among th
46183-2,46183,1747,74,2,45.00,74193.30,0.06,0.02,R,F,1994-04-03,1994-02-03,1994-04-05,DELIVER IN PERSON,MAIL,ccounts dete
46208-1,46208,1226,27,1,32.00,36071.04,0.10,0.01,N,O,1997-06-19,1997-09-05,1997-07-09,COLLECT COD,TRUCK,wly regular packages snooz
46208-2,46208,1023,59,2,30.00,27720.60,0.06,0.06,N,O,1997-09-26,1997-07-18,1997-10-05,TAKE BACK RETURN,MAIL,eposits use
46208-3,46208,1254,29,3,39.00,45054.75,0.05,0.04,N,O,1997-08-07,1997-08-01,1997-08-23,DELIVER IN PERSON,FOB,yly slow dependencies haggle until 
46208-4,46208,1837,38,4,28.00,48687.24,0.06,0.00,N,O,1997-09-08,1997-07-21,1997-09-23,COLLECT COD,SHIP,pinto beans wake slyly
46208-5,46208,1281,82,5,38.00,44926.64,0.02,0.00,N,O,1997-08-31,1997-09-10,1997-09-03,DELIVER IN PERSON,SHIP,"c, special accounts acr"
46208-6,46208,566,57,6,33.00,48396.48,0.06,0.02,N,O,1997-09-27,1997-07-31,1997-09-30,COLLECT COD,FOB,sly according to the furiously even foxes. 
46209-1,46209,90,91,1,38.00,37623.42,0.05,0.08,N,O,1996-08-17,1996-07-02,1996-09-09,TAKE BACK RETURN,FOB,ep sometimes above the blithely dar
46209-2,46209,828,28,2,7.00,12101.74,0.08,0.05,N,O,1996-07-17,1996-08-02,1996-08-02,NONE,FOB,ccording to the quickly regular patterns. 
46210-1,46210,1782,83,1,48.00,80821.44,0.00,0.03,A,F,1994-11-11,1994-11-21,1994-11-23,TAKE BACK RETURN,SHIP,to the somet
46210-2,46210,1783,68,2,36.00,60652.08,0.03,0.07,A,F,1994-10-10,1994-11-15,1994-11-04,COLLECT COD,SHIP,ress packages after the final
46210-3,46210,73,74,3,46.00,44761.22,0.03,0.05,A,F,1995-01-14,1994-11-04,1995-01-15,COLLECT COD,SHIP, regular a
46210-4,46210,579,80,4,34.00,50305.38,0.08,0.00,R,F,1994-12-18,1994-12-19,1995-01-07,TAKE BACK RETURN,MAIL,slyly regular deposits haggle finally iron
46210-5,46210,319,76,5,31.00,37798.61,0.01,0.04,A,F,1994-11-15,1994-11-01,1994-12-04,DELIVER IN PERSON,REG AIR, quiet accounts. packages wake f
46210-6,46210,238,39,6,1.00,1138.23,0.10,0.01,A,F,1994-10-31,1994-12-21,1994-11-29,COLLECT COD,REG AIR,ns are furiously accordi
46211-1,46211,1046,17,1,14.00,13258.56,0.03,0.07,A,F,1993-06-23,1993-08-28,1993-07-14,NONE,REG AIR,iously above the caref
46211-2,46211,1596,97,2,4.00,5990.36,0.08,0.06,R,F,1993-08-17,1993-07-24,1993-08-21,DELIVER IN PERSON,REG AIR,packages against the carefu
46211-3,46211,1706,33,3,41.00,65915.70,0.00,0.01,A,F,1993-08-04,1993-07-21,1993-08-20,NONE,RAIL,ly bold dependencies use after 
46211-4,46211,1106,43,4,36.00,36255.60,0.09,0.04,R,F,1993-07-25,1993-08-18,1993-08-17,COLLECT COD,MAIL,"regular, silent requests sl"
46212-1,46212,1070,41,1,37.00,35929.59,0.06,0.05,R,F,1992-11-11,1992-12-09,1992-11-14,DELIVER IN PERSON,AIR,ess asymptotes cajole regularl
46212-2,46212,1445,46,2,45.00,60589.80,0.04,0.06,A,F,1992-10-05,1992-11-02,1992-10-11,COLLECT COD,FOB,he blithely ironic notornis. q
46212-3,46212,1568,69,3,15.00,22043.40,0.10,0.06,R,F,1992-11-11,1992-11-04,1992-12-10,COLLECT COD,RAIL,uickly even packages haggl
46213-1,46213,1031,32,1,36.00,33553.08,0.09,0.08,A,F,1993-04-25,1993-03-15,1993-05-24,TAKE BACK RETURN,FOB,rts haggle quickly after the quickly unu
46213-2,46213,1593,94,2,49.00,73234.91,0.08,0.07,R,F,1993-03-05,1993-02-17,1993-03-19,COLLECT COD,REG AIR,lithely ironic pinto
46214-1,46214,1599,100,1,34.00,51020.06,0.00,0.06,A,F,1993-05-03,1993-03-12,1993-05-10,TAKE BACK RETURN,SHIP,ajole furiously quickly pending packages. i
46214-2,46214,572,33,2,40.00,58902.80,0.02,0.04,R,F,1993-03-04,1993-04-07,1993-03-19,COLLECT COD,FOB,". pending, bold requests nag slyly after"
46215-1,46215,1140,77,1,26.00,27069.64,0.04,0.01,R,F,1993-10-09,1993-10-19,1993-10-25,COLLECT COD,TRUCK,egular courts. slyly even r
46215-2,46215,1625,49,2,1.00,1526.62,0.02,0.06,R,F,1993-10-30,1993-09-08,1993-11-14,COLLECT COD,RAIL,eposits wake slyly 
46215-3,46215,1454,33,3,23.00,31175.35,0.04,0.08,A,F,1993-11-13,1993-10-18,1993-11-29,COLLECT COD,REG AIR,lar attainments. furiously slow 
46240-1,46240,534,35,1,40.00,57381.20,0.05,0.03,R,F,1994-10-03,1994-12-23,1994-10-05,NONE,REG AIR,olphins nag carefully except the fu
46241-1,46241,1547,88,1,10.00,14485.40,0.01,0.05,R,F,1994-07-13,1994-06-10,1994-08-05,TAKE BACK RETURN,REG AIR,eans despite the slyly pending excuses 
46241-2,46241,306,63,2,12.00,14475.60,0.03,0.00,A,F,1994-03-27,1994-05-27,1994-04-09,NONE,AIR, special instructions sleep accor
46241-3,46241,654,86,3,49.00,76177.85,0.02,0.00,R,F,1994-03-28,1994-06-11,1994-03-31,NONE,TRUCK, the specia
46241-4,46241,1638,80,4,33.00,50807.79,0.06,0.03,A,F,1994-05-17,1994-05-09,1994-05-19,COLLECT COD,REG AIR,fully slyly iro
46241-5,46241,808,42,5,47.00,80313.60,0.08,0.06,R,F,1994-07-06,1994-05-31,1994-07-11,COLLECT COD,FOB,"furiously final accounts. final, pending e"
46241-6,46241,216,44,6,12.00,13394.52,0.02,0.08,A,F,1994-03-17,1994-05-18,1994-03-20,TAKE BACK RETURN,REG AIR,posits at the
46242-1,46242,961,64,1,31.00,57720.76,0.01,0.07,R,F,1993-11-11,1993-09-02,1993-12-07,COLLECT COD,TRUCK,ironic accounts nag beyond the furiously s
46242-2,46242,705,2,2,8.00,12845.60,0.10,0.04,A,F,1993-10-27,1993-09-15,1993-11-19,TAKE BACK RETURN,AIR,ometimes silent wa
46243-1,46243,983,52,1,12.00,22607.76,0.02,0.07,R,F,1992-04-23,1992-03-20,1992-05-13,DELIVER IN PERSON,SHIP,fully final deposi
46243-2,46243,1125,26,2,33.00,33861.96,0.06,0.08,R,F,1992-03-11,1992-04-09,1992-04-09,DELIVER IN PERSON,MAIL,ily carefully even foxe
46243-3,46243,1996,29,3,47.00,89205.53,0.06,0.03,R,F,1992-05-02,1992-04-05,1992-05-09,TAKE BACK RETURN,MAIL,eposits. sl
46243-4,46243,1932,33,4,31.00,56851.83,0.02,0.02,R,F,1992-05-11,1992-03-12,1992-06-05,DELIVER IN PERSON,AIR,even requests. 
46243-5,46243,1410,28,5,42.00,55079.22,0.07,0.03,A,F,1992-03-29,1992-03-09,1992-04-05,NONE,AIR, ironic packages nag fluffily. fluffily re
46243-6,46243,1351,66,6,21.00,26299.35,0.00,0.06,A,F,1992-05-23,1992-04-07,1992-06-01,DELIVER IN PERSON,MAIL,sual requests inte
46244-1,46244,1531,72,1,10.00,14325.30,0.10,0.06,R,F,1994-10-13,1994-09-27,1994-10-28,DELIVER IN PERSON,REG AIR, carefully unusu
46244-2,46244,221,49,2,25.00,28030.50,0.10,0.04,R,F,1994-10-13,1994-09-03,1994-10-19,DELIVER IN PERSON,FOB,e closely fluffily regular courts. caref
46244-3,46244,1249,87,3,1.00,1150.24,0.00,0.03,R,F,1994-10-04,1994-08-05,1994-10-15,COLLECT COD,SHIP,lyly. slyly pending dolphins sleep above th
46244-4,46244,563,64,4,1.00,1463.56,0.01,0.02,R,F,1994-08-08,1994-08-15,1994-08-21,DELIVER IN PERSON,AIR,instructions are. slyly r
46245-1,46245,1747,48,1,17.00,28028.58,0.07,0.04,N,O,1998-01-14,1997-12-23,1998-01-28,COLLECT COD,FOB,ngly regular instructions nag slyly ca
46245-2,46245,1576,77,2,28.00,41371.96,0.04,0.02,N,O,1997-12-30,1997-11-25,1998-01-15,TAKE BACK RETURN,FOB,fully. furiously slow idea
46246-1,46246,543,34,1,19.00,27427.26,0.08,0.06,N,O,1998-04-23,1998-03-20,1998-05-06,TAKE BACK RETURN,REG AIR,s cajole blith
46246-2,46246,1997,98,2,23.00,43676.77,0.08,0.00,N,O,1998-03-25,1998-04-03,1998-04-04,TAKE BACK RETURN,RAIL,o the blithely final theodolites can snooz
46246-3,46246,1657,99,3,11.00,17145.15,0.06,0.01,N,O,1998-02-18,1998-03-31,1998-03-08,NONE,SHIP,r packages.
46246-4,46246,1517,98,4,49.00,69506.99,0.08,0.05,N,O,1998-03-09,1998-04-08,1998-03-18,DELIVER IN PERSON,MAIL,"nos wake quickly during the final, unu"
46246-5,46246,1090,61,5,7.00,6937.63,0.06,0.00,N,O,1998-02-02,1998-04-11,1998-03-02,COLLECT COD,REG AIR,al packages wake final decoys-- ac
46247-1,46247,751,48,1,47.00,77632.25,0.00,0.06,N,O,1996-10-12,1996-12-21,1996-10-15,TAKE BACK RETURN,RAIL,usly. carefu
46247-2,46247,1019,55,2,45.00,41400.45,0.02,0.01,N,O,1996-09-28,1996-11-05,1996-10-07,NONE,REG AIR,ctions grow r
46247-3,46247,960,61,3,11.00,20470.56,0.05,0.01,N,O,1996-10-07,1996-12-16,1996-10-18,TAKE BACK RETURN,FOB,ent accounts detect slyly across the caref
46247-4,46247,816,16,4,40.00,68672.40,0.03,0.01,N,O,1996-10-28,1996-12-09,1996-10-29,TAKE BACK RETURN,AIR,can nag furiously against the slowly spec
46247-5,46247,1702,87,5,1.00,1603.70,0.06,0.05,N,O,1996-12-19,1996-10-27,1996-12-21,NONE,TRUCK,s. always special pac
46272-1,46272,1143,44,1,21.00,21926.94,0.10,0.01,N,O,1996-05-11,1996-05-29,1996-06-06,TAKE BACK RETURN,SHIP,beans. bold packages haggle carefully.
46272-2,46272,730,95,2,12.00,19568.76,0.02,0.06,N,O,1996-03-16,1996-06-09,1996-04-09,DELIVER IN PERSON,TRUCK,ously along 
46272-3,46272,1594,15,3,42.00,62814.78,0.01,0.07,N,O,1996-06-07,1996-05-13,1996-07-07,COLLECT COD,SHIP, regular packages haggle outside the pen
46272-4,46272,771,4,4,49.00,81916.73,0.03,0.00,N,O,1996-06-26,1996-05-27,1996-06-29,COLLECT COD,AIR,ges cajole
46272-5,46272,1022,23,5,35.00,32305.70,0.08,0.04,N,O,1996-06-16,1996-05-28,1996-06-22,DELIVER IN PERSON,MAIL,"ual, final Tiresias. even platelets "
46272-6,46272,1762,89,6,45.00,74869.20,0.06,0.00,N,O,1996-04-02,1996-04-12,1996-04-13,COLLECT COD,RAIL,bold deposits poach 
46272-7,46272,976,79,7,9.00,16892.73,0.03,0.07,N,O,1996-05-21,1996-06-07,1996-05-26,TAKE BACK RETURN,RAIL,endencies boost blithely alongside of 
46273-1,46273,226,27,1,22.00,24776.84,0.00,0.08,N,O,1997-12-03,1997-09-27,1997-12-08,TAKE BACK RETURN,AIR,slyly bold requests. spe
46273-2,46273,413,14,2,8.00,10507.28,0.01,0.06,N,O,1997-10-05,1997-10-03,1997-10-16,DELIVER IN PERSON,AIR, quickly ruthless deposits? fin
46273-3,46273,640,72,3,13.00,20028.32,0.02,0.02,N,O,1997-09-29,1997-11-20,1997-10-11,COLLECT COD,MAIL,hes. slyly sly
46273-4,46273,237,38,4,18.00,20470.14,0.09,0.04,N,O,1997-10-15,1997-11-13,1997-11-03,TAKE BACK RETURN,AIR,es. furiously pending theodolites aga
46274-1,46274,524,85,1,11.00,15669.72,0.08,0.02,N,O,1997-04-06,1997-04-21,1997-04-25,NONE,RAIL,across the carefully 
46274-2,46274,1922,55,2,44.00,80252.48,0.04,0.07,N,O,1997-05-10,1997-03-30,1997-05-25,COLLECT COD,TRUCK,ickly unusual packages.
46274-3,46274,811,12,3,17.00,29100.77,0.02,0.03,N,O,1997-03-19,1997-03-31,1997-03-29,COLLECT COD,MAIL,y even asymptotes
46274-4,46274,588,19,4,5.00,7442.90,0.00,0.05,N,O,1997-05-17,1997-04-30,1997-06-12,TAKE BACK RETURN,FOB,xpress packages wak
46274-5,46274,1942,75,5,22.00,40566.68,0.08,0.04,N,O,1997-04-12,1997-05-15,1997-04-14,NONE,TRUCK,sly across the frets. carefully 
46274-6,46274,1871,15,6,41.00,72687.67,0.02,0.06,N,O,1997-05-31,1997-04-16,1997-06-28,COLLECT COD,REG AIR,ar packages cajole blit
46275-1,46275,778,11,1,20.00,33575.40,0.10,0.03,N,O,1997-04-29,1997-05-31,1997-05-01,TAKE BACK RETURN,MAIL, carefully pending din
46275-2,46275,1905,94,2,49.00,88538.10,0.06,0.07,N,O,1997-04-25,1997-07-16,1997-04-27,TAKE BACK RETURN,FOB,ages haggle after the caref
46276-1,46276,939,40,1,48.00,88316.64,0.06,0.00,R,F,1993-03-14,1993-02-08,1993-03-22,COLLECT COD,MAIL,sly ironic theodolit
46276-2,46276,1673,56,2,47.00,74009.49,0.08,0.05,A,F,1993-01-18,1993-02-04,1993-02-06,TAKE BACK RETURN,RAIL,ickly expr
46276-3,46276,34,35,3,8.00,7472.24,0.00,0.05,R,F,1993-02-06,1993-02-06,1993-02-28,COLLECT COD,SHIP, against the unusual deposits. requests ar
46277-1,46277,301,30,1,14.00,16818.20,0.00,0.00,N,O,1997-02-02,1997-01-30,1997-02-23,TAKE BACK RETURN,MAIL,eans are ideas. blithely pending orb
46277-2,46277,831,32,2,25.00,43295.75,0.06,0.07,N,O,1996-12-06,1997-02-01,1996-12-23,TAKE BACK RETURN,TRUCK,nding package
46278-1,46278,774,39,1,36.00,60291.72,0.07,0.02,N,O,1997-12-28,1997-11-09,1998-01-02,TAKE BACK RETURN,SHIP,ular foxes al
46278-2,46278,452,82,2,20.00,27049.00,0.07,0.08,N,O,1997-11-22,1997-12-28,1997-12-09,COLLECT COD,FOB, foxes grow slyly after the depo
46278-3,46278,863,63,3,14.00,24694.04,0.04,0.05,N,O,1997-10-06,1997-11-16,1997-11-04,COLLECT COD,FOB, the fluffily
46278-4,46278,1255,56,4,28.00,32375.00,0.10,0.02,N,O,1998-01-24,1997-12-27,1998-02-02,COLLECT COD,SHIP, escapades are furiously dependencies. regu
46278-5,46278,1084,20,5,25.00,24627.00,0.03,0.04,N,O,1997-12-02,1997-12-31,1997-12-17,TAKE BACK RETURN,TRUCK, requests boos
46278-6,46278,626,58,6,32.00,48851.84,0.03,0.07,N,O,1997-12-15,1997-12-12,1997-12-28,TAKE BACK RETURN,FOB,arefully accounts. furio
46278-7,46278,1649,32,7,20.00,31012.80,0.04,0.07,N,O,1997-12-23,1997-11-29,1997-12-31,NONE,REG AIR,"ourts along the regular, fin"
46279-1,46279,1842,43,1,4.00,6975.36,0.05,0.08,N,O,1997-09-12,1997-09-09,1997-10-01,DELIVER IN PERSON,FOB,ole slyly above the
46279-2,46279,94,20,2,27.00,26840.43,0.04,0.08,N,O,1997-07-26,1997-09-12,1997-08-04,NONE,FOB,"y even excuses. unusual, stealthy accounts "
46279-3,46279,1526,47,3,24.00,34260.48,0.07,0.08,N,O,1997-08-22,1997-08-22,1997-09-05,TAKE BACK RETURN,TRUCK,c deposits wake acc
46279-4,46279,37,38,4,25.00,23425.75,0.00,0.05,N,O,1997-10-20,1997-08-12,1997-10-27,TAKE BACK RETURN,MAIL,wake careful
46279-5,46279,1453,32,5,9.00,12190.05,0.09,0.01,N,O,1997-08-13,1997-08-20,1997-08-26,TAKE BACK RETURN,FOB,e blithely even deposits use ironically
46279-6,46279,848,82,6,43.00,75200.12,0.07,0.08,N,O,1997-08-18,1997-08-06,1997-09-13,TAKE BACK RETURN,TRUCK,riously express packag
46279-7,46279,775,40,7,1.00,1675.77,0.02,0.07,N,O,1997-08-28,1997-08-07,1997-09-23,DELIVER IN PERSON,RAIL,uctions. quickly 
46304-1,46304,1712,39,1,37.00,59707.27,0.04,0.01,N,O,1996-03-04,1996-02-06,1996-03-22,TAKE BACK RETURN,MAIL,ess pinto beans. slyly regular pac
46304-2,46304,1312,89,2,24.00,29119.44,0.09,0.04,N,O,1996-01-17,1996-02-07,1996-01-27,TAKE BACK RETURN,TRUCK,ironic ideas.
46304-3,46304,1769,96,3,42.00,70171.92,0.00,0.01,N,O,1995-11-28,1996-01-19,1995-12-24,TAKE BACK RETURN,FOB,furiously dogg
46304-4,46304,1103,12,4,48.00,48196.80,0.09,0.01,N,O,1995-11-25,1995-12-30,1995-11-27,COLLECT COD,SHIP,l packages ac
46305-1,46305,1340,55,1,25.00,31033.50,0.01,0.06,N,O,1995-08-26,1995-09-14,1995-09-14,NONE,TRUCK,blithely unusual requests are along the 
46306-1,46306,1874,18,1,9.00,15982.83,0.00,0.01,N,O,1998-08-19,1998-06-28,1998-08-27,COLLECT COD,MAIL,s. furiously bold request
46306-2,46306,1321,36,2,19.00,23224.08,0.07,0.08,N,O,1998-08-19,1998-06-29,1998-08-29,DELIVER IN PERSON,SHIP,lly regular packages de
46307-1,46307,965,100,1,9.00,16793.64,0.04,0.05,A,F,1995-05-16,1995-05-06,1995-05-18,NONE,RAIL, above the carefully dogge
46307-2,46307,884,84,2,44.00,78534.72,0.00,0.01,R,F,1995-04-23,1995-05-02,1995-04-27,TAKE BACK RETURN,SHIP,ronic foxes. ironic foxes cajole slyly 
46307-3,46307,1978,79,3,48.00,90238.56,0.05,0.03,A,F,1995-05-08,1995-04-23,1995-05-09,COLLECT COD,MAIL,"eep around the final packages. dogged, "
46308-1,46308,986,89,1,25.00,47174.50,0.02,0.01,N,O,1996-09-06,1996-09-05,1996-09-22,TAKE BACK RETURN,MAIL,ymptotes. car
46308-2,46308,365,50,2,17.00,21511.12,0.04,0.00,N,O,1996-06-23,1996-09-06,1996-07-02,TAKE BACK RETURN,RAIL,ar deposits according to the slyly r
46308-3,46308,602,65,3,8.00,12020.80,0.03,0.02,N,O,1996-09-03,1996-08-31,1996-09-22,TAKE BACK RETURN,AIR,n packages boost idly according to t
46308-4,46308,1021,22,4,21.00,19362.42,0.02,0.08,N,O,1996-09-18,1996-08-27,1996-09-25,DELIVER IN PERSON,RAIL,its. carefully 
46308-5,46308,293,75,5,9.00,10739.61,0.08,0.01,N,O,1996-10-08,1996-08-25,1996-10-20,TAKE BACK RETURN,SHIP,deas. ideas nag
46309-1,46309,1270,71,1,43.00,50364.61,0.10,0.07,R,F,1993-12-10,1994-01-08,1993-12-16,NONE,MAIL,. regular pains wake b
46309-2,46309,312,41,2,49.00,59403.19,0.10,0.01,R,F,1994-02-12,1993-12-16,1994-02-26,NONE,SHIP,regular ideas. carefully eve
46309-3,46309,580,41,3,4.00,5922.32,0.08,0.04,A,F,1994-01-05,1993-12-14,1994-01-15,NONE,FOB,nic ideas boost ironicall
46309-4,46309,649,43,4,12.00,18595.68,0.09,0.07,R,F,1993-11-29,1994-01-08,1993-12-08,TAKE BACK RETURN,REG AIR,sleep furiously above
46309-5,46309,1732,33,5,33.00,53913.09,0.04,0.04,A,F,1993-11-12,1993-12-27,1993-11-14,NONE,AIR,y after the slyly express i
46309-6,46309,1220,32,6,27.00,30272.94,0.07,0.08,A,F,1994-01-02,1993-12-16,1994-01-11,DELIVER IN PERSON,FOB,"rbits. even, regular packages according to "
46310-1,46310,1447,65,1,31.00,41801.64,0.01,0.05,R,F,1993-08-12,1993-09-15,1993-08-28,TAKE BACK RETURN,TRUCK,ost about the theodolites. 
46310-2,46310,1402,42,2,41.00,53439.40,0.00,0.08,R,F,1993-08-28,1993-10-02,1993-09-07,TAKE BACK RETURN,SHIP,ts cajole blithely fu
46310-3,46310,748,13,3,23.00,37921.02,0.04,0.08,R,F,1993-08-05,1993-08-23,1993-08-24,DELIVER IN PERSON,TRUCK,ven foxes. pending packages integra
46310-4,46310,1384,23,4,40.00,51415.20,0.04,0.06,R,F,1993-09-28,1993-09-28,1993-10-09,TAKE BACK RETURN,FOB,ideas sleep blithely against the slyly
46310-5,46310,1749,76,5,48.00,79235.52,0.01,0.01,A,F,1993-10-19,1993-08-29,1993-11-06,NONE,MAIL,uses are after the carefully reg
46310-6,46310,990,93,6,47.00,88876.53,0.10,0.05,A,F,1993-10-15,1993-09-12,1993-11-06,DELIVER IN PERSON,FOB,he carefully bold sauternes. quickly b
46310-7,46310,1227,39,7,15.00,16923.30,0.04,0.04,A,F,1993-09-01,1993-09-28,1993-09-04,DELIVER IN PERSON,FOB,ular patterns 
46311-1,46311,1539,80,1,28.00,40334.84,0.03,0.04,N,O,1995-10-27,1995-08-25,1995-11-02,NONE,RAIL,ajole fluffily
46311-2,46311,716,81,2,47.00,75985.37,0.01,0.08,N,O,1995-10-13,1995-10-16,1995-11-04,TAKE BACK RETURN,FOB,"otes are quick, special th"
46311-3,46311,240,22,3,13.00,14823.12,0.06,0.05,N,O,1995-11-07,1995-09-19,1995-12-06,TAKE BACK RETURN,MAIL, regular pinto beans alon
46311-4,46311,1605,6,4,23.00,34651.80,0.02,0.01,N,O,1995-09-03,1995-09-11,1995-09-11,TAKE BACK RETURN,AIR,ithely. sly
46311-5,46311,1416,17,5,37.00,48744.17,0.09,0.05,N,O,1995-08-31,1995-09-30,1995-09-13,DELIVER IN PERSON,SHIP,ermanent attainments sleep carefull
46311-6,46311,653,16,6,45.00,69914.25,0.08,0.06,N,O,1995-08-05,1995-09-11,1995-09-01,NONE,RAIL,inder care
46336-1,46336,1327,42,1,31.00,38077.92,0.04,0.07,N,O,1995-10-05,1995-09-17,1995-10-16,TAKE BACK RETURN,RAIL,"fully regular, ironic foxes."
46336-2,46336,1355,32,2,47.00,59048.45,0.09,0.08,N,O,1995-09-01,1995-10-01,1995-09-29,NONE,MAIL,"al, quick accounts-- fur"
46337-1,46337,1862,63,1,29.00,51151.94,0.10,0.02,R,F,1992-07-21,1992-05-31,1992-07-31,DELIVER IN PERSON,TRUCK,ily pending 
46338-1,46338,429,17,1,45.00,59823.90,0.02,0.08,N,O,1997-06-30,1997-06-26,1997-07-18,TAKE BACK RETURN,FOB,ackages sleep. flu
46338-2,46338,559,60,2,2.00,2919.10,0.06,0.05,N,O,1997-07-19,1997-05-27,1997-08-17,COLLECT COD,FOB,instructions sleep instructions. quickly s
46338-3,46338,1677,78,3,49.00,77354.83,0.06,0.08,N,O,1997-04-29,1997-05-25,1997-05-12,TAKE BACK RETURN,FOB,efully pending requests cajole blithely pen
46338-4,46338,1122,59,4,36.00,36832.32,0.07,0.03,N,O,1997-06-22,1997-05-22,1997-06-30,DELIVER IN PERSON,FOB,accounts haggle carefully after t
46338-5,46338,226,27,5,6.00,6757.32,0.08,0.01,N,O,1997-05-28,1997-05-03,1997-06-24,TAKE BACK RETURN,REG AIR,ual theodolites accordi
46338-6,46338,1587,68,6,30.00,44657.40,0.00,0.08,N,O,1997-05-02,1997-05-02,1997-05-11,TAKE BACK RETURN,TRUCK,p carefully? blithely even de
46338-7,46338,729,30,7,8.00,13037.76,0.04,0.07,N,O,1997-06-24,1997-05-28,1997-07-13,DELIVER IN PERSON,RAIL,dependencies sleep thinly. slyly ironic ide
46339-1,46339,681,75,1,19.00,30051.92,0.02,0.01,R,F,1994-07-19,1994-08-10,1994-07-27,COLLECT COD,TRUCK,e final platele
46339-2,46339,1656,80,2,13.00,20249.45,0.01,0.06,R,F,1994-07-11,1994-08-24,1994-08-07,DELIVER IN PERSON,MAIL,ironic requests sleep quickly around
46339-3,46339,3,79,3,26.00,23478.00,0.00,0.00,A,F,1994-07-25,1994-08-28,1994-08-20,COLLECT COD,SHIP,requests haggle about the blithel
46339-4,46339,620,83,4,44.00,66907.28,0.04,0.04,A,F,1994-07-21,1994-09-24,1994-07-28,COLLECT COD,MAIL,uriously even instructions. depo
46339-5,46339,440,70,5,44.00,58979.36,0.08,0.06,A,F,1994-10-14,1994-08-07,1994-11-07,DELIVER IN PERSON,TRUCK, ironic pinto beans. blith
46339-6,46339,1280,92,6,14.00,16537.92,0.04,0.05,A,F,1994-07-23,1994-09-15,1994-08-14,TAKE BACK RETURN,AIR,eep among the packages. carefully 
46340-1,46340,824,24,1,31.00,53469.42,0.06,0.02,A,F,1992-07-14,1992-06-28,1992-07-19,DELIVER IN PERSON,FOB,ounts. thinly regular theodolites wake
46340-2,46340,1224,36,2,11.00,12377.42,0.01,0.01,R,F,1992-06-25,1992-07-12,1992-06-28,TAKE BACK RETURN,FOB,. doggedly final packages wake care
46341-1,46341,311,40,1,1.00,1211.31,0.00,0.02,A,F,1995-03-02,1995-03-08,1995-03-22,NONE,RAIL,sleep above the slyly express packages. ir
46341-2,46341,1705,90,2,40.00,64268.00,0.04,0.08,A,F,1995-01-11,1995-03-13,1995-02-06,TAKE BACK RETURN,RAIL, pinto beans are s
46341-3,46341,582,73,3,16.00,23721.28,0.03,0.01,A,F,1995-02-16,1995-02-05,1995-02-17,COLLECT COD,SHIP,ckly befor
46341-4,46341,850,84,4,28.00,49023.80,0.08,0.04,A,F,1995-01-03,1995-03-08,1995-01-08,COLLECT COD,AIR, slyly from the attainmen
46341-5,46341,690,84,5,47.00,74762.43,0.03,0.01,A,F,1995-04-18,1995-03-04,1995-04-26,DELIVER IN PERSON,RAIL,c instructions haggle quickly 
46341-6,46341,1436,15,6,40.00,53497.20,0.04,0.03,R,F,1995-02-27,1995-03-11,1995-03-12,DELIVER IN PERSON,SHIP,y special deposits. slyly pending requ
46342-1,46342,175,54,1,36.00,38706.12,0.05,0.03,R,F,1994-07-07,1994-07-18,1994-08-06,COLLECT COD,AIR, slyly ironi
46342-2,46342,1303,4,2,10.00,12043.00,0.08,0.08,A,F,1994-06-16,1994-08-14,1994-06-27,NONE,MAIL,r deposits 
46342-3,46342,187,40,3,49.00,53271.82,0.05,0.04,R,F,1994-09-24,1994-08-27,1994-10-15,NONE,TRUCK,lithely among the pending pack
46342-4,46342,1051,87,4,17.00,16184.85,0.04,0.07,R,F,1994-07-01,1994-08-05,1994-07-22,DELIVER IN PERSON,MAIL, regular excuses cajo
46342-5,46342,1147,84,5,19.00,19914.66,0.07,0.05,R,F,1994-08-25,1994-08-13,1994-08-27,TAKE BACK RETURN,MAIL,ve carefully! courts haggle furiously exp
46342-6,46342,1550,71,6,12.00,17418.60,0.06,0.07,R,F,1994-06-04,1994-08-11,1994-06-12,TAKE BACK RETURN,AIR,regular theodolites. slow theodolites at th
46342-7,46342,420,50,7,6.00,7922.52,0.06,0.03,A,F,1994-08-07,1994-07-24,1994-08-31,TAKE BACK RETURN,FOB,"eposits. special, final do"
46343-1,46343,452,82,1,23.00,31106.35,0.01,0.05,N,O,1997-10-22,1997-11-26,1997-11-11,NONE,MAIL,tes are furiously. caref
46343-2,46343,1183,92,2,43.00,46619.74,0.00,0.07,N,O,1997-12-31,1997-12-18,1998-01-24,NONE,TRUCK,to the special accounts. 
46343-3,46343,107,60,3,39.00,39276.90,0.08,0.06,N,O,1997-10-03,1997-12-02,1997-11-02,COLLECT COD,RAIL,ly ironic d
46343-4,46343,546,37,4,28.00,40503.12,0.10,0.00,N,O,1997-10-28,1997-11-11,1997-11-19,NONE,TRUCK,. furiously unusual d
46368-1,46368,494,53,1,9.00,12550.41,0.09,0.05,A,F,1992-08-12,1992-07-08,1992-08-21,COLLECT COD,RAIL,ngly bold 
46368-2,46368,459,18,2,12.00,16313.40,0.02,0.08,A,F,1992-07-30,1992-06-02,1992-08-22,DELIVER IN PERSON,REG AIR,the ironic braid
46368-3,46368,926,95,3,33.00,60288.36,0.02,0.04,R,F,1992-06-26,1992-06-01,1992-07-06,DELIVER IN PERSON,FOB,s. slyly pending dependencies dete
46368-4,46368,1905,94,4,35.00,63241.50,0.05,0.06,A,F,1992-04-28,1992-07-02,1992-05-28,COLLECT COD,MAIL, beside the 
46368-5,46368,1932,65,5,2.00,3667.86,0.01,0.05,R,F,1992-08-06,1992-06-12,1992-08-12,COLLECT COD,MAIL,lites use furiously quickly even account
46368-6,46368,1943,76,6,49.00,90402.06,0.06,0.05,A,F,1992-06-16,1992-07-22,1992-07-03,DELIVER IN PERSON,REG AIR,p final requests
46368-7,46368,488,89,7,4.00,5553.92,0.02,0.05,R,F,1992-08-01,1992-07-04,1992-08-05,TAKE BACK RETURN,TRUCK," regular, final pains sleep ca"
46369-1,46369,762,59,1,48.00,79812.48,0.07,0.08,N,O,1997-05-09,1997-07-15,1997-05-30,COLLECT COD,SHIP,xes use. furiously unusual pa
46369-2,46369,225,7,2,1.00,1125.22,0.03,0.00,N,O,1997-06-29,1997-07-13,1997-07-12,TAKE BACK RETURN,MAIL,nd the final theodolite
46369-3,46369,478,8,3,8.00,11027.76,0.01,0.05,N,O,1997-08-03,1997-07-07,1997-09-02,COLLECT COD,FOB, above the bl
46369-4,46369,1846,47,4,4.00,6991.36,0.01,0.01,N,O,1997-05-10,1997-06-03,1997-06-05,COLLECT COD,RAIL,uctions. slyly blithe pains cajole aroun
46369-5,46369,1297,9,5,34.00,40741.86,0.07,0.03,N,O,1997-08-14,1997-06-08,1997-08-27,COLLECT COD,TRUCK,arefully. quickly unusual foxes wake 
46369-6,46369,370,71,6,23.00,29218.51,0.08,0.00,N,O,1997-07-10,1997-06-04,1997-07-30,NONE,MAIL,ly ironic packages h
46370-1,46370,1289,90,1,7.00,8331.96,0.07,0.08,N,O,1998-04-14,1998-02-13,1998-04-29,COLLECT COD,TRUCK, ruthlessly even do
46371-1,46371,133,12,1,50.00,51656.50,0.04,0.04,A,F,1994-09-07,1994-11-30,1994-09-15,TAKE BACK RETURN,REG AIR,r foxes. fl
46371-2,46371,1394,33,2,29.00,37566.31,0.08,0.08,A,F,1994-09-17,1994-11-09,1994-10-11,COLLECT COD,REG AIR, pinto beans. final ideas 
46372-1,46372,1443,61,1,8.00,10755.52,0.05,0.01,A,F,1995-03-06,1995-04-18,1995-03-09,DELIVER IN PERSON,FOB,g deposits haggle above the 
46372-2,46372,1229,41,2,47.00,53120.34,0.09,0.02,R,F,1995-03-11,1995-04-14,1995-04-09,TAKE BACK RETURN,SHIP,ages-- quickly ironic platelets sl
46372-3,46372,1788,31,3,15.00,25346.70,0.01,0.05,A,F,1995-05-21,1995-04-14,1995-06-04,NONE,RAIL,ithely even accounts are acr
46372-4,46372,669,1,4,1.00,1569.66,0.02,0.04,R,F,1995-04-06,1995-05-25,1995-04-16,TAKE BACK RETURN,REG AIR,es believe slyly regular ideas. blithel
46372-5,46372,1244,19,5,24.00,27485.76,0.10,0.05,R,F,1995-03-05,1995-05-04,1995-03-08,TAKE BACK RETURN,REG AIR,ometimes ironic packages haggle slyly
46372-6,46372,1966,99,6,15.00,28019.40,0.05,0.04,A,F,1995-05-16,1995-05-27,1995-06-14,NONE,SHIP,le carefully. express r
46373-1,46373,130,83,1,26.00,26783.38,0.09,0.06,N,O,1998-02-02,1998-02-23,1998-02-11,COLLECT COD,FOB,tect quickly. s
46374-1,46374,1728,29,1,6.00,9778.32,0.07,0.02,A,F,1993-11-03,1993-10-06,1993-11-16,TAKE BACK RETURN,REG AIR,blithely regular de
46374-2,46374,412,100,2,28.00,36747.48,0.08,0.02,A,F,1993-08-08,1993-08-13,1993-08-19,NONE,REG AIR,eposits. blithely even packages s
46374-3,46374,1834,21,3,49.00,85055.67,0.09,0.06,R,F,1993-11-06,1993-09-18,1993-11-30,COLLECT COD,SHIP,ackages sleep! furiously even platele
46374-4,46374,1249,87,4,29.00,33356.96,0.04,0.08,R,F,1993-07-24,1993-09-09,1993-08-08,TAKE BACK RETURN,FOB,"eep across the bold, even pinto"
46374-5,46374,1465,5,5,38.00,51925.48,0.09,0.02,A,F,1993-09-16,1993-08-16,1993-09-25,NONE,REG AIR," regular, bold instructions. requ"
46374-6,46374,1956,1,6,19.00,35301.05,0.00,0.00,A,F,1993-07-31,1993-08-19,1993-08-09,COLLECT COD,REG AIR,y against th
46374-7,46374,461,49,7,30.00,40843.80,0.08,0.07,R,F,1993-07-19,1993-08-25,1993-08-18,NONE,MAIL," special, final pinto beans. f"
46375-1,46375,1468,86,1,15.00,20541.90,0.08,0.05,A,F,1993-10-19,1993-11-12,1993-11-01,NONE,REG AIR,s. slyly bold packages cajol
46375-2,46375,392,21,2,29.00,37479.31,0.05,0.01,R,F,1993-08-28,1993-10-16,1993-08-31,COLLECT COD,RAIL,ial accounts detect against the fluffi
46375-3,46375,1888,32,3,44.00,78754.72,0.04,0.03,A,F,1993-12-26,1993-10-10,1994-01-15,DELIVER IN PERSON,FOB,the carefully even 
46375-4,46375,304,33,4,31.00,37333.30,0.04,0.07,A,F,1993-10-21,1993-11-24,1993-11-04,DELIVER IN PERSON,AIR,kages maintain carefully ironic ti
46375-5,46375,741,6,5,27.00,44326.98,0.09,0.02,A,F,1993-09-27,1993-10-14,1993-10-26,COLLECT COD,FOB,ites. special requests cajole despite 
46400-1,46400,1784,27,1,44.00,74174.32,0.07,0.06,N,O,1997-06-21,1997-05-23,1997-06-30,DELIVER IN PERSON,REG AIR,e blithely pending instructions. furiou
46400-2,46400,156,83,2,45.00,47526.75,0.09,0.07,N,O,1997-03-21,1997-03-26,1997-03-29,COLLECT COD,SHIP,ffily regular excuses. slowly
46400-3,46400,220,2,3,36.00,40327.92,0.00,0.02,N,O,1997-06-15,1997-04-02,1997-06-28,COLLECT COD,AIR,quests. blithely e
46401-1,46401,1171,72,1,32.00,34309.44,0.01,0.05,N,O,1998-08-19,1998-06-13,1998-08-29,DELIVER IN PERSON,RAIL,ross the unu
46401-2,46401,1187,60,2,5.00,5440.90,0.09,0.00,N,O,1998-06-20,1998-06-15,1998-06-30,TAKE BACK RETURN,AIR,ccounts are along the pending pa
46401-3,46401,1977,66,3,17.00,31942.49,0.01,0.04,N,O,1998-07-08,1998-05-31,1998-07-15,NONE,MAIL,eposits. quickly
46401-4,46401,1145,54,4,5.00,5230.70,0.04,0.07,N,O,1998-05-30,1998-06-19,1998-06-22,TAKE BACK RETURN,SHIP,courts run upon the fluffil
46401-5,46401,1320,35,5,10.00,12213.20,0.10,0.08,N,O,1998-05-20,1998-07-04,1998-06-05,COLLECT COD,FOB,ts cajole. furiously regular
46402-1,46402,93,69,1,40.00,39723.60,0.03,0.06,A,F,1995-01-30,1995-03-20,1995-02-06,DELIVER IN PERSON,REG AIR,y thin dept
46402-2,46402,1255,67,2,6.00,6937.50,0.04,0.01,A,F,1995-03-27,1995-02-08,1995-04-18,TAKE BACK RETURN,MAIL,eodolites. furiously ironic r
46402-3,46402,1498,16,3,10.00,13994.90,0.03,0.07,A,F,1995-02-16,1995-02-23,1995-02-18,COLLECT COD,MAIL,ly final requests hag
46402-4,46402,27,78,4,16.00,14832.32,0.00,0.01,A,F,1995-02-07,1995-03-13,1995-02-21,DELIVER IN PERSON,TRUCK,thely ironic pinto beans. specia
46402-5,46402,1215,27,5,25.00,27905.25,0.05,0.05,R,F,1995-04-09,1995-03-11,1995-05-06,TAKE BACK RETURN,FOB,y slyly bold accounts. pendi
46402-6,46402,104,31,6,17.00,17069.70,0.10,0.01,R,F,1995-03-19,1995-04-09,1995-04-07,DELIVER IN PERSON,MAIL,its nag blithely about the carefully
46402-7,46402,1743,70,7,36.00,59210.64,0.08,0.02,R,F,1995-02-02,1995-03-15,1995-03-02,COLLECT COD,MAIL, slyly final requests.
46403-1,46403,218,100,1,50.00,55910.50,0.10,0.02,R,F,1994-09-17,1994-07-27,1994-09-27,COLLECT COD,MAIL,to beans boost boldly around the fluffi
46403-2,46403,1073,44,2,39.00,37988.73,0.07,0.03,A,F,1994-07-25,1994-07-14,1994-08-03,DELIVER IN PERSON,TRUCK, unusual deposits. final requests int
46403-3,46403,827,27,3,28.00,48378.96,0.06,0.06,R,F,1994-07-30,1994-07-10,1994-08-14,DELIVER IN PERSON,SHIP,hely fluffy pinto bean
46404-1,46404,483,42,1,10.00,13834.80,0.02,0.05,R,F,1992-07-03,1992-05-07,1992-07-26,TAKE BACK RETURN,REG AIR,inal theodolites breach 
46404-2,46404,244,72,2,2.00,2288.48,0.03,0.03,A,F,1992-04-12,1992-04-12,1992-04-19,DELIVER IN PERSON,MAIL, quickly fina
46404-3,46404,348,49,3,11.00,13731.74,0.10,0.04,R,F,1992-05-18,1992-04-18,1992-05-29,NONE,REG AIR, slyly final pinto beans cajole f
46404-4,46404,871,38,4,31.00,54927.97,0.08,0.04,A,F,1992-03-14,1992-04-18,1992-03-21,DELIVER IN PERSON,SHIP,y express pinto beans. silent fox
46404-5,46404,75,26,5,29.00,28277.03,0.08,0.07,R,F,1992-04-01,1992-05-10,1992-04-05,COLLECT COD,TRUCK,s are among th
46405-1,46405,1710,95,1,48.00,77362.08,0.09,0.05,A,F,1993-04-02,1993-03-01,1993-04-03,NONE,RAIL,ironic instructions ar
46405-2,46405,1626,9,2,11.00,16803.82,0.04,0.05,R,F,1993-03-15,1993-03-29,1993-04-12,DELIVER IN PERSON,FOB,ideas. regular accounts c
46405-3,46405,941,44,3,48.00,88413.12,0.00,0.08,A,F,1993-03-16,1993-03-28,1993-04-02,TAKE BACK RETURN,FOB,nic excuses. 
46405-4,46405,690,53,4,34.00,54083.46,0.00,0.06,A,F,1993-01-07,1993-02-06,1993-01-30,DELIVER IN PERSON,TRUCK,"y regular deposits sleep final, s"
46406-1,46406,1536,77,1,39.00,56063.67,0.08,0.06,N,O,1998-07-18,1998-08-17,1998-07-24,DELIVER IN PERSON,AIR,since the final deposits. regu
46406-2,46406,1641,24,2,38.00,58620.32,0.06,0.08,N,O,1998-10-19,1998-08-15,1998-11-05,NONE,SHIP,y above the stealthily final acc
46406-3,46406,327,84,3,35.00,42956.20,0.05,0.04,N,O,1998-09-24,1998-09-24,1998-10-11,TAKE BACK RETURN,RAIL,e blithely bold deposits. special ac
46406-4,46406,87,38,4,35.00,34547.80,0.09,0.06,N,O,1998-09-21,1998-08-26,1998-10-16,DELIVER IN PERSON,AIR,y. sometimes regular pa
46406-5,46406,645,39,5,18.00,27821.52,0.10,0.00,N,O,1998-10-16,1998-10-03,1998-11-14,TAKE BACK RETURN,AIR,fully. fluffily permanent de
46407-1,46407,1231,6,1,27.00,30570.21,0.00,0.04,R,F,1994-03-29,1994-04-28,1994-04-01,TAKE BACK RETURN,SHIP,ecial deposits across the theodolites sh
46432-1,46432,935,36,1,16.00,29374.88,0.04,0.03,A,F,1994-05-15,1994-06-30,1994-06-08,DELIVER IN PERSON,RAIL, ironic platelets sublate furiously 
46432-2,46432,1791,34,2,19.00,32163.01,0.04,0.06,R,F,1994-08-03,1994-06-23,1994-08-22,DELIVER IN PERSON,AIR,y after the slyly even 
46432-3,46432,810,10,3,44.00,75275.64,0.00,0.02,R,F,1994-06-25,1994-06-28,1994-07-22,NONE,RAIL,"e silent, special warh"
46432-4,46432,318,3,4,3.00,3654.93,0.10,0.06,R,F,1994-06-05,1994-07-23,1994-06-21,NONE,RAIL,ate slyly against the blithely ironic instr
46432-5,46432,1226,1,5,33.00,37198.26,0.06,0.06,R,F,1994-05-25,1994-06-05,1994-05-26,DELIVER IN PERSON,SHIP, deposits sleep carefully across the care
46433-1,46433,664,27,1,14.00,21905.24,0.10,0.04,N,O,1996-02-28,1996-03-06,1996-03-17,TAKE BACK RETURN,TRUCK,carefully regular deposi
46433-2,46433,1188,61,2,25.00,27229.50,0.06,0.03,N,O,1996-02-01,1996-03-22,1996-02-29,COLLECT COD,AIR,asymptotes. bold accounts integrate slyly 
46433-3,46433,1386,63,3,30.00,38621.40,0.00,0.00,N,O,1996-01-01,1996-03-01,1996-01-20,TAKE BACK RETURN,SHIP,e furiously bold re
46433-4,46433,926,95,4,28.00,51153.76,0.06,0.07,N,O,1996-01-08,1996-03-29,1996-02-07,DELIVER IN PERSON,AIR,he slyly special foxes. e
46433-5,46433,1202,77,5,16.00,17651.20,0.04,0.04,N,O,1996-02-10,1996-03-10,1996-02-13,TAKE BACK RETURN,REG AIR,oss the even 
46434-1,46434,739,72,1,3.00,4919.19,0.03,0.06,A,F,1993-05-05,1993-06-24,1993-05-14,DELIVER IN PERSON,AIR,the pending a
46434-2,46434,947,16,2,7.00,12935.58,0.04,0.06,R,F,1993-05-22,1993-05-25,1993-06-13,NONE,REG AIR,al excuses 
46434-3,46434,411,41,3,22.00,28851.02,0.04,0.08,R,F,1993-07-17,1993-06-10,1993-07-21,DELIVER IN PERSON,RAIL, according to the always ironic do
46435-1,46435,1537,38,1,31.00,44594.43,0.02,0.02,N,O,1996-12-10,1997-01-20,1997-01-05,COLLECT COD,RAIL,ut the sly
46435-2,46435,1580,61,2,2.00,2963.16,0.10,0.01,N,O,1997-02-06,1996-12-28,1997-02-27,TAKE BACK RETURN,SHIP,e fluffily iron
46435-3,46435,811,11,3,21.00,35948.01,0.04,0.01,N,O,1996-12-06,1997-01-05,1996-12-17,TAKE BACK RETURN,FOB,the asymptotes. regular
46435-4,46435,1914,59,4,7.00,12711.37,0.06,0.03,N,O,1996-12-25,1996-12-29,1997-01-20,NONE,FOB,ake furiously. excuses use c
46435-5,46435,671,3,5,36.00,56580.12,0.00,0.05,N,O,1997-01-09,1997-02-04,1997-01-13,NONE,SHIP,kages. pinto beans through
46435-6,46435,500,30,6,11.00,15405.50,0.00,0.02,N,O,1997-02-11,1996-12-24,1997-02-22,COLLECT COD,RAIL,ic instructions acc
46435-7,46435,1851,52,7,43.00,75372.55,0.04,0.02,N,O,1997-01-14,1996-12-24,1997-02-10,DELIVER IN PERSON,SHIP,e ironic foxes. 
46436-1,46436,1909,10,1,41.00,74246.90,0.02,0.02,A,F,1994-06-29,1994-05-08,1994-07-09,COLLECT COD,REG AIR,endencies. blithely pending packag
46436-2,46436,1087,23,2,38.00,37547.04,0.06,0.00,A,F,1994-06-15,1994-05-30,1994-06-29,NONE,RAIL,eodolites boost slyly after the silent d
46436-3,46436,1294,95,3,7.00,8367.03,0.07,0.02,R,F,1994-05-06,1994-05-06,1994-05-09,TAKE BACK RETURN,TRUCK,ter the fluffily final accounts tr
46436-4,46436,712,9,4,39.00,62895.69,0.07,0.05,R,F,1994-05-25,1994-05-08,1994-06-03,COLLECT COD,FOB,ut the blithely pending 
46436-5,46436,918,87,5,46.00,83669.86,0.09,0.07,A,F,1994-05-31,1994-06-19,1994-06-24,DELIVER IN PERSON,FOB,y packages; blithely regular ide
46437-1,46437,861,28,1,37.00,65188.82,0.05,0.07,R,F,1994-09-26,1994-11-08,1994-10-01,DELIVER IN PERSON,SHIP, asymptotes alongside of t
46438-1,46438,1206,81,1,19.00,21036.80,0.08,0.05,A,F,1994-06-26,1994-07-11,1994-07-21,TAKE BACK RETURN,SHIP,ntly pending dolphins. 
46438-2,46438,1915,16,2,31.00,56324.21,0.09,0.04,A,F,1994-09-05,1994-07-10,1994-10-03,NONE,REG AIR,"c packages cajole blithely about the even, "
46439-1,46439,582,83,1,11.00,16308.38,0.04,0.08,N,O,1998-07-18,1998-08-19,1998-07-23,COLLECT COD,TRUCK, special waters. reque
46464-1,46464,201,56,1,45.00,49554.00,0.01,0.04,N,O,1997-05-06,1997-04-24,1997-05-19,NONE,RAIL,furiously unusual pinto bea
46465-1,46465,1544,65,1,34.00,49148.36,0.08,0.02,A,F,1994-07-15,1994-06-28,1994-07-21,NONE,SHIP,ter the close platelets haggle a
46465-2,46465,1867,11,2,5.00,8844.30,0.04,0.06,R,F,1994-05-15,1994-06-11,1994-06-04,DELIVER IN PERSON,REG AIR, theodolites across the
46465-3,46465,1803,33,3,11.00,18752.80,0.08,0.05,A,F,1994-08-04,1994-07-17,1994-08-18,TAKE BACK RETURN,SHIP,s sleep furiously. 
46465-4,46465,1118,91,4,50.00,50955.50,0.06,0.03,R,F,1994-05-18,1994-07-15,1994-05-23,TAKE BACK RETURN,AIR,ans are carefull
46465-5,46465,652,84,5,33.00,51237.45,0.04,0.04,R,F,1994-07-13,1994-07-08,1994-08-01,NONE,TRUCK,al requests above the fu
46465-6,46465,847,47,6,7.00,12234.88,0.05,0.02,R,F,1994-07-18,1994-06-10,1994-07-22,DELIVER IN PERSON,TRUCK,xes haggle sl
46466-1,46466,414,2,1,21.00,27602.61,0.10,0.00,R,F,1992-05-03,1992-05-02,1992-05-26,TAKE BACK RETURN,MAIL, final instructions. quickly final a
46466-2,46466,1719,4,2,48.00,77794.08,0.10,0.04,R,F,1992-04-13,1992-04-03,1992-04-22,COLLECT COD,REG AIR,ar excuses nag carefully aroun
46466-3,46466,1069,70,3,40.00,38802.40,0.04,0.00,A,F,1992-05-16,1992-04-24,1992-06-01,TAKE BACK RETURN,TRUCK,lent deposits sleep above the slow deposi
46466-4,46466,689,21,4,1.00,1589.68,0.09,0.05,A,F,1992-04-14,1992-03-23,1992-05-06,COLLECT COD,REG AIR,ly pending asymptotes af
46466-5,46466,1947,36,5,33.00,61015.02,0.08,0.06,R,F,1992-03-15,1992-05-01,1992-03-21,COLLECT COD,FOB,uctions al
46466-6,46466,1084,90,6,3.00,2955.24,0.03,0.03,R,F,1992-03-17,1992-05-03,1992-03-27,COLLECT COD,RAIL,ar accounts 
46467-1,46467,364,49,1,20.00,25287.20,0.07,0.07,N,O,1998-07-17,1998-07-08,1998-08-14,TAKE BACK RETURN,SHIP,lly after the furio
46468-1,46468,896,63,1,10.00,17968.90,0.03,0.03,R,F,1995-02-11,1995-03-16,1995-02-14,DELIVER IN PERSON,FOB,es above the slyly even packages solve 
46468-2,46468,1040,41,2,48.00,45169.92,0.02,0.02,R,F,1995-01-20,1995-02-12,1995-02-08,NONE,TRUCK,"inal, final deposits"
46468-3,46468,202,84,3,36.00,39679.20,0.09,0.05,A,F,1995-04-19,1995-03-19,1995-04-27,DELIVER IN PERSON,AIR,ideas according to the even pac
46468-4,46468,1144,17,4,3.00,3135.42,0.05,0.00,A,F,1995-03-09,1995-03-01,1995-03-23,COLLECT COD,RAIL,sly. carefully unusual accounts use quickly
46468-5,46468,1329,68,5,18.00,22145.76,0.09,0.00,R,F,1995-05-05,1995-02-27,1995-05-21,DELIVER IN PERSON,AIR,riously quickly fi
46468-6,46468,1144,17,6,32.00,33444.48,0.00,0.01,R,F,1995-02-18,1995-03-03,1995-02-24,COLLECT COD,AIR,"uickly daring packages. ironic, pen"
46469-1,46469,1599,100,1,15.00,22508.85,0.03,0.06,A,F,1994-11-19,1994-11-01,1994-11-27,NONE,TRUCK, ironic theodolites affix blithe
46469-2,46469,1774,59,2,25.00,41894.25,0.03,0.08,A,F,1994-09-22,1994-10-26,1994-10-06,DELIVER IN PERSON,FOB,ickly caref
46469-3,46469,1963,96,3,27.00,50353.92,0.04,0.05,R,F,1994-11-03,1994-11-02,1994-11-09,DELIVER IN PERSON,TRUCK,ies against the blithely bold deposits caj
46469-4,46469,1054,60,4,9.00,8595.45,0.01,0.07,R,F,1994-12-16,1994-10-22,1994-12-20,TAKE BACK RETURN,FOB,tes can wake. d
46470-1,46470,1537,58,1,15.00,21577.95,0.03,0.05,R,F,1993-12-26,1994-03-06,1994-01-05,TAKE BACK RETURN,RAIL, regular packages wake slyl
46470-2,46470,1708,93,2,3.00,4829.10,0.03,0.00,R,F,1994-01-21,1994-01-18,1994-02-03,NONE,MAIL,gular pack
46471-1,46471,1627,51,1,27.00,41272.74,0.08,0.05,R,F,1992-09-15,1992-10-05,1992-09-18,TAKE BACK RETURN,SHIP, special frets hinder
46471-2,46471,410,11,2,15.00,19656.15,0.04,0.03,R,F,1992-11-03,1992-08-26,1992-11-16,NONE,MAIL,s snooze furiously ironic f
46471-3,46471,751,16,3,25.00,41293.75,0.10,0.02,R,F,1992-07-16,1992-09-30,1992-07-17,NONE,MAIL,o beans. slyly express
46471-4,46471,61,37,4,6.00,5766.36,0.03,0.05,A,F,1992-09-20,1992-09-12,1992-10-03,DELIVER IN PERSON,RAIL,jole across the furiously unusual
46471-5,46471,154,33,5,3.00,3162.45,0.10,0.07,R,F,1992-09-11,1992-09-10,1992-10-10,DELIVER IN PERSON,MAIL,elets are. furio
46471-6,46471,370,55,6,23.00,29218.51,0.10,0.07,R,F,1992-08-26,1992-10-11,1992-09-17,TAKE BACK RETURN,FOB,n theodolites are final
46471-7,46471,851,85,7,32.00,56059.20,0.05,0.00,A,F,1992-08-23,1992-09-22,1992-08-28,TAKE BACK RETURN,FOB,its. ruthlessly fin
46496-1,46496,1826,70,1,37.00,63929.34,0.02,0.07,N,O,1997-03-04,1997-03-23,1997-03-06,DELIVER IN PERSON,RAIL,ly regular theodolites use slyly ir
46496-2,46496,1423,24,2,41.00,54301.22,0.01,0.02,N,O,1997-03-31,1997-04-07,1997-04-26,DELIVER IN PERSON,REG AIR,ts. deposits cajole alongs
46497-1,46497,703,68,1,16.00,25659.20,0.04,0.08,A,F,1992-10-11,1992-08-26,1992-11-05,DELIVER IN PERSON,TRUCK,ronic packages haggle carefully
46497-2,46497,423,11,2,35.00,46319.70,0.02,0.04,R,F,1992-10-08,1992-08-25,1992-11-05,DELIVER IN PERSON,FOB,e slyly final packages sleep blithely on th
46497-3,46497,1499,17,3,26.00,36412.74,0.01,0.03,R,F,1992-08-28,1992-08-04,1992-09-20,TAKE BACK RETURN,FOB,nic ideas cajole abov
46497-4,46497,99,75,4,4.00,3996.36,0.04,0.08,A,F,1992-06-21,1992-08-25,1992-07-01,COLLECT COD,AIR,about the regular ideas. slyly e
46498-1,46498,959,60,1,15.00,27899.25,0.06,0.00,N,O,1997-11-21,1997-10-22,1997-12-18,TAKE BACK RETURN,TRUCK,"the silent, ironic gifts. ruthless reque"
46498-2,46498,1298,10,2,17.00,20387.93,0.00,0.03,N,O,1997-08-22,1997-09-21,1997-09-07,NONE,REG AIR,efully final requests. asymptotes sublat
46498-3,46498,1095,1,3,34.00,33867.06,0.03,0.01,N,O,1997-11-14,1997-10-20,1997-11-17,NONE,MAIL,e bold ideas. carefully pending excuses ar
46498-4,46498,798,99,4,5.00,8493.95,0.05,0.05,N,O,1997-08-24,1997-10-17,1997-09-09,NONE,AIR,haggle fin
46498-5,46498,1383,84,5,25.00,32109.50,0.03,0.07,N,O,1997-08-23,1997-10-18,1997-09-13,NONE,FOB,fix carefully along 
46499-1,46499,1489,29,1,44.00,61181.12,0.09,0.02,A,F,1994-07-02,1994-08-03,1994-07-12,NONE,AIR,"fully express, even pa"
46499-2,46499,136,37,2,6.00,6216.78,0.10,0.08,A,F,1994-10-02,1994-08-30,1994-10-20,TAKE BACK RETURN,AIR,"final, unusual packages. blithely even pac"
46499-3,46499,99,50,3,1.00,999.09,0.07,0.03,A,F,1994-07-29,1994-08-08,1994-08-12,NONE,AIR,ual accounts h
46499-4,46499,400,57,4,35.00,45514.00,0.08,0.01,A,F,1994-08-04,1994-07-08,1994-08-26,NONE,RAIL,"ly unusual packages. bold, final requests "
46499-5,46499,528,29,5,21.00,29998.92,0.04,0.08,A,F,1994-09-10,1994-07-08,1994-09-22,DELIVER IN PERSON,TRUCK,into beans sleep furiousl
46499-6,46499,852,53,6,14.00,24539.90,0.06,0.06,R,F,1994-10-07,1994-08-13,1994-11-01,COLLECT COD,TRUCK,excuses-- carefully ironic instructions aff
46500-1,46500,843,77,1,8.00,13950.72,0.02,0.06,N,O,1996-02-05,1996-03-15,1996-03-04,COLLECT COD,AIR,"te furiously around the bold, pend"
46501-1,46501,1216,28,1,28.00,31281.88,0.08,0.08,N,O,1996-08-17,1996-06-25,1996-09-07,COLLECT COD,FOB,"ar, final accounts play deposits. blithely "
46501-2,46501,790,91,2,35.00,59177.65,0.01,0.05,N,O,1996-06-27,1996-07-21,1996-07-10,NONE,MAIL,. final requests use slyly pending req
46501-3,46501,1692,16,3,47.00,74903.43,0.00,0.07,N,O,1996-06-17,1996-06-16,1996-07-01,TAKE BACK RETURN,REG AIR,cajole slyly carefully final requests
46501-4,46501,1987,76,4,4.00,7555.92,0.01,0.06,N,O,1996-06-11,1996-06-27,1996-06-24,TAKE BACK RETURN,REG AIR, slyly furiously final requests. c
46502-1,46502,1667,50,1,24.00,37647.84,0.06,0.02,N,O,1996-12-05,1996-10-17,1996-12-29,COLLECT COD,RAIL,s. carefully ironic packages unwind
46502-2,46502,485,86,2,29.00,40178.92,0.04,0.00,N,O,1996-09-14,1996-11-09,1996-09-25,COLLECT COD,REG AIR,regular platelets nag quietly
46503-1,46503,1176,49,1,5.00,5385.85,0.03,0.07,N,O,1995-12-30,1996-01-07,1996-01-23,TAKE BACK RETURN,RAIL,arefully furiously special foxes. 
46503-2,46503,956,59,2,37.00,68707.15,0.08,0.00,N,O,1996-02-02,1996-01-09,1996-02-03,COLLECT COD,FOB,ins haggle fl
46503-3,46503,1690,14,3,5.00,7958.45,0.08,0.05,N,O,1995-11-19,1996-01-20,1995-12-01,TAKE BACK RETURN,FOB,sily. slyly pending pack
46528-1,46528,830,64,1,34.00,58848.22,0.00,0.00,A,F,1995-03-20,1995-01-31,1995-03-23,NONE,TRUCK,to beans sleep above the reg
46528-2,46528,290,91,2,30.00,35708.70,0.03,0.01,A,F,1995-03-27,1995-02-05,1995-04-07,TAKE BACK RETURN,TRUCK,. carefully final deposits around
46528-3,46528,999,2,3,43.00,81699.57,0.10,0.02,R,F,1995-02-27,1995-01-19,1995-03-02,TAKE BACK RETURN,REG AIR,y regular asymptotes
46529-1,46529,146,47,1,23.00,24061.22,0.09,0.06,N,O,1997-09-01,1997-07-30,1997-09-18,NONE,RAIL,dazzle. special courts g
46529-2,46529,1201,39,2,47.00,51803.40,0.00,0.05,N,O,1997-06-21,1997-08-18,1997-07-17,COLLECT COD,FOB,eposits sleep. co
46529-3,46529,371,56,3,42.00,53397.54,0.04,0.02,N,O,1997-06-29,1997-08-17,1997-07-01,TAKE BACK RETURN,RAIL,y regular wart
46529-4,46529,1576,77,4,38.00,56147.66,0.00,0.06,N,O,1997-07-17,1997-08-19,1997-07-25,NONE,SHIP, promise fur
46529-5,46529,210,65,5,7.00,7771.47,0.09,0.00,N,O,1997-07-26,1997-08-12,1997-08-05,TAKE BACK RETURN,MAIL,sias are furiously. fluffily bold 
46530-1,46530,1806,50,1,1.00,1707.80,0.03,0.03,N,F,1995-06-05,1995-04-18,1995-07-05,COLLECT COD,FOB, excuses integra
46530-2,46530,1365,66,2,26.00,32925.36,0.10,0.01,A,F,1995-04-23,1995-05-06,1995-05-07,NONE,TRUCK,roughout the furiously regular requests. s
46530-3,46530,393,50,3,50.00,64669.50,0.07,0.08,R,F,1995-03-26,1995-05-23,1995-03-29,TAKE BACK RETURN,AIR,n accounts after the bold pinto beans grow
46530-4,46530,344,73,4,15.00,18665.10,0.02,0.04,A,F,1995-05-03,1995-04-30,1995-05-18,COLLECT COD,RAIL,usual accounts. b
46530-5,46530,311,68,5,26.00,31494.06,0.09,0.08,N,F,1995-06-07,1995-05-25,1995-06-30,DELIVER IN PERSON,AIR,? furiously final dependenc
46531-1,46531,33,84,1,15.00,13995.45,0.02,0.06,N,O,1995-12-06,1995-11-16,1995-12-17,NONE,MAIL, wake slyly.
46531-2,46531,1596,97,2,47.00,70386.73,0.04,0.04,N,O,1995-12-04,1995-09-25,1995-12-05,DELIVER IN PERSON,SHIP,ly. furiousl
46531-3,46531,1936,69,3,42.00,77193.06,0.06,0.04,N,O,1995-12-04,1995-10-20,1996-01-02,DELIVER IN PERSON,SHIP,ckly ironic packages affix
46531-4,46531,9,35,4,5.00,4545.00,0.09,0.00,N,O,1995-08-25,1995-11-17,1995-09-10,NONE,REG AIR,instructions haggle blithely ironic account
46531-5,46531,232,33,5,1.00,1132.23,0.08,0.00,N,O,1995-12-11,1995-10-01,1996-01-08,COLLECT COD,RAIL,. furiously unusual packages
46531-6,46531,1917,62,6,37.00,67299.67,0.04,0.05,N,O,1995-11-10,1995-11-09,1995-11-28,NONE,REG AIR,"e even, idle re"
46531-7,46531,982,85,7,32.00,60255.36,0.05,0.00,N,O,1995-10-15,1995-11-10,1995-11-07,NONE,MAIL,ly regular dolphins wake b
46532-1,46532,176,55,1,24.00,25828.08,0.07,0.07,N,O,1998-02-02,1998-03-08,1998-02-27,TAKE BACK RETURN,AIR,unts sleep furio
46532-2,46532,526,17,2,28.00,39942.56,0.01,0.06,N,O,1998-03-05,1998-03-19,1998-03-16,TAKE BACK RETURN,SHIP,"e the final, pending fo"
46532-3,46532,1996,85,3,7.00,13285.93,0.05,0.07,N,O,1998-01-23,1998-02-05,1998-02-06,COLLECT COD,SHIP,s haggle quickly across the carefully 
46533-1,46533,1620,21,1,16.00,24345.92,0.03,0.02,R,F,1994-11-17,1994-12-01,1994-12-16,TAKE BACK RETURN,AIR,old deposits about the
46533-2,46533,709,6,2,21.00,33803.70,0.06,0.03,R,F,1994-12-11,1994-11-14,1994-12-20,NONE,AIR,ly final requests! busily 
46533-3,46533,247,2,3,48.00,55067.52,0.08,0.00,A,F,1994-12-20,1995-01-03,1995-01-14,DELIVER IN PERSON,SHIP,tealthily even p
46533-4,46533,880,47,4,1.00,1780.88,0.01,0.03,R,F,1994-10-13,1994-12-30,1994-10-29,COLLECT COD,TRUCK,symptotes cajole. final foxes along th
46534-1,46534,1894,24,1,43.00,77223.27,0.09,0.08,A,F,1992-11-11,1992-11-08,1992-11-16,DELIVER IN PERSON,FOB,es nag carefull
46535-1,46535,1984,17,1,49.00,92413.02,0.04,0.04,R,F,1995-05-06,1995-04-20,1995-05-31,COLLECT COD,SHIP,the slyly final packages. furio
46560-1,46560,1262,100,1,46.00,53509.96,0.06,0.07,N,O,1997-10-25,1997-11-14,1997-11-20,NONE,MAIL,structions snooze against the regul
46560-2,46560,99,100,2,24.00,23978.16,0.06,0.05,N,O,1997-10-31,1997-09-30,1997-11-30,NONE,SHIP,ly ironic packages. courts
46560-3,46560,1409,27,3,21.00,27518.40,0.01,0.08,N,O,1997-10-05,1997-11-13,1997-11-04,DELIVER IN PERSON,REG AIR, slyly carefully regular courts. caref
46561-1,46561,1796,39,1,10.00,16977.90,0.00,0.01,N,O,1997-07-29,1997-07-11,1997-08-13,TAKE BACK RETURN,SHIP, slyly ironic pinto beans cajole quickly at
46562-1,46562,949,84,1,9.00,16649.46,0.06,0.05,R,F,1995-02-15,1995-05-06,1995-03-08,COLLECT COD,SHIP,ar requests are caref
46562-2,46562,1774,17,2,1.00,1675.77,0.05,0.03,A,F,1995-04-12,1995-05-05,1995-04-28,NONE,TRUCK,luffily even platelets-- furiou
46562-3,46562,1326,41,3,47.00,57684.04,0.04,0.06,R,F,1995-04-25,1995-05-03,1995-05-25,COLLECT COD,MAIL,jole. blithely express theodolites across t
46563-1,46563,1383,84,1,9.00,11559.42,0.07,0.07,R,F,1992-05-13,1992-03-16,1992-06-09,NONE,MAIL,y bold theodolites alongside of th
46563-2,46563,353,82,2,1.00,1253.35,0.02,0.01,R,F,1992-04-09,1992-03-28,1992-04-26,COLLECT COD,TRUCK,ding theod
46563-3,46563,205,87,3,20.00,22104.00,0.01,0.07,A,F,1992-01-29,1992-03-05,1992-02-05,COLLECT COD,REG AIR,furiously b
46563-4,46563,1705,90,4,36.00,57841.20,0.09,0.02,R,F,1992-02-02,1992-04-11,1992-02-28,NONE,FOB,even packages cajole fluffil
46564-1,46564,302,59,1,25.00,30057.50,0.01,0.01,N,O,1998-08-18,1998-07-13,1998-09-15,COLLECT COD,RAIL, dependencies snooze furiously c
46564-2,46564,518,9,2,43.00,60995.93,0.10,0.08,N,O,1998-05-22,1998-06-20,1998-06-18,TAKE BACK RETURN,AIR,blithely even accounts. stealthily regular 
46564-3,46564,1772,99,3,18.00,30127.86,0.09,0.07,N,O,1998-06-29,1998-07-21,1998-07-02,TAKE BACK RETURN,FOB,"even instructions. special, express "
46564-4,46564,313,70,4,35.00,42465.85,0.10,0.04,N,O,1998-07-16,1998-07-14,1998-08-05,DELIVER IN PERSON,RAIL,en asymptotes
46565-1,46565,1484,63,1,43.00,59575.64,0.08,0.04,N,O,1995-09-28,1995-08-27,1995-10-10,DELIVER IN PERSON,AIR,"ial, regular excuses. qui"
46565-2,46565,1933,22,2,42.00,77067.06,0.04,0.03,N,O,1995-07-03,1995-08-02,1995-07-24,COLLECT COD,FOB,uests. express deposits abo
46565-3,46565,1223,61,3,5.00,5621.10,0.09,0.01,N,O,1995-08-07,1995-07-27,1995-08-26,TAKE BACK RETURN,REG AIR,. quickly regular deposits
46565-4,46565,1845,32,4,43.00,75114.12,0.03,0.07,N,O,1995-07-08,1995-09-03,1995-07-17,TAKE BACK RETURN,FOB,lyly unusual instructions affix slyly
46565-5,46565,398,27,5,38.00,49338.82,0.03,0.01,N,O,1995-07-22,1995-09-09,1995-07-26,COLLECT COD,RAIL,ymptotes. 
46565-6,46565,577,38,6,44.00,65013.08,0.08,0.05,N,O,1995-09-03,1995-08-28,1995-09-06,DELIVER IN PERSON,RAIL,"thely after the bold, r"
46565-7,46565,165,44,7,36.00,38345.76,0.03,0.05,N,O,1995-09-05,1995-08-03,1995-10-03,NONE,RAIL,ecial deposits. slyly regula
46566-1,46566,1594,75,1,15.00,22433.85,0.03,0.07,R,F,1992-05-05,1992-06-26,1992-05-28,DELIVER IN PERSON,RAIL,n gifts above the pending theodolit
46566-2,46566,589,90,2,9.00,13406.22,0.01,0.02,A,F,1992-04-12,1992-06-20,1992-04-13,DELIVER IN PERSON,RAIL,es doze slyly ironic packages
46566-3,46566,787,52,3,45.00,75950.10,0.01,0.01,A,F,1992-05-24,1992-05-14,1992-06-22,COLLECT COD,SHIP,ar packages; furiou
46566-4,46566,437,96,4,17.00,22736.31,0.10,0.04,A,F,1992-07-08,1992-05-28,1992-07-12,TAKE BACK RETURN,RAIL, are unusual
46566-5,46566,255,56,5,23.00,26570.75,0.09,0.05,R,F,1992-04-16,1992-06-19,1992-05-13,TAKE BACK RETURN,AIR,c pinto beans after the pinto be
46566-6,46566,495,25,6,39.00,54424.11,0.05,0.01,A,F,1992-08-08,1992-06-10,1992-08-15,DELIVER IN PERSON,AIR,s pinto beans. caref
46567-1,46567,157,84,1,44.00,46514.60,0.09,0.03,N,O,1998-04-18,1998-07-12,1998-05-06,TAKE BACK RETURN,RAIL,usual reque
46567-2,46567,226,27,2,22.00,24776.84,0.10,0.04,N,O,1998-04-26,1998-06-28,1998-05-06,NONE,REG AIR,furiously according to
46592-1,46592,464,23,1,45.00,61400.70,0.09,0.07,A,F,1994-12-02,1994-09-19,1994-12-14,DELIVER IN PERSON,AIR, packages cajol
46592-2,46592,211,12,2,44.00,48893.24,0.03,0.08,R,F,1994-11-13,1994-10-04,1994-11-21,DELIVER IN PERSON,AIR,eas wake fluffily iron
46592-3,46592,161,62,3,9.00,9550.44,0.02,0.04,A,F,1994-09-09,1994-09-13,1994-10-05,TAKE BACK RETURN,MAIL,efully ironi
46593-1,46593,169,22,1,20.00,21383.20,0.04,0.02,N,O,1998-09-30,1998-07-11,1998-10-04,TAKE BACK RETURN,REG AIR,ts sleep darin
46594-1,46594,1933,22,1,43.00,78901.99,0.03,0.08,N,O,1998-07-29,1998-05-21,1998-08-19,DELIVER IN PERSON,MAIL,e carefully among the quickly special dep
46595-1,46595,1094,100,1,25.00,24877.25,0.06,0.07,N,O,1998-09-02,1998-08-21,1998-09-23,TAKE BACK RETURN,REG AIR,deas sublate bo
46595-2,46595,1407,47,2,10.00,13084.00,0.09,0.00,N,O,1998-07-03,1998-09-03,1998-07-16,DELIVER IN PERSON,SHIP,l foxes sleep carefully among t
46595-3,46595,1366,43,3,2.00,2534.72,0.04,0.07,N,O,1998-09-06,1998-08-25,1998-09-14,DELIVER IN PERSON,SHIP,"ng asymptotes around the even, silent "
46595-4,46595,754,51,4,49.00,81082.75,0.09,0.01,N,O,1998-08-28,1998-07-27,1998-09-02,COLLECT COD,AIR,equests boost blithely regular the
46596-1,46596,1207,8,1,18.00,19947.60,0.07,0.08,R,F,1993-08-16,1993-09-15,1993-09-05,TAKE BACK RETURN,SHIP,ully express accounts.
46596-2,46596,1990,91,2,7.00,13243.93,0.04,0.01,A,F,1993-08-12,1993-08-09,1993-09-07,COLLECT COD,TRUCK,gular ideas-- blithely s
46596-3,46596,500,1,3,16.00,22408.00,0.08,0.05,R,F,1993-08-08,1993-08-10,1993-08-11,DELIVER IN PERSON,RAIL,"resias wake regular, unusual "
46597-1,46597,539,40,1,6.00,8637.18,0.09,0.04,R,F,1993-02-16,1993-02-09,1993-03-18,DELIVER IN PERSON,RAIL,final theodolites sleep blith
46597-2,46597,1665,48,2,15.00,23499.90,0.01,0.00,R,F,1993-04-16,1993-03-10,1993-05-16,DELIVER IN PERSON,RAIL,ions are. slyly re
46597-3,46597,1808,38,3,1.00,1709.80,0.04,0.05,R,F,1993-03-04,1993-03-30,1993-04-03,COLLECT COD,RAIL,"tect blithely. ironic, even packages "
46597-4,46597,1804,91,4,27.00,46056.60,0.06,0.03,A,F,1993-02-11,1993-02-06,1993-02-26,NONE,FOB,usly special accounts sleep 
46597-5,46597,864,98,5,43.00,75888.98,0.03,0.06,A,F,1993-01-27,1993-02-16,1993-02-05,DELIVER IN PERSON,REG AIR,spite the blithely ironic instr
46597-6,46597,320,77,6,13.00,15864.16,0.00,0.06,A,F,1993-04-22,1993-03-13,1993-04-29,DELIVER IN PERSON,MAIL, pending accounts. excuses affix closely
46597-7,46597,302,87,7,23.00,27652.90,0.05,0.03,R,F,1993-02-10,1993-02-21,1993-03-03,DELIVER IN PERSON,RAIL,ts sleep among the even ideas. furi
46598-1,46598,984,53,1,16.00,30159.68,0.03,0.05,N,O,1995-06-29,1995-06-15,1995-07-09,COLLECT COD,REG AIR,nic theodolites are sentiments: 
46598-2,46598,1525,26,2,36.00,51354.72,0.02,0.00,A,F,1995-04-20,1995-07-12,1995-05-20,TAKE BACK RETURN,FOB,oxes run. quickly
46598-3,46598,379,80,3,14.00,17911.18,0.04,0.08,N,F,1995-06-12,1995-06-16,1995-06-29,TAKE BACK RETURN,REG AIR,"ess excuses wake silent, pending a"
46599-1,46599,1148,57,1,43.00,45113.02,0.04,0.07,R,F,1993-11-30,1993-12-11,1993-12-10,DELIVER IN PERSON,MAIL,es. furiousl
46599-2,46599,1804,91,2,6.00,10234.80,0.04,0.04,A,F,1994-01-09,1993-10-16,1994-01-12,TAKE BACK RETURN,FOB,sly final acc
46599-3,46599,1433,12,3,16.00,21350.88,0.02,0.02,R,F,1994-01-05,1993-10-14,1994-02-01,NONE,SHIP,ites. never silent accounts to the
46599-4,46599,49,100,4,31.00,29420.24,0.05,0.01,A,F,1993-11-07,1993-11-16,1993-11-30,DELIVER IN PERSON,MAIL,about the accounts. pending dep
46599-5,46599,1958,59,5,21.00,39058.95,0.00,0.03,R,F,1993-11-02,1993-11-13,1993-11-14,NONE,RAIL,foxes haggle blithely according to the care
46624-1,46624,1329,6,1,31.00,38139.92,0.00,0.06,R,F,1993-08-20,1993-07-18,1993-08-29,NONE,MAIL,ngside of the furiously sile
46624-2,46624,5,81,2,41.00,37105.00,0.07,0.04,R,F,1993-05-16,1993-07-15,1993-05-28,NONE,REG AIR,structions. fluffily pending requests detec
46624-3,46624,258,40,3,27.00,31272.75,0.00,0.04,R,F,1993-05-30,1993-06-02,1993-06-05,COLLECT COD,AIR,equests. final
46624-4,46624,1010,16,4,25.00,22775.25,0.04,0.00,A,F,1993-06-07,1993-06-17,1993-06-11,TAKE BACK RETURN,AIR,s. express pinto beans unwind quickl
46625-1,46625,1062,33,1,31.00,29854.86,0.09,0.01,A,F,1994-09-06,1994-10-02,1994-09-17,NONE,RAIL, the expre
46625-2,46625,722,19,2,29.00,47058.88,0.07,0.03,A,F,1994-11-05,1994-10-13,1994-12-03,COLLECT COD,SHIP,ly unusual courts hag
46626-1,46626,705,6,1,4.00,6422.80,0.08,0.02,A,F,1992-08-24,1992-09-11,1992-08-29,DELIVER IN PERSON,REG AIR,blithely pending foxes. furiously car
46626-2,46626,343,100,2,8.00,9946.72,0.10,0.04,A,F,1992-09-22,1992-09-14,1992-09-24,DELIVER IN PERSON,MAIL,", ironic dolphins. furiously"
46626-3,46626,241,23,3,35.00,39943.40,0.03,0.04,R,F,1992-07-03,1992-08-20,1992-07-27,TAKE BACK RETURN,AIR,uests above th
46627-1,46627,844,11,1,36.00,62814.24,0.02,0.04,R,F,1994-09-02,1994-07-12,1994-09-18,NONE,MAIL,s according to the slyly reg
46627-2,46627,925,26,2,25.00,45648.00,0.09,0.08,R,F,1994-09-04,1994-08-06,1994-09-23,NONE,SHIP,kages. even theodolites nag quickly af
46627-3,46627,651,45,3,21.00,32584.65,0.06,0.01,A,F,1994-07-13,1994-07-27,1994-08-03,NONE,REG AIR,xpress deposits. qui
46627-4,46627,893,94,4,17.00,30496.13,0.05,0.04,R,F,1994-07-31,1994-08-05,1994-08-12,COLLECT COD,REG AIR, final requests wake? blith
46627-5,46627,1935,24,5,10.00,18369.30,0.00,0.07,R,F,1994-08-02,1994-07-16,1994-08-11,DELIVER IN PERSON,SHIP,lently regular requests wake furiousl
46627-6,46627,24,25,6,30.00,27720.60,0.00,0.02,A,F,1994-07-22,1994-07-17,1994-07-25,COLLECT COD,AIR,packages against the blithely unusua
46627-7,46627,985,54,7,49.00,92413.02,0.01,0.06,A,F,1994-09-28,1994-08-17,1994-10-13,NONE,MAIL,s. warthogs shoul
46628-1,46628,491,50,1,37.00,51485.13,0.08,0.06,A,F,1994-10-03,1994-11-05,1994-10-15,NONE,TRUCK,y ironic platelets. deposits haggle furious
46628-2,46628,1501,2,2,37.00,51892.50,0.08,0.04,R,F,1994-10-31,1994-10-08,1994-11-04,COLLECT COD,FOB,gage evenly slyly iro
46628-3,46628,1766,93,3,15.00,25016.40,0.07,0.02,A,F,1994-12-07,1994-10-23,1995-01-06,NONE,TRUCK,ternes. ruthlessly ironic warth
46628-4,46628,198,77,4,10.00,10981.90,0.07,0.00,A,F,1994-09-30,1994-11-22,1994-10-11,TAKE BACK RETURN,TRUCK,dolites. bold depend
46628-5,46628,897,31,5,39.00,70117.71,0.05,0.07,R,F,1994-11-18,1994-10-17,1994-11-23,COLLECT COD,FOB,he regular foxes. special reques
46629-1,46629,78,54,1,27.00,26407.89,0.09,0.00,N,O,1996-10-27,1996-09-23,1996-11-07,COLLECT COD,SHIP,ly silent ideas haggle blith
46629-2,46629,531,32,2,27.00,38651.31,0.00,0.05,N,O,1996-08-28,1996-09-12,1996-09-09,COLLECT COD,FOB,ual braids. slyly regular
46629-3,46629,486,74,3,44.00,61005.12,0.02,0.05,N,O,1996-09-19,1996-11-02,1996-09-28,NONE,REG AIR,ar asymptotes wake carefully 
46629-4,46629,1680,22,4,11.00,17398.48,0.07,0.03,N,O,1996-10-01,1996-09-14,1996-10-17,COLLECT COD,SHIP,ven ideas cajole sometime
46629-5,46629,365,94,5,31.00,39226.16,0.08,0.06,N,O,1996-10-01,1996-09-17,1996-10-16,DELIVER IN PERSON,TRUCK,ages. slyly ironic foxes at the final req
46629-6,46629,956,59,6,32.00,59422.40,0.10,0.03,N,O,1996-11-28,1996-09-12,1996-11-29,TAKE BACK RETURN,REG AIR,g to the quickly regular deposits. 
46630-1,46630,1284,59,1,1.00,1185.28,0.02,0.02,N,O,1998-04-20,1998-06-15,1998-05-07,COLLECT COD,REG AIR,lets. regular instructions dete
46630-2,46630,1189,26,2,20.00,21803.60,0.00,0.01,N,O,1998-05-17,1998-05-14,1998-05-28,NONE,REG AIR,ithely ironic somas detect fluffily u
46630-3,46630,1593,74,3,14.00,20924.26,0.00,0.06,N,O,1998-05-17,1998-06-10,1998-06-11,TAKE BACK RETURN,SHIP, silent theodolites according to the q
46630-4,46630,757,90,4,46.00,76256.50,0.04,0.00,N,O,1998-04-19,1998-05-12,1998-05-09,TAKE BACK RETURN,MAIL, slyly regular foxes nag sly
46631-1,46631,619,20,1,5.00,7598.05,0.02,0.04,R,F,1992-06-02,1992-05-01,1992-06-11,COLLECT COD,FOB,ial packages sleep carefully blithel
46631-2,46631,649,43,2,14.00,21694.96,0.01,0.02,A,F,1992-06-14,1992-05-16,1992-06-25,NONE,SHIP, can are against the
46631-3,46631,687,88,3,39.00,61919.52,0.06,0.02,A,F,1992-04-15,1992-05-28,1992-04-30,TAKE BACK RETURN,FOB,ve the excuses. blith
46631-4,46631,701,98,4,44.00,70474.80,0.06,0.04,R,F,1992-04-03,1992-04-23,1992-04-18,NONE,AIR,posits are blith
46631-5,46631,1955,88,5,48.00,89133.60,0.03,0.05,A,F,1992-03-15,1992-04-12,1992-04-01,TAKE BACK RETURN,AIR,s. furiously even pinto beans among
46656-1,46656,898,32,1,41.00,73754.49,0.10,0.08,R,F,1994-08-21,1994-09-07,1994-09-02,COLLECT COD,RAIL,re along the fluffily express foxes. q
46656-2,46656,542,73,2,6.00,8655.24,0.01,0.06,R,F,1994-10-17,1994-08-24,1994-11-06,DELIVER IN PERSON,SHIP,tect carefully. bl
46656-3,46656,398,55,3,50.00,64919.50,0.04,0.04,A,F,1994-08-13,1994-08-29,1994-08-16,NONE,REG AIR,- fluffily ironic foxes nag c
46657-1,46657,739,4,1,27.00,44272.71,0.10,0.02,N,O,1996-06-30,1996-05-17,1996-07-09,NONE,SHIP,accounts. ex
46657-2,46657,1039,75,2,13.00,12220.39,0.08,0.07,N,O,1996-05-01,1996-06-17,1996-05-08,NONE,RAIL,furiously pending excuses. cou
46657-3,46657,1907,40,3,17.00,30751.30,0.08,0.04,N,O,1996-07-22,1996-07-02,1996-08-14,DELIVER IN PERSON,REG AIR,egular hockey
46657-4,46657,721,22,4,11.00,17838.92,0.06,0.03,N,O,1996-04-11,1996-05-07,1996-04-26,COLLECT COD,MAIL,ep after the ironic deposits. carefu
46657-5,46657,1614,15,5,8.00,12124.88,0.00,0.03,N,O,1996-04-19,1996-05-27,1996-05-09,COLLECT COD,RAIL,ic packages alongside of 
46657-6,46657,768,69,6,40.00,66750.40,0.04,0.01,N,O,1996-05-22,1996-06-27,1996-06-08,TAKE BACK RETURN,TRUCK,across the furiously regular p
46658-1,46658,418,77,1,50.00,65920.50,0.01,0.07,N,O,1995-10-17,1995-10-28,1995-11-05,TAKE BACK RETURN,SHIP,blithely final packages-- flu
46658-2,46658,1012,48,2,50.00,45650.50,0.01,0.05,N,O,1995-12-07,1995-09-26,1995-12-09,NONE,RAIL,s. slyly spec
46658-3,46658,721,86,3,24.00,38921.28,0.05,0.05,N,O,1995-09-11,1995-10-24,1995-09-17,TAKE BACK RETURN,RAIL,le blithely against the
46659-1,46659,1714,57,1,33.00,53318.43,0.02,0.08,A,F,1993-06-09,1993-05-23,1993-07-05,COLLECT COD,MAIL,gular accounts above the careful
46659-2,46659,259,60,2,38.00,44051.50,0.10,0.04,A,F,1993-05-10,1993-05-28,1993-06-06,DELIVER IN PERSON,RAIL, slyly regular de
46659-3,46659,1413,31,3,46.00,60462.86,0.00,0.02,A,F,1993-07-12,1993-06-25,1993-07-17,DELIVER IN PERSON,FOB,onic platelets. unu
46660-1,46660,153,80,1,36.00,37913.40,0.01,0.00,N,O,1996-07-30,1996-09-16,1996-08-14,TAKE BACK RETURN,AIR,"e special accounts. final, special courts n"
46660-2,46660,1296,34,2,1.00,1197.29,0.07,0.04,N,O,1996-11-13,1996-09-17,1996-12-11,DELIVER IN PERSON,TRUCK,unts boost. furiously regular deposits
46660-3,46660,1315,16,3,42.00,51085.02,0.08,0.05,N,O,1996-08-13,1996-09-01,1996-09-12,COLLECT COD,SHIP,ans are quickly requests. carefull
46660-4,46660,1461,79,4,24.00,32699.04,0.06,0.08,N,O,1996-10-19,1996-09-22,1996-11-05,COLLECT COD,SHIP,inal frets. r
46661-1,46661,856,57,1,26.00,45678.10,0.02,0.01,N,O,1998-05-01,1998-06-24,1998-05-08,COLLECT COD,MAIL,ses against the 
46661-2,46661,1404,5,2,10.00,13054.00,0.05,0.01,N,O,1998-06-25,1998-05-31,1998-07-22,COLLECT COD,MAIL,"he special, ironic dependencies wake c"
46662-1,46662,229,11,1,46.00,51944.12,0.09,0.03,N,O,1996-03-07,1996-02-20,1996-04-01,COLLECT COD,RAIL,o the regular ideas. carefully bol
46662-2,46662,901,4,2,16.00,28830.40,0.04,0.08,N,O,1996-02-04,1996-02-29,1996-02-20,NONE,TRUCK,"sleep fluffily. regular, special theo"
46662-3,46662,1245,83,3,22.00,25217.28,0.00,0.07,N,O,1996-02-10,1996-02-20,1996-02-11,NONE,SHIP,lithely pending requests. deposits grow bl
46662-4,46662,1347,48,4,17.00,21221.78,0.09,0.08,N,O,1996-04-12,1996-03-22,1996-04-25,NONE,SHIP,"lithely even, busy requests"
46662-5,46662,1822,52,5,1.00,1723.82,0.10,0.02,N,O,1996-02-17,1996-02-24,1996-03-16,COLLECT COD,FOB,s haggle. requests sleep slyly a
46663-1,46663,6,82,1,23.00,20838.00,0.01,0.06,N,O,1998-04-21,1998-05-26,1998-05-14,NONE,MAIL,y regular reques
46688-1,46688,548,79,1,36.00,52147.44,0.07,0.08,N,O,1998-01-07,1997-12-26,1998-01-28,COLLECT COD,SHIP,"egular, express accounts s"
46688-2,46688,600,31,2,27.00,40516.20,0.00,0.05,N,O,1997-10-03,1997-12-23,1997-10-09,DELIVER IN PERSON,TRUCK,somas haggle sometimes after the fluffil
46689-1,46689,1361,76,1,26.00,32821.36,0.07,0.08,N,O,1996-05-09,1996-03-06,1996-06-04,TAKE BACK RETURN,FOB,express asymptotes 
46689-2,46689,942,11,2,17.00,31329.98,0.04,0.03,N,O,1996-04-08,1996-04-06,1996-04-17,DELIVER IN PERSON,SHIP,carefully pending ideas haggle evenly aft
46689-3,46689,373,30,3,47.00,59848.39,0.00,0.08,N,O,1996-02-14,1996-03-06,1996-02-27,NONE,AIR," according to the ironic, bol"
46689-4,46689,726,59,4,40.00,65068.80,0.05,0.08,N,O,1996-02-15,1996-03-14,1996-03-09,COLLECT COD,AIR,daring deposits. slyl
46689-5,46689,1085,86,5,35.00,34512.80,0.10,0.01,N,O,1996-04-20,1996-03-29,1996-04-27,TAKE BACK RETURN,SHIP,ng instructions
46689-6,46689,1218,30,6,15.00,16788.15,0.04,0.08,N,O,1996-04-15,1996-02-23,1996-05-03,COLLECT COD,AIR,ly special
46689-7,46689,99,75,7,47.00,46957.23,0.03,0.03,N,O,1996-04-06,1996-03-08,1996-04-29,NONE,FOB,ickly ironic multipliers. carefully exp
46690-1,46690,569,100,1,34.00,49965.04,0.08,0.08,R,F,1993-11-28,1993-11-14,1993-11-30,TAKE BACK RETURN,AIR,nusual dependencies caj
46690-2,46690,587,18,2,26.00,38677.08,0.06,0.04,R,F,1993-10-12,1993-10-27,1993-10-13,DELIVER IN PERSON,FOB,carefully ironic asymptotes. blithely bold
46690-3,46690,1792,77,3,18.00,30488.22,0.10,0.00,R,F,1993-11-29,1993-11-15,1993-12-10,DELIVER IN PERSON,MAIL,ular instructions. ev
46690-4,46690,1389,28,4,27.00,34840.26,0.10,0.03,A,F,1993-10-13,1993-11-06,1993-11-05,TAKE BACK RETURN,TRUCK,dolphins. fluffily ironic theodolite
46690-5,46690,1829,30,5,25.00,43270.50,0.00,0.07,R,F,1993-12-27,1993-10-13,1993-12-31,NONE,REG AIR,kly unusual theodolites sl
46690-6,46690,618,12,6,34.00,51632.74,0.01,0.04,R,F,1993-11-04,1993-10-24,1993-11-05,COLLECT COD,FOB,"s cajole. bold, pe"
46690-7,46690,689,52,7,25.00,39742.00,0.03,0.01,A,F,1993-11-18,1993-11-12,1993-12-05,TAKE BACK RETURN,TRUCK,ly ironic pinto beans. furiously
46691-1,46691,1523,24,1,15.00,21367.80,0.04,0.01,R,F,1992-08-03,1992-09-01,1992-08-21,TAKE BACK RETURN,REG AIR,ets wake slyly beside the fox
46691-2,46691,21,97,2,30.00,27630.60,0.03,0.08,R,F,1992-08-15,1992-09-06,1992-08-27,TAKE BACK RETURN,MAIL,sts. quickly ironic packages cajole quickly
46691-3,46691,466,67,3,34.00,46459.64,0.04,0.06,R,F,1992-07-13,1992-09-05,1992-08-09,DELIVER IN PERSON,REG AIR,ideas haggle busily-- slyly e
46691-4,46691,1501,82,4,35.00,49087.50,0.10,0.02,R,F,1992-07-07,1992-08-05,1992-08-01,TAKE BACK RETURN,FOB,ajole slyly above 
46692-1,46692,1475,15,1,10.00,13764.70,0.05,0.04,N,O,1996-09-10,1996-10-06,1996-09-26,COLLECT COD,FOB,equests cajo
46693-1,46693,851,52,1,34.00,59562.90,0.08,0.04,N,O,1998-10-25,1998-08-10,1998-11-04,DELIVER IN PERSON,SHIP,nic foxes dazzle ca
46693-2,46693,1591,92,2,5.00,7462.95,0.01,0.01,N,O,1998-10-12,1998-09-28,1998-10-14,NONE,REG AIR,"fore the even, r"
46693-3,46693,405,64,3,12.00,15664.80,0.01,0.06,N,O,1998-11-08,1998-09-24,1998-11-30,COLLECT COD,FOB,c excuses. accoun
46693-4,46693,572,63,4,49.00,72155.93,0.08,0.02,N,O,1998-09-06,1998-09-05,1998-10-01,COLLECT COD,FOB,g to the furiously e
46693-5,46693,192,71,5,30.00,32765.70,0.04,0.07,N,O,1998-10-04,1998-08-14,1998-10-09,COLLECT COD,MAIL,out the quickly even accounts wake f
46693-6,46693,1191,64,6,13.00,14198.47,0.02,0.03,N,O,1998-10-27,1998-08-17,1998-11-21,NONE,REG AIR,wake slyly pending instruction
46693-7,46693,646,47,7,10.00,15466.40,0.01,0.05,N,O,1998-10-16,1998-08-16,1998-11-12,COLLECT COD,FOB,nic requests about the final tithe
46694-1,46694,617,11,1,46.00,69810.06,0.02,0.01,N,O,1995-12-16,1995-11-06,1995-12-24,DELIVER IN PERSON,TRUCK, slyly special foxes sleep car
46694-2,46694,623,24,2,45.00,68562.90,0.08,0.01,N,O,1995-12-24,1995-10-22,1996-01-04,NONE,SHIP,ronic packages. theodolites a
46694-3,46694,1687,11,3,27.00,42894.36,0.04,0.05,N,O,1995-11-28,1995-11-26,1995-12-15,COLLECT COD,MAIL, are slyly. carefully dogged 
46694-4,46694,1139,12,4,48.00,49926.24,0.05,0.01,N,O,1995-10-19,1995-10-22,1995-11-15,DELIVER IN PERSON,AIR,ronic accounts. even re
46694-5,46694,1516,57,5,26.00,36855.26,0.08,0.03,N,O,1995-09-28,1995-10-22,1995-10-05,TAKE BACK RETURN,TRUCK,"iously. final, even theodol"
46694-6,46694,384,69,6,4.00,5137.52,0.07,0.03,N,O,1995-11-13,1995-09-29,1995-12-08,DELIVER IN PERSON,MAIL,accounts across the fluffily ironic
46695-1,46695,1957,46,1,17.00,31602.15,0.09,0.06,R,F,1993-07-07,1993-07-21,1993-08-05,TAKE BACK RETURN,RAIL,. ironic pinto beans sle
46695-2,46695,237,65,2,4.00,4548.92,0.04,0.02,A,F,1993-07-22,1993-06-25,1993-07-23,DELIVER IN PERSON,SHIP,s. special account
46695-3,46695,1513,34,3,44.00,62238.44,0.07,0.06,R,F,1993-07-27,1993-07-16,1993-07-30,COLLECT COD,FOB,lthy theodolites are carefully never expr
46720-1,46720,1697,39,1,18.00,28776.42,0.04,0.05,N,O,1997-09-06,1997-07-01,1997-10-05,DELIVER IN PERSON,TRUCK,ar pinto beans. furiously
46720-2,46720,615,9,2,38.00,57593.18,0.01,0.04,N,O,1997-07-04,1997-08-12,1997-07-21,NONE,MAIL,ent packages kindle furiously. fu
46720-3,46720,835,2,3,21.00,36452.43,0.00,0.00,N,O,1997-08-04,1997-07-24,1997-08-10,DELIVER IN PERSON,TRUCK,yly after the blithely pen
46721-1,46721,356,57,1,8.00,10050.80,0.10,0.05,A,F,1994-10-25,1994-10-23,1994-11-12,TAKE BACK RETURN,MAIL,o beans. iron
46721-2,46721,202,84,2,35.00,38577.00,0.07,0.07,A,F,1994-11-16,1994-11-05,1994-11-28,COLLECT COD,SHIP,ronic sauternes. blithely ironic deposit
46721-3,46721,626,58,3,30.00,45798.60,0.03,0.03,R,F,1994-12-13,1994-10-20,1995-01-12,TAKE BACK RETURN,SHIP,e quickly blithely silent p
46721-4,46721,1540,61,4,6.00,8649.24,0.03,0.00,A,F,1994-10-17,1994-11-19,1994-11-10,DELIVER IN PERSON,SHIP,usual theodolites haggle across the even as
46721-5,46721,1423,24,5,5.00,6622.10,0.08,0.06,R,F,1995-01-08,1994-11-30,1995-01-25,NONE,SHIP, the blithely silent accounts.
46721-6,46721,1097,3,6,3.00,2994.27,0.04,0.03,A,F,1994-12-24,1994-11-06,1995-01-02,COLLECT COD,MAIL,above the packages. blithel
46722-1,46722,1108,45,1,17.00,17154.70,0.06,0.00,N,O,1996-02-02,1996-03-31,1996-02-24,DELIVER IN PERSON,SHIP,ests. carefully bold packages ar
46722-2,46722,64,90,2,49.00,47238.94,0.00,0.03,N,O,1996-04-28,1996-02-27,1996-05-19,NONE,TRUCK,slyly furiously bold deposits.
46722-3,46722,991,92,3,19.00,35947.81,0.09,0.08,N,O,1996-04-29,1996-03-11,1996-05-17,NONE,SHIP,ar deposits grow unusual requests
46722-4,46722,1718,3,4,12.00,19436.52,0.08,0.06,N,O,1996-03-31,1996-04-20,1996-04-29,NONE,FOB, ideas. carefully regular packages accor
46722-5,46722,971,74,5,39.00,73006.83,0.07,0.06,N,O,1996-01-27,1996-04-10,1996-02-07,TAKE BACK RETURN,FOB,sly across the blithely even pint
46722-6,46722,112,65,6,45.00,45544.95,0.10,0.06,N,O,1996-03-03,1996-04-12,1996-03-16,DELIVER IN PERSON,TRUCK,ckages wake slyly unu
46723-1,46723,1992,25,1,38.00,71971.62,0.06,0.00,R,F,1992-06-21,1992-06-07,1992-07-12,TAKE BACK RETURN,RAIL,elets are slyly about the car
46723-2,46723,1252,53,2,29.00,33444.25,0.02,0.07,R,F,1992-06-09,1992-05-21,1992-07-09,DELIVER IN PERSON,TRUCK,riously regular dependencies. fluffily spe
46723-3,46723,1705,6,3,26.00,41774.20,0.02,0.03,R,F,1992-05-02,1992-07-04,1992-05-30,NONE,RAIL,r accounts wake quickly regular re
46724-1,46724,136,89,1,17.00,17614.21,0.07,0.00,N,O,1997-03-11,1997-04-02,1997-04-03,TAKE BACK RETURN,TRUCK,"ent, regular attainments cajole care"
46724-2,46724,1330,31,2,4.00,4925.32,0.05,0.08,N,O,1997-03-19,1997-04-02,1997-04-16,COLLECT COD,AIR,s cajole. carefully
46724-3,46724,930,65,3,26.00,47604.18,0.00,0.07,N,O,1997-02-20,1997-04-04,1997-02-21,TAKE BACK RETURN,AIR,even ideas. quickly unusual asy
46725-1,46725,328,57,1,23.00,28251.36,0.09,0.06,R,F,1993-12-14,1993-10-29,1993-12-22,TAKE BACK RETURN,MAIL,slyly final d
46725-2,46725,1581,62,2,21.00,31134.18,0.06,0.07,A,F,1993-11-04,1993-12-14,1993-11-07,DELIVER IN PERSON,AIR,lithe notornis. quickly ironic package
46725-3,46725,397,98,3,50.00,64869.50,0.10,0.04,R,F,1993-11-29,1993-11-08,1993-12-16,COLLECT COD,REG AIR,althily furiously r
46725-4,46725,1971,16,4,8.00,14983.76,0.03,0.00,A,F,1993-09-23,1993-11-29,1993-10-16,COLLECT COD,AIR,arefully even packages nag s
46725-5,46725,867,68,5,28.00,49500.08,0.06,0.00,A,F,1993-09-30,1993-10-26,1993-10-30,COLLECT COD,TRUCK,eans across the sl
46725-6,46725,271,26,6,20.00,23425.40,0.05,0.08,A,F,1993-11-27,1993-11-03,1993-11-28,TAKE BACK RETURN,TRUCK,regular excuses. slyly bo
46725-7,46725,86,87,7,2.00,1972.16,0.08,0.03,A,F,1994-01-15,1993-11-08,1994-01-31,DELIVER IN PERSON,TRUCK,ut the foxes. ideas engage. furiously iron
46726-1,46726,1372,73,1,1.00,1273.37,0.00,0.01,A,F,1992-07-30,1992-08-28,1992-08-09,COLLECT COD,REG AIR,en excuses. slyly iro
46726-2,46726,160,39,2,25.00,26504.00,0.09,0.02,A,F,1992-10-13,1992-08-07,1992-10-16,DELIVER IN PERSON,REG AIR,uests should have to wake carefully at
46726-3,46726,1078,79,3,24.00,23497.68,0.05,0.06,R,F,1992-10-03,1992-09-06,1992-10-11,TAKE BACK RETURN,RAIL,cajole daringl
46726-4,46726,1150,51,4,40.00,42046.00,0.05,0.06,R,F,1992-09-16,1992-09-15,1992-10-04,TAKE BACK RETURN,TRUCK,ully about the regular excuses. silent acc
46727-1,46727,1649,50,1,35.00,54272.40,0.10,0.01,A,F,1995-03-10,1995-01-02,1995-03-19,NONE,REG AIR,"; thin, final sentiments "
46727-2,46727,252,80,2,2.00,2304.50,0.08,0.07,A,F,1995-02-04,1994-12-24,1995-02-24,NONE,REG AIR,al accounts sleep. regular instruc
46727-3,46727,1114,15,3,30.00,30453.30,0.07,0.00,R,F,1994-12-09,1995-02-03,1995-01-03,DELIVER IN PERSON,MAIL,ithely final asymptotes wake b
46727-4,46727,676,8,4,2.00,3153.34,0.00,0.03,A,F,1995-01-13,1995-01-27,1995-02-11,COLLECT COD,RAIL,ely ironic deposits. furiou
46752-1,46752,652,53,1,46.00,71421.90,0.05,0.04,N,O,1996-09-02,1996-09-08,1996-09-05,DELIVER IN PERSON,TRUCK,ronic packages nag silently. enticingly 
46752-2,46752,1671,54,2,47.00,73915.49,0.01,0.06,N,O,1996-11-12,1996-09-19,1996-12-01,DELIVER IN PERSON,SHIP,unts detect blithely. unusual requests 
46752-3,46752,493,81,3,4.00,5573.96,0.04,0.02,N,O,1996-09-04,1996-09-17,1996-09-11,TAKE BACK RETURN,TRUCK,g the slyly fi
46752-4,46752,440,41,4,2.00,2680.88,0.08,0.06,N,O,1996-09-18,1996-09-17,1996-10-10,DELIVER IN PERSON,FOB, furiously carefully ironic 
46753-1,46753,1522,23,1,34.00,48399.68,0.06,0.04,N,O,1996-06-13,1996-06-01,1996-07-08,TAKE BACK RETURN,AIR,haggle slyly bold tithes. fluffily ca
46753-2,46753,695,96,2,10.00,15956.90,0.05,0.04,N,O,1996-05-07,1996-06-03,1996-05-10,DELIVER IN PERSON,MAIL,of the even theodolites. pinto beans aro
46753-3,46753,789,90,3,34.00,57452.52,0.07,0.08,N,O,1996-06-06,1996-06-07,1996-06-12,COLLECT COD,SHIP,nts. blithely regular accounts in
46753-4,46753,207,8,4,25.00,27680.00,0.07,0.01,N,O,1996-05-19,1996-06-01,1996-05-23,COLLECT COD,AIR,equests snooze blithely. bold depo
46754-1,46754,1406,24,1,40.00,52296.00,0.00,0.06,N,O,1997-12-29,1997-11-20,1997-12-30,DELIVER IN PERSON,AIR,iously bold instructions. quickly ev
46754-2,46754,1355,56,2,39.00,48997.65,0.10,0.06,N,O,1998-01-02,1997-11-15,1998-01-29,COLLECT COD,SHIP,es special deposits inte
46754-3,46754,541,2,3,40.00,57661.60,0.04,0.01,N,O,1997-12-10,1997-11-19,1997-12-13,NONE,RAIL,"hely bold, ironic packages. fin"
46754-4,46754,387,44,4,22.00,28322.36,0.05,0.07,N,O,1997-12-08,1997-10-28,1998-01-01,NONE,AIR,ar asymptotes haggle after the 
46755-1,46755,412,13,1,16.00,20998.56,0.07,0.06,R,F,1995-03-14,1995-04-18,1995-03-28,TAKE BACK RETURN,RAIL,ns. ironic theodolit
46755-2,46755,1323,24,2,21.00,25710.72,0.00,0.04,A,F,1995-04-19,1995-04-10,1995-04-25,NONE,SHIP,al instructions. careful
46755-3,46755,1689,72,3,46.00,73171.28,0.03,0.01,A,F,1995-03-05,1995-04-30,1995-03-09,NONE,FOB,deas. blithely expres
46755-4,46755,941,44,4,39.00,71835.66,0.08,0.04,R,F,1995-04-27,1995-03-10,1995-04-30,COLLECT COD,SHIP,t the quickly unusual theod
46755-5,46755,275,30,5,31.00,36433.37,0.01,0.04,R,F,1995-03-17,1995-03-23,1995-03-19,NONE,REG AIR,usly. furiously silent re
46755-6,46755,1816,46,6,36.00,61841.16,0.05,0.02,A,F,1995-04-16,1995-04-03,1995-04-17,TAKE BACK RETURN,MAIL,leep. furiously p
46756-1,46756,1917,6,1,46.00,83669.86,0.06,0.05,A,F,1995-01-30,1994-12-28,1995-02-21,NONE,MAIL,egular instructions alongside of 
46756-2,46756,714,79,2,34.00,54900.14,0.06,0.03,R,F,1994-11-19,1994-12-27,1994-12-17,DELIVER IN PERSON,REG AIR,", ironic deposits wake according to the "
46756-3,46756,1587,8,3,42.00,62520.36,0.05,0.08,A,F,1994-12-15,1994-11-20,1994-12-27,TAKE BACK RETURN,REG AIR,riously about the quietly final fox
46756-4,46756,1398,13,4,2.00,2598.78,0.03,0.07,R,F,1994-10-20,1994-12-17,1994-10-29,TAKE BACK RETURN,FOB,l ideas boost about the furiously pend
46757-1,46757,1163,36,1,10.00,10641.60,0.01,0.05,N,O,1995-09-15,1995-08-17,1995-10-14,TAKE BACK RETURN,AIR, above the fluffily eve
46757-2,46757,593,94,2,24.00,35846.16,0.08,0.02,N,O,1995-08-13,1995-07-20,1995-09-10,NONE,TRUCK,s beside the pendin
46758-1,46758,1619,43,1,7.00,10644.27,0.06,0.00,N,O,1995-12-29,1995-10-12,1995-12-30,NONE,AIR,frets; instructions alongside of the 
46759-1,46759,714,47,1,3.00,4844.13,0.02,0.04,N,O,1996-01-25,1996-01-31,1996-02-15,NONE,TRUCK,xpress accounts nod
46759-2,46759,1163,36,2,33.00,35117.28,0.07,0.01,N,O,1996-04-09,1996-03-02,1996-05-04,DELIVER IN PERSON,TRUCK,ccounts use slyly carefully even 
46759-3,46759,221,3,3,37.00,41485.14,0.06,0.04,N,O,1996-01-01,1996-03-01,1996-01-06,COLLECT COD,REG AIR,press pinto beans. blithe
46759-4,46759,268,96,4,26.00,30374.76,0.08,0.03,N,O,1996-02-21,1996-02-12,1996-03-12,DELIVER IN PERSON,REG AIR,onic packages wake furiou
46784-1,46784,571,32,1,43.00,63277.51,0.05,0.02,N,O,1995-12-01,1995-12-25,1995-12-25,COLLECT COD,AIR,ly accounts. c
46784-2,46784,866,33,2,5.00,8834.30,0.04,0.03,N,O,1995-11-25,1995-12-11,1995-12-16,TAKE BACK RETURN,AIR,y atop the slyly r
46784-3,46784,1254,92,3,7.00,8086.75,0.08,0.01,N,O,1996-02-05,1995-12-20,1996-02-25,NONE,REG AIR, the furiousl
46784-4,46784,1942,87,4,19.00,35034.86,0.05,0.00,N,O,1996-01-20,1995-12-11,1996-01-24,COLLECT COD,SHIP,uriously pending requests: blithely ironic
46784-5,46784,309,66,5,35.00,42325.50,0.03,0.00,N,O,1996-02-17,1995-12-14,1996-02-25,TAKE BACK RETURN,SHIP,ons. fluffily special ideas haggle. entic
46784-6,46784,610,4,6,41.00,61935.01,0.07,0.08,N,O,1995-12-10,1996-01-09,1996-01-03,COLLECT COD,REG AIR,rding to the blithely even ideas
46785-1,46785,778,75,1,41.00,68829.57,0.09,0.01,R,F,1993-02-22,1993-04-15,1993-03-17,TAKE BACK RETURN,MAIL,among the attainments. carefully re
46785-2,46785,253,8,2,48.00,55356.00,0.07,0.08,R,F,1993-03-05,1993-03-28,1993-04-02,NONE,FOB,ar instructio
46785-3,46785,1476,16,3,26.00,35814.22,0.03,0.03,R,F,1993-03-05,1993-04-30,1993-03-19,TAKE BACK RETURN,TRUCK,ts. carefully express soma
46786-1,46786,1729,56,1,29.00,47290.88,0.08,0.02,A,F,1993-06-13,1993-06-17,1993-07-04,COLLECT COD,REG AIR,lithely about 
46786-2,46786,747,44,2,43.00,70852.82,0.07,0.00,A,F,1993-07-13,1993-06-11,1993-07-21,DELIVER IN PERSON,AIR,"t furiously. regular, special pinto beans "
46786-3,46786,925,28,3,26.00,47473.92,0.03,0.08,R,F,1993-04-30,1993-05-23,1993-05-11,DELIVER IN PERSON,REG AIR,yly careful pinto beans. final ideas
46786-4,46786,323,80,4,42.00,51379.44,0.03,0.03,R,F,1993-05-09,1993-06-10,1993-06-04,TAKE BACK RETURN,FOB,s. packages after the special inst
46786-5,46786,1945,34,5,16.00,29551.04,0.02,0.08,R,F,1993-06-27,1993-05-20,1993-07-18,DELIVER IN PERSON,SHIP, asymptotes. carefully ironic packages af
46786-6,46786,1586,27,6,26.00,38677.08,0.08,0.04,R,F,1993-07-27,1993-05-18,1993-08-06,DELIVER IN PERSON,RAIL,longside of the ca
46787-1,46787,214,69,1,35.00,38997.35,0.10,0.07,A,F,1992-07-02,1992-06-22,1992-07-26,DELIVER IN PERSON,SHIP,he furious
46787-2,46787,480,81,2,41.00,56599.68,0.00,0.05,R,F,1992-06-25,1992-05-22,1992-07-08,TAKE BACK RETURN,RAIL,ly across the carefull
46787-3,46787,1008,79,3,37.00,33633.00,0.06,0.07,R,F,1992-06-23,1992-06-27,1992-07-08,DELIVER IN PERSON,RAIL,olites believe quickly regular theodolites.
46787-4,46787,1619,20,4,22.00,33453.42,0.09,0.07,R,F,1992-05-24,1992-05-15,1992-06-19,COLLECT COD,SHIP,structions. deposits nag above the blithely
46788-1,46788,1592,73,1,19.00,28378.21,0.07,0.05,R,F,1992-05-30,1992-03-26,1992-06-05,DELIVER IN PERSON,FOB,ges are? even asymptotes use furiously.
46788-2,46788,670,2,2,14.00,21989.38,0.04,0.00,A,F,1992-05-14,1992-04-10,1992-05-17,NONE,FOB,nstructions boost furiously unusu
46788-3,46788,235,17,3,8.00,9081.84,0.00,0.06,A,F,1992-03-20,1992-04-06,1992-04-04,DELIVER IN PERSON,FOB,ound the courts cajole accounts
46788-4,46788,501,62,4,3.00,4204.50,0.05,0.06,R,F,1992-02-22,1992-03-19,1992-03-03,COLLECT COD,FOB,are unusual deposits
46788-5,46788,1869,99,5,26.00,46042.36,0.01,0.08,A,F,1992-02-04,1992-04-21,1992-02-27,NONE,REG AIR,accounts against the s
46789-1,46789,751,16,1,41.00,67721.75,0.04,0.00,N,O,1997-03-18,1997-03-09,1997-04-14,DELIVER IN PERSON,MAIL,n requests. fu
46789-2,46789,1048,54,2,49.00,46502.96,0.06,0.08,N,O,1997-02-20,1997-03-11,1997-03-19,TAKE BACK RETURN,FOB,unts. carefully regul
46790-1,46790,753,18,1,18.00,29767.50,0.08,0.03,N,O,1998-04-25,1998-06-07,1998-05-22,DELIVER IN PERSON,RAIL,refully final deposits. quickly even wa
46790-2,46790,1928,73,2,23.00,42088.16,0.00,0.08,N,O,1998-04-16,1998-05-13,1998-04-18,DELIVER IN PERSON,MAIL,ourts use stealthily. slyly
46790-3,46790,738,3,3,15.00,24580.95,0.05,0.08,N,O,1998-07-04,1998-05-27,1998-07-22,COLLECT COD,REG AIR,ans. packages slee
46790-4,46790,1333,72,4,13.00,16046.29,0.08,0.07,N,O,1998-05-20,1998-05-11,1998-05-21,NONE,FOB,quests are. foxes alo
46791-1,46791,1466,67,1,40.00,54698.40,0.03,0.08,R,F,1994-05-16,1994-05-29,1994-06-06,NONE,REG AIR,ckages run carefully 
46791-2,46791,84,35,2,32.00,31490.56,0.05,0.06,R,F,1994-04-13,1994-05-06,1994-04-16,DELIVER IN PERSON,SHIP,he slyly bol
46791-3,46791,495,54,3,4.00,5581.96,0.06,0.03,R,F,1994-06-09,1994-04-04,1994-06-11,COLLECT COD,MAIL, alongside of the regular Tiresias bo
46791-4,46791,695,96,4,29.00,46275.01,0.07,0.08,A,F,1994-06-12,1994-05-11,1994-07-06,DELIVER IN PERSON,SHIP,"t, regular platelet"
46791-5,46791,505,36,5,13.00,18271.50,0.07,0.08,A,F,1994-05-12,1994-04-09,1994-06-06,COLLECT COD,REG AIR,r packages. fluffily regular platelets d
46816-1,46816,987,90,1,29.00,54751.42,0.01,0.04,N,O,1996-04-04,1996-03-28,1996-04-27,COLLECT COD,TRUCK,ickly. blithely pen
46816-2,46816,1822,9,2,5.00,8619.10,0.03,0.02,N,O,1996-02-12,1996-03-31,1996-03-04,DELIVER IN PERSON,SHIP,cuses wake
46816-3,46816,234,89,3,19.00,21550.37,0.01,0.01,N,O,1996-04-11,1996-03-08,1996-04-16,DELIVER IN PERSON,AIR,are fluffily even a
46816-4,46816,1380,19,4,42.00,53817.96,0.09,0.01,N,O,1996-02-11,1996-03-11,1996-03-01,DELIVER IN PERSON,MAIL,ding to the expres
46817-1,46817,1043,49,1,20.00,18880.80,0.00,0.04,A,F,1992-11-10,1992-09-25,1992-12-07,NONE,AIR,ges! dependencies sleep across
46817-2,46817,859,93,2,44.00,77433.40,0.01,0.08,R,F,1992-08-24,1992-09-18,1992-08-31,NONE,AIR,fix blithely furi
46817-3,46817,771,68,3,23.00,38450.71,0.02,0.07,A,F,1992-08-14,1992-09-01,1992-08-24,DELIVER IN PERSON,MAIL,enticing pains cajole. blithely r
46817-4,46817,851,51,4,22.00,38540.70,0.07,0.04,R,F,1992-07-30,1992-09-25,1992-08-10,NONE,MAIL,eas. requests use according to
46817-5,46817,1972,73,5,49.00,91824.53,0.05,0.02,R,F,1992-11-23,1992-10-23,1992-12-10,TAKE BACK RETURN,TRUCK,ependencies. fluffily regular accoun
46818-1,46818,1693,76,1,2.00,3189.38,0.06,0.02,N,O,1995-11-25,1996-01-27,1995-12-04,DELIVER IN PERSON,REG AIR,s haggle slyly along the blithely unu
46819-1,46819,1241,16,1,13.00,14849.12,0.00,0.02,N,O,1998-03-11,1998-01-28,1998-03-18,DELIVER IN PERSON,RAIL,en pinto bea
46819-2,46819,1126,63,2,35.00,35949.20,0.08,0.04,N,O,1998-01-22,1997-12-25,1998-01-29,NONE,SHIP,even theodolite
46819-3,46819,1835,22,3,43.00,74683.69,0.09,0.05,N,O,1998-02-25,1998-01-26,1998-03-20,COLLECT COD,TRUCK,ng to the quickly regular packa
46819-4,46819,456,57,4,37.00,50188.65,0.01,0.04,N,O,1998-02-02,1998-01-21,1998-02-10,DELIVER IN PERSON,AIR,after the 
46820-1,46820,1922,67,1,26.00,47421.92,0.01,0.00,N,O,1996-11-17,1996-10-04,1996-11-27,COLLECT COD,MAIL,ly express packages kindle b
46820-2,46820,658,52,2,49.00,76373.85,0.02,0.05,N,O,1996-10-04,1996-09-30,1996-10-16,DELIVER IN PERSON,TRUCK,ven foxes sleep carefully darin
46820-3,46820,289,44,3,29.00,34489.12,0.07,0.00,N,O,1996-10-31,1996-11-16,1996-11-15,COLLECT COD,RAIL,structions? quickly slow reques
46820-4,46820,656,57,4,17.00,26463.05,0.10,0.03,N,O,1996-11-27,1996-11-09,1996-12-18,DELIVER IN PERSON,SHIP,y even accounts sleep above the ca
46820-5,46820,750,51,5,11.00,18158.25,0.07,0.07,N,O,1996-09-09,1996-11-03,1996-09-22,COLLECT COD,RAIL, requests. closely pending packag
46820-6,46820,1468,86,6,39.00,53408.94,0.07,0.03,N,O,1996-11-19,1996-10-15,1996-11-23,NONE,RAIL,lly final requests. slyly final theodolit
46821-1,46821,490,91,1,36.00,50057.64,0.07,0.02,N,O,1996-04-26,1996-05-11,1996-05-13,COLLECT COD,SHIP,l instructions. unusual theodolit
46822-1,46822,544,35,1,7.00,10111.78,0.06,0.00,N,O,1997-05-19,1997-05-12,1997-06-05,TAKE BACK RETURN,MAIL,"final, regular "
46822-2,46822,934,37,2,42.00,77067.06,0.03,0.06,N,O,1997-05-19,1997-06-17,1997-05-24,NONE,TRUCK,ecial accounts. carefu
46822-3,46822,1801,45,3,28.00,47678.40,0.06,0.01,N,O,1997-05-01,1997-04-25,1997-05-23,COLLECT COD,FOB,ckages haggle. blith
46822-4,46822,1137,38,4,7.00,7266.91,0.10,0.04,N,O,1997-05-22,1997-04-24,1997-06-13,COLLECT COD,AIR,inst the quickly regular courts. sl
46822-5,46822,393,78,5,3.00,3880.17,0.03,0.08,N,O,1997-06-01,1997-06-20,1997-06-04,DELIVER IN PERSON,RAIL,s. ironic sheaves w
46822-6,46822,348,77,6,17.00,21221.78,0.02,0.05,N,O,1997-06-13,1997-06-03,1997-06-16,COLLECT COD,SHIP,he quickly final deposits sleep fl
46822-7,46822,1129,30,7,12.00,12361.44,0.02,0.07,N,O,1997-04-16,1997-05-28,1997-04-27,NONE,MAIL,inst the blithely ironic decoys. regular
46823-1,46823,1950,83,1,39.00,72226.05,0.04,0.00,A,F,1994-04-08,1994-04-09,1994-04-28,DELIVER IN PERSON,TRUCK,excuses. s
46823-2,46823,470,29,2,39.00,53448.33,0.05,0.07,A,F,1994-06-10,1994-05-09,1994-07-05,TAKE BACK RETURN,REG AIR,each. regular deposits integrate furious
46823-3,46823,963,32,3,50.00,93198.00,0.04,0.05,R,F,1994-05-02,1994-04-22,1994-05-20,TAKE BACK RETURN,SHIP,l instructi
46823-4,46823,131,84,4,31.00,31965.03,0.03,0.05,R,F,1994-06-01,1994-06-03,1994-06-05,DELIVER IN PERSON,FOB,the permanent accounts. even instru
46823-5,46823,310,95,5,23.00,27837.13,0.08,0.06,R,F,1994-04-21,1994-05-24,1994-04-24,DELIVER IN PERSON,MAIL,s. pending pinto beans am
46848-1,46848,795,28,1,17.00,28828.43,0.07,0.03,A,F,1995-01-18,1994-12-27,1995-01-26,TAKE BACK RETURN,MAIL,structions bre
46848-2,46848,1100,36,2,7.00,7007.70,0.05,0.04,R,F,1995-01-15,1994-12-24,1995-02-11,TAKE BACK RETURN,REG AIR,ts after the careful
46848-3,46848,1736,79,3,40.00,65509.20,0.03,0.05,A,F,1995-02-02,1994-12-12,1995-02-08,TAKE BACK RETURN,AIR,ns. special instructions use carefull
46849-1,46849,1194,31,1,37.00,40522.03,0.09,0.04,A,F,1994-03-26,1994-03-12,1994-03-28,COLLECT COD,SHIP,thely quickly even deposi
46850-1,46850,1082,88,1,16.00,15729.28,0.04,0.00,A,F,1993-12-21,1994-03-04,1993-12-30,NONE,AIR,l accounts sleep furiously regular deposi
46851-1,46851,1809,39,1,32.00,54745.60,0.00,0.00,N,O,1996-12-12,1997-02-26,1997-01-02,TAKE BACK RETURN,FOB,above the fluffily regular 
46851-2,46851,1667,68,2,14.00,21961.24,0.08,0.03,N,O,1997-01-29,1997-02-26,1997-01-31,DELIVER IN PERSON,RAIL,sits across the pending requests sl
46851-3,46851,711,44,3,1.00,1611.71,0.07,0.03,N,O,1997-04-01,1997-01-24,1997-04-30,COLLECT COD,AIR,ses print furiously about the 
46851-4,46851,316,45,4,1.00,1216.31,0.02,0.04,N,O,1997-01-20,1997-02-24,1997-02-06,DELIVER IN PERSON,RAIL, slyly bold deposits. carefully specia
46851-5,46851,64,40,5,36.00,34706.16,0.09,0.05,N,O,1997-04-01,1997-01-27,1997-05-01,COLLECT COD,TRUCK,es above the careful
46852-1,46852,111,90,1,33.00,33366.63,0.06,0.01,A,F,1992-03-28,1992-04-14,1992-04-01,TAKE BACK RETURN,REG AIR,sleep slyly final depos
46852-2,46852,928,29,2,35.00,64012.20,0.10,0.04,A,F,1992-04-21,1992-03-12,1992-05-10,COLLECT COD,MAIL,ages cajole above the quickly reg
46852-3,46852,601,64,3,6.00,9009.60,0.09,0.02,A,F,1992-02-24,1992-04-23,1992-03-19,DELIVER IN PERSON,AIR,iet pinto beans. quickly iron
46852-4,46852,883,83,4,31.00,55300.28,0.00,0.03,R,F,1992-02-12,1992-04-26,1992-03-07,COLLECT COD,TRUCK,nts nod blit
46852-5,46852,1282,20,5,43.00,50881.04,0.04,0.05,R,F,1992-05-11,1992-04-20,1992-05-22,DELIVER IN PERSON,MAIL,ly blithely regular requests: even fox
46852-6,46852,855,55,6,35.00,61454.75,0.03,0.02,R,F,1992-05-18,1992-02-29,1992-05-19,TAKE BACK RETURN,RAIL,ly pending deposits at the quickl
46852-7,46852,1380,81,7,38.00,48692.44,0.01,0.06,A,F,1992-04-21,1992-03-13,1992-04-26,TAKE BACK RETURN,MAIL,es was blithely bold requests. slyly ir
46853-1,46853,789,22,1,45.00,76040.10,0.09,0.04,A,F,1994-09-12,1994-06-26,1994-09-28,NONE,FOB,ly quiet excuses. quickly bold pl
46853-2,46853,1399,14,2,47.00,61118.33,0.09,0.05,A,F,1994-06-04,1994-06-28,1994-06-19,NONE,FOB,refully at the slyly 
46853-3,46853,283,11,3,49.00,57980.72,0.05,0.07,A,F,1994-09-08,1994-07-06,1994-10-08,NONE,TRUCK,epitaphs against the fluffily pendi
46853-4,46853,1523,24,4,43.00,61254.36,0.01,0.04,A,F,1994-09-11,1994-06-26,1994-10-04,DELIVER IN PERSON,MAIL,", even packages; stealthily ironic depend"
46853-5,46853,1128,29,5,24.00,24698.88,0.06,0.03,R,F,1994-09-07,1994-07-16,1994-10-06,COLLECT COD,TRUCK,n foxes. ideas sleep slyly quick
46853-6,46853,1567,8,6,22.00,32308.32,0.01,0.01,A,F,1994-09-10,1994-08-04,1994-09-19,COLLECT COD,TRUCK,s nag. carefully regular request
46853-7,46853,76,2,7,12.00,11712.84,0.06,0.03,R,F,1994-08-03,1994-08-01,1994-08-04,NONE,FOB,nto beans are alongside of the regul
46854-1,46854,1915,48,1,40.00,72676.40,0.03,0.07,N,O,1996-12-04,1996-12-08,1997-01-01,NONE,FOB,special request
46854-2,46854,1752,37,2,29.00,47958.75,0.01,0.00,N,O,1996-11-30,1996-12-08,1996-12-26,COLLECT COD,TRUCK,slyly express ideas about the pint
46854-3,46854,1212,24,3,26.00,28943.46,0.03,0.00,N,O,1996-09-22,1996-11-21,1996-09-25,DELIVER IN PERSON,AIR,ets? blithely regular deposits aft
46854-4,46854,1369,84,4,40.00,50814.40,0.02,0.08,N,O,1996-12-30,1996-11-15,1997-01-15,COLLECT COD,AIR, furiously 
46854-5,46854,1739,82,5,14.00,22970.22,0.07,0.02,N,O,1996-11-21,1996-11-04,1996-12-03,DELIVER IN PERSON,MAIL,furiously bold
46855-1,46855,279,61,1,13.00,15330.51,0.04,0.07,R,F,1993-03-08,1993-04-27,1993-04-06,TAKE BACK RETURN,FOB,fluffily even or
46855-2,46855,1635,18,2,6.00,9219.78,0.09,0.05,R,F,1993-04-20,1993-05-17,1993-05-06,DELIVER IN PERSON,REG AIR,beans alongside of the special excuses
46855-3,46855,1631,55,3,22.00,33717.86,0.03,0.04,A,F,1993-06-02,1993-04-22,1993-06-05,COLLECT COD,SHIP,olites cajole quickly arou
46855-4,46855,506,97,4,7.00,9845.50,0.09,0.04,R,F,1993-03-23,1993-05-11,1993-04-09,NONE,SHIP,gular packages. special ideas 
46880-1,46880,1317,32,1,9.00,10964.79,0.02,0.05,A,F,1993-09-29,1993-08-18,1993-10-19,DELIVER IN PERSON,MAIL,posits use. blithely regu
46881-1,46881,1361,62,1,23.00,29034.28,0.10,0.00,A,F,1995-01-16,1995-01-05,1995-02-10,NONE,REG AIR,nal foxes mol
46881-2,46881,620,14,2,6.00,9123.72,0.06,0.07,A,F,1995-01-18,1994-12-10,1995-01-25,TAKE BACK RETURN,RAIL,lly ironic reque
46881-3,46881,620,52,3,36.00,54742.32,0.04,0.03,A,F,1994-12-07,1994-12-11,1995-01-04,DELIVER IN PERSON,AIR,ainments haggle quickly 
46881-4,46881,437,25,4,44.00,58846.92,0.04,0.01,A,F,1994-12-30,1995-01-04,1995-01-28,COLLECT COD,MAIL,heodolites cajole alongside of t
46881-5,46881,1103,40,5,47.00,47192.70,0.03,0.08,R,F,1995-02-01,1994-12-04,1995-02-18,NONE,RAIL,the slyly ironic pac
46881-6,46881,1958,91,6,6.00,11159.70,0.05,0.02,R,F,1995-01-31,1994-12-10,1995-02-26,TAKE BACK RETURN,AIR,kly pending deposits
46882-1,46882,1528,69,1,25.00,35738.00,0.01,0.00,N,O,1997-07-24,1997-04-27,1997-08-06,COLLECT COD,REG AIR, integrate among the unusual asymptotes. do
46882-2,46882,750,51,2,14.00,23110.50,0.04,0.00,N,O,1997-04-13,1997-06-15,1997-04-27,NONE,AIR,ions. requests nag carefully against the
46882-3,46882,1252,53,3,13.00,14992.25,0.02,0.05,N,O,1997-07-04,1997-06-11,1997-07-27,TAKE BACK RETURN,AIR,lly regular pinto beans. blithely bo
46882-4,46882,247,75,4,50.00,57362.00,0.06,0.04,N,O,1997-06-30,1997-06-07,1997-07-10,COLLECT COD,RAIL,. carefully even excus
46882-5,46882,1890,91,5,35.00,62716.15,0.00,0.02,N,O,1997-04-08,1997-05-18,1997-04-28,NONE,RAIL,long the carefully regu
46883-1,46883,1348,25,1,7.00,8745.38,0.10,0.04,N,O,1997-06-14,1997-07-14,1997-07-07,DELIVER IN PERSON,AIR,ly pending pinto beans. 
46884-1,46884,499,29,1,25.00,34987.25,0.07,0.00,R,F,1994-04-14,1994-03-12,1994-05-02,NONE,FOB,ar deposits cajole s
46884-2,46884,1598,99,2,49.00,73479.91,0.04,0.01,A,F,1994-03-10,1994-03-27,1994-03-18,TAKE BACK RETURN,MAIL,kages. carefully silent sauternes wake 
46884-3,46884,1137,46,3,40.00,41525.20,0.00,0.03,R,F,1994-04-13,1994-03-04,1994-04-29,COLLECT COD,AIR,re quickly across the fluffily bold foxe
46884-4,46884,1928,29,4,28.00,51237.76,0.00,0.07,R,F,1994-05-05,1994-04-03,1994-05-31,DELIVER IN PERSON,MAIL," ironic, sly Tiresias cajole ar"
46884-5,46884,1399,76,5,3.00,3901.17,0.01,0.00,R,F,1994-03-28,1994-03-13,1994-04-26,NONE,SHIP,"refully. final, unusual deposits t"
46884-6,46884,1522,23,6,43.00,61211.36,0.10,0.07,R,F,1994-01-19,1994-03-14,1994-01-29,NONE,REG AIR, furiously after the attainments. reg
46884-7,46884,1730,73,7,16.00,26107.68,0.02,0.07,A,F,1994-03-08,1994-04-03,1994-03-11,DELIVER IN PERSON,REG AIR,aggle across the silent 
46885-1,46885,1346,85,1,8.00,9978.72,0.06,0.03,N,O,1995-07-28,1995-08-22,1995-07-31,NONE,TRUCK,"uests haggle above the ironic, regular pint"
46885-2,46885,1455,34,2,16.00,21703.20,0.00,0.05,N,O,1995-07-21,1995-09-05,1995-08-18,COLLECT COD,TRUCK,ccounts. ca
46885-3,46885,484,85,3,37.00,51225.76,0.04,0.05,N,O,1995-08-04,1995-08-01,1995-08-26,DELIVER IN PERSON,MAIL, even theodolites ought to wake. fur
46885-4,46885,356,41,4,28.00,35177.80,0.02,0.05,N,O,1995-09-12,1995-07-25,1995-10-06,TAKE BACK RETURN,TRUCK,ss among the slyly unusual foxes. even es
46885-5,46885,530,91,5,48.00,68665.44,0.04,0.00,N,O,1995-10-06,1995-08-17,1995-10-21,COLLECT COD,MAIL,p the carefully even 
46885-6,46885,586,77,6,2.00,2973.16,0.06,0.08,N,O,1995-06-18,1995-08-27,1995-06-23,COLLECT COD,SHIP,arefully silent deposits
46885-7,46885,425,84,7,28.00,37111.76,0.09,0.06,N,O,1995-08-11,1995-08-04,1995-09-07,NONE,TRUCK,s haggle f
46886-1,46886,698,99,1,2.00,3197.38,0.02,0.03,N,O,1998-03-18,1998-05-20,1998-03-28,NONE,AIR,ronic dependencies should in
46886-2,46886,176,3,2,4.00,4304.68,0.04,0.03,N,O,1998-04-29,1998-04-29,1998-05-19,COLLECT COD,REG AIR,yly even foxes. unusual 
46887-1,46887,1242,17,1,11.00,12575.64,0.04,0.06,N,O,1997-09-03,1997-11-24,1997-09-18,DELIVER IN PERSON,AIR,"r packages after the regular, even "
46887-2,46887,1735,62,2,9.00,14730.57,0.04,0.02,N,O,1997-12-15,1997-10-10,1998-01-05,DELIVER IN PERSON,TRUCK,tes sleep carefully ab
46887-3,46887,284,39,3,39.00,46186.92,0.10,0.00,N,O,1997-09-23,1997-10-17,1997-10-23,DELIVER IN PERSON,RAIL,s thrash permanently s
46887-4,46887,701,2,4,46.00,73678.20,0.00,0.00,N,O,1997-11-07,1997-10-21,1997-11-20,TAKE BACK RETURN,REG AIR,l instructions aga
46912-1,46912,1858,88,1,4.00,7039.40,0.07,0.01,A,F,1992-09-07,1992-09-07,1992-09-17,NONE,FOB, deposits: quickly pending dep
46912-2,46912,320,77,2,45.00,54914.40,0.10,0.08,R,F,1992-10-13,1992-09-12,1992-10-25,COLLECT COD,FOB,. slyly final
46912-3,46912,414,44,3,6.00,7886.46,0.05,0.01,R,F,1992-08-17,1992-09-08,1992-09-08,TAKE BACK RETURN,REG AIR, wake slyly about the
46912-4,46912,469,70,4,18.00,24650.28,0.05,0.04,R,F,1992-10-15,1992-08-30,1992-11-14,TAKE BACK RETURN,SHIP,yly regular accounts 
46912-5,46912,1854,41,5,46.00,80769.10,0.03,0.08,A,F,1992-10-05,1992-08-03,1992-10-10,COLLECT COD,SHIP,ronic multipliers play fluffily requests. 
46913-1,46913,1501,22,1,18.00,25245.00,0.03,0.08,N,O,1998-05-01,1998-04-09,1998-05-28,DELIVER IN PERSON,AIR,f the fluffily slow pinto beans caj
46913-2,46913,2,53,2,19.00,17138.00,0.10,0.00,N,O,1998-06-06,1998-04-23,1998-06-18,TAKE BACK RETURN,TRUCK,ggle fluffily ironic accounts. carefu
46914-1,46914,14,90,1,38.00,34732.38,0.04,0.06,N,O,1996-08-25,1996-10-30,1996-09-14,TAKE BACK RETURN,MAIL,le furiously. carefully regular 
46914-2,46914,101,54,2,13.00,13014.30,0.07,0.08,N,O,1996-08-16,1996-10-31,1996-09-09,DELIVER IN PERSON,AIR,ording to the slyly ironic instructio
46914-3,46914,1039,75,3,2.00,1880.06,0.06,0.03,N,O,1996-11-14,1996-10-14,1996-11-29,DELIVER IN PERSON,SHIP,lithely regular foxes up t
46914-4,46914,147,48,4,4.00,4188.56,0.05,0.04,N,O,1996-08-23,1996-09-29,1996-09-19,TAKE BACK RETURN,MAIL,le quickly ironic depo
46914-5,46914,487,88,5,29.00,40236.92,0.04,0.01,N,O,1996-12-02,1996-10-16,1997-01-01,DELIVER IN PERSON,TRUCK, instructions. slyly even instructions
46915-1,46915,1996,85,1,18.00,34163.82,0.08,0.08,R,F,1994-10-24,1994-09-10,1994-11-08,DELIVER IN PERSON,MAIL, quickly sp
46915-2,46915,1085,21,2,26.00,25638.08,0.01,0.01,A,F,1994-08-12,1994-09-07,1994-09-10,NONE,FOB,ns. final dependencies sl
46915-3,46915,739,36,3,23.00,37713.79,0.09,0.08,R,F,1994-10-09,1994-09-21,1994-11-07,NONE,SHIP, dolphins wake fluffily silent instructi
46916-1,46916,523,84,1,37.00,52670.24,0.01,0.04,N,O,1996-01-31,1995-11-19,1996-02-01,DELIVER IN PERSON,FOB,lites are. slyly even foxe
46916-2,46916,1191,64,2,5.00,5460.95,0.02,0.05,N,O,1995-10-10,1995-12-10,1995-11-02,DELIVER IN PERSON,SHIP,s haggle blithely slyly ironic 
46916-3,46916,1600,81,3,7.00,10511.20,0.03,0.00,N,O,1996-01-16,1995-12-05,1996-01-30,COLLECT COD,MAIL,le furious
46916-4,46916,291,92,4,32.00,38121.28,0.06,0.01,N,O,1995-11-29,1995-12-26,1995-12-02,COLLECT COD,FOB,yly even accounts.
46916-5,46916,1054,60,5,1.00,955.05,0.09,0.07,N,O,1995-12-07,1995-11-30,1995-12-15,DELIVER IN PERSON,RAIL,"old accounts-- express, ironic instructi"
46916-6,46916,1690,91,6,14.00,22283.66,0.03,0.02,N,O,1995-11-27,1995-12-12,1995-12-25,TAKE BACK RETURN,RAIL,aggle furiously abo
46917-1,46917,1543,24,1,39.00,56337.06,0.08,0.03,R,F,1993-10-23,1993-08-20,1993-11-04,COLLECT COD,FOB,y special pinto beans. quickly pending 
46917-2,46917,1068,39,2,26.00,25195.56,0.02,0.03,A,F,1993-10-07,1993-10-06,1993-10-22,TAKE BACK RETURN,RAIL,ole. slyly pending reque
46917-3,46917,628,29,3,46.00,70316.52,0.02,0.04,R,F,1993-09-23,1993-09-08,1993-10-06,NONE,SHIP,riously final requests. furio
46917-4,46917,840,7,4,12.00,20890.08,0.06,0.04,R,F,1993-08-11,1993-09-07,1993-08-27,COLLECT COD,AIR,s are blithely final
46917-5,46917,1719,62,5,1.00,1620.71,0.05,0.02,R,F,1993-08-22,1993-08-21,1993-09-20,DELIVER IN PERSON,FOB,odolites. slyly even instructions hag
46918-1,46918,478,8,1,28.00,38597.16,0.03,0.06,N,O,1996-08-15,1996-08-03,1996-09-06,TAKE BACK RETURN,TRUCK,ts. ironic foxes are furiously against the 
46918-2,46918,1800,27,2,26.00,44246.80,0.05,0.03,N,O,1996-07-16,1996-09-11,1996-08-10,TAKE BACK RETURN,AIR,ometimes slyly express ideas. care
46918-3,46918,895,96,3,1.00,1795.89,0.05,0.07,N,O,1996-09-13,1996-08-11,1996-10-08,COLLECT COD,RAIL,al packages integr
46918-4,46918,104,83,4,38.00,38155.80,0.07,0.02,N,O,1996-09-13,1996-09-19,1996-10-06,TAKE BACK RETURN,SHIP,refully bold instructions sleep
46919-1,46919,1966,11,1,29.00,54170.84,0.03,0.06,A,F,1994-09-20,1994-07-22,1994-10-13,DELIVER IN PERSON,TRUCK,y special requests. c
46919-2,46919,916,17,2,35.00,63591.85,0.06,0.08,R,F,1994-10-15,1994-07-29,1994-10-16,NONE,SHIP,es are furiously unusual platelets! quic
46919-3,46919,1467,46,3,3.00,4105.38,0.07,0.03,A,F,1994-07-23,1994-09-08,1994-07-26,COLLECT COD,RAIL,eas sublate fluffily. special dolphins 
46919-4,46919,793,90,4,21.00,35569.59,0.04,0.08,R,F,1994-08-02,1994-07-27,1994-08-18,DELIVER IN PERSON,MAIL,sly excuses. pending depths affix ag
46944-1,46944,881,81,1,46.00,81966.48,0.03,0.06,N,O,1996-02-28,1996-03-31,1996-03-14,COLLECT COD,AIR, instructions wake alon
46944-2,46944,351,80,2,15.00,18770.25,0.03,0.03,N,O,1996-03-18,1996-05-03,1996-03-23,TAKE BACK RETURN,MAIL,en accounts. deposits wake ca
46944-3,46944,429,17,3,15.00,19941.30,0.02,0.05,N,O,1996-06-02,1996-04-24,1996-06-27,NONE,TRUCK,ecial foxes. blithely silent 
46944-4,46944,741,42,4,22.00,36118.28,0.07,0.08,N,O,1996-06-18,1996-05-11,1996-07-11,NONE,REG AIR,. slyly even courts wa
46944-5,46944,1433,12,5,10.00,13344.30,0.03,0.05,N,O,1996-02-28,1996-05-13,1996-03-11,DELIVER IN PERSON,SHIP,s haggle slyly carefully re
46944-6,46944,80,31,6,9.00,8820.72,0.06,0.00,N,O,1996-05-27,1996-04-19,1996-06-22,TAKE BACK RETURN,MAIL, to the carefully regular t
46945-1,46945,160,13,1,29.00,30744.64,0.09,0.08,A,F,1993-04-15,1993-03-28,1993-05-11,NONE,MAIL,usly pending accounts. 
46945-2,46945,718,15,2,3.00,4856.13,0.08,0.06,R,F,1993-04-26,1993-02-24,1993-04-30,TAKE BACK RETURN,MAIL,uctions sleep furious
46945-3,46945,1337,14,3,25.00,30958.25,0.01,0.06,R,F,1993-02-14,1993-03-08,1993-02-16,NONE,MAIL," even instructions. regular, "
46945-4,46945,194,47,4,11.00,12036.09,0.07,0.04,R,F,1993-03-04,1993-03-18,1993-03-19,NONE,TRUCK,eposits. furi
46946-1,46946,994,95,1,11.00,20844.89,0.06,0.08,N,O,1998-01-27,1998-03-03,1998-02-16,COLLECT COD,AIR,"ironic, silent req"
46946-2,46946,648,11,2,22.00,34070.08,0.10,0.03,N,O,1998-03-27,1998-02-10,1998-04-02,DELIVER IN PERSON,FOB,accounts boost carefully alongside
46946-3,46946,1641,42,3,27.00,41651.28,0.02,0.03,N,O,1998-01-13,1998-01-30,1998-01-31,COLLECT COD,AIR,gle furiously unusu
46946-4,46946,1417,18,4,8.00,10547.28,0.05,0.08,N,O,1998-01-04,1998-02-09,1998-01-10,TAKE BACK RETURN,MAIL,"onic accounts. daring, final de"
46946-5,46946,471,1,5,35.00,48001.45,0.10,0.07,N,O,1998-03-15,1998-01-23,1998-03-30,DELIVER IN PERSON,RAIL,l theodolites. blit
46946-6,46946,833,67,6,33.00,57216.39,0.08,0.02,N,O,1998-02-24,1998-01-23,1998-03-18,TAKE BACK RETURN,MAIL, furiously a
46947-1,46947,279,34,1,16.00,18868.32,0.08,0.07,A,F,1994-03-07,1994-02-16,1994-03-16,NONE,MAIL,ve the furio
46948-1,46948,367,68,1,17.00,21545.12,0.02,0.05,A,F,1993-05-24,1993-06-21,1993-06-22,NONE,MAIL,sual deposi
46948-2,46948,408,96,2,16.00,20934.40,0.00,0.02,R,F,1993-08-05,1993-06-28,1993-08-11,NONE,AIR,dolphins. s
46948-3,46948,1587,8,3,41.00,61031.78,0.10,0.08,A,F,1993-08-15,1993-08-12,1993-08-21,TAKE BACK RETURN,TRUCK,endencies. fluffil
46948-4,46948,53,29,4,36.00,34309.80,0.00,0.02,A,F,1993-09-04,1993-06-28,1993-09-18,TAKE BACK RETURN,REG AIR,ully after th
46949-1,46949,1895,96,1,13.00,23359.57,0.01,0.08,R,F,1993-05-05,1993-05-12,1993-05-30,DELIVER IN PERSON,MAIL, print fluffily nea
46949-2,46949,921,22,2,32.00,58301.44,0.00,0.05,R,F,1993-06-03,1993-05-09,1993-06-04,COLLECT COD,TRUCK,. regular pinto bean
46949-3,46949,1291,92,3,34.00,40537.86,0.02,0.03,R,F,1993-06-06,1993-05-18,1993-07-06,NONE,AIR,ual accounts cajole furi
46949-4,46949,1233,8,4,34.00,38563.82,0.06,0.00,R,F,1993-07-06,1993-06-01,1993-07-24,TAKE BACK RETURN,AIR,tegrate. even d
46949-5,46949,1535,56,5,45.00,64643.85,0.03,0.02,R,F,1993-03-19,1993-05-07,1993-04-01,NONE,TRUCK,theodolites after the furio
46950-1,46950,430,31,1,37.00,49225.91,0.00,0.02,N,O,1997-06-21,1997-06-17,1997-06-23,COLLECT COD,REG AIR,oze never ironic packages. regul
46950-2,46950,413,1,2,10.00,13134.10,0.01,0.08,N,O,1997-04-21,1997-05-26,1997-05-12,NONE,MAIL,ly unusual theo
46950-3,46950,751,48,3,12.00,19821.00,0.00,0.07,N,O,1997-05-07,1997-05-14,1997-06-04,NONE,RAIL,nic platelets. carefully ironic packages 
46951-1,46951,1640,23,1,22.00,33916.08,0.08,0.03,N,O,1996-01-07,1996-01-22,1996-01-21,COLLECT COD,REG AIR, carefully carefully even ideas. fu
46976-1,46976,425,55,1,6.00,7952.52,0.03,0.07,A,F,1994-07-01,1994-04-09,1994-07-17,COLLECT COD,RAIL, sleep blithely slyly pe
46976-2,46976,1454,55,2,12.00,16265.40,0.06,0.04,A,F,1994-05-06,1994-04-11,1994-05-23,COLLECT COD,FOB,eep alongside of the slyly ironic accoun
46976-3,46976,504,5,3,42.00,58989.00,0.01,0.06,A,F,1994-05-29,1994-04-21,1994-06-22,NONE,SHIP,ide of the carefully unusu
46977-1,46977,1017,53,1,33.00,30294.33,0.10,0.08,R,F,1992-07-19,1992-06-22,1992-08-18,TAKE BACK RETURN,MAIL,"c packages. pending, ironic pinto beans"
46977-2,46977,647,10,2,14.00,21666.96,0.02,0.06,A,F,1992-07-20,1992-07-04,1992-08-03,NONE,MAIL,s haggle silent
46977-3,46977,557,48,3,5.00,7287.75,0.07,0.01,R,F,1992-05-28,1992-06-19,1992-06-05,TAKE BACK RETURN,FOB, across the furiously even package
46977-4,46977,1754,81,4,33.00,54639.75,0.04,0.02,R,F,1992-07-05,1992-08-02,1992-07-08,COLLECT COD,MAIL,"ns. final, even instr"
46978-1,46978,997,98,1,47.00,89205.53,0.05,0.02,N,O,1998-09-13,1998-07-05,1998-09-14,TAKE BACK RETURN,SHIP,lithely express foxes: 
46978-2,46978,301,30,2,17.00,20422.10,0.01,0.07,N,O,1998-09-23,1998-07-14,1998-10-23,COLLECT COD,AIR,quests. pe
46978-3,46978,1791,18,3,15.00,25391.85,0.06,0.08,N,O,1998-08-14,1998-07-17,1998-08-27,COLLECT COD,AIR,"sts. regular, regular pinto bea"
46979-1,46979,1516,97,1,36.00,51030.36,0.06,0.07,A,F,1992-09-16,1992-08-24,1992-09-28,TAKE BACK RETURN,REG AIR,egrate furiously fluffily e
46979-2,46979,546,37,2,18.00,26037.72,0.05,0.05,R,F,1992-08-25,1992-08-17,1992-09-17,NONE,SHIP,ng to the carefully even 
46980-1,46980,641,73,1,33.00,50874.12,0.09,0.01,R,F,1995-02-02,1995-04-18,1995-02-06,TAKE BACK RETURN,AIR,ns poach furiousl
46980-2,46980,1364,79,2,28.00,35430.08,0.05,0.08,R,F,1995-04-13,1995-03-10,1995-04-18,COLLECT COD,MAIL,le slyly along the regular ideas. iron
46980-3,46980,549,50,3,24.00,34788.96,0.06,0.01,A,F,1995-05-16,1995-04-03,1995-06-03,NONE,TRUCK,ly. pending platelets boost a
46981-1,46981,973,74,1,23.00,43101.31,0.03,0.07,A,F,1994-02-12,1994-04-13,1994-03-11,COLLECT COD,FOB, the blithely pending 
46981-2,46981,768,33,2,16.00,26700.16,0.00,0.04,A,F,1994-03-26,1994-03-20,1994-04-17,DELIVER IN PERSON,REG AIR,ironic requests. even
46981-3,46981,530,61,3,7.00,10013.71,0.08,0.00,A,F,1994-04-20,1994-04-07,1994-04-27,COLLECT COD,REG AIR,y about the bl
46981-4,46981,292,20,4,28.00,33384.12,0.03,0.01,A,F,1994-06-03,1994-05-07,1994-06-30,DELIVER IN PERSON,REG AIR, sleep ironi
46981-5,46981,345,30,5,37.00,46077.58,0.09,0.01,A,F,1994-04-05,1994-04-16,1994-04-16,DELIVER IN PERSON,REG AIR,cross the even foxes are closely a
46982-1,46982,181,60,1,7.00,7568.26,0.09,0.03,N,O,1996-06-26,1996-09-05,1996-07-04,TAKE BACK RETURN,REG AIR,sts. furiously even accounts integra
46983-1,46983,1334,73,1,3.00,3705.99,0.01,0.05,N,O,1996-05-19,1996-06-07,1996-06-18,TAKE BACK RETURN,TRUCK,ep slyly furiously regular instructions.
46983-2,46983,1991,36,2,29.00,54896.71,0.02,0.05,N,O,1996-05-13,1996-06-18,1996-06-10,TAKE BACK RETURN,FOB,leep quickly after the closely regular i
46983-3,46983,510,1,3,2.00,2821.02,0.09,0.01,N,O,1996-08-09,1996-07-14,1996-09-04,COLLECT COD,TRUCK,aggle after the silent ideas. fin
47008-1,47008,331,88,1,38.00,46790.54,0.05,0.04,N,O,1997-09-10,1997-07-14,1997-10-08,NONE,RAIL,ajole furiously furiously express i
47009-1,47009,1649,73,1,17.00,26360.88,0.07,0.05,R,F,1994-07-10,1994-08-02,1994-07-15,TAKE BACK RETURN,FOB,odolites above the final a
47009-2,47009,564,95,2,37.00,54188.72,0.04,0.00,R,F,1994-06-23,1994-07-20,1994-07-11,DELIVER IN PERSON,FOB,deas. bold accounts h
47010-1,47010,1113,14,1,32.00,32451.52,0.07,0.06,N,O,1995-12-19,1995-11-04,1996-01-11,NONE,RAIL, requests are boldly slyly even package
47010-2,47010,544,75,2,29.00,41891.66,0.00,0.02,N,O,1995-10-12,1995-11-09,1995-10-13,TAKE BACK RETURN,MAIL,ly even reque
47010-3,47010,919,20,3,44.00,80076.04,0.05,0.01,N,O,1995-10-11,1995-12-23,1995-11-03,DELIVER IN PERSON,FOB,ecial platelets. furiously th
47010-4,47010,1889,33,4,20.00,35817.60,0.10,0.07,N,O,1995-10-23,1995-12-22,1995-11-09,DELIVER IN PERSON,SHIP,iously bold as
47011-1,47011,682,14,1,46.00,72803.28,0.03,0.00,A,F,1994-04-16,1994-04-06,1994-05-05,NONE,REG AIR,riously pending ideas nag after the sl
47011-2,47011,1218,19,2,11.00,12311.31,0.06,0.01,R,F,1994-03-06,1994-05-19,1994-03-13,COLLECT COD,MAIL,g the iron
47011-3,47011,1424,42,3,35.00,46389.70,0.03,0.04,A,F,1994-06-02,1994-04-20,1994-07-02,DELIVER IN PERSON,TRUCK,ecial packages sleep furio
47011-4,47011,1400,1,4,9.00,11712.60,0.10,0.03,R,F,1994-05-07,1994-03-28,1994-05-10,NONE,SHIP,e blithely. asymptotes
47011-5,47011,1204,42,5,39.00,43102.80,0.05,0.00,R,F,1994-03-31,1994-05-21,1994-04-07,COLLECT COD,AIR,ent accounts dazzle blithely after the iro
47012-1,47012,1657,81,1,40.00,62346.00,0.09,0.00,R,F,1993-09-09,1993-08-10,1993-09-10,COLLECT COD,TRUCK,aggle carefully final i
47012-2,47012,836,37,2,12.00,20841.96,0.04,0.06,R,F,1993-05-19,1993-07-24,1993-06-14,TAKE BACK RETURN,MAIL,al asymptotes. 
47013-1,47013,463,51,1,35.00,47721.10,0.01,0.04,N,O,1996-09-01,1996-10-22,1996-09-19,COLLECT COD,TRUCK,beans haggle furiously. fluffi
47014-1,47014,976,79,1,50.00,93848.50,0.07,0.02,R,F,1992-08-31,1992-06-18,1992-09-11,DELIVER IN PERSON,REG AIR,quickly regular ideas grow above the even a
47014-2,47014,1394,71,2,19.00,24612.41,0.03,0.08,R,F,1992-08-06,1992-06-16,1992-08-25,COLLECT COD,TRUCK,riously unu
47014-3,47014,1835,79,3,27.00,46894.41,0.10,0.03,A,F,1992-06-24,1992-08-04,1992-07-05,NONE,TRUCK,pinto beans. furiously even excuse
47015-1,47015,1227,39,1,42.00,47385.24,0.05,0.04,A,F,1995-04-30,1995-03-22,1995-05-01,TAKE BACK RETURN,AIR,s are carefully ironic 
47015-2,47015,1952,97,2,48.00,88989.60,0.09,0.07,R,F,1995-03-07,1995-03-31,1995-03-11,COLLECT COD,RAIL,uses engage slyly. caref
47015-3,47015,1119,20,3,34.00,34683.74,0.04,0.07,N,F,1995-06-06,1995-04-17,1995-06-22,NONE,RAIL,"ic, final ideas. regular"
47015-4,47015,1974,63,4,49.00,91922.53,0.05,0.02,A,F,1995-04-18,1995-03-31,1995-05-14,NONE,AIR,gular ideas x-ray slyly final dependenc
47040-1,47040,324,25,1,21.00,25710.72,0.00,0.06,A,F,1993-10-29,1993-10-05,1993-11-19,DELIVER IN PERSON,REG AIR, blithely ironic fox
47040-2,47040,584,85,2,29.00,43052.82,0.08,0.04,A,F,1993-11-14,1993-10-28,1993-12-06,TAKE BACK RETURN,TRUCK,"haggle blithely alongside of the even, "
47040-3,47040,1168,69,3,27.00,28867.32,0.06,0.06,R,F,1993-09-18,1993-09-29,1993-09-29,COLLECT COD,REG AIR,lent pinto beans
47041-1,47041,1263,64,1,42.00,48898.92,0.03,0.05,R,F,1992-05-04,1992-06-27,1992-05-11,TAKE BACK RETURN,REG AIR,ronic accounts 
47041-2,47041,400,85,2,17.00,22106.80,0.06,0.07,A,F,1992-04-20,1992-06-14,1992-05-18,DELIVER IN PERSON,AIR,deposits thrash carefully. carefully fina
47042-1,47042,1423,41,1,16.00,21190.72,0.10,0.05,R,F,1992-04-10,1992-05-05,1992-05-03,COLLECT COD,SHIP,are along the pending requests. entic
47042-2,47042,806,40,2,43.00,73392.40,0.04,0.06,R,F,1992-05-23,1992-05-12,1992-06-03,TAKE BACK RETURN,TRUCK,osits doze blithely
47042-3,47042,345,74,3,47.00,58530.98,0.08,0.00,R,F,1992-05-14,1992-05-09,1992-06-01,NONE,SHIP,ular accounts boos
47042-4,47042,1209,84,4,10.00,11102.00,0.07,0.08,A,F,1992-05-29,1992-04-15,1992-05-30,DELIVER IN PERSON,REG AIR,ckly along the thinly p
47042-5,47042,1091,97,5,17.00,16865.53,0.04,0.08,R,F,1992-04-04,1992-04-24,1992-04-21,DELIVER IN PERSON,AIR,ironic foxes cajo
47042-6,47042,1822,52,6,49.00,84467.18,0.00,0.04,R,F,1992-05-10,1992-05-19,1992-06-08,COLLECT COD,FOB,lar notornis. theodo
47042-7,47042,1547,48,7,50.00,72427.00,0.06,0.03,R,F,1992-06-16,1992-04-21,1992-06-26,DELIVER IN PERSON,SHIP,ly final instructions sleep furiou
47043-1,47043,1712,97,1,4.00,6454.84,0.01,0.04,N,O,1995-12-20,1995-11-26,1995-12-29,TAKE BACK RETURN,REG AIR,ly final deposits
47043-2,47043,181,34,2,18.00,19461.24,0.02,0.03,N,O,1995-10-21,1995-11-14,1995-11-06,TAKE BACK RETURN,RAIL,blithely u
47044-1,47044,840,41,1,36.00,62670.24,0.07,0.07,N,O,1998-10-15,1998-08-31,1998-10-28,COLLECT COD,REG AIR,alongside of the careful
47044-2,47044,1262,74,2,39.00,45367.14,0.09,0.08,N,O,1998-10-17,1998-09-20,1998-11-03,NONE,TRUCK,thely silent requests! boldly special pa
47044-3,47044,590,51,3,36.00,53661.24,0.10,0.03,N,O,1998-08-09,1998-09-07,1998-08-24,COLLECT COD,FOB,dependencies. express deposit
47044-4,47044,1741,26,4,16.00,26283.84,0.01,0.01,N,O,1998-08-17,1998-10-04,1998-09-05,TAKE BACK RETURN,FOB,ly special deposits. pending fo
47044-5,47044,434,35,5,14.00,18682.02,0.04,0.04,N,O,1998-11-18,1998-10-07,1998-12-15,TAKE BACK RETURN,RAIL,"s. special, regular pla"
47044-6,47044,1795,22,6,19.00,32239.01,0.00,0.06,N,O,1998-09-14,1998-10-12,1998-09-27,TAKE BACK RETURN,REG AIR,arefully unusual packages cajole carefully 
47045-1,47045,856,57,1,12.00,21082.20,0.08,0.03,N,O,1997-04-27,1997-03-12,1997-05-20,DELIVER IN PERSON,RAIL,ts above the blithely final requests caj
47045-2,47045,933,36,2,26.00,47682.18,0.01,0.05,N,O,1997-03-29,1997-02-16,1997-04-02,TAKE BACK RETURN,MAIL, foxes. fluffily special foxes boost fluffi
47045-3,47045,720,53,3,41.00,66449.52,0.03,0.03,N,O,1997-02-01,1997-03-05,1997-02-16,DELIVER IN PERSON,TRUCK,eful accounts. furiously
47045-4,47045,821,55,4,50.00,86091.00,0.10,0.02,N,O,1997-04-18,1997-04-08,1997-04-21,TAKE BACK RETURN,SHIP,above the regul
47046-1,47046,616,10,1,6.00,9099.66,0.10,0.05,A,F,1994-05-24,1994-04-28,1994-05-30,COLLECT COD,REG AIR,ent deposits about the 
47046-2,47046,807,7,2,24.00,40987.20,0.03,0.03,A,F,1994-04-26,1994-04-22,1994-05-04,DELIVER IN PERSON,AIR," express, iron"
47046-3,47046,115,42,3,14.00,14211.54,0.00,0.00,A,F,1994-05-12,1994-04-20,1994-05-25,NONE,RAIL,pending pinto beans dazzle quick
47046-4,47046,1535,16,4,50.00,71826.50,0.05,0.07,R,F,1994-03-14,1994-04-26,1994-03-16,DELIVER IN PERSON,REG AIR,kages according to
47047-1,47047,1266,4,1,42.00,49024.92,0.05,0.04,A,F,1994-10-23,1994-10-12,1994-11-10,COLLECT COD,AIR,ular accoun
47072-1,47072,1010,81,1,28.00,25508.28,0.04,0.07,A,F,1995-01-31,1995-01-27,1995-02-18,TAKE BACK RETURN,SHIP,. blithely pending ideas are carefully 
47073-1,47073,489,48,1,18.00,25010.64,0.09,0.00,R,F,1994-09-30,1994-09-04,1994-10-23,DELIVER IN PERSON,TRUCK, the ironi
47073-2,47073,1192,65,2,23.00,25143.37,0.09,0.04,A,F,1994-09-30,1994-08-25,1994-10-26,COLLECT COD,FOB,ding packages sleep slyly 
47073-3,47073,261,62,3,10.00,11612.60,0.00,0.06,A,F,1994-10-17,1994-07-31,1994-10-29,COLLECT COD,MAIL,y. slyly regular excuses prin
47074-1,47074,1200,9,1,32.00,35238.40,0.07,0.00,N,O,1998-02-27,1998-01-28,1998-03-26,COLLECT COD,RAIL,ular sauternes. slyly regular packag
47074-2,47074,1687,88,2,25.00,39717.00,0.01,0.02,N,O,1998-01-24,1998-01-28,1998-01-30,NONE,SHIP,ress depos
47074-3,47074,1513,34,3,4.00,5658.04,0.10,0.06,N,O,1998-02-23,1998-02-15,1998-02-24,NONE,TRUCK,sleep fluffily 
47074-4,47074,1038,39,4,10.00,9390.30,0.10,0.06,N,O,1997-12-14,1998-01-05,1997-12-29,COLLECT COD,FOB,s cajole slyly bold deposits? 
47074-5,47074,244,26,5,7.00,8009.68,0.09,0.06,N,O,1998-03-29,1998-02-06,1998-04-15,NONE,REG AIR,ackages sleep special i
47074-6,47074,1930,19,6,30.00,54957.90,0.03,0.02,N,O,1998-01-15,1998-02-10,1998-01-20,NONE,FOB,as boost quickly across the fluffily final
47074-7,47074,1828,72,7,42.00,72652.44,0.02,0.08,N,O,1998-02-18,1998-01-06,1998-02-23,COLLECT COD,TRUCK,. carefully unusual deposi
47075-1,47075,277,32,1,27.00,31786.29,0.10,0.08,N,O,1996-01-11,1995-11-24,1996-01-31,TAKE BACK RETURN,TRUCK,nusual accounts 
47075-2,47075,1125,62,2,9.00,9235.08,0.09,0.06,N,O,1996-01-06,1995-11-29,1996-02-02,COLLECT COD,SHIP,s nod furiously car
47075-3,47075,176,55,3,31.00,33361.27,0.03,0.04,N,O,1996-01-10,1995-12-04,1996-02-03,COLLECT COD,SHIP, regular packages boost slyly after the
47075-4,47075,889,56,4,35.00,62645.80,0.07,0.06,N,O,1995-10-20,1995-11-28,1995-10-26,DELIVER IN PERSON,MAIL,unts are blithely. quickly even ac
47075-5,47075,649,50,5,44.00,68184.16,0.06,0.05,N,O,1995-11-08,1995-12-08,1995-11-15,DELIVER IN PERSON,MAIL,the final pinto bean
47076-1,47076,1795,38,1,11.00,18664.69,0.04,0.05,R,F,1995-04-02,1995-02-16,1995-04-26,COLLECT COD,MAIL,blithely ironic a
47077-1,47077,863,30,1,32.00,56443.52,0.03,0.01,N,O,1996-09-16,1996-09-08,1996-10-09,TAKE BACK RETURN,MAIL,rding to the si
47077-2,47077,877,78,2,46.00,81782.02,0.09,0.01,N,O,1996-10-01,1996-09-03,1996-10-29,COLLECT COD,SHIP,c courts boost q
47077-3,47077,303,60,3,27.00,32489.10,0.09,0.01,N,O,1996-08-01,1996-08-01,1996-08-12,NONE,MAIL,d pearls. furiously
47077-4,47077,1180,53,4,11.00,11892.98,0.04,0.08,N,O,1996-08-23,1996-08-14,1996-09-16,DELIVER IN PERSON,TRUCK,posits. ironi
47077-5,47077,1498,16,5,2.00,2798.98,0.06,0.02,N,O,1996-10-10,1996-08-17,1996-10-22,NONE,SHIP,s wake quickly above the ironic accoun
47077-6,47077,1940,73,6,49.00,90255.06,0.08,0.07,N,O,1996-07-26,1996-08-23,1996-08-11,COLLECT COD,REG AIR,"al foxes across the special, special reque"
47078-1,47078,1977,10,1,30.00,56369.10,0.04,0.08,R,F,1993-08-02,1993-06-24,1993-08-12,NONE,AIR,y busy excuses cajole among the f
47078-2,47078,1531,32,2,22.00,31515.66,0.10,0.06,R,F,1993-08-15,1993-07-05,1993-09-08,NONE,FOB, silent accounts affix slyly blithely bo
47078-3,47078,1087,23,3,50.00,49404.00,0.06,0.04,A,F,1993-04-28,1993-07-09,1993-05-21,DELIVER IN PERSON,REG AIR, furiously after the carefu
47078-4,47078,4,30,4,5.00,4520.00,0.03,0.05,R,F,1993-05-10,1993-07-04,1993-05-16,DELIVER IN PERSON,REG AIR,ing to the carefully special deposits
47078-5,47078,1706,91,5,50.00,80385.00,0.00,0.07,R,F,1993-05-29,1993-06-15,1993-06-21,DELIVER IN PERSON,TRUCK,posits. quic
47079-1,47079,1548,69,1,37.00,53632.98,0.05,0.08,N,O,1996-04-06,1996-03-10,1996-04-10,DELIVER IN PERSON,AIR,s. fluffily ironic accoun
47079-2,47079,1759,2,2,12.00,19929.00,0.10,0.08,N,O,1996-01-28,1996-01-31,1996-02-12,TAKE BACK RETURN,RAIL,latelets. c
47079-3,47079,429,17,3,8.00,10635.36,0.03,0.05,N,O,1996-02-12,1996-01-25,1996-03-04,TAKE BACK RETURN,FOB,ests. blithely unusual forges poach slyl
47079-4,47079,30,31,4,4.00,3720.12,0.05,0.06,N,O,1996-02-24,1996-03-16,1996-03-25,COLLECT COD,AIR,pecial pinto beans along the slyly ironic 
47079-5,47079,1542,23,5,45.00,64959.30,0.10,0.07,N,O,1996-03-17,1996-03-07,1996-04-12,NONE,FOB,nic requests. qu
47079-6,47079,180,33,6,47.00,50768.46,0.03,0.04,N,O,1996-03-17,1996-02-24,1996-04-07,NONE,REG AIR,lar requests. furiously pending pinto bean
47079-7,47079,842,76,7,27.00,47056.68,0.04,0.02,N,O,1996-01-26,1996-03-07,1996-01-29,NONE,SHIP,ully bold accounts are ca
47104-1,47104,1339,40,1,38.00,47132.54,0.05,0.05,R,F,1992-06-29,1992-08-25,1992-07-12,TAKE BACK RETURN,SHIP,fully express accounts. fluffily ent
47104-2,47104,145,98,2,17.00,17767.38,0.07,0.06,A,F,1992-09-01,1992-08-27,1992-09-18,COLLECT COD,REG AIR,ackages pri
47104-3,47104,16,92,3,29.00,26564.29,0.06,0.05,R,F,1992-08-25,1992-09-20,1992-09-06,NONE,REG AIR,furiously i
47104-4,47104,326,11,4,23.00,28205.36,0.04,0.07,R,F,1992-09-17,1992-07-23,1992-09-28,COLLECT COD,RAIL,ldly even fret
47105-1,47105,1473,13,1,22.00,30238.34,0.00,0.04,N,O,1996-07-23,1996-07-26,1996-08-02,NONE,MAIL,s haggle carefully pending dependencies. 
47105-2,47105,179,80,2,14.00,15108.38,0.09,0.08,N,O,1996-08-25,1996-07-21,1996-09-13,DELIVER IN PERSON,MAIL,ly unusual excuses near
47105-3,47105,1797,98,3,25.00,42469.75,0.01,0.07,N,O,1996-08-24,1996-06-23,1996-09-06,DELIVER IN PERSON,RAIL,ly unusual dependencies.
47105-4,47105,931,34,4,45.00,82436.85,0.05,0.02,N,O,1996-07-07,1996-07-21,1996-07-31,NONE,FOB,s haggle above th
47105-5,47105,377,78,5,5.00,6386.85,0.02,0.05,N,O,1996-08-08,1996-08-06,1996-08-23,TAKE BACK RETURN,TRUCK,nstructions. silent theo
47106-1,47106,231,13,1,40.00,45249.20,0.05,0.07,N,O,1996-02-15,1995-12-08,1996-02-23,DELIVER IN PERSON,TRUCK,y ironic foxes. furious deposits alongs
47106-2,47106,1284,85,2,26.00,30817.28,0.08,0.06,N,O,1995-11-23,1995-12-16,1995-12-11,NONE,RAIL,he final deposits. de
47106-3,47106,1607,31,3,42.00,63361.20,0.03,0.06,N,O,1996-01-19,1996-01-10,1996-02-01,TAKE BACK RETURN,AIR, requests? fu
47106-4,47106,845,12,4,34.00,59358.56,0.07,0.05,N,O,1995-11-29,1995-12-05,1995-12-04,DELIVER IN PERSON,REG AIR,sits are furiously final platelets. eve
47107-1,47107,134,13,1,32.00,33092.16,0.06,0.05,N,O,1996-04-14,1996-03-22,1996-04-20,TAKE BACK RETURN,SHIP, regular requests. carefully 
47107-2,47107,823,23,2,26.00,44819.32,0.05,0.07,N,O,1996-05-24,1996-05-21,1996-06-11,COLLECT COD,AIR,s. regular requests ab
47107-3,47107,739,4,3,32.00,52471.36,0.06,0.00,N,O,1996-03-03,1996-05-17,1996-03-06,DELIVER IN PERSON,TRUCK,ccounts; slyly even deposits haggle blith
47107-4,47107,863,30,4,25.00,44096.50,0.07,0.02,N,O,1996-04-05,1996-03-28,1996-04-11,TAKE BACK RETURN,AIR,ndencies are fluf
47107-5,47107,691,54,5,8.00,12733.52,0.10,0.03,N,O,1996-03-10,1996-04-06,1996-03-28,TAKE BACK RETURN,MAIL,gle furiously carefully special p
47108-1,47108,692,55,1,21.00,33446.49,0.05,0.04,R,F,1994-12-14,1994-12-25,1994-12-18,NONE,SHIP, the slyly spe
47108-2,47108,1441,42,2,11.00,14766.84,0.03,0.03,R,F,1995-02-06,1994-12-21,1995-03-04,NONE,AIR,usual theodolites. carefully quiet f
47108-3,47108,1641,83,3,28.00,43193.92,0.10,0.01,R,F,1995-01-09,1994-12-06,1995-01-14,DELIVER IN PERSON,REG AIR,ilent accounts thrash quickly amon
47108-4,47108,1963,8,4,36.00,67138.56,0.04,0.01,A,F,1994-12-30,1994-11-26,1995-01-21,NONE,AIR,y. even accounts play. enticing
47108-5,47108,607,39,5,28.00,42212.80,0.08,0.08,A,F,1995-02-05,1994-11-15,1995-02-24,TAKE BACK RETURN,TRUCK,riously even theodolites wake acc
47108-6,47108,1867,97,6,20.00,35377.20,0.04,0.06,A,F,1994-10-22,1994-11-21,1994-11-21,COLLECT COD,SHIP,ccounts are fluf
47109-1,47109,1182,55,1,1.00,1083.18,0.04,0.03,N,O,1995-10-27,1995-11-02,1995-11-21,TAKE BACK RETURN,MAIL,nts. furiously regular instructions cajo
47109-2,47109,13,64,2,21.00,19173.21,0.09,0.00,N,O,1995-10-29,1995-10-21,1995-11-08,COLLECT COD,AIR, ironic theodolites.
47109-3,47109,546,77,3,34.00,49182.36,0.03,0.07,N,O,1995-09-18,1995-12-06,1995-09-21,DELIVER IN PERSON,RAIL,across the quickly f
47109-4,47109,1003,74,4,32.00,28928.00,0.04,0.01,N,O,1995-11-29,1995-11-17,1995-12-08,DELIVER IN PERSON,TRUCK,ts are slyly final accounts
47109-5,47109,699,62,5,45.00,71986.05,0.01,0.00,N,O,1995-11-01,1995-11-09,1995-11-09,NONE,MAIL,"s: even, regular pinto beans n"
47109-6,47109,1079,80,6,44.00,43123.08,0.09,0.02,N,O,1995-11-17,1995-11-22,1995-11-30,DELIVER IN PERSON,FOB,cross the slyly ironic deposits. th
47110-1,47110,1940,85,1,41.00,75519.54,0.02,0.04,R,F,1993-11-30,1993-11-14,1993-12-27,TAKE BACK RETURN,MAIL,"the final, regular a"
47111-1,47111,1441,42,1,35.00,46985.40,0.00,0.08,N,O,1998-01-06,1997-11-26,1998-01-30,COLLECT COD,AIR," the express, ironic theodolites."
47111-2,47111,172,73,2,15.00,16082.55,0.05,0.08,N,O,1997-12-31,1997-10-20,1998-01-30,TAKE BACK RETURN,FOB,"ecial, final pinto beans ha"
47111-3,47111,663,64,3,3.00,4690.98,0.07,0.01,N,O,1997-09-12,1997-11-15,1997-09-18,TAKE BACK RETURN,FOB,ding accounts. fox
47111-4,47111,1506,27,4,1.00,1407.50,0.09,0.06,N,O,1997-09-29,1997-12-06,1997-09-30,COLLECT COD,RAIL,"ing to the express, exp"
47111-5,47111,594,95,5,3.00,4483.77,0.03,0.08,N,O,1997-12-02,1997-12-06,1997-12-24,NONE,FOB,ing asympto
47111-6,47111,401,31,6,9.00,11712.60,0.08,0.04,N,O,1997-11-30,1997-10-12,1997-12-23,NONE,FOB,ously unusual pinto beans wake careful
47111-7,47111,1779,22,7,19.00,31934.63,0.10,0.04,N,O,1998-01-08,1997-11-30,1998-01-23,COLLECT COD,SHIP,y according to the s
47136-1,47136,1953,86,1,47.00,87182.65,0.04,0.04,A,F,1995-04-30,1995-03-11,1995-05-03,DELIVER IN PERSON,SHIP,ar pinto bea
47136-2,47136,615,16,2,41.00,62140.01,0.07,0.07,R,F,1995-05-02,1995-04-04,1995-05-14,COLLECT COD,SHIP,s nag regular 
47137-1,47137,1373,88,1,16.00,20389.92,0.02,0.05,N,O,1996-05-27,1996-06-03,1996-06-04,DELIVER IN PERSON,SHIP, are slyly before the quic
47137-2,47137,1382,21,2,4.00,5133.52,0.07,0.00,N,O,1996-06-11,1996-06-04,1996-07-09,NONE,MAIL,slyly final foxes wake slyl
47137-3,47137,1622,23,3,21.00,31996.02,0.02,0.04,N,O,1996-06-19,1996-04-18,1996-06-21,DELIVER IN PERSON,SHIP,ffily unusual re
47137-4,47137,310,67,4,7.00,8472.17,0.08,0.03,N,O,1996-06-20,1996-05-13,1996-06-23,TAKE BACK RETURN,REG AIR,lithely bold
47138-1,47138,1132,69,1,16.00,16530.08,0.07,0.05,A,F,1994-02-08,1994-04-02,1994-03-05,COLLECT COD,AIR,fluffily even 
47138-2,47138,639,33,2,10.00,15396.30,0.09,0.07,R,F,1994-04-30,1994-02-19,1994-05-03,DELIVER IN PERSON,FOB,t. fluffily even depos
47138-3,47138,1728,29,3,41.00,66818.52,0.05,0.02,A,F,1994-04-20,1994-03-02,1994-05-08,COLLECT COD,SHIP,"special, even excuses. evenly spe"
47138-4,47138,559,60,4,50.00,72977.50,0.07,0.01,R,F,1994-04-15,1994-04-10,1994-05-15,TAKE BACK RETURN,FOB,ze around th
47138-5,47138,1029,35,5,35.00,32550.70,0.02,0.01,R,F,1994-01-29,1994-04-06,1994-02-06,NONE,RAIL,uffy foxes a
47138-6,47138,741,42,6,34.00,55819.16,0.07,0.02,R,F,1994-02-14,1994-03-22,1994-03-05,DELIVER IN PERSON,AIR,iously according to the even ac
47139-1,47139,1687,29,1,39.00,61958.52,0.10,0.02,N,O,1997-06-23,1997-06-18,1997-07-11,TAKE BACK RETURN,REG AIR,rthogs. express epitaphs integrat
47139-2,47139,1339,16,2,12.00,14883.96,0.06,0.05,N,O,1997-06-25,1997-08-03,1997-07-14,COLLECT COD,AIR, cajole against
47140-1,47140,240,68,1,8.00,9121.92,0.06,0.06,N,O,1998-08-29,1998-08-17,1998-09-21,COLLECT COD,TRUCK,cial theodolites boost r
47140-2,47140,1103,76,2,47.00,47192.70,0.08,0.01,N,O,1998-07-05,1998-08-11,1998-07-16,COLLECT COD,MAIL,elets. pinto beans according to the regular
47140-3,47140,246,28,3,47.00,53873.28,0.03,0.01,N,O,1998-09-03,1998-07-17,1998-09-19,NONE,AIR,ncies after the ironic 
47140-4,47140,377,62,4,29.00,37043.73,0.04,0.03,N,O,1998-09-01,1998-07-13,1998-09-02,DELIVER IN PERSON,REG AIR,courts. blithely ironic account
47140-5,47140,781,78,5,3.00,5045.34,0.04,0.05,N,O,1998-06-18,1998-08-23,1998-06-26,TAKE BACK RETURN,TRUCK,"nic, silent deposits"
47141-1,47141,1069,75,1,49.00,47532.94,0.07,0.02,A,F,1994-12-21,1994-12-21,1995-01-10,TAKE BACK RETURN,AIR,ly regular deposits. regular ideas 
47141-2,47141,944,13,2,22.00,40588.68,0.09,0.00,A,F,1995-01-06,1994-12-16,1995-01-31,DELIVER IN PERSON,RAIL,ar excuses haggle furiously i
47141-3,47141,1239,77,3,38.00,43328.74,0.09,0.00,A,F,1995-01-04,1994-11-19,1995-01-13,TAKE BACK RETURN,TRUCK, furiously slyly even theodolites. acco
47141-4,47141,526,17,4,20.00,28530.40,0.02,0.08,A,F,1995-02-01,1994-12-10,1995-02-11,NONE,AIR,ecial sheaves. carefully regular i
47142-1,47142,48,24,1,43.00,40765.72,0.02,0.04,N,O,1996-06-08,1996-05-03,1996-07-05,NONE,REG AIR,ng packages according t
47142-2,47142,1926,15,2,36.00,65805.12,0.01,0.03,N,O,1996-06-17,1996-06-19,1996-07-01,COLLECT COD,FOB,alongside of the caref
47142-3,47142,746,11,3,4.00,6586.96,0.10,0.02,N,O,1996-05-07,1996-05-15,1996-06-04,TAKE BACK RETURN,REG AIR,st furiously pla
47143-1,47143,1455,34,1,33.00,44762.85,0.09,0.06,N,O,1997-10-15,1997-11-16,1997-10-23,DELIVER IN PERSON,MAIL,thely final pa
47143-2,47143,1213,88,2,23.00,25626.83,0.07,0.08,N,O,1997-10-07,1997-09-20,1997-10-31,TAKE BACK RETURN,TRUCK,e of the bold requests doze among the do
47143-3,47143,11,87,3,44.00,40084.44,0.08,0.04,N,O,1997-10-24,1997-09-23,1997-10-28,TAKE BACK RETURN,REG AIR,its after the quickly ironic accou
47143-4,47143,1714,99,4,28.00,45239.88,0.05,0.02,N,O,1997-12-12,1997-10-31,1997-12-26,COLLECT COD,REG AIR,nt gifts haggle furiously despite th
47168-1,47168,296,24,1,17.00,20336.93,0.09,0.06,A,F,1994-07-03,1994-09-07,1994-07-19,DELIVER IN PERSON,MAIL,fluffily. furiously pending deposits are bo
47168-2,47168,132,85,2,13.00,13417.69,0.07,0.02,R,F,1994-08-15,1994-09-11,1994-08-17,NONE,AIR, the slyly unusual pack
47168-3,47168,1698,22,3,1.00,1599.69,0.10,0.00,R,F,1994-10-13,1994-08-29,1994-11-01,NONE,MAIL,ys haggle. fur
47168-4,47168,1434,13,4,38.00,50746.34,0.01,0.01,A,F,1994-09-09,1994-08-13,1994-09-29,NONE,RAIL, regular deposits boost. fluffily special d
47168-5,47168,863,63,5,27.00,47624.22,0.03,0.04,R,F,1994-08-05,1994-08-16,1994-08-12,DELIVER IN PERSON,AIR,nusual the
47168-6,47168,15,66,6,9.00,8235.09,0.01,0.01,R,F,1994-07-31,1994-07-24,1994-08-14,COLLECT COD,REG AIR,against the slyly regular pa
47168-7,47168,981,16,7,32.00,60223.36,0.02,0.06,R,F,1994-07-28,1994-08-21,1994-07-29,DELIVER IN PERSON,RAIL,nts affix fluffil
47169-1,47169,970,5,1,8.00,14967.76,0.09,0.08,R,F,1993-06-13,1993-05-05,1993-07-13,DELIVER IN PERSON,FOB,er the ironic sau
47169-2,47169,80,56,2,16.00,15681.28,0.03,0.03,R,F,1993-06-23,1993-05-15,1993-07-11,NONE,AIR,s asymptotes
47169-3,47169,1934,79,3,16.00,29374.88,0.01,0.06,A,F,1993-03-21,1993-05-06,1993-04-16,COLLECT COD,TRUCK,ges. blithely pending accoun
47169-4,47169,1658,82,4,39.00,60826.35,0.03,0.04,A,F,1993-05-04,1993-04-24,1993-05-19,TAKE BACK RETURN,FOB,"s, bold instructions w"
47169-5,47169,122,75,5,42.00,42929.04,0.03,0.08,A,F,1993-05-19,1993-04-24,1993-05-31,DELIVER IN PERSON,TRUCK,refully pending ideas along 
47169-6,47169,1947,36,6,23.00,42525.62,0.06,0.03,A,F,1993-06-02,1993-05-11,1993-06-11,TAKE BACK RETURN,RAIL,slyly regular requests
47170-1,47170,744,77,1,39.00,64144.86,0.06,0.06,N,O,1997-01-10,1996-12-14,1997-01-25,TAKE BACK RETURN,TRUCK,es. blithely silent dugouts h
47170-2,47170,1429,47,2,8.00,10643.36,0.06,0.07,N,O,1996-11-14,1996-12-16,1996-11-17,DELIVER IN PERSON,TRUCK,s. accounts detect. slow
47170-3,47170,1274,75,3,14.00,16453.78,0.08,0.05,N,O,1996-10-28,1996-12-19,1996-11-24,TAKE BACK RETURN,SHIP,ng the even accounts nag furiously accordin
47170-4,47170,19,70,4,20.00,18380.20,0.04,0.07,N,O,1996-10-22,1996-11-20,1996-11-14,TAKE BACK RETURN,RAIL,structions. final deposits are furi
47170-5,47170,1135,36,5,28.00,29011.64,0.07,0.01,N,O,1996-11-23,1996-12-23,1996-11-27,DELIVER IN PERSON,AIR,sts. quickly bold packages mold.
47171-1,47171,152,79,1,37.00,38929.55,0.03,0.06,A,F,1993-04-21,1993-04-05,1993-05-13,COLLECT COD,MAIL,egular packages 
47171-2,47171,490,20,2,15.00,20857.35,0.01,0.04,A,F,1993-04-06,1993-03-26,1993-04-26,COLLECT COD,FOB,final patter
47171-3,47171,1601,25,3,1.00,1502.60,0.05,0.03,R,F,1993-01-18,1993-03-02,1993-01-28,DELIVER IN PERSON,FOB,kages integrate carefully according
47171-4,47171,290,91,4,20.00,23805.80,0.10,0.07,R,F,1993-02-11,1993-02-19,1993-03-08,COLLECT COD,MAIL,thely ironic accounts. bli
47171-5,47171,119,46,5,17.00,17324.87,0.07,0.08,R,F,1993-03-20,1993-02-13,1993-04-14,TAKE BACK RETURN,RAIL,"ng packages serve slyly regular, r"
47171-6,47171,1150,23,6,7.00,7358.05,0.09,0.01,R,F,1993-03-18,1993-03-24,1993-03-23,DELIVER IN PERSON,REG AIR,tes wake along the slyly q
47172-1,47172,1663,46,1,38.00,59457.08,0.06,0.08,R,F,1993-12-09,1994-02-12,1994-01-06,NONE,AIR,heodolites haggle furiously across th
47172-2,47172,417,47,2,24.00,31617.84,0.04,0.02,A,F,1993-12-19,1994-02-09,1993-12-28,TAKE BACK RETURN,MAIL,oost blithely. slyly unusual theodo
47173-1,47173,572,73,1,41.00,60375.37,0.00,0.05,A,F,1994-12-16,1994-11-21,1994-12-24,TAKE BACK RETURN,MAIL,ar hockey players
47173-2,47173,1966,11,2,48.00,89662.08,0.07,0.07,A,F,1994-09-07,1994-10-28,1994-09-28,DELIVER IN PERSON,RAIL,requests maintain carefully above t
47173-3,47173,300,82,3,20.00,24006.00,0.05,0.00,R,F,1994-09-13,1994-11-08,1994-10-01,DELIVER IN PERSON,FOB,among the regular instructions. slyly 
47173-4,47173,258,13,4,50.00,57912.50,0.07,0.05,R,F,1994-10-28,1994-10-23,1994-11-25,COLLECT COD,FOB,arefully special pinto beans
47174-1,47174,370,99,1,35.00,44462.95,0.08,0.02,N,O,1995-11-05,1995-12-03,1995-12-02,COLLECT COD,REG AIR,ly final deposits. bold packages nag c
47174-2,47174,284,12,2,38.00,45002.64,0.00,0.02,N,O,1995-12-24,1995-11-13,1996-01-04,COLLECT COD,FOB,waters: quickly express sauter
47175-1,47175,39,65,1,32.00,30048.96,0.00,0.08,R,F,1993-08-01,1993-06-08,1993-08-08,NONE,SHIP,l ideas sle
47175-2,47175,1352,67,2,40.00,50134.00,0.10,0.05,A,F,1993-08-21,1993-07-09,1993-09-13,COLLECT COD,SHIP,"use furiously express, regul"
47175-3,47175,580,81,3,19.00,28131.02,0.00,0.03,R,F,1993-06-03,1993-07-02,1993-06-15,COLLECT COD,TRUCK,al accounts use carefully bol
47175-4,47175,1991,36,4,44.00,83291.56,0.06,0.06,A,F,1993-05-26,1993-07-06,1993-06-06,DELIVER IN PERSON,MAIL, furiously regular excuses. ironic
47175-5,47175,1990,23,5,37.00,70003.63,0.05,0.08,A,F,1993-05-11,1993-07-22,1993-06-03,COLLECT COD,AIR,equests boost furiously. ir
47175-6,47175,1434,74,6,7.00,9348.01,0.07,0.07,R,F,1993-05-13,1993-07-14,1993-05-21,DELIVER IN PERSON,TRUCK,kages. blithely regular accounts use caref
47175-7,47175,1573,54,7,20.00,29491.40,0.02,0.01,A,F,1993-07-02,1993-06-09,1993-07-25,DELIVER IN PERSON,TRUCK,ckages. sl
47200-1,47200,708,41,1,50.00,80435.00,0.04,0.04,N,O,1998-07-19,1998-06-04,1998-08-15,COLLECT COD,SHIP,ep evenly inside the pend
47200-2,47200,120,47,2,31.00,31623.72,0.04,0.02,N,O,1998-04-16,1998-05-30,1998-04-19,TAKE BACK RETURN,RAIL,ts are care
47200-3,47200,200,53,3,44.00,48408.80,0.04,0.05,N,O,1998-05-02,1998-05-12,1998-05-04,NONE,RAIL,ages. warhorses 
47200-4,47200,343,44,4,24.00,29840.16,0.06,0.02,N,O,1998-04-11,1998-06-27,1998-04-29,NONE,SHIP,"the slyly final ideas. regular, even"
47200-5,47200,595,86,5,7.00,10469.13,0.04,0.05,N,O,1998-07-05,1998-06-02,1998-08-02,COLLECT COD,REG AIR, fluffily express accounts nag
47200-6,47200,60,36,6,3.00,2880.18,0.07,0.04,N,O,1998-05-10,1998-06-16,1998-05-28,TAKE BACK RETURN,TRUCK,ly special pack
47200-7,47200,947,50,7,18.00,33262.92,0.03,0.01,N,O,1998-07-18,1998-06-12,1998-08-10,DELIVER IN PERSON,MAIL, theodolites 
47201-1,47201,7,58,1,25.00,22675.00,0.04,0.05,R,F,1995-04-08,1995-03-28,1995-04-12,TAKE BACK RETURN,AIR,old attainments 
47202-1,47202,1717,18,1,12.00,19424.52,0.05,0.02,N,O,1997-04-02,1997-02-12,1997-04-27,TAKE BACK RETURN,TRUCK,fter the slyly express foxes. depe
47202-2,47202,1178,15,2,34.00,36691.78,0.07,0.05,N,O,1997-01-07,1997-01-17,1997-01-08,DELIVER IN PERSON,RAIL,"c pinto beans. regular, ex"
47202-3,47202,579,80,3,40.00,59182.80,0.01,0.08,N,O,1997-01-17,1997-01-18,1997-01-18,DELIVER IN PERSON,MAIL, along the regular deposits haggle quic
47202-4,47202,637,38,4,9.00,13838.67,0.02,0.01,N,O,1997-02-10,1997-02-01,1997-02-11,TAKE BACK RETURN,TRUCK,"yly by the regular, express packages"
47202-5,47202,1519,60,5,5.00,7102.55,0.00,0.01,N,O,1997-02-01,1997-01-17,1997-02-16,TAKE BACK RETURN,AIR,ial requests boost bravely. furiou
47202-6,47202,1838,39,6,37.00,64373.71,0.06,0.01,N,O,1997-03-29,1997-01-23,1997-04-26,DELIVER IN PERSON,TRUCK,bold theodolites haggle under the qu
47203-1,47203,487,17,1,22.00,30524.56,0.01,0.02,R,F,1995-03-23,1995-02-27,1995-03-29,TAKE BACK RETURN,RAIL,refully careful dependencies. excuses boos
47203-2,47203,1714,41,2,5.00,8078.55,0.09,0.03,R,F,1995-03-31,1995-02-10,1995-04-17,NONE,REG AIR,cial requests snooze slyly. pinto beans s
47203-3,47203,691,92,3,2.00,3183.38,0.10,0.02,A,F,1995-02-20,1995-03-16,1995-03-16,TAKE BACK RETURN,REG AIR,d dazzle blithely furiously unusua
47203-4,47203,1370,9,4,47.00,59754.39,0.09,0.05,A,F,1994-12-21,1995-03-17,1994-12-28,NONE,SHIP,ely unusual re
47203-5,47203,406,7,5,39.00,50949.60,0.10,0.01,R,F,1995-01-07,1995-01-19,1995-01-21,COLLECT COD,FOB,riously even foxes-- final deposits a
47204-1,47204,1649,91,1,33.00,51171.12,0.00,0.05,N,O,1995-06-30,1995-05-19,1995-07-09,NONE,TRUCK,s packages. carefully cl
47204-2,47204,1797,40,2,35.00,59457.65,0.10,0.05,A,F,1995-03-29,1995-06-03,1995-04-25,COLLECT COD,MAIL,carefully final ideas.
47204-3,47204,911,14,3,3.00,5435.73,0.05,0.05,N,O,1995-06-22,1995-05-01,1995-07-02,DELIVER IN PERSON,REG AIR,structions. accounts
47204-4,47204,1504,85,4,24.00,33732.00,0.01,0.01,R,F,1995-04-11,1995-05-29,1995-04-30,TAKE BACK RETURN,FOB,es. asymptotes affix quickly slyly reg
47204-5,47204,948,17,5,36.00,66561.84,0.08,0.05,N,F,1995-06-04,1995-04-29,1995-06-25,TAKE BACK RETURN,AIR,rve around 
47205-1,47205,1822,52,1,27.00,46543.14,0.06,0.07,N,O,1998-06-23,1998-05-08,1998-06-26,NONE,MAIL,. final foxe
47205-2,47205,939,8,2,44.00,80956.92,0.06,0.02,N,O,1998-04-26,1998-05-18,1998-04-27,NONE,AIR,ickly stealthy requ
47205-3,47205,34,35,3,28.00,26152.84,0.09,0.07,N,O,1998-05-28,1998-05-28,1998-06-03,NONE,MAIL,d ideas cajole 
47205-4,47205,680,74,4,4.00,6322.72,0.06,0.02,N,O,1998-07-14,1998-06-01,1998-07-15,NONE,SHIP,ing accounts sleep blith
47205-5,47205,24,100,5,15.00,13860.30,0.04,0.08,N,O,1998-04-01,1998-06-01,1998-04-26,COLLECT COD,REG AIR,bold patterns. furious
47205-6,47205,146,25,6,32.00,33476.48,0.03,0.06,N,O,1998-07-14,1998-06-16,1998-07-27,COLLECT COD,REG AIR, nag fluffily abo
47205-7,47205,232,60,7,47.00,53214.81,0.08,0.03,N,O,1998-07-17,1998-05-11,1998-07-21,NONE,SHIP,"ainst the regular, unusual"
47206-1,47206,316,73,1,30.00,36489.30,0.02,0.05,N,O,1996-04-07,1996-03-17,1996-04-12,DELIVER IN PERSON,AIR,le. idly express pinto beans use 
47206-2,47206,1156,65,2,4.00,4228.60,0.02,0.01,N,O,1996-04-18,1996-03-24,1996-05-05,COLLECT COD,AIR,ly special instructions wa
47206-3,47206,1786,13,3,38.00,64135.64,0.01,0.06,N,O,1996-01-29,1996-03-20,1996-02-17,TAKE BACK RETURN,SHIP, requests affix furiously. fina
47206-4,47206,1212,24,4,30.00,33396.30,0.06,0.08,N,O,1996-02-21,1996-03-25,1996-03-03,COLLECT COD,FOB,uffily final theodolites use blithely c
47206-5,47206,613,14,5,3.00,4540.83,0.00,0.08,N,O,1996-02-28,1996-03-12,1996-03-21,COLLECT COD,RAIL,old platelets above the reg
47206-6,47206,593,54,6,15.00,22403.85,0.06,0.02,N,O,1996-04-08,1996-03-16,1996-04-12,NONE,RAIL,ly final reque
47206-7,47206,1295,96,7,34.00,40673.86,0.10,0.04,N,O,1996-03-30,1996-03-09,1996-04-23,DELIVER IN PERSON,MAIL,usly final
47207-1,47207,1204,16,1,20.00,22104.00,0.06,0.07,A,F,1995-01-17,1995-02-15,1995-02-13,NONE,REG AIR,ound the blithely bold accounts.
47207-2,47207,1218,30,2,9.00,10072.89,0.00,0.08,A,F,1995-02-05,1995-01-19,1995-03-02,DELIVER IN PERSON,MAIL,y according 
47207-3,47207,79,55,3,11.00,10769.77,0.08,0.07,A,F,1994-12-31,1995-03-17,1995-01-23,TAKE BACK RETURN,FOB,tegrate furiously
47207-4,47207,1465,5,4,24.00,32795.04,0.04,0.00,R,F,1995-03-14,1995-02-11,1995-03-15,NONE,REG AIR,aggle carefully. blithely e
47207-5,47207,637,31,5,1.00,1537.63,0.10,0.00,A,F,1995-01-28,1995-03-09,1995-02-15,DELIVER IN PERSON,AIR,e the slyly ironic theodolites c
47207-6,47207,1392,7,6,3.00,3880.17,0.03,0.08,A,F,1995-02-08,1995-03-03,1995-02-14,DELIVER IN PERSON,RAIL,ld deposits. pinto beans engage a
47232-1,47232,1352,29,1,18.00,22560.30,0.08,0.03,A,F,1993-10-02,1993-09-24,1993-10-17,COLLECT COD,REG AIR,mptotes are blithely above the slyly reg
47232-2,47232,1337,76,2,46.00,56963.18,0.03,0.07,R,F,1993-12-03,1993-10-09,1993-12-18,NONE,TRUCK,. furiously regular requests dazzle.
47232-3,47232,576,67,3,18.00,26578.26,0.10,0.01,A,F,1993-10-02,1993-09-23,1993-10-05,DELIVER IN PERSON,RAIL,rding to the slyly express deposits. blithe
47233-1,47233,1915,4,1,24.00,43605.84,0.01,0.06,R,F,1993-07-07,1993-06-14,1993-07-12,DELIVER IN PERSON,SHIP,ding to the deposits detect al
47234-1,47234,1924,69,1,1.00,1825.92,0.00,0.03,N,O,1998-08-22,1998-07-29,1998-09-14,NONE,FOB,are about the even accounts. stealthy
47234-2,47234,394,79,2,41.00,53069.99,0.08,0.07,N,O,1998-08-12,1998-07-13,1998-08-23,NONE,RAIL,nusual depo
47234-3,47234,1342,57,3,40.00,49733.60,0.06,0.00,N,O,1998-08-13,1998-07-31,1998-08-31,TAKE BACK RETURN,REG AIR,s x-ray. unusual r
47234-4,47234,469,99,4,22.00,30128.12,0.03,0.08,N,O,1998-09-09,1998-07-13,1998-10-09,NONE,MAIL,equests. fluffily final instructions boo
47234-5,47234,926,95,5,13.00,23749.96,0.09,0.02,N,O,1998-06-03,1998-06-13,1998-06-26,COLLECT COD,RAIL,counts. blithely special dep
47235-1,47235,1106,7,1,21.00,21149.10,0.06,0.04,A,F,1992-04-22,1992-06-24,1992-05-12,COLLECT COD,FOB,des. carefully pendi
47235-2,47235,1388,65,2,27.00,34813.26,0.01,0.02,R,F,1992-07-06,1992-06-14,1992-07-08,COLLECT COD,REG AIR,the blithely even deposits. ev
47235-3,47235,199,100,3,23.00,25281.37,0.03,0.01,A,F,1992-06-01,1992-06-07,1992-06-24,TAKE BACK RETURN,RAIL,ges. busy escapades can lose careful
47236-1,47236,1153,90,1,38.00,40057.70,0.07,0.00,N,O,1995-10-11,1995-12-12,1995-10-25,TAKE BACK RETURN,TRUCK,asymptotes slee
47236-2,47236,765,66,2,23.00,38312.48,0.00,0.00,N,O,1995-12-03,1995-12-31,1995-12-18,TAKE BACK RETURN,RAIL,ccounts integrate furiously 
47236-3,47236,514,5,3,48.00,67896.48,0.07,0.03,N,O,1996-01-14,1995-11-16,1996-02-12,TAKE BACK RETURN,AIR,y careful instructions 
47236-4,47236,1014,85,4,19.00,17385.19,0.08,0.06,N,O,1995-11-03,1996-01-01,1995-11-28,TAKE BACK RETURN,REG AIR,y silent ideas
47236-5,47236,210,38,5,44.00,48849.24,0.06,0.06,N,O,1996-01-15,1995-11-27,1996-02-04,NONE,RAIL,al accounts. furious
47236-6,47236,619,82,6,48.00,72941.28,0.08,0.03,N,O,1995-12-23,1995-11-24,1996-01-11,TAKE BACK RETURN,TRUCK,"above the pending, fina"
47237-1,47237,1827,28,1,16.00,27661.12,0.08,0.00,R,F,1993-09-04,1993-11-18,1993-09-08,NONE,SHIP,wake carefully fluf
47237-2,47237,297,98,2,2.00,2394.58,0.05,0.03,A,F,1993-12-19,1993-11-09,1994-01-15,NONE,REG AIR,regular requests could have to 
47237-3,47237,857,91,3,25.00,43946.25,0.03,0.07,A,F,1993-11-26,1993-11-20,1993-12-26,TAKE BACK RETURN,REG AIR,quickly regular packages use. quickly
47237-4,47237,1546,27,4,41.00,59349.14,0.05,0.04,R,F,1993-12-27,1993-10-18,1994-01-05,DELIVER IN PERSON,MAIL, along the foxes integra
47237-5,47237,1000,1,5,6.00,5406.00,0.01,0.07,R,F,1993-12-15,1993-11-26,1993-12-26,TAKE BACK RETURN,RAIL,es. deposits are qu
47237-6,47237,1450,51,6,44.00,59463.80,0.03,0.08,A,F,1993-12-11,1993-11-18,1994-01-10,TAKE BACK RETURN,AIR,are according to
47237-7,47237,1591,72,7,12.00,17911.08,0.04,0.03,A,F,1993-11-06,1993-11-18,1993-11-14,NONE,AIR,egular theodolites ac
47238-1,47238,1182,55,1,25.00,27079.50,0.09,0.04,A,F,1993-01-23,1993-02-27,1993-02-02,NONE,REG AIR,ly dogged dep
47239-1,47239,1238,39,1,31.00,35316.13,0.01,0.06,N,O,1997-03-01,1997-02-20,1997-03-22,NONE,AIR,"nt, ironic platelets sleep. ironic ideas s"
47239-2,47239,1842,86,2,43.00,74985.12,0.02,0.05,N,O,1997-03-20,1997-02-20,1997-04-06,NONE,AIR,"pearls. ruthless, silent accounts alon"
47239-3,47239,254,9,3,1.00,1154.25,0.07,0.01,N,O,1997-03-04,1997-02-28,1997-04-02,DELIVER IN PERSON,TRUCK,ts believe carefully alongsid
47264-1,47264,311,68,1,18.00,21803.58,0.09,0.02,N,O,1997-10-23,1997-11-03,1997-11-06,NONE,RAIL,haggle dependencies. instructio
47264-2,47264,1111,20,2,13.00,13157.43,0.00,0.08,N,O,1997-10-18,1997-11-12,1997-11-13,NONE,SHIP,ermanent packages about the
47265-1,47265,1937,26,1,15.00,27583.95,0.00,0.01,N,O,1995-12-21,1996-01-10,1996-01-13,NONE,REG AIR,ial deposits. slyly fina
47265-2,47265,1545,86,2,21.00,30377.34,0.05,0.03,N,O,1996-03-02,1996-01-31,1996-03-18,COLLECT COD,REG AIR,gouts cajole quickly among the furiousl
47265-3,47265,634,28,3,40.00,61385.20,0.05,0.02,N,O,1996-02-04,1996-01-27,1996-02-28,COLLECT COD,MAIL,quests are furiously afte
47265-4,47265,1818,19,4,7.00,12038.67,0.00,0.00,N,O,1996-02-17,1996-01-15,1996-02-24,NONE,MAIL,ickly final re
47266-1,47266,382,11,1,32.00,41036.16,0.09,0.02,N,O,1997-04-27,1997-03-30,1997-05-05,DELIVER IN PERSON,REG AIR,y after the 
47266-2,47266,1732,75,2,18.00,29407.14,0.07,0.08,N,O,1997-03-22,1997-04-07,1997-04-18,NONE,SHIP, after the foxes. special depos
47266-3,47266,1585,86,3,45.00,66896.10,0.03,0.07,N,O,1997-06-11,1997-04-26,1997-06-24,DELIVER IN PERSON,TRUCK,eposits? furiously pending theodolites boos
47266-4,47266,1145,54,4,32.00,33476.48,0.02,0.07,N,O,1997-03-22,1997-04-01,1997-03-23,DELIVER IN PERSON,REG AIR,the regularly bold ideas. pinto bean
47266-5,47266,1994,83,5,29.00,54983.71,0.07,0.07,N,O,1997-05-09,1997-04-03,1997-05-31,DELIVER IN PERSON,RAIL,n pinto be
47266-6,47266,284,85,6,11.00,13027.08,0.04,0.06,N,O,1997-04-02,1997-04-29,1997-04-12,COLLECT COD,FOB,l packages are furiously fluffi
47267-1,47267,1960,61,1,10.00,18619.60,0.03,0.05,R,F,1994-04-26,1994-02-17,1994-05-13,DELIVER IN PERSON,AIR,y ironic foxes impress slyly ag
47267-2,47267,1433,34,2,5.00,6672.15,0.09,0.07,R,F,1994-04-24,1994-02-05,1994-05-17,NONE,SHIP,carefully according to the slyly 
47267-3,47267,1745,46,3,6.00,9880.44,0.02,0.08,A,F,1994-04-09,1994-03-12,1994-05-06,NONE,RAIL,e quickly. blithely final deposits cajole f
47267-4,47267,409,68,4,28.00,36663.20,0.09,0.05,A,F,1994-01-13,1994-03-29,1994-01-27,TAKE BACK RETURN,AIR,s wake blithely furiously 
47267-5,47267,173,100,5,2.00,2146.34,0.01,0.08,A,F,1994-04-23,1994-02-24,1994-05-01,DELIVER IN PERSON,RAIL,ove the ironic deposits. exc
47267-6,47267,965,34,6,40.00,74638.40,0.02,0.01,R,F,1994-02-16,1994-02-02,1994-03-12,NONE,AIR, play fluffily carefully final sheaves. e
47267-7,47267,547,38,7,28.00,40531.12,0.07,0.04,A,F,1994-02-12,1994-02-20,1994-02-18,TAKE BACK RETURN,FOB,st carefully after the s
47268-1,47268,827,61,1,31.00,53562.42,0.09,0.05,N,O,1996-01-27,1995-12-03,1996-02-18,NONE,SHIP, accounts. thinly pend
47268-2,47268,757,54,2,14.00,23208.50,0.07,0.00,N,O,1995-10-18,1995-12-08,1995-10-20,COLLECT COD,TRUCK,tions nod even pint
47268-3,47268,1124,25,3,29.00,29728.48,0.09,0.05,N,O,1996-01-16,1995-11-27,1996-01-28,DELIVER IN PERSON,FOB,ickly silent requests. sometimes regular p
47268-4,47268,732,97,4,32.00,52247.36,0.10,0.01,N,O,1996-01-11,1995-11-15,1996-01-29,TAKE BACK RETURN,SHIP, slyly ironic packages. fluffily express t
47268-5,47268,1032,38,5,49.00,45718.47,0.03,0.04,N,O,1996-01-14,1995-12-30,1996-01-17,COLLECT COD,REG AIR,nic foxes ar
47269-1,47269,350,7,1,15.00,18755.25,0.10,0.01,N,O,1998-01-12,1997-12-16,1998-02-06,NONE,RAIL,warhorses haggle fluffily blithely expre
47269-2,47269,1755,98,2,47.00,77867.25,0.05,0.02,N,O,1998-01-22,1997-11-24,1998-02-04,TAKE BACK RETURN,FOB,refully final packages engage against the b
47270-1,47270,115,16,1,25.00,25377.75,0.05,0.05,A,F,1993-10-24,1993-09-06,1993-11-22,DELIVER IN PERSON,REG AIR,regular dolphins are alongsi
47270-2,47270,1082,18,2,10.00,9830.80,0.00,0.06,R,F,1993-10-31,1993-09-27,1993-11-20,TAKE BACK RETURN,TRUCK,"deas. silent, ironic theodolit"
47270-3,47270,262,63,3,18.00,20920.68,0.09,0.00,A,F,1993-11-02,1993-09-07,1993-11-17,DELIVER IN PERSON,AIR,accounts boost according to
47270-4,47270,920,21,4,39.00,71015.88,0.04,0.08,A,F,1993-08-13,1993-09-08,1993-08-29,NONE,RAIL,regular th
47270-5,47270,1482,100,5,31.00,42887.88,0.04,0.00,A,F,1993-08-16,1993-09-24,1993-08-24,NONE,TRUCK,ic instructions. accounts
47270-6,47270,977,12,6,1.00,1877.97,0.00,0.05,A,F,1993-10-22,1993-10-21,1993-11-11,DELIVER IN PERSON,AIR,ests. instruction
47270-7,47270,1125,62,7,40.00,41044.80,0.02,0.07,A,F,1993-09-05,1993-09-12,1993-10-02,NONE,FOB,furiously pending deposits
47271-1,47271,1670,71,1,49.00,77011.83,0.03,0.02,N,O,1995-08-24,1995-09-05,1995-09-23,NONE,REG AIR,usly close deposits wa
47296-1,47296,973,76,1,31.00,58093.07,0.00,0.04,R,F,1993-08-22,1993-09-11,1993-08-24,COLLECT COD,AIR, slyly close ideas. ironic instructions ha
47296-2,47296,323,80,2,13.00,15903.16,0.03,0.03,A,F,1993-07-08,1993-07-30,1993-07-09,COLLECT COD,TRUCK,ackages affix beneath the sometimes
47296-3,47296,112,65,3,48.00,48581.28,0.06,0.03,R,F,1993-08-17,1993-08-29,1993-08-27,NONE,SHIP,iously. fu
47297-1,47297,988,89,1,19.00,35890.62,0.06,0.02,N,O,1997-07-26,1997-08-30,1997-08-15,NONE,REG AIR,etimes unusual accounts poach final ideas. 
47297-2,47297,1901,90,2,36.00,64904.40,0.06,0.01,N,O,1997-08-21,1997-10-14,1997-08-22,DELIVER IN PERSON,TRUCK,requests. quickly 
47297-3,47297,391,20,3,43.00,55529.77,0.09,0.07,N,O,1997-10-13,1997-09-16,1997-10-29,NONE,SHIP,"ves sleep quickly up the unusual, fin"
47297-4,47297,1427,67,4,47.00,62435.74,0.08,0.04,N,O,1997-10-20,1997-10-22,1997-10-27,NONE,RAIL,tructions are slyly bold
47297-5,47297,364,49,5,5.00,6321.80,0.00,0.06,N,O,1997-08-12,1997-08-24,1997-09-07,TAKE BACK RETURN,AIR,regularly special sentiments cajole quickl
47298-1,47298,297,98,1,41.00,49088.89,0.02,0.05,N,O,1995-10-16,1996-01-05,1995-10-30,TAKE BACK RETURN,TRUCK,olphins. final deposits use ironic instr
47298-2,47298,1843,73,2,15.00,26172.60,0.03,0.04,N,O,1996-01-19,1995-11-26,1996-02-09,TAKE BACK RETURN,SHIP,cajole furiously pending excuses. furio
47298-3,47298,1906,95,3,25.00,45197.50,0.03,0.01,N,O,1996-01-05,1995-11-13,1996-01-17,NONE,MAIL,ess accounts. excuses use slyly quick
47299-1,47299,1562,43,1,18.00,26344.08,0.09,0.00,A,F,1993-11-26,1994-01-02,1993-12-18,COLLECT COD,TRUCK,s. carefully bol
47299-2,47299,1471,50,2,17.00,23331.99,0.10,0.07,A,F,1994-02-11,1993-12-15,1994-02-28,TAKE BACK RETURN,AIR,usily above the blithe
47300-1,47300,454,84,1,46.00,62304.70,0.04,0.05,A,F,1994-02-28,1994-03-26,1994-03-18,DELIVER IN PERSON,MAIL,"horses are quickly ironic, silent grouch"
47300-2,47300,150,51,2,1.00,1050.15,0.05,0.07,A,F,1994-03-10,1994-03-12,1994-03-17,NONE,TRUCK,ckly ironic
47300-3,47300,1756,83,3,28.00,46417.00,0.02,0.03,A,F,1994-02-23,1994-02-16,1994-03-03,DELIVER IN PERSON,MAIL,ld account
47300-4,47300,732,65,4,3.00,4898.19,0.08,0.04,R,F,1994-01-07,1994-02-09,1994-01-31,COLLECT COD,RAIL,ough the final package
47300-5,47300,1773,16,5,31.00,51917.87,0.07,0.04,R,F,1994-02-06,1994-02-15,1994-02-15,COLLECT COD,SHIP,sly special instruction
47300-6,47300,1950,39,6,17.00,31483.15,0.06,0.03,A,F,1994-01-05,1994-03-12,1994-01-06,DELIVER IN PERSON,TRUCK,foxes. slyly regular foxes
47300-7,47300,565,66,7,43.00,63019.08,0.08,0.07,R,F,1994-01-29,1994-03-10,1994-02-22,COLLECT COD,MAIL,ly bold asymptotes. fluffily ironic reque
47301-1,47301,1851,95,1,22.00,38562.70,0.07,0.06,N,O,1995-11-03,1995-08-26,1995-11-13,DELIVER IN PERSON,SHIP, about the f
47301-2,47301,87,13,2,6.00,5922.48,0.00,0.02,N,O,1995-07-25,1995-09-30,1995-08-20,DELIVER IN PERSON,MAIL,gle blithely i
47301-3,47301,1917,6,3,44.00,80032.04,0.09,0.06,N,O,1995-09-12,1995-09-06,1995-09-28,COLLECT COD,FOB,he ironic accounts nag slyly after the s
47302-1,47302,1987,20,1,44.00,83115.12,0.03,0.06,N,O,1996-12-01,1996-12-13,1996-12-16,NONE,AIR, foxes. asymptotes doze quickly
47302-2,47302,1674,75,2,42.00,66178.14,0.06,0.05,N,O,1996-11-08,1997-01-11,1996-11-11,TAKE BACK RETURN,MAIL,cajole packages. packages sleep furiously i
47302-3,47302,1612,13,3,23.00,34813.03,0.05,0.07,N,O,1996-12-22,1997-01-11,1997-01-18,NONE,AIR,. regular accounts alon
47302-4,47302,1126,27,4,14.00,14379.68,0.07,0.01,N,O,1996-11-23,1996-11-16,1996-12-15,NONE,MAIL,efully across the
47302-5,47302,274,2,5,50.00,58713.50,0.09,0.04,N,O,1997-01-08,1996-11-13,1997-01-14,DELIVER IN PERSON,FOB,eposits against the the
47303-1,47303,91,17,1,47.00,46581.23,0.10,0.02,N,O,1996-03-29,1996-02-01,1996-04-02,DELIVER IN PERSON,MAIL,wake regularly; deposits wake. regula
47303-2,47303,1385,24,2,2.00,2572.76,0.10,0.00,N,O,1996-03-26,1996-02-09,1996-04-04,NONE,TRUCK,he furiously bold platelets: expr
47303-3,47303,991,60,3,3.00,5675.97,0.10,0.02,N,O,1996-02-12,1996-01-20,1996-02-21,DELIVER IN PERSON,TRUCK,nts. fluffily regular pinto beans
47303-4,47303,1942,75,4,28.00,51630.32,0.08,0.06,N,O,1996-03-07,1996-02-28,1996-03-18,NONE,REG AIR,y. blithely bold packages 
47303-5,47303,543,44,5,1.00,1443.54,0.07,0.08,N,O,1996-01-14,1996-02-20,1996-02-02,NONE,MAIL,inder about the 
47303-6,47303,1723,66,6,15.00,24370.80,0.08,0.01,N,O,1995-12-20,1996-02-26,1995-12-30,TAKE BACK RETURN,RAIL,ymptotes are
47328-1,47328,1797,98,1,42.00,71349.18,0.08,0.01,N,O,1996-06-08,1996-07-10,1996-06-28,NONE,RAIL,ccounts above the carefully ironi
47328-2,47328,384,41,2,14.00,17981.32,0.01,0.06,N,O,1996-05-13,1996-06-07,1996-06-10,NONE,AIR,riously ironic deposits affix according to 
47329-1,47329,1175,48,1,22.00,23675.74,0.07,0.00,A,F,1993-03-27,1993-03-24,1993-04-04,NONE,SHIP, after the fina
47329-2,47329,968,3,2,50.00,93448.00,0.00,0.05,R,F,1993-05-23,1993-04-19,1993-05-25,TAKE BACK RETURN,RAIL,g accounts. furiously regular packages are
47329-3,47329,1178,87,3,16.00,17266.72,0.02,0.03,R,F,1993-06-07,1993-04-18,1993-06-12,NONE,FOB,accounts sleep furious
47329-4,47329,1735,36,4,12.00,19640.76,0.09,0.04,A,F,1993-05-02,1993-03-15,1993-05-29,DELIVER IN PERSON,FOB,tain regular accounts-- 
47329-5,47329,727,28,5,3.00,4883.16,0.08,0.01,A,F,1993-04-16,1993-03-23,1993-04-28,NONE,TRUCK,ges cajole slyly according to 
47329-6,47329,1325,2,6,47.00,57637.04,0.04,0.05,R,F,1993-06-05,1993-03-14,1993-06-11,COLLECT COD,SHIP,y. carefully regular theodolite
47329-7,47329,512,43,7,9.00,12712.59,0.06,0.03,R,F,1993-05-24,1993-05-04,1993-06-21,COLLECT COD,MAIL,ages after the furiously careful pinto 
47330-1,47330,668,62,1,39.00,61177.74,0.03,0.07,N,O,1995-07-12,1995-06-07,1995-07-13,DELIVER IN PERSON,SHIP,egularly furiously 
47330-2,47330,1600,1,2,39.00,58562.40,0.03,0.03,A,F,1995-05-12,1995-06-10,1995-05-26,NONE,AIR,uests cajole carefully ag
47330-3,47330,1792,19,3,30.00,50813.70,0.08,0.05,A,F,1995-05-08,1995-06-11,1995-06-05,DELIVER IN PERSON,REG AIR,the blithely bold pac
47330-4,47330,1837,67,4,6.00,10432.98,0.01,0.03,A,F,1995-04-04,1995-06-29,1995-04-24,NONE,AIR,. pinto beans haggle furiously alongside o
47331-1,47331,289,90,1,48.00,57085.44,0.06,0.00,N,O,1996-10-08,1996-10-15,1996-10-12,DELIVER IN PERSON,FOB,gular packages. ironic accounts boost blit
47331-2,47331,217,18,2,29.00,32399.09,0.10,0.08,N,O,1996-11-03,1996-09-19,1996-11-18,COLLECT COD,TRUCK,efully ironic theod
47331-3,47331,206,7,3,11.00,12168.20,0.01,0.00,N,O,1996-09-15,1996-09-24,1996-10-02,COLLECT COD,MAIL,into beans wake carefu
47331-4,47331,1553,54,4,24.00,34909.20,0.02,0.01,N,O,1996-09-25,1996-10-16,1996-10-11,COLLECT COD,MAIL,fily bold pinto beans cajole carefull
47331-5,47331,1335,74,5,39.00,48216.87,0.08,0.01,N,O,1996-10-18,1996-11-06,1996-10-24,DELIVER IN PERSON,AIR,hely accordin
47332-1,47332,492,22,1,22.00,30634.78,0.07,0.06,N,O,1997-03-31,1997-04-16,1997-04-24,TAKE BACK RETURN,MAIL,nal deposits engage. idle deposits boo
47332-2,47332,1955,88,2,37.00,68707.15,0.10,0.03,N,O,1997-04-24,1997-04-03,1997-05-08,COLLECT COD,FOB,uctions wake above the speci
47332-3,47332,428,16,3,37.00,49151.54,0.07,0.03,N,O,1997-03-19,1997-03-24,1997-04-04,DELIVER IN PERSON,AIR,cajole against the pearls; furiously re
47332-4,47332,893,60,4,18.00,32290.02,0.01,0.03,N,O,1997-05-24,1997-03-26,1997-06-18,COLLECT COD,FOB, pending deposits affix blithely. 
47332-5,47332,227,28,5,9.00,10144.98,0.01,0.04,N,O,1997-04-20,1997-03-21,1997-04-25,TAKE BACK RETURN,MAIL,ironic packages h
47333-1,47333,1852,53,1,35.00,61384.75,0.03,0.01,N,O,1995-10-29,1995-10-30,1995-11-22,TAKE BACK RETURN,TRUCK,egular dependencies unwind caref
47334-1,47334,1014,15,1,50.00,45750.50,0.04,0.00,A,F,1993-08-20,1993-06-22,1993-08-25,TAKE BACK RETURN,RAIL,unusual wart
47334-2,47334,785,50,2,16.00,26972.48,0.03,0.08,A,F,1993-05-19,1993-07-22,1993-06-18,NONE,MAIL, the Tiresias. regular id
47334-3,47334,1134,35,3,35.00,36229.55,0.02,0.01,R,F,1993-06-05,1993-07-29,1993-07-03,DELIVER IN PERSON,SHIP,d deposits thrash? even sauternes hagg
47334-4,47334,900,34,4,8.00,14407.20,0.00,0.04,R,F,1993-07-22,1993-06-23,1993-08-03,NONE,SHIP,le. carefully silent requests about
47334-5,47334,1638,80,5,13.00,20015.19,0.07,0.05,A,F,1993-06-08,1993-06-12,1993-06-19,NONE,REG AIR,egular pinto beans against the furiou
47334-6,47334,582,43,6,13.00,19273.54,0.00,0.08,R,F,1993-08-03,1993-07-01,1993-08-21,COLLECT COD,SHIP,fully special dependencies. slyly ex
47334-7,47334,1433,73,7,26.00,34695.18,0.09,0.02,R,F,1993-08-04,1993-07-19,1993-08-23,NONE,REG AIR,ongside of the packages. regula
47335-1,47335,1526,67,1,45.00,64238.40,0.05,0.06,R,F,1992-09-02,1992-08-31,1992-09-15,TAKE BACK RETURN,FOB,"he quick, ironic deposits. ca"
47335-2,47335,1506,87,2,29.00,40817.50,0.08,0.08,R,F,1992-10-08,1992-09-27,1992-10-12,COLLECT COD,REG AIR,. blithely busy asymptotes haggle ac
47360-1,47360,1002,73,1,12.00,10836.00,0.05,0.05,A,F,1993-12-23,1993-11-22,1994-01-04,DELIVER IN PERSON,REG AIR,kly regular multipliers. carefully iro
47360-2,47360,549,80,2,34.00,49284.36,0.04,0.08,R,F,1993-10-23,1993-12-04,1993-11-19,DELIVER IN PERSON,SHIP,ajole. sometimes 
47360-3,47360,1582,63,3,32.00,47474.56,0.02,0.07,A,F,1993-10-16,1993-12-11,1993-11-14,COLLECT COD,RAIL,n foxes unwind furiousl
47360-4,47360,942,11,4,23.00,42387.62,0.03,0.01,R,F,1993-12-20,1993-12-06,1994-01-02,TAKE BACK RETURN,RAIL,s across the quickly fin
47361-1,47361,921,24,1,7.00,12753.44,0.03,0.02,N,O,1996-09-02,1996-09-25,1996-09-10,TAKE BACK RETURN,TRUCK, accounts. car
47361-2,47361,1001,37,2,37.00,33374.00,0.08,0.08,N,O,1996-08-14,1996-10-11,1996-08-22,DELIVER IN PERSON,FOB, even deposits-
47361-3,47361,1929,62,3,40.00,73236.80,0.03,0.01,N,O,1996-09-11,1996-09-24,1996-10-10,TAKE BACK RETURN,TRUCK,ress braids. iron
47362-1,47362,1206,81,1,2.00,2214.40,0.08,0.07,N,O,1996-05-02,1996-03-10,1996-05-10,TAKE BACK RETURN,TRUCK,ccording to the caref
47362-2,47362,91,42,2,17.00,16848.53,0.05,0.01,N,O,1996-01-27,1996-04-11,1996-02-26,DELIVER IN PERSON,REG AIR,ions. carefully special fox
47362-3,47362,947,50,3,47.00,86853.18,0.10,0.02,N,O,1996-03-08,1996-02-28,1996-03-26,NONE,RAIL,ep. carefully
47362-4,47362,767,32,4,23.00,38358.48,0.00,0.08,N,O,1996-03-27,1996-04-03,1996-04-12,DELIVER IN PERSON,RAIL,into beans according to the
47362-5,47362,1789,16,5,22.00,37197.16,0.05,0.01,N,O,1996-03-09,1996-02-20,1996-03-22,DELIVER IN PERSON,RAIL,tes. furiously special as
47362-6,47362,355,84,6,38.00,47703.30,0.08,0.01,N,O,1996-03-13,1996-03-30,1996-04-04,COLLECT COD,FOB,osits are slyly even de
47362-7,47362,930,65,7,21.00,38449.53,0.09,0.08,N,O,1996-01-30,1996-04-03,1996-02-14,DELIVER IN PERSON,FOB,requests. quickly ironic de
47363-1,47363,1460,39,1,7.00,9530.22,0.02,0.03,N,O,1996-07-15,1996-08-30,1996-07-25,COLLECT COD,REG AIR,osits use furiously 
47363-2,47363,1222,97,2,7.00,7862.54,0.03,0.03,N,O,1996-09-20,1996-07-02,1996-09-30,TAKE BACK RETURN,MAIL,theodolites. blithely fi
47363-3,47363,1950,39,3,33.00,61114.35,0.05,0.07,N,O,1996-08-26,1996-07-08,1996-09-03,DELIVER IN PERSON,FOB,sleep furiously slyly even pinto bean
47364-1,47364,1905,6,1,6.00,10841.40,0.08,0.02,N,O,1997-05-29,1997-04-23,1997-06-17,TAKE BACK RETURN,REG AIR,nooze blithely ab
47364-2,47364,1182,19,2,5.00,5415.90,0.07,0.04,N,O,1997-06-18,1997-03-25,1997-07-02,DELIVER IN PERSON,MAIL,s across the eve
47364-3,47364,838,5,3,33.00,57381.39,0.01,0.03,N,O,1997-02-26,1997-05-17,1997-03-28,NONE,FOB,thely unusual ac
47364-4,47364,353,82,4,40.00,50134.00,0.02,0.03,N,O,1997-05-05,1997-04-22,1997-05-20,DELIVER IN PERSON,AIR,l requests. fluffily final accounts boost a
47364-5,47364,61,87,5,49.00,47091.94,0.00,0.04,N,O,1997-03-06,1997-04-13,1997-03-21,COLLECT COD,SHIP,ng the deposits.
47364-6,47364,1216,17,6,14.00,15640.94,0.02,0.00,N,O,1997-05-16,1997-04-16,1997-06-06,NONE,MAIL,fluffily regu
47365-1,47365,705,6,1,44.00,70650.80,0.03,0.04,N,O,1997-09-24,1997-08-26,1997-10-22,TAKE BACK RETURN,AIR,ideas. slyly ex
47365-2,47365,172,99,2,42.00,45031.14,0.06,0.07,N,O,1997-08-16,1997-08-12,1997-09-07,NONE,REG AIR,luffily. slyly ironic foxes nag fur
47365-3,47365,238,20,3,13.00,14796.99,0.05,0.07,N,O,1997-08-02,1997-09-12,1997-09-01,NONE,RAIL,thely express requests. furiously pending
47365-4,47365,272,100,4,2.00,2344.54,0.04,0.07,N,O,1997-09-25,1997-09-16,1997-10-06,DELIVER IN PERSON,TRUCK, blithely re
47365-5,47365,125,78,5,15.00,15376.80,0.06,0.07,N,O,1997-10-15,1997-09-12,1997-10-27,COLLECT COD,TRUCK,hely deposits: so
47365-6,47365,1349,26,6,49.00,61266.66,0.03,0.05,N,O,1997-09-30,1997-09-19,1997-10-16,NONE,AIR,ss foxes was 
47365-7,47365,872,6,7,7.00,12410.09,0.03,0.05,N,O,1997-07-26,1997-09-06,1997-07-30,TAKE BACK RETURN,SHIP,ons boost blithely above the slyly un
47366-1,47366,1444,84,1,20.00,26908.80,0.03,0.01,A,F,1993-05-18,1993-04-16,1993-06-09,DELIVER IN PERSON,AIR,g pains nag quickly across the blithely s
47366-2,47366,202,84,2,46.00,50701.20,0.02,0.02,A,F,1993-05-31,1993-05-11,1993-06-25,NONE,REG AIR,ithely amo
47366-3,47366,167,94,3,14.00,14940.24,0.05,0.03,A,F,1993-04-15,1993-03-21,1993-05-08,COLLECT COD,AIR,lets. quickly ironic instru
47366-4,47366,782,15,4,2.00,3365.56,0.00,0.06,R,F,1993-03-02,1993-03-31,1993-03-08,DELIVER IN PERSON,RAIL, dogged pinto beans wake above the instr
47367-1,47367,1288,100,1,48.00,57085.44,0.01,0.04,R,F,1995-05-17,1995-07-03,1995-06-03,DELIVER IN PERSON,RAIL,"slow, regular r"
47367-2,47367,1854,41,2,32.00,56187.20,0.07,0.01,R,F,1995-04-22,1995-06-25,1995-04-27,DELIVER IN PERSON,AIR,even pinto beans sleep carefully after the
47367-3,47367,1160,61,3,7.00,7428.12,0.05,0.08,N,O,1995-07-18,1995-07-14,1995-07-30,COLLECT COD,SHIP,st. carefu
47392-1,47392,614,15,1,33.00,49982.13,0.06,0.02,R,F,1994-11-08,1994-11-20,1994-11-13,NONE,TRUCK,sts among t
47392-2,47392,1925,14,2,43.00,78557.56,0.08,0.02,A,F,1994-11-09,1994-10-30,1994-12-02,DELIVER IN PERSON,TRUCK,ously: pending asymptotes are boldly ironi
47392-3,47392,1052,88,3,22.00,20967.10,0.09,0.07,R,F,1994-10-24,1994-10-18,1994-11-14,TAKE BACK RETURN,AIR,ts wake slyly. careful
47392-4,47392,405,93,4,20.00,26108.00,0.03,0.04,A,F,1995-01-04,1994-12-12,1995-01-11,NONE,TRUCK,eans. blithely regular fox
47393-1,47393,1162,99,1,36.00,38273.76,0.09,0.01,N,O,1998-09-15,1998-09-03,1998-09-30,TAKE BACK RETURN,REG AIR,ole. slyly special requests impress e
47393-2,47393,152,79,2,30.00,31564.50,0.10,0.00,N,O,1998-07-10,1998-08-30,1998-07-26,TAKE BACK RETURN,RAIL,posits. blithely special ideas
47393-3,47393,1091,97,3,46.00,45636.14,0.01,0.04,N,O,1998-08-25,1998-08-23,1998-09-02,TAKE BACK RETURN,RAIL,ole slyly even dugouts. final pinto b
47393-4,47393,90,91,4,20.00,19801.80,0.05,0.01,N,O,1998-10-16,1998-08-05,1998-11-06,COLLECT COD,MAIL,efully alongside of the 
47393-5,47393,1287,88,5,27.00,32083.56,0.06,0.04,N,O,1998-10-11,1998-09-22,1998-11-02,NONE,MAIL,"eodolites. unusual, regular foxes are al"
47393-6,47393,299,54,6,47.00,56366.63,0.05,0.03,N,O,1998-07-26,1998-08-06,1998-08-10,TAKE BACK RETURN,TRUCK,requests. courts affix under the blithe
47394-1,47394,366,95,1,33.00,41789.88,0.10,0.01,N,O,1998-11-23,1998-10-14,1998-12-12,TAKE BACK RETURN,SHIP,ts. accounts haggle fluffily care
47394-2,47394,1941,74,2,41.00,75560.54,0.05,0.03,N,O,1998-11-25,1998-10-14,1998-12-17,TAKE BACK RETURN,MAIL,blithely ironic requests. quickly silen
47394-3,47394,299,27,3,7.00,8395.03,0.07,0.07,N,O,1998-09-18,1998-09-30,1998-09-19,TAKE BACK RETURN,REG AIR,fully special re
47395-1,47395,1902,91,1,35.00,63136.50,0.05,0.05,A,F,1992-05-13,1992-04-15,1992-05-21,NONE,MAIL,inal dependencies integrate slowly ironic a
47395-2,47395,1758,43,2,32.00,53112.00,0.07,0.08,A,F,1992-05-19,1992-04-30,1992-06-01,DELIVER IN PERSON,FOB,nstructions. quickly express foxes
47396-1,47396,1904,37,1,27.00,48759.30,0.10,0.04,N,O,1997-09-26,1997-07-19,1997-10-18,NONE,FOB,even deposits. requests are. carefully fina
47396-2,47396,1169,6,2,36.00,38525.76,0.06,0.06,N,O,1997-07-25,1997-08-10,1997-08-20,TAKE BACK RETURN,MAIL,quests: quickly even theodolites wake qui
47396-3,47396,327,28,3,6.00,7363.92,0.08,0.01,N,O,1997-07-09,1997-07-12,1997-07-17,NONE,SHIP,final dependencies haggle. carefully pendi
47396-4,47396,1508,29,4,4.00,5638.00,0.00,0.00,N,O,1997-07-11,1997-08-08,1997-08-01,NONE,AIR,tect carefully across th
47396-5,47396,804,5,5,15.00,25572.00,0.00,0.00,N,O,1997-07-08,1997-08-26,1997-07-26,COLLECT COD,REG AIR,aggle according to 
47396-6,47396,463,51,6,14.00,19088.44,0.01,0.00,N,O,1997-07-20,1997-08-13,1997-08-05,TAKE BACK RETURN,MAIL,ounts above the pinto beans mold pend
47397-1,47397,992,95,1,5.00,9464.95,0.07,0.07,N,O,1998-04-29,1998-04-08,1998-05-04,TAKE BACK RETURN,MAIL,ckly regular theodoli
47397-2,47397,441,42,2,30.00,40243.20,0.07,0.02,N,O,1998-06-17,1998-05-17,1998-06-24,NONE,SHIP,thely. blithel
47398-1,47398,900,1,1,35.00,63031.50,0.01,0.03,N,O,1995-06-27,1995-08-03,1995-07-11,TAKE BACK RETURN,SHIP,p carefully re
47398-2,47398,226,8,2,23.00,25903.06,0.09,0.01,N,O,1995-08-18,1995-08-08,1995-08-22,COLLECT COD,AIR, dolphins grow alo
47398-3,47398,1238,39,3,25.00,28480.75,0.09,0.03,N,O,1995-07-01,1995-08-10,1995-07-31,TAKE BACK RETURN,REG AIR,yly. fluffily ruthless sentime
47398-4,47398,64,90,4,3.00,2892.18,0.01,0.01,N,O,1995-07-28,1995-08-11,1995-08-11,COLLECT COD,FOB,fully special accounts nag. pendin
47399-1,47399,242,97,1,14.00,15991.36,0.09,0.03,R,F,1992-08-13,1992-09-19,1992-08-30,DELIVER IN PERSON,MAIL,behind the special packag
47399-2,47399,129,8,2,50.00,51456.00,0.02,0.03,A,F,1992-08-28,1992-09-03,1992-09-01,NONE,MAIL,nal requests about the care
47399-3,47399,295,77,3,11.00,13148.19,0.10,0.00,A,F,1992-08-12,1992-10-30,1992-08-31,DELIVER IN PERSON,FOB,ffily regular pinto beans. re
47399-4,47399,1765,8,4,42.00,70003.92,0.01,0.08,R,F,1992-11-26,1992-09-07,1992-12-04,COLLECT COD,AIR, sleep slyly theodolites. carefully e
47399-5,47399,1555,76,5,32.00,46609.60,0.00,0.01,R,F,1992-11-16,1992-10-18,1992-11-29,TAKE BACK RETURN,SHIP,riously re
47424-1,47424,551,82,1,37.00,53707.35,0.01,0.04,N,O,1996-08-28,1996-09-06,1996-09-25,COLLECT COD,SHIP,e carefully 
47424-2,47424,805,6,2,18.00,30704.40,0.06,0.00,N,O,1996-08-26,1996-09-10,1996-09-07,NONE,FOB,he carefully ironic 
47424-3,47424,783,80,3,42.00,70718.76,0.09,0.07,N,O,1996-07-18,1996-09-11,1996-08-09,TAKE BACK RETURN,MAIL,p fluffily regular requests. silen
47424-4,47424,1208,46,4,12.00,13310.40,0.06,0.04,N,O,1996-08-24,1996-08-13,1996-09-12,NONE,TRUCK, requests. 
47424-5,47424,1957,46,5,3.00,5576.85,0.00,0.01,N,O,1996-07-30,1996-08-27,1996-08-08,COLLECT COD,FOB,ncies affi
47425-1,47425,828,29,1,19.00,32847.58,0.03,0.06,N,O,1998-05-28,1998-03-13,1998-06-12,TAKE BACK RETURN,FOB,ronic packages nag alongside of the 
47425-2,47425,572,33,2,8.00,11780.56,0.04,0.08,N,O,1998-03-03,1998-03-30,1998-03-20,NONE,AIR,affix blithely above t
47425-3,47425,1532,13,3,16.00,22936.48,0.07,0.04,N,O,1998-04-12,1998-04-13,1998-04-22,DELIVER IN PERSON,FOB,ress requests grow. carefully f
47425-4,47425,1525,46,4,40.00,57060.80,0.05,0.06,N,O,1998-03-11,1998-04-01,1998-04-06,DELIVER IN PERSON,AIR,lly according to the 
47426-1,47426,1684,67,1,27.00,42813.36,0.00,0.03,R,F,1994-12-08,1994-11-01,1994-12-23,TAKE BACK RETURN,SHIP,he furious
47427-1,47427,1617,18,1,5.00,7593.05,0.02,0.04,N,O,1998-03-14,1998-05-23,1998-04-12,TAKE BACK RETURN,AIR, nag slyly. fluffily final instr
47427-2,47427,986,21,2,22.00,41513.56,0.08,0.02,N,O,1998-05-19,1998-04-07,1998-06-10,COLLECT COD,FOB,nal depend
47428-1,47428,1443,83,1,4.00,5377.76,0.03,0.04,A,F,1993-06-04,1993-04-09,1993-06-25,COLLECT COD,TRUCK,e. quickly regular requests across the
47428-2,47428,1035,41,2,10.00,9360.30,0.03,0.07,A,F,1993-04-23,1993-04-26,1993-05-04,NONE,AIR,l requests cajole fluffily. furiously bold
47429-1,47429,732,97,1,9.00,14694.57,0.01,0.03,N,O,1996-05-28,1996-07-03,1996-06-19,DELIVER IN PERSON,MAIL,al ideas. fi
47429-2,47429,608,9,2,31.00,46766.60,0.10,0.02,N,O,1996-08-19,1996-08-01,1996-09-08,TAKE BACK RETURN,SHIP,le after the furiously even 
47430-1,47430,396,25,1,30.00,38891.70,0.06,0.02,N,O,1997-07-08,1997-06-07,1997-07-27,COLLECT COD,REG AIR,ven instructions? foxes along t
47430-2,47430,108,87,2,3.00,3024.30,0.10,0.07,N,O,1997-06-24,1997-07-03,1997-07-08,DELIVER IN PERSON,TRUCK,"en, regular requests nag across the t"
47431-1,47431,1065,36,1,8.00,7728.48,0.01,0.01,N,O,1997-10-24,1997-10-07,1997-11-20,NONE,SHIP,eposits cajole accounts. slyly
47431-2,47431,149,50,2,36.00,37769.04,0.02,0.00,N,O,1997-12-21,1997-11-29,1998-01-02,NONE,RAIL,ies. blithely ironic
47431-3,47431,949,52,3,12.00,22199.28,0.03,0.03,N,O,1997-12-20,1997-10-09,1998-01-04,TAKE BACK RETURN,TRUCK,sly special ideas. requests serve furiously
47431-4,47431,1665,7,4,38.00,59533.08,0.07,0.02,N,O,1997-12-26,1997-10-19,1998-01-02,TAKE BACK RETURN,AIR,kly about the fluffily regular deposits. qu
47431-5,47431,520,11,5,19.00,26989.88,0.05,0.07,N,O,1997-09-18,1997-10-13,1997-10-17,TAKE BACK RETURN,RAIL,usly regular requ
47456-1,47456,1996,41,1,20.00,37959.80,0.00,0.08,A,F,1992-08-11,1992-08-21,1992-09-01,TAKE BACK RETURN,TRUCK, pinto beans boost about the pendi
47456-2,47456,436,95,2,48.00,64148.64,0.03,0.07,R,F,1992-07-06,1992-07-04,1992-08-03,TAKE BACK RETURN,AIR,ts cajole according to the slyly blithe ac
47456-3,47456,1375,76,3,7.00,8934.59,0.07,0.05,R,F,1992-08-12,1992-08-15,1992-08-23,DELIVER IN PERSON,MAIL,ly pending acc
47456-4,47456,1483,1,4,23.00,31843.04,0.03,0.08,A,F,1992-07-29,1992-07-13,1992-08-10,NONE,REG AIR,arefully. id
47457-1,47457,1945,90,1,33.00,60949.02,0.08,0.05,A,F,1994-07-16,1994-08-19,1994-07-23,TAKE BACK RETURN,AIR, the final accounts. carefully special dugo
47457-2,47457,1152,89,2,26.00,27381.90,0.03,0.06,R,F,1994-08-19,1994-08-27,1994-08-29,COLLECT COD,RAIL,integrate. carefully even foxes haggl
47457-3,47457,437,25,3,21.00,28086.03,0.08,0.04,A,F,1994-08-24,1994-07-25,1994-08-27,NONE,AIR,gular packa
47457-4,47457,1740,83,4,36.00,59102.64,0.01,0.03,R,F,1994-06-08,1994-08-19,1994-06-24,COLLECT COD,FOB,ully packages? unusua
47457-5,47457,421,22,5,9.00,11892.78,0.01,0.05,R,F,1994-07-09,1994-08-03,1994-07-15,NONE,MAIL,around the regular requests? ev
47457-6,47457,1985,30,6,33.00,62270.34,0.04,0.08,A,F,1994-09-09,1994-08-12,1994-09-21,TAKE BACK RETURN,AIR, sleep slyly
47457-7,47457,193,94,7,22.00,24050.18,0.03,0.06,R,F,1994-09-14,1994-07-21,1994-09-27,TAKE BACK RETURN,MAIL,y regular foxes. fur
47458-1,47458,1465,44,1,39.00,53291.94,0.04,0.04,N,O,1996-04-30,1996-07-09,1996-05-30,COLLECT COD,MAIL,its along the car
47458-2,47458,655,49,2,10.00,15556.50,0.00,0.02,N,O,1996-07-26,1996-06-21,1996-08-17,DELIVER IN PERSON,MAIL,lly regular accounts. regular packages t
47458-3,47458,1092,98,3,30.00,29792.70,0.08,0.00,N,O,1996-07-11,1996-07-18,1996-08-01,TAKE BACK RETURN,FOB,nic accounts haggl
47458-4,47458,617,18,4,5.00,7588.05,0.04,0.01,N,O,1996-07-16,1996-06-13,1996-08-06,NONE,SHIP,"express excuses. even, final acc"
47458-5,47458,560,21,5,7.00,10223.92,0.09,0.05,N,O,1996-07-04,1996-06-24,1996-07-23,DELIVER IN PERSON,REG AIR,ilent accounts in place of the pending 
47458-6,47458,532,63,6,40.00,57301.20,0.07,0.03,N,O,1996-06-24,1996-06-25,1996-07-06,COLLECT COD,REG AIR,uffily among the never specia
47458-7,47458,1653,95,7,9.00,13991.85,0.02,0.07,N,O,1996-06-14,1996-07-15,1996-06-19,COLLECT COD,AIR,ial platelets. quickly 
47459-1,47459,1856,86,1,17.00,29883.45,0.09,0.05,N,O,1995-08-23,1995-10-20,1995-09-04,COLLECT COD,TRUCK,sual pinto beans. 
47459-2,47459,455,43,2,30.00,40663.50,0.05,0.04,N,O,1995-08-29,1995-09-29,1995-09-06,COLLECT COD,FOB, requests. quick deposits wa
47459-3,47459,1210,11,3,23.00,25557.83,0.06,0.07,N,O,1995-09-18,1995-11-08,1995-09-21,COLLECT COD,REG AIR, across the carefully final platele
47460-1,47460,608,71,1,34.00,51292.40,0.03,0.00,A,F,1993-11-15,1993-11-17,1993-12-07,TAKE BACK RETURN,FOB,"nusual escapades. silent, final "
47460-2,47460,1633,16,2,39.00,59850.57,0.09,0.04,A,F,1993-10-13,1993-12-12,1993-11-10,TAKE BACK RETURN,SHIP,iresias cajole quickly. furiously pending 
47461-1,47461,782,15,1,44.00,74042.32,0.08,0.03,A,F,1993-05-02,1993-06-25,1993-05-22,COLLECT COD,RAIL,"cross the close, iro"
47461-2,47461,597,28,2,19.00,28454.21,0.00,0.02,R,F,1993-07-28,1993-06-18,1993-08-26,NONE,SHIP,ly express
47461-3,47461,1487,88,3,15.00,20827.20,0.05,0.08,A,F,1993-08-04,1993-07-23,1993-08-21,NONE,TRUCK,s haggle furiously ironic accou
47461-4,47461,609,3,4,4.00,6038.40,0.07,0.01,A,F,1993-06-28,1993-06-16,1993-07-26,NONE,TRUCK,fully alongside of the quickly ev
47461-5,47461,1086,22,5,33.00,32573.64,0.01,0.07,A,F,1993-06-10,1993-07-02,1993-06-29,DELIVER IN PERSON,SHIP,s about the entici
47461-6,47461,750,15,6,6.00,9904.50,0.00,0.01,R,F,1993-04-29,1993-07-18,1993-05-12,COLLECT COD,FOB,long the pending courts. fin
47461-7,47461,1416,56,7,35.00,46109.35,0.10,0.05,R,F,1993-08-08,1993-06-03,1993-08-15,NONE,FOB,refully regular pinto beans cajole. i
47462-1,47462,1111,48,1,34.00,34411.74,0.10,0.03,N,O,1995-06-24,1995-08-01,1995-07-02,TAKE BACK RETURN,RAIL, according to 
47462-2,47462,706,7,2,23.00,36954.10,0.06,0.07,N,O,1995-10-09,1995-09-05,1995-10-25,NONE,TRUCK,gedly even packa
47462-3,47462,1013,19,3,27.00,24678.27,0.06,0.04,N,O,1995-06-27,1995-08-25,1995-07-11,TAKE BACK RETURN,MAIL,"ironic, regular pinto b"
47462-4,47462,842,43,4,32.00,55770.88,0.08,0.02,N,O,1995-07-03,1995-09-03,1995-07-20,DELIVER IN PERSON,RAIL,pinto beans. quickly ironic
47462-5,47462,222,4,5,1.00,1122.22,0.06,0.01,N,O,1995-08-07,1995-08-31,1995-08-31,TAKE BACK RETURN,RAIL,fter the finally bol
47463-1,47463,310,39,1,41.00,49622.71,0.10,0.02,N,O,1998-05-25,1998-04-19,1998-06-03,NONE,RAIL,y across th
47463-2,47463,1069,5,2,30.00,29101.80,0.02,0.04,N,O,1998-03-05,1998-04-18,1998-04-01,DELIVER IN PERSON,MAIL,the ironic accounts. fina
47463-3,47463,227,28,3,8.00,9017.76,0.05,0.02,N,O,1998-04-09,1998-04-30,1998-05-03,NONE,AIR,y unusual theo
47463-4,47463,1778,5,4,29.00,48713.33,0.06,0.08,N,O,1998-05-10,1998-03-23,1998-05-25,DELIVER IN PERSON,AIR,kages wake 
47488-1,47488,985,20,1,37.00,69781.26,0.00,0.07,R,F,1995-05-11,1995-07-15,1995-05-14,COLLECT COD,FOB,al depths nag blithely pendin
47489-1,47489,596,97,1,39.00,58367.01,0.07,0.02,A,F,1994-06-22,1994-08-08,1994-07-22,TAKE BACK RETURN,AIR,"lly regular deposits. sly, special pint"
47489-2,47489,94,70,2,31.00,30816.79,0.09,0.05,R,F,1994-06-08,1994-06-22,1994-07-06,DELIVER IN PERSON,TRUCK,ly regular
47489-3,47489,911,12,3,47.00,85159.77,0.01,0.04,R,F,1994-08-08,1994-07-10,1994-08-30,COLLECT COD,SHIP,s among the spec
47490-1,47490,1822,23,1,23.00,39647.86,0.03,0.05,N,O,1995-09-25,1995-10-12,1995-10-18,NONE,AIR,cording to the accounts unwind furiously 
47490-2,47490,743,8,2,1.00,1643.74,0.06,0.08,N,O,1995-09-07,1995-10-07,1995-09-27,TAKE BACK RETURN,RAIL,the slyly regular fo
47490-3,47490,775,8,3,41.00,68706.57,0.08,0.07,N,O,1995-09-10,1995-09-29,1995-09-11,TAKE BACK RETURN,MAIL,s engage slyly slyly ir
47490-4,47490,839,39,4,15.00,26097.45,0.02,0.05,N,O,1995-11-05,1995-10-04,1995-11-30,DELIVER IN PERSON,FOB,s are slyly. slyly bold
47490-5,47490,820,54,5,27.00,46462.14,0.01,0.06,N,O,1995-09-23,1995-11-10,1995-10-15,NONE,AIR, thrash abo
47490-6,47490,1618,1,6,17.00,25833.37,0.02,0.07,N,O,1995-10-27,1995-10-30,1995-11-06,COLLECT COD,REG AIR,ironic asymptot
47491-1,47491,386,43,1,50.00,64319.00,0.07,0.02,N,O,1998-07-11,1998-05-04,1998-07-17,TAKE BACK RETURN,FOB,"r dolphins. even, unusua"
47492-1,47492,884,51,1,14.00,24988.32,0.08,0.01,N,O,1995-07-26,1995-09-23,1995-07-27,NONE,SHIP,refully special requests. i
47492-2,47492,1384,85,2,10.00,12853.80,0.02,0.01,N,O,1995-10-12,1995-09-25,1995-11-11,DELIVER IN PERSON,SHIP,s dependencies
47492-3,47492,1514,55,3,13.00,18401.63,0.01,0.01,N,O,1995-11-02,1995-10-19,1995-11-06,DELIVER IN PERSON,SHIP,ld have to integra
47492-4,47492,1478,18,4,19.00,26209.93,0.07,0.02,N,O,1995-08-15,1995-09-28,1995-08-27,NONE,FOB, blithely pi
47492-5,47492,521,52,5,32.00,45488.64,0.10,0.01,N,O,1995-08-09,1995-10-11,1995-08-13,TAKE BACK RETURN,REG AIR,to play. blithely expres
47492-6,47492,61,37,6,42.00,40364.52,0.06,0.06,N,O,1995-09-02,1995-10-03,1995-09-29,TAKE BACK RETURN,FOB, wake slyl
47492-7,47492,1594,35,7,46.00,68797.14,0.00,0.03,N,O,1995-09-29,1995-10-04,1995-10-24,NONE,RAIL,ely regula
47493-1,47493,930,33,1,37.00,67744.41,0.01,0.03,R,F,1994-03-14,1994-05-02,1994-04-02,TAKE BACK RETURN,SHIP,efully blithely even packages. carefully
47493-2,47493,1454,72,2,25.00,33886.25,0.06,0.03,A,F,1994-05-03,1994-04-14,1994-05-05,COLLECT COD,RAIL,ckly closely 
47493-3,47493,996,99,3,24.00,45527.76,0.07,0.06,A,F,1994-04-03,1994-04-15,1994-04-22,DELIVER IN PERSON,FOB,uriously final accoun
47493-4,47493,855,89,4,48.00,84280.80,0.01,0.08,R,F,1994-02-19,1994-03-15,1994-03-10,DELIVER IN PERSON,RAIL,furiously ironic asymp
47494-1,47494,46,22,1,16.00,15136.64,0.08,0.08,A,F,1994-07-05,1994-09-05,1994-07-12,COLLECT COD,SHIP,oss the car
47494-2,47494,1000,3,2,35.00,31535.00,0.06,0.02,A,F,1994-08-29,1994-09-11,1994-09-10,NONE,AIR,gular foxes hang carefull
47494-3,47494,286,68,3,11.00,13049.08,0.09,0.08,R,F,1994-08-17,1994-09-22,1994-09-13,COLLECT COD,RAIL,ar instructions. thin instructions b
47494-4,47494,629,30,4,25.00,38240.50,0.03,0.01,R,F,1994-07-24,1994-09-16,1994-08-02,DELIVER IN PERSON,AIR,solve alongside of the regular reque
47494-5,47494,188,67,5,25.00,27204.50,0.06,0.05,A,F,1994-07-06,1994-08-25,1994-07-28,DELIVER IN PERSON,MAIL,counts are slyly blithely special packag
47494-6,47494,935,70,6,31.00,56913.83,0.07,0.01,A,F,1994-07-14,1994-09-01,1994-07-22,TAKE BACK RETURN,REG AIR,p blithely. furiously
47495-1,47495,1422,40,1,15.00,19851.30,0.08,0.07,N,O,1995-12-08,1995-11-22,1995-12-21,TAKE BACK RETURN,REG AIR,ccounts are quickly. re
47495-2,47495,334,19,2,32.00,39498.56,0.08,0.01,N,O,1995-09-01,1995-11-21,1995-09-14,TAKE BACK RETURN,MAIL,ending theodolit
47495-3,47495,1672,96,3,32.00,50357.44,0.06,0.05,N,O,1995-11-26,1995-10-06,1995-12-09,DELIVER IN PERSON,TRUCK, deposits. pending de
47495-4,47495,1236,37,4,5.00,5686.15,0.08,0.02,N,O,1995-11-02,1995-10-01,1995-11-23,DELIVER IN PERSON,AIR,cial warthogs aroun
47495-5,47495,2000,89,5,24.00,21648.00,0.08,0.03,N,O,1995-08-31,1995-11-04,1995-09-10,NONE,TRUCK,s. blithely special requests sle
47495-6,47495,1935,36,6,30.00,55107.90,0.10,0.06,N,O,1995-12-18,1995-11-22,1995-12-21,NONE,FOB,e pending pains. theodo
47520-1,47520,823,57,1,39.00,67228.98,0.08,0.07,R,F,1994-11-10,1994-12-11,1994-11-20,TAKE BACK RETURN,AIR,eans wake f
47520-2,47520,1734,61,2,21.00,34350.33,0.00,0.05,A,F,1995-02-05,1995-01-02,1995-02-06,NONE,RAIL,e fluffily. silent requests w
47520-3,47520,1120,21,3,4.00,4084.48,0.09,0.05,R,F,1994-11-15,1994-11-07,1994-12-02,NONE,FOB,ven requests unwind after the unusual pack
47520-4,47520,1299,37,4,35.00,42010.15,0.00,0.07,A,F,1994-10-13,1994-12-16,1994-10-26,DELIVER IN PERSON,MAIL,lly regular foxes. dependenci
47520-5,47520,1491,70,5,24.00,33419.76,0.07,0.05,R,F,1995-02-03,1994-11-21,1995-02-23,DELIVER IN PERSON,MAIL,pinto beans
47520-6,47520,1748,91,6,36.00,59390.64,0.10,0.00,A,F,1994-11-24,1994-11-28,1994-12-10,TAKE BACK RETURN,RAIL,heodolites. regular reque
47520-7,47520,1831,32,7,18.00,31190.94,0.05,0.06,A,F,1994-11-10,1994-12-18,1994-11-22,COLLECT COD,SHIP, carefully special asymptotes betwe
47521-1,47521,1762,5,1,23.00,38266.48,0.00,0.01,A,F,1994-01-01,1994-02-23,1994-01-05,COLLECT COD,TRUCK, frays. unusual deposit
47521-2,47521,404,92,2,23.00,30001.20,0.09,0.04,R,F,1994-01-24,1994-02-23,1994-02-15,COLLECT COD,RAIL,uffily regular instructi
47521-3,47521,253,35,3,49.00,56509.25,0.03,0.07,R,F,1994-03-03,1994-03-04,1994-03-21,NONE,RAIL,ake enticingly above the furiously final pl
47521-4,47521,217,18,4,19.00,21226.99,0.00,0.04,A,F,1994-04-07,1994-01-29,1994-04-18,TAKE BACK RETURN,AIR,ular foxes abov
47522-1,47522,1732,17,1,29.00,47378.17,0.03,0.05,A,F,1992-12-25,1992-12-30,1993-01-16,NONE,SHIP,eposits cajole carefully along
47522-2,47522,542,73,2,34.00,49046.36,0.05,0.00,R,F,1993-01-13,1992-12-09,1993-01-30,NONE,MAIL,ts haggle quickly furiously even requests; 
47522-3,47522,1211,23,3,30.00,33366.30,0.05,0.05,R,F,1993-02-17,1993-01-18,1993-03-15,COLLECT COD,RAIL,nic platelets. final theodolites wa
47522-4,47522,1136,9,4,35.00,36299.55,0.07,0.00,A,F,1993-01-21,1992-12-07,1993-02-06,NONE,FOB,poach furiously alongside of
47522-5,47522,462,21,5,15.00,20436.90,0.03,0.00,R,F,1992-12-19,1993-01-09,1992-12-23,NONE,REG AIR,"oss the quiet, even pinto beans."
47522-6,47522,923,26,6,1.00,1823.92,0.08,0.03,A,F,1993-02-05,1992-12-30,1993-02-07,TAKE BACK RETURN,MAIL,l foxes should snooze 
47523-1,47523,975,76,1,47.00,88170.59,0.03,0.07,A,F,1992-09-22,1992-08-22,1992-09-24,DELIVER IN PERSON,FOB,symptotes boost
47523-2,47523,712,77,2,19.00,30641.49,0.05,0.04,R,F,1992-07-12,1992-07-05,1992-08-01,DELIVER IN PERSON,AIR, against the furiou
47523-3,47523,1819,6,3,16.00,27532.96,0.02,0.04,A,F,1992-06-30,1992-08-01,1992-07-29,COLLECT COD,RAIL,ts. furiously even dependencies should b
47523-4,47523,1569,10,4,31.00,45587.36,0.01,0.05,A,F,1992-09-15,1992-08-13,1992-10-14,COLLECT COD,AIR,pinto beans nod requests: fur
47524-1,47524,1257,95,1,5.00,5791.25,0.10,0.06,A,F,1993-06-21,1993-07-14,1993-07-01,DELIVER IN PERSON,AIR,e carefully. 
47524-2,47524,1084,90,2,21.00,20686.68,0.03,0.01,R,F,1993-07-22,1993-06-19,1993-08-15,NONE,AIR,theodolites haggle carefully silent
47524-3,47524,1805,49,3,4.00,6827.20,0.09,0.08,A,F,1993-08-02,1993-05-30,1993-08-17,TAKE BACK RETURN,AIR," quickly bold dolphins. final, ironic saute"
47524-4,47524,685,79,4,37.00,58670.16,0.09,0.06,A,F,1993-05-04,1993-06-14,1993-05-07,DELIVER IN PERSON,MAIL,egular courts. furiously even
47524-5,47524,824,24,5,40.00,68992.80,0.10,0.07,A,F,1993-05-29,1993-06-19,1993-06-14,TAKE BACK RETURN,MAIL,cial notornis eat slyly unusual pinto beans
47524-6,47524,927,96,6,12.00,21935.04,0.00,0.02,R,F,1993-05-03,1993-07-09,1993-06-02,NONE,SHIP,atelets. slyly final de
47525-1,47525,350,7,1,28.00,35009.80,0.10,0.03,A,F,1995-05-24,1995-04-21,1995-06-14,COLLECT COD,TRUCK,ard the quickly dog
47525-2,47525,1127,28,2,31.00,31871.72,0.05,0.08,A,F,1995-04-23,1995-05-16,1995-05-01,TAKE BACK RETURN,RAIL,lar foxes. carefully idle instructions sle
47525-3,47525,1509,90,3,49.00,69114.50,0.06,0.07,A,F,1995-06-07,1995-04-18,1995-06-14,TAKE BACK RETURN,TRUCK,sly final deposits above the blithely
47525-4,47525,1403,82,4,37.00,48262.80,0.03,0.08,N,F,1995-05-30,1995-04-24,1995-06-23,COLLECT COD,RAIL,efully close dugo
47525-5,47525,771,72,5,42.00,70214.34,0.01,0.06,N,O,1995-06-25,1995-05-24,1995-07-13,DELIVER IN PERSON,FOB,x. quickly daring accounts acr
47526-1,47526,67,18,1,1.00,967.06,0.00,0.06,A,F,1992-05-14,1992-02-29,1992-06-13,NONE,FOB,ely blithely express packages? 
47526-2,47526,1068,39,2,9.00,8721.54,0.09,0.05,R,F,1992-04-05,1992-04-03,1992-04-27,COLLECT COD,AIR, blithely reg
47526-3,47526,1178,51,3,23.00,24820.91,0.07,0.00,R,F,1992-05-06,1992-03-01,1992-05-31,DELIVER IN PERSON,SHIP,kages are for the quickly unu
47526-4,47526,406,7,4,45.00,58788.00,0.00,0.02,A,F,1992-03-23,1992-04-10,1992-03-31,TAKE BACK RETURN,REG AIR,"p even, bold requests. quickly"
47527-1,47527,320,5,1,39.00,47592.48,0.07,0.07,A,F,1993-12-14,1993-12-17,1993-12-20,COLLECT COD,MAIL,ending ideas wake busily furio
47527-2,47527,181,34,2,36.00,38922.48,0.07,0.07,A,F,1993-10-30,1993-12-07,1993-11-02,NONE,RAIL,nently above the blithely ironic
47552-1,47552,893,94,1,48.00,86106.72,0.10,0.04,N,O,1998-09-28,1998-08-05,1998-10-18,DELIVER IN PERSON,TRUCK,s nag slyly according to the furiously fi
47552-2,47552,1801,31,2,31.00,52786.80,0.02,0.04,N,O,1998-10-20,1998-09-23,1998-11-02,TAKE BACK RETURN,RAIL,lyly bravely final requests. furiously
47552-3,47552,905,6,3,38.00,68624.20,0.02,0.04,N,O,1998-08-26,1998-08-14,1998-08-30,TAKE BACK RETURN,REG AIR,ajole about the carefully
47552-4,47552,463,93,4,43.00,58628.78,0.06,0.04,N,O,1998-10-19,1998-08-22,1998-10-27,NONE,AIR,slyly close requ
47553-1,47553,1481,82,1,31.00,42856.88,0.09,0.04,N,O,1995-07-15,1995-07-18,1995-08-14,NONE,SHIP,fily furiously pending requests. req
47553-2,47553,1659,60,2,45.00,70229.25,0.02,0.00,N,O,1995-07-20,1995-08-13,1995-08-10,TAKE BACK RETURN,RAIL, after the ironic id
47553-3,47553,678,79,3,28.00,44202.76,0.07,0.08,N,O,1995-09-18,1995-08-05,1995-09-30,COLLECT COD,MAIL,gular theodolites. regular re
47553-4,47553,388,45,4,50.00,64419.00,0.09,0.00,N,O,1995-09-08,1995-06-26,1995-09-09,NONE,RAIL,"bout the final, special pinto beans. "
47554-1,47554,1438,17,1,39.00,52237.77,0.01,0.01,R,F,1993-04-15,1993-06-11,1993-04-26,NONE,FOB, to wake slyly bold asymptotes. bli
47554-2,47554,543,34,2,37.00,53410.98,0.02,0.00,R,F,1993-07-07,1993-06-04,1993-07-24,COLLECT COD,MAIL,gainst the carefully busy platelets wa
47554-3,47554,20,21,3,24.00,22080.48,0.10,0.07,A,F,1993-05-13,1993-05-31,1993-05-30,NONE,FOB,"l, even asymptotes haggle careful"
47554-4,47554,321,22,4,12.00,14655.84,0.00,0.00,A,F,1993-04-01,1993-05-04,1993-04-26,DELIVER IN PERSON,FOB, excuses. blith
47554-5,47554,682,83,5,11.00,17409.48,0.07,0.08,R,F,1993-05-12,1993-05-13,1993-05-21,TAKE BACK RETURN,TRUCK,sts across the blithe deposits c
47555-1,47555,263,91,1,27.00,31408.02,0.07,0.03,N,O,1997-10-28,1997-12-16,1997-11-10,DELIVER IN PERSON,SHIP,he carefully even packages. 
47555-2,47555,949,50,2,16.00,29599.04,0.06,0.07,N,O,1997-10-07,1997-11-14,1997-11-02,DELIVER IN PERSON,RAIL,"he ironic, pending foxes wake a"
47556-1,47556,1186,59,1,39.00,42400.02,0.04,0.01,R,F,1993-08-29,1993-10-02,1993-09-25,TAKE BACK RETURN,REG AIR,kly. dependencies boost blithely after t
47556-2,47556,479,80,2,35.00,48281.45,0.07,0.08,R,F,1993-10-15,1993-10-17,1993-11-12,NONE,RAIL,ependencies after the fluffily daring id
47556-3,47556,1060,31,3,38.00,36520.28,0.05,0.08,R,F,1993-09-11,1993-10-04,1993-10-02,NONE,REG AIR,lites affix fluffily regular foxes
47557-1,47557,1230,68,1,47.00,53167.81,0.06,0.08,N,O,1998-06-22,1998-08-13,1998-06-23,NONE,REG AIR,quests sleep furiously pearls. furiously 
47557-2,47557,219,20,2,2.00,2238.42,0.02,0.06,N,O,1998-09-26,1998-08-11,1998-10-03,TAKE BACK RETURN,AIR,nusual instructions kindle 
47557-3,47557,1619,20,3,15.00,22809.15,0.08,0.02,N,O,1998-08-21,1998-08-15,1998-09-05,DELIVER IN PERSON,REG AIR,e instructions. slyly unusual pint
47557-4,47557,830,97,4,20.00,34616.60,0.04,0.03,N,O,1998-09-28,1998-09-09,1998-09-30,COLLECT COD,REG AIR,e slyly ironically final ins
47557-5,47557,1441,59,5,5.00,6712.20,0.04,0.02,N,O,1998-08-15,1998-08-13,1998-08-23,TAKE BACK RETURN,SHIP,ld accounts sublate carefully 
47557-6,47557,404,34,6,22.00,28696.80,0.06,0.02,N,O,1998-08-02,1998-08-25,1998-08-14,NONE,MAIL,ar theodolites h
47558-1,47558,1929,30,1,42.00,76898.64,0.08,0.06,N,O,1997-09-08,1997-08-08,1997-09-09,DELIVER IN PERSON,TRUCK,blithely pending deposits cajole: 
47558-2,47558,222,23,2,38.00,42644.36,0.03,0.00,N,O,1997-08-26,1997-08-01,1997-09-22,COLLECT COD,AIR,special packages. furio
47558-3,47558,102,3,3,31.00,31065.10,0.05,0.04,N,O,1997-06-05,1997-07-09,1997-06-27,COLLECT COD,TRUCK," pending, even requests."
47558-4,47558,1459,38,4,41.00,55778.45,0.10,0.02,N,O,1997-08-11,1997-07-08,1997-09-05,COLLECT COD,RAIL,l pearls wake. blithely express deposit
47558-5,47558,1143,16,5,46.00,48030.44,0.08,0.01,N,O,1997-08-17,1997-07-23,1997-09-04,DELIVER IN PERSON,REG AIR,ymptotes. quickly final packa
47558-6,47558,1156,57,6,17.00,17971.55,0.07,0.00,N,O,1997-08-11,1997-06-11,1997-08-20,DELIVER IN PERSON,MAIL,inal packages cajole fluffily furiously 
47559-1,47559,1511,32,1,21.00,29662.71,0.08,0.06,N,O,1998-07-05,1998-08-24,1998-07-09,NONE,REG AIR,cajole carefully blithely ironic instruc
47559-2,47559,1101,10,2,4.00,4008.40,0.09,0.04,N,O,1998-07-12,1998-07-13,1998-07-30,TAKE BACK RETURN,TRUCK,deposits. boldly regular dependenci
47559-3,47559,1079,85,3,20.00,19601.40,0.01,0.06,N,O,1998-09-19,1998-08-03,1998-10-06,DELIVER IN PERSON,RAIL, the slyly special wart
47584-1,47584,1771,98,1,29.00,48510.33,0.06,0.06,R,F,1993-11-17,1993-09-07,1993-11-28,NONE,REG AIR,nts dazzle. evenly p
47584-2,47584,1851,38,2,28.00,49079.80,0.05,0.08,R,F,1993-08-29,1993-08-27,1993-09-12,COLLECT COD,RAIL,terns. carefully even accounts use 
47584-3,47584,1269,70,3,35.00,40959.10,0.09,0.00,R,F,1993-11-09,1993-08-27,1993-11-18,TAKE BACK RETURN,RAIL,luffily furiously final pinto beans
47584-4,47584,1429,47,4,45.00,59868.90,0.08,0.04,A,F,1993-08-12,1993-10-20,1993-08-29,DELIVER IN PERSON,TRUCK,gle slyly silen
47584-5,47584,617,18,5,45.00,68292.45,0.03,0.07,A,F,1993-10-15,1993-10-19,1993-11-13,NONE,FOB,ctions. unusual re
47584-6,47584,1811,12,6,19.00,32543.39,0.06,0.08,R,F,1993-09-20,1993-09-10,1993-09-23,NONE,REG AIR,re carefully above t
47585-1,47585,1483,23,1,7.00,9691.36,0.04,0.08,N,O,1998-08-09,1998-07-12,1998-08-17,DELIVER IN PERSON,MAIL,y silent deposits wake furiously pending id
47585-2,47585,442,72,2,41.00,55040.04,0.09,0.00,N,O,1998-09-11,1998-08-06,1998-10-08,DELIVER IN PERSON,SHIP,uffily unusual packages. quickly e
47585-3,47585,980,81,3,45.00,84644.10,0.00,0.08,N,O,1998-07-20,1998-07-29,1998-07-31,NONE,RAIL,ithely unusual excuses above 
47585-4,47585,1670,12,4,16.00,25146.72,0.01,0.00,N,O,1998-09-08,1998-06-20,1998-09-17,TAKE BACK RETURN,REG AIR,haggle alon
47585-5,47585,1128,37,5,32.00,32931.84,0.09,0.04,N,O,1998-08-02,1998-07-25,1998-08-26,NONE,FOB,counts haggle carefull
47585-6,47585,158,11,6,48.00,50791.20,0.07,0.02,N,O,1998-06-04,1998-07-07,1998-06-27,TAKE BACK RETURN,RAIL,"ses wake carefully quick, "
47585-7,47585,418,77,7,49.00,64602.09,0.07,0.06,N,O,1998-05-14,1998-08-03,1998-06-02,DELIVER IN PERSON,RAIL,fully slyly
47586-1,47586,1741,42,1,7.00,11499.18,0.02,0.05,N,O,1996-08-12,1996-07-15,1996-08-26,NONE,REG AIR,sleep. carefully even packages unwind s
47586-2,47586,1127,64,2,23.00,23646.76,0.10,0.03,N,O,1996-06-05,1996-07-16,1996-06-16,TAKE BACK RETURN,RAIL, blithely bold ideas cajole. c
47586-3,47586,1809,96,3,41.00,70142.80,0.02,0.05,N,O,1996-06-06,1996-07-02,1996-07-04,COLLECT COD,MAIL,ly quickly regular deposits. quickly spec
47586-4,47586,1538,79,4,16.00,23032.48,0.10,0.03,N,O,1996-08-10,1996-07-22,1996-08-23,DELIVER IN PERSON,REG AIR,s. blithely final deposits accordin
47586-5,47586,382,83,5,37.00,47448.06,0.03,0.07,N,O,1996-08-25,1996-07-02,1996-08-28,NONE,RAIL,latelets are. quic
47586-6,47586,911,14,6,41.00,74288.31,0.04,0.01,N,O,1996-06-26,1996-07-02,1996-07-05,COLLECT COD,TRUCK,gged packag
47587-1,47587,1937,70,1,15.00,27583.95,0.05,0.08,N,O,1996-05-23,1996-06-29,1996-06-12,NONE,REG AIR, quickly regular gi
47588-1,47588,1708,93,1,3.00,4829.10,0.02,0.07,A,F,1994-06-12,1994-07-23,1994-06-20,TAKE BACK RETURN,AIR,ly requests. special braids sleep slyly. e
47588-2,47588,581,82,2,50.00,74079.00,0.06,0.02,R,F,1994-09-14,1994-06-25,1994-10-06,DELIVER IN PERSON,AIR,ons against the furiously iron
47589-1,47589,873,7,1,39.00,69180.93,0.04,0.02,N,O,1997-06-06,1997-06-16,1997-06-11,TAKE BACK RETURN,FOB,ve the never final 
47589-2,47589,1912,13,2,43.00,77998.13,0.09,0.05,N,O,1997-05-03,1997-05-18,1997-05-23,COLLECT COD,FOB,"nd the pending, speci"
47590-1,47590,182,83,1,11.00,11903.98,0.06,0.06,N,O,1997-08-15,1997-08-03,1997-09-10,COLLECT COD,AIR,n deposits. boldly regular depende
47590-2,47590,1953,42,2,15.00,27824.25,0.10,0.04,N,O,1997-10-13,1997-09-20,1997-11-06,DELIVER IN PERSON,REG AIR,he even depths. furiously regular pint
47590-3,47590,241,96,3,20.00,22824.80,0.10,0.08,N,O,1997-08-24,1997-08-15,1997-08-29,COLLECT COD,FOB,st the regular instructions. finally expre
47590-4,47590,674,6,4,15.00,23620.05,0.10,0.06,N,O,1997-07-11,1997-09-03,1997-08-04,TAKE BACK RETURN,TRUCK,. quickly pending packages sleep slyly e
47590-5,47590,1535,16,5,11.00,15801.83,0.05,0.08,N,O,1997-09-24,1997-09-30,1997-10-02,NONE,MAIL,eans. furiously dogged ideas on the furio
47590-6,47590,1365,4,6,46.00,58252.56,0.06,0.03,N,O,1997-07-14,1997-09-01,1997-07-20,COLLECT COD,SHIP,"grate boldly above the even, bo"
47591-1,47591,676,39,1,38.00,59913.46,0.05,0.04,A,F,1992-01-06,1992-03-19,1992-01-11,COLLECT COD,REG AIR,al packages. ironic packages boost 
47591-2,47591,131,10,2,15.00,15466.95,0.01,0.01,A,F,1992-03-16,1992-02-12,1992-04-03,DELIVER IN PERSON,SHIP,s cajole across the bold excuses. slyly r
47591-3,47591,1184,57,3,48.00,52088.64,0.07,0.04,A,F,1992-02-29,1992-02-11,1992-03-11,TAKE BACK RETURN,AIR,ke. even packages detect slyl
47616-1,47616,921,24,1,22.00,40082.24,0.08,0.02,N,O,1997-12-11,1998-01-02,1998-01-10,TAKE BACK RETURN,RAIL,y even requests. slyly bold theodol
47616-2,47616,23,49,2,29.00,26767.58,0.03,0.03,N,O,1998-01-06,1997-12-08,1998-02-04,DELIVER IN PERSON,RAIL,asymptotes dazzle accordi
47617-1,47617,260,15,1,43.00,49891.18,0.00,0.00,R,F,1995-03-16,1995-03-07,1995-03-18,TAKE BACK RETURN,TRUCK,its wake quickly stealthily u
47617-2,47617,1277,78,2,50.00,58913.50,0.04,0.04,R,F,1994-12-27,1995-01-29,1995-01-12,DELIVER IN PERSON,RAIL,furiously at th
47617-3,47617,1872,2,3,20.00,35477.40,0.00,0.03,R,F,1995-02-05,1995-02-17,1995-02-26,NONE,RAIL, requests promi
47617-4,47617,773,6,4,25.00,41844.25,0.04,0.02,A,F,1995-03-14,1995-03-09,1995-03-31,COLLECT COD,TRUCK,ld courts. furi
47617-5,47617,1413,92,5,45.00,59148.45,0.01,0.01,R,F,1995-03-02,1995-02-09,1995-03-05,TAKE BACK RETURN,AIR,es. ironic
47617-6,47617,1231,32,6,19.00,21512.37,0.05,0.08,R,F,1995-02-17,1995-01-23,1995-03-15,DELIVER IN PERSON,SHIP,"accounts around the unusual, regular in"
47618-1,47618,426,27,1,38.00,50403.96,0.08,0.05,N,O,1996-10-22,1996-11-08,1996-11-15,TAKE BACK RETURN,SHIP,eas solve furiously 
47618-2,47618,535,36,2,38.00,54550.14,0.04,0.05,N,O,1996-10-23,1996-11-20,1996-10-24,DELIVER IN PERSON,TRUCK,yly pending accounts. furiously final theod
47618-3,47618,1730,15,3,27.00,44056.71,0.06,0.00,N,O,1996-09-28,1996-11-13,1996-10-19,DELIVER IN PERSON,AIR," excuses lose. ironic, ironic package"
47618-4,47618,422,23,4,25.00,33060.50,0.05,0.01,N,O,1996-10-28,1996-12-05,1996-11-03,TAKE BACK RETURN,REG AIR,posits boost. fur
47618-5,47618,858,58,5,35.00,61559.75,0.03,0.02,N,O,1996-10-28,1996-12-13,1996-11-14,TAKE BACK RETURN,RAIL, ironic packages-- fu
47618-6,47618,1420,99,6,22.00,29071.24,0.10,0.00,N,O,1997-01-12,1996-12-03,1997-01-22,DELIVER IN PERSON,RAIL,sual dependencies about the instructions ar
47618-7,47618,1527,8,7,15.00,21427.80,0.03,0.05,N,O,1997-01-13,1996-12-04,1997-02-06,TAKE BACK RETURN,REG AIR,even packages haggle. ca
47619-1,47619,317,2,1,29.00,35301.99,0.01,0.08,R,F,1992-05-14,1992-05-23,1992-05-15,NONE,AIR,"ost blithely above the regular, regula"
47620-1,47620,1,77,1,44.00,39644.00,0.03,0.03,R,F,1992-10-07,1992-08-13,1992-10-24,TAKE BACK RETURN,SHIP,iously final accounts nag 
47620-2,47620,256,84,2,33.00,38156.25,0.09,0.00,A,F,1992-10-04,1992-08-08,1992-10-27,COLLECT COD,TRUCK,are platelets. regular requests cajole fur
47620-3,47620,205,87,3,12.00,13262.40,0.10,0.04,R,F,1992-08-14,1992-09-19,1992-08-23,NONE,MAIL, to the furiously brave
47620-4,47620,92,93,4,6.00,5952.54,0.10,0.06,R,F,1992-07-06,1992-07-31,1992-07-11,DELIVER IN PERSON,TRUCK,ual deposits. final p
47620-5,47620,149,50,5,11.00,11540.54,0.07,0.08,R,F,1992-07-27,1992-07-29,1992-08-07,COLLECT COD,SHIP, furiously against the slyl
47621-1,47621,926,95,1,47.00,85865.24,0.08,0.05,R,F,1994-07-22,1994-09-27,1994-08-20,DELIVER IN PERSON,RAIL,le regular dep
47621-2,47621,1796,81,2,2.00,3395.58,0.07,0.07,A,F,1994-11-03,1994-08-25,1994-11-04,DELIVER IN PERSON,AIR,sts sleep furi
47622-1,47622,1079,50,1,2.00,1960.14,0.06,0.07,A,F,1992-12-28,1992-11-12,1993-01-08,NONE,RAIL, express ideas. regular deposits integrate 
47622-2,47622,345,30,2,15.00,18680.10,0.09,0.03,R,F,1992-11-22,1992-12-03,1992-12-08,TAKE BACK RETURN,SHIP, even foxes cajole fluffily even in
47622-3,47622,1731,16,3,15.00,24490.95,0.00,0.05,A,F,1992-12-10,1992-10-13,1992-12-31,NONE,TRUCK,"r, ironic pains nag furiously. regular, reg"
47623-1,47623,1744,87,1,39.00,64183.86,0.00,0.02,A,F,1994-02-27,1994-01-10,1994-03-09,TAKE BACK RETURN,FOB,r the furiously ironic accounts. blithely 
47648-1,47648,1507,28,1,12.00,16902.00,0.02,0.03,R,F,1992-09-30,1992-08-06,1992-10-20,DELIVER IN PERSON,MAIL,ons. thinly ironic requests sub
47648-2,47648,1422,1,2,14.00,18527.88,0.00,0.03,A,F,1992-08-27,1992-08-10,1992-09-15,NONE,TRUCK,blithely blithely express pac
47648-3,47648,1897,98,3,49.00,88145.61,0.04,0.06,A,F,1992-10-06,1992-09-14,1992-10-28,TAKE BACK RETURN,AIR,. dependenc
47648-4,47648,1315,30,4,27.00,32840.37,0.03,0.03,A,F,1992-10-07,1992-08-22,1992-11-03,COLLECT COD,FOB, about the even requests. slyly fi
47649-1,47649,111,90,1,27.00,27299.97,0.05,0.07,A,F,1992-12-01,1993-01-15,1992-12-28,NONE,AIR, could have to hang according to the
47650-1,47650,1642,25,1,23.00,35503.72,0.01,0.07,R,F,1995-03-07,1995-03-12,1995-03-26,COLLECT COD,RAIL,requests. thin instr
47650-2,47650,1701,86,2,8.00,12821.60,0.09,0.08,A,F,1995-02-17,1995-04-06,1995-02-27,COLLECT COD,FOB,s haggle by the qui
47650-3,47650,1974,75,3,44.00,82542.68,0.04,0.05,R,F,1995-03-28,1995-04-27,1995-04-03,TAKE BACK RETURN,TRUCK,ans. fluffily final ideas c
47650-4,47650,767,68,4,24.00,40026.24,0.06,0.00,R,F,1995-05-29,1995-03-23,1995-06-04,NONE,FOB,dolites haggle
47650-5,47650,1170,7,5,42.00,44989.14,0.06,0.02,R,F,1995-02-25,1995-04-08,1995-03-16,DELIVER IN PERSON,MAIL,"e ironic, special pinto be"
47651-1,47651,1622,5,1,2.00,3047.24,0.05,0.04,N,O,1996-08-29,1996-09-18,1996-09-20,NONE,MAIL,pecial accounts along the 
47651-2,47651,1712,55,2,19.00,30660.49,0.00,0.08,N,O,1996-11-19,1996-09-11,1996-12-18,DELIVER IN PERSON,FOB,thely after the bold deposits
47651-3,47651,535,36,3,6.00,8613.18,0.01,0.06,N,O,1996-08-14,1996-10-23,1996-08-31,TAKE BACK RETURN,FOB,xcuses. ev
47652-1,47652,865,66,1,25.00,44146.50,0.05,0.08,R,F,1994-05-19,1994-03-03,1994-06-11,DELIVER IN PERSON,SHIP,unts according
47653-1,47653,1916,17,1,42.00,76352.22,0.01,0.03,N,O,1996-09-06,1996-10-03,1996-09-11,DELIVER IN PERSON,FOB,ns. even theodolites nod above the
47653-2,47653,1706,7,2,34.00,54661.80,0.09,0.06,N,O,1996-09-03,1996-09-09,1996-09-18,COLLECT COD,RAIL,l ideas. silen
47653-3,47653,426,56,3,23.00,30507.66,0.04,0.04,N,O,1996-08-31,1996-09-13,1996-09-27,DELIVER IN PERSON,MAIL,ts. slyly bold pa
47653-4,47653,288,70,4,40.00,47531.20,0.09,0.07,N,O,1996-09-25,1996-09-01,1996-10-08,NONE,SHIP,egular instructio
47654-1,47654,1029,35,1,14.00,13020.28,0.03,0.01,N,O,1995-10-18,1995-09-28,1995-10-27,TAKE BACK RETURN,MAIL,refully regular requests. regul
47655-1,47655,563,24,1,10.00,14635.60,0.05,0.04,N,O,1997-10-20,1997-10-17,1997-11-01,DELIVER IN PERSON,MAIL,ts. blithely regular courts haggle ca
47655-2,47655,433,63,2,44.00,58670.92,0.01,0.04,N,O,1997-08-26,1997-09-17,1997-09-01,COLLECT COD,TRUCK,sual deposits cajole inside the sly
47655-3,47655,1380,95,3,44.00,56380.72,0.05,0.00,N,O,1997-10-17,1997-11-06,1997-11-13,DELIVER IN PERSON,REG AIR,fily bold ideas wake across t
47655-4,47655,1924,69,4,24.00,43822.08,0.01,0.03,N,O,1997-10-13,1997-10-06,1997-11-12,TAKE BACK RETURN,FOB,"fter the final,"
47655-5,47655,448,7,5,12.00,16181.28,0.08,0.08,N,O,1997-10-14,1997-10-12,1997-10-28,DELIVER IN PERSON,AIR,ng the requests; fi
47655-6,47655,312,97,6,50.00,60615.50,0.05,0.02,N,O,1997-11-13,1997-10-18,1997-11-14,DELIVER IN PERSON,AIR,uriously express theod
47655-7,47655,1784,69,7,6.00,10114.68,0.00,0.06,N,O,1997-10-12,1997-10-03,1997-11-01,NONE,MAIL,ts-- unusual deposits accord
47680-1,47680,1992,25,1,20.00,37879.80,0.05,0.07,N,O,1998-03-05,1998-03-23,1998-03-10,COLLECT COD,REG AIR,efully. excuses unwind quickly ironic d
47681-1,47681,1394,33,1,1.00,1295.39,0.07,0.08,N,O,1996-02-03,1996-01-03,1996-02-17,TAKE BACK RETURN,MAIL,uriously bold pinto be
47682-1,47682,164,43,1,12.00,12769.92,0.01,0.02,R,F,1992-11-19,1992-12-26,1992-12-14,NONE,RAIL,fully carefully final foxes. slyly regu
47682-2,47682,1685,86,2,25.00,39667.00,0.05,0.00,R,F,1992-12-12,1993-02-13,1993-01-11,COLLECT COD,AIR, pending package
47682-3,47682,25,76,3,24.00,22200.48,0.10,0.04,R,F,1992-12-18,1992-12-24,1992-12-31,TAKE BACK RETURN,TRUCK,counts. express ideas b
47682-4,47682,1784,11,4,41.00,69116.98,0.02,0.06,A,F,1992-12-15,1993-01-23,1993-01-12,TAKE BACK RETURN,SHIP,egular theodolites boost since the t
47682-5,47682,1877,7,5,10.00,17788.70,0.07,0.03,A,F,1992-11-21,1993-01-14,1992-12-07,TAKE BACK RETURN,REG AIR,ructions sleep slyly across th
47682-6,47682,61,12,6,40.00,38442.40,0.07,0.07,R,F,1993-03-15,1993-01-05,1993-04-02,NONE,REG AIR,as slyly am
47683-1,47683,1449,67,1,26.00,35111.44,0.08,0.08,R,F,1993-11-24,1993-10-10,1993-12-01,DELIVER IN PERSON,FOB,serve carefully bus
47683-2,47683,1987,76,2,34.00,64225.32,0.01,0.03,R,F,1993-12-23,1993-10-11,1994-01-06,NONE,SHIP,ccording to the regular
47683-3,47683,1809,96,3,6.00,10264.80,0.08,0.03,R,F,1993-11-10,1993-11-12,1993-12-08,COLLECT COD,FOB,totes. theod
47683-4,47683,1387,26,4,4.00,5153.52,0.00,0.00,R,F,1993-10-06,1993-10-26,1993-10-15,DELIVER IN PERSON,SHIP,uickly unusua
47683-5,47683,343,28,5,17.00,21136.78,0.00,0.05,R,F,1993-12-01,1993-11-01,1993-12-28,NONE,RAIL,d the slowl
47683-6,47683,90,91,6,18.00,17821.62,0.06,0.00,A,F,1993-10-01,1993-10-09,1993-10-21,TAKE BACK RETURN,RAIL,fily regular ideas.
47684-1,47684,738,3,1,14.00,22942.22,0.00,0.07,N,O,1997-07-24,1997-08-12,1997-08-09,TAKE BACK RETURN,SHIP,refully final instructions
47684-2,47684,381,82,2,34.00,43566.92,0.07,0.06,N,O,1997-07-21,1997-07-18,1997-07-27,TAKE BACK RETURN,RAIL,ess deposits. furiously final asympto
47684-3,47684,1443,83,3,42.00,56466.48,0.10,0.05,N,O,1997-06-16,1997-07-10,1997-06-17,COLLECT COD,REG AIR,ccounts wake furiously after 
47684-4,47684,782,47,4,8.00,13462.24,0.03,0.03,N,O,1997-10-01,1997-07-28,1997-10-09,DELIVER IN PERSON,TRUCK,al accounts affix fluffily acr
47684-5,47684,997,98,5,39.00,74021.61,0.05,0.02,N,O,1997-07-12,1997-08-03,1997-07-23,TAKE BACK RETURN,RAIL,". even, final foxes sleep slyly acr"
47684-6,47684,1531,32,6,25.00,35813.25,0.02,0.00,N,O,1997-07-27,1997-08-31,1997-08-01,DELIVER IN PERSON,SHIP,nusual reque
47684-7,47684,73,74,7,42.00,40868.94,0.02,0.01,N,O,1997-07-01,1997-08-21,1997-07-11,TAKE BACK RETURN,AIR,usly special accounts 
47685-1,47685,554,15,1,36.00,52363.80,0.06,0.05,N,O,1995-08-20,1995-08-06,1995-08-22,DELIVER IN PERSON,SHIP,y enticing plat
47685-2,47685,511,12,2,27.00,38110.77,0.01,0.05,N,O,1995-06-28,1995-09-05,1995-07-04,COLLECT COD,TRUCK,y special p
47685-3,47685,762,63,3,8.00,13302.08,0.07,0.08,N,O,1995-08-12,1995-08-18,1995-09-03,NONE,REG AIR,sleep slyly slyly regular fre
47685-4,47685,938,41,4,26.00,47812.18,0.03,0.04,N,O,1995-08-31,1995-08-28,1995-09-29,TAKE BACK RETURN,SHIP,es are blithely. packages
47685-5,47685,1720,47,5,18.00,29190.96,0.05,0.00,N,O,1995-09-08,1995-07-20,1995-09-15,TAKE BACK RETURN,FOB, accounts boost among the quickly si
47685-6,47685,1663,5,6,1.00,1564.66,0.03,0.01,N,O,1995-07-19,1995-08-02,1995-07-30,TAKE BACK RETURN,MAIL,ests. slyly pending depende
47686-1,47686,1453,71,1,9.00,12190.05,0.08,0.02,R,F,1993-01-03,1992-12-10,1993-01-22,COLLECT COD,MAIL,y final sentiments sleep slyly after the q
47686-2,47686,455,85,2,32.00,43374.40,0.07,0.01,R,F,1993-01-13,1992-12-24,1993-01-27,COLLECT COD,AIR,fluffily express deposits are 
47686-3,47686,1743,28,3,38.00,62500.12,0.10,0.06,R,F,1992-10-24,1992-11-25,1992-11-18,COLLECT COD,MAIL,e the regul
47686-4,47686,422,81,4,14.00,18513.88,0.09,0.02,A,F,1993-01-26,1993-01-07,1993-02-12,DELIVER IN PERSON,SHIP, warthogs b
47686-5,47686,1959,60,5,23.00,42801.85,0.02,0.07,R,F,1992-12-30,1992-12-06,1993-01-21,COLLECT COD,AIR, quickly speci
47686-6,47686,438,39,6,20.00,26768.60,0.09,0.01,R,F,1992-10-20,1992-11-23,1992-11-02,COLLECT COD,MAIL,g thinly. platel
47686-7,47686,503,64,7,5.00,7017.50,0.05,0.04,R,F,1992-12-21,1992-12-21,1992-12-28,DELIVER IN PERSON,SHIP,es in place of the carefully even 
47687-1,47687,1729,56,1,49.00,79905.28,0.04,0.07,A,F,1992-04-01,1992-03-19,1992-05-01,COLLECT COD,AIR, final dep
47687-2,47687,1371,86,2,37.00,47077.69,0.10,0.06,R,F,1992-05-24,1992-03-29,1992-06-22,TAKE BACK RETURN,AIR,e idly even platelets. furiously pend
47712-1,47712,1522,23,1,45.00,64058.40,0.08,0.02,A,F,1993-08-26,1993-10-06,1993-09-20,DELIVER IN PERSON,TRUCK,ent deposits. blithely express exc
47712-2,47712,957,60,2,47.00,87323.65,0.09,0.06,R,F,1993-10-03,1993-09-12,1993-10-15,COLLECT COD,AIR,ully quiet pinto
47712-3,47712,224,79,3,2.00,2248.44,0.03,0.07,A,F,1993-08-08,1993-08-18,1993-08-23,TAKE BACK RETURN,SHIP,blithely after the fluffily even pinto
47712-4,47712,1192,65,4,13.00,14211.47,0.00,0.01,A,F,1993-09-28,1993-10-03,1993-10-23,DELIVER IN PERSON,RAIL,s. slyly final 
47712-5,47712,359,60,5,9.00,11334.15,0.00,0.02,R,F,1993-10-15,1993-08-29,1993-10-30,DELIVER IN PERSON,SHIP,"nic ideas lose quickly silent, fi"
47712-6,47712,997,66,6,20.00,37959.80,0.08,0.02,R,F,1993-08-18,1993-08-25,1993-09-05,DELIVER IN PERSON,SHIP,ter the slyly final instructions. pe
47712-7,47712,22,98,7,8.00,7376.16,0.02,0.03,A,F,1993-08-01,1993-09-22,1993-08-30,DELIVER IN PERSON,REG AIR,dinos detect carefully special accounts. r
47713-1,47713,1068,4,1,49.00,47483.94,0.07,0.05,R,F,1994-09-18,1994-08-31,1994-09-28,DELIVER IN PERSON,AIR,sleep. slyly unusual excuses across t
47713-2,47713,1501,22,2,29.00,40672.50,0.04,0.01,R,F,1994-08-31,1994-08-04,1994-09-27,DELIVER IN PERSON,TRUCK,accounts boost. instructions above the 
47713-3,47713,235,36,3,47.00,53355.81,0.07,0.00,A,F,1994-08-19,1994-08-07,1994-09-07,DELIVER IN PERSON,RAIL, haggle along the slyly unusual pinto be
47713-4,47713,151,52,4,5.00,5255.75,0.00,0.01,R,F,1994-07-07,1994-08-10,1994-07-31,DELIVER IN PERSON,REG AIR," slyly. regular, u"
47713-5,47713,947,48,5,11.00,20327.34,0.06,0.05,R,F,1994-09-27,1994-08-03,1994-10-02,COLLECT COD,RAIL, boost slyly accordi
47713-6,47713,1557,78,6,39.00,56883.45,0.01,0.05,A,F,1994-10-31,1994-08-21,1994-11-28,NONE,FOB,ncies engag
47713-7,47713,221,49,7,31.00,34757.82,0.03,0.04,R,F,1994-10-13,1994-09-17,1994-11-09,TAKE BACK RETURN,MAIL,uctions. quickly unusual 
47714-1,47714,1119,56,1,19.00,19382.09,0.01,0.02,R,F,1995-03-20,1995-05-13,1995-04-11,NONE,TRUCK,tes among 
47714-2,47714,950,85,2,11.00,20360.45,0.05,0.05,R,F,1995-03-24,1995-06-08,1995-04-20,COLLECT COD,REG AIR,sleep slyly. slyly final foxes are
47714-3,47714,1784,69,3,45.00,75860.10,0.07,0.06,N,F,1995-06-17,1995-05-24,1995-07-11,NONE,FOB,pecial platelets wake above th
47714-4,47714,858,58,4,31.00,54524.35,0.04,0.08,A,F,1995-04-03,1995-04-29,1995-04-04,NONE,SHIP,lithely even instructions. even foxes a
47714-5,47714,1074,75,5,48.00,46803.36,0.01,0.01,N,F,1995-06-16,1995-05-30,1995-06-25,NONE,RAIL,ly regular dependencies. slyly spe
47714-6,47714,673,5,6,20.00,31473.40,0.09,0.05,N,O,1995-06-24,1995-05-24,1995-07-20,NONE,MAIL, bold pinto beans wake quick
47714-7,47714,1187,88,7,29.00,31557.22,0.03,0.03,A,F,1995-04-08,1995-06-02,1995-04-21,TAKE BACK RETURN,AIR,. fluffily da
47715-1,47715,1319,58,1,37.00,45151.47,0.02,0.05,N,O,1998-06-06,1998-06-03,1998-06-19,NONE,RAIL,e requests thrash blithel
47715-2,47715,1857,87,2,50.00,87942.50,0.06,0.04,N,O,1998-04-26,1998-05-06,1998-04-28,NONE,TRUCK,oss the furiously ironic forg
47716-1,47716,1944,45,1,18.00,33226.92,0.08,0.01,N,O,1997-10-05,1997-11-20,1997-10-29,TAKE BACK RETURN,REG AIR,lar packages. slyl
47716-2,47716,1768,69,2,22.00,36734.72,0.06,0.02,N,O,1997-10-29,1997-11-15,1997-11-10,NONE,AIR,"ronic requests are ironic, expre"
47716-3,47716,84,85,3,20.00,19681.60,0.08,0.08,N,O,1997-10-16,1997-12-10,1997-10-19,TAKE BACK RETURN,REG AIR,al deposits according to the furiously fi
47717-1,47717,377,6,1,25.00,31934.25,0.00,0.03,N,O,1995-12-21,1996-03-08,1996-01-17,COLLECT COD,RAIL,gular packages cajole across the 
47717-2,47717,292,74,2,35.00,41730.15,0.09,0.04,N,O,1996-01-12,1996-02-29,1996-01-21,NONE,TRUCK,he carefully un
47717-3,47717,392,77,3,29.00,37479.31,0.05,0.08,N,O,1996-02-20,1996-01-29,1996-03-14,NONE,AIR,fully above the carefully regular depos
47717-4,47717,1134,7,4,34.00,35194.42,0.06,0.04,N,O,1996-01-21,1996-03-01,1996-01-22,COLLECT COD,TRUCK,ainst the deposits na
47717-5,47717,353,10,5,4.00,5013.40,0.08,0.06,N,O,1996-04-08,1996-03-15,1996-04-16,NONE,RAIL,bout the carefully dogged accounts? blithel
47717-6,47717,57,33,6,23.00,22012.15,0.10,0.08,N,O,1996-01-09,1996-02-19,1996-02-03,COLLECT COD,SHIP,fully unusual
47717-7,47717,727,28,7,6.00,9766.32,0.09,0.06,N,O,1996-02-12,1996-03-05,1996-03-02,TAKE BACK RETURN,AIR,e slyly. furiously even requests nag darin
47718-1,47718,332,33,1,48.00,59151.84,0.01,0.02,N,O,1996-05-23,1996-06-12,1996-06-02,DELIVER IN PERSON,MAIL,final requests. bold fox
47718-2,47718,620,14,2,49.00,74510.38,0.00,0.03,N,O,1996-05-10,1996-05-17,1996-06-02,TAKE BACK RETURN,TRUCK,deposits boost among the 
47718-3,47718,206,34,3,33.00,36504.60,0.04,0.01,N,O,1996-06-03,1996-04-22,1996-06-27,COLLECT COD,MAIL, among the pinto beans use blithely 
47718-4,47718,668,31,4,3.00,4705.98,0.04,0.08,N,O,1996-04-15,1996-06-16,1996-04-16,DELIVER IN PERSON,AIR,uriously final depend
47718-5,47718,1935,36,5,32.00,58781.76,0.00,0.00,N,O,1996-06-30,1996-05-29,1996-07-18,DELIVER IN PERSON,SHIP,ar requests 
47719-1,47719,894,94,1,34.00,61026.26,0.10,0.02,N,O,1996-01-18,1996-02-16,1996-02-01,TAKE BACK RETURN,FOB,s the slyly regular pinto beans n
47744-1,47744,1676,59,1,45.00,70995.15,0.00,0.07,N,O,1997-10-24,1997-08-18,1997-11-10,COLLECT COD,AIR,s. slyly special requests wake blithely sl
47744-2,47744,1766,9,2,37.00,61707.12,0.06,0.00,N,O,1997-08-05,1997-08-11,1997-09-03,NONE,RAIL,ic warthogs across the quickly 
47744-3,47744,1149,58,3,22.00,23103.08,0.09,0.03,N,O,1997-10-07,1997-09-19,1997-11-05,TAKE BACK RETURN,MAIL,"ly ironic, pending reque"
47744-4,47744,935,36,4,17.00,31210.81,0.04,0.07,N,O,1997-11-02,1997-08-24,1997-11-23,NONE,RAIL,"g, final ideas"
47744-5,47744,558,49,5,50.00,72927.50,0.00,0.03,N,O,1997-08-12,1997-08-05,1997-08-23,COLLECT COD,REG AIR,ly final pinto beans. dinos nag blithely 
47745-1,47745,807,8,1,30.00,51234.00,0.00,0.01,N,O,1998-06-27,1998-07-01,1998-07-26,NONE,AIR,ts wake quickly? 
47746-1,47746,12,88,1,8.00,7296.08,0.05,0.04,N,O,1997-08-23,1997-08-03,1997-09-22,COLLECT COD,RAIL,ackages sleep ca
47746-2,47746,140,19,2,35.00,36404.90,0.05,0.04,N,O,1997-05-28,1997-08-11,1997-06-03,COLLECT COD,RAIL,vely above the carefully bold theodolites
47747-1,47747,591,52,1,3.00,4474.77,0.00,0.08,N,O,1995-11-25,1996-01-11,1995-12-12,COLLECT COD,AIR,thely busy pinto beans haggle
47747-2,47747,306,91,2,12.00,14475.60,0.01,0.07,N,O,1996-03-07,1996-01-24,1996-03-12,DELIVER IN PERSON,MAIL,ions boost carefully pen
47747-3,47747,1636,19,3,12.00,18451.56,0.07,0.06,N,O,1996-02-09,1996-01-01,1996-03-06,COLLECT COD,RAIL,ptotes are. furiously express accounts alon
47748-1,47748,462,21,1,30.00,40873.80,0.03,0.03,N,O,1996-05-13,1996-06-04,1996-05-26,TAKE BACK RETURN,FOB,t the expre
47748-2,47748,1279,17,2,45.00,53112.15,0.02,0.03,N,O,1996-05-11,1996-05-05,1996-05-18,NONE,TRUCK,es integrate blithel
47748-3,47748,759,56,3,8.00,13278.00,0.04,0.06,N,O,1996-03-18,1996-05-13,1996-03-23,NONE,MAIL,sits across the boldly f
47748-4,47748,591,92,4,21.00,31323.39,0.02,0.02,N,O,1996-04-18,1996-05-17,1996-04-27,COLLECT COD,TRUCK,symptotes wake carefully furious
47748-5,47748,1236,74,5,23.00,26156.29,0.07,0.08,N,O,1996-05-07,1996-05-04,1996-05-12,TAKE BACK RETURN,SHIP, dolphins. furiously
47748-6,47748,1289,90,6,11.00,13093.08,0.04,0.06,N,O,1996-03-29,1996-04-30,1996-04-26,DELIVER IN PERSON,SHIP,arefully reg
47748-7,47748,1638,62,7,21.00,32332.23,0.04,0.04,N,O,1996-03-23,1996-06-05,1996-04-20,DELIVER IN PERSON,SHIP, platelets. blit
47749-1,47749,1848,49,1,1.00,1749.84,0.02,0.05,A,F,1993-04-18,1993-05-29,1993-05-04,NONE,AIR,usly even theodo
47750-1,47750,1043,49,1,49.00,46257.96,0.08,0.05,R,F,1993-10-01,1993-09-06,1993-10-05,DELIVER IN PERSON,RAIL,ular requests
47750-2,47750,1442,60,2,9.00,12090.96,0.05,0.08,A,F,1993-07-03,1993-07-21,1993-07-09,DELIVER IN PERSON,REG AIR, evenly even requests. blithely 
47750-3,47750,979,80,3,27.00,50759.19,0.10,0.05,A,F,1993-07-02,1993-08-28,1993-07-30,TAKE BACK RETURN,REG AIR,nto beans sleep waters. carefull
47750-4,47750,792,25,4,43.00,72789.97,0.00,0.08,A,F,1993-08-02,1993-09-10,1993-08-16,NONE,REG AIR,old packages alongside o
47750-5,47750,870,37,5,27.00,47813.49,0.09,0.03,R,F,1993-09-03,1993-09-14,1993-09-21,NONE,REG AIR,beans. multipliers are carefu
47750-6,47750,1660,84,6,8.00,12493.28,0.08,0.04,A,F,1993-07-08,1993-07-18,1993-07-28,COLLECT COD,TRUCK,onic instructions de
47750-7,47750,385,86,7,36.00,46273.68,0.00,0.08,A,F,1993-07-13,1993-07-21,1993-08-12,COLLECT COD,RAIL,resias doubt close pinto beans
47751-1,47751,1635,36,1,2.00,3073.26,0.08,0.00,N,O,1996-11-03,1996-11-28,1996-11-06,DELIVER IN PERSON,RAIL,counts. slyly ironic 
47751-2,47751,833,33,2,2.00,3467.66,0.00,0.01,N,O,1996-10-15,1996-10-24,1996-11-01,COLLECT COD,TRUCK,ong the slyly ironic dolphins. eve
47751-3,47751,1901,34,3,35.00,63101.50,0.05,0.01,N,O,1996-12-14,1996-11-20,1997-01-04,COLLECT COD,MAIL,"he idle, special"
47751-4,47751,1127,28,4,31.00,31871.72,0.08,0.04,N,O,1996-10-30,1996-12-11,1996-11-23,NONE,FOB, regular dependencies detect
47751-5,47751,277,32,5,9.00,10595.43,0.10,0.03,N,O,1996-11-16,1996-10-27,1996-11-20,NONE,TRUCK, the slyly express asymptotes. ironic
47751-6,47751,1200,1,6,28.00,30833.60,0.02,0.03,N,O,1996-09-16,1996-11-17,1996-09-26,TAKE BACK RETURN,AIR,iously carefully 
47751-7,47751,1645,46,7,24.00,37119.36,0.10,0.08,N,O,1996-11-25,1996-11-28,1996-12-07,TAKE BACK RETURN,SHIP, regular foxes
47776-1,47776,626,58,1,27.00,41218.74,0.08,0.03,N,O,1996-09-13,1996-08-28,1996-10-09,TAKE BACK RETURN,FOB,ing braids. p
47776-2,47776,1841,71,2,11.00,19171.24,0.00,0.01,N,O,1996-10-18,1996-09-01,1996-11-04,COLLECT COD,FOB,latelets cajole. accounts cajol
47776-3,47776,315,44,3,2.00,2430.62,0.00,0.01,N,O,1996-08-17,1996-09-10,1996-08-20,DELIVER IN PERSON,TRUCK, unusual waters. carefully even pac
47776-4,47776,1329,30,4,9.00,11072.88,0.09,0.04,N,O,1996-08-09,1996-09-06,1996-09-06,TAKE BACK RETURN,MAIL,can boost slyly among the regular pinto 
47776-5,47776,1782,25,5,13.00,21889.14,0.10,0.00,N,O,1996-10-18,1996-09-01,1996-10-27,COLLECT COD,TRUCK,"y. ironic, ir"
47776-6,47776,1035,6,6,50.00,46801.50,0.03,0.04,N,O,1996-10-13,1996-09-06,1996-11-07,NONE,RAIL,ng warthogs according t
47776-7,47776,500,30,7,6.00,8403.00,0.09,0.08,N,O,1996-09-09,1996-08-12,1996-09-16,NONE,RAIL,arefully unusual foxes agains
47777-1,47777,1263,38,1,15.00,17463.90,0.03,0.07,R,F,1992-12-27,1993-02-12,1993-01-13,TAKE BACK RETURN,RAIL,furiously? packages at the furiously even
47777-2,47777,886,53,2,22.00,39311.36,0.02,0.06,R,F,1993-01-29,1993-01-01,1993-02-28,TAKE BACK RETURN,AIR,t asymptotes wake against the car
47778-1,47778,1730,31,1,9.00,14685.57,0.08,0.05,R,F,1993-06-05,1993-05-09,1993-06-22,COLLECT COD,RAIL,dle accounts. unusual foxes doubt. regular
47779-1,47779,1905,50,1,9.00,16262.10,0.03,0.08,R,F,1992-09-17,1992-10-07,1992-10-04,DELIVER IN PERSON,TRUCK,s. final dependencies nag slyly. bold req
47779-2,47779,1728,55,2,3.00,4889.16,0.09,0.07,A,F,1992-09-24,1992-10-24,1992-10-19,DELIVER IN PERSON,REG AIR,he regular deposits. car
47779-3,47779,505,6,3,33.00,46381.50,0.00,0.06,A,F,1992-11-11,1992-10-19,1992-11-23,DELIVER IN PERSON,TRUCK,ven packages cajole furiously beside th
47779-4,47779,271,72,4,50.00,58563.50,0.01,0.08,R,F,1992-11-30,1992-11-15,1992-12-24,COLLECT COD,AIR,ly ironic packages. evenly thin req
47780-1,47780,179,32,1,48.00,51800.16,0.06,0.00,A,F,1993-05-03,1993-05-03,1993-05-29,NONE,MAIL,ly final packages wake even
47780-2,47780,1124,61,2,34.00,34854.08,0.09,0.00,R,F,1993-05-31,1993-05-08,1993-06-02,NONE,SHIP,ly ironic packages. carefully bold excuse
47780-3,47780,1581,62,3,17.00,25203.86,0.05,0.03,A,F,1993-06-13,1993-06-20,1993-06-30,NONE,REG AIR,egular platelets nag carefully abo
47781-1,47781,709,42,1,22.00,35413.40,0.10,0.04,R,F,1995-05-01,1995-04-01,1995-05-11,TAKE BACK RETURN,REG AIR,ate thinly furiously ironic pinto beans.
47781-2,47781,567,58,2,36.00,52832.16,0.09,0.00,R,F,1995-04-05,1995-04-08,1995-04-13,DELIVER IN PERSON,MAIL,he furiously spe
47781-3,47781,1026,62,3,32.00,29664.64,0.01,0.08,A,F,1995-03-05,1995-04-07,1995-03-27,DELIVER IN PERSON,FOB,nically against the ironi
47782-1,47782,737,70,1,29.00,47494.17,0.07,0.08,A,F,1992-09-02,1992-09-19,1992-09-19,COLLECT COD,MAIL,totes haggle. furiously pe
47783-1,47783,907,42,1,12.00,21694.80,0.03,0.06,R,F,1993-06-04,1993-06-14,1993-06-12,DELIVER IN PERSON,RAIL,thely bold pinto beans. blithely fina
47783-2,47783,1908,41,2,30.00,54297.00,0.10,0.01,R,F,1993-05-28,1993-07-11,1993-06-03,NONE,REG AIR,luffily final depe
47783-3,47783,648,49,3,9.00,13937.76,0.01,0.02,A,F,1993-07-07,1993-07-20,1993-08-02,COLLECT COD,FOB,sits. blithely e
47783-4,47783,1663,64,4,41.00,64151.06,0.01,0.04,A,F,1993-05-13,1993-07-16,1993-06-05,NONE,REG AIR,ess ideas wake special asymptotes. slyly 
47808-1,47808,1824,68,1,29.00,50048.78,0.00,0.03,N,O,1995-08-28,1995-07-28,1995-09-19,NONE,FOB,pending platelets against the ir
47808-2,47808,1861,5,2,20.00,35257.20,0.07,0.00,N,O,1995-07-30,1995-09-15,1995-08-05,COLLECT COD,RAIL,osits wake carefully ironic dep
47808-3,47808,745,78,3,22.00,36206.28,0.09,0.03,N,O,1995-07-16,1995-07-31,1995-08-07,NONE,MAIL,ges. blithely pen
47809-1,47809,1509,90,1,41.00,57830.50,0.09,0.01,N,O,1995-09-17,1995-09-18,1995-10-12,TAKE BACK RETURN,REG AIR,fully regular packages. silent platelets ha
47809-2,47809,1775,2,2,22.00,36888.94,0.05,0.03,N,O,1995-09-25,1995-08-26,1995-10-12,NONE,FOB,ts boost furiously
47809-3,47809,657,89,3,13.00,20249.45,0.01,0.08,N,O,1995-08-20,1995-08-06,1995-08-27,TAKE BACK RETURN,SHIP,e quickly express platelets. blithely re
47809-4,47809,424,12,4,6.00,7946.52,0.10,0.04,N,O,1995-07-06,1995-09-04,1995-07-23,COLLECT COD,REG AIR,xpress requests sleep b
47809-5,47809,738,71,5,44.00,72104.12,0.00,0.05,N,O,1995-07-29,1995-07-27,1995-08-07,COLLECT COD,FOB,ependencies about the fluffily unusual
47809-6,47809,1969,14,6,6.00,11225.76,0.05,0.00,N,O,1995-10-06,1995-07-30,1995-10-09,NONE,SHIP,l theodolites sleep slyly again
47809-7,47809,695,96,7,8.00,12765.52,0.03,0.00,N,O,1995-10-22,1995-08-02,1995-11-12,COLLECT COD,TRUCK,ly final packages are. f
47810-1,47810,456,57,1,11.00,14920.95,0.10,0.02,N,O,1995-12-05,1995-10-19,1995-12-29,DELIVER IN PERSON,AIR,blithely along the
47810-2,47810,1984,73,2,33.00,62237.34,0.06,0.04,N,O,1995-11-27,1995-10-05,1995-12-15,NONE,AIR,e special dependenci
47810-3,47810,1202,3,3,31.00,34199.20,0.10,0.00,N,O,1995-11-08,1995-10-25,1995-11-20,NONE,FOB,final deposits. bold pains wake quickly
47810-4,47810,1266,67,4,38.00,44355.88,0.05,0.05,N,O,1995-09-16,1995-10-29,1995-09-30,COLLECT COD,MAIL,"bove the quietly regular dolphins. even, "
47811-1,47811,43,94,1,33.00,31120.32,0.04,0.08,N,O,1996-05-16,1996-04-08,1996-06-10,TAKE BACK RETURN,AIR,"al, regular ideas. carefully even depo"
47811-2,47811,460,61,2,34.00,46255.64,0.00,0.03,N,O,1996-06-21,1996-04-18,1996-07-21,TAKE BACK RETURN,AIR,"aggle slyly final, special accounts. even "
47811-3,47811,923,58,3,42.00,76604.64,0.06,0.04,N,O,1996-05-30,1996-03-31,1996-06-18,TAKE BACK RETURN,AIR,efully furiously special deposits. q
47811-4,47811,893,94,4,3.00,5381.67,0.04,0.05,N,O,1996-05-29,1996-04-27,1996-06-09,TAKE BACK RETURN,REG AIR, even instructions sleep blith
47811-5,47811,1050,21,5,47.00,44699.35,0.07,0.02,N,O,1996-02-27,1996-05-11,1996-03-26,NONE,REG AIR,ut the pending theodoli
47812-1,47812,1334,35,1,27.00,33353.91,0.01,0.01,N,O,1995-10-01,1995-10-11,1995-10-22,COLLECT COD,TRUCK,cing requests above the foxes cajole sly
47813-1,47813,984,87,1,30.00,56549.40,0.05,0.07,A,F,1994-12-22,1994-11-07,1994-12-27,COLLECT COD,TRUCK,regular deposits. carefully f
47813-2,47813,182,35,2,30.00,32465.40,0.10,0.06,R,F,1994-10-14,1994-11-21,1994-10-26,NONE,TRUCK,tly regular
47813-3,47813,874,41,3,28.00,49696.36,0.09,0.08,A,F,1994-10-11,1994-10-10,1994-10-18,TAKE BACK RETURN,REG AIR,theodolites. ideas are. 
47813-4,47813,391,92,4,19.00,24536.41,0.03,0.08,R,F,1994-09-06,1994-09-27,1994-09-23,TAKE BACK RETURN,TRUCK, detect slyly regular asy
47813-5,47813,575,76,5,49.00,72302.93,0.08,0.04,R,F,1994-11-14,1994-10-09,1994-11-25,DELIVER IN PERSON,AIR,across the 
47813-6,47813,1630,72,6,4.00,6126.52,0.07,0.03,R,F,1994-10-16,1994-10-09,1994-11-05,DELIVER IN PERSON,SHIP,nal instructions integrate
47814-1,47814,215,97,1,20.00,22304.20,0.03,0.01,N,O,1997-04-17,1997-05-17,1997-04-27,NONE,MAIL,ial theodolites. quickly regular excuse
47814-2,47814,42,68,2,18.00,16956.72,0.09,0.01,N,O,1997-07-01,1997-05-26,1997-07-10,COLLECT COD,TRUCK,s sleep. express foxes are quickly: blithel
47814-3,47814,1871,1,3,41.00,72687.67,0.01,0.00,N,O,1997-07-26,1997-05-13,1997-08-25,NONE,RAIL,"even, final instructions. "
47814-4,47814,1526,67,4,12.00,17130.24,0.01,0.05,N,O,1997-07-30,1997-06-11,1997-08-09,TAKE BACK RETURN,RAIL,slyly pending accounts 
47814-5,47814,1675,99,5,13.00,20496.71,0.08,0.00,N,O,1997-05-31,1997-05-14,1997-06-17,COLLECT COD,FOB,express packages use. packages bet
47814-6,47814,965,34,6,8.00,14927.68,0.00,0.04,N,O,1997-05-23,1997-05-14,1997-06-11,COLLECT COD,AIR,lithely ironic theodolites cajole quickly 
47814-7,47814,754,87,7,30.00,49642.50,0.01,0.05,N,O,1997-07-24,1997-05-12,1997-08-15,NONE,AIR,lithely express 
47815-1,47815,477,36,1,23.00,31681.81,0.06,0.02,R,F,1993-01-24,1993-03-03,1993-02-08,TAKE BACK RETURN,AIR,thely even theodolites
47815-2,47815,1191,64,2,4.00,4368.76,0.10,0.01,R,F,1993-04-23,1993-02-16,1993-05-14,NONE,REG AIR,ans haggle fu
47815-3,47815,1857,44,3,30.00,52765.50,0.06,0.03,R,F,1993-04-01,1993-03-31,1993-04-28,COLLECT COD,REG AIR,s. blithely spe
47815-4,47815,255,37,4,2.00,2310.50,0.10,0.08,A,F,1993-01-29,1993-03-09,1993-02-15,DELIVER IN PERSON,REG AIR,. even acco
47815-5,47815,644,45,5,31.00,47883.84,0.04,0.00,A,F,1993-01-21,1993-03-29,1993-02-01,TAKE BACK RETURN,FOB,s doubt. fluffily express packages boost a
47815-6,47815,678,41,6,7.00,11050.69,0.08,0.08,A,F,1993-04-13,1993-03-28,1993-04-23,COLLECT COD,SHIP,e carefully bl
47815-7,47815,454,55,7,2.00,2708.90,0.04,0.08,A,F,1993-01-06,1993-02-04,1993-02-01,TAKE BACK RETURN,SHIP,"re quickly special, ev"
47840-1,47840,601,2,1,37.00,55559.20,0.03,0.07,R,F,1994-05-14,1994-05-19,1994-05-23,NONE,MAIL,ckages print within th
47840-2,47840,108,87,2,30.00,30243.00,0.01,0.04,A,F,1994-04-30,1994-04-12,1994-05-29,TAKE BACK RETURN,FOB,yly bold accounts. furiously express depe
47840-3,47840,1903,4,3,8.00,14439.20,0.10,0.00,R,F,1994-06-27,1994-05-20,1994-07-23,TAKE BACK RETURN,FOB,es wake. furiously regular sentiments prom
47840-4,47840,292,47,4,23.00,27422.67,0.09,0.07,R,F,1994-03-24,1994-04-15,1994-04-09,COLLECT COD,RAIL,n dependencies cajole blith
47840-5,47840,903,4,5,31.00,55920.90,0.09,0.05,R,F,1994-04-20,1994-04-20,1994-05-15,NONE,AIR,nal packages. ideas are; blithely fi
47840-6,47840,1153,62,6,32.00,33732.80,0.05,0.02,R,F,1994-03-10,1994-04-23,1994-04-07,DELIVER IN PERSON,SHIP,unts cajole slyly furiously brave 
47840-7,47840,336,37,7,6.00,7417.98,0.06,0.04,R,F,1994-04-05,1994-04-17,1994-04-08,COLLECT COD,AIR, slyly ironi
47841-1,47841,1042,48,1,17.00,16031.68,0.04,0.08,N,O,1996-05-10,1996-03-31,1996-05-27,COLLECT COD,TRUCK,nticingly after the slyly regular
47841-2,47841,1217,55,2,4.00,4472.84,0.02,0.06,N,O,1996-03-12,1996-04-28,1996-03-29,TAKE BACK RETURN,FOB,"al, idle packages. blithely iro"
47841-3,47841,682,14,3,47.00,74385.96,0.00,0.05,N,O,1996-06-05,1996-03-20,1996-06-30,DELIVER IN PERSON,AIR, packages wake deposits. blithely final fox
47841-4,47841,518,19,4,50.00,70925.50,0.02,0.05,N,O,1996-03-10,1996-04-23,1996-04-09,TAKE BACK RETURN,AIR,arefully special requests-
47841-5,47841,2000,45,5,37.00,33374.00,0.01,0.06,N,O,1996-02-22,1996-04-02,1996-03-21,NONE,FOB,ts boost. carefully even excuses are f
47841-6,47841,1616,58,6,6.00,9105.66,0.08,0.02,N,O,1996-03-14,1996-05-08,1996-04-01,DELIVER IN PERSON,SHIP,arefully furiousl
47842-1,47842,1199,100,1,33.00,36306.27,0.00,0.00,R,F,1993-06-15,1993-07-11,1993-06-29,COLLECT COD,REG AIR, boldly regular foxes are frets. slyly ex
47842-2,47842,1991,36,2,1.00,1892.99,0.05,0.04,R,F,1993-07-28,1993-07-20,1993-08-17,DELIVER IN PERSON,MAIL,s. final dolphins wake slyly final requ
47842-3,47842,456,15,3,37.00,50188.65,0.10,0.03,A,F,1993-08-19,1993-07-17,1993-09-17,COLLECT COD,SHIP, furiously regular req
47842-4,47842,1964,9,4,22.00,41051.12,0.04,0.00,A,F,1993-06-28,1993-07-21,1993-07-10,NONE,AIR,final theodolites boost blithely 
47842-5,47842,348,33,5,22.00,27463.48,0.09,0.03,A,F,1993-06-07,1993-06-25,1993-06-22,TAKE BACK RETURN,FOB,ously. furiously pen
47842-6,47842,594,95,6,43.00,64267.37,0.07,0.03,R,F,1993-08-28,1993-07-29,1993-09-15,NONE,TRUCK," hinder quickly. silent, even ideas "
47843-1,47843,1192,93,1,2.00,2186.38,0.02,0.01,R,F,1992-06-09,1992-06-03,1992-06-29,NONE,REG AIR,ironic the
47843-2,47843,357,58,2,31.00,38977.85,0.02,0.01,A,F,1992-05-02,1992-04-23,1992-05-27,DELIVER IN PERSON,AIR, unusual excuses are furiously quickly 
47843-3,47843,679,42,3,13.00,20535.71,0.05,0.07,R,F,1992-05-31,1992-05-26,1992-06-03,NONE,SHIP,fily slyly unusual req
47843-4,47843,1243,55,4,12.00,13730.88,0.05,0.07,A,F,1992-06-06,1992-05-26,1992-07-04,NONE,MAIL,ecial courts. unusual escapa
47843-5,47843,190,69,5,19.00,20713.61,0.04,0.03,R,F,1992-03-26,1992-06-12,1992-04-24,COLLECT COD,TRUCK,; blithely final req
47843-6,47843,188,89,6,48.00,52232.64,0.07,0.02,A,F,1992-05-28,1992-05-19,1992-06-11,COLLECT COD,FOB,dolites are-- 
47844-1,47844,990,59,1,26.00,49165.74,0.00,0.01,R,F,1994-01-01,1994-01-15,1994-01-10,DELIVER IN PERSON,AIR,ole blithel
47844-2,47844,1119,92,2,20.00,20402.20,0.07,0.00,R,F,1993-12-16,1994-02-04,1993-12-22,TAKE BACK RETURN,RAIL,will use regular packages. unusual depo
47844-3,47844,1205,17,3,13.00,14380.60,0.04,0.05,R,F,1994-01-21,1994-02-13,1994-02-14,TAKE BACK RETURN,TRUCK,ges sleep doggedl
47844-4,47844,1310,11,4,1.00,1211.31,0.01,0.04,A,F,1994-01-02,1994-03-10,1994-01-30,NONE,FOB, theodolites are. ironic deposit
47844-5,47844,1654,96,5,38.00,59114.70,0.07,0.08,R,F,1993-12-20,1994-01-13,1993-12-25,DELIVER IN PERSON,MAIL,ions about the final package
47844-6,47844,94,95,6,33.00,32804.97,0.02,0.06,R,F,1993-12-22,1994-03-09,1994-01-06,NONE,AIR,inal packages ab
47845-1,47845,245,27,1,42.00,48100.08,0.03,0.02,N,O,1997-01-21,1997-03-18,1997-02-06,DELIVER IN PERSON,FOB,he blithely final theodol
47845-2,47845,1564,85,2,33.00,48363.48,0.00,0.00,N,O,1997-01-25,1997-02-06,1997-02-13,DELIVER IN PERSON,AIR,ely after t
47846-1,47846,1830,17,1,40.00,69273.20,0.02,0.05,A,F,1992-10-13,1992-11-10,1992-10-30,COLLECT COD,SHIP,ckages nag 
47846-2,47846,113,40,2,13.00,13170.43,0.07,0.06,R,F,1992-10-05,1992-11-06,1992-10-16,DELIVER IN PERSON,MAIL,al sheaves a
47846-3,47846,521,82,3,2.00,2843.04,0.00,0.05,A,F,1992-12-05,1992-09-30,1992-12-08,DELIVER IN PERSON,RAIL,"nently. enticing, ironic instructions are."
47846-4,47846,598,89,4,36.00,53949.24,0.01,0.04,A,F,1992-10-29,1992-10-29,1992-11-20,DELIVER IN PERSON,MAIL,ly final theodolites grow quickly above 
47846-5,47846,301,2,5,41.00,49253.30,0.06,0.01,A,F,1992-12-05,1992-10-08,1992-12-28,COLLECT COD,FOB,sts boost furiously 
47846-6,47846,1905,94,6,40.00,72276.00,0.05,0.04,R,F,1992-09-08,1992-09-12,1992-09-25,COLLECT COD,MAIL,to beans are dogg
47847-1,47847,1348,49,1,2.00,2498.68,0.05,0.01,N,O,1996-02-22,1996-04-06,1996-03-08,TAKE BACK RETURN,REG AIR,lar dolphins are among the slyl
47847-2,47847,838,39,2,16.00,27821.28,0.07,0.08,N,O,1996-02-05,1996-04-04,1996-02-26,DELIVER IN PERSON,MAIL,ular packages wake. final requests cajole a
47847-3,47847,1791,34,3,13.00,22006.27,0.00,0.01,N,O,1996-02-18,1996-03-15,1996-02-22,COLLECT COD,TRUCK,posits integrate slyly. slyly regular fox
47847-4,47847,881,15,4,43.00,76620.84,0.02,0.00,N,O,1996-03-14,1996-04-04,1996-03-16,TAKE BACK RETURN,TRUCK,rding to the fin
47872-1,47872,1436,54,1,46.00,61521.78,0.06,0.08,R,F,1994-09-24,1994-08-08,1994-09-26,NONE,AIR, carefully furiously special accounts. regu
47872-2,47872,982,17,2,27.00,50840.46,0.07,0.08,A,F,1994-08-04,1994-09-03,1994-08-09,NONE,RAIL,dolphins cajole sl
47872-3,47872,970,71,3,30.00,56129.10,0.04,0.03,A,F,1994-09-07,1994-07-16,1994-09-25,TAKE BACK RETURN,AIR, above the regular dependencies. ironic ex
47872-4,47872,534,65,4,15.00,21517.95,0.01,0.05,R,F,1994-07-03,1994-08-11,1994-07-20,DELIVER IN PERSON,AIR,r the furio
47872-5,47872,717,82,5,7.00,11323.97,0.05,0.07,R,F,1994-07-06,1994-07-18,1994-07-29,COLLECT COD,MAIL,its. fluffily ironic requests are 
47873-1,47873,903,6,1,1.00,1803.90,0.07,0.07,R,F,1993-12-06,1994-01-11,1993-12-24,DELIVER IN PERSON,TRUCK,uffily regular foxes
47873-2,47873,480,68,2,37.00,51077.76,0.01,0.05,A,F,1994-01-31,1994-01-23,1994-02-25,DELIVER IN PERSON,TRUCK,ly quickly iron
47873-3,47873,973,76,3,45.00,84328.65,0.09,0.01,R,F,1993-12-22,1994-01-05,1994-01-11,NONE,SHIP,y against the even requests. slyly bold r
47874-1,47874,970,73,1,6.00,11225.82,0.03,0.05,N,O,1998-04-29,1998-05-30,1998-05-26,COLLECT COD,TRUCK,posits integrate blithely furiously i
47874-2,47874,1795,22,2,25.00,42419.75,0.00,0.01,N,O,1998-06-15,1998-06-14,1998-07-13,DELIVER IN PERSON,AIR, requests. express accounts wa
47875-1,47875,1552,73,1,38.00,55234.90,0.03,0.00,R,F,1992-09-10,1992-09-06,1992-10-07,NONE,TRUCK,nic requests doze 
47875-2,47875,1703,30,2,17.00,27279.90,0.09,0.03,A,F,1992-11-30,1992-11-03,1992-12-07,NONE,TRUCK, to the special packages. q
47875-3,47875,1476,16,3,29.00,39946.63,0.02,0.01,R,F,1992-12-02,1992-10-15,1992-12-23,COLLECT COD,RAIL, the idly ironic patterns. slyly ironic r
47875-4,47875,697,98,4,24.00,38344.56,0.05,0.08,A,F,1992-10-03,1992-09-28,1992-10-11,DELIVER IN PERSON,SHIP,uriously dogged requests integrate thinly 
47875-5,47875,888,55,5,20.00,35777.60,0.05,0.02,R,F,1992-11-23,1992-09-06,1992-11-26,TAKE BACK RETURN,REG AIR,uffily around the slyly sp
47876-1,47876,1506,27,1,39.00,54892.50,0.00,0.02,A,F,1995-03-28,1995-03-23,1995-03-30,NONE,AIR,uests above the bold th
47876-2,47876,1233,45,2,14.00,15879.22,0.00,0.05,A,F,1995-03-09,1995-03-09,1995-03-10,DELIVER IN PERSON,REG AIR,olites lose. furiously regu
47876-3,47876,778,11,3,47.00,78902.19,0.04,0.08,R,F,1995-02-22,1995-02-02,1995-03-21,NONE,RAIL,efully. carefully ironic
47876-4,47876,1797,40,4,37.00,62855.23,0.01,0.06,A,F,1995-01-20,1995-02-02,1995-02-02,TAKE BACK RETURN,REG AIR,ly regular asymptotes integrat
47876-5,47876,1894,81,5,4.00,7183.56,0.00,0.06,R,F,1995-03-17,1995-01-29,1995-03-19,TAKE BACK RETURN,RAIL,ely busy pac
47876-6,47876,143,22,6,10.00,10431.40,0.09,0.05,A,F,1995-02-15,1995-03-14,1995-02-28,DELIVER IN PERSON,FOB,ly express dinos are slyly. fluffil
47876-7,47876,862,63,7,8.00,14102.88,0.08,0.00,A,F,1995-03-18,1995-02-13,1995-04-04,DELIVER IN PERSON,SHIP,ke blithely by the sly i
47877-1,47877,554,45,1,41.00,59636.55,0.10,0.03,A,F,1994-08-31,1994-10-15,1994-09-22,COLLECT COD,REG AIR,s. evenly unusual excuses detect furi
47877-2,47877,1193,30,2,48.00,52521.12,0.05,0.00,A,F,1994-10-03,1994-11-13,1994-10-11,TAKE BACK RETURN,AIR,jole silently along the carefully 
47877-3,47877,708,73,3,16.00,25739.20,0.09,0.08,A,F,1994-10-19,1994-11-11,1994-11-06,DELIVER IN PERSON,REG AIR,the furiously ironic asym
47877-4,47877,1959,60,4,31.00,57689.45,0.09,0.07,A,F,1994-12-10,1994-11-17,1994-12-18,DELIVER IN PERSON,FOB,. requests maintain aga
47877-5,47877,1580,81,5,46.00,68152.68,0.08,0.08,A,F,1994-10-29,1994-11-10,1994-11-07,COLLECT COD,FOB,structions poach closely
47878-1,47878,154,55,1,2.00,2108.30,0.04,0.00,N,F,1995-06-17,1995-07-08,1995-06-20,NONE,FOB,ggle quickly bold court
47878-2,47878,1018,89,2,50.00,45950.50,0.02,0.01,N,F,1995-05-28,1995-08-03,1995-06-25,COLLECT COD,FOB,r dependencies x-
47878-3,47878,392,21,3,14.00,18093.46,0.03,0.01,N,O,1995-08-23,1995-06-15,1995-09-01,DELIVER IN PERSON,AIR,accounts against t
47878-4,47878,700,1,4,18.00,28812.60,0.04,0.04,N,O,1995-08-21,1995-06-12,1995-09-01,COLLECT COD,AIR,ackages haggle furio
47879-1,47879,599,60,1,36.00,53985.24,0.08,0.04,R,F,1992-02-17,1992-03-22,1992-02-18,DELIVER IN PERSON,MAIL,s are slyly express foxes. quickly exp
47879-2,47879,791,24,2,2.00,3383.58,0.06,0.04,A,F,1992-02-23,1992-03-26,1992-02-24,DELIVER IN PERSON,RAIL, the ironic requests cajole 
47904-1,47904,159,60,1,35.00,37070.25,0.00,0.08,N,O,1997-08-29,1997-07-24,1997-09-15,NONE,RAIL,blithely unusual packages. fur
47904-2,47904,1273,85,2,24.00,28182.48,0.10,0.07,N,O,1997-08-06,1997-08-11,1997-08-24,TAKE BACK RETURN,MAIL,hely silent platelets. furiously 
47904-3,47904,22,73,3,10.00,9220.20,0.00,0.04,N,O,1997-09-26,1997-07-08,1997-10-07,NONE,AIR, dugouts slee
47904-4,47904,597,58,4,32.00,47922.88,0.07,0.03,N,O,1997-07-09,1997-08-13,1997-07-24,COLLECT COD,TRUCK, furiously unusual c
47904-5,47904,369,54,5,14.00,17771.04,0.05,0.07,N,O,1997-09-13,1997-08-15,1997-09-28,COLLECT COD,AIR,ut the blithely final accounts. unusual
47904-6,47904,1041,77,6,49.00,46159.96,0.09,0.06,N,O,1997-06-28,1997-07-31,1997-06-30,NONE,FOB,y ironic acc
47904-7,47904,395,24,7,47.00,60883.33,0.03,0.02,N,O,1997-06-27,1997-07-31,1997-07-19,TAKE BACK RETURN,RAIL,fily again
47905-1,47905,853,87,1,25.00,43846.25,0.09,0.04,R,F,1994-04-04,1994-05-14,1994-04-14,TAKE BACK RETURN,SHIP,s nag across the speci
47905-2,47905,1915,48,2,33.00,59958.03,0.04,0.01,R,F,1994-05-14,1994-06-29,1994-05-25,DELIVER IN PERSON,MAIL,against the slyly pendin
47906-1,47906,245,46,1,33.00,37792.92,0.07,0.07,N,O,1996-02-18,1996-04-01,1996-03-08,COLLECT COD,TRUCK,osits. carefully ironic asymptotes nag sl
47906-2,47906,1295,96,2,3.00,3588.87,0.01,0.05,N,O,1996-03-15,1996-02-18,1996-04-08,TAKE BACK RETURN,RAIL,into beans cajole fluffily. 
47906-3,47906,1282,83,3,13.00,15382.64,0.06,0.01,N,O,1996-02-17,1996-02-15,1996-02-21,TAKE BACK RETURN,FOB,"inos run regular, regular deposits. e"
47906-4,47906,1354,69,4,27.00,33894.45,0.07,0.05,N,O,1996-04-26,1996-03-12,1996-05-26,TAKE BACK RETURN,RAIL,lithely final pearls ar
47907-1,47907,714,11,1,48.00,77506.08,0.08,0.05,N,O,1998-06-17,1998-07-30,1998-06-29,NONE,MAIL,yly ironic dependencies cajole furiou
47907-2,47907,884,51,2,18.00,32127.84,0.09,0.03,N,O,1998-08-01,1998-08-01,1998-08-25,DELIVER IN PERSON,REG AIR,nic accounts. p
47907-3,47907,1697,21,3,4.00,6394.76,0.00,0.02,N,O,1998-08-05,1998-07-11,1998-08-14,COLLECT COD,AIR,s. platelets use abou
47907-4,47907,722,55,4,49.00,79513.28,0.08,0.03,N,O,1998-05-12,1998-06-10,1998-05-19,NONE,FOB,"ounts cajole. silent, fluffy pl"
47907-5,47907,1080,16,5,7.00,6867.56,0.04,0.02,N,O,1998-07-20,1998-06-15,1998-07-25,NONE,REG AIR,s are. regular packages above the pendi
47907-6,47907,1659,1,6,21.00,32773.65,0.10,0.08,N,O,1998-07-22,1998-07-08,1998-08-09,COLLECT COD,SHIP,ily quickly r
47908-1,47908,365,22,1,15.00,18980.40,0.09,0.05,N,O,1998-02-01,1998-02-24,1998-02-19,TAKE BACK RETURN,SHIP,usly final theodolites are furiously
47908-2,47908,209,64,2,40.00,44368.00,0.00,0.02,N,O,1998-03-26,1998-01-28,1998-04-12,COLLECT COD,REG AIR,pecial accoun
47908-3,47908,1513,54,3,25.00,35362.75,0.10,0.07,N,O,1998-04-16,1998-03-16,1998-05-07,TAKE BACK RETURN,RAIL, express accounts n
47909-1,47909,217,99,1,35.00,39102.35,0.02,0.06,A,F,1993-04-24,1993-05-12,1993-04-29,TAKE BACK RETURN,AIR,integrate slyly enticingly express instruc
47909-2,47909,970,73,2,24.00,44903.28,0.09,0.01,R,F,1993-05-05,1993-05-11,1993-05-28,TAKE BACK RETURN,SHIP, furiously bold accounts. carefully 
47909-3,47909,1717,60,3,28.00,45323.88,0.08,0.07,R,F,1993-06-17,1993-04-26,1993-07-07,DELIVER IN PERSON,FOB,side the furi
47909-4,47909,346,75,4,32.00,39882.88,0.02,0.07,R,F,1993-07-04,1993-05-18,1993-07-05,NONE,REG AIR, foxes nag carefully
47909-5,47909,217,99,5,38.00,42453.98,0.03,0.01,A,F,1993-04-09,1993-04-12,1993-04-11,DELIVER IN PERSON,MAIL,ly around the furiously pendin
47909-6,47909,1881,82,6,15.00,26743.20,0.09,0.04,R,F,1993-04-14,1993-04-29,1993-05-01,COLLECT COD,RAIL,from the carefully re
47910-1,47910,1205,6,1,44.00,48672.80,0.04,0.08,A,F,1994-11-01,1994-10-08,1994-11-26,COLLECT COD,FOB,o are ironic accounts. e
47910-2,47910,837,37,2,4.00,6951.32,0.05,0.08,A,F,1994-09-17,1994-09-17,1994-09-26,DELIVER IN PERSON,RAIL,uickly bold request
47910-3,47910,397,26,3,45.00,58382.55,0.07,0.00,A,F,1994-10-18,1994-10-06,1994-10-29,DELIVER IN PERSON,AIR,equests haggle slyly about the f
47911-1,47911,685,17,1,18.00,28542.24,0.06,0.01,N,O,1996-08-07,1996-10-13,1996-08-16,DELIVER IN PERSON,AIR,ckly final somas across the slyly spe
47911-2,47911,1090,91,2,22.00,21803.98,0.07,0.03,N,O,1996-08-16,1996-10-15,1996-09-01,TAKE BACK RETURN,AIR, carefully bold
47911-3,47911,1187,96,3,49.00,53320.82,0.03,0.01,N,O,1996-11-06,1996-09-15,1996-11-18,TAKE BACK RETURN,REG AIR, snooze slyly slyly even foxes. ironic 
47911-4,47911,1681,82,4,6.00,9496.08,0.06,0.00,N,O,1996-09-10,1996-10-11,1996-10-05,TAKE BACK RETURN,AIR,sits. perm
47911-5,47911,256,84,5,40.00,46250.00,0.06,0.05,N,O,1996-10-01,1996-09-09,1996-10-29,TAKE BACK RETURN,FOB,"pecial deposits doubt furiously ironic, "
47911-6,47911,1062,68,6,41.00,39485.46,0.00,0.03,N,O,1996-10-11,1996-09-09,1996-10-31,DELIVER IN PERSON,FOB,ach carefully about the regular
47911-7,47911,754,19,7,34.00,56261.50,0.01,0.07,N,O,1996-08-05,1996-10-07,1996-08-22,NONE,RAIL,y final asy
47936-1,47936,1388,27,1,44.00,56732.72,0.03,0.07,N,O,1997-01-12,1997-03-13,1997-01-30,TAKE BACK RETURN,AIR,"the pending, bold packages. re"
47936-2,47936,186,13,2,1.00,1086.18,0.10,0.03,N,O,1997-04-25,1997-03-10,1997-05-23,NONE,MAIL,ccounts use carefully. even dinos haggl
47936-3,47936,1743,44,3,33.00,54276.42,0.05,0.04,N,O,1997-04-13,1997-02-07,1997-04-16,DELIVER IN PERSON,RAIL,"nic pinto beans alongside of the sly,"
47937-1,47937,48,99,1,50.00,47402.00,0.00,0.07,A,F,1993-11-05,1993-10-03,1993-11-28,COLLECT COD,REG AIR,ully carefully special deposits. fluf
47937-2,47937,1836,66,2,13.00,22591.79,0.10,0.02,A,F,1993-10-02,1993-11-19,1993-10-20,COLLECT COD,SHIP,al platelets cajole even pinto 
47937-3,47937,1193,66,3,19.00,20789.61,0.05,0.07,A,F,1993-10-23,1993-10-11,1993-10-26,TAKE BACK RETURN,MAIL, requests use slyly according 
47937-4,47937,1080,81,4,4.00,3924.32,0.01,0.01,R,F,1993-09-13,1993-11-18,1993-10-03,DELIVER IN PERSON,AIR,endencies: 
47937-5,47937,445,33,5,6.00,8072.64,0.09,0.06,A,F,1993-11-20,1993-10-20,1993-12-14,COLLECT COD,RAIL, fluffily b
47937-6,47937,673,5,6,41.00,64520.47,0.07,0.07,A,F,1993-10-05,1993-11-02,1993-10-10,TAKE BACK RETURN,TRUCK,slyly furiously regu
47938-1,47938,39,65,1,43.00,40378.29,0.08,0.06,R,F,1994-09-09,1994-07-25,1994-09-24,NONE,TRUCK,fully regular deposits. even requests caj
47938-2,47938,577,78,2,2.00,2955.14,0.04,0.02,A,F,1994-10-24,1994-08-21,1994-11-11,COLLECT COD,AIR,"after the regular, "
47938-3,47938,1477,78,3,34.00,46867.98,0.03,0.06,R,F,1994-07-24,1994-09-11,1994-07-29,DELIVER IN PERSON,MAIL,carefully p
47938-4,47938,1172,81,4,48.00,51512.16,0.09,0.04,A,F,1994-07-15,1994-08-04,1994-08-12,DELIVER IN PERSON,FOB,equests nag furio
47938-5,47938,721,18,5,15.00,24325.80,0.08,0.05,R,F,1994-09-18,1994-09-23,1994-09-29,NONE,AIR,"onic, silent deposits according to "
47939-1,47939,1737,22,1,49.00,80297.77,0.08,0.05,R,F,1992-07-28,1992-08-05,1992-08-20,COLLECT COD,RAIL,"ing to the thin, regular pinto beans sle"
47939-2,47939,1634,17,2,7.00,10749.41,0.08,0.07,R,F,1992-06-03,1992-08-03,1992-06-10,COLLECT COD,RAIL,en excuses. unusual deposits use. depe
47940-1,47940,1133,34,1,21.00,21716.73,0.01,0.03,R,F,1993-08-02,1993-07-11,1993-08-20,TAKE BACK RETURN,AIR,nding patterns. furiously ironic 
47940-2,47940,233,88,2,11.00,12465.53,0.01,0.06,R,F,1993-07-21,1993-08-16,1993-07-31,COLLECT COD,REG AIR,e blithely special instructions. quic
47941-1,47941,400,1,1,8.00,10403.20,0.01,0.06,R,F,1994-11-02,1994-10-20,1994-11-30,NONE,TRUCK,ly around the slyly regular id
47941-2,47941,329,58,2,32.00,39338.24,0.00,0.08,R,F,1994-09-26,1994-10-20,1994-10-01,TAKE BACK RETURN,REG AIR,ending foxes pri
47941-3,47941,873,74,3,13.00,23060.31,0.05,0.04,R,F,1994-11-13,1994-09-28,1994-11-21,COLLECT COD,SHIP,blithely regular reques
47941-4,47941,1381,82,4,30.00,38471.40,0.01,0.07,R,F,1994-09-29,1994-10-25,1994-10-10,TAKE BACK RETURN,AIR,symptotes cajole blithely above
47941-5,47941,841,8,5,49.00,85350.16,0.06,0.06,R,F,1994-10-29,1994-09-11,1994-11-06,TAKE BACK RETURN,SHIP,s cajole quickly against th
47942-1,47942,838,38,1,15.00,26082.45,0.07,0.04,R,F,1993-05-02,1993-04-06,1993-05-24,NONE,REG AIR,nts are quickly about the carefully p
47942-2,47942,1438,17,2,36.00,48219.48,0.06,0.07,A,F,1993-03-03,1993-05-10,1993-03-10,DELIVER IN PERSON,REG AIR,quickly: reque
47942-3,47942,1531,12,3,49.00,70193.97,0.08,0.06,A,F,1993-05-25,1993-04-15,1993-06-13,COLLECT COD,MAIL,o beans alongside of the fu
47942-4,47942,1290,91,4,44.00,52416.76,0.05,0.05,A,F,1993-06-11,1993-04-28,1993-07-10,DELIVER IN PERSON,MAIL,he asymptotes. fl
47942-5,47942,1929,62,5,42.00,76898.64,0.06,0.00,A,F,1993-06-03,1993-05-13,1993-06-15,NONE,REG AIR,le carefully under the carefully
47943-1,47943,1285,86,1,41.00,48637.48,0.06,0.07,A,F,1994-11-21,1994-12-31,1994-12-02,NONE,AIR,ccounts boost
47943-2,47943,359,16,2,2.00,2518.70,0.02,0.05,R,F,1994-11-21,1995-01-11,1994-11-29,NONE,AIR,ses sublate
47943-3,47943,806,7,3,29.00,49497.20,0.04,0.03,A,F,1994-11-18,1995-01-02,1994-11-29,COLLECT COD,AIR,iments. request
47943-4,47943,1612,54,4,3.00,4540.83,0.05,0.03,R,F,1994-12-29,1995-02-12,1995-01-08,COLLECT COD,TRUCK,mong the permanently expres
47943-5,47943,350,51,5,19.00,23756.65,0.08,0.01,A,F,1995-03-01,1994-12-18,1995-03-18,TAKE BACK RETURN,MAIL,regular theodolites
47943-6,47943,1652,94,6,20.00,31073.00,0.10,0.06,A,F,1995-02-17,1995-01-04,1995-03-02,NONE,REG AIR,counts use quickly after the 
47968-1,47968,947,48,1,23.00,42502.62,0.02,0.04,A,F,1993-05-09,1993-05-20,1993-06-06,COLLECT COD,MAIL,fully unusual instructions
47969-1,47969,1117,90,1,43.00,43778.73,0.07,0.04,A,F,1994-12-08,1995-02-14,1994-12-19,NONE,SHIP,eodolites. sp
47970-1,47970,1263,38,1,26.00,30270.76,0.03,0.02,N,O,1997-11-16,1997-09-25,1997-12-05,COLLECT COD,TRUCK,lyly around the
47970-2,47970,1821,8,2,44.00,75804.08,0.03,0.08,N,O,1997-10-03,1997-09-10,1997-11-01,COLLECT COD,FOB, sleep. blithely ironic ideas dazzle a
47970-3,47970,353,10,3,46.00,57654.10,0.04,0.03,N,O,1997-11-13,1997-09-11,1997-12-10,TAKE BACK RETURN,REG AIR,d accounts
47971-1,47971,552,13,1,32.00,46481.60,0.00,0.02,A,F,1993-02-22,1993-01-03,1993-03-03,DELIVER IN PERSON,RAIL,"press requests are pending, even pa"
47971-2,47971,1930,63,2,2.00,3663.86,0.02,0.00,A,F,1993-01-26,1993-01-21,1993-02-21,COLLECT COD,TRUCK,fily final 
47971-3,47971,1194,3,3,21.00,22998.99,0.03,0.05,A,F,1992-12-07,1992-11-29,1992-12-22,NONE,TRUCK,he carefully even deposits boost accord
47971-4,47971,994,95,4,50.00,94749.50,0.01,0.07,A,F,1992-11-14,1992-12-04,1992-11-22,DELIVER IN PERSON,FOB,osits cajole blithely regular pla
47971-5,47971,1243,18,5,16.00,18307.84,0.04,0.02,R,F,1992-11-08,1992-12-24,1992-12-04,NONE,MAIL,y ironic requests affix. stealthy accou
47971-6,47971,1613,37,6,12.00,18175.32,0.10,0.08,R,F,1992-11-18,1992-12-19,1992-12-14,TAKE BACK RETURN,RAIL,de of the furiously enticing depo
47972-1,47972,1505,86,1,40.00,56260.00,0.00,0.04,R,F,1993-12-21,1993-11-30,1994-01-13,TAKE BACK RETURN,FOB, silent gifts. slyly
47972-2,47972,403,62,2,16.00,20854.40,0.05,0.02,R,F,1993-10-29,1993-12-11,1993-11-22,TAKE BACK RETURN,AIR,"boost slow, final deposits. idle, ironic r"
47972-3,47972,1963,64,3,21.00,39164.16,0.04,0.02,R,F,1993-10-23,1993-11-20,1993-11-16,NONE,SHIP,", regular d"
47972-4,47972,1785,28,4,28.00,47229.84,0.09,0.05,R,F,1993-10-26,1993-12-22,1993-11-22,COLLECT COD,AIR,s wake blithely a
47973-1,47973,647,48,1,21.00,32500.44,0.05,0.08,N,O,1997-08-04,1997-08-16,1997-08-31,TAKE BACK RETURN,RAIL,al packages cajole furiously even theodo
47973-2,47973,85,86,2,5.00,4925.40,0.09,0.00,N,O,1997-09-23,1997-09-06,1997-10-16,TAKE BACK RETURN,REG AIR,uctions. care
47973-3,47973,846,46,3,7.00,12227.88,0.02,0.00,N,O,1997-10-25,1997-09-26,1997-11-06,COLLECT COD,SHIP,usly. slyly even accounts wake car
47973-4,47973,342,99,4,4.00,4969.36,0.02,0.08,N,O,1997-10-24,1997-09-28,1997-11-20,DELIVER IN PERSON,TRUCK," the final, even ideas boos"
47973-5,47973,443,31,5,6.00,8060.64,0.02,0.01,N,O,1997-08-30,1997-09-27,1997-09-16,DELIVER IN PERSON,FOB,above the finally expr
47973-6,47973,1662,63,6,30.00,46909.80,0.07,0.05,N,O,1997-08-14,1997-09-13,1997-09-08,NONE,TRUCK,bold foxes. quickly final accounts wake. ex
47973-7,47973,656,50,7,35.00,54482.75,0.09,0.01,N,O,1997-09-08,1997-08-27,1997-09-15,NONE,MAIL,the accounts boost alongside of 
47974-1,47974,1552,33,1,41.00,59595.55,0.00,0.05,A,F,1994-12-19,1994-11-27,1995-01-01,NONE,AIR, blithely silent packages. packages above 
47974-2,47974,697,29,2,29.00,46333.01,0.09,0.01,A,F,1994-11-16,1994-11-18,1994-12-15,TAKE BACK RETURN,AIR,platelets d
47974-3,47974,1726,69,3,17.00,27671.24,0.08,0.03,A,F,1994-10-23,1994-11-04,1994-11-11,TAKE BACK RETURN,AIR,le dolphins de
47974-4,47974,1102,39,4,14.00,14043.40,0.08,0.07,A,F,1994-12-10,1994-10-07,1994-12-27,TAKE BACK RETURN,TRUCK,its detect fluf
47974-5,47974,928,97,5,18.00,32920.56,0.09,0.01,R,F,1994-09-11,1994-10-19,1994-09-22,NONE,RAIL,eposits are furiously pending p
47975-1,47975,220,48,1,25.00,28005.50,0.05,0.04,R,F,1993-11-25,1993-09-29,1993-12-08,DELIVER IN PERSON,RAIL,ly always 
47975-2,47975,27,78,2,42.00,38934.84,0.05,0.02,A,F,1993-12-13,1993-09-29,1993-12-26,COLLECT COD,SHIP,silent pinto b
47975-3,47975,361,18,3,29.00,36579.44,0.06,0.00,R,F,1993-11-08,1993-09-29,1993-11-16,TAKE BACK RETURN,MAIL,"lly unusual accounts. final, special"
48000-1,48000,308,9,1,39.00,47123.70,0.07,0.04,R,F,1992-11-24,1992-10-21,1992-12-12,TAKE BACK RETURN,MAIL,ts use fluffily am
48001-1,48001,1804,5,1,35.00,59703.00,0.02,0.04,N,O,1998-04-27,1998-04-22,1998-05-11,NONE,AIR,fully special deposits. furiously s
48001-2,48001,1464,82,2,19.00,25943.74,0.00,0.00,N,O,1998-06-12,1998-04-21,1998-07-03,NONE,SHIP,nic dependencies sleep against the ir
48001-3,48001,951,52,3,39.00,72226.05,0.05,0.01,N,O,1998-05-30,1998-04-28,1998-06-17,NONE,FOB,lly. express foxes
48001-4,48001,1979,80,4,36.00,67714.92,0.00,0.03,N,O,1998-05-22,1998-03-23,1998-05-27,NONE,FOB,regular packages. slyly silent
48001-5,48001,1591,12,5,23.00,34329.57,0.03,0.01,N,O,1998-03-26,1998-05-01,1998-03-28,NONE,REG AIR,ake carefully against the regular pa
48001-6,48001,1484,85,6,44.00,60961.12,0.00,0.02,N,O,1998-05-28,1998-04-17,1998-06-03,DELIVER IN PERSON,RAIL,. final requests
48002-1,48002,1378,79,1,37.00,47336.69,0.02,0.06,N,O,1996-05-29,1996-06-14,1996-06-01,COLLECT COD,REG AIR,usual instructions wake. furio
48002-2,48002,1766,67,2,10.00,16677.60,0.06,0.01,N,O,1996-04-26,1996-05-16,1996-05-12,NONE,SHIP,ular theodo
48002-3,48002,498,99,3,14.00,19578.86,0.01,0.07,N,O,1996-06-02,1996-06-04,1996-06-14,NONE,SHIP,furiously blithely regular i
48002-4,48002,427,57,4,41.00,54424.22,0.05,0.05,N,O,1996-05-24,1996-06-17,1996-06-22,DELIVER IN PERSON,RAIL,s detect quickly after the instructions
48002-5,48002,647,79,5,27.00,41786.28,0.09,0.06,N,O,1996-06-11,1996-06-12,1996-06-25,TAKE BACK RETURN,REG AIR,ound the carefully pending a
48002-6,48002,1804,48,6,37.00,63114.60,0.02,0.03,N,O,1996-07-16,1996-05-02,1996-07-24,TAKE BACK RETURN,REG AIR,lay blithely regular packages
48003-1,48003,727,24,1,19.00,30926.68,0.04,0.00,A,F,1992-02-17,1992-04-06,1992-03-09,TAKE BACK RETURN,FOB,slyly ironic gifts. special accounts are
48003-2,48003,1448,49,2,24.00,32386.56,0.06,0.03,A,F,1992-03-30,1992-03-08,1992-04-10,COLLECT COD,AIR,es doubt furiously
48003-3,48003,1979,80,3,16.00,30095.52,0.07,0.04,A,F,1992-03-22,1992-03-17,1992-04-03,TAKE BACK RETURN,TRUCK,dependencies
48003-4,48003,1190,99,4,21.00,22914.99,0.09,0.01,R,F,1992-04-30,1992-03-28,1992-05-23,DELIVER IN PERSON,REG AIR,ltipliers are blithely regul
48003-5,48003,869,3,5,36.00,63714.96,0.03,0.00,A,F,1992-05-08,1992-04-12,1992-05-14,DELIVER IN PERSON,TRUCK,egular pinto 
48003-6,48003,364,49,6,4.00,5057.44,0.09,0.00,R,F,1992-02-22,1992-03-23,1992-02-28,COLLECT COD,TRUCK,s haggle slyly final frets. sl
48003-7,48003,1582,3,7,43.00,63793.94,0.03,0.06,A,F,1992-03-04,1992-02-27,1992-04-02,COLLECT COD,TRUCK,he pinto beans. furiously regular dependenc
48004-1,48004,205,6,1,23.00,25419.60,0.07,0.01,N,O,1998-02-15,1998-03-11,1998-03-02,NONE,REG AIR,s haggle slyly car
48004-2,48004,1082,83,2,30.00,29492.40,0.05,0.04,N,O,1998-04-18,1998-04-09,1998-04-25,NONE,AIR,its. asymptotes behind the fluffily ironic 
48004-3,48004,1375,52,3,46.00,58713.02,0.01,0.06,N,O,1998-01-23,1998-03-08,1998-02-22,DELIVER IN PERSON,TRUCK,ages detect slyly. regular excuses h
48004-4,48004,823,24,4,36.00,62057.52,0.03,0.00,N,O,1998-04-12,1998-02-18,1998-04-20,TAKE BACK RETURN,FOB,sleep quickly. ca
48004-5,48004,524,15,5,26.00,37037.52,0.07,0.07,N,O,1998-02-12,1998-03-23,1998-03-11,DELIVER IN PERSON,RAIL,ronic deposits. slyly
48005-1,48005,1504,5,1,44.00,61842.00,0.05,0.02,N,O,1997-05-20,1997-07-03,1997-06-08,TAKE BACK RETURN,REG AIR, regular theodolites. sly acco
48005-2,48005,885,86,2,18.00,32145.84,0.04,0.00,N,O,1997-08-02,1997-07-07,1997-08-18,TAKE BACK RETURN,MAIL,s slyly. furiously sly dependencies sleep c
48005-3,48005,1734,61,3,40.00,65429.20,0.05,0.05,N,O,1997-08-04,1997-06-22,1997-09-01,NONE,MAIL, affix above the fina
48005-4,48005,1158,95,4,11.00,11650.65,0.04,0.08,N,O,1997-07-17,1997-07-11,1997-07-27,COLLECT COD,RAIL,ans. carefully pending d
48005-5,48005,195,96,5,40.00,43807.60,0.10,0.00,N,O,1997-05-11,1997-07-12,1997-05-15,NONE,MAIL,inal accounts af
48006-1,48006,1142,15,1,4.00,4172.56,0.10,0.07,A,F,1992-10-03,1992-09-14,1992-10-22,DELIVER IN PERSON,AIR,"pecial, express foxes acco"
48006-2,48006,1724,9,2,3.00,4877.16,0.09,0.08,A,F,1992-08-29,1992-08-05,1992-09-26,COLLECT COD,AIR,uses against the carefully pending accou
48006-3,48006,642,36,3,4.00,6170.56,0.04,0.05,A,F,1992-10-06,1992-09-24,1992-10-19,DELIVER IN PERSON,MAIL,ccounts. furiously regular theodo
48007-1,48007,76,52,1,5.00,4880.35,0.01,0.05,N,O,1997-08-12,1997-09-13,1997-08-14,COLLECT COD,MAIL,nding reques
48007-2,48007,594,25,2,42.00,62772.78,0.08,0.05,N,O,1997-10-23,1997-08-15,1997-11-08,NONE,RAIL, ironic packages cajole furiously alon
48007-3,48007,183,62,3,13.00,14081.34,0.10,0.02,N,O,1997-07-27,1997-07-30,1997-08-08,NONE,FOB,s. furiously special deposits a
48007-4,48007,284,12,4,25.00,29607.00,0.00,0.06,N,O,1997-09-03,1997-07-28,1997-09-20,TAKE BACK RETURN,TRUCK,arefully silent orbits above the furious
48007-5,48007,1674,57,5,48.00,75632.16,0.05,0.04,N,O,1997-08-14,1997-09-14,1997-09-10,NONE,FOB,tes. carefully bol
48007-6,48007,1183,20,6,45.00,48788.10,0.07,0.02,N,O,1997-08-23,1997-09-23,1997-08-31,NONE,AIR, requests. slyly bold de
48007-7,48007,313,14,7,35.00,42465.85,0.04,0.00,N,O,1997-08-03,1997-08-09,1997-08-13,TAKE BACK RETURN,AIR, solve slyly pending accounts. blithely i
48032-1,48032,155,8,1,45.00,47481.75,0.06,0.06,R,F,1993-11-21,1993-09-30,1993-12-04,NONE,TRUCK,e above the final accounts. furiously
48032-2,48032,711,44,2,9.00,14505.39,0.05,0.03,A,F,1993-10-23,1993-10-23,1993-11-03,TAKE BACK RETURN,TRUCK, regular senti
48032-3,48032,1502,83,3,11.00,15438.50,0.00,0.05,R,F,1993-09-05,1993-10-08,1993-09-10,NONE,TRUCK,ost furiousl
48032-4,48032,460,48,4,3.00,4081.38,0.05,0.02,A,F,1993-10-20,1993-11-14,1993-10-25,NONE,AIR,oss the sl
48032-5,48032,272,27,5,19.00,22273.13,0.02,0.02,A,F,1993-12-04,1993-10-06,1993-12-16,TAKE BACK RETURN,FOB,ular theodol
48032-6,48032,1301,16,6,9.00,10820.70,0.02,0.06,R,F,1993-11-17,1993-10-15,1993-11-18,COLLECT COD,RAIL, asymptote
48033-1,48033,617,49,1,2.00,3035.22,0.06,0.05,N,O,1996-08-30,1996-10-15,1996-09-16,TAKE BACK RETURN,FOB,fluffily pending ideas across the fur
48034-1,48034,678,41,1,16.00,25258.72,0.06,0.05,R,F,1994-08-01,1994-08-27,1994-08-24,TAKE BACK RETURN,SHIP,"dolites. pending, unusual packag"
48034-2,48034,1543,64,2,49.00,70782.46,0.06,0.03,R,F,1994-08-09,1994-08-15,1994-08-21,COLLECT COD,RAIL,ach above the slyly final instructio
48034-3,48034,319,48,3,13.00,15851.03,0.08,0.05,A,F,1994-11-07,1994-09-05,1994-12-07,TAKE BACK RETURN,FOB,mong the ironic accounts wake quickly plate
48035-1,48035,1549,90,1,21.00,30461.34,0.06,0.03,R,F,1994-05-22,1994-05-23,1994-05-25,TAKE BACK RETURN,SHIP,ck ideas poach blithely. furiously final 
48035-2,48035,1328,43,2,40.00,49172.80,0.04,0.07,R,F,1994-05-22,1994-06-12,1994-06-15,TAKE BACK RETURN,MAIL,slyly silent deposits use. f
48036-1,48036,1212,87,1,7.00,7792.47,0.02,0.04,N,O,1996-07-01,1996-05-18,1996-07-31,NONE,REG AIR,the requests. slyly even
48036-2,48036,507,8,2,9.00,12667.50,0.04,0.01,N,O,1996-04-16,1996-04-26,1996-05-15,DELIVER IN PERSON,RAIL,ar theodolites grow quickly furiously s
48036-3,48036,1416,95,3,35.00,46109.35,0.00,0.06,N,O,1996-06-11,1996-05-21,1996-06-15,TAKE BACK RETURN,FOB,ch furiously above the fluffily 
48036-4,48036,1552,73,4,42.00,61049.10,0.03,0.05,N,O,1996-05-12,1996-04-22,1996-06-01,DELIVER IN PERSON,AIR, fluffily f
48036-5,48036,645,77,5,28.00,43277.92,0.09,0.05,N,O,1996-06-07,1996-05-24,1996-06-28,TAKE BACK RETURN,FOB,ously bold accounts cajole c
48037-1,48037,1564,65,1,34.00,49829.04,0.03,0.01,N,O,1995-11-13,1995-10-20,1995-11-26,DELIVER IN PERSON,RAIL,al accounts. blithely even attainme
48037-2,48037,719,52,2,18.00,29154.78,0.02,0.08,N,O,1995-11-03,1995-12-13,1995-11-10,TAKE BACK RETURN,REG AIR, alongside o
48038-1,48038,47,23,1,25.00,23676.00,0.06,0.05,N,O,1997-05-05,1997-02-17,1997-05-25,COLLECT COD,RAIL,s. even packages abo
48038-2,48038,1198,71,2,18.00,19785.42,0.00,0.03,N,O,1997-04-08,1997-03-15,1997-05-04,DELIVER IN PERSON,RAIL,beans detect furiously. blithely spe
48039-1,48039,1264,2,1,22.00,25635.72,0.08,0.07,R,F,1993-11-21,1993-10-10,1993-11-22,COLLECT COD,RAIL,ing pinto beans. dep
48064-1,48064,1863,64,1,30.00,52945.80,0.09,0.06,A,F,1993-08-18,1993-08-22,1993-08-29,DELIVER IN PERSON,AIR,inal deposits l
48064-2,48064,503,4,2,27.00,37894.50,0.09,0.02,A,F,1993-08-06,1993-08-20,1993-09-01,DELIVER IN PERSON,AIR,old requests haggle carefully care
48065-1,48065,762,59,1,22.00,36580.72,0.07,0.05,R,F,1993-08-05,1993-05-17,1993-08-30,DELIVER IN PERSON,MAIL,s the furiously b
48066-1,48066,365,50,1,18.00,22776.48,0.09,0.07,R,F,1993-12-26,1993-11-26,1994-01-19,COLLECT COD,AIR,structions along the blithe
48067-1,48067,145,24,1,28.00,29263.92,0.08,0.01,R,F,1992-07-04,1992-08-21,1992-07-26,TAKE BACK RETURN,FOB,posits abov
48067-2,48067,932,33,2,47.00,86147.71,0.06,0.02,A,F,1992-09-03,1992-09-12,1992-09-06,NONE,SHIP,ly pending grouches serve after the 
48067-3,48067,1588,69,3,10.00,14895.80,0.02,0.03,R,F,1992-08-05,1992-08-26,1992-08-31,DELIVER IN PERSON,FOB,"unusual, pending requests wake fluffily bl"
48067-4,48067,1484,2,4,47.00,65117.56,0.01,0.02,R,F,1992-10-23,1992-08-27,1992-11-21,TAKE BACK RETURN,AIR,ual platelets sleep 
48067-5,48067,974,9,5,5.00,9374.85,0.07,0.03,A,F,1992-07-17,1992-09-11,1992-07-24,TAKE BACK RETURN,SHIP,requests wake slyly? eve
48067-6,48067,1476,16,6,41.00,56476.27,0.04,0.01,R,F,1992-07-10,1992-08-01,1992-08-05,COLLECT COD,RAIL,blithely regul
48067-7,48067,592,53,7,4.00,5970.36,0.00,0.05,A,F,1992-10-17,1992-08-07,1992-10-22,NONE,FOB,"sts-- unusual, special theodolites "
48068-1,48068,1502,83,1,2.00,2807.00,0.01,0.01,A,F,1993-01-15,1992-12-09,1993-01-30,COLLECT COD,MAIL,pendencies haggle bli
48069-1,48069,347,4,1,3.00,3742.02,0.06,0.04,N,O,1996-08-13,1996-06-20,1996-08-24,COLLECT COD,RAIL,en gifts was furiously after the blithely 
48070-1,48070,1293,5,1,32.00,38217.28,0.08,0.06,N,O,1997-10-17,1997-09-19,1997-11-02,TAKE BACK RETURN,AIR,final requests sleep carefu
48071-1,48071,609,3,1,48.00,72460.80,0.01,0.02,R,F,1995-03-26,1995-05-03,1995-03-29,TAKE BACK RETURN,TRUCK, ideas boost carefully ironic accounts? 
48096-1,48096,776,73,1,43.00,72101.11,0.07,0.03,R,F,1994-07-20,1994-09-07,1994-08-04,COLLECT COD,FOB,l instructions. slyly ironic accounts affix
48096-2,48096,96,22,2,10.00,9960.90,0.00,0.02,A,F,1994-09-01,1994-08-20,1994-09-29,TAKE BACK RETURN,TRUCK,ayers are about the reg
48096-3,48096,1234,9,3,13.00,14757.99,0.04,0.04,R,F,1994-08-19,1994-08-07,1994-08-29,DELIVER IN PERSON,FOB,nticingly final deposits cajole 
48096-4,48096,653,85,4,32.00,49716.80,0.03,0.06,R,F,1994-06-26,1994-07-13,1994-07-11,DELIVER IN PERSON,RAIL,ully until the furiously express r
48096-5,48096,906,41,5,38.00,68662.20,0.08,0.02,R,F,1994-07-07,1994-08-08,1994-07-12,DELIVER IN PERSON,RAIL,al pinto beans. ironic foxes pri
48096-6,48096,807,74,6,35.00,59773.00,0.05,0.03,A,F,1994-08-23,1994-07-16,1994-09-12,TAKE BACK RETURN,TRUCK,the quickly pending platelet
48096-7,48096,1386,87,7,18.00,23172.84,0.00,0.07,R,F,1994-07-30,1994-08-11,1994-08-25,NONE,TRUCK,ackages. blith
48097-1,48097,492,93,1,28.00,38989.72,0.05,0.03,N,O,1997-09-23,1997-11-05,1997-09-28,NONE,SHIP," foxes. bold, silent instructions cajo"
48098-1,48098,504,95,1,37.00,51966.50,0.00,0.02,R,F,1994-09-01,1994-11-10,1994-09-29,DELIVER IN PERSON,FOB,? even dep
48098-2,48098,1779,64,2,45.00,75634.65,0.05,0.00,A,F,1994-12-12,1994-10-18,1994-12-31,TAKE BACK RETURN,FOB,onic accounts cajole carefull
48099-1,48099,866,100,1,31.00,54772.66,0.09,0.07,N,O,1996-08-21,1996-07-01,1996-09-05,COLLECT COD,SHIP,ithely even sheaves 
48100-1,48100,643,6,1,48.00,74094.72,0.10,0.00,N,O,1998-03-16,1998-02-12,1998-03-20,DELIVER IN PERSON,AIR,bold accounts sleep. ironi
48101-1,48101,1600,1,1,15.00,22524.00,0.06,0.02,N,O,1995-10-22,1995-11-03,1995-10-23,COLLECT COD,TRUCK,packages. carefully blithe idea
48101-2,48101,422,23,2,5.00,6612.10,0.06,0.06,N,O,1995-12-11,1995-11-04,1996-01-07,TAKE BACK RETURN,SHIP,counts wake furiously. blithe
48101-3,48101,112,91,3,32.00,32387.52,0.07,0.07,N,O,1995-11-17,1995-11-02,1995-12-13,DELIVER IN PERSON,RAIL, deposits. slyly
48101-4,48101,1558,59,4,1.00,1459.55,0.04,0.07,N,O,1995-10-27,1995-12-10,1995-11-16,TAKE BACK RETURN,FOB, slyly pending th
48101-5,48101,172,51,5,9.00,9649.53,0.10,0.07,N,O,1995-10-28,1995-10-23,1995-11-22,NONE,AIR,"nooze unusual, even ideas. even fox"
48101-6,48101,1106,15,6,49.00,49347.90,0.10,0.07,N,O,1995-09-29,1995-10-17,1995-10-16,TAKE BACK RETURN,RAIL, slyly packages. carefully 
48101-7,48101,541,42,7,19.00,27389.26,0.02,0.05,N,O,1995-12-19,1995-12-08,1995-12-29,DELIVER IN PERSON,MAIL,eposits. deposits after the foxes snooz
48102-1,48102,873,74,1,2.00,3547.74,0.00,0.00,R,F,1992-04-13,1992-03-12,1992-04-26,NONE,SHIP,o beans boost slyly slyly final
48102-2,48102,155,56,2,36.00,37985.40,0.03,0.07,R,F,1992-04-28,1992-03-25,1992-05-27,COLLECT COD,AIR,latelets. fluffily special re
48103-1,48103,570,71,1,18.00,26470.26,0.03,0.07,N,O,1996-10-04,1996-10-05,1996-10-28,DELIVER IN PERSON,MAIL,te quickly among th
48103-2,48103,693,87,2,34.00,54185.46,0.09,0.04,N,O,1996-07-23,1996-09-19,1996-07-24,TAKE BACK RETURN,RAIL,uriously special requests cajole quietl
48103-3,48103,1118,27,3,14.00,14267.54,0.00,0.08,N,O,1996-07-20,1996-09-07,1996-08-10,COLLECT COD,TRUCK,ctions. carefu
48103-4,48103,896,30,4,32.00,57500.48,0.10,0.05,N,O,1996-09-08,1996-09-30,1996-10-04,NONE,MAIL,ounts mold. fluffily pending pac
48103-5,48103,820,20,5,19.00,32695.58,0.01,0.05,N,O,1996-08-19,1996-10-06,1996-09-13,NONE,RAIL,gle about t
48103-6,48103,1100,36,6,28.00,28030.80,0.07,0.03,N,O,1996-10-14,1996-09-19,1996-11-09,COLLECT COD,TRUCK,atelets integrate carefully about the fu
48128-1,48128,1013,84,1,24.00,21936.24,0.02,0.04,R,F,1992-04-17,1992-05-20,1992-05-15,NONE,SHIP,ounts. fluffily regul
48128-2,48128,380,81,2,23.00,29448.74,0.08,0.07,A,F,1992-05-25,1992-07-02,1992-06-20,COLLECT COD,RAIL,refully after the ruthle
48128-3,48128,253,81,3,49.00,56509.25,0.03,0.00,A,F,1992-06-15,1992-07-04,1992-06-21,TAKE BACK RETURN,AIR,uests. carefully express pinto bea
48128-4,48128,135,62,4,7.00,7245.91,0.06,0.02,R,F,1992-04-29,1992-05-31,1992-05-04,DELIVER IN PERSON,RAIL, theodolites are sl
48128-5,48128,405,64,5,6.00,7832.40,0.04,0.02,A,F,1992-08-10,1992-06-16,1992-09-05,TAKE BACK RETURN,TRUCK,ven theodolites. b
48128-6,48128,555,56,6,24.00,34933.20,0.05,0.07,A,F,1992-06-25,1992-06-28,1992-06-26,NONE,MAIL,nal requests. close pinto beans boost fluf
48128-7,48128,1566,67,7,17.00,24948.52,0.08,0.08,A,F,1992-04-26,1992-07-01,1992-05-23,COLLECT COD,RAIL,pecial deposits c
48129-1,48129,1543,84,1,15.00,21668.10,0.05,0.06,N,O,1997-12-26,1997-12-13,1998-01-10,NONE,MAIL, the slyly express platelet
48129-2,48129,864,64,2,10.00,17648.60,0.04,0.04,N,O,1997-11-13,1997-12-30,1997-12-03,TAKE BACK RETURN,REG AIR,kages. slyly ironic requ
48130-1,48130,1635,18,1,33.00,50708.79,0.07,0.05,N,O,1997-12-09,1998-01-06,1997-12-27,COLLECT COD,FOB,onic deposits haggle among the blithely re
48130-2,48130,1339,16,2,9.00,11162.97,0.10,0.03,N,O,1998-03-03,1998-01-22,1998-03-12,COLLECT COD,REG AIR,e special tithes. blithely bold packages
48130-3,48130,631,25,3,8.00,12253.04,0.03,0.05,N,O,1997-11-18,1997-12-23,1997-12-05,TAKE BACK RETURN,FOB,into beans cajole slyly even frays. slyly
48130-4,48130,1026,62,4,29.00,26883.58,0.03,0.07,N,O,1998-02-13,1997-12-07,1998-03-12,TAKE BACK RETURN,FOB,gular notorn
48130-5,48130,1497,98,5,50.00,69924.50,0.01,0.03,N,O,1997-12-15,1998-01-13,1998-01-12,COLLECT COD,TRUCK,ress dependencies haggle even pack
48131-1,48131,1172,81,1,35.00,37560.95,0.00,0.05,N,O,1998-06-17,1998-05-11,1998-07-12,DELIVER IN PERSON,RAIL,nd the unusual
48132-1,48132,1356,33,1,38.00,47779.30,0.09,0.05,R,F,1993-04-17,1993-02-13,1993-04-21,NONE,AIR,"uriously regular, permanent deposits. regul"
48132-2,48132,559,90,2,47.00,68598.85,0.07,0.00,R,F,1993-02-21,1993-02-01,1993-03-14,NONE,MAIL,its cajole quickly fur
48132-3,48132,1247,48,3,35.00,40188.40,0.04,0.01,R,F,1993-01-05,1993-01-31,1993-01-08,TAKE BACK RETURN,SHIP,xpress accounts. c
48133-1,48133,1335,74,1,8.00,9890.64,0.08,0.04,N,O,1996-02-27,1996-02-10,1996-03-24,TAKE BACK RETURN,SHIP,. even accounts are about t
48133-2,48133,1202,14,2,38.00,41921.60,0.06,0.04,N,O,1995-12-18,1996-01-18,1996-01-14,TAKE BACK RETURN,AIR,ve the account
48133-3,48133,1637,38,3,15.00,23079.45,0.03,0.06,N,O,1996-02-12,1996-02-20,1996-02-16,TAKE BACK RETURN,SHIP,sleep furiously carefully ironic packages.
48134-1,48134,1646,29,1,25.00,38691.00,0.09,0.02,R,F,1993-04-30,1993-04-14,1993-05-20,COLLECT COD,MAIL, deposits are careful
48134-2,48134,904,7,2,49.00,88440.10,0.02,0.04,R,F,1993-03-18,1993-05-30,1993-04-03,TAKE BACK RETURN,MAIL,bove the st
48135-1,48135,1527,68,1,39.00,55712.28,0.00,0.07,R,F,1994-06-10,1994-07-16,1994-06-24,COLLECT COD,REG AIR,refully ironic requests. regular i
48135-2,48135,1311,26,2,36.00,43643.16,0.05,0.03,A,F,1994-05-11,1994-06-09,1994-05-21,DELIVER IN PERSON,TRUCK,e deposits wake quickly pack
48135-3,48135,1215,27,3,23.00,25672.83,0.00,0.06,R,F,1994-07-17,1994-05-26,1994-07-19,TAKE BACK RETURN,SHIP, furiously special dependenc
48135-4,48135,500,88,4,31.00,43415.50,0.05,0.06,A,F,1994-04-22,1994-05-25,1994-05-16,COLLECT COD,SHIP,l theodolites cajole across the regul
48135-5,48135,113,92,5,14.00,14183.54,0.07,0.03,R,F,1994-07-14,1994-06-03,1994-07-17,COLLECT COD,AIR, deposits. special requests cajole carefu
48135-6,48135,1129,38,6,38.00,39144.56,0.02,0.04,R,F,1994-06-23,1994-06-16,1994-07-21,DELIVER IN PERSON,MAIL,counts aff
48135-7,48135,808,42,7,48.00,82022.40,0.07,0.02,R,F,1994-07-08,1994-07-08,1994-07-30,TAKE BACK RETURN,FOB,e furiously ruthless
48160-1,48160,381,82,1,33.00,42285.54,0.09,0.08,N,O,1996-04-21,1996-03-19,1996-05-04,COLLECT COD,TRUCK,p furiously. slyl
48160-2,48160,194,73,2,4.00,4376.76,0.07,0.01,N,O,1996-02-19,1996-03-27,1996-03-18,DELIVER IN PERSON,MAIL,ly unusual inst
48160-3,48160,1012,48,3,5.00,4565.05,0.04,0.05,N,O,1996-05-21,1996-04-06,1996-06-20,DELIVER IN PERSON,FOB,ymptotes haggle blithely a
48160-4,48160,944,13,4,26.00,47968.44,0.00,0.04,N,O,1996-03-12,1996-04-11,1996-04-06,TAKE BACK RETURN,AIR,n packages sleep furiously at the blithely 
48160-5,48160,756,53,5,10.00,16567.50,0.08,0.08,N,O,1996-05-04,1996-03-22,1996-05-23,NONE,SHIP,arefully: furiousl
48161-1,48161,400,85,1,46.00,59818.40,0.06,0.02,N,O,1995-08-07,1995-07-08,1995-08-22,COLLECT COD,TRUCK,the slyly regular r
48161-2,48161,1383,22,2,26.00,33393.88,0.06,0.00,N,O,1995-08-28,1995-08-02,1995-09-10,TAKE BACK RETURN,SHIP,"kages cajole. even, regular "
48161-3,48161,1698,22,3,48.00,76785.12,0.06,0.08,N,F,1995-06-10,1995-06-28,1995-06-25,COLLECT COD,MAIL,ests print carefully. slyly even p
48161-4,48161,1861,62,4,11.00,19391.46,0.02,0.05,N,O,1995-09-17,1995-07-09,1995-09-26,DELIVER IN PERSON,RAIL,lithely pending ideas cajole re
48161-5,48161,427,57,5,14.00,18583.88,0.08,0.01,N,O,1995-08-17,1995-07-18,1995-09-05,DELIVER IN PERSON,FOB,"es. bold, special d"
48161-6,48161,614,77,6,17.00,25748.37,0.05,0.04,N,O,1995-07-10,1995-07-24,1995-07-20,NONE,AIR,"s cajole. ironic, pending pinto beans dete"
48161-7,48161,1520,61,7,37.00,52596.24,0.02,0.05,N,O,1995-09-16,1995-08-19,1995-10-11,COLLECT COD,SHIP,yly special deposit
48162-1,48162,1277,89,1,17.00,20030.59,0.01,0.03,N,O,1996-06-06,1996-04-28,1996-06-09,DELIVER IN PERSON,MAIL,bold instructions wake even braids.
48162-2,48162,1727,12,2,47.00,76549.84,0.07,0.01,N,O,1996-05-11,1996-04-22,1996-05-28,NONE,RAIL,eep furiously. quickly reg
48162-3,48162,1964,53,3,19.00,35453.24,0.06,0.03,N,O,1996-04-13,1996-04-28,1996-05-04,DELIVER IN PERSON,AIR,fily regular pinto beans use entici
48162-4,48162,1077,13,4,8.00,7824.56,0.08,0.01,N,O,1996-07-07,1996-04-25,1996-07-17,NONE,RAIL, notornis. war
48162-5,48162,1824,68,5,17.00,29338.94,0.03,0.04,N,O,1996-04-23,1996-04-28,1996-05-08,NONE,AIR,ions along the blithe
48163-1,48163,1803,90,1,34.00,57963.20,0.05,0.00,N,O,1997-06-11,1997-03-29,1997-07-11,TAKE BACK RETURN,TRUCK,fts. furiously 
48163-2,48163,1107,44,2,23.00,23186.30,0.00,0.05,N,O,1997-04-19,1997-05-10,1997-05-10,TAKE BACK RETURN,REG AIR,ideas are slyly exp
48163-3,48163,125,26,3,12.00,12301.44,0.05,0.05,N,O,1997-03-14,1997-05-07,1997-04-06,NONE,REG AIR,inos sleep a
48163-4,48163,723,24,4,36.00,58453.92,0.07,0.04,N,O,1997-04-01,1997-03-28,1997-05-01,TAKE BACK RETURN,MAIL,efully fluffily even fox
48164-1,48164,132,85,1,33.00,34060.29,0.08,0.02,N,O,1995-12-13,1995-12-23,1995-12-14,COLLECT COD,AIR, theodolites wake. quickly even
48165-1,48165,1462,63,1,11.00,14998.06,0.01,0.03,R,F,1993-11-09,1994-01-15,1993-11-18,DELIVER IN PERSON,REG AIR,"fily after the deposits. regular, final"
48165-2,48165,62,38,2,13.00,12506.78,0.10,0.00,R,F,1993-11-21,1994-01-27,1993-12-08,TAKE BACK RETURN,MAIL,ts affix furiously. ironic theodolites slee
48166-1,48166,132,85,1,36.00,37156.68,0.03,0.05,N,O,1996-10-28,1996-09-09,1996-11-27,COLLECT COD,RAIL,kages. furiously ironic deposi
48166-2,48166,1689,90,2,48.00,76352.64,0.07,0.03,N,O,1996-09-28,1996-10-14,1996-10-15,NONE,MAIL, requests. carefully regular accounts after
48167-1,48167,250,32,1,2.00,2300.50,0.09,0.04,A,F,1994-10-14,1994-10-30,1994-10-24,COLLECT COD,SHIP,ly. quickly special reques
48167-2,48167,1059,65,2,17.00,16320.85,0.07,0.01,R,F,1994-09-25,1994-10-28,1994-10-15,COLLECT COD,TRUCK,ously. even realms according to the c
48167-3,48167,692,55,3,36.00,57336.84,0.10,0.08,A,F,1994-10-23,1994-11-08,1994-11-19,COLLECT COD,REG AIR,st request
48167-4,48167,31,32,4,8.00,7448.24,0.10,0.04,A,F,1994-11-19,1994-11-14,1994-12-05,NONE,AIR, about the furiou
48167-5,48167,1305,6,5,9.00,10856.70,0.05,0.06,A,F,1994-09-15,1994-11-29,1994-10-04,COLLECT COD,AIR, final excuses. c
48167-6,48167,493,81,6,4.00,5573.96,0.07,0.02,R,F,1994-10-31,1994-10-27,1994-11-07,NONE,FOB,s haggle blithely. carefull
48192-1,48192,811,11,1,34.00,58201.54,0.08,0.06,A,F,1995-03-16,1995-02-02,1995-03-31,COLLECT COD,MAIL,g the express dependencies. furiousl
48192-2,48192,655,49,2,26.00,40446.90,0.02,0.05,A,F,1995-03-12,1995-01-16,1995-03-13,COLLECT COD,MAIL,onic platelets nag fu
48192-3,48192,1145,18,3,25.00,26153.50,0.01,0.07,R,F,1994-12-20,1995-02-26,1995-01-12,NONE,FOB,its boost quickly beneath the sly
48192-4,48192,1477,78,4,19.00,26190.93,0.10,0.02,R,F,1994-12-20,1995-01-21,1995-01-19,TAKE BACK RETURN,TRUCK,l theodolites after the care
48192-5,48192,1582,23,5,18.00,26704.44,0.08,0.08,R,F,1995-03-06,1995-02-08,1995-03-13,DELIVER IN PERSON,SHIP,unts are blithe foxes; idly final accoun
48193-1,48193,1502,43,1,36.00,50526.00,0.02,0.01,N,O,1996-10-17,1996-10-28,1996-11-15,NONE,FOB,ests. slyly
48193-2,48193,1111,84,2,9.00,9108.99,0.03,0.03,N,O,1996-09-05,1996-10-13,1996-09-20,DELIVER IN PERSON,FOB,inal instructions caj
48193-3,48193,171,72,3,22.00,23565.74,0.07,0.03,N,O,1996-08-30,1996-11-06,1996-09-16,DELIVER IN PERSON,RAIL,phins. quickly final requests use. reg
48194-1,48194,917,20,1,46.00,83623.86,0.05,0.00,N,O,1997-12-27,1997-11-28,1998-01-13,COLLECT COD,FOB,e carefully pending ideas. ironic pac
48194-2,48194,1244,45,2,23.00,26340.52,0.06,0.06,N,O,1998-01-01,1997-11-24,1998-01-11,DELIVER IN PERSON,AIR,. quickly final dep
48194-3,48194,552,53,3,14.00,20335.70,0.06,0.02,N,O,1998-01-26,1997-11-17,1998-02-07,DELIVER IN PERSON,SHIP,hes. slow deposits sleep 
48195-1,48195,1483,62,1,39.00,53994.72,0.10,0.03,R,F,1993-12-31,1994-01-30,1994-01-29,COLLECT COD,SHIP,e blithely even accounts. 
48195-2,48195,266,48,2,6.00,6997.56,0.09,0.00,A,F,1993-12-01,1994-01-21,1993-12-02,COLLECT COD,SHIP,ding pinto beans boost furiously fluf
48195-3,48195,467,26,3,47.00,64270.62,0.00,0.04,A,F,1994-01-10,1994-01-21,1994-02-03,TAKE BACK RETURN,SHIP,"eas; final, "
48195-4,48195,1428,68,4,23.00,30576.66,0.01,0.05,A,F,1994-02-15,1994-01-28,1994-03-13,COLLECT COD,MAIL,"al, special excuses believe furiously af"
48195-5,48195,515,6,5,29.00,41049.79,0.08,0.04,A,F,1994-01-16,1994-02-12,1994-01-23,TAKE BACK RETURN,TRUCK, deposits cajole slyly according
48196-1,48196,898,65,1,29.00,52167.81,0.00,0.02,N,O,1998-05-11,1998-03-22,1998-06-04,COLLECT COD,FOB,wake accounts
48196-2,48196,142,43,2,8.00,8337.12,0.08,0.02,N,O,1998-04-04,1998-03-10,1998-04-15,NONE,MAIL,y pending accounts wake quickly 
48196-3,48196,494,24,3,19.00,26495.31,0.03,0.06,N,O,1998-02-26,1998-04-09,1998-03-08,TAKE BACK RETURN,FOB,refully pending requests cajo
48196-4,48196,405,35,4,13.00,16970.20,0.00,0.07,N,O,1998-03-18,1998-03-16,1998-03-25,NONE,AIR,"nal, pendin"
48196-5,48196,1315,92,5,29.00,35272.99,0.06,0.03,N,O,1998-01-19,1998-03-11,1998-01-27,DELIVER IN PERSON,MAIL,eposits according to the
48197-1,48197,1849,79,1,40.00,70033.60,0.05,0.02,R,F,1992-05-08,1992-07-15,1992-05-09,TAKE BACK RETURN,REG AIR,the slyly regular notornis. bold 
48197-2,48197,1670,53,2,11.00,17288.37,0.05,0.05,A,F,1992-06-14,1992-07-30,1992-07-03,TAKE BACK RETURN,FOB,ructions alongside o
48197-3,48197,154,81,3,28.00,29516.20,0.00,0.05,R,F,1992-07-19,1992-07-06,1992-07-22,TAKE BACK RETURN,SHIP,ackages. furiously bold foxes sleep
48197-4,48197,58,34,4,8.00,7664.40,0.04,0.01,A,F,1992-07-30,1992-07-14,1992-08-02,COLLECT COD,MAIL,ly blithely even ideas. quickly silen
48197-5,48197,1333,34,5,15.00,18514.95,0.06,0.03,A,F,1992-07-31,1992-07-17,1992-08-10,COLLECT COD,REG AIR,long the pinto beans. slyly permanen
48197-6,48197,465,66,6,31.00,42329.26,0.04,0.00,A,F,1992-07-27,1992-07-19,1992-07-30,DELIVER IN PERSON,REG AIR, nag quickly final packages
48197-7,48197,1133,34,7,4.00,4136.52,0.04,0.06,A,F,1992-06-11,1992-06-30,1992-07-10,COLLECT COD,TRUCK,ly behind the final req
48198-1,48198,397,26,1,37.00,48003.43,0.06,0.02,R,F,1995-01-27,1995-02-13,1995-02-18,DELIVER IN PERSON,MAIL,ing deposi
48198-2,48198,253,81,2,6.00,6919.50,0.04,0.07,A,F,1995-01-29,1995-01-05,1995-02-27,NONE,FOB,"ronic, ironic"
48198-3,48198,741,42,3,31.00,50893.94,0.08,0.04,R,F,1995-03-08,1995-01-15,1995-03-20,NONE,MAIL, accounts. slyly si
48198-4,48198,1262,100,4,8.00,9306.08,0.07,0.02,R,F,1994-12-28,1995-02-15,1995-01-15,TAKE BACK RETURN,AIR,s. carefull
48198-5,48198,1736,79,5,17.00,27841.41,0.04,0.07,R,F,1995-02-12,1995-01-12,1995-03-08,TAKE BACK RETURN,AIR,thely blithely close requests. pa
48199-1,48199,1795,80,1,49.00,83142.71,0.01,0.00,R,F,1994-05-02,1994-04-04,1994-05-05,NONE,REG AIR,about the blithely unu
48199-2,48199,1792,19,2,24.00,40650.96,0.05,0.07,R,F,1994-02-17,1994-04-06,1994-03-14,TAKE BACK RETURN,RAIL,efully bold excuses at
48199-3,48199,1480,81,3,37.00,51114.76,0.02,0.01,R,F,1994-02-17,1994-03-12,1994-03-08,DELIVER IN PERSON,FOB,. pending pinto beans haggl
48199-4,48199,663,64,4,33.00,51600.78,0.03,0.05,A,F,1994-03-09,1994-03-26,1994-03-26,NONE,REG AIR,ly ironic pinto beans. ideas among the 
48199-5,48199,660,92,5,31.00,48380.46,0.06,0.04,R,F,1994-01-31,1994-02-23,1994-02-15,TAKE BACK RETURN,RAIL, beans. slyly final accounts cajo
48199-6,48199,998,33,6,48.00,91151.52,0.03,0.05,A,F,1994-03-25,1994-03-10,1994-04-16,TAKE BACK RETURN,MAIL,instructions impress blithely fl
48224-1,48224,748,81,1,23.00,37921.02,0.07,0.01,A,F,1993-11-06,1993-09-23,1993-12-05,TAKE BACK RETURN,FOB,g instructions 
48224-2,48224,1269,7,2,36.00,42129.36,0.06,0.01,A,F,1993-09-23,1993-09-22,1993-10-11,COLLECT COD,MAIL,sly. slyly bold accounts wake fluffily ab
48224-3,48224,1402,20,3,39.00,50832.60,0.01,0.06,A,F,1993-10-06,1993-08-23,1993-10-11,DELIVER IN PERSON,TRUCK, deposits: slyly pending excuses 
48224-4,48224,833,34,4,10.00,17338.30,0.02,0.00,R,F,1993-07-26,1993-09-17,1993-08-15,TAKE BACK RETURN,AIR,egular asymptotes. quickly regular acc
48224-5,48224,1573,54,5,23.00,33915.11,0.04,0.04,A,F,1993-10-26,1993-09-07,1993-11-09,NONE,AIR,quickly special package
48225-1,48225,1041,42,1,11.00,10362.44,0.05,0.06,N,O,1996-02-09,1996-03-28,1996-03-07,TAKE BACK RETURN,SHIP,"s against the ironic, regular ideas nag d"
48225-2,48225,1783,10,2,2.00,3369.56,0.01,0.08,N,O,1996-05-04,1996-04-21,1996-05-23,COLLECT COD,FOB,affix about the carefully quiet pl
48225-3,48225,1165,74,3,12.00,12793.92,0.02,0.01,N,O,1996-02-17,1996-04-22,1996-02-20,NONE,TRUCK,y even pinto beans are accord
48225-4,48225,110,89,4,39.00,39394.29,0.00,0.06,N,O,1996-05-06,1996-03-21,1996-05-22,COLLECT COD,REG AIR,odolites are. regular pi
48225-5,48225,511,2,5,26.00,36699.26,0.04,0.02,N,O,1996-05-20,1996-04-30,1996-06-11,COLLECT COD,FOB,arefully slow packages after th
48225-6,48225,379,36,6,9.00,11514.33,0.08,0.06,N,O,1996-04-11,1996-03-18,1996-05-09,DELIVER IN PERSON,FOB, sleep carefully. quickly unusual fox
48225-7,48225,287,42,7,21.00,24932.88,0.07,0.08,N,O,1996-04-11,1996-03-15,1996-05-07,COLLECT COD,AIR,hs. special ide
48226-1,48226,1428,29,1,1.00,1329.42,0.06,0.07,R,F,1994-01-31,1994-02-15,1994-02-25,DELIVER IN PERSON,REG AIR,he quickly ironic deposits. regular accoun
48226-2,48226,972,7,2,48.00,89902.56,0.08,0.08,A,F,1994-02-04,1994-03-14,1994-02-12,NONE,TRUCK,ly unusual pint
48226-3,48226,131,10,3,39.00,40214.07,0.10,0.08,A,F,1994-02-26,1994-02-25,1994-03-16,TAKE BACK RETURN,AIR,"cial, regular accounts. bol"
48226-4,48226,55,56,4,16.00,15280.80,0.06,0.01,A,F,1994-04-25,1994-02-10,1994-05-06,DELIVER IN PERSON,MAIL,ecial platele
48226-5,48226,1678,61,5,27.00,42651.09,0.04,0.01,A,F,1994-01-16,1994-03-01,1994-01-30,DELIVER IN PERSON,REG AIR, regular co
48226-6,48226,1771,72,6,44.00,73601.88,0.04,0.02,A,F,1994-01-30,1994-02-24,1994-03-01,NONE,SHIP,even packages are careful
48226-7,48226,1932,77,7,30.00,55017.90,0.07,0.06,R,F,1994-01-24,1994-03-18,1994-02-01,DELIVER IN PERSON,REG AIR,cajole against the furiously pending 
48227-1,48227,1677,60,1,40.00,63146.80,0.03,0.03,N,O,1998-10-18,1998-08-19,1998-11-12,NONE,AIR,ecial accounts. daringly silent T
48227-2,48227,1981,26,2,18.00,33893.64,0.02,0.02,N,O,1998-11-08,1998-08-13,1998-11-27,TAKE BACK RETURN,REG AIR,ously. pending foxes c
48227-3,48227,1770,55,3,12.00,20061.24,0.08,0.05,N,O,1998-08-12,1998-09-01,1998-08-14,TAKE BACK RETURN,SHIP,accounts after the regular warthogs
48227-4,48227,1154,91,4,47.00,49592.05,0.03,0.01,N,O,1998-11-09,1998-08-24,1998-12-02,DELIVER IN PERSON,FOB,boost quickly special 
48227-5,48227,1074,10,5,18.00,17551.26,0.03,0.02,N,O,1998-10-06,1998-10-06,1998-10-29,COLLECT COD,SHIP,e carefull
48227-6,48227,1955,100,6,47.00,87276.65,0.10,0.04,N,O,1998-09-04,1998-09-29,1998-09-07,NONE,AIR,uests wake instructions? r
48228-1,48228,784,17,1,19.00,32010.82,0.02,0.03,N,O,1995-06-26,1995-08-04,1995-07-01,COLLECT COD,MAIL,ccording to the furiously regular
48228-2,48228,1233,8,2,7.00,7939.61,0.01,0.04,N,O,1995-09-24,1995-07-12,1995-10-23,DELIVER IN PERSON,FOB,posits boost slyly after the even ideas.
48228-3,48228,884,84,3,29.00,51761.52,0.07,0.05,N,O,1995-08-23,1995-08-30,1995-09-10,DELIVER IN PERSON,AIR,c requests. ironic accounts sleep. blit
48229-1,48229,1202,77,1,49.00,54056.80,0.08,0.04,N,O,1998-01-27,1998-02-08,1998-02-01,COLLECT COD,RAIL, accounts. pending deposits cajole furiou
48229-2,48229,1024,25,2,37.00,34225.74,0.07,0.06,N,O,1998-03-31,1998-02-22,1998-04-12,NONE,MAIL,ackages cajole. fin
48229-3,48229,756,53,3,36.00,59643.00,0.00,0.04,N,O,1998-02-01,1998-03-10,1998-02-21,NONE,FOB,hins sleep furi
48229-4,48229,1860,90,4,46.00,81045.56,0.07,0.02,N,O,1998-01-10,1998-03-21,1998-02-01,COLLECT COD,MAIL,riously pending deposits. 
48229-5,48229,146,47,5,25.00,26153.50,0.02,0.02,N,O,1998-02-26,1998-02-12,1998-03-07,NONE,SHIP,"platelets. close, ironic requests i"
48229-6,48229,706,71,6,26.00,41774.20,0.09,0.04,N,O,1998-04-04,1998-02-17,1998-04-10,NONE,REG AIR, theodolites haggle careful
48229-7,48229,923,26,7,44.00,80252.48,0.05,0.07,N,O,1998-03-27,1998-02-20,1998-04-20,TAKE BACK RETURN,REG AIR,o are careful
48230-1,48230,383,40,1,7.00,8983.66,0.03,0.04,A,F,1994-06-21,1994-04-21,1994-06-26,NONE,RAIL,- carefully unusual
48230-2,48230,1747,74,2,41.00,67598.34,0.03,0.05,A,F,1994-06-26,1994-05-13,1994-07-22,NONE,TRUCK,c pinto beans haggle idly. special packages
48230-3,48230,1225,26,3,24.00,27029.28,0.04,0.02,A,F,1994-05-16,1994-04-14,1994-05-22,DELIVER IN PERSON,AIR,pinto beans detect a
48230-4,48230,376,77,4,10.00,12763.70,0.04,0.02,A,F,1994-03-03,1994-04-29,1994-03-21,TAKE BACK RETURN,FOB,wake furiously above the ev
48230-5,48230,917,20,5,33.00,59991.03,0.05,0.03,R,F,1994-03-21,1994-04-23,1994-04-15,COLLECT COD,TRUCK,gular notornis along the packages are dep
48231-1,48231,847,14,1,7.00,12234.88,0.04,0.00,A,F,1992-09-09,1992-11-15,1992-09-13,NONE,TRUCK,quests are furiously blithe
48231-2,48231,1066,37,2,22.00,21275.32,0.02,0.01,R,F,1992-08-31,1992-10-07,1992-09-28,COLLECT COD,RAIL,furiously. carefully final deposits wa
48231-3,48231,1457,97,3,9.00,12226.05,0.09,0.08,A,F,1992-09-14,1992-10-13,1992-09-18,NONE,RAIL,eposits-- blithely
48256-1,48256,1019,55,1,11.00,10120.11,0.06,0.04,R,F,1995-04-12,1995-07-01,1995-04-14,COLLECT COD,AIR,ep furiously. 
48257-1,48257,377,6,1,15.00,19160.55,0.10,0.07,R,F,1994-07-21,1994-06-01,1994-08-08,TAKE BACK RETURN,RAIL,inal epitaphs. 
48257-2,48257,1713,14,2,9.00,14532.39,0.04,0.08,R,F,1994-08-10,1994-07-03,1994-08-30,COLLECT COD,SHIP, blithely even deposits. 
48258-1,48258,1599,40,1,21.00,31512.39,0.08,0.00,N,O,1996-07-18,1996-08-09,1996-08-15,DELIVER IN PERSON,MAIL, asymptotes with the furiously ironic
48258-2,48258,711,12,2,8.00,12893.68,0.10,0.08,N,O,1996-08-24,1996-08-11,1996-09-17,NONE,AIR,he slyly regula
48259-1,48259,1574,75,1,41.00,60498.37,0.04,0.05,A,F,1993-11-21,1993-12-04,1993-11-23,DELIVER IN PERSON,AIR,its nag. fu
48259-2,48259,286,41,2,4.00,4745.12,0.06,0.02,R,F,1993-10-24,1993-11-28,1993-10-30,COLLECT COD,MAIL,s cajole slyly. u
48259-3,48259,563,24,3,35.00,51224.60,0.10,0.05,R,F,1993-10-15,1993-11-16,1993-11-08,TAKE BACK RETURN,AIR,r forges. ca
48259-4,48259,858,92,4,24.00,42212.40,0.04,0.03,A,F,1994-02-11,1993-12-07,1994-02-24,TAKE BACK RETURN,SHIP,press asymptotes use 
48260-1,48260,1279,91,1,18.00,21244.86,0.06,0.08,N,O,1996-12-21,1997-02-28,1997-01-13,TAKE BACK RETURN,FOB,"y final accounts. regular, iro"
48260-2,48260,1714,15,2,33.00,53318.43,0.10,0.06,N,O,1997-04-11,1997-01-13,1997-04-16,COLLECT COD,REG AIR,r packages use. quickly even accounts 
48260-3,48260,1716,17,3,20.00,32354.20,0.04,0.04,N,O,1997-02-02,1997-02-27,1997-02-05,COLLECT COD,RAIL,"ins cajole about the special,"
48260-4,48260,1163,72,4,12.00,12769.92,0.09,0.01,N,O,1997-01-12,1997-03-02,1997-01-26,NONE,TRUCK,"mong the pending, even escapades na"
48260-5,48260,721,54,5,31.00,50273.32,0.01,0.00,N,O,1997-01-09,1997-02-12,1997-01-15,TAKE BACK RETURN,MAIL,s lose against the carefully special depend
48261-1,48261,539,100,1,4.00,5758.12,0.07,0.00,A,F,1995-04-11,1995-05-02,1995-04-22,NONE,MAIL,ccounts. furiously bold package
48261-2,48261,856,57,2,44.00,77301.40,0.06,0.00,A,F,1995-05-04,1995-06-10,1995-06-03,NONE,RAIL,yly regular platelets! f
48261-3,48261,1166,3,3,16.00,17074.56,0.01,0.07,R,F,1995-04-07,1995-04-19,1995-04-28,DELIVER IN PERSON,RAIL,egular deposits. carefully 
48261-4,48261,1240,15,4,1.00,1141.24,0.07,0.01,A,F,1995-04-13,1995-05-11,1995-05-10,DELIVER IN PERSON,RAIL,e blithely ironic instructions sleep fluffi
48262-1,48262,993,94,1,25.00,47349.75,0.10,0.01,N,O,1996-06-06,1996-06-04,1996-06-21,TAKE BACK RETURN,AIR,es sleep along t
48262-2,48262,727,92,2,37.00,60225.64,0.09,0.08,N,O,1996-07-07,1996-06-10,1996-07-23,NONE,AIR,efully reg
48262-3,48262,984,87,3,15.00,28274.70,0.05,0.06,N,O,1996-06-06,1996-05-28,1996-07-04,COLLECT COD,TRUCK, instructions. accounts boo
48263-1,48263,1641,24,1,33.00,50907.12,0.05,0.03,A,F,1993-05-03,1993-04-11,1993-05-21,NONE,SHIP,equests nag 
48263-2,48263,897,97,2,9.00,16181.01,0.08,0.08,R,F,1993-03-14,1993-04-12,1993-04-01,COLLECT COD,MAIL, accounts haggle. quickly pending ideas a
48263-3,48263,225,7,3,11.00,12377.42,0.09,0.04,A,F,1993-06-20,1993-05-12,1993-07-07,COLLECT COD,FOB,efully final pac
48263-4,48263,291,46,4,50.00,59564.50,0.00,0.00,A,F,1993-04-18,1993-06-05,1993-05-16,DELIVER IN PERSON,RAIL,eep slyly. blit
48263-5,48263,689,21,5,29.00,46100.72,0.02,0.08,R,F,1993-04-05,1993-05-25,1993-04-24,TAKE BACK RETURN,FOB,iously silent pearls h
48288-1,48288,522,23,1,4.00,5690.08,0.10,0.07,N,O,1995-11-18,1995-10-20,1995-11-20,TAKE BACK RETURN,REG AIR,osits will hav
48288-2,48288,263,91,2,5.00,5816.30,0.04,0.00,N,O,1995-11-21,1995-09-25,1995-12-14,COLLECT COD,MAIL,"ainst the ironic, ironic a"
48289-1,48289,1310,49,1,47.00,56931.57,0.10,0.02,N,O,1997-08-28,1997-09-08,1997-08-29,NONE,MAIL,d ideas nag furiously bold idea
48289-2,48289,1492,93,2,25.00,34837.25,0.01,0.04,N,O,1997-07-08,1997-07-30,1997-07-20,TAKE BACK RETURN,AIR,ctions haggle. furiously regu
48289-3,48289,304,61,3,38.00,45763.40,0.03,0.04,N,O,1997-07-12,1997-07-11,1997-07-31,TAKE BACK RETURN,MAIL,e furiously daring th
48289-4,48289,145,72,4,3.00,3135.42,0.08,0.06,N,O,1997-06-23,1997-07-13,1997-07-17,TAKE BACK RETURN,FOB,e depths. blithely ironic decoys
48289-5,48289,1409,27,5,34.00,44553.60,0.02,0.07,N,O,1997-10-06,1997-07-19,1997-11-02,DELIVER IN PERSON,AIR,sits impress fluffily unusual gifts
48289-6,48289,991,92,6,42.00,79463.58,0.02,0.01,N,O,1997-09-12,1997-08-01,1997-09-24,DELIVER IN PERSON,REG AIR,"regular, pending dependenc"
48290-1,48290,1030,36,1,17.00,15827.51,0.10,0.03,N,O,1998-02-08,1998-01-23,1998-02-11,COLLECT COD,MAIL,ccounts. stealt
48290-2,48290,1778,79,2,43.00,72230.11,0.02,0.05,N,O,1998-01-08,1998-01-11,1998-01-23,COLLECT COD,TRUCK,uriously acr
48290-3,48290,881,48,3,4.00,7127.52,0.07,0.07,N,O,1997-12-23,1998-01-20,1998-01-04,TAKE BACK RETURN,AIR, carefully fluffily silent ideas; slyly 
48290-4,48290,1092,98,4,9.00,8937.81,0.03,0.02,N,O,1998-03-01,1998-01-17,1998-03-09,NONE,REG AIR,es detect. silently regular platelets use 
48290-5,48290,1488,67,5,2.00,2778.96,0.02,0.04,N,O,1998-01-16,1998-01-06,1998-02-14,COLLECT COD,RAIL,requests cajole carefully even packages. f
48290-6,48290,1156,57,6,35.00,37000.25,0.07,0.08,N,O,1997-12-04,1998-02-04,1997-12-08,DELIVER IN PERSON,TRUCK, packages. busily ironic pac
48290-7,48290,1244,45,7,24.00,27485.76,0.02,0.07,N,O,1998-02-27,1998-01-30,1998-03-18,NONE,FOB," packages haggle carefully silent, "
48291-1,48291,1504,5,1,24.00,33732.00,0.09,0.07,N,O,1996-12-25,1996-12-19,1996-12-26,DELIVER IN PERSON,MAIL, carefully special 
48292-1,48292,1915,60,1,43.00,78127.13,0.05,0.03,N,O,1998-06-18,1998-07-17,1998-07-10,TAKE BACK RETURN,FOB,eas nag slyly eve
48292-2,48292,1585,26,2,2.00,2973.16,0.10,0.00,N,O,1998-08-10,1998-06-11,1998-09-04,COLLECT COD,REG AIR,thely besi
48293-1,48293,885,52,1,26.00,46432.88,0.05,0.06,A,F,1992-06-24,1992-05-19,1992-07-23,COLLECT COD,FOB,ons. even deposits s
48293-2,48293,367,24,2,19.00,24079.84,0.04,0.06,A,F,1992-07-17,1992-06-13,1992-07-20,NONE,FOB,y about the special decoys. fi
48293-3,48293,1206,44,3,9.00,9964.80,0.07,0.06,R,F,1992-07-10,1992-05-20,1992-07-13,NONE,TRUCK,"uffily after the even, pending dependen"
48294-1,48294,1227,28,1,7.00,7897.54,0.09,0.02,R,F,1993-09-12,1993-08-06,1993-10-02,COLLECT COD,AIR,the carefully f
48294-2,48294,1172,45,2,27.00,28975.59,0.07,0.04,R,F,1993-07-15,1993-08-15,1993-07-25,NONE,TRUCK,egular requests hag
48295-1,48295,1897,27,1,28.00,50368.92,0.00,0.07,R,F,1995-03-13,1995-01-27,1995-04-12,NONE,FOB,e closely special excuses haggle careful
48295-2,48295,602,65,2,17.00,25544.20,0.10,0.04,R,F,1994-12-20,1995-01-19,1994-12-31,DELIVER IN PERSON,FOB,t above the r
48295-3,48295,498,28,3,15.00,20977.35,0.05,0.04,A,F,1995-02-14,1995-01-05,1995-02-19,COLLECT COD,REG AIR,ironic ideas haggle f
48320-1,48320,23,49,1,48.00,44304.96,0.09,0.02,N,O,1995-12-23,1995-12-17,1996-01-20,NONE,SHIP,"inal, final ideas. slyly "
48320-2,48320,566,27,2,42.00,61595.52,0.03,0.04,N,O,1996-02-12,1995-12-27,1996-02-19,COLLECT COD,AIR,", regular foxes are among the excuses. iron"
48320-3,48320,1406,24,3,9.00,11766.60,0.05,0.00,N,O,1996-01-25,1996-01-15,1996-02-11,DELIVER IN PERSON,AIR,s wake furiously final deposits? 
48320-4,48320,604,36,4,25.00,37615.00,0.02,0.02,N,O,1995-11-30,1996-01-13,1995-12-05,TAKE BACK RETURN,FOB,ar pinto beans sleep quickly. final theod
48321-1,48321,1176,77,1,13.00,14003.21,0.02,0.06,R,F,1993-11-05,1993-10-12,1993-12-04,TAKE BACK RETURN,FOB,y. blithely bold platelets afte
48321-2,48321,1901,90,2,18.00,32452.20,0.04,0.08,A,F,1993-08-13,1993-09-05,1993-08-31,TAKE BACK RETURN,REG AIR,ross the carefull
48321-3,48321,295,96,3,34.00,40639.86,0.02,0.04,A,F,1993-08-12,1993-10-17,1993-08-21,DELIVER IN PERSON,SHIP,ideas befor
48321-4,48321,311,12,4,14.00,16958.34,0.04,0.01,R,F,1993-08-07,1993-09-25,1993-08-14,TAKE BACK RETURN,SHIP,in quickly. furiously regular deposit
48322-1,48322,1988,21,1,1.00,1889.98,0.03,0.00,A,F,1992-04-07,1992-04-12,1992-04-20,TAKE BACK RETURN,TRUCK,ve the carefully r
48322-2,48322,129,82,2,33.00,33960.96,0.01,0.07,R,F,1992-05-16,1992-05-26,1992-05-26,NONE,MAIL,"ccounts. final, final theodolit"
48323-1,48323,616,48,1,4.00,6066.44,0.01,0.05,A,F,1993-11-05,1994-01-15,1993-11-30,NONE,REG AIR,hely somas. final packages do are slyly abo
48323-2,48323,168,21,2,1.00,1068.16,0.02,0.04,R,F,1993-11-22,1993-12-13,1993-11-26,TAKE BACK RETURN,FOB,ts. quickly regu
48323-3,48323,657,51,3,23.00,35825.95,0.05,0.00,A,F,1994-01-05,1993-12-15,1994-01-13,NONE,MAIL,sleep carefully. s
48323-4,48323,1315,16,4,6.00,7297.86,0.05,0.08,R,F,1994-01-16,1993-12-18,1994-01-22,DELIVER IN PERSON,MAIL,es sublate carefully acco
48324-1,48324,1957,90,1,46.00,85511.70,0.08,0.07,R,F,1993-09-23,1993-07-23,1993-10-21,NONE,AIR,"nt, regular depe"
48324-2,48324,1924,57,2,22.00,40170.24,0.00,0.06,A,F,1993-06-27,1993-07-28,1993-07-26,DELIVER IN PERSON,TRUCK,ar braids. ironically caref
48324-3,48324,1989,22,3,19.00,35928.62,0.07,0.04,A,F,1993-08-20,1993-08-25,1993-09-19,DELIVER IN PERSON,REG AIR,sly express pinto beans ha
48325-1,48325,1735,20,1,15.00,24550.95,0.03,0.08,N,O,1996-03-18,1996-05-09,1996-04-16,DELIVER IN PERSON,FOB,to the slyly regula
48326-1,48326,401,2,1,3.00,3904.20,0.03,0.01,A,F,1992-05-06,1992-04-06,1992-06-03,NONE,RAIL,boost carefully quickly b
48326-2,48326,982,51,2,8.00,15063.84,0.06,0.08,A,F,1992-03-08,1992-03-05,1992-03-10,COLLECT COD,TRUCK, slyly regular accounts. carefully pen
48326-3,48326,1397,12,3,16.00,20774.24,0.10,0.07,R,F,1992-04-23,1992-03-26,1992-05-21,DELIVER IN PERSON,REG AIR,ackages haggle. quickl
48326-4,48326,744,77,4,18.00,29605.32,0.00,0.00,R,F,1992-04-08,1992-03-27,1992-04-23,NONE,TRUCK, packages across 
48327-1,48327,1383,84,1,5.00,6421.90,0.06,0.01,R,F,1994-10-15,1994-09-12,1994-10-23,COLLECT COD,AIR,usly regular deposits boost regular
48327-2,48327,1230,31,2,50.00,56561.50,0.06,0.02,A,F,1994-10-28,1994-11-01,1994-10-30,TAKE BACK RETURN,REG AIR,tructions dazzle blithely. blithely 
48327-3,48327,1899,86,3,5.00,9004.45,0.06,0.00,R,F,1994-08-20,1994-09-11,1994-08-25,COLLECT COD,FOB,icingly silent theodolites u
48327-4,48327,655,87,4,38.00,59114.70,0.00,0.02,R,F,1994-11-14,1994-10-29,1994-12-08,COLLECT COD,REG AIR,lar ideas upon the furiously
48327-5,48327,194,73,5,24.00,26260.56,0.04,0.00,A,F,1994-11-24,1994-09-10,1994-12-21,COLLECT COD,REG AIR,ly. fluffily final deposits cajole af
48327-6,48327,529,90,6,12.00,17154.24,0.05,0.01,A,F,1994-12-07,1994-11-08,1994-12-12,TAKE BACK RETURN,SHIP,eans nag after the furiously even so
48352-1,48352,34,60,1,12.00,11208.36,0.05,0.08,N,O,1997-06-17,1997-06-18,1997-07-08,TAKE BACK RETURN,TRUCK,theodolites haggle pi
48353-1,48353,322,7,1,2.00,2444.64,0.00,0.03,A,F,1993-02-12,1993-02-05,1993-03-11,NONE,MAIL,ic pinto beans
48353-2,48353,1182,55,2,35.00,37911.30,0.08,0.00,R,F,1992-12-30,1993-03-01,1993-01-09,COLLECT COD,AIR, the quickly regular attainm
48353-3,48353,909,44,3,44.00,79635.60,0.01,0.01,A,F,1993-01-12,1993-02-16,1993-02-01,DELIVER IN PERSON,TRUCK,sly special deposits x-ray. qu
48353-4,48353,1493,33,4,20.00,27889.80,0.00,0.05,A,F,1993-03-16,1993-02-03,1993-04-01,TAKE BACK RETURN,AIR,y express dependencies ca
48353-5,48353,140,19,5,47.00,48886.58,0.02,0.01,A,F,1993-01-28,1993-02-10,1993-02-21,TAKE BACK RETURN,TRUCK,tegrate carefully after the fluffil
48354-1,48354,1736,37,1,9.00,14739.57,0.04,0.06,A,F,1995-05-04,1995-06-10,1995-05-22,TAKE BACK RETURN,SHIP,oxes detect care
48355-1,48355,1406,7,1,36.00,47066.40,0.09,0.06,N,O,1995-08-17,1995-10-09,1995-08-21,TAKE BACK RETURN,AIR,press deposits. slyly ironic o
48355-2,48355,1614,15,2,5.00,7578.05,0.09,0.05,N,O,1995-12-07,1995-09-20,1995-12-31,COLLECT COD,REG AIR,doze quickly after the 
48355-3,48355,1187,24,3,11.00,11969.98,0.00,0.01,N,O,1995-11-10,1995-10-07,1995-11-23,NONE,MAIL, packages run
48355-4,48355,1374,13,4,43.00,54840.91,0.05,0.05,N,O,1995-09-14,1995-10-04,1995-10-06,DELIVER IN PERSON,REG AIR,ar instructions wake. 
48355-5,48355,1724,25,5,8.00,13005.76,0.07,0.00,N,O,1995-11-02,1995-10-27,1995-11-09,DELIVER IN PERSON,TRUCK,ly ironic requests alongside of the flu
48355-6,48355,1174,83,6,6.00,6451.02,0.04,0.03,N,O,1995-09-21,1995-11-07,1995-09-25,NONE,MAIL,"oxes wake against the regular, r"
48355-7,48355,1361,100,7,20.00,25247.20,0.07,0.07,N,O,1995-12-13,1995-10-28,1995-12-16,TAKE BACK RETURN,REG AIR,the final instructions. slyly even ex
48356-1,48356,1934,79,1,33.00,60585.69,0.06,0.06,N,O,1997-05-02,1997-06-27,1997-05-06,DELIVER IN PERSON,REG AIR,nder quickly al
48356-2,48356,981,84,2,31.00,58341.38,0.02,0.06,N,O,1997-06-25,1997-06-16,1997-07-24,TAKE BACK RETURN,REG AIR, even requests. ironi
48356-3,48356,1955,88,3,35.00,64993.25,0.08,0.02,N,O,1997-06-03,1997-06-30,1997-06-30,DELIVER IN PERSON,FOB,ackages. pendi
48356-4,48356,1915,48,4,23.00,41788.93,0.05,0.05,N,O,1997-05-30,1997-06-09,1997-06-14,DELIVER IN PERSON,MAIL,"cally ideas. bold, bold escapades wake "
48356-5,48356,917,20,5,4.00,7271.64,0.03,0.04,N,O,1997-06-11,1997-06-25,1997-07-03,COLLECT COD,FOB,inal requests. requests hagg
48356-6,48356,390,47,6,9.00,11613.51,0.03,0.04,N,O,1997-05-13,1997-06-23,1997-06-09,COLLECT COD,AIR,e sentiments integrate slyly sometimes iro
48357-1,48357,1226,1,1,12.00,13526.64,0.03,0.08,A,F,1994-04-16,1994-05-18,1994-05-16,NONE,TRUCK,ideas use furiously.
48357-2,48357,522,83,2,4.00,5690.08,0.06,0.06,A,F,1994-06-07,1994-06-13,1994-06-26,COLLECT COD,RAIL,al requests nag pending pinto
48357-3,48357,607,8,3,30.00,45228.00,0.08,0.07,R,F,1994-07-03,1994-05-11,1994-07-07,TAKE BACK RETURN,RAIL,resias are along the fluffily regu
48357-4,48357,10,86,4,41.00,37310.41,0.02,0.01,R,F,1994-07-21,1994-05-26,1994-07-30,NONE,AIR,xcuses after the fu
48357-5,48357,1401,80,5,37.00,48188.80,0.04,0.07,A,F,1994-04-21,1994-06-07,1994-04-25,NONE,FOB,"ructions cajole. express, "
48357-6,48357,1102,3,6,18.00,18055.80,0.02,0.01,A,F,1994-05-18,1994-04-29,1994-06-12,TAKE BACK RETURN,FOB,ly across the ironi
48358-1,48358,1325,26,1,28.00,34336.96,0.01,0.04,N,O,1997-09-07,1997-09-29,1997-09-12,COLLECT COD,AIR,ainst the final deposits engage along the 
48358-2,48358,910,13,2,32.00,57949.12,0.10,0.00,N,O,1997-09-09,1997-11-08,1997-09-24,TAKE BACK RETURN,SHIP, regular ideas about the carefully bold dep
48359-1,48359,635,98,1,25.00,38390.75,0.07,0.03,N,O,1998-03-04,1998-01-14,1998-03-24,TAKE BACK RETURN,SHIP,iously express deposits. 
48359-2,48359,1407,47,2,40.00,52336.00,0.02,0.04,N,O,1998-02-04,1998-02-08,1998-02-13,DELIVER IN PERSON,TRUCK,ckly brave sheaves m
48359-3,48359,1957,46,3,31.00,57627.45,0.09,0.08,N,O,1998-02-24,1998-02-01,1998-03-07,NONE,FOB,ironic theodolites. slyly spec
48359-4,48359,307,8,4,15.00,18109.50,0.00,0.01,N,O,1997-12-21,1998-01-29,1997-12-29,COLLECT COD,RAIL,tead of the thin requests 
48384-1,48384,222,50,1,44.00,49377.68,0.09,0.00,R,F,1994-10-02,1994-10-06,1994-10-28,COLLECT COD,RAIL, requests wake fluffily blit
48384-2,48384,629,23,2,26.00,39770.12,0.00,0.06,R,F,1994-09-12,1994-10-08,1994-10-08,NONE,TRUCK,ges sleep deposits. furious
48384-3,48384,609,10,3,11.00,16605.60,0.10,0.00,R,F,1994-09-10,1994-09-23,1994-10-07,DELIVER IN PERSON,MAIL,"l, bold foxes lose carefully along the s"
48385-1,48385,1676,77,1,46.00,72572.82,0.00,0.03,R,F,1994-09-28,1994-10-25,1994-10-27,COLLECT COD,RAIL,ts. carefully fina
48385-2,48385,236,64,2,16.00,18179.68,0.00,0.02,A,F,1994-12-27,1994-11-01,1995-01-16,TAKE BACK RETURN,AIR, of the carefully ironic foxes cajole thin
48385-3,48385,922,91,3,37.00,67448.04,0.02,0.05,A,F,1994-09-20,1994-10-27,1994-09-30,TAKE BACK RETURN,TRUCK,final requests
48385-4,48385,82,33,4,31.00,30444.48,0.09,0.03,R,F,1994-11-03,1994-11-03,1994-11-17,DELIVER IN PERSON,MAIL,"des the regular, special requests are "
48385-5,48385,1234,72,5,43.00,48814.89,0.07,0.08,R,F,1994-11-03,1994-12-12,1994-12-03,DELIVER IN PERSON,RAIL,he unusual deposits
48385-6,48385,1235,36,6,16.00,18179.68,0.06,0.04,R,F,1994-12-04,1994-11-05,1994-12-29,COLLECT COD,MAIL,ole fluffily carefully ironic packages. 
48386-1,48386,1055,61,1,19.00,18164.95,0.01,0.07,N,O,1998-09-15,1998-08-21,1998-09-26,DELIVER IN PERSON,MAIL,y among the even depo
48386-2,48386,1278,16,2,46.00,54246.42,0.09,0.06,N,O,1998-06-26,1998-08-13,1998-07-24,TAKE BACK RETURN,TRUCK,s use caref
48386-3,48386,1727,28,3,7.00,11401.04,0.03,0.00,N,O,1998-09-29,1998-08-30,1998-10-08,NONE,MAIL,ach blithely ag
48386-4,48386,1618,19,4,36.00,54705.96,0.09,0.08,N,O,1998-09-14,1998-08-11,1998-10-08,COLLECT COD,FOB,e blithely even pi
48387-1,48387,365,22,1,37.00,46818.32,0.04,0.00,R,F,1992-06-16,1992-06-06,1992-07-11,COLLECT COD,TRUCK,osits sleep above the blithe
48387-2,48387,963,98,2,9.00,16775.64,0.06,0.00,A,F,1992-05-16,1992-04-20,1992-06-15,NONE,SHIP,"ly carefully regular gifts. unusual, i"
48387-3,48387,1207,8,3,41.00,45436.20,0.03,0.01,A,F,1992-05-19,1992-04-23,1992-06-02,COLLECT COD,REG AIR,. carefully pending courts cajole qu
48387-4,48387,1060,96,4,41.00,39403.46,0.02,0.04,A,F,1992-05-13,1992-04-30,1992-06-03,NONE,REG AIR,ght promise
48387-5,48387,1959,60,5,24.00,44662.80,0.08,0.02,R,F,1992-04-21,1992-04-19,1992-04-30,COLLECT COD,RAIL,"aggle regular, ironic pinto beans"
48387-6,48387,1511,32,6,23.00,32487.73,0.02,0.00,A,F,1992-06-27,1992-05-07,1992-07-22,DELIVER IN PERSON,FOB,requests. care
48387-7,48387,1310,11,7,38.00,46029.78,0.04,0.07,A,F,1992-06-08,1992-04-23,1992-06-14,DELIVER IN PERSON,FOB,nes serve. packages aga
48388-1,48388,922,91,1,49.00,89323.08,0.02,0.00,R,F,1994-11-15,1994-10-13,1994-11-29,COLLECT COD,TRUCK,et dependencies haggle furiously 
48388-2,48388,1976,77,2,15.00,28169.55,0.09,0.04,R,F,1994-09-24,1994-11-02,1994-09-29,NONE,RAIL,"r, special theodolites wake around the fu"
48389-1,48389,1410,50,1,44.00,57702.04,0.05,0.04,N,O,1997-06-17,1997-05-09,1997-06-25,TAKE BACK RETURN,FOB,ngly bold packages. thin
48389-2,48389,775,8,2,35.00,58651.95,0.04,0.07,N,O,1997-04-21,1997-03-24,1997-05-05,TAKE BACK RETURN,FOB,al accounts; blithely even platelets sol
48389-3,48389,1635,77,3,44.00,67611.72,0.02,0.02,N,O,1997-06-17,1997-05-16,1997-06-24,COLLECT COD,MAIL,into beans sle
48389-4,48389,717,14,4,17.00,27501.07,0.02,0.03,N,O,1997-02-20,1997-04-01,1997-03-05,DELIVER IN PERSON,FOB, even pinto bea
48390-1,48390,497,27,1,7.00,9782.43,0.02,0.06,R,F,1993-08-15,1993-09-08,1993-09-08,COLLECT COD,SHIP,tructions dazzle blithely 
48390-2,48390,1890,77,2,7.00,12543.23,0.03,0.07,R,F,1993-08-12,1993-09-10,1993-08-31,DELIVER IN PERSON,AIR,"bold platelets among the pending,"
48390-3,48390,1954,99,3,24.00,44542.80,0.07,0.06,A,F,1993-08-18,1993-10-20,1993-08-27,NONE,RAIL,ly pending pinto beans 
48390-4,48390,1471,72,4,23.00,31566.81,0.02,0.05,A,F,1993-09-05,1993-09-16,1993-09-12,COLLECT COD,RAIL,otes print carefully silent id
48391-1,48391,753,18,1,2.00,3307.50,0.02,0.06,R,F,1993-12-31,1994-01-18,1994-01-18,TAKE BACK RETURN,AIR,egular deposits are ca
48391-2,48391,1199,8,2,34.00,37406.46,0.02,0.02,A,F,1994-01-28,1994-01-25,1994-02-03,NONE,SHIP,ual warthogs use slyly special depo
48391-3,48391,1704,47,3,22.00,35325.40,0.07,0.02,R,F,1994-01-21,1993-12-11,1994-02-16,COLLECT COD,SHIP,kly even sauternes. slyly 
48391-4,48391,12,63,4,36.00,32832.36,0.02,0.00,A,F,1994-01-28,1994-01-05,1994-02-13,DELIVER IN PERSON,FOB,s. unusual accounts nag
48391-5,48391,405,35,5,18.00,23497.20,0.08,0.00,A,F,1994-02-10,1993-12-20,1994-03-06,COLLECT COD,TRUCK,bout the quickly regular instruction
48391-6,48391,331,88,6,39.00,48021.87,0.03,0.05,R,F,1994-02-06,1994-01-26,1994-02-13,TAKE BACK RETURN,MAIL,ular requests haggle some
48416-1,48416,1634,76,1,12.00,18427.56,0.05,0.01,R,F,1994-07-08,1994-08-25,1994-07-14,TAKE BACK RETURN,TRUCK,ounts. regu
48417-1,48417,716,13,1,5.00,8083.55,0.10,0.04,N,O,1998-04-18,1998-01-29,1998-05-17,COLLECT COD,AIR,pon the furiously bold
48418-1,48418,622,54,1,11.00,16748.82,0.08,0.06,N,O,1996-03-18,1996-02-17,1996-03-21,COLLECT COD,RAIL,"among the final,"
48418-2,48418,163,16,2,47.00,49968.52,0.08,0.07,N,O,1996-04-25,1996-03-25,1996-05-22,COLLECT COD,MAIL,are furiously inst
48418-3,48418,788,89,3,41.00,69239.98,0.08,0.05,N,O,1996-04-19,1996-02-23,1996-04-21,DELIVER IN PERSON,SHIP,thely according to the sl
48418-4,48418,1883,13,4,11.00,19633.68,0.10,0.06,N,O,1996-01-18,1996-03-20,1996-02-05,TAKE BACK RETURN,SHIP,s. requests lose 
48419-1,48419,1864,8,1,4.00,7063.44,0.08,0.01,N,O,1997-10-22,1997-11-30,1997-11-10,TAKE BACK RETURN,AIR,rate requests. quietly regu
48419-2,48419,1110,47,2,25.00,25277.75,0.10,0.06,N,O,1997-10-21,1997-10-30,1997-10-24,COLLECT COD,SHIP,"ial, special ideas. quickly unusual depos"
48419-3,48419,1023,59,3,4.00,3696.08,0.08,0.03,N,O,1998-01-16,1997-12-11,1998-01-29,COLLECT COD,FOB,lly furiously un
48419-4,48419,874,74,4,49.00,86968.63,0.07,0.02,N,O,1997-12-09,1997-11-27,1997-12-27,TAKE BACK RETURN,REG AIR,"ckages. ironic, ironic requests u"
48420-1,48420,1703,30,1,32.00,51350.40,0.03,0.04,R,F,1995-01-27,1994-12-28,1995-02-17,NONE,FOB,p the unusual deposits are blithe
48420-2,48420,1216,28,2,32.00,35750.72,0.06,0.05,R,F,1994-12-10,1994-12-31,1995-01-07,TAKE BACK RETURN,FOB,dolphins. closely bold pin
48420-3,48420,378,35,3,45.00,57526.65,0.08,0.02,R,F,1994-11-11,1994-11-15,1994-11-21,COLLECT COD,AIR, carefully regular accounts are 
48420-4,48420,874,41,4,23.00,40822.01,0.06,0.04,A,F,1994-12-03,1994-12-13,1994-12-10,COLLECT COD,REG AIR,out the ironic pains boost re
48420-5,48420,404,63,5,15.00,19566.00,0.00,0.03,R,F,1994-12-31,1994-12-02,1995-01-24,COLLECT COD,FOB,foxes sublate quickly. slyly
48420-6,48420,1429,8,6,13.00,17295.46,0.00,0.05,R,F,1995-01-05,1994-12-04,1995-01-12,COLLECT COD,SHIP,"ial, final patterns. furi"
48421-1,48421,767,68,1,16.00,26684.16,0.05,0.08,A,F,1993-05-01,1993-05-18,1993-05-09,COLLECT COD,REG AIR,cajole quickly against the 
48421-2,48421,589,80,2,35.00,52135.30,0.09,0.07,A,F,1993-04-22,1993-06-24,1993-04-30,COLLECT COD,AIR, the blithely unusual excuses. carefull
48421-3,48421,1022,93,3,41.00,37843.82,0.02,0.03,A,F,1993-04-20,1993-05-31,1993-05-16,TAKE BACK RETURN,RAIL, after the fluffily enticing request
48422-1,48422,1005,76,1,44.00,39864.00,0.05,0.05,N,O,1998-06-07,1998-06-17,1998-07-02,NONE,REG AIR,usly pending instructions. bo
48422-2,48422,1729,72,2,38.00,61967.36,0.00,0.05,N,O,1998-06-27,1998-05-30,1998-07-26,DELIVER IN PERSON,MAIL,ons. ideas mold asymptotes. carefully un
48422-3,48422,1940,41,3,47.00,86571.18,0.06,0.06,N,O,1998-07-03,1998-05-16,1998-07-15,COLLECT COD,FOB,"e blithely after the bold, even p"
48422-4,48422,1575,16,4,3.00,4429.71,0.03,0.02,N,O,1998-07-10,1998-05-16,1998-07-17,NONE,MAIL,sts lose special packages. quic
48422-5,48422,243,98,5,7.00,8002.68,0.00,0.04,N,O,1998-04-20,1998-06-26,1998-04-22,NONE,FOB,quests nag fluffily final d
48423-1,48423,1649,91,1,1.00,1550.64,0.08,0.05,R,F,1992-12-15,1993-01-25,1992-12-27,TAKE BACK RETURN,RAIL,ry to haggle. 
48423-2,48423,965,68,2,16.00,29855.36,0.01,0.05,R,F,1992-12-18,1992-12-15,1992-12-24,TAKE BACK RETURN,AIR,y. asymptotes affix after the furiou
48423-3,48423,470,58,3,32.00,43855.04,0.07,0.03,A,F,1992-11-17,1993-01-24,1992-11-25,NONE,TRUCK,ideas are carefully carefully pending 
48423-4,48423,1832,19,4,13.00,22539.79,0.02,0.02,R,F,1992-12-28,1993-01-23,1993-01-17,TAKE BACK RETURN,AIR,arefully regular dolphins.
48448-1,48448,511,2,1,41.00,57871.91,0.08,0.04,R,F,1993-01-06,1993-02-14,1993-01-14,NONE,REG AIR,"en, final braids nag fluffily"
48448-2,48448,1604,46,2,46.00,69257.60,0.10,0.04,R,F,1993-02-20,1993-01-09,1993-03-21,COLLECT COD,REG AIR,lphins. fluffily even
48448-3,48448,1754,97,3,21.00,34770.75,0.03,0.00,A,F,1992-12-03,1993-01-16,1992-12-19,TAKE BACK RETURN,FOB,y around the accounts; final war
48448-4,48448,832,32,4,3.00,5198.49,0.00,0.03,A,F,1993-02-28,1993-01-31,1993-03-09,DELIVER IN PERSON,MAIL,the stealthily 
48448-5,48448,1650,92,5,19.00,29481.35,0.06,0.02,R,F,1993-01-30,1993-02-12,1993-02-17,DELIVER IN PERSON,AIR,ave packages wake blithely regular fo
48448-6,48448,1243,18,6,48.00,54923.52,0.06,0.02,A,F,1993-02-24,1992-12-17,1993-03-13,COLLECT COD,SHIP,ing excuses are slyly 
48448-7,48448,594,85,7,19.00,28397.21,0.10,0.06,R,F,1993-03-03,1993-01-22,1993-03-22,COLLECT COD,FOB,into beans.
48449-1,48449,1110,47,1,9.00,9099.99,0.02,0.04,R,F,1995-05-06,1995-05-02,1995-05-25,NONE,FOB,lites haggle carefully 
48449-2,48449,1157,66,2,7.00,7407.05,0.09,0.07,A,F,1995-04-23,1995-05-01,1995-05-19,TAKE BACK RETURN,RAIL,sly ironic accounts wa
48449-3,48449,1536,77,3,30.00,43125.90,0.03,0.07,N,O,1995-07-16,1995-04-22,1995-07-18,COLLECT COD,MAIL,s. never express deposits 
48450-1,48450,1213,51,1,39.00,43454.19,0.08,0.08,N,O,1997-05-16,1997-07-17,1997-05-27,DELIVER IN PERSON,FOB,"sits. escapades along the even, unusual wat"
48450-2,48450,1723,66,2,34.00,55240.48,0.02,0.07,N,O,1997-05-05,1997-06-25,1997-05-23,COLLECT COD,TRUCK,ayers. blithel
48450-3,48450,1491,70,3,14.00,19494.86,0.09,0.04,N,O,1997-07-03,1997-06-14,1997-07-24,TAKE BACK RETURN,SHIP,ng to the carefully bold packages. regular
48450-4,48450,1013,84,4,6.00,5484.06,0.09,0.00,N,O,1997-08-23,1997-06-08,1997-09-12,COLLECT COD,MAIL,ely permanent requ
48450-5,48450,942,11,5,26.00,47916.44,0.01,0.04,N,O,1997-08-17,1997-07-07,1997-08-21,DELIVER IN PERSON,SHIP, affix blithely. regular foxes are slyly
48451-1,48451,1737,22,1,26.00,42606.98,0.08,0.05,R,F,1995-01-27,1994-12-01,1995-02-06,TAKE BACK RETURN,RAIL, requests. slyly final re
48452-1,48452,449,50,1,49.00,66122.56,0.02,0.03,R,F,1993-10-29,1993-12-02,1993-11-06,NONE,TRUCK,tions. regular excuses slee
48452-2,48452,1508,29,2,14.00,19733.00,0.07,0.00,R,F,1993-10-22,1993-11-14,1993-11-20,NONE,RAIL, the permanently regular requests. caref
48452-3,48452,226,81,3,3.00,3378.66,0.04,0.04,R,F,1993-12-20,1994-01-05,1994-01-17,NONE,RAIL,ecial packages sleep quickly. bl
48452-4,48452,1906,95,4,44.00,79547.60,0.04,0.02,A,F,1994-02-05,1993-12-29,1994-02-10,NONE,REG AIR,uests are carefully? excuses
48452-5,48452,792,93,5,35.00,59247.65,0.03,0.06,R,F,1994-01-22,1993-11-16,1994-02-08,COLLECT COD,FOB,uests. bli
48452-6,48452,491,50,6,23.00,32004.27,0.08,0.03,R,F,1993-11-16,1993-12-27,1993-12-12,TAKE BACK RETURN,MAIL,jole special requests. blithely bold
48452-7,48452,153,80,7,7.00,7372.05,0.01,0.06,A,F,1993-11-25,1994-01-05,1993-12-06,COLLECT COD,AIR,endencies. carefully express depe
48453-1,48453,1459,38,1,1.00,1360.45,0.03,0.00,R,F,1994-11-08,1994-09-04,1994-11-22,DELIVER IN PERSON,AIR,e ideas. blithely pending orbits boos
48453-2,48453,401,89,2,45.00,58563.00,0.07,0.03,R,F,1994-08-25,1994-09-25,1994-09-16,DELIVER IN PERSON,TRUCK, of the pending
48453-3,48453,280,35,3,30.00,35408.40,0.07,0.01,A,F,1994-08-10,1994-10-22,1994-08-14,COLLECT COD,TRUCK, final theodo
48453-4,48453,1820,7,4,40.00,68872.80,0.06,0.08,R,F,1994-09-18,1994-08-29,1994-09-28,TAKE BACK RETURN,TRUCK,ular depos
48453-5,48453,1159,32,5,38.00,40285.70,0.03,0.08,A,F,1994-08-20,1994-10-21,1994-09-13,DELIVER IN PERSON,FOB,"usual, ironic deposits ar"
48453-6,48453,551,42,6,34.00,49352.70,0.00,0.05,R,F,1994-07-29,1994-08-28,1994-08-27,COLLECT COD,FOB,s affix. furiously bold pint
48454-1,48454,42,93,1,3.00,2826.12,0.03,0.04,N,O,1996-04-03,1996-04-26,1996-04-09,NONE,RAIL,ions about the slyly special idea
48454-2,48454,313,14,2,40.00,48532.40,0.00,0.01,N,O,1996-06-16,1996-05-11,1996-07-04,TAKE BACK RETURN,FOB,e even accounts. quickly regular accou
48454-3,48454,1097,3,3,42.00,41919.78,0.07,0.08,N,O,1996-03-17,1996-05-21,1996-04-08,NONE,MAIL, ideas across th
48455-1,48455,1853,97,1,36.00,63174.60,0.04,0.07,R,F,1994-08-05,1994-07-25,1994-08-13,DELIVER IN PERSON,TRUCK,t foxes: regu
48455-2,48455,1870,57,2,2.00,3543.74,0.03,0.08,A,F,1994-07-17,1994-07-09,1994-08-15,COLLECT COD,RAIL,ar accounts af
48455-3,48455,504,35,3,16.00,22472.00,0.07,0.08,A,F,1994-07-24,1994-07-04,1994-08-09,COLLECT COD,SHIP,luffily final theodolites hang close
48455-4,48455,945,48,4,49.00,90451.06,0.07,0.06,A,F,1994-07-25,1994-08-14,1994-08-20,COLLECT COD,FOB,uickly. slyly ironic 
48455-5,48455,289,17,5,6.00,7135.68,0.01,0.04,A,F,1994-09-15,1994-08-19,1994-10-14,NONE,AIR,ss patterns cajole 
48455-6,48455,767,68,6,8.00,13342.08,0.07,0.05,A,F,1994-09-05,1994-07-18,1994-09-18,TAKE BACK RETURN,FOB, theodolites. final packages dete
48455-7,48455,1987,32,7,21.00,39668.58,0.00,0.04,R,F,1994-07-25,1994-08-15,1994-08-04,NONE,AIR,ole slyly. quick
48480-1,48480,1801,45,1,21.00,35758.80,0.00,0.06,A,F,1993-04-05,1993-03-23,1993-04-12,TAKE BACK RETURN,FOB,"gular, silent requests. sl"
48480-2,48480,1405,23,2,31.00,40498.40,0.00,0.01,R,F,1993-04-06,1993-03-16,1993-04-16,NONE,RAIL,y against the fluffi
48480-3,48480,323,8,3,27.00,33029.64,0.08,0.02,A,F,1993-01-19,1993-02-18,1993-01-26,COLLECT COD,SHIP,sits boost
48481-1,48481,1466,45,1,39.00,53330.94,0.02,0.03,N,O,1998-05-18,1998-05-11,1998-05-20,TAKE BACK RETURN,AIR,carefully express id
48481-2,48481,1671,95,2,11.00,17299.37,0.01,0.06,N,O,1998-04-11,1998-05-12,1998-05-01,DELIVER IN PERSON,MAIL,ously against the car
48481-3,48481,1594,95,3,16.00,23929.44,0.04,0.00,N,O,1998-08-03,1998-06-05,1998-09-02,COLLECT COD,MAIL,ly bold deposits. even ac
48481-4,48481,95,46,4,30.00,29852.70,0.01,0.05,N,O,1998-07-19,1998-05-29,1998-08-16,DELIVER IN PERSON,TRUCK,usly final theodolites cajole acro
48481-5,48481,198,51,5,14.00,15374.66,0.01,0.07,N,O,1998-07-02,1998-06-17,1998-07-05,NONE,FOB,he quickly express instructions. packages n
48481-6,48481,562,53,6,24.00,35101.44,0.10,0.08,N,O,1998-06-22,1998-06-28,1998-07-07,TAKE BACK RETURN,SHIP,"lar deposits-- regular, sp"
48481-7,48481,1555,56,7,50.00,72827.50,0.08,0.02,N,O,1998-06-19,1998-05-09,1998-06-29,DELIVER IN PERSON,RAIL,ounts believe blithely. fluffily si
48482-1,48482,885,85,1,19.00,33931.72,0.10,0.02,N,O,1996-12-28,1997-02-06,1997-01-21,DELIVER IN PERSON,REG AIR,counts. ironic pinto beans 
48482-2,48482,1498,16,2,26.00,36386.74,0.03,0.01,N,O,1997-02-17,1997-02-07,1997-03-13,TAKE BACK RETURN,SHIP,ites. accounts use
48482-3,48482,397,54,3,16.00,20758.24,0.10,0.05,N,O,1996-12-28,1997-02-16,1997-01-22,DELIVER IN PERSON,FOB,out the ironic deposits 
48482-4,48482,1498,77,4,35.00,48982.15,0.10,0.00,N,O,1996-12-03,1997-01-17,1996-12-06,DELIVER IN PERSON,RAIL,ly alongside of the regul
48482-5,48482,1757,42,5,29.00,48103.75,0.00,0.02,N,O,1997-03-03,1996-12-30,1997-03-23,DELIVER IN PERSON,TRUCK,lithely blithely bold somas. pending de
48482-6,48482,623,24,6,22.00,33519.64,0.08,0.06,N,O,1997-03-01,1997-01-28,1997-03-28,NONE,REG AIR,ffily ironic deposits. fluffily regular
48483-1,48483,1869,99,1,36.00,63750.96,0.02,0.08,R,F,1995-01-14,1995-03-04,1995-02-03,DELIVER IN PERSON,REG AIR,pendencies. special reque
48483-2,48483,1530,31,2,45.00,64418.85,0.08,0.04,A,F,1995-02-08,1995-02-10,1995-02-10,COLLECT COD,RAIL,fily bold deposits sl
48483-3,48483,1673,97,3,48.00,75584.16,0.09,0.00,R,F,1995-02-21,1995-03-04,1995-03-09,NONE,AIR,arefully re
48483-4,48483,1145,46,4,4.00,4184.56,0.07,0.04,R,F,1995-03-17,1995-01-19,1995-03-31,NONE,AIR,osits. furiously f
48483-5,48483,732,65,5,39.00,63676.47,0.06,0.00,A,F,1995-01-04,1995-03-04,1995-02-01,COLLECT COD,AIR,nts haggle furiously carefully i
48483-6,48483,1609,51,6,50.00,75530.00,0.01,0.04,A,F,1995-01-06,1995-01-30,1995-01-08,COLLECT COD,MAIL,g the furiously s
48483-7,48483,1343,58,7,44.00,54750.96,0.05,0.02,A,F,1995-02-25,1995-02-21,1995-03-13,TAKE BACK RETURN,MAIL,lites. slyly final reque
48484-1,48484,112,13,1,43.00,43520.73,0.04,0.04,A,F,1993-07-21,1993-09-17,1993-08-15,COLLECT COD,AIR,thely ironic
48484-2,48484,1202,14,2,10.00,11032.00,0.06,0.04,R,F,1993-08-15,1993-09-14,1993-09-07,COLLECT COD,RAIL,"ilent, final packages nag careful"
48484-3,48484,427,86,3,25.00,33185.50,0.02,0.04,R,F,1993-07-15,1993-08-29,1993-07-30,DELIVER IN PERSON,MAIL,. unusual a
48484-4,48484,762,27,4,9.00,14964.84,0.09,0.01,R,F,1993-07-29,1993-09-03,1993-08-24,TAKE BACK RETURN,AIR," deposits against the pending, iro"
48484-5,48484,1498,77,5,3.00,4198.47,0.03,0.01,A,F,1993-07-30,1993-09-15,1993-08-29,COLLECT COD,REG AIR,rts sublate quickly pinto beans
48484-6,48484,1036,37,6,26.00,24362.78,0.06,0.06,A,F,1993-09-15,1993-08-28,1993-10-03,DELIVER IN PERSON,RAIL,arefully after the
48485-1,48485,54,80,1,36.00,34345.80,0.04,0.01,N,O,1997-11-21,1997-10-07,1997-12-02,COLLECT COD,RAIL, pending accounts maintain caref
48486-1,48486,951,54,1,41.00,75929.95,0.06,0.05,N,O,1995-06-29,1995-08-01,1995-07-12,NONE,TRUCK,"y unusual waters. special, final d"
48487-1,48487,423,53,1,37.00,48966.54,0.02,0.07,R,F,1993-03-26,1993-04-11,1993-04-08,DELIVER IN PERSON,RAIL,ts should have to boost. expres
48487-2,48487,1782,25,2,34.00,57248.52,0.08,0.03,R,F,1993-03-10,1993-04-03,1993-03-21,NONE,AIR,y regular theod
48487-3,48487,461,62,3,23.00,31313.58,0.05,0.07,A,F,1993-03-03,1993-02-11,1993-03-16,DELIVER IN PERSON,RAIL,le slyly. carefully even deposits toward t
48487-4,48487,1715,42,4,45.00,72751.95,0.01,0.02,R,F,1993-03-26,1993-03-04,1993-04-19,DELIVER IN PERSON,AIR,ic excuses: furiously iro
48512-1,48512,494,24,1,20.00,27889.80,0.01,0.02,N,O,1995-11-20,1995-09-19,1995-12-11,NONE,AIR,ilent forges are. bold asymptotes 
48512-2,48512,6,82,2,32.00,28992.00,0.08,0.00,N,O,1995-10-03,1995-09-24,1995-11-01,TAKE BACK RETURN,TRUCK,sly bold packages wake across the bl
48512-3,48512,1636,19,3,38.00,58429.94,0.06,0.05,N,O,1995-12-01,1995-11-02,1995-12-26,COLLECT COD,MAIL,ites sleep. deposits haggl
48513-1,48513,1028,29,1,32.00,29728.64,0.10,0.02,N,O,1996-03-16,1996-01-22,1996-03-18,COLLECT COD,MAIL,accounts wake slyly express requests. slyl
48513-2,48513,1178,51,2,49.00,52879.33,0.08,0.05,N,O,1995-12-13,1996-01-30,1996-01-01,TAKE BACK RETURN,AIR,fully. theodolites wake slyly
48513-3,48513,1125,98,3,25.00,25653.00,0.01,0.08,N,O,1995-12-20,1996-01-25,1996-01-15,DELIVER IN PERSON,RAIL,ross the requests are slyly unusual pint
48513-4,48513,830,30,4,10.00,17308.30,0.00,0.04,N,O,1995-12-23,1996-01-27,1996-01-18,TAKE BACK RETURN,TRUCK,y fluffily whithou
48514-1,48514,1518,19,1,24.00,34068.24,0.06,0.04,N,O,1995-11-09,1995-10-27,1995-12-07,DELIVER IN PERSON,TRUCK,nding deposits among the doggedly
48514-2,48514,1375,14,2,9.00,11487.33,0.06,0.06,N,O,1995-12-27,1995-11-22,1996-01-15,TAKE BACK RETURN,SHIP,ideas cajole slyly acc
48514-3,48514,359,16,3,46.00,57930.10,0.03,0.02,N,O,1995-10-21,1995-11-04,1995-11-16,COLLECT COD,TRUCK,luffily iro
48515-1,48515,875,42,1,47.00,83465.89,0.06,0.06,N,O,1996-03-17,1996-02-04,1996-04-02,DELIVER IN PERSON,TRUCK,"sly: pending asymptotes are boldly ironic,"
48515-2,48515,1200,37,2,23.00,25327.60,0.05,0.05,N,O,1996-03-10,1996-03-15,1996-04-02,NONE,FOB,. blithely regul
48515-3,48515,1490,8,3,46.00,64008.54,0.02,0.05,N,O,1996-02-20,1996-03-07,1996-02-26,TAKE BACK RETURN,REG AIR,realms integr
48516-1,48516,1987,76,1,9.00,17000.82,0.10,0.04,N,O,1998-03-01,1998-01-20,1998-03-08,TAKE BACK RETURN,REG AIR,totes. waters sleep blithely besides the 
48516-2,48516,57,58,2,8.00,7656.40,0.10,0.06,N,O,1998-02-19,1998-01-05,1998-03-20,TAKE BACK RETURN,RAIL, pinto beans nag d
48516-3,48516,1509,50,3,49.00,69114.50,0.05,0.07,N,O,1997-12-25,1998-03-01,1998-01-08,TAKE BACK RETURN,REG AIR,kly. blithely regular deposits u
48516-4,48516,1308,23,4,11.00,13302.30,0.02,0.02,N,O,1998-03-13,1998-01-03,1998-03-26,NONE,AIR,ainst the quick
48516-5,48516,859,60,5,11.00,19358.35,0.03,0.00,N,O,1998-01-30,1998-02-21,1998-02-25,DELIVER IN PERSON,SHIP,he slyly special accounts nod qui
48516-6,48516,1158,31,6,25.00,26478.75,0.08,0.07,N,O,1998-02-21,1998-01-30,1998-03-04,NONE,FOB,nding dependencies haggle furious
48516-7,48516,1902,91,7,38.00,68548.20,0.07,0.01,N,O,1998-03-13,1998-02-09,1998-03-20,NONE,AIR,ly alongside of the fluffi
48517-1,48517,770,67,1,7.00,11695.39,0.01,0.06,R,F,1993-05-21,1993-05-27,1993-06-14,TAKE BACK RETURN,RAIL,out the unusual pearls wake furi
48518-1,48518,1424,42,1,46.00,60969.32,0.09,0.01,A,F,1994-06-18,1994-05-08,1994-06-25,COLLECT COD,MAIL,osits. silent pinto beans unwind specia
48518-2,48518,825,25,2,25.00,43145.50,0.10,0.06,A,F,1994-04-07,1994-05-10,1994-04-21,NONE,REG AIR,lithely among the
48518-3,48518,1101,38,3,29.00,29060.90,0.07,0.07,A,F,1994-07-09,1994-06-02,1994-08-08,COLLECT COD,AIR,lyly bold p
48518-4,48518,1649,91,4,39.00,60474.96,0.00,0.08,A,F,1994-06-24,1994-05-07,1994-07-18,NONE,AIR,of the slyly furious packages
48518-5,48518,1429,47,5,25.00,33260.50,0.05,0.00,A,F,1994-05-24,1994-06-12,1994-06-18,DELIVER IN PERSON,FOB,gular requests after the spec
48518-6,48518,607,1,6,33.00,49750.80,0.05,0.07,A,F,1994-05-04,1994-05-19,1994-05-15,NONE,TRUCK,pendencies hi
48519-1,48519,350,35,1,4.00,5001.40,0.09,0.04,N,O,1998-04-08,1998-05-31,1998-04-21,NONE,REG AIR, packages sleep special court
48519-2,48519,411,41,2,35.00,45899.35,0.07,0.00,N,O,1998-04-11,1998-04-14,1998-04-16,NONE,AIR,s. slyly final packages use 
48519-3,48519,1301,40,3,26.00,31259.80,0.06,0.06,N,O,1998-03-06,1998-05-31,1998-03-22,COLLECT COD,FOB,the carefully final accounts
48519-4,48519,1668,69,4,27.00,42380.82,0.05,0.04,N,O,1998-06-17,1998-04-26,1998-07-14,DELIVER IN PERSON,REG AIR,ly slyly ironic decoys. caref
48519-5,48519,648,49,5,27.00,41813.28,0.01,0.02,N,O,1998-04-24,1998-04-29,1998-05-04,COLLECT COD,MAIL,aggle carefully among the 
48519-6,48519,410,11,6,37.00,48485.17,0.04,0.03,N,O,1998-03-10,1998-05-03,1998-04-06,TAKE BACK RETURN,FOB,fily regular accounts eat.
48519-7,48519,162,63,7,22.00,23367.52,0.02,0.07,N,O,1998-06-05,1998-05-02,1998-06-26,COLLECT COD,TRUCK,iously. slyly ironic re
48544-1,48544,828,28,1,49.00,84712.18,0.01,0.06,N,F,1995-06-02,1995-07-18,1995-06-28,DELIVER IN PERSON,FOB,lar epitaphs doze slyl
48544-2,48544,216,44,2,21.00,23440.41,0.01,0.03,N,O,1995-09-04,1995-07-13,1995-09-30,DELIVER IN PERSON,RAIL,", pending deposits. quickly ironic asymp"
48544-3,48544,1768,11,3,17.00,28385.92,0.09,0.04,N,O,1995-07-22,1995-07-23,1995-08-01,COLLECT COD,FOB, boost blithely. slyly pending id
48544-4,48544,274,75,4,46.00,54016.42,0.06,0.02,N,O,1995-07-16,1995-07-15,1995-07-21,NONE,SHIP,e slyly express requests; regular foxes are
48545-1,48545,644,45,1,16.00,24714.24,0.09,0.01,N,O,1997-12-19,1998-02-08,1997-12-21,TAKE BACK RETURN,RAIL,nst the blithely dogged accou
48545-2,48545,1200,1,2,39.00,42946.80,0.04,0.04,N,O,1998-01-31,1998-02-06,1998-02-12,NONE,RAIL,le quickly alo
48545-3,48545,579,80,3,44.00,65101.08,0.06,0.00,N,O,1997-12-31,1998-02-22,1998-01-24,COLLECT COD,MAIL,. slyly regular requests are
48545-4,48545,656,19,4,20.00,31133.00,0.00,0.01,N,O,1998-03-16,1998-02-02,1998-04-15,TAKE BACK RETURN,AIR,c grouches boo
48545-5,48545,1948,49,5,23.00,42548.62,0.02,0.02,N,O,1998-02-22,1998-01-22,1998-03-22,DELIVER IN PERSON,RAIL,ely. quickly final accounts haggle careful
48546-1,48546,24,50,1,43.00,39732.86,0.05,0.00,A,F,1992-07-23,1992-07-30,1992-08-06,DELIVER IN PERSON,RAIL,its. even accounts haggle carefully
48546-2,48546,1795,38,2,6.00,10180.74,0.05,0.00,A,F,1992-07-26,1992-06-16,1992-07-29,COLLECT COD,AIR,-ray. regular excuses boost slyl
48546-3,48546,816,50,3,9.00,15451.29,0.03,0.07,R,F,1992-07-23,1992-07-11,1992-08-07,DELIVER IN PERSON,REG AIR,eep fluffily slyly ironic accounts. reg
48546-4,48546,749,46,4,13.00,21446.62,0.06,0.05,A,F,1992-07-01,1992-07-24,1992-07-31,TAKE BACK RETURN,FOB,uriously ironic requests poach furiou
48547-1,48547,1251,52,1,3.00,3456.75,0.01,0.08,A,F,1994-02-20,1994-04-24,1994-02-26,COLLECT COD,SHIP, regular p
48547-2,48547,1145,54,2,50.00,52307.00,0.03,0.08,A,F,1994-05-04,1994-03-12,1994-05-29,NONE,AIR,even deposits c
48548-1,48548,1040,46,1,12.00,11292.48,0.01,0.04,N,O,1995-06-30,1995-05-04,1995-07-09,NONE,FOB,tegrate along the 
48548-2,48548,34,35,2,6.00,5604.18,0.10,0.05,R,F,1995-04-29,1995-05-03,1995-05-22,TAKE BACK RETURN,MAIL, deposits mold. pa
48548-3,48548,970,5,3,37.00,69225.89,0.01,0.02,N,O,1995-07-07,1995-05-06,1995-07-30,TAKE BACK RETURN,FOB,l packages wake carefully express 
48548-4,48548,168,69,4,29.00,30976.64,0.10,0.05,N,F,1995-06-03,1995-05-18,1995-07-03,TAKE BACK RETURN,FOB,y express pinto beans use
48548-5,48548,1842,43,5,2.00,3487.68,0.04,0.01,N,O,1995-06-27,1995-06-02,1995-07-14,DELIVER IN PERSON,TRUCK,nusual ideas integrate about the grou
48548-6,48548,882,83,6,33.00,58835.04,0.00,0.03,A,F,1995-04-05,1995-04-30,1995-04-06,NONE,RAIL,en theodolites 
48548-7,48548,417,5,7,40.00,52696.40,0.00,0.02,N,O,1995-07-03,1995-05-05,1995-07-19,NONE,REG AIR,ffily even pinto b
48549-1,48549,1612,54,1,3.00,4540.83,0.05,0.02,N,O,1997-05-11,1997-05-19,1997-06-05,TAKE BACK RETURN,TRUCK,usly final accounts ar
48549-2,48549,1439,40,2,46.00,61659.78,0.05,0.05,N,O,1997-03-22,1997-05-20,1997-04-16,NONE,RAIL,"even packages nag quickly pending, i"
48549-3,48549,1174,75,3,39.00,41931.63,0.09,0.05,N,O,1997-03-07,1997-04-07,1997-03-11,NONE,TRUCK,carefully regular requests sleep. fu
48549-4,48549,1925,58,4,29.00,52980.68,0.10,0.03,N,O,1997-06-20,1997-05-02,1997-06-28,NONE,RAIL,bold instructions eat quickly against 
48550-1,48550,1139,40,1,3.00,3120.39,0.00,0.02,N,O,1996-11-02,1996-10-28,1996-11-03,TAKE BACK RETURN,FOB,ironic requests alongside
48551-1,48551,1571,92,1,23.00,33869.11,0.09,0.04,A,F,1993-04-08,1993-05-08,1993-04-15,DELIVER IN PERSON,AIR,ajole packages. regular requests wake care
48551-2,48551,1835,22,2,44.00,76420.52,0.04,0.06,R,F,1993-03-29,1993-04-07,1993-04-25,NONE,SHIP,riously special deposits haggle f
48576-1,48576,959,60,1,20.00,37199.00,0.07,0.00,A,F,1993-03-24,1993-01-30,1993-04-06,COLLECT COD,FOB,es nag slyly special accounts. f
48576-2,48576,1741,84,2,27.00,44353.98,0.09,0.01,A,F,1993-01-21,1993-02-26,1993-02-14,NONE,TRUCK,ic platelets. regular accounts s
48576-3,48576,1925,70,3,35.00,63942.20,0.10,0.05,R,F,1992-12-29,1993-02-20,1993-01-19,TAKE BACK RETURN,SHIP,press packages wake blithely. slyly 
48576-4,48576,999,100,4,26.00,49399.74,0.01,0.07,R,F,1993-03-10,1993-01-19,1993-04-07,TAKE BACK RETURN,TRUCK,eas wake blithely. 
48576-5,48576,623,55,5,15.00,22854.30,0.10,0.03,R,F,1993-02-22,1993-02-26,1993-03-02,TAKE BACK RETURN,MAIL,dencies. unusual req
48577-1,48577,987,56,1,38.00,71743.24,0.10,0.05,A,F,1992-09-10,1992-10-01,1992-10-02,TAKE BACK RETURN,RAIL,s detect car
48577-2,48577,475,76,2,39.00,53643.33,0.02,0.03,R,F,1992-11-07,1992-08-23,1992-11-19,TAKE BACK RETURN,SHIP, beans; sil
48577-3,48577,1126,63,3,47.00,48274.64,0.03,0.08,A,F,1992-09-17,1992-09-30,1992-10-05,TAKE BACK RETURN,AIR,even platelets na
48577-4,48577,1225,63,4,10.00,11262.20,0.07,0.08,R,F,1992-08-21,1992-09-25,1992-09-18,DELIVER IN PERSON,RAIL,ions use furiously
48577-5,48577,981,82,5,32.00,60223.36,0.09,0.06,A,F,1992-08-26,1992-10-01,1992-08-30,TAKE BACK RETURN,RAIL,pecial deposits w
48578-1,48578,157,36,1,13.00,13742.95,0.06,0.04,N,O,1995-11-21,1995-10-07,1995-12-06,TAKE BACK RETURN,TRUCK,riously after t
48578-2,48578,550,51,2,3.00,4351.65,0.06,0.03,N,O,1995-09-28,1995-09-30,1995-10-26,TAKE BACK RETURN,SHIP,ests wake furiously bold acc
48579-1,48579,1426,66,1,20.00,26548.40,0.06,0.04,N,O,1997-01-18,1997-01-11,1997-01-24,NONE,FOB,lithely brave
48579-2,48579,1445,85,2,38.00,51164.72,0.08,0.05,N,O,1996-12-07,1997-01-09,1996-12-21,COLLECT COD,TRUCK,al accounts nod. ironic r
48579-3,48579,332,89,3,20.00,24646.60,0.06,0.00,N,O,1997-01-20,1996-11-16,1997-01-25,NONE,RAIL,uickly final deposits about the ir
48580-1,48580,267,49,1,5.00,5836.30,0.05,0.00,R,F,1994-03-25,1994-02-12,1994-03-29,DELIVER IN PERSON,FOB,al deposits n
48580-2,48580,1122,59,2,12.00,12277.44,0.01,0.03,A,F,1994-03-02,1994-03-16,1994-03-25,COLLECT COD,MAIL,hely unusual instructions impre
48581-1,48581,600,1,1,24.00,36014.40,0.01,0.05,A,F,1992-11-10,1992-11-26,1992-11-26,NONE,FOB,ic ideas. slyly pending pi
48581-2,48581,1816,17,2,41.00,70430.21,0.05,0.00,A,F,1993-01-11,1992-12-07,1993-01-27,DELIVER IN PERSON,SHIP,lar packages boost. furiously qu
48581-3,48581,1024,60,3,16.00,14800.32,0.09,0.02,R,F,1993-01-16,1993-01-10,1993-02-02,NONE,AIR,sly ironic requests detect permanent
48581-4,48581,1157,58,4,26.00,27511.90,0.04,0.07,R,F,1993-01-29,1992-12-11,1993-02-07,TAKE BACK RETURN,TRUCK, foxes according to th
48581-5,48581,1105,14,5,12.00,12073.20,0.01,0.03,R,F,1993-01-04,1993-01-08,1993-01-30,DELIVER IN PERSON,AIR,platelets are regu
48581-6,48581,236,64,6,11.00,12498.53,0.10,0.07,R,F,1993-01-20,1992-12-02,1993-01-27,DELIVER IN PERSON,SHIP,ross the f
48582-1,48582,1139,76,1,17.00,17682.21,0.08,0.08,N,O,1998-04-30,1998-03-10,1998-05-05,NONE,SHIP,"n instructions! final, regular foxes n"
48582-2,48582,177,30,2,13.00,14003.21,0.05,0.00,N,O,1998-05-27,1998-04-16,1998-06-24,NONE,FOB,y daringly
48582-3,48582,1739,82,3,36.00,59066.28,0.04,0.02,N,O,1998-06-02,1998-03-11,1998-06-17,DELIVER IN PERSON,MAIL,ndencies-- 
48582-4,48582,626,27,4,20.00,30532.40,0.05,0.07,N,O,1998-02-27,1998-03-09,1998-03-04,COLLECT COD,FOB,s. slyly final requ
48583-1,48583,208,90,1,2.00,2216.40,0.02,0.01,N,O,1998-03-22,1998-05-26,1998-04-14,COLLECT COD,FOB,uses. fluffily express instructions 
48583-2,48583,560,51,2,37.00,54040.72,0.09,0.02,N,O,1998-05-18,1998-05-27,1998-06-17,TAKE BACK RETURN,REG AIR,g packages sleep fluffily. regu
48583-3,48583,1214,89,3,34.00,37917.14,0.01,0.01,N,O,1998-07-01,1998-06-01,1998-07-03,NONE,REG AIR,"posits wake furiously. regular, ex"
48583-4,48583,237,19,4,47.00,53449.81,0.09,0.05,N,O,1998-05-19,1998-05-03,1998-05-21,TAKE BACK RETURN,MAIL,ongside of the 
48583-5,48583,256,38,5,19.00,21968.75,0.04,0.00,N,O,1998-06-20,1998-05-19,1998-07-18,DELIVER IN PERSON,REG AIR,sual pinto beans sleep slyly about the fox
48583-6,48583,92,68,6,9.00,8928.81,0.10,0.02,N,O,1998-06-05,1998-04-17,1998-07-03,DELIVER IN PERSON,RAIL, slyly even courts dazzle 
48583-7,48583,224,52,7,13.00,14614.86,0.01,0.06,N,O,1998-04-18,1998-04-05,1998-04-28,COLLECT COD,RAIL,timents. pinto beans hi
48608-1,48608,1176,49,1,22.00,23697.74,0.05,0.03,A,F,1993-12-06,1993-10-12,1993-12-13,TAKE BACK RETURN,TRUCK," snooze blithely final, regular i"
48608-2,48608,6,32,2,8.00,7248.00,0.06,0.07,R,F,1993-11-15,1993-11-04,1993-12-09,TAKE BACK RETURN,RAIL, special forges are quickly final 
48608-3,48608,1637,79,3,50.00,76931.50,0.07,0.03,R,F,1993-08-30,1993-10-26,1993-09-17,NONE,SHIP,"regular, final d"
48608-4,48608,624,18,4,30.00,45738.60,0.04,0.03,R,F,1993-10-14,1993-11-22,1993-10-31,DELIVER IN PERSON,TRUCK,ic packages except the slyly final req
48608-5,48608,625,19,5,47.00,71704.14,0.00,0.08,A,F,1993-09-18,1993-10-02,1993-10-17,DELIVER IN PERSON,RAIL,ly express dependencies. 
48608-6,48608,1033,39,6,39.00,36427.17,0.09,0.04,A,F,1993-12-12,1993-11-13,1994-01-03,TAKE BACK RETURN,TRUCK,instructions.
48608-7,48608,1384,99,7,29.00,37276.02,0.05,0.08,A,F,1993-12-12,1993-10-02,1994-01-10,COLLECT COD,RAIL,ithely final packages! slyly expr
48609-1,48609,80,81,1,41.00,40183.28,0.02,0.04,R,F,1993-05-28,1993-04-06,1993-06-11,TAKE BACK RETURN,FOB,Tiresias. blithely close pinto beans wake
48609-2,48609,1355,56,2,20.00,25127.00,0.08,0.04,A,F,1993-04-29,1993-03-29,1993-05-13,DELIVER IN PERSON,FOB,ording to the blithely pe
48609-3,48609,1767,94,3,12.00,20025.12,0.08,0.04,A,F,1993-06-16,1993-05-22,1993-07-13,DELIVER IN PERSON,TRUCK,y carefully regular dolphins; fluffily reg
48609-4,48609,897,64,4,40.00,71915.60,0.00,0.08,A,F,1993-06-06,1993-05-07,1993-06-30,COLLECT COD,FOB,o beans. slyl
48609-5,48609,1646,70,5,33.00,51072.12,0.09,0.04,R,F,1993-05-21,1993-04-16,1993-05-25,NONE,TRUCK,y regular foxes haggle quickly even pinto b
48609-6,48609,745,78,6,1.00,1645.74,0.03,0.03,A,F,1993-05-08,1993-05-13,1993-05-09,NONE,MAIL,deposits alongside of the slyly regular 
48610-1,48610,1127,28,1,18.00,18506.16,0.01,0.02,A,F,1993-04-19,1993-04-22,1993-04-28,NONE,AIR,egular accounts nag blithely furiously 
48610-2,48610,479,38,2,39.00,53799.33,0.00,0.00,R,F,1993-04-17,1993-05-18,1993-04-27,TAKE BACK RETURN,AIR,"y express accounts haggle. final, final pac"
48610-3,48610,1708,93,3,43.00,69217.10,0.09,0.05,R,F,1993-05-22,1993-04-20,1993-06-07,NONE,RAIL,en requests haggle carefully accor
48610-4,48610,879,13,4,3.00,5339.61,0.07,0.05,R,F,1993-07-15,1993-04-24,1993-07-30,NONE,TRUCK,iously among the quickly i
48610-5,48610,344,45,5,48.00,59728.32,0.09,0.06,R,F,1993-04-28,1993-04-18,1993-05-21,COLLECT COD,RAIL,al deposits. care
48611-1,48611,1299,37,1,30.00,36008.70,0.00,0.05,R,F,1993-10-01,1993-12-01,1993-10-27,DELIVER IN PERSON,AIR,posits. even instructions 
48611-2,48611,1402,20,2,19.00,24764.60,0.07,0.05,R,F,1993-10-07,1993-10-14,1993-10-14,NONE,RAIL,he ironic ideas. slyly regu
48611-3,48611,1479,97,3,34.00,46935.98,0.06,0.08,A,F,1993-12-02,1993-11-11,1993-12-23,COLLECT COD,MAIL,fily along the theodolites. furiou
48612-1,48612,1790,33,1,20.00,33835.80,0.01,0.02,A,F,1992-08-13,1992-09-03,1992-08-14,NONE,AIR,"ly bold, final accounts. furi"
48613-1,48613,397,98,1,23.00,29839.97,0.08,0.08,N,O,1996-07-08,1996-08-28,1996-08-01,TAKE BACK RETURN,SHIP, carefully; blithe 
48613-2,48613,1137,38,2,20.00,20762.60,0.01,0.01,N,O,1996-09-25,1996-09-14,1996-10-08,TAKE BACK RETURN,TRUCK, asymptotes on the slyly final accou
48613-3,48613,1529,50,3,2.00,2861.04,0.08,0.03,N,O,1996-10-18,1996-07-24,1996-11-13,NONE,FOB,across the requests. 
48613-4,48613,1875,76,4,11.00,19545.57,0.10,0.05,N,O,1996-09-18,1996-08-14,1996-09-27,NONE,SHIP,ias. carefully express accounts across th
48613-5,48613,1523,4,5,19.00,27065.88,0.10,0.00,N,O,1996-08-11,1996-08-28,1996-08-12,DELIVER IN PERSON,RAIL,ter the silent epitaphs. furiously furio
48613-6,48613,1110,83,6,9.00,9099.99,0.09,0.02,N,O,1996-07-17,1996-08-01,1996-07-18,TAKE BACK RETURN,AIR,t packages
48613-7,48613,491,21,7,20.00,27829.80,0.00,0.07,N,O,1996-09-02,1996-08-22,1996-09-15,NONE,AIR,requests sleep carefully along the 
48614-1,48614,929,64,1,25.00,45748.00,0.06,0.01,R,F,1992-09-22,1992-08-30,1992-10-01,COLLECT COD,SHIP,eneath the
48614-2,48614,895,29,2,27.00,48489.03,0.04,0.03,A,F,1992-07-22,1992-08-16,1992-08-15,COLLECT COD,TRUCK,ests sleep furiously 
48614-3,48614,1988,21,3,6.00,11339.88,0.04,0.08,A,F,1992-06-10,1992-08-13,1992-06-14,NONE,AIR,furiously regular dep
48615-1,48615,165,18,1,4.00,4260.64,0.03,0.04,R,F,1992-12-24,1993-01-07,1993-01-12,NONE,RAIL,esias. slyly permanent theod
48615-2,48615,1071,7,2,2.00,1944.14,0.10,0.04,A,F,1993-01-09,1993-01-20,1993-01-11,NONE,MAIL,"al, even asymptotes haggle careful"
48615-3,48615,1402,20,3,35.00,45619.00,0.10,0.03,A,F,1993-02-09,1993-02-05,1993-02-11,DELIVER IN PERSON,RAIL,"ial, even instructions nag blithely"
48615-4,48615,1029,100,4,44.00,40920.88,0.05,0.08,R,F,1993-03-15,1993-01-23,1993-04-05,TAKE BACK RETURN,MAIL, around the furiously unusual dep
48615-5,48615,1780,65,5,50.00,84089.00,0.08,0.04,R,F,1993-01-23,1993-02-01,1993-02-06,TAKE BACK RETURN,FOB,r requests alongside of the blithely even s
48640-1,48640,1513,54,1,41.00,57994.91,0.00,0.02,N,O,1996-05-03,1996-02-28,1996-05-22,DELIVER IN PERSON,TRUCK,ly ironic deposits; carefu
48640-2,48640,30,81,2,32.00,29760.96,0.03,0.08,N,O,1996-02-10,1996-04-27,1996-02-29,NONE,RAIL,. fluffily even requests boost 
48641-1,48641,635,98,1,17.00,26105.71,0.09,0.03,N,O,1996-01-03,1996-01-06,1996-01-30,DELIVER IN PERSON,AIR,s. express foxes sleep slyly against th
48641-2,48641,1691,33,2,3.00,4778.07,0.04,0.08,N,O,1996-03-18,1996-02-24,1996-04-04,COLLECT COD,REG AIR,ously daring deposits against the unusua
48641-3,48641,145,46,3,47.00,49121.58,0.06,0.00,N,O,1996-03-28,1996-02-28,1996-04-13,DELIVER IN PERSON,TRUCK,"luffily. express, special"
48642-1,48642,298,26,1,36.00,43138.44,0.04,0.06,R,F,1993-05-23,1993-04-02,1993-06-16,NONE,REG AIR," foxes breach across the regular, pending"
48642-2,48642,1115,16,2,42.00,42676.62,0.07,0.04,R,F,1993-04-07,1993-03-30,1993-04-22,TAKE BACK RETURN,SHIP,ously final packages nag. final mul
48642-3,48642,521,12,3,15.00,21322.80,0.04,0.07,R,F,1993-03-27,1993-04-15,1993-04-06,DELIVER IN PERSON,TRUCK,ructions. carefully sly accoun
48642-4,48642,246,28,4,4.00,4584.96,0.03,0.00,A,F,1993-04-09,1993-04-24,1993-05-03,DELIVER IN PERSON,FOB,to the carefully iron
48642-5,48642,1775,60,5,16.00,26828.32,0.06,0.08,A,F,1993-03-29,1993-03-17,1993-04-21,NONE,RAIL,"cuses among the special, si"
48642-6,48642,860,60,6,35.00,61630.10,0.07,0.02,R,F,1993-04-05,1993-04-03,1993-04-23,NONE,FOB,ndencies sleep bold acc
48642-7,48642,1655,38,7,37.00,57596.05,0.09,0.05,A,F,1993-02-11,1993-03-07,1993-02-26,TAKE BACK RETURN,MAIL,the quickly special pint
48643-1,48643,941,76,1,48.00,88413.12,0.09,0.04,A,F,1992-11-10,1993-01-13,1992-12-05,COLLECT COD,AIR,ccounts alongside of th
48643-2,48643,1909,10,2,25.00,45272.50,0.06,0.06,R,F,1992-12-12,1992-12-25,1992-12-15,NONE,AIR,"nding pinto beans against the regular,"
48643-3,48643,1660,61,3,50.00,78083.00,0.10,0.00,A,F,1992-12-05,1992-12-11,1993-01-01,NONE,MAIL,tes kindle doggedly express pinto
48643-4,48643,383,12,4,25.00,32084.50,0.10,0.05,A,F,1993-02-15,1992-12-21,1993-02-25,COLLECT COD,FOB,y special packages. packages cajo
48643-5,48643,1470,49,5,23.00,31543.81,0.03,0.08,A,F,1993-01-01,1992-11-19,1993-01-16,COLLECT COD,TRUCK,ntegrate blit
48643-6,48643,800,33,6,32.00,54425.60,0.01,0.01,A,F,1992-12-31,1992-12-30,1993-01-03,NONE,RAIL,. blithely regular
48644-1,48644,1311,26,1,1.00,1212.31,0.07,0.00,N,O,1997-02-09,1997-03-19,1997-02-18,NONE,RAIL,y accounts boost quickly slyly pe
48644-2,48644,290,45,2,11.00,13093.19,0.05,0.08,N,O,1997-02-24,1997-04-09,1997-02-26,TAKE BACK RETURN,TRUCK,s wake fluffi
48644-3,48644,1152,61,3,34.00,35807.10,0.03,0.07,N,O,1997-04-07,1997-04-04,1997-04-21,TAKE BACK RETURN,MAIL,al requests. carefully ironic
48644-4,48644,1922,23,4,41.00,74780.72,0.03,0.08,N,O,1997-04-05,1997-03-15,1997-04-22,TAKE BACK RETURN,AIR,quests. bold foxes wake permanently 
48644-5,48644,37,63,5,34.00,31859.02,0.01,0.08,N,O,1997-03-18,1997-03-13,1997-03-27,NONE,SHIP,out the final in
48644-6,48644,1818,62,6,35.00,60193.35,0.02,0.08,N,O,1997-01-20,1997-03-17,1997-02-07,NONE,REG AIR,even packages use beneath the fluffily f
48645-1,48645,531,22,1,29.00,41514.37,0.10,0.04,N,O,1996-07-29,1996-07-23,1996-08-06,DELIVER IN PERSON,TRUCK,al requests. deposits detect. furi
48645-2,48645,650,44,2,37.00,57374.05,0.04,0.08,N,O,1996-08-05,1996-05-28,1996-09-02,COLLECT COD,SHIP,ronic accounts kindle 
48646-1,48646,1172,81,1,36.00,38634.12,0.07,0.02,N,O,1995-10-03,1995-12-02,1995-10-21,NONE,REG AIR,lyly special ideas
48646-2,48646,1954,87,2,30.00,55678.50,0.01,0.00,N,O,1996-01-02,1995-10-12,1996-01-15,COLLECT COD,SHIP, theodolites kindle furiously
48646-3,48646,1199,36,3,48.00,52809.12,0.08,0.07,N,O,1995-10-15,1995-10-13,1995-11-07,TAKE BACK RETURN,RAIL,ccounts cajole packages. slyly clos
48647-1,48647,1604,5,1,20.00,30112.00,0.09,0.07,R,F,1992-03-23,1992-05-18,1992-03-30,DELIVER IN PERSON,FOB,side of the blithely
48647-2,48647,1383,60,2,4.00,5137.52,0.04,0.00,R,F,1992-06-25,1992-06-11,1992-07-16,DELIVER IN PERSON,MAIL,ayers. reque
48647-3,48647,1732,17,3,14.00,22872.22,0.04,0.08,A,F,1992-07-06,1992-06-03,1992-07-19,COLLECT COD,MAIL,quickly even platelets boost alongside of t
48647-4,48647,1778,79,4,29.00,48713.33,0.06,0.08,R,F,1992-07-07,1992-04-21,1992-07-26,COLLECT COD,AIR,usual packages. special e
48672-1,48672,1736,79,1,17.00,27841.41,0.06,0.04,A,F,1993-04-13,1993-02-16,1993-05-02,TAKE BACK RETURN,TRUCK, are slyly tithes. fluffily express de
48672-2,48672,1625,26,2,14.00,21372.68,0.00,0.08,R,F,1993-01-10,1993-03-17,1993-01-16,COLLECT COD,RAIL, express platelets affix slyly blithely 
48672-3,48672,871,5,3,45.00,79734.15,0.03,0.01,R,F,1993-04-18,1993-03-04,1993-05-03,NONE,AIR,final packages. slyly
48672-4,48672,1557,78,4,31.00,45215.05,0.08,0.05,R,F,1993-02-08,1993-02-10,1993-03-06,NONE,FOB, furiously s
48672-5,48672,879,80,5,18.00,32037.66,0.02,0.02,R,F,1993-01-15,1993-02-07,1993-01-31,DELIVER IN PERSON,MAIL,s are carefully after the blithel
48672-6,48672,1871,1,6,43.00,76233.41,0.09,0.08,A,F,1993-04-15,1993-03-26,1993-05-10,TAKE BACK RETURN,FOB,round the even accounts. ca
48672-7,48672,865,65,7,22.00,38848.92,0.09,0.00,R,F,1993-02-14,1993-03-21,1993-02-27,COLLECT COD,FOB,ve the carefull
48673-1,48673,1899,29,1,43.00,77438.27,0.08,0.02,R,F,1992-05-17,1992-06-18,1992-05-31,NONE,MAIL,nts. carefully regular dolphins wake
48674-1,48674,1501,82,1,32.00,44880.00,0.03,0.01,N,O,1996-02-01,1996-02-22,1996-02-15,TAKE BACK RETURN,MAIL,ost furiously about the asymptotes. qu
48674-2,48674,551,52,2,37.00,53707.35,0.02,0.00,N,O,1996-02-13,1996-02-11,1996-03-02,NONE,RAIL,into beans? regular deposits integ
48674-3,48674,649,50,3,15.00,23244.60,0.03,0.07,N,O,1996-04-22,1996-03-07,1996-05-02,TAKE BACK RETURN,AIR,use blithely: bli
48674-4,48674,1577,78,4,1.00,1478.57,0.09,0.04,N,O,1996-04-04,1996-03-16,1996-05-04,DELIVER IN PERSON,AIR,"al asymptotes. final, special for"
48674-5,48674,421,9,5,5.00,6607.10,0.08,0.03,N,O,1996-03-18,1996-02-18,1996-04-17,COLLECT COD,TRUCK,furious foxes. regular instructi
48674-6,48674,1117,26,6,16.00,16289.76,0.04,0.02,N,O,1996-02-05,1996-03-02,1996-02-23,TAKE BACK RETURN,AIR, accounts cajole acco
48674-7,48674,370,71,7,38.00,48274.06,0.06,0.04,N,O,1996-02-26,1996-03-27,1996-03-21,DELIVER IN PERSON,AIR,ithely caref
48675-1,48675,824,91,1,31.00,53469.42,0.09,0.04,A,F,1992-07-14,1992-08-27,1992-07-18,NONE,MAIL,thlessly regular requests cajole. sl
48675-2,48675,544,5,2,16.00,23112.64,0.02,0.05,R,F,1992-08-21,1992-08-17,1992-09-07,COLLECT COD,SHIP,ng to the carefully final d
48675-3,48675,1033,69,3,22.00,20548.66,0.00,0.06,A,F,1992-09-27,1992-10-07,1992-10-21,COLLECT COD,TRUCK,ronic platelets. 
48676-1,48676,565,56,1,24.00,35173.44,0.04,0.00,N,O,1998-08-17,1998-07-08,1998-08-22,DELIVER IN PERSON,SHIP,carefully regular accounts ar
48676-2,48676,1474,92,2,10.00,13754.70,0.04,0.08,N,O,1998-08-01,1998-06-27,1998-08-07,COLLECT COD,REG AIR,lar instru
48677-1,48677,1987,32,1,50.00,94449.00,0.09,0.05,N,O,1996-09-23,1996-11-07,1996-09-24,NONE,SHIP,sly final requests p
48677-2,48677,1869,13,2,42.00,74376.12,0.05,0.00,N,O,1996-09-15,1996-10-22,1996-09-24,DELIVER IN PERSON,MAIL,s about the slyly expr
48678-1,48678,691,54,1,5.00,7958.45,0.09,0.05,N,O,1996-02-19,1996-01-18,1996-03-16,COLLECT COD,REG AIR,s integrate blithely
48678-2,48678,638,1,2,5.00,7693.15,0.10,0.03,N,O,1995-12-25,1996-02-17,1996-01-14,NONE,REG AIR,ithely regular deposi
48679-1,48679,1636,19,1,5.00,7688.15,0.02,0.05,N,O,1997-06-17,1997-03-29,1997-07-03,COLLECT COD,TRUCK, requests haggle slyly slyly final foxes
48679-2,48679,1831,18,2,27.00,46786.41,0.00,0.02,N,O,1997-04-22,1997-04-17,1997-05-21,TAKE BACK RETURN,REG AIR,ding multi
48679-3,48679,573,34,3,44.00,64837.08,0.04,0.05,N,O,1997-02-17,1997-03-22,1997-03-14,NONE,REG AIR,cording to the ruthlessly
48679-4,48679,1047,18,4,9.00,8532.36,0.05,0.01,N,O,1997-04-22,1997-04-13,1997-05-12,COLLECT COD,AIR,regular requests are fluffily. regula
48679-5,48679,1871,72,5,26.00,46094.62,0.10,0.04,N,O,1997-03-07,1997-05-05,1997-04-02,TAKE BACK RETURN,AIR,ly silent theodolites? carefully s
48679-6,48679,1566,7,6,8.00,11740.48,0.10,0.01,N,O,1997-05-22,1997-03-29,1997-05-28,TAKE BACK RETURN,MAIL,ld accounts w
48704-1,48704,911,46,1,2.00,3623.82,0.03,0.02,A,F,1992-04-17,1992-04-02,1992-05-11,DELIVER IN PERSON,FOB,y epitaphs. furious accounts boost
48704-2,48704,1224,99,2,24.00,27005.28,0.04,0.00,A,F,1992-03-09,1992-02-14,1992-03-21,TAKE BACK RETURN,RAIL,ss the quickly exp
48704-3,48704,1687,29,3,37.00,58781.16,0.01,0.06,R,F,1992-02-02,1992-02-19,1992-03-01,NONE,AIR,"ions cajole. even, final"
48704-4,48704,1896,40,4,47.00,84500.83,0.01,0.02,R,F,1992-04-06,1992-03-10,1992-04-30,TAKE BACK RETURN,AIR,ccounts. slyly 
48704-5,48704,796,61,5,7.00,11877.53,0.04,0.02,R,F,1992-05-10,1992-03-06,1992-05-17,NONE,TRUCK,", pending gifts"
48704-6,48704,1912,45,6,19.00,34464.29,0.00,0.04,R,F,1992-01-28,1992-04-03,1992-02-27,COLLECT COD,TRUCK,ts. packages detect furiously above the
48704-7,48704,531,92,7,30.00,42945.90,0.04,0.08,A,F,1992-03-20,1992-02-29,1992-04-15,TAKE BACK RETURN,TRUCK,e quickly above the bli
48705-1,48705,1432,11,1,4.00,5333.72,0.08,0.00,N,O,1996-04-10,1996-04-22,1996-05-06,COLLECT COD,FOB,. furiously bold
48705-2,48705,858,58,2,40.00,70354.00,0.09,0.08,N,O,1996-04-26,1996-06-06,1996-05-23,NONE,REG AIR,usly regular ideas are carefully ironic 
48706-1,48706,969,70,1,2.00,3739.92,0.06,0.01,A,F,1993-02-09,1993-01-07,1993-02-25,DELIVER IN PERSON,RAIL,nding deposits. theodolites use 
48706-2,48706,89,65,2,41.00,40552.28,0.01,0.03,R,F,1992-11-11,1992-12-02,1992-11-21,TAKE BACK RETURN,MAIL,ct slyly fluffily unusual packages. exp
48706-3,48706,1000,69,3,31.00,27931.00,0.00,0.05,A,F,1992-11-12,1993-01-15,1992-11-20,COLLECT COD,REG AIR,es across the slyly regular accounts
48707-1,48707,390,91,1,18.00,23227.02,0.00,0.07,A,F,1992-10-01,1992-10-18,1992-10-28,NONE,FOB,s cajole furiously fluffily pending Tire
48707-2,48707,1729,56,2,11.00,17937.92,0.06,0.02,A,F,1992-11-26,1992-11-20,1992-12-17,NONE,SHIP, the carefully regular ideas! slyly ironic
48707-3,48707,259,14,3,31.00,35936.75,0.05,0.00,R,F,1992-09-27,1992-11-15,1992-09-28,NONE,SHIP,ly regular r
48707-4,48707,897,98,4,32.00,57532.48,0.04,0.00,A,F,1992-12-06,1992-11-15,1992-12-31,NONE,SHIP,usly ironic foxes. slyly p
48707-5,48707,1294,32,5,11.00,13148.19,0.00,0.02,R,F,1992-09-23,1992-12-03,1992-10-06,COLLECT COD,AIR,sits use carefully arou
48707-6,48707,185,64,6,10.00,10851.80,0.03,0.08,R,F,1992-12-08,1992-10-22,1992-12-15,TAKE BACK RETURN,REG AIR,al warhorses are furiously busily 
48708-1,48708,1491,70,1,37.00,51522.13,0.02,0.06,N,O,1996-05-28,1996-07-18,1996-06-15,TAKE BACK RETURN,RAIL,ic waters. platelets cajole 
48708-2,48708,1162,99,2,35.00,37210.60,0.10,0.04,N,O,1996-08-21,1996-07-30,1996-09-18,COLLECT COD,FOB,y ironic hock
48708-3,48708,500,30,3,21.00,29410.50,0.07,0.04,N,O,1996-05-11,1996-07-04,1996-05-22,COLLECT COD,SHIP,ccording to 
48709-1,48709,292,47,1,18.00,21461.22,0.01,0.00,N,O,1995-09-04,1995-11-02,1995-09-22,COLLECT COD,MAIL, the slyly careful instruc
48709-2,48709,1247,85,2,22.00,25261.28,0.02,0.08,N,O,1995-11-23,1995-10-13,1995-12-02,NONE,REG AIR,sits. fluffily regula
48709-3,48709,1599,40,3,12.00,18007.08,0.01,0.07,N,O,1995-10-18,1995-11-22,1995-11-09,COLLECT COD,SHIP,to the foxes haggle quickly f
48710-1,48710,536,27,1,41.00,58897.73,0.09,0.07,A,F,1995-01-06,1995-02-02,1995-01-16,COLLECT COD,TRUCK,y final deposits. packages snooze
48710-2,48710,1730,15,2,25.00,40793.25,0.01,0.00,A,F,1995-02-21,1995-01-10,1995-03-05,DELIVER IN PERSON,RAIL,ing to the blithely bold deposits. 
48710-3,48710,7,33,3,3.00,2721.00,0.00,0.08,A,F,1995-03-17,1994-12-30,1995-03-30,TAKE BACK RETURN,AIR,ckages use ca
48710-4,48710,192,19,4,39.00,42595.41,0.03,0.03,R,F,1995-01-15,1995-01-07,1995-01-31,DELIVER IN PERSON,FOB,ously fluffily express de
48710-5,48710,1528,49,5,9.00,12865.68,0.00,0.07,R,F,1995-02-23,1995-02-21,1995-03-12,TAKE BACK RETURN,REG AIR,"r, even instr"
48710-6,48710,758,91,6,5.00,8293.75,0.06,0.08,A,F,1994-12-24,1995-02-02,1995-01-11,TAKE BACK RETURN,FOB,ording to 
48710-7,48710,1823,10,7,43.00,74167.26,0.05,0.07,R,F,1995-03-15,1995-01-04,1995-04-02,DELIVER IN PERSON,FOB,ly regular
48711-1,48711,989,24,1,47.00,88829.06,0.01,0.02,N,O,1997-04-26,1997-06-30,1997-05-04,TAKE BACK RETURN,SHIP,ly against t
48711-2,48711,615,78,2,3.00,4546.83,0.07,0.05,N,O,1997-08-07,1997-06-30,1997-09-01,DELIVER IN PERSON,AIR,ites sleep regular accounts. pend
48711-3,48711,1449,89,3,10.00,13504.40,0.10,0.03,N,O,1997-06-30,1997-05-24,1997-07-03,NONE,RAIL,y about the s
48711-4,48711,1358,73,4,21.00,26446.35,0.09,0.00,N,O,1997-06-15,1997-05-18,1997-07-13,TAKE BACK RETURN,FOB,es. blithe
48736-1,48736,1055,56,1,10.00,9560.50,0.08,0.00,N,O,1997-06-29,1997-05-19,1997-07-21,NONE,TRUCK,"cial, slow pin"
48737-1,48737,1212,13,1,2.00,2226.42,0.07,0.00,N,O,1996-05-27,1996-04-24,1996-06-01,TAKE BACK RETURN,FOB,nstructions
48737-2,48737,14,65,2,16.00,14624.16,0.07,0.07,N,O,1996-07-07,1996-06-02,1996-07-19,TAKE BACK RETURN,AIR,cies. instructions cajole ironic account
48737-3,48737,1981,70,3,43.00,80968.14,0.06,0.01,N,O,1996-05-22,1996-06-02,1996-06-18,TAKE BACK RETURN,MAIL, ironic theodolites 
48738-1,48738,508,99,1,6.00,8451.00,0.08,0.01,N,O,1998-05-14,1998-04-20,1998-05-15,TAKE BACK RETURN,FOB,tegrate blithely daringly bold requests. 
48738-2,48738,1877,21,2,9.00,16009.83,0.06,0.07,N,O,1998-05-06,1998-03-29,1998-05-30,COLLECT COD,TRUCK,"cial realms. special, silent asymptot"
48738-3,48738,519,80,3,41.00,58199.91,0.07,0.03,N,O,1998-02-15,1998-04-24,1998-03-11,TAKE BACK RETURN,FOB,n instructions. regular packages ha
48739-1,48739,713,14,1,31.00,50025.01,0.06,0.08,N,O,1997-12-19,1997-10-02,1997-12-29,DELIVER IN PERSON,MAIL,ar deposits n
48739-2,48739,1477,78,2,38.00,52381.86,0.00,0.04,N,O,1997-11-11,1997-09-30,1997-11-26,COLLECT COD,TRUCK,he final deposits believe a
48740-1,48740,1270,45,1,35.00,40994.45,0.00,0.03,N,O,1996-05-03,1996-05-19,1996-05-12,NONE,SHIP,final accounts sleep daringly q
48740-2,48740,1158,59,2,37.00,39188.55,0.04,0.04,N,O,1996-04-26,1996-05-21,1996-05-04,TAKE BACK RETURN,RAIL, Tiresias above the blit
48740-3,48740,753,86,3,29.00,47958.75,0.06,0.06,N,O,1996-07-07,1996-04-23,1996-07-28,TAKE BACK RETURN,REG AIR,ts must cajole final 
48740-4,48740,290,18,4,15.00,17854.35,0.01,0.03,N,O,1996-07-09,1996-04-12,1996-08-06,TAKE BACK RETURN,TRUCK,lent requests breach according to t
48741-1,48741,1941,86,1,37.00,68188.78,0.01,0.04,N,O,1997-09-03,1997-09-09,1997-09-24,COLLECT COD,RAIL,ound the asymptotes. fluffily expr
48741-2,48741,450,51,2,36.00,48616.20,0.02,0.06,N,O,1997-08-31,1997-09-02,1997-09-02,NONE,RAIL,r foxes wake. ironic 
48741-3,48741,154,55,3,29.00,30570.35,0.00,0.02,N,O,1997-10-17,1997-08-08,1997-11-08,DELIVER IN PERSON,RAIL,ely. slyly
48741-4,48741,1218,19,4,29.00,32457.09,0.02,0.05,N,O,1997-10-27,1997-09-14,1997-11-12,TAKE BACK RETURN,AIR,cial realms slee
48741-5,48741,339,96,5,36.00,44615.88,0.04,0.05,N,O,1997-10-14,1997-08-29,1997-10-27,COLLECT COD,FOB,ng the final
48741-6,48741,551,12,6,31.00,44998.05,0.10,0.02,N,O,1997-09-10,1997-09-02,1997-09-28,TAKE BACK RETURN,MAIL,usual theodolites affix accounts. blith
48741-7,48741,992,61,7,12.00,22715.88,0.07,0.08,N,O,1997-08-14,1997-08-12,1997-08-28,DELIVER IN PERSON,FOB,nusual deposits! bold packages boost alongs
48742-1,48742,780,81,1,37.00,62188.86,0.00,0.08,A,F,1992-04-19,1992-06-19,1992-05-04,TAKE BACK RETURN,AIR,uriously ironic packages haggle slyly slyl
48742-2,48742,1188,61,2,9.00,9802.62,0.02,0.06,A,F,1992-06-25,1992-07-10,1992-07-04,DELIVER IN PERSON,MAIL, the ironic instructions. 
48742-3,48742,1718,61,3,22.00,35633.62,0.00,0.04,R,F,1992-05-24,1992-07-01,1992-06-09,DELIVER IN PERSON,SHIP,"xpress ideas are slyly express, final ide"
48742-4,48742,78,54,4,20.00,19561.40,0.01,0.02,A,F,1992-05-10,1992-06-27,1992-06-05,TAKE BACK RETURN,FOB,ickly final th
48742-5,48742,518,79,5,7.00,9929.57,0.09,0.02,A,F,1992-06-22,1992-06-07,1992-07-13,NONE,AIR,nding foxes. 
48742-6,48742,1984,29,6,35.00,66009.30,0.04,0.07,A,F,1992-06-26,1992-07-13,1992-07-03,NONE,RAIL, close courts sublate a
48743-1,48743,1874,75,1,10.00,17758.70,0.00,0.06,A,F,1995-02-04,1995-02-09,1995-02-05,NONE,REG AIR,he special excuses. fin
48768-1,48768,513,14,1,16.00,22616.16,0.02,0.08,N,O,1997-11-11,1997-10-16,1997-11-26,DELIVER IN PERSON,MAIL,platelets? ex
48768-2,48768,1818,5,2,24.00,41275.44,0.08,0.08,N,O,1997-08-01,1997-09-19,1997-08-29,DELIVER IN PERSON,REG AIR,ss requests are doggedl
48768-3,48768,1639,81,3,3.00,4621.89,0.06,0.04,N,O,1997-07-26,1997-08-22,1997-07-29,TAKE BACK RETURN,SHIP,ld theodolites-- regular platelets p
48769-1,48769,293,75,1,31.00,36991.99,0.02,0.05,N,O,1995-12-10,1995-11-18,1995-12-15,DELIVER IN PERSON,TRUCK,ully caref
48769-2,48769,957,58,2,13.00,24153.35,0.03,0.03,N,O,1995-11-03,1995-12-21,1995-12-02,DELIVER IN PERSON,RAIL,ly ironic f
48769-3,48769,1569,70,3,47.00,69116.32,0.02,0.01,N,O,1995-10-31,1995-11-18,1995-11-02,COLLECT COD,RAIL,haggle blithely. furiousl
48770-1,48770,1187,88,1,30.00,32645.40,0.01,0.08,A,F,1992-07-18,1992-05-28,1992-08-04,COLLECT COD,SHIP,lyly express courts. theodolites print care
48770-2,48770,169,22,2,18.00,19244.88,0.04,0.05,A,F,1992-05-03,1992-06-20,1992-05-11,DELIVER IN PERSON,MAIL,efully final ideas. blith
48770-3,48770,1272,47,3,20.00,23465.40,0.03,0.05,R,F,1992-06-05,1992-06-02,1992-06-15,NONE,RAIL,"press, unusual excuses cajole slyly ag"
48770-4,48770,1146,55,4,38.00,39791.32,0.00,0.08,R,F,1992-04-10,1992-05-13,1992-04-20,TAKE BACK RETURN,SHIP,kages. sometimes regu
48771-1,48771,830,31,1,2.00,3461.66,0.00,0.00,N,O,1998-02-04,1998-04-05,1998-02-17,DELIVER IN PERSON,SHIP,about the dinos. blithely ir
48771-2,48771,1709,94,2,49.00,78924.30,0.06,0.03,N,O,1998-03-16,1998-03-30,1998-04-14,COLLECT COD,RAIL,the bold braids. fin
48772-1,48772,1153,90,1,3.00,3162.45,0.07,0.04,R,F,1994-05-22,1994-06-21,1994-06-08,COLLECT COD,SHIP,g the slyly special orbits. 
48772-2,48772,1366,81,2,34.00,43090.24,0.01,0.07,R,F,1994-08-20,1994-08-05,1994-08-26,TAKE BACK RETURN,RAIL,the carefully pending inst
48772-3,48772,502,3,3,11.00,15427.50,0.04,0.07,A,F,1994-05-16,1994-07-29,1994-06-09,NONE,AIR,ress package
48772-4,48772,1755,98,4,3.00,4970.25,0.03,0.04,R,F,1994-09-10,1994-07-12,1994-09-25,NONE,AIR, quickly alongside 
48772-5,48772,55,31,5,14.00,13370.70,0.06,0.04,R,F,1994-06-07,1994-08-09,1994-06-09,COLLECT COD,AIR,ng to the re
48772-6,48772,1859,60,6,6.00,10565.10,0.00,0.02,A,F,1994-08-20,1994-06-15,1994-08-31,COLLECT COD,AIR,o the carefully bold
48772-7,48772,1061,97,7,32.00,30785.92,0.03,0.03,A,F,1994-08-02,1994-07-31,1994-08-07,COLLECT COD,MAIL,final pinto beans wake.
48773-1,48773,348,33,1,43.00,53678.62,0.04,0.03,R,F,1994-03-15,1994-02-28,1994-04-10,COLLECT COD,FOB, even ideas caj
48773-2,48773,191,44,2,37.00,40374.03,0.05,0.00,A,F,1994-03-05,1994-03-30,1994-03-27,TAKE BACK RETURN,SHIP,ding accounts. fox
48773-3,48773,1460,100,3,45.00,61265.70,0.06,0.06,A,F,1994-04-25,1994-02-17,1994-05-24,COLLECT COD,MAIL,nts cajole furiously ironic dependencie
48774-1,48774,69,70,1,12.00,11628.72,0.04,0.03,R,F,1992-08-30,1992-10-30,1992-09-02,DELIVER IN PERSON,TRUCK,egrate bold instructions; regular dep
48775-1,48775,1465,83,1,5.00,6832.30,0.00,0.03,R,F,1994-11-30,1994-11-29,1994-12-19,NONE,AIR,ets against the ironic ideas hagg
48775-2,48775,877,77,2,49.00,87115.63,0.10,0.04,A,F,1994-11-08,1994-11-21,1994-11-19,COLLECT COD,AIR,ffily regul
48775-3,48775,1447,65,3,42.00,56634.48,0.10,0.06,R,F,1994-11-11,1994-10-12,1994-12-01,COLLECT COD,REG AIR,ously final packag
48800-1,48800,1928,73,1,23.00,42088.16,0.03,0.02,R,F,1994-01-24,1994-01-18,1994-02-07,COLLECT COD,FOB,s are above the furi
48800-2,48800,1760,87,2,23.00,38220.48,0.03,0.06,A,F,1994-01-08,1993-12-28,1994-01-18,TAKE BACK RETURN,TRUCK, gifts. slyly pending requests use c
48800-3,48800,669,70,3,9.00,14126.94,0.04,0.00,A,F,1993-12-05,1993-11-27,1993-12-28,TAKE BACK RETURN,TRUCK," tithes; bold, even theodolites wake"
48800-4,48800,684,47,4,48.00,76064.64,0.01,0.01,R,F,1993-10-28,1993-12-27,1993-11-09,DELIVER IN PERSON,AIR,mise quickly across the 
48800-5,48800,159,60,5,23.00,24360.45,0.04,0.01,R,F,1994-01-14,1994-01-05,1994-02-11,DELIVER IN PERSON,AIR,y final requests wake carefully across
48800-6,48800,291,46,6,17.00,20251.93,0.09,0.03,R,F,1993-11-15,1993-12-20,1993-12-02,TAKE BACK RETURN,TRUCK,ly final pinto beans. bold instructions han
48801-1,48801,767,100,1,10.00,16677.60,0.07,0.03,R,F,1992-11-24,1992-12-07,1992-12-17,DELIVER IN PERSON,FOB,oost fluffily 
48801-2,48801,957,60,2,22.00,40874.90,0.00,0.08,A,F,1992-11-13,1993-01-09,1992-12-08,TAKE BACK RETURN,FOB,d excuses. closely bold accounts about
48801-3,48801,595,96,3,43.00,64310.37,0.05,0.07,A,F,1992-11-03,1992-12-19,1992-11-24,DELIVER IN PERSON,FOB,ets use slyly regular deposits. regular 
48801-4,48801,1129,38,4,26.00,26783.12,0.02,0.07,A,F,1992-11-02,1992-12-15,1992-11-18,TAKE BACK RETURN,SHIP,furiously special pinto beans cajole 
48801-5,48801,1421,61,5,10.00,13224.20,0.07,0.08,A,F,1993-01-03,1992-12-15,1993-02-01,COLLECT COD,REG AIR,e. quickly bold deposits na
48801-6,48801,1378,55,6,9.00,11514.33,0.06,0.08,R,F,1992-10-19,1992-12-04,1992-11-17,COLLECT COD,RAIL,es boost: unusual dependencies above 
48802-1,48802,1268,80,1,7.00,8184.82,0.09,0.08,A,F,1992-08-05,1992-09-23,1992-08-13,DELIVER IN PERSON,REG AIR, packages. blithe
48803-1,48803,1429,8,1,40.00,53216.80,0.04,0.05,A,F,1993-03-01,1993-01-06,1993-03-24,NONE,SHIP," final, ironic hockey players. fluf"
48803-2,48803,1590,91,2,41.00,61155.19,0.06,0.02,A,F,1993-02-19,1993-01-24,1993-03-11,DELIVER IN PERSON,MAIL,integrate ruthlessly. foxes affix
48804-1,48804,1834,35,1,5.00,8679.15,0.06,0.02,N,O,1997-10-09,1997-10-03,1997-11-07,COLLECT COD,AIR,otes affix 
48804-2,48804,1956,1,2,42.00,78033.90,0.02,0.06,N,O,1997-12-18,1997-10-13,1998-01-08,NONE,TRUCK,ke carefully. furious accounts wake. requ
48805-1,48805,326,11,1,25.00,30658.00,0.02,0.07,A,F,1994-03-20,1994-04-07,1994-03-24,TAKE BACK RETURN,SHIP,ording to the slyly express theodolites
48806-1,48806,1025,26,1,23.00,21298.46,0.04,0.03,N,O,1996-04-06,1996-05-09,1996-04-30,TAKE BACK RETURN,REG AIR,ideas. regular accounts serve
48806-2,48806,1821,51,2,5.00,8614.10,0.06,0.07,N,O,1996-04-09,1996-04-28,1996-05-03,TAKE BACK RETURN,AIR,ve the carefully ironic instructions
48806-3,48806,1278,90,3,47.00,55425.69,0.08,0.06,N,O,1996-04-16,1996-05-08,1996-04-17,NONE,SHIP,tructions sleep. blith
48806-4,48806,1906,51,4,26.00,47005.40,0.09,0.02,N,O,1996-03-16,1996-05-07,1996-04-08,DELIVER IN PERSON,AIR,asymptotes boost blithe
48806-5,48806,1793,78,5,21.00,35590.59,0.03,0.05,N,O,1996-04-13,1996-04-08,1996-05-12,DELIVER IN PERSON,FOB,"nag express,"
48806-6,48806,1930,19,6,18.00,32974.74,0.07,0.02,N,O,1996-03-06,1996-05-17,1996-03-23,TAKE BACK RETURN,REG AIR,ckages solve furiously. carefully fina
48806-7,48806,1062,98,7,4.00,3852.24,0.05,0.08,N,O,1996-04-16,1996-05-01,1996-04-24,COLLECT COD,REG AIR,ggle quickly regular theodolites.
48807-1,48807,788,21,1,14.00,23642.92,0.01,0.01,A,F,1992-06-11,1992-08-01,1992-06-25,COLLECT COD,MAIL,dolites cajole fluff
48807-2,48807,1372,49,2,49.00,62395.13,0.10,0.01,R,F,1992-07-16,1992-07-20,1992-08-09,COLLECT COD,SHIP,se slyly caref
48832-1,48832,1025,26,1,18.00,16668.36,0.04,0.03,R,F,1993-07-26,1993-07-17,1993-08-24,NONE,MAIL,"the pending, iron"
48832-2,48832,1015,16,2,7.00,6412.07,0.05,0.01,R,F,1993-06-21,1993-07-11,1993-07-03,TAKE BACK RETURN,SHIP,equests nag fluffily. regular packages 
48833-1,48833,455,43,1,36.00,48796.20,0.03,0.05,N,O,1996-04-24,1996-04-29,1996-05-10,NONE,FOB,ke fluffily. 
48833-2,48833,1631,14,2,29.00,44446.27,0.01,0.03,N,O,1996-04-22,1996-04-28,1996-05-04,COLLECT COD,REG AIR,ts might hang re
48834-1,48834,1213,25,1,14.00,15598.94,0.08,0.06,N,O,1997-01-07,1997-01-08,1997-01-22,TAKE BACK RETURN,REG AIR,ing accounts. blithely even shea
48834-2,48834,9,60,2,50.00,45450.00,0.05,0.03,N,O,1997-03-07,1996-12-18,1997-03-09,COLLECT COD,RAIL,pecial instructions print carefully 
48834-3,48834,1451,52,3,2.00,2704.90,0.03,0.08,N,O,1996-12-26,1997-01-27,1997-01-08,DELIVER IN PERSON,MAIL,dly special requests cajole. f
48835-1,48835,660,54,1,50.00,78033.00,0.02,0.04,R,F,1993-04-11,1993-03-24,1993-04-12,COLLECT COD,MAIL,e final ideas. final pa
48836-1,48836,401,60,1,7.00,9109.80,0.00,0.02,A,F,1994-02-16,1994-04-30,1994-02-24,NONE,FOB,fully regular accounts. slyly regular 
48836-2,48836,1335,74,2,30.00,37089.90,0.00,0.08,R,F,1994-05-25,1994-03-30,1994-06-19,NONE,AIR,pecial packag
48836-3,48836,952,55,3,9.00,16676.55,0.07,0.01,A,F,1994-05-20,1994-05-14,1994-05-27,DELIVER IN PERSON,RAIL,unts. slyly express requests 
48836-4,48836,352,81,4,44.00,55103.40,0.03,0.01,R,F,1994-03-29,1994-03-23,1994-04-22,NONE,TRUCK,latelets use slyly.
48836-5,48836,1167,76,5,3.00,3204.48,0.03,0.05,R,F,1994-04-27,1994-04-13,1994-05-10,TAKE BACK RETURN,TRUCK,ckages. regula
48837-1,48837,1061,97,1,24.00,23089.44,0.06,0.02,N,O,1995-07-28,1995-10-06,1995-08-03,TAKE BACK RETURN,SHIP,al deposits. theo
48837-2,48837,1900,87,2,39.00,70274.10,0.02,0.03,N,O,1995-09-11,1995-09-12,1995-09-22,TAKE BACK RETURN,AIR,s wake blithel
48837-3,48837,1598,79,3,12.00,17995.08,0.09,0.03,N,O,1995-09-16,1995-09-07,1995-10-07,TAKE BACK RETURN,TRUCK,lly regular attainm
48837-4,48837,1724,25,4,36.00,58525.92,0.02,0.04,N,O,1995-09-28,1995-09-24,1995-10-08,COLLECT COD,RAIL,ackages are blithely final pinto beans. qui
48838-1,48838,1331,32,1,27.00,33272.91,0.06,0.06,N,O,1996-08-29,1996-09-11,1996-08-31,NONE,TRUCK,ctions cajole fluffily 
48838-2,48838,1429,30,2,10.00,13304.20,0.10,0.04,N,O,1996-09-11,1996-08-06,1996-09-13,DELIVER IN PERSON,MAIL, foxes sle
48838-3,48838,1600,81,3,11.00,16517.60,0.04,0.04,N,O,1996-06-20,1996-09-05,1996-06-25,COLLECT COD,FOB,"against the express, unusual platele"
48838-4,48838,1208,20,4,43.00,47695.60,0.04,0.07,N,O,1996-08-28,1996-08-23,1996-09-21,TAKE BACK RETURN,FOB,usly bold dependencies. reques
48838-5,48838,50,26,5,16.00,15200.80,0.01,0.01,N,O,1996-06-26,1996-07-28,1996-07-15,TAKE BACK RETURN,MAIL,ing to the regula
48839-1,48839,419,78,1,20.00,26388.20,0.07,0.01,R,F,1993-08-14,1993-09-25,1993-09-12,DELIVER IN PERSON,TRUCK,packages haggle. dependencies
48839-2,48839,391,48,2,27.00,34867.53,0.06,0.02,A,F,1993-08-11,1993-09-25,1993-08-21,TAKE BACK RETURN,SHIP,posits x-ray
48839-3,48839,1432,33,3,33.00,44003.19,0.04,0.01,A,F,1993-07-29,1993-08-26,1993-08-22,TAKE BACK RETURN,RAIL,requests haggle furi
48864-1,48864,661,62,1,10.00,15616.60,0.05,0.01,N,O,1998-01-13,1997-12-13,1998-01-22,DELIVER IN PERSON,SHIP,ake quickly. re
48864-2,48864,793,58,2,25.00,42344.75,0.07,0.01,N,O,1998-01-21,1997-12-30,1998-02-03,TAKE BACK RETURN,MAIL,grouches are? fur
48865-1,48865,1801,31,1,36.00,61300.80,0.08,0.00,A,F,1994-01-23,1993-12-14,1994-02-22,TAKE BACK RETURN,RAIL,kages snooze ironically sly foxes. p
48865-2,48865,1284,22,2,47.00,55708.16,0.04,0.07,R,F,1993-11-17,1993-12-18,1993-11-28,TAKE BACK RETURN,TRUCK,ag blithely
48865-3,48865,832,99,3,7.00,12129.81,0.05,0.00,R,F,1994-02-10,1994-01-22,1994-03-12,NONE,RAIL,nding platelets boost above the slyly bol
48865-4,48865,37,38,4,2.00,1874.06,0.00,0.01,R,F,1994-02-23,1993-12-08,1994-03-07,DELIVER IN PERSON,FOB,y express ex
48865-5,48865,157,10,5,47.00,49686.05,0.01,0.05,R,F,1993-11-16,1993-11-29,1993-11-22,TAKE BACK RETURN,REG AIR,eas integrate. caref
48865-6,48865,1860,47,6,7.00,12333.02,0.07,0.07,A,F,1994-01-24,1994-01-10,1994-01-29,TAKE BACK RETURN,AIR,lent realms wake quickly qu
48866-1,48866,1802,32,1,16.00,27260.80,0.02,0.04,R,F,1992-10-05,1992-09-14,1992-10-22,DELIVER IN PERSON,AIR, the quickly pending foxes u
48866-2,48866,1706,33,2,30.00,48231.00,0.00,0.02,R,F,1992-08-19,1992-07-19,1992-09-16,NONE,AIR,lites are blithely regular asymptotes. q
48866-3,48866,1986,87,3,18.00,33983.64,0.01,0.01,R,F,1992-10-07,1992-07-23,1992-10-08,NONE,MAIL, silent pinto beans:
48867-1,48867,516,77,1,23.00,32579.73,0.07,0.07,N,O,1998-03-04,1998-03-17,1998-03-23,NONE,AIR, alongside of 
48867-2,48867,801,1,2,1.00,1701.80,0.08,0.02,N,O,1998-05-07,1998-04-12,1998-05-14,DELIVER IN PERSON,AIR,"ly regular, special"
48867-3,48867,569,70,3,25.00,36739.00,0.04,0.08,N,O,1998-03-01,1998-05-06,1998-03-18,NONE,REG AIR,iers. quickl
48867-4,48867,34,85,4,18.00,16812.54,0.07,0.07,N,O,1998-04-07,1998-05-04,1998-05-02,COLLECT COD,FOB, furiously regular foxes cajole ev
48867-5,48867,667,68,5,2.00,3135.32,0.02,0.02,N,O,1998-05-06,1998-03-20,1998-05-26,DELIVER IN PERSON,REG AIR,usly regular foxes. stealthily un
48868-1,48868,1719,4,1,18.00,29172.78,0.09,0.05,R,F,1992-08-24,1992-07-17,1992-09-07,TAKE BACK RETURN,REG AIR,jole slyly across 
48868-2,48868,374,59,2,15.00,19115.55,0.02,0.02,R,F,1992-07-02,1992-07-16,1992-07-23,DELIVER IN PERSON,TRUCK,inal foxes. finally ironic a
48868-3,48868,1125,98,3,7.00,7182.84,0.00,0.08,A,F,1992-09-23,1992-07-19,1992-10-12,NONE,FOB,eposits sleep carefully
48868-4,48868,1823,10,4,27.00,46570.14,0.02,0.02,A,F,1992-06-27,1992-08-08,1992-07-06,NONE,RAIL,riously regular accounts. quickly bold depo
48868-5,48868,376,61,5,16.00,20421.92,0.07,0.05,A,F,1992-09-24,1992-08-05,1992-10-11,TAKE BACK RETURN,MAIL,at the quickly pending 
48868-6,48868,1428,68,6,36.00,47859.12,0.03,0.03,R,F,1992-06-21,1992-07-14,1992-07-17,DELIVER IN PERSON,FOB,ven accounts. blithe
48869-1,48869,1319,20,1,42.00,51253.02,0.05,0.08,N,O,1996-10-09,1996-08-29,1996-10-26,DELIVER IN PERSON,FOB,the careful
48869-2,48869,1801,45,2,24.00,40867.20,0.09,0.00,N,O,1996-08-20,1996-09-06,1996-08-21,DELIVER IN PERSON,FOB,ithely. unusu
48869-3,48869,410,40,3,37.00,48485.17,0.01,0.07,N,O,1996-09-26,1996-08-12,1996-10-12,COLLECT COD,TRUCK,egular packages. care
48869-4,48869,787,88,4,10.00,16877.80,0.02,0.02,N,O,1996-07-19,1996-08-20,1996-08-06,NONE,REG AIR,aggle among 
48869-5,48869,875,76,5,28.00,49724.36,0.07,0.04,N,O,1996-10-05,1996-09-10,1996-10-30,COLLECT COD,RAIL,al gifts about the slyly fin
48869-6,48869,1002,73,6,45.00,40635.00,0.03,0.00,N,O,1996-09-17,1996-07-31,1996-10-10,NONE,TRUCK,leep quickly silent instructions. bold r
48869-7,48869,386,15,7,39.00,50168.82,0.01,0.05,N,O,1996-09-02,1996-07-28,1996-09-12,DELIVER IN PERSON,SHIP,its. accounts sleep af
48870-1,48870,24,50,1,42.00,38808.84,0.10,0.04,N,O,1996-08-11,1996-07-24,1996-08-23,TAKE BACK RETURN,FOB, instructions engage slyly about the p
48870-2,48870,1960,49,2,49.00,91236.04,0.03,0.06,N,O,1996-06-17,1996-06-02,1996-07-11,COLLECT COD,RAIL,s boost carefully express d
48870-3,48870,159,12,3,21.00,22242.15,0.06,0.03,N,O,1996-06-29,1996-06-20,1996-07-19,TAKE BACK RETURN,FOB, around th
48870-4,48870,1932,21,4,6.00,11003.58,0.08,0.00,N,O,1996-07-11,1996-07-17,1996-07-25,TAKE BACK RETURN,SHIP,ideas-- carefully pending deposits 
48871-1,48871,1140,13,1,9.00,9370.26,0.02,0.07,N,O,1997-07-19,1997-08-07,1997-08-16,TAKE BACK RETURN,AIR,"efully; final, even accounts wake"
48896-1,48896,1959,60,1,8.00,14887.60,0.03,0.05,A,F,1995-02-08,1994-12-19,1995-03-04,COLLECT COD,FOB,nto beans sleep carefully. regular 
48896-2,48896,1219,57,2,19.00,21283.99,0.04,0.08,A,F,1994-12-31,1994-12-11,1995-01-17,DELIVER IN PERSON,MAIL,oggedly ironic requests. furiously 
48897-1,48897,1887,17,1,45.00,80499.60,0.03,0.03,N,O,1997-05-28,1997-06-03,1997-06-17,DELIVER IN PERSON,TRUCK,ously. regular reque
48897-2,48897,1354,55,2,23.00,28873.05,0.04,0.06,N,O,1997-05-10,1997-05-10,1997-05-27,COLLECT COD,FOB,old platelets. b
48897-3,48897,1157,94,3,34.00,35977.10,0.01,0.02,N,O,1997-07-13,1997-06-08,1997-08-05,NONE,TRUCK,packages among the blithely ironic accoun
48897-4,48897,1248,23,4,32.00,36775.68,0.03,0.03,N,O,1997-05-20,1997-06-26,1997-06-11,COLLECT COD,TRUCK,ccounts-- fluffily regular requests d
48898-1,48898,366,23,1,46.00,58252.56,0.01,0.01,R,F,1992-05-21,1992-05-18,1992-06-20,NONE,SHIP,es cajole even dependencies
48899-1,48899,1121,58,1,39.00,39862.68,0.06,0.08,R,F,1995-01-22,1995-03-30,1995-02-06,DELIVER IN PERSON,TRUCK,quickly unusual theodolites. furio
48899-2,48899,325,54,2,24.00,29407.68,0.07,0.06,A,F,1995-03-11,1995-03-16,1995-03-30,NONE,MAIL,ickly above the blithel
48899-3,48899,1882,12,3,8.00,14271.04,0.07,0.07,A,F,1995-04-06,1995-03-16,1995-04-08,TAKE BACK RETURN,SHIP,instructions? asymptotes are blithely. furi
48899-4,48899,1562,63,4,39.00,57078.84,0.05,0.00,A,F,1995-02-27,1995-03-30,1995-02-28,COLLECT COD,FOB,accounts sublate.
48899-5,48899,662,94,5,28.00,43754.48,0.04,0.08,R,F,1995-02-26,1995-03-09,1995-03-28,COLLECT COD,MAIL,uickly express din
48899-6,48899,600,61,6,36.00,54021.60,0.01,0.07,R,F,1995-02-04,1995-02-27,1995-02-08,COLLECT COD,MAIL,fully unusual foxes slee
48900-1,48900,1050,86,1,46.00,43748.30,0.04,0.00,R,F,1994-03-26,1994-06-14,1994-04-23,COLLECT COD,TRUCK,ravely even packages. slyly slow depos
48900-2,48900,313,98,2,48.00,58238.88,0.09,0.08,A,F,1994-07-22,1994-04-30,1994-07-27,TAKE BACK RETURN,REG AIR,al packages
48900-3,48900,1679,80,3,30.00,47420.10,0.07,0.06,A,F,1994-07-04,1994-05-08,1994-07-22,NONE,FOB,s nag slyly even
48900-4,48900,1617,18,4,5.00,7593.05,0.07,0.02,A,F,1994-07-04,1994-05-21,1994-07-09,TAKE BACK RETURN,AIR,tions eat quickly fur
48900-5,48900,1132,69,5,47.00,48557.11,0.00,0.07,R,F,1994-04-29,1994-05-31,1994-05-11,DELIVER IN PERSON,FOB, deposits are blithely bold pinto beans. ca
48901-1,48901,804,38,1,36.00,61372.80,0.03,0.07,N,O,1998-02-28,1998-01-22,1998-03-21,TAKE BACK RETURN,SHIP,hely final platelets. packages abov
48901-2,48901,1773,58,2,27.00,45218.79,0.05,0.00,N,O,1998-01-26,1998-02-19,1998-02-09,TAKE BACK RETURN,FOB,s. furiously r
48901-3,48901,1902,91,3,30.00,54117.00,0.02,0.05,N,O,1998-01-14,1998-01-24,1998-01-21,NONE,TRUCK, unusual instructions. furiously s
48901-4,48901,1722,7,4,24.00,38969.28,0.06,0.01,N,O,1997-12-15,1998-01-20,1998-01-12,COLLECT COD,AIR, ruthless deposits wake. slyly s
48901-5,48901,217,45,5,48.00,53626.08,0.08,0.06,N,O,1998-01-26,1998-02-09,1998-02-10,NONE,TRUCK,y regular instructions use slyly furiously
48901-6,48901,1174,47,6,18.00,19353.06,0.06,0.05,N,O,1997-12-29,1998-02-07,1998-01-18,NONE,AIR,hs are slyly fluff
48901-7,48901,476,64,7,14.00,19270.58,0.06,0.03,N,O,1998-02-07,1998-01-13,1998-02-22,TAKE BACK RETURN,REG AIR,nts. even 
48902-1,48902,795,60,1,13.00,22045.27,0.00,0.05,A,F,1992-10-26,1992-12-11,1992-10-31,COLLECT COD,AIR,as. slyly even accounts along the
48902-2,48902,283,11,2,13.00,15382.64,0.02,0.07,A,F,1993-01-11,1992-12-13,1993-01-31,COLLECT COD,FOB,ests wake alongside of the 
48903-1,48903,926,29,1,24.00,43846.08,0.10,0.08,R,F,1995-02-10,1995-01-30,1995-03-05,COLLECT COD,MAIL,usly final deposits. deposits haggle q
48928-1,48928,1193,94,1,45.00,49238.55,0.05,0.03,N,O,1997-09-30,1997-07-21,1997-10-24,DELIVER IN PERSON,MAIL,es. Tiresias sleep slyly. platelets nod c
48928-2,48928,30,56,2,4.00,3720.12,0.07,0.05,N,O,1997-09-04,1997-09-01,1997-09-22,NONE,SHIP,l deposits affix caref
48928-3,48928,476,64,3,37.00,50929.39,0.03,0.05,N,O,1997-07-29,1997-07-26,1997-08-14,DELIVER IN PERSON,SHIP,are blithely across the warthogs. slyly 
48928-4,48928,873,7,4,50.00,88693.50,0.00,0.04,N,O,1997-07-28,1997-07-21,1997-08-03,NONE,MAIL,ts nag carefully bold dependenc
48928-5,48928,1911,100,5,2.00,3625.82,0.09,0.02,N,O,1997-09-12,1997-08-03,1997-09-25,NONE,REG AIR,unts use thinly excuses. th
48929-1,48929,221,3,1,3.00,3363.66,0.07,0.04,R,F,1994-12-04,1995-01-18,1994-12-10,NONE,AIR,rhorses alongside of t
48929-2,48929,1786,13,2,34.00,57384.52,0.10,0.05,A,F,1995-01-11,1995-01-16,1995-02-02,COLLECT COD,TRUCK,s the express accounts. dol
48929-3,48929,791,88,3,49.00,82897.71,0.03,0.08,A,F,1994-11-05,1995-01-05,1994-11-13,COLLECT COD,MAIL,al deposits sleep. sly
48929-4,48929,150,51,4,43.00,45156.45,0.03,0.02,A,F,1995-01-26,1994-12-20,1995-02-16,TAKE BACK RETURN,REG AIR, foxes caj
48929-5,48929,805,72,5,43.00,73349.40,0.03,0.04,R,F,1994-12-27,1995-01-21,1995-01-24,NONE,FOB,furious foxes c
48929-6,48929,1439,79,6,24.00,32170.32,0.03,0.01,A,F,1994-11-28,1995-01-20,1994-12-17,NONE,TRUCK,p blithely even packag
48930-1,48930,531,62,1,23.00,32925.19,0.08,0.08,N,O,1996-05-20,1996-03-24,1996-06-06,NONE,TRUCK,iously regular requ
48930-2,48930,299,100,2,47.00,56366.63,0.03,0.08,N,O,1996-04-29,1996-04-29,1996-05-07,NONE,TRUCK, to the quickly unusual d
48930-3,48930,1033,4,3,30.00,28020.90,0.00,0.03,N,O,1996-02-09,1996-04-03,1996-02-18,TAKE BACK RETURN,TRUCK,ickly carefully pending instruct
48930-4,48930,1184,21,4,41.00,44492.38,0.06,0.03,N,O,1996-02-21,1996-03-25,1996-03-21,DELIVER IN PERSON,SHIP, carefully after 
48930-5,48930,1828,58,5,36.00,62273.52,0.09,0.08,N,O,1996-02-26,1996-03-30,1996-03-18,NONE,FOB,g the express deposit
48930-6,48930,485,44,6,29.00,40178.92,0.02,0.08,N,O,1996-02-08,1996-04-06,1996-02-17,NONE,SHIP,regular patterns. requests nag furiou
48930-7,48930,680,74,7,14.00,22129.52,0.03,0.07,N,O,1996-05-01,1996-03-03,1996-05-20,COLLECT COD,TRUCK,excuses integrate carefully.
48931-1,48931,888,88,1,43.00,76921.84,0.10,0.01,A,F,1994-09-24,1994-09-14,1994-10-18,TAKE BACK RETURN,MAIL, the furiously sly excuses c
48931-2,48931,1049,50,2,19.00,18050.76,0.07,0.05,R,F,1994-10-07,1994-09-08,1994-10-20,NONE,SHIP,d accounts a
48931-3,48931,20,71,3,29.00,26680.58,0.06,0.05,R,F,1994-10-16,1994-08-25,1994-10-24,TAKE BACK RETURN,SHIP,"s sleep furiously special, regular theodol"
48931-4,48931,99,50,4,4.00,3996.36,0.08,0.05,R,F,1994-08-24,1994-09-02,1994-09-20,TAKE BACK RETURN,MAIL,ructions. final requests cajol
48931-5,48931,1295,70,5,42.00,50244.18,0.01,0.03,R,F,1994-09-24,1994-08-29,1994-10-04,DELIVER IN PERSON,SHIP,n. furiously regul
48931-6,48931,768,65,6,49.00,81769.24,0.06,0.04,A,F,1994-09-08,1994-08-24,1994-09-23,TAKE BACK RETURN,REG AIR,gular deposits promise quickly sly
48931-7,48931,535,36,7,47.00,67469.91,0.09,0.01,A,F,1994-08-29,1994-08-27,1994-09-17,NONE,SHIP,apades. special ide
48932-1,48932,1586,67,1,33.00,49090.14,0.01,0.08,N,O,1998-07-08,1998-06-21,1998-07-20,COLLECT COD,AIR,ic requests around the expres
48932-2,48932,292,74,2,25.00,29807.25,0.01,0.00,N,O,1998-07-27,1998-06-30,1998-08-11,COLLECT COD,RAIL, dolphins. quickly final instruct
48933-1,48933,1112,13,1,15.00,15196.65,0.04,0.08,R,F,1992-04-04,1992-04-24,1992-04-15,TAKE BACK RETURN,MAIL,y slyly final acco
48934-1,48934,129,82,1,40.00,41164.80,0.10,0.07,N,O,1997-05-07,1997-06-03,1997-06-03,NONE,MAIL, instructio
48934-2,48934,1325,64,2,34.00,41694.88,0.05,0.08,N,O,1997-05-14,1997-07-02,1997-05-20,COLLECT COD,SHIP,l deposits sleep 
48934-3,48934,17,18,3,7.00,6419.07,0.06,0.00,N,O,1997-06-15,1997-05-24,1997-06-16,NONE,REG AIR,uriously pending requests wake about
48934-4,48934,1201,76,4,19.00,20941.80,0.05,0.05,N,O,1997-06-19,1997-07-09,1997-07-12,TAKE BACK RETURN,SHIP,. quietly regul
48934-5,48934,1907,96,5,1.00,1808.90,0.06,0.02,N,O,1997-04-23,1997-06-28,1997-04-24,COLLECT COD,REG AIR, fluffily unusual packages. quickl
48935-1,48935,244,45,1,5.00,5721.20,0.10,0.04,A,F,1993-03-12,1993-03-17,1993-03-21,NONE,FOB,"y. even, express deposits ar"
48935-2,48935,1330,7,2,45.00,55409.85,0.00,0.06,A,F,1993-04-28,1993-02-27,1993-05-27,TAKE BACK RETURN,REG AIR,platelets. s
48935-3,48935,1919,20,3,30.00,54627.30,0.10,0.05,R,F,1993-01-26,1993-04-03,1993-02-11,COLLECT COD,FOB,. furiously bold deposits eat carefully th
48935-4,48935,1571,92,4,40.00,58902.80,0.04,0.00,A,F,1993-04-10,1993-04-02,1993-04-30,COLLECT COD,MAIL,ly ironic pinto beans acco
48935-5,48935,740,41,5,50.00,82037.00,0.08,0.04,R,F,1993-04-22,1993-02-08,1993-04-28,NONE,RAIL,olites breach furiously. sometimes spe
48935-6,48935,1128,29,6,25.00,25728.00,0.08,0.08,A,F,1993-02-05,1993-02-10,1993-02-25,COLLECT COD,REG AIR,heodolites wake blithely ac
48935-7,48935,1536,77,7,32.00,46000.96,0.02,0.07,R,F,1993-02-17,1993-02-15,1993-02-26,COLLECT COD,SHIP,"fix even, regular platelets. reque"
48960-1,48960,1627,69,1,20.00,30572.40,0.10,0.00,N,O,1997-10-18,1997-10-16,1997-11-17,TAKE BACK RETURN,SHIP,nstructions. unusual 
48960-2,48960,1559,60,2,37.00,54040.35,0.02,0.02,N,O,1997-09-09,1997-10-24,1997-10-05,TAKE BACK RETURN,RAIL,ckly regul
48960-3,48960,1589,30,3,45.00,67076.10,0.00,0.07,N,O,1997-11-17,1997-12-03,1997-12-07,COLLECT COD,AIR,e quickly regular foxes. pending deposi
48960-4,48960,374,59,4,15.00,19115.55,0.04,0.02,N,O,1997-09-27,1997-10-07,1997-10-10,COLLECT COD,FOB,"leep. bold, close instructions sleep flu"
48961-1,48961,61,62,1,6.00,5766.36,0.03,0.06,R,F,1994-11-06,1994-10-17,1994-12-06,TAKE BACK RETURN,TRUCK,cingly bold depen
48961-2,48961,641,35,2,14.00,21582.96,0.01,0.07,R,F,1994-09-30,1994-08-31,1994-10-08,DELIVER IN PERSON,MAIL,he quickly 
48961-3,48961,46,72,3,36.00,34057.44,0.07,0.08,A,F,1994-10-13,1994-09-30,1994-10-31,COLLECT COD,TRUCK, slyly ironic ideas. carefully unusual 
48961-4,48961,676,70,4,18.00,28380.06,0.06,0.00,R,F,1994-10-13,1994-08-26,1994-11-07,DELIVER IN PERSON,MAIL,e blithely ironic accounts.
48961-5,48961,63,64,5,32.00,30817.92,0.06,0.01,R,F,1994-07-27,1994-09-30,1994-08-21,TAKE BACK RETURN,MAIL,odolites haggle. fluffily expre
48961-6,48961,1696,97,6,27.00,43137.63,0.01,0.07,R,F,1994-07-31,1994-09-12,1994-08-22,COLLECT COD,MAIL,ackages. furiousl
48961-7,48961,734,35,7,32.00,52311.36,0.02,0.04,A,F,1994-11-11,1994-10-08,1994-11-27,DELIVER IN PERSON,FOB, furiously even theodolites integr
48962-1,48962,1046,82,1,46.00,43563.84,0.08,0.05,N,O,1998-02-03,1998-03-13,1998-02-08,DELIVER IN PERSON,FOB,fully furiously pending packages. final pa
48962-2,48962,745,78,2,44.00,72412.56,0.08,0.07,N,O,1998-02-28,1998-03-04,1998-03-30,COLLECT COD,RAIL,ically ironic instruction
48962-3,48962,1827,28,3,44.00,76068.08,0.03,0.08,N,O,1998-02-16,1998-04-01,1998-02-21,DELIVER IN PERSON,MAIL,y furiously stealthy ideas. blithely ironic
48962-4,48962,244,26,4,10.00,11442.40,0.07,0.04,N,O,1998-01-30,1998-03-30,1998-02-07,COLLECT COD,RAIL,press theod
48962-5,48962,429,59,5,18.00,23929.56,0.02,0.01,N,O,1998-04-03,1998-04-23,1998-04-06,TAKE BACK RETURN,SHIP,yly furiously
48962-6,48962,1178,51,6,43.00,46404.31,0.08,0.08,N,O,1998-01-30,1998-04-11,1998-02-18,COLLECT COD,SHIP, bold dependenci
48962-7,48962,1521,42,7,30.00,42675.60,0.08,0.06,N,O,1998-04-20,1998-03-21,1998-04-28,COLLECT COD,SHIP,ut the furiously ironic deposit
48963-1,48963,294,76,1,48.00,57325.92,0.00,0.01,R,F,1993-12-13,1994-01-14,1993-12-27,NONE,TRUCK,esias are carefully regular foxes
48963-2,48963,1395,72,2,21.00,27224.19,0.01,0.00,R,F,1993-11-30,1993-12-06,1993-12-18,TAKE BACK RETURN,AIR,furiously bold deposits eat carefully theo
48963-3,48963,1235,73,3,47.00,53402.81,0.02,0.05,A,F,1994-01-06,1993-12-31,1994-01-07,TAKE BACK RETURN,AIR,s cajole fluffily iro
48963-4,48963,870,71,4,19.00,33646.53,0.02,0.02,A,F,1993-11-22,1993-12-05,1993-11-27,COLLECT COD,MAIL,ggle carefully. final deposits arou
48964-1,48964,1194,31,1,22.00,24094.18,0.04,0.04,N,O,1996-11-04,1996-09-21,1996-11-14,COLLECT COD,AIR,al accounts u
48964-2,48964,1090,61,2,19.00,18830.71,0.00,0.05,N,O,1996-09-11,1996-10-07,1996-09-30,DELIVER IN PERSON,REG AIR,ithely. bold pearls are carefully. re
48964-3,48964,1329,68,3,30.00,36909.60,0.01,0.03,N,O,1996-08-25,1996-10-17,1996-09-11,COLLECT COD,REG AIR,ular requests. regul
48964-4,48964,1212,24,4,20.00,22264.20,0.04,0.08,N,O,1996-10-04,1996-10-07,1996-10-20,COLLECT COD,SHIP, dependenci
48965-1,48965,130,57,1,48.00,49446.24,0.07,0.08,R,F,1993-06-19,1993-06-22,1993-07-03,COLLECT COD,AIR,"ross the final, fin"
48965-2,48965,779,76,2,14.00,23516.78,0.04,0.06,R,F,1993-04-16,1993-06-14,1993-04-29,NONE,REG AIR, boost. furiously express de
48965-3,48965,445,75,3,42.00,56508.48,0.01,0.08,A,F,1993-05-31,1993-05-29,1993-06-14,NONE,AIR,", even platelets after the fluffily ev"
48966-1,48966,670,2,1,4.00,6282.68,0.10,0.01,R,F,1993-07-23,1993-08-04,1993-08-11,DELIVER IN PERSON,REG AIR,ccounts use. care
48966-2,48966,1926,71,2,2.00,3655.84,0.10,0.08,R,F,1993-06-19,1993-08-24,1993-06-20,NONE,RAIL,deposits need to integrate fluffily in 
48967-1,48967,1245,83,1,6.00,6877.44,0.03,0.01,A,F,1992-02-24,1992-03-20,1992-03-07,NONE,MAIL,uriously alongside of the ironic ideas. 
48967-2,48967,717,82,2,16.00,25883.36,0.00,0.02,A,F,1992-05-24,1992-03-23,1992-06-10,TAKE BACK RETURN,RAIL,ver across t
48992-1,48992,1608,32,1,5.00,7548.00,0.00,0.00,N,O,1996-03-13,1996-04-23,1996-04-08,DELIVER IN PERSON,MAIL,carefully. furio
48992-2,48992,78,79,2,39.00,38144.73,0.10,0.06,N,O,1996-02-22,1996-04-06,1996-03-15,TAKE BACK RETURN,FOB," deposits. bold, ironic pa"
48993-1,48993,179,32,1,6.00,6475.02,0.09,0.07,A,F,1992-09-26,1992-07-01,1992-10-17,TAKE BACK RETURN,TRUCK, ideas are slyly above 
48993-2,48993,1019,20,2,18.00,16560.18,0.10,0.06,R,F,1992-08-27,1992-08-27,1992-09-15,TAKE BACK RETURN,REG AIR, the ironic packages. blithely special acc
48993-3,48993,1678,20,3,33.00,52129.11,0.01,0.01,A,F,1992-06-10,1992-08-23,1992-06-12,COLLECT COD,FOB, wake furiously behi
48993-4,48993,1449,67,4,28.00,37812.32,0.10,0.01,A,F,1992-07-04,1992-07-19,1992-08-02,NONE,AIR,ccounts cajole ca
48994-1,48994,1145,46,1,9.00,9415.26,0.03,0.08,R,F,1993-10-29,1994-01-18,1993-11-23,COLLECT COD,AIR,he slyly silent dependencies 
48994-2,48994,585,16,2,40.00,59423.20,0.09,0.01,R,F,1993-12-02,1994-01-20,1993-12-30,COLLECT COD,TRUCK, furiously. carefully even courts wake c
48994-3,48994,1862,49,3,15.00,26457.90,0.04,0.01,R,F,1993-12-13,1993-12-30,1993-12-14,DELIVER IN PERSON,SHIP,s sleep blithely furiously even deposits. s
48995-1,48995,580,41,1,39.00,57742.62,0.02,0.01,N,O,1997-02-09,1997-04-04,1997-03-10,COLLECT COD,TRUCK,onic pinto beans. b
48995-2,48995,267,22,2,19.00,22177.94,0.03,0.07,N,O,1997-04-04,1997-03-23,1997-04-11,DELIVER IN PERSON,TRUCK,s across the blithely ironic deposits. busi
48995-3,48995,1902,3,3,26.00,46901.40,0.01,0.00,N,O,1997-01-27,1997-04-07,1997-02-12,DELIVER IN PERSON,SHIP,y final dep
48995-4,48995,1721,64,4,5.00,8113.60,0.04,0.08,N,O,1997-02-06,1997-03-21,1997-03-03,COLLECT COD,AIR, slyly permanent accounts: careful
48995-5,48995,1634,17,5,13.00,19963.19,0.01,0.01,N,O,1997-04-07,1997-03-08,1997-04-23,NONE,AIR, platelets alongside of the quickly iro
48995-6,48995,718,15,6,27.00,43705.17,0.10,0.08,N,O,1997-05-17,1997-03-31,1997-06-01,COLLECT COD,RAIL,lyly final packages should 
48995-7,48995,239,94,7,27.00,30759.21,0.10,0.08,N,O,1997-02-06,1997-03-03,1997-02-18,TAKE BACK RETURN,FOB,s according to the slyly regular foxes d
48996-1,48996,1113,86,1,40.00,40564.40,0.02,0.03,N,O,1995-10-12,1995-08-10,1995-11-03,DELIVER IN PERSON,FOB,"press, pending deposits wake. asymptotes ca"
48997-1,48997,286,87,1,50.00,59314.00,0.02,0.06,R,F,1994-10-01,1994-09-01,1994-10-16,NONE,AIR,egular pint
48998-1,48998,49,100,1,14.00,13286.56,0.01,0.08,A,F,1994-03-16,1994-03-25,1994-03-22,COLLECT COD,SHIP,ackages. slyly regular 
48998-2,48998,347,76,2,49.00,61119.66,0.08,0.07,R,F,1994-04-07,1994-05-18,1994-04-26,TAKE BACK RETURN,TRUCK,leep against the 
48998-3,48998,1526,7,3,43.00,61383.36,0.05,0.05,R,F,1994-06-14,1994-04-06,1994-06-28,COLLECT COD,AIR,oxes boost carefully a
48998-4,48998,923,92,4,17.00,31006.64,0.00,0.04,R,F,1994-03-30,1994-04-12,1994-04-13,COLLECT COD,SHIP,apades sleep quickly. carefully pen
48998-5,48998,744,45,5,22.00,36184.28,0.03,0.06,R,F,1994-04-28,1994-05-16,1994-05-16,NONE,SHIP,. closely special depos
48998-6,48998,529,60,6,46.00,65757.92,0.03,0.04,R,F,1994-05-20,1994-05-09,1994-05-23,COLLECT COD,TRUCK, blithely bold forges. fl
48998-7,48998,679,73,7,40.00,63186.80,0.10,0.03,R,F,1994-02-20,1994-05-04,1994-03-20,DELIVER IN PERSON,MAIL,ar requests. b
48999-1,48999,1094,65,1,27.00,26867.43,0.09,0.05,N,O,1996-11-21,1996-10-28,1996-12-18,TAKE BACK RETURN,TRUCK,oxes are. final 
48999-2,48999,1698,81,2,1.00,1599.69,0.07,0.06,N,O,1996-11-04,1996-10-05,1996-11-18,TAKE BACK RETURN,AIR,side of the carefully
48999-3,48999,1640,41,3,35.00,53957.40,0.02,0.04,N,O,1996-12-04,1996-09-30,1996-12-22,DELIVER IN PERSON,FOB, for the regular pinto bea
49024-1,49024,523,24,1,30.00,42705.60,0.01,0.06,N,O,1997-11-16,1997-11-25,1997-12-13,TAKE BACK RETURN,TRUCK,ets are against the fluffily re
49025-1,49025,980,81,1,46.00,86525.08,0.01,0.07,A,F,1992-06-18,1992-09-11,1992-06-27,COLLECT COD,RAIL,ounts. sly
49026-1,49026,1223,35,1,32.00,35975.04,0.08,0.06,R,F,1995-05-24,1995-04-09,1995-06-05,NONE,REG AIR,ckages haggle care
49027-1,49027,1377,78,1,39.00,49856.43,0.07,0.02,A,F,1995-04-14,1995-07-06,1995-04-24,DELIVER IN PERSON,AIR,. quickly final sentiment
49027-2,49027,908,9,2,15.00,27133.50,0.07,0.03,N,O,1995-06-20,1995-06-14,1995-07-09,COLLECT COD,SHIP, packages acro
49027-3,49027,1455,34,3,9.00,12208.05,0.06,0.05,A,F,1995-05-09,1995-05-25,1995-05-21,DELIVER IN PERSON,TRUCK,riously express pinto beans are ent
49027-4,49027,1526,7,4,44.00,62810.88,0.02,0.03,N,F,1995-06-07,1995-06-08,1995-06-18,TAKE BACK RETURN,RAIL,quickly. b
49028-1,49028,803,37,1,19.00,32372.20,0.10,0.01,N,O,1997-02-17,1997-01-26,1997-03-18,COLLECT COD,REG AIR,furiously ironic foxes cajole
49029-1,49029,1105,42,1,40.00,40244.00,0.05,0.01,A,F,1992-07-12,1992-08-01,1992-07-25,NONE,FOB,al realms use ca
49029-2,49029,982,85,2,14.00,26361.72,0.09,0.00,R,F,1992-06-13,1992-07-09,1992-07-03,COLLECT COD,TRUCK,lyly bold requests. platelets aft
49030-1,49030,1943,32,1,16.00,29519.04,0.00,0.02,N,O,1998-03-19,1998-03-17,1998-04-12,COLLECT COD,TRUCK,cial packages boost slyly slyly unusu
49030-2,49030,1699,23,2,22.00,35215.18,0.05,0.01,N,O,1998-04-21,1998-03-15,1998-04-24,NONE,AIR,e carefull
49030-3,49030,1591,72,3,37.00,55225.83,0.09,0.00,N,O,1998-05-01,1998-03-30,1998-05-21,COLLECT COD,SHIP,y. ironic waters haggl
49031-1,49031,1406,24,1,4.00,5229.60,0.01,0.07,N,O,1997-08-05,1997-09-05,1997-08-20,TAKE BACK RETURN,RAIL,ly into the special es
49031-2,49031,190,69,2,15.00,16352.85,0.08,0.02,N,O,1997-10-14,1997-09-11,1997-10-29,NONE,SHIP,sits. quickly special pinto beans
49031-3,49031,1956,89,3,46.00,85465.70,0.05,0.06,N,O,1997-06-27,1997-08-03,1997-07-14,COLLECT COD,RAIL,thely bold foxes! blithe
49031-4,49031,243,25,4,10.00,11432.40,0.04,0.08,N,O,1997-09-01,1997-09-10,1997-09-08,DELIVER IN PERSON,AIR,the blithely final Tiresias boost e
49056-1,49056,1635,18,1,20.00,30732.60,0.07,0.02,R,F,1994-12-23,1994-11-29,1995-01-08,DELIVER IN PERSON,SHIP,ly even packages wake furiously after
49056-2,49056,367,24,2,48.00,60833.28,0.10,0.01,A,F,1994-11-26,1994-12-31,1994-12-17,COLLECT COD,MAIL,ages run furiously ironic attainments-- fu
49056-3,49056,1422,23,3,32.00,42349.44,0.09,0.07,R,F,1994-11-07,1994-12-22,1994-11-12,DELIVER IN PERSON,AIR,ording to the foxes. pending theodo
49056-4,49056,1518,39,4,9.00,12775.59,0.08,0.06,A,F,1994-11-12,1994-11-15,1994-11-27,DELIVER IN PERSON,RAIL,ly around the r
49056-5,49056,189,16,5,32.00,34853.76,0.01,0.03,R,F,1994-10-10,1994-12-13,1994-10-28,TAKE BACK RETURN,AIR, accounts wake furiously. theo
49056-6,49056,862,29,6,27.00,47597.22,0.00,0.08,R,F,1995-01-06,1994-12-04,1995-01-31,NONE,MAIL,es serve. final requests sleep 
49057-1,49057,1876,6,1,36.00,64003.32,0.08,0.07,N,O,1997-02-01,1997-03-26,1997-02-20,DELIVER IN PERSON,REG AIR,e slyly even platelets are care
49057-2,49057,243,25,2,37.00,42299.88,0.01,0.07,N,O,1997-03-21,1997-02-06,1997-04-03,NONE,TRUCK,telets. furiously final
49058-1,49058,1649,73,1,6.00,9303.84,0.02,0.00,R,F,1993-03-08,1993-03-04,1993-03-28,NONE,MAIL, requests haggle furiously. foxes caj
49059-1,49059,1676,100,1,44.00,69417.48,0.04,0.06,R,F,1994-12-29,1994-11-25,1995-01-21,COLLECT COD,MAIL,"hely pending packages. ironic, unusual "
49059-2,49059,443,2,2,43.00,57767.92,0.08,0.03,R,F,1994-12-08,1994-11-14,1994-12-22,NONE,REG AIR, final pla
49059-3,49059,1415,33,3,20.00,26328.20,0.03,0.03,R,F,1994-11-18,1994-10-25,1994-12-05,NONE,FOB,s. slyly permanen
49059-4,49059,381,38,4,42.00,53817.96,0.01,0.05,R,F,1994-12-27,1994-10-22,1995-01-06,NONE,REG AIR,"ts are special, express attainments"
49059-5,49059,960,95,5,50.00,93048.00,0.04,0.08,A,F,1994-10-20,1994-11-08,1994-11-05,TAKE BACK RETURN,AIR,ets sleep decoys. fluffil
49059-6,49059,1972,61,6,3.00,5621.91,0.00,0.04,A,F,1994-12-27,1994-11-07,1995-01-02,NONE,FOB,kly. furiously final excu
49060-1,49060,1381,96,1,18.00,23082.84,0.07,0.03,N,O,1998-09-20,1998-08-04,1998-10-05,COLLECT COD,REG AIR, express theodolites sleep. requests
49060-2,49060,1703,46,2,5.00,8023.50,0.00,0.04,N,O,1998-10-08,1998-09-04,1998-10-26,NONE,TRUCK,urts cajole slyly slyly ironic instructi
49061-1,49061,487,75,1,31.00,43011.88,0.07,0.03,N,O,1996-10-03,1996-10-31,1996-10-17,DELIVER IN PERSON,AIR,r deposits among the carefully unus
49061-2,49061,9,60,2,38.00,34542.00,0.10,0.02,N,O,1996-12-26,1996-10-14,1997-01-03,NONE,FOB,arefully sp
49061-3,49061,1421,100,3,41.00,54219.22,0.05,0.08,N,O,1996-12-04,1996-10-09,1997-01-02,COLLECT COD,REG AIR,eans sleep reg
49061-4,49061,1087,88,4,49.00,48415.92,0.01,0.02,N,O,1996-09-24,1996-11-27,1996-10-13,DELIVER IN PERSON,MAIL,. pending requests wake fu
49062-1,49062,1541,22,1,11.00,15867.94,0.00,0.06,A,F,1992-08-05,1992-06-05,1992-09-02,DELIVER IN PERSON,MAIL,ic deposits integrate quick
49062-2,49062,491,21,2,33.00,45919.17,0.08,0.00,A,F,1992-08-05,1992-06-30,1992-09-04,DELIVER IN PERSON,RAIL,in the furiously iron
49062-3,49062,620,14,3,42.00,63866.04,0.01,0.02,R,F,1992-05-08,1992-05-21,1992-05-11,TAKE BACK RETURN,SHIP,s alongside of
49062-4,49062,519,80,4,19.00,26970.69,0.06,0.07,A,F,1992-07-17,1992-06-23,1992-07-19,DELIVER IN PERSON,FOB,efully final i
49062-5,49062,1891,78,5,41.00,73508.49,0.08,0.06,R,F,1992-08-06,1992-07-09,1992-08-14,COLLECT COD,MAIL, furiously bold accounts wa
49063-1,49063,547,38,1,7.00,10132.78,0.09,0.06,N,O,1997-03-11,1997-02-26,1997-03-28,DELIVER IN PERSON,FOB,gular requests. carefully r
49063-2,49063,1456,57,2,38.00,51583.10,0.08,0.06,N,O,1997-03-04,1997-02-26,1997-03-12,COLLECT COD,MAIL,usly final requests. slyly special ins
49063-3,49063,1026,62,3,30.00,27810.60,0.01,0.08,N,O,1997-01-19,1997-03-28,1997-02-17,TAKE BACK RETURN,TRUCK,ss dependencies are
49063-4,49063,904,39,4,44.00,79415.60,0.05,0.03,N,O,1997-03-15,1997-03-28,1997-03-20,NONE,MAIL,express deposits. quickly even 
49063-5,49063,1375,14,5,23.00,29356.51,0.00,0.04,N,O,1997-03-09,1997-03-10,1997-03-16,COLLECT COD,FOB,ideas against the slowly regular asy
49063-6,49063,174,53,6,2.00,2148.34,0.09,0.01,N,O,1997-04-12,1997-02-11,1997-04-16,NONE,FOB,"he ironic, ironic accounts. thin"
49063-7,49063,1921,10,7,37.00,67448.04,0.02,0.03,N,O,1997-02-12,1997-03-07,1997-03-12,NONE,AIR, instructions. fluf
49088-1,49088,1064,70,1,29.00,27986.74,0.01,0.00,R,F,1994-09-28,1994-11-14,1994-10-06,TAKE BACK RETURN,TRUCK,ourts mold slyly re
49088-2,49088,650,44,2,34.00,52722.10,0.03,0.01,R,F,1994-10-26,1994-12-01,1994-11-14,TAKE BACK RETURN,SHIP,the quickly unusual accounts. express p
49088-3,49088,772,69,3,45.00,75274.65,0.08,0.05,A,F,1994-10-04,1994-12-01,1994-10-07,DELIVER IN PERSON,RAIL,ites. slyly bold accoun
49088-4,49088,535,36,4,8.00,11484.24,0.10,0.08,R,F,1995-01-23,1994-11-15,1995-01-30,COLLECT COD,REG AIR, bold dolph
49088-5,49088,1002,73,5,15.00,13545.00,0.06,0.03,A,F,1994-10-31,1994-12-04,1994-11-26,DELIVER IN PERSON,SHIP,against th
49088-6,49088,1966,11,6,34.00,63510.64,0.10,0.07,R,F,1994-11-01,1994-11-23,1994-11-30,TAKE BACK RETURN,MAIL,. blithely quick deposits nag bli
49088-7,49088,435,23,7,18.00,24037.74,0.04,0.00,A,F,1994-12-07,1994-12-07,1994-12-28,NONE,MAIL,he ruthlessly silent dugouts. furiousl
49089-1,49089,296,97,1,24.00,28710.96,0.09,0.05,R,F,1993-08-18,1993-08-01,1993-08-25,NONE,RAIL,yly pending depo
49089-2,49089,1499,17,2,32.00,44815.68,0.03,0.06,A,F,1993-06-17,1993-08-10,1993-07-09,COLLECT COD,MAIL,xpress requests boost 
49089-3,49089,1572,93,3,27.00,39786.39,0.10,0.06,R,F,1993-09-25,1993-07-30,1993-10-09,COLLECT COD,MAIL,fluffily among
49090-1,49090,1347,24,1,12.00,14980.08,0.00,0.07,N,O,1997-05-05,1997-05-03,1997-05-28,NONE,MAIL,unusual requests w
49090-2,49090,1932,77,2,30.00,55017.90,0.07,0.02,N,O,1997-06-18,1997-05-05,1997-06-24,NONE,REG AIR,hely ironic theodolites
49090-3,49090,1620,44,3,5.00,7608.10,0.07,0.03,N,O,1997-04-09,1997-06-18,1997-04-24,TAKE BACK RETURN,AIR," the express, unusual"
49090-4,49090,1353,30,4,26.00,32613.10,0.04,0.05,N,O,1997-05-22,1997-06-18,1997-06-17,TAKE BACK RETURN,SHIP,bold foxes doze carefully express accoun
49091-1,49091,669,1,1,42.00,65925.72,0.08,0.05,N,O,1996-06-11,1996-07-12,1996-06-13,TAKE BACK RETURN,MAIL,final excuses-- slyly f
49091-2,49091,1641,83,2,31.00,47821.84,0.02,0.01,N,O,1996-08-23,1996-08-21,1996-08-31,TAKE BACK RETURN,TRUCK,ly even accounts be
49091-3,49091,70,96,3,22.00,21341.54,0.08,0.04,N,O,1996-06-25,1996-09-04,1996-07-25,NONE,RAIL,encies boost blithely. slyly pen
49091-4,49091,114,15,4,29.00,29409.19,0.05,0.00,N,O,1996-09-14,1996-08-16,1996-10-10,TAKE BACK RETURN,MAIL,ckages use blithely. quickly 
49091-5,49091,1805,92,5,9.00,15361.20,0.04,0.08,N,O,1996-06-23,1996-08-02,1996-06-28,TAKE BACK RETURN,REG AIR, ideas wake
49092-1,49092,598,59,1,49.00,73430.91,0.10,0.06,N,O,1998-01-14,1997-12-07,1998-02-10,DELIVER IN PERSON,TRUCK,kages use slyly. slyly even ide
49092-2,49092,1585,86,2,1.00,1486.58,0.07,0.04,N,O,1998-02-21,1998-01-07,1998-03-08,TAKE BACK RETURN,FOB, accounts among the quickly e
49092-3,49092,695,89,3,32.00,51062.08,0.05,0.03,N,O,1998-02-09,1998-01-31,1998-03-09,TAKE BACK RETURN,RAIL,s. slyly ironic p
49092-4,49092,923,92,4,50.00,91196.00,0.04,0.00,N,O,1997-12-06,1998-01-20,1997-12-26,COLLECT COD,FOB,lent accounts affix carefully after t
49092-5,49092,654,55,5,20.00,31093.00,0.00,0.07,N,O,1998-01-21,1998-01-08,1998-01-28,COLLECT COD,FOB,even excuses. blithely special accounts 
49092-6,49092,900,67,6,13.00,23411.70,0.10,0.07,N,O,1998-01-13,1998-02-03,1998-01-15,COLLECT COD,TRUCK,ly against the ironic 
49092-7,49092,1837,81,7,9.00,15649.47,0.02,0.08,N,O,1998-01-18,1998-01-23,1998-02-16,DELIVER IN PERSON,AIR,he furiously quiet ideas are sly
49093-1,49093,1430,31,1,41.00,54588.63,0.03,0.06,N,O,1998-10-24,1998-09-18,1998-10-30,DELIVER IN PERSON,TRUCK,inal packages haggle bli
49094-1,49094,171,72,1,10.00,10711.70,0.01,0.03,A,F,1992-12-27,1992-10-22,1993-01-08,TAKE BACK RETURN,AIR,uses. furiously express 
49094-2,49094,1768,95,2,33.00,55102.08,0.10,0.08,R,F,1992-09-13,1992-11-14,1992-09-14,NONE,FOB,"of the express, regul"
49094-3,49094,981,16,3,4.00,7527.92,0.05,0.07,A,F,1992-10-25,1992-10-21,1992-11-24,TAKE BACK RETURN,MAIL,cial deposits nag blithely
49094-4,49094,799,100,4,45.00,76490.55,0.10,0.05,R,F,1992-09-30,1992-10-23,1992-10-30,NONE,AIR,efully pending deposits. regular accounts a
49095-1,49095,1927,60,1,25.00,45723.00,0.08,0.00,N,O,1997-06-04,1997-06-21,1997-06-16,COLLECT COD,AIR,"fully ironic accounts. unusual, p"
49095-2,49095,182,83,2,6.00,6493.08,0.01,0.06,N,O,1997-08-14,1997-07-23,1997-08-26,COLLECT COD,SHIP,nag across the fluffily final acc
49095-3,49095,1669,93,3,33.00,51831.78,0.08,0.00,N,O,1997-05-17,1997-07-19,1997-06-03,COLLECT COD,MAIL,ind blithely packages: pending e
49095-4,49095,272,27,4,21.00,24617.67,0.02,0.01,N,O,1997-07-14,1997-07-29,1997-08-06,TAKE BACK RETURN,REG AIR,sts wake furiously silent ide
49095-5,49095,1316,31,5,45.00,54778.95,0.04,0.05,N,O,1997-06-10,1997-07-04,1997-06-25,DELIVER IN PERSON,RAIL, slyly quick deposi
49095-6,49095,1974,19,6,19.00,35643.43,0.07,0.00,N,O,1997-05-24,1997-07-06,1997-06-01,COLLECT COD,MAIL, even requests are a
49120-1,49120,765,30,1,1.00,1665.76,0.08,0.01,N,O,1996-10-04,1996-09-09,1996-10-26,NONE,MAIL, sleep fluffily b
49121-1,49121,270,98,1,16.00,18724.32,0.02,0.05,A,F,1993-02-23,1993-02-05,1993-03-17,NONE,REG AIR,uickly ironic theodolites haggle eve
49121-2,49121,851,18,2,24.00,42044.40,0.05,0.03,A,F,1993-02-11,1993-01-10,1993-03-12,NONE,REG AIR,quickly even requests. packages caj
49122-1,49122,483,71,1,37.00,51188.76,0.02,0.07,N,O,1996-10-02,1996-08-24,1996-10-07,NONE,REG AIR,ckages. fluffily ironic accounts impress 
49122-2,49122,1845,75,2,14.00,24455.76,0.02,0.07,N,O,1996-07-11,1996-09-19,1996-07-26,COLLECT COD,REG AIR,nding accounts.
49123-1,49123,275,76,1,20.00,23505.40,0.07,0.08,A,F,1994-06-21,1994-04-10,1994-07-14,DELIVER IN PERSON,TRUCK, bold requests wake carefully across the
49123-2,49123,231,59,2,16.00,18099.68,0.02,0.08,A,F,1994-03-08,1994-05-02,1994-03-13,COLLECT COD,REG AIR,gular requests nag blithely. specia
49123-3,49123,266,21,3,26.00,30322.76,0.02,0.05,R,F,1994-05-08,1994-04-22,1994-05-13,COLLECT COD,MAIL,lly. fluffily ironic asymptotes are acco
49123-4,49123,1099,35,4,11.00,11000.99,0.02,0.02,R,F,1994-03-24,1994-05-05,1994-04-08,NONE,FOB, the quickly special deposits. re
49123-5,49123,1466,45,5,10.00,13674.60,0.08,0.00,A,F,1994-06-19,1994-04-22,1994-06-27,TAKE BACK RETURN,REG AIR,l grouches. slowly bold
49124-1,49124,1369,8,1,1.00,1270.36,0.02,0.03,N,O,1997-02-06,1997-01-30,1997-02-13,TAKE BACK RETURN,AIR, ideas haggle fl
49124-2,49124,1577,18,2,16.00,23657.12,0.00,0.06,N,O,1997-03-09,1997-03-27,1997-03-23,TAKE BACK RETURN,MAIL,hely regular packag
49124-3,49124,1614,15,3,36.00,54561.96,0.07,0.03,N,O,1997-04-11,1997-02-08,1997-05-04,NONE,TRUCK, beans unwin
49124-4,49124,649,12,4,45.00,69733.80,0.06,0.04,N,O,1997-03-17,1997-03-28,1997-03-29,DELIVER IN PERSON,RAIL,r packages; theodolites 
49125-1,49125,798,63,1,8.00,13590.32,0.03,0.07,R,F,1994-07-10,1994-06-02,1994-07-24,NONE,SHIP,r packages solve bold
49125-2,49125,1163,100,2,50.00,53208.00,0.07,0.05,A,F,1994-05-24,1994-06-11,1994-06-11,NONE,REG AIR,usly carefu
49125-3,49125,1635,18,3,23.00,35342.49,0.07,0.03,A,F,1994-07-19,1994-06-21,1994-08-04,DELIVER IN PERSON,FOB,"he bold, regular deposits. specia"
49125-4,49125,1777,20,4,50.00,83938.50,0.02,0.00,A,F,1994-04-23,1994-05-31,1994-04-29,DELIVER IN PERSON,AIR,timents doze 
49126-1,49126,875,75,1,5.00,8879.35,0.02,0.06,N,O,1995-09-15,1995-09-05,1995-09-21,TAKE BACK RETURN,FOB,"he bold, bold "
49126-2,49126,769,34,2,1.00,1669.76,0.07,0.02,N,O,1995-08-04,1995-09-18,1995-08-11,TAKE BACK RETURN,FOB,sly unusual e
49126-3,49126,1685,68,3,49.00,77747.32,0.10,0.08,N,O,1995-07-12,1995-08-24,1995-08-06,NONE,RAIL, furiously across the carefully unusual p
49126-4,49126,389,46,4,1.00,1289.38,0.03,0.02,N,O,1995-10-26,1995-08-29,1995-11-11,COLLECT COD,REG AIR,s wake. blithely ev
49126-5,49126,9,60,5,48.00,43632.00,0.07,0.02,N,O,1995-09-10,1995-09-25,1995-09-25,COLLECT COD,TRUCK,hogs print fluffily. slyly perma
49126-6,49126,1106,7,6,5.00,5035.50,0.07,0.08,N,O,1995-10-18,1995-09-10,1995-11-13,NONE,RAIL,uests. quickly bold requests 
49127-1,49127,835,69,1,9.00,15622.47,0.05,0.03,N,O,1995-07-01,1995-06-12,1995-07-15,COLLECT COD,MAIL,"the final deposits. bold, regular requests"
49127-2,49127,125,26,2,43.00,44080.16,0.03,0.06,N,F,1995-06-16,1995-06-01,1995-07-03,DELIVER IN PERSON,TRUCK,"luffily. silent, regular "
49152-1,49152,1458,76,1,11.00,14953.95,0.05,0.01,N,O,1997-10-09,1997-11-17,1997-10-25,TAKE BACK RETURN,AIR,e quickly pending accoun
49152-2,49152,812,79,2,48.00,82214.88,0.10,0.01,N,O,1997-08-25,1997-11-02,1997-08-30,NONE,TRUCK,kages use blithely
49152-3,49152,489,77,3,24.00,33347.52,0.08,0.01,N,O,1997-10-23,1997-10-09,1997-11-07,COLLECT COD,FOB,ackages use ideas. slyly bold d
49152-4,49152,182,9,4,14.00,15150.52,0.06,0.08,N,O,1997-10-06,1997-10-14,1997-10-17,NONE,AIR,se blithely agai
49152-5,49152,428,16,5,15.00,19926.30,0.00,0.04,N,O,1997-11-11,1997-10-12,1997-11-12,NONE,TRUCK,counts. bli
49152-6,49152,867,68,6,24.00,42428.64,0.00,0.02,N,O,1997-09-15,1997-10-16,1997-09-25,TAKE BACK RETURN,TRUCK,oxes nag blithely. car
49153-1,49153,110,89,1,4.00,4040.44,0.00,0.08,R,F,1992-10-19,1992-10-27,1992-10-22,TAKE BACK RETURN,TRUCK,its integrate carefu
49153-2,49153,715,80,2,23.00,37161.33,0.06,0.04,A,F,1992-08-05,1992-10-16,1992-08-23,COLLECT COD,TRUCK,xpress deposits wake quickly across the
49154-1,49154,1379,18,1,50.00,64018.50,0.07,0.04,R,F,1994-06-01,1994-04-30,1994-06-22,TAKE BACK RETURN,MAIL,ly against the ironic instructi
49154-2,49154,1389,66,2,25.00,32259.50,0.08,0.07,R,F,1994-05-24,1994-05-26,1994-05-29,NONE,TRUCK,ges. dolphins thrash blithely-- quick
49154-3,49154,725,58,3,17.00,27637.24,0.06,0.02,A,F,1994-05-19,1994-05-16,1994-06-13,COLLECT COD,SHIP,quests. quietly expres
49154-4,49154,943,46,4,41.00,75601.54,0.03,0.01,A,F,1994-05-07,1994-04-18,1994-05-22,COLLECT COD,SHIP,s dependenci
49154-5,49154,372,73,5,33.00,41988.21,0.06,0.07,A,F,1994-03-16,1994-05-30,1994-03-22,TAKE BACK RETURN,TRUCK,c accounts. f
49155-1,49155,1619,43,1,39.00,59303.79,0.00,0.08,R,F,1993-10-15,1993-10-29,1993-10-20,TAKE BACK RETURN,SHIP,ffix. theodolites boo
49155-2,49155,1536,57,2,49.00,70438.97,0.04,0.08,R,F,1993-10-15,1993-10-24,1993-10-16,NONE,FOB, furiously entici
49155-3,49155,527,18,3,47.00,67093.44,0.01,0.02,R,F,1993-12-19,1993-10-28,1994-01-15,TAKE BACK RETURN,AIR, ideas. furiously e
49155-4,49155,855,89,4,1.00,1755.85,0.08,0.08,R,F,1993-10-25,1993-12-08,1993-11-10,DELIVER IN PERSON,MAIL,ress instructions sleep car
49155-5,49155,1291,66,5,8.00,9538.32,0.08,0.05,A,F,1993-12-07,1993-11-26,1993-12-22,COLLECT COD,SHIP,uffily. fluffily even instructio
49155-6,49155,1677,78,6,2.00,3157.34,0.01,0.03,A,F,1994-01-14,1993-11-07,1994-01-21,DELIVER IN PERSON,SHIP,"d ideas. ironic,"
49156-1,49156,1026,27,1,44.00,40788.88,0.01,0.00,A,F,1994-10-08,1994-12-06,1994-10-25,TAKE BACK RETURN,REG AIR,. carefully special deposits alon
49156-2,49156,73,74,2,15.00,14596.05,0.04,0.03,A,F,1994-11-01,1994-11-28,1994-11-20,NONE,MAIL,l excuses. p
49156-3,49156,1007,13,3,31.00,28148.00,0.00,0.04,R,F,1994-12-17,1994-10-27,1994-12-31,DELIVER IN PERSON,FOB,cuses dazzle carefully
49157-1,49157,1833,77,1,17.00,29492.11,0.05,0.08,N,O,1996-05-24,1996-04-15,1996-06-05,NONE,TRUCK, foxes. quietly regular 
49157-2,49157,1265,77,2,34.00,39652.84,0.09,0.00,N,O,1996-05-26,1996-03-27,1996-06-13,DELIVER IN PERSON,RAIL,ld ideas. final pinto beans believe carefu
49158-1,49158,364,21,1,16.00,20229.76,0.02,0.02,R,F,1992-10-17,1992-07-31,1992-11-01,NONE,MAIL,s. blithely regular dep
49159-1,49159,998,1,1,39.00,74060.61,0.05,0.07,N,O,1997-12-24,1997-10-17,1998-01-02,DELIVER IN PERSON,FOB,. asymptotes hang fluffily after the e
49159-2,49159,792,25,2,39.00,66018.81,0.06,0.08,N,O,1997-12-16,1997-11-30,1998-01-09,DELIVER IN PERSON,AIR, final theodolites. eve
49159-3,49159,557,58,3,1.00,1457.55,0.02,0.08,N,O,1997-09-23,1997-11-27,1997-10-13,TAKE BACK RETURN,FOB,lyly regular accounts cajole after t
49159-4,49159,1020,21,4,24.00,22104.48,0.04,0.06,N,O,1997-10-11,1997-11-07,1997-10-18,NONE,MAIL,blithely accordin
49159-5,49159,195,74,5,21.00,22998.99,0.02,0.02,N,O,1997-11-14,1997-11-25,1997-12-07,COLLECT COD,REG AIR, final accounts above t
49159-6,49159,664,27,6,30.00,46939.80,0.01,0.01,N,O,1997-10-18,1997-11-20,1997-11-10,COLLECT COD,TRUCK,ole carefully. regular in
49159-7,49159,1223,24,7,38.00,42720.36,0.02,0.03,N,O,1997-09-30,1997-10-17,1997-10-11,TAKE BACK RETURN,AIR,sits. quickly final packages across
49184-1,49184,343,28,1,46.00,57193.64,0.02,0.03,R,F,1995-04-03,1995-05-30,1995-04-15,COLLECT COD,MAIL,s about the furiously final i
49184-2,49184,1270,45,2,17.00,19911.59,0.09,0.05,R,F,1995-03-23,1995-04-24,1995-04-13,TAKE BACK RETURN,TRUCK, even deposits alon
49184-3,49184,1045,16,3,46.00,43517.84,0.10,0.04,A,F,1995-04-08,1995-05-01,1995-04-21,NONE,AIR,s sleep blithely along th
49185-1,49185,852,53,1,27.00,47326.95,0.00,0.05,N,O,1996-03-08,1996-02-28,1996-03-17,TAKE BACK RETURN,RAIL,"rses. ironic, regular ide"
49185-2,49185,768,1,2,29.00,48394.04,0.09,0.02,N,O,1996-02-22,1996-02-21,1996-02-29,TAKE BACK RETURN,FOB,ng to the carefully sile
49185-3,49185,1457,75,3,12.00,16301.40,0.05,0.07,N,O,1996-02-26,1996-02-22,1996-03-02,COLLECT COD,REG AIR,ages cajole furiously among the final pain
49185-4,49185,1543,84,4,3.00,4333.62,0.04,0.01,N,O,1996-03-14,1996-04-17,1996-04-02,TAKE BACK RETURN,AIR, furiously accor
49185-5,49185,1057,63,5,6.00,5748.30,0.09,0.04,N,O,1996-01-26,1996-03-16,1996-02-12,TAKE BACK RETURN,AIR,phins affix-- b
49185-6,49185,1306,45,6,50.00,60365.00,0.01,0.07,N,O,1996-03-17,1996-03-03,1996-04-15,TAKE BACK RETURN,TRUCK,uriously ironic requests sleep against th
49186-1,49186,693,87,1,16.00,25499.04,0.01,0.02,N,O,1997-10-22,1997-09-04,1997-11-17,DELIVER IN PERSON,FOB,"of the regular, ironic platele"
49186-2,49186,1636,19,2,6.00,9225.78,0.06,0.07,N,O,1997-11-13,1997-09-14,1997-12-05,COLLECT COD,MAIL,ong the slyly sp
49186-3,49186,770,71,3,28.00,46781.56,0.03,0.07,N,O,1997-09-18,1997-08-30,1997-09-28,NONE,FOB,t the depos
49186-4,49186,131,32,4,24.00,24747.12,0.04,0.01,N,O,1997-10-12,1997-08-29,1997-11-01,DELIVER IN PERSON,MAIL,kages wake
49187-1,49187,1726,53,1,23.00,37437.56,0.05,0.04,N,O,1997-11-04,1997-10-07,1997-11-11,TAKE BACK RETURN,RAIL,he regular requests. s
49187-2,49187,1584,25,2,10.00,14855.80,0.09,0.07,N,O,1997-08-12,1997-10-02,1997-09-06,NONE,AIR,odolites nag
49187-3,49187,771,68,3,36.00,60183.72,0.02,0.08,N,O,1997-08-02,1997-08-23,1997-08-25,COLLECT COD,MAIL,deposits. de
49187-4,49187,1996,97,4,4.00,7591.96,0.05,0.03,N,O,1997-08-27,1997-09-26,1997-09-16,DELIVER IN PERSON,TRUCK,pending request
49187-5,49187,569,30,5,42.00,61721.52,0.04,0.03,N,O,1997-09-08,1997-09-22,1997-09-19,COLLECT COD,TRUCK,yly ironic i
49187-6,49187,1515,36,6,24.00,33996.24,0.10,0.06,N,O,1997-11-13,1997-10-07,1997-11-17,DELIVER IN PERSON,RAIL,ly against the depths. slyly even pack
49187-7,49187,672,4,7,15.00,23590.05,0.07,0.07,N,O,1997-11-13,1997-10-11,1997-11-21,NONE,SHIP,y bold plate
49188-1,49188,1926,27,1,20.00,36558.40,0.01,0.05,N,O,1995-07-21,1995-08-11,1995-08-10,NONE,REG AIR,quickly to the boldly regular p
49188-2,49188,1209,84,2,8.00,8881.60,0.01,0.05,N,O,1995-08-12,1995-08-09,1995-09-11,NONE,AIR,g furiously regular packages. carefully reg
49188-3,49188,1259,71,3,37.00,42929.25,0.05,0.00,N,O,1995-07-13,1995-07-24,1995-07-23,COLLECT COD,MAIL, carefully express packages. daring
49188-4,49188,1900,1,4,44.00,79283.60,0.06,0.02,N,O,1995-10-17,1995-08-29,1995-10-31,DELIVER IN PERSON,REG AIR,onic requests wake
49188-5,49188,1868,55,5,33.00,58405.38,0.05,0.07,N,O,1995-07-30,1995-09-09,1995-07-31,DELIVER IN PERSON,TRUCK,"lyly ironic pinto beans. special, dogged e"
49189-1,49189,747,44,1,7.00,11534.18,0.02,0.05,A,F,1995-02-03,1995-03-16,1995-02-21,TAKE BACK RETURN,FOB,y express do
49189-2,49189,1918,7,2,43.00,78256.13,0.09,0.06,R,F,1995-05-16,1995-02-23,1995-05-28,NONE,RAIL,equests haggle abo
49189-3,49189,1356,95,3,17.00,21374.95,0.04,0.06,R,F,1995-01-26,1995-03-12,1995-02-20,NONE,TRUCK,y special 
49189-4,49189,208,63,4,15.00,16623.00,0.09,0.05,A,F,1995-01-17,1995-03-23,1995-02-07,COLLECT COD,REG AIR,ns wake ca
49190-1,49190,1249,87,1,13.00,14953.12,0.03,0.00,R,F,1993-04-05,1993-03-10,1993-04-09,DELIVER IN PERSON,REG AIR,rom the fluffil
49190-2,49190,1485,3,2,29.00,40207.92,0.01,0.08,A,F,1993-02-12,1993-01-12,1993-03-08,DELIVER IN PERSON,FOB,sts are blithely. caref
49190-3,49190,550,81,3,29.00,42065.95,0.03,0.04,R,F,1993-02-03,1993-01-31,1993-03-05,NONE,MAIL,are blithely ag
49190-4,49190,1314,91,4,49.00,59550.19,0.03,0.04,A,F,1993-01-04,1993-02-10,1993-01-10,NONE,AIR,thely regular forges? ironic foxes are ac
49191-1,49191,277,32,1,47.00,55331.69,0.07,0.04,N,O,1997-04-09,1997-03-22,1997-04-11,DELIVER IN PERSON,SHIP,packages cajole into the slyly f
49191-2,49191,1327,28,2,39.00,47904.48,0.10,0.03,N,O,1997-01-13,1997-01-28,1997-02-09,COLLECT COD,TRUCK,yly unusual foxes. regular 
49191-3,49191,1977,78,3,33.00,62006.01,0.07,0.01,N,O,1997-01-27,1997-03-10,1997-02-06,DELIVER IN PERSON,RAIL,uthlessly after the express pinto bean
49191-4,49191,1078,14,4,29.00,28393.03,0.08,0.00,N,O,1997-01-22,1997-02-22,1997-01-29,DELIVER IN PERSON,REG AIR,usual orbits wake carefully. 
49191-5,49191,1898,85,5,15.00,26998.35,0.10,0.08,N,O,1997-02-22,1997-02-09,1997-03-02,TAKE BACK RETURN,REG AIR,ic theodolites. notornis 
49216-1,49216,1128,1,1,41.00,42193.92,0.00,0.07,A,F,1994-06-25,1994-05-17,1994-07-25,TAKE BACK RETURN,TRUCK,. fluffily unusual ideas alongside of the
49216-2,49216,294,49,2,3.00,3582.87,0.04,0.08,A,F,1994-03-22,1994-06-09,1994-04-01,TAKE BACK RETURN,AIR,accounts believe carefully 
49216-3,49216,763,28,3,8.00,13310.08,0.08,0.04,R,F,1994-04-15,1994-05-01,1994-05-03,DELIVER IN PERSON,AIR,nstructions-- even theodolites sleep abo
49216-4,49216,1590,71,4,4.00,5966.36,0.07,0.06,A,F,1994-06-17,1994-05-25,1994-06-22,TAKE BACK RETURN,MAIL,le furious
49216-5,49216,1590,11,5,3.00,4474.77,0.03,0.01,A,F,1994-04-12,1994-05-15,1994-04-22,NONE,RAIL,deposits along the slyly un
49216-6,49216,905,8,6,11.00,19864.90,0.00,0.03,A,F,1994-06-11,1994-04-30,1994-06-28,TAKE BACK RETURN,MAIL, regular accounts in
49216-7,49216,1631,32,7,42.00,64370.46,0.10,0.04,R,F,1994-05-03,1994-06-06,1994-05-21,TAKE BACK RETURN,REG AIR,he blithely bold deposits. silent
49217-1,49217,175,76,1,23.00,24728.91,0.10,0.05,A,F,1993-09-18,1993-08-20,1993-10-16,TAKE BACK RETURN,FOB,counts. carefully special ins
49217-2,49217,100,26,2,36.00,36003.60,0.07,0.01,R,F,1993-07-08,1993-10-02,1993-07-11,TAKE BACK RETURN,TRUCK, ironic instructions. furiously e
49217-3,49217,1139,76,3,20.00,20802.60,0.08,0.02,A,F,1993-09-08,1993-09-22,1993-09-11,TAKE BACK RETURN,TRUCK,ounts detect quickly regular acco
49217-4,49217,1799,100,4,11.00,18708.69,0.06,0.02,R,F,1993-09-07,1993-08-05,1993-10-01,DELIVER IN PERSON,MAIL,yly pendin
49217-5,49217,794,27,5,28.00,47454.12,0.04,0.01,R,F,1993-10-03,1993-08-17,1993-10-11,COLLECT COD,REG AIR,al instructions 
49217-6,49217,1083,84,6,1.00,984.08,0.10,0.06,A,F,1993-09-07,1993-08-09,1993-09-22,DELIVER IN PERSON,MAIL,ily ironic dep
49218-1,49218,428,29,1,39.00,51808.38,0.05,0.00,A,F,1993-09-25,1993-08-28,1993-10-20,TAKE BACK RETURN,REG AIR,ns after the carefully bold ideas unwind
49218-2,49218,597,98,2,31.00,46425.29,0.01,0.02,A,F,1993-09-11,1993-07-26,1993-10-03,DELIVER IN PERSON,RAIL,into the pint
49219-1,49219,1077,48,1,24.00,23473.68,0.02,0.07,N,O,1996-12-03,1996-10-04,1996-12-27,TAKE BACK RETURN,REG AIR,es boost fluffi
49219-2,49219,1520,21,2,48.00,68232.96,0.02,0.02,N,O,1996-09-19,1996-10-07,1996-10-19,NONE,RAIL,al deposits use ironic instructions. idea
49219-3,49219,1085,86,3,25.00,24652.00,0.03,0.07,N,O,1996-09-01,1996-11-15,1996-09-04,COLLECT COD,SHIP,fluffily silent ideas doze blithely amo
49219-4,49219,1045,46,4,37.00,35003.48,0.06,0.08,N,O,1996-10-02,1996-11-23,1996-10-23,COLLECT COD,RAIL,sly final asymptotes sublate caref
49219-5,49219,549,40,5,16.00,23192.64,0.02,0.08,N,O,1996-09-27,1996-11-07,1996-10-26,DELIVER IN PERSON,FOB,s. quickly fi
49220-1,49220,1267,68,1,22.00,25701.72,0.08,0.06,N,O,1995-10-03,1995-09-13,1995-10-25,NONE,FOB,ts across the quickly s
49220-2,49220,1715,58,2,25.00,40417.75,0.09,0.04,N,O,1995-11-06,1995-09-24,1995-11-16,COLLECT COD,FOB,"egular, even packa"
49220-3,49220,1968,57,3,4.00,7479.84,0.04,0.08,N,O,1995-08-17,1995-09-23,1995-09-11,COLLECT COD,FOB,ry to cajole furiously si
49220-4,49220,226,27,4,21.00,23650.62,0.04,0.05,N,O,1995-11-16,1995-11-10,1995-12-15,TAKE BACK RETURN,RAIL,ments. carefully regular packages sleep
49220-5,49220,1140,13,5,1.00,1041.14,0.09,0.01,N,O,1995-08-15,1995-09-28,1995-09-03,TAKE BACK RETURN,FOB,t the blithely even instructions. 
49220-6,49220,1011,17,6,20.00,18240.20,0.10,0.02,N,O,1995-08-16,1995-10-23,1995-09-14,DELIVER IN PERSON,AIR,"accounts. pending, thin theodolites s"
49220-7,49220,1069,5,7,7.00,6790.42,0.07,0.06,N,O,1995-09-03,1995-10-09,1995-09-12,NONE,FOB,requests cajole agains
49221-1,49221,891,58,1,31.00,55548.59,0.05,0.07,R,F,1993-08-05,1993-08-26,1993-08-17,NONE,MAIL,osits lose fluffily; fluffily final plat
49221-2,49221,1676,59,2,25.00,39441.75,0.01,0.05,A,F,1993-09-09,1993-09-12,1993-10-06,DELIVER IN PERSON,FOB,leep carefully permanent accoun
49221-3,49221,1442,43,3,37.00,49707.28,0.02,0.03,A,F,1993-07-23,1993-08-26,1993-08-01,COLLECT COD,FOB,ar requests haggle among the furiousl
49221-4,49221,277,32,4,20.00,23545.40,0.08,0.08,A,F,1993-07-25,1993-08-08,1993-07-28,DELIVER IN PERSON,FOB,r requests. blithely express theodolites a
49222-1,49222,1839,26,1,45.00,78337.35,0.10,0.00,N,O,1998-06-15,1998-06-23,1998-06-29,TAKE BACK RETURN,RAIL,beans serve special epitaphs. b
49223-1,49223,1364,3,1,15.00,18980.40,0.07,0.01,N,O,1995-11-14,1995-11-19,1995-12-05,NONE,FOB,heodolites hang f
49223-2,49223,307,36,2,45.00,54328.50,0.09,0.07,N,O,1995-11-19,1995-12-23,1995-11-24,COLLECT COD,RAIL,ages. blithely silent multipliers nag
49248-1,49248,1891,21,1,4.00,7171.56,0.04,0.00,R,F,1992-07-26,1992-10-05,1992-07-31,NONE,AIR,regular instructions across the blithely 
49249-1,49249,1391,30,1,13.00,16801.07,0.00,0.00,N,O,1998-03-01,1998-01-04,1998-03-18,NONE,FOB,its. bold sauternes hag
49249-2,49249,443,31,2,3.00,4030.32,0.07,0.01,N,O,1998-03-09,1998-02-06,1998-03-16,NONE,AIR,y unusual warhorses nag
49249-3,49249,1785,86,3,25.00,42169.50,0.08,0.06,N,O,1998-02-16,1998-02-07,1998-03-11,NONE,FOB,fully bold foxes among the regul
49249-4,49249,385,86,4,43.00,55271.34,0.04,0.02,N,O,1998-02-16,1998-02-01,1998-03-15,DELIVER IN PERSON,TRUCK,cingly regu
49249-5,49249,1586,7,5,46.00,68428.68,0.08,0.01,N,O,1998-03-08,1997-12-27,1998-04-07,TAKE BACK RETURN,AIR,", express instructions accordi"
49249-6,49249,883,84,6,18.00,32109.84,0.04,0.08,N,O,1997-12-30,1997-12-22,1998-01-07,NONE,TRUCK,unts. fina
49250-1,49250,1285,97,1,8.00,9490.24,0.05,0.08,N,O,1996-04-25,1996-06-03,1996-05-04,DELIVER IN PERSON,RAIL,es sleep always
49250-2,49250,533,64,2,12.00,17202.36,0.05,0.00,N,O,1996-05-27,1996-06-21,1996-06-08,TAKE BACK RETURN,MAIL,carefully ironic deposits. do
49250-3,49250,999,100,3,17.00,32299.83,0.06,0.05,N,O,1996-05-11,1996-06-17,1996-05-23,COLLECT COD,SHIP,e quickly permanent pac
49251-1,49251,1926,27,1,25.00,45698.00,0.08,0.03,A,F,1994-02-22,1993-12-31,1994-02-27,COLLECT COD,SHIP,ests integrate qui
49251-2,49251,682,14,2,17.00,26905.56,0.07,0.02,R,F,1994-01-27,1994-01-24,1994-01-28,TAKE BACK RETURN,TRUCK,nic requests. quickly express acc
49251-3,49251,715,16,3,37.00,59781.27,0.03,0.06,A,F,1994-01-26,1994-01-18,1994-02-19,NONE,SHIP,structions are carefully above the
49251-4,49251,1313,90,4,38.00,46143.78,0.09,0.03,A,F,1994-01-31,1994-01-14,1994-02-22,DELIVER IN PERSON,REG AIR,"t the slyly pending requests. bold, regula"
49251-5,49251,317,74,5,22.00,26780.82,0.07,0.01,R,F,1994-03-16,1993-12-30,1994-03-28,TAKE BACK RETURN,AIR,ions was slyly carefully final deposits.
49251-6,49251,587,18,6,23.00,34214.34,0.05,0.00,R,F,1994-01-26,1994-02-12,1994-02-05,COLLECT COD,AIR,he accounts wake platele
49252-1,49252,1581,82,1,23.00,34099.34,0.09,0.04,A,F,1995-04-04,1995-01-19,1995-04-14,TAKE BACK RETURN,REG AIR,to beans cajo
49252-2,49252,353,54,2,31.00,38853.85,0.07,0.05,A,F,1994-12-18,1995-02-17,1995-01-14,COLLECT COD,SHIP, requests among the ironic sentiments us
49252-3,49252,852,53,3,27.00,47326.95,0.02,0.00,R,F,1995-02-17,1995-02-04,1995-03-09,NONE,MAIL, cajole quickly carefully bold d
49253-1,49253,927,28,1,45.00,82256.40,0.08,0.05,R,F,1994-06-11,1994-07-09,1994-06-14,COLLECT COD,SHIP, express accounts wake furio
49253-2,49253,1572,73,2,39.00,57469.23,0.01,0.01,A,F,1994-05-18,1994-07-21,1994-05-25,COLLECT COD,TRUCK,tterns wake carefully above the 
49253-3,49253,1965,54,3,28.00,52274.88,0.02,0.06,R,F,1994-06-21,1994-06-06,1994-07-04,DELIVER IN PERSON,REG AIR,"ies use: bold, pending dolphins shall have"
49253-4,49253,509,100,4,23.00,32418.50,0.00,0.03,A,F,1994-07-13,1994-07-28,1994-08-05,TAKE BACK RETURN,TRUCK,ages nag fluffily fluf
49254-1,49254,1936,25,1,21.00,38596.53,0.06,0.03,N,O,1998-03-11,1998-02-28,1998-03-27,COLLECT COD,AIR,ding requests. reg
49254-2,49254,636,37,2,20.00,30732.60,0.06,0.05,N,O,1998-01-23,1998-03-02,1998-01-30,COLLECT COD,FOB,eas sleep blith
49255-1,49255,441,42,1,46.00,61706.24,0.10,0.05,R,F,1992-07-15,1992-07-26,1992-07-28,NONE,SHIP,ithely even accoun
49255-2,49255,1355,70,2,50.00,62817.50,0.01,0.01,R,F,1992-08-09,1992-09-14,1992-08-14,COLLECT COD,TRUCK,excuses wake furiously f
49255-3,49255,1560,61,3,44.00,64308.64,0.10,0.00,A,F,1992-08-03,1992-08-19,1992-08-27,NONE,RAIL,platelets detect slyl
49255-4,49255,1406,7,4,35.00,45759.00,0.01,0.02,A,F,1992-10-09,1992-08-14,1992-10-15,DELIVER IN PERSON,MAIL,cross the furiously iron
49280-1,49280,1787,14,1,21.00,35464.38,0.05,0.08,N,F,1995-06-10,1995-06-05,1995-07-01,COLLECT COD,SHIP,ly bold package
49280-2,49280,1466,84,2,6.00,8204.76,0.10,0.01,R,F,1995-05-24,1995-07-22,1995-06-04,COLLECT COD,REG AIR,the unusual platelets
49280-3,49280,745,78,3,43.00,70766.82,0.00,0.04,N,O,1995-08-13,1995-06-14,1995-08-14,NONE,MAIL,"iously. express, "
49280-4,49280,509,40,4,44.00,62018.00,0.01,0.07,N,F,1995-06-16,1995-06-19,1995-06-18,DELIVER IN PERSON,REG AIR,equests are carefully along the foxes. p
49280-5,49280,1889,33,5,5.00,8954.40,0.07,0.05,N,O,1995-07-31,1995-07-27,1995-08-11,COLLECT COD,FOB,"al theodolites haggle ironic, si"
49280-6,49280,1004,5,6,12.00,10860.00,0.03,0.07,N,O,1995-07-14,1995-06-18,1995-07-26,COLLECT COD,TRUCK, the carefully final requests. deposits
49281-1,49281,1532,33,1,33.00,47306.49,0.05,0.05,R,F,1995-03-02,1995-04-13,1995-03-07,DELIVER IN PERSON,SHIP,ravely regular accoun
49281-2,49281,1938,39,2,31.00,57037.83,0.03,0.04,R,F,1995-04-30,1995-04-27,1995-05-07,NONE,SHIP,foxes are bl
49282-1,49282,1685,68,1,35.00,55533.80,0.06,0.05,N,O,1995-09-28,1995-08-15,1995-10-07,TAKE BACK RETURN,SHIP,al requests acco
49282-2,49282,118,19,2,22.00,22398.42,0.09,0.06,N,O,1995-08-24,1995-08-25,1995-09-15,COLLECT COD,AIR,inst the thinly unusual foxes. blithely
49283-1,49283,501,62,1,31.00,43446.50,0.00,0.05,R,F,1995-02-23,1995-01-19,1995-03-25,TAKE BACK RETURN,RAIL,equests are s
49283-2,49283,1291,92,2,13.00,15499.77,0.03,0.06,R,F,1994-12-25,1995-03-09,1995-01-10,NONE,SHIP,nding depo
49283-3,49283,1994,83,3,29.00,54983.71,0.01,0.07,A,F,1995-01-23,1995-01-28,1995-01-24,TAKE BACK RETURN,REG AIR,"ainst the ironic, silent packages. "
49283-4,49283,1017,18,4,23.00,21114.23,0.10,0.01,R,F,1995-01-29,1995-01-25,1995-02-24,NONE,REG AIR,lessly. slyly even deposits shall detect o
49284-1,49284,821,21,1,21.00,36158.22,0.06,0.04,R,F,1994-04-13,1994-02-16,1994-04-25,COLLECT COD,SHIP,ously furio
49284-2,49284,140,67,2,44.00,45766.16,0.03,0.04,R,F,1994-04-03,1994-02-06,1994-04-07,COLLECT COD,TRUCK,ic accounts. fluffily even excuses mus
49284-3,49284,1383,84,3,35.00,44953.30,0.01,0.08,R,F,1994-02-23,1994-03-23,1994-03-09,DELIVER IN PERSON,RAIL,ns. blithely silent pinto beans boost. 
49284-4,49284,882,83,4,9.00,16045.92,0.09,0.03,A,F,1994-03-17,1994-03-05,1994-04-12,COLLECT COD,SHIP,around the furiously regular foxe
49284-5,49284,923,92,5,27.00,49245.84,0.09,0.00,R,F,1994-02-18,1994-02-15,1994-03-07,NONE,MAIL,its use slyly unusual the
49284-6,49284,1983,84,6,37.00,69744.26,0.05,0.02,R,F,1994-01-18,1994-02-17,1994-01-30,NONE,REG AIR,s promise carefull
49285-1,49285,904,7,1,22.00,39707.80,0.09,0.05,N,O,1997-08-08,1997-07-14,1997-08-11,DELIVER IN PERSON,RAIL,oxes wake furiously qui
49285-2,49285,128,29,2,30.00,30843.60,0.10,0.04,N,O,1997-06-20,1997-07-03,1997-07-06,NONE,SHIP,lly. furiously unusual 
49285-3,49285,1269,70,3,33.00,38618.58,0.08,0.02,N,O,1997-05-31,1997-07-05,1997-06-25,DELIVER IN PERSON,TRUCK,yly along the furiously reg
49285-4,49285,1862,49,4,23.00,40568.78,0.10,0.01,N,O,1997-09-10,1997-06-24,1997-09-27,NONE,REG AIR,ilent accounts
49285-5,49285,1357,72,5,15.00,18875.25,0.01,0.08,N,O,1997-06-28,1997-06-24,1997-07-05,NONE,TRUCK,even sauternes cajole.
49286-1,49286,1781,8,1,31.00,52166.18,0.03,0.02,N,O,1997-07-18,1997-06-14,1997-08-10,DELIVER IN PERSON,AIR,ts believe blithely. fluffily silen
49286-2,49286,487,46,2,49.00,67986.52,0.10,0.03,N,O,1997-07-22,1997-06-17,1997-08-03,DELIVER IN PERSON,RAIL,l deposits haggle among 
49286-3,49286,956,57,3,27.00,50137.65,0.04,0.02,N,O,1997-05-07,1997-06-12,1997-05-24,NONE,FOB,onic dolphi
49286-4,49286,1288,89,4,43.00,51139.04,0.06,0.05,N,O,1997-06-20,1997-05-17,1997-06-23,TAKE BACK RETURN,FOB,egular packages
49286-5,49286,1253,28,5,38.00,43861.50,0.06,0.08,N,O,1997-06-11,1997-05-01,1997-06-17,NONE,FOB,ependencies sleep 
49287-1,49287,135,14,1,48.00,49686.24,0.02,0.05,A,F,1994-07-15,1994-08-03,1994-07-25,COLLECT COD,MAIL, bold packages. special ideas are carefully
49287-2,49287,237,38,2,36.00,40940.28,0.06,0.07,A,F,1994-08-14,1994-08-06,1994-08-16,NONE,MAIL,ress requests. unusual packag
49287-3,49287,1383,60,3,37.00,47522.06,0.04,0.08,A,F,1994-07-22,1994-07-05,1994-08-19,DELIVER IN PERSON,RAIL,quests! fluffily
49287-4,49287,101,2,4,33.00,33036.30,0.00,0.01,R,F,1994-07-18,1994-08-06,1994-08-01,TAKE BACK RETURN,TRUCK, the fluffily ironic pinto bean
49287-5,49287,1512,33,5,20.00,28270.20,0.04,0.00,A,F,1994-08-25,1994-08-14,1994-09-15,TAKE BACK RETURN,TRUCK,ckages cajole fu
49287-6,49287,580,41,6,22.00,32572.76,0.02,0.00,A,F,1994-06-15,1994-07-19,1994-07-13,COLLECT COD,RAIL,al deposits. packages run furi
49312-1,49312,1794,37,1,5.00,8478.95,0.02,0.01,R,F,1995-03-09,1995-04-30,1995-03-21,DELIVER IN PERSON,SHIP,l packages sleep furiously express foxes. 
49312-2,49312,1649,32,2,8.00,12405.12,0.02,0.01,A,F,1995-05-03,1995-03-24,1995-05-13,NONE,SHIP, accounts sleep about the carefu
49312-3,49312,1032,33,3,40.00,37321.20,0.07,0.07,A,F,1995-05-08,1995-03-31,1995-05-25,TAKE BACK RETURN,SHIP,y ironic requests. Tir
49312-4,49312,1188,89,4,16.00,17426.88,0.00,0.06,R,F,1995-04-07,1995-03-26,1995-05-05,COLLECT COD,AIR,uffily. carefully regu
49312-5,49312,1923,24,5,50.00,91246.00,0.01,0.07,A,F,1995-03-03,1995-04-09,1995-03-10,DELIVER IN PERSON,TRUCK,haggle to t
49312-6,49312,789,54,6,33.00,55762.74,0.09,0.04,A,F,1995-03-24,1995-05-15,1995-04-08,COLLECT COD,MAIL,tes are. never regular 
49312-7,49312,311,12,7,47.00,56931.57,0.08,0.03,R,F,1995-05-19,1995-05-13,1995-06-13,NONE,FOB,lent requests ar
49313-1,49313,1114,87,1,36.00,36543.96,0.10,0.02,R,F,1995-01-17,1994-12-07,1995-01-21,NONE,AIR,yly express package
49313-2,49313,1311,50,2,48.00,58190.88,0.03,0.04,R,F,1994-11-29,1994-12-07,1994-12-28,DELIVER IN PERSON,REG AIR,ly around the
49314-1,49314,1724,51,1,29.00,47145.88,0.01,0.00,N,O,1996-03-16,1996-02-20,1996-04-06,NONE,FOB,ter the express ideas
49314-2,49314,1718,45,2,43.00,69647.53,0.00,0.04,N,O,1996-05-02,1996-03-29,1996-05-29,COLLECT COD,REG AIR," platelets. unusual, blithe "
49314-3,49314,1833,34,3,42.00,72862.86,0.03,0.02,N,O,1996-05-08,1996-04-09,1996-05-12,DELIVER IN PERSON,REG AIR,ly alongsi
49314-4,49314,1192,65,4,23.00,25143.37,0.02,0.08,N,O,1996-04-23,1996-03-12,1996-04-27,COLLECT COD,REG AIR,less foxes boost about the slyl
49314-5,49314,1692,16,5,19.00,30280.11,0.00,0.01,N,O,1996-03-11,1996-02-20,1996-03-16,TAKE BACK RETURN,MAIL,sits. sly requests cajole carefully. packa
49315-1,49315,1275,13,1,40.00,47050.80,0.06,0.06,N,O,1998-07-26,1998-07-15,1998-08-11,NONE,SHIP,forges across the carefully ironi
49315-2,49315,284,85,2,47.00,55661.16,0.05,0.01,N,O,1998-05-09,1998-06-17,1998-05-10,NONE,AIR,ously final foxes sleep ac
49315-3,49315,758,23,3,49.00,81278.75,0.03,0.05,N,O,1998-05-10,1998-06-02,1998-05-13,NONE,TRUCK,ully special packages wake furiously bo
49316-1,49316,1317,18,1,28.00,34112.68,0.04,0.06,N,O,1996-04-06,1996-04-22,1996-04-10,TAKE BACK RETURN,RAIL,le about the carefull
49317-1,49317,1606,7,1,49.00,73872.40,0.04,0.03,N,O,1998-07-06,1998-07-15,1998-07-29,DELIVER IN PERSON,REG AIR,"inal, ironic requests-- slyly ironic foxe"
49317-2,49317,989,92,2,37.00,69929.26,0.09,0.01,N,O,1998-06-27,1998-06-20,1998-07-05,NONE,MAIL, slyly final instructions about the caref
49317-3,49317,1831,75,3,44.00,76244.52,0.05,0.06,N,O,1998-05-26,1998-07-21,1998-06-04,TAKE BACK RETURN,FOB,etly final accounts. even
49317-4,49317,222,4,4,28.00,31422.16,0.09,0.08,N,O,1998-05-19,1998-07-10,1998-05-30,NONE,FOB,ely even packages nag carefully slyly ir
49317-5,49317,1904,37,5,7.00,12641.30,0.05,0.04,N,O,1998-08-07,1998-06-27,1998-08-30,TAKE BACK RETURN,FOB,"old, regular accounts boost along "
49317-6,49317,1065,36,6,11.00,10626.66,0.06,0.06,N,O,1998-05-11,1998-06-27,1998-05-17,NONE,TRUCK,usual packages use instead of the dep
49317-7,49317,713,14,7,29.00,46797.59,0.06,0.07,N,O,1998-07-18,1998-06-29,1998-07-20,NONE,SHIP,"ronic dolphins was final, pending courts."
49318-1,49318,1962,51,1,12.00,22367.52,0.01,0.03,N,O,1998-01-29,1997-12-18,1998-02-20,NONE,MAIL,"es. bold, ironic pinto beans hag"
49318-2,49318,36,62,2,50.00,46801.50,0.07,0.06,N,O,1997-11-22,1997-12-02,1997-11-23,COLLECT COD,FOB, wake blithely after the fina
49319-1,49319,1357,34,1,27.00,33975.45,0.04,0.07,N,O,1995-10-20,1995-10-09,1995-10-21,COLLECT COD,MAIL,even deposits. f
49319-2,49319,311,96,2,31.00,37550.61,0.02,0.02,N,O,1995-09-08,1995-10-26,1995-09-28,DELIVER IN PERSON,FOB,ideas sleep slyly besides the sometime
49319-3,49319,1059,60,3,1.00,960.05,0.09,0.03,N,O,1995-11-29,1995-10-28,1995-12-01,COLLECT COD,SHIP,regular theodolites cajole f
49319-4,49319,1919,20,4,17.00,30955.47,0.06,0.06,N,O,1995-10-15,1995-11-18,1995-11-14,DELIVER IN PERSON,REG AIR,nts boost quickly final ideas. ins
49319-5,49319,202,3,5,38.00,41883.60,0.02,0.04,N,O,1995-10-22,1995-11-22,1995-10-31,COLLECT COD,FOB,its cajole carefully pending 
49319-6,49319,1998,87,6,21.00,39899.79,0.09,0.08,N,O,1995-09-14,1995-11-05,1995-09-29,DELIVER IN PERSON,SHIP,ajole fluffily. blithe
49344-1,49344,181,60,1,4.00,4324.72,0.00,0.03,A,F,1993-04-01,1993-02-04,1993-05-01,DELIVER IN PERSON,TRUCK,kages. blithely pending requests wa
49344-2,49344,484,43,2,39.00,53994.72,0.04,0.00,A,F,1993-01-27,1993-03-16,1993-02-11,TAKE BACK RETURN,REG AIR,es wake blithely among the enticingly even 
49344-3,49344,500,59,3,32.00,44816.00,0.08,0.04,R,F,1993-03-13,1993-03-24,1993-03-27,NONE,REG AIR,mptotes across the furiously si
49344-4,49344,1431,49,4,36.00,47967.48,0.00,0.04,R,F,1993-03-28,1993-03-01,1993-04-03,TAKE BACK RETURN,AIR,accounts according to 
49344-5,49344,1252,64,5,6.00,6919.50,0.01,0.00,A,F,1993-01-13,1993-03-10,1993-01-23,TAKE BACK RETURN,TRUCK,ic packages cajole. slyly bold 
49345-1,49345,699,62,1,7.00,11197.83,0.06,0.03,R,F,1992-04-29,1992-06-09,1992-05-18,DELIVER IN PERSON,RAIL,ar platelets sleep furiously abou
49345-2,49345,1691,33,2,50.00,79634.50,0.01,0.07,A,F,1992-06-13,1992-06-03,1992-06-15,COLLECT COD,MAIL,ross the regular excuses. regular pint
49346-1,49346,1870,14,1,11.00,19490.57,0.06,0.01,N,O,1995-06-18,1995-07-19,1995-06-26,COLLECT COD,MAIL, instructions! express pac
49346-2,49346,1321,36,2,39.00,47670.48,0.05,0.01,A,F,1995-06-04,1995-06-18,1995-06-11,NONE,RAIL,ously dogged dep
49346-3,49346,1978,67,3,28.00,52639.16,0.05,0.07,A,F,1995-05-22,1995-07-29,1995-06-09,DELIVER IN PERSON,AIR,ccounts above the slyly
49346-4,49346,1101,2,4,16.00,16033.60,0.08,0.01,N,O,1995-07-10,1995-07-02,1995-08-06,TAKE BACK RETURN,TRUCK,times against the carefully
49346-5,49346,1187,24,5,8.00,8705.44,0.02,0.01,A,F,1995-06-04,1995-07-26,1995-06-05,NONE,RAIL,s. fluffily unusual accounts hagg
49347-1,49347,1342,43,1,44.00,54706.96,0.04,0.07,R,F,1995-01-21,1995-03-28,1995-01-28,TAKE BACK RETURN,MAIL,ssly special dependencie
49347-2,49347,69,20,2,40.00,38762.40,0.05,0.04,A,F,1995-02-11,1995-04-06,1995-02-20,COLLECT COD,TRUCK,ly special in
49348-1,49348,257,85,1,11.00,12729.75,0.10,0.06,N,O,1997-05-02,1997-04-19,1997-05-25,DELIVER IN PERSON,REG AIR,ckly pending warhorses sleep
49348-2,49348,1476,94,2,30.00,41324.10,0.08,0.02,N,O,1997-06-27,1997-05-21,1997-06-30,TAKE BACK RETURN,REG AIR,ular requests 
49348-3,49348,812,12,3,21.00,35969.01,0.03,0.06,N,O,1997-07-05,1997-05-26,1997-07-25,DELIVER IN PERSON,AIR,refully after the carefu
49348-4,49348,832,66,4,5.00,8664.15,0.04,0.04,N,O,1997-06-17,1997-05-22,1997-07-12,NONE,RAIL,p furiously quickly ironic deposits
49348-5,49348,1119,56,5,47.00,47945.17,0.07,0.06,N,O,1997-06-02,1997-05-24,1997-06-21,DELIVER IN PERSON,TRUCK,lar packages. furiously s
49348-6,49348,1992,37,6,48.00,90911.52,0.03,0.08,N,O,1997-06-13,1997-04-18,1997-06-24,TAKE BACK RETURN,TRUCK,ously final packa
49348-7,49348,1089,25,7,34.00,33662.72,0.00,0.06,N,O,1997-03-29,1997-05-28,1997-04-25,TAKE BACK RETURN,RAIL,ts may wake fluffily excuses. fin
49349-1,49349,1650,74,1,35.00,54307.75,0.00,0.05,N,O,1995-07-25,1995-07-28,1995-07-30,NONE,RAIL,ainst the slyly unusual packages.
49349-2,49349,1846,76,2,26.00,45443.84,0.10,0.03,N,O,1995-07-02,1995-07-22,1995-08-01,TAKE BACK RETURN,RAIL,"lar, furious instructions among the ir"
49349-3,49349,1358,73,3,46.00,57930.10,0.09,0.03,N,O,1995-07-24,1995-07-28,1995-07-31,COLLECT COD,FOB,ackages cajole
49350-1,49350,116,69,1,23.00,23370.53,0.06,0.05,R,F,1992-10-19,1992-10-12,1992-10-22,NONE,SHIP,ly final accounts. carefull
49350-2,49350,749,14,2,46.00,75888.04,0.03,0.02,R,F,1992-12-15,1992-11-16,1992-12-19,TAKE BACK RETURN,MAIL,"es. ironic, final deposit"
49350-3,49350,1405,23,3,5.00,6532.00,0.08,0.03,R,F,1992-10-26,1992-10-16,1992-11-03,COLLECT COD,FOB,s. carefully ironic requests
49351-1,49351,517,8,1,13.00,18427.63,0.08,0.02,A,F,1992-04-24,1992-05-10,1992-05-02,DELIVER IN PERSON,REG AIR,pecial deposits. furi
49351-2,49351,379,80,2,11.00,14073.07,0.09,0.02,A,F,1992-04-24,1992-05-27,1992-05-11,COLLECT COD,RAIL,s cajole toward the express 
49351-3,49351,372,29,3,42.00,53439.54,0.00,0.04,A,F,1992-07-09,1992-06-27,1992-08-06,NONE,REG AIR,ular instructions wake regula
49351-4,49351,1922,67,4,41.00,74780.72,0.03,0.01,A,F,1992-04-24,1992-05-31,1992-05-16,COLLECT COD,MAIL,inal ideas. bold patterns nag. blithely pe
49376-1,49376,1359,36,1,37.00,46632.95,0.01,0.00,N,O,1997-08-19,1997-09-01,1997-09-18,NONE,SHIP,"d, bold dependencies wake about the"
49376-2,49376,448,36,2,32.00,43150.08,0.08,0.03,N,O,1997-09-09,1997-09-07,1997-09-30,DELIVER IN PERSON,AIR,"lly. regular, final req"
49376-3,49376,12,38,3,23.00,20976.23,0.08,0.08,N,O,1997-08-19,1997-07-29,1997-08-20,COLLECT COD,REG AIR,ges. fluffily iron
49376-4,49376,109,62,4,8.00,8072.80,0.06,0.07,N,O,1997-08-04,1997-07-24,1997-08-18,DELIVER IN PERSON,TRUCK,ironic ideas cajole around th
49376-5,49376,720,17,5,48.00,77794.56,0.07,0.00,N,O,1997-09-18,1997-07-23,1997-09-21,DELIVER IN PERSON,AIR,fully even ideas wake blithely among th
49376-6,49376,539,40,6,26.00,37427.78,0.02,0.01,N,O,1997-08-07,1997-07-29,1997-09-02,NONE,FOB,ep slyly express decoys. final
49376-7,49376,1346,23,7,43.00,53635.62,0.03,0.04,N,O,1997-08-03,1997-08-02,1997-08-21,NONE,TRUCK,es are. slyly final theodolites detect. 
49377-1,49377,1263,38,1,25.00,29106.50,0.04,0.07,R,F,1993-04-05,1993-04-13,1993-05-04,NONE,AIR,sly. furiousl
49377-2,49377,1054,60,2,49.00,46797.45,0.10,0.02,A,F,1993-03-13,1993-04-18,1993-03-23,TAKE BACK RETURN,TRUCK,ly unusual accounts across the caref
49377-3,49377,325,82,3,7.00,8577.24,0.08,0.01,R,F,1993-03-03,1993-05-14,1993-03-14,TAKE BACK RETURN,MAIL, regular asymptotes. caref
49378-1,49378,1957,46,1,37.00,68781.15,0.06,0.07,N,O,1996-09-15,1996-08-23,1996-09-28,DELIVER IN PERSON,AIR,fluffily special Tiresias 
49378-2,49378,344,29,2,21.00,26131.14,0.00,0.07,N,O,1996-09-13,1996-08-25,1996-09-26,DELIVER IN PERSON,TRUCK," pearls. ironic, even pinto beans are quic"
49379-1,49379,1394,71,1,35.00,45338.65,0.07,0.03,N,O,1996-10-23,1996-09-19,1996-11-18,COLLECT COD,REG AIR, quick requests wake slyly. qui
49379-2,49379,1810,11,2,42.00,71896.02,0.01,0.08,N,O,1996-10-25,1996-11-09,1996-11-18,DELIVER IN PERSON,REG AIR,slyly. carefully ironic platelet
49379-3,49379,568,29,3,46.00,67553.76,0.03,0.03,N,O,1996-08-19,1996-10-10,1996-08-28,COLLECT COD,FOB,s nag quickly
49380-1,49380,832,66,1,31.00,53717.73,0.05,0.05,R,F,1992-08-16,1992-07-10,1992-09-03,NONE,FOB,regular instructions wa
49380-2,49380,1371,72,2,1.00,1272.37,0.07,0.01,A,F,1992-07-29,1992-06-14,1992-08-09,DELIVER IN PERSON,TRUCK, packages cajole. blith
49380-3,49380,456,57,3,7.00,9495.15,0.07,0.08,R,F,1992-07-16,1992-07-07,1992-07-21,TAKE BACK RETURN,MAIL,ckages. carefull
49380-4,49380,1945,90,4,15.00,27704.10,0.07,0.04,A,F,1992-05-22,1992-06-29,1992-05-23,NONE,REG AIR,haggle furiously 
49380-5,49380,1215,16,5,4.00,4464.84,0.06,0.07,R,F,1992-06-16,1992-07-14,1992-07-16,DELIVER IN PERSON,MAIL, pending accounts alongside of the qui
49381-1,49381,58,34,1,10.00,9580.50,0.02,0.08,A,F,1993-02-24,1993-01-13,1993-03-19,DELIVER IN PERSON,AIR,ely regular ideas. pinto beans cajole b
49381-2,49381,1154,91,2,34.00,35875.10,0.04,0.08,R,F,1993-03-15,1993-01-16,1993-03-25,DELIVER IN PERSON,RAIL,y regular asymptot
49381-3,49381,1442,21,3,33.00,44333.52,0.10,0.04,R,F,1993-04-08,1993-02-14,1993-04-25,NONE,TRUCK,: ironic instructions
49382-1,49382,353,82,1,32.00,40107.20,0.05,0.00,N,O,1996-04-07,1996-04-15,1996-04-08,TAKE BACK RETURN,MAIL,nic decoys detect slyly reg
49382-2,49382,66,67,2,47.00,45404.82,0.04,0.06,N,O,1996-05-20,1996-05-14,1996-06-04,NONE,AIR," detect. final, special req"
49383-1,49383,1299,11,1,40.00,48011.60,0.10,0.02,N,O,1998-02-28,1998-01-14,1998-03-24,TAKE BACK RETURN,RAIL, x-ray even packages. furiously exp
49383-2,49383,1461,40,2,32.00,43598.72,0.02,0.03,N,O,1997-12-13,1998-01-29,1998-01-01,TAKE BACK RETURN,RAIL,"eans cajole unusual, final ideas. fu"
49383-3,49383,1936,81,3,50.00,91896.50,0.04,0.08,N,O,1997-12-09,1997-12-14,1997-12-21,TAKE BACK RETURN,RAIL,ully pendin
49383-4,49383,380,37,4,38.00,48654.44,0.07,0.00,N,O,1997-12-28,1997-12-22,1998-01-09,DELIVER IN PERSON,FOB,ly express de
49408-1,49408,1207,8,1,41.00,45436.20,0.04,0.06,N,O,1998-06-25,1998-07-28,1998-07-01,COLLECT COD,TRUCK,heodolites boost always. carefully ironic
49408-2,49408,1525,66,2,38.00,54207.76,0.09,0.05,N,O,1998-08-22,1998-08-17,1998-09-11,TAKE BACK RETURN,RAIL,s haggle blithely? slyly bold re
49408-3,49408,445,46,3,10.00,13454.40,0.09,0.08,N,O,1998-08-03,1998-09-20,1998-08-12,COLLECT COD,RAIL,"ke bold, silent attain"
49408-4,49408,676,70,4,26.00,40993.42,0.02,0.08,N,O,1998-07-02,1998-08-16,1998-07-22,TAKE BACK RETURN,FOB,ideas must have to haggle blithely alon
49408-5,49408,384,13,5,2.00,2568.76,0.01,0.05,N,O,1998-09-16,1998-07-28,1998-10-01,COLLECT COD,SHIP,"aids. unusual, brave asymptotes"
49409-1,49409,1927,72,1,12.00,21947.04,0.09,0.01,N,O,1995-08-24,1995-10-15,1995-09-03,COLLECT COD,RAIL,"lar, pending accounts about the bold"
49409-2,49409,646,78,2,27.00,41759.28,0.09,0.06,N,O,1995-11-29,1995-09-25,1995-12-24,COLLECT COD,SHIP,furiously final deposits. fur
49409-3,49409,75,26,3,18.00,17551.26,0.04,0.05,N,O,1995-09-27,1995-09-18,1995-10-07,NONE,TRUCK,es. pending pack
49409-4,49409,1403,82,4,28.00,36523.20,0.02,0.01,N,O,1995-12-05,1995-10-14,1996-01-03,DELIVER IN PERSON,MAIL,final requests run blithely regular accou
49409-5,49409,931,34,5,48.00,87932.64,0.01,0.07,N,O,1995-11-04,1995-11-09,1995-11-07,COLLECT COD,AIR,equests cajole blithel
49409-6,49409,1345,60,6,32.00,39882.88,0.09,0.08,N,O,1995-10-24,1995-11-02,1995-11-03,DELIVER IN PERSON,AIR,", regular notornis wake blithely qu"
49409-7,49409,1023,24,7,7.00,6468.14,0.00,0.00,N,O,1995-09-28,1995-09-27,1995-10-24,COLLECT COD,MAIL,bold packages. enticingly thin requests acc
49410-1,49410,1966,11,1,4.00,7471.84,0.00,0.06,R,F,1993-10-17,1993-11-12,1993-11-10,TAKE BACK RETURN,TRUCK,olites. fluffily final theod
49410-2,49410,952,21,2,22.00,40764.90,0.02,0.03,A,F,1993-10-13,1993-11-01,1993-10-31,DELIVER IN PERSON,RAIL,ly around the instructions. regular do
49410-3,49410,1999,44,3,2.00,3801.98,0.06,0.04,A,F,1993-09-20,1993-11-25,1993-09-29,NONE,MAIL,ze blithely quickly final de
49410-4,49410,1630,72,4,31.00,47480.53,0.06,0.00,A,F,1993-11-18,1993-11-26,1993-11-23,COLLECT COD,SHIP,he close frets; care
49411-1,49411,219,1,1,48.00,53722.08,0.07,0.04,A,F,1995-02-03,1995-01-23,1995-02-20,NONE,TRUCK,ly regular ideas wake fl
49412-1,49412,972,75,1,43.00,80537.71,0.00,0.04,A,F,1994-06-08,1994-05-11,1994-06-30,COLLECT COD,RAIL,es. fluffily bold ideas promise
49412-2,49412,1758,1,2,10.00,16597.50,0.10,0.01,A,F,1994-04-01,1994-05-26,1994-04-15,DELIVER IN PERSON,REG AIR,le; blithely regular foxes are slyly ru
49413-1,49413,1338,39,1,38.00,47094.54,0.07,0.08,N,O,1998-06-25,1998-06-30,1998-07-24,NONE,TRUCK,lithely even acc
49413-2,49413,28,79,2,17.00,15776.34,0.01,0.01,N,O,1998-06-04,1998-05-31,1998-06-11,NONE,REG AIR,e of the slyly even deposits. blithely
49413-3,49413,1904,5,3,24.00,43341.60,0.03,0.08,N,O,1998-05-14,1998-06-25,1998-05-31,DELIVER IN PERSON,AIR,nal ideas. pendin
49413-4,49413,167,46,4,38.00,40552.08,0.08,0.07,N,O,1998-06-29,1998-05-22,1998-07-26,TAKE BACK RETURN,AIR,unts cajole ironic platelets? pinto beans s
49414-1,49414,477,7,1,23.00,31681.81,0.08,0.05,N,O,1995-09-19,1995-10-01,1995-10-01,DELIVER IN PERSON,REG AIR,s sleep car
49415-1,49415,60,86,1,4.00,3840.24,0.09,0.06,N,O,1998-08-19,1998-07-10,1998-08-28,TAKE BACK RETURN,REG AIR,y even accounts. quickly special pinto bean
49415-2,49415,1834,78,2,50.00,86791.50,0.09,0.04,N,O,1998-06-30,1998-07-24,1998-07-04,TAKE BACK RETURN,MAIL,"al, bold soma"
49415-3,49415,560,91,3,47.00,68646.32,0.05,0.08,N,O,1998-08-23,1998-07-14,1998-08-30,TAKE BACK RETURN,FOB,ly slyly ironic asymptotes. carefully final
49415-4,49415,1065,71,4,13.00,12558.78,0.05,0.08,N,O,1998-08-23,1998-07-31,1998-09-02,TAKE BACK RETURN,AIR, quickly even pains. fluffily ironic th
49415-5,49415,1161,62,5,1.00,1062.16,0.02,0.03,N,O,1998-07-12,1998-07-19,1998-08-09,NONE,TRUCK,"nts. express, unusual foxes cajole slyl"
49415-6,49415,842,9,6,18.00,31371.12,0.03,0.03,N,O,1998-09-05,1998-07-25,1998-09-13,TAKE BACK RETURN,SHIP,ly special excuses wake carefully f
49440-1,49440,385,14,1,39.00,50129.82,0.05,0.01,N,O,1997-06-28,1997-06-05,1997-07-01,NONE,MAIL, the even pinto beans. cou
49440-2,49440,756,57,2,40.00,66270.00,0.04,0.02,N,O,1997-05-26,1997-05-03,1997-06-18,COLLECT COD,TRUCK,lyly final packages. silently silent
49440-3,49440,1520,1,3,49.00,69654.48,0.04,0.04,N,O,1997-04-28,1997-06-04,1997-05-23,DELIVER IN PERSON,REG AIR, engage furiously. dogged
49440-4,49440,1257,95,4,8.00,9266.00,0.07,0.06,N,O,1997-05-12,1997-04-23,1997-05-28,COLLECT COD,MAIL,. silent d
49440-5,49440,1263,38,5,30.00,34927.80,0.10,0.02,N,O,1997-06-25,1997-05-19,1997-07-01,NONE,TRUCK,its. evenly re
49441-1,49441,1559,60,1,4.00,5842.20,0.00,0.02,A,F,1994-12-13,1994-11-12,1994-12-28,COLLECT COD,RAIL,egular instructions at the slyly re
49441-2,49441,799,64,2,31.00,52693.49,0.00,0.00,R,F,1995-01-02,1994-12-20,1995-01-06,COLLECT COD,AIR,l deposits are even foxes. carefully reg
49441-3,49441,1948,81,3,21.00,38848.74,0.05,0.06,A,F,1994-11-14,1994-11-29,1994-12-02,TAKE BACK RETURN,SHIP, the quickly silent pearls
49441-4,49441,64,90,4,49.00,47238.94,0.10,0.04,A,F,1994-12-06,1994-12-09,1994-12-14,TAKE BACK RETURN,MAIL,ly even hockey players poach slyly sly
49442-1,49442,1745,30,1,13.00,21407.62,0.04,0.08,A,F,1992-08-25,1992-11-01,1992-08-29,COLLECT COD,FOB,. blithely special
49442-2,49442,1238,76,2,47.00,53543.81,0.04,0.07,R,F,1992-12-07,1992-10-10,1993-01-02,DELIVER IN PERSON,AIR,after the carefully regular packages caj
49442-3,49442,310,39,3,22.00,26626.82,0.07,0.07,A,F,1992-09-14,1992-10-23,1992-09-21,COLLECT COD,RAIL,eposits wake furiously aft
49442-4,49442,1681,5,4,1.00,1582.68,0.09,0.04,A,F,1992-09-13,1992-09-18,1992-09-22,DELIVER IN PERSON,RAIL,regular pinto beans 
49442-5,49442,1570,71,5,30.00,44147.10,0.06,0.00,A,F,1992-11-03,1992-09-18,1992-11-29,NONE,REG AIR,"slyly. final, ironic requests"
49442-6,49442,583,44,6,15.00,22253.70,0.06,0.07,A,F,1992-08-11,1992-09-23,1992-08-15,COLLECT COD,TRUCK,c accounts 
49443-1,49443,350,7,1,49.00,61267.15,0.04,0.07,R,F,1995-01-30,1995-04-22,1995-02-13,DELIVER IN PERSON,SHIP,to beans affix about the carefully bol
49443-2,49443,1441,42,2,35.00,46985.40,0.03,0.02,R,F,1995-05-09,1995-03-26,1995-05-20,COLLECT COD,FOB,ve the blithely even instructions integra
49443-3,49443,435,36,3,44.00,58758.92,0.02,0.07,A,F,1995-03-17,1995-04-12,1995-03-25,TAKE BACK RETURN,AIR,rses. regu
49444-1,49444,225,7,1,22.00,24754.84,0.06,0.08,N,O,1997-03-03,1997-04-19,1997-03-25,TAKE BACK RETURN,MAIL, wake slyly furiously regular ins
49444-2,49444,495,25,2,34.00,47446.66,0.10,0.08,N,O,1997-05-17,1997-02-27,1997-06-04,NONE,MAIL, furiously
49444-3,49444,1949,50,3,36.00,66633.84,0.10,0.01,N,O,1997-05-06,1997-03-04,1997-05-24,COLLECT COD,TRUCK,refully unusual asymptotes are
49444-4,49444,497,85,4,3.00,4192.47,0.04,0.06,N,O,1997-05-10,1997-04-17,1997-05-12,TAKE BACK RETURN,RAIL,requests. regular ideas among the 
49444-5,49444,1459,60,5,25.00,34011.25,0.04,0.06,N,O,1997-03-07,1997-03-20,1997-03-28,COLLECT COD,TRUCK,e ironic excuses. regula
49444-6,49444,1378,79,6,40.00,51174.80,0.01,0.07,N,O,1997-03-30,1997-04-09,1997-04-29,COLLECT COD,FOB,rding to the blithely e
49444-7,49444,1752,95,7,1.00,1653.75,0.05,0.05,N,O,1997-01-24,1997-04-03,1997-02-14,TAKE BACK RETURN,RAIL,onic requests use above the blithe
49445-1,49445,1359,36,1,31.00,39070.85,0.07,0.02,N,O,1998-05-21,1998-04-23,1998-06-07,COLLECT COD,SHIP,xpress packages.
49445-2,49445,162,15,2,20.00,21243.20,0.09,0.05,N,O,1998-06-09,1998-04-21,1998-06-13,COLLECT COD,AIR,ng requests use quickly among the
49445-3,49445,1679,62,3,36.00,56904.12,0.10,0.02,N,O,1998-03-21,1998-04-23,1998-04-08,DELIVER IN PERSON,TRUCK,es wake above t
49445-4,49445,1724,25,4,47.00,76408.84,0.03,0.05,N,O,1998-03-22,1998-05-06,1998-04-14,TAKE BACK RETURN,FOB,al requests. pend
49445-5,49445,46,22,5,20.00,18920.80,0.03,0.02,N,O,1998-04-10,1998-06-03,1998-05-06,NONE,SHIP,symptotes a
49446-1,49446,644,45,1,1.00,1544.64,0.09,0.05,N,O,1998-01-27,1997-12-20,1998-02-19,DELIVER IN PERSON,TRUCK,arefully even excuses detect. slyly do
49446-2,49446,955,58,2,23.00,42686.85,0.02,0.06,N,O,1998-01-19,1997-11-28,1998-02-01,COLLECT COD,SHIP,sleep quickly. carefully final re
49446-3,49446,809,76,3,36.00,61552.80,0.04,0.00,N,O,1997-11-04,1997-12-25,1997-11-11,NONE,SHIP,he asymptotes: blithely ironic forges
49447-1,49447,637,31,1,15.00,23064.45,0.08,0.08,N,O,1996-07-10,1996-09-14,1996-07-31,DELIVER IN PERSON,REG AIR,"requests detect permanent, final dolp"
49447-2,49447,1681,82,2,34.00,53811.12,0.09,0.08,N,O,1996-09-21,1996-08-28,1996-10-07,DELIVER IN PERSON,MAIL,t requests past the blith
49447-3,49447,1114,23,3,12.00,12181.32,0.03,0.07,N,O,1996-09-21,1996-08-29,1996-10-08,NONE,MAIL,uickly special asymptotes. slowly reg
49447-4,49447,1258,96,4,3.00,3477.75,0.06,0.07,N,O,1996-08-19,1996-08-12,1996-08-25,DELIVER IN PERSON,TRUCK,uffily pending dependencies thrash quickl
49447-5,49447,97,73,5,13.00,12962.17,0.05,0.02,N,O,1996-09-23,1996-09-02,1996-10-18,NONE,AIR,ly special theodolites cajole 
49447-6,49447,243,71,6,15.00,17148.60,0.02,0.01,N,O,1996-07-31,1996-09-02,1996-08-25,COLLECT COD,REG AIR,", express foxes doubt blithely qu"
49447-7,49447,527,58,7,30.00,42825.60,0.06,0.02,N,O,1996-10-03,1996-09-16,1996-10-10,NONE,SHIP,s wake. fluffil
49472-1,49472,1736,63,1,46.00,75335.58,0.02,0.04,A,F,1993-08-04,1993-09-01,1993-08-28,NONE,REG AIR, above the furiously final accounts. accou
49472-2,49472,338,95,2,9.00,11144.97,0.08,0.04,A,F,1993-08-17,1993-10-10,1993-09-06,COLLECT COD,RAIL,uickly. blith
49472-3,49472,173,26,3,9.00,9658.53,0.04,0.03,A,F,1993-09-25,1993-10-03,1993-09-29,DELIVER IN PERSON,AIR,e slyly alongside of the slyly f
49472-4,49472,1381,58,4,41.00,52577.58,0.07,0.08,A,F,1993-07-25,1993-09-22,1993-08-19,COLLECT COD,AIR,ickly bold accounts. 
49472-5,49472,583,74,5,9.00,13352.22,0.02,0.02,A,F,1993-09-27,1993-09-27,1993-10-19,NONE,RAIL,ween the asymptotes hag
49473-1,49473,1168,77,1,38.00,40628.08,0.00,0.04,N,O,1997-09-17,1997-10-26,1997-10-06,DELIVER IN PERSON,AIR,ly regular platelets wake.
49473-2,49473,1998,99,2,48.00,91199.52,0.02,0.03,N,O,1997-09-19,1997-10-17,1997-09-23,NONE,REG AIR,. quickly regular accounts nag fu
49473-3,49473,1913,46,3,44.00,79856.04,0.02,0.08,N,O,1997-10-25,1997-10-14,1997-11-16,COLLECT COD,TRUCK, pinto bean
49473-4,49473,1418,36,4,9.00,11874.69,0.09,0.05,N,O,1997-09-23,1997-10-12,1997-09-26,TAKE BACK RETURN,RAIL,und the final orbits. express somas solve p
49473-5,49473,1281,82,5,15.00,17734.20,0.00,0.06,N,O,1997-11-10,1997-10-10,1997-11-20,DELIVER IN PERSON,RAIL, regular courts se
49473-6,49473,1821,8,6,16.00,27565.12,0.08,0.05,N,O,1997-10-28,1997-09-24,1997-11-03,TAKE BACK RETURN,RAIL, platelets haggle blithely. package
49473-7,49473,810,11,7,50.00,85540.50,0.03,0.01,N,O,1997-10-04,1997-10-21,1997-10-22,TAKE BACK RETURN,RAIL,ges haggle after the quiet platelets.
49474-1,49474,127,54,1,3.00,3081.36,0.09,0.02,N,O,1997-12-09,1997-12-12,1997-12-31,NONE,REG AIR,sts are about the dep
49474-2,49474,617,80,2,2.00,3035.22,0.02,0.05,N,O,1997-11-10,1997-12-12,1997-11-25,COLLECT COD,TRUCK,ts-- fluffily express instructions h
49474-3,49474,1287,99,3,27.00,32083.56,0.03,0.03,N,O,1998-02-13,1997-12-20,1998-03-10,DELIVER IN PERSON,TRUCK,ly. silent ideas above the quickly even as
49474-4,49474,763,64,4,17.00,28283.92,0.09,0.00,N,O,1998-01-04,1998-01-10,1998-01-07,DELIVER IN PERSON,TRUCK,y careful depos
49474-5,49474,1972,61,5,14.00,26235.58,0.08,0.05,N,O,1998-02-15,1998-01-20,1998-03-03,COLLECT COD,SHIP,requests could ha
49474-6,49474,552,83,6,7.00,10167.85,0.08,0.05,N,O,1998-01-22,1998-01-21,1998-01-23,COLLECT COD,REG AIR,slyly according to the
49475-1,49475,1156,93,1,23.00,24314.45,0.02,0.04,N,O,1997-07-13,1997-08-05,1997-07-22,DELIVER IN PERSON,SHIP,eposits. furiously pending
49475-2,49475,1515,36,2,30.00,42495.30,0.01,0.00,N,O,1997-08-31,1997-08-03,1997-09-29,DELIVER IN PERSON,MAIL,g quickly 
49475-3,49475,1653,77,3,15.00,23319.75,0.07,0.03,N,O,1997-06-02,1997-07-03,1997-06-19,COLLECT COD,SHIP,"ar, silent instruc"
49476-1,49476,1508,49,1,40.00,56380.00,0.09,0.05,N,O,1997-11-25,1997-12-17,1997-12-24,NONE,MAIL, excuses cajole silent
49476-2,49476,327,84,2,16.00,19637.12,0.07,0.01,N,O,1998-01-14,1997-11-16,1998-01-17,COLLECT COD,TRUCK, accounts. fluffily even deposits i
49476-3,49476,1409,49,3,17.00,22276.80,0.04,0.03,N,O,1998-01-13,1997-11-21,1998-02-09,TAKE BACK RETURN,RAIL,ys bold deposits. ironic deposits 
49476-4,49476,455,14,4,50.00,67772.50,0.04,0.00,N,O,1997-12-24,1997-12-13,1997-12-26,NONE,FOB,slyly final packages are quickly. somas los
49476-5,49476,297,25,5,31.00,37115.99,0.08,0.02,N,O,1997-12-05,1997-12-16,1997-12-16,NONE,SHIP,ar accounts engage blithely unus
49476-6,49476,622,54,6,43.00,65472.66,0.04,0.02,N,O,1997-12-05,1997-11-30,1997-12-20,TAKE BACK RETURN,TRUCK, carefully unusual
49476-7,49476,30,81,7,10.00,9300.30,0.07,0.04,N,O,1997-10-17,1997-12-29,1997-11-13,COLLECT COD,SHIP,its upon the quickly ironic i
49477-1,49477,602,34,1,26.00,39067.60,0.08,0.06,N,O,1996-03-11,1996-01-28,1996-03-19,NONE,RAIL,y even accounts. furious accounts haggle o
49477-2,49477,510,11,2,2.00,2821.02,0.05,0.03,N,O,1996-01-26,1996-02-06,1996-02-21,NONE,FOB,ms. express packages wake. de
49477-3,49477,1142,43,3,15.00,15647.10,0.08,0.03,N,O,1996-03-06,1996-01-28,1996-03-17,DELIVER IN PERSON,REG AIR,ly ironic sentimen
49477-4,49477,353,10,4,3.00,3760.05,0.09,0.07,N,O,1996-01-21,1996-02-27,1996-02-13,DELIVER IN PERSON,RAIL,d the bold package
49477-5,49477,1907,52,5,40.00,72356.00,0.00,0.07,N,O,1996-03-15,1996-02-23,1996-04-04,COLLECT COD,FOB,nic theodo
49477-6,49477,169,96,6,43.00,45973.88,0.07,0.01,N,O,1996-02-11,1996-01-03,1996-02-20,TAKE BACK RETURN,REG AIR, nod. pinto beans use sl
49478-1,49478,463,22,1,8.00,10907.68,0.04,0.06,N,O,1998-02-24,1998-03-03,1998-03-20,NONE,RAIL,pinto beans. courts cajole 
49478-2,49478,126,79,2,2.00,2052.24,0.00,0.04,N,O,1998-02-17,1998-03-27,1998-03-09,COLLECT COD,RAIL,en ideas would affi
49478-3,49478,1389,28,3,34.00,43872.92,0.07,0.08,N,O,1998-02-03,1998-04-19,1998-02-18,NONE,TRUCK, beans cajole blithely above the fi
49478-4,49478,707,8,4,12.00,19292.40,0.08,0.05,N,O,1998-05-13,1998-02-28,1998-06-10,COLLECT COD,RAIL,ding to the final deposits; slyly regular 
49479-1,49479,240,41,1,9.00,10262.16,0.01,0.00,N,O,1995-08-31,1995-09-24,1995-09-20,TAKE BACK RETURN,FOB,lly pending pinto beans cajole idly. bl
49479-2,49479,875,42,2,18.00,31965.66,0.03,0.07,N,O,1995-08-31,1995-10-04,1995-09-15,DELIVER IN PERSON,MAIL,accounts along the express de
49479-3,49479,775,72,3,45.00,75409.65,0.09,0.04,N,O,1995-10-08,1995-09-01,1995-10-25,NONE,FOB,thely ironic 
49479-4,49479,1698,99,4,49.00,78384.81,0.10,0.05,N,O,1995-10-28,1995-10-21,1995-11-04,NONE,SHIP,"ar, special asymptotes haggle"
49479-5,49479,731,32,5,46.00,75059.58,0.01,0.02,N,O,1995-08-06,1995-09-26,1995-08-11,DELIVER IN PERSON,REG AIR,nusual packages alon
49504-1,49504,1045,81,1,6.00,5676.24,0.06,0.04,A,F,1994-12-31,1995-02-10,1995-01-02,TAKE BACK RETURN,TRUCK,rash. carefully ent
49504-2,49504,526,87,2,42.00,59913.84,0.07,0.04,A,F,1995-02-05,1994-12-20,1995-02-24,DELIVER IN PERSON,TRUCK,usly bold court
49505-1,49505,151,52,1,35.00,36790.25,0.08,0.05,R,F,1994-02-27,1994-03-04,1994-03-17,DELIVER IN PERSON,TRUCK,ickly even instruc
49505-2,49505,968,69,2,22.00,41117.12,0.02,0.04,A,F,1994-01-31,1994-03-22,1994-02-28,DELIVER IN PERSON,AIR,riously unusual deposits. slyly pending
49505-3,49505,1536,17,3,36.00,51751.08,0.07,0.05,R,F,1994-02-11,1994-02-25,1994-02-19,TAKE BACK RETURN,REG AIR,ely idle deposits haggle blithely carefully
49505-4,49505,296,24,4,4.00,4785.16,0.07,0.06,R,F,1994-02-02,1994-02-22,1994-03-03,DELIVER IN PERSON,FOB,aring packages. slyly even grouches ab
49505-5,49505,715,16,5,4.00,6462.84,0.01,0.08,R,F,1994-02-13,1994-04-22,1994-02-17,NONE,FOB,unts. carefully final 
49505-6,49505,1038,9,6,34.00,31927.02,0.03,0.02,R,F,1994-03-03,1994-04-15,1994-03-18,NONE,RAIL,ickly ironic requests. gr
49505-7,49505,1927,72,7,22.00,40236.24,0.01,0.06,A,F,1994-02-06,1994-04-03,1994-03-05,COLLECT COD,FOB,nts. furiou
49506-1,49506,1870,100,1,41.00,72646.67,0.03,0.07,N,O,1997-06-01,1997-06-13,1997-06-20,TAKE BACK RETURN,TRUCK,y regular excus
49506-2,49506,528,19,2,27.00,38570.04,0.05,0.06,N,O,1997-05-11,1997-06-19,1997-06-10,NONE,RAIL,counts use fl
49506-3,49506,642,74,3,24.00,37023.36,0.02,0.06,N,O,1997-08-05,1997-07-02,1997-08-25,DELIVER IN PERSON,SHIP,es. slyly ironic packages use furious
49507-1,49507,1775,2,1,40.00,67070.80,0.04,0.06,N,O,1997-11-30,1998-01-13,1997-12-06,DELIVER IN PERSON,REG AIR,otes? quickly regular courts are bli
49507-2,49507,1982,15,2,31.00,58403.38,0.07,0.07,N,O,1997-12-07,1997-11-22,1997-12-20,NONE,FOB,"ts wake always across the unusual, unusual "
49508-1,49508,1799,26,1,8.00,13606.32,0.08,0.02,N,O,1998-08-19,1998-09-02,1998-08-24,TAKE BACK RETURN,FOB,"! ironic, bold acco"
49508-2,49508,260,88,2,46.00,53371.96,0.01,0.08,N,O,1998-08-16,1998-09-22,1998-08-29,DELIVER IN PERSON,SHIP,"eas wake blithely regular, un"
49508-3,49508,50,51,3,49.00,46552.45,0.09,0.03,N,O,1998-11-02,1998-08-24,1998-11-19,DELIVER IN PERSON,REG AIR,structions 
49508-4,49508,1076,82,4,41.00,40059.87,0.01,0.08,N,O,1998-09-14,1998-08-14,1998-09-17,NONE,SHIP,final packages poach furiously fi
49508-5,49508,53,54,5,38.00,36215.90,0.09,0.06,N,O,1998-10-16,1998-08-25,1998-11-12,DELIVER IN PERSON,MAIL,blithely ironic fre
49508-6,49508,840,40,6,35.00,60929.40,0.04,0.02,N,O,1998-07-16,1998-09-03,1998-08-10,DELIVER IN PERSON,SHIP,"ly final requests nag furiously. ironic,"
49509-1,49509,1808,38,1,5.00,8549.00,0.03,0.01,N,O,1995-07-18,1995-08-13,1995-08-01,COLLECT COD,MAIL,pecial foxes 
49509-2,49509,968,71,2,13.00,24296.48,0.01,0.06,N,O,1995-07-17,1995-09-02,1995-07-19,TAKE BACK RETURN,REG AIR,sly regular deposits. finally regular idea
49509-3,49509,321,50,3,28.00,34196.96,0.07,0.06,N,O,1995-09-03,1995-08-04,1995-09-16,NONE,FOB,ully regular packages use acc
49510-1,49510,1083,84,1,19.00,18697.52,0.04,0.07,R,F,1992-07-19,1992-05-09,1992-07-25,COLLECT COD,REG AIR,efully regular foxes boost alongside
49510-2,49510,1151,60,2,32.00,33668.80,0.10,0.04,R,F,1992-06-20,1992-05-29,1992-06-23,NONE,RAIL,ent deposits. quickly bold package
49510-3,49510,1749,50,3,24.00,39617.76,0.01,0.02,R,F,1992-07-17,1992-06-17,1992-07-24,DELIVER IN PERSON,TRUCK,nts detect. regular deposits solve q
49510-4,49510,1778,79,4,19.00,31915.63,0.05,0.00,A,F,1992-06-22,1992-04-20,1992-07-21,TAKE BACK RETURN,AIR,l foxes. blithely regu
49511-1,49511,1798,83,1,6.00,10198.74,0.01,0.06,A,F,1994-07-09,1994-06-25,1994-07-24,COLLECT COD,REG AIR,equests! quickl
49511-2,49511,661,24,2,5.00,7808.30,0.01,0.02,R,F,1994-07-01,1994-07-16,1994-07-20,NONE,FOB,platelets. slyly regular accounts haggle a
49511-3,49511,288,89,3,7.00,8317.96,0.06,0.05,A,F,1994-05-01,1994-05-28,1994-05-26,DELIVER IN PERSON,TRUCK,er the ironic dependencies sleep
49511-4,49511,1613,14,4,3.00,4543.83,0.00,0.01,A,F,1994-07-03,1994-05-25,1994-07-17,NONE,TRUCK,requests haggle fl
49511-5,49511,1847,91,5,39.00,68204.76,0.02,0.01,A,F,1994-04-26,1994-05-26,1994-04-29,TAKE BACK RETURN,TRUCK,sly into the slyly pe
49511-6,49511,464,52,6,33.00,45027.18,0.08,0.00,R,F,1994-06-06,1994-06-19,1994-06-27,COLLECT COD,RAIL,nag special ideas. 
49536-1,49536,461,62,1,3.00,4084.38,0.10,0.02,N,O,1996-02-15,1996-02-08,1996-03-16,COLLECT COD,FOB,c accounts use about
49536-2,49536,1034,35,2,50.00,46751.50,0.05,0.03,N,O,1996-03-13,1996-01-20,1996-03-21,DELIVER IN PERSON,REG AIR,es. furiously regular asymptotes grow d
49537-1,49537,161,62,1,30.00,31834.80,0.00,0.04,R,F,1995-03-25,1995-05-10,1995-03-28,COLLECT COD,FOB,nusual accounts about the bl
49538-1,49538,1787,14,1,3.00,5066.34,0.08,0.04,A,F,1993-03-27,1993-04-20,1993-04-03,DELIVER IN PERSON,MAIL, furiously along the instructions. depen
49538-2,49538,333,62,2,22.00,27133.26,0.01,0.08,A,F,1993-07-03,1993-06-12,1993-07-23,TAKE BACK RETURN,SHIP,. slowly ironic packages
49538-3,49538,70,96,3,26.00,25221.82,0.00,0.02,A,F,1993-06-20,1993-06-10,1993-07-02,COLLECT COD,FOB,riously furiously ironic dependencies. un
49538-4,49538,284,39,4,38.00,45002.64,0.01,0.01,A,F,1993-03-28,1993-05-08,1993-04-26,NONE,RAIL,egular packages. 
49539-1,49539,1047,83,1,26.00,24649.04,0.06,0.04,A,F,1993-04-13,1993-05-21,1993-05-12,NONE,AIR,nic dependencies sleep fluf
49539-2,49539,1920,65,2,17.00,30972.64,0.04,0.02,A,F,1993-07-31,1993-06-25,1993-08-12,NONE,AIR,sits among th
49539-3,49539,422,81,3,8.00,10579.36,0.09,0.03,A,F,1993-04-17,1993-06-17,1993-04-25,NONE,FOB,onic accounts are accor
49539-4,49539,1921,66,4,34.00,61979.28,0.01,0.03,R,F,1993-04-30,1993-05-29,1993-05-22,DELIVER IN PERSON,RAIL,"foxes. dogged, express accounts w"
49540-1,49540,271,53,1,33.00,38651.91,0.00,0.02,N,O,1997-11-24,1997-11-17,1997-11-28,NONE,RAIL,"ic, ironic accounts. slyly express theod"
49540-2,49540,936,39,2,49.00,90009.57,0.05,0.00,N,O,1997-12-21,1997-10-30,1998-01-17,DELIVER IN PERSON,RAIL,odolites nag. bli
49540-3,49540,1070,41,3,36.00,34958.52,0.03,0.08,N,O,1997-12-24,1997-12-12,1998-01-07,TAKE BACK RETURN,RAIL,lly regular requests. bold p
49540-4,49540,1000,1,4,12.00,10812.00,0.09,0.02,N,O,1997-10-09,1997-12-06,1997-10-15,NONE,SHIP,ect furiously express ideas. blithel
49541-1,49541,260,42,1,31.00,35968.06,0.05,0.01,R,F,1994-01-20,1994-03-01,1994-02-13,TAKE BACK RETURN,REG AIR,y carefull
49542-1,49542,1053,54,1,22.00,20989.10,0.08,0.01,R,F,1993-10-06,1993-09-20,1993-10-31,DELIVER IN PERSON,SHIP,ch carefully agains
49542-2,49542,1049,20,2,45.00,42751.80,0.08,0.07,A,F,1993-10-28,1993-09-24,1993-11-05,TAKE BACK RETURN,FOB,longside of the asymptotes. b
49543-1,49543,189,68,1,46.00,50102.28,0.01,0.06,R,F,1992-04-30,1992-03-22,1992-05-12,TAKE BACK RETURN,AIR,"o beans. final, final"
49543-2,49543,758,91,2,10.00,16587.50,0.06,0.00,A,F,1992-04-28,1992-02-16,1992-05-27,COLLECT COD,MAIL,ffily. slyly ironic pinto beans sleep even
49543-3,49543,1285,23,3,23.00,27284.44,0.04,0.05,R,F,1992-02-23,1992-02-29,1992-03-01,TAKE BACK RETURN,AIR,ly blithely regula
49568-1,49568,1173,82,1,46.00,49411.82,0.09,0.03,N,O,1997-06-28,1997-05-23,1997-07-02,NONE,RAIL, the fluffily s
49568-2,49568,183,36,2,16.00,17330.88,0.04,0.04,N,O,1997-04-26,1997-03-30,1997-05-06,DELIVER IN PERSON,MAIL, final instructions. slyly final
49569-1,49569,458,88,1,28.00,38036.60,0.00,0.03,R,F,1994-09-07,1994-09-14,1994-09-08,TAKE BACK RETURN,MAIL,uests. carefully 
49569-2,49569,1033,34,2,45.00,42031.35,0.09,0.07,R,F,1994-08-13,1994-09-07,1994-08-24,DELIVER IN PERSON,TRUCK,"xpress, special theodolites are"
49569-3,49569,1193,30,3,31.00,33919.89,0.09,0.07,R,F,1994-08-14,1994-08-01,1994-09-13,COLLECT COD,SHIP,inal depende
49569-4,49569,849,83,4,37.00,64744.08,0.01,0.02,R,F,1994-06-26,1994-09-09,1994-07-04,DELIVER IN PERSON,SHIP,totes wake sometimes 
49569-5,49569,1845,75,5,45.00,78607.80,0.04,0.07,R,F,1994-09-21,1994-08-31,1994-10-15,NONE,REG AIR,ccounts detect abou
49570-1,49570,206,61,1,21.00,23230.20,0.10,0.07,A,F,1994-09-06,1994-07-31,1994-10-04,NONE,AIR,ts sleep after the blithely pending foxes.
49570-2,49570,907,8,2,2.00,3615.80,0.01,0.04,R,F,1994-09-18,1994-08-17,1994-10-18,DELIVER IN PERSON,FOB,eans are along the furi
49570-3,49570,624,87,3,24.00,36590.88,0.08,0.04,R,F,1994-10-18,1994-09-22,1994-10-27,NONE,REG AIR,carefully sil
49571-1,49571,1276,77,1,37.00,43558.99,0.01,0.03,N,O,1997-01-09,1996-11-23,1997-01-22,NONE,RAIL,haggle busily ironic instructions. bold i
49571-2,49571,1588,89,2,17.00,25322.86,0.01,0.08,N,O,1997-01-10,1996-11-30,1997-01-26,TAKE BACK RETURN,REG AIR,s boost furiously quickly even excu
49571-3,49571,1184,85,3,25.00,27129.50,0.03,0.01,N,O,1997-01-05,1996-12-18,1997-01-30,DELIVER IN PERSON,REG AIR,ptotes use furiously d
49571-4,49571,297,79,4,22.00,26340.38,0.01,0.03,N,O,1996-11-22,1996-12-19,1996-11-24,COLLECT COD,RAIL,the unusual instructions-- packages sleep.
49572-1,49572,463,51,1,11.00,14998.06,0.05,0.08,N,O,1997-02-09,1997-03-27,1997-02-19,NONE,RAIL,"ages are blithely even, ruthless requ"
49572-2,49572,1384,61,2,15.00,19280.70,0.05,0.08,N,O,1997-01-13,1997-02-21,1997-01-20,COLLECT COD,MAIL,riously ironic deposi
49573-1,49573,892,59,1,11.00,19721.79,0.01,0.02,N,O,1998-01-15,1998-03-23,1998-01-19,NONE,FOB,ending instructions
49574-1,49574,1312,27,1,34.00,41252.54,0.08,0.07,N,O,1998-01-25,1998-03-08,1998-02-15,DELIVER IN PERSON,SHIP,pinto beans a
49574-2,49574,281,9,2,12.00,14175.36,0.00,0.08,N,O,1998-02-14,1998-02-11,1998-02-16,DELIVER IN PERSON,FOB,ndencies according to the carefull
49574-3,49574,1522,23,3,49.00,69752.48,0.09,0.00,N,O,1998-03-04,1998-02-16,1998-03-28,TAKE BACK RETURN,REG AIR,egular foxes. final packages wake quickly 
49575-1,49575,710,7,1,31.00,49932.01,0.01,0.06,A,F,1994-02-13,1994-02-11,1994-02-26,DELIVER IN PERSON,RAIL,arls detect about 
49575-2,49575,868,69,2,36.00,63678.96,0.00,0.06,R,F,1994-03-10,1994-02-15,1994-04-06,TAKE BACK RETURN,REG AIR,"ffix. special, special accounts"
49575-3,49575,1500,79,3,43.00,60264.50,0.07,0.01,A,F,1994-01-11,1994-02-18,1994-02-08,NONE,FOB,"pendencies at the final, e"
49575-4,49575,1198,99,4,28.00,30777.32,0.03,0.07,A,F,1994-03-12,1994-02-18,1994-03-16,NONE,SHIP, pinto beans
49575-5,49575,1582,63,5,18.00,26704.44,0.08,0.06,A,F,1994-04-05,1994-02-24,1994-04-22,COLLECT COD,REG AIR,ly ironic 
49575-6,49575,1230,42,6,18.00,20362.14,0.10,0.07,R,F,1994-03-17,1994-03-13,1994-04-07,DELIVER IN PERSON,AIR, ironic packages s
49575-7,49575,736,33,7,16.00,26187.68,0.10,0.05,R,F,1994-01-21,1994-01-23,1994-02-09,NONE,MAIL,e special d
49600-1,49600,1176,85,1,4.00,4308.68,0.09,0.01,N,F,1995-06-16,1995-04-18,1995-06-29,DELIVER IN PERSON,RAIL,t the blithely regular de
49600-2,49600,1363,78,2,29.00,36666.44,0.10,0.03,N,F,1995-05-30,1995-04-10,1995-06-24,COLLECT COD,SHIP, are idly. quickly ironic foxes
49600-3,49600,1037,43,3,25.00,23450.75,0.01,0.07,N,O,1995-07-06,1995-05-05,1995-07-21,NONE,SHIP,aphs poach slyly? carefully even deposits
49600-4,49600,1612,95,4,21.00,31785.81,0.08,0.01,A,F,1995-04-17,1995-06-03,1995-05-10,NONE,MAIL,ing platelets haggle 
49600-5,49600,659,60,5,21.00,32752.65,0.06,0.03,A,F,1995-05-29,1995-05-07,1995-06-09,NONE,RAIL,es. unusual platelets are ca
49601-1,49601,387,44,1,34.00,43770.92,0.05,0.01,R,F,1995-04-01,1995-03-27,1995-04-08,DELIVER IN PERSON,TRUCK, regular ideas boost against the slyly
49601-2,49601,140,19,2,10.00,10401.40,0.09,0.03,R,F,1995-03-20,1995-04-13,1995-04-09,NONE,RAIL,"s. final, regular foxes are furious"
49601-3,49601,1692,93,3,33.00,52591.77,0.01,0.03,A,F,1995-04-12,1995-04-27,1995-04-24,NONE,REG AIR,ctions lose pe
49601-4,49601,248,3,4,46.00,52819.04,0.06,0.08,A,F,1995-04-09,1995-04-26,1995-04-13,DELIVER IN PERSON,FOB,requests nod about the quickly special pa
49602-1,49602,275,57,1,39.00,45835.53,0.01,0.04,A,F,1992-03-19,1992-04-19,1992-04-04,NONE,SHIP,ts inside the slyly pending pac
49602-2,49602,891,25,2,40.00,71675.60,0.00,0.00,R,F,1992-06-17,1992-04-15,1992-07-04,TAKE BACK RETURN,FOB,y. slyly special 
49602-3,49602,1409,27,3,50.00,65520.00,0.06,0.00,R,F,1992-04-18,1992-05-30,1992-05-09,COLLECT COD,REG AIR,old packages pr
49602-4,49602,742,43,4,8.00,13141.92,0.00,0.01,R,F,1992-05-05,1992-05-06,1992-05-16,COLLECT COD,REG AIR,express instructions
49602-5,49602,1912,57,5,23.00,41719.93,0.09,0.08,A,F,1992-05-12,1992-06-06,1992-05-29,DELIVER IN PERSON,FOB,theodolites. ironical
49603-1,49603,1014,15,1,31.00,28365.31,0.01,0.08,N,O,1996-02-16,1995-12-07,1996-02-19,NONE,AIR,equests cajole quickly: deposits sl
49603-2,49603,1736,79,2,47.00,76973.31,0.04,0.00,N,O,1996-01-26,1995-12-20,1996-02-08,TAKE BACK RETURN,TRUCK,quests. ironic foxes na
49603-3,49603,1426,5,3,46.00,61061.32,0.02,0.07,N,O,1995-12-14,1995-12-22,1996-01-13,NONE,TRUCK,se. daring accounts wake. slyly express
49603-4,49603,36,62,4,23.00,21528.69,0.01,0.03,N,O,1995-12-10,1995-12-15,1995-12-19,DELIVER IN PERSON,FOB,s integrate slyly ironic platelets. slyl
49604-1,49604,1939,72,1,14.00,25773.02,0.02,0.05,N,O,1997-04-17,1997-03-12,1997-04-19,DELIVER IN PERSON,RAIL,ronic sentiments. furiously silent 
49604-2,49604,1072,43,2,37.00,36003.59,0.00,0.04,N,O,1997-05-25,1997-03-07,1997-06-12,DELIVER IN PERSON,AIR,iously fin
49605-1,49605,251,52,1,27.00,31083.75,0.10,0.01,N,O,1998-05-05,1998-04-11,1998-05-19,NONE,MAIL,hely silent requests. slyly pen
49605-2,49605,919,88,2,48.00,87355.68,0.07,0.08,N,O,1998-02-25,1998-04-09,1998-03-08,COLLECT COD,TRUCK,s. fluffily even r
49605-3,49605,1027,28,3,15.00,13920.30,0.07,0.03,N,O,1998-03-02,1998-03-31,1998-03-31,TAKE BACK RETURN,FOB,outside the even ideas. fluffily ironic 
49605-4,49605,179,58,4,33.00,35612.61,0.01,0.03,N,O,1998-03-10,1998-04-21,1998-04-04,DELIVER IN PERSON,REG AIR,xes haggle along the somas. carefull
49605-5,49605,1673,97,5,25.00,39366.75,0.01,0.08,N,O,1998-03-10,1998-03-28,1998-04-03,DELIVER IN PERSON,TRUCK, ironic packages breach s
49606-1,49606,1165,38,1,38.00,40514.08,0.05,0.02,A,F,1993-12-25,1993-12-29,1994-01-23,DELIVER IN PERSON,AIR,hin instructions
49607-1,49607,925,26,1,39.00,71210.88,0.05,0.03,R,F,1994-05-08,1994-07-23,1994-06-03,COLLECT COD,FOB,fully pending
49632-1,49632,455,43,1,25.00,33886.25,0.01,0.00,R,F,1993-02-05,1993-01-13,1993-03-02,COLLECT COD,MAIL, accounts sleep
49632-2,49632,1659,83,2,20.00,31213.00,0.02,0.01,R,F,1993-03-20,1993-01-15,1993-03-24,COLLECT COD,AIR,ts. packages 
49632-3,49632,1056,62,3,25.00,23926.25,0.10,0.01,A,F,1993-02-27,1993-01-16,1993-03-20,NONE,AIR,ithely final instructions. blithely reg
49632-4,49632,1147,48,4,13.00,13625.82,0.00,0.05,A,F,1993-03-21,1993-02-19,1993-04-07,COLLECT COD,FOB,after the b
49632-5,49632,469,28,5,49.00,67103.54,0.10,0.08,A,F,1993-01-09,1993-01-16,1993-02-02,DELIVER IN PERSON,FOB,quickly even packages sleep slyly
49632-6,49632,821,55,6,6.00,10330.92,0.08,0.04,R,F,1993-03-14,1993-01-09,1993-04-03,TAKE BACK RETURN,FOB,e ideas hang
49633-1,49633,1867,68,1,7.00,12382.02,0.01,0.04,A,F,1993-04-07,1993-04-01,1993-04-10,COLLECT COD,TRUCK,ost fluffily quietly regular ideas.
49633-2,49633,1262,74,2,36.00,41877.36,0.03,0.05,R,F,1993-02-23,1993-04-25,1993-02-26,COLLECT COD,FOB,deposits. ideas d
49633-3,49633,1268,69,3,44.00,51447.44,0.02,0.06,A,F,1993-03-15,1993-03-27,1993-03-18,NONE,REG AIR,"above the final, ironic f"
49633-4,49633,720,21,4,43.00,69690.96,0.09,0.02,A,F,1993-03-28,1993-03-15,1993-04-12,NONE,SHIP,sts sleep fluffily against the carefully 
49633-5,49633,1601,2,5,35.00,52591.00,0.01,0.04,R,F,1993-03-15,1993-03-12,1993-03-24,TAKE BACK RETURN,SHIP,"into beans. regular, speci"
49633-6,49633,1971,4,6,27.00,50570.19,0.04,0.00,A,F,1993-05-13,1993-05-05,1993-05-15,COLLECT COD,REG AIR,ly slyly ironic packages. ironicall
49634-1,49634,1507,8,1,41.00,57748.50,0.04,0.08,R,F,1992-04-24,1992-06-15,1992-05-01,TAKE BACK RETURN,SHIP,ess foxes. slyly final braids wake slyly 
49634-2,49634,371,56,2,18.00,22884.66,0.04,0.08,A,F,1992-05-01,1992-05-05,1992-05-11,TAKE BACK RETURN,FOB,t foxes caj
49634-3,49634,1869,70,3,1.00,1770.86,0.04,0.02,A,F,1992-07-01,1992-06-18,1992-07-08,DELIVER IN PERSON,RAIL, theodolites run carefully furious req
49634-4,49634,1980,13,4,49.00,92217.02,0.07,0.08,R,F,1992-04-12,1992-05-30,1992-05-01,DELIVER IN PERSON,REG AIR,use furiously furiously even f
49634-5,49634,145,72,5,33.00,34489.62,0.08,0.03,A,F,1992-05-23,1992-06-18,1992-05-30,COLLECT COD,TRUCK,g the carefully express inst
49634-6,49634,803,3,6,9.00,15334.20,0.09,0.00,R,F,1992-07-03,1992-05-25,1992-07-22,NONE,RAIL,es. enticingly regular in
49634-7,49634,1323,62,7,20.00,24486.40,0.08,0.06,R,F,1992-05-03,1992-06-17,1992-05-12,NONE,REG AIR,xcuses boost. blit
49635-1,49635,660,54,1,19.00,29652.54,0.07,0.02,R,F,1993-04-24,1993-06-08,1993-04-27,NONE,TRUCK,ress packages h
49635-2,49635,1728,71,2,20.00,32594.40,0.00,0.02,R,F,1993-05-24,1993-06-13,1993-06-16,COLLECT COD,REG AIR,unts nag carefully. even accounts about t
49635-3,49635,851,18,3,41.00,71825.85,0.01,0.08,A,F,1993-06-10,1993-06-13,1993-06-21,NONE,MAIL,r pinto beans. quiet 
49636-1,49636,1267,5,1,44.00,51403.44,0.09,0.06,A,F,1993-04-21,1993-03-14,1993-04-22,TAKE BACK RETURN,SHIP,eep quickly requests. slyly regular deposit
49636-2,49636,647,79,2,16.00,24762.24,0.05,0.08,A,F,1993-02-11,1993-02-05,1993-02-13,NONE,REG AIR,lites cajole acros
49636-3,49636,1215,27,3,35.00,39067.35,0.05,0.08,A,F,1993-04-04,1993-01-27,1993-04-08,NONE,REG AIR,ully regular packages b
49636-4,49636,947,50,4,49.00,90549.06,0.10,0.01,R,F,1993-01-20,1993-03-06,1993-02-11,COLLECT COD,TRUCK,tructions. final
49636-5,49636,1833,34,5,21.00,36431.43,0.02,0.00,A,F,1993-03-23,1993-03-04,1993-04-12,TAKE BACK RETURN,TRUCK,theodolites run slyly after t
49637-1,49637,218,73,1,37.00,41373.77,0.06,0.02,R,F,1992-07-12,1992-09-10,1992-07-23,COLLECT COD,REG AIR,y according to the carefully 
49638-1,49638,889,23,1,13.00,23268.44,0.05,0.04,R,F,1993-09-12,1993-11-05,1993-09-28,COLLECT COD,AIR,kly. requests sleep slyly. pendin
49638-2,49638,1668,51,2,48.00,75343.68,0.01,0.05,R,F,1993-08-20,1993-10-24,1993-08-24,NONE,FOB,c gifts wake blithely above the quic
49638-3,49638,1981,14,3,5.00,9414.90,0.01,0.00,R,F,1993-12-06,1993-09-15,1993-12-16,DELIVER IN PERSON,FOB,nstructions s
49638-4,49638,303,4,4,28.00,33692.40,0.10,0.08,A,F,1993-08-15,1993-09-14,1993-08-28,TAKE BACK RETURN,REG AIR,xcuses after the quickly regu
49638-5,49638,1711,54,5,33.00,53219.43,0.08,0.08,R,F,1993-08-19,1993-09-12,1993-08-20,TAKE BACK RETURN,RAIL,"onic ideas wake. regular, final grouch"
49638-6,49638,821,88,6,11.00,18940.02,0.07,0.04,A,F,1993-08-26,1993-10-22,1993-09-08,NONE,SHIP,es. furiou
49638-7,49638,1275,87,7,43.00,50579.61,0.09,0.01,A,F,1993-09-09,1993-11-03,1993-09-20,COLLECT COD,MAIL, foxes wake slyly. blithely silent requests
49639-1,49639,413,1,1,28.00,36775.48,0.01,0.04,R,F,1994-02-13,1994-01-03,1994-02-26,TAKE BACK RETURN,REG AIR, engage never slyly unusual foxes. sl
49639-2,49639,412,71,2,2.00,2624.82,0.10,0.08,R,F,1993-12-25,1993-11-30,1994-01-10,DELIVER IN PERSON,REG AIR, regular ideas. carefully ironic decoys use
49639-3,49639,290,91,3,7.00,8332.03,0.06,0.02,R,F,1993-10-27,1993-11-30,1993-11-06,TAKE BACK RETURN,REG AIR,endencies sl
49664-1,49664,495,83,1,38.00,53028.62,0.07,0.04,A,F,1994-05-18,1994-06-15,1994-05-28,COLLECT COD,TRUCK,y never silent deposits. 
49664-2,49664,1327,66,2,19.00,23338.08,0.02,0.07,R,F,1994-05-04,1994-04-20,1994-05-09,TAKE BACK RETURN,RAIL,sits use. final forges detect caref
49664-3,49664,799,96,3,17.00,28896.43,0.03,0.01,A,F,1994-07-10,1994-06-13,1994-07-11,NONE,FOB,riously bold excuses. slyly final reque
49664-4,49664,422,10,4,7.00,9256.94,0.02,0.06,A,F,1994-07-10,1994-06-17,1994-08-05,NONE,AIR, ideas are quickly ac
49664-5,49664,1460,61,5,15.00,20421.90,0.07,0.06,R,F,1994-06-06,1994-06-02,1994-06-22,DELIVER IN PERSON,FOB,kages: reg
49664-6,49664,327,28,6,17.00,20864.44,0.00,0.06,R,F,1994-05-12,1994-05-27,1994-05-27,COLLECT COD,MAIL, stealthily final packages.
49664-7,49664,883,84,7,15.00,26758.20,0.09,0.07,R,F,1994-04-07,1994-05-22,1994-05-02,NONE,SHIP,ts wake slyly. carefully pending
49665-1,49665,1851,95,1,28.00,49079.80,0.10,0.03,N,O,1996-04-10,1996-04-25,1996-04-17,DELIVER IN PERSON,MAIL,s are packages. instructions among the sl
49665-2,49665,821,88,2,42.00,72316.44,0.07,0.06,N,O,1996-06-12,1996-05-13,1996-06-23,NONE,SHIP,ions boost finally r
49665-3,49665,1845,46,3,14.00,24455.76,0.01,0.05,N,O,1996-05-06,1996-05-11,1996-05-29,NONE,TRUCK,s. blithely express 
49665-4,49665,1251,52,4,1.00,1152.25,0.06,0.08,N,O,1996-05-29,1996-06-17,1996-06-04,TAKE BACK RETURN,FOB,sits. furiously reg
49665-5,49665,427,15,5,9.00,11946.78,0.02,0.05,N,O,1996-07-08,1996-06-04,1996-08-01,TAKE BACK RETURN,TRUCK,", ironic pinto beans haggle "
49665-6,49665,806,6,6,1.00,1706.80,0.09,0.05,N,O,1996-04-08,1996-06-01,1996-04-16,NONE,SHIP,ully final foxes use slyly. slyly specia
49665-7,49665,1872,73,7,34.00,60311.58,0.00,0.03,N,O,1996-04-07,1996-05-01,1996-05-01,TAKE BACK RETURN,FOB,finally unusual instructions wake car
49666-1,49666,89,15,1,26.00,25716.08,0.01,0.02,A,F,1994-10-07,1994-10-04,1994-10-12,NONE,FOB,across the carefully iro
49666-2,49666,193,20,2,40.00,43727.60,0.07,0.07,R,F,1994-10-10,1994-10-28,1994-11-02,TAKE BACK RETURN,FOB,lyly expres
49666-3,49666,635,67,3,28.00,42997.64,0.01,0.02,A,F,1994-09-08,1994-10-11,1994-10-01,TAKE BACK RETURN,MAIL, special foxes haggle quickly around t
49666-4,49666,1491,70,4,25.00,34812.25,0.04,0.08,R,F,1994-09-18,1994-10-25,1994-10-04,TAKE BACK RETURN,TRUCK,hely bold excuses sleep slyly regu
49667-1,49667,1923,12,1,20.00,36498.40,0.03,0.08,N,O,1996-08-15,1996-09-09,1996-09-05,NONE,TRUCK,n wake-- furiously unusual notor
49667-2,49667,1583,4,2,30.00,44537.40,0.04,0.08,N,O,1996-08-18,1996-10-20,1996-08-29,DELIVER IN PERSON,TRUCK, about the busily final courts. t
49667-3,49667,1700,83,3,33.00,52856.10,0.02,0.03,N,O,1996-08-11,1996-10-11,1996-08-19,TAKE BACK RETURN,TRUCK,r dolphins. 
49667-4,49667,546,77,4,50.00,72327.00,0.10,0.08,N,O,1996-08-26,1996-09-23,1996-09-20,TAKE BACK RETURN,AIR,oxes. slow instructions sleep furiously 
49667-5,49667,848,49,5,9.00,15739.56,0.05,0.00,N,O,1996-09-04,1996-10-10,1996-09-26,COLLECT COD,TRUCK,inal foxes. furiously eve
49667-6,49667,847,14,6,26.00,45443.84,0.01,0.05,N,O,1996-11-17,1996-09-15,1996-11-29,NONE,TRUCK, slyly final p
49668-1,49668,1671,95,1,21.00,33026.07,0.01,0.06,R,F,1995-03-10,1995-02-16,1995-03-12,DELIVER IN PERSON,FOB, detect carefully. unusual dolphins slee
49669-1,49669,1084,85,1,1.00,985.08,0.00,0.02,N,O,1998-08-16,1998-07-22,1998-09-12,DELIVER IN PERSON,TRUCK, foxes are quickly unusu
49669-2,49669,1356,33,2,30.00,37720.50,0.01,0.07,N,O,1998-06-22,1998-08-29,1998-06-28,COLLECT COD,AIR,carefully furiously idle pa
49669-3,49669,489,48,3,45.00,62526.60,0.08,0.01,N,O,1998-09-23,1998-08-02,1998-10-04,COLLECT COD,RAIL,d requests. furiously
49669-4,49669,1318,95,4,46.00,56088.26,0.03,0.07,N,O,1998-09-21,1998-07-13,1998-09-24,NONE,RAIL,fluffily regular theodolites nag slyl
49670-1,49670,1759,86,1,31.00,51483.25,0.08,0.07,N,O,1997-03-13,1997-05-08,1997-03-30,DELIVER IN PERSON,FOB,ly-- braids sleep blithely above the quic
49670-2,49670,1161,62,2,42.00,44610.72,0.00,0.05,N,O,1997-04-16,1997-04-04,1997-05-13,DELIVER IN PERSON,REG AIR,blithely even dep
49670-3,49670,1003,74,3,38.00,34352.00,0.01,0.03,N,O,1997-05-05,1997-05-27,1997-05-24,COLLECT COD,MAIL,ter the carefully bold
49670-4,49670,320,21,4,7.00,8542.24,0.04,0.08,N,O,1997-03-16,1997-04-02,1997-03-22,DELIVER IN PERSON,RAIL,requests about the q
49670-5,49670,1750,77,5,2.00,3303.50,0.00,0.01,N,O,1997-06-25,1997-05-22,1997-07-05,TAKE BACK RETURN,RAIL,"ng to the excuses. special, exp"
49670-6,49670,521,52,6,4.00,5686.08,0.01,0.08,N,O,1997-03-13,1997-05-13,1997-04-03,TAKE BACK RETURN,TRUCK,s the slyly express requests. slyly 
49671-1,49671,1018,54,1,23.00,21137.23,0.04,0.03,N,O,1997-01-29,1997-01-09,1997-02-18,TAKE BACK RETURN,AIR,ently. slyly pending dolp
49671-2,49671,1997,30,2,11.00,20888.89,0.06,0.06,N,O,1996-11-27,1997-01-08,1996-12-10,NONE,FOB,blithe excu
49696-1,49696,323,8,1,49.00,59942.68,0.04,0.04,N,O,1998-08-20,1998-06-28,1998-08-25,DELIVER IN PERSON,SHIP,"ven, final packages. ironic d"
49696-2,49696,1564,65,2,29.00,42501.24,0.04,0.00,N,O,1998-05-08,1998-07-04,1998-05-25,DELIVER IN PERSON,AIR,s. slyly final excuses grow. final pl
49696-3,49696,1100,71,3,49.00,49053.90,0.06,0.08,N,O,1998-07-30,1998-07-03,1998-08-25,TAKE BACK RETURN,TRUCK,. fluffily final requests sleep; caref
49696-4,49696,1509,90,4,44.00,62062.00,0.02,0.06,N,O,1998-08-23,1998-07-11,1998-09-22,TAKE BACK RETURN,REG AIR,the regular dolphins. bold dolphins dazzle 
49696-5,49696,126,79,5,7.00,7182.84,0.02,0.00,N,O,1998-05-23,1998-08-01,1998-06-15,TAKE BACK RETURN,FOB,iously even accounts. ironic hockey 
49696-6,49696,970,5,6,23.00,43032.31,0.00,0.04,N,O,1998-05-24,1998-07-08,1998-06-16,COLLECT COD,RAIL,en ideas x-ray slyl
49697-1,49697,890,57,1,11.00,19699.79,0.05,0.04,N,O,1996-11-21,1997-01-19,1996-12-14,DELIVER IN PERSON,RAIL,cial instruction
49697-2,49697,2000,45,2,36.00,32472.00,0.04,0.02,N,O,1997-01-26,1996-12-22,1997-02-15,DELIVER IN PERSON,MAIL,"ly express, regular accou"
49697-3,49697,1097,98,3,37.00,36929.33,0.05,0.03,N,O,1997-02-27,1997-01-20,1997-03-21,COLLECT COD,TRUCK,ost. stealthily bold requests according
49697-4,49697,378,63,4,29.00,37072.73,0.01,0.08,N,O,1996-11-13,1996-12-14,1996-11-14,COLLECT COD,SHIP,gular ideas sleep stealthily regular r
49698-1,49698,1656,39,1,18.00,28037.70,0.09,0.01,N,O,1998-01-29,1998-01-30,1998-02-24,DELIVER IN PERSON,AIR,ainst the slyly unusual theodo
49698-2,49698,1008,9,2,17.00,15453.00,0.03,0.07,N,O,1997-12-08,1997-12-29,1997-12-29,TAKE BACK RETURN,TRUCK,. quickly dogged packages doze 
49698-3,49698,1790,33,3,47.00,79514.13,0.00,0.00,N,O,1997-12-25,1998-01-04,1998-01-11,NONE,FOB,"tes are according to the express, final"
49698-4,49698,1744,45,4,34.00,55955.16,0.05,0.00,N,O,1998-02-27,1998-02-07,1998-03-19,TAKE BACK RETURN,FOB,aggle furiously silent ideas. carefull
49698-5,49698,1445,63,5,44.00,59243.36,0.02,0.04,N,O,1997-12-02,1998-01-18,1997-12-18,NONE,AIR,uriously regular requests sle
49699-1,49699,1254,66,1,46.00,53141.50,0.04,0.08,N,O,1996-02-07,1996-03-04,1996-02-10,DELIVER IN PERSON,AIR, accounts at t
49699-2,49699,1852,53,2,20.00,35077.00,0.07,0.01,N,O,1996-01-27,1996-02-23,1996-02-06,DELIVER IN PERSON,SHIP,oss the quickly ironic instr
49699-3,49699,1361,38,3,34.00,42920.24,0.03,0.03,N,O,1996-02-25,1996-02-16,1996-03-14,DELIVER IN PERSON,SHIP,"fily unusual platelets. express, ev"
49699-4,49699,1229,4,4,29.00,32776.38,0.02,0.01,N,O,1996-04-30,1996-04-04,1996-05-04,DELIVER IN PERSON,REG AIR,"ronic, regula"
49700-1,49700,1269,81,1,11.00,12872.86,0.00,0.06,N,O,1996-08-06,1996-09-26,1996-09-01,NONE,MAIL,ng deposits. quickly dog
49700-2,49700,1829,30,2,30.00,51924.60,0.07,0.00,N,O,1996-11-13,1996-10-19,1996-11-27,COLLECT COD,TRUCK, ideas alongside of the regul
49700-3,49700,942,45,3,21.00,38701.74,0.06,0.05,N,O,1996-10-17,1996-09-08,1996-10-31,COLLECT COD,MAIL,quests are blithely thin asymp
49700-4,49700,1694,95,4,35.00,55849.15,0.03,0.01,N,O,1996-08-15,1996-09-29,1996-08-24,NONE,FOB,r. instructions haggle alongside of t
49700-5,49700,723,88,5,17.00,27603.24,0.09,0.04,N,O,1996-09-09,1996-09-20,1996-09-26,NONE,FOB,"lent, special d"
49700-6,49700,1622,23,6,7.00,10665.34,0.01,0.08,N,O,1996-11-25,1996-09-24,1996-12-13,TAKE BACK RETURN,RAIL,iously. slyly permanent
49700-7,49700,714,79,7,16.00,25835.36,0.02,0.07,N,O,1996-11-03,1996-10-03,1996-11-14,NONE,TRUCK,"ccounts cajole carefully. special, special "
49701-1,49701,1305,82,1,32.00,38601.60,0.10,0.06,N,O,1996-08-08,1996-08-13,1996-08-15,COLLECT COD,FOB,ounts wake quickly express pac
49701-2,49701,893,93,2,16.00,28702.24,0.00,0.07,N,O,1996-08-07,1996-06-19,1996-08-25,NONE,AIR,ously among th
49702-1,49702,1415,33,1,46.00,60554.86,0.10,0.00,N,O,1996-12-15,1997-01-13,1996-12-17,COLLECT COD,AIR, packages are slyly across the furious
49702-2,49702,1655,38,2,4.00,6226.60,0.06,0.07,N,O,1997-02-20,1997-02-04,1997-03-01,COLLECT COD,RAIL, regular pinto beans. furiously even th
49702-3,49702,6,57,3,33.00,29898.00,0.08,0.06,N,O,1997-01-24,1996-12-17,1997-02-19,DELIVER IN PERSON,FOB,cross the quickly final platelets. bl
49702-4,49702,212,40,4,48.00,53386.08,0.09,0.02,N,O,1997-03-08,1997-01-30,1997-03-15,COLLECT COD,SHIP,r theodolit
49702-5,49702,794,91,5,27.00,45759.33,0.04,0.05,N,O,1996-12-26,1997-01-12,1997-01-15,COLLECT COD,AIR,haggle after t
49702-6,49702,1113,22,6,32.00,32451.52,0.10,0.07,N,O,1997-03-03,1996-12-23,1997-03-30,DELIVER IN PERSON,REG AIR,ful decoys cajole quickly furiou
49703-1,49703,720,85,1,29.00,47000.88,0.00,0.04,N,O,1998-07-12,1998-06-20,1998-08-09,COLLECT COD,SHIP, accounts integrate. final dependen
49703-2,49703,723,24,2,18.00,29226.96,0.04,0.05,N,O,1998-08-10,1998-06-30,1998-08-31,COLLECT COD,TRUCK,ays according to the furiou
49703-3,49703,1596,37,3,16.00,23961.44,0.03,0.00,N,O,1998-06-27,1998-08-01,1998-06-30,COLLECT COD,FOB, carefully unusual accounts. blithel
49703-4,49703,1632,74,4,22.00,33739.86,0.09,0.06,N,O,1998-06-22,1998-08-01,1998-07-15,TAKE BACK RETURN,REG AIR,s are regular accounts. a
49703-5,49703,1845,89,5,5.00,8734.20,0.08,0.08,N,O,1998-08-12,1998-06-20,1998-08-29,COLLECT COD,FOB,even hocke
49728-1,49728,1143,52,1,11.00,11485.54,0.05,0.02,N,O,1998-09-30,1998-07-27,1998-10-19,NONE,TRUCK,ual accounts. even theodolites nag. bl
49729-1,49729,1508,89,1,21.00,29599.50,0.01,0.03,N,O,1996-03-06,1996-03-24,1996-03-21,COLLECT COD,REG AIR,symptotes. carefully even accounts are furi
49730-1,49730,1251,52,1,22.00,25349.50,0.09,0.07,R,F,1994-03-13,1994-02-08,1994-04-07,NONE,FOB, pending accounts sleep ironic p
49730-2,49730,1931,76,2,3.00,5498.79,0.08,0.07,A,F,1994-02-21,1994-03-27,1994-02-25,DELIVER IN PERSON,MAIL,es sleep out
49731-1,49731,241,23,1,29.00,33095.96,0.09,0.00,R,F,1995-02-14,1994-12-18,1995-03-07,COLLECT COD,FOB,al dependencies. slyly ironi
49731-2,49731,882,16,2,5.00,8914.40,0.10,0.06,A,F,1994-11-06,1994-12-10,1994-11-07,NONE,MAIL,ly against the slyly special ideas. blithel
49731-3,49731,1511,52,3,10.00,14125.10,0.01,0.01,A,F,1995-02-14,1995-01-14,1995-03-07,NONE,FOB,. carefully ironic ideas m
49731-4,49731,1010,16,4,20.00,18220.20,0.08,0.06,R,F,1995-01-01,1995-01-11,1995-01-10,COLLECT COD,MAIL, sleep after the regular plat
49732-1,49732,252,53,1,8.00,9218.00,0.03,0.01,R,F,1993-10-23,1993-12-12,1993-10-29,COLLECT COD,SHIP,"ual, careful accounts"
49732-2,49732,1278,90,2,20.00,23585.40,0.09,0.03,A,F,1993-12-21,1993-11-21,1994-01-19,COLLECT COD,TRUCK,ackages cajole blithely
49732-3,49732,1274,49,3,39.00,45835.53,0.01,0.05,R,F,1994-01-14,1993-12-16,1994-02-12,DELIVER IN PERSON,SHIP,unusual requests boos
49732-4,49732,1898,99,4,27.00,48597.03,0.06,0.04,R,F,1993-09-26,1993-11-14,1993-10-24,TAKE BACK RETURN,REG AIR, are even forges. ideas doubt blit
49732-5,49732,1371,86,5,22.00,27992.14,0.10,0.00,R,F,1993-11-16,1993-11-23,1993-11-22,TAKE BACK RETURN,AIR,"ly final, silent courts. b"
49733-1,49733,1835,22,1,26.00,45157.58,0.03,0.05,N,O,1997-04-17,1997-03-07,1997-05-13,COLLECT COD,MAIL,ously regular packages are sl
49733-2,49733,862,96,2,33.00,58174.38,0.08,0.06,N,O,1997-03-10,1997-02-12,1997-04-07,NONE,AIR, maintain quick
49734-1,49734,1031,37,1,7.00,6524.21,0.02,0.00,R,F,1995-05-04,1995-04-01,1995-05-24,COLLECT COD,REG AIR,"ggle always ironic, regular "
49734-2,49734,1254,66,2,41.00,47365.25,0.01,0.04,A,F,1995-01-31,1995-03-05,1995-02-12,NONE,RAIL,nstructions a
49734-3,49734,816,17,3,47.00,80690.07,0.05,0.02,R,F,1995-02-28,1995-03-08,1995-03-11,COLLECT COD,MAIL,egular foxes. ironic requests haggle sly
49734-4,49734,1108,45,4,17.00,17154.70,0.00,0.04,A,F,1995-02-15,1995-03-25,1995-03-03,NONE,TRUCK,ts haggle quietly requests
49735-1,49735,721,86,1,46.00,74599.12,0.06,0.03,R,F,1994-11-19,1994-11-09,1994-12-14,COLLECT COD,FOB, even deposits haggle accord
49735-2,49735,316,17,2,22.00,26758.82,0.08,0.03,A,F,1995-01-02,1994-12-06,1995-01-04,COLLECT COD,TRUCK,p against the bli
49735-3,49735,969,4,3,8.00,14959.68,0.06,0.01,R,F,1994-12-12,1994-11-21,1995-01-02,DELIVER IN PERSON,RAIL, furiously. pearl
49735-4,49735,311,40,4,24.00,29071.44,0.08,0.05,A,F,1994-10-08,1994-12-23,1994-10-20,TAKE BACK RETURN,TRUCK,uriously bold dependencies. furiously 
49735-5,49735,1681,82,5,12.00,18992.16,0.09,0.01,A,F,1994-12-22,1994-11-17,1995-01-04,NONE,RAIL,. unusual pinto beans sle
49735-6,49735,1544,25,6,32.00,46257.28,0.01,0.01,A,F,1994-11-07,1994-12-05,1994-11-28,DELIVER IN PERSON,REG AIR, the carefully ironic ideas wa
49760-1,49760,400,85,1,34.00,44213.60,0.10,0.02,N,O,1995-12-25,1995-12-10,1996-01-08,NONE,FOB, deposits near the slyly express accoun
49760-2,49760,1812,99,2,3.00,5141.43,0.01,0.07,N,O,1995-10-07,1995-11-25,1995-11-02,TAKE BACK RETURN,AIR, final depo
49760-3,49760,897,97,3,6.00,10787.34,0.01,0.07,N,O,1996-01-23,1995-12-06,1996-02-17,DELIVER IN PERSON,TRUCK,tes: blithel
49760-4,49760,80,56,4,32.00,31362.56,0.07,0.02,N,O,1996-01-29,1995-12-15,1996-02-21,DELIVER IN PERSON,SHIP,ully among the regular ideas. blithely
49760-5,49760,1190,63,5,42.00,45829.98,0.07,0.06,N,O,1995-11-11,1995-12-27,1995-12-01,DELIVER IN PERSON,AIR,pecial packages boost. furiou
49761-1,49761,541,72,1,28.00,40363.12,0.00,0.04,A,F,1995-03-22,1995-03-19,1995-03-30,COLLECT COD,FOB,the carefully unusual pains
49761-2,49761,1230,42,2,30.00,33936.90,0.08,0.07,A,F,1995-04-02,1995-03-07,1995-04-07,DELIVER IN PERSON,TRUCK,"old, unusual theodolites. ironic, blit"
49761-3,49761,380,81,3,42.00,53775.96,0.01,0.06,A,F,1995-03-09,1995-04-24,1995-03-16,TAKE BACK RETURN,AIR, the deposits. regular
49761-4,49761,1807,94,4,45.00,76896.00,0.09,0.02,R,F,1995-03-23,1995-03-28,1995-04-12,NONE,TRUCK,d waters print fluffil
49761-5,49761,988,91,5,5.00,9444.90,0.06,0.04,R,F,1995-02-05,1995-04-04,1995-02-16,TAKE BACK RETURN,RAIL,y final requests wake car
49761-6,49761,1016,22,6,42.00,38514.42,0.00,0.04,A,F,1995-04-30,1995-02-24,1995-05-24,NONE,RAIL,lar packages nag 
49761-7,49761,1737,22,7,36.00,58994.28,0.05,0.04,R,F,1995-04-11,1995-03-05,1995-04-19,DELIVER IN PERSON,MAIL, requests. even ideas maintai
49762-1,49762,652,15,1,16.00,24842.40,0.05,0.06,N,O,1995-07-07,1995-08-13,1995-07-10,COLLECT COD,FOB,"n, express i"
49762-2,49762,1256,57,2,6.00,6943.50,0.07,0.05,N,O,1995-09-25,1995-08-13,1995-10-25,DELIVER IN PERSON,FOB,erve upon the regular requ
49762-3,49762,1105,42,3,18.00,18109.80,0.09,0.07,N,O,1995-09-26,1995-08-25,1995-10-04,COLLECT COD,FOB,he quickly pendi
49763-1,49763,662,63,1,50.00,78133.00,0.03,0.00,A,F,1995-05-26,1995-03-22,1995-05-27,COLLECT COD,SHIP,ke slyly abo
49763-2,49763,1782,83,2,6.00,10102.68,0.05,0.03,R,F,1995-03-06,1995-05-07,1995-03-07,NONE,SHIP,ully regular theodolites are s
49763-3,49763,1441,42,3,40.00,53697.60,0.08,0.00,A,F,1995-05-28,1995-04-14,1995-06-15,COLLECT COD,AIR, permanently final asympto
49763-4,49763,411,70,4,21.00,27539.61,0.00,0.05,R,F,1995-05-05,1995-03-27,1995-05-29,COLLECT COD,SHIP,sts. blithely silent realms hang. fi
49764-1,49764,1335,50,1,31.00,38326.23,0.01,0.00,A,F,1994-01-04,1993-11-27,1994-01-14,TAKE BACK RETURN,TRUCK,y players bo
49764-2,49764,1561,62,2,39.00,57039.84,0.01,0.00,R,F,1993-12-24,1993-12-17,1993-12-29,NONE,MAIL,ests cajole across the f
49765-1,49765,350,35,1,34.00,42511.90,0.07,0.04,R,F,1994-02-04,1993-11-30,1994-02-09,NONE,SHIP,s along the sometimes ironic
49765-2,49765,1478,79,2,38.00,52419.86,0.10,0.01,A,F,1993-10-09,1994-01-04,1993-10-30,TAKE BACK RETURN,SHIP,quickly special dependencies sleep 
49765-3,49765,139,40,3,5.00,5195.65,0.07,0.04,R,F,1993-12-14,1993-12-18,1993-12-18,COLLECT COD,AIR,usly unusual foxes! platelets n
49765-4,49765,1010,81,4,2.00,1822.02,0.07,0.02,A,F,1993-10-30,1993-11-11,1993-11-13,NONE,RAIL,. slyly final ideas among the furiousl
49765-5,49765,1379,56,5,15.00,19205.55,0.05,0.02,R,F,1993-11-30,1993-11-13,1993-12-04,DELIVER IN PERSON,TRUCK,nts haggle fluffily regular packages; final
49765-6,49765,1499,17,6,5.00,7002.45,0.09,0.02,R,F,1993-10-24,1993-11-22,1993-11-12,TAKE BACK RETURN,REG AIR,indle. carefully re
49765-7,49765,1370,9,7,6.00,7628.22,0.04,0.03,R,F,1993-10-24,1993-12-11,1993-11-02,DELIVER IN PERSON,REG AIR,counts. blithely exp
49766-1,49766,1572,53,1,2.00,2947.14,0.00,0.07,N,O,1996-03-01,1996-04-13,1996-03-25,DELIVER IN PERSON,FOB,y unusual dependencies acro
49766-2,49766,850,51,2,2.00,3501.70,0.09,0.06,N,O,1996-05-09,1996-03-19,1996-05-27,NONE,TRUCK,ts wake furiously ironi
49766-3,49766,298,99,3,22.00,26362.38,0.03,0.01,N,O,1996-02-18,1996-03-04,1996-03-15,TAKE BACK RETURN,FOB,xes haggle slyly furiously
49767-1,49767,1082,83,1,13.00,12780.04,0.06,0.03,A,F,1993-12-31,1993-12-20,1994-01-19,NONE,REG AIR,s. ironic foxes grow. furiously furi
49767-2,49767,1155,56,2,34.00,35909.10,0.10,0.06,R,F,1993-12-02,1994-01-12,1993-12-30,NONE,REG AIR,luffily frets. fur
49767-3,49767,893,93,3,39.00,69961.71,0.08,0.03,A,F,1993-11-14,1993-12-17,1993-12-01,NONE,FOB,ular requests are furiously. fluffil
49767-4,49767,434,93,4,19.00,25354.17,0.01,0.07,A,F,1994-01-20,1993-12-27,1994-01-28,COLLECT COD,REG AIR,eas haggle blithely. fur
49767-5,49767,1612,54,5,2.00,3027.22,0.01,0.07,R,F,1993-11-10,1993-12-26,1993-11-26,COLLECT COD,SHIP,lites against the fluffily regular pack
49767-6,49767,156,9,6,10.00,10561.50,0.09,0.08,R,F,1994-02-02,1993-12-19,1994-02-08,DELIVER IN PERSON,REG AIR,uses cajole silent pinto beans. furiousl
49767-7,49767,1677,1,7,9.00,14208.03,0.01,0.06,R,F,1994-01-05,1993-12-15,1994-02-02,NONE,RAIL,quests. carefully 
49792-1,49792,1430,48,1,38.00,50594.34,0.08,0.06,N,O,1997-11-30,1997-12-01,1997-12-14,DELIVER IN PERSON,RAIL,nal instructions about the carefully even
49793-1,49793,1743,28,1,15.00,24671.10,0.09,0.00,A,F,1994-06-11,1994-04-16,1994-06-30,COLLECT COD,AIR,al packages haggle blithely above the
49794-1,49794,435,23,1,4.00,5341.72,0.01,0.00,N,O,1995-11-30,1995-11-05,1995-12-21,COLLECT COD,MAIL,ages boost furious
49794-2,49794,780,13,2,13.00,21850.14,0.06,0.01,N,O,1995-11-05,1995-10-17,1995-11-19,COLLECT COD,MAIL,nstructions.
49795-1,49795,551,12,1,7.00,10160.85,0.08,0.05,N,O,1998-06-23,1998-07-05,1998-07-08,TAKE BACK RETURN,MAIL,s sleep furiously against the unus
49795-2,49795,689,21,2,24.00,38152.32,0.04,0.02,N,O,1998-04-10,1998-06-23,1998-04-28,TAKE BACK RETURN,SHIP,", ironic accounts! re"
49795-3,49795,417,76,3,29.00,38204.89,0.03,0.00,N,O,1998-04-25,1998-05-16,1998-04-29,COLLECT COD,REG AIR,usly. furio
49796-1,49796,47,48,1,43.00,40722.72,0.07,0.07,N,O,1998-02-19,1998-04-28,1998-02-28,TAKE BACK RETURN,SHIP,ackages snoo
49797-1,49797,419,7,1,13.00,17152.33,0.03,0.01,N,O,1995-06-22,1995-04-10,1995-07-10,COLLECT COD,TRUCK,"es are past the ironic, furi"
49797-2,49797,1225,100,2,9.00,10135.98,0.10,0.01,A,F,1995-06-01,1995-04-20,1995-06-03,COLLECT COD,MAIL,efully ironic t
49797-3,49797,825,26,3,22.00,37968.04,0.08,0.03,A,F,1995-04-26,1995-04-09,1995-05-13,DELIVER IN PERSON,RAIL,its. fluffily unusual 
49797-4,49797,1535,16,4,20.00,28730.60,0.08,0.00,R,F,1995-05-11,1995-04-30,1995-05-20,DELIVER IN PERSON,RAIL,to beans wake carefully even ideas. fi
49797-5,49797,602,34,5,16.00,24041.60,0.02,0.05,N,O,1995-06-30,1995-05-30,1995-07-05,NONE,MAIL,y sauternes. slyly unusual ideas
49798-1,49798,776,41,1,22.00,36888.94,0.06,0.05,A,F,1993-04-07,1993-02-18,1993-04-15,NONE,REG AIR,s. finally bold 
49798-2,49798,260,61,2,9.00,10442.34,0.00,0.06,A,F,1993-03-29,1993-01-10,1993-04-12,TAKE BACK RETURN,TRUCK, requests. accou
49798-3,49798,1696,38,3,30.00,47930.70,0.04,0.01,A,F,1993-03-23,1993-03-04,1993-04-18,COLLECT COD,RAIL,fully unusual excuses. slyly u
49798-4,49798,627,28,4,21.00,32080.02,0.03,0.03,A,F,1993-03-11,1993-01-17,1993-04-09,COLLECT COD,MAIL,s. doggedly regular requ
49798-5,49798,1885,29,5,35.00,62540.80,0.05,0.01,A,F,1993-03-20,1993-02-15,1993-03-24,TAKE BACK RETURN,AIR,t the slyly busy requests. 
49798-6,49798,1808,9,6,13.00,22227.40,0.01,0.00,A,F,1993-02-05,1993-01-31,1993-02-07,NONE,RAIL," to use quickly unusual, ironic ins"
49799-1,49799,1322,37,1,31.00,37922.92,0.00,0.02,R,F,1994-09-02,1994-10-11,1994-09-17,DELIVER IN PERSON,SHIP,ly. carefull
49799-2,49799,1777,20,2,14.00,23502.78,0.05,0.07,A,F,1994-10-12,1994-11-08,1994-11-09,COLLECT COD,SHIP,"ses sleep slyly. ironic, final pack"
49799-3,49799,1879,80,3,35.00,62330.45,0.09,0.08,A,F,1994-11-03,1994-11-19,1994-11-25,DELIVER IN PERSON,MAIL,old dugouts detect even accounts. bravel
49799-4,49799,471,30,4,42.00,57601.74,0.02,0.04,R,F,1994-11-25,1994-10-28,1994-12-12,COLLECT COD,AIR,c deposits cajole dari
49799-5,49799,1743,86,5,31.00,50986.94,0.02,0.00,A,F,1994-10-17,1994-09-25,1994-10-28,COLLECT COD,RAIL,"nic, regular courts. ex"
49799-6,49799,1602,3,6,49.00,73676.40,0.04,0.04,R,F,1994-09-28,1994-10-18,1994-10-21,COLLECT COD,RAIL,ld ideas. even deposits cajo
49824-1,49824,1791,92,1,6.00,10156.74,0.02,0.04,A,F,1995-04-29,1995-05-08,1995-05-21,COLLECT COD,RAIL,ely stealthy pin
49824-2,49824,1514,95,2,1.00,1415.51,0.03,0.04,R,F,1995-04-21,1995-05-29,1995-05-05,TAKE BACK RETURN,RAIL,"egular, express instructions detect. s"
49824-3,49824,1584,5,3,50.00,74279.00,0.10,0.01,A,F,1995-04-25,1995-06-04,1995-05-08,NONE,REG AIR,ackages. blithely sp
49824-4,49824,1052,58,4,46.00,43840.30,0.01,0.00,N,F,1995-06-15,1995-04-28,1995-07-03,NONE,FOB, blithely about the regular accounts. fi
49825-1,49825,904,73,1,20.00,36098.00,0.03,0.03,A,F,1994-02-17,1994-03-11,1994-03-16,COLLECT COD,SHIP,ckly never regular warhorses. idly
49826-1,49826,405,6,1,39.00,50910.60,0.06,0.00,N,O,1996-10-15,1996-10-19,1996-11-06,DELIVER IN PERSON,RAIL,above the packages: carefully regular
49826-2,49826,1733,60,2,43.00,70293.39,0.00,0.08,N,O,1996-11-04,1996-10-07,1996-11-15,DELIVER IN PERSON,REG AIR,"ns alongside of the sly, express packages"
49826-3,49826,590,21,3,3.00,4471.77,0.04,0.03,N,O,1996-09-22,1996-10-11,1996-10-07,DELIVER IN PERSON,RAIL,"usual, furi"
49826-4,49826,1173,10,4,28.00,30076.76,0.00,0.08,N,O,1996-09-13,1996-10-12,1996-10-11,TAKE BACK RETURN,REG AIR, beans nag car
49827-1,49827,1930,75,1,26.00,47630.18,0.04,0.02,A,F,1992-09-29,1992-10-11,1992-10-17,COLLECT COD,AIR,nto beans. deposits engage. blithely 
49827-2,49827,1214,15,2,17.00,18958.57,0.09,0.07,R,F,1992-11-18,1992-10-22,1992-11-23,TAKE BACK RETURN,RAIL,bold foxes despite the blith
49828-1,49828,56,82,1,10.00,9560.50,0.06,0.08,N,O,1995-12-26,1995-11-20,1996-01-05,DELIVER IN PERSON,MAIL,ts. blithely pending w
49828-2,49828,1573,54,2,18.00,26542.26,0.00,0.01,N,O,1995-12-17,1995-10-03,1995-12-20,DELIVER IN PERSON,AIR,ic instructions breac
49828-3,49828,1757,58,3,21.00,34833.75,0.10,0.08,N,O,1995-12-13,1995-10-05,1995-12-22,DELIVER IN PERSON,RAIL,ncies. fluffily ironic
49828-4,49828,117,96,4,7.00,7119.77,0.09,0.01,N,O,1995-09-24,1995-11-14,1995-10-19,COLLECT COD,FOB,lly blithely express depo
49828-5,49828,1749,34,5,21.00,34665.54,0.10,0.06,N,O,1995-09-05,1995-10-04,1995-09-06,DELIVER IN PERSON,FOB,pecial dependencies? furiously 
49829-1,49829,887,88,1,17.00,30393.96,0.02,0.07,N,O,1996-12-07,1997-01-14,1996-12-18,NONE,FOB,lly express pinto beans accordin
49829-2,49829,160,39,2,41.00,43466.56,0.07,0.01,N,O,1997-02-27,1997-01-30,1997-03-20,NONE,AIR,fts along the always bold requests
49829-3,49829,1784,27,3,40.00,67431.20,0.08,0.03,N,O,1997-03-24,1996-12-29,1997-03-30,NONE,AIR,ording to the deposits. dogg
49829-4,49829,1982,83,4,11.00,20723.78,0.10,0.04,N,O,1997-03-25,1997-02-18,1997-03-31,DELIVER IN PERSON,MAIL,even somas. slyly final pinto beans
49830-1,49830,1759,44,1,15.00,24911.25,0.06,0.00,A,F,1994-10-17,1994-09-04,1994-10-30,DELIVER IN PERSON,TRUCK,accounts; carefully unusual asymp
49830-2,49830,834,1,2,45.00,78067.35,0.05,0.00,A,F,1994-07-27,1994-08-28,1994-08-03,NONE,FOB,ut the theodo
49830-3,49830,426,56,3,39.00,51730.38,0.09,0.03,R,F,1994-11-02,1994-09-05,1994-11-19,COLLECT COD,TRUCK,c ideas affix fluffily carefully r
49830-4,49830,1674,57,4,25.00,39391.75,0.02,0.04,A,F,1994-09-08,1994-08-30,1994-09-20,COLLECT COD,REG AIR,lent pinto beans 
49830-5,49830,1911,100,5,7.00,12690.37,0.09,0.05,R,F,1994-08-23,1994-09-20,1994-09-21,NONE,SHIP,efully. slyly ironic accounts c
49831-1,49831,1174,47,1,37.00,39781.29,0.06,0.02,R,F,1993-11-20,1993-11-02,1993-11-23,COLLECT COD,REG AIR,ges are iron
49831-2,49831,54,80,2,32.00,30529.60,0.01,0.00,A,F,1993-11-11,1993-10-20,1993-11-20,COLLECT COD,MAIL,heodolites haggle. express a
49831-3,49831,708,5,3,13.00,20913.10,0.10,0.01,R,F,1993-09-27,1993-10-12,1993-10-09,COLLECT COD,RAIL, bold deposits? fi
49856-1,49856,1631,32,1,48.00,73566.24,0.10,0.04,N,O,1998-07-19,1998-07-29,1998-08-10,NONE,MAIL,posits. furiously ir
49857-1,49857,358,59,1,29.00,36492.15,0.09,0.04,N,O,1997-03-29,1997-04-24,1997-04-05,NONE,FOB,ing ideas detect
49857-2,49857,963,98,2,33.00,61510.68,0.01,0.08,N,O,1997-04-05,1997-04-16,1997-04-08,TAKE BACK RETURN,AIR,le fluffily quickly regular 
49857-3,49857,277,78,3,27.00,31786.29,0.00,0.08,N,O,1997-05-23,1997-05-21,1997-06-19,DELIVER IN PERSON,RAIL,fully bold deposi
49857-4,49857,1008,14,4,32.00,29088.00,0.06,0.02,N,O,1997-03-10,1997-04-18,1997-03-25,DELIVER IN PERSON,RAIL,cial asymptotes wake fluff
49858-1,49858,1668,10,1,42.00,65925.72,0.01,0.02,R,F,1993-08-20,1993-07-12,1993-09-13,NONE,AIR,dependencies kindle. fur
49858-2,49858,866,66,2,43.00,75974.98,0.02,0.05,R,F,1993-08-13,1993-06-19,1993-09-06,TAKE BACK RETURN,TRUCK, the slyly unusual a
49858-3,49858,489,19,3,17.00,23621.16,0.00,0.07,R,F,1993-06-12,1993-07-16,1993-07-06,COLLECT COD,TRUCK,. stealthil
49859-1,49859,1040,11,1,49.00,46110.96,0.02,0.01,N,O,1996-07-12,1996-06-15,1996-07-27,TAKE BACK RETURN,FOB,ccording to the regular packa
49859-2,49859,1045,16,2,5.00,4730.20,0.01,0.07,N,O,1996-05-05,1996-07-21,1996-05-23,COLLECT COD,FOB,pinto beans run? silen
49859-3,49859,1336,37,3,49.00,60629.17,0.09,0.01,N,O,1996-08-26,1996-07-31,1996-08-31,NONE,TRUCK,endencies. fluffily fin
49859-4,49859,414,73,4,28.00,36803.48,0.03,0.08,N,O,1996-06-04,1996-06-11,1996-06-29,TAKE BACK RETURN,SHIP,"s. final, b"
49859-5,49859,1963,8,5,13.00,24244.48,0.05,0.00,N,O,1996-08-28,1996-06-22,1996-08-30,DELIVER IN PERSON,MAIL,riously even 
49859-6,49859,1508,49,6,49.00,69065.50,0.01,0.05,N,O,1996-08-10,1996-06-23,1996-08-17,COLLECT COD,TRUCK,ly past the quickly even accou
49860-1,49860,816,16,1,32.00,54937.92,0.07,0.02,N,O,1996-10-10,1996-09-05,1996-10-20,DELIVER IN PERSON,SHIP,g along the carefully fin
49860-2,49860,1448,66,2,47.00,63423.68,0.04,0.04,N,O,1996-06-25,1996-08-27,1996-06-27,TAKE BACK RETURN,FOB," silent grouches wake slyly. pending, iron"
49860-3,49860,701,2,3,14.00,22423.80,0.01,0.07,N,O,1996-09-01,1996-08-05,1996-09-29,NONE,FOB,ular pinto beans sleep furio
49860-4,49860,1301,78,4,4.00,4809.20,0.07,0.06,N,O,1996-08-25,1996-08-07,1996-09-14,NONE,REG AIR,about the platelets
49860-5,49860,1300,38,5,23.00,27629.90,0.09,0.04,N,O,1996-09-26,1996-08-09,1996-10-16,COLLECT COD,MAIL, wake slyly express ideas. final pinto b
49860-6,49860,530,21,6,2.00,2861.06,0.10,0.00,N,O,1996-06-30,1996-08-21,1996-07-01,COLLECT COD,AIR,encies sleep: slyly regular requests 
49861-1,49861,1184,85,1,43.00,46662.74,0.00,0.03,A,F,1994-09-19,1994-08-17,1994-10-17,DELIVER IN PERSON,TRUCK,ar epitaphs above the regu
49861-2,49861,1309,10,2,48.00,58094.40,0.02,0.07,R,F,1994-07-09,1994-08-07,1994-07-28,COLLECT COD,SHIP,ole quickly 
49861-3,49861,69,45,3,36.00,34886.16,0.10,0.01,A,F,1994-07-31,1994-08-20,1994-08-19,NONE,AIR, requests ca
49861-4,49861,12,63,4,26.00,23712.26,0.01,0.00,R,F,1994-09-30,1994-09-05,1994-10-04,NONE,TRUCK,ess waters wake. blithely ironic accounts c
49861-5,49861,128,81,5,44.00,45237.28,0.07,0.03,A,F,1994-10-07,1994-08-28,1994-10-08,NONE,AIR," the dependencies. silent, bold pinto "
49861-6,49861,594,85,6,14.00,20924.26,0.08,0.05,A,F,1994-09-28,1994-09-08,1994-10-26,TAKE BACK RETURN,TRUCK,ndencies haggle furiously. quiet foxes na
49861-7,49861,997,66,7,38.00,72123.62,0.03,0.07,R,F,1994-08-24,1994-07-19,1994-09-10,NONE,MAIL,lites haggle blithely fox
49862-1,49862,584,85,1,9.00,13361.22,0.01,0.01,A,F,1992-10-03,1992-12-12,1992-10-24,DELIVER IN PERSON,FOB, the sly deposits haggl
49862-2,49862,802,2,2,7.00,11919.60,0.06,0.04,R,F,1992-10-18,1992-10-23,1992-10-29,NONE,MAIL,slyly regular e
49862-3,49862,195,48,3,10.00,10951.90,0.07,0.03,A,F,1992-09-27,1992-11-06,1992-10-01,COLLECT COD,AIR,ly special Tiresias alo
49862-4,49862,1206,44,4,4.00,4428.80,0.04,0.00,R,F,1992-11-20,1992-10-28,1992-12-05,DELIVER IN PERSON,MAIL,he furiously
49862-5,49862,1211,49,5,46.00,51161.66,0.02,0.01,A,F,1992-09-26,1992-10-20,1992-09-27,COLLECT COD,REG AIR,ide of the carefully express p
49863-1,49863,1887,74,1,25.00,44722.00,0.10,0.00,N,O,1996-09-30,1996-07-09,1996-10-19,COLLECT COD,SHIP,blithely express deposits sleep carefu
49863-2,49863,121,100,2,44.00,44929.28,0.09,0.04,N,O,1996-07-03,1996-08-23,1996-07-31,NONE,REG AIR,ers. slyly expres
49863-3,49863,1274,86,3,41.00,48186.07,0.04,0.00,N,O,1996-08-16,1996-08-09,1996-09-01,COLLECT COD,TRUCK,s cajole alongside of
49863-4,49863,1131,40,4,11.00,11353.43,0.02,0.01,N,O,1996-06-23,1996-08-14,1996-07-05,TAKE BACK RETURN,TRUCK,iously final foxes. express a
49863-5,49863,817,18,5,25.00,42945.25,0.05,0.07,N,O,1996-07-02,1996-09-03,1996-07-30,DELIVER IN PERSON,RAIL,e courts. pending package
49863-6,49863,790,87,6,37.00,62559.23,0.08,0.06,N,O,1996-06-17,1996-07-24,1996-06-27,DELIVER IN PERSON,TRUCK,ependencies sleep furiously 
49888-1,49888,634,28,1,30.00,46038.90,0.08,0.02,N,O,1998-05-20,1998-03-17,1998-05-27,COLLECT COD,RAIL,ut the unusual packages. furiously regu
49888-2,49888,221,22,2,17.00,19060.74,0.09,0.02,N,O,1998-02-20,1998-03-12,1998-03-05,DELIVER IN PERSON,FOB,"t the final, bol"
49889-1,49889,1761,46,1,38.00,63184.88,0.01,0.08,A,F,1992-12-15,1993-01-13,1993-01-02,COLLECT COD,REG AIR,kly ironic deposits accordin
49889-2,49889,75,1,2,23.00,22426.61,0.09,0.04,A,F,1992-12-21,1993-02-03,1993-01-13,COLLECT COD,AIR,boost about 
49889-3,49889,537,68,3,31.00,44563.43,0.09,0.01,A,F,1993-01-05,1993-02-28,1993-01-29,NONE,RAIL,lly around the blithe
49890-1,49890,1786,29,1,25.00,42194.50,0.04,0.07,A,F,1992-05-25,1992-06-26,1992-06-09,COLLECT COD,AIR,oost blithely along 
49890-2,49890,1580,61,2,22.00,32594.76,0.10,0.08,R,F,1992-07-30,1992-06-25,1992-08-07,COLLECT COD,SHIP,"ar accounts. final, pending ideas s"
49890-3,49890,1152,61,3,23.00,24222.45,0.04,0.01,A,F,1992-07-10,1992-05-19,1992-08-01,TAKE BACK RETURN,AIR,heodolites affix fluffily about
49891-1,49891,1270,71,1,2.00,2342.54,0.09,0.00,R,F,1994-10-04,1994-11-01,1994-10-21,COLLECT COD,TRUCK,es by the quickly final
49891-2,49891,1464,43,2,22.00,30040.12,0.09,0.06,R,F,1994-09-17,1994-10-26,1994-10-15,NONE,RAIL,pitaphs about the 
49891-3,49891,926,27,3,40.00,73076.80,0.03,0.01,R,F,1994-09-18,1994-11-15,1994-10-18,DELIVER IN PERSON,REG AIR, slyly bold accounts! sl
49891-4,49891,1828,72,4,19.00,32866.58,0.04,0.01,A,F,1994-10-21,1994-11-21,1994-11-13,COLLECT COD,SHIP,hlessly final deposits. 
49891-5,49891,1280,92,5,43.00,50795.04,0.02,0.03,R,F,1994-12-28,1994-10-31,1995-01-25,NONE,TRUCK,s detect against the regular dep
49891-6,49891,961,62,6,37.00,68892.52,0.08,0.05,R,F,1995-01-04,1994-11-08,1995-01-20,COLLECT COD,AIR,fully regular requests. never regular accou
49892-1,49892,1534,15,1,49.00,70340.97,0.04,0.01,A,F,1995-03-06,1995-03-22,1995-03-25,NONE,MAIL,bove the slyly even sh
49893-1,49893,472,60,1,46.00,63133.62,0.09,0.04,N,O,1997-04-22,1997-03-14,1997-05-11,COLLECT COD,MAIL,inally final accounts are carefully above t
49894-1,49894,841,75,1,25.00,43546.00,0.03,0.00,N,O,1997-07-20,1997-06-16,1997-08-05,NONE,RAIL,es. carefully ironic accounts sh
49894-2,49894,1271,46,2,29.00,33995.83,0.04,0.02,N,O,1997-07-31,1997-06-11,1997-08-08,TAKE BACK RETURN,AIR, blithely bol
49894-3,49894,286,41,3,4.00,4745.12,0.08,0.08,N,O,1997-08-27,1997-08-07,1997-09-21,COLLECT COD,TRUCK,"carefully. ironic, regular dep"
49894-4,49894,1887,17,4,41.00,73344.08,0.01,0.07,N,O,1997-06-26,1997-06-15,1997-07-18,COLLECT COD,RAIL,es across the carefully unusual accounts w
49894-5,49894,982,85,5,50.00,94149.00,0.10,0.06,N,O,1997-06-15,1997-06-23,1997-06-29,COLLECT COD,MAIL,ithely final packages. c
49894-6,49894,922,23,6,28.00,51041.76,0.09,0.07,N,O,1997-06-28,1997-07-23,1997-07-05,COLLECT COD,RAIL,r deposits use blithely special foxes. 
49895-1,49895,1520,21,1,4.00,5686.08,0.07,0.03,R,F,1994-01-11,1993-12-15,1994-01-22,DELIVER IN PERSON,FOB, slyly along
49920-1,49920,342,99,1,29.00,36027.86,0.01,0.02,N,O,1996-03-23,1996-05-12,1996-04-01,DELIVER IN PERSON,TRUCK,y? blithely express req
49920-2,49920,1499,78,2,2.00,2800.98,0.07,0.06,N,O,1996-04-19,1996-04-17,1996-04-23,COLLECT COD,MAIL,nal requests. requests wake slyly account
49920-3,49920,1441,59,3,3.00,4027.32,0.05,0.02,N,O,1996-04-27,1996-04-09,1996-05-16,DELIVER IN PERSON,TRUCK,ntegrate furiously. 
49920-4,49920,1295,33,4,10.00,11962.90,0.08,0.05,N,O,1996-03-06,1996-05-11,1996-03-20,NONE,FOB,ely slow deposits print ca
49920-5,49920,1793,20,5,37.00,62707.23,0.06,0.02,N,O,1996-03-30,1996-04-01,1996-04-21,DELIVER IN PERSON,RAIL,slyly among the silently ironic pinto beans
49920-6,49920,1922,67,6,12.00,21887.04,0.08,0.01,N,O,1996-03-07,1996-04-06,1996-04-04,NONE,RAIL,r sheaves. furiously unusual asymptotes b
49920-7,49920,1302,79,7,50.00,60165.00,0.01,0.01,N,O,1996-05-05,1996-04-21,1996-05-08,TAKE BACK RETURN,AIR, to the furiously silen
49921-1,49921,771,68,1,42.00,70214.34,0.03,0.05,R,F,1995-02-28,1995-04-13,1995-03-15,NONE,RAIL,dle ideas. slyly spec
49921-2,49921,1755,40,2,44.00,72897.00,0.00,0.06,A,F,1995-03-28,1995-04-05,1995-04-07,TAKE BACK RETURN,AIR,n theodolites. slyly r
49921-3,49921,1788,89,3,32.00,54072.96,0.00,0.06,A,F,1995-05-20,1995-03-23,1995-06-15,COLLECT COD,REG AIR,carefully regular accounts. blithely u
49921-4,49921,1799,42,4,14.00,23811.06,0.08,0.07,A,F,1995-04-12,1995-05-09,1995-05-05,COLLECT COD,RAIL,ously unusual packages doze slyly 
49921-5,49921,1465,66,5,42.00,57391.32,0.08,0.06,A,F,1995-03-03,1995-04-15,1995-03-07,NONE,RAIL,ily regular Tiresias are sl
49921-6,49921,353,54,6,29.00,36347.15,0.05,0.05,A,F,1995-04-29,1995-04-05,1995-05-13,NONE,REG AIR, fluffily final forges detec
49921-7,49921,932,67,7,1.00,1832.93,0.01,0.08,R,F,1995-04-29,1995-04-24,1995-05-08,DELIVER IN PERSON,AIR,dependencies. bold requests haggle b
49922-1,49922,1486,26,1,24.00,33299.52,0.06,0.04,A,F,1994-10-24,1994-10-06,1994-11-23,DELIVER IN PERSON,AIR,ly pending ideas.
49923-1,49923,1008,9,1,12.00,10908.00,0.04,0.05,A,F,1994-08-04,1994-06-23,1994-09-01,DELIVER IN PERSON,MAIL,olites nag
49923-2,49923,137,90,2,30.00,31113.90,0.01,0.08,R,F,1994-07-08,1994-07-05,1994-08-07,TAKE BACK RETURN,REG AIR,ely regular theodolit
49924-1,49924,1399,100,1,42.00,54616.38,0.06,0.02,N,F,1995-06-04,1995-07-06,1995-06-19,TAKE BACK RETURN,RAIL, special courts. r
49924-2,49924,663,64,2,12.00,18763.92,0.04,0.04,R,F,1995-05-30,1995-07-17,1995-06-08,DELIVER IN PERSON,RAIL,l deposits sleep carefully slyly iro
49924-3,49924,1229,41,3,21.00,23734.62,0.03,0.03,N,F,1995-06-11,1995-07-27,1995-07-10,TAKE BACK RETURN,SHIP,gainst the f
49924-4,49924,984,19,4,1.00,1884.98,0.03,0.02,N,F,1995-06-08,1995-06-28,1995-07-04,NONE,RAIL,ckages; furious
49924-5,49924,1032,33,5,47.00,43852.41,0.02,0.02,N,O,1995-08-17,1995-06-28,1995-08-28,COLLECT COD,MAIL,"fore the express, pending p"
49925-1,49925,574,5,1,8.00,11796.56,0.10,0.02,R,F,1993-02-27,1993-04-12,1993-03-17,TAKE BACK RETURN,SHIP,will boost quickly
49925-2,49925,1865,66,2,42.00,74208.12,0.01,0.03,R,F,1993-02-16,1993-04-16,1993-02-26,NONE,SHIP,y regular excuses wake
49925-3,49925,1706,7,3,39.00,62700.30,0.00,0.00,A,F,1993-01-26,1993-03-12,1993-02-09,TAKE BACK RETURN,MAIL,onic instruct
49926-1,49926,361,90,1,27.00,34056.72,0.03,0.08,N,F,1995-06-07,1995-06-14,1995-07-02,COLLECT COD,MAIL,final pinto beans. 
49926-2,49926,496,84,2,37.00,51670.13,0.10,0.05,N,O,1995-07-06,1995-05-28,1995-07-22,COLLECT COD,MAIL,es. final a
49927-1,49927,370,27,1,30.00,38111.10,0.00,0.04,A,F,1992-07-30,1992-10-06,1992-08-21,TAKE BACK RETURN,RAIL,will have t
49927-2,49927,148,49,2,24.00,25155.36,0.10,0.08,R,F,1992-08-06,1992-09-06,1992-08-10,DELIVER IN PERSON,AIR, regular dinos detect slyly regular
49927-3,49927,592,23,3,36.00,53733.24,0.00,0.04,R,F,1992-08-14,1992-08-21,1992-08-16,COLLECT COD,FOB,quickly pending requests affi
49927-4,49927,1856,100,4,5.00,8789.25,0.03,0.05,A,F,1992-10-03,1992-08-31,1992-10-26,DELIVER IN PERSON,SHIP,mptotes use quickly. even as
49952-1,49952,1807,8,1,20.00,34176.00,0.10,0.02,N,O,1995-12-05,1996-02-14,1995-12-14,COLLECT COD,RAIL,furiously. deposits hagg
49952-2,49952,1182,55,2,5.00,5415.90,0.03,0.02,N,O,1996-01-25,1996-01-14,1996-02-03,NONE,FOB,ggle carefully carefully
49952-3,49952,1410,50,3,47.00,61636.27,0.04,0.06,N,O,1996-02-25,1996-01-19,1996-03-25,DELIVER IN PERSON,SHIP,"nt theodolites boost above the brave, regu"
49953-1,49953,1679,62,1,15.00,23710.05,0.08,0.07,A,F,1992-04-05,1992-05-02,1992-04-07,NONE,RAIL,sual instructio
49953-2,49953,685,86,2,26.00,41227.68,0.07,0.01,R,F,1992-07-09,1992-04-28,1992-08-08,COLLECT COD,FOB,the quickly ironic foxes cajole after the i
49953-3,49953,1175,84,3,33.00,35513.61,0.05,0.01,R,F,1992-04-10,1992-04-20,1992-04-27,NONE,SHIP,ronic patterns. express
49953-4,49953,1795,96,4,31.00,52600.49,0.08,0.03,A,F,1992-03-23,1992-05-27,1992-04-07,COLLECT COD,MAIL,sts after 
49953-5,49953,218,100,5,23.00,25718.83,0.08,0.00,R,F,1992-05-13,1992-06-09,1992-05-14,DELIVER IN PERSON,FOB,"special, silent pinto beans acros"
49953-6,49953,1677,19,6,2.00,3157.34,0.05,0.08,A,F,1992-05-07,1992-04-24,1992-05-08,NONE,REG AIR,s affix. requests across the fur
49954-1,49954,1514,95,1,32.00,45296.32,0.06,0.05,R,F,1992-05-18,1992-04-01,1992-05-20,COLLECT COD,TRUCK, unusual pinto beans are evenly. slyl
49954-2,49954,1470,10,2,46.00,63087.62,0.08,0.00,R,F,1992-04-18,1992-05-20,1992-04-23,COLLECT COD,FOB,nts sleep! re
49955-1,49955,448,7,1,32.00,43150.08,0.01,0.05,N,O,1996-10-05,1996-08-08,1996-10-17,DELIVER IN PERSON,TRUCK,y busy requests are 
49955-2,49955,1427,45,2,3.00,3985.26,0.00,0.00,N,O,1996-08-16,1996-08-07,1996-09-12,NONE,TRUCK, requests solve above the even requests. 
49955-3,49955,1222,34,3,24.00,26957.28,0.07,0.08,N,O,1996-08-30,1996-10-01,1996-09-26,TAKE BACK RETURN,REG AIR,"ructions. regular, final theodolites"
49956-1,49956,1053,24,1,37.00,35299.85,0.06,0.03,N,O,1997-05-18,1997-04-18,1997-06-11,COLLECT COD,SHIP,sits nag quickly. slyly ex
49956-2,49956,888,88,2,24.00,42933.12,0.02,0.05,N,O,1997-03-03,1997-04-17,1997-04-02,COLLECT COD,AIR,ng to the brave accounts wake furious
49957-1,49957,440,99,1,32.00,42894.08,0.08,0.06,N,O,1996-07-04,1996-05-10,1996-07-12,NONE,AIR,ngside of the accounts. dolphins wake 
49957-2,49957,62,38,2,5.00,4810.30,0.04,0.06,N,O,1996-04-21,1996-06-29,1996-05-18,NONE,FOB,ly express dep
49958-1,49958,1653,77,1,37.00,57522.05,0.05,0.04,N,O,1996-10-25,1996-09-26,1996-11-12,TAKE BACK RETURN,FOB,cross the carefully bold packages. 
49958-2,49958,818,85,2,23.00,39532.63,0.04,0.08,N,O,1996-10-25,1996-10-18,1996-11-10,DELIVER IN PERSON,MAIL,are blithely. theodolites
49958-3,49958,1162,63,3,41.00,43589.56,0.08,0.02,N,O,1996-11-25,1996-10-05,1996-12-22,NONE,REG AIR, fluffily bold requests across the iron
49958-4,49958,1705,6,4,12.00,19280.40,0.00,0.06,N,O,1996-12-11,1996-11-13,1997-01-08,NONE,RAIL,eans haggle blithely never i
49959-1,49959,1424,42,1,8.00,10603.36,0.09,0.03,N,O,1997-09-21,1997-11-07,1997-10-12,DELIVER IN PERSON,TRUCK,ckages are. bo
49959-2,49959,1943,32,2,26.00,47968.44,0.08,0.01,N,O,1997-11-22,1997-10-23,1997-11-29,DELIVER IN PERSON,REG AIR,. slyly final packages
49959-3,49959,1061,32,3,28.00,26937.68,0.06,0.06,N,O,1997-10-21,1997-10-03,1997-11-02,TAKE BACK RETURN,FOB,ites hang slyly
49959-4,49959,1116,53,4,2.00,2034.22,0.05,0.02,N,O,1997-09-23,1997-10-14,1997-09-26,NONE,FOB, furiously regular packages haggle slyl
49959-5,49959,1781,24,5,18.00,30290.04,0.05,0.02,N,O,1997-11-20,1997-10-22,1997-12-16,COLLECT COD,AIR,yly regular depths. sly accounts sleep
49959-6,49959,1848,78,6,3.00,5249.52,0.03,0.07,N,O,1997-10-21,1997-11-22,1997-11-15,NONE,TRUCK,refully regular d
49984-1,49984,744,41,1,19.00,31250.06,0.04,0.00,A,F,1994-08-12,1994-06-20,1994-08-18,DELIVER IN PERSON,RAIL, notornis about the final platelets
49984-2,49984,105,58,2,47.00,47239.70,0.00,0.03,A,F,1994-06-11,1994-07-26,1994-06-22,DELIVER IN PERSON,SHIP,sts after the furiously bu
49984-3,49984,682,14,3,20.00,31653.60,0.00,0.08,R,F,1994-05-13,1994-06-14,1994-06-11,NONE,AIR,"eans. even, pending excuses hagg"
49984-4,49984,1675,76,4,33.00,52030.11,0.07,0.05,A,F,1994-08-26,1994-06-24,1994-09-19,TAKE BACK RETURN,MAIL,. bold excuses wake according to the slyly 
49984-5,49984,793,94,5,25.00,42344.75,0.10,0.00,R,F,1994-08-06,1994-07-16,1994-08-08,COLLECT COD,TRUCK,"lphins. even, ironic deposits wake qui"
49984-6,49984,1893,23,6,16.00,28718.24,0.01,0.01,R,F,1994-06-26,1994-07-23,1994-07-08,DELIVER IN PERSON,MAIL,ar packages. final i
49985-1,49985,975,76,1,47.00,88170.59,0.02,0.06,N,O,1998-07-29,1998-10-09,1998-08-25,NONE,RAIL,ggle fluffily. slyly
49986-1,49986,885,19,1,27.00,48218.76,0.02,0.05,R,F,1993-12-27,1993-12-11,1994-01-06,DELIVER IN PERSON,TRUCK,"lar, pending requests above the q"
49986-2,49986,900,34,2,49.00,88244.10,0.02,0.04,A,F,1993-11-30,1993-12-30,1993-12-26,DELIVER IN PERSON,SHIP,ges after the instruc
49986-3,49986,1807,8,3,4.00,6835.20,0.09,0.06,R,F,1993-11-22,1993-12-03,1993-12-22,TAKE BACK RETURN,SHIP,nic requests; ir
49986-4,49986,448,36,4,8.00,10787.52,0.06,0.01,R,F,1993-12-13,1993-12-20,1994-01-11,COLLECT COD,TRUCK,ajole quickly according t
49986-5,49986,120,99,5,49.00,49985.88,0.07,0.05,R,F,1994-02-12,1993-12-29,1994-02-27,DELIVER IN PERSON,AIR,after the instructions. quickly
49987-1,49987,1120,57,1,26.00,26549.12,0.00,0.03,A,F,1995-03-06,1995-03-30,1995-03-12,NONE,MAIL, accounts. slyly express saut
49987-2,49987,1607,90,2,15.00,22629.00,0.10,0.06,R,F,1995-02-16,1995-02-20,1995-02-19,DELIVER IN PERSON,TRUCK,blithely even accounts boost.
49987-3,49987,745,78,3,46.00,75704.04,0.06,0.04,A,F,1995-02-27,1995-04-01,1995-03-27,DELIVER IN PERSON,FOB,deposits print fluffily at the plat
49987-4,49987,134,87,4,21.00,21716.73,0.09,0.08,R,F,1995-03-18,1995-03-17,1995-03-29,TAKE BACK RETURN,REG AIR,he regular p
49987-5,49987,465,24,5,19.00,25943.74,0.01,0.06,A,F,1995-04-10,1995-03-19,1995-04-27,DELIVER IN PERSON,REG AIR,he regular instruct
49987-6,49987,150,3,6,39.00,40955.85,0.07,0.03,A,F,1995-05-12,1995-04-08,1995-06-05,COLLECT COD,MAIL,ke furiously unusual asympt
49987-7,49987,718,19,7,41.00,66367.11,0.04,0.06,A,F,1995-04-27,1995-04-14,1995-05-22,TAKE BACK RETURN,REG AIR,"ily unusual platelets. express, eve"
49988-1,49988,936,71,1,30.00,55107.90,0.09,0.05,A,F,1994-03-02,1994-01-29,1994-03-24,DELIVER IN PERSON,TRUCK,sly regular dependencie
49988-2,49988,1846,33,2,25.00,43696.00,0.05,0.03,A,F,1994-02-12,1994-02-18,1994-03-02,TAKE BACK RETURN,FOB,requests should have to nag according to t
49988-3,49988,728,29,3,33.00,53747.76,0.06,0.00,A,F,1994-04-21,1994-02-16,1994-05-10,TAKE BACK RETURN,FOB,instructions. carefully r
49988-4,49988,707,40,4,24.00,38584.80,0.00,0.01,A,F,1994-03-10,1994-02-25,1994-03-14,TAKE BACK RETURN,AIR,cial packages boost alongs
49988-5,49988,941,44,5,47.00,86571.18,0.03,0.00,A,F,1993-12-27,1994-03-06,1994-01-25,COLLECT COD,MAIL,e furiously regular foxes. slyly
49988-6,49988,1376,53,6,9.00,11496.33,0.07,0.07,A,F,1994-02-10,1994-03-08,1994-02-26,COLLECT COD,REG AIR,telets cajole. ir
49989-1,49989,1581,62,1,16.00,23721.28,0.08,0.08,R,F,1993-05-29,1993-06-23,1993-06-12,COLLECT COD,REG AIR, dinos. ironic accounts 
49989-2,49989,1869,13,2,4.00,7083.44,0.10,0.02,R,F,1993-05-23,1993-07-05,1993-06-10,COLLECT COD,RAIL,uriously express depe
49989-3,49989,999,2,3,4.00,7599.96,0.10,0.01,R,F,1993-08-03,1993-06-06,1993-08-10,TAKE BACK RETURN,SHIP,uickly final deposits sleep along the exp
49990-1,49990,230,58,1,11.00,12432.53,0.06,0.05,R,F,1994-11-13,1994-11-08,1994-12-10,TAKE BACK RETURN,FOB,lar accounts ac
49991-1,49991,19,20,1,23.00,21137.23,0.05,0.08,N,O,1998-02-15,1998-01-31,1998-02-16,NONE,RAIL,"ites wake after the regular,"
49991-2,49991,962,65,2,7.00,13040.72,0.04,0.05,N,O,1998-02-01,1997-12-29,1998-02-26,TAKE BACK RETURN,AIR,mong the blithely regul
49991-3,49991,712,77,3,18.00,29028.78,0.02,0.02,N,O,1998-03-10,1998-01-17,1998-03-22,DELIVER IN PERSON,TRUCK,riously final deposits wake reg
49991-4,49991,1108,81,4,27.00,27245.70,0.06,0.07,N,O,1998-03-26,1998-01-06,1998-04-13,COLLECT COD,REG AIR,ong the quickly 
49991-5,49991,1225,37,5,18.00,20271.96,0.10,0.05,N,O,1998-01-07,1998-02-22,1998-01-22,NONE,AIR,"ngly ironic,"
49991-6,49991,1950,83,6,10.00,18519.50,0.08,0.06,N,O,1997-12-15,1998-01-05,1997-12-20,TAKE BACK RETURN,FOB,uests could are across the blithely even 
50016-1,50016,595,86,1,40.00,59823.60,0.07,0.03,A,F,1994-07-05,1994-06-09,1994-08-03,COLLECT COD,TRUCK,pecial pinto beans integrat
50016-2,50016,1728,55,2,41.00,66818.52,0.08,0.02,R,F,1994-07-11,1994-06-01,1994-07-25,COLLECT COD,TRUCK,sly close foxes. unusua
50016-3,50016,569,60,3,20.00,29391.20,0.06,0.08,R,F,1994-07-28,1994-06-23,1994-08-01,COLLECT COD,RAIL,ckages wake slyly. carefully re
50016-4,50016,1708,9,4,10.00,16097.00,0.03,0.08,A,F,1994-06-11,1994-06-19,1994-06-17,DELIVER IN PERSON,TRUCK,carefully regular pinto beans sleep sly
50016-5,50016,83,34,5,6.00,5898.48,0.10,0.07,R,F,1994-05-06,1994-05-15,1994-05-21,DELIVER IN PERSON,MAIL,es sleep. ironic accounts
50016-6,50016,986,87,6,9.00,16982.82,0.10,0.08,R,F,1994-04-20,1994-05-06,1994-05-08,TAKE BACK RETURN,SHIP,"e blithely final, pending asymptotes. u"
50016-7,50016,1668,92,7,11.00,17266.26,0.06,0.08,A,F,1994-07-30,1994-05-14,1994-08-22,TAKE BACK RETURN,RAIL,e slyly. unusual requests cajol
50017-1,50017,1260,98,1,1.00,1161.26,0.06,0.00,A,F,1993-02-15,1993-01-12,1993-02-22,TAKE BACK RETURN,FOB,ep blithely 
50017-2,50017,1781,66,2,4.00,6731.12,0.09,0.05,R,F,1993-03-11,1993-02-12,1993-04-05,COLLECT COD,SHIP,s the carefully regular accounts. e
50017-3,50017,1533,34,3,36.00,51643.08,0.10,0.06,R,F,1993-03-13,1993-02-01,1993-04-01,COLLECT COD,AIR,ding to the furiously express accounts w
50017-4,50017,326,27,4,9.00,11036.88,0.10,0.03,A,F,1993-01-06,1993-02-04,1993-01-09,COLLECT COD,TRUCK,quests run alongside of the slyly u
50017-5,50017,1652,53,5,1.00,1553.65,0.05,0.00,R,F,1993-02-01,1992-12-21,1993-02-26,DELIVER IN PERSON,SHIP,es shall have to boost sly
50017-6,50017,472,2,6,25.00,34311.75,0.07,0.08,R,F,1993-01-15,1993-01-04,1993-02-01,NONE,REG AIR,ng platelets a
50018-1,50018,1377,54,1,37.00,47299.69,0.01,0.06,N,O,1998-02-17,1998-01-09,1998-02-21,NONE,REG AIR,ously express ideas 
50018-2,50018,1175,84,2,12.00,12914.04,0.08,0.07,N,O,1998-01-27,1997-11-30,1998-02-13,DELIVER IN PERSON,MAIL,rays. slyly pending packages daz
50018-3,50018,945,48,3,34.00,62761.96,0.03,0.05,N,O,1998-01-21,1998-01-25,1998-02-09,COLLECT COD,AIR,sual requests. express foxes around t
50018-4,50018,834,35,4,6.00,10408.98,0.08,0.01,N,O,1997-12-15,1997-12-28,1998-01-13,DELIVER IN PERSON,RAIL,ometimes. furiously final instructions a
50018-5,50018,1106,79,5,22.00,22156.20,0.05,0.04,N,O,1998-02-04,1997-12-11,1998-02-21,TAKE BACK RETURN,TRUCK,"long the bold, ir"
50018-6,50018,998,99,6,43.00,81656.57,0.09,0.00,N,O,1997-11-20,1997-12-31,1997-11-23,NONE,MAIL,y regular deposits. ironic acco
50018-7,50018,1133,70,7,37.00,38262.81,0.06,0.05,N,O,1997-12-09,1998-01-15,1997-12-17,COLLECT COD,REG AIR,ffily. blit
50019-1,50019,289,44,1,34.00,40435.52,0.08,0.00,A,F,1994-10-07,1994-11-16,1994-10-27,NONE,MAIL,lar forges
50020-1,50020,1575,56,1,22.00,32484.54,0.02,0.04,N,O,1996-06-28,1996-08-01,1996-06-29,DELIVER IN PERSON,RAIL,o the fluffily pending 
50020-2,50020,997,66,2,36.00,68327.64,0.00,0.03,N,O,1996-07-25,1996-08-01,1996-08-06,DELIVER IN PERSON,MAIL,ffix around 
50020-3,50020,305,34,3,30.00,36159.00,0.09,0.08,N,O,1996-10-04,1996-07-14,1996-10-28,DELIVER IN PERSON,AIR,packages. instr
50020-4,50020,1296,34,4,10.00,11972.90,0.10,0.08,N,O,1996-06-19,1996-08-14,1996-07-06,NONE,SHIP,. express packages across the theodol
50020-5,50020,1860,61,5,33.00,58141.38,0.04,0.05,N,O,1996-09-03,1996-08-09,1996-09-20,NONE,RAIL,nal instructions. quickl
50021-1,50021,1089,90,1,7.00,6930.56,0.01,0.06,R,F,1993-02-27,1992-12-11,1993-03-06,TAKE BACK RETURN,SHIP,sly ironic accounts caj
50021-2,50021,944,79,2,34.00,62727.96,0.09,0.05,R,F,1993-02-01,1992-12-08,1993-02-04,NONE,RAIL," after the unusual, silent"
50022-1,50022,262,17,1,31.00,36030.06,0.07,0.07,N,O,1996-02-29,1996-05-13,1996-03-09,NONE,TRUCK,ng requests affix. furiously 
50022-2,50022,1858,59,2,6.00,10559.10,0.05,0.03,N,O,1996-06-19,1996-04-28,1996-06-25,NONE,SHIP,"ffix blithely. unusual, ironic pinto beans "
50022-3,50022,1988,33,3,26.00,49139.48,0.00,0.00,N,O,1996-03-01,1996-04-05,1996-03-04,COLLECT COD,REG AIR,r ideas according to the fur
50022-4,50022,340,41,4,48.00,59536.32,0.09,0.00,N,O,1996-03-21,1996-04-21,1996-03-22,NONE,MAIL, packages. courts sublate. f
50022-5,50022,780,45,5,35.00,58827.30,0.04,0.04,N,O,1996-04-12,1996-04-24,1996-04-23,DELIVER IN PERSON,REG AIR,fter the furiously ironic dugouts. daring a
50022-6,50022,54,80,6,32.00,30529.60,0.03,0.06,N,O,1996-05-04,1996-04-27,1996-05-06,COLLECT COD,REG AIR,odolites are slyly across the slyly sp
50023-1,50023,1669,93,1,48.00,75391.68,0.10,0.02,N,O,1997-07-18,1997-06-03,1997-08-14,TAKE BACK RETURN,FOB,iments about the furiously
50023-2,50023,881,82,2,48.00,85530.24,0.02,0.02,N,O,1997-05-02,1997-05-15,1997-05-30,COLLECT COD,REG AIR,ly among the fluffily pending reques
50023-3,50023,781,14,3,21.00,35317.38,0.06,0.05,N,O,1997-06-29,1997-06-07,1997-07-12,COLLECT COD,REG AIR,equests sleep about the
50023-4,50023,1841,85,4,24.00,41828.16,0.02,0.08,N,O,1997-04-21,1997-06-06,1997-05-20,DELIVER IN PERSON,FOB,eposits. pen
50023-5,50023,1650,51,5,4.00,6206.60,0.10,0.02,N,O,1997-06-14,1997-07-05,1997-07-06,NONE,AIR,ly final deposits sleep above the pack
50023-6,50023,1736,79,6,38.00,62233.74,0.04,0.07,N,O,1997-05-03,1997-06-22,1997-05-08,TAKE BACK RETURN,TRUCK,egular foxe
50048-1,50048,1974,7,1,37.00,69410.89,0.10,0.05,R,F,1993-03-04,1993-02-19,1993-03-29,TAKE BACK RETURN,REG AIR,fily special ideas sleep 
50048-2,50048,1833,34,2,21.00,36431.43,0.06,0.00,A,F,1993-03-10,1993-04-18,1993-04-09,COLLECT COD,MAIL,inal accounts according to the furiously 
50048-3,50048,1188,97,3,22.00,23961.96,0.03,0.07,R,F,1993-04-21,1993-03-22,1993-05-11,TAKE BACK RETURN,FOB,ckly final deposits wak
50048-4,50048,1236,48,4,31.00,35254.13,0.09,0.05,A,F,1993-03-01,1993-03-08,1993-03-07,COLLECT COD,SHIP,y regular re
50048-5,50048,881,81,5,36.00,64147.68,0.06,0.06,R,F,1993-02-23,1993-04-19,1993-03-21,NONE,MAIL,ickly ironic ac
50049-1,50049,137,38,1,37.00,38373.81,0.10,0.05,N,O,1996-05-21,1996-04-20,1996-06-02,COLLECT COD,RAIL,ar pinto beans above th
50049-2,50049,1903,4,2,37.00,66781.30,0.10,0.04,N,O,1996-03-13,1996-03-22,1996-03-20,COLLECT COD,TRUCK,nts doze above the
50049-3,50049,1451,52,3,10.00,13524.50,0.06,0.00,N,O,1996-04-20,1996-04-10,1996-05-04,NONE,FOB,ng accounts: carefully ironic packages us
50049-4,50049,1564,65,4,29.00,42501.24,0.06,0.06,N,O,1996-05-09,1996-04-28,1996-05-26,COLLECT COD,TRUCK, carefully even requests. quickly r
50049-5,50049,1120,21,5,44.00,44929.28,0.03,0.03,N,O,1996-03-22,1996-03-10,1996-04-21,NONE,REG AIR,ccording to the blithely 
50050-1,50050,58,59,1,11.00,10538.55,0.02,0.01,A,F,1994-01-02,1994-03-03,1994-01-26,COLLECT COD,AIR,arefully special instructions cajole a
50050-2,50050,1641,42,2,34.00,52449.76,0.00,0.02,R,F,1994-02-11,1994-02-10,1994-03-11,NONE,FOB,r theodolites hinder. someti
50050-3,50050,373,2,3,39.00,49661.43,0.04,0.06,R,F,1994-02-18,1994-01-25,1994-03-14,TAKE BACK RETURN,REG AIR,attainments against the even
50050-4,50050,521,22,4,39.00,55439.28,0.02,0.00,R,F,1994-04-21,1994-01-27,1994-05-07,COLLECT COD,AIR,"express, unusual theodolites."
50050-5,50050,1641,65,5,3.00,4627.92,0.05,0.06,R,F,1994-01-30,1994-03-16,1994-02-13,NONE,REG AIR,usly around the
50050-6,50050,326,11,6,50.00,61316.00,0.09,0.03,A,F,1994-01-26,1994-02-26,1994-02-11,COLLECT COD,AIR,its impres
50051-1,50051,815,82,1,50.00,85790.50,0.05,0.05,A,F,1994-10-31,1994-11-15,1994-11-14,COLLECT COD,REG AIR,hely ironic requests
50051-2,50051,1459,38,2,29.00,39453.05,0.05,0.01,A,F,1994-12-27,1994-12-17,1994-12-29,COLLECT COD,MAIL,aggle acco
50051-3,50051,1897,27,3,48.00,86346.72,0.03,0.04,R,F,1994-10-24,1994-11-09,1994-11-07,TAKE BACK RETURN,RAIL, asymptotes. inst
50051-4,50051,825,59,4,40.00,69032.80,0.04,0.07,A,F,1994-12-25,1994-11-28,1994-12-29,TAKE BACK RETURN,SHIP,ead of the furiously special theodol
50051-5,50051,314,99,5,20.00,24286.20,0.08,0.01,R,F,1995-01-30,1995-01-01,1995-02-09,DELIVER IN PERSON,SHIP,ges boost above the slyly unusual 
50051-6,50051,295,50,6,21.00,25101.09,0.04,0.00,R,F,1994-10-27,1994-12-27,1994-11-10,TAKE BACK RETURN,AIR,ly regular asymptotes alongside of th
50051-7,50051,940,75,7,7.00,12886.58,0.02,0.00,A,F,1995-01-29,1994-11-05,1995-02-24,TAKE BACK RETURN,REG AIR,ingly. daring Tiresias wa
50052-1,50052,493,23,1,27.00,37624.23,0.07,0.03,N,O,1995-11-21,1995-09-03,1995-12-02,NONE,FOB,he regular orbi
50052-2,50052,34,85,2,6.00,5604.18,0.04,0.03,N,O,1995-09-04,1995-10-22,1995-09-12,TAKE BACK RETURN,TRUCK,"y according to the brave, unusual instructi"
50052-3,50052,830,30,3,40.00,69233.20,0.10,0.02,N,O,1995-11-12,1995-09-24,1995-11-15,NONE,TRUCK,hely unusual foxes. slyly 
50052-4,50052,1952,85,4,38.00,70450.10,0.03,0.00,N,O,1995-09-14,1995-09-09,1995-10-11,TAKE BACK RETURN,MAIL,. slyly regular noto
50052-5,50052,674,6,5,32.00,50389.44,0.03,0.03,N,O,1995-09-25,1995-10-20,1995-10-24,TAKE BACK RETURN,REG AIR, pinto beans across the furi
50052-6,50052,898,65,6,5.00,8994.45,0.01,0.04,N,O,1995-08-05,1995-08-30,1995-08-19,DELIVER IN PERSON,SHIP,"ross the final, regular depths. "
50052-7,50052,1923,56,7,32.00,58397.44,0.06,0.04,N,O,1995-09-15,1995-10-26,1995-10-14,TAKE BACK RETURN,RAIL,en deposits
50053-1,50053,1896,40,1,28.00,50340.92,0.10,0.05,N,O,1995-07-01,1995-07-28,1995-07-25,COLLECT COD,FOB, fluffily ironic tithes doze quickly ac
50053-2,50053,1795,96,2,12.00,20361.48,0.00,0.07,N,O,1995-08-10,1995-07-19,1995-08-14,COLLECT COD,FOB, furiously
50053-3,50053,96,97,3,32.00,31874.88,0.09,0.05,N,O,1995-07-06,1995-07-25,1995-08-01,TAKE BACK RETURN,REG AIR,y after the furiously silent a
50054-1,50054,1497,37,1,46.00,64330.54,0.05,0.06,A,F,1994-01-01,1993-10-15,1994-01-17,COLLECT COD,MAIL,y express packages. busily ironic
50054-2,50054,384,41,2,50.00,64219.00,0.09,0.01,A,F,1993-11-04,1993-11-20,1993-12-02,TAKE BACK RETURN,AIR,in furiously about the furiously e
50055-1,50055,882,83,1,43.00,76663.84,0.04,0.08,A,F,1993-02-06,1992-12-09,1993-03-02,TAKE BACK RETURN,REG AIR,y deposits. 
50055-2,50055,1071,72,2,17.00,16525.19,0.00,0.02,A,F,1992-12-07,1992-12-05,1993-01-04,DELIVER IN PERSON,TRUCK,s poach fluffily. 
50055-3,50055,1258,96,3,42.00,48688.50,0.08,0.01,A,F,1993-02-09,1993-01-09,1993-03-09,TAKE BACK RETURN,AIR,een the packages. blithely r
50055-4,50055,512,13,4,15.00,21187.65,0.10,0.00,A,F,1992-12-21,1992-12-18,1992-12-22,NONE,TRUCK,usly furiousl
50055-5,50055,640,3,5,45.00,69328.80,0.10,0.02,R,F,1993-01-23,1993-01-11,1993-01-24,DELIVER IN PERSON,RAIL,e blithely slyly special accounts. q
50080-1,50080,723,88,1,39.00,63325.08,0.08,0.00,N,O,1997-03-07,1997-03-25,1997-03-31,DELIVER IN PERSON,MAIL,osits above
50080-2,50080,1827,71,2,49.00,84712.18,0.01,0.02,N,O,1997-05-08,1997-04-12,1997-05-12,NONE,TRUCK,ic attainments solve fluf
50080-3,50080,1781,24,3,5.00,8413.90,0.04,0.05,N,O,1997-04-18,1997-04-25,1997-05-09,NONE,RAIL,. slyly ironic instructi
50080-4,50080,1348,87,4,9.00,11244.06,0.02,0.02,N,O,1997-03-08,1997-05-16,1997-03-16,TAKE BACK RETURN,RAIL," ironic, ironic depende"
50080-5,50080,1669,93,5,23.00,36125.18,0.08,0.01,N,O,1997-02-27,1997-04-14,1997-03-15,TAKE BACK RETURN,RAIL,"s. regular, even asymptotes sha"
50081-1,50081,493,52,1,33.00,45985.17,0.04,0.06,A,F,1995-01-21,1995-01-02,1995-02-17,COLLECT COD,MAIL,s. platelets are. fu
50081-2,50081,1358,73,2,41.00,51633.35,0.01,0.02,A,F,1995-02-10,1994-12-29,1995-02-28,NONE,AIR,lphins integrate sl
50081-3,50081,500,88,3,18.00,25209.00,0.06,0.02,R,F,1995-02-26,1995-01-03,1995-03-04,COLLECT COD,AIR,ess accounts cajole. furiously final acco
50081-4,50081,1924,57,4,32.00,58429.44,0.04,0.08,R,F,1994-12-13,1995-01-24,1995-01-08,COLLECT COD,FOB,packages? idly bold deposit
50082-1,50082,81,82,1,26.00,25508.08,0.04,0.03,A,F,1993-01-15,1993-01-04,1993-02-12,DELIVER IN PERSON,MAIL,nal deposits cajole about the unusu
50083-1,50083,332,33,1,11.00,13555.63,0.09,0.02,R,F,1995-04-22,1995-06-26,1995-05-14,TAKE BACK RETURN,TRUCK,s are careful
50083-2,50083,1815,59,2,17.00,29185.77,0.09,0.02,N,O,1995-07-18,1995-07-08,1995-08-16,NONE,TRUCK,bold deposits affix furiously slyly
50083-3,50083,1084,20,3,1.00,985.08,0.01,0.01,R,F,1995-06-04,1995-06-15,1995-06-05,TAKE BACK RETURN,RAIL,dependencies. pending epi
50083-4,50083,1912,13,4,2.00,3627.82,0.09,0.08,A,F,1995-05-14,1995-05-15,1995-06-04,NONE,REG AIR, furiously 
50084-1,50084,110,37,1,1.00,1010.11,0.02,0.00,N,O,1998-06-19,1998-06-27,1998-06-21,TAKE BACK RETURN,SHIP,t blithely final re
50084-2,50084,72,48,2,24.00,23329.68,0.08,0.00,N,O,1998-06-22,1998-05-19,1998-06-23,NONE,AIR,ts across t
50084-3,50084,988,91,3,48.00,90671.04,0.09,0.07,N,O,1998-04-29,1998-05-28,1998-05-20,NONE,REG AIR,grate alongside of the perman
50084-4,50084,1932,21,4,16.00,29342.88,0.07,0.04,N,O,1998-08-10,1998-05-19,1998-08-15,TAKE BACK RETURN,MAIL, ironic deposits. 
50084-5,50084,384,69,5,16.00,20550.08,0.05,0.06,N,O,1998-05-20,1998-06-09,1998-06-11,TAKE BACK RETURN,SHIP, according to the fu
50084-6,50084,427,86,6,41.00,54424.22,0.00,0.07,N,O,1998-07-03,1998-06-23,1998-07-17,TAKE BACK RETURN,TRUCK,ooze slyly slyly express theodolites. exp
50084-7,50084,1386,1,7,5.00,6436.90,0.08,0.07,N,O,1998-05-03,1998-06-13,1998-05-10,DELIVER IN PERSON,RAIL,de of the slyly enticing 
50085-1,50085,1497,76,1,34.00,47548.66,0.02,0.01,N,O,1995-12-07,1995-12-15,1996-01-04,COLLECT COD,FOB,yly ironic pinto beans boost quickly
50086-1,50086,662,63,1,8.00,12501.28,0.00,0.02,R,F,1992-11-22,1992-12-18,1992-12-03,COLLECT COD,MAIL,lyly special deposits haggle ca
50086-2,50086,330,59,2,46.00,56595.18,0.05,0.08,A,F,1993-01-15,1992-12-04,1993-02-04,TAKE BACK RETURN,RAIL,s wake after the r
50086-3,50086,335,92,3,1.00,1235.33,0.01,0.02,A,F,1992-11-29,1992-10-30,1992-12-19,COLLECT COD,AIR,cuses cajole 
50087-1,50087,986,87,1,9.00,16982.82,0.07,0.01,A,F,1993-07-09,1993-06-16,1993-07-15,TAKE BACK RETURN,AIR,"al, final instructions"
50087-2,50087,1723,66,2,2.00,3249.44,0.05,0.08,A,F,1993-06-06,1993-07-05,1993-06-10,TAKE BACK RETURN,SHIP,nic foxes-- blithely express deposits slee
50087-3,50087,243,71,3,36.00,41156.64,0.04,0.05,A,F,1993-08-22,1993-07-03,1993-09-07,DELIVER IN PERSON,AIR,"ronic excuses. express, special instruct"
50087-4,50087,856,90,4,6.00,10541.10,0.03,0.01,A,F,1993-06-03,1993-07-28,1993-06-22,DELIVER IN PERSON,REG AIR,usly ironic packages ha
50087-5,50087,1908,41,5,26.00,47057.40,0.09,0.04,R,F,1993-05-30,1993-07-24,1993-06-02,NONE,FOB,ss packages. furio
50112-1,50112,1042,43,1,24.00,22632.96,0.03,0.03,N,O,1996-03-08,1995-12-30,1996-03-21,TAKE BACK RETURN,FOB,l accounts. ironic asymptotes ar
50113-1,50113,1808,9,1,43.00,73521.40,0.02,0.05,N,O,1997-01-26,1997-01-26,1997-02-04,NONE,AIR, pending theodolites wake slyly. even inst
50113-2,50113,1892,93,2,38.00,68167.82,0.03,0.07,N,O,1997-01-05,1997-02-18,1997-01-17,TAKE BACK RETURN,REG AIR,thely regular accounts. carefully final pac
50113-3,50113,619,82,3,42.00,63823.62,0.10,0.06,N,O,1997-04-03,1997-02-12,1997-04-26,NONE,MAIL,ges cajole. bold requests wake sl
50113-4,50113,1206,7,4,26.00,28787.20,0.09,0.02,N,O,1997-03-07,1997-03-01,1997-04-02,COLLECT COD,AIR,g to the furiously express deposits. slyly 
50113-5,50113,1023,29,5,34.00,31416.68,0.09,0.04,N,O,1997-01-09,1997-01-22,1997-01-19,COLLECT COD,TRUCK,dolphins boost blithel
50113-6,50113,1358,73,6,2.00,2518.70,0.05,0.08,N,O,1997-03-11,1997-02-15,1997-03-13,NONE,FOB,s. regular pla
50113-7,50113,298,99,7,41.00,49129.89,0.10,0.00,N,O,1997-03-31,1997-01-29,1997-04-25,TAKE BACK RETURN,RAIL,ithely regular packages are against t
50114-1,50114,794,27,1,44.00,74570.76,0.00,0.06,N,O,1997-01-04,1997-01-01,1997-01-05,COLLECT COD,REG AIR,es. bravely pending requests haggle 
50114-2,50114,489,19,2,27.00,37515.96,0.01,0.00,N,O,1997-01-09,1997-02-16,1997-01-20,DELIVER IN PERSON,REG AIR,s the boldly ironic accounts. fluffil
50114-3,50114,48,24,3,21.00,19908.84,0.09,0.01,N,O,1997-02-14,1997-01-24,1997-03-05,TAKE BACK RETURN,TRUCK, regular package
50114-4,50114,143,22,4,28.00,29207.92,0.06,0.07,N,O,1996-12-13,1997-02-10,1997-01-11,TAKE BACK RETURN,SHIP,blithely about the carefully 
50114-5,50114,961,96,5,11.00,20481.56,0.06,0.02,N,O,1997-03-18,1997-01-24,1997-04-05,DELIVER IN PERSON,AIR,s are quickl
50114-6,50114,1137,38,6,13.00,13495.69,0.08,0.08,N,O,1997-02-22,1997-02-01,1997-03-13,COLLECT COD,REG AIR,xes. blithely ironic packages use fu
50115-1,50115,1105,14,1,37.00,37225.70,0.08,0.01,R,F,1993-11-22,1993-12-24,1993-12-16,DELIVER IN PERSON,FOB,as. blithely ironic packages after the fl
50115-2,50115,1914,3,2,23.00,41765.93,0.01,0.00,R,F,1994-03-02,1993-12-18,1994-03-30,COLLECT COD,REG AIR,ts. quickly regular theodolites grow
50115-3,50115,455,14,3,46.00,62350.70,0.08,0.03,A,F,1994-02-05,1993-12-17,1994-02-06,DELIVER IN PERSON,SHIP,wake furiously. fluffily ironic requests al
50115-4,50115,140,93,4,34.00,35364.76,0.07,0.04,A,F,1994-02-11,1993-12-23,1994-02-14,TAKE BACK RETURN,AIR,ct carefully regular
50115-5,50115,633,96,5,47.00,72080.61,0.00,0.03,A,F,1994-02-24,1994-01-13,1994-03-02,NONE,AIR,equests inside the express account
50116-1,50116,1515,96,1,1.00,1416.51,0.07,0.08,N,O,1996-06-29,1996-07-19,1996-07-01,COLLECT COD,AIR,uriously ironic grou
50116-2,50116,1926,15,2,21.00,38386.32,0.01,0.02,N,O,1996-06-06,1996-06-11,1996-06-14,TAKE BACK RETURN,REG AIR,"ts. bold, final ideas sleep slyl"
50116-3,50116,1535,56,3,34.00,48842.02,0.03,0.03,N,O,1996-06-01,1996-06-17,1996-06-02,NONE,MAIL,le express foxes. carefully expres
50117-1,50117,603,4,1,16.00,24057.60,0.10,0.00,N,O,1995-08-10,1995-08-01,1995-08-26,TAKE BACK RETURN,FOB,the blithely regular deposits sle
50117-2,50117,1667,9,2,8.00,12549.28,0.08,0.05,N,O,1995-08-27,1995-07-30,1995-09-24,TAKE BACK RETURN,AIR,ithely idle dependenc
50118-1,50118,1726,11,1,47.00,76502.84,0.06,0.02,A,F,1993-05-06,1993-05-12,1993-05-16,DELIVER IN PERSON,AIR,its are blithely according to the boldly ir
50118-2,50118,1040,46,2,35.00,32936.40,0.06,0.07,R,F,1993-04-16,1993-04-18,1993-04-29,TAKE BACK RETURN,SHIP,ckly express requests across the fret
50118-3,50118,318,47,3,23.00,28021.13,0.09,0.00,A,F,1993-06-23,1993-04-23,1993-06-27,COLLECT COD,FOB,"regular, pending asymptotes haggle ne"
50118-4,50118,55,31,4,14.00,13370.70,0.06,0.00,R,F,1993-05-31,1993-05-08,1993-06-09,NONE,REG AIR,e requests. regu
50118-5,50118,152,53,5,23.00,24199.45,0.08,0.00,A,F,1993-04-04,1993-06-12,1993-05-03,DELIVER IN PERSON,MAIL, requests sleep after the dolphins
50118-6,50118,1759,86,6,31.00,51483.25,0.08,0.00,R,F,1993-03-25,1993-05-18,1993-04-16,COLLECT COD,FOB, furiously special packages lose
50119-1,50119,1074,75,1,46.00,44853.22,0.07,0.03,R,F,1993-07-20,1993-07-30,1993-08-03,COLLECT COD,TRUCK,ake slyly eve
50119-2,50119,1426,66,2,41.00,54424.22,0.05,0.00,R,F,1993-07-29,1993-08-20,1993-08-11,NONE,FOB,special decoys across
50144-1,50144,228,56,1,30.00,33846.60,0.02,0.06,A,F,1992-07-30,1992-07-24,1992-08-13,TAKE BACK RETURN,MAIL,al instructions affix against the bold re
50144-2,50144,175,28,2,34.00,36555.78,0.05,0.00,A,F,1992-09-29,1992-09-01,1992-10-29,NONE,SHIP,sits boost carefully. specia
50144-3,50144,1312,51,3,48.00,58238.88,0.07,0.01,A,F,1992-06-12,1992-07-18,1992-07-03,TAKE BACK RETURN,REG AIR,equests hang slyl
50144-4,50144,191,70,4,20.00,21823.80,0.08,0.02,R,F,1992-08-30,1992-08-24,1992-09-16,COLLECT COD,FOB,the slyly final requests. 
50145-1,50145,768,69,1,25.00,41719.00,0.03,0.01,A,F,1995-04-16,1995-04-07,1995-04-18,COLLECT COD,RAIL, ironic accounts. f
50145-2,50145,1147,20,2,1.00,1048.14,0.04,0.01,R,F,1995-05-03,1995-04-12,1995-06-02,TAKE BACK RETURN,AIR,ic theodolites integrate furiously. blithel
50145-3,50145,1058,29,3,50.00,47952.50,0.09,0.01,A,F,1995-05-01,1995-04-29,1995-05-25,TAKE BACK RETURN,FOB,eodolites cajole care
50145-4,50145,361,90,4,15.00,18920.40,0.05,0.04,R,F,1995-04-04,1995-04-16,1995-04-26,DELIVER IN PERSON,SHIP,"lar, dogged waters slee"
50145-5,50145,109,62,5,15.00,15136.50,0.05,0.03,A,F,1995-03-03,1995-05-24,1995-03-05,TAKE BACK RETURN,REG AIR,final grouch
50145-6,50145,1180,17,6,44.00,47571.92,0.01,0.03,A,F,1995-04-06,1995-05-20,1995-05-01,DELIVER IN PERSON,MAIL,sts use silen
50145-7,50145,368,25,7,31.00,39319.16,0.00,0.06,N,O,1995-06-22,1995-05-27,1995-06-26,NONE,FOB,g slyly. furiously even f
50146-1,50146,352,37,1,2.00,2504.70,0.10,0.06,R,F,1993-11-26,1993-09-20,1993-12-03,COLLECT COD,RAIL,beans affix fluffily even asymptot
50146-2,50146,1526,7,2,22.00,31405.44,0.02,0.08,A,F,1993-10-24,1993-10-01,1993-11-15,TAKE BACK RETURN,SHIP,efully unusual deposits eat furiously
50146-3,50146,1350,65,3,26.00,32535.10,0.02,0.08,R,F,1993-11-24,1993-10-11,1993-12-15,DELIVER IN PERSON,MAIL,nto beans wake-- ideas print. carefully r
50146-4,50146,546,7,4,23.00,33270.42,0.04,0.07,A,F,1993-08-13,1993-09-26,1993-08-30,DELIVER IN PERSON,TRUCK,ly even theodolites. fluffily sly foxe
50146-5,50146,1466,84,5,8.00,10939.68,0.06,0.03,A,F,1993-10-19,1993-09-29,1993-11-09,COLLECT COD,REG AIR,ut the slyly bold packages. ideas wake f
50147-1,50147,415,74,1,23.00,30254.43,0.01,0.07,A,F,1995-01-19,1994-11-16,1995-02-04,COLLECT COD,AIR,regular foxes. furiously bold court
50147-2,50147,232,33,2,46.00,52082.58,0.00,0.00,A,F,1994-10-25,1994-12-01,1994-11-23,NONE,SHIP,ly along the carefully ev
50147-3,50147,34,85,3,47.00,43899.41,0.08,0.01,A,F,1994-12-16,1994-12-10,1995-01-10,COLLECT COD,RAIL,al pinto beans. furiously
50147-4,50147,1171,72,4,22.00,23587.74,0.05,0.08,A,F,1995-01-30,1994-12-22,1995-02-15,TAKE BACK RETURN,FOB,l platelets boost carefully 
50147-5,50147,439,27,5,49.00,65632.07,0.05,0.06,R,F,1995-01-26,1994-12-07,1995-02-08,COLLECT COD,AIR,"ep. special, bold packa"
50148-1,50148,1739,24,1,17.00,27892.41,0.07,0.03,A,F,1992-05-21,1992-04-08,1992-06-19,DELIVER IN PERSON,REG AIR,gainst the quickly even pat
50148-2,50148,698,30,2,12.00,19184.28,0.07,0.08,A,F,1992-04-23,1992-04-07,1992-04-24,DELIVER IN PERSON,SHIP,ges. sometimes i
50148-3,50148,568,59,3,12.00,17622.72,0.05,0.00,R,F,1992-02-23,1992-05-02,1992-03-16,TAKE BACK RETURN,AIR,theodolites haggle quickly about th
50148-4,50148,1101,10,4,6.00,6012.60,0.03,0.06,A,F,1992-04-22,1992-04-17,1992-04-30,NONE,RAIL, frays cajole blithe
50148-5,50148,1350,51,5,50.00,62567.50,0.09,0.08,A,F,1992-06-02,1992-03-26,1992-06-12,TAKE BACK RETURN,FOB,eas. fluffily even instructions about the
50148-6,50148,1275,76,6,30.00,35288.10,0.07,0.00,A,F,1992-04-29,1992-03-12,1992-05-15,DELIVER IN PERSON,MAIL,ts use. furiously even accounts 
50149-1,50149,1983,16,1,38.00,71629.24,0.01,0.04,A,F,1994-05-09,1994-06-07,1994-05-17,TAKE BACK RETURN,RAIL,ending deposits kindle among the furi
50149-2,50149,1344,59,2,10.00,12453.40,0.00,0.00,A,F,1994-07-02,1994-06-12,1994-07-31,TAKE BACK RETURN,FOB,accounts cajole ca
50149-3,50149,52,28,3,26.00,24753.30,0.02,0.01,R,F,1994-07-20,1994-06-20,1994-08-18,COLLECT COD,AIR,ccounts. closely ironic
50150-1,50150,1328,29,1,20.00,24586.40,0.06,0.08,N,O,1996-06-11,1996-07-17,1996-07-10,TAKE BACK RETURN,AIR,ess pinto beans
50150-2,50150,812,12,2,45.00,77076.45,0.02,0.07,N,O,1996-07-16,1996-08-07,1996-07-28,DELIVER IN PERSON,TRUCK, regular theodolites doubt slyly. silent gi
50150-3,50150,676,77,3,23.00,36263.41,0.02,0.02,N,O,1996-08-15,1996-06-17,1996-08-20,DELIVER IN PERSON,SHIP,haggle furiously careful accounts.
50150-4,50150,1941,30,4,14.00,25801.16,0.06,0.08,N,O,1996-05-22,1996-08-02,1996-06-03,DELIVER IN PERSON,REG AIR,s sleep quickly
50150-5,50150,952,21,5,27.00,50029.65,0.04,0.04,N,O,1996-08-19,1996-07-20,1996-09-10,COLLECT COD,SHIP,ithes. fluffily idle accounts
50150-6,50150,1590,91,6,22.00,32814.98,0.07,0.03,N,O,1996-07-10,1996-06-24,1996-08-06,TAKE BACK RETURN,SHIP,refully final deposits. furious
50150-7,50150,698,99,7,15.00,23980.35,0.08,0.07,N,O,1996-06-14,1996-08-07,1996-06-24,COLLECT COD,MAIL,ffily about
50151-1,50151,1290,28,1,31.00,36929.99,0.09,0.00,N,O,1998-07-19,1998-07-05,1998-08-17,COLLECT COD,MAIL,s. express dependencies na
50151-2,50151,1031,32,2,34.00,31689.02,0.05,0.08,N,O,1998-08-29,1998-07-19,1998-09-06,TAKE BACK RETURN,AIR,"bold accounts sleep special, final accou"
50151-3,50151,1350,89,3,2.00,2502.70,0.03,0.03,N,O,1998-05-17,1998-08-06,1998-06-08,NONE,FOB,ages affix evenly fluffi
50151-4,50151,106,7,4,43.00,43262.30,0.10,0.06,N,O,1998-08-28,1998-07-10,1998-09-22,COLLECT COD,TRUCK,ts lose carefully. carefully 
50151-5,50151,1498,77,5,45.00,62977.05,0.03,0.08,N,O,1998-08-24,1998-06-09,1998-09-23,NONE,MAIL,e blithely along the ir
50176-1,50176,1413,14,1,8.00,10515.28,0.04,0.02,R,F,1993-03-02,1993-05-22,1993-03-15,NONE,MAIL,ular accounts are carefully about the f
50176-2,50176,378,7,2,9.00,11505.33,0.00,0.08,A,F,1993-05-16,1993-05-26,1993-05-29,DELIVER IN PERSON,RAIL,uriously reg
50176-3,50176,846,13,3,19.00,33189.96,0.10,0.05,A,F,1993-03-11,1993-04-26,1993-03-17,TAKE BACK RETURN,TRUCK,against the slyly pending accounts haggle
50176-4,50176,868,68,4,4.00,7075.44,0.10,0.06,R,F,1993-03-31,1993-04-14,1993-04-23,DELIVER IN PERSON,AIR,ost even theodoli
50177-1,50177,336,37,1,19.00,23490.27,0.08,0.08,N,O,1998-05-09,1998-05-07,1998-05-12,TAKE BACK RETURN,FOB,uctions; slyly bold instructions sleep f
50177-2,50177,1662,63,2,7.00,10945.62,0.04,0.06,N,O,1998-05-17,1998-05-26,1998-06-16,DELIVER IN PERSON,FOB,ly. sometimes fina
50177-3,50177,709,42,3,4.00,6438.80,0.07,0.05,N,O,1998-04-16,1998-05-04,1998-04-29,COLLECT COD,RAIL,y pending courts along the quickly pending
50177-4,50177,1705,48,4,16.00,25707.20,0.09,0.07,N,O,1998-04-02,1998-05-09,1998-04-29,COLLECT COD,MAIL, the slyly dogged packages sleep blithely e
50177-5,50177,202,30,5,31.00,34168.20,0.05,0.07,N,O,1998-05-30,1998-05-18,1998-06-09,TAKE BACK RETURN,MAIL,onic accounts after the blithely 
50177-6,50177,1680,4,6,37.00,58522.16,0.05,0.05,N,O,1998-03-29,1998-04-16,1998-04-25,TAKE BACK RETURN,TRUCK,courts. express instructions haggle fluffil
50178-1,50178,253,8,1,39.00,44976.75,0.05,0.08,R,F,1992-07-26,1992-06-07,1992-07-29,COLLECT COD,RAIL,ole according to the s
50179-1,50179,333,34,1,4.00,4933.32,0.00,0.01,N,O,1998-07-26,1998-05-21,1998-08-07,NONE,FOB,beans doubt alongside of 
50179-2,50179,1520,1,2,38.00,54017.76,0.06,0.01,N,O,1998-05-15,1998-06-01,1998-05-18,DELIVER IN PERSON,SHIP,s. regular courts boost despite
50179-3,50179,1451,91,3,18.00,24344.10,0.05,0.05,N,O,1998-04-23,1998-06-08,1998-04-24,DELIVER IN PERSON,AIR,"hes are bold, silent"
50179-4,50179,322,7,4,16.00,19557.12,0.08,0.07,N,O,1998-07-21,1998-06-19,1998-08-09,NONE,AIR,pendencies. fluffily fi
50180-1,50180,530,91,1,11.00,15735.83,0.04,0.00,R,F,1994-02-23,1994-01-14,1994-03-07,COLLECT COD,AIR,mpress slyly. c
50180-2,50180,1646,29,2,3.00,4642.92,0.05,0.02,A,F,1994-03-03,1993-12-15,1994-03-27,COLLECT COD,SHIP," special, regular dolphins a"
50180-3,50180,1235,36,3,12.00,13634.76,0.09,0.02,A,F,1994-02-19,1994-01-17,1994-02-28,NONE,SHIP, special pac
50180-4,50180,1364,79,4,45.00,56941.20,0.02,0.03,R,F,1993-11-09,1993-12-21,1993-11-15,COLLECT COD,TRUCK,"yly final foxes. regular, pending account"
50181-1,50181,284,39,1,23.00,27238.44,0.05,0.06,R,F,1992-09-08,1992-08-06,1992-09-29,COLLECT COD,REG AIR,"ole quickly. final, fin"
50181-2,50181,1641,83,2,29.00,44736.56,0.06,0.08,R,F,1992-09-27,1992-07-19,1992-09-30,COLLECT COD,TRUCK,along the blithely pending dolphins h
50181-3,50181,1615,16,3,45.00,68247.45,0.01,0.06,A,F,1992-07-25,1992-08-12,1992-08-24,NONE,REG AIR,hang courts. blithely close foxes sleep q
50181-4,50181,412,13,4,23.00,30185.43,0.03,0.01,R,F,1992-07-13,1992-08-08,1992-07-28,TAKE BACK RETURN,TRUCK,uriously express instr
50181-5,50181,71,47,5,13.00,12623.91,0.07,0.03,R,F,1992-09-05,1992-07-11,1992-09-27,DELIVER IN PERSON,AIR,ng the pending courts. final
50181-6,50181,1094,100,6,49.00,48759.41,0.03,0.06,A,F,1992-09-22,1992-08-20,1992-10-10,NONE,AIR,ackages around the packages are c
50182-1,50182,383,40,1,5.00,6416.90,0.05,0.05,N,O,1997-08-01,1997-08-31,1997-08-31,COLLECT COD,TRUCK,ironic requests haggle 
50182-2,50182,310,11,2,24.00,29047.44,0.10,0.02,N,O,1997-10-08,1997-09-25,1997-10-26,NONE,MAIL, thin packages sleep furiously. car
50182-3,50182,1435,75,3,40.00,53457.20,0.00,0.07,N,O,1997-09-06,1997-09-05,1997-09-24,DELIVER IN PERSON,RAIL,r platelets h
50183-1,50183,750,47,1,14.00,23110.50,0.06,0.02,A,F,1993-08-05,1993-07-27,1993-08-10,DELIVER IN PERSON,FOB, quickly after the fluffily daring depths. 
50183-2,50183,1798,41,2,34.00,57792.86,0.08,0.05,A,F,1993-06-02,1993-07-15,1993-06-21,NONE,SHIP,iously slyly fin
50183-3,50183,1908,97,3,9.00,16289.10,0.03,0.05,R,F,1993-08-01,1993-08-06,1993-08-30,COLLECT COD,REG AIR,ts haggle carefully a
50183-4,50183,660,23,4,10.00,15606.60,0.09,0.05,A,F,1993-09-19,1993-08-22,1993-09-22,COLLECT COD,AIR,ndencies sleep even excuses. always iro
50183-5,50183,1974,63,5,9.00,16883.73,0.04,0.01,A,F,1993-07-19,1993-07-07,1993-08-01,COLLECT COD,AIR,fter the sly
50183-6,50183,415,74,6,14.00,18415.74,0.00,0.01,R,F,1993-06-18,1993-07-27,1993-06-29,COLLECT COD,REG AIR,s against the slyly unusual p
50208-1,50208,155,82,1,32.00,33764.80,0.07,0.02,A,F,1995-04-06,1995-04-05,1995-05-01,COLLECT COD,SHIP,en packages: blithely bold requests haggle 
50208-2,50208,800,1,2,16.00,27212.80,0.00,0.06,A,F,1995-04-07,1995-03-04,1995-04-20,NONE,MAIL,excuses nag f
50208-3,50208,443,44,3,27.00,36272.88,0.03,0.02,A,F,1995-03-07,1995-04-08,1995-03-29,NONE,AIR,inal foxes b
50208-4,50208,1230,42,4,32.00,36199.36,0.02,0.02,A,F,1995-03-24,1995-03-18,1995-04-12,COLLECT COD,TRUCK,special deposits. fluffy excuses are. 
50208-5,50208,1342,81,5,48.00,59680.32,0.09,0.07,A,F,1995-01-31,1995-04-02,1995-02-21,NONE,TRUCK,cajole blithely of the furi
50209-1,50209,118,19,1,24.00,24434.64,0.00,0.04,A,F,1993-10-19,1993-10-29,1993-11-12,TAKE BACK RETURN,SHIP,l foxes cajole carefully across the furio
50209-2,50209,1629,53,2,21.00,32143.02,0.07,0.01,R,F,1993-12-20,1993-10-27,1994-01-14,TAKE BACK RETURN,MAIL,the foxes try 
50209-3,50209,1302,17,3,33.00,39708.90,0.05,0.03,R,F,1993-10-29,1993-10-28,1993-11-11,COLLECT COD,MAIL,otes. enticing i
50209-4,50209,1247,48,4,27.00,31002.48,0.07,0.08,A,F,1993-10-26,1993-11-28,1993-11-12,COLLECT COD,AIR,ajole fluffily
50209-5,50209,235,36,5,34.00,38597.82,0.02,0.04,A,F,1993-12-25,1993-12-03,1993-12-31,DELIVER IN PERSON,AIR,furiously special id
50209-6,50209,1379,56,6,49.00,62738.13,0.10,0.00,R,F,1993-11-30,1993-11-22,1993-12-15,COLLECT COD,TRUCK, cajole about the carefully ir
50209-7,50209,1404,22,7,9.00,11748.60,0.01,0.08,R,F,1993-10-28,1993-11-04,1993-11-23,DELIVER IN PERSON,REG AIR,"nal, thin excuses sleep carefully dep"
50210-1,50210,361,62,1,25.00,31534.00,0.06,0.05,R,F,1993-11-11,1993-09-28,1993-12-03,DELIVER IN PERSON,MAIL,ts are furiously. ideas haggle quickly a
50210-2,50210,1600,1,2,1.00,1501.60,0.10,0.05,R,F,1993-10-07,1993-09-01,1993-10-11,DELIVER IN PERSON,TRUCK,ld pinto beans. deposits run carefully fur
50210-3,50210,153,80,3,3.00,3159.45,0.05,0.07,A,F,1993-08-12,1993-08-30,1993-08-22,COLLECT COD,TRUCK, dazzle? carefully regular dinos
50210-4,50210,1070,6,4,14.00,13594.98,0.02,0.08,A,F,1993-10-25,1993-09-10,1993-10-29,DELIVER IN PERSON,SHIP,es! furiously special dolphins nag! ironic
50210-5,50210,830,64,5,43.00,74425.69,0.03,0.05,R,F,1993-11-10,1993-10-02,1993-11-22,DELIVER IN PERSON,RAIL, above the 
50210-6,50210,80,56,6,35.00,34302.80,0.03,0.06,R,F,1993-08-31,1993-10-06,1993-09-09,DELIVER IN PERSON,TRUCK,"ies. regular, even "
50210-7,50210,763,28,7,38.00,63222.88,0.02,0.08,R,F,1993-08-26,1993-09-03,1993-09-10,DELIVER IN PERSON,TRUCK,g. express requests sleep-
50211-1,50211,1865,66,1,17.00,30036.62,0.02,0.04,N,O,1997-01-14,1996-12-20,1997-01-20,TAKE BACK RETURN,MAIL,luffily even ideas. fina
50211-2,50211,976,77,2,16.00,30031.52,0.02,0.07,N,O,1997-02-17,1996-12-19,1997-03-15,COLLECT COD,TRUCK,s wake among the s
50211-3,50211,643,6,3,36.00,55571.04,0.09,0.02,N,O,1996-12-02,1997-01-25,1996-12-21,DELIVER IN PERSON,REG AIR,after the final deposits nag instructio
50211-4,50211,838,5,4,13.00,22604.79,0.06,0.07,N,O,1997-01-10,1997-01-07,1997-01-27,DELIVER IN PERSON,TRUCK,the furiously pending platelets. express pi
50212-1,50212,282,64,1,33.00,39015.24,0.04,0.07,N,O,1997-10-20,1997-11-06,1997-11-19,COLLECT COD,RAIL,ains wake 
50212-2,50212,1884,85,2,19.00,33931.72,0.04,0.05,N,O,1997-11-22,1997-11-21,1997-11-26,NONE,AIR,ts wake blithely against the account
50212-3,50212,516,17,3,10.00,14165.10,0.00,0.00,N,O,1997-10-18,1997-11-05,1997-10-25,TAKE BACK RETURN,AIR,ng to the blithely fi
50212-4,50212,250,51,4,18.00,20704.50,0.03,0.03,N,O,1997-12-01,1997-10-13,1997-12-18,DELIVER IN PERSON,REG AIR,riously. carefully final requests sleep fl
50213-1,50213,811,11,1,49.00,83878.69,0.01,0.00,N,O,1997-09-22,1997-08-18,1997-10-22,TAKE BACK RETURN,TRUCK,s boost slyly above the blithely un
50213-2,50213,93,44,2,9.00,8937.81,0.01,0.05,N,O,1997-09-14,1997-09-06,1997-09-27,NONE,RAIL,lar foxes wake alon
50213-3,50213,1337,76,3,14.00,17336.62,0.02,0.00,N,O,1997-07-20,1997-08-26,1997-07-27,COLLECT COD,AIR,lly express
50213-4,50213,543,44,4,32.00,46193.28,0.05,0.06,N,O,1997-07-06,1997-08-06,1997-07-07,TAKE BACK RETURN,RAIL,its sleep quickly bold at
50213-5,50213,776,77,5,28.00,46949.56,0.04,0.01,N,O,1997-08-19,1997-07-21,1997-08-22,COLLECT COD,FOB,al packages.
50213-6,50213,1546,67,6,29.00,41978.66,0.01,0.04,N,O,1997-09-08,1997-08-20,1997-09-14,TAKE BACK RETURN,MAIL,es. carefully final deposits haggle af
50213-7,50213,1351,52,7,49.00,61365.15,0.03,0.07,N,O,1997-08-20,1997-08-09,1997-09-16,DELIVER IN PERSON,AIR,sleep caref
50214-1,50214,7,33,1,47.00,42629.00,0.04,0.08,A,F,1994-08-31,1994-07-23,1994-09-12,NONE,MAIL,"final, careful theodolites. "
50214-2,50214,959,94,2,21.00,39058.95,0.07,0.03,A,F,1994-10-03,1994-08-07,1994-10-08,NONE,TRUCK,uickly regular asymptotes
50214-3,50214,1955,88,3,15.00,27854.25,0.05,0.02,A,F,1994-09-12,1994-08-19,1994-09-29,DELIVER IN PERSON,SHIP, do unwind blithely about
50214-4,50214,336,21,4,23.00,28435.59,0.10,0.02,R,F,1994-07-08,1994-07-22,1994-08-05,COLLECT COD,SHIP,posits nag among the busily regular the
50214-5,50214,328,57,5,1.00,1228.32,0.06,0.07,R,F,1994-09-10,1994-09-15,1994-09-21,NONE,FOB,ts after the slyly express theodoli
50214-6,50214,844,45,6,21.00,36641.64,0.00,0.07,R,F,1994-07-19,1994-08-03,1994-07-31,DELIVER IN PERSON,REG AIR,ounts. carefully special d
50214-7,50214,1905,6,7,41.00,74082.90,0.02,0.03,A,F,1994-10-06,1994-08-30,1994-10-23,COLLECT COD,AIR,nic packages are blithely
50215-1,50215,1550,51,1,44.00,63868.20,0.01,0.06,N,O,1996-06-15,1996-07-11,1996-06-30,NONE,FOB, dolphins wake fluffily. quickly express 
50240-1,50240,1903,36,1,13.00,23463.70,0.05,0.06,R,F,1992-04-03,1992-05-04,1992-04-25,TAKE BACK RETURN,SHIP,yly. furiously final foxes c
50241-1,50241,485,44,1,24.00,33251.52,0.09,0.04,N,O,1998-03-19,1998-02-25,1998-04-14,DELIVER IN PERSON,SHIP,ely special requests use a
50241-2,50241,1663,64,2,20.00,31293.20,0.04,0.08,N,O,1998-01-25,1998-02-03,1998-02-11,NONE,REG AIR,ans sleep slyly regular ideas. carefu
50241-3,50241,317,46,3,31.00,37736.61,0.01,0.05,N,O,1998-04-17,1998-01-24,1998-04-24,NONE,SHIP,ronic accounts haggle closely above the ir
50241-4,50241,1497,98,4,10.00,13984.90,0.04,0.06,N,O,1998-01-25,1998-01-31,1998-02-17,NONE,AIR,hely even accounts sleep pack
50241-5,50241,988,57,5,6.00,11333.88,0.05,0.07,N,O,1998-03-05,1998-03-05,1998-03-25,COLLECT COD,SHIP,rding to the 
50241-6,50241,43,94,6,12.00,11316.48,0.09,0.04,N,O,1998-01-08,1998-02-18,1998-01-14,COLLECT COD,MAIL,ecial packages. unusual requests instead of
50241-7,50241,1495,96,7,3.00,4189.47,0.04,0.00,N,O,1998-01-25,1998-02-15,1998-01-31,DELIVER IN PERSON,REG AIR,"equests. ironic, ironic accounts are fluf"
50242-1,50242,70,21,1,36.00,34922.52,0.06,0.06,A,F,1993-07-27,1993-10-02,1993-08-23,TAKE BACK RETURN,SHIP, packages. furiously daring i
50242-2,50242,154,81,2,17.00,17920.55,0.05,0.08,R,F,1993-08-10,1993-09-03,1993-09-05,TAKE BACK RETURN,FOB,uests; regular accounts poach furi
50242-3,50242,166,67,3,9.00,9595.44,0.10,0.07,A,F,1993-11-10,1993-09-28,1993-11-13,TAKE BACK RETURN,AIR,lyly. carefully regular packages nag
50242-4,50242,551,12,4,21.00,30482.55,0.01,0.07,R,F,1993-08-23,1993-09-15,1993-09-05,COLLECT COD,FOB,st the requests? some
50242-5,50242,126,27,5,24.00,24626.88,0.07,0.04,R,F,1993-08-16,1993-10-15,1993-09-15,NONE,TRUCK,ts. blithely unusual epitaphs cajole blith
50242-6,50242,1043,14,6,20.00,18880.80,0.06,0.03,A,F,1993-11-01,1993-09-23,1993-11-23,DELIVER IN PERSON,RAIL,refully regular deposits hang around the
50242-7,50242,1257,32,7,8.00,9266.00,0.00,0.04,A,F,1993-10-15,1993-09-07,1993-11-08,TAKE BACK RETURN,SHIP,lly. carefully even packages try 
50243-1,50243,370,55,1,46.00,58437.02,0.04,0.01,R,F,1994-12-27,1994-11-30,1995-01-16,TAKE BACK RETURN,REG AIR,press accounts wake. packages 
50244-1,50244,135,88,1,27.00,27948.51,0.06,0.05,A,F,1992-07-28,1992-08-27,1992-08-20,DELIVER IN PERSON,RAIL,riously final sauternes. regu
50245-1,50245,1618,1,1,19.00,28872.59,0.10,0.01,N,O,1996-02-03,1996-02-04,1996-02-19,NONE,AIR,ular foxes above the blithely quiet deposi
50245-2,50245,574,35,2,48.00,70779.36,0.05,0.04,N,O,1996-01-01,1996-03-22,1996-01-21,NONE,MAIL,ts engage across the carefully regular pa
50245-3,50245,1195,32,3,12.00,13154.28,0.06,0.05,N,O,1996-01-21,1996-02-10,1996-02-08,COLLECT COD,SHIP,pending accounts sleep. special pac
50245-4,50245,804,4,4,11.00,18752.80,0.09,0.08,N,O,1996-03-21,1996-01-30,1996-03-24,DELIVER IN PERSON,MAIL, busy requests sublate. ironic a
50245-5,50245,1547,68,5,40.00,57941.60,0.09,0.03,N,O,1996-04-09,1996-03-24,1996-04-24,DELIVER IN PERSON,AIR, slyly. blithely even foxes
50246-1,50246,1665,48,1,49.00,76766.34,0.06,0.08,R,F,1993-11-22,1993-10-18,1993-12-09,NONE,TRUCK,ironic dependencies. bo
50246-2,50246,1233,45,2,44.00,49906.12,0.04,0.05,R,F,1993-08-29,1993-10-12,1993-09-02,COLLECT COD,TRUCK,apades boost ironic theodoli
50246-3,50246,131,84,3,48.00,49494.24,0.10,0.00,A,F,1993-12-05,1993-10-08,1993-12-19,TAKE BACK RETURN,FOB,lowly. blithely unusual t
50246-4,50246,122,23,4,42.00,42929.04,0.07,0.07,R,F,1993-10-29,1993-10-03,1993-11-02,COLLECT COD,FOB,uriously final Tiresias slee
50247-1,50247,138,91,1,35.00,36334.55,0.03,0.05,N,O,1996-02-05,1996-03-09,1996-02-21,TAKE BACK RETURN,AIR,riously abo
50247-2,50247,1260,61,2,24.00,27870.24,0.03,0.01,N,O,1996-05-25,1996-03-22,1996-06-16,COLLECT COD,SHIP,t the blithely regular deposits. qu
50247-3,50247,1327,4,3,1.00,1228.32,0.07,0.01,N,O,1996-02-04,1996-03-29,1996-02-05,TAKE BACK RETURN,SHIP,about the slyly even 
50247-4,50247,1936,69,4,13.00,23893.09,0.02,0.01,N,O,1996-04-06,1996-04-07,1996-04-30,TAKE BACK RETURN,REG AIR,en dolphins. sly theodolites along the qui
50272-1,50272,667,68,1,1.00,1567.66,0.06,0.01,A,F,1994-01-11,1993-11-21,1994-02-01,TAKE BACK RETURN,FOB, slyly regular e
50272-2,50272,233,88,2,22.00,24931.06,0.09,0.04,R,F,1993-11-24,1993-12-07,1993-12-16,TAKE BACK RETURN,FOB,ckages nod furiously
50272-3,50272,356,41,3,5.00,6281.75,0.06,0.07,R,F,1993-12-02,1993-11-04,1993-12-06,DELIVER IN PERSON,SHIP, ironic deposits. permanent accounts ha
50272-4,50272,1732,59,4,39.00,63715.47,0.00,0.07,A,F,1993-12-05,1993-11-01,1993-12-30,DELIVER IN PERSON,RAIL,"ent, regular requests should have to r"
50273-1,50273,150,29,1,9.00,9451.35,0.10,0.05,A,F,1994-05-26,1994-07-01,1994-06-13,DELIVER IN PERSON,FOB,ffily according to the id
50274-1,50274,538,99,1,20.00,28770.60,0.02,0.07,N,O,1996-03-07,1996-02-26,1996-03-11,DELIVER IN PERSON,REG AIR,fluffily even ideas! express dolphins c
50274-2,50274,820,21,2,3.00,5162.46,0.07,0.08,N,O,1996-02-25,1996-04-07,1996-03-11,TAKE BACK RETURN,SHIP,inal courts nag ironic de
50274-3,50274,1449,89,3,17.00,22957.48,0.00,0.04,N,O,1996-04-04,1996-03-25,1996-04-14,COLLECT COD,RAIL,kages. furiously ironic depo
50274-4,50274,1401,41,4,46.00,59910.40,0.01,0.08,N,O,1996-03-09,1996-04-02,1996-03-16,TAKE BACK RETURN,RAIL,s. carefully unusual instructions across 
50274-5,50274,681,44,5,49.00,77502.32,0.09,0.01,N,O,1996-05-12,1996-03-05,1996-05-24,TAKE BACK RETURN,RAIL,slyly unusual deposits boost. fluf
50275-1,50275,292,20,1,35.00,41730.15,0.10,0.04,R,F,1994-12-11,1995-02-06,1994-12-15,COLLECT COD,TRUCK,lyly. ironic packages sl
50275-2,50275,849,83,2,13.00,22747.92,0.07,0.01,A,F,1995-04-04,1995-01-11,1995-04-15,DELIVER IN PERSON,AIR,are furiously aroun
50275-3,50275,573,74,3,14.00,20629.98,0.00,0.07,R,F,1995-04-05,1995-02-11,1995-05-05,TAKE BACK RETURN,REG AIR,le alongside of the slyly 
50275-4,50275,103,56,4,2.00,2006.20,0.06,0.07,A,F,1995-01-11,1995-02-25,1995-02-01,COLLECT COD,REG AIR, along the iro
50275-5,50275,969,70,5,16.00,29919.36,0.04,0.01,A,F,1995-03-20,1995-01-06,1995-03-30,COLLECT COD,RAIL,tructions nag slyly caref
50275-6,50275,744,41,6,13.00,21381.62,0.05,0.08,A,F,1995-02-08,1995-02-20,1995-02-11,TAKE BACK RETURN,TRUCK,ackages across the furiously ironi
50276-1,50276,1179,52,1,39.00,42126.63,0.07,0.06,R,F,1995-05-16,1995-04-21,1995-06-02,COLLECT COD,MAIL,r pinto beans haggle fluffi
50276-2,50276,1686,87,2,4.00,6350.72,0.00,0.03,A,F,1995-02-24,1995-04-14,1995-03-15,DELIVER IN PERSON,FOB,oach over the slyly reg
50276-3,50276,1351,90,3,32.00,40075.20,0.04,0.08,A,F,1995-05-21,1995-03-21,1995-05-26,TAKE BACK RETURN,REG AIR,efully bold deposits haggle furious
50277-1,50277,1256,57,1,24.00,27774.00,0.03,0.07,R,F,1995-01-01,1995-01-19,1995-01-12,DELIVER IN PERSON,AIR,ias x-ray fu
50277-2,50277,855,56,2,13.00,22826.05,0.04,0.01,R,F,1994-11-25,1994-12-07,1994-12-20,DELIVER IN PERSON,RAIL,kly bold decoys about the even requests 
50277-3,50277,762,27,3,49.00,81475.24,0.04,0.07,A,F,1994-12-08,1994-11-30,1994-12-26,TAKE BACK RETURN,RAIL,thely ironic pinto beans.
50277-4,50277,1377,54,4,20.00,25567.40,0.05,0.00,R,F,1994-12-15,1995-01-02,1995-01-06,TAKE BACK RETURN,SHIP,quickly regular requests boost a
50278-1,50278,1433,51,1,7.00,9341.01,0.09,0.04,R,F,1993-07-22,1993-07-02,1993-08-08,TAKE BACK RETURN,REG AIR,long the furiously ironic accoun
50278-2,50278,314,43,2,14.00,17000.34,0.04,0.01,R,F,1993-08-05,1993-08-06,1993-09-04,DELIVER IN PERSON,REG AIR,es haggle according to the furiously unu
50278-3,50278,569,70,3,39.00,57312.84,0.00,0.02,R,F,1993-07-30,1993-07-15,1993-08-22,COLLECT COD,REG AIR,mong the slyly even foxes.
50279-1,50279,832,32,1,44.00,76244.52,0.04,0.05,R,F,1994-12-10,1995-01-07,1994-12-23,TAKE BACK RETURN,SHIP,onic deposits wake above the platelets. reg
50279-2,50279,1879,9,2,4.00,7123.48,0.08,0.02,R,F,1995-02-09,1995-02-03,1995-03-04,COLLECT COD,FOB,lyly regular a
50304-1,50304,72,48,1,27.00,26245.89,0.10,0.00,R,F,1993-04-04,1993-03-21,1993-04-07,NONE,RAIL,yly. slyly regular p
50304-2,50304,272,100,2,48.00,56268.96,0.07,0.06,R,F,1993-04-09,1993-04-08,1993-04-16,TAKE BACK RETURN,SHIP, unusual pinto beans haggle across the c
50304-3,50304,1848,49,3,14.00,24497.76,0.06,0.01,A,F,1993-02-23,1993-03-19,1993-03-21,DELIVER IN PERSON,SHIP,y carefully final foxes. carefull
50305-1,50305,1557,38,1,27.00,39380.85,0.00,0.07,A,F,1994-03-12,1994-05-01,1994-03-18,TAKE BACK RETURN,AIR,regular acco
50305-2,50305,1996,97,2,42.00,79715.58,0.02,0.00,A,F,1994-03-01,1994-03-16,1994-03-19,TAKE BACK RETURN,SHIP,"even, stealthy requests are above"
50306-1,50306,632,33,1,7.00,10728.41,0.08,0.01,N,O,1995-07-13,1995-06-22,1995-08-07,TAKE BACK RETURN,SHIP,blithely special frets print care
50306-2,50306,1330,31,2,7.00,8619.31,0.00,0.08,N,O,1995-09-12,1995-07-25,1995-09-26,DELIVER IN PERSON,TRUCK,ully deposits. ironically final warth
50306-3,50306,89,65,3,24.00,23737.92,0.10,0.04,N,O,1995-07-25,1995-08-06,1995-08-20,NONE,AIR,arefully. furiously pending ideas sleep
50307-1,50307,1895,25,1,15.00,26953.35,0.03,0.05,R,F,1993-12-24,1993-12-27,1994-01-03,DELIVER IN PERSON,AIR, maintain about the slyl
50307-2,50307,762,59,2,35.00,58196.60,0.07,0.00,R,F,1993-11-25,1993-12-23,1993-12-24,NONE,TRUCK,kages about the furiously iron
50307-3,50307,1935,68,3,40.00,73477.20,0.10,0.01,R,F,1993-11-03,1994-01-06,1993-12-01,TAKE BACK RETURN,AIR,gle slyly ironic grouches. furiously regul
50307-4,50307,810,77,4,20.00,34216.20,0.09,0.07,A,F,1993-12-31,1993-12-29,1994-01-01,COLLECT COD,REG AIR, use evenly outside the furio
50307-5,50307,824,91,5,43.00,74167.26,0.07,0.06,A,F,1994-01-30,1993-12-19,1994-02-05,COLLECT COD,FOB,s kindle q
50307-6,50307,85,61,6,1.00,985.08,0.10,0.05,R,F,1993-11-23,1993-12-23,1993-11-29,COLLECT COD,SHIP, packages.
50307-7,50307,98,74,7,2.00,1996.18,0.01,0.05,R,F,1993-11-04,1993-11-25,1993-11-25,COLLECT COD,FOB,its sleep blithely express braid
50308-1,50308,1599,20,1,5.00,7502.95,0.08,0.03,R,F,1993-01-04,1992-12-26,1993-01-18,COLLECT COD,SHIP,ly bold accounts! carefully special idea
50308-2,50308,760,57,2,16.00,26572.16,0.03,0.08,R,F,1992-10-27,1993-01-11,1992-11-08,NONE,SHIP,hily final p
50308-3,50308,932,33,3,34.00,62319.62,0.07,0.03,R,F,1993-01-18,1992-12-28,1993-02-13,DELIVER IN PERSON,FOB,ise regularly. slyly
50308-4,50308,217,18,4,29.00,32399.09,0.02,0.01,A,F,1992-12-14,1992-12-01,1993-01-04,COLLECT COD,MAIL,cajole slyly b
50308-5,50308,1708,51,5,29.00,46681.30,0.01,0.03,A,F,1993-01-05,1993-01-01,1993-01-18,DELIVER IN PERSON,REG AIR,kly unusual accounts. de
50308-6,50308,1553,94,6,18.00,26181.90,0.07,0.08,R,F,1992-12-05,1992-11-18,1992-12-27,DELIVER IN PERSON,REG AIR,ironic packages. regular deposi
50308-7,50308,8,9,7,21.00,19068.00,0.09,0.08,A,F,1992-12-24,1993-01-01,1993-01-21,DELIVER IN PERSON,RAIL,onic ideas sleep furiously bl
50309-1,50309,452,53,1,5.00,6762.25,0.02,0.07,A,F,1995-05-10,1995-05-24,1995-05-20,TAKE BACK RETURN,AIR,at carefully. blit
50309-2,50309,183,10,2,48.00,51992.64,0.01,0.02,N,O,1995-06-23,1995-05-27,1995-07-09,TAKE BACK RETURN,RAIL, according to the even asymptotes. ironic
50309-3,50309,114,15,3,35.00,35493.85,0.00,0.01,R,F,1995-03-25,1995-04-23,1995-04-06,NONE,MAIL,ose. expre
50310-1,50310,133,34,1,8.00,8265.04,0.08,0.08,R,F,1994-09-16,1994-09-18,1994-09-21,TAKE BACK RETURN,RAIL,he deposits along the carefully
50310-2,50310,319,4,2,29.00,35359.99,0.07,0.07,A,F,1994-10-31,1994-10-28,1994-11-28,COLLECT COD,FOB,sleep slyly permanently pending
50310-3,50310,55,56,3,47.00,44887.35,0.01,0.04,A,F,1994-11-18,1994-11-14,1994-12-15,COLLECT COD,REG AIR,"al, regular requests wake carefully final, "
50310-4,50310,1864,65,4,41.00,72400.26,0.02,0.05,R,F,1994-08-28,1994-10-08,1994-09-11,COLLECT COD,FOB,y final deposits are blithely across
50310-5,50310,665,66,5,43.00,67323.38,0.02,0.00,A,F,1994-11-01,1994-11-13,1994-11-07,DELIVER IN PERSON,SHIP,s haggle ruthlessly slyly ironic courts
50310-6,50310,1581,62,6,24.00,35581.92,0.02,0.07,A,F,1994-12-10,1994-09-17,1995-01-09,DELIVER IN PERSON,FOB,ending accounts alongside of the fluf
50310-7,50310,1651,75,7,8.00,12421.20,0.06,0.04,A,F,1994-11-07,1994-10-18,1994-11-29,TAKE BACK RETURN,TRUCK,row final excuses. furiously r
50311-1,50311,283,65,1,33.00,39048.24,0.03,0.05,N,O,1996-04-20,1996-05-07,1996-05-12,TAKE BACK RETURN,MAIL,usly permanent instructions. quickly i
50311-2,50311,859,26,2,49.00,86232.65,0.09,0.03,N,O,1996-03-01,1996-04-01,1996-03-23,NONE,TRUCK,s nag carefully permanent accounts. fluf
50311-3,50311,391,76,3,50.00,64569.50,0.10,0.06,N,O,1996-02-23,1996-04-15,1996-03-14,TAKE BACK RETURN,TRUCK,. slyly iro
50311-4,50311,1468,8,4,49.00,67103.54,0.08,0.04,N,O,1996-03-28,1996-03-20,1996-04-20,TAKE BACK RETURN,FOB,sits are beh
50311-5,50311,1635,77,5,8.00,12293.04,0.08,0.00,N,O,1996-04-19,1996-03-24,1996-05-17,COLLECT COD,MAIL,es against the unusual accounts h
50311-6,50311,574,65,6,40.00,58982.80,0.10,0.01,N,O,1996-05-21,1996-05-02,1996-06-07,COLLECT COD,RAIL, ironic dependenc
50336-1,50336,267,49,1,25.00,29181.50,0.10,0.02,A,F,1995-01-06,1994-12-23,1995-01-12,DELIVER IN PERSON,SHIP,ged gifts are slyly across the slyly ironi
50336-2,50336,1462,2,2,23.00,31359.58,0.00,0.08,A,F,1994-11-29,1994-12-29,1994-12-29,DELIVER IN PERSON,AIR,ding accounts. ironic acco
50336-3,50336,597,98,3,32.00,47922.88,0.05,0.05,A,F,1995-01-23,1994-12-10,1995-02-09,DELIVER IN PERSON,SHIP,sly even acco
50337-1,50337,802,36,1,48.00,81734.40,0.02,0.00,R,F,1994-05-08,1994-05-30,1994-05-09,DELIVER IN PERSON,SHIP,s. quickly regular requests a
50337-2,50337,1786,71,2,4.00,6751.12,0.07,0.00,R,F,1994-04-19,1994-05-26,1994-05-17,DELIVER IN PERSON,RAIL,"pinto beans. final, furious "
50337-3,50337,1840,70,3,5.00,8709.20,0.08,0.01,A,F,1994-07-24,1994-05-18,1994-08-05,NONE,FOB,try to sleep. slyly silent requ
50337-4,50337,1468,69,4,7.00,9586.22,0.04,0.02,A,F,1994-07-16,1994-05-17,1994-08-15,NONE,TRUCK,nent theodolites b
50337-5,50337,1467,46,5,18.00,24632.28,0.01,0.08,R,F,1994-05-03,1994-06-07,1994-05-19,DELIVER IN PERSON,SHIP,he silent platelets. furiousl
50337-6,50337,1599,40,6,41.00,61524.19,0.04,0.07,A,F,1994-08-14,1994-06-03,1994-09-13,COLLECT COD,FOB,l packages. 
50338-1,50338,1604,87,1,7.00,10539.20,0.06,0.03,A,F,1994-03-28,1994-04-29,1994-04-16,NONE,REG AIR,ic forges hinder carefully ca
50338-2,50338,1932,65,2,38.00,69689.34,0.02,0.00,R,F,1994-04-02,1994-05-28,1994-04-30,COLLECT COD,SHIP,to beans boost doggedly ab
50339-1,50339,1389,90,1,28.00,36130.64,0.00,0.05,R,F,1994-02-23,1994-02-21,1994-03-23,COLLECT COD,REG AIR,nticingly even deposit
50339-2,50339,740,5,2,23.00,37737.02,0.00,0.07,A,F,1994-01-29,1994-03-02,1994-02-06,NONE,RAIL,rs are. carefully bold accounts af
50339-3,50339,1651,75,3,18.00,27947.70,0.02,0.01,A,F,1994-01-22,1994-03-04,1994-02-19,COLLECT COD,RAIL,ons. fluffily unusual deposits haggl
50340-1,50340,778,79,1,40.00,67150.80,0.00,0.08,N,O,1997-04-18,1997-03-01,1997-05-05,COLLECT COD,TRUCK, carefully abo
50340-2,50340,36,87,2,41.00,38377.23,0.07,0.04,N,O,1997-03-11,1997-03-19,1997-03-15,COLLECT COD,TRUCK, thin requests. express theodolites 
50340-3,50340,1220,21,3,12.00,13454.64,0.05,0.06,N,O,1997-04-07,1997-03-06,1997-04-13,DELIVER IN PERSON,AIR,of the furiou
50340-4,50340,1852,53,4,49.00,85938.65,0.02,0.00,N,O,1997-01-17,1997-03-07,1997-02-14,NONE,RAIL,"ronic, fluffy ideas cajole fur"
50340-5,50340,1778,5,5,8.00,13438.16,0.06,0.07,N,O,1997-04-07,1997-02-22,1997-04-18,TAKE BACK RETURN,TRUCK,ularly bold deposits. slyly silent packages
50340-6,50340,1341,18,6,48.00,59632.32,0.09,0.08,N,O,1997-03-30,1997-02-22,1997-04-10,DELIVER IN PERSON,AIR, unusual i
50340-7,50340,1999,88,7,21.00,39920.79,0.03,0.06,N,O,1997-03-01,1997-04-03,1997-03-26,COLLECT COD,FOB,ial dolphins. 
50341-1,50341,595,86,1,43.00,64310.37,0.09,0.06,N,O,1998-04-16,1998-05-01,1998-05-08,COLLECT COD,SHIP,escapades. packages detect blithely ar
50342-1,50342,722,23,1,2.00,3245.44,0.00,0.06,A,F,1994-12-13,1994-12-07,1994-12-24,DELIVER IN PERSON,TRUCK,sual foxes alongside of th
50342-2,50342,1100,36,2,18.00,18019.80,0.10,0.08,R,F,1994-12-27,1995-01-22,1995-01-18,TAKE BACK RETURN,SHIP,cial dependencies. quickly 
50342-3,50342,491,21,3,2.00,2782.98,0.07,0.00,A,F,1994-11-12,1994-12-04,1994-11-18,NONE,SHIP, sauternes. slyly 
50342-4,50342,718,15,4,45.00,72841.95,0.02,0.07,A,F,1995-02-01,1994-12-23,1995-02-17,DELIVER IN PERSON,SHIP,ilent dependenci
50342-5,50342,700,32,5,29.00,46420.30,0.09,0.04,R,F,1994-11-12,1994-12-20,1994-12-06,DELIVER IN PERSON,SHIP,s. carefully
50342-6,50342,1858,2,6,31.00,54555.35,0.06,0.04,A,F,1994-12-28,1995-01-20,1995-01-15,TAKE BACK RETURN,FOB,s detect slyly. request
50343-1,50343,173,26,1,32.00,34341.44,0.06,0.05,N,O,1998-07-12,1998-06-06,1998-07-17,COLLECT COD,MAIL,ely pending 
50343-2,50343,378,7,2,24.00,30680.88,0.04,0.05,N,O,1998-05-17,1998-05-15,1998-06-11,COLLECT COD,SHIP,ackages. blith
50343-3,50343,1102,11,3,14.00,14043.40,0.05,0.00,N,O,1998-03-26,1998-05-12,1998-03-30,TAKE BACK RETURN,RAIL,tes sleep against the
50368-1,50368,1706,7,1,19.00,30546.30,0.04,0.04,R,F,1992-09-18,1992-10-01,1992-09-19,COLLECT COD,RAIL, blithely regular depths afte
50369-1,50369,685,86,1,45.00,71355.60,0.10,0.00,N,O,1998-05-23,1998-04-21,1998-06-09,TAKE BACK RETURN,TRUCK,". regular, even platelets cajole"
50369-2,50369,1358,73,2,3.00,3778.05,0.01,0.01,N,O,1998-04-04,1998-03-28,1998-04-22,COLLECT COD,REG AIR,instructions haggle quick
50369-3,50369,885,86,3,43.00,76792.84,0.05,0.02,N,O,1998-05-27,1998-04-10,1998-06-07,NONE,AIR,mptotes are. furiously express accounts alo
50369-4,50369,759,56,4,45.00,74688.75,0.02,0.04,N,O,1998-03-11,1998-04-29,1998-04-07,TAKE BACK RETURN,RAIL, cajole. final asympt
50369-5,50369,2000,89,5,9.00,8118.00,0.02,0.02,N,O,1998-02-16,1998-04-30,1998-03-04,DELIVER IN PERSON,AIR, sentiments haggle among th
50369-6,50369,1981,14,6,6.00,11297.88,0.05,0.07,N,O,1998-06-05,1998-04-08,1998-06-11,DELIVER IN PERSON,MAIL,oxes wake. blithely iron
50370-1,50370,1279,80,1,42.00,49571.34,0.10,0.03,R,F,1993-02-17,1993-02-05,1993-03-17,NONE,AIR,ly furiously ironic braids. pinto beans
50370-2,50370,425,84,2,30.00,39762.60,0.02,0.01,A,F,1993-02-15,1993-02-02,1993-03-16,COLLECT COD,MAIL,l dolphins. final 
50371-1,50371,1653,77,1,45.00,69959.25,0.04,0.08,R,F,1994-08-31,1994-09-19,1994-09-26,COLLECT COD,REG AIR, closely. slyly pendi
50371-2,50371,1048,84,2,8.00,7592.32,0.06,0.08,R,F,1994-09-30,1994-09-01,1994-10-27,DELIVER IN PERSON,RAIL,s after the slyly regular idea
50371-3,50371,1286,24,3,43.00,51053.04,0.03,0.06,R,F,1994-08-23,1994-08-15,1994-09-08,DELIVER IN PERSON,MAIL,ironic theodolites. ex
50371-4,50371,1624,7,4,1.00,1525.62,0.01,0.01,A,F,1994-10-17,1994-08-19,1994-11-13,NONE,SHIP, ideas. slyly final deposits 
50371-5,50371,1553,74,5,32.00,46545.60,0.05,0.07,A,F,1994-07-27,1994-09-21,1994-08-03,TAKE BACK RETURN,AIR,nto beans maintain unu
50372-1,50372,875,76,1,5.00,8879.35,0.08,0.00,N,O,1997-05-27,1997-04-24,1997-06-26,TAKE BACK RETURN,SHIP,ependencies. blithely regular packa
50372-2,50372,1095,66,2,34.00,33867.06,0.08,0.01,N,O,1997-04-07,1997-06-13,1997-04-23,NONE,FOB,hely special dependencies
50373-1,50373,1379,94,1,19.00,24327.03,0.02,0.01,R,F,1994-09-21,1994-08-20,1994-10-20,NONE,AIR, theodolites. furiously bold orbits be
50373-2,50373,1660,43,2,44.00,68713.04,0.01,0.05,R,F,1994-07-12,1994-09-15,1994-08-04,NONE,FOB,uickly even deposits. careful ideas boost 
50373-3,50373,1270,71,3,47.00,55049.69,0.02,0.07,A,F,1994-10-16,1994-09-24,1994-11-04,COLLECT COD,AIR,s wake about th
50373-4,50373,1044,50,4,45.00,42526.80,0.05,0.00,R,F,1994-07-10,1994-09-15,1994-07-16,NONE,SHIP,refully furious
50373-5,50373,1309,24,5,8.00,9682.40,0.09,0.08,R,F,1994-10-17,1994-09-28,1994-11-09,NONE,FOB, regular platelets
50373-6,50373,415,3,6,8.00,10523.28,0.00,0.04,R,F,1994-09-10,1994-08-25,1994-09-15,COLLECT COD,TRUCK, fluffily. furiously unusual ideas
50373-7,50373,1279,91,7,30.00,35408.10,0.08,0.01,R,F,1994-07-14,1994-10-01,1994-07-22,NONE,REG AIR,s may are quickly regular req
50374-1,50374,940,41,1,26.00,47864.44,0.00,0.05,R,F,1994-07-28,1994-07-02,1994-07-30,NONE,RAIL,al theodolites. careful
50374-2,50374,622,16,2,39.00,59382.18,0.05,0.08,A,F,1994-06-06,1994-07-23,1994-07-02,NONE,REG AIR,late above the q
50374-3,50374,1529,50,3,16.00,22888.32,0.03,0.06,R,F,1994-06-30,1994-08-28,1994-07-06,TAKE BACK RETURN,MAIL,d packages: de
50375-1,50375,3,79,1,36.00,32508.00,0.10,0.01,N,O,1996-09-15,1996-09-03,1996-09-24,NONE,MAIL,ng requests. pending dep
50375-2,50375,1416,56,2,5.00,6587.05,0.02,0.04,N,O,1996-08-15,1996-09-22,1996-09-13,DELIVER IN PERSON,REG AIR,ly final instructions. slyly regular
50375-3,50375,1069,75,3,35.00,33952.10,0.00,0.01,N,O,1996-11-04,1996-08-08,1996-11-27,COLLECT COD,FOB,eodolites wake rut
50375-4,50375,982,83,4,46.00,86617.08,0.02,0.06,N,O,1996-09-06,1996-08-19,1996-09-27,COLLECT COD,MAIL,iously final accounts. quick
50375-5,50375,1099,35,5,42.00,42003.78,0.08,0.08,N,O,1996-09-21,1996-09-29,1996-09-29,DELIVER IN PERSON,SHIP,lly final requests haggle. r
50400-1,50400,1519,100,1,28.00,39774.28,0.06,0.04,R,F,1992-09-10,1992-09-22,1992-09-20,NONE,AIR,ornis wake. pinto beans sleep slyly 
50400-2,50400,1107,44,2,45.00,45364.50,0.02,0.08,R,F,1992-09-19,1992-09-24,1992-10-18,TAKE BACK RETURN,REG AIR,"ar excuses. pending, "
50401-1,50401,168,95,1,23.00,24567.68,0.05,0.06,N,O,1998-01-14,1998-02-11,1998-02-08,NONE,RAIL, accounts are 
50402-1,50402,773,6,1,41.00,68624.57,0.10,0.03,N,O,1998-03-20,1998-02-22,1998-03-21,COLLECT COD,MAIL,sleep among the carefully even theodolites
50402-2,50402,159,12,2,17.00,18005.55,0.07,0.05,N,O,1998-03-15,1998-02-26,1998-04-01,TAKE BACK RETURN,SHIP,unusual pa
50402-3,50402,168,47,3,10.00,10681.60,0.07,0.04,N,O,1998-04-06,1998-01-20,1998-04-09,NONE,SHIP,ts above the
50402-4,50402,306,7,4,41.00,49458.30,0.01,0.01,N,O,1998-01-08,1998-03-05,1998-01-31,NONE,AIR,ular grouches! slyly regular packa
50402-5,50402,363,64,5,39.00,49271.04,0.02,0.03,N,O,1998-01-09,1998-02-26,1998-01-20,TAKE BACK RETURN,TRUCK,he carefully unusual pinto bean
50403-1,50403,1713,40,1,29.00,46826.59,0.04,0.04,A,F,1992-08-23,1992-07-04,1992-09-17,COLLECT COD,SHIP,r deposits sleep blithel
50403-2,50403,276,31,2,36.00,42345.72,0.06,0.00,R,F,1992-08-19,1992-07-29,1992-09-14,COLLECT COD,SHIP,ly unusual platelets integrate furi
50403-3,50403,609,10,3,24.00,36230.40,0.02,0.05,A,F,1992-08-15,1992-08-04,1992-09-05,NONE,MAIL, pinto beans! unusual ide
50403-4,50403,83,9,4,15.00,14746.20,0.10,0.00,A,F,1992-09-10,1992-07-19,1992-09-24,DELIVER IN PERSON,REG AIR,o beans sleep according 
50403-5,50403,1374,13,5,18.00,22956.66,0.01,0.07,A,F,1992-08-06,1992-07-26,1992-08-22,NONE,TRUCK,y. carefully express ideas ag
50404-1,50404,75,76,1,38.00,37052.66,0.01,0.01,A,F,1995-05-14,1995-06-24,1995-05-24,TAKE BACK RETURN,AIR,"nic packages across the bold,"
50404-2,50404,1591,12,2,47.00,70151.73,0.10,0.04,A,F,1995-04-24,1995-06-17,1995-05-08,NONE,TRUCK,ts. blithely final dep
50404-3,50404,1388,3,3,7.00,9025.66,0.00,0.07,R,F,1995-05-10,1995-06-02,1995-05-23,DELIVER IN PERSON,REG AIR,posits. slyl
50404-4,50404,783,16,4,31.00,52197.18,0.03,0.00,R,F,1995-04-07,1995-05-30,1995-04-26,COLLECT COD,AIR, nod even pinto bean
50404-5,50404,89,90,5,34.00,33628.72,0.05,0.05,R,F,1995-04-05,1995-05-12,1995-04-22,COLLECT COD,AIR,ly regular 
50405-1,50405,577,78,1,37.00,54670.09,0.10,0.02,N,O,1995-08-29,1995-08-19,1995-09-24,NONE,REG AIR,nal asymptotes. blithely even a
50405-2,50405,880,80,2,50.00,89044.00,0.00,0.02,N,O,1995-09-03,1995-09-10,1995-09-22,COLLECT COD,REG AIR,ing pinto beans. 
50405-3,50405,1729,72,3,41.00,66859.52,0.10,0.02,N,O,1995-07-09,1995-09-30,1995-07-18,COLLECT COD,AIR, theodolites nag carefully along the
50405-4,50405,1675,99,4,16.00,25226.72,0.08,0.02,N,O,1995-09-30,1995-09-08,1995-10-16,TAKE BACK RETURN,FOB,ent ideas. blithely even deposits wake sl
50405-5,50405,375,4,5,10.00,12753.70,0.04,0.04,N,O,1995-07-24,1995-09-17,1995-07-28,DELIVER IN PERSON,MAIL,he quickly pending
50405-6,50405,1084,20,6,34.00,33492.72,0.07,0.01,N,O,1995-10-28,1995-09-03,1995-11-17,NONE,FOB,ironic foxes. packages wa
50406-1,50406,1640,82,1,29.00,44707.56,0.07,0.02,N,O,1996-01-22,1996-02-04,1996-02-14,DELIVER IN PERSON,FOB,ole against the final
50406-2,50406,1870,57,2,8.00,14174.96,0.08,0.00,N,O,1996-02-15,1996-03-08,1996-02-22,DELIVER IN PERSON,RAIL,inal foxes. slyly sly dolphins af
50407-1,50407,1798,25,1,49.00,83289.71,0.10,0.02,R,F,1993-08-26,1993-07-22,1993-08-28,TAKE BACK RETURN,RAIL,y dogged depos
50432-1,50432,1394,71,1,12.00,15544.68,0.00,0.03,A,F,1994-09-08,1994-08-24,1994-09-29,NONE,TRUCK,ies cajole carefully final accounts-- pa
50432-2,50432,715,16,2,6.00,9694.26,0.01,0.00,R,F,1994-10-04,1994-09-02,1994-10-07,COLLECT COD,MAIL,bout the furiously regu
50432-3,50432,349,78,3,49.00,61217.66,0.02,0.02,A,F,1994-07-03,1994-09-04,1994-07-08,DELIVER IN PERSON,MAIL,y final packages cajo
50432-4,50432,814,48,4,18.00,30866.58,0.05,0.01,R,F,1994-09-16,1994-07-15,1994-10-06,DELIVER IN PERSON,SHIP,slyly ironic requests h
50432-5,50432,1355,56,5,27.00,33921.45,0.05,0.07,A,F,1994-06-10,1994-09-06,1994-06-25,DELIVER IN PERSON,REG AIR," regular, bold ideas; expr"
50432-6,50432,1136,45,6,8.00,8297.04,0.01,0.03,R,F,1994-08-07,1994-08-29,1994-08-30,DELIVER IN PERSON,FOB,e furiously carefull
50433-1,50433,1366,5,1,49.00,62100.64,0.03,0.01,A,F,1992-04-25,1992-03-10,1992-05-07,DELIVER IN PERSON,SHIP, slyly alongside of the permanent
50433-2,50433,594,85,2,38.00,56794.42,0.10,0.07,R,F,1992-04-11,1992-03-06,1992-05-07,DELIVER IN PERSON,FOB,instructions ea
50433-3,50433,1987,20,3,19.00,35890.62,0.10,0.08,R,F,1992-04-29,1992-02-28,1992-05-08,DELIVER IN PERSON,MAIL,inally even accou
50433-4,50433,1379,56,4,20.00,25607.40,0.02,0.02,A,F,1992-01-24,1992-04-04,1992-02-06,COLLECT COD,MAIL,unts. quick deposits use
50433-5,50433,1674,75,5,50.00,78783.50,0.06,0.01,A,F,1992-03-22,1992-03-09,1992-04-19,COLLECT COD,REG AIR,equests-- blithely regular instructions
50433-6,50433,925,28,6,46.00,83992.32,0.06,0.03,A,F,1992-01-31,1992-03-12,1992-02-11,NONE,REG AIR,ep. fluffily final 
50434-1,50434,1665,48,1,40.00,62666.40,0.07,0.00,A,F,1993-02-07,1993-03-04,1993-02-14,TAKE BACK RETURN,TRUCK,tealthily ironic dependenc
50434-2,50434,73,24,2,35.00,34057.45,0.09,0.06,R,F,1993-04-14,1993-02-20,1993-05-08,COLLECT COD,TRUCK,"gular foxes sleep silent, fluffy instr"
50435-1,50435,18,44,1,13.00,11934.13,0.07,0.08,N,O,1997-09-07,1997-07-14,1997-10-04,COLLECT COD,MAIL,instructions. sl
50435-2,50435,917,20,2,3.00,5453.73,0.04,0.04,N,O,1997-08-23,1997-08-07,1997-09-12,DELIVER IN PERSON,RAIL,sts. slyly even accounts boost quickly. s
50435-3,50435,623,86,3,29.00,44184.98,0.00,0.08,N,O,1997-09-30,1997-07-24,1997-10-22,TAKE BACK RETURN,TRUCK,s was quickly. bold foxes at the quickly 
50436-1,50436,1530,11,1,2.00,2863.06,0.03,0.06,A,F,1992-10-14,1992-10-23,1992-11-04,NONE,TRUCK,anently even foxes cajole. re
50437-1,50437,812,46,1,23.00,39394.63,0.06,0.01,N,O,1997-04-08,1997-03-25,1997-04-26,DELIVER IN PERSON,SHIP,y fluffily speci
50437-2,50437,180,81,2,17.00,18363.06,0.07,0.03,N,O,1997-06-02,1997-04-19,1997-06-13,NONE,REG AIR, accounts according to the express p
50437-3,50437,1942,43,3,33.00,60850.02,0.08,0.01,N,O,1997-02-26,1997-04-05,1997-03-11,COLLECT COD,SHIP, carefully regular ideas sleep sl
50437-4,50437,1153,54,4,35.00,36895.25,0.09,0.00,N,O,1997-02-22,1997-04-27,1997-03-03,COLLECT COD,FOB,ke carefully across the blithe instructio
50437-5,50437,394,79,5,16.00,20710.24,0.09,0.03,N,O,1997-06-06,1997-05-01,1997-06-27,TAKE BACK RETURN,AIR,atelets. regular ide
50438-1,50438,1321,98,1,7.00,8556.24,0.09,0.00,N,O,1996-10-15,1996-09-19,1996-11-13,TAKE BACK RETURN,MAIL,ong the quickly final deposits use s
50439-1,50439,805,5,1,42.00,71643.60,0.05,0.05,N,O,1998-06-01,1998-06-12,1998-06-14,NONE,FOB,the carefully even de
50439-2,50439,200,1,2,27.00,29705.40,0.03,0.02,N,O,1998-03-29,1998-06-14,1998-04-26,COLLECT COD,RAIL,ckages. blith
50439-3,50439,895,95,3,2.00,3591.78,0.01,0.07,N,O,1998-04-23,1998-05-22,1998-05-03,NONE,TRUCK,cies. regular dependencies use furiously 
50439-4,50439,1927,28,4,46.00,84130.32,0.07,0.08,N,O,1998-07-14,1998-06-02,1998-08-02,DELIVER IN PERSON,FOB, beans doze quickly according to the furio
50439-5,50439,746,11,5,33.00,54342.42,0.05,0.03,N,O,1998-06-07,1998-04-26,1998-06-19,TAKE BACK RETURN,RAIL,ly during the carefully r
50439-6,50439,1499,39,6,4.00,5601.96,0.06,0.08,N,O,1998-06-19,1998-05-12,1998-07-03,TAKE BACK RETURN,REG AIR,he blithely regular excuses are furiousl
50439-7,50439,214,96,7,5.00,5571.05,0.04,0.03,N,O,1998-07-20,1998-05-04,1998-08-04,DELIVER IN PERSON,REG AIR,eodolites boost careful
50464-1,50464,1878,65,1,9.00,16018.83,0.00,0.01,N,O,1995-12-24,1995-11-01,1995-12-31,DELIVER IN PERSON,SHIP,t the careful
50465-1,50465,71,47,1,5.00,4855.35,0.03,0.02,N,O,1995-07-09,1995-05-24,1995-07-14,NONE,MAIL,ven platelets
50465-2,50465,1797,98,2,47.00,79843.13,0.09,0.05,R,F,1995-04-21,1995-05-24,1995-05-14,DELIVER IN PERSON,SHIP,express deposits. instructions integ
50465-3,50465,1862,63,3,8.00,14110.88,0.10,0.08,A,F,1995-05-10,1995-05-09,1995-05-27,COLLECT COD,REG AIR,he furiously expre
50465-4,50465,45,96,4,38.00,35911.52,0.02,0.07,N,F,1995-06-10,1995-06-02,1995-07-05,NONE,TRUCK,cajole carefully alongside of the blithe
50465-5,50465,1364,3,5,32.00,40491.52,0.06,0.05,N,O,1995-06-27,1995-05-18,1995-07-02,TAKE BACK RETURN,TRUCK,. daringly even deposit
50466-1,50466,965,34,1,3.00,5597.88,0.04,0.07,R,F,1992-08-24,1992-09-05,1992-09-18,NONE,RAIL,are quickly along the unusual reque
50466-2,50466,1269,44,2,32.00,37448.32,0.03,0.06,A,F,1992-07-14,1992-09-17,1992-07-29,DELIVER IN PERSON,MAIL,s-- closely
50466-3,50466,496,26,3,21.00,29326.29,0.09,0.07,A,F,1992-09-30,1992-09-20,1992-10-02,COLLECT COD,RAIL,o beans haggle slyly over the 
50467-1,50467,1332,33,1,34.00,41933.22,0.04,0.00,N,O,1998-09-05,1998-07-11,1998-09-21,DELIVER IN PERSON,AIR,y final accounts. carefully bold t
50467-2,50467,1404,5,2,16.00,20886.40,0.07,0.05,N,O,1998-09-06,1998-07-21,1998-09-30,COLLECT COD,SHIP,tructions. blithely ironic packages nag
50467-3,50467,1509,90,3,5.00,7052.50,0.04,0.02,N,O,1998-08-13,1998-08-06,1998-08-27,TAKE BACK RETURN,RAIL,". ironic, even packages doub"
50467-4,50467,495,54,4,30.00,41864.70,0.00,0.02,N,O,1998-09-17,1998-08-28,1998-10-01,COLLECT COD,FOB,"ep. special, silent pinto beans sublate "
50467-5,50467,371,72,5,31.00,39412.47,0.04,0.08,N,O,1998-08-27,1998-08-22,1998-08-28,COLLECT COD,TRUCK,e carefully even pinto beans. even 
50468-1,50468,1470,71,1,37.00,50744.39,0.01,0.02,A,F,1992-03-17,1992-05-01,1992-04-16,TAKE BACK RETURN,REG AIR, the slyly ironic packages are 
50468-2,50468,11,37,2,8.00,7288.08,0.03,0.03,R,F,1992-02-22,1992-04-10,1992-03-20,DELIVER IN PERSON,AIR,cajole furiously slyly final
50469-1,50469,158,85,1,18.00,19046.70,0.09,0.08,A,F,1993-08-31,1993-08-30,1993-09-14,TAKE BACK RETURN,RAIL,ely alongside of the foxes. furiously
50469-2,50469,1164,73,2,1.00,1065.16,0.09,0.07,R,F,1993-10-15,1993-08-05,1993-11-02,COLLECT COD,RAIL,accounts at the pinto beans sleep
50469-3,50469,937,38,3,29.00,53299.97,0.09,0.08,R,F,1993-07-22,1993-08-20,1993-07-23,TAKE BACK RETURN,AIR,s. excuses a
50469-4,50469,65,41,4,28.00,27021.68,0.09,0.08,A,F,1993-08-03,1993-09-07,1993-08-21,TAKE BACK RETURN,MAIL,ongside of the 
50469-5,50469,1520,21,5,49.00,69654.48,0.03,0.06,A,F,1993-10-11,1993-09-16,1993-10-14,NONE,SHIP,pending deposits. blit
50470-1,50470,1871,15,1,45.00,79779.15,0.07,0.05,A,F,1993-08-31,1993-11-07,1993-09-16,NONE,AIR,odolites after the fur
50470-2,50470,499,29,2,49.00,68575.01,0.01,0.01,R,F,1993-12-07,1993-11-09,1993-12-25,COLLECT COD,SHIP,nts sleep blithely across the qu
50470-3,50470,111,38,3,7.00,7077.77,0.06,0.08,A,F,1993-11-13,1993-10-07,1993-12-11,COLLECT COD,SHIP, the express dependencies. care
50470-4,50470,1801,88,4,20.00,34056.00,0.06,0.04,R,F,1993-08-28,1993-09-27,1993-09-12,TAKE BACK RETURN,FOB,ncies thrash fluffily outs
50470-5,50470,782,47,5,30.00,50483.40,0.01,0.06,R,F,1993-09-04,1993-10-01,1993-10-03,DELIVER IN PERSON,SHIP,t the furi
50470-6,50470,866,33,6,42.00,74208.12,0.09,0.07,A,F,1993-11-06,1993-10-04,1993-11-21,COLLECT COD,FOB,out the even re
50471-1,50471,229,57,1,36.00,40651.92,0.07,0.03,A,F,1992-03-08,1992-03-12,1992-03-24,COLLECT COD,AIR,y above the regular fox
50496-1,50496,1066,72,1,2.00,1934.12,0.10,0.04,A,F,1994-08-15,1994-11-07,1994-08-26,NONE,FOB,oxes. slyly bol
50496-2,50496,1167,4,2,16.00,17090.56,0.01,0.05,R,F,1994-12-08,1994-10-10,1994-12-20,DELIVER IN PERSON,TRUCK,side of the 
50496-3,50496,1182,19,3,32.00,34661.76,0.00,0.05,A,F,1994-11-08,1994-09-21,1994-11-26,TAKE BACK RETURN,MAIL,eposits affix blithely ac
50497-1,50497,1460,100,1,35.00,47651.10,0.03,0.01,N,O,1996-04-16,1996-06-20,1996-04-20,TAKE BACK RETURN,RAIL,ual packages hang carefully regular
50497-2,50497,887,88,2,14.00,25030.32,0.03,0.04,N,O,1996-04-24,1996-06-27,1996-05-12,TAKE BACK RETURN,FOB,uietly silent deposits;
50497-3,50497,437,38,3,42.00,56172.06,0.04,0.00,N,O,1996-06-03,1996-06-16,1996-06-07,COLLECT COD,SHIP, carefully silent courts. expre
50498-1,50498,1,77,1,32.00,28832.00,0.10,0.08,N,O,1997-07-29,1997-06-22,1997-08-04,COLLECT COD,REG AIR,ons cajole according t
50498-2,50498,1561,62,2,7.00,10237.92,0.01,0.02,N,O,1997-09-01,1997-07-31,1997-09-29,COLLECT COD,TRUCK,re alongside of the quickly pendin
50498-3,50498,458,17,3,35.00,47545.75,0.06,0.02,N,O,1997-08-24,1997-07-06,1997-08-26,NONE,FOB,fully even foxes. pinto beans nag
50499-1,50499,951,54,1,19.00,35187.05,0.02,0.05,N,O,1995-12-22,1996-01-04,1996-01-19,TAKE BACK RETURN,REG AIR,sly alongside of the slyly regula
50499-2,50499,277,32,2,19.00,22368.13,0.00,0.07,N,O,1995-12-23,1995-12-12,1995-12-29,COLLECT COD,RAIL, ironic fox
50499-3,50499,1621,45,3,15.00,22839.30,0.08,0.00,N,O,1995-10-18,1995-12-30,1995-11-13,NONE,TRUCK,excuses sleep blithel
50499-4,50499,1887,31,4,23.00,41144.24,0.09,0.06,N,O,1995-12-19,1995-11-24,1996-01-17,COLLECT COD,SHIP,y even platelets about the final 
50499-5,50499,2,78,5,35.00,31570.00,0.06,0.03,N,O,1995-11-23,1995-12-07,1995-12-15,TAKE BACK RETURN,TRUCK,"ecial, ironic deposits wake accordin"
50499-6,50499,730,31,6,18.00,29353.14,0.07,0.06,N,O,1995-12-13,1996-01-05,1995-12-16,NONE,RAIL,riously final esca
50500-1,50500,738,39,1,39.00,63910.47,0.00,0.04,N,O,1995-11-22,1995-11-30,1995-11-25,NONE,RAIL,en dolphins are fluffily 
50500-2,50500,1878,22,2,46.00,81874.02,0.10,0.05,N,O,1995-10-27,1995-11-24,1995-11-11,DELIVER IN PERSON,AIR, regular accounts serve 
50500-3,50500,1281,93,3,21.00,24827.88,0.09,0.04,N,O,1995-12-03,1995-11-06,1995-12-19,COLLECT COD,TRUCK,he ironic braids. special packages 
50500-4,50500,1350,89,4,33.00,41294.55,0.02,0.06,N,O,1995-11-09,1995-11-06,1995-11-22,DELIVER IN PERSON,SHIP,ully final accounts. r
50500-5,50500,1982,83,5,43.00,81011.14,0.00,0.03,N,O,1995-10-28,1995-11-22,1995-11-26,NONE,AIR,"he ironic, ironic accounts. "
50500-6,50500,425,55,6,7.00,9277.94,0.06,0.08,N,O,1995-12-06,1995-11-06,1995-12-14,COLLECT COD,AIR,ly enticing acco
50501-1,50501,187,40,1,44.00,47835.92,0.08,0.02,R,F,1994-08-08,1994-08-03,1994-09-03,NONE,MAIL,". bold, regular accounts cajole carefully. "
50501-2,50501,558,89,2,48.00,70010.40,0.10,0.00,R,F,1994-07-13,1994-08-23,1994-08-02,TAKE BACK RETURN,SHIP, express dugouts wake. 
50501-3,50501,444,45,3,46.00,61844.24,0.10,0.03,R,F,1994-09-15,1994-07-26,1994-10-14,TAKE BACK RETURN,TRUCK,"s. special, blithe instruction"
50501-4,50501,335,36,4,3.00,3705.99,0.06,0.04,R,F,1994-09-27,1994-06-29,1994-10-09,TAKE BACK RETURN,AIR,nto beans. bold deposits abov
50502-1,50502,942,45,1,47.00,86618.18,0.10,0.06,A,F,1995-05-31,1995-06-25,1995-06-11,COLLECT COD,TRUCK,y ironic notornis hag
50503-1,50503,1853,54,1,34.00,59664.90,0.02,0.02,A,F,1992-12-04,1993-01-21,1992-12-22,DELIVER IN PERSON,MAIL,ngside of the fluffily ironic packa
50503-2,50503,1679,21,2,37.00,58484.79,0.06,0.03,A,F,1992-12-24,1992-12-31,1993-01-08,TAKE BACK RETURN,AIR,posits boost. slyly ruthless foxes wak
50503-3,50503,1153,54,3,29.00,30570.35,0.06,0.05,R,F,1993-03-03,1993-01-22,1993-03-13,DELIVER IN PERSON,SHIP,uests wake quickly. pending excuse
50503-4,50503,948,83,4,23.00,42525.62,0.02,0.00,R,F,1993-01-24,1993-01-25,1993-01-27,TAKE BACK RETURN,RAIL,latelets. 
50503-5,50503,1414,15,5,19.00,24992.79,0.09,0.01,A,F,1992-12-23,1993-01-22,1993-01-05,COLLECT COD,AIR,deposits. requests haggle blithely accordi
50503-6,50503,1875,5,6,27.00,47975.49,0.02,0.01,R,F,1992-12-15,1992-12-29,1993-01-13,TAKE BACK RETURN,MAIL,slyly silent accounts hagg
50528-1,50528,1709,52,1,7.00,11274.90,0.00,0.01,N,O,1997-04-05,1997-02-28,1997-04-19,TAKE BACK RETURN,SHIP,s are. pending forges haggle even excuses
50528-2,50528,384,41,2,7.00,8990.66,0.05,0.02,N,O,1997-02-04,1997-02-26,1997-02-18,COLLECT COD,REG AIR,cross the regular asymptotes wake furiously
50528-3,50528,1435,53,3,40.00,53457.20,0.05,0.07,N,O,1997-02-27,1997-02-04,1997-03-13,TAKE BACK RETURN,AIR,counts are carefu
50528-4,50528,667,30,4,43.00,67409.38,0.01,0.02,N,O,1997-03-16,1997-02-24,1997-03-18,COLLECT COD,RAIL,ross the finally final deposits. carefu
50528-5,50528,1912,13,5,38.00,68928.58,0.05,0.01,N,O,1997-04-04,1997-01-12,1997-04-10,COLLECT COD,AIR,he slyly final deposits are iron
50528-6,50528,866,100,6,27.00,47705.22,0.10,0.07,N,O,1997-02-11,1997-02-08,1997-03-13,DELIVER IN PERSON,FOB,"nal, special pin"
50529-1,50529,133,60,1,26.00,26861.38,0.09,0.03,N,O,1996-05-26,1996-03-18,1996-06-24,COLLECT COD,RAIL,symptotes ca
50529-2,50529,1191,28,2,45.00,49148.55,0.02,0.03,N,O,1996-02-15,1996-04-16,1996-03-01,NONE,TRUCK,onic instructions. slyly final f
50530-1,50530,532,33,1,46.00,65896.38,0.09,0.06,R,F,1992-03-10,1992-04-29,1992-04-06,DELIVER IN PERSON,SHIP,final pinto bea
50530-2,50530,1851,38,2,14.00,24539.90,0.07,0.06,A,F,1992-04-28,1992-04-28,1992-05-05,COLLECT COD,SHIP,y silent theodolites use furiously fur
50531-1,50531,3,4,1,41.00,37023.00,0.00,0.05,N,O,1996-05-06,1996-07-09,1996-05-16,NONE,FOB,ajole blithely silent foxes-- f
50531-2,50531,1537,58,2,9.00,12946.77,0.09,0.01,N,O,1996-06-15,1996-07-04,1996-06-22,TAKE BACK RETURN,RAIL,arefully regul
50531-3,50531,218,46,3,46.00,51437.66,0.06,0.02,N,O,1996-07-27,1996-07-11,1996-08-03,DELIVER IN PERSON,MAIL, cajole fluffily. blithely even foxe
50531-4,50531,15,91,4,48.00,43920.48,0.05,0.08,N,O,1996-07-16,1996-06-24,1996-08-10,COLLECT COD,FOB, instructions! blithely express
50531-5,50531,1872,59,5,6.00,10643.22,0.03,0.08,N,O,1996-08-02,1996-06-03,1996-08-20,TAKE BACK RETURN,AIR,olites print 
50531-6,50531,1853,83,6,50.00,87742.50,0.05,0.06,N,O,1996-07-29,1996-07-24,1996-08-27,TAKE BACK RETURN,MAIL,ckages. carefull
50532-1,50532,691,85,1,13.00,20691.97,0.07,0.00,A,F,1992-11-12,1992-09-28,1992-12-05,DELIVER IN PERSON,SHIP, to the packages. even orbits b
50532-2,50532,1776,77,2,1.00,1677.77,0.06,0.02,A,F,1992-12-03,1992-11-12,1992-12-11,COLLECT COD,MAIL,gainst the ironic asymptotes. foxes cajole 
50532-3,50532,1902,47,3,25.00,45097.50,0.10,0.05,A,F,1992-11-06,1992-09-20,1992-12-03,COLLECT COD,AIR,ing to the ideas-- requests on
50532-4,50532,694,88,4,37.00,59003.53,0.02,0.08,R,F,1992-10-05,1992-10-11,1992-10-24,DELIVER IN PERSON,SHIP,s use slyly toward the stealthily f
50532-5,50532,767,64,5,41.00,68378.16,0.01,0.04,R,F,1992-12-05,1992-10-27,1992-12-17,NONE,SHIP,haggle car
50532-6,50532,941,44,6,49.00,90255.06,0.01,0.02,A,F,1992-11-20,1992-11-12,1992-11-22,COLLECT COD,SHIP,". regular, final pac"
50532-7,50532,1589,30,7,17.00,25339.86,0.06,0.00,A,F,1992-10-05,1992-11-04,1992-10-09,TAKE BACK RETURN,TRUCK,ss the furiously final pi
50533-1,50533,56,7,1,23.00,21989.15,0.08,0.00,A,F,1995-06-02,1995-08-05,1995-06-09,NONE,REG AIR,y pending deposits 
50533-2,50533,1794,21,2,14.00,23741.06,0.05,0.00,N,O,1995-09-01,1995-07-18,1995-09-30,COLLECT COD,REG AIR,le furiously alongside of the accounts. sl
50533-3,50533,1639,81,3,45.00,69328.35,0.05,0.02,N,O,1995-09-11,1995-07-16,1995-10-06,DELIVER IN PERSON,SHIP,ill cajole care
50533-4,50533,1552,33,4,24.00,34885.20,0.06,0.04,N,O,1995-09-21,1995-08-20,1995-10-04,COLLECT COD,RAIL, the blithely iro
50534-1,50534,1981,70,1,11.00,20712.78,0.09,0.06,N,O,1998-06-24,1998-04-18,1998-07-04,COLLECT COD,MAIL,foxes integrate blithely alongside 
50534-2,50534,805,39,2,44.00,75055.20,0.01,0.07,N,O,1998-05-12,1998-04-26,1998-05-27,TAKE BACK RETURN,RAIL,r accounts are care
50535-1,50535,1133,34,1,42.00,43433.46,0.02,0.07,R,F,1994-01-21,1994-03-07,1994-02-20,DELIVER IN PERSON,REG AIR,accounts alongside
50535-2,50535,1848,78,2,22.00,38496.48,0.04,0.07,R,F,1994-03-07,1994-01-09,1994-03-30,COLLECT COD,SHIP,endencies snooze accounts. bold requests sl
50560-1,50560,1933,22,1,7.00,12844.51,0.01,0.08,N,O,1996-11-26,1996-12-01,1996-12-09,DELIVER IN PERSON,SHIP,usly fluffy accounts. slyly bold ins
50560-2,50560,1671,13,2,19.00,29880.73,0.03,0.02,N,O,1996-10-02,1996-12-04,1996-10-07,TAKE BACK RETURN,AIR,arefully regular inst
50560-3,50560,1417,35,3,17.00,22412.97,0.08,0.07,N,O,1996-12-03,1996-12-15,1996-12-24,NONE,RAIL,ic pinto beans cajol
50560-4,50560,1940,85,4,35.00,64467.90,0.05,0.00,N,O,1996-12-24,1996-11-28,1997-01-01,DELIVER IN PERSON,TRUCK,inst the finally daring ideas s
50560-5,50560,371,100,5,29.00,36869.73,0.01,0.06,N,O,1996-11-01,1996-10-28,1996-11-26,COLLECT COD,REG AIR,"s sleep furiously. sly, regular packag"
50561-1,50561,1865,66,1,9.00,15901.74,0.10,0.00,N,O,1998-08-24,1998-08-04,1998-09-22,DELIVER IN PERSON,AIR,ic theodolites believe carefully fur
50561-2,50561,371,56,2,4.00,5085.48,0.10,0.02,N,O,1998-06-07,1998-06-23,1998-07-05,NONE,MAIL,gedly even packages
50561-3,50561,1998,99,3,41.00,77899.59,0.10,0.06,N,O,1998-08-03,1998-07-07,1998-08-04,DELIVER IN PERSON,REG AIR,ubt blithely. instruction
50562-1,50562,330,31,1,4.00,4921.32,0.09,0.02,N,O,1996-03-17,1996-05-04,1996-03-22,DELIVER IN PERSON,TRUCK,doggedly. regular packages m
50562-2,50562,756,57,2,10.00,16567.50,0.01,0.06,N,O,1996-03-17,1996-04-30,1996-04-14,DELIVER IN PERSON,TRUCK,ly even packages.
50563-1,50563,262,63,1,41.00,47652.66,0.05,0.06,N,O,1995-10-01,1995-09-21,1995-10-25,NONE,AIR,ans. even accounts sleep blithely ab
50563-2,50563,1857,44,2,8.00,14070.80,0.07,0.08,N,O,1995-08-20,1995-09-12,1995-09-02,NONE,FOB,"nts. regular, unusual "
50563-3,50563,340,41,3,6.00,7442.04,0.07,0.08,N,O,1995-09-11,1995-09-19,1995-09-13,DELIVER IN PERSON,MAIL,quickly regular packages accord
50563-4,50563,488,76,4,41.00,56927.68,0.04,0.05,N,O,1995-10-17,1995-09-25,1995-10-21,COLLECT COD,SHIP,along the 
50564-1,50564,258,40,1,8.00,9266.00,0.02,0.04,A,F,1992-04-09,1992-04-14,1992-04-19,TAKE BACK RETURN,FOB,unusual pinto beans d
50564-2,50564,335,20,2,18.00,22235.94,0.08,0.08,R,F,1992-04-30,1992-05-09,1992-05-07,COLLECT COD,SHIP, haggle. slyly unusual or
50564-3,50564,1201,39,3,26.00,28657.20,0.00,0.00,R,F,1992-04-26,1992-05-16,1992-05-15,DELIVER IN PERSON,REG AIR,ep slowly accounts. furiously ir
50564-4,50564,1548,29,4,44.00,63779.76,0.07,0.05,R,F,1992-07-02,1992-05-17,1992-07-31,NONE,AIR, fluffily pendi
50565-1,50565,904,5,1,8.00,14439.20,0.01,0.05,R,F,1992-12-25,1992-09-30,1992-12-29,TAKE BACK RETURN,SHIP,s. carefully b
50565-2,50565,1634,76,2,4.00,6142.52,0.08,0.05,A,F,1992-10-20,1992-11-08,1992-10-23,TAKE BACK RETURN,SHIP,posits nod slyly ironic t
50565-3,50565,1070,71,3,44.00,42727.08,0.02,0.06,R,F,1992-10-13,1992-11-21,1992-10-27,TAKE BACK RETURN,TRUCK,en packages haggle. s
50565-4,50565,1069,75,4,9.00,8730.54,0.06,0.06,R,F,1992-10-11,1992-10-01,1992-10-17,DELIVER IN PERSON,RAIL,s. carefully final frets nag carefu
50565-5,50565,1650,92,5,48.00,74479.20,0.07,0.04,A,F,1992-09-23,1992-11-08,1992-10-17,COLLECT COD,RAIL,y unusual platelets. slyl
50565-6,50565,1957,2,6,16.00,29743.20,0.06,0.00,A,F,1992-12-15,1992-10-22,1993-01-04,COLLECT COD,MAIL,n ideas; quickly final dolphins nag fl
50565-7,50565,1784,27,7,36.00,60688.08,0.01,0.06,R,F,1992-11-16,1992-10-26,1992-12-09,TAKE BACK RETURN,RAIL,ly carefully final pinto beans. final 
50566-1,50566,1697,21,1,47.00,75138.43,0.00,0.07,N,O,1995-12-30,1995-11-18,1996-01-05,TAKE BACK RETURN,TRUCK, dependencies wake fluffily carefully
50566-2,50566,1237,12,2,49.00,55773.27,0.10,0.00,N,O,1995-12-28,1995-11-26,1996-01-11,DELIVER IN PERSON,AIR,eans sleep on the final 
50567-1,50567,764,65,1,41.00,68255.16,0.02,0.08,A,F,1992-04-14,1992-05-04,1992-04-27,NONE,SHIP, along the slyly final instructio
50567-2,50567,1190,99,2,4.00,4364.76,0.02,0.01,R,F,1992-05-13,1992-03-10,1992-05-15,TAKE BACK RETURN,FOB, blithely final deposits cajo
50567-3,50567,1585,26,3,19.00,28245.02,0.00,0.01,A,F,1992-04-09,1992-04-18,1992-05-06,DELIVER IN PERSON,SHIP,al packages cajole slyly across the b
50567-4,50567,1558,39,4,17.00,24812.35,0.09,0.05,A,F,1992-03-04,1992-04-23,1992-03-05,DELIVER IN PERSON,RAIL,lent accounts haggle amo
50567-5,50567,270,98,5,25.00,29256.75,0.10,0.08,A,F,1992-04-24,1992-04-29,1992-05-03,DELIVER IN PERSON,FOB,deposits haggle furiously final accou
50592-1,50592,199,100,1,30.00,32975.70,0.09,0.05,N,O,1996-12-22,1997-01-02,1996-12-29,NONE,SHIP,he permanently ironic deposits. slyly
50592-2,50592,294,76,2,43.00,51354.47,0.09,0.04,N,O,1996-11-26,1997-01-10,1996-12-09,NONE,RAIL,y thin pinto beans. blithely even deposi
50592-3,50592,1134,7,3,30.00,31053.90,0.08,0.07,N,O,1996-12-11,1996-12-22,1996-12-12,COLLECT COD,FOB,iously express foxes. permanently sile
50592-4,50592,1546,87,4,39.00,56454.06,0.08,0.01,N,O,1996-12-02,1997-01-29,1996-12-28,NONE,SHIP,accounts are ag
50593-1,50593,1527,68,1,42.00,59997.84,0.02,0.05,N,O,1995-09-21,1995-08-26,1995-10-04,TAKE BACK RETURN,SHIP,blithely reg
50593-2,50593,1468,86,2,40.00,54778.40,0.06,0.08,N,O,1995-10-30,1995-08-26,1995-11-08,DELIVER IN PERSON,FOB,ickly blithely ironic acc
50593-3,50593,1961,94,3,25.00,46574.00,0.10,0.04,N,O,1995-07-28,1995-08-10,1995-07-31,TAKE BACK RETURN,TRUCK,foxes are furiou
50594-1,50594,621,84,1,30.00,45648.60,0.09,0.02,A,F,1993-09-14,1993-08-10,1993-09-28,DELIVER IN PERSON,REG AIR,l accounts 
50594-2,50594,691,92,2,25.00,39792.25,0.09,0.02,A,F,1993-09-11,1993-08-05,1993-09-16,TAKE BACK RETURN,AIR,nal reques
50594-3,50594,1840,27,3,7.00,12192.88,0.02,0.08,A,F,1993-07-19,1993-08-06,1993-07-30,TAKE BACK RETURN,RAIL,e blithely final re
50594-4,50594,1812,13,4,48.00,82262.88,0.01,0.04,A,F,1993-07-23,1993-07-05,1993-08-19,COLLECT COD,SHIP,y special asympto
50594-5,50594,1880,81,5,2.00,3563.76,0.10,0.03,R,F,1993-07-17,1993-07-02,1993-07-29,TAKE BACK RETURN,FOB,y unusual packages ru
50594-6,50594,1832,19,6,25.00,43345.75,0.01,0.04,A,F,1993-08-03,1993-08-03,1993-08-28,TAKE BACK RETURN,RAIL,press theodolites are a
50595-1,50595,115,68,1,43.00,43649.73,0.08,0.01,N,O,1997-12-04,1997-11-09,1997-12-13,COLLECT COD,RAIL,furiously final requests are caref
50595-2,50595,313,14,2,42.00,50959.02,0.02,0.03,N,O,1998-01-09,1997-11-29,1998-01-13,COLLECT COD,FOB,are carefully bli
50596-1,50596,650,51,1,22.00,34114.30,0.05,0.08,R,F,1992-11-02,1992-10-06,1992-11-18,COLLECT COD,REG AIR,jole closely fur
50596-2,50596,1765,8,2,20.00,33335.20,0.06,0.03,A,F,1992-12-18,1992-11-13,1992-12-29,COLLECT COD,FOB,ructions are unusual packages
50597-1,50597,1424,64,1,46.00,60969.32,0.03,0.05,N,O,1998-09-02,1998-10-16,1998-09-23,COLLECT COD,FOB,. theodolites are so
50597-2,50597,602,3,2,38.00,57098.80,0.02,0.05,N,O,1998-11-13,1998-08-28,1998-11-25,DELIVER IN PERSON,REG AIR, theodolites 
50597-3,50597,521,82,3,41.00,58282.32,0.04,0.01,N,O,1998-08-07,1998-09-17,1998-09-05,NONE,SHIP,ccording to the fluffily re
50597-4,50597,1602,26,4,23.00,34582.80,0.09,0.08,N,O,1998-11-05,1998-09-12,1998-11-21,NONE,RAIL,furiously r
50597-5,50597,1385,24,5,4.00,5145.52,0.06,0.02,N,O,1998-10-23,1998-09-07,1998-10-25,COLLECT COD,MAIL,yly regular ideas haggle.
50597-6,50597,27,28,6,48.00,44496.96,0.00,0.07,N,O,1998-08-23,1998-08-25,1998-09-19,NONE,AIR,ithely. carefully specia
50597-7,50597,366,67,7,20.00,25327.20,0.05,0.00,N,O,1998-10-02,1998-09-30,1998-10-07,NONE,MAIL,"ronic, special accounts ca"
50598-1,50598,1071,42,1,49.00,47631.43,0.06,0.04,N,O,1996-02-24,1996-02-16,1996-02-27,NONE,SHIP,"nic, unusual theodolites past the quickly "
50599-1,50599,1149,86,1,1.00,1050.14,0.07,0.06,N,O,1998-06-05,1998-05-13,1998-06-25,NONE,SHIP,r dependencies are accounts. b
50599-2,50599,1975,76,2,20.00,37539.40,0.00,0.04,N,O,1998-03-19,1998-04-19,1998-04-17,COLLECT COD,MAIL,sts affix. carefully regular instructio
50599-3,50599,1407,25,3,45.00,58878.00,0.08,0.04,N,O,1998-03-17,1998-05-15,1998-04-10,DELIVER IN PERSON,RAIL,ons. regular realms are. caref
50624-1,50624,571,62,1,22.00,32374.54,0.03,0.07,N,O,1996-07-21,1996-07-04,1996-07-27,COLLECT COD,REG AIR,ic platelets. even foxe
50624-2,50624,1820,64,2,31.00,53376.42,0.07,0.03,N,O,1996-08-01,1996-05-29,1996-08-21,NONE,TRUCK,"phins. even, "
50624-3,50624,658,21,3,26.00,40524.90,0.08,0.04,N,O,1996-05-09,1996-06-22,1996-05-28,COLLECT COD,REG AIR,ajole slyly according to the waters. even 
50624-4,50624,186,87,4,41.00,44533.38,0.10,0.05,N,O,1996-07-24,1996-06-09,1996-08-07,NONE,MAIL,regular pinto bea
50625-1,50625,1140,41,1,49.00,51015.86,0.02,0.07,R,F,1994-06-05,1994-06-08,1994-06-20,TAKE BACK RETURN,SHIP, across the ca
50625-2,50625,431,90,2,46.00,61245.78,0.09,0.00,R,F,1994-06-20,1994-07-12,1994-06-29,DELIVER IN PERSON,REG AIR,g quickly. blithely 
50625-3,50625,274,56,3,49.00,57539.23,0.06,0.00,A,F,1994-07-28,1994-06-23,1994-08-12,DELIVER IN PERSON,FOB,he fluffily 
50626-1,50626,1793,36,1,46.00,77960.34,0.06,0.02,A,F,1994-11-26,1994-12-10,1994-11-29,DELIVER IN PERSON,MAIL,"closely even foxes are carefully ironic,"
50626-2,50626,1293,31,2,8.00,9554.32,0.00,0.01,R,F,1995-02-14,1994-12-22,1995-02-15,NONE,MAIL,s. carefully regular theodolit
50626-3,50626,1141,50,3,4.00,4168.56,0.07,0.02,R,F,1995-02-17,1994-12-30,1995-03-03,TAKE BACK RETURN,TRUCK,ose accounts. furiously even deposi
50626-4,50626,64,65,4,26.00,25065.56,0.01,0.08,R,F,1995-01-25,1994-11-27,1995-02-20,NONE,FOB,"ix. permanent, ironi"
50627-1,50627,415,74,1,17.00,22361.97,0.07,0.03,N,O,1998-06-29,1998-04-20,1998-07-29,TAKE BACK RETURN,SHIP,bove the fluffily ironic deposits
50627-2,50627,579,80,2,13.00,19234.41,0.02,0.05,N,O,1998-05-30,1998-05-21,1998-06-21,TAKE BACK RETURN,AIR,o the furio
50628-1,50628,1082,83,1,28.00,27526.24,0.01,0.03,N,O,1997-12-24,1998-01-24,1998-01-21,NONE,AIR,s. silent dependencies 
50628-2,50628,1664,47,2,24.00,37575.84,0.06,0.02,N,O,1998-01-10,1997-12-03,1998-01-15,TAKE BACK RETURN,TRUCK,y regular accounts are fluffily after
50628-3,50628,1759,60,3,23.00,38197.25,0.04,0.08,N,O,1997-12-27,1997-12-23,1998-01-26,NONE,FOB,ully regular ideas wake fluf
50628-4,50628,1328,43,4,34.00,41796.88,0.02,0.00,N,O,1997-10-29,1998-01-16,1997-11-10,TAKE BACK RETURN,RAIL,s are accounts? ac
50629-1,50629,1244,56,1,26.00,29776.24,0.04,0.02,N,O,1996-02-15,1996-01-27,1996-02-26,NONE,REG AIR, excuses sleep
50629-2,50629,175,54,2,31.00,33330.27,0.10,0.02,N,O,1995-12-15,1996-01-11,1995-12-30,NONE,SHIP,lar deposits detect 
50629-3,50629,919,88,3,42.00,76436.22,0.01,0.05,N,O,1996-01-05,1995-12-18,1996-01-14,COLLECT COD,REG AIR,ions? blithely special warhorses wi
50630-1,50630,1773,74,1,17.00,28471.09,0.00,0.06,N,O,1996-11-06,1996-09-04,1996-12-05,NONE,TRUCK,y special a
50630-2,50630,450,51,2,27.00,36462.15,0.02,0.00,N,O,1996-10-16,1996-10-03,1996-11-13,COLLECT COD,SHIP,es ironic theodolites affix fluffily
50630-3,50630,787,84,3,17.00,28692.26,0.03,0.08,N,O,1996-09-30,1996-09-06,1996-10-01,TAKE BACK RETURN,MAIL,sly regular accounts.
50630-4,50630,235,90,4,9.00,10217.07,0.08,0.01,N,O,1996-09-27,1996-08-25,1996-10-27,COLLECT COD,TRUCK,s wake alongside of the
50630-5,50630,608,40,5,13.00,19611.80,0.07,0.01,N,O,1996-09-17,1996-09-09,1996-10-12,NONE,TRUCK," the bold, final Tiresias. even requests a"
50631-1,50631,629,23,1,2.00,3059.24,0.04,0.05,N,O,1998-09-16,1998-08-02,1998-09-26,DELIVER IN PERSON,SHIP,usual sheave
50631-2,50631,1143,52,2,8.00,8353.12,0.04,0.00,N,O,1998-07-26,1998-09-03,1998-08-04,COLLECT COD,MAIL, packages? unusua
50631-3,50631,76,2,3,25.00,24401.75,0.09,0.07,N,O,1998-08-28,1998-08-08,1998-09-23,TAKE BACK RETURN,AIR,aters integrate final requests! instruc
50656-1,50656,883,83,1,26.00,46380.88,0.00,0.00,A,F,1995-02-22,1994-12-03,1995-03-04,COLLECT COD,MAIL,otes! quickly bold packages 
50656-2,50656,399,84,2,2.00,2598.78,0.00,0.00,R,F,1994-12-21,1994-12-02,1994-12-26,TAKE BACK RETURN,SHIP,y. express foxes nag carefully 
50656-3,50656,1354,31,3,11.00,13808.85,0.08,0.06,A,F,1994-11-14,1994-11-29,1994-11-18,NONE,MAIL,osits. blithely express sauternes
50656-4,50656,574,35,4,14.00,20643.98,0.01,0.07,A,F,1995-02-07,1994-12-03,1995-02-24,TAKE BACK RETURN,TRUCK,kages nag furiously against t
50656-5,50656,247,29,5,24.00,27533.76,0.06,0.00,A,F,1994-10-31,1994-12-26,1994-11-14,NONE,AIR,deas use furiously about th
50656-6,50656,1017,53,6,34.00,31212.34,0.06,0.07,A,F,1995-01-01,1994-12-18,1995-01-12,NONE,FOB,pinto beans about the carefully even fo
50656-7,50656,1887,17,7,21.00,37566.48,0.01,0.07,R,F,1994-10-28,1995-01-22,1994-11-20,DELIVER IN PERSON,SHIP,platelets would cajole fluffily
50657-1,50657,903,4,1,26.00,46901.40,0.02,0.01,N,O,1995-12-29,1996-01-24,1996-01-26,TAKE BACK RETURN,RAIL,endencies. ideas boost slyly. re
50657-2,50657,422,23,2,23.00,30415.66,0.00,0.04,N,O,1996-02-03,1996-02-27,1996-02-04,DELIVER IN PERSON,SHIP,s the carefully final depths sleep
50657-3,50657,551,42,3,28.00,40643.40,0.06,0.08,N,O,1995-12-27,1996-01-18,1996-01-23,COLLECT COD,SHIP," final, even cour"
50657-4,50657,657,51,4,11.00,17134.15,0.07,0.02,N,O,1996-02-06,1996-03-06,1996-02-21,NONE,MAIL,leep furiously 
50657-5,50657,858,59,5,8.00,14070.80,0.09,0.02,N,O,1996-04-10,1996-02-15,1996-04-12,TAKE BACK RETURN,REG AIR,ly unusual pack
50657-6,50657,1190,27,6,1.00,1091.19,0.03,0.06,N,O,1996-03-02,1996-02-05,1996-03-18,DELIVER IN PERSON,FOB,dolites! final packages cajole qui
50657-7,50657,154,81,7,35.00,36895.25,0.09,0.07,N,O,1996-03-02,1996-03-09,1996-03-15,NONE,SHIP,arefully carefully final instructions. bli
50658-1,50658,1116,25,1,3.00,3051.33,0.10,0.03,R,F,1994-12-09,1994-10-01,1994-12-25,DELIVER IN PERSON,FOB,ounts solve carefully 
50658-2,50658,1562,83,2,9.00,13172.04,0.03,0.00,A,F,1994-11-11,1994-10-10,1994-12-08,COLLECT COD,FOB, fluffily ironic accounts: idly sile
50658-3,50658,1722,65,3,25.00,40593.00,0.10,0.05,A,F,1994-11-07,1994-10-01,1994-12-05,DELIVER IN PERSON,SHIP,into beans. carefully 
50658-4,50658,931,32,4,34.00,62285.62,0.05,0.05,R,F,1994-11-12,1994-11-13,1994-12-12,TAKE BACK RETURN,REG AIR,ies haggle after
50658-5,50658,1119,20,5,22.00,22442.42,0.02,0.03,A,F,1994-10-27,1994-09-28,1994-11-15,DELIVER IN PERSON,FOB,equests pri
50659-1,50659,1170,71,1,30.00,32135.10,0.08,0.02,N,O,1998-07-18,1998-07-03,1998-07-30,COLLECT COD,TRUCK,refully ironic deposits after the foxes g
50659-2,50659,1963,8,2,34.00,63408.64,0.10,0.02,N,O,1998-07-07,1998-07-11,1998-07-28,TAKE BACK RETURN,AIR,ld frets are blithely. ev
50659-3,50659,332,17,3,43.00,52990.19,0.00,0.04,N,O,1998-06-16,1998-05-21,1998-07-08,DELIVER IN PERSON,TRUCK,reach fluffily across the 
50659-4,50659,229,84,4,3.00,3387.66,0.07,0.02,N,O,1998-06-04,1998-06-24,1998-06-13,DELIVER IN PERSON,REG AIR,. always regular platelets na
50660-1,50660,1116,17,1,47.00,47804.17,0.00,0.03,N,O,1996-04-28,1996-05-18,1996-05-09,COLLECT COD,REG AIR,"uriously bold asymptotes. regular, final re"
50661-1,50661,1080,86,1,42.00,41205.36,0.08,0.04,N,O,1996-12-23,1996-12-22,1996-12-26,NONE,SHIP,press somas about
50661-2,50661,1962,95,2,11.00,20503.56,0.03,0.02,N,O,1996-12-13,1997-01-17,1997-01-10,COLLECT COD,FOB,yly bold instructi
50661-3,50661,1704,89,3,34.00,54593.80,0.09,0.07,N,O,1997-01-01,1996-12-20,1997-01-09,TAKE BACK RETURN,SHIP, ideas are carefully fluffily re
50662-1,50662,1959,60,1,17.00,31636.15,0.01,0.02,N,O,1997-05-25,1997-05-27,1997-06-13,TAKE BACK RETURN,SHIP,ar pinto beans. carefully bold de
50662-2,50662,555,16,2,42.00,61133.10,0.08,0.03,N,O,1997-06-12,1997-04-27,1997-06-15,TAKE BACK RETURN,FOB,he fluffily bold requests
50663-1,50663,1186,59,1,22.00,23917.96,0.04,0.06,R,F,1994-03-03,1993-12-10,1994-03-06,TAKE BACK RETURN,RAIL,otes boost carefully quickly regular packa
50663-2,50663,618,12,2,45.00,68337.45,0.02,0.06,A,F,1994-02-11,1993-12-16,1994-03-03,TAKE BACK RETURN,REG AIR,beans are carefully. furiously iro
50663-3,50663,1802,89,3,6.00,10222.80,0.04,0.00,A,F,1994-03-07,1994-02-08,1994-03-19,COLLECT COD,REG AIR,y furiously ironic packages! quickl
50663-4,50663,1119,28,4,9.00,9180.99,0.10,0.00,A,F,1994-03-08,1994-01-07,1994-04-02,NONE,SHIP,pending decoys; slyly
50663-5,50663,1470,10,5,29.00,39772.63,0.01,0.08,R,F,1993-11-26,1994-01-15,1993-11-30,COLLECT COD,AIR,ccounts. regula
50688-1,50688,1683,66,1,17.00,26939.56,0.02,0.04,N,O,1996-02-07,1996-03-13,1996-03-04,TAKE BACK RETURN,RAIL,al pinto beans
50688-2,50688,434,64,2,31.00,41367.33,0.06,0.08,N,O,1995-12-19,1996-02-12,1995-12-30,COLLECT COD,FOB,aggle furiously about the furiously
50688-3,50688,1509,90,3,15.00,21157.50,0.09,0.07,N,O,1996-02-18,1996-02-28,1996-03-09,COLLECT COD,FOB,carefully ironic requests. slyl
50688-4,50688,1670,12,4,42.00,66010.14,0.02,0.00,N,O,1995-12-29,1996-02-14,1996-01-10,TAKE BACK RETURN,AIR,lyly regular so
50688-5,50688,108,61,5,13.00,13105.30,0.04,0.00,N,O,1996-03-07,1996-03-13,1996-03-11,COLLECT COD,SHIP,ons cajole slyl
50689-1,50689,621,53,1,44.00,66951.28,0.00,0.00,R,F,1994-07-11,1994-08-15,1994-07-26,DELIVER IN PERSON,MAIL,al deposits sleep along the carefully unusu
50689-2,50689,770,67,2,24.00,40098.48,0.06,0.05,A,F,1994-09-05,1994-08-09,1994-09-09,NONE,SHIP,deposits wake final pa
50690-1,50690,412,13,1,12.00,15748.92,0.07,0.04,R,F,1994-01-05,1993-11-19,1994-01-23,DELIVER IN PERSON,TRUCK, slyly-- ironic packages around the furiou
50690-2,50690,1920,53,2,22.00,40082.24,0.09,0.08,R,F,1993-10-28,1994-01-09,1993-11-27,NONE,REG AIR,"packages. even, regular inst"
50690-3,50690,1084,20,3,36.00,35462.88,0.10,0.01,R,F,1994-01-24,1993-12-20,1994-02-20,TAKE BACK RETURN,AIR,", bold deposits among the instructions "
50690-4,50690,921,90,4,1.00,1821.92,0.00,0.01,R,F,1994-01-24,1993-12-19,1994-01-31,COLLECT COD,RAIL,"ironic, unusual realms wake fluffily accor"
50690-5,50690,1397,74,5,45.00,58427.55,0.09,0.01,A,F,1993-11-04,1993-12-08,1993-11-19,DELIVER IN PERSON,AIR,wly final packages. accounts ca
50690-6,50690,772,73,6,5.00,8363.85,0.05,0.07,R,F,1994-02-15,1993-12-09,1994-03-15,NONE,REG AIR,nusual pains cajole around
50691-1,50691,450,9,1,21.00,28359.45,0.02,0.04,N,O,1997-07-08,1997-06-25,1997-07-26,TAKE BACK RETURN,TRUCK,slyly. thinly final deposits a
50691-2,50691,320,77,2,41.00,50033.12,0.01,0.00,N,O,1997-07-18,1997-07-29,1997-07-29,TAKE BACK RETURN,AIR,ns. quickly final ideas affix busily carefu
50691-3,50691,437,67,3,14.00,18724.02,0.08,0.03,N,O,1997-08-28,1997-06-24,1997-09-26,TAKE BACK RETURN,MAIL,d the carefully ironic dolphins are fu
50691-4,50691,933,2,4,35.00,64187.55,0.06,0.03,N,O,1997-06-15,1997-07-25,1997-06-16,TAKE BACK RETURN,MAIL,ccounts brea
50692-1,50692,1019,55,1,37.00,34040.37,0.04,0.01,A,F,1993-10-02,1993-11-01,1993-10-28,COLLECT COD,AIR,st blithely slyly regular ideas. fl
50692-2,50692,446,47,2,20.00,26928.80,0.07,0.06,R,F,1993-10-12,1993-12-11,1993-11-09,DELIVER IN PERSON,TRUCK,re daringl
50692-3,50692,1294,69,3,24.00,28686.96,0.04,0.04,R,F,1993-10-24,1993-11-05,1993-11-19,NONE,AIR,ss the foxes. car
50692-4,50692,648,11,4,41.00,63494.24,0.01,0.06,R,F,1993-11-25,1993-11-10,1993-12-16,COLLECT COD,AIR,uffily unusual instructions sleep slyly. de
50692-5,50692,1772,99,5,45.00,75319.65,0.00,0.04,A,F,1993-10-08,1993-10-21,1993-10-12,DELIVER IN PERSON,TRUCK,"lly above the daring, regular instructions."
50692-6,50692,1880,81,6,37.00,65929.56,0.09,0.00,R,F,1993-10-17,1993-12-03,1993-11-14,DELIVER IN PERSON,SHIP, packages are against the fur
50692-7,50692,769,66,7,18.00,30055.68,0.03,0.01,A,F,1993-09-28,1993-10-19,1993-10-28,TAKE BACK RETURN,FOB,r packages. slyly ironic deposits af
50693-1,50693,1485,64,1,23.00,31889.04,0.07,0.00,R,F,1995-02-03,1995-03-21,1995-02-26,COLLECT COD,MAIL,nd the expr
50693-2,50693,29,80,2,19.00,17651.38,0.00,0.06,R,F,1995-04-21,1995-04-10,1995-04-26,NONE,RAIL,lyly. quickly expre
50694-1,50694,720,53,1,35.00,56725.20,0.10,0.04,N,O,1996-10-04,1996-11-30,1996-10-23,DELIVER IN PERSON,SHIP,eans affix
50694-2,50694,1734,77,2,10.00,16357.30,0.01,0.00,N,O,1996-10-28,1996-10-26,1996-11-04,TAKE BACK RETURN,MAIL,se quickly abo
50694-3,50694,88,89,3,1.00,988.08,0.06,0.02,N,O,1996-12-27,1996-12-01,1997-01-24,COLLECT COD,REG AIR,thely regular deposits. idl
50694-4,50694,568,99,4,8.00,11748.48,0.00,0.04,N,O,1996-12-11,1996-10-18,1996-12-19,DELIVER IN PERSON,AIR, even requests boost. carefully expres
50694-5,50694,360,45,5,2.00,2520.72,0.01,0.05,N,O,1996-12-02,1996-10-07,1996-12-17,TAKE BACK RETURN,TRUCK,ons. ironic excuses integrate fluff
50695-1,50695,206,7,1,32.00,35398.40,0.08,0.03,N,O,1996-01-14,1996-02-13,1996-02-06,DELIVER IN PERSON,RAIL,telets are. quickly unusual accounts cajole
50720-1,50720,544,35,1,49.00,70782.46,0.08,0.02,A,F,1995-01-08,1994-12-24,1995-02-02,DELIVER IN PERSON,TRUCK,yly. silent accounts 
50720-2,50720,318,75,2,4.00,4873.24,0.02,0.04,R,F,1994-12-25,1994-12-12,1995-01-08,NONE,RAIL, dependencies. quickly even courts hang 
50720-3,50720,1023,59,3,7.00,6468.14,0.08,0.01,A,F,1994-12-04,1994-11-10,1994-12-28,COLLECT COD,REG AIR,lent packages n
50720-4,50720,889,89,4,35.00,62645.80,0.09,0.01,R,F,1994-10-10,1994-11-23,1994-10-13,DELIVER IN PERSON,REG AIR,accounts. carefully ironic theodolite
50720-5,50720,522,23,5,6.00,8535.12,0.05,0.05,R,F,1994-10-24,1994-11-02,1994-11-10,COLLECT COD,TRUCK,tes sleep furiously. acco
50721-1,50721,1441,20,1,44.00,59067.36,0.04,0.05,A,F,1992-03-15,1992-04-22,1992-03-30,NONE,REG AIR, deposits cajole carefu
50721-2,50721,525,26,2,30.00,42765.60,0.08,0.03,A,F,1992-05-02,1992-04-14,1992-05-29,TAKE BACK RETURN,REG AIR,ar platelets
50721-3,50721,288,16,3,23.00,27330.44,0.05,0.08,A,F,1992-05-01,1992-04-15,1992-05-24,TAKE BACK RETURN,SHIP,ironic pack
50721-4,50721,1188,61,4,11.00,11980.98,0.08,0.02,R,F,1992-04-08,1992-04-03,1992-05-01,DELIVER IN PERSON,RAIL," sleep quickly. regular, u"
50721-5,50721,1209,21,5,31.00,34416.20,0.05,0.08,A,F,1992-05-28,1992-05-11,1992-06-21,COLLECT COD,RAIL,e blithely c
50722-1,50722,1300,38,1,27.00,32435.10,0.03,0.06,R,F,1993-01-04,1992-12-24,1993-01-10,NONE,AIR,s haggle furiously final th
50723-1,50723,1657,81,1,36.00,56111.40,0.10,0.01,N,O,1996-11-25,1996-10-18,1996-12-24,DELIVER IN PERSON,REG AIR,refully carefu
50723-2,50723,1457,97,2,2.00,2716.90,0.05,0.01,N,O,1996-08-24,1996-09-25,1996-08-31,NONE,AIR,refully bold packages sleep furious
50723-3,50723,1768,69,3,41.00,68460.16,0.06,0.06,N,O,1996-09-15,1996-10-11,1996-09-27,DELIVER IN PERSON,TRUCK,ular asymptotes are request
50723-4,50723,1821,8,4,27.00,46516.14,0.00,0.04,N,O,1996-10-15,1996-11-03,1996-10-26,COLLECT COD,SHIP,even deposits. slyly blithe ideas 
50723-5,50723,1004,5,5,22.00,19910.00,0.07,0.03,N,O,1996-09-01,1996-10-19,1996-09-09,NONE,RAIL,ly final ideas haggle blit
50723-6,50723,1776,19,6,7.00,11744.39,0.07,0.06,N,O,1996-11-05,1996-10-26,1996-11-22,TAKE BACK RETURN,SHIP,furiously iro
50724-1,50724,464,94,1,32.00,43662.72,0.10,0.07,N,O,1996-12-26,1996-12-21,1997-01-07,COLLECT COD,MAIL,he thinly even depende
50724-2,50724,1679,3,2,50.00,79033.50,0.00,0.05,N,O,1996-11-29,1996-11-30,1996-12-20,NONE,MAIL,lithely silent pinto beans according to 
50724-3,50724,923,92,3,15.00,27358.80,0.00,0.01,N,O,1996-12-18,1996-12-21,1996-12-19,NONE,TRUCK, carefully
50724-4,50724,779,12,4,19.00,31915.63,0.07,0.04,N,O,1996-12-16,1996-12-05,1996-12-21,TAKE BACK RETURN,RAIL,requests. 
50724-5,50724,1413,14,5,8.00,10515.28,0.04,0.00,N,O,1997-02-07,1996-11-16,1997-02-19,TAKE BACK RETURN,REG AIR, express p
50725-1,50725,485,86,1,50.00,69274.00,0.09,0.08,A,F,1994-02-23,1994-01-03,1994-03-25,DELIVER IN PERSON,TRUCK,unusual pinto beans cajol
50725-2,50725,996,97,2,24.00,45527.76,0.05,0.00,R,F,1994-02-27,1994-01-15,1994-03-14,DELIVER IN PERSON,AIR,. slyly regular foxes haggl
50725-3,50725,1446,25,3,7.00,9432.08,0.01,0.05,A,F,1994-01-25,1994-01-10,1994-02-16,COLLECT COD,REG AIR,express asymptotes. quick
50725-4,50725,1687,70,4,22.00,34950.96,0.06,0.06,A,F,1994-02-01,1994-02-14,1994-02-23,NONE,SHIP,lar foxes bo
50725-5,50725,429,59,5,34.00,45200.28,0.09,0.03,R,F,1994-03-09,1994-02-11,1994-03-16,TAKE BACK RETURN,AIR,quickly. regular requests against the ca
50725-6,50725,56,7,6,18.00,17208.90,0.03,0.08,R,F,1994-03-17,1993-12-24,1994-04-09,NONE,FOB,ckly regul
50726-1,50726,1458,59,1,34.00,46221.30,0.10,0.07,N,O,1995-12-09,1996-01-25,1995-12-27,TAKE BACK RETURN,REG AIR,packages above the quic
50726-2,50726,1320,97,2,47.00,57402.04,0.06,0.00,N,O,1995-12-07,1996-01-16,1996-01-06,DELIVER IN PERSON,MAIL,ular theodolites eat qui
50726-3,50726,110,89,3,12.00,12121.32,0.03,0.07,N,O,1996-01-06,1995-12-20,1996-01-25,TAKE BACK RETURN,AIR,fix. carefully regular deposits w
50726-4,50726,1658,82,4,25.00,38991.25,0.07,0.05,N,O,1996-01-17,1996-01-20,1996-01-28,TAKE BACK RETURN,REG AIR,riously final platelets
50726-5,50726,1616,99,5,14.00,21246.54,0.01,0.00,N,O,1995-11-27,1995-12-28,1995-12-23,COLLECT COD,REG AIR,is. blithely regular courts aff
50726-6,50726,523,14,6,43.00,61211.36,0.05,0.04,N,O,1996-02-05,1995-12-24,1996-02-11,DELIVER IN PERSON,FOB, requests. ideas solve b
50726-7,50726,165,44,7,46.00,48997.36,0.02,0.05,N,O,1996-01-09,1995-12-28,1996-01-18,TAKE BACK RETURN,FOB,ackages sleep. ca
50727-1,50727,644,76,1,24.00,37071.36,0.06,0.08,N,O,1996-07-09,1996-07-30,1996-07-20,TAKE BACK RETURN,REG AIR, blithely regular requests believe ca
50752-1,50752,470,29,1,50.00,68523.50,0.07,0.07,A,F,1993-06-06,1993-07-03,1993-07-03,TAKE BACK RETURN,FOB,ets cajole boldly accordi
50752-2,50752,793,26,2,42.00,71139.18,0.09,0.04,A,F,1993-08-31,1993-07-10,1993-09-26,DELIVER IN PERSON,FOB, the slyly express s
50753-1,50753,1671,95,1,48.00,75488.16,0.07,0.04,N,O,1997-01-15,1997-04-03,1997-01-25,NONE,AIR,regular ac
50753-2,50753,159,12,2,44.00,46602.60,0.10,0.07,N,O,1997-04-23,1997-02-12,1997-05-02,TAKE BACK RETURN,FOB,. carefully bold requests x-ray carefully 
50753-3,50753,1345,60,3,44.00,54838.96,0.06,0.00,N,O,1997-01-09,1997-02-21,1997-02-01,NONE,MAIL,ironic foxes cajole against 
50753-4,50753,905,8,4,29.00,52371.10,0.00,0.07,N,O,1997-04-27,1997-03-29,1997-05-16,COLLECT COD,FOB,riously regular ideas. 
50754-1,50754,702,35,1,19.00,30451.30,0.08,0.07,R,F,1995-02-05,1995-02-14,1995-02-14,DELIVER IN PERSON,SHIP,n pinto beans hagg
50754-2,50754,1357,72,2,34.00,42783.90,0.02,0.05,R,F,1995-02-09,1995-01-26,1995-02-21,COLLECT COD,MAIL,ts above the accounts
50754-3,50754,1909,10,3,17.00,30785.30,0.01,0.08,A,F,1995-02-08,1995-01-13,1995-02-26,DELIVER IN PERSON,MAIL,"ole quickly. regular, unusual account"
50754-4,50754,447,6,4,14.00,18864.16,0.01,0.02,A,F,1994-12-24,1995-01-31,1995-01-21,COLLECT COD,AIR,l excuses are carefully s
50755-1,50755,1843,30,1,18.00,31407.12,0.09,0.00,N,O,1998-07-03,1998-07-08,1998-07-18,TAKE BACK RETURN,REG AIR,x above the furiously final deposits! furi
50755-2,50755,1553,34,2,9.00,13090.95,0.05,0.02,N,O,1998-06-22,1998-07-12,1998-07-07,COLLECT COD,TRUCK,eas are slyly. slyly regular requests
50756-1,50756,1666,90,1,21.00,32920.86,0.01,0.00,R,F,1993-09-22,1993-12-01,1993-10-21,TAKE BACK RETURN,TRUCK,regular theodolites. quickly final reque
50756-2,50756,615,78,2,40.00,60624.40,0.07,0.06,A,F,1993-09-17,1993-10-24,1993-10-12,NONE,AIR,"ng, slow theodolites cajole q"
50756-3,50756,1917,50,3,29.00,52748.39,0.08,0.07,A,F,1993-11-02,1993-12-03,1993-11-11,TAKE BACK RETURN,REG AIR,ckages acco
50756-4,50756,1485,3,4,37.00,51299.76,0.00,0.03,A,F,1993-11-06,1993-11-02,1993-11-11,COLLECT COD,AIR,ular packages. 
50756-5,50756,233,15,5,33.00,37396.59,0.02,0.08,R,F,1993-10-18,1993-12-07,1993-10-27,DELIVER IN PERSON,FOB,ts can integrate furiously b
50756-6,50756,277,59,6,13.00,15304.51,0.01,0.04,R,F,1994-01-09,1993-10-13,1994-01-20,COLLECT COD,RAIL,symptotes boost bus
50756-7,50756,373,2,7,41.00,52208.17,0.00,0.07,A,F,1993-12-18,1993-10-30,1993-12-20,DELIVER IN PERSON,REG AIR, fluffily speci
50757-1,50757,1325,26,1,30.00,36789.60,0.00,0.04,N,O,1997-05-04,1997-06-23,1997-05-13,COLLECT COD,MAIL,"gular, ironic frays. express ins"
50757-2,50757,1960,49,2,15.00,27929.40,0.02,0.04,N,O,1997-06-22,1997-06-03,1997-07-22,COLLECT COD,REG AIR,ironic pinto beans boost quic
50757-3,50757,379,36,3,17.00,21749.29,0.10,0.06,N,O,1997-05-07,1997-06-11,1997-05-28,TAKE BACK RETURN,AIR, courts! regul
50758-1,50758,248,30,1,50.00,57412.00,0.08,0.00,A,F,1992-07-16,1992-09-19,1992-08-03,COLLECT COD,MAIL,s. unusual asympt
50758-2,50758,669,1,2,29.00,45520.14,0.03,0.02,R,F,1992-09-25,1992-08-22,1992-10-12,DELIVER IN PERSON,MAIL, furiously acc
50759-1,50759,1999,100,1,7.00,13306.93,0.00,0.03,A,F,1993-06-24,1993-05-21,1993-06-29,DELIVER IN PERSON,TRUCK,ccounts use carefully outside the furio
50759-2,50759,39,90,2,1.00,939.03,0.04,0.08,A,F,1993-06-18,1993-05-10,1993-06-21,DELIVER IN PERSON,RAIL,bold requests must hav
50784-1,50784,1427,6,1,13.00,17269.46,0.03,0.03,R,F,1992-04-10,1992-03-26,1992-04-13,DELIVER IN PERSON,MAIL, silent ideas nag quickly ins
50785-1,50785,926,95,1,3.00,5480.76,0.07,0.05,N,O,1997-09-16,1997-10-24,1997-10-01,COLLECT COD,AIR,ven requests use quickly iron
50785-2,50785,1249,61,2,32.00,36807.68,0.03,0.08,N,O,1997-09-29,1997-11-13,1997-10-06,NONE,MAIL,silent frays are 
50785-3,50785,1661,85,3,3.00,4687.98,0.01,0.02,N,O,1998-01-01,1997-11-23,1998-01-03,COLLECT COD,TRUCK,lly pending packages ru
50785-4,50785,496,97,4,37.00,51670.13,0.07,0.07,N,O,1997-10-13,1997-10-16,1997-10-25,DELIVER IN PERSON,REG AIR,ously furious
50786-1,50786,1796,39,1,8.00,13582.32,0.04,0.00,R,F,1995-02-03,1994-12-23,1995-02-11,COLLECT COD,TRUCK,ly regular sheaves about the theodol
50786-2,50786,520,11,2,6.00,8523.12,0.06,0.04,A,F,1995-01-06,1995-01-04,1995-02-01,TAKE BACK RETURN,TRUCK,ts. furiously specia
50787-1,50787,707,72,1,28.00,45015.60,0.03,0.05,A,F,1994-03-11,1994-03-03,1994-03-15,TAKE BACK RETURN,RAIL,s wake car
50788-1,50788,841,8,1,42.00,73157.28,0.01,0.03,N,O,1998-09-01,1998-06-30,1998-09-10,DELIVER IN PERSON,AIR,endencies-- sly
50788-2,50788,628,29,2,48.00,73373.76,0.03,0.08,N,O,1998-07-20,1998-08-08,1998-08-05,COLLECT COD,SHIP,y even pinto beans.
50788-3,50788,210,92,3,11.00,12212.31,0.01,0.01,N,O,1998-08-21,1998-07-04,1998-08-30,DELIVER IN PERSON,MAIL,l deposits haggle. boldly expres
50788-4,50788,1323,38,4,11.00,13467.52,0.05,0.00,N,O,1998-09-07,1998-07-25,1998-09-25,NONE,REG AIR,phins are along
50788-5,50788,1708,93,5,22.00,35413.40,0.06,0.05,N,O,1998-09-04,1998-07-03,1998-09-06,TAKE BACK RETURN,RAIL,deas alongside of the ironic foxes nod ab
50789-1,50789,1591,32,1,47.00,70151.73,0.06,0.00,N,F,1995-06-14,1995-04-25,1995-07-09,TAKE BACK RETURN,REG AIR,y special requests
50789-2,50789,1707,50,2,18.00,28956.60,0.09,0.02,A,F,1995-04-19,1995-05-06,1995-05-07,TAKE BACK RETURN,TRUCK,the final excuses. blithel
50789-3,50789,1363,78,3,23.00,29080.28,0.02,0.00,R,F,1995-05-22,1995-05-08,1995-06-05,TAKE BACK RETURN,RAIL, boost according to the u
50790-1,50790,257,12,1,22.00,25459.50,0.06,0.02,N,O,1995-10-02,1995-10-12,1995-10-25,DELIVER IN PERSON,AIR,s. blithely ironic pinto be
50790-2,50790,188,67,2,2.00,2176.36,0.02,0.06,N,O,1995-10-29,1995-08-18,1995-11-20,TAKE BACK RETURN,REG AIR,ously at the furiously e
50791-1,50791,1885,15,1,39.00,69688.32,0.07,0.05,N,O,1998-05-27,1998-08-24,1998-05-28,NONE,FOB,ccording to the slyly
50791-2,50791,1030,1,2,7.00,6517.21,0.00,0.05,N,O,1998-09-14,1998-07-16,1998-10-07,TAKE BACK RETURN,SHIP,equests. quickly pending foxes detect sl
50816-1,50816,1948,93,1,37.00,68447.78,0.02,0.00,R,F,1994-05-07,1994-05-23,1994-05-14,TAKE BACK RETURN,FOB, boost abo
50816-2,50816,1043,79,2,50.00,47202.00,0.06,0.05,A,F,1994-07-01,1994-05-16,1994-07-29,NONE,FOB,theodolites wake quickly silent acco
50816-3,50816,163,90,3,19.00,20200.04,0.05,0.03,R,F,1994-06-25,1994-06-07,1994-07-11,COLLECT COD,TRUCK,e on the bl
50816-4,50816,1825,12,4,49.00,84614.18,0.06,0.05,A,F,1994-06-17,1994-06-14,1994-07-12,COLLECT COD,REG AIR,ng the thin accounts. blithely un
50817-1,50817,1749,50,1,30.00,49522.20,0.09,0.08,N,O,1996-06-29,1996-08-01,1996-07-01,TAKE BACK RETURN,RAIL,e quickly among the ex
50818-1,50818,239,40,1,35.00,39873.05,0.05,0.01,R,F,1992-12-04,1992-11-30,1992-12-14,NONE,SHIP,furiously carefully
50818-2,50818,178,5,2,24.00,25876.08,0.04,0.03,A,F,1993-01-10,1992-12-14,1993-01-19,DELIVER IN PERSON,FOB,al asymptotes. slyly sly excus
50818-3,50818,1735,78,3,18.00,29461.14,0.09,0.04,A,F,1993-01-20,1992-12-04,1993-02-11,DELIVER IN PERSON,RAIL,rges wake cl
50819-1,50819,1150,87,1,28.00,29432.20,0.02,0.08,N,O,1997-12-27,1997-12-18,1998-01-19,COLLECT COD,REG AIR,ular accounts! regular accounts haggle f
50819-2,50819,1156,57,2,28.00,29600.20,0.05,0.00,N,O,1998-02-05,1997-12-31,1998-02-15,NONE,TRUCK,regular packages. furiou
50820-1,50820,624,25,1,17.00,25918.54,0.07,0.06,N,O,1998-03-16,1998-04-30,1998-03-26,DELIVER IN PERSON,TRUCK,regular pinto beans sleep fin
50820-2,50820,1047,83,2,6.00,5688.24,0.06,0.08,N,O,1998-02-08,1998-04-29,1998-03-01,TAKE BACK RETURN,MAIL,xpress frets. carefully ironic platelets
50821-1,50821,906,41,1,9.00,16262.10,0.06,0.05,R,F,1992-02-17,1992-04-14,1992-02-19,NONE,MAIL,ions haggle slyly re
50821-2,50821,1242,17,2,39.00,44586.36,0.07,0.02,A,F,1992-03-26,1992-02-29,1992-03-31,COLLECT COD,REG AIR,regular courts sleep always above the car
50822-1,50822,915,18,1,19.00,34502.29,0.05,0.06,R,F,1992-04-28,1992-03-21,1992-05-15,NONE,TRUCK,equests wake quickly i
50822-2,50822,495,25,2,23.00,32096.27,0.04,0.03,A,F,1992-05-09,1992-04-24,1992-05-10,NONE,FOB,"x carefully even ideas. express, ironic c"
50822-3,50822,1489,90,3,42.00,58400.16,0.06,0.04,R,F,1992-03-14,1992-03-29,1992-04-06,NONE,REG AIR,arefully express ac
50822-4,50822,1485,64,4,34.00,47140.32,0.07,0.03,A,F,1992-02-19,1992-03-31,1992-03-14,COLLECT COD,SHIP,gular foxes. blithely ironic requests ha
50822-5,50822,263,64,5,47.00,54673.22,0.09,0.05,R,F,1992-03-20,1992-04-09,1992-04-01,DELIVER IN PERSON,AIR,"sual, final requests. specia"
50822-6,50822,229,11,6,29.00,32747.38,0.02,0.08,R,F,1992-05-13,1992-04-26,1992-05-23,TAKE BACK RETURN,TRUCK, special theodolites use before the accoun
50822-7,50822,337,66,7,5.00,6186.65,0.02,0.08,R,F,1992-05-29,1992-03-27,1992-06-08,TAKE BACK RETURN,REG AIR,nic theodolites doze furiously careful
50823-1,50823,676,39,1,35.00,55183.45,0.00,0.02,A,F,1994-09-25,1994-10-02,1994-10-02,DELIVER IN PERSON,TRUCK,cing instructions us
50823-2,50823,510,41,2,17.00,23978.67,0.01,0.06,R,F,1994-09-12,1994-09-07,1994-10-07,DELIVER IN PERSON,TRUCK,nstructions doze furiously about the furiou
50823-3,50823,1287,25,3,41.00,48719.48,0.00,0.08,R,F,1994-09-09,1994-08-23,1994-10-08,COLLECT COD,AIR,lar pinto beans haggle about the ca
50823-4,50823,1656,57,4,7.00,10903.55,0.10,0.04,R,F,1994-08-15,1994-08-21,1994-09-09,NONE,RAIL,snooze carefully sly
50823-5,50823,1416,56,5,43.00,56648.63,0.00,0.07,A,F,1994-08-12,1994-08-31,1994-08-19,COLLECT COD,REG AIR, dependencies-- ironic packages before
50848-1,50848,546,47,1,43.00,62201.22,0.06,0.01,R,F,1993-03-30,1993-02-19,1993-04-09,TAKE BACK RETURN,MAIL,kages; unusual pa
50849-1,50849,790,87,1,23.00,38888.17,0.06,0.04,R,F,1992-12-31,1992-12-05,1993-01-15,COLLECT COD,MAIL,"quickly even Tiresias cajole. bold,"
50849-2,50849,14,65,2,21.00,19194.21,0.01,0.02,R,F,1992-12-17,1992-11-25,1993-01-14,DELIVER IN PERSON,REG AIR,"l, bold packages mold "
50850-1,50850,91,42,1,37.00,36670.33,0.06,0.00,A,F,1994-06-23,1994-07-14,1994-07-04,COLLECT COD,TRUCK,nts agains
50850-2,50850,147,26,2,13.00,13612.82,0.05,0.01,A,F,1994-05-20,1994-07-21,1994-05-27,NONE,SHIP,"e slyly: regular, ironic accounts ac"
50850-3,50850,1735,62,3,15.00,24550.95,0.10,0.03,R,F,1994-07-17,1994-07-29,1994-08-02,DELIVER IN PERSON,FOB,lieve slyly. furiously final accounts i
50850-4,50850,189,90,4,40.00,43567.20,0.05,0.06,R,F,1994-07-05,1994-08-03,1994-07-17,TAKE BACK RETURN,SHIP,ts cajole slyly among the furiou
50850-5,50850,1849,36,5,33.00,57777.72,0.10,0.00,R,F,1994-06-17,1994-07-10,1994-06-22,DELIVER IN PERSON,SHIP,ar deposits. silently regular instruct
50850-6,50850,793,58,6,11.00,18631.69,0.10,0.08,A,F,1994-06-01,1994-07-09,1994-06-12,NONE,TRUCK,cies boost. re
50850-7,50850,702,67,7,2.00,3205.40,0.10,0.04,R,F,1994-05-08,1994-07-12,1994-05-22,TAKE BACK RETURN,TRUCK,hely quick notornis boost blithel
50851-1,50851,1546,87,1,3.00,4342.62,0.10,0.05,N,O,1998-05-24,1998-04-19,1998-06-13,TAKE BACK RETURN,TRUCK,". regular, final foxes sleep "
50851-2,50851,823,90,2,14.00,24133.48,0.10,0.06,N,O,1998-05-21,1998-06-07,1998-05-29,COLLECT COD,MAIL,ronic deposits alongside of 
50851-3,50851,1178,87,3,43.00,46404.31,0.08,0.04,N,O,1998-05-03,1998-05-29,1998-05-20,DELIVER IN PERSON,TRUCK,riously express dependencies slee
50851-4,50851,1442,60,4,48.00,64485.12,0.10,0.03,N,O,1998-06-10,1998-04-17,1998-06-16,NONE,RAIL,nstructions
50851-5,50851,1030,66,5,21.00,19551.63,0.09,0.01,N,O,1998-06-28,1998-05-05,1998-07-25,COLLECT COD,TRUCK," ironic requests. regular, pending d"
50851-6,50851,681,13,6,6.00,9490.08,0.04,0.08,N,O,1998-05-08,1998-04-16,1998-05-24,COLLECT COD,TRUCK,ter the carefully unusual deposits. furiou
50852-1,50852,276,31,1,13.00,15291.51,0.06,0.01,N,O,1995-09-20,1995-08-10,1995-09-22,TAKE BACK RETURN,RAIL,y unusual ideas
50852-2,50852,887,87,2,48.00,85818.24,0.08,0.02,N,O,1995-06-23,1995-08-02,1995-07-09,TAKE BACK RETURN,FOB,ajole slyly. caref
50852-3,50852,350,51,3,37.00,46262.95,0.02,0.05,N,O,1995-08-10,1995-07-21,1995-09-07,TAKE BACK RETURN,SHIP, gifts among the silently even acc
50852-4,50852,558,89,4,6.00,8751.30,0.10,0.07,N,O,1995-07-27,1995-08-02,1995-07-28,DELIVER IN PERSON,AIR,ions wake around the carefully even requ
50853-1,50853,553,14,1,25.00,36338.75,0.01,0.07,A,F,1994-07-07,1994-09-25,1994-07-22,DELIVER IN PERSON,FOB,ng accounts. furiously
50853-2,50853,1499,17,2,29.00,40614.21,0.09,0.06,A,F,1994-07-08,1994-07-30,1994-07-25,DELIVER IN PERSON,FOB,"ar, unusual pin"
50853-3,50853,1912,1,3,5.00,9069.55,0.09,0.07,A,F,1994-09-27,1994-09-16,1994-10-17,NONE,REG AIR,ainst the th
50853-4,50853,1349,50,4,23.00,28757.82,0.02,0.00,A,F,1994-10-05,1994-09-05,1994-11-01,NONE,FOB,ding to the carefully pending foxes. speci
50853-5,50853,478,79,5,7.00,9649.29,0.06,0.04,A,F,1994-10-22,1994-08-20,1994-11-06,NONE,MAIL,cial requests boost blithely regul
50854-1,50854,117,44,1,40.00,40684.40,0.02,0.03,N,O,1995-12-28,1996-02-19,1996-01-18,COLLECT COD,SHIP,"pecial, pending depo"
50854-2,50854,779,80,2,23.00,38634.71,0.04,0.06,N,O,1996-03-28,1996-02-23,1996-04-10,COLLECT COD,SHIP,egular requests nag slyly unusual dolphins.
50854-3,50854,1861,48,3,19.00,33494.34,0.01,0.04,N,O,1996-02-19,1996-01-29,1996-02-26,COLLECT COD,RAIL,"mong the final, regular requests"
50854-4,50854,60,86,4,44.00,42242.64,0.03,0.04,N,O,1996-03-01,1996-01-28,1996-03-27,DELIVER IN PERSON,RAIL,s wake furiously depos
50854-5,50854,1283,21,5,17.00,20132.76,0.08,0.08,N,O,1996-02-11,1996-03-02,1996-02-26,NONE,FOB,nts are above the furiously unusual 
50854-6,50854,1860,47,6,47.00,82807.42,0.03,0.01,N,O,1995-12-31,1996-02-03,1996-01-24,TAKE BACK RETURN,MAIL,"y final theodolites. express,"
50854-7,50854,610,73,7,45.00,67977.45,0.06,0.08,N,O,1996-03-24,1996-03-05,1996-04-21,COLLECT COD,SHIP, ideas nag boldl
50855-1,50855,101,28,1,47.00,47051.70,0.02,0.01,A,F,1992-07-03,1992-06-10,1992-07-29,TAKE BACK RETURN,AIR,ully final deposits nag carefully fur
50855-2,50855,1109,18,2,17.00,17171.70,0.04,0.03,R,F,1992-06-07,1992-06-10,1992-06-13,TAKE BACK RETURN,RAIL, detect packages. slyly bold reques
50880-1,50880,1637,61,1,45.00,69238.35,0.05,0.08,A,F,1995-05-01,1995-05-22,1995-05-20,COLLECT COD,TRUCK,fily final foxes
50880-2,50880,1529,70,2,13.00,18596.76,0.08,0.03,N,O,1995-07-14,1995-05-30,1995-07-23,COLLECT COD,AIR,ns about th
50880-3,50880,156,57,3,37.00,39077.55,0.00,0.03,A,F,1995-04-17,1995-05-15,1995-04-21,NONE,AIR,aggle quickly
50880-4,50880,671,65,4,19.00,29861.73,0.10,0.08,N,O,1995-06-27,1995-06-23,1995-07-04,TAKE BACK RETURN,REG AIR,r the regular deposits wake exc
50881-1,50881,1562,43,1,39.00,57078.84,0.09,0.07,N,O,1997-05-03,1997-03-14,1997-05-31,COLLECT COD,TRUCK, furiously even pinto bean
50882-1,50882,1985,86,1,42.00,79253.16,0.09,0.07,R,F,1993-12-22,1993-11-14,1994-01-02,COLLECT COD,FOB,ress foxes sublate quickly. furiou
50882-2,50882,1909,42,2,44.00,79679.60,0.02,0.02,R,F,1993-09-23,1993-11-25,1993-10-20,TAKE BACK RETURN,RAIL,ent accounts abou
50883-1,50883,790,87,1,43.00,72703.97,0.06,0.01,A,F,1992-08-28,1992-08-27,1992-09-01,TAKE BACK RETURN,AIR,ending packages. carefully even Tiresias h
50883-2,50883,150,51,2,34.00,35705.10,0.05,0.02,R,F,1992-07-09,1992-07-09,1992-07-24,TAKE BACK RETURN,REG AIR,ess quickly across the express asym
50883-3,50883,1648,90,3,27.00,41840.28,0.09,0.04,R,F,1992-08-15,1992-08-13,1992-08-16,NONE,TRUCK,ular pinto beans int
50884-1,50884,1004,75,1,46.00,41630.00,0.03,0.02,N,O,1998-11-16,1998-10-24,1998-12-16,COLLECT COD,REG AIR,"inal, fina"
50884-2,50884,149,50,2,3.00,3147.42,0.10,0.02,N,O,1998-09-23,1998-10-09,1998-10-17,DELIVER IN PERSON,SHIP,und the theo
50884-3,50884,917,18,3,28.00,50901.48,0.05,0.08,N,O,1998-09-10,1998-10-16,1998-09-29,TAKE BACK RETURN,TRUCK,ial excuses cajole furiously. dugouts ar
50884-4,50884,1035,41,4,49.00,45865.47,0.02,0.07,N,O,1998-09-12,1998-09-09,1998-10-01,TAKE BACK RETURN,RAIL,se excuses. requests run fu
50884-5,50884,1324,39,5,35.00,42886.20,0.05,0.01,N,O,1998-10-24,1998-08-30,1998-10-30,TAKE BACK RETURN,TRUCK,". silent, even ideas sleep slyly along the "
50885-1,50885,1161,34,1,37.00,39299.92,0.08,0.02,A,F,1995-02-07,1995-01-02,1995-02-16,COLLECT COD,REG AIR,rls haggle along the ironic t
50885-2,50885,1331,8,2,36.00,44363.88,0.03,0.04,A,F,1994-11-28,1995-01-01,1994-12-03,COLLECT COD,AIR,fluffily among 
50886-1,50886,1466,67,1,39.00,53330.94,0.04,0.04,N,O,1998-05-10,1998-07-22,1998-05-28,TAKE BACK RETURN,REG AIR,ss dugouts wake slyly accounts. slyly spec
50886-2,50886,1362,39,2,45.00,56851.20,0.09,0.04,N,O,1998-05-31,1998-06-14,1998-06-21,COLLECT COD,REG AIR, theodolites nag carefully.
50886-3,50886,1893,37,3,18.00,32308.02,0.03,0.06,N,O,1998-05-14,1998-07-01,1998-06-04,COLLECT COD,AIR,ve the carefully unusu
50887-1,50887,134,87,1,31.00,32058.03,0.08,0.04,A,F,1993-09-28,1993-08-03,1993-09-30,NONE,FOB,uctions. stealthy requests haggle blithel
50887-2,50887,773,6,2,32.00,53560.64,0.01,0.05,R,F,1993-06-20,1993-08-09,1993-06-29,TAKE BACK RETURN,SHIP,ions nag. final accounts above the
50887-3,50887,336,65,3,6.00,7417.98,0.09,0.06,A,F,1993-06-15,1993-07-18,1993-06-19,NONE,FOB,ly among the carefully even requests
50887-4,50887,1134,71,4,43.00,44510.59,0.10,0.08,A,F,1993-06-09,1993-08-21,1993-07-08,COLLECT COD,MAIL,ronic instruct
50912-1,50912,134,87,1,27.00,27921.51,0.06,0.06,N,O,1996-02-16,1996-03-23,1996-03-11,NONE,RAIL,h fluffily
50912-2,50912,1951,96,2,46.00,85235.70,0.08,0.04,N,O,1996-04-11,1996-04-09,1996-04-26,COLLECT COD,TRUCK, players. furiously regular foxes abou
50912-3,50912,7,33,3,44.00,39908.00,0.02,0.04,N,O,1996-03-01,1996-04-17,1996-03-22,DELIVER IN PERSON,SHIP,s. quiet requests wake f
50912-4,50912,211,39,4,24.00,26669.04,0.03,0.03,N,O,1996-03-20,1996-04-09,1996-04-08,TAKE BACK RETURN,TRUCK,endencies are slyly-- packages cajole accou
50913-1,50913,274,56,1,16.00,18788.32,0.02,0.02,N,O,1997-06-01,1997-05-09,1997-06-08,NONE,MAIL,ccounts after the regular 
50913-2,50913,1855,56,2,5.00,8784.25,0.10,0.00,N,O,1997-04-06,1997-05-22,1997-04-26,NONE,MAIL,es about the ironic t
50913-3,50913,1986,87,3,36.00,67967.28,0.00,0.05,N,O,1997-02-23,1997-05-05,1997-03-11,COLLECT COD,MAIL," affix regular, regular deposits. s"
50913-4,50913,1909,98,4,14.00,25352.60,0.03,0.03,N,O,1997-06-11,1997-04-20,1997-06-12,COLLECT COD,RAIL, quickly special packages around
50913-5,50913,1651,34,5,3.00,4657.95,0.07,0.01,N,O,1997-04-11,1997-05-10,1997-05-01,COLLECT COD,RAIL,dolites cajole blithely pending de
50913-6,50913,854,54,6,44.00,77213.40,0.07,0.00,N,O,1997-05-26,1997-05-06,1997-06-05,DELIVER IN PERSON,AIR,deas. regul
50913-7,50913,1587,88,7,19.00,28283.02,0.07,0.04,N,O,1997-05-12,1997-05-16,1997-06-02,DELIVER IN PERSON,RAIL,ding to the evenly regular th
50914-1,50914,1577,98,1,32.00,47314.24,0.01,0.04,R,F,1992-07-27,1992-09-25,1992-08-02,DELIVER IN PERSON,MAIL,furiously pending accounts
50914-2,50914,1060,66,2,12.00,11532.72,0.02,0.05,R,F,1992-08-20,1992-08-21,1992-09-18,NONE,RAIL,eodolites haggle into the sometimes 
50914-3,50914,430,89,3,44.00,58538.92,0.01,0.06,A,F,1992-07-19,1992-08-03,1992-08-02,TAKE BACK RETURN,REG AIR,s haggle ironically. 
50914-4,50914,520,21,4,16.00,22728.32,0.02,0.07,R,F,1992-09-07,1992-08-19,1992-10-03,DELIVER IN PERSON,REG AIR,ly final accounts haggle carefully. b
50914-5,50914,1506,87,5,47.00,66152.50,0.04,0.03,R,F,1992-07-09,1992-10-01,1992-07-16,NONE,TRUCK,ages use careful
50914-6,50914,1746,89,6,27.00,44488.98,0.07,0.08,R,F,1992-10-20,1992-08-04,1992-11-17,DELIVER IN PERSON,TRUCK,lites. final accounts sleep quickly re
50914-7,50914,234,16,7,31.00,35161.13,0.10,0.06,A,F,1992-07-23,1992-09-12,1992-08-07,COLLECT COD,SHIP,"ial, bold deposits a"
50915-1,50915,877,11,1,6.00,10667.22,0.10,0.08,N,O,1996-07-16,1996-06-28,1996-07-20,COLLECT COD,REG AIR,ully quickly u
50915-2,50915,1575,76,2,22.00,32484.54,0.04,0.03,N,O,1996-06-22,1996-07-04,1996-06-27,COLLECT COD,FOB,pending asympt
50915-3,50915,106,7,3,11.00,11067.10,0.03,0.05,N,O,1996-05-30,1996-06-21,1996-06-13,NONE,RAIL,o beans are carefully! slyly even
50916-1,50916,1565,86,1,22.00,32264.32,0.01,0.00,R,F,1994-10-13,1994-09-29,1994-10-14,TAKE BACK RETURN,RAIL, fluffily bold accounts use qu
50916-2,50916,643,75,2,50.00,77182.00,0.09,0.06,A,F,1994-10-29,1994-10-31,1994-11-11,COLLECT COD,AIR,ully ironic dependencies wa
50917-1,50917,1235,73,1,20.00,22724.60,0.03,0.04,A,F,1994-08-25,1994-09-03,1994-09-17,DELIVER IN PERSON,MAIL, accounts. slyly sile
50917-2,50917,1734,19,2,50.00,81786.50,0.10,0.04,A,F,1994-10-29,1994-09-22,1994-11-03,NONE,REG AIR,s boost-- fluffily even depende
50918-1,50918,399,28,1,31.00,40281.09,0.03,0.02,R,F,1993-12-07,1994-01-04,1994-01-05,NONE,MAIL, about the slyly 
50918-2,50918,1146,19,2,36.00,37697.04,0.05,0.03,A,F,1994-04-03,1994-01-08,1994-04-10,COLLECT COD,AIR,ly even accounts. regular dolphins na
50918-3,50918,1450,51,3,42.00,56760.90,0.09,0.05,R,F,1994-03-19,1994-01-07,1994-03-20,TAKE BACK RETURN,FOB," final, silent ideas. requests"
50918-4,50918,1716,59,4,1.00,1617.71,0.05,0.06,R,F,1994-01-01,1994-01-19,1994-01-08,NONE,AIR,nto beans. regular som
50918-5,50918,1799,42,5,44.00,74834.76,0.06,0.01,A,F,1994-02-16,1994-01-24,1994-02-23,DELIVER IN PERSON,MAIL, theodolites
50918-6,50918,677,78,6,5.00,7888.35,0.07,0.01,R,F,1993-12-26,1994-03-03,1993-12-29,TAKE BACK RETURN,MAIL,"lar, express i"
50919-1,50919,878,12,1,27.00,48029.49,0.02,0.04,N,O,1995-07-21,1995-09-10,1995-08-11,TAKE BACK RETURN,MAIL,nusual accounts lose furiousl
50919-2,50919,229,11,2,3.00,3387.66,0.01,0.02,N,O,1995-07-15,1995-09-08,1995-08-11,NONE,SHIP, the packages boost al
50919-3,50919,535,36,3,37.00,53114.61,0.02,0.06,N,O,1995-10-17,1995-08-13,1995-11-05,DELIVER IN PERSON,FOB,ully express
50919-4,50919,1127,28,4,23.00,23646.76,0.05,0.00,N,O,1995-10-17,1995-08-18,1995-11-04,DELIVER IN PERSON,SHIP,avely special pack
50944-1,50944,1110,19,1,42.00,42466.62,0.03,0.02,N,O,1998-07-22,1998-09-13,1998-08-16,DELIVER IN PERSON,RAIL,uests nag quickly furiously ironic ac
50944-2,50944,1629,53,2,45.00,68877.90,0.06,0.01,N,O,1998-08-08,1998-09-07,1998-08-24,TAKE BACK RETURN,REG AIR,ckages haggle
50944-3,50944,1081,82,3,29.00,28480.32,0.01,0.06,N,O,1998-09-14,1998-08-20,1998-09-30,TAKE BACK RETURN,TRUCK,fully even ideas. closely bold 
50944-4,50944,1663,46,4,27.00,42245.82,0.04,0.08,N,O,1998-09-02,1998-08-05,1998-09-13,NONE,REG AIR,st sleep slyly among th
50944-5,50944,736,33,5,38.00,62195.74,0.00,0.08,N,O,1998-09-10,1998-08-28,1998-09-15,NONE,MAIL,ual sentiments. carefu
50945-1,50945,1130,67,1,29.00,29902.77,0.06,0.03,R,F,1995-03-02,1995-03-07,1995-03-17,NONE,MAIL, idle excuses. evenly ironic
50945-2,50945,785,50,2,13.00,21915.14,0.02,0.06,R,F,1995-04-25,1995-02-08,1995-04-28,COLLECT COD,REG AIR,final instructions integrate carefu
50945-3,50945,1647,48,3,39.00,60396.96,0.08,0.00,A,F,1995-02-03,1995-02-18,1995-02-04,DELIVER IN PERSON,RAIL,al sauternes wake above 
50946-1,50946,1110,83,1,43.00,43477.73,0.02,0.07,N,O,1998-09-08,1998-09-04,1998-10-01,DELIVER IN PERSON,SHIP, enticing accounts; blit
50946-2,50946,1209,10,2,47.00,52179.40,0.08,0.01,N,O,1998-08-05,1998-08-16,1998-08-11,DELIVER IN PERSON,AIR,ress accounts. instructions wake ag
50947-1,50947,1930,31,1,40.00,73277.20,0.03,0.07,N,O,1996-03-31,1996-03-12,1996-04-02,DELIVER IN PERSON,AIR,ial requests according to the pac
50947-2,50947,1074,75,2,33.00,32177.31,0.02,0.03,N,O,1996-02-20,1996-04-11,1996-03-10,NONE,AIR,lithely across the furiously even theo
50947-3,50947,133,86,3,21.00,21695.73,0.01,0.01,N,O,1996-03-30,1996-05-07,1996-04-09,COLLECT COD,FOB, requests. furio
50947-4,50947,1305,82,4,3.00,3618.90,0.08,0.00,N,O,1996-03-21,1996-04-23,1996-03-30,NONE,RAIL,l requests
50947-5,50947,656,19,5,47.00,73162.55,0.02,0.03,N,O,1996-02-15,1996-04-27,1996-03-06,TAKE BACK RETURN,MAIL, haggle quickly final pinto beans. 
50947-6,50947,1426,27,6,3.00,3982.26,0.00,0.07,N,O,1996-04-13,1996-03-28,1996-05-03,NONE,REG AIR,ular platelets are blithely
50948-1,50948,1957,46,1,39.00,72499.05,0.10,0.07,A,F,1994-11-03,1994-09-28,1994-11-16,DELIVER IN PERSON,SHIP,odolites. unusual warth
50949-1,50949,47,23,1,32.00,30305.28,0.02,0.08,R,F,1995-04-17,1995-05-03,1995-04-18,NONE,AIR,accounts lose carefully special ex
50949-2,50949,1196,33,2,33.00,36207.27,0.07,0.04,R,F,1995-05-17,1995-03-15,1995-06-15,COLLECT COD,RAIL,ithely final accounts engage furiously 
50949-3,50949,150,3,3,19.00,19952.85,0.08,0.04,R,F,1995-04-23,1995-04-09,1995-05-10,NONE,AIR, requests. furiously special th
50949-4,50949,408,96,4,26.00,34018.40,0.08,0.04,R,F,1995-03-03,1995-04-23,1995-03-21,COLLECT COD,RAIL,"deposits. even, bold foxes"
50950-1,50950,761,62,1,4.00,6647.04,0.01,0.00,R,F,1993-01-08,1993-03-11,1993-01-24,DELIVER IN PERSON,TRUCK,"urts. unusual, ironic deposits haggle c"
50950-2,50950,1602,26,2,49.00,73676.40,0.01,0.03,R,F,1993-01-19,1993-02-17,1993-01-20,NONE,SHIP, cajole. ironic accounts boost quick
50950-3,50950,1744,87,3,49.00,80641.26,0.01,0.04,R,F,1993-03-25,1993-02-27,1993-04-12,NONE,REG AIR,aggle about the quickly furious dep
50950-4,50950,860,94,4,20.00,35217.20,0.05,0.07,A,F,1993-01-20,1993-03-12,1993-02-01,NONE,RAIL, theodolites acros
50951-1,50951,25,26,1,18.00,16650.36,0.07,0.07,A,F,1992-04-29,1992-05-31,1992-04-30,TAKE BACK RETURN,TRUCK,"slyly according to the special, s"
50951-2,50951,1665,7,2,41.00,64233.06,0.10,0.03,R,F,1992-05-24,1992-05-24,1992-06-21,COLLECT COD,SHIP,lly regular
50951-3,50951,1397,98,3,12.00,15580.68,0.09,0.00,A,F,1992-04-21,1992-05-24,1992-05-03,COLLECT COD,AIR, even asymptotes na
50951-4,50951,1483,23,4,4.00,5537.92,0.00,0.05,R,F,1992-07-22,1992-05-12,1992-08-05,TAKE BACK RETURN,AIR,accounts. accou
50951-5,50951,146,73,5,17.00,17784.38,0.09,0.00,R,F,1992-07-12,1992-06-05,1992-07-31,TAKE BACK RETURN,RAIL, the furiously fi
50951-6,50951,1108,9,6,17.00,17154.70,0.02,0.03,R,F,1992-04-05,1992-05-18,1992-04-23,NONE,TRUCK,its cajole furiously throughout the 
50976-1,50976,1766,9,1,23.00,38358.48,0.01,0.08,R,F,1995-03-02,1995-01-31,1995-03-15,NONE,MAIL,cajole. quickly ironic packages shoul
50976-2,50976,1578,99,2,39.00,57703.23,0.09,0.03,A,F,1995-02-06,1995-01-18,1995-02-10,NONE,TRUCK, requests across the ruthlessly pend
50976-3,50976,1982,27,3,7.00,13187.86,0.08,0.07,R,F,1995-02-04,1995-01-22,1995-02-23,TAKE BACK RETURN,AIR,lar instructions wake quickly about
50977-1,50977,708,9,1,18.00,28956.60,0.09,0.07,R,F,1992-07-31,1992-08-18,1992-08-06,TAKE BACK RETURN,RAIL,thily according to the slyly ironic acco
50977-2,50977,1341,56,2,29.00,36027.86,0.04,0.01,R,F,1992-07-12,1992-08-26,1992-07-24,DELIVER IN PERSON,RAIL,ironic excuses
50977-3,50977,1207,45,3,37.00,41003.40,0.08,0.08,R,F,1992-07-13,1992-09-04,1992-08-06,DELIVER IN PERSON,AIR,packages boost blith
50977-4,50977,825,92,4,27.00,46597.14,0.07,0.02,R,F,1992-10-07,1992-08-03,1992-10-11,NONE,FOB,packages solve abo
50977-5,50977,1230,5,5,26.00,29411.98,0.02,0.01,R,F,1992-10-09,1992-07-13,1992-10-29,TAKE BACK RETURN,SHIP,counts snooze slyly quickly s
50977-6,50977,1072,78,6,45.00,43788.15,0.00,0.05,R,F,1992-08-20,1992-09-05,1992-08-27,COLLECT COD,AIR,telets. blit
50978-1,50978,160,39,1,45.00,47707.20,0.00,0.00,A,F,1992-05-09,1992-05-02,1992-06-07,TAKE BACK RETURN,REG AIR,ackages. deposits use stealt
50978-2,50978,1102,3,2,40.00,40124.00,0.09,0.08,R,F,1992-06-14,1992-05-14,1992-06-27,NONE,RAIL,tes. even deposits sleep requests
50978-3,50978,232,33,3,9.00,10190.07,0.02,0.04,A,F,1992-04-11,1992-05-27,1992-04-22,COLLECT COD,MAIL,"fully regular,"
50979-1,50979,561,22,1,38.00,55539.28,0.03,0.02,A,F,1992-08-10,1992-06-01,1992-08-12,TAKE BACK RETURN,AIR,ar excuses. r
50979-2,50979,383,40,2,33.00,42351.54,0.08,0.04,A,F,1992-05-10,1992-06-07,1992-05-25,NONE,REG AIR,"y bold deposits boost. even, special hock"
50979-3,50979,1288,89,3,21.00,24974.88,0.08,0.05,A,F,1992-06-11,1992-06-15,1992-06-23,TAKE BACK RETURN,REG AIR,ts. slyly express accou
50979-4,50979,1589,10,4,45.00,67076.10,0.03,0.01,A,F,1992-04-21,1992-07-10,1992-05-07,DELIVER IN PERSON,AIR,usly regular deposi
50979-5,50979,1861,91,5,41.00,72277.26,0.01,0.02,A,F,1992-06-15,1992-06-16,1992-06-17,NONE,REG AIR,ts hang blithely behind the furiously regul
50980-1,50980,1190,99,1,13.00,14185.47,0.03,0.01,N,O,1998-05-05,1998-04-28,1998-05-19,TAKE BACK RETURN,FOB, requests are furiously. 
50981-1,50981,1076,77,1,44.00,42991.08,0.04,0.06,R,F,1994-11-05,1994-10-27,1994-11-07,DELIVER IN PERSON,MAIL,uriously after the blith
50981-2,50981,652,15,2,44.00,68316.60,0.03,0.03,A,F,1994-09-21,1994-09-08,1994-10-11,DELIVER IN PERSON,MAIL,er the furious
50981-3,50981,1924,69,3,20.00,36518.40,0.04,0.02,R,F,1994-08-21,1994-09-12,1994-09-11,NONE,SHIP,"efully regular, final requests. excuse"
50981-4,50981,248,76,4,11.00,12630.64,0.09,0.02,R,F,1994-11-24,1994-09-17,1994-12-13,NONE,FOB," ironic, even accounts wake furiously. pend"
50982-1,50982,1043,14,1,46.00,43425.84,0.00,0.04,A,F,1992-07-18,1992-05-25,1992-08-11,TAKE BACK RETURN,TRUCK,"y regular accounts use carefully regular, s"
50982-2,50982,299,100,2,12.00,14391.48,0.08,0.07,R,F,1992-04-27,1992-06-17,1992-05-05,DELIVER IN PERSON,AIR,"lar ideas. final, pending ideas cajole "
50982-3,50982,1090,91,3,4.00,3964.36,0.07,0.07,A,F,1992-06-22,1992-07-14,1992-07-14,TAKE BACK RETURN,FOB,y across the blithe
50982-4,50982,544,35,4,44.00,63559.76,0.04,0.02,R,F,1992-08-11,1992-05-19,1992-08-28,COLLECT COD,FOB,ly; ironic theo
50983-1,50983,537,98,1,34.00,48876.02,0.05,0.04,N,O,1995-10-06,1995-08-08,1995-10-31,TAKE BACK RETURN,TRUCK,uests. slyly fl
50983-2,50983,497,56,2,45.00,62887.05,0.08,0.01,N,O,1995-07-05,1995-09-20,1995-07-11,TAKE BACK RETURN,TRUCK,s? final accounts sleep blithe
50983-3,50983,447,48,3,46.00,61982.24,0.01,0.00,N,O,1995-07-26,1995-08-01,1995-08-24,DELIVER IN PERSON,AIR,ccounts do integrate ideas. ironic t
50983-4,50983,712,45,4,33.00,53219.43,0.06,0.04,N,O,1995-07-15,1995-08-04,1995-08-05,DELIVER IN PERSON,FOB,luffily regular pinto beans. pendi
50983-5,50983,1942,31,5,13.00,23971.22,0.03,0.08,N,O,1995-10-16,1995-09-11,1995-11-06,TAKE BACK RETURN,FOB,ccounts boost slyly 
50983-6,50983,494,95,6,36.00,50201.64,0.04,0.01,N,O,1995-09-12,1995-08-12,1995-10-08,COLLECT COD,AIR,ic accounts haggle. d
51008-1,51008,445,33,1,41.00,55163.04,0.08,0.01,N,O,1995-12-01,1995-10-14,1995-12-29,COLLECT COD,SHIP,nal theodolites sleep carefully pa
51008-2,51008,1061,67,2,36.00,34634.16,0.08,0.00,N,O,1995-11-17,1995-10-02,1995-12-14,DELIVER IN PERSON,TRUCK,gle slyly. quickly final packages about th
51008-3,51008,334,35,3,41.00,50607.53,0.08,0.00,N,O,1995-10-18,1995-11-06,1995-11-08,NONE,SHIP,es. quickly reg
51008-4,51008,1527,48,4,38.00,54283.76,0.02,0.05,N,O,1995-12-07,1995-10-04,1995-12-19,NONE,RAIL,"sual theodolites. silent, regular account"
51008-5,51008,1460,78,5,37.00,50374.02,0.08,0.07,N,O,1995-11-18,1995-11-10,1995-12-17,TAKE BACK RETURN,FOB,old accoun
51008-6,51008,801,68,6,26.00,44246.80,0.06,0.03,N,O,1995-11-20,1995-10-08,1995-12-15,TAKE BACK RETURN,SHIP,"es are furiously after the ironic, u"
51009-1,51009,721,18,1,41.00,66490.52,0.08,0.08,N,O,1996-01-15,1995-12-26,1996-02-13,DELIVER IN PERSON,FOB,y express requests. slyly ironic pint
51009-2,51009,1296,34,2,31.00,37115.99,0.04,0.02,N,O,1995-11-25,1996-01-02,1995-12-24,NONE,REG AIR,haggle alongside of the caref
51009-3,51009,974,77,3,22.00,41249.34,0.10,0.07,N,O,1995-12-18,1995-12-18,1995-12-23,COLLECT COD,AIR,ccounts. carefully bo
51009-4,51009,1075,11,4,49.00,47827.43,0.01,0.08,N,O,1995-11-15,1996-01-20,1995-12-10,DELIVER IN PERSON,REG AIR, special courts. packages along the blithe
51009-5,51009,843,44,5,23.00,40108.32,0.08,0.02,N,O,1995-12-04,1995-12-19,1995-12-09,COLLECT COD,TRUCK,final accounts haggle. furiously bold fox
51009-6,51009,1871,1,6,41.00,72687.67,0.03,0.01,N,O,1996-01-31,1995-12-21,1996-02-27,TAKE BACK RETURN,AIR,ly. slowly unusual theodolites about 
51009-7,51009,933,34,7,21.00,38512.53,0.04,0.05,N,O,1996-01-21,1995-12-18,1996-02-14,TAKE BACK RETURN,RAIL,hockey playe
51010-1,51010,198,25,1,27.00,29651.13,0.06,0.01,A,F,1993-12-18,1993-11-17,1993-12-22,TAKE BACK RETURN,AIR, requests wake furiousl
51010-2,51010,959,62,2,9.00,16739.55,0.03,0.01,A,F,1993-11-28,1993-12-07,1993-12-10,TAKE BACK RETURN,RAIL,"kly final Tiresias. daring, express de"
51011-1,51011,831,31,1,40.00,69273.20,0.07,0.01,A,F,1993-06-12,1993-08-18,1993-07-02,TAKE BACK RETURN,AIR,"otes. ironic, unus"
51011-2,51011,413,1,2,21.00,27581.61,0.02,0.06,A,F,1993-06-25,1993-08-17,1993-07-10,NONE,RAIL,quickly regular packages. s
51011-3,51011,725,22,3,38.00,61777.36,0.03,0.03,A,F,1993-09-03,1993-07-22,1993-09-09,COLLECT COD,RAIL,"ost pinto beans. regular, "
51012-1,51012,226,27,1,49.00,55184.78,0.00,0.04,N,O,1995-08-18,1995-06-30,1995-09-07,DELIVER IN PERSON,RAIL,y final fox
51012-2,51012,453,83,2,38.00,51431.10,0.09,0.00,N,F,1995-06-01,1995-07-05,1995-06-20,DELIVER IN PERSON,RAIL,poach against the qui
51013-1,51013,701,66,1,10.00,16017.00,0.03,0.00,A,F,1993-04-23,1993-05-29,1993-05-06,COLLECT COD,REG AIR,nic courts use blithely regular pa
51014-1,51014,1843,73,1,3.00,5234.52,0.08,0.03,N,O,1996-09-03,1996-10-25,1996-09-17,COLLECT COD,FOB,. regular requests s
51014-2,51014,1173,10,2,22.00,23631.74,0.10,0.06,N,O,1996-10-08,1996-10-28,1996-10-21,NONE,SHIP,ependencies hag
51014-3,51014,203,4,3,40.00,44128.00,0.05,0.08,N,O,1996-09-21,1996-10-06,1996-09-29,TAKE BACK RETURN,TRUCK,he ironic ideas
51014-4,51014,1603,4,4,48.00,72220.80,0.01,0.08,N,O,1996-11-11,1996-09-18,1996-11-20,NONE,REG AIR,ckages haggle slyly regular foxe
51014-5,51014,1617,100,5,12.00,18223.32,0.08,0.01,N,O,1996-09-25,1996-09-10,1996-10-11,DELIVER IN PERSON,AIR,d asymptotes haggle. slyly ir
51014-6,51014,81,7,6,17.00,16678.36,0.01,0.05,N,O,1996-08-13,1996-09-24,1996-08-31,TAKE BACK RETURN,RAIL,ual accounts. f
51015-1,51015,1716,17,1,42.00,67943.82,0.01,0.02,A,F,1994-03-16,1994-03-22,1994-03-29,NONE,AIR,furiously ironic deposits. q
51015-2,51015,1669,70,2,17.00,26701.22,0.00,0.07,R,F,1994-04-11,1994-03-22,1994-04-13,COLLECT COD,MAIL,carefully express asympt
51040-1,51040,1769,12,1,42.00,70171.92,0.00,0.00,N,O,1997-04-13,1997-03-13,1997-04-27,DELIVER IN PERSON,TRUCK,cording to the ironic pinto beans sleep
51040-2,51040,1812,99,2,35.00,59983.35,0.05,0.06,N,O,1997-03-13,1997-04-03,1997-03-16,NONE,MAIL,uickly even packages affix carefully. slyly
51041-1,51041,1117,54,1,31.00,31561.41,0.03,0.04,A,F,1993-11-11,1993-09-30,1993-11-23,COLLECT COD,SHIP,usly regular deposits cajole b
51041-2,51041,1185,22,2,15.00,16292.70,0.07,0.02,R,F,1993-08-05,1993-09-15,1993-08-22,DELIVER IN PERSON,AIR,ly along the final accounts. sometimes 
51042-1,51042,1118,19,1,37.00,37707.07,0.09,0.06,N,O,1998-01-13,1998-02-18,1998-01-24,TAKE BACK RETURN,TRUCK,iously even
51042-2,51042,1493,33,2,37.00,51596.13,0.08,0.00,N,O,1998-02-04,1998-01-06,1998-02-05,NONE,RAIL,lets. slyly regular packages in
51042-3,51042,1527,48,3,43.00,61426.36,0.00,0.04,N,O,1998-03-14,1998-01-06,1998-04-06,COLLECT COD,RAIL,quests? flu
51042-4,51042,62,63,4,39.00,37520.34,0.07,0.01,N,O,1998-03-26,1998-03-04,1998-04-01,NONE,SHIP,tructions cajole furiously aga
51042-5,51042,1559,80,5,12.00,17526.60,0.09,0.07,N,O,1998-03-11,1998-01-12,1998-04-10,COLLECT COD,REG AIR,an haggle ironic dolphins. carefu
51042-6,51042,1787,88,6,34.00,57418.52,0.10,0.06,N,O,1998-03-28,1998-01-31,1998-04-12,DELIVER IN PERSON,RAIL,according to the bold platelets. bli
51042-7,51042,1123,24,7,20.00,20482.40,0.02,0.02,N,O,1998-02-06,1998-03-01,1998-03-02,DELIVER IN PERSON,TRUCK, slyly silent accounts d
51043-1,51043,832,33,1,23.00,39855.09,0.04,0.04,N,O,1997-06-16,1997-07-23,1997-07-15,NONE,SHIP,carefully ironic ideas haggle carefully a
51044-1,51044,1361,100,1,11.00,13885.96,0.06,0.06,R,F,1992-05-16,1992-03-11,1992-05-31,DELIVER IN PERSON,REG AIR,es use furiously. slyly slow dep
51044-2,51044,1095,96,2,7.00,6972.63,0.06,0.02,A,F,1992-04-20,1992-03-25,1992-05-13,COLLECT COD,TRUCK, beans cajole under the blithely fi
51044-3,51044,1502,3,3,32.00,44912.00,0.10,0.00,A,F,1992-03-19,1992-04-12,1992-03-20,DELIVER IN PERSON,REG AIR,lar pinto beans grow
51044-4,51044,526,57,4,43.00,61340.36,0.06,0.04,R,F,1992-04-29,1992-03-22,1992-05-25,TAKE BACK RETURN,AIR,equests detect ironic ideas. quickly unus
51044-5,51044,590,91,5,6.00,8943.54,0.02,0.06,R,F,1992-03-03,1992-04-04,1992-03-20,COLLECT COD,REG AIR,ic deposits impress q
51044-6,51044,1124,61,6,14.00,14351.68,0.02,0.04,R,F,1992-04-03,1992-03-22,1992-04-07,NONE,SHIP,ully ruthless accounts; furi
51044-7,51044,946,15,7,34.00,62795.96,0.04,0.05,R,F,1992-01-23,1992-03-15,1992-02-09,TAKE BACK RETURN,TRUCK, to the slyly reg
51045-1,51045,401,31,1,20.00,26028.00,0.04,0.00,R,F,1992-10-29,1993-01-05,1992-11-27,DELIVER IN PERSON,REG AIR,ts wake furiously. ironic acc
51045-2,51045,1757,84,2,19.00,31516.25,0.05,0.08,R,F,1992-10-19,1992-11-30,1992-10-25,NONE,RAIL,to beans cajole carefully. bol
51045-3,51045,735,68,3,20.00,32714.60,0.06,0.03,R,F,1993-01-17,1992-12-04,1993-01-19,COLLECT COD,TRUCK,efully about the quickly silen
51045-4,51045,1798,41,4,26.00,44194.54,0.08,0.08,A,F,1993-01-16,1993-01-06,1993-02-12,DELIVER IN PERSON,REG AIR,ffily. instructions acco
51045-5,51045,1771,14,5,42.00,70256.34,0.07,0.03,R,F,1993-01-19,1992-12-15,1993-01-23,DELIVER IN PERSON,FOB,en deposits. quickly ironic theodo
51045-6,51045,102,29,6,42.00,42088.20,0.04,0.03,R,F,1992-11-01,1993-01-12,1992-12-01,DELIVER IN PERSON,SHIP,"ers. ironic, ironic gifts sle"
51046-1,51046,1113,50,1,1.00,1014.11,0.05,0.02,N,O,1997-05-02,1997-06-03,1997-05-17,TAKE BACK RETURN,TRUCK, furiously qu
51046-2,51046,1105,78,2,44.00,44268.40,0.07,0.02,N,O,1997-05-29,1997-05-08,1997-06-15,DELIVER IN PERSON,AIR,ly pending instructions integrate furiousl
51046-3,51046,198,99,3,8.00,8785.52,0.08,0.02,N,O,1997-04-15,1997-05-03,1997-04-20,DELIVER IN PERSON,SHIP,"carefully according to the ruthless,"
51046-4,51046,1698,99,4,17.00,27194.73,0.10,0.01,N,O,1997-07-17,1997-05-07,1997-07-20,COLLECT COD,MAIL,he regularly ironic sentiments. re
51046-5,51046,1546,67,5,15.00,21713.10,0.08,0.02,N,O,1997-05-28,1997-06-15,1997-06-07,TAKE BACK RETURN,AIR,ages. fluffily fi
51046-6,51046,129,8,6,38.00,39106.56,0.09,0.06,N,O,1997-05-12,1997-05-29,1997-05-22,TAKE BACK RETURN,FOB,nts use carefully. blithely express foxes e
51047-1,51047,185,12,1,22.00,23873.96,0.05,0.06,A,F,1994-05-02,1994-06-12,1994-05-21,TAKE BACK RETURN,REG AIR,cajole according to the regu
51047-2,51047,670,71,2,39.00,61256.13,0.09,0.04,A,F,1994-06-05,1994-06-04,1994-06-12,TAKE BACK RETURN,AIR,ggle across the carefu
51047-3,51047,569,30,3,29.00,42617.24,0.02,0.08,A,F,1994-05-19,1994-07-07,1994-06-07,DELIVER IN PERSON,SHIP,e of the blithely even b
51047-4,51047,1843,87,4,17.00,29662.28,0.00,0.08,R,F,1994-07-13,1994-06-16,1994-08-04,TAKE BACK RETURN,MAIL,ccording to the slyly even t
51047-5,51047,1984,73,5,10.00,18859.80,0.10,0.03,R,F,1994-05-19,1994-06-22,1994-05-29,COLLECT COD,AIR,eposits sl
51072-1,51072,1903,4,1,26.00,46927.40,0.00,0.08,R,F,1994-11-11,1994-12-05,1994-11-13,DELIVER IN PERSON,FOB,ly even deposits cajo
51072-2,51072,1155,64,2,46.00,48582.90,0.02,0.04,A,F,1994-10-05,1994-11-14,1994-10-07,TAKE BACK RETURN,SHIP,ide of the slyly final court
51072-3,51072,1683,25,3,15.00,23770.20,0.08,0.02,A,F,1994-11-19,1994-12-20,1994-11-28,TAKE BACK RETURN,RAIL,uests cajole. pe
51073-1,51073,569,100,1,24.00,35269.44,0.01,0.03,R,F,1993-06-23,1993-08-09,1993-07-20,DELIVER IN PERSON,FOB, accounts. slyly express depend
51073-2,51073,1457,75,2,12.00,16301.40,0.08,0.07,A,F,1993-05-19,1993-07-10,1993-06-14,TAKE BACK RETURN,REG AIR,wake slyly slyly express accounts. theodo
51073-3,51073,649,81,3,8.00,12397.12,0.03,0.08,R,F,1993-08-09,1993-07-14,1993-08-28,DELIVER IN PERSON,REG AIR,leep busily furiousl
51073-4,51073,1103,4,4,46.00,46188.60,0.09,0.02,A,F,1993-09-09,1993-08-08,1993-09-21,COLLECT COD,SHIP,ngside of the iro
51073-5,51073,1735,78,5,40.00,65469.20,0.10,0.01,A,F,1993-08-12,1993-07-27,1993-08-15,COLLECT COD,RAIL,ithely bold
51073-6,51073,1856,100,6,17.00,29883.45,0.04,0.01,R,F,1993-06-04,1993-06-24,1993-06-13,NONE,TRUCK,lar dugouts. even foxes unwind
51074-1,51074,620,14,1,35.00,53221.70,0.04,0.07,N,O,1995-12-25,1995-10-07,1996-01-15,COLLECT COD,RAIL,en Tiresias. ideas are fluf
51074-2,51074,485,15,2,45.00,62346.60,0.08,0.00,N,O,1995-10-06,1995-11-23,1995-10-25,TAKE BACK RETURN,MAIL,ter the reg
51074-3,51074,1211,23,3,1.00,1112.21,0.00,0.07,N,O,1995-10-27,1995-11-11,1995-11-13,COLLECT COD,RAIL,ously before the quickly iron
51074-4,51074,390,47,4,12.00,15484.68,0.10,0.00,N,O,1995-10-15,1995-11-13,1995-11-14,NONE,TRUCK,sits? blithely express package
51074-5,51074,714,15,5,4.00,6458.84,0.10,0.01,N,O,1995-09-10,1995-11-30,1995-09-26,NONE,MAIL,as. carefully busy packages haggle bravely
51075-1,51075,1478,96,1,22.00,30348.34,0.03,0.07,R,F,1994-02-14,1994-02-13,1994-02-18,COLLECT COD,REG AIR, theodolites cajole
51075-2,51075,1167,40,2,7.00,7477.12,0.01,0.07,R,F,1994-02-03,1994-02-19,1994-02-24,DELIVER IN PERSON,MAIL,y. special deposi
51075-3,51075,1139,76,3,21.00,21842.73,0.06,0.03,A,F,1994-03-15,1994-02-16,1994-03-16,COLLECT COD,SHIP,grate furiously regular requests
51075-4,51075,500,30,4,36.00,50418.00,0.07,0.01,R,F,1993-12-12,1994-01-21,1993-12-15,COLLECT COD,SHIP,nal excuses. final requ
51076-1,51076,1753,80,1,32.00,52952.00,0.06,0.05,N,O,1996-12-22,1996-11-19,1997-01-16,NONE,TRUCK,sleep furiously. carefully
51077-1,51077,621,53,1,46.00,69994.52,0.08,0.01,N,O,1997-04-07,1997-03-05,1997-04-17,COLLECT COD,MAIL, blithely across the special accounts
51077-2,51077,452,82,2,23.00,31106.35,0.05,0.06,N,O,1997-03-17,1997-04-03,1997-04-10,DELIVER IN PERSON,REG AIR,ly according to the carefully ev
51077-3,51077,23,49,3,13.00,11999.26,0.08,0.01,N,O,1997-04-05,1997-04-19,1997-04-24,DELIVER IN PERSON,RAIL,e slyly furiously even 
51077-4,51077,1912,1,4,6.00,10883.46,0.06,0.02,N,O,1997-05-29,1997-04-24,1997-06-02,TAKE BACK RETURN,RAIL,the theodolites.
51077-5,51077,476,35,5,19.00,26152.93,0.05,0.04,N,O,1997-02-28,1997-03-29,1997-03-19,COLLECT COD,MAIL,ts cajole slyly af
51078-1,51078,1324,25,1,38.00,46562.16,0.04,0.00,N,O,1997-04-26,1997-03-16,1997-05-06,NONE,AIR,carefully. carefully bold ideas haggl
51078-2,51078,629,23,2,13.00,19885.06,0.06,0.06,N,O,1997-05-05,1997-03-15,1997-06-02,COLLECT COD,RAIL,the blithely even 
51078-3,51078,974,9,3,34.00,63748.98,0.04,0.05,N,O,1997-05-06,1997-05-04,1997-05-23,DELIVER IN PERSON,MAIL,ly even accounts 
51079-1,51079,1690,91,1,38.00,60484.22,0.03,0.01,N,O,1998-02-28,1998-01-06,1998-03-02,DELIVER IN PERSON,RAIL,uickly pending accounts at the sl
51079-2,51079,942,45,2,3.00,5528.82,0.10,0.03,N,O,1998-01-11,1998-02-19,1998-01-23,COLLECT COD,FOB,ts. furiously final depo
51079-3,51079,1765,66,3,13.00,21667.88,0.05,0.05,N,O,1998-02-11,1998-01-07,1998-03-10,TAKE BACK RETURN,RAIL,x carefully. carefully
51079-4,51079,1837,38,4,9.00,15649.47,0.09,0.01,N,O,1998-03-20,1998-01-24,1998-04-19,NONE,FOB,final instructions. fluffily final de
51079-5,51079,527,88,5,36.00,51390.72,0.10,0.08,N,O,1998-03-09,1998-01-01,1998-04-03,COLLECT COD,TRUCK,mptotes poach quickly fluffi
51104-1,51104,556,87,1,15.00,21848.25,0.06,0.05,N,O,1998-01-08,1997-11-20,1998-02-06,DELIVER IN PERSON,SHIP,s cajole blithely alongside of the pac
51104-2,51104,190,69,2,16.00,17443.04,0.06,0.07,N,O,1997-10-10,1997-12-03,1997-10-19,COLLECT COD,FOB,odolites nag furiously after the daringly e
51104-3,51104,1003,9,3,2.00,1808.00,0.10,0.07,N,O,1997-10-29,1997-12-12,1997-11-05,NONE,TRUCK,breach after the slyly unusu
51105-1,51105,1639,63,1,12.00,18487.56,0.02,0.00,N,O,1998-07-13,1998-08-10,1998-08-02,TAKE BACK RETURN,TRUCK, the blithely special escapades. regula
51105-2,51105,1609,92,2,34.00,51360.40,0.10,0.00,N,O,1998-07-23,1998-08-06,1998-08-03,NONE,MAIL,ously alon
51105-3,51105,259,14,3,5.00,5796.25,0.03,0.04,N,O,1998-08-13,1998-06-26,1998-09-07,DELIVER IN PERSON,SHIP,gular platelets.
51106-1,51106,505,96,1,6.00,8433.00,0.07,0.06,A,F,1993-10-15,1993-10-18,1993-11-14,NONE,AIR,sly regular pint
51107-1,51107,530,91,1,46.00,65804.38,0.01,0.06,R,F,1992-12-06,1992-11-23,1992-12-17,NONE,MAIL,"es haggle. quick, final de"
51107-2,51107,1589,90,2,30.00,44717.40,0.01,0.02,A,F,1992-12-13,1992-12-09,1993-01-08,DELIVER IN PERSON,AIR,"ular, even t"
51107-3,51107,185,64,3,25.00,27129.50,0.08,0.05,R,F,1992-10-27,1992-12-01,1992-11-20,NONE,AIR,e the quickly
51107-4,51107,487,75,4,39.00,54111.72,0.02,0.00,R,F,1992-12-01,1992-10-28,1992-12-02,NONE,AIR, foxes nag 
51108-1,51108,392,49,1,50.00,64619.50,0.01,0.06,N,O,1996-10-19,1996-11-21,1996-11-05,NONE,REG AIR,regular deposi
51108-2,51108,1074,10,2,35.00,34127.45,0.06,0.03,N,O,1996-09-19,1996-11-11,1996-09-25,TAKE BACK RETURN,FOB,s are acco
51108-3,51108,647,48,3,11.00,17024.04,0.01,0.03,N,O,1996-11-24,1996-11-05,1996-12-19,COLLECT COD,REG AIR,"pending theodolites. regular, unusual foxes"
51109-1,51109,262,44,1,22.00,25569.72,0.03,0.08,R,F,1992-11-10,1992-12-27,1992-11-26,COLLECT COD,RAIL,nag ironic pinto beans. even pinto
51110-1,51110,1484,63,1,2.00,2770.96,0.09,0.05,N,O,1996-08-09,1996-09-18,1996-08-14,DELIVER IN PERSON,SHIP,y regular deposit
51110-2,51110,377,62,2,4.00,5109.48,0.04,0.08,N,O,1996-09-18,1996-10-18,1996-10-06,COLLECT COD,REG AIR,ymptotes thrash blithely
51110-3,51110,259,14,3,16.00,18548.00,0.04,0.07,N,O,1996-11-05,1996-10-13,1996-11-23,NONE,SHIP,onic pinto beans cajole fur
51110-4,51110,532,63,4,38.00,54436.14,0.10,0.01,N,O,1996-11-12,1996-09-23,1996-12-01,COLLECT COD,RAIL,y final packages. carefully regula
51111-1,51111,1894,24,1,13.00,23346.57,0.00,0.07,R,F,1992-02-24,1992-03-27,1992-03-05,TAKE BACK RETURN,SHIP,s are against the furiously s
51111-2,51111,1926,71,2,11.00,20107.12,0.04,0.03,A,F,1992-04-09,1992-03-26,1992-04-27,NONE,TRUCK,ges. deposits haggle above the furiously re
51111-3,51111,590,81,3,42.00,62604.78,0.01,0.06,R,F,1992-04-12,1992-04-27,1992-04-18,NONE,REG AIR,s cajole fluffily after the furiously f
51136-1,51136,1566,67,1,33.00,48429.48,0.10,0.06,A,F,1992-05-29,1992-08-11,1992-06-01,TAKE BACK RETURN,FOB,lites. furiously regular requ
51136-2,51136,218,73,2,25.00,27955.25,0.01,0.07,A,F,1992-06-09,1992-07-01,1992-07-07,DELIVER IN PERSON,SHIP,ng. regular foxes promise fluffily qui
51137-1,51137,1899,43,1,28.00,50424.92,0.01,0.07,N,O,1997-01-09,1996-10-24,1997-01-22,TAKE BACK RETURN,RAIL,lyly. furiously final attainments mold
51137-2,51137,1742,85,2,31.00,50955.94,0.10,0.07,N,O,1996-12-17,1996-10-28,1997-01-11,COLLECT COD,MAIL,nto beans. silent de
51137-3,51137,1002,8,3,28.00,25284.00,0.08,0.01,N,O,1997-01-04,1996-10-20,1997-02-03,COLLECT COD,SHIP,l packages s
51137-4,51137,1879,9,4,38.00,67673.06,0.02,0.01,N,O,1996-12-06,1996-11-22,1996-12-31,TAKE BACK RETURN,MAIL,nst the final sentiments. furiously unu
51137-5,51137,638,39,5,47.00,72315.61,0.10,0.01,N,O,1996-12-02,1996-11-25,1997-01-01,NONE,RAIL,y pending patterns are
51137-6,51137,246,74,6,24.00,27509.76,0.06,0.04,N,O,1996-10-26,1996-11-13,1996-11-14,COLLECT COD,FOB,ourts. carefully unu
51137-7,51137,548,49,7,39.00,56493.06,0.08,0.02,N,O,1996-12-28,1996-10-16,1997-01-17,COLLECT COD,SHIP,xes. thin dependencies solve. p
51138-1,51138,1680,4,1,4.00,6326.72,0.05,0.04,N,O,1997-10-20,1997-10-19,1997-10-29,DELIVER IN PERSON,AIR,e the accounts are slyly final acc
51138-2,51138,1000,3,2,5.00,4505.00,0.08,0.01,N,O,1997-12-12,1997-11-05,1997-12-25,NONE,AIR,luffy deposits sublate carefully. slyly exp
51138-3,51138,1659,60,3,1.00,1560.65,0.04,0.00,N,O,1998-01-04,1997-10-25,1998-01-14,NONE,TRUCK,egular packages above the slyl
51138-4,51138,1783,10,4,32.00,53912.96,0.06,0.01,N,O,1997-11-15,1997-11-15,1997-11-27,NONE,MAIL,ously fluffily ruthless accounts. ca
51138-5,51138,91,42,5,27.00,26759.43,0.03,0.05,N,O,1997-11-24,1997-10-28,1997-12-20,NONE,MAIL,imes. quickly unusu
51138-6,51138,98,74,6,5.00,4990.45,0.05,0.07,N,O,1997-10-28,1997-10-22,1997-11-06,DELIVER IN PERSON,SHIP,gly regular p
51139-1,51139,110,37,1,5.00,5050.55,0.01,0.00,R,F,1994-12-01,1994-10-27,1994-12-18,COLLECT COD,REG AIR,n dependencies. account
51139-2,51139,510,11,2,32.00,45136.32,0.05,0.00,R,F,1994-09-20,1994-09-23,1994-10-08,NONE,MAIL,bove the packages. qu
51140-1,51140,114,67,1,35.00,35493.85,0.07,0.08,R,F,1992-12-08,1992-11-28,1992-12-21,DELIVER IN PERSON,RAIL,"usy deposits. even, even"
51140-2,51140,907,76,2,40.00,72316.00,0.00,0.03,A,F,1992-11-04,1992-11-27,1992-11-17,COLLECT COD,FOB,nusual ideas integrate across the even 
51140-3,51140,561,22,3,33.00,48231.48,0.01,0.08,A,F,1992-11-18,1992-11-21,1992-12-17,COLLECT COD,FOB,sly even pack
51140-4,51140,221,49,4,13.00,14575.86,0.10,0.08,R,F,1992-12-20,1992-11-19,1992-12-30,NONE,TRUCK, express packages. car
51140-5,51140,1378,93,5,25.00,31984.25,0.01,0.08,R,F,1992-09-17,1992-11-29,1992-09-19,TAKE BACK RETURN,TRUCK,cial packages-- carefully unusual
51140-6,51140,930,99,6,1.00,1830.93,0.06,0.02,A,F,1992-10-09,1992-11-04,1992-11-07,TAKE BACK RETURN,REG AIR,ously busy reques
51141-1,51141,1317,56,1,29.00,35330.99,0.03,0.00,R,F,1992-06-08,1992-07-04,1992-06-10,NONE,FOB,ironic dependencies slee
51141-2,51141,43,94,2,21.00,19803.84,0.03,0.01,R,F,1992-05-11,1992-06-26,1992-05-28,TAKE BACK RETURN,TRUCK,ies are furiously about the c
51141-3,51141,358,15,3,47.00,59142.45,0.09,0.05,A,F,1992-09-02,1992-07-08,1992-09-12,TAKE BACK RETURN,SHIP,ideas. carefully
51141-4,51141,1585,6,4,41.00,60949.78,0.09,0.04,R,F,1992-08-22,1992-07-12,1992-09-08,DELIVER IN PERSON,FOB,ding packages
51141-5,51141,618,81,5,2.00,3037.22,0.06,0.08,A,F,1992-06-15,1992-06-18,1992-06-25,DELIVER IN PERSON,RAIL, instructions a
51142-1,51142,1501,22,1,5.00,7012.50,0.01,0.06,N,O,1995-10-04,1995-07-23,1995-10-14,TAKE BACK RETURN,SHIP,deposits. bli
51142-2,51142,1524,25,2,30.00,42765.60,0.00,0.06,N,O,1995-10-15,1995-08-09,1995-11-01,DELIVER IN PERSON,SHIP,kly. final request
51142-3,51142,1376,91,3,11.00,14051.07,0.07,0.01,N,O,1995-08-12,1995-08-29,1995-08-15,COLLECT COD,AIR, sleep after the carefu
51143-1,51143,347,48,1,45.00,56130.30,0.04,0.03,N,O,1998-01-05,1998-01-31,1998-01-14,DELIVER IN PERSON,REG AIR,olites doze about the furiously fin
51143-2,51143,1036,42,2,37.00,34670.11,0.04,0.03,N,O,1998-02-15,1998-01-30,1998-03-11,COLLECT COD,FOB,counts. ideas cajole carefully above the s
51143-3,51143,1307,84,3,13.00,15707.90,0.05,0.04,N,O,1998-01-22,1998-02-01,1998-02-11,TAKE BACK RETURN,SHIP,e furiously blithely bold 
51143-4,51143,1462,2,4,1.00,1363.46,0.03,0.03,N,O,1998-03-07,1998-01-26,1998-03-09,TAKE BACK RETURN,RAIL,te blithely about the final packages.
51168-1,51168,950,51,1,7.00,12956.65,0.05,0.05,R,F,1994-08-27,1994-07-30,1994-09-07,DELIVER IN PERSON,REG AIR,y ironic instruction
51168-2,51168,1880,10,2,46.00,81966.48,0.05,0.03,R,F,1994-08-29,1994-06-30,1994-09-02,COLLECT COD,MAIL,ost furiously regular deposits. som
51168-3,51168,1074,45,3,39.00,38027.73,0.07,0.05,A,F,1994-05-22,1994-07-14,1994-05-23,TAKE BACK RETURN,REG AIR,lar foxes; quickly final 
51169-1,51169,308,9,1,18.00,21749.40,0.09,0.08,R,F,1994-01-07,1994-03-03,1994-01-31,COLLECT COD,REG AIR,courts. unusual ideas was carefu
51169-2,51169,565,96,2,40.00,58622.40,0.02,0.06,R,F,1994-02-13,1994-03-20,1994-03-08,DELIVER IN PERSON,MAIL,ronic theodolites run blithel
51169-3,51169,1841,85,3,40.00,69713.60,0.04,0.00,A,F,1994-01-11,1994-02-01,1994-01-30,TAKE BACK RETURN,REG AIR,s cajole stealthily fluffily ironic pl
51170-1,51170,1955,44,1,21.00,38995.95,0.04,0.01,N,O,1998-07-09,1998-09-03,1998-07-12,COLLECT COD,TRUCK, sublate furiously furiously regular reques
51170-2,51170,1496,97,2,19.00,26552.31,0.07,0.08,N,O,1998-10-14,1998-09-04,1998-11-11,COLLECT COD,AIR,arefully ironic the
51170-3,51170,1503,44,3,45.00,63202.50,0.02,0.08,N,O,1998-07-05,1998-08-05,1998-07-09,COLLECT COD,SHIP,luffily pending accoun
51170-4,51170,9,85,4,33.00,29997.00,0.08,0.03,N,O,1998-07-24,1998-09-05,1998-08-08,NONE,REG AIR,usly unusual
51170-5,51170,490,91,5,20.00,27809.80,0.02,0.02,N,O,1998-08-12,1998-08-17,1998-08-25,TAKE BACK RETURN,AIR,. final foxes are. slyly ironic accounts 
51170-6,51170,1235,36,6,23.00,26133.29,0.09,0.01,N,O,1998-07-29,1998-08-20,1998-08-18,TAKE BACK RETURN,AIR,ithely unusu
51170-7,51170,1063,34,7,15.00,14460.90,0.04,0.08,N,O,1998-09-22,1998-09-10,1998-09-27,TAKE BACK RETURN,FOB,"wind pending, furious package"
51171-1,51171,1258,33,1,46.00,53325.50,0.02,0.00,A,F,1993-10-15,1993-08-15,1993-11-11,TAKE BACK RETURN,RAIL,nding requests haggle. fluffily regular 
51172-1,51172,301,2,1,1.00,1201.30,0.01,0.02,N,O,1997-12-14,1997-12-07,1998-01-12,NONE,MAIL,c decoys. slyly iro
51172-2,51172,751,48,2,2.00,3303.50,0.01,0.03,N,O,1997-11-09,1997-11-23,1997-11-12,NONE,TRUCK,. accounts a
51172-3,51172,1557,58,3,25.00,36463.75,0.03,0.00,N,O,1997-12-05,1997-11-11,1997-12-10,COLLECT COD,AIR,le slyly silent foxes. final acc
51172-4,51172,1134,7,4,15.00,15526.95,0.10,0.05,N,O,1997-11-18,1997-11-08,1997-11-20,NONE,REG AIR,ously bold r
51172-5,51172,1620,44,5,10.00,15216.20,0.01,0.05,N,O,1997-12-27,1997-11-24,1998-01-09,TAKE BACK RETURN,REG AIR,dolphins boost slyly beside the carefully e
51172-6,51172,72,48,6,43.00,41799.01,0.06,0.08,N,O,1997-12-10,1997-10-25,1998-01-07,COLLECT COD,AIR,ent accounts nag according 
51172-7,51172,1885,72,7,31.00,55393.28,0.09,0.04,N,O,1997-10-03,1997-11-17,1997-10-13,COLLECT COD,REG AIR,l asymptotes among the final deposits 
51173-1,51173,724,21,1,45.00,73112.40,0.06,0.06,R,F,1992-12-23,1993-02-07,1993-01-07,TAKE BACK RETURN,REG AIR, furiously regular packages along the ir
51173-2,51173,609,10,2,33.00,49816.80,0.09,0.01,R,F,1993-01-18,1992-12-28,1993-01-29,DELIVER IN PERSON,REG AIR,. fluffily final pl
51173-3,51173,913,16,3,24.00,43533.84,0.06,0.00,R,F,1993-03-07,1992-12-18,1993-03-24,TAKE BACK RETURN,REG AIR,slyly quiet requests. regular fo
51173-4,51173,1553,74,4,20.00,29091.00,0.06,0.06,A,F,1993-03-17,1993-01-13,1993-04-13,COLLECT COD,SHIP,nal sheaves. furiously fina
51174-1,51174,312,41,1,40.00,48492.40,0.09,0.00,N,O,1997-07-20,1997-07-03,1997-08-17,NONE,RAIL,ons haggle along the blithely regular acc
51174-2,51174,126,79,2,13.00,13339.56,0.09,0.00,N,O,1997-08-24,1997-06-29,1997-09-14,COLLECT COD,SHIP,ld integrate carefully with the slyly i
51174-3,51174,1924,25,3,30.00,54777.60,0.06,0.08,N,O,1997-08-24,1997-07-21,1997-08-27,DELIVER IN PERSON,FOB,uickly regular p
51174-4,51174,1638,21,4,3.00,4618.89,0.09,0.05,N,O,1997-07-01,1997-06-16,1997-07-28,COLLECT COD,MAIL,thless fox
51174-5,51174,1802,89,5,47.00,80078.60,0.04,0.05,N,O,1997-07-03,1997-06-12,1997-07-27,DELIVER IN PERSON,REG AIR,"e silent, ironi"
51174-6,51174,1940,29,6,23.00,42364.62,0.06,0.04,N,O,1997-05-15,1997-06-25,1997-05-28,COLLECT COD,REG AIR,"ests; final, final excuses a"
51174-7,51174,1042,43,7,42.00,39607.68,0.00,0.03,N,O,1997-05-25,1997-07-27,1997-05-31,DELIVER IN PERSON,RAIL,slyly unusual requests. furiously silent d
51175-1,51175,186,65,1,35.00,38016.30,0.07,0.02,A,F,1992-11-22,1992-10-06,1992-12-10,NONE,AIR,r pinto beans nag blit
51175-2,51175,1285,86,2,28.00,33215.84,0.10,0.05,A,F,1992-12-04,1992-10-05,1992-12-30,TAKE BACK RETURN,MAIL,e final accounts. closely ironic ideas ar
51175-3,51175,561,22,3,31.00,45308.36,0.03,0.02,A,F,1992-11-15,1992-10-26,1992-11-29,TAKE BACK RETURN,SHIP,slyly. furiously ironic theodolit
51175-4,51175,1314,91,4,44.00,53473.64,0.01,0.04,R,F,1992-10-18,1992-10-30,1992-11-04,TAKE BACK RETURN,RAIL,ies agains
51200-1,51200,354,39,1,37.00,46410.95,0.01,0.00,N,O,1996-02-14,1995-12-29,1996-03-02,COLLECT COD,REG AIR,ests x-ray carefully along the quickly iron
51200-2,51200,916,51,2,45.00,81760.95,0.04,0.05,N,O,1995-12-23,1996-02-05,1996-01-19,NONE,AIR,h furiously. carefully b
51200-3,51200,1871,1,3,40.00,70914.80,0.02,0.05,N,O,1996-01-10,1996-01-10,1996-01-14,DELIVER IN PERSON,SHIP,boost against the carefully special depen
51200-4,51200,1157,94,4,9.00,9523.35,0.09,0.04,N,O,1996-02-18,1996-02-14,1996-02-23,TAKE BACK RETURN,FOB,out the carefully ir
51200-5,51200,825,92,5,45.00,77661.90,0.01,0.00,N,O,1996-02-24,1996-02-01,1996-03-05,DELIVER IN PERSON,REG AIR,d deposits solve carefully 
51200-6,51200,308,37,6,20.00,24166.00,0.01,0.02,N,O,1996-01-11,1996-01-30,1996-02-01,NONE,FOB,into beans wake caref
51201-1,51201,1288,63,1,49.00,58274.72,0.02,0.04,N,O,1996-02-09,1996-02-03,1996-03-07,TAKE BACK RETURN,REG AIR,ccounts lose inside the blithe requests.
51201-2,51201,520,11,2,13.00,18466.76,0.10,0.02,N,O,1996-03-11,1996-03-13,1996-04-04,TAKE BACK RETURN,RAIL,l theodolites. caref
51202-1,51202,585,46,1,49.00,72793.42,0.09,0.07,A,F,1992-07-10,1992-06-14,1992-07-24,DELIVER IN PERSON,FOB, use fluffily among the
51202-2,51202,35,86,2,11.00,10285.33,0.10,0.06,A,F,1992-05-09,1992-05-24,1992-05-21,NONE,REG AIR,y special dolphins haggle quickly above
51202-3,51202,658,90,3,7.00,10910.55,0.10,0.08,R,F,1992-05-14,1992-06-26,1992-05-21,TAKE BACK RETURN,FOB, the fluffily final requests. s
51202-4,51202,859,59,4,32.00,56315.20,0.04,0.00,A,F,1992-06-08,1992-06-27,1992-07-05,TAKE BACK RETURN,FOB,ar platelets wake
51203-1,51203,196,97,1,7.00,7673.33,0.09,0.00,N,O,1996-02-02,1996-02-29,1996-02-19,TAKE BACK RETURN,SHIP,ages use fluff
51203-2,51203,1210,22,2,6.00,6667.26,0.06,0.04,N,O,1996-01-13,1996-03-14,1996-02-05,DELIVER IN PERSON,REG AIR,foxes cajole q
51204-1,51204,1153,62,1,21.00,22137.15,0.09,0.01,N,O,1996-02-16,1996-02-22,1996-03-09,COLLECT COD,REG AIR,s sleep after the unusual theodolites. sl
51205-1,51205,833,67,1,25.00,43345.75,0.00,0.02,A,F,1993-01-06,1993-01-23,1993-01-23,NONE,FOB,special accounts
51205-2,51205,1545,26,2,30.00,43396.20,0.00,0.04,R,F,1993-02-03,1993-02-01,1993-02-16,TAKE BACK RETURN,FOB,"lar, ironic accounts."
51205-3,51205,85,61,3,14.00,13791.12,0.07,0.08,A,F,1993-03-27,1993-03-07,1993-04-08,DELIVER IN PERSON,TRUCK,ns sleep furiously. even d
51205-4,51205,876,10,4,10.00,17768.70,0.06,0.03,R,F,1992-12-21,1993-02-14,1993-01-10,DELIVER IN PERSON,FOB, about the quic
51206-1,51206,40,41,1,23.00,21620.92,0.07,0.05,A,F,1994-04-16,1994-04-21,1994-05-03,DELIVER IN PERSON,TRUCK, the special plat
51206-2,51206,1165,38,2,11.00,11727.76,0.06,0.08,R,F,1994-02-13,1994-05-05,1994-03-12,DELIVER IN PERSON,REG AIR,e of the ironic packages cajol
51206-3,51206,1540,21,3,7.00,10090.78,0.10,0.02,R,F,1994-05-17,1994-04-10,1994-05-25,TAKE BACK RETURN,FOB,the carefully special pinto beans. blithely
51207-1,51207,1827,71,1,48.00,82983.36,0.01,0.00,N,O,1996-10-06,1996-08-23,1996-10-14,DELIVER IN PERSON,FOB,uests are slyly against the pending
51207-2,51207,856,56,2,21.00,36893.85,0.08,0.06,N,O,1996-09-16,1996-09-26,1996-09-30,DELIVER IN PERSON,TRUCK,"s, unusual foxes are above the instructio"
51232-1,51232,570,31,1,49.00,72057.93,0.05,0.06,A,F,1992-01-23,1992-04-05,1992-02-18,DELIVER IN PERSON,RAIL,tly regular gifts sleep blithely
51232-2,51232,1392,7,2,42.00,54322.38,0.04,0.06,A,F,1992-03-13,1992-02-26,1992-04-03,COLLECT COD,TRUCK,egularly even attainments 
51232-3,51232,1702,29,3,48.00,76977.60,0.08,0.07,R,F,1992-02-04,1992-03-25,1992-02-20,NONE,TRUCK, carefully ir
51232-4,51232,979,14,4,35.00,65798.95,0.08,0.04,R,F,1992-05-12,1992-03-24,1992-05-26,COLLECT COD,RAIL, nag busily deposits. i
51233-1,51233,666,98,1,9.00,14099.94,0.08,0.00,R,F,1995-01-28,1995-01-14,1995-02-20,COLLECT COD,FOB,ringly regular 
51233-2,51233,692,93,2,30.00,47780.70,0.00,0.00,A,F,1995-03-12,1995-02-13,1995-03-18,TAKE BACK RETURN,TRUCK, blithely bold accoun
51233-3,51233,1016,17,3,36.00,33012.36,0.05,0.03,A,F,1994-12-19,1995-02-11,1995-01-02,DELIVER IN PERSON,MAIL,uests. slyly bli
51233-4,51233,134,87,4,17.00,17580.21,0.04,0.08,R,F,1995-03-10,1995-02-09,1995-04-08,TAKE BACK RETURN,TRUCK,ross the carefully pe
51233-5,51233,1206,7,5,19.00,21036.80,0.00,0.02,A,F,1995-02-12,1995-02-12,1995-02-13,COLLECT COD,TRUCK,"ly final dolphins can use. bold, regular in"
51234-1,51234,1558,99,1,43.00,62760.65,0.04,0.05,R,F,1994-03-20,1994-02-18,1994-04-19,NONE,RAIL,ly final warthogs about th
51234-2,51234,644,45,2,29.00,44794.56,0.06,0.05,A,F,1994-03-31,1994-02-26,1994-04-27,DELIVER IN PERSON,SHIP,p quickly-- furiously special acc
51234-3,51234,1471,89,3,22.00,30194.34,0.03,0.03,R,F,1994-03-15,1994-01-15,1994-04-06,DELIVER IN PERSON,AIR, beans around the quickly regular
51234-4,51234,211,66,4,45.00,50004.45,0.01,0.08,R,F,1994-01-09,1994-01-08,1994-01-16,DELIVER IN PERSON,TRUCK,ong the fluffily unusual accou
51234-5,51234,1634,35,5,10.00,15356.30,0.06,0.05,A,F,1993-12-06,1994-01-28,1993-12-17,TAKE BACK RETURN,AIR,"ronic decoys. regular, expres"
51235-1,51235,27,28,1,13.00,12051.26,0.07,0.03,N,O,1998-06-30,1998-07-02,1998-07-29,TAKE BACK RETURN,AIR,ajole fluf
51236-1,51236,1001,37,1,38.00,34276.00,0.09,0.05,N,O,1998-07-09,1998-10-04,1998-07-18,TAKE BACK RETURN,REG AIR,hely accord
51236-2,51236,13,89,2,7.00,6391.07,0.03,0.08,N,O,1998-10-15,1998-09-03,1998-10-25,NONE,FOB,ickly ironic i
51236-3,51236,705,38,3,29.00,46565.30,0.00,0.07,N,O,1998-10-03,1998-08-20,1998-10-27,DELIVER IN PERSON,SHIP,ckages are outside the qui
51236-4,51236,1132,33,4,32.00,33060.16,0.00,0.08,N,O,1998-10-07,1998-09-17,1998-10-14,COLLECT COD,RAIL,"ully final foxes: express, express request"
51236-5,51236,1323,100,5,41.00,50197.12,0.02,0.00,N,O,1998-10-13,1998-09-14,1998-10-20,TAKE BACK RETURN,AIR,deposits haggle across the requests
51236-6,51236,90,41,6,4.00,3960.36,0.08,0.08,N,O,1998-07-30,1998-08-18,1998-08-10,COLLECT COD,RAIL,s cajole. accounts after
51237-1,51237,1100,36,1,47.00,47051.70,0.07,0.03,A,F,1992-06-04,1992-04-26,1992-07-01,COLLECT COD,TRUCK,"carefully regular, re"
51238-1,51238,1779,80,1,3.00,5042.31,0.01,0.05,N,O,1998-09-29,1998-08-02,1998-10-16,NONE,FOB,hely ironic notornis 
51238-2,51238,1515,56,2,35.00,49577.85,0.06,0.03,N,O,1998-09-26,1998-07-31,1998-10-20,COLLECT COD,TRUCK,ly ironic dolphin
51238-3,51238,1748,75,3,29.00,47842.46,0.00,0.02,N,O,1998-07-10,1998-09-05,1998-07-27,NONE,MAIL,. blithe packages 
51238-4,51238,1951,52,4,10.00,18529.50,0.01,0.03,N,O,1998-08-29,1998-08-05,1998-09-27,DELIVER IN PERSON,TRUCK,equests haggle carefully carefully regular 
51238-5,51238,8,59,5,47.00,42676.00,0.02,0.04,N,O,1998-06-09,1998-08-24,1998-06-11,DELIVER IN PERSON,TRUCK,ise. final pinto beans wake qu
51238-6,51238,1155,92,6,44.00,46470.60,0.05,0.01,N,O,1998-07-20,1998-08-29,1998-08-06,NONE,SHIP,ons. quickly iro
51239-1,51239,1384,99,1,24.00,30849.12,0.10,0.06,A,F,1992-05-12,1992-04-16,1992-05-30,NONE,REG AIR,ic asymptotes integrate ca
51239-2,51239,1322,99,2,35.00,42816.20,0.05,0.07,A,F,1992-04-04,1992-04-18,1992-05-03,NONE,REG AIR,ide of the quick
51239-3,51239,501,32,3,48.00,67272.00,0.06,0.06,A,F,1992-03-07,1992-04-19,1992-03-30,COLLECT COD,SHIP,s haggle carefully carefully ironic package
51264-1,51264,780,13,1,15.00,25211.70,0.00,0.04,N,O,1996-12-26,1996-11-10,1997-01-03,DELIVER IN PERSON,TRUCK,ng accounts. carefully bold fox
51264-2,51264,687,50,2,3.00,4763.04,0.06,0.04,N,O,1996-12-05,1996-11-03,1997-01-04,TAKE BACK RETURN,SHIP,nic instructions engage f
51264-3,51264,352,37,3,44.00,55103.40,0.10,0.04,N,O,1996-11-16,1996-11-11,1996-11-19,DELIVER IN PERSON,RAIL,e carefully slyly even req
51264-4,51264,1382,83,4,1.00,1283.38,0.06,0.00,N,O,1996-12-15,1996-12-14,1997-01-14,DELIVER IN PERSON,REG AIR,ts. quietly 
51264-5,51264,579,40,5,31.00,45866.67,0.02,0.08,N,O,1997-01-10,1996-11-24,1997-01-20,COLLECT COD,SHIP,o beans cajole furiousl
51264-6,51264,1143,80,6,23.00,24015.22,0.02,0.02,N,O,1996-10-31,1996-11-06,1996-11-30,TAKE BACK RETURN,AIR,deposits. blithely ironi
51265-1,51265,1395,72,1,45.00,58337.55,0.02,0.04,N,O,1998-10-03,1998-09-24,1998-10-30,COLLECT COD,RAIL,lyly final 
51265-2,51265,664,58,2,26.00,40681.16,0.08,0.08,N,O,1998-11-13,1998-10-06,1998-12-04,DELIVER IN PERSON,TRUCK,hogs boost blithely. furiously
51266-1,51266,174,75,1,43.00,46189.31,0.04,0.08,R,F,1994-07-22,1994-05-11,1994-08-11,NONE,FOB,furiously permanent request
51266-2,51266,701,66,2,44.00,70474.80,0.00,0.01,A,F,1994-04-09,1994-05-26,1994-04-21,COLLECT COD,MAIL,ly ironic requests. f
51266-3,51266,1064,100,3,19.00,18336.14,0.02,0.00,R,F,1994-04-29,1994-05-25,1994-05-05,NONE,AIR,g to the slyly ironic pac
51266-4,51266,1249,50,4,30.00,34507.20,0.04,0.01,R,F,1994-06-21,1994-05-06,1994-07-07,TAKE BACK RETURN,REG AIR,gular asymptotes haggle ac
51266-5,51266,332,33,5,22.00,27111.26,0.07,0.07,R,F,1994-06-12,1994-05-09,1994-07-06,NONE,REG AIR,ing instructions cajole furious
51266-6,51266,140,19,6,44.00,45766.16,0.02,0.04,A,F,1994-07-10,1994-06-04,1994-07-17,NONE,SHIP,posits. carefully even instructions boo
51267-1,51267,531,32,1,23.00,32925.19,0.10,0.08,A,F,1992-05-10,1992-06-12,1992-05-17,TAKE BACK RETURN,MAIL,iously final ac
51268-1,51268,1605,47,1,33.00,49717.80,0.10,0.00,N,O,1997-05-05,1997-03-21,1997-05-25,COLLECT COD,REG AIR,s deposits. slyly final foxes run
51268-2,51268,1538,39,2,12.00,17274.36,0.03,0.05,N,O,1997-05-12,1997-03-02,1997-05-30,COLLECT COD,SHIP,s. blithely even patterns sleep bold
51268-3,51268,684,16,3,47.00,74479.96,0.07,0.03,N,O,1997-05-12,1997-04-24,1997-06-05,TAKE BACK RETURN,MAIL,y sometimes special foxes. f
51269-1,51269,1478,18,1,18.00,24830.46,0.08,0.05,R,F,1992-04-29,1992-03-22,1992-05-10,NONE,TRUCK,l cajole care
51269-2,51269,1345,22,2,47.00,58577.98,0.09,0.03,A,F,1992-02-19,1992-02-26,1992-02-25,NONE,FOB,r deposits integrate furiously fin
51269-3,51269,299,27,3,4.00,4797.16,0.09,0.06,A,F,1992-01-21,1992-02-21,1992-02-10,COLLECT COD,AIR,"yly above the final, even d"
51269-4,51269,1307,8,4,27.00,32624.10,0.09,0.04,R,F,1992-02-02,1992-03-31,1992-03-01,DELIVER IN PERSON,SHIP,old deposits are 
51269-5,51269,1371,48,5,12.00,15268.44,0.00,0.00,R,F,1992-02-01,1992-03-28,1992-02-17,COLLECT COD,MAIL,foxes sleep blithely. s
51269-6,51269,1922,67,6,27.00,49245.84,0.10,0.05,R,F,1992-04-12,1992-03-21,1992-05-07,NONE,MAIL,ad of the furiously f
51270-1,51270,1795,22,1,50.00,84839.50,0.06,0.02,N,O,1998-01-05,1998-03-09,1998-01-16,NONE,SHIP,ronic deposits cou
51270-2,51270,882,49,2,43.00,76663.84,0.02,0.01,N,O,1998-02-10,1998-02-07,1998-03-06,NONE,MAIL, deposits haggle regular accounts. expres
51270-3,51270,1755,56,3,17.00,28164.75,0.03,0.01,N,O,1997-12-25,1998-03-09,1998-01-24,TAKE BACK RETURN,MAIL,"gular requests? final, pending deposit"
51270-4,51270,1778,5,4,49.00,82308.73,0.07,0.07,N,O,1998-03-23,1998-02-28,1998-03-30,NONE,AIR, use under the theodolites. carefully re
51270-5,51270,739,40,5,32.00,52471.36,0.02,0.01,N,O,1997-12-25,1998-03-03,1998-01-18,DELIVER IN PERSON,RAIL,ckages. slyly ironic theodolites dazzl
51270-6,51270,290,72,6,18.00,21425.22,0.09,0.00,N,O,1998-02-27,1998-02-10,1998-03-18,COLLECT COD,SHIP,egular deposits-- busil
51271-1,51271,1092,63,1,18.00,17875.62,0.02,0.03,R,F,1993-12-23,1993-12-01,1994-01-12,NONE,AIR,the slyly final cour
51271-2,51271,1352,91,2,31.00,38853.85,0.01,0.08,R,F,1993-11-28,1993-12-24,1993-12-13,DELIVER IN PERSON,RAIL,ding to the theodolites. fluffily fi
51271-3,51271,1926,59,3,3.00,5483.76,0.04,0.00,R,F,1994-01-17,1994-01-23,1994-01-27,DELIVER IN PERSON,AIR,re. silent platelets c
51271-4,51271,21,22,4,1.00,921.02,0.10,0.00,R,F,1993-12-14,1994-01-05,1994-01-02,NONE,FOB,fluffily along the bold packages? final
51271-5,51271,1398,99,5,32.00,41580.48,0.00,0.08,R,F,1993-11-01,1993-12-27,1993-11-09,DELIVER IN PERSON,REG AIR,ly packages. slyly regular pinto bea
51271-6,51271,1505,46,6,22.00,30943.00,0.05,0.01,R,F,1994-02-09,1993-12-25,1994-03-07,COLLECT COD,REG AIR, accounts doubt slyly regular 
51296-1,51296,940,75,1,50.00,92047.00,0.01,0.03,R,F,1993-10-27,1993-12-05,1993-11-20,COLLECT COD,RAIL,regular requests ar
51296-2,51296,1720,47,2,33.00,53516.76,0.08,0.08,A,F,1993-12-25,1993-12-06,1994-01-15,NONE,SHIP,fully busy 
51296-3,51296,1514,55,3,32.00,45296.32,0.10,0.06,R,F,1994-02-04,1993-12-01,1994-03-01,NONE,TRUCK,ag after the unusual
51296-4,51296,1994,27,4,11.00,20855.89,0.02,0.05,A,F,1993-11-08,1994-01-10,1993-11-29,COLLECT COD,REG AIR, carefully final account
51296-5,51296,1939,28,5,42.00,77319.06,0.05,0.06,A,F,1994-01-06,1994-01-04,1994-01-14,COLLECT COD,AIR,ronic packages nag fluffily. fluffily regu
51297-1,51297,910,13,1,7.00,12676.37,0.09,0.08,A,F,1993-03-08,1993-01-27,1993-03-19,DELIVER IN PERSON,TRUCK,"he even, special esca"
51297-2,51297,1321,98,2,36.00,44003.52,0.09,0.01,R,F,1993-01-30,1993-01-31,1993-02-14,TAKE BACK RETURN,RAIL,sts should have to wake carefully at t
51298-1,51298,577,38,1,43.00,63535.51,0.08,0.04,A,F,1994-05-04,1994-04-02,1994-05-24,DELIVER IN PERSON,TRUCK,ely even deposits
51298-2,51298,511,2,2,16.00,22584.16,0.08,0.04,R,F,1994-02-27,1994-04-15,1994-03-21,TAKE BACK RETURN,RAIL,omise blithely final theo
51298-3,51298,645,77,3,23.00,35549.72,0.00,0.07,R,F,1994-03-22,1994-04-04,1994-03-24,DELIVER IN PERSON,REG AIR,thin packages cajole 
51298-4,51298,1665,89,4,37.00,57966.42,0.05,0.04,R,F,1994-04-01,1994-03-01,1994-04-14,COLLECT COD,TRUCK,y final deposits. even theodolites w
51298-5,51298,1153,26,5,24.00,25299.60,0.10,0.05,R,F,1994-05-21,1994-04-19,1994-06-16,DELIVER IN PERSON,MAIL,cajole. platelets impr
51298-6,51298,696,97,6,2.00,3193.38,0.01,0.06,R,F,1994-05-01,1994-04-10,1994-05-17,COLLECT COD,REG AIR,haggle blithely above
51299-1,51299,1578,99,1,47.00,69539.79,0.10,0.07,N,O,1998-08-17,1998-08-08,1998-08-23,COLLECT COD,FOB,y. quietly unusual foxes wake carefu
51299-2,51299,1983,72,2,45.00,84824.10,0.01,0.00,N,O,1998-08-29,1998-07-19,1998-09-22,NONE,RAIL,sly unusual foxes nag. slyly express dep
51299-3,51299,1774,17,3,3.00,5027.31,0.02,0.01,N,O,1998-06-25,1998-08-09,1998-07-07,COLLECT COD,AIR,ts nag among the pending theodolites
51299-4,51299,200,27,4,49.00,53909.80,0.07,0.03,N,O,1998-08-25,1998-08-08,1998-09-23,DELIVER IN PERSON,FOB,sts. packa
51299-5,51299,1736,63,5,10.00,16377.30,0.03,0.01,N,O,1998-07-21,1998-08-02,1998-08-01,DELIVER IN PERSON,REG AIR,posits are carefully? excu
51299-6,51299,996,31,6,24.00,45527.76,0.07,0.08,N,O,1998-05-28,1998-07-26,1998-06-20,COLLECT COD,FOB,e carefully 
51299-7,51299,1001,7,7,32.00,28864.00,0.10,0.03,N,O,1998-08-08,1998-08-10,1998-08-21,NONE,REG AIR,e according to the sly
51300-1,51300,1637,61,1,1.00,1538.63,0.01,0.05,N,O,1995-11-24,1995-11-24,1995-12-21,DELIVER IN PERSON,AIR,orges sublate quickly about th
51300-2,51300,694,88,2,12.00,19136.28,0.00,0.06,N,O,1995-12-23,1996-01-07,1996-01-02,COLLECT COD,TRUCK,bold theodolites. deposits wake slyly. s
51300-3,51300,1720,21,3,24.00,38921.28,0.10,0.08,N,O,1995-10-19,1996-01-07,1995-11-09,NONE,SHIP,y furiously stealthy packages. even
51300-4,51300,1029,35,4,14.00,13020.28,0.08,0.05,N,O,1996-01-28,1996-01-14,1996-02-26,DELIVER IN PERSON,TRUCK, deposits. 
51300-5,51300,277,78,5,22.00,25899.94,0.08,0.04,N,O,1996-02-01,1996-01-01,1996-02-12,TAKE BACK RETURN,REG AIR,s impress slyly slyly express requests. b
51300-6,51300,1252,27,6,5.00,5766.25,0.04,0.04,N,O,1995-10-27,1995-12-02,1995-11-11,COLLECT COD,MAIL,ecoys. bold ac
51300-7,51300,530,61,7,25.00,35763.25,0.03,0.04,N,O,1995-12-14,1995-11-30,1995-12-24,NONE,MAIL,"lites. silent, special pac"
51301-1,51301,823,24,1,8.00,13790.56,0.00,0.03,N,O,1997-04-22,1997-07-01,1997-05-07,NONE,REG AIR,ove the blithely re
51301-2,51301,1443,22,2,33.00,44366.52,0.05,0.06,N,O,1997-07-15,1997-07-04,1997-08-10,NONE,REG AIR,otes solve after 
51301-3,51301,1759,44,3,44.00,73073.00,0.03,0.05,N,O,1997-04-22,1997-05-16,1997-04-30,NONE,AIR,e furiousl
51301-4,51301,342,27,4,44.00,54662.96,0.08,0.04,N,O,1997-08-02,1997-05-19,1997-08-27,TAKE BACK RETURN,FOB,sly unusual requests dazzle quickly. blith
51301-5,51301,1970,59,5,33.00,61775.01,0.06,0.07,N,O,1997-08-04,1997-07-06,1997-08-06,COLLECT COD,FOB,ully dogged courts use final
51302-1,51302,1885,86,1,6.00,10721.28,0.08,0.06,N,O,1995-11-06,1995-10-09,1995-11-29,COLLECT COD,RAIL,ic foxes. quickly final deposits cajole
51302-2,51302,1806,36,2,17.00,29032.60,0.00,0.02,N,O,1995-10-28,1995-11-08,1995-11-06,NONE,SHIP,dependencies use. quickly unu
51302-3,51302,1702,45,3,47.00,75373.90,0.08,0.07,N,O,1995-11-14,1995-11-06,1995-12-07,COLLECT COD,AIR, idly regular depos
51302-4,51302,673,74,4,19.00,29899.73,0.00,0.08,N,O,1995-11-26,1995-11-01,1995-12-10,COLLECT COD,FOB,theodolites detect slyly blith
51302-5,51302,629,30,5,25.00,38240.50,0.07,0.05,N,O,1995-10-23,1995-10-19,1995-11-05,TAKE BACK RETURN,REG AIR,ly carefully final fret
51302-6,51302,1403,21,6,50.00,65220.00,0.08,0.05,N,O,1995-09-26,1995-11-22,1995-10-25,COLLECT COD,FOB,eep slyly. slyly unusual t
51303-1,51303,1477,95,1,1.00,1378.47,0.04,0.01,R,F,1993-09-12,1993-07-16,1993-10-01,DELIVER IN PERSON,REG AIR,sits according to the pla
51328-1,51328,281,63,1,48.00,56701.44,0.10,0.04,A,F,1993-11-12,1994-01-21,1993-12-05,DELIVER IN PERSON,TRUCK,ix regular foxes. careful
51328-2,51328,891,25,2,42.00,75259.38,0.06,0.08,A,F,1994-02-15,1993-12-14,1994-02-25,DELIVER IN PERSON,SHIP,nts according to the pa
51328-3,51328,1205,80,3,33.00,36504.60,0.06,0.00,R,F,1993-12-17,1994-01-21,1994-01-15,TAKE BACK RETURN,FOB,nic depend
51328-4,51328,550,51,4,6.00,8703.30,0.00,0.06,R,F,1994-02-24,1993-11-27,1994-03-07,COLLECT COD,TRUCK,er the ironic
51329-1,51329,1068,39,1,50.00,48453.00,0.07,0.00,N,O,1996-08-15,1996-09-30,1996-09-14,COLLECT COD,REG AIR," pending, ironic"
51329-2,51329,1070,6,2,13.00,12623.91,0.02,0.07,N,O,1996-11-05,1996-09-21,1996-11-22,DELIVER IN PERSON,FOB,lyly regular pack
51329-3,51329,1219,57,3,3.00,3360.63,0.09,0.03,N,O,1996-11-20,1996-10-14,1996-12-18,DELIVER IN PERSON,SHIP,nto beans. 
51329-4,51329,592,93,4,19.00,28359.21,0.10,0.06,N,O,1996-10-06,1996-10-04,1996-10-12,COLLECT COD,SHIP,blithely ironic epitaphs sleep slyly abou
51329-5,51329,242,70,5,28.00,31982.72,0.01,0.05,N,O,1996-09-09,1996-09-18,1996-09-19,NONE,RAIL,ts haggle. special accounts across the furi
51329-6,51329,1949,50,6,47.00,86994.18,0.04,0.03,N,O,1996-11-02,1996-10-28,1996-11-05,DELIVER IN PERSON,AIR,ns are beneath the fluffily bol
51330-1,51330,249,50,1,19.00,21835.56,0.05,0.06,N,O,1998-09-26,1998-08-17,1998-10-01,DELIVER IN PERSON,RAIL,cajole slyly asymptotes: blithel
51330-2,51330,1091,62,2,47.00,46628.23,0.05,0.01,N,O,1998-09-03,1998-09-03,1998-09-21,NONE,FOB,ely slyly even foxes. accounts wake. excu
51330-3,51330,1413,31,3,1.00,1314.41,0.04,0.07,N,O,1998-10-01,1998-08-04,1998-10-31,COLLECT COD,FOB,ckly blithely bold deposits
51331-1,51331,214,96,1,19.00,21169.99,0.09,0.00,N,O,1997-01-16,1997-02-10,1997-01-18,TAKE BACK RETURN,MAIL,ke blithely quickly regular accounts. b
51331-2,51331,925,28,2,18.00,32866.56,0.01,0.03,N,O,1997-03-16,1996-12-25,1997-04-08,DELIVER IN PERSON,TRUCK, about the slyly even Tiresias. t
51331-3,51331,960,61,3,18.00,33497.28,0.01,0.07,N,O,1997-01-07,1997-02-06,1997-01-14,NONE,SHIP, sleep quickly against the
51332-1,51332,1135,72,1,25.00,25903.25,0.08,0.06,N,O,1997-12-09,1997-10-18,1997-12-11,NONE,RAIL,sts. carefully ironic pinto beans n
51332-2,51332,1779,80,2,34.00,57146.18,0.05,0.04,N,O,1997-09-29,1997-10-18,1997-10-19,DELIVER IN PERSON,RAIL,lyly quiet re
51332-3,51332,929,64,3,31.00,56727.52,0.02,0.04,N,O,1997-09-16,1997-11-08,1997-10-03,NONE,AIR,ss the deposits wake beside the
51332-4,51332,1745,88,4,18.00,29641.32,0.04,0.04,N,O,1997-11-10,1997-10-18,1997-12-05,DELIVER IN PERSON,MAIL, furiously close packages boost bli
51332-5,51332,560,61,5,42.00,61343.52,0.06,0.01,N,O,1997-10-06,1997-10-23,1997-10-14,COLLECT COD,AIR,e carefully along the pinto beans
51333-1,51333,1329,30,1,23.00,28297.36,0.03,0.00,R,F,1992-11-02,1992-11-27,1992-11-13,COLLECT COD,FOB,requests believe slyly furiously
51333-2,51333,1766,93,2,48.00,80052.48,0.06,0.02,R,F,1992-11-13,1992-12-16,1992-11-28,TAKE BACK RETURN,REG AIR, even ideas. carefully ir
51333-3,51333,23,99,3,41.00,37843.82,0.00,0.04,R,F,1992-12-17,1992-12-26,1993-01-09,TAKE BACK RETURN,RAIL, requests. carefully ironic excuses alongsi
51334-1,51334,1539,60,1,22.00,31691.66,0.08,0.06,N,O,1997-05-14,1997-04-12,1997-06-06,TAKE BACK RETURN,FOB,after the ironic
51334-2,51334,1910,99,2,43.00,77912.13,0.05,0.04,N,O,1997-04-14,1997-04-07,1997-04-21,COLLECT COD,RAIL,ldly final instructions use. carefully e
51334-3,51334,761,94,3,22.00,36558.72,0.08,0.07,N,O,1997-05-12,1997-04-19,1997-05-22,TAKE BACK RETURN,SHIP,deposits hagg
51334-4,51334,1788,89,4,8.00,13518.24,0.10,0.04,N,O,1997-03-02,1997-05-21,1997-03-23,COLLECT COD,FOB,kly final platelets. furiously even
51335-1,51335,1171,80,1,33.00,35381.61,0.10,0.05,A,F,1995-01-06,1995-01-09,1995-01-26,COLLECT COD,AIR,dolphins cajole slyly according to 
51360-1,51360,1121,94,1,21.00,21464.52,0.10,0.00,N,O,1995-09-16,1995-09-01,1995-09-26,NONE,SHIP,eposits integrate carefully above t
51361-1,51361,920,21,1,7.00,12746.44,0.10,0.07,A,F,1995-05-12,1995-06-04,1995-05-18,TAKE BACK RETURN,AIR,ven foxes boost
51361-2,51361,1616,99,2,14.00,21246.54,0.00,0.00,A,F,1995-04-25,1995-05-08,1995-05-07,NONE,RAIL,ajole blithely-- pac
51361-3,51361,1785,12,3,37.00,62410.86,0.08,0.04,A,F,1995-04-04,1995-06-07,1995-04-07,NONE,AIR,ly pending dep
51361-4,51361,361,18,4,2.00,2522.72,0.03,0.05,N,O,1995-07-17,1995-05-11,1995-07-21,NONE,TRUCK,. slyly final instructions are grouch
51361-5,51361,1242,54,5,11.00,12575.64,0.07,0.04,R,F,1995-05-17,1995-05-05,1995-06-15,TAKE BACK RETURN,TRUCK,ckly unusual packages. 
51361-6,51361,727,24,6,2.00,3255.44,0.07,0.02,R,F,1995-05-03,1995-05-03,1995-05-05,NONE,RAIL,"bout the pending, regula"
51362-1,51362,1068,39,1,45.00,43607.70,0.01,0.03,A,F,1993-06-17,1993-04-06,1993-06-25,TAKE BACK RETURN,RAIL,le fluffily quickly regular pac
51362-2,51362,811,78,2,29.00,49642.49,0.02,0.04,R,F,1993-05-05,1993-04-27,1993-05-20,TAKE BACK RETURN,FOB,ve quickly. regul
51362-3,51362,808,42,3,31.00,52972.80,0.06,0.06,R,F,1993-05-14,1993-04-23,1993-06-02,DELIVER IN PERSON,SHIP,ers wake quietly. platelets ar
51363-1,51363,1764,49,1,44.00,73293.44,0.07,0.05,N,O,1997-06-06,1997-08-14,1997-06-10,NONE,SHIP,riously regular courts s
51364-1,51364,1821,65,1,1.00,1722.82,0.10,0.02,R,F,1994-02-22,1993-12-28,1994-03-04,DELIVER IN PERSON,SHIP,he express instructions.
51364-2,51364,1800,43,2,8.00,13614.40,0.04,0.03,A,F,1993-12-23,1993-12-22,1994-01-05,TAKE BACK RETURN,AIR,ly furiously r
51365-1,51365,1101,2,1,8.00,8016.80,0.10,0.01,R,F,1992-08-14,1992-10-06,1992-08-24,NONE,TRUCK,pinto beans use caref
51365-2,51365,1883,27,2,1.00,1784.88,0.10,0.08,R,F,1992-08-22,1992-11-02,1992-09-21,COLLECT COD,TRUCK,ily ironic requests. regularly bold 
51365-3,51365,121,22,3,12.00,12253.44,0.03,0.03,A,F,1992-08-26,1992-11-02,1992-09-23,TAKE BACK RETURN,FOB,quiet requests. b
51366-1,51366,1209,10,1,35.00,38857.00,0.07,0.08,N,O,1995-06-25,1995-06-30,1995-06-30,DELIVER IN PERSON,FOB,after the furious
51366-2,51366,1122,31,2,41.00,41947.92,0.00,0.00,N,O,1995-09-14,1995-06-25,1995-09-28,DELIVER IN PERSON,FOB,gular requests after the quickly fi
51367-1,51367,1624,48,1,20.00,30512.40,0.05,0.08,R,F,1994-11-23,1994-12-29,1994-12-09,NONE,SHIP,e across the slyly ironic acc
51367-2,51367,1183,92,2,44.00,47703.92,0.04,0.03,R,F,1994-12-13,1995-01-22,1994-12-25,COLLECT COD,MAIL,riously special 
51367-3,51367,527,18,3,22.00,31405.44,0.02,0.06,A,F,1994-12-15,1995-01-28,1994-12-22,DELIVER IN PERSON,SHIP,nusual asympto
51392-1,51392,138,39,1,38.00,39448.94,0.07,0.05,R,F,1994-11-17,1995-01-11,1994-11-19,TAKE BACK RETURN,TRUCK,haggle carefully a
51392-2,51392,639,33,2,24.00,36951.12,0.10,0.01,A,F,1995-03-10,1995-01-05,1995-03-11,NONE,SHIP,s are. bold depend
51392-3,51392,1708,93,3,34.00,54729.80,0.05,0.00,R,F,1995-02-11,1995-02-03,1995-02-13,DELIVER IN PERSON,SHIP,kages. blithely
51392-4,51392,1813,100,4,11.00,18862.91,0.06,0.04,R,F,1995-02-04,1994-12-17,1995-02-16,TAKE BACK RETURN,REG AIR,ns. ruthless requests 
51393-1,51393,1576,97,1,17.00,25118.69,0.00,0.00,N,O,1997-04-25,1997-04-25,1997-05-19,DELIVER IN PERSON,FOB,esias use furiously. eve
51393-2,51393,253,81,2,10.00,11532.50,0.02,0.05,N,O,1997-04-27,1997-05-11,1997-05-08,COLLECT COD,AIR,"r ironic packages about the ironic, qu"
51394-1,51394,28,29,1,49.00,45472.98,0.01,0.07,A,F,1994-12-28,1994-10-26,1995-01-25,TAKE BACK RETURN,TRUCK,olites-- carefully special a
51394-2,51394,871,5,2,16.00,28349.92,0.10,0.01,R,F,1994-09-12,1994-10-18,1994-09-17,TAKE BACK RETURN,TRUCK,ithely furiously regular requests. slyly sp
51394-3,51394,1081,87,3,17.00,16695.36,0.05,0.06,R,F,1995-01-07,1994-10-19,1995-01-23,NONE,FOB,carefully. notornis integrate ent
51394-4,51394,1470,10,4,45.00,61716.15,0.00,0.01,R,F,1995-01-04,1994-10-08,1995-01-10,TAKE BACK RETURN,RAIL,rts nag quickly across the f
51394-5,51394,1233,45,5,23.00,26087.29,0.09,0.04,A,F,1994-10-22,1994-11-06,1994-11-05,COLLECT COD,SHIP,ideas. special accounts nag regularly. iro
51395-1,51395,692,86,1,42.00,66892.98,0.02,0.04,A,F,1993-07-03,1993-08-21,1993-07-28,DELIVER IN PERSON,SHIP,egular foxes along the 
51395-2,51395,1833,77,2,7.00,12143.81,0.08,0.05,A,F,1993-06-27,1993-08-25,1993-07-13,NONE,FOB, use quietly above t
51395-3,51395,1684,67,3,12.00,19028.16,0.02,0.01,A,F,1993-09-13,1993-09-06,1993-10-02,COLLECT COD,MAIL,s. quickly thin de
51395-4,51395,1790,33,4,47.00,79514.13,0.02,0.04,A,F,1993-08-04,1993-07-19,1993-09-01,DELIVER IN PERSON,MAIL,le around the instructions. speci
51395-5,51395,979,14,5,37.00,69558.89,0.10,0.00,A,F,1993-08-04,1993-08-16,1993-08-28,NONE,MAIL,ideas wake quickly alongsid
51396-1,51396,117,96,1,28.00,28479.08,0.05,0.06,N,O,1998-01-01,1998-02-07,1998-01-20,TAKE BACK RETURN,AIR,odolites detect fluffily against the iro
51396-2,51396,1135,72,2,19.00,19686.47,0.00,0.06,N,O,1998-02-14,1998-02-18,1998-03-05,COLLECT COD,TRUCK,n theodolites. fluffily
51396-3,51396,1296,97,3,48.00,57469.92,0.09,0.00,N,O,1998-01-29,1998-03-16,1998-02-28,DELIVER IN PERSON,FOB,refully after the even reques
51396-4,51396,1118,27,4,41.00,41783.51,0.09,0.05,N,O,1998-01-13,1998-02-22,1998-01-29,DELIVER IN PERSON,SHIP,y ironic theod
51397-1,51397,3,29,1,31.00,27993.00,0.01,0.07,A,F,1992-05-17,1992-03-23,1992-06-01,DELIVER IN PERSON,AIR,ckages detect furio
51398-1,51398,1489,7,1,23.00,31981.04,0.01,0.07,N,O,1996-07-27,1996-08-14,1996-08-07,TAKE BACK RETURN,TRUCK,"ly along the final, pending asympt"
51398-2,51398,1485,86,2,7.00,9705.36,0.10,0.03,N,O,1996-08-09,1996-08-29,1996-09-07,NONE,MAIL,encies. fluffily busy packages nag furious
51399-1,51399,1293,31,1,36.00,42994.44,0.03,0.01,N,O,1998-02-27,1997-12-09,1998-03-15,TAKE BACK RETURN,REG AIR,ins haggle blithely blithely unu
51399-2,51399,183,10,2,23.00,24913.14,0.08,0.08,N,O,1997-12-14,1998-01-03,1997-12-28,DELIVER IN PERSON,MAIL,ickly unusual requests solve about 
51399-3,51399,624,56,3,47.00,71657.14,0.06,0.06,N,O,1998-01-02,1997-12-15,1998-01-25,COLLECT COD,RAIL,raids. furiously final
51424-1,51424,1076,82,1,40.00,39082.80,0.08,0.02,A,F,1992-04-12,1992-03-05,1992-04-18,DELIVER IN PERSON,MAIL,"nal deposits. even, ev"
51424-2,51424,1916,61,2,25.00,45447.75,0.09,0.00,R,F,1992-04-06,1992-02-18,1992-05-04,NONE,MAIL,the final requests. slyl
51424-3,51424,814,14,3,27.00,46299.87,0.10,0.05,A,F,1992-01-13,1992-03-09,1992-01-27,DELIVER IN PERSON,FOB,lose theodolites unwind car
51424-4,51424,475,76,4,33.00,45390.51,0.10,0.02,A,F,1992-03-14,1992-03-10,1992-03-22,NONE,SHIP,quests are furiously furiously expre
51425-1,51425,902,37,1,9.00,16226.10,0.10,0.05,N,O,1998-03-21,1998-02-10,1998-04-14,TAKE BACK RETURN,REG AIR,hely regular pains. pending deposits a
51425-2,51425,1925,14,2,7.00,12788.44,0.02,0.00,N,O,1998-02-07,1997-12-31,1998-02-08,TAKE BACK RETURN,FOB,"express, unusual acco"
51425-3,51425,856,57,3,16.00,28109.60,0.00,0.00,N,O,1998-01-30,1998-02-07,1998-02-07,DELIVER IN PERSON,SHIP,special excuses detec
51425-4,51425,1640,64,4,38.00,58582.32,0.03,0.02,N,O,1998-03-18,1997-12-28,1998-04-05,DELIVER IN PERSON,TRUCK,uickly regular ideas haggle bli
51425-5,51425,592,53,5,8.00,11940.72,0.06,0.01,N,O,1998-03-05,1998-01-04,1998-03-22,COLLECT COD,FOB,excuses. bol
51426-1,51426,456,86,1,20.00,27129.00,0.03,0.08,A,F,1994-01-22,1994-02-28,1994-02-07,COLLECT COD,FOB,haggle quickly across the careful
51426-2,51426,1551,52,2,28.00,40671.40,0.06,0.06,R,F,1994-01-07,1994-01-26,1994-02-01,TAKE BACK RETURN,RAIL,according t
51427-1,51427,251,6,1,6.00,6907.50,0.08,0.06,N,O,1998-03-21,1998-03-29,1998-04-04,TAKE BACK RETURN,RAIL,xes. packages
51427-2,51427,1624,7,2,45.00,68652.90,0.07,0.07,N,O,1998-01-18,1998-02-01,1998-01-27,DELIVER IN PERSON,AIR,ole blithely 
51428-1,51428,1297,98,1,47.00,56319.63,0.08,0.04,A,F,1995-03-09,1995-02-07,1995-04-06,TAKE BACK RETURN,SHIP,old requests alongside of the iron
51428-2,51428,494,95,2,14.00,19522.86,0.04,0.03,R,F,1995-02-17,1995-02-01,1995-03-03,NONE,RAIL,detect about the
51428-3,51428,9,60,3,9.00,8181.00,0.07,0.06,A,F,1995-03-08,1995-02-17,1995-04-01,COLLECT COD,AIR,furiously ironic accou
51428-4,51428,758,55,4,49.00,81278.75,0.01,0.05,R,F,1995-01-04,1995-02-11,1995-01-08,DELIVER IN PERSON,TRUCK,deposits. blithely pending packages 
51428-5,51428,147,74,5,29.00,30367.06,0.09,0.03,A,F,1995-02-18,1995-03-10,1995-03-07,TAKE BACK RETURN,FOB,packages. carefu
51428-6,51428,590,21,6,48.00,71548.32,0.08,0.07,A,F,1995-03-17,1995-02-11,1995-03-27,TAKE BACK RETURN,FOB, fluffily after t
51429-1,51429,877,11,1,50.00,88893.50,0.04,0.00,N,O,1998-05-21,1998-06-24,1998-06-17,TAKE BACK RETURN,REG AIR,ounts nag enticingly quick
51429-2,51429,1351,28,2,40.00,50094.00,0.07,0.05,N,O,1998-07-23,1998-05-06,1998-08-21,COLLECT COD,TRUCK,side of the special 
51429-3,51429,268,96,3,46.00,53739.96,0.02,0.06,N,O,1998-07-14,1998-06-06,1998-08-11,COLLECT COD,FOB,l foxes. regular theodolites will have 
51429-4,51429,1380,19,4,4.00,5125.52,0.06,0.03,N,O,1998-07-12,1998-06-26,1998-08-05,DELIVER IN PERSON,AIR,fts. packages detect ruthlessly. 
51429-5,51429,366,23,5,50.00,63318.00,0.05,0.02,N,O,1998-04-27,1998-06-05,1998-05-23,COLLECT COD,RAIL,fully special 
51429-6,51429,1205,6,6,46.00,50885.20,0.02,0.05,N,O,1998-07-18,1998-05-29,1998-07-27,TAKE BACK RETURN,SHIP, slyly expres
51430-1,51430,551,12,1,22.00,31934.10,0.07,0.05,N,O,1996-01-24,1996-03-26,1996-02-02,TAKE BACK RETURN,SHIP,cross the slyly regular deposits.
51431-1,51431,1907,96,1,32.00,57884.80,0.00,0.06,N,O,1997-12-26,1998-03-20,1998-01-20,COLLECT COD,SHIP,aggle. deposits
51431-2,51431,1314,15,2,41.00,49827.71,0.03,0.07,N,O,1998-01-15,1998-03-04,1998-01-18,COLLECT COD,FOB, blithely. ironic deposits 
51456-1,51456,34,10,1,18.00,16812.54,0.06,0.04,A,F,1993-07-30,1993-06-26,1993-08-10,COLLECT COD,FOB,ar instructions. regularly special pack
51457-1,51457,427,15,1,35.00,46459.70,0.04,0.04,N,O,1998-03-19,1998-03-31,1998-04-13,TAKE BACK RETURN,REG AIR,e carefully bus
51458-1,51458,1523,24,1,30.00,42735.60,0.04,0.02,N,O,1995-07-03,1995-08-07,1995-07-08,COLLECT COD,RAIL,lithely furiously special 
51458-2,51458,396,97,2,23.00,29816.97,0.09,0.08,N,O,1995-06-18,1995-07-15,1995-06-24,TAKE BACK RETURN,FOB,t finally along the accounts. s
51458-3,51458,128,81,3,41.00,42152.92,0.04,0.02,N,O,1995-07-13,1995-07-23,1995-08-01,COLLECT COD,REG AIR,ccording to the pending deposits! bo
51459-1,51459,1124,25,1,48.00,49205.76,0.00,0.08,N,O,1996-02-02,1996-02-23,1996-02-08,COLLECT COD,SHIP,instructio
51459-2,51459,1068,69,2,10.00,9690.60,0.08,0.03,N,O,1996-03-20,1996-02-29,1996-03-28,TAKE BACK RETURN,FOB,s against the furiously regular packag
51459-3,51459,929,64,3,23.00,42088.16,0.02,0.01,N,O,1996-03-15,1996-03-13,1996-03-18,NONE,FOB,der furiously ironic deposit
51460-1,51460,1541,82,1,33.00,47603.82,0.02,0.06,N,O,1998-11-07,1998-09-03,1998-11-10,TAKE BACK RETURN,RAIL,r final requests lose blithe
51461-1,51461,331,60,1,47.00,57872.51,0.00,0.00,A,F,1995-04-09,1995-04-15,1995-04-24,TAKE BACK RETURN,FOB,ly final r
51461-2,51461,939,40,2,49.00,90156.57,0.10,0.02,A,F,1995-03-10,1995-04-01,1995-04-01,COLLECT COD,SHIP,lyly pending requests thrash 
51461-3,51461,1287,88,3,46.00,54660.88,0.02,0.06,A,F,1995-02-13,1995-04-08,1995-03-08,TAKE BACK RETURN,RAIL,er the even request
51461-4,51461,1690,14,4,6.00,9550.14,0.05,0.03,R,F,1995-04-23,1995-04-01,1995-05-08,NONE,REG AIR,nto beans across the 
51461-5,51461,756,21,5,42.00,69583.50,0.07,0.02,A,F,1995-06-04,1995-04-29,1995-06-11,DELIVER IN PERSON,SHIP,egrate slyly against the blithel
51461-6,51461,250,51,6,42.00,48310.50,0.10,0.07,R,F,1995-05-02,1995-03-25,1995-05-04,COLLECT COD,FOB,eep blithely regular 
51461-7,51461,325,82,7,12.00,14703.84,0.08,0.05,N,F,1995-06-05,1995-05-03,1995-06-27,TAKE BACK RETURN,TRUCK,bout the s
51462-1,51462,1826,13,1,47.00,81207.54,0.07,0.07,N,O,1995-10-09,1995-08-03,1995-10-30,DELIVER IN PERSON,MAIL,cajole. quickly express packages haggle.
51462-2,51462,798,95,2,20.00,33975.80,0.07,0.06,N,O,1995-08-24,1995-08-28,1995-09-07,COLLECT COD,AIR,against the ironic decoys. final 
51462-3,51462,1897,41,3,47.00,84547.83,0.05,0.02,N,O,1995-09-13,1995-08-30,1995-10-06,COLLECT COD,FOB,ithely bold platelets a
51462-4,51462,1030,1,4,26.00,24206.78,0.01,0.04,N,O,1995-10-11,1995-09-03,1995-11-01,NONE,AIR,ly special accounts.
51462-5,51462,1016,22,5,47.00,43099.47,0.05,0.04,N,O,1995-07-01,1995-08-14,1995-07-15,DELIVER IN PERSON,RAIL, detect. unusual a
51463-1,51463,48,24,1,30.00,28441.20,0.07,0.01,N,O,1996-02-11,1996-01-30,1996-02-28,TAKE BACK RETURN,RAIL,fully pending theodolites against the q
51463-2,51463,562,53,2,24.00,35101.44,0.06,0.08,N,O,1996-02-14,1996-01-27,1996-03-11,COLLECT COD,RAIL,"e final, ir"
51463-3,51463,182,35,3,10.00,10821.80,0.10,0.04,N,O,1996-02-28,1996-03-14,1996-03-25,COLLECT COD,TRUCK,ounts wake across the packages. pinto be
51463-4,51463,1264,65,4,7.00,8156.82,0.07,0.08,N,O,1996-01-27,1996-02-24,1996-02-07,NONE,AIR, quickly furio
51488-1,51488,1178,51,1,8.00,8633.36,0.10,0.08,A,F,1993-08-01,1993-07-03,1993-08-13,NONE,SHIP,ffily final sheaves. 
51488-2,51488,174,27,2,2.00,2148.34,0.01,0.05,R,F,1993-07-30,1993-07-15,1993-08-28,DELIVER IN PERSON,RAIL,ts sleep. ca
51488-3,51488,1743,28,3,24.00,39473.76,0.00,0.00,R,F,1993-07-10,1993-08-01,1993-07-17,TAKE BACK RETURN,SHIP,fully regular theodolites. sly
51488-4,51488,522,83,4,12.00,17070.24,0.01,0.06,R,F,1993-06-13,1993-06-10,1993-07-13,TAKE BACK RETURN,RAIL,"use regular, dogged platelets. furi"
51488-5,51488,314,15,5,36.00,43715.16,0.02,0.00,A,F,1993-08-24,1993-07-23,1993-08-25,TAKE BACK RETURN,TRUCK,s sleep furiously
51488-6,51488,398,27,6,44.00,57129.16,0.01,0.03,A,F,1993-07-08,1993-06-11,1993-07-24,COLLECT COD,AIR,usly regular dolphins
51489-1,51489,1553,54,1,44.00,64000.20,0.06,0.00,R,F,1992-03-31,1992-05-26,1992-04-12,NONE,AIR,usly express pac
51489-2,51489,1587,8,2,18.00,26794.44,0.09,0.03,R,F,1992-03-06,1992-05-19,1992-03-17,COLLECT COD,TRUCK, deposits wake f
51489-3,51489,964,65,3,35.00,65273.60,0.09,0.04,A,F,1992-06-29,1992-05-19,1992-07-08,COLLECT COD,REG AIR, the final r
51489-4,51489,916,85,4,12.00,21802.92,0.08,0.04,A,F,1992-03-20,1992-05-21,1992-03-31,NONE,SHIP,ites cajole fu
51489-5,51489,1331,46,5,20.00,24646.60,0.06,0.02,A,F,1992-06-07,1992-05-16,1992-06-16,COLLECT COD,AIR,ven requests ser
51489-6,51489,1703,46,6,11.00,17651.70,0.08,0.03,A,F,1992-05-07,1992-05-23,1992-05-14,TAKE BACK RETURN,REG AIR,"s; special, unusual ideas affix care"
51490-1,51490,1359,36,1,11.00,13863.85,0.05,0.01,N,O,1997-06-27,1997-06-03,1997-07-16,COLLECT COD,TRUCK,lites among the requests cajole bol
51490-2,51490,947,16,2,30.00,55438.20,0.05,0.08,N,O,1997-07-21,1997-05-17,1997-08-16,NONE,FOB, after the furiously final pinto
51491-1,51491,902,3,1,24.00,43269.60,0.05,0.03,N,O,1998-03-22,1998-04-23,1998-04-06,TAKE BACK RETURN,RAIL, beans are slyly about the sly
51491-2,51491,885,85,2,7.00,12501.16,0.03,0.08,N,O,1998-03-22,1998-03-17,1998-03-30,DELIVER IN PERSON,AIR,"nic, special theodolites across the furio"
51491-3,51491,1594,35,3,12.00,17947.08,0.00,0.07,N,O,1998-04-17,1998-04-27,1998-05-05,NONE,TRUCK,uctions grow quickly re
51491-4,51491,49,75,4,36.00,34165.44,0.03,0.07,N,O,1998-02-28,1998-03-19,1998-03-22,DELIVER IN PERSON,FOB, silent foxes wake quickly s
51491-5,51491,1932,77,5,41.00,75191.13,0.05,0.03,N,O,1998-04-27,1998-04-01,1998-05-09,TAKE BACK RETURN,MAIL,lar dependencies hang blith
51492-1,51492,107,86,1,7.00,7049.70,0.07,0.02,N,O,1998-04-11,1998-04-22,1998-04-17,TAKE BACK RETURN,FOB,e furiously slyly express packages
51492-2,51492,424,83,2,32.00,42381.44,0.08,0.04,N,O,1998-05-15,1998-04-17,1998-05-30,NONE,AIR,its. express requests are carefu
51492-3,51492,208,36,3,20.00,22164.00,0.10,0.03,N,O,1998-05-22,1998-04-17,1998-06-18,TAKE BACK RETURN,REG AIR,ar pinto beans against the careful
51492-4,51492,1660,61,4,12.00,18739.92,0.01,0.04,N,O,1998-04-10,1998-05-04,1998-04-18,NONE,AIR,lar ideas cajole 
51492-5,51492,1998,87,5,45.00,85499.55,0.03,0.00,N,O,1998-04-19,1998-03-18,1998-05-13,DELIVER IN PERSON,MAIL,oxes according to the careful
51493-1,51493,555,86,1,20.00,29111.00,0.09,0.05,N,O,1995-09-27,1995-09-12,1995-10-15,TAKE BACK RETURN,MAIL,al dependencies. q
51493-2,51493,1280,55,2,2.00,2362.56,0.03,0.01,N,O,1995-07-31,1995-10-01,1995-08-12,TAKE BACK RETURN,REG AIR,packages. even dependencies hang finally
51493-3,51493,673,67,3,16.00,25178.72,0.00,0.06,N,O,1995-10-13,1995-09-03,1995-10-22,DELIVER IN PERSON,AIR,onic depths across the r
51493-4,51493,680,12,4,48.00,75872.64,0.04,0.02,N,O,1995-08-20,1995-09-30,1995-09-14,DELIVER IN PERSON,AIR,"c, unusual deposits are: slyly unus"
51493-5,51493,557,58,5,42.00,61217.10,0.09,0.04,N,O,1995-09-05,1995-09-19,1995-10-01,TAKE BACK RETURN,MAIL,pinto beans cajole quickly unusua
51493-6,51493,171,24,6,50.00,53558.50,0.10,0.06,N,O,1995-07-21,1995-09-11,1995-08-10,DELIVER IN PERSON,AIR,regular packages cajole
51494-1,51494,497,27,1,36.00,50309.64,0.00,0.02,N,O,1995-11-13,1995-10-10,1995-12-04,TAKE BACK RETURN,REG AIR,ular requests. furiously
51494-2,51494,296,24,2,23.00,27514.67,0.04,0.03,N,O,1995-08-27,1995-10-16,1995-09-20,NONE,REG AIR,ly regular depe
51495-1,51495,1826,56,1,30.00,51834.60,0.05,0.05,R,F,1992-10-12,1992-10-11,1992-10-16,NONE,REG AIR,ncies nag among the care
51495-2,51495,846,13,2,36.00,62886.24,0.03,0.08,A,F,1992-08-27,1992-10-06,1992-09-02,NONE,SHIP, wake fluffily around the blithel
51495-3,51495,785,18,3,17.00,28658.26,0.06,0.02,A,F,1992-08-15,1992-08-31,1992-09-12,NONE,MAIL, furiously regular pac
51520-1,51520,1904,5,1,25.00,45147.50,0.07,0.06,N,O,1996-08-05,1996-08-20,1996-08-29,DELIVER IN PERSON,SHIP,its. express excuses use busily unusua
51520-2,51520,758,23,2,15.00,24881.25,0.07,0.02,N,O,1996-09-05,1996-09-10,1996-09-17,DELIVER IN PERSON,RAIL,"ealms after the even, final "
51520-3,51520,406,94,3,36.00,47030.40,0.03,0.03,N,O,1996-09-10,1996-09-13,1996-09-12,NONE,REG AIR,ake carefully after the never ironic pack
51520-4,51520,650,82,4,14.00,21709.10,0.06,0.01,N,O,1996-09-04,1996-08-07,1996-09-29,TAKE BACK RETURN,FOB,ording to the slyly iro
51520-5,51520,51,27,5,5.00,4755.25,0.01,0.05,N,O,1996-08-23,1996-08-23,1996-09-03,DELIVER IN PERSON,MAIL,nding deposits. fin
51520-6,51520,1775,2,6,21.00,35212.17,0.01,0.01,N,O,1996-09-11,1996-09-02,1996-10-11,COLLECT COD,SHIP, fluffily ironic theodolites. pending pa
51520-7,51520,488,89,7,13.00,18050.24,0.09,0.04,N,O,1996-08-01,1996-08-01,1996-08-23,COLLECT COD,TRUCK,y fluffily ironic platelets. sp
51521-1,51521,751,16,1,30.00,49552.50,0.10,0.06,N,O,1996-07-23,1996-09-12,1996-08-17,NONE,RAIL,es according to the bli
51521-2,51521,1898,99,2,7.00,12599.23,0.10,0.02,N,O,1996-08-27,1996-08-12,1996-09-10,DELIVER IN PERSON,REG AIR,"uctions. regular, express dep"
51521-3,51521,1284,22,3,29.00,34373.12,0.03,0.06,N,O,1996-08-08,1996-08-15,1996-08-15,TAKE BACK RETURN,MAIL,he carefully regul
51521-4,51521,406,65,4,50.00,65320.00,0.03,0.01,N,O,1996-07-14,1996-09-05,1996-08-12,NONE,MAIL,ong the some
51521-5,51521,1285,23,5,28.00,33215.84,0.10,0.06,N,O,1996-08-30,1996-07-21,1996-08-31,TAKE BACK RETURN,AIR,ly pending accou
51522-1,51522,1195,96,1,22.00,24116.18,0.02,0.05,N,O,1995-11-05,1996-01-04,1995-11-14,COLLECT COD,AIR, according
51522-2,51522,815,16,2,35.00,60053.35,0.04,0.03,N,O,1995-11-24,1995-11-26,1995-12-14,DELIVER IN PERSON,AIR,"? ironic, re"
51522-3,51522,166,19,3,36.00,38381.76,0.09,0.06,N,O,1995-11-11,1995-12-17,1995-12-07,TAKE BACK RETURN,MAIL, foxes haggle deposits. slyly express
51522-4,51522,1478,96,4,13.00,17933.11,0.00,0.06,N,O,1995-12-07,1995-12-30,1995-12-11,NONE,FOB,thin deposits use regular 
51523-1,51523,1366,67,1,28.00,35486.08,0.07,0.07,A,F,1994-07-28,1994-10-09,1994-08-19,TAKE BACK RETURN,REG AIR,ly carefully final requ
51524-1,51524,549,50,1,35.00,50733.90,0.01,0.08,R,F,1993-04-24,1993-05-02,1993-05-09,DELIVER IN PERSON,TRUCK,ites? furiously 
51524-2,51524,233,88,2,27.00,30597.21,0.08,0.05,R,F,1993-06-23,1993-05-02,1993-07-05,NONE,TRUCK,lly ironic dug
51524-3,51524,668,100,3,31.00,48628.46,0.01,0.05,A,F,1993-06-17,1993-04-21,1993-07-16,DELIVER IN PERSON,FOB,l decoys. daringly ironic theod
51524-4,51524,1215,16,4,38.00,42415.98,0.00,0.02,A,F,1993-07-03,1993-06-06,1993-07-29,TAKE BACK RETURN,SHIP,osits. carefully final
51525-1,51525,956,91,1,3.00,5570.85,0.10,0.01,N,O,1996-01-15,1996-01-22,1996-02-07,COLLECT COD,REG AIR,furiously regular foxes. 
51525-2,51525,953,22,2,45.00,83427.75,0.01,0.07,N,O,1996-01-23,1996-01-01,1996-02-01,DELIVER IN PERSON,SHIP,"es print furiously ironic, regular pains. b"
51525-3,51525,1753,80,3,47.00,77773.25,0.07,0.01,N,O,1996-01-05,1996-01-21,1996-01-09,TAKE BACK RETURN,FOB,regular platelets. blithely silent
51526-1,51526,1656,80,1,44.00,68536.60,0.09,0.07,R,F,1995-05-10,1995-06-27,1995-06-01,DELIVER IN PERSON,SHIP,ages haggl
51527-1,51527,349,78,1,11.00,13742.74,0.01,0.03,N,O,1997-07-30,1997-07-01,1997-07-31,NONE,MAIL,ful pinto beans are. daringly pe
51527-2,51527,47,48,2,42.00,39775.68,0.09,0.07,N,O,1997-07-04,1997-08-04,1997-07-13,COLLECT COD,SHIP,"pending, ironic theodolites be"
51527-3,51527,528,29,3,43.00,61426.36,0.06,0.06,N,O,1997-05-25,1997-07-12,1997-06-10,TAKE BACK RETURN,MAIL,"ely ironic sheaves. pending, bold deposits"
51527-4,51527,1226,64,4,31.00,34943.82,0.01,0.00,N,O,1997-05-14,1997-06-13,1997-05-28,COLLECT COD,AIR,ets are. furiously ironic fox
51527-5,51527,1738,39,5,10.00,16397.30,0.03,0.03,N,O,1997-05-20,1997-07-16,1997-06-19,NONE,REG AIR,ously. caref
51527-6,51527,546,77,6,43.00,62201.22,0.03,0.02,N,O,1997-05-10,1997-07-10,1997-05-24,DELIVER IN PERSON,SHIP,ns-- furiously regular requests slee
51552-1,51552,1557,78,1,26.00,37922.30,0.03,0.00,N,O,1998-07-11,1998-06-11,1998-07-23,TAKE BACK RETURN,AIR,ing foxes are furious
51553-1,51553,1931,32,1,21.00,38491.53,0.07,0.06,N,O,1996-02-11,1996-02-05,1996-03-02,NONE,TRUCK,", regular foxes thrash slyly carefully "
51553-2,51553,1726,69,2,25.00,40693.00,0.00,0.00,N,O,1996-03-13,1996-02-22,1996-03-27,COLLECT COD,REG AIR,"st slyly even asymptotes. express, regu"
51553-3,51553,280,62,3,5.00,5901.40,0.07,0.01,N,O,1996-02-25,1996-01-31,1996-03-18,DELIVER IN PERSON,RAIL,refully final p
51553-4,51553,291,92,4,28.00,33356.12,0.01,0.04,N,O,1996-01-17,1996-02-24,1996-02-03,COLLECT COD,TRUCK,ns? silent dolphins kindle final
51553-5,51553,38,14,5,38.00,35645.14,0.07,0.01,N,O,1995-12-16,1995-12-28,1995-12-31,NONE,TRUCK,al platelets dazzle bli
51553-6,51553,1483,62,6,38.00,52610.24,0.06,0.05,N,O,1995-12-05,1996-01-04,1995-12-17,COLLECT COD,AIR,always ironic 
51553-7,51553,786,51,7,42.00,70844.76,0.00,0.00,N,O,1995-12-11,1996-02-13,1996-01-07,DELIVER IN PERSON,AIR,ts haggle slyly ag
51554-1,51554,1625,26,1,2.00,3053.24,0.03,0.04,A,F,1994-05-06,1994-06-08,1994-05-08,NONE,REG AIR,es boost bravely
51554-2,51554,1092,63,2,19.00,18868.71,0.07,0.01,A,F,1994-04-16,1994-05-01,1994-05-16,COLLECT COD,SHIP,ecial requests wa
51554-3,51554,1411,51,3,47.00,61683.27,0.04,0.02,A,F,1994-05-21,1994-04-30,1994-06-16,DELIVER IN PERSON,RAIL,s cajole carefully silent pint
51554-4,51554,564,25,4,48.00,70298.88,0.00,0.07,R,F,1994-07-16,1994-06-02,1994-07-19,NONE,FOB,s. carefully silen
51554-5,51554,1151,24,5,46.00,48398.90,0.08,0.05,A,F,1994-06-18,1994-04-30,1994-07-14,COLLECT COD,SHIP,quickly qui
51554-6,51554,612,75,6,34.00,51428.74,0.02,0.05,R,F,1994-04-27,1994-05-08,1994-05-14,DELIVER IN PERSON,FOB,express platelets. slyly 
51555-1,51555,836,36,1,42.00,72946.86,0.10,0.05,R,F,1995-04-10,1995-02-23,1995-04-14,NONE,REG AIR,lyly. carefully regular 
51555-2,51555,527,18,2,17.00,24267.84,0.08,0.01,A,F,1995-01-27,1995-02-17,1995-01-30,NONE,TRUCK,y regular pinto beans--
51556-1,51556,742,75,1,43.00,70637.82,0.10,0.07,A,F,1993-01-20,1992-11-27,1993-02-10,TAKE BACK RETURN,MAIL, blithely unusu
51557-1,51557,264,92,1,8.00,9314.08,0.06,0.05,N,O,1996-01-03,1996-01-28,1996-01-08,TAKE BACK RETURN,MAIL,ffily even foxes haggle slyly bli
51557-2,51557,402,3,2,35.00,45584.00,0.04,0.08,N,O,1996-02-16,1996-01-08,1996-02-26,DELIVER IN PERSON,AIR,ticing asymptotes. slyly fi
51558-1,51558,1435,75,1,16.00,21382.88,0.03,0.08,A,F,1993-07-03,1993-05-02,1993-07-15,TAKE BACK RETURN,FOB,nding ideas slee
51558-2,51558,433,21,2,6.00,8000.58,0.10,0.05,A,F,1993-04-17,1993-06-25,1993-05-15,NONE,TRUCK,t according to the quiet dolphins.
51558-3,51558,634,35,3,3.00,4603.89,0.08,0.01,R,F,1993-04-21,1993-06-25,1993-05-08,DELIVER IN PERSON,AIR,"osits boost regular, even foxes. stea"
51558-4,51558,1923,24,4,30.00,54747.60,0.09,0.08,A,F,1993-05-24,1993-05-22,1993-06-19,COLLECT COD,RAIL,s. furiously ironic packages are 
51558-5,51558,171,98,5,27.00,28921.59,0.01,0.05,R,F,1993-07-03,1993-06-12,1993-07-20,DELIVER IN PERSON,SHIP,es nag quickly even 
51558-6,51558,416,17,6,42.00,55289.22,0.10,0.05,R,F,1993-04-23,1993-05-27,1993-05-16,COLLECT COD,TRUCK,equests cajole. blit
51559-1,51559,1745,88,1,3.00,4940.22,0.04,0.06,A,F,1992-05-11,1992-05-24,1992-06-03,COLLECT COD,MAIL,ironic theodolites
51559-2,51559,28,54,2,33.00,30624.66,0.04,0.04,A,F,1992-05-13,1992-05-27,1992-05-22,TAKE BACK RETURN,RAIL,ly even deposits unwi
51559-3,51559,1703,88,3,27.00,43326.90,0.09,0.00,R,F,1992-04-08,1992-05-10,1992-05-05,COLLECT COD,RAIL,deas integrate blithely. regular pint
51559-4,51559,632,64,4,32.00,49044.16,0.08,0.06,A,F,1992-06-29,1992-04-16,1992-07-08,COLLECT COD,REG AIR,y special deposits nag furio
51559-5,51559,211,93,5,48.00,53338.08,0.02,0.01,R,F,1992-04-11,1992-04-04,1992-04-20,DELIVER IN PERSON,SHIP,ches boost carefully along th
51584-1,51584,1274,12,1,45.00,52887.15,0.03,0.00,A,F,1994-01-26,1993-12-25,1994-02-09,TAKE BACK RETURN,REG AIR,e quickly final deposits. blithel
51584-2,51584,1670,12,2,25.00,39291.75,0.08,0.04,A,F,1993-11-16,1993-12-11,1993-12-12,COLLECT COD,FOB,y final instr
51584-3,51584,959,62,3,39.00,72538.05,0.03,0.00,A,F,1993-12-20,1993-12-26,1994-01-10,COLLECT COD,MAIL,ic accounts na
51584-4,51584,1981,82,4,37.00,69670.26,0.05,0.08,R,F,1993-11-24,1994-01-03,1993-12-04,COLLECT COD,TRUCK,instructions. always unus
51584-5,51584,1156,29,5,16.00,16914.40,0.09,0.04,A,F,1994-01-31,1993-12-24,1994-02-09,TAKE BACK RETURN,RAIL,s nag bravely across the
51584-6,51584,277,5,6,4.00,4709.08,0.04,0.03,R,F,1993-12-06,1993-11-27,1993-12-13,NONE,FOB, the even pinto bea
51585-1,51585,1770,13,1,35.00,58511.95,0.04,0.05,N,O,1996-05-29,1996-06-23,1996-06-28,TAKE BACK RETURN,RAIL, special foxes doubt blithely. furi
51585-2,51585,1574,15,2,31.00,45742.67,0.00,0.00,N,O,1996-06-13,1996-06-13,1996-06-24,NONE,AIR,uickly about the blithe
51585-3,51585,1874,61,3,47.00,83465.89,0.02,0.08,N,O,1996-05-21,1996-06-17,1996-05-26,NONE,REG AIR,cies dazzle slyly acr
51585-4,51585,677,9,4,6.00,9466.02,0.08,0.06,N,O,1996-08-18,1996-06-23,1996-09-04,DELIVER IN PERSON,AIR,l epitaphs. account
51585-5,51585,1305,20,5,2.00,2412.60,0.10,0.03,N,O,1996-06-30,1996-06-10,1996-07-04,DELIVER IN PERSON,MAIL,even requests across the care
51585-6,51585,1741,26,6,43.00,70637.82,0.07,0.08,N,O,1996-07-21,1996-06-20,1996-08-09,COLLECT COD,MAIL,quickly? sly
51586-1,51586,1550,51,1,4.00,5806.20,0.07,0.03,N,O,1997-05-07,1997-03-10,1997-05-18,NONE,TRUCK,s. bold depos
51586-2,51586,945,48,2,2.00,3691.88,0.09,0.02,N,O,1997-05-25,1997-04-14,1997-06-17,COLLECT COD,FOB,usly pinto 
51586-3,51586,1633,16,3,39.00,59850.57,0.07,0.06,N,O,1997-02-02,1997-03-28,1997-03-03,TAKE BACK RETURN,RAIL,"even instructions lose. final, fi"
51586-4,51586,911,14,4,38.00,68852.58,0.10,0.04,N,O,1997-03-13,1997-03-29,1997-03-25,COLLECT COD,SHIP,equests boos
51586-5,51586,798,31,5,9.00,15289.11,0.03,0.03,N,O,1997-02-22,1997-04-14,1997-03-11,NONE,TRUCK,oost blithely fl
51586-6,51586,1939,84,6,50.00,92046.50,0.07,0.00,N,O,1997-05-21,1997-04-07,1997-06-08,COLLECT COD,FOB,carefully regular depo
51587-1,51587,799,32,1,22.00,37395.38,0.09,0.08,N,O,1998-03-17,1998-02-01,1998-04-03,NONE,RAIL,. furiously silent package
51587-2,51587,732,29,2,14.00,22858.22,0.03,0.01,N,O,1998-04-20,1998-02-23,1998-04-30,COLLECT COD,TRUCK,sits. pending accounts cajole blit
51587-3,51587,743,8,3,6.00,9862.44,0.06,0.04,N,O,1998-02-24,1998-03-28,1998-03-12,NONE,MAIL,. carefully eve
51588-1,51588,63,14,1,33.00,31780.98,0.06,0.05,N,O,1997-06-28,1997-05-18,1997-07-23,NONE,RAIL,sits. spec
51589-1,51589,1739,82,1,50.00,82036.50,0.05,0.08,N,O,1995-06-29,1995-08-16,1995-07-23,DELIVER IN PERSON,AIR,c packages a
51589-2,51589,655,56,2,17.00,26446.05,0.03,0.01,N,O,1995-07-31,1995-07-12,1995-08-30,NONE,TRUCK,tect blithely among th
51589-3,51589,1522,23,3,16.00,22776.32,0.10,0.02,N,O,1995-09-11,1995-07-08,1995-09-18,TAKE BACK RETURN,MAIL,ickly even packages wake car
51589-4,51589,955,90,4,44.00,81661.80,0.08,0.01,N,O,1995-06-26,1995-07-13,1995-07-04,DELIVER IN PERSON,FOB,ly ironic warhorses w
51589-5,51589,823,23,5,45.00,77571.90,0.02,0.02,N,O,1995-09-27,1995-08-25,1995-10-04,NONE,TRUCK,refully. slyly regu
51589-6,51589,109,36,6,47.00,47427.70,0.05,0.00,N,O,1995-10-03,1995-07-31,1995-10-05,DELIVER IN PERSON,SHIP,aggle along the silent pin
51590-1,51590,21,97,1,48.00,44208.96,0.01,0.01,N,O,1998-08-10,1998-06-04,1998-09-07,COLLECT COD,MAIL,le accounts. bold accounts s
51590-2,51590,644,38,2,31.00,47883.84,0.03,0.08,N,O,1998-07-26,1998-07-07,1998-07-28,TAKE BACK RETURN,RAIL,furiously special accounts. never regula
51590-3,51590,670,71,3,47.00,73821.49,0.03,0.03,N,O,1998-05-13,1998-06-05,1998-06-02,NONE,AIR," ironic pinto beans. final, fin"
51590-4,51590,608,9,4,7.00,10560.20,0.04,0.07,N,O,1998-08-12,1998-06-20,1998-09-02,COLLECT COD,SHIP,s haggle according to the furiously sil
51590-5,51590,1402,42,5,33.00,43012.20,0.04,0.03,N,O,1998-06-25,1998-07-06,1998-07-19,COLLECT COD,SHIP,lar excuses detect c
51591-1,51591,1039,40,1,25.00,23500.75,0.10,0.03,A,F,1995-01-30,1994-11-04,1995-02-22,NONE,SHIP,"ns eat ironic, furious ideas. depths nag c"
51591-2,51591,1828,72,2,49.00,84761.18,0.05,0.05,A,F,1995-01-06,1994-12-10,1995-01-22,COLLECT COD,FOB,he express pint
51591-3,51591,94,95,3,32.00,31810.88,0.02,0.06,R,F,1994-12-22,1994-12-22,1995-01-17,DELIVER IN PERSON,TRUCK,ular pinto beans cajole blithely accordi
51591-4,51591,1160,97,4,11.00,11672.76,0.09,0.06,R,F,1994-12-13,1994-12-19,1995-01-02,NONE,AIR,g ideas. fluffily ironic acc
51591-5,51591,1510,51,5,11.00,15526.61,0.01,0.02,R,F,1994-12-14,1994-12-04,1994-12-23,DELIVER IN PERSON,FOB,g platelets wake. furious
51591-6,51591,1370,71,6,8.00,10170.96,0.05,0.08,R,F,1994-12-03,1994-12-26,1994-12-17,NONE,MAIL,uests-- fluffily ironic acco
51616-1,51616,1761,62,1,9.00,14964.84,0.07,0.06,N,O,1997-11-08,1997-09-27,1997-12-03,COLLECT COD,RAIL,r theodolites among the blithely idle wa
51617-1,51617,254,36,1,20.00,23085.00,0.09,0.00,N,O,1997-03-12,1997-02-16,1997-03-22,TAKE BACK RETURN,AIR," the regular, regular deposits "
51617-2,51617,898,65,2,43.00,77352.27,0.06,0.04,N,O,1997-03-10,1996-12-31,1997-03-17,COLLECT COD,RAIL,uests sleep? slyly bold theodolites run
51617-3,51617,467,97,3,31.00,42391.26,0.02,0.02,N,O,1997-02-26,1996-12-27,1997-03-13,COLLECT COD,AIR,requests boost express pinto beans. ironic
51617-4,51617,1642,66,4,4.00,6174.56,0.06,0.05,N,O,1997-02-27,1997-02-09,1997-03-18,COLLECT COD,RAIL,gouts. packages haggle acr
51617-5,51617,220,48,5,42.00,47049.24,0.07,0.03,N,O,1997-01-28,1996-12-31,1997-02-05,TAKE BACK RETURN,MAIL, of the quickly exp
51617-6,51617,1062,63,6,40.00,38522.40,0.10,0.05,N,O,1997-02-25,1997-01-31,1997-02-26,NONE,REG AIR,requests. accounts integrate wa
51617-7,51617,1238,13,7,6.00,6835.38,0.01,0.05,N,O,1997-02-14,1997-02-03,1997-03-08,NONE,FOB,luffily express deposits haggle fi
51618-1,51618,354,55,1,23.00,28850.05,0.02,0.04,N,O,1998-04-06,1998-03-25,1998-04-15,NONE,TRUCK,ake across th
51618-2,51618,1338,15,2,33.00,40897.89,0.02,0.03,N,O,1998-03-18,1998-04-29,1998-04-15,DELIVER IN PERSON,SHIP,lly among the quickly final braids. 
51618-3,51618,329,14,3,17.00,20898.44,0.06,0.01,N,O,1998-04-06,1998-03-29,1998-04-27,DELIVER IN PERSON,TRUCK,ckly even packages. instructions sleep abov
51618-4,51618,1389,28,4,49.00,63228.62,0.00,0.00,N,O,1998-05-13,1998-03-26,1998-06-08,NONE,FOB,ajole slyly final ac
51618-5,51618,1696,38,5,18.00,28758.42,0.09,0.04,N,O,1998-04-22,1998-04-29,1998-05-13,DELIVER IN PERSON,RAIL,es. furiously final asymptotes sle
51618-6,51618,57,8,6,47.00,44981.35,0.00,0.08,N,O,1998-03-04,1998-04-15,1998-03-25,NONE,AIR,. furiously final ideas wake. express 
51619-1,51619,1117,26,1,45.00,45814.95,0.04,0.05,R,F,1994-12-02,1994-10-15,1994-12-04,DELIVER IN PERSON,AIR,o beans. ent
51619-2,51619,881,81,2,30.00,53456.40,0.02,0.06,A,F,1994-11-11,1994-11-16,1994-12-05,COLLECT COD,RAIL,ely regular accounts. thinly special
51619-3,51619,147,74,3,2.00,2094.28,0.03,0.07,A,F,1994-12-13,1994-11-13,1995-01-08,DELIVER IN PERSON,MAIL,ng ruthlessly alongside of the fur
51619-4,51619,731,96,4,11.00,17949.03,0.05,0.07,A,F,1994-11-03,1994-10-17,1994-11-04,COLLECT COD,MAIL,ers haggle furiously stea
51619-5,51619,1996,85,5,9.00,17081.91,0.08,0.01,R,F,1994-10-08,1994-10-26,1994-10-14,TAKE BACK RETURN,TRUCK," carefully. final, final foxes are"
51619-6,51619,184,85,6,9.00,9757.62,0.05,0.02,R,F,1994-12-19,1994-10-31,1995-01-04,COLLECT COD,SHIP,ect carefully along the unusual requests
51619-7,51619,20,71,7,46.00,42320.92,0.05,0.04,R,F,1994-11-23,1994-10-28,1994-12-07,TAKE BACK RETURN,SHIP,ully ironic accounts. closely 
51620-1,51620,1396,73,1,47.00,60977.33,0.04,0.06,R,F,1992-05-29,1992-05-17,1992-06-12,NONE,REG AIR,slyly after the final accounts. quick
51620-2,51620,1924,25,2,40.00,73036.80,0.04,0.00,A,F,1992-06-01,1992-06-01,1992-06-23,DELIVER IN PERSON,MAIL," nag carefully after the regular, regula"
51620-3,51620,852,19,3,1.00,1752.85,0.00,0.02,R,F,1992-04-17,1992-05-02,1992-04-30,TAKE BACK RETURN,MAIL,uriously special theodolites
51620-4,51620,955,24,4,9.00,16703.55,0.08,0.07,A,F,1992-04-20,1992-04-28,1992-05-16,DELIVER IN PERSON,TRUCK,in accounts nag caref
51620-5,51620,1974,19,5,43.00,80666.71,0.08,0.01,R,F,1992-06-20,1992-05-22,1992-07-13,COLLECT COD,TRUCK,s grow furio
51620-6,51620,1869,70,6,34.00,60209.24,0.01,0.08,R,F,1992-04-26,1992-05-26,1992-05-02,NONE,REG AIR,blithely furiously final mult
51620-7,51620,1348,87,7,1.00,1249.34,0.08,0.08,A,F,1992-05-09,1992-05-31,1992-05-19,NONE,MAIL,ites are. furiousl
51621-1,51621,1489,68,1,19.00,26419.12,0.03,0.04,A,F,1994-03-17,1994-01-04,1994-04-13,NONE,SHIP, silently permanent ideas detect fu
51621-2,51621,987,88,2,6.00,11327.88,0.08,0.04,R,F,1994-03-19,1994-02-02,1994-04-09,COLLECT COD,REG AIR,ymptotes cajole accordi
51622-1,51622,1626,50,1,33.00,50411.46,0.08,0.00,N,O,1997-10-18,1997-10-27,1997-11-08,DELIVER IN PERSON,MAIL,ests. final dependencies 
51622-2,51622,1111,20,2,36.00,36435.96,0.02,0.02,N,O,1997-10-11,1997-11-09,1997-11-05,DELIVER IN PERSON,MAIL,quickly. furiously 
51622-3,51622,398,99,3,27.00,35056.53,0.00,0.06,N,O,1997-10-11,1997-10-28,1997-10-19,COLLECT COD,RAIL,al packages. fina
51622-4,51622,665,28,4,19.00,29747.54,0.10,0.05,N,O,1997-10-21,1997-12-11,1997-11-17,COLLECT COD,MAIL, the slyly 
51623-1,51623,1809,53,1,37.00,63299.60,0.01,0.00,R,F,1994-02-08,1994-03-13,1994-03-07,NONE,SHIP,kages cajole doggedly final dolphins. pe
51623-2,51623,1739,82,2,25.00,41018.25,0.01,0.01,R,F,1994-03-24,1994-03-20,1994-04-13,NONE,FOB,sual deposits use silentl
51623-3,51623,1578,59,3,26.00,38468.82,0.06,0.02,A,F,1994-03-19,1994-03-09,1994-04-01,DELIVER IN PERSON,RAIL,ts. regular instructions e
51623-4,51623,753,18,4,26.00,42997.50,0.05,0.05,R,F,1994-04-14,1994-04-13,1994-05-02,DELIVER IN PERSON,TRUCK,y besides the
51623-5,51623,1704,47,5,8.00,12845.60,0.02,0.00,A,F,1994-03-18,1994-03-04,1994-04-11,NONE,TRUCK,uests nag quickly slyly ironic platel
51623-6,51623,1968,13,6,5.00,9349.80,0.01,0.05,R,F,1994-04-14,1994-02-13,1994-05-14,COLLECT COD,TRUCK,ades. blithely express foxes cajo
51623-7,51623,487,17,7,5.00,6937.40,0.00,0.01,R,F,1994-04-02,1994-03-17,1994-04-27,TAKE BACK RETURN,FOB,es solve final ideas. caref
51648-1,51648,635,98,1,47.00,72174.61,0.06,0.02,A,F,1992-03-22,1992-03-25,1992-04-06,COLLECT COD,TRUCK,final deposits use among the blith
51648-2,51648,476,64,2,46.00,63317.62,0.07,0.07,R,F,1992-03-31,1992-02-21,1992-04-09,DELIVER IN PERSON,FOB,s haggle according to the quickly bold
51648-3,51648,1363,64,3,19.00,24022.84,0.04,0.00,R,F,1992-02-18,1992-03-05,1992-03-07,TAKE BACK RETURN,AIR,arefully express p
51648-4,51648,1708,9,4,17.00,27364.90,0.08,0.06,R,F,1992-03-08,1992-03-14,1992-03-21,DELIVER IN PERSON,TRUCK,refully regular orbits. ca
51648-5,51648,480,39,5,32.00,44175.36,0.10,0.00,A,F,1992-02-12,1992-03-28,1992-02-22,TAKE BACK RETURN,TRUCK,totes around the inst
51648-6,51648,542,73,6,47.00,67799.38,0.06,0.05,R,F,1992-01-20,1992-03-28,1992-02-03,COLLECT COD,RAIL,equests integrate ca
51648-7,51648,870,37,7,10.00,17708.70,0.07,0.07,R,F,1992-04-17,1992-03-02,1992-05-12,DELIVER IN PERSON,TRUCK, pending pinto b
51649-1,51649,44,45,1,45.00,42481.80,0.09,0.07,N,O,1996-11-19,1996-12-27,1996-11-24,DELIVER IN PERSON,AIR,unusual requests. regular pinto
51649-2,51649,1987,20,2,34.00,64225.32,0.06,0.01,N,O,1997-02-25,1996-12-07,1997-03-25,DELIVER IN PERSON,REG AIR,"s hang special, ironic deposits. fluffi"
51649-3,51649,1984,73,3,20.00,37719.60,0.06,0.01,N,O,1996-12-01,1996-12-25,1996-12-31,NONE,TRUCK,ully even acco
51649-4,51649,17,93,4,14.00,12838.14,0.09,0.03,N,O,1997-03-04,1996-12-20,1997-04-02,DELIVER IN PERSON,AIR,ld instructions print slyl
51650-1,51650,1725,52,1,28.00,45548.16,0.07,0.01,N,O,1995-08-16,1995-07-15,1995-08-23,DELIVER IN PERSON,AIR,ecial asymptotes use b
51650-2,51650,1054,55,2,26.00,24831.30,0.08,0.08,N,O,1995-09-16,1995-07-30,1995-09-22,DELIVER IN PERSON,SHIP,about the regular hockey 
51650-3,51650,494,53,3,7.00,9761.43,0.03,0.08,N,O,1995-08-26,1995-07-30,1995-09-16,DELIVER IN PERSON,RAIL,posits aga
51650-4,51650,439,98,4,38.00,50898.34,0.09,0.02,N,O,1995-07-14,1995-08-30,1995-08-13,TAKE BACK RETURN,REG AIR,efully silent accounts
51650-5,51650,1038,9,5,29.00,27231.87,0.05,0.03,N,F,1995-06-08,1995-08-21,1995-07-08,TAKE BACK RETURN,TRUCK,equests. final 
51651-1,51651,522,53,1,10.00,14225.20,0.05,0.01,N,O,1998-02-07,1998-04-07,1998-03-09,NONE,RAIL,lly. carefully ironic
51651-2,51651,251,33,2,17.00,19571.25,0.05,0.06,N,O,1998-01-26,1998-03-23,1998-02-18,TAKE BACK RETURN,REG AIR,r accounts cajole among the furiously pen
51652-1,51652,647,79,1,12.00,18571.68,0.00,0.00,N,O,1995-06-24,1995-07-08,1995-07-16,NONE,MAIL,symptotes snoo
51652-2,51652,1064,65,2,39.00,37637.34,0.09,0.08,N,O,1995-07-11,1995-06-27,1995-07-26,TAKE BACK RETURN,FOB,", ironic p"
51652-3,51652,280,8,3,35.00,41309.80,0.02,0.08,N,O,1995-08-02,1995-06-05,1995-08-31,DELIVER IN PERSON,RAIL,l foxes. dolphins about the 
51652-4,51652,883,50,4,30.00,53516.40,0.04,0.06,R,F,1995-04-24,1995-06-10,1995-05-07,TAKE BACK RETURN,MAIL,uriously unusual pinto beans. 
51652-5,51652,1658,59,5,23.00,35871.95,0.05,0.05,R,F,1995-04-27,1995-05-31,1995-05-16,NONE,REG AIR,ely regular instructions. b
51652-6,51652,577,8,6,39.00,57625.23,0.03,0.03,N,O,1995-08-09,1995-06-28,1995-09-04,COLLECT COD,REG AIR,foxes nag carefully after the
51653-1,51653,947,16,1,2.00,3695.88,0.03,0.04,N,O,1997-11-07,1997-11-09,1997-12-01,TAKE BACK RETURN,AIR,ronic gifts are against the blith
51653-2,51653,1972,73,2,48.00,89950.56,0.00,0.05,N,O,1997-10-10,1997-12-03,1997-11-03,NONE,SHIP, final accounts.
51653-3,51653,1093,64,3,44.00,43739.96,0.00,0.06,N,O,1998-01-12,1997-11-03,1998-01-30,DELIVER IN PERSON,AIR,"s? bold, final asymptotes"
51653-4,51653,1089,95,4,11.00,10890.88,0.01,0.05,N,O,1997-11-11,1997-12-04,1997-12-04,NONE,MAIL,ely. requests nag closely. furiously iron
51653-5,51653,234,89,5,6.00,6805.38,0.00,0.00,N,O,1997-10-19,1997-12-21,1997-11-10,COLLECT COD,SHIP,ges: accou
51654-1,51654,1498,38,1,12.00,16793.88,0.04,0.03,N,O,1996-06-22,1996-06-24,1996-07-15,NONE,SHIP," are slyly ironic, even pinto beans;"
51654-2,51654,925,60,2,9.00,16433.28,0.00,0.00,N,O,1996-04-18,1996-06-14,1996-05-02,NONE,MAIL,ding tithes. special 
51654-3,51654,311,12,3,38.00,46029.78,0.08,0.08,N,O,1996-06-18,1996-06-11,1996-07-13,DELIVER IN PERSON,SHIP,bold theodolites nag q
51654-4,51654,1348,87,4,12.00,14992.08,0.03,0.04,N,O,1996-06-05,1996-06-15,1996-06-12,COLLECT COD,AIR, furiously against the pending accounts. f
51654-5,51654,1797,24,5,17.00,28879.43,0.03,0.03,N,O,1996-04-04,1996-05-06,1996-04-16,TAKE BACK RETURN,REG AIR,f the blithely regu
51654-6,51654,1404,44,6,21.00,27413.40,0.07,0.05,N,O,1996-06-13,1996-05-15,1996-07-13,NONE,FOB,s. excuses cajole across
51655-1,51655,1219,31,1,26.00,29125.46,0.03,0.04,A,F,1993-11-27,1993-11-13,1993-12-03,DELIVER IN PERSON,AIR,y pending theodolites haggle reque
51655-2,51655,1503,84,2,36.00,50562.00,0.05,0.02,R,F,1994-01-16,1993-11-07,1994-01-27,TAKE BACK RETURN,FOB,requests above the slyly special de
51680-1,51680,1890,20,1,14.00,25086.46,0.08,0.05,N,O,1996-04-18,1996-02-04,1996-05-01,DELIVER IN PERSON,MAIL,s hinder furiously abo
51681-1,51681,980,15,1,48.00,90287.04,0.06,0.05,N,O,1998-03-19,1998-03-02,1998-04-08,DELIVER IN PERSON,RAIL,tect always blithely regular
51681-2,51681,1703,46,2,27.00,43326.90,0.02,0.04,N,O,1998-05-17,1998-03-25,1998-05-20,DELIVER IN PERSON,MAIL,after the bold 
51681-3,51681,1805,49,3,26.00,44376.80,0.09,0.08,N,O,1998-05-24,1998-04-02,1998-06-15,COLLECT COD,FOB,ests. final requests use qui
51681-4,51681,1129,66,4,2.00,2060.24,0.10,0.02,N,O,1998-04-23,1998-03-05,1998-05-15,NONE,REG AIR,ccounts. instructions boost furiousl
51681-5,51681,1873,3,5,32.00,56795.84,0.02,0.00,N,O,1998-02-06,1998-04-06,1998-02-28,COLLECT COD,RAIL,lent accounts. 
51682-1,51682,1554,55,1,36.00,52399.80,0.10,0.00,R,F,1993-08-08,1993-06-28,1993-08-17,NONE,TRUCK,requests wake. blithely regular theodolites
51682-2,51682,1290,28,2,45.00,53608.05,0.01,0.00,R,F,1993-06-11,1993-06-12,1993-06-20,NONE,SHIP,"gular foxes. final, ironic i"
51682-3,51682,265,93,3,24.00,27966.24,0.03,0.06,R,F,1993-08-07,1993-06-14,1993-08-23,DELIVER IN PERSON,AIR, quickly furiously even ideas! carefu
51683-1,51683,1848,92,1,26.00,45495.84,0.01,0.04,R,F,1993-08-19,1993-08-11,1993-09-01,DELIVER IN PERSON,RAIL, even depo
51683-2,51683,1050,86,2,12.00,11412.60,0.05,0.05,A,F,1993-08-19,1993-08-24,1993-08-28,TAKE BACK RETURN,MAIL,tructions doubt bli
51684-1,51684,732,65,1,29.00,47349.17,0.06,0.04,R,F,1994-02-25,1994-01-17,1994-03-13,NONE,REG AIR,haggle quickly slowly special excuses
51684-2,51684,1214,15,2,13.00,14497.73,0.02,0.02,A,F,1993-12-11,1994-02-13,1993-12-17,DELIVER IN PERSON,AIR,e furiously a
51684-3,51684,970,39,3,39.00,72967.83,0.07,0.07,R,F,1994-02-15,1994-01-14,1994-02-20,TAKE BACK RETURN,MAIL, haggle furiously along th
51684-4,51684,1036,72,4,34.00,31859.02,0.05,0.02,A,F,1994-03-23,1994-01-21,1994-04-21,TAKE BACK RETURN,MAIL,g accounts sleep c
51685-1,51685,669,1,1,22.00,34532.52,0.04,0.01,A,F,1992-07-23,1992-06-21,1992-08-05,NONE,AIR,fully silent accounts are doggedly. furiou
51685-2,51685,984,19,2,1.00,1884.98,0.05,0.08,A,F,1992-04-29,1992-07-03,1992-05-08,DELIVER IN PERSON,TRUCK,olites are blithely among the fu
51685-3,51685,1327,66,3,27.00,33164.64,0.02,0.05,R,F,1992-04-30,1992-05-22,1992-05-03,COLLECT COD,AIR,fully doggedly special asymptotes. c
51686-1,51686,38,89,1,3.00,2814.09,0.00,0.05,N,O,1997-04-24,1997-04-02,1997-05-10,NONE,AIR,slyly carefully regular 
51686-2,51686,858,59,2,33.00,58042.05,0.09,0.06,N,O,1997-03-10,1997-04-05,1997-03-28,COLLECT COD,RAIL,ts. carefully final instructions integra
51686-3,51686,137,90,3,13.00,13482.69,0.07,0.08,N,O,1997-05-06,1997-04-17,1997-05-16,DELIVER IN PERSON,REG AIR,y regular requests 
51686-4,51686,1476,55,4,32.00,44079.04,0.06,0.01,N,O,1997-03-14,1997-04-05,1997-04-13,TAKE BACK RETURN,REG AIR,l requests. carefully regular excuses 
51686-5,51686,642,36,5,9.00,13883.76,0.05,0.00,N,O,1997-06-03,1997-04-05,1997-07-01,DELIVER IN PERSON,RAIL, requests haggle. furiously 
51687-1,51687,656,88,1,16.00,24906.40,0.04,0.02,N,O,1995-11-01,1995-10-18,1995-11-27,DELIVER IN PERSON,REG AIR,riously express deposit
51687-2,51687,45,96,2,23.00,21735.92,0.06,0.05,N,O,1995-12-28,1995-11-22,1996-01-12,TAKE BACK RETURN,AIR,ove the ironically sp
51687-3,51687,1026,27,3,37.00,34299.74,0.03,0.07,N,O,1995-10-01,1995-10-14,1995-10-26,NONE,MAIL,nts. express requests after t
51687-4,51687,256,84,4,9.00,10406.25,0.01,0.05,N,O,1995-09-25,1995-10-24,1995-10-17,NONE,RAIL,er regular requests. slyly regular ac
51687-5,51687,1327,4,5,12.00,14739.84,0.02,0.01,N,O,1995-11-30,1995-11-24,1995-12-21,COLLECT COD,FOB,un carefully. fluffily sile
51687-6,51687,776,73,6,32.00,53656.64,0.01,0.07,N,O,1995-12-25,1995-10-22,1996-01-10,TAKE BACK RETURN,REG AIR,e above the regularly spec
51687-7,51687,930,65,7,17.00,31125.81,0.03,0.02,N,O,1995-10-30,1995-11-04,1995-11-07,TAKE BACK RETURN,SHIP,eodolites. silent
51712-1,51712,354,83,1,22.00,27595.70,0.01,0.08,N,O,1997-09-19,1997-10-12,1997-10-10,DELIVER IN PERSON,MAIL,s wake. fluffi
51712-2,51712,739,40,2,21.00,34434.33,0.03,0.08,N,O,1997-09-16,1997-10-18,1997-10-06,COLLECT COD,MAIL,regular requests haggle. fur
51712-3,51712,664,65,3,41.00,64151.06,0.08,0.00,N,O,1997-11-09,1997-10-14,1997-11-28,DELIVER IN PERSON,TRUCK,inal requests. bol
51713-1,51713,1784,27,1,27.00,45516.06,0.08,0.00,N,O,1995-06-28,1995-06-18,1995-07-21,COLLECT COD,SHIP,posits x-ray slyl
51713-2,51713,690,53,2,36.00,57264.84,0.06,0.08,R,F,1995-05-24,1995-04-22,1995-06-08,TAKE BACK RETURN,MAIL,er even reques
51713-3,51713,1839,83,3,43.00,74855.69,0.10,0.04,R,F,1995-06-04,1995-06-11,1995-06-11,TAKE BACK RETURN,REG AIR, accounts use carefully s
51713-4,51713,217,18,4,9.00,10054.89,0.10,0.03,A,F,1995-03-25,1995-05-06,1995-04-05,DELIVER IN PERSON,REG AIR,ic pinto b
51713-5,51713,1769,96,5,43.00,71842.68,0.06,0.05,A,F,1995-04-14,1995-06-12,1995-05-11,DELIVER IN PERSON,SHIP,ss the asympto
51713-6,51713,258,86,6,8.00,9266.00,0.08,0.06,R,F,1995-03-21,1995-05-29,1995-04-01,DELIVER IN PERSON,MAIL,efully blithely unusual requests. accounts
51714-1,51714,1535,76,1,42.00,60334.26,0.04,0.06,A,F,1994-10-20,1994-11-12,1994-11-13,COLLECT COD,TRUCK,ly even foxes cajole 
51714-2,51714,590,81,2,18.00,26830.62,0.10,0.06,R,F,1994-10-19,1994-12-03,1994-10-20,NONE,SHIP," are furiously. bold, express ac"
51714-3,51714,1173,10,3,24.00,25780.08,0.08,0.02,A,F,1994-12-06,1994-10-24,1994-12-19,NONE,TRUCK,pendencies cajole perma
51714-4,51714,876,77,4,4.00,7107.48,0.10,0.01,R,F,1994-09-24,1994-10-13,1994-09-30,DELIVER IN PERSON,AIR,fully special instructio
51714-5,51714,31,7,5,11.00,10241.33,0.00,0.02,A,F,1994-11-08,1994-10-29,1994-11-28,COLLECT COD,FOB,ake slyly unusual warthogs. 
51714-6,51714,4,30,6,41.00,37064.00,0.05,0.07,R,F,1994-11-29,1994-12-05,1994-12-21,COLLECT COD,FOB,ndencies wake slyly express pinto bean
51714-7,51714,1166,39,7,36.00,38417.76,0.05,0.03,A,F,1994-12-29,1994-10-28,1995-01-08,DELIVER IN PERSON,RAIL,heodolites 
51715-1,51715,1511,12,1,41.00,57912.91,0.03,0.00,N,O,1996-03-12,1996-04-14,1996-03-23,NONE,TRUCK,deposits. 
51715-2,51715,1629,30,2,19.00,29081.78,0.06,0.08,N,O,1996-04-16,1996-03-19,1996-05-11,TAKE BACK RETURN,RAIL,ar dugouts? dogged accou
51715-3,51715,1252,90,3,29.00,33444.25,0.02,0.06,N,O,1996-05-27,1996-04-20,1996-06-15,TAKE BACK RETURN,MAIL,ole about the carefully express foxes--
51715-4,51715,990,25,4,39.00,73748.61,0.06,0.04,N,O,1996-03-30,1996-04-05,1996-04-21,DELIVER IN PERSON,MAIL,lly express theodolites; fluffily regula
51715-5,51715,103,30,5,44.00,44136.40,0.02,0.04,N,O,1996-02-13,1996-03-29,1996-03-03,NONE,FOB,ts. platelets nag carefully furiously fi
51715-6,51715,827,94,6,44.00,76024.08,0.08,0.08,N,O,1996-03-03,1996-04-17,1996-03-24,NONE,SHIP,"ithely requests. fluffy, "
51715-7,51715,1131,32,7,3.00,3096.39,0.09,0.02,N,O,1996-02-20,1996-04-07,1996-02-24,NONE,REG AIR,uctions are furiously accord
51716-1,51716,1866,67,1,46.00,81321.56,0.07,0.07,N,O,1997-01-25,1997-01-16,1997-02-09,NONE,REG AIR,ns use carefully pinto beans. q
51717-1,51717,1753,96,1,24.00,39714.00,0.07,0.08,N,O,1998-07-28,1998-07-07,1998-08-21,DELIVER IN PERSON,TRUCK,ag! slyly unusual req
51718-1,51718,1635,59,1,25.00,38415.75,0.10,0.07,N,O,1996-04-09,1996-03-14,1996-05-03,NONE,MAIL,gle furiously furious
51718-2,51718,1059,95,2,34.00,32641.70,0.07,0.08,N,O,1996-05-19,1996-05-02,1996-05-29,NONE,MAIL,y ironic pinto beans. pinto be
51718-3,51718,1024,25,3,19.00,17575.38,0.01,0.01,N,O,1996-05-29,1996-03-14,1996-06-16,COLLECT COD,AIR,ges detect quickly regular deposit
51718-4,51718,1585,6,4,30.00,44597.40,0.05,0.02,N,O,1996-02-12,1996-04-28,1996-02-24,COLLECT COD,SHIP,ilent theodolites. car
51718-5,51718,647,48,5,7.00,10833.48,0.06,0.02,N,O,1996-04-24,1996-04-09,1996-05-05,DELIVER IN PERSON,REG AIR, asymptotes haggle against the special 
51719-1,51719,830,97,1,2.00,3461.66,0.05,0.00,N,O,1996-10-05,1996-11-07,1996-11-03,TAKE BACK RETURN,AIR,ep carefully final requests-- special
51719-2,51719,1314,29,2,10.00,12153.10,0.08,0.08,N,O,1996-09-20,1996-11-13,1996-10-13,COLLECT COD,FOB,ometimes regular depo
51744-1,51744,354,39,1,8.00,10034.80,0.01,0.00,N,O,1996-11-27,1997-01-24,1996-12-19,NONE,RAIL,y. fluffily final p
51744-2,51744,1509,10,2,34.00,47957.00,0.00,0.08,N,O,1997-02-13,1997-01-13,1997-03-06,DELIVER IN PERSON,RAIL,the blithely pending instructions de
51744-3,51744,1238,76,3,4.00,4556.92,0.07,0.07,N,O,1997-01-08,1996-12-15,1997-01-15,TAKE BACK RETURN,TRUCK, packages nag per
51744-4,51744,398,27,4,12.00,15580.68,0.02,0.00,N,O,1996-12-27,1997-01-16,1997-01-01,DELIVER IN PERSON,REG AIR,ole quickly. furiously pending theodol
51745-1,51745,629,23,1,26.00,39770.12,0.00,0.05,N,O,1996-10-12,1996-12-05,1996-10-24,COLLECT COD,REG AIR,quickly special idea
51745-2,51745,1742,43,2,11.00,18081.14,0.08,0.01,N,O,1996-10-01,1996-10-17,1996-10-12,COLLECT COD,MAIL,"sly even accounts are. regular,"
51746-1,51746,458,17,1,30.00,40753.50,0.10,0.03,A,F,1992-12-26,1992-12-12,1992-12-29,TAKE BACK RETURN,REG AIR,final pinto beans cajole
51747-1,51747,755,52,1,2.00,3311.50,0.08,0.01,A,F,1992-07-24,1992-08-15,1992-08-22,DELIVER IN PERSON,MAIL,fluffily ironic the
51747-2,51747,1924,25,2,6.00,10955.52,0.04,0.00,R,F,1992-07-07,1992-08-06,1992-07-31,TAKE BACK RETURN,TRUCK,c pinto bean
51747-3,51747,395,80,3,9.00,11658.51,0.04,0.08,A,F,1992-07-18,1992-10-01,1992-07-26,TAKE BACK RETURN,AIR,gular instructions
51747-4,51747,1034,5,4,30.00,28050.90,0.03,0.06,R,F,1992-09-22,1992-09-05,1992-10-15,COLLECT COD,AIR, packages. carefully sile
51747-5,51747,1284,22,5,22.00,26076.16,0.08,0.02,A,F,1992-09-07,1992-09-28,1992-09-30,NONE,MAIL,about the courts. carefully special frets 
51747-6,51747,916,85,6,49.00,89028.59,0.00,0.01,R,F,1992-10-29,1992-09-09,1992-11-06,NONE,FOB,w carefully. reque
51748-1,51748,1194,95,1,22.00,24094.18,0.03,0.04,N,O,1995-07-03,1995-08-31,1995-07-25,TAKE BACK RETURN,RAIL,s. slyly idle ideas haggle carefully even
51748-2,51748,176,29,2,2.00,2152.34,0.07,0.01,N,O,1995-08-09,1995-09-05,1995-08-22,DELIVER IN PERSON,SHIP,platelets. fluff
51748-3,51748,451,39,3,21.00,28380.45,0.03,0.07,N,O,1995-09-20,1995-07-19,1995-10-09,NONE,AIR,ly regular braids. warhorses no
51749-1,51749,1013,84,1,17.00,15538.17,0.04,0.03,N,O,1997-03-17,1997-05-23,1997-04-12,TAKE BACK RETURN,SHIP,ing foxes use idly carefull
51749-2,51749,1819,63,2,23.00,39578.63,0.01,0.02,N,O,1997-04-10,1997-04-09,1997-05-02,NONE,SHIP,ress deposits are f
51749-3,51749,1080,86,3,34.00,33356.72,0.00,0.06,N,O,1997-04-28,1997-04-29,1997-05-04,NONE,RAIL,warhorses are quickly along the ex
51749-4,51749,824,25,4,41.00,70717.62,0.04,0.07,N,O,1997-03-31,1997-05-30,1997-04-25,NONE,FOB," instructions. regular, express foxes ki"
51749-5,51749,1635,18,5,19.00,29195.97,0.04,0.07,N,O,1997-06-26,1997-04-16,1997-07-26,NONE,SHIP,lithely special theodolites doz
51749-6,51749,561,22,6,32.00,46769.92,0.06,0.06,N,O,1997-05-02,1997-05-27,1997-05-30,TAKE BACK RETURN,TRUCK,dependencies. blithely regular 
51750-1,51750,1892,22,1,6.00,10763.34,0.10,0.02,A,F,1993-07-07,1993-05-14,1993-07-22,DELIVER IN PERSON,SHIP,uests. slyly pending accounts run fox
51751-1,51751,1913,46,1,17.00,30853.47,0.09,0.01,R,F,1994-07-23,1994-06-09,1994-07-28,TAKE BACK RETURN,REG AIR,ickly even acco
51776-1,51776,1414,93,1,12.00,15784.92,0.09,0.08,N,O,1996-07-13,1996-08-27,1996-07-27,NONE,FOB,nts are carefully. packages a
51777-1,51777,314,99,1,22.00,26714.82,0.10,0.07,A,F,1995-02-25,1995-03-26,1995-03-24,TAKE BACK RETURN,TRUCK,es boost blithely unusual th
51777-2,51777,1077,83,2,16.00,15649.12,0.00,0.00,A,F,1995-04-22,1995-04-13,1995-04-28,DELIVER IN PERSON,RAIL,arefully b
51777-3,51777,269,70,3,50.00,58463.00,0.03,0.07,A,F,1995-04-12,1995-04-02,1995-04-30,DELIVER IN PERSON,SHIP,carefully regular 
51777-4,51777,1935,24,4,33.00,60618.69,0.00,0.00,R,F,1995-06-02,1995-05-07,1995-06-10,DELIVER IN PERSON,FOB,fily even depos
51777-5,51777,509,10,5,10.00,14095.00,0.04,0.06,A,F,1995-04-09,1995-05-09,1995-04-26,DELIVER IN PERSON,AIR,ng deposits
51778-1,51778,644,7,1,29.00,44794.56,0.05,0.00,N,O,1998-01-04,1998-01-22,1998-01-27,COLLECT COD,SHIP,packages. carefully f
51779-1,51779,1873,74,1,14.00,24848.18,0.01,0.04,N,O,1995-11-20,1995-12-12,1995-12-15,COLLECT COD,MAIL, along the unusual accounts affix a
51780-1,51780,1066,72,1,15.00,14505.90,0.02,0.06,A,F,1993-11-01,1993-10-22,1993-11-27,DELIVER IN PERSON,RAIL,oost carefully after the 
51780-2,51780,1403,82,2,36.00,46958.40,0.04,0.03,A,F,1993-08-14,1993-09-19,1993-09-10,NONE,REG AIR,ng the blithely sly dependencies. fur
51780-3,51780,444,74,3,41.00,55122.04,0.06,0.04,R,F,1993-11-04,1993-09-09,1993-12-03,TAKE BACK RETURN,RAIL,nal deposits. fluffily
51780-4,51780,557,48,4,12.00,17490.60,0.04,0.08,A,F,1993-10-26,1993-08-27,1993-11-01,COLLECT COD,REG AIR, fluffily bold a
51780-5,51780,1146,83,5,15.00,15707.10,0.02,0.07,R,F,1993-11-11,1993-10-05,1993-11-25,NONE,AIR,s. fluffily regular asymptotes serve 
51780-6,51780,514,15,6,5.00,7072.55,0.00,0.02,R,F,1993-08-04,1993-09-26,1993-08-28,NONE,REG AIR,tructions c
51780-7,51780,1356,57,7,13.00,16345.55,0.03,0.00,A,F,1993-08-09,1993-09-26,1993-08-10,TAKE BACK RETURN,FOB,ular foxes sleep slyly final package
51781-1,51781,1971,72,1,9.00,16856.73,0.08,0.08,N,O,1996-05-30,1996-04-26,1996-05-31,DELIVER IN PERSON,MAIL,the final packages. slyly pending pinto be
51781-2,51781,731,32,2,2.00,3263.46,0.02,0.08,N,O,1996-05-03,1996-05-28,1996-05-19,TAKE BACK RETURN,FOB,. pending asymptot
51782-1,51782,812,13,1,9.00,15415.29,0.09,0.06,R,F,1993-12-16,1993-10-18,1994-01-06,DELIVER IN PERSON,AIR,furiously unusual accounts wake careful
51782-2,51782,1784,85,2,22.00,37087.16,0.04,0.05,R,F,1993-10-11,1993-11-25,1993-11-09,DELIVER IN PERSON,SHIP,y alongside of the 
51782-3,51782,1553,74,3,34.00,49454.70,0.10,0.02,R,F,1993-11-18,1993-10-05,1993-11-26,TAKE BACK RETURN,TRUCK,es sleep about the quickly bol
51782-4,51782,1743,70,4,40.00,65789.60,0.07,0.00,R,F,1993-10-23,1993-11-22,1993-11-03,COLLECT COD,REG AIR,c foxes breach blithely foxes. reg
51783-1,51783,511,2,1,33.00,46579.83,0.06,0.00,N,O,1995-11-29,1996-01-25,1995-12-20,COLLECT COD,TRUCK,ents are fluffily pendi
51783-2,51783,1692,16,2,47.00,74903.43,0.03,0.03,N,O,1995-12-09,1996-01-01,1996-01-02,COLLECT COD,FOB,ets dazzle furiously according to 
51783-3,51783,188,89,3,8.00,8705.44,0.06,0.04,N,O,1995-11-17,1996-01-17,1995-12-07,COLLECT COD,SHIP,tions: furiou
51783-4,51783,1078,14,4,43.00,42100.01,0.02,0.07,N,O,1996-01-30,1995-12-30,1996-02-13,COLLECT COD,FOB,sheaves. instructio
51783-5,51783,1779,64,5,49.00,82357.73,0.03,0.06,N,O,1995-12-17,1995-12-29,1996-01-13,TAKE BACK RETURN,TRUCK,ar theodolites. qu
51783-6,51783,1039,45,6,24.00,22560.72,0.07,0.07,N,O,1996-03-01,1996-01-31,1996-03-12,DELIVER IN PERSON,AIR,ts lose slyly bold foxes. carefully 
51808-1,51808,1728,29,1,9.00,14667.48,0.00,0.00,R,F,1993-09-03,1993-10-12,1993-09-15,TAKE BACK RETURN,RAIL, slyly regular excuses wake s
51808-2,51808,368,97,2,28.00,35514.08,0.03,0.01,R,F,1993-10-27,1993-10-25,1993-11-20,COLLECT COD,FOB,kly bold deposits unwind
51808-3,51808,1580,21,3,26.00,38521.08,0.08,0.00,A,F,1993-11-25,1993-09-28,1993-12-20,COLLECT COD,TRUCK,ll have to cajole
51808-4,51808,210,65,4,5.00,5551.05,0.02,0.00,A,F,1993-10-15,1993-10-01,1993-11-10,TAKE BACK RETURN,FOB, according to the fluffily e
51809-1,51809,213,41,1,26.00,28943.46,0.05,0.05,A,F,1992-09-13,1992-09-01,1992-10-05,TAKE BACK RETURN,TRUCK,f the special 
51809-2,51809,172,73,2,30.00,32165.10,0.09,0.00,A,F,1992-08-20,1992-08-20,1992-09-19,COLLECT COD,TRUCK,lithely. carefully pending req
51809-3,51809,955,56,3,21.00,38974.95,0.04,0.08,R,F,1992-07-20,1992-08-14,1992-08-11,NONE,RAIL,its haggle carefully acco
51809-4,51809,1859,89,4,35.00,61629.75,0.01,0.03,R,F,1992-10-08,1992-08-26,1992-10-26,TAKE BACK RETURN,TRUCK,ges. slyly re
51810-1,51810,1075,81,1,41.00,40018.87,0.00,0.02,A,F,1993-07-23,1993-06-23,1993-07-24,COLLECT COD,TRUCK,oxes haggle furiously blith
51810-2,51810,1430,31,2,8.00,10651.44,0.02,0.03,R,F,1993-06-14,1993-06-23,1993-06-18,DELIVER IN PERSON,RAIL,the even realms. furiously pending i
51810-3,51810,559,60,3,24.00,35029.20,0.03,0.03,A,F,1993-05-28,1993-08-05,1993-06-08,NONE,REG AIR,ily bold accounts. requests nod even
51811-1,51811,418,77,1,44.00,58010.04,0.01,0.06,R,F,1992-09-10,1992-10-11,1992-09-16,DELIVER IN PERSON,SHIP,eodolites. 
51812-1,51812,1160,69,1,36.00,38201.76,0.07,0.01,N,O,1997-08-10,1997-07-29,1997-08-28,NONE,REG AIR,xes sleep p
51812-2,51812,655,18,2,45.00,70004.25,0.04,0.08,N,O,1997-06-10,1997-08-07,1997-07-06,NONE,MAIL,al foxes. blithely final id
51812-3,51812,36,37,3,9.00,8424.27,0.07,0.01,N,O,1997-08-15,1997-07-02,1997-08-16,TAKE BACK RETURN,TRUCK,blithely ironic asymptotes
51812-4,51812,1079,50,4,17.00,16661.19,0.03,0.01,N,O,1997-08-30,1997-07-14,1997-09-10,COLLECT COD,FOB,iously unusual instructions 
51812-5,51812,831,98,5,4.00,6927.32,0.03,0.07,N,O,1997-06-22,1997-06-26,1997-06-25,COLLECT COD,RAIL,slyly fluffily final foxes. unusu
51812-6,51812,152,5,6,29.00,30512.35,0.03,0.04,N,O,1997-08-03,1997-07-20,1997-08-30,NONE,SHIP, carefully ironic foxes slee
51812-7,51812,853,87,7,48.00,84184.80,0.03,0.03,N,O,1997-06-16,1997-07-28,1997-07-13,NONE,TRUCK,out the unus
51813-1,51813,710,75,1,49.00,78924.79,0.07,0.04,R,F,1993-02-18,1993-03-10,1993-03-08,NONE,AIR, carefully ironi
51813-2,51813,1773,100,2,11.00,18422.47,0.03,0.03,R,F,1993-01-06,1993-02-24,1993-01-15,COLLECT COD,AIR,egular theodolites cajol
51813-3,51813,162,15,3,5.00,5310.80,0.05,0.00,A,F,1993-01-28,1993-03-16,1993-01-29,NONE,TRUCK, slyly ironic deposits. 
51813-4,51813,1797,24,4,18.00,30578.22,0.10,0.04,A,F,1993-02-17,1993-01-21,1993-02-28,COLLECT COD,AIR,ronic foxes integrate alongside of the
51813-5,51813,1627,10,5,26.00,39744.12,0.04,0.01,A,F,1993-03-20,1993-02-04,1993-04-06,TAKE BACK RETURN,FOB,"ly express requests. unusual, even "
51814-1,51814,569,70,1,40.00,58782.40,0.02,0.00,A,F,1994-01-15,1993-11-09,1994-02-05,COLLECT COD,FOB,"ld, ironic requests sleep blithely. ironic "
51814-2,51814,1059,65,2,7.00,6720.35,0.07,0.04,A,F,1993-10-26,1993-10-30,1993-11-10,COLLECT COD,RAIL,xcuses; quickly regular accounts wake a
51814-3,51814,646,47,3,5.00,7733.20,0.02,0.01,R,F,1994-01-23,1993-12-18,1994-01-31,NONE,TRUCK,cies. carefully regular sheaves wake f
51814-4,51814,674,68,4,38.00,59837.46,0.05,0.04,A,F,1993-10-13,1993-11-09,1993-11-11,COLLECT COD,RAIL,s. carefully
51814-5,51814,1936,25,5,32.00,58813.76,0.03,0.07,A,F,1993-10-26,1993-11-28,1993-10-29,NONE,FOB,y regular accounts along the pinto beans 
51814-6,51814,74,75,6,6.00,5844.42,0.07,0.02,R,F,1993-11-09,1993-12-03,1993-11-26,TAKE BACK RETURN,MAIL, requests. finally final theodolites w
51814-7,51814,1600,1,7,46.00,69073.60,0.09,0.07,R,F,1993-12-31,1993-11-11,1994-01-07,COLLECT COD,TRUCK,le carefully packages. flu
51815-1,51815,1683,84,1,41.00,64971.88,0.05,0.04,R,F,1994-07-02,1994-07-17,1994-07-08,DELIVER IN PERSON,AIR,t the ironically even dolph
51815-2,51815,1481,99,2,24.00,33179.52,0.06,0.00,A,F,1994-07-17,1994-07-22,1994-08-02,COLLECT COD,RAIL,he unusual deposits.
51815-3,51815,688,82,3,32.00,50837.76,0.05,0.02,A,F,1994-06-02,1994-06-27,1994-06-20,NONE,AIR,sits. blithely bold acco
51815-4,51815,1882,26,4,11.00,19622.68,0.04,0.01,R,F,1994-07-04,1994-07-22,1994-07-11,COLLECT COD,AIR,ironic requests sleep acro
51815-5,51815,563,54,5,12.00,17562.72,0.09,0.06,R,F,1994-08-24,1994-08-20,1994-08-25,DELIVER IN PERSON,SHIP,xpress instructio
51815-6,51815,1245,20,6,44.00,50434.56,0.04,0.01,A,F,1994-07-31,1994-06-30,1994-08-21,NONE,REG AIR,es boost blithely at
51815-7,51815,701,2,7,36.00,57661.20,0.06,0.02,A,F,1994-08-27,1994-07-13,1994-09-26,NONE,MAIL,ly express accounts nag blithe
51840-1,51840,839,40,1,49.00,85251.67,0.05,0.06,N,O,1996-07-30,1996-09-16,1996-08-08,DELIVER IN PERSON,AIR,theodolites cajole slyly. furiously 
51841-1,51841,432,33,1,15.00,19986.45,0.01,0.06,N,O,1997-05-23,1997-05-05,1997-06-15,DELIVER IN PERSON,FOB,eposits. f
51842-1,51842,1199,72,1,34.00,37406.46,0.03,0.07,N,O,1996-02-19,1996-02-10,1996-03-05,DELIVER IN PERSON,REG AIR,unts. accounts along the
51842-2,51842,170,71,2,2.00,2140.34,0.09,0.00,N,O,1996-02-05,1996-01-03,1996-02-29,COLLECT COD,AIR,e. furiously brave f
51842-3,51842,63,14,3,21.00,20224.26,0.00,0.05,N,O,1996-01-11,1996-01-07,1996-01-25,NONE,SHIP,arefully among the carefully regular packa
51842-4,51842,814,14,4,14.00,24007.34,0.08,0.03,N,O,1995-12-18,1996-02-09,1996-01-14,TAKE BACK RETURN,FOB,uffily even
51842-5,51842,1319,20,5,24.00,29287.44,0.10,0.05,N,O,1996-01-27,1996-01-24,1996-02-10,COLLECT COD,MAIL,ges cajole blithely. slyly ir
51842-6,51842,949,52,6,31.00,57348.14,0.02,0.04,N,O,1996-01-18,1996-01-01,1996-02-15,DELIVER IN PERSON,SHIP,he carefully unusual instr
51842-7,51842,966,35,7,42.00,78412.32,0.07,0.06,N,O,1995-12-02,1996-01-14,1995-12-10,NONE,MAIL,gainst the quickly ironic deposits. regula
51843-1,51843,680,12,1,42.00,66388.56,0.01,0.07,N,O,1996-05-16,1996-03-16,1996-06-09,DELIVER IN PERSON,TRUCK,ongside of 
51843-2,51843,360,89,2,2.00,2520.72,0.10,0.06,N,O,1996-03-04,1996-03-05,1996-03-28,NONE,RAIL, against the fu
51843-3,51843,1536,17,3,19.00,27313.07,0.03,0.00,N,O,1996-05-29,1996-04-08,1996-06-18,DELIVER IN PERSON,REG AIR,e carefully fluffily express id
51843-4,51843,59,60,4,23.00,22058.15,0.01,0.07,N,O,1996-03-25,1996-03-30,1996-04-05,DELIVER IN PERSON,SHIP, furiously regular accounts. slyl
51843-5,51843,1760,61,5,17.00,28249.92,0.05,0.07,N,O,1996-02-01,1996-04-29,1996-02-05,COLLECT COD,SHIP,posits breach slyly ex
51843-6,51843,967,2,6,18.00,33623.28,0.03,0.05,N,O,1996-04-18,1996-03-10,1996-05-06,NONE,REG AIR,he pinto beans. blithel
51843-7,51843,1148,57,7,23.00,24130.22,0.03,0.06,N,O,1996-02-25,1996-03-01,1996-03-09,COLLECT COD,AIR,iously spec
51844-1,51844,437,38,1,39.00,52159.77,0.07,0.07,R,F,1994-06-18,1994-06-11,1994-07-07,DELIVER IN PERSON,SHIP,yly furiously daring packages. slyly expr
51844-2,51844,1357,72,2,43.00,54109.05,0.05,0.03,R,F,1994-05-01,1994-05-24,1994-05-09,COLLECT COD,REG AIR,dolites maintain furiously along the 
51844-3,51844,1884,85,3,39.00,69649.32,0.04,0.07,A,F,1994-05-17,1994-06-27,1994-06-16,TAKE BACK RETURN,MAIL,"t the regular, ironic pint"
51844-4,51844,1441,42,4,26.00,34903.44,0.04,0.05,A,F,1994-05-09,1994-06-28,1994-06-04,DELIVER IN PERSON,TRUCK,the furiously express accounts. 
51844-5,51844,1988,33,5,7.00,13229.86,0.09,0.08,R,F,1994-04-28,1994-06-24,1994-05-10,NONE,TRUCK,after the fluffily even dependencies wake f
51845-1,51845,821,22,1,6.00,10330.92,0.10,0.05,R,F,1992-07-25,1992-06-15,1992-07-27,COLLECT COD,RAIL,c pinto beans are against the special 
51845-2,51845,1562,43,2,2.00,2927.12,0.06,0.08,R,F,1992-07-16,1992-07-26,1992-07-22,DELIVER IN PERSON,FOB,hely regular deposits n
51845-3,51845,1431,10,3,29.00,38640.47,0.05,0.04,A,F,1992-08-12,1992-06-14,1992-08-21,NONE,AIR,against the fin
51845-4,51845,1177,78,4,19.00,20485.23,0.02,0.07,R,F,1992-06-08,1992-06-29,1992-06-27,DELIVER IN PERSON,MAIL,the carefully even platelets-- furiously
51845-5,51845,97,98,5,36.00,35895.24,0.08,0.07,R,F,1992-06-14,1992-06-12,1992-06-18,NONE,MAIL,regular req
51846-1,51846,1164,37,1,31.00,33019.96,0.06,0.06,N,O,1998-08-18,1998-08-12,1998-08-30,NONE,TRUCK,s are careful deposits. ideas cajole? fur
51846-2,51846,886,87,2,4.00,7147.52,0.08,0.04,N,O,1998-07-28,1998-08-11,1998-08-04,NONE,REG AIR,packages along the 
51846-3,51846,590,81,3,2.00,2981.18,0.06,0.03,N,O,1998-10-14,1998-08-31,1998-11-12,DELIVER IN PERSON,MAIL,ites integrate slyly. quickly ironic 
51846-4,51846,1719,62,4,41.00,66449.11,0.03,0.07,N,O,1998-06-23,1998-07-30,1998-07-05,COLLECT COD,MAIL, express foxes among th
51846-5,51846,629,30,5,38.00,58125.56,0.07,0.06,N,O,1998-10-09,1998-09-17,1998-10-19,COLLECT COD,FOB,"g the regular,"
51847-1,51847,882,16,1,15.00,26743.20,0.01,0.04,N,O,1997-03-10,1997-03-13,1997-03-22,COLLECT COD,SHIP, use quickly alongside of the blit
51847-2,51847,18,69,2,26.00,23868.26,0.07,0.07,N,O,1997-02-09,1997-02-13,1997-02-17,NONE,REG AIR,inal packages wake
51847-3,51847,551,52,3,45.00,65319.75,0.02,0.01,N,O,1997-04-30,1997-02-25,1997-05-19,NONE,SHIP,hely. fluffily ir
51847-4,51847,1472,90,4,42.00,57685.74,0.08,0.07,N,O,1997-03-21,1997-03-03,1997-03-24,DELIVER IN PERSON,MAIL,venly. reque
51847-5,51847,1001,7,5,23.00,20746.00,0.10,0.00,N,O,1997-04-26,1997-02-18,1997-05-12,COLLECT COD,AIR,ove the special foxes. foxes sl
51847-6,51847,425,13,6,47.00,62294.74,0.04,0.01,N,O,1997-02-24,1997-03-06,1997-03-13,TAKE BACK RETURN,AIR,e furiously iro
51872-1,51872,1491,70,1,15.00,20887.35,0.05,0.00,R,F,1992-06-10,1992-05-27,1992-07-02,DELIVER IN PERSON,REG AIR,e pinto beans wak
51872-2,51872,1181,82,2,19.00,20561.42,0.00,0.04,R,F,1992-06-30,1992-06-18,1992-07-10,TAKE BACK RETURN,AIR,onic packages cajole against the
51872-3,51872,1671,54,3,26.00,40889.42,0.00,0.04,A,F,1992-07-06,1992-07-23,1992-07-24,TAKE BACK RETURN,REG AIR,affix among the final platelets. slyly spe
51872-4,51872,570,1,4,41.00,60293.37,0.08,0.08,R,F,1992-05-20,1992-07-04,1992-06-10,TAKE BACK RETURN,TRUCK,ess theodolites. 
51872-5,51872,37,63,5,44.00,41229.32,0.05,0.00,R,F,1992-07-06,1992-07-14,1992-07-24,DELIVER IN PERSON,REG AIR,sly even theodol
51872-6,51872,1798,99,6,31.00,52693.49,0.02,0.06,R,F,1992-08-11,1992-06-22,1992-08-29,NONE,REG AIR,wake fluffily among the quick
51872-7,51872,1978,11,7,45.00,84598.65,0.06,0.08,R,F,1992-06-19,1992-06-29,1992-07-01,COLLECT COD,TRUCK,osits. slyly ironic excuses are a
51873-1,51873,1239,14,1,21.00,23944.83,0.08,0.05,A,F,1994-07-01,1994-07-04,1994-07-28,DELIVER IN PERSON,REG AIR, the ideas. furiously 
51873-2,51873,198,99,2,17.00,18669.23,0.07,0.05,R,F,1994-05-28,1994-07-03,1994-06-19,NONE,RAIL, quickly final e
51873-3,51873,1920,9,3,16.00,29150.72,0.04,0.00,A,F,1994-05-26,1994-07-28,1994-06-01,COLLECT COD,MAIL,furiously careful instructions
51873-4,51873,379,36,4,24.00,30704.88,0.03,0.01,R,F,1994-05-15,1994-06-29,1994-05-27,TAKE BACK RETURN,TRUCK,ss notornis. pendi
51873-5,51873,29,5,5,2.00,1858.04,0.04,0.08,A,F,1994-06-26,1994-06-15,1994-06-28,DELIVER IN PERSON,RAIL, haggle permanentl
51874-1,51874,1725,26,1,27.00,43921.44,0.04,0.07,N,O,1998-04-05,1998-03-19,1998-04-29,NONE,AIR,sts. carefully even instructions eat bli
51874-2,51874,190,43,2,3.00,3270.57,0.04,0.02,N,O,1998-03-06,1998-03-06,1998-03-13,COLLECT COD,SHIP,ites after the 
51875-1,51875,1361,76,1,1.00,1262.36,0.02,0.07,N,O,1997-08-05,1997-08-08,1997-08-18,COLLECT COD,AIR,nst the ev
51875-2,51875,1733,60,2,25.00,40868.25,0.07,0.01,N,O,1997-09-09,1997-07-28,1997-10-01,TAKE BACK RETURN,MAIL,telets after the stealthily silent fray
51875-3,51875,355,40,3,3.00,3766.05,0.07,0.04,N,O,1997-08-20,1997-08-13,1997-09-09,TAKE BACK RETURN,SHIP,leep slowly for the furiously sp
51876-1,51876,300,28,1,7.00,8402.10,0.03,0.07,A,F,1992-04-11,1992-05-07,1992-04-26,TAKE BACK RETURN,SHIP, slyly quickly silent accounts. deposit
51877-1,51877,1506,87,1,41.00,57707.50,0.04,0.06,N,O,1996-03-18,1996-01-23,1996-03-26,COLLECT COD,MAIL,usily ironic theodolites 
51877-2,51877,505,66,2,45.00,63247.50,0.05,0.07,N,O,1996-02-03,1996-02-09,1996-02-12,TAKE BACK RETURN,SHIP,al foxes d
51877-3,51877,1140,13,3,8.00,8329.12,0.04,0.01,N,O,1996-01-03,1996-01-15,1996-01-17,NONE,SHIP,theodolites about 
51877-4,51877,65,16,4,23.00,22196.38,0.09,0.08,N,O,1996-03-13,1996-02-19,1996-04-03,COLLECT COD,FOB,. ironic requests wake. blithely regular
51877-5,51877,1564,5,5,22.00,32242.32,0.07,0.05,N,O,1996-01-23,1996-01-10,1996-02-01,DELIVER IN PERSON,FOB,old ideas wake furiously 
51877-6,51877,1178,87,6,14.00,15108.38,0.02,0.01,N,O,1996-02-26,1996-02-03,1996-03-07,DELIVER IN PERSON,REG AIR,lyly regular asymptotes use enticing re
51877-7,51877,1495,35,7,3.00,4189.47,0.01,0.01,N,O,1996-04-03,1996-01-13,1996-04-08,NONE,MAIL,gle. furiously bold
51878-1,51878,691,23,1,18.00,28650.42,0.06,0.06,N,O,1995-11-10,1995-11-21,1995-11-12,COLLECT COD,AIR, are carefully pinto beans. fluffily f
51878-2,51878,1588,9,2,9.00,13406.22,0.10,0.05,N,O,1995-12-11,1995-11-20,1995-12-12,NONE,TRUCK,iously regular pains sleep
51879-1,51879,612,13,1,21.00,31764.81,0.09,0.03,A,F,1993-10-13,1993-10-03,1993-10-18,NONE,MAIL,ns haggle across the 
51879-2,51879,383,84,2,50.00,64169.00,0.04,0.02,R,F,1993-09-11,1993-11-23,1993-09-14,TAKE BACK RETURN,FOB, regular somas along the slyly
51879-3,51879,812,12,3,41.00,70225.21,0.03,0.08,A,F,1993-12-10,1993-11-18,1993-12-29,TAKE BACK RETURN,MAIL,. accounts haggle. ironic
51904-1,51904,129,82,1,27.00,27786.24,0.01,0.06,N,O,1998-04-10,1998-05-08,1998-04-18,DELIVER IN PERSON,SHIP,usly regular accounts 
51905-1,51905,1072,78,1,42.00,40868.94,0.00,0.01,N,O,1998-01-17,1998-01-27,1998-01-23,DELIVER IN PERSON,FOB, cajole fu
51905-2,51905,1121,58,2,41.00,41906.92,0.00,0.03,N,O,1998-01-11,1997-12-21,1998-01-31,COLLECT COD,RAIL,"out the final, idle packages"
51905-3,51905,1980,25,3,42.00,79043.16,0.02,0.03,N,O,1997-12-18,1997-12-26,1998-01-14,TAKE BACK RETURN,TRUCK,ously even p
51905-4,51905,1275,87,4,5.00,5881.35,0.00,0.01,N,O,1998-01-06,1997-12-27,1998-02-03,TAKE BACK RETURN,TRUCK,otes after the slyly idle reques
51906-1,51906,1157,58,1,24.00,25395.60,0.05,0.02,N,O,1995-09-06,1995-11-04,1995-10-02,DELIVER IN PERSON,RAIL,. express requests haggle. carefully unusua
51906-2,51906,1610,11,2,45.00,68022.45,0.08,0.04,N,O,1995-11-15,1995-10-31,1995-11-19,TAKE BACK RETURN,AIR,regular packages. un
51906-3,51906,1783,26,3,45.00,75815.10,0.00,0.08,N,O,1995-12-19,1995-10-12,1995-12-25,TAKE BACK RETURN,TRUCK,regular instr
51906-4,51906,1857,1,4,37.00,65077.45,0.10,0.07,N,O,1995-09-28,1995-11-09,1995-10-20,TAKE BACK RETURN,REG AIR,g packages. even packages x-ray
51906-5,51906,453,54,5,6.00,8120.70,0.08,0.06,N,O,1995-11-24,1995-11-25,1995-12-07,NONE,SHIP,uickly ironic requests. furiously ironic
51907-1,51907,1411,51,1,19.00,24935.79,0.03,0.02,N,O,1997-12-30,1997-12-30,1998-01-09,NONE,FOB,equests wake c
51907-2,51907,1641,42,2,40.00,61705.60,0.03,0.03,N,O,1997-12-07,1998-02-04,1997-12-18,DELIVER IN PERSON,SHIP,egular dugouts. blithely final foxes sleep 
51907-3,51907,1847,34,3,27.00,47218.68,0.03,0.03,N,O,1998-01-18,1998-01-26,1998-02-08,TAKE BACK RETURN,MAIL, furious dolphins d
51908-1,51908,1719,62,1,20.00,32414.20,0.08,0.04,N,O,1996-09-29,1996-10-06,1996-10-29,NONE,RAIL,tructions above the un
51908-2,51908,1159,32,2,42.00,44526.30,0.10,0.05,N,O,1996-09-03,1996-10-07,1996-09-13,NONE,AIR,deposits haggle furiously fluf
51908-3,51908,286,87,3,38.00,45078.64,0.03,0.01,N,O,1996-11-04,1996-10-01,1996-11-30,DELIVER IN PERSON,SHIP,y slow pinto beans.
51908-4,51908,530,91,4,38.00,54360.14,0.07,0.04,N,O,1996-12-09,1996-11-10,1996-12-31,COLLECT COD,TRUCK,"gle slyly even sauternes. special, dogge"
51908-5,51908,545,6,5,23.00,33247.42,0.04,0.08,N,O,1996-09-29,1996-09-30,1996-10-24,COLLECT COD,REG AIR, blithely bold pinto beans kindle against
51909-1,51909,1773,58,1,5.00,8373.85,0.02,0.06,N,O,1996-06-10,1996-06-29,1996-07-09,NONE,MAIL,ts are carefully among the unusual 
51909-2,51909,313,70,2,34.00,41252.54,0.01,0.05,N,O,1996-06-13,1996-07-05,1996-07-10,COLLECT COD,AIR,pecial deposits. slyly pending request
51909-3,51909,1291,92,3,21.00,25038.09,0.02,0.00,N,O,1996-05-31,1996-05-27,1996-06-14,DELIVER IN PERSON,MAIL,posits use furiously across the fur
51909-4,51909,518,79,4,49.00,69506.99,0.08,0.08,N,O,1996-06-24,1996-07-06,1996-07-11,DELIVER IN PERSON,REG AIR,. ideas against t
51909-5,51909,1742,69,5,27.00,44380.98,0.03,0.08,N,O,1996-07-09,1996-07-05,1996-07-29,TAKE BACK RETURN,AIR,ckages. furiou
51909-6,51909,989,92,6,32.00,60479.36,0.08,0.03,N,O,1996-04-13,1996-06-08,1996-04-16,COLLECT COD,FOB, pending accounts according to the regula
51910-1,51910,834,1,1,12.00,20817.96,0.01,0.04,N,O,1995-07-22,1995-08-13,1995-07-25,TAKE BACK RETURN,FOB,ven deposits wake f
51910-2,51910,793,94,2,25.00,42344.75,0.09,0.02,N,O,1995-08-19,1995-07-04,1995-09-16,TAKE BACK RETURN,REG AIR,packages; final theodolites sl
51910-3,51910,99,25,3,10.00,9990.90,0.08,0.00,N,O,1995-09-23,1995-08-01,1995-10-08,TAKE BACK RETURN,RAIL,uriously against the
51910-4,51910,1124,33,4,46.00,47155.52,0.05,0.03,N,O,1995-07-08,1995-08-05,1995-07-19,NONE,REG AIR,s haggle fluffily. quickly express dep
51910-5,51910,1862,6,5,26.00,45860.36,0.08,0.07,N,O,1995-08-15,1995-08-17,1995-08-31,NONE,FOB, the slyly regular requests; quickl
51910-6,51910,509,100,6,49.00,69065.50,0.02,0.02,N,O,1995-07-04,1995-08-18,1995-08-01,COLLECT COD,AIR,unusual instructions 
51911-1,51911,740,37,1,43.00,70551.82,0.07,0.07,N,O,1997-06-30,1997-04-12,1997-07-22,COLLECT COD,FOB,y final packages. carefully iro
51911-2,51911,1791,92,2,21.00,35548.59,0.07,0.05,N,O,1997-06-06,1997-05-10,1997-07-06,NONE,SHIP,ggle carefully regular accounts.
51911-3,51911,1155,28,3,33.00,34852.95,0.02,0.00,N,O,1997-03-19,1997-06-01,1997-04-09,COLLECT COD,REG AIR, ironic requests wake furiously accord
51911-4,51911,998,99,4,27.00,51272.73,0.01,0.05,N,O,1997-05-02,1997-04-19,1997-05-03,COLLECT COD,RAIL,e. regular orbits nag fu
51911-5,51911,1481,21,5,30.00,41474.40,0.04,0.04,N,O,1997-06-04,1997-04-16,1997-06-08,NONE,MAIL,riously ironic platelets use slyly ironic t
51936-1,51936,1678,2,1,43.00,67925.81,0.01,0.02,N,O,1998-11-17,1998-09-07,1998-11-28,DELIVER IN PERSON,REG AIR,n deposits. regular decoys wake slyl
51937-1,51937,943,12,1,42.00,77445.48,0.01,0.08,R,F,1994-04-19,1994-04-20,1994-04-27,DELIVER IN PERSON,RAIL,pecial packages. final pinto beans mus
51937-2,51937,859,60,2,5.00,8799.25,0.06,0.02,R,F,1994-04-05,1994-05-01,1994-04-27,NONE,RAIL, wake express requests. courts affix u
51938-1,51938,1006,12,1,24.00,21768.00,0.08,0.06,N,F,1995-05-30,1995-07-29,1995-06-27,COLLECT COD,MAIL,e carefully. slyly ironic accounts serve fu
51938-2,51938,1189,98,2,38.00,41426.84,0.10,0.02,N,O,1995-07-05,1995-07-13,1995-07-12,COLLECT COD,REG AIR,ar deposits pl
51939-1,51939,107,86,1,13.00,13092.30,0.03,0.06,N,O,1996-05-30,1996-03-27,1996-06-20,NONE,AIR,t blithely furiously 
51939-2,51939,24,75,2,34.00,31416.68,0.05,0.00,N,O,1996-06-02,1996-04-01,1996-06-14,DELIVER IN PERSON,REG AIR,arefully across the busy deco
51940-1,51940,301,30,1,24.00,28831.20,0.10,0.02,A,F,1993-01-04,1993-01-07,1993-01-06,NONE,MAIL,ke carefully 
51940-2,51940,700,63,2,40.00,64028.00,0.07,0.06,R,F,1992-12-24,1993-01-09,1993-01-05,NONE,AIR,tions sleep blithely regular i
51941-1,51941,566,57,1,2.00,2933.12,0.02,0.01,N,O,1996-03-31,1996-03-21,1996-04-01,TAKE BACK RETURN,SHIP,ound the accounts. expres
51941-2,51941,38,14,2,8.00,7504.24,0.07,0.02,N,O,1996-03-22,1996-03-23,1996-04-09,DELIVER IN PERSON,AIR,riously regular pinto beans. slyly ironi
51941-3,51941,182,61,3,31.00,33547.58,0.05,0.02,N,O,1996-04-18,1996-04-07,1996-04-24,TAKE BACK RETURN,TRUCK,ng to the stealthily silent excuses. silen
51941-4,51941,20,46,4,48.00,44160.96,0.06,0.05,N,O,1996-03-14,1996-03-14,1996-03-31,TAKE BACK RETURN,RAIL,ns use across the quickly ironic asy
51942-1,51942,229,30,1,23.00,25972.06,0.09,0.01,N,O,1997-03-17,1997-05-01,1997-04-04,NONE,AIR,ss the decoys. furiously regu
51942-2,51942,150,51,2,27.00,28354.05,0.02,0.06,N,O,1997-03-03,1997-05-24,1997-03-18,COLLECT COD,TRUCK,", unusual foxes according to the "
51942-3,51942,1354,31,3,49.00,61512.15,0.05,0.03,N,O,1997-04-26,1997-04-02,1997-05-23,TAKE BACK RETURN,REG AIR,times pending theodolites. sometimes 
51942-4,51942,1725,52,4,26.00,42294.72,0.03,0.03,N,O,1997-05-30,1997-05-10,1997-06-12,TAKE BACK RETURN,TRUCK," boldly regular, even instructions. even d"
51942-5,51942,492,80,5,24.00,33419.76,0.05,0.07,N,O,1997-05-15,1997-04-13,1997-05-24,TAKE BACK RETURN,FOB,deposits haggl
51943-1,51943,1629,12,1,50.00,76531.00,0.01,0.02,A,F,1994-07-11,1994-07-18,1994-07-14,NONE,RAIL,uests are slyl
51943-2,51943,1278,90,2,6.00,7075.62,0.02,0.05,R,F,1994-07-25,1994-06-28,1994-08-17,COLLECT COD,REG AIR,y final instructions cajole 
51943-3,51943,311,40,3,47.00,56931.57,0.06,0.01,A,F,1994-04-28,1994-06-28,1994-05-26,NONE,REG AIR,ly quickly ironic t
51968-1,51968,1556,97,1,1.00,1457.55,0.07,0.00,R,F,1994-12-14,1994-11-06,1994-12-29,TAKE BACK RETURN,SHIP,structions boost regular dependen
51968-2,51968,176,29,2,49.00,52732.33,0.09,0.01,R,F,1994-12-22,1994-10-09,1995-01-04,TAKE BACK RETURN,MAIL,riously bold accounts. slyly regula
51969-1,51969,1873,3,1,27.00,47921.49,0.00,0.02,N,O,1995-10-11,1995-10-07,1995-11-03,COLLECT COD,AIR," pending, even accounts wake carefull"
51969-2,51969,1388,3,2,14.00,18051.32,0.01,0.04,N,O,1995-12-06,1995-11-09,1995-12-28,TAKE BACK RETURN,RAIL,ze carefully. never regula
51969-3,51969,1437,16,3,44.00,58890.92,0.01,0.06,N,O,1995-09-20,1995-12-02,1995-10-15,COLLECT COD,RAIL,otornis kindle blithely across the th
51969-4,51969,961,64,4,22.00,40963.12,0.03,0.01,N,O,1995-09-07,1995-10-14,1995-09-11,DELIVER IN PERSON,RAIL,s wake. slyly
51969-5,51969,1371,10,5,28.00,35626.36,0.07,0.08,N,O,1995-12-01,1995-11-25,1995-12-22,TAKE BACK RETURN,FOB,ackages affix slyly. regular platelets wa
51969-6,51969,1002,73,6,27.00,24381.00,0.10,0.01,N,O,1995-12-08,1995-11-02,1995-12-27,NONE,TRUCK,nto beans solve among the re
51969-7,51969,1285,60,7,39.00,46264.92,0.02,0.08,N,O,1995-12-06,1995-10-10,1996-01-03,NONE,MAIL,ly express requests cajole 
51970-1,51970,1041,42,1,10.00,9420.40,0.00,0.06,R,F,1992-01-21,1992-03-26,1992-01-24,DELIVER IN PERSON,MAIL,ar ideas play ar
51970-2,51970,1817,18,2,3.00,5156.43,0.05,0.03,A,F,1992-01-18,1992-02-19,1992-02-11,DELIVER IN PERSON,REG AIR,ce the final ideas. bold deposits sleep bl
51970-3,51970,93,19,3,1.00,993.09,0.06,0.04,A,F,1992-04-09,1992-02-25,1992-05-05,COLLECT COD,AIR,inal dependencies. exp
51970-4,51970,768,33,4,19.00,31706.44,0.00,0.08,A,F,1992-04-18,1992-02-23,1992-05-09,NONE,FOB,s. carefully ironic no
51970-5,51970,1293,31,5,24.00,28662.96,0.05,0.04,R,F,1992-02-22,1992-04-06,1992-03-19,TAKE BACK RETURN,FOB, instructions grow quic
51970-6,51970,605,68,6,16.00,24089.60,0.10,0.05,A,F,1992-01-19,1992-02-13,1992-01-26,NONE,SHIP,instructions eat carefull
51970-7,51970,1,77,7,14.00,12614.00,0.01,0.04,R,F,1992-05-06,1992-03-16,1992-06-04,NONE,MAIL,oxes along 
51971-1,51971,190,91,1,31.00,33795.89,0.09,0.01,N,O,1995-12-16,1995-11-23,1995-12-31,NONE,RAIL,iously regular accoun
51971-2,51971,879,46,2,30.00,53396.10,0.09,0.04,N,O,1995-12-29,1995-12-05,1996-01-25,COLLECT COD,FOB,regular requests
51971-3,51971,1898,85,3,35.00,62996.15,0.03,0.04,N,O,1995-10-05,1995-11-26,1995-10-12,NONE,MAIL,encies. ironic pinto beans
51971-4,51971,581,72,4,19.00,28150.02,0.08,0.06,N,O,1995-12-07,1995-11-08,1996-01-02,NONE,RAIL,olites. caref
51971-5,51971,572,3,5,45.00,66265.65,0.02,0.01,N,O,1996-01-27,1995-12-05,1996-01-30,NONE,MAIL,to the regular warhorses. carefully ironic
51971-6,51971,455,43,6,39.00,52862.55,0.05,0.01,N,O,1995-11-29,1995-12-23,1995-12-17,DELIVER IN PERSON,SHIP,ins. quickly even a
51972-1,51972,683,46,1,46.00,72849.28,0.08,0.03,N,O,1996-08-17,1996-07-30,1996-08-21,TAKE BACK RETURN,AIR,sts. blithely final foxe
51972-2,51972,401,31,2,46.00,59864.40,0.00,0.00,N,O,1996-08-13,1996-07-31,1996-08-17,NONE,TRUCK,he regular requests. express instruc
51972-3,51972,777,42,3,17.00,28522.09,0.01,0.06,N,O,1996-08-26,1996-08-01,1996-09-05,NONE,AIR,press foxes are enticingly according t
51973-1,51973,148,75,1,1.00,1048.14,0.05,0.03,N,O,1998-09-12,1998-06-23,1998-10-08,NONE,AIR, sleep blithely. 
51973-2,51973,1223,98,2,49.00,55086.78,0.07,0.06,N,O,1998-07-30,1998-06-26,1998-08-18,TAKE BACK RETURN,TRUCK,y final theodolites cajo
51973-3,51973,1374,75,3,13.00,16579.81,0.07,0.08,N,O,1998-07-02,1998-07-14,1998-07-23,TAKE BACK RETURN,SHIP,ithely regular packages cajole furiously a
51973-4,51973,1367,44,4,34.00,43124.24,0.04,0.02,N,O,1998-07-26,1998-06-23,1998-08-16,NONE,RAIL,"luffily. sly, "
51974-1,51974,1593,94,1,29.00,43343.11,0.02,0.07,R,F,1995-05-13,1995-04-09,1995-06-11,COLLECT COD,AIR,"g, regular foxes are slyly. final asympto"
51974-2,51974,1982,83,2,40.00,75359.20,0.01,0.04,A,F,1995-05-09,1995-04-16,1995-05-15,NONE,AIR,odolites sleep quickly carefully fi
51974-3,51974,888,22,3,43.00,76921.84,0.04,0.04,A,F,1995-03-13,1995-03-22,1995-04-04,COLLECT COD,MAIL,aters integrate sly
51974-4,51974,1342,19,4,31.00,38543.54,0.07,0.07,R,F,1995-05-24,1995-04-03,1995-06-11,TAKE BACK RETURN,REG AIR,press platelets. blithely ironic request
51974-5,51974,1220,21,5,11.00,12333.42,0.07,0.02,A,F,1995-02-08,1995-04-02,1995-02-23,DELIVER IN PERSON,TRUCK,". final, ironic "
51975-1,51975,896,96,1,20.00,35937.80,0.10,0.01,R,F,1995-01-09,1995-03-15,1995-02-02,TAKE BACK RETURN,REG AIR,cajole caref
51975-2,51975,436,24,2,50.00,66821.50,0.07,0.04,A,F,1995-04-16,1995-02-16,1995-04-29,TAKE BACK RETURN,MAIL,nt packages. blithely special 
51975-3,51975,1897,84,3,34.00,61162.26,0.03,0.02,A,F,1995-04-09,1995-02-15,1995-05-01,TAKE BACK RETURN,TRUCK,usual requests wake alo
51975-4,51975,505,66,4,44.00,61842.00,0.08,0.00,A,F,1994-12-22,1995-02-14,1995-01-07,COLLECT COD,TRUCK,sometimes quickly final accounts. slyly
51975-5,51975,288,70,5,48.00,57037.44,0.04,0.01,R,F,1995-02-15,1995-01-31,1995-03-15,NONE,SHIP,haggle slyly 
51975-6,51975,773,6,6,49.00,82014.73,0.04,0.08,A,F,1995-03-08,1995-01-23,1995-04-07,NONE,TRUCK,refully even 
51975-7,51975,612,6,7,25.00,37815.25,0.03,0.06,A,F,1995-03-15,1995-03-12,1995-04-05,NONE,AIR, against the carefully
52000-1,52000,1638,39,1,11.00,16935.93,0.10,0.05,R,F,1993-01-21,1993-01-01,1993-02-05,TAKE BACK RETURN,RAIL,d deposits. sile
52000-2,52000,1733,18,2,39.00,63754.47,0.08,0.05,R,F,1992-12-31,1992-11-13,1993-01-05,DELIVER IN PERSON,TRUCK,ckly final foxes boost. quickly
52000-3,52000,420,8,3,31.00,40933.02,0.04,0.02,R,F,1993-01-05,1993-01-02,1993-01-07,COLLECT COD,REG AIR, thin packages haggle blithe
52000-4,52000,1539,20,4,38.00,54740.14,0.01,0.05,R,F,1992-11-05,1992-12-25,1992-12-02,DELIVER IN PERSON,AIR,ording to the accounts. blithely ironic f
52000-5,52000,1655,38,5,4.00,6226.60,0.05,0.03,R,F,1993-01-28,1992-12-01,1993-02-18,NONE,REG AIR,ealthy requests haggle blithely. bold exc
52001-1,52001,399,56,1,48.00,62370.72,0.06,0.00,A,F,1992-11-21,1992-09-18,1992-12-19,DELIVER IN PERSON,AIR,"he ironic, regu"
52001-2,52001,40,41,2,13.00,12220.52,0.06,0.02,A,F,1992-11-30,1992-11-05,1992-12-28,COLLECT COD,RAIL,e blithely above the fluffily
52001-3,52001,1734,77,3,41.00,67064.93,0.04,0.06,A,F,1992-08-11,1992-10-17,1992-08-20,TAKE BACK RETURN,REG AIR, x-ray slyl
52001-4,52001,363,48,4,28.00,35374.08,0.06,0.01,A,F,1992-11-21,1992-10-28,1992-12-19,NONE,SHIP,ecial accounts. slyl
52001-5,52001,1306,83,5,50.00,60365.00,0.08,0.02,A,F,1992-10-25,1992-09-26,1992-11-24,NONE,SHIP,hinly busy requests along the q
52001-6,52001,1770,97,6,38.00,63527.26,0.06,0.08,R,F,1992-08-15,1992-10-24,1992-09-01,DELIVER IN PERSON,MAIL,s wake regularly about the blithe
52001-7,52001,1164,65,7,47.00,50062.52,0.07,0.01,R,F,1992-12-06,1992-09-08,1992-12-14,DELIVER IN PERSON,FOB,ic instructions hinder furiously.
52002-1,52002,23,99,1,42.00,38766.84,0.02,0.03,R,F,1994-07-21,1994-08-28,1994-08-11,COLLECT COD,AIR,instructions. dependencies nag fluf
52002-2,52002,603,4,2,33.00,49618.80,0.03,0.06,R,F,1994-06-19,1994-08-15,1994-07-10,DELIVER IN PERSON,TRUCK,o the silently regular pinto beans. 
52002-3,52002,1564,65,3,11.00,16121.16,0.10,0.08,R,F,1994-09-24,1994-07-17,1994-09-25,TAKE BACK RETURN,FOB, quickly special attainments. blithe asymp
52002-4,52002,692,24,4,41.00,65300.29,0.00,0.01,R,F,1994-06-23,1994-07-05,1994-07-10,NONE,RAIL,old deposits. accounts haggle 
52003-1,52003,817,17,1,14.00,24049.34,0.04,0.00,A,F,1992-06-05,1992-03-24,1992-06-21,COLLECT COD,MAIL, blithely final pa
52003-2,52003,1743,70,2,11.00,18092.14,0.07,0.05,R,F,1992-04-04,1992-04-18,1992-04-07,NONE,REG AIR,ons nag slyly carefully ruthless requests. 
52004-1,52004,1432,11,1,50.00,66671.50,0.03,0.05,N,O,1996-07-31,1996-08-02,1996-08-16,COLLECT COD,RAIL,"press, ironic ins"
52005-1,52005,903,38,1,14.00,25254.60,0.10,0.00,R,F,1994-01-25,1994-03-20,1994-02-18,DELIVER IN PERSON,AIR,as detect. silent requests wake quickly. 
52006-1,52006,1781,66,1,34.00,57214.52,0.05,0.05,A,F,1994-08-12,1994-09-15,1994-09-08,TAKE BACK RETURN,REG AIR,egular deposits.
52006-2,52006,1001,2,2,46.00,41492.00,0.09,0.08,R,F,1994-09-03,1994-07-25,1994-09-16,COLLECT COD,REG AIR,arly final pinto be
52006-3,52006,498,86,3,39.00,54541.11,0.10,0.01,A,F,1994-07-06,1994-08-28,1994-07-23,TAKE BACK RETURN,SHIP,nt foxes are outside 
52006-4,52006,368,53,4,36.00,45660.96,0.04,0.00,R,F,1994-10-17,1994-09-11,1994-11-05,NONE,TRUCK,"ckly even courts nag fluffily regular, "
52006-5,52006,79,80,5,21.00,20560.47,0.10,0.04,A,F,1994-07-17,1994-09-12,1994-08-04,DELIVER IN PERSON,SHIP,. quiet foxes after the slyly 
52007-1,52007,63,14,1,28.00,26965.68,0.08,0.05,A,F,1992-05-18,1992-06-09,1992-06-17,COLLECT COD,AIR, quickly unusual depo
52007-2,52007,974,43,2,22.00,41249.34,0.06,0.06,A,F,1992-05-09,1992-05-31,1992-05-29,TAKE BACK RETURN,RAIL,e fluffily abo
52007-3,52007,1860,47,3,28.00,49332.08,0.10,0.03,R,F,1992-06-28,1992-06-15,1992-07-07,DELIVER IN PERSON,RAIL,pecial theodolites. asymptotes wake blith
52007-4,52007,1665,7,4,5.00,7833.30,0.08,0.02,R,F,1992-04-23,1992-06-20,1992-05-23,COLLECT COD,REG AIR,packages. furious
52007-5,52007,726,23,5,30.00,48801.60,0.05,0.00,R,F,1992-06-09,1992-06-23,1992-07-09,COLLECT COD,RAIL,pending requests above the enticing reque
52007-6,52007,188,41,6,31.00,33733.58,0.08,0.08,A,F,1992-05-15,1992-05-28,1992-06-01,NONE,TRUCK,s? slyly slow a
52007-7,52007,655,49,7,20.00,31113.00,0.10,0.03,A,F,1992-07-14,1992-05-21,1992-08-03,TAKE BACK RETURN,MAIL, nod slyly
52032-1,52032,552,83,1,9.00,13072.95,0.10,0.04,N,O,1997-06-12,1997-06-08,1997-06-28,COLLECT COD,FOB,heodolites w
52032-2,52032,1654,55,2,43.00,66892.95,0.03,0.06,N,O,1997-06-24,1997-07-31,1997-07-05,COLLECT COD,AIR,lyly regular deposits sleep 
52032-3,52032,576,77,3,11.00,16242.27,0.06,0.00,N,O,1997-06-12,1997-08-03,1997-07-04,NONE,SHIP,ag about t
52032-4,52032,71,97,4,14.00,13594.98,0.08,0.03,N,O,1997-08-22,1997-06-09,1997-08-31,TAKE BACK RETURN,RAIL,gle slyly ironic packages. 
52032-5,52032,1413,14,5,42.00,55205.22,0.08,0.07,N,O,1997-06-22,1997-07-03,1997-06-24,NONE,RAIL,ely even theodolit
52033-1,52033,1056,27,1,19.00,18183.95,0.01,0.02,N,O,1997-11-13,1997-12-19,1997-12-07,TAKE BACK RETURN,SHIP,e fluffily regula
52033-2,52033,95,71,2,42.00,41793.78,0.02,0.02,N,O,1998-01-24,1997-12-24,1998-02-14,COLLECT COD,MAIL,ve the carefully unusual requests belie
52034-1,52034,451,39,1,36.00,48652.20,0.08,0.06,N,O,1996-08-22,1996-07-29,1996-08-27,COLLECT COD,AIR,requests. brave requests
52034-2,52034,1748,49,2,36.00,59390.64,0.10,0.05,N,O,1996-10-13,1996-07-26,1996-10-22,TAKE BACK RETURN,TRUCK,t along the b
52034-3,52034,1383,60,3,26.00,33393.88,0.04,0.04,N,O,1996-08-23,1996-09-16,1996-09-17,COLLECT COD,SHIP, final requests bo
52034-4,52034,1245,83,4,4.00,4584.96,0.00,0.08,N,O,1996-09-20,1996-08-11,1996-10-09,COLLECT COD,SHIP,quickly regular accounts 
52034-5,52034,600,91,5,16.00,24009.60,0.07,0.02,N,O,1996-07-13,1996-08-08,1996-08-11,TAKE BACK RETURN,SHIP,y ironic de
52034-6,52034,1589,90,6,34.00,50679.72,0.01,0.05,N,O,1996-10-12,1996-08-12,1996-11-10,NONE,RAIL,s boost across the even foxes. blithely eve
52034-7,52034,1934,35,7,2.00,3671.86,0.04,0.00,N,O,1996-09-04,1996-07-26,1996-09-26,NONE,RAIL,kly. permanently regular 
52035-1,52035,1430,31,1,27.00,35948.61,0.00,0.07,A,F,1995-02-15,1995-01-01,1995-02-24,DELIVER IN PERSON,RAIL, wake carefully fluffil
52036-1,52036,826,26,1,28.00,48350.96,0.07,0.01,N,O,1998-07-08,1998-07-21,1998-08-01,COLLECT COD,SHIP,requests mold
52036-2,52036,107,60,2,46.00,46326.60,0.04,0.07,N,O,1998-06-17,1998-08-08,1998-07-15,COLLECT COD,MAIL, cajole ironic de
52036-3,52036,489,48,3,36.00,50021.28,0.06,0.00,N,O,1998-09-28,1998-08-19,1998-10-04,TAKE BACK RETURN,AIR,l escapades. regular asymp
52036-4,52036,777,78,4,27.00,45299.79,0.07,0.02,N,O,1998-09-18,1998-09-04,1998-09-20,NONE,MAIL,posits. blithely silent accounts alon
52036-5,52036,1643,67,5,19.00,29348.16,0.06,0.06,N,O,1998-09-14,1998-07-27,1998-10-06,TAKE BACK RETURN,REG AIR,ost quickly ironi
52036-6,52036,1297,98,6,22.00,26362.38,0.09,0.02,N,O,1998-07-17,1998-08-23,1998-07-24,DELIVER IN PERSON,MAIL, instructions. caref
52036-7,52036,1803,4,7,5.00,8524.00,0.10,0.00,N,O,1998-06-18,1998-08-13,1998-06-27,NONE,SHIP,"carefully. unusual, busy dependencies ar"
52037-1,52037,1859,46,1,35.00,61629.75,0.01,0.05,N,O,1996-10-23,1996-09-23,1996-11-03,DELIVER IN PERSON,FOB,ent foxes alongside of the quickl
52038-1,52038,1316,93,1,40.00,48692.40,0.09,0.04,N,O,1996-10-20,1996-09-13,1996-10-31,NONE,SHIP,refully blithely regular depos
52038-2,52038,1735,36,2,37.00,60559.01,0.09,0.07,N,O,1996-07-21,1996-09-24,1996-08-16,NONE,MAIL,enticing patterns haggle 
52038-3,52038,1018,89,3,34.00,31246.34,0.03,0.03,N,O,1996-08-12,1996-09-08,1996-09-11,DELIVER IN PERSON,MAIL,hy packages. care
52038-4,52038,17,43,4,24.00,22008.24,0.08,0.05,N,O,1996-10-20,1996-09-26,1996-10-26,COLLECT COD,TRUCK, slyly regular account
52038-5,52038,240,95,5,23.00,26225.52,0.00,0.00,N,O,1996-09-29,1996-09-03,1996-10-14,COLLECT COD,MAIL,platelets? c
52039-1,52039,470,29,1,20.00,27409.40,0.09,0.06,A,F,1992-09-02,1992-10-07,1992-09-26,NONE,REG AIR,"gular, regular ins"
52039-2,52039,1886,87,2,22.00,39333.36,0.04,0.03,R,F,1992-10-27,1992-10-12,1992-11-12,TAKE BACK RETURN,REG AIR,age about the
52039-3,52039,208,90,3,1.00,1108.20,0.03,0.02,A,F,1992-08-25,1992-09-22,1992-09-20,DELIVER IN PERSON,MAIL, furiously regula
52039-4,52039,1499,100,4,26.00,36412.74,0.08,0.07,A,F,1992-11-21,1992-09-14,1992-12-14,DELIVER IN PERSON,RAIL,ests affix quickly
52039-5,52039,487,17,5,46.00,63824.08,0.10,0.03,R,F,1992-11-05,1992-10-24,1992-12-03,NONE,TRUCK,accounts sleep bravely boldly even reque
52039-6,52039,651,14,6,42.00,65169.30,0.00,0.06,R,F,1992-08-08,1992-10-12,1992-09-05,DELIVER IN PERSON,RAIL,; unusual foxes are furiously regular r
52064-1,52064,850,50,1,5.00,8754.25,0.08,0.03,N,O,1997-10-08,1997-11-10,1997-11-05,COLLECT COD,AIR,kly express excuses sleep furiously iro
52064-2,52064,568,99,2,1.00,1468.56,0.00,0.04,N,O,1997-08-27,1997-10-08,1997-09-23,COLLECT COD,SHIP,osits wake furiously al
52065-1,52065,221,76,1,22.00,24666.84,0.10,0.00,N,O,1996-07-18,1996-06-20,1996-08-02,DELIVER IN PERSON,MAIL,dolites int
52065-2,52065,1987,88,2,20.00,37779.60,0.01,0.08,N,O,1996-05-08,1996-05-30,1996-05-19,NONE,FOB,hely. carefully pending requests 
52065-3,52065,1350,27,3,7.00,8759.45,0.02,0.05,N,O,1996-06-14,1996-06-01,1996-06-30,TAKE BACK RETURN,AIR,ix slyly above the b
52066-1,52066,1286,61,1,31.00,36805.68,0.09,0.01,N,O,1996-06-26,1996-08-12,1996-06-28,NONE,RAIL,uriously after
52067-1,52067,272,54,1,38.00,44546.26,0.00,0.01,N,O,1998-08-01,1998-07-27,1998-08-31,TAKE BACK RETURN,FOB,ng requests. blit
52067-2,52067,740,41,2,32.00,52503.68,0.07,0.05,N,O,1998-09-28,1998-09-14,1998-10-13,NONE,AIR,even foxes are accordi
52067-3,52067,1417,18,3,50.00,65920.50,0.03,0.01,N,O,1998-08-14,1998-08-03,1998-08-31,COLLECT COD,SHIP,lets. pinto bea
52067-4,52067,685,48,4,33.00,52327.44,0.04,0.02,N,O,1998-10-04,1998-08-09,1998-10-18,COLLECT COD,SHIP,ke furiously against the furious
52068-1,52068,30,31,1,21.00,19530.63,0.06,0.00,R,F,1992-03-26,1992-04-07,1992-04-03,NONE,RAIL,lets haggle acro
52068-2,52068,720,85,2,24.00,38897.28,0.08,0.03,R,F,1992-03-28,1992-03-25,1992-04-08,TAKE BACK RETURN,RAIL,ely bold p
52068-3,52068,173,100,3,15.00,16097.55,0.02,0.06,R,F,1992-03-22,1992-03-07,1992-03-23,DELIVER IN PERSON,SHIP,t instructions haggle carefu
52068-4,52068,1910,11,4,19.00,34426.29,0.04,0.05,R,F,1992-02-22,1992-03-14,1992-02-28,DELIVER IN PERSON,REG AIR,eas across the carefully 
52068-5,52068,632,26,5,28.00,42913.64,0.10,0.01,R,F,1992-04-24,1992-03-31,1992-05-12,COLLECT COD,RAIL,he furiously even acco
52068-6,52068,1366,67,6,19.00,24079.84,0.06,0.03,R,F,1992-04-30,1992-04-12,1992-05-10,TAKE BACK RETURN,REG AIR,s. deposits cajole q
52069-1,52069,1998,31,1,13.00,24699.87,0.01,0.06,N,O,1998-05-31,1998-05-12,1998-06-23,COLLECT COD,REG AIR,ely pending instructions print fo
52070-1,52070,11,62,1,35.00,31885.35,0.10,0.05,A,F,1995-03-07,1995-01-14,1995-04-05,COLLECT COD,TRUCK,g furiously ironic requests.
52070-2,52070,1959,48,2,4.00,7443.80,0.04,0.04,R,F,1995-03-23,1995-01-11,1995-03-24,NONE,AIR, pinto beans believe bravely. regular ide
52071-1,52071,998,1,1,4.00,7595.96,0.09,0.02,N,O,1995-12-21,1996-02-23,1996-01-18,DELIVER IN PERSON,AIR,final pinto beans after the blithely regula
52071-2,52071,511,42,2,33.00,46579.83,0.04,0.00,N,O,1996-02-13,1996-02-24,1996-03-13,TAKE BACK RETURN,FOB,ully ironic asymptotes. iro
52071-3,52071,369,26,3,47.00,59659.92,0.06,0.08,N,O,1996-01-20,1996-02-17,1996-02-09,TAKE BACK RETURN,FOB,somas wake depe
52071-4,52071,1697,21,4,50.00,79934.50,0.05,0.05,N,O,1996-03-03,1996-01-29,1996-03-19,COLLECT COD,SHIP,ironic dolphins are carefully
52071-5,52071,250,32,5,24.00,27606.00,0.10,0.04,N,O,1996-03-03,1996-01-26,1996-03-06,TAKE BACK RETURN,MAIL,"onic, even platel"
52071-6,52071,1633,57,6,41.00,62919.83,0.07,0.04,N,O,1996-01-08,1996-01-27,1996-01-22,NONE,AIR,"nt packages serve. regular, final c"
52096-1,52096,1846,47,1,50.00,87392.00,0.09,0.02,N,O,1995-12-27,1996-01-31,1996-01-09,DELIVER IN PERSON,TRUCK,ons. requests integrate furiously exp
52096-2,52096,879,13,2,19.00,33817.53,0.01,0.02,N,O,1996-01-11,1996-01-22,1996-01-30,TAKE BACK RETURN,AIR,ously above the qu
52097-1,52097,1139,48,1,41.00,42645.33,0.04,0.06,N,O,1997-08-24,1997-07-12,1997-09-05,NONE,SHIP,"ajole. slyly special ideas sleep regular,"
52097-2,52097,616,17,2,47.00,71280.67,0.03,0.00,N,O,1997-07-30,1997-08-08,1997-08-03,DELIVER IN PERSON,TRUCK,c requests 
52097-3,52097,1574,95,3,10.00,14755.70,0.02,0.05,N,O,1997-08-13,1997-06-25,1997-08-18,DELIVER IN PERSON,REG AIR,? furiously even account
52097-4,52097,514,75,4,37.00,52336.87,0.10,0.03,N,O,1997-08-30,1997-08-08,1997-09-02,COLLECT COD,FOB,fully final theodoli
52098-1,52098,1308,23,1,26.00,31441.80,0.00,0.01,R,F,1993-06-27,1993-04-14,1993-07-24,COLLECT COD,FOB,tions sleep furiously c
52099-1,52099,1690,14,1,48.00,76401.12,0.09,0.02,N,O,1996-05-31,1996-05-13,1996-06-08,TAKE BACK RETURN,MAIL,bout the slyly ironic packages are slyl
52099-2,52099,1145,46,2,9.00,9415.26,0.08,0.03,N,O,1996-05-11,1996-05-14,1996-05-29,TAKE BACK RETURN,RAIL,ideas haggle alongside of the fluffily
52100-1,52100,1767,68,1,42.00,70087.92,0.05,0.03,N,O,1997-10-02,1997-11-20,1997-10-26,TAKE BACK RETURN,FOB,s detect carefully regular asympto
52100-2,52100,421,80,2,3.00,3964.26,0.09,0.07,N,O,1997-11-05,1997-11-02,1997-11-21,NONE,TRUCK,e furiously. blithely ironic instruc
52100-3,52100,1369,84,3,39.00,49544.04,0.03,0.08,N,O,1998-01-20,1997-12-15,1998-01-22,DELIVER IN PERSON,RAIL,es. carefully ironic dolphins 
52101-1,52101,1766,51,1,28.00,46697.28,0.08,0.02,N,O,1998-03-22,1998-03-16,1998-04-12,COLLECT COD,RAIL,lly. final packages are s
52101-2,52101,628,91,2,34.00,51973.08,0.04,0.01,N,O,1998-03-05,1998-04-23,1998-03-09,COLLECT COD,MAIL,. furiously fi
52101-3,52101,147,100,3,8.00,8377.12,0.00,0.04,N,O,1998-02-14,1998-04-07,1998-02-17,TAKE BACK RETURN,AIR, ironic packages sleep carefully. expres
52101-4,52101,1950,83,4,1.00,1851.95,0.10,0.03,N,O,1998-02-20,1998-02-28,1998-03-02,NONE,RAIL,l accounts:
52102-1,52102,1014,20,1,22.00,20130.22,0.07,0.01,R,F,1993-10-08,1993-12-09,1993-10-23,TAKE BACK RETURN,MAIL,slyly. furiously regular depen
52102-2,52102,1669,11,2,26.00,40837.16,0.10,0.07,A,F,1993-10-14,1993-10-24,1993-10-18,COLLECT COD,TRUCK,y. stealthy theodolites are after the theo
52102-3,52102,1421,39,3,42.00,55541.64,0.01,0.05,A,F,1993-11-29,1993-10-31,1993-12-17,TAKE BACK RETURN,SHIP," beans play. permanent, final deposits cajo"
52103-1,52103,3,29,1,12.00,10836.00,0.03,0.08,R,F,1995-04-07,1995-03-08,1995-05-07,DELIVER IN PERSON,TRUCK,ecial foxe
52103-2,52103,1879,66,2,3.00,5342.61,0.06,0.01,R,F,1995-03-13,1995-03-04,1995-03-28,DELIVER IN PERSON,MAIL,sleep furious
52128-1,52128,90,66,1,15.00,14851.35,0.07,0.01,A,F,1994-01-06,1994-02-19,1994-01-14,NONE,TRUCK,ccounts are carefully reg
52128-2,52128,1110,11,2,37.00,37411.07,0.08,0.06,A,F,1993-12-21,1994-01-03,1994-01-19,COLLECT COD,FOB,y against th
52128-3,52128,344,45,3,29.00,36085.86,0.05,0.07,R,F,1994-01-25,1994-02-04,1994-02-16,DELIVER IN PERSON,RAIL,e final pinto
52128-4,52128,1679,62,4,1.00,1580.67,0.03,0.05,R,F,1994-01-23,1994-02-16,1994-01-24,TAKE BACK RETURN,MAIL,gular dolphins. pending accounts slee
52129-1,52129,491,92,1,46.00,64008.54,0.06,0.04,N,O,1996-11-11,1996-12-13,1996-11-17,TAKE BACK RETURN,FOB, sleep among the careful
52129-2,52129,945,48,2,9.00,16613.46,0.06,0.03,N,O,1997-03-03,1997-01-24,1997-03-13,COLLECT COD,SHIP,gular accounts haggle blithel
52129-3,52129,1857,58,3,19.00,33418.15,0.09,0.04,N,O,1997-02-14,1996-12-30,1997-03-15,COLLECT COD,MAIL,sts. ironic accounts 
52129-4,52129,1859,89,4,8.00,14086.80,0.01,0.04,N,O,1997-02-02,1996-12-31,1997-02-07,TAKE BACK RETURN,AIR,its serve fluffily above the slyly ir
52129-5,52129,1973,18,5,9.00,16874.73,0.01,0.03,N,O,1996-11-27,1996-12-18,1996-12-27,NONE,MAIL,special theodolites.
52129-6,52129,1258,59,6,31.00,35936.75,0.03,0.07,N,O,1996-11-24,1997-02-02,1996-11-30,TAKE BACK RETURN,FOB,"sly above the bold, special forges. "
52130-1,52130,1768,11,1,40.00,66790.40,0.07,0.04,A,F,1993-01-01,1992-11-02,1993-01-20,COLLECT COD,SHIP,around the fluffily unusual
52130-2,52130,236,64,2,32.00,36359.36,0.03,0.08,A,F,1992-11-07,1992-10-27,1992-11-15,NONE,SHIP,uffy accounts above the furi
52130-3,52130,1695,96,3,5.00,7983.45,0.06,0.06,A,F,1992-11-09,1992-11-28,1992-12-06,NONE,REG AIR,ully even instructions haggle slowly pinto
52130-4,52130,843,43,4,39.00,68009.76,0.00,0.05,A,F,1992-09-30,1992-11-22,1992-10-12,TAKE BACK RETURN,MAIL,y quiet pains. regula
52130-5,52130,981,84,5,45.00,84689.10,0.09,0.02,A,F,1992-10-23,1992-11-13,1992-10-26,NONE,REG AIR,its wake carefully c
52130-6,52130,1109,18,6,47.00,47474.70,0.06,0.05,R,F,1992-12-26,1992-12-05,1993-01-04,TAKE BACK RETURN,REG AIR,ts above the slyly final orbits co
52131-1,52131,1176,77,1,35.00,37700.95,0.10,0.08,N,O,1998-03-03,1997-12-24,1998-03-15,NONE,AIR,"e the pending accounts. regular, un"
52131-2,52131,1278,16,2,29.00,34198.83,0.09,0.08,N,O,1998-02-14,1997-12-29,1998-03-01,TAKE BACK RETURN,TRUCK,le closely furio
52131-3,52131,80,31,3,7.00,6860.56,0.05,0.03,N,O,1998-03-09,1998-01-30,1998-03-24,DELIVER IN PERSON,AIR,icing accounts. carefully regular excuses s
52132-1,52132,762,95,1,10.00,16627.60,0.06,0.03,N,F,1995-06-01,1995-06-05,1995-06-23,COLLECT COD,REG AIR, stealthily fur
52132-2,52132,1775,2,2,25.00,41919.25,0.02,0.05,N,O,1995-07-02,1995-06-17,1995-07-15,TAKE BACK RETURN,REG AIR,ickly final requests. blithely
52133-1,52133,1729,14,1,13.00,21199.36,0.07,0.04,N,O,1998-02-01,1998-02-17,1998-02-13,DELIVER IN PERSON,MAIL,carefully final accounts after the special 
52133-2,52133,1149,86,2,16.00,16802.24,0.00,0.04,N,O,1998-01-31,1998-04-04,1998-02-14,NONE,FOB,ly. slyly ironic requests at the c
52133-3,52133,861,62,3,28.00,49332.08,0.10,0.02,N,O,1998-05-16,1998-02-27,1998-06-11,DELIVER IN PERSON,SHIP,tes dazzle flu
52133-4,52133,1060,61,4,49.00,47091.94,0.05,0.02,N,O,1998-03-20,1998-02-26,1998-03-28,DELIVER IN PERSON,SHIP,"nts! final, sl"
52133-5,52133,652,53,5,13.00,20184.45,0.00,0.05,N,O,1998-03-23,1998-03-02,1998-04-22,NONE,REG AIR,"inal gifts. final, regu"
52134-1,52134,1343,20,1,7.00,8710.38,0.10,0.05,R,F,1994-07-11,1994-07-01,1994-08-09,COLLECT COD,SHIP,arefully ironic de
52134-2,52134,1061,97,2,2.00,1924.12,0.08,0.04,A,F,1994-05-21,1994-05-22,1994-06-09,NONE,AIR,nticing hockey players u
52134-3,52134,1788,73,3,50.00,84489.00,0.00,0.08,R,F,1994-06-04,1994-06-01,1994-06-18,NONE,AIR,l accounts
52134-4,52134,1397,98,4,17.00,22072.63,0.00,0.02,R,F,1994-06-19,1994-07-06,1994-06-25,TAKE BACK RETURN,SHIP,ld packages. fluffily 
52134-5,52134,692,55,5,15.00,23890.35,0.06,0.00,R,F,1994-07-19,1994-07-11,1994-08-12,DELIVER IN PERSON,FOB,ternes cajo
52134-6,52134,426,56,6,12.00,15917.04,0.07,0.03,R,F,1994-05-07,1994-06-09,1994-05-25,NONE,FOB,lent asymptotes against the furi
52134-7,52134,537,38,7,6.00,8625.18,0.05,0.07,R,F,1994-08-04,1994-05-31,1994-08-20,COLLECT COD,SHIP, special platelets. quickly re
52135-1,52135,1359,74,1,25.00,31508.75,0.10,0.03,R,F,1993-06-22,1993-05-21,1993-07-14,TAKE BACK RETURN,SHIP, packages. even pinto beans run furious
52135-2,52135,1775,60,2,24.00,40242.48,0.00,0.06,A,F,1993-06-29,1993-06-09,1993-07-22,TAKE BACK RETURN,REG AIR,. slyly ironic foxes haggle
52135-3,52135,479,38,3,19.00,26209.93,0.01,0.05,A,F,1993-07-17,1993-05-03,1993-07-18,COLLECT COD,AIR,quests wake acc
52135-4,52135,345,74,4,34.00,42341.56,0.05,0.06,A,F,1993-05-12,1993-06-10,1993-05-20,NONE,AIR,s integrate furiously across the ironi
52135-5,52135,1725,10,5,33.00,53681.76,0.08,0.08,R,F,1993-06-15,1993-04-24,1993-07-07,COLLECT COD,MAIL,ithely even theodolites 
52135-6,52135,423,82,6,42.00,55583.64,0.00,0.02,R,F,1993-06-03,1993-06-20,1993-07-02,NONE,RAIL,instructions. evenly even 
52160-1,52160,715,16,1,12.00,19388.52,0.01,0.05,N,O,1995-09-30,1995-08-30,1995-10-04,NONE,TRUCK,e finally regular deposits. regular as
52160-2,52160,275,57,2,7.00,8226.89,0.04,0.08,N,O,1995-10-05,1995-08-11,1995-10-14,DELIVER IN PERSON,SHIP,bold packages? carefully unusual deposits h
52160-3,52160,1696,97,3,30.00,47930.70,0.03,0.00,N,O,1995-07-26,1995-09-20,1995-08-22,NONE,SHIP,he furiously bold pint
52160-4,52160,1294,32,4,3.00,3585.87,0.02,0.05,N,O,1995-07-09,1995-09-22,1995-08-02,DELIVER IN PERSON,FOB,blithely fluffy packages wake b
52160-5,52160,448,36,5,13.00,17529.72,0.10,0.00,N,O,1995-08-27,1995-08-30,1995-09-09,DELIVER IN PERSON,FOB,"ag special, quick requests. q"
52160-6,52160,1616,58,6,10.00,15176.10,0.05,0.00,N,O,1995-10-12,1995-09-10,1995-10-30,COLLECT COD,FOB,riously ex
52160-7,52160,1850,37,7,2.00,3503.70,0.03,0.03,N,O,1995-09-26,1995-09-15,1995-10-15,TAKE BACK RETURN,SHIP, theodolites wake 
52161-1,52161,574,5,1,8.00,11796.56,0.08,0.05,N,O,1997-11-24,1997-11-01,1997-12-17,TAKE BACK RETURN,FOB,express excuse
52161-2,52161,1447,65,2,5.00,6742.20,0.03,0.05,N,O,1997-11-11,1997-11-06,1997-12-01,NONE,MAIL,ts cajole slyly regular accou
52161-3,52161,1360,99,3,34.00,42886.24,0.07,0.01,N,O,1997-12-22,1997-12-01,1998-01-17,NONE,FOB,dolites cajole quickly. even instructi
52161-4,52161,1851,95,4,17.00,29798.45,0.00,0.07,N,O,1997-11-05,1997-11-18,1997-11-14,COLLECT COD,FOB,n dependencies play bravel
52161-5,52161,528,59,5,16.00,22856.32,0.06,0.02,N,O,1997-11-30,1997-12-07,1997-12-04,COLLECT COD,MAIL,iously pending theodolites. qu
52161-6,52161,674,75,6,34.00,53538.78,0.02,0.05,N,O,1998-01-28,1997-11-30,1998-02-18,COLLECT COD,FOB, the silent deposits 
52162-1,52162,269,70,1,20.00,23385.20,0.07,0.02,N,O,1995-11-15,1995-12-23,1995-11-16,TAKE BACK RETURN,MAIL,ideas. furious
52162-2,52162,544,45,2,21.00,30335.34,0.03,0.04,N,O,1995-12-08,1995-12-04,1995-12-25,COLLECT COD,TRUCK,ites sleep a
52162-3,52162,35,36,3,7.00,6545.21,0.09,0.00,N,O,1996-01-25,1996-01-26,1996-02-17,COLLECT COD,RAIL,otes haggle quic
52162-4,52162,835,35,4,34.00,59018.22,0.01,0.08,N,O,1995-11-26,1996-01-13,1995-12-05,TAKE BACK RETURN,REG AIR,fluffily after the final accounts. fluf
52162-5,52162,1629,71,5,41.00,62755.42,0.07,0.00,N,O,1996-01-13,1996-01-22,1996-02-09,TAKE BACK RETURN,AIR,ending acc
52162-6,52162,857,57,6,3.00,5273.55,0.08,0.06,N,O,1995-12-24,1996-01-10,1996-01-05,DELIVER IN PERSON,AIR,lar packages.
52162-7,52162,1812,42,7,12.00,20565.72,0.00,0.00,N,O,1995-11-07,1995-12-18,1995-11-30,NONE,RAIL,"ar, ironic requests use carefull"
52163-1,52163,1688,89,1,4.00,6358.72,0.06,0.04,N,O,1997-08-17,1997-09-08,1997-08-19,DELIVER IN PERSON,RAIL,ions. slyly final deposits nag furiously fl
52164-1,52164,335,20,1,15.00,18529.95,0.02,0.05,A,F,1992-06-06,1992-05-29,1992-06-10,COLLECT COD,RAIL,ar packages; unusual sheaves cajole pending
52164-2,52164,6,7,2,50.00,45300.00,0.01,0.03,R,F,1992-04-19,1992-06-28,1992-05-17,NONE,REG AIR,ays final ideas sleep thinly: always
52165-1,52165,1827,57,1,33.00,57051.06,0.09,0.06,N,O,1998-07-31,1998-07-16,1998-08-03,TAKE BACK RETURN,AIR,usly special deposits boost acros
52165-2,52165,1070,76,2,40.00,38842.80,0.00,0.04,N,O,1998-06-14,1998-08-17,1998-06-23,DELIVER IN PERSON,MAIL,ole quickly iro
52165-3,52165,1149,86,3,41.00,43055.74,0.05,0.02,N,O,1998-09-08,1998-08-13,1998-09-15,NONE,FOB,anently furiously regular deposits. un
52165-4,52165,175,76,4,15.00,16127.55,0.10,0.07,N,O,1998-08-09,1998-07-09,1998-08-23,COLLECT COD,AIR,integrate blithely agains
52165-5,52165,423,11,5,22.00,29115.24,0.06,0.05,N,O,1998-06-23,1998-08-21,1998-07-20,TAKE BACK RETURN,SHIP,xes. furiously regular acc
52165-6,52165,1866,10,6,8.00,14142.88,0.06,0.02,N,O,1998-06-06,1998-06-29,1998-06-07,COLLECT COD,FOB,onic theodolites.
52165-7,52165,1627,69,7,28.00,42801.36,0.00,0.07,N,O,1998-09-16,1998-06-25,1998-09-18,NONE,FOB,xcuses haggle quickly car
52166-1,52166,6,57,1,8.00,7248.00,0.02,0.05,N,O,1996-02-07,1996-03-14,1996-02-13,DELIVER IN PERSON,TRUCK,sly bold deposits int
52167-1,52167,247,48,1,29.00,33269.96,0.04,0.03,N,O,1998-10-03,1998-09-10,1998-10-16,TAKE BACK RETURN,MAIL,e furiously final foxes. blithely 
52167-2,52167,18,44,2,22.00,20196.22,0.09,0.04,N,O,1998-08-03,1998-08-23,1998-08-08,TAKE BACK RETURN,TRUCK,r platelets affix above the regul
52167-3,52167,1646,70,3,50.00,77382.00,0.02,0.03,N,O,1998-11-08,1998-09-05,1998-11-14,DELIVER IN PERSON,TRUCK,"thely regular excuses. final, ir"
52167-4,52167,756,89,4,42.00,69583.50,0.10,0.07,N,O,1998-08-16,1998-08-31,1998-08-21,TAKE BACK RETURN,REG AIR,"g, pending pinto be"
52167-5,52167,1070,41,5,31.00,30103.17,0.00,0.08,N,O,1998-11-01,1998-08-15,1998-11-17,COLLECT COD,MAIL,he blithely pend
52167-6,52167,138,65,6,7.00,7266.91,0.04,0.05,N,O,1998-09-01,1998-08-10,1998-09-09,DELIVER IN PERSON,MAIL,packages around t
52192-1,52192,1561,2,1,30.00,43876.80,0.01,0.08,N,O,1998-10-04,1998-07-17,1998-10-21,COLLECT COD,MAIL,are quickly carefully unusual requests. fu
52192-2,52192,1200,1,2,33.00,36339.60,0.06,0.05,N,O,1998-08-01,1998-08-31,1998-08-03,NONE,FOB,ously final epitaphs
52192-3,52192,340,25,3,6.00,7442.04,0.09,0.06,N,O,1998-06-22,1998-07-26,1998-07-09,TAKE BACK RETURN,RAIL, carefully unusual excuses sleep fluffily 
52192-4,52192,1340,41,4,22.00,27309.48,0.02,0.03,N,O,1998-08-23,1998-08-22,1998-08-29,TAKE BACK RETURN,SHIP,eodolites. accounts are blithely
52192-5,52192,1015,51,5,39.00,35724.39,0.02,0.04,N,O,1998-06-28,1998-08-14,1998-07-25,DELIVER IN PERSON,AIR, the ironic foxes wake en
52192-6,52192,26,77,6,8.00,7408.16,0.05,0.02,N,O,1998-10-11,1998-08-02,1998-10-22,COLLECT COD,TRUCK,posits doubt
52192-7,52192,1601,2,7,3.00,4507.80,0.08,0.04,N,O,1998-07-04,1998-07-21,1998-07-30,NONE,FOB,orbits above the final pinto bean
52193-1,52193,292,74,1,6.00,7153.74,0.06,0.08,R,F,1993-03-26,1993-05-11,1993-04-19,NONE,REG AIR,equests nag across the fur
52193-2,52193,1938,83,2,6.00,11039.58,0.06,0.03,R,F,1993-06-04,1993-05-25,1993-06-12,NONE,MAIL,es do impress above th
52193-3,52193,183,36,3,20.00,21663.60,0.04,0.05,R,F,1993-06-30,1993-05-15,1993-07-13,NONE,SHIP,ly. fluffily regular packages
52193-4,52193,1274,49,4,42.00,49361.34,0.02,0.08,A,F,1993-03-31,1993-05-21,1993-04-23,TAKE BACK RETURN,SHIP,f the accounts int
52193-5,52193,529,30,5,6.00,8577.12,0.06,0.02,R,F,1993-03-07,1993-04-29,1993-03-28,COLLECT COD,MAIL,le blithely r
52193-6,52193,471,30,6,48.00,65830.56,0.04,0.03,R,F,1993-04-10,1993-04-20,1993-05-09,TAKE BACK RETURN,RAIL,ckages. carefully blithe deposits
52193-7,52193,1289,27,7,28.00,33327.84,0.10,0.05,A,F,1993-04-16,1993-04-17,1993-04-26,NONE,REG AIR,ctions. furious
52194-1,52194,1297,72,1,12.00,14379.48,0.03,0.06,A,F,1994-04-09,1994-01-29,1994-04-17,DELIVER IN PERSON,TRUCK,refully ironic deposits. furiously f
52194-2,52194,151,4,2,35.00,36790.25,0.07,0.07,A,F,1994-02-16,1994-01-28,1994-02-26,COLLECT COD,TRUCK,al asymptotes. ironic foxes across
52194-3,52194,869,70,3,29.00,51325.94,0.09,0.07,A,F,1994-03-02,1994-02-01,1994-03-24,DELIVER IN PERSON,REG AIR,lly alongside of the slyly reg
52194-4,52194,1691,33,4,5.00,7963.45,0.03,0.02,R,F,1994-03-01,1994-02-28,1994-03-14,NONE,FOB,asymptotes. ironic accounts alon
52194-5,52194,552,13,5,16.00,23240.80,0.10,0.07,A,F,1994-03-06,1994-02-25,1994-03-16,COLLECT COD,TRUCK,sly furiously final 
52194-6,52194,1272,73,6,40.00,46930.80,0.02,0.00,R,F,1994-02-27,1994-02-04,1994-03-13,TAKE BACK RETURN,MAIL, furiously regular asymp
52195-1,52195,955,90,1,42.00,77949.90,0.10,0.05,N,O,1995-12-30,1995-12-21,1996-01-01,NONE,TRUCK,ng the slyly even foxes. a
52195-2,52195,1932,33,2,48.00,88028.64,0.10,0.00,N,O,1996-02-10,1995-12-10,1996-03-11,NONE,SHIP,e furiously bold package
52195-3,52195,158,59,3,39.00,41267.85,0.06,0.03,N,O,1995-11-09,1995-12-17,1995-11-26,NONE,REG AIR,fily regular fo
52195-4,52195,785,82,4,39.00,65745.42,0.08,0.00,N,O,1996-01-25,1995-12-09,1996-02-12,COLLECT COD,TRUCK,"blithely. express, ironic f"
52195-5,52195,1462,41,5,42.00,57265.32,0.06,0.06,N,O,1995-12-16,1995-11-28,1995-12-31,COLLECT COD,AIR,y unusual pinto beans haggle furiously. 
52196-1,52196,1782,9,1,46.00,77453.88,0.00,0.03,R,F,1993-03-13,1993-03-13,1993-04-10,COLLECT COD,RAIL, the quickly silent packages. fluffily i
52196-2,52196,364,65,2,9.00,11379.24,0.06,0.03,A,F,1993-05-18,1993-04-19,1993-06-08,TAKE BACK RETURN,FOB,luffily sly accounts. quickl
52196-3,52196,485,44,3,28.00,38793.44,0.09,0.01,R,F,1993-05-26,1993-03-12,1993-06-23,NONE,AIR,efully against t
52197-1,52197,1787,72,1,20.00,33775.60,0.00,0.08,A,F,1992-10-01,1992-09-14,1992-10-08,NONE,TRUCK,counts detect sl
52197-2,52197,1553,94,2,41.00,59636.55,0.08,0.07,R,F,1992-11-06,1992-11-02,1992-11-19,COLLECT COD,TRUCK,"n, even pinto beans accord"
52197-3,52197,1379,56,3,31.00,39691.47,0.02,0.04,A,F,1992-09-11,1992-10-25,1992-09-19,NONE,RAIL,uietly even packages aro
52197-4,52197,157,58,4,1.00,1057.15,0.10,0.03,A,F,1992-11-20,1992-10-07,1992-12-14,NONE,AIR,. blithely silent accounts ca
52197-5,52197,1229,30,5,14.00,15823.08,0.01,0.08,A,F,1992-10-29,1992-10-19,1992-11-19,COLLECT COD,REG AIR, blithely regular requests.
52198-1,52198,1625,49,1,6.00,9159.72,0.04,0.00,N,O,1996-06-03,1996-08-01,1996-06-24,NONE,SHIP,al deposits sleep closely about the acc
52198-2,52198,498,99,2,15.00,20977.35,0.10,0.08,N,O,1996-08-19,1996-08-11,1996-08-30,DELIVER IN PERSON,SHIP,along the car
52198-3,52198,1617,18,3,47.00,71374.67,0.01,0.07,N,O,1996-08-18,1996-07-09,1996-09-05,COLLECT COD,TRUCK,s haggle bl
52198-4,52198,188,15,4,48.00,52232.64,0.04,0.00,N,O,1996-07-06,1996-07-29,1996-07-20,NONE,REG AIR,special packag
52198-5,52198,309,10,5,42.00,50790.60,0.06,0.04,N,O,1996-06-12,1996-08-10,1996-06-17,DELIVER IN PERSON,TRUCK,"odolites. bold, regular theodolites"
52198-6,52198,921,90,6,44.00,80164.48,0.09,0.00,N,O,1996-07-31,1996-07-19,1996-08-05,DELIVER IN PERSON,FOB,riously special foxes. regula
52198-7,52198,1342,81,7,45.00,55950.30,0.06,0.01,N,O,1996-08-10,1996-07-13,1996-09-02,DELIVER IN PERSON,RAIL,ily express 
52199-1,52199,454,55,1,38.00,51469.10,0.05,0.03,A,F,1995-04-06,1995-04-04,1995-04-12,COLLECT COD,AIR,y final deposits. quickly ex
52199-2,52199,1483,84,2,4.00,5537.92,0.10,0.07,A,F,1995-05-07,1995-03-27,1995-05-26,DELIVER IN PERSON,REG AIR,s. fluffily unusual packages are slyly 
52199-3,52199,1294,32,3,11.00,13148.19,0.08,0.07,R,F,1995-04-30,1995-02-27,1995-05-29,TAKE BACK RETURN,RAIL,nto beans. furiously final
52224-1,52224,1319,34,1,10.00,12203.10,0.10,0.08,N,O,1997-07-08,1997-07-20,1997-07-18,TAKE BACK RETURN,REG AIR,ironic accounts. furiously ironic 
52225-1,52225,1107,16,1,1.00,1008.10,0.09,0.08,R,F,1992-07-01,1992-05-23,1992-07-14,TAKE BACK RETURN,RAIL,ng to the quickly f
52225-2,52225,317,18,2,24.00,29215.44,0.05,0.06,R,F,1992-07-20,1992-06-02,1992-07-26,TAKE BACK RETURN,TRUCK,yly regular accounts nag blithely. final de
52225-3,52225,245,46,3,23.00,26340.52,0.09,0.07,A,F,1992-06-09,1992-06-21,1992-06-30,DELIVER IN PERSON,REG AIR, sleep. final ins
52225-4,52225,1516,37,4,8.00,11340.08,0.00,0.02,R,F,1992-07-30,1992-06-21,1992-08-06,NONE,TRUCK,imes final accounts haggle. bold frets 
52225-5,52225,1989,22,5,49.00,92658.02,0.07,0.06,R,F,1992-06-11,1992-06-12,1992-07-04,TAKE BACK RETURN,TRUCK, affix theodolites. furiously final acco
52226-1,52226,935,38,1,29.00,53241.97,0.08,0.00,R,F,1995-03-01,1995-01-15,1995-03-16,COLLECT COD,AIR,ietly; even fox
52226-2,52226,1855,99,2,3.00,5270.55,0.07,0.02,R,F,1995-02-19,1994-12-03,1995-03-17,NONE,RAIL,fter the carefu
52227-1,52227,1231,43,1,28.00,31702.44,0.05,0.06,A,F,1994-04-02,1994-04-16,1994-04-20,COLLECT COD,TRUCK,foxes haggle carefully. furiously ironic fo
52227-2,52227,1716,17,2,7.00,11323.97,0.05,0.04,R,F,1994-04-21,1994-04-25,1994-04-29,DELIVER IN PERSON,SHIP, accounts integrate among the enticingl
52227-3,52227,1425,43,3,36.00,47751.12,0.01,0.05,A,F,1994-04-07,1994-04-21,1994-04-24,DELIVER IN PERSON,TRUCK,sts are regular pinto beans. carefully p
52227-4,52227,1849,36,4,2.00,3501.68,0.00,0.07,A,F,1994-02-22,1994-03-20,1994-03-03,NONE,RAIL,ly bold accounts. fluffily bold deposits c
52227-5,52227,1841,42,5,47.00,81913.48,0.06,0.03,A,F,1994-04-24,1994-04-13,1994-05-15,NONE,FOB,"e final, exp"
52228-1,52228,1880,81,1,8.00,14255.04,0.10,0.00,N,O,1998-02-05,1997-12-16,1998-03-06,TAKE BACK RETURN,REG AIR, across the furiously regular requests 
52228-2,52228,1697,21,2,22.00,35171.18,0.09,0.07,N,O,1997-11-22,1997-12-29,1997-12-16,DELIVER IN PERSON,TRUCK,ackages affix fluffily. slyly ir
52228-3,52228,1933,22,3,46.00,84406.78,0.00,0.01,N,O,1997-12-12,1997-11-27,1998-01-04,TAKE BACK RETURN,RAIL,quests haggle. ironic
52228-4,52228,1976,77,4,26.00,48827.22,0.09,0.02,N,O,1997-12-08,1997-12-14,1997-12-28,DELIVER IN PERSON,MAIL,y even packages. regular dependencies lo
52228-5,52228,211,39,5,25.00,27780.25,0.06,0.07,N,O,1997-11-13,1997-12-19,1997-12-07,NONE,RAIL,the slyly ironic Tire
52229-1,52229,533,64,1,50.00,71676.50,0.03,0.07,N,O,1997-05-23,1997-04-20,1997-06-09,TAKE BACK RETURN,TRUCK,se. carefully bold theodolites integ
52229-2,52229,415,74,2,4.00,5261.64,0.00,0.00,N,O,1997-05-06,1997-05-23,1997-05-13,COLLECT COD,SHIP,lyly accounts. closel
52229-3,52229,369,54,3,45.00,57121.20,0.08,0.02,N,O,1997-06-27,1997-05-07,1997-07-04,NONE,FOB,es wake blithely a
52229-4,52229,224,25,4,7.00,7869.54,0.00,0.04,N,O,1997-05-23,1997-05-12,1997-06-22,NONE,SHIP,kages. furiously 
52229-5,52229,1700,24,5,25.00,40042.50,0.06,0.05,N,O,1997-05-27,1997-04-27,1997-06-18,NONE,SHIP,ven dependenc
52230-1,52230,1578,99,1,40.00,59182.80,0.08,0.01,R,F,1992-09-06,1992-11-25,1992-10-01,TAKE BACK RETURN,REG AIR,ithely. special requests are. 
52230-2,52230,1994,27,2,17.00,32231.83,0.03,0.00,A,F,1992-09-21,1992-10-24,1992-10-11,COLLECT COD,RAIL, quickly foxes. ruthlessly
52230-3,52230,1376,15,3,19.00,24270.03,0.01,0.08,R,F,1992-11-17,1992-10-03,1992-11-18,COLLECT COD,FOB,uickly regular requests. ca
52230-4,52230,1441,42,4,39.00,52355.16,0.00,0.08,A,F,1992-09-26,1992-11-12,1992-10-16,COLLECT COD,MAIL,ld deposits detect among the 
52231-1,52231,679,80,1,36.00,56868.12,0.05,0.00,A,F,1994-07-31,1994-09-23,1994-08-22,COLLECT COD,AIR,ts. carefully close deposits a
52231-2,52231,1147,48,2,4.00,4192.56,0.05,0.06,R,F,1994-10-16,1994-09-04,1994-11-06,DELIVER IN PERSON,RAIL,lites sleep against the furiously ir
52231-3,52231,1698,81,3,22.00,35193.18,0.00,0.01,A,F,1994-08-04,1994-08-26,1994-08-10,COLLECT COD,AIR,uests since the fluffily ev
52231-4,52231,871,72,4,35.00,62015.45,0.07,0.07,A,F,1994-11-07,1994-09-13,1994-11-24,DELIVER IN PERSON,AIR, express requests are carefully even
52231-5,52231,1901,90,5,27.00,48678.30,0.09,0.08,R,F,1994-08-13,1994-08-15,1994-08-15,DELIVER IN PERSON,MAIL,y slyly final 
52231-6,52231,1521,42,6,11.00,15647.72,0.02,0.07,A,F,1994-10-11,1994-09-25,1994-10-31,COLLECT COD,FOB,"ages use idly. regular, special deposits "
52256-1,52256,1305,82,1,35.00,42220.50,0.04,0.05,A,F,1993-11-10,1994-01-19,1993-12-01,DELIVER IN PERSON,TRUCK,ffily express foxes. special 
52256-2,52256,589,90,2,31.00,46176.98,0.03,0.00,A,F,1994-03-06,1994-01-23,1994-03-26,NONE,MAIL,"uickly foxes. ironic,"
52257-1,52257,259,60,1,8.00,9274.00,0.09,0.05,N,O,1997-08-09,1997-07-03,1997-09-07,NONE,SHIP,fluffily special theodolites. final
52257-2,52257,1393,8,2,47.00,60836.33,0.09,0.00,N,O,1997-06-05,1997-07-21,1997-06-30,DELIVER IN PERSON,FOB,us asymptotes boost fluff
52257-3,52257,451,81,3,8.00,10811.60,0.04,0.01,N,O,1997-05-27,1997-08-06,1997-06-04,COLLECT COD,FOB,posits. even requests cajole furiously. pa
52257-4,52257,1710,53,4,35.00,56409.85,0.10,0.00,N,O,1997-09-14,1997-07-18,1997-10-09,TAKE BACK RETURN,SHIP,lent accounts shall have
52258-1,52258,238,39,1,31.00,35285.13,0.00,0.05,R,F,1994-03-07,1994-05-02,1994-04-06,COLLECT COD,SHIP, alongside of 
52258-2,52258,1658,100,2,11.00,17156.15,0.10,0.00,R,F,1994-03-17,1994-05-02,1994-03-22,TAKE BACK RETURN,SHIP,ng to the final deposits. expres
52258-3,52258,272,54,3,17.00,19928.59,0.07,0.02,A,F,1994-06-12,1994-04-03,1994-06-18,COLLECT COD,SHIP,iously pending forges detect furio
52259-1,52259,31,7,1,21.00,19551.63,0.05,0.04,N,O,1998-04-10,1998-04-29,1998-04-30,NONE,TRUCK,dolites use furiously slyly regular reques
52260-1,52260,141,94,1,8.00,8329.12,0.06,0.08,R,F,1993-07-08,1993-08-02,1993-07-21,DELIVER IN PERSON,AIR,pecial excu
52260-2,52260,1469,48,2,47.00,64411.62,0.10,0.02,A,F,1993-08-28,1993-07-23,1993-09-22,NONE,FOB,arefully unusua
52260-3,52260,913,82,3,36.00,65300.76,0.06,0.07,R,F,1993-08-09,1993-07-30,1993-09-05,NONE,SHIP,e quickly specia
52261-1,52261,413,14,1,24.00,31521.84,0.01,0.02,R,F,1995-05-02,1995-06-23,1995-05-14,TAKE BACK RETURN,FOB,nic asymptotes. requests slee
52261-2,52261,1704,31,2,4.00,6422.80,0.07,0.01,N,O,1995-07-20,1995-06-21,1995-07-27,COLLECT COD,RAIL,efully along the blithel
52261-3,52261,1474,92,3,14.00,19256.58,0.03,0.05,A,F,1995-05-30,1995-07-20,1995-05-31,COLLECT COD,AIR,eep carefully ironic instructions. furious
52261-4,52261,1540,21,4,46.00,66310.84,0.10,0.06,N,O,1995-08-15,1995-06-28,1995-08-21,TAKE BACK RETURN,SHIP,. dogged accoun
52261-5,52261,817,51,5,20.00,34356.20,0.02,0.05,N,F,1995-06-12,1995-06-08,1995-07-06,NONE,FOB,the slyly bold instruct
52261-6,52261,668,31,6,12.00,18823.92,0.02,0.01,R,F,1995-05-20,1995-05-29,1995-06-16,COLLECT COD,SHIP,s. quickly express depen
52261-7,52261,923,92,7,31.00,56541.52,0.10,0.03,R,F,1995-05-18,1995-07-15,1995-05-26,NONE,MAIL,ular accounts caj
52262-1,52262,1415,33,1,9.00,11847.69,0.07,0.08,R,F,1992-06-24,1992-04-26,1992-07-24,TAKE BACK RETURN,REG AIR,boost slyly. final pa
52263-1,52263,1940,85,1,27.00,49732.38,0.03,0.06,A,F,1994-05-24,1994-06-14,1994-06-08,TAKE BACK RETURN,TRUCK,cross the slyly ironic instructions pri
52288-1,52288,701,66,1,46.00,73678.20,0.00,0.03,N,O,1995-08-29,1995-09-27,1995-09-09,NONE,FOB, deposits cajole regular platelets.
52288-2,52288,1796,23,2,1.00,1697.79,0.06,0.05,N,O,1995-11-22,1995-09-14,1995-12-14,NONE,SHIP,hs sublate. slyly even pinto beans are s
52288-3,52288,1205,6,3,33.00,36504.60,0.10,0.02,N,O,1995-10-23,1995-10-19,1995-11-05,DELIVER IN PERSON,TRUCK, accounts haggle. carefully ironic asy
52288-4,52288,1489,29,4,38.00,52838.24,0.05,0.04,N,O,1995-12-02,1995-09-17,1995-12-21,NONE,TRUCK,the accounts. dependencies engage
52288-5,52288,687,19,5,16.00,25402.88,0.03,0.03,N,O,1995-10-23,1995-10-28,1995-11-18,NONE,AIR,ly quiet packages cajole quickly. slyl
52289-1,52289,1678,61,1,27.00,42651.09,0.03,0.02,N,O,1998-09-27,1998-08-05,1998-10-19,TAKE BACK RETURN,AIR,ccounts was blithe
52289-2,52289,1107,44,2,45.00,45364.50,0.07,0.03,N,O,1998-07-13,1998-07-12,1998-07-17,DELIVER IN PERSON,FOB,s nag. slyly dogged pack
52289-3,52289,1915,60,3,19.00,34521.29,0.07,0.02,N,O,1998-07-17,1998-08-26,1998-08-07,COLLECT COD,FOB,ely before the regular accounts. r
52289-4,52289,854,54,4,45.00,78968.25,0.00,0.02,N,O,1998-09-19,1998-07-21,1998-10-08,TAKE BACK RETURN,REG AIR, fluffily fi
52289-5,52289,300,82,5,6.00,7201.80,0.02,0.05,N,O,1998-09-14,1998-08-10,1998-10-08,TAKE BACK RETURN,MAIL,telets. even accounts m
52289-6,52289,11,87,6,18.00,16398.18,0.00,0.01,N,O,1998-06-10,1998-07-27,1998-07-03,TAKE BACK RETURN,TRUCK,ze about the 
52289-7,52289,1844,31,7,32.00,55866.88,0.07,0.01,N,O,1998-06-14,1998-07-12,1998-07-04,TAKE BACK RETURN,TRUCK,". regular, final acc"
52290-1,52290,942,11,1,40.00,73717.60,0.08,0.05,R,F,1992-07-31,1992-08-18,1992-08-27,DELIVER IN PERSON,SHIP,lessly special accounts. evenly enticing de
52290-2,52290,1299,100,2,35.00,42010.15,0.01,0.05,A,F,1992-09-20,1992-07-24,1992-09-24,COLLECT COD,MAIL,ites cajole against the pe
52290-3,52290,1583,64,3,27.00,40083.66,0.04,0.04,A,F,1992-07-28,1992-08-16,1992-08-05,COLLECT COD,FOB,y regular dolphi
52290-4,52290,613,76,4,30.00,45408.30,0.04,0.06,R,F,1992-05-30,1992-08-05,1992-06-10,TAKE BACK RETURN,MAIL,cross the instructions. final dep
52290-5,52290,841,42,5,24.00,41804.16,0.01,0.08,R,F,1992-09-03,1992-08-12,1992-09-28,DELIVER IN PERSON,FOB,tect carefully deposits. blithely even acco
52290-6,52290,1892,79,6,14.00,25114.46,0.05,0.02,A,F,1992-08-28,1992-07-26,1992-09-11,DELIVER IN PERSON,REG AIR,furiously bold pinto beans. unusua
52290-7,52290,434,22,7,26.00,34695.18,0.05,0.06,R,F,1992-09-07,1992-07-08,1992-09-15,NONE,AIR,o beans alon
52291-1,52291,724,89,1,36.00,58489.92,0.02,0.06,R,F,1994-12-07,1994-12-05,1995-01-03,COLLECT COD,RAIL,ckly final realms are furiously bold r
52291-2,52291,1057,58,2,22.00,21077.10,0.08,0.00,R,F,1995-01-15,1994-12-14,1995-02-14,COLLECT COD,SHIP, regular package
52291-3,52291,1432,72,3,45.00,60004.35,0.02,0.08,R,F,1995-01-31,1994-12-09,1995-02-03,DELIVER IN PERSON,AIR, ideas run express pinto beans. special pac
52292-1,52292,1212,13,1,41.00,45641.61,0.06,0.03,A,F,1993-11-12,1993-12-28,1993-11-30,TAKE BACK RETURN,RAIL,"final, bold deposits among the instruct"
52292-2,52292,278,60,2,20.00,23565.40,0.04,0.04,R,F,1993-10-28,1993-11-08,1993-11-02,NONE,MAIL,r the final ideas integrate according to th
52292-3,52292,50,26,3,7.00,6650.35,0.09,0.03,R,F,1994-01-15,1993-12-20,1994-02-06,TAKE BACK RETURN,TRUCK,"ongside of the packages. final, re"
52292-4,52292,1844,74,4,19.00,33170.96,0.05,0.00,A,F,1993-11-14,1993-11-09,1993-11-19,TAKE BACK RETURN,MAIL,dogged dolphins use slyly qu
52293-1,52293,14,15,1,45.00,41130.45,0.07,0.06,N,O,1995-07-29,1995-06-04,1995-08-25,NONE,REG AIR,fluffily furiously sp
52293-2,52293,843,10,2,32.00,55802.88,0.00,0.03,N,O,1995-08-08,1995-05-31,1995-08-23,DELIVER IN PERSON,MAIL,lar platelets de
52293-3,52293,1544,25,3,37.00,53484.98,0.06,0.06,A,F,1995-05-29,1995-05-20,1995-05-30,NONE,SHIP, regular foxes. iron
52293-4,52293,1383,84,4,38.00,48806.44,0.02,0.00,R,F,1995-04-26,1995-07-15,1995-05-25,NONE,TRUCK,cajole blithely final 
52294-1,52294,1064,100,1,19.00,18336.14,0.07,0.03,N,O,1996-11-18,1996-11-15,1996-11-26,DELIVER IN PERSON,AIR,endencies cajole. ca
52294-2,52294,1118,91,2,25.00,25477.75,0.04,0.00,N,O,1996-10-20,1996-11-01,1996-11-17,NONE,MAIL, final accounts use. q
52294-3,52294,1039,75,3,41.00,38541.23,0.05,0.03,N,O,1996-11-22,1996-10-26,1996-11-28,NONE,FOB,uriously regular waters. qui
52294-4,52294,918,19,4,16.00,29102.56,0.08,0.04,N,O,1996-11-27,1996-10-15,1996-12-07,DELIVER IN PERSON,MAIL,xpress deposits. slyly fina
52294-5,52294,290,18,5,37.00,44040.73,0.06,0.01,N,O,1996-11-15,1996-11-10,1996-12-09,NONE,RAIL,ld packages. 
52294-6,52294,1769,96,6,6.00,10024.56,0.07,0.06,N,O,1996-10-05,1996-11-05,1996-10-20,NONE,RAIL,s. regular packa
52294-7,52294,1151,88,7,41.00,43138.15,0.10,0.08,N,O,1996-10-04,1996-10-22,1996-10-21,NONE,SHIP, dependencies. deposits cajo
52295-1,52295,494,82,1,28.00,39045.72,0.00,0.03,N,O,1996-01-03,1996-01-10,1996-01-30,DELIVER IN PERSON,AIR,s boost. carefully quiet frets detect ab
52295-2,52295,546,47,2,48.00,69433.92,0.05,0.00,N,O,1996-02-05,1995-12-24,1996-02-06,COLLECT COD,FOB,ithely foxes. carefully ir
52295-3,52295,1984,85,3,12.00,22631.76,0.03,0.01,N,O,1995-12-30,1996-01-02,1996-01-29,NONE,RAIL,". special, regular deposit"
52295-4,52295,587,48,4,46.00,68428.68,0.07,0.05,N,O,1996-02-04,1996-02-03,1996-02-22,TAKE BACK RETURN,TRUCK,"s cajole furiously instructions. regular, i"
52295-5,52295,1930,31,5,37.00,67781.41,0.08,0.07,N,O,1996-03-21,1996-02-19,1996-04-11,TAKE BACK RETURN,FOB,even pinto
52320-1,52320,93,19,1,34.00,33765.06,0.01,0.07,A,F,1992-10-02,1992-10-26,1992-10-10,DELIVER IN PERSON,AIR,ver silent accounts to the bold the
52320-2,52320,623,55,2,41.00,62468.42,0.08,0.00,A,F,1992-11-30,1992-12-19,1992-12-26,NONE,RAIL,old requests are blith
52320-3,52320,1381,58,3,47.00,60271.86,0.10,0.06,A,F,1992-10-23,1992-12-12,1992-10-30,COLLECT COD,RAIL,the blithely even deposits. furiously re
52321-1,52321,626,58,1,32.00,48851.84,0.02,0.03,N,O,1996-01-18,1996-01-27,1996-01-30,DELIVER IN PERSON,MAIL,aves about the
52321-2,52321,1300,12,2,50.00,60065.00,0.09,0.03,N,O,1996-01-11,1996-01-07,1996-02-01,NONE,FOB,old excuses into the regula
52321-3,52321,1593,94,3,30.00,44837.70,0.05,0.04,N,O,1996-02-09,1996-01-05,1996-02-26,TAKE BACK RETURN,AIR, final ideas wake blithel
52321-4,52321,1847,34,4,39.00,68204.76,0.00,0.04,N,O,1996-01-09,1996-01-21,1996-01-11,NONE,RAIL,uickly express instructions x-ray s
52321-5,52321,482,70,5,5.00,6912.40,0.02,0.02,N,O,1995-11-28,1996-01-30,1995-12-04,TAKE BACK RETURN,REG AIR,ely special reques
52321-6,52321,1013,49,6,47.00,42958.47,0.09,0.01,N,O,1995-12-25,1995-12-07,1996-01-02,TAKE BACK RETURN,REG AIR,edly quickly regular requests. final 
52322-1,52322,1745,46,1,36.00,59282.64,0.05,0.07,A,F,1993-04-21,1993-03-30,1993-05-18,DELIVER IN PERSON,MAIL,egular platelets cajole 
52323-1,52323,35,11,1,5.00,4675.15,0.04,0.03,N,O,1997-08-30,1997-06-25,1997-09-26,NONE,REG AIR,odolites. carefully special ins
52323-2,52323,138,17,2,10.00,10381.30,0.06,0.05,N,O,1997-07-05,1997-06-01,1997-07-26,TAKE BACK RETURN,REG AIR,excuses. furiously special excuses sleep s
52323-3,52323,233,15,3,45.00,50995.35,0.10,0.07,N,O,1997-06-16,1997-07-06,1997-07-06,COLLECT COD,REG AIR,y unusual asymptotes am
52323-4,52323,286,68,4,33.00,39147.24,0.01,0.07,N,O,1997-06-07,1997-06-03,1997-06-15,TAKE BACK RETURN,TRUCK,y along the blithely bold fra
52323-5,52323,811,45,5,8.00,13694.48,0.07,0.04,N,O,1997-08-10,1997-06-19,1997-08-31,DELIVER IN PERSON,SHIP,ess warhorses lose carefully carefu
52323-6,52323,229,57,6,4.00,4516.88,0.05,0.05,N,O,1997-07-18,1997-07-23,1997-08-07,DELIVER IN PERSON,SHIP, hockey players. bold pinto beans play ca
52324-1,52324,1911,12,1,15.00,27193.65,0.10,0.03,A,F,1992-07-05,1992-08-28,1992-08-04,TAKE BACK RETURN,SHIP,he furiously 
52324-2,52324,1702,3,2,39.00,62544.30,0.09,0.08,A,F,1992-07-23,1992-09-17,1992-08-09,DELIVER IN PERSON,REG AIR,tructions. 
52324-3,52324,769,66,3,26.00,43413.76,0.04,0.00,R,F,1992-08-18,1992-09-04,1992-08-23,NONE,TRUCK,blithely regular foxes sleep furiously 
52324-4,52324,1529,10,4,28.00,40054.56,0.07,0.02,A,F,1992-07-19,1992-09-07,1992-07-30,TAKE BACK RETURN,FOB,gular theodolites was doggedly
52324-5,52324,711,76,5,47.00,75750.37,0.03,0.08,A,F,1992-08-18,1992-07-31,1992-08-23,DELIVER IN PERSON,RAIL,otornis detect da
52324-6,52324,1531,52,6,46.00,65896.38,0.07,0.01,A,F,1992-09-16,1992-09-05,1992-10-15,TAKE BACK RETURN,AIR,ounts. furio
52325-1,52325,54,30,1,8.00,7632.40,0.07,0.00,R,F,1992-08-08,1992-10-09,1992-08-18,NONE,TRUCK,yly final foxes. furiously even requ
52325-2,52325,108,35,2,50.00,50405.00,0.07,0.08,A,F,1992-08-23,1992-09-25,1992-09-14,TAKE BACK RETURN,AIR,accounts. carefully re
52325-3,52325,241,96,3,40.00,45649.60,0.07,0.06,R,F,1992-09-29,1992-09-05,1992-10-13,NONE,REG AIR,uickly final requests detect ca
52325-4,52325,442,43,4,37.00,49670.28,0.10,0.00,A,F,1992-08-25,1992-09-26,1992-08-27,COLLECT COD,AIR,nding requests was. furiously special re
52326-1,52326,1152,89,1,6.00,6318.90,0.04,0.05,A,F,1993-10-31,1993-09-08,1993-11-17,COLLECT COD,FOB,bove the furiously regular escapa
52326-2,52326,1046,52,2,17.00,16099.68,0.01,0.02,A,F,1993-11-11,1993-10-05,1993-11-27,DELIVER IN PERSON,RAIL, dependencies. furio
52326-3,52326,1427,67,3,49.00,65092.58,0.04,0.08,A,F,1993-08-23,1993-10-01,1993-08-27,COLLECT COD,TRUCK, slyly expr
52326-4,52326,1171,72,4,2.00,2144.34,0.08,0.05,A,F,1993-10-10,1993-09-06,1993-10-21,COLLECT COD,FOB,d furiously after the quickly 
52326-5,52326,1901,34,5,20.00,36058.00,0.07,0.01,R,F,1993-08-17,1993-09-18,1993-08-29,COLLECT COD,AIR,sly regular theodolites. iro
52326-6,52326,457,16,6,8.00,10859.60,0.07,0.00,R,F,1993-09-05,1993-10-06,1993-09-09,DELIVER IN PERSON,MAIL,equests. fluffily silent accou
52327-1,52327,1087,58,1,1.00,988.08,0.02,0.00,N,O,1996-02-03,1996-02-08,1996-02-18,NONE,FOB,y ironic tithe
52327-2,52327,11,37,2,33.00,30063.33,0.07,0.08,N,O,1996-02-24,1996-02-01,1996-03-02,TAKE BACK RETURN,RAIL,. carefully ironic packages sleep fluffily
52327-3,52327,772,69,3,35.00,58546.95,0.04,0.00,N,O,1996-03-16,1996-02-01,1996-03-21,DELIVER IN PERSON,REG AIR, nag quickly about the fu
52327-4,52327,1600,81,4,26.00,39041.60,0.08,0.04,N,O,1996-01-30,1996-03-11,1996-02-08,TAKE BACK RETURN,SHIP,eposits cajole carefully.
52327-5,52327,1425,65,5,13.00,17243.46,0.10,0.08,N,O,1996-02-26,1996-03-12,1996-03-18,NONE,RAIL,regular asymptotes boo
52327-6,52327,1995,28,6,7.00,13278.93,0.04,0.04,N,O,1996-02-05,1996-01-27,1996-02-20,TAKE BACK RETURN,RAIL,g accounts. carefully iron
52327-7,52327,1936,25,7,32.00,58813.76,0.03,0.01,N,O,1996-03-01,1996-01-25,1996-03-09,COLLECT COD,REG AIR,cajole furiously about the carefully s
52352-1,52352,773,6,1,37.00,61929.49,0.03,0.08,N,O,1997-06-13,1997-04-09,1997-07-02,DELIVER IN PERSON,SHIP," the bold, regul"
52352-2,52352,555,86,2,1.00,1455.55,0.00,0.07,N,O,1997-05-31,1997-05-09,1997-06-17,COLLECT COD,SHIP,nt excuses. carefully silent foxe
52352-3,52352,350,35,3,18.00,22506.30,0.00,0.05,N,O,1997-03-22,1997-04-29,1997-04-13,COLLECT COD,REG AIR,he slyly bold pinto beans: ironic 
52352-4,52352,111,64,4,32.00,32355.52,0.10,0.04,N,O,1997-04-20,1997-03-28,1997-05-08,TAKE BACK RETURN,RAIL,ular accou
52352-5,52352,1457,36,5,5.00,6792.25,0.03,0.00,N,O,1997-05-03,1997-03-29,1997-05-22,DELIVER IN PERSON,AIR,ing accounts should c
52352-6,52352,1316,17,6,43.00,52344.33,0.05,0.03,N,O,1997-03-02,1997-03-27,1997-03-09,TAKE BACK RETURN,FOB, ironic Tiresias around the blithel
52353-1,52353,1442,21,1,5.00,6717.20,0.03,0.02,N,O,1997-02-25,1997-02-10,1997-03-11,COLLECT COD,REG AIR,ly final platelets? s
52353-2,52353,1456,96,2,5.00,6787.25,0.00,0.03,N,O,1997-03-14,1997-02-23,1997-03-25,NONE,TRUCK,ts wake ca
52353-3,52353,1608,9,3,20.00,30192.00,0.03,0.08,N,O,1997-03-20,1997-03-16,1997-03-26,NONE,SHIP,unusual pinto beans impress bl
52354-1,52354,1419,37,1,45.00,59418.45,0.08,0.01,A,F,1992-08-27,1992-10-11,1992-09-06,COLLECT COD,SHIP,l packages are after the
52354-2,52354,1649,91,2,31.00,48069.84,0.02,0.08,A,F,1992-10-13,1992-09-27,1992-10-24,TAKE BACK RETURN,REG AIR,l pinto beans un
52355-1,52355,1154,91,1,47.00,49592.05,0.05,0.00,N,O,1997-07-22,1997-08-20,1997-08-11,DELIVER IN PERSON,FOB,ove the blithely express ideas sleep ac
52355-2,52355,1747,90,2,18.00,29677.32,0.00,0.02,N,O,1997-09-07,1997-07-31,1997-09-27,COLLECT COD,MAIL,fily bold hockey players nod blithely above
52355-3,52355,1787,14,3,25.00,42219.50,0.10,0.02,N,O,1997-07-02,1997-08-02,1997-07-15,DELIVER IN PERSON,TRUCK,g pinto beans haggle carefully. fluffily
52355-4,52355,1797,98,4,49.00,83240.71,0.10,0.02,N,O,1997-06-28,1997-07-12,1997-07-14,COLLECT COD,RAIL,ckly special asymptotes. pendin
52355-5,52355,1342,43,5,7.00,8703.38,0.09,0.00,N,O,1997-06-18,1997-09-04,1997-07-01,NONE,SHIP,"al, final requests. "
52356-1,52356,12,13,1,18.00,16416.18,0.06,0.05,N,O,1998-01-27,1998-03-14,1998-02-11,COLLECT COD,REG AIR,ole blithely slyly ironic somas. silen
52356-2,52356,1310,25,2,17.00,20592.27,0.03,0.06,N,O,1998-01-13,1998-03-07,1998-02-05,NONE,MAIL,riously regu
52356-3,52356,537,38,3,39.00,56063.67,0.10,0.02,N,O,1998-02-16,1998-01-23,1998-03-13,TAKE BACK RETURN,FOB, decoys. regular deposits wake carefull
52356-4,52356,1889,19,4,22.00,39399.36,0.06,0.07,N,O,1998-02-10,1998-02-17,1998-02-21,DELIVER IN PERSON,TRUCK,"ites. regular, even frets boost carefull"
52357-1,52357,849,16,1,33.00,57744.72,0.07,0.06,R,F,1994-10-05,1994-11-22,1994-10-14,COLLECT COD,MAIL, instructions. iro
52357-2,52357,425,84,2,32.00,42413.44,0.06,0.01,A,F,1994-09-25,1994-10-07,1994-10-05,TAKE BACK RETURN,AIR, regular requests sleep slyly. eve
52357-3,52357,1022,93,3,9.00,8307.18,0.00,0.01,R,F,1994-10-09,1994-11-02,1994-10-23,TAKE BACK RETURN,TRUCK,"e unusual, final dolphins. furiously ev"
52357-4,52357,816,17,4,26.00,44637.06,0.01,0.04,R,F,1994-11-19,1994-10-10,1994-12-01,NONE,TRUCK,"t requests. even, regular platelets "
52358-1,52358,1450,29,1,10.00,13514.50,0.05,0.07,N,O,1997-02-25,1997-02-25,1997-03-05,COLLECT COD,REG AIR,efully. instructions affix slyly special ac
52358-2,52358,1417,96,2,1.00,1318.41,0.07,0.00,N,O,1997-03-21,1997-02-24,1997-03-23,COLLECT COD,REG AIR,"usly bold frays are blithely. quick, spec"
52359-1,52359,674,75,1,12.00,18896.04,0.08,0.01,N,O,1998-08-23,1998-08-06,1998-09-07,DELIVER IN PERSON,RAIL,furiously regular
52359-2,52359,1699,41,2,24.00,38416.56,0.02,0.02,N,O,1998-09-01,1998-07-28,1998-09-17,DELIVER IN PERSON,MAIL,he furiously ironic foxes integrate a
52359-3,52359,166,19,3,6.00,6396.96,0.00,0.02,N,O,1998-07-12,1998-08-20,1998-08-06,COLLECT COD,FOB,thely against the slyly b
52359-4,52359,898,98,4,13.00,23385.57,0.04,0.02,N,O,1998-07-13,1998-08-25,1998-08-08,DELIVER IN PERSON,SHIP,usly pending patte
52384-1,52384,1272,73,1,13.00,15252.51,0.07,0.02,N,O,1998-06-03,1998-07-26,1998-07-02,DELIVER IN PERSON,RAIL,ounts boost quickly flu
52384-2,52384,1635,77,2,3.00,4609.89,0.09,0.04,N,O,1998-08-30,1998-08-10,1998-09-16,TAKE BACK RETURN,AIR,he fluffily silent requests. c
52384-3,52384,1350,27,3,3.00,3754.05,0.05,0.06,N,O,1998-06-20,1998-07-23,1998-06-28,COLLECT COD,MAIL,ges sleep against
52384-4,52384,1624,25,4,27.00,41191.74,0.04,0.06,N,O,1998-09-09,1998-06-27,1998-09-22,COLLECT COD,RAIL,hely final theodolites are furiously re
52384-5,52384,165,66,5,34.00,36215.44,0.09,0.06,N,O,1998-08-12,1998-07-18,1998-08-19,COLLECT COD,REG AIR,ng the carefully express
52384-6,52384,1457,97,6,16.00,21735.20,0.04,0.08,N,O,1998-05-29,1998-07-07,1998-06-20,DELIVER IN PERSON,REG AIR,d instructions after the slyly unus
52385-1,52385,447,48,1,29.00,39075.76,0.05,0.03,A,F,1994-01-12,1994-02-16,1994-01-29,DELIVER IN PERSON,AIR,fily final foxes. packages about the boldly
52385-2,52385,1480,20,2,28.00,38681.44,0.01,0.06,R,F,1994-01-20,1994-03-23,1994-02-07,COLLECT COD,FOB,s. express deposits cajole. accounts
52385-3,52385,1489,68,3,34.00,47276.32,0.05,0.07,A,F,1994-04-07,1994-02-17,1994-04-14,COLLECT COD,AIR,re. ironic
52385-4,52385,1209,84,4,16.00,17763.20,0.09,0.07,R,F,1994-04-27,1994-02-02,1994-05-07,NONE,REG AIR,. furiously p
52386-1,52386,956,91,1,19.00,35282.05,0.05,0.00,A,F,1994-02-14,1994-03-28,1994-03-04,DELIVER IN PERSON,MAIL,ounts. slyly ironic instruc
52386-2,52386,1555,96,2,3.00,4369.65,0.02,0.02,A,F,1994-03-12,1994-03-31,1994-03-14,NONE,FOB,ans sleep furiously against the c
52386-3,52386,185,64,3,15.00,16277.70,0.05,0.07,R,F,1994-04-11,1994-02-10,1994-04-14,TAKE BACK RETURN,REG AIR,across the carefully sly att
52386-4,52386,372,57,4,46.00,58529.02,0.06,0.06,A,F,1994-05-03,1994-04-04,1994-05-25,NONE,RAIL,le. even accounts are carefully bold pa
52386-5,52386,957,26,5,30.00,55738.50,0.03,0.03,A,F,1994-02-15,1994-02-16,1994-03-03,COLLECT COD,RAIL,kly express packages ought to boost
52387-1,52387,1821,22,1,30.00,51684.60,0.03,0.04,N,O,1997-01-02,1996-12-06,1997-01-21,NONE,AIR,special accounts. qui
52387-2,52387,1525,66,2,42.00,59913.84,0.05,0.03,N,O,1997-01-09,1996-11-24,1997-01-18,DELIVER IN PERSON,RAIL, fluffily even r
52387-3,52387,396,97,3,4.00,5185.56,0.09,0.05,N,O,1996-09-23,1996-11-20,1996-09-24,NONE,MAIL, integrate blithely along the furio
52387-4,52387,831,31,4,48.00,83127.84,0.03,0.06,N,O,1996-11-04,1996-11-14,1996-11-05,NONE,RAIL,as haggle slyly fluffily even hockey playe
52388-1,52388,1229,67,1,9.00,10171.98,0.05,0.00,N,O,1996-05-28,1996-06-08,1996-05-29,DELIVER IN PERSON,MAIL,ly even excuses cajole fluffily quickl
52388-2,52388,1136,37,2,5.00,5185.65,0.08,0.03,N,O,1996-06-14,1996-05-18,1996-06-30,TAKE BACK RETURN,REG AIR,blithely r
52388-3,52388,935,38,3,33.00,60585.69,0.07,0.06,N,O,1996-04-22,1996-05-28,1996-05-06,NONE,SHIP,uests integrate quickly-- dugouts at 
52388-4,52388,1533,74,4,35.00,50208.55,0.02,0.07,N,O,1996-05-01,1996-05-05,1996-05-19,COLLECT COD,TRUCK,press instructions believe carefully quickl
52388-5,52388,1933,22,5,18.00,33028.74,0.09,0.02,N,O,1996-06-23,1996-05-07,1996-07-01,COLLECT COD,REG AIR,"t theodolites. pending, regul"
52388-6,52388,78,4,6,35.00,34232.45,0.04,0.03,N,O,1996-04-23,1996-04-23,1996-04-30,NONE,RAIL, final epitaphs. carefully e
52389-1,52389,941,76,1,47.00,86571.18,0.06,0.01,N,O,1996-02-09,1995-12-14,1996-02-20,NONE,FOB,sly final packages are fur
52389-2,52389,318,3,2,49.00,59697.19,0.10,0.04,N,O,1995-12-23,1996-01-08,1995-12-27,DELIVER IN PERSON,AIR,packages cajole furiously even pearls.
52389-3,52389,1908,97,3,19.00,34388.10,0.01,0.02,N,O,1996-02-09,1995-12-05,1996-03-03,NONE,AIR,y regular requests sleep
52389-4,52389,1806,36,4,43.00,73435.40,0.06,0.03,N,O,1996-01-26,1996-01-03,1996-02-12,NONE,TRUCK,quickly bold ideas. quickly special package
52390-1,52390,1509,30,1,28.00,39494.00,0.03,0.01,N,O,1997-03-16,1997-01-09,1997-03-17,DELIVER IN PERSON,SHIP,around the reg
52390-2,52390,1044,15,2,14.00,13230.56,0.08,0.05,N,O,1997-02-12,1996-12-20,1997-03-03,NONE,TRUCK, fluffily according to the
52390-3,52390,1497,98,3,21.00,29368.29,0.00,0.04,N,O,1997-03-15,1997-01-29,1997-03-22,DELIVER IN PERSON,FOB,hlessly bold ideas. furious
52390-4,52390,885,52,4,17.00,30359.96,0.02,0.04,N,O,1997-01-11,1997-01-07,1997-01-28,NONE,TRUCK,cording to the slo
52391-1,52391,1386,1,1,30.00,38621.40,0.09,0.03,A,F,1995-03-11,1995-01-20,1995-03-31,TAKE BACK RETURN,TRUCK,g furiously above the furiously silent ins
52391-2,52391,375,4,2,22.00,28058.14,0.03,0.02,R,F,1995-02-10,1995-01-17,1995-03-03,TAKE BACK RETURN,RAIL,lithely ironic 
52391-3,52391,1052,53,3,16.00,15248.80,0.08,0.05,A,F,1995-01-14,1995-03-11,1995-01-22,COLLECT COD,REG AIR,e the furiously regular deposits; slyly bol
52391-4,52391,648,49,4,12.00,18583.68,0.06,0.04,A,F,1995-03-29,1995-02-19,1995-04-26,NONE,REG AIR,"ers are after the ironic, r"
52391-5,52391,1528,9,5,2.00,2859.04,0.10,0.04,R,F,1995-01-08,1995-02-12,1995-01-19,COLLECT COD,REG AIR,fter the blithely final reques
52416-1,52416,1172,9,1,2.00,2146.34,0.08,0.04,A,F,1994-05-25,1994-04-01,1994-06-18,TAKE BACK RETURN,FOB,ronic requests sublate regular 
52416-2,52416,1046,17,2,39.00,36934.56,0.05,0.07,A,F,1994-05-05,1994-03-28,1994-06-04,NONE,RAIL, to the theodolites. pending foxes cajole s
52416-3,52416,150,29,3,13.00,13651.95,0.01,0.04,R,F,1994-05-05,1994-04-04,1994-05-17,NONE,FOB, pinto beans
52416-4,52416,1361,38,4,4.00,5049.44,0.05,0.04,A,F,1994-05-28,1994-03-13,1994-06-08,COLLECT COD,RAIL,ely about 
52416-5,52416,1247,59,5,23.00,26409.52,0.09,0.07,R,F,1994-04-16,1994-04-14,1994-04-26,COLLECT COD,MAIL,g furiously finally final excuses. carefu
52417-1,52417,203,31,1,13.00,14341.60,0.03,0.03,N,O,1996-01-24,1996-03-10,1996-02-01,COLLECT COD,FOB,"regular, unusual packages. regula"
52417-2,52417,1458,98,2,8.00,10875.60,0.07,0.02,N,O,1996-01-17,1996-03-18,1996-02-05,NONE,MAIL,s dependenc
52417-3,52417,343,28,3,8.00,9946.72,0.08,0.00,N,O,1996-02-22,1996-02-17,1996-03-13,DELIVER IN PERSON,SHIP,ts detect after the st
52418-1,52418,1172,73,1,50.00,53658.50,0.04,0.04,N,O,1998-09-01,1998-08-22,1998-09-09,TAKE BACK RETURN,RAIL, foxes haggle carefully a
52419-1,52419,393,50,1,11.00,14227.29,0.09,0.04,R,F,1992-10-28,1992-11-07,1992-11-25,COLLECT COD,AIR,ackages. furiously ev
52419-2,52419,1765,66,2,33.00,55003.08,0.07,0.05,A,F,1992-11-30,1992-12-07,1992-12-26,COLLECT COD,TRUCK,carefully silent accounts are doggedly. fu
52419-3,52419,784,17,3,42.00,70760.76,0.02,0.07,R,F,1992-12-15,1992-12-08,1992-12-31,NONE,FOB,"t regular packages-- regular, final"
52420-1,52420,956,59,1,35.00,64993.25,0.00,0.07,N,O,1998-05-23,1998-07-27,1998-06-17,DELIVER IN PERSON,REG AIR,ickly accord
52420-2,52420,1769,70,2,37.00,61818.12,0.06,0.05,N,O,1998-05-27,1998-06-05,1998-06-05,COLLECT COD,FOB,s haggle furiously among the furious
52420-3,52420,384,13,3,27.00,34678.26,0.07,0.04,N,O,1998-05-11,1998-07-08,1998-05-21,COLLECT COD,REG AIR,s are. furiously regular requ
52420-4,52420,539,70,4,36.00,51823.08,0.06,0.07,N,O,1998-06-18,1998-07-24,1998-07-04,DELIVER IN PERSON,MAIL,"y unusual packages use pending, bold ide"
52420-5,52420,659,91,5,25.00,38991.25,0.04,0.06,N,O,1998-07-19,1998-07-09,1998-08-06,TAKE BACK RETURN,REG AIR,nst the carefully special ac
52420-6,52420,1073,9,6,5.00,4870.35,0.08,0.02,N,O,1998-08-08,1998-07-25,1998-08-11,TAKE BACK RETURN,TRUCK,ructions according to the slyl
52420-7,52420,847,47,7,49.00,85644.16,0.00,0.04,N,O,1998-05-28,1998-06-07,1998-06-18,NONE,SHIP,the fluffily pending platelets wake after
52421-1,52421,84,85,1,22.00,21649.76,0.03,0.02,N,O,1996-06-13,1996-04-22,1996-07-05,COLLECT COD,MAIL,atelets affix carefully requests
52421-2,52421,849,50,2,20.00,34996.80,0.10,0.05,N,O,1996-07-13,1996-04-13,1996-07-20,NONE,TRUCK,ular theodolites are after t
52422-1,52422,1195,32,1,17.00,18635.23,0.05,0.01,N,O,1997-05-09,1997-05-26,1997-06-03,COLLECT COD,FOB,ly final ideas until the regu
52423-1,52423,1878,8,1,16.00,28477.92,0.08,0.08,N,O,1995-08-10,1995-06-11,1995-08-26,DELIVER IN PERSON,FOB,al hockey players. stealthy ideas boost 
52423-2,52423,703,36,2,40.00,64148.00,0.00,0.07,N,O,1995-07-18,1995-06-25,1995-07-21,NONE,TRUCK,nts according to t
52423-3,52423,1154,91,3,48.00,50647.20,0.00,0.01,A,F,1995-05-10,1995-06-11,1995-05-12,TAKE BACK RETURN,RAIL,y pending courts cajole busily across 
52423-4,52423,1264,65,4,38.00,44279.88,0.01,0.03,R,F,1995-04-13,1995-05-18,1995-04-21,COLLECT COD,FOB,cross the foxes. slyly regula
52423-5,52423,1575,16,5,7.00,10335.99,0.01,0.05,R,F,1995-06-02,1995-06-19,1995-06-14,COLLECT COD,FOB, bold deposits was 
52423-6,52423,1873,60,6,18.00,31947.66,0.05,0.00,R,F,1995-04-27,1995-06-04,1995-05-10,NONE,RAIL,ily final p
52448-1,52448,28,29,1,35.00,32480.70,0.01,0.06,R,F,1993-10-22,1993-12-01,1993-11-07,COLLECT COD,REG AIR,lyly final instructions use among the q
52448-2,52448,1438,17,2,4.00,5357.72,0.05,0.06,R,F,1993-11-17,1993-11-22,1993-11-22,DELIVER IN PERSON,AIR,sleep among the regular package
52448-3,52448,499,100,3,12.00,16793.88,0.00,0.08,R,F,1993-11-02,1993-11-17,1993-12-02,COLLECT COD,TRUCK,ular reque
52448-4,52448,1903,48,4,28.00,50537.20,0.09,0.08,A,F,1993-12-08,1993-11-05,1993-12-20,NONE,FOB, packages shall have to boost ab
52448-5,52448,103,30,5,23.00,23071.30,0.03,0.00,A,F,1993-09-19,1993-10-26,1993-09-30,DELIVER IN PERSON,TRUCK,he furiously express foxe
52448-6,52448,573,74,6,20.00,29471.40,0.07,0.03,A,F,1993-09-30,1993-12-02,1993-10-03,TAKE BACK RETURN,MAIL,s are quickly final accounts. carefully f
52449-1,52449,646,40,1,25.00,38666.00,0.01,0.01,N,O,1997-08-25,1997-07-12,1997-08-30,DELIVER IN PERSON,FOB,"ke slyly according to the ironic, "
52449-2,52449,1242,80,2,47.00,53732.28,0.06,0.01,N,O,1997-08-04,1997-06-23,1997-08-09,DELIVER IN PERSON,MAIL,g to the daring ide
52450-1,52450,893,94,1,40.00,71755.60,0.04,0.00,N,O,1997-01-17,1997-02-26,1997-02-14,COLLECT COD,MAIL,al dolphins sleep. deposit
52451-1,52451,35,36,1,43.00,40206.29,0.03,0.08,N,O,1996-11-17,1996-12-08,1996-12-05,DELIVER IN PERSON,SHIP,posits alongside of the caref
52451-2,52451,135,36,2,39.00,40370.07,0.01,0.06,N,O,1996-11-13,1996-11-23,1996-11-17,DELIVER IN PERSON,RAIL,ns haggle final pinto beans. d
52451-3,52451,984,53,3,10.00,18849.80,0.10,0.04,N,O,1996-12-27,1996-12-14,1997-01-25,COLLECT COD,RAIL,r packages unwind sl
52451-4,52451,357,14,4,40.00,50294.00,0.03,0.03,N,O,1996-11-08,1996-12-08,1996-11-29,COLLECT COD,SHIP,ns. furiously i
52452-1,52452,1728,29,1,17.00,27705.24,0.02,0.08,A,F,1994-03-12,1994-01-11,1994-03-26,NONE,MAIL, carefully regul
52452-2,52452,173,52,2,45.00,48292.65,0.04,0.06,R,F,1994-03-11,1994-01-12,1994-04-04,NONE,MAIL,"e even, fluffy depen"
52452-3,52452,1091,97,3,26.00,25794.34,0.10,0.02,A,F,1994-02-18,1994-01-30,1994-03-09,NONE,AIR,ccounts about the requests wake busily 
52452-4,52452,1995,84,4,32.00,60703.68,0.08,0.01,R,F,1994-02-18,1994-02-08,1994-02-22,DELIVER IN PERSON,SHIP,quickly even foxes cajole slyly. blithel
52453-1,52453,161,40,1,1.00,1061.16,0.05,0.01,R,F,1994-04-01,1994-03-28,1994-04-27,NONE,AIR,lyly regular f
52453-2,52453,1717,44,2,45.00,72841.95,0.06,0.01,A,F,1994-05-18,1994-02-24,1994-06-13,NONE,SHIP,althily special pinto beans. carefu
52453-3,52453,24,75,3,10.00,9240.20,0.05,0.01,A,F,1994-01-26,1994-04-07,1994-01-30,COLLECT COD,AIR,kages haggle 
52453-4,52453,1567,88,4,5.00,7342.80,0.02,0.05,A,F,1994-02-10,1994-04-06,1994-03-01,NONE,AIR, carefully alongside of the busy pac
52454-1,52454,1537,18,1,26.00,37401.78,0.03,0.04,N,O,1997-04-04,1997-04-10,1997-04-28,DELIVER IN PERSON,FOB,ious theodolites. re
52454-2,52454,796,61,2,19.00,32239.01,0.08,0.05,N,O,1997-06-05,1997-05-03,1997-06-08,NONE,FOB,after the thinly final requests poach qu
52454-3,52454,819,86,3,24.00,41275.44,0.07,0.01,N,O,1997-03-17,1997-04-15,1997-04-04,NONE,REG AIR,"ptotes. ironic, unusua"
52454-4,52454,1101,38,4,42.00,42088.20,0.10,0.06,N,O,1997-04-30,1997-05-02,1997-05-10,TAKE BACK RETURN,MAIL,y bold theodolites sleep among the
52454-5,52454,819,19,5,6.00,10318.86,0.06,0.02,N,O,1997-06-12,1997-04-21,1997-07-08,TAKE BACK RETURN,MAIL,ts use furiously even at
52454-6,52454,1194,3,6,22.00,24094.18,0.09,0.00,N,O,1997-05-04,1997-04-24,1997-05-07,TAKE BACK RETURN,SHIP,uriously pe
52454-7,52454,68,69,7,2.00,1936.12,0.03,0.03,N,O,1997-06-04,1997-05-05,1997-06-16,COLLECT COD,SHIP,s play. slyly regular pinto beans wake qui
52455-1,52455,139,18,1,23.00,23899.99,0.01,0.01,R,F,1994-01-30,1994-02-04,1994-02-28,NONE,TRUCK, blithely silent accounts along the fu
52455-2,52455,907,10,2,29.00,52429.10,0.06,0.00,A,F,1993-12-04,1993-12-31,1994-01-02,DELIVER IN PERSON,SHIP,ly. quickly
52480-1,52480,1561,62,1,45.00,65815.20,0.01,0.01,R,F,1993-10-31,1993-09-21,1993-11-07,NONE,FOB, ironic accounts 
52480-2,52480,1642,43,2,47.00,72551.08,0.05,0.03,A,F,1993-11-08,1993-10-15,1993-11-16,DELIVER IN PERSON,TRUCK,the final pinto beans haggle furiously abou
52480-3,52480,723,56,3,49.00,79562.28,0.08,0.02,R,F,1993-08-02,1993-08-27,1993-08-03,COLLECT COD,FOB, pinto beans abov
52480-4,52480,1905,6,4,38.00,68662.20,0.06,0.05,R,F,1993-09-30,1993-09-26,1993-10-18,DELIVER IN PERSON,RAIL,ckly regular requests. quickly
52480-5,52480,541,2,5,48.00,69193.92,0.04,0.08,R,F,1993-11-18,1993-09-06,1993-12-05,TAKE BACK RETURN,AIR,quickly according to the s
52480-6,52480,1640,64,6,29.00,44707.56,0.03,0.04,R,F,1993-10-02,1993-09-24,1993-10-26,TAKE BACK RETURN,FOB,e of the carefully ir
52480-7,52480,1607,31,7,5.00,7543.00,0.02,0.00,A,F,1993-08-30,1993-09-23,1993-09-04,DELIVER IN PERSON,MAIL,jole on the blith
52481-1,52481,1444,23,1,47.00,63235.68,0.02,0.06,N,O,1997-11-11,1997-11-26,1997-11-14,NONE,TRUCK,ages haggle. carefully re
52481-2,52481,861,28,2,41.00,72236.26,0.06,0.01,N,O,1997-10-10,1997-10-30,1997-10-18,COLLECT COD,RAIL," sly, final packag"
52482-1,52482,1607,31,1,1.00,1508.60,0.02,0.06,A,F,1995-04-19,1995-04-13,1995-05-03,TAKE BACK RETURN,AIR,ggle furiously b
52482-2,52482,1524,65,2,44.00,62722.88,0.05,0.05,A,F,1995-02-23,1995-04-23,1995-02-26,COLLECT COD,FOB,lly unusual foxes. quickly ironic pac
52482-3,52482,1821,65,3,10.00,17228.20,0.01,0.05,R,F,1995-02-15,1995-03-21,1995-02-16,TAKE BACK RETURN,AIR,ages! ironic 
52482-4,52482,1676,77,4,28.00,44174.76,0.09,0.03,A,F,1995-02-15,1995-04-15,1995-03-06,DELIVER IN PERSON,SHIP,s sleep furiously. blithely unusual warth
52482-5,52482,1376,77,5,5.00,6386.85,0.04,0.01,A,F,1995-05-15,1995-03-03,1995-06-07,DELIVER IN PERSON,SHIP,lyly whithout the unusual packages. fu
52482-6,52482,932,35,6,17.00,31159.81,0.08,0.01,R,F,1995-04-10,1995-03-13,1995-05-01,DELIVER IN PERSON,RAIL,ully final waters shou
52482-7,52482,1289,64,7,5.00,5951.40,0.03,0.01,R,F,1995-05-04,1995-04-22,1995-05-23,COLLECT COD,FOB,ly unusual packages around the
52483-1,52483,1875,5,1,19.00,33760.53,0.04,0.07,N,O,1997-11-05,1997-11-17,1997-11-28,NONE,MAIL,ages cajole bl
52483-2,52483,385,70,2,7.00,8997.66,0.10,0.07,N,O,1997-12-01,1997-11-10,1997-12-12,TAKE BACK RETURN,REG AIR,requests against the 
52483-3,52483,993,96,3,46.00,87123.54,0.07,0.05,N,O,1998-01-23,1997-11-12,1998-02-15,TAKE BACK RETURN,RAIL, ideas impress aroun
52483-4,52483,1029,30,4,39.00,36270.78,0.00,0.01,N,O,1997-12-11,1997-11-03,1997-12-23,COLLECT COD,FOB,ckly idle deposits. ironic deposits nag fu
52484-1,52484,408,9,1,20.00,26168.00,0.01,0.01,N,O,1996-07-14,1996-06-22,1996-08-13,COLLECT COD,AIR,. instructions are
52484-2,52484,1562,83,2,48.00,70250.88,0.05,0.08,N,O,1996-08-25,1996-07-11,1996-09-17,COLLECT COD,FOB,e along the silent deposits. regular 
52484-3,52484,1132,41,3,25.00,25828.25,0.03,0.05,N,O,1996-05-28,1996-08-06,1996-06-20,NONE,REG AIR,integrate fluffily! furiously 
52484-4,52484,1961,94,4,35.00,65203.60,0.05,0.08,N,O,1996-05-29,1996-06-30,1996-06-27,COLLECT COD,SHIP,ely final attainm
52484-5,52484,283,11,5,16.00,18932.48,0.07,0.00,N,O,1996-06-10,1996-08-11,1996-07-01,COLLECT COD,FOB,sly among the r
52485-1,52485,1479,19,1,13.00,17946.11,0.10,0.01,N,O,1996-06-30,1996-06-01,1996-07-03,COLLECT COD,TRUCK,ckages? quickly special pinto b
52485-2,52485,182,35,2,24.00,25972.32,0.08,0.05,N,O,1996-06-03,1996-06-16,1996-06-26,COLLECT COD,FOB,l waters subl
52485-3,52485,877,44,3,10.00,17778.70,0.02,0.04,N,O,1996-07-15,1996-05-15,1996-07-20,TAKE BACK RETURN,SHIP,grate quickly fluffily bol
52485-4,52485,1500,79,4,31.00,43446.50,0.06,0.08,N,O,1996-04-22,1996-05-27,1996-05-15,DELIVER IN PERSON,RAIL, are carefully above the fluff
52485-5,52485,1581,2,5,12.00,17790.96,0.03,0.04,N,O,1996-05-18,1996-05-15,1996-06-17,COLLECT COD,AIR,ully across the accounts. slyly final 
52485-6,52485,721,54,6,13.00,21082.36,0.06,0.03,N,O,1996-06-29,1996-06-02,1996-07-16,DELIVER IN PERSON,RAIL, haggle slyly un
52485-7,52485,1610,93,7,45.00,68022.45,0.01,0.01,N,O,1996-05-29,1996-05-28,1996-06-15,COLLECT COD,AIR,s according to the carefully even re
52486-1,52486,1753,54,1,30.00,49642.50,0.00,0.07,A,F,1995-04-18,1995-02-18,1995-04-20,COLLECT COD,FOB,st slyly against the carefull
52486-2,52486,188,89,2,44.00,47879.92,0.03,0.01,A,F,1995-01-06,1995-03-04,1995-02-04,DELIVER IN PERSON,FOB,y finally even deposits. blithely even pack
52486-3,52486,499,100,3,23.00,32188.27,0.09,0.05,A,F,1995-03-28,1995-02-11,1995-04-07,TAKE BACK RETURN,RAIL,"usly silent packages hinder bold, even do"
52486-4,52486,915,18,4,44.00,79900.04,0.07,0.02,R,F,1995-04-26,1995-02-27,1995-05-22,COLLECT COD,FOB, bold requests. qu
52486-5,52486,275,76,5,50.00,58763.50,0.00,0.00,A,F,1995-02-07,1995-03-18,1995-02-16,TAKE BACK RETURN,SHIP,e carefully pen
52486-6,52486,92,93,6,13.00,12897.17,0.09,0.04,A,F,1995-03-13,1995-03-14,1995-03-16,NONE,TRUCK,t the courts. carefully special frets doze 
52487-1,52487,1845,89,1,35.00,61139.40,0.05,0.01,R,F,1994-08-17,1994-07-03,1994-09-07,COLLECT COD,REG AIR,al deposits cajole fluff
52487-2,52487,1022,28,2,27.00,24921.54,0.00,0.07,R,F,1994-06-04,1994-07-15,1994-06-12,DELIVER IN PERSON,TRUCK,lithely. furiou
52487-3,52487,1603,4,3,41.00,61688.60,0.07,0.00,R,F,1994-09-19,1994-08-18,1994-09-27,TAKE BACK RETURN,AIR, sublate slyly against the slyly e
52487-4,52487,1637,20,4,18.00,27695.34,0.10,0.01,R,F,1994-08-06,1994-07-03,1994-08-11,NONE,AIR,lar deposits. fluffily iro
52487-5,52487,1728,29,5,49.00,79856.28,0.08,0.04,R,F,1994-09-14,1994-07-28,1994-10-14,NONE,MAIL,y ironic accounts boos
52512-1,52512,1053,24,1,49.00,46748.45,0.04,0.00,N,O,1995-09-08,1995-08-24,1995-09-11,DELIVER IN PERSON,TRUCK,egular foxes. furiously s
52512-2,52512,260,42,2,25.00,29006.50,0.10,0.04,N,O,1995-08-17,1995-09-08,1995-08-30,DELIVER IN PERSON,TRUCK,iously special accounts haggle af
52512-3,52512,601,95,3,21.00,31533.60,0.06,0.06,N,O,1995-09-25,1995-08-18,1995-10-10,TAKE BACK RETURN,AIR,ccounts haggle carefully a
52512-4,52512,1058,29,4,35.00,33566.75,0.04,0.05,N,O,1995-08-19,1995-08-26,1995-08-22,COLLECT COD,MAIL,ng epitaphs maintain car
52512-5,52512,822,89,5,32.00,55130.24,0.08,0.00,N,O,1995-08-04,1995-09-18,1995-08-15,COLLECT COD,SHIP,unts wake furiously regular ac
52512-6,52512,440,70,6,27.00,36191.88,0.06,0.02,N,O,1995-07-28,1995-09-25,1995-08-22,TAKE BACK RETURN,SHIP,"regular, bold accounts integr"
52512-7,52512,443,31,7,27.00,36272.88,0.08,0.04,N,O,1995-09-21,1995-09-30,1995-10-11,TAKE BACK RETURN,RAIL,unts integrate enticingly. regular exc
52513-1,52513,967,36,1,39.00,72850.44,0.07,0.04,N,O,1996-12-11,1996-12-10,1996-12-15,COLLECT COD,SHIP,y even dolphins. fina
52513-2,52513,835,36,2,5.00,8679.15,0.04,0.02,N,O,1997-02-01,1996-12-19,1997-02-17,DELIVER IN PERSON,MAIL, final accounts of the quickly ir
52513-3,52513,593,94,3,22.00,32858.98,0.07,0.07,N,O,1996-10-28,1997-01-11,1996-11-10,COLLECT COD,MAIL, are within the slyly final account
52513-4,52513,376,77,4,8.00,10210.96,0.09,0.02,N,O,1996-10-30,1996-12-20,1996-11-06,DELIVER IN PERSON,REG AIR,le furiously blithely i
52513-5,52513,969,70,5,48.00,89758.08,0.04,0.08,N,O,1997-02-06,1996-12-25,1997-03-08,NONE,AIR,quests cajole? final deposits shall boost 
52514-1,52514,76,27,1,1.00,976.07,0.07,0.07,N,O,1997-09-12,1997-07-05,1997-09-17,DELIVER IN PERSON,FOB,al accounts. ironic packages must have to w
52514-2,52514,905,40,2,17.00,30700.30,0.01,0.02,N,O,1997-08-02,1997-07-06,1997-08-04,TAKE BACK RETURN,SHIP,; ideas are blithely carefully
52514-3,52514,157,36,3,48.00,50743.20,0.09,0.03,N,O,1997-08-04,1997-08-03,1997-08-06,COLLECT COD,RAIL,al dependenc
52514-4,52514,1001,37,4,39.00,35178.00,0.07,0.05,N,O,1997-08-27,1997-07-18,1997-09-07,COLLECT COD,SHIP,t the slyly regu
52514-5,52514,1107,80,5,20.00,20162.00,0.06,0.01,N,O,1997-07-29,1997-07-12,1997-08-17,NONE,TRUCK,hs wake ironic pearls. accounts alo
52514-6,52514,1203,78,6,22.00,24292.40,0.03,0.05,N,O,1997-09-18,1997-08-23,1997-09-27,COLLECT COD,FOB,careful requests. quickly pending d
52515-1,52515,408,96,1,23.00,30093.20,0.04,0.04,N,O,1997-01-20,1997-03-11,1997-02-05,COLLECT COD,TRUCK, the fluffil
52516-1,52516,1369,8,1,45.00,57166.20,0.06,0.01,R,F,1992-03-21,1992-03-06,1992-04-01,DELIVER IN PERSON,AIR,nding deposits above 
52516-2,52516,269,51,2,1.00,1169.26,0.01,0.08,R,F,1992-03-24,1992-02-20,1992-04-07,COLLECT COD,TRUCK,carefully even accou
52516-3,52516,1634,76,3,48.00,73710.24,0.01,0.05,R,F,1992-02-05,1992-03-24,1992-02-06,DELIVER IN PERSON,SHIP,ts use. carefu
52516-4,52516,1075,76,4,9.00,8784.63,0.03,0.05,A,F,1992-01-12,1992-03-28,1992-01-26,DELIVER IN PERSON,MAIL,tructions! fluffily even instru
52516-5,52516,901,4,5,5.00,9009.50,0.00,0.00,A,F,1992-03-19,1992-03-30,1992-04-08,COLLECT COD,MAIL,s: ironic ideas detect 
52516-6,52516,1561,62,6,8.00,11700.48,0.04,0.04,R,F,1992-03-06,1992-03-29,1992-03-17,DELIVER IN PERSON,RAIL,ckages. ironic 
52517-1,52517,763,60,1,23.00,38266.48,0.06,0.00,A,F,1992-01-30,1992-03-27,1992-02-27,DELIVER IN PERSON,SHIP,kly brave packages wak
52517-2,52517,1681,23,2,41.00,64889.88,0.05,0.01,A,F,1992-03-27,1992-02-25,1992-04-25,NONE,AIR,s accounts. carefully dogged platelets
52517-3,52517,1378,17,3,24.00,30704.88,0.06,0.07,R,F,1992-03-30,1992-02-07,1992-04-16,TAKE BACK RETURN,RAIL,arefully even pe
52518-1,52518,1793,78,1,35.00,59317.65,0.10,0.05,R,F,1992-06-11,1992-06-09,1992-06-24,TAKE BACK RETURN,TRUCK,al requests caj
52518-2,52518,661,93,2,50.00,78083.00,0.01,0.03,A,F,1992-07-14,1992-06-14,1992-08-09,DELIVER IN PERSON,RAIL,"express, special deposits. blithely dogge"
52518-3,52518,777,78,3,48.00,80532.96,0.06,0.08,R,F,1992-07-30,1992-05-22,1992-08-25,TAKE BACK RETURN,AIR,s requests detect slyly about 
52518-4,52518,1507,88,4,33.00,46480.50,0.01,0.04,A,F,1992-04-05,1992-05-26,1992-04-28,NONE,SHIP,iously final dep
52518-5,52518,1038,9,5,47.00,44134.41,0.06,0.05,A,F,1992-05-14,1992-06-21,1992-06-13,DELIVER IN PERSON,SHIP,"t, final packag"
52518-6,52518,1544,85,6,36.00,52039.44,0.05,0.08,R,F,1992-07-22,1992-06-20,1992-08-15,TAKE BACK RETURN,RAIL,o the slyly re
52519-1,52519,508,39,1,9.00,12676.50,0.01,0.08,R,F,1992-07-30,1992-06-27,1992-08-21,COLLECT COD,FOB,egular accounts. accounts mold. asympt
52519-2,52519,1377,92,2,9.00,11505.33,0.06,0.00,R,F,1992-07-16,1992-06-03,1992-08-04,DELIVER IN PERSON,AIR,ly special accounts. deposit
52519-3,52519,392,49,3,37.00,47818.43,0.10,0.03,A,F,1992-08-19,1992-06-20,1992-09-10,DELIVER IN PERSON,AIR, after the blithely regular pinto
52519-4,52519,1334,11,4,32.00,39530.56,0.05,0.02,A,F,1992-08-25,1992-07-06,1992-09-04,TAKE BACK RETURN,REG AIR,usly silent accounts detect carefully: 
52544-1,52544,386,15,1,37.00,47596.06,0.04,0.08,A,F,1992-05-12,1992-03-11,1992-05-26,TAKE BACK RETURN,REG AIR,blithely. slyly regular excu
52544-2,52544,721,18,2,26.00,42164.72,0.06,0.04,A,F,1992-04-30,1992-05-02,1992-05-06,COLLECT COD,RAIL, regular gifts. quick
52544-3,52544,1419,20,3,19.00,25087.79,0.10,0.08,R,F,1992-05-27,1992-03-12,1992-06-06,DELIVER IN PERSON,MAIL,ts haggle 
52545-1,52545,1487,27,1,46.00,63870.08,0.02,0.08,N,O,1996-05-27,1996-03-28,1996-06-08,COLLECT COD,REG AIR,ctions slee
52545-2,52545,1637,61,2,30.00,46158.90,0.10,0.05,N,O,1996-04-10,1996-05-22,1996-05-03,NONE,RAIL,le carefully ar
52545-3,52545,1874,18,3,11.00,19534.57,0.09,0.03,N,O,1996-04-01,1996-05-03,1996-04-16,DELIVER IN PERSON,REG AIR,express deposits are carefull
52545-4,52545,1140,77,4,43.00,44769.02,0.06,0.02,N,O,1996-05-26,1996-05-07,1996-06-02,NONE,MAIL,fluffily platelets. daring pin
52545-5,52545,1946,47,5,44.00,81309.36,0.08,0.04,N,O,1996-06-11,1996-05-07,1996-06-19,COLLECT COD,REG AIR,nstructions. slyly pending theodolites
52546-1,52546,1914,47,1,15.00,27238.65,0.01,0.00,N,O,1997-07-22,1997-06-04,1997-08-16,NONE,MAIL,sits. boldly final dolphins haggl
52546-2,52546,1324,39,2,24.00,29407.68,0.05,0.08,N,O,1997-07-13,1997-05-19,1997-08-01,DELIVER IN PERSON,MAIL,"inal, pending"
52546-3,52546,771,72,3,17.00,28420.09,0.05,0.08,N,O,1997-04-15,1997-05-26,1997-04-20,DELIVER IN PERSON,REG AIR, blithely. closely darin
52546-4,52546,1834,64,4,8.00,13886.64,0.07,0.04,N,O,1997-05-31,1997-05-22,1997-06-21,NONE,SHIP,ng to the idly bold dolphins. bold p
52546-5,52546,225,26,5,13.00,14627.86,0.10,0.01,N,O,1997-06-14,1997-06-08,1997-07-07,COLLECT COD,RAIL, instructions. carefully express theodolit
52547-1,52547,1538,19,1,46.00,66218.38,0.04,0.08,N,O,1997-01-28,1997-01-31,1997-02-15,COLLECT COD,REG AIR,old requests. carefully special reque
52547-2,52547,1829,30,2,16.00,27693.12,0.09,0.08,N,O,1996-12-26,1997-02-02,1997-01-15,NONE,SHIP,final deposits nag carefully furiously
52547-3,52547,1636,37,3,10.00,15376.30,0.01,0.01,N,O,1997-03-12,1997-02-09,1997-03-21,COLLECT COD,MAIL, boost carefully ironic ac
52547-4,52547,1350,27,4,17.00,21272.95,0.08,0.04,N,O,1997-04-20,1997-02-24,1997-05-06,NONE,MAIL,after the slyly carefu
52547-5,52547,768,33,5,44.00,73425.44,0.06,0.07,N,O,1997-03-17,1997-02-04,1997-03-25,COLLECT COD,TRUCK,ests. expre
52548-1,52548,510,41,1,5.00,7052.55,0.03,0.02,N,O,1996-03-09,1996-02-28,1996-03-16,COLLECT COD,FOB,ccording to the express accounts. slyly eve
52548-2,52548,92,18,2,41.00,40675.69,0.08,0.05,N,O,1996-04-12,1996-02-03,1996-04-24,NONE,TRUCK,phins. tithes nag carefully-- furi
52548-3,52548,1332,47,3,30.00,36999.90,0.06,0.05,N,O,1996-03-13,1996-03-27,1996-04-02,DELIVER IN PERSON,MAIL,"ully along the even, pending pa"
52548-4,52548,61,87,4,7.00,6727.42,0.04,0.05,N,O,1996-03-07,1996-03-28,1996-03-20,NONE,TRUCK,ages. fluffily 
52548-5,52548,1254,55,5,28.00,32347.00,0.02,0.00,N,O,1996-01-18,1996-02-03,1996-02-17,NONE,MAIL,the sometimes express pain
52548-6,52548,447,77,6,21.00,28296.24,0.08,0.02,N,O,1996-05-02,1996-02-05,1996-05-26,TAKE BACK RETURN,MAIL,usly final in
52549-1,52549,493,94,1,21.00,29263.29,0.03,0.07,N,O,1996-12-22,1996-12-27,1997-01-04,NONE,SHIP,ffily. blithely ironic pac
52549-2,52549,572,33,2,18.00,26506.26,0.06,0.03,N,O,1996-12-05,1997-01-12,1996-12-28,DELIVER IN PERSON,AIR,ts. slyly unusual excuses impress fur
52549-3,52549,1343,20,3,50.00,62217.00,0.06,0.01,N,O,1997-01-09,1997-02-14,1997-01-26,NONE,FOB,requests. carefully ironic ideas na
52549-4,52549,200,27,4,34.00,37406.80,0.05,0.07,N,O,1996-12-03,1997-01-18,1997-01-02,TAKE BACK RETURN,REG AIR,kly ironic accounts through the quickly bol
52549-5,52549,1259,60,5,4.00,4641.00,0.06,0.00,N,O,1997-01-31,1996-12-31,1997-02-15,COLLECT COD,TRUCK,inal excuses sublate quickly among the 
52549-6,52549,1822,66,6,27.00,46543.14,0.02,0.07,N,O,1997-03-20,1997-01-26,1997-04-08,COLLECT COD,RAIL,fluffily even requests are finally a
52549-7,52549,189,68,7,26.00,28318.68,0.00,0.05,N,O,1996-12-23,1997-01-20,1997-01-03,COLLECT COD,RAIL, furiously.
52550-1,52550,1152,25,1,31.00,32647.65,0.10,0.05,N,O,1997-05-24,1997-03-19,1997-06-07,DELIVER IN PERSON,REG AIR,iously special 
52550-2,52550,548,39,2,9.00,13036.86,0.00,0.07,N,O,1997-03-04,1997-03-30,1997-03-07,TAKE BACK RETURN,SHIP, final accounts integrate carefully ag
52550-3,52550,1589,10,3,1.00,1490.58,0.08,0.06,N,O,1997-05-29,1997-04-03,1997-06-10,DELIVER IN PERSON,REG AIR,ual requests boost carefully. ironic
52550-4,52550,249,50,4,35.00,40223.40,0.06,0.08,N,O,1997-03-22,1997-03-13,1997-04-20,TAKE BACK RETURN,MAIL,ges. slyly pending deposits are careful
52550-5,52550,1107,16,5,39.00,39315.90,0.01,0.03,N,O,1997-04-18,1997-04-25,1997-04-27,DELIVER IN PERSON,AIR,oxes. slyly special depos
52550-6,52550,1757,42,6,34.00,56397.50,0.04,0.08,N,O,1997-02-13,1997-03-24,1997-02-16,DELIVER IN PERSON,AIR,ackages integrate quickly against
52551-1,52551,866,66,1,28.00,49472.08,0.09,0.01,A,F,1995-01-24,1995-04-21,1995-02-13,TAKE BACK RETURN,TRUCK," accounts. express, express acc"
52551-2,52551,1433,12,2,41.00,54711.63,0.06,0.01,R,F,1995-05-12,1995-04-06,1995-06-01,DELIVER IN PERSON,MAIL,"ess, ruthless de"
52576-1,52576,450,38,1,40.00,54018.00,0.10,0.02,A,F,1994-06-30,1994-04-28,1994-07-04,COLLECT COD,REG AIR,r the blithely regular packages. furiously 
52576-2,52576,1119,28,2,16.00,16321.76,0.05,0.07,R,F,1994-06-25,1994-05-16,1994-07-21,DELIVER IN PERSON,SHIP,"rhorses. special, pending packages "
52576-3,52576,1663,5,3,40.00,62586.40,0.03,0.02,R,F,1994-06-28,1994-05-20,1994-07-16,NONE,AIR,usual ideas. carefully even plate
52576-4,52576,378,35,4,3.00,3835.11,0.02,0.06,A,F,1994-06-19,1994-05-03,1994-06-22,COLLECT COD,TRUCK,efully ironic plat
52577-1,52577,220,21,1,47.00,52650.34,0.07,0.08,N,O,1997-09-24,1997-10-16,1997-10-21,COLLECT COD,FOB,lyly regular instructions are.
52577-2,52577,851,18,2,24.00,42044.40,0.04,0.05,N,O,1997-08-31,1997-09-26,1997-09-12,TAKE BACK RETURN,FOB,s haggle careful
52578-1,52578,1445,63,1,29.00,39046.76,0.03,0.07,A,F,1995-03-17,1995-05-10,1995-03-18,TAKE BACK RETURN,RAIL,y final theodolites across th
52578-2,52578,508,9,2,35.00,49297.50,0.00,0.00,R,F,1995-03-21,1995-06-05,1995-03-28,COLLECT COD,FOB,ts boost stealthily quiet depos
52578-3,52578,819,20,3,10.00,17198.10,0.10,0.05,R,F,1995-04-22,1995-06-05,1995-05-11,NONE,AIR,lites. furiously ironic reque
52578-4,52578,277,32,4,16.00,18836.32,0.01,0.02,N,O,1995-06-25,1995-05-29,1995-06-26,COLLECT COD,RAIL,. furiously express 
52578-5,52578,271,53,5,46.00,53878.42,0.01,0.03,R,F,1995-03-09,1995-05-07,1995-04-03,NONE,RAIL, bold theodolites. notornis sleep. car
52579-1,52579,1608,91,1,7.00,10567.20,0.04,0.02,N,O,1996-02-28,1996-05-13,1996-02-29,COLLECT COD,RAIL,onic ideas aff
52579-2,52579,718,19,2,4.00,6474.84,0.01,0.04,N,O,1996-04-07,1996-04-24,1996-04-25,DELIVER IN PERSON,MAIL,iously regular pinto beans nag
52579-3,52579,788,85,3,40.00,67551.20,0.07,0.00,N,O,1996-05-22,1996-04-05,1996-05-28,NONE,REG AIR,gular packag
52580-1,52580,1864,65,1,43.00,75931.98,0.04,0.05,R,F,1992-10-15,1992-11-14,1992-10-21,TAKE BACK RETURN,RAIL,mptotes. furiously 
52580-2,52580,6,7,2,12.00,10872.00,0.10,0.02,R,F,1992-11-14,1992-09-28,1992-11-15,DELIVER IN PERSON,SHIP,ix furiously across the regular 
52580-3,52580,1973,62,3,35.00,65623.95,0.03,0.07,R,F,1992-12-09,1992-11-05,1992-12-26,COLLECT COD,REG AIR,nusual requests about
52580-4,52580,112,91,4,8.00,8096.88,0.03,0.00,R,F,1992-09-06,1992-11-07,1992-10-03,NONE,FOB, after the quic
52580-5,52580,1866,10,5,47.00,83089.42,0.10,0.04,A,F,1992-09-28,1992-09-30,1992-10-28,NONE,RAIL,e asymptotes. specia
52580-6,52580,511,12,6,48.00,67752.48,0.01,0.02,A,F,1992-09-28,1992-10-13,1992-10-20,DELIVER IN PERSON,AIR,iet instructions cajole
52580-7,52580,676,8,7,24.00,37840.08,0.02,0.05,R,F,1992-09-14,1992-10-09,1992-10-11,NONE,SHIP,gle furiously. furiously regular
52581-1,52581,729,62,1,28.00,45632.16,0.01,0.00,N,O,1995-11-14,1995-11-11,1995-11-20,DELIVER IN PERSON,REG AIR,yly. daringly bold d
52581-2,52581,1105,78,2,16.00,16097.60,0.00,0.08,N,O,1995-10-11,1995-11-22,1995-10-22,TAKE BACK RETURN,RAIL,gular packages! always
52582-1,52582,1923,56,1,16.00,29198.72,0.07,0.02,N,O,1997-06-11,1997-06-09,1997-07-11,COLLECT COD,RAIL,r instruction
52582-2,52582,33,84,2,22.00,20526.66,0.05,0.04,N,O,1997-07-01,1997-04-19,1997-07-19,NONE,TRUCK,s are; ironic
52582-3,52582,1123,96,3,10.00,10241.20,0.00,0.03,N,O,1997-06-07,1997-05-02,1997-07-02,TAKE BACK RETURN,MAIL,rding to t
52583-1,52583,1837,38,1,33.00,57381.39,0.10,0.03,N,O,1997-07-05,1997-06-04,1997-07-27,NONE,FOB,excuses. unusual foxe
52583-2,52583,874,8,2,26.00,46146.62,0.05,0.01,N,O,1997-08-10,1997-06-21,1997-08-14,DELIVER IN PERSON,MAIL,ic deposits sleep across the
52583-3,52583,1359,98,3,3.00,3781.05,0.04,0.07,N,O,1997-06-16,1997-07-11,1997-06-27,NONE,FOB,g instructions haggle slyly above the car
52583-4,52583,652,46,4,46.00,71421.90,0.02,0.08,N,O,1997-05-23,1997-06-10,1997-06-17,NONE,FOB,s theodolites across the furiousl
52608-1,52608,951,86,1,8.00,14815.60,0.06,0.04,A,F,1994-01-29,1994-03-07,1994-02-25,TAKE BACK RETURN,AIR,bove the furiously special ideas. slyly s
52608-2,52608,1914,3,2,22.00,39950.02,0.00,0.04,R,F,1994-03-15,1994-04-12,1994-03-28,COLLECT COD,SHIP,usly stealthy instructions cajole 
52608-3,52608,854,88,3,36.00,63174.60,0.10,0.03,A,F,1994-05-16,1994-04-08,1994-06-12,COLLECT COD,FOB,"ost unusual, sil"
52608-4,52608,830,30,4,21.00,36347.43,0.04,0.06,A,F,1994-03-10,1994-03-03,1994-04-03,DELIVER IN PERSON,TRUCK,"nding instructions: final, pending "
52608-5,52608,16,92,5,28.00,25648.28,0.00,0.07,R,F,1994-05-07,1994-03-10,1994-06-05,DELIVER IN PERSON,FOB, pending packages nag careful
52608-6,52608,1522,3,6,16.00,22776.32,0.07,0.04,A,F,1994-04-26,1994-03-09,1994-05-15,DELIVER IN PERSON,REG AIR,"gular, final requests. bold "
52609-1,52609,872,39,1,9.00,15955.83,0.05,0.06,N,O,1997-05-09,1997-05-11,1997-05-25,DELIVER IN PERSON,RAIL,fully regular platelets along the r
52609-2,52609,1296,8,2,44.00,52680.76,0.03,0.02,N,O,1997-03-09,1997-05-15,1997-03-19,COLLECT COD,TRUCK,"the final, unusual packages? blithe"
52610-1,52610,1497,98,1,9.00,12586.41,0.08,0.06,R,F,1993-04-04,1993-03-14,1993-04-28,COLLECT COD,FOB,ideas. slyly perm
52611-1,52611,813,47,1,41.00,70266.21,0.08,0.01,N,O,1995-08-05,1995-07-20,1995-08-21,DELIVER IN PERSON,SHIP,ly pending requests. furiously u
52611-2,52611,1660,61,2,12.00,18739.92,0.08,0.07,N,F,1995-06-07,1995-06-16,1995-06-22,COLLECT COD,AIR,tructions along th
52611-3,52611,1100,71,3,6.00,6006.60,0.03,0.08,A,F,1995-05-19,1995-05-28,1995-06-07,COLLECT COD,TRUCK,e final instructions na
52611-4,52611,1042,43,4,48.00,45265.92,0.04,0.06,R,F,1995-05-17,1995-07-19,1995-05-25,TAKE BACK RETURN,TRUCK, final requests. busily specia
52611-5,52611,274,75,5,23.00,27008.21,0.03,0.01,R,F,1995-05-04,1995-07-22,1995-06-01,COLLECT COD,AIR,c packages. deposits affi
52612-1,52612,1467,46,1,33.00,45159.18,0.02,0.08,R,F,1993-01-13,1993-02-06,1993-01-21,NONE,AIR,ing dependencies impress q
52613-1,52613,1013,14,1,24.00,21936.24,0.08,0.02,R,F,1994-12-10,1994-11-15,1994-12-21,TAKE BACK RETURN,MAIL,s. close theodol
52614-1,52614,246,74,1,31.00,35533.44,0.05,0.03,R,F,1992-06-17,1992-05-30,1992-06-26,COLLECT COD,REG AIR,r platelets nag after the blithely r
52614-2,52614,1176,49,2,20.00,21543.40,0.01,0.00,A,F,1992-04-17,1992-06-17,1992-04-24,DELIVER IN PERSON,FOB,"en foxes. special, final dep"
52615-1,52615,185,38,1,43.00,46662.74,0.05,0.04,R,F,1994-12-02,1995-01-16,1995-01-01,COLLECT COD,AIR,"ggle. express, special es"
52615-2,52615,279,34,2,23.00,27123.21,0.03,0.03,A,F,1995-01-30,1995-01-13,1995-02-11,NONE,TRUCK,ent foxes. quickly express r
52615-3,52615,1204,5,3,50.00,55260.00,0.04,0.05,A,F,1994-11-23,1994-11-19,1994-12-02,NONE,SHIP,press pains. blithely unusu
52615-4,52615,1312,27,4,5.00,6066.55,0.09,0.02,R,F,1994-11-07,1994-11-19,1994-11-24,DELIVER IN PERSON,FOB,fluffily final
52615-5,52615,741,74,5,26.00,42685.24,0.04,0.05,A,F,1995-01-19,1994-11-20,1995-01-28,TAKE BACK RETURN,REG AIR,gular dugouts ki
52615-6,52615,908,11,6,41.00,74164.90,0.08,0.01,A,F,1995-02-09,1994-12-11,1995-02-28,DELIVER IN PERSON,TRUCK,y ironic packages cajole furiously i
52640-1,52640,1648,72,1,48.00,74382.72,0.08,0.06,A,F,1995-01-21,1995-02-05,1995-01-23,TAKE BACK RETURN,FOB,"arefully. silent, re"
52640-2,52640,432,33,2,37.00,49299.91,0.02,0.05,A,F,1995-03-04,1995-03-16,1995-03-20,NONE,FOB,t the ironic depths. blithely pe
52640-3,52640,1393,94,3,15.00,19415.85,0.00,0.05,A,F,1995-05-03,1995-03-16,1995-05-15,DELIVER IN PERSON,FOB,"posits cajole slyly of the ironic, re"
52640-4,52640,1437,38,4,47.00,62906.21,0.02,0.00,A,F,1995-04-11,1995-03-26,1995-04-18,COLLECT COD,REG AIR,al pinto beans. stea
52640-5,52640,1870,71,5,24.00,42524.88,0.07,0.02,A,F,1995-02-18,1995-02-02,1995-02-24,TAKE BACK RETURN,MAIL,ts! blithely even packages cajole b
52641-1,52641,1416,34,1,42.00,55331.22,0.10,0.03,A,F,1994-01-22,1993-12-17,1994-01-25,DELIVER IN PERSON,REG AIR,egular braids boost pl
52641-2,52641,620,14,2,27.00,41056.74,0.00,0.02,R,F,1993-12-05,1993-12-13,1994-01-01,COLLECT COD,TRUCK,"inst the bold, final warthog"
52641-3,52641,1886,73,3,5.00,8939.40,0.09,0.08,A,F,1993-11-29,1993-12-28,1993-12-24,TAKE BACK RETURN,RAIL, carefully unusual packages accor
52641-4,52641,1822,66,4,7.00,12066.74,0.04,0.01,A,F,1993-12-31,1993-12-02,1994-01-28,TAKE BACK RETURN,AIR,eposits cajole carefully ironic
52641-5,52641,1149,22,5,40.00,42005.60,0.09,0.03,A,F,1993-12-03,1994-01-06,1993-12-05,NONE,FOB,ng requests. ironic deposits wake f
52641-6,52641,1177,78,6,41.00,44204.97,0.10,0.01,R,F,1993-11-03,1994-01-01,1993-11-10,COLLECT COD,AIR,s. instructions are qui
52642-1,52642,1855,85,1,44.00,77301.40,0.08,0.06,N,O,1995-06-20,1995-08-05,1995-07-08,NONE,MAIL, slyly furiously ironic re
52642-2,52642,694,88,2,31.00,49435.39,0.10,0.01,N,O,1995-07-22,1995-08-06,1995-08-11,NONE,TRUCK,ly. furiously special dependenc
52642-3,52642,1115,88,3,39.00,39628.29,0.04,0.03,N,O,1995-09-19,1995-09-11,1995-09-28,DELIVER IN PERSON,RAIL,tions around the carefully regular th
52642-4,52642,1643,67,4,33.00,50973.12,0.06,0.02,N,O,1995-09-13,1995-09-01,1995-10-01,COLLECT COD,RAIL, the regular instructions: final 
52642-5,52642,1908,9,5,12.00,21718.80,0.09,0.00,N,O,1995-10-04,1995-09-01,1995-10-24,NONE,AIR,excuses across the blithely ironi
52642-6,52642,1481,99,6,39.00,53916.72,0.05,0.05,N,O,1995-06-29,1995-08-01,1995-07-10,DELIVER IN PERSON,RAIL,e carefull
52642-7,52642,6,7,7,4.00,3624.00,0.06,0.00,N,O,1995-07-18,1995-08-04,1995-08-14,DELIVER IN PERSON,SHIP,ily. furiously pending accounts 
52643-1,52643,994,97,1,15.00,28424.85,0.01,0.07,R,F,1993-11-16,1993-11-10,1993-12-01,COLLECT COD,MAIL,usly regular pinto
52643-2,52643,671,65,2,7.00,11001.69,0.07,0.02,R,F,1993-10-31,1993-12-12,1993-11-12,NONE,MAIL,s wake final theodolites. eve
52644-1,52644,574,65,1,30.00,44237.10,0.04,0.04,A,F,1992-08-01,1992-08-04,1992-08-14,DELIVER IN PERSON,RAIL,"regular, pending deposits according to th"
52644-2,52644,1628,11,2,14.00,21414.68,0.00,0.07,A,F,1992-09-05,1992-08-16,1992-09-22,COLLECT COD,REG AIR,. final foxes kindle
52644-3,52644,1690,14,3,26.00,41383.94,0.01,0.02,A,F,1992-07-29,1992-08-08,1992-08-21,NONE,FOB, deposits. fluffily silent asym
52644-4,52644,80,81,4,31.00,30382.48,0.04,0.04,A,F,1992-07-26,1992-07-27,1992-08-22,TAKE BACK RETURN,TRUCK,s sleep busy deposits. ruthlessly even depe
52644-5,52644,421,80,5,34.00,44928.28,0.07,0.03,R,F,1992-07-18,1992-07-22,1992-08-16,COLLECT COD,MAIL,"le carefully ironic, express asymptotes."
52644-6,52644,145,46,6,33.00,34489.62,0.10,0.02,R,F,1992-08-18,1992-08-11,1992-08-26,NONE,FOB,oost never regular sentiments. blithe
52645-1,52645,373,58,1,45.00,57301.65,0.06,0.05,R,F,1992-04-09,1992-05-09,1992-04-27,NONE,AIR,s. blithely regular re
52645-2,52645,1783,84,2,6.00,10108.68,0.07,0.00,A,F,1992-05-14,1992-05-21,1992-06-03,TAKE BACK RETURN,RAIL,y ironic frays above the regular ideas caj
52645-3,52645,1872,73,3,33.00,58537.71,0.03,0.01,R,F,1992-04-08,1992-04-26,1992-04-21,TAKE BACK RETURN,AIR,furiously bo
52645-4,52645,1347,86,4,35.00,43691.90,0.03,0.04,A,F,1992-06-06,1992-05-11,1992-07-02,COLLECT COD,FOB,ill sleep quickly across the carefully expr
52645-5,52645,1235,47,5,7.00,7953.61,0.08,0.02,R,F,1992-06-05,1992-05-13,1992-06-14,TAKE BACK RETURN,SHIP, final package
52645-6,52645,617,18,6,3.00,4552.83,0.00,0.04,A,F,1992-04-07,1992-04-30,1992-05-01,COLLECT COD,FOB,ly along t
52645-7,52645,1557,38,7,35.00,51049.25,0.03,0.05,A,F,1992-06-03,1992-04-29,1992-06-08,TAKE BACK RETURN,AIR,ar requests
52646-1,52646,1279,91,1,22.00,25965.94,0.07,0.06,N,O,1996-03-27,1996-05-27,1996-04-23,TAKE BACK RETURN,FOB,y after the blithely final p
52646-2,52646,388,17,2,10.00,12883.80,0.08,0.08,N,O,1996-04-20,1996-05-29,1996-05-12,TAKE BACK RETURN,AIR, haggle theodolites. silent pac
52646-3,52646,428,87,3,1.00,1328.42,0.05,0.01,N,O,1996-07-03,1996-06-07,1996-07-15,COLLECT COD,RAIL,he carefully
52647-1,52647,1323,24,1,8.00,9794.56,0.00,0.08,N,O,1997-10-27,1997-08-11,1997-10-29,COLLECT COD,FOB,lly final 
52647-2,52647,1506,47,2,36.00,50670.00,0.04,0.01,N,O,1997-10-08,1997-09-22,1997-11-07,TAKE BACK RETURN,FOB, the final deposit
52647-3,52647,652,53,3,11.00,17079.15,0.02,0.00,N,O,1997-10-27,1997-08-31,1997-10-29,DELIVER IN PERSON,RAIL,uests. accounts lose. b
52647-4,52647,1619,20,4,1.00,1520.61,0.02,0.04,N,O,1997-09-17,1997-09-17,1997-09-20,TAKE BACK RETURN,MAIL,special packages cajole caref
52647-5,52647,854,88,5,17.00,29832.45,0.06,0.08,N,O,1997-10-13,1997-08-12,1997-10-27,DELIVER IN PERSON,MAIL,ven ideas sleep quickly above the qu
52647-6,52647,542,43,6,46.00,66356.84,0.00,0.06,N,O,1997-10-25,1997-09-22,1997-10-26,DELIVER IN PERSON,FOB,eep finally above the care
52672-1,52672,1642,25,1,15.00,23154.60,0.02,0.05,A,F,1995-05-04,1995-02-17,1995-05-08,DELIVER IN PERSON,REG AIR, boost carefully carefully silent re
52672-2,52672,1942,75,2,4.00,7375.76,0.01,0.02,R,F,1995-02-01,1995-02-22,1995-02-23,NONE,MAIL,ide of the carefully regular depo
52672-3,52672,336,65,3,36.00,44507.88,0.05,0.04,A,F,1995-03-10,1995-02-24,1995-03-16,COLLECT COD,FOB,dolites use slyly request
52672-4,52672,1715,100,4,45.00,72751.95,0.10,0.03,R,F,1995-04-20,1995-02-27,1995-05-14,DELIVER IN PERSON,RAIL,e fluffily after th
52673-1,52673,1283,84,1,49.00,58029.72,0.04,0.07,R,F,1992-07-25,1992-07-10,1992-08-08,NONE,SHIP,es haggle blithely asymptotes. sil
52673-2,52673,1284,22,2,13.00,15408.64,0.09,0.00,R,F,1992-06-25,1992-06-18,1992-07-16,DELIVER IN PERSON,MAIL,sts. regula
52673-3,52673,1286,24,3,9.00,10685.52,0.00,0.08,R,F,1992-06-28,1992-07-22,1992-07-03,TAKE BACK RETURN,AIR, deposits sleep fluffily.
52673-4,52673,53,4,4,1.00,953.05,0.10,0.05,R,F,1992-05-24,1992-07-14,1992-05-25,TAKE BACK RETURN,TRUCK,packages lose acco
52674-1,52674,1029,65,1,27.00,25110.54,0.00,0.03,N,O,1996-06-05,1996-06-14,1996-07-01,NONE,RAIL,s nag enti
52674-2,52674,1860,61,2,45.00,79283.70,0.10,0.03,N,O,1996-05-26,1996-06-27,1996-06-09,NONE,RAIL,"uick, pending war"
52674-3,52674,253,54,3,44.00,50743.00,0.05,0.04,N,O,1996-07-30,1996-05-21,1996-08-15,TAKE BACK RETURN,SHIP,. slyly regular 
52674-4,52674,342,99,4,21.00,26089.14,0.01,0.00,N,O,1996-06-08,1996-07-05,1996-07-01,DELIVER IN PERSON,SHIP,ng deposits doze caref
52674-5,52674,125,52,5,38.00,38954.56,0.10,0.05,N,O,1996-05-01,1996-06-13,1996-05-18,COLLECT COD,RAIL,posits cajole! fluffily sly accounts ha
52674-6,52674,246,74,6,6.00,6877.44,0.05,0.01,N,O,1996-04-28,1996-07-08,1996-05-23,COLLECT COD,AIR, slyly among the qui
52674-7,52674,291,73,7,49.00,58373.21,0.02,0.01,N,O,1996-07-23,1996-07-19,1996-08-18,NONE,SHIP,"cial, silent pinto beans. furiously iron"
52675-1,52675,680,81,1,25.00,39517.00,0.03,0.01,N,O,1995-11-30,1995-11-19,1995-12-23,TAKE BACK RETURN,REG AIR,ely furiously express
52675-2,52675,1699,100,2,18.00,28812.42,0.07,0.07,N,O,1996-02-09,1995-12-13,1996-02-12,COLLECT COD,TRUCK,"al deposits. even, thin fo"
52675-3,52675,1455,73,3,9.00,12208.05,0.01,0.01,N,O,1996-01-29,1995-11-19,1996-02-17,COLLECT COD,REG AIR,s. carefully ironic re
52675-4,52675,183,10,4,22.00,23829.96,0.10,0.00,N,O,1995-12-07,1995-11-17,1995-12-25,NONE,AIR,"l, final deposits: special pinto "
52675-5,52675,411,99,5,21.00,27539.61,0.02,0.01,N,O,1995-12-19,1995-11-14,1995-12-21,NONE,RAIL,al excuses use carefully. carefully 
52675-6,52675,662,56,6,45.00,70319.70,0.10,0.01,N,O,1996-02-01,1995-12-04,1996-02-08,TAKE BACK RETURN,FOB,y carefully
52675-7,52675,330,31,7,44.00,54134.52,0.05,0.00,N,O,1995-12-09,1995-11-17,1995-12-26,TAKE BACK RETURN,FOB,oss the sometimes regular pinto beans. b
52676-1,52676,443,73,1,9.00,12090.96,0.05,0.08,A,F,1992-09-17,1992-11-24,1992-09-29,COLLECT COD,TRUCK,"ular, regul"
52676-2,52676,1848,92,2,2.00,3499.68,0.08,0.05,A,F,1992-11-07,1992-10-02,1992-12-03,TAKE BACK RETURN,MAIL,sly even pinto b
52676-3,52676,627,59,3,24.00,36662.88,0.03,0.03,A,F,1992-09-08,1992-11-12,1992-10-05,COLLECT COD,REG AIR,n ideas cajole according to the re
52676-4,52676,421,9,4,47.00,62106.74,0.00,0.03,A,F,1992-11-03,1992-10-21,1992-11-19,NONE,MAIL,ses. pending
52676-5,52676,539,70,5,2.00,2879.06,0.04,0.04,A,F,1992-11-04,1992-09-30,1992-12-02,COLLECT COD,AIR,uickly ironic pinto beans. furiously b
52676-6,52676,441,42,6,6.00,8048.64,0.05,0.05,R,F,1992-09-16,1992-10-26,1992-10-07,NONE,RAIL,"press, even requests sleep about the caref"
52676-7,52676,1311,26,7,46.00,55766.26,0.01,0.04,R,F,1992-11-05,1992-11-09,1992-11-16,TAKE BACK RETURN,AIR,refully unusual packages. quickly final ins
52677-1,52677,73,49,1,12.00,11676.84,0.04,0.01,R,F,1994-03-28,1994-04-23,1994-03-30,DELIVER IN PERSON,RAIL,t the enticing ideas wake bli
52678-1,52678,1941,74,1,31.00,57131.14,0.00,0.04,R,F,1992-11-07,1992-10-01,1992-11-30,TAKE BACK RETURN,REG AIR," beans wake carefully across the bold, si"
52678-2,52678,1646,29,2,47.00,72739.08,0.01,0.02,A,F,1992-10-16,1992-10-24,1992-10-24,DELIVER IN PERSON,REG AIR,"ons nag. regular, reg"
52678-3,52678,1674,75,3,34.00,53572.78,0.07,0.00,A,F,1992-08-01,1992-09-17,1992-08-10,TAKE BACK RETURN,SHIP,ickly ironic ide
52678-4,52678,1233,8,4,35.00,39698.05,0.00,0.00,A,F,1992-08-12,1992-10-03,1992-09-01,NONE,SHIP,. ironic accounts cajole slyly
52679-1,52679,690,22,1,36.00,57264.84,0.03,0.08,N,O,1996-06-16,1996-05-20,1996-07-04,TAKE BACK RETURN,TRUCK, dolphins play furiously ironic ins
52704-1,52704,86,62,1,12.00,11832.96,0.08,0.08,A,F,1994-01-27,1994-02-19,1994-01-31,COLLECT COD,TRUCK,ly regular
52704-2,52704,333,90,2,39.00,48099.87,0.09,0.06,A,F,1994-04-11,1994-02-06,1994-04-27,TAKE BACK RETURN,FOB,le carefully. quickly ironic
52704-3,52704,363,20,3,27.00,34110.72,0.01,0.08,R,F,1994-02-17,1994-02-02,1994-02-23,TAKE BACK RETURN,FOB,he slyly special foxes. ideas accordi
52704-4,52704,1623,47,4,42.00,64034.04,0.10,0.08,R,F,1994-03-20,1994-03-04,1994-04-11,NONE,MAIL,the final courts detect care
52705-1,52705,732,29,1,18.00,29389.14,0.08,0.03,N,O,1998-09-12,1998-09-27,1998-10-12,TAKE BACK RETURN,MAIL,hins. quietly regular re
52705-2,52705,268,23,2,40.00,46730.40,0.10,0.08,N,O,1998-07-18,1998-09-25,1998-08-05,COLLECT COD,TRUCK,fully even orbits. slyly final as
52705-3,52705,1538,19,3,39.00,56141.67,0.02,0.00,N,O,1998-10-19,1998-08-05,1998-11-12,COLLECT COD,TRUCK, hinder furiously according to 
52705-4,52705,681,75,4,3.00,4745.04,0.08,0.05,N,O,1998-09-24,1998-07-31,1998-10-18,COLLECT COD,MAIL, special excuses. blithely regular requ
52706-1,52706,1241,53,1,37.00,42262.88,0.06,0.05,R,F,1992-08-18,1992-08-18,1992-09-05,DELIVER IN PERSON,MAIL, nag slyly! blithely final foxe
52706-2,52706,306,63,2,49.00,59108.70,0.06,0.05,A,F,1992-10-20,1992-08-27,1992-11-05,COLLECT COD,MAIL,ual requests u
52706-3,52706,1128,29,3,21.00,21611.52,0.06,0.01,R,F,1992-08-14,1992-09-08,1992-08-15,COLLECT COD,AIR,t along the regularly even
52707-1,52707,841,42,1,47.00,81866.48,0.03,0.01,N,O,1996-11-17,1996-09-25,1996-11-27,NONE,AIR,its sleep slyl
52707-2,52707,1864,65,2,47.00,82995.42,0.08,0.05,N,O,1996-09-29,1996-10-31,1996-10-22,COLLECT COD,REG AIR,cial dolphins haggle
52707-3,52707,1529,10,3,23.00,32901.96,0.00,0.08,N,O,1996-12-05,1996-09-24,1996-12-16,COLLECT COD,TRUCK,ts cajole furiousl
52707-4,52707,1657,58,4,29.00,45200.85,0.10,0.03,N,O,1996-10-02,1996-09-21,1996-11-01,TAKE BACK RETURN,TRUCK,ounts haggle blithely slyly expres
52708-1,52708,1082,53,1,49.00,48170.92,0.02,0.05,N,O,1997-04-21,1997-04-04,1997-04-25,NONE,RAIL,ackages. reg
52708-2,52708,1699,82,2,27.00,43218.63,0.07,0.05,N,O,1997-03-27,1997-05-10,1997-04-13,NONE,RAIL,grate across the furiously
52709-1,52709,1847,77,1,42.00,73451.28,0.00,0.06,R,F,1994-12-19,1994-11-28,1994-12-29,COLLECT COD,AIR,ole closely. blithely unusua
52710-1,52710,1822,52,1,37.00,63781.34,0.00,0.06,A,F,1993-11-29,1993-12-14,1993-12-27,NONE,FOB,bold theodolites. furiously
52711-1,52711,1260,61,1,23.00,26708.98,0.06,0.02,N,O,1995-10-15,1995-10-31,1995-10-27,TAKE BACK RETURN,TRUCK,cording to the pen
52711-2,52711,492,93,2,28.00,38989.72,0.00,0.05,N,O,1995-12-16,1995-12-15,1995-12-29,DELIVER IN PERSON,MAIL, silent epitaphs use slyly bo
52711-3,52711,888,22,3,21.00,37566.48,0.01,0.06,N,O,1995-10-06,1995-10-28,1995-10-23,COLLECT COD,REG AIR,the regula
52711-4,52711,1545,46,4,49.00,70880.46,0.09,0.03,N,O,1995-10-25,1995-10-30,1995-11-04,TAKE BACK RETURN,REG AIR,ual accounts. fluffily idle excus
52711-5,52711,1877,78,5,17.00,30240.79,0.06,0.00,N,O,1995-10-11,1995-11-08,1995-11-05,TAKE BACK RETURN,TRUCK,ss the carefull
52711-6,52711,402,32,6,49.00,63817.60,0.05,0.04,N,O,1995-11-28,1995-11-05,1995-12-12,TAKE BACK RETURN,AIR,structions above the slyl
52711-7,52711,664,65,7,35.00,54763.10,0.07,0.02,N,O,1995-12-23,1995-12-02,1996-01-15,DELIVER IN PERSON,MAIL,ndencies above the even deposits snooze bl
52736-1,52736,757,54,1,2.00,3315.50,0.08,0.04,N,O,1998-08-09,1998-08-31,1998-09-03,TAKE BACK RETURN,RAIL,sts. quickly ev
52736-2,52736,272,27,2,13.00,15239.51,0.08,0.05,N,O,1998-09-18,1998-07-10,1998-10-08,TAKE BACK RETURN,TRUCK,osits. warhorses are qu
52736-3,52736,834,1,3,38.00,65923.54,0.06,0.06,N,O,1998-09-04,1998-07-20,1998-09-16,NONE,SHIP,refully. quickly final asymptotes sleep. in
52736-4,52736,143,22,4,40.00,41725.60,0.09,0.08,N,O,1998-07-25,1998-07-09,1998-08-06,TAKE BACK RETURN,RAIL,ckages. even deposits 
52737-1,52737,297,79,1,17.00,20353.93,0.09,0.04,R,F,1994-02-19,1994-01-31,1994-02-24,NONE,TRUCK,ecial requests. express requests
52737-2,52737,1311,50,2,32.00,38793.92,0.07,0.03,R,F,1994-03-08,1994-01-06,1994-03-22,DELIVER IN PERSON,AIR,ounts. ironic s
52737-3,52737,1251,89,3,34.00,39176.50,0.03,0.08,R,F,1994-02-08,1994-02-02,1994-02-20,DELIVER IN PERSON,REG AIR,nly regular requests. carefully unusual pla
52737-4,52737,189,68,4,40.00,43567.20,0.00,0.06,A,F,1994-01-19,1993-12-14,1994-02-04,COLLECT COD,REG AIR,eas. regular ideas are blithely final packa
52737-5,52737,1084,85,5,3.00,2955.24,0.09,0.03,R,F,1993-12-13,1994-01-27,1993-12-29,COLLECT COD,MAIL,sual deposits wa
52738-1,52738,180,7,1,15.00,16202.70,0.01,0.02,N,O,1996-10-26,1996-09-16,1996-11-14,NONE,TRUCK, silent ideas. quickly unusual 
52738-2,52738,660,54,2,6.00,9363.96,0.02,0.03,N,O,1996-11-06,1996-09-30,1996-11-30,DELIVER IN PERSON,FOB, to haggle furiously across the instru
52739-1,52739,424,83,1,15.00,19866.30,0.03,0.06,A,F,1994-03-21,1994-03-02,1994-04-18,NONE,RAIL,usual packages accord
52739-2,52739,1024,60,2,7.00,6475.14,0.04,0.06,R,F,1994-02-04,1994-02-09,1994-03-02,TAKE BACK RETURN,REG AIR,ep carefully quick
52740-1,52740,486,16,1,34.00,47140.32,0.00,0.04,N,O,1996-11-05,1996-09-08,1996-12-03,NONE,SHIP, slyly above the blithely unusual a
52740-2,52740,91,42,2,17.00,16848.53,0.06,0.02,N,O,1996-07-21,1996-08-24,1996-08-01,NONE,AIR,"ct alongside of the regular, express excus"
52740-3,52740,1827,57,3,19.00,32847.58,0.00,0.08,N,O,1996-07-30,1996-08-30,1996-08-08,DELIVER IN PERSON,MAIL,old requests. furiously express realms 
52741-1,52741,689,90,1,17.00,27024.56,0.02,0.07,N,O,1998-07-31,1998-08-11,1998-08-23,NONE,FOB,uests. blithely bold pinto beans 
52741-2,52741,999,100,2,35.00,66499.65,0.09,0.04,N,O,1998-06-23,1998-08-15,1998-07-10,COLLECT COD,TRUCK,accounts. slyly ironic asympt
52741-3,52741,1443,83,3,15.00,20166.60,0.06,0.01,N,O,1998-06-16,1998-07-23,1998-07-08,DELIVER IN PERSON,MAIL," blithely busy, pending dolphins. instruct"
52741-4,52741,101,54,4,35.00,35038.50,0.00,0.05,N,O,1998-08-25,1998-07-25,1998-09-07,COLLECT COD,FOB,es haggle blithely for the slyly express pi
52741-5,52741,642,43,5,3.00,4627.92,0.02,0.05,N,O,1998-06-02,1998-06-28,1998-06-13,TAKE BACK RETURN,SHIP,nag furiously carefully s
52741-6,52741,1746,47,6,24.00,39545.76,0.10,0.00,N,O,1998-07-16,1998-08-10,1998-08-01,COLLECT COD,MAIL,riously acc
52741-7,52741,1726,27,7,12.00,19532.64,0.03,0.03,N,O,1998-07-29,1998-07-25,1998-08-16,DELIVER IN PERSON,RAIL,rding to the regul
52742-1,52742,1926,27,1,7.00,12795.44,0.04,0.04,N,O,1995-08-19,1995-07-21,1995-09-04,DELIVER IN PERSON,AIR,s the fina
52743-1,52743,1231,69,1,41.00,46421.43,0.06,0.04,A,F,1993-08-31,1993-08-08,1993-09-13,DELIVER IN PERSON,AIR,e blithely sile
52743-2,52743,133,60,2,28.00,28927.64,0.00,0.07,A,F,1993-07-08,1993-10-01,1993-07-26,TAKE BACK RETURN,RAIL, express realms are furiously al
52768-1,52768,587,78,1,16.00,23801.28,0.03,0.08,N,O,1998-03-14,1998-02-24,1998-04-02,TAKE BACK RETURN,TRUCK,about the a
52768-2,52768,1363,2,2,21.00,26551.56,0.10,0.07,N,O,1998-04-01,1998-02-14,1998-04-07,TAKE BACK RETURN,TRUCK,ss requests. furiously even in
52768-3,52768,1302,3,3,33.00,39708.90,0.10,0.04,N,O,1997-12-29,1998-01-28,1997-12-30,TAKE BACK RETURN,TRUCK,ymptotes alongside of the a
52768-4,52768,1253,54,4,13.00,15005.25,0.03,0.03,N,O,1997-12-22,1998-03-14,1998-01-13,COLLECT COD,TRUCK,". express, unusual packages nag. pinto "
52768-5,52768,368,69,5,42.00,53271.12,0.09,0.06,N,O,1998-01-29,1998-02-15,1998-02-10,COLLECT COD,REG AIR,sits x-ray furiously among the final t
52768-6,52768,1736,21,6,20.00,32754.60,0.01,0.06,N,O,1998-01-01,1998-02-24,1998-01-03,DELIVER IN PERSON,FOB,ly ironic re
52769-1,52769,849,50,1,15.00,26247.60,0.00,0.03,N,O,1996-05-10,1996-06-19,1996-06-06,TAKE BACK RETURN,TRUCK,the slowly silent accounts i
52769-2,52769,1160,97,2,14.00,14856.24,0.06,0.01,N,O,1996-07-21,1996-05-21,1996-07-23,TAKE BACK RETURN,MAIL,"rate regular, pending requests. car"
52769-3,52769,1475,76,3,13.00,17894.11,0.08,0.05,N,O,1996-05-30,1996-05-28,1996-06-07,NONE,AIR,y regular deposits. blith
52769-4,52769,1894,81,4,7.00,12571.23,0.02,0.03,N,O,1996-06-04,1996-06-01,1996-06-30,TAKE BACK RETURN,REG AIR,express dependencies sleep bli
52770-1,52770,19,20,1,39.00,35841.39,0.07,0.06,N,O,1996-07-23,1996-07-05,1996-08-10,TAKE BACK RETURN,TRUCK,kly after the regular 
52770-2,52770,971,6,2,10.00,18719.70,0.05,0.00,N,O,1996-05-23,1996-05-22,1996-06-22,NONE,RAIL,inal decoys. ironic foxes ca
52771-1,52771,283,84,1,13.00,15382.64,0.02,0.04,R,F,1993-12-08,1993-12-25,1993-12-21,TAKE BACK RETURN,AIR,sly quickl
52771-2,52771,90,41,2,42.00,41583.78,0.05,0.01,A,F,1993-12-26,1993-12-27,1993-12-28,NONE,FOB,arefully even i
52771-3,52771,36,62,3,29.00,27144.87,0.07,0.05,A,F,1993-11-25,1993-12-06,1993-12-15,NONE,FOB,ironic packages haggle slyly against 
52771-4,52771,193,20,4,15.00,16397.85,0.03,0.05,R,F,1993-12-09,1993-11-15,1993-12-30,TAKE BACK RETURN,REG AIR,aring epitaphs wake slyly according to 
52771-5,52771,1245,20,5,26.00,29802.24,0.00,0.06,A,F,1993-12-15,1993-11-14,1994-01-13,NONE,TRUCK,ld pinto beans haggl
52772-1,52772,680,43,1,7.00,11064.76,0.04,0.02,R,F,1993-03-03,1992-12-24,1993-03-17,DELIVER IN PERSON,RAIL, regular requests integrate flu
52772-2,52772,189,42,2,42.00,45745.56,0.02,0.08,A,F,1992-12-24,1993-01-03,1993-01-07,DELIVER IN PERSON,SHIP,"lithely ideas. regular, final pack"
52772-3,52772,1616,40,3,36.00,54633.96,0.05,0.08,A,F,1992-12-02,1993-02-02,1992-12-28,NONE,SHIP,cies. busily ironic 
52772-4,52772,986,89,4,47.00,88688.06,0.04,0.05,R,F,1993-01-23,1993-01-11,1993-01-26,DELIVER IN PERSON,REG AIR,bold pinto beans. quick
52772-5,52772,571,32,5,38.00,55919.66,0.07,0.02,R,F,1992-11-12,1992-12-13,1992-11-24,TAKE BACK RETURN,FOB,regular theodolites. bold dolphins are blit
52772-6,52772,1367,82,6,35.00,44392.60,0.07,0.08,R,F,1993-02-20,1993-01-15,1993-03-19,COLLECT COD,AIR, final idea
52772-7,52772,1672,55,7,39.00,61373.13,0.08,0.01,A,F,1992-12-21,1992-12-08,1993-01-18,TAKE BACK RETURN,SHIP,tions. final instructions ha
52773-1,52773,683,84,1,31.00,49094.08,0.00,0.02,N,O,1996-04-09,1996-04-02,1996-04-17,COLLECT COD,SHIP,lent accounts haggle flu
52773-2,52773,1917,18,2,26.00,47291.66,0.10,0.05,N,O,1996-03-31,1996-03-01,1996-04-30,NONE,REG AIR,s haggle. 
52773-3,52773,1714,99,3,47.00,75938.37,0.04,0.06,N,O,1996-01-24,1996-03-24,1996-02-09,TAKE BACK RETURN,MAIL,pending instructions. stealthily even 
52773-4,52773,1241,42,4,39.00,44547.36,0.01,0.01,N,O,1996-02-29,1996-03-21,1996-03-08,TAKE BACK RETURN,FOB,e furiously fina
52773-5,52773,1633,57,5,6.00,9207.78,0.07,0.08,N,O,1996-02-02,1996-03-07,1996-02-06,TAKE BACK RETURN,AIR,en requests. fin
52773-6,52773,1595,36,6,10.00,14965.90,0.00,0.05,N,O,1996-03-16,1996-02-23,1996-04-07,TAKE BACK RETURN,REG AIR,"ding requests. pending, ironic requests "
52773-7,52773,446,76,7,32.00,43086.08,0.06,0.05,N,O,1996-02-01,1996-03-18,1996-02-17,DELIVER IN PERSON,REG AIR,s sleep blithely alo
52774-1,52774,1734,35,1,17.00,27807.41,0.00,0.00,N,O,1997-09-17,1997-07-31,1997-10-13,COLLECT COD,RAIL,quickly. fluffily bo
52774-2,52774,1735,62,2,20.00,32734.60,0.01,0.04,N,O,1997-06-14,1997-07-31,1997-07-12,DELIVER IN PERSON,AIR, special instructions haggle
52774-3,52774,163,16,3,22.00,23389.52,0.08,0.05,N,O,1997-06-27,1997-07-07,1997-07-15,DELIVER IN PERSON,AIR,symptotes. furiously final 
52774-4,52774,1394,33,4,1.00,1295.39,0.05,0.02,N,O,1997-06-13,1997-07-24,1997-07-13,DELIVER IN PERSON,FOB,ven instructions cajole quickly excuses. e
52774-5,52774,344,29,5,23.00,28619.82,0.04,0.06,N,O,1997-08-18,1997-07-31,1997-08-20,NONE,RAIL,ounts nag slyl
52774-6,52774,292,20,6,27.00,32191.83,0.05,0.00,N,O,1997-09-10,1997-07-07,1997-09-29,COLLECT COD,MAIL,ly unusual the
52774-7,52774,1737,38,7,41.00,67187.93,0.05,0.07,N,O,1997-08-06,1997-06-24,1997-08-15,DELIVER IN PERSON,TRUCK,y final somas haggle caref
52775-1,52775,1884,85,1,10.00,17858.80,0.05,0.02,N,O,1997-04-20,1997-03-08,1997-04-30,TAKE BACK RETURN,MAIL,gular packages. theodolites wake blithely
52775-2,52775,629,92,2,30.00,45888.60,0.04,0.01,N,O,1997-04-12,1997-04-13,1997-04-24,COLLECT COD,AIR,excuses integrate blithely blith
52775-3,52775,188,15,3,12.00,13058.16,0.06,0.03,N,O,1997-02-14,1997-04-19,1997-03-12,DELIVER IN PERSON,MAIL,ccounts use fluffi
52800-1,52800,1555,76,1,13.00,18935.15,0.04,0.05,R,F,1993-11-23,1993-11-25,1993-12-14,DELIVER IN PERSON,SHIP,ons wake slyly. finally pending
52800-2,52800,930,65,2,5.00,9154.65,0.06,0.00,R,F,1993-11-09,1993-11-19,1993-12-06,DELIVER IN PERSON,TRUCK,"c, even accounts sleep. expre"
52800-3,52800,440,28,3,34.00,45574.96,0.10,0.02,A,F,1993-12-26,1993-11-27,1993-12-29,TAKE BACK RETURN,SHIP,nal dependencies wake ironical
52800-4,52800,390,19,4,14.00,18065.46,0.08,0.01,R,F,1994-02-02,1994-01-07,1994-02-26,COLLECT COD,SHIP,ependencies impress. carefully regu
52801-1,52801,1035,41,1,42.00,39313.26,0.05,0.02,N,O,1997-08-23,1997-10-05,1997-08-29,DELIVER IN PERSON,REG AIR,t requests. final deposits
52801-2,52801,543,74,2,10.00,14435.40,0.03,0.00,N,O,1997-09-12,1997-10-16,1997-10-06,NONE,FOB,ions use furiously evenly ironic request
52802-1,52802,659,22,1,36.00,56147.40,0.09,0.04,N,O,1996-01-18,1995-12-06,1996-01-19,NONE,MAIL,print furiously. blithely special ideas 
52802-2,52802,1247,85,2,10.00,11482.40,0.03,0.01,N,O,1996-01-23,1995-12-20,1996-02-10,TAKE BACK RETURN,TRUCK,unts wake furiously
52802-3,52802,1559,40,3,5.00,7302.75,0.08,0.05,N,O,1995-11-15,1995-12-16,1995-12-05,DELIVER IN PERSON,AIR,s. slyly e
52802-4,52802,1320,97,4,36.00,43967.52,0.00,0.06,N,O,1996-02-10,1996-01-13,1996-02-13,DELIVER IN PERSON,RAIL,s haggle furiously after the
52802-5,52802,1972,17,5,34.00,63714.98,0.08,0.00,N,O,1996-01-31,1996-01-17,1996-02-01,COLLECT COD,AIR,ld notornis wake enticingly according to th
52802-6,52802,194,47,6,18.00,19695.42,0.02,0.07,N,O,1995-12-26,1995-12-26,1996-01-17,DELIVER IN PERSON,REG AIR,ns. slyly regular packages cajole above 
52803-1,52803,522,23,1,12.00,17070.24,0.01,0.01,A,F,1995-01-19,1994-12-18,1995-02-10,NONE,MAIL,ly ironic packages unwind 
52803-2,52803,677,78,2,43.00,67839.81,0.05,0.02,R,F,1994-11-24,1994-12-14,1994-12-14,TAKE BACK RETURN,TRUCK,old deposits nag slowly
52803-3,52803,1438,39,3,9.00,12054.87,0.03,0.08,A,F,1994-10-22,1994-12-19,1994-10-27,TAKE BACK RETURN,RAIL,"ackages. even, ironic dependencies acros"
52804-1,52804,1528,29,1,6.00,8577.12,0.04,0.03,R,F,1994-11-12,1994-12-15,1994-11-22,COLLECT COD,REG AIR,he slowly f
52805-1,52805,698,30,1,50.00,79934.50,0.08,0.02,N,O,1996-01-22,1995-12-11,1996-02-01,DELIVER IN PERSON,FOB,ptotes along the final instru
52805-2,52805,57,58,2,20.00,19141.00,0.10,0.07,N,O,1996-01-10,1995-12-01,1996-01-17,COLLECT COD,FOB,st blithely notornis. blithely ironic
52805-3,52805,840,74,3,32.00,55706.88,0.05,0.04,N,O,1995-12-06,1995-11-19,1995-12-12,NONE,RAIL,nic instruc
52805-4,52805,48,74,4,30.00,28441.20,0.07,0.04,N,O,1995-11-10,1995-11-04,1995-11-15,DELIVER IN PERSON,FOB,ions integrate. i
52805-5,52805,1729,56,5,32.00,52183.04,0.10,0.06,N,O,1996-01-01,1995-11-18,1996-01-06,DELIVER IN PERSON,TRUCK,xpress deposits across the carefull
52805-6,52805,967,68,6,6.00,11207.76,0.01,0.03,N,O,1995-11-26,1995-11-19,1995-11-30,NONE,FOB,equests; foxes bo
52806-1,52806,1359,74,1,34.00,42851.90,0.00,0.07,N,O,1996-05-07,1996-04-27,1996-05-15,NONE,RAIL,slyly regular accounts. quickly pending a
52806-2,52806,1221,59,2,45.00,50499.90,0.02,0.02,N,O,1996-04-12,1996-04-15,1996-04-29,DELIVER IN PERSON,SHIP,ding platelets wake furiously above
52806-3,52806,481,11,3,29.00,40062.92,0.04,0.05,N,O,1996-06-15,1996-04-24,1996-07-02,DELIVER IN PERSON,AIR,ly special requests. expre
52807-1,52807,112,91,1,49.00,49593.39,0.10,0.01,R,F,1994-03-01,1993-12-26,1994-03-31,TAKE BACK RETURN,REG AIR,regular packages sleep along the pendin
52807-2,52807,400,85,2,29.00,37711.60,0.10,0.04,R,F,1993-12-06,1994-02-15,1994-01-04,COLLECT COD,RAIL,nos. deposits sleep slyly after the 
52807-3,52807,627,90,3,24.00,36662.88,0.03,0.03,R,F,1994-01-22,1994-02-13,1994-02-09,COLLECT COD,FOB,ate. final account
52807-4,52807,583,84,4,2.00,2967.16,0.02,0.02,A,F,1994-01-08,1993-12-27,1994-01-22,COLLECT COD,FOB,blithely final accounts ought to dete
52807-5,52807,1958,59,5,20.00,37199.00,0.10,0.04,R,F,1993-12-18,1994-01-08,1994-01-16,NONE,REG AIR,g packages. quickly pending as
52832-1,52832,1547,88,1,14.00,20279.56,0.01,0.02,N,O,1998-06-06,1998-05-15,1998-06-10,DELIVER IN PERSON,AIR,ounts. carefully even ac
52832-2,52832,870,70,2,24.00,42500.88,0.10,0.03,N,O,1998-04-20,1998-06-10,1998-05-03,NONE,MAIL,bout the regu
52832-3,52832,234,62,3,50.00,56711.50,0.04,0.03,N,O,1998-05-08,1998-04-20,1998-05-09,COLLECT COD,TRUCK,ans believe thinly; ironic excuses 
52832-4,52832,1420,21,4,16.00,21142.72,0.05,0.01,N,O,1998-06-09,1998-06-03,1998-06-22,TAKE BACK RETURN,FOB,he waters sleep 
52832-5,52832,1062,98,5,34.00,32744.04,0.02,0.08,N,O,1998-05-02,1998-06-14,1998-05-18,TAKE BACK RETURN,MAIL, accounts; final platelets sleep af
52833-1,52833,1025,26,1,5.00,4630.10,0.01,0.05,N,O,1996-03-12,1996-03-14,1996-04-01,TAKE BACK RETURN,FOB,lly above the fina
52833-2,52833,1118,91,2,33.00,33630.63,0.10,0.05,N,O,1996-03-22,1996-02-07,1996-03-23,DELIVER IN PERSON,AIR,ly slowly bold depths. deposits haggle bli
52833-3,52833,772,5,3,45.00,75274.65,0.02,0.05,N,O,1996-03-04,1996-03-08,1996-03-12,DELIVER IN PERSON,TRUCK,ole furiously along the slyly ironic accoun
52833-4,52833,865,32,4,46.00,81229.56,0.01,0.08,N,O,1996-01-10,1996-02-18,1996-01-30,COLLECT COD,TRUCK,ven accounts boost among the blithe
52834-1,52834,1398,13,1,27.00,35083.53,0.05,0.00,N,O,1998-03-15,1998-02-03,1998-04-06,DELIVER IN PERSON,SHIP, the furiously thin ideas mold alongs
52834-2,52834,263,91,2,27.00,31408.02,0.06,0.04,N,O,1998-03-05,1998-01-29,1998-03-31,COLLECT COD,AIR,sly unusual requests are slyly accord
52834-3,52834,308,9,3,4.00,4833.20,0.03,0.07,N,O,1998-03-28,1998-01-23,1998-03-31,DELIVER IN PERSON,AIR,to breach. carefully silent deposi
52834-4,52834,821,88,4,48.00,82647.36,0.05,0.03,N,O,1998-02-03,1998-02-06,1998-03-02,NONE,SHIP,ingly special pinto beans na
52834-5,52834,1225,26,5,39.00,43922.58,0.04,0.01,N,O,1998-01-03,1998-02-23,1998-01-25,NONE,MAIL,y ironic excuses nag slyly slyly r
52835-1,52835,592,83,1,44.00,65673.96,0.07,0.01,N,O,1997-10-13,1997-11-10,1997-10-25,DELIVER IN PERSON,AIR,use quickly furiously final patterns. 
52835-2,52835,1105,6,2,45.00,45274.50,0.09,0.01,N,O,1997-10-29,1997-11-24,1997-11-19,DELIVER IN PERSON,SHIP, blithely at the
52835-3,52835,1939,40,3,29.00,53386.97,0.10,0.00,N,O,1997-12-10,1997-10-27,1998-01-07,NONE,AIR,packages. furiously even
52835-4,52835,102,81,4,28.00,28058.80,0.01,0.08,N,O,1997-09-30,1997-11-28,1997-10-22,DELIVER IN PERSON,MAIL,ggle fluffily final ideas. fluffily spec
52835-5,52835,29,5,5,18.00,16722.36,0.01,0.04,N,O,1997-12-19,1997-10-18,1998-01-10,DELIVER IN PERSON,MAIL,arefully? excuses affix qui
52836-1,52836,1571,72,1,32.00,47122.24,0.04,0.05,N,O,1998-07-04,1998-06-29,1998-07-12,COLLECT COD,MAIL,thely through the car
52836-2,52836,1100,71,2,22.00,22024.20,0.01,0.02,N,O,1998-06-03,1998-06-18,1998-06-15,COLLECT COD,TRUCK,counts. furiously even ideas after 
52836-3,52836,1936,69,3,42.00,77193.06,0.09,0.08,N,O,1998-06-20,1998-07-03,1998-07-11,DELIVER IN PERSON,SHIP,fluffy asy
52836-4,52836,638,70,4,41.00,63083.83,0.09,0.07,N,O,1998-07-22,1998-06-30,1998-07-30,NONE,REG AIR, may sleep carefully re
52836-5,52836,1525,6,5,38.00,54207.76,0.05,0.07,N,O,1998-07-06,1998-05-28,1998-07-17,COLLECT COD,AIR,regular deposits dazzle b
52836-6,52836,466,67,6,32.00,43726.72,0.08,0.06,N,O,1998-07-03,1998-05-21,1998-07-27,NONE,REG AIR,ly regular acco
52837-1,52837,1895,82,1,38.00,68281.82,0.01,0.06,A,F,1992-03-13,1992-03-07,1992-04-06,COLLECT COD,TRUCK,ickly final p
52837-2,52837,751,52,2,39.00,64418.25,0.08,0.04,R,F,1992-05-07,1992-03-31,1992-05-16,TAKE BACK RETURN,AIR,affix along the furio
52837-3,52837,366,23,3,45.00,56986.20,0.03,0.00,A,F,1992-05-12,1992-03-22,1992-05-23,NONE,TRUCK,ckly slow asymptotes. regul
52837-4,52837,299,54,4,31.00,37177.99,0.00,0.01,A,F,1992-04-22,1992-03-25,1992-05-19,NONE,AIR,"ress, final asymptotes hag"
52838-1,52838,38,64,1,28.00,26264.84,0.05,0.05,N,O,1998-03-05,1998-01-09,1998-03-21,TAKE BACK RETURN,RAIL, about the foxes. fluffily ironic instruct
52838-2,52838,364,93,2,23.00,29080.28,0.09,0.06,N,O,1997-12-15,1998-01-03,1998-01-11,TAKE BACK RETURN,TRUCK, against the blithely even acc
52838-3,52838,20,21,3,45.00,41400.90,0.07,0.05,N,O,1997-11-19,1998-01-01,1997-11-21,DELIVER IN PERSON,AIR, the furiously ironic asympto
52838-4,52838,1291,3,4,33.00,39345.57,0.08,0.05,N,O,1997-11-25,1998-02-09,1997-12-02,NONE,REG AIR,ages. carefully ironic pint
52838-5,52838,1536,17,5,37.00,53188.61,0.10,0.07,N,O,1998-02-13,1997-12-28,1998-02-19,DELIVER IN PERSON,MAIL,cajole above the fluffily 
52839-1,52839,495,83,1,37.00,51633.13,0.00,0.03,A,F,1993-04-27,1993-05-28,1993-05-04,TAKE BACK RETURN,AIR,ar accounts for the slyly regular
52839-2,52839,398,83,2,46.00,59725.94,0.02,0.02,R,F,1993-06-27,1993-05-26,1993-07-17,TAKE BACK RETURN,TRUCK,g to the silently ironic dolphins grow f
52864-1,52864,738,39,1,6.00,9832.38,0.10,0.08,R,F,1993-11-22,1993-10-10,1993-12-09,DELIVER IN PERSON,FOB,"xpress, pending deposits haggl"
52864-2,52864,1490,8,2,2.00,2782.98,0.04,0.08,A,F,1993-08-24,1993-10-15,1993-09-06,DELIVER IN PERSON,TRUCK,"r the express, final packag"
52864-3,52864,1245,20,3,3.00,3438.72,0.09,0.00,A,F,1993-08-15,1993-10-26,1993-08-25,TAKE BACK RETURN,REG AIR,e blithely d
52864-4,52864,1254,29,4,35.00,40433.75,0.05,0.06,A,F,1993-09-28,1993-09-28,1993-10-17,NONE,TRUCK,y final requests haggle
52864-5,52864,953,88,5,19.00,35225.05,0.05,0.01,A,F,1993-10-26,1993-10-24,1993-11-16,COLLECT COD,TRUCK,ackages cajole at th
52865-1,52865,236,37,1,6.00,6817.38,0.00,0.02,N,O,1996-02-28,1996-03-16,1996-03-27,TAKE BACK RETURN,AIR,ending deposits according to the exp
52865-2,52865,982,17,2,47.00,88500.06,0.09,0.05,N,O,1996-03-15,1996-02-11,1996-03-27,DELIVER IN PERSON,MAIL,ly. slyly bo
52865-3,52865,381,82,3,45.00,57662.10,0.01,0.02,N,O,1996-02-11,1996-03-14,1996-02-21,TAKE BACK RETURN,MAIL,usual pinto be
52865-4,52865,448,49,4,38.00,51240.72,0.04,0.08,N,O,1996-03-16,1996-01-25,1996-03-27,TAKE BACK RETURN,TRUCK,"ecial, final dependencies abou"
52865-5,52865,1255,93,5,28.00,32375.00,0.08,0.01,N,O,1995-12-31,1996-02-18,1996-01-04,TAKE BACK RETURN,REG AIR,en asymptotes. fluffily ir
52865-6,52865,915,84,6,18.00,32686.38,0.06,0.02,N,O,1996-01-02,1996-03-13,1996-01-17,COLLECT COD,FOB, beans. reg
52866-1,52866,454,84,1,34.00,46051.30,0.05,0.04,A,F,1992-07-03,1992-06-19,1992-07-05,COLLECT COD,AIR,ccounts sleep blithely. pendi
52866-2,52866,1082,18,2,14.00,13763.12,0.09,0.03,R,F,1992-07-11,1992-07-15,1992-07-20,NONE,FOB,s deposits. re
52866-3,52866,1656,80,3,1.00,1557.65,0.01,0.01,R,F,1992-08-20,1992-06-22,1992-08-28,TAKE BACK RETURN,REG AIR, integrate furiously instruct
52866-4,52866,47,48,4,35.00,33146.40,0.02,0.02,R,F,1992-05-28,1992-07-23,1992-06-18,DELIVER IN PERSON,REG AIR,ccounts nag according to the packages. 
52866-5,52866,376,61,5,48.00,61265.76,0.01,0.02,A,F,1992-07-23,1992-06-19,1992-07-26,COLLECT COD,RAIL,ial packages boost carefully al
52867-1,52867,947,82,1,24.00,44350.56,0.07,0.04,R,F,1994-12-01,1994-10-21,1994-12-17,NONE,FOB,onic theodolit
52867-2,52867,1979,80,2,3.00,5642.91,0.03,0.01,R,F,1994-09-21,1994-10-17,1994-09-23,DELIVER IN PERSON,AIR,y about the
52867-3,52867,1626,9,3,5.00,7638.10,0.08,0.00,A,F,1994-09-04,1994-10-08,1994-09-23,TAKE BACK RETURN,SHIP, quickly regular deposits are
52868-1,52868,527,28,1,44.00,62810.88,0.03,0.06,R,F,1995-02-23,1995-03-28,1995-02-28,DELIVER IN PERSON,TRUCK,requests. theodolites sol
52868-2,52868,1602,85,2,35.00,52626.00,0.09,0.05,R,F,1995-03-21,1995-04-02,1995-04-01,TAKE BACK RETURN,MAIL, ironic frets. fluffil
52868-3,52868,1067,68,3,45.00,43562.70,0.10,0.04,R,F,1995-05-15,1995-04-19,1995-05-18,NONE,TRUCK,efully final patterns accordi
52868-4,52868,496,26,4,31.00,43291.19,0.01,0.05,N,F,1995-06-04,1995-04-14,1995-06-25,TAKE BACK RETURN,REG AIR,s haggle furiously quickly express requ
52868-5,52868,663,95,5,20.00,31273.20,0.09,0.02,N,F,1995-06-12,1995-03-27,1995-06-30,NONE,RAIL,l instructions 
52868-6,52868,413,72,6,13.00,17074.33,0.08,0.00,A,F,1995-05-06,1995-04-18,1995-05-12,TAKE BACK RETURN,TRUCK,ages across the slyl
52869-1,52869,122,23,1,47.00,48039.64,0.00,0.04,N,O,1996-06-25,1996-06-10,1996-07-19,COLLECT COD,MAIL,ove the quic
52869-2,52869,567,98,2,17.00,24948.52,0.02,0.05,N,O,1996-06-12,1996-06-13,1996-07-04,NONE,MAIL,al packages 
52869-3,52869,958,61,3,13.00,24166.35,0.02,0.01,N,O,1996-04-25,1996-06-26,1996-05-18,DELIVER IN PERSON,RAIL,ully ironic accounts. blithely regular r
52870-1,52870,1437,16,1,49.00,65583.07,0.00,0.01,R,F,1994-04-27,1994-04-10,1994-04-28,COLLECT COD,RAIL,y express dependencies. furiously express
52870-2,52870,905,74,2,14.00,25282.60,0.07,0.03,A,F,1994-05-28,1994-04-26,1994-06-11,DELIVER IN PERSON,MAIL,for the fluffily regular ins
52870-3,52870,1624,7,3,39.00,59499.18,0.09,0.01,R,F,1994-03-11,1994-04-29,1994-04-06,COLLECT COD,AIR,"bout the special, regular"
52870-4,52870,1858,45,4,40.00,70394.00,0.07,0.08,A,F,1994-04-10,1994-04-17,1994-05-08,COLLECT COD,MAIL,y regular asymptotes. quickly pending plate
52871-1,52871,1595,76,1,14.00,20952.26,0.08,0.07,N,O,1995-08-22,1995-07-10,1995-08-31,TAKE BACK RETURN,TRUCK,olites cajole fluffily unus
52871-2,52871,1787,72,2,32.00,54040.96,0.03,0.07,R,F,1995-05-14,1995-07-19,1995-05-16,NONE,TRUCK,"ar, ironic accounts. regular accounts "
52896-1,52896,1023,29,1,47.00,43428.94,0.06,0.07,R,F,1993-12-14,1994-01-13,1993-12-16,TAKE BACK RETURN,MAIL,ar packages cajole slyly alongside of the s
52896-2,52896,1009,10,2,12.00,10920.00,0.04,0.00,R,F,1994-02-21,1993-11-23,1994-03-18,DELIVER IN PERSON,MAIL, blithely even deposits
52896-3,52896,1507,88,3,46.00,64791.00,0.07,0.05,A,F,1993-11-05,1994-01-19,1993-11-16,TAKE BACK RETURN,MAIL,as cajole caref
52896-4,52896,719,84,4,50.00,80985.50,0.01,0.06,A,F,1993-11-15,1993-11-23,1993-12-15,COLLECT COD,MAIL,s. furiously ironi
52896-5,52896,178,31,5,47.00,50673.99,0.07,0.08,R,F,1993-12-26,1993-11-30,1994-01-12,COLLECT COD,RAIL,ully unusual deposits nag. ironic theodo
52896-6,52896,1115,24,6,20.00,20322.20,0.03,0.00,A,F,1993-11-30,1994-01-05,1993-12-03,DELIVER IN PERSON,RAIL, above the ironic deposits cajole slyl
52896-7,52896,414,2,7,20.00,26288.20,0.07,0.08,A,F,1993-12-26,1994-01-12,1994-01-12,NONE,TRUCK,excuses. deposits sleep furiously. express
52897-1,52897,1069,75,1,23.00,22311.38,0.08,0.04,A,F,1994-11-26,1994-10-12,1994-12-20,NONE,RAIL,ng sentiments. c
52897-2,52897,32,83,2,24.00,22368.72,0.10,0.01,A,F,1994-10-25,1994-10-12,1994-11-12,NONE,REG AIR,ogged waters sleep. exc
52897-3,52897,300,28,3,43.00,51612.90,0.00,0.08,A,F,1994-09-01,1994-11-17,1994-09-14,TAKE BACK RETURN,TRUCK,its cajole blithely according to
52897-4,52897,955,24,4,32.00,59390.40,0.01,0.03,R,F,1994-10-30,1994-11-18,1994-11-12,COLLECT COD,SHIP,es about the pending requests
52898-1,52898,593,54,1,28.00,41820.52,0.07,0.08,N,O,1996-04-19,1996-03-15,1996-05-16,TAKE BACK RETURN,MAIL,e slyly bold theodolites run theodolites.
52898-2,52898,1778,21,2,14.00,23516.78,0.06,0.08,N,O,1996-03-05,1996-03-09,1996-03-17,COLLECT COD,TRUCK, silent courts. blithely ir
52898-3,52898,404,5,3,24.00,31305.60,0.01,0.05,N,O,1996-03-10,1996-03-27,1996-04-02,TAKE BACK RETURN,RAIL,y after the quickly regular i
52898-4,52898,197,98,4,6.00,6583.14,0.03,0.06,N,O,1996-04-01,1996-04-05,1996-04-05,DELIVER IN PERSON,AIR, around the doggedly regular p
52898-5,52898,521,82,5,5.00,7107.60,0.09,0.07,N,O,1996-02-22,1996-02-26,1996-03-16,DELIVER IN PERSON,MAIL,ar instructions. slyly bold ac
52898-6,52898,40,66,6,23.00,21620.92,0.03,0.08,N,O,1996-01-31,1996-02-12,1996-02-08,NONE,AIR,ndencies are fluffily r
52899-1,52899,940,43,1,29.00,53387.26,0.05,0.06,N,O,1997-03-17,1997-03-02,1997-03-22,TAKE BACK RETURN,AIR,"furiously final dugouts across the bold,"
52899-2,52899,1063,69,2,30.00,28921.80,0.10,0.03,N,O,1997-01-08,1997-03-08,1997-01-25,DELIVER IN PERSON,SHIP,eposits haggle a
52899-3,52899,1107,80,3,29.00,29234.90,0.03,0.02,N,O,1997-04-13,1997-04-02,1997-04-15,TAKE BACK RETURN,MAIL, above the quickly special theodolites.
52899-4,52899,199,52,4,37.00,40670.03,0.06,0.02,N,O,1997-02-25,1997-02-04,1997-03-14,COLLECT COD,FOB,y alongside of the ironi
52900-1,52900,615,9,1,36.00,54561.96,0.08,0.06,N,O,1995-06-20,1995-07-29,1995-06-27,COLLECT COD,REG AIR,"nal foxes are. express, pe"
52900-2,52900,1500,1,2,4.00,5606.00,0.10,0.02,N,O,1995-08-13,1995-08-19,1995-09-05,NONE,FOB,es. regular foxe
52900-3,52900,1456,57,3,46.00,62442.70,0.08,0.08,N,O,1995-09-13,1995-07-10,1995-09-25,TAKE BACK RETURN,TRUCK, slyly special packages against the
52900-4,52900,192,93,4,41.00,44779.79,0.10,0.08,N,O,1995-07-31,1995-07-03,1995-08-29,TAKE BACK RETURN,TRUCK,ackages boost unusual
52900-5,52900,266,48,5,16.00,18660.16,0.02,0.02,N,O,1995-09-01,1995-08-06,1995-09-03,DELIVER IN PERSON,AIR, courts. ironic d
52900-6,52900,1348,25,6,37.00,46225.58,0.07,0.07,N,O,1995-07-26,1995-07-06,1995-08-20,TAKE BACK RETURN,MAIL,use carefully af
52901-1,52901,1929,30,1,21.00,38449.32,0.01,0.04,N,O,1998-03-12,1998-06-03,1998-03-20,COLLECT COD,RAIL,the even accounts
52901-2,52901,997,32,2,23.00,43653.77,0.01,0.06,N,O,1998-05-31,1998-05-16,1998-06-10,DELIVER IN PERSON,REG AIR,yly unusual courts kindle blithely-
52901-3,52901,911,80,3,12.00,21742.92,0.01,0.08,N,O,1998-05-05,1998-05-03,1998-05-21,COLLECT COD,MAIL,der. silent courts 
52901-4,52901,917,18,4,34.00,61808.94,0.06,0.05,N,O,1998-07-05,1998-05-08,1998-07-24,NONE,REG AIR,cajole! requests n
52901-5,52901,1992,37,5,30.00,56819.70,0.06,0.04,N,O,1998-06-20,1998-04-24,1998-06-22,DELIVER IN PERSON,TRUCK, blithely according to the express ins
52902-1,52902,628,22,1,17.00,25986.54,0.02,0.02,A,F,1993-09-12,1993-09-28,1993-10-06,TAKE BACK RETURN,REG AIR, ironic accounts. slyly close
52902-2,52902,1854,98,2,17.00,29849.45,0.03,0.02,A,F,1993-09-09,1993-10-11,1993-09-29,TAKE BACK RETURN,RAIL,ly. blithely
52902-3,52902,287,15,3,42.00,49865.76,0.09,0.06,A,F,1993-07-25,1993-10-01,1993-08-23,NONE,FOB,"requests. final, unus"
52902-4,52902,102,3,4,14.00,14029.40,0.01,0.01,A,F,1993-07-26,1993-09-21,1993-08-11,NONE,MAIL,p fluffily after th
52902-5,52902,1513,54,5,34.00,48093.34,0.09,0.05,R,F,1993-08-05,1993-09-26,1993-09-03,DELIVER IN PERSON,SHIP,side the slyly regula
52903-1,52903,411,99,1,39.00,51144.99,0.02,0.08,N,O,1996-04-16,1996-05-15,1996-05-16,COLLECT COD,REG AIR,regular packages among the 
52903-2,52903,923,26,2,30.00,54717.60,0.00,0.01,N,O,1996-07-06,1996-05-26,1996-07-08,TAKE BACK RETURN,TRUCK,iously ironic packages are carefully
52903-3,52903,1198,7,3,3.00,3297.57,0.06,0.04,N,O,1996-04-01,1996-05-18,1996-04-07,DELIVER IN PERSON,MAIL,e slyly. regular foxes ca
52903-4,52903,1369,8,4,21.00,26677.56,0.03,0.02,N,O,1996-05-10,1996-06-14,1996-05-25,COLLECT COD,FOB, the slyly ironic packages. furiously 
52903-5,52903,112,13,5,35.00,35423.85,0.04,0.00,N,O,1996-06-18,1996-05-23,1996-06-28,NONE,FOB,t the fluffily regular 
52928-1,52928,1123,24,1,13.00,13313.56,0.00,0.06,N,O,1997-12-02,1997-10-12,1997-12-29,TAKE BACK RETURN,AIR,ckly ironic dependencies hang 
52928-2,52928,1863,64,2,19.00,33532.34,0.01,0.08,N,O,1997-08-31,1997-10-18,1997-09-10,DELIVER IN PERSON,TRUCK,t the slyly sile
52929-1,52929,1657,58,1,38.00,59228.70,0.06,0.06,R,F,1995-06-03,1995-05-24,1995-06-04,DELIVER IN PERSON,AIR,ajole furiously unusual a
52929-2,52929,1372,11,2,47.00,59848.39,0.08,0.06,N,O,1995-07-12,1995-07-03,1995-07-22,COLLECT COD,SHIP,he regular id
52929-3,52929,1321,36,3,23.00,28113.36,0.10,0.06,N,O,1995-07-28,1995-06-26,1995-08-18,NONE,RAIL,encies. slyly final deposits haggle
52929-4,52929,1279,54,4,15.00,17704.05,0.07,0.07,A,F,1995-05-10,1995-05-19,1995-05-23,TAKE BACK RETURN,TRUCK,cies. blithely sil
52929-5,52929,304,89,5,6.00,7225.80,0.03,0.02,N,O,1995-07-30,1995-06-25,1995-08-02,NONE,MAIL,ly pending dolphins use idly about the r
52930-1,52930,149,50,1,30.00,31474.20,0.06,0.01,N,O,1996-01-12,1995-12-23,1996-02-07,DELIVER IN PERSON,MAIL,e about the furiously re
52930-2,52930,842,42,2,12.00,20914.08,0.07,0.07,N,O,1996-02-14,1996-01-12,1996-03-15,COLLECT COD,SHIP,ss requests about the careful
52930-3,52930,1385,24,3,37.00,47596.06,0.04,0.07,N,O,1996-01-28,1996-01-09,1996-02-11,DELIVER IN PERSON,TRUCK,s. furiously regula
52930-4,52930,1974,19,4,50.00,93798.50,0.01,0.05,N,O,1995-11-17,1995-12-16,1995-12-10,TAKE BACK RETURN,RAIL,arefully r
52930-5,52930,1075,11,5,1.00,976.07,0.00,0.05,N,O,1995-12-14,1995-12-28,1996-01-08,TAKE BACK RETURN,FOB,ins after the even requests use aft
52930-6,52930,339,96,6,22.00,27265.26,0.09,0.08,N,O,1995-11-20,1995-12-23,1995-12-17,COLLECT COD,MAIL,inal ideas. furiously even ideas are flu
52930-7,52930,1890,77,7,6.00,10751.34,0.10,0.00,N,O,1995-11-23,1996-01-31,1995-12-17,TAKE BACK RETURN,FOB,lyly against the bol
52931-1,52931,1995,40,1,9.00,17072.91,0.01,0.02,A,F,1993-08-19,1993-06-24,1993-09-03,TAKE BACK RETURN,TRUCK,platelets along the blithely regu
52931-2,52931,799,100,2,10.00,16997.90,0.07,0.05,R,F,1993-05-21,1993-07-11,1993-06-14,DELIVER IN PERSON,REG AIR,p carefully ironic deposit
52931-3,52931,1011,17,3,25.00,22800.25,0.03,0.01,A,F,1993-05-21,1993-05-28,1993-06-17,NONE,TRUCK,nstructions wake carefully 
52931-4,52931,870,70,4,31.00,54896.97,0.08,0.02,A,F,1993-05-31,1993-05-22,1993-06-09,COLLECT COD,REG AIR,ets past the quiet realms 
52931-5,52931,595,56,5,41.00,61319.19,0.10,0.04,R,F,1993-05-08,1993-06-05,1993-06-03,COLLECT COD,AIR,uickly. quickly ironic deposits integrate 
52931-6,52931,660,54,6,33.00,51501.78,0.06,0.03,R,F,1993-08-08,1993-05-26,1993-08-13,DELIVER IN PERSON,TRUCK,"olphins. pending, quic"
52931-7,52931,282,83,7,5.00,5911.40,0.06,0.02,R,F,1993-05-30,1993-07-17,1993-06-22,COLLECT COD,FOB,bout the s
52932-1,52932,1035,71,1,25.00,23400.75,0.07,0.04,R,F,1992-07-31,1992-06-24,1992-08-15,COLLECT COD,FOB,"cording to the ironic, unusual "
52933-1,52933,1467,85,1,48.00,65686.08,0.10,0.07,A,F,1993-12-21,1993-09-30,1994-01-02,DELIVER IN PERSON,AIR,"d foxes. unusual, furious accounts enga"
52933-2,52933,524,55,2,22.00,31339.44,0.04,0.04,A,F,1993-12-06,1993-10-30,1993-12-25,TAKE BACK RETURN,TRUCK,eposits. furiously even attainments cajo
52933-3,52933,1552,53,3,39.00,56688.45,0.03,0.07,R,F,1993-12-05,1993-10-15,1993-12-19,TAKE BACK RETURN,REG AIR, sauternes wake furiously about
52933-4,52933,519,80,4,28.00,39746.28,0.06,0.02,R,F,1993-09-08,1993-11-09,1993-10-06,TAKE BACK RETURN,REG AIR,efully final pinto bea
52933-5,52933,1277,89,5,18.00,21208.86,0.00,0.04,R,F,1993-11-03,1993-11-24,1993-11-19,DELIVER IN PERSON,MAIL,"ronic accounts nag slyly final, even p"
52933-6,52933,1914,15,6,26.00,47213.66,0.07,0.08,R,F,1993-11-07,1993-10-01,1993-11-28,TAKE BACK RETURN,FOB,ns. final foxes cajole around the re
52934-1,52934,538,69,1,26.00,37401.78,0.09,0.03,N,O,1995-09-28,1995-09-24,1995-10-26,COLLECT COD,TRUCK,es. even realms wake slyly spe
52934-2,52934,322,7,2,22.00,26891.04,0.05,0.00,N,O,1995-09-14,1995-09-12,1995-10-04,COLLECT COD,RAIL,arefully deposits: 
52934-3,52934,1240,15,3,49.00,55920.76,0.00,0.03,N,O,1995-09-08,1995-08-27,1995-09-11,NONE,TRUCK,ng the furiously even r
52934-4,52934,1895,82,4,7.00,12578.23,0.02,0.08,N,O,1995-10-11,1995-08-28,1995-11-06,DELIVER IN PERSON,REG AIR, across the furiously regular deposits.
52934-5,52934,1788,15,5,45.00,76040.10,0.08,0.06,N,O,1995-11-24,1995-10-19,1995-12-03,TAKE BACK RETURN,REG AIR, quickly ironic re
52935-1,52935,1699,100,1,45.00,72031.05,0.08,0.06,N,O,1998-09-02,1998-08-26,1998-09-25,DELIVER IN PERSON,RAIL,ges cajole. ironic
52935-2,52935,387,44,2,18.00,23172.84,0.09,0.05,N,O,1998-11-01,1998-09-06,1998-11-13,DELIVER IN PERSON,MAIL,xpress pinto beans 
52935-3,52935,1300,75,3,9.00,10811.70,0.04,0.05,N,O,1998-10-05,1998-09-12,1998-10-22,DELIVER IN PERSON,MAIL,posits. carefully 
52960-1,52960,890,24,1,17.00,30445.13,0.10,0.01,N,O,1997-10-21,1997-10-13,1997-11-13,DELIVER IN PERSON,FOB,e furiously
52961-1,52961,579,80,1,48.00,71019.36,0.03,0.00,N,O,1997-04-29,1997-04-25,1997-05-24,COLLECT COD,SHIP,"t the ironic, careful foxes use bli"
52961-2,52961,1379,94,2,12.00,15364.44,0.02,0.02,N,O,1997-04-01,1997-04-28,1997-04-23,NONE,REG AIR,gular packages across
52961-3,52961,1589,70,3,39.00,58132.62,0.09,0.03,N,O,1997-05-06,1997-04-13,1997-06-02,DELIVER IN PERSON,RAIL,"ts affix. express, even hocke"
52961-4,52961,317,74,4,13.00,15825.03,0.02,0.01,N,O,1997-06-24,1997-04-10,1997-07-02,DELIVER IN PERSON,TRUCK, packages. furious
52961-5,52961,544,75,5,17.00,24557.18,0.05,0.04,N,O,1997-06-21,1997-04-10,1997-07-16,COLLECT COD,RAIL,totes dazz
52961-6,52961,244,99,6,27.00,30894.48,0.09,0.05,N,O,1997-05-08,1997-05-25,1997-05-12,COLLECT COD,AIR,ges. regular instructions pl
52962-1,52962,1247,48,1,39.00,44781.36,0.07,0.00,N,O,1998-06-17,1998-07-09,1998-06-23,COLLECT COD,FOB,uickly. carefully regular i
52962-2,52962,346,75,2,2.00,2492.68,0.10,0.08,N,O,1998-06-13,1998-06-27,1998-07-07,TAKE BACK RETURN,TRUCK,cial pinto beans. ideas sleep ab
52962-3,52962,1384,61,3,37.00,47559.06,0.02,0.01,N,O,1998-08-10,1998-07-30,1998-09-08,DELIVER IN PERSON,AIR,frays haggl
52962-4,52962,79,55,4,5.00,4895.35,0.03,0.05,N,O,1998-09-24,1998-08-09,1998-10-23,TAKE BACK RETURN,AIR, special excuse
52962-5,52962,1920,65,5,9.00,16397.28,0.09,0.08,N,O,1998-07-29,1998-08-25,1998-08-15,NONE,REG AIR, deposits. furiously special pains x
52963-1,52963,197,50,1,32.00,35110.08,0.03,0.07,N,O,1998-03-29,1998-05-15,1998-04-02,COLLECT COD,MAIL,blithely final packages. furiou
52963-2,52963,1260,98,2,21.00,24386.46,0.08,0.02,N,O,1998-03-19,1998-05-28,1998-03-20,DELIVER IN PERSON,FOB,lly regular
52963-3,52963,1071,72,3,41.00,39854.87,0.04,0.08,N,O,1998-04-07,1998-05-28,1998-04-29,TAKE BACK RETURN,RAIL,against the slyly final packages. furiousl
52963-4,52963,289,71,4,6.00,7135.68,0.10,0.08,N,O,1998-05-17,1998-05-11,1998-05-23,NONE,REG AIR,ccounts. pinto beans 
52963-5,52963,990,93,5,45.00,85094.55,0.09,0.06,N,O,1998-03-12,1998-05-17,1998-03-22,TAKE BACK RETURN,TRUCK,hely furious
52963-6,52963,390,19,6,43.00,55486.77,0.07,0.02,N,O,1998-06-01,1998-04-20,1998-06-27,DELIVER IN PERSON,RAIL, the furiously regular requ
52964-1,52964,976,77,1,8.00,15015.76,0.03,0.02,R,F,1993-04-30,1993-06-01,1993-05-30,NONE,MAIL,nal courts sleep quickly for 
52964-2,52964,1255,67,2,31.00,35843.75,0.05,0.00,A,F,1993-06-17,1993-05-27,1993-06-27,DELIVER IN PERSON,MAIL,onic pains: even dependencies alo
52964-3,52964,1651,93,3,14.00,21737.10,0.07,0.04,R,F,1993-04-26,1993-05-26,1993-05-05,COLLECT COD,AIR,s cajole quickly final requests
52964-4,52964,1239,77,4,22.00,25085.06,0.06,0.03,R,F,1993-06-01,1993-05-07,1993-06-06,TAKE BACK RETURN,TRUCK,side of the quickly final packages
52965-1,52965,721,54,1,26.00,42164.72,0.02,0.00,N,O,1996-11-15,1996-10-28,1996-12-07,TAKE BACK RETURN,RAIL, accounts use furiously along the instr
52965-2,52965,828,29,2,30.00,51864.60,0.02,0.08,N,O,1996-11-30,1996-12-02,1996-12-05,NONE,AIR,uctions sl
52965-3,52965,1600,1,3,42.00,63067.20,0.02,0.01,N,O,1997-01-20,1996-11-29,1997-02-11,NONE,SHIP,ven somas haggle furiously. careful depos
52965-4,52965,907,42,4,50.00,90395.00,0.01,0.07,N,O,1996-12-09,1996-11-29,1996-12-11,COLLECT COD,AIR,ideas. furiously special packages aft
52965-5,52965,945,80,5,36.00,66453.84,0.02,0.05,N,O,1997-01-08,1996-11-18,1997-02-01,TAKE BACK RETURN,SHIP,carefully express dependencies wake. 
52965-6,52965,1582,3,6,45.00,66761.10,0.01,0.08,N,O,1997-01-20,1996-11-24,1997-02-09,DELIVER IN PERSON,TRUCK,ains wake carefully abou
52965-7,52965,1697,21,7,42.00,67144.98,0.00,0.07,N,O,1996-10-18,1996-12-01,1996-10-21,TAKE BACK RETURN,SHIP,riously excuses
52966-1,52966,1934,23,1,7.00,12851.51,0.10,0.06,R,F,1993-03-05,1993-01-04,1993-03-27,DELIVER IN PERSON,REG AIR,ong the ironic i
52966-2,52966,1589,90,2,30.00,44717.40,0.02,0.00,R,F,1993-03-05,1993-03-02,1993-04-01,TAKE BACK RETURN,SHIP,uses. pending instructions alo
52967-1,52967,875,9,1,17.00,30189.79,0.10,0.01,N,O,1998-04-30,1998-07-26,1998-05-15,DELIVER IN PERSON,RAIL,ding reque
52967-2,52967,384,69,2,27.00,34678.26,0.00,0.04,N,O,1998-08-16,1998-07-22,1998-08-27,DELIVER IN PERSON,RAIL,e carefully silently bold request
52967-3,52967,13,39,3,37.00,33781.37,0.10,0.05,N,O,1998-07-04,1998-07-05,1998-07-09,COLLECT COD,MAIL,y ironic packages until the
52992-1,52992,1785,28,1,50.00,84339.00,0.00,0.06,N,O,1997-02-14,1997-02-16,1997-02-18,TAKE BACK RETURN,AIR,the slyly regular instructions 
52992-2,52992,1200,37,2,16.00,17619.20,0.07,0.07,N,O,1997-02-11,1997-01-25,1997-02-18,TAKE BACK RETURN,FOB,fully ironic deposits are quickly exp
52992-3,52992,226,81,3,29.00,32660.38,0.01,0.08,N,O,1997-02-04,1997-03-02,1997-02-20,COLLECT COD,AIR, nag regularly within the slyl
52992-4,52992,1864,51,4,48.00,84761.28,0.08,0.03,N,O,1997-01-16,1997-02-06,1997-01-18,TAKE BACK RETURN,RAIL," bold, even requests according to "
52992-5,52992,1290,91,5,2.00,2382.58,0.03,0.00,N,O,1997-03-31,1997-02-24,1997-04-11,TAKE BACK RETURN,REG AIR,"c requests. regular, express"
52993-1,52993,1800,27,1,13.00,22123.40,0.02,0.04,A,F,1992-07-31,1992-09-17,1992-08-06,NONE,MAIL,"lites. silent, final shea"
52993-2,52993,1767,94,2,29.00,48394.04,0.10,0.03,R,F,1992-11-07,1992-10-01,1992-11-17,NONE,SHIP,f the slyly pen
52993-3,52993,976,79,3,31.00,58186.07,0.03,0.05,R,F,1992-08-03,1992-09-22,1992-08-27,DELIVER IN PERSON,SHIP, regular deposit
52994-1,52994,1649,50,1,9.00,13955.76,0.10,0.02,R,F,1995-04-07,1995-01-25,1995-04-15,NONE,MAIL,s. thin packages across the bold dugout
52994-2,52994,275,3,2,31.00,36433.37,0.04,0.03,A,F,1995-03-09,1995-02-19,1995-03-19,COLLECT COD,REG AIR,bout the fu
52994-3,52994,1325,2,3,32.00,39242.24,0.02,0.06,A,F,1995-03-21,1995-02-19,1995-03-26,DELIVER IN PERSON,TRUCK,d requests. carefully regular ac
52995-1,52995,1655,56,1,11.00,17123.15,0.09,0.04,R,F,1992-03-29,1992-04-26,1992-04-24,DELIVER IN PERSON,AIR,pinto beans al
52995-2,52995,5,56,2,7.00,6335.00,0.08,0.08,A,F,1992-06-20,1992-06-02,1992-07-12,DELIVER IN PERSON,AIR,ts sleep carefully fin
52995-3,52995,735,36,3,4.00,6542.92,0.00,0.06,R,F,1992-03-19,1992-05-07,1992-04-16,NONE,FOB,cording to the multip
52995-4,52995,1715,100,4,30.00,48501.30,0.00,0.03,R,F,1992-06-25,1992-04-17,1992-07-10,DELIVER IN PERSON,AIR,bold platelets sle
52996-1,52996,1108,45,1,5.00,5045.50,0.09,0.05,N,O,1996-11-05,1996-10-25,1996-11-17,NONE,RAIL,mptotes. u
52996-2,52996,327,12,2,8.00,9818.56,0.02,0.08,N,O,1996-08-11,1996-10-17,1996-08-19,COLLECT COD,SHIP,uctions among the idle requests thrash sl
52996-3,52996,1995,84,3,5.00,9484.95,0.03,0.07,N,O,1996-09-28,1996-09-14,1996-10-18,DELIVER IN PERSON,REG AIR,"uffily regular instructions. pending, un"
52996-4,52996,521,52,4,11.00,15636.72,0.07,0.01,N,O,1996-10-11,1996-11-03,1996-11-07,COLLECT COD,AIR,y asymptotes-- slyly regular packages among
52997-1,52997,1566,7,1,33.00,48429.48,0.09,0.08,A,F,1994-03-15,1994-04-04,1994-03-17,NONE,RAIL, instructi
52997-2,52997,747,80,2,5.00,8238.70,0.10,0.08,A,F,1994-02-21,1994-04-24,1994-03-02,DELIVER IN PERSON,MAIL,e quickly final 
52997-3,52997,451,52,3,47.00,63518.15,0.06,0.06,R,F,1994-05-23,1994-04-20,1994-06-14,TAKE BACK RETURN,TRUCK,lithely about the carefully silent asym
52998-1,52998,1531,32,1,21.00,30083.13,0.06,0.00,R,F,1993-08-06,1993-10-10,1993-09-04,TAKE BACK RETURN,RAIL, ironic frays; packages
52998-2,52998,1296,97,2,2.00,2394.58,0.08,0.07,A,F,1993-09-14,1993-09-15,1993-10-09,TAKE BACK RETURN,REG AIR,"ess, ironic instructions? b"
52999-1,52999,393,50,1,34.00,43975.26,0.02,0.03,R,F,1992-05-20,1992-06-06,1992-06-03,NONE,TRUCK,tructions. furiously ironic pin
52999-2,52999,1549,30,2,24.00,34812.96,0.10,0.04,A,F,1992-05-08,1992-06-12,1992-05-30,TAKE BACK RETURN,MAIL,counts nag
52999-3,52999,1647,48,3,1.00,1548.64,0.00,0.05,R,F,1992-05-21,1992-06-19,1992-05-26,DELIVER IN PERSON,TRUCK,lithely. furiously regular accounts across 
52999-4,52999,1669,11,4,8.00,12565.28,0.10,0.03,A,F,1992-04-28,1992-07-07,1992-05-14,TAKE BACK RETURN,MAIL,egular requests cajole blithe
52999-5,52999,126,27,5,7.00,7182.84,0.05,0.03,R,F,1992-07-25,1992-06-15,1992-08-24,NONE,MAIL, the slyly b
52999-6,52999,1559,80,6,49.00,71566.95,0.03,0.07,A,F,1992-06-07,1992-07-06,1992-07-01,COLLECT COD,MAIL,lyly bold requests nag fluffily final e
52999-7,52999,1273,74,7,29.00,34053.83,0.04,0.07,R,F,1992-07-30,1992-07-15,1992-08-04,TAKE BACK RETURN,MAIL,eodolites wake since the slyly sp
53024-1,53024,1243,81,1,27.00,30894.48,0.02,0.04,A,F,1992-07-16,1992-08-11,1992-08-11,DELIVER IN PERSON,FOB,arefully regular dependencies w
53024-2,53024,1836,23,2,30.00,52134.90,0.06,0.04,A,F,1992-05-17,1992-08-05,1992-06-03,TAKE BACK RETURN,AIR,ly bold instructions. dogg
53024-3,53024,103,4,3,15.00,15046.50,0.00,0.04,R,F,1992-06-11,1992-08-09,1992-06-22,COLLECT COD,AIR,onic deposits de
53024-4,53024,389,90,4,44.00,56732.72,0.08,0.07,A,F,1992-08-24,1992-07-20,1992-08-29,DELIVER IN PERSON,AIR,xpress packages haggle. f
53024-5,53024,1072,8,5,41.00,39895.87,0.03,0.07,R,F,1992-07-04,1992-07-10,1992-07-27,COLLECT COD,REG AIR,al ideas haggle according to 
53024-6,53024,1402,81,6,44.00,57349.60,0.02,0.03,A,F,1992-09-10,1992-08-08,1992-10-08,NONE,FOB, across the blithely final 
53024-7,53024,1302,79,7,31.00,37302.30,0.10,0.07,A,F,1992-07-06,1992-06-19,1992-07-18,COLLECT COD,REG AIR,lyly special pi
53025-1,53025,541,32,1,2.00,2883.08,0.00,0.06,A,F,1993-05-20,1993-06-03,1993-06-17,COLLECT COD,RAIL,counts. carefully bold requests acco
53025-2,53025,1025,96,2,21.00,19446.42,0.06,0.07,A,F,1993-06-07,1993-06-04,1993-06-12,DELIVER IN PERSON,SHIP,tructions are. furio
53025-3,53025,1931,32,3,30.00,54987.90,0.09,0.04,R,F,1993-07-10,1993-06-04,1993-08-03,NONE,TRUCK,ular deposits boost careful
53026-1,53026,742,75,1,33.00,54210.42,0.09,0.00,R,F,1992-03-02,1992-04-25,1992-03-04,COLLECT COD,SHIP,ven packages cajole with the quickly sp
53026-2,53026,505,6,2,20.00,28110.00,0.07,0.08,A,F,1992-05-02,1992-05-22,1992-05-30,NONE,TRUCK,pecial packages. regular acco
53026-3,53026,1049,50,3,7.00,6650.28,0.04,0.04,A,F,1992-05-25,1992-04-27,1992-06-01,DELIVER IN PERSON,SHIP,s along the blithely pe
53026-4,53026,1238,39,4,41.00,46708.43,0.01,0.01,R,F,1992-05-23,1992-04-02,1992-06-04,TAKE BACK RETURN,REG AIR,e the special packages caj
53027-1,53027,1357,96,1,44.00,55367.40,0.03,0.03,R,F,1993-12-14,1994-01-08,1993-12-28,NONE,REG AIR,ong the even instru
53027-2,53027,1835,22,2,42.00,72946.86,0.05,0.02,R,F,1993-11-29,1994-01-09,1993-12-04,DELIVER IN PERSON,TRUCK,ng theodolites. furiously bol
53027-3,53027,711,8,3,50.00,80585.50,0.00,0.06,A,F,1993-11-20,1993-12-09,1993-11-27,NONE,REG AIR,the carefully even ideas. slyl
53028-1,53028,1048,54,1,7.00,6643.28,0.08,0.01,N,O,1997-05-28,1997-04-04,1997-06-11,NONE,REG AIR,s. instructi
53028-2,53028,1731,58,2,34.00,55512.82,0.04,0.08,N,O,1997-04-27,1997-05-03,1997-05-01,DELIVER IN PERSON,RAIL,beans. furiously regular accounts 
53028-3,53028,1442,60,3,24.00,32242.56,0.09,0.05,N,O,1997-05-02,1997-05-08,1997-05-24,TAKE BACK RETURN,REG AIR,egular epitaphs nag
53028-4,53028,1626,27,4,11.00,16803.82,0.08,0.06,N,O,1997-03-05,1997-04-10,1997-03-08,DELIVER IN PERSON,AIR,posits. furiously final ins
53029-1,53029,828,95,1,31.00,53593.42,0.06,0.02,R,F,1994-10-22,1994-08-29,1994-11-03,TAKE BACK RETURN,SHIP,ld accounts
53029-2,53029,118,97,2,39.00,39706.29,0.02,0.08,A,F,1994-09-20,1994-10-04,1994-10-20,COLLECT COD,TRUCK,ccording to the furious
53029-3,53029,762,63,3,32.00,53208.32,0.04,0.04,R,F,1994-11-01,1994-09-23,1994-11-26,COLLECT COD,SHIP,about the requests. furiously unusua
53029-4,53029,1349,50,4,37.00,46262.58,0.07,0.02,A,F,1994-08-29,1994-08-29,1994-09-17,TAKE BACK RETURN,REG AIR,slyly quickly regular deposits. bold cou
53029-5,53029,461,20,5,44.00,59904.24,0.00,0.00,A,F,1994-09-02,1994-10-26,1994-09-10,TAKE BACK RETURN,AIR,carefully eve
53030-1,53030,531,32,1,35.00,50103.55,0.07,0.00,N,O,1996-09-01,1996-06-10,1996-09-05,COLLECT COD,FOB,egrate quickly: furiously even hockey pl
53030-2,53030,1708,9,2,45.00,72436.50,0.09,0.06,N,O,1996-05-10,1996-07-03,1996-05-31,DELIVER IN PERSON,MAIL,cial dependencies. fu
53030-3,53030,25,1,3,19.00,17575.38,0.03,0.07,N,O,1996-08-15,1996-08-04,1996-09-07,DELIVER IN PERSON,SHIP, blithely ir
53030-4,53030,1413,14,4,48.00,63091.68,0.10,0.05,N,O,1996-07-31,1996-07-19,1996-08-26,DELIVER IN PERSON,TRUCK,ly forges 
53031-1,53031,20,71,1,48.00,44160.96,0.04,0.04,N,O,1997-09-12,1997-10-03,1997-09-15,COLLECT COD,TRUCK,onic packages according to the blith
53056-1,53056,246,47,1,25.00,28656.00,0.10,0.07,N,O,1996-02-05,1995-12-11,1996-02-28,TAKE BACK RETURN,MAIL,ffily unusual instruc
53056-2,53056,1976,77,2,26.00,48827.22,0.05,0.08,N,O,1995-11-18,1995-12-31,1995-12-09,DELIVER IN PERSON,FOB,sts sleep closely carefully pending pa
53056-3,53056,449,37,3,18.00,24289.92,0.00,0.02,N,O,1996-01-20,1996-01-05,1996-02-03,DELIVER IN PERSON,MAIL,uches; regular foxes boost 
53056-4,53056,273,74,4,49.00,57490.23,0.06,0.07,N,O,1996-02-26,1995-12-04,1996-03-04,NONE,MAIL,kages cajole furiously alongside of the f
53057-1,53057,1585,6,1,21.00,31218.18,0.05,0.04,A,F,1993-11-04,1993-09-05,1993-11-05,TAKE BACK RETURN,REG AIR,sly around the ironic pa
53057-2,53057,1654,37,2,14.00,21779.10,0.06,0.03,A,F,1993-08-23,1993-09-13,1993-09-04,DELIVER IN PERSON,REG AIR,ular packages. carefully final pa
53057-3,53057,587,48,3,26.00,38677.08,0.09,0.04,A,F,1993-09-23,1993-10-06,1993-10-06,DELIVER IN PERSON,SHIP,ckly after the bold deposits. 
53057-4,53057,417,18,4,24.00,31617.84,0.02,0.07,R,F,1993-10-12,1993-10-16,1993-11-10,DELIVER IN PERSON,RAIL,the regular platelets. regular d
53057-5,53057,1515,96,5,25.00,35412.75,0.05,0.05,R,F,1993-10-21,1993-09-07,1993-11-14,NONE,MAIL,ess instructions within t
53057-6,53057,1530,71,6,16.00,22904.48,0.09,0.06,R,F,1993-09-02,1993-10-10,1993-09-17,COLLECT COD,RAIL,jole furiously furiousl
53057-7,53057,376,5,7,47.00,59989.39,0.02,0.01,A,F,1993-10-01,1993-09-07,1993-10-28,DELIVER IN PERSON,TRUCK,ely pending deposits. f
53058-1,53058,813,47,1,31.00,53128.11,0.07,0.02,N,O,1998-01-27,1998-03-17,1998-02-08,DELIVER IN PERSON,REG AIR,"ly across the even, bold package"
53058-2,53058,584,75,2,8.00,11876.64,0.08,0.00,N,O,1998-01-23,1998-04-08,1998-02-09,TAKE BACK RETURN,FOB,inal foxes detect slyly across the bra
53059-1,53059,1358,97,1,30.00,37780.50,0.02,0.03,N,O,1997-07-15,1997-06-23,1997-07-22,NONE,FOB,reful requests are. furious
53059-2,53059,1173,10,2,20.00,21483.40,0.06,0.03,N,O,1997-04-25,1997-05-29,1997-05-04,TAKE BACK RETURN,FOB, tithes sleep furi
53059-3,53059,1271,83,3,41.00,48063.07,0.03,0.06,N,O,1997-06-23,1997-06-16,1997-06-28,COLLECT COD,RAIL,l accounts. theodolites according to 
53059-4,53059,1770,71,4,12.00,20061.24,0.03,0.01,N,O,1997-07-03,1997-05-14,1997-07-08,DELIVER IN PERSON,TRUCK,ar courts cajole al
53059-5,53059,1867,97,5,24.00,42452.64,0.00,0.07,N,O,1997-04-06,1997-05-02,1997-04-26,DELIVER IN PERSON,AIR,und the express
53060-1,53060,1546,67,1,24.00,34740.96,0.07,0.08,R,F,1993-06-30,1993-04-24,1993-07-23,COLLECT COD,REG AIR,o beans wake furiously unusual pac
53060-2,53060,1338,53,2,46.00,57009.18,0.04,0.02,R,F,1993-04-23,1993-06-07,1993-04-26,DELIVER IN PERSON,RAIL,sual requests alon
53060-3,53060,1480,81,3,50.00,69074.00,0.08,0.05,R,F,1993-04-23,1993-05-10,1993-05-14,COLLECT COD,FOB,ngside of the carefully silen
53060-4,53060,1308,9,4,24.00,29023.20,0.06,0.08,R,F,1993-05-07,1993-04-29,1993-05-12,COLLECT COD,REG AIR,gular pinto beans are after the ironic in
53061-1,53061,529,20,1,1.00,1429.52,0.02,0.01,N,O,1995-09-06,1995-10-01,1995-10-04,TAKE BACK RETURN,SHIP,"e over the final, ironic packages. slyl"
53061-2,53061,1306,83,2,34.00,41048.20,0.01,0.00,N,O,1995-09-26,1995-09-18,1995-10-08,NONE,TRUCK,s engage carefully car
53061-3,53061,1601,84,3,6.00,9015.60,0.06,0.01,N,O,1995-08-09,1995-09-28,1995-08-31,TAKE BACK RETURN,MAIL,e quickly silent excuses: sl
53061-4,53061,760,61,4,19.00,31554.44,0.05,0.04,N,O,1995-10-29,1995-10-03,1995-11-06,TAKE BACK RETURN,AIR, quickly even in
53061-5,53061,963,64,5,50.00,93198.00,0.00,0.08,N,O,1995-08-17,1995-10-18,1995-09-08,TAKE BACK RETURN,FOB,"ts. final, bold instruct"
53062-1,53062,335,20,1,37.00,45707.21,0.02,0.00,A,F,1994-12-14,1994-10-16,1994-12-15,DELIVER IN PERSON,TRUCK,sts nag to the slyly even pinto bea
53062-2,53062,916,19,2,22.00,39972.02,0.09,0.02,A,F,1994-11-18,1994-11-10,1994-11-22,DELIVER IN PERSON,FOB,ons. slyly even packages haggl
53062-3,53062,10,61,3,26.00,23660.26,0.00,0.05,A,F,1994-09-01,1994-11-12,1994-09-25,DELIVER IN PERSON,RAIL,gular acco
53062-4,53062,42,43,4,20.00,18840.80,0.06,0.00,A,F,1994-09-10,1994-10-01,1994-09-18,NONE,TRUCK,y regular platelets. bold packages 
53062-5,53062,985,54,5,32.00,60351.36,0.03,0.02,R,F,1994-12-10,1994-11-02,1994-12-28,DELIVER IN PERSON,REG AIR,cial accounts cajole b
53063-1,53063,1525,66,1,44.00,62766.88,0.00,0.04,N,O,1997-03-30,1997-03-19,1997-04-29,COLLECT COD,SHIP,en asymptotes. packages along t
53088-1,53088,479,67,1,50.00,68973.50,0.02,0.06,N,O,1996-04-01,1996-02-13,1996-04-15,NONE,RAIL,riously even foxes along the blithely s
53088-2,53088,161,62,2,11.00,11672.76,0.10,0.03,N,O,1996-04-07,1996-01-23,1996-05-02,TAKE BACK RETURN,TRUCK,ckly. carefully express account
53088-3,53088,1788,73,3,42.00,70970.76,0.08,0.05,N,O,1996-02-08,1996-03-05,1996-03-09,TAKE BACK RETURN,REG AIR, deposits wake above the foxes
53088-4,53088,1506,7,4,10.00,14075.00,0.08,0.07,N,O,1996-02-01,1996-03-01,1996-02-15,DELIVER IN PERSON,FOB,"he regular, ironic pinto beans. quickl"
53088-5,53088,72,98,5,43.00,41799.01,0.02,0.06,N,O,1995-12-15,1996-01-11,1995-12-23,NONE,SHIP,in slyly along the furiously ironic sauter
53088-6,53088,729,94,6,16.00,26075.52,0.06,0.05,N,O,1996-03-22,1996-01-28,1996-04-14,TAKE BACK RETURN,REG AIR, slyly acco
53089-1,53089,113,40,1,4.00,4052.44,0.07,0.01,N,O,1998-05-21,1998-07-02,1998-05-22,TAKE BACK RETURN,RAIL,. blithely unusual instructions pas
53089-2,53089,1844,88,2,17.00,29679.28,0.03,0.00,N,O,1998-05-17,1998-06-02,1998-05-21,COLLECT COD,RAIL,nst the special requests.
53090-1,53090,1010,81,1,4.00,3644.04,0.08,0.07,A,F,1994-06-29,1994-06-08,1994-07-02,DELIVER IN PERSON,MAIL,ts. slyly bold dugouts sleep fluffily am
53091-1,53091,595,26,1,28.00,41876.52,0.09,0.04,N,O,1996-08-22,1996-07-09,1996-09-19,DELIVER IN PERSON,RAIL,l packages caj
53091-2,53091,1435,36,2,46.00,61475.78,0.02,0.00,N,O,1996-09-17,1996-08-18,1996-09-18,TAKE BACK RETURN,REG AIR,dependencies cajole blithely carefully e
53091-3,53091,355,12,3,16.00,20085.60,0.09,0.06,N,O,1996-09-08,1996-08-06,1996-09-20,COLLECT COD,AIR,lets are blithely. silent theodolites
53091-4,53091,1700,1,4,47.00,75279.90,0.08,0.06,N,O,1996-09-01,1996-08-04,1996-09-08,TAKE BACK RETURN,SHIP,ly bold requests on the unusual th
53091-5,53091,1403,82,5,12.00,15652.80,0.05,0.02,N,O,1996-08-28,1996-08-08,1996-09-21,COLLECT COD,RAIL,e about the c
53091-6,53091,1222,60,6,5.00,5616.10,0.02,0.06,N,O,1996-07-15,1996-08-31,1996-08-03,TAKE BACK RETURN,MAIL, final depe
53091-7,53091,992,27,7,21.00,39752.79,0.02,0.05,N,O,1996-07-23,1996-08-04,1996-07-26,NONE,SHIP,"ven, regular i"
53092-1,53092,1382,83,1,39.00,50051.82,0.09,0.06,N,O,1998-01-03,1998-03-04,1998-01-30,NONE,SHIP,t the furio
53093-1,53093,643,37,1,27.00,41678.28,0.00,0.02,R,F,1993-04-15,1993-07-11,1993-04-27,NONE,SHIP,y even packages.
53094-1,53094,67,18,1,47.00,45451.82,0.08,0.04,N,O,1998-01-27,1998-02-08,1998-02-24,NONE,FOB,deposits. slyly even ideas a
53095-1,53095,332,17,1,35.00,43131.55,0.05,0.08,N,O,1997-12-15,1997-12-25,1998-01-02,TAKE BACK RETURN,AIR,c accounts print blithely
53120-1,53120,1647,30,1,16.00,24778.24,0.03,0.05,R,F,1992-07-08,1992-08-04,1992-08-02,DELIVER IN PERSON,TRUCK,y quiet the
53120-2,53120,1128,65,2,27.00,27786.24,0.06,0.00,A,F,1992-05-21,1992-07-03,1992-06-08,TAKE BACK RETURN,AIR,out the slyly unusual packages. carefull
53120-3,53120,1632,33,3,19.00,29138.97,0.05,0.03,R,F,1992-07-04,1992-08-04,1992-07-31,NONE,RAIL,e blithely final requests: blith
53120-4,53120,755,56,4,9.00,14901.75,0.05,0.03,A,F,1992-06-27,1992-06-26,1992-07-08,TAKE BACK RETURN,MAIL,ual accounts serve fluffily express d
53120-5,53120,1545,26,5,13.00,18805.02,0.08,0.01,R,F,1992-05-19,1992-08-04,1992-06-02,COLLECT COD,SHIP,"pendencies. express, final deposits again"
53121-1,53121,1395,10,1,14.00,18149.46,0.03,0.00,N,O,1996-02-02,1996-03-22,1996-02-15,NONE,AIR,ly across t
53121-2,53121,74,25,2,22.00,21429.54,0.07,0.00,N,O,1996-04-07,1996-02-19,1996-04-17,DELIVER IN PERSON,REG AIR,ial epitaphs. slyly special deposits sleep
53121-3,53121,1819,6,3,21.00,36137.01,0.08,0.03,N,O,1996-05-01,1996-03-16,1996-05-30,TAKE BACK RETURN,AIR, across the slyly un
53121-4,53121,1705,32,4,6.00,9640.20,0.03,0.04,N,O,1996-04-12,1996-03-31,1996-04-14,COLLECT COD,SHIP,"as detect. bold, bold"
53121-5,53121,719,16,5,41.00,66408.11,0.02,0.02,N,O,1996-01-26,1996-03-09,1996-02-21,COLLECT COD,AIR,regular accounts. thi
53121-6,53121,1674,75,6,17.00,26786.39,0.08,0.08,N,O,1996-05-07,1996-03-09,1996-05-18,TAKE BACK RETURN,MAIL,nto beans after the slowly ironic instruc
53122-1,53122,798,31,1,29.00,49264.91,0.05,0.00,N,O,1995-07-15,1995-09-24,1995-08-10,DELIVER IN PERSON,TRUCK,blithely final packages are
53123-1,53123,1107,8,1,24.00,24194.40,0.09,0.00,A,F,1994-09-04,1994-10-06,1994-09-19,COLLECT COD,AIR,ully even acco
53123-2,53123,22,48,2,34.00,31348.68,0.05,0.05,A,F,1994-09-15,1994-11-03,1994-10-08,TAKE BACK RETURN,AIR,ckly pending instructions use along the fin
53123-3,53123,510,71,3,4.00,5642.04,0.05,0.04,R,F,1994-10-09,1994-10-11,1994-11-04,DELIVER IN PERSON,RAIL,cajole blithely. regul
53123-4,53123,410,98,4,4.00,5241.64,0.05,0.03,A,F,1994-09-21,1994-10-15,1994-10-08,TAKE BACK RETURN,REG AIR,"y final, silent ideas. enticing accounts "
53123-5,53123,1468,8,5,17.00,23280.82,0.04,0.03,R,F,1994-12-21,1994-11-26,1995-01-02,COLLECT COD,TRUCK,"ly about the foxes. express, unusual i"
53123-6,53123,1702,87,6,20.00,32074.00,0.01,0.00,A,F,1994-12-27,1994-10-11,1994-12-30,COLLECT COD,FOB, final foxes wake carefully. slyly 
53124-1,53124,1027,33,1,38.00,35264.76,0.07,0.08,A,F,1993-02-12,1993-03-06,1993-03-06,TAKE BACK RETURN,TRUCK,hely regular asympt
53124-2,53124,973,42,2,7.00,13117.79,0.04,0.07,A,F,1993-02-23,1993-03-12,1993-03-05,NONE,REG AIR,y above the ideas. 
53125-1,53125,837,37,1,36.00,62561.88,0.06,0.04,N,O,1998-09-10,1998-09-01,1998-09-20,NONE,AIR,ests haggle slyly stealthily
53125-2,53125,801,1,2,46.00,78282.80,0.10,0.00,N,O,1998-08-06,1998-09-19,1998-08-09,TAKE BACK RETURN,REG AIR,pecial dependencies
53125-3,53125,1173,46,3,2.00,2148.34,0.10,0.02,N,O,1998-09-29,1998-09-16,1998-10-29,NONE,SHIP,es. furiously ironic deposits nag
53125-4,53125,1708,93,4,5.00,8048.50,0.06,0.00,N,O,1998-10-18,1998-10-06,1998-11-13,COLLECT COD,RAIL,telets against the quickly unusual de
53125-5,53125,602,3,5,25.00,37565.00,0.04,0.08,N,O,1998-11-14,1998-09-27,1998-11-16,NONE,REG AIR,odolites use quickly blithel
53126-1,53126,1192,93,1,11.00,12025.09,0.06,0.02,A,F,1995-01-02,1995-01-10,1995-01-18,TAKE BACK RETURN,FOB,efully ironic asymptotes cajole doggedly
53127-1,53127,137,16,1,34.00,35262.42,0.08,0.05,N,O,1995-07-07,1995-07-19,1995-08-04,TAKE BACK RETURN,REG AIR,the furiously even idea
53127-2,53127,219,74,2,35.00,39172.35,0.06,0.08,N,O,1995-07-01,1995-06-12,1995-07-23,TAKE BACK RETURN,AIR,tealthy instructions; 
53127-3,53127,1524,45,3,11.00,15680.72,0.04,0.06,N,F,1995-06-02,1995-07-17,1995-06-23,NONE,FOB,ccounts use instead of the careful
53127-4,53127,278,60,4,45.00,53022.15,0.09,0.07,N,O,1995-09-08,1995-06-15,1995-09-29,NONE,SHIP,furiously regular 
53127-5,53127,1644,45,5,5.00,7728.20,0.10,0.02,N,O,1995-06-27,1995-06-17,1995-07-20,DELIVER IN PERSON,FOB,unusual ideas boo
53152-1,53152,971,40,1,15.00,28079.55,0.08,0.03,R,F,1994-05-13,1994-04-19,1994-05-29,NONE,SHIP," packages. final, final"
53152-2,53152,883,50,2,9.00,16054.92,0.05,0.05,A,F,1994-04-26,1994-05-07,1994-05-24,DELIVER IN PERSON,MAIL,st requests. carefully express the
53152-3,53152,935,4,3,11.00,20195.23,0.02,0.04,R,F,1994-07-02,1994-05-09,1994-07-24,COLLECT COD,RAIL,nusual requests sleep slyly. slyl
53152-4,53152,1173,82,4,26.00,27928.42,0.07,0.03,R,F,1994-04-13,1994-04-20,1994-05-12,TAKE BACK RETURN,REG AIR,kages. carefully ironi
53152-5,53152,783,16,5,31.00,52197.18,0.04,0.08,A,F,1994-03-15,1994-06-04,1994-04-12,TAKE BACK RETURN,MAIL,rash slyly at th
53153-1,53153,594,25,1,43.00,64267.37,0.09,0.03,A,F,1994-09-29,1994-12-13,1994-10-21,NONE,RAIL,ests are carefully along
53153-2,53153,398,83,2,18.00,23371.02,0.05,0.06,A,F,1994-11-25,1994-11-27,1994-12-14,COLLECT COD,AIR,enticingly express packages. waters wa
53153-3,53153,1072,78,3,38.00,36976.66,0.08,0.07,R,F,1994-11-01,1994-11-01,1994-11-11,DELIVER IN PERSON,AIR, final requests haggle quic
53153-4,53153,973,76,4,41.00,76832.77,0.05,0.01,R,F,1994-11-25,1994-11-18,1994-12-12,DELIVER IN PERSON,TRUCK,regular requests about the 
53154-1,53154,1782,67,1,28.00,47145.84,0.02,0.00,R,F,1992-05-10,1992-05-19,1992-06-06,COLLECT COD,TRUCK, the blithely final deposits.
53155-1,53155,1700,42,1,4.00,6406.80,0.05,0.02,N,O,1996-12-14,1996-10-27,1996-12-20,DELIVER IN PERSON,TRUCK,across the unusual excuses.
53155-2,53155,1695,96,2,40.00,63867.60,0.08,0.06,N,O,1996-11-12,1996-12-09,1996-12-07,DELIVER IN PERSON,RAIL, x-ray carefully regu
53155-3,53155,54,55,3,36.00,34345.80,0.09,0.03,N,O,1996-12-22,1996-10-23,1996-12-31,NONE,FOB,y express ideas
53155-4,53155,761,58,4,44.00,73117.44,0.04,0.04,N,O,1996-12-04,1996-11-28,1996-12-27,COLLECT COD,TRUCK,"ing, pending instructions. "
53155-5,53155,626,89,5,31.00,47325.22,0.00,0.01,N,O,1997-01-12,1996-10-29,1997-01-17,COLLECT COD,TRUCK,ges cajole carefully ironic deposi
53155-6,53155,173,26,6,12.00,12878.04,0.00,0.01,N,O,1996-10-06,1996-12-02,1996-10-28,NONE,RAIL,special pin
53156-1,53156,1505,26,1,3.00,4219.50,0.09,0.02,A,F,1992-03-25,1992-04-11,1992-04-03,DELIVER IN PERSON,AIR,"e, special accounts detect final the"
53156-2,53156,265,93,2,5.00,5826.30,0.01,0.06,A,F,1992-05-24,1992-05-26,1992-06-22,NONE,RAIL,odolites nag quickly even platel
53156-3,53156,483,84,3,44.00,60873.12,0.07,0.04,R,F,1992-04-26,1992-06-03,1992-05-01,DELIVER IN PERSON,SHIP,efully requests. blit
53157-1,53157,1454,72,1,13.00,17620.85,0.03,0.07,N,O,1997-07-15,1997-06-01,1997-07-26,NONE,MAIL,es; carefully pending accounts across the c
53157-2,53157,603,66,2,16.00,24057.60,0.06,0.00,N,O,1997-08-19,1997-07-14,1997-08-20,DELIVER IN PERSON,SHIP,"ar, ironic accounts. furiously spec"
53158-1,53158,1853,97,1,17.00,29832.45,0.07,0.07,N,O,1997-04-25,1997-07-04,1997-05-05,DELIVER IN PERSON,FOB,ld theodolite
53158-2,53158,780,13,2,2.00,3361.56,0.04,0.08,N,O,1997-04-21,1997-06-24,1997-05-12,DELIVER IN PERSON,REG AIR," slyly unusual, pend"
53158-3,53158,491,50,3,36.00,50093.64,0.00,0.07,N,O,1997-05-16,1997-06-17,1997-05-27,NONE,REG AIR,es. fluffily unusual packages n
53158-4,53158,1340,79,4,6.00,7448.04,0.05,0.06,N,O,1997-05-06,1997-05-15,1997-05-07,DELIVER IN PERSON,TRUCK,ructions. fluffily 
53158-5,53158,1127,28,5,46.00,47293.52,0.00,0.07,N,O,1997-05-03,1997-06-07,1997-05-10,COLLECT COD,AIR,"gular requests doubt regularly ironic, s"
53158-6,53158,541,32,6,36.00,51895.44,0.02,0.04,N,O,1997-07-24,1997-06-12,1997-08-12,NONE,MAIL, ideas. packages eat carefully 
53158-7,53158,84,85,7,39.00,38379.12,0.05,0.02,N,O,1997-08-02,1997-06-07,1997-08-24,COLLECT COD,MAIL,s haggle. blithely bold asymptot
53159-1,53159,1552,53,1,26.00,37792.30,0.08,0.03,R,F,1992-04-15,1992-04-02,1992-05-03,TAKE BACK RETURN,AIR, accounts wake slyly on the 
53159-2,53159,680,43,2,37.00,58485.16,0.00,0.02,A,F,1992-06-10,1992-04-27,1992-07-04,DELIVER IN PERSON,SHIP,"sleep. regular, even pinto"
53159-3,53159,1158,59,3,38.00,40247.70,0.10,0.01,R,F,1992-03-31,1992-04-28,1992-04-26,NONE,REG AIR, accounts above the slyly fin
53159-4,53159,888,22,4,11.00,19677.68,0.02,0.03,R,F,1992-03-31,1992-03-28,1992-04-22,DELIVER IN PERSON,AIR, regular realms. slyly
53159-5,53159,1549,50,5,23.00,33362.42,0.09,0.03,R,F,1992-03-14,1992-03-18,1992-03-16,DELIVER IN PERSON,REG AIR,tes above the final packages wake flu
53184-1,53184,1636,60,1,43.00,66118.09,0.10,0.00,N,O,1998-04-13,1998-04-13,1998-05-07,COLLECT COD,SHIP,s impress alongside of the quickly regul
53184-2,53184,1841,71,2,31.00,54028.04,0.00,0.01,N,O,1998-04-28,1998-03-28,1998-05-22,TAKE BACK RETURN,FOB,"uffily ironic, fluffy accoun"
53184-3,53184,304,89,3,4.00,4817.20,0.09,0.08,N,O,1998-02-10,1998-05-06,1998-03-06,DELIVER IN PERSON,RAIL, maintain fluffil
53185-1,53185,237,92,1,29.00,32979.67,0.06,0.06,R,F,1994-02-24,1994-02-11,1994-03-17,COLLECT COD,SHIP," special, ironic instructio"
53185-2,53185,522,23,2,42.00,59745.84,0.03,0.04,R,F,1993-12-27,1994-02-21,1994-01-24,DELIVER IN PERSON,SHIP,efully final
53186-1,53186,277,5,1,33.00,38849.91,0.02,0.00,N,O,1997-02-01,1997-02-13,1997-02-18,COLLECT COD,TRUCK,deposits. quic
53186-2,53186,1832,76,2,39.00,67619.37,0.08,0.01,N,O,1996-12-14,1997-02-17,1996-12-26,NONE,FOB,posits are blit
53186-3,53186,200,53,3,27.00,29705.40,0.04,0.04,N,O,1996-12-25,1997-02-22,1997-01-17,DELIVER IN PERSON,AIR,ses. even ideas nag furiously. even depos
53186-4,53186,454,55,4,38.00,51469.10,0.08,0.06,N,O,1997-01-14,1997-01-25,1997-01-15,TAKE BACK RETURN,REG AIR, slyly express requests. caref
53187-1,53187,790,91,1,26.00,43960.54,0.05,0.06,A,F,1994-03-08,1994-01-26,1994-03-24,DELIVER IN PERSON,RAIL,the quickly final in
53187-2,53187,1108,17,2,11.00,11100.10,0.06,0.03,A,F,1994-02-04,1994-01-07,1994-02-25,TAKE BACK RETURN,TRUCK,cajole fluffily furiously even accoun
53187-3,53187,802,36,3,21.00,35758.80,0.07,0.08,R,F,1993-11-22,1994-01-12,1993-12-03,DELIVER IN PERSON,TRUCK,"ring accounts cajole furiously. final, spe"
53187-4,53187,1261,99,4,10.00,11622.60,0.10,0.00,R,F,1994-02-14,1994-01-02,1994-03-09,COLLECT COD,AIR,at the carefully pending instructions. un
53187-5,53187,136,15,5,8.00,8289.04,0.05,0.02,A,F,1993-11-17,1994-01-22,1993-12-04,COLLECT COD,SHIP, furiously pe
53188-1,53188,1584,25,1,24.00,35653.92,0.03,0.01,R,F,1992-11-27,1993-01-03,1992-12-23,NONE,FOB,aggle furiously 
53188-2,53188,166,45,2,5.00,5330.80,0.04,0.03,A,F,1992-11-18,1992-12-12,1992-11-30,COLLECT COD,FOB,"wake. even, final excuses"
53188-3,53188,1162,35,3,19.00,20200.04,0.10,0.05,R,F,1992-11-30,1992-12-30,1992-12-19,COLLECT COD,SHIP,ackages. slyly even multipliers
53189-1,53189,1056,62,1,7.00,6699.35,0.01,0.04,N,O,1995-10-17,1995-11-21,1995-11-07,NONE,AIR,refully ironic packages affix ac
53189-2,53189,1,77,2,3.00,2703.00,0.03,0.01,N,O,1995-09-30,1995-11-07,1995-10-30,COLLECT COD,FOB,riously final packa
53189-3,53189,503,64,3,21.00,29473.50,0.07,0.08,N,O,1995-10-27,1995-11-19,1995-11-09,TAKE BACK RETURN,FOB,ong the furiously special requests. 
53189-4,53189,1585,26,4,2.00,2973.16,0.03,0.02,N,O,1995-09-08,1995-10-09,1995-09-14,NONE,TRUCK,ages sleep furiously abo
53190-1,53190,1717,18,1,9.00,14568.39,0.05,0.02,A,F,1994-12-04,1994-10-26,1994-12-27,NONE,RAIL,hockey players. pe
53190-2,53190,15,16,2,43.00,39345.43,0.01,0.03,A,F,1994-11-12,1994-11-15,1994-11-28,COLLECT COD,MAIL,express excus
53190-3,53190,10,61,3,16.00,14560.16,0.10,0.03,A,F,1994-09-30,1994-11-25,1994-10-04,DELIVER IN PERSON,TRUCK,pendencies. furiously regular theodolites 
53190-4,53190,354,11,4,9.00,11289.15,0.09,0.06,A,F,1995-01-19,1994-11-20,1995-01-30,COLLECT COD,AIR,c accounts. instruct
53190-5,53190,1868,12,5,20.00,35397.20,0.04,0.07,R,F,1994-12-26,1994-10-28,1995-01-07,TAKE BACK RETURN,SHIP,ly regular packages sleep sly
53190-6,53190,610,42,6,9.00,13595.49,0.09,0.02,A,F,1995-01-24,1994-11-05,1995-02-04,NONE,TRUCK, slyly bold accounts was. bold ideas about
53190-7,53190,1929,18,7,29.00,53096.68,0.01,0.02,A,F,1994-10-18,1994-12-08,1994-10-21,DELIVER IN PERSON,FOB,ely final requests haggle quickly
53191-1,53191,1069,5,1,33.00,32011.98,0.08,0.06,A,F,1993-02-08,1993-04-30,1993-03-07,TAKE BACK RETURN,REG AIR,ess dependencies boost blithely p
53191-2,53191,783,48,2,36.00,60616.08,0.03,0.08,R,F,1993-05-29,1993-04-22,1993-06-14,DELIVER IN PERSON,REG AIR,. ironic packa
53191-3,53191,1624,7,3,33.00,50345.46,0.07,0.04,A,F,1993-04-29,1993-04-22,1993-05-21,TAKE BACK RETURN,FOB,nto beans wake blithely: blithely fluffy
53191-4,53191,47,23,4,22.00,20834.88,0.04,0.00,A,F,1993-05-08,1993-04-16,1993-05-28,DELIVER IN PERSON,AIR,ke across the blithely
53191-5,53191,1503,84,5,19.00,26685.50,0.05,0.04,R,F,1993-04-15,1993-03-29,1993-04-16,NONE,AIR,"fter the express, even deposits. furiously"
53216-1,53216,1270,82,1,16.00,18740.32,0.09,0.06,A,F,1993-03-05,1993-02-11,1993-03-11,DELIVER IN PERSON,MAIL,quests boost-- sl
53216-2,53216,1002,73,2,11.00,9933.00,0.06,0.07,R,F,1993-01-08,1993-02-09,1993-02-06,DELIVER IN PERSON,REG AIR, deposits. quickly dogg
53216-3,53216,1354,31,3,34.00,42681.90,0.08,0.01,A,F,1993-03-19,1993-01-06,1993-04-17,COLLECT COD,RAIL,sleep fluffily carefully ruthless requ
53216-4,53216,840,41,4,30.00,52225.20,0.08,0.01,A,F,1993-02-25,1993-01-10,1993-03-25,TAKE BACK RETURN,REG AIR, the blithe packages. quiet accou
53216-5,53216,1229,30,5,44.00,49729.68,0.07,0.03,R,F,1993-01-04,1993-03-03,1993-01-18,TAKE BACK RETURN,SHIP,osits maintain blithely after
53216-6,53216,274,29,6,33.00,38750.91,0.03,0.01,A,F,1992-12-13,1993-01-24,1993-01-08,NONE,AIR,riously. regular requests
53216-7,53216,1695,96,7,10.00,15966.90,0.06,0.03,A,F,1993-01-14,1993-01-10,1993-01-22,COLLECT COD,SHIP,c notornis. sometimes regular a
53217-1,53217,1931,32,1,45.00,82481.85,0.03,0.06,N,O,1998-07-26,1998-08-14,1998-08-07,COLLECT COD,RAIL,ep along the furiously fina
53217-2,53217,1117,18,2,27.00,27488.97,0.05,0.05,N,O,1998-10-14,1998-10-04,1998-10-18,TAKE BACK RETURN,FOB,ess requests. c
53217-3,53217,1775,60,3,8.00,13414.16,0.04,0.05,N,O,1998-10-31,1998-09-23,1998-11-05,COLLECT COD,REG AIR,egular foxes boost care
53217-4,53217,1730,57,4,3.00,4895.19,0.04,0.03,N,O,1998-10-05,1998-09-08,1998-10-08,TAKE BACK RETURN,MAIL,stealthy accounts haggle blithely
53218-1,53218,1576,57,1,7.00,10342.99,0.04,0.04,R,F,1994-05-21,1994-06-09,1994-05-25,TAKE BACK RETURN,SHIP,s. furiously regular dependencies sleep c
53218-2,53218,131,58,2,34.00,35058.42,0.09,0.02,R,F,1994-07-27,1994-06-14,1994-08-14,TAKE BACK RETURN,TRUCK,ly. carefully pending ideas a
53218-3,53218,1899,43,3,18.00,32416.02,0.06,0.00,A,F,1994-06-28,1994-05-20,1994-07-04,DELIVER IN PERSON,RAIL,"express foxes. regular, special theodoli"
53218-4,53218,846,80,4,16.00,27949.44,0.04,0.05,A,F,1994-05-06,1994-06-20,1994-05-23,TAKE BACK RETURN,REG AIR, final packages sleep quie
53219-1,53219,1519,100,1,18.00,25569.18,0.00,0.03,N,O,1996-06-15,1996-07-12,1996-07-05,NONE,FOB,ts wake. in
53219-2,53219,1459,38,2,5.00,6802.25,0.06,0.05,N,O,1996-07-12,1996-07-02,1996-07-16,DELIVER IN PERSON,SHIP,hely regular packag
53220-1,53220,1856,86,1,32.00,56251.20,0.05,0.06,N,O,1997-07-16,1997-08-26,1997-08-03,TAKE BACK RETURN,FOB,jole blithely. care
53220-2,53220,1681,23,2,18.00,28488.24,0.02,0.01,N,O,1997-09-11,1997-09-30,1997-09-16,NONE,FOB,"ly special deposits engage regular, quiet "
53220-3,53220,500,88,3,7.00,9803.50,0.06,0.00,N,O,1997-09-04,1997-09-22,1997-09-11,TAKE BACK RETURN,TRUCK,he slyly final gifts. furiously express
53220-4,53220,182,61,4,33.00,35711.94,0.01,0.08,N,O,1997-08-24,1997-09-21,1997-09-15,COLLECT COD,MAIL,al accounts affix fluffily never pending 
53220-5,53220,1441,81,5,46.00,61752.24,0.00,0.06,N,O,1997-11-06,1997-08-25,1997-11-21,TAKE BACK RETURN,MAIL,nal foxes wake. slyly even dependencie
53221-1,53221,1395,72,1,37.00,47966.43,0.02,0.08,R,F,1992-03-03,1992-04-20,1992-03-25,DELIVER IN PERSON,SHIP,lar pattern
53221-2,53221,929,32,2,22.00,40258.24,0.00,0.08,R,F,1992-05-25,1992-04-10,1992-06-10,TAKE BACK RETURN,RAIL,ve the furiou
53221-3,53221,1667,91,3,40.00,62746.40,0.09,0.05,A,F,1992-05-27,1992-05-22,1992-06-14,COLLECT COD,FOB,ideas according to the blithely 
53221-4,53221,1300,75,4,29.00,34837.70,0.06,0.02,R,F,1992-06-07,1992-04-02,1992-06-16,TAKE BACK RETURN,REG AIR,cial accounts haggle slyly. fluffily
53221-5,53221,874,74,5,15.00,26623.05,0.02,0.06,A,F,1992-06-25,1992-05-03,1992-07-12,TAKE BACK RETURN,SHIP, requests sleep furiously alongsid
53221-6,53221,1689,31,6,34.00,54083.12,0.05,0.04,R,F,1992-06-15,1992-03-28,1992-07-04,DELIVER IN PERSON,FOB,ly across the 
53222-1,53222,1949,94,1,1.00,1850.94,0.10,0.08,R,F,1994-10-30,1994-12-22,1994-10-31,DELIVER IN PERSON,FOB,lly unusual e
53223-1,53223,1609,92,1,36.00,54381.60,0.06,0.08,R,F,1992-07-31,1992-09-05,1992-08-03,NONE,RAIL,y regular dependencies lose furiously alon
53223-2,53223,663,95,2,34.00,53164.44,0.02,0.07,A,F,1992-10-25,1992-08-30,1992-10-26,TAKE BACK RETURN,FOB,blithely regular requests. express tithes i
53223-3,53223,781,14,3,35.00,58862.30,0.06,0.05,A,F,1992-10-22,1992-09-08,1992-11-02,TAKE BACK RETURN,FOB,osits. quickl
53223-4,53223,832,33,4,44.00,76244.52,0.08,0.03,A,F,1992-08-13,1992-08-26,1992-08-31,NONE,REG AIR,n theodolites impr
53223-5,53223,727,92,5,6.00,9766.32,0.03,0.03,A,F,1992-10-12,1992-10-10,1992-10-17,TAKE BACK RETURN,REG AIR,blithely regular packages after
53248-1,53248,252,7,1,48.00,55308.00,0.07,0.01,R,F,1993-12-18,1994-01-13,1993-12-19,COLLECT COD,MAIL,"al, unusual ideas use. requests wake"
53248-2,53248,712,45,2,24.00,38705.04,0.03,0.05,A,F,1994-02-10,1993-12-18,1994-03-05,NONE,AIR,the fluffily final packages cajole
53248-3,53248,515,6,3,18.00,25479.18,0.05,0.00,A,F,1994-02-07,1994-01-18,1994-02-09,COLLECT COD,AIR,e the thinly pending packages. quickly bo
53248-4,53248,971,72,4,18.00,33695.46,0.10,0.02,A,F,1994-02-03,1993-12-13,1994-03-05,DELIVER IN PERSON,RAIL, accounts. carefully unusual deposits integ
53248-5,53248,353,82,5,17.00,21306.95,0.02,0.02,A,F,1994-01-07,1994-01-06,1994-01-15,DELIVER IN PERSON,TRUCK,slyly fluffily even ideas. fin
53248-6,53248,48,74,6,48.00,45505.92,0.01,0.08,R,F,1993-12-15,1993-12-03,1994-01-01,COLLECT COD,MAIL,r ideas. fluffil
53248-7,53248,695,96,7,33.00,52657.77,0.05,0.04,A,F,1994-02-26,1994-01-18,1994-03-16,NONE,AIR,sual deposi
53249-1,53249,435,94,1,44.00,58758.92,0.08,0.08,A,F,1992-09-19,1992-12-01,1992-10-10,COLLECT COD,MAIL,inal pinto beans. furiously expr
53250-1,53250,1378,79,1,6.00,7676.22,0.09,0.07,N,O,1997-02-18,1997-02-08,1997-03-20,TAKE BACK RETURN,AIR,refully special pa
53250-2,53250,1283,84,2,1.00,1184.28,0.09,0.02,N,O,1996-12-12,1997-02-02,1996-12-21,DELIVER IN PERSON,SHIP,h quickly ac
53250-3,53250,49,100,3,43.00,40808.72,0.03,0.00,N,O,1997-01-20,1997-01-12,1997-01-30,DELIVER IN PERSON,AIR,foxes are f
53250-4,53250,1456,57,4,22.00,29863.90,0.07,0.02,N,O,1997-01-10,1997-01-23,1997-01-27,TAKE BACK RETURN,RAIL,ver carefully ironic ideas. caref
53250-5,53250,149,76,5,2.00,2098.28,0.07,0.01,N,O,1997-03-14,1997-02-09,1997-03-22,DELIVER IN PERSON,MAIL, furiously special
53250-6,53250,187,66,6,39.00,42400.02,0.08,0.02,N,O,1997-03-06,1997-01-18,1997-03-27,NONE,REG AIR,structions use sly
53250-7,53250,1656,57,7,40.00,62306.00,0.01,0.00,N,O,1997-02-05,1997-02-14,1997-03-03,NONE,AIR,ions integrate b
53251-1,53251,1475,76,1,25.00,34411.75,0.02,0.00,A,F,1995-05-25,1995-05-31,1995-06-14,DELIVER IN PERSON,FOB,bold accounts. furiously express theodolit
53252-1,53252,1075,46,1,9.00,8784.63,0.01,0.04,N,O,1998-10-18,1998-08-25,1998-10-23,DELIVER IN PERSON,RAIL,efully final 
53252-2,53252,644,45,2,36.00,55607.04,0.08,0.01,N,O,1998-10-09,1998-08-31,1998-10-17,COLLECT COD,REG AIR,es. furiously final accou
53253-1,53253,1760,3,1,18.00,29911.68,0.08,0.01,N,O,1998-08-17,1998-09-23,1998-09-01,NONE,SHIP,ajole slyly carefull
53253-2,53253,790,23,2,14.00,23671.06,0.04,0.06,N,O,1998-08-16,1998-08-09,1998-09-12,DELIVER IN PERSON,MAIL,luffily. final packages wa
53253-3,53253,1215,90,3,40.00,44648.40,0.05,0.08,N,O,1998-09-22,1998-09-10,1998-09-30,NONE,RAIL,r theodolites doubt furi
53253-4,53253,1022,58,4,18.00,16614.36,0.01,0.05,N,O,1998-09-03,1998-08-22,1998-09-25,DELIVER IN PERSON,REG AIR,l foxes. quickly 
53253-5,53253,1800,43,5,16.00,27228.80,0.06,0.08,N,O,1998-07-30,1998-08-05,1998-08-14,DELIVER IN PERSON,REG AIR,side of the pinto beans cajole
53254-1,53254,543,44,1,17.00,24540.18,0.00,0.03,R,F,1994-10-09,1994-11-02,1994-11-03,COLLECT COD,FOB,ackages above the slyl
53254-2,53254,1210,48,2,50.00,55560.50,0.05,0.03,A,F,1994-11-19,1994-11-17,1994-12-01,TAKE BACK RETURN,REG AIR,. bold asymptotes use among the thin
53254-3,53254,717,82,3,23.00,37207.33,0.02,0.04,A,F,1994-09-22,1994-10-07,1994-10-03,NONE,SHIP,"s are. regular, "
53255-1,53255,1501,22,1,35.00,49087.50,0.00,0.08,N,O,1997-10-27,1997-08-07,1997-11-12,COLLECT COD,FOB,unts. ironic ins
53255-2,53255,1855,42,2,10.00,17568.50,0.09,0.01,N,O,1997-07-10,1997-08-12,1997-07-16,NONE,SHIP,lithely even instructions do
53255-3,53255,1310,11,3,46.00,55720.26,0.06,0.00,N,O,1997-07-04,1997-08-22,1997-07-13,TAKE BACK RETURN,SHIP,ove the ironic packages. furio
53255-4,53255,848,49,4,23.00,40223.32,0.03,0.00,N,O,1997-09-06,1997-09-20,1997-09-07,NONE,REG AIR, ironic theodolit
53280-1,53280,930,99,1,43.00,78729.99,0.01,0.05,A,F,1995-03-30,1995-02-28,1995-04-11,NONE,AIR,egular notornis need to affix fur
53280-2,53280,1355,56,2,24.00,30152.40,0.00,0.02,A,F,1995-01-22,1995-03-22,1995-02-01,DELIVER IN PERSON,TRUCK,e furiously regular requests. de
53281-1,53281,1070,76,1,40.00,38842.80,0.02,0.08,A,F,1994-04-11,1994-05-20,1994-04-14,TAKE BACK RETURN,REG AIR,hely regular platelets: bold platele
53281-2,53281,148,27,2,42.00,44021.88,0.08,0.04,A,F,1994-08-01,1994-06-22,1994-08-24,COLLECT COD,REG AIR,ets wake according to the ruthless
53281-3,53281,42,18,3,46.00,43333.84,0.02,0.01,R,F,1994-05-04,1994-06-09,1994-05-23,DELIVER IN PERSON,AIR,lets. bold deposits mainta
53281-4,53281,1412,91,4,15.00,19701.15,0.05,0.04,A,F,1994-07-13,1994-06-16,1994-08-06,NONE,SHIP,ously even theodolites. slyly ironic requ
53282-1,53282,939,40,1,14.00,25759.02,0.04,0.02,A,F,1994-08-19,1994-09-30,1994-09-12,TAKE BACK RETURN,SHIP,ourts. ironi
53282-2,53282,646,40,2,22.00,34026.08,0.00,0.07,A,F,1994-11-07,1994-09-21,1994-11-22,NONE,TRUCK, quiet instructions. slyly e
53283-1,53283,1507,8,1,48.00,67608.00,0.06,0.01,N,O,1995-12-28,1996-01-12,1996-01-18,DELIVER IN PERSON,SHIP,usly. furiously bold deposit
53283-2,53283,1121,94,2,7.00,7154.84,0.00,0.01,N,O,1995-11-18,1996-01-22,1995-11-26,NONE,REG AIR, furiously furiously iro
53283-3,53283,1230,42,3,27.00,30543.21,0.01,0.01,N,O,1995-11-14,1996-01-09,1995-11-21,NONE,MAIL,ld instructions 
53283-4,53283,478,37,4,50.00,68923.50,0.09,0.02,N,O,1995-11-28,1996-01-05,1995-12-04,NONE,REG AIR, quickly ironic instructions wake f
53284-1,53284,1046,47,1,29.00,27464.16,0.10,0.02,N,O,1996-12-22,1996-11-04,1996-12-28,DELIVER IN PERSON,MAIL,kindle blit
53284-2,53284,1399,14,2,4.00,5201.56,0.08,0.01,N,O,1996-12-21,1996-11-21,1997-01-04,DELIVER IN PERSON,REG AIR, blithely ev
53284-3,53284,1594,75,3,9.00,13460.31,0.08,0.07,N,O,1996-10-15,1996-11-21,1996-11-12,TAKE BACK RETURN,FOB,final pinto beans against the accounts 
53284-4,53284,213,68,4,26.00,28943.46,0.02,0.08,N,O,1996-11-09,1996-11-26,1996-11-15,TAKE BACK RETURN,MAIL,ites. blithely 
53284-5,53284,666,98,5,31.00,48566.46,0.02,0.06,N,O,1996-10-26,1996-11-09,1996-11-25,TAKE BACK RETURN,SHIP,ter the quickly unusual dolphins sle
53284-6,53284,1788,73,6,37.00,62521.86,0.08,0.05,N,O,1997-01-01,1996-11-26,1997-01-06,DELIVER IN PERSON,AIR,"regular, final requests ar"
53285-1,53285,1138,11,1,13.00,13508.69,0.07,0.02,A,F,1992-08-26,1992-08-01,1992-08-31,TAKE BACK RETURN,AIR, ironic acc
53285-2,53285,428,87,2,2.00,2656.84,0.06,0.08,R,F,1992-07-20,1992-06-26,1992-08-05,NONE,FOB,tes. even p
53286-1,53286,232,60,1,49.00,55479.27,0.08,0.01,A,F,1993-08-08,1993-08-03,1993-08-23,COLLECT COD,REG AIR,ounts. slyly regular Tiresias haggle fu
53286-2,53286,1732,17,2,35.00,57180.55,0.06,0.02,R,F,1993-08-29,1993-08-11,1993-09-14,COLLECT COD,AIR,"regular, final requests"
53286-3,53286,1698,81,3,34.00,54389.46,0.04,0.04,R,F,1993-10-11,1993-09-16,1993-11-03,NONE,AIR, requests are. foxes
53287-1,53287,1649,32,1,16.00,24810.24,0.07,0.03,N,O,1996-12-07,1996-12-05,1997-01-03,NONE,AIR, decoys use along the carefully
53287-2,53287,1051,22,2,9.00,8568.45,0.04,0.03,N,O,1996-11-21,1996-11-19,1996-12-08,NONE,SHIP,ions detect sl
53287-3,53287,878,78,3,6.00,10673.22,0.04,0.08,N,O,1996-12-05,1996-11-15,1997-01-03,NONE,AIR,slyly according to the furiously ironic
53287-4,53287,1376,53,4,9.00,11496.33,0.07,0.02,N,O,1996-12-21,1996-12-17,1997-01-18,COLLECT COD,AIR,nts. fluffil
53287-5,53287,1550,51,5,30.00,43546.50,0.09,0.01,N,O,1997-01-18,1996-10-22,1997-01-20,COLLECT COD,FOB, the quickly pendin
53312-1,53312,218,73,1,37.00,41373.77,0.05,0.02,A,F,1994-10-03,1994-09-21,1994-10-19,NONE,RAIL,packages are according to the pend
53312-2,53312,1253,65,2,17.00,19622.25,0.07,0.07,R,F,1994-09-03,1994-08-24,1994-09-28,NONE,AIR,iers was slyly pending instructions. pen
53312-3,53312,890,57,3,23.00,41190.47,0.09,0.01,R,F,1994-09-03,1994-10-02,1994-09-17,COLLECT COD,TRUCK,de of the fu
53312-4,53312,1678,79,4,30.00,47390.10,0.08,0.01,R,F,1994-07-30,1994-09-07,1994-08-25,COLLECT COD,SHIP,uests haggle across the pending
53312-5,53312,320,21,5,12.00,14643.84,0.04,0.00,R,F,1994-08-31,1994-08-18,1994-09-01,COLLECT COD,REG AIR,"ter the ironic, final notornis. furiously b"
53312-6,53312,912,47,6,7.00,12690.37,0.04,0.05,A,F,1994-07-26,1994-09-29,1994-07-31,COLLECT COD,MAIL,c theodolites. slyly even instructions af
53313-1,53313,691,23,1,22.00,35017.18,0.07,0.03,N,O,1997-03-20,1997-04-07,1997-04-14,DELIVER IN PERSON,AIR,. instructions above the f
53313-2,53313,141,20,2,27.00,28110.78,0.10,0.00,N,O,1997-04-20,1997-03-17,1997-05-03,COLLECT COD,REG AIR,ic dependencies among the regular re
53313-3,53313,473,61,3,47.00,64553.09,0.07,0.01,N,O,1997-04-15,1997-03-22,1997-04-29,NONE,FOB,le after the pending ideas. ironic 
53313-4,53313,451,52,4,15.00,20271.75,0.10,0.06,N,O,1997-05-03,1997-03-24,1997-05-04,DELIVER IN PERSON,REG AIR,s maintain furiously. final water
53313-5,53313,1705,6,5,42.00,67481.40,0.01,0.03,N,O,1997-05-26,1997-05-06,1997-06-17,TAKE BACK RETURN,AIR,re after the ca
53314-1,53314,250,78,1,43.00,49460.75,0.02,0.06,A,F,1993-12-07,1993-11-29,1993-12-21,COLLECT COD,AIR,lessly fluffily
53314-2,53314,1012,18,2,12.00,10956.12,0.01,0.02,A,F,1993-12-10,1993-10-20,1993-12-26,COLLECT COD,TRUCK,ic requests.
53314-3,53314,1623,65,3,29.00,44213.98,0.01,0.00,A,F,1993-10-15,1993-10-21,1993-10-25,NONE,SHIP,boldly. blithely 
53314-4,53314,1820,21,4,47.00,80925.54,0.10,0.06,R,F,1993-10-04,1993-10-23,1993-10-05,TAKE BACK RETURN,RAIL,nusual theodolites according to t
53315-1,53315,1884,71,1,11.00,19644.68,0.10,0.08,N,O,1995-08-21,1995-09-21,1995-09-09,DELIVER IN PERSON,TRUCK,"wake quickly bold foxes. unusual, spec"
53315-2,53315,1962,95,2,26.00,48462.96,0.04,0.08,N,O,1995-08-12,1995-09-01,1995-08-29,TAKE BACK RETURN,MAIL,furiously bold a
53315-3,53315,1856,100,3,21.00,36914.85,0.02,0.08,N,O,1995-08-28,1995-09-24,1995-08-29,DELIVER IN PERSON,FOB,ully. slyly ironic dependen
53316-1,53316,1585,26,1,38.00,56490.04,0.04,0.03,N,O,1997-03-01,1997-02-12,1997-03-09,TAKE BACK RETURN,MAIL,ironic excuses 
53316-2,53316,1593,74,2,12.00,17935.08,0.01,0.03,N,O,1997-03-06,1997-02-19,1997-03-15,COLLECT COD,SHIP,o beans sleep blithely afte
53316-3,53316,554,15,3,32.00,46545.60,0.01,0.06,N,O,1997-03-11,1997-04-01,1997-03-31,NONE,REG AIR,structions. dependencies cajole at the fi
53316-4,53316,1289,64,4,20.00,23805.60,0.03,0.01,N,O,1997-01-21,1997-03-09,1997-01-31,COLLECT COD,SHIP,kages believe carefu
53316-5,53316,1555,76,5,38.00,55348.90,0.08,0.05,N,O,1997-05-06,1997-02-25,1997-05-08,COLLECT COD,RAIL, pinto beans haggle 
53316-6,53316,1526,7,6,30.00,42825.60,0.02,0.05,N,O,1997-04-15,1997-03-03,1997-04-17,NONE,RAIL, regular accounts hang. special 
53316-7,53316,855,89,7,32.00,56187.20,0.07,0.01,N,O,1997-04-18,1997-02-28,1997-05-12,TAKE BACK RETURN,MAIL,ularly dogged requests after the furiously 
53317-1,53317,156,35,1,43.00,45414.45,0.02,0.01,A,F,1995-03-07,1995-01-12,1995-03-30,NONE,SHIP,s wake furiously according to 
53317-2,53317,992,93,2,31.00,58682.69,0.02,0.08,R,F,1994-12-10,1995-01-21,1994-12-28,DELIVER IN PERSON,MAIL,fix. fluffily bold pinto b
53318-1,53318,814,14,1,22.00,37725.82,0.01,0.02,R,F,1993-03-13,1993-01-08,1993-03-24,TAKE BACK RETURN,RAIL,"? idle, unusual de"
53319-1,53319,101,80,1,47.00,47051.70,0.07,0.07,N,O,1998-01-19,1997-12-30,1998-02-13,NONE,SHIP, blithely furiously busy pinto beans.
53319-2,53319,142,21,2,43.00,44812.02,0.01,0.04,N,O,1997-12-26,1998-01-20,1998-01-08,NONE,RAIL,st blithely along
53319-3,53319,1806,36,3,21.00,35863.80,0.08,0.07,N,O,1998-01-30,1998-01-23,1998-02-13,TAKE BACK RETURN,RAIL,ptotes affix alwa
53319-4,53319,1352,53,4,6.00,7520.10,0.04,0.00,N,O,1998-03-08,1998-01-29,1998-03-11,COLLECT COD,RAIL, pending patterns. closely final packa
53319-5,53319,1216,28,5,24.00,26813.04,0.04,0.07,N,O,1997-12-26,1997-12-28,1998-01-03,TAKE BACK RETURN,FOB,nic deposits. final t
53319-6,53319,1081,52,6,28.00,27498.24,0.06,0.07,N,O,1998-02-16,1997-12-24,1998-03-17,COLLECT COD,FOB,endencies. accounts detect. ca
53344-1,53344,791,56,1,22.00,37219.38,0.05,0.07,A,F,1993-03-31,1993-04-14,1993-04-18,COLLECT COD,REG AIR,lently unusual somas. ironi
53344-2,53344,1590,31,2,33.00,49222.47,0.04,0.07,R,F,1993-04-10,1993-03-30,1993-04-24,COLLECT COD,REG AIR,le furiously. dependencies dazzle bl
53344-3,53344,1472,51,3,17.00,23348.99,0.09,0.07,A,F,1993-06-26,1993-05-01,1993-07-13,DELIVER IN PERSON,AIR,s affix carefully along the furiously sp
53344-4,53344,1826,56,4,1.00,1727.82,0.03,0.01,A,F,1993-04-12,1993-05-13,1993-04-18,DELIVER IN PERSON,REG AIR,he requests
53344-5,53344,200,53,5,50.00,55010.00,0.06,0.04,A,F,1993-06-12,1993-04-18,1993-07-04,TAKE BACK RETURN,MAIL,al foxes. bli
53344-6,53344,1814,1,6,14.00,24021.34,0.04,0.05,A,F,1993-03-07,1993-04-26,1993-03-18,DELIVER IN PERSON,AIR,ould detect. furiously unusual instructions
53345-1,53345,319,76,1,16.00,19508.96,0.00,0.07,N,O,1997-05-29,1997-03-29,1997-06-07,NONE,TRUCK, haggle slyly above the blithely ironic re
53345-2,53345,1675,99,2,50.00,78833.50,0.06,0.07,N,O,1997-06-15,1997-03-27,1997-07-01,DELIVER IN PERSON,RAIL,refully according to t
53346-1,53346,421,9,1,6.00,7928.52,0.01,0.04,N,O,1996-10-05,1996-10-05,1996-10-17,COLLECT COD,FOB,"ccounts. ironic, f"
53346-2,53346,1876,63,2,23.00,40891.01,0.02,0.04,N,O,1996-08-17,1996-09-03,1996-09-05,DELIVER IN PERSON,TRUCK," final, regular accounts; ex"
53346-3,53346,975,10,3,34.00,63782.98,0.02,0.06,N,O,1996-08-23,1996-09-23,1996-08-29,TAKE BACK RETURN,RAIL, are requests. bold account
53346-4,53346,685,17,4,16.00,25370.88,0.07,0.03,N,O,1996-08-28,1996-09-04,1996-09-24,TAKE BACK RETURN,REG AIR,quests wake. f
53346-5,53346,426,14,5,23.00,30507.66,0.07,0.05,N,O,1996-10-12,1996-09-12,1996-10-16,DELIVER IN PERSON,SHIP,aggle furiously fur
53346-6,53346,414,73,6,16.00,21030.56,0.06,0.02,N,O,1996-11-06,1996-09-17,1996-11-25,NONE,AIR,ress courts according to
53346-7,53346,340,25,7,43.00,53334.62,0.00,0.05,N,O,1996-10-08,1996-09-21,1996-10-17,DELIVER IN PERSON,RAIL,ress foxes haggle slow
53347-1,53347,1769,54,1,18.00,30073.68,0.03,0.06,N,O,1997-02-04,1997-02-08,1997-03-01,TAKE BACK RETURN,FOB,usual pinto beans against th
53347-2,53347,605,68,2,32.00,48179.20,0.04,0.08,N,O,1997-03-06,1997-03-02,1997-03-18,COLLECT COD,SHIP,"old, bold requests sleep. blithely final "
53347-3,53347,1737,64,3,7.00,11471.11,0.06,0.00,N,O,1997-02-07,1997-03-07,1997-03-03,COLLECT COD,RAIL,ely. requests about the final
53347-4,53347,58,34,4,4.00,3832.20,0.03,0.02,N,O,1997-03-31,1997-02-11,1997-04-27,DELIVER IN PERSON,RAIL,ackages are ac
53347-5,53347,980,49,5,6.00,11285.88,0.04,0.03,N,O,1996-12-17,1997-02-16,1997-01-04,DELIVER IN PERSON,AIR,ies cajole fluffily alongside of the furi
53347-6,53347,1788,89,6,45.00,76040.10,0.00,0.00,N,O,1997-01-13,1997-02-16,1997-01-15,DELIVER IN PERSON,SHIP,the slyly express pinto 
53347-7,53347,223,5,7,43.00,48298.46,0.04,0.03,N,O,1997-02-13,1997-01-11,1997-02-21,TAKE BACK RETURN,REG AIR,hy deposits wake furiously 
53348-1,53348,1514,35,1,30.00,42465.30,0.05,0.01,N,O,1997-09-03,1997-10-20,1997-09-04,COLLECT COD,TRUCK,quiet ideas after the qu
53349-1,53349,374,75,1,43.00,54797.91,0.09,0.03,A,F,1993-05-09,1993-05-11,1993-05-16,COLLECT COD,FOB,the carefully u
53350-1,53350,1307,46,1,28.00,33832.40,0.07,0.00,A,F,1994-08-16,1994-07-28,1994-09-15,DELIVER IN PERSON,SHIP,"ounts eat. brave, careful "
53350-2,53350,343,72,2,12.00,14920.08,0.05,0.01,R,F,1994-08-21,1994-09-04,1994-09-19,TAKE BACK RETURN,AIR, dependencies. slyly re
53350-3,53350,1695,37,3,17.00,27143.73,0.01,0.02,R,F,1994-08-08,1994-09-07,1994-08-13,COLLECT COD,FOB,ic instructions sleep furiously 
53351-1,53351,350,7,1,33.00,41261.55,0.09,0.04,A,F,1992-07-27,1992-08-27,1992-08-06,DELIVER IN PERSON,MAIL,lways theodolites. carefully u
53351-2,53351,1014,50,2,49.00,44835.49,0.08,0.07,R,F,1992-09-21,1992-09-21,1992-10-20,TAKE BACK RETURN,REG AIR,aring accounts. blithely ironi
53351-3,53351,1879,23,3,26.00,46302.62,0.02,0.03,R,F,1992-08-04,1992-09-04,1992-08-13,DELIVER IN PERSON,FOB,ously ironic foxes cajole sly
53351-4,53351,358,43,4,6.00,7550.10,0.00,0.00,A,F,1992-07-11,1992-09-18,1992-08-03,DELIVER IN PERSON,FOB,rding to the final packages
53351-5,53351,1434,35,5,28.00,37392.04,0.00,0.03,A,F,1992-10-03,1992-09-01,1992-10-06,COLLECT COD,RAIL,dependencies. request
53351-6,53351,788,21,6,45.00,75995.10,0.09,0.05,A,F,1992-09-12,1992-09-02,1992-09-28,TAKE BACK RETURN,MAIL,"l, pending ideas along the blithely reg"
53376-1,53376,357,14,1,38.00,47779.30,0.04,0.04,N,O,1997-09-28,1997-10-08,1997-10-28,TAKE BACK RETURN,REG AIR,ans boost quic
53376-2,53376,1350,27,2,33.00,41294.55,0.09,0.05,N,O,1997-11-23,1997-11-09,1997-12-02,COLLECT COD,AIR,fully slyly ironic accounts. carefully bold
53376-3,53376,573,34,3,50.00,73678.50,0.07,0.06,N,O,1997-11-09,1997-09-13,1997-11-28,COLLECT COD,TRUCK, accounts hagg
53376-4,53376,514,15,4,11.00,15559.61,0.07,0.06,N,O,1997-10-14,1997-10-12,1997-10-23,COLLECT COD,SHIP,nic theodolites engage carefully 
53376-5,53376,91,17,5,4.00,3964.36,0.03,0.01,N,O,1997-10-28,1997-10-09,1997-11-18,DELIVER IN PERSON,SHIP,ly above the asymptotes. slyly even packag
53376-6,53376,1411,29,6,9.00,11811.69,0.03,0.01,N,O,1997-11-24,1997-09-14,1997-11-30,NONE,REG AIR,onic packages. pending packages sleep 
53377-1,53377,1911,44,1,17.00,30819.47,0.10,0.04,N,O,1998-10-05,1998-10-12,1998-10-17,DELIVER IN PERSON,MAIL,efully abo
53377-2,53377,1815,2,2,36.00,61805.16,0.07,0.00,N,O,1998-08-22,1998-10-07,1998-09-17,NONE,SHIP,eans. pending instructions slee
53377-3,53377,1557,58,3,26.00,37922.30,0.09,0.08,N,O,1998-10-06,1998-09-07,1998-10-21,DELIVER IN PERSON,RAIL,ronic dinos among the blithely special the
53377-4,53377,1590,91,4,9.00,13424.31,0.05,0.03,N,O,1998-11-11,1998-10-05,1998-11-12,DELIVER IN PERSON,RAIL,onic asymptotes use blithely 
53377-5,53377,736,69,5,35.00,57285.55,0.02,0.01,N,O,1998-11-22,1998-09-20,1998-12-16,TAKE BACK RETURN,AIR, are slyly about the requests. furiou
53377-6,53377,304,33,6,5.00,6021.50,0.05,0.03,N,O,1998-08-28,1998-09-02,1998-08-30,TAKE BACK RETURN,SHIP,deposits sleep. carefully express asympto
53378-1,53378,615,9,1,25.00,37890.25,0.08,0.00,A,F,1992-08-16,1992-10-09,1992-09-05,NONE,MAIL,even dependen
53378-2,53378,1799,84,2,23.00,39118.17,0.09,0.04,A,F,1992-07-16,1992-08-28,1992-07-20,NONE,MAIL,fully final
53378-3,53378,561,92,3,1.00,1461.56,0.10,0.00,A,F,1992-08-15,1992-08-28,1992-08-28,DELIVER IN PERSON,REG AIR,refully. slyly even packages 
53378-4,53378,1650,33,4,10.00,15516.50,0.05,0.01,R,F,1992-09-02,1992-09-03,1992-09-25,NONE,RAIL,unusual forge
53378-5,53378,352,37,5,32.00,40075.20,0.01,0.04,A,F,1992-08-20,1992-09-16,1992-09-12,NONE,REG AIR,accounts. 
53378-6,53378,1809,96,6,49.00,83829.20,0.08,0.07,R,F,1992-09-23,1992-08-25,1992-10-20,NONE,SHIP, sleep. slyly unusual 
53378-7,53378,80,81,7,1.00,980.08,0.06,0.07,A,F,1992-07-28,1992-08-14,1992-08-19,TAKE BACK RETURN,MAIL,its. fluffily enticing dolphins ar
53379-1,53379,753,86,1,4.00,6615.00,0.05,0.01,N,O,1997-12-24,1998-01-19,1998-01-17,DELIVER IN PERSON,MAIL,lphins. final accounts
53379-2,53379,717,50,2,42.00,67943.82,0.04,0.07,N,O,1998-01-28,1998-02-26,1998-02-03,COLLECT COD,FOB, instructions boost 
53380-1,53380,1521,42,1,36.00,51210.72,0.08,0.01,R,F,1993-12-30,1994-01-11,1994-01-24,TAKE BACK RETURN,AIR,he regular theodolites
53380-2,53380,1199,8,2,31.00,34105.89,0.06,0.03,R,F,1994-01-12,1994-02-19,1994-01-15,NONE,AIR,press accounts grow across the ironic packa
53380-3,53380,1842,86,3,37.00,64522.08,0.00,0.07,A,F,1994-01-29,1994-01-21,1994-02-24,COLLECT COD,REG AIR,kages doubt blithely quickly expres
53381-1,53381,1484,2,1,48.00,66503.04,0.04,0.01,A,F,1993-12-05,1993-11-09,1994-01-04,NONE,AIR," unusual, final excu"
53381-2,53381,1095,66,2,14.00,13945.26,0.10,0.01,A,F,1993-12-29,1993-11-18,1994-01-06,TAKE BACK RETURN,AIR,furiously ironic accounts.
53381-3,53381,823,57,3,15.00,25857.30,0.02,0.02,A,F,1993-10-02,1993-12-05,1993-10-22,DELIVER IN PERSON,TRUCK,old accounts are. instructions 
53381-4,53381,1572,13,4,35.00,51574.95,0.08,0.05,A,F,1993-11-11,1993-11-02,1993-11-15,NONE,REG AIR,sts are silently carefully reg
53381-5,53381,662,25,5,32.00,50005.12,0.07,0.04,A,F,1993-10-28,1993-10-27,1993-11-20,DELIVER IN PERSON,MAIL,ng deposits. furiously final packages bre
53382-1,53382,282,64,1,13.00,15369.64,0.08,0.06,R,F,1994-12-31,1995-03-21,1995-01-08,NONE,REG AIR,pains nag regular dep
53382-2,53382,1372,73,2,38.00,48388.06,0.04,0.01,A,F,1995-04-04,1995-03-12,1995-04-07,COLLECT COD,RAIL,its haggle bl
53382-3,53382,734,99,3,33.00,53946.09,0.07,0.08,A,F,1995-04-16,1995-02-27,1995-04-23,NONE,AIR, deposits. silent excuses
53383-1,53383,375,32,1,40.00,51014.80,0.09,0.04,N,O,1996-09-11,1996-11-01,1996-10-05,NONE,SHIP,uickly blithely even accounts. unusual 
53383-2,53383,413,43,2,14.00,18387.74,0.09,0.07,N,O,1996-11-18,1996-10-09,1996-11-23,COLLECT COD,FOB,inal dolphins. slyl
53383-3,53383,1427,28,3,41.00,54465.22,0.04,0.00,N,O,1996-12-06,1996-10-29,1996-12-27,COLLECT COD,FOB,refully according 
53408-1,53408,1199,100,1,35.00,38506.65,0.08,0.07,A,F,1993-10-15,1993-11-18,1993-10-26,NONE,RAIL, the blithely bold platelets. a
53409-1,53409,472,31,1,6.00,8234.82,0.10,0.08,N,O,1996-04-26,1996-04-12,1996-05-14,NONE,SHIP,ing accounts. furio
53410-1,53410,1527,28,1,47.00,67140.44,0.06,0.01,A,F,1994-11-01,1994-10-15,1994-11-07,DELIVER IN PERSON,AIR,ding to the requests. excuses wa
53411-1,53411,1146,55,1,19.00,19895.66,0.05,0.02,N,O,1995-12-21,1996-01-13,1996-01-17,NONE,FOB,the slyly iron
53411-2,53411,1114,51,2,2.00,2030.22,0.07,0.07,N,O,1995-12-14,1996-01-02,1996-01-01,NONE,RAIL,sts boost fluffily final deposits. fin
53411-3,53411,1550,51,3,43.00,62416.65,0.08,0.07,N,O,1996-01-20,1996-02-14,1996-02-06,NONE,MAIL,ainments. fluff
53412-1,53412,1177,78,1,21.00,22641.57,0.02,0.06,A,F,1994-10-23,1994-12-05,1994-10-30,DELIVER IN PERSON,MAIL,blithely pending
53412-2,53412,499,87,2,21.00,29389.29,0.04,0.01,A,F,1994-12-22,1994-12-02,1995-01-06,NONE,TRUCK,rns are. slyly ironic 
53412-3,53412,1215,53,3,24.00,26789.04,0.03,0.00,R,F,1994-10-30,1994-11-29,1994-11-20,DELIVER IN PERSON,FOB,"ully regular requests; special, unusua"
53412-4,53412,1146,55,4,43.00,45027.02,0.03,0.03,R,F,1994-12-30,1994-10-16,1995-01-22,NONE,REG AIR,press instructions. furiously special ac
53413-1,53413,775,76,1,21.00,35191.17,0.02,0.00,N,O,1996-07-25,1996-06-20,1996-08-01,DELIVER IN PERSON,AIR,ronic dolphins sleep whithout 
53413-2,53413,567,58,2,12.00,17610.72,0.02,0.01,N,O,1996-06-04,1996-06-30,1996-06-11,NONE,RAIL,he pending theodolite
53413-3,53413,709,6,3,47.00,75655.90,0.07,0.02,N,O,1996-06-17,1996-05-25,1996-06-19,DELIVER IN PERSON,FOB,its. final pinto beans cajole b
53413-4,53413,273,1,4,21.00,24638.67,0.00,0.04,N,O,1996-08-12,1996-07-14,1996-08-22,DELIVER IN PERSON,SHIP,tegrate fluffily quickly f
53413-5,53413,720,53,5,27.00,43759.44,0.07,0.07,N,O,1996-05-22,1996-07-01,1996-06-12,COLLECT COD,TRUCK,ly. blithely even depe
53414-1,53414,1563,4,1,27.00,39543.12,0.01,0.02,N,O,1996-11-29,1996-11-18,1996-12-03,TAKE BACK RETURN,AIR,en deposits. special deposits cajole.
53414-2,53414,246,47,2,10.00,11462.40,0.08,0.02,N,O,1996-11-18,1996-11-11,1996-12-04,TAKE BACK RETURN,AIR, pinto beans are furiously regular accou
53414-3,53414,1183,20,3,32.00,34693.76,0.07,0.05,N,O,1996-10-16,1996-12-02,1996-10-30,COLLECT COD,REG AIR,y unusual deposits boost above the
53414-4,53414,983,52,4,21.00,39563.58,0.01,0.06,N,O,1996-12-09,1996-11-23,1996-12-15,DELIVER IN PERSON,MAIL,counts sle
53414-5,53414,1317,32,5,28.00,34112.68,0.04,0.02,N,O,1996-11-20,1996-12-16,1996-11-29,NONE,AIR,"ong the ironic, regular"
53414-6,53414,836,70,6,9.00,15631.47,0.02,0.06,N,O,1996-12-02,1996-12-21,1996-12-30,DELIVER IN PERSON,RAIL,cajole furiously except the blithely 
53414-7,53414,359,88,7,25.00,31483.75,0.09,0.08,N,O,1996-10-06,1996-11-04,1996-10-12,NONE,REG AIR,nusual warthogs. fluff
53415-1,53415,1222,60,1,33.00,37066.26,0.04,0.05,N,O,1997-11-12,1997-10-20,1997-11-25,TAKE BACK RETURN,REG AIR,ously according to the accounts? even
53440-1,53440,917,86,1,29.00,52719.39,0.05,0.00,N,O,1998-09-05,1998-09-23,1998-09-29,NONE,MAIL, asymptotes about th
53441-1,53441,1695,37,1,18.00,28740.42,0.04,0.06,R,F,1994-12-19,1994-11-07,1994-12-22,NONE,RAIL,ven accounts. slyly special
53441-2,53441,68,19,2,28.00,27105.68,0.07,0.01,A,F,1994-11-23,1994-09-24,1994-12-16,NONE,FOB,erve fluffily against the final theodo
53441-3,53441,863,30,3,18.00,31749.48,0.10,0.04,A,F,1994-10-03,1994-10-29,1994-10-19,DELIVER IN PERSON,TRUCK,equests cajole
53441-4,53441,1179,52,4,45.00,48607.65,0.00,0.00,R,F,1994-10-16,1994-10-05,1994-11-08,DELIVER IN PERSON,RAIL,beans. dependencies doze carefu
53442-1,53442,1821,65,1,42.00,72358.44,0.01,0.01,A,F,1994-10-19,1994-09-11,1994-11-14,COLLECT COD,TRUCK,bold excuses
53442-2,53442,80,31,2,44.00,43123.52,0.09,0.02,R,F,1994-09-03,1994-07-27,1994-09-11,DELIVER IN PERSON,REG AIR,ar accounts sublate carefully. even packa
53442-3,53442,1994,39,3,8.00,15167.92,0.03,0.06,R,F,1994-10-09,1994-07-23,1994-10-14,NONE,FOB,"ideas across the special, e"
53443-1,53443,604,98,1,30.00,45138.00,0.07,0.00,N,O,1995-10-15,1995-11-10,1995-10-19,COLLECT COD,RAIL,lithely toward 
53443-2,53443,1994,39,2,47.00,89111.53,0.02,0.06,N,O,1996-01-25,1995-12-14,1996-02-23,TAKE BACK RETURN,SHIP,counts wake express requests. quickl
53443-3,53443,101,54,3,44.00,44048.40,0.06,0.04,N,O,1995-11-21,1995-12-19,1995-12-05,DELIVER IN PERSON,AIR, ideas. quickly 
53443-4,53443,1485,3,4,3.00,4159.44,0.05,0.07,N,O,1995-11-12,1995-11-11,1995-11-18,DELIVER IN PERSON,SHIP,y final deposits nod slyl
53443-5,53443,1915,60,5,28.00,50873.48,0.02,0.02,N,O,1995-12-31,1995-11-28,1996-01-10,NONE,REG AIR,ly ironic theodolites x-ray sl
53443-6,53443,1738,39,6,46.00,75427.58,0.02,0.03,N,O,1995-11-17,1995-12-05,1995-12-05,NONE,RAIL, accounts. spe
53443-7,53443,708,9,7,21.00,33782.70,0.08,0.06,N,O,1996-02-05,1995-11-09,1996-02-13,COLLECT COD,REG AIR, to the excuses. regular reque
53444-1,53444,791,56,1,19.00,32144.01,0.06,0.03,N,O,1998-02-14,1997-12-13,1998-03-11,COLLECT COD,TRUCK,"nd the blithely even ideas. final, even "
53444-2,53444,1086,92,2,20.00,19741.60,0.07,0.00,N,O,1998-02-16,1997-12-15,1998-02-25,NONE,MAIL,efully bold accounts wake f
53444-3,53444,1133,42,3,4.00,4136.52,0.04,0.03,N,O,1997-12-08,1998-01-03,1997-12-30,TAKE BACK RETURN,REG AIR,onic deposits. carefu
53445-1,53445,1928,73,1,34.00,62217.28,0.00,0.02,R,F,1993-01-27,1992-12-18,1993-02-24,NONE,SHIP,ter the deposits
53445-2,53445,54,5,2,11.00,10494.55,0.04,0.06,A,F,1993-01-23,1992-11-28,1993-02-17,DELIVER IN PERSON,RAIL,ously even packages sleep in place
53445-3,53445,53,79,3,48.00,45746.40,0.07,0.05,A,F,1992-12-06,1992-12-27,1993-01-04,DELIVER IN PERSON,SHIP,ed braids cajole carefully. blit
53445-4,53445,586,47,4,8.00,11892.64,0.04,0.00,R,F,1993-02-15,1993-01-06,1993-02-23,TAKE BACK RETURN,REG AIR, regular platele
53445-5,53445,1156,93,5,43.00,45457.45,0.01,0.06,R,F,1992-11-20,1993-01-13,1992-12-09,TAKE BACK RETURN,MAIL," even accounts. regular, final deposit"
53445-6,53445,1135,36,6,29.00,30047.77,0.00,0.08,R,F,1992-11-18,1992-12-26,1992-12-04,COLLECT COD,REG AIR,y final foxes lose. furiously eve
53445-7,53445,745,46,7,18.00,29623.32,0.00,0.02,A,F,1993-01-12,1992-12-17,1993-01-18,DELIVER IN PERSON,SHIP,onic packages cajole furiously quic
53446-1,53446,1330,31,1,15.00,18469.95,0.00,0.03,N,O,1997-11-08,1997-12-12,1997-11-12,DELIVER IN PERSON,SHIP, deposits promise regular w
53447-1,53447,1512,13,1,46.00,65021.46,0.09,0.05,N,O,1998-04-20,1998-04-22,1998-05-12,NONE,SHIP,ously even excuse
53447-2,53447,1695,96,2,12.00,19160.28,0.07,0.06,N,O,1998-06-13,1998-04-16,1998-07-10,DELIVER IN PERSON,FOB,ttainments? 
53447-3,53447,540,1,3,37.00,53299.98,0.10,0.04,N,O,1998-03-28,1998-05-06,1998-04-27,COLLECT COD,SHIP,"e blithely about the even, pending"
53472-1,53472,1490,91,1,39.00,54268.11,0.03,0.02,N,O,1998-02-10,1998-02-08,1998-02-26,NONE,SHIP,y according to the slyly 
53472-2,53472,1458,76,2,24.00,32626.80,0.03,0.02,N,O,1998-03-03,1998-01-22,1998-03-23,TAKE BACK RETURN,AIR,lithely even ideas wake
53472-3,53472,1842,86,3,46.00,80216.64,0.00,0.03,N,O,1998-02-28,1997-12-30,1998-03-20,DELIVER IN PERSON,SHIP,lar asymptotes ag
53473-1,53473,1821,65,1,17.00,29287.94,0.00,0.03,A,F,1995-02-10,1995-03-03,1995-02-17,DELIVER IN PERSON,RAIL,ackages. instructions doze; even i
53473-2,53473,1925,26,2,41.00,74903.72,0.05,0.00,A,F,1995-04-03,1995-02-28,1995-04-11,DELIVER IN PERSON,TRUCK,ular accounts haggle fluffily. blithely reg
53473-3,53473,693,87,3,29.00,46217.01,0.01,0.07,A,F,1995-02-03,1995-03-12,1995-02-13,DELIVER IN PERSON,FOB,lites wake
53474-1,53474,498,28,1,37.00,51744.13,0.01,0.08,A,F,1992-03-27,1992-03-19,1992-04-10,TAKE BACK RETURN,TRUCK,y regular excuses sleep. quickly fin
53474-2,53474,710,7,2,34.00,54764.14,0.00,0.08,A,F,1992-01-15,1992-03-08,1992-02-04,TAKE BACK RETURN,FOB,oxes after the carefully re
53475-1,53475,1394,33,1,6.00,7772.34,0.07,0.06,N,O,1997-12-16,1997-12-09,1997-12-29,TAKE BACK RETURN,RAIL,sly regular accou
53475-2,53475,1012,18,2,45.00,41085.45,0.03,0.07,N,O,1998-02-05,1997-12-21,1998-02-09,COLLECT COD,AIR,ve slyly quickly permanent instructio
53475-3,53475,303,60,3,48.00,57758.40,0.07,0.08,N,O,1998-01-11,1997-12-08,1998-01-13,TAKE BACK RETURN,MAIL,ress theodolites; fluffily regular packa
53475-4,53475,467,68,4,2.00,2734.92,0.03,0.03,N,O,1997-12-27,1997-12-08,1998-01-05,NONE,SHIP,lar deposits. accounts above the eve
53475-5,53475,1318,95,5,30.00,36579.30,0.01,0.05,N,O,1998-01-02,1997-11-13,1998-01-19,TAKE BACK RETURN,MAIL,"y across the regular, even th"
53475-6,53475,1417,57,6,23.00,30323.43,0.06,0.05,N,O,1998-01-01,1997-11-18,1998-01-31,TAKE BACK RETURN,REG AIR, even packages sleep fluffily about 
53475-7,53475,1775,2,7,45.00,75454.65,0.00,0.02,N,O,1997-11-06,1997-12-23,1997-11-09,DELIVER IN PERSON,TRUCK,ys along the
53476-1,53476,1710,11,1,49.00,78973.79,0.03,0.02,A,F,1994-09-28,1994-08-16,1994-09-29,COLLECT COD,AIR, along the carefully silent
53476-2,53476,317,46,2,20.00,24346.20,0.01,0.01,R,F,1994-09-02,1994-08-12,1994-09-30,COLLECT COD,RAIL,efully express instructions are. final fo
53476-3,53476,1661,44,3,33.00,51567.78,0.02,0.03,A,F,1994-08-07,1994-08-17,1994-08-09,DELIVER IN PERSON,AIR,dencies sleep qu
53476-4,53476,1957,58,4,46.00,85511.70,0.06,0.05,R,F,1994-06-25,1994-08-06,1994-07-04,COLLECT COD,MAIL, theodolites wake fu
53476-5,53476,949,84,5,35.00,64747.90,0.03,0.08,A,F,1994-10-05,1994-07-31,1994-10-23,COLLECT COD,TRUCK,uriously final accounts. ins
53476-6,53476,114,41,6,18.00,18253.98,0.01,0.04,R,F,1994-07-10,1994-08-02,1994-08-09,COLLECT COD,SHIP,"r, bold asymptotes"
53477-1,53477,531,32,1,19.00,27199.07,0.04,0.02,R,F,1992-08-18,1992-06-19,1992-09-04,DELIVER IN PERSON,TRUCK,kly pending theodoli
53477-2,53477,980,49,2,1.00,1880.98,0.07,0.02,A,F,1992-08-30,1992-07-06,1992-09-10,TAKE BACK RETURN,AIR, furiously regular ideas nag furiously care
53477-3,53477,1125,26,3,14.00,14365.68,0.09,0.01,R,F,1992-07-14,1992-07-20,1992-07-17,TAKE BACK RETURN,SHIP,ggle never
53477-4,53477,1457,75,4,19.00,25810.55,0.07,0.01,R,F,1992-08-30,1992-08-02,1992-09-23,DELIVER IN PERSON,RAIL,ests. packages haggle blithely. fluffil
53478-1,53478,276,31,1,26.00,30583.02,0.08,0.03,N,O,1996-10-06,1996-10-28,1996-10-08,DELIVER IN PERSON,FOB, carefully. carefully express attainments w
53478-2,53478,810,11,2,20.00,34216.20,0.06,0.08,N,O,1996-10-17,1996-10-09,1996-10-19,COLLECT COD,SHIP,"riously ironic, regular asym"
53479-1,53479,1321,22,1,32.00,39114.24,0.02,0.02,A,F,1994-01-11,1994-03-22,1994-01-18,TAKE BACK RETURN,REG AIR, cajole quick
53479-2,53479,1203,4,2,2.00,2208.40,0.04,0.00,A,F,1994-03-29,1994-03-05,1994-04-19,NONE,RAIL,foxes cajole blithely blith
53504-1,53504,416,4,1,39.00,51339.99,0.07,0.08,R,F,1994-07-23,1994-07-20,1994-07-26,NONE,AIR,special instructions. ironi
53504-2,53504,196,97,2,48.00,52617.12,0.03,0.08,A,F,1994-06-08,1994-05-22,1994-06-25,COLLECT COD,TRUCK,"r, unusual requests wake silentl"
53505-1,53505,1570,11,1,28.00,41203.96,0.10,0.08,R,F,1992-12-24,1992-12-13,1993-01-06,NONE,FOB,unusual accounts-
53505-2,53505,1791,18,2,49.00,82946.71,0.07,0.06,A,F,1992-11-26,1993-01-07,1992-12-20,COLLECT COD,TRUCK, accounts. furiously ironic package
53506-1,53506,218,73,1,48.00,53674.08,0.03,0.00,N,O,1996-01-06,1995-10-20,1996-01-22,NONE,FOB, special r
53506-2,53506,1739,66,2,9.00,14766.57,0.07,0.05,N,O,1996-01-12,1995-10-31,1996-02-02,NONE,MAIL,ily unusual deposits
53506-3,53506,1282,57,3,4.00,4733.12,0.05,0.00,N,O,1995-12-08,1995-11-12,1995-12-19,COLLECT COD,TRUCK,usual pearls. slyly
53507-1,53507,1409,49,1,46.00,60278.40,0.07,0.00,N,O,1997-03-18,1997-04-01,1997-04-14,NONE,MAIL,y pending packages above the 
53507-2,53507,778,75,2,14.00,23502.78,0.04,0.06,N,O,1997-05-01,1997-03-24,1997-05-13,DELIVER IN PERSON,REG AIR,uriously even accounts.
53507-3,53507,1911,44,3,38.00,68890.58,0.05,0.08,N,O,1997-03-24,1997-04-13,1997-04-19,DELIVER IN PERSON,AIR,ously slyly final de
53507-4,53507,1925,58,4,30.00,54807.60,0.05,0.02,N,O,1997-05-22,1997-03-21,1997-06-16,TAKE BACK RETURN,FOB,y special deposits sleep carefully.
53508-1,53508,625,26,1,31.00,47294.22,0.07,0.00,R,F,1994-12-11,1995-01-26,1994-12-28,DELIVER IN PERSON,AIR,uctions are furiously q
53508-2,53508,124,77,2,1.00,1024.12,0.02,0.06,R,F,1995-03-02,1994-12-19,1995-03-05,COLLECT COD,FOB,ts-- asymptotes haggle. sl
53508-3,53508,1530,31,3,40.00,57261.20,0.07,0.08,R,F,1995-02-25,1995-01-20,1995-03-22,COLLECT COD,FOB,ns across the carefully idle platelets c
53508-4,53508,1459,77,4,27.00,36732.15,0.06,0.07,A,F,1995-03-12,1995-01-16,1995-03-22,DELIVER IN PERSON,RAIL,eans. carefully regular hocke
53508-5,53508,917,18,5,41.00,74534.31,0.04,0.02,A,F,1995-02-09,1995-01-05,1995-02-11,DELIVER IN PERSON,TRUCK, always ironic theodoli
53508-6,53508,408,9,6,16.00,20934.40,0.09,0.00,R,F,1995-02-20,1995-01-10,1995-03-06,DELIVER IN PERSON,REG AIR,osits x-ray slyly. fin
53509-1,53509,1084,90,1,49.00,48268.92,0.06,0.06,N,O,1998-05-15,1998-05-15,1998-06-06,DELIVER IN PERSON,RAIL, use furiously quickly express pinto bean
53509-2,53509,1559,40,2,50.00,73027.50,0.01,0.01,N,O,1998-06-04,1998-04-05,1998-06-23,COLLECT COD,SHIP,jole: theodolites haggle b
53509-3,53509,1882,69,3,9.00,16054.92,0.04,0.07,N,O,1998-04-23,1998-04-01,1998-04-30,NONE,RAIL," ironic theodolites. ironic, regular"
53509-4,53509,1453,54,4,27.00,36570.15,0.01,0.08,N,O,1998-05-21,1998-04-07,1998-05-31,DELIVER IN PERSON,SHIP,yly bold accounts was furiously 
53509-5,53509,626,27,5,5.00,7633.10,0.03,0.07,N,O,1998-06-19,1998-04-10,1998-07-13,COLLECT COD,MAIL,"ing, bold requ"
53510-1,53510,1490,91,1,1.00,1391.49,0.02,0.02,A,F,1992-07-13,1992-07-07,1992-08-09,NONE,SHIP,regular instructions about
53510-2,53510,497,56,2,17.00,23757.33,0.05,0.07,R,F,1992-05-08,1992-06-25,1992-06-03,COLLECT COD,REG AIR,es use slyly across 
53510-3,53510,1271,9,3,37.00,43373.99,0.04,0.06,A,F,1992-06-09,1992-07-24,1992-06-28,DELIVER IN PERSON,TRUCK,"ep blithely even, pendin"
53510-4,53510,1647,30,4,16.00,24778.24,0.05,0.08,R,F,1992-07-21,1992-07-05,1992-07-31,TAKE BACK RETURN,AIR,to the furious
53510-5,53510,1858,45,5,46.00,80953.10,0.07,0.05,A,F,1992-07-13,1992-07-10,1992-08-07,DELIVER IN PERSON,AIR, wake. bold orbits print s
53510-6,53510,1657,99,6,37.00,57670.05,0.01,0.06,R,F,1992-05-24,1992-06-07,1992-06-20,NONE,SHIP,t packages boos
53511-1,53511,1064,65,1,27.00,26056.62,0.02,0.08,A,F,1994-03-13,1994-05-14,1994-04-10,DELIVER IN PERSON,REG AIR,ely final deposits. furiously specia
53511-2,53511,1086,22,2,31.00,30599.48,0.04,0.01,A,F,1994-05-25,1994-04-22,1994-06-11,NONE,SHIP,"usual packages. ironic,"
53511-3,53511,1180,81,3,25.00,27029.50,0.08,0.08,A,F,1994-02-23,1994-05-04,1994-03-22,TAKE BACK RETURN,AIR,s are carefully
53511-4,53511,166,93,4,40.00,42646.40,0.04,0.07,R,F,1994-05-12,1994-04-12,1994-05-21,NONE,REG AIR,ironic foxes cajole blithely final
53511-5,53511,649,12,5,8.00,12397.12,0.00,0.05,A,F,1994-06-06,1994-04-30,1994-06-25,TAKE BACK RETURN,TRUCK, final requests. slyly final pinto beans
53511-6,53511,1632,56,6,24.00,36807.12,0.03,0.00,R,F,1994-05-21,1994-04-18,1994-05-30,COLLECT COD,RAIL, the quickly even accounts haggl
53511-7,53511,1816,60,7,6.00,10306.86,0.06,0.02,A,F,1994-06-17,1994-04-18,1994-07-13,TAKE BACK RETURN,TRUCK,"ly special excuses. unusual, final foxe"
53536-1,53536,1466,45,1,4.00,5469.84,0.05,0.04,R,F,1993-02-10,1992-12-07,1993-02-15,COLLECT COD,SHIP,he requests haggle furiously. ideas wake
53536-2,53536,94,95,2,21.00,20875.89,0.03,0.08,R,F,1993-02-07,1992-12-17,1993-02-18,COLLECT COD,MAIL,uickly unusual 
53536-3,53536,850,51,3,6.00,10505.10,0.10,0.08,A,F,1993-01-23,1993-01-20,1993-02-08,TAKE BACK RETURN,AIR,olphins sleep asymptotes. quickly r
53536-4,53536,1638,62,4,44.00,67743.72,0.04,0.05,R,F,1992-11-29,1993-01-07,1992-12-16,DELIVER IN PERSON,TRUCK,deposits. furi
53536-5,53536,1287,88,5,41.00,48719.48,0.07,0.04,R,F,1993-02-21,1992-12-08,1993-03-06,TAKE BACK RETURN,SHIP, use carefully. packages sleep slyl
53536-6,53536,85,86,6,10.00,9850.80,0.02,0.02,R,F,1993-01-18,1992-12-10,1993-01-23,COLLECT COD,RAIL, final ideas. blithely final depos
53536-7,53536,574,65,7,12.00,17694.84,0.10,0.05,R,F,1993-02-13,1992-12-01,1993-03-10,DELIVER IN PERSON,AIR,have to inte
53537-1,53537,1027,98,1,43.00,39904.86,0.01,0.01,N,O,1998-10-08,1998-09-06,1998-10-22,NONE,MAIL,ely theodolites. blith
53537-2,53537,307,36,2,41.00,49499.30,0.02,0.03,N,O,1998-09-28,1998-10-18,1998-10-21,COLLECT COD,SHIP,e furiously final package
53537-3,53537,868,69,3,14.00,24764.04,0.00,0.03,N,O,1998-10-18,1998-09-05,1998-11-07,DELIVER IN PERSON,FOB,furiously furiously final package
53538-1,53538,224,6,1,36.00,40471.92,0.03,0.02,N,O,1997-11-19,1997-12-25,1997-11-23,DELIVER IN PERSON,REG AIR,y final deposi
53539-1,53539,1789,32,1,48.00,81157.44,0.04,0.03,N,O,1995-07-05,1995-04-19,1995-07-12,DELIVER IN PERSON,RAIL," quiet requests sublate regular, even tit"
53539-2,53539,516,17,2,35.00,49577.85,0.08,0.01,N,O,1995-06-23,1995-04-17,1995-07-16,TAKE BACK RETURN,TRUCK,dolites cajole at the pending accounts
53539-3,53539,1731,32,3,37.00,60411.01,0.08,0.00,R,F,1995-05-23,1995-05-01,1995-06-16,TAKE BACK RETURN,AIR,hely regular escapades. quickly even pat
53539-4,53539,231,32,4,17.00,19230.91,0.09,0.08,N,F,1995-06-13,1995-04-14,1995-06-27,DELIVER IN PERSON,AIR,deas wake carefully slyly ironic 
53540-1,53540,1058,59,1,21.00,20140.05,0.02,0.02,R,F,1993-02-24,1993-04-19,1993-02-27,COLLECT COD,AIR,"posits play blithely along the unusual, "
53541-1,53541,1568,69,1,50.00,73478.00,0.09,0.03,R,F,1994-03-18,1994-02-28,1994-04-17,DELIVER IN PERSON,FOB, theodolites wake quickly. blithely regular
53542-1,53542,1573,54,1,34.00,50135.38,0.08,0.02,N,O,1998-07-18,1998-07-30,1998-07-26,DELIVER IN PERSON,AIR,e. slyly final foxes sle
53542-2,53542,786,19,2,12.00,20241.36,0.10,0.06,N,O,1998-05-14,1998-06-27,1998-05-16,TAKE BACK RETURN,MAIL,g platelets use care
53542-3,53542,1508,89,3,36.00,50742.00,0.03,0.00,N,O,1998-08-05,1998-07-09,1998-08-16,COLLECT COD,TRUCK,luffily unusual deposits use furiously
53542-4,53542,1502,83,4,3.00,4210.50,0.00,0.03,N,O,1998-09-03,1998-06-29,1998-10-03,DELIVER IN PERSON,TRUCK,pinto beans wake fluffily alo
53542-5,53542,1291,92,5,45.00,53653.05,0.09,0.05,N,O,1998-05-13,1998-06-09,1998-05-26,TAKE BACK RETURN,AIR,the quickly un
53543-1,53543,45,46,1,37.00,34966.48,0.02,0.06,R,F,1994-01-24,1994-02-18,1994-02-16,NONE,TRUCK,ironic dependencies nag regu
53543-2,53543,1451,52,2,36.00,48688.20,0.08,0.01,R,F,1994-04-01,1994-03-28,1994-04-06,TAKE BACK RETURN,RAIL,oss the furiously pending packages. depos
53568-1,53568,1653,77,1,43.00,66849.95,0.01,0.01,R,F,1993-09-27,1993-09-07,1993-10-23,DELIVER IN PERSON,TRUCK, accounts. furiously unusual pinto 
53568-2,53568,637,100,2,42.00,64580.46,0.06,0.02,R,F,1993-09-30,1993-09-14,1993-10-22,COLLECT COD,RAIL,; even instructio
53569-1,53569,1901,2,1,47.00,84736.30,0.00,0.00,N,O,1998-01-25,1997-11-12,1998-02-23,TAKE BACK RETURN,REG AIR,lithely. unu
53569-2,53569,1631,55,2,46.00,70500.98,0.00,0.06,N,O,1997-12-11,1997-12-15,1998-01-03,TAKE BACK RETURN,FOB,sual epitaph
53570-1,53570,1358,35,1,11.00,13852.85,0.04,0.00,N,O,1996-10-16,1996-11-17,1996-10-25,COLLECT COD,RAIL,y even deposit
53570-2,53570,134,35,2,28.00,28955.64,0.07,0.01,N,O,1996-12-08,1996-11-19,1996-12-12,NONE,AIR,epitaphs thrash ironically along the s
53570-3,53570,1119,92,3,23.00,23462.53,0.00,0.00,N,O,1996-12-22,1996-10-27,1997-01-18,NONE,TRUCK,er the quickl
53570-4,53570,1657,81,4,48.00,74815.20,0.05,0.07,N,O,1996-11-14,1996-10-20,1996-11-17,COLLECT COD,AIR,slyly across the furi
53570-5,53570,1278,16,5,27.00,31840.29,0.05,0.06,N,O,1996-12-17,1996-11-30,1997-01-09,DELIVER IN PERSON,AIR, foxes haggle furiously accor
53571-1,53571,1964,53,1,25.00,46649.00,0.02,0.02,R,F,1992-05-25,1992-05-01,1992-05-29,DELIVER IN PERSON,MAIL, slyly regular gifts unwind 
53571-2,53571,1261,73,2,3.00,3486.78,0.06,0.01,A,F,1992-04-22,1992-06-05,1992-04-28,COLLECT COD,FOB,. final ideas are carefully fluffily ironic
53571-3,53571,601,95,3,35.00,52556.00,0.04,0.08,A,F,1992-05-10,1992-05-23,1992-05-13,TAKE BACK RETURN,AIR,ent deposits haggle 
53571-4,53571,1121,94,4,25.00,25553.00,0.00,0.02,R,F,1992-05-28,1992-06-13,1992-06-26,COLLECT COD,MAIL,carefully unusual T
53571-5,53571,963,32,5,2.00,3727.92,0.08,0.06,A,F,1992-05-26,1992-04-19,1992-06-06,COLLECT COD,AIR, requests s
53571-6,53571,1287,88,6,35.00,41589.80,0.07,0.03,R,F,1992-05-30,1992-06-14,1992-06-18,TAKE BACK RETURN,RAIL,g packages. regular pinto beans boost.
53571-7,53571,923,92,7,5.00,9119.60,0.10,0.06,R,F,1992-05-12,1992-04-24,1992-05-22,TAKE BACK RETURN,REG AIR,ccording to the quickly final instructio
53572-1,53572,1054,60,1,21.00,20056.05,0.05,0.08,R,F,1993-08-19,1993-07-27,1993-09-15,NONE,TRUCK,fluffily silent
53572-2,53572,215,16,2,18.00,20073.78,0.02,0.06,A,F,1993-08-27,1993-07-18,1993-08-30,DELIVER IN PERSON,MAIL,dolites toward the
53573-1,53573,155,82,1,3.00,3165.45,0.02,0.00,R,F,1994-03-18,1994-04-15,1994-04-11,TAKE BACK RETURN,AIR,uriously express packages about the blithel
53574-1,53574,241,42,1,38.00,43367.12,0.02,0.08,A,F,1992-05-30,1992-05-28,1992-06-09,COLLECT COD,FOB,ngside of the sl
53575-1,53575,222,50,1,28.00,31422.16,0.00,0.02,N,O,1998-01-21,1997-12-24,1998-02-12,COLLECT COD,SHIP,ess asymptotes above the sometimes specia
53575-2,53575,265,47,2,16.00,18644.16,0.03,0.00,N,O,1998-01-25,1998-01-08,1998-02-09,NONE,RAIL,y unusual ideas across the furiously ev
53600-1,53600,8,34,1,3.00,2724.00,0.04,0.07,R,F,1992-09-07,1992-09-12,1992-10-06,NONE,MAIL,lyly. slyly pending dolphins need to
53600-2,53600,1669,93,2,5.00,7853.30,0.02,0.08,A,F,1992-08-24,1992-08-30,1992-09-21,DELIVER IN PERSON,RAIL,ternes. blithely iron
53600-3,53600,281,63,3,31.00,36619.68,0.00,0.01,R,F,1992-08-27,1992-09-28,1992-09-02,TAKE BACK RETURN,FOB,y unusual 
53600-4,53600,993,62,4,42.00,79547.58,0.02,0.03,A,F,1992-07-19,1992-09-08,1992-08-13,COLLECT COD,RAIL,l requests haggl
53600-5,53600,1621,4,5,37.00,56336.94,0.08,0.08,A,F,1992-08-15,1992-10-08,1992-08-16,TAKE BACK RETURN,MAIL,s detect furiously according to the b
53600-6,53600,1335,74,6,34.00,42035.22,0.09,0.03,A,F,1992-11-09,1992-09-28,1992-11-15,COLLECT COD,AIR,y across the furious
53601-1,53601,1383,22,1,4.00,5137.52,0.09,0.04,N,O,1997-07-02,1997-09-04,1997-07-18,DELIVER IN PERSON,REG AIR,ites nag silent requests
53602-1,53602,433,92,1,27.00,36002.61,0.06,0.07,A,F,1993-10-05,1993-09-04,1993-11-03,TAKE BACK RETURN,TRUCK,cial requests. bold req
53603-1,53603,383,68,1,28.00,35934.64,0.08,0.07,N,O,1995-08-04,1995-08-10,1995-09-03,COLLECT COD,TRUCK,ous deposits haggl
53603-2,53603,1174,83,2,33.00,35480.61,0.04,0.04,N,O,1995-09-15,1995-08-27,1995-10-06,NONE,TRUCK,pendencies wa
53603-3,53603,462,92,3,6.00,8174.76,0.01,0.03,N,O,1995-08-27,1995-07-19,1995-09-05,DELIVER IN PERSON,TRUCK,ents. regular requests
53603-4,53603,1238,50,4,6.00,6835.38,0.05,0.01,N,O,1995-07-19,1995-08-17,1995-08-03,NONE,FOB,s use evenly slyly special grouches. car
53603-5,53603,1660,61,5,49.00,76521.34,0.06,0.02,N,O,1995-07-10,1995-08-07,1995-07-30,TAKE BACK RETURN,MAIL,"usly bold platelets nag slyly close, u"
53603-6,53603,640,34,6,33.00,50841.12,0.09,0.08,N,O,1995-08-28,1995-07-19,1995-09-08,DELIVER IN PERSON,AIR,y pending deposits. dolphins c
53603-7,53603,1488,6,7,25.00,34737.00,0.09,0.06,N,O,1995-08-04,1995-07-30,1995-08-17,NONE,AIR,ly special requests. bold account
53604-1,53604,130,9,1,10.00,10301.30,0.08,0.08,N,O,1995-10-08,1995-10-26,1995-10-26,TAKE BACK RETURN,FOB,"lar platelets wake slyly excuses. bold, pe"
53604-2,53604,1227,2,2,2.00,2256.44,0.07,0.08,N,O,1995-11-11,1995-11-04,1995-11-17,COLLECT COD,MAIL,e carefully pendin
53605-1,53605,1944,33,1,13.00,23997.22,0.07,0.06,R,F,1993-11-05,1993-10-17,1993-11-26,COLLECT COD,REG AIR,n deposits affix after the even packages. 
53605-2,53605,736,37,2,37.00,60559.01,0.10,0.01,R,F,1993-11-16,1993-10-19,1993-12-14,COLLECT COD,REG AIR, about the 
53605-3,53605,1401,41,3,16.00,20838.40,0.10,0.08,R,F,1993-10-12,1993-11-01,1993-10-16,TAKE BACK RETURN,AIR,regular req
53605-4,53605,554,15,4,17.00,24727.35,0.00,0.02,A,F,1993-12-03,1993-10-16,1993-12-12,TAKE BACK RETURN,FOB,ly across the slyly perman
53605-5,53605,1934,23,5,24.00,44062.32,0.08,0.06,R,F,1993-09-22,1993-09-17,1993-10-21,NONE,SHIP, even theodolite
53605-6,53605,573,64,6,13.00,19156.41,0.00,0.04,A,F,1993-10-24,1993-10-04,1993-11-17,NONE,AIR,"bold, idle asymptotes along the f"
53606-1,53606,1194,67,1,15.00,16427.85,0.04,0.02,N,O,1997-06-23,1997-04-29,1997-07-11,COLLECT COD,RAIL,kly alongside of the pe
53606-2,53606,1196,69,2,27.00,29624.13,0.06,0.07,N,O,1997-07-11,1997-05-08,1997-08-09,DELIVER IN PERSON,FOB,e the even accou
53606-3,53606,164,43,3,41.00,43630.56,0.03,0.04,N,O,1997-06-17,1997-04-23,1997-06-26,COLLECT COD,REG AIR, dependencies. expres
53607-1,53607,716,49,1,29.00,46884.59,0.01,0.08,N,O,1996-03-20,1996-03-06,1996-04-19,COLLECT COD,MAIL,regular accounts. unusua
53632-1,53632,107,34,1,12.00,12085.20,0.04,0.01,R,F,1992-11-23,1993-02-03,1992-11-29,COLLECT COD,TRUCK,ns affix carefully closely eve
53633-1,53633,1142,79,1,29.00,30251.06,0.03,0.03,N,O,1997-11-25,1997-10-26,1997-12-06,DELIVER IN PERSON,RAIL,uriously abo
53633-2,53633,282,10,2,7.00,8275.96,0.04,0.05,N,O,1997-11-01,1997-10-22,1997-11-24,TAKE BACK RETURN,RAIL, the carefully unusual frays. unus
53633-3,53633,1410,50,3,24.00,31473.84,0.00,0.05,N,O,1997-10-11,1997-10-11,1997-10-16,TAKE BACK RETURN,SHIP,regular deposits sleep carefully ca
53634-1,53634,414,44,1,16.00,21030.56,0.08,0.00,N,F,1995-06-03,1995-03-27,1995-06-24,TAKE BACK RETURN,REG AIR,ven packages 
53635-1,53635,1154,55,1,37.00,39040.55,0.06,0.01,A,F,1992-08-11,1992-09-14,1992-09-03,TAKE BACK RETURN,TRUCK,eas nag alongside of the t
53635-2,53635,1988,21,2,17.00,32129.66,0.02,0.08,R,F,1992-09-28,1992-09-12,1992-10-21,NONE,SHIP,uriously pending d
53636-1,53636,739,36,1,1.00,1639.73,0.08,0.00,N,O,1996-02-02,1996-04-04,1996-02-23,COLLECT COD,FOB, packages across
53636-2,53636,11,12,2,42.00,38262.42,0.03,0.04,N,O,1996-04-14,1996-02-24,1996-04-26,DELIVER IN PERSON,REG AIR, instructions. ironic deposits
53636-3,53636,111,90,3,38.00,38422.18,0.00,0.00,N,O,1996-03-30,1996-04-06,1996-04-09,NONE,REG AIR,boost against t
53636-4,53636,368,69,4,4.00,5073.44,0.03,0.08,N,O,1996-01-24,1996-03-06,1996-02-07,DELIVER IN PERSON,REG AIR,ts. slyly permanent excuses dete
53637-1,53637,1077,48,1,48.00,46947.36,0.06,0.03,R,F,1995-03-29,1995-05-20,1995-04-18,COLLECT COD,RAIL, final instructions nag after
53637-2,53637,1937,70,2,31.00,57006.83,0.05,0.04,N,F,1995-05-29,1995-05-11,1995-06-26,COLLECT COD,TRUCK,wake slyly despite the quickly final 
53637-3,53637,1259,71,3,18.00,20884.50,0.09,0.04,N,O,1995-07-13,1995-05-29,1995-08-01,TAKE BACK RETURN,RAIL,d attainments are blithely blithely reg
53637-4,53637,1866,96,4,27.00,47732.22,0.07,0.00,N,F,1995-06-12,1995-04-25,1995-06-25,COLLECT COD,SHIP,hely. idle ideas wa
53637-5,53637,1149,86,5,13.00,13651.82,0.05,0.05,R,F,1995-04-13,1995-05-29,1995-05-12,NONE,RAIL,yly bold accounts was furiously 
53638-1,53638,1363,78,1,19.00,24022.84,0.02,0.00,N,O,1997-03-28,1997-04-06,1997-04-04,TAKE BACK RETURN,AIR,slyly after the quickly express reque
53638-2,53638,1873,60,2,30.00,53246.10,0.09,0.03,N,O,1997-04-03,1997-03-18,1997-04-25,NONE,MAIL," against the dogged, bold "
53638-3,53638,999,100,3,19.00,36099.81,0.10,0.01,N,O,1997-05-18,1997-03-27,1997-06-09,NONE,MAIL,ess accounts wake fluffily among
53639-1,53639,1406,85,1,21.00,27455.40,0.01,0.02,N,O,1996-12-23,1996-11-14,1997-01-13,DELIVER IN PERSON,FOB,egrate acco
53639-2,53639,346,31,2,9.00,11217.06,0.05,0.02,N,O,1997-01-01,1996-11-30,1997-01-02,DELIVER IN PERSON,AIR, carefully throughout
53639-3,53639,680,12,3,37.00,58485.16,0.05,0.02,N,O,1996-11-28,1996-11-20,1996-12-04,NONE,REG AIR,regular accounts. ironic requests 
53639-4,53639,91,42,4,44.00,43607.96,0.00,0.01,N,O,1996-11-30,1996-10-27,1996-12-10,COLLECT COD,REG AIR,y even platelets. carefu
53639-5,53639,1124,61,5,21.00,21527.52,0.02,0.03,N,O,1996-11-28,1996-11-23,1996-12-16,DELIVER IN PERSON,TRUCK,quick excuses affix furiously a
53639-6,53639,1733,76,6,13.00,21251.49,0.00,0.03,N,O,1997-01-08,1996-12-07,1997-01-29,DELIVER IN PERSON,RAIL,efully. busily ironic d
53639-7,53639,1223,35,7,2.00,2248.44,0.08,0.07,N,O,1996-12-21,1996-12-19,1997-01-03,NONE,RAIL,pinto beans haggle slyly along the qui
53664-1,53664,1667,9,1,9.00,14117.94,0.03,0.02,N,O,1996-08-24,1996-10-29,1996-09-23,NONE,FOB,sleep quickly platelets. furiously iro
53665-1,53665,1182,19,1,15.00,16247.70,0.03,0.07,N,O,1998-05-14,1998-05-08,1998-05-26,COLLECT COD,MAIL, regular packag
53665-2,53665,1623,24,2,20.00,30492.40,0.05,0.00,N,O,1998-04-17,1998-03-24,1998-04-30,DELIVER IN PERSON,AIR,oxes. slyly fi
53665-3,53665,1159,32,3,21.00,22263.15,0.03,0.06,N,O,1998-06-06,1998-05-19,1998-06-11,COLLECT COD,SHIP,ing requests haggle
53665-4,53665,991,26,4,48.00,90815.52,0.08,0.05,N,O,1998-04-20,1998-04-05,1998-04-26,COLLECT COD,TRUCK,s solve quickly unusual tithes
53665-5,53665,719,84,5,26.00,42112.46,0.05,0.00,N,O,1998-05-23,1998-05-15,1998-06-01,COLLECT COD,TRUCK, special re
53665-6,53665,271,72,6,4.00,4685.08,0.10,0.02,N,O,1998-03-13,1998-04-14,1998-03-20,TAKE BACK RETURN,AIR,dependencies s
53666-1,53666,856,57,1,19.00,33380.15,0.08,0.06,N,O,1997-08-25,1997-09-24,1997-09-03,COLLECT COD,MAIL,ckly according t
53666-2,53666,1734,77,2,14.00,22900.22,0.03,0.03,N,O,1997-10-10,1997-09-08,1997-10-14,TAKE BACK RETURN,RAIL,ngside of the quickly even e
53666-3,53666,399,84,3,33.00,42879.87,0.07,0.07,N,O,1997-08-01,1997-08-26,1997-08-18,TAKE BACK RETURN,REG AIR,symptotes sleep 
53666-4,53666,985,86,4,30.00,56579.40,0.02,0.05,N,O,1997-09-08,1997-10-04,1997-09-25,NONE,REG AIR,ar theodolites are furiously along
53666-5,53666,1084,20,5,2.00,1970.16,0.09,0.08,N,O,1997-10-16,1997-10-05,1997-11-06,COLLECT COD,MAIL,tions use alongside of the slyly bold
53667-1,53667,1490,30,1,50.00,69574.50,0.01,0.06,A,F,1992-08-01,1992-08-06,1992-08-22,NONE,RAIL,bold deposits. quickl
53667-2,53667,278,60,2,32.00,37704.64,0.01,0.05,R,F,1992-09-06,1992-08-03,1992-09-09,COLLECT COD,AIR,counts. furiously
53668-1,53668,556,17,1,32.00,46609.60,0.02,0.03,R,F,1993-07-03,1993-06-19,1993-07-23,NONE,SHIP,"es among the silent, unusual ac"
53668-2,53668,1482,100,2,16.00,22135.68,0.06,0.04,R,F,1993-07-07,1993-05-01,1993-07-12,DELIVER IN PERSON,MAIL,posits are above the carefully re
53668-3,53668,1898,42,3,20.00,35997.80,0.04,0.06,A,F,1993-05-19,1993-06-29,1993-05-22,COLLECT COD,TRUCK, to wake regular
53668-4,53668,917,86,4,24.00,43629.84,0.01,0.07,A,F,1993-04-24,1993-06-21,1993-04-30,NONE,TRUCK,furiously re
53668-5,53668,811,12,5,7.00,11982.67,0.10,0.07,R,F,1993-07-07,1993-05-17,1993-07-14,TAKE BACK RETURN,RAIL,hely unusual accounts? p
53668-6,53668,1704,89,6,18.00,28902.60,0.09,0.00,R,F,1993-06-29,1993-05-21,1993-07-16,COLLECT COD,TRUCK,ole according to the b
53669-1,53669,933,68,1,42.00,77025.06,0.00,0.06,N,O,1998-05-16,1998-04-15,1998-06-07,COLLECT COD,FOB,ackages. fluffily expres
53669-2,53669,564,65,2,28.00,41007.68,0.03,0.06,N,O,1998-05-28,1998-05-16,1998-06-10,DELIVER IN PERSON,AIR,rns poach finally final packages. unusual
53669-3,53669,823,24,3,43.00,74124.26,0.03,0.07,N,O,1998-04-04,1998-05-01,1998-04-08,COLLECT COD,MAIL,special ideas 
53669-4,53669,329,86,4,7.00,8605.24,0.07,0.02,N,O,1998-05-01,1998-05-12,1998-05-24,DELIVER IN PERSON,TRUCK,edly even pinto be
53669-5,53669,1380,57,5,45.00,57662.10,0.04,0.00,N,O,1998-04-27,1998-05-27,1998-05-13,NONE,RAIL,er the furio
53670-1,53670,716,17,1,4.00,6466.84,0.01,0.05,A,F,1993-12-07,1994-02-02,1993-12-12,NONE,SHIP, ironic ideas. iron
53671-1,53671,1539,60,1,7.00,10083.71,0.05,0.02,N,O,1995-08-24,1995-08-05,1995-09-23,COLLECT COD,MAIL,"l, pending "
53671-2,53671,1375,76,2,35.00,44672.95,0.00,0.01,N,O,1995-08-26,1995-09-07,1995-09-15,DELIVER IN PERSON,SHIP,gside of the carefully even idea
53671-3,53671,1947,48,3,25.00,46223.50,0.00,0.03,N,O,1995-08-22,1995-08-29,1995-09-10,COLLECT COD,AIR,old theodolites run theodolites. fluffily 
53671-4,53671,1677,78,4,28.00,44202.76,0.04,0.02,N,O,1995-09-04,1995-07-25,1995-09-07,NONE,REG AIR,g to the instr
53671-5,53671,185,64,5,16.00,17362.88,0.02,0.03,N,F,1995-06-17,1995-07-19,1995-06-18,DELIVER IN PERSON,SHIP,y special epitaphs integrate careful
53671-6,53671,300,82,6,20.00,24006.00,0.09,0.05,N,O,1995-09-18,1995-08-24,1995-10-12,COLLECT COD,TRUCK,out the blithely even att
53696-1,53696,868,68,1,34.00,60141.24,0.10,0.03,R,F,1994-01-22,1994-03-03,1994-01-26,TAKE BACK RETURN,FOB,snooze quickly. blithely final pint
53696-2,53696,675,7,2,16.00,25210.72,0.01,0.08,R,F,1994-03-04,1994-01-31,1994-03-27,NONE,RAIL,ag bold pi
53696-3,53696,1921,66,3,26.00,47395.92,0.00,0.08,A,F,1994-03-22,1994-02-18,1994-03-28,DELIVER IN PERSON,FOB,kages. care
53696-4,53696,1239,14,4,45.00,51310.35,0.06,0.05,A,F,1994-02-08,1994-01-30,1994-02-13,DELIVER IN PERSON,RAIL,ckly. instru
53696-5,53696,10,11,5,36.00,32760.36,0.10,0.05,R,F,1994-03-29,1994-01-30,1994-04-05,NONE,REG AIR,"s. final, re"
53697-1,53697,22,48,1,25.00,23050.50,0.08,0.02,R,F,1993-02-07,1993-03-27,1993-02-10,TAKE BACK RETURN,AIR,nusual packages breach fluff
53698-1,53698,529,20,1,40.00,57180.80,0.02,0.05,A,F,1992-07-19,1992-08-08,1992-07-20,DELIVER IN PERSON,FOB,leep alongside of the e
53698-2,53698,1826,27,2,29.00,50106.78,0.06,0.08,A,F,1992-06-21,1992-07-27,1992-06-25,TAKE BACK RETURN,RAIL,ic packages integrat
53698-3,53698,1032,33,3,47.00,43852.41,0.02,0.00,R,F,1992-09-09,1992-08-26,1992-10-01,TAKE BACK RETURN,RAIL," deposits. regular, express deposits a"
53699-1,53699,796,61,1,5.00,8483.95,0.06,0.04,N,O,1996-11-10,1996-12-05,1996-11-16,TAKE BACK RETURN,MAIL,pending accounts according to the ideas ar
53699-2,53699,713,14,2,33.00,53252.43,0.07,0.08,N,O,1996-12-23,1996-12-21,1997-01-22,NONE,REG AIR,? furious pinto beans against 
53699-3,53699,812,12,3,5.00,8564.05,0.07,0.03,N,O,1996-11-24,1996-11-20,1996-11-26,COLLECT COD,MAIL,ly. carefully silent 
53699-4,53699,1024,60,4,8.00,7400.16,0.03,0.01,N,O,1997-01-28,1996-12-17,1997-02-26,TAKE BACK RETURN,FOB,out the even rea
53699-5,53699,1421,22,5,26.00,34382.92,0.06,0.05,N,O,1997-01-27,1996-12-16,1997-02-17,DELIVER IN PERSON,RAIL,he furiously final depos
53699-6,53699,46,97,6,24.00,22704.96,0.07,0.03,N,O,1997-02-03,1997-01-02,1997-02-22,NONE,AIR, platelets wake quickly re
53699-7,53699,457,16,7,29.00,39366.05,0.06,0.08,N,O,1996-11-29,1996-12-04,1996-12-22,DELIVER IN PERSON,REG AIR,y ironic packages. even foxes haggle 
53700-1,53700,1814,15,1,26.00,44611.06,0.05,0.02,N,O,1997-01-01,1997-02-02,1997-01-08,COLLECT COD,FOB,le furiously final
53700-2,53700,189,90,2,27.00,29407.86,0.05,0.00,N,O,1997-02-13,1997-02-24,1997-03-04,DELIVER IN PERSON,REG AIR, packages nag slyly final theodolites. sl
53701-1,53701,1798,41,1,39.00,66291.81,0.05,0.04,N,O,1998-03-15,1998-04-10,1998-04-02,COLLECT COD,MAIL,ans. slyly 
53701-2,53701,348,49,2,31.00,38698.54,0.04,0.05,N,O,1998-03-25,1998-05-18,1998-04-20,TAKE BACK RETURN,AIR, fluffily regular deco
53701-3,53701,1445,63,3,26.00,35007.44,0.06,0.05,N,O,1998-04-06,1998-04-21,1998-04-24,NONE,MAIL,requests wake furiously after 
53702-1,53702,1326,41,1,3.00,3681.96,0.09,0.07,R,F,1994-08-15,1994-06-10,1994-09-05,DELIVER IN PERSON,AIR,y ironic pinto beans wake. carefu
53702-2,53702,469,57,2,16.00,21911.36,0.01,0.04,R,F,1994-08-24,1994-07-01,1994-09-17,TAKE BACK RETURN,SHIP,hy accounts among the fluffi
53702-3,53702,1188,25,3,5.00,5445.90,0.02,0.02,A,F,1994-06-10,1994-07-10,1994-06-12,DELIVER IN PERSON,REG AIR,arefully alongside of the fluffily
53702-4,53702,1880,10,4,28.00,49892.64,0.10,0.08,R,F,1994-05-08,1994-05-27,1994-05-21,COLLECT COD,FOB,ests? slyly express
53702-5,53702,1778,79,5,10.00,16797.70,0.01,0.01,R,F,1994-06-12,1994-06-21,1994-06-15,TAKE BACK RETURN,TRUCK," the express, regular depos"
53703-1,53703,849,50,1,5.00,8749.20,0.05,0.03,R,F,1993-06-28,1993-09-02,1993-07-01,TAKE BACK RETURN,SHIP,ithely special deposits. quickly f
53703-2,53703,442,1,2,18.00,24163.92,0.08,0.01,A,F,1993-07-06,1993-08-31,1993-07-14,DELIVER IN PERSON,AIR,about the 
53703-3,53703,801,35,3,35.00,59563.00,0.05,0.03,A,F,1993-08-04,1993-08-04,1993-08-21,TAKE BACK RETURN,RAIL,ts. blithel
53703-4,53703,497,27,4,9.00,12577.41,0.10,0.02,A,F,1993-09-14,1993-08-31,1993-10-07,TAKE BACK RETURN,RAIL,s haggle furiously after the quickly unus
53728-1,53728,1752,79,1,42.00,69457.50,0.02,0.06,N,O,1995-11-19,1996-01-16,1995-12-10,TAKE BACK RETURN,AIR, careful deposit
53728-2,53728,1530,31,2,10.00,14315.30,0.05,0.04,N,O,1996-01-07,1995-12-15,1996-01-25,DELIVER IN PERSON,TRUCK,"ly express deposits. bold, dari"
53728-3,53728,441,29,3,42.00,56340.48,0.04,0.02,N,O,1995-12-08,1995-12-03,1995-12-14,COLLECT COD,REG AIR,ecial asymptotes det
53729-1,53729,537,38,1,43.00,61813.79,0.05,0.08,N,O,1997-04-18,1997-03-17,1997-05-03,TAKE BACK RETURN,MAIL,lly silent requests. ca
53730-1,53730,295,50,1,16.00,19124.64,0.00,0.07,R,F,1993-03-11,1993-03-12,1993-03-25,TAKE BACK RETURN,FOB,counts impress finally. 
53730-2,53730,1146,19,2,20.00,20942.80,0.08,0.07,R,F,1993-04-13,1993-03-04,1993-05-05,NONE,RAIL,"ut the regular, final accounts. r"
53730-3,53730,568,99,3,41.00,60210.96,0.05,0.03,R,F,1993-04-08,1993-03-26,1993-04-11,NONE,SHIP,y final pack
53730-4,53730,1566,47,4,29.00,42559.24,0.08,0.08,A,F,1993-01-12,1993-03-13,1993-01-22,NONE,MAIL,ly after t
53730-5,53730,501,62,5,11.00,15416.50,0.06,0.07,A,F,1993-04-14,1993-03-11,1993-04-22,NONE,MAIL,lly permanent depende
53731-1,53731,1112,21,1,38.00,38498.18,0.07,0.06,N,O,1998-06-09,1998-04-10,1998-07-09,DELIVER IN PERSON,AIR,"ites. regular, special requests bo"
53731-2,53731,1642,66,2,4.00,6174.56,0.05,0.03,N,O,1998-06-16,1998-04-20,1998-06-24,DELIVER IN PERSON,FOB, even platelets wak
53731-3,53731,977,78,3,7.00,13145.79,0.04,0.06,N,O,1998-05-29,1998-04-23,1998-06-15,DELIVER IN PERSON,TRUCK,"ress, regular "
53731-4,53731,912,15,4,25.00,45322.75,0.05,0.05,N,O,1998-03-28,1998-05-26,1998-04-20,NONE,FOB,slyly express theodo
53732-1,53732,1682,6,1,29.00,45926.72,0.10,0.06,N,O,1995-07-24,1995-08-06,1995-08-02,DELIVER IN PERSON,TRUCK,luffily around the pinto beans. bl
53732-2,53732,868,2,2,5.00,8844.30,0.02,0.06,N,O,1995-07-26,1995-09-12,1995-08-16,TAKE BACK RETURN,SHIP,"refully about the regular, final theo"
53732-3,53732,1206,7,3,4.00,4428.80,0.01,0.06,N,O,1995-07-19,1995-08-04,1995-08-15,DELIVER IN PERSON,SHIP,ites wake along the ironic requests--
53732-4,53732,1035,36,4,16.00,14976.48,0.08,0.00,N,O,1995-09-01,1995-08-31,1995-09-15,NONE,AIR,eas except the requests sleep carefull
53733-1,53733,1074,10,1,23.00,22426.61,0.02,0.06,N,O,1997-04-27,1997-04-22,1997-05-19,TAKE BACK RETURN,RAIL, use against the quickly final courts. slyl
53733-2,53733,271,99,2,4.00,4685.08,0.01,0.02,N,O,1997-04-21,1997-04-15,1997-04-23,NONE,RAIL,cross the regular platelets
53733-3,53733,747,80,3,43.00,70852.82,0.04,0.03,N,O,1997-04-03,1997-03-26,1997-04-09,NONE,AIR,posits near the furious
53733-4,53733,160,61,4,35.00,37105.60,0.03,0.07,N,O,1997-02-24,1997-05-01,1997-03-12,NONE,FOB,gouts. slyly ironic instructio
53733-5,53733,371,28,5,27.00,34326.99,0.01,0.08,N,O,1997-05-14,1997-05-12,1997-05-25,DELIVER IN PERSON,RAIL, the furiously pending theodolites. Tire
53733-6,53733,1278,90,6,16.00,18868.32,0.04,0.08,N,O,1997-05-25,1997-05-02,1997-06-01,NONE,REG AIR, final requests about the ideas wake accord
53733-7,53733,1156,93,7,13.00,13742.95,0.07,0.07,N,O,1997-05-23,1997-04-21,1997-06-18,TAKE BACK RETURN,MAIL,"e among the express, speci"
53734-1,53734,1379,80,1,42.00,53775.54,0.07,0.06,N,O,1997-05-14,1997-05-10,1997-05-18,COLLECT COD,REG AIR,refully against the q
53735-1,53735,15,66,1,4.00,3660.04,0.10,0.07,N,O,1997-03-05,1997-04-21,1997-03-10,NONE,MAIL,e courts; slyly unusual deposits after
53735-2,53735,340,69,2,6.00,7442.04,0.08,0.00,N,O,1997-05-07,1997-02-27,1997-06-04,NONE,RAIL,sits affix
53760-1,53760,1216,17,1,7.00,7820.47,0.03,0.03,N,O,1996-05-16,1996-06-16,1996-06-04,COLLECT COD,FOB, ironic accounts sleep
53760-2,53760,722,23,2,33.00,53549.76,0.08,0.07,N,O,1996-05-02,1996-06-01,1996-05-30,TAKE BACK RETURN,REG AIR,sits haggle blithely unusual packages. fluf
53760-3,53760,407,8,3,29.00,37914.60,0.10,0.04,N,O,1996-07-03,1996-05-25,1996-08-01,TAKE BACK RETURN,FOB,ecial theodolites-- pinto beans
53760-4,53760,1365,66,4,16.00,20261.76,0.10,0.01,N,O,1996-06-24,1996-05-20,1996-06-28,COLLECT COD,MAIL,ons. fluffily bold req
53760-5,53760,1797,98,5,7.00,11891.53,0.09,0.05,N,O,1996-05-08,1996-05-30,1996-05-16,COLLECT COD,MAIL,platelets. fluffily
53760-6,53760,660,23,6,18.00,28091.88,0.08,0.04,N,O,1996-06-06,1996-06-11,1996-06-08,COLLECT COD,RAIL,lets. final packages a
53760-7,53760,763,28,7,2.00,3327.52,0.03,0.08,N,O,1996-04-21,1996-05-29,1996-05-18,DELIVER IN PERSON,FOB,aggle finally along the sly
53761-1,53761,1167,76,1,32.00,34181.12,0.03,0.06,N,O,1995-07-28,1995-06-25,1995-08-19,COLLECT COD,AIR,ss the regular realms. enticing instr
53761-2,53761,965,100,2,20.00,37319.20,0.06,0.03,N,O,1995-08-04,1995-05-20,1995-09-01,COLLECT COD,TRUCK,ular packages cajole slyly 
53762-1,53762,568,99,1,1.00,1468.56,0.03,0.08,A,F,1992-07-20,1992-07-06,1992-08-07,DELIVER IN PERSON,REG AIR,beans integrate blithely ca
53762-2,53762,1909,42,2,21.00,38028.90,0.07,0.03,R,F,1992-08-13,1992-07-14,1992-08-31,TAKE BACK RETURN,AIR,ular asymptotes n
53762-3,53762,424,54,3,9.00,11919.78,0.04,0.04,A,F,1992-07-06,1992-08-22,1992-07-22,COLLECT COD,RAIL,"dolphins sleep blithe, ev"
53762-4,53762,430,31,4,42.00,55878.06,0.00,0.07,R,F,1992-06-12,1992-08-31,1992-06-28,NONE,TRUCK, foxes. slyly bold requests haggle 
53762-5,53762,1041,42,5,9.00,8478.36,0.10,0.00,R,F,1992-07-18,1992-07-18,1992-07-28,DELIVER IN PERSON,REG AIR,tructions haggle against the qui
53763-1,53763,1231,32,1,48.00,54347.04,0.04,0.08,N,O,1996-07-20,1996-08-05,1996-07-27,DELIVER IN PERSON,AIR,usual packages against the
53763-2,53763,333,90,2,41.00,50566.53,0.09,0.04,N,O,1996-06-23,1996-07-19,1996-06-28,COLLECT COD,MAIL,. furiously b
53764-1,53764,1466,67,1,7.00,9572.22,0.04,0.02,N,O,1997-06-01,1997-06-06,1997-06-17,NONE,MAIL,ealthy sheaves are
53764-2,53764,1025,96,2,48.00,44448.96,0.01,0.02,N,O,1997-06-17,1997-05-28,1997-06-30,DELIVER IN PERSON,FOB,uriously slyly bold accou
53764-3,53764,1283,84,3,22.00,26054.16,0.00,0.00,N,O,1997-05-01,1997-05-24,1997-05-24,COLLECT COD,MAIL,packages cajole careful
53764-4,53764,1123,96,4,8.00,8192.96,0.04,0.08,N,O,1997-07-23,1997-06-23,1997-08-22,NONE,REG AIR,y regular pl
53764-5,53764,10,86,5,9.00,8190.09,0.00,0.06,N,O,1997-06-21,1997-06-07,1997-07-01,COLLECT COD,TRUCK,us pinto beans. 
53764-6,53764,1017,18,6,29.00,26622.29,0.05,0.08,N,O,1997-05-02,1997-05-28,1997-05-05,NONE,REG AIR,leep furiously slyly special deposits. sile
53765-1,53765,1161,98,1,45.00,47797.20,0.04,0.00,R,F,1993-11-16,1993-12-13,1993-12-07,TAKE BACK RETURN,MAIL,urious cour
53765-2,53765,1727,28,2,47.00,76549.84,0.05,0.07,R,F,1993-12-28,1993-12-09,1993-12-31,DELIVER IN PERSON,MAIL,requests affix alongside of t
53765-3,53765,41,92,3,41.00,38582.64,0.10,0.04,R,F,1994-01-23,1993-12-22,1994-02-01,COLLECT COD,REG AIR,special pac
53766-1,53766,1648,72,1,50.00,77482.00,0.02,0.08,R,F,1995-01-06,1995-01-09,1995-01-10,NONE,AIR,instructions. carefully ironic instruc
53767-1,53767,32,33,1,2.00,1864.06,0.03,0.01,N,O,1995-10-29,1995-10-16,1995-10-30,TAKE BACK RETURN,TRUCK,e. carefully re
53767-2,53767,56,57,2,7.00,6692.35,0.02,0.05,N,O,1995-08-30,1995-11-15,1995-08-31,COLLECT COD,AIR,odolites h
53767-3,53767,529,20,3,29.00,41456.08,0.04,0.08,N,O,1995-11-25,1995-10-27,1995-11-29,TAKE BACK RETURN,RAIL,wake carefully according to the s
53767-4,53767,1256,94,4,35.00,40503.75,0.04,0.06,N,O,1995-09-30,1995-10-15,1995-10-10,DELIVER IN PERSON,SHIP,. carefully reg
53767-5,53767,729,62,5,12.00,19556.64,0.06,0.03,N,O,1995-10-08,1995-10-10,1995-11-04,COLLECT COD,REG AIR, to the slyly express foxes. foxe
53767-6,53767,1441,59,6,36.00,48327.84,0.04,0.08,N,O,1995-09-29,1995-11-05,1995-10-27,DELIVER IN PERSON,REG AIR, requests. regular packages nag slyly 
53792-1,53792,1918,7,1,44.00,80076.04,0.03,0.00,N,O,1998-07-02,1998-07-10,1998-07-15,DELIVER IN PERSON,TRUCK,xes wake furiously blithely ironi
53792-2,53792,729,30,2,24.00,39113.28,0.10,0.02,N,O,1998-06-27,1998-07-06,1998-07-06,TAKE BACK RETURN,TRUCK, dolphins thrash slyly. f
53792-3,53792,1981,14,3,6.00,11297.88,0.10,0.01,N,O,1998-09-07,1998-07-31,1998-09-08,NONE,SHIP, furiously final deposits. furiously p
53792-4,53792,330,59,4,6.00,7381.98,0.09,0.02,N,O,1998-09-14,1998-07-07,1998-10-12,NONE,AIR,ackages na
53793-1,53793,1047,83,1,35.00,33181.40,0.09,0.03,A,F,1994-11-25,1994-12-23,1994-12-07,TAKE BACK RETURN,FOB,"gular, regular excus"
53793-2,53793,259,87,2,36.00,41733.00,0.06,0.07,A,F,1995-02-09,1995-02-07,1995-03-05,NONE,REG AIR,lithely unusual accounts. e
53793-3,53793,424,12,3,6.00,7946.52,0.03,0.03,A,F,1995-01-29,1995-02-04,1995-02-12,NONE,RAIL,y. bold theodolites boost furiously-
53793-4,53793,1889,90,4,9.00,16117.92,0.03,0.01,R,F,1994-11-21,1994-12-16,1994-12-10,DELIVER IN PERSON,FOB,ns detect quickly. final
53793-5,53793,1175,12,5,8.00,8609.36,0.05,0.08,A,F,1994-11-29,1994-12-20,1994-12-13,TAKE BACK RETURN,MAIL,y express requests. eve
53793-6,53793,136,37,6,1.00,1036.13,0.10,0.05,A,F,1995-02-14,1995-01-06,1995-03-13,NONE,AIR,ic pinto beans.
53794-1,53794,510,41,1,26.00,36673.26,0.02,0.03,N,O,1997-11-27,1997-10-15,1997-12-08,DELIVER IN PERSON,SHIP,eep about the fluffily final 
53794-2,53794,1241,79,2,40.00,45689.60,0.00,0.05,N,O,1998-01-07,1997-10-28,1998-01-11,DELIVER IN PERSON,AIR,to beans believe blithely; ironic ideas 
53794-3,53794,1726,27,3,20.00,32554.40,0.03,0.02,N,O,1997-12-30,1997-10-15,1998-01-29,COLLECT COD,AIR,counts. furiously special packag
53794-4,53794,1960,5,4,33.00,61444.68,0.06,0.06,N,O,1997-10-18,1997-10-19,1997-10-30,TAKE BACK RETURN,SHIP,he blithely even in
53795-1,53795,463,64,1,46.00,62719.16,0.10,0.04,A,F,1992-02-15,1992-03-19,1992-02-21,DELIVER IN PERSON,RAIL,egular asymptotes are quickly about the sl
53795-2,53795,678,10,2,13.00,20522.71,0.00,0.01,R,F,1992-03-09,1992-03-01,1992-03-24,DELIVER IN PERSON,FOB,oubt quickly after the regular inst
53795-3,53795,1468,8,3,37.00,50670.02,0.08,0.00,R,F,1992-02-15,1992-04-04,1992-02-18,COLLECT COD,MAIL, according to the slyly ironic deposits w
53795-4,53795,827,94,4,2.00,3455.64,0.05,0.07,A,F,1992-05-15,1992-04-19,1992-06-05,TAKE BACK RETURN,MAIL,", regular pinto bean"
53795-5,53795,14,90,5,26.00,23764.26,0.03,0.04,R,F,1992-03-27,1992-04-23,1992-04-08,TAKE BACK RETURN,TRUCK,lyly final pinto beans. furiously 
53795-6,53795,397,82,6,7.00,9081.73,0.03,0.00,R,F,1992-05-14,1992-04-10,1992-05-30,DELIVER IN PERSON,REG AIR,. ironic hockey players
53796-1,53796,1111,20,1,17.00,17205.87,0.03,0.02,A,F,1993-09-22,1993-08-08,1993-09-30,TAKE BACK RETURN,FOB,equests. b
53797-1,53797,578,79,1,34.00,50271.38,0.02,0.07,A,F,1995-01-05,1994-11-15,1995-01-23,TAKE BACK RETURN,SHIP,ven requests. spec
53797-2,53797,430,18,2,12.00,15965.16,0.01,0.02,A,F,1995-01-20,1994-11-01,1995-02-12,NONE,RAIL, regular instruct
53797-3,53797,1717,60,3,38.00,61510.98,0.03,0.03,R,F,1995-01-27,1994-12-20,1995-01-28,DELIVER IN PERSON,MAIL,ptotes above the furiously furious
53797-4,53797,357,58,4,33.00,41492.55,0.10,0.00,A,F,1995-01-19,1994-11-03,1995-02-12,DELIVER IN PERSON,RAIL,lar requests. accounts haggle
53797-5,53797,769,2,5,15.00,25046.40,0.06,0.00,A,F,1994-10-22,1994-12-05,1994-11-03,TAKE BACK RETURN,MAIL,ngage slyly at the theodo
53797-6,53797,60,11,6,26.00,24961.56,0.07,0.01,A,F,1994-12-30,1994-11-27,1995-01-17,NONE,RAIL,old theodo
53798-1,53798,45,71,1,4.00,3780.16,0.04,0.06,A,F,1994-05-16,1994-05-26,1994-06-04,COLLECT COD,SHIP,"ts. ironic,"
53798-2,53798,744,77,2,50.00,82237.00,0.01,0.05,R,F,1994-08-16,1994-07-06,1994-08-18,TAKE BACK RETURN,REG AIR,thely ironic pinto bea
53798-3,53798,588,49,3,48.00,71451.84,0.03,0.00,R,F,1994-05-28,1994-06-12,1994-06-24,TAKE BACK RETURN,TRUCK,ithely. blithely silent accounts against 
53799-1,53799,1102,39,1,45.00,45139.50,0.00,0.07,N,O,1997-01-26,1997-03-03,1997-02-09,TAKE BACK RETURN,REG AIR,s sleep slyly against the fluffily bold d
53799-2,53799,1339,78,2,37.00,45892.21,0.04,0.07,N,O,1997-04-10,1997-02-16,1997-05-02,TAKE BACK RETURN,MAIL,express packages wake carefully across the
53799-3,53799,735,68,3,42.00,68700.66,0.00,0.06,N,O,1997-01-04,1997-01-20,1997-01-25,TAKE BACK RETURN,FOB,ntain carefully bold package
53799-4,53799,850,17,4,1.00,1750.85,0.06,0.06,N,O,1997-04-01,1997-03-08,1997-04-21,COLLECT COD,FOB,uests. special dependencies ca
53799-5,53799,342,43,5,43.00,53420.62,0.05,0.04,N,O,1997-03-08,1997-02-05,1997-03-12,DELIVER IN PERSON,MAIL,. quickly even dependencies are about the f
53799-6,53799,385,42,6,7.00,8997.66,0.00,0.08,N,O,1997-02-06,1997-01-23,1997-02-16,NONE,SHIP,refully ab
53799-7,53799,1240,41,7,6.00,6847.44,0.05,0.02,N,O,1997-04-04,1997-01-18,1997-04-27,NONE,AIR,olphins. carefully specia
53824-1,53824,790,23,1,18.00,30434.22,0.04,0.02,N,O,1997-07-22,1997-08-26,1997-08-05,COLLECT COD,REG AIR,posits. express dep
53825-1,53825,1131,68,1,33.00,34060.29,0.09,0.08,N,O,1995-07-06,1995-06-26,1995-07-08,NONE,RAIL,"t the unusual, regular excuses. final, reg"
53825-2,53825,1,27,2,25.00,22525.00,0.00,0.02,N,O,1995-07-28,1995-07-03,1995-07-31,DELIVER IN PERSON,RAIL,es cajole according to
53825-3,53825,1164,1,3,45.00,47932.20,0.04,0.00,A,F,1995-06-11,1995-06-27,1995-06-15,DELIVER IN PERSON,TRUCK,ckages. ironic theodol
53825-4,53825,1780,23,4,4.00,6727.12,0.02,0.00,A,F,1995-05-23,1995-06-16,1995-06-05,DELIVER IN PERSON,MAIL,ch across the bold instructions
53825-5,53825,868,68,5,10.00,17688.60,0.10,0.02,A,F,1995-05-31,1995-05-11,1995-06-13,DELIVER IN PERSON,SHIP,"unusual packages. regular, ironic accounts "
53825-6,53825,1218,93,6,33.00,36933.93,0.03,0.01,R,F,1995-06-03,1995-05-22,1995-06-09,TAKE BACK RETURN,RAIL,ve the permanently ironic pinto b
53826-1,53826,1614,15,1,27.00,40921.47,0.01,0.07,N,O,1996-12-30,1997-01-29,1997-01-18,DELIVER IN PERSON,REG AIR, the accounts a
53826-2,53826,1415,33,2,36.00,47390.76,0.03,0.04,N,O,1997-01-16,1997-01-06,1997-02-03,TAKE BACK RETURN,TRUCK,ly ironic ideas. final sentiments thras
53826-3,53826,1178,15,3,29.00,31295.93,0.04,0.07,N,O,1997-02-09,1996-12-14,1997-02-24,COLLECT COD,FOB,ully packages. slyly regul
53827-1,53827,1668,69,1,18.00,28253.88,0.10,0.01,N,O,1998-02-11,1998-02-28,1998-02-19,DELIVER IN PERSON,FOB,ly silent pinto beans wake
53827-2,53827,1810,97,2,31.00,53066.11,0.09,0.06,N,O,1998-02-06,1998-03-08,1998-02-17,DELIVER IN PERSON,REG AIR,quests use along the fluffily special acc
53827-3,53827,453,41,3,9.00,12181.05,0.07,0.08,N,O,1997-12-15,1998-01-16,1997-12-27,NONE,FOB,"egular, close instructions cajole slyly"
53828-1,53828,1504,5,1,35.00,49192.50,0.04,0.08,N,O,1996-08-30,1996-08-02,1996-09-09,TAKE BACK RETURN,MAIL,ully evenly regular somas; furiousl
53828-2,53828,1251,89,2,16.00,18436.00,0.00,0.05,N,O,1996-06-19,1996-09-03,1996-07-05,NONE,FOB,re furiously even accounts. carefully ir
53829-1,53829,896,97,1,1.00,1796.89,0.03,0.02,N,O,1997-04-13,1997-04-15,1997-05-09,DELIVER IN PERSON,FOB,ng the sly
53829-2,53829,529,20,2,45.00,64328.40,0.06,0.07,N,O,1997-04-20,1997-05-09,1997-05-03,NONE,MAIL,ts. even packages sleep furiously against
53829-3,53829,914,49,3,32.00,58077.12,0.03,0.05,N,O,1997-04-18,1997-05-07,1997-04-27,TAKE BACK RETURN,AIR,ss the requests. furi
53829-4,53829,1789,90,4,2.00,3381.56,0.06,0.04,N,O,1997-05-17,1997-04-17,1997-05-29,DELIVER IN PERSON,TRUCK,ests are carefully above the close ideas. 
53829-5,53829,1713,98,5,31.00,50056.01,0.05,0.05,N,O,1997-05-13,1997-05-01,1997-05-22,COLLECT COD,TRUCK,al packages. slyly pend
53830-1,53830,970,73,1,13.00,24322.61,0.00,0.04,A,F,1993-11-12,1993-11-06,1993-12-05,TAKE BACK RETURN,AIR,"tions nag accounts. even, even packa"
53830-2,53830,13,14,2,1.00,913.01,0.03,0.07,R,F,1993-10-16,1993-09-30,1993-10-28,NONE,AIR,le carefully. i
53830-3,53830,1096,32,3,25.00,24927.25,0.02,0.07,R,F,1993-09-17,1993-10-23,1993-09-28,TAKE BACK RETURN,RAIL,nusual packages are furiously between the f
53830-4,53830,1552,33,4,27.00,39245.85,0.10,0.02,A,F,1993-11-10,1993-10-05,1993-12-10,DELIVER IN PERSON,AIR,ully final p
53830-5,53830,881,48,5,10.00,17818.80,0.09,0.06,A,F,1993-10-23,1993-11-20,1993-10-31,COLLECT COD,SHIP,deposits. slyly ironic instructions af
53830-6,53830,845,79,6,5.00,8729.20,0.03,0.01,R,F,1993-12-18,1993-10-26,1994-01-02,TAKE BACK RETURN,SHIP,ave theodolites. even asymptotes dete
53831-1,53831,312,41,1,5.00,6061.55,0.00,0.01,N,O,1998-04-15,1998-06-10,1998-04-17,TAKE BACK RETURN,MAIL,"ttainments haggle even, ev"
53831-2,53831,1006,77,2,37.00,33559.00,0.05,0.06,N,O,1998-04-09,1998-04-17,1998-05-07,DELIVER IN PERSON,AIR,oze slyly slyly pending attainments.
53831-3,53831,1754,39,3,42.00,69541.50,0.04,0.06,N,O,1998-07-07,1998-04-17,1998-07-21,DELIVER IN PERSON,MAIL,forges across the quickly final accounts b
53831-4,53831,464,94,4,43.00,58671.78,0.01,0.06,N,O,1998-06-29,1998-04-26,1998-07-19,NONE,REG AIR,blithely even deposits wake accord
53831-5,53831,1754,39,5,7.00,11590.25,0.02,0.08,N,O,1998-06-18,1998-05-07,1998-07-12,NONE,AIR,among the slyly 
53831-6,53831,1626,50,6,24.00,36662.88,0.10,0.08,N,O,1998-06-07,1998-04-25,1998-06-29,NONE,RAIL,r ideas about 
53831-7,53831,583,14,7,43.00,63793.94,0.09,0.08,N,O,1998-05-25,1998-05-25,1998-06-10,NONE,RAIL,nts are alongsid
53856-1,53856,909,44,1,8.00,14479.20,0.07,0.06,N,O,1996-07-19,1996-06-29,1996-08-12,COLLECT COD,RAIL,ly silent courts integrate about the somet
53856-2,53856,288,43,2,28.00,33271.84,0.08,0.05,N,O,1996-09-02,1996-07-23,1996-09-24,NONE,MAIL,lyly around the requests. slyly 
53856-3,53856,1463,3,3,19.00,25924.74,0.01,0.05,N,O,1996-06-01,1996-06-12,1996-06-07,NONE,FOB,lithely unusual
53857-1,53857,1491,9,1,34.00,47344.66,0.08,0.07,N,O,1996-06-02,1996-06-08,1996-06-24,NONE,AIR, deposits. depende
53857-2,53857,1366,81,2,12.00,15208.32,0.09,0.05,N,O,1996-04-09,1996-06-18,1996-05-01,TAKE BACK RETURN,RAIL,lithely un
53857-3,53857,295,50,3,8.00,9562.32,0.05,0.03,N,O,1996-07-02,1996-05-28,1996-07-31,DELIVER IN PERSON,FOB,deas. even dep
53857-4,53857,32,58,4,50.00,46601.50,0.07,0.08,N,O,1996-06-01,1996-04-28,1996-06-28,NONE,TRUCK,"eans nag carefully special, re"
53857-5,53857,1790,75,5,14.00,23685.06,0.01,0.01,N,O,1996-04-14,1996-06-06,1996-04-24,NONE,MAIL,sts use above the slyly regula
53857-6,53857,1991,92,6,40.00,75719.60,0.07,0.03,N,O,1996-06-30,1996-04-29,1996-07-13,COLLECT COD,TRUCK,hely ironic ideas
53857-7,53857,413,43,7,19.00,24954.79,0.06,0.08,N,O,1996-06-08,1996-06-05,1996-07-04,NONE,FOB,refully unusual packages across the b
53858-1,53858,154,33,1,11.00,11595.65,0.02,0.06,N,O,1998-08-19,1998-07-30,1998-09-14,COLLECT COD,TRUCK,ests. furiously even account
53858-2,53858,843,10,2,9.00,15694.56,0.00,0.06,N,O,1998-09-04,1998-08-24,1998-09-07,TAKE BACK RETURN,SHIP,ly. slyly special deposits detect quickly e
53858-3,53858,1514,15,3,4.00,5662.04,0.09,0.03,N,O,1998-06-18,1998-07-17,1998-07-03,TAKE BACK RETURN,TRUCK,s. furiously ironic theodolites alongs
53859-1,53859,712,45,1,22.00,35479.62,0.03,0.00,A,F,1993-08-25,1993-07-03,1993-08-30,COLLECT COD,RAIL,ust haggle after the even accounts. 
53860-1,53860,431,61,1,4.00,5325.72,0.03,0.08,R,F,1994-04-18,1994-03-14,1994-05-18,NONE,MAIL,posits among the furiously silent
53861-1,53861,1830,60,1,18.00,31172.94,0.07,0.02,N,O,1996-06-16,1996-04-26,1996-07-08,NONE,FOB,nic excuses. blithely final reques
53861-2,53861,1031,37,2,41.00,38213.23,0.07,0.05,N,O,1996-07-06,1996-05-23,1996-08-01,TAKE BACK RETURN,FOB, orbits. ca
53861-3,53861,1501,22,3,48.00,67320.00,0.10,0.07,N,O,1996-07-21,1996-05-05,1996-08-05,DELIVER IN PERSON,MAIL, packages was furious
53861-4,53861,668,69,4,1.00,1568.66,0.09,0.07,N,O,1996-03-28,1996-06-08,1996-04-24,TAKE BACK RETURN,SHIP, across the furious
53861-5,53861,359,88,5,1.00,1259.35,0.02,0.04,N,O,1996-06-04,1996-06-16,1996-06-25,TAKE BACK RETURN,SHIP,wake furiously. blithely regular ideas alon
53861-6,53861,1002,8,6,46.00,41538.00,0.03,0.02,N,O,1996-04-05,1996-06-09,1996-04-30,NONE,SHIP,yly unusual packa
53861-7,53861,1636,37,7,5.00,7688.15,0.01,0.08,N,O,1996-04-01,1996-05-28,1996-04-17,NONE,FOB,"ccounts. special, ex"
53862-1,53862,1550,51,1,9.00,13063.95,0.05,0.07,N,O,1996-07-21,1996-08-19,1996-07-26,TAKE BACK RETURN,SHIP,ly final packages are. sometimes expr
53862-2,53862,1409,49,2,42.00,55036.80,0.05,0.01,N,O,1996-08-06,1996-08-12,1996-08-21,NONE,FOB,te quickly
53862-3,53862,1611,35,3,45.00,68067.45,0.08,0.00,N,O,1996-09-28,1996-09-29,1996-10-15,COLLECT COD,SHIP,even requests affix blithely
53862-4,53862,1554,95,4,3.00,4366.65,0.04,0.06,N,O,1996-08-13,1996-09-01,1996-09-10,TAKE BACK RETURN,SHIP,eposits print blithely-- carefully 
53862-5,53862,931,32,5,22.00,40302.46,0.00,0.01,N,O,1996-09-20,1996-09-07,1996-10-16,COLLECT COD,AIR, ironic deposits. final theod
53863-1,53863,614,15,1,8.00,12116.88,0.04,0.00,R,F,1993-09-27,1993-08-21,1993-10-17,DELIVER IN PERSON,TRUCK,counts bre
53863-2,53863,1280,18,2,49.00,57882.72,0.06,0.01,R,F,1993-08-23,1993-07-18,1993-09-03,COLLECT COD,MAIL,ndencies are slyly quickly fi
53863-3,53863,909,10,3,41.00,74205.90,0.07,0.02,A,F,1993-10-01,1993-08-09,1993-10-20,TAKE BACK RETURN,FOB,s. furiously even s
53863-4,53863,1222,60,4,44.00,49421.68,0.03,0.06,A,F,1993-07-16,1993-08-15,1993-07-29,DELIVER IN PERSON,AIR, requests integrate. 
53888-1,53888,1710,37,1,21.00,33845.91,0.00,0.06,N,O,1997-05-31,1997-04-12,1997-06-23,NONE,RAIL,inal deposits are carefull
53888-2,53888,1993,82,2,25.00,47374.75,0.10,0.01,N,O,1997-04-02,1997-03-11,1997-04-23,NONE,FOB,ously fluffy 
53888-3,53888,913,14,3,34.00,61672.94,0.06,0.01,N,O,1997-05-18,1997-03-30,1997-06-09,TAKE BACK RETURN,REG AIR,t the quickly permanent accounts. slyly 
53888-4,53888,1121,94,4,31.00,31685.72,0.04,0.04,N,O,1997-06-03,1997-04-07,1997-06-11,COLLECT COD,TRUCK,ngly above the slyly unusual 
53888-5,53888,1980,13,5,31.00,58341.38,0.01,0.05,N,O,1997-05-22,1997-03-13,1997-05-24,TAKE BACK RETURN,MAIL,ly ironic deco
53888-6,53888,1912,45,6,29.00,52603.39,0.06,0.07,N,O,1997-04-18,1997-04-11,1997-05-08,DELIVER IN PERSON,MAIL,ions. slyly unusual requests use
53888-7,53888,216,71,7,11.00,12278.31,0.04,0.01,N,O,1997-03-15,1997-03-27,1997-03-26,NONE,MAIL, pains. regular acc
53889-1,53889,1027,63,1,44.00,40832.88,0.01,0.02,N,O,1997-03-14,1997-04-11,1997-04-02,TAKE BACK RETURN,SHIP,dugouts haggle t
53889-2,53889,495,25,2,39.00,54424.11,0.00,0.08,N,O,1997-05-03,1997-04-08,1997-06-02,NONE,SHIP,ents. instructions haggle furious
53889-3,53889,1752,79,3,3.00,4961.25,0.05,0.05,N,O,1997-02-21,1997-05-10,1997-02-26,DELIVER IN PERSON,SHIP,ages affix furiously final r
53889-4,53889,778,79,4,9.00,15108.93,0.04,0.06,N,O,1997-05-29,1997-05-06,1997-06-19,NONE,AIR,ajole carefully bold foxes. furiously f
53889-5,53889,1751,52,5,38.00,62804.50,0.04,0.00,N,O,1997-05-15,1997-03-31,1997-05-22,NONE,SHIP,fully express patterns. ironic accounts
53890-1,53890,188,15,1,39.00,42439.02,0.03,0.04,N,O,1998-03-06,1998-03-10,1998-03-26,COLLECT COD,RAIL,as sleep according to t
53890-2,53890,1710,53,2,4.00,6446.84,0.06,0.03,N,O,1998-03-18,1998-03-19,1998-04-11,TAKE BACK RETURN,TRUCK,eodolites nag furiously. carefully iron
53890-3,53890,125,26,3,39.00,39979.68,0.03,0.03,N,O,1998-03-31,1998-03-13,1998-04-25,COLLECT COD,TRUCK,lites are furiously. foxes above the car
53890-4,53890,688,82,4,14.00,22241.52,0.08,0.04,N,O,1998-04-30,1998-03-03,1998-05-14,NONE,REG AIR,to the carefully regula
53890-5,53890,1283,21,5,33.00,39081.24,0.00,0.03,N,O,1998-02-04,1998-04-16,1998-02-26,DELIVER IN PERSON,SHIP, fluffily unusual in
53890-6,53890,1757,42,6,22.00,36492.50,0.03,0.01,N,O,1998-04-30,1998-02-26,1998-05-06,COLLECT COD,RAIL,ly regular deposits about the furious
53890-7,53890,1341,80,7,34.00,42239.56,0.06,0.05,N,O,1998-04-22,1998-02-26,1998-05-15,NONE,SHIP,rs. furiously express request
53891-1,53891,1083,84,1,39.00,38379.12,0.00,0.06,A,F,1994-04-29,1994-03-12,1994-05-28,DELIVER IN PERSON,TRUCK,e carefully afte
53891-2,53891,560,51,2,6.00,8763.36,0.05,0.07,R,F,1994-03-30,1994-03-07,1994-04-20,COLLECT COD,REG AIR,symptotes. ironic dependencies ca
53891-3,53891,1397,98,3,20.00,25967.80,0.06,0.04,R,F,1994-04-01,1994-04-20,1994-04-30,DELIVER IN PERSON,MAIL, instructions maintain f
53891-4,53891,1584,5,4,44.00,65365.52,0.02,0.06,A,F,1994-03-27,1994-03-07,1994-04-13,COLLECT COD,SHIP,y blithely ironic packages. pendi
53891-5,53891,1633,34,5,2.00,3069.26,0.07,0.07,A,F,1994-03-15,1994-03-25,1994-04-11,NONE,MAIL,g theodolites:
53892-1,53892,225,53,1,22.00,24754.84,0.08,0.02,N,O,1998-04-09,1998-06-18,1998-05-08,DELIVER IN PERSON,TRUCK, the bold requests. i
53892-2,53892,1682,6,2,41.00,64930.88,0.00,0.04,N,O,1998-06-17,1998-05-07,1998-07-09,DELIVER IN PERSON,SHIP,pending accounts hang carefull
53892-3,53892,1103,76,3,28.00,28114.80,0.10,0.08,N,O,1998-03-26,1998-05-29,1998-04-25,DELIVER IN PERSON,RAIL,pains. packages detect theod
53893-1,53893,1955,56,1,16.00,29711.20,0.04,0.03,N,O,1998-01-30,1998-03-21,1998-02-17,NONE,TRUCK,ly bold pinto
53893-2,53893,1296,8,2,12.00,14367.48,0.09,0.00,N,O,1998-02-14,1998-03-20,1998-02-22,COLLECT COD,MAIL,y ironic excuses use. sly excuses engage s
53893-3,53893,1334,35,3,4.00,4941.32,0.05,0.04,N,O,1998-03-02,1998-02-27,1998-03-08,TAKE BACK RETURN,FOB, quickly final gifts maintai
53894-1,53894,1557,58,1,45.00,65634.75,0.09,0.00,R,F,1994-07-11,1994-09-14,1994-07-28,DELIVER IN PERSON,REG AIR,uriously ironic packages use slyly accord
53894-2,53894,1226,27,2,46.00,51852.12,0.02,0.07,R,F,1994-09-16,1994-10-04,1994-09-20,COLLECT COD,AIR,"ep slyly special, unusual pinto beans-- c"
53894-3,53894,843,10,3,25.00,43596.00,0.09,0.03,R,F,1994-08-19,1994-08-23,1994-09-09,COLLECT COD,MAIL,counts sleep furiously. blithely regular ac
53894-4,53894,1434,35,4,29.00,38727.47,0.05,0.02,R,F,1994-08-13,1994-08-12,1994-08-15,TAKE BACK RETURN,SHIP,alongside of the final plate
53894-5,53894,1825,26,5,1.00,1726.82,0.08,0.06,R,F,1994-09-09,1994-09-02,1994-09-18,TAKE BACK RETURN,RAIL,"l, final deposits haggle quickly alongsi"
53894-6,53894,1790,17,6,25.00,42294.75,0.00,0.05,A,F,1994-07-25,1994-10-04,1994-07-27,DELIVER IN PERSON,AIR,efully. carefully unusual ideas according
53894-7,53894,1447,87,7,5.00,6742.20,0.01,0.02,A,F,1994-10-07,1994-09-12,1994-10-22,NONE,TRUCK,encies. carefully bo
53895-1,53895,1948,49,1,13.00,24049.22,0.09,0.01,N,O,1995-10-03,1995-11-09,1995-10-17,NONE,REG AIR,ly idle pinto beans are furio
53895-2,53895,1572,53,2,32.00,47154.24,0.10,0.02,N,O,1995-10-23,1995-11-02,1995-11-11,NONE,AIR,latelets haggle fluffily ironic instruction
53895-3,53895,1436,54,3,28.00,37448.04,0.03,0.00,N,O,1995-09-10,1995-11-20,1995-09-25,NONE,REG AIR,uriously express theodolites nag furio
53920-1,53920,1961,62,1,46.00,85696.16,0.01,0.07,A,F,1994-04-16,1994-05-28,1994-05-03,TAKE BACK RETURN,TRUCK,kly express waters
53920-2,53920,1886,73,2,7.00,12515.16,0.08,0.03,R,F,1994-07-12,1994-05-09,1994-07-22,NONE,TRUCK,s. fluffily ev
53920-3,53920,1383,98,3,44.00,56512.72,0.10,0.01,R,F,1994-05-07,1994-05-21,1994-05-26,COLLECT COD,SHIP,yly special foxe
53920-4,53920,97,73,4,46.00,45866.14,0.08,0.01,R,F,1994-07-09,1994-05-28,1994-07-13,TAKE BACK RETURN,REG AIR,ven accounts boost; furiousl
53920-5,53920,1556,57,5,29.00,42268.95,0.08,0.04,R,F,1994-05-14,1994-05-16,1994-06-03,NONE,TRUCK, slyly regular theodolites. foxes
53920-6,53920,1198,99,6,48.00,52761.12,0.10,0.08,A,F,1994-04-16,1994-05-21,1994-05-06,DELIVER IN PERSON,AIR,ly regular pi
53920-7,53920,1422,40,7,50.00,66171.00,0.06,0.02,A,F,1994-07-14,1994-06-09,1994-07-30,DELIVER IN PERSON,FOB,uests. slyly pe
53921-1,53921,1003,9,1,1.00,904.00,0.07,0.04,R,F,1992-10-09,1992-10-22,1992-11-04,TAKE BACK RETURN,FOB,inal accounts. carefully 
53921-2,53921,1170,71,2,19.00,20352.23,0.10,0.07,A,F,1992-10-13,1992-10-31,1992-11-12,TAKE BACK RETURN,TRUCK, furiously ir
53922-1,53922,1317,56,1,47.00,57260.57,0.09,0.04,N,O,1996-12-07,1996-11-21,1997-01-02,TAKE BACK RETURN,TRUCK,und the slyly regular escapades cajo
53922-2,53922,369,26,2,41.00,52043.76,0.01,0.01,N,O,1996-11-12,1996-10-24,1996-11-13,DELIVER IN PERSON,SHIP,ickly regular requests. silent pa
53922-3,53922,22,73,3,47.00,43334.94,0.01,0.05,N,O,1996-12-22,1996-12-02,1997-01-07,TAKE BACK RETURN,TRUCK,sly ironic packages am
53922-4,53922,1173,10,4,37.00,39744.29,0.10,0.05,N,O,1996-10-11,1996-11-01,1996-10-27,NONE,REG AIR,luffily eve
53922-5,53922,1753,80,5,5.00,8273.75,0.09,0.05,N,O,1996-10-05,1996-12-06,1996-10-25,DELIVER IN PERSON,REG AIR,ithely. blithely
53922-6,53922,1096,32,6,8.00,7976.72,0.09,0.05,N,O,1996-11-04,1996-11-29,1996-11-15,DELIVER IN PERSON,FOB,ts are slyly ironic acc
53922-7,53922,417,5,7,29.00,38204.89,0.08,0.04,N,O,1996-12-26,1996-10-23,1997-01-08,COLLECT COD,MAIL,nic theodolites sleep bl
53923-1,53923,526,57,1,34.00,48501.68,0.04,0.03,N,O,1998-01-03,1997-11-09,1998-01-05,TAKE BACK RETURN,SHIP,tructions haggle regular dep
53923-2,53923,101,80,2,20.00,20022.00,0.01,0.03,N,O,1997-11-19,1997-10-29,1997-12-02,NONE,RAIL,. furiously ironic acc
53923-3,53923,227,55,3,49.00,55233.78,0.00,0.01,N,O,1997-11-23,1997-11-14,1997-12-19,COLLECT COD,REG AIR,. furiously bold re
53924-1,53924,1242,54,1,17.00,19435.08,0.07,0.07,N,O,1996-12-19,1997-02-01,1997-01-12,COLLECT COD,REG AIR,ing packages doze carefully si
53924-2,53924,840,41,2,37.00,64411.08,0.00,0.08,N,O,1997-01-10,1997-02-14,1997-01-13,TAKE BACK RETURN,TRUCK,tes. final rea
53924-3,53924,541,32,3,18.00,25947.72,0.05,0.00,N,O,1996-12-20,1997-03-06,1997-01-02,DELIVER IN PERSON,MAIL,es. slyly final accounts haggle 
53924-4,53924,1475,15,4,30.00,41294.10,0.05,0.01,N,O,1997-02-02,1997-01-21,1997-03-02,NONE,SHIP,osits sleep slyly. ironic
53925-1,53925,402,61,1,4.00,5209.60,0.09,0.07,N,O,1997-04-09,1997-03-25,1997-04-29,TAKE BACK RETURN,FOB,le among the foxes. fluffily regular acc
53925-2,53925,270,71,2,41.00,47981.07,0.10,0.05,N,O,1997-05-07,1997-03-07,1997-05-28,TAKE BACK RETURN,RAIL,e ironic theodolites solve idly unusual 
53925-3,53925,1949,82,3,28.00,51826.32,0.02,0.05,N,O,1997-02-06,1997-02-27,1997-02-21,TAKE BACK RETURN,AIR,s. even sentiment
53925-4,53925,1559,100,4,27.00,39434.85,0.02,0.04,N,O,1997-05-06,1997-03-02,1997-05-14,NONE,AIR,egrate blithely regular p
53925-5,53925,890,57,5,6.00,10745.34,0.09,0.06,N,O,1997-02-08,1997-04-17,1997-02-26,TAKE BACK RETURN,FOB,ounts are. carefully regular theod
53925-6,53925,1435,53,6,12.00,16037.16,0.00,0.08,N,O,1997-04-16,1997-03-16,1997-04-23,DELIVER IN PERSON,AIR,le ironically express ideas.
53925-7,53925,1409,49,7,33.00,43243.20,0.08,0.03,N,O,1997-02-12,1997-02-24,1997-02-23,TAKE BACK RETURN,TRUCK,lly even gifts. sentiments
53926-1,53926,405,64,1,17.00,22191.80,0.04,0.04,N,O,1996-08-21,1996-09-05,1996-08-31,NONE,FOB,. quickly even theodolites nag careful
53926-2,53926,278,6,2,14.00,16495.78,0.01,0.04,N,O,1996-11-15,1996-10-27,1996-11-29,NONE,FOB,xes sublat
53926-3,53926,419,20,3,11.00,14513.51,0.03,0.07,N,O,1996-10-07,1996-09-17,1996-11-06,DELIVER IN PERSON,AIR,y unusual dependencies breach furi
53927-1,53927,270,98,1,47.00,55002.69,0.02,0.07,N,O,1995-08-15,1995-08-24,1995-09-13,TAKE BACK RETURN,MAIL,ltipliers. slyly bold instructions are car
53927-2,53927,327,56,2,3.00,3681.96,0.08,0.06,N,O,1995-10-07,1995-08-25,1995-11-03,DELIVER IN PERSON,AIR,pains abov
53927-3,53927,257,58,3,36.00,41661.00,0.06,0.02,N,O,1995-07-10,1995-10-02,1995-07-22,COLLECT COD,TRUCK,s. carefully fina
53927-4,53927,847,81,4,42.00,73409.28,0.06,0.03,N,O,1995-07-14,1995-08-06,1995-08-08,TAKE BACK RETURN,MAIL,ly. stealthy ideas al
53927-5,53927,1303,18,5,6.00,7225.80,0.01,0.02,N,O,1995-07-17,1995-08-16,1995-07-24,NONE,FOB,lithely acros
53952-1,53952,181,60,1,49.00,52977.82,0.02,0.05,N,O,1998-01-04,1998-02-13,1998-01-08,COLLECT COD,TRUCK,regular theodolites. slyl
53952-2,53952,1641,24,2,1.00,1542.64,0.03,0.06,N,O,1997-12-15,1997-12-27,1998-01-11,TAKE BACK RETURN,REG AIR,ggle quickly. iro
53952-3,53952,1547,88,3,34.00,49250.36,0.00,0.08,N,O,1998-03-07,1998-01-07,1998-03-16,COLLECT COD,TRUCK,the quickly even foxe
53952-4,53952,1969,2,4,40.00,74838.40,0.07,0.06,N,O,1998-03-13,1998-02-02,1998-03-17,TAKE BACK RETURN,SHIP,y regular excuses play up the blithely iro
53952-5,53952,1724,67,5,43.00,69905.96,0.04,0.00,N,O,1998-03-02,1997-12-24,1998-03-10,DELIVER IN PERSON,REG AIR,s cajole pending requests. furiousl
53952-6,53952,150,29,6,29.00,30454.35,0.06,0.01,N,O,1997-12-15,1997-12-19,1997-12-23,COLLECT COD,SHIP,"nt, regular ideas use carefully. slyly pend"
53953-1,53953,431,90,1,8.00,10651.44,0.06,0.03,R,F,1994-06-21,1994-06-19,1994-06-22,TAKE BACK RETURN,MAIL,"gged, special accounts. permanent, re"
53953-2,53953,1781,82,2,48.00,80773.44,0.10,0.05,R,F,1994-07-02,1994-06-17,1994-07-09,DELIVER IN PERSON,REG AIR,"encies integrate bravely. bold, regular ac"
53953-3,53953,881,15,3,44.00,78402.72,0.05,0.08,R,F,1994-06-23,1994-05-24,1994-07-23,COLLECT COD,FOB,e pending deposits. carefully even dol
53953-4,53953,261,62,4,2.00,2322.52,0.08,0.05,A,F,1994-04-27,1994-05-19,1994-05-01,NONE,RAIL,capades cajole blithely according to the c
53953-5,53953,866,100,5,44.00,77741.84,0.08,0.03,A,F,1994-07-24,1994-06-03,1994-08-08,DELIVER IN PERSON,FOB,"ular, regular"
53953-6,53953,990,59,6,11.00,20800.89,0.00,0.07,R,F,1994-05-29,1994-06-01,1994-06-16,NONE,REG AIR,o the quickly re
53954-1,53954,1339,16,1,38.00,47132.54,0.01,0.06,N,O,1997-11-03,1997-09-23,1997-12-02,TAKE BACK RETURN,TRUCK,express requests sleep quickly. pending
53955-1,53955,1371,10,1,17.00,21630.29,0.07,0.04,N,F,1995-06-03,1995-05-23,1995-06-21,DELIVER IN PERSON,MAIL,y-- carefully qu
53956-1,53956,282,37,1,47.00,55567.16,0.07,0.03,N,O,1995-10-02,1995-10-29,1995-10-05,NONE,AIR,ackages above the 
53956-2,53956,1394,33,2,15.00,19430.85,0.02,0.07,N,O,1995-09-24,1995-10-19,1995-10-03,DELIVER IN PERSON,MAIL,fully regular deposi
53956-3,53956,96,47,3,3.00,2988.27,0.03,0.03,N,O,1995-11-16,1995-10-07,1995-12-07,COLLECT COD,RAIL,ular deposits. carefully even requests u
53956-4,53956,509,100,4,38.00,53561.00,0.01,0.05,N,O,1995-08-22,1995-10-17,1995-08-28,TAKE BACK RETURN,TRUCK,g Tiresias. unusu
53956-5,53956,216,98,5,24.00,26789.04,0.07,0.03,N,O,1995-10-30,1995-10-31,1995-11-12,COLLECT COD,RAIL, the closely special accounts. car
53956-6,53956,1328,67,6,46.00,56548.72,0.00,0.06,N,O,1995-10-14,1995-10-16,1995-11-06,COLLECT COD,SHIP,lyly even requests ca
53956-7,53956,997,32,7,45.00,85409.55,0.09,0.05,N,O,1995-08-29,1995-09-25,1995-08-30,DELIVER IN PERSON,TRUCK,ng deposits haggle final ideas
53957-1,53957,901,36,1,28.00,50453.20,0.02,0.05,N,O,1997-10-21,1997-12-30,1997-11-06,NONE,REG AIR,"courts. regular, regular attainmen"
53957-2,53957,1072,78,2,14.00,13622.98,0.10,0.00,N,O,1998-01-27,1998-01-04,1998-02-15,DELIVER IN PERSON,TRUCK,ly! slyly ironic instr
53957-3,53957,1265,66,3,50.00,58313.00,0.04,0.02,N,O,1997-12-18,1998-01-12,1998-01-09,TAKE BACK RETURN,REG AIR,iously even theodolites.
53958-1,53958,1650,33,1,13.00,20171.45,0.09,0.05,N,O,1998-03-03,1998-02-12,1998-04-02,DELIVER IN PERSON,SHIP,ependencies. slyly ironic theodolites 
53958-2,53958,946,47,2,37.00,68336.78,0.05,0.07,N,O,1998-02-15,1998-02-09,1998-02-25,TAKE BACK RETURN,SHIP,ickly. blithely regular requests bel
53958-3,53958,1882,26,3,20.00,35677.60,0.09,0.02,N,O,1998-03-01,1998-03-24,1998-03-11,DELIVER IN PERSON,SHIP,ding foxes abo
53958-4,53958,773,38,4,35.00,58581.95,0.05,0.00,N,O,1998-04-23,1998-03-07,1998-05-05,NONE,MAIL,ly ironic deposits unwind final sen
53958-5,53958,1945,46,5,27.00,49867.38,0.01,0.05,N,O,1998-04-23,1998-02-20,1998-05-06,NONE,MAIL,s theodolites are bravely slow requests. sl
53958-6,53958,1252,27,6,6.00,6919.50,0.10,0.05,N,O,1998-04-05,1998-03-17,1998-04-06,COLLECT COD,AIR,nts along the blithely final accounts 
53959-1,53959,1044,50,1,35.00,33076.40,0.03,0.00,N,O,1997-03-16,1997-05-04,1997-03-17,NONE,AIR,equests acr
53959-2,53959,1729,14,2,33.00,53813.76,0.01,0.05,N,O,1997-04-19,1997-04-14,1997-05-14,TAKE BACK RETURN,SHIP,usual excuses boost carefully quickly
53959-3,53959,733,34,3,37.00,60448.01,0.10,0.02,N,O,1997-02-26,1997-05-11,1997-03-11,TAKE BACK RETURN,SHIP,eposits sleep slyly after the express reque
53959-4,53959,1060,66,4,15.00,14415.90,0.04,0.03,N,O,1997-05-05,1997-04-30,1997-05-11,NONE,SHIP,s about the 
53959-5,53959,106,85,5,32.00,32195.20,0.01,0.00,N,O,1997-04-26,1997-04-23,1997-05-26,COLLECT COD,AIR,he carefully express requ
53959-6,53959,912,15,6,26.00,47135.66,0.03,0.07,N,O,1997-03-08,1997-04-06,1997-04-06,TAKE BACK RETURN,REG AIR, wake. final accounts sleep carefully
53959-7,53959,879,80,7,21.00,37377.27,0.08,0.01,N,O,1997-06-12,1997-04-23,1997-06-30,NONE,SHIP, ruthless rea
53984-1,53984,33,59,1,18.00,16794.54,0.03,0.08,A,F,1993-01-19,1993-02-10,1993-01-24,COLLECT COD,TRUCK,symptotes: regular foxes about the s
53984-2,53984,1221,22,2,7.00,7855.54,0.04,0.03,R,F,1993-02-25,1993-02-06,1993-03-10,TAKE BACK RETURN,AIR,-- slyly ironic excuses subla
53984-3,53984,255,56,3,20.00,23105.00,0.04,0.03,A,F,1993-03-08,1993-01-17,1993-03-25,TAKE BACK RETURN,MAIL,al packages ma
53985-1,53985,122,23,1,42.00,42929.04,0.09,0.06,N,O,1996-12-13,1997-01-08,1996-12-14,DELIVER IN PERSON,FOB,telets. fluf
53985-2,53985,1850,37,2,41.00,71825.85,0.06,0.07,N,O,1996-11-20,1996-12-29,1996-11-29,TAKE BACK RETURN,AIR,d frays. final deposits detect blithely
53985-3,53985,1919,8,3,49.00,89224.59,0.02,0.00,N,O,1997-01-03,1996-12-17,1997-01-24,NONE,MAIL,the carefully ironic
53985-4,53985,1303,80,4,29.00,34924.70,0.09,0.05,N,O,1997-02-12,1997-01-20,1997-03-13,NONE,AIR,ular deposits nag blithe
53985-5,53985,604,36,5,9.00,13541.40,0.06,0.07,N,O,1996-12-03,1996-12-16,1996-12-15,NONE,SHIP,according 
53985-6,53985,1191,92,6,36.00,39318.84,0.01,0.01,N,O,1997-02-07,1996-12-14,1997-02-11,DELIVER IN PERSON,TRUCK,affix blithel
53986-1,53986,1504,45,1,28.00,39354.00,0.05,0.08,A,F,1994-02-02,1994-02-18,1994-03-03,DELIVER IN PERSON,SHIP,lets use car
53986-2,53986,808,9,2,48.00,82022.40,0.05,0.02,R,F,1994-01-15,1994-03-01,1994-01-18,DELIVER IN PERSON,AIR,nts. slyly 
53986-3,53986,1383,22,3,19.00,24403.22,0.01,0.06,R,F,1993-12-17,1994-01-16,1994-01-03,DELIVER IN PERSON,MAIL,luffily special theodolit
53986-4,53986,1094,30,4,34.00,33833.06,0.08,0.08,A,F,1993-12-17,1994-02-17,1993-12-31,TAKE BACK RETURN,AIR,equests. fluffily pending theodolit
53987-1,53987,1818,48,1,3.00,5159.43,0.00,0.06,R,F,1993-05-24,1993-04-06,1993-05-30,COLLECT COD,FOB,ymptotes haggle. packages sleep carefu
53988-1,53988,460,19,1,34.00,46255.64,0.09,0.05,R,F,1992-02-08,1992-03-22,1992-02-22,COLLECT COD,TRUCK,blithely final hockey players use slyly 
53988-2,53988,1411,29,2,13.00,17061.33,0.08,0.05,A,F,1992-01-09,1992-02-15,1992-01-25,COLLECT COD,RAIL,gle above the eve
53988-3,53988,1580,81,3,12.00,17778.96,0.09,0.00,R,F,1992-03-19,1992-03-14,1992-04-03,DELIVER IN PERSON,SHIP,efully alon
53989-1,53989,1731,58,1,33.00,53880.09,0.06,0.07,N,O,1997-04-23,1997-03-27,1997-05-22,TAKE BACK RETURN,TRUCK,quests against the blithely pendin
53990-1,53990,400,85,1,30.00,39012.00,0.10,0.07,R,F,1993-01-21,1992-12-06,1993-01-25,DELIVER IN PERSON,FOB,"bove the pending, even foxes. qu"
53990-2,53990,1925,26,2,36.00,65769.12,0.07,0.02,R,F,1993-01-23,1993-01-10,1993-02-16,DELIVER IN PERSON,AIR,sits are blithely. blithely even d
53991-1,53991,452,82,1,23.00,31106.35,0.03,0.05,A,F,1994-04-22,1994-06-11,1994-04-26,TAKE BACK RETURN,MAIL,sual somas are caref
54016-1,54016,681,44,1,30.00,47450.40,0.00,0.02,N,O,1996-11-05,1996-12-10,1996-11-08,DELIVER IN PERSON,AIR, bold foxes after the slyly unusu
54016-2,54016,131,32,2,29.00,29902.77,0.03,0.08,N,O,1997-01-04,1996-10-31,1997-01-25,TAKE BACK RETURN,SHIP,"icing, ironic requests. furiously regu"
54017-1,54017,1693,94,1,33.00,52624.77,0.03,0.02,N,O,1998-01-20,1998-01-10,1998-02-05,COLLECT COD,MAIL,eep slyly fluffily express deposits. bl
54017-2,54017,865,32,2,37.00,65336.82,0.06,0.03,N,O,1997-11-13,1998-01-02,1997-12-07,NONE,TRUCK,"fily fluffily regular theodolites. final, p"
54017-3,54017,1075,46,3,14.00,13664.98,0.07,0.06,N,O,1997-12-09,1998-01-15,1997-12-30,COLLECT COD,RAIL,structions. quickly final g
54018-1,54018,1798,25,1,32.00,54393.28,0.10,0.03,N,O,1998-09-26,1998-09-05,1998-10-09,COLLECT COD,RAIL,ajole? regular accounts slee
54019-1,54019,1891,78,1,34.00,60958.26,0.02,0.00,R,F,1994-10-06,1994-09-23,1994-10-22,COLLECT COD,TRUCK,uctions are blithely carefull
54019-2,54019,1815,16,2,21.00,36053.01,0.09,0.08,A,F,1994-07-04,1994-09-03,1994-08-01,NONE,SHIP,slyly final dolp
54019-3,54019,225,80,3,21.00,23629.62,0.01,0.06,A,F,1994-09-20,1994-08-08,1994-10-15,NONE,RAIL,according to
54020-1,54020,1665,48,1,4.00,6266.64,0.10,0.01,R,F,1992-05-12,1992-04-29,1992-05-21,NONE,MAIL,xcuses. final requests cajole alongside of
54020-2,54020,352,37,2,34.00,42579.90,0.06,0.02,R,F,1992-03-18,1992-03-27,1992-03-31,DELIVER IN PERSON,SHIP, final frays. carefully 
54020-3,54020,1959,48,3,16.00,29775.20,0.07,0.08,R,F,1992-04-06,1992-04-09,1992-04-30,TAKE BACK RETURN,AIR, regular forges. furiously pending d
54020-4,54020,870,4,4,12.00,21250.44,0.05,0.02,R,F,1992-03-31,1992-04-26,1992-04-02,DELIVER IN PERSON,RAIL,es. special instr
54020-5,54020,1173,82,5,9.00,9667.53,0.09,0.05,A,F,1992-03-29,1992-03-11,1992-04-20,COLLECT COD,FOB,y: carefully final multipliers grow
54021-1,54021,100,1,1,4.00,4000.40,0.07,0.02,A,F,1994-01-31,1993-11-28,1994-02-08,COLLECT COD,SHIP,. carefully b
54022-1,54022,717,14,1,24.00,38825.04,0.02,0.03,N,O,1996-12-26,1996-12-12,1997-01-04,TAKE BACK RETURN,TRUCK,ep furiously at 
54023-1,54023,537,68,1,44.00,63251.32,0.04,0.00,R,F,1992-09-26,1992-08-24,1992-10-16,DELIVER IN PERSON,SHIP, furiously. fluffily regular 
54048-1,54048,610,11,1,16.00,24169.76,0.10,0.03,R,F,1993-01-18,1992-12-19,1993-02-06,TAKE BACK RETURN,MAIL,packages. c
54048-2,54048,887,54,2,43.00,76878.84,0.03,0.03,A,F,1993-01-29,1992-12-20,1993-02-26,DELIVER IN PERSON,AIR,ets. bold ac
54048-3,54048,20,71,3,36.00,33120.72,0.08,0.01,A,F,1993-03-07,1993-02-12,1993-03-29,TAKE BACK RETURN,TRUCK, requests breach. furiously 
54049-1,54049,846,46,1,39.00,68126.76,0.10,0.05,A,F,1993-12-20,1993-12-20,1994-01-13,TAKE BACK RETURN,RAIL,s. final requests sublate carefu
54049-2,54049,315,100,2,11.00,13368.41,0.05,0.05,R,F,1994-01-28,1993-11-16,1994-02-06,COLLECT COD,SHIP,"he requests. regular, ironic accou"
54050-1,54050,1446,25,1,32.00,43118.08,0.04,0.07,N,O,1997-06-21,1997-08-05,1997-07-03,TAKE BACK RETURN,MAIL,". busy, express "
54050-2,54050,507,38,2,6.00,8445.00,0.04,0.02,N,O,1997-06-23,1997-08-22,1997-07-22,TAKE BACK RETURN,SHIP," theodolites cajole against the ironic, fin"
54050-3,54050,825,92,3,40.00,69032.80,0.05,0.05,N,O,1997-07-07,1997-08-03,1997-08-02,TAKE BACK RETURN,AIR, theodolites doubt? ir
54051-1,54051,1635,18,1,37.00,56855.31,0.04,0.01,N,O,1995-11-04,1995-11-06,1995-12-03,TAKE BACK RETURN,REG AIR,accounts. regular packages are furi
54051-2,54051,592,93,2,4.00,5970.36,0.06,0.06,N,O,1995-08-28,1995-09-25,1995-09-02,COLLECT COD,SHIP,carefully. slyly ironic acco
54051-3,54051,731,32,3,25.00,40793.25,0.10,0.05,N,O,1995-12-06,1995-10-29,1995-12-18,TAKE BACK RETURN,FOB,", unusual excuses are carefully quick id"
54051-4,54051,737,70,4,36.00,58958.28,0.08,0.05,N,O,1995-09-07,1995-09-22,1995-09-30,NONE,TRUCK,". regular, ironic asymptotes by the careful"
54051-5,54051,778,75,5,48.00,80580.96,0.04,0.08,N,O,1995-08-19,1995-09-17,1995-09-08,DELIVER IN PERSON,FOB,ly ironic instructions slee
54051-6,54051,1420,99,6,25.00,33035.50,0.08,0.02,N,O,1995-09-04,1995-11-02,1995-09-24,COLLECT COD,FOB,g furiously regular requests. carefully fin
54051-7,54051,917,20,7,18.00,32722.38,0.10,0.07,N,O,1995-09-01,1995-09-21,1995-09-14,DELIVER IN PERSON,MAIL,y busy instructions nag above th
54052-1,54052,277,32,1,36.00,42381.72,0.08,0.06,N,O,1996-08-08,1996-10-08,1996-09-01,TAKE BACK RETURN,REG AIR,ely idle grouches are ex
54052-2,54052,1344,59,2,13.00,16189.42,0.01,0.06,N,O,1996-10-24,1996-09-07,1996-11-07,DELIVER IN PERSON,TRUCK," regular, regular packages b"
54052-3,54052,1896,26,3,33.00,59330.37,0.09,0.05,N,O,1996-11-09,1996-10-17,1996-12-08,COLLECT COD,SHIP,lithely fina
54052-4,54052,1681,5,4,42.00,66472.56,0.09,0.02,N,O,1996-09-26,1996-09-16,1996-10-11,DELIVER IN PERSON,AIR,tegrate expre
54052-5,54052,1210,85,5,16.00,17779.36,0.08,0.01,N,O,1996-11-03,1996-09-17,1996-11-21,DELIVER IN PERSON,TRUCK,uests wake sile
54052-6,54052,1769,54,6,14.00,23390.64,0.01,0.06,N,O,1996-07-25,1996-09-01,1996-08-14,DELIVER IN PERSON,REG AIR,platelets. even idea
54053-1,54053,1466,6,1,45.00,61535.70,0.00,0.01,R,F,1992-02-28,1992-04-09,1992-03-08,DELIVER IN PERSON,MAIL,pending theodolites are quickly ironi
54053-2,54053,1309,10,2,25.00,30257.50,0.00,0.08,R,F,1992-03-13,1992-04-30,1992-03-22,DELIVER IN PERSON,AIR,ing to the bl
54053-3,54053,1033,69,3,29.00,27086.87,0.00,0.01,R,F,1992-06-01,1992-05-11,1992-06-18,COLLECT COD,AIR, across the pending packages. 
54053-4,54053,643,6,4,32.00,49396.48,0.00,0.02,A,F,1992-06-04,1992-04-24,1992-07-01,COLLECT COD,TRUCK,oxes affix slyly alongside of the regula
54053-5,54053,1746,31,5,32.00,52727.68,0.07,0.05,R,F,1992-06-02,1992-05-10,1992-06-21,TAKE BACK RETURN,SHIP,"leep quickly regular, unusual pa"
54053-6,54053,893,94,6,46.00,82518.94,0.02,0.08,R,F,1992-04-17,1992-04-29,1992-04-21,DELIVER IN PERSON,MAIL,ular instructions. fluffily final
54054-1,54054,100,1,1,39.00,39003.90,0.09,0.06,N,O,1996-03-10,1996-04-16,1996-04-05,NONE,SHIP,usly along the
54054-2,54054,233,61,2,3.00,3399.69,0.03,0.05,N,O,1996-02-18,1996-04-10,1996-03-18,COLLECT COD,AIR,olites-- fr
54054-3,54054,1473,91,3,28.00,38485.16,0.06,0.05,N,O,1996-02-15,1996-02-20,1996-03-03,COLLECT COD,SHIP, furiously ironic accounts.
54054-4,54054,419,49,4,41.00,54095.81,0.08,0.03,N,O,1996-02-01,1996-03-11,1996-02-23,TAKE BACK RETURN,TRUCK,y express instructions wake.
54055-1,54055,913,14,1,27.00,48975.57,0.00,0.07,A,F,1994-05-30,1994-03-31,1994-06-19,NONE,FOB,ackages. blithely dogg
54080-1,54080,1072,43,1,10.00,9730.70,0.02,0.05,R,F,1994-09-15,1994-09-12,1994-10-07,COLLECT COD,TRUCK,pending foxes wake slyly. si
54081-1,54081,291,92,1,9.00,10721.61,0.08,0.03,N,F,1995-06-04,1995-06-09,1995-06-18,COLLECT COD,MAIL, final packages. carefully 
54081-2,54081,240,41,2,20.00,22804.80,0.05,0.03,N,F,1995-06-13,1995-04-30,1995-06-19,COLLECT COD,SHIP,blithely regular requests. fi
54081-3,54081,1580,21,3,45.00,66671.10,0.00,0.05,R,F,1995-04-30,1995-05-05,1995-05-11,COLLECT COD,AIR, ideas detect
54081-4,54081,336,65,4,39.00,48216.87,0.02,0.00,R,F,1995-03-31,1995-05-09,1995-04-17,TAKE BACK RETURN,FOB,he carefully bold de
54081-5,54081,1295,96,5,12.00,14355.48,0.05,0.06,N,O,1995-07-09,1995-06-07,1995-07-10,NONE,REG AIR,are furiously reque
54082-1,54082,1751,78,1,33.00,54540.75,0.09,0.03,R,F,1993-11-03,1993-09-07,1993-11-26,TAKE BACK RETURN,AIR,e furiously. accounts wou
54082-2,54082,1714,41,2,23.00,37161.33,0.10,0.00,R,F,1993-08-22,1993-08-28,1993-09-21,COLLECT COD,AIR,ites. quickly even Tiresias cajole.
54082-3,54082,308,37,3,44.00,53165.20,0.06,0.08,A,F,1993-10-06,1993-09-08,1993-11-05,COLLECT COD,AIR,courts above the ironic packages are care
54082-4,54082,1644,45,4,3.00,4636.92,0.01,0.02,A,F,1993-08-08,1993-09-03,1993-08-30,TAKE BACK RETURN,MAIL,ar platelets 
54082-5,54082,588,79,5,7.00,10420.06,0.07,0.08,A,F,1993-10-02,1993-09-22,1993-10-28,DELIVER IN PERSON,TRUCK,uests. slowly unusual dolphins mainta
54082-6,54082,1236,74,6,44.00,50038.12,0.00,0.02,A,F,1993-07-14,1993-09-04,1993-08-02,COLLECT COD,REG AIR,ounts wake carefully carefully final f
54083-1,54083,652,46,1,42.00,65211.30,0.02,0.01,N,O,1995-08-21,1995-08-28,1995-08-26,NONE,TRUCK,"above the final, p"
54083-2,54083,1814,58,2,35.00,60053.35,0.04,0.06,N,O,1995-11-17,1995-08-21,1995-11-19,NONE,TRUCK,beans across the accounts unwind furi
54083-3,54083,250,5,3,25.00,28756.25,0.08,0.05,N,O,1995-08-25,1995-08-28,1995-08-28,NONE,FOB, carefully special accounts nod slyly ab
54084-1,54084,1600,81,1,42.00,63067.20,0.07,0.08,N,O,1995-10-19,1995-12-08,1995-10-21,TAKE BACK RETURN,FOB,ctions cajole carefully after the slyl
54084-2,54084,1567,88,2,1.00,1468.56,0.02,0.03,N,O,1996-01-06,1995-12-09,1996-01-07,NONE,AIR,are carefully across the reg
54084-3,54084,1064,35,3,50.00,48253.00,0.10,0.04,N,O,1995-11-26,1995-11-30,1995-12-07,COLLECT COD,RAIL,gle. ironic theodolites about
54085-1,54085,656,50,1,43.00,66935.95,0.03,0.08,N,O,1996-02-06,1995-12-02,1996-03-01,NONE,RAIL,pending theodolite
54086-1,54086,2,78,1,42.00,37884.00,0.03,0.05,A,F,1992-09-30,1992-10-17,1992-10-28,COLLECT COD,REG AIR,ckly ironic requests wake fluffily above
54086-2,54086,675,7,2,36.00,56724.12,0.09,0.05,A,F,1992-11-08,1992-11-11,1992-11-20,COLLECT COD,REG AIR,ly unusual 
54086-3,54086,900,67,3,47.00,84642.30,0.08,0.04,A,F,1993-01-04,1992-11-13,1993-01-22,NONE,FOB,carefully unusual accounts. 
54086-4,54086,1907,8,4,37.00,66929.30,0.09,0.07,A,F,1992-12-08,1992-12-05,1993-01-02,COLLECT COD,MAIL,ronic package
54086-5,54086,617,18,5,43.00,65257.23,0.02,0.02,R,F,1992-11-10,1992-11-30,1992-11-23,DELIVER IN PERSON,REG AIR,ckages sublate slyly; fluffily even 
54086-6,54086,1382,21,6,23.00,29517.74,0.03,0.08,R,F,1992-09-26,1992-11-28,1992-10-09,DELIVER IN PERSON,MAIL, dependencies. car
54087-1,54087,639,2,1,38.00,58505.94,0.07,0.07,N,O,1998-07-16,1998-08-29,1998-07-24,DELIVER IN PERSON,SHIP,r requests. ironic dependencies wake blit
54087-2,54087,177,4,2,11.00,11848.87,0.05,0.06,N,O,1998-10-12,1998-09-17,1998-10-22,DELIVER IN PERSON,TRUCK,azzle quickly among the f
54087-3,54087,454,84,3,23.00,31152.35,0.07,0.06,N,O,1998-09-15,1998-09-30,1998-10-06,COLLECT COD,RAIL,eas. silent excuses after the blithely fin
54087-4,54087,498,99,4,14.00,19578.86,0.02,0.06,N,O,1998-08-17,1998-08-17,1998-08-27,TAKE BACK RETURN,SHIP,courts. deposits sleep slyly final the
54087-5,54087,1698,99,5,17.00,27194.73,0.02,0.08,N,O,1998-08-11,1998-08-26,1998-08-31,NONE,SHIP,uests are fluffily bold 
54087-6,54087,267,68,6,15.00,17508.90,0.02,0.03,N,O,1998-07-23,1998-09-04,1998-08-20,COLLECT COD,REG AIR,luffily. c
54087-7,54087,1786,87,7,47.00,79325.66,0.01,0.04,N,O,1998-07-09,1998-09-18,1998-07-22,NONE,TRUCK,al ideas haggle quickly. pinto bea
54112-1,54112,626,89,1,44.00,67171.28,0.02,0.08,N,O,1998-06-08,1998-08-25,1998-07-08,COLLECT COD,MAIL,usly final deposits are furi
54112-2,54112,1333,48,2,31.00,38264.23,0.10,0.07,N,O,1998-06-16,1998-08-01,1998-07-15,DELIVER IN PERSON,RAIL,ly. even requests cajole carefully. final
54112-3,54112,644,45,3,47.00,72598.08,0.07,0.05,N,O,1998-08-04,1998-08-07,1998-08-06,TAKE BACK RETURN,AIR,sits. carefully spec
54112-4,54112,1095,31,4,13.00,12949.17,0.00,0.04,N,O,1998-07-30,1998-08-20,1998-08-03,DELIVER IN PERSON,RAIL,y furiously even platelets. sp
54112-5,54112,1497,98,5,16.00,22375.84,0.03,0.01,N,O,1998-08-16,1998-07-29,1998-08-20,DELIVER IN PERSON,REG AIR,uriously final package
54113-1,54113,565,26,1,45.00,65950.20,0.07,0.05,N,O,1997-11-25,1997-11-27,1997-12-18,NONE,MAIL,sts. final pinto b
54113-2,54113,1615,98,2,29.00,43981.69,0.07,0.03,N,O,1998-01-16,1997-10-26,1998-02-08,COLLECT COD,RAIL,ites haggle carefully carefully regu
54113-3,54113,502,3,3,36.00,50490.00,0.04,0.05,N,O,1997-10-30,1997-11-22,1997-11-16,TAKE BACK RETURN,TRUCK,s. furiously pending excuses up the car
54113-4,54113,262,17,4,22.00,25569.72,0.08,0.04,N,O,1997-12-28,1997-11-27,1998-01-06,TAKE BACK RETURN,FOB,l depths haggle furiously a
54114-1,54114,1049,50,1,19.00,18050.76,0.02,0.03,A,F,1994-12-25,1994-11-08,1995-01-20,TAKE BACK RETURN,RAIL,excuses. quickly ironic instructions haggl
54114-2,54114,19,70,2,44.00,40436.44,0.08,0.08,A,F,1994-12-12,1994-12-18,1995-01-08,TAKE BACK RETURN,TRUCK,se carefully. packages believe slyly abou
54115-1,54115,648,42,1,28.00,43361.92,0.09,0.07,R,F,1992-03-08,1992-02-22,1992-04-03,TAKE BACK RETURN,FOB,ag according to the furiously express acc
54115-2,54115,1513,14,2,1.00,1414.51,0.09,0.06,R,F,1992-03-15,1992-03-22,1992-04-09,NONE,TRUCK,blithely slyly bold pinto bean
54115-3,54115,594,95,3,21.00,31386.39,0.06,0.00,A,F,1992-04-04,1992-04-05,1992-05-03,TAKE BACK RETURN,TRUCK,ily regular deposit
54115-4,54115,1420,38,4,35.00,46249.70,0.09,0.02,R,F,1992-02-15,1992-03-23,1992-02-22,NONE,MAIL,ons. furiously close packag
54115-5,54115,1587,88,5,28.00,41680.24,0.02,0.06,A,F,1992-01-15,1992-04-05,1992-01-22,TAKE BACK RETURN,AIR,packages. silent
54115-6,54115,492,80,6,23.00,32027.27,0.05,0.02,A,F,1992-03-09,1992-03-17,1992-03-25,COLLECT COD,REG AIR,gle. fluffily unu
54116-1,54116,423,24,1,12.00,15881.04,0.08,0.01,N,O,1996-02-28,1996-02-02,1996-03-09,DELIVER IN PERSON,RAIL,f the fluffily reg
54116-2,54116,705,38,2,16.00,25691.20,0.02,0.08,N,O,1995-11-08,1996-01-31,1995-11-18,NONE,TRUCK,ly express deposits. fu
54116-3,54116,424,54,3,1.00,1324.42,0.08,0.05,N,O,1996-02-04,1996-01-07,1996-03-04,COLLECT COD,AIR,e quickly ironic t
54116-4,54116,1565,6,4,34.00,49863.04,0.02,0.05,N,O,1995-12-04,1996-01-11,1995-12-12,DELIVER IN PERSON,RAIL, above the slyly regular requests. express 
54116-5,54116,1491,31,5,12.00,16709.88,0.10,0.05,N,O,1995-12-13,1995-12-21,1995-12-15,COLLECT COD,FOB,lithely regul
54116-6,54116,1577,18,6,22.00,32528.54,0.01,0.03,N,O,1996-01-25,1995-12-11,1996-02-06,NONE,SHIP,ounts. quickly regular requ
54116-7,54116,719,16,7,41.00,66408.11,0.05,0.08,N,O,1995-12-24,1996-01-11,1996-01-04,TAKE BACK RETURN,AIR, furiously ironic theodolites cajole 
54117-1,54117,840,40,1,5.00,8704.20,0.04,0.00,N,O,1998-10-01,1998-07-25,1998-10-27,DELIVER IN PERSON,SHIP,ly regular pinto b
54118-1,54118,238,39,1,36.00,40976.28,0.06,0.03,N,O,1998-04-28,1998-05-24,1998-05-23,NONE,TRUCK,fily permanent pinto be
54118-2,54118,830,30,2,2.00,3461.66,0.10,0.05,N,O,1998-06-22,1998-04-22,1998-07-22,DELIVER IN PERSON,AIR, sleep special courts. blithe
54118-3,54118,728,29,3,18.00,29316.96,0.07,0.08,N,O,1998-04-23,1998-04-12,1998-05-13,COLLECT COD,MAIL,arefully regular requests haggle bl
54118-4,54118,909,10,4,40.00,72396.00,0.10,0.04,N,O,1998-06-06,1998-04-06,1998-06-10,DELIVER IN PERSON,MAIL,ously close de
54119-1,54119,36,12,1,28.00,26208.84,0.05,0.07,A,F,1993-06-12,1993-07-16,1993-06-27,TAKE BACK RETURN,FOB,nt accounts haggle according
54119-2,54119,664,96,2,41.00,64151.06,0.08,0.00,A,F,1993-09-01,1993-08-15,1993-09-09,DELIVER IN PERSON,AIR,gly unusual theodolites n
54119-3,54119,1566,87,3,3.00,4402.68,0.03,0.02,R,F,1993-06-06,1993-07-15,1993-06-11,COLLECT COD,AIR,thely regular accounts was blithely 
54119-4,54119,998,33,4,13.00,24686.87,0.07,0.03,A,F,1993-06-04,1993-08-11,1993-06-28,TAKE BACK RETURN,TRUCK,. carefull
54119-5,54119,414,44,5,24.00,31545.84,0.10,0.07,R,F,1993-06-15,1993-07-01,1993-06-22,DELIVER IN PERSON,TRUCK,unts boost bold excuse
54119-6,54119,756,89,6,14.00,23194.50,0.03,0.01,R,F,1993-06-20,1993-07-19,1993-07-03,TAKE BACK RETURN,REG AIR,e slyly. fina
54119-7,54119,669,32,7,7.00,10987.62,0.09,0.08,R,F,1993-06-03,1993-08-09,1993-06-20,COLLECT COD,TRUCK,ckages are. accounts cajole above the e
54144-1,54144,260,15,1,32.00,37128.32,0.06,0.07,A,F,1994-10-23,1994-12-07,1994-11-21,COLLECT COD,MAIL,al instructions sleep carefully carefully
54145-1,54145,613,76,1,31.00,46921.91,0.09,0.07,R,F,1993-01-31,1993-02-08,1993-02-20,TAKE BACK RETURN,TRUCK,", bold pinto beans doze blithely iron"
54145-2,54145,1828,15,2,48.00,83031.36,0.04,0.07,R,F,1993-01-26,1993-03-18,1993-01-31,COLLECT COD,SHIP,ependencies
54145-3,54145,1400,77,3,21.00,27329.40,0.00,0.00,R,F,1993-02-18,1993-03-18,1993-03-10,TAKE BACK RETURN,MAIL,y dogged de
54145-4,54145,852,53,4,35.00,61349.75,0.05,0.04,R,F,1993-01-17,1993-03-11,1993-02-09,NONE,AIR,carefully against t
54145-5,54145,871,72,5,30.00,53156.10,0.04,0.05,R,F,1993-03-10,1993-03-20,1993-03-25,TAKE BACK RETURN,TRUCK,inal packages. slyly bold deposit
54146-1,54146,329,58,1,44.00,54090.08,0.05,0.08,R,F,1993-12-30,1993-12-22,1994-01-05,NONE,MAIL,ording to the express pinto beans in
54146-2,54146,1154,55,2,45.00,47481.75,0.00,0.00,R,F,1993-11-29,1993-12-25,1993-12-04,NONE,AIR,", fluffy requests."
54146-3,54146,516,77,3,31.00,43911.81,0.10,0.07,A,F,1993-12-13,1993-12-25,1993-12-28,TAKE BACK RETURN,SHIP,refully idle multipliers sleep slyl
54146-4,54146,119,98,4,29.00,29554.19,0.05,0.00,R,F,1994-01-04,1993-12-03,1994-01-25,TAKE BACK RETURN,AIR,riously. furiously pending reques
54146-5,54146,471,72,5,32.00,43887.04,0.05,0.05,R,F,1993-11-12,1994-01-02,1993-11-27,TAKE BACK RETURN,MAIL,ly blithely ironic theodolites. c
54147-1,54147,1559,60,1,32.00,46737.60,0.09,0.04,N,O,1997-08-16,1997-06-18,1997-09-14,NONE,RAIL,ffily sly theodolites. blithely bo
54147-2,54147,491,92,2,45.00,62617.05,0.02,0.03,N,O,1997-08-22,1997-07-15,1997-08-27,TAKE BACK RETURN,REG AIR,fully express pinto beans abou
54147-3,54147,1004,10,3,5.00,4525.00,0.06,0.05,N,O,1997-06-25,1997-07-29,1997-07-20,COLLECT COD,REG AIR,ckly regular sheaves sleep
54147-4,54147,964,65,4,7.00,13054.72,0.05,0.00,N,O,1997-08-02,1997-07-09,1997-08-16,COLLECT COD,MAIL,boost furiously silently reg
54147-5,54147,105,32,5,30.00,30153.00,0.06,0.00,N,O,1997-06-20,1997-07-10,1997-07-01,COLLECT COD,MAIL,ular deposits sleep. instructions i
54147-6,54147,1639,22,6,27.00,41597.01,0.09,0.02,N,O,1997-06-12,1997-07-08,1997-06-18,NONE,RAIL, special theodolites
54148-1,54148,1796,23,1,16.00,27164.64,0.10,0.00,N,O,1996-12-25,1997-01-26,1997-01-14,COLLECT COD,AIR,frays? packages use quickly c
54148-2,54148,530,91,2,6.00,8583.18,0.10,0.03,N,O,1997-01-11,1997-01-20,1997-01-30,COLLECT COD,MAIL,ns. even courts alongside of the s
54148-3,54148,1258,70,3,25.00,28981.25,0.09,0.01,N,O,1996-12-07,1997-01-13,1996-12-17,DELIVER IN PERSON,MAIL,leep. furiously pending pinto beans use qui
54149-1,54149,296,78,1,9.00,10766.61,0.00,0.08,N,O,1996-03-28,1996-05-12,1996-04-08,COLLECT COD,AIR,requests detect furiously-- f
54149-2,54149,823,24,2,43.00,74124.26,0.00,0.06,N,O,1996-05-09,1996-06-02,1996-05-24,NONE,FOB,regular instructions are accounts. reg
54150-1,54150,1914,15,1,43.00,78084.13,0.09,0.06,N,O,1995-10-03,1995-07-31,1995-10-30,NONE,TRUCK, accounts cajole blithely ironic req
54151-1,54151,92,18,1,25.00,24802.25,0.05,0.00,R,F,1994-10-22,1994-10-16,1994-11-21,DELIVER IN PERSON,MAIL,quickly pending requests integra
54151-2,54151,515,46,2,46.00,65113.46,0.05,0.00,R,F,1994-09-19,1994-10-26,1994-09-27,TAKE BACK RETURN,FOB,special dol
54151-3,54151,1561,62,3,45.00,65815.20,0.04,0.01,R,F,1994-11-29,1994-11-24,1994-12-21,NONE,MAIL,y even ideas hag
54151-4,54151,141,94,4,26.00,27069.64,0.05,0.06,A,F,1994-09-09,1994-11-20,1994-09-22,DELIVER IN PERSON,SHIP, beans believe final deposits. pending ac
54176-1,54176,1051,57,1,19.00,18088.95,0.08,0.00,N,O,1995-10-17,1995-08-23,1995-11-12,TAKE BACK RETURN,SHIP,fully regul
54176-2,54176,703,100,2,26.00,41696.20,0.06,0.08,N,O,1995-07-17,1995-09-12,1995-08-01,DELIVER IN PERSON,MAIL,egular notornis
54177-1,54177,455,85,1,38.00,51507.10,0.10,0.01,A,F,1992-02-01,1992-02-28,1992-02-02,COLLECT COD,FOB,ts wake quickly. blithely regular foxe
54177-2,54177,288,70,2,33.00,39213.24,0.01,0.00,A,F,1992-03-07,1992-02-28,1992-03-27,COLLECT COD,AIR,"ss packages. ironic, idle asymptotes are "
54177-3,54177,783,48,3,45.00,75770.10,0.04,0.04,A,F,1992-02-06,1992-04-24,1992-02-18,DELIVER IN PERSON,MAIL,y bold foxes. dependencies ar
54177-4,54177,1570,51,4,46.00,67692.22,0.09,0.00,R,F,1992-02-15,1992-03-21,1992-03-05,DELIVER IN PERSON,SHIP,efully unusual accounts. blithely final d
54178-1,54178,1027,98,1,5.00,4640.10,0.09,0.01,N,O,1996-06-14,1996-03-29,1996-07-10,NONE,AIR, theodolites haggle quic
54178-2,54178,401,31,2,29.00,37740.60,0.06,0.04,N,O,1996-06-03,1996-04-09,1996-06-21,NONE,REG AIR,y final packages after the slyly pen
54178-3,54178,348,33,3,33.00,41195.22,0.02,0.05,N,O,1996-02-24,1996-04-16,1996-02-25,DELIVER IN PERSON,REG AIR, foxes sle
54178-4,54178,985,86,4,38.00,71667.24,0.04,0.03,N,O,1996-04-03,1996-05-15,1996-04-18,TAKE BACK RETURN,TRUCK,eodolites. packages wake silently ev
54178-5,54178,476,64,5,33.00,45423.51,0.06,0.03,N,O,1996-05-15,1996-04-28,1996-06-05,NONE,MAIL,"s affix. permanent, careful"
54178-6,54178,1716,17,6,2.00,3235.42,0.07,0.04,N,O,1996-05-12,1996-05-19,1996-05-23,DELIVER IN PERSON,MAIL,iously slyly regular pinto
54179-1,54179,1604,5,1,42.00,63235.20,0.05,0.00,N,O,1995-06-30,1995-05-17,1995-07-20,NONE,MAIL,counts. furiously sly t
54180-1,54180,1121,22,1,5.00,5110.60,0.00,0.04,A,F,1993-02-15,1992-11-29,1993-03-14,COLLECT COD,AIR,above the sl
54180-2,54180,1511,12,2,28.00,39550.28,0.09,0.07,A,F,1992-12-13,1992-12-15,1992-12-14,TAKE BACK RETURN,MAIL, fluffily above the express p
54180-3,54180,1490,69,3,23.00,32004.27,0.10,0.04,A,F,1992-11-12,1993-01-11,1992-11-30,COLLECT COD,RAIL, ironically. instructions boost blit
54180-4,54180,168,69,4,41.00,43794.56,0.10,0.00,A,F,1992-11-06,1992-12-03,1992-11-25,NONE,REG AIR,regular instructions are furiously.
54181-1,54181,1462,41,1,22.00,29996.12,0.00,0.02,A,F,1992-06-01,1992-06-22,1992-07-01,DELIVER IN PERSON,MAIL,onically pending depe
54181-2,54181,98,49,2,17.00,16967.53,0.04,0.02,R,F,1992-09-17,1992-07-17,1992-10-04,COLLECT COD,TRUCK, quickly pending depos
54181-3,54181,857,91,3,31.00,54493.35,0.09,0.08,A,F,1992-07-09,1992-08-09,1992-07-16,TAKE BACK RETURN,MAIL,equests cajole. bold foxes 
54181-4,54181,766,31,4,32.00,53336.32,0.04,0.00,R,F,1992-06-18,1992-07-19,1992-06-24,TAKE BACK RETURN,RAIL,auternes integrate ir
54181-5,54181,794,59,5,6.00,10168.74,0.01,0.04,R,F,1992-08-05,1992-07-08,1992-08-06,DELIVER IN PERSON,REG AIR,"ts sleep. regular, unusual accou"
54181-6,54181,365,94,6,23.00,29103.28,0.03,0.08,R,F,1992-07-03,1992-07-04,1992-07-08,TAKE BACK RETURN,SHIP,ar packages nag carefully against
54181-7,54181,816,16,7,31.00,53221.11,0.06,0.07,A,F,1992-09-03,1992-08-04,1992-09-05,DELIVER IN PERSON,AIR,y even packages accordin
54182-1,54182,1856,100,1,7.00,12304.95,0.00,0.02,N,O,1998-07-07,1998-08-15,1998-07-13,COLLECT COD,TRUCK,furiously regular accounts
54182-2,54182,248,30,2,43.00,49374.32,0.06,0.04,N,O,1998-10-06,1998-08-09,1998-10-09,TAKE BACK RETURN,RAIL,ag quickly. carefully qu
54182-3,54182,1946,79,3,2.00,3695.88,0.02,0.07,N,O,1998-08-29,1998-08-01,1998-09-26,COLLECT COD,SHIP,regular courts snooze carefully among th
54182-4,54182,773,6,4,48.00,80340.96,0.08,0.04,N,O,1998-06-17,1998-08-13,1998-07-05,TAKE BACK RETURN,SHIP,bold accounts. furiously express platel
54182-5,54182,354,39,5,39.00,48919.65,0.07,0.03,N,O,1998-09-26,1998-08-01,1998-10-25,COLLECT COD,SHIP,boost enti
54182-6,54182,1744,87,6,5.00,8228.70,0.07,0.01,N,O,1998-06-25,1998-07-24,1998-06-29,TAKE BACK RETURN,AIR,iously regular Tiresias. slyly pending p
54182-7,54182,1872,73,7,25.00,44346.75,0.06,0.07,N,O,1998-08-22,1998-09-08,1998-09-01,NONE,RAIL,sits! furiously regular packages
54183-1,54183,405,6,1,29.00,37856.60,0.03,0.05,A,F,1992-07-22,1992-06-22,1992-08-07,COLLECT COD,AIR,e furiously 
54183-2,54183,1987,76,2,32.00,60447.36,0.04,0.06,A,F,1992-07-07,1992-06-25,1992-07-18,DELIVER IN PERSON,FOB,ut the ironic packages. somas cajol
54183-3,54183,322,79,3,26.00,31780.32,0.06,0.04,R,F,1992-07-30,1992-06-13,1992-08-09,COLLECT COD,AIR,ifts about the thinly e
54183-4,54183,47,23,4,14.00,13258.56,0.05,0.08,R,F,1992-05-17,1992-06-19,1992-05-28,COLLECT COD,TRUCK,ng the quickly 
54183-5,54183,623,24,5,1.00,1523.62,0.07,0.03,R,F,1992-05-28,1992-06-22,1992-05-30,NONE,MAIL,fluffily special pa
54183-6,54183,414,15,6,23.00,30231.43,0.04,0.01,A,F,1992-08-02,1992-05-19,1992-08-09,TAKE BACK RETURN,REG AIR,out the furiously regular dolphins. 
54183-7,54183,1731,58,7,50.00,81636.50,0.06,0.05,R,F,1992-07-12,1992-06-17,1992-07-14,NONE,FOB,silent packages cajol
54208-1,54208,1878,8,1,9.00,16018.83,0.04,0.00,N,O,1998-08-08,1998-08-17,1998-08-21,NONE,AIR, ironic deposits sleep slyly. special
54208-2,54208,350,51,2,29.00,36260.15,0.01,0.00,N,O,1998-09-27,1998-07-18,1998-10-24,COLLECT COD,SHIP,nusual acco
54208-3,54208,448,7,3,18.00,24271.92,0.04,0.06,N,O,1998-06-28,1998-07-25,1998-07-02,COLLECT COD,FOB,"leep final, "
54208-4,54208,1788,31,4,49.00,82799.22,0.03,0.01,N,O,1998-07-18,1998-08-07,1998-07-25,TAKE BACK RETURN,SHIP,"ecial, regular packages slee"
54209-1,54209,349,6,1,13.00,16241.42,0.05,0.02,A,F,1992-09-23,1992-10-21,1992-09-29,COLLECT COD,MAIL,ven platelets. never bold dependenci
54209-2,54209,1607,49,2,28.00,42240.80,0.06,0.07,R,F,1992-11-24,1992-09-27,1992-12-02,COLLECT COD,RAIL,y final ideas. regula
54209-3,54209,1831,18,3,32.00,55450.56,0.08,0.00,A,F,1992-10-02,1992-10-01,1992-10-20,COLLECT COD,AIR,ions. ironic instructions sleep blith
54209-4,54209,1446,47,4,9.00,12126.96,0.04,0.05,R,F,1992-11-02,1992-10-13,1992-11-06,COLLECT COD,REG AIR,et dependencies detec
54209-5,54209,236,91,5,40.00,45449.20,0.06,0.04,R,F,1992-11-26,1992-11-02,1992-12-18,DELIVER IN PERSON,REG AIR, cajole. acco
54210-1,54210,903,6,1,12.00,21646.80,0.07,0.02,A,F,1993-11-21,1993-11-10,1993-12-04,TAKE BACK RETURN,MAIL,kly regular deposits sleep after
54211-1,54211,1182,19,1,31.00,33578.58,0.04,0.07,N,O,1996-05-06,1996-06-30,1996-05-30,TAKE BACK RETURN,AIR, regular p
54211-2,54211,772,5,2,7.00,11709.39,0.00,0.06,N,O,1996-05-21,1996-06-13,1996-05-30,DELIVER IN PERSON,RAIL, haggle. quickly express foxes wake
54211-3,54211,1195,32,3,33.00,36174.27,0.10,0.01,N,O,1996-04-29,1996-06-15,1996-05-22,DELIVER IN PERSON,SHIP,ve the quickly regular de
54212-1,54212,1732,17,1,24.00,39209.52,0.04,0.08,A,F,1994-05-14,1994-05-03,1994-05-22,TAKE BACK RETURN,AIR,lyly final requests na
54212-2,54212,1676,59,2,39.00,61529.13,0.10,0.02,R,F,1994-03-16,1994-05-26,1994-04-08,COLLECT COD,TRUCK,less excuses. blithely busy requests wake.
54212-3,54212,790,55,3,17.00,28743.43,0.04,0.00,R,F,1994-03-19,1994-04-13,1994-03-24,NONE,FOB,he blithely regular
54213-1,54213,525,16,1,31.00,44191.12,0.03,0.06,A,F,1995-02-22,1995-04-26,1995-03-03,NONE,FOB,above the eve
54213-2,54213,40,66,2,35.00,32901.40,0.05,0.05,R,F,1995-05-24,1995-04-27,1995-06-07,DELIVER IN PERSON,FOB,ay detect carefully blithe
54213-3,54213,337,38,3,16.00,19797.28,0.07,0.02,R,F,1995-03-19,1995-04-04,1995-03-30,NONE,AIR,wake blithely quickly pending deposit
54214-1,54214,769,70,1,5.00,8348.80,0.07,0.01,A,F,1992-01-16,1992-03-21,1992-02-15,NONE,RAIL, final theodoli
54214-2,54214,238,39,2,41.00,46667.43,0.01,0.07,A,F,1992-02-25,1992-03-18,1992-03-19,COLLECT COD,AIR,"sits. even foxes poach at the final, unusua"
54215-1,54215,1654,96,1,1.00,1555.65,0.03,0.00,N,O,1996-02-20,1996-01-03,1996-03-10,NONE,FOB,s requests are carefully after
54215-2,54215,147,74,2,46.00,48168.44,0.07,0.04,N,O,1996-01-05,1996-01-04,1996-01-31,DELIVER IN PERSON,FOB,onic pinto beans 
54215-3,54215,1721,64,3,19.00,30831.68,0.02,0.03,N,O,1995-10-31,1996-01-09,1995-11-11,COLLECT COD,REG AIR,according to t
54215-4,54215,1326,3,4,7.00,8591.24,0.09,0.01,N,O,1995-12-12,1996-01-17,1996-01-07,COLLECT COD,REG AIR,"r requests lose. final, unusua"
54215-5,54215,1328,43,5,28.00,34420.96,0.00,0.02,N,O,1995-12-01,1995-12-12,1995-12-13,TAKE BACK RETURN,SHIP,", quiet packages unwind carefully ironic pa"
54215-6,54215,1032,3,6,5.00,4665.15,0.06,0.02,N,O,1996-01-04,1995-11-29,1996-01-17,COLLECT COD,RAIL,d the fluffily expres
54240-1,54240,830,30,1,28.00,48463.24,0.07,0.07,N,O,1996-07-10,1996-08-03,1996-07-14,DELIVER IN PERSON,FOB,fore the carefully e
54240-2,54240,1142,15,2,3.00,3129.42,0.08,0.07,N,O,1996-06-30,1996-07-15,1996-07-03,DELIVER IN PERSON,AIR,equests poach carefully even somas. fluffil
54240-3,54240,415,3,3,31.00,40777.71,0.05,0.07,N,O,1996-07-25,1996-06-15,1996-08-20,COLLECT COD,REG AIR,sits sublate f
54240-4,54240,332,33,4,3.00,3696.99,0.05,0.04,N,O,1996-05-31,1996-07-08,1996-06-24,DELIVER IN PERSON,SHIP,integrate. carefully regular ideas
54241-1,54241,453,12,1,6.00,8120.70,0.06,0.06,A,F,1992-09-17,1992-10-26,1992-10-13,TAKE BACK RETURN,REG AIR,"ut the ironic, pending excuses wake blithe"
54241-2,54241,1802,89,2,26.00,44298.80,0.06,0.07,R,F,1992-08-15,1992-10-05,1992-08-22,TAKE BACK RETURN,TRUCK,"regular, final reques"
54241-3,54241,81,57,3,46.00,45129.68,0.00,0.05,A,F,1992-08-31,1992-09-21,1992-09-10,COLLECT COD,FOB,ons. fluffily express package
54241-4,54241,101,2,4,24.00,24026.40,0.00,0.08,R,F,1992-10-01,1992-10-20,1992-10-23,TAKE BACK RETURN,TRUCK,ully ruthlessly unusual p
54241-5,54241,1220,32,5,26.00,29151.72,0.09,0.01,R,F,1992-10-23,1992-09-05,1992-11-04,TAKE BACK RETURN,MAIL,und the furiously e
54241-6,54241,261,43,6,11.00,12773.86,0.08,0.07,A,F,1992-11-14,1992-09-08,1992-11-28,TAKE BACK RETURN,FOB,nal deposits cajole
54241-7,54241,270,25,7,6.00,7021.62,0.02,0.02,R,F,1992-11-18,1992-09-23,1992-12-02,NONE,TRUCK,ges. requests boost. slyly unusual packa
54242-1,54242,1776,19,1,32.00,53688.64,0.08,0.01,N,O,1998-06-06,1998-06-24,1998-06-08,NONE,REG AIR,w quickly above the carefully regular pac
54242-2,54242,1360,75,2,16.00,20181.76,0.04,0.03,N,O,1998-07-26,1998-06-09,1998-08-04,TAKE BACK RETURN,FOB,", ironic accounts cajole alongside of the "
54242-3,54242,853,20,3,41.00,71907.85,0.01,0.07,N,O,1998-06-22,1998-04-30,1998-06-29,DELIVER IN PERSON,FOB,"packages. foxes are express, stealth"
54242-4,54242,557,88,4,5.00,7287.75,0.02,0.03,N,O,1998-06-11,1998-05-04,1998-06-13,COLLECT COD,RAIL, deposits cajole caref
54242-5,54242,1122,59,5,30.00,30693.60,0.06,0.04,N,O,1998-06-17,1998-05-31,1998-06-21,DELIVER IN PERSON,FOB,alongside of
54243-1,54243,856,90,1,8.00,14054.80,0.06,0.07,A,F,1994-12-16,1994-12-12,1994-12-24,NONE,TRUCK,riously even frets. fluffily iro
54243-2,54243,159,12,2,10.00,10591.50,0.09,0.03,A,F,1994-11-25,1994-12-13,1994-12-16,NONE,MAIL,deposits boos
54243-3,54243,1852,53,3,24.00,42092.40,0.09,0.04,R,F,1994-12-15,1994-10-19,1995-01-08,NONE,AIR,"sts wake slyly. regular, even"
54243-4,54243,1292,4,4,15.00,17899.35,0.09,0.03,R,F,1994-09-18,1994-10-29,1994-09-27,COLLECT COD,REG AIR,ully regular courts hagg
54244-1,54244,1161,62,1,26.00,27616.16,0.01,0.08,N,O,1996-05-19,1996-05-25,1996-05-23,DELIVER IN PERSON,FOB,foxes haggle fur
54244-2,54244,866,66,2,29.00,51238.94,0.06,0.04,N,O,1996-04-10,1996-05-08,1996-05-05,DELIVER IN PERSON,AIR, haggle carefully regu
54245-1,54245,889,90,1,26.00,46536.88,0.06,0.02,R,F,1995-04-22,1995-05-23,1995-05-21,DELIVER IN PERSON,REG AIR,y express dolphins. final
54245-2,54245,472,60,2,44.00,60388.68,0.05,0.08,N,O,1995-06-28,1995-05-12,1995-07-26,TAKE BACK RETURN,REG AIR,s. pending ideas 
54246-1,54246,1022,28,1,30.00,27690.60,0.10,0.01,R,F,1993-09-19,1993-09-19,1993-10-15,NONE,RAIL,ed notornis
54246-2,54246,1337,14,2,17.00,21051.61,0.07,0.05,R,F,1993-09-05,1993-08-30,1993-09-15,NONE,AIR, final foxes cajole a
54247-1,54247,1725,10,1,43.00,69948.96,0.09,0.05,N,O,1997-05-03,1997-07-15,1997-05-30,TAKE BACK RETURN,MAIL,thely regular packages afte
54247-2,54247,1613,55,2,21.00,31806.81,0.02,0.08,N,O,1997-04-22,1997-07-11,1997-05-19,NONE,RAIL,sly across
54247-3,54247,1544,65,3,18.00,26019.72,0.01,0.08,N,O,1997-07-23,1997-06-15,1997-07-27,NONE,TRUCK,al packages.
54247-4,54247,1634,76,4,34.00,52211.42,0.07,0.01,N,O,1997-05-15,1997-06-01,1997-06-03,DELIVER IN PERSON,TRUCK,ly bold foxes. furiously ruthless pains
54247-5,54247,557,58,5,15.00,21863.25,0.01,0.06,N,O,1997-07-28,1997-05-22,1997-08-09,TAKE BACK RETURN,FOB,refully across the slyly even pint
54247-6,54247,843,77,6,26.00,45339.84,0.01,0.02,N,O,1997-07-08,1997-05-20,1997-07-11,TAKE BACK RETURN,SHIP,lites. slyly even instructions haggle
54272-1,54272,737,2,1,29.00,47494.17,0.10,0.01,N,O,1997-11-26,1997-10-13,1997-12-20,DELIVER IN PERSON,TRUCK,t at the regular packages-- final requests
54272-2,54272,1550,31,2,4.00,5806.20,0.06,0.05,N,O,1997-09-24,1997-09-23,1997-10-12,DELIVER IN PERSON,MAIL,"ily along the bold, ir"
54272-3,54272,362,63,3,20.00,25247.20,0.07,0.04,N,O,1997-11-12,1997-10-12,1997-12-12,NONE,SHIP,d deposits
54273-1,54273,751,48,1,3.00,4955.25,0.07,0.05,N,O,1998-08-29,1998-08-05,1998-09-20,TAKE BACK RETURN,FOB,eodolites. requests are blithely. blithe
54273-2,54273,60,86,2,25.00,24001.50,0.08,0.07,N,O,1998-07-04,1998-08-01,1998-07-26,DELIVER IN PERSON,REG AIR,lites. furiously final instructions
54273-3,54273,1188,25,3,10.00,10891.80,0.01,0.05,N,O,1998-06-17,1998-06-19,1998-07-16,NONE,SHIP, about the 
54273-4,54273,389,90,4,32.00,41260.16,0.07,0.02,N,O,1998-08-06,1998-07-31,1998-08-31,TAKE BACK RETURN,SHIP,elets haggle. slyly ironic ideas
54273-5,54273,606,69,5,25.00,37665.00,0.01,0.06,N,O,1998-05-26,1998-07-27,1998-06-16,TAKE BACK RETURN,FOB,ideas. foxes
54273-6,54273,957,58,6,7.00,13005.65,0.05,0.02,N,O,1998-08-28,1998-07-10,1998-09-02,TAKE BACK RETURN,MAIL,n accounts integra
54273-7,54273,526,17,7,3.00,4279.56,0.03,0.07,N,O,1998-08-05,1998-07-06,1998-08-20,COLLECT COD,RAIL, accounts. c
54274-1,54274,1799,100,1,25.00,42519.75,0.06,0.06,A,F,1994-01-02,1994-02-11,1994-01-19,DELIVER IN PERSON,TRUCK,ions. carefully final ide
54274-2,54274,1598,39,2,20.00,29991.80,0.08,0.01,A,F,1994-02-12,1994-01-18,1994-02-24,DELIVER IN PERSON,FOB,ing deposi
54274-3,54274,629,61,3,5.00,7648.10,0.03,0.00,A,F,1993-12-30,1994-01-12,1994-01-05,TAKE BACK RETURN,SHIP,ily across the carefully pending pi
54274-4,54274,61,12,4,9.00,8649.54,0.03,0.02,A,F,1994-02-23,1994-02-01,1994-03-10,TAKE BACK RETURN,REG AIR,icingly special 
54274-5,54274,1218,93,5,29.00,32457.09,0.08,0.02,A,F,1994-01-06,1994-02-07,1994-01-17,COLLECT COD,MAIL, platelets. accounts wake furiously.
54274-6,54274,850,51,6,30.00,52525.50,0.04,0.05,A,F,1993-12-23,1994-02-02,1993-12-30,DELIVER IN PERSON,REG AIR,ily even deposits boost fluffi
54274-7,54274,786,19,7,25.00,42169.50,0.08,0.01,A,F,1993-12-28,1994-01-15,1994-01-09,TAKE BACK RETURN,REG AIR,ays use steal
54275-1,54275,711,76,1,17.00,27399.07,0.06,0.06,R,F,1993-03-28,1993-02-22,1993-04-24,COLLECT COD,FOB,"ress, unusual excuses are carefully qui"
54275-2,54275,1428,29,2,28.00,37223.76,0.05,0.06,A,F,1993-01-22,1993-03-31,1993-01-31,DELIVER IN PERSON,FOB,ts wake abo
54276-1,54276,210,11,1,28.00,31085.88,0.04,0.07,A,F,1993-04-07,1993-04-03,1993-05-07,COLLECT COD,SHIP,ffily ironic deposits. slyly final ac
54276-2,54276,1459,99,2,20.00,27209.00,0.10,0.01,R,F,1993-02-10,1993-03-17,1993-02-20,DELIVER IN PERSON,REG AIR,rate furiously bold dependencies. fur
54276-3,54276,941,44,3,25.00,46048.50,0.00,0.05,A,F,1993-04-25,1993-04-14,1993-05-18,TAKE BACK RETURN,TRUCK,wind fluffily unu
54276-4,54276,422,52,4,37.00,48929.54,0.06,0.03,A,F,1993-03-16,1993-04-06,1993-04-03,NONE,RAIL,ss instructions sl
54277-1,54277,1964,9,1,46.00,85834.16,0.08,0.00,A,F,1993-03-25,1993-04-02,1993-03-30,TAKE BACK RETURN,TRUCK,s are furiously regular deposits. regu
54277-2,54277,1405,84,2,19.00,24821.60,0.03,0.07,A,F,1993-03-20,1993-03-19,1993-04-13,COLLECT COD,SHIP,ironic theodolit
54277-3,54277,18,69,3,32.00,29376.32,0.02,0.03,A,F,1993-02-17,1993-03-05,1993-02-28,DELIVER IN PERSON,AIR,onic packages haggle furiously. 
54277-4,54277,1969,58,4,43.00,80451.28,0.00,0.00,A,F,1993-04-12,1993-03-01,1993-05-05,COLLECT COD,MAIL,. silent d
54277-5,54277,487,17,5,11.00,15262.28,0.06,0.04,R,F,1993-04-09,1993-04-02,1993-05-02,TAKE BACK RETURN,RAIL,lar asymptot
54277-6,54277,286,87,6,1.00,1186.28,0.07,0.07,A,F,1993-04-26,1993-03-10,1993-04-28,DELIVER IN PERSON,TRUCK,ests dazzle
54277-7,54277,84,85,7,28.00,27554.24,0.10,0.00,A,F,1993-04-29,1993-02-05,1993-05-24,COLLECT COD,MAIL,ccounts sleep slyly besides the 
54278-1,54278,1620,21,1,33.00,50213.46,0.01,0.00,N,O,1997-08-17,1997-07-31,1997-09-01,TAKE BACK RETURN,RAIL,ions use evenly enticing dependen
54278-2,54278,837,71,2,35.00,60824.05,0.10,0.08,N,O,1997-07-16,1997-07-10,1997-07-28,NONE,REG AIR, boost carefully. pending asym
54278-3,54278,512,73,3,13.00,18362.63,0.05,0.02,N,O,1997-07-28,1997-07-14,1997-08-14,NONE,AIR,ns sleep unusual id
54278-4,54278,177,78,4,4.00,4308.68,0.03,0.05,N,O,1997-08-05,1997-07-27,1997-08-22,NONE,TRUCK,uffily final requests nag quickly. furiou
54278-5,54278,1306,83,5,31.00,37426.30,0.03,0.05,N,O,1997-06-03,1997-07-25,1997-06-19,DELIVER IN PERSON,MAIL,t. packages wake carefully even 
54278-6,54278,1214,52,6,11.00,12267.31,0.01,0.05,N,O,1997-05-26,1997-07-03,1997-06-07,COLLECT COD,FOB,tions. quick id
54278-7,54278,1278,53,7,29.00,34198.83,0.02,0.00,N,O,1997-05-12,1997-08-03,1997-05-27,COLLECT COD,REG AIR, final accounts sleep around the
54279-1,54279,1574,75,1,7.00,10328.99,0.00,0.08,N,O,1995-09-13,1995-10-28,1995-09-16,COLLECT COD,FOB,s. carefully q
54279-2,54279,1117,90,2,6.00,6108.66,0.00,0.00,N,O,1995-10-04,1995-09-11,1995-10-14,TAKE BACK RETURN,AIR,old accounts. slyly iron
54279-3,54279,1287,25,3,35.00,41589.80,0.10,0.05,N,O,1995-09-20,1995-09-13,1995-10-02,DELIVER IN PERSON,SHIP,uickly iro
54279-4,54279,131,32,4,20.00,20622.60,0.06,0.01,N,O,1995-11-19,1995-10-17,1995-12-16,COLLECT COD,TRUCK,y unusual theodolites. quickly pending p
54279-5,54279,1588,69,5,5.00,7447.90,0.01,0.08,N,O,1995-11-14,1995-10-19,1995-12-07,TAKE BACK RETURN,AIR, pending theodolites nag 
54279-6,54279,378,35,6,26.00,33237.62,0.04,0.06,N,O,1995-10-20,1995-10-23,1995-10-31,TAKE BACK RETURN,RAIL,s maintain carefull
54279-7,54279,1369,84,7,26.00,33029.36,0.10,0.02,N,O,1995-08-13,1995-10-03,1995-09-06,DELIVER IN PERSON,AIR,the ironic pi
54304-1,54304,888,55,1,15.00,26833.20,0.10,0.01,A,F,1993-02-22,1993-04-23,1993-03-18,TAKE BACK RETURN,MAIL,dogged ideas wake about th
54304-2,54304,742,75,2,47.00,77208.78,0.03,0.00,R,F,1993-02-26,1993-04-27,1993-03-04,COLLECT COD,RAIL,deposits slee
54305-1,54305,1297,9,1,8.00,9586.32,0.10,0.01,N,O,1997-10-31,1997-10-30,1997-11-17,NONE,FOB, pending accounts wake carefu
54305-2,54305,1055,91,2,43.00,41110.15,0.01,0.05,N,O,1997-09-26,1997-11-10,1997-10-02,DELIVER IN PERSON,RAIL,aggle along the furiously 
54305-3,54305,1620,62,3,20.00,30432.40,0.10,0.05,N,O,1997-10-10,1997-11-09,1997-10-29,NONE,RAIL, express excuses. instructions sleep
54305-4,54305,927,96,4,15.00,27418.80,0.02,0.02,N,O,1997-11-18,1997-11-09,1997-12-17,NONE,TRUCK,uests alongside of the pe
54305-5,54305,1165,2,5,17.00,18124.72,0.01,0.07,N,O,1997-11-01,1997-09-29,1997-11-05,NONE,REG AIR,fully regular reques
54306-1,54306,843,77,1,37.00,64522.08,0.03,0.07,R,F,1992-09-19,1992-07-31,1992-10-10,COLLECT COD,AIR,cording to the always pending packages
54307-1,54307,1940,73,1,31.00,57100.14,0.08,0.03,A,F,1992-02-27,1992-03-08,1992-03-15,TAKE BACK RETURN,SHIP,eposits haggle furiously ironic
54307-2,54307,1399,76,2,6.00,7802.34,0.10,0.01,A,F,1992-02-21,1992-02-24,1992-03-06,DELIVER IN PERSON,FOB,sits boost carefully regular escapade
54307-3,54307,303,4,3,40.00,48132.00,0.09,0.05,A,F,1992-01-17,1992-03-08,1992-01-30,NONE,AIR,arefully slyly silent excuses.
54307-4,54307,212,13,4,42.00,46712.82,0.07,0.04,A,F,1992-02-21,1992-03-06,1992-03-08,COLLECT COD,FOB,"fully pending packages use regular, fin"
54307-5,54307,1703,88,5,20.00,32094.00,0.07,0.04,R,F,1992-04-02,1992-03-18,1992-04-27,COLLECT COD,FOB,n dolphins slee
54307-6,54307,457,45,6,20.00,27149.00,0.07,0.04,R,F,1992-02-06,1992-03-15,1992-02-27,NONE,AIR, dolphins affix
54308-1,54308,1076,12,1,24.00,23449.68,0.06,0.08,N,O,1996-04-18,1996-05-26,1996-04-29,DELIVER IN PERSON,MAIL,furiously along the speci
54308-2,54308,1548,29,2,35.00,50733.90,0.09,0.07,N,O,1996-06-12,1996-04-15,1996-06-18,NONE,RAIL,fully ironic deposits snooze slyly iro
54308-3,54308,1543,84,3,14.00,20223.56,0.02,0.05,N,O,1996-03-29,1996-04-03,1996-04-14,COLLECT COD,RAIL,earls wake daringly above the pin
54308-4,54308,886,87,4,34.00,60753.92,0.05,0.03,N,O,1996-03-30,1996-04-29,1996-04-06,NONE,MAIL, slyly according to the fluffily
54308-5,54308,1503,24,5,11.00,15449.50,0.07,0.02,N,O,1996-03-31,1996-04-06,1996-04-13,DELIVER IN PERSON,SHIP,ependencie
54308-6,54308,1874,61,6,43.00,76362.41,0.08,0.05,N,O,1996-03-12,1996-04-10,1996-04-08,COLLECT COD,TRUCK,s. pending pains accordin
54309-1,54309,442,43,1,19.00,25506.36,0.10,0.03,R,F,1992-07-23,1992-08-12,1992-07-31,NONE,FOB,counts. as
54309-2,54309,1893,80,2,28.00,50256.92,0.10,0.07,A,F,1992-09-19,1992-08-31,1992-09-20,DELIVER IN PERSON,REG AIR,fluffily ironi
54309-3,54309,485,44,3,26.00,36022.48,0.04,0.02,R,F,1992-07-28,1992-08-18,1992-07-31,COLLECT COD,RAIL,lar warhors
54310-1,54310,1626,9,1,26.00,39718.12,0.01,0.07,N,O,1998-05-27,1998-05-14,1998-06-16,DELIVER IN PERSON,TRUCK,fluffily special inst
54310-2,54310,759,56,2,45.00,74688.75,0.01,0.02,N,O,1998-06-28,1998-05-23,1998-07-11,NONE,REG AIR, even reques
54310-3,54310,202,30,3,22.00,24248.40,0.01,0.01,N,O,1998-07-11,1998-05-06,1998-07-26,TAKE BACK RETURN,MAIL,usly express packa
54310-4,54310,1814,58,4,12.00,20589.72,0.05,0.07,N,O,1998-06-26,1998-06-21,1998-07-25,NONE,MAIL,carefully silen
54311-1,54311,817,84,1,50.00,85890.50,0.03,0.05,N,O,1998-04-26,1998-03-15,1998-05-10,NONE,MAIL," final, regular ideas "
54311-2,54311,1014,50,2,25.00,22875.25,0.03,0.06,N,O,1998-02-09,1998-03-22,1998-02-15,TAKE BACK RETURN,FOB,ily unusual accounts nod never blithely
54311-3,54311,1780,81,3,46.00,77361.88,0.05,0.04,N,O,1998-03-20,1998-03-05,1998-03-23,NONE,REG AIR,ts in place of the sentiments wake after t
54311-4,54311,1118,27,4,27.00,27515.97,0.00,0.05,N,O,1998-03-22,1998-02-09,1998-04-08,TAKE BACK RETURN,REG AIR,accounts boost f
54311-5,54311,747,12,5,33.00,54375.42,0.09,0.07,N,O,1998-03-02,1998-03-05,1998-03-24,TAKE BACK RETURN,AIR,quickly ir
54336-1,54336,559,50,1,36.00,52543.80,0.07,0.03,A,F,1993-08-10,1993-06-08,1993-08-14,TAKE BACK RETURN,FOB, requests cajole
54336-2,54336,1100,1,2,44.00,44048.40,0.00,0.03,A,F,1993-06-27,1993-07-12,1993-07-06,TAKE BACK RETURN,REG AIR, unusual pinto beans against
54336-3,54336,115,94,3,7.00,7105.77,0.00,0.07,A,F,1993-05-08,1993-05-25,1993-05-19,NONE,AIR,ronic Tiresias. slyly express 
54336-4,54336,1902,3,4,6.00,10823.40,0.05,0.05,R,F,1993-05-03,1993-05-24,1993-05-17,NONE,RAIL,lly final de
54337-1,54337,1115,16,1,21.00,21338.31,0.09,0.05,N,O,1996-11-08,1996-10-18,1996-11-22,DELIVER IN PERSON,SHIP,accounts doze regular instructions. sly
54337-2,54337,924,59,2,20.00,36498.40,0.01,0.01,N,O,1996-10-31,1996-09-20,1996-11-10,NONE,RAIL,y. quickly fina
54337-3,54337,134,87,3,33.00,34126.29,0.10,0.00,N,O,1996-10-20,1996-10-31,1996-10-24,COLLECT COD,RAIL,ges sleep about the
54337-4,54337,1856,43,4,32.00,56251.20,0.10,0.02,N,O,1996-11-06,1996-10-07,1996-11-10,NONE,SHIP,sly ironic dependenci
54338-1,54338,676,8,1,10.00,15766.70,0.06,0.00,N,O,1998-04-24,1998-02-18,1998-04-28,DELIVER IN PERSON,MAIL,s thrash blithely along the pending pa
54338-2,54338,998,67,2,7.00,13292.93,0.09,0.03,N,O,1998-01-18,1998-02-14,1998-01-19,COLLECT COD,AIR, ironic packages doubt sly
54338-3,54338,268,23,3,48.00,56076.48,0.10,0.05,N,O,1998-04-24,1998-03-28,1998-05-01,COLLECT COD,RAIL,"ar foxes play ironically express, thin"
54338-4,54338,1316,17,4,6.00,7303.86,0.06,0.04,N,O,1998-02-09,1998-03-17,1998-03-04,COLLECT COD,AIR,counts use. carefully silent foxes are neve
54338-5,54338,812,46,5,42.00,71938.02,0.01,0.04,N,O,1998-01-29,1998-03-05,1998-02-28,DELIVER IN PERSON,FOB,mes special accounts wake sly packag
54339-1,54339,1449,50,1,7.00,9453.08,0.05,0.04,A,F,1992-05-16,1992-07-28,1992-06-10,NONE,RAIL,old requests. express packages
54339-2,54339,227,28,2,7.00,7890.54,0.04,0.02,R,F,1992-08-01,1992-07-04,1992-08-08,TAKE BACK RETURN,TRUCK,l packages. unusual
54339-3,54339,1188,89,3,2.00,2178.36,0.02,0.04,A,F,1992-08-15,1992-07-21,1992-09-10,DELIVER IN PERSON,TRUCK, the fluffily regular requests. blit
54339-4,54339,428,29,4,44.00,58450.48,0.06,0.08,A,F,1992-05-21,1992-07-18,1992-06-07,TAKE BACK RETURN,SHIP,"ideas wake regularly final, express "
54339-5,54339,1500,40,5,49.00,68673.50,0.03,0.03,A,F,1992-08-26,1992-06-20,1992-09-24,NONE,FOB,t the slyly unusual requests. fluffily fin
54339-6,54339,893,94,6,46.00,82518.94,0.05,0.07,A,F,1992-06-05,1992-07-12,1992-06-14,COLLECT COD,REG AIR, instead of th
54340-1,54340,1213,88,1,42.00,46796.82,0.00,0.04,R,F,1994-01-11,1993-12-19,1994-02-01,DELIVER IN PERSON,MAIL,ly special acc
54341-1,54341,1848,78,1,28.00,48995.52,0.04,0.08,R,F,1992-07-12,1992-05-28,1992-08-01,DELIVER IN PERSON,AIR, even excuses. stealthily si
54341-2,54341,1306,45,2,9.00,10865.70,0.10,0.07,R,F,1992-08-10,1992-05-31,1992-08-23,TAKE BACK RETURN,REG AIR,usual asymptote
54341-3,54341,1888,18,3,32.00,57276.16,0.08,0.08,A,F,1992-05-22,1992-07-07,1992-06-15,TAKE BACK RETURN,TRUCK,into beans. furiously 
54341-4,54341,1730,31,4,4.00,6526.92,0.07,0.02,R,F,1992-05-16,1992-07-02,1992-05-24,NONE,AIR," ironic foxes. final, sly acc"
54342-1,54342,909,44,1,20.00,36198.00,0.00,0.06,A,F,1994-08-08,1994-07-11,1994-08-15,COLLECT COD,RAIL,ss the regular theodolites. caref
54342-2,54342,82,83,2,22.00,21605.76,0.04,0.06,A,F,1994-10-04,1994-07-25,1994-10-29,TAKE BACK RETURN,AIR,latelets. unusual packages
54342-3,54342,1655,56,3,26.00,40472.90,0.09,0.07,R,F,1994-07-23,1994-09-06,1994-08-10,DELIVER IN PERSON,FOB,nding instructions! ironic sentime
54342-4,54342,1851,81,4,12.00,21034.20,0.00,0.05,A,F,1994-06-23,1994-07-13,1994-06-26,DELIVER IN PERSON,RAIL,kly ironic asymptote
54342-5,54342,461,20,5,34.00,46289.64,0.10,0.01,A,F,1994-07-15,1994-07-16,1994-07-16,DELIVER IN PERSON,MAIL,onic request
54343-1,54343,1795,96,1,1.00,1696.79,0.05,0.01,N,O,1998-08-19,1998-10-03,1998-09-09,COLLECT COD,TRUCK,refully regular pint
54343-2,54343,1411,51,2,19.00,24935.79,0.00,0.07,N,O,1998-10-09,1998-09-26,1998-10-24,TAKE BACK RETURN,SHIP,symptotes poach furiously
54343-3,54343,946,15,3,37.00,68336.78,0.00,0.02,N,O,1998-09-09,1998-10-22,1998-10-08,NONE,TRUCK,ey players mold. blithely unusu
54343-4,54343,1748,91,4,45.00,74238.30,0.06,0.07,N,O,1998-10-25,1998-09-01,1998-11-14,COLLECT COD,FOB,excuses. carefully bold pi
54343-5,54343,1636,78,5,28.00,43053.64,0.06,0.04,N,O,1998-09-13,1998-09-29,1998-10-05,DELIVER IN PERSON,REG AIR,"aggle even, even accounts. sl"
54343-6,54343,515,46,6,17.00,24063.67,0.07,0.04,N,O,1998-08-12,1998-10-15,1998-08-18,TAKE BACK RETURN,AIR,tain quickly ironic deposits. un
54343-7,54343,1914,3,7,7.00,12711.37,0.04,0.05,N,O,1998-11-18,1998-10-13,1998-12-18,COLLECT COD,FOB,ages wake slyly furiously even packa
54368-1,54368,1658,59,1,26.00,40550.90,0.03,0.04,N,O,1995-11-20,1996-01-27,1995-12-11,TAKE BACK RETURN,FOB,ly quickly regular ho
54368-2,54368,1777,4,2,21.00,35254.17,0.08,0.02,N,O,1996-02-07,1995-12-11,1996-02-24,DELIVER IN PERSON,RAIL,he thinly bold platelets. blithely even
54368-3,54368,607,1,3,9.00,13568.40,0.00,0.03,N,O,1995-12-15,1995-12-08,1995-12-25,COLLECT COD,AIR,wake quickly about the slyly regular
54368-4,54368,642,5,4,41.00,63248.24,0.03,0.07,N,O,1996-02-06,1996-01-03,1996-02-27,COLLECT COD,SHIP,multipliers haggle. furiously regular
54368-5,54368,1581,82,5,49.00,72646.42,0.03,0.02,N,O,1995-12-21,1996-01-09,1995-12-24,NONE,TRUCK,riously beneath the sly
54368-6,54368,1772,99,6,39.00,65277.03,0.10,0.01,N,O,1996-02-24,1996-01-28,1996-02-28,DELIVER IN PERSON,FOB,ely. blithe requests haggle fluffily fro
54368-7,54368,1658,41,7,15.00,23394.75,0.00,0.03,N,O,1995-12-15,1996-01-17,1995-12-16,NONE,SHIP, furiously express pin
54369-1,54369,1588,89,1,16.00,23833.28,0.06,0.00,R,F,1994-05-06,1994-05-24,1994-05-27,DELIVER IN PERSON,REG AIR,ss accounts after the f
54369-2,54369,892,93,2,5.00,8964.45,0.07,0.05,A,F,1994-03-07,1994-05-22,1994-03-26,COLLECT COD,MAIL,ly bold package
54369-3,54369,1554,35,3,46.00,66955.30,0.04,0.00,A,F,1994-05-09,1994-05-17,1994-05-10,DELIVER IN PERSON,AIR,y ironic de
54370-1,54370,894,61,1,4.00,7179.56,0.04,0.00,R,F,1992-07-11,1992-06-15,1992-07-21,NONE,RAIL, slyly about the slyly iro
54370-2,54370,184,85,2,39.00,42283.02,0.06,0.02,A,F,1992-05-18,1992-05-23,1992-05-31,COLLECT COD,TRUCK,inal ideas.
54370-3,54370,995,30,3,32.00,60671.68,0.08,0.07,R,F,1992-04-16,1992-06-19,1992-04-26,NONE,FOB,tect caref
54370-4,54370,491,21,4,25.00,34787.25,0.07,0.04,A,F,1992-08-04,1992-06-24,1992-09-03,NONE,REG AIR,ggle according to the
54371-1,54371,1685,86,1,47.00,74573.96,0.10,0.08,R,F,1992-06-07,1992-03-20,1992-06-08,COLLECT COD,REG AIR,"y final excuses. regular, reg"
54371-2,54371,1617,41,2,12.00,18223.32,0.03,0.06,R,F,1992-04-04,1992-03-29,1992-05-03,COLLECT COD,REG AIR,furiously final packages. ideas u
54371-3,54371,1638,62,3,7.00,10777.41,0.07,0.02,R,F,1992-04-22,1992-03-28,1992-05-18,COLLECT COD,SHIP,arefully pending deposits. accounts hag
54372-1,54372,118,97,1,7.00,7126.77,0.08,0.04,A,F,1995-04-20,1995-05-26,1995-05-15,DELIVER IN PERSON,RAIL,ake blithely against the blithely exp
54372-2,54372,1511,12,2,28.00,39550.28,0.07,0.03,R,F,1995-04-07,1995-04-28,1995-04-28,TAKE BACK RETURN,SHIP,y alongside of the carefully
54372-3,54372,1538,39,3,27.00,38867.31,0.02,0.01,R,F,1995-05-03,1995-06-17,1995-05-07,NONE,RAIL, requests nag ag
54372-4,54372,1372,73,4,1.00,1273.37,0.05,0.00,R,F,1995-05-20,1995-05-19,1995-06-13,TAKE BACK RETURN,SHIP,tions integrate
54372-5,54372,460,48,5,31.00,42174.26,0.01,0.07,N,F,1995-06-04,1995-05-20,1995-06-20,NONE,AIR,ges wake furiously blithely even accou
54372-6,54372,1111,84,6,43.00,43520.73,0.01,0.06,N,O,1995-06-20,1995-04-28,1995-07-17,COLLECT COD,FOB,packages. pending Tiresias 
54372-7,54372,773,74,7,42.00,70298.34,0.06,0.06,A,F,1995-04-26,1995-04-25,1995-05-07,COLLECT COD,REG AIR," to the pending, silent "
54373-1,54373,707,8,1,15.00,24115.50,0.10,0.05,N,O,1998-03-29,1998-02-19,1998-04-22,TAKE BACK RETURN,REG AIR,above the regular depo
54373-2,54373,637,31,2,12.00,18451.56,0.07,0.06,N,O,1998-02-13,1998-02-27,1998-03-11,DELIVER IN PERSON,FOB,ckages: ironi
54373-3,54373,45,96,3,14.00,13230.56,0.10,0.08,N,O,1998-03-06,1998-02-19,1998-03-21,TAKE BACK RETURN,TRUCK,cross the quickly ironic requests
54374-1,54374,919,54,1,4.00,7279.64,0.08,0.03,N,O,1997-10-31,1997-09-07,1997-11-02,TAKE BACK RETURN,SHIP,posits. deposits hag
54374-2,54374,853,53,2,11.00,19292.35,0.01,0.04,N,O,1997-09-23,1997-09-08,1997-10-14,COLLECT COD,SHIP,telets can haggle careful
54374-3,54374,173,100,3,40.00,42926.80,0.09,0.06,N,O,1997-08-24,1997-09-23,1997-09-08,COLLECT COD,TRUCK, above the furiously unusual accounts
54374-4,54374,1482,83,4,46.00,63640.08,0.00,0.07,N,O,1997-08-26,1997-10-03,1997-09-10,COLLECT COD,SHIP,ccounts. unusual
54374-5,54374,1445,24,5,2.00,2692.88,0.02,0.07,N,O,1997-08-28,1997-10-02,1997-09-11,DELIVER IN PERSON,REG AIR,furiously even foxes. qui
54375-1,54375,16,42,1,9.00,8244.09,0.08,0.07,N,O,1997-09-14,1997-08-05,1997-10-14,TAKE BACK RETURN,AIR,e furiously pending as
54375-2,54375,1939,72,2,33.00,60750.69,0.04,0.01,N,O,1997-08-24,1997-06-30,1997-09-19,NONE,RAIL,efully unusual deposits. furiously special 
54375-3,54375,320,77,3,28.00,34168.96,0.07,0.06,N,O,1997-09-03,1997-08-06,1997-09-12,NONE,MAIL," accounts. bold, iro"
54375-4,54375,757,54,4,21.00,34812.75,0.06,0.04,N,O,1997-07-02,1997-08-07,1997-07-15,TAKE BACK RETURN,TRUCK,"ag final, express requests. final"
54375-5,54375,1133,70,5,4.00,4136.52,0.05,0.00,N,O,1997-08-20,1997-07-04,1997-08-21,NONE,FOB,old foxes sleep qu
54375-6,54375,1366,5,6,11.00,13940.96,0.09,0.07,N,O,1997-05-29,1997-06-29,1997-06-15,NONE,SHIP,pinto beans haggle caref
54400-1,54400,1655,38,1,37.00,57596.05,0.06,0.03,N,O,1997-09-08,1997-09-17,1997-09-10,NONE,TRUCK,ests are s
54400-2,54400,47,48,2,40.00,37881.60,0.05,0.03,N,O,1997-10-04,1997-09-16,1997-10-28,TAKE BACK RETURN,RAIL,sts after the carefully pending warth
54400-3,54400,1077,13,3,7.00,6846.49,0.03,0.02,N,O,1997-10-14,1997-10-02,1997-11-03,TAKE BACK RETURN,MAIL,rnis. instructions are fluffily blithel
54400-4,54400,1391,68,4,25.00,32309.75,0.04,0.05,N,O,1997-10-08,1997-09-27,1997-10-21,TAKE BACK RETURN,FOB,requests nod again
54401-1,54401,858,58,1,3.00,5276.55,0.01,0.08,N,O,1996-02-18,1996-02-10,1996-03-03,DELIVER IN PERSON,AIR,ructions. blithely special asymptotes 
54401-2,54401,643,75,2,27.00,41678.28,0.09,0.07,N,O,1996-03-20,1996-01-06,1996-03-28,COLLECT COD,RAIL,"ideas snooze deposits. silent, bold d"
54401-3,54401,1990,35,3,10.00,18919.90,0.04,0.05,N,O,1996-02-22,1996-02-22,1996-03-22,COLLECT COD,TRUCK,y against the finall
54401-4,54401,805,72,4,4.00,6823.20,0.00,0.04,N,O,1996-01-16,1996-02-07,1996-01-28,NONE,RAIL, wake accordin
54401-5,54401,223,78,5,43.00,48298.46,0.10,0.05,N,O,1995-12-09,1996-02-01,1995-12-24,COLLECT COD,REG AIR,lar accounts sleep slyly. furiously bo
54401-6,54401,1134,43,6,5.00,5175.65,0.08,0.01,N,O,1996-02-21,1996-02-05,1996-03-17,TAKE BACK RETURN,AIR, regular tithes. fi
54401-7,54401,466,54,7,50.00,68323.00,0.01,0.00,N,O,1996-03-20,1996-01-16,1996-04-02,TAKE BACK RETURN,TRUCK,even patterns. slyly ironic accounts are do
54402-1,54402,1136,73,1,13.00,13482.69,0.03,0.00,N,O,1997-02-03,1996-12-14,1997-02-04,DELIVER IN PERSON,MAIL,accounts integrate ruthlessl
54402-2,54402,1167,76,2,25.00,26704.00,0.03,0.04,N,O,1996-12-12,1996-11-26,1996-12-22,TAKE BACK RETURN,AIR,es use above the carefully unusual accou
54402-3,54402,934,3,3,22.00,40368.46,0.10,0.00,N,O,1996-11-19,1996-11-19,1996-11-22,COLLECT COD,TRUCK,nto beans. fluffily even accounts n
54402-4,54402,1937,38,4,32.00,58845.76,0.07,0.01,N,O,1996-12-20,1996-12-05,1997-01-03,NONE,AIR,nusual deposits
54402-5,54402,1194,95,5,28.00,30665.32,0.08,0.07,N,O,1996-12-12,1996-12-21,1997-01-06,DELIVER IN PERSON,FOB,s wake. pinto beans cajole across the qu
54402-6,54402,1557,58,6,8.00,11668.40,0.02,0.01,N,O,1996-11-01,1996-12-02,1996-11-28,TAKE BACK RETURN,MAIL,counts. blithely ironic pinto beans was ab
54402-7,54402,1695,19,7,16.00,25547.04,0.09,0.03,N,O,1996-12-08,1996-12-23,1996-12-31,COLLECT COD,FOB,uriously according to the theodolit
54403-1,54403,1009,15,1,3.00,2730.00,0.08,0.05,N,O,1996-06-07,1996-04-12,1996-06-20,TAKE BACK RETURN,TRUCK,hely regular deposits cajole. slyl
54403-2,54403,238,20,2,41.00,46667.43,0.01,0.07,N,O,1996-06-01,1996-05-06,1996-06-03,DELIVER IN PERSON,REG AIR,: carefully daring ideas wake slyl
54404-1,54404,725,26,1,17.00,27637.24,0.04,0.04,N,O,1998-05-25,1998-05-13,1998-06-24,TAKE BACK RETURN,MAIL,lets affix even theodolites. 
54404-2,54404,866,66,2,15.00,26502.90,0.05,0.05,N,O,1998-06-07,1998-05-12,1998-06-18,TAKE BACK RETURN,REG AIR,lyly regular packages lose
54404-3,54404,918,87,3,41.00,74575.31,0.05,0.01,N,O,1998-06-07,1998-04-20,1998-06-09,NONE,RAIL,"he special, special excuses. fluffil"
54404-4,54404,1833,77,4,12.00,20817.96,0.10,0.02,N,O,1998-04-07,1998-03-26,1998-05-03,DELIVER IN PERSON,SHIP,beans. slyly e
54404-5,54404,1614,56,5,27.00,40921.47,0.09,0.01,N,O,1998-05-11,1998-05-14,1998-05-22,COLLECT COD,SHIP,usly ironi
54405-1,54405,662,94,1,46.00,71882.36,0.10,0.04,R,F,1994-08-29,1994-08-06,1994-09-17,TAKE BACK RETURN,FOB,ly unusual accounts haggle am
54405-2,54405,1315,30,2,33.00,40138.23,0.02,0.02,R,F,1994-08-11,1994-07-21,1994-08-16,NONE,MAIL,de of the final requests. fin
54406-1,54406,1525,26,1,47.00,67046.44,0.03,0.02,N,O,1995-09-24,1995-08-02,1995-10-19,NONE,RAIL,sual deposits boost blithely ironic depen
54406-2,54406,200,53,2,11.00,12102.20,0.06,0.04,N,O,1995-07-29,1995-07-18,1995-08-02,TAKE BACK RETURN,RAIL,al instructions wake daringly blithely f
54406-3,54406,1258,96,3,42.00,48688.50,0.10,0.06,N,O,1995-08-02,1995-08-26,1995-08-25,COLLECT COD,RAIL,according 
54406-4,54406,1825,69,4,47.00,81160.54,0.03,0.00,N,O,1995-07-08,1995-07-11,1995-07-24,TAKE BACK RETURN,RAIL,ajole blithe
54406-5,54406,763,64,5,44.00,73205.44,0.06,0.05,N,O,1995-09-11,1995-08-13,1995-09-20,DELIVER IN PERSON,RAIL,of the slyly pending
54406-6,54406,294,49,6,15.00,17914.35,0.10,0.02,N,O,1995-06-29,1995-08-29,1995-07-12,TAKE BACK RETURN,AIR,ecial deposits. slyly pending packages nag 
54407-1,54407,948,83,1,25.00,46223.50,0.09,0.00,A,F,1993-09-20,1993-09-13,1993-10-19,DELIVER IN PERSON,REG AIR,inal platelets
54407-2,54407,673,5,2,36.00,56652.12,0.05,0.05,A,F,1993-07-31,1993-09-15,1993-08-12,NONE,TRUCK,ly regular dependencies
54407-3,54407,1513,94,3,18.00,25461.18,0.06,0.06,A,F,1993-08-26,1993-08-29,1993-09-24,TAKE BACK RETURN,REG AIR, above the never
54407-4,54407,130,31,4,17.00,17512.21,0.10,0.06,R,F,1993-08-15,1993-08-23,1993-08-16,DELIVER IN PERSON,FOB,"ing, pending platelet"
54407-5,54407,1921,10,5,1.00,1822.92,0.09,0.03,A,F,1993-07-04,1993-08-11,1993-07-20,TAKE BACK RETURN,TRUCK,lly final dependenci
54432-1,54432,339,96,1,10.00,12393.30,0.02,0.05,N,O,1996-04-22,1996-05-19,1996-04-26,NONE,REG AIR,heodolites ac
54432-2,54432,1507,88,2,41.00,57748.50,0.10,0.02,N,O,1996-06-02,1996-04-19,1996-06-30,NONE,AIR,ns believe bli
54433-1,54433,583,14,1,45.00,66761.10,0.03,0.05,N,O,1997-12-11,1997-10-31,1998-01-04,COLLECT COD,RAIL,"ic, unusual accounts haggl"
54433-2,54433,649,81,2,39.00,60435.96,0.08,0.03,N,O,1998-01-08,1997-12-21,1998-01-29,TAKE BACK RETURN,REG AIR," requests. even, final a"
54434-1,54434,1118,27,1,4.00,4076.44,0.02,0.01,A,F,1994-10-18,1994-12-13,1994-10-26,NONE,AIR,regular platel
54434-2,54434,1514,55,2,50.00,70775.50,0.09,0.07,R,F,1995-01-06,1994-11-02,1995-01-10,DELIVER IN PERSON,AIR,posits boost c
54434-3,54434,1481,99,3,10.00,13824.80,0.06,0.01,A,F,1994-11-28,1994-11-01,1994-12-23,DELIVER IN PERSON,FOB,ar requests nag carefully across the 
54435-1,54435,1211,12,1,25.00,27805.25,0.01,0.02,N,O,1997-06-04,1997-06-05,1997-06-21,DELIVER IN PERSON,FOB,gular pint
54435-2,54435,335,20,2,26.00,32118.58,0.08,0.05,N,O,1997-07-01,1997-07-15,1997-07-31,TAKE BACK RETURN,AIR,lithely even ac
54435-3,54435,1325,40,3,26.00,31884.32,0.08,0.01,N,O,1997-06-06,1997-07-16,1997-06-24,NONE,RAIL,ic ideas use fin
54435-4,54435,1706,49,4,7.00,11253.90,0.05,0.03,N,O,1997-07-30,1997-05-27,1997-08-18,TAKE BACK RETURN,FOB,"ven, regular notornis cajole ca"
54435-5,54435,1268,6,5,23.00,26892.98,0.02,0.06,N,O,1997-06-12,1997-06-01,1997-07-06,DELIVER IN PERSON,REG AIR, wake furiously after th
54435-6,54435,289,44,6,46.00,54706.88,0.07,0.07,N,O,1997-07-15,1997-06-21,1997-08-06,TAKE BACK RETURN,MAIL,e carefully ironic packages haggle quic
54436-1,54436,13,14,1,49.00,44737.49,0.05,0.06,A,F,1994-10-23,1994-12-18,1994-11-16,NONE,TRUCK,requests. carefully ironic pinto 
54436-2,54436,2,78,2,29.00,26158.00,0.03,0.08,R,F,1994-12-10,1994-10-22,1994-12-12,DELIVER IN PERSON,MAIL,ccording to the regular p
54436-3,54436,1489,68,3,36.00,50057.28,0.00,0.04,A,F,1995-01-06,1994-12-16,1995-01-24,NONE,AIR,are furiously aro
54436-4,54436,1055,61,4,37.00,35373.85,0.04,0.07,R,F,1994-10-25,1994-12-10,1994-11-04,TAKE BACK RETURN,MAIL,pinto beans wake around the close foxes
54436-5,54436,1846,76,5,1.00,1747.84,0.01,0.05,R,F,1995-01-18,1994-10-24,1995-01-27,COLLECT COD,FOB,. unusual asym
54436-6,54436,340,41,6,40.00,49613.60,0.08,0.04,R,F,1994-11-27,1994-12-12,1994-12-19,COLLECT COD,REG AIR,its mold furiously. car
54436-7,54436,2,3,7,5.00,4510.00,0.05,0.02,R,F,1994-12-06,1994-11-28,1994-12-29,NONE,MAIL,ross the carefully regular deposits. fluff
54437-1,54437,735,100,1,50.00,81786.50,0.02,0.00,R,F,1994-03-28,1994-03-11,1994-04-06,DELIVER IN PERSON,MAIL,yly accounts. blithely unus
54437-2,54437,1386,63,2,7.00,9011.66,0.09,0.08,R,F,1994-01-16,1994-02-04,1994-01-21,COLLECT COD,SHIP," final, ironic pinto bean"
54437-3,54437,699,93,3,3.00,4799.07,0.08,0.00,R,F,1994-01-10,1994-02-24,1994-01-15,NONE,REG AIR,"ven theodolites. express, iron"
54438-1,54438,1677,60,1,34.00,53674.78,0.07,0.01,A,F,1993-06-03,1993-03-22,1993-06-30,COLLECT COD,TRUCK,es! pinto beans should h
54438-2,54438,1675,58,2,46.00,72526.82,0.04,0.02,R,F,1993-03-16,1993-05-16,1993-03-21,TAKE BACK RETURN,TRUCK,. slyly pending acc
54438-3,54438,1745,88,3,16.00,26347.84,0.06,0.04,R,F,1993-05-26,1993-04-07,1993-05-29,NONE,RAIL,ckey players grow alongside of the sometim
54439-1,54439,780,13,1,26.00,43700.28,0.07,0.00,N,O,1998-05-03,1998-06-13,1998-06-01,COLLECT COD,RAIL,rs boost furiously slyly bold depend
54439-2,54439,1023,24,2,24.00,22176.48,0.06,0.05,N,O,1998-08-15,1998-06-19,1998-09-11,NONE,REG AIR,foxes. silent
54439-3,54439,1685,9,3,41.00,65053.88,0.05,0.00,N,O,1998-08-08,1998-06-29,1998-08-23,DELIVER IN PERSON,FOB,es will sleep blithely against the
54439-4,54439,184,85,4,28.00,30357.04,0.07,0.02,N,O,1998-05-09,1998-07-06,1998-05-20,NONE,TRUCK,t blithely alongside o
54464-1,54464,1329,68,1,7.00,8612.24,0.07,0.00,A,F,1994-10-03,1994-11-14,1994-10-09,COLLECT COD,RAIL,"ven accounts! ironic, pending foxes cajole"
54464-2,54464,1047,48,2,34.00,32233.36,0.06,0.02,R,F,1994-10-18,1994-10-06,1994-11-06,NONE,TRUCK, thrash. bl
54464-3,54464,1478,18,3,7.00,9656.29,0.03,0.06,R,F,1994-09-27,1994-10-30,1994-10-09,TAKE BACK RETURN,AIR,ily among the quickl
54464-4,54464,1739,24,4,27.00,44299.71,0.04,0.03,R,F,1994-12-07,1994-10-02,1995-01-03,DELIVER IN PERSON,RAIL,e of the regular theodolite
54464-5,54464,437,96,5,33.00,44135.19,0.06,0.02,R,F,1994-10-05,1994-11-26,1994-10-11,NONE,RAIL,ic deposit
54464-6,54464,1501,82,6,20.00,28050.00,0.00,0.04,A,F,1994-09-13,1994-10-18,1994-10-08,DELIVER IN PERSON,REG AIR,among the car
54464-7,54464,1653,77,7,49.00,76177.85,0.04,0.06,R,F,1994-11-10,1994-11-26,1994-11-22,NONE,SHIP,efully after the slyly regula
54465-1,54465,1556,37,1,16.00,23320.80,0.03,0.05,N,O,1997-08-24,1997-10-18,1997-09-22,TAKE BACK RETURN,SHIP, fluffily ironic pains detect. pending sa
54466-1,54466,1788,89,1,16.00,27036.48,0.03,0.07,N,O,1997-08-24,1997-09-06,1997-08-31,DELIVER IN PERSON,SHIP,ithely carefully regular
54467-1,54467,183,36,1,2.00,2166.36,0.04,0.02,A,F,1993-12-06,1993-11-30,1993-12-10,DELIVER IN PERSON,MAIL,"l, pending deposits cajole s"
54467-2,54467,245,46,2,37.00,42373.88,0.09,0.01,R,F,1993-12-08,1993-12-05,1993-12-22,COLLECT COD,REG AIR,lithely unusual pinto beans
54467-3,54467,854,21,3,10.00,17548.50,0.09,0.00,A,F,1994-01-05,1993-12-19,1994-01-12,DELIVER IN PERSON,MAIL,ely quickly ironic requests. quickly un
54467-4,54467,605,68,4,42.00,63235.20,0.02,0.07,A,F,1993-12-16,1993-12-12,1993-12-18,DELIVER IN PERSON,RAIL,"uriously final excuses. ironic, spec"
54468-1,54468,1782,67,1,41.00,69034.98,0.01,0.01,R,F,1995-01-04,1995-03-04,1995-01-20,COLLECT COD,MAIL,n theodolites haggle blithely. blithely r
54468-2,54468,1087,93,2,16.00,15809.28,0.02,0.05,A,F,1995-02-25,1995-02-18,1995-03-15,NONE,TRUCK,ress theodolites boost slyly
54468-3,54468,1806,7,3,2.00,3415.60,0.04,0.05,A,F,1995-02-27,1995-02-26,1995-03-25,DELIVER IN PERSON,MAIL,ffily silent theodolites pla
54468-4,54468,393,94,4,6.00,7760.34,0.01,0.03,A,F,1995-04-14,1995-02-20,1995-04-24,TAKE BACK RETURN,TRUCK,old excuses sleep. 
54468-5,54468,984,19,5,47.00,88594.06,0.07,0.00,A,F,1995-03-28,1995-03-02,1995-04-21,TAKE BACK RETURN,FOB,l platelet
54468-6,54468,1905,6,6,2.00,3613.80,0.06,0.04,A,F,1994-12-21,1995-02-25,1995-01-10,DELIVER IN PERSON,AIR,. unusual platelets cajole slyly asymptot
54469-1,54469,832,33,1,4.00,6931.32,0.05,0.07,N,O,1997-08-20,1997-09-13,1997-09-16,COLLECT COD,RAIL,oost again
54469-2,54469,1432,11,2,48.00,64004.64,0.00,0.01,N,O,1997-08-29,1997-10-28,1997-09-06,COLLECT COD,RAIL,"kages. express, "
54470-1,54470,1306,45,1,40.00,48292.00,0.09,0.02,N,O,1997-12-26,1998-01-25,1998-01-02,DELIVER IN PERSON,AIR,of the regular courts. instructions cajo
54471-1,54471,15,91,1,18.00,16470.18,0.04,0.06,R,F,1992-11-14,1992-12-04,1992-11-16,NONE,REG AIR,the carefully pending deposits. quickly b
54471-2,54471,697,60,2,31.00,49528.39,0.03,0.01,R,F,1992-12-24,1992-10-24,1993-01-15,COLLECT COD,FOB, bold deposits. slyly regular T
54471-3,54471,947,48,3,20.00,36958.80,0.02,0.00,A,F,1992-11-20,1992-10-16,1992-12-14,NONE,AIR,xes haggle furiously fur
54471-4,54471,1390,5,4,45.00,58112.55,0.04,0.07,R,F,1992-12-11,1992-11-17,1992-12-29,NONE,MAIL, dependenci
54471-5,54471,134,87,5,43.00,44467.59,0.09,0.06,R,F,1992-10-15,1992-12-01,1992-11-01,TAKE BACK RETURN,MAIL,lithely silent packages-- carefull
54496-1,54496,1162,99,1,49.00,52094.84,0.05,0.03,N,O,1996-02-22,1996-02-16,1996-03-02,TAKE BACK RETURN,TRUCK,to the final foxes sleep fluf
54497-1,54497,1837,67,1,38.00,66075.54,0.10,0.04,A,F,1993-01-22,1993-03-31,1993-02-21,TAKE BACK RETURN,MAIL,g carefully
54497-2,54497,12,88,2,19.00,17328.19,0.01,0.06,R,F,1993-01-22,1993-02-19,1993-02-06,NONE,SHIP,ages cajole slyly fluffily
54497-3,54497,88,14,3,27.00,26678.16,0.07,0.03,A,F,1993-03-06,1993-03-17,1993-04-03,COLLECT COD,RAIL, the final reques
54498-1,54498,1260,72,1,20.00,23225.20,0.07,0.06,N,O,1996-05-29,1996-04-21,1996-06-13,NONE,TRUCK,lar ideas. even deposits haggl
54498-2,54498,1558,79,2,36.00,52543.80,0.08,0.04,N,O,1996-03-05,1996-04-12,1996-03-24,NONE,REG AIR,lar deposits wak
54498-3,54498,300,1,3,24.00,28807.20,0.02,0.06,N,O,1996-04-28,1996-04-16,1996-05-21,DELIVER IN PERSON,REG AIR,"ges. pending, ironic accounts"
54498-4,54498,566,27,4,10.00,14665.60,0.04,0.03,N,O,1996-05-08,1996-05-03,1996-05-25,NONE,MAIL, the final accounts.
54498-5,54498,1379,94,5,12.00,15364.44,0.02,0.03,N,O,1996-05-19,1996-03-22,1996-06-03,COLLECT COD,TRUCK,press requests kindl
54498-6,54498,596,97,6,27.00,40407.93,0.08,0.00,N,O,1996-05-10,1996-04-03,1996-05-20,DELIVER IN PERSON,RAIL,riously ironic deposits. u
54499-1,54499,49,75,1,41.00,38910.64,0.02,0.07,A,F,1993-06-24,1993-05-14,1993-06-25,NONE,AIR,brave accounts. furiously ironic de
54499-2,54499,865,32,2,50.00,88293.00,0.05,0.02,A,F,1993-05-19,1993-06-04,1993-05-26,DELIVER IN PERSON,RAIL,riously pending f
54499-3,54499,976,77,3,31.00,58186.07,0.04,0.07,R,F,1993-06-15,1993-05-11,1993-07-03,TAKE BACK RETURN,AIR," packages. unusual, ironic instruct"
54500-1,54500,1481,99,1,10.00,13824.80,0.08,0.05,N,O,1997-12-23,1997-12-04,1998-01-14,NONE,MAIL,ake furiously; f
54500-2,54500,1510,11,2,17.00,23995.67,0.10,0.08,N,O,1997-12-12,1997-12-08,1997-12-22,COLLECT COD,SHIP,riously blithel
54501-1,54501,656,88,1,10.00,15566.50,0.04,0.00,A,F,1993-02-20,1993-01-22,1993-02-21,COLLECT COD,RAIL,aggle among the furious
54501-2,54501,1244,82,2,4.00,4580.96,0.03,0.05,R,F,1993-03-05,1993-02-22,1993-03-23,COLLECT COD,AIR,ecial instruct
54501-3,54501,212,94,3,2.00,2224.42,0.01,0.06,A,F,1993-02-11,1993-01-11,1993-03-11,DELIVER IN PERSON,AIR,accounts promis
54501-4,54501,557,18,4,1.00,1457.55,0.08,0.00,R,F,1993-03-12,1993-01-30,1993-03-31,DELIVER IN PERSON,TRUCK,g requests. courts among the even reque
54501-5,54501,925,28,5,18.00,32866.56,0.03,0.08,A,F,1993-02-25,1993-01-24,1993-03-06,NONE,TRUCK,silent deposits haggle furiously slyly pe
54502-1,54502,1458,59,1,19.00,25829.55,0.08,0.03,N,O,1995-11-12,1995-12-26,1995-11-27,DELIVER IN PERSON,SHIP,pecial acco
54502-2,54502,554,45,2,49.00,71272.95,0.02,0.01,N,O,1995-10-19,1995-12-01,1995-11-10,TAKE BACK RETURN,FOB, the regular gifts. final theo
54502-3,54502,1226,1,3,26.00,29307.72,0.02,0.05,N,O,1995-10-24,1995-12-07,1995-11-01,DELIVER IN PERSON,RAIL,ts boost above the bl
54502-4,54502,1433,34,4,33.00,44036.19,0.10,0.05,N,O,1995-11-15,1995-11-17,1995-12-07,COLLECT COD,TRUCK,ts. finally ironic foxes boost 
54502-5,54502,1587,68,5,25.00,37214.50,0.10,0.03,N,O,1995-11-01,1995-12-11,1995-11-09,DELIVER IN PERSON,REG AIR,ke furiously a
54503-1,54503,101,28,1,14.00,14015.40,0.05,0.01,R,F,1994-09-01,1994-09-22,1994-09-17,COLLECT COD,TRUCK,beans engage sometimes 
54503-2,54503,261,89,2,33.00,38321.58,0.01,0.08,R,F,1994-10-03,1994-09-05,1994-10-21,COLLECT COD,SHIP,nstructions cajol
54503-3,54503,14,40,3,33.00,30162.33,0.02,0.02,A,F,1994-10-26,1994-10-05,1994-11-22,NONE,SHIP,uietly ironi
54503-4,54503,1169,70,4,40.00,42806.40,0.09,0.01,A,F,1994-10-26,1994-09-13,1994-11-18,NONE,RAIL,lithely regular deposits among t
54503-5,54503,1243,18,5,3.00,3432.72,0.09,0.08,A,F,1994-09-16,1994-09-19,1994-09-18,COLLECT COD,TRUCK, foxes. fluffily pe
54503-6,54503,1803,4,6,29.00,49439.20,0.07,0.08,A,F,1994-10-06,1994-09-22,1994-10-16,COLLECT COD,TRUCK, according to th
54503-7,54503,903,4,7,21.00,37881.90,0.08,0.07,R,F,1994-07-24,1994-10-02,1994-07-25,DELIVER IN PERSON,SHIP,nst the carefully final accou
54528-1,54528,88,89,1,41.00,40511.28,0.10,0.01,A,F,1995-04-29,1995-03-22,1995-05-20,COLLECT COD,AIR,ts wake furiously! even asympto
54528-2,54528,1244,19,2,30.00,34357.20,0.10,0.00,A,F,1995-04-12,1995-04-05,1995-04-21,NONE,AIR,lithely pending pla
54528-3,54528,1374,13,3,20.00,25507.40,0.02,0.05,A,F,1995-02-22,1995-04-01,1995-03-04,COLLECT COD,RAIL,es. quickly ironic foxes nag 
54528-4,54528,1735,36,4,23.00,37644.79,0.08,0.02,R,F,1995-03-12,1995-02-24,1995-03-19,DELIVER IN PERSON,MAIL,ic packages cajole carefully furiously s
54528-5,54528,1311,50,5,3.00,3636.93,0.04,0.08,A,F,1995-04-02,1995-03-13,1995-04-13,NONE,RAIL,es. quickly pendi
54528-6,54528,1283,84,6,31.00,36712.68,0.03,0.07,R,F,1995-03-08,1995-04-02,1995-04-01,COLLECT COD,SHIP,ts x-ray blithely acr
54529-1,54529,1258,33,1,40.00,46370.00,0.04,0.05,N,O,1997-08-01,1997-07-14,1997-08-22,NONE,FOB,ronic pint
54529-2,54529,706,3,2,30.00,48201.00,0.09,0.08,N,O,1997-08-13,1997-08-27,1997-08-18,TAKE BACK RETURN,MAIL,"kly ironic deposits run bold, ex"
54529-3,54529,897,64,3,39.00,70117.71,0.08,0.03,N,O,1997-08-04,1997-08-03,1997-08-12,COLLECT COD,SHIP,uickly ironic accounts haggle. furiousl
54529-4,54529,140,19,4,33.00,34324.62,0.01,0.02,N,O,1997-07-29,1997-07-09,1997-08-02,DELIVER IN PERSON,SHIP, are slyly sly
54530-1,54530,1842,43,1,26.00,45339.84,0.00,0.08,A,F,1993-01-17,1992-12-11,1993-01-30,COLLECT COD,TRUCK,platelets nag slyl
54531-1,54531,885,86,1,33.00,58934.04,0.01,0.07,N,O,1996-05-20,1996-04-27,1996-05-26,NONE,SHIP,ular packages haggle. idea
54531-2,54531,1319,58,2,30.00,36609.30,0.06,0.00,N,O,1996-03-24,1996-04-01,1996-04-16,COLLECT COD,SHIP,y bold deposits caj
54531-3,54531,1589,70,3,3.00,4471.74,0.08,0.07,N,O,1996-04-29,1996-03-17,1996-05-18,COLLECT COD,AIR,yly final ideas. blithely final accoun
54531-4,54531,1549,70,4,21.00,30461.34,0.08,0.08,N,O,1996-05-19,1996-04-28,1996-06-15,DELIVER IN PERSON,RAIL,ideas. furi
54531-5,54531,303,4,5,13.00,15642.90,0.07,0.06,N,O,1996-03-15,1996-04-30,1996-04-10,NONE,REG AIR,s nod furiou
54531-6,54531,1836,80,6,34.00,59086.22,0.07,0.02,N,O,1996-05-14,1996-03-23,1996-05-17,TAKE BACK RETURN,FOB,ix slyly furious
54532-1,54532,1594,95,1,7.00,10469.13,0.08,0.07,N,O,1998-02-26,1998-05-01,1998-03-15,NONE,MAIL,"lly bold pains wake bold, unusual a"
54532-2,54532,717,82,2,3.00,4853.13,0.04,0.02,N,O,1998-05-22,1998-04-29,1998-06-12,NONE,RAIL,"ular, pend"
54532-3,54532,581,12,3,46.00,68152.68,0.09,0.03,N,O,1998-03-31,1998-04-16,1998-04-03,NONE,FOB, furiously regular pinto be
54532-4,54532,43,44,4,26.00,24519.04,0.10,0.06,N,O,1998-04-07,1998-03-25,1998-04-15,NONE,REG AIR,its wake quickly 
54532-5,54532,887,88,5,19.00,33969.72,0.07,0.00,N,O,1998-03-08,1998-04-23,1998-04-03,NONE,MAIL,gular accounts eat; furiou
54532-6,54532,982,83,6,10.00,18829.80,0.09,0.04,N,O,1998-03-22,1998-04-01,1998-04-02,COLLECT COD,AIR,refully carefully final deposits: quickly p
54533-1,54533,238,93,1,8.00,9105.84,0.05,0.03,N,O,1996-03-03,1996-02-25,1996-03-14,TAKE BACK RETURN,FOB,efully final accounts sleep according t
54533-2,54533,1566,67,2,27.00,39624.12,0.03,0.01,N,O,1996-01-12,1996-02-04,1996-01-26,COLLECT COD,FOB,ts. quickly final ideas sublate quickly.
54533-3,54533,843,77,3,41.00,71497.44,0.00,0.03,N,O,1996-02-14,1996-01-29,1996-03-02,DELIVER IN PERSON,FOB,to beans affix 
54533-4,54533,70,21,4,20.00,19401.40,0.00,0.06,N,O,1996-03-21,1996-02-06,1996-04-12,DELIVER IN PERSON,AIR,accounts believe blit
54533-5,54533,1860,47,5,11.00,19380.46,0.08,0.07,N,O,1995-12-30,1996-02-01,1996-01-04,NONE,AIR,"se attainments. regular, ironic dep"
54534-1,54534,193,72,1,29.00,31702.51,0.06,0.06,A,F,1992-05-29,1992-04-30,1992-06-17,DELIVER IN PERSON,FOB,le after t
54535-1,54535,9,10,1,8.00,7272.00,0.03,0.05,N,O,1996-04-20,1996-04-17,1996-04-21,NONE,TRUCK,"inal, final instructions around the entici"
54560-1,54560,747,44,1,13.00,21420.62,0.03,0.06,R,F,1994-10-07,1994-10-14,1994-10-22,TAKE BACK RETURN,SHIP,furiously final packages s
54560-2,54560,973,8,2,44.00,82454.68,0.09,0.08,A,F,1994-08-07,1994-09-19,1994-08-15,COLLECT COD,RAIL,he furiously even asymptote
54560-3,54560,1008,9,3,16.00,14544.00,0.08,0.00,A,F,1994-11-11,1994-08-16,1994-11-17,DELIVER IN PERSON,FOB,ven deposits beyond the exp
54560-4,54560,157,84,4,3.00,3171.45,0.09,0.05,A,F,1994-11-09,1994-09-27,1994-11-17,TAKE BACK RETURN,AIR,osits. pend
54561-1,54561,1058,94,1,50.00,47952.50,0.08,0.07,N,O,1998-04-26,1998-07-01,1998-05-10,COLLECT COD,MAIL,oxes wake quietly a
54561-2,54561,1871,15,2,8.00,14182.96,0.02,0.02,N,O,1998-05-05,1998-06-17,1998-05-14,TAKE BACK RETURN,MAIL,beans are thinly 
54561-3,54561,833,100,3,11.00,19072.13,0.03,0.05,N,O,1998-07-27,1998-06-06,1998-08-17,NONE,FOB,packages serve fluffi
54561-4,54561,1750,35,4,46.00,75980.50,0.04,0.04,N,O,1998-05-31,1998-05-12,1998-06-20,NONE,AIR,. carefully regular ide
54562-1,54562,1492,32,1,40.00,55739.60,0.08,0.00,N,O,1997-01-05,1996-12-09,1997-01-12,DELIVER IN PERSON,SHIP,ilent pinto beans boost according
54562-2,54562,614,8,2,38.00,57555.18,0.03,0.00,N,O,1996-12-09,1996-12-09,1996-12-28,DELIVER IN PERSON,SHIP, slyly ironic deposits. blithely bol
54562-3,54562,224,79,3,19.00,21360.18,0.08,0.03,N,O,1997-01-23,1997-01-17,1997-02-03,TAKE BACK RETURN,MAIL,posits. blithely bold packages snooze
54562-4,54562,689,90,4,8.00,12717.44,0.06,0.08,N,O,1997-02-19,1997-01-10,1997-03-04,DELIVER IN PERSON,FOB,less sheaves try to poach
54563-1,54563,1406,46,1,9.00,11766.60,0.10,0.03,A,F,1993-11-06,1993-11-28,1993-11-11,TAKE BACK RETURN,MAIL,uffily regular pac
54563-2,54563,201,56,2,49.00,53958.80,0.08,0.03,R,F,1994-01-25,1993-12-20,1994-01-28,NONE,MAIL,yly. busily unusual dep
54563-3,54563,461,91,3,50.00,68073.00,0.08,0.01,R,F,1993-11-13,1993-11-08,1993-12-05,COLLECT COD,FOB,ents integrate quietly packages. slyl
54563-4,54563,1766,51,4,30.00,50032.80,0.04,0.00,R,F,1993-10-27,1993-12-24,1993-11-04,NONE,MAIL,ccounts promise b
54563-5,54563,939,42,5,43.00,79116.99,0.07,0.02,A,F,1993-10-27,1993-12-20,1993-10-30,NONE,FOB,into beans cajole alongside of the bli
54563-6,54563,1656,98,6,45.00,70094.25,0.09,0.03,A,F,1994-02-02,1993-11-09,1994-02-24,TAKE BACK RETURN,FOB,. ideas sleep slyly b
54563-7,54563,1652,35,7,31.00,48163.15,0.09,0.01,A,F,1994-01-05,1993-12-25,1994-02-04,COLLECT COD,RAIL,ts. slyly 
54564-1,54564,1464,65,1,36.00,49156.56,0.03,0.07,A,F,1993-12-12,1994-01-27,1994-01-09,TAKE BACK RETURN,SHIP,ounts above the 
54564-2,54564,1810,40,2,32.00,54777.92,0.09,0.08,A,F,1993-12-21,1994-02-03,1994-01-06,NONE,SHIP,s poach fluffily above the furiously reg
54564-3,54564,837,38,3,9.00,15640.47,0.00,0.00,R,F,1993-12-21,1994-02-27,1993-12-23,NONE,MAIL, blithely.
54565-1,54565,817,84,1,19.00,32638.39,0.01,0.02,N,O,1996-08-24,1996-08-19,1996-08-31,DELIVER IN PERSON,TRUCK,beans around the
54565-2,54565,1382,21,2,43.00,55185.34,0.04,0.01,N,O,1996-07-17,1996-09-01,1996-07-27,TAKE BACK RETURN,RAIL, quickly unusual sauternes according to
54565-3,54565,881,81,3,34.00,60583.92,0.08,0.08,N,O,1996-09-12,1996-08-26,1996-09-21,NONE,AIR,"inal packages. ironic, pending ide"
54566-1,54566,1222,23,1,50.00,56161.00,0.06,0.07,N,O,1996-09-12,1996-09-30,1996-09-24,NONE,AIR,riously above the furi
54566-2,54566,1855,99,2,50.00,87842.50,0.09,0.02,N,O,1996-09-07,1996-09-28,1996-09-19,COLLECT COD,RAIL,blithely slyly regular sautern
54566-3,54566,542,43,3,19.00,27408.26,0.07,0.08,N,O,1996-09-08,1996-10-18,1996-10-03,DELIVER IN PERSON,FOB,"usly after the regular, even deposits. d"
54567-1,54567,1720,47,1,29.00,47029.88,0.07,0.06,R,F,1994-09-27,1994-09-02,1994-10-01,NONE,RAIL,"ending, special requests boost quickly"
54567-2,54567,1731,16,2,24.00,39185.52,0.09,0.04,R,F,1994-09-16,1994-10-05,1994-09-24,DELIVER IN PERSON,SHIP,y final pinto
54567-3,54567,1581,82,3,30.00,44477.40,0.02,0.07,A,F,1994-10-18,1994-10-06,1994-10-21,COLLECT COD,TRUCK,lar deposits. expre
54592-1,54592,1805,35,1,49.00,83633.20,0.10,0.07,N,O,1995-07-28,1995-07-18,1995-07-29,DELIVER IN PERSON,REG AIR,epths are carefully. furiously unusual d
54592-2,54592,1,77,2,24.00,21624.00,0.03,0.03,N,O,1995-06-23,1995-08-31,1995-07-02,NONE,TRUCK,e carefully quickly final packages. eve
54592-3,54592,123,24,3,20.00,20462.40,0.06,0.07,N,O,1995-09-29,1995-08-28,1995-09-30,NONE,AIR,ain fluffily slyl
54592-4,54592,678,10,4,6.00,9472.02,0.07,0.01,N,O,1995-09-02,1995-08-08,1995-09-27,TAKE BACK RETURN,MAIL,efully ironic packages detect abo
54592-5,54592,1989,34,5,13.00,24582.74,0.08,0.05,N,O,1995-08-23,1995-08-20,1995-09-01,DELIVER IN PERSON,MAIL,rs believe slyly pen
54592-6,54592,518,49,6,24.00,34044.24,0.05,0.04,N,O,1995-09-11,1995-07-29,1995-10-11,TAKE BACK RETURN,RAIL,p furiously blithe requests. fluffily sile
54592-7,54592,1376,15,7,29.00,37043.73,0.07,0.03,N,O,1995-08-24,1995-09-04,1995-09-20,DELIVER IN PERSON,REG AIR,"pecial theodolites cajole carefully even, "
54593-1,54593,431,32,1,15.00,19971.45,0.01,0.07,A,F,1992-10-19,1992-11-09,1992-11-16,TAKE BACK RETURN,TRUCK,inal packages haggl
54593-2,54593,1229,4,2,44.00,49729.68,0.05,0.02,R,F,1992-09-07,1992-10-25,1992-09-30,COLLECT COD,RAIL,unts are quickly furio
54593-3,54593,1486,87,3,37.00,51336.76,0.01,0.07,A,F,1992-10-05,1992-10-29,1992-10-15,DELIVER IN PERSON,RAIL,nusual theodolites. busi
54593-4,54593,585,16,4,46.00,68336.68,0.08,0.02,R,F,1992-11-07,1992-10-17,1992-11-16,NONE,FOB,d packages. furiou
54593-5,54593,926,27,5,16.00,29230.72,0.09,0.03,R,F,1992-10-31,1992-11-14,1992-11-02,COLLECT COD,REG AIR,ng the quickly express deposits. care
54594-1,54594,1998,87,1,29.00,55099.71,0.07,0.01,N,O,1996-09-05,1996-08-12,1996-09-06,DELIVER IN PERSON,MAIL,y regular ideas. quick
54595-1,54595,1492,10,1,24.00,33443.76,0.09,0.04,R,F,1994-08-12,1994-07-13,1994-09-08,DELIVER IN PERSON,MAIL,r asymptotes. ironic foxes use. fur
54595-2,54595,411,41,2,47.00,61636.27,0.01,0.04,R,F,1994-07-13,1994-07-18,1994-07-17,TAKE BACK RETURN,AIR,press foxes alongside
54595-3,54595,593,84,3,36.00,53769.24,0.08,0.01,R,F,1994-08-03,1994-06-29,1994-08-21,NONE,AIR,kly bold courts are. bli
54595-4,54595,627,21,4,19.00,29024.78,0.09,0.02,A,F,1994-05-24,1994-06-08,1994-05-26,NONE,AIR,lar deposits impress 
54595-5,54595,343,100,5,49.00,60923.66,0.10,0.02,A,F,1994-07-27,1994-06-26,1994-08-18,DELIVER IN PERSON,SHIP, theodolit
54596-1,54596,213,41,1,47.00,52320.87,0.05,0.02,N,O,1997-07-14,1997-08-06,1997-08-06,COLLECT COD,TRUCK,"its haggle regular, "
54596-2,54596,750,83,2,14.00,23110.50,0.09,0.02,N,O,1997-08-08,1997-07-15,1997-08-15,TAKE BACK RETURN,REG AIR,y ironic packages cajole furiously furiousl
54597-1,54597,1130,31,1,22.00,22684.86,0.01,0.06,N,O,1996-07-09,1996-06-13,1996-07-11,COLLECT COD,MAIL,eposits are quickly s
54597-2,54597,100,51,2,48.00,48004.80,0.02,0.08,N,O,1996-06-02,1996-05-24,1996-06-30,NONE,RAIL, requests nod 
54597-3,54597,160,61,3,31.00,32864.96,0.03,0.08,N,O,1996-04-22,1996-07-08,1996-05-06,DELIVER IN PERSON,RAIL, are quick
54598-1,54598,1275,76,1,27.00,31759.29,0.04,0.02,N,O,1996-08-02,1996-06-05,1996-08-08,TAKE BACK RETURN,REG AIR,al requests. thinly final accounts 
54598-2,54598,626,27,2,1.00,1526.62,0.10,0.06,N,O,1996-05-13,1996-07-08,1996-05-15,TAKE BACK RETURN,REG AIR,beans slee
54598-3,54598,1415,16,3,36.00,47390.76,0.09,0.06,N,O,1996-06-12,1996-07-12,1996-06-23,DELIVER IN PERSON,AIR,odolites a
54598-4,54598,1798,41,4,27.00,45894.33,0.03,0.01,N,O,1996-09-02,1996-07-06,1996-09-25,NONE,RAIL,o beans above the carefully ca
54598-5,54598,1626,50,5,8.00,12220.96,0.03,0.00,N,O,1996-07-12,1996-06-25,1996-07-26,TAKE BACK RETURN,MAIL,theodolites! slyly fi
54599-1,54599,1887,74,1,6.00,10733.28,0.00,0.06,N,O,1997-10-27,1998-01-23,1997-11-26,COLLECT COD,TRUCK,sual instructions. blithely regular re
54624-1,54624,1500,40,1,11.00,15416.50,0.02,0.03,N,O,1998-04-25,1998-05-12,1998-05-25,DELIVER IN PERSON,FOB, the dolphins hagg
54624-2,54624,411,12,2,7.00,9179.87,0.09,0.08,N,O,1998-07-16,1998-05-30,1998-07-21,DELIVER IN PERSON,REG AIR,equests maintain quick
54624-3,54624,1733,60,3,19.00,31059.87,0.04,0.04,N,O,1998-04-18,1998-05-06,1998-05-14,DELIVER IN PERSON,TRUCK,ithely carefully ironic instruct
54625-1,54625,1872,73,1,36.00,63859.32,0.03,0.06,A,F,1993-08-01,1993-06-17,1993-08-02,TAKE BACK RETURN,AIR,es use fluffily after th
54625-2,54625,326,11,2,25.00,30658.00,0.04,0.06,R,F,1993-07-10,1993-06-24,1993-07-19,NONE,FOB,ag slyly after the silent dependencies; b
54625-3,54625,238,66,3,10.00,11382.30,0.05,0.03,R,F,1993-08-30,1993-07-26,1993-09-28,NONE,FOB,ngside of the regular packages. even pac
54625-4,54625,567,58,4,43.00,63105.08,0.09,0.06,A,F,1993-06-16,1993-08-12,1993-07-14,NONE,MAIL,"requests. bold, pending packages "
54626-1,54626,635,29,1,31.00,47604.53,0.00,0.06,N,O,1997-05-04,1997-07-04,1997-05-14,NONE,SHIP,lites boost ironic foxes. furiously final d
54626-2,54626,1027,28,2,1.00,928.02,0.10,0.03,N,O,1997-04-16,1997-06-25,1997-04-28,DELIVER IN PERSON,TRUCK,yly furiously pending de
54626-3,54626,806,40,3,5.00,8534.00,0.07,0.05,N,O,1997-06-09,1997-05-20,1997-07-02,COLLECT COD,TRUCK, accounts at the furiously 
54626-4,54626,1631,55,4,17.00,26054.71,0.07,0.05,N,O,1997-04-15,1997-05-08,1997-05-05,TAKE BACK RETURN,AIR,thely bold asymptotes. unusual dep
54626-5,54626,655,56,5,16.00,24890.40,0.01,0.05,N,O,1997-04-12,1997-06-12,1997-05-01,COLLECT COD,FOB,xpress instructions against the slyly un
54626-6,54626,292,20,6,21.00,25038.09,0.05,0.06,N,O,1997-05-05,1997-06-13,1997-06-01,COLLECT COD,FOB,pending packages are alongside of the re
54626-7,54626,219,1,7,25.00,27980.25,0.01,0.07,N,O,1997-06-09,1997-05-15,1997-07-01,DELIVER IN PERSON,REG AIR,"e silent, even courts. carefully regular "
54627-1,54627,646,47,1,24.00,37119.36,0.09,0.04,N,O,1998-05-30,1998-06-28,1998-06-21,COLLECT COD,SHIP,ously brave foxes. slyly ironic
54627-2,54627,341,26,2,31.00,38481.54,0.09,0.04,N,O,1998-05-15,1998-07-05,1998-06-01,TAKE BACK RETURN,FOB,ndle. quickly special
54628-1,54628,241,96,1,7.00,7988.68,0.01,0.05,A,F,1993-06-10,1993-08-05,1993-06-12,COLLECT COD,REG AIR,ccounts? regular foxes use. slyly ironic 
54628-2,54628,1009,80,2,44.00,40040.00,0.08,0.03,A,F,1993-08-10,1993-08-02,1993-08-26,NONE,AIR,oxes haggle slyly against the c
54628-3,54628,981,84,3,14.00,26347.72,0.04,0.06,A,F,1993-08-07,1993-07-30,1993-08-22,TAKE BACK RETURN,FOB,kages. quickly final packages nod. furio
54629-1,54629,322,51,1,41.00,50115.12,0.02,0.06,N,O,1996-12-19,1996-11-01,1997-01-05,TAKE BACK RETURN,FOB,he even excuses wake blithely carefully eve
54630-1,54630,206,88,1,44.00,48672.80,0.10,0.07,A,F,1992-10-05,1992-10-29,1992-10-22,DELIVER IN PERSON,TRUCK,ly regular instructions. bli
54630-2,54630,494,24,2,11.00,15339.39,0.01,0.04,A,F,1992-10-31,1992-09-24,1992-11-23,TAKE BACK RETURN,REG AIR,ic requests are. furiously regular p
54630-3,54630,465,66,3,33.00,45060.18,0.05,0.03,A,F,1992-09-18,1992-10-16,1992-10-04,NONE,AIR,deposits. slyly ironic pains are
54630-4,54630,1113,22,4,23.00,23324.53,0.10,0.06,A,F,1992-08-29,1992-10-09,1992-09-28,COLLECT COD,AIR,l asymptotes use. bold accounts haggle c
54630-5,54630,2,53,5,4.00,3608.00,0.09,0.08,R,F,1992-11-06,1992-09-18,1992-12-04,COLLECT COD,SHIP,sly alongside of the 
54630-6,54630,330,59,6,29.00,35679.57,0.09,0.00,R,F,1992-09-20,1992-10-28,1992-09-25,COLLECT COD,SHIP,sleep quickly blith
54631-1,54631,817,84,1,44.00,75583.64,0.00,0.06,N,O,1998-07-26,1998-09-03,1998-07-29,TAKE BACK RETURN,RAIL, are quickly am
54631-2,54631,1774,17,2,25.00,41894.25,0.04,0.08,N,O,1998-09-19,1998-08-12,1998-09-22,COLLECT COD,SHIP,quests engage sly
54631-3,54631,1941,30,3,5.00,9214.70,0.10,0.06,N,O,1998-07-19,1998-08-12,1998-08-14,DELIVER IN PERSON,SHIP,"s sleep ironic, dogged"
54631-4,54631,973,76,4,26.00,48723.22,0.09,0.00,N,O,1998-11-07,1998-09-03,1998-12-06,DELIVER IN PERSON,SHIP, final accounts. fluffily regular acco
54631-5,54631,96,47,5,21.00,20917.89,0.01,0.03,N,O,1998-11-05,1998-08-10,1998-11-25,COLLECT COD,AIR,. regular theodol
54656-1,54656,1250,62,1,5.00,5756.25,0.06,0.02,R,F,1993-01-03,1992-12-29,1993-01-07,DELIVER IN PERSON,MAIL,yly! ironic deposits haggle. fluffily fin
54656-2,54656,368,97,2,43.00,54539.48,0.01,0.08,A,F,1992-12-18,1992-12-24,1993-01-09,TAKE BACK RETURN,REG AIR, among the special id
54656-3,54656,1306,45,3,4.00,4829.20,0.05,0.02,R,F,1993-01-26,1993-01-08,1993-02-12,COLLECT COD,MAIL, daringly. bli
54656-4,54656,1668,69,4,26.00,40811.16,0.09,0.02,R,F,1993-03-15,1993-01-04,1993-03-29,NONE,RAIL, carefully
54657-1,54657,551,12,1,1.00,1451.55,0.10,0.08,R,F,1992-08-09,1992-08-26,1992-08-20,NONE,TRUCK,eas haggle according to the special requ
54657-2,54657,797,94,2,13.00,22071.27,0.01,0.07,R,F,1992-10-11,1992-08-12,1992-10-14,NONE,SHIP, along the quickly stealth
54657-3,54657,1439,40,3,11.00,14744.73,0.10,0.01,A,F,1992-09-26,1992-08-16,1992-10-07,NONE,MAIL,furiously unusu
54657-4,54657,1857,1,4,36.00,63318.60,0.08,0.07,R,F,1992-07-23,1992-08-28,1992-08-13,TAKE BACK RETURN,REG AIR,the stealthily idle dependencies. 
54658-1,54658,409,97,1,46.00,60232.40,0.07,0.05,N,O,1998-05-26,1998-05-16,1998-06-19,DELIVER IN PERSON,TRUCK,eodolites bo
54658-2,54658,244,72,2,38.00,43481.12,0.03,0.06,N,O,1998-06-07,1998-04-26,1998-06-09,NONE,RAIL, carefully. furiously special packages ag
54659-1,54659,136,89,1,33.00,34192.29,0.00,0.02,N,O,1995-11-11,1995-10-05,1995-11-29,NONE,AIR,wake slowly blithely e
54659-2,54659,1588,89,2,43.00,64051.94,0.10,0.05,N,O,1995-10-26,1995-10-26,1995-11-23,TAKE BACK RETURN,MAIL, enticing de
54660-1,54660,1070,71,1,16.00,15537.12,0.02,0.07,R,F,1994-07-01,1994-06-13,1994-07-15,NONE,REG AIR,ly dogged accounts must boost f
54660-2,54660,1163,36,2,18.00,19154.88,0.06,0.06,R,F,1994-04-09,1994-06-01,1994-04-28,DELIVER IN PERSON,SHIP,lyly special depo
54660-3,54660,1682,65,3,5.00,7918.40,0.06,0.02,R,F,1994-05-06,1994-05-30,1994-05-12,TAKE BACK RETURN,SHIP,ing accounts are. slyly bold ide
54660-4,54660,288,43,4,2.00,2376.56,0.05,0.06,A,F,1994-07-16,1994-05-05,1994-07-19,TAKE BACK RETURN,MAIL,uests impress quickly ir
54660-5,54660,1090,96,5,19.00,18830.71,0.00,0.02,R,F,1994-07-04,1994-06-17,1994-07-08,COLLECT COD,FOB,egular packages boo
54660-6,54660,1297,72,6,6.00,7189.74,0.01,0.03,R,F,1994-06-08,1994-05-01,1994-06-30,DELIVER IN PERSON,SHIP,ns boost among the ironic instructio
54661-1,54661,1236,48,1,46.00,52312.58,0.04,0.05,N,O,1998-08-05,1998-08-30,1998-08-16,TAKE BACK RETURN,FOB,sts. quickly ironic dep
54661-2,54661,1748,75,2,19.00,31345.06,0.01,0.07,N,O,1998-10-08,1998-09-06,1998-10-25,COLLECT COD,MAIL,g the furious 
54661-3,54661,1287,99,3,39.00,46342.92,0.00,0.01,N,O,1998-08-08,1998-10-16,1998-08-13,COLLECT COD,SHIP,usly even requests thrash carefully foxe
54661-4,54661,1305,82,4,47.00,56696.10,0.04,0.01,N,O,1998-10-18,1998-09-17,1998-11-14,NONE,SHIP,pecial requests wa
54661-5,54661,1480,81,5,19.00,26248.12,0.06,0.00,N,O,1998-08-13,1998-09-26,1998-09-06,COLLECT COD,TRUCK,en ideas about the slyly
54661-6,54661,1994,39,6,28.00,53087.72,0.08,0.02,N,O,1998-08-30,1998-10-13,1998-09-11,NONE,FOB, pending packages haggle. blithely regul
54661-7,54661,746,47,7,14.00,23054.36,0.10,0.00,N,O,1998-08-18,1998-09-13,1998-09-12,TAKE BACK RETURN,AIR,into beans-- express excuses promise
54662-1,54662,865,99,1,20.00,35317.20,0.01,0.08,N,O,1997-03-26,1997-04-13,1997-04-03,TAKE BACK RETURN,AIR,final platel
54662-2,54662,1739,40,2,3.00,4922.19,0.10,0.00,N,O,1997-04-04,1997-05-17,1997-04-26,COLLECT COD,RAIL,"eposits. unusual, brave dugouts"
54662-3,54662,1029,100,3,43.00,39990.86,0.03,0.01,N,O,1997-04-25,1997-04-17,1997-05-25,NONE,SHIP,odolites. furiously special packages 
54662-4,54662,293,94,4,35.00,41765.15,0.09,0.08,N,O,1997-04-17,1997-05-05,1997-05-02,COLLECT COD,MAIL, regular instructions nag fluffily al
54662-5,54662,1687,88,5,38.00,60369.84,0.01,0.04,N,O,1997-03-05,1997-05-12,1997-04-01,NONE,RAIL, sleep furiousl
54663-1,54663,1975,64,1,6.00,11261.82,0.00,0.00,N,O,1996-05-06,1996-06-03,1996-06-05,NONE,SHIP,final pinto beans haggle 
54663-2,54663,1060,61,2,36.00,34598.16,0.06,0.06,N,O,1996-07-03,1996-06-09,1996-07-12,TAKE BACK RETURN,TRUCK,osits integrate daringly. slyly unusua
54663-3,54663,1939,40,3,38.00,69955.34,0.07,0.06,N,O,1996-06-17,1996-05-24,1996-06-30,TAKE BACK RETURN,MAIL,lithely final pinto beans boost 
54688-1,54688,836,70,1,6.00,10420.98,0.08,0.01,N,O,1997-02-13,1996-11-20,1997-02-28,COLLECT COD,MAIL, above the furiously ironic request
54688-2,54688,342,27,2,14.00,17392.76,0.09,0.07,N,O,1997-01-19,1996-11-29,1997-02-06,TAKE BACK RETURN,RAIL,iously regular depo
54689-1,54689,1655,56,1,29.00,45142.85,0.10,0.05,A,F,1993-11-15,1993-11-04,1993-12-02,DELIVER IN PERSON,REG AIR,efully pending packages wake quickly blit
54690-1,54690,1221,96,1,3.00,3366.66,0.09,0.02,A,F,1992-03-27,1992-04-23,1992-04-10,TAKE BACK RETURN,RAIL,ages. pending
54690-2,54690,40,91,2,28.00,26321.12,0.08,0.03,R,F,1992-03-14,1992-03-28,1992-03-24,DELIVER IN PERSON,MAIL,express forges cajole slyly quickly
54690-3,54690,691,23,3,36.00,57300.84,0.05,0.02,R,F,1992-06-20,1992-04-09,1992-07-06,DELIVER IN PERSON,RAIL,ly final excuses haggle furiously bo
54690-4,54690,135,62,4,5.00,5175.65,0.02,0.01,R,F,1992-05-29,1992-05-06,1992-06-13,DELIVER IN PERSON,RAIL,"usly express, final instructions."
54690-5,54690,206,61,5,32.00,35398.40,0.01,0.04,R,F,1992-03-02,1992-04-05,1992-03-13,NONE,TRUCK, special foxes are blithely 
54690-6,54690,1847,91,6,25.00,43721.00,0.09,0.03,R,F,1992-04-03,1992-04-21,1992-04-11,DELIVER IN PERSON,REG AIR,ithely final foxes cajole slyly bold theodo
54690-7,54690,867,67,7,43.00,76017.98,0.07,0.08,R,F,1992-03-11,1992-04-30,1992-04-02,TAKE BACK RETURN,SHIP,"ironic, dogged dugouts integr"
54691-1,54691,333,90,1,22.00,27133.26,0.10,0.04,N,O,1997-07-18,1997-07-08,1997-08-17,NONE,SHIP,inal dependencies are fu
54691-2,54691,569,100,2,17.00,24982.52,0.04,0.01,N,O,1997-08-10,1997-06-23,1997-08-11,NONE,REG AIR,s packages-- fluffily special depos
54692-1,54692,605,6,1,6.00,9033.60,0.04,0.02,A,F,1993-04-07,1993-05-01,1993-04-23,TAKE BACK RETURN,AIR,the deposits. quickly regular ideas hag
54692-2,54692,1649,32,2,49.00,75981.36,0.03,0.00,A,F,1993-06-25,1993-05-25,1993-07-14,NONE,AIR,y regular ideas. fluffily r
54692-3,54692,32,83,3,13.00,12116.39,0.00,0.08,R,F,1993-06-29,1993-04-16,1993-07-12,DELIVER IN PERSON,MAIL,"he, express th"
54692-4,54692,1435,53,4,35.00,46775.05,0.03,0.04,A,F,1993-03-11,1993-05-20,1993-03-19,DELIVER IN PERSON,TRUCK,kages sleep ca
54692-5,54692,1865,52,5,24.00,42404.64,0.02,0.05,R,F,1993-05-01,1993-04-05,1993-05-28,DELIVER IN PERSON,TRUCK, express foxes. furiously f
54692-6,54692,1764,65,6,2.00,3331.52,0.02,0.07,R,F,1993-04-15,1993-05-20,1993-04-27,COLLECT COD,RAIL,y among the bli
54693-1,54693,1172,9,1,25.00,26829.25,0.08,0.08,N,O,1998-01-27,1997-12-23,1998-02-24,NONE,FOB,ut the blith
54693-2,54693,1114,51,2,35.00,35528.85,0.08,0.07,N,O,1997-12-29,1997-12-19,1998-01-23,COLLECT COD,RAIL,final deposits about 
54693-3,54693,678,41,3,24.00,37888.08,0.07,0.08,N,O,1997-11-13,1997-12-22,1997-11-18,COLLECT COD,REG AIR, requests. f
54693-4,54693,1708,35,4,48.00,77265.60,0.07,0.00,N,O,1998-01-12,1997-12-08,1998-02-01,NONE,REG AIR,ructions detect blithely 
54693-5,54693,1335,50,5,7.00,8654.31,0.05,0.02,N,O,1997-10-31,1997-12-31,1997-11-29,DELIVER IN PERSON,MAIL,se furiously requests. blith
54693-6,54693,1032,38,6,12.00,11196.36,0.00,0.03,N,O,1998-01-14,1997-12-26,1998-02-07,TAKE BACK RETURN,MAIL,gular courts around the car
54693-7,54693,519,80,7,41.00,58199.91,0.04,0.04,N,O,1998-01-28,1997-12-02,1998-01-29,DELIVER IN PERSON,REG AIR,s. carefully even foxes sleep furiousl
54694-1,54694,1281,19,1,28.00,33103.84,0.01,0.08,A,F,1995-01-08,1994-11-02,1995-02-07,TAKE BACK RETURN,SHIP, packages boost across the regular a
54694-2,54694,539,100,2,44.00,63339.32,0.06,0.04,A,F,1994-10-10,1994-11-27,1994-10-31,NONE,RAIL," pending, even deposi"
54694-3,54694,1003,74,3,47.00,42488.00,0.00,0.08,R,F,1994-11-11,1994-11-30,1994-12-11,TAKE BACK RETURN,FOB,"nding, ironic deposits affix caref"
54694-4,54694,1464,4,4,47.00,64176.62,0.05,0.06,R,F,1995-01-10,1994-11-28,1995-01-13,COLLECT COD,TRUCK,lyly furious instructions. carefully e
54695-1,54695,1709,10,1,1.00,1610.70,0.10,0.07,N,O,1997-10-26,1997-10-12,1997-11-08,NONE,FOB,ss accounts integrate fluf
54695-2,54695,1795,96,2,19.00,32239.01,0.04,0.05,N,O,1997-07-22,1997-10-17,1997-08-08,DELIVER IN PERSON,TRUCK,c platelets use furiously ev
54695-3,54695,1400,15,3,25.00,32535.00,0.08,0.08,N,O,1997-11-10,1997-10-17,1997-12-06,NONE,AIR,efully! furiously reg
54695-4,54695,371,28,4,43.00,54668.91,0.00,0.00,N,O,1997-08-18,1997-09-06,1997-09-14,NONE,TRUCK,eposits sleep slyly silently e
54695-5,54695,968,69,5,33.00,61675.68,0.10,0.03,N,O,1997-09-20,1997-10-06,1997-10-05,COLLECT COD,RAIL,riously even pinto be
54695-6,54695,1029,65,6,31.00,28830.62,0.04,0.08,N,O,1997-10-13,1997-09-07,1997-10-27,TAKE BACK RETURN,MAIL,carefully regu
54720-1,54720,1999,44,1,19.00,36118.81,0.02,0.05,N,O,1996-06-09,1996-03-27,1996-06-23,DELIVER IN PERSON,REG AIR,egular instructions nag 
54720-2,54720,360,61,2,32.00,40331.52,0.07,0.02,N,O,1996-04-05,1996-04-27,1996-04-09,COLLECT COD,REG AIR,he careful
54721-1,54721,278,60,1,39.00,45952.53,0.05,0.04,A,F,1993-01-18,1992-12-22,1993-01-22,DELIVER IN PERSON,AIR,its across the carefully un
54721-2,54721,1602,44,2,29.00,43604.40,0.00,0.03,A,F,1992-11-12,1993-01-14,1992-12-11,COLLECT COD,TRUCK,ly unusual
54721-3,54721,687,50,3,24.00,38104.32,0.02,0.03,A,F,1992-12-06,1993-01-01,1993-01-02,NONE,AIR,urts. foxes run quietly. caref
54721-4,54721,330,87,4,32.00,39370.56,0.03,0.05,A,F,1993-01-08,1993-01-09,1993-01-27,TAKE BACK RETURN,AIR,ts nag flu
54721-5,54721,1758,1,5,36.00,59751.00,0.03,0.05,R,F,1992-11-17,1992-11-19,1992-12-07,COLLECT COD,AIR,slyly unusual instructions affix slyl
54722-1,54722,775,72,1,18.00,30163.86,0.06,0.07,A,F,1993-05-05,1993-03-03,1993-05-13,DELIVER IN PERSON,FOB,ole fluffily among the requests. 
54722-2,54722,1423,2,2,36.00,47679.12,0.07,0.00,R,F,1993-01-31,1993-02-22,1993-02-17,DELIVER IN PERSON,MAIL,ithely against the b
54722-3,54722,943,78,3,21.00,38722.74,0.07,0.06,R,F,1993-05-05,1993-04-05,1993-05-19,TAKE BACK RETURN,REG AIR,y even platelets are along t
54722-4,54722,1496,14,4,36.00,50309.64,0.09,0.08,R,F,1993-02-02,1993-03-26,1993-02-05,NONE,SHIP, the slyly ironic deposits.
54722-5,54722,1045,81,5,43.00,40679.72,0.07,0.02,R,F,1993-03-30,1993-02-23,1993-04-11,COLLECT COD,TRUCK,e accounts sle
54722-6,54722,1077,48,6,8.00,7824.56,0.07,0.07,A,F,1993-05-08,1993-03-03,1993-05-11,COLLECT COD,MAIL,"ly even frays nag bold, final"
54723-1,54723,244,26,1,41.00,46913.84,0.00,0.04,A,F,1994-04-28,1994-03-14,1994-05-14,DELIVER IN PERSON,FOB, carefully even dep
54723-2,54723,46,72,2,31.00,29327.24,0.07,0.05,R,F,1994-02-08,1994-03-19,1994-02-24,NONE,RAIL,ly special packages wake careful
54723-3,54723,210,65,3,49.00,54400.29,0.08,0.02,A,F,1994-01-23,1994-03-09,1994-02-08,TAKE BACK RETURN,RAIL,gged theodo
54723-4,54723,386,43,4,37.00,47596.06,0.03,0.07,A,F,1994-04-27,1994-03-05,1994-05-07,COLLECT COD,SHIP,after the silently special deposi
54723-5,54723,444,3,5,21.00,28233.24,0.04,0.06,A,F,1994-05-13,1994-02-15,1994-05-28,NONE,MAIL,ccounts alongside of the furiously expres
54723-6,54723,988,91,6,5.00,9444.90,0.10,0.08,R,F,1994-01-25,1994-02-20,1994-02-03,TAKE BACK RETURN,AIR,ly even depend
54724-1,54724,1411,90,1,14.00,18373.74,0.07,0.05,A,F,1992-07-03,1992-08-01,1992-07-06,DELIVER IN PERSON,SHIP,yly regular accounts. regular theodolites
54725-1,54725,1883,70,1,5.00,8924.40,0.01,0.03,N,O,1998-06-19,1998-07-24,1998-06-24,TAKE BACK RETURN,RAIL,y blithely eve
54725-2,54725,928,97,2,38.00,69498.96,0.02,0.05,N,O,1998-06-28,1998-07-27,1998-07-25,DELIVER IN PERSON,RAIL,". regular, un"
54725-3,54725,1584,5,3,26.00,38625.08,0.02,0.01,N,O,1998-09-01,1998-06-09,1998-09-20,COLLECT COD,AIR,le bold dependencies. slyly regular accoun
54725-4,54725,388,17,4,25.00,32209.50,0.10,0.01,N,O,1998-07-25,1998-07-27,1998-08-17,TAKE BACK RETURN,MAIL,e carefully bold ideas.
54725-5,54725,1662,45,5,38.00,59419.08,0.03,0.07,N,O,1998-05-28,1998-06-04,1998-06-14,DELIVER IN PERSON,MAIL,ons wake furiously aga
54725-6,54725,1120,29,6,49.00,50034.88,0.00,0.07,N,O,1998-06-13,1998-07-28,1998-06-29,COLLECT COD,REG AIR,nal dependencies use 
54725-7,54725,1981,14,7,43.00,80968.14,0.03,0.05,N,O,1998-06-22,1998-07-01,1998-07-20,TAKE BACK RETURN,REG AIR,ounts nag s
54726-1,54726,429,30,1,38.00,50517.96,0.08,0.07,R,F,1992-12-20,1992-11-24,1992-12-28,TAKE BACK RETURN,AIR,ans play pinto be
54726-2,54726,398,55,2,25.00,32459.75,0.09,0.07,R,F,1992-11-15,1992-10-15,1992-12-15,TAKE BACK RETURN,REG AIR, slyly final gi
54726-3,54726,1114,15,3,3.00,3045.33,0.01,0.03,R,F,1992-09-20,1992-11-08,1992-09-22,DELIVER IN PERSON,MAIL, bold instructions wake regul
54726-4,54726,278,33,4,35.00,41239.45,0.10,0.02,R,F,1992-09-29,1992-11-22,1992-10-06,DELIVER IN PERSON,TRUCK,y final requests boost quietly qui
54726-5,54726,390,91,5,23.00,29678.97,0.03,0.00,R,F,1992-09-25,1992-10-25,1992-10-17,NONE,SHIP,ake fluffily. unusual pinto beans engage q
54726-6,54726,1414,54,6,12.00,15784.92,0.05,0.05,R,F,1992-12-07,1992-11-07,1993-01-05,DELIVER IN PERSON,MAIL, accounts wake along the slyly ironic 
54726-7,54726,928,31,7,41.00,74985.72,0.05,0.06,A,F,1993-01-10,1992-10-17,1993-01-22,DELIVER IN PERSON,RAIL,ilent depe
54727-1,54727,1179,16,1,25.00,27004.25,0.05,0.05,A,F,1994-01-16,1994-03-12,1994-01-26,NONE,MAIL,osits affix across the fluffily speci
54727-2,54727,904,7,2,21.00,37902.90,0.07,0.02,R,F,1994-01-28,1994-01-19,1994-02-13,NONE,SHIP,"g to the ironic, pending asymptotes print a"
54727-3,54727,653,54,3,21.00,32626.65,0.07,0.04,A,F,1994-03-10,1994-03-07,1994-03-22,COLLECT COD,RAIL,e slyly regular pattern
54752-1,54752,1606,48,1,40.00,60304.00,0.01,0.08,N,O,1996-12-08,1996-11-07,1996-12-15,DELIVER IN PERSON,RAIL,ns cajole. regular pinto beans h
54752-2,54752,1042,48,2,24.00,22632.96,0.02,0.05,N,O,1996-11-23,1996-09-29,1996-12-08,NONE,FOB,heodolites. slyly final deposits na
54752-3,54752,1229,30,3,40.00,45208.80,0.08,0.02,N,O,1996-08-25,1996-11-10,1996-09-01,TAKE BACK RETURN,RAIL,ajole blithely after the furiously
54752-4,54752,1618,19,4,8.00,12156.88,0.01,0.04,N,O,1996-09-12,1996-10-23,1996-09-13,COLLECT COD,FOB,ngage blithely furiously silent ide
54753-1,54753,1261,62,1,19.00,22082.94,0.05,0.08,A,F,1994-07-23,1994-06-17,1994-08-18,DELIVER IN PERSON,REG AIR,"haggle bold, special deposits. ironic th"
54753-2,54753,494,24,2,26.00,36256.74,0.03,0.05,A,F,1994-05-25,1994-07-09,1994-06-17,NONE,FOB, ideas. quickly final request
54753-3,54753,1662,63,3,29.00,45346.14,0.10,0.00,R,F,1994-06-08,1994-05-24,1994-06-10,DELIVER IN PERSON,MAIL,olphins. i
54753-4,54753,800,65,4,33.00,56126.40,0.10,0.06,R,F,1994-07-03,1994-06-05,1994-07-16,DELIVER IN PERSON,SHIP,tions. deposits caj
54754-1,54754,1815,45,1,33.00,56654.73,0.06,0.00,N,O,1996-10-08,1996-11-29,1996-10-17,NONE,SHIP,al packages are furious
54754-2,54754,1056,27,2,50.00,47852.50,0.10,0.08,N,O,1996-12-07,1996-11-21,1996-12-08,TAKE BACK RETURN,AIR, dinos haggle blithely. ca
54754-3,54754,1650,74,3,13.00,20171.45,0.02,0.01,N,O,1996-10-24,1996-12-08,1996-11-02,NONE,TRUCK,sts? ideas detect carefully after 
54755-1,54755,1670,53,1,4.00,6286.68,0.00,0.07,R,F,1994-12-21,1995-03-08,1994-12-30,TAKE BACK RETURN,FOB, the slyly even deposits.
54755-2,54755,1433,34,2,17.00,22685.31,0.08,0.01,R,F,1995-01-02,1995-01-15,1995-01-31,COLLECT COD,SHIP,des. requests breach never arou
54755-3,54755,1111,12,3,32.00,32387.52,0.07,0.08,A,F,1995-01-23,1995-01-18,1995-02-07,NONE,MAIL,odolites. warhorses must sleep 
54755-4,54755,831,31,4,48.00,83127.84,0.09,0.02,A,F,1995-03-09,1995-01-12,1995-03-27,DELIVER IN PERSON,REG AIR,y regular attainments against th
54755-5,54755,930,99,5,5.00,9154.65,0.07,0.06,A,F,1995-02-07,1995-01-18,1995-02-26,TAKE BACK RETURN,REG AIR, slyly regul
54755-6,54755,1982,83,6,33.00,62171.34,0.10,0.06,R,F,1995-02-06,1995-02-22,1995-03-05,TAKE BACK RETURN,REG AIR,en dolphins d
54756-1,54756,1661,3,1,48.00,75007.68,0.06,0.01,N,O,1996-08-26,1996-08-12,1996-09-18,DELIVER IN PERSON,SHIP,ainst the platelets believe sl
54756-2,54756,1051,22,2,46.00,43794.30,0.00,0.08,N,O,1996-09-07,1996-09-14,1996-09-09,NONE,TRUCK,"ear the permanent, ironi"
54756-3,54756,1691,15,3,7.00,11148.83,0.00,0.08,N,O,1996-10-11,1996-08-22,1996-10-20,DELIVER IN PERSON,FOB,wake slyly across the quic
54756-4,54756,1709,10,4,14.00,22549.80,0.10,0.03,N,O,1996-08-26,1996-09-13,1996-08-31,NONE,AIR,eposits. furi
54756-5,54756,1409,10,5,39.00,51105.60,0.03,0.00,N,O,1996-08-19,1996-08-03,1996-08-24,COLLECT COD,MAIL,posits detect! slyly expre
54757-1,54757,697,60,1,38.00,60712.22,0.08,0.08,A,F,1993-04-01,1993-01-03,1993-04-16,NONE,RAIL,s requests wake slyly ir
54757-2,54757,646,9,2,13.00,20106.32,0.08,0.02,A,F,1992-12-20,1993-02-11,1993-01-17,COLLECT COD,FOB, according to the pending pains. quickly ev
54758-1,54758,831,32,1,11.00,19050.13,0.01,0.02,R,F,1995-02-04,1995-01-18,1995-03-05,COLLECT COD,AIR,e quickly final ideas. accounts are slyl
54759-1,54759,17,68,1,6.00,5502.06,0.00,0.06,R,F,1994-06-09,1994-07-10,1994-06-24,DELIVER IN PERSON,TRUCK,tes engage slyly care
54759-2,54759,318,47,2,30.00,36549.30,0.00,0.08,A,F,1994-07-28,1994-08-01,1994-08-26,NONE,REG AIR,courts are slyly furiously bold ideas.
54759-3,54759,911,14,3,42.00,76100.22,0.08,0.07,R,F,1994-07-10,1994-07-31,1994-08-08,DELIVER IN PERSON,REG AIR,y pending packages. final pac
54759-4,54759,1169,42,4,33.00,35315.28,0.02,0.06,R,F,1994-08-31,1994-07-16,1994-09-12,NONE,FOB,efully regul
54759-5,54759,840,41,5,5.00,8704.20,0.10,0.02,A,F,1994-06-10,1994-08-05,1994-06-17,NONE,TRUCK,ress accounts. theodolites hagg
54784-1,54784,658,59,1,18.00,28055.70,0.04,0.04,R,F,1992-03-17,1992-04-13,1992-03-25,COLLECT COD,FOB,ickly pending accounts
54784-2,54784,321,50,2,7.00,8549.24,0.01,0.07,A,F,1992-05-03,1992-04-14,1992-05-19,COLLECT COD,REG AIR,ts. pinto beans across the even deposi
54784-3,54784,474,75,3,26.00,35736.22,0.06,0.01,A,F,1992-03-14,1992-04-22,1992-03-27,COLLECT COD,RAIL,dencies. slyly pending ideas 
54785-1,54785,675,76,1,41.00,64602.47,0.09,0.06,N,O,1996-08-06,1996-08-02,1996-08-25,DELIVER IN PERSON,SHIP,ake quickly regula
54785-2,54785,1353,92,2,15.00,18815.25,0.04,0.04,N,O,1996-10-15,1996-08-17,1996-10-28,DELIVER IN PERSON,RAIL,ages above the blithely unusual r
54785-3,54785,848,82,3,23.00,40223.32,0.10,0.08,N,O,1996-07-24,1996-08-17,1996-07-31,TAKE BACK RETURN,RAIL,nstructions kindle among t
54785-4,54785,38,89,4,31.00,29078.93,0.09,0.00,N,O,1996-07-29,1996-08-19,1996-08-16,DELIVER IN PERSON,AIR,ainst the final 
54786-1,54786,1747,90,1,17.00,28028.58,0.09,0.00,A,F,1992-03-25,1992-03-05,1992-03-26,TAKE BACK RETURN,FOB,rouches cajole p
54786-2,54786,453,12,2,34.00,46017.30,0.01,0.00,A,F,1992-04-13,1992-03-25,1992-05-09,TAKE BACK RETURN,FOB,es wake furiously according to the fl
54786-3,54786,1805,6,3,24.00,40963.20,0.03,0.06,R,F,1992-04-07,1992-03-21,1992-04-14,NONE,SHIP,ar accounts. furiously regular
54786-4,54786,1970,71,4,24.00,44927.28,0.09,0.06,A,F,1992-02-14,1992-04-06,1992-03-05,TAKE BACK RETURN,MAIL,ully bold courts x-ray along the fluff
54787-1,54787,1546,27,1,7.00,10132.78,0.04,0.01,A,F,1995-05-23,1995-04-10,1995-05-31,COLLECT COD,FOB,"elets solve regular, special pi"
54787-2,54787,1552,73,2,44.00,63956.20,0.01,0.05,N,F,1995-06-15,1995-04-10,1995-07-04,TAKE BACK RETURN,AIR,ly express foxes. slyly regular deposits 
54787-3,54787,1264,39,3,33.00,38453.58,0.07,0.00,A,F,1995-03-06,1995-03-31,1995-03-30,TAKE BACK RETURN,MAIL,t carefull
54788-1,54788,1584,25,1,7.00,10399.06,0.09,0.05,N,O,1998-06-13,1998-07-06,1998-06-23,NONE,AIR,ep slyly carefully 
54788-2,54788,1167,4,2,3.00,3204.48,0.07,0.07,N,O,1998-08-17,1998-06-29,1998-09-13,NONE,AIR,nts. silently ironic acc
54789-1,54789,1071,77,1,47.00,45687.29,0.08,0.08,N,O,1995-11-11,1995-11-30,1995-11-24,TAKE BACK RETURN,REG AIR,gainst the pendi
54789-2,54789,1472,51,2,44.00,60432.68,0.00,0.07,N,O,1995-10-26,1995-12-08,1995-11-17,COLLECT COD,REG AIR,l requests across the fina
54790-1,54790,1547,28,1,50.00,72427.00,0.09,0.00,A,F,1993-12-31,1994-03-07,1994-01-17,DELIVER IN PERSON,SHIP,he carefully special excuses. regula
54790-2,54790,1673,74,2,43.00,67710.81,0.09,0.00,A,F,1994-01-05,1994-01-17,1994-01-19,DELIVER IN PERSON,SHIP,sts. blithely bus
54791-1,54791,1301,16,1,13.00,15629.90,0.10,0.02,A,F,1993-02-21,1993-02-27,1993-03-16,NONE,AIR,r the bold platel
54791-2,54791,1654,55,2,10.00,15556.50,0.05,0.07,R,F,1993-04-17,1993-02-03,1993-05-13,COLLECT COD,TRUCK,nticing requests haggle slyly pending r
54791-3,54791,1911,44,3,25.00,45322.75,0.08,0.01,A,F,1993-04-07,1993-03-08,1993-04-23,NONE,FOB,bits cajole carefully fluffily silen
54791-4,54791,170,97,4,23.00,24613.91,0.04,0.00,A,F,1993-03-28,1993-01-22,1993-04-03,DELIVER IN PERSON,RAIL,uriously even instruct
54791-5,54791,95,46,5,33.00,32837.97,0.01,0.03,R,F,1993-01-02,1993-02-17,1993-01-13,NONE,AIR,r accounts. asympto
54791-6,54791,1041,42,6,37.00,34855.48,0.08,0.06,A,F,1993-03-16,1993-02-24,1993-03-20,TAKE BACK RETURN,REG AIR,he furiously final deposits. carefull
54791-7,54791,1673,74,7,9.00,14172.03,0.06,0.03,A,F,1993-03-07,1993-01-28,1993-04-01,TAKE BACK RETURN,FOB,instructions sleep along
54816-1,54816,847,81,1,30.00,52435.20,0.03,0.04,R,F,1995-02-07,1995-02-12,1995-02-16,COLLECT COD,RAIL, quickly ironic ideas around t
54816-2,54816,693,87,2,11.00,17530.59,0.02,0.02,R,F,1995-02-14,1995-01-14,1995-03-05,COLLECT COD,TRUCK,lphins impres
54816-3,54816,1957,58,3,42.00,78075.90,0.04,0.00,A,F,1995-02-14,1995-02-27,1995-03-05,COLLECT COD,AIR,s cajole along the special deposits. 
54816-4,54816,235,36,4,26.00,29515.98,0.10,0.04,A,F,1994-12-26,1995-01-27,1994-12-31,NONE,AIR,hely express theodolites are. carefully 
54816-5,54816,207,89,5,1.00,1107.20,0.06,0.02,A,F,1995-02-18,1995-02-21,1995-03-12,NONE,RAIL,lets; furiously even asymptotes a
54817-1,54817,513,14,1,37.00,52299.87,0.03,0.05,R,F,1992-05-28,1992-07-30,1992-06-08,DELIVER IN PERSON,MAIL,packages haggle about the r
54817-2,54817,1764,49,2,27.00,44975.52,0.08,0.05,A,F,1992-08-21,1992-08-10,1992-08-29,DELIVER IN PERSON,TRUCK, asymptotes haggle carefully among the qui
54817-3,54817,500,88,3,19.00,26609.50,0.08,0.04,R,F,1992-08-18,1992-07-30,1992-09-17,TAKE BACK RETURN,RAIL,xcuses wake furi
54817-4,54817,1045,51,4,22.00,20812.88,0.07,0.01,A,F,1992-06-06,1992-08-08,1992-06-28,DELIVER IN PERSON,SHIP,ts haggle among the slyly spe
54817-5,54817,1162,99,5,50.00,53158.00,0.06,0.03,A,F,1992-09-10,1992-08-03,1992-10-09,COLLECT COD,REG AIR,refully regula
54817-6,54817,1489,7,6,28.00,38933.44,0.03,0.03,R,F,1992-08-30,1992-07-20,1992-09-29,COLLECT COD,TRUCK,ckly regular depend
54818-1,54818,185,38,1,44.00,47747.92,0.05,0.08,N,O,1997-07-31,1997-08-28,1997-08-06,NONE,MAIL,carefully pending deposits. blithel
54819-1,54819,1844,31,1,11.00,19204.24,0.03,0.04,R,F,1994-12-13,1994-12-06,1994-12-30,DELIVER IN PERSON,FOB,y alongside of the deposits. blithely
54819-2,54819,587,78,2,15.00,22313.70,0.04,0.05,A,F,1994-11-10,1994-12-31,1994-11-24,COLLECT COD,MAIL,usly even accounts. unusual waters
54819-3,54819,1747,90,3,44.00,72544.56,0.07,0.01,R,F,1994-12-29,1994-11-24,1995-01-05,TAKE BACK RETURN,AIR,"ly regular deposits. even, "
54819-4,54819,612,44,4,47.00,71092.67,0.03,0.04,A,F,1994-11-29,1994-11-10,1994-12-12,COLLECT COD,MAIL,d deposits use. fluf
54819-5,54819,815,82,5,46.00,78927.26,0.06,0.07,A,F,1994-12-23,1994-12-04,1995-01-21,NONE,MAIL,le quickly against the 
54819-6,54819,274,56,6,50.00,58713.50,0.07,0.06,R,F,1994-10-25,1994-11-17,1994-11-19,DELIVER IN PERSON,RAIL,the slyly ironic 
54819-7,54819,1583,84,7,44.00,65321.52,0.04,0.08,R,F,1994-12-20,1994-12-12,1994-12-23,NONE,MAIL,ly pending packages. qui
54820-1,54820,703,36,1,27.00,43299.90,0.07,0.00,N,O,1996-04-18,1996-03-28,1996-04-28,COLLECT COD,REG AIR,deposits haggle.
54820-2,54820,1624,48,2,28.00,42717.36,0.01,0.00,N,O,1996-04-01,1996-03-05,1996-04-02,DELIVER IN PERSON,MAIL,y above the
54821-1,54821,1206,81,1,27.00,29894.40,0.07,0.07,R,F,1994-05-29,1994-07-02,1994-06-21,COLLECT COD,SHIP,t the doggedly even dependencies. regular 
54821-2,54821,160,13,2,34.00,36045.44,0.07,0.02,R,F,1994-07-05,1994-06-17,1994-07-10,NONE,SHIP,es. ironic requests play sl
54821-3,54821,949,52,3,39.00,72147.66,0.00,0.02,A,F,1994-07-18,1994-06-21,1994-07-20,COLLECT COD,REG AIR,ructions. furiously ironic ideas 
54821-4,54821,1210,48,4,1.00,1111.21,0.01,0.04,R,F,1994-06-14,1994-07-04,1994-06-26,DELIVER IN PERSON,TRUCK,ut the carefully regular requests. fi
54822-1,54822,628,91,1,18.00,27515.16,0.02,0.08,R,F,1995-01-12,1995-02-01,1995-01-25,COLLECT COD,AIR,e quickly. requests use slyly. slyly
54822-2,54822,1906,95,2,2.00,3615.80,0.07,0.07,A,F,1995-03-15,1995-02-02,1995-03-20,COLLECT COD,AIR,f the quickly regular theodolites doze even
54822-3,54822,481,11,3,24.00,33155.52,0.09,0.04,A,F,1995-02-14,1995-03-22,1995-03-16,TAKE BACK RETURN,RAIL,ular foxes sleep slyly. furiously specia
54822-4,54822,1588,9,4,45.00,67031.10,0.01,0.05,R,F,1995-03-12,1995-01-26,1995-03-18,TAKE BACK RETURN,FOB,al accounts. packages n
54823-1,54823,1942,75,1,13.00,23971.22,0.06,0.08,N,O,1998-07-01,1998-06-11,1998-07-21,DELIVER IN PERSON,SHIP,s the ironic instructions. slyly
54823-2,54823,1526,7,2,35.00,49963.20,0.04,0.07,N,O,1998-04-03,1998-05-14,1998-04-23,TAKE BACK RETURN,MAIL,"re blithely deposits. even, idle b"
54823-3,54823,467,68,3,14.00,19144.44,0.01,0.06,N,O,1998-06-11,1998-05-04,1998-06-15,COLLECT COD,AIR,al deposits. sly
54823-4,54823,294,22,4,14.00,16720.06,0.10,0.02,N,O,1998-04-06,1998-05-14,1998-05-01,COLLECT COD,RAIL,s. carefully regular dolphins abou
54848-1,54848,505,96,1,1.00,1405.50,0.03,0.06,N,O,1998-01-15,1997-11-27,1998-02-06,DELIVER IN PERSON,REG AIR,te. final requests boost blit
54848-2,54848,1317,32,2,47.00,57260.57,0.02,0.08,N,O,1997-12-26,1997-12-07,1998-01-02,COLLECT COD,FOB,the carefully dogged ideas. evenly regul
54848-3,54848,20,21,3,41.00,37720.82,0.09,0.04,N,O,1997-11-14,1997-10-23,1997-11-27,DELIVER IN PERSON,SHIP,ly regular pinto beans try to are after th
54849-1,54849,1862,63,1,45.00,79373.70,0.10,0.07,N,O,1996-09-24,1996-08-12,1996-09-28,DELIVER IN PERSON,AIR,en foxes integrate slyly above t
54850-1,54850,1778,79,1,4.00,6719.08,0.10,0.02,R,F,1994-02-16,1994-03-11,1994-03-17,COLLECT COD,SHIP, excuses cajo
54850-2,54850,421,22,2,8.00,10571.36,0.02,0.04,R,F,1994-04-14,1994-01-27,1994-05-10,COLLECT COD,SHIP,ly ironic dinos wake fluffily. furiously
54850-3,54850,1970,59,3,17.00,31823.49,0.10,0.01,R,F,1994-01-17,1994-03-03,1994-02-05,COLLECT COD,FOB,al requests-- bold requests d
54850-4,54850,1526,47,4,27.00,38543.04,0.02,0.06,R,F,1994-01-05,1994-02-13,1994-01-17,DELIVER IN PERSON,MAIL,nts haggle about the special accounts
54850-5,54850,1363,2,5,37.00,46781.32,0.07,0.06,R,F,1994-01-17,1994-02-05,1994-01-23,NONE,REG AIR,cajole furiously after the s
54850-6,54850,261,62,6,32.00,37160.32,0.04,0.03,A,F,1994-01-27,1994-03-23,1994-01-29,TAKE BACK RETURN,FOB,ly express packages among 
54850-7,54850,1102,75,7,13.00,13040.30,0.05,0.01,R,F,1994-01-17,1994-02-21,1994-01-26,DELIVER IN PERSON,SHIP,silently pending requests integrat
54851-1,54851,1137,46,1,49.00,50868.37,0.06,0.07,A,F,1994-01-28,1993-11-16,1994-01-31,DELIVER IN PERSON,MAIL,carefully ev
54851-2,54851,829,63,2,1.00,1729.82,0.04,0.04,A,F,1993-11-22,1993-12-10,1993-12-02,DELIVER IN PERSON,REG AIR,"beans. ironic, final dep"
54851-3,54851,1452,53,3,42.00,56844.90,0.00,0.08,A,F,1993-12-12,1994-01-03,1994-01-07,TAKE BACK RETURN,TRUCK,hins are slyly al
54852-1,54852,1008,44,1,42.00,38178.00,0.09,0.03,N,O,1997-06-07,1997-07-06,1997-07-06,COLLECT COD,AIR,. regular accounts according t
54852-2,54852,577,78,2,24.00,35461.68,0.07,0.07,N,O,1997-07-20,1997-06-20,1997-08-14,COLLECT COD,REG AIR,ven ideas. deposits are slyly above the s
54852-3,54852,559,90,3,50.00,72977.50,0.10,0.01,N,O,1997-08-22,1997-07-28,1997-09-07,TAKE BACK RETURN,MAIL,"olites. final, regular requests wa"
54852-4,54852,680,12,4,24.00,37936.32,0.07,0.08,N,O,1997-08-17,1997-07-06,1997-09-04,NONE,SHIP,ep carefully foxes. sly
54852-5,54852,1857,44,5,38.00,66836.30,0.07,0.08,N,O,1997-07-30,1997-07-26,1997-08-24,TAKE BACK RETURN,AIR,arefully pendi
54852-6,54852,1719,46,6,37.00,59966.27,0.08,0.04,N,O,1997-06-12,1997-06-12,1997-06-23,COLLECT COD,AIR,n deposits wake quickl
54853-1,54853,1945,34,1,36.00,66489.84,0.02,0.01,N,O,1997-03-21,1997-03-06,1997-03-27,NONE,RAIL,ut the final accounts
54853-2,54853,811,11,2,11.00,18829.91,0.08,0.04,N,O,1997-01-09,1997-02-12,1997-01-23,TAKE BACK RETURN,TRUCK,uriously final 
54853-3,54853,417,18,3,7.00,9221.87,0.08,0.08,N,O,1997-02-21,1997-01-19,1997-03-10,NONE,MAIL, accounts. furiously final requests wake 
54854-1,54854,64,40,1,25.00,24101.50,0.05,0.06,N,O,1997-03-22,1997-03-11,1997-04-11,DELIVER IN PERSON,RAIL,pinto beans wak
54854-2,54854,341,42,2,7.00,8689.38,0.06,0.00,N,O,1997-02-12,1997-03-22,1997-02-26,COLLECT COD,RAIL, pending packages across the final re
54854-3,54854,884,51,3,36.00,64255.68,0.01,0.08,N,O,1997-01-23,1997-03-28,1997-02-08,COLLECT COD,SHIP,iously even asymptotes. quietly regular Ti
54855-1,54855,1008,44,1,29.00,26361.00,0.05,0.06,R,F,1992-10-12,1992-08-06,1992-10-20,DELIVER IN PERSON,SHIP,ecial asymptotes abou
54855-2,54855,469,70,2,17.00,23280.82,0.03,0.05,R,F,1992-07-13,1992-09-26,1992-07-25,TAKE BACK RETURN,MAIL,y ironic accounts cajole 
54855-3,54855,1034,70,3,9.00,8415.27,0.04,0.08,A,F,1992-08-11,1992-08-01,1992-09-03,NONE,FOB,"fy, ironic requests. caref"
54880-1,54880,1123,60,1,12.00,12289.44,0.04,0.07,N,O,1996-07-20,1996-10-01,1996-08-09,TAKE BACK RETURN,SHIP,s boost carefully brave accounts
54880-2,54880,689,90,2,28.00,44511.04,0.05,0.01,N,O,1996-10-19,1996-08-27,1996-11-09,DELIVER IN PERSON,MAIL,". express, busy reque"
54880-3,54880,621,15,3,24.00,36518.88,0.08,0.05,N,O,1996-08-04,1996-09-15,1996-08-13,TAKE BACK RETURN,SHIP,hely ironic ideas. blithely ironic 
54880-4,54880,1172,9,4,41.00,43999.97,0.06,0.07,N,O,1996-10-27,1996-10-10,1996-10-30,COLLECT COD,SHIP,regular asymptotes. ironically pending 
54880-5,54880,225,80,5,46.00,51760.12,0.09,0.06,N,O,1996-08-30,1996-09-14,1996-09-05,NONE,SHIP,oost special
54881-1,54881,1036,7,1,46.00,43103.38,0.10,0.02,N,O,1998-07-05,1998-07-19,1998-07-08,NONE,SHIP,ording to the carefully iro
54881-2,54881,308,93,2,22.00,26582.60,0.04,0.05,N,O,1998-07-18,1998-07-24,1998-07-28,TAKE BACK RETURN,FOB,inst the slyly final pinto beans. carefully
54881-3,54881,470,100,3,15.00,20557.05,0.00,0.03,N,O,1998-06-12,1998-06-29,1998-06-28,TAKE BACK RETURN,SHIP,nts. quickly pending deposits agai
54881-4,54881,1825,26,4,2.00,3453.64,0.09,0.02,N,O,1998-06-30,1998-06-02,1998-07-06,NONE,TRUCK,e carefully slyl
54882-1,54882,9,10,1,41.00,37269.00,0.00,0.06,R,F,1995-05-23,1995-03-09,1995-05-30,COLLECT COD,REG AIR, carefully
54882-2,54882,1457,75,2,6.00,8150.70,0.10,0.07,A,F,1995-05-23,1995-04-09,1995-06-10,TAKE BACK RETURN,FOB,efully express accounts affix s
54882-3,54882,1841,28,3,17.00,29628.28,0.07,0.03,R,F,1995-04-26,1995-03-29,1995-05-15,DELIVER IN PERSON,TRUCK,en ideas along
54882-4,54882,1034,5,4,10.00,9350.30,0.03,0.02,A,F,1995-04-04,1995-04-13,1995-04-20,DELIVER IN PERSON,FOB,usly final fo
54883-1,54883,411,41,1,49.00,64259.09,0.02,0.06,N,O,1997-08-03,1997-09-06,1997-08-31,COLLECT COD,FOB,eans. deposits about the express
54884-1,54884,473,74,1,12.00,16481.64,0.02,0.03,A,F,1992-11-10,1992-10-29,1992-11-13,NONE,FOB,he accounts. slyly even dependencies sle
54885-1,54885,971,74,1,31.00,58031.07,0.02,0.00,N,O,1997-02-07,1997-03-01,1997-02-10,DELIVER IN PERSON,SHIP,arefully ironic ideas
54885-2,54885,1350,51,2,30.00,37540.50,0.09,0.08,N,O,1997-03-07,1997-02-23,1997-03-24,NONE,TRUCK,nusual foxes nag even packages. quickly ex
54885-3,54885,1839,69,3,48.00,83559.84,0.00,0.03,N,O,1997-02-24,1997-02-12,1997-03-08,TAKE BACK RETURN,AIR, instructions wake 
54885-4,54885,225,26,4,48.00,54010.56,0.00,0.05,N,O,1997-01-22,1997-02-09,1997-02-14,NONE,FOB,"ecial tithes. ironic, regular excuses "
54885-5,54885,229,57,5,1.00,1129.22,0.03,0.01,N,O,1997-02-04,1997-01-09,1997-02-17,COLLECT COD,TRUCK,ve to use. always
54886-1,54886,1683,84,1,14.00,22185.52,0.10,0.06,R,F,1992-09-24,1992-10-11,1992-10-07,TAKE BACK RETURN,FOB,ow dolphins cajole furiously req
54886-2,54886,1093,99,2,17.00,16899.53,0.04,0.01,R,F,1992-09-24,1992-09-12,1992-10-07,NONE,RAIL,"nal, final theodolit"
54886-3,54886,1209,47,3,12.00,13322.40,0.04,0.08,A,F,1992-10-23,1992-11-01,1992-11-14,TAKE BACK RETURN,SHIP,ding to the fluffily special pl
54887-1,54887,1935,80,1,33.00,60618.69,0.06,0.01,N,O,1998-08-26,1998-09-19,1998-09-06,NONE,TRUCK,e carefully regular escapades wake th
54887-2,54887,1700,83,2,6.00,9610.20,0.01,0.03,N,O,1998-10-30,1998-08-29,1998-11-20,COLLECT COD,TRUCK,lly special theodol
54887-3,54887,1767,52,3,7.00,11681.32,0.06,0.06,N,O,1998-10-01,1998-10-10,1998-10-15,NONE,REG AIR,ms wake slyly furiously bold accounts
54912-1,54912,217,72,1,14.00,15640.94,0.07,0.06,N,O,1995-10-01,1995-08-31,1995-10-18,DELIVER IN PERSON,RAIL,he slowly 
54912-2,54912,1403,21,2,7.00,9130.80,0.00,0.01,N,O,1995-10-01,1995-09-14,1995-10-11,TAKE BACK RETURN,RAIL,permanently blithely special theodolit
54913-1,54913,475,34,1,26.00,35762.22,0.00,0.08,A,F,1993-09-08,1993-09-11,1993-09-20,COLLECT COD,AIR,ly regular pl
54914-1,54914,679,73,1,20.00,31593.40,0.09,0.04,N,O,1995-11-16,1995-10-12,1995-11-28,NONE,RAIL,unts cajole s
54914-2,54914,1396,73,2,30.00,38921.70,0.07,0.03,N,O,1995-09-27,1995-11-09,1995-10-23,TAKE BACK RETURN,TRUCK,ave to sleep across 
54914-3,54914,1396,97,3,2.00,2594.78,0.02,0.06,N,O,1995-11-09,1995-10-07,1995-12-01,TAKE BACK RETURN,FOB,riously bold accounts. fluffily express re
54914-4,54914,330,31,4,50.00,61516.50,0.08,0.00,N,O,1995-09-11,1995-10-11,1995-09-14,COLLECT COD,SHIP,aggle furiously slyly special foxes. c
54914-5,54914,1032,3,5,33.00,30789.99,0.06,0.06,N,O,1995-11-11,1995-10-24,1995-12-05,TAKE BACK RETURN,MAIL,ly regular platelets wa
54914-6,54914,1759,44,6,32.00,53144.00,0.10,0.05,N,O,1995-09-01,1995-11-07,1995-09-14,COLLECT COD,REG AIR,tes shall have to cajole carefully; quiet a
54914-7,54914,743,76,7,26.00,42737.24,0.04,0.08,N,O,1995-11-16,1995-11-15,1995-12-11,NONE,SHIP,e fluffily
54915-1,54915,1833,20,1,7.00,12143.81,0.05,0.00,N,O,1995-09-22,1995-08-31,1995-09-30,TAKE BACK RETURN,REG AIR,kages wake-- fluffily fi
54916-1,54916,215,97,1,22.00,24534.62,0.08,0.02,N,O,1998-05-19,1998-04-08,1998-06-11,COLLECT COD,TRUCK,s are. fluffily regul
54916-2,54916,160,39,2,17.00,18022.72,0.07,0.00,N,O,1998-04-07,1998-04-11,1998-04-30,NONE,TRUCK,"ronic, express requests cajole blithely abo"
54916-3,54916,1227,39,3,1.00,1128.22,0.05,0.01,N,O,1998-02-04,1998-04-17,1998-02-24,TAKE BACK RETURN,REG AIR,arefully ironic excuses. blithe
54917-1,54917,872,39,1,15.00,26593.05,0.01,0.07,A,F,1993-07-12,1993-07-02,1993-07-16,DELIVER IN PERSON,SHIP,". even, regular deposits will have to "
54917-2,54917,762,27,2,12.00,19953.12,0.03,0.07,A,F,1993-06-03,1993-05-17,1993-06-10,NONE,SHIP,lithely dolp
54917-3,54917,982,51,3,10.00,18829.80,0.07,0.01,R,F,1993-06-10,1993-07-09,1993-07-10,TAKE BACK RETURN,FOB, special packages. slyly spe
54917-4,54917,1507,28,4,44.00,61974.00,0.04,0.04,A,F,1993-05-18,1993-05-27,1993-05-23,NONE,REG AIR,s. deposits detect furio
54917-5,54917,1687,11,5,43.00,68313.24,0.08,0.08,R,F,1993-05-04,1993-07-03,1993-05-29,COLLECT COD,AIR,nusual forges. fluffily unusual 
54917-6,54917,1799,26,6,40.00,68031.60,0.08,0.01,A,F,1993-07-20,1993-05-23,1993-08-15,NONE,MAIL,usly ironic packages. expr
54917-7,54917,843,44,7,25.00,43596.00,0.09,0.02,R,F,1993-07-21,1993-05-28,1993-08-08,TAKE BACK RETURN,REG AIR,ies: slyly regular package
54918-1,54918,1033,4,1,4.00,3736.12,0.01,0.03,N,O,1996-05-30,1996-05-20,1996-06-20,NONE,REG AIR,ges use furiously above the care
54918-2,54918,1626,27,2,41.00,62632.42,0.08,0.02,N,O,1996-08-07,1996-06-05,1996-08-15,DELIVER IN PERSON,REG AIR,inal accounts. bold dolph
54919-1,54919,603,4,1,37.00,55633.20,0.03,0.05,A,F,1994-05-21,1994-06-08,1994-06-03,DELIVER IN PERSON,SHIP,en accounts cajole furiously special
54919-2,54919,1329,44,2,37.00,45521.84,0.08,0.03,A,F,1994-08-28,1994-07-09,1994-09-14,TAKE BACK RETURN,SHIP,otes. slyly bold
54919-3,54919,1972,17,3,29.00,54345.13,0.05,0.07,A,F,1994-08-10,1994-07-20,1994-08-24,NONE,AIR,es maintain ideas. qui
54919-4,54919,779,12,4,31.00,52072.87,0.04,0.02,R,F,1994-08-21,1994-06-07,1994-09-06,COLLECT COD,REG AIR,nto beans use. furiously
54919-5,54919,1273,48,5,9.00,10568.43,0.09,0.02,A,F,1994-08-29,1994-07-11,1994-09-11,DELIVER IN PERSON,MAIL,c deposits haggle perm
54944-1,54944,1401,2,1,31.00,40374.40,0.02,0.04,A,F,1995-02-26,1995-02-23,1995-02-27,NONE,MAIL,accounts. car
54945-1,54945,1714,41,1,5.00,8078.55,0.05,0.02,N,O,1997-01-03,1996-12-17,1997-01-21,COLLECT COD,MAIL,gside of the regular package
54945-2,54945,1390,67,2,46.00,59403.94,0.00,0.04,N,O,1997-01-04,1996-10-19,1997-01-13,TAKE BACK RETURN,RAIL,old accounts across the foxes haggle
54945-3,54945,715,16,3,25.00,40392.75,0.00,0.08,N,O,1996-09-30,1996-11-30,1996-10-06,NONE,REG AIR,yly. carefully reg
54945-4,54945,1275,87,4,26.00,30583.02,0.06,0.00,N,O,1997-01-11,1996-11-02,1997-01-25,DELIVER IN PERSON,MAIL,areful ideas. slyly unusual deposits dete
54945-5,54945,276,4,5,32.00,37640.64,0.00,0.02,N,O,1996-10-12,1996-10-24,1996-10-13,NONE,TRUCK,e. carefully final platel
54945-6,54945,412,13,6,39.00,51183.99,0.01,0.08,N,O,1996-10-03,1996-12-17,1996-10-06,NONE,AIR,ong the slyly ironi
54945-7,54945,1033,69,7,22.00,20548.66,0.06,0.04,N,O,1996-10-26,1996-12-05,1996-11-02,TAKE BACK RETURN,AIR,s! slyly silent packages h
54946-1,54946,1776,3,1,29.00,48655.33,0.05,0.01,N,O,1997-12-12,1998-01-02,1998-01-09,TAKE BACK RETURN,MAIL,en theodoli
54946-2,54946,906,7,2,12.00,21682.80,0.00,0.06,N,O,1997-12-08,1998-01-25,1998-01-06,NONE,AIR,ole after the even tithes. slyly even r
54946-3,54946,1040,46,3,39.00,36700.56,0.10,0.06,N,O,1997-12-25,1998-01-23,1998-01-06,DELIVER IN PERSON,SHIP,ly unusual accounts. packages haggle blith
54946-4,54946,1586,27,4,38.00,56528.04,0.04,0.08,N,O,1997-12-01,1998-02-14,1997-12-08,DELIVER IN PERSON,FOB,y about the deposits. even acco
54946-5,54946,689,83,5,36.00,57228.48,0.10,0.08,N,O,1997-12-16,1998-01-17,1997-12-20,COLLECT COD,SHIP,e furiously after the pinto beans.
54946-6,54946,599,90,6,33.00,49486.47,0.07,0.01,N,O,1997-12-26,1998-01-17,1998-01-01,COLLECT COD,REG AIR,e carefully bold
54946-7,54946,1735,78,7,15.00,24550.95,0.02,0.08,N,O,1998-01-16,1997-12-21,1998-01-20,DELIVER IN PERSON,FOB,warthogs hag
54947-1,54947,1979,80,1,30.00,56429.10,0.10,0.01,R,F,1994-04-26,1994-04-08,1994-05-24,COLLECT COD,FOB,brave tithes integrate. quickly b
54947-2,54947,1225,37,2,6.00,6757.32,0.10,0.08,R,F,1994-04-06,1994-04-01,1994-05-05,NONE,AIR,ts wake about the fluf
54947-3,54947,175,28,3,44.00,47307.48,0.06,0.05,A,F,1994-03-14,1994-05-20,1994-03-20,TAKE BACK RETURN,MAIL,e carefully blithel
54947-4,54947,1401,80,4,48.00,62515.20,0.04,0.00,R,F,1994-04-18,1994-03-29,1994-04-25,NONE,REG AIR, cajole slyly among the slyly sp
54948-1,54948,1014,50,1,4.00,3660.04,0.09,0.01,N,O,1997-11-25,1998-01-14,1997-12-12,NONE,MAIL,fully furiously final theodolites. quickly
54948-2,54948,1325,26,2,20.00,24526.40,0.04,0.06,N,O,1997-12-28,1997-12-30,1997-12-31,COLLECT COD,MAIL,mong the theodolites. quickly bra
54948-3,54948,1600,41,3,4.00,6006.40,0.03,0.02,N,O,1997-12-09,1998-01-31,1997-12-19,TAKE BACK RETURN,RAIL,ic instruc
54948-4,54948,1609,51,4,43.00,64955.80,0.08,0.02,N,O,1998-02-11,1998-02-03,1998-03-03,COLLECT COD,SHIP, instructions above the
54949-1,54949,699,93,1,8.00,12797.52,0.03,0.00,R,F,1994-11-09,1994-09-30,1994-11-23,COLLECT COD,REG AIR,uriously iron
54949-2,54949,1336,13,2,33.00,40831.89,0.06,0.04,R,F,1994-10-13,1994-11-09,1994-10-29,TAKE BACK RETURN,TRUCK,counts. blithely unusual accounts boost.
54949-3,54949,1259,60,3,28.00,32487.00,0.10,0.00,A,F,1994-09-28,1994-09-19,1994-10-16,TAKE BACK RETURN,TRUCK,lyly express dolphins
54949-4,54949,1860,47,4,13.00,22904.18,0.10,0.08,A,F,1994-10-26,1994-09-15,1994-11-04,DELIVER IN PERSON,RAIL,d have to wake slyly pending instruct
54949-5,54949,1878,79,5,10.00,17798.70,0.03,0.00,R,F,1994-11-03,1994-09-26,1994-11-30,NONE,SHIP,e furiously regular
54949-6,54949,1651,93,6,46.00,71421.90,0.05,0.03,A,F,1994-10-21,1994-10-25,1994-11-12,DELIVER IN PERSON,REG AIR, the ironic accounts. fluffily ironic 
54949-7,54949,780,77,7,35.00,58827.30,0.09,0.06,R,F,1994-10-27,1994-10-22,1994-11-12,COLLECT COD,RAIL,eposits are silently ironic pains. pending
54950-1,54950,1401,2,1,26.00,33862.40,0.07,0.06,A,F,1994-03-19,1994-02-10,1994-04-16,COLLECT COD,AIR,the furiously ironic platelets.
54950-2,54950,1546,87,2,25.00,36188.50,0.04,0.04,R,F,1994-01-21,1994-02-06,1994-02-14,NONE,TRUCK, asymptotes sleep quickly. pinto bean
54950-3,54950,951,86,3,4.00,7407.80,0.09,0.05,R,F,1994-03-09,1994-01-22,1994-03-14,COLLECT COD,AIR,xes nag. carefully pending attainments 
54950-4,54950,502,3,4,26.00,36465.00,0.02,0.03,A,F,1994-02-25,1994-02-11,1994-03-20,TAKE BACK RETURN,RAIL,dependencies
54950-5,54950,1459,77,5,5.00,6802.25,0.06,0.03,A,F,1994-01-06,1994-01-22,1994-01-13,TAKE BACK RETURN,TRUCK,counts. regular
54950-6,54950,230,31,6,40.00,45209.20,0.03,0.07,A,F,1994-01-28,1994-01-25,1994-02-17,DELIVER IN PERSON,TRUCK,ously special courts wake slyly pinto b
54951-1,54951,953,22,1,19.00,35225.05,0.01,0.00,N,O,1998-06-18,1998-06-11,1998-06-28,TAKE BACK RETURN,RAIL,"l, ironic theodolites maintain slyly p"
54951-2,54951,560,21,2,40.00,58422.40,0.09,0.00,N,O,1998-06-08,1998-05-25,1998-06-11,COLLECT COD,MAIL,nic requests cajole furiously. fluffily sp
54951-3,54951,1130,31,3,3.00,3093.39,0.08,0.07,N,O,1998-06-15,1998-06-30,1998-07-09,COLLECT COD,MAIL,y final packages. fluffily final pla
54951-4,54951,1679,62,4,32.00,50581.44,0.03,0.02,N,O,1998-05-20,1998-06-01,1998-06-15,DELIVER IN PERSON,SHIP,"lly final, ironic"
54951-5,54951,476,35,5,36.00,49552.92,0.10,0.03,N,O,1998-06-03,1998-05-18,1998-06-20,COLLECT COD,SHIP,press requests a
54951-6,54951,1769,12,6,45.00,75184.20,0.06,0.03,N,O,1998-07-04,1998-06-07,1998-07-09,NONE,FOB,usual deposits ha
54976-1,54976,489,48,1,41.00,56968.68,0.01,0.07,R,F,1993-04-02,1993-03-26,1993-04-11,DELIVER IN PERSON,MAIL,fluffily regular foxes 
54977-1,54977,1878,65,1,22.00,39157.14,0.07,0.03,N,O,1995-09-24,1995-10-06,1995-10-24,DELIVER IN PERSON,SHIP,nto beans ha
54977-2,54977,1567,8,2,7.00,10279.92,0.04,0.01,N,O,1995-08-28,1995-09-24,1995-09-23,COLLECT COD,AIR,the blithely regu
54977-3,54977,840,74,3,29.00,50484.36,0.08,0.03,N,O,1995-10-06,1995-09-12,1995-10-18,DELIVER IN PERSON,RAIL,uffily furiously pending accounts. 
54977-4,54977,501,32,4,33.00,46249.50,0.03,0.03,N,O,1995-07-22,1995-09-01,1995-08-05,COLLECT COD,REG AIR,s. carefully sile
54977-5,54977,106,85,5,29.00,29176.90,0.00,0.04,N,O,1995-08-15,1995-10-01,1995-08-29,COLLECT COD,SHIP,onic courts after the final pinto 
54977-6,54977,1959,4,6,35.00,65133.25,0.04,0.00,N,O,1995-07-28,1995-09-30,1995-08-06,NONE,TRUCK,s doubt carefu
54978-1,54978,305,62,1,22.00,26516.60,0.07,0.06,R,F,1992-05-04,1992-02-27,1992-05-23,TAKE BACK RETURN,MAIL,re about t
54979-1,54979,308,9,1,8.00,9666.40,0.07,0.00,N,O,1995-11-17,1996-01-15,1995-12-11,TAKE BACK RETURN,TRUCK,p furiously over th
54980-1,54980,1357,72,1,21.00,26425.35,0.10,0.02,R,F,1994-05-30,1994-06-28,1994-06-01,TAKE BACK RETURN,FOB,s. pinto beans sleep. ir
54980-2,54980,1108,17,2,18.00,18163.80,0.03,0.07,R,F,1994-07-24,1994-06-10,1994-07-26,NONE,REG AIR,ide of the regul
54980-3,54980,1479,19,3,5.00,6902.35,0.03,0.03,A,F,1994-07-03,1994-06-21,1994-07-16,COLLECT COD,RAIL," bold, regular foxes wake careful"
54981-1,54981,1741,42,1,6.00,9856.44,0.09,0.05,A,F,1992-03-19,1992-03-28,1992-03-25,COLLECT COD,FOB,. quickly u
54981-2,54981,792,57,2,38.00,64326.02,0.07,0.03,R,F,1992-03-21,1992-04-21,1992-04-03,COLLECT COD,RAIL,lithely ironic f
54981-3,54981,39,40,3,41.00,38500.23,0.09,0.01,A,F,1992-05-29,1992-05-06,1992-06-09,NONE,TRUCK,g the carefully ironic ideas. slyly 
54982-1,54982,788,89,1,41.00,69239.98,0.01,0.01,N,O,1998-05-10,1998-05-10,1998-05-12,COLLECT COD,REG AIR,ly ironic theod
54982-2,54982,172,51,2,39.00,41814.63,0.04,0.06,N,O,1998-04-12,1998-04-06,1998-05-10,COLLECT COD,RAIL,"deas. even,"
54982-3,54982,819,53,3,37.00,63632.97,0.04,0.03,N,O,1998-05-05,1998-04-19,1998-05-08,TAKE BACK RETURN,AIR, even wate
54982-4,54982,1573,54,4,29.00,42762.53,0.09,0.03,N,O,1998-05-08,1998-04-12,1998-05-09,TAKE BACK RETURN,SHIP,instructio
54983-1,54983,630,93,1,13.00,19898.19,0.07,0.05,N,O,1998-06-15,1998-05-20,1998-07-06,TAKE BACK RETURN,TRUCK,ngly careful theodolites are f
54983-2,54983,453,12,2,35.00,47370.75,0.06,0.07,N,O,1998-03-25,1998-04-13,1998-03-30,TAKE BACK RETURN,RAIL,ccounts about the theodolites grow slyly 
55008-1,55008,1874,75,1,15.00,26638.05,0.02,0.02,N,O,1998-09-16,1998-08-25,1998-09-24,NONE,MAIL,ss deposits. pend
55008-2,55008,1826,70,2,36.00,62201.52,0.03,0.04,N,O,1998-08-29,1998-09-13,1998-08-31,TAKE BACK RETURN,TRUCK,ithely blithely regular p
55008-3,55008,938,73,3,40.00,73557.20,0.04,0.05,N,O,1998-10-10,1998-09-25,1998-11-09,COLLECT COD,FOB,ular foxes. quick
55008-4,55008,1264,2,4,32.00,37288.32,0.09,0.01,N,O,1998-07-28,1998-10-08,1998-08-22,COLLECT COD,TRUCK, furiously final requests boost blithe
55008-5,55008,1657,99,5,13.00,20262.45,0.08,0.03,N,O,1998-08-16,1998-10-09,1998-08-27,COLLECT COD,SHIP,tes cajole blith
55008-6,55008,703,36,6,12.00,19244.40,0.03,0.02,N,O,1998-07-28,1998-09-08,1998-08-08,TAKE BACK RETURN,TRUCK,nstructions are b
55008-7,55008,1075,81,7,16.00,15617.12,0.00,0.04,N,O,1998-09-19,1998-09-01,1998-10-16,TAKE BACK RETURN,MAIL,ng to the slyly regular pinto beans kindle 
55009-1,55009,378,63,1,22.00,28124.14,0.06,0.06,R,F,1992-10-09,1992-11-08,1992-11-08,TAKE BACK RETURN,AIR,lly regular deposits are blithel
55009-2,55009,593,94,2,50.00,74679.50,0.02,0.08,R,F,1992-10-27,1992-11-24,1992-11-02,TAKE BACK RETURN,RAIL,ess instructions sleep accordin
55010-1,55010,1648,72,1,10.00,15496.40,0.01,0.08,N,O,1998-08-13,1998-10-24,1998-08-29,COLLECT COD,AIR,"le along the express,"
55010-2,55010,1816,46,2,14.00,24049.34,0.09,0.06,N,O,1998-10-26,1998-09-05,1998-10-29,COLLECT COD,FOB,s sleep fluffil
55010-3,55010,1917,6,3,41.00,74575.31,0.05,0.05,N,O,1998-08-17,1998-09-28,1998-08-20,NONE,REG AIR,"y fluffily slow requests. even, ir"
55010-4,55010,921,24,4,46.00,83808.32,0.08,0.07,N,O,1998-09-16,1998-09-08,1998-09-18,DELIVER IN PERSON,AIR, haggle furiously. requests nag quick
55011-1,55011,300,1,1,33.00,39609.90,0.06,0.02,R,F,1992-02-14,1992-02-10,1992-02-28,TAKE BACK RETURN,AIR,counts. regu
55011-2,55011,261,89,2,25.00,29031.50,0.05,0.03,R,F,1992-02-13,1992-03-03,1992-02-19,DELIVER IN PERSON,REG AIR,final accounts abou
55011-3,55011,531,22,3,34.00,48672.02,0.00,0.06,A,F,1992-04-07,1992-02-29,1992-04-21,NONE,SHIP,mong the quickly unusual pa
55011-4,55011,273,55,4,13.00,15252.51,0.06,0.03,A,F,1992-04-21,1992-02-26,1992-05-18,COLLECT COD,RAIL, blithely special requests sleep bu
55011-5,55011,112,65,5,50.00,50605.50,0.04,0.04,R,F,1992-03-04,1992-03-04,1992-03-08,NONE,TRUCK,"r, final foxe"
55011-6,55011,1719,4,6,20.00,32414.20,0.03,0.00,A,F,1992-01-17,1992-02-07,1992-02-02,TAKE BACK RETURN,AIR,unts wake careful
55012-1,55012,1606,89,1,49.00,73872.40,0.09,0.00,N,O,1998-05-01,1998-03-20,1998-05-26,TAKE BACK RETURN,RAIL,riously even Tiresias prom
55012-2,55012,513,74,2,42.00,59367.42,0.01,0.02,N,O,1998-05-09,1998-04-13,1998-05-28,COLLECT COD,TRUCK,s wake car
55013-1,55013,1015,16,1,33.00,30228.33,0.05,0.08,N,O,1995-10-04,1995-08-29,1995-10-30,NONE,FOB,es use above 
55013-2,55013,1044,50,2,50.00,47252.00,0.01,0.04,N,O,1995-10-25,1995-08-13,1995-11-03,COLLECT COD,REG AIR,uffily iro
55013-3,55013,1345,60,3,12.00,14956.08,0.05,0.03,N,O,1995-07-24,1995-09-25,1995-08-07,TAKE BACK RETURN,MAIL,slyly furiously even
55013-4,55013,722,19,4,26.00,42190.72,0.00,0.05,N,O,1995-09-07,1995-08-26,1995-10-06,NONE,TRUCK,"xpress requests haggle even, final"
55013-5,55013,1130,3,5,8.00,8249.04,0.10,0.03,N,O,1995-08-17,1995-10-01,1995-09-05,COLLECT COD,TRUCK,s. ideas haggl
55014-1,55014,1436,15,1,31.00,41460.33,0.07,0.06,A,F,1993-11-12,1993-12-10,1993-11-19,TAKE BACK RETURN,RAIL,to doubt slyly. stealthil
55014-2,55014,849,50,2,28.00,48995.52,0.06,0.00,A,F,1994-02-23,1994-01-04,1994-02-28,DELIVER IN PERSON,AIR,eve carefully. furiously even 
55014-3,55014,1624,48,3,35.00,53396.70,0.06,0.03,A,F,1994-01-16,1994-01-07,1994-01-26,NONE,FOB, special instruction
55014-4,55014,452,11,4,9.00,12172.05,0.01,0.03,R,F,1994-01-15,1993-12-18,1994-01-18,TAKE BACK RETURN,FOB, quickly regul
55014-5,55014,1721,48,5,37.00,60040.64,0.01,0.03,A,F,1994-01-09,1993-12-23,1994-01-12,NONE,RAIL,uriously. accounts wake carefully. 
55014-6,55014,855,56,6,48.00,84280.80,0.08,0.00,R,F,1993-12-27,1994-01-23,1994-01-11,COLLECT COD,SHIP,ests. packages unwind blithely 
55014-7,55014,147,26,7,15.00,15707.10,0.04,0.01,R,F,1993-11-19,1993-12-30,1993-12-18,TAKE BACK RETURN,FOB,lar requests. quickly pen
55015-1,55015,1654,37,1,41.00,63781.65,0.05,0.05,A,F,1993-11-15,1993-11-13,1993-11-16,COLLECT COD,MAIL,nticing frays. slyly even request
55015-2,55015,244,99,2,12.00,13730.88,0.00,0.03,R,F,1993-12-11,1993-11-10,1994-01-09,NONE,SHIP,taphs. finally 
55015-3,55015,1737,64,3,26.00,42606.98,0.08,0.03,A,F,1993-11-23,1993-12-02,1993-12-02,DELIVER IN PERSON,FOB,s. carefully ironic packages 
55015-4,55015,787,20,4,3.00,5063.34,0.10,0.05,R,F,1993-11-21,1993-11-22,1993-12-08,COLLECT COD,FOB,ious request
55015-5,55015,920,55,5,40.00,72836.80,0.02,0.04,A,F,1993-12-14,1993-11-28,1994-01-10,DELIVER IN PERSON,SHIP,lyly against the carefu
55015-6,55015,1084,85,6,50.00,49254.00,0.01,0.01,R,F,1993-10-11,1993-11-11,1993-11-09,TAKE BACK RETURN,MAIL,arefully. blithely even req
55040-1,55040,1807,51,1,22.00,37593.60,0.08,0.04,R,F,1994-05-16,1994-06-21,1994-05-19,TAKE BACK RETURN,MAIL,uriously regular orbits wake fl
55040-2,55040,1634,35,2,3.00,4606.89,0.07,0.03,A,F,1994-06-14,1994-07-09,1994-07-03,TAKE BACK RETURN,AIR, of the carefully special accounts. furiou
55040-3,55040,256,11,3,29.00,33531.25,0.01,0.01,A,F,1994-04-17,1994-06-20,1994-04-18,COLLECT COD,TRUCK,yly. depende
55040-4,55040,1047,53,4,27.00,25597.08,0.09,0.07,R,F,1994-08-07,1994-05-13,1994-08-19,DELIVER IN PERSON,SHIP,ly after the bold deposits. blith
55040-5,55040,1958,59,5,3.00,5579.85,0.03,0.04,A,F,1994-07-18,1994-05-28,1994-08-03,NONE,SHIP,s. unusual deposits sleep da
55040-6,55040,1614,38,6,41.00,62140.01,0.03,0.03,A,F,1994-04-18,1994-06-28,1994-05-05,COLLECT COD,REG AIR,aring instructions haggle blithely. ironic
55041-1,55041,871,71,1,39.00,69102.93,0.01,0.05,N,O,1997-01-11,1996-12-04,1997-01-13,NONE,FOB,"unusual, final instructi"
55041-2,55041,299,27,2,39.00,46772.31,0.01,0.07,N,O,1997-01-10,1996-11-16,1997-01-27,NONE,FOB,ily furious theodolit
55041-3,55041,125,78,3,32.00,32803.84,0.07,0.02,N,O,1997-01-15,1996-12-16,1997-01-31,NONE,TRUCK,ts mold stealthily at the i
55041-4,55041,984,87,4,6.00,11309.88,0.04,0.05,N,O,1996-10-27,1996-11-27,1996-11-06,NONE,TRUCK,the ironic i
55041-5,55041,615,78,5,10.00,15156.10,0.08,0.08,N,O,1996-09-27,1996-12-15,1996-10-27,NONE,MAIL,fully special instructio
55042-1,55042,1262,100,1,29.00,33734.54,0.05,0.08,N,O,1996-02-09,1996-02-17,1996-02-10,TAKE BACK RETURN,RAIL,rmanently final de
55042-2,55042,1848,92,2,43.00,75243.12,0.04,0.03,N,O,1996-02-07,1996-02-19,1996-03-08,DELIVER IN PERSON,SHIP,rious forges across the quickly final acco
55043-1,55043,219,20,1,25.00,27980.25,0.03,0.05,N,O,1997-03-08,1997-03-31,1997-03-19,COLLECT COD,MAIL,l foxes wake furiously even instructions;
55043-2,55043,1223,98,2,9.00,10117.98,0.00,0.03,N,O,1997-06-18,1997-04-13,1997-07-17,NONE,AIR,tions. blithely unusual courts around the t
55043-3,55043,1005,11,3,34.00,30804.00,0.03,0.03,N,O,1997-04-09,1997-05-01,1997-05-04,NONE,RAIL,. fluffily final packages
55043-4,55043,1988,33,4,44.00,83159.12,0.09,0.00,N,O,1997-03-22,1997-05-22,1997-03-26,DELIVER IN PERSON,RAIL, packages cajole slyly.
55043-5,55043,1118,19,5,36.00,36687.96,0.10,0.04,N,O,1997-05-28,1997-04-17,1997-06-20,DELIVER IN PERSON,MAIL,otes affix s
55044-1,55044,688,20,1,49.00,77845.32,0.09,0.08,N,O,1998-05-29,1998-04-18,1998-06-15,DELIVER IN PERSON,RAIL,cajole slyly ar
55044-2,55044,344,29,2,49.00,60972.66,0.00,0.04,N,O,1998-06-06,1998-03-22,1998-06-26,NONE,REG AIR,beans maintain
55044-3,55044,1587,88,3,31.00,46145.98,0.02,0.07,N,O,1998-04-10,1998-04-03,1998-04-12,TAKE BACK RETURN,REG AIR,hely ironic packages are blithe
55045-1,55045,652,46,1,27.00,41921.55,0.00,0.07,R,F,1995-01-13,1995-01-29,1995-01-27,NONE,MAIL,ly even accoun
55046-1,55046,444,74,1,37.00,49744.28,0.04,0.04,R,F,1994-07-10,1994-06-07,1994-07-27,COLLECT COD,REG AIR, according to the stealth
55046-2,55046,1348,63,2,17.00,21238.78,0.06,0.01,R,F,1994-05-04,1994-05-23,1994-05-31,NONE,MAIL,ly quickly ironic packages. furiousl
55047-1,55047,1083,84,1,21.00,20665.68,0.10,0.01,A,F,1993-10-08,1993-08-12,1993-10-09,TAKE BACK RETURN,AIR,"ackages. even, bold asymptotes "
55047-2,55047,537,68,2,16.00,23000.48,0.02,0.05,A,F,1993-07-13,1993-07-23,1993-07-14,TAKE BACK RETURN,SHIP,quests haggle regular gi
55047-3,55047,1300,12,3,10.00,12013.00,0.08,0.05,A,F,1993-06-29,1993-09-16,1993-07-25,NONE,FOB,"ily even dugouts. bold, regular requests"
55047-4,55047,541,2,4,37.00,53336.98,0.06,0.01,A,F,1993-08-09,1993-08-08,1993-08-28,DELIVER IN PERSON,FOB,. furiously p
55047-5,55047,1070,71,5,35.00,33987.45,0.01,0.03,A,F,1993-09-24,1993-08-27,1993-10-24,DELIVER IN PERSON,RAIL,luffily carefully bold requests
55047-6,55047,1304,5,6,19.00,22900.70,0.07,0.04,A,F,1993-10-10,1993-07-22,1993-10-20,NONE,RAIL,y special deposits. exp
55047-7,55047,1701,86,7,16.00,25643.20,0.04,0.03,A,F,1993-08-04,1993-09-13,1993-08-07,TAKE BACK RETURN,MAIL,ackages against the sheaves are carefull
55072-1,55072,627,90,1,22.00,33607.64,0.04,0.04,R,F,1995-01-21,1995-03-09,1995-01-23,TAKE BACK RETURN,AIR,ial waters. furiously i
55072-2,55072,1006,7,2,2.00,1814.00,0.00,0.08,R,F,1995-05-04,1995-02-25,1995-05-23,NONE,RAIL,"ing, bold instructions. "
55072-3,55072,831,32,3,2.00,3463.66,0.03,0.06,A,F,1995-03-07,1995-03-12,1995-03-22,TAKE BACK RETURN,RAIL,eas sleep ironic ideas. blithely regul
55072-4,55072,517,48,4,16.00,22680.16,0.07,0.05,A,F,1995-01-16,1995-03-09,1995-01-24,DELIVER IN PERSON,FOB,side of the fluffily silent idea
55073-1,55073,649,43,1,46.00,71283.44,0.01,0.06,R,F,1992-03-26,1992-05-27,1992-04-21,COLLECT COD,TRUCK,venly blithe requests. quickly ironic r
55073-2,55073,822,23,2,21.00,36179.22,0.04,0.05,R,F,1992-04-23,1992-05-28,1992-05-17,COLLECT COD,FOB,ickly even acc
55074-1,55074,423,53,1,7.00,9263.94,0.00,0.04,N,O,1997-12-07,1997-10-26,1997-12-20,NONE,RAIL, above the deposits. quickly regular i
55074-2,55074,238,66,2,9.00,10244.07,0.04,0.07,N,O,1998-01-08,1997-10-15,1998-01-26,NONE,TRUCK,ourts; platelets according to the 
55074-3,55074,1313,52,3,47.00,57072.57,0.01,0.03,N,O,1998-01-03,1997-12-01,1998-01-21,DELIVER IN PERSON,TRUCK,tions wake. furiously stealthy accou
55074-4,55074,435,65,4,34.00,45404.62,0.08,0.04,N,O,1997-09-22,1997-10-10,1997-09-26,COLLECT COD,REG AIR, theodolites. quic
55074-5,55074,1530,51,5,5.00,7157.65,0.01,0.05,N,O,1997-11-17,1997-11-03,1997-12-15,NONE,RAIL,iously bold foxes above the quickly e
55074-6,55074,378,35,6,26.00,33237.62,0.08,0.07,N,O,1997-11-14,1997-11-10,1997-11-27,NONE,TRUCK,otes wake slyly to the furiou
55075-1,55075,49,25,1,47.00,44604.88,0.02,0.04,A,F,1995-06-01,1995-04-09,1995-06-16,DELIVER IN PERSON,RAIL,ickly pending foxes sleep. slyly unusu
55075-2,55075,746,43,2,22.00,36228.28,0.00,0.04,A,F,1995-02-08,1995-03-29,1995-02-21,DELIVER IN PERSON,MAIL,nts sleep packages. furiously silent
55075-3,55075,1253,28,3,32.00,36936.00,0.02,0.01,R,F,1995-04-12,1995-03-22,1995-05-09,DELIVER IN PERSON,REG AIR, blithely special packages. qui
55075-4,55075,425,26,4,50.00,66271.00,0.06,0.01,A,F,1995-03-21,1995-03-15,1995-03-24,COLLECT COD,AIR,ests use ca
55076-1,55076,1961,62,1,22.00,40985.12,0.01,0.04,N,O,1996-07-08,1996-07-04,1996-08-07,COLLECT COD,SHIP,ly regular accounts play quickly ir
55076-2,55076,1399,14,2,44.00,57217.16,0.09,0.03,N,O,1996-05-29,1996-08-20,1996-06-24,NONE,TRUCK,"e carefully regular, idle deposits. quickly"
55076-3,55076,722,87,3,47.00,76267.84,0.00,0.04,N,O,1996-09-23,1996-08-24,1996-10-20,TAKE BACK RETURN,TRUCK,arefully. deposits gro
55076-4,55076,910,13,4,41.00,74247.31,0.08,0.03,N,O,1996-06-14,1996-08-03,1996-06-26,NONE,FOB,ing hockey players. deposit
55076-5,55076,500,30,5,15.00,21007.50,0.01,0.06,N,O,1996-09-16,1996-07-27,1996-09-18,COLLECT COD,TRUCK,ccounts haggle. ideas nag quietly. 
55076-6,55076,768,65,6,5.00,8343.80,0.02,0.00,N,O,1996-08-15,1996-08-23,1996-09-01,DELIVER IN PERSON,SHIP,y express deposits. special theodolites bo
55076-7,55076,905,6,7,7.00,12641.30,0.05,0.05,N,O,1996-06-29,1996-08-16,1996-07-20,DELIVER IN PERSON,RAIL,slyly pending instructions-- silent foxes
55077-1,55077,1964,53,1,14.00,26123.44,0.04,0.04,N,O,1995-10-20,1995-12-07,1995-11-14,TAKE BACK RETURN,REG AIR,"slyly ruthless, special accounts. iron"
55077-2,55077,785,82,2,44.00,74174.32,0.02,0.00,N,O,1996-01-23,1995-11-06,1996-02-03,TAKE BACK RETURN,AIR,thely furiously unusual pinto be
55077-3,55077,1588,89,3,21.00,31281.18,0.06,0.03,N,O,1996-01-15,1995-12-15,1996-02-10,NONE,TRUCK,telets wake according to th
55077-4,55077,240,95,4,46.00,52451.04,0.02,0.06,N,O,1995-10-07,1995-12-10,1995-10-26,DELIVER IN PERSON,RAIL,inal pinto beans. enticingly final
55078-1,55078,518,49,1,22.00,31207.22,0.01,0.01,N,O,1998-06-18,1998-07-19,1998-06-28,COLLECT COD,TRUCK,unusual pinto beans. pinto beans
55078-2,55078,783,80,2,8.00,13470.24,0.09,0.06,N,O,1998-07-23,1998-09-05,1998-08-01,NONE,AIR, dependencies sleep after
55078-3,55078,1924,69,3,43.00,78514.56,0.09,0.02,N,O,1998-06-25,1998-08-23,1998-07-07,DELIVER IN PERSON,MAIL,cajole slyly pendin
55079-1,55079,417,76,1,40.00,52696.40,0.08,0.07,N,O,1996-08-12,1996-06-28,1996-09-06,NONE,TRUCK,express foxes. blithely pending deposits
55079-2,55079,1520,1,2,23.00,32694.96,0.10,0.08,N,O,1996-07-08,1996-06-04,1996-07-30,COLLECT COD,FOB,final accoun
55079-3,55079,1305,82,3,21.00,25332.30,0.07,0.02,N,O,1996-08-27,1996-06-12,1996-08-30,NONE,AIR,o the regular 
55079-4,55079,1263,1,4,8.00,9314.08,0.08,0.08,N,O,1996-08-08,1996-06-08,1996-08-26,DELIVER IN PERSON,SHIP,ts. furiously iro
55104-1,55104,1574,15,1,1.00,1475.57,0.04,0.06,N,O,1998-05-01,1998-04-07,1998-05-02,NONE,AIR, slyly across the
55104-2,55104,997,66,2,30.00,56939.70,0.06,0.01,N,O,1998-01-23,1998-03-09,1998-02-21,DELIVER IN PERSON,SHIP,l requests wake quickly. fluffily un
55104-3,55104,1716,1,3,22.00,35589.62,0.05,0.03,N,O,1998-02-28,1998-03-05,1998-03-27,NONE,REG AIR,sual platelets shall wa
55104-4,55104,574,5,4,4.00,5898.28,0.08,0.04,N,O,1998-02-25,1998-03-26,1998-03-07,COLLECT COD,SHIP,luffily regular courts
55104-5,55104,1019,20,5,6.00,5520.06,0.06,0.07,N,O,1998-05-10,1998-04-01,1998-06-01,NONE,REG AIR, carefully among the even ideas. express p
55105-1,55105,1382,21,1,47.00,60318.86,0.10,0.01,R,F,1994-05-18,1994-06-07,1994-05-26,TAKE BACK RETURN,FOB,usly bold pinto beans wake blithely acro
55105-2,55105,1478,57,2,13.00,17933.11,0.05,0.04,R,F,1994-06-21,1994-07-28,1994-07-06,COLLECT COD,AIR, wake abou
55105-3,55105,594,95,3,36.00,53805.24,0.07,0.04,R,F,1994-08-05,1994-06-11,1994-08-19,NONE,TRUCK, final accounts. slyly even pinto be
55105-4,55105,589,80,4,36.00,53624.88,0.00,0.05,A,F,1994-07-30,1994-07-17,1994-08-12,NONE,TRUCK,"es cajole slyly along the special, "
55105-5,55105,115,68,5,21.00,21317.31,0.03,0.08,A,F,1994-08-29,1994-07-10,1994-09-28,NONE,TRUCK,"he final, express dependencies."
55106-1,55106,1795,80,1,42.00,71265.18,0.02,0.06,N,O,1996-08-16,1996-06-26,1996-09-01,COLLECT COD,RAIL,according to the blith
55106-2,55106,967,36,2,35.00,65378.60,0.01,0.01,N,O,1996-06-16,1996-07-14,1996-07-10,DELIVER IN PERSON,RAIL,tructions wake blithely. pendin
55107-1,55107,314,43,1,50.00,60715.50,0.05,0.05,A,F,1993-08-24,1993-06-09,1993-09-06,NONE,AIR,gle after the quickl
55107-2,55107,24,75,2,50.00,46201.00,0.06,0.08,R,F,1993-09-04,1993-08-03,1993-09-07,COLLECT COD,MAIL,"ove the final, regula"
55107-3,55107,1729,30,3,27.00,44029.44,0.06,0.05,R,F,1993-08-09,1993-06-26,1993-09-07,TAKE BACK RETURN,AIR,ideas. regular she
55107-4,55107,1975,20,4,22.00,41293.34,0.00,0.02,A,F,1993-05-23,1993-07-09,1993-06-20,TAKE BACK RETURN,RAIL,ully regular pinto beans run slyly accor
55108-1,55108,506,37,1,36.00,50634.00,0.08,0.04,N,O,1997-10-29,1997-11-20,1997-10-30,COLLECT COD,SHIP,"nts detect silent, reg"
55108-2,55108,1772,15,2,32.00,53560.64,0.10,0.05,N,O,1997-09-21,1997-11-14,1997-09-30,COLLECT COD,REG AIR,uickly at the
55108-3,55108,1893,94,3,29.00,52051.81,0.04,0.08,N,O,1997-12-04,1997-11-04,1997-12-30,DELIVER IN PERSON,MAIL,ajole enticingly. carefully
55108-4,55108,558,49,4,23.00,33546.65,0.06,0.02,N,O,1997-10-04,1997-11-20,1997-10-23,DELIVER IN PERSON,SHIP,ckly furiously regular theodolites: furiou
55108-5,55108,1769,12,5,30.00,50122.80,0.07,0.03,N,O,1997-12-20,1997-11-16,1998-01-12,TAKE BACK RETURN,RAIL,ost blithely across
55108-6,55108,1765,50,6,23.00,38335.48,0.02,0.03,N,O,1997-11-03,1997-12-04,1997-11-28,NONE,RAIL,ely slyly ironic theod
55109-1,55109,1833,20,1,33.00,57249.39,0.03,0.04,N,O,1996-04-15,1996-05-02,1996-05-10,NONE,FOB,equests haggle slyly ironic dependenci
55110-1,55110,881,81,1,15.00,26728.20,0.02,0.04,N,O,1997-07-23,1997-09-03,1997-08-22,DELIVER IN PERSON,MAIL,ructions print fluffil
55110-2,55110,702,99,2,32.00,51286.40,0.02,0.04,N,O,1997-10-04,1997-07-24,1997-10-18,COLLECT COD,REG AIR, haggle slyly 
55110-3,55110,583,74,3,30.00,44507.40,0.04,0.01,N,O,1997-06-29,1997-09-17,1997-07-25,COLLECT COD,TRUCK,ainments ca
55110-4,55110,493,52,4,20.00,27869.80,0.02,0.03,N,O,1997-09-24,1997-09-14,1997-10-01,DELIVER IN PERSON,REG AIR,"otes. special,"
55110-5,55110,6,7,5,16.00,14496.00,0.02,0.08,N,O,1997-09-06,1997-08-10,1997-10-04,COLLECT COD,SHIP,leep fluffily asymptote
55110-6,55110,1569,70,6,29.00,42646.24,0.05,0.03,N,O,1997-07-27,1997-08-25,1997-08-07,NONE,REG AIR,cajole furiously 
55110-7,55110,1516,17,7,15.00,21262.65,0.03,0.05,N,O,1997-06-22,1997-08-18,1997-07-20,DELIVER IN PERSON,MAIL,tect quickly 
55111-1,55111,741,42,1,46.00,75520.04,0.10,0.06,N,O,1997-08-07,1997-07-14,1997-08-24,NONE,MAIL,s? carefully
55111-2,55111,270,25,2,27.00,31597.29,0.09,0.07,N,O,1997-05-27,1997-07-01,1997-06-04,NONE,SHIP,ial ideas. slyly bold ins
55111-3,55111,380,9,3,12.00,15364.56,0.06,0.00,N,O,1997-06-11,1997-07-04,1997-06-12,COLLECT COD,MAIL,ag slyly among the carefully even pin
55136-1,55136,1178,79,1,14.00,15108.38,0.10,0.03,R,F,1993-12-20,1993-11-30,1994-01-17,TAKE BACK RETURN,MAIL, at the quickly ironic requests. fluff
55136-2,55136,382,67,2,41.00,52577.58,0.08,0.02,A,F,1993-12-31,1994-01-07,1994-01-06,DELIVER IN PERSON,RAIL,arefully around the slyly ironic depos
55136-3,55136,2,3,3,46.00,41492.00,0.01,0.08,A,F,1993-11-17,1993-11-28,1993-12-14,TAKE BACK RETURN,FOB,somas. evenly bold idea
55136-4,55136,178,5,4,16.00,17250.72,0.05,0.01,A,F,1994-01-21,1993-12-11,1994-01-29,DELIVER IN PERSON,MAIL,ully ironic deposits solve quickly. regula
55136-5,55136,783,16,5,47.00,79137.66,0.09,0.05,A,F,1993-12-10,1993-12-13,1993-12-27,NONE,TRUCK,l theodolites shall have
55136-6,55136,1548,49,6,8.00,11596.32,0.00,0.01,R,F,1993-10-16,1993-11-09,1993-10-22,DELIVER IN PERSON,REG AIR,ing excuses integrate. 
55136-7,55136,1154,27,7,23.00,24268.45,0.10,0.00,A,F,1993-10-30,1993-12-12,1993-11-16,COLLECT COD,FOB,nts. slowl
55137-1,55137,19,95,1,32.00,29408.32,0.02,0.00,A,F,1993-06-10,1993-05-09,1993-07-09,TAKE BACK RETURN,TRUCK,xes. final accou
55137-2,55137,1365,66,2,38.00,48121.68,0.05,0.00,A,F,1993-04-06,1993-04-24,1993-04-08,COLLECT COD,TRUCK,l deposits. boldly regular deposits mu
55138-1,55138,233,88,1,25.00,28330.75,0.04,0.01,A,F,1994-10-02,1994-11-20,1994-10-08,DELIVER IN PERSON,REG AIR,s. regular deposits use. fluffily regul
55139-1,55139,1589,10,1,30.00,44717.40,0.00,0.03,R,F,1993-01-19,1993-04-05,1993-02-01,NONE,REG AIR,y unusual theo
55139-2,55139,1572,93,2,11.00,16209.27,0.07,0.03,R,F,1993-04-15,1993-04-05,1993-04-17,NONE,AIR,aggle fluffily
55139-3,55139,86,37,3,5.00,4930.40,0.02,0.06,R,F,1993-02-17,1993-03-29,1993-03-14,NONE,REG AIR, accounts cajole. slyly ir
55139-4,55139,610,4,4,33.00,49850.13,0.03,0.01,R,F,1993-02-05,1993-03-04,1993-02-17,TAKE BACK RETURN,MAIL,gle even accounts. regula
55139-5,55139,1150,51,5,42.00,44148.30,0.03,0.08,A,F,1993-04-24,1993-04-05,1993-05-17,NONE,MAIL, unusual deposits. regu
55139-6,55139,745,10,6,21.00,34560.54,0.09,0.03,A,F,1993-02-22,1993-04-06,1993-03-09,DELIVER IN PERSON,FOB,egrate. quickl
55139-7,55139,1784,11,7,33.00,55630.74,0.08,0.00,R,F,1993-05-12,1993-04-04,1993-05-28,DELIVER IN PERSON,AIR,ily upon the fur
55140-1,55140,1920,65,1,47.00,85630.24,0.09,0.01,A,F,1993-07-22,1993-09-04,1993-08-02,COLLECT COD,RAIL,iously regular braids nag 
55140-2,55140,134,61,2,2.00,2068.26,0.03,0.01,A,F,1993-08-21,1993-09-07,1993-08-31,COLLECT COD,FOB,e the final ideas. slyly regular p
55140-3,55140,554,15,3,16.00,23272.80,0.10,0.05,R,F,1993-08-18,1993-08-24,1993-09-11,TAKE BACK RETURN,RAIL, waters nag blithely ironic accounts. si
55140-4,55140,1446,86,4,6.00,8084.64,0.01,0.08,A,F,1993-10-01,1993-10-03,1993-10-28,NONE,MAIL,quickly slyly final dependencies
55141-1,55141,489,77,1,27.00,37515.96,0.01,0.07,N,O,1996-08-18,1996-07-03,1996-08-22,DELIVER IN PERSON,FOB,tions are. quickly reg
55141-2,55141,1979,12,2,32.00,60191.04,0.01,0.00,N,O,1996-07-07,1996-08-14,1996-07-14,NONE,FOB,deposits. bl
55142-1,55142,1435,14,1,49.00,65485.07,0.03,0.01,A,F,1994-02-25,1994-01-31,1994-02-26,DELIVER IN PERSON,TRUCK,e according to the unusual
55142-2,55142,1469,70,2,30.00,41113.80,0.03,0.00,A,F,1994-03-05,1994-02-01,1994-03-23,NONE,MAIL,xpress courts wake slyly
55142-3,55142,998,67,3,42.00,79757.58,0.08,0.06,R,F,1993-12-27,1994-02-20,1994-01-25,NONE,MAIL, packages are. carefully regular instruct
55142-4,55142,444,74,4,16.00,21511.04,0.10,0.01,A,F,1993-12-23,1994-02-27,1994-01-17,NONE,TRUCK,r accounts use car
55143-1,55143,1677,1,1,5.00,7893.35,0.09,0.05,A,F,1993-03-25,1993-03-01,1993-04-24,NONE,AIR,nto beans after the ironi
55143-2,55143,140,67,2,47.00,48886.58,0.08,0.05,A,F,1993-05-12,1993-04-05,1993-05-22,DELIVER IN PERSON,TRUCK,"yly dogged accounts. pending, pendin"
55143-3,55143,1930,75,3,15.00,27478.95,0.00,0.05,R,F,1993-03-25,1993-03-11,1993-04-01,NONE,REG AIR,xpress sauternes. furiously final fox
55168-1,55168,1676,77,1,11.00,17354.37,0.07,0.03,N,O,1997-06-09,1997-05-30,1997-06-30,DELIVER IN PERSON,TRUCK,y ironic pinto beans.
55168-2,55168,888,89,2,38.00,67977.44,0.03,0.04,N,O,1997-06-08,1997-05-23,1997-06-16,COLLECT COD,RAIL,nal packages run according to the qu
55168-3,55168,1215,27,3,29.00,32370.09,0.10,0.00,N,O,1997-06-07,1997-05-29,1997-06-29,COLLECT COD,TRUCK,heodolites. fl
55168-4,55168,1547,48,4,17.00,24625.18,0.05,0.05,N,O,1997-07-23,1997-05-19,1997-07-30,DELIVER IN PERSON,SHIP,tions are alo
55168-5,55168,287,88,5,49.00,58176.72,0.05,0.01,N,O,1997-05-21,1997-05-28,1997-06-02,TAKE BACK RETURN,FOB,. furiously r
55169-1,55169,710,7,1,21.00,33824.91,0.01,0.06,A,F,1992-08-13,1992-06-15,1992-08-20,NONE,REG AIR,uses poach. express deposits wa
55170-1,55170,1932,21,1,33.00,60519.69,0.09,0.06,R,F,1992-10-22,1992-11-05,1992-11-07,COLLECT COD,RAIL,fully above the blithely ironic foxe
55170-2,55170,1327,28,2,42.00,51589.44,0.05,0.04,R,F,1993-01-06,1992-10-23,1993-01-21,NONE,TRUCK,tegrate bol
55170-3,55170,49,75,3,39.00,37012.56,0.05,0.00,A,F,1992-10-11,1992-12-10,1992-11-07,COLLECT COD,FOB, requests. quickly unusual grouches boo
55170-4,55170,1957,58,4,3.00,5576.85,0.10,0.07,R,F,1993-01-15,1992-12-07,1993-02-07,DELIVER IN PERSON,RAIL,ly. ideas 
55170-5,55170,567,28,5,33.00,48429.48,0.07,0.01,R,F,1992-11-06,1992-11-07,1992-11-23,NONE,TRUCK,ideas wake against the carefully sly inst
55171-1,55171,578,69,1,31.00,45835.67,0.10,0.07,A,F,1992-11-18,1992-12-24,1992-11-30,COLLECT COD,AIR, blithely 
55171-2,55171,995,96,2,49.00,92903.51,0.07,0.03,A,F,1993-02-13,1992-12-26,1993-03-13,NONE,RAIL,special deposits. ev
55171-3,55171,774,71,3,34.00,56942.18,0.03,0.03,A,F,1992-11-23,1992-12-19,1992-11-30,COLLECT COD,SHIP,lly accounts. blithely ironic i
55171-4,55171,1218,56,4,13.00,14549.73,0.02,0.01,A,F,1993-01-07,1993-01-19,1993-01-17,TAKE BACK RETURN,AIR,e carefully final accounts. blith
55171-5,55171,1351,28,5,42.00,52598.70,0.01,0.03,R,F,1993-01-31,1993-01-07,1993-02-07,DELIVER IN PERSON,REG AIR,uctions are furiously accordin
55172-1,55172,1723,8,1,41.00,66613.52,0.10,0.03,R,F,1993-12-16,1994-02-07,1994-01-08,DELIVER IN PERSON,RAIL, foxes nag carefully into the furiously
55172-2,55172,426,14,2,33.00,43771.86,0.02,0.07,R,F,1994-01-23,1994-01-09,1994-01-28,DELIVER IN PERSON,FOB,efully even dep
55172-3,55172,482,70,3,5.00,6912.40,0.10,0.08,A,F,1994-01-05,1994-01-26,1994-01-18,COLLECT COD,AIR,accounts are. carefully ironic instr
55172-4,55172,721,54,4,23.00,37299.56,0.08,0.02,A,F,1993-12-21,1994-01-23,1993-12-29,DELIVER IN PERSON,FOB,uests sleep. furiously even ideas sleep ca
55172-5,55172,109,88,5,26.00,26236.60,0.09,0.06,A,F,1994-03-08,1994-01-16,1994-04-02,COLLECT COD,FOB,l accounts nag. slyly do
55173-1,55173,362,91,1,4.00,5049.44,0.06,0.00,N,O,1998-01-27,1998-01-16,1998-01-28,DELIVER IN PERSON,RAIL,against the furiously ironic instruc
55173-2,55173,693,25,2,18.00,28686.42,0.04,0.06,N,O,1998-01-08,1998-02-05,1998-01-11,TAKE BACK RETURN,RAIL,. final platelets sleep. sl
55173-3,55173,317,2,3,12.00,14607.72,0.03,0.08,N,O,1998-03-18,1997-12-27,1998-03-19,COLLECT COD,REG AIR,ccounts above the final deposits haggle c
55173-4,55173,475,34,4,34.00,46765.98,0.10,0.07,N,O,1997-12-11,1998-01-27,1997-12-16,COLLECT COD,FOB,osits haggle quick
55173-5,55173,305,90,5,35.00,42185.50,0.03,0.08,N,O,1998-01-08,1997-12-26,1998-01-31,TAKE BACK RETURN,SHIP,ges. unusual pinto beans sleep sly
55174-1,55174,1985,18,1,24.00,45287.52,0.00,0.01,R,F,1993-09-10,1993-08-14,1993-09-24,COLLECT COD,REG AIR,fluffily. carefully regular depo
55174-2,55174,963,66,2,28.00,52190.88,0.00,0.03,R,F,1993-10-02,1993-09-12,1993-10-10,NONE,SHIP,s. final sheaves boost sometimes. slyl
55174-3,55174,1531,32,3,22.00,31515.66,0.04,0.00,A,F,1993-09-05,1993-10-04,1993-09-10,NONE,AIR,"s. pending asymptotes are furiously. final,"
55174-4,55174,1244,19,4,2.00,2290.48,0.09,0.02,A,F,1993-07-17,1993-09-04,1993-08-14,TAKE BACK RETURN,REG AIR,ts around the thinl
55175-1,55175,492,93,1,16.00,22279.84,0.02,0.04,N,O,1995-10-23,1995-09-15,1995-11-08,DELIVER IN PERSON,TRUCK, carefully; boldly pendi
55200-1,55200,605,99,1,23.00,34628.80,0.02,0.00,R,F,1993-11-02,1993-11-09,1993-11-06,TAKE BACK RETURN,RAIL,cies was accou
55200-2,55200,1844,88,2,33.00,57612.72,0.10,0.05,A,F,1993-11-21,1993-10-06,1993-12-12,NONE,FOB,eas haggle carefully about the blithely re
55200-3,55200,794,27,3,18.00,30506.22,0.08,0.00,R,F,1993-11-16,1993-11-01,1993-11-22,COLLECT COD,MAIL,ular pinto beans. pinto beans boo
55200-4,55200,1292,93,4,30.00,35798.70,0.06,0.07,R,F,1993-11-24,1993-10-11,1993-12-03,NONE,SHIP,kages nag 
55200-5,55200,957,92,5,1.00,1857.95,0.06,0.06,A,F,1993-10-05,1993-10-23,1993-10-22,TAKE BACK RETURN,TRUCK,ickly regula
55200-6,55200,209,10,6,18.00,19965.60,0.03,0.00,R,F,1993-10-27,1993-11-20,1993-11-21,NONE,RAIL,"ons. express, pending deposits sleep. "
55201-1,55201,1692,75,1,18.00,28686.42,0.02,0.07,A,F,1993-05-27,1993-04-26,1993-06-17,DELIVER IN PERSON,FOB,eans boost carefully despite the foxes. b
55202-1,55202,977,78,1,1.00,1877.97,0.05,0.07,N,O,1995-12-19,1995-11-15,1996-01-05,DELIVER IN PERSON,AIR,g the even accounts. furiou
55202-2,55202,1605,6,2,43.00,64783.80,0.09,0.04,N,O,1995-12-11,1995-10-17,1996-01-07,COLLECT COD,REG AIR,lar platelets. regular deposits impress sl
55202-3,55202,1634,17,3,18.00,27641.34,0.01,0.06,N,O,1995-09-04,1995-09-26,1995-09-12,COLLECT COD,MAIL, the special platel
55202-4,55202,1401,80,4,19.00,24745.60,0.01,0.04,N,O,1995-10-27,1995-10-24,1995-11-14,NONE,SHIP,ts are furiously accor
55202-5,55202,607,39,5,37.00,55781.20,0.01,0.00,N,O,1995-10-07,1995-10-26,1995-10-16,TAKE BACK RETURN,MAIL,ss packages:
55203-1,55203,1305,44,1,33.00,39807.90,0.01,0.04,A,F,1993-08-06,1993-05-13,1993-08-12,COLLECT COD,MAIL,ckly pending requests. r
55203-2,55203,586,17,2,44.00,65409.52,0.07,0.08,R,F,1993-04-26,1993-06-06,1993-05-17,COLLECT COD,AIR, slyly regular packages. regular i
55203-3,55203,1916,49,3,39.00,70898.49,0.00,0.03,A,F,1993-04-18,1993-06-15,1993-05-03,DELIVER IN PERSON,REG AIR,thely final accounts. fin
55204-1,55204,1951,96,1,24.00,44470.80,0.04,0.06,N,O,1997-10-29,1997-09-21,1997-11-17,DELIVER IN PERSON,MAIL,ymptotes. carefully final package
55204-2,55204,311,12,2,27.00,32705.37,0.09,0.07,N,O,1997-09-23,1997-10-20,1997-10-20,TAKE BACK RETURN,RAIL,ffily; close requests cajole q
55204-3,55204,1535,56,3,3.00,4309.59,0.01,0.05,N,O,1997-11-03,1997-09-08,1997-11-04,NONE,FOB,ick instructions above th
55204-4,55204,1467,7,4,12.00,16421.52,0.05,0.00,N,O,1997-08-16,1997-09-26,1997-09-10,NONE,REG AIR, regular asymptotes use fluff
55204-5,55204,1764,65,5,38.00,63298.88,0.05,0.04,N,O,1997-08-26,1997-10-16,1997-09-13,NONE,AIR,sly final accounts. 
55205-1,55205,971,6,1,41.00,76750.77,0.01,0.07,N,O,1998-08-03,1998-09-25,1998-08-19,DELIVER IN PERSON,TRUCK,ithely. dolphins w
55205-2,55205,961,30,2,19.00,35377.24,0.08,0.00,N,O,1998-08-28,1998-10-16,1998-08-29,DELIVER IN PERSON,AIR,s foxes haggle. carefully final instructi
55205-3,55205,702,67,3,29.00,46478.30,0.05,0.02,N,O,1998-11-09,1998-09-18,1998-11-19,DELIVER IN PERSON,MAIL,es above the deposits wake 
55205-4,55205,1900,1,4,41.00,73877.90,0.01,0.02,N,O,1998-11-02,1998-09-30,1998-11-28,COLLECT COD,MAIL,pecial packages. furiously pending fo
55206-1,55206,1616,17,1,27.00,40975.47,0.10,0.07,N,O,1995-12-16,1996-01-15,1995-12-20,TAKE BACK RETURN,AIR,te among the blith
55206-2,55206,1265,66,2,30.00,34987.80,0.06,0.01,N,O,1995-12-14,1996-01-04,1996-01-04,DELIVER IN PERSON,AIR,ly regular excuses. blithely reg
55207-1,55207,953,54,1,21.00,38932.95,0.03,0.06,R,F,1995-01-20,1994-12-27,1995-01-22,NONE,RAIL,ests. furiously final courts are 
55232-1,55232,1038,9,1,4.00,3756.12,0.01,0.06,N,O,1996-02-03,1996-04-15,1996-02-26,TAKE BACK RETURN,MAIL,r accounts cajole
55232-2,55232,422,52,2,21.00,27770.82,0.09,0.03,N,O,1996-04-23,1996-04-12,1996-04-28,COLLECT COD,AIR,arefully according to the slyl
55232-3,55232,1571,52,3,5.00,7362.85,0.08,0.03,N,O,1996-03-10,1996-04-07,1996-03-29,TAKE BACK RETURN,TRUCK,e quickly? acc
55232-4,55232,1983,72,4,2.00,3769.96,0.05,0.02,N,O,1996-04-02,1996-03-01,1996-04-09,NONE,REG AIR,lithely pending instructions above th
55232-5,55232,1576,77,5,39.00,57625.23,0.01,0.06,N,O,1996-05-21,1996-03-18,1996-05-24,DELIVER IN PERSON,RAIL,ly even accounts sleep! bl
55233-1,55233,283,65,1,34.00,40231.52,0.05,0.07,A,F,1995-03-16,1995-05-01,1995-04-05,NONE,TRUCK,tes. silent s
55234-1,55234,978,79,1,39.00,73279.83,0.09,0.04,A,F,1993-10-15,1993-10-03,1993-11-14,TAKE BACK RETURN,RAIL,"s unwind furiously even, even "
55234-2,55234,101,80,2,38.00,38041.80,0.07,0.05,R,F,1993-11-22,1993-10-26,1993-11-24,COLLECT COD,RAIL, of the blithely regular instructions. slyl
55234-3,55234,353,82,3,50.00,62667.50,0.10,0.04,A,F,1993-09-16,1993-09-06,1993-09-29,TAKE BACK RETURN,TRUCK,beans. carefully ironic
55234-4,55234,1187,96,4,23.00,25028.14,0.02,0.08,R,F,1993-09-06,1993-09-04,1993-10-03,NONE,RAIL,ss accounts. even dolphins among th
55234-5,55234,182,35,5,38.00,41122.84,0.10,0.02,A,F,1993-10-28,1993-10-07,1993-11-20,DELIVER IN PERSON,AIR,ully alongside of the
55234-6,55234,785,18,6,43.00,72488.54,0.03,0.02,R,F,1993-11-11,1993-09-01,1993-11-27,NONE,MAIL, slyly. quickly r
55234-7,55234,568,29,7,49.00,71959.44,0.10,0.02,A,F,1993-11-23,1993-10-14,1993-11-24,DELIVER IN PERSON,RAIL,ccounts. reg
55235-1,55235,1006,77,1,12.00,10884.00,0.09,0.07,R,F,1994-01-26,1993-11-19,1994-02-11,TAKE BACK RETURN,MAIL,above the regular ideas nag abov
55235-2,55235,59,60,2,47.00,45075.35,0.06,0.03,R,F,1993-11-02,1993-12-29,1993-11-18,DELIVER IN PERSON,MAIL,eful ideas wake. final packa
55235-3,55235,1294,95,3,49.00,58569.21,0.04,0.06,R,F,1994-01-30,1993-11-25,1994-02-20,TAKE BACK RETURN,SHIP,ests detect furiously b
55235-4,55235,1578,99,4,12.00,17754.84,0.04,0.06,A,F,1993-12-21,1993-12-07,1994-01-17,DELIVER IN PERSON,TRUCK, ruthlessly close accounts cajole a
55235-5,55235,582,43,5,10.00,14825.80,0.02,0.05,R,F,1993-12-15,1993-12-04,1993-12-18,NONE,RAIL, ruthless asy
55236-1,55236,354,55,1,32.00,40139.20,0.05,0.08,N,O,1997-01-21,1997-02-14,1997-02-16,NONE,MAIL,instructions.
55237-1,55237,1559,80,1,9.00,13144.95,0.08,0.05,N,O,1997-05-31,1997-04-27,1997-06-18,COLLECT COD,REG AIR,s wake bli
55237-2,55237,748,49,2,11.00,18136.14,0.02,0.01,N,O,1997-04-19,1997-04-24,1997-05-06,NONE,REG AIR, cajole furiously blithe theodolites. ca
55238-1,55238,927,62,1,28.00,51181.76,0.10,0.07,N,O,1998-06-20,1998-07-24,1998-06-30,TAKE BACK RETURN,RAIL,sual braid
55238-2,55238,390,75,2,44.00,56777.16,0.04,0.07,N,O,1998-09-13,1998-07-05,1998-09-25,DELIVER IN PERSON,MAIL,ts hang after the furiously regular plat
55238-3,55238,349,6,3,27.00,33732.18,0.04,0.01,N,O,1998-08-21,1998-08-03,1998-08-22,COLLECT COD,REG AIR,ecial accounts wake fluffily. qu
55238-4,55238,1709,10,4,42.00,67649.40,0.03,0.07,N,O,1998-06-13,1998-08-06,1998-06-18,NONE,MAIL,nts sleep slyly slyly even ideas. furi
55238-5,55238,821,55,5,41.00,70594.62,0.05,0.07,N,O,1998-06-28,1998-07-03,1998-07-11,DELIVER IN PERSON,RAIL,c deposits believ
55238-6,55238,1028,64,6,4.00,3716.08,0.10,0.00,N,O,1998-09-26,1998-08-03,1998-10-20,COLLECT COD,AIR,e. blithely u
55238-7,55238,117,18,7,12.00,12205.32,0.08,0.04,N,O,1998-09-14,1998-07-05,1998-09-28,TAKE BACK RETURN,REG AIR,e carefully about the pinto
55239-1,55239,1628,29,1,7.00,10707.34,0.05,0.07,A,F,1992-12-09,1993-01-07,1992-12-13,NONE,AIR,regular requests
55239-2,55239,1210,22,2,44.00,48893.24,0.05,0.07,R,F,1993-01-14,1993-01-26,1993-02-02,DELIVER IN PERSON,AIR,ic deposits wake furiou
55239-3,55239,271,72,3,4.00,4685.08,0.07,0.04,R,F,1993-03-06,1993-03-04,1993-03-09,COLLECT COD,MAIL, beans after the
55239-4,55239,867,67,4,27.00,47732.22,0.00,0.06,R,F,1993-03-24,1993-01-31,1993-03-28,NONE,AIR,beans. carefully re
55239-5,55239,1306,83,5,40.00,48292.00,0.03,0.08,R,F,1993-02-28,1993-01-06,1993-03-22,TAKE BACK RETURN,RAIL,ously; pend
55239-6,55239,12,88,6,19.00,17328.19,0.10,0.07,R,F,1993-01-15,1993-01-24,1993-01-23,TAKE BACK RETURN,RAIL, express dugouts 
55239-7,55239,1508,49,7,10.00,14095.00,0.10,0.01,R,F,1992-12-05,1993-02-16,1993-01-02,COLLECT COD,REG AIR, the furiously ironic ideas are deposits
55264-1,55264,880,81,1,1.00,1780.88,0.05,0.08,R,F,1994-01-20,1994-03-15,1994-02-06,TAKE BACK RETURN,MAIL,ges haggle furiously. slyly regular d
55265-1,55265,897,31,1,17.00,30564.13,0.08,0.06,A,F,1995-01-15,1994-11-09,1995-02-14,TAKE BACK RETURN,RAIL,final packages according to the dependencie
55265-2,55265,347,32,2,37.00,46151.58,0.03,0.04,A,F,1994-11-24,1994-11-28,1994-11-29,DELIVER IN PERSON,REG AIR,carefully fluffily unusual accoun
55265-3,55265,914,83,3,42.00,76226.22,0.01,0.06,R,F,1995-01-02,1994-12-03,1995-01-05,NONE,FOB,nts! furiously pending escapades ar
55265-4,55265,1818,5,4,14.00,24077.34,0.04,0.03,R,F,1994-11-07,1994-11-24,1994-11-17,COLLECT COD,RAIL,lithely final accounts are about the pint
55265-5,55265,1867,68,5,44.00,77829.84,0.02,0.02,R,F,1994-10-06,1994-11-03,1994-10-08,COLLECT COD,TRUCK,dolites. slyly even accounts ca
55265-6,55265,1792,77,6,30.00,50813.70,0.09,0.00,A,F,1995-01-13,1994-11-18,1995-01-20,TAKE BACK RETURN,TRUCK,kages across the final d
55265-7,55265,24,25,7,20.00,18480.40,0.05,0.08,A,F,1994-11-04,1994-11-08,1994-11-12,COLLECT COD,TRUCK,press pinto beans. fluffy pi
55266-1,55266,1525,66,1,36.00,51354.72,0.08,0.04,A,F,1992-08-18,1992-07-23,1992-09-04,DELIVER IN PERSON,AIR,es cajole quickly furiously even ide
55266-2,55266,1710,37,2,35.00,56409.85,0.04,0.04,R,F,1992-08-19,1992-08-30,1992-08-28,NONE,FOB,nts grow slyly. theodolites about 
55267-1,55267,881,82,1,30.00,53456.40,0.06,0.00,N,O,1998-06-17,1998-05-03,1998-07-07,NONE,RAIL,g deposits affix across the flu
55267-2,55267,1312,27,2,36.00,43679.16,0.10,0.04,N,O,1998-03-30,1998-05-02,1998-04-19,TAKE BACK RETURN,TRUCK,d deposits. blithely exp
55268-1,55268,1180,53,1,14.00,15136.52,0.09,0.00,R,F,1992-03-28,1992-04-24,1992-03-29,DELIVER IN PERSON,TRUCK,even deposits sleep along th
55268-2,55268,76,77,2,38.00,37090.66,0.06,0.04,R,F,1992-05-30,1992-05-29,1992-06-15,DELIVER IN PERSON,SHIP, bold ideas. final requests arou
55269-1,55269,286,68,1,49.00,58127.72,0.05,0.04,R,F,1993-06-21,1993-04-28,1993-06-25,DELIVER IN PERSON,FOB,pecial theodolites afte
55269-2,55269,768,33,2,28.00,46725.28,0.08,0.05,A,F,1993-05-17,1993-04-20,1993-06-12,COLLECT COD,TRUCK,deposits haggle slyly along 
55269-3,55269,422,23,3,13.00,17191.46,0.05,0.04,R,F,1993-04-05,1993-04-23,1993-04-06,TAKE BACK RETURN,AIR,"regularly after the ironic, r"
55269-4,55269,1074,45,4,33.00,32177.31,0.04,0.00,R,F,1993-03-31,1993-06-05,1993-04-11,TAKE BACK RETURN,TRUCK,eposits nag enticingly careful
55269-5,55269,1974,19,5,11.00,20635.67,0.00,0.01,R,F,1993-05-23,1993-05-22,1993-06-19,DELIVER IN PERSON,REG AIR,times according to the bo
55269-6,55269,999,100,6,42.00,79799.58,0.02,0.05,A,F,1993-07-03,1993-04-24,1993-07-08,COLLECT COD,MAIL,ular theodolites. iron
55270-1,55270,1241,79,1,31.00,35409.44,0.06,0.08,R,F,1993-05-16,1993-03-28,1993-06-09,TAKE BACK RETURN,REG AIR,ronic deposits
55270-2,55270,329,30,2,17.00,20898.44,0.03,0.08,R,F,1993-03-11,1993-03-10,1993-04-09,COLLECT COD,SHIP,c packages hagg
55270-3,55270,1374,89,3,39.00,49739.43,0.01,0.01,A,F,1993-02-25,1993-04-02,1993-03-02,NONE,RAIL," beans cajole fluffily unusual, fina"
55270-4,55270,1016,87,4,24.00,22008.24,0.06,0.05,A,F,1993-04-01,1993-03-18,1993-04-19,COLLECT COD,AIR, instructions. blithely even d
55270-5,55270,1723,8,5,2.00,3249.44,0.08,0.00,R,F,1993-04-17,1993-04-20,1993-05-07,NONE,AIR,ording to the carefully final de
55270-6,55270,356,41,6,24.00,30152.40,0.04,0.02,A,F,1993-03-26,1993-02-27,1993-04-16,DELIVER IN PERSON,FOB,ts. slyly daring
55270-7,55270,857,24,7,6.00,10547.10,0.00,0.06,R,F,1993-04-29,1993-04-23,1993-05-10,COLLECT COD,TRUCK,counts according to the quickly bold de
55271-1,55271,1128,37,1,34.00,34990.08,0.09,0.05,R,F,1995-04-23,1995-04-15,1995-05-06,NONE,REG AIR,mong the carefully even excuses. quick
55271-2,55271,239,94,2,15.00,17088.45,0.07,0.04,N,O,1995-06-28,1995-04-22,1995-07-07,NONE,REG AIR,ages. pending foxes sleep slyl
55271-3,55271,1191,100,3,48.00,52425.12,0.00,0.08,A,F,1995-05-21,1995-05-18,1995-06-06,TAKE BACK RETURN,RAIL,ticingly special requests
55271-4,55271,912,13,4,25.00,45322.75,0.05,0.02,N,O,1995-07-11,1995-04-25,1995-07-21,NONE,MAIL,blithely even foxes according to the
55271-5,55271,693,56,5,8.00,12749.52,0.09,0.05,N,O,1995-06-19,1995-05-26,1995-07-15,TAKE BACK RETURN,RAIL,the blithely even asymptote
55271-6,55271,1025,26,6,45.00,41670.90,0.03,0.07,N,F,1995-06-03,1995-06-07,1995-06-21,TAKE BACK RETURN,FOB, slyly ironic ideas doze bl
55296-1,55296,176,55,1,10.00,10761.70,0.10,0.02,R,F,1993-01-23,1992-12-11,1993-02-10,NONE,RAIL,endencies about the packages s
55296-2,55296,1122,31,2,11.00,11254.32,0.03,0.06,A,F,1993-02-17,1992-12-14,1993-03-06,TAKE BACK RETURN,SHIP,blithely regular braids are
55296-3,55296,396,97,3,3.00,3889.17,0.03,0.01,A,F,1993-01-31,1992-12-07,1993-02-02,TAKE BACK RETURN,SHIP,xpress instructions nod furiously. caref
55296-4,55296,378,63,4,30.00,38351.10,0.06,0.01,A,F,1992-11-01,1993-01-12,1992-11-28,NONE,REG AIR,ests above the dolphins x-ray after the eve
55296-5,55296,297,25,5,12.00,14367.48,0.07,0.02,A,F,1993-02-01,1992-12-31,1993-03-01,COLLECT COD,TRUCK,nments cajole sometimes against
55297-1,55297,790,87,1,42.00,71013.18,0.09,0.02,R,F,1994-02-03,1993-12-29,1994-02-04,COLLECT COD,FOB,ts. carefully ironic deposits solve
55297-2,55297,924,93,2,47.00,85771.24,0.09,0.05,R,F,1993-11-18,1993-12-19,1993-11-26,DELIVER IN PERSON,TRUCK,"ns sublate. idle, regular accounts afte"
55297-3,55297,1658,41,3,45.00,70184.25,0.03,0.05,A,F,1993-10-31,1994-01-18,1993-11-26,TAKE BACK RETURN,FOB,ously ironic dolphins. 
55297-4,55297,1861,62,4,11.00,19391.46,0.09,0.04,R,F,1993-12-29,1993-12-24,1994-01-07,NONE,MAIL,carefully slyly regular ideas
55298-1,55298,1808,9,1,15.00,25647.00,0.09,0.08,A,F,1994-08-19,1994-09-21,1994-08-23,NONE,MAIL,bt. ironic sheaves 
55298-2,55298,454,13,2,19.00,25734.55,0.09,0.02,A,F,1994-10-25,1994-09-12,1994-11-21,NONE,MAIL,tornis boost slyly. unusual p
55298-3,55298,969,38,3,13.00,24309.48,0.05,0.01,A,F,1994-10-09,1994-09-27,1994-10-14,COLLECT COD,TRUCK,ly pending dependencies detect s
55299-1,55299,257,12,1,44.00,50919.00,0.08,0.00,A,F,1992-04-01,1992-05-01,1992-04-15,NONE,AIR,inal packages. blithely ev
55299-2,55299,1286,87,2,2.00,2374.56,0.06,0.01,A,F,1992-04-01,1992-05-15,1992-04-10,TAKE BACK RETURN,SHIP, accounts grow furiousl
55299-3,55299,1417,35,3,25.00,32960.25,0.05,0.01,A,F,1992-07-16,1992-06-26,1992-08-11,TAKE BACK RETURN,MAIL,ully regular packages wake carefull
55300-1,55300,721,22,1,1.00,1621.72,0.05,0.06,A,F,1994-03-20,1994-04-16,1994-03-26,TAKE BACK RETURN,TRUCK,ly above the carefu
55300-2,55300,1246,21,2,47.00,53920.28,0.01,0.07,A,F,1994-06-06,1994-05-04,1994-06-08,TAKE BACK RETURN,TRUCK, unusual foxes
55300-3,55300,1341,56,3,34.00,42239.56,0.05,0.06,R,F,1994-04-25,1994-04-03,1994-04-30,NONE,RAIL,y regular foxes in
55300-4,55300,972,7,4,33.00,61808.01,0.02,0.03,A,F,1994-03-16,1994-04-04,1994-03-18,DELIVER IN PERSON,FOB,ously ironic asymptotes wake blithely aro
55300-5,55300,1459,60,5,5.00,6802.25,0.05,0.03,A,F,1994-04-28,1994-03-26,1994-05-21,TAKE BACK RETURN,AIR,"ely regular, final platelet"
55300-6,55300,1003,39,6,4.00,3616.00,0.00,0.04,A,F,1994-03-11,1994-05-09,1994-03-16,NONE,AIR,ns between the 
55300-7,55300,1263,64,7,23.00,26777.98,0.05,0.01,R,F,1994-06-17,1994-05-02,1994-07-02,TAKE BACK RETURN,RAIL, carefully special excuses 
55301-1,55301,1518,39,1,38.00,53941.38,0.02,0.02,R,F,1994-05-16,1994-05-03,1994-06-12,TAKE BACK RETURN,MAIL,uses cajole quick
55302-1,55302,705,2,1,45.00,72256.50,0.06,0.00,N,O,1998-01-20,1998-01-05,1998-02-11,TAKE BACK RETURN,FOB,e furiously regular theodolites. s
55302-2,55302,1455,95,2,16.00,21703.20,0.08,0.07,N,O,1998-01-18,1998-01-21,1998-02-06,TAKE BACK RETURN,FOB,n deposits
55302-3,55302,990,59,3,36.00,68075.64,0.10,0.06,N,O,1997-11-30,1998-01-28,1997-12-16,COLLECT COD,RAIL,packages. regu
55302-4,55302,724,89,4,43.00,69862.96,0.01,0.03,N,O,1998-03-15,1997-12-23,1998-03-29,NONE,REG AIR,lly quiet deposits sleep 
55303-1,55303,6,7,1,49.00,44394.00,0.06,0.08,N,O,1995-06-28,1995-05-02,1995-07-15,DELIVER IN PERSON,SHIP,ets are slyly above the slyly bold 
55303-2,55303,380,9,2,21.00,26887.98,0.10,0.08,N,O,1995-06-30,1995-06-07,1995-07-13,NONE,FOB,. carefully silent request
55303-3,55303,188,41,3,8.00,8705.44,0.09,0.08,R,F,1995-04-08,1995-05-29,1995-04-19,NONE,MAIL,ld requests. iron
55328-1,55328,406,94,1,48.00,62707.20,0.00,0.08,N,O,1998-04-15,1998-04-23,1998-04-26,DELIVER IN PERSON,MAIL, ideas-- slyly regular dep
55329-1,55329,691,23,1,12.00,19100.28,0.04,0.06,N,O,1996-07-01,1996-09-15,1996-07-08,DELIVER IN PERSON,REG AIR,into beans. slyly ironic accounts nag besi
55329-2,55329,350,51,2,19.00,23756.65,0.05,0.00,N,O,1996-07-29,1996-08-28,1996-08-10,DELIVER IN PERSON,AIR,lites. slyly final th
55329-3,55329,278,6,3,46.00,54200.42,0.05,0.02,N,O,1996-10-14,1996-08-26,1996-11-13,NONE,AIR,tegrate. frays accor
55329-4,55329,851,52,4,4.00,7007.40,0.03,0.06,N,O,1996-07-30,1996-07-31,1996-08-06,TAKE BACK RETURN,SHIP,e regular pinto beans integrate care
55329-5,55329,1193,66,5,41.00,44861.79,0.07,0.00,N,O,1996-07-13,1996-09-08,1996-08-12,DELIVER IN PERSON,TRUCK,quests. ideas cajole slyl
55329-6,55329,1585,26,6,13.00,19325.54,0.03,0.05,N,O,1996-09-23,1996-08-03,1996-10-18,TAKE BACK RETURN,TRUCK,ounts wake carefully blithely regular mul
55330-1,55330,900,34,1,38.00,68434.20,0.09,0.04,R,F,1994-10-16,1994-09-26,1994-11-15,NONE,SHIP,fily. quickly express deposits acr
55330-2,55330,139,92,2,6.00,6234.78,0.02,0.01,R,F,1994-09-14,1994-10-01,1994-10-12,TAKE BACK RETURN,RAIL,ar deposit
55330-3,55330,579,40,3,49.00,72498.93,0.09,0.07,R,F,1994-08-31,1994-09-17,1994-09-05,DELIVER IN PERSON,AIR,. ironic ideas affix among the slyl
55330-4,55330,1241,16,4,27.00,30840.48,0.10,0.08,A,F,1994-10-09,1994-10-30,1994-10-28,DELIVER IN PERSON,AIR,"s. even, final pinto beans alon"
55330-5,55330,638,1,5,33.00,50774.79,0.01,0.06,R,F,1994-10-10,1994-10-17,1994-10-29,COLLECT COD,MAIL,s boost quickly. packages wake furiously 
55330-6,55330,1003,9,6,27.00,24408.00,0.03,0.05,R,F,1994-12-01,1994-09-19,1994-12-21,TAKE BACK RETURN,AIR,es. carefully special packages poach 
55331-1,55331,618,50,1,49.00,74411.89,0.02,0.08,R,F,1994-01-10,1994-01-20,1994-01-25,DELIVER IN PERSON,AIR,e even foxes
55331-2,55331,1584,85,2,45.00,66851.10,0.07,0.04,A,F,1994-02-24,1994-02-01,1994-03-21,TAKE BACK RETURN,FOB,"ding packages boost. even, ironic pin"
55331-3,55331,666,98,3,31.00,48566.46,0.10,0.03,R,F,1994-01-04,1994-03-10,1994-01-11,DELIVER IN PERSON,TRUCK, carefully furiously final dugouts
55331-4,55331,1986,87,4,44.00,83071.12,0.02,0.00,R,F,1994-01-09,1994-03-11,1994-01-25,TAKE BACK RETURN,MAIL,ss the express packages 
55331-5,55331,1737,64,5,33.00,54078.09,0.00,0.00,A,F,1993-12-18,1994-02-23,1994-01-03,DELIVER IN PERSON,FOB,ly final excuses. requests dete
55331-6,55331,1430,48,6,7.00,9320.01,0.06,0.01,R,F,1994-01-29,1994-01-31,1994-02-02,NONE,TRUCK,ven requests. slyly
55332-1,55332,1972,61,1,26.00,48723.22,0.08,0.05,N,O,1998-05-27,1998-06-10,1998-06-13,TAKE BACK RETURN,RAIL,asymptotes haggle fluffi
55333-1,55333,1242,80,1,47.00,53732.28,0.09,0.03,A,F,1994-02-22,1994-01-25,1994-02-24,TAKE BACK RETURN,RAIL,ackages? furi
55333-2,55333,1835,65,2,45.00,78157.35,0.03,0.01,R,F,1994-01-28,1993-12-23,1994-02-19,NONE,SHIP,"al, bold requests. furio"
55333-3,55333,249,50,3,28.00,32178.72,0.00,0.00,A,F,1994-01-15,1994-01-23,1994-02-04,DELIVER IN PERSON,SHIP,dolites cajole at the quick
55333-4,55333,460,19,4,9.00,12244.14,0.02,0.04,A,F,1993-12-21,1994-01-16,1994-01-20,NONE,FOB,after the 
55334-1,55334,1427,45,1,25.00,33210.50,0.01,0.05,N,O,1997-06-25,1997-07-17,1997-07-17,DELIVER IN PERSON,AIR,ans cajole furiously. permanently 
55334-2,55334,740,41,2,42.00,68911.08,0.02,0.01,N,O,1997-06-03,1997-06-17,1997-06-04,COLLECT COD,REG AIR,raids. regular pinto beans
55334-3,55334,967,2,3,14.00,26151.44,0.09,0.01,N,O,1997-07-13,1997-07-21,1997-08-02,NONE,RAIL,ts. quickly bold deposits serve blit
55334-4,55334,387,72,4,6.00,7724.28,0.07,0.08,N,O,1997-08-18,1997-08-04,1997-09-15,DELIVER IN PERSON,SHIP,kly even dolphins. dependencies hag
55334-5,55334,1281,19,5,36.00,42562.08,0.04,0.07,N,O,1997-05-16,1997-06-24,1997-06-06,COLLECT COD,TRUCK, notornis poach boldly alongsid
55334-6,55334,1363,40,6,21.00,26551.56,0.05,0.04,N,O,1997-05-27,1997-06-18,1997-06-05,TAKE BACK RETURN,RAIL, silent requests. slyly final 
55335-1,55335,1548,49,1,44.00,63779.76,0.10,0.02,R,F,1992-12-04,1992-10-29,1992-12-05,COLLECT COD,RAIL,e the carefu
55335-2,55335,1024,25,2,24.00,22200.48,0.08,0.01,R,F,1992-10-20,1992-11-13,1992-11-06,COLLECT COD,MAIL,"old accounts haggle. pending, pending p"
55335-3,55335,1369,46,3,33.00,41921.88,0.07,0.07,R,F,1992-10-20,1992-11-29,1992-10-31,DELIVER IN PERSON,RAIL, wake furiously blithely final account
55335-4,55335,1015,16,4,10.00,9160.10,0.03,0.01,R,F,1992-12-26,1992-12-02,1993-01-08,DELIVER IN PERSON,FOB,y ironic requests among the
55360-1,55360,1362,1,1,1.00,1263.36,0.06,0.07,R,F,1994-02-25,1994-04-10,1994-03-26,COLLECT COD,TRUCK,"pending, regular "
55360-2,55360,998,99,2,24.00,45575.76,0.01,0.02,A,F,1994-01-30,1994-04-19,1994-01-31,NONE,AIR,ts. theodolites a
55360-3,55360,1030,66,3,46.00,42827.38,0.09,0.02,A,F,1994-04-16,1994-04-20,1994-05-07,TAKE BACK RETURN,TRUCK,onic accounts sleep quickly. slyl
55360-4,55360,418,77,4,22.00,29005.02,0.10,0.03,R,F,1994-03-17,1994-04-19,1994-04-12,TAKE BACK RETURN,SHIP, slyly regular theodolites. f
55360-5,55360,1474,75,5,12.00,16505.64,0.10,0.07,R,F,1994-05-08,1994-03-30,1994-05-15,COLLECT COD,REG AIR,t stealthily along the furiousl
55360-6,55360,373,74,6,5.00,6366.85,0.09,0.01,R,F,1994-02-10,1994-03-31,1994-03-01,DELIVER IN PERSON,SHIP,c packages integrate depo
55360-7,55360,111,12,7,43.00,43477.73,0.00,0.01,R,F,1994-02-16,1994-03-08,1994-03-08,NONE,AIR,"r the final, special packages h"
55361-1,55361,982,51,1,49.00,92266.02,0.04,0.07,N,O,1995-06-25,1995-04-24,1995-07-12,COLLECT COD,FOB,nal packages boost slyly iron
55361-2,55361,1692,93,2,24.00,38248.56,0.04,0.01,R,F,1995-03-25,1995-06-08,1995-03-26,DELIVER IN PERSON,MAIL,ns sleep across the furiously r
55361-3,55361,213,95,3,41.00,45641.61,0.01,0.07,N,O,1995-07-17,1995-06-02,1995-07-29,COLLECT COD,SHIP,ajole carefully busily regu
55362-1,55362,1241,53,1,28.00,31982.72,0.03,0.08,N,F,1995-06-15,1995-07-05,1995-06-25,TAKE BACK RETURN,RAIL,ests about the carefully final warh
55362-2,55362,1438,56,2,42.00,56256.06,0.02,0.06,N,O,1995-06-26,1995-07-01,1995-07-18,COLLECT COD,MAIL,xpress excuses are cour
55362-3,55362,1192,93,3,45.00,49193.55,0.00,0.00,N,O,1995-07-12,1995-05-29,1995-07-19,DELIVER IN PERSON,FOB,efully final f
55362-4,55362,1821,22,4,37.00,63744.34,0.01,0.07,N,F,1995-05-31,1995-06-28,1995-06-30,COLLECT COD,RAIL,ld theodolites. sheaves haggle alo
55362-5,55362,132,11,5,49.00,50574.37,0.10,0.08,R,F,1995-06-07,1995-06-18,1995-06-08,COLLECT COD,RAIL,slyly above the enticing pac
55363-1,55363,790,91,1,48.00,81157.92,0.08,0.02,A,F,1994-03-22,1994-03-05,1994-04-21,COLLECT COD,MAIL,onic requests. sly
55363-2,55363,1157,58,2,9.00,9523.35,0.04,0.06,R,F,1994-03-11,1994-03-09,1994-03-13,NONE,SHIP," even, fin"
55363-3,55363,29,80,3,47.00,43663.94,0.10,0.02,R,F,1994-03-18,1994-03-23,1994-03-25,DELIVER IN PERSON,TRUCK,", regular "
55363-4,55363,421,51,4,33.00,43606.86,0.05,0.08,R,F,1994-03-19,1994-02-07,1994-03-30,COLLECT COD,FOB,odolites boost
55363-5,55363,1056,92,5,15.00,14355.75,0.07,0.08,A,F,1994-03-29,1994-03-17,1994-04-02,NONE,AIR,across the quickly express hockey pla
55364-1,55364,1231,43,1,11.00,12454.53,0.05,0.06,N,O,1996-12-02,1996-12-12,1996-12-10,TAKE BACK RETURN,TRUCK,furiously pending theodolites. quickly pe
55364-2,55364,932,33,2,31.00,56820.83,0.01,0.04,N,O,1997-01-07,1996-11-25,1997-01-12,NONE,TRUCK,dencies boost a
55365-1,55365,99,25,1,20.00,19981.80,0.06,0.05,N,O,1996-01-11,1996-02-05,1996-02-02,DELIVER IN PERSON,MAIL,ons. furiously regular dolphins
55365-2,55365,1263,1,2,27.00,31435.02,0.05,0.05,N,O,1996-01-17,1996-04-05,1996-02-02,COLLECT COD,AIR,final packages. some
55365-3,55365,350,79,3,29.00,36260.15,0.01,0.07,N,O,1996-03-12,1996-04-02,1996-03-28,COLLECT COD,SHIP, special ins
55365-4,55365,910,11,4,45.00,81490.95,0.02,0.04,N,O,1996-03-09,1996-03-26,1996-03-14,COLLECT COD,MAIL,onically bold foxes. 
55365-5,55365,607,1,5,25.00,37690.00,0.02,0.04,N,O,1996-01-23,1996-03-13,1996-02-14,NONE,FOB,"fully express courts above the special, u"
55365-6,55365,829,30,6,8.00,13838.56,0.00,0.06,N,O,1996-03-18,1996-03-23,1996-03-31,DELIVER IN PERSON,SHIP,osits. furiously p
55366-1,55366,166,93,1,17.00,18124.72,0.06,0.08,A,F,1993-01-25,1993-01-01,1993-02-19,COLLECT COD,REG AIR, about the dependen
55366-2,55366,652,84,2,22.00,34158.30,0.01,0.04,A,F,1993-02-05,1992-11-29,1993-02-27,NONE,RAIL,kages alongside of 
55366-3,55366,1113,22,3,38.00,38536.18,0.06,0.06,R,F,1993-01-21,1992-11-26,1993-01-25,DELIVER IN PERSON,RAIL, requests. blithely blithe dep
55367-1,55367,434,64,1,34.00,45370.62,0.03,0.01,A,F,1994-03-06,1994-02-20,1994-03-15,NONE,AIR,telets? caref
55367-2,55367,118,71,2,37.00,37670.07,0.07,0.08,R,F,1994-03-27,1994-03-02,1994-04-18,DELIVER IN PERSON,RAIL,"hins. even, final "
55367-3,55367,55,31,3,24.00,22921.20,0.00,0.07,R,F,1994-01-15,1994-02-22,1994-02-09,COLLECT COD,SHIP,counts slee
55367-4,55367,1062,33,4,8.00,7704.48,0.06,0.06,R,F,1994-01-16,1994-03-03,1994-01-26,NONE,REG AIR,ggle. final pinto beans are alongside of t
55367-5,55367,266,21,5,38.00,44317.88,0.02,0.01,R,F,1994-03-23,1994-04-08,1994-04-04,NONE,FOB,into beans. brave instruct
55367-6,55367,140,93,6,16.00,16642.24,0.10,0.00,A,F,1994-03-27,1994-02-25,1994-04-03,COLLECT COD,REG AIR,s haggle furiou
55367-7,55367,441,29,7,11.00,14755.84,0.05,0.00,R,F,1994-01-28,1994-03-01,1994-02-05,TAKE BACK RETURN,FOB,refully specia
55392-1,55392,287,42,1,9.00,10685.52,0.10,0.01,A,F,1994-07-02,1994-08-21,1994-07-25,NONE,MAIL,kly ironic deposits are eve
55392-2,55392,341,70,2,33.00,40964.22,0.08,0.08,A,F,1994-09-24,1994-08-10,1994-10-06,DELIVER IN PERSON,FOB,symptotes. fluffily
55392-3,55392,703,4,3,34.00,54525.80,0.10,0.04,A,F,1994-09-16,1994-07-07,1994-09-21,TAKE BACK RETURN,FOB,l foxes boost aft
55392-4,55392,746,47,4,35.00,57635.90,0.07,0.00,A,F,1994-09-08,1994-07-08,1994-09-19,TAKE BACK RETURN,RAIL,e enticingly after the quick
55392-5,55392,1318,57,5,49.00,59746.19,0.07,0.03,R,F,1994-08-29,1994-07-08,1994-09-27,TAKE BACK RETURN,REG AIR,ffily regular packages wake acro
55392-6,55392,1479,19,6,20.00,27609.40,0.06,0.08,R,F,1994-08-14,1994-08-30,1994-09-12,TAKE BACK RETURN,AIR,urts cajole fluffily slyly ironi
55392-7,55392,641,42,7,25.00,38541.00,0.06,0.06,A,F,1994-08-09,1994-08-21,1994-09-06,NONE,SHIP,blithely bold instructions! express sentime
55393-1,55393,573,34,1,25.00,36839.25,0.07,0.07,N,O,1996-06-27,1996-07-20,1996-07-09,DELIVER IN PERSON,FOB,icingly atop the pending r
55393-2,55393,1141,14,2,42.00,43769.88,0.10,0.07,N,O,1996-07-20,1996-06-23,1996-08-18,NONE,TRUCK,ously regular excuse
55393-3,55393,144,71,3,17.00,17750.38,0.07,0.08,N,O,1996-08-23,1996-07-30,1996-09-15,TAKE BACK RETURN,FOB, foxes ought to cajole
55393-4,55393,808,9,4,16.00,27340.80,0.02,0.04,N,O,1996-06-13,1996-07-04,1996-06-22,DELIVER IN PERSON,REG AIR,g requests 
55394-1,55394,1773,74,1,42.00,70340.34,0.00,0.08,A,F,1993-04-27,1993-04-26,1993-05-02,TAKE BACK RETURN,FOB,e after the foxes. carefully unusual acco
55394-2,55394,198,77,2,1.00,1098.19,0.04,0.04,R,F,1993-03-30,1993-05-19,1993-04-19,NONE,MAIL,yly ironic requests sleep care
55394-3,55394,1308,23,3,17.00,20558.10,0.08,0.07,R,F,1993-06-04,1993-05-09,1993-07-01,DELIVER IN PERSON,TRUCK,ely according to the blithely exp
55394-4,55394,269,51,4,23.00,26892.98,0.04,0.07,A,F,1993-03-23,1993-04-11,1993-04-14,COLLECT COD,FOB,braids. blithely regular r
55394-5,55394,882,49,5,1.00,1782.88,0.07,0.07,R,F,1993-05-10,1993-04-12,1993-05-24,DELIVER IN PERSON,RAIL,se packages? bold requests cajole acco
55395-1,55395,1779,22,1,14.00,23530.78,0.08,0.00,R,F,1994-12-20,1995-01-02,1995-01-11,TAKE BACK RETURN,TRUCK,fully even 
55395-2,55395,465,66,2,19.00,25943.74,0.09,0.05,R,F,1994-12-28,1994-12-08,1995-01-10,DELIVER IN PERSON,RAIL,lly ironic accounts: instructions boost
55396-1,55396,180,81,1,17.00,18363.06,0.02,0.00,R,F,1994-08-05,1994-05-13,1994-08-09,COLLECT COD,TRUCK,slyly carefully regular re
55396-2,55396,639,71,2,18.00,27713.34,0.03,0.04,R,F,1994-04-09,1994-07-03,1994-04-11,NONE,AIR,ul pinto beans
55396-3,55396,153,54,3,17.00,17903.55,0.04,0.06,A,F,1994-06-07,1994-06-01,1994-06-10,TAKE BACK RETURN,REG AIR,s beyond the blithely sp
55397-1,55397,773,70,1,22.00,36822.94,0.06,0.06,R,F,1993-05-29,1993-06-25,1993-06-19,DELIVER IN PERSON,REG AIR,ides the slyly regular deposits. blithely i
55397-2,55397,7,58,2,13.00,11791.00,0.06,0.06,A,F,1993-06-21,1993-06-15,1993-07-07,DELIVER IN PERSON,REG AIR,ccounts sleep carefully.
55398-1,55398,1807,37,1,11.00,18796.80,0.06,0.04,A,F,1993-05-22,1993-02-23,1993-06-12,TAKE BACK RETURN,FOB, alongside of t
55398-2,55398,1689,90,2,32.00,50901.76,0.07,0.03,R,F,1993-01-29,1993-02-25,1993-02-07,DELIVER IN PERSON,REG AIR, foxes nag quickly according
55398-3,55398,336,21,3,27.00,33380.91,0.06,0.00,R,F,1993-02-13,1993-04-14,1993-03-10,TAKE BACK RETURN,REG AIR,xes. blithely bold pin
55398-4,55398,1840,84,4,49.00,85350.16,0.07,0.07,A,F,1993-01-22,1993-04-03,1993-02-17,COLLECT COD,RAIL,ffily according to t
55398-5,55398,1095,1,5,29.00,28886.61,0.06,0.05,R,F,1993-05-17,1993-03-17,1993-05-23,TAKE BACK RETURN,FOB,pinto beans wake carefu
55399-1,55399,654,86,1,8.00,12437.20,0.04,0.08,N,O,1996-06-08,1996-04-16,1996-06-19,COLLECT COD,TRUCK,arefully final packages. quickly regul
55399-2,55399,1141,42,2,13.00,13547.82,0.01,0.03,N,O,1996-04-24,1996-04-27,1996-05-12,COLLECT COD,REG AIR,ans along the f
55399-3,55399,1993,26,3,2.00,3789.98,0.00,0.08,N,O,1996-04-18,1996-04-18,1996-04-21,NONE,SHIP,ironic packages lose car
55399-4,55399,1181,54,4,5.00,5410.90,0.01,0.03,N,O,1996-03-27,1996-05-03,1996-04-05,TAKE BACK RETURN,AIR, against the furiously final packages. eve
55399-5,55399,965,66,5,14.00,26123.44,0.01,0.04,N,O,1996-03-04,1996-03-25,1996-03-15,NONE,FOB,requests a
55399-6,55399,657,20,6,10.00,15576.50,0.05,0.04,N,O,1996-03-27,1996-03-20,1996-04-19,NONE,FOB,. furiously final ideas hang fluffily slyly
55424-1,55424,1613,37,1,23.00,34836.03,0.07,0.02,R,F,1993-04-04,1993-04-30,1993-04-29,DELIVER IN PERSON,SHIP,r deposits: quickly e
55424-2,55424,614,8,2,36.00,54525.96,0.06,0.04,R,F,1993-06-20,1993-05-11,1993-06-22,COLLECT COD,MAIL,y. slyly spec
55424-3,55424,650,13,3,23.00,35664.95,0.10,0.03,R,F,1993-06-09,1993-04-02,1993-06-11,COLLECT COD,TRUCK, haggle about the 
55424-4,55424,1283,95,4,32.00,37896.96,0.02,0.02,R,F,1993-05-15,1993-05-04,1993-06-12,TAKE BACK RETURN,MAIL,"ar, final accounts above th"
55424-5,55424,787,84,5,4.00,6751.12,0.06,0.04,A,F,1993-04-06,1993-04-11,1993-04-10,NONE,REG AIR,"ounts wake. bold, express acco"
55424-6,55424,646,9,6,9.00,13919.76,0.08,0.07,R,F,1993-03-07,1993-04-24,1993-03-29,DELIVER IN PERSON,TRUCK,cajole furiously of the blit
55424-7,55424,364,65,7,22.00,27815.92,0.05,0.00,R,F,1993-03-05,1993-04-29,1993-04-02,NONE,RAIL,"nding, final excuses a"
55425-1,55425,796,97,1,27.00,45813.33,0.04,0.02,N,O,1995-11-23,1995-12-09,1995-11-28,COLLECT COD,AIR,ronic packages. foxes integ
55425-2,55425,1500,1,2,10.00,14015.00,0.04,0.03,N,O,1995-11-07,1996-01-12,1995-11-10,COLLECT COD,SHIP,ly blithel
55425-3,55425,1732,75,3,28.00,45744.44,0.10,0.03,N,O,1996-01-12,1995-12-15,1996-01-31,DELIVER IN PERSON,AIR,sly according to the slyly unusual accou
55425-4,55425,348,33,4,23.00,28711.82,0.07,0.04,N,O,1996-01-05,1996-01-23,1996-01-22,NONE,AIR,al theodolites haggle ab
55425-5,55425,748,45,5,36.00,59354.64,0.04,0.05,N,O,1995-11-15,1996-01-11,1995-12-09,COLLECT COD,AIR, deposits integrate fluffily. furiousl
55425-6,55425,32,83,6,2.00,1864.06,0.09,0.06,N,O,1995-12-20,1996-01-25,1995-12-31,TAKE BACK RETURN,MAIL,ing to the final accounts.
55426-1,55426,660,92,1,43.00,67108.38,0.01,0.02,N,O,1997-05-11,1997-02-27,1997-05-30,DELIVER IN PERSON,REG AIR,c instructions. blithely final requests af
55426-2,55426,500,88,2,8.00,11204.00,0.04,0.02,N,O,1997-02-23,1997-03-28,1997-03-09,TAKE BACK RETURN,MAIL,sleep slyly blithely pen
55426-3,55426,933,68,3,44.00,80692.92,0.09,0.04,N,O,1997-02-22,1997-03-14,1997-02-27,TAKE BACK RETURN,SHIP,attainments. furiously final fox
55426-4,55426,1078,79,4,4.00,3916.28,0.00,0.01,N,O,1997-02-08,1997-03-10,1997-03-07,NONE,FOB,d requests. carefully final in
55427-1,55427,586,17,1,28.00,41624.24,0.00,0.07,N,O,1995-07-21,1995-08-15,1995-08-15,NONE,TRUCK,onic ideas. blithe
55427-2,55427,602,96,2,27.00,40570.20,0.04,0.04,N,O,1995-10-30,1995-09-01,1995-11-14,NONE,MAIL,cial requests 
55427-3,55427,1109,46,3,39.00,39393.90,0.02,0.03,N,O,1995-09-03,1995-09-22,1995-09-30,NONE,RAIL,gular deposits. fluffily express reques
55427-4,55427,429,59,4,4.00,5317.68,0.02,0.07,N,O,1995-10-04,1995-08-23,1995-10-15,DELIVER IN PERSON,RAIL,requests boost: b
55428-1,55428,121,74,1,46.00,46971.52,0.06,0.04,N,O,1996-10-03,1996-08-14,1996-11-02,TAKE BACK RETURN,TRUCK,nic pinto beans. fluffily ironic packag
55428-2,55428,1197,34,2,45.00,49418.55,0.03,0.07,N,O,1996-07-17,1996-09-14,1996-08-07,TAKE BACK RETURN,AIR,ts are slyly 
55428-3,55428,41,42,3,5.00,4705.20,0.03,0.02,N,O,1996-08-30,1996-09-19,1996-09-08,COLLECT COD,REG AIR,! pinto beans 
55428-4,55428,977,80,4,12.00,22535.64,0.09,0.04,N,O,1996-07-08,1996-08-27,1996-07-20,COLLECT COD,REG AIR, pinto beans. caref
55429-1,55429,779,44,1,16.00,26876.32,0.02,0.06,R,F,1994-08-23,1994-09-08,1994-09-01,TAKE BACK RETURN,AIR,inst the bold accounts. q
55429-2,55429,1781,8,2,44.00,74042.32,0.00,0.04,A,F,1994-10-08,1994-09-21,1994-10-15,TAKE BACK RETURN,TRUCK, beneath the ironic requests. bold theod
55429-3,55429,429,88,3,35.00,46529.70,0.02,0.00,A,F,1994-08-05,1994-09-09,1994-08-22,TAKE BACK RETURN,RAIL,kly. furiously special instructions ar
55429-4,55429,1440,19,4,17.00,22804.48,0.05,0.00,A,F,1994-08-12,1994-09-10,1994-08-19,COLLECT COD,FOB,ully ruthless pinto beans hagg
55430-1,55430,1843,44,1,13.00,22682.92,0.08,0.03,R,F,1994-09-11,1994-08-02,1994-10-04,COLLECT COD,MAIL,t Tiresias. 
55430-2,55430,1493,33,2,26.00,36256.74,0.00,0.01,R,F,1994-08-29,1994-08-20,1994-09-27,NONE,FOB,along the regular deposits. qui
55430-3,55430,1401,41,3,41.00,53398.40,0.09,0.08,R,F,1994-07-03,1994-07-25,1994-07-08,DELIVER IN PERSON,TRUCK,y regular deposits sleep blithely
55430-4,55430,66,67,4,9.00,8694.54,0.01,0.00,A,F,1994-09-23,1994-07-18,1994-10-16,TAKE BACK RETURN,AIR,slyly pack
55430-5,55430,385,70,5,15.00,19280.70,0.06,0.05,A,F,1994-09-04,1994-07-11,1994-09-05,COLLECT COD,SHIP,tructions sleep accordin
55430-6,55430,1501,22,6,42.00,58905.00,0.05,0.01,A,F,1994-09-28,1994-08-25,1994-10-08,DELIVER IN PERSON,RAIL,unwind. slyly final accou
55431-1,55431,1856,86,1,33.00,58009.05,0.00,0.06,R,F,1992-07-12,1992-08-28,1992-08-10,TAKE BACK RETURN,REG AIR,bold grouch
55431-2,55431,1243,44,2,17.00,19452.08,0.02,0.05,R,F,1992-10-08,1992-07-27,1992-10-16,COLLECT COD,RAIL,ully special accounts wake slyly fina
55431-3,55431,1838,25,3,38.00,66113.54,0.04,0.01,A,F,1992-09-30,1992-08-11,1992-10-28,TAKE BACK RETURN,TRUCK,fully regular theodolites play
55431-4,55431,763,28,4,31.00,51576.56,0.01,0.08,A,F,1992-07-28,1992-07-16,1992-08-17,TAKE BACK RETURN,FOB,g slyly above th
55431-5,55431,305,62,5,14.00,16874.20,0.09,0.03,R,F,1992-07-16,1992-08-14,1992-07-18,TAKE BACK RETURN,TRUCK,yly express accounts snooze carefully de
55431-6,55431,1625,49,6,5.00,7633.10,0.00,0.01,A,F,1992-06-11,1992-09-06,1992-06-29,NONE,TRUCK,ole blithely across th
55456-1,55456,1404,5,1,8.00,10443.20,0.00,0.04,A,F,1993-04-08,1993-03-31,1993-04-11,TAKE BACK RETURN,AIR,ounts across the fluffily ironic accoun
55456-2,55456,195,48,2,20.00,21903.80,0.09,0.00,R,F,1993-02-12,1993-03-29,1993-03-01,NONE,MAIL, slyly express packages. daring th
55456-3,55456,150,51,3,37.00,38855.55,0.01,0.04,A,F,1993-02-04,1993-03-18,1993-02-21,COLLECT COD,FOB,"luffily final, regu"
55456-4,55456,779,76,4,31.00,52072.87,0.05,0.06,A,F,1993-02-05,1993-02-23,1993-02-21,DELIVER IN PERSON,SHIP,efully fluffily d
55456-5,55456,1390,67,5,18.00,23245.02,0.07,0.03,A,F,1993-04-05,1993-02-07,1993-04-11,TAKE BACK RETURN,SHIP,s the quickly special ideas
55457-1,55457,318,47,1,18.00,21929.58,0.09,0.03,N,O,1996-11-02,1996-10-11,1996-11-26,COLLECT COD,MAIL,usual ideas. furiously caref
55457-2,55457,1835,36,2,18.00,31262.94,0.00,0.08,N,O,1996-09-24,1996-10-11,1996-10-04,DELIVER IN PERSON,REG AIR,uriously unusual pinto be
55458-1,55458,32,58,1,32.00,29824.96,0.07,0.06,A,F,1992-04-01,1992-05-19,1992-04-13,COLLECT COD,REG AIR,e the furiously regular instruction
55458-2,55458,1812,99,2,21.00,35990.01,0.08,0.06,R,F,1992-07-14,1992-04-22,1992-08-03,TAKE BACK RETURN,REG AIR,taphs use carefull
55458-3,55458,1821,51,3,4.00,6891.28,0.03,0.05,A,F,1992-04-29,1992-05-17,1992-05-17,COLLECT COD,REG AIR,ages. slyly unusual pinto beans promis
55458-4,55458,1844,31,4,9.00,15712.56,0.00,0.03,R,F,1992-06-23,1992-06-03,1992-06-29,COLLECT COD,RAIL,y express instructio
55459-1,55459,660,23,1,47.00,73351.02,0.00,0.07,R,F,1994-06-19,1994-06-06,1994-07-12,NONE,SHIP, foxes haggle carefully regular
55459-2,55459,101,2,2,41.00,41045.10,0.10,0.06,R,F,1994-07-14,1994-07-10,1994-07-30,DELIVER IN PERSON,MAIL,refully bold excuses. slyly even i
55459-3,55459,205,87,3,19.00,20998.80,0.00,0.07,R,F,1994-08-24,1994-06-29,1994-09-16,DELIVER IN PERSON,MAIL,ithely unusual instructions along the pend
55459-4,55459,289,90,4,11.00,13082.08,0.01,0.08,A,F,1994-06-02,1994-06-18,1994-06-26,NONE,RAIL,o the blithely ironic theodolites affix fin
55459-5,55459,625,26,5,5.00,7628.10,0.04,0.05,R,F,1994-05-04,1994-06-10,1994-05-10,NONE,SHIP,s. furiously even dependencies wake c
55460-1,55460,1508,9,1,32.00,45104.00,0.08,0.06,R,F,1992-07-26,1992-08-04,1992-08-24,TAKE BACK RETURN,REG AIR,quickly even ideas. carefully final reques
55460-2,55460,697,60,2,45.00,71896.05,0.00,0.05,R,F,1992-05-31,1992-07-12,1992-06-07,COLLECT COD,REG AIR,e ideas prom
55460-3,55460,1840,27,3,36.00,62706.24,0.06,0.08,R,F,1992-08-10,1992-07-11,1992-08-14,COLLECT COD,REG AIR, packages affix. b
55461-1,55461,1994,83,1,30.00,56879.70,0.00,0.01,A,F,1994-11-06,1994-11-07,1994-11-08,NONE,AIR,carefully final requests
55461-2,55461,820,21,2,46.00,79157.72,0.07,0.00,R,F,1995-01-21,1994-12-20,1995-02-19,DELIVER IN PERSON,MAIL,ld instructions 
55461-3,55461,170,71,3,10.00,10701.70,0.10,0.06,R,F,1994-10-24,1994-12-19,1994-10-26,NONE,FOB,s the special asymptotes sub
55461-4,55461,970,71,4,1.00,1870.97,0.05,0.03,A,F,1994-11-20,1994-12-12,1994-12-13,COLLECT COD,REG AIR,ut the fluffi
55461-5,55461,637,100,5,24.00,36903.12,0.02,0.06,R,F,1994-10-17,1994-11-25,1994-11-16,DELIVER IN PERSON,TRUCK,ven dolphins-- bold instructions sleep acro
55462-1,55462,1106,7,1,47.00,47333.70,0.05,0.05,R,F,1992-05-03,1992-06-26,1992-06-02,NONE,MAIL,rts. slyly final
55462-2,55462,629,92,2,39.00,59655.18,0.08,0.00,R,F,1992-04-03,1992-06-02,1992-04-17,DELIVER IN PERSON,FOB,gular depen
55462-3,55462,1785,12,3,18.00,30362.04,0.02,0.01,R,F,1992-04-08,1992-05-25,1992-05-02,NONE,FOB,ggle caref
55462-4,55462,767,32,4,32.00,53368.32,0.02,0.00,A,F,1992-07-05,1992-05-26,1992-07-28,TAKE BACK RETURN,TRUCK,xpress theodolites 
55462-5,55462,1717,2,5,40.00,64748.40,0.06,0.00,A,F,1992-05-17,1992-06-26,1992-05-30,DELIVER IN PERSON,FOB,ts? blithely final fo
55462-6,55462,1301,78,6,25.00,30057.50,0.09,0.07,R,F,1992-07-09,1992-06-11,1992-08-05,DELIVER IN PERSON,MAIL,ly express packages. express decoys
55463-1,55463,1498,38,1,13.00,18193.37,0.01,0.06,R,F,1993-07-24,1993-08-08,1993-07-30,DELIVER IN PERSON,TRUCK,ess asymptotes cajole sl
55488-1,55488,1630,13,1,41.00,62796.83,0.00,0.05,N,O,1996-02-21,1996-05-04,1996-03-15,NONE,REG AIR,"ly. fluffy, thin platelets use carefully"
55488-2,55488,1627,10,2,37.00,56558.94,0.05,0.04,N,O,1996-05-21,1996-03-27,1996-06-06,TAKE BACK RETURN,RAIL,. slyly silent requests cajole
55488-3,55488,1618,60,3,47.00,71421.67,0.01,0.03,N,O,1996-03-20,1996-03-31,1996-04-12,COLLECT COD,MAIL,to beans unwind quickly along the req
55488-4,55488,458,17,4,20.00,27169.00,0.00,0.08,N,O,1996-04-07,1996-05-09,1996-04-24,NONE,REG AIR,ously regular theodolites inte
55489-1,55489,162,15,1,4.00,4248.64,0.03,0.06,N,O,1996-08-19,1996-08-18,1996-08-23,DELIVER IN PERSON,SHIP, unusual accounts. sly packages ar
55489-2,55489,261,43,2,14.00,16257.64,0.01,0.05,N,O,1996-08-13,1996-09-19,1996-08-27,TAKE BACK RETURN,FOB,"ons use carefully express, pendi"
55489-3,55489,290,45,3,28.00,33328.12,0.00,0.04,N,O,1996-07-27,1996-09-15,1996-07-30,COLLECT COD,SHIP,ke fluffily. even pinto beans use a
55490-1,55490,1991,80,1,42.00,79505.58,0.04,0.07,R,F,1995-03-16,1994-12-24,1995-03-17,TAKE BACK RETURN,REG AIR,uffily final platelets. slyly pending in
55490-2,55490,433,34,2,20.00,26668.60,0.09,0.00,R,F,1995-01-21,1995-02-14,1995-01-24,COLLECT COD,RAIL,ajole furiously
55490-3,55490,1309,10,3,46.00,55673.80,0.02,0.05,R,F,1995-02-03,1994-12-18,1995-02-06,DELIVER IN PERSON,FOB,ronic waters. furiously pe
55490-4,55490,1143,16,4,23.00,24015.22,0.04,0.03,A,F,1995-01-07,1994-12-24,1995-01-28,TAKE BACK RETURN,RAIL,ic requests detect carefully
55491-1,55491,1989,78,1,5.00,9454.90,0.08,0.06,N,O,1995-08-16,1995-07-12,1995-08-28,NONE,TRUCK,lently silent fox
55491-2,55491,1974,7,2,5.00,9379.85,0.03,0.03,N,F,1995-05-22,1995-06-21,1995-06-21,DELIVER IN PERSON,MAIL,telets along the final foxes cajole a
55491-3,55491,1794,37,3,46.00,78006.34,0.01,0.06,N,O,1995-07-06,1995-06-25,1995-07-16,DELIVER IN PERSON,SHIP,ly silent requests. brave
55492-1,55492,1179,88,1,31.00,33485.27,0.07,0.00,N,O,1995-10-22,1995-12-12,1995-11-07,NONE,AIR,warhorses.
55492-2,55492,642,43,2,28.00,43193.92,0.04,0.02,N,O,1995-10-11,1995-11-12,1995-10-18,COLLECT COD,REG AIR,s the carefully bold packages. slyly regula
55492-3,55492,1760,45,3,50.00,83088.00,0.01,0.01,N,O,1995-12-21,1995-10-28,1995-12-30,DELIVER IN PERSON,SHIP,nic excuses 
55492-4,55492,745,46,4,19.00,31269.06,0.06,0.07,N,O,1995-12-19,1995-12-14,1996-01-11,COLLECT COD,MAIL,ans integrate carefully. silent ide
55493-1,55493,112,39,1,25.00,25302.75,0.04,0.07,R,F,1993-12-27,1993-11-10,1994-01-18,COLLECT COD,RAIL,usly regular requests: doggedly
55493-2,55493,57,33,2,9.00,8613.45,0.09,0.02,A,F,1994-01-04,1993-10-16,1994-01-29,DELIVER IN PERSON,TRUCK,osits sleep accou
55494-1,55494,746,79,1,27.00,44461.98,0.08,0.01,R,F,1992-08-15,1992-07-31,1992-08-18,NONE,MAIL,yly final forges nag 
55494-2,55494,264,65,2,27.00,31435.02,0.04,0.00,R,F,1992-09-28,1992-07-30,1992-10-05,COLLECT COD,REG AIR, deposits. quickly final re
55494-3,55494,296,97,3,14.00,16748.06,0.02,0.03,R,F,1992-08-07,1992-09-14,1992-08-17,TAKE BACK RETURN,AIR,y along the quickly express pinto be
55494-4,55494,1809,10,4,14.00,23951.20,0.02,0.06,A,F,1992-10-17,1992-08-20,1992-10-26,NONE,REG AIR,"s. ironic, special packages after the"
55494-5,55494,1178,51,5,30.00,32375.10,0.10,0.03,A,F,1992-08-24,1992-09-23,1992-09-05,NONE,AIR,t the blithely special as
55494-6,55494,1685,27,6,49.00,77747.32,0.07,0.06,R,F,1992-08-02,1992-09-02,1992-08-24,COLLECT COD,SHIP,ly ironic accounts. ironic instructions
55494-7,55494,166,67,7,33.00,35183.28,0.03,0.07,A,F,1992-07-05,1992-08-29,1992-08-02,COLLECT COD,RAIL, careful requests along the sly
55495-1,55495,174,75,1,28.00,30076.76,0.04,0.08,N,O,1996-07-24,1996-08-08,1996-08-13,COLLECT COD,AIR,ckly final pinto beans. regula
55495-2,55495,392,77,2,7.00,9046.73,0.05,0.02,N,O,1996-09-15,1996-08-19,1996-10-10,TAKE BACK RETURN,AIR,e final deposits de
55495-3,55495,1375,52,3,27.00,34461.99,0.02,0.06,N,O,1996-09-02,1996-07-02,1996-09-10,NONE,AIR,p furiously unusual requests. unusual r
55495-4,55495,171,50,4,16.00,17138.72,0.01,0.07,N,O,1996-08-17,1996-08-08,1996-09-01,COLLECT COD,RAIL, regular dinos unwind amo
55520-1,55520,857,57,1,49.00,86134.65,0.06,0.01,N,O,1995-07-02,1995-06-25,1995-07-10,COLLECT COD,TRUCK,ully final packages hag
55520-2,55520,1475,15,2,18.00,24776.46,0.04,0.04,R,F,1995-05-15,1995-07-21,1995-05-21,COLLECT COD,REG AIR,nts mold sly
55521-1,55521,970,71,1,44.00,82322.68,0.01,0.04,N,O,1997-07-09,1997-08-12,1997-07-29,COLLECT COD,FOB,arefully. blithely final accounts pl
55521-2,55521,199,52,2,15.00,16487.85,0.00,0.02,N,O,1997-08-24,1997-08-17,1997-08-28,TAKE BACK RETURN,AIR, ideas sle
55522-1,55522,258,13,1,2.00,2316.50,0.09,0.00,A,F,1994-07-23,1994-08-02,1994-08-10,TAKE BACK RETURN,AIR,ly fluffy pa
55522-2,55522,1219,31,2,8.00,8961.68,0.04,0.07,R,F,1994-07-07,1994-09-13,1994-07-20,DELIVER IN PERSON,SHIP,the carefully regular account
55522-3,55522,52,53,3,14.00,13328.70,0.01,0.07,A,F,1994-09-12,1994-09-15,1994-09-15,NONE,REG AIR,ding asymptotes after the blithely r
55523-1,55523,379,64,1,14.00,17911.18,0.01,0.00,N,O,1998-08-22,1998-07-09,1998-08-26,COLLECT COD,TRUCK,thely ironic deposits. slyly bo
55523-2,55523,427,28,2,35.00,46459.70,0.05,0.00,N,O,1998-07-18,1998-07-13,1998-08-08,COLLECT COD,AIR,en packages sleep bl
55524-1,55524,1775,60,1,14.00,23474.78,0.08,0.04,N,O,1996-02-26,1995-12-31,1996-03-22,TAKE BACK RETURN,FOB,ts. carefully express pinto beans eng
55524-2,55524,253,81,2,42.00,48436.50,0.05,0.01,N,O,1995-12-26,1996-01-13,1996-01-13,COLLECT COD,FOB, regular pinto bean
55525-1,55525,727,28,1,40.00,65108.80,0.04,0.00,R,F,1994-07-28,1994-07-18,1994-08-20,DELIVER IN PERSON,MAIL,hely according to
55525-2,55525,954,23,2,11.00,20404.45,0.08,0.04,A,F,1994-05-20,1994-07-08,1994-05-29,DELIVER IN PERSON,MAIL,ven foxes. regular ideas are packages. fin
55525-3,55525,1358,73,3,32.00,40299.20,0.10,0.08,A,F,1994-07-26,1994-06-11,1994-08-03,DELIVER IN PERSON,SHIP,to beans. carefully bold excuse
55525-4,55525,1465,5,4,47.00,64223.62,0.00,0.00,A,F,1994-08-27,1994-06-08,1994-09-05,NONE,TRUCK,le slyly notornis. 
55525-5,55525,667,61,5,17.00,26650.22,0.09,0.08,R,F,1994-06-11,1994-06-08,1994-06-19,DELIVER IN PERSON,REG AIR,slyly silent reques
55526-1,55526,685,48,1,40.00,63427.20,0.00,0.00,A,F,1992-10-12,1992-09-11,1992-10-21,NONE,MAIL,o the bold platelets. even accounts 
55526-2,55526,1979,80,2,34.00,63952.98,0.09,0.03,R,F,1992-10-23,1992-09-17,1992-11-09,NONE,MAIL,ar deposits sleep about the even d
55526-3,55526,706,3,3,14.00,22493.80,0.01,0.06,R,F,1992-07-17,1992-08-22,1992-07-31,TAKE BACK RETURN,RAIL,riously ironic r
55526-4,55526,1977,22,4,10.00,18789.70,0.05,0.00,A,F,1992-09-21,1992-09-12,1992-10-21,COLLECT COD,TRUCK,es. express accou
55526-5,55526,1451,30,5,28.00,37868.60,0.08,0.02,R,F,1992-07-23,1992-09-19,1992-08-20,NONE,MAIL,ccounts detect quickly. sly
55526-6,55526,831,65,6,42.00,72736.86,0.08,0.06,A,F,1992-09-29,1992-08-12,1992-10-18,DELIVER IN PERSON,AIR,riously final a
55527-1,55527,547,78,1,45.00,65139.30,0.02,0.06,N,O,1997-11-20,1997-08-25,1997-12-06,TAKE BACK RETURN,REG AIR, use. carefully regular 
55527-2,55527,479,9,2,44.00,60696.68,0.01,0.04,N,O,1997-11-19,1997-09-06,1997-12-12,DELIVER IN PERSON,REG AIR,ut the regular multipliers. carefu
55552-1,55552,557,48,1,25.00,36438.75,0.00,0.06,N,O,1996-11-07,1996-11-19,1996-11-14,TAKE BACK RETURN,SHIP,ully through t
55552-2,55552,611,12,2,15.00,22674.15,0.01,0.01,N,O,1997-01-10,1996-12-28,1997-01-21,DELIVER IN PERSON,RAIL,p regular packages. slyly 
55552-3,55552,1812,99,3,42.00,71980.02,0.06,0.07,N,O,1996-12-30,1997-01-06,1997-01-28,TAKE BACK RETURN,RAIL,ages. carefully fluffy waters sl
55553-1,55553,336,37,1,14.00,17308.62,0.04,0.08,A,F,1994-10-23,1994-10-11,1994-11-14,COLLECT COD,SHIP," affix special, furious platelets. unusua"
55553-2,55553,1743,86,2,32.00,52631.68,0.04,0.01,A,F,1994-08-02,1994-10-15,1994-08-08,DELIVER IN PERSON,SHIP,lently. slyly even re
55553-3,55553,581,12,3,22.00,32594.76,0.02,0.00,R,F,1994-07-20,1994-10-03,1994-07-21,NONE,FOB,ven deposits. 
55553-4,55553,1986,31,4,13.00,24543.74,0.09,0.01,R,F,1994-10-28,1994-10-14,1994-11-17,COLLECT COD,MAIL,y ironic fo
55554-1,55554,1885,15,1,16.00,28590.08,0.06,0.04,R,F,1994-12-21,1995-01-09,1995-01-04,DELIVER IN PERSON,REG AIR,he fluffily final reque
55554-2,55554,1624,7,2,23.00,35089.26,0.07,0.03,R,F,1995-03-04,1995-01-31,1995-03-11,DELIVER IN PERSON,RAIL,ts boost around the fluffily ironic senti
55554-3,55554,1100,6,3,43.00,43047.30,0.01,0.03,A,F,1994-12-19,1995-01-31,1994-12-28,COLLECT COD,TRUCK,ajole furiously furiously unusual acco
55554-4,55554,156,9,4,28.00,29572.20,0.01,0.04,R,F,1994-12-16,1995-02-11,1995-01-01,COLLECT COD,MAIL,carefully regular deposits. furiously spe
55554-5,55554,352,81,5,35.00,43832.25,0.07,0.02,A,F,1995-01-11,1995-01-09,1995-02-04,TAKE BACK RETURN,SHIP,"r, ironic foxes across the instructions wak"
55554-6,55554,288,43,6,39.00,46342.92,0.10,0.08,A,F,1994-12-25,1995-01-15,1995-01-24,DELIVER IN PERSON,SHIP,its. final accounts haggle careful
55554-7,55554,1061,97,7,7.00,6734.42,0.03,0.08,A,F,1994-12-15,1995-01-26,1994-12-16,DELIVER IN PERSON,RAIL,n instructions impress blithely furious
55555-1,55555,1247,59,1,50.00,57412.00,0.01,0.06,N,O,1997-12-27,1998-01-22,1998-01-16,NONE,MAIL,p carefully against the fluf
55555-2,55555,1996,85,2,8.00,15183.92,0.10,0.02,N,O,1998-01-27,1998-01-22,1998-01-28,DELIVER IN PERSON,REG AIR,ly final platelets. caref
55556-1,55556,1283,95,1,13.00,15395.64,0.02,0.05,N,O,1996-02-11,1996-02-07,1996-03-05,TAKE BACK RETURN,TRUCK,r dolphins are blithely slyly fu
55556-2,55556,66,42,2,16.00,15456.96,0.10,0.07,N,O,1996-01-05,1996-02-09,1996-01-23,TAKE BACK RETURN,TRUCK,. asymptotes beneath the caref
55556-3,55556,494,53,3,45.00,62752.05,0.05,0.01,N,O,1995-11-30,1996-02-07,1995-12-02,TAKE BACK RETURN,FOB,ding dependencies can cajole blithe
55557-1,55557,1366,67,1,46.00,58298.56,0.01,0.02,N,O,1997-05-13,1997-03-07,1997-06-10,NONE,RAIL,al instructions across the regular
55557-2,55557,779,12,2,10.00,16797.70,0.01,0.04,N,O,1997-03-06,1997-04-01,1997-03-12,COLLECT COD,MAIL,furiously final deposits. furious
55557-3,55557,656,50,3,3.00,4669.95,0.04,0.01,N,O,1997-03-15,1997-04-21,1997-04-13,COLLECT COD,FOB, pinto beans. sly
55557-4,55557,924,59,4,3.00,5474.76,0.05,0.07,N,O,1997-04-22,1997-05-04,1997-05-13,COLLECT COD,RAIL, ironic warhorses use around the bli
55558-1,55558,517,18,1,15.00,21262.65,0.02,0.07,A,F,1993-11-28,1993-10-25,1993-12-24,TAKE BACK RETURN,TRUCK,even packages after the bold at
55558-2,55558,1556,57,2,2.00,2915.10,0.05,0.07,A,F,1993-09-10,1993-10-18,1993-09-27,TAKE BACK RETURN,TRUCK,"s along the final, special w"
55559-1,55559,241,69,1,5.00,5706.20,0.04,0.03,N,O,1997-12-03,1997-11-02,1998-01-01,NONE,MAIL,ding to the blithely pending requ
55559-2,55559,392,21,2,25.00,32309.75,0.07,0.05,N,O,1997-12-29,1997-11-24,1998-01-13,DELIVER IN PERSON,REG AIR,y across the grouches. slyly ironic 
55559-3,55559,561,62,3,31.00,45308.36,0.03,0.02,N,O,1997-11-17,1997-11-27,1997-12-12,TAKE BACK RETURN,FOB,affix blithely accord
55559-4,55559,1673,97,4,25.00,39366.75,0.06,0.04,N,O,1998-01-02,1997-12-01,1998-01-12,COLLECT COD,AIR,ructions wake daringly slyly final package
55559-5,55559,408,67,5,3.00,3925.20,0.02,0.01,N,O,1997-11-28,1997-12-01,1997-12-02,COLLECT COD,AIR,the furiously regular foxes.
55584-1,55584,1729,72,1,36.00,58705.92,0.00,0.01,N,O,1996-06-23,1996-04-20,1996-06-27,NONE,AIR,st the furiously busy theodolites. fina
55584-2,55584,1135,36,2,44.00,45589.72,0.10,0.07,N,O,1996-03-14,1996-05-23,1996-04-04,DELIVER IN PERSON,RAIL,iously according to the ir
55585-1,55585,1967,100,1,42.00,78496.32,0.03,0.05,N,O,1997-02-28,1997-04-07,1997-03-06,DELIVER IN PERSON,RAIL, sly requests solve blith
55586-1,55586,584,85,1,30.00,44537.40,0.01,0.04,N,O,1998-06-29,1998-06-25,1998-07-20,TAKE BACK RETURN,REG AIR,ites haggle. unusual foxes ha
55586-2,55586,150,51,2,44.00,46206.60,0.05,0.01,N,O,1998-06-13,1998-06-30,1998-06-16,TAKE BACK RETURN,AIR,arefully final pinto
55586-3,55586,768,1,3,45.00,75094.20,0.05,0.06,N,O,1998-05-21,1998-06-28,1998-06-13,DELIVER IN PERSON,TRUCK,ep blithely careful re
55586-4,55586,1088,94,4,11.00,10879.88,0.01,0.00,N,O,1998-06-16,1998-06-30,1998-07-12,COLLECT COD,RAIL,"ggle carefully bold, silent req"
55587-1,55587,1933,66,1,18.00,33028.74,0.00,0.01,R,F,1993-11-06,1993-08-28,1993-11-22,NONE,MAIL,"sual, pending packages boost blithely. p"
55587-2,55587,917,18,2,17.00,30904.47,0.01,0.06,R,F,1993-08-16,1993-09-18,1993-09-01,DELIVER IN PERSON,REG AIR, blithely. silent packages maint
55588-1,55588,1035,71,1,19.00,17784.57,0.06,0.05,R,F,1993-06-27,1993-06-12,1993-07-05,COLLECT COD,AIR,ven excuses boost. final pac
55588-2,55588,1632,33,2,16.00,24538.08,0.04,0.08,A,F,1993-03-18,1993-06-13,1993-03-27,DELIVER IN PERSON,MAIL,uriously requests. carefully 
55588-3,55588,49,100,3,28.00,26573.12,0.03,0.02,A,F,1993-04-14,1993-05-15,1993-05-05,DELIVER IN PERSON,FOB,te furiously blithely special requ
55588-4,55588,348,5,4,49.00,61168.66,0.03,0.04,A,F,1993-07-12,1993-06-10,1993-07-28,NONE,MAIL,eposits. slyly pending t
55588-5,55588,160,87,5,46.00,48767.36,0.10,0.01,R,F,1993-06-08,1993-06-07,1993-06-17,TAKE BACK RETURN,RAIL,arefully unu
55588-6,55588,136,15,6,42.00,43517.46,0.04,0.05,A,F,1993-04-17,1993-06-07,1993-04-29,COLLECT COD,SHIP,en accounts acr
55588-7,55588,79,55,7,7.00,6853.49,0.05,0.04,A,F,1993-06-21,1993-04-20,1993-07-21,TAKE BACK RETURN,SHIP,platelets wake regul
55589-1,55589,719,84,1,37.00,59929.27,0.01,0.00,A,F,1993-04-06,1993-05-03,1993-04-22,NONE,REG AIR,ges thrash furiously u
55590-1,55590,1735,36,1,40.00,65469.20,0.01,0.06,N,O,1997-04-11,1997-03-13,1997-04-15,NONE,AIR,ly unusual asymptote
55590-2,55590,266,94,2,6.00,6997.56,0.02,0.08,N,O,1997-03-11,1997-02-17,1997-03-12,COLLECT COD,MAIL, silent dependencies dete
55590-3,55590,196,75,3,41.00,44943.79,0.00,0.07,N,O,1997-03-25,1997-02-01,1997-04-23,DELIVER IN PERSON,AIR,the platele
55591-1,55591,977,46,1,27.00,50705.19,0.03,0.04,N,O,1997-09-10,1997-09-02,1997-09-12,COLLECT COD,MAIL,"he ironic, even theodolites. sl"
55591-2,55591,659,53,2,3.00,4678.95,0.06,0.03,N,O,1997-09-05,1997-09-27,1997-09-16,NONE,AIR,ial theodolites wak
55591-3,55591,1134,7,3,12.00,12421.56,0.09,0.02,N,O,1997-08-29,1997-10-31,1997-09-26,NONE,TRUCK,ronic excuses alongside of t
55591-4,55591,1076,12,4,5.00,4885.35,0.00,0.01,N,O,1997-10-01,1997-09-03,1997-10-25,COLLECT COD,REG AIR,ding theodolites use blithely regular dolp
55591-5,55591,1159,32,5,5.00,5300.75,0.08,0.05,N,O,1997-10-21,1997-09-23,1997-10-26,NONE,REG AIR,o the careful
55591-6,55591,1196,69,6,22.00,24138.18,0.07,0.07,N,O,1997-08-30,1997-10-07,1997-09-26,NONE,TRUCK, deposits boost
55591-7,55591,622,85,7,22.00,33497.64,0.07,0.05,N,O,1997-08-16,1997-10-13,1997-09-03,DELIVER IN PERSON,FOB,. furiously re
55616-1,55616,621,53,1,20.00,30432.40,0.03,0.07,A,F,1995-05-18,1995-06-16,1995-06-14,COLLECT COD,REG AIR,ccounts. accoun
55616-2,55616,1290,28,2,35.00,41695.15,0.08,0.02,N,O,1995-09-02,1995-07-22,1995-09-08,TAKE BACK RETURN,RAIL,ronic foxes
55616-3,55616,455,14,3,6.00,8132.70,0.01,0.03,R,F,1995-05-11,1995-06-15,1995-06-05,TAKE BACK RETURN,RAIL,egular packages along the final ideas a
55616-4,55616,35,11,4,44.00,41141.32,0.10,0.00,N,O,1995-07-08,1995-07-10,1995-07-12,TAKE BACK RETURN,AIR,ithely express 
55617-1,55617,396,53,1,45.00,58337.55,0.08,0.05,N,O,1998-08-22,1998-09-02,1998-08-30,TAKE BACK RETURN,AIR,furiously. carefully final packages a
55617-2,55617,220,48,2,44.00,49289.68,0.10,0.04,N,O,1998-09-22,1998-09-13,1998-09-30,COLLECT COD,RAIL, regular foxes
55617-3,55617,682,83,3,7.00,11078.76,0.10,0.04,N,O,1998-09-24,1998-08-10,1998-09-25,DELIVER IN PERSON,TRUCK, unusual platelets. fluffily regular 
55617-4,55617,460,48,4,10.00,13604.60,0.10,0.00,N,O,1998-07-13,1998-09-18,1998-08-12,COLLECT COD,SHIP,nooze carefully above the re
55617-5,55617,1545,86,5,49.00,70880.46,0.07,0.08,N,O,1998-09-28,1998-08-11,1998-10-01,COLLECT COD,REG AIR,ts. ironic accounts cajole sly
55617-6,55617,610,73,6,43.00,64956.23,0.10,0.04,N,O,1998-09-22,1998-08-06,1998-10-09,DELIVER IN PERSON,SHIP,side the silent theodolites wake blithely 
55617-7,55617,1705,32,7,2.00,3213.40,0.02,0.06,N,O,1998-09-16,1998-08-20,1998-09-26,TAKE BACK RETURN,AIR,ironic theodolites u
55618-1,55618,1636,60,1,44.00,67655.72,0.05,0.06,A,F,1992-02-26,1992-03-12,1992-02-29,TAKE BACK RETURN,SHIP,blithely? furious
55618-2,55618,93,19,2,45.00,44689.05,0.08,0.00,A,F,1992-03-08,1992-02-26,1992-03-25,NONE,FOB, platelets unwind s
55618-3,55618,1121,94,3,25.00,25553.00,0.05,0.03,A,F,1992-02-27,1992-04-08,1992-03-20,NONE,SHIP,kages are 
55618-4,55618,1676,100,4,7.00,11043.69,0.07,0.02,R,F,1992-05-15,1992-02-29,1992-05-29,COLLECT COD,TRUCK,against the furiously reg
55618-5,55618,154,55,5,23.00,24245.45,0.09,0.01,A,F,1992-05-16,1992-04-19,1992-05-25,COLLECT COD,AIR,f the accounts. regu
55618-6,55618,463,51,6,32.00,43630.72,0.04,0.07,R,F,1992-02-04,1992-04-06,1992-02-26,NONE,REG AIR,requests impres
55619-1,55619,665,59,1,8.00,12525.28,0.06,0.06,N,O,1998-01-03,1998-01-02,1998-01-26,COLLECT COD,MAIL,l dolphins. carefu
55619-2,55619,1567,8,2,27.00,39651.12,0.01,0.03,N,O,1997-11-24,1998-01-20,1997-11-29,NONE,TRUCK,press instruct
55619-3,55619,1771,98,3,46.00,76947.42,0.08,0.02,N,O,1998-01-17,1998-02-12,1998-01-31,DELIVER IN PERSON,MAIL,"lar foxes. express, "
55619-4,55619,141,42,4,33.00,34357.62,0.08,0.04,N,O,1998-01-02,1997-12-29,1998-01-16,TAKE BACK RETURN,MAIL,y ironic theodolites
55620-1,55620,1762,89,1,2.00,3327.52,0.03,0.07,N,O,1998-01-14,1998-03-31,1998-01-25,DELIVER IN PERSON,REG AIR,e dolphins. bl
55621-1,55621,1592,33,1,18.00,26884.62,0.08,0.03,N,O,1995-06-25,1995-05-10,1995-07-13,NONE,SHIP, after the regular pains wake furi
55621-2,55621,1030,66,2,21.00,19551.63,0.06,0.04,N,O,1995-06-20,1995-06-13,1995-07-01,TAKE BACK RETURN,AIR,y around the dogge
55621-3,55621,1066,67,3,11.00,10637.66,0.04,0.04,N,O,1995-07-06,1995-05-16,1995-07-09,NONE,SHIP,ate blithely slyl
55621-4,55621,1085,21,4,34.00,33526.72,0.05,0.06,A,F,1995-04-16,1995-06-05,1995-04-23,NONE,REG AIR, pending pinto be
55621-5,55621,504,95,5,28.00,39326.00,0.07,0.00,R,F,1995-05-17,1995-06-09,1995-05-20,TAKE BACK RETURN,MAIL,uests affix quickly. express pinto 
55622-1,55622,1101,38,1,9.00,9018.90,0.04,0.00,R,F,1994-10-09,1994-11-20,1994-11-03,NONE,TRUCK,leep. even packages affix blithel
55623-1,55623,914,83,1,31.00,56262.21,0.06,0.00,R,F,1992-12-02,1992-12-30,1992-12-28,NONE,AIR, carefully furiously quick
55623-2,55623,1286,98,2,12.00,14247.36,0.00,0.01,A,F,1993-01-27,1992-12-17,1993-01-28,NONE,TRUCK, the special pinto bea
55623-3,55623,1158,31,3,15.00,15887.25,0.03,0.08,R,F,1993-01-17,1992-11-12,1993-01-24,DELIVER IN PERSON,AIR,furiously regu
55623-4,55623,117,44,4,3.00,3051.33,0.05,0.06,A,F,1992-12-09,1992-12-05,1992-12-19,NONE,AIR, are after the ironic asymptotes: ironic th
55648-1,55648,350,79,1,41.00,51264.35,0.02,0.06,A,F,1994-12-20,1994-11-03,1994-12-21,NONE,AIR,posits. furiously regula
55648-2,55648,1395,10,2,21.00,27224.19,0.08,0.02,R,F,1994-11-03,1994-10-13,1994-11-30,TAKE BACK RETURN,MAIL,st across the carefully final acco
55648-3,55648,1408,48,3,20.00,26188.00,0.02,0.08,A,F,1994-10-05,1994-11-22,1994-10-09,TAKE BACK RETURN,MAIL,ages cajole sly
55648-4,55648,1412,30,4,17.00,22327.97,0.10,0.02,R,F,1994-10-31,1994-10-14,1994-11-08,NONE,REG AIR,uickly ruthlessly 
55648-5,55648,744,41,5,29.00,47697.46,0.07,0.07,A,F,1995-01-09,1994-11-05,1995-02-05,TAKE BACK RETURN,MAIL,lly after the ins
55648-6,55648,6,82,6,47.00,42582.00,0.00,0.07,A,F,1994-09-13,1994-11-16,1994-09-29,TAKE BACK RETURN,TRUCK,inal foxes. final pinto beans 
55648-7,55648,1454,55,7,47.00,63706.15,0.01,0.05,A,F,1994-12-18,1994-11-18,1994-12-23,COLLECT COD,FOB,above the packages
55649-1,55649,811,11,1,35.00,59913.35,0.10,0.00,N,O,1998-01-30,1998-03-02,1998-02-01,TAKE BACK RETURN,AIR,re among the fluffily unus
55649-2,55649,233,61,2,29.00,32863.67,0.10,0.00,N,O,1998-01-27,1998-04-16,1998-02-21,DELIVER IN PERSON,RAIL,ly furious deposits integrate across 
55649-3,55649,808,9,3,5.00,8544.00,0.04,0.07,N,O,1998-05-01,1998-04-16,1998-05-31,DELIVER IN PERSON,MAIL,"accounts against the bold, special depos"
55649-4,55649,1260,35,4,4.00,4645.04,0.01,0.03,N,O,1998-03-09,1998-04-08,1998-03-16,DELIVER IN PERSON,SHIP,ickly final dependencies. silen
55649-5,55649,1802,89,5,23.00,39187.40,0.02,0.03,N,O,1998-03-25,1998-02-28,1998-04-13,DELIVER IN PERSON,TRUCK,gular dolphins are upon
55649-6,55649,308,65,6,2.00,2416.60,0.09,0.03,N,O,1998-04-08,1998-03-27,1998-04-15,TAKE BACK RETURN,REG AIR, ironic theod
55650-1,55650,1305,44,1,17.00,20507.10,0.01,0.06,N,O,1995-12-28,1995-12-27,1996-01-14,NONE,TRUCK,dolites cajole. express deposits aga
55651-1,55651,742,75,1,44.00,72280.56,0.08,0.02,A,F,1992-04-26,1992-04-17,1992-05-04,DELIVER IN PERSON,TRUCK,eas! blithel
55651-2,55651,879,80,2,46.00,81874.02,0.00,0.07,R,F,1992-04-07,1992-05-22,1992-04-27,TAKE BACK RETURN,RAIL,eans promise. furiously unusu
55651-3,55651,840,40,3,7.00,12185.88,0.10,0.04,A,F,1992-06-13,1992-04-23,1992-06-22,TAKE BACK RETURN,TRUCK,ggle carefully across the c
55651-4,55651,1284,85,4,27.00,32002.56,0.00,0.05,R,F,1992-05-09,1992-05-15,1992-05-30,DELIVER IN PERSON,SHIP,ockey player
55651-5,55651,937,6,5,22.00,40434.46,0.03,0.07,R,F,1992-03-31,1992-04-16,1992-04-28,NONE,RAIL,e carefully regular packages wake fluffi
55651-6,55651,536,97,6,27.00,38786.31,0.01,0.00,R,F,1992-06-01,1992-04-10,1992-06-09,COLLECT COD,FOB,s cajole around th
55651-7,55651,605,6,7,41.00,61729.60,0.01,0.06,R,F,1992-06-25,1992-05-10,1992-07-05,NONE,FOB, furiously fin
55652-1,55652,1291,29,1,23.00,27422.67,0.08,0.06,R,F,1994-01-16,1994-02-14,1994-01-22,DELIVER IN PERSON,TRUCK,packages nag among the deposits. flu
55652-2,55652,505,6,2,2.00,2811.00,0.01,0.00,A,F,1994-01-14,1994-03-03,1994-01-19,COLLECT COD,RAIL,st the sly
55653-1,55653,101,28,1,9.00,9009.90,0.04,0.00,R,F,1993-12-19,1994-01-05,1994-01-10,NONE,MAIL,cial theodolites. unusual
55653-2,55653,340,41,2,15.00,18605.10,0.06,0.04,R,F,1993-12-14,1994-01-14,1993-12-20,COLLECT COD,REG AIR,nts haggle caref
55653-3,55653,1309,10,3,6.00,7261.80,0.03,0.03,R,F,1994-01-15,1993-12-30,1994-01-25,NONE,SHIP,regular pinto beans try to bo
55653-4,55653,142,95,4,32.00,33348.48,0.03,0.08,A,F,1994-01-15,1994-01-23,1994-01-23,COLLECT COD,FOB, above the carefully ironic pearls.
55654-1,55654,1989,22,1,4.00,7563.92,0.02,0.08,A,F,1993-10-31,1993-10-22,1993-11-12,TAKE BACK RETURN,MAIL,. carefully ironic depo
55654-2,55654,1866,96,2,32.00,56571.52,0.01,0.03,R,F,1993-12-14,1993-10-27,1993-12-20,TAKE BACK RETURN,TRUCK,ts: blithely fin
55654-3,55654,1416,17,3,29.00,38204.89,0.02,0.05,A,F,1993-12-08,1993-11-24,1993-12-27,COLLECT COD,MAIL,are furiously regular foxes. final decoys
55655-1,55655,834,34,1,42.00,72862.86,0.01,0.08,A,F,1993-01-20,1992-11-05,1993-02-03,TAKE BACK RETURN,AIR,usly even 
55655-2,55655,17,43,2,35.00,32095.35,0.09,0.08,A,F,1993-01-18,1992-12-22,1993-01-20,DELIVER IN PERSON,AIR,xes. furiously fi
55655-3,55655,1166,75,3,25.00,26679.00,0.08,0.03,A,F,1992-12-16,1992-11-01,1992-12-22,TAKE BACK RETURN,RAIL,ffix fluffily. final packages around the 
55655-4,55655,1550,71,4,33.00,47901.15,0.06,0.05,A,F,1992-10-01,1992-11-18,1992-10-26,COLLECT COD,RAIL,ully regular pack
55655-5,55655,1762,5,5,41.00,68214.16,0.05,0.02,A,F,1992-11-02,1992-10-30,1992-11-21,DELIVER IN PERSON,SHIP,fluffily even pinto beans. carefully final 
55655-6,55655,812,46,6,31.00,53097.11,0.05,0.02,R,F,1993-01-19,1992-11-10,1993-02-18,DELIVER IN PERSON,MAIL,"ly ironic, final foxes. bravely even foxes "
55680-1,55680,187,14,1,6.00,6523.08,0.00,0.07,R,F,1992-09-02,1992-08-24,1992-09-29,DELIVER IN PERSON,AIR, furiously. bold packages haggle f
55681-1,55681,1420,60,1,8.00,10571.36,0.05,0.02,N,O,1996-10-05,1996-10-28,1996-10-14,COLLECT COD,MAIL,deposits snooze slyly. fin
55682-1,55682,399,100,1,36.00,46778.04,0.07,0.07,R,F,1995-01-13,1995-02-04,1995-01-14,DELIVER IN PERSON,TRUCK,"ccording to the regular, ironic orbits."
55683-1,55683,1261,36,1,32.00,37192.32,0.08,0.00,R,F,1992-08-27,1992-10-03,1992-09-05,TAKE BACK RETURN,MAIL,ep. blithely unusual warhorses a
55683-2,55683,1965,98,2,1.00,1866.96,0.00,0.06,A,F,1992-10-07,1992-08-25,1992-10-25,TAKE BACK RETURN,RAIL,egular hockey players wake.
55683-3,55683,1593,14,3,44.00,65761.96,0.00,0.04,R,F,1992-09-03,1992-09-23,1992-09-19,COLLECT COD,RAIL,"posits. regular, express"
55683-4,55683,541,32,4,18.00,25947.72,0.07,0.00,R,F,1992-10-09,1992-09-18,1992-10-10,COLLECT COD,REG AIR, doze blithely. f
55683-5,55683,1681,5,5,19.00,30070.92,0.07,0.02,R,F,1992-09-07,1992-09-18,1992-09-25,DELIVER IN PERSON,REG AIR,"s. regular, bold deposits unwind at t"
55683-6,55683,1701,2,6,16.00,25643.20,0.08,0.03,A,F,1992-07-31,1992-08-20,1992-08-04,DELIVER IN PERSON,TRUCK,al accounts d
55683-7,55683,1125,98,7,12.00,12313.44,0.10,0.03,A,F,1992-10-13,1992-10-11,1992-11-11,COLLECT COD,RAIL,xes cajole quickly furiously regular fox
55684-1,55684,194,95,1,20.00,21883.80,0.10,0.03,N,O,1995-06-19,1995-05-27,1995-06-25,TAKE BACK RETURN,RAIL,ss packages
55684-2,55684,142,95,2,29.00,30222.06,0.00,0.02,R,F,1995-05-21,1995-05-22,1995-06-01,NONE,RAIL,slowly. slyly 
55685-1,55685,315,72,1,40.00,48612.40,0.04,0.05,A,F,1992-11-24,1993-01-02,1992-12-14,DELIVER IN PERSON,AIR,gular packages. furiously expre
55685-2,55685,268,23,2,21.00,24533.46,0.09,0.00,A,F,1992-10-14,1992-12-24,1992-10-28,COLLECT COD,FOB,"ly about the special, bold accounts. blithe"
55686-1,55686,583,84,1,27.00,40056.66,0.07,0.02,R,F,1995-04-12,1995-06-03,1995-05-10,DELIVER IN PERSON,AIR,ht to cajole bli
55686-2,55686,811,11,2,6.00,10270.86,0.04,0.07,N,O,1995-07-08,1995-05-31,1995-07-12,TAKE BACK RETURN,MAIL,its haggle carefully carefully b
55686-3,55686,491,50,3,45.00,62617.05,0.01,0.08,A,F,1995-04-01,1995-05-03,1995-04-28,COLLECT COD,AIR,"l, regular pinto beans. sly"
55686-4,55686,1903,36,4,48.00,86635.20,0.06,0.00,N,O,1995-07-11,1995-05-02,1995-07-23,DELIVER IN PERSON,FOB,ng gifts wake slyly 
55686-5,55686,1810,40,5,44.00,75319.64,0.02,0.06,R,F,1995-04-05,1995-06-18,1995-04-08,NONE,SHIP,nal deposits wak
55686-6,55686,1599,40,6,20.00,30011.80,0.05,0.07,N,O,1995-07-20,1995-06-21,1995-07-27,COLLECT COD,RAIL,lithely. slyly regu
55686-7,55686,85,36,7,49.00,48268.92,0.02,0.05,N,O,1995-07-07,1995-05-05,1995-07-10,NONE,MAIL,regular theodolites haggle after the 
55687-1,55687,555,86,1,32.00,46577.60,0.04,0.00,R,F,1992-10-28,1993-01-14,1992-11-11,COLLECT COD,FOB,"uests sleep closely along the final, "
55712-1,55712,1220,21,1,15.00,16818.30,0.10,0.04,N,O,1997-02-21,1996-12-23,1997-03-19,NONE,SHIP,ly final excuses
55712-2,55712,1179,88,2,31.00,33485.27,0.06,0.06,N,O,1997-03-06,1997-01-13,1997-03-09,COLLECT COD,RAIL,ckly special packages. bli
55713-1,55713,578,69,1,22.00,32528.54,0.04,0.00,A,F,1994-04-02,1994-04-06,1994-04-14,TAKE BACK RETURN,TRUCK,the excuses; fluffily final t
55713-2,55713,1618,1,2,40.00,60784.40,0.09,0.03,A,F,1994-05-23,1994-04-29,1994-05-29,TAKE BACK RETURN,SHIP, busily car
55713-3,55713,1533,74,3,41.00,58815.73,0.08,0.03,A,F,1994-05-08,1994-03-19,1994-06-01,TAKE BACK RETURN,FOB, even pinto b
55713-4,55713,669,1,4,33.00,51798.78,0.08,0.05,R,F,1994-04-29,1994-03-20,1994-05-09,NONE,FOB, pinto beans. silently fi
55713-5,55713,1705,6,5,43.00,69088.10,0.09,0.01,A,F,1994-05-02,1994-05-03,1994-05-14,TAKE BACK RETURN,RAIL,hang slyly express courts. even ex
55713-6,55713,1780,23,6,11.00,18499.58,0.06,0.02,A,F,1994-03-29,1994-04-11,1994-04-22,TAKE BACK RETURN,FOB,ual accounts nag
55713-7,55713,778,79,7,48.00,80580.96,0.01,0.06,A,F,1994-06-01,1994-04-01,1994-06-28,DELIVER IN PERSON,RAIL,s nod. final deposits sleep. regu
55714-1,55714,1341,18,1,43.00,53420.62,0.05,0.08,N,O,1997-06-06,1997-07-06,1997-06-28,COLLECT COD,MAIL,ake blithely. furiously bold accounts detec
55714-2,55714,1831,32,2,7.00,12129.81,0.04,0.05,N,O,1997-09-28,1997-07-08,1997-10-10,NONE,FOB,"rious, final p"
55715-1,55715,871,5,1,22.00,38981.14,0.10,0.04,R,F,1995-04-06,1995-05-11,1995-04-30,COLLECT COD,FOB,ructions: sl
55715-2,55715,18,69,2,7.00,6426.07,0.02,0.04,N,F,1995-06-09,1995-06-30,1995-06-24,DELIVER IN PERSON,FOB,requests cajole 
55716-1,55716,1293,68,1,11.00,13137.19,0.04,0.06,R,F,1992-12-14,1992-11-22,1992-12-31,NONE,MAIL,oost doggedly after the p
55716-2,55716,701,2,2,36.00,57661.20,0.04,0.07,A,F,1992-12-31,1992-12-26,1993-01-23,COLLECT COD,TRUCK,al pinto beans wake furiously at the fur
55717-1,55717,860,60,1,13.00,22891.18,0.03,0.05,R,F,1992-05-05,1992-03-24,1992-05-14,COLLECT COD,AIR,egular accoun
55718-1,55718,850,51,1,21.00,36767.85,0.10,0.01,N,O,1997-10-01,1997-09-14,1997-10-02,COLLECT COD,FOB, furiously express
55718-2,55718,1429,8,2,7.00,9312.94,0.01,0.06,N,O,1997-07-08,1997-09-06,1997-07-22,DELIVER IN PERSON,TRUCK,al accounts among the quickly express acc
55718-3,55718,296,78,3,25.00,29907.25,0.02,0.07,N,O,1997-10-05,1997-08-09,1997-10-30,TAKE BACK RETURN,MAIL, ironic packages. carefully regular t
55718-4,55718,1801,2,4,5.00,8514.00,0.10,0.06,N,O,1997-09-12,1997-08-28,1997-09-17,TAKE BACK RETURN,REG AIR,osits. specia
55718-5,55718,737,70,5,44.00,72060.12,0.02,0.05,N,O,1997-07-08,1997-08-13,1997-08-03,TAKE BACK RETURN,RAIL, across the blit
55718-6,55718,207,89,6,6.00,6643.20,0.06,0.04,N,O,1997-07-25,1997-08-06,1997-08-07,NONE,TRUCK,t deposits. brav
55719-1,55719,1133,70,1,27.00,27921.51,0.05,0.03,A,F,1992-12-23,1992-12-20,1993-01-02,TAKE BACK RETURN,REG AIR,"key players unwind special, "
55744-1,55744,820,21,1,2.00,3441.64,0.05,0.08,N,O,1995-11-20,1995-12-14,1995-12-18,COLLECT COD,REG AIR,"the ironic, bold ideas. bold foxes wake f"
55744-2,55744,1287,99,2,1.00,1188.28,0.10,0.00,N,O,1995-10-29,1996-01-18,1995-11-25,DELIVER IN PERSON,MAIL,ven accounts. packag
55744-3,55744,129,30,3,17.00,17495.04,0.02,0.07,N,O,1996-02-13,1995-11-25,1996-02-22,COLLECT COD,MAIL,are slyly ironic depo
55744-4,55744,219,20,4,45.00,50364.45,0.00,0.05,N,O,1996-01-03,1995-12-05,1996-01-15,TAKE BACK RETURN,SHIP, final escapad
55744-5,55744,1554,35,5,36.00,52399.80,0.07,0.01,N,O,1996-01-16,1995-12-05,1996-01-18,TAKE BACK RETURN,MAIL,"dependencies. ironic, c"
55744-6,55744,822,22,6,32.00,55130.24,0.07,0.07,N,O,1995-12-26,1996-01-17,1995-12-30,NONE,MAIL,nusual platel
55745-1,55745,285,40,1,27.00,32002.56,0.04,0.01,A,F,1994-04-09,1994-03-31,1994-04-17,NONE,FOB,packages dazzle a
55745-2,55745,626,89,2,3.00,4579.86,0.05,0.03,R,F,1994-02-20,1994-04-26,1994-03-03,TAKE BACK RETURN,MAIL,. furiously special reque
55745-3,55745,618,50,3,6.00,9111.66,0.04,0.05,R,F,1994-03-24,1994-04-10,1994-04-02,COLLECT COD,FOB," even deposits. unusual, regul"
55745-4,55745,62,38,4,20.00,19241.20,0.05,0.01,R,F,1994-02-23,1994-05-03,1994-03-05,NONE,TRUCK," carefully special foxes. bold, pendi"
55745-5,55745,1020,56,5,6.00,5526.12,0.09,0.07,R,F,1994-03-24,1994-04-04,1994-04-12,NONE,SHIP,ending deposits nag. express deposi
55746-1,55746,1003,74,1,20.00,18080.00,0.05,0.06,R,F,1994-09-30,1994-08-14,1994-10-12,DELIVER IN PERSON,SHIP,. express ideas maintain. special plate
55746-2,55746,730,63,2,9.00,14676.57,0.00,0.05,A,F,1994-08-07,1994-08-12,1994-08-25,TAKE BACK RETURN,FOB,g to the carefully even packages. 
55747-1,55747,1213,14,1,19.00,21169.99,0.08,0.06,A,F,1992-12-10,1993-02-14,1992-12-14,NONE,FOB,ing instructions wake quickly through t
55747-2,55747,1976,77,2,7.00,13145.79,0.10,0.03,A,F,1993-03-19,1993-01-21,1993-04-06,NONE,SHIP,ronic packages! ev
55747-3,55747,717,14,3,24.00,38825.04,0.06,0.08,A,F,1993-02-12,1993-02-08,1993-03-13,COLLECT COD,MAIL,longside of the blithely regular ideas
55747-4,55747,244,99,4,23.00,26317.52,0.03,0.06,A,F,1993-01-22,1993-02-13,1993-02-09,COLLECT COD,SHIP,ccording to the quic
55748-1,55748,523,54,1,41.00,58364.32,0.03,0.03,N,O,1995-08-27,1995-11-03,1995-09-02,DELIVER IN PERSON,AIR,y blithely final requests. blith
55748-2,55748,1391,68,2,42.00,54280.38,0.08,0.03,N,O,1995-12-08,1995-09-21,1995-12-25,COLLECT COD,MAIL,uctions wake furiousl
55749-1,55749,420,21,1,39.00,51496.38,0.08,0.03,R,F,1992-05-26,1992-06-12,1992-06-08,TAKE BACK RETURN,SHIP,inal dependencies. ironic theodolites up th
55749-2,55749,1957,2,2,29.00,53909.55,0.07,0.08,A,F,1992-06-21,1992-07-15,1992-07-12,DELIVER IN PERSON,MAIL,ans sublate ca
55750-1,55750,634,35,1,34.00,52177.42,0.10,0.05,R,F,1993-11-25,1993-10-28,1993-12-23,TAKE BACK RETURN,FOB,ag quickly? theodolites sleep carefully. ac
55750-2,55750,859,93,2,12.00,21118.20,0.08,0.06,A,F,1993-11-26,1993-10-16,1993-12-19,TAKE BACK RETURN,FOB,en theodolites. asymp
55750-3,55750,1282,57,3,23.00,27215.44,0.08,0.06,R,F,1993-12-25,1993-10-18,1994-01-06,DELIVER IN PERSON,AIR,ely ironic requests sleep
55750-4,55750,1780,81,4,31.00,52135.18,0.07,0.08,R,F,1993-10-26,1993-10-04,1993-11-17,NONE,MAIL,even foxes. 
55750-5,55750,503,4,5,46.00,64561.00,0.05,0.03,R,F,1993-12-23,1993-10-14,1994-01-16,TAKE BACK RETURN,AIR,requests cajole along the permanen
55751-1,55751,652,84,1,17.00,26395.05,0.07,0.00,N,O,1997-12-24,1998-02-20,1998-01-19,NONE,RAIL,ts detect blithely acr
55751-2,55751,1185,94,2,16.00,17378.88,0.05,0.04,N,O,1998-04-02,1998-01-31,1998-05-02,DELIVER IN PERSON,AIR,nding deposits. carefully ironic 
55751-3,55751,1784,11,3,34.00,57316.52,0.04,0.03,N,O,1998-01-03,1998-01-09,1998-01-13,DELIVER IN PERSON,MAIL,"closely across the regular, even reque"
55776-1,55776,121,22,1,10.00,10211.20,0.03,0.01,R,F,1994-04-10,1994-06-14,1994-05-01,TAKE BACK RETURN,REG AIR, according to the furio
55776-2,55776,1066,72,2,31.00,29978.86,0.10,0.01,A,F,1994-04-18,1994-05-28,1994-04-30,DELIVER IN PERSON,SHIP,yly furiously regular instruc
55776-3,55776,371,56,3,31.00,39412.47,0.10,0.08,A,F,1994-06-20,1994-04-30,1994-06-27,NONE,MAIL,ns against the ideas haggle a
55777-1,55777,1999,32,1,4.00,7603.96,0.00,0.01,R,F,1992-12-10,1992-12-13,1993-01-02,NONE,SHIP, deposits mold accounts
55777-2,55777,1740,83,2,18.00,29551.32,0.10,0.00,R,F,1993-02-23,1993-01-31,1993-03-03,DELIVER IN PERSON,FOB,. requests slee
55777-3,55777,1466,84,3,37.00,50596.02,0.00,0.04,A,F,1993-01-27,1992-12-22,1993-02-17,COLLECT COD,RAIL,se blithely. blithely 
55778-1,55778,902,71,1,5.00,9014.50,0.08,0.00,N,O,1997-07-04,1997-06-26,1997-07-27,TAKE BACK RETURN,SHIP,l theodolites across the
55779-1,55779,322,51,1,39.00,47670.48,0.05,0.01,R,F,1992-05-01,1992-05-01,1992-05-10,TAKE BACK RETURN,MAIL, above the f
55779-2,55779,1458,76,2,6.00,8156.70,0.00,0.08,R,F,1992-06-09,1992-04-21,1992-07-04,TAKE BACK RETURN,AIR,"xpress asymptotes are quickly unusual, "
55779-3,55779,503,94,3,2.00,2807.00,0.01,0.03,R,F,1992-04-26,1992-05-21,1992-05-19,DELIVER IN PERSON,MAIL,symptotes boost
55779-4,55779,528,29,4,46.00,65711.92,0.03,0.08,R,F,1992-04-30,1992-04-15,1992-05-26,TAKE BACK RETURN,AIR,ts. even foxes wake slyly final sheaves.
55780-1,55780,866,67,1,39.00,68907.54,0.05,0.03,N,O,1997-12-07,1998-01-03,1997-12-30,DELIVER IN PERSON,RAIL,inal deposits use blithe
55780-2,55780,1690,73,2,15.00,23875.35,0.05,0.01,N,O,1997-10-30,1998-01-02,1997-11-22,NONE,RAIL,he quickly ironic packages. bold packages 
55780-3,55780,1038,74,3,8.00,7512.24,0.03,0.04,N,O,1998-01-01,1998-01-02,1998-01-14,NONE,REG AIR,packages boost across the bli
55780-4,55780,1366,5,4,15.00,19010.40,0.00,0.08,N,O,1997-12-27,1997-11-30,1998-01-22,DELIVER IN PERSON,RAIL,nts. ironic packages among the care
55780-5,55780,1514,95,5,30.00,42465.30,0.06,0.01,N,O,1998-01-26,1998-01-09,1998-02-10,NONE,MAIL,grate furiousl
55781-1,55781,478,66,1,45.00,62031.15,0.03,0.04,N,O,1996-12-23,1997-02-10,1997-01-06,TAKE BACK RETURN,SHIP,en dolphins after the unusual platelet
55782-1,55782,1425,4,1,47.00,62341.74,0.07,0.03,N,O,1997-08-14,1997-10-21,1997-08-27,DELIVER IN PERSON,TRUCK,as. carefully 
55783-1,55783,1800,1,1,28.00,47650.40,0.01,0.05,N,O,1996-07-30,1996-09-12,1996-07-31,NONE,RAIL,n pinto beans
55783-2,55783,1544,25,2,22.00,31801.88,0.09,0.03,N,O,1996-07-29,1996-10-01,1996-08-25,NONE,RAIL,ven foxes cajole boldly regular reque
55808-1,55808,1764,49,1,8.00,13326.08,0.06,0.03,A,F,1995-05-10,1995-04-12,1995-05-20,COLLECT COD,REG AIR,ickly busy courts. carefully final fo
55808-2,55808,345,74,2,31.00,38605.54,0.06,0.08,R,F,1995-03-23,1995-04-30,1995-04-03,NONE,MAIL,latelets. blithely unusual accounts nag fur
55808-3,55808,413,43,3,38.00,49909.58,0.02,0.06,A,F,1995-05-12,1995-04-17,1995-06-03,DELIVER IN PERSON,FOB,yly ironic accounts. final warthogs lose
55808-4,55808,1172,81,4,9.00,9658.53,0.05,0.00,A,F,1995-04-04,1995-03-19,1995-04-09,TAKE BACK RETURN,TRUCK,st the blithely unusual instructions.
55808-5,55808,1738,39,5,19.00,31154.87,0.03,0.08,N,F,1995-06-16,1995-04-22,1995-07-15,NONE,MAIL,grate. ideas wake according t
55808-6,55808,994,29,6,45.00,85274.55,0.10,0.08,R,F,1995-04-12,1995-04-13,1995-04-15,NONE,MAIL,st the slyly special reque
55808-7,55808,1153,90,7,31.00,32678.65,0.03,0.00,A,F,1995-02-16,1995-04-05,1995-02-24,DELIVER IN PERSON,REG AIR,s against the 
55809-1,55809,1156,93,1,39.00,41228.85,0.01,0.07,N,O,1995-10-20,1995-11-11,1995-11-04,NONE,REG AIR,inal theodolites use
55809-2,55809,868,2,2,12.00,21226.32,0.03,0.07,N,O,1995-10-29,1995-11-25,1995-11-03,DELIVER IN PERSON,MAIL,e carefully slyly regular excuses. final p
55809-3,55809,600,61,3,48.00,72028.80,0.08,0.06,N,O,1995-09-29,1995-12-01,1995-10-05,TAKE BACK RETURN,TRUCK,luffily special packages cajole alongsid
55809-4,55809,1735,78,4,1.00,1636.73,0.06,0.05,N,O,1996-01-08,1995-10-29,1996-01-17,DELIVER IN PERSON,REG AIR,ly bold courts was blithely along the bl
55809-5,55809,90,91,5,9.00,8910.81,0.05,0.08,N,O,1995-11-05,1995-11-19,1995-11-23,TAKE BACK RETURN,REG AIR,d the instructions. specia
55810-1,55810,762,27,1,36.00,59859.36,0.10,0.08,N,O,1996-08-05,1996-06-14,1996-08-14,TAKE BACK RETURN,REG AIR,odolites. instructions cajole
55810-2,55810,468,56,2,21.00,28737.66,0.09,0.00,N,O,1996-04-27,1996-07-06,1996-04-28,NONE,SHIP,s above the regu
55810-3,55810,479,9,3,27.00,37245.69,0.07,0.05,N,O,1996-06-08,1996-05-09,1996-06-14,NONE,FOB,ickly regular pinto beans sleep 
55810-4,55810,1806,93,4,49.00,83682.20,0.10,0.08,N,O,1996-06-15,1996-05-11,1996-06-24,DELIVER IN PERSON,RAIL,atterns are about the carefu
55810-5,55810,1218,19,5,14.00,15668.94,0.04,0.03,N,O,1996-07-27,1996-07-01,1996-07-29,TAKE BACK RETURN,RAIL,carefully ironic reque
55810-6,55810,1324,63,6,31.00,37984.92,0.00,0.05,N,O,1996-04-23,1996-05-27,1996-05-16,TAKE BACK RETURN,REG AIR, special asymptotes boost b
55811-1,55811,810,77,1,47.00,80408.07,0.10,0.00,N,O,1998-09-27,1998-07-13,1998-10-26,COLLECT COD,FOB,ts cajole ironic instructions. ex
55812-1,55812,1610,11,1,48.00,72557.28,0.02,0.00,R,F,1994-01-06,1993-12-08,1994-01-31,DELIVER IN PERSON,SHIP,"symptotes are foxes. even, reg"
55812-2,55812,1941,86,2,44.00,81089.36,0.07,0.06,R,F,1993-11-17,1994-01-18,1993-12-08,COLLECT COD,AIR,quickly even accounts cajole among
55812-3,55812,737,34,3,28.00,45856.44,0.03,0.06,A,F,1994-01-18,1994-01-24,1994-02-11,COLLECT COD,MAIL,uriously. finally ironic foxes 
55812-4,55812,675,38,4,35.00,55148.45,0.04,0.00,A,F,1993-12-12,1994-01-24,1994-01-01,DELIVER IN PERSON,TRUCK,special package
55813-1,55813,1969,58,1,41.00,76709.36,0.04,0.03,A,F,1992-09-04,1992-09-24,1992-10-02,NONE,TRUCK,egular instruct
55813-2,55813,1176,77,2,33.00,35546.61,0.02,0.08,A,F,1992-08-16,1992-10-01,1992-09-05,NONE,AIR,s integrate after the quickly unusual a
55813-3,55813,1009,80,3,31.00,28210.00,0.03,0.08,A,F,1992-08-25,1992-10-27,1992-09-13,COLLECT COD,TRUCK,gle about the slyly even tithes. ca
55813-4,55813,398,99,4,33.00,42846.87,0.07,0.03,A,F,1992-09-21,1992-09-28,1992-10-05,COLLECT COD,REG AIR,urts. deposits agains
55813-5,55813,1700,1,5,26.00,41644.20,0.07,0.04,A,F,1992-10-02,1992-09-06,1992-10-25,DELIVER IN PERSON,TRUCK,zle carefully even package
55814-1,55814,219,74,1,22.00,24622.62,0.06,0.08,R,F,1993-08-29,1993-10-21,1993-09-10,NONE,SHIP,asymptotes. furious
55814-2,55814,1473,52,2,43.00,59102.21,0.01,0.07,R,F,1993-09-27,1993-10-10,1993-10-01,NONE,TRUCK,arefully sile
55815-1,55815,938,39,1,16.00,29422.88,0.10,0.03,A,F,1995-04-05,1995-02-17,1995-04-11,TAKE BACK RETURN,TRUCK,ans! blithely regular package
55815-2,55815,567,68,2,26.00,38156.56,0.02,0.07,R,F,1995-03-07,1995-03-04,1995-03-31,COLLECT COD,SHIP,otes. quick requests across the carefull
55815-3,55815,629,23,3,24.00,36710.88,0.04,0.08,A,F,1995-04-23,1995-03-22,1995-04-25,TAKE BACK RETURN,RAIL,blithely ev
55815-4,55815,1732,17,4,1.00,1633.73,0.09,0.05,R,F,1995-05-08,1995-03-09,1995-05-26,COLLECT COD,RAIL," final, bold ideas. furiously unu"
55815-5,55815,330,31,5,32.00,39370.56,0.03,0.04,R,F,1995-03-20,1995-03-22,1995-03-21,COLLECT COD,MAIL,t ideas boost across the fluffil
55815-6,55815,509,10,6,9.00,12685.50,0.08,0.05,R,F,1995-03-06,1995-02-28,1995-03-29,TAKE BACK RETURN,MAIL,ged dependenci
55815-7,55815,75,51,7,25.00,24376.75,0.04,0.07,A,F,1995-05-11,1995-03-23,1995-05-14,COLLECT COD,SHIP,hould thrash accordin
55840-1,55840,1001,2,1,33.00,29766.00,0.08,0.03,A,F,1994-10-27,1994-10-02,1994-11-07,NONE,FOB,fully accord
55840-2,55840,1064,70,2,28.00,27021.68,0.03,0.00,A,F,1994-10-27,1994-10-24,1994-11-01,TAKE BACK RETURN,TRUCK,ymptotes. fluffily bold deposits wake 
55840-3,55840,274,2,3,13.00,15265.51,0.02,0.02,A,F,1994-12-07,1994-10-01,1994-12-29,TAKE BACK RETURN,TRUCK,s. final courts nod carefully alongside o
55840-4,55840,1009,15,4,9.00,8190.00,0.10,0.03,A,F,1994-08-23,1994-10-11,1994-09-18,NONE,REG AIR,arefully ironic
55840-5,55840,1829,73,5,12.00,20769.84,0.00,0.00,R,F,1994-09-14,1994-11-04,1994-09-23,COLLECT COD,REG AIR,quick requests. slowl
55841-1,55841,1129,38,1,36.00,37084.32,0.02,0.02,N,O,1996-11-16,1997-01-22,1996-12-11,COLLECT COD,AIR,e carefully even accounts. furiously
55842-1,55842,49,100,1,45.00,42706.80,0.00,0.02,N,O,1996-04-23,1996-04-04,1996-05-20,TAKE BACK RETURN,REG AIR,ke after th
55842-2,55842,1505,6,2,6.00,8439.00,0.07,0.01,N,O,1996-05-14,1996-05-24,1996-05-26,DELIVER IN PERSON,SHIP,s sleep across the car
55842-3,55842,1718,19,3,48.00,77746.08,0.03,0.08,N,O,1996-05-26,1996-04-24,1996-06-09,TAKE BACK RETURN,AIR, platelets. c
55842-4,55842,1773,74,4,2.00,3349.54,0.01,0.05,N,O,1996-04-10,1996-04-24,1996-04-28,TAKE BACK RETURN,FOB,refully. carefu
55842-5,55842,633,27,5,28.00,42941.64,0.06,0.02,N,O,1996-04-28,1996-04-29,1996-05-26,DELIVER IN PERSON,SHIP, slyly regular deposits. ironic account
55842-6,55842,1541,42,6,18.00,25965.72,0.06,0.08,N,O,1996-05-17,1996-05-18,1996-06-13,DELIVER IN PERSON,MAIL,equests. final asy
55842-7,55842,1434,52,7,48.00,64100.64,0.08,0.00,N,O,1996-03-07,1996-04-09,1996-04-05,DELIVER IN PERSON,REG AIR,usily ironic courts cajole among t
55843-1,55843,879,13,1,13.00,23138.31,0.02,0.01,N,O,1995-06-25,1995-05-21,1995-07-04,NONE,RAIL,ic notornis among the regular d
55844-1,55844,1722,7,1,3.00,4871.16,0.04,0.05,N,O,1996-01-18,1996-01-23,1996-01-27,TAKE BACK RETURN,RAIL,re furiously about the quickly pending 
55844-2,55844,429,30,2,33.00,43870.86,0.07,0.00,N,O,1996-01-01,1996-01-29,1996-01-10,DELIVER IN PERSON,RAIL,"ly. express, special ac"
55845-1,55845,411,99,1,1.00,1311.41,0.01,0.08,N,O,1995-09-09,1995-10-02,1995-09-18,NONE,MAIL," sleep along the pending, even deposits."
55845-2,55845,1577,58,2,38.00,56185.66,0.02,0.06,N,O,1995-08-24,1995-08-21,1995-09-10,DELIVER IN PERSON,FOB,ts are quickly carefully ironic Tiresi
55845-3,55845,1874,75,3,28.00,49724.36,0.00,0.08,N,O,1995-10-20,1995-09-06,1995-11-02,TAKE BACK RETURN,TRUCK,xpress packages. quickly unusual n
55845-4,55845,1887,74,4,32.00,57244.16,0.00,0.00,N,O,1995-09-03,1995-10-13,1995-09-29,COLLECT COD,SHIP,. carefully final deposi
55846-1,55846,1882,26,1,5.00,8919.40,0.05,0.00,R,F,1994-09-20,1994-10-19,1994-10-07,COLLECT COD,REG AIR,"across the final, regular deposits! specia"
55847-1,55847,1538,39,1,40.00,57581.20,0.01,0.04,A,F,1994-09-22,1994-09-19,1994-10-15,TAKE BACK RETURN,RAIL,ts. even ideas wake accord
55847-2,55847,1860,47,2,19.00,33475.34,0.08,0.03,R,F,1994-09-18,1994-09-08,1994-10-04,TAKE BACK RETURN,RAIL, ideas sleep ca
55872-1,55872,1273,85,1,43.00,50493.61,0.05,0.02,R,F,1994-02-25,1994-01-27,1994-03-04,NONE,TRUCK,s haggle across the
55873-1,55873,1143,52,1,35.00,36544.90,0.04,0.05,N,O,1996-01-11,1996-01-30,1996-01-27,TAKE BACK RETURN,SHIP,ccounts affix carefu
55873-2,55873,1877,21,2,30.00,53366.10,0.04,0.04,N,O,1996-01-26,1996-01-10,1996-02-08,NONE,RAIL,after the furiously ironic instructi
55873-3,55873,1889,76,3,33.00,59099.04,0.08,0.02,N,O,1996-01-23,1996-02-11,1996-01-30,DELIVER IN PERSON,REG AIR,kly across th
55873-4,55873,609,41,4,45.00,67932.00,0.01,0.07,N,O,1996-02-16,1996-02-10,1996-02-23,COLLECT COD,MAIL,quests use requests. requests
55873-5,55873,414,15,5,31.00,40746.71,0.03,0.03,N,O,1996-02-13,1996-01-19,1996-03-07,COLLECT COD,REG AIR, the slyly ironic courts. furiously regu
55873-6,55873,922,91,6,31.00,56510.52,0.07,0.01,N,O,1996-02-11,1995-12-21,1996-02-15,DELIVER IN PERSON,AIR,ntegrate blithely 
55873-7,55873,1410,50,7,38.00,49833.58,0.02,0.04,N,O,1995-12-17,1996-02-01,1996-01-04,TAKE BACK RETURN,MAIL,theodolites
55874-1,55874,15,41,1,1.00,915.01,0.05,0.03,R,F,1994-03-14,1994-05-11,1994-04-07,TAKE BACK RETURN,REG AIR,ounts about th
55874-2,55874,149,50,2,45.00,47211.30,0.04,0.01,A,F,1994-03-29,1994-04-22,1994-04-26,COLLECT COD,SHIP,t the furiously ironic 
55874-3,55874,56,7,3,23.00,21989.15,0.01,0.07,A,F,1994-03-02,1994-05-16,1994-03-11,COLLECT COD,SHIP,mptotes. carefully bold account
55874-4,55874,719,16,4,10.00,16197.10,0.01,0.04,R,F,1994-03-11,1994-05-04,1994-04-03,TAKE BACK RETURN,RAIL, to the carefully final theodolite
55874-5,55874,30,56,5,9.00,8370.27,0.05,0.02,R,F,1994-05-25,1994-05-05,1994-06-09,NONE,AIR,"sly, final deposits sleep furiously i"
55874-6,55874,537,38,6,11.00,15812.83,0.10,0.00,R,F,1994-04-10,1994-04-07,1994-04-27,DELIVER IN PERSON,SHIP,heodolites haggle carefully. regular theodo
55875-1,55875,1037,73,1,38.00,35645.14,0.02,0.02,A,F,1995-03-22,1995-01-04,1995-04-02,COLLECT COD,REG AIR,y express foxes nag quickly. carefully un
55875-2,55875,869,36,2,25.00,44246.50,0.06,0.05,R,F,1995-01-05,1995-01-26,1995-01-15,COLLECT COD,FOB,furiously fin
55876-1,55876,488,76,1,36.00,49985.28,0.06,0.02,N,O,1997-12-03,1997-12-13,1997-12-14,DELIVER IN PERSON,MAIL,nag blithely theodo
55876-2,55876,228,29,2,14.00,15795.08,0.04,0.06,N,O,1997-11-24,1997-12-06,1997-11-30,NONE,TRUCK,elets are furiously. quickly ironic depen
55876-3,55876,1893,80,3,47.00,84359.83,0.07,0.03,N,O,1997-11-20,1997-11-07,1997-12-06,DELIVER IN PERSON,RAIL,arefully even deposi
55877-1,55877,964,65,1,2.00,3729.92,0.07,0.01,R,F,1993-06-01,1993-04-19,1993-06-27,COLLECT COD,SHIP,ests haggle furiously ev
55877-2,55877,1025,96,2,27.00,25002.54,0.09,0.02,R,F,1993-05-20,1993-04-13,1993-06-04,NONE,RAIL,"c, regular "
55877-3,55877,1050,56,3,22.00,20923.10,0.09,0.07,R,F,1993-02-23,1993-04-25,1993-03-05,NONE,MAIL,after the furi
55877-4,55877,330,31,4,11.00,13533.63,0.07,0.02,R,F,1993-02-23,1993-04-24,1993-03-22,DELIVER IN PERSON,SHIP,arefully carefully unusual
55877-5,55877,517,18,5,26.00,36855.26,0.09,0.06,A,F,1993-02-25,1993-03-23,1993-03-03,COLLECT COD,RAIL, deposits nag. theodoli
55877-6,55877,18,44,6,43.00,39474.43,0.09,0.06,R,F,1993-05-13,1993-04-01,1993-05-28,NONE,REG AIR,ly express platelets wake 
55877-7,55877,733,30,7,41.00,66982.93,0.07,0.05,R,F,1993-04-07,1993-04-08,1993-05-03,NONE,MAIL,s. doggedly pending accounts detect fluffil
55878-1,55878,778,11,1,7.00,11751.39,0.02,0.08,N,O,1995-06-20,1995-06-28,1995-06-25,TAKE BACK RETURN,TRUCK,s. final requests integrate foxes. exp
55878-2,55878,869,69,2,2.00,3539.72,0.05,0.03,N,O,1995-07-17,1995-06-05,1995-07-28,DELIVER IN PERSON,RAIL,sly about the 
55879-1,55879,1646,47,1,28.00,43333.92,0.09,0.02,R,F,1994-07-13,1994-06-13,1994-08-01,NONE,FOB,er the furiously ironic pi
55904-1,55904,146,47,1,50.00,52307.00,0.00,0.06,A,F,1993-04-12,1993-06-06,1993-04-23,TAKE BACK RETURN,RAIL,ongside of the slow packages. theodolites
55904-2,55904,1621,22,2,38.00,57859.56,0.05,0.08,R,F,1993-06-01,1993-04-21,1993-06-06,COLLECT COD,RAIL,ogged instructions. even theodolites c
55904-3,55904,1364,65,3,32.00,40491.52,0.00,0.01,A,F,1993-05-03,1993-04-26,1993-05-25,NONE,REG AIR,olites haggle. p
55904-4,55904,552,43,4,28.00,40671.40,0.04,0.08,A,F,1993-04-12,1993-05-03,1993-04-24,NONE,FOB,attainments 
55904-5,55904,342,99,5,15.00,18635.10,0.04,0.05,A,F,1993-06-06,1993-05-11,1993-06-30,TAKE BACK RETURN,REG AIR,kages use bold packages. even inst
55904-6,55904,79,30,6,14.00,13706.98,0.05,0.04,R,F,1993-06-16,1993-06-07,1993-07-09,NONE,REG AIR,are carefully about the ironic r
55905-1,55905,1098,69,1,49.00,48955.41,0.08,0.03,N,O,1996-09-11,1996-09-07,1996-09-30,COLLECT COD,REG AIR,ies. final deposits haggle steal
55905-2,55905,1660,61,2,32.00,49973.12,0.08,0.03,N,O,1996-06-29,1996-09-10,1996-07-07,TAKE BACK RETURN,TRUCK,"ct quickly. even, sile"
55905-3,55905,1544,65,3,9.00,13009.86,0.06,0.04,N,O,1996-08-06,1996-09-20,1996-08-22,TAKE BACK RETURN,REG AIR,ckages. excuses wake. quickl
55906-1,55906,1099,35,1,38.00,38003.42,0.02,0.02,A,F,1995-01-25,1995-01-31,1995-02-15,TAKE BACK RETURN,REG AIR,ravely ironic decoys use. unusua
55906-2,55906,1510,11,2,41.00,57871.91,0.05,0.01,R,F,1994-12-14,1994-12-31,1995-01-13,TAKE BACK RETURN,RAIL,"theodolites. special, ironic accounts boost"
55906-3,55906,1477,78,3,21.00,28947.87,0.08,0.02,A,F,1995-02-08,1995-01-03,1995-02-17,TAKE BACK RETURN,REG AIR,ng asymptotes. idly bold
55906-4,55906,1768,53,4,29.00,48423.04,0.05,0.03,R,F,1995-03-24,1995-01-18,1995-04-20,TAKE BACK RETURN,FOB,gular accounts. carefully f
55906-5,55906,230,58,5,16.00,18083.68,0.07,0.00,R,F,1995-01-15,1995-01-24,1995-01-21,DELIVER IN PERSON,SHIP,s wake blithely at the slyly even pint
55906-6,55906,1333,48,6,13.00,16046.29,0.04,0.06,R,F,1995-02-21,1995-01-25,1995-03-02,COLLECT COD,AIR,old foxes integrate along the 
55907-1,55907,1952,85,1,26.00,48202.70,0.05,0.03,N,O,1997-02-09,1996-11-28,1997-03-07,TAKE BACK RETURN,FOB,lly bold deposits b
55907-2,55907,465,53,2,8.00,10923.68,0.03,0.03,N,O,1997-01-06,1996-11-30,1997-01-27,NONE,MAIL,ronic dependencies are sly
55907-3,55907,1637,79,3,30.00,46158.90,0.02,0.01,N,O,1997-02-06,1996-12-05,1997-02-16,NONE,RAIL, along the blithely pend
55907-4,55907,1044,45,4,47.00,44416.88,0.07,0.06,N,O,1997-02-18,1997-01-01,1997-03-13,COLLECT COD,SHIP,tructions haggle ironically. care
55908-1,55908,1615,16,1,27.00,40948.47,0.05,0.00,R,F,1994-07-24,1994-06-24,1994-07-30,TAKE BACK RETURN,FOB,refully. fluffily even pinto beans cajole
55908-2,55908,583,44,2,21.00,31155.18,0.07,0.08,R,F,1994-08-09,1994-06-24,1994-08-18,NONE,TRUCK,ely quickly even re
55908-3,55908,1706,33,3,29.00,46623.30,0.03,0.01,R,F,1994-08-23,1994-08-10,1994-09-10,DELIVER IN PERSON,AIR,after the slyly enticing packa
55908-4,55908,55,56,4,50.00,47752.50,0.10,0.01,A,F,1994-09-07,1994-07-04,1994-10-05,COLLECT COD,SHIP, sheaves. blithely fi
55909-1,55909,1988,89,1,7.00,13229.86,0.05,0.02,R,F,1994-06-02,1994-06-21,1994-06-26,NONE,REG AIR,s. slyly pending foxes boost above the
55909-2,55909,1365,42,2,4.00,5065.44,0.03,0.00,R,F,1994-07-07,1994-07-12,1994-08-03,COLLECT COD,REG AIR,"ironic accounts about the ironic, pen"
55909-3,55909,1901,2,3,3.00,5408.70,0.00,0.07,A,F,1994-05-30,1994-07-31,1994-06-21,COLLECT COD,REG AIR,quickly final depend
55909-4,55909,157,84,4,33.00,34885.95,0.00,0.07,A,F,1994-08-24,1994-06-21,1994-08-28,TAKE BACK RETURN,RAIL,rate slyly
55909-5,55909,396,97,5,11.00,14260.29,0.07,0.07,R,F,1994-05-25,1994-08-16,1994-06-15,COLLECT COD,FOB,l sheaves cajole blithely carefully slow 
55910-1,55910,488,89,1,11.00,15273.28,0.09,0.06,R,F,1994-01-11,1993-11-18,1994-01-15,NONE,AIR, accounts? carefully regular theodolite
55910-2,55910,1345,22,2,4.00,4985.36,0.04,0.00,A,F,1993-12-14,1993-11-04,1993-12-19,DELIVER IN PERSON,FOB, final dependencies wake re
55911-1,55911,392,93,1,26.00,33602.14,0.04,0.06,R,F,1993-12-31,1994-01-01,1994-01-23,NONE,RAIL,"s the even, pend"
55911-2,55911,1474,53,2,24.00,33011.28,0.05,0.02,A,F,1993-12-21,1993-12-29,1994-01-14,DELIVER IN PERSON,AIR,gainst the furiously expres
55936-1,55936,1653,36,1,45.00,69959.25,0.05,0.07,N,O,1996-03-16,1996-02-19,1996-04-12,NONE,AIR,slyly. regular 
55936-2,55936,797,94,2,45.00,76400.55,0.08,0.01,N,O,1996-02-15,1996-03-07,1996-03-12,TAKE BACK RETURN,MAIL,lieve slyly iro
55937-1,55937,1156,29,1,20.00,21143.00,0.10,0.03,R,F,1994-04-28,1994-03-20,1994-05-16,DELIVER IN PERSON,REG AIR,s cajole fluffil
55937-2,55937,1870,57,2,40.00,70874.80,0.03,0.01,A,F,1994-04-03,1994-04-14,1994-04-27,NONE,REG AIR,the carefully unusual acco
55937-3,55937,1830,60,3,48.00,83127.84,0.10,0.00,A,F,1994-03-08,1994-03-27,1994-04-07,DELIVER IN PERSON,MAIL,e fluffily above the doggedly iro
55937-4,55937,400,85,4,49.00,63719.60,0.02,0.08,A,F,1994-03-04,1994-03-08,1994-03-22,TAKE BACK RETURN,MAIL,according to the carefully ironic deposits
55937-5,55937,462,63,5,19.00,25886.74,0.05,0.01,A,F,1994-05-15,1994-03-17,1994-06-08,TAKE BACK RETURN,RAIL,fily unusual requests. deposits amo
55937-6,55937,1735,62,6,45.00,73652.85,0.00,0.05,A,F,1994-04-21,1994-03-21,1994-05-16,COLLECT COD,REG AIR,lly ironic
55937-7,55937,1539,80,7,47.00,67704.91,0.05,0.08,R,F,1994-03-26,1994-03-02,1994-04-15,COLLECT COD,SHIP,bout the blithely special
55938-1,55938,1952,97,1,25.00,46348.75,0.03,0.04,R,F,1992-08-18,1992-09-05,1992-09-08,COLLECT COD,MAIL,dly even package
55938-2,55938,614,46,2,42.00,63613.62,0.07,0.03,R,F,1992-10-16,1992-09-27,1992-10-30,DELIVER IN PERSON,TRUCK,ckages are carefully. fluffil
55938-3,55938,966,67,3,48.00,89614.08,0.01,0.05,R,F,1992-10-15,1992-09-04,1992-10-30,COLLECT COD,MAIL,c dependencies. t
55938-4,55938,310,11,4,45.00,54463.95,0.00,0.05,R,F,1992-07-18,1992-09-05,1992-08-15,DELIVER IN PERSON,MAIL,. even pinto beans cajole bl
55939-1,55939,443,73,1,6.00,8060.64,0.06,0.06,N,O,1997-03-18,1997-03-12,1997-03-31,COLLECT COD,REG AIR,daring ideas sho
55940-1,55940,1766,93,1,17.00,28351.92,0.02,0.00,R,F,1994-06-14,1994-06-24,1994-07-10,NONE,RAIL,sleep slyly final depos
55940-2,55940,357,86,2,23.00,28919.05,0.08,0.03,A,F,1994-07-14,1994-07-13,1994-08-13,TAKE BACK RETURN,RAIL,er the quickly even pinto beans. boldly i
55941-1,55941,1476,94,1,31.00,42701.57,0.08,0.00,R,F,1995-05-15,1995-05-05,1995-05-20,DELIVER IN PERSON,TRUCK,"ironic, regular instruct"
55941-2,55941,626,58,2,5.00,7633.10,0.06,0.08,A,F,1995-05-19,1995-05-09,1995-06-14,NONE,MAIL,"ix carefully silent, even theodolites. blit"
55941-3,55941,743,8,3,10.00,16437.40,0.09,0.03,R,F,1995-06-04,1995-05-17,1995-06-16,DELIVER IN PERSON,AIR,sts according to the carefully close c
55942-1,55942,1771,14,1,1.00,1672.77,0.10,0.02,N,O,1998-04-10,1998-05-09,1998-04-25,DELIVER IN PERSON,MAIL,g to the pen
55942-2,55942,226,54,2,21.00,23650.62,0.09,0.06,N,O,1998-06-10,1998-05-13,1998-06-27,COLLECT COD,MAIL,along the pinto
55942-3,55942,721,86,3,29.00,47029.88,0.03,0.05,N,O,1998-06-14,1998-05-24,1998-07-03,COLLECT COD,REG AIR,refully regular platelet
55942-4,55942,31,82,4,5.00,4655.15,0.02,0.06,N,O,1998-06-08,1998-04-09,1998-06-13,TAKE BACK RETURN,FOB,regular deposits are f
55942-5,55942,1852,39,5,36.00,63138.60,0.01,0.02,N,O,1998-06-21,1998-05-12,1998-06-28,TAKE BACK RETURN,REG AIR,ickly even courts. instructions haggle blit
55942-6,55942,68,69,6,4.00,3872.24,0.02,0.04,N,O,1998-06-17,1998-05-16,1998-07-17,DELIVER IN PERSON,REG AIR,ts. fluffily bol
55942-7,55942,1560,41,7,18.00,26308.08,0.01,0.00,N,O,1998-05-11,1998-05-21,1998-05-13,DELIVER IN PERSON,FOB,ffily ironic de
55943-1,55943,1627,28,1,45.00,68787.90,0.07,0.03,N,O,1997-05-16,1997-06-15,1997-06-10,COLLECT COD,SHIP,ounts. furiously unusual acco
55943-2,55943,541,72,2,17.00,24506.18,0.09,0.00,N,O,1997-06-15,1997-06-13,1997-07-06,NONE,REG AIR,tions solve despite the brave
55968-1,55968,1325,64,1,17.00,20847.44,0.03,0.02,R,F,1993-01-28,1992-12-09,1993-02-01,TAKE BACK RETURN,TRUCK,s impress.
55968-2,55968,197,24,2,34.00,37304.46,0.08,0.00,R,F,1992-12-30,1992-11-25,1993-01-12,TAKE BACK RETURN,AIR,s sleep carefully quietly silent requests
55968-3,55968,1369,84,3,21.00,26677.56,0.05,0.01,R,F,1993-01-01,1992-12-22,1993-01-15,TAKE BACK RETURN,REG AIR,r instructions according to the quickly
55968-4,55968,613,14,4,33.00,49949.13,0.08,0.07,R,F,1992-11-18,1992-12-11,1992-12-06,NONE,SHIP,lphins. furiously final packages breach.
55969-1,55969,291,46,1,7.00,8339.03,0.07,0.04,R,F,1993-11-12,1993-11-25,1993-11-30,DELIVER IN PERSON,REG AIR,tions promise furiously agains
55969-2,55969,678,10,2,10.00,15786.70,0.01,0.03,A,F,1993-11-13,1993-11-26,1993-12-05,NONE,SHIP,otornis. furiously ironic requests ac
55969-3,55969,564,55,3,19.00,27826.64,0.05,0.02,A,F,1993-11-29,1993-12-10,1993-12-08,TAKE BACK RETURN,TRUCK,its are about the even accounts. ste
55969-4,55969,1274,75,4,27.00,31732.29,0.02,0.04,A,F,1994-01-20,1993-12-27,1994-02-17,TAKE BACK RETURN,TRUCK,ts. carefully final ideas hang alongside o
55969-5,55969,893,94,5,24.00,43053.36,0.08,0.00,R,F,1993-10-29,1993-11-16,1993-11-26,COLLECT COD,MAIL,ages lose blithely above t
55970-1,55970,652,46,1,26.00,40368.90,0.03,0.00,N,O,1995-10-21,1995-12-16,1995-10-31,TAKE BACK RETURN,AIR,uctions. final accounts integra
55970-2,55970,1830,31,2,5.00,8659.15,0.09,0.07,N,O,1996-01-01,1995-11-06,1996-01-29,NONE,MAIL, express deposits
55970-3,55970,1531,72,3,8.00,11460.24,0.02,0.03,N,O,1996-01-23,1995-11-12,1996-02-01,COLLECT COD,MAIL, play never asymptotes. carefully ir
55970-4,55970,21,47,4,40.00,36840.80,0.10,0.01,N,O,1995-11-14,1995-11-13,1995-12-07,DELIVER IN PERSON,FOB,ully slyly even 
55970-5,55970,1397,98,5,6.00,7790.34,0.06,0.01,N,O,1995-10-17,1995-11-09,1995-11-09,NONE,REG AIR,y pending accounts. final ideas
55971-1,55971,1670,53,1,16.00,25146.72,0.06,0.06,N,O,1997-02-18,1997-02-23,1997-03-01,COLLECT COD,MAIL,"sual, specia"
55971-2,55971,1355,32,2,11.00,13819.85,0.03,0.07,N,O,1997-03-19,1997-03-14,1997-04-08,NONE,FOB, doubt ruthlessly. quickly 
55971-3,55971,1629,53,3,50.00,76531.00,0.01,0.00,N,O,1997-02-10,1997-03-04,1997-03-04,TAKE BACK RETURN,FOB, carefully even theodoli
55971-4,55971,1097,33,4,28.00,27946.52,0.01,0.04,N,O,1997-04-28,1997-02-04,1997-05-12,COLLECT COD,TRUCK, silent packages use after the carefully pe
55971-5,55971,1791,92,5,14.00,23699.06,0.05,0.08,N,O,1997-03-26,1997-03-13,1997-04-13,COLLECT COD,TRUCK,grate furious
55971-6,55971,1991,80,6,47.00,88970.53,0.09,0.02,N,O,1997-03-20,1997-02-04,1997-04-10,DELIVER IN PERSON,MAIL,foxes boost. carefully regular plate
55972-1,55972,1563,64,1,9.00,13181.04,0.00,0.01,N,O,1996-02-09,1995-12-10,1996-03-10,DELIVER IN PERSON,FOB,atelets cajole quickly abov
55972-2,55972,800,33,2,17.00,28913.60,0.05,0.03,N,O,1996-02-04,1996-01-06,1996-02-13,NONE,AIR,"bits. regular, ironic deposits hagg"
55972-3,55972,1250,62,3,4.00,4605.00,0.03,0.00,N,O,1996-02-14,1996-01-23,1996-03-01,COLLECT COD,RAIL,uickly regula
55972-4,55972,807,74,4,40.00,68312.00,0.07,0.06,N,O,1995-11-28,1995-12-17,1995-12-03,NONE,FOB, pinto beans
55972-5,55972,100,1,5,13.00,13001.30,0.00,0.02,N,O,1995-11-10,1996-01-20,1995-12-08,COLLECT COD,MAIL,ng to the furiously
55973-1,55973,394,79,1,41.00,53069.99,0.00,0.07,R,F,1995-05-28,1995-03-25,1995-06-05,DELIVER IN PERSON,FOB,ix thinly toward the
55973-2,55973,1688,71,2,18.00,28614.24,0.05,0.08,R,F,1995-05-20,1995-03-19,1995-05-25,DELIVER IN PERSON,REG AIR,ly ironic cour
55973-3,55973,629,61,3,34.00,52007.08,0.01,0.08,A,F,1995-03-23,1995-04-29,1995-04-07,COLLECT COD,REG AIR, pending sheaves. car
55973-4,55973,361,18,4,50.00,63068.00,0.10,0.01,N,F,1995-06-11,1995-05-06,1995-07-05,COLLECT COD,MAIL,ages. special th
55973-5,55973,1106,43,5,35.00,35248.50,0.05,0.06,R,F,1995-02-27,1995-04-25,1995-03-20,COLLECT COD,RAIL,"ven realms. final, furi"
55973-6,55973,403,62,6,17.00,22157.80,0.00,0.08,R,F,1995-04-15,1995-03-26,1995-04-20,NONE,REG AIR,ccounts. carefully express ideas after th
55973-7,55973,958,61,7,49.00,91088.55,0.04,0.06,R,F,1995-04-19,1995-04-21,1995-05-15,COLLECT COD,MAIL,sts sleep ev
55974-1,55974,961,30,1,3.00,5585.88,0.00,0.03,N,O,1996-08-10,1996-07-06,1996-08-17,NONE,FOB," are quickly. ruthless, ironic"
55974-2,55974,150,3,2,27.00,28354.05,0.07,0.05,N,O,1996-08-28,1996-07-25,1996-09-02,TAKE BACK RETURN,TRUCK,odolites across the carefully en
55974-3,55974,1386,1,3,11.00,14161.18,0.01,0.06,N,O,1996-06-25,1996-07-15,1996-07-05,COLLECT COD,RAIL,the slyly even accou
55975-1,55975,504,5,1,44.00,61798.00,0.10,0.02,N,O,1998-02-22,1998-03-20,1998-03-17,TAKE BACK RETURN,TRUCK,ithely about t
55975-2,55975,623,17,2,11.00,16759.82,0.07,0.02,N,O,1998-04-11,1998-04-21,1998-05-03,NONE,TRUCK,to beans sleep slyly above the bli
55975-3,55975,964,65,3,13.00,24244.48,0.04,0.06,N,O,1998-06-04,1998-03-26,1998-06-08,TAKE BACK RETURN,TRUCK, accounts cajole r
55975-4,55975,1678,20,4,38.00,60027.46,0.05,0.02,N,O,1998-06-03,1998-03-19,1998-06-27,COLLECT COD,TRUCK,eodolites;
56000-1,56000,1845,75,1,15.00,26202.60,0.01,0.04,N,O,1997-01-05,1997-01-07,1997-01-23,DELIVER IN PERSON,TRUCK,as. quickly final courts are furiously 
56000-2,56000,1355,70,2,31.00,38946.85,0.06,0.03,N,O,1996-12-03,1997-01-24,1996-12-16,COLLECT COD,FOB,ithely express accounts 
56001-1,56001,1388,89,1,19.00,24498.22,0.03,0.03,R,F,1993-05-22,1993-06-29,1993-06-08,DELIVER IN PERSON,AIR,ests. blithely express dinos are s
56001-2,56001,815,82,2,19.00,32600.39,0.09,0.05,R,F,1993-06-26,1993-06-03,1993-07-04,TAKE BACK RETURN,MAIL,ts. ironic requests haggle b
56001-3,56001,563,54,3,6.00,8781.36,0.01,0.03,R,F,1993-07-06,1993-05-27,1993-08-02,TAKE BACK RETURN,SHIP,y stealthy theodolites nag 
56001-4,56001,846,80,4,6.00,10481.04,0.09,0.06,R,F,1993-05-16,1993-06-17,1993-05-26,TAKE BACK RETURN,SHIP,nt pinto beans wake
56001-5,56001,1599,100,5,39.00,58523.01,0.06,0.08,A,F,1993-04-18,1993-05-28,1993-04-21,DELIVER IN PERSON,AIR,quests. requests wake slyly accounts. bli
56002-1,56002,818,52,1,37.00,63595.97,0.02,0.02,A,F,1994-10-15,1994-08-21,1994-10-31,NONE,SHIP,"aggle carefully across the special, iron"
56002-2,56002,517,48,2,44.00,62370.44,0.08,0.04,R,F,1994-10-09,1994-09-11,1994-11-01,COLLECT COD,RAIL,g packages. even deposits dazzl
56002-3,56002,1267,5,3,27.00,31543.02,0.06,0.07,R,F,1994-10-03,1994-08-30,1994-10-15,NONE,RAIL,ffix. caref
56002-4,56002,1711,54,4,39.00,62895.69,0.05,0.04,R,F,1994-08-05,1994-09-14,1994-08-19,NONE,TRUCK,al platelets. regular pac
56002-5,56002,605,99,5,2.00,3011.20,0.10,0.03,A,F,1994-08-26,1994-09-22,1994-08-29,TAKE BACK RETURN,SHIP,equests across the accounts na
56002-6,56002,1431,71,6,38.00,50632.34,0.03,0.05,R,F,1994-10-12,1994-09-02,1994-10-22,DELIVER IN PERSON,TRUCK,lly final warthogs wake fluffily along the 
56002-7,56002,559,60,7,4.00,5838.20,0.03,0.00,R,F,1994-09-22,1994-08-28,1994-09-24,NONE,MAIL,nts wake blithely
56003-1,56003,637,69,1,7.00,10763.41,0.09,0.04,A,F,1993-04-29,1993-05-11,1993-05-29,NONE,MAIL,"er the regular,"
56003-2,56003,1170,43,2,13.00,13925.21,0.04,0.02,A,F,1993-05-05,1993-05-21,1993-05-28,COLLECT COD,REG AIR,quests boost blith
56003-3,56003,1925,14,3,5.00,9134.60,0.05,0.01,R,F,1993-07-23,1993-05-31,1993-07-24,DELIVER IN PERSON,AIR,ounts. courts boost carefully
56003-4,56003,909,10,4,30.00,54297.00,0.03,0.01,A,F,1993-04-15,1993-07-04,1993-04-24,TAKE BACK RETURN,REG AIR, quickly regular pin
56003-5,56003,1815,16,5,30.00,51504.30,0.10,0.07,R,F,1993-05-28,1993-06-21,1993-06-20,NONE,SHIP,deposits are 
56004-1,56004,533,64,1,14.00,20069.42,0.06,0.04,A,F,1993-08-01,1993-08-21,1993-08-16,NONE,SHIP,packages. slyly bold accounts along the i
56005-1,56005,171,24,1,4.00,4284.68,0.10,0.02,N,O,1996-03-09,1996-03-04,1996-03-10,DELIVER IN PERSON,SHIP,es eat slyly expres
56005-2,56005,1271,9,2,2.00,2344.54,0.01,0.03,N,O,1996-04-18,1996-03-09,1996-05-05,TAKE BACK RETURN,SHIP, waters na
56005-3,56005,1190,63,3,11.00,12003.09,0.05,0.04,N,O,1996-04-26,1996-04-08,1996-05-14,DELIVER IN PERSON,RAIL,c instructions hag
56005-4,56005,1652,76,4,49.00,76128.85,0.00,0.01,N,O,1996-01-25,1996-04-01,1996-02-17,DELIVER IN PERSON,FOB,ins sublate after the furi
56005-5,56005,856,90,5,41.00,72030.85,0.10,0.08,N,O,1996-01-15,1996-03-30,1996-02-12,DELIVER IN PERSON,SHIP, slyly regular instructions boost qui
56005-6,56005,715,12,6,9.00,14541.39,0.07,0.03,N,O,1996-04-11,1996-04-05,1996-04-17,NONE,AIR,thely along the final theo
56005-7,56005,673,74,7,7.00,11015.69,0.06,0.00,N,O,1996-04-29,1996-03-31,1996-05-15,DELIVER IN PERSON,SHIP,iously regular platelets boost s
56006-1,56006,345,30,1,35.00,43586.90,0.02,0.01,N,O,1996-01-07,1995-11-15,1996-01-13,NONE,MAIL,requests: qui
56006-2,56006,1168,5,2,29.00,31005.64,0.05,0.05,N,O,1995-11-10,1995-12-21,1995-11-24,COLLECT COD,SHIP,e packages. f
56006-3,56006,1871,58,3,50.00,88643.50,0.10,0.08,N,O,1996-01-04,1995-11-29,1996-01-12,TAKE BACK RETURN,FOB, boost slyly slyly regular accounts. f
56006-4,56006,1857,87,4,35.00,61559.75,0.01,0.04,N,O,1995-12-24,1995-12-11,1995-12-27,COLLECT COD,REG AIR,unusual accounts. instructions
56006-5,56006,709,6,5,24.00,38632.80,0.06,0.02,N,O,1995-11-14,1995-12-15,1995-12-08,COLLECT COD,RAIL,ickly. carefully ironic accounts han
56006-6,56006,432,62,6,45.00,59959.35,0.07,0.05,N,O,1996-01-31,1995-12-09,1996-02-19,DELIVER IN PERSON,TRUCK,efully final pinto beans. carefully final
56007-1,56007,688,20,1,6.00,9532.08,0.09,0.05,R,F,1992-03-07,1992-03-05,1992-03-11,NONE,FOB,pending pinto beans
56032-1,56032,313,70,1,8.00,9706.48,0.02,0.05,N,O,1996-01-03,1996-02-13,1996-01-28,DELIVER IN PERSON,TRUCK,onic packages. furiously
56032-2,56032,1329,44,2,21.00,25836.72,0.07,0.00,N,O,1995-12-22,1996-01-26,1995-12-23,COLLECT COD,SHIP, to the pending excuses. ironi
56032-3,56032,908,77,3,24.00,43413.60,0.08,0.08,N,O,1996-01-21,1996-02-16,1996-02-16,NONE,MAIL,ake above the account
56032-4,56032,1018,24,4,11.00,10109.11,0.10,0.03,N,O,1996-01-14,1996-03-02,1996-02-11,TAKE BACK RETURN,REG AIR,uffily. furiously even instructio
56033-1,56033,147,26,1,34.00,35602.76,0.07,0.00,R,F,1992-04-24,1992-02-14,1992-04-28,DELIVER IN PERSON,MAIL,"l, express dolphin"
56034-1,56034,749,50,1,28.00,46192.72,0.08,0.03,N,O,1997-09-30,1997-12-06,1997-10-07,TAKE BACK RETURN,REG AIR,quickly regular theodolites are idl
56034-2,56034,619,13,2,21.00,31911.81,0.01,0.01,N,O,1997-12-13,1997-10-10,1997-12-14,NONE,REG AIR,lyly final requests wake furiously about
56034-3,56034,1167,40,3,7.00,7477.12,0.09,0.02,N,O,1997-11-28,1997-10-25,1997-12-01,TAKE BACK RETURN,SHIP,gular courts sleep accordin
56034-4,56034,330,87,4,44.00,54134.52,0.00,0.08,N,O,1997-12-19,1997-12-06,1997-12-27,COLLECT COD,MAIL,"ully blithe, furious accounts. bold depende"
56034-5,56034,1943,44,5,10.00,18449.40,0.05,0.01,N,O,1997-09-27,1997-10-19,1997-10-17,NONE,TRUCK,blithely quickly express theo
56034-6,56034,314,43,6,36.00,43715.16,0.02,0.05,N,O,1997-09-24,1997-11-19,1997-09-27,NONE,SHIP,es according to the regular acco
56035-1,56035,1156,29,1,36.00,38057.40,0.10,0.03,N,O,1996-11-08,1996-10-03,1996-11-22,DELIVER IN PERSON,SHIP,gle slyly along the sly
56035-2,56035,810,11,2,29.00,49613.49,0.08,0.07,N,O,1996-08-15,1996-10-13,1996-09-03,COLLECT COD,REG AIR,lly final asymptotes
56036-1,56036,1416,17,1,5.00,6587.05,0.03,0.04,N,O,1996-12-29,1996-12-13,1997-01-03,DELIVER IN PERSON,REG AIR,wake fluffy deposits: foxes wak
56036-2,56036,1926,71,2,20.00,36558.40,0.08,0.00,N,O,1997-02-01,1997-01-02,1997-02-11,TAKE BACK RETURN,AIR,ind slyly specia
56036-3,56036,434,22,3,26.00,34695.18,0.09,0.07,N,O,1996-12-07,1997-01-06,1996-12-29,DELIVER IN PERSON,FOB,xpress deposits cajole evenly after the 
56037-1,56037,834,1,1,39.00,67658.37,0.08,0.02,N,O,1996-05-16,1996-04-30,1996-06-01,COLLECT COD,RAIL,aphs about the furiously ironic f
56037-2,56037,166,67,2,28.00,29852.48,0.07,0.01,N,O,1996-05-01,1996-05-11,1996-05-31,TAKE BACK RETURN,FOB,til the idly special
56037-3,56037,277,59,3,45.00,52977.15,0.01,0.00,N,O,1996-05-01,1996-05-23,1996-05-14,NONE,SHIP, the slyly regular theodoli
56037-4,56037,1388,89,4,32.00,41260.16,0.00,0.07,N,O,1996-05-05,1996-06-09,1996-05-13,DELIVER IN PERSON,FOB,gside of the theodolites detect boldl
56037-5,56037,1633,16,5,33.00,50642.79,0.01,0.00,N,O,1996-05-22,1996-06-09,1996-06-12,TAKE BACK RETURN,AIR,es after the blithely blithe instruct
56038-1,56038,858,59,1,22.00,38694.70,0.00,0.02,R,F,1994-04-07,1994-02-22,1994-04-29,TAKE BACK RETURN,RAIL,iously even instructions cajole blithely 
56038-2,56038,165,92,2,20.00,21303.20,0.07,0.06,A,F,1994-03-13,1994-03-14,1994-03-23,TAKE BACK RETURN,SHIP,ess excuses. furiously bold deposits a
56038-3,56038,286,87,3,15.00,17794.20,0.01,0.08,A,F,1994-05-10,1994-02-21,1994-05-31,DELIVER IN PERSON,MAIL,ding to the blithely regular pack
56038-4,56038,869,3,4,8.00,14158.88,0.08,0.03,R,F,1994-04-30,1994-04-08,1994-05-28,TAKE BACK RETURN,AIR,ely silent packages haggle
56038-5,56038,1741,26,5,18.00,29569.32,0.06,0.03,R,F,1994-02-27,1994-03-11,1994-03-07,NONE,MAIL,ven packages. furiously bold theod
56038-6,56038,1323,100,6,50.00,61216.00,0.10,0.01,R,F,1994-03-21,1994-03-18,1994-03-27,TAKE BACK RETURN,FOB,sely final packages
56039-1,56039,364,93,1,21.00,26551.56,0.05,0.07,N,O,1996-01-01,1996-01-16,1996-01-15,TAKE BACK RETURN,FOB,hin the regular grouches. carefully fi
56039-2,56039,1297,35,2,32.00,38345.28,0.02,0.07,N,O,1995-12-29,1996-02-03,1996-01-26,DELIVER IN PERSON,FOB,nto beans affix furiously. carefully fin
56039-3,56039,369,98,3,37.00,46966.32,0.07,0.08,N,O,1996-01-10,1996-01-13,1996-01-19,COLLECT COD,REG AIR," even, special pac"
56039-4,56039,1562,43,4,33.00,48297.48,0.09,0.00,N,O,1996-02-29,1996-02-02,1996-03-15,NONE,AIR,efully ironic foxes use blith
56039-5,56039,494,82,5,9.00,12550.41,0.05,0.08,N,O,1996-03-10,1996-01-22,1996-03-21,TAKE BACK RETURN,RAIL,counts. busily ironic ins
56039-6,56039,1324,63,6,42.00,51463.44,0.02,0.00,N,O,1996-03-08,1996-01-30,1996-03-18,DELIVER IN PERSON,MAIL,ully regular requests. slyly ironic 
56039-7,56039,856,56,7,18.00,31623.30,0.01,0.03,N,O,1996-02-09,1996-01-25,1996-03-02,DELIVER IN PERSON,TRUCK,y carefully even deposits. silent mu
56064-1,56064,1681,5,1,21.00,33236.28,0.03,0.07,R,F,1994-12-19,1995-01-04,1995-01-03,TAKE BACK RETURN,FOB,equests haggle sly
56064-2,56064,1504,85,2,22.00,30921.00,0.06,0.08,A,F,1994-12-12,1995-01-28,1994-12-22,COLLECT COD,TRUCK,e quickly. regular requests cajole carefull
56064-3,56064,11,62,3,45.00,40995.45,0.06,0.08,R,F,1995-02-06,1994-12-28,1995-02-18,TAKE BACK RETURN,AIR,s. blithely bol
56064-4,56064,15,91,4,1.00,915.01,0.01,0.02,A,F,1994-11-10,1995-01-08,1994-11-16,DELIVER IN PERSON,AIR,frets haggle
56064-5,56064,1208,9,5,20.00,22184.00,0.10,0.03,R,F,1994-11-18,1995-01-19,1994-11-24,COLLECT COD,AIR,aggle ironic plat
56064-6,56064,964,65,6,22.00,41029.12,0.03,0.02,R,F,1994-11-18,1994-12-18,1994-12-17,DELIVER IN PERSON,AIR,gle stealt
56064-7,56064,1271,83,7,3.00,3516.81,0.04,0.06,R,F,1994-12-15,1995-01-08,1995-01-03,DELIVER IN PERSON,FOB,ccounts wake slyly after the 
56065-1,56065,956,57,1,15.00,27854.25,0.01,0.04,A,F,1995-04-25,1995-05-18,1995-05-15,TAKE BACK RETURN,FOB,lyly bold theodolites nod carefully.
56065-2,56065,913,82,2,47.00,85253.77,0.00,0.05,N,O,1995-07-15,1995-05-04,1995-08-08,COLLECT COD,FOB, the carefully even packages. final
56065-3,56065,286,14,3,13.00,15421.64,0.02,0.02,N,O,1995-07-28,1995-06-19,1995-08-24,TAKE BACK RETURN,FOB,"efully bold accounts. regular, un"
56065-4,56065,1256,31,4,36.00,41661.00,0.05,0.07,N,O,1995-07-13,1995-05-29,1995-07-16,NONE,TRUCK,kages. carefully final depths cajol
56066-1,56066,1915,48,1,13.00,23619.83,0.04,0.03,N,O,1998-02-18,1998-04-18,1998-02-26,DELIVER IN PERSON,SHIP,"ly. ironic, ev"
56066-2,56066,286,87,2,13.00,15421.64,0.02,0.00,N,O,1998-01-25,1998-02-26,1998-02-15,NONE,REG AIR,"pinto beans above the bold, regula"
56067-1,56067,1724,25,1,32.00,52023.04,0.02,0.05,N,O,1996-12-27,1996-10-14,1997-01-11,COLLECT COD,SHIP,ar pinto beans. slyly even ideas slee
56067-2,56067,175,76,2,27.00,29029.59,0.07,0.00,N,O,1996-10-20,1996-10-05,1996-11-05,NONE,RAIL,ole packages. q
56067-3,56067,990,25,3,49.00,92658.51,0.03,0.07,N,O,1996-09-16,1996-10-18,1996-10-13,NONE,FOB,counts. final packages breach slyly along
56067-4,56067,932,1,4,40.00,73317.20,0.09,0.08,N,O,1996-09-18,1996-10-14,1996-09-30,COLLECT COD,AIR,y above the unusual reque
56067-5,56067,793,58,5,38.00,64364.02,0.10,0.02,N,O,1996-12-31,1996-11-29,1997-01-28,COLLECT COD,FOB,cording to the fluffily pending pinto 
56068-1,56068,435,23,1,2.00,2670.86,0.01,0.05,N,O,1997-03-06,1997-02-26,1997-03-25,TAKE BACK RETURN,TRUCK, carefully unusual pinto 
56068-2,56068,812,13,2,33.00,56522.73,0.02,0.03,N,O,1997-02-13,1997-02-16,1997-03-03,DELIVER IN PERSON,AIR,ly deposits. carefully final foxes de
56068-3,56068,1881,25,3,40.00,71315.20,0.08,0.08,N,O,1997-04-09,1997-03-25,1997-04-12,TAKE BACK RETURN,AIR,sual foxes affix slyly after the caref
56069-1,56069,182,9,1,44.00,47615.92,0.03,0.03,R,F,1993-01-22,1992-11-21,1993-02-03,NONE,TRUCK,"ress, express "
56070-1,56070,1745,30,1,50.00,82337.00,0.03,0.05,A,F,1992-03-07,1992-03-23,1992-03-20,DELIVER IN PERSON,SHIP,lar pinto beans cajole
56071-1,56071,236,37,1,13.00,14770.99,0.00,0.07,N,O,1996-08-10,1996-08-28,1996-08-21,COLLECT COD,REG AIR,s thrash slyly even ide
56071-2,56071,1095,31,2,34.00,33867.06,0.01,0.08,N,O,1996-09-03,1996-09-15,1996-09-23,NONE,AIR, patterns boost evenly again
56071-3,56071,1283,21,3,38.00,45002.64,0.04,0.08,N,O,1996-10-12,1996-09-01,1996-11-08,COLLECT COD,TRUCK,yly pending instructions eat except the 
56071-4,56071,1848,35,4,33.00,57744.72,0.02,0.08,N,O,1996-08-24,1996-08-29,1996-09-01,DELIVER IN PERSON,MAIL,nal accounts c
56071-5,56071,1065,71,5,37.00,35744.22,0.07,0.03,N,O,1996-07-30,1996-08-23,1996-08-29,NONE,AIR,"ress theodolites use final, even pinto bean"
56071-6,56071,765,98,6,27.00,44975.52,0.08,0.01,N,O,1996-07-31,1996-09-22,1996-08-25,TAKE BACK RETURN,FOB, carefully after the fluffily regula
56071-7,56071,1116,25,7,29.00,29496.19,0.10,0.06,N,O,1996-07-28,1996-09-06,1996-08-11,TAKE BACK RETURN,FOB,ges. even packa
56096-1,56096,419,49,1,15.00,19791.15,0.07,0.07,N,O,1995-11-23,1995-12-31,1995-11-30,TAKE BACK RETURN,FOB,. fluffily regular account
56096-2,56096,432,20,2,7.00,9327.01,0.08,0.05,N,O,1995-12-01,1995-12-24,1995-12-21,TAKE BACK RETURN,SHIP,ans nag fluffily carefully final acc
56096-3,56096,1945,90,3,37.00,68336.78,0.04,0.07,N,O,1996-01-04,1995-11-20,1996-01-17,TAKE BACK RETURN,REG AIR,. carefully express accounts da
56097-1,56097,829,30,1,23.00,39785.86,0.08,0.03,N,O,1996-06-14,1996-06-04,1996-07-04,TAKE BACK RETURN,FOB,ronic packages solve blithely. pending plat
56097-2,56097,808,75,2,36.00,61516.80,0.09,0.06,N,O,1996-07-22,1996-06-02,1996-08-04,NONE,REG AIR,use blithely e
56097-3,56097,474,33,3,23.00,31612.81,0.05,0.02,N,O,1996-06-30,1996-06-19,1996-07-03,DELIVER IN PERSON,FOB, sometimes final acco
56097-4,56097,245,73,4,33.00,37792.92,0.06,0.06,N,O,1996-05-24,1996-07-21,1996-06-03,COLLECT COD,SHIP,he carefully express pinto beans; ev
56097-5,56097,1842,29,5,49.00,85448.16,0.03,0.01,N,O,1996-08-19,1996-06-06,1996-09-11,DELIVER IN PERSON,RAIL,inst the slyl
56098-1,56098,1987,32,1,35.00,66114.30,0.09,0.04,N,O,1997-01-01,1997-02-24,1997-01-13,DELIVER IN PERSON,RAIL,"ts promise blithely even, ironic multiplier"
56098-2,56098,1195,68,2,12.00,13154.28,0.10,0.01,N,O,1997-03-20,1997-02-07,1997-03-21,COLLECT COD,MAIL, the slyly express 
56098-3,56098,517,8,3,26.00,36855.26,0.00,0.08,N,O,1997-01-24,1997-02-15,1997-02-04,TAKE BACK RETURN,RAIL,lets boost furiou
56098-4,56098,1292,4,4,4.00,4773.16,0.01,0.07,N,O,1997-01-24,1997-02-25,1997-02-13,DELIVER IN PERSON,AIR,ronic depths. fluffily even
56098-5,56098,1209,47,5,13.00,14432.60,0.02,0.00,N,O,1997-01-04,1997-01-21,1997-01-09,COLLECT COD,AIR,quests boost furiously fu
56099-1,56099,53,54,1,47.00,44793.35,0.03,0.03,R,F,1994-01-28,1993-12-23,1994-02-17,TAKE BACK RETURN,RAIL,? deposits cajole a
56099-2,56099,255,37,2,3.00,3465.75,0.10,0.06,A,F,1993-10-13,1993-11-15,1993-11-08,NONE,TRUCK,out the courts? stealthily final
56099-3,56099,65,16,3,49.00,47287.94,0.07,0.08,A,F,1994-01-14,1994-01-02,1994-02-09,TAKE BACK RETURN,REG AIR, wake furiously acco
56099-4,56099,235,36,4,47.00,53355.81,0.02,0.04,A,F,1993-12-16,1994-01-03,1993-12-17,DELIVER IN PERSON,MAIL, regular requests accord
56099-5,56099,623,17,5,38.00,57897.56,0.03,0.06,R,F,1994-01-02,1993-12-03,1994-01-30,TAKE BACK RETURN,MAIL,quests use even deposits. carefully unusu
56100-1,56100,753,18,1,21.00,34728.75,0.02,0.00,R,F,1993-05-28,1993-06-19,1993-06-27,TAKE BACK RETURN,MAIL, quiet accounts. deposits sleep blithely al
56100-2,56100,1170,43,2,24.00,25708.08,0.05,0.02,R,F,1993-07-07,1993-06-25,1993-07-24,COLLECT COD,FOB,ealms. even tithes haggle busily abo
56100-3,56100,149,76,3,14.00,14687.96,0.09,0.02,R,F,1993-06-14,1993-06-28,1993-07-14,DELIVER IN PERSON,RAIL,nal packages can 
56101-1,56101,1591,12,1,37.00,55225.83,0.07,0.00,A,F,1993-10-07,1993-09-30,1993-10-28,TAKE BACK RETURN,RAIL,ly blithe theodol
56101-2,56101,1408,26,2,46.00,60232.40,0.00,0.01,A,F,1993-09-22,1993-09-11,1993-10-19,COLLECT COD,MAIL,en requests against the final req
56101-3,56101,100,51,3,17.00,17001.70,0.05,0.07,A,F,1993-10-07,1993-09-12,1993-10-26,COLLECT COD,AIR,y regular requests. packages are alongside 
56101-4,56101,1201,2,4,45.00,49599.00,0.06,0.08,R,F,1993-09-10,1993-09-10,1993-09-30,COLLECT COD,SHIP,the platelets. careful
56101-5,56101,1826,56,5,14.00,24189.48,0.00,0.06,A,F,1993-10-31,1993-09-28,1993-11-24,DELIVER IN PERSON,MAIL,ns beneath the iro
56101-6,56101,774,39,6,46.00,77039.42,0.02,0.07,R,F,1993-08-03,1993-08-27,1993-09-02,COLLECT COD,RAIL,es. fluffily regular depe
56102-1,56102,1192,65,1,6.00,6559.14,0.06,0.00,N,O,1997-02-23,1997-02-14,1997-03-01,TAKE BACK RETURN,TRUCK,hely regular i
56102-2,56102,1231,6,2,6.00,6793.38,0.00,0.02,N,O,1997-05-02,1997-03-23,1997-05-27,COLLECT COD,SHIP,"ideas. regular, even requests cajo"
56102-3,56102,404,5,3,18.00,23479.20,0.08,0.08,N,O,1997-05-02,1997-03-13,1997-05-15,COLLECT COD,FOB,s. blithely specia
56102-4,56102,1869,99,4,14.00,24792.04,0.04,0.01,N,O,1997-03-16,1997-02-18,1997-04-09,NONE,MAIL, doubt blithely furiously even excuses. sl
56102-5,56102,726,59,5,43.00,69948.96,0.01,0.00,N,O,1997-01-23,1997-03-22,1997-02-14,DELIVER IN PERSON,TRUCK,iously. blith
56103-1,56103,1447,26,1,46.00,62028.24,0.00,0.06,A,F,1994-03-21,1994-02-03,1994-03-22,NONE,AIR,e carefully ironic pinto beans.
56103-2,56103,948,51,2,47.00,86900.18,0.00,0.07,R,F,1994-03-23,1994-03-02,1994-04-08,NONE,FOB,furiously acc
56103-3,56103,1318,33,3,29.00,35359.99,0.03,0.03,A,F,1994-01-15,1994-03-07,1994-02-09,TAKE BACK RETURN,AIR, regular dinos sleep carefully after
56103-4,56103,1938,83,4,22.00,40478.46,0.02,0.00,R,F,1994-02-26,1994-03-14,1994-03-06,DELIVER IN PERSON,RAIL,the carefully pending requests. account
56103-5,56103,1323,38,5,24.00,29383.68,0.02,0.04,R,F,1994-01-17,1994-02-01,1994-02-16,DELIVER IN PERSON,MAIL,h the carefully silent depo
56103-6,56103,1575,76,6,5.00,7382.85,0.09,0.04,R,F,1994-01-20,1994-01-26,1994-02-09,DELIVER IN PERSON,RAIL,s wake final dependencies. s
56128-1,56128,389,18,1,28.00,36102.64,0.00,0.04,R,F,1993-08-27,1993-09-11,1993-09-17,COLLECT COD,AIR,"ross the regular, u"
56128-2,56128,1189,26,2,2.00,2180.36,0.00,0.02,R,F,1993-10-17,1993-09-15,1993-11-04,TAKE BACK RETURN,RAIL,quests outside the blithely blith
56128-3,56128,617,18,3,31.00,47045.91,0.09,0.02,A,F,1993-10-10,1993-09-12,1993-10-12,DELIVER IN PERSON,FOB,requests cajole about the pending reques
56128-4,56128,1554,95,4,10.00,14555.50,0.08,0.05,R,F,1993-09-13,1993-09-30,1993-09-25,NONE,AIR,d across the fluffily ruthless theodolite
56128-5,56128,1425,4,5,17.00,22549.14,0.08,0.08,A,F,1993-10-17,1993-10-17,1993-11-06,TAKE BACK RETURN,RAIL,the slyly regul
56128-6,56128,522,83,6,4.00,5690.08,0.09,0.06,A,F,1993-10-21,1993-10-25,1993-10-23,TAKE BACK RETURN,MAIL,s haggle after 
56128-7,56128,1678,79,7,41.00,64766.47,0.05,0.08,R,F,1993-11-19,1993-09-09,1993-12-08,DELIVER IN PERSON,TRUCK,as. slyly 
56129-1,56129,1885,86,1,47.00,83983.36,0.04,0.04,N,O,1996-01-18,1996-03-17,1996-01-21,COLLECT COD,RAIL,yly final platelets. carefully regular pear
56130-1,56130,1608,50,1,23.00,34720.80,0.08,0.03,N,O,1996-03-23,1996-02-25,1996-04-18,NONE,MAIL,quests sleep furiously
56130-2,56130,360,45,2,19.00,23946.84,0.08,0.06,N,O,1995-12-10,1996-01-31,1996-01-04,NONE,TRUCK,e. fluffily ruthless requests
56130-3,56130,1768,69,3,16.00,26716.16,0.06,0.04,N,O,1996-01-28,1996-01-18,1996-02-18,NONE,TRUCK,cial pinto beans. blithe
56130-4,56130,348,33,4,4.00,4993.36,0.01,0.03,N,O,1996-03-24,1996-01-19,1996-04-12,COLLECT COD,TRUCK,packages. blithely 
56130-5,56130,1712,13,5,25.00,40342.75,0.06,0.03,N,O,1996-02-22,1995-12-31,1996-03-11,NONE,TRUCK,s wake aft
56130-6,56130,869,36,6,7.00,12389.02,0.00,0.07,N,O,1996-02-07,1996-01-20,1996-03-07,DELIVER IN PERSON,AIR,ding packages engage carefully abov
56131-1,56131,1792,19,1,32.00,54201.28,0.07,0.02,R,F,1993-05-09,1993-05-27,1993-05-18,NONE,MAIL,old dolphins. slyly fin
56131-2,56131,856,90,2,34.00,59732.90,0.02,0.05,A,F,1993-06-14,1993-04-22,1993-06-27,NONE,SHIP, to the blithely express
56132-1,56132,498,86,1,32.00,44751.68,0.01,0.07,A,F,1992-07-08,1992-08-14,1992-07-12,DELIVER IN PERSON,RAIL,nstructions. unusual deposi
56132-2,56132,1649,73,2,35.00,54272.40,0.06,0.07,R,F,1992-07-09,1992-07-19,1992-07-30,NONE,TRUCK,hely unusual
56133-1,56133,1573,54,1,13.00,19169.41,0.04,0.02,N,O,1996-04-26,1996-06-22,1996-05-13,COLLECT COD,MAIL,e unusual excuses. f
56133-2,56133,283,11,2,16.00,18932.48,0.02,0.08,N,O,1996-06-09,1996-06-25,1996-06-26,DELIVER IN PERSON,RAIL,the requests. accounts
56133-3,56133,351,52,3,2.00,2502.70,0.09,0.05,N,O,1996-06-10,1996-06-15,1996-07-05,DELIVER IN PERSON,AIR,kly regular requests are carefully. bold r
56133-4,56133,1050,51,4,33.00,31384.65,0.02,0.00,N,O,1996-05-08,1996-06-03,1996-05-30,DELIVER IN PERSON,REG AIR,counts. quickly exp
56134-1,56134,593,94,1,42.00,62730.78,0.00,0.02,N,O,1998-06-28,1998-06-03,1998-07-06,COLLECT COD,TRUCK,e bold instructions. 
56134-2,56134,428,29,2,36.00,47823.12,0.10,0.01,N,O,1998-07-11,1998-05-05,1998-08-01,DELIVER IN PERSON,MAIL,ly silent accounts boost final t
56134-3,56134,1645,87,3,36.00,55679.04,0.02,0.06,N,O,1998-05-23,1998-06-28,1998-06-06,COLLECT COD,MAIL,kages integrate since the blithely
56134-4,56134,89,90,4,24.00,23737.92,0.07,0.02,N,O,1998-05-31,1998-06-29,1998-06-23,COLLECT COD,TRUCK, silent instructions-- iro
56134-5,56134,885,19,5,8.00,14287.04,0.04,0.01,N,O,1998-07-23,1998-06-25,1998-07-29,NONE,REG AIR, cajole dari
56134-6,56134,471,59,6,15.00,20572.05,0.09,0.00,N,O,1998-07-08,1998-06-15,1998-07-16,NONE,SHIP,odolites are blithely fluff
56135-1,56135,840,41,1,18.00,31335.12,0.01,0.01,R,F,1993-12-21,1994-01-11,1994-01-13,COLLECT COD,SHIP,ts. carefully regular accounts haggle
56135-2,56135,224,52,2,1.00,1124.22,0.08,0.04,R,F,1993-12-08,1994-02-01,1994-01-06,DELIVER IN PERSON,AIR,fully ironic instructions wake fu
56135-3,56135,1180,89,3,41.00,44328.38,0.01,0.02,A,F,1994-01-05,1994-02-06,1994-01-16,TAKE BACK RETURN,AIR,ously ironic deposits cajole? regular 
56135-4,56135,1915,16,4,27.00,49056.57,0.01,0.00,A,F,1993-12-26,1994-01-08,1994-01-14,TAKE BACK RETURN,SHIP,"pecial, ironic accounts-- care"
56135-5,56135,362,63,5,34.00,42920.24,0.01,0.07,A,F,1993-12-02,1994-01-02,1993-12-28,COLLECT COD,TRUCK,ckages. regula
56135-6,56135,634,66,6,10.00,15346.30,0.02,0.02,R,F,1994-03-13,1994-01-07,1994-03-21,DELIVER IN PERSON,TRUCK,lly final accounts 
56135-7,56135,443,31,7,38.00,51050.72,0.00,0.06,A,F,1993-12-22,1993-12-14,1994-01-09,NONE,REG AIR,ajole quickly even deposits. ideas
56160-1,56160,296,97,1,43.00,51440.47,0.06,0.02,A,F,1995-01-10,1994-11-09,1995-01-30,TAKE BACK RETURN,AIR,. blithely final instruct
56160-2,56160,944,45,2,49.00,90402.06,0.03,0.00,R,F,1994-10-08,1994-12-09,1994-10-27,NONE,TRUCK,among the regul
56160-3,56160,414,15,3,40.00,52576.40,0.07,0.03,R,F,1994-10-04,1994-11-18,1994-10-06,COLLECT COD,FOB,s requests nag even sauternes. fluffily sp
56160-4,56160,1293,5,4,20.00,23885.80,0.09,0.02,A,F,1994-10-24,1994-11-18,1994-11-14,COLLECT COD,MAIL, are quick
56160-5,56160,47,73,5,49.00,46404.96,0.09,0.07,A,F,1994-09-27,1994-11-03,1994-10-08,TAKE BACK RETURN,TRUCK,ely. blithely pendi
56160-6,56160,1445,85,6,26.00,35007.44,0.02,0.05,R,F,1995-01-05,1994-11-22,1995-01-22,DELIVER IN PERSON,MAIL,lyly among the carefully pendin
56160-7,56160,1695,78,7,27.00,43110.63,0.10,0.08,R,F,1994-11-02,1994-12-13,1994-11-19,NONE,REG AIR,y ironic pinto beans sleep
56161-1,56161,711,8,1,19.00,30622.49,0.00,0.00,A,F,1992-07-01,1992-06-03,1992-07-29,DELIVER IN PERSON,AIR,ecial packages sleep upon the 
56161-2,56161,522,53,2,19.00,27027.88,0.00,0.08,R,F,1992-07-11,1992-05-15,1992-07-24,COLLECT COD,TRUCK, blithely special requests. slyly regul
56161-3,56161,503,34,3,12.00,16842.00,0.02,0.08,R,F,1992-06-05,1992-07-02,1992-07-02,DELIVER IN PERSON,SHIP,the regular deposits. ironic asymptotes
56161-4,56161,164,91,4,34.00,36181.44,0.08,0.04,R,F,1992-07-14,1992-06-20,1992-08-12,NONE,SHIP,ing patterns. fina
56162-1,56162,1859,3,1,26.00,45782.10,0.06,0.06,N,O,1995-07-16,1995-06-26,1995-07-31,TAKE BACK RETURN,MAIL,ly regular instruc
56162-2,56162,838,72,2,50.00,86941.50,0.09,0.03,A,F,1995-05-19,1995-06-29,1995-06-15,TAKE BACK RETURN,SHIP,"ly regular platelets: regular, pending pe"
56162-3,56162,238,39,3,24.00,27317.52,0.04,0.01,N,O,1995-07-07,1995-07-17,1995-07-29,NONE,TRUCK,s are bold pinto beans. packages above the 
56163-1,56163,1861,62,1,48.00,84617.28,0.02,0.07,R,F,1994-10-26,1994-10-28,1994-11-17,COLLECT COD,AIR,ithely ironic platelets haggle fluffily i
56163-2,56163,1166,67,2,9.00,9604.44,0.10,0.00,R,F,1994-09-11,1994-09-29,1994-09-29,TAKE BACK RETURN,TRUCK,counts. dependencies are blithely perm
56163-3,56163,983,84,3,23.00,43331.54,0.02,0.02,A,F,1994-11-24,1994-10-05,1994-12-07,TAKE BACK RETURN,REG AIR,uses use after the c
56164-1,56164,1154,55,1,24.00,25323.60,0.10,0.00,N,O,1998-07-10,1998-08-18,1998-07-31,NONE,SHIP,ounts. regular accounts about the regul
56164-2,56164,1783,68,2,3.00,5054.34,0.07,0.06,N,O,1998-09-04,1998-08-14,1998-09-28,DELIVER IN PERSON,SHIP, accounts.
56164-3,56164,1726,11,3,36.00,58597.92,0.08,0.03,N,O,1998-06-17,1998-06-28,1998-06-26,NONE,FOB,s x-ray carefully. careful
56164-4,56164,47,23,4,18.00,17046.72,0.09,0.04,N,O,1998-06-26,1998-06-28,1998-07-12,TAKE BACK RETURN,REG AIR,y ironic packages haggle furiously bl
56165-1,56165,395,52,1,39.00,50520.21,0.00,0.04,R,F,1992-06-22,1992-06-11,1992-06-28,NONE,RAIL,n packages grow acc
56166-1,56166,1488,28,1,11.00,15284.28,0.04,0.02,A,F,1993-11-07,1993-10-27,1993-12-04,TAKE BACK RETURN,FOB,ven deposits! theodolites unwind quickly e
56166-2,56166,101,54,2,5.00,5005.50,0.10,0.06,R,F,1993-09-15,1993-10-14,1993-09-30,COLLECT COD,REG AIR,es cajole furious
56166-3,56166,68,69,3,2.00,1936.12,0.02,0.04,A,F,1993-08-18,1993-10-09,1993-09-01,TAKE BACK RETURN,TRUCK, around the enticingly ironic theodol
56166-4,56166,229,30,4,44.00,49685.68,0.06,0.00,R,F,1993-08-08,1993-09-18,1993-09-06,TAKE BACK RETURN,RAIL,ng accounts wake after t
56167-1,56167,363,92,1,48.00,60641.28,0.05,0.02,N,O,1996-07-16,1996-05-31,1996-07-28,NONE,FOB,e blithely regular packages are blithely fi
56167-2,56167,727,60,2,36.00,58597.92,0.03,0.08,N,O,1996-07-01,1996-06-06,1996-07-18,COLLECT COD,SHIP,uickly silent dug
56192-1,56192,675,38,1,42.00,66178.14,0.05,0.04,N,O,1997-04-11,1997-06-03,1997-05-06,NONE,RAIL, accounts nag. f
56192-2,56192,19,20,2,32.00,29408.32,0.04,0.06,N,O,1997-06-23,1997-05-31,1997-06-24,COLLECT COD,FOB, sleep carefully bold
56193-1,56193,1564,65,1,11.00,16121.16,0.00,0.05,N,O,1996-07-16,1996-07-22,1996-08-09,COLLECT COD,FOB,fully unusual requests use quickly a
56193-2,56193,816,83,2,1.00,1716.81,0.09,0.05,N,O,1996-07-22,1996-08-08,1996-08-08,COLLECT COD,MAIL, slyly ironic theodolites among the fina
56193-3,56193,294,76,3,23.00,27468.67,0.01,0.04,N,O,1996-07-31,1996-08-19,1996-08-03,COLLECT COD,REG AIR,ly regular instr
56193-4,56193,878,79,4,9.00,16009.83,0.00,0.01,N,O,1996-07-15,1996-08-20,1996-07-20,TAKE BACK RETURN,SHIP,lly ironic requests sleep c
56193-5,56193,1516,57,5,24.00,34020.24,0.04,0.02,N,O,1996-09-16,1996-08-26,1996-09-22,TAKE BACK RETURN,TRUCK,y deposits wake blithely above the even a
56193-6,56193,406,7,6,33.00,43111.20,0.06,0.00,N,O,1996-08-15,1996-07-08,1996-09-04,DELIVER IN PERSON,RAIL, wake slyly pending notornis. sil
56193-7,56193,1363,64,7,32.00,40459.52,0.00,0.01,N,O,1996-09-27,1996-07-31,1996-10-22,DELIVER IN PERSON,AIR,ages haggle above the 
56194-1,56194,1901,46,1,6.00,10817.40,0.04,0.05,N,O,1996-04-30,1996-05-02,1996-05-30,NONE,AIR,ternes. bold packages are about 
56195-1,56195,1608,50,1,33.00,49816.80,0.08,0.02,R,F,1993-08-19,1993-10-03,1993-08-27,TAKE BACK RETURN,RAIL,are furiously. regular t
56195-2,56195,1198,71,2,31.00,34074.89,0.03,0.04,A,F,1993-09-01,1993-09-17,1993-09-02,DELIVER IN PERSON,SHIP,fily speci
56195-3,56195,1211,49,3,23.00,25580.83,0.02,0.03,R,F,1993-09-03,1993-08-10,1993-09-04,COLLECT COD,REG AIR,lyly across the fluffily
56196-1,56196,828,62,1,20.00,34576.40,0.03,0.06,A,F,1995-03-04,1995-01-20,1995-03-27,DELIVER IN PERSON,TRUCK,furiously final packages will affix slyl
56196-2,56196,706,71,2,40.00,64268.00,0.01,0.05,A,F,1994-11-30,1994-12-29,1994-12-27,NONE,REG AIR,regular requests along the even packages
56196-3,56196,1146,19,3,7.00,7329.98,0.08,0.00,R,F,1995-01-07,1995-01-07,1995-01-23,TAKE BACK RETURN,MAIL,iously daring accounts wake careful
56196-4,56196,1219,94,4,12.00,13442.52,0.07,0.08,A,F,1995-01-29,1994-12-26,1995-02-27,COLLECT COD,REG AIR,o beans haggle 
56196-5,56196,1748,33,5,48.00,79187.52,0.08,0.06,R,F,1995-02-04,1995-01-11,1995-02-16,COLLECT COD,MAIL,lly even accounts
56197-1,56197,829,29,1,2.00,3459.64,0.06,0.02,R,F,1994-07-06,1994-06-14,1994-07-24,COLLECT COD,AIR, packages may wake above the slyly unus
56197-2,56197,1587,68,2,49.00,72940.42,0.05,0.00,R,F,1994-05-16,1994-06-18,1994-06-05,COLLECT COD,REG AIR,"ar, pending dugouts hag"
56197-3,56197,316,17,3,43.00,52301.33,0.03,0.07,R,F,1994-06-27,1994-07-20,1994-07-18,TAKE BACK RETURN,FOB,arefully final excuses. furiou
56197-4,56197,1895,39,4,17.00,30547.13,0.00,0.05,A,F,1994-06-15,1994-06-23,1994-06-18,COLLECT COD,AIR,ithely even 
56197-5,56197,804,4,5,24.00,40915.20,0.05,0.02,A,F,1994-08-29,1994-08-07,1994-09-24,NONE,RAIL,s according to the deposits nag quickly spe
56198-1,56198,1832,62,1,12.00,20805.96,0.05,0.06,N,O,1997-11-30,1997-12-19,1997-12-05,TAKE BACK RETURN,MAIL,ully final packages haggle? 
56198-2,56198,1683,66,2,34.00,53879.12,0.08,0.08,N,O,1998-01-11,1998-01-02,1998-01-15,DELIVER IN PERSON,MAIL,nt requests after the furi
56198-3,56198,1527,8,3,14.00,19999.28,0.02,0.08,N,O,1998-02-12,1997-12-18,1998-03-01,DELIVER IN PERSON,SHIP,unusual pinto beans kindle quic
56199-1,56199,763,96,1,23.00,38266.48,0.00,0.01,N,O,1997-09-24,1997-08-25,1997-09-25,COLLECT COD,RAIL,slyly ironic theodolites 
56224-1,56224,437,67,1,40.00,53497.20,0.07,0.06,A,F,1992-12-08,1992-12-17,1992-12-27,NONE,TRUCK,ly unusual deposits are sometimes enticin
56224-2,56224,549,50,2,23.00,33339.42,0.09,0.06,A,F,1993-02-01,1992-12-05,1993-02-05,NONE,FOB,y ironic inst
56224-3,56224,782,83,3,15.00,25241.70,0.01,0.04,R,F,1993-02-15,1993-01-04,1993-03-16,TAKE BACK RETURN,MAIL,"ests haggle quickly accounts. brave, fin"
56224-4,56224,947,16,4,24.00,44350.56,0.00,0.01,R,F,1993-01-28,1993-01-17,1993-02-12,TAKE BACK RETURN,FOB,t slyly regular somas. dep
56224-5,56224,392,77,5,28.00,36186.92,0.02,0.05,A,F,1993-01-04,1993-01-15,1993-01-05,NONE,TRUCK,carefully furiously fi
56224-6,56224,1551,92,6,39.00,56649.45,0.10,0.05,A,F,1993-01-20,1993-01-04,1993-01-21,DELIVER IN PERSON,REG AIR,lar requests. carefully ironic
56225-1,56225,786,83,1,9.00,15181.02,0.06,0.04,N,O,1995-11-16,1995-12-27,1995-11-25,COLLECT COD,RAIL,cajole quietly express accoun
56225-2,56225,1722,49,2,38.00,61701.36,0.00,0.06,N,O,1995-12-18,1995-12-08,1995-12-24,COLLECT COD,AIR,e. furiously special platelets against th
56225-3,56225,1787,72,3,49.00,82750.22,0.00,0.03,N,O,1995-12-23,1995-12-14,1996-01-20,NONE,RAIL,"dolites wake. ironic, "
56225-4,56225,1049,20,4,12.00,11400.48,0.08,0.07,N,O,1995-12-10,1995-12-19,1995-12-22,COLLECT COD,MAIL,lly ironic dugouts affix slyly q
56226-1,56226,1163,36,1,1.00,1064.16,0.01,0.04,N,O,1996-12-28,1997-01-26,1997-01-02,NONE,SHIP,. carefully ironic acco
56226-2,56226,1407,8,2,21.00,27476.40,0.04,0.08,N,O,1997-01-03,1997-01-11,1997-01-29,DELIVER IN PERSON,MAIL,osits along
56226-3,56226,240,22,3,28.00,31926.72,0.01,0.07,N,O,1997-02-14,1997-01-23,1997-02-21,COLLECT COD,RAIL,ending courts after t
56226-4,56226,390,75,4,32.00,41292.48,0.08,0.03,N,O,1997-01-16,1997-03-03,1997-01-18,TAKE BACK RETURN,FOB,ithely furious instruction
56226-5,56226,1413,14,5,26.00,34174.66,0.01,0.06,N,O,1997-03-05,1997-02-03,1997-03-24,NONE,TRUCK, are quickly about t
56226-6,56226,1669,70,6,46.00,72250.36,0.01,0.08,N,O,1997-01-17,1997-02-04,1997-02-16,NONE,FOB,furiously silent foxes cajole
56226-7,56226,1529,50,7,29.00,41485.08,0.00,0.08,N,O,1997-02-12,1997-03-03,1997-03-12,NONE,SHIP,eposits haggle f
56227-1,56227,1701,44,1,31.00,49683.70,0.06,0.06,N,O,1996-12-24,1996-12-08,1997-01-21,DELIVER IN PERSON,AIR,es believe 
56227-2,56227,852,86,2,2.00,3505.70,0.10,0.00,N,O,1996-12-20,1996-11-12,1997-01-12,DELIVER IN PERSON,SHIP,ual dolphins
56228-1,56228,555,86,1,43.00,62588.65,0.01,0.04,A,F,1994-01-13,1994-02-01,1994-01-16,TAKE BACK RETURN,REG AIR,special somas according 
56228-2,56228,977,12,2,48.00,90142.56,0.04,0.07,R,F,1993-12-31,1994-02-28,1994-01-26,NONE,TRUCK,gularly idle foxes cajole against th
56228-3,56228,1226,38,3,41.00,46216.02,0.00,0.02,R,F,1994-01-28,1994-02-06,1994-02-07,TAKE BACK RETURN,RAIL,. slyly furious packages 
56228-4,56228,1741,42,4,37.00,60781.38,0.03,0.01,R,F,1994-02-12,1994-01-28,1994-02-14,DELIVER IN PERSON,SHIP,y regular courts sl
56228-5,56228,375,60,5,17.00,21681.29,0.02,0.05,A,F,1993-12-28,1994-01-13,1994-01-09,DELIVER IN PERSON,TRUCK,es. slyly regular pa
56228-6,56228,222,77,6,26.00,29177.72,0.04,0.06,A,F,1994-04-05,1994-02-06,1994-04-22,DELIVER IN PERSON,FOB, quickly ir
56229-1,56229,1601,84,1,18.00,27046.80,0.07,0.06,N,O,1997-07-31,1997-08-30,1997-08-04,DELIVER IN PERSON,SHIP,he sentiments nag about the quickly unusual
56230-1,56230,900,100,1,48.00,86443.20,0.06,0.01,R,F,1995-05-14,1995-07-21,1995-05-26,TAKE BACK RETURN,MAIL, dependencies. sl
56230-2,56230,527,28,2,33.00,47108.16,0.03,0.07,N,O,1995-06-27,1995-07-10,1995-07-06,NONE,TRUCK,gainst the carefully quick packages. care
56231-1,56231,1018,19,1,26.00,23894.26,0.07,0.03,N,O,1998-08-01,1998-06-29,1998-08-29,DELIVER IN PERSON,AIR,fully final requests snooze
56231-2,56231,666,98,2,50.00,78333.00,0.09,0.07,N,O,1998-06-01,1998-07-30,1998-06-10,NONE,AIR, accounts against the bravely e
56256-1,56256,90,66,1,24.00,23762.16,0.03,0.02,A,F,1993-11-08,1993-10-02,1993-12-05,DELIVER IN PERSON,SHIP,earls; slyly regular ideas about t
56257-1,56257,214,15,1,36.00,40111.56,0.07,0.00,N,O,1995-10-18,1995-12-07,1995-10-30,COLLECT COD,TRUCK,hely special depo
56257-2,56257,233,15,2,38.00,43062.74,0.00,0.00,N,O,1995-09-29,1995-10-20,1995-10-28,NONE,SHIP, wake fluffily. regular asymptotes haggle 
56257-3,56257,1546,47,3,25.00,36188.50,0.06,0.08,N,O,1995-12-31,1995-11-11,1996-01-15,NONE,AIR,x-ray quickly. furiously even 
56257-4,56257,1451,69,4,19.00,25696.55,0.05,0.08,N,O,1995-11-22,1995-10-31,1995-12-22,TAKE BACK RETURN,AIR,quests. carefully unusual
56258-1,56258,579,40,1,18.00,26632.26,0.03,0.02,N,O,1997-04-04,1997-02-10,1997-04-26,TAKE BACK RETURN,MAIL, excuses use furiously sl
56258-2,56258,853,53,2,27.00,47353.95,0.04,0.03,N,O,1997-04-06,1997-02-25,1997-05-03,NONE,SHIP,ts sleep ironic requests
56258-3,56258,1844,45,3,9.00,15712.56,0.06,0.04,N,O,1997-03-19,1997-02-04,1997-04-08,DELIVER IN PERSON,REG AIR, special som
56258-4,56258,632,26,4,35.00,53642.05,0.06,0.04,N,O,1996-12-21,1997-01-30,1997-01-16,NONE,SHIP,ackages. express dependencie
56258-5,56258,511,42,5,42.00,59283.42,0.05,0.04,N,O,1997-01-16,1997-02-02,1997-01-26,COLLECT COD,TRUCK,uriously bold deposits boo
56258-6,56258,276,4,6,4.00,4705.08,0.10,0.07,N,O,1997-04-02,1997-02-03,1997-04-06,NONE,TRUCK,bravely silent requests are as
56259-1,56259,1293,94,1,15.00,17914.35,0.08,0.03,N,O,1995-11-14,1996-01-01,1995-12-13,COLLECT COD,REG AIR,y regular accounts integrate
56260-1,56260,1448,49,1,42.00,56676.48,0.07,0.00,A,F,1994-09-21,1994-10-08,1994-10-20,DELIVER IN PERSON,MAIL,quests. regular instruc
56260-2,56260,1949,94,2,22.00,40720.68,0.04,0.04,A,F,1994-10-22,1994-11-01,1994-10-27,COLLECT COD,TRUCK, the slyly final requests
56260-3,56260,1581,22,3,32.00,47442.56,0.10,0.02,R,F,1994-10-09,1994-10-05,1994-10-21,NONE,SHIP,uickly according to the slyly even tithe
56261-1,56261,1350,51,1,39.00,48802.65,0.01,0.01,R,F,1992-04-09,1992-04-28,1992-04-17,COLLECT COD,FOB,ost among the blithely pending a
56261-2,56261,1397,12,2,34.00,44145.26,0.05,0.04,A,F,1992-04-03,1992-04-17,1992-04-21,TAKE BACK RETURN,TRUCK, the blithely expre
56261-3,56261,162,41,3,40.00,42486.40,0.03,0.06,R,F,1992-05-09,1992-04-07,1992-05-11,DELIVER IN PERSON,MAIL,uests nag fur
56261-4,56261,608,2,4,4.00,6034.40,0.03,0.04,R,F,1992-05-23,1992-05-16,1992-06-04,DELIVER IN PERSON,REG AIR,ckages boost
56261-5,56261,29,55,5,46.00,42734.92,0.08,0.05,R,F,1992-04-13,1992-05-23,1992-05-09,NONE,SHIP,yly pending platelets. furiou
56262-1,56262,427,28,1,41.00,54424.22,0.01,0.07,N,O,1996-08-08,1996-07-02,1996-08-27,DELIVER IN PERSON,AIR,"haggle carefully above the final, ironic"
56262-2,56262,1263,1,2,27.00,31435.02,0.06,0.05,N,O,1996-04-28,1996-07-08,1996-05-28,DELIVER IN PERSON,REG AIR,heaves solve fluffily. blithely final pint
56262-3,56262,129,30,3,17.00,17495.04,0.10,0.01,N,O,1996-06-10,1996-05-20,1996-06-28,NONE,AIR,"nusual deposits. silent, final packages "
56262-4,56262,530,21,4,27.00,38624.31,0.07,0.07,N,O,1996-04-25,1996-07-08,1996-05-17,COLLECT COD,SHIP,uriously. ironi
56263-1,56263,1405,6,1,44.00,57481.60,0.01,0.02,A,F,1993-10-02,1993-09-07,1993-10-16,COLLECT COD,MAIL,pendencies grow blithely quick
56288-1,56288,598,99,1,8.00,11988.72,0.05,0.02,R,F,1993-07-09,1993-09-25,1993-07-18,COLLECT COD,TRUCK,ongside of the 
56288-2,56288,1789,90,2,45.00,76085.10,0.00,0.04,A,F,1993-09-15,1993-08-15,1993-09-26,COLLECT COD,SHIP,arefully e
56288-3,56288,1736,37,3,40.00,65509.20,0.07,0.06,A,F,1993-07-13,1993-08-26,1993-08-11,NONE,RAIL, requests. carefully 
56288-4,56288,1382,97,4,12.00,15400.56,0.04,0.07,R,F,1993-08-19,1993-09-06,1993-09-17,COLLECT COD,TRUCK,across the quickly ironic
56289-1,56289,1194,31,1,39.00,42712.41,0.03,0.08,N,O,1996-01-16,1996-01-27,1996-01-20,COLLECT COD,SHIP,s platelets accor
56290-1,56290,1677,1,1,27.00,42624.09,0.10,0.03,A,F,1995-05-29,1995-06-18,1995-06-16,TAKE BACK RETURN,SHIP,ans integrate ruthlessly. fluffily
56290-2,56290,564,25,2,35.00,51259.60,0.00,0.04,R,F,1995-04-19,1995-07-08,1995-04-28,DELIVER IN PERSON,MAIL, final requests 
56290-3,56290,555,46,3,41.00,59677.55,0.00,0.03,N,O,1995-06-29,1995-06-10,1995-07-08,TAKE BACK RETURN,MAIL,ly final requests boost blithely about th
56290-4,56290,466,54,4,2.00,2732.92,0.10,0.03,R,F,1995-05-24,1995-06-03,1995-06-13,NONE,TRUCK,e slyly according to the express 
56290-5,56290,204,86,5,8.00,8833.60,0.00,0.03,N,O,1995-08-08,1995-05-16,1995-08-22,DELIVER IN PERSON,TRUCK,ts wake busily c
56290-6,56290,471,72,6,27.00,37029.69,0.01,0.07,N,F,1995-05-30,1995-07-07,1995-06-22,NONE,SHIP,x along the requests. sl
56290-7,56290,819,19,7,6.00,10318.86,0.03,0.07,N,F,1995-06-02,1995-06-05,1995-06-22,TAKE BACK RETURN,SHIP,the instructions. ironic accoun
56291-1,56291,1978,79,1,2.00,3759.94,0.06,0.07,R,F,1992-10-05,1992-12-11,1992-10-10,DELIVER IN PERSON,SHIP,ges haggle blithely ag
56291-2,56291,1378,55,2,16.00,20469.92,0.07,0.02,R,F,1992-10-22,1992-10-29,1992-11-15,COLLECT COD,FOB,s. carefully final deposits are blith
56291-3,56291,1491,70,3,17.00,23672.33,0.05,0.01,R,F,1992-11-09,1992-11-06,1992-11-14,COLLECT COD,AIR,usual accounts. silent accounts a
56291-4,56291,1188,25,4,18.00,19605.24,0.05,0.07,R,F,1992-09-22,1992-11-05,1992-10-20,TAKE BACK RETURN,MAIL, foxes nag s
56291-5,56291,1912,57,5,35.00,63486.85,0.02,0.02,R,F,1992-11-25,1992-11-02,1992-12-01,DELIVER IN PERSON,SHIP, packages wake carefully fluffily
56291-6,56291,1118,19,6,40.00,40764.40,0.09,0.02,R,F,1992-11-05,1992-11-07,1992-11-23,TAKE BACK RETURN,AIR,osits believe. furiously regul
56292-1,56292,345,30,1,15.00,18680.10,0.03,0.03,A,F,1992-05-22,1992-05-23,1992-06-20,TAKE BACK RETURN,RAIL,ly even dolphins. slyly ironic frays
56292-2,56292,1899,86,2,48.00,86442.72,0.00,0.06,A,F,1992-03-07,1992-04-25,1992-03-13,COLLECT COD,SHIP,even packages
56292-3,56292,1117,26,3,45.00,45814.95,0.03,0.00,A,F,1992-04-28,1992-04-24,1992-05-22,COLLECT COD,AIR,latelets s
56292-4,56292,1868,98,4,23.00,40706.78,0.05,0.00,R,F,1992-03-04,1992-04-08,1992-03-06,DELIVER IN PERSON,MAIL,symptotes. slyly regular deposits after 
56292-5,56292,624,18,5,23.00,35066.26,0.07,0.08,R,F,1992-06-29,1992-05-21,1992-07-27,DELIVER IN PERSON,SHIP,ntegrate quickly slyly regular instru
56292-6,56292,1705,32,6,29.00,46594.30,0.03,0.03,A,F,1992-03-04,1992-04-02,1992-03-15,COLLECT COD,TRUCK,around the blithely regular requests use
56293-1,56293,929,30,1,13.00,23788.96,0.05,0.03,A,F,1993-04-11,1993-03-26,1993-04-30,DELIVER IN PERSON,AIR,eans breach st
56293-2,56293,1609,51,2,26.00,39275.60,0.03,0.05,R,F,1993-04-24,1993-03-24,1993-05-19,DELIVER IN PERSON,SHIP,nts along the blithely regular platelet
56293-3,56293,1407,86,3,8.00,10467.20,0.00,0.06,A,F,1993-01-22,1993-02-21,1993-02-11,TAKE BACK RETURN,MAIL, haggle. carefully regular pains ha
56293-4,56293,1723,24,4,42.00,68238.24,0.03,0.00,R,F,1993-04-29,1993-03-14,1993-05-15,COLLECT COD,RAIL, furiously ironic deposits. carefully pen
56293-5,56293,453,54,5,4.00,5413.80,0.07,0.00,R,F,1993-01-11,1993-04-04,1993-02-10,TAKE BACK RETURN,REG AIR,efully final ac
56294-1,56294,643,6,1,26.00,40134.64,0.08,0.05,N,O,1998-04-14,1998-03-20,1998-04-17,TAKE BACK RETURN,SHIP,ding to the furiously fina
56294-2,56294,1014,50,2,40.00,36600.40,0.00,0.00,N,O,1998-04-07,1998-04-30,1998-04-25,TAKE BACK RETURN,TRUCK,etimes express dugo
56294-3,56294,1365,80,3,4.00,5065.44,0.08,0.05,N,O,1998-03-15,1998-03-26,1998-04-01,TAKE BACK RETURN,SHIP,ely. quickly pending account
56294-4,56294,471,30,4,3.00,4114.41,0.10,0.05,N,O,1998-04-27,1998-03-06,1998-05-14,NONE,REG AIR,efully even packages. regular foxes impr
56294-5,56294,1354,55,5,27.00,33894.45,0.09,0.03,N,O,1998-03-07,1998-04-07,1998-03-17,TAKE BACK RETURN,TRUCK,. furiously special courts use furiousl
56294-6,56294,763,96,6,47.00,78196.72,0.02,0.06,N,O,1998-03-27,1998-03-25,1998-04-16,DELIVER IN PERSON,SHIP,ges sleep furiousl
56294-7,56294,1331,32,7,14.00,17252.62,0.04,0.06,N,O,1998-05-01,1998-04-04,1998-05-22,NONE,MAIL,lithely even accounts after the fluffy d
56295-1,56295,1401,80,1,43.00,56003.20,0.09,0.03,R,F,1995-05-04,1995-05-10,1995-05-20,NONE,MAIL,s detect fluffily bold platelets. 
56295-2,56295,1683,84,2,44.00,69725.92,0.08,0.08,A,F,1995-05-15,1995-04-24,1995-05-19,DELIVER IN PERSON,TRUCK,use blithely even requests. quickly 
56295-3,56295,1195,96,3,2.00,2192.38,0.00,0.08,R,F,1995-02-28,1995-03-30,1995-03-03,COLLECT COD,MAIL,d the slyly bold asymptotes. excuses 
56320-1,56320,1796,23,1,19.00,32258.01,0.08,0.04,N,O,1997-12-27,1997-10-02,1997-12-28,DELIVER IN PERSON,MAIL, should have to boost blithely bold deposi
56320-2,56320,872,6,2,39.00,69141.93,0.08,0.06,N,O,1997-11-01,1997-11-05,1997-11-15,NONE,SHIP,ounts. quickly ironic requests sleep sly
56320-3,56320,1624,66,3,17.00,25935.54,0.08,0.08,N,O,1997-10-03,1997-10-17,1997-10-18,COLLECT COD,SHIP,furiously alongside of the blithely regular
56321-1,56321,615,16,1,12.00,18187.32,0.07,0.07,A,F,1993-07-08,1993-05-17,1993-07-16,TAKE BACK RETURN,FOB,ress theodolites nag furiously
56321-2,56321,839,39,2,50.00,86991.50,0.06,0.04,R,F,1993-04-19,1993-05-25,1993-05-15,COLLECT COD,SHIP,pinto beans. quic
56321-3,56321,54,5,3,42.00,40070.10,0.10,0.06,R,F,1993-08-06,1993-06-18,1993-08-22,TAKE BACK RETURN,REG AIR,ptotes. furiously bold theodol
56321-4,56321,1612,13,4,39.00,59030.79,0.04,0.08,R,F,1993-07-25,1993-05-31,1993-07-31,NONE,RAIL,ess packages cajole. slyly regular esca
56321-5,56321,45,96,5,46.00,43471.84,0.06,0.08,A,F,1993-06-02,1993-07-06,1993-06-06,DELIVER IN PERSON,MAIL,re among the blithely even hock
56321-6,56321,696,59,6,16.00,25547.04,0.09,0.08,A,F,1993-05-15,1993-07-12,1993-06-08,COLLECT COD,SHIP,ly final packages use furio
56321-7,56321,1051,22,7,48.00,45698.40,0.06,0.03,A,F,1993-06-13,1993-06-06,1993-07-01,TAKE BACK RETURN,REG AIR,ent ideas 
56322-1,56322,615,78,1,40.00,60624.40,0.09,0.06,N,O,1995-11-05,1995-11-01,1995-11-30,COLLECT COD,TRUCK,"nal, unusual asymptotes. furiously re"
56322-2,56322,1887,74,2,21.00,37566.48,0.06,0.07,N,O,1996-01-02,1995-12-03,1996-01-23,TAKE BACK RETURN,FOB,blithely unusual deposits wake quick
56322-3,56322,114,15,3,11.00,11155.21,0.08,0.00,N,O,1995-11-01,1995-12-02,1995-11-14,TAKE BACK RETURN,REG AIR,uctions are along the 
56322-4,56322,624,87,4,17.00,25918.54,0.08,0.06,N,O,1995-12-26,1995-12-06,1996-01-07,NONE,FOB, ironic foxes w
56322-5,56322,1001,2,5,22.00,19844.00,0.05,0.08,N,O,1995-11-17,1995-12-10,1995-12-13,NONE,AIR,ns haggle quickly among the fi
56323-1,56323,790,91,1,31.00,52414.49,0.03,0.00,N,O,1997-02-05,1997-02-26,1997-02-23,NONE,REG AIR,oss the iron
56323-2,56323,1775,60,2,33.00,55333.41,0.10,0.08,N,O,1997-03-10,1997-02-12,1997-03-25,DELIVER IN PERSON,MAIL,xpress dolphins nag slyly after the reque
56323-3,56323,1479,97,3,40.00,55218.80,0.09,0.06,N,O,1997-03-29,1997-01-27,1997-04-24,COLLECT COD,REG AIR,quickly furiously final 
56323-4,56323,408,38,4,21.00,27476.40,0.02,0.08,N,O,1996-12-23,1997-03-05,1997-01-07,NONE,REG AIR,quickly ironic dolphins. furio
56323-5,56323,1070,76,5,1.00,971.07,0.02,0.06,N,O,1997-02-14,1997-01-26,1997-02-16,COLLECT COD,AIR, packages. unusual sentiments wake along
56324-1,56324,471,59,1,37.00,50744.39,0.00,0.04,N,O,1996-01-11,1996-03-11,1996-02-05,DELIVER IN PERSON,AIR,gle carefully bold dependencies. 
56324-2,56324,1205,80,2,2.00,2212.40,0.10,0.04,N,O,1996-04-09,1996-02-22,1996-04-12,DELIVER IN PERSON,REG AIR,"ic, unusual theodolites across the blithe"
56325-1,56325,1787,14,1,16.00,27020.48,0.10,0.07,N,O,1998-03-30,1998-02-05,1998-04-27,DELIVER IN PERSON,MAIL,. slyly regular deposit
56326-1,56326,775,8,1,8.00,13406.16,0.02,0.00,N,O,1998-07-16,1998-08-05,1998-08-13,NONE,AIR,ial theodolites? carefully regular
56326-2,56326,1133,34,2,14.00,14477.82,0.10,0.00,N,O,1998-07-20,1998-09-01,1998-07-25,COLLECT COD,RAIL,efully sly ideas. final foxes shall 
56326-3,56326,1849,93,3,14.00,24511.76,0.02,0.03,N,O,1998-09-27,1998-09-05,1998-10-09,NONE,AIR,"express, pending acco"
56327-1,56327,1164,73,1,20.00,21303.20,0.07,0.04,A,F,1993-01-25,1993-02-17,1993-01-31,TAKE BACK RETURN,MAIL,bold dependencies acr
56327-2,56327,1531,52,2,15.00,21487.95,0.05,0.05,A,F,1993-03-31,1993-02-20,1993-04-21,COLLECT COD,TRUCK,y regular deposits affix furiously. gif
56327-3,56327,1979,12,3,4.00,7523.88,0.02,0.03,R,F,1993-04-25,1993-03-21,1993-05-11,TAKE BACK RETURN,AIR,eposits haggle slyl
56327-4,56327,792,93,4,45.00,76175.55,0.10,0.04,R,F,1993-03-27,1993-03-13,1993-04-10,TAKE BACK RETURN,FOB,"ests. ironic, regular warthogs detect. s"
56327-5,56327,366,67,5,26.00,32925.36,0.09,0.08,A,F,1993-03-15,1993-02-12,1993-03-25,TAKE BACK RETURN,AIR,old ideas. slyly bold patte
56327-6,56327,1679,62,6,23.00,36355.41,0.04,0.03,R,F,1993-03-24,1993-03-23,1993-04-10,COLLECT COD,REG AIR,"the special, final dolphins nag carefully"
56327-7,56327,1447,87,7,24.00,32362.56,0.08,0.05,R,F,1993-03-23,1993-03-10,1993-04-13,COLLECT COD,TRUCK,ly carefully regular foxes. deposits wa
56352-1,56352,236,18,1,35.00,39768.05,0.09,0.03,N,O,1997-01-19,1997-03-05,1997-02-11,TAKE BACK RETURN,AIR,"packages! regular, even requests nag blithe"
56352-2,56352,885,85,2,18.00,32145.84,0.00,0.01,N,O,1997-01-20,1997-03-29,1997-01-22,COLLECT COD,MAIL,apades use sinc
56353-1,56353,160,61,1,39.00,41346.24,0.07,0.05,N,O,1997-05-14,1997-06-06,1997-05-18,DELIVER IN PERSON,SHIP,ully blithely pending accounts. ironic 
56354-1,56354,1562,63,1,37.00,54151.72,0.06,0.07,R,F,1992-03-27,1992-03-25,1992-04-12,DELIVER IN PERSON,RAIL,carefully above the slyly
56355-1,56355,1351,90,1,21.00,26299.35,0.10,0.05,N,O,1996-03-27,1996-05-22,1996-04-20,COLLECT COD,FOB,s. fluffily unusual pinto beans accord
56355-2,56355,1885,15,2,43.00,76835.84,0.04,0.06,N,O,1996-04-17,1996-03-30,1996-04-27,NONE,RAIL,ithely bold escapades could have to are
56355-3,56355,1977,78,3,8.00,15031.76,0.03,0.05,N,O,1996-04-26,1996-04-14,1996-05-14,DELIVER IN PERSON,FOB,uriously even pinto beans about the unu
56355-4,56355,475,34,4,50.00,68773.50,0.01,0.06,N,O,1996-04-27,1996-05-22,1996-05-03,COLLECT COD,MAIL,ly bold req
56355-5,56355,1270,8,5,41.00,48022.07,0.07,0.03,N,O,1996-03-13,1996-04-08,1996-03-21,DELIVER IN PERSON,SHIP,s after the orbits sleep behind the doggedl
56355-6,56355,1958,3,6,18.00,33479.10,0.06,0.04,N,O,1996-05-18,1996-05-25,1996-06-06,DELIVER IN PERSON,REG AIR,osits sleep
56356-1,56356,449,37,1,24.00,32386.56,0.05,0.02,N,O,1998-02-09,1998-01-14,1998-02-24,DELIVER IN PERSON,RAIL, dependencies wake carefu
56356-2,56356,1854,55,2,40.00,70234.00,0.03,0.06,N,O,1997-12-16,1998-02-02,1998-01-14,COLLECT COD,SHIP,egular dolphins can wake furiously about 
56356-3,56356,170,71,3,37.00,39596.29,0.09,0.08,N,O,1998-03-12,1998-02-09,1998-03-24,COLLECT COD,RAIL,slyly. quickly sile
56357-1,56357,1300,1,1,13.00,15616.90,0.00,0.05,N,O,1996-11-28,1996-09-07,1996-12-18,TAKE BACK RETURN,TRUCK,pecial packages boost after the 
56357-2,56357,236,18,2,2.00,2272.46,0.04,0.03,N,O,1996-10-09,1996-10-09,1996-11-03,TAKE BACK RETURN,MAIL,"al foxes. express, b"
56358-1,56358,320,5,1,42.00,51253.44,0.01,0.05,R,F,1992-04-26,1992-05-24,1992-05-14,COLLECT COD,MAIL,ld requests use never pending p
56359-1,56359,1966,11,1,50.00,93398.00,0.03,0.03,R,F,1994-02-20,1994-03-05,1994-03-22,NONE,RAIL,y even requests. carefully r
56359-2,56359,780,81,2,16.00,26892.48,0.06,0.08,R,F,1994-02-04,1994-02-26,1994-02-06,TAKE BACK RETURN,MAIL,lyly ironic Tiresias. quickly 
56359-3,56359,1641,42,3,29.00,44736.56,0.06,0.08,A,F,1994-03-26,1994-02-13,1994-04-24,COLLECT COD,TRUCK,affix slyly ironic p
56359-4,56359,1291,3,4,9.00,10730.61,0.10,0.03,A,F,1994-01-09,1994-01-29,1994-01-31,COLLECT COD,SHIP,ts. blithely blit
56359-5,56359,1020,56,5,36.00,33156.72,0.01,0.04,R,F,1993-12-30,1994-01-27,1994-01-24,DELIVER IN PERSON,FOB,uriously bold packages wake foxes. quic
56359-6,56359,772,5,6,44.00,73601.88,0.00,0.01,A,F,1994-03-27,1994-03-21,1994-03-30,COLLECT COD,AIR,"lly unusual, express dep"
56359-7,56359,343,44,7,18.00,22380.12,0.09,0.01,R,F,1994-01-14,1994-02-11,1994-01-16,TAKE BACK RETURN,TRUCK,ending accoun
56384-1,56384,1049,20,1,46.00,43701.84,0.02,0.01,A,F,1992-08-10,1992-09-22,1992-09-07,TAKE BACK RETURN,MAIL,fully busy theodo
56384-2,56384,1486,65,2,33.00,45786.84,0.05,0.08,R,F,1992-11-30,1992-10-02,1992-12-26,NONE,REG AIR,s against the slyly 
56384-3,56384,1409,10,3,22.00,28828.80,0.00,0.06,R,F,1992-09-10,1992-09-25,1992-09-18,NONE,MAIL,express platelets. furiously even acc
56384-4,56384,591,82,4,47.00,70104.73,0.04,0.00,A,F,1992-08-30,1992-09-30,1992-09-27,NONE,TRUCK, furiously unusual excuses. e
56384-5,56384,449,79,5,30.00,40483.20,0.02,0.06,A,F,1992-11-14,1992-10-15,1992-11-15,DELIVER IN PERSON,REG AIR,pecial reque
56384-6,56384,217,18,6,9.00,10054.89,0.03,0.03,A,F,1992-08-08,1992-09-28,1992-08-23,NONE,AIR, unusual pinto beans. slyly regular in
56384-7,56384,1568,69,7,30.00,44086.80,0.01,0.05,A,F,1992-10-19,1992-09-10,1992-11-12,DELIVER IN PERSON,AIR, special packages nag. furiously iro
56385-1,56385,247,48,1,37.00,42447.88,0.00,0.08,N,O,1998-07-18,1998-06-20,1998-07-21,COLLECT COD,TRUCK,le blithely 
56385-2,56385,1388,3,2,47.00,60600.86,0.10,0.04,N,O,1998-07-17,1998-04-30,1998-08-08,DELIVER IN PERSON,FOB,cross the e
56385-3,56385,309,66,3,29.00,35069.70,0.00,0.08,N,O,1998-07-02,1998-05-03,1998-07-12,TAKE BACK RETURN,TRUCK,s. quickly silent frets breach furiousl
56386-1,56386,977,12,1,10.00,18779.70,0.05,0.03,N,O,1996-12-24,1997-01-02,1997-01-08,COLLECT COD,RAIL,slyly. carefully regular ide
56386-2,56386,281,36,2,7.00,8268.96,0.01,0.02,N,O,1997-03-20,1997-01-23,1997-04-05,COLLECT COD,AIR,regular theo
56386-3,56386,61,12,3,31.00,29792.86,0.04,0.07,N,O,1997-02-02,1997-02-16,1997-02-10,NONE,REG AIR,l packages cajole among the 
56387-1,56387,1644,68,1,21.00,32458.44,0.08,0.02,N,O,1995-07-30,1995-08-01,1995-08-21,TAKE BACK RETURN,REG AIR,nts cajole 
56387-2,56387,1457,75,2,2.00,2716.90,0.10,0.00,N,O,1995-06-27,1995-07-26,1995-07-17,TAKE BACK RETURN,AIR, final asymp
56387-3,56387,1449,28,3,46.00,62120.24,0.10,0.05,N,O,1995-07-03,1995-08-13,1995-07-20,DELIVER IN PERSON,REG AIR,s sleep. accoun
56387-4,56387,252,80,4,41.00,47242.25,0.05,0.01,N,O,1995-07-03,1995-06-30,1995-07-13,COLLECT COD,SHIP,"ar, special requests. special ide"
56387-5,56387,775,72,5,31.00,51948.87,0.09,0.02,N,O,1995-07-04,1995-07-13,1995-07-08,DELIVER IN PERSON,REG AIR,riously about the regu
56387-6,56387,310,11,6,16.00,19364.96,0.04,0.04,N,O,1995-07-19,1995-06-27,1995-08-10,NONE,AIR, regular accounts. quickly express
56387-7,56387,1699,41,7,39.00,62426.91,0.03,0.01,N,O,1995-08-17,1995-07-18,1995-08-28,COLLECT COD,TRUCK,ts? foxes hag
56388-1,56388,1314,29,1,9.00,10937.79,0.10,0.02,N,O,1997-03-14,1997-04-09,1997-04-04,NONE,SHIP,e. blithely final foxes cajole 
56388-2,56388,1368,83,2,26.00,33003.36,0.03,0.06,N,O,1997-06-09,1997-04-28,1997-06-26,DELIVER IN PERSON,MAIL,fully regular a
56388-3,56388,1981,70,3,50.00,94149.00,0.05,0.04,N,O,1997-05-31,1997-03-29,1997-06-04,TAKE BACK RETURN,MAIL,furiously final requests. ironic
56388-4,56388,1009,15,4,3.00,2730.00,0.05,0.03,N,O,1997-04-16,1997-05-02,1997-04-23,COLLECT COD,TRUCK,le furiously furiously final foxes; 
56388-5,56388,375,76,5,37.00,47188.69,0.02,0.00,N,O,1997-03-30,1997-05-14,1997-04-07,DELIVER IN PERSON,RAIL,uriously brave excuses. quic
56388-6,56388,1930,31,6,34.00,62285.62,0.04,0.04,N,O,1997-05-21,1997-04-22,1997-06-15,TAKE BACK RETURN,TRUCK, requests maintain qu
56388-7,56388,1023,94,7,23.00,21252.46,0.06,0.04,N,O,1997-03-16,1997-04-25,1997-04-12,DELIVER IN PERSON,TRUCK, slyly even deposits. pa
56389-1,56389,348,49,1,21.00,26215.14,0.03,0.02,N,O,1997-10-11,1997-08-24,1997-10-19,COLLECT COD,AIR,ithely bold excuses haggle care
56389-2,56389,1337,38,2,31.00,38388.23,0.06,0.03,N,O,1997-09-09,1997-09-09,1997-10-02,NONE,MAIL, packages detect ca
56389-3,56389,678,72,3,4.00,6314.68,0.03,0.07,N,O,1997-10-09,1997-10-10,1997-10-11,COLLECT COD,FOB,lly special depths-- carefully 
56389-4,56389,1242,80,4,21.00,24008.04,0.05,0.01,N,O,1997-10-05,1997-09-28,1997-10-06,COLLECT COD,TRUCK,ckly sly theodolites. care
56389-5,56389,1883,70,5,27.00,48191.76,0.07,0.04,N,O,1997-11-11,1997-09-26,1997-12-11,DELIVER IN PERSON,SHIP,ickly special requests. bold dinos 
56389-6,56389,1885,86,6,18.00,32163.84,0.07,0.08,N,O,1997-11-09,1997-09-24,1997-11-10,DELIVER IN PERSON,MAIL,"egular, pending packages haggle "
56390-1,56390,849,49,1,33.00,57744.72,0.05,0.01,N,O,1997-04-12,1997-04-27,1997-04-25,COLLECT COD,MAIL,gle furiousl
56390-2,56390,3,54,2,16.00,14448.00,0.00,0.07,N,O,1997-04-05,1997-03-23,1997-04-09,DELIVER IN PERSON,TRUCK,e fluffily at the deposits. ironic depos
56390-3,56390,1997,98,3,48.00,91151.52,0.08,0.06,N,O,1997-02-28,1997-04-04,1997-03-02,COLLECT COD,AIR,"t the even, even accounts. unusual, ironic "
56390-4,56390,54,55,4,34.00,32437.70,0.07,0.08,N,O,1997-05-25,1997-04-20,1997-06-23,NONE,RAIL,g packages sleep around the fluffi
56390-5,56390,578,69,5,39.00,57664.23,0.01,0.03,N,O,1997-03-23,1997-04-21,1997-04-21,DELIVER IN PERSON,AIR,ully regular instructions ha
56390-6,56390,1120,93,6,40.00,40844.80,0.00,0.08,N,O,1997-04-25,1997-04-13,1997-04-30,COLLECT COD,MAIL,ans! fluff
56390-7,56390,1375,90,7,41.00,52331.17,0.05,0.00,N,O,1997-04-02,1997-05-05,1997-04-17,COLLECT COD,MAIL,sly ironic
56391-1,56391,1921,22,1,27.00,49218.84,0.06,0.00,N,O,1995-10-26,1995-09-22,1995-11-18,DELIVER IN PERSON,SHIP,inal deposits cajole carefully slyly
56391-2,56391,1910,11,2,37.00,67040.67,0.03,0.00,N,O,1995-10-28,1995-10-30,1995-11-15,TAKE BACK RETURN,SHIP,lly final deposits. sly
56391-3,56391,281,63,3,6.00,7087.68,0.04,0.06,N,O,1995-11-21,1995-10-22,1995-12-05,TAKE BACK RETURN,AIR,al foxes. dep
56391-4,56391,1466,67,4,12.00,16409.52,0.00,0.08,N,O,1995-09-10,1995-10-23,1995-10-01,TAKE BACK RETURN,TRUCK,excuses. never regular de
56391-5,56391,912,81,5,3.00,5438.73,0.06,0.02,N,O,1995-09-29,1995-09-28,1995-10-27,NONE,TRUCK,otes among th
56391-6,56391,597,98,6,25.00,37439.75,0.07,0.04,N,O,1995-11-19,1995-11-17,1995-11-22,TAKE BACK RETURN,MAIL,ss accounts need
56416-1,56416,1862,6,1,46.00,81137.56,0.10,0.03,R,F,1992-05-24,1992-07-01,1992-06-09,TAKE BACK RETURN,AIR,wake slyly among the fluffily regu
56417-1,56417,1451,91,1,23.00,31106.35,0.03,0.08,N,O,1997-09-18,1997-08-02,1997-10-01,NONE,TRUCK,: slyly pending exc
56417-2,56417,936,39,2,29.00,53270.97,0.03,0.05,N,O,1997-07-04,1997-07-17,1997-08-01,TAKE BACK RETURN,AIR,"ckly special packages. special, bold t"
56417-3,56417,1285,97,3,48.00,56941.44,0.10,0.07,N,O,1997-08-04,1997-08-16,1997-08-26,TAKE BACK RETURN,REG AIR,ses. blithely
56418-1,56418,36,37,1,41.00,38377.23,0.07,0.02,R,F,1992-08-02,1992-05-28,1992-08-03,TAKE BACK RETURN,MAIL,. slyly even ideas cajole 
56418-2,56418,114,15,2,12.00,12169.32,0.09,0.06,A,F,1992-05-23,1992-05-19,1992-06-02,TAKE BACK RETURN,AIR,round the e
56418-3,56418,1319,58,3,38.00,46371.78,0.05,0.04,A,F,1992-05-27,1992-06-19,1992-05-29,TAKE BACK RETURN,RAIL,ep blithely even pa
56418-4,56418,143,96,4,28.00,29207.92,0.00,0.06,A,F,1992-04-14,1992-07-01,1992-05-01,TAKE BACK RETURN,RAIL,uctions upon the e
56418-5,56418,754,87,5,6.00,9928.50,0.04,0.01,R,F,1992-06-11,1992-06-27,1992-07-02,COLLECT COD,TRUCK,arefully regular ideas are furiously acc
56419-1,56419,1874,75,1,39.00,69258.93,0.01,0.06,A,F,1993-06-13,1993-08-12,1993-07-12,TAKE BACK RETURN,RAIL,oxes. ironic the
56420-1,56420,1417,96,1,39.00,51417.99,0.08,0.06,N,O,1995-08-16,1995-08-25,1995-08-18,NONE,TRUCK,al foxes. regular ins
56420-2,56420,1375,52,2,19.00,24251.03,0.07,0.00,N,O,1995-11-11,1995-09-22,1995-11-12,NONE,AIR, are blithely furious braids. bold accou
56420-3,56420,1375,90,3,37.00,47225.69,0.10,0.05,N,O,1995-11-16,1995-09-24,1995-11-17,COLLECT COD,SHIP,efully pending requests impress 
56420-4,56420,1184,85,4,26.00,28214.68,0.05,0.00,N,O,1995-07-26,1995-09-15,1995-07-27,TAKE BACK RETURN,FOB,was furiously. quickly unusual acco
56421-1,56421,1136,37,1,17.00,17631.21,0.04,0.04,N,O,1997-02-08,1997-03-06,1997-03-04,TAKE BACK RETURN,REG AIR,ely special theodolites detect. special 
56421-2,56421,281,82,2,32.00,37800.96,0.08,0.01,N,O,1997-04-06,1997-02-14,1997-04-11,NONE,FOB,across the even frets solve final p
56421-3,56421,1830,60,3,44.00,76200.52,0.07,0.07,N,O,1997-02-23,1997-03-18,1997-02-26,DELIVER IN PERSON,RAIL,e the slyly ironic packages. fl
56421-4,56421,544,75,4,33.00,47669.82,0.06,0.01,N,O,1997-03-09,1997-03-15,1997-03-30,COLLECT COD,REG AIR,structions a
56421-5,56421,529,60,5,46.00,65757.92,0.10,0.03,N,O,1997-01-14,1997-03-12,1997-01-21,TAKE BACK RETURN,SHIP,with the pending re
56421-6,56421,194,21,6,3.00,3282.57,0.05,0.05,N,O,1996-12-23,1997-03-06,1996-12-27,NONE,REG AIR,ages boost blithely slyly ironic account
56422-1,56422,714,11,1,48.00,77506.08,0.02,0.04,A,F,1992-05-30,1992-03-10,1992-06-21,NONE,FOB,en pinto beans wake fluffily. 
56422-2,56422,1306,21,2,47.00,56743.10,0.03,0.06,R,F,1992-06-05,1992-03-18,1992-06-10,TAKE BACK RETURN,SHIP,beans wake fluffily. furiously s
56422-3,56422,1777,78,3,38.00,63793.26,0.02,0.08,R,F,1992-05-17,1992-03-29,1992-05-30,TAKE BACK RETURN,FOB,across the sentiments. b
56423-1,56423,695,89,1,48.00,76593.12,0.08,0.04,N,O,1996-03-05,1996-03-25,1996-03-30,TAKE BACK RETURN,REG AIR,ly final asymptotes nod fluffily abo
56423-2,56423,1554,75,2,35.00,50944.25,0.00,0.01,N,O,1996-03-10,1996-03-01,1996-03-17,COLLECT COD,SHIP,ithely bold requests use regularly ab
56423-3,56423,1499,100,3,38.00,53218.62,0.09,0.01,N,O,1996-04-17,1996-02-08,1996-05-06,TAKE BACK RETURN,TRUCK,iously ironic ideas! fu
56423-4,56423,1579,100,4,38.00,56261.66,0.02,0.00,N,O,1996-02-17,1996-02-09,1996-03-02,NONE,TRUCK,ic accounts 
56423-5,56423,1732,75,5,2.00,3267.46,0.00,0.07,N,O,1996-01-25,1996-03-21,1996-02-20,TAKE BACK RETURN,TRUCK,s the blithely regular decoys. foxes
56423-6,56423,1028,29,6,3.00,2787.06,0.10,0.08,N,O,1996-04-20,1996-03-22,1996-05-06,NONE,SHIP,cajole along the even ideas. thi
56448-1,56448,678,41,1,38.00,59989.46,0.04,0.07,A,F,1993-08-24,1993-11-14,1993-09-12,NONE,AIR, theodolite
56448-2,56448,1593,94,2,44.00,65761.96,0.04,0.08,A,F,1993-11-16,1993-10-06,1993-11-22,COLLECT COD,MAIL, blithely alongside of the boldly ir
56449-1,56449,637,38,1,34.00,52279.42,0.10,0.01,N,O,1998-08-20,1998-07-23,1998-09-13,DELIVER IN PERSON,SHIP,ey players. fl
56449-2,56449,835,36,2,21.00,36452.43,0.04,0.02,N,O,1998-06-28,1998-08-07,1998-06-29,COLLECT COD,AIR, final pinto beans eat blithely aga
56449-3,56449,412,13,3,15.00,19686.15,0.04,0.03,N,O,1998-07-21,1998-07-30,1998-08-17,DELIVER IN PERSON,AIR, slyly carefully r
56449-4,56449,21,22,4,36.00,33156.72,0.03,0.06,N,O,1998-08-17,1998-07-22,1998-09-16,COLLECT COD,RAIL,he regular ins
56450-1,56450,629,30,1,40.00,61184.80,0.08,0.01,N,O,1998-08-25,1998-09-12,1998-08-26,TAKE BACK RETURN,FOB,"he ironic, regular packages nag s"
56451-1,56451,416,17,1,30.00,39492.30,0.09,0.04,N,O,1996-12-21,1997-01-26,1996-12-22,DELIVER IN PERSON,FOB,"ep final, ironic ins"
56451-2,56451,1376,53,2,29.00,37043.73,0.06,0.03,N,O,1996-11-10,1997-01-23,1996-11-12,DELIVER IN PERSON,AIR,ss quickly across the regular theodolites. 
56452-1,56452,1638,21,1,5.00,7698.15,0.09,0.04,A,F,1994-05-01,1994-04-20,1994-05-18,TAKE BACK RETURN,SHIP, the carefully bold packages. excuse
56452-2,56452,844,44,2,29.00,50600.36,0.01,0.00,R,F,1994-05-26,1994-04-24,1994-05-30,COLLECT COD,REG AIR,sly even requests cajole slyly agains
56452-3,56452,986,87,3,7.00,13208.86,0.03,0.00,R,F,1994-06-11,1994-05-04,1994-06-12,NONE,REG AIR,even theodolites wake fur
56453-1,56453,1587,28,1,2.00,2977.16,0.05,0.03,A,F,1992-07-13,1992-05-20,1992-07-26,TAKE BACK RETURN,REG AIR,ress requests. flu
56453-2,56453,1756,99,2,21.00,34812.75,0.06,0.04,R,F,1992-07-12,1992-07-11,1992-08-08,COLLECT COD,AIR,breach carefully. un
56453-3,56453,461,49,3,4.00,5445.84,0.09,0.00,A,F,1992-07-31,1992-06-03,1992-08-28,NONE,REG AIR,", even platelets cajole."
56453-4,56453,1674,57,4,33.00,51997.11,0.00,0.03,R,F,1992-07-02,1992-06-23,1992-07-28,NONE,AIR,the quickly final waters lo
56453-5,56453,1956,1,5,43.00,79891.85,0.02,0.06,A,F,1992-04-30,1992-05-15,1992-05-15,TAKE BACK RETURN,SHIP,y regular theodolites. express acco
56453-6,56453,323,80,6,10.00,12233.20,0.07,0.02,A,F,1992-08-04,1992-06-25,1992-08-19,DELIVER IN PERSON,FOB,foxes nag slyly final
56453-7,56453,1893,23,7,18.00,32308.02,0.02,0.06,R,F,1992-06-12,1992-05-24,1992-07-01,DELIVER IN PERSON,FOB,beans. carefully regular a
56454-1,56454,641,73,1,21.00,32374.44,0.05,0.00,N,O,1997-01-08,1997-03-02,1997-01-09,NONE,TRUCK,ges haggle carefully. quickly bold pack
56454-2,56454,1563,4,2,48.00,70298.88,0.01,0.06,N,O,1997-03-03,1997-02-01,1997-03-26,TAKE BACK RETURN,AIR, ironic packages are furiou
56455-1,56455,839,6,1,33.00,57414.39,0.00,0.02,R,F,1992-03-12,1992-03-02,1992-03-19,NONE,AIR,pecial depos
56455-2,56455,29,80,2,30.00,27870.60,0.03,0.06,R,F,1992-04-07,1992-03-31,1992-05-02,DELIVER IN PERSON,REG AIR,lly final accounts. hockey players
56455-3,56455,114,93,3,8.00,8112.88,0.09,0.03,R,F,1992-04-28,1992-04-02,1992-05-04,NONE,RAIL,"haggle furiously ironic, ironic sautern"
56455-4,56455,737,70,4,16.00,26203.68,0.03,0.04,A,F,1992-03-29,1992-04-21,1992-04-20,DELIVER IN PERSON,REG AIR,fluffily furiousl
56455-5,56455,784,49,5,24.00,40434.72,0.07,0.06,R,F,1992-04-16,1992-02-23,1992-05-07,NONE,REG AIR,"uriously ironic accounts. ironic, expre"
56480-1,56480,93,94,1,2.00,1986.18,0.09,0.04,R,F,1993-03-24,1993-06-02,1993-03-26,TAKE BACK RETURN,AIR, affix quickly. slyly final deposits ea
56481-1,56481,1386,25,1,27.00,34759.26,0.02,0.01,A,F,1993-04-25,1993-06-08,1993-04-29,TAKE BACK RETURN,MAIL,slyly bold ideas sleep blithely 
56482-1,56482,44,70,1,24.00,22656.96,0.02,0.05,R,F,1993-09-17,1993-08-30,1993-09-27,COLLECT COD,AIR, packages are sl
56482-2,56482,609,3,2,49.00,73970.40,0.09,0.08,R,F,1993-06-13,1993-08-27,1993-07-04,COLLECT COD,MAIL,ly quickly bold packages. carefully 
56482-3,56482,664,58,3,27.00,42245.82,0.06,0.01,R,F,1993-06-17,1993-08-24,1993-06-27,DELIVER IN PERSON,REG AIR,s according t
56483-1,56483,1845,32,1,25.00,43671.00,0.02,0.00,A,F,1994-06-10,1994-04-19,1994-07-01,TAKE BACK RETURN,TRUCK, have to sleep carefully above the care
56483-2,56483,1262,74,2,8.00,9306.08,0.09,0.00,A,F,1994-05-17,1994-05-17,1994-05-18,DELIVER IN PERSON,AIR,ly among the furio
56484-1,56484,649,43,1,49.00,75932.36,0.05,0.00,N,O,1996-01-01,1995-12-27,1996-01-02,NONE,RAIL,blithely regular accounts. fur
56484-2,56484,1715,100,2,48.00,77602.08,0.04,0.06,N,O,1996-03-04,1995-12-25,1996-03-18,TAKE BACK RETURN,RAIL, regular realms are carefully against 
56484-3,56484,950,85,3,15.00,27764.25,0.03,0.00,N,O,1996-01-23,1996-02-09,1996-02-09,NONE,FOB,old reques
56484-4,56484,1499,100,4,42.00,58820.58,0.09,0.02,N,O,1996-03-15,1996-02-14,1996-03-18,COLLECT COD,TRUCK,"ts. special, regular ideas wake slyly. "
56484-5,56484,331,16,5,27.00,33245.91,0.10,0.07,N,O,1996-03-01,1996-02-19,1996-03-30,NONE,TRUCK,lly regular accounts
56485-1,56485,178,5,1,30.00,32345.10,0.03,0.04,N,O,1996-09-01,1996-10-13,1996-09-05,COLLECT COD,AIR, haggle slyly sly
56486-1,56486,1111,12,1,45.00,45544.95,0.00,0.01,A,F,1994-08-27,1994-06-29,1994-09-23,NONE,TRUCK,refully regular theodolites cajole. fluffi
56486-2,56486,1504,25,2,48.00,67464.00,0.01,0.06,A,F,1994-07-10,1994-07-26,1994-07-23,DELIVER IN PERSON,REG AIR,st the carefu
56486-3,56486,1395,10,3,37.00,47966.43,0.01,0.08,R,F,1994-09-24,1994-07-18,1994-10-18,DELIVER IN PERSON,MAIL,odolites. regular packages use carefully.
56486-4,56486,894,61,4,3.00,5384.67,0.00,0.07,A,F,1994-09-14,1994-07-17,1994-10-02,DELIVER IN PERSON,MAIL,ously after the carefully ironic ideas
56486-5,56486,942,77,5,5.00,9214.70,0.09,0.05,A,F,1994-06-03,1994-08-07,1994-07-01,DELIVER IN PERSON,RAIL,nal notornis. fluffily even accoun
56487-1,56487,1261,62,1,38.00,44165.88,0.01,0.05,N,O,1995-08-25,1995-07-18,1995-08-30,DELIVER IN PERSON,REG AIR,ackages haggle fur
56512-1,56512,165,44,1,43.00,45801.88,0.05,0.08,N,O,1997-08-09,1997-07-20,1997-08-15,COLLECT COD,FOB,y pending accounts b
56512-2,56512,1949,82,2,18.00,33316.92,0.09,0.01,N,O,1997-05-02,1997-07-09,1997-06-01,TAKE BACK RETURN,AIR,. ironic packages are fur
56513-1,56513,1971,16,1,37.00,69299.89,0.10,0.01,N,O,1996-08-16,1996-09-02,1996-08-30,DELIVER IN PERSON,REG AIR,leep. blithely pending sheaves sleep qui
56513-2,56513,1560,41,2,10.00,14615.60,0.08,0.00,N,O,1996-09-13,1996-08-28,1996-10-05,COLLECT COD,AIR,le after the ironic instructions. 
56513-3,56513,503,4,3,48.00,67368.00,0.00,0.07,N,O,1996-09-02,1996-08-16,1996-09-25,TAKE BACK RETURN,SHIP,leep carefully? qu
56513-4,56513,384,13,4,35.00,44953.30,0.04,0.08,N,O,1996-06-13,1996-08-02,1996-07-07,NONE,MAIL,carefully. pending pains after the slyly f
56513-5,56513,1322,37,5,9.00,11009.88,0.07,0.04,N,O,1996-09-19,1996-08-30,1996-10-10,DELIVER IN PERSON,RAIL,. blithely furious p
56513-6,56513,1534,55,6,20.00,28710.60,0.06,0.02,N,O,1996-09-22,1996-07-09,1996-10-03,TAKE BACK RETURN,REG AIR,jole blithely express deposits. r
56513-7,56513,1732,33,7,21.00,34308.33,0.09,0.07,N,O,1996-08-29,1996-07-09,1996-09-02,NONE,AIR,le slyly among the bold pin
56514-1,56514,1322,99,1,2.00,2446.64,0.07,0.03,A,F,1992-05-12,1992-04-17,1992-05-15,DELIVER IN PERSON,TRUCK,ar excuses use 
56514-2,56514,534,35,2,33.00,47339.49,0.00,0.02,A,F,1992-06-02,1992-03-17,1992-06-07,TAKE BACK RETURN,TRUCK,about the 
56514-3,56514,375,4,3,4.00,5101.48,0.03,0.01,R,F,1992-02-23,1992-03-24,1992-03-20,NONE,RAIL,s. furiously ironic dep
56514-4,56514,613,14,4,23.00,34813.03,0.10,0.08,R,F,1992-02-29,1992-04-25,1992-03-05,TAKE BACK RETURN,MAIL,es integrate silently after the regular
56514-5,56514,1105,78,5,47.00,47286.70,0.01,0.07,R,F,1992-05-05,1992-05-11,1992-06-04,NONE,SHIP,ests. furi
56514-6,56514,900,34,6,46.00,82841.40,0.08,0.07,R,F,1992-05-01,1992-05-04,1992-05-09,NONE,TRUCK,y regular pinto beans
56515-1,56515,1712,39,1,26.00,41956.46,0.07,0.06,N,O,1995-07-07,1995-07-21,1995-07-21,TAKE BACK RETURN,REG AIR, special waters. ac
56515-2,56515,211,39,2,18.00,20001.78,0.02,0.08,N,O,1995-09-19,1995-07-17,1995-10-12,DELIVER IN PERSON,SHIP,o beans affix 
56515-3,56515,1996,41,3,8.00,15183.92,0.07,0.04,N,O,1995-07-08,1995-07-15,1995-08-05,COLLECT COD,RAIL,ts toward th
56515-4,56515,427,86,4,32.00,42477.44,0.02,0.02,N,O,1995-07-10,1995-06-28,1995-07-28,COLLECT COD,AIR,osits wake carefully regular depo
56516-1,56516,1607,8,1,28.00,42240.80,0.09,0.07,R,F,1994-11-30,1994-09-22,1994-12-04,DELIVER IN PERSON,MAIL,ests boost quietly regular ideas. car
56516-2,56516,175,76,2,7.00,7526.19,0.07,0.08,A,F,1994-12-03,1994-10-01,1994-12-06,COLLECT COD,AIR,oost after the noto
56516-3,56516,196,49,3,47.00,51520.93,0.08,0.07,R,F,1994-10-29,1994-10-09,1994-11-20,TAKE BACK RETURN,REG AIR,thely regular ideas haggle c
56516-4,56516,221,22,4,3.00,3363.66,0.07,0.06,R,F,1994-11-09,1994-11-02,1994-11-13,DELIVER IN PERSON,REG AIR, unusual foxes. regular foxes are b
56516-5,56516,10,86,5,17.00,15470.17,0.09,0.08,A,F,1994-09-20,1994-10-30,1994-09-26,NONE,TRUCK,thely package
56516-6,56516,1326,65,6,9.00,11045.88,0.04,0.07,A,F,1994-09-16,1994-10-05,1994-10-10,TAKE BACK RETURN,FOB,ffily even accounts. foxes nag carefully
56516-7,56516,1641,24,7,10.00,15426.40,0.06,0.04,R,F,1994-09-29,1994-09-22,1994-10-21,DELIVER IN PERSON,REG AIR,quests. ironic id
56517-1,56517,75,26,1,13.00,12675.91,0.00,0.02,N,O,1998-01-24,1997-12-02,1998-02-11,COLLECT COD,REG AIR, wake fluffily accounts. sl
56517-2,56517,580,41,2,2.00,2961.16,0.07,0.04,N,O,1998-02-12,1997-12-08,1998-02-23,TAKE BACK RETURN,FOB,nal packages. slyly f
56518-1,56518,120,99,1,42.00,42845.04,0.07,0.06,N,O,1998-06-01,1998-05-18,1998-06-23,TAKE BACK RETURN,MAIL, the account
56518-2,56518,1232,44,2,9.00,10199.07,0.03,0.06,N,O,1998-03-13,1998-05-06,1998-03-20,DELIVER IN PERSON,REG AIR,iously bold accounts. slyly
56518-3,56518,706,7,3,30.00,48201.00,0.06,0.03,N,O,1998-03-24,1998-05-25,1998-03-30,TAKE BACK RETURN,SHIP,ong the silent acc
56518-4,56518,942,11,4,12.00,22115.28,0.05,0.06,N,O,1998-06-14,1998-04-25,1998-06-15,COLLECT COD,FOB,leep furiously along the bl
56519-1,56519,1648,72,1,30.00,46489.20,0.01,0.06,N,O,1996-05-20,1996-04-26,1996-06-16,NONE,TRUCK,nd the silent package
56519-2,56519,847,48,2,14.00,24469.76,0.08,0.01,N,O,1996-06-22,1996-04-21,1996-06-27,DELIVER IN PERSON,RAIL,regular dependen
56519-3,56519,1622,23,3,20.00,30472.40,0.08,0.08,N,O,1996-04-22,1996-05-20,1996-05-19,COLLECT COD,TRUCK,"onic courts kindle special, ironic pin"
56519-4,56519,63,14,4,14.00,13482.84,0.02,0.08,N,O,1996-04-25,1996-06-01,1996-05-20,NONE,RAIL,es. silent 
56519-5,56519,1691,74,5,14.00,22297.66,0.01,0.04,N,O,1996-04-11,1996-05-09,1996-05-07,COLLECT COD,MAIL,ntly express requests. theodoli
56544-1,56544,721,18,1,25.00,40543.00,0.02,0.05,N,O,1997-01-02,1996-12-28,1997-01-21,COLLECT COD,MAIL,ongside of the c
56544-2,56544,834,1,2,45.00,78067.35,0.08,0.03,N,O,1996-11-29,1997-01-06,1996-12-22,DELIVER IN PERSON,TRUCK,nto beans wake blithely. special accoun
56544-3,56544,558,19,3,26.00,37922.30,0.00,0.07,N,O,1997-03-05,1997-01-28,1997-03-26,COLLECT COD,TRUCK,"ide of the special, final requests. blithel"
56545-1,56545,1724,9,1,22.00,35765.84,0.07,0.02,N,O,1995-08-06,1995-08-07,1995-08-28,NONE,MAIL,nic excuses. 
56545-2,56545,1268,69,2,13.00,15200.38,0.00,0.01,N,O,1995-09-23,1995-07-22,1995-10-19,TAKE BACK RETURN,TRUCK,dolites. car
56546-1,56546,765,30,1,18.00,29983.68,0.08,0.02,N,O,1997-09-06,1997-10-20,1997-09-28,DELIVER IN PERSON,SHIP,"quickly above the regular, ironic warthogs"
56546-2,56546,229,30,2,10.00,11292.20,0.05,0.01,N,O,1997-11-15,1997-11-27,1997-12-09,DELIVER IN PERSON,AIR,ul ideas sleep carefully. final requ
56546-3,56546,1235,73,3,35.00,39768.05,0.10,0.04,N,O,1997-12-17,1997-10-16,1998-01-16,DELIVER IN PERSON,TRUCK,ts. bold packages sleep furious theodoli
56546-4,56546,1005,6,4,12.00,10872.00,0.07,0.07,N,O,1997-11-27,1997-11-30,1997-12-05,DELIVER IN PERSON,RAIL,y silent dugouts integ
56546-5,56546,1822,66,5,44.00,75848.08,0.06,0.07,N,O,1997-12-14,1997-10-02,1997-12-17,DELIVER IN PERSON,SHIP,arefully silent instructions are carefull
56546-6,56546,1645,28,6,4.00,6186.56,0.04,0.01,N,O,1997-09-21,1997-11-14,1997-10-05,DELIVER IN PERSON,FOB,thely even accounts use carefully ab
56547-1,56547,924,59,1,37.00,67522.04,0.07,0.07,A,F,1993-07-10,1993-08-13,1993-07-20,COLLECT COD,RAIL,es accordi
56547-2,56547,1124,61,2,20.00,20502.40,0.02,0.02,A,F,1993-09-03,1993-08-22,1993-09-05,TAKE BACK RETURN,TRUCK,sly. requests dazzle furiously ironic acc
56548-1,56548,731,32,1,44.00,71796.12,0.00,0.04,A,F,1992-12-10,1992-11-27,1992-12-23,COLLECT COD,REG AIR,press requests. carefully regul
56548-2,56548,289,71,2,3.00,3567.84,0.00,0.07,R,F,1992-12-16,1992-11-05,1993-01-05,DELIVER IN PERSON,RAIL,ets nag slyly abo
56548-3,56548,1932,33,3,9.00,16505.37,0.02,0.01,A,F,1992-11-01,1992-11-05,1992-11-29,DELIVER IN PERSON,MAIL,"l, final packages nod"
56548-4,56548,1422,23,4,22.00,29115.24,0.02,0.06,R,F,1992-12-15,1992-12-01,1993-01-11,COLLECT COD,MAIL,tions play never asymptotes. careful
56549-1,56549,561,52,1,1.00,1461.56,0.04,0.00,N,O,1997-02-02,1997-03-09,1997-02-15,COLLECT COD,MAIL, requests wake blithely regu
56549-2,56549,481,40,2,6.00,8288.88,0.00,0.00,N,O,1997-03-08,1997-02-16,1997-03-10,NONE,REG AIR,ts integrate thinly in place of the slyly b
56550-1,56550,475,34,1,41.00,56394.27,0.05,0.00,N,O,1995-07-06,1995-07-08,1995-07-27,NONE,RAIL,e carefully care
56550-2,56550,1765,66,2,50.00,83338.00,0.02,0.01,N,F,1995-06-10,1995-06-11,1995-06-22,COLLECT COD,MAIL, ironic deposits
56550-3,56550,116,95,3,50.00,50805.50,0.10,0.03,A,F,1995-05-15,1995-06-19,1995-05-28,TAKE BACK RETURN,REG AIR,y express theodolites impr
56550-4,56550,1789,16,4,4.00,6763.12,0.00,0.02,R,F,1995-05-15,1995-05-18,1995-05-28,DELIVER IN PERSON,FOB,cial requests run carefully along
56550-5,56550,524,15,5,23.00,32763.96,0.07,0.02,N,O,1995-07-07,1995-06-05,1995-08-01,TAKE BACK RETURN,FOB, carefully regular braids about the quickly
56550-6,56550,1123,32,6,34.00,34820.08,0.10,0.08,A,F,1995-06-15,1995-05-29,1995-06-16,TAKE BACK RETURN,RAIL,s: furiously pendi
56550-7,56550,648,11,7,30.00,46459.20,0.05,0.03,N,O,1995-07-23,1995-06-22,1995-07-25,TAKE BACK RETURN,FOB,its. fluffily bold t
56551-1,56551,437,67,1,9.00,12036.87,0.03,0.00,N,O,1998-05-10,1998-04-29,1998-06-01,COLLECT COD,AIR,deposits about the blithely unusual as
56551-2,56551,1327,4,2,30.00,36849.60,0.03,0.00,N,O,1998-02-23,1998-05-14,1998-02-26,COLLECT COD,SHIP,l pains about the blithely
56551-3,56551,1305,20,3,36.00,43426.80,0.07,0.04,N,O,1998-03-25,1998-04-12,1998-04-18,NONE,FOB,accounts. packages after the ideas boost 
56551-4,56551,939,8,4,47.00,86476.71,0.03,0.01,N,O,1998-04-18,1998-05-04,1998-04-30,COLLECT COD,REG AIR, even deposits among the carefu
56551-5,56551,606,69,5,24.00,36158.40,0.07,0.02,N,O,1998-04-28,1998-05-07,1998-05-17,COLLECT COD,AIR,onic accounts. blithel
56551-6,56551,1728,71,6,15.00,24445.80,0.03,0.00,N,O,1998-05-21,1998-05-06,1998-05-22,NONE,RAIL,ing to the pending packages was slyly furio
56551-7,56551,1746,31,7,18.00,29659.32,0.00,0.00,N,O,1998-04-05,1998-05-08,1998-04-06,TAKE BACK RETURN,MAIL,egular theodolites agai
56576-1,56576,358,59,1,23.00,28942.05,0.08,0.05,N,O,1996-11-04,1996-11-05,1996-11-13,COLLECT COD,RAIL,dolphins. quietly regula
56577-1,56577,546,77,1,31.00,44842.74,0.02,0.07,N,O,1996-02-12,1996-01-10,1996-03-01,DELIVER IN PERSON,FOB,dolphins. dugouts doubt a
56577-2,56577,1807,51,2,10.00,17088.00,0.04,0.02,N,O,1996-01-15,1996-01-05,1996-01-21,NONE,TRUCK,ic accounts. deposits
56577-3,56577,660,54,3,28.00,43698.48,0.08,0.05,N,O,1996-01-24,1996-01-01,1996-01-25,NONE,REG AIR,blithely according 
56577-4,56577,1190,63,4,27.00,29462.13,0.06,0.03,N,O,1995-12-18,1996-01-03,1996-01-03,NONE,MAIL,ges promis
56577-5,56577,1099,35,5,33.00,33002.97,0.09,0.04,N,O,1995-11-28,1995-12-03,1995-12-09,TAKE BACK RETURN,FOB,ave to sle
56577-6,56577,757,54,6,41.00,67967.75,0.03,0.05,N,O,1995-11-17,1996-01-10,1995-12-02,COLLECT COD,FOB,"ully after the regular, special req"
56578-1,56578,1406,46,1,14.00,18303.60,0.10,0.07,N,O,1997-05-17,1997-05-10,1997-05-23,TAKE BACK RETURN,REG AIR,atterns wake! furiously even foxes det
56578-2,56578,1558,59,2,34.00,49624.70,0.04,0.07,N,O,1997-05-21,1997-04-25,1997-06-12,TAKE BACK RETURN,AIR,riously regular packag
56578-3,56578,1237,49,3,33.00,37561.59,0.04,0.03,N,O,1997-04-30,1997-04-16,1997-05-03,DELIVER IN PERSON,RAIL, blithely slyly
56579-1,56579,1058,59,1,43.00,41239.15,0.10,0.02,N,O,1996-10-02,1996-08-01,1996-10-29,DELIVER IN PERSON,FOB,al instructions. furiously expr
56580-1,56580,1628,70,1,3.00,4588.86,0.04,0.06,N,O,1995-09-06,1995-11-08,1995-10-05,NONE,FOB,kages according to the slyly even deposit
56580-2,56580,1091,92,2,26.00,25794.34,0.10,0.01,N,O,1995-12-10,1995-10-14,1995-12-24,NONE,FOB,y notornis. c
56580-3,56580,1119,56,3,48.00,48965.28,0.09,0.05,N,O,1995-10-20,1995-10-16,1995-11-06,NONE,AIR,ow dolphins. carefully
56580-4,56580,788,85,4,33.00,55729.74,0.06,0.01,N,O,1995-09-22,1995-09-17,1995-10-18,DELIVER IN PERSON,MAIL,xes detect carefully after th
56580-5,56580,409,97,5,30.00,39282.00,0.00,0.07,N,O,1995-10-14,1995-10-21,1995-10-16,NONE,RAIL,cies wake. unusual platelets detect. regula
56580-6,56580,880,14,6,9.00,16027.92,0.00,0.04,N,O,1995-10-17,1995-09-27,1995-10-29,TAKE BACK RETURN,FOB,efully final ideas integrate furiously
56580-7,56580,1430,48,7,35.00,46600.05,0.10,0.04,N,O,1995-12-14,1995-09-29,1996-01-01,COLLECT COD,RAIL,ounts. carefully regula
56581-1,56581,662,63,1,29.00,45317.14,0.08,0.05,A,F,1994-03-11,1994-03-29,1994-04-01,TAKE BACK RETURN,SHIP,accounts sleep according to the fluffily e
56581-2,56581,65,16,2,50.00,48253.00,0.09,0.05,A,F,1994-04-03,1994-04-04,1994-04-04,DELIVER IN PERSON,TRUCK,r accounts s
56581-3,56581,427,57,3,1.00,1327.42,0.07,0.02,A,F,1994-02-25,1994-05-01,1994-03-04,DELIVER IN PERSON,FOB,unusual ideas along the slyly iron
56582-1,56582,1246,58,1,21.00,24092.04,0.09,0.01,A,F,1994-08-29,1994-07-24,1994-09-07,TAKE BACK RETURN,TRUCK, fluffily above the fluffily fina
56582-2,56582,1659,60,2,5.00,7803.25,0.05,0.04,R,F,1994-10-07,1994-08-30,1994-10-22,COLLECT COD,SHIP,y special instructions. carefully
56582-3,56582,81,57,3,4.00,3924.32,0.00,0.06,R,F,1994-08-09,1994-09-07,1994-08-25,DELIVER IN PERSON,TRUCK,thely ironic requests-- 
56582-4,56582,229,57,4,45.00,50814.90,0.06,0.05,A,F,1994-09-28,1994-07-18,1994-10-05,NONE,MAIL,ronic accounts
56582-5,56582,1165,66,5,38.00,40514.08,0.09,0.02,A,F,1994-08-30,1994-08-11,1994-09-15,TAKE BACK RETURN,RAIL,ar pinto beans. unusual theodolites sle
56582-6,56582,1732,17,6,25.00,40843.25,0.10,0.01,R,F,1994-08-31,1994-09-08,1994-09-10,NONE,SHIP,ickly at the furious
56582-7,56582,1496,36,7,27.00,37732.23,0.06,0.04,A,F,1994-09-16,1994-07-27,1994-10-04,TAKE BACK RETURN,MAIL,rs. unusual dependencies through
56583-1,56583,1579,20,1,48.00,71067.36,0.05,0.04,N,O,1997-11-16,1998-01-11,1997-11-20,NONE,MAIL,l deposits. blithely ironic ideas af
56608-1,56608,1010,81,1,22.00,20042.22,0.04,0.01,R,F,1994-12-06,1994-12-21,1994-12-09,DELIVER IN PERSON,RAIL,er the ideas x-ray slyly carefu
56608-2,56608,695,96,2,18.00,28722.42,0.04,0.03,A,F,1995-03-19,1995-01-12,1995-04-04,TAKE BACK RETURN,RAIL,fluffily s
56609-1,56609,1790,91,1,27.00,45678.33,0.00,0.02,N,O,1997-05-04,1997-03-03,1997-05-23,TAKE BACK RETURN,FOB,hely. quickly regular pla
56609-2,56609,876,43,2,13.00,23099.31,0.05,0.00,N,O,1997-03-08,1997-04-26,1997-04-06,TAKE BACK RETURN,AIR,unusual platelets cajole sly
56609-3,56609,1714,99,3,36.00,58165.56,0.05,0.06,N,O,1997-04-23,1997-04-25,1997-05-05,TAKE BACK RETURN,MAIL,to the blithely r
56609-4,56609,1967,68,4,13.00,24296.48,0.04,0.05,N,O,1997-04-23,1997-04-04,1997-05-11,TAKE BACK RETURN,REG AIR,es above the final requests haggle blithe
56610-1,56610,1012,18,1,22.00,20086.22,0.00,0.06,R,F,1993-06-12,1993-04-20,1993-07-09,NONE,TRUCK,y idle deposits print among the slyly spec
56611-1,56611,1215,16,1,41.00,45764.61,0.10,0.03,N,O,1996-02-20,1996-02-26,1996-03-19,DELIVER IN PERSON,AIR,ptotes engage bravely. regular warthogs b
56611-2,56611,209,91,2,19.00,21074.80,0.08,0.03,N,O,1996-03-25,1996-01-19,1996-04-05,TAKE BACK RETURN,REG AIR,yly alongside of the sl
56612-1,56612,537,38,1,7.00,10062.71,0.04,0.08,R,F,1994-08-19,1994-09-11,1994-08-26,DELIVER IN PERSON,REG AIR,according to t
56613-1,56613,1122,95,1,1.00,1023.12,0.06,0.00,R,F,1994-01-27,1993-12-08,1994-02-05,COLLECT COD,REG AIR,tructions boo
56613-2,56613,509,70,2,12.00,16914.00,0.10,0.02,A,F,1994-02-16,1994-01-20,1994-03-01,TAKE BACK RETURN,AIR,cross the quickly regular excuses. c
56613-3,56613,329,14,3,12.00,14751.84,0.05,0.07,R,F,1994-02-01,1994-01-20,1994-02-23,DELIVER IN PERSON,MAIL,furiously final packag
56613-4,56613,759,60,4,36.00,59751.00,0.00,0.08,A,F,1993-12-15,1993-12-30,1993-12-29,TAKE BACK RETURN,RAIL,kages boost 
56614-1,56614,1741,68,1,11.00,18070.14,0.07,0.02,A,F,1992-09-18,1992-11-05,1992-10-12,COLLECT COD,FOB,es. blithely special instructi
56614-2,56614,774,71,2,43.00,72015.11,0.09,0.04,R,F,1992-11-26,1992-10-16,1992-12-17,DELIVER IN PERSON,AIR,"ly silent, final pearls"
56614-3,56614,1819,6,3,28.00,48182.68,0.04,0.08,A,F,1993-01-01,1992-11-25,1993-01-02,COLLECT COD,RAIL,ar deposits. bold dependencies
56614-4,56614,1237,75,4,11.00,12520.53,0.03,0.07,A,F,1993-01-02,1992-11-11,1993-01-30,DELIVER IN PERSON,REG AIR,ideas. special a
56614-5,56614,1355,32,5,40.00,50254.00,0.06,0.03,A,F,1992-11-16,1992-11-04,1992-12-05,DELIVER IN PERSON,REG AIR, final gifts. packages
56614-6,56614,1164,73,6,43.00,45801.88,0.07,0.07,R,F,1992-11-01,1992-12-04,1992-11-28,COLLECT COD,AIR,ely pending hockey players. furiousl
56614-7,56614,155,56,7,23.00,24268.45,0.00,0.04,A,F,1992-10-13,1992-11-17,1992-10-31,DELIVER IN PERSON,MAIL,ts impress against the sly
56615-1,56615,1268,43,1,2.00,2338.52,0.06,0.07,N,O,1995-09-13,1995-08-25,1995-10-10,NONE,RAIL,the blithely final accounts. slyly furious
56615-2,56615,1775,18,2,50.00,83838.50,0.09,0.03,N,O,1995-08-25,1995-08-22,1995-09-10,COLLECT COD,RAIL, blithely. slyly regular instruction
56615-3,56615,1417,18,3,1.00,1318.41,0.09,0.06,N,O,1995-07-28,1995-09-03,1995-07-31,DELIVER IN PERSON,RAIL,riously final re
56640-1,56640,146,73,1,34.00,35568.76,0.06,0.00,N,O,1995-12-03,1995-11-14,1995-12-18,COLLECT COD,FOB,"xpress, final Ti"
56640-2,56640,1994,39,2,43.00,81527.57,0.04,0.07,N,O,1995-09-26,1995-10-16,1995-10-08,DELIVER IN PERSON,RAIL,efully special accounts wake id
56640-3,56640,252,80,3,13.00,14979.25,0.08,0.08,N,O,1995-10-19,1995-10-03,1995-10-23,COLLECT COD,AIR, of the furiously final packages: sly
56640-4,56640,1198,7,4,5.00,5495.95,0.02,0.01,N,O,1995-11-02,1995-10-10,1995-11-09,COLLECT COD,SHIP,"nal, regular packages. carefully regular"
56640-5,56640,235,17,5,1.00,1135.23,0.07,0.06,N,O,1995-10-15,1995-10-28,1995-10-18,TAKE BACK RETURN,MAIL,onic requests believe carefully package
56640-6,56640,1760,87,6,48.00,79764.48,0.10,0.01,N,O,1995-09-18,1995-10-06,1995-10-04,DELIVER IN PERSON,MAIL,quests. carefully bold deposi
56640-7,56640,64,15,7,32.00,30849.92,0.08,0.01,N,O,1995-11-13,1995-09-26,1995-12-12,COLLECT COD,REG AIR,eodolites sleep carefull
56641-1,56641,1966,11,1,1.00,1867.96,0.01,0.08,N,O,1996-06-09,1996-07-11,1996-06-19,COLLECT COD,REG AIR,ngly regular asymp
56641-2,56641,1019,55,2,39.00,35880.39,0.03,0.02,N,O,1996-05-09,1996-07-21,1996-05-19,NONE,RAIL,"even foxes sleep! final, bold packag"
56642-1,56642,54,30,1,43.00,41024.15,0.06,0.00,N,O,1996-04-03,1996-03-31,1996-04-17,TAKE BACK RETURN,FOB, quiet accounts alongside o
56642-2,56642,147,48,2,26.00,27225.64,0.02,0.05,N,O,1996-05-06,1996-04-15,1996-06-03,TAKE BACK RETURN,SHIP,theodolites doubt accor
56642-3,56642,1169,6,3,5.00,5350.80,0.01,0.03,N,O,1996-06-15,1996-04-17,1996-07-06,COLLECT COD,SHIP,requests haggle slyl
56642-4,56642,1684,8,4,44.00,69769.92,0.10,0.05,N,O,1996-06-07,1996-05-16,1996-06-30,DELIVER IN PERSON,FOB,rses. furiously regular requests hagg
56642-5,56642,474,4,5,35.00,48106.45,0.01,0.04,N,O,1996-06-16,1996-04-10,1996-07-10,COLLECT COD,MAIL,pendencies. boldly pendin
56642-6,56642,627,59,6,3.00,4582.86,0.04,0.01,N,O,1996-04-02,1996-04-16,1996-04-16,NONE,FOB,ts cajole. deposits above
56642-7,56642,1710,37,7,42.00,67691.82,0.07,0.00,N,O,1996-05-20,1996-05-14,1996-05-21,TAKE BACK RETURN,FOB,de of the spe
56643-1,56643,49,50,1,26.00,24675.04,0.02,0.07,A,F,1992-07-31,1992-07-05,1992-08-05,DELIVER IN PERSON,TRUCK, above the foxes haggle quickly after the 
56643-2,56643,1687,88,2,38.00,60369.84,0.04,0.03,A,F,1992-07-16,1992-06-14,1992-08-09,COLLECT COD,SHIP,he asymptotes. slyly
56643-3,56643,1135,8,3,42.00,43517.46,0.03,0.08,A,F,1992-07-13,1992-06-07,1992-07-18,NONE,RAIL,egular pinto be
56643-4,56643,1998,99,4,32.00,60799.68,0.01,0.04,R,F,1992-07-10,1992-07-17,1992-07-11,TAKE BACK RETURN,FOB,"s, unusual packag"
56643-5,56643,1861,91,5,31.00,54648.66,0.03,0.06,A,F,1992-06-07,1992-06-04,1992-06-09,DELIVER IN PERSON,REG AIR,special de
56643-6,56643,4,5,6,5.00,4520.00,0.09,0.02,R,F,1992-07-21,1992-06-07,1992-08-12,COLLECT COD,FOB," wake blithely. bold, ironic requests "
56644-1,56644,923,24,1,7.00,12767.44,0.01,0.01,R,F,1993-01-01,1993-01-21,1993-01-30,NONE,RAIL,the accounts
56644-2,56644,1908,97,2,16.00,28958.40,0.01,0.05,R,F,1993-03-08,1993-01-22,1993-03-12,NONE,FOB,sits. slyly unusual 
56644-3,56644,718,19,3,7.00,11330.97,0.01,0.08,A,F,1993-03-13,1993-02-24,1993-04-02,TAKE BACK RETURN,MAIL,le along the quickly final deposits. quic
56644-4,56644,1538,39,4,35.00,50383.55,0.05,0.05,A,F,1993-03-20,1993-02-13,1993-04-09,NONE,TRUCK,ges haggle qui
56644-5,56644,899,33,5,15.00,26998.35,0.10,0.01,R,F,1992-12-31,1993-01-08,1993-01-07,TAKE BACK RETURN,TRUCK,"l, thin foxes promise un"
56644-6,56644,1273,74,6,28.00,32879.56,0.10,0.05,R,F,1993-03-18,1993-01-31,1993-04-07,NONE,RAIL,lent reques
56644-7,56644,1530,31,7,41.00,58692.73,0.04,0.04,R,F,1993-03-25,1993-01-31,1993-04-21,COLLECT COD,MAIL,. fluffily regular sauternes 
56645-1,56645,737,38,1,25.00,40943.25,0.10,0.05,R,F,1992-03-19,1992-02-15,1992-04-08,NONE,FOB,usual gifts. ironic acco
56645-2,56645,547,48,2,3.00,4342.62,0.09,0.03,A,F,1992-03-18,1992-02-14,1992-04-07,NONE,FOB," promise furiously? regular, i"
56645-3,56645,567,28,3,50.00,73378.00,0.09,0.01,A,F,1992-03-12,1992-03-30,1992-04-10,NONE,FOB,the express dependencies. eve
56645-4,56645,945,46,4,47.00,86759.18,0.05,0.01,R,F,1992-02-11,1992-03-21,1992-03-02,NONE,SHIP,lly. quickly regular instructions among
56645-5,56645,753,86,5,50.00,82687.50,0.09,0.01,R,F,1992-04-19,1992-02-23,1992-05-18,COLLECT COD,REG AIR,"ross the ironic, unusual excus"
56645-6,56645,999,2,6,4.00,7599.96,0.05,0.05,A,F,1992-02-03,1992-02-09,1992-03-01,DELIVER IN PERSON,MAIL,pending grouches across the slyl
56646-1,56646,1386,87,1,45.00,57932.10,0.00,0.04,A,F,1993-08-07,1993-06-22,1993-09-03,COLLECT COD,RAIL,ccounts. fi
56646-2,56646,432,33,2,6.00,7994.58,0.05,0.07,A,F,1993-09-14,1993-07-19,1993-10-10,DELIVER IN PERSON,REG AIR,ly special pinto beans hag
56646-3,56646,1602,3,3,32.00,48115.20,0.09,0.06,A,F,1993-09-17,1993-07-24,1993-10-05,TAKE BACK RETURN,RAIL," hockey players boost. daring, iron"
56647-1,56647,1508,89,1,34.00,47923.00,0.10,0.08,N,O,1995-11-17,1995-10-27,1995-12-11,DELIVER IN PERSON,REG AIR,since the quickly bold instruc
56647-2,56647,141,42,2,23.00,23946.22,0.05,0.05,N,O,1995-08-30,1995-09-27,1995-09-18,COLLECT COD,RAIL,ounts. blithely expres
56672-1,56672,1967,12,1,43.00,80365.28,0.07,0.01,R,F,1992-06-30,1992-08-10,1992-07-16,DELIVER IN PERSON,RAIL,es boost slyly carefully
56672-2,56672,598,29,2,2.00,2997.18,0.07,0.00,A,F,1992-08-27,1992-07-14,1992-09-25,TAKE BACK RETURN,MAIL,egular theodolit
56672-3,56672,1454,33,3,44.00,59639.80,0.06,0.03,A,F,1992-05-19,1992-07-08,1992-05-22,COLLECT COD,FOB,eep quickly carefully unusual deposits. fl
56672-4,56672,1741,26,4,1.00,1642.74,0.07,0.01,R,F,1992-08-21,1992-08-09,1992-09-12,TAKE BACK RETURN,FOB, slyly express platele
56673-1,56673,1205,6,1,10.00,11062.00,0.06,0.03,R,F,1993-04-25,1993-04-10,1993-05-17,DELIVER IN PERSON,AIR,ptotes about the regular deposits 
56673-2,56673,1038,74,2,2.00,1878.06,0.01,0.04,A,F,1993-05-05,1993-02-23,1993-05-11,COLLECT COD,SHIP,ilent warthogs affix around the quickly
56673-3,56673,1451,52,3,34.00,45983.30,0.02,0.08,A,F,1993-02-20,1993-03-15,1993-03-22,DELIVER IN PERSON,AIR,egular pinto beans. fluf
56673-4,56673,11,87,4,23.00,20953.23,0.09,0.01,A,F,1993-02-22,1993-02-20,1993-03-07,DELIVER IN PERSON,SHIP,lly along the blithely regula
56674-1,56674,147,48,1,17.00,17801.38,0.01,0.03,A,F,1993-12-24,1993-11-21,1993-12-25,NONE,REG AIR,refully unusual ideas hang blithely. caref
56674-2,56674,1020,56,2,13.00,11973.26,0.08,0.08,A,F,1993-12-02,1993-12-06,1993-12-04,COLLECT COD,RAIL,s cajole. fur
56674-3,56674,548,79,3,44.00,63735.76,0.06,0.05,A,F,1993-12-28,1993-12-15,1994-01-03,DELIVER IN PERSON,TRUCK,aggle carefully ironic excuses. carefully
56674-4,56674,1053,24,4,21.00,20035.05,0.04,0.05,A,F,1993-10-28,1993-12-04,1993-11-17,COLLECT COD,AIR,"final requests among the regular, u"
56675-1,56675,385,86,1,15.00,19280.70,0.02,0.05,R,F,1992-03-24,1992-03-06,1992-04-22,TAKE BACK RETURN,AIR,slyly blithely ironic request
56675-2,56675,730,31,2,21.00,34245.33,0.01,0.02,R,F,1992-04-25,1992-02-13,1992-05-10,DELIVER IN PERSON,MAIL,mptotes sleep blithely above the care
56675-3,56675,288,89,3,46.00,54660.88,0.02,0.01,A,F,1992-03-08,1992-02-13,1992-03-15,TAKE BACK RETURN,RAIL,accounts. furious
56675-4,56675,1625,8,4,23.00,35112.26,0.03,0.04,R,F,1992-02-29,1992-02-25,1992-03-08,TAKE BACK RETURN,RAIL,"g to the express, even "
56676-1,56676,1183,84,1,19.00,20599.42,0.10,0.02,R,F,1992-12-06,1992-12-20,1993-01-03,TAKE BACK RETURN,SHIP,ully around the even accoun
56677-1,56677,828,28,1,38.00,65695.16,0.10,0.06,A,F,1994-05-26,1994-06-20,1994-06-19,NONE,MAIL,final deposits nag blithely fina
56677-2,56677,1532,13,2,9.00,12901.77,0.01,0.05,R,F,1994-05-20,1994-07-07,1994-05-26,NONE,TRUCK, among the requests wake 
56677-3,56677,1587,88,3,27.00,40191.66,0.08,0.05,A,F,1994-06-27,1994-06-12,1994-07-06,COLLECT COD,MAIL,grate carefully. qu
56678-1,56678,627,59,1,36.00,54994.32,0.05,0.06,N,O,1997-02-07,1997-01-26,1997-02-22,NONE,FOB,lyly unusual packages cajole blithely re
56678-2,56678,609,3,2,29.00,43778.40,0.02,0.07,N,O,1996-12-04,1997-01-18,1996-12-11,COLLECT COD,TRUCK,lithely furiously pending instructi
56678-3,56678,676,8,3,20.00,31533.40,0.03,0.06,N,O,1997-03-20,1997-01-08,1997-03-26,TAKE BACK RETURN,MAIL,s. furiously even request
56678-4,56678,1343,20,4,32.00,39818.88,0.04,0.03,N,O,1997-01-22,1997-01-21,1997-01-30,COLLECT COD,SHIP, beans. slyly bold packages dur
56678-5,56678,1757,100,5,45.00,74643.75,0.05,0.01,N,O,1997-03-15,1997-02-06,1997-03-27,TAKE BACK RETURN,AIR,"ily after the final deposits. final, steal"
56678-6,56678,603,97,6,31.00,46611.60,0.01,0.07,N,O,1996-12-09,1997-02-05,1996-12-28,COLLECT COD,REG AIR,regular asy
56678-7,56678,87,13,7,13.00,12832.04,0.07,0.04,N,O,1997-03-21,1997-02-04,1997-03-25,TAKE BACK RETURN,SHIP,unusual requests wake
56679-1,56679,599,90,1,17.00,25493.03,0.02,0.08,N,O,1997-09-06,1997-07-27,1997-09-28,DELIVER IN PERSON,REG AIR, inside the slyly pending dependenci
56679-2,56679,1713,14,2,42.00,67817.82,0.08,0.00,N,O,1997-08-13,1997-08-15,1997-08-31,COLLECT COD,AIR,y express deposits sleep around the fu
56679-3,56679,1191,64,3,33.00,36042.27,0.03,0.08,N,O,1997-07-27,1997-06-20,1997-07-31,TAKE BACK RETURN,AIR,lyly blithe
56679-4,56679,590,51,4,30.00,44717.70,0.05,0.04,N,O,1997-08-02,1997-08-03,1997-08-09,DELIVER IN PERSON,REG AIR,ans. packages sublate quick
56679-5,56679,1913,2,5,13.00,23593.83,0.08,0.01,N,O,1997-05-23,1997-07-28,1997-05-31,COLLECT COD,FOB,y special packages cajole slyly?
56679-6,56679,985,20,6,5.00,9429.90,0.10,0.04,N,O,1997-06-16,1997-07-19,1997-07-11,TAKE BACK RETURN,RAIL,hs cajole carefully. dolphins
56679-7,56679,1980,25,7,27.00,50813.46,0.02,0.02,N,O,1997-07-05,1997-08-09,1997-07-31,COLLECT COD,RAIL,ajole careful
56704-1,56704,623,24,1,29.00,44184.98,0.02,0.04,A,F,1992-11-19,1992-10-07,1992-12-13,TAKE BACK RETURN,RAIL,structions. asymptotes sleep caref
56704-2,56704,1112,13,2,31.00,31406.41,0.08,0.01,R,F,1992-10-16,1992-10-16,1992-11-08,NONE,AIR,", unusual gro"
56704-3,56704,788,89,3,33.00,55729.74,0.02,0.03,R,F,1992-10-19,1992-10-05,1992-10-26,DELIVER IN PERSON,MAIL, alongside of the e
56705-1,56705,647,48,1,34.00,52619.76,0.03,0.08,N,O,1997-04-18,1997-04-14,1997-04-26,COLLECT COD,REG AIR, sly accounts sleep accord
56705-2,56705,832,32,2,14.00,24259.62,0.02,0.00,N,O,1997-03-25,1997-04-16,1997-04-17,COLLECT COD,FOB, carefully special ideas above the 
56705-3,56705,654,55,3,15.00,23319.75,0.06,0.05,N,O,1997-02-04,1997-03-30,1997-02-06,NONE,AIR, even foxes? furiously final foxes
56705-4,56705,1893,80,4,34.00,61026.26,0.06,0.08,N,O,1997-03-08,1997-04-06,1997-04-05,TAKE BACK RETURN,TRUCK,s-- fluffily silent accounts haggle 
56705-5,56705,432,20,5,43.00,57294.49,0.01,0.07,N,O,1997-05-12,1997-04-24,1997-05-24,COLLECT COD,REG AIR,gular accounts. 
56705-6,56705,426,14,6,44.00,58362.48,0.00,0.00,N,O,1997-03-20,1997-04-25,1997-03-22,COLLECT COD,FOB,refully even accoun
56706-1,56706,149,2,1,16.00,16786.24,0.01,0.03,R,F,1995-03-04,1995-01-22,1995-03-25,TAKE BACK RETURN,MAIL,tions. even asymptot
56706-2,56706,1049,20,2,23.00,21850.92,0.07,0.00,R,F,1994-12-09,1995-02-01,1995-01-02,DELIVER IN PERSON,FOB,"around the bold, "
56706-3,56706,1285,60,3,37.00,43892.36,0.01,0.06,R,F,1995-01-16,1995-01-12,1995-02-07,DELIVER IN PERSON,REG AIR,er the deposits a
56706-4,56706,1278,79,4,24.00,28302.48,0.03,0.07,R,F,1995-01-14,1995-01-21,1995-01-24,TAKE BACK RETURN,SHIP,ic pains det
56706-5,56706,1735,36,5,32.00,52375.36,0.02,0.01,R,F,1994-11-18,1995-02-01,1994-12-09,TAKE BACK RETURN,REG AIR,al packages detect slyly unusual excuses. 
56706-6,56706,453,54,6,10.00,13534.50,0.09,0.00,A,F,1994-12-12,1995-01-11,1994-12-28,DELIVER IN PERSON,REG AIR,ss accounts 
56707-1,56707,266,67,1,10.00,11662.60,0.03,0.05,A,F,1993-03-23,1993-02-09,1993-04-16,NONE,TRUCK,telets lose about the 
56707-2,56707,1154,27,2,42.00,44316.30,0.04,0.08,A,F,1993-03-23,1993-03-06,1993-03-25,NONE,FOB,encies. deposits use c
56707-3,56707,363,92,3,43.00,54324.48,0.03,0.08,A,F,1993-04-01,1993-03-17,1993-04-02,NONE,RAIL," final, pending depo"
56707-4,56707,1173,82,4,26.00,27928.42,0.00,0.04,R,F,1993-02-10,1993-02-15,1993-02-18,DELIVER IN PERSON,SHIP,ts. bravely unusual requests cajole flu
56707-5,56707,1267,5,5,35.00,40889.10,0.01,0.00,A,F,1993-01-16,1993-02-04,1993-02-07,TAKE BACK RETURN,AIR,s dazzle above the 
56707-6,56707,948,17,6,13.00,24036.22,0.06,0.01,A,F,1992-12-31,1993-03-15,1993-01-30,NONE,RAIL, blithely silent theod
56708-1,56708,1014,50,1,9.00,8235.09,0.08,0.00,R,F,1992-12-30,1993-01-16,1993-01-06,NONE,RAIL,ly special instruct
56708-2,56708,1533,34,2,1.00,1434.53,0.05,0.00,A,F,1993-02-18,1993-01-25,1993-02-28,COLLECT COD,RAIL, wake carefully reques
56708-3,56708,315,44,3,31.00,37674.61,0.07,0.03,A,F,1992-12-30,1993-01-06,1993-01-05,TAKE BACK RETURN,MAIL,y final platelets are. never regular d
56708-4,56708,1439,57,4,48.00,64340.64,0.09,0.00,R,F,1993-03-01,1993-01-24,1993-03-03,COLLECT COD,RAIL,pending packages ha
56708-5,56708,617,49,5,11.00,16693.71,0.09,0.07,R,F,1993-03-23,1993-01-08,1993-03-24,NONE,TRUCK,yly express f
56708-6,56708,225,26,6,46.00,51760.12,0.07,0.04,R,F,1993-01-17,1993-02-22,1993-02-06,DELIVER IN PERSON,SHIP, detect fluffily. slyly
56708-7,56708,442,43,7,30.00,40273.20,0.09,0.06,R,F,1993-04-03,1993-02-16,1993-05-01,DELIVER IN PERSON,REG AIR,nts? carefully even packages hagg
56709-1,56709,985,54,1,34.00,64123.32,0.00,0.04,N,O,1997-05-05,1997-05-17,1997-05-18,NONE,TRUCK,final accounts. silent ideas b
56709-2,56709,266,67,2,26.00,30322.76,0.01,0.07,N,O,1997-06-19,1997-05-21,1997-07-12,DELIVER IN PERSON,TRUCK, requests. ideas are quickly
56709-3,56709,398,99,3,43.00,55830.77,0.10,0.05,N,O,1997-07-27,1997-06-18,1997-08-18,NONE,SHIP,"s the pending, "
56710-1,56710,1339,54,1,47.00,58295.51,0.00,0.08,A,F,1993-06-16,1993-07-02,1993-06-23,COLLECT COD,TRUCK,xpress excuses use busily unusual packa
56710-2,56710,1036,42,2,11.00,10307.33,0.03,0.03,R,F,1993-08-08,1993-06-19,1993-08-18,TAKE BACK RETURN,REG AIR,ar dependencies haggle. quickly final depo
56710-3,56710,379,36,3,46.00,58851.02,0.08,0.03,R,F,1993-07-19,1993-06-25,1993-07-22,TAKE BACK RETURN,REG AIR,ording to the regula
56710-4,56710,833,34,4,16.00,27741.28,0.04,0.08,R,F,1993-07-24,1993-07-03,1993-08-18,NONE,REG AIR,posits use. furiously regular dep
56710-5,56710,1130,67,5,49.00,50525.37,0.00,0.00,A,F,1993-05-23,1993-07-30,1993-05-28,DELIVER IN PERSON,TRUCK, quickly regular pinto beans. ste
56710-6,56710,842,9,6,31.00,54028.04,0.04,0.06,A,F,1993-08-22,1993-06-19,1993-08-28,COLLECT COD,TRUCK,hely fluffily silent deposits. f
56711-1,56711,1082,53,1,20.00,19661.60,0.09,0.04,R,F,1995-05-09,1995-05-03,1995-05-21,TAKE BACK RETURN,RAIL,lphins. slyly ev
56711-2,56711,274,56,2,18.00,21136.86,0.01,0.08,R,F,1995-05-28,1995-04-03,1995-06-12,DELIVER IN PERSON,RAIL,t the regular d
56711-3,56711,807,8,3,16.00,27324.80,0.07,0.08,R,F,1995-02-14,1995-03-14,1995-03-09,COLLECT COD,FOB,es nag against the carefully pending dep
56711-4,56711,1244,45,4,41.00,46954.84,0.07,0.04,R,F,1995-03-12,1995-04-02,1995-03-29,COLLECT COD,REG AIR,"dencies. regular, regular ideas subla"
56736-1,56736,1462,63,1,16.00,21815.36,0.02,0.08,N,O,1998-03-28,1998-03-26,1998-03-31,COLLECT COD,AIR,c theodolites mold fluffily above the
56736-2,56736,297,79,2,41.00,49088.89,0.09,0.02,N,O,1998-02-28,1998-03-21,1998-03-06,TAKE BACK RETURN,MAIL,pinto beans. final ac
56736-3,56736,367,68,3,31.00,39288.16,0.02,0.02,N,O,1998-04-21,1998-03-09,1998-05-12,TAKE BACK RETURN,MAIL,haggle final deposit
56736-4,56736,231,32,4,18.00,20362.14,0.07,0.06,N,O,1998-01-25,1998-04-03,1998-01-27,TAKE BACK RETURN,MAIL,t the regul
56736-5,56736,1045,16,5,17.00,16082.68,0.02,0.05,N,O,1998-04-28,1998-03-13,1998-05-17,DELIVER IN PERSON,SHIP,ar deposits boost slyly alo
56737-1,56737,1282,94,1,2.00,2366.56,0.08,0.07,N,O,1997-08-19,1997-07-14,1997-09-15,NONE,TRUCK,s instructions n
56737-2,56737,915,16,2,29.00,52661.39,0.00,0.02,N,O,1997-06-28,1997-06-28,1997-06-30,DELIVER IN PERSON,FOB,carefully even pearls wake carefully 
56737-3,56737,617,49,3,13.00,19728.93,0.05,0.06,N,O,1997-05-25,1997-08-03,1997-06-15,DELIVER IN PERSON,SHIP,s ideas boost abo
56737-4,56737,709,10,4,18.00,28974.60,0.06,0.06,N,O,1997-08-08,1997-07-14,1997-09-06,NONE,SHIP,s. bold excuses wake furiously. blithely s
56737-5,56737,1303,4,5,3.00,3612.90,0.10,0.04,N,O,1997-05-11,1997-08-02,1997-06-07,NONE,FOB,"onic, even packag"
56737-6,56737,47,48,6,31.00,29358.24,0.03,0.06,N,O,1997-07-15,1997-07-28,1997-08-11,DELIVER IN PERSON,REG AIR, the regular d
56738-1,56738,1275,76,1,48.00,56460.96,0.02,0.04,N,O,1996-06-25,1996-05-31,1996-07-10,NONE,SHIP,ly express dependenci
56738-2,56738,694,26,2,10.00,15946.90,0.03,0.02,N,O,1996-08-07,1996-06-15,1996-09-02,COLLECT COD,FOB,nts sleep slyly across the silent package
56738-3,56738,1579,80,3,50.00,74028.50,0.07,0.00,N,O,1996-06-14,1996-06-16,1996-07-01,TAKE BACK RETURN,FOB,lithely regular deposit
56738-4,56738,1828,58,4,14.00,24217.48,0.02,0.00,N,O,1996-06-30,1996-05-13,1996-07-07,TAKE BACK RETURN,REG AIR,iously pending platelets. carefully final
56738-5,56738,220,2,5,9.00,10081.98,0.05,0.01,N,O,1996-04-11,1996-05-29,1996-05-07,NONE,TRUCK,ly regular requests haggle carefully slyly
56739-1,56739,1720,5,1,50.00,81086.00,0.06,0.05,A,F,1993-04-19,1993-06-28,1993-05-07,TAKE BACK RETURN,SHIP,"ironic, unusual braids."
56739-2,56739,1089,90,2,13.00,12871.04,0.09,0.03,A,F,1993-05-06,1993-05-26,1993-05-26,NONE,MAIL,integrate quickly according to the bli
56739-3,56739,88,89,3,22.00,21737.76,0.02,0.06,R,F,1993-05-26,1993-05-31,1993-06-10,NONE,SHIP, foxes believe
56739-4,56739,850,84,4,16.00,28013.60,0.05,0.06,R,F,1993-04-23,1993-07-07,1993-05-11,DELIVER IN PERSON,SHIP,r instructions. fluff
56739-5,56739,1204,5,5,38.00,41997.60,0.08,0.07,R,F,1993-04-22,1993-06-03,1993-05-10,TAKE BACK RETURN,MAIL,sly bold theodolites sl
56740-1,56740,455,85,1,5.00,6777.25,0.06,0.07,R,F,1993-01-23,1992-11-17,1993-01-25,NONE,TRUCK,"he special, regular instructi"
56740-2,56740,1428,29,2,37.00,49188.54,0.09,0.08,A,F,1992-12-23,1992-12-16,1992-12-30,TAKE BACK RETURN,SHIP, the furiously expr
56740-3,56740,1084,85,3,9.00,8865.72,0.10,0.01,A,F,1992-10-27,1992-11-30,1992-11-05,TAKE BACK RETURN,REG AIR,ar requests are furiously pending pa
56741-1,56741,429,59,1,29.00,38553.18,0.10,0.08,N,O,1997-06-20,1997-05-10,1997-07-19,COLLECT COD,REG AIR,"he regular, even a"
56741-2,56741,957,58,2,18.00,33443.10,0.05,0.05,N,O,1997-06-29,1997-06-04,1997-07-15,COLLECT COD,TRUCK,l packages among the sometimes ironic dinos
56742-1,56742,61,37,1,21.00,20182.26,0.09,0.08,N,O,1996-10-01,1996-10-27,1996-10-20,DELIVER IN PERSON,FOB,uctions across the furiously sp
56742-2,56742,1187,96,2,23.00,25028.14,0.03,0.08,N,O,1996-11-02,1996-12-04,1996-11-24,COLLECT COD,REG AIR,fluffily. ironic deposits use carefull
56742-3,56742,128,29,3,41.00,42152.92,0.06,0.00,N,O,1996-11-16,1996-11-15,1996-12-15,COLLECT COD,FOB,platelets use a
56743-1,56743,1106,15,1,50.00,50355.00,0.07,0.04,N,O,1995-06-25,1995-09-01,1995-07-19,DELIVER IN PERSON,SHIP,ole furiously. fluffily silent 
56743-2,56743,739,4,2,25.00,40993.25,0.07,0.00,N,O,1995-07-14,1995-08-06,1995-08-04,TAKE BACK RETURN,REG AIR,"r, final packages. quic"
56743-3,56743,271,53,3,37.00,43336.99,0.06,0.07,N,O,1995-07-27,1995-08-28,1995-08-24,DELIVER IN PERSON,AIR,ctions are carefully slyly 
56743-4,56743,447,77,4,30.00,40423.20,0.03,0.06,N,O,1995-07-27,1995-09-19,1995-08-24,TAKE BACK RETURN,TRUCK,y pending requests sleep along th
56743-5,56743,1597,78,5,8.00,11988.72,0.02,0.07,N,O,1995-09-13,1995-09-09,1995-09-20,COLLECT COD,SHIP,use quickly again
56743-6,56743,333,18,6,19.00,23433.27,0.01,0.02,N,O,1995-07-27,1995-09-19,1995-08-19,DELIVER IN PERSON,REG AIR,inal requests cajole fluffily pendin
56743-7,56743,1758,43,7,43.00,71369.25,0.05,0.06,N,O,1995-06-29,1995-08-12,1995-07-05,DELIVER IN PERSON,SHIP,"usly. foxes are. final, silent fo"
56768-1,56768,399,100,1,15.00,19490.85,0.10,0.04,N,O,1995-10-10,1995-09-14,1995-10-17,DELIVER IN PERSON,REG AIR,ies. fluffily even dolphins
56768-2,56768,1245,57,2,45.00,51580.80,0.07,0.03,N,O,1995-09-08,1995-10-21,1995-09-27,DELIVER IN PERSON,RAIL,sleep quickly against the sly
56768-3,56768,252,34,3,5.00,5761.25,0.03,0.07,N,O,1995-10-25,1995-08-31,1995-11-10,COLLECT COD,REG AIR,nic accounts sleep alongsi
56769-1,56769,1090,26,1,34.00,33697.06,0.04,0.00,A,F,1993-12-24,1994-01-30,1994-01-05,COLLECT COD,MAIL, fluffily iron
56769-2,56769,1965,54,2,6.00,11201.76,0.10,0.06,R,F,1994-03-15,1994-01-20,1994-04-07,TAKE BACK RETURN,AIR,oggedly. silent
56770-1,56770,1972,17,1,8.00,14991.76,0.06,0.07,N,O,1997-11-11,1997-12-18,1997-11-30,COLLECT COD,AIR,ns. blithely final excuses use 
56770-2,56770,1002,3,2,42.00,37926.00,0.07,0.01,N,O,1997-11-19,1998-01-08,1997-11-26,TAKE BACK RETURN,MAIL,uffily final pinto beans wake bold pinto b
56770-3,56770,207,89,3,4.00,4428.80,0.02,0.08,N,O,1997-11-20,1997-12-15,1997-11-29,NONE,MAIL,ests. quickly even asymp
56770-4,56770,8,84,4,44.00,39952.00,0.04,0.06,N,O,1997-12-13,1998-01-04,1997-12-26,COLLECT COD,REG AIR,ronic accounts detect. regular ideas sleep 
56770-5,56770,1528,29,5,18.00,25731.36,0.03,0.03,N,O,1997-11-03,1998-01-08,1997-11-23,NONE,RAIL,beans. special requ
56770-6,56770,1301,16,6,31.00,37271.30,0.07,0.01,N,O,1998-02-12,1997-12-20,1998-02-24,TAKE BACK RETURN,FOB,ing somas. carefully regular requ
56771-1,56771,383,68,1,8.00,10267.04,0.06,0.02,N,O,1997-06-24,1997-05-07,1997-07-14,COLLECT COD,SHIP, regularly express requests. reque
56771-2,56771,1588,89,2,50.00,74479.00,0.00,0.03,N,O,1997-04-14,1997-04-23,1997-04-30,DELIVER IN PERSON,TRUCK, special somas wake 
56771-3,56771,1784,69,3,21.00,35401.38,0.10,0.02,N,O,1997-06-14,1997-06-10,1997-06-21,COLLECT COD,FOB,ide of the furiously ironic requests mold
56772-1,56772,1946,35,1,16.00,29567.04,0.01,0.04,R,F,1993-04-27,1993-03-26,1993-05-16,COLLECT COD,REG AIR,jole quickly according to the package
56772-2,56772,1724,67,2,38.00,61777.36,0.09,0.07,A,F,1993-03-15,1993-04-06,1993-03-27,TAKE BACK RETURN,FOB,kly ironic accounts wak
56772-3,56772,949,50,3,33.00,61048.02,0.10,0.00,A,F,1993-03-13,1993-02-14,1993-04-01,TAKE BACK RETURN,AIR,xcuses are
56772-4,56772,1900,1,4,48.00,86491.20,0.08,0.06,R,F,1993-03-12,1993-04-13,1993-04-10,TAKE BACK RETURN,TRUCK,of the permanent theodolites wak
56772-5,56772,1969,58,5,30.00,56128.80,0.07,0.03,A,F,1993-03-22,1993-03-15,1993-04-01,COLLECT COD,TRUCK,e furiously above the 
56772-6,56772,117,18,6,11.00,11188.21,0.06,0.04,R,F,1993-03-24,1993-03-18,1993-04-10,TAKE BACK RETURN,MAIL,he slyly even dolphins. slyly silent es
56772-7,56772,1899,86,7,35.00,63031.15,0.04,0.03,A,F,1993-03-04,1993-03-22,1993-03-08,NONE,RAIL,ding plate
56773-1,56773,341,70,1,30.00,37240.20,0.09,0.01,R,F,1993-01-21,1992-12-24,1993-01-29,DELIVER IN PERSON,SHIP,blithely ironic dinos haggle: blithely
56773-2,56773,1402,81,2,18.00,23461.20,0.01,0.01,R,F,1992-11-10,1993-01-01,1992-12-07,NONE,TRUCK,jole slyly against the quickly slow reques
56774-1,56774,1630,13,1,9.00,13784.67,0.06,0.07,N,O,1997-01-28,1997-02-24,1997-02-12,COLLECT COD,AIR,ake quickly express
56774-2,56774,422,52,2,44.00,58186.48,0.06,0.07,N,O,1997-01-03,1997-01-15,1997-01-24,NONE,RAIL,y quickly reg
56774-3,56774,1946,79,3,18.00,33262.92,0.04,0.08,N,O,1996-12-08,1997-01-15,1996-12-28,TAKE BACK RETURN,REG AIR, deposits. quickly eve
56774-4,56774,124,25,4,38.00,38916.56,0.04,0.04,N,O,1997-02-05,1997-01-23,1997-02-11,COLLECT COD,MAIL,tes breach around the blithely regular d
56774-5,56774,724,57,5,27.00,43867.44,0.03,0.04,N,O,1997-03-10,1997-02-20,1997-03-23,DELIVER IN PERSON,AIR,"g accounts sleep. express, iron"
56774-6,56774,1178,79,6,2.00,2158.34,0.06,0.05,N,O,1997-02-18,1997-01-21,1997-03-15,TAKE BACK RETURN,FOB,packages sleep blithely bli
56774-7,56774,1216,91,7,35.00,39102.35,0.05,0.01,N,O,1997-01-19,1997-02-08,1997-02-05,COLLECT COD,SHIP, unusual foxes alongside of the brav
56775-1,56775,1768,69,1,25.00,41744.00,0.00,0.02,A,F,1995-02-05,1994-11-24,1995-02-06,COLLECT COD,AIR, haggle furiously alongside of the q
56800-1,56800,989,92,1,11.00,20789.78,0.01,0.06,R,F,1993-05-17,1993-04-14,1993-05-21,NONE,TRUCK,ts mold. f
56800-2,56800,322,51,2,14.00,17112.48,0.09,0.02,R,F,1993-04-01,1993-03-07,1993-04-11,TAKE BACK RETURN,FOB,carefully fluffy packages: pend
56800-3,56800,1318,57,3,45.00,54868.95,0.03,0.06,A,F,1993-04-03,1993-04-29,1993-04-13,COLLECT COD,SHIP,gular accounts. quic
56800-4,56800,839,40,4,42.00,73072.86,0.04,0.01,A,F,1993-05-19,1993-03-05,1993-05-30,NONE,RAIL,special requests against the final ins
56800-5,56800,1966,67,5,38.00,70982.48,0.00,0.03,R,F,1993-04-22,1993-03-20,1993-05-11,DELIVER IN PERSON,TRUCK,rding to the bold ideas. ideas sleep 
56800-6,56800,1092,98,6,11.00,10923.99,0.05,0.01,A,F,1993-04-02,1993-03-30,1993-04-04,TAKE BACK RETURN,SHIP, breach around the slyly unu
56801-1,56801,823,24,1,7.00,12066.74,0.03,0.05,N,O,1996-04-22,1996-05-24,1996-05-18,DELIVER IN PERSON,REG AIR, blithely express packages slee
56801-2,56801,43,94,2,13.00,12259.52,0.10,0.05,N,O,1996-06-07,1996-06-19,1996-06-13,DELIVER IN PERSON,SHIP,lly slyly f
56801-3,56801,571,72,3,50.00,73578.50,0.08,0.07,N,O,1996-06-14,1996-05-01,1996-07-06,COLLECT COD,AIR, blithely regular asymptotes against 
56801-4,56801,922,23,4,15.00,27343.80,0.00,0.08,N,O,1996-04-11,1996-06-13,1996-04-26,COLLECT COD,MAIL,he final foxes haggle quic
56801-5,56801,893,27,5,37.00,66373.93,0.02,0.02,N,O,1996-03-26,1996-05-09,1996-04-17,COLLECT COD,RAIL,bold dinos. b
56801-6,56801,1304,5,6,23.00,27721.90,0.09,0.06,N,O,1996-05-27,1996-06-09,1996-06-01,COLLECT COD,FOB,s against the 
56801-7,56801,56,82,7,26.00,24857.30,0.05,0.03,N,O,1996-06-23,1996-06-11,1996-07-01,TAKE BACK RETURN,REG AIR,y silent accounts according to the even
56802-1,56802,595,26,1,43.00,64310.37,0.02,0.02,A,F,1992-09-26,1992-08-08,1992-09-28,NONE,FOB, according to the slyly final foxes. i
56802-2,56802,234,16,2,31.00,35161.13,0.02,0.05,R,F,1992-06-05,1992-07-08,1992-06-30,COLLECT COD,MAIL,lites detect ca
56802-3,56802,1821,8,3,32.00,55130.24,0.00,0.03,A,F,1992-07-12,1992-08-28,1992-08-06,NONE,REG AIR,ges. slyly regular i
56803-1,56803,469,57,1,41.00,56147.86,0.10,0.08,A,F,1995-02-13,1995-01-31,1995-02-26,NONE,TRUCK,. furiously ironic ins
56803-2,56803,767,32,2,31.00,51700.56,0.04,0.05,R,F,1995-03-31,1995-02-27,1995-04-24,DELIVER IN PERSON,FOB,osits wake final instructions. blithely
56803-3,56803,1039,40,3,17.00,15980.51,0.01,0.02,A,F,1995-02-28,1995-01-18,1995-03-20,COLLECT COD,REG AIR,s are bold 
56803-4,56803,1548,29,4,47.00,68128.38,0.06,0.03,R,F,1995-01-08,1995-01-19,1995-01-23,TAKE BACK RETURN,SHIP,al packages-- f
56803-5,56803,730,95,5,29.00,47291.17,0.05,0.05,A,F,1995-01-26,1995-01-31,1995-02-08,TAKE BACK RETURN,MAIL, requests above the fluffily final
56803-6,56803,322,51,6,31.00,37891.92,0.04,0.04,R,F,1994-12-15,1995-02-13,1995-01-14,COLLECT COD,SHIP, requests against
56803-7,56803,1982,27,7,9.00,16955.82,0.09,0.05,R,F,1995-02-06,1995-02-22,1995-02-16,COLLECT COD,TRUCK,among the fina
56804-1,56804,264,92,1,7.00,8149.82,0.05,0.04,N,O,1995-06-26,1995-05-24,1995-07-05,DELIVER IN PERSON,RAIL,accounts. expr
56804-2,56804,611,5,2,38.00,57441.18,0.10,0.05,A,F,1995-05-21,1995-05-13,1995-06-16,COLLECT COD,MAIL,kly regular courts nag blith
56804-3,56804,1109,46,3,32.00,32323.20,0.00,0.03,R,F,1995-03-31,1995-05-08,1995-04-27,COLLECT COD,FOB, even requ
56804-4,56804,165,18,4,36.00,38345.76,0.05,0.08,A,F,1995-05-20,1995-06-26,1995-05-29,NONE,TRUCK,instructions run: eve
56804-5,56804,890,57,5,13.00,23281.57,0.09,0.07,R,F,1995-05-27,1995-05-16,1995-05-29,TAKE BACK RETURN,RAIL,ully according to the carefully f
56804-6,56804,321,78,6,27.00,32975.64,0.00,0.06,R,F,1995-05-17,1995-05-05,1995-05-23,DELIVER IN PERSON,AIR,riously regu
56805-1,56805,1625,26,1,42.00,64118.04,0.04,0.07,A,F,1992-07-14,1992-07-17,1992-07-15,COLLECT COD,RAIL,riously silent deposit
56805-2,56805,1412,13,2,45.00,59103.45,0.01,0.02,A,F,1992-06-24,1992-08-24,1992-07-18,TAKE BACK RETURN,SHIP,ously unusual request
56805-3,56805,1896,97,3,45.00,80905.05,0.02,0.05,R,F,1992-08-18,1992-08-06,1992-08-28,NONE,MAIL, packages. carefully 
56805-4,56805,835,2,4,38.00,65961.54,0.04,0.03,R,F,1992-08-17,1992-08-30,1992-09-05,NONE,MAIL,ounts run blithely. carefu
56806-1,56806,1491,31,1,41.00,57092.09,0.04,0.06,N,O,1997-11-29,1998-01-10,1997-11-30,TAKE BACK RETURN,RAIL,ly ironic ideas. express foxes w
56806-2,56806,499,29,2,19.00,26590.31,0.03,0.05,N,O,1998-01-08,1997-12-01,1998-01-18,COLLECT COD,MAIL,mptotes detect. closely rut
56807-1,56807,1541,82,1,3.00,4327.62,0.03,0.08,R,F,1994-05-17,1994-07-21,1994-06-16,DELIVER IN PERSON,TRUCK,ar pinto beans about 
56807-2,56807,762,59,2,42.00,69835.92,0.10,0.02,R,F,1994-07-10,1994-06-27,1994-07-16,NONE,TRUCK,lets. slyly final deposits are carefully
56807-3,56807,1584,65,3,16.00,23769.28,0.04,0.01,R,F,1994-05-15,1994-06-27,1994-06-01,NONE,AIR,regular depo
56832-1,56832,601,33,1,48.00,72076.80,0.06,0.07,N,O,1997-05-21,1997-05-10,1997-05-24,COLLECT COD,TRUCK,ckages. even pac
56832-2,56832,1670,71,2,35.00,55008.45,0.04,0.00,N,O,1997-05-25,1997-03-31,1997-06-13,COLLECT COD,AIR,"sual packages haggle slyly express, "
56832-3,56832,915,50,3,20.00,36318.20,0.02,0.03,N,O,1997-05-26,1997-04-10,1997-06-06,TAKE BACK RETURN,FOB,ously ironic courts use regularl
56833-1,56833,615,9,1,8.00,12124.88,0.06,0.01,R,F,1994-10-29,1994-11-24,1994-10-31,TAKE BACK RETURN,RAIL," the regular, eve"
56833-2,56833,1436,37,2,23.00,30760.89,0.07,0.00,R,F,1994-09-12,1994-11-23,1994-09-30,NONE,MAIL,fully final accounts wake sly
56833-3,56833,1693,76,3,19.00,30299.11,0.00,0.01,R,F,1994-10-22,1994-11-26,1994-11-15,DELIVER IN PERSON,RAIL,fter the furiously ironic accounts; r
56833-4,56833,196,23,4,20.00,21923.80,0.00,0.08,R,F,1994-09-26,1994-11-14,1994-10-02,TAKE BACK RETURN,RAIL,olites detect
56833-5,56833,489,48,5,50.00,69474.00,0.07,0.01,R,F,1994-12-06,1994-10-14,1994-12-11,TAKE BACK RETURN,MAIL,old instru
56834-1,56834,837,4,1,20.00,34756.60,0.05,0.06,N,O,1995-07-21,1995-06-17,1995-08-09,NONE,SHIP,ests. furiously even requests c
56834-2,56834,1998,99,2,25.00,47499.75,0.03,0.06,N,O,1995-07-20,1995-06-16,1995-07-28,NONE,TRUCK,cing accounts u
56834-3,56834,730,63,3,12.00,19568.76,0.05,0.07,A,F,1995-05-22,1995-06-17,1995-06-14,DELIVER IN PERSON,MAIL,uriously bus
56834-4,56834,1066,72,4,44.00,42550.64,0.06,0.00,N,O,1995-08-16,1995-07-14,1995-09-11,COLLECT COD,SHIP,ly regular packages bo
56835-1,56835,1290,2,1,12.00,14295.48,0.07,0.07,R,F,1993-03-09,1993-04-10,1993-04-04,DELIVER IN PERSON,AIR,e of the fu
56835-2,56835,615,9,2,37.00,56077.57,0.03,0.02,R,F,1993-05-12,1993-04-13,1993-06-07,TAKE BACK RETURN,AIR,arefully silent deposits cajole furio
56835-3,56835,1422,23,3,41.00,54260.22,0.10,0.05,A,F,1993-03-22,1993-04-03,1993-04-04,DELIVER IN PERSON,TRUCK,es wake until the care
56835-4,56835,1990,23,4,16.00,30271.84,0.00,0.06,A,F,1993-04-17,1993-04-27,1993-05-09,NONE,RAIL,usly unusual deposi
56835-5,56835,383,40,5,11.00,14117.18,0.06,0.00,R,F,1993-03-12,1993-05-03,1993-03-18,TAKE BACK RETURN,TRUCK,"ully regular platelets. regular, unusual"
56836-1,56836,810,77,1,30.00,51324.30,0.00,0.07,N,O,1996-10-22,1996-11-07,1996-10-30,TAKE BACK RETURN,RAIL, furiously even pinto bea
56836-2,56836,710,75,2,9.00,14496.39,0.04,0.01,N,O,1996-11-19,1996-11-03,1996-12-11,COLLECT COD,AIR,"ironic packages cajole bold, "
56836-3,56836,1934,79,3,49.00,89960.57,0.03,0.00,N,O,1996-10-02,1996-10-16,1996-10-25,COLLECT COD,FOB,ithely even excuses ha
56836-4,56836,297,79,4,40.00,47891.60,0.09,0.07,N,O,1996-11-28,1996-11-12,1996-12-01,TAKE BACK RETURN,FOB,ets use slyly about the carefu
56836-5,56836,1032,33,5,47.00,43852.41,0.08,0.01,N,O,1996-10-06,1996-10-30,1996-10-23,NONE,MAIL,jole quickly. final packages wake accord
56837-1,56837,1447,26,1,13.00,17529.72,0.05,0.03,R,F,1993-12-27,1994-01-22,1994-01-24,COLLECT COD,TRUCK,thely. bli
56837-2,56837,407,66,2,21.00,27455.40,0.06,0.03,A,F,1994-03-08,1994-02-02,1994-03-13,TAKE BACK RETURN,MAIL, furiously.
56837-3,56837,1566,67,3,14.00,20545.84,0.09,0.08,R,F,1994-04-08,1994-01-28,1994-05-04,DELIVER IN PERSON,RAIL, theodolites. furiousl
56838-1,56838,702,35,1,7.00,11218.90,0.06,0.04,N,O,1995-09-30,1995-10-07,1995-10-09,TAKE BACK RETURN,RAIL,sits sleep. even pinto beans doze slyly
56838-2,56838,962,63,2,47.00,87559.12,0.10,0.01,N,O,1995-08-01,1995-09-29,1995-08-05,NONE,TRUCK,ogged dinos. fluffil
56839-1,56839,322,23,1,39.00,47670.48,0.08,0.06,N,O,1998-01-15,1997-12-16,1998-02-11,DELIVER IN PERSON,REG AIR,packages. unusual package
56839-2,56839,823,90,2,38.00,65505.16,0.02,0.03,N,O,1998-02-17,1998-01-18,1998-02-24,TAKE BACK RETURN,REG AIR,sly regular packages poach. blithely ev
56839-3,56839,766,67,3,2.00,3333.52,0.07,0.04,N,O,1998-01-16,1998-01-27,1998-02-03,NONE,MAIL, express package
56864-1,56864,440,28,1,8.00,10723.52,0.05,0.03,N,O,1997-08-29,1997-10-27,1997-09-06,NONE,MAIL," final packages. pending, iron"
56864-2,56864,183,10,2,18.00,19497.24,0.10,0.00,N,O,1997-08-16,1997-10-11,1997-08-29,COLLECT COD,MAIL,ies boost? furiously p
56864-3,56864,1545,46,3,28.00,40503.12,0.05,0.05,N,O,1997-11-25,1997-09-11,1997-12-22,NONE,REG AIR,al deposits run against the regul
56864-4,56864,729,30,4,15.00,24445.80,0.02,0.06,N,O,1997-10-17,1997-10-10,1997-10-21,DELIVER IN PERSON,MAIL,ss deposits nag slyly according
56865-1,56865,243,98,1,46.00,52589.04,0.10,0.00,N,O,1997-08-04,1997-06-21,1997-08-23,DELIVER IN PERSON,MAIL,s? special accounts
56865-2,56865,173,26,2,11.00,11804.87,0.07,0.01,N,O,1997-08-13,1997-05-21,1997-08-31,DELIVER IN PERSON,FOB, around the blithely ironic
56865-3,56865,1816,60,3,23.00,39509.63,0.01,0.03,N,O,1997-07-29,1997-06-30,1997-08-22,NONE,RAIL,s haggle. final platelets according t
56865-4,56865,1294,6,4,46.00,54983.34,0.08,0.01,N,O,1997-05-15,1997-06-06,1997-05-24,TAKE BACK RETURN,RAIL,nis alongside of the blithely
56866-1,56866,815,15,1,23.00,39463.63,0.02,0.01,N,O,1997-12-15,1998-02-21,1997-12-27,NONE,RAIL,sly bold accounts. blithely regula
56866-2,56866,1311,26,2,46.00,55766.26,0.00,0.05,N,O,1998-03-08,1998-02-10,1998-04-05,NONE,MAIL,l packages affix 
56866-3,56866,223,5,3,15.00,16848.30,0.06,0.08,N,O,1998-01-26,1998-02-12,1998-02-23,DELIVER IN PERSON,SHIP,fluffy grouches above the caref
56866-4,56866,86,37,4,9.00,8874.72,0.10,0.01,N,O,1998-01-26,1998-03-08,1998-02-12,COLLECT COD,MAIL,es. bold pa
56866-5,56866,1138,39,5,50.00,51956.50,0.00,0.00,N,O,1998-04-02,1998-03-02,1998-04-22,TAKE BACK RETURN,TRUCK,posits. ironic deposits nag f
56866-6,56866,1225,63,6,10.00,11262.20,0.05,0.06,N,O,1998-01-21,1998-01-26,1998-02-13,COLLECT COD,MAIL,lyly silent accounts. foxes play sl
56867-1,56867,1304,5,1,2.00,2410.60,0.03,0.08,N,O,1996-09-25,1996-11-03,1996-10-13,COLLECT COD,REG AIR,l deposits are.
56867-2,56867,1289,27,2,18.00,21425.04,0.03,0.04,N,O,1996-11-23,1996-10-11,1996-11-26,DELIVER IN PERSON,REG AIR,cial packages integrate furiously. ironic
56867-3,56867,909,78,3,24.00,43437.60,0.10,0.04,N,O,1996-10-21,1996-11-01,1996-11-15,DELIVER IN PERSON,SHIP,ending ideas doze after the
56867-4,56867,124,3,4,46.00,47109.52,0.09,0.01,N,O,1996-11-15,1996-10-02,1996-11-23,NONE,REG AIR,mptotes cajole q
56868-1,56868,1542,43,1,42.00,60628.68,0.08,0.05,N,O,1996-01-12,1996-01-21,1996-01-18,DELIVER IN PERSON,TRUCK,d requests believe across the ironic theodo
56868-2,56868,1368,45,2,3.00,3808.08,0.00,0.02,N,O,1996-03-24,1996-02-24,1996-04-21,DELIVER IN PERSON,TRUCK,lyly ironic requests. regular package
56868-3,56868,1435,53,3,27.00,36083.61,0.01,0.02,N,O,1996-03-06,1996-02-25,1996-03-10,COLLECT COD,SHIP,"en, regular theodolites hag"
56868-4,56868,362,63,4,10.00,12623.60,0.06,0.08,N,O,1996-02-15,1996-02-23,1996-03-09,COLLECT COD,SHIP,"ly regular theodolites. thin, express"
56868-5,56868,243,25,5,44.00,50302.56,0.05,0.08,N,O,1995-12-09,1996-02-16,1996-01-01,COLLECT COD,SHIP,olites. furiously special requests 
56868-6,56868,869,70,6,47.00,83183.42,0.07,0.04,N,O,1996-03-22,1996-02-29,1996-04-17,NONE,FOB,foxes. blithely even decoys nag.
56869-1,56869,1024,95,1,6.00,5550.12,0.07,0.03,A,F,1993-09-30,1993-10-18,1993-10-10,TAKE BACK RETURN,RAIL,inal requests. accounts t
56869-2,56869,1380,19,2,5.00,6406.90,0.00,0.05,A,F,1993-08-16,1993-09-16,1993-08-22,DELIVER IN PERSON,SHIP,ly silent inst
56870-1,56870,1253,65,1,40.00,46170.00,0.07,0.05,A,F,1992-10-15,1992-11-05,1992-11-10,TAKE BACK RETURN,REG AIR,. slyly express ideas 
56870-2,56870,878,12,2,9.00,16009.83,0.02,0.03,R,F,1992-10-04,1992-10-13,1992-10-10,COLLECT COD,TRUCK,nts haggle blithely ca
56870-3,56870,206,88,3,32.00,35398.40,0.08,0.04,A,F,1992-11-16,1992-10-10,1992-12-08,DELIVER IN PERSON,FOB,ependencies. pending accounts believe f
56871-1,56871,5,81,1,20.00,18100.00,0.03,0.05,N,O,1998-02-27,1998-03-21,1998-03-19,DELIVER IN PERSON,TRUCK," fluffily. regular, regular platelets"
56896-1,56896,1283,95,1,21.00,24869.88,0.01,0.01,N,O,1996-07-29,1996-07-25,1996-07-31,TAKE BACK RETURN,SHIP,"s. regular, pending pinto bean"
56896-2,56896,1813,43,2,46.00,78881.26,0.10,0.03,N,O,1996-08-30,1996-08-12,1996-09-12,TAKE BACK RETURN,MAIL,as around 
56896-3,56896,1554,55,3,20.00,29111.00,0.05,0.05,N,O,1996-09-06,1996-07-29,1996-09-24,DELIVER IN PERSON,MAIL,usly brave
56896-4,56896,1242,43,4,9.00,10289.16,0.01,0.00,N,O,1996-09-13,1996-06-29,1996-10-08,DELIVER IN PERSON,SHIP,l warthogs above the fluffily
56897-1,56897,1503,84,1,26.00,36517.00,0.00,0.07,N,O,1997-07-03,1997-07-21,1997-07-24,COLLECT COD,AIR,onic pinto beans wake carefully. slyly bold
56897-2,56897,1701,44,2,8.00,12821.60,0.08,0.06,N,O,1997-10-09,1997-08-11,1997-10-15,NONE,REG AIR, realms gr
56897-3,56897,1296,34,3,9.00,10775.61,0.10,0.02,N,O,1997-06-28,1997-07-26,1997-07-24,TAKE BACK RETURN,MAIL, ideas. courts play. fina
56897-4,56897,447,6,4,5.00,6737.20,0.07,0.04,N,O,1997-10-07,1997-07-20,1997-10-27,COLLECT COD,AIR, x-ray above the furio
56897-5,56897,1273,74,5,36.00,42273.72,0.02,0.03,N,O,1997-10-01,1997-08-28,1997-10-03,COLLECT COD,TRUCK,. foxes ought to hang qui
56897-6,56897,1724,25,6,50.00,81286.00,0.00,0.03,N,O,1997-08-02,1997-08-08,1997-08-09,NONE,SHIP," express packages mold bold, pending"
56897-7,56897,1435,53,7,12.00,16037.16,0.07,0.08,N,O,1997-07-15,1997-07-23,1997-07-29,COLLECT COD,SHIP,side of the theodol
56898-1,56898,1414,54,1,21.00,27623.61,0.00,0.02,N,O,1998-08-05,1998-09-08,1998-08-24,TAKE BACK RETURN,RAIL,uctions. quickly permanent
56898-2,56898,272,27,2,35.00,41029.45,0.07,0.02,N,O,1998-11-17,1998-09-22,1998-12-15,COLLECT COD,MAIL,tain furiously special acc
56898-3,56898,613,7,3,22.00,33299.42,0.03,0.00,N,O,1998-09-30,1998-09-24,1998-10-23,NONE,REG AIR,ffily furiously final packages. i
56899-1,56899,534,95,1,13.00,18648.89,0.03,0.03,A,F,1994-06-17,1994-07-21,1994-06-26,COLLECT COD,FOB,uickly express pac
56899-2,56899,648,42,2,24.00,37167.36,0.09,0.01,R,F,1994-07-16,1994-07-27,1994-07-19,COLLECT COD,SHIP,re furiously busily even deposits. pe
56899-3,56899,1719,20,3,47.00,76173.37,0.01,0.02,R,F,1994-09-15,1994-06-27,1994-10-15,NONE,MAIL,usly even packages was furiously alongside 
56900-1,56900,383,84,1,40.00,51335.20,0.02,0.06,N,O,1996-03-23,1996-01-09,1996-03-27,DELIVER IN PERSON,MAIL,ans. quick
56900-2,56900,1416,17,2,37.00,48744.17,0.10,0.03,N,O,1996-02-04,1995-12-29,1996-03-01,TAKE BACK RETURN,REG AIR,riously even requests wake furiously sl
56900-3,56900,1547,68,3,6.00,8691.24,0.06,0.02,N,O,1995-12-13,1996-01-24,1996-01-05,COLLECT COD,SHIP,e fluffily f
56900-4,56900,1564,5,4,48.00,70346.88,0.08,0.06,N,O,1996-02-29,1996-01-02,1996-03-06,TAKE BACK RETURN,MAIL,nto beans use blith
56901-1,56901,409,97,1,41.00,53685.40,0.07,0.08,R,F,1994-12-15,1994-11-14,1995-01-06,NONE,REG AIR,xpress ideas affix express excuses. p
56901-2,56901,34,60,2,9.00,8406.27,0.00,0.08,A,F,1994-11-13,1994-11-08,1994-11-15,NONE,AIR, final ideas nag across the blithe
56901-3,56901,407,8,3,47.00,61447.80,0.00,0.03,R,F,1994-12-02,1994-10-24,1994-12-28,DELIVER IN PERSON,TRUCK,f the carefully express pinto 
56901-4,56901,889,90,4,40.00,71595.20,0.00,0.00,A,F,1994-11-12,1994-10-18,1994-12-06,COLLECT COD,RAIL,s nag carefully final foxes. furiously fina
56901-5,56901,505,96,5,29.00,40759.50,0.00,0.01,A,F,1994-12-15,1994-10-15,1994-12-21,NONE,REG AIR,. furiously ironic foxes above the regul
56901-6,56901,1053,59,6,10.00,9540.50,0.07,0.04,R,F,1994-12-26,1994-10-26,1994-12-27,COLLECT COD,AIR,ronic packages caj
56901-7,56901,1669,11,7,48.00,75391.68,0.04,0.03,A,F,1994-11-08,1994-11-05,1994-11-11,NONE,REG AIR,to the fluffily regular asymptotes: 
56902-1,56902,252,53,1,19.00,21892.75,0.07,0.05,N,O,1997-01-25,1997-01-31,1997-02-03,NONE,REG AIR,breach slyly carefully 
56902-2,56902,557,18,2,7.00,10202.85,0.00,0.08,N,O,1997-03-04,1996-12-20,1997-03-29,TAKE BACK RETURN,MAIL,structions.
56902-3,56902,143,70,3,31.00,32337.34,0.09,0.07,N,O,1997-01-24,1997-01-28,1997-02-01,DELIVER IN PERSON,TRUCK,efully about the fur
56902-4,56902,800,65,4,3.00,5102.40,0.02,0.03,N,O,1997-01-12,1996-12-26,1997-02-07,DELIVER IN PERSON,TRUCK,"ts. pending, even acc"
56902-5,56902,58,9,5,45.00,43112.25,0.05,0.01,N,O,1996-11-13,1996-12-17,1996-11-14,DELIVER IN PERSON,FOB,ckly careful platelets. deposits use. s
56902-6,56902,97,23,6,2.00,1994.18,0.10,0.04,N,O,1997-01-17,1996-12-15,1997-02-03,COLLECT COD,MAIL,leep. reque
56903-1,56903,370,27,1,27.00,34299.99,0.06,0.01,N,O,1996-07-31,1996-07-26,1996-08-18,DELIVER IN PERSON,MAIL,blithely. slyly regu
56903-2,56903,691,85,2,30.00,47750.70,0.00,0.08,N,O,1996-08-13,1996-07-15,1996-08-15,NONE,SHIP,ctions cajole slyly blithe
56903-3,56903,202,30,3,20.00,22044.00,0.08,0.06,N,O,1996-05-31,1996-08-10,1996-06-25,TAKE BACK RETURN,MAIL, after the furiously
56928-1,56928,611,74,1,14.00,21162.54,0.03,0.05,N,O,1998-07-27,1998-07-14,1998-08-05,NONE,FOB,furiously regular excuses. fluffily even i
56928-2,56928,196,97,2,36.00,39462.84,0.02,0.08,N,O,1998-06-15,1998-08-18,1998-06-20,DELIVER IN PERSON,TRUCK,wake carefully. e
56928-3,56928,190,69,3,47.00,51238.93,0.05,0.05,N,O,1998-05-26,1998-08-22,1998-06-25,COLLECT COD,AIR,uriously. re
56928-4,56928,791,56,4,27.00,45678.33,0.02,0.08,N,O,1998-06-15,1998-06-27,1998-07-05,COLLECT COD,FOB, theodolites haggle blithely al
56929-1,56929,1360,37,1,41.00,51715.76,0.09,0.05,N,O,1995-12-11,1995-11-13,1995-12-18,DELIVER IN PERSON,SHIP,ronic accounts. blithely pend
56929-2,56929,246,1,2,6.00,6877.44,0.00,0.00,N,O,1995-12-05,1995-11-29,1995-12-23,DELIVER IN PERSON,RAIL,y even instructions promis
56930-1,56930,1819,49,1,19.00,32695.39,0.06,0.08,A,F,1992-10-16,1992-09-20,1992-11-06,COLLECT COD,AIR,tions cajole among the permanently sile
56930-2,56930,1698,22,2,18.00,28794.42,0.06,0.06,R,F,1992-10-10,1992-11-10,1992-10-30,NONE,RAIL,final packages. blithely special depos
56930-3,56930,1977,66,3,10.00,18789.70,0.00,0.08,R,F,1992-09-19,1992-10-31,1992-09-23,TAKE BACK RETURN,SHIP,"ular, even foxes are above the t"
56930-4,56930,1687,70,4,36.00,57192.48,0.05,0.08,R,F,1992-11-30,1992-09-24,1992-12-17,DELIVER IN PERSON,AIR,es. ruthless acc
56930-5,56930,1012,18,5,46.00,41998.46,0.03,0.00,A,F,1992-10-15,1992-09-18,1992-11-12,DELIVER IN PERSON,FOB,". regular, ironic deposits ar"
56930-6,56930,477,78,6,36.00,49588.92,0.01,0.02,A,F,1992-11-12,1992-10-17,1992-12-06,NONE,AIR,encies boost bl
56930-7,56930,7,33,7,48.00,43536.00,0.05,0.08,A,F,1992-09-03,1992-10-14,1992-09-21,TAKE BACK RETURN,TRUCK,cial packages 
56931-1,56931,494,24,1,26.00,36256.74,0.04,0.04,R,F,1993-06-03,1993-03-11,1993-06-24,NONE,FOB,arefully ironic foxes. unusual 
56931-2,56931,1780,23,2,45.00,75680.10,0.01,0.08,A,F,1993-05-13,1993-03-12,1993-06-01,COLLECT COD,AIR,ckly courts. blit
56931-3,56931,1747,90,3,29.00,47813.46,0.10,0.03,A,F,1993-05-18,1993-03-23,1993-06-04,DELIVER IN PERSON,FOB,arefully silent requests affix bli
56931-4,56931,1808,95,4,22.00,37615.60,0.08,0.07,R,F,1993-05-12,1993-04-07,1993-05-18,NONE,RAIL,dly sly accounts
56932-1,56932,471,30,1,19.00,26057.93,0.01,0.06,N,O,1998-07-14,1998-06-11,1998-08-07,DELIVER IN PERSON,RAIL,inal sheaves mold. flu
56932-2,56932,150,77,2,49.00,51457.35,0.03,0.05,N,O,1998-04-20,1998-05-02,1998-05-08,TAKE BACK RETURN,FOB,lar accoun
56932-3,56932,682,14,3,5.00,7913.40,0.01,0.05,N,O,1998-04-24,1998-05-27,1998-04-26,NONE,TRUCK,g carefully around the final ac
56933-1,56933,989,90,1,29.00,54809.42,0.10,0.01,N,O,1998-06-30,1998-07-29,1998-07-22,TAKE BACK RETURN,FOB,ccording to the quickly 
56933-2,56933,3,29,2,38.00,34314.00,0.07,0.08,N,O,1998-08-31,1998-09-15,1998-09-29,TAKE BACK RETURN,TRUCK,the quickly special asymptotes. foxes 
56933-3,56933,1498,77,3,47.00,65776.03,0.09,0.00,N,O,1998-06-30,1998-09-04,1998-07-19,COLLECT COD,FOB,se fluffily above
56933-4,56933,41,92,4,4.00,3764.16,0.02,0.03,N,O,1998-09-27,1998-09-17,1998-10-05,NONE,RAIL,ar platelets. final platelet
56933-5,56933,1492,32,5,3.00,4180.47,0.04,0.03,N,O,1998-09-04,1998-08-20,1998-09-22,TAKE BACK RETURN,RAIL,ely quickly ironic pea
56934-1,56934,1772,99,1,43.00,71972.11,0.09,0.05,N,O,1998-01-29,1998-01-02,1998-02-27,DELIVER IN PERSON,REG AIR,sly special
56934-2,56934,1266,4,2,4.00,4669.04,0.10,0.00,N,O,1998-01-21,1997-12-20,1998-01-23,TAKE BACK RETURN,REG AIR,side of the furiously regular account
56934-3,56934,1503,84,3,25.00,35112.50,0.02,0.04,N,O,1997-12-09,1998-01-02,1997-12-28,NONE,TRUCK,kly unusual
56934-4,56934,1085,56,4,14.00,13805.12,0.05,0.04,N,O,1998-01-15,1997-12-09,1998-01-20,COLLECT COD,RAIL,ly furiously
56934-5,56934,1551,72,5,19.00,27598.45,0.00,0.04,N,O,1998-02-20,1998-01-10,1998-03-15,TAKE BACK RETURN,TRUCK, packages haggle carefu
56935-1,56935,1606,7,1,19.00,28644.40,0.08,0.06,R,F,1994-02-03,1994-03-17,1994-02-24,TAKE BACK RETURN,REG AIR,ggle instructions
56960-1,56960,798,63,1,37.00,62855.23,0.01,0.08,A,F,1994-09-05,1994-09-22,1994-09-09,COLLECT COD,SHIP,lyly above the regu
56961-1,56961,880,80,1,30.00,53426.40,0.01,0.04,N,O,1997-04-16,1997-04-14,1997-05-02,NONE,RAIL,y. final foxes use doggedly above the furi
56961-2,56961,1804,34,2,32.00,54585.60,0.08,0.06,N,O,1997-02-18,1997-04-21,1997-03-06,DELIVER IN PERSON,TRUCK,e sometimes special packages use slyly reg
56961-3,56961,1494,73,3,2.00,2790.98,0.05,0.00,N,O,1997-04-28,1997-04-23,1997-05-09,TAKE BACK RETURN,REG AIR,"the express, final platelets. pending accou"
56961-4,56961,805,72,4,7.00,11940.60,0.10,0.02,N,O,1997-05-27,1997-03-26,1997-06-01,COLLECT COD,AIR,"kages about the final, spe"
56961-5,56961,937,38,5,21.00,38596.53,0.06,0.05,N,O,1997-03-12,1997-03-13,1997-03-20,DELIVER IN PERSON,RAIL,"te slyly above the final, pending hockey pl"
56962-1,56962,299,54,1,15.00,17989.35,0.05,0.06,R,F,1994-04-04,1994-03-01,1994-04-11,NONE,MAIL,t the slyly s
56962-2,56962,1901,2,2,1.00,1802.90,0.10,0.03,A,F,1994-04-06,1994-02-11,1994-04-20,NONE,TRUCK, are quickly. carefully pending accounts 
56962-3,56962,1507,88,3,39.00,54931.50,0.05,0.00,R,F,1994-02-19,1994-02-13,1994-03-03,NONE,TRUCK,y pending theodolites. blithely even 
56962-4,56962,316,45,4,21.00,25542.51,0.05,0.06,A,F,1994-01-14,1994-02-21,1994-01-18,NONE,REG AIR,e fluffily according to the blithely bold i
56962-5,56962,232,87,5,16.00,18115.68,0.08,0.07,R,F,1994-04-27,1994-03-15,1994-05-24,DELIVER IN PERSON,RAIL,eep slyly regular theo
56962-6,56962,720,85,6,39.00,63208.08,0.02,0.01,A,F,1994-01-23,1994-03-09,1994-02-03,DELIVER IN PERSON,SHIP, pending epitaphs cajole caref
56962-7,56962,560,61,7,14.00,20447.84,0.09,0.01,R,F,1994-02-27,1994-02-04,1994-03-25,DELIVER IN PERSON,SHIP,s nag. regular pinto
56963-1,56963,352,9,1,12.00,15028.20,0.09,0.00,N,O,1997-06-02,1997-05-02,1997-06-18,TAKE BACK RETURN,RAIL,"se, even platelets us"
56963-2,56963,1799,26,2,26.00,44220.54,0.05,0.01,N,O,1997-06-02,1997-04-08,1997-06-20,TAKE BACK RETURN,SHIP,eposits wake fluffily dog
56963-3,56963,1420,21,3,41.00,54178.22,0.07,0.07,N,O,1997-04-29,1997-05-03,1997-05-13,COLLECT COD,FOB, boost. slyly busy package
56963-4,56963,318,75,4,36.00,43859.16,0.01,0.04,N,O,1997-03-11,1997-04-13,1997-04-08,COLLECT COD,RAIL,tegrate silent accounts. slyly e
56963-5,56963,1386,25,5,5.00,6436.90,0.07,0.07,N,O,1997-06-02,1997-04-11,1997-06-30,COLLECT COD,AIR,ays even patterns eat blithely quickly fina
56963-6,56963,258,59,6,21.00,24323.25,0.02,0.01,N,O,1997-06-22,1997-04-24,1997-07-21,DELIVER IN PERSON,FOB,fully even sentiment
56964-1,56964,191,70,1,40.00,43647.60,0.04,0.01,N,O,1998-01-29,1998-03-08,1998-02-07,NONE,AIR,lithely above the careful
56964-2,56964,667,30,2,46.00,72112.36,0.10,0.06,N,O,1998-05-13,1998-04-04,1998-06-11,NONE,MAIL," across the regular, daring cour"
56964-3,56964,939,40,3,36.00,66237.48,0.09,0.04,N,O,1998-03-22,1998-02-12,1998-04-16,COLLECT COD,TRUCK,ithely along the ent
56965-1,56965,1750,77,1,5.00,8258.75,0.07,0.02,N,O,1997-10-22,1997-11-29,1997-10-31,NONE,SHIP,s haggle slyly excuses. carefully ev
56965-2,56965,1292,30,2,8.00,9546.32,0.05,0.03,N,O,1997-10-19,1997-11-20,1997-10-28,TAKE BACK RETURN,AIR,ssly special pl
56965-3,56965,1128,29,3,45.00,46310.40,0.01,0.02,N,O,1997-09-25,1997-11-15,1997-10-05,TAKE BACK RETURN,SHIP,lets after the
56965-4,56965,852,53,4,34.00,59596.90,0.09,0.05,N,O,1997-12-04,1997-11-04,1997-12-11,DELIVER IN PERSON,RAIL,ingly regular requests use t
56965-5,56965,197,76,5,3.00,3291.57,0.00,0.06,N,O,1997-12-18,1997-10-31,1997-12-25,NONE,AIR,cajole carefully stealthy
56965-6,56965,783,48,6,24.00,40410.72,0.09,0.06,N,O,1997-12-22,1997-10-10,1998-01-12,NONE,MAIL,luffily quick ideas. bravely busy requ
56966-1,56966,406,65,1,43.00,56175.20,0.10,0.08,N,O,1997-04-09,1997-03-01,1997-04-25,NONE,REG AIR,out the carefully ironic
56966-2,56966,735,68,2,43.00,70336.39,0.08,0.02,N,O,1997-01-01,1997-02-24,1997-01-19,TAKE BACK RETURN,MAIL,leep blithely across the slyly regular
56966-3,56966,739,40,3,6.00,9838.38,0.05,0.02,N,O,1997-01-29,1997-01-27,1997-02-15,COLLECT COD,FOB,eas-- carefully final instructions 
56966-4,56966,1228,3,4,4.00,4516.88,0.10,0.03,N,O,1997-01-22,1997-02-26,1997-02-10,TAKE BACK RETURN,FOB,ording to th
56966-5,56966,1049,20,5,15.00,14250.60,0.05,0.03,N,O,1997-01-08,1997-02-09,1997-01-29,TAKE BACK RETURN,AIR,fully according to the bold d
56967-1,56967,587,18,1,40.00,59503.20,0.00,0.00,A,F,1992-06-10,1992-05-08,1992-07-04,DELIVER IN PERSON,SHIP,"ts sleep around the express, ironic foxes"
56967-2,56967,1022,58,2,46.00,42458.92,0.08,0.07,A,F,1992-03-15,1992-05-06,1992-04-01,NONE,TRUCK, quickly final somas. ironic pinto
56967-3,56967,1627,51,3,2.00,3057.24,0.06,0.03,R,F,1992-05-08,1992-05-23,1992-05-19,COLLECT COD,REG AIR, the pending courts.
56967-4,56967,732,65,4,36.00,58778.28,0.09,0.07,R,F,1992-03-27,1992-04-02,1992-03-28,DELIVER IN PERSON,RAIL,usly regular packages. fu
56992-1,56992,288,43,1,26.00,30895.28,0.00,0.05,A,F,1993-05-14,1993-06-15,1993-05-31,NONE,SHIP,lyly final Ti
56992-2,56992,746,11,2,43.00,70809.82,0.09,0.02,A,F,1993-05-28,1993-05-25,1993-05-30,COLLECT COD,RAIL,eposits. even excuses after the q
56992-3,56992,332,89,3,40.00,49293.20,0.04,0.05,A,F,1993-06-29,1993-07-01,1993-07-03,TAKE BACK RETURN,AIR,p quickly according to t
56992-4,56992,535,96,4,1.00,1435.53,0.01,0.05,R,F,1993-08-16,1993-07-01,1993-09-12,NONE,SHIP,ending instructions sl
56993-1,56993,1327,42,1,19.00,23338.08,0.02,0.06,N,O,1998-06-01,1998-04-12,1998-06-10,NONE,MAIL,ffily final deposits. regular requests acro
56993-2,56993,1425,26,2,18.00,23875.56,0.01,0.01,N,O,1998-07-04,1998-06-03,1998-07-29,TAKE BACK RETURN,TRUCK,foxes haggle furiously e
56993-3,56993,1613,96,3,32.00,48467.52,0.06,0.02,N,O,1998-03-18,1998-06-05,1998-04-06,NONE,SHIP,ully careful accounts. 
56993-4,56993,965,100,4,17.00,31721.32,0.02,0.03,N,O,1998-04-12,1998-04-16,1998-04-20,TAKE BACK RETURN,TRUCK, above the carefully final asymptotes! fin
56994-1,56994,1484,63,1,17.00,23553.16,0.00,0.06,N,O,1998-09-07,1998-07-08,1998-09-13,COLLECT COD,MAIL,e? blithely quiet accounts above t
56994-2,56994,1573,54,2,50.00,73728.50,0.09,0.05,N,O,1998-08-13,1998-07-31,1998-08-17,COLLECT COD,TRUCK,egular pinto
56994-3,56994,1946,91,3,27.00,49894.38,0.04,0.08,N,O,1998-07-16,1998-08-14,1998-08-15,TAKE BACK RETURN,MAIL,s are fluffily reques
56995-1,56995,1176,77,1,39.00,42009.63,0.06,0.08,R,F,1994-10-28,1994-12-20,1994-11-04,TAKE BACK RETURN,AIR,l dolphins hind
56995-2,56995,1635,18,2,19.00,29195.97,0.07,0.08,R,F,1994-12-29,1995-01-07,1994-12-31,TAKE BACK RETURN,REG AIR,tes. blithely regul
56995-3,56995,1570,51,3,50.00,73578.50,0.07,0.03,R,F,1995-02-07,1994-11-30,1995-03-06,NONE,SHIP,lly regular packa
56995-4,56995,1889,33,4,28.00,50144.64,0.05,0.01,R,F,1994-11-20,1994-12-02,1994-12-16,TAKE BACK RETURN,MAIL,efully. carefully even accounts alon
56996-1,56996,631,25,1,7.00,10721.41,0.07,0.07,N,O,1996-03-23,1996-06-12,1996-04-03,TAKE BACK RETURN,MAIL,"ons nag furiously. final, regul"
56996-2,56996,23,49,2,4.00,3692.08,0.03,0.04,N,O,1996-03-16,1996-04-20,1996-04-11,TAKE BACK RETURN,SHIP,sly regular somas cajole slyly.
56996-3,56996,1221,59,3,37.00,41522.14,0.02,0.03,N,O,1996-04-16,1996-04-28,1996-04-18,TAKE BACK RETURN,SHIP,ly final theodolites ha
56996-4,56996,1059,60,4,7.00,6720.35,0.09,0.04,N,O,1996-05-09,1996-05-23,1996-06-07,DELIVER IN PERSON,SHIP,its sleep qui
56996-5,56996,762,59,5,2.00,3325.52,0.00,0.05,N,O,1996-06-25,1996-05-20,1996-07-18,DELIVER IN PERSON,AIR,"t, regular requests whithout "
56997-1,56997,153,54,1,11.00,11584.65,0.01,0.08,N,O,1996-05-29,1996-05-19,1996-06-10,TAKE BACK RETURN,SHIP,oxes are sly
56998-1,56998,82,83,1,30.00,29462.40,0.10,0.00,N,O,1998-02-04,1998-01-08,1998-02-09,TAKE BACK RETURN,MAIL,excuses. furio
56999-1,56999,683,84,1,4.00,6334.72,0.07,0.06,N,O,1997-07-31,1997-07-11,1997-08-14,COLLECT COD,FOB,heodolites. bold depos
57024-1,57024,1270,71,1,47.00,55049.69,0.01,0.00,N,O,1996-09-30,1996-12-02,1996-10-23,TAKE BACK RETURN,TRUCK,nto beans sleep f
57024-2,57024,136,15,2,27.00,27975.51,0.01,0.08,N,O,1996-11-11,1996-11-30,1996-11-17,NONE,SHIP,uests. courts affix under the blithely 
57024-3,57024,1442,82,3,14.00,18808.16,0.10,0.08,N,O,1996-11-06,1996-10-06,1996-11-14,TAKE BACK RETURN,SHIP,ly against the fluffily unusual re
57024-4,57024,1971,60,4,48.00,89902.56,0.09,0.08,N,O,1996-09-28,1996-11-11,1996-10-11,COLLECT COD,AIR,ly even accounts caj
57024-5,57024,1251,89,5,25.00,28806.25,0.03,0.06,N,O,1996-10-28,1996-10-21,1996-11-07,NONE,REG AIR,ithes. carefully pending frets
57024-6,57024,1518,19,6,17.00,24131.67,0.09,0.01,N,O,1996-12-02,1996-11-04,1996-12-16,NONE,SHIP,en accounts
57024-7,57024,657,20,7,9.00,14018.85,0.08,0.03,N,O,1996-10-10,1996-10-22,1996-10-31,TAKE BACK RETURN,SHIP, foxes. blithely spec
57025-1,57025,1890,20,1,17.00,30462.13,0.03,0.00,A,F,1992-08-25,1992-08-02,1992-08-26,DELIVER IN PERSON,AIR, across the ironic w
57025-2,57025,1230,42,2,9.00,10181.07,0.09,0.01,R,F,1992-08-09,1992-08-25,1992-09-03,TAKE BACK RETURN,SHIP,he slyly reg
57026-1,57026,1115,16,1,17.00,17273.87,0.06,0.01,N,O,1998-09-07,1998-09-14,1998-09-08,COLLECT COD,SHIP,uctions haggle fluffily a
57026-2,57026,1343,58,2,10.00,12443.40,0.06,0.04,N,O,1998-10-05,1998-08-31,1998-10-28,NONE,RAIL,s according to the fluffily
57027-1,57027,1740,25,1,44.00,72236.56,0.10,0.05,A,F,1995-02-17,1995-03-19,1995-03-16,DELIVER IN PERSON,RAIL,osits. slyly final instruction
57028-1,57028,161,62,1,37.00,39262.92,0.08,0.03,R,F,1994-07-14,1994-09-30,1994-07-26,NONE,SHIP, regular excuse
57029-1,57029,914,83,1,3.00,5444.73,0.06,0.07,R,F,1995-06-08,1995-05-21,1995-06-11,DELIVER IN PERSON,REG AIR,ccounts boost. carefully pending package
57029-2,57029,1353,54,2,25.00,31358.75,0.09,0.05,R,F,1995-03-15,1995-04-22,1995-03-31,COLLECT COD,MAIL, the furiously regular requests
57029-3,57029,1543,84,3,22.00,31779.88,0.10,0.07,N,O,1995-06-24,1995-05-29,1995-07-07,NONE,SHIP,ole carefully. fu
57029-4,57029,622,23,4,32.00,48723.84,0.07,0.05,A,F,1995-05-09,1995-05-24,1995-05-28,NONE,MAIL, even accounts sleep.
57030-1,57030,1387,64,1,37.00,47670.06,0.06,0.05,N,O,1998-06-12,1998-07-06,1998-06-27,TAKE BACK RETURN,FOB,sts. caref
57030-2,57030,1072,8,2,48.00,46707.36,0.04,0.00,N,O,1998-07-11,1998-07-10,1998-07-18,COLLECT COD,FOB,"solve slyly above the regular, idle r"
57030-3,57030,641,35,3,12.00,18499.68,0.05,0.08,N,O,1998-07-10,1998-07-23,1998-07-17,COLLECT COD,FOB,deposits wake slyly furiously final pear
57030-4,57030,184,85,4,47.00,50956.46,0.02,0.07,N,O,1998-08-15,1998-06-13,1998-08-24,TAKE BACK RETURN,RAIL,"sual deposits unwind. unusual, spec"
57030-5,57030,1072,73,5,21.00,20434.47,0.02,0.01,N,O,1998-08-07,1998-07-15,1998-08-23,NONE,MAIL,ltipliers affix furiously. final cou
57030-6,57030,198,77,6,39.00,42829.41,0.01,0.04,N,O,1998-09-04,1998-07-12,1998-09-09,DELIVER IN PERSON,AIR,efully pendi
57031-1,57031,362,19,1,22.00,27771.92,0.07,0.08,R,F,1992-08-13,1992-08-13,1992-08-23,NONE,AIR,. slyly iron
57056-1,57056,306,63,1,11.00,13269.30,0.03,0.00,R,F,1993-02-07,1992-12-20,1993-02-14,TAKE BACK RETURN,SHIP,ress requests across th
57056-2,57056,629,30,2,13.00,19885.06,0.10,0.04,A,F,1992-12-21,1992-12-17,1992-12-28,TAKE BACK RETURN,TRUCK,al theodolites alongside of the quick
57057-1,57057,302,31,1,22.00,26450.60,0.00,0.01,R,F,1992-05-04,1992-05-29,1992-05-13,TAKE BACK RETURN,AIR,". even, ironic "
57057-2,57057,1888,75,2,1.00,1789.88,0.05,0.02,A,F,1992-07-15,1992-05-29,1992-08-09,DELIVER IN PERSON,AIR,iously silent 
57058-1,57058,1537,78,1,23.00,33086.19,0.00,0.00,A,F,1992-06-06,1992-07-21,1992-06-21,DELIVER IN PERSON,MAIL,rate carefully? carefull
57058-2,57058,1623,47,2,36.00,54886.32,0.06,0.04,R,F,1992-06-05,1992-07-04,1992-06-26,COLLECT COD,TRUCK,heodolites x-ray fluffi
57059-1,57059,1005,6,1,25.00,22650.00,0.02,0.06,N,O,1995-06-22,1995-08-06,1995-07-15,TAKE BACK RETURN,RAIL,slyly ironic instructi
57059-2,57059,13,64,2,36.00,32868.36,0.02,0.04,N,O,1995-09-27,1995-07-14,1995-10-13,COLLECT COD,RAIL,ns. carefull
57059-3,57059,1668,92,3,30.00,47089.80,0.00,0.03,N,O,1995-06-25,1995-08-16,1995-06-30,COLLECT COD,SHIP,instructions h
57060-1,57060,581,42,1,20.00,29631.60,0.08,0.03,N,O,1997-06-14,1997-05-27,1997-07-12,COLLECT COD,MAIL,ages. slyly ironic deposit
57060-2,57060,1151,52,2,49.00,51555.35,0.06,0.06,N,O,1997-04-26,1997-05-06,1997-05-24,COLLECT COD,FOB, final instructions sleep slyly. flu
57060-3,57060,740,73,3,22.00,36096.28,0.08,0.08,N,O,1997-05-02,1997-06-23,1997-05-09,DELIVER IN PERSON,AIR,ntegrate quickly. furiously ironic 
57060-4,57060,684,78,4,45.00,71310.60,0.04,0.05,N,O,1997-05-10,1997-06-22,1997-05-30,TAKE BACK RETURN,SHIP,after the slyly special orbits. blithely sp
57060-5,57060,1819,6,5,45.00,77436.45,0.01,0.01,N,O,1997-05-27,1997-05-07,1997-06-04,DELIVER IN PERSON,TRUCK,ording to the pe
57061-1,57061,1310,11,1,48.00,58142.88,0.04,0.01,A,F,1995-03-29,1995-02-21,1995-04-28,DELIVER IN PERSON,RAIL,le until the carefully regular requests. q
57061-2,57061,192,45,2,23.00,25120.37,0.00,0.05,R,F,1994-12-25,1995-02-08,1995-01-16,DELIVER IN PERSON,RAIL,ackages. blithely regular dugouts sleep 
57061-3,57061,746,11,3,22.00,36228.28,0.04,0.08,R,F,1994-12-30,1995-02-22,1995-01-22,NONE,MAIL,n accounts. furiousl
57061-4,57061,1141,14,4,6.00,6252.84,0.07,0.00,R,F,1995-02-16,1995-02-19,1995-02-21,NONE,TRUCK,ic foxes boost into the reques
57061-5,57061,814,48,5,24.00,41155.44,0.09,0.08,A,F,1995-03-02,1995-01-03,1995-04-01,DELIVER IN PERSON,MAIL,pinto beans against th
57061-6,57061,1717,2,6,34.00,55036.14,0.06,0.08,R,F,1995-01-04,1995-02-21,1995-01-18,DELIVER IN PERSON,REG AIR,nding dugouts maintain about the
57061-7,57061,1966,11,7,11.00,20547.56,0.09,0.00,R,F,1995-03-11,1995-02-01,1995-04-10,NONE,MAIL,against the unusual deposits. express asymp
57062-1,57062,1322,37,1,47.00,57496.04,0.08,0.01,N,O,1996-06-21,1996-08-14,1996-06-23,NONE,REG AIR,cross the pending platelets
57062-2,57062,41,42,2,29.00,27290.16,0.04,0.02,N,O,1996-09-28,1996-08-17,1996-10-28,TAKE BACK RETURN,AIR, asymptotes use finally
57062-3,57062,373,58,3,22.00,28014.14,0.02,0.04,N,O,1996-07-31,1996-08-12,1996-08-15,NONE,AIR,lphins. fur
57062-4,57062,176,55,4,34.00,36589.78,0.00,0.02,N,O,1996-09-16,1996-07-17,1996-09-24,TAKE BACK RETURN,TRUCK,final reque
57062-5,57062,486,74,5,14.00,19410.72,0.07,0.01,N,O,1996-09-11,1996-08-26,1996-09-21,NONE,REG AIR,"ending, final excuses across th"
57062-6,57062,688,82,6,11.00,17475.48,0.09,0.08,N,O,1996-06-10,1996-09-04,1996-06-22,DELIVER IN PERSON,REG AIR,"e ironic, unusual excuses sleep"
57063-1,57063,56,82,1,28.00,26769.40,0.09,0.03,N,O,1995-09-10,1995-07-19,1995-09-15,DELIVER IN PERSON,FOB,uffily express pinto beans use slyly beyond
57063-2,57063,1481,60,2,31.00,42856.88,0.07,0.06,N,O,1995-08-08,1995-07-30,1995-08-15,NONE,REG AIR,"y. final, regular instruct"
57063-3,57063,1440,80,3,2.00,2682.88,0.10,0.07,N,O,1995-09-09,1995-08-31,1995-10-08,NONE,MAIL,. special excuses cajole after 
57063-4,57063,321,50,4,3.00,3663.96,0.06,0.08,N,O,1995-08-21,1995-08-21,1995-09-05,NONE,RAIL,efully regular deposits: fluffily 
57063-5,57063,1808,9,5,50.00,85490.00,0.08,0.02,N,O,1995-09-10,1995-07-05,1995-10-04,NONE,TRUCK,ts cajole about the regular ide
57088-1,57088,242,97,1,39.00,44547.36,0.04,0.00,N,O,1998-01-04,1997-10-30,1998-01-18,NONE,TRUCK,al ideas nag carefully according to 
57088-2,57088,598,29,2,41.00,61442.19,0.08,0.02,N,O,1997-11-20,1997-11-01,1997-11-30,NONE,FOB,deposits. slyly unu
57088-3,57088,730,31,3,5.00,8153.65,0.03,0.08,N,O,1997-12-26,1997-10-24,1998-01-02,NONE,REG AIR,ans. idly regular instructio
57088-4,57088,755,56,4,38.00,62918.50,0.04,0.05,N,O,1998-01-09,1997-11-29,1998-02-02,COLLECT COD,SHIP,. blithely even asymptotes sn
57088-5,57088,589,80,5,14.00,20854.12,0.10,0.01,N,O,1997-09-13,1997-11-05,1997-09-24,DELIVER IN PERSON,TRUCK,al accounts. carefully bold reques
57088-6,57088,1769,70,6,31.00,51793.56,0.02,0.06,N,O,1998-01-01,1997-12-09,1998-01-04,DELIVER IN PERSON,FOB,es after the care
57088-7,57088,449,8,7,22.00,29687.68,0.10,0.02,N,O,1998-01-01,1997-10-13,1998-01-31,DELIVER IN PERSON,FOB,"blithely even, regular de"
57089-1,57089,1222,97,1,34.00,38189.48,0.10,0.05,A,F,1993-03-02,1993-01-30,1993-03-29,DELIVER IN PERSON,AIR,about the quickly f
57090-1,57090,398,99,1,38.00,49338.82,0.10,0.04,R,F,1992-09-14,1992-09-09,1992-10-07,DELIVER IN PERSON,TRUCK,ckages play blithely
57090-2,57090,1825,26,2,40.00,69072.80,0.04,0.02,R,F,1992-11-10,1992-08-28,1992-11-21,NONE,FOB,es are car
57090-3,57090,1003,74,3,11.00,9944.00,0.04,0.03,A,F,1992-11-02,1992-10-22,1992-11-03,COLLECT COD,MAIL,onic foxes nag. slyly unusual pac
57090-4,57090,498,86,4,31.00,43353.19,0.08,0.06,A,F,1992-11-01,1992-09-20,1992-11-24,DELIVER IN PERSON,AIR,asymptotes. evenly f
57091-1,57091,1344,21,1,36.00,44832.24,0.07,0.03,N,O,1995-12-11,1995-12-20,1995-12-28,TAKE BACK RETURN,FOB,ickly special packages kindle carefully.
57091-2,57091,173,74,2,17.00,18243.89,0.10,0.04,N,O,1995-11-15,1996-01-11,1995-12-07,NONE,FOB,ons nag across the furiously care
57091-3,57091,677,78,3,37.00,58373.79,0.00,0.05,N,O,1995-11-27,1995-12-11,1995-12-08,DELIVER IN PERSON,FOB,orbits. package
57091-4,57091,1392,31,4,36.00,46562.04,0.03,0.06,N,O,1995-11-10,1996-01-21,1995-11-17,COLLECT COD,FOB,es. final pack
57091-5,57091,1003,4,5,19.00,17176.00,0.04,0.06,N,O,1995-12-01,1995-12-26,1995-12-04,NONE,AIR,sits integrate. furiously
57092-1,57092,358,59,1,26.00,32717.10,0.07,0.05,A,F,1993-07-14,1993-06-07,1993-08-03,DELIVER IN PERSON,TRUCK,y carefully final
57092-2,57092,1615,16,2,44.00,66730.84,0.07,0.02,A,F,1993-08-22,1993-06-12,1993-09-01,COLLECT COD,MAIL,e requests. accounts affix slowly 
57092-3,57092,1520,41,3,10.00,14215.20,0.06,0.08,A,F,1993-08-01,1993-06-23,1993-08-06,NONE,TRUCK,se furiously even foxes. slyly final
57093-1,57093,750,51,1,8.00,13206.00,0.01,0.03,R,F,1992-07-30,1992-07-04,1992-08-24,NONE,AIR, asymptotes boost quickly
57093-2,57093,1590,31,2,2.00,2983.18,0.00,0.01,R,F,1992-06-02,1992-06-24,1992-06-22,DELIVER IN PERSON,TRUCK,gular accounts boost
57093-3,57093,895,95,3,26.00,46693.14,0.02,0.04,R,F,1992-06-10,1992-07-20,1992-06-29,NONE,MAIL,y special foxes. qu
57093-4,57093,1776,77,4,4.00,6711.08,0.08,0.04,A,F,1992-05-31,1992-06-18,1992-06-28,DELIVER IN PERSON,TRUCK,equests nag carefully 
57093-5,57093,1081,87,5,35.00,34372.80,0.04,0.07,A,F,1992-05-11,1992-07-12,1992-06-01,NONE,RAIL, wake carefully regular deposits. bold d
57093-6,57093,954,23,6,1.00,1854.95,0.04,0.07,A,F,1992-05-19,1992-07-14,1992-06-15,NONE,RAIL,ending accounts run furi
57094-1,57094,1312,89,1,4.00,4853.24,0.02,0.01,N,O,1998-09-22,1998-10-13,1998-10-05,NONE,FOB,thely pending requests use ar
57094-2,57094,1410,11,2,23.00,30162.43,0.01,0.03,N,O,1998-08-30,1998-09-09,1998-09-04,DELIVER IN PERSON,REG AIR,"ckages integrate carefully final, even "
57094-3,57094,1328,43,3,44.00,54090.08,0.02,0.08,N,O,1998-09-04,1998-10-07,1998-09-06,DELIVER IN PERSON,TRUCK,xes are. quickly special account
57094-4,57094,1363,78,4,17.00,21494.12,0.06,0.04,N,O,1998-10-11,1998-09-10,1998-11-06,DELIVER IN PERSON,AIR,nal accounts. sl
57095-1,57095,936,37,1,4.00,7347.72,0.04,0.02,N,F,1995-06-07,1995-05-03,1995-06-21,TAKE BACK RETURN,TRUCK,y. thinly regul
57120-1,57120,419,78,1,8.00,10555.28,0.01,0.03,N,O,1996-08-14,1996-07-18,1996-09-02,COLLECT COD,AIR,lar attainments poach
57120-2,57120,1356,95,2,10.00,12573.50,0.06,0.00,N,O,1996-07-17,1996-07-15,1996-08-10,TAKE BACK RETURN,FOB,lphins grow furiously quickly ironic depos
57120-3,57120,1303,18,3,20.00,24086.00,0.05,0.04,N,O,1996-10-03,1996-07-18,1996-10-10,COLLECT COD,MAIL, instructions na
57120-4,57120,640,41,4,13.00,20028.32,0.01,0.04,N,O,1996-10-04,1996-07-26,1996-10-05,DELIVER IN PERSON,AIR,gular asymptotes print pack
57120-5,57120,687,88,5,34.00,53981.12,0.00,0.08,N,O,1996-08-02,1996-08-22,1996-08-19,COLLECT COD,AIR,l pinto beans caj
57121-1,57121,1144,53,1,12.00,12541.68,0.04,0.02,N,O,1995-12-30,1996-02-03,1996-01-19,DELIVER IN PERSON,RAIL, beans wake beneath the depths. p
57121-2,57121,1967,56,2,21.00,39248.16,0.00,0.00,N,O,1996-03-07,1996-01-10,1996-03-21,TAKE BACK RETURN,FOB,pending deposits. accounts haggle entici
57121-3,57121,935,36,3,14.00,25703.02,0.10,0.07,N,O,1996-03-10,1996-01-10,1996-03-24,COLLECT COD,TRUCK,silently even wa
57121-4,57121,115,16,4,15.00,15226.65,0.06,0.01,N,O,1995-11-28,1995-12-29,1995-12-06,COLLECT COD,TRUCK,ns are always regular requests. pen
57121-5,57121,160,39,5,50.00,53008.00,0.03,0.08,N,O,1996-02-29,1996-01-28,1996-03-05,DELIVER IN PERSON,TRUCK,y around the accounts. permanently final 
57122-1,57122,1925,70,1,33.00,60288.36,0.00,0.08,N,O,1997-05-03,1997-04-27,1997-05-05,NONE,AIR,es cajole according to the packages. bli
57123-1,57123,522,53,1,50.00,71126.00,0.09,0.05,N,O,1997-08-22,1997-08-10,1997-08-29,TAKE BACK RETURN,MAIL,ses. carefully final acco
57123-2,57123,252,80,2,9.00,10370.25,0.04,0.03,N,O,1997-07-07,1997-08-02,1997-07-26,NONE,MAIL,ackages sleep furiously slyly even do
57123-3,57123,365,94,3,25.00,31634.00,0.07,0.01,N,O,1997-07-26,1997-07-03,1997-08-23,TAKE BACK RETURN,SHIP,y beside the care
57123-4,57123,1692,34,4,44.00,70122.36,0.02,0.06,N,O,1997-08-26,1997-07-22,1997-09-01,TAKE BACK RETURN,TRUCK," pending, bold braids. unusual, "
57123-5,57123,574,75,5,19.00,28016.83,0.06,0.04,N,O,1997-05-25,1997-06-25,1997-06-23,NONE,TRUCK, ironic packages. bli
57123-6,57123,1558,99,6,30.00,43786.50,0.06,0.07,N,O,1997-09-06,1997-07-11,1997-09-30,COLLECT COD,RAIL,furiously bold requests are furiously. c
57123-7,57123,1945,78,7,12.00,22163.28,0.08,0.03,N,O,1997-06-06,1997-06-27,1997-06-23,NONE,TRUCK,e of the slowly ironic pearls sleep furious
57124-1,57124,881,15,1,12.00,21382.56,0.00,0.03,N,O,1996-04-18,1996-04-15,1996-05-11,COLLECT COD,SHIP,to beans us
57124-2,57124,162,63,2,13.00,13808.08,0.03,0.06,N,O,1996-06-05,1996-04-29,1996-06-19,DELIVER IN PERSON,MAIL,carefully i
57124-3,57124,1417,18,3,21.00,27686.61,0.07,0.04,N,O,1996-03-05,1996-05-04,1996-03-27,DELIVER IN PERSON,SHIP,ular courts x-ray carefully special platel
57124-4,57124,1005,76,4,15.00,13590.00,0.04,0.07,N,O,1996-03-08,1996-04-24,1996-04-06,TAKE BACK RETURN,AIR,ove the ir
57124-5,57124,173,100,5,38.00,40780.46,0.03,0.07,N,O,1996-03-10,1996-05-29,1996-03-16,COLLECT COD,FOB,sly even packages. final dependencies 
57124-6,57124,1324,25,6,43.00,52688.76,0.03,0.05,N,O,1996-03-22,1996-05-03,1996-03-31,TAKE BACK RETURN,FOB,e furiously. furiously regular somas det
57125-1,57125,59,85,1,40.00,38362.00,0.00,0.07,A,F,1993-07-07,1993-08-22,1993-07-12,TAKE BACK RETURN,FOB,cial deposits after the bravely specia
57125-2,57125,783,84,2,2.00,3367.56,0.00,0.03,R,F,1993-07-26,1993-09-01,1993-07-31,NONE,SHIP,refully special accounts haggle slyl
57125-3,57125,766,67,3,42.00,70003.92,0.00,0.07,R,F,1993-08-08,1993-07-17,1993-08-22,COLLECT COD,FOB,he carefully ironic foxe
57125-4,57125,1492,93,4,21.00,29263.29,0.01,0.00,A,F,1993-07-05,1993-08-13,1993-07-31,DELIVER IN PERSON,SHIP, deposits use. fluffily final acco
57125-5,57125,927,28,5,40.00,73116.80,0.03,0.04,A,F,1993-07-01,1993-07-20,1993-07-09,NONE,FOB,es may boost
57125-6,57125,299,100,6,33.00,39576.57,0.06,0.01,A,F,1993-08-10,1993-07-22,1993-08-26,DELIVER IN PERSON,MAIL,lithely even accounts wake accord
57125-7,57125,1331,70,7,36.00,44363.88,0.07,0.06,A,F,1993-06-30,1993-08-02,1993-07-14,NONE,RAIL, packages integrate bli
57126-1,57126,1071,42,1,39.00,37910.73,0.02,0.07,N,O,1998-06-10,1998-04-06,1998-06-21,COLLECT COD,TRUCK," the regular, pending dolphins. bol"
57126-2,57126,735,100,2,17.00,27807.41,0.08,0.08,N,O,1998-02-22,1998-04-14,1998-03-12,DELIVER IN PERSON,SHIP, requests nag q
57126-3,57126,1319,20,3,43.00,52473.33,0.04,0.08,N,O,1998-04-04,1998-03-26,1998-04-14,DELIVER IN PERSON,RAIL,furiously bold pinto beans. 
57126-4,57126,1088,59,4,4.00,3956.32,0.05,0.05,N,O,1998-05-05,1998-03-26,1998-05-30,DELIVER IN PERSON,REG AIR,e according to the ironic deposi
57126-5,57126,1952,85,5,13.00,24101.35,0.03,0.05,N,O,1998-04-06,1998-03-26,1998-04-17,COLLECT COD,TRUCK,ccounts-- fluffily final accounts against t
57127-1,57127,71,72,1,47.00,45640.29,0.03,0.05,R,F,1993-04-24,1993-03-22,1993-04-26,DELIVER IN PERSON,MAIL,st around the pending pains-- car
57152-1,57152,138,17,1,36.00,37372.68,0.03,0.05,A,F,1992-11-24,1992-11-27,1992-12-08,NONE,TRUCK,ic deposits. slyly permanent theodolites
57152-2,57152,1382,59,2,42.00,53901.96,0.06,0.01,R,F,1992-12-05,1992-10-29,1992-12-16,DELIVER IN PERSON,AIR,ests. ideas cajole carefully unusual ins
57152-3,57152,1684,8,3,22.00,34884.96,0.02,0.05,A,F,1992-11-08,1992-11-05,1992-11-11,DELIVER IN PERSON,AIR,accounts ar
57152-4,57152,979,48,4,6.00,11279.82,0.06,0.02,A,F,1992-12-30,1992-11-15,1993-01-21,COLLECT COD,FOB,he carefully final realms. care
57152-5,57152,1407,86,5,1.00,1308.40,0.09,0.06,R,F,1992-11-30,1992-10-30,1992-12-16,NONE,AIR,nes. regular packages use slyly un
57153-1,57153,1409,27,1,31.00,40622.40,0.08,0.00,R,F,1994-06-15,1994-07-09,1994-07-14,NONE,FOB,ld stealthily after the qu
57153-2,57153,742,75,2,8.00,13141.92,0.07,0.07,A,F,1994-09-14,1994-08-21,1994-10-07,TAKE BACK RETURN,AIR,e ironic accounts s
57153-3,57153,1607,90,3,22.00,33189.20,0.00,0.04,R,F,1994-09-21,1994-07-31,1994-09-24,NONE,SHIP,eposits cajole furiously furio
57154-1,57154,98,24,1,7.00,6986.63,0.04,0.06,N,O,1996-12-26,1997-01-22,1997-01-02,TAKE BACK RETURN,MAIL,deposits. carefully reg
57154-2,57154,567,28,2,37.00,54299.72,0.02,0.06,N,O,1996-12-05,1997-01-14,1996-12-28,TAKE BACK RETURN,TRUCK,refully final requests are. quickly
57154-3,57154,1250,88,3,23.00,26478.75,0.10,0.05,N,O,1997-03-02,1997-01-01,1997-03-05,NONE,MAIL,cept the deposits. sly
57155-1,57155,834,35,1,38.00,65923.54,0.03,0.00,A,F,1994-09-18,1994-08-21,1994-10-07,DELIVER IN PERSON,REG AIR,arefully bold plat
57155-2,57155,836,3,2,9.00,15631.47,0.05,0.05,A,F,1994-10-15,1994-09-09,1994-11-05,TAKE BACK RETURN,RAIL,nt grouches. pending p
57155-3,57155,86,37,3,30.00,29582.40,0.07,0.08,R,F,1994-10-15,1994-07-26,1994-10-22,COLLECT COD,SHIP," sly, ironic pearls wake fluffil"
57155-4,57155,959,60,4,50.00,92997.50,0.05,0.02,R,F,1994-10-06,1994-08-26,1994-10-08,NONE,AIR,its wake fluff
57156-1,57156,1198,7,1,35.00,38471.65,0.01,0.04,N,O,1996-07-26,1996-07-16,1996-08-08,DELIVER IN PERSON,RAIL,ely ironic pinto be
57157-1,57157,1306,7,1,47.00,56743.10,0.08,0.04,A,F,1992-06-01,1992-05-05,1992-06-27,TAKE BACK RETURN,MAIL,riously packages. carefully pe
57158-1,57158,726,27,1,45.00,73202.40,0.02,0.01,N,O,1997-04-29,1997-03-14,1997-05-04,DELIVER IN PERSON,SHIP,olites are. furiou
57159-1,57159,617,49,1,23.00,34905.03,0.03,0.05,A,F,1993-04-14,1993-04-12,1993-05-14,DELIVER IN PERSON,RAIL,thely bold 
57159-2,57159,187,88,2,42.00,45661.56,0.00,0.04,R,F,1993-06-12,1993-03-18,1993-06-14,TAKE BACK RETURN,FOB,ges haggle carefully abo
57159-3,57159,1685,9,3,41.00,65053.88,0.08,0.05,A,F,1993-03-30,1993-05-11,1993-04-11,DELIVER IN PERSON,TRUCK,"nal, regular theodolites int"
57159-4,57159,516,7,4,37.00,52410.87,0.01,0.00,R,F,1993-05-09,1993-04-11,1993-05-24,TAKE BACK RETURN,TRUCK,jole accounts. deposits according to the s
57159-5,57159,614,8,5,37.00,56040.57,0.00,0.03,R,F,1993-04-29,1993-04-02,1993-05-24,NONE,SHIP,s requests. slyly bo
57159-6,57159,727,24,6,4.00,6510.88,0.08,0.07,A,F,1993-04-05,1993-04-10,1993-04-17,DELIVER IN PERSON,FOB,lyly theodolites. carefully 
57159-7,57159,902,71,7,41.00,73918.90,0.07,0.07,R,F,1993-06-08,1993-03-20,1993-06-23,TAKE BACK RETURN,FOB,l pinto beans? bra
57184-1,57184,1342,57,1,10.00,12433.40,0.08,0.08,N,O,1998-03-23,1998-03-01,1998-04-05,NONE,RAIL,"press, regular account"
57184-2,57184,308,65,2,7.00,8458.10,0.01,0.08,N,O,1998-03-14,1998-02-27,1998-04-11,DELIVER IN PERSON,TRUCK,y up the theodolites? bli
57184-3,57184,255,37,3,41.00,47365.25,0.06,0.05,N,O,1998-03-11,1998-03-06,1998-04-03,NONE,MAIL,ccounts affix. ideas b
57184-4,57184,1480,59,4,1.00,1381.48,0.00,0.05,N,O,1998-01-24,1998-04-16,1998-02-19,DELIVER IN PERSON,RAIL,l foxes among the ironi
57184-5,57184,1833,63,5,7.00,12143.81,0.02,0.01,N,O,1998-05-06,1998-03-04,1998-05-15,COLLECT COD,AIR,structions! unusual req
57184-6,57184,900,100,6,11.00,19809.90,0.00,0.05,N,O,1998-04-14,1998-04-09,1998-04-22,NONE,FOB,inal decoys impress furiously
57184-7,57184,724,89,7,29.00,47116.88,0.10,0.01,N,O,1998-04-19,1998-02-27,1998-05-07,COLLECT COD,TRUCK,ully against the regular ideas
57185-1,57185,1520,1,1,29.00,41224.08,0.05,0.08,N,O,1995-07-25,1995-07-11,1995-08-20,TAKE BACK RETURN,FOB,he blithely unusual depo
57186-1,57186,1370,9,1,49.00,62297.13,0.00,0.03,R,F,1993-08-01,1993-05-28,1993-08-29,TAKE BACK RETURN,TRUCK,rate against the slyly bold instruc
57187-1,57187,857,91,1,28.00,49219.80,0.10,0.00,N,O,1998-03-27,1998-06-04,1998-04-24,TAKE BACK RETURN,MAIL,the blithely idle accounts. 
57187-2,57187,1541,22,2,15.00,21638.10,0.06,0.06,N,O,1998-06-09,1998-05-10,1998-06-27,TAKE BACK RETURN,AIR,finally final
57187-3,57187,1418,97,3,6.00,7916.46,0.01,0.03,N,O,1998-07-12,1998-05-29,1998-08-02,COLLECT COD,FOB,ffily regular 
57187-4,57187,1227,2,4,10.00,11282.20,0.03,0.02,N,O,1998-03-26,1998-06-08,1998-04-14,DELIVER IN PERSON,AIR,ep above the permanent deposits. 
57188-1,57188,190,69,1,6.00,6541.14,0.07,0.05,R,F,1994-05-31,1994-04-24,1994-06-15,TAKE BACK RETURN,FOB, ideas. furiously careful ideas cajo
57188-2,57188,1045,16,2,44.00,41625.76,0.03,0.00,R,F,1994-05-25,1994-04-19,1994-05-28,TAKE BACK RETURN,MAIL,boldly ironic a
57188-3,57188,145,72,3,18.00,18812.52,0.04,0.02,R,F,1994-07-06,1994-04-16,1994-07-08,DELIVER IN PERSON,SHIP,refully express pinto 
57189-1,57189,1637,38,1,29.00,44620.27,0.10,0.00,R,F,1993-03-19,1993-02-15,1993-04-16,DELIVER IN PERSON,FOB,ites sleep besides the deposits. blithely 
57190-1,57190,1165,38,1,44.00,46911.04,0.08,0.06,A,F,1993-07-29,1993-08-01,1993-08-24,COLLECT COD,SHIP,lets use sly
57190-2,57190,380,81,2,8.00,10243.04,0.05,0.00,R,F,1993-09-16,1993-07-24,1993-10-03,DELIVER IN PERSON,MAIL,ind slyly accounts. slyly 
57190-3,57190,1747,32,3,36.00,59354.64,0.00,0.00,R,F,1993-07-25,1993-07-08,1993-08-22,COLLECT COD,TRUCK,cuses thrash carefully according to th
57191-1,57191,931,34,1,44.00,80604.92,0.09,0.01,N,O,1997-02-25,1997-03-22,1997-03-13,COLLECT COD,REG AIR,pecial theodolites run unusual pinto bea
57191-2,57191,423,53,2,30.00,39702.60,0.10,0.00,N,O,1997-01-21,1997-02-23,1997-01-23,NONE,AIR,he carefully expr
57191-3,57191,27,53,3,23.00,21321.46,0.05,0.04,N,O,1997-01-29,1997-01-31,1997-02-08,DELIVER IN PERSON,TRUCK,counts. blith
57191-4,57191,97,48,4,6.00,5982.54,0.03,0.08,N,O,1997-02-09,1997-02-27,1997-02-17,TAKE BACK RETURN,RAIL,"nto beans haggle after the final,"
57191-5,57191,1702,29,5,50.00,80185.00,0.10,0.04,N,O,1997-04-15,1997-03-21,1997-04-30,NONE,SHIP, requests according to the plate
57191-6,57191,844,45,6,4.00,6979.36,0.09,0.05,N,O,1997-02-11,1997-01-31,1997-02-17,COLLECT COD,TRUCK,out the blithely bold accounts. fu
57191-7,57191,476,6,7,23.00,31658.81,0.09,0.03,N,O,1997-01-21,1997-03-21,1997-02-08,DELIVER IN PERSON,RAIL,heodolites detect slyly even pinto
57216-1,57216,1118,19,1,40.00,40764.40,0.10,0.07,R,F,1993-10-17,1993-09-10,1993-10-27,DELIVER IN PERSON,SHIP,ar ideas use after the specia
57216-2,57216,350,51,2,36.00,45012.60,0.03,0.02,R,F,1993-11-10,1993-09-09,1993-12-09,NONE,RAIL,fily unusual epitaphs 
57216-3,57216,1929,62,3,40.00,73236.80,0.09,0.07,A,F,1993-10-07,1993-09-22,1993-11-01,COLLECT COD,AIR,s. slyly clo
57216-4,57216,364,93,4,16.00,20229.76,0.07,0.08,A,F,1993-09-03,1993-09-29,1993-09-20,NONE,RAIL,ial requests nag. fluffi
57216-5,57216,610,4,5,49.00,74019.89,0.04,0.00,A,F,1993-10-17,1993-10-08,1993-10-19,NONE,FOB,ake carefully slyly special accounts. furio
57216-6,57216,1823,53,6,42.00,72442.44,0.05,0.07,A,F,1993-08-26,1993-09-02,1993-09-18,NONE,AIR,hely regular forges? ironic foxes are acc
57216-7,57216,1106,43,7,46.00,46326.60,0.06,0.06,A,F,1993-10-07,1993-10-20,1993-11-05,DELIVER IN PERSON,MAIL,"osits nag idly express, final instruct"
57217-1,57217,607,70,1,17.00,25629.20,0.09,0.01,R,F,1995-03-14,1995-02-21,1995-04-04,COLLECT COD,SHIP,s. fluffily final dolphins cajol
57217-2,57217,475,34,2,40.00,55018.80,0.07,0.01,R,F,1995-02-15,1995-04-14,1995-02-28,COLLECT COD,REG AIR,eep doggedly-- c
57217-3,57217,1684,8,3,27.00,42813.36,0.08,0.02,R,F,1995-03-18,1995-03-26,1995-03-28,DELIVER IN PERSON,FOB,s cajole quickly instructions. bli
57217-4,57217,763,96,4,11.00,18301.36,0.07,0.00,A,F,1995-02-10,1995-02-23,1995-02-19,TAKE BACK RETURN,AIR,ress instruc
57217-5,57217,264,65,5,37.00,43077.62,0.10,0.06,R,F,1995-03-18,1995-04-02,1995-03-25,NONE,REG AIR,eodolites are. slyly bold request
57217-6,57217,883,50,6,23.00,41029.24,0.03,0.08,A,F,1995-02-28,1995-03-26,1995-03-26,COLLECT COD,AIR,ternes. quickly bold accounts sleep. reg
57218-1,57218,764,61,1,22.00,36624.72,0.06,0.07,N,O,1997-09-23,1997-08-12,1997-09-28,COLLECT COD,MAIL,eans. furiously final theodolites sl
57218-2,57218,1866,53,2,36.00,63642.96,0.02,0.08,N,O,1997-06-23,1997-07-21,1997-06-26,DELIVER IN PERSON,FOB,into beans. sometimes even packages
57219-1,57219,1537,38,1,46.00,66172.38,0.01,0.05,N,O,1995-11-09,1995-12-02,1995-11-28,COLLECT COD,MAIL, quickly alongside
57219-2,57219,1197,98,2,45.00,49418.55,0.06,0.06,N,O,1995-12-19,1995-12-19,1995-12-21,TAKE BACK RETURN,MAIL, deposits haggle above the p
57220-1,57220,1589,30,1,17.00,25339.86,0.07,0.05,N,O,1995-12-07,1995-10-06,1995-12-22,COLLECT COD,MAIL,es wake blithely courts. careful
57220-2,57220,1057,28,2,7.00,6706.35,0.07,0.08,N,O,1996-01-01,1995-10-22,1996-01-24,TAKE BACK RETURN,TRUCK,nic packages cajole
57220-3,57220,1226,64,3,43.00,48470.46,0.05,0.02,N,O,1995-12-29,1995-10-19,1995-12-31,TAKE BACK RETURN,AIR,uickly around the blithely final deposits
57221-1,57221,1720,21,1,4.00,6486.88,0.09,0.00,N,O,1997-12-23,1998-01-27,1998-01-20,NONE,TRUCK,uriously pending ideas at the qu
57222-1,57222,403,62,1,28.00,36495.20,0.09,0.00,N,O,1996-12-28,1996-12-29,1996-12-31,COLLECT COD,SHIP,o beans. silent courts use blith
57222-2,57222,1009,10,2,3.00,2730.00,0.04,0.02,N,O,1997-02-18,1996-12-16,1997-02-25,DELIVER IN PERSON,FOB,requests boost furiously caref
57222-3,57222,61,87,3,6.00,5766.36,0.01,0.02,N,O,1997-02-02,1996-12-27,1997-02-12,NONE,FOB,uiet accounts. furiously regular in
57222-4,57222,1674,16,4,15.00,23635.05,0.00,0.04,N,O,1996-12-26,1996-12-19,1997-01-18,DELIVER IN PERSON,RAIL,"ests along the silent, regular i"
57222-5,57222,1950,39,5,10.00,18519.50,0.05,0.05,N,O,1997-03-11,1997-01-27,1997-04-04,DELIVER IN PERSON,SHIP,quickly special excuses. even p
57222-6,57222,684,47,6,1.00,1584.68,0.03,0.07,N,O,1997-01-20,1996-12-23,1997-02-04,COLLECT COD,MAIL,"ns affix. final, final asymptotes cajo"
57222-7,57222,708,73,7,13.00,20913.10,0.08,0.00,N,O,1997-01-10,1996-12-10,1997-02-06,NONE,SHIP,s use requests. requests wake
57223-1,57223,1515,36,1,30.00,42495.30,0.10,0.05,N,O,1996-01-17,1996-02-27,1996-01-18,COLLECT COD,FOB,unts. fluffily pending requests wa
57248-1,57248,258,40,1,26.00,30114.50,0.03,0.02,R,F,1994-12-13,1995-01-10,1995-01-05,DELIVER IN PERSON,TRUCK,jole furiously. furiously unusual pac
57248-2,57248,226,27,2,18.00,20271.96,0.03,0.03,A,F,1994-11-15,1994-12-18,1994-12-13,COLLECT COD,AIR,ts wake quickly regular accounts. b
57249-1,57249,1577,18,1,14.00,20699.98,0.03,0.07,A,F,1993-10-01,1993-08-21,1993-10-25,COLLECT COD,TRUCK,ily slow pinto beans. quickly spec
57249-2,57249,982,85,2,44.00,82851.12,0.02,0.01,A,F,1993-08-02,1993-10-10,1993-08-20,DELIVER IN PERSON,REG AIR,alongside of t
57249-3,57249,1160,33,3,45.00,47752.20,0.02,0.08,A,F,1993-10-25,1993-08-26,1993-11-24,DELIVER IN PERSON,TRUCK,e after the express theodolites. 
57249-4,57249,1539,20,4,36.00,51859.08,0.10,0.08,A,F,1993-08-14,1993-08-26,1993-09-04,TAKE BACK RETURN,REG AIR,nto beans wake bl
57249-5,57249,187,88,5,49.00,53271.82,0.02,0.01,R,F,1993-10-07,1993-09-22,1993-10-20,TAKE BACK RETURN,REG AIR,ely unusual packages haggle bl
57249-6,57249,314,71,6,22.00,26714.82,0.06,0.03,A,F,1993-10-18,1993-10-18,1993-11-12,COLLECT COD,SHIP,lar ideas. slyly c
57249-7,57249,842,42,7,5.00,8714.20,0.08,0.00,R,F,1993-08-17,1993-08-29,1993-09-09,NONE,SHIP,"r, express dinos cajole slyly even platele"
57250-1,57250,709,74,1,18.00,28974.60,0.05,0.06,N,O,1996-01-24,1996-03-10,1996-02-20,NONE,FOB,ns according to the final excuses use fu
57250-2,57250,1454,33,2,30.00,40663.50,0.04,0.04,N,O,1996-03-05,1996-02-23,1996-03-09,TAKE BACK RETURN,AIR,d deposits
57250-3,57250,1776,77,3,27.00,45299.79,0.00,0.05,N,O,1996-02-06,1996-03-21,1996-02-27,COLLECT COD,TRUCK,ously final theodolites! boldly bold
57251-1,57251,1741,42,1,28.00,45996.72,0.03,0.02,N,O,1996-05-04,1996-06-21,1996-05-31,TAKE BACK RETURN,REG AIR,gular requests sleep slyly after the furiou
57252-1,57252,996,65,1,6.00,11381.94,0.02,0.06,N,O,1998-01-17,1997-12-19,1998-02-14,COLLECT COD,REG AIR,hely. packages 
57252-2,57252,1504,5,2,33.00,46381.50,0.08,0.00,N,O,1997-12-27,1997-11-18,1997-12-30,NONE,MAIL,dolphins. slyly un
57252-3,57252,1399,38,3,5.00,6501.95,0.04,0.03,N,O,1997-12-20,1997-12-19,1998-01-17,NONE,AIR,eas integrate blithely. sly
57252-4,57252,1085,91,4,44.00,43387.52,0.00,0.07,N,O,1997-11-03,1997-12-24,1997-11-23,NONE,SHIP, regular accounts use bli
57252-5,57252,1677,19,5,19.00,29994.73,0.06,0.00,N,O,1997-11-15,1997-12-26,1997-11-26,DELIVER IN PERSON,TRUCK,"es above the final, final requests wak"
57252-6,57252,1557,78,6,17.00,24795.35,0.06,0.07,N,O,1997-10-28,1997-12-19,1997-11-04,NONE,SHIP,ully regular r
57252-7,57252,754,19,7,11.00,18202.25,0.08,0.05,N,O,1997-11-02,1997-11-21,1997-11-12,TAKE BACK RETURN,MAIL,lay pinto beans. regular deposi
57253-1,57253,113,66,1,9.00,9117.99,0.05,0.07,R,F,1994-05-02,1994-03-01,1994-05-07,TAKE BACK RETURN,MAIL,lly ironic theodolites
57253-2,57253,1146,83,2,8.00,8377.12,0.09,0.08,A,F,1994-02-06,1994-02-08,1994-02-18,COLLECT COD,REG AIR," ironic courts. final, even "
57253-3,57253,651,83,3,24.00,37239.60,0.08,0.07,A,F,1994-04-21,1994-02-10,1994-05-20,COLLECT COD,AIR,ess asymptotes above the sometimes specia
57253-4,57253,171,24,4,23.00,24636.91,0.02,0.06,R,F,1994-01-19,1994-03-09,1994-01-20,TAKE BACK RETURN,REG AIR," the special accounts was above the even, i"
57253-5,57253,528,19,5,38.00,54283.76,0.10,0.08,R,F,1994-01-25,1994-03-10,1994-02-24,TAKE BACK RETURN,SHIP,elets. carefully special depen
57253-6,57253,945,14,6,31.00,57224.14,0.01,0.05,R,F,1994-03-29,1994-03-31,1994-04-15,NONE,REG AIR,ns wake. bold requests are daringly.
57253-7,57253,1826,27,7,45.00,77751.90,0.07,0.08,A,F,1994-02-28,1994-02-15,1994-03-22,NONE,AIR,p slyly. carefu
57254-1,57254,1676,18,1,19.00,29975.73,0.06,0.08,N,O,1998-05-04,1998-05-07,1998-05-16,COLLECT COD,AIR, silent deposits dazzle sly
57254-2,57254,820,21,2,26.00,44741.32,0.02,0.06,N,O,1998-05-03,1998-05-14,1998-05-30,TAKE BACK RETURN,RAIL,unts kindle carefully.
57254-3,57254,1473,13,3,43.00,59102.21,0.09,0.03,N,O,1998-04-12,1998-04-12,1998-04-24,DELIVER IN PERSON,AIR,s nag quickly even platelets. qu
57254-4,57254,1568,9,4,21.00,30860.76,0.04,0.07,N,O,1998-05-18,1998-04-23,1998-05-20,COLLECT COD,AIR, quickly about 
57254-5,57254,508,99,5,23.00,32395.50,0.05,0.06,N,O,1998-06-13,1998-05-05,1998-06-23,COLLECT COD,REG AIR,. final foxes ab
57254-6,57254,576,37,6,41.00,60539.37,0.02,0.04,N,O,1998-05-12,1998-05-05,1998-05-15,TAKE BACK RETURN,SHIP,elets. boldly
57254-7,57254,181,82,7,9.00,9730.62,0.03,0.06,N,O,1998-03-14,1998-04-26,1998-04-06,DELIVER IN PERSON,FOB,"the final, bold ideas sleep ca"
57255-1,57255,590,21,1,23.00,34283.57,0.07,0.02,N,O,1998-01-23,1997-12-12,1998-02-14,NONE,MAIL, the pending instructio
57255-2,57255,1293,68,2,4.00,4777.16,0.02,0.04,N,O,1998-01-24,1997-11-22,1998-02-07,TAKE BACK RETURN,AIR,the ironic accounts. carefully special
57255-3,57255,1648,49,3,29.00,44939.56,0.00,0.04,N,O,1997-10-31,1997-11-08,1997-11-17,NONE,RAIL,nusual packages
57255-4,57255,1804,91,4,28.00,47762.40,0.01,0.03,N,O,1997-12-26,1997-11-17,1997-12-30,NONE,SHIP,unusual deposits do
57255-5,57255,1375,52,5,25.00,31909.25,0.05,0.02,N,O,1997-11-11,1997-12-28,1997-11-24,NONE,AIR,", ironic pack"
57280-1,57280,201,29,1,23.00,25327.60,0.10,0.01,R,F,1992-02-17,1992-04-21,1992-03-13,TAKE BACK RETURN,MAIL,romise among the carefully bold deposits. r
57280-2,57280,1646,88,2,44.00,68096.16,0.03,0.08,R,F,1992-05-16,1992-03-18,1992-05-24,NONE,AIR,its boost bl
57280-3,57280,1383,98,3,31.00,39815.78,0.06,0.05,A,F,1992-04-23,1992-03-03,1992-05-02,COLLECT COD,TRUCK, excuses nod slyly slyly regular reques
57281-1,57281,875,75,1,23.00,40845.01,0.04,0.03,R,F,1993-08-06,1993-05-25,1993-09-02,DELIVER IN PERSON,TRUCK,integrate according to
57281-2,57281,1419,59,2,44.00,58098.04,0.07,0.08,R,F,1993-06-01,1993-05-29,1993-06-14,COLLECT COD,REG AIR,beans are. 
57281-3,57281,174,53,3,46.00,49411.82,0.07,0.03,A,F,1993-07-15,1993-06-10,1993-08-02,COLLECT COD,TRUCK,"es wake quickly after the even, enti"
57282-1,57282,162,63,1,21.00,22305.36,0.04,0.03,N,O,1997-02-07,1997-03-06,1997-02-27,COLLECT COD,REG AIR,xes detect bravely along the carefully b
57282-2,57282,1659,60,2,48.00,74911.20,0.00,0.00,N,O,1997-03-22,1997-01-29,1997-04-20,DELIVER IN PERSON,RAIL,ely final deposits boost furiously to the
57282-3,57282,854,54,3,30.00,52645.50,0.05,0.01,N,O,1997-04-07,1997-03-15,1997-04-21,DELIVER IN PERSON,FOB, cajole per
57283-1,57283,1812,99,1,42.00,71980.02,0.09,0.01,R,F,1994-05-19,1994-05-02,1994-06-18,COLLECT COD,AIR,"sentiments. ironic, sp"
57283-2,57283,1662,86,2,29.00,45346.14,0.02,0.01,R,F,1994-04-21,1994-05-12,1994-04-30,DELIVER IN PERSON,RAIL,"ly pending accounts. final, expr"
57283-3,57283,371,72,3,3.00,3814.11,0.10,0.01,R,F,1994-06-09,1994-05-13,1994-07-09,COLLECT COD,RAIL,hockey players are ironic
57284-1,57284,1441,81,1,45.00,60409.80,0.08,0.07,N,O,1997-12-02,1997-11-29,1997-12-21,COLLECT COD,AIR," blithely warhorses. bold, ironic "
57284-2,57284,487,75,2,26.00,36074.48,0.00,0.07,N,O,1997-11-20,1997-10-31,1997-12-15,DELIVER IN PERSON,AIR,usual deposits 
57284-3,57284,127,80,3,25.00,25678.00,0.02,0.04,N,O,1997-09-11,1997-10-23,1997-09-28,COLLECT COD,REG AIR,al request
57284-4,57284,998,1,4,1.00,1898.99,0.00,0.05,N,O,1997-11-21,1997-10-31,1997-12-08,TAKE BACK RETURN,REG AIR,s. furiously pending
57284-5,57284,1383,22,5,5.00,6421.90,0.01,0.08,N,O,1998-01-03,1997-11-23,1998-01-17,DELIVER IN PERSON,SHIP," boost quickly? express, ironic platelets"
57285-1,57285,1855,42,1,13.00,22839.05,0.00,0.05,N,O,1998-02-03,1998-04-28,1998-02-09,TAKE BACK RETURN,FOB,ke fluffily against the furi
57285-2,57285,797,62,2,12.00,20373.48,0.04,0.08,N,O,1998-06-01,1998-04-17,1998-06-27,TAKE BACK RETURN,FOB,"s print slyly. regular, special requests s"
57285-3,57285,1310,25,3,6.00,7267.86,0.05,0.07,N,O,1998-02-01,1998-03-31,1998-02-23,TAKE BACK RETURN,RAIL,ptotes haggle fluffily b
57285-4,57285,1544,45,4,23.00,33247.42,0.03,0.08,N,O,1998-04-05,1998-03-12,1998-05-03,NONE,SHIP,bold deposits haggle furio
57285-5,57285,752,17,5,41.00,67762.75,0.07,0.04,N,O,1998-03-27,1998-04-08,1998-04-17,NONE,AIR,re carefully 
57285-6,57285,1484,63,6,33.00,45720.84,0.01,0.03,N,O,1998-05-15,1998-03-20,1998-06-13,TAKE BACK RETURN,TRUCK,ly furiously final foxes! fluffily final t
57286-1,57286,1230,68,1,7.00,7918.61,0.06,0.08,N,O,1996-06-05,1996-04-16,1996-06-08,NONE,MAIL,ackages are fur
57287-1,57287,373,30,1,18.00,22920.66,0.04,0.08,N,O,1995-12-24,1996-01-25,1996-01-05,TAKE BACK RETURN,FOB,gular foxes. e
57287-2,57287,466,54,2,1.00,1366.46,0.03,0.08,N,O,1995-12-27,1996-01-25,1996-01-10,NONE,RAIL,"ic, fluffy packages haggle. "
57287-3,57287,1257,32,3,23.00,26639.75,0.07,0.07,N,O,1996-01-07,1995-12-11,1996-01-09,DELIVER IN PERSON,SHIP,ns cajole fluffily about the carefully regu
57312-1,57312,509,10,1,43.00,60608.50,0.06,0.02,A,F,1993-10-10,1993-09-18,1993-11-05,TAKE BACK RETURN,RAIL,"ar requests sleep regular, unusual ideas. "
57313-1,57313,547,38,1,19.00,27503.26,0.10,0.03,N,O,1997-10-05,1997-08-06,1997-11-03,DELIVER IN PERSON,REG AIR,y alongside of the blithely final pla
57313-2,57313,923,92,2,14.00,25534.88,0.00,0.02,N,O,1997-06-27,1997-08-23,1997-07-23,COLLECT COD,RAIL,ndencies. asymptotes are packag
57313-3,57313,925,28,3,49.00,89470.08,0.00,0.03,N,O,1997-07-31,1997-07-25,1997-08-27,COLLECT COD,AIR,o the quickly even foxes sleep per
57313-4,57313,1331,32,4,1.00,1232.33,0.09,0.05,N,O,1997-09-09,1997-08-07,1997-09-28,NONE,SHIP,e pearls sleep furiously beyond t
57314-1,57314,1826,70,1,18.00,31100.76,0.07,0.06,A,F,1993-10-20,1994-01-08,1993-10-29,DELIVER IN PERSON,AIR,ns against the dependencies cajole 
57314-2,57314,946,15,2,24.00,44326.56,0.02,0.02,A,F,1993-12-19,1993-11-25,1994-01-02,COLLECT COD,MAIL,nusual acc
57314-3,57314,1359,98,3,29.00,36550.15,0.01,0.03,R,F,1994-01-11,1993-12-04,1994-01-16,COLLECT COD,MAIL,. carefully bol
57314-4,57314,135,88,4,48.00,49686.24,0.05,0.00,R,F,1994-02-05,1993-12-17,1994-02-18,DELIVER IN PERSON,REG AIR,ers nag special dol
57314-5,57314,691,92,5,44.00,70034.36,0.05,0.07,A,F,1993-11-07,1993-11-30,1993-11-28,DELIVER IN PERSON,AIR,fluffily regular accounts are blithely fu
57314-6,57314,1167,4,6,6.00,6408.96,0.10,0.00,R,F,1993-10-25,1993-12-09,1993-11-08,DELIVER IN PERSON,MAIL,gular platelets 
57314-7,57314,1796,97,7,38.00,64516.02,0.06,0.01,R,F,1994-01-20,1993-11-19,1994-02-03,COLLECT COD,REG AIR,packages. fluffily regular de
57315-1,57315,1585,66,1,1.00,1486.58,0.06,0.04,A,F,1994-07-08,1994-07-22,1994-07-17,NONE,FOB,requests are bli
57316-1,57316,691,54,1,34.00,54117.46,0.03,0.03,N,O,1996-11-20,1996-12-17,1996-12-20,NONE,MAIL,lar somas again
57316-2,57316,932,35,2,26.00,47656.18,0.02,0.01,N,O,1997-01-03,1996-12-26,1997-01-27,COLLECT COD,RAIL,slyly depos
57316-3,57316,753,50,3,27.00,44651.25,0.06,0.02,N,O,1996-10-07,1996-10-28,1996-10-08,NONE,REG AIR,y special asymptot
57316-4,57316,468,98,4,19.00,26000.74,0.05,0.02,N,O,1996-11-22,1996-11-29,1996-12-06,NONE,MAIL,nic deposits. slyly regular platelets ac
57316-5,57316,1450,51,5,26.00,35137.70,0.03,0.02,N,O,1996-12-22,1996-11-15,1997-01-14,TAKE BACK RETURN,MAIL,y beyond the quickl
57317-1,57317,260,15,1,21.00,24365.46,0.08,0.06,N,O,1996-01-20,1996-01-28,1996-02-14,DELIVER IN PERSON,RAIL,symptotes. attainments detect above t
57318-1,57318,1473,52,1,45.00,61851.15,0.01,0.05,A,F,1993-04-15,1993-03-30,1993-04-20,COLLECT COD,TRUCK,ular theodolites. quickly even requests a
57318-2,57318,1829,59,2,31.00,53655.42,0.03,0.03,R,F,1993-04-02,1993-03-16,1993-04-23,NONE,AIR,"somas impress always even, b"
57318-3,57318,1344,21,3,10.00,12453.40,0.04,0.03,R,F,1993-02-15,1993-04-10,1993-03-13,TAKE BACK RETURN,RAIL,ecial dependencies doze furio
57318-4,57318,772,69,4,1.00,1672.77,0.06,0.08,A,F,1993-02-11,1993-03-27,1993-03-01,TAKE BACK RETURN,AIR,ayers. slowly regular requests accord
57318-5,57318,1260,98,5,16.00,18580.16,0.08,0.03,R,F,1993-03-28,1993-03-22,1993-04-19,NONE,REG AIR,k instructions haggle. furio
57318-6,57318,885,19,6,32.00,57148.16,0.08,0.04,A,F,1993-03-14,1993-03-06,1993-04-09,TAKE BACK RETURN,REG AIR,furiously unusual requests boost d
57318-7,57318,1654,78,7,13.00,20223.45,0.08,0.05,A,F,1993-03-17,1993-03-07,1993-04-01,NONE,FOB, accounts haggle blithel
57319-1,57319,750,51,1,31.00,51173.25,0.07,0.00,R,F,1992-12-26,1992-12-09,1993-01-14,TAKE BACK RETURN,SHIP,ld packages
57319-2,57319,1170,71,2,43.00,46060.31,0.08,0.00,A,F,1992-12-03,1992-12-23,1992-12-30,TAKE BACK RETURN,MAIL,"ld, unusual theodolites detect furious"
57319-3,57319,1157,58,3,19.00,20104.85,0.06,0.02,R,F,1992-12-09,1992-12-01,1993-01-01,DELIVER IN PERSON,FOB,fluffily even fox
57319-4,57319,1467,85,4,47.00,64317.62,0.03,0.07,R,F,1992-12-08,1992-12-21,1992-12-26,TAKE BACK RETURN,SHIP, wake carefully? 
57319-5,57319,309,38,5,15.00,18139.50,0.10,0.06,A,F,1992-11-17,1992-12-26,1992-11-19,NONE,SHIP,nding excuses cajole 
57344-1,57344,1953,98,1,38.00,70488.10,0.09,0.07,R,F,1993-12-23,1993-10-30,1994-01-15,DELIVER IN PERSON,AIR,ions serve fluffily slyly ex
57344-2,57344,199,26,2,1.00,1099.19,0.06,0.05,A,F,1993-10-22,1993-11-05,1993-10-26,COLLECT COD,RAIL, are. regular packages above the pendin
57345-1,57345,536,67,1,39.00,56024.67,0.10,0.07,N,O,1998-08-18,1998-09-08,1998-08-20,COLLECT COD,RAIL, express requests boos
57345-2,57345,616,79,2,30.00,45498.30,0.05,0.04,N,O,1998-10-16,1998-10-07,1998-10-25,COLLECT COD,MAIL,symptotes. slyly final
57345-3,57345,1574,75,3,15.00,22133.55,0.01,0.03,N,O,1998-11-04,1998-10-04,1998-11-30,DELIVER IN PERSON,MAIL,al foxes wake furiously express 
57345-4,57345,1617,100,4,8.00,12148.88,0.07,0.02,N,O,1998-08-31,1998-08-23,1998-09-26,COLLECT COD,SHIP,hang furiously over 
57346-1,57346,1131,68,1,22.00,22706.86,0.08,0.05,R,F,1992-05-10,1992-04-16,1992-05-19,COLLECT COD,RAIL,ideas. final pinto beans w
57346-2,57346,573,34,2,20.00,29471.40,0.10,0.06,A,F,1992-04-16,1992-03-13,1992-05-11,TAKE BACK RETURN,MAIL,shall have to sleep. caref
57347-1,57347,562,53,1,30.00,43876.80,0.02,0.03,N,O,1997-03-13,1997-01-08,1997-03-19,DELIVER IN PERSON,TRUCK,ar ideas boost carefully slyly
57347-2,57347,1011,82,2,22.00,20064.22,0.02,0.05,N,O,1997-01-11,1997-01-28,1997-01-30,NONE,FOB,ronic accounts. brave epi
57347-3,57347,926,27,3,43.00,78557.56,0.02,0.06,N,O,1997-01-14,1997-01-16,1997-02-08,COLLECT COD,SHIP,iously final requests w
57347-4,57347,1439,57,4,35.00,46915.05,0.06,0.03,N,O,1997-03-10,1997-03-02,1997-04-04,COLLECT COD,MAIL,serve. blithely express accounts abov
57348-1,57348,1376,91,1,22.00,28102.14,0.03,0.02,A,F,1993-05-26,1993-05-10,1993-06-08,TAKE BACK RETURN,REG AIR,r hockey play
57348-2,57348,965,100,2,39.00,72772.44,0.03,0.06,A,F,1993-07-15,1993-06-02,1993-08-11,COLLECT COD,FOB,inal instructions. hockey p
57349-1,57349,732,65,1,25.00,40818.25,0.02,0.05,R,F,1992-04-13,1992-07-05,1992-04-28,TAKE BACK RETURN,SHIP, quickly careful
57349-2,57349,1939,28,2,46.00,84682.78,0.06,0.08,A,F,1992-06-13,1992-07-09,1992-07-08,COLLECT COD,MAIL, packages at the fluffily 
57349-3,57349,611,43,3,23.00,34767.03,0.01,0.02,R,F,1992-05-25,1992-05-12,1992-06-13,COLLECT COD,FOB, quickly idle accounts doubt among 
57350-1,57350,1578,59,1,33.00,48825.81,0.05,0.04,N,O,1995-09-21,1995-06-25,1995-10-08,NONE,AIR,riously unusua
57350-2,57350,1417,35,2,38.00,50099.58,0.07,0.01,N,O,1995-08-19,1995-07-09,1995-08-29,TAKE BACK RETURN,TRUCK, the final packa
57350-3,57350,1145,82,3,36.00,37661.04,0.08,0.03,N,O,1995-08-26,1995-07-20,1995-09-06,DELIVER IN PERSON,AIR, ironic theodolites sleep. furi
57350-4,57350,1828,15,4,12.00,20757.84,0.00,0.01,N,O,1995-08-08,1995-08-15,1995-08-10,TAKE BACK RETURN,MAIL,e slyly. express 
57350-5,57350,637,31,5,22.00,33827.86,0.07,0.03,N,O,1995-09-18,1995-07-23,1995-10-14,COLLECT COD,FOB,uickly final theodolites nag
57350-6,57350,168,21,6,44.00,46999.04,0.08,0.05,N,O,1995-09-15,1995-08-21,1995-10-09,NONE,RAIL,y regular foxes above the closely re
57350-7,57350,1513,94,7,1.00,1414.51,0.10,0.02,N,O,1995-06-25,1995-08-09,1995-07-17,DELIVER IN PERSON,MAIL,y regular requests. close packag
57351-1,57351,1344,21,1,31.00,38605.54,0.02,0.04,N,O,1996-04-15,1996-02-16,1996-05-08,NONE,RAIL,ffix on the instructions. final pinto 
57376-1,57376,1864,65,1,42.00,74166.12,0.04,0.07,N,O,1995-09-07,1995-07-21,1995-10-01,COLLECT COD,AIR, even accounts ser
57376-2,57376,1836,80,2,50.00,86891.50,0.02,0.01,N,O,1995-09-26,1995-09-06,1995-09-30,DELIVER IN PERSON,TRUCK,xcuses wake unu
57376-3,57376,1910,11,3,34.00,61604.94,0.03,0.06,N,O,1995-06-29,1995-09-07,1995-07-05,NONE,TRUCK,ependencies wake carefull
57376-4,57376,1070,76,4,10.00,9710.70,0.01,0.08,N,O,1995-09-02,1995-08-04,1995-09-19,DELIVER IN PERSON,REG AIR,sts. slyly ironic depo
57376-5,57376,1869,56,5,44.00,77917.84,0.00,0.02,N,O,1995-10-12,1995-08-01,1995-10-16,TAKE BACK RETURN,MAIL,es. slyly express accounts ab
57376-6,57376,1991,92,6,26.00,49217.74,0.08,0.07,N,O,1995-10-02,1995-08-20,1995-10-14,COLLECT COD,MAIL,riously final accounts dazzle sometimes 
57376-7,57376,1556,37,7,34.00,49556.70,0.08,0.04,N,O,1995-07-19,1995-08-07,1995-07-27,NONE,FOB,al deposits. 
57377-1,57377,1892,79,1,11.00,19732.79,0.05,0.02,N,O,1998-06-20,1998-06-23,1998-07-04,COLLECT COD,REG AIR,even requests above the 
57377-2,57377,1936,69,2,36.00,66165.48,0.10,0.06,N,O,1998-06-11,1998-06-21,1998-07-06,TAKE BACK RETURN,RAIL,nic deposits nag. carefully regular
57378-1,57378,1012,48,1,46.00,41998.46,0.10,0.02,R,F,1995-04-29,1995-02-03,1995-05-17,NONE,TRUCK, quickly even requests sleep fluffily spec
57378-2,57378,116,17,2,26.00,26418.86,0.10,0.03,A,F,1995-03-30,1995-02-27,1995-04-17,NONE,AIR,s platelets
57378-3,57378,923,58,3,5.00,9119.60,0.00,0.05,R,F,1994-12-30,1995-02-22,1995-01-13,COLLECT COD,AIR,ly express
57379-1,57379,355,84,1,10.00,12553.50,0.02,0.01,A,F,1994-06-18,1994-08-31,1994-06-25,NONE,AIR,"lly even requests. special, silen"
57379-2,57379,1260,35,2,14.00,16257.64,0.10,0.01,R,F,1994-09-24,1994-07-30,1994-09-29,DELIVER IN PERSON,SHIP,ts. even se
57380-1,57380,1842,29,1,33.00,57546.72,0.08,0.06,N,O,1996-01-05,1995-12-16,1996-01-13,COLLECT COD,SHIP,s against th
57380-2,57380,588,79,2,40.00,59543.20,0.08,0.07,N,O,1996-02-05,1996-01-18,1996-02-11,TAKE BACK RETURN,SHIP,y unusual requests. slyly even depe
57380-3,57380,1969,70,3,42.00,78580.32,0.08,0.06,N,O,1996-02-08,1995-12-05,1996-02-10,COLLECT COD,SHIP,"e express, special de"
57380-4,57380,1842,43,4,3.00,5231.52,0.06,0.05,N,O,1996-01-10,1996-01-15,1996-01-12,TAKE BACK RETURN,TRUCK,. slyly express requests are quick
57380-5,57380,1183,92,5,34.00,36862.12,0.08,0.05,N,O,1996-01-28,1995-12-30,1996-02-05,NONE,RAIL,eposits cajole sly
57381-1,57381,586,47,1,42.00,62436.36,0.01,0.08,A,F,1994-11-08,1994-09-09,1994-11-26,COLLECT COD,RAIL, above the quickly express requests. re
57381-2,57381,326,55,2,40.00,49052.80,0.02,0.05,R,F,1994-12-04,1994-10-26,1994-12-26,NONE,SHIP, carefully
57381-3,57381,1746,73,3,30.00,49432.20,0.00,0.00,R,F,1994-11-18,1994-10-27,1994-12-12,NONE,SHIP,ajole according to the
57381-4,57381,1055,56,4,21.00,20077.05,0.04,0.01,R,F,1994-10-01,1994-11-02,1994-10-31,TAKE BACK RETURN,SHIP,cajole against the special deposits. p
57382-1,57382,1326,3,1,11.00,13500.52,0.10,0.02,R,F,1994-07-22,1994-06-16,1994-08-06,NONE,REG AIR,tructions. furiousl
57382-2,57382,1654,96,2,45.00,70004.25,0.07,0.02,R,F,1994-07-17,1994-05-03,1994-08-12,NONE,TRUCK,ely silent platelets aff
57382-3,57382,329,86,3,41.00,50402.12,0.08,0.01,A,F,1994-05-16,1994-04-26,1994-05-29,DELIVER IN PERSON,SHIP,s deposits wa
57383-1,57383,1611,94,1,49.00,74117.89,0.10,0.05,R,F,1994-02-22,1994-02-07,1994-03-05,TAKE BACK RETURN,MAIL,press requests are carefully under the f
57383-2,57383,1216,17,2,5.00,5586.05,0.07,0.05,R,F,1993-12-09,1994-01-04,1994-01-08,NONE,AIR,se blithely along th
57383-3,57383,1022,28,3,24.00,22152.48,0.03,0.00,R,F,1994-03-09,1993-12-14,1994-04-07,DELIVER IN PERSON,REG AIR,s sleep quickly final theo
57383-4,57383,776,41,4,2.00,3353.54,0.01,0.01,A,F,1994-01-21,1994-01-07,1994-01-30,NONE,TRUCK,final deposits haggle
57383-5,57383,739,4,5,47.00,77067.31,0.04,0.06,A,F,1994-02-17,1994-01-18,1994-03-02,NONE,TRUCK, the close foxes. final
57383-6,57383,1691,92,6,2.00,3185.38,0.09,0.07,A,F,1994-02-27,1994-01-23,1994-03-10,DELIVER IN PERSON,RAIL,uriously. carefully ironic request
57383-7,57383,1759,44,7,48.00,79716.00,0.01,0.02,R,F,1994-01-06,1994-01-28,1994-01-29,NONE,AIR,nt theodolites. e
57408-1,57408,345,2,1,33.00,41096.22,0.09,0.01,N,O,1997-03-24,1997-05-11,1997-03-29,COLLECT COD,FOB,ments cajole regular pinto beans. b
57408-2,57408,576,67,2,11.00,16242.27,0.07,0.02,N,O,1997-06-02,1997-04-04,1997-06-19,DELIVER IN PERSON,TRUCK,. instructions boost blithely ir
57408-3,57408,565,56,3,40.00,58622.40,0.02,0.05,N,O,1997-04-20,1997-04-22,1997-05-07,TAKE BACK RETURN,RAIL,uts print quickly after 
57408-4,57408,623,24,4,45.00,68562.90,0.05,0.02,N,O,1997-05-01,1997-04-02,1997-05-18,COLLECT COD,SHIP,eep carefully across the care
57409-1,57409,164,65,1,43.00,45758.88,0.00,0.08,R,F,1995-01-02,1995-02-04,1995-01-17,COLLECT COD,AIR,structions. blithely final theod
57409-2,57409,1855,56,2,37.00,65003.45,0.08,0.05,A,F,1994-12-10,1995-01-08,1994-12-22,NONE,TRUCK, accounts are i
57409-3,57409,1308,85,3,2.00,2418.60,0.07,0.03,R,F,1995-03-09,1995-01-21,1995-03-19,COLLECT COD,SHIP,onic packages affix blithely.
57409-4,57409,1951,84,4,44.00,81529.80,0.06,0.00,A,F,1994-12-24,1995-01-13,1994-12-28,COLLECT COD,TRUCK,al excuses? fu
57410-1,57410,1757,84,1,24.00,39810.00,0.10,0.05,N,O,1998-04-02,1998-04-17,1998-04-19,COLLECT COD,RAIL,ke slyly carefully brave dep
57410-2,57410,1139,48,2,47.00,48886.11,0.08,0.08,N,O,1998-01-28,1998-04-15,1998-02-02,TAKE BACK RETURN,SHIP,r ideas affix bl
57410-3,57410,1078,84,3,8.00,7832.56,0.06,0.02,N,O,1998-03-08,1998-04-05,1998-03-22,TAKE BACK RETURN,TRUCK,ravely even foxes. iro
57410-4,57410,1748,49,4,22.00,36294.28,0.04,0.00,N,O,1998-04-06,1998-03-23,1998-04-10,COLLECT COD,FOB,ully alongside of the 
57410-5,57410,457,87,5,25.00,33936.25,0.02,0.00,N,O,1998-04-17,1998-02-24,1998-04-30,DELIVER IN PERSON,REG AIR,thely special packages boost furio
57410-6,57410,1019,55,6,25.00,23000.25,0.10,0.02,N,O,1998-05-12,1998-02-18,1998-05-20,DELIVER IN PERSON,AIR,carefully regular dolphins. 
57411-1,57411,1139,40,1,37.00,38484.81,0.04,0.02,N,O,1998-06-18,1998-06-24,1998-07-03,COLLECT COD,AIR,eep fluffily. special
57411-2,57411,795,60,2,21.00,35611.59,0.06,0.02,N,O,1998-07-09,1998-07-21,1998-07-19,NONE,SHIP, requests sleep slyly against the pending 
57412-1,57412,1546,67,1,23.00,33293.42,0.09,0.04,R,F,1994-10-24,1994-10-12,1994-11-14,TAKE BACK RETURN,REG AIR,ts are inside the special dep
57413-1,57413,1535,56,1,32.00,45968.96,0.05,0.08,N,O,1998-10-19,1998-08-25,1998-10-20,COLLECT COD,TRUCK,old theodolites boost. carefully
57413-2,57413,731,64,2,45.00,73427.85,0.01,0.06,N,O,1998-10-10,1998-08-21,1998-10-17,NONE,RAIL,ecial packages. specia
57413-3,57413,1015,51,3,43.00,39388.43,0.02,0.01,N,O,1998-09-17,1998-09-03,1998-10-17,TAKE BACK RETURN,MAIL,s detect quickly slyly pending pinto beans
57414-1,57414,80,81,1,11.00,10780.88,0.03,0.04,R,F,1992-09-16,1992-08-11,1992-10-03,COLLECT COD,SHIP,"ges. special, ironic theodolites slee"
57414-2,57414,96,97,2,33.00,32870.97,0.09,0.06,R,F,1992-07-12,1992-08-08,1992-07-25,TAKE BACK RETURN,TRUCK,leep carefully after the carefull
57415-1,57415,1053,59,1,47.00,44840.35,0.09,0.03,A,F,1994-06-12,1994-06-17,1994-07-11,TAKE BACK RETURN,RAIL,ld pinto beans sleep q
57415-2,57415,805,39,2,7.00,11940.60,0.10,0.00,R,F,1994-05-01,1994-05-12,1994-05-12,COLLECT COD,TRUCK,ully along t
57415-3,57415,886,86,3,47.00,83983.36,0.04,0.05,A,F,1994-05-15,1994-05-12,1994-06-09,DELIVER IN PERSON,REG AIR,"old ideas. bold, express dolphi"
57440-1,57440,927,28,1,16.00,29246.72,0.06,0.08,A,F,1993-09-11,1993-09-06,1993-10-11,TAKE BACK RETURN,MAIL,onic instructions accord
57440-2,57440,583,44,2,28.00,41540.24,0.10,0.08,R,F,1993-09-06,1993-10-13,1993-09-10,DELIVER IN PERSON,FOB,y special deposits sleep final pinto 
57441-1,57441,1323,24,1,47.00,57543.04,0.03,0.01,N,O,1996-07-30,1996-07-25,1996-08-14,NONE,AIR,inst the theodolites. quickly expre
57441-2,57441,1608,50,2,32.00,48307.20,0.06,0.06,N,O,1996-09-14,1996-08-23,1996-10-04,TAKE BACK RETURN,TRUCK,manent requests. regular realms cajole furi
57441-3,57441,1347,86,3,23.00,28711.82,0.05,0.06,N,O,1996-07-15,1996-08-30,1996-08-08,COLLECT COD,RAIL,regular platelets was against
57441-4,57441,1431,10,4,47.00,62624.21,0.08,0.00,N,O,1996-07-14,1996-09-07,1996-07-29,COLLECT COD,TRUCK,kly express 
57441-5,57441,1613,55,5,33.00,49982.13,0.09,0.04,N,O,1996-09-23,1996-08-21,1996-10-06,DELIVER IN PERSON,TRUCK,"n, final packages above th"
57442-1,57442,56,82,1,35.00,33461.75,0.07,0.02,N,O,1996-12-18,1996-12-19,1997-01-12,NONE,REG AIR, fluffily regular deposits wake furi
57442-2,57442,1989,90,2,2.00,3781.96,0.07,0.06,N,O,1996-11-10,1996-12-21,1996-12-03,NONE,MAIL, blithely idly bold excuses. foxes a
57442-3,57442,597,28,3,12.00,17971.08,0.05,0.03,N,O,1997-01-28,1997-01-01,1997-02-25,COLLECT COD,AIR,ultipliers boost slyly express plate
57442-4,57442,1356,71,4,49.00,61610.15,0.04,0.04,N,O,1997-02-18,1996-12-01,1997-02-26,DELIVER IN PERSON,FOB,unusual dependencies above the regula
57442-5,57442,1848,35,5,40.00,69993.60,0.04,0.03,N,O,1996-12-29,1997-01-14,1997-01-09,TAKE BACK RETURN,FOB,ckages boost carefully furiously ironic req
57443-1,57443,1830,17,1,23.00,39832.09,0.03,0.03,N,O,1998-03-29,1998-01-17,1998-04-25,COLLECT COD,SHIP,rets. fluffily even requests wake.
57443-2,57443,357,86,2,30.00,37720.50,0.08,0.07,N,O,1998-03-03,1998-02-22,1998-03-16,DELIVER IN PERSON,FOB,s. final theodolites affix acco
57443-3,57443,1841,71,3,38.00,66227.92,0.02,0.05,N,O,1998-04-09,1998-03-08,1998-05-07,NONE,RAIL, are caref
57444-1,57444,864,65,1,9.00,15883.74,0.04,0.06,N,O,1995-08-24,1995-07-17,1995-08-30,NONE,RAIL,ly regular packages do
57444-2,57444,1870,100,2,42.00,74418.54,0.03,0.04,N,O,1995-08-29,1995-07-16,1995-09-12,TAKE BACK RETURN,MAIL,he furiously special foxes 
57445-1,57445,602,96,1,49.00,73627.40,0.09,0.08,R,F,1994-09-10,1994-09-24,1994-09-22,TAKE BACK RETURN,MAIL, regular acco
57445-2,57445,514,5,2,48.00,67896.48,0.04,0.01,R,F,1994-09-20,1994-09-19,1994-10-18,TAKE BACK RETURN,RAIL,uickly against the never special i
57445-3,57445,752,53,3,23.00,38013.25,0.07,0.04,R,F,1994-10-15,1994-09-06,1994-10-31,NONE,MAIL, express accounts. furiously final requests
57445-4,57445,325,10,4,23.00,28182.36,0.09,0.02,A,F,1994-08-24,1994-10-08,1994-08-28,NONE,SHIP,across the enticing acc
57446-1,57446,1544,45,1,39.00,56376.06,0.03,0.02,N,O,1998-01-31,1998-02-25,1998-02-18,TAKE BACK RETURN,AIR,"usly final, s"
57446-2,57446,1804,48,2,24.00,40939.20,0.06,0.04,N,O,1998-01-16,1997-12-28,1998-01-20,NONE,TRUCK,carefully bold requests wake fluffily abou
57446-3,57446,1155,56,3,3.00,3168.45,0.00,0.05,N,O,1998-03-14,1998-02-10,1998-04-04,NONE,FOB,instructions. excuses haggle about th
57446-4,57446,157,58,4,49.00,51800.35,0.09,0.06,N,O,1998-01-11,1998-01-08,1998-02-02,DELIVER IN PERSON,AIR,cajole furio
57447-1,57447,40,16,1,2.00,1880.08,0.08,0.02,N,O,1995-07-07,1995-09-15,1995-07-13,TAKE BACK RETURN,SHIP,he furiously r
57447-2,57447,1840,84,2,30.00,52255.20,0.02,0.07,N,O,1995-10-04,1995-09-24,1995-10-15,NONE,MAIL,o beans cajole 
57447-3,57447,437,25,3,38.00,50822.34,0.04,0.07,N,O,1995-07-20,1995-08-10,1995-07-25,DELIVER IN PERSON,RAIL,d theodolites after the iro
57447-4,57447,247,75,4,15.00,17208.60,0.08,0.06,N,O,1995-08-31,1995-08-06,1995-09-03,TAKE BACK RETURN,TRUCK,. blithely regular deposits integrate by th
57447-5,57447,1562,63,5,17.00,24880.52,0.08,0.05,N,O,1995-09-24,1995-08-14,1995-09-27,TAKE BACK RETURN,RAIL,l deposits will have to wake
57447-6,57447,1095,1,6,39.00,38847.51,0.08,0.06,N,O,1995-09-28,1995-08-27,1995-10-22,COLLECT COD,REG AIR,thely final 
57472-1,57472,1964,9,1,23.00,42917.08,0.01,0.00,N,O,1998-08-19,1998-10-06,1998-09-03,TAKE BACK RETURN,AIR, multipliers against the bold foxes ma
57472-2,57472,823,24,2,29.00,49990.78,0.04,0.01,N,O,1998-09-06,1998-08-19,1998-09-13,DELIVER IN PERSON,RAIL,atelets serve carefull
57472-3,57472,1800,27,3,36.00,61264.80,0.07,0.06,N,O,1998-08-17,1998-10-10,1998-09-15,COLLECT COD,AIR,r the slyly even requests af
57472-4,57472,1188,97,4,39.00,42478.02,0.07,0.07,N,O,1998-09-01,1998-10-04,1998-09-19,DELIVER IN PERSON,SHIP,des was al
57472-5,57472,1842,43,5,10.00,17438.40,0.02,0.03,N,O,1998-09-04,1998-09-05,1998-10-03,DELIVER IN PERSON,MAIL,cajole boldly quickly
57472-6,57472,1855,56,6,26.00,45678.10,0.04,0.01,N,O,1998-07-18,1998-09-28,1998-08-03,DELIVER IN PERSON,TRUCK,lyly final pain
57473-1,57473,126,5,1,37.00,37966.44,0.05,0.02,A,F,1992-06-08,1992-05-10,1992-07-04,COLLECT COD,REG AIR,nto beans solve fluffily fl
57474-1,57474,433,92,1,10.00,13334.30,0.07,0.08,N,O,1996-07-16,1996-07-05,1996-07-23,NONE,FOB,lar accounts sleep about the slyly enti
57474-2,57474,612,6,2,27.00,40840.47,0.03,0.02,N,O,1996-08-16,1996-08-11,1996-09-06,DELIVER IN PERSON,FOB,y final pa
57475-1,57475,870,4,1,37.00,65522.19,0.08,0.01,A,F,1994-01-10,1993-12-13,1994-01-27,DELIVER IN PERSON,TRUCK,refully furiously s
57475-2,57475,1801,45,2,36.00,61300.80,0.08,0.08,A,F,1994-01-26,1993-11-25,1994-02-23,TAKE BACK RETURN,FOB,ter the quickly even pl
57475-3,57475,474,33,3,30.00,41234.10,0.09,0.05,A,F,1994-01-25,1994-01-02,1994-02-09,TAKE BACK RETURN,AIR,er the carefully pending dependencies wake 
57475-4,57475,1640,64,4,10.00,15416.40,0.04,0.01,A,F,1993-10-29,1993-11-12,1993-11-24,NONE,RAIL,to boost ac
57475-5,57475,1442,82,5,33.00,44333.52,0.09,0.07,A,F,1994-01-27,1993-12-24,1994-02-07,COLLECT COD,FOB,eans could cajole furiously accordi
57475-6,57475,1255,30,6,30.00,34687.50,0.04,0.01,R,F,1993-10-17,1993-11-30,1993-11-14,TAKE BACK RETURN,REG AIR,ly unusual excuses across the courts n
57475-7,57475,830,30,7,13.00,22500.79,0.10,0.04,R,F,1994-01-13,1993-11-08,1994-02-12,COLLECT COD,FOB,s. carefully special requests sleep slyly. 
57476-1,57476,1439,79,1,15.00,20106.45,0.05,0.08,A,F,1994-05-03,1994-05-10,1994-05-09,DELIVER IN PERSON,TRUCK, sometimes final ideas are ruthle
57476-2,57476,1415,55,2,18.00,23695.38,0.10,0.06,R,F,1994-04-05,1994-05-13,1994-05-05,DELIVER IN PERSON,REG AIR,nts. blithely final instructions acco
57476-3,57476,1355,70,3,19.00,23870.65,0.10,0.07,R,F,1994-03-23,1994-06-04,1994-04-20,TAKE BACK RETURN,RAIL,se across the b
57476-4,57476,1928,73,4,12.00,21959.04,0.00,0.04,A,F,1994-04-25,1994-05-15,1994-05-23,DELIVER IN PERSON,SHIP,ages believe requests. carefully sp
57477-1,57477,565,66,1,23.00,33707.88,0.04,0.03,A,F,1993-11-18,1993-11-07,1993-12-04,COLLECT COD,SHIP,g requests use expre
57477-2,57477,463,64,2,8.00,10907.68,0.01,0.06,A,F,1994-01-15,1993-10-27,1994-02-03,NONE,SHIP,sits. final accou
57477-3,57477,130,31,3,19.00,19572.47,0.09,0.05,A,F,1993-11-25,1993-12-14,1993-12-14,TAKE BACK RETURN,TRUCK,n accounts impress ruthl
57477-4,57477,1500,79,4,50.00,70075.00,0.10,0.03,R,F,1993-11-25,1993-12-01,1993-11-29,TAKE BACK RETURN,SHIP,nusual packages
57477-5,57477,936,5,5,6.00,11021.58,0.08,0.08,A,F,1993-11-18,1993-12-14,1993-12-04,COLLECT COD,MAIL,equests. quietly ironic pinto beans caj
57477-6,57477,42,93,6,37.00,34855.48,0.06,0.07,A,F,1994-01-13,1993-12-20,1994-01-20,NONE,REG AIR,fully along the fluffily re
57478-1,57478,329,58,1,43.00,52860.76,0.06,0.06,R,F,1994-01-06,1993-11-16,1994-01-29,DELIVER IN PERSON,RAIL, carefully dogg
57478-2,57478,1078,79,2,15.00,14686.05,0.02,0.06,A,F,1993-10-16,1993-11-09,1993-11-01,NONE,AIR,lways carefully
57478-3,57478,542,33,3,39.00,56259.06,0.01,0.05,R,F,1993-11-14,1993-11-07,1993-12-11,TAKE BACK RETURN,RAIL,run furiously alon
57478-4,57478,1723,66,4,33.00,53615.76,0.09,0.02,R,F,1993-10-11,1993-11-30,1993-10-16,DELIVER IN PERSON,TRUCK,ccording to t
57478-5,57478,1863,7,5,46.00,81183.56,0.10,0.02,R,F,1993-11-27,1993-12-26,1993-11-30,DELIVER IN PERSON,SHIP,lites haggle. furiously ironic reque
57478-6,57478,1488,67,6,2.00,2778.96,0.08,0.01,R,F,1994-02-01,1993-11-11,1994-03-03,COLLECT COD,REG AIR,lyly ironic deposits. carefully express
57479-1,57479,1935,36,1,28.00,51434.04,0.01,0.00,N,O,1995-07-04,1995-05-19,1995-07-16,COLLECT COD,FOB,en accounts. stealthi
57479-2,57479,1143,52,2,2.00,2088.28,0.05,0.01,A,F,1995-03-20,1995-05-26,1995-04-19,NONE,RAIL,ily regular requests.
57479-3,57479,1246,21,3,11.00,12619.64,0.03,0.04,N,O,1995-06-23,1995-04-19,1995-07-12,COLLECT COD,MAIL,ake blithely express 
57504-1,57504,472,73,1,39.00,53526.33,0.06,0.03,A,F,1994-10-18,1994-10-02,1994-11-10,TAKE BACK RETURN,TRUCK,efully pending ide
57504-2,57504,1641,83,2,28.00,43193.92,0.01,0.07,R,F,1994-08-16,1994-10-07,1994-08-17,TAKE BACK RETURN,FOB,iously unusual deposits are quickly. furiou
57505-1,57505,1072,43,1,42.00,40868.94,0.01,0.02,N,O,1997-02-04,1997-02-04,1997-02-28,NONE,MAIL,unusual deposits snooze
57505-2,57505,629,61,2,36.00,55066.32,0.03,0.07,N,O,1997-02-12,1996-12-31,1997-03-12,COLLECT COD,MAIL,latelets boost blithely against the bold 
57505-3,57505,925,60,3,31.00,56603.52,0.10,0.01,N,O,1996-11-28,1997-01-30,1996-12-13,DELIVER IN PERSON,TRUCK, requests. furiously even packages use 
57505-4,57505,321,50,4,50.00,61066.00,0.05,0.02,N,O,1997-03-16,1997-01-11,1997-04-03,COLLECT COD,FOB,dependencies. blithely pending pa
57506-1,57506,503,94,1,40.00,56140.00,0.08,0.03,A,F,1994-02-17,1994-04-03,1994-02-25,COLLECT COD,SHIP,ly even foxes. furiously pending requests h
57506-2,57506,1027,98,2,36.00,33408.72,0.06,0.02,A,F,1994-05-29,1994-04-02,1994-06-28,NONE,FOB, fluffily. pe
57506-3,57506,1772,73,3,25.00,41844.25,0.04,0.00,A,F,1994-04-06,1994-05-05,1994-04-29,NONE,AIR,"regular, final foxes wake finally. final "
57506-4,57506,374,59,4,20.00,25487.40,0.10,0.08,R,F,1994-05-19,1994-05-08,1994-06-05,DELIVER IN PERSON,MAIL,ys above the blithely ironic packag
57506-5,57506,566,27,5,26.00,38130.56,0.09,0.03,A,F,1994-04-10,1994-05-02,1994-04-21,DELIVER IN PERSON,MAIL,s. final pinto beans grow along the ir
57507-1,57507,1379,94,1,25.00,32009.25,0.08,0.07,A,F,1994-10-07,1994-08-29,1994-11-03,TAKE BACK RETURN,RAIL,lithely regular braids. quickly 
57507-2,57507,130,9,2,4.00,4120.52,0.10,0.08,R,F,1994-08-31,1994-09-04,1994-09-17,COLLECT COD,MAIL, deposits haggle quickly slyly even
57507-3,57507,1791,76,3,26.00,44012.54,0.04,0.08,R,F,1994-10-19,1994-09-04,1994-11-16,DELIVER IN PERSON,TRUCK, carefully final 
57507-4,57507,1625,67,4,19.00,29005.78,0.09,0.07,A,F,1994-07-03,1994-09-24,1994-08-01,NONE,MAIL,nts haggle blithely around the
57507-5,57507,787,88,5,37.00,62447.86,0.06,0.03,R,F,1994-07-10,1994-08-15,1994-07-16,DELIVER IN PERSON,TRUCK, theodolites are finally. flu
57507-6,57507,962,97,6,30.00,55888.80,0.01,0.07,A,F,1994-08-17,1994-08-15,1994-09-15,COLLECT COD,SHIP,furiously enticing
57508-1,57508,1059,30,1,45.00,43202.25,0.02,0.02,N,O,1997-02-06,1997-03-30,1997-03-06,TAKE BACK RETURN,MAIL, ideas sleep after the 
57508-2,57508,1066,67,2,37.00,35781.22,0.10,0.05,N,O,1997-05-03,1997-03-14,1997-05-28,TAKE BACK RETURN,SHIP, carefully unusual pinto beans. furiously 
57508-3,57508,1572,73,3,7.00,10314.99,0.03,0.03,N,O,1997-01-31,1997-03-14,1997-02-13,NONE,FOB,about the 
57508-4,57508,72,48,4,15.00,14581.05,0.06,0.00,N,O,1997-02-10,1997-03-30,1997-02-21,COLLECT COD,MAIL,l ideas after the blithely pending depos
57508-5,57508,1315,92,5,26.00,31624.06,0.03,0.07,N,O,1997-01-25,1997-03-19,1997-02-23,DELIVER IN PERSON,AIR,ding deposits are final pinto beans.
57508-6,57508,38,39,6,1.00,938.03,0.10,0.05,N,O,1997-03-14,1997-03-04,1997-04-02,DELIVER IN PERSON,RAIL,gular platelets are furious
57508-7,57508,1340,79,7,3.00,3724.02,0.04,0.00,N,O,1997-05-05,1997-02-12,1997-05-24,COLLECT COD,SHIP,ironic excuse
57509-1,57509,672,4,1,36.00,56616.12,0.07,0.03,A,F,1994-06-20,1994-04-12,1994-07-19,NONE,SHIP,"deposits doze slyly pending, unusual pi"
57509-2,57509,918,21,2,49.00,89126.59,0.10,0.00,A,F,1994-02-26,1994-05-15,1994-03-09,COLLECT COD,REG AIR,rnes detect slyly
57509-3,57509,1265,3,3,10.00,11662.60,0.04,0.08,A,F,1994-03-12,1994-03-29,1994-04-05,NONE,REG AIR, to the slyly regular r
57509-4,57509,1882,26,4,21.00,37461.48,0.09,0.01,R,F,1994-06-07,1994-04-25,1994-06-10,DELIVER IN PERSON,MAIL," special, even pack"
57509-5,57509,1996,41,5,43.00,81613.57,0.09,0.00,A,F,1994-04-01,1994-04-26,1994-04-30,DELIVER IN PERSON,AIR," furiously regular deposits. even, fi"
57510-1,57510,1166,67,1,13.00,13873.08,0.10,0.03,N,O,1996-01-19,1996-02-04,1996-02-05,TAKE BACK RETURN,AIR," final, speci"
57510-2,57510,1427,45,2,1.00,1328.42,0.08,0.03,N,O,1996-04-04,1996-03-06,1996-04-13,COLLECT COD,AIR,ously final
57510-3,57510,1610,34,3,37.00,55929.57,0.08,0.01,N,O,1996-04-03,1996-02-20,1996-04-11,COLLECT COD,TRUCK,slyly. ironic sauternes are q
57510-4,57510,1846,90,4,15.00,26217.60,0.01,0.01,N,O,1996-02-23,1996-02-07,1996-03-05,TAKE BACK RETURN,MAIL,"he regular packages-- regular, fi"
57510-5,57510,1110,19,5,21.00,21233.31,0.05,0.04,N,O,1996-01-05,1996-01-23,1996-01-15,DELIVER IN PERSON,AIR,liers. unus
57511-1,57511,1856,100,1,28.00,49219.80,0.01,0.07,R,F,1995-01-04,1994-12-22,1995-01-05,COLLECT COD,REG AIR,foxes. slyly bold p
57511-2,57511,852,52,2,22.00,38562.70,0.03,0.03,A,F,1994-10-31,1994-11-06,1994-11-21,COLLECT COD,TRUCK,osits. furiously final
57511-3,57511,325,82,3,1.00,1225.32,0.09,0.06,R,F,1994-11-24,1994-12-04,1994-12-12,NONE,TRUCK,ely dogged ideas cajole
57511-4,57511,60,61,4,10.00,9600.60,0.07,0.08,R,F,1994-12-16,1994-11-25,1995-01-11,DELIVER IN PERSON,FOB,refully final accou
57511-5,57511,1930,75,5,10.00,18319.30,0.09,0.05,A,F,1995-02-03,1994-11-06,1995-02-23,TAKE BACK RETURN,FOB, slyly fluffily ironic requests. caref
57536-1,57536,460,48,1,45.00,61220.70,0.05,0.05,R,F,1992-11-11,1992-12-02,1992-12-07,TAKE BACK RETURN,FOB,er the quickly bold pinto beans sleep b
57537-1,57537,1376,15,1,45.00,57481.65,0.03,0.03,A,F,1993-01-02,1992-12-02,1993-01-09,COLLECT COD,SHIP,ar packages hagg
57537-2,57537,50,76,2,40.00,38002.00,0.00,0.07,A,F,1993-01-08,1992-11-29,1993-02-02,DELIVER IN PERSON,FOB,xpress excuses. 
57537-3,57537,996,99,3,39.00,73982.61,0.07,0.00,R,F,1992-12-19,1992-11-04,1992-12-29,TAKE BACK RETURN,TRUCK,ts wake fluffily against the slyly eve
57537-4,57537,1080,51,4,38.00,37281.04,0.06,0.07,R,F,1992-12-21,1992-10-25,1993-01-18,COLLECT COD,AIR, ironic ideas sleep carefully above the
57537-5,57537,267,49,5,50.00,58363.00,0.05,0.04,R,F,1992-09-26,1992-12-18,1992-10-09,TAKE BACK RETURN,RAIL,the furious
57537-6,57537,1722,7,6,27.00,43840.44,0.08,0.04,A,F,1992-12-12,1992-12-01,1992-12-20,NONE,FOB, ideas. accounts doze blithely furiousl
57538-1,57538,1459,60,1,32.00,43534.40,0.01,0.05,R,F,1993-03-21,1993-05-13,1993-04-13,DELIVER IN PERSON,TRUCK,lyly carefully ironic accounts. pac
57538-2,57538,1052,58,2,32.00,30497.60,0.10,0.04,A,F,1993-05-25,1993-05-10,1993-05-30,NONE,REG AIR, bold theodolites. excuses nag s
57538-3,57538,928,31,3,47.00,85959.24,0.09,0.01,R,F,1993-03-14,1993-05-13,1993-03-20,TAKE BACK RETURN,TRUCK,fluffily thin theodolites are bli
57538-4,57538,1535,76,4,13.00,18674.89,0.07,0.04,R,F,1993-03-13,1993-04-13,1993-04-12,NONE,SHIP,ly requests. regular
57538-5,57538,1858,2,5,50.00,87992.50,0.04,0.08,A,F,1993-03-21,1993-05-21,1993-03-27,TAKE BACK RETURN,MAIL,s. packages cajole slyly ideas. bli
57538-6,57538,770,3,6,45.00,75184.65,0.00,0.06,R,F,1993-04-07,1993-04-15,1993-04-22,COLLECT COD,FOB,y even requests. pending depo
57539-1,57539,89,65,1,28.00,27694.24,0.07,0.03,R,F,1992-04-06,1992-03-31,1992-05-04,COLLECT COD,RAIL,"haggle slyly regular, q"
57539-2,57539,1921,22,2,21.00,38281.32,0.07,0.07,R,F,1992-05-27,1992-03-24,1992-06-04,COLLECT COD,RAIL,ronic requests at the ironi
57540-1,57540,1333,72,1,33.00,40732.89,0.05,0.01,R,F,1992-07-26,1992-08-11,1992-07-27,NONE,MAIL,"efully thin, even requests. furiously ironi"
57540-2,57540,464,94,2,9.00,12280.14,0.06,0.03,R,F,1992-09-29,1992-09-23,1992-10-12,NONE,MAIL,ial ideas doubt.
57540-3,57540,616,10,3,13.00,19715.93,0.08,0.01,R,F,1992-07-06,1992-08-16,1992-07-13,NONE,RAIL,des the instructions. close reque
57540-4,57540,1096,97,4,44.00,43871.96,0.08,0.00,R,F,1992-07-16,1992-09-20,1992-08-13,NONE,REG AIR,ncies. car
57540-5,57540,1846,47,5,26.00,45443.84,0.02,0.06,A,F,1992-07-23,1992-08-15,1992-08-14,COLLECT COD,AIR,ests sleep blithely slyly
57541-1,57541,821,22,1,18.00,30992.76,0.05,0.03,A,F,1992-03-31,1992-04-24,1992-04-30,COLLECT COD,RAIL,eep carefully along the blithely ir
57542-1,57542,639,40,1,35.00,53887.05,0.02,0.07,A,F,1994-11-06,1994-10-17,1994-11-16,DELIVER IN PERSON,REG AIR,al theodolites. carefully unusual pa
57542-2,57542,595,96,2,9.00,13460.31,0.09,0.06,A,F,1994-09-23,1994-09-22,1994-10-09,COLLECT COD,FOB,ieve slyly instructions
57542-3,57542,1650,51,3,40.00,62066.00,0.00,0.05,R,F,1994-12-13,1994-11-20,1995-01-02,NONE,SHIP,ily ironic req
57542-4,57542,1042,13,4,42.00,39607.68,0.09,0.08,A,F,1994-11-16,1994-10-04,1994-11-27,DELIVER IN PERSON,AIR,lyly. deposits according to the bold ins
57543-1,57543,717,82,1,48.00,77650.08,0.01,0.03,A,F,1992-05-14,1992-07-30,1992-05-25,COLLECT COD,REG AIR,s. quickly pending deposits accordi
57543-2,57543,124,25,2,9.00,9217.08,0.04,0.00,A,F,1992-08-04,1992-08-09,1992-08-14,NONE,FOB,"lly bold, final notornis."
57543-3,57543,1435,75,3,30.00,40092.90,0.08,0.04,R,F,1992-07-30,1992-07-30,1992-08-09,NONE,RAIL,ccounts. slyly ironic platelets wake 
57543-4,57543,1180,81,4,45.00,48653.10,0.03,0.02,R,F,1992-08-23,1992-07-22,1992-09-22,NONE,REG AIR,sts! special accoun
57543-5,57543,1472,51,5,47.00,64553.09,0.03,0.03,A,F,1992-08-13,1992-07-17,1992-08-24,COLLECT COD,MAIL,accounts acc
57543-6,57543,918,53,6,2.00,3637.82,0.04,0.03,A,F,1992-07-24,1992-07-23,1992-07-25,NONE,TRUCK,ross the slyly express deposits
57543-7,57543,774,39,7,23.00,38519.71,0.08,0.02,A,F,1992-07-21,1992-08-10,1992-08-18,COLLECT COD,REG AIR,ic packages affix carefully. slyly fin
57568-1,57568,802,69,1,23.00,39164.40,0.08,0.04,A,F,1993-10-17,1993-07-21,1993-10-19,DELIVER IN PERSON,TRUCK,nal packages. regular depo
57568-2,57568,1867,97,2,18.00,31839.48,0.10,0.04,A,F,1993-07-30,1993-07-20,1993-08-16,DELIVER IN PERSON,REG AIR,lets-- fluffily bold dolphins boost carefu
57568-3,57568,1611,53,3,37.00,55966.57,0.07,0.07,A,F,1993-09-06,1993-09-11,1993-09-12,NONE,TRUCK,fily requests. slyly b
57568-4,57568,233,88,4,36.00,40796.28,0.10,0.07,R,F,1993-06-25,1993-08-09,1993-06-30,TAKE BACK RETURN,SHIP,final ideas. ca
57568-5,57568,142,69,5,16.00,16674.24,0.04,0.02,R,F,1993-07-01,1993-09-05,1993-07-07,COLLECT COD,REG AIR,o the carefully ironic packages.
57568-6,57568,1242,80,6,25.00,28581.00,0.03,0.05,R,F,1993-10-07,1993-08-14,1993-10-13,TAKE BACK RETURN,TRUCK,"egular requests. unusual, special deposit"
57569-1,57569,907,76,1,34.00,61468.60,0.05,0.06,N,O,1997-02-26,1997-02-01,1997-03-25,DELIVER IN PERSON,FOB,he express deposits. special accounts in
57569-2,57569,1620,44,2,7.00,10651.34,0.03,0.03,N,O,1997-04-14,1997-03-01,1997-05-08,NONE,TRUCK,ic platelets snooze
57569-3,57569,1160,69,3,8.00,8489.28,0.00,0.03,N,O,1997-04-09,1997-03-06,1997-05-07,DELIVER IN PERSON,SHIP,"stealthily. final, fi"
57570-1,57570,1123,96,1,42.00,43013.04,0.10,0.04,R,F,1992-12-04,1992-11-21,1992-12-10,NONE,AIR, bold deposits. final pinto bean
57570-2,57570,298,80,2,37.00,44336.73,0.10,0.05,A,F,1992-12-07,1992-11-12,1992-12-25,DELIVER IN PERSON,AIR,"ular excuses. even, f"
57570-3,57570,1319,20,3,13.00,15864.03,0.00,0.01,R,F,1992-10-27,1992-11-02,1992-11-24,NONE,SHIP,about the quickly final a
57570-4,57570,1632,33,4,6.00,9201.78,0.06,0.06,R,F,1992-11-21,1992-12-15,1992-12-20,NONE,FOB,fily even pi
57570-5,57570,370,99,5,3.00,3811.11,0.09,0.01,A,F,1992-11-01,1992-12-11,1992-11-28,DELIVER IN PERSON,REG AIR,gular requests. r
57570-6,57570,345,30,6,14.00,17434.76,0.08,0.07,A,F,1992-12-09,1992-11-19,1992-12-21,COLLECT COD,MAIL,"nic ideas cajole final, even as"
57571-1,57571,1123,32,1,49.00,50181.88,0.01,0.03,R,F,1993-07-31,1993-09-12,1993-08-26,COLLECT COD,MAIL,; pinto beans nag blithely according
57572-1,57572,1516,17,1,45.00,63787.95,0.00,0.00,N,O,1995-08-11,1995-08-22,1995-08-23,COLLECT COD,REG AIR,ithely final packages ar
57572-2,57572,1834,21,2,48.00,83319.84,0.05,0.08,N,O,1995-08-01,1995-10-09,1995-08-09,NONE,FOB,s are. regula
57572-3,57572,666,29,3,33.00,51699.78,0.05,0.07,N,O,1995-09-06,1995-09-11,1995-10-04,NONE,REG AIR, fluffily against the ironic s
57572-4,57572,1446,47,4,26.00,35033.44,0.07,0.06,N,O,1995-07-16,1995-08-18,1995-07-19,COLLECT COD,AIR,ully along the carefully silent depos
57572-5,57572,1696,79,5,12.00,19172.28,0.08,0.06,N,O,1995-10-03,1995-09-16,1995-10-30,DELIVER IN PERSON,TRUCK, regular excuses. regula
57572-6,57572,1345,22,6,29.00,36143.86,0.04,0.06,N,O,1995-09-13,1995-08-18,1995-09-16,NONE,FOB,"ar, blithe theodolit"
57573-1,57573,1137,38,1,29.00,30105.77,0.03,0.02,N,O,1998-04-20,1998-02-19,1998-05-05,NONE,RAIL,ronic theodolites. ironic ide
57574-1,57574,1269,7,1,48.00,56172.48,0.10,0.02,A,F,1992-11-22,1992-10-07,1992-12-06,DELIVER IN PERSON,SHIP,ep blithely packages. fluffily even d
57574-2,57574,487,46,2,46.00,63824.08,0.00,0.02,R,F,1992-09-15,1992-09-16,1992-09-22,TAKE BACK RETURN,RAIL,to beans cajole fl
57574-3,57574,446,76,3,11.00,14810.84,0.07,0.06,R,F,1992-10-19,1992-10-03,1992-11-04,NONE,REG AIR,furiously. furiously even deposits wa
57574-4,57574,736,1,4,3.00,4910.19,0.06,0.05,R,F,1992-11-08,1992-09-14,1992-12-07,TAKE BACK RETURN,AIR,", ironic dolphins boost slyly along the s"
57574-5,57574,1101,38,5,5.00,5010.50,0.01,0.05,A,F,1992-10-28,1992-09-13,1992-11-22,DELIVER IN PERSON,REG AIR,le carefully after the eve
57575-1,57575,191,92,1,36.00,39282.84,0.10,0.07,N,O,1997-04-23,1997-04-14,1997-05-18,COLLECT COD,REG AIR,ng the fluffily final instructions.
57575-2,57575,1302,3,2,34.00,40912.20,0.01,0.03,N,O,1997-04-10,1997-05-25,1997-05-04,NONE,FOB,ly express ac
57575-3,57575,61,12,3,23.00,22104.38,0.06,0.07,N,O,1997-04-05,1997-04-27,1997-04-25,TAKE BACK RETURN,REG AIR,hin packages across the bold dugouts de
57575-4,57575,1689,13,4,15.00,23860.20,0.07,0.07,N,O,1997-03-12,1997-05-06,1997-03-22,TAKE BACK RETURN,MAIL,s nag blithely into the
57600-1,57600,1214,26,1,30.00,33456.30,0.04,0.04,R,F,1992-12-25,1993-02-06,1993-01-18,NONE,TRUCK,arthogs along the 
57600-2,57600,1668,69,2,23.00,36102.18,0.03,0.08,A,F,1993-02-24,1993-01-31,1993-03-08,COLLECT COD,RAIL,riously unusual pinto be
57600-3,57600,254,55,3,46.00,53095.50,0.00,0.02,A,F,1993-02-15,1992-12-20,1993-03-11,DELIVER IN PERSON,RAIL,tes. blithe
57600-4,57600,795,60,4,39.00,66135.81,0.06,0.06,R,F,1993-02-17,1992-12-21,1993-03-17,DELIVER IN PERSON,MAIL, regularly pending depo
57600-5,57600,416,4,5,7.00,9214.87,0.10,0.01,R,F,1993-01-09,1993-01-17,1993-01-24,COLLECT COD,REG AIR,y bold accoun
57601-1,57601,3,29,1,37.00,33411.00,0.06,0.00,A,F,1993-11-13,1994-01-06,1993-11-20,DELIVER IN PERSON,MAIL,ackages print along the slowly bol
57602-1,57602,937,38,1,5.00,9189.65,0.09,0.01,R,F,1992-08-05,1992-08-02,1992-08-18,TAKE BACK RETURN,TRUCK,lites sleep. e
57602-2,57602,923,92,2,48.00,87548.16,0.04,0.06,A,F,1992-05-31,1992-06-17,1992-06-21,NONE,TRUCK,ake. accounts use
57602-3,57602,752,85,3,6.00,9916.50,0.01,0.03,A,F,1992-07-16,1992-07-26,1992-07-17,TAKE BACK RETURN,FOB,es nag carefully. ca
57603-1,57603,1058,29,1,50.00,47952.50,0.02,0.08,N,O,1997-08-25,1997-09-20,1997-08-27,NONE,MAIL,"sts alongside of the regular, regular reque"
57603-2,57603,234,16,2,50.00,56711.50,0.01,0.05,N,O,1997-07-06,1997-09-17,1997-08-01,COLLECT COD,SHIP, deposits cajole fluffily across the ca
57604-1,57604,1949,38,1,11.00,20360.34,0.05,0.00,N,O,1997-12-03,1997-10-13,1997-12-23,NONE,SHIP,s affix fluffily. slyly bold deposits are
57604-2,57604,1604,46,2,6.00,9033.60,0.02,0.00,N,O,1997-10-20,1997-10-26,1997-10-26,NONE,REG AIR,he pending accounts
57605-1,57605,1214,15,1,21.00,23419.41,0.08,0.04,R,F,1994-07-13,1994-07-21,1994-07-24,NONE,TRUCK,ly about the furiously iro
57605-2,57605,1748,75,2,5.00,8248.70,0.03,0.00,A,F,1994-08-09,1994-07-06,1994-08-30,TAKE BACK RETURN,TRUCK,iously: special requests cajole d
57605-3,57605,1477,78,3,9.00,12406.23,0.02,0.05,A,F,1994-06-05,1994-08-12,1994-06-19,NONE,SHIP,symptotes after the slyly
57606-1,57606,11,12,1,22.00,20042.22,0.00,0.04,R,F,1993-01-17,1993-03-12,1993-01-26,COLLECT COD,RAIL,hes. furiously final packages detect.
57606-2,57606,1017,88,2,45.00,41310.45,0.00,0.04,A,F,1993-04-01,1993-03-05,1993-04-17,NONE,FOB, foxes use carefully above
57606-3,57606,799,64,3,12.00,20397.48,0.05,0.08,A,F,1993-03-13,1993-02-28,1993-03-22,TAKE BACK RETURN,FOB,ously regular platelets nag furiously. q
57607-1,57607,95,21,1,39.00,38808.51,0.09,0.02,N,O,1996-07-11,1996-08-22,1996-08-10,COLLECT COD,MAIL,ve the blit
57632-1,57632,1236,11,1,21.00,23881.83,0.04,0.08,N,O,1996-05-14,1996-06-19,1996-06-10,TAKE BACK RETURN,FOB,ies sleep blithely. express pinto bea
57632-2,57632,86,87,2,13.00,12819.04,0.06,0.07,N,O,1996-05-11,1996-05-23,1996-05-16,TAKE BACK RETURN,AIR,ptotes; reg
57632-3,57632,1320,35,3,9.00,10991.88,0.08,0.08,N,O,1996-07-12,1996-07-02,1996-07-25,TAKE BACK RETURN,AIR,against the quickly 
57633-1,57633,586,47,1,23.00,34191.34,0.04,0.06,A,F,1995-03-26,1995-03-14,1995-04-07,COLLECT COD,AIR,inos cajole quickly across 
57633-2,57633,100,1,2,43.00,43004.30,0.06,0.02,N,F,1995-05-23,1995-04-24,1995-06-18,NONE,TRUCK,e slyly ironic instructions. blithely speci
57633-3,57633,751,16,3,37.00,61114.75,0.03,0.07,A,F,1995-06-07,1995-04-03,1995-06-13,NONE,RAIL,ar dependencies cajole furio
57634-1,57634,704,5,1,31.00,49745.70,0.06,0.01,N,O,1998-03-14,1998-02-22,1998-03-29,TAKE BACK RETURN,TRUCK,lar accounts. frays 
57634-2,57634,302,87,2,33.00,39675.90,0.04,0.05,N,O,1998-03-11,1998-02-01,1998-03-30,NONE,SHIP,long the blithely regular deposits. blithel
57634-3,57634,1439,79,3,4.00,5361.72,0.06,0.06,N,O,1997-12-11,1998-01-28,1998-01-06,TAKE BACK RETURN,RAIL,into beans. flu
57635-1,57635,1872,73,1,2.00,3547.74,0.06,0.01,N,O,1996-11-17,1997-01-29,1996-12-03,TAKE BACK RETURN,MAIL,ffily pending depths promise quickly acro
57635-2,57635,506,37,2,1.00,1406.50,0.06,0.04,N,O,1997-01-06,1997-01-05,1997-02-01,COLLECT COD,SHIP,. blithely final 
57635-3,57635,1211,23,3,16.00,17795.36,0.08,0.04,N,O,1997-01-19,1997-01-10,1997-01-31,TAKE BACK RETURN,SHIP,es are blithely. furiously ironic de
57635-4,57635,1731,58,4,36.00,58778.28,0.01,0.05,N,O,1996-12-13,1997-01-15,1996-12-23,NONE,MAIL,about the d
57635-5,57635,1784,27,5,46.00,77545.88,0.07,0.03,N,O,1996-11-20,1996-12-30,1996-12-03,COLLECT COD,AIR,y regular theodolites about the flu
57635-6,57635,18,94,6,2.00,1836.02,0.01,0.03,N,O,1997-01-04,1997-01-04,1997-01-18,DELIVER IN PERSON,TRUCK,y quickly pending acc
57636-1,57636,758,59,1,20.00,33175.00,0.04,0.07,N,O,1998-07-21,1998-06-20,1998-08-01,COLLECT COD,AIR,s. quickly bu
57636-2,57636,1047,83,2,38.00,36025.52,0.06,0.05,N,O,1998-05-24,1998-06-27,1998-06-20,COLLECT COD,TRUCK,nal packages boost thinly; even
57636-3,57636,1702,29,3,37.00,59336.90,0.06,0.01,N,O,1998-05-13,1998-06-21,1998-05-20,COLLECT COD,SHIP,ray slyly across the slyly regular accoun
57636-4,57636,791,24,4,4.00,6767.16,0.04,0.03,N,O,1998-06-06,1998-05-24,1998-06-18,COLLECT COD,RAIL,kages haggle quickly alongsid
57637-1,57637,29,80,1,43.00,39947.86,0.04,0.07,N,O,1998-11-09,1998-10-01,1998-12-01,DELIVER IN PERSON,REG AIR,"uests nag furiously. pending, th"
57638-1,57638,196,23,1,23.00,25212.37,0.02,0.03,R,F,1992-06-01,1992-05-26,1992-06-13,TAKE BACK RETURN,RAIL, x-ray slyly. furiously ironic deposits aff
57638-2,57638,1466,84,2,42.00,57433.32,0.03,0.07,R,F,1992-07-12,1992-07-02,1992-08-03,COLLECT COD,AIR,quests. blithely ironic accoun
57638-3,57638,141,42,3,18.00,18740.52,0.06,0.01,R,F,1992-04-29,1992-06-03,1992-05-13,TAKE BACK RETURN,AIR,uctions dazzle furiously carefully even t
57638-4,57638,841,42,4,23.00,40062.32,0.00,0.02,A,F,1992-07-22,1992-06-29,1992-08-10,NONE,SHIP,"ular, ironic theodolites haggle quickly re"
57638-5,57638,629,30,5,43.00,65773.66,0.10,0.06,A,F,1992-08-11,1992-05-31,1992-09-02,COLLECT COD,MAIL,ests lose fluffily
57638-6,57638,1741,26,6,43.00,70637.82,0.09,0.07,R,F,1992-04-25,1992-06-30,1992-05-06,DELIVER IN PERSON,MAIL,riously. fi
57638-7,57638,1734,19,7,10.00,16357.30,0.01,0.07,R,F,1992-07-21,1992-07-19,1992-08-05,TAKE BACK RETURN,TRUCK,nding accounts are fluf
57639-1,57639,276,4,1,45.00,52932.15,0.02,0.06,R,F,1993-08-28,1993-09-03,1993-09-22,NONE,FOB, foxes. regular packages boost among t
57639-2,57639,45,46,2,24.00,22680.96,0.00,0.03,R,F,1993-08-02,1993-09-07,1993-08-18,COLLECT COD,RAIL,pendencies. permanent requests along
57639-3,57639,1584,5,3,17.00,25254.86,0.09,0.01,R,F,1993-07-25,1993-10-04,1993-08-12,COLLECT COD,REG AIR,egrate. quickly regula
57639-4,57639,1794,95,4,10.00,16957.90,0.02,0.07,R,F,1993-11-09,1993-09-16,1993-11-12,COLLECT COD,REG AIR, pinto bea
57639-5,57639,610,73,5,17.00,25680.37,0.04,0.00,A,F,1993-10-16,1993-09-19,1993-11-08,TAKE BACK RETURN,TRUCK,s about the flu
57639-6,57639,621,84,6,28.00,42605.36,0.03,0.00,R,F,1993-08-15,1993-10-15,1993-08-25,COLLECT COD,AIR,"yly silent accounts. express, ev"
57664-1,57664,961,96,1,31.00,57720.76,0.02,0.02,R,F,1994-01-30,1994-02-25,1994-02-10,NONE,FOB,"lar, even packages cajole"
57664-2,57664,55,6,2,4.00,3820.20,0.09,0.05,A,F,1993-12-19,1994-02-15,1994-01-13,NONE,MAIL,requests. final pack
57664-3,57664,653,47,3,13.00,20197.45,0.05,0.03,R,F,1994-03-30,1994-02-20,1994-04-05,NONE,FOB, quickly. even dugouts nag alongsi
57664-4,57664,64,40,4,20.00,19281.20,0.00,0.01,R,F,1994-01-13,1994-01-08,1994-02-06,TAKE BACK RETURN,MAIL,rding to the blithely pending pinto beans.
57664-5,57664,799,64,5,21.00,35695.59,0.07,0.07,A,F,1993-12-09,1993-12-29,1993-12-11,TAKE BACK RETURN,SHIP,lly regular excuses. slyly even 
57665-1,57665,1895,96,1,4.00,7187.56,0.03,0.01,R,F,1992-05-06,1992-05-26,1992-05-12,NONE,MAIL,the slyly silent
57665-2,57665,442,72,2,43.00,57724.92,0.04,0.00,A,F,1992-06-22,1992-06-18,1992-06-25,DELIVER IN PERSON,FOB,otes wake furiously express deposits. caref
57666-1,57666,857,57,1,4.00,7031.40,0.05,0.02,A,F,1994-07-13,1994-07-16,1994-07-18,NONE,RAIL, requests cajole carefully ironic
57666-2,57666,525,26,2,13.00,18531.76,0.05,0.02,A,F,1994-08-29,1994-07-19,1994-08-30,DELIVER IN PERSON,SHIP,posits integrate. furi
57666-3,57666,1176,85,3,14.00,15080.38,0.05,0.03,A,F,1994-06-17,1994-08-12,1994-06-28,TAKE BACK RETURN,MAIL, ironic notornis cajole 
57666-4,57666,1868,69,4,49.00,86723.14,0.04,0.07,R,F,1994-07-26,1994-07-24,1994-08-24,COLLECT COD,AIR,owly bold instructions. slyly ironic dep
57666-5,57666,622,54,5,27.00,41110.74,0.09,0.08,A,F,1994-09-09,1994-07-20,1994-09-19,COLLECT COD,AIR,ages; slyly unusual
57667-1,57667,631,32,1,20.00,30632.60,0.00,0.04,N,O,1996-08-14,1996-08-05,1996-09-06,NONE,RAIL,ly against the furiously iro
57667-2,57667,437,96,2,32.00,42797.76,0.03,0.08,N,O,1996-07-17,1996-07-08,1996-08-04,DELIVER IN PERSON,AIR,"old accounts. final, regular foxes affix qu"
57667-3,57667,1158,59,3,2.00,2118.30,0.01,0.04,N,O,1996-05-28,1996-08-10,1996-06-18,COLLECT COD,FOB,ts nag bes
57667-4,57667,1306,83,4,34.00,41048.20,0.03,0.07,N,O,1996-08-18,1996-07-03,1996-09-03,DELIVER IN PERSON,MAIL,s sleep above
57667-5,57667,6,57,5,6.00,5436.00,0.07,0.01,N,O,1996-07-25,1996-07-06,1996-08-04,NONE,AIR,the quickly ironic acco
57667-6,57667,315,16,6,33.00,40105.23,0.06,0.02,N,O,1996-07-01,1996-08-16,1996-07-10,TAKE BACK RETURN,TRUCK,ly pending instructions. requests sl
57667-7,57667,1803,4,7,27.00,46029.60,0.09,0.04,N,O,1996-09-15,1996-08-02,1996-10-15,TAKE BACK RETURN,AIR,press theodolites. regular platelets 
57668-1,57668,1130,31,1,6.00,6186.78,0.07,0.08,R,F,1992-04-02,1992-05-16,1992-04-14,COLLECT COD,AIR,es. slyly regular foxes 
57668-2,57668,139,66,2,33.00,34291.29,0.02,0.08,A,F,1992-05-05,1992-05-01,1992-06-01,TAKE BACK RETURN,TRUCK,ly final requests sleep according to the s
57668-3,57668,277,5,3,8.00,9418.16,0.01,0.06,A,F,1992-03-18,1992-05-06,1992-04-02,TAKE BACK RETURN,TRUCK,slyly final accounts. e
57669-1,57669,1060,31,1,2.00,1922.12,0.03,0.03,R,F,1993-10-18,1993-11-03,1993-10-19,DELIVER IN PERSON,TRUCK,final deposits. bol
57669-2,57669,1936,37,2,39.00,71679.27,0.07,0.00,R,F,1993-08-22,1993-10-30,1993-08-30,DELIVER IN PERSON,RAIL,d the quickly 
57669-3,57669,1081,87,3,29.00,28480.32,0.10,0.05,A,F,1993-08-14,1993-10-27,1993-09-10,COLLECT COD,TRUCK,e. carefully thin accoun
57669-4,57669,1090,96,4,21.00,20812.89,0.00,0.06,A,F,1993-11-29,1993-10-29,1993-12-19,NONE,RAIL,". regular, pending theodolites wa"
57670-1,57670,716,17,1,30.00,48501.30,0.08,0.06,R,F,1993-11-01,1993-12-28,1993-11-11,COLLECT COD,MAIL,nding ideas wake. pending d
57670-2,57670,1279,17,2,43.00,50751.61,0.05,0.05,A,F,1993-12-04,1994-01-01,1993-12-19,TAKE BACK RETURN,TRUCK,kages are. clo
57670-3,57670,758,59,3,14.00,23222.50,0.10,0.04,A,F,1993-10-16,1993-12-31,1993-11-14,DELIVER IN PERSON,FOB,lly express theodolites al
57670-4,57670,1525,66,4,44.00,62766.88,0.04,0.08,R,F,1993-12-28,1993-12-08,1994-01-13,TAKE BACK RETURN,FOB,efully final depths eat fluff
57671-1,57671,326,11,1,25.00,30658.00,0.06,0.03,A,F,1992-11-21,1993-01-05,1992-12-01,COLLECT COD,SHIP,l theodolites boost carefully. blithely ir
57671-2,57671,940,43,2,34.00,62591.96,0.02,0.05,R,F,1993-02-05,1993-01-09,1993-03-03,TAKE BACK RETURN,REG AIR,theodolites acro
57671-3,57671,1433,51,3,43.00,57380.49,0.05,0.01,R,F,1993-01-06,1992-12-14,1993-01-15,COLLECT COD,FOB,carefully unusua
57671-4,57671,686,49,4,22.00,34906.96,0.01,0.07,A,F,1993-01-05,1992-12-30,1993-01-16,DELIVER IN PERSON,SHIP,"ding, ironic ideas"
57671-5,57671,909,12,5,8.00,14479.20,0.10,0.06,A,F,1992-12-13,1993-01-04,1992-12-23,DELIVER IN PERSON,AIR,uses wake carefully: theodo
57671-6,57671,1915,48,6,39.00,70859.49,0.02,0.00,A,F,1993-01-06,1993-01-17,1993-01-23,TAKE BACK RETURN,RAIL,deposits after the blithely regular
57696-1,57696,1936,37,1,8.00,14703.44,0.05,0.04,N,O,1997-03-04,1997-04-14,1997-03-15,NONE,SHIP,"furiously. silent, pending "
57696-2,57696,484,85,2,25.00,34612.00,0.03,0.03,N,O,1997-03-06,1997-04-22,1997-03-21,DELIVER IN PERSON,RAIL, quickly regu
57696-3,57696,1305,20,3,38.00,45839.40,0.09,0.08,N,O,1997-03-27,1997-03-18,1997-04-08,DELIVER IN PERSON,MAIL,ests are slyly. ironic ideas cajo
57696-4,57696,1686,10,4,49.00,77796.32,0.06,0.07,N,O,1997-05-04,1997-03-28,1997-05-11,DELIVER IN PERSON,RAIL,es wake quickly. final ideas haggle a
57696-5,57696,252,7,5,18.00,20740.50,0.03,0.06,N,O,1997-06-08,1997-05-13,1997-07-05,TAKE BACK RETURN,REG AIR,"oxes: ironic, final foxes boost. ca"
57696-6,57696,1283,95,6,39.00,46186.92,0.10,0.06,N,O,1997-04-06,1997-03-30,1997-05-02,TAKE BACK RETURN,RAIL,ckly even deposits nag carefully accord
57697-1,57697,1071,42,1,24.00,23329.68,0.02,0.02,R,F,1995-03-01,1995-04-11,1995-03-14,NONE,SHIP,press attainments are after the theodo
57697-2,57697,1674,98,2,20.00,31513.40,0.04,0.07,R,F,1995-05-25,1995-04-16,1995-05-31,TAKE BACK RETURN,SHIP,do believe ideas. 
57697-3,57697,481,69,3,26.00,35918.48,0.08,0.02,A,F,1995-03-12,1995-04-20,1995-03-29,DELIVER IN PERSON,TRUCK,furiously ironic reques
57697-4,57697,1146,83,4,48.00,50262.72,0.01,0.01,R,F,1995-05-05,1995-03-18,1995-05-07,DELIVER IN PERSON,FOB,ts wake slyly across the fluffily sly e
57697-5,57697,1679,21,5,28.00,44258.76,0.09,0.02,A,F,1995-05-31,1995-04-18,1995-06-06,DELIVER IN PERSON,SHIP," packages use. ironic, "
57697-6,57697,224,79,6,30.00,33726.60,0.07,0.02,R,F,1995-03-13,1995-03-29,1995-04-05,TAKE BACK RETURN,TRUCK,fully furiously bold pinto beans. qui
57697-7,57697,125,4,7,2.00,2050.24,0.10,0.08,R,F,1995-05-16,1995-04-24,1995-06-08,TAKE BACK RETURN,AIR,es. instructions are against the quietly ex
57698-1,57698,1664,88,1,17.00,26616.22,0.10,0.07,R,F,1992-05-03,1992-03-01,1992-06-02,DELIVER IN PERSON,SHIP,special instructions. req
57698-2,57698,1560,1,2,40.00,58462.40,0.03,0.00,R,F,1992-04-04,1992-03-27,1992-04-21,DELIVER IN PERSON,MAIL,onic deposits should 
57698-3,57698,1818,19,3,1.00,1719.81,0.03,0.01,A,F,1992-03-17,1992-02-19,1992-04-09,TAKE BACK RETURN,FOB,"old accounts. silent, "
57698-4,57698,1128,1,4,31.00,31902.72,0.05,0.07,R,F,1992-03-09,1992-03-03,1992-03-25,DELIVER IN PERSON,TRUCK,s. final id
57698-5,57698,774,39,5,44.00,73689.88,0.06,0.05,R,F,1992-01-11,1992-03-30,1992-02-10,COLLECT COD,AIR,latelets wake r
57699-1,57699,471,1,1,39.00,53487.33,0.05,0.00,A,F,1993-03-12,1992-12-11,1993-03-21,COLLECT COD,TRUCK,xcuses. furiousl
57699-2,57699,1933,34,2,45.00,82571.85,0.01,0.07,R,F,1993-01-10,1992-12-25,1993-02-02,COLLECT COD,REG AIR,jole blithely after the pending packag
57699-3,57699,1517,58,3,30.00,42555.30,0.03,0.03,A,F,1992-11-13,1992-12-13,1992-11-24,DELIVER IN PERSON,FOB,ly. quickly regular instructions excep
57699-4,57699,1330,31,4,42.00,51715.86,0.06,0.07,R,F,1992-11-17,1993-01-23,1992-12-02,COLLECT COD,RAIL,jole. blithe
57699-5,57699,289,44,5,40.00,47571.20,0.08,0.01,A,F,1992-12-15,1993-02-02,1993-01-06,DELIVER IN PERSON,AIR,equests. carefully ironic depend
57699-6,57699,750,15,6,22.00,36316.50,0.03,0.04,R,F,1993-01-03,1993-01-01,1993-01-27,DELIVER IN PERSON,FOB,y silent dependenci
57699-7,57699,1999,44,7,32.00,60831.68,0.00,0.03,R,F,1993-03-04,1993-01-22,1993-03-28,COLLECT COD,REG AIR,efully express packages. tithes 
57700-1,57700,1941,86,1,16.00,29487.04,0.02,0.02,N,O,1996-02-16,1996-01-12,1996-03-12,COLLECT COD,MAIL,y pending packages
57700-2,57700,101,28,2,50.00,50055.00,0.05,0.05,N,O,1996-01-26,1996-02-07,1996-02-10,COLLECT COD,FOB,ut the special packages. furiously regular
57701-1,57701,1437,77,1,35.00,46845.05,0.08,0.02,N,O,1996-10-03,1996-08-14,1996-11-01,TAKE BACK RETURN,AIR,y enticing pinto 
57701-2,57701,41,92,2,25.00,23526.00,0.04,0.02,N,O,1996-10-12,1996-07-29,1996-10-15,TAKE BACK RETURN,TRUCK,ilent deposits. requests are blithely abov
57701-3,57701,1326,65,3,29.00,35592.28,0.02,0.07,N,O,1996-07-06,1996-09-18,1996-07-27,TAKE BACK RETURN,RAIL,"ccording to the final, regular"
57701-4,57701,1599,40,4,25.00,37514.75,0.00,0.02,N,O,1996-06-30,1996-09-10,1996-07-08,DELIVER IN PERSON,AIR,hely-- stealthy r
57701-5,57701,1229,4,5,44.00,49729.68,0.00,0.04,N,O,1996-10-01,1996-08-29,1996-10-31,NONE,TRUCK,r accounts cajole 
57701-6,57701,1364,65,6,32.00,40491.52,0.02,0.07,N,O,1996-07-30,1996-08-18,1996-08-21,COLLECT COD,MAIL,lets kindle according to the 
57701-7,57701,1106,7,7,32.00,32227.20,0.06,0.00,N,O,1996-09-20,1996-08-28,1996-10-04,TAKE BACK RETURN,MAIL,deposits. r
57702-1,57702,580,71,1,38.00,56262.04,0.09,0.01,N,O,1996-10-18,1997-01-01,1996-11-09,NONE,REG AIR,ly final a
57702-2,57702,1148,49,2,17.00,17835.38,0.08,0.06,N,O,1996-10-19,1996-12-25,1996-11-07,DELIVER IN PERSON,AIR, ideas. de
57702-3,57702,1212,87,3,35.00,38962.35,0.04,0.00,N,O,1996-12-02,1996-11-22,1996-12-08,NONE,FOB,ly bold packages doze 
57702-4,57702,1319,58,4,39.00,47592.09,0.10,0.01,N,O,1997-01-28,1996-12-18,1997-02-23,TAKE BACK RETURN,SHIP,ing to the furiously ironic instructions
57702-5,57702,1375,52,5,18.00,22974.66,0.02,0.01,N,O,1996-10-18,1996-11-27,1996-11-12,DELIVER IN PERSON,FOB,urious theodolites 
57702-6,57702,1135,44,6,31.00,32120.03,0.01,0.04,N,O,1996-12-15,1997-01-06,1997-01-04,DELIVER IN PERSON,FOB,s according to the even
57703-1,57703,153,32,1,22.00,23169.30,0.05,0.01,A,F,1994-04-01,1994-03-31,1994-04-06,COLLECT COD,RAIL,lar foxes dete
57703-2,57703,117,44,2,23.00,23393.53,0.02,0.05,R,F,1994-05-17,1994-04-29,1994-05-28,TAKE BACK RETURN,MAIL,e furiously pending depos
57728-1,57728,1278,53,1,46.00,54246.42,0.10,0.04,N,O,1996-10-09,1996-08-11,1996-10-19,COLLECT COD,FOB," across the pending, silent"
57729-1,57729,1185,22,1,16.00,17378.88,0.00,0.04,N,O,1996-06-28,1996-07-07,1996-06-30,TAKE BACK RETURN,TRUCK,ng requests try to sleep express id
57729-2,57729,830,97,2,20.00,34616.60,0.07,0.03,N,O,1996-06-24,1996-06-23,1996-07-07,DELIVER IN PERSON,TRUCK,thely silent ideas. fluffi
57729-3,57729,980,83,3,4.00,7523.92,0.03,0.08,N,O,1996-08-09,1996-06-27,1996-08-30,COLLECT COD,MAIL,ickly quie
57730-1,57730,773,74,1,23.00,38496.71,0.06,0.07,N,O,1998-05-27,1998-05-04,1998-05-31,NONE,SHIP,"nusual, busy deposits cajole carefu"
57730-2,57730,63,64,2,45.00,43337.70,0.02,0.03,N,O,1998-05-04,1998-05-01,1998-05-09,DELIVER IN PERSON,FOB,ffily special deposits.
57730-3,57730,1996,85,3,5.00,9489.95,0.03,0.00,N,O,1998-03-25,1998-05-09,1998-04-05,TAKE BACK RETURN,AIR,ins sleep 
57730-4,57730,1525,46,4,1.00,1426.52,0.07,0.01,N,O,1998-05-16,1998-04-22,1998-06-02,COLLECT COD,REG AIR, about the carefully special foxes. blith
57731-1,57731,1197,98,1,48.00,52713.12,0.02,0.05,N,O,1997-02-23,1997-02-13,1997-03-18,TAKE BACK RETURN,SHIP,y express instructions. blithely
57731-2,57731,1273,85,2,48.00,56364.96,0.09,0.04,N,O,1997-04-19,1997-01-28,1997-05-05,TAKE BACK RETURN,FOB,iously final a
57731-3,57731,632,26,3,9.00,13793.67,0.00,0.07,N,O,1997-02-09,1997-02-07,1997-02-10,COLLECT COD,RAIL,beans are 
57731-4,57731,1518,39,4,2.00,2839.02,0.04,0.00,N,O,1997-02-23,1997-02-05,1997-03-21,NONE,FOB,iously even 
57731-5,57731,1595,36,5,35.00,52380.65,0.02,0.07,N,O,1997-02-16,1997-03-16,1997-03-18,TAKE BACK RETURN,FOB, carefully. slyly even sheav
57731-6,57731,1962,63,6,36.00,67102.56,0.00,0.04,N,O,1997-01-13,1997-03-12,1997-02-10,NONE,MAIL,ecoys. quiet requests wa
57732-1,57732,1124,25,1,36.00,36904.32,0.00,0.04,N,O,1996-06-12,1996-06-13,1996-06-22,NONE,SHIP,the carefully regular deposits use qu
57732-2,57732,273,1,2,31.00,36371.37,0.01,0.06,N,O,1996-04-25,1996-06-11,1996-05-10,NONE,RAIL,. ironic requests lose
57732-3,57732,148,1,3,3.00,3144.42,0.00,0.03,N,O,1996-05-30,1996-06-12,1996-06-06,COLLECT COD,TRUCK,iously furiou
57732-4,57732,717,50,4,17.00,27501.07,0.04,0.03,N,O,1996-05-17,1996-07-07,1996-06-08,NONE,TRUCK,r deposits haggle. slowly special accounts
57732-5,57732,980,83,5,11.00,20690.78,0.10,0.05,N,O,1996-06-30,1996-07-07,1996-07-12,DELIVER IN PERSON,AIR,eep carefully among the de
57732-6,57732,100,51,6,35.00,35003.50,0.09,0.07,N,O,1996-05-04,1996-05-31,1996-06-01,TAKE BACK RETURN,TRUCK, foxes sleep quickly. deposits integ
57733-1,57733,740,73,1,7.00,11485.18,0.03,0.00,N,O,1998-03-14,1998-05-15,1998-03-19,TAKE BACK RETURN,MAIL,n packages affix ca
57733-2,57733,1814,1,2,50.00,85790.50,0.01,0.08,N,O,1998-03-17,1998-05-24,1998-03-26,DELIVER IN PERSON,TRUCK,lly special instructions promise furiously
57734-1,57734,1584,85,1,35.00,51995.30,0.09,0.05,R,F,1994-11-22,1994-10-27,1994-12-20,DELIVER IN PERSON,REG AIR,ges are along the bold pin
57734-2,57734,354,11,2,28.00,35121.80,0.03,0.02,R,F,1994-12-04,1994-11-23,1994-12-27,NONE,RAIL,theodolites. slyly pending warhorses
57734-3,57734,1622,5,3,42.00,63992.04,0.02,0.06,A,F,1994-10-01,1994-11-20,1994-10-17,TAKE BACK RETURN,TRUCK,unts sleep fluffil
57734-4,57734,409,68,4,13.00,17022.20,0.03,0.02,R,F,1994-10-10,1994-12-12,1994-10-28,DELIVER IN PERSON,SHIP,deposits. furiously special plat
57734-5,57734,1985,18,5,41.00,77366.18,0.07,0.01,A,F,1994-12-05,1994-10-22,1994-12-22,COLLECT COD,FOB,eposits. blithely bold
57734-6,57734,879,46,6,8.00,14238.96,0.06,0.02,R,F,1995-01-02,1994-10-21,1995-01-10,TAKE BACK RETURN,SHIP, slyly pending sentiments are carefully w
57735-1,57735,1160,69,1,9.00,9550.44,0.09,0.02,A,F,1992-08-16,1992-07-10,1992-08-23,TAKE BACK RETURN,SHIP,"even packages. express, express foxes are "
57735-2,57735,916,51,2,21.00,38155.11,0.04,0.01,A,F,1992-08-29,1992-07-15,1992-09-13,NONE,FOB," along the slow, even ac"
57735-3,57735,840,40,3,43.00,74856.12,0.08,0.05,R,F,1992-05-08,1992-07-23,1992-05-19,TAKE BACK RETURN,AIR,ily pending pinto beans affix. furio
57735-4,57735,1425,43,4,47.00,62341.74,0.09,0.00,A,F,1992-08-08,1992-07-10,1992-08-10,DELIVER IN PERSON,SHIP, asymptotes across the furiousl
57735-5,57735,408,9,5,14.00,18317.60,0.04,0.05,R,F,1992-07-28,1992-06-22,1992-08-18,TAKE BACK RETURN,FOB,ily regular forges hag
57735-6,57735,1252,53,6,50.00,57662.50,0.08,0.06,R,F,1992-08-20,1992-06-27,1992-09-03,NONE,AIR, bold deposits. regular
57760-1,57760,53,29,1,45.00,42887.25,0.05,0.05,N,O,1995-07-30,1995-09-05,1995-08-06,COLLECT COD,SHIP,nal package
57760-2,57760,764,29,2,16.00,26636.16,0.03,0.03,N,O,1995-11-09,1995-08-17,1995-11-28,NONE,SHIP,"r, express ideas. even, ironic requests"
57760-3,57760,290,45,3,39.00,46421.31,0.06,0.05,N,O,1995-10-22,1995-09-03,1995-11-10,DELIVER IN PERSON,SHIP,blate slyl
57760-4,57760,768,69,4,1.00,1668.76,0.09,0.04,N,O,1995-10-24,1995-09-09,1995-11-02,NONE,MAIL,pecial excuses haggle slyly
57761-1,57761,974,9,1,46.00,86248.62,0.03,0.05,R,F,1994-10-09,1994-10-27,1994-11-06,TAKE BACK RETURN,MAIL,nst the fur
57762-1,57762,1202,77,1,1.00,1103.20,0.10,0.06,R,F,1994-12-10,1995-01-16,1995-01-06,DELIVER IN PERSON,AIR,ress dolphins. deposits det
57762-2,57762,887,88,2,24.00,42909.12,0.00,0.04,A,F,1994-12-31,1995-02-06,1995-01-22,DELIVER IN PERSON,MAIL,fully abou
57762-3,57762,804,38,3,39.00,66487.20,0.05,0.06,A,F,1995-01-15,1994-12-31,1995-01-18,NONE,AIR,ent deposits wake final instructions. b
57762-4,57762,1667,9,4,47.00,73727.02,0.04,0.02,R,F,1994-12-22,1995-01-21,1994-12-30,TAKE BACK RETURN,SHIP,usly unusual dolphins ac
57762-5,57762,1818,19,5,35.00,60193.35,0.04,0.00,R,F,1994-12-16,1995-01-19,1994-12-30,NONE,FOB,idly final theodolites are slow sheav
57762-6,57762,1531,52,6,30.00,42975.90,0.07,0.06,A,F,1995-01-04,1995-02-11,1995-01-10,NONE,MAIL,carefully unusual ideas; spec
57763-1,57763,690,84,1,16.00,25451.04,0.01,0.07,N,O,1997-02-28,1996-12-24,1997-03-30,COLLECT COD,TRUCK,ly regular packages 
57763-2,57763,442,1,2,12.00,16109.28,0.05,0.00,N,O,1996-12-10,1996-12-25,1996-12-13,TAKE BACK RETURN,SHIP,odolites are fl
57763-3,57763,782,47,3,10.00,16827.80,0.02,0.00,N,O,1996-11-30,1997-01-23,1996-12-02,COLLECT COD,REG AIR,s. final accounts sleep quickly regula
57763-4,57763,227,82,4,29.00,32689.38,0.07,0.00,N,O,1997-03-01,1997-01-10,1997-03-16,NONE,RAIL,ackages cajole carefu
57763-5,57763,754,55,5,15.00,24821.25,0.06,0.00,N,O,1997-02-12,1996-12-17,1997-03-07,NONE,SHIP,"sily ironic accounts. ironic, fi"
57764-1,57764,1943,76,1,26.00,47968.44,0.00,0.02,N,O,1997-03-12,1997-01-14,1997-04-08,NONE,TRUCK," final, even deposits wake. express request"
57764-2,57764,1846,47,2,21.00,36704.64,0.08,0.00,N,O,1997-02-23,1997-02-10,1997-03-22,NONE,FOB,ound the pending s
57764-3,57764,816,50,3,41.00,70389.21,0.08,0.04,N,O,1997-02-11,1997-02-17,1997-02-16,NONE,TRUCK,e final inst
57764-4,57764,1335,36,4,22.00,27199.26,0.10,0.08,N,O,1997-01-09,1997-02-18,1997-01-26,COLLECT COD,SHIP,l requests.
57765-1,57765,1825,26,1,24.00,41443.68,0.01,0.08,A,F,1994-10-22,1995-01-13,1994-11-12,DELIVER IN PERSON,MAIL, ideas about the fluffily regular acco
57765-2,57765,1113,50,2,27.00,27380.97,0.01,0.01,R,F,1995-02-10,1994-12-24,1995-02-17,COLLECT COD,FOB, unusual accounts wak
57765-3,57765,747,48,3,30.00,49432.20,0.07,0.07,A,F,1995-01-12,1994-11-18,1995-02-10,DELIVER IN PERSON,AIR,arefully a
57765-4,57765,217,18,4,6.00,6703.26,0.08,0.01,R,F,1994-11-28,1994-11-23,1994-12-07,TAKE BACK RETURN,SHIP, pinto beans c
57765-5,57765,65,66,5,14.00,13510.84,0.03,0.03,A,F,1995-01-23,1994-11-20,1995-02-14,NONE,TRUCK,accounts. deposits across the furiously b
57765-6,57765,1907,96,6,43.00,77782.70,0.03,0.07,R,F,1995-02-02,1994-12-22,1995-02-17,COLLECT COD,TRUCK,lets nag always express accounts. slyly
57766-1,57766,1611,35,1,27.00,40840.47,0.08,0.05,A,F,1993-08-12,1993-06-28,1993-09-02,TAKE BACK RETURN,RAIL,es. ironic deposits hang. exp
57766-2,57766,34,85,2,34.00,31757.02,0.09,0.00,A,F,1993-08-29,1993-06-10,1993-09-06,DELIVER IN PERSON,AIR,ackages wake quickly unusual ins
57766-3,57766,169,22,3,38.00,40628.08,0.00,0.08,R,F,1993-07-19,1993-07-23,1993-08-06,TAKE BACK RETURN,REG AIR,ructions. slyly furious the
57766-4,57766,1336,13,4,22.00,27221.26,0.08,0.06,R,F,1993-05-12,1993-07-29,1993-05-15,DELIVER IN PERSON,FOB,"st the bold, regular esca"
57766-5,57766,1645,87,5,36.00,55679.04,0.01,0.07,A,F,1993-07-02,1993-06-09,1993-07-04,DELIVER IN PERSON,SHIP,alongside of the careful deposits haggl
57767-1,57767,787,52,1,26.00,43882.28,0.07,0.02,R,F,1992-05-26,1992-06-18,1992-06-07,DELIVER IN PERSON,FOB,"ully against the express, final requests? "
57767-2,57767,1238,50,2,14.00,15949.22,0.02,0.05,R,F,1992-07-23,1992-06-08,1992-08-20,NONE,SHIP,oxes. quickl
57767-3,57767,1395,10,3,33.00,42780.87,0.05,0.05,R,F,1992-06-09,1992-05-20,1992-06-19,NONE,FOB, use slyly. fluff
57767-4,57767,286,68,4,1.00,1186.28,0.04,0.03,A,F,1992-06-27,1992-05-30,1992-07-15,DELIVER IN PERSON,AIR, sleep. slyly silent account
57767-5,57767,769,34,5,41.00,68460.16,0.00,0.05,A,F,1992-06-17,1992-06-02,1992-06-22,NONE,AIR,equests above the reg
57767-6,57767,353,38,6,49.00,61414.15,0.04,0.02,R,F,1992-05-17,1992-06-02,1992-06-14,DELIVER IN PERSON,REG AIR,nst the blithely pending exc
57792-1,57792,1001,37,1,19.00,17138.00,0.06,0.01,N,O,1998-06-21,1998-08-16,1998-06-23,COLLECT COD,RAIL,ickly ironic ideas. slyly even excuses
57792-2,57792,1409,49,2,5.00,6552.00,0.01,0.02,N,O,1998-09-08,1998-07-24,1998-10-07,TAKE BACK RETURN,MAIL,ainments sleep ruthlessly. c
57792-3,57792,1978,11,3,39.00,73318.83,0.02,0.05,N,O,1998-09-12,1998-07-18,1998-10-09,NONE,REG AIR,d foxes ca
57792-4,57792,1151,52,4,16.00,16834.40,0.09,0.02,N,O,1998-06-06,1998-08-04,1998-06-23,DELIVER IN PERSON,REG AIR, the slyly ex
57792-5,57792,1086,87,5,50.00,49354.00,0.07,0.08,N,O,1998-06-10,1998-07-31,1998-06-19,TAKE BACK RETURN,SHIP,usly packages. furiously ironic requests
57792-6,57792,1906,7,6,4.00,7231.60,0.10,0.06,N,O,1998-07-05,1998-06-27,1998-07-30,TAKE BACK RETURN,RAIL,final deposits cajol
57793-1,57793,604,98,1,26.00,39119.60,0.03,0.02,A,F,1992-12-28,1993-01-20,1992-12-31,COLLECT COD,TRUCK,ing deposits are slyly. fluffily pending 
57793-2,57793,1696,79,2,41.00,65505.29,0.05,0.03,R,F,1993-02-22,1992-12-16,1993-03-03,COLLECT COD,AIR,requests. express
57793-3,57793,1152,53,3,49.00,51604.35,0.04,0.00,R,F,1993-02-20,1993-01-18,1993-03-04,COLLECT COD,MAIL,use carefully. quickly final r
57794-1,57794,1084,90,1,19.00,18716.52,0.05,0.03,R,F,1994-11-16,1994-08-31,1994-11-26,DELIVER IN PERSON,SHIP,cajole carefully. furiously 
57794-2,57794,1973,74,2,6.00,11249.82,0.02,0.03,A,F,1994-09-28,1994-10-05,1994-10-22,COLLECT COD,RAIL,l platelets boost across the 
57794-3,57794,18,69,3,14.00,12852.14,0.05,0.01,A,F,1994-11-20,1994-09-20,1994-12-02,COLLECT COD,FOB,pendencies. requests cajole furiously. bl
57794-4,57794,1812,42,4,5.00,8569.05,0.08,0.07,R,F,1994-11-19,1994-08-29,1994-11-20,DELIVER IN PERSON,RAIL,ilent foxes-- furiously regular in
57794-5,57794,698,99,5,41.00,65546.29,0.08,0.05,A,F,1994-10-15,1994-10-04,1994-10-26,TAKE BACK RETURN,SHIP, express wat
57794-6,57794,634,35,6,6.00,9207.78,0.02,0.07,R,F,1994-11-05,1994-10-14,1994-11-23,COLLECT COD,AIR,he slyly regular id
57794-7,57794,307,64,7,36.00,43462.80,0.06,0.02,A,F,1994-10-24,1994-09-12,1994-10-30,COLLECT COD,REG AIR,efully brave 
57795-1,57795,1120,57,1,49.00,50034.88,0.01,0.04,R,F,1994-09-30,1994-08-22,1994-10-20,DELIVER IN PERSON,FOB,en requests caj
57795-2,57795,1052,88,2,27.00,25732.35,0.03,0.06,R,F,1994-06-30,1994-09-05,1994-07-11,TAKE BACK RETURN,FOB,. slyly bold excuses a
57795-3,57795,548,9,3,30.00,43456.20,0.03,0.04,A,F,1994-10-10,1994-09-01,1994-10-28,DELIVER IN PERSON,SHIP,sits nag even e
57796-1,57796,1479,58,1,31.00,42794.57,0.03,0.04,N,O,1996-03-16,1996-05-16,1996-04-11,COLLECT COD,MAIL,wake quickly. quickly eve
57796-2,57796,1045,81,2,6.00,5676.24,0.01,0.04,N,O,1996-03-10,1996-04-03,1996-03-16,NONE,RAIL,silent pinto beans along th
57796-3,57796,1023,59,3,23.00,21252.46,0.02,0.01,N,O,1996-03-09,1996-03-29,1996-04-06,DELIVER IN PERSON,TRUCK,dolites use quick
57797-1,57797,1175,12,1,39.00,41970.63,0.00,0.07,N,O,1998-04-16,1998-05-05,1998-05-03,TAKE BACK RETURN,FOB,se carefully unusual d
57797-2,57797,1885,86,2,2.00,3573.76,0.06,0.06,N,O,1998-03-27,1998-05-05,1998-03-29,TAKE BACK RETURN,TRUCK,in dependencies. slyly even deposits haggl
57797-3,57797,1796,39,3,38.00,64516.02,0.03,0.07,N,O,1998-05-08,1998-04-10,1998-05-12,NONE,REG AIR,fily around the furi
57797-4,57797,1762,63,4,49.00,81524.24,0.05,0.08,N,O,1998-03-01,1998-04-12,1998-03-08,DELIVER IN PERSON,AIR, blithely regular re
57797-5,57797,1515,96,5,28.00,39662.28,0.07,0.07,N,O,1998-04-02,1998-04-14,1998-04-29,DELIVER IN PERSON,SHIP,ermanent instruc
57798-1,57798,1973,62,1,13.00,24374.61,0.02,0.03,R,F,1992-10-29,1992-10-16,1992-11-12,COLLECT COD,RAIL,"t the final, final fox"
57798-2,57798,23,99,2,38.00,35074.76,0.00,0.07,R,F,1992-10-30,1992-11-25,1992-11-17,COLLECT COD,FOB,", ironic frays among the spec"
57798-3,57798,1524,65,3,42.00,59871.84,0.06,0.05,R,F,1992-11-11,1992-12-11,1992-12-01,NONE,RAIL,ckly. pending i
57799-1,57799,1561,82,1,24.00,35101.44,0.10,0.07,N,O,1995-10-24,1995-10-02,1995-11-14,COLLECT COD,REG AIR,the unusual packa
57799-2,57799,1940,73,2,46.00,84729.24,0.10,0.06,N,O,1995-12-05,1995-11-24,1995-12-26,NONE,REG AIR,d according to the specia
57799-3,57799,699,100,3,9.00,14397.21,0.00,0.01,N,O,1995-11-13,1995-10-22,1995-11-23,TAKE BACK RETURN,MAIL,he unusual dolphin
57799-4,57799,568,69,4,19.00,27902.64,0.02,0.04,N,O,1995-09-02,1995-11-08,1995-10-01,DELIVER IN PERSON,REG AIR,inly express 
57799-5,57799,261,89,5,25.00,29031.50,0.04,0.04,N,O,1995-12-30,1995-11-14,1996-01-05,DELIVER IN PERSON,RAIL,ously even packages. 
57824-1,57824,1995,96,1,5.00,9484.95,0.07,0.02,N,O,1998-01-07,1997-12-24,1998-01-17,COLLECT COD,MAIL, beans eat carefully regula
57824-2,57824,1420,21,2,35.00,46249.70,0.04,0.00,N,O,1998-01-04,1997-12-30,1998-01-08,DELIVER IN PERSON,SHIP,heodolites; carefully
57824-3,57824,75,76,3,40.00,39002.80,0.04,0.06,N,O,1998-01-01,1998-01-03,1998-01-08,DELIVER IN PERSON,TRUCK,ly regular
57825-1,57825,881,81,1,50.00,89094.00,0.05,0.07,N,O,1998-05-07,1998-04-09,1998-05-31,TAKE BACK RETURN,MAIL,lly express dependencies. fluffily
57825-2,57825,1981,70,2,43.00,80968.14,0.06,0.02,N,O,1998-04-18,1998-05-11,1998-04-30,COLLECT COD,FOB,y about the quickly regular
57825-3,57825,682,14,3,42.00,66472.56,0.07,0.01,N,O,1998-05-20,1998-04-15,1998-06-05,DELIVER IN PERSON,TRUCK,ts hinder quickly pla
57826-1,57826,298,99,1,25.00,29957.25,0.02,0.01,N,O,1998-04-07,1998-06-13,1998-04-29,COLLECT COD,AIR,must have to cajole. slyly f
57826-2,57826,1620,62,2,6.00,9129.72,0.08,0.05,N,O,1998-04-14,1998-07-02,1998-04-19,COLLECT COD,MAIL,jole. unusual dinos h
57826-3,57826,1516,57,3,9.00,12757.59,0.08,0.03,N,O,1998-07-07,1998-07-03,1998-07-16,COLLECT COD,FOB,ges use according
57826-4,57826,230,85,4,43.00,48599.89,0.07,0.06,N,O,1998-06-26,1998-06-07,1998-07-16,TAKE BACK RETURN,FOB, accounts cajole stealthily along the blith
57826-5,57826,1055,26,5,33.00,31549.65,0.03,0.06,N,O,1998-07-20,1998-06-16,1998-07-23,TAKE BACK RETURN,RAIL,ously slyly express ideas. quick
57827-1,57827,6,7,1,6.00,5436.00,0.02,0.02,R,F,1994-10-11,1994-08-09,1994-10-21,COLLECT COD,AIR,ess ideas use after the slyly final courts
57827-2,57827,1609,10,2,29.00,43807.40,0.07,0.00,R,F,1994-08-15,1994-09-21,1994-08-27,TAKE BACK RETURN,AIR, sleep slyly above the fluffily
57827-3,57827,1947,80,3,4.00,7395.76,0.07,0.02,R,F,1994-09-22,1994-09-02,1994-10-15,COLLECT COD,RAIL, slyly iron
57827-4,57827,645,8,4,15.00,23184.60,0.07,0.02,A,F,1994-07-16,1994-08-25,1994-07-20,NONE,AIR,. regular deposi
57827-5,57827,1337,52,5,40.00,49533.20,0.01,0.02,R,F,1994-09-11,1994-09-04,1994-09-23,TAKE BACK RETURN,AIR,haggle fluffily along the blithely
57827-6,57827,439,27,6,23.00,30806.89,0.10,0.04,A,F,1994-07-22,1994-09-07,1994-07-28,TAKE BACK RETURN,FOB, even accounts slee
57828-1,57828,846,47,1,31.00,54152.04,0.02,0.02,N,O,1998-06-28,1998-08-18,1998-07-13,DELIVER IN PERSON,MAIL,arefully re
57828-2,57828,7,8,2,41.00,37187.00,0.10,0.07,N,O,1998-06-08,1998-08-12,1998-06-09,DELIVER IN PERSON,FOB,the furiously final deposits 
57828-3,57828,346,47,3,31.00,38636.54,0.05,0.07,N,O,1998-07-07,1998-08-22,1998-07-22,COLLECT COD,RAIL, blithely fi
57828-4,57828,318,47,4,45.00,54823.95,0.00,0.04,N,O,1998-08-31,1998-07-21,1998-09-12,COLLECT COD,SHIP,iously regular depende
57828-5,57828,1761,46,5,38.00,63184.88,0.10,0.04,N,O,1998-06-01,1998-08-11,1998-06-02,COLLECT COD,SHIP,silent deposit
57829-1,57829,1243,44,1,29.00,33182.96,0.03,0.05,R,F,1994-03-10,1994-04-25,1994-03-28,DELIVER IN PERSON,REG AIR,. blithely express 
57829-2,57829,1147,56,2,14.00,14673.96,0.04,0.02,R,F,1994-06-18,1994-05-02,1994-06-28,TAKE BACK RETURN,RAIL,es are quickly sly
57829-3,57829,1856,57,3,18.00,31641.30,0.05,0.03,A,F,1994-04-15,1994-04-26,1994-04-25,NONE,TRUCK,ely ironic deposits sleep c
57830-1,57830,523,14,1,35.00,49823.20,0.01,0.08,N,O,1995-11-15,1995-10-10,1995-12-06,NONE,TRUCK, dazzle blithely blithely unu
57830-2,57830,346,47,2,47.00,58577.98,0.09,0.08,N,O,1995-10-07,1995-09-29,1995-10-27,TAKE BACK RETURN,SHIP,lyly. carefully final deposits cajole. ex
57831-1,57831,482,41,1,33.00,45621.84,0.08,0.06,N,O,1996-11-05,1996-12-20,1996-11-21,COLLECT COD,RAIL,"ests cajole. express, pe"
57831-2,57831,1281,82,2,25.00,29557.00,0.09,0.04,N,O,1996-10-18,1996-12-12,1996-11-03,COLLECT COD,REG AIR,nts are blithely. carefully ex
57831-3,57831,550,81,3,46.00,66725.30,0.08,0.01,N,O,1996-12-18,1996-11-21,1997-01-14,NONE,REG AIR,ideas. quickly regular instruction
57831-4,57831,687,81,4,28.00,44455.04,0.07,0.06,N,O,1996-12-26,1996-12-19,1997-01-08,COLLECT COD,AIR, the fluffily regular theodolites. furio
57856-1,57856,699,31,1,21.00,33593.49,0.00,0.03,R,F,1994-06-09,1994-05-13,1994-06-17,COLLECT COD,RAIL,al instructions x-ray according t
57856-2,57856,1775,18,2,9.00,15090.93,0.08,0.00,R,F,1994-03-21,1994-05-01,1994-04-12,TAKE BACK RETURN,REG AIR,are furiously outside the pe
57856-3,57856,1109,82,3,3.00,3030.30,0.06,0.00,R,F,1994-05-07,1994-03-20,1994-05-18,NONE,MAIL,ach according to the permane
57857-1,57857,1381,82,1,27.00,34624.26,0.04,0.03,A,F,1993-08-23,1993-07-10,1993-08-31,DELIVER IN PERSON,REG AIR,dolites along the fluffily ruthl
57857-2,57857,207,35,2,13.00,14393.60,0.01,0.02,A,F,1993-07-29,1993-07-06,1993-07-30,NONE,SHIP,mptotes. carefully regular packages nag 
57857-3,57857,1818,19,3,38.00,65352.78,0.07,0.07,R,F,1993-06-16,1993-06-07,1993-06-30,TAKE BACK RETURN,TRUCK,pecial deposits. blithely even p
57857-4,57857,472,2,4,47.00,64506.09,0.01,0.06,R,F,1993-05-17,1993-07-28,1993-05-31,DELIVER IN PERSON,REG AIR,instructions? fluffily regular packages w
57857-5,57857,1955,56,5,25.00,46423.75,0.09,0.07,R,F,1993-07-15,1993-06-11,1993-08-06,COLLECT COD,FOB,lyly silent foxes wake fur
57857-6,57857,1984,17,6,24.00,45263.52,0.03,0.04,A,F,1993-08-12,1993-07-28,1993-08-30,NONE,FOB,uickly quickly close ideas. sl
57857-7,57857,139,18,7,29.00,30134.77,0.00,0.03,R,F,1993-08-15,1993-07-26,1993-08-17,NONE,MAIL,was furiously re
57858-1,57858,1550,31,1,45.00,65319.75,0.07,0.02,N,O,1996-02-06,1995-12-23,1996-03-07,COLLECT COD,MAIL,rate fluffil
57858-2,57858,368,69,2,33.00,41855.88,0.09,0.05,N,O,1995-11-27,1995-12-11,1995-12-24,DELIVER IN PERSON,TRUCK,ide of the even requests. ironic
57858-3,57858,1539,40,3,39.00,56180.67,0.01,0.08,N,O,1996-01-06,1996-01-20,1996-01-19,NONE,TRUCK,s cajole slyly. deposit
57858-4,57858,1710,53,4,50.00,80585.50,0.04,0.03,N,O,1995-11-27,1996-01-19,1995-12-06,DELIVER IN PERSON,REG AIR,tructions cajole carefully ironic
57858-5,57858,144,71,5,5.00,5220.70,0.09,0.00,N,O,1995-12-30,1995-12-06,1996-01-10,NONE,TRUCK, throughout t
57859-1,57859,597,28,1,8.00,11980.72,0.03,0.07,N,O,1997-08-16,1997-07-07,1997-09-01,DELIVER IN PERSON,TRUCK,e carefully even accounts haggl
57859-2,57859,181,60,2,48.00,51896.64,0.10,0.00,N,O,1997-07-26,1997-07-09,1997-08-22,COLLECT COD,RAIL,structions. slyly silent pack
57859-3,57859,1402,81,3,25.00,32585.00,0.10,0.06,N,O,1997-06-23,1997-08-23,1997-07-15,NONE,MAIL, unusual theodolites. furiously ironi
57859-4,57859,767,100,4,31.00,51700.56,0.10,0.01,N,O,1997-06-13,1997-08-05,1997-07-06,TAKE BACK RETURN,REG AIR,ar deposits use silently slyly final plat
57859-5,57859,900,100,5,35.00,63031.50,0.02,0.02,N,O,1997-08-29,1997-07-04,1997-09-21,COLLECT COD,MAIL,tions wake slyly. quick
57859-6,57859,1856,57,6,30.00,52735.50,0.10,0.04,N,O,1997-09-06,1997-07-06,1997-09-25,TAKE BACK RETURN,MAIL,deposits. even ideas use above the sp
57859-7,57859,420,8,7,34.00,44894.28,0.02,0.02,N,O,1997-08-14,1997-08-17,1997-08-20,NONE,AIR,gside of the asympto
57860-1,57860,1730,31,1,19.00,31002.87,0.07,0.05,N,O,1997-04-12,1997-03-13,1997-04-26,DELIVER IN PERSON,FOB," fluffy asymptotes. even, silent accounts "
57860-2,57860,315,72,2,4.00,4861.24,0.07,0.03,N,O,1997-01-01,1997-03-06,1997-01-06,TAKE BACK RETURN,RAIL,out the carefully express deposits. carefu
57860-3,57860,1402,42,3,9.00,11730.60,0.02,0.01,N,O,1997-02-14,1997-02-23,1997-03-02,TAKE BACK RETURN,RAIL, bold requests. ruthless
57860-4,57860,1831,18,4,21.00,36389.43,0.08,0.01,N,O,1997-02-25,1997-01-29,1997-03-07,NONE,REG AIR, kindle furi
57860-5,57860,1599,20,5,15.00,22508.85,0.09,0.02,N,O,1997-04-09,1997-02-28,1997-04-10,TAKE BACK RETURN,SHIP,y slyly speci
57861-1,57861,1361,76,1,47.00,59330.92,0.00,0.06,R,F,1992-12-20,1993-01-15,1992-12-29,TAKE BACK RETURN,FOB, sublate slyl
57861-2,57861,241,23,2,42.00,47932.08,0.00,0.01,R,F,1992-12-03,1992-12-23,1992-12-31,TAKE BACK RETURN,TRUCK,the fluffi
57862-1,57862,1833,77,1,5.00,8674.15,0.04,0.00,N,O,1996-05-06,1996-05-29,1996-05-25,NONE,MAIL, ideas wake furiously carefully i
57862-2,57862,1617,41,2,30.00,45558.30,0.06,0.03,N,O,1996-06-13,1996-06-16,1996-07-04,DELIVER IN PERSON,RAIL,ress pinto beans integrate blithely fin
57862-3,57862,1497,37,3,22.00,30766.78,0.04,0.01,N,O,1996-06-29,1996-06-19,1996-07-15,COLLECT COD,AIR,es. escapades haggle slyly across th
57862-4,57862,803,4,4,25.00,42595.00,0.00,0.02,N,O,1996-07-19,1996-07-07,1996-08-16,NONE,FOB,le slyly around the qui
57863-1,57863,1296,34,1,30.00,35918.70,0.03,0.05,A,F,1992-09-30,1992-08-25,1992-10-14,DELIVER IN PERSON,RAIL,"ependencies are. ironic, express req"
57863-2,57863,441,100,2,31.00,41584.64,0.02,0.03,A,F,1992-07-05,1992-07-19,1992-07-30,TAKE BACK RETURN,MAIL, slyly special requests wake carefull
57888-1,57888,466,67,1,20.00,27329.20,0.10,0.06,N,O,1997-03-09,1997-05-11,1997-04-07,NONE,REG AIR,yly silent request
57888-2,57888,1767,94,2,22.00,36712.72,0.10,0.08,N,O,1997-05-15,1997-04-15,1997-06-05,NONE,MAIL,ymptotes nag slyly agains
57888-3,57888,1217,29,3,11.00,12300.31,0.00,0.07,N,O,1997-07-01,1997-04-30,1997-07-26,COLLECT COD,MAIL,inst the r
57889-1,57889,1344,21,1,25.00,31133.50,0.00,0.07,A,F,1993-05-27,1993-05-10,1993-06-08,TAKE BACK RETURN,RAIL,c packages. pending Tiresia
57889-2,57889,1626,9,2,44.00,67215.28,0.09,0.07,A,F,1993-04-27,1993-06-09,1993-05-12,DELIVER IN PERSON,MAIL,ress ideas slee
57889-3,57889,1789,90,3,36.00,60868.08,0.07,0.00,A,F,1993-08-01,1993-06-03,1993-08-18,DELIVER IN PERSON,FOB,"nts. special, "
57889-4,57889,822,23,4,45.00,77526.90,0.10,0.01,A,F,1993-05-06,1993-05-22,1993-05-12,DELIVER IN PERSON,AIR,riously regu
57889-5,57889,1061,97,5,7.00,6734.42,0.01,0.04,R,F,1993-05-29,1993-06-21,1993-06-18,NONE,AIR,s. carefully unusu
57889-6,57889,1903,4,6,50.00,90245.00,0.02,0.05,A,F,1993-06-02,1993-06-12,1993-06-05,NONE,FOB,y. slow accounts wake slyl
57889-7,57889,1668,10,7,3.00,4708.98,0.00,0.08,R,F,1993-04-23,1993-06-28,1993-05-01,TAKE BACK RETURN,FOB,dolites are slyly. 
57890-1,57890,36,12,1,29.00,27144.87,0.06,0.01,R,F,1994-05-04,1994-04-02,1994-05-09,NONE,MAIL,ly fluffy no
57890-2,57890,1103,40,2,37.00,37151.70,0.01,0.00,R,F,1994-04-07,1994-05-06,1994-05-06,NONE,RAIL,pinto beans-- furious
57890-3,57890,1781,82,3,33.00,55531.74,0.07,0.04,A,F,1994-06-09,1994-05-11,1994-07-04,COLLECT COD,RAIL,s. slyly regular platel
57890-4,57890,719,84,4,31.00,50211.01,0.08,0.02,A,F,1994-04-07,1994-04-08,1994-04-17,DELIVER IN PERSON,RAIL,gular requests nag slyly. final inst
57891-1,57891,384,69,1,36.00,46237.68,0.00,0.08,R,F,1994-04-02,1994-01-24,1994-04-30,NONE,FOB," regular, bold accounts "
57891-2,57891,235,36,2,36.00,40868.28,0.04,0.04,A,F,1994-03-16,1994-01-28,1994-03-24,COLLECT COD,MAIL,"sly final, qu"
57891-3,57891,89,90,3,25.00,24727.00,0.02,0.00,R,F,1994-03-23,1994-03-06,1994-04-13,DELIVER IN PERSON,MAIL,symptotes boost caref
57891-4,57891,1713,40,4,31.00,50056.01,0.06,0.03,A,F,1994-03-10,1994-01-18,1994-04-01,TAKE BACK RETURN,MAIL,furiously unusual accounts are
57892-1,57892,820,54,1,40.00,68832.80,0.10,0.01,N,O,1997-02-16,1996-12-12,1997-03-13,NONE,FOB,mong the deposits. express
57892-2,57892,683,84,2,9.00,14253.12,0.07,0.03,N,O,1997-01-17,1996-12-27,1997-02-08,DELIVER IN PERSON,RAIL,nal excuses. blithely ironic deposit
57892-3,57892,559,20,3,43.00,62760.65,0.10,0.05,N,O,1996-11-14,1997-01-09,1996-11-22,TAKE BACK RETURN,SHIP,ly even packages-- slyly express dinos
57893-1,57893,1818,62,1,39.00,67072.59,0.09,0.02,R,F,1993-11-30,1993-12-09,1993-12-23,NONE,AIR,ular theodolites. furiously bold grouc
57893-2,57893,507,38,2,39.00,54892.50,0.10,0.00,R,F,1994-01-14,1994-01-01,1994-01-18,COLLECT COD,SHIP,ly. ironic requests sleep. ironic dep
57893-3,57893,747,44,3,30.00,49432.20,0.05,0.03,R,F,1994-01-29,1993-12-26,1994-02-10,COLLECT COD,FOB,posits affix along the
57894-1,57894,1167,4,1,28.00,29908.48,0.06,0.07,R,F,1992-07-04,1992-06-14,1992-07-08,TAKE BACK RETURN,SHIP,"ss, unusua"
57894-2,57894,1958,3,2,49.00,91137.55,0.01,0.05,A,F,1992-04-13,1992-05-28,1992-04-24,DELIVER IN PERSON,SHIP,tions along
57894-3,57894,1368,83,3,30.00,38080.80,0.06,0.08,A,F,1992-06-25,1992-05-31,1992-07-11,TAKE BACK RETURN,REG AIR,e slyly regular deposits in
57894-4,57894,1056,92,4,46.00,44024.30,0.08,0.06,R,F,1992-07-04,1992-07-02,1992-07-07,DELIVER IN PERSON,REG AIR,pendencies poach among the express 
57895-1,57895,1300,38,1,1.00,1201.30,0.03,0.08,N,O,1997-04-26,1997-03-29,1997-05-09,COLLECT COD,FOB,"the express, si"
57895-2,57895,1484,85,2,50.00,69274.00,0.05,0.07,N,O,1997-05-05,1997-04-07,1997-05-17,NONE,AIR,ffily even dolphins 
57895-3,57895,1066,67,3,48.00,46418.88,0.10,0.01,N,O,1997-03-28,1997-04-05,1997-04-17,TAKE BACK RETURN,RAIL,ld instructions. slyly brave requests hag
57895-4,57895,560,61,4,33.00,48198.48,0.04,0.05,N,O,1997-01-26,1997-03-08,1997-02-13,NONE,AIR,about the even packages. id
57895-5,57895,1032,3,5,11.00,10263.33,0.07,0.03,N,O,1997-02-24,1997-04-06,1997-03-07,DELIVER IN PERSON,REG AIR,y ironic depth
57895-6,57895,756,89,6,43.00,71240.25,0.07,0.08,N,O,1997-04-21,1997-03-17,1997-05-12,DELIVER IN PERSON,REG AIR,ed to are; blithely regular e
57920-1,57920,777,10,1,47.00,78855.19,0.06,0.01,N,O,1997-03-23,1997-02-02,1997-03-31,NONE,MAIL,never furiously ironic theodolites. quick
57920-2,57920,779,76,2,27.00,45353.79,0.07,0.01,N,O,1997-03-04,1997-03-03,1997-03-06,DELIVER IN PERSON,AIR,uffily even requests. ironic dinos s
57920-3,57920,559,90,3,38.00,55462.90,0.02,0.00,N,O,1997-01-16,1997-02-25,1997-01-17,NONE,RAIL,grow enticingly about the fl
57920-4,57920,521,82,4,17.00,24165.84,0.08,0.01,N,O,1997-02-20,1997-02-26,1997-03-17,DELIVER IN PERSON,AIR,refully thin deposits.
57920-5,57920,1659,42,5,48.00,74911.20,0.03,0.04,N,O,1997-03-24,1997-03-22,1997-04-23,COLLECT COD,SHIP,posits sleep blithely across t
57920-6,57920,1839,40,6,49.00,85300.67,0.10,0.02,N,O,1997-01-26,1997-03-02,1997-02-02,TAKE BACK RETURN,MAIL,arefully alongsid
57921-1,57921,83,9,1,14.00,13763.12,0.06,0.00,A,F,1993-10-14,1993-09-30,1993-10-23,DELIVER IN PERSON,REG AIR,-- thin deposits sleep quickly. even acc
57921-2,57921,428,29,2,29.00,38524.18,0.02,0.07,A,F,1993-11-17,1993-09-21,1993-11-26,DELIVER IN PERSON,REG AIR,regular depo
57921-3,57921,1816,60,3,42.00,72148.02,0.02,0.07,R,F,1993-10-28,1993-10-28,1993-11-05,TAKE BACK RETURN,FOB,arefully e
57921-4,57921,1708,9,4,38.00,61168.60,0.04,0.03,R,F,1993-12-02,1993-10-28,1993-12-18,NONE,SHIP,thely regular pinto beans. slyly ironi
57921-5,57921,1921,54,5,19.00,34635.48,0.07,0.07,R,F,1993-10-18,1993-11-01,1993-10-22,TAKE BACK RETURN,REG AIR,ly. regular requests was quick
57921-6,57921,1935,24,6,48.00,88172.64,0.07,0.08,R,F,1993-09-27,1993-11-12,1993-10-11,NONE,FOB,ests boost slyly sl
57921-7,57921,1209,47,7,25.00,27755.00,0.01,0.00,A,F,1993-08-24,1993-11-08,1993-09-06,TAKE BACK RETURN,RAIL,y about the quickly busy pinto b
57922-1,57922,78,79,1,18.00,17605.26,0.05,0.03,R,F,1995-04-04,1995-04-04,1995-04-05,TAKE BACK RETURN,RAIL, braids haggle across the fluffily unusu
57922-2,57922,1897,98,2,40.00,71955.60,0.03,0.02,R,F,1995-03-28,1995-04-02,1995-04-26,DELIVER IN PERSON,REG AIR,y ironic theodolites ar
57923-1,57923,1695,19,1,31.00,49497.39,0.06,0.02,A,F,1994-07-07,1994-05-25,1994-08-01,NONE,RAIL,ickly regular requests? depend
57923-2,57923,1441,59,2,50.00,67122.00,0.07,0.07,R,F,1994-04-03,1994-04-19,1994-04-07,TAKE BACK RETURN,TRUCK,"nding, fluffy ideas a"
57923-3,57923,430,31,3,42.00,55878.06,0.03,0.06,R,F,1994-07-12,1994-06-02,1994-07-17,NONE,TRUCK,along the furiously final packages. car
57924-1,57924,1680,4,1,12.00,18980.16,0.09,0.03,N,O,1997-04-03,1997-05-13,1997-04-28,NONE,AIR,quests sleep about the furiously ironi
57924-2,57924,49,75,2,1.00,949.04,0.02,0.02,N,O,1997-04-27,1997-06-11,1997-05-15,COLLECT COD,SHIP,e fluffily acro
57924-3,57924,1720,5,3,45.00,72977.40,0.09,0.07,N,O,1997-04-30,1997-05-13,1997-05-02,DELIVER IN PERSON,FOB,ess attainments use blithely among the car
57924-4,57924,323,24,4,36.00,44039.52,0.04,0.05,N,O,1997-06-17,1997-05-07,1997-06-30,NONE,MAIL,rding to t
57924-5,57924,66,17,5,42.00,40574.52,0.06,0.01,N,O,1997-07-29,1997-06-20,1997-08-06,DELIVER IN PERSON,TRUCK,. slyly final packages acr
57924-6,57924,1398,75,6,48.00,62370.72,0.07,0.07,N,O,1997-05-12,1997-06-24,1997-05-17,COLLECT COD,TRUCK,ependencies. p
57924-7,57924,1762,5,7,5.00,8318.80,0.08,0.00,N,O,1997-07-05,1997-05-26,1997-08-04,NONE,RAIL,ffix blithely according to the eve
57925-1,57925,1664,47,1,9.00,14090.94,0.09,0.02,N,O,1997-07-07,1997-07-19,1997-07-16,DELIVER IN PERSON,RAIL,carefully unusual instructions are fu
57925-2,57925,1976,77,2,24.00,45071.28,0.05,0.06,N,O,1997-06-09,1997-05-29,1997-06-18,NONE,FOB,s cajole blithely. silently unusual f
57926-1,57926,1404,5,1,7.00,9137.80,0.02,0.00,N,O,1998-08-03,1998-05-15,1998-08-16,NONE,FOB,eyond the carefully regular courts. spec
57926-2,57926,830,30,2,44.00,76156.52,0.06,0.02,N,O,1998-05-19,1998-07-10,1998-06-13,TAKE BACK RETURN,RAIL,"he ironic, pending excuses wake blithely un"
57926-3,57926,644,76,3,43.00,66419.52,0.00,0.02,N,O,1998-08-01,1998-06-25,1998-08-15,NONE,FOB,en theodolites. quickly unusu
57926-4,57926,1246,58,4,34.00,39006.16,0.06,0.01,N,O,1998-07-07,1998-05-25,1998-07-16,COLLECT COD,FOB,ithely final
57926-5,57926,1520,61,5,34.00,48331.68,0.08,0.06,N,O,1998-04-21,1998-05-22,1998-04-28,TAKE BACK RETURN,RAIL,xcuses throughout the ca
57927-1,57927,166,19,1,27.00,28786.32,0.04,0.02,R,F,1993-01-04,1993-02-17,1993-01-22,DELIVER IN PERSON,AIR,e. blithely regular accounts will b
57952-1,57952,339,40,1,34.00,42137.22,0.05,0.05,N,O,1996-04-29,1996-06-13,1996-05-06,NONE,AIR,s after the carefully bold platelets wak
57952-2,57952,1054,90,2,44.00,42022.20,0.03,0.05,N,O,1996-05-05,1996-06-20,1996-05-11,COLLECT COD,REG AIR,ly special di
57952-3,57952,206,61,3,37.00,40929.40,0.07,0.01,N,O,1996-05-29,1996-07-09,1996-06-22,DELIVER IN PERSON,MAIL,ong the bold pinto beans. 
57952-4,57952,258,59,4,5.00,5791.25,0.01,0.03,N,O,1996-08-13,1996-07-25,1996-09-01,COLLECT COD,AIR,counts boost blithely-- pending frays will 
57953-1,57953,1262,37,1,49.00,56999.74,0.07,0.01,N,O,1997-02-03,1997-02-09,1997-02-08,NONE,RAIL,y ironic instru
57953-2,57953,1368,83,2,16.00,20309.76,0.09,0.08,N,O,1997-03-03,1997-01-05,1997-03-11,TAKE BACK RETURN,FOB,ate. daringly eve
57953-3,57953,956,59,3,42.00,77991.90,0.04,0.07,N,O,1997-03-09,1997-01-24,1997-03-29,NONE,MAIL, pinto beans. express packages integrate
57953-4,57953,1954,43,4,29.00,53822.55,0.09,0.01,N,O,1997-01-25,1997-02-26,1997-01-27,COLLECT COD,FOB,egular packages will have to ar
57953-5,57953,1427,6,5,35.00,46494.70,0.02,0.03,N,O,1996-12-07,1997-01-31,1996-12-23,NONE,AIR,iously unusual deposits could integrat
57954-1,57954,1362,77,1,20.00,25267.20,0.06,0.00,N,O,1998-05-20,1998-07-26,1998-05-24,TAKE BACK RETURN,SHIP, theodolites! platelets play.
57954-2,57954,1295,33,2,5.00,5981.45,0.00,0.00,N,O,1998-09-04,1998-06-28,1998-09-30,COLLECT COD,FOB,its cajole blithely regularly expres
57954-3,57954,11,62,3,11.00,10021.11,0.03,0.03,N,O,1998-06-18,1998-07-27,1998-07-13,COLLECT COD,FOB,ke daringly among the pinto
57954-4,57954,942,11,4,30.00,55288.20,0.04,0.08,N,O,1998-06-23,1998-07-11,1998-07-13,COLLECT COD,FOB,y even attainments cajole. blithely
57954-5,57954,908,9,5,41.00,74164.90,0.03,0.08,N,O,1998-07-13,1998-08-09,1998-08-07,NONE,TRUCK,lithely ruthless pin
57954-6,57954,766,99,6,35.00,58336.60,0.08,0.08,N,O,1998-09-06,1998-06-14,1998-10-04,DELIVER IN PERSON,RAIL,bold requests
57955-1,57955,170,71,1,8.00,8561.36,0.07,0.04,N,O,1998-03-22,1998-02-09,1998-04-19,DELIVER IN PERSON,FOB,press deposits. furiously final ideas de
57955-2,57955,861,95,2,37.00,65188.82,0.09,0.04,N,O,1998-03-16,1998-01-28,1998-03-29,COLLECT COD,RAIL, platelets alongsi
57955-3,57955,394,51,3,40.00,51775.60,0.01,0.03,N,O,1998-03-13,1998-03-01,1998-03-25,NONE,FOB,ar theodoli
57956-1,57956,574,5,1,22.00,32440.54,0.04,0.04,N,O,1998-09-30,1998-07-07,1998-10-21,TAKE BACK RETURN,FOB,ans. quickly 
57956-2,57956,1801,31,2,23.00,39164.40,0.00,0.08,N,O,1998-06-28,1998-07-26,1998-07-02,DELIVER IN PERSON,SHIP,"ing to the even, ironic accounts. fu"
57956-3,57956,1667,9,3,36.00,56471.76,0.09,0.07,N,O,1998-08-29,1998-08-12,1998-09-21,COLLECT COD,SHIP, the accounts haggle
57956-4,57956,995,30,4,47.00,89111.53,0.02,0.00,N,O,1998-07-12,1998-07-24,1998-07-22,NONE,SHIP,es are fluffily according to
57957-1,57957,1620,62,1,33.00,50213.46,0.09,0.00,N,O,1996-07-28,1996-06-19,1996-08-23,NONE,REG AIR,lly unusual pinto beans. special t
57957-2,57957,100,26,2,43.00,43004.30,0.01,0.07,N,O,1996-08-16,1996-06-23,1996-08-22,COLLECT COD,FOB,ter the quic
57957-3,57957,1409,49,3,10.00,13104.00,0.02,0.07,N,O,1996-06-10,1996-06-21,1996-06-14,COLLECT COD,SHIP,eans. accounts integr
57957-4,57957,1552,73,4,12.00,17442.60,0.05,0.06,N,O,1996-07-14,1996-07-16,1996-07-17,TAKE BACK RETURN,FOB,tealthily alongside of the care
57957-5,57957,1141,14,5,39.00,40643.46,0.06,0.08,N,O,1996-09-01,1996-07-24,1996-09-17,NONE,MAIL,"ronic pinto beans boost. final, sp"
57958-1,57958,282,10,1,20.00,23645.60,0.08,0.05,R,F,1994-05-19,1994-05-05,1994-06-18,NONE,REG AIR,usly ironic pinto be
57958-2,57958,1555,56,2,9.00,13108.95,0.04,0.08,R,F,1994-03-18,1994-05-18,1994-04-01,DELIVER IN PERSON,RAIL," dolphins after the regular, final"
57958-3,57958,1799,100,3,14.00,23811.06,0.04,0.03,R,F,1994-04-15,1994-05-23,1994-05-10,TAKE BACK RETURN,REG AIR,efully depths? ca
57958-4,57958,1153,62,4,31.00,32678.65,0.05,0.06,A,F,1994-06-01,1994-04-07,1994-07-01,NONE,MAIL,e silent deposi
57959-1,57959,1552,53,1,28.00,40699.40,0.08,0.05,N,O,1996-03-24,1996-03-09,1996-04-10,NONE,TRUCK,ously across the blit
57959-2,57959,1670,94,2,39.00,61295.13,0.02,0.07,N,O,1996-04-08,1996-03-20,1996-05-07,DELIVER IN PERSON,RAIL,? fluffily express deposits thrash c
57959-3,57959,1699,23,3,33.00,52822.77,0.06,0.01,N,O,1996-03-06,1996-02-11,1996-04-01,NONE,RAIL,efully carefully bold requests. eve
57959-4,57959,1497,37,4,11.00,15383.39,0.00,0.06,N,O,1996-02-24,1996-03-19,1996-02-29,TAKE BACK RETURN,MAIL,ial instructions. sly
57959-5,57959,1809,10,5,8.00,13686.40,0.04,0.08,N,O,1996-02-17,1996-03-26,1996-02-27,DELIVER IN PERSON,FOB,furiously al
57959-6,57959,912,47,6,31.00,56200.21,0.05,0.06,N,O,1996-03-06,1996-02-15,1996-03-20,NONE,REG AIR,ly express accounts lose slyly iro
57984-1,57984,1645,28,1,45.00,69598.80,0.10,0.08,A,F,1994-01-14,1993-11-07,1994-01-23,TAKE BACK RETURN,RAIL,t the fluffily ironic instructions. 
57984-2,57984,1228,29,2,50.00,56461.00,0.00,0.04,R,F,1993-11-14,1993-12-10,1993-12-04,DELIVER IN PERSON,MAIL,to beans. closely ironi
57984-3,57984,587,18,3,41.00,60990.78,0.03,0.05,R,F,1993-12-24,1993-11-04,1994-01-04,COLLECT COD,MAIL,s ideas wake carefully 
57984-4,57984,1676,18,4,47.00,74150.49,0.08,0.00,A,F,1994-01-17,1993-11-18,1994-02-13,TAKE BACK RETURN,AIR,ar deposits! acco
57985-1,57985,23,24,1,8.00,7384.16,0.01,0.07,A,F,1992-06-14,1992-05-07,1992-06-21,NONE,FOB,lose instruct
57985-2,57985,1691,74,2,40.00,63707.60,0.02,0.04,A,F,1992-04-28,1992-05-19,1992-05-08,TAKE BACK RETURN,RAIL, express deposits affix after the 
57985-3,57985,1282,83,3,18.00,21299.04,0.05,0.03,R,F,1992-05-20,1992-04-23,1992-05-28,COLLECT COD,SHIP,ly. final deposits boost after
57985-4,57985,999,68,4,9.00,17099.91,0.09,0.04,A,F,1992-05-08,1992-05-12,1992-05-17,NONE,RAIL,"ut the special, regular depos"
57986-1,57986,734,31,1,24.00,39233.52,0.09,0.07,A,F,1994-01-24,1993-12-28,1994-01-31,DELIVER IN PERSON,TRUCK,e pending instructions: un
57986-2,57986,1899,86,2,47.00,84641.83,0.06,0.08,A,F,1994-01-23,1994-01-21,1994-02-10,NONE,REG AIR, regular requests. regular p
57986-3,57986,320,49,3,9.00,10982.88,0.06,0.07,R,F,1994-01-26,1994-01-27,1994-02-08,TAKE BACK RETURN,RAIL,ironic pinto beans. c
57986-4,57986,725,58,4,43.00,69905.96,0.01,0.06,R,F,1993-11-03,1994-01-13,1993-11-15,TAKE BACK RETURN,SHIP,s the thin packages. bold account
57986-5,57986,1315,92,5,45.00,54733.95,0.09,0.02,A,F,1993-11-08,1994-01-25,1993-11-17,TAKE BACK RETURN,RAIL,s cajole against the iro
57987-1,57987,1447,65,1,9.00,12135.96,0.03,0.03,R,F,1995-01-13,1995-01-29,1995-01-31,NONE,FOB,"to the final, r"
57987-2,57987,1711,96,2,34.00,54832.14,0.02,0.02,A,F,1995-04-07,1995-01-27,1995-04-29,TAKE BACK RETURN,SHIP,nts. packa
57988-1,57988,671,3,1,50.00,78583.50,0.09,0.03,N,O,1996-03-01,1996-01-08,1996-03-30,DELIVER IN PERSON,MAIL,efully specia
57988-2,57988,419,49,2,42.00,55415.22,0.01,0.06,N,O,1996-02-08,1995-12-31,1996-03-03,COLLECT COD,FOB,he fluffily even ideas. blithel
57988-3,57988,1177,86,3,35.00,37735.95,0.09,0.02,N,O,1996-01-27,1996-01-15,1996-01-30,TAKE BACK RETURN,AIR,r requests dazzle quickly alongs
57988-4,57988,153,54,4,48.00,50551.20,0.05,0.05,N,O,1996-03-14,1996-02-17,1996-03-22,NONE,RAIL,to the carefull
57988-5,57988,1555,36,5,25.00,36413.75,0.06,0.03,N,O,1996-03-03,1996-02-15,1996-04-02,NONE,RAIL,nding platelets. furi
57989-1,57989,1649,91,1,9.00,13955.76,0.04,0.08,N,O,1997-01-07,1996-11-05,1997-02-05,DELIVER IN PERSON,REG AIR,. theodolites a
57989-2,57989,375,60,2,44.00,56116.28,0.01,0.07,N,O,1996-10-26,1996-12-05,1996-11-09,TAKE BACK RETURN,TRUCK,oxes wake blithely. fluffily bold deposit
57989-3,57989,1858,88,3,4.00,7039.40,0.00,0.06,N,O,1996-11-04,1996-11-15,1996-11-24,COLLECT COD,FOB, furiously
57990-1,57990,925,26,1,18.00,32866.56,0.00,0.05,A,F,1994-12-14,1994-10-20,1995-01-02,DELIVER IN PERSON,FOB,tructions across
57991-1,57991,1156,29,1,1.00,1057.15,0.07,0.08,R,F,1993-02-24,1993-03-22,1993-03-11,NONE,TRUCK,ic instruct
57991-2,57991,1719,20,2,45.00,72931.95,0.07,0.01,R,F,1993-04-30,1993-02-25,1993-05-18,DELIVER IN PERSON,REG AIR,ously bold courts us
58016-1,58016,1442,43,1,24.00,32242.56,0.10,0.07,A,F,1994-03-26,1994-06-11,1994-04-12,DELIVER IN PERSON,SHIP,s use along the blithely unusual packag
58016-2,58016,567,68,2,41.00,60169.96,0.07,0.01,R,F,1994-07-06,1994-05-24,1994-07-14,TAKE BACK RETURN,MAIL,egular deposits.
58017-1,58017,455,14,1,28.00,37952.60,0.00,0.02,N,O,1997-06-12,1997-07-06,1997-06-29,NONE,MAIL,efully about the 
58017-2,58017,211,12,2,41.00,45559.61,0.07,0.08,N,O,1997-07-11,1997-08-08,1997-07-22,NONE,MAIL,fluffily after the regu
58017-3,58017,1624,7,3,43.00,65601.66,0.09,0.07,N,O,1997-07-10,1997-06-26,1997-07-12,COLLECT COD,TRUCK,se across t
58018-1,58018,1217,18,1,43.00,48083.03,0.08,0.02,N,O,1997-09-10,1997-07-26,1997-09-12,NONE,AIR,uctions wake sly
58018-2,58018,1111,12,2,10.00,10121.10,0.05,0.03,N,O,1997-07-01,1997-08-09,1997-07-23,NONE,SHIP,-- pinto beans sleep slyly c
58018-3,58018,1594,35,3,23.00,34398.57,0.02,0.05,N,O,1997-09-05,1997-07-25,1997-09-14,COLLECT COD,TRUCK,egular attainments sleep car
58019-1,58019,298,80,1,2.00,2396.58,0.10,0.04,A,F,1992-06-11,1992-03-19,1992-06-15,NONE,RAIL, quickly quiet requests. express accoun
58019-2,58019,762,59,2,1.00,1662.76,0.03,0.01,R,F,1992-03-17,1992-04-09,1992-04-16,DELIVER IN PERSON,AIR,"osits. bold, special ideas ha"
58019-3,58019,702,67,3,21.00,33656.70,0.02,0.04,A,F,1992-05-25,1992-04-10,1992-06-20,DELIVER IN PERSON,REG AIR,above the carefully final
58020-1,58020,1170,79,1,29.00,31063.93,0.06,0.04,R,F,1993-01-01,1992-12-30,1993-01-26,NONE,MAIL,s are quickly. ir
58020-2,58020,1881,11,2,36.00,64183.68,0.03,0.07,R,F,1993-02-17,1992-12-29,1993-03-01,NONE,FOB,cial multipli
58020-3,58020,602,65,3,18.00,27046.80,0.03,0.04,A,F,1993-02-13,1993-02-04,1993-03-01,DELIVER IN PERSON,SHIP,sts. ironic ideas according to the furio
58021-1,58021,1946,35,1,43.00,79461.42,0.01,0.08,A,F,1992-11-02,1992-09-28,1992-11-11,DELIVER IN PERSON,AIR,en instructions against the
58022-1,58022,1599,40,1,45.00,67526.55,0.03,0.01,N,O,1996-07-23,1996-07-16,1996-08-15,TAKE BACK RETURN,AIR, fluffily above the slyly fin
58022-2,58022,68,19,2,41.00,39690.46,0.05,0.02,N,O,1996-07-18,1996-06-29,1996-08-04,TAKE BACK RETURN,AIR,ress deposits. packages haggle quic
58022-3,58022,1882,69,3,3.00,5351.64,0.06,0.08,N,O,1996-08-06,1996-05-22,1996-08-16,COLLECT COD,RAIL,rding to the furiously 
58022-4,58022,1228,3,4,45.00,50814.90,0.10,0.00,N,O,1996-05-03,1996-06-16,1996-05-12,NONE,REG AIR,ke blithely. requests boost al
58022-5,58022,965,100,5,6.00,11195.76,0.08,0.05,N,O,1996-04-24,1996-05-29,1996-05-17,NONE,AIR," sleep slyly. final, unus"
58023-1,58023,939,40,1,34.00,62557.62,0.00,0.05,N,O,1996-10-08,1996-10-25,1996-10-13,TAKE BACK RETURN,TRUCK,ge slyly; ironic accounts sleep
58023-2,58023,1493,72,2,38.00,52990.62,0.10,0.02,N,O,1996-09-19,1996-10-31,1996-10-07,COLLECT COD,FOB,the carefully
58023-3,58023,902,5,3,15.00,27043.50,0.09,0.05,N,O,1996-10-08,1996-11-04,1996-10-11,DELIVER IN PERSON,MAIL, theodolites
58023-4,58023,1515,96,4,39.00,55243.89,0.01,0.07,N,O,1996-09-07,1996-09-15,1996-09-10,TAKE BACK RETURN,SHIP,ar deposits detect. blithely bo
58023-5,58023,1334,49,5,7.00,8647.31,0.05,0.04,N,O,1996-12-10,1996-10-17,1996-12-16,DELIVER IN PERSON,AIR,lar accounts around the slyly spe
58048-1,58048,1737,64,1,8.00,13109.84,0.00,0.06,N,O,1998-11-18,1998-09-13,1998-12-08,TAKE BACK RETURN,AIR, quickly pending accounts hinder slyly fu
58048-2,58048,1057,28,2,23.00,22035.15,0.09,0.01,N,O,1998-09-04,1998-09-28,1998-09-14,DELIVER IN PERSON,RAIL,es. blithely reg
58048-3,58048,822,89,3,49.00,84418.18,0.09,0.00,N,O,1998-08-10,1998-09-07,1998-08-16,DELIVER IN PERSON,REG AIR,al dolphins haggle. final theodolit
58049-1,58049,1904,49,1,43.00,77653.70,0.07,0.05,N,F,1995-06-17,1995-04-30,1995-07-17,DELIVER IN PERSON,REG AIR, express theodolites. i
58049-2,58049,1455,95,2,26.00,35267.70,0.03,0.05,A,F,1995-04-17,1995-05-01,1995-04-29,NONE,REG AIR,ly bold deposit
58049-3,58049,1333,34,3,32.00,39498.56,0.02,0.07,A,F,1995-03-21,1995-05-08,1995-03-28,COLLECT COD,MAIL,refully above the blithel
58049-4,58049,514,15,4,2.00,2829.02,0.06,0.00,R,F,1995-04-22,1995-06-02,1995-05-12,COLLECT COD,FOB,posits are against the special pinto bea
58049-5,58049,1301,40,5,12.00,14427.60,0.09,0.02,A,F,1995-05-23,1995-05-10,1995-06-04,DELIVER IN PERSON,FOB,"etect alongside of the regular, express ex"
58049-6,58049,836,3,6,7.00,12157.81,0.07,0.03,A,F,1995-05-13,1995-04-28,1995-05-23,TAKE BACK RETURN,REG AIR,cajole at the carefully ironic accounts
58049-7,58049,200,53,7,40.00,44008.00,0.05,0.02,R,F,1995-03-24,1995-05-30,1995-04-12,COLLECT COD,MAIL,as boost fluffily
58050-1,58050,63,64,1,15.00,14445.90,0.01,0.06,A,F,1992-09-04,1992-06-15,1992-09-11,NONE,RAIL,y special instruct
58051-1,58051,774,71,1,21.00,35170.17,0.10,0.08,R,F,1992-05-09,1992-04-26,1992-05-14,DELIVER IN PERSON,SHIP,oss the blithely bold acco
58052-1,58052,1108,17,1,10.00,10091.00,0.06,0.06,R,F,1992-07-29,1992-06-28,1992-08-12,TAKE BACK RETURN,REG AIR,uietly regular
58052-2,58052,1512,33,2,45.00,63607.95,0.10,0.04,A,F,1992-08-20,1992-07-15,1992-08-22,NONE,FOB,out the packages. quickly bold idea
58052-3,58052,607,1,3,26.00,39197.60,0.07,0.06,A,F,1992-08-22,1992-07-22,1992-08-23,COLLECT COD,SHIP,equests nag. 
58052-4,58052,987,90,4,40.00,75519.20,0.10,0.07,A,F,1992-07-22,1992-07-16,1992-08-18,TAKE BACK RETURN,TRUCK,"ng, regular accounts use carefully blit"
58052-5,58052,750,47,5,37.00,61077.75,0.04,0.06,R,F,1992-05-09,1992-07-21,1992-05-19,COLLECT COD,TRUCK,warhorses wake slyly regular orbits? s
58052-6,58052,1643,26,6,20.00,30892.80,0.04,0.06,R,F,1992-07-25,1992-06-21,1992-08-10,NONE,RAIL,eans nag for the 
58053-1,58053,615,78,1,10.00,15156.10,0.04,0.02,A,F,1993-03-03,1993-03-14,1993-03-12,TAKE BACK RETURN,AIR," accounts according to the unusual, regul"
58053-2,58053,1142,51,2,42.00,43811.88,0.01,0.07,A,F,1993-03-29,1993-03-14,1993-04-05,COLLECT COD,TRUCK,ed ideas haggle fu
58053-3,58053,189,68,3,22.00,23961.96,0.00,0.08,R,F,1993-03-26,1993-03-03,1993-04-19,DELIVER IN PERSON,TRUCK, final pinto beans hag
58053-4,58053,279,34,4,34.00,40095.18,0.03,0.03,A,F,1993-05-07,1993-03-23,1993-05-19,NONE,AIR,. quickly regular foxes wake. u
58054-1,58054,642,5,1,38.00,58620.32,0.00,0.00,R,F,1995-01-23,1995-03-22,1995-02-08,DELIVER IN PERSON,SHIP,lar instructions amon
58054-2,58054,1677,19,2,50.00,78933.50,0.07,0.08,R,F,1995-02-14,1995-03-26,1995-03-03,DELIVER IN PERSON,SHIP,. slyly regular requests use bl
58054-3,58054,165,44,3,13.00,13847.08,0.10,0.05,A,F,1995-02-02,1995-03-19,1995-02-22,NONE,AIR,s cajole? packages nag carefully amon
58054-4,58054,442,30,4,24.00,32218.56,0.00,0.00,R,F,1995-02-04,1995-03-23,1995-03-04,COLLECT COD,RAIL,lly requests. ca
58054-5,58054,864,98,5,2.00,3529.72,0.01,0.07,A,F,1995-02-05,1995-02-04,1995-02-15,DELIVER IN PERSON,SHIP,he blithely ironic somas affix silently 
58054-6,58054,1063,69,6,45.00,43382.70,0.02,0.01,R,F,1995-03-17,1995-03-20,1995-03-28,DELIVER IN PERSON,REG AIR,al accounts. slyly even 
58055-1,58055,410,11,1,28.00,36691.48,0.09,0.08,N,O,1995-11-30,1996-01-15,1995-12-22,NONE,AIR, the carefully ironic theodolite
58055-2,58055,960,29,2,28.00,52106.88,0.01,0.06,N,O,1996-02-02,1995-12-27,1996-02-25,COLLECT COD,REG AIR,; bold deposits impress 
58055-3,58055,1863,93,3,35.00,61770.10,0.01,0.04,N,O,1996-01-11,1995-12-13,1996-01-13,NONE,FOB,eodolites. carefully ironic requests agai
58055-4,58055,1981,14,4,25.00,47074.50,0.07,0.07,N,O,1995-12-30,1995-12-05,1996-01-05,NONE,RAIL,tions doubt slyly along the s
58055-5,58055,716,81,5,38.00,61434.98,0.05,0.07,N,O,1995-12-01,1996-01-25,1995-12-02,NONE,REG AIR,ng the furiously 
58055-6,58055,1714,15,6,50.00,80785.50,0.05,0.02,N,O,1996-01-06,1995-12-01,1996-01-12,COLLECT COD,MAIL,y express packages boost blithely a
58080-1,58080,1648,49,1,36.00,55787.04,0.10,0.03,N,O,1997-10-19,1997-12-22,1997-11-17,DELIVER IN PERSON,FOB, across the slyly even acc
58081-1,58081,1784,27,1,9.00,15172.02,0.10,0.05,R,F,1992-04-28,1992-02-19,1992-05-21,NONE,REG AIR,he blithely pending deposits. deposits
58081-2,58081,1184,57,2,40.00,43407.20,0.10,0.00,A,F,1992-04-15,1992-03-19,1992-05-15,COLLECT COD,RAIL,eodolites. quickly 
58081-3,58081,1166,75,3,8.00,8537.28,0.05,0.08,R,F,1992-02-16,1992-02-13,1992-03-12,TAKE BACK RETURN,MAIL,"eep carefully against the pending, pending "
58081-4,58081,1869,13,4,39.00,69063.54,0.10,0.02,R,F,1992-04-20,1992-03-07,1992-05-10,DELIVER IN PERSON,MAIL,uickly slyly express instruc
58082-1,58082,1413,92,1,20.00,26288.20,0.09,0.08,N,O,1996-05-14,1996-04-15,1996-05-21,TAKE BACK RETURN,AIR, above the s
58082-2,58082,164,91,2,44.00,46823.04,0.07,0.04,N,O,1996-02-01,1996-04-27,1996-02-23,NONE,SHIP,lithely even requests 
58082-3,58082,1015,51,3,14.00,12824.14,0.00,0.07,N,O,1996-04-15,1996-04-29,1996-05-12,TAKE BACK RETURN,AIR,ly regular r
58082-4,58082,301,30,4,23.00,27629.90,0.02,0.06,N,O,1996-05-13,1996-02-29,1996-05-23,NONE,TRUCK,ccounts use even d
58083-1,58083,919,22,1,27.00,49137.57,0.01,0.00,N,O,1997-09-04,1997-06-18,1997-09-22,DELIVER IN PERSON,REG AIR,y. quickly ironic foxes
58083-2,58083,557,88,2,35.00,51014.25,0.10,0.03,N,O,1997-06-13,1997-07-21,1997-06-26,COLLECT COD,FOB,iously about the blithely
58083-3,58083,1493,11,3,44.00,61357.56,0.04,0.04,N,O,1997-05-07,1997-07-13,1997-05-20,COLLECT COD,SHIP,"e special, pending packages use carefully"
58083-4,58083,995,96,4,2.00,3791.98,0.00,0.08,N,O,1997-07-15,1997-06-12,1997-07-16,TAKE BACK RETURN,SHIP,fully regu
58083-5,58083,1737,22,5,19.00,31135.87,0.08,0.04,N,O,1997-05-15,1997-08-01,1997-05-27,DELIVER IN PERSON,REG AIR,thely quick deposits. blithely unusua
58083-6,58083,1409,88,6,34.00,44553.60,0.01,0.02,N,O,1997-08-13,1997-07-03,1997-09-08,COLLECT COD,SHIP,uests are quickly alongs
58083-7,58083,1601,25,7,39.00,58601.40,0.04,0.03,N,O,1997-06-16,1997-07-20,1997-07-13,TAKE BACK RETURN,REG AIR, sleep frays. f
58084-1,58084,910,11,1,19.00,34407.29,0.06,0.07,A,F,1992-10-02,1992-09-21,1992-10-31,TAKE BACK RETURN,RAIL,sly final instructions. fl
58084-2,58084,894,61,2,19.00,34102.91,0.08,0.05,R,F,1992-11-21,1992-11-16,1992-12-07,DELIVER IN PERSON,FOB,rs detect carefully. 
58084-3,58084,1879,9,3,12.00,21370.44,0.01,0.08,R,F,1992-11-08,1992-09-30,1992-11-24,TAKE BACK RETURN,TRUCK, sleep furiously ironic foxes. 
58084-4,58084,638,39,4,22.00,33849.86,0.00,0.04,R,F,1992-08-25,1992-11-05,1992-08-27,COLLECT COD,SHIP,e blithely 
58084-5,58084,1476,77,5,43.00,59231.21,0.01,0.02,A,F,1992-09-28,1992-09-20,1992-10-27,DELIVER IN PERSON,AIR,alongside of the quickly regular platelet
58084-6,58084,513,44,6,28.00,39578.28,0.00,0.03,A,F,1992-10-19,1992-10-23,1992-11-05,DELIVER IN PERSON,REG AIR,ackages. fu
58085-1,58085,910,45,1,31.00,56138.21,0.00,0.05,N,O,1996-12-01,1996-11-16,1996-12-11,DELIVER IN PERSON,SHIP,hely fluffily 
58085-2,58085,1497,15,2,39.00,54541.11,0.05,0.01,N,O,1996-11-21,1996-11-29,1996-12-08,TAKE BACK RETURN,SHIP,"l, furious acc"
58085-3,58085,805,5,3,10.00,17058.00,0.06,0.08,N,O,1996-09-28,1996-11-24,1996-10-24,COLLECT COD,AIR, dependencies? furiously bold a
58085-4,58085,1612,95,4,9.00,13622.49,0.10,0.01,N,O,1996-11-06,1996-11-26,1996-11-25,TAKE BACK RETURN,MAIL,". ironic, ironic "
58086-1,58086,1781,8,1,8.00,13462.24,0.10,0.01,N,O,1995-07-04,1995-05-12,1995-07-18,NONE,AIR, fluffily final packages. eve
58086-2,58086,740,41,2,34.00,55785.16,0.08,0.02,R,F,1995-05-13,1995-05-18,1995-06-06,DELIVER IN PERSON,RAIL,kages are 
58086-3,58086,854,88,3,34.00,59664.90,0.05,0.07,N,O,1995-07-04,1995-05-28,1995-07-25,COLLECT COD,AIR,efully ironic pinto 
58086-4,58086,731,64,4,2.00,3263.46,0.03,0.00,A,F,1995-03-13,1995-06-03,1995-04-03,NONE,TRUCK,y daringly ironic tithes. furiously unu
58087-1,58087,274,29,1,32.00,37576.64,0.01,0.06,N,O,1996-04-26,1996-03-22,1996-05-14,NONE,AIR,asymptotes affix fluffily car
58087-2,58087,682,83,2,3.00,4748.04,0.09,0.06,N,O,1996-04-24,1996-03-21,1996-05-10,COLLECT COD,AIR,unts. furiously special pains hag
58087-3,58087,408,67,3,16.00,20934.40,0.06,0.08,N,O,1996-02-19,1996-02-29,1996-03-03,COLLECT COD,MAIL,ronic theodolites lose.
58087-4,58087,90,16,4,45.00,44554.05,0.03,0.00,N,O,1996-02-22,1996-03-29,1996-03-07,TAKE BACK RETURN,FOB, cajole after the furiously special 
58087-5,58087,1308,23,5,43.00,51999.90,0.09,0.03,N,O,1996-04-21,1996-02-26,1996-04-28,DELIVER IN PERSON,RAIL, quickly final 
58087-6,58087,475,63,6,8.00,11003.76,0.04,0.03,N,O,1996-03-30,1996-04-05,1996-04-04,COLLECT COD,REG AIR,ole carefully even d
58087-7,58087,598,99,7,45.00,67436.55,0.02,0.06,N,O,1996-03-31,1996-04-05,1996-04-23,NONE,SHIP,the pending packag
58112-1,58112,348,49,1,34.00,42443.56,0.10,0.00,N,O,1998-02-15,1998-03-04,1998-03-15,NONE,FOB,ntiments are after t
58113-1,58113,1828,15,1,39.00,67462.98,0.01,0.07,R,F,1992-02-14,1992-04-21,1992-02-20,COLLECT COD,SHIP,"gle fluffy, bol"
58113-2,58113,977,12,2,22.00,41315.34,0.10,0.01,R,F,1992-02-27,1992-04-20,1992-03-17,COLLECT COD,SHIP,lyly ironic excuses gr
58113-3,58113,1063,69,3,27.00,26029.62,0.01,0.08,A,F,1992-04-01,1992-03-07,1992-04-06,DELIVER IN PERSON,REG AIR,s. quickly bold packages nag slyly a
58113-4,58113,1631,73,4,8.00,12261.04,0.02,0.02,R,F,1992-04-06,1992-03-04,1992-04-20,NONE,REG AIR,c pinto beans boost carefull
58113-5,58113,1196,33,5,28.00,30721.32,0.04,0.08,A,F,1992-03-20,1992-04-01,1992-03-22,NONE,RAIL,"ar, even deposits cajole quickly instructio"
58113-6,58113,67,93,6,22.00,21275.32,0.02,0.08,A,F,1992-04-14,1992-03-07,1992-04-28,DELIVER IN PERSON,SHIP,run carefully final requests. 
58114-1,58114,596,87,1,8.00,11972.72,0.04,0.08,N,O,1998-01-26,1998-01-10,1998-02-10,TAKE BACK RETURN,FOB,", regular foxes along the fluffily"
58114-2,58114,601,95,2,27.00,40543.20,0.02,0.05,N,O,1998-01-10,1998-01-09,1998-01-25,COLLECT COD,RAIL,he instructions. carefully eve
58114-3,58114,205,60,3,34.00,37576.80,0.06,0.07,N,O,1998-01-29,1997-12-31,1998-02-14,NONE,FOB,ests. furiously regular asympto
58115-1,58115,1643,85,1,16.00,24714.24,0.04,0.06,N,O,1997-12-10,1997-12-29,1997-12-30,TAKE BACK RETURN,SHIP,y pending multipliers hag
58115-2,58115,1419,37,2,43.00,56777.63,0.02,0.02,N,O,1997-12-28,1997-11-24,1998-01-17,TAKE BACK RETURN,MAIL,its boost never slyly even packa
58116-1,58116,1108,45,1,29.00,29263.90,0.10,0.08,R,F,1994-04-17,1994-06-06,1994-05-07,COLLECT COD,RAIL,thely even foxes; pla
58116-2,58116,1586,67,2,22.00,32726.76,0.01,0.06,A,F,1994-06-29,1994-05-12,1994-07-09,TAKE BACK RETURN,RAIL,uietly eve
58116-3,58116,631,94,3,29.00,44417.27,0.00,0.07,A,F,1994-04-08,1994-06-16,1994-04-25,COLLECT COD,AIR,cajole quickly blithely p
58116-4,58116,1495,96,4,16.00,22343.84,0.05,0.05,A,F,1994-06-06,1994-06-11,1994-06-13,DELIVER IN PERSON,SHIP,s requests use quickly. furiously 
58116-5,58116,1118,55,5,11.00,11210.21,0.00,0.08,A,F,1994-07-04,1994-05-19,1994-07-21,COLLECT COD,FOB,"dazzle regular, express requests. ir"
58116-6,58116,1494,12,6,23.00,32096.27,0.07,0.08,A,F,1994-05-18,1994-06-27,1994-05-19,TAKE BACK RETURN,REG AIR,courts sleep quickly. sly
58116-7,58116,1901,2,7,9.00,16226.10,0.03,0.01,R,F,1994-04-12,1994-05-03,1994-05-11,DELIVER IN PERSON,REG AIR,quickly brave packag
58117-1,58117,747,12,1,5.00,8238.70,0.02,0.02,A,F,1995-03-27,1995-03-24,1995-04-24,TAKE BACK RETURN,FOB,quickly unusual 
58117-2,58117,1820,50,2,8.00,13774.56,0.06,0.07,N,F,1995-06-14,1995-04-23,1995-07-04,NONE,FOB,nic deposits use slyly. furiously
58117-3,58117,626,58,3,38.00,58011.56,0.05,0.06,A,F,1995-03-29,1995-05-03,1995-04-27,NONE,AIR,"ckages. final, "
58117-4,58117,618,12,4,27.00,41002.47,0.07,0.07,A,F,1995-04-22,1995-05-07,1995-05-09,TAKE BACK RETURN,SHIP,ackages. final theodolites sleep fluffily a
58117-5,58117,1007,13,5,3.00,2724.00,0.03,0.01,R,F,1995-03-25,1995-04-09,1995-04-22,COLLECT COD,TRUCK,egular deposits. quickly regular accoun
58117-6,58117,1992,81,6,49.00,92805.51,0.04,0.06,A,F,1995-03-29,1995-05-02,1995-04-21,TAKE BACK RETURN,SHIP,sly regular frays thrash. acc
58118-1,58118,307,36,1,47.00,56743.10,0.01,0.08,N,O,1997-12-21,1997-11-30,1997-12-23,NONE,TRUCK, boost slyly blithely express reque
58118-2,58118,555,56,2,31.00,45122.05,0.08,0.08,N,O,1997-10-11,1997-11-28,1997-10-13,COLLECT COD,REG AIR,sly. fluffily express requests above th
58118-3,58118,829,30,3,42.00,72652.44,0.06,0.00,N,O,1997-10-03,1997-11-05,1997-10-15,COLLECT COD,TRUCK,refully ironic accounts. slyly ironic r
58118-4,58118,1894,95,4,46.00,82610.94,0.01,0.05,N,O,1997-12-26,1997-10-24,1998-01-23,DELIVER IN PERSON,FOB,ar theodolites.
58118-5,58118,309,94,5,17.00,20558.10,0.02,0.02,N,O,1997-11-30,1997-11-26,1997-12-18,COLLECT COD,MAIL, pending requests.
58119-1,58119,1442,60,1,16.00,21495.04,0.10,0.08,A,F,1992-10-28,1992-09-23,1992-11-03,COLLECT COD,MAIL,y bold instructions mold acco
58144-1,58144,1576,57,1,41.00,60580.37,0.10,0.07,A,F,1995-02-06,1995-01-19,1995-03-05,TAKE BACK RETURN,SHIP,ecial dependencies. blithely ironic pa
58144-2,58144,1721,64,2,49.00,79513.28,0.00,0.02,A,F,1995-01-14,1995-01-20,1995-02-10,COLLECT COD,MAIL, express asymptotes boost slyly ir
58144-3,58144,111,38,3,5.00,5055.55,0.00,0.07,A,F,1994-12-22,1995-02-04,1995-01-18,NONE,SHIP,"ests. express, even requests are slyly a"
58144-4,58144,235,63,4,44.00,49950.12,0.09,0.03,R,F,1995-02-08,1995-01-30,1995-03-08,TAKE BACK RETURN,RAIL,accounts-- packages haggle 
58144-5,58144,1478,57,5,22.00,30348.34,0.07,0.01,A,F,1995-01-23,1995-01-19,1995-02-15,NONE,MAIL,fully special orbits. 
58145-1,58145,1088,59,1,1.00,989.08,0.07,0.01,R,F,1992-06-28,1992-06-17,1992-07-08,NONE,REG AIR,s haggle darin
58146-1,58146,1858,59,1,10.00,17598.50,0.09,0.04,N,O,1997-04-04,1997-06-06,1997-04-21,DELIVER IN PERSON,REG AIR,ically ironic 
58146-2,58146,549,80,2,31.00,44935.74,0.01,0.07,N,O,1997-05-03,1997-05-31,1997-05-09,NONE,FOB,ously against the 
58146-3,58146,1130,3,3,47.00,48463.11,0.02,0.05,N,O,1997-07-10,1997-06-23,1997-07-30,NONE,MAIL,ously pending attainme
58146-4,58146,974,9,4,48.00,89998.56,0.09,0.00,N,O,1997-07-23,1997-06-03,1997-08-10,COLLECT COD,SHIP,lar deposits nag 
58146-5,58146,1517,98,5,18.00,25533.18,0.07,0.06,N,O,1997-06-18,1997-06-17,1997-06-29,COLLECT COD,RAIL, wake; carefully ironic 
58146-6,58146,9,10,6,2.00,1818.00,0.02,0.00,N,O,1997-06-08,1997-06-27,1997-06-28,TAKE BACK RETURN,FOB,al ideas. careful
58146-7,58146,295,50,7,15.00,17929.35,0.00,0.02,N,O,1997-06-17,1997-06-15,1997-07-17,NONE,AIR,e quickly dar
58147-1,58147,1906,39,1,46.00,83163.40,0.00,0.03,R,F,1994-06-04,1994-07-08,1994-06-21,COLLECT COD,TRUCK,leep carefully above the regular account
58147-2,58147,1965,66,2,35.00,65343.60,0.04,0.00,A,F,1994-08-31,1994-06-28,1994-09-25,TAKE BACK RETURN,MAIL,slow requests. sl
58148-1,58148,822,23,1,24.00,41347.68,0.08,0.07,R,F,1993-01-16,1993-01-31,1993-02-07,NONE,SHIP, carefully. blithely regular reque
58148-2,58148,1020,26,2,43.00,39603.86,0.06,0.01,R,F,1992-11-23,1993-02-05,1992-12-03,TAKE BACK RETURN,TRUCK,"beans. final, pending deposits sleep. bli"
58149-1,58149,1393,8,1,36.00,46598.04,0.07,0.03,N,O,1997-04-08,1997-06-03,1997-05-03,DELIVER IN PERSON,REG AIR,ang blithely dogge
58149-2,58149,214,69,2,26.00,28969.46,0.02,0.06,N,O,1997-07-06,1997-04-20,1997-07-22,TAKE BACK RETURN,MAIL, even theodolites. t
58149-3,58149,235,36,3,18.00,20434.14,0.00,0.06,N,O,1997-04-15,1997-05-31,1997-04-26,TAKE BACK RETURN,MAIL,es. blithely pe
58149-4,58149,1974,7,4,5.00,9379.85,0.05,0.00,N,O,1997-04-28,1997-04-27,1997-05-08,TAKE BACK RETURN,REG AIR,as detect caref
58149-5,58149,995,64,5,13.00,24647.87,0.07,0.01,N,O,1997-04-27,1997-04-26,1997-05-07,NONE,REG AIR,ole slyly. unusua
58149-6,58149,1234,9,6,15.00,17028.45,0.07,0.04,N,O,1997-03-20,1997-05-25,1997-03-21,NONE,FOB,t carefully requests. special braids sleep
58150-1,58150,1839,26,1,23.00,40039.09,0.02,0.04,R,F,1993-08-15,1993-06-28,1993-09-07,TAKE BACK RETURN,AIR,"ly regular accounts. bold, ironic requests"
58150-2,58150,721,18,2,11.00,17838.92,0.05,0.07,R,F,1993-07-17,1993-06-20,1993-08-06,NONE,FOB,egularly final asy
58150-3,58150,1934,23,3,10.00,18359.30,0.05,0.02,R,F,1993-08-11,1993-08-01,1993-08-15,NONE,FOB,c dolphins use
58150-4,58150,1792,35,4,27.00,45732.33,0.07,0.00,A,F,1993-06-01,1993-07-25,1993-07-01,COLLECT COD,SHIP,hely. requests after
58150-5,58150,525,16,5,35.00,49893.20,0.08,0.05,A,F,1993-07-16,1993-06-28,1993-07-22,TAKE BACK RETURN,FOB,kly. busily final dolphin
58150-6,58150,175,76,6,15.00,16127.55,0.05,0.02,A,F,1993-07-11,1993-07-28,1993-08-05,NONE,FOB,ular pinto beans h
58150-7,58150,112,13,7,40.00,40484.40,0.04,0.03,R,F,1993-08-26,1993-07-19,1993-09-08,COLLECT COD,TRUCK,tside the 
58151-1,58151,1343,44,1,29.00,36085.86,0.07,0.02,A,F,1994-11-04,1994-11-28,1994-11-05,DELIVER IN PERSON,RAIL,serve slyly fluffily even pinto b
58151-2,58151,814,14,2,42.00,72022.02,0.03,0.05,A,F,1994-10-02,1994-12-28,1994-10-12,NONE,SHIP,deposits about the ironic deposit
58151-3,58151,702,67,3,38.00,60902.60,0.01,0.00,A,F,1994-12-02,1994-12-15,1994-12-08,TAKE BACK RETURN,RAIL,ly pending attain
58151-4,58151,1670,12,4,6.00,9430.02,0.10,0.03,A,F,1994-12-25,1994-12-13,1995-01-15,DELIVER IN PERSON,REG AIR,nstructions. slyl
58151-5,58151,159,12,5,10.00,10591.50,0.10,0.08,R,F,1994-11-29,1994-12-07,1994-12-15,TAKE BACK RETURN,TRUCK, slyly according to
58151-6,58151,1555,56,6,49.00,71370.95,0.03,0.07,A,F,1994-11-02,1994-11-15,1994-11-28,NONE,MAIL,nic multiplie
58151-7,58151,1493,33,7,47.00,65541.03,0.10,0.06,R,F,1994-12-26,1994-11-12,1995-01-06,COLLECT COD,FOB, quickly. quickly even pinto be
58176-1,58176,745,78,1,21.00,34560.54,0.04,0.07,A,F,1994-11-06,1994-10-29,1994-11-26,COLLECT COD,RAIL,the carefully iro
58176-2,58176,1716,43,2,40.00,64708.40,0.01,0.01,R,F,1994-09-03,1994-09-10,1994-09-19,COLLECT COD,TRUCK,ly: carefully ironic acco
58177-1,58177,1635,18,1,7.00,10756.41,0.03,0.08,A,F,1992-09-06,1992-10-17,1992-09-09,TAKE BACK RETURN,TRUCK,equests cajole alongsid
58177-2,58177,1949,38,2,40.00,74037.60,0.01,0.00,R,F,1992-09-07,1992-11-02,1992-09-21,COLLECT COD,SHIP,al requests ar
58177-3,58177,807,7,3,11.00,18785.80,0.01,0.01,A,F,1992-11-16,1992-11-16,1992-12-08,NONE,SHIP,unusual packages
58177-4,58177,920,89,4,32.00,58269.44,0.10,0.02,R,F,1992-10-31,1992-10-03,1992-11-06,DELIVER IN PERSON,MAIL,"uctions. express, ironic esc"
58178-1,58178,1461,1,1,16.00,21799.36,0.09,0.07,R,F,1992-05-15,1992-03-08,1992-06-12,DELIVER IN PERSON,MAIL,eposits cajole carefully after the quickl
58178-2,58178,543,4,2,33.00,47636.82,0.02,0.04,A,F,1992-02-08,1992-02-22,1992-03-04,COLLECT COD,SHIP,ar pinto beans. ironic packages cajole idl
58178-3,58178,1928,61,3,2.00,3659.84,0.05,0.07,A,F,1992-02-07,1992-04-07,1992-02-28,DELIVER IN PERSON,RAIL,ily pending plat
58178-4,58178,695,27,4,17.00,27126.73,0.03,0.00,R,F,1992-02-25,1992-02-26,1992-03-13,DELIVER IN PERSON,REG AIR,ing dugouts. quickly silent accounts am
58179-1,58179,542,43,1,44.00,63471.76,0.04,0.00,N,O,1995-12-09,1995-11-30,1995-12-26,DELIVER IN PERSON,MAIL, bold somas; furiousl
58179-2,58179,883,17,2,22.00,39245.36,0.02,0.06,N,O,1995-11-24,1995-12-03,1995-12-09,DELIVER IN PERSON,SHIP,heodolites alongside of the bold account
58179-3,58179,562,23,3,6.00,8775.36,0.05,0.01,N,O,1995-11-03,1995-10-26,1995-11-13,NONE,FOB,usly according to the even re
58179-4,58179,389,18,4,2.00,2578.76,0.07,0.06,N,O,1995-10-27,1995-10-24,1995-11-04,NONE,FOB, boldly special deposits. pinto 
58179-5,58179,226,81,5,40.00,45048.80,0.05,0.05,N,O,1995-11-20,1995-10-22,1995-12-10,DELIVER IN PERSON,AIR,mptotes bre
58180-1,58180,1293,94,1,33.00,39411.57,0.07,0.02,N,O,1997-09-27,1997-09-16,1997-10-13,DELIVER IN PERSON,SHIP,its cajole furiously slyly blithe hock
58180-2,58180,283,65,2,16.00,18932.48,0.02,0.02,N,O,1997-11-08,1997-10-03,1997-11-23,DELIVER IN PERSON,REG AIR,. regular packages above the pending fo
58180-3,58180,574,75,3,34.00,50135.38,0.08,0.00,N,O,1997-08-14,1997-09-23,1997-08-24,NONE,AIR,sly bold theodolites. furiously bold theo
58180-4,58180,1585,66,4,44.00,65409.52,0.02,0.08,N,O,1997-09-13,1997-08-29,1997-09-22,DELIVER IN PERSON,RAIL,ake according to the blithely regular dep
58180-5,58180,1801,88,5,39.00,66409.20,0.02,0.03,N,O,1997-07-22,1997-08-21,1997-08-16,COLLECT COD,AIR,h the unusual deposit
58180-6,58180,68,19,6,47.00,45498.82,0.09,0.06,N,O,1997-09-15,1997-08-21,1997-10-05,NONE,SHIP,ully quickly close ideas. quickly expr
58180-7,58180,902,5,7,24.00,43269.60,0.01,0.04,N,O,1997-09-16,1997-09-02,1997-10-11,TAKE BACK RETURN,FOB,ly ironic instruction
58181-1,58181,1765,66,1,34.00,56669.84,0.03,0.00,A,F,1992-11-11,1992-12-16,1992-11-23,NONE,AIR,"ly. even, brave dinos haggle caref"
58181-2,58181,1149,58,2,18.00,18902.52,0.03,0.04,A,F,1992-12-29,1992-12-22,1993-01-09,NONE,SHIP,ily silent pack
58181-3,58181,1540,21,3,6.00,8649.24,0.08,0.07,A,F,1993-01-26,1992-12-18,1993-01-28,DELIVER IN PERSON,RAIL,fully regular
58181-4,58181,1377,16,4,33.00,42186.21,0.07,0.04,R,F,1993-01-23,1992-11-30,1993-02-01,COLLECT COD,SHIP, against the somas: quickly fl
58181-5,58181,793,26,5,43.00,72832.97,0.07,0.05,R,F,1992-10-21,1992-11-22,1992-11-18,COLLECT COD,RAIL,e of the fluffily final pinto beans 
58181-6,58181,763,64,6,22.00,36602.72,0.07,0.07,A,F,1992-11-16,1993-01-05,1992-11-25,TAKE BACK RETURN,FOB,yly ironic instructions. enticingly 
58182-1,58182,866,67,1,35.00,61840.10,0.04,0.05,A,F,1994-05-18,1994-04-07,1994-05-29,NONE,RAIL,usly pending instructions ar
58182-2,58182,278,79,2,19.00,22387.13,0.02,0.00,A,F,1994-03-17,1994-04-01,1994-03-23,NONE,AIR," foxes. even,"
58182-3,58182,1820,21,3,43.00,74038.26,0.06,0.02,A,F,1994-04-05,1994-05-14,1994-04-13,NONE,SHIP,sly blithely bo
58183-1,58183,1383,84,1,16.00,20550.08,0.05,0.08,A,F,1994-07-01,1994-05-31,1994-07-29,DELIVER IN PERSON,FOB,bove the slyly pending dolphin
58208-1,58208,24,50,1,49.00,45276.98,0.01,0.03,N,O,1998-09-05,1998-09-29,1998-09-18,COLLECT COD,FOB,s. bold account
58208-2,58208,1631,73,2,41.00,62837.83,0.01,0.06,N,O,1998-08-14,1998-09-28,1998-09-09,TAKE BACK RETURN,AIR,luffily silent wa
58208-3,58208,177,4,3,32.00,34469.44,0.05,0.04,N,O,1998-07-16,1998-09-20,1998-08-08,COLLECT COD,MAIL,ar deposits boost idly abo
58208-4,58208,446,47,4,34.00,45778.96,0.04,0.06,N,O,1998-09-28,1998-10-06,1998-10-06,COLLECT COD,AIR," regular, silent dolphins wake care"
58208-5,58208,786,19,5,32.00,53976.96,0.10,0.01,N,O,1998-08-09,1998-10-03,1998-08-20,TAKE BACK RETURN,TRUCK," the busy, ironic ideas. carefully bol"
58209-1,58209,675,69,1,4.00,6302.68,0.02,0.03,R,F,1994-01-05,1993-12-05,1994-01-11,COLLECT COD,SHIP, final packages: furiou
58209-2,58209,1603,4,2,44.00,66202.40,0.01,0.01,R,F,1993-11-26,1993-12-02,1993-12-19,COLLECT COD,FOB,s wake among
58209-3,58209,967,2,3,41.00,76586.36,0.05,0.04,A,F,1994-01-05,1993-11-26,1994-01-11,COLLECT COD,REG AIR,. express sheaves might detect slyly. furi
58209-4,58209,838,38,4,2.00,3477.66,0.04,0.08,R,F,1994-01-11,1993-12-11,1994-02-05,TAKE BACK RETURN,RAIL,ress courts unwind
58209-5,58209,89,65,5,6.00,5934.48,0.03,0.04,R,F,1994-01-11,1993-12-23,1994-01-18,COLLECT COD,MAIL,ding sentiments nod abo
58209-6,58209,1890,77,6,35.00,62716.15,0.05,0.02,A,F,1994-01-12,1993-12-24,1994-01-18,NONE,SHIP,ual deposits. slyly express deposits 
58209-7,58209,1910,55,7,28.00,50733.48,0.10,0.01,R,F,1993-11-04,1993-11-30,1993-11-07,COLLECT COD,AIR,sleep furiously slyly bold packages.
58210-1,58210,812,79,1,6.00,10276.86,0.09,0.04,R,F,1993-03-09,1993-01-13,1993-03-29,TAKE BACK RETURN,AIR,requests kindle slyly fl
58210-2,58210,1927,60,2,16.00,29262.72,0.07,0.03,A,F,1993-01-30,1993-02-14,1993-02-16,NONE,REG AIR,p: slow requests sleep slyly accordi
58210-3,58210,1474,92,3,22.00,30260.34,0.08,0.04,A,F,1993-03-14,1993-01-09,1993-03-31,COLLECT COD,SHIP,en theodolites boost furiously
58210-4,58210,605,6,4,7.00,10539.20,0.03,0.05,A,F,1992-12-26,1993-01-22,1993-01-25,NONE,FOB,the carefully pending deposits. slyl
58211-1,58211,1058,94,1,37.00,35484.85,0.03,0.04,N,O,1998-08-16,1998-07-05,1998-09-12,COLLECT COD,REG AIR, unusual reques
58211-2,58211,192,19,2,3.00,3276.57,0.06,0.07,N,O,1998-07-02,1998-08-18,1998-07-03,TAKE BACK RETURN,SHIP,k dolphins sleep slyly acc
58211-3,58211,288,89,3,23.00,27330.44,0.10,0.03,N,O,1998-08-09,1998-08-18,1998-08-10,DELIVER IN PERSON,SHIP, requests about the slyly ironic pinto 
58211-4,58211,576,7,4,44.00,64969.08,0.06,0.06,N,O,1998-07-11,1998-08-12,1998-07-12,TAKE BACK RETURN,REG AIR,ost quickly regular dependencies. iro
58211-5,58211,1252,27,5,2.00,2306.50,0.06,0.07,N,O,1998-08-02,1998-07-02,1998-08-23,NONE,TRUCK,ar request
58212-1,58212,877,44,1,30.00,53336.10,0.01,0.07,N,O,1997-02-08,1997-01-28,1997-03-08,DELIVER IN PERSON,FOB,odolites. final asymptotes wake slyly 
58212-2,58212,734,99,2,31.00,50676.63,0.01,0.00,N,O,1997-01-29,1996-12-19,1997-02-23,COLLECT COD,AIR,ess ideas cajole blithely furiously bold
58213-1,58213,365,22,1,42.00,53145.12,0.04,0.01,N,O,1997-01-19,1996-12-23,1997-01-30,COLLECT COD,SHIP,ly. carefully even deposits doze fluffily 
58214-1,58214,958,93,1,18.00,33461.10,0.08,0.08,N,O,1996-08-21,1996-07-10,1996-09-07,DELIVER IN PERSON,REG AIR,gainst the 
58214-2,58214,222,23,2,42.00,47133.24,0.03,0.00,N,O,1996-09-05,1996-07-14,1996-09-22,TAKE BACK RETURN,AIR,accounts boost furiously slyl
58214-3,58214,1138,39,3,6.00,6234.78,0.02,0.06,N,O,1996-08-22,1996-07-28,1996-09-07,NONE,TRUCK,ccounts. un
58214-4,58214,1091,92,4,36.00,35715.24,0.05,0.08,N,O,1996-07-28,1996-08-21,1996-08-06,NONE,RAIL,ructions: slyly regular
58214-5,58214,1036,42,5,32.00,29984.96,0.00,0.00,N,O,1996-10-08,1996-09-06,1996-11-02,COLLECT COD,REG AIR,apades accordi
58214-6,58214,1775,18,6,26.00,43596.02,0.07,0.07,N,O,1996-07-25,1996-08-08,1996-08-14,COLLECT COD,RAIL,onic sheaves snooze 
58214-7,58214,801,1,7,15.00,25527.00,0.00,0.06,N,O,1996-08-24,1996-08-02,1996-09-14,TAKE BACK RETURN,TRUCK,ly. packages sleep. slyly 
58215-1,58215,434,64,1,49.00,65387.07,0.07,0.00,A,F,1993-01-25,1992-12-31,1993-02-08,COLLECT COD,TRUCK,yly silent requests
58215-2,58215,1764,49,2,7.00,11660.32,0.03,0.02,A,F,1992-12-19,1992-11-26,1992-12-21,COLLECT COD,MAIL,st slyly. thinly ironic depen
58240-1,58240,407,8,1,15.00,19611.00,0.09,0.02,N,O,1997-04-09,1997-05-23,1997-04-10,DELIVER IN PERSON,REG AIR,press slyly fluffily ironi
58240-2,58240,381,10,2,32.00,41004.16,0.00,0.01,N,O,1997-05-23,1997-05-20,1997-06-03,DELIVER IN PERSON,FOB,al packages haggle against the unus
58240-3,58240,498,28,3,31.00,43353.19,0.08,0.01,N,O,1997-06-20,1997-04-18,1997-07-20,DELIVER IN PERSON,TRUCK,yly bold pinto bean
58240-4,58240,358,87,4,2.00,2516.70,0.10,0.02,N,O,1997-04-10,1997-05-24,1997-04-14,TAKE BACK RETURN,SHIP,y final accounts. blithely ironic instruct
58241-1,58241,1179,80,1,37.00,39966.29,0.04,0.07,A,F,1993-11-22,1993-12-07,1993-11-29,NONE,REG AIR, along the furiously final pinto bea
58241-2,58241,624,25,2,23.00,35066.26,0.07,0.02,A,F,1993-10-06,1993-12-01,1993-10-20,TAKE BACK RETURN,FOB,y ironic accounts haggle blithely across
58241-3,58241,1936,69,3,2.00,3675.86,0.08,0.04,A,F,1993-11-17,1993-11-09,1993-11-29,NONE,TRUCK,lar frays run slyly aroun
58241-4,58241,1045,46,4,41.00,38787.64,0.02,0.06,A,F,1993-10-07,1993-11-10,1993-11-02,NONE,REG AIR, regular requests. sp
58241-5,58241,1154,91,5,13.00,13716.95,0.08,0.02,R,F,1993-10-11,1993-11-23,1993-11-05,COLLECT COD,FOB,"ic, express deposits. sly"
58241-6,58241,192,71,6,19.00,20751.61,0.05,0.00,A,F,1993-09-15,1993-11-22,1993-10-10,DELIVER IN PERSON,SHIP,cally above t
58241-7,58241,1989,90,7,7.00,13236.86,0.08,0.02,A,F,1993-10-15,1993-12-01,1993-10-24,COLLECT COD,AIR,rint carefully among the accounts. regula
58242-1,58242,1396,35,1,27.00,35029.53,0.10,0.00,A,F,1994-08-26,1994-09-15,1994-08-31,NONE,TRUCK,yly ironic instructions serve ca
58242-2,58242,271,99,2,26.00,30453.02,0.08,0.06,R,F,1994-09-17,1994-09-15,1994-10-07,COLLECT COD,RAIL,ructions. special ideas boost fur
58242-3,58242,1598,99,3,19.00,28492.21,0.06,0.01,A,F,1994-10-06,1994-09-05,1994-10-29,COLLECT COD,TRUCK,onic pearls haggle
58243-1,58243,66,42,1,8.00,7728.48,0.08,0.05,N,O,1997-11-19,1998-01-13,1997-11-20,DELIVER IN PERSON,MAIL,refully slow deposits. furiou
58244-1,58244,820,54,1,38.00,65391.16,0.06,0.04,N,O,1998-01-01,1997-12-22,1998-01-18,DELIVER IN PERSON,REG AIR,o beans. c
58244-2,58244,196,75,2,27.00,29597.13,0.02,0.03,N,O,1997-11-16,1997-11-09,1997-12-12,NONE,RAIL,. regular instructions slee
58245-1,58245,577,78,1,30.00,44327.10,0.01,0.06,N,O,1997-03-13,1997-03-02,1997-03-22,DELIVER IN PERSON,TRUCK,ccounts nag. theodo
58245-2,58245,1992,93,2,39.00,73865.61,0.04,0.01,N,O,1997-05-11,1997-03-07,1997-05-23,NONE,TRUCK,ide of the pinto beans cajole furio
58245-3,58245,1686,28,3,45.00,71445.60,0.04,0.08,N,O,1997-05-02,1997-03-27,1997-05-23,TAKE BACK RETURN,FOB,e furiously even ac
58246-1,58246,717,82,1,29.00,46913.59,0.01,0.02,A,F,1994-11-19,1994-09-05,1994-11-24,DELIVER IN PERSON,AIR,ly about th
58247-1,58247,523,14,1,1.00,1423.52,0.05,0.06,N,O,1995-12-03,1995-11-22,1995-12-15,COLLECT COD,TRUCK, carefully regular theodolite
58247-2,58247,1759,2,2,12.00,19929.00,0.01,0.01,N,O,1996-01-01,1995-12-13,1996-01-07,DELIVER IN PERSON,FOB,sly furiously b
58247-3,58247,1209,21,3,42.00,46628.40,0.04,0.03,N,O,1995-12-23,1995-11-25,1996-01-03,NONE,SHIP,"special, bold foxes lose carefully along"
58247-4,58247,404,92,4,28.00,36523.20,0.04,0.07,N,O,1995-10-04,1995-10-31,1995-11-03,COLLECT COD,SHIP,s sleep furiously across the 
58247-5,58247,1707,50,5,28.00,45043.60,0.02,0.02,N,O,1995-11-04,1995-10-29,1995-11-13,COLLECT COD,MAIL,lly pending platelets. ideas could wa
58272-1,58272,1698,81,1,44.00,70386.36,0.02,0.05,N,O,1996-06-19,1996-07-06,1996-06-23,COLLECT COD,MAIL,ly unusual deposits wake furio
58272-2,58272,607,8,2,41.00,61811.60,0.09,0.07,N,O,1996-08-02,1996-07-08,1996-08-11,DELIVER IN PERSON,RAIL,uctions. final dependencies are.
58272-3,58272,127,6,3,28.00,28759.36,0.04,0.03,N,O,1996-07-13,1996-07-18,1996-07-19,NONE,RAIL, of the blithely ironic ideas
58272-4,58272,1565,6,4,21.00,30797.76,0.01,0.07,N,O,1996-05-28,1996-07-30,1996-06-10,COLLECT COD,RAIL,"nic, quick instructions."
58272-5,58272,1309,10,5,4.00,4841.20,0.10,0.08,N,O,1996-08-18,1996-07-20,1996-09-04,COLLECT COD,MAIL,"ons wake blithely along the ironic,"
58272-6,58272,1777,4,6,27.00,45326.79,0.10,0.08,N,O,1996-07-08,1996-07-10,1996-08-07,TAKE BACK RETURN,MAIL,"nts. pending, slow platelets hagg"
58273-1,58273,905,40,1,14.00,25282.60,0.10,0.01,A,F,1993-08-24,1993-07-28,1993-09-08,NONE,TRUCK,s integrate. final requests 
58273-2,58273,1325,64,2,19.00,23300.08,0.07,0.05,A,F,1993-09-13,1993-08-24,1993-09-21,TAKE BACK RETURN,FOB,"larly. even, r"
58273-3,58273,769,70,3,48.00,80148.48,0.10,0.07,R,F,1993-07-30,1993-09-13,1993-08-16,TAKE BACK RETURN,SHIP,arefully express ideas use carefully. 
58273-4,58273,496,97,4,1.00,1396.49,0.02,0.04,R,F,1993-07-27,1993-08-18,1993-08-13,NONE,AIR,ccounts. slyly ev
58273-5,58273,1250,62,5,3.00,3453.75,0.10,0.01,R,F,1993-07-31,1993-09-11,1993-08-08,TAKE BACK RETURN,FOB,ix slyly around the slyly unusual plat
58273-6,58273,1938,27,6,46.00,84636.78,0.09,0.08,R,F,1993-08-30,1993-09-05,1993-09-09,DELIVER IN PERSON,RAIL,s alongside of the carefully regul
58273-7,58273,1260,98,7,24.00,27870.24,0.05,0.00,A,F,1993-08-31,1993-09-09,1993-09-22,NONE,SHIP,ost blithely along t
58274-1,58274,665,59,1,47.00,73586.02,0.06,0.04,N,O,1998-04-16,1998-04-26,1998-05-07,COLLECT COD,AIR,ven pinto b
58275-1,58275,531,22,1,27.00,38651.31,0.05,0.03,N,O,1997-02-17,1996-12-19,1997-03-16,COLLECT COD,TRUCK, the ideas mold regular deposits. regul
58275-2,58275,1367,6,2,31.00,39319.16,0.00,0.02,N,O,1996-12-21,1996-12-23,1997-01-09,COLLECT COD,SHIP,fluffily after the un
58275-3,58275,733,98,3,46.00,75151.58,0.00,0.03,N,O,1997-01-18,1997-01-03,1997-01-23,DELIVER IN PERSON,REG AIR,ic courts a
58276-1,58276,1185,58,1,37.00,40188.66,0.08,0.01,N,O,1996-12-13,1996-11-26,1996-12-30,COLLECT COD,RAIL,f the carefully s
58276-2,58276,563,24,2,7.00,10244.92,0.07,0.00,N,O,1996-09-15,1996-12-02,1996-09-28,TAKE BACK RETURN,AIR, above the final foxes maintain furious
58276-3,58276,429,59,3,40.00,53176.80,0.08,0.00,N,O,1996-12-03,1996-11-21,1996-12-06,COLLECT COD,TRUCK,slyly regular req
58277-1,58277,259,60,1,44.00,51007.00,0.08,0.01,R,F,1994-04-01,1994-04-06,1994-04-25,DELIVER IN PERSON,SHIP,iously final inst
58277-2,58277,62,88,2,36.00,34634.16,0.06,0.00,R,F,1994-02-23,1994-03-07,1994-03-06,NONE,FOB, silent asymptotes da
58277-3,58277,814,81,3,3.00,5144.43,0.08,0.06,R,F,1994-05-18,1994-04-16,1994-06-17,TAKE BACK RETURN,FOB,ong the final ideas.
58277-4,58277,52,28,4,36.00,34273.80,0.09,0.07,A,F,1994-04-27,1994-04-20,1994-05-05,TAKE BACK RETURN,RAIL,ronic packages. final pinto beans h
58277-5,58277,459,47,5,1.00,1359.45,0.08,0.00,R,F,1994-04-15,1994-04-18,1994-04-30,DELIVER IN PERSON,FOB,lve careful
58278-1,58278,723,20,1,37.00,60077.64,0.04,0.01,A,F,1992-12-26,1992-11-14,1993-01-20,NONE,MAIL,eep after the pending package
58278-2,58278,527,88,2,22.00,31405.44,0.05,0.03,A,F,1992-09-23,1992-11-07,1992-10-21,NONE,AIR,fluffily ironic packages 
58278-3,58278,1772,57,3,43.00,71972.11,0.02,0.03,A,F,1992-11-24,1992-10-31,1992-12-22,DELIVER IN PERSON,SHIP,ic accounts breac
58278-4,58278,1253,91,4,17.00,19622.25,0.08,0.02,R,F,1992-11-05,1992-11-28,1992-12-01,DELIVER IN PERSON,REG AIR, through the carefully even f
58279-1,58279,293,21,1,4.00,4773.16,0.06,0.06,A,F,1994-07-03,1994-06-23,1994-07-28,COLLECT COD,SHIP,haggle carefully blithely even epitaphs
58279-2,58279,117,44,2,9.00,9153.99,0.01,0.00,R,F,1994-05-11,1994-06-30,1994-05-17,TAKE BACK RETURN,FOB,odolites. fluffily express packag
58279-3,58279,1450,29,3,4.00,5405.80,0.02,0.05,A,F,1994-06-18,1994-06-11,1994-07-03,COLLECT COD,AIR, express braids sleep fluffily according 
58279-4,58279,272,54,4,12.00,14067.24,0.03,0.08,R,F,1994-08-01,1994-06-27,1994-08-30,TAKE BACK RETURN,RAIL,ke unusual asymptotes.
58304-1,58304,1895,25,1,43.00,77266.27,0.05,0.01,N,O,1996-05-16,1996-04-26,1996-06-08,TAKE BACK RETURN,TRUCK,e of the express accounts. 
58304-2,58304,326,55,2,2.00,2452.64,0.08,0.01,N,O,1996-03-08,1996-04-16,1996-03-31,COLLECT COD,REG AIR,haggle along the 
58305-1,58305,962,97,1,39.00,72655.44,0.04,0.02,R,F,1994-09-25,1994-09-29,1994-10-02,NONE,TRUCK,lyly pending deposits; iron
58306-1,58306,1882,12,1,42.00,74922.96,0.07,0.00,N,O,1996-09-07,1996-08-12,1996-09-09,TAKE BACK RETURN,SHIP, platelets according to the eve
58306-2,58306,249,4,2,10.00,11492.40,0.00,0.07,N,O,1996-10-10,1996-09-10,1996-10-15,DELIVER IN PERSON,MAIL,eep. carefully special
58306-3,58306,929,30,3,21.00,38428.32,0.02,0.03,N,O,1996-07-21,1996-08-27,1996-07-28,DELIVER IN PERSON,FOB,: express requests cajole furiously acro
58306-4,58306,1621,45,4,10.00,15226.20,0.08,0.01,N,O,1996-10-03,1996-07-21,1996-10-16,TAKE BACK RETURN,FOB,lent pinto beans m
58307-1,58307,1623,6,1,13.00,19820.06,0.01,0.08,A,F,1995-01-14,1994-12-18,1995-01-30,DELIVER IN PERSON,FOB,are blithely accordi
58307-2,58307,312,97,2,34.00,41218.54,0.10,0.07,R,F,1995-01-09,1994-12-19,1995-01-30,NONE,TRUCK,ithely final packages haggle. flu
58307-3,58307,1074,80,3,15.00,14626.05,0.04,0.07,R,F,1994-12-20,1995-01-08,1995-01-12,TAKE BACK RETURN,RAIL,"ter the regular, ironic gifts. slyly pendin"
58307-4,58307,1505,26,4,39.00,54853.50,0.01,0.06,R,F,1995-02-26,1995-01-24,1995-03-02,TAKE BACK RETURN,MAIL,ans haggle. blithely r
58308-1,58308,6,82,1,28.00,25368.00,0.00,0.05,A,F,1993-09-17,1993-07-18,1993-10-07,TAKE BACK RETURN,AIR,the ironic asymptotes. inst
58308-2,58308,1059,65,2,32.00,30721.60,0.02,0.02,A,F,1993-09-07,1993-06-25,1993-09-25,DELIVER IN PERSON,SHIP,slow dependencies haggle slyly quick
58308-3,58308,818,85,3,19.00,32657.39,0.02,0.01,A,F,1993-06-08,1993-06-27,1993-07-03,NONE,FOB,iously special platelets sleep ins
58308-4,58308,109,36,4,2.00,2018.20,0.02,0.05,A,F,1993-07-31,1993-07-12,1993-08-22,DELIVER IN PERSON,SHIP, special sentiments 
58308-5,58308,1495,13,5,16.00,22343.84,0.02,0.00,A,F,1993-07-21,1993-07-06,1993-08-16,DELIVER IN PERSON,TRUCK,nts cajole fluffily near 
58309-1,58309,780,45,1,48.00,80677.44,0.03,0.01,N,O,1997-10-26,1997-09-02,1997-10-27,TAKE BACK RETURN,REG AIR,e furiously regular packages. asymptote
58309-2,58309,559,20,2,18.00,26271.90,0.09,0.06,N,O,1997-11-14,1997-09-07,1997-12-14,DELIVER IN PERSON,RAIL,ests affix fluffily for the packages. sl
58309-3,58309,1843,87,3,44.00,76772.96,0.09,0.08,N,O,1997-09-14,1997-10-13,1997-10-09,COLLECT COD,RAIL, carefully
58309-4,58309,1482,83,4,29.00,40120.92,0.00,0.04,N,O,1997-10-19,1997-10-13,1997-10-24,DELIVER IN PERSON,RAIL,gular requests are slyly
58309-5,58309,1030,36,5,44.00,40965.32,0.05,0.08,N,O,1997-10-30,1997-09-26,1997-11-26,DELIVER IN PERSON,RAIL,ular dependencies
58310-1,58310,25,1,1,26.00,24050.52,0.00,0.03,R,F,1994-05-21,1994-05-14,1994-05-23,COLLECT COD,SHIP,"le regular, ev"
58310-2,58310,1737,22,2,13.00,21303.49,0.06,0.08,A,F,1994-04-13,1994-04-30,1994-04-15,DELIVER IN PERSON,REG AIR,accounts. regul
58310-3,58310,1836,23,3,25.00,43445.75,0.07,0.01,R,F,1994-03-04,1994-04-23,1994-03-21,DELIVER IN PERSON,TRUCK,"ress instructions. ironic,"
58310-4,58310,312,13,4,7.00,8486.17,0.04,0.02,R,F,1994-05-13,1994-04-12,1994-06-02,NONE,MAIL,hins wake furiously. f
58310-5,58310,1985,30,5,30.00,56609.40,0.01,0.00,A,F,1994-06-11,1994-05-18,1994-06-20,COLLECT COD,RAIL,ing platelets;
58311-1,58311,627,59,1,24.00,36662.88,0.07,0.08,N,O,1996-05-06,1996-07-28,1996-05-15,DELIVER IN PERSON,SHIP,ross the slyly special requests a
58311-2,58311,882,83,2,15.00,26743.20,0.03,0.08,N,O,1996-08-07,1996-07-15,1996-08-31,COLLECT COD,REG AIR,uickly according to t
58311-3,58311,169,96,3,17.00,18175.72,0.10,0.05,N,O,1996-06-12,1996-05-31,1996-07-01,TAKE BACK RETURN,MAIL,he special 
58311-4,58311,1335,50,4,15.00,18544.95,0.10,0.01,N,O,1996-07-17,1996-06-01,1996-07-23,DELIVER IN PERSON,MAIL,tructions boost a
58311-5,58311,745,46,5,12.00,19748.88,0.00,0.01,N,O,1996-07-31,1996-07-23,1996-08-04,TAKE BACK RETURN,FOB,uffily unusual foxes play according to the
58336-1,58336,23,24,1,34.00,31382.68,0.08,0.04,R,F,1994-09-23,1994-09-05,1994-10-18,NONE,MAIL,ithout the r
58336-2,58336,205,33,2,29.00,32050.80,0.05,0.04,A,F,1994-10-21,1994-08-05,1994-10-26,NONE,FOB,atelets. fu
58336-3,58336,132,85,3,19.00,19610.47,0.06,0.04,A,F,1994-10-30,1994-09-27,1994-11-20,COLLECT COD,REG AIR,ross the furiously pending theodol
58336-4,58336,960,29,4,7.00,13026.72,0.05,0.03,A,F,1994-10-23,1994-08-28,1994-10-29,NONE,TRUCK,y silent pinto beans boost accord
58337-1,58337,905,8,1,40.00,72236.00,0.08,0.07,R,F,1994-06-21,1994-07-11,1994-07-02,TAKE BACK RETURN,AIR,sts sleep along the carefully fina
58337-2,58337,1033,39,2,47.00,43899.41,0.09,0.08,R,F,1994-07-09,1994-07-27,1994-08-02,DELIVER IN PERSON,SHIP,y bold foxes after the
58337-3,58337,863,97,3,22.00,38804.92,0.03,0.01,R,F,1994-06-02,1994-08-03,1994-06-07,TAKE BACK RETURN,FOB,he carefully regular pinto 
58338-1,58338,196,49,1,35.00,38366.65,0.05,0.06,A,F,1992-08-14,1992-10-05,1992-08-16,COLLECT COD,RAIL,"ions. final, regul"
58338-2,58338,1884,71,2,31.00,55362.28,0.02,0.01,A,F,1992-07-29,1992-09-24,1992-08-24,TAKE BACK RETURN,AIR," ironic, ironic theo"
58339-1,58339,712,77,1,24.00,38705.04,0.04,0.01,A,F,1994-09-25,1994-08-10,1994-10-03,COLLECT COD,TRUCK,courts thrash furiously outsi
58339-2,58339,460,19,2,42.00,57139.32,0.02,0.01,A,F,1994-08-11,1994-08-09,1994-08-17,COLLECT COD,FOB,uriously along the q
58339-3,58339,1177,14,3,7.00,7547.19,0.01,0.01,A,F,1994-08-04,1994-07-14,1994-09-02,NONE,RAIL,the quickly final requests are carefully ac
58340-1,58340,461,49,1,16.00,21783.36,0.05,0.03,R,F,1995-03-23,1995-03-25,1995-04-11,COLLECT COD,RAIL,onic requests sleep. bold packages slee
58340-2,58340,458,88,2,33.00,44828.85,0.02,0.04,R,F,1995-03-05,1995-02-13,1995-03-25,DELIVER IN PERSON,AIR,according to the blithely regu
58340-3,58340,1713,40,3,41.00,66203.11,0.06,0.01,R,F,1995-01-30,1995-02-14,1995-02-06,COLLECT COD,TRUCK,fully special instructions. reg
58340-4,58340,1782,9,4,34.00,57248.52,0.10,0.04,R,F,1995-03-06,1995-02-21,1995-04-01,COLLECT COD,SHIP,eans haggle carefully about the fl
58341-1,58341,1800,85,1,2.00,3403.60,0.09,0.04,A,F,1995-04-18,1995-03-14,1995-04-30,COLLECT COD,MAIL,aggle blithely ironic
58342-1,58342,498,28,1,4.00,5593.96,0.04,0.04,A,F,1995-05-17,1995-05-28,1995-06-03,TAKE BACK RETURN,TRUCK,sly thin foxes about the fluffily even pl
58342-2,58342,357,14,2,34.00,42749.90,0.04,0.05,R,F,1995-04-13,1995-06-19,1995-04-23,TAKE BACK RETURN,MAIL,latelets promise furiously e
58342-3,58342,1311,12,3,16.00,19396.96,0.02,0.00,R,F,1995-05-06,1995-05-02,1995-05-13,DELIVER IN PERSON,TRUCK,"ully special, express t"
58342-4,58342,897,98,4,40.00,71915.60,0.10,0.06,A,F,1995-06-07,1995-06-05,1995-06-17,NONE,MAIL,es haggle slyly regular foxes. request
58342-5,58342,719,20,5,13.00,21056.23,0.03,0.02,A,F,1995-04-20,1995-06-11,1995-05-03,TAKE BACK RETURN,MAIL,aring asymptotes are carefully ironic wa
58342-6,58342,1130,3,6,33.00,34027.29,0.02,0.04,N,F,1995-05-29,1995-05-11,1995-06-27,DELIVER IN PERSON,TRUCK,uffily. requests above the 
58342-7,58342,1844,31,7,4.00,6983.36,0.10,0.06,N,O,1995-07-22,1995-06-18,1995-08-16,DELIVER IN PERSON,MAIL,"unts. regular, bold de"
58343-1,58343,1936,37,1,11.00,20217.23,0.00,0.08,R,F,1994-05-09,1994-03-26,1994-06-03,TAKE BACK RETURN,MAIL,s. deposits sleep above the alw
58343-2,58343,865,99,2,20.00,35317.20,0.03,0.05,A,F,1994-03-17,1994-02-27,1994-04-10,NONE,MAIL,refully even foxe
58343-3,58343,1953,42,3,29.00,53793.55,0.09,0.05,A,F,1994-03-01,1994-03-05,1994-03-10,DELIVER IN PERSON,SHIP,sits. furiously even deposits nag furiousl
58343-4,58343,1940,85,4,2.00,3683.88,0.03,0.04,A,F,1994-02-12,1994-04-10,1994-02-23,TAKE BACK RETURN,AIR,es. tithes use sly
58343-5,58343,1062,63,5,41.00,39485.46,0.04,0.06,A,F,1994-02-01,1994-04-05,1994-02-27,DELIVER IN PERSON,MAIL,ld theodol
58343-6,58343,844,45,6,19.00,33151.96,0.09,0.05,R,F,1994-02-15,1994-02-17,1994-03-05,NONE,REG AIR,ously ironic asymptotes sleep 
58368-1,58368,1566,87,1,35.00,51364.60,0.07,0.02,R,F,1992-10-08,1992-09-28,1992-10-24,TAKE BACK RETURN,AIR, theodolites. quickly ironic reque
58368-2,58368,825,92,2,7.00,12080.74,0.10,0.03,R,F,1992-10-16,1992-09-13,1992-10-22,TAKE BACK RETURN,AIR,lar packages 
58368-3,58368,1245,83,3,31.00,35533.44,0.09,0.07,A,F,1992-10-10,1992-09-20,1992-10-27,TAKE BACK RETURN,REG AIR,sts. fluffily ironic acco
58368-4,58368,1282,57,4,21.00,24848.88,0.01,0.01,R,F,1992-10-05,1992-09-05,1992-10-18,COLLECT COD,AIR,counts according to the pendi
58368-5,58368,724,21,5,30.00,48741.60,0.00,0.03,A,F,1992-10-29,1992-09-18,1992-11-21,TAKE BACK RETURN,RAIL,longside of the bli
58368-6,58368,1412,52,6,40.00,52536.40,0.04,0.08,A,F,1992-10-18,1992-08-17,1992-11-11,TAKE BACK RETURN,FOB,quickly furiously specia
58368-7,58368,782,15,7,8.00,13462.24,0.05,0.06,A,F,1992-08-16,1992-09-02,1992-08-17,NONE,REG AIR,ost ruthlessly regu
58369-1,58369,1397,74,1,14.00,18177.46,0.09,0.00,R,F,1992-10-31,1992-10-09,1992-11-03,TAKE BACK RETURN,SHIP,"s. unusual, ironic accou"
58369-2,58369,1609,10,2,45.00,67977.00,0.00,0.03,A,F,1992-09-19,1992-11-22,1992-09-26,TAKE BACK RETURN,AIR, ironic packages. slyly bold sent
58369-3,58369,779,12,3,21.00,35275.17,0.10,0.08,R,F,1992-09-05,1992-11-15,1992-09-29,COLLECT COD,RAIL,yly silent accounts
58370-1,58370,31,32,1,41.00,38172.23,0.07,0.03,A,F,1992-06-15,1992-05-09,1992-07-06,DELIVER IN PERSON,MAIL,ideas. finally special
58370-2,58370,1126,35,2,32.00,32867.84,0.04,0.06,R,F,1992-04-13,1992-05-06,1992-04-26,TAKE BACK RETURN,AIR,sts. instructions could have to cajole f
58370-3,58370,1032,33,3,16.00,14928.48,0.10,0.00,A,F,1992-04-25,1992-05-30,1992-05-01,COLLECT COD,AIR,s haggle. instructions 
58370-4,58370,1192,29,4,48.00,52473.12,0.04,0.08,A,F,1992-05-12,1992-06-20,1992-05-26,TAKE BACK RETURN,TRUCK,less accounts
58371-1,58371,1153,26,1,48.00,50599.20,0.10,0.02,A,F,1993-06-15,1993-08-01,1993-06-19,COLLECT COD,AIR,ld account
58371-2,58371,1613,14,2,28.00,42409.08,0.02,0.06,A,F,1993-08-08,1993-07-22,1993-08-27,COLLECT COD,TRUCK,"ut the even, unusual dinos! slyly pendin"
58371-3,58371,703,100,3,50.00,80185.00,0.00,0.06,A,F,1993-08-03,1993-08-02,1993-08-10,COLLECT COD,TRUCK, regular packages cajole. bl
58371-4,58371,108,61,4,38.00,38307.80,0.07,0.06,A,F,1993-07-08,1993-08-01,1993-07-28,COLLECT COD,MAIL,final depos
58371-5,58371,944,79,5,7.00,12914.58,0.08,0.04,A,F,1993-05-27,1993-07-07,1993-06-12,COLLECT COD,FOB,beans haggle blithely final deposits. qui
58371-6,58371,1563,64,6,45.00,65905.20,0.03,0.04,A,F,1993-05-27,1993-08-06,1993-06-21,COLLECT COD,FOB,wake boldly against the asympt
58371-7,58371,862,29,7,41.00,72277.26,0.02,0.05,A,F,1993-06-23,1993-07-05,1993-07-10,DELIVER IN PERSON,SHIP,y final epitaphs haggle blithely flu
58372-1,58372,579,80,1,11.00,16275.27,0.10,0.04,R,F,1995-05-01,1995-05-19,1995-05-16,TAKE BACK RETURN,MAIL,s across the regular foxes sleep ab
58372-2,58372,111,38,2,31.00,31344.41,0.03,0.03,N,F,1995-06-15,1995-05-21,1995-07-07,NONE,SHIP,o beans. ironic ideas sleep
58372-3,58372,71,22,3,43.00,41756.01,0.03,0.04,N,O,1995-06-29,1995-06-13,1995-07-06,TAKE BACK RETURN,REG AIR,the blithely even 
58372-4,58372,497,27,4,26.00,36334.74,0.05,0.03,N,F,1995-05-28,1995-06-24,1995-06-19,NONE,MAIL,unts. furiously bold de
58372-5,58372,925,60,5,21.00,38344.32,0.06,0.04,A,F,1995-04-21,1995-06-22,1995-05-10,DELIVER IN PERSON,MAIL,lly according to the fl
58372-6,58372,495,54,6,47.00,65588.03,0.08,0.04,R,F,1995-06-04,1995-05-14,1995-06-06,TAKE BACK RETURN,AIR,ckages. slow accounts nag quickly
58372-7,58372,794,59,7,25.00,42369.75,0.02,0.02,N,O,1995-07-28,1995-05-24,1995-08-16,TAKE BACK RETURN,REG AIR,ross the unusual deposits affix slyly
58373-1,58373,115,94,1,1.00,1015.11,0.05,0.08,N,O,1996-10-08,1996-11-11,1996-11-07,NONE,AIR, to the special 
58374-1,58374,1740,41,1,46.00,75520.04,0.08,0.05,N,O,1997-08-30,1997-09-09,1997-09-20,DELIVER IN PERSON,REG AIR,ar foxes along the regu
58374-2,58374,89,65,2,12.00,11868.96,0.02,0.05,N,O,1997-08-06,1997-08-17,1997-08-30,DELIVER IN PERSON,REG AIR,lithely above the requests
58374-3,58374,877,44,3,37.00,65781.19,0.00,0.04,N,O,1997-10-12,1997-09-21,1997-10-28,COLLECT COD,FOB,eodolites are carefully ironic
58374-4,58374,1368,69,4,50.00,63468.00,0.01,0.05,N,O,1997-10-13,1997-08-13,1997-10-28,TAKE BACK RETURN,MAIL, forges. deposits according to the si
58375-1,58375,26,27,1,30.00,27780.60,0.05,0.07,N,O,1996-06-15,1996-06-01,1996-07-03,NONE,REG AIR,g the slyly r
58375-2,58375,761,26,2,9.00,14955.84,0.06,0.02,N,O,1996-04-09,1996-05-13,1996-04-21,COLLECT COD,RAIL,old theodolites boost quickly alongside o
58375-3,58375,132,85,3,32.00,33028.16,0.08,0.03,N,O,1996-06-02,1996-05-22,1996-06-26,COLLECT COD,TRUCK,. quickly iro
58375-4,58375,640,41,4,48.00,73950.72,0.02,0.08,N,O,1996-04-26,1996-06-10,1996-05-04,NONE,AIR,grate during the bold deposi
58375-5,58375,587,78,5,42.00,62478.36,0.07,0.05,N,O,1996-05-25,1996-04-26,1996-06-06,DELIVER IN PERSON,AIR,final deposits impress furiously
58375-6,58375,318,47,6,48.00,58478.88,0.08,0.04,N,O,1996-07-04,1996-06-21,1996-07-29,NONE,SHIP,osits. fluffily pen
58400-1,58400,1667,9,1,25.00,39216.50,0.06,0.06,N,O,1998-03-21,1998-01-30,1998-04-19,NONE,AIR,press sentiments alongside
58400-2,58400,1015,21,2,16.00,14656.16,0.05,0.03,N,O,1998-02-15,1998-01-17,1998-02-18,DELIVER IN PERSON,SHIP,ong the furiously 
58400-3,58400,677,40,3,31.00,48907.77,0.00,0.00,N,O,1998-03-07,1998-01-29,1998-03-29,TAKE BACK RETURN,AIR,are across the carefu
58400-4,58400,1653,54,4,35.00,54412.75,0.00,0.07,N,O,1998-01-02,1998-01-29,1998-01-30,NONE,TRUCK, blithely. regular theodo
58401-1,58401,1541,22,1,43.00,62029.22,0.03,0.00,N,O,1997-01-15,1997-03-04,1997-02-01,COLLECT COD,MAIL,lently slyly regular instructions. multi
58401-2,58401,1819,6,2,36.00,61949.16,0.00,0.04,N,O,1997-03-08,1997-03-01,1997-03-26,TAKE BACK RETURN,SHIP,ng the req
58401-3,58401,1283,21,3,13.00,15395.64,0.04,0.02,N,O,1997-03-28,1997-03-28,1997-04-26,DELIVER IN PERSON,RAIL, quickly regular i
58401-4,58401,1992,93,4,41.00,77653.59,0.06,0.08,N,O,1997-04-18,1997-03-07,1997-04-22,DELIVER IN PERSON,SHIP,arefully ironic pl
58402-1,58402,150,3,1,34.00,35705.10,0.03,0.07,N,O,1997-06-09,1997-04-09,1997-06-25,DELIVER IN PERSON,AIR,luffily regular packages sl
58402-2,58402,878,45,2,48.00,85385.76,0.01,0.04,N,O,1997-04-07,1997-04-21,1997-04-10,DELIVER IN PERSON,FOB,nal packages 
58403-1,58403,49,50,1,27.00,25624.08,0.08,0.05,N,O,1996-03-01,1996-02-02,1996-03-22,NONE,SHIP,lms. unusual dependencie
58403-2,58403,1246,21,2,45.00,51625.80,0.03,0.03,N,O,1996-03-24,1996-02-17,1996-03-26,NONE,MAIL,ns haggle c
58403-3,58403,562,23,3,26.00,38026.56,0.07,0.04,N,O,1996-04-01,1996-02-04,1996-04-25,DELIVER IN PERSON,TRUCK,", regular foxes. slyly sil"
58403-4,58403,1688,12,4,24.00,38152.32,0.00,0.01,N,O,1996-03-26,1996-03-05,1996-04-08,COLLECT COD,FOB,ajole carefully. 
58403-5,58403,273,28,5,2.00,2346.54,0.05,0.03,N,O,1996-02-07,1996-02-29,1996-03-01,NONE,RAIL,onic instructions. carefully f
58404-1,58404,48,24,1,24.00,22752.96,0.08,0.00,R,F,1994-02-26,1994-01-27,1994-03-20,NONE,REG AIR," bold, final foxes. foxes since the fin"
58404-2,58404,1692,34,2,4.00,6374.76,0.02,0.08,R,F,1994-03-03,1994-02-24,1994-03-10,TAKE BACK RETURN,AIR,fter the requests
58405-1,58405,357,58,1,2.00,2514.70,0.09,0.08,N,O,1998-10-30,1998-10-21,1998-11-10,DELIVER IN PERSON,AIR," wake final, fin"
58405-2,58405,1076,77,2,2.00,1954.14,0.05,0.05,N,O,1998-10-12,1998-09-13,1998-10-17,DELIVER IN PERSON,TRUCK,ily pending theodolites sleep furiously qui
58405-3,58405,665,28,3,43.00,67323.38,0.02,0.08,N,O,1998-10-27,1998-09-15,1998-11-24,NONE,MAIL,ys; slyly silent deposits 
58405-4,58405,1145,46,4,49.00,51260.86,0.07,0.04,N,O,1998-08-16,1998-09-30,1998-09-10,COLLECT COD,FOB, theodolites promise above the 
58405-5,58405,1593,34,5,21.00,31386.39,0.07,0.03,N,O,1998-11-01,1998-09-05,1998-11-07,TAKE BACK RETURN,SHIP,ven packages are blithel
58405-6,58405,1346,47,6,6.00,7484.04,0.02,0.07,N,O,1998-11-21,1998-08-29,1998-12-21,NONE,REG AIR,s sleep blithely even
58406-1,58406,1001,37,1,17.00,15334.00,0.02,0.00,N,O,1996-09-11,1996-09-05,1996-09-13,TAKE BACK RETURN,MAIL,y even packages affix ironically
58406-2,58406,1540,41,2,31.00,44687.74,0.04,0.00,N,O,1996-07-17,1996-09-21,1996-07-25,DELIVER IN PERSON,RAIL,into beans wa
58406-3,58406,907,76,3,33.00,59660.70,0.03,0.03,N,O,1996-08-23,1996-09-20,1996-09-07,COLLECT COD,MAIL,"ackages haggle slyly express, final "
58407-1,58407,1463,64,1,24.00,32747.04,0.08,0.05,N,F,1995-06-08,1995-07-24,1995-06-24,NONE,FOB,y even theodolites: slyly final re
58407-2,58407,907,10,2,19.00,34350.10,0.07,0.05,A,F,1995-05-11,1995-07-09,1995-05-18,TAKE BACK RETURN,MAIL,refully regular pains. accounts use about
58432-1,58432,425,84,1,8.00,10603.36,0.04,0.07,A,F,1994-06-07,1994-06-29,1994-06-13,COLLECT COD,TRUCK,n theodolite
58432-2,58432,220,2,2,5.00,5601.10,0.06,0.01,A,F,1994-06-27,1994-07-17,1994-07-15,DELIVER IN PERSON,AIR,uriously iron
58433-1,58433,1549,90,1,12.00,17406.48,0.02,0.02,N,O,1995-09-18,1995-08-15,1995-10-01,DELIVER IN PERSON,FOB,ng to the bold deposits. blit
58433-2,58433,503,64,2,36.00,50526.00,0.03,0.08,N,O,1995-10-20,1995-09-07,1995-11-11,TAKE BACK RETURN,FOB,nding dependencies. fu
58433-3,58433,962,63,3,8.00,14903.68,0.05,0.05,N,O,1995-10-12,1995-09-24,1995-11-02,COLLECT COD,SHIP,ckly final ideas. blithe
58433-4,58433,1660,43,4,30.00,46849.80,0.09,0.03,N,O,1995-10-19,1995-09-15,1995-10-23,COLLECT COD,RAIL,usly speci
58433-5,58433,157,58,5,19.00,20085.85,0.03,0.08,N,O,1995-07-10,1995-09-30,1995-07-28,DELIVER IN PERSON,TRUCK,ns are. quietly final accounts a
58433-6,58433,1109,18,6,1.00,1010.10,0.07,0.06,N,O,1995-08-26,1995-08-10,1995-09-12,TAKE BACK RETURN,RAIL,rets boost blit
58434-1,58434,20,21,1,40.00,36800.80,0.01,0.03,R,F,1994-03-14,1994-05-28,1994-04-03,TAKE BACK RETURN,FOB,slyly special instructions use sly
58434-2,58434,467,55,2,6.00,8204.76,0.08,0.00,R,F,1994-07-01,1994-04-28,1994-07-25,NONE,TRUCK,to the care
58434-3,58434,185,12,3,25.00,27129.50,0.08,0.01,A,F,1994-06-04,1994-06-05,1994-06-18,DELIVER IN PERSON,REG AIR,accounts. foxes ar
58435-1,58435,1875,19,1,43.00,76405.41,0.08,0.00,R,F,1992-08-11,1992-06-17,1992-08-28,NONE,RAIL, requests. bli
58435-2,58435,914,17,2,25.00,45372.75,0.01,0.01,R,F,1992-07-18,1992-07-15,1992-08-12,TAKE BACK RETURN,AIR,tructions.
58435-3,58435,1493,11,3,5.00,6972.45,0.10,0.08,R,F,1992-08-26,1992-06-22,1992-09-01,NONE,AIR,s will have to use slyly. 
58436-1,58436,1216,91,1,15.00,16758.15,0.06,0.01,N,O,1997-05-30,1997-05-21,1997-06-14,TAKE BACK RETURN,REG AIR,"g, special requests try to are furio"
58436-2,58436,385,86,2,2.00,2570.76,0.03,0.04,N,O,1997-04-23,1997-04-04,1997-05-06,NONE,SHIP, ruthlessly. unusual requests over the
58436-3,58436,1879,80,3,4.00,7123.48,0.01,0.08,N,O,1997-06-19,1997-04-13,1997-06-24,DELIVER IN PERSON,TRUCK,y bold accounts. f
58437-1,58437,118,19,1,1.00,1018.11,0.09,0.07,N,O,1998-01-24,1998-01-05,1998-02-04,COLLECT COD,SHIP,sits are furiously regular 
58437-2,58437,1523,64,2,8.00,11396.16,0.06,0.04,N,O,1997-11-02,1997-12-09,1997-11-26,DELIVER IN PERSON,MAIL,"ven, regular foxes. carefully regular "
58437-3,58437,1082,88,3,28.00,27526.24,0.02,0.05,N,O,1998-01-27,1997-12-04,1998-02-18,TAKE BACK RETURN,FOB,ly foxes. ironic deposits eat f
58437-4,58437,1117,90,4,17.00,17307.87,0.10,0.01,N,O,1998-02-01,1998-01-06,1998-02-15,COLLECT COD,FOB,thely regular theodolites haggle blithely 
58437-5,58437,1154,27,5,37.00,39040.55,0.07,0.08,N,O,1998-01-03,1997-11-18,1998-01-06,DELIVER IN PERSON,RAIL,", pending theodol"
58437-6,58437,1177,14,6,20.00,21563.40,0.09,0.06,N,O,1997-11-07,1997-11-22,1997-11-13,TAKE BACK RETURN,FOB,. express theodolites nag fu
58437-7,58437,283,65,7,28.00,33131.84,0.07,0.04,N,O,1998-01-11,1997-12-29,1998-02-02,TAKE BACK RETURN,SHIP,uickly ironic packages
58438-1,58438,1837,67,1,17.00,29560.11,0.09,0.06,N,O,1996-03-09,1996-03-16,1996-03-29,TAKE BACK RETURN,FOB,y final pinto beans wake carefully again
58438-2,58438,307,36,2,2.00,2414.60,0.02,0.00,N,O,1996-02-18,1996-03-05,1996-03-06,TAKE BACK RETURN,AIR,. carefully unusual packages ca
58438-3,58438,1421,100,3,23.00,30415.66,0.09,0.03,N,O,1996-03-09,1996-03-30,1996-03-10,DELIVER IN PERSON,RAIL,long the carefully bold dependencies. reque
58438-4,58438,1872,73,4,28.00,49668.36,0.04,0.05,N,O,1996-04-16,1996-04-10,1996-05-08,NONE,TRUCK,ole. packages 
58439-1,58439,1037,8,1,38.00,35645.14,0.01,0.05,N,O,1996-05-05,1996-06-07,1996-05-14,COLLECT COD,TRUCK, regular dolphins above the slyl
58439-2,58439,180,81,2,19.00,20523.42,0.08,0.04,N,O,1996-04-13,1996-05-16,1996-04-22,COLLECT COD,MAIL, unusual pinto beans? sometimes even
58439-3,58439,902,5,3,27.00,48678.30,0.08,0.06,N,O,1996-04-09,1996-04-11,1996-05-08,COLLECT COD,REG AIR, boost quickly slyly final
58464-1,58464,313,14,1,5.00,6066.55,0.05,0.03,N,O,1998-02-10,1998-01-04,1998-03-04,DELIVER IN PERSON,TRUCK, carefully speci
58464-2,58464,1028,29,2,14.00,13006.28,0.05,0.00,N,O,1997-11-11,1998-01-29,1997-12-03,NONE,FOB,", even deposits-- caref"
58464-3,58464,1333,10,3,43.00,53076.19,0.01,0.04,N,O,1997-12-04,1998-02-03,1998-01-02,NONE,AIR,nto beans affix quickly express pin
58464-4,58464,1326,65,4,36.00,44183.52,0.02,0.05,N,O,1998-02-10,1998-01-02,1998-03-11,TAKE BACK RETURN,FOB,ptotes. slowly spec
58464-5,58464,229,30,5,15.00,16938.30,0.08,0.02,N,O,1998-01-19,1997-12-23,1998-01-27,COLLECT COD,FOB,iously final ideas cajole. furiously unusua
58464-6,58464,566,57,6,8.00,11732.48,0.04,0.08,N,O,1998-02-21,1998-01-22,1998-03-10,NONE,AIR,ithely busy deposits mold slyly across th
58464-7,58464,1522,43,7,26.00,37011.52,0.02,0.02,N,O,1998-02-15,1998-01-27,1998-03-12,DELIVER IN PERSON,REG AIR,ites against the slyly even packages 
58465-1,58465,1871,1,1,5.00,8864.35,0.10,0.05,N,O,1998-05-26,1998-04-05,1998-06-07,TAKE BACK RETURN,AIR,round the special accounts? pe
58465-2,58465,1787,14,2,14.00,23642.92,0.06,0.04,N,O,1998-04-20,1998-05-15,1998-05-11,NONE,MAIL,lly carefully regular theodolite
58465-3,58465,727,28,3,47.00,76502.84,0.06,0.08,N,O,1998-05-30,1998-05-07,1998-06-29,NONE,SHIP,"nusual, brave asymptotes maintai"
58465-4,58465,896,30,4,22.00,39531.58,0.05,0.08,N,O,1998-02-26,1998-03-31,1998-03-21,COLLECT COD,TRUCK,grate silently carefully final dependenc
58465-5,58465,1497,15,5,33.00,46150.17,0.06,0.00,N,O,1998-02-20,1998-03-18,1998-03-14,DELIVER IN PERSON,RAIL,ironic instructions. e
58465-6,58465,1045,81,6,24.00,22704.96,0.05,0.02,N,O,1998-04-02,1998-04-27,1998-04-29,COLLECT COD,SHIP,blithely above the blithely unusua
58465-7,58465,614,8,7,13.00,19689.93,0.01,0.03,N,O,1998-06-13,1998-03-21,1998-06-17,NONE,RAIL, Tiresias. regula
58466-1,58466,414,2,1,49.00,64406.09,0.07,0.06,A,F,1993-12-17,1994-01-14,1993-12-29,DELIVER IN PERSON,MAIL,packages cajole slyly according to the ru
58466-2,58466,1416,17,2,3.00,3952.23,0.08,0.08,A,F,1994-01-12,1993-12-10,1994-01-14,COLLECT COD,AIR,al courts. express deco
58467-1,58467,296,24,1,6.00,7177.74,0.03,0.04,N,O,1996-03-25,1996-05-22,1996-03-27,COLLECT COD,MAIL,nstructions. ironic dependencies
58467-2,58467,1796,39,2,24.00,40746.96,0.02,0.05,N,O,1996-04-16,1996-04-16,1996-05-02,NONE,MAIL,o beans. permane
58467-3,58467,1811,41,3,13.00,22266.53,0.00,0.01,N,O,1996-04-13,1996-04-06,1996-04-18,DELIVER IN PERSON,AIR,"ly alongside of the special, regula"
58467-4,58467,742,43,4,48.00,78851.52,0.01,0.00,N,O,1996-06-15,1996-05-19,1996-06-29,TAKE BACK RETURN,MAIL,ach slyly abo
58467-5,58467,1626,68,5,50.00,76381.00,0.02,0.02,N,O,1996-05-21,1996-05-06,1996-06-10,NONE,RAIL,gular dependencies dazzle 
58467-6,58467,1938,71,6,39.00,71757.27,0.07,0.05,N,O,1996-06-15,1996-05-06,1996-07-08,DELIVER IN PERSON,RAIL,foxes sleep fluffily around the blithel
58468-1,58468,614,46,1,7.00,10602.27,0.05,0.02,R,F,1993-05-27,1993-06-26,1993-05-29,DELIVER IN PERSON,FOB,"cial, regular hockey p"
58468-2,58468,271,26,2,45.00,52707.15,0.02,0.04,A,F,1993-08-11,1993-06-26,1993-08-27,DELIVER IN PERSON,TRUCK, regular theodolites. enticing request
58468-3,58468,620,52,3,21.00,31933.02,0.09,0.04,A,F,1993-05-20,1993-07-06,1993-05-23,DELIVER IN PERSON,RAIL,usly regular 
58469-1,58469,403,91,1,17.00,22157.80,0.08,0.03,N,O,1996-06-05,1996-06-03,1996-06-14,DELIVER IN PERSON,REG AIR,theodolites. slyly regular theodolites
58469-2,58469,1713,56,2,47.00,75891.37,0.02,0.00,N,O,1996-05-30,1996-04-23,1996-06-27,TAKE BACK RETURN,MAIL,e ideas are quietly abou
58469-3,58469,345,30,3,39.00,48568.26,0.00,0.03,N,O,1996-06-25,1996-05-27,1996-07-03,DELIVER IN PERSON,MAIL,according to the fin
58470-1,58470,323,52,1,2.00,2446.64,0.05,0.06,N,O,1995-08-11,1995-08-31,1995-09-07,NONE,RAIL,silently final pinto beans. furiously bold
58470-2,58470,193,46,2,35.00,38261.65,0.01,0.08,N,O,1995-09-01,1995-08-31,1995-09-18,TAKE BACK RETURN,TRUCK,iously ironic accounts boost bli
58470-3,58470,1153,26,3,37.00,39003.55,0.06,0.01,N,O,1995-09-11,1995-08-13,1995-10-03,TAKE BACK RETURN,SHIP,cial platelets sleep abo
58470-4,58470,434,64,4,26.00,34695.18,0.05,0.07,N,O,1995-08-01,1995-09-04,1995-08-30,DELIVER IN PERSON,MAIL,after the s
58470-5,58470,789,54,5,32.00,54072.96,0.02,0.05,N,O,1995-09-11,1995-08-27,1995-09-26,TAKE BACK RETURN,REG AIR,s excuses cajole
58470-6,58470,19,45,6,41.00,37679.41,0.00,0.07,N,O,1995-10-01,1995-07-28,1995-10-18,NONE,MAIL,ackages affi
58470-7,58470,1072,73,7,50.00,48653.50,0.09,0.03,N,O,1995-07-09,1995-07-29,1995-08-02,NONE,SHIP,ss packages. furiously 
58471-1,58471,485,15,1,40.00,55419.20,0.09,0.03,N,O,1997-04-13,1997-03-31,1997-04-25,DELIVER IN PERSON,TRUCK, packages sleep foxes. special idea
58471-2,58471,186,65,2,8.00,8689.44,0.00,0.07,N,O,1997-02-20,1997-03-28,1997-02-26,TAKE BACK RETURN,RAIL,ng to the carefully pending pinto 
58471-3,58471,1650,74,3,1.00,1551.65,0.08,0.05,N,O,1997-04-30,1997-04-27,1997-05-19,TAKE BACK RETURN,RAIL,quests are a
58471-4,58471,444,32,4,6.00,8066.64,0.08,0.01,N,O,1997-03-30,1997-03-13,1997-04-01,DELIVER IN PERSON,AIR,lent packages. quickly silent deposits al
58471-5,58471,934,37,5,41.00,75232.13,0.01,0.06,N,O,1997-04-09,1997-05-02,1997-05-06,NONE,TRUCK,ct slyly slyly regular accounts. ironic re
58471-6,58471,909,44,6,33.00,59726.70,0.06,0.04,N,O,1997-06-05,1997-05-06,1997-07-01,DELIVER IN PERSON,REG AIR,ly against the slyly pending ideas. s
58471-7,58471,340,25,7,30.00,37210.20,0.03,0.06,N,O,1997-02-16,1997-04-06,1997-03-16,DELIVER IN PERSON,AIR,ly special accounts wake quick
58496-1,58496,484,14,1,47.00,65070.56,0.05,0.07,N,O,1995-07-29,1995-08-11,1995-08-25,NONE,SHIP,. carefully unu
58496-2,58496,315,72,2,11.00,13368.41,0.03,0.06,N,O,1995-06-20,1995-08-08,1995-06-26,DELIVER IN PERSON,TRUCK,ep among the bold 
58496-3,58496,198,77,3,6.00,6589.14,0.09,0.07,N,O,1995-06-21,1995-08-26,1995-06-24,NONE,TRUCK,ver against t
58496-4,58496,1687,70,4,11.00,17475.48,0.05,0.02,N,O,1995-07-21,1995-07-12,1995-08-12,NONE,SHIP,ual pinto beans cajol
58496-5,58496,692,24,5,18.00,28668.42,0.04,0.04,N,O,1995-07-14,1995-08-06,1995-08-11,DELIVER IN PERSON,RAIL,quickly express ideas 
58496-6,58496,1913,2,6,13.00,23593.83,0.06,0.03,N,O,1995-09-11,1995-08-11,1995-10-09,DELIVER IN PERSON,SHIP,ffily around the 
58496-7,58496,1230,31,7,37.00,41855.51,0.05,0.02,N,O,1995-09-21,1995-09-08,1995-09-28,NONE,FOB, carefully bold accounts. slyl
58497-1,58497,42,68,1,18.00,16956.72,0.05,0.03,N,O,1996-06-17,1996-06-15,1996-07-17,NONE,TRUCK,de of the quickly final accounts wake quic
58497-2,58497,525,56,2,9.00,12829.68,0.00,0.04,N,O,1996-04-11,1996-06-12,1996-04-17,TAKE BACK RETURN,MAIL,furiously regular accounts
58497-3,58497,297,52,3,7.00,8381.03,0.04,0.01,N,O,1996-07-30,1996-07-01,1996-08-22,DELIVER IN PERSON,TRUCK,s wake. slyly regula
58497-4,58497,1034,40,4,31.00,28985.93,0.04,0.07,N,O,1996-05-29,1996-06-20,1996-06-21,NONE,FOB, ironic depo
58497-5,58497,1935,36,5,11.00,20206.23,0.08,0.01,N,O,1996-04-13,1996-05-06,1996-04-17,NONE,FOB,instructions maintain blithe
58497-6,58497,654,55,6,6.00,9327.90,0.01,0.04,N,O,1996-05-11,1996-06-02,1996-06-07,NONE,RAIL,"the special, regular accounts. regul"
58497-7,58497,1830,31,7,34.00,58882.22,0.03,0.04,N,O,1996-04-23,1996-05-18,1996-05-16,COLLECT COD,MAIL,aids. slyly final theod
58498-1,58498,51,27,1,33.00,31384.65,0.07,0.03,N,O,1998-11-10,1998-09-20,1998-11-27,DELIVER IN PERSON,RAIL,sits along the quickly regular pint
58498-2,58498,1077,13,2,9.00,8802.63,0.05,0.03,N,O,1998-10-01,1998-09-06,1998-10-08,TAKE BACK RETURN,RAIL, above the a
58498-3,58498,1545,26,3,34.00,49182.36,0.06,0.08,N,O,1998-09-11,1998-10-12,1998-09-20,COLLECT COD,TRUCK,e furiously f
58498-4,58498,1844,45,4,22.00,38408.48,0.02,0.03,N,O,1998-07-28,1998-09-28,1998-08-09,DELIVER IN PERSON,TRUCK,ironic requests. slyly fin
58499-1,58499,815,16,1,19.00,32600.39,0.01,0.03,R,F,1992-08-24,1992-11-03,1992-09-21,NONE,FOB,", regular foxes. quickly specia"
58499-2,58499,944,45,2,41.00,75642.54,0.09,0.05,R,F,1992-09-08,1992-10-05,1992-09-28,COLLECT COD,AIR, affix carefully. regular deposits alon
58500-1,58500,675,38,1,19.00,29937.73,0.07,0.05,A,F,1995-04-08,1995-05-15,1995-04-18,COLLECT COD,MAIL,boldly regular reques
58500-2,58500,662,56,2,48.00,75007.68,0.04,0.03,R,F,1995-05-06,1995-04-13,1995-05-18,DELIVER IN PERSON,AIR,ds haggle quickly r
58501-1,58501,843,43,1,46.00,80216.64,0.03,0.00,N,O,1996-08-04,1996-07-04,1996-08-30,DELIVER IN PERSON,REG AIR,final deposits haggle furiously regular ide
58501-2,58501,1699,23,2,47.00,75232.43,0.08,0.05,N,O,1996-07-11,1996-06-17,1996-07-23,NONE,TRUCK, are blithely. stealthily bold 
58501-3,58501,645,77,3,37.00,57188.68,0.02,0.06,N,O,1996-05-31,1996-07-18,1996-06-12,DELIVER IN PERSON,MAIL,lites mold blithely fluffily even 
58501-4,58501,1115,52,4,46.00,46741.06,0.07,0.06,N,O,1996-08-11,1996-07-25,1996-09-06,NONE,AIR,nst the depe
58501-5,58501,814,81,5,41.00,70307.21,0.09,0.05,N,O,1996-06-24,1996-07-10,1996-07-12,TAKE BACK RETURN,REG AIR,lites use never across the carefully bo
58501-6,58501,694,88,6,8.00,12757.52,0.04,0.06,N,O,1996-07-22,1996-08-06,1996-08-08,DELIVER IN PERSON,AIR,lly pending packages
58502-1,58502,415,45,1,28.00,36831.48,0.04,0.07,A,F,1993-02-28,1993-03-20,1993-03-09,TAKE BACK RETURN,AIR,"blithely regular, final packag"
58502-2,58502,618,50,2,48.00,72893.28,0.09,0.06,A,F,1993-03-20,1993-04-24,1993-04-19,DELIVER IN PERSON,MAIL,"the special, unusual accounts "
58502-3,58502,1991,24,3,20.00,37859.80,0.01,0.06,A,F,1993-05-08,1993-03-16,1993-05-12,TAKE BACK RETURN,FOB,requests dazzle
58502-4,58502,825,26,4,28.00,48322.96,0.03,0.00,A,F,1993-03-25,1993-05-11,1993-03-26,DELIVER IN PERSON,AIR,lly pending excuses wake ca
58502-5,58502,1308,47,5,45.00,54418.50,0.00,0.07,R,F,1993-03-30,1993-04-14,1993-04-04,TAKE BACK RETURN,REG AIR,sual sautern
58503-1,58503,1091,27,1,33.00,32738.97,0.08,0.03,N,O,1996-11-25,1997-01-12,1996-12-23,NONE,REG AIR, silent request
58528-1,58528,118,71,1,47.00,47851.17,0.04,0.03,R,F,1993-12-29,1994-01-21,1994-01-06,TAKE BACK RETURN,TRUCK,ironic deposits. ruthlessly 
58528-2,58528,45,21,2,13.00,12285.52,0.08,0.04,A,F,1994-01-28,1994-01-11,1994-02-19,NONE,TRUCK,cross the qui
58528-3,58528,367,96,3,32.00,40555.52,0.07,0.02,R,F,1993-11-08,1994-01-04,1993-11-16,DELIVER IN PERSON,REG AIR, even accounts. car
58528-4,58528,999,34,4,26.00,49399.74,0.06,0.08,A,F,1993-11-28,1994-01-24,1993-12-02,DELIVER IN PERSON,FOB,uffily even instructions. regular depos
58528-5,58528,1463,81,5,30.00,40933.80,0.09,0.00,R,F,1994-01-21,1993-11-29,1994-02-14,DELIVER IN PERSON,AIR,s haggle quick
58528-6,58528,863,64,6,19.00,33513.34,0.01,0.08,R,F,1993-12-06,1993-12-12,1993-12-31,COLLECT COD,FOB, final accounts are bl
58529-1,58529,789,22,1,25.00,42244.50,0.03,0.00,A,F,1995-02-05,1995-03-22,1995-02-07,TAKE BACK RETURN,SHIP,ate even packages. quickly
58530-1,58530,129,30,1,26.00,26757.12,0.03,0.07,N,O,1996-03-16,1996-05-11,1996-03-25,TAKE BACK RETURN,REG AIR,s. blithely even instructions above the 
58530-2,58530,907,42,2,20.00,36158.00,0.09,0.05,N,O,1996-06-23,1996-05-23,1996-06-28,NONE,SHIP,packages. silent escapades sleep 
58530-3,58530,749,46,3,36.00,59390.64,0.01,0.04,N,O,1996-03-24,1996-05-31,1996-04-10,NONE,RAIL, the even deposits. regular 
58531-1,58531,1160,33,1,6.00,6366.96,0.07,0.05,N,O,1997-09-28,1997-10-25,1997-10-22,DELIVER IN PERSON,RAIL,rate slyly spec
58531-2,58531,52,78,2,23.00,21897.15,0.08,0.00,N,O,1997-10-08,1997-10-21,1997-10-09,COLLECT COD,TRUCK,"xes. pending ideas are. ironic, pending pat"
58532-1,58532,1001,2,1,49.00,44198.00,0.05,0.01,N,O,1998-06-21,1998-07-06,1998-07-18,COLLECT COD,REG AIR,he slyly unusual deposits. theodolit
58532-2,58532,1791,34,2,23.00,38934.17,0.05,0.07,N,O,1998-06-07,1998-06-17,1998-06-19,NONE,RAIL, carefully. eve
58533-1,58533,366,95,1,46.00,58252.56,0.06,0.08,N,O,1997-10-20,1997-11-06,1997-10-22,NONE,AIR,y ironic frets a
58533-2,58533,107,34,2,34.00,34241.40,0.10,0.06,N,O,1997-11-02,1997-12-03,1997-11-13,NONE,SHIP,s. slyly regula
58534-1,58534,535,26,1,4.00,5742.12,0.04,0.08,N,O,1997-06-12,1997-07-29,1997-06-16,DELIVER IN PERSON,REG AIR,ingly ironic instructions. carefully regula
58534-2,58534,503,94,2,31.00,43508.50,0.00,0.01,N,O,1997-06-03,1997-08-12,1997-06-06,TAKE BACK RETURN,FOB,ccounts use a
58534-3,58534,127,54,3,10.00,10271.20,0.07,0.02,N,O,1997-06-21,1997-08-03,1997-07-04,DELIVER IN PERSON,FOB,rding to the carefully r
58534-4,58534,1985,30,4,26.00,49061.48,0.09,0.05,N,O,1997-06-28,1997-08-08,1997-07-12,DELIVER IN PERSON,FOB,ilently bold theodolites. slyly
58534-5,58534,482,41,5,5.00,6912.40,0.00,0.02,N,O,1997-09-06,1997-07-27,1997-09-20,COLLECT COD,SHIP,ites wake regularly afte
58534-6,58534,775,72,6,5.00,8378.85,0.04,0.01,N,O,1997-07-25,1997-08-05,1997-08-11,NONE,REG AIR,to beans nod quick
58534-7,58534,1327,28,7,42.00,51589.44,0.02,0.04,N,O,1997-06-06,1997-07-22,1997-06-27,NONE,TRUCK,"press, fin"
58535-1,58535,496,84,1,33.00,46084.17,0.00,0.07,N,O,1997-08-18,1997-08-14,1997-08-27,DELIVER IN PERSON,MAIL,. slyly expr
58535-2,58535,1852,96,2,50.00,87692.50,0.02,0.08,N,O,1997-10-04,1997-09-10,1997-10-23,TAKE BACK RETURN,TRUCK,e carefully pending deposits are blithely w
58535-3,58535,509,40,3,37.00,52151.50,0.04,0.08,N,O,1997-08-08,1997-08-18,1997-09-01,TAKE BACK RETURN,RAIL,odolites ha
58535-4,58535,865,99,4,45.00,79463.70,0.06,0.05,N,O,1997-08-21,1997-07-18,1997-08-28,DELIVER IN PERSON,RAIL,ons; final theodolites cajole fluffily.
58535-5,58535,1446,25,5,23.00,30991.12,0.03,0.01,N,O,1997-07-12,1997-07-29,1997-07-13,NONE,FOB,s are slyly bold pinto beans. blit
58535-6,58535,1179,16,6,32.00,34565.44,0.06,0.07,N,O,1997-10-11,1997-08-29,1997-10-30,NONE,SHIP,"accounts nag. final, special deposits belie"
58560-1,58560,1420,21,1,13.00,17178.46,0.02,0.02,N,O,1998-01-01,1997-11-19,1998-01-20,TAKE BACK RETURN,FOB,ly above the blithely pending pack
58561-1,58561,1359,36,1,2.00,2520.70,0.07,0.07,N,O,1996-09-21,1996-09-19,1996-10-17,TAKE BACK RETURN,RAIL,inst the regula
58561-2,58561,1200,9,2,7.00,7708.40,0.04,0.04,N,O,1996-10-20,1996-08-21,1996-10-22,NONE,TRUCK,final theodolites nag qu
58561-3,58561,1161,70,3,41.00,43548.56,0.06,0.01,N,O,1996-07-02,1996-08-03,1996-07-18,DELIVER IN PERSON,TRUCK,fluffy hockey players. bold pinto beans 
58561-4,58561,1381,82,4,46.00,58989.48,0.05,0.00,N,O,1996-07-26,1996-08-20,1996-08-20,TAKE BACK RETURN,FOB,fully even p
58561-5,58561,1253,91,5,16.00,18468.00,0.01,0.00,N,O,1996-07-29,1996-09-16,1996-08-09,TAKE BACK RETURN,REG AIR,furiously after the d
58561-6,58561,1060,61,6,29.00,27870.74,0.02,0.01,N,O,1996-07-17,1996-08-03,1996-08-08,COLLECT COD,REG AIR,ecial dolphins wake quickly f
58562-1,58562,1098,99,1,47.00,46957.23,0.09,0.00,A,F,1992-04-05,1992-04-12,1992-04-20,DELIVER IN PERSON,RAIL,s? blithely express courts sl
58562-2,58562,172,25,2,25.00,26804.25,0.09,0.00,R,F,1992-05-29,1992-04-14,1992-06-04,TAKE BACK RETURN,AIR,ever. slyly special saut
58562-3,58562,937,38,3,38.00,69841.34,0.08,0.06,A,F,1992-05-19,1992-05-06,1992-06-10,TAKE BACK RETURN,FOB,press requests hagg
58562-4,58562,1008,14,4,15.00,13635.00,0.10,0.00,A,F,1992-05-03,1992-04-29,1992-05-06,DELIVER IN PERSON,TRUCK,r deposits cajole 
58562-5,58562,955,90,5,44.00,81661.80,0.02,0.02,A,F,1992-03-04,1992-05-13,1992-03-20,NONE,MAIL,requests cajole packages. furiously re
58563-1,58563,959,28,1,20.00,37199.00,0.03,0.05,R,F,1995-06-08,1995-07-03,1995-06-14,TAKE BACK RETURN,RAIL, requests. slyly silent pinto beans u
58564-1,58564,1311,50,1,22.00,26670.82,0.09,0.00,R,F,1992-12-06,1993-01-31,1992-12-22,NONE,AIR,r deposits; carefully pending accoun
58564-2,58564,1030,1,2,15.00,13965.45,0.06,0.08,A,F,1993-02-23,1993-02-01,1993-03-08,COLLECT COD,AIR,long the furiously bold theodoli
58564-3,58564,1825,69,3,24.00,41443.68,0.03,0.06,A,F,1993-02-14,1992-12-23,1993-02-20,NONE,REG AIR,s. slyly final requests cajole blithely ac
58564-4,58564,301,86,4,16.00,19220.80,0.10,0.00,A,F,1993-02-01,1992-12-17,1993-02-23,COLLECT COD,RAIL,ld theodolites. requ
58565-1,58565,214,96,1,31.00,34540.51,0.06,0.01,N,O,1996-12-11,1996-11-19,1997-01-07,COLLECT COD,TRUCK,riously even 
58565-2,58565,397,98,2,20.00,25947.80,0.02,0.06,N,O,1996-08-28,1996-10-20,1996-09-07,TAKE BACK RETURN,TRUCK,rave accounts haggle slyly around the fu
58565-3,58565,1494,12,3,15.00,20932.35,0.06,0.00,N,O,1996-12-23,1996-09-29,1997-01-07,DELIVER IN PERSON,SHIP, regular instruction
58565-4,58565,162,89,4,30.00,31864.80,0.08,0.08,N,O,1996-11-19,1996-10-30,1996-12-17,COLLECT COD,SHIP,oost. quickl
58566-1,58566,777,42,1,16.00,26844.32,0.09,0.06,N,O,1995-11-06,1995-10-21,1995-11-10,COLLECT COD,TRUCK,y slyly according to th
58566-2,58566,371,100,2,27.00,34326.99,0.04,0.07,N,O,1995-11-06,1995-10-31,1995-11-20,COLLECT COD,SHIP, use above the quickly final ideas
58566-3,58566,1396,73,3,18.00,23353.02,0.09,0.07,N,O,1995-09-23,1995-10-16,1995-10-20,TAKE BACK RETURN,REG AIR, unusual theodolites. fin
58566-4,58566,1401,41,4,18.00,23443.20,0.10,0.07,N,O,1995-11-30,1995-11-11,1995-12-09,TAKE BACK RETURN,TRUCK,ronic dependencies wake 
58566-5,58566,194,21,5,42.00,45955.98,0.00,0.04,N,O,1995-10-07,1995-11-07,1995-10-21,DELIVER IN PERSON,RAIL,y bold dep
58566-6,58566,1202,77,6,19.00,20960.80,0.01,0.02,N,O,1995-11-04,1995-10-17,1995-11-28,TAKE BACK RETURN,RAIL,inal dependen
58566-7,58566,995,30,7,11.00,20855.89,0.06,0.04,N,O,1995-09-15,1995-11-18,1995-09-17,NONE,RAIL,he even packages haggle fluffily ev
58567-1,58567,1122,31,1,9.00,9208.08,0.04,0.01,N,O,1996-07-15,1996-08-13,1996-08-06,DELIVER IN PERSON,MAIL, regular pinto beans
58592-1,58592,1636,37,1,16.00,24602.08,0.03,0.03,N,F,1995-05-22,1995-03-28,1995-06-20,DELIVER IN PERSON,RAIL,eposits along the ironic pinto beans are c
58592-2,58592,453,12,2,40.00,54138.00,0.09,0.06,R,F,1995-04-23,1995-04-24,1995-05-16,NONE,AIR,ic excuses 
58592-3,58592,1881,25,3,38.00,67749.44,0.00,0.03,A,F,1995-06-05,1995-05-04,1995-06-17,TAKE BACK RETURN,TRUCK,gular instructi
58593-1,58593,1546,67,1,49.00,70929.46,0.06,0.01,N,O,1995-11-30,1995-10-15,1995-12-15,COLLECT COD,MAIL,yly even packages sleep slyly blithely exp
58593-2,58593,603,4,2,32.00,48115.20,0.07,0.05,N,O,1996-01-03,1995-11-21,1996-01-12,DELIVER IN PERSON,RAIL,s. quickly r
58593-3,58593,1372,11,3,24.00,30560.88,0.09,0.04,N,O,1995-12-23,1995-11-09,1996-01-09,DELIVER IN PERSON,FOB,ounts affix blithely according to the
58593-4,58593,1941,86,4,34.00,62659.96,0.03,0.01,N,O,1995-09-10,1995-12-02,1995-09-25,TAKE BACK RETURN,TRUCK, requests. even dolphins sleep slyly
58593-5,58593,1706,33,5,32.00,51446.40,0.05,0.02,N,O,1995-11-12,1995-11-09,1995-11-18,DELIVER IN PERSON,SHIP,icing theodolite
58593-6,58593,1931,32,6,9.00,16496.37,0.02,0.06,N,O,1996-01-02,1995-10-25,1996-01-15,NONE,REG AIR,beans nag across the blit
58593-7,58593,1347,24,7,21.00,26215.14,0.10,0.05,N,O,1995-12-01,1995-11-27,1995-12-18,COLLECT COD,AIR,sly ironic ideas haggle 
58594-1,58594,878,79,1,10.00,17788.70,0.09,0.02,N,O,1998-08-07,1998-09-25,1998-08-12,DELIVER IN PERSON,MAIL,xes are furiously accordin
58595-1,58595,579,70,1,46.00,68060.22,0.04,0.08,R,F,1993-10-03,1993-10-28,1993-10-30,NONE,REG AIR,"ests sleep slyly silent, regu"
58595-2,58595,1917,6,2,20.00,36378.20,0.09,0.02,A,F,1993-12-16,1993-11-25,1994-01-10,NONE,AIR,ronic deposit
58595-3,58595,974,77,3,46.00,86248.62,0.07,0.08,A,F,1993-09-14,1993-11-17,1993-09-23,DELIVER IN PERSON,FOB,y final realms. fluffily p
58596-1,58596,1330,69,1,34.00,41865.22,0.02,0.01,N,O,1995-07-05,1995-08-02,1995-08-04,DELIVER IN PERSON,RAIL,n ideas. blithely final req
58597-1,58597,1918,63,1,19.00,34578.29,0.01,0.01,N,O,1997-05-22,1997-03-30,1997-05-27,TAKE BACK RETURN,TRUCK," ironic, bold foxes nag stealthily regular,"
58597-2,58597,1936,81,2,43.00,79030.99,0.10,0.02,N,O,1997-06-01,1997-04-20,1997-06-13,NONE,TRUCK, fluffily. furiously final foxes
58597-3,58597,287,15,3,14.00,16621.92,0.09,0.05,N,O,1997-04-26,1997-05-02,1997-05-20,DELIVER IN PERSON,REG AIR,es sleep slyly again
58597-4,58597,1405,84,4,39.00,50949.60,0.02,0.05,N,O,1997-05-17,1997-03-17,1997-05-20,TAKE BACK RETURN,RAIL,y express accounts nag fur
58597-5,58597,1547,48,5,28.00,40559.12,0.05,0.00,N,O,1997-02-25,1997-03-12,1997-03-18,TAKE BACK RETURN,FOB,ironic requests. daringly fin
58597-6,58597,1708,51,6,19.00,30584.30,0.06,0.02,N,O,1997-02-19,1997-03-15,1997-03-20,NONE,REG AIR,"lar excuses wake. unusual, even foxes"
58597-7,58597,1316,55,7,16.00,19476.96,0.06,0.01,N,O,1997-02-19,1997-04-21,1997-02-20,NONE,FOB, ironic accounts. fluffily
58598-1,58598,1563,64,1,41.00,60046.96,0.02,0.02,N,O,1995-09-22,1995-11-21,1995-10-09,NONE,AIR,quickly even asymptotes 
58598-2,58598,1069,75,2,50.00,48503.00,0.04,0.06,N,O,1995-11-15,1995-10-24,1995-11-16,NONE,MAIL,y express 
58598-3,58598,787,20,3,15.00,25316.70,0.01,0.04,N,O,1995-09-01,1995-10-15,1995-09-08,COLLECT COD,FOB,slyly even packages. platelets detect ironi
58598-4,58598,1009,15,4,2.00,1820.00,0.10,0.03,N,O,1995-10-18,1995-10-02,1995-10-24,TAKE BACK RETURN,FOB, grow slyly even packages. even de
58598-5,58598,1442,82,5,6.00,8060.64,0.04,0.05,N,O,1995-10-18,1995-10-08,1995-10-31,DELIVER IN PERSON,RAIL,ts according to the
58598-6,58598,1139,76,6,22.00,22882.86,0.04,0.07,N,O,1995-10-30,1995-09-28,1995-11-10,TAKE BACK RETURN,AIR,sly above the fluffily
58599-1,58599,797,62,1,35.00,59422.65,0.03,0.03,R,F,1993-05-05,1993-04-15,1993-05-08,TAKE BACK RETURN,TRUCK,tect furiously along the 
58599-2,58599,1344,45,2,32.00,39850.88,0.09,0.05,A,F,1993-01-26,1993-04-07,1993-02-15,NONE,TRUCK, special ideas are carefully. fur
58599-3,58599,1347,48,3,49.00,61168.66,0.10,0.03,R,F,1993-02-27,1993-02-22,1993-03-01,DELIVER IN PERSON,FOB,ironic packages are sl
58599-4,58599,1535,56,4,19.00,27294.07,0.05,0.04,R,F,1993-04-19,1993-03-05,1993-05-05,TAKE BACK RETURN,RAIL,es express requests. e
58624-1,58624,1317,18,1,28.00,34112.68,0.02,0.08,A,F,1994-10-05,1994-08-20,1994-10-30,COLLECT COD,REG AIR,usual deposits use slyly. slyly regul
58625-1,58625,778,75,1,16.00,26860.32,0.02,0.03,N,O,1996-01-04,1996-01-04,1996-01-05,DELIVER IN PERSON,TRUCK,y final ideas. slyly ironic 
58625-2,58625,247,75,2,17.00,19503.08,0.07,0.04,N,O,1995-12-02,1996-01-10,1995-12-25,DELIVER IN PERSON,TRUCK,ve the furiously
58625-3,58625,1425,65,3,8.00,10611.36,0.07,0.07,N,O,1996-02-29,1996-01-14,1996-03-07,TAKE BACK RETURN,AIR, ironic deposi
58625-4,58625,521,52,4,19.00,27008.88,0.05,0.07,N,O,1996-01-04,1996-01-24,1996-01-22,TAKE BACK RETURN,SHIP,arefully express 
58625-5,58625,426,14,5,11.00,14590.62,0.00,0.08,N,O,1996-03-17,1996-02-12,1996-04-12,TAKE BACK RETURN,AIR,ar theodolites are furiously. slyly regula
58626-1,58626,52,3,1,27.00,25705.35,0.07,0.03,N,O,1996-02-15,1996-02-19,1996-02-22,DELIVER IN PERSON,SHIP,about the carefully ironic ideas maintain 
58626-2,58626,1207,8,2,12.00,13298.40,0.07,0.05,N,O,1996-02-20,1996-02-06,1996-02-22,DELIVER IN PERSON,REG AIR,foxes. theodolites use care
58626-3,58626,1757,42,3,42.00,69667.50,0.09,0.05,N,O,1996-01-26,1996-03-09,1996-02-07,NONE,MAIL,ly ironic deposits above the 
58626-4,58626,927,30,4,2.00,3655.84,0.06,0.06,N,O,1996-03-20,1996-02-03,1996-04-15,COLLECT COD,RAIL,ntegrate according to the iro
58626-5,58626,883,83,5,16.00,28542.08,0.09,0.04,N,O,1996-01-30,1996-03-05,1996-02-23,NONE,AIR,ly. slyly express ideas alongside of the
58626-6,58626,1210,22,6,1.00,1111.21,0.07,0.04,N,O,1996-01-16,1996-01-31,1996-02-14,COLLECT COD,SHIP,ding packages may haggle quickly
58627-1,58627,185,38,1,28.00,30385.04,0.00,0.01,A,F,1994-03-21,1994-03-06,1994-04-01,NONE,AIR, pinto beans 
58627-2,58627,51,52,2,24.00,22825.20,0.10,0.06,R,F,1994-03-06,1994-03-30,1994-03-18,COLLECT COD,AIR,onic deposits are 
58627-3,58627,57,33,3,21.00,20098.05,0.07,0.01,A,F,1994-03-17,1994-03-24,1994-04-10,DELIVER IN PERSON,AIR,uickly carefully unusual ideas: furious
58627-4,58627,1034,5,4,32.00,29920.96,0.00,0.03,A,F,1994-03-29,1994-02-14,1994-04-23,NONE,TRUCK,ully according to the slyly express deposi
58627-5,58627,835,2,5,29.00,50339.07,0.00,0.01,R,F,1994-03-28,1994-02-20,1994-04-23,TAKE BACK RETURN,AIR,rding to the ev
58627-6,58627,352,81,6,1.00,1252.35,0.08,0.05,R,F,1994-04-16,1994-03-01,1994-05-05,TAKE BACK RETURN,FOB,ions mold fur
58628-1,58628,255,10,1,22.00,25415.50,0.02,0.04,R,F,1994-05-15,1994-04-26,1994-06-11,DELIVER IN PERSON,SHIP,furiously express foxes haggle alon
58628-2,58628,1077,78,2,26.00,25429.82,0.02,0.07,A,F,1994-04-12,1994-04-24,1994-05-06,NONE,REG AIR,accounts. quickly final fo
58628-3,58628,172,25,3,12.00,12866.04,0.00,0.07,R,F,1994-04-03,1994-06-12,1994-04-15,COLLECT COD,FOB,out the blithely iro
58628-4,58628,1498,16,4,24.00,33587.76,0.06,0.08,A,F,1994-04-18,1994-06-15,1994-04-27,TAKE BACK RETURN,RAIL,s across th
58629-1,58629,1267,68,1,32.00,37384.32,0.08,0.03,A,F,1994-03-15,1994-04-17,1994-04-02,COLLECT COD,SHIP,refully ironic in
58629-2,58629,554,15,2,2.00,2909.10,0.08,0.02,R,F,1994-03-31,1994-04-15,1994-04-10,COLLECT COD,REG AIR,ress deposits wake
58629-3,58629,1935,24,3,36.00,66129.48,0.00,0.05,A,F,1994-06-16,1994-04-16,1994-06-27,NONE,AIR,sly furiously final requests. carefu
58630-1,58630,792,57,1,35.00,59247.65,0.02,0.04,N,O,1997-12-23,1998-01-15,1997-12-24,COLLECT COD,TRUCK,ing requests. s
58630-2,58630,1094,95,2,22.00,21891.98,0.09,0.04,N,O,1998-01-11,1998-01-30,1998-02-04,COLLECT COD,TRUCK,bold packages. carefully regular
58630-3,58630,1565,46,3,11.00,16132.16,0.00,0.04,N,O,1998-03-15,1998-02-04,1998-03-17,TAKE BACK RETURN,SHIP,ests boost blit
58630-4,58630,765,98,4,22.00,36646.72,0.09,0.07,N,O,1998-02-19,1998-02-08,1998-03-16,TAKE BACK RETURN,REG AIR, blithely pending waters. f
58630-5,58630,1732,59,5,9.00,14703.57,0.05,0.01,N,O,1997-12-07,1998-01-07,1998-01-05,COLLECT COD,AIR,ic dependencies after
58630-6,58630,1318,33,6,44.00,53649.64,0.01,0.03,N,O,1998-03-05,1998-01-27,1998-04-04,NONE,FOB, special accounts cajole
58630-7,58630,695,89,7,4.00,6382.76,0.03,0.06,N,O,1997-12-01,1997-12-28,1997-12-08,NONE,TRUCK,thely silent i
58631-1,58631,907,10,1,12.00,21694.80,0.05,0.00,N,O,1997-12-05,1997-12-03,1997-12-28,TAKE BACK RETURN,FOB,ges believe quickly. careful
58631-2,58631,595,96,2,23.00,34398.57,0.08,0.05,N,O,1997-11-01,1997-12-10,1997-11-29,NONE,FOB, hinder furiously blith
58631-3,58631,902,3,3,46.00,82933.40,0.09,0.06,N,O,1997-10-13,1997-12-05,1997-11-02,COLLECT COD,TRUCK,uses haggle quickly a
58631-4,58631,860,61,4,18.00,31695.48,0.02,0.07,N,O,1997-10-20,1997-11-19,1997-11-03,TAKE BACK RETURN,RAIL, accounts accordi
58656-1,58656,691,92,1,47.00,74809.43,0.07,0.05,R,F,1994-02-02,1994-02-07,1994-02-28,COLLECT COD,TRUCK,oss the iro
58656-2,58656,1353,92,2,3.00,3763.05,0.04,0.05,R,F,1994-02-26,1994-02-09,1994-03-01,COLLECT COD,SHIP,regular somas doubt 
58656-3,58656,1213,14,3,25.00,27855.25,0.01,0.07,A,F,1994-01-17,1994-01-26,1994-02-01,DELIVER IN PERSON,MAIL,blithe pla
58656-4,58656,1274,49,4,28.00,32907.56,0.02,0.08,A,F,1994-04-02,1994-02-27,1994-04-05,DELIVER IN PERSON,MAIL, haggle. carefully express accounts i
58657-1,58657,514,15,1,18.00,25461.18,0.09,0.04,R,F,1993-06-04,1993-06-24,1993-06-17,DELIVER IN PERSON,RAIL,instructions about
58657-2,58657,872,72,2,27.00,47867.49,0.05,0.08,R,F,1993-06-23,1993-05-29,1993-06-27,COLLECT COD,RAIL,around the f
58657-3,58657,641,73,3,36.00,55499.04,0.09,0.02,R,F,1993-07-08,1993-05-21,1993-08-07,TAKE BACK RETURN,RAIL,beans nag according to th
58657-4,58657,960,29,4,25.00,46524.00,0.02,0.08,A,F,1993-06-27,1993-05-09,1993-07-20,NONE,RAIL,"ang fluffily. ironic, "
58657-5,58657,1333,72,5,9.00,11108.97,0.09,0.06,R,F,1993-05-17,1993-05-13,1993-06-15,DELIVER IN PERSON,SHIP,xes integrate care
58658-1,58658,1656,98,1,6.00,9345.90,0.02,0.04,A,F,1992-09-11,1992-07-16,1992-09-17,COLLECT COD,REG AIR,le blithely 
58658-2,58658,1655,79,2,14.00,21793.10,0.02,0.06,R,F,1992-07-31,1992-07-19,1992-08-04,DELIVER IN PERSON,AIR,ly. slyly silent requests use across the 
58658-3,58658,1281,93,3,11.00,13005.08,0.00,0.02,A,F,1992-10-09,1992-08-19,1992-11-01,COLLECT COD,TRUCK,dolites. slyly final excuses s
58658-4,58658,1860,4,4,31.00,54617.66,0.10,0.02,R,F,1992-10-05,1992-08-05,1992-10-11,DELIVER IN PERSON,AIR,was outside
58658-5,58658,398,99,5,17.00,22072.63,0.08,0.00,A,F,1992-09-09,1992-08-15,1992-10-04,COLLECT COD,RAIL,nts nag sl
58658-6,58658,1047,18,6,21.00,19908.84,0.01,0.08,R,F,1992-09-19,1992-08-14,1992-10-17,COLLECT COD,TRUCK,ly permanent packages wake quick
58659-1,58659,315,16,1,28.00,34028.68,0.06,0.01,A,F,1993-12-07,1994-01-11,1993-12-24,COLLECT COD,RAIL,l theodolites. t
58659-2,58659,752,49,2,16.00,26444.00,0.09,0.06,R,F,1994-02-17,1993-12-12,1994-02-28,NONE,SHIP,lar dolphins. slyly ironic requests detect
58659-3,58659,1967,12,3,9.00,16820.64,0.10,0.06,R,F,1994-01-02,1994-01-11,1994-01-25,TAKE BACK RETURN,REG AIR,ole slyly ironic depende
58659-4,58659,1679,80,4,22.00,34774.74,0.04,0.03,A,F,1993-11-22,1994-01-08,1993-12-10,NONE,TRUCK,l frets hi
58659-5,58659,1216,91,5,9.00,10054.89,0.01,0.04,A,F,1993-12-28,1993-12-03,1994-01-16,NONE,AIR,y unusual r
58659-6,58659,1611,12,6,43.00,65042.23,0.05,0.00,R,F,1994-01-29,1993-12-09,1994-02-13,COLLECT COD,AIR,sauternes are fluffily alongside of the b
58660-1,58660,728,29,1,33.00,53747.76,0.02,0.07,A,F,1994-05-17,1994-04-07,1994-06-16,NONE,RAIL,w fluffily bold accou
58660-2,58660,1641,83,2,7.00,10798.48,0.10,0.06,R,F,1994-04-16,1994-04-11,1994-04-18,COLLECT COD,FOB, the quickly ev
58660-3,58660,445,75,3,37.00,49781.28,0.07,0.06,R,F,1994-06-10,1994-04-28,1994-07-01,TAKE BACK RETURN,SHIP,ncies breach quickly.
58660-4,58660,460,90,4,25.00,34011.50,0.03,0.04,A,F,1994-06-07,1994-04-28,1994-06-14,COLLECT COD,SHIP,hockey playe
58660-5,58660,1440,80,5,21.00,28170.24,0.06,0.06,A,F,1994-03-05,1994-05-27,1994-03-18,TAKE BACK RETURN,REG AIR,t accounts. a
58660-6,58660,1931,20,6,6.00,10997.58,0.05,0.01,A,F,1994-04-15,1994-04-22,1994-04-29,DELIVER IN PERSON,TRUCK,r the quickly pending requests?
58660-7,58660,1236,37,7,20.00,22744.60,0.01,0.05,R,F,1994-06-30,1994-05-12,1994-07-24,DELIVER IN PERSON,REG AIR, are slyly bold pi
58661-1,58661,1570,11,1,10.00,14715.70,0.06,0.08,N,O,1996-04-04,1996-02-20,1996-04-15,TAKE BACK RETURN,RAIL,es regular requ
58661-2,58661,1864,8,2,5.00,8829.30,0.03,0.07,N,O,1996-01-11,1996-02-10,1996-01-20,COLLECT COD,MAIL,ts. slyly 
58661-3,58661,987,56,3,32.00,60415.36,0.10,0.05,N,O,1996-02-12,1996-02-12,1996-02-19,DELIVER IN PERSON,REG AIR,"phins use slyly. silent, ironic tithe"
58661-4,58661,6,82,4,25.00,22650.00,0.05,0.03,N,O,1996-01-01,1996-02-02,1996-01-02,DELIVER IN PERSON,SHIP,al pinto beans around the asymptotes boost
58661-5,58661,561,62,5,41.00,59923.96,0.10,0.00,N,O,1995-12-23,1996-03-03,1996-01-17,TAKE BACK RETURN,SHIP,s use quickly express Tiresias. even fo
58662-1,58662,1053,54,1,48.00,45794.40,0.00,0.06,N,O,1996-06-20,1996-04-18,1996-07-05,DELIVER IN PERSON,MAIL,nts use never carefu
58662-2,58662,962,63,2,43.00,80107.28,0.02,0.08,N,O,1996-07-16,1996-06-03,1996-07-25,COLLECT COD,FOB,ckly regular packages. slyly unusual reques
58662-3,58662,1480,59,3,21.00,29011.08,0.05,0.00,N,O,1996-03-27,1996-05-23,1996-04-25,TAKE BACK RETURN,RAIL,gainst the pendi
58662-4,58662,848,15,4,9.00,15739.56,0.05,0.00,N,O,1996-06-07,1996-06-13,1996-06-20,NONE,REG AIR,equests caj
58662-5,58662,194,21,5,30.00,32825.70,0.10,0.01,N,O,1996-04-05,1996-06-07,1996-04-24,DELIVER IN PERSON,SHIP, players. fur
58662-6,58662,600,31,6,7.00,10504.20,0.04,0.08,N,O,1996-05-26,1996-04-19,1996-06-15,TAKE BACK RETURN,REG AIR, are furiously atop the fluffily regular f
58662-7,58662,1435,53,7,41.00,54793.63,0.01,0.04,N,O,1996-07-16,1996-06-04,1996-07-17,TAKE BACK RETURN,AIR,lar platelets. somas
58663-1,58663,53,79,1,26.00,24779.30,0.05,0.08,N,O,1997-09-14,1997-10-21,1997-09-25,COLLECT COD,REG AIR,ously ironic
58663-2,58663,976,11,2,41.00,76955.77,0.09,0.04,N,O,1997-10-12,1997-09-13,1997-10-19,NONE,REG AIR,totes haggle slyly across the exc
58688-1,58688,1877,78,1,39.00,69375.93,0.06,0.01,A,F,1994-07-17,1994-05-27,1994-08-01,TAKE BACK RETURN,SHIP,hely accor
58688-2,58688,1652,76,2,49.00,76128.85,0.05,0.02,R,F,1994-06-18,1994-06-10,1994-07-11,COLLECT COD,REG AIR,l accounts a
58688-3,58688,1024,25,3,7.00,6475.14,0.06,0.07,A,F,1994-04-25,1994-06-26,1994-05-08,NONE,RAIL,y. express pinto beans alo
58688-4,58688,822,22,4,37.00,63744.34,0.10,0.02,R,F,1994-07-20,1994-06-25,1994-07-21,TAKE BACK RETURN,SHIP,g to the pending theodolites sleep carefu
58688-5,58688,270,52,5,2.00,2340.54,0.09,0.00,R,F,1994-05-25,1994-05-01,1994-05-27,NONE,TRUCK,ully quickly final 
58689-1,58689,1349,26,1,44.00,55014.96,0.05,0.01,N,O,1995-08-29,1995-10-13,1995-09-01,DELIVER IN PERSON,FOB,"fully brave deposits. regular, re"
58690-1,58690,1062,68,1,40.00,38522.40,0.05,0.01,N,O,1996-02-15,1996-02-01,1996-02-19,NONE,AIR,"ironic, final courts boost blithely afte"
58690-2,58690,1784,85,2,45.00,75860.10,0.04,0.02,N,O,1995-12-04,1996-01-08,1995-12-06,TAKE BACK RETURN,SHIP, after the bravely even pinto bean
58690-3,58690,760,57,3,50.00,83038.00,0.10,0.07,N,O,1996-02-03,1996-02-02,1996-02-07,NONE,RAIL,re excuses. 
58691-1,58691,749,14,1,18.00,29695.32,0.04,0.02,N,O,1996-10-03,1996-09-28,1996-10-26,DELIVER IN PERSON,AIR,ously along the permanently final accou
58691-2,58691,96,72,2,47.00,46816.23,0.01,0.00,N,O,1996-08-27,1996-09-13,1996-09-23,DELIVER IN PERSON,SHIP,sits wake slyly fluff
58691-3,58691,680,74,3,49.00,77453.32,0.06,0.05,N,O,1996-10-08,1996-11-06,1996-10-10,COLLECT COD,MAIL,y bold theodolites? blithely 
58691-4,58691,1822,23,4,38.00,65505.16,0.02,0.05,N,O,1996-11-24,1996-09-27,1996-11-27,COLLECT COD,MAIL,ep regular dependencies; bli
58691-5,58691,132,33,5,14.00,14449.82,0.09,0.02,N,O,1996-10-18,1996-10-13,1996-10-31,NONE,MAIL,arefully quickly silent orbits. bl
58692-1,58692,38,64,1,24.00,22512.72,0.07,0.05,N,O,1996-03-11,1996-02-23,1996-03-15,NONE,FOB,s foxes boost stealthily. express 
58693-1,58693,287,69,1,29.00,34431.12,0.01,0.01,R,F,1994-11-08,1994-12-24,1994-11-17,NONE,TRUCK,packages solve care
58693-2,58693,1309,48,2,25.00,30257.50,0.08,0.05,R,F,1994-12-03,1994-12-14,1994-12-15,TAKE BACK RETURN,SHIP, regular asymptotes wake blithel
58693-3,58693,35,36,3,38.00,35531.14,0.08,0.02,R,F,1995-02-15,1994-12-13,1995-03-06,TAKE BACK RETURN,SHIP, theodolites haggle quickly. ironical
58693-4,58693,1788,31,4,48.00,81109.44,0.05,0.03,R,F,1995-01-29,1995-01-07,1995-02-27,TAKE BACK RETURN,FOB,he blithely regular asymptotes. carefu
58693-5,58693,821,22,5,2.00,3443.64,0.03,0.07,R,F,1994-11-22,1994-12-06,1994-12-15,DELIVER IN PERSON,TRUCK,ly bold dol
58693-6,58693,820,20,6,10.00,17208.20,0.04,0.06,A,F,1995-02-03,1995-01-01,1995-03-01,COLLECT COD,FOB,wake furiously among the foxes. quickly i
58694-1,58694,1169,78,1,25.00,26754.00,0.04,0.01,N,O,1996-11-25,1996-12-07,1996-12-20,COLLECT COD,AIR,cies after the ironica
58694-2,58694,1974,63,2,20.00,37519.40,0.03,0.05,N,O,1997-01-28,1996-12-03,1997-02-12,DELIVER IN PERSON,FOB,s cajole fluffily above the re
58695-1,58695,269,24,1,49.00,57293.74,0.04,0.01,A,F,1994-03-16,1994-04-01,1994-04-10,NONE,AIR,leep furiously according to the 
58695-2,58695,195,74,2,11.00,12047.09,0.04,0.08,R,F,1994-03-23,1994-03-29,1994-04-14,NONE,RAIL,urts wake along the car
58720-1,58720,1745,30,1,22.00,36228.28,0.05,0.04,R,F,1993-03-26,1993-05-26,1993-03-29,DELIVER IN PERSON,FOB,s. slyly spe
58720-2,58720,1043,14,2,44.00,41537.76,0.01,0.06,R,F,1993-04-20,1993-05-09,1993-04-25,TAKE BACK RETURN,MAIL, deposits boost blithely: slyly ruthles
58720-3,58720,186,13,3,9.00,9775.62,0.00,0.07,A,F,1993-05-24,1993-05-09,1993-05-25,COLLECT COD,FOB,ly ironic fo
58720-4,58720,492,51,4,19.00,26457.31,0.01,0.06,A,F,1993-06-26,1993-04-10,1993-07-25,NONE,REG AIR, the furiously eve
58721-1,58721,720,53,1,23.00,37276.56,0.09,0.04,N,O,1995-07-03,1995-08-28,1995-07-25,DELIVER IN PERSON,TRUCK,evenly ironic dependencies. 
58722-1,58722,1937,82,1,31.00,57006.83,0.06,0.01,A,F,1992-12-31,1993-01-04,1993-01-04,COLLECT COD,FOB,never even d
58722-2,58722,886,53,2,2.00,3573.76,0.06,0.01,R,F,1993-02-09,1993-01-03,1993-02-21,TAKE BACK RETURN,TRUCK,"oxes among the ironic, "
58723-1,58723,324,81,1,20.00,24486.40,0.03,0.03,N,O,1998-05-28,1998-04-21,1998-06-23,DELIVER IN PERSON,REG AIR,s. blithely sp
58723-2,58723,1421,100,2,44.00,58186.48,0.02,0.04,N,O,1998-06-13,1998-04-30,1998-06-14,COLLECT COD,REG AIR,"sleep furiously bold requests. regular, r"
58723-3,58723,1252,90,3,3.00,3459.75,0.02,0.01,N,O,1998-05-25,1998-05-17,1998-06-09,NONE,RAIL,al pinto beans cajole. carefu
58723-4,58723,1597,98,4,16.00,23977.44,0.02,0.01,N,O,1998-05-08,1998-03-29,1998-05-27,TAKE BACK RETURN,TRUCK,dazzle slyly furio
58723-5,58723,1978,11,5,26.00,48879.22,0.06,0.01,N,O,1998-04-29,1998-04-17,1998-05-02,COLLECT COD,RAIL,nto beans 
58724-1,58724,514,45,1,31.00,43849.81,0.03,0.00,N,O,1997-12-25,1998-01-10,1998-01-16,COLLECT COD,FOB,inal deposits. theo
58724-2,58724,1047,18,2,16.00,15168.64,0.06,0.07,N,O,1997-12-04,1997-11-26,1997-12-11,DELIVER IN PERSON,AIR,nag blithely across the unusua
58725-1,58725,563,54,1,7.00,10244.92,0.06,0.04,R,F,1993-07-19,1993-08-12,1993-08-08,DELIVER IN PERSON,SHIP,posits. quick
58725-2,58725,1623,24,2,32.00,48787.84,0.01,0.06,A,F,1993-07-08,1993-06-22,1993-07-28,COLLECT COD,SHIP,ructions are careful
58726-1,58726,1134,35,1,22.00,22772.86,0.09,0.06,N,O,1996-06-01,1996-06-27,1996-06-10,TAKE BACK RETURN,AIR,ly. blithely
58726-2,58726,733,98,2,4.00,6534.92,0.07,0.06,N,O,1996-05-02,1996-06-11,1996-05-18,DELIVER IN PERSON,FOB,g theodolites use blithely regular dolphin
58726-3,58726,162,41,3,18.00,19118.88,0.09,0.01,N,O,1996-06-21,1996-05-27,1996-07-06,COLLECT COD,MAIL,ons affix among the furiously iro
58726-4,58726,1625,8,4,26.00,39692.12,0.07,0.00,N,O,1996-06-23,1996-06-19,1996-06-25,NONE,RAIL,among the slyly re
58727-1,58727,995,96,1,20.00,37919.80,0.09,0.01,R,F,1994-10-29,1994-09-05,1994-11-08,COLLECT COD,MAIL,ts sleep caref
58727-2,58727,1925,26,2,44.00,80384.48,0.05,0.05,R,F,1994-10-28,1994-08-06,1994-11-06,DELIVER IN PERSON,SHIP,do solve carefully. bravely unusual
58752-1,58752,1348,87,1,29.00,36230.86,0.10,0.04,A,F,1994-10-17,1994-09-26,1994-11-04,TAKE BACK RETURN,AIR,"c, special re"
58752-2,58752,986,55,2,25.00,47174.50,0.09,0.08,R,F,1994-11-02,1994-09-25,1994-11-11,NONE,RAIL,ideas. furiously regular gifts above the
58752-3,58752,733,30,3,27.00,44110.71,0.01,0.03,R,F,1994-10-31,1994-10-06,1994-11-17,DELIVER IN PERSON,SHIP, haggle carefully agai
58752-4,58752,520,81,4,50.00,71026.00,0.01,0.02,R,F,1994-10-12,1994-09-26,1994-11-02,TAKE BACK RETURN,RAIL,rts. idly ironic packages sleep 
58752-5,58752,528,29,5,13.00,18570.76,0.02,0.02,R,F,1994-10-01,1994-09-17,1994-10-21,TAKE BACK RETURN,TRUCK,old excuses use slyly pending requests. 
58752-6,58752,1741,42,6,38.00,62424.12,0.00,0.06,R,F,1994-08-30,1994-09-26,1994-09-08,DELIVER IN PERSON,REG AIR,r frets cajole bli
58753-1,58753,735,32,1,34.00,55614.82,0.03,0.03,N,O,1996-03-22,1996-03-13,1996-03-23,DELIVER IN PERSON,RAIL,kly regular requests. carefully
58753-2,58753,1272,73,2,14.00,16425.78,0.08,0.07,N,O,1996-04-04,1996-04-14,1996-04-08,TAKE BACK RETURN,FOB,tes boost within the slyly final packag
58753-3,58753,790,23,3,27.00,45651.33,0.00,0.08,N,O,1996-04-01,1996-03-07,1996-04-28,TAKE BACK RETURN,TRUCK,tions are 
58753-4,58753,1776,19,4,15.00,25166.55,0.01,0.06,N,O,1996-03-07,1996-03-04,1996-04-05,DELIVER IN PERSON,TRUCK,luffy theodolites. slyly idle pack
58753-5,58753,364,93,5,6.00,7586.16,0.02,0.06,N,O,1996-05-19,1996-03-24,1996-05-31,TAKE BACK RETURN,RAIL,pendencies alongside of the 
58754-1,58754,994,63,1,43.00,81484.57,0.09,0.03,N,O,1996-04-16,1996-03-27,1996-05-05,COLLECT COD,REG AIR,the furiously express instruc
58754-2,58754,1412,52,2,14.00,18387.74,0.00,0.05,N,O,1996-02-10,1996-03-19,1996-02-15,COLLECT COD,AIR,eposits haggle
58754-3,58754,1954,43,3,40.00,74238.00,0.06,0.01,N,O,1996-02-08,1996-02-22,1996-03-01,COLLECT COD,RAIL,gular packages. pending platelets nag fluff
58754-4,58754,601,64,4,10.00,15016.00,0.01,0.00,N,O,1996-04-18,1996-03-07,1996-05-07,DELIVER IN PERSON,FOB,refully unusual accounts
58754-5,58754,1152,25,5,44.00,46338.60,0.04,0.05,N,O,1996-02-23,1996-02-29,1996-03-16,COLLECT COD,RAIL,s about the even dep
58755-1,58755,218,73,1,10.00,11182.10,0.04,0.00,N,O,1995-12-29,1996-02-27,1996-01-25,TAKE BACK RETURN,AIR, fluffily. stealthily perm
58755-2,58755,1880,24,2,31.00,55238.28,0.02,0.02,N,O,1996-01-16,1996-01-21,1996-01-30,DELIVER IN PERSON,MAIL, carefully 
58755-3,58755,791,88,3,7.00,11842.53,0.04,0.06,N,O,1996-03-10,1996-01-28,1996-03-29,TAKE BACK RETURN,TRUCK,lly unusual packages: regul
58755-4,58755,330,15,4,10.00,12303.30,0.09,0.00,N,O,1996-03-05,1996-01-22,1996-03-18,NONE,MAIL,efully dependencies. ironic
58755-5,58755,1689,72,5,44.00,69989.92,0.08,0.02,N,O,1996-02-17,1996-02-13,1996-03-11,COLLECT COD,REG AIR, forges use blithely-- package
58756-1,58756,1794,95,1,1.00,1695.79,0.08,0.08,N,O,1997-04-03,1997-03-03,1997-04-28,TAKE BACK RETURN,AIR,refully carefully unusual i
58756-2,58756,644,45,2,11.00,16991.04,0.05,0.05,N,O,1997-02-01,1997-04-06,1997-03-01,TAKE BACK RETURN,REG AIR,accounts. fluffily unusual ins
58756-3,58756,1282,20,3,46.00,54430.88,0.01,0.02,N,O,1997-04-20,1997-03-25,1997-05-20,TAKE BACK RETURN,FOB,regular packages. depos
58756-4,58756,1529,10,4,28.00,40054.56,0.06,0.03,N,O,1997-04-20,1997-03-14,1997-05-11,TAKE BACK RETURN,FOB,ealms impress
58756-5,58756,1683,25,5,4.00,6338.72,0.08,0.07,N,O,1997-02-22,1997-04-01,1997-03-23,NONE,FOB, busy deposits. quickly even accounts a
58757-1,58757,307,36,1,1.00,1207.30,0.01,0.07,R,F,1994-03-15,1994-03-16,1994-04-13,NONE,RAIL,y final asymptotes cajole carefu
58757-2,58757,942,43,2,24.00,44230.56,0.07,0.00,A,F,1994-04-08,1994-02-23,1994-04-26,NONE,REG AIR, ironic requests. 
58757-3,58757,932,1,3,5.00,9164.65,0.06,0.04,R,F,1994-03-18,1994-03-19,1994-04-12,TAKE BACK RETURN,REG AIR,y silent ideas cajole quic
58757-4,58757,1145,82,4,43.00,44984.02,0.07,0.00,R,F,1994-05-06,1994-03-15,1994-05-09,TAKE BACK RETURN,TRUCK,egular packages according to
58757-5,58757,1168,41,5,49.00,52388.84,0.03,0.07,A,F,1994-03-25,1994-04-13,1994-04-15,DELIVER IN PERSON,SHIP, across the
58757-6,58757,1564,65,6,38.00,55691.28,0.00,0.05,A,F,1994-01-23,1994-04-06,1994-01-30,COLLECT COD,SHIP,ter the furiously express requ
58757-7,58757,1781,82,7,40.00,67311.20,0.07,0.08,A,F,1994-02-23,1994-03-13,1994-02-25,COLLECT COD,REG AIR,nding packages ar
58758-1,58758,1059,60,1,19.00,18240.95,0.04,0.06,A,F,1993-12-25,1994-01-18,1994-01-21,TAKE BACK RETURN,AIR,iously silent excuses: blithel
58758-2,58758,1861,48,2,45.00,79328.70,0.03,0.06,R,F,1993-12-10,1994-01-30,1993-12-16,DELIVER IN PERSON,TRUCK,after the ex
58759-1,58759,127,28,1,28.00,28759.36,0.02,0.05,A,F,1994-05-07,1994-03-25,1994-05-25,DELIVER IN PERSON,FOB,yly bold dependencies integ
58759-2,58759,1434,13,2,41.00,54752.63,0.04,0.01,A,F,1994-04-27,1994-02-27,1994-04-29,COLLECT COD,MAIL,urts use slyly ironic requests. b
58759-3,58759,393,94,3,9.00,11640.51,0.02,0.01,A,F,1994-04-04,1994-04-05,1994-04-05,COLLECT COD,REG AIR,uests. furiously unusual 
58759-4,58759,1814,44,4,33.00,56621.73,0.07,0.01,A,F,1994-03-09,1994-03-28,1994-04-01,COLLECT COD,RAIL,ven accounts sleep furiously bl
58759-5,58759,226,54,5,47.00,52932.34,0.10,0.07,R,F,1994-02-20,1994-03-19,1994-03-05,COLLECT COD,RAIL, the unusual requests n
58759-6,58759,493,94,6,4.00,5573.96,0.01,0.08,A,F,1994-02-16,1994-04-18,1994-02-24,TAKE BACK RETURN,MAIL,uses. requests are blithely according to t
58759-7,58759,332,33,7,26.00,32040.58,0.01,0.03,R,F,1994-03-25,1994-03-23,1994-03-29,NONE,FOB,o beans was according to the acco
58784-1,58784,87,38,1,31.00,30599.48,0.09,0.06,A,F,1994-02-11,1994-03-10,1994-02-22,TAKE BACK RETURN,RAIL,eas. unusu
58784-2,58784,1747,90,2,37.00,61003.38,0.08,0.05,A,F,1994-01-30,1994-02-25,1994-02-17,NONE,RAIL,cajole; slyl
58784-3,58784,335,92,3,34.00,42001.22,0.05,0.07,R,F,1994-02-25,1994-04-08,1994-03-03,NONE,REG AIR, eat furiously. a
58784-4,58784,650,51,4,9.00,13955.85,0.10,0.00,R,F,1994-05-14,1994-03-09,1994-05-24,NONE,TRUCK,nding theodolites! regu
58784-5,58784,607,70,5,29.00,43720.40,0.03,0.05,A,F,1994-04-23,1994-03-24,1994-05-21,COLLECT COD,RAIL,lly ironic instructions. furious
58784-6,58784,733,34,6,31.00,50645.63,0.10,0.03,R,F,1994-02-08,1994-03-17,1994-02-23,NONE,SHIP,oxes wake blithely regular foxes. sp
58784-7,58784,361,18,7,20.00,25227.20,0.06,0.00,R,F,1994-04-04,1994-03-06,1994-04-27,COLLECT COD,FOB, express foxes. unusual grouches ar
58785-1,58785,482,70,1,33.00,45621.84,0.01,0.06,N,O,1997-05-17,1997-07-07,1997-06-12,NONE,REG AIR, packages nag. fluffily regular foxes caj
58785-2,58785,1726,27,2,5.00,8138.60,0.05,0.05,N,O,1997-04-22,1997-06-10,1997-05-19,COLLECT COD,REG AIR," even, silent packages "
58785-3,58785,588,19,3,18.00,26794.44,0.00,0.04,N,O,1997-06-28,1997-06-21,1997-07-17,NONE,SHIP,ainst the theodolites c
58785-4,58785,188,67,4,7.00,7617.26,0.10,0.02,N,O,1997-05-30,1997-06-23,1997-06-01,COLLECT COD,TRUCK,nts breach according to the bold the
58785-5,58785,1768,69,5,48.00,80148.48,0.06,0.04,N,O,1997-07-31,1997-05-18,1997-08-22,DELIVER IN PERSON,FOB, cajole daringly f
58785-6,58785,1580,1,6,45.00,66671.10,0.04,0.07,N,O,1997-06-23,1997-05-28,1997-07-15,TAKE BACK RETURN,RAIL,luffily above t
58786-1,58786,590,81,1,32.00,47698.88,0.10,0.06,N,O,1996-04-21,1996-05-23,1996-05-06,TAKE BACK RETURN,MAIL,es breach. quickly even requests h
58786-2,58786,893,60,2,30.00,53816.70,0.00,0.08,N,O,1996-04-15,1996-05-16,1996-04-17,DELIVER IN PERSON,SHIP,tructions sleep quickly carefully unusual
58786-3,58786,1078,14,3,24.00,23497.68,0.02,0.04,N,O,1996-05-02,1996-04-20,1996-05-28,DELIVER IN PERSON,REG AIR,gular packages boo
58786-4,58786,909,44,4,47.00,85065.30,0.01,0.07,N,O,1996-06-14,1996-04-21,1996-06-27,COLLECT COD,REG AIR,. foxes after the furiously bold
58786-5,58786,1371,10,5,21.00,26719.77,0.00,0.07,N,O,1996-06-16,1996-04-01,1996-06-17,TAKE BACK RETURN,FOB,"y sly platelets. final, pending theodo"
58786-6,58786,366,51,6,11.00,13929.96,0.04,0.02,N,O,1996-05-19,1996-05-12,1996-06-08,DELIVER IN PERSON,TRUCK, the furiously f
58787-1,58787,1086,87,1,14.00,13819.12,0.06,0.08,N,O,1997-05-01,1997-06-19,1997-05-17,DELIVER IN PERSON,AIR,eep requests. instru
58787-2,58787,659,91,2,28.00,43670.20,0.01,0.04,N,O,1997-07-15,1997-06-10,1997-07-29,NONE,TRUCK, the quickly final 
58787-3,58787,624,18,3,27.00,41164.74,0.00,0.02,N,O,1997-05-19,1997-05-16,1997-05-20,COLLECT COD,TRUCK,lar accounts use finally across the slyly f
58788-1,58788,653,16,1,39.00,60592.35,0.09,0.00,A,F,1993-05-13,1993-04-21,1993-06-05,TAKE BACK RETURN,REG AIR,longside of the re
58788-2,58788,1801,88,2,2.00,3405.60,0.10,0.00,R,F,1993-05-03,1993-04-10,1993-05-15,TAKE BACK RETURN,SHIP,ly ironic packages are
58788-3,58788,1241,79,3,25.00,28556.00,0.03,0.01,R,F,1993-03-11,1993-04-26,1993-03-13,DELIVER IN PERSON,TRUCK,cial deposi
58788-4,58788,1323,24,4,34.00,41626.88,0.09,0.02,R,F,1993-03-30,1993-04-13,1993-04-10,DELIVER IN PERSON,FOB,"he ironic, pending id"
58788-5,58788,1450,68,5,25.00,33786.25,0.03,0.04,A,F,1993-04-08,1993-04-03,1993-04-12,NONE,MAIL,ages cajole sl
58789-1,58789,1110,19,1,20.00,20222.20,0.02,0.01,A,F,1993-11-20,1993-10-21,1993-12-11,TAKE BACK RETURN,AIR,slyly above the slyly final
58789-2,58789,893,27,2,41.00,73549.49,0.07,0.04,A,F,1993-10-23,1993-10-09,1993-11-03,COLLECT COD,RAIL,ffix furiously fur
58789-3,58789,722,87,3,8.00,12981.76,0.08,0.05,A,F,1993-11-25,1993-11-04,1993-12-12,TAKE BACK RETURN,MAIL,ins wake slyly. quickly even p
58789-4,58789,608,71,4,11.00,16594.60,0.04,0.08,A,F,1993-10-24,1993-10-14,1993-11-08,NONE,TRUCK,eposits nag quickly slyly ironic inst
58790-1,58790,462,92,1,3.00,4087.38,0.07,0.05,N,O,1997-11-23,1997-11-23,1997-12-06,COLLECT COD,REG AIR,he bold fret
58790-2,58790,779,80,2,3.00,5039.31,0.05,0.01,N,O,1997-11-27,1997-10-04,1997-12-13,DELIVER IN PERSON,REG AIR,slyly ironic requests. 
58790-3,58790,303,32,3,33.00,39708.90,0.05,0.01,N,O,1997-11-24,1997-11-21,1997-12-20,COLLECT COD,RAIL, ironic multi
58790-4,58790,852,53,4,44.00,77125.40,0.08,0.04,N,O,1997-10-12,1997-10-29,1997-10-27,DELIVER IN PERSON,AIR, carefully regular theodolites. sile
58790-5,58790,1839,69,5,17.00,29594.11,0.08,0.01,N,O,1997-12-17,1997-11-05,1997-12-21,NONE,SHIP,usly final fo
58790-6,58790,1972,5,6,12.00,22487.64,0.04,0.00,N,O,1997-09-01,1997-10-20,1997-09-19,COLLECT COD,RAIL,"he carefully special packages. furious, f"
58790-7,58790,1949,50,7,17.00,31465.98,0.06,0.05,N,O,1997-10-29,1997-10-02,1997-11-11,COLLECT COD,RAIL,inal ideas. boldly dogged deposits prin
58791-1,58791,384,69,1,30.00,38531.40,0.08,0.00,N,O,1996-11-07,1996-10-29,1996-12-02,NONE,SHIP,s cajole against the pinto bea
58791-2,58791,342,43,2,47.00,58389.98,0.10,0.01,N,O,1996-12-24,1996-11-06,1997-01-17,NONE,MAIL, carefully pending deposits 
58791-3,58791,1532,53,3,9.00,12901.77,0.09,0.02,N,O,1996-11-19,1996-10-08,1996-12-18,COLLECT COD,SHIP,he final theodol
58816-1,58816,1518,39,1,26.00,36907.26,0.09,0.04,N,O,1998-04-02,1998-02-15,1998-04-16,COLLECT COD,TRUCK,e the furiousl
58816-2,58816,684,16,2,31.00,49125.08,0.10,0.07,N,O,1998-03-20,1998-03-03,1998-04-10,TAKE BACK RETURN,REG AIR, nag slyly qui
58816-3,58816,669,70,3,47.00,73774.02,0.02,0.04,N,O,1997-12-16,1998-03-11,1997-12-31,TAKE BACK RETURN,AIR,ously. even deposits are bold pa
58816-4,58816,1607,31,4,29.00,43749.40,0.03,0.00,N,O,1998-02-16,1998-03-08,1998-02-17,TAKE BACK RETURN,TRUCK,riously at the expr
58816-5,58816,147,26,5,31.00,32461.34,0.07,0.02,N,O,1998-02-01,1998-03-02,1998-02-24,COLLECT COD,SHIP,"ent, regular asymptotes-"
58816-6,58816,1725,68,6,21.00,34161.12,0.02,0.04,N,O,1997-12-29,1998-03-04,1998-01-21,TAKE BACK RETURN,MAIL,lyly ironic deposits are bold accounts. un
58816-7,58816,1437,38,7,30.00,40152.90,0.09,0.06,N,O,1997-12-14,1998-03-06,1998-01-08,TAKE BACK RETURN,FOB,cajole car
58817-1,58817,1148,57,1,26.00,27277.64,0.01,0.04,R,F,1995-05-25,1995-03-25,1995-06-05,NONE,MAIL," final requests nag. final, final requ"
58818-1,58818,782,83,1,38.00,63945.64,0.01,0.08,R,F,1994-06-12,1994-06-27,1994-06-22,NONE,FOB,gularly ironic instructions. specia
58818-2,58818,1916,49,2,25.00,45447.75,0.04,0.03,R,F,1994-06-07,1994-06-15,1994-06-10,COLLECT COD,AIR,ns sleep fluffily. fluff
58818-3,58818,454,13,3,5.00,6772.25,0.03,0.00,R,F,1994-07-05,1994-05-21,1994-07-22,DELIVER IN PERSON,REG AIR,uests. blit
58818-4,58818,646,78,4,34.00,52585.76,0.01,0.00,A,F,1994-07-01,1994-06-04,1994-07-15,TAKE BACK RETURN,MAIL,c accounts cajole quic
58818-5,58818,1930,31,5,48.00,87932.64,0.08,0.06,R,F,1994-05-29,1994-06-19,1994-06-14,NONE,MAIL,s. carefully pending platelets n
58818-6,58818,287,42,6,19.00,22558.32,0.10,0.01,R,F,1994-05-28,1994-06-17,1994-06-14,COLLECT COD,FOB,the carefully unusual pinto
58819-1,58819,1227,65,1,49.00,55282.78,0.09,0.07,A,F,1993-07-16,1993-08-18,1993-08-05,COLLECT COD,RAIL,c packages are among 
58819-2,58819,1509,90,2,42.00,59241.00,0.04,0.06,A,F,1993-08-02,1993-08-19,1993-08-12,TAKE BACK RETURN,MAIL,olites. regular accounts maintain furio
58819-3,58819,882,83,3,44.00,78446.72,0.09,0.04,A,F,1993-07-29,1993-08-20,1993-08-24,COLLECT COD,MAIL,he blithely fluffy ideas. 
58819-4,58819,189,42,4,32.00,34853.76,0.00,0.02,R,F,1993-07-18,1993-09-07,1993-08-12,NONE,AIR, regular packages 
58819-5,58819,1181,82,5,23.00,24890.14,0.01,0.00,R,F,1993-09-27,1993-08-16,1993-10-12,DELIVER IN PERSON,FOB,cross the regular pin
58819-6,58819,1454,94,6,37.00,50151.65,0.01,0.00,R,F,1993-10-09,1993-07-21,1993-11-02,COLLECT COD,REG AIR,s sleep among the ironic accoun
58820-1,58820,1235,73,1,33.00,37495.59,0.08,0.02,R,F,1993-05-26,1993-04-12,1993-06-01,NONE,RAIL,ts. furiou
58820-2,58820,438,97,2,5.00,6692.15,0.10,0.05,R,F,1993-04-30,1993-04-20,1993-05-22,DELIVER IN PERSON,TRUCK, have to are blithely fluffily final acc
58820-3,58820,1129,66,3,35.00,36054.20,0.04,0.07,A,F,1993-04-03,1993-04-08,1993-04-11,NONE,TRUCK,"final, ironic dolphins;"
58820-4,58820,755,88,4,14.00,23180.50,0.02,0.05,R,F,1993-05-07,1993-04-08,1993-05-27,COLLECT COD,AIR,somas serve furiously careful
58821-1,58821,1427,67,1,31.00,41181.02,0.10,0.07,R,F,1993-06-04,1993-03-16,1993-06-21,NONE,SHIP,lyly special packages are alon
58821-2,58821,1011,17,2,4.00,3648.04,0.00,0.04,R,F,1993-06-01,1993-04-03,1993-06-03,TAKE BACK RETURN,TRUCK,lites cajole furio
58821-3,58821,121,100,3,36.00,36760.32,0.05,0.02,R,F,1993-02-27,1993-05-11,1993-03-25,COLLECT COD,RAIL,blithely special dolphins
58822-1,58822,703,100,1,40.00,64148.00,0.07,0.05,N,O,1995-11-02,1995-11-11,1995-11-18,DELIVER IN PERSON,FOB,y regular asymptote
58822-2,58822,109,88,2,27.00,27245.70,0.01,0.08,N,O,1995-09-18,1995-09-29,1995-10-09,TAKE BACK RETURN,RAIL,"c, ironic requests. carefully da"
58823-1,58823,594,85,1,29.00,43343.11,0.00,0.03,N,O,1996-11-14,1996-11-23,1996-12-02,TAKE BACK RETURN,RAIL,s. bold requests affix carefully acro
58823-2,58823,375,4,2,39.00,49739.43,0.05,0.03,N,O,1997-01-16,1996-12-10,1997-01-31,COLLECT COD,SHIP, accounts. ironi
58823-3,58823,547,38,3,17.00,24608.18,0.09,0.01,N,O,1996-10-07,1996-10-27,1996-11-03,NONE,RAIL,even pains haggle slyly. 
58848-1,58848,521,12,1,14.00,19901.28,0.05,0.00,A,F,1993-09-15,1993-11-06,1993-10-01,COLLECT COD,REG AIR,unts cajole bravel
58848-2,58848,631,94,2,4.00,6126.52,0.09,0.08,R,F,1993-11-01,1993-11-29,1993-11-29,COLLECT COD,MAIL,s haggle slyly above the ideas-- 
58848-3,58848,474,75,3,1.00,1374.47,0.04,0.07,A,F,1993-09-18,1993-10-25,1993-10-18,DELIVER IN PERSON,MAIL,arefully express pint
58848-4,58848,454,13,4,49.00,66368.05,0.01,0.05,R,F,1993-10-06,1993-10-04,1993-10-08,COLLECT COD,SHIP,leep slyly about the slyly pendin
58848-5,58848,621,15,5,25.00,38040.50,0.03,0.05,R,F,1993-09-16,1993-12-01,1993-10-09,NONE,AIR,ake-- ideas print. carefully regular accou
58848-6,58848,1082,53,6,4.00,3932.32,0.08,0.08,A,F,1993-12-20,1993-11-22,1994-01-19,NONE,TRUCK,nts cajole fluffily. even packages abo
58849-1,58849,455,56,1,50.00,67772.50,0.02,0.08,R,F,1994-07-19,1994-07-13,1994-08-02,TAKE BACK RETURN,RAIL,ely carefully silent re
58849-2,58849,1496,97,2,13.00,18167.37,0.08,0.00,R,F,1994-06-02,1994-06-11,1994-06-22,NONE,FOB,luffily final r
58849-3,58849,1422,40,3,29.00,38379.18,0.10,0.03,R,F,1994-05-25,1994-07-27,1994-06-14,COLLECT COD,FOB,ffily dogged ideas. ironic packages
58849-4,58849,232,14,4,36.00,40760.28,0.00,0.00,R,F,1994-08-07,1994-07-14,1994-08-09,COLLECT COD,SHIP,ly carefully regu
58850-1,58850,1306,83,1,21.00,25353.30,0.03,0.00,N,O,1997-04-05,1997-03-09,1997-04-13,TAKE BACK RETURN,AIR,inst the final deposits. quickl
58851-1,58851,947,48,1,47.00,86853.18,0.07,0.01,A,F,1993-07-26,1993-09-06,1993-08-06,NONE,TRUCK,es cajole upon t
58851-2,58851,662,25,2,44.00,68757.04,0.05,0.07,R,F,1993-08-28,1993-08-31,1993-08-29,COLLECT COD,TRUCK,y express deposits haggle. furiousl
58851-3,58851,1633,57,3,17.00,26088.71,0.09,0.06,A,F,1993-06-10,1993-08-15,1993-07-06,DELIVER IN PERSON,REG AIR,ave to boost after the
58851-4,58851,334,35,4,34.00,41967.22,0.06,0.04,R,F,1993-07-28,1993-08-09,1993-08-24,NONE,AIR,s. quickly regular
58851-5,58851,1556,57,5,36.00,52471.80,0.01,0.05,R,F,1993-09-25,1993-08-25,1993-10-23,COLLECT COD,SHIP,usual asymptotes agai
58851-6,58851,1852,53,6,13.00,22800.05,0.01,0.08,A,F,1993-07-27,1993-08-31,1993-08-07,DELIVER IN PERSON,FOB,ing dependencies are slyly unus
58852-1,58852,45,96,1,1.00,945.04,0.10,0.08,N,O,1998-07-18,1998-07-08,1998-08-02,NONE,SHIP,ffy pinto beans are fluff
58852-2,58852,190,17,2,33.00,35976.27,0.06,0.05,N,O,1998-09-06,1998-07-08,1998-09-19,DELIVER IN PERSON,MAIL,heodolites.
58853-1,58853,310,11,1,32.00,38729.92,0.03,0.06,A,F,1992-08-27,1992-07-16,1992-09-02,DELIVER IN PERSON,REG AIR, furiously unusual
58854-1,58854,1624,7,1,37.00,56447.94,0.09,0.02,A,F,1993-04-28,1993-06-05,1993-05-14,NONE,RAIL,s. careful
58854-2,58854,229,11,2,39.00,44039.58,0.06,0.00,A,F,1993-06-23,1993-06-22,1993-06-29,TAKE BACK RETURN,RAIL,according to the quickly special
58854-3,58854,1471,50,3,45.00,61761.15,0.03,0.07,A,F,1993-05-11,1993-07-01,1993-05-25,DELIVER IN PERSON,RAIL,ndencies. slyly dogged pac
58854-4,58854,1475,54,4,5.00,6882.35,0.06,0.05,A,F,1993-07-12,1993-06-27,1993-07-24,TAKE BACK RETURN,REG AIR,ing packages after
58854-5,58854,851,51,5,42.00,73577.70,0.05,0.07,R,F,1993-08-01,1993-06-20,1993-08-21,DELIVER IN PERSON,RAIL,xes along the unusual theodolite
58855-1,58855,218,73,1,36.00,40255.56,0.05,0.01,A,F,1994-02-12,1993-12-03,1994-03-08,DELIVER IN PERSON,MAIL,s sleep fluffily. pen
58855-2,58855,1828,58,2,27.00,46705.14,0.05,0.03,R,F,1993-12-23,1993-12-21,1994-01-17,NONE,AIR,ding to the slyly express saute
58880-1,58880,709,42,1,48.00,77265.60,0.00,0.00,A,F,1995-02-24,1995-02-12,1995-03-21,NONE,RAIL,gged instructions. i
58880-2,58880,1549,30,2,12.00,17406.48,0.04,0.07,A,F,1995-04-07,1995-02-07,1995-04-27,NONE,RAIL,ular deposits poach carefully. fina
58880-3,58880,1383,98,3,19.00,24403.22,0.08,0.01,A,F,1995-05-09,1995-02-19,1995-05-24,COLLECT COD,MAIL,efully special pinto be
58880-4,58880,992,27,4,47.00,88970.53,0.09,0.03,R,F,1995-02-14,1995-03-14,1995-03-15,NONE,FOB,"ng, regular i"
58881-1,58881,980,81,1,24.00,45143.52,0.06,0.02,N,O,1996-05-14,1996-04-29,1996-05-17,COLLECT COD,SHIP,s according to the fluffily ironic court
58881-2,58881,1597,18,2,48.00,71932.32,0.05,0.05,N,O,1996-04-12,1996-05-18,1996-04-30,COLLECT COD,RAIL,ffily around the slyly bold dependenc
58881-3,58881,397,82,3,48.00,62274.72,0.06,0.05,N,O,1996-05-23,1996-05-24,1996-06-14,COLLECT COD,TRUCK,eep quickly. pinto b
58881-4,58881,1724,9,4,17.00,27637.24,0.10,0.06,N,O,1996-04-17,1996-05-21,1996-05-05,COLLECT COD,REG AIR,ar requests. furiously regular deposits 
58881-5,58881,1899,86,5,46.00,82840.94,0.04,0.04,N,O,1996-04-30,1996-05-23,1996-05-10,NONE,FOB,nic accounts cajole against the regu
58881-6,58881,394,95,6,13.00,16827.07,0.01,0.06,N,O,1996-04-20,1996-04-29,1996-04-26,NONE,TRUCK,y regular dependencies. always b
58881-7,58881,201,83,7,9.00,9910.80,0.04,0.00,N,O,1996-05-25,1996-05-04,1996-06-22,COLLECT COD,MAIL,eas detect among the carefully even idea
58882-1,58882,1318,95,1,2.00,2438.62,0.05,0.05,A,F,1994-04-17,1994-05-11,1994-04-19,DELIVER IN PERSON,FOB,cross the regular 
58882-2,58882,390,47,2,21.00,27098.19,0.05,0.06,R,F,1994-06-01,1994-06-05,1994-06-30,NONE,TRUCK,ptotes. regular pinto beans boost
58883-1,58883,1693,76,1,46.00,73355.74,0.07,0.07,A,F,1992-12-07,1992-10-04,1992-12-15,COLLECT COD,SHIP,es. slyly ironic deposits 
58883-2,58883,1096,2,2,9.00,8973.81,0.03,0.08,R,F,1992-11-05,1992-09-14,1992-11-22,NONE,REG AIR,uriously final instructions. packages hin
58883-3,58883,1268,43,3,31.00,36247.06,0.08,0.02,A,F,1992-11-07,1992-10-08,1992-11-09,COLLECT COD,SHIP,ons detect along the pinto beans. bold th
58883-4,58883,452,53,4,29.00,39221.05,0.10,0.03,A,F,1992-11-07,1992-10-13,1992-11-21,TAKE BACK RETURN,TRUCK,maintain. q
58883-5,58883,1148,21,5,12.00,12589.68,0.04,0.07,R,F,1992-11-26,1992-10-10,1992-12-20,TAKE BACK RETURN,SHIP,riously regular instructio
58883-6,58883,783,16,6,17.00,28624.26,0.03,0.04,A,F,1992-12-08,1992-09-16,1992-12-17,NONE,FOB,"ar, final esca"
58883-7,58883,601,64,7,30.00,45048.00,0.04,0.00,A,F,1992-08-27,1992-09-20,1992-09-17,DELIVER IN PERSON,MAIL,the carefully regu
58884-1,58884,96,47,1,20.00,19921.80,0.10,0.04,A,F,1995-03-23,1995-06-09,1995-04-19,DELIVER IN PERSON,RAIL,lithely ironic dolphins-- f
58884-2,58884,413,1,2,45.00,59103.45,0.09,0.05,A,F,1995-06-15,1995-05-05,1995-06-17,DELIVER IN PERSON,AIR,ly even theodo
58884-3,58884,1879,23,3,8.00,14246.96,0.08,0.01,R,F,1995-03-23,1995-05-27,1995-04-10,DELIVER IN PERSON,FOB,y bold pinto
58884-4,58884,450,38,4,7.00,9453.15,0.08,0.04,A,F,1995-05-26,1995-06-01,1995-06-12,DELIVER IN PERSON,SHIP, carefully regular platelets sleep 
58885-1,58885,1181,18,1,5.00,5410.90,0.01,0.01,A,F,1994-09-20,1994-10-23,1994-09-27,COLLECT COD,FOB,", pending theodolites? ca"
58885-2,58885,927,28,2,27.00,49353.84,0.07,0.02,R,F,1994-11-03,1994-10-03,1994-12-03,TAKE BACK RETURN,REG AIR,usual dependencies s
58885-3,58885,575,66,3,31.00,45742.67,0.01,0.04,A,F,1994-10-06,1994-10-02,1994-10-26,DELIVER IN PERSON,TRUCK,oost. carefully regular instructions
58885-4,58885,371,100,4,41.00,52126.17,0.06,0.03,A,F,1994-09-16,1994-10-02,1994-10-14,NONE,MAIL,ffily express deposits integrate. f
58885-5,58885,927,30,5,36.00,65805.12,0.01,0.08,R,F,1994-10-06,1994-10-31,1994-10-18,TAKE BACK RETURN,SHIP, asymptotes engage. fluffily regular requ
58885-6,58885,1061,62,6,44.00,42330.64,0.04,0.08,A,F,1994-09-04,1994-10-27,1994-10-02,TAKE BACK RETURN,TRUCK,nding requests. carefully express asymptot
58885-7,58885,44,95,7,2.00,1888.08,0.08,0.06,A,F,1994-09-07,1994-10-02,1994-09-30,COLLECT COD,MAIL,tructions sleep carefully. slyly silent
58886-1,58886,1060,61,1,25.00,24026.50,0.02,0.02,N,O,1996-08-03,1996-10-12,1996-08-31,DELIVER IN PERSON,MAIL,ng the express asymptotes slee
58886-2,58886,1837,81,2,34.00,59120.22,0.07,0.05,N,O,1996-08-26,1996-10-05,1996-09-22,TAKE BACK RETURN,SHIP,"en platelets cajole. special, unusu"
58886-3,58886,989,24,3,42.00,79379.16,0.01,0.07,N,O,1996-09-08,1996-09-17,1996-09-27,NONE,MAIL,cajole quietly amon
58887-1,58887,665,66,1,31.00,48535.46,0.05,0.00,N,O,1997-01-29,1997-01-08,1997-02-06,COLLECT COD,MAIL,". express, special ideas nag furiously"
58887-2,58887,1997,98,2,29.00,55070.71,0.09,0.06,N,O,1997-01-10,1997-01-18,1997-01-18,NONE,MAIL," express foxes-- regular, fluffy p"
58887-3,58887,761,58,3,16.00,26588.16,0.05,0.06,N,O,1997-02-02,1996-12-03,1997-02-08,TAKE BACK RETURN,FOB, throughout the quickly unusual pi
58887-4,58887,1709,36,4,8.00,12885.60,0.06,0.00,N,O,1997-01-21,1996-12-02,1997-02-12,DELIVER IN PERSON,RAIL, final theodolites wake slyly after the
58912-1,58912,899,100,1,27.00,48597.03,0.01,0.08,N,O,1997-10-19,1997-11-04,1997-11-01,DELIVER IN PERSON,REG AIR,nt requests cajole blithe
58912-2,58912,519,10,2,18.00,25551.18,0.03,0.08,N,O,1997-12-20,1997-11-30,1998-01-17,DELIVER IN PERSON,AIR,ing pinto beans 
58912-3,58912,495,54,3,40.00,55819.60,0.06,0.05,N,O,1997-12-20,1997-12-03,1998-01-12,NONE,FOB,carefully pendi
58912-4,58912,1276,88,4,26.00,30609.02,0.06,0.04,N,O,1997-11-27,1997-10-27,1997-12-17,COLLECT COD,TRUCK,ounts: furiously even requests wake fur
58913-1,58913,945,80,1,28.00,51686.32,0.02,0.02,A,F,1993-05-26,1993-07-07,1993-06-04,COLLECT COD,TRUCK,osits. carefully express deposi
58913-2,58913,1961,6,2,20.00,37259.20,0.06,0.00,A,F,1993-07-30,1993-07-23,1993-08-02,DELIVER IN PERSON,RAIL,st fluffily eve
58913-3,58913,741,42,3,16.00,26267.84,0.07,0.05,R,F,1993-09-04,1993-07-04,1993-09-11,NONE,AIR,fully bold accounts nag. special pac
58913-4,58913,419,49,4,26.00,34304.66,0.04,0.05,R,F,1993-05-30,1993-07-31,1993-05-31,NONE,FOB,are behind the special p
58913-5,58913,1677,1,5,27.00,42624.09,0.09,0.02,R,F,1993-05-26,1993-08-05,1993-06-24,NONE,TRUCK,blithely furiously caref
58913-6,58913,223,78,6,44.00,49421.68,0.02,0.03,A,F,1993-07-07,1993-08-03,1993-07-27,TAKE BACK RETURN,AIR,slyly final deposits nag quickly accordin
58914-1,58914,1805,49,1,37.00,63151.60,0.05,0.03,R,F,1994-05-15,1994-06-11,1994-06-12,COLLECT COD,REG AIR,es boost slyly slyly regul
58914-2,58914,1043,79,2,29.00,27377.16,0.02,0.02,R,F,1994-08-04,1994-05-17,1994-08-11,TAKE BACK RETURN,FOB,s about the blit
58914-3,58914,247,29,3,38.00,43595.12,0.01,0.06,A,F,1994-07-13,1994-06-28,1994-08-05,NONE,REG AIR,the ruthlessly regular dependencies inte
58914-4,58914,1688,30,4,38.00,60407.84,0.03,0.00,R,F,1994-05-20,1994-05-24,1994-06-16,COLLECT COD,AIR,ully. blithely
58914-5,58914,574,35,5,46.00,67830.22,0.06,0.06,R,F,1994-05-14,1994-06-28,1994-06-11,NONE,MAIL,ously regular theodolites. slyly regu
58915-1,58915,1713,56,1,31.00,50056.01,0.09,0.03,A,F,1992-04-14,1992-02-20,1992-04-17,TAKE BACK RETURN,SHIP,s. slyly expr
58915-2,58915,813,13,2,27.00,46272.87,0.03,0.01,R,F,1992-05-07,1992-03-08,1992-05-15,DELIVER IN PERSON,REG AIR,"cuses. ironic, regular req"
58915-3,58915,1632,15,3,40.00,61345.20,0.07,0.08,R,F,1992-01-27,1992-03-13,1992-02-20,NONE,FOB,odolites beyond t
58916-1,58916,1540,61,1,46.00,66310.84,0.03,0.08,N,O,1997-05-17,1997-04-20,1997-05-30,COLLECT COD,TRUCK,ctions. carefully fi
58916-2,58916,614,8,2,21.00,31806.81,0.01,0.08,N,O,1997-02-16,1997-04-23,1997-03-07,NONE,RAIL,"s wake carefully ironic, p"
58916-3,58916,378,35,3,12.00,15340.44,0.05,0.02,N,O,1997-01-26,1997-03-27,1997-02-09,COLLECT COD,MAIL, are. slyl
58916-4,58916,2000,1,4,23.00,20746.00,0.08,0.06,N,O,1997-03-19,1997-04-06,1997-04-10,COLLECT COD,REG AIR, even accounts wak
58916-5,58916,501,2,5,18.00,25227.00,0.04,0.01,N,O,1997-02-04,1997-03-06,1997-02-08,TAKE BACK RETURN,TRUCK,ns sleep carefully after th
58916-6,58916,1354,31,6,41.00,51469.35,0.05,0.03,N,O,1997-03-28,1997-02-22,1997-04-24,NONE,TRUCK,r the sile
58917-1,58917,31,32,1,30.00,27930.90,0.04,0.01,A,F,1992-04-04,1992-05-22,1992-04-05,COLLECT COD,MAIL,ly special excuses wake qu
58917-2,58917,960,29,2,6.00,11165.76,0.02,0.07,R,F,1992-03-06,1992-05-06,1992-03-09,DELIVER IN PERSON,SHIP,re blithely. bl
58917-3,58917,542,73,3,30.00,43276.20,0.00,0.04,R,F,1992-04-20,1992-04-10,1992-05-19,DELIVER IN PERSON,SHIP,sits. slyly bold requests wake fluf
58917-4,58917,1125,34,4,6.00,6156.72,0.02,0.05,A,F,1992-05-24,1992-05-01,1992-06-19,TAKE BACK RETURN,REG AIR,"es haggle regular, ironic requests."
58917-5,58917,388,17,5,4.00,5153.52,0.09,0.01,A,F,1992-03-22,1992-05-20,1992-03-25,DELIVER IN PERSON,REG AIR,usly regular courts. carefully ironic depos
58918-1,58918,787,84,1,6.00,10126.68,0.05,0.01,A,F,1994-10-06,1994-08-09,1994-11-02,COLLECT COD,TRUCK,hely silent asymptotes
58919-1,58919,559,20,1,6.00,8757.30,0.06,0.00,N,O,1996-12-13,1996-12-12,1996-12-21,DELIVER IN PERSON,AIR, blithely against the quickly r
58919-2,58919,1946,35,2,3.00,5543.82,0.10,0.00,N,O,1997-01-16,1996-12-12,1997-01-30,DELIVER IN PERSON,FOB,osits haggle quietly. furiously
58919-3,58919,34,10,3,17.00,15878.51,0.03,0.08,N,O,1997-02-05,1997-01-08,1997-03-07,COLLECT COD,FOB,ously about the fluffily sil
58919-4,58919,1282,20,4,14.00,16565.92,0.05,0.07,N,O,1997-01-16,1997-01-15,1997-02-12,TAKE BACK RETURN,FOB,uickly express fox
58919-5,58919,1442,82,5,16.00,21495.04,0.03,0.00,N,O,1996-12-20,1997-01-17,1997-01-08,TAKE BACK RETURN,REG AIR,n deposits. qu
58919-6,58919,191,18,6,42.00,45829.98,0.10,0.04,N,O,1996-11-03,1996-12-14,1996-11-04,NONE,TRUCK,ests about the regularly unusual requests s
58944-1,58944,168,69,1,41.00,43794.56,0.05,0.06,R,F,1994-07-19,1994-07-10,1994-08-15,DELIVER IN PERSON,TRUCK, deposits are along the express ac
58945-1,58945,1576,17,1,33.00,48759.81,0.01,0.06,N,O,1998-01-24,1997-12-18,1998-02-12,COLLECT COD,MAIL,. quickly ironi
58945-2,58945,1667,9,2,15.00,23529.90,0.07,0.01,N,O,1997-11-24,1997-12-28,1997-12-06,NONE,RAIL,he blithely unusual 
58945-3,58945,1562,83,3,40.00,58542.40,0.02,0.05,N,O,1997-11-30,1998-01-10,1997-12-05,TAKE BACK RETURN,TRUCK,gular foxes according to th
58946-1,58946,1508,29,1,46.00,64837.00,0.10,0.05,N,O,1998-03-14,1998-03-14,1998-03-23,DELIVER IN PERSON,RAIL,ay furiousl
58946-2,58946,1489,29,2,33.00,45885.84,0.04,0.01,N,O,1998-02-27,1998-03-16,1998-03-19,DELIVER IN PERSON,RAIL,ously about the carefull
58946-3,58946,1674,98,3,15.00,23635.05,0.00,0.00,N,O,1998-03-23,1998-03-15,1998-04-07,NONE,RAIL,t above the deposits. fu
58946-4,58946,1309,24,4,26.00,31467.80,0.09,0.04,N,O,1998-03-05,1998-03-26,1998-03-09,NONE,AIR,onic forges
58946-5,58946,1679,3,5,50.00,79033.50,0.04,0.01,N,O,1998-04-11,1998-04-01,1998-04-20,TAKE BACK RETURN,FOB,gouts. furiously silent foxe
58946-6,58946,625,88,6,6.00,9153.72,0.03,0.07,N,O,1998-03-24,1998-03-29,1998-04-20,TAKE BACK RETURN,FOB,ometimes even de
58946-7,58946,524,25,7,6.00,8547.12,0.00,0.08,N,O,1998-04-12,1998-02-18,1998-04-29,NONE,MAIL,"en, final deposits wake express packages."
58947-1,58947,1314,91,1,13.00,15799.03,0.01,0.01,N,O,1996-01-26,1995-10-27,1996-02-19,DELIVER IN PERSON,SHIP," ironic, final deposits sleep careful"
58947-2,58947,395,24,2,6.00,7772.34,0.03,0.06,N,O,1995-10-07,1995-11-27,1995-10-22,TAKE BACK RETURN,SHIP,usual courts nag slyly. furious
58947-3,58947,1311,50,3,6.00,7273.86,0.03,0.01,N,O,1996-01-01,1995-11-17,1996-01-23,NONE,AIR, excuses. blithely b
58947-4,58947,819,53,4,50.00,85990.50,0.06,0.00,N,O,1995-12-20,1995-12-20,1995-12-27,DELIVER IN PERSON,SHIP,ost slyly. e
58947-5,58947,1471,50,5,38.00,52153.86,0.10,0.08,N,O,1995-10-13,1995-10-27,1995-11-12,NONE,TRUCK, affix quick
58947-6,58947,341,42,6,8.00,9930.72,0.10,0.01,N,O,1996-01-20,1995-11-21,1996-01-29,TAKE BACK RETURN,RAIL,out the bold pinto bea
58947-7,58947,879,46,7,43.00,76534.41,0.00,0.03,N,O,1995-11-13,1995-12-02,1995-12-12,TAKE BACK RETURN,MAIL,ironic foxes. slyly ironic 
58948-1,58948,939,8,1,24.00,44158.32,0.01,0.02,N,O,1997-01-25,1997-01-25,1997-02-24,DELIVER IN PERSON,FOB,iously regu
58948-2,58948,143,70,2,50.00,52157.00,0.06,0.00,N,O,1996-11-05,1996-12-11,1996-12-02,COLLECT COD,REG AIR,r accounts cajole blithel
58948-3,58948,1791,92,3,15.00,25391.85,0.08,0.01,N,O,1997-03-02,1997-01-15,1997-03-22,DELIVER IN PERSON,MAIL,to the slyl
58948-4,58948,140,41,4,34.00,35364.76,0.06,0.00,N,O,1996-12-08,1997-01-09,1996-12-21,COLLECT COD,FOB,quests solve. carefully bold requests lose 
58948-5,58948,1894,24,5,5.00,8979.45,0.08,0.02,N,O,1997-01-16,1996-12-02,1997-01-28,COLLECT COD,REG AIR,sly regular 
58949-1,58949,770,67,1,42.00,70172.34,0.07,0.02,R,F,1993-03-06,1993-02-03,1993-03-17,COLLECT COD,MAIL,s! fluffily bold dependen
58949-2,58949,444,45,2,12.00,16133.28,0.05,0.06,R,F,1993-03-27,1993-02-16,1993-04-23,COLLECT COD,RAIL, even accounts. 
58949-3,58949,1887,17,3,6.00,10733.28,0.02,0.03,R,F,1993-04-01,1993-01-23,1993-04-09,COLLECT COD,REG AIR,among the 
58949-4,58949,493,81,4,39.00,54346.11,0.03,0.06,R,F,1992-12-20,1993-01-27,1992-12-28,NONE,AIR, unusual tithes integ
58949-5,58949,1078,79,5,15.00,14686.05,0.06,0.04,R,F,1993-04-06,1993-02-24,1993-05-01,NONE,FOB,ously according to the slyly express a
58949-6,58949,1882,12,6,14.00,24974.32,0.02,0.08,A,F,1993-01-21,1993-03-14,1993-01-25,COLLECT COD,REG AIR,along the quickly regular acc
58949-7,58949,1537,38,7,49.00,70487.97,0.04,0.07,R,F,1993-03-27,1993-03-14,1993-04-13,NONE,TRUCK,ounts. bold depths haggle. 
58950-1,58950,1015,21,1,39.00,35724.39,0.02,0.01,R,F,1994-08-07,1994-07-08,1994-09-05,TAKE BACK RETURN,MAIL, the carefully ironic accounts
58950-2,58950,1120,21,2,47.00,47992.64,0.06,0.00,R,F,1994-05-15,1994-06-08,1994-05-19,TAKE BACK RETURN,FOB,es boost c
58951-1,58951,1421,22,1,21.00,27770.82,0.04,0.05,N,O,1998-01-14,1998-02-16,1998-02-10,DELIVER IN PERSON,RAIL,ing to the exp
58951-2,58951,1441,81,2,25.00,33561.00,0.02,0.06,N,O,1998-02-01,1998-01-11,1998-02-14,TAKE BACK RETURN,AIR,g the blithely final packa
58951-3,58951,275,76,3,19.00,22330.13,0.05,0.05,N,O,1998-03-15,1998-01-07,1998-04-02,COLLECT COD,RAIL,ily slyly pending accounts: slyly expr
58976-1,58976,1586,87,1,28.00,41652.24,0.01,0.03,R,F,1993-12-28,1994-02-17,1994-01-17,COLLECT COD,MAIL,th the fin
58976-2,58976,1163,36,2,28.00,29796.48,0.05,0.01,A,F,1993-11-30,1994-02-24,1993-12-14,COLLECT COD,RAIL, final packages integrate slyly. furious
58977-1,58977,431,32,1,6.00,7988.58,0.09,0.01,A,F,1994-12-21,1995-01-03,1994-12-26,DELIVER IN PERSON,AIR,lly express ide
58977-2,58977,1614,15,2,23.00,34859.03,0.05,0.01,A,F,1995-02-04,1995-01-05,1995-02-12,COLLECT COD,REG AIR,equests haggle furiously bl
58978-1,58978,208,90,1,33.00,36570.60,0.10,0.01,A,F,1992-02-29,1992-04-22,1992-03-10,NONE,RAIL,sly ironic theodolites
58978-2,58978,1195,96,2,13.00,14250.47,0.07,0.04,A,F,1992-03-02,1992-04-01,1992-03-06,COLLECT COD,RAIL,ly fluffily unusual foxes. 
58978-3,58978,1715,58,3,5.00,8083.55,0.10,0.05,R,F,1992-03-09,1992-03-17,1992-03-26,NONE,TRUCK,y. final requests acco
58978-4,58978,1379,56,4,11.00,14084.07,0.04,0.07,R,F,1992-04-03,1992-03-09,1992-04-20,TAKE BACK RETURN,RAIL,"rding to the idle, sp"
58978-5,58978,1690,91,5,42.00,66850.98,0.06,0.02,R,F,1992-03-15,1992-03-21,1992-04-01,COLLECT COD,AIR,r requests are furiously even braids
58978-6,58978,996,99,6,24.00,45527.76,0.07,0.01,A,F,1992-04-20,1992-04-01,1992-05-17,NONE,FOB,accounts shal
58979-1,58979,1251,63,1,44.00,50699.00,0.10,0.07,N,O,1997-10-25,1997-09-15,1997-11-22,TAKE BACK RETURN,MAIL,fully final accounts. carefully regular ide
58979-2,58979,343,28,2,17.00,21136.78,0.08,0.05,N,O,1997-07-10,1997-09-03,1997-08-01,COLLECT COD,REG AIR, accounts against the f
58980-1,58980,742,75,1,36.00,59138.64,0.09,0.00,A,F,1994-12-23,1995-01-19,1994-12-26,NONE,FOB,"he regular, "
58980-2,58980,964,65,2,37.00,69003.52,0.00,0.08,R,F,1995-03-03,1995-01-06,1995-03-31,DELIVER IN PERSON,SHIP,ironic orbit
58981-1,58981,1804,48,1,11.00,18763.80,0.10,0.06,A,F,1995-04-26,1995-03-26,1995-05-06,TAKE BACK RETURN,FOB,y finally pending ideas? f
58981-2,58981,1357,58,2,32.00,40267.20,0.03,0.08,A,F,1995-04-18,1995-03-31,1995-04-27,NONE,FOB,s nag. blithely unusual accounts wake 
58982-1,58982,1609,51,1,20.00,30212.00,0.08,0.00,N,O,1998-04-17,1998-04-23,1998-05-01,TAKE BACK RETURN,REG AIR,xpress packages detect. bold packages a
58982-2,58982,108,35,2,40.00,40324.00,0.02,0.04,N,O,1998-05-26,1998-05-15,1998-06-25,DELIVER IN PERSON,MAIL,quickly silent platelets: pinto be
58983-1,58983,608,9,1,8.00,12068.80,0.09,0.06,N,O,1997-05-17,1997-04-23,1997-05-31,COLLECT COD,RAIL,eposits. deposits ar
58983-2,58983,1015,21,2,33.00,30228.33,0.08,0.07,N,O,1997-02-13,1997-03-08,1997-03-02,DELIVER IN PERSON,MAIL,d ideas. theodolites nag sl
58983-3,58983,891,25,3,26.00,46589.14,0.02,0.08,N,O,1997-04-17,1997-04-11,1997-04-23,TAKE BACK RETURN,REG AIR,s cajole s
58983-4,58983,1351,90,4,26.00,32561.10,0.03,0.08,N,O,1997-04-21,1997-04-04,1997-04-22,COLLECT COD,REG AIR,"sely even ideas. even, even deposi"
58983-5,58983,47,48,5,4.00,3788.16,0.03,0.01,N,O,1997-04-18,1997-03-26,1997-05-15,DELIVER IN PERSON,FOB,ions wake pe
58983-6,58983,876,77,6,8.00,14214.96,0.03,0.08,N,O,1997-03-21,1997-04-06,1997-04-10,COLLECT COD,AIR,breach above the fluffily sp
58983-7,58983,1069,75,7,30.00,29101.80,0.02,0.03,N,O,1997-03-18,1997-03-24,1997-04-10,DELIVER IN PERSON,AIR,ep blithely fur
59008-1,59008,1858,59,1,48.00,84472.80,0.02,0.02,A,F,1993-12-21,1993-11-20,1993-12-30,COLLECT COD,FOB,r the pending deposits. d
59008-2,59008,526,87,2,37.00,52781.24,0.09,0.06,A,F,1994-01-10,1993-11-15,1994-01-27,COLLECT COD,TRUCK, around the furious
59008-3,59008,1135,8,3,30.00,31083.90,0.09,0.05,R,F,1993-11-07,1993-11-28,1993-11-28,TAKE BACK RETURN,MAIL,cuses cajole fluf
59008-4,59008,1038,74,4,13.00,12207.39,0.08,0.02,A,F,1993-10-24,1993-12-27,1993-11-12,COLLECT COD,SHIP, theodolites. unus
59008-5,59008,450,9,5,27.00,36462.15,0.02,0.04,A,F,1994-01-14,1993-11-29,1994-01-23,COLLECT COD,SHIP,osits against the
59009-1,59009,1536,17,1,28.00,40250.84,0.04,0.05,N,O,1995-12-09,1996-02-14,1995-12-18,DELIVER IN PERSON,FOB," packages above the unusual,"
59009-2,59009,486,74,2,2.00,2772.96,0.03,0.06,N,O,1995-12-27,1996-01-28,1996-01-16,DELIVER IN PERSON,RAIL,"accounts run against the regular, "
59009-3,59009,893,93,3,30.00,53816.70,0.07,0.06,N,O,1996-01-09,1996-01-15,1996-01-28,NONE,SHIP,ingly special asymptotes thrash across th
59009-4,59009,976,11,4,40.00,75078.80,0.03,0.02,N,O,1996-01-16,1996-01-19,1996-01-17,COLLECT COD,SHIP,posits. dependencies along
59010-1,59010,726,91,1,11.00,17893.92,0.00,0.01,A,F,1995-05-07,1995-05-19,1995-05-20,DELIVER IN PERSON,SHIP,ng ideas. ironically even d
59010-2,59010,950,51,2,11.00,20360.45,0.10,0.04,N,O,1995-07-26,1995-05-31,1995-08-16,TAKE BACK RETURN,MAIL,"e warhorses. regular, unusual ex"
59011-1,59011,998,1,1,4.00,7595.96,0.10,0.01,N,O,1998-08-01,1998-07-05,1998-08-17,TAKE BACK RETURN,RAIL,ust have to lose carefully regular
59011-2,59011,1705,48,2,48.00,77121.60,0.06,0.07,N,O,1998-06-09,1998-07-07,1998-06-18,COLLECT COD,RAIL,der carefully.
59012-1,59012,1962,63,1,13.00,24231.48,0.02,0.06,A,F,1994-05-01,1994-04-02,1994-05-04,COLLECT COD,SHIP,about the iron
59012-2,59012,1213,51,2,37.00,41225.77,0.09,0.04,R,F,1994-01-24,1994-04-12,1994-01-26,DELIVER IN PERSON,MAIL,requests. ironic re
59012-3,59012,1083,84,3,5.00,4920.40,0.06,0.01,A,F,1994-01-23,1994-03-20,1994-02-13,TAKE BACK RETURN,SHIP,fily even gifts sleep slyly. unusual dep
59012-4,59012,401,60,4,4.00,5205.60,0.08,0.00,A,F,1994-02-25,1994-02-28,1994-03-16,DELIVER IN PERSON,TRUCK, above the sometimes
59013-1,59013,1280,18,1,30.00,35438.40,0.06,0.06,N,O,1998-06-12,1998-05-29,1998-07-09,DELIVER IN PERSON,AIR,sits after the express courts cajole ne
59013-2,59013,1897,98,2,17.00,30581.13,0.02,0.07,N,O,1998-06-20,1998-05-03,1998-06-29,NONE,AIR,es boost quickly sl
59013-3,59013,961,64,3,13.00,24205.48,0.06,0.03,N,O,1998-05-24,1998-04-27,1998-06-20,TAKE BACK RETURN,FOB,endencies wake evenly
59013-4,59013,143,96,4,7.00,7301.98,0.01,0.06,N,O,1998-06-14,1998-06-14,1998-06-15,TAKE BACK RETURN,TRUCK,ackages haggle fur
59013-5,59013,780,13,5,47.00,78996.66,0.03,0.06,N,O,1998-07-16,1998-06-13,1998-08-10,DELIVER IN PERSON,RAIL, ironic courts sleep slyly regular account
59013-6,59013,716,13,6,14.00,22633.94,0.07,0.06,N,O,1998-06-25,1998-05-15,1998-06-28,DELIVER IN PERSON,RAIL, nag furiously among the 
59014-1,59014,164,43,1,33.00,35117.28,0.06,0.01,N,O,1996-07-22,1996-07-19,1996-08-13,NONE,TRUCK,es haggle blithely furiously 
59014-2,59014,187,66,2,7.00,7610.26,0.05,0.07,N,O,1996-08-06,1996-06-10,1996-08-24,DELIVER IN PERSON,AIR,s dazzle carefully. furiously ironi
59014-3,59014,481,11,3,18.00,24866.64,0.08,0.02,N,O,1996-06-01,1996-06-17,1996-06-08,NONE,SHIP,nal accounts use quickly a
59014-4,59014,1459,77,4,40.00,54418.00,0.10,0.03,N,O,1996-05-26,1996-06-20,1996-06-02,TAKE BACK RETURN,TRUCK,inal pinto beans 
59015-1,59015,1392,69,1,27.00,34921.53,0.09,0.07,R,F,1992-09-24,1992-07-02,1992-10-06,NONE,REG AIR,ess instructions. expre
59015-2,59015,1353,68,2,13.00,16306.55,0.09,0.04,R,F,1992-09-15,1992-08-14,1992-09-23,COLLECT COD,REG AIR,ide of the requests: permanently r
59015-3,59015,552,13,3,1.00,1452.55,0.10,0.03,R,F,1992-09-01,1992-08-23,1992-09-07,TAKE BACK RETURN,REG AIR,arefully carefully s
59015-4,59015,775,40,4,25.00,41894.25,0.05,0.06,R,F,1992-06-18,1992-07-05,1992-06-30,COLLECT COD,MAIL,lly final warthogs-- blithely final a
59015-5,59015,347,32,5,20.00,24946.80,0.03,0.06,A,F,1992-07-06,1992-08-13,1992-07-18,COLLECT COD,TRUCK,ve the theodolites
59015-6,59015,913,16,6,15.00,27208.65,0.08,0.01,A,F,1992-09-15,1992-08-04,1992-10-02,NONE,RAIL,lithely ironic pack
59015-7,59015,21,22,7,36.00,33156.72,0.03,0.01,A,F,1992-06-25,1992-08-05,1992-07-04,TAKE BACK RETURN,SHIP,". slow, express deposits about"
59040-1,59040,1843,87,1,29.00,50600.36,0.05,0.03,N,O,1996-05-19,1996-05-05,1996-06-05,TAKE BACK RETURN,TRUCK, regular pi
59041-1,59041,244,99,1,18.00,20596.32,0.00,0.05,N,O,1997-01-12,1996-11-17,1997-01-27,TAKE BACK RETURN,SHIP,even foxes. blithely even requests wake a
59041-2,59041,334,35,2,34.00,41967.22,0.00,0.02,N,O,1997-01-12,1996-11-16,1997-01-14,DELIVER IN PERSON,REG AIR,ly bold platelets haggle slyly along the bl
59041-3,59041,167,68,3,43.00,45887.88,0.08,0.00,N,O,1996-11-30,1996-11-12,1996-12-06,COLLECT COD,TRUCK, above the qui
59041-4,59041,976,77,4,12.00,22523.64,0.00,0.03,N,O,1996-11-23,1996-12-02,1996-12-13,COLLECT COD,MAIL, the always regular theodolites haggle
59041-5,59041,454,84,5,15.00,20316.75,0.07,0.04,N,O,1996-11-17,1996-12-21,1996-11-24,NONE,TRUCK,carefully regular deposits wake bl
59041-6,59041,657,20,6,11.00,17134.15,0.02,0.07,N,O,1997-01-18,1996-11-26,1997-02-12,COLLECT COD,REG AIR,ideas detect slyly re
59042-1,59042,1287,88,1,50.00,59414.00,0.04,0.05,N,O,1995-09-29,1995-09-04,1995-10-08,NONE,AIR,s? carefully regular ideas across t
59042-2,59042,674,75,2,31.00,48814.77,0.09,0.00,N,O,1995-10-15,1995-09-16,1995-10-22,NONE,MAIL,s instructions. fluffil
59043-1,59043,73,49,1,15.00,14596.05,0.02,0.00,R,F,1994-04-21,1994-03-11,1994-05-16,TAKE BACK RETURN,MAIL,"press ideas: final, even theodo"
59043-2,59043,1310,87,2,35.00,42395.85,0.08,0.05,R,F,1994-04-10,1994-03-21,1994-04-25,COLLECT COD,MAIL,fluffily along the furiously final plate
59043-3,59043,215,70,3,48.00,53530.08,0.03,0.02,A,F,1994-02-28,1994-03-15,1994-03-29,TAKE BACK RETURN,MAIL,kages nag slyly unusual pi
59043-4,59043,269,70,4,25.00,29231.50,0.07,0.08,A,F,1994-04-08,1994-02-14,1994-04-11,TAKE BACK RETURN,AIR,"totes sleep about the regular, pending p"
59043-5,59043,1386,63,5,45.00,57932.10,0.05,0.07,A,F,1994-02-28,1994-03-03,1994-03-08,TAKE BACK RETURN,REG AIR,of the regular foxes. carefully even cour
59043-6,59043,287,42,6,14.00,16621.92,0.09,0.00,R,F,1994-02-06,1994-03-28,1994-02-12,TAKE BACK RETURN,REG AIR,structions. foxes play
59043-7,59043,1519,40,7,11.00,15625.61,0.04,0.00,R,F,1994-02-09,1994-02-28,1994-02-21,TAKE BACK RETURN,TRUCK, deposits wake slyly 
59044-1,59044,1292,30,1,43.00,51311.47,0.06,0.03,N,O,1995-10-24,1995-09-22,1995-11-18,NONE,TRUCK,special accounts. quickly pendin
59044-2,59044,93,69,2,15.00,14896.35,0.09,0.00,N,O,1995-10-05,1995-10-08,1995-10-12,NONE,AIR,"cial, ironic sheaves. stealthily final pi"
59044-3,59044,438,97,3,2.00,2676.86,0.08,0.05,N,O,1995-10-18,1995-09-08,1995-11-10,COLLECT COD,TRUCK,re. blithely r
59044-4,59044,446,34,4,9.00,12117.96,0.05,0.08,N,O,1995-10-12,1995-09-19,1995-10-22,DELIVER IN PERSON,TRUCK,ly daring accounts w
59044-5,59044,717,14,5,49.00,79267.79,0.05,0.05,N,O,1995-09-29,1995-08-26,1995-10-05,NONE,MAIL,ts detect slyly regular requests.
59045-1,59045,16,67,1,3.00,2748.03,0.04,0.02,A,F,1995-05-11,1995-03-30,1995-06-04,TAKE BACK RETURN,FOB,eposits are furiously a
59045-2,59045,977,12,2,9.00,16901.73,0.08,0.02,R,F,1995-03-11,1995-04-20,1995-04-03,TAKE BACK RETURN,MAIL,ain slyly. slyly close requests wake care
59045-3,59045,1734,19,3,43.00,70336.39,0.06,0.08,A,F,1995-06-02,1995-04-27,1995-06-12,TAKE BACK RETURN,AIR,hely regular deposits. c
59045-4,59045,1158,31,4,28.00,29656.20,0.01,0.05,A,F,1995-05-17,1995-03-31,1995-05-28,TAKE BACK RETURN,TRUCK,es haggle carefully. blithely 
59045-5,59045,348,77,5,19.00,23718.46,0.08,0.03,A,F,1995-06-05,1995-04-11,1995-06-06,COLLECT COD,MAIL,osits must have to use si
59045-6,59045,37,13,6,23.00,21551.69,0.06,0.01,R,F,1995-04-16,1995-04-20,1995-05-08,DELIVER IN PERSON,SHIP,sly ironic dependencies 
59046-1,59046,640,34,1,6.00,9243.84,0.06,0.02,N,O,1996-11-22,1996-12-11,1996-12-09,NONE,TRUCK,lites. quick frays after the final p
59046-2,59046,442,30,2,46.00,61752.24,0.08,0.01,N,O,1996-10-22,1996-12-17,1996-11-21,TAKE BACK RETURN,TRUCK,y ironic dolphins cajole a
59046-3,59046,1756,83,3,41.00,67967.75,0.06,0.00,N,O,1996-11-02,1996-11-06,1996-11-04,DELIVER IN PERSON,SHIP,ites integrat
59046-4,59046,1882,69,4,38.00,67787.44,0.05,0.03,N,O,1996-10-18,1996-11-18,1996-11-13,TAKE BACK RETURN,AIR,ng accounts use again
59047-1,59047,135,14,1,3.00,3105.39,0.05,0.04,R,F,1995-05-09,1995-03-07,1995-06-01,TAKE BACK RETURN,AIR,requests nag quickly after the evenly bold 
59047-2,59047,866,100,2,37.00,65373.82,0.07,0.03,R,F,1995-05-28,1995-03-27,1995-06-03,DELIVER IN PERSON,TRUCK, packages. ironic notornis are blithely sp
59047-3,59047,1344,21,3,18.00,22416.12,0.09,0.01,R,F,1995-04-07,1995-04-01,1995-04-13,NONE,REG AIR,slyly blithely even theodolites. 
59047-4,59047,1169,78,4,22.00,23543.52,0.08,0.03,R,F,1995-04-14,1995-04-09,1995-04-18,COLLECT COD,FOB,blithely. final asymptotes are slyly acro
59047-5,59047,1126,27,5,9.00,9244.08,0.04,0.07,R,F,1995-01-31,1995-03-21,1995-02-05,COLLECT COD,TRUCK,ole blithely. busy theodolites sl
59047-6,59047,1374,89,6,24.00,30608.88,0.03,0.07,R,F,1995-04-20,1995-04-12,1995-05-18,NONE,FOB,posits. unusual acco
59072-1,59072,814,15,1,15.00,25722.15,0.08,0.03,A,F,1994-06-18,1994-08-06,1994-07-10,COLLECT COD,FOB,its. blithely regular pinto beans wake c
59072-2,59072,1435,36,2,41.00,54793.63,0.01,0.01,R,F,1994-06-03,1994-08-03,1994-06-27,COLLECT COD,AIR,kages are above the
59072-3,59072,1582,63,3,7.00,10385.06,0.05,0.02,R,F,1994-06-30,1994-07-01,1994-07-09,DELIVER IN PERSON,REG AIR,ntegrate quickly. slyly fina
59072-4,59072,1234,72,4,3.00,3405.69,0.05,0.00,R,F,1994-07-26,1994-08-01,1994-08-03,TAKE BACK RETURN,RAIL,y-- blithely pending forges wake abou
59072-5,59072,308,65,5,31.00,37457.30,0.10,0.01,R,F,1994-06-26,1994-08-02,1994-07-19,DELIVER IN PERSON,SHIP,ctions play behind the s
59072-6,59072,150,77,6,9.00,9451.35,0.09,0.08,R,F,1994-08-11,1994-07-12,1994-08-15,NONE,TRUCK,usly express ideas affix express excu
59072-7,59072,620,83,7,35.00,53221.70,0.06,0.04,A,F,1994-06-06,1994-07-05,1994-06-26,TAKE BACK RETURN,AIR, furiously even accounts. deposi
59073-1,59073,460,61,1,16.00,21767.36,0.04,0.06,R,F,1993-06-15,1993-06-25,1993-07-02,DELIVER IN PERSON,FOB,ly. even asymptotes ha
59074-1,59074,118,45,1,21.00,21380.31,0.09,0.08,A,F,1993-11-29,1993-10-23,1993-11-30,DELIVER IN PERSON,SHIP,y ironic deposits wake after the 
59074-2,59074,1329,30,2,15.00,18454.80,0.04,0.01,A,F,1993-09-08,1993-11-09,1993-09-15,NONE,SHIP,ages are carefully. furiously unus
59074-3,59074,1373,88,3,20.00,25487.40,0.06,0.03,A,F,1993-10-25,1993-10-30,1993-11-09,TAKE BACK RETURN,FOB,s breach blithely about the slyly s
59074-4,59074,1713,40,4,11.00,17761.81,0.05,0.07,A,F,1993-10-27,1993-10-28,1993-11-07,NONE,RAIL, theodolites across the slyly regu
59074-5,59074,431,32,5,43.00,57251.49,0.04,0.05,A,F,1993-10-25,1993-10-04,1993-11-12,COLLECT COD,FOB,nic requests. requests solve care
59075-1,59075,793,58,1,41.00,69445.39,0.10,0.04,A,F,1992-05-30,1992-05-11,1992-06-18,COLLECT COD,REG AIR,? theodolites sleep carefully. accounts wak
59075-2,59075,706,71,2,31.00,49807.70,0.02,0.06,R,F,1992-03-03,1992-05-24,1992-03-18,TAKE BACK RETURN,SHIP,pecial ideas are carefully. furio
59075-3,59075,1445,85,3,36.00,48471.84,0.06,0.08,R,F,1992-04-02,1992-03-31,1992-05-02,TAKE BACK RETURN,MAIL,leep slyly blithely ironic requests. sl
59076-1,59076,1588,9,1,12.00,17874.96,0.04,0.07,N,O,1997-01-10,1997-02-28,1997-02-05,COLLECT COD,AIR,es sleep express ideas
59076-2,59076,56,7,2,20.00,19121.00,0.03,0.01,N,O,1997-04-03,1997-03-01,1997-04-24,TAKE BACK RETURN,REG AIR,"y after the final, express"
59077-1,59077,1726,69,1,25.00,40693.00,0.07,0.05,N,O,1997-01-23,1997-01-27,1997-01-25,TAKE BACK RETURN,FOB,uriously accounts
59077-2,59077,434,22,2,12.00,16013.16,0.03,0.00,N,O,1997-03-30,1997-01-23,1997-04-06,NONE,MAIL,carefully even 
59078-1,59078,1289,90,1,17.00,20234.76,0.07,0.05,N,O,1996-12-01,1997-01-09,1996-12-14,TAKE BACK RETURN,FOB,tes. theodolites nag blithe
59078-2,59078,119,72,2,48.00,48917.28,0.00,0.01,N,O,1997-01-01,1997-01-07,1997-01-28,NONE,REG AIR,as. express accounts according to the s
59078-3,59078,1492,10,3,11.00,15328.39,0.05,0.07,N,O,1997-03-12,1997-01-03,1997-04-08,NONE,SHIP,ely blithely ironic ideas--
59078-4,59078,737,70,4,32.00,52407.36,0.07,0.08,N,O,1997-03-29,1997-01-08,1997-04-24,COLLECT COD,TRUCK,arefully even pinto beans slee
59079-1,59079,1391,30,1,2.00,2584.78,0.00,0.01,N,O,1995-11-12,1995-11-17,1995-11-16,NONE,MAIL,riously. regular packages
59079-2,59079,1310,25,2,8.00,9690.48,0.02,0.02,N,O,1995-11-01,1995-12-15,1995-11-02,TAKE BACK RETURN,MAIL,bold accounts try to c
59079-3,59079,632,33,3,11.00,16858.93,0.03,0.03,N,O,1995-10-16,1995-11-23,1995-10-17,DELIVER IN PERSON,SHIP,uriously. final requests need to
59104-1,59104,1251,26,1,34.00,39176.50,0.09,0.01,R,F,1994-04-01,1994-04-20,1994-04-19,TAKE BACK RETURN,SHIP,p carefully. slyly ironic accounts hang 
59104-2,59104,1363,2,2,11.00,13907.96,0.10,0.04,A,F,1994-02-22,1994-04-20,1994-03-08,DELIVER IN PERSON,RAIL,s. final requests a
59104-3,59104,1271,46,3,38.00,44546.26,0.10,0.01,A,F,1994-03-16,1994-03-29,1994-04-11,COLLECT COD,MAIL,"nding, regular packages. carefully thin"
59104-4,59104,199,100,4,1.00,1099.19,0.08,0.05,R,F,1994-05-30,1994-03-23,1994-06-04,TAKE BACK RETURN,SHIP,gle quickly. regular acc
59104-5,59104,74,75,5,26.00,25325.82,0.07,0.04,A,F,1994-06-14,1994-04-03,1994-06-20,COLLECT COD,MAIL,yly ironic packages at the ironic dep
59104-6,59104,599,60,6,13.00,19494.67,0.03,0.06,R,F,1994-05-04,1994-05-11,1994-05-28,COLLECT COD,REG AIR,ly at the regular accounts. special
59104-7,59104,1518,99,7,19.00,26970.69,0.01,0.04,R,F,1994-05-18,1994-05-05,1994-05-23,COLLECT COD,FOB,n requests. slyly si
59105-1,59105,620,14,1,38.00,57783.56,0.07,0.04,N,O,1997-01-16,1997-01-24,1997-02-03,DELIVER IN PERSON,REG AIR,sly according to the blithel
59105-2,59105,1295,96,2,18.00,21533.22,0.08,0.04,N,O,1997-02-22,1997-02-28,1997-03-16,NONE,TRUCK,ar requests wake after the quickl
59105-3,59105,284,12,3,42.00,49739.76,0.01,0.08,N,O,1997-03-15,1997-01-20,1997-04-12,DELIVER IN PERSON,FOB,gular instructions wake quic
59106-1,59106,935,36,1,40.00,73437.20,0.02,0.02,N,O,1997-01-06,1997-01-03,1997-02-02,DELIVER IN PERSON,TRUCK,s wake slyly quickly enticing 
59106-2,59106,194,47,2,48.00,52521.12,0.00,0.06,N,O,1996-11-13,1996-12-29,1996-12-05,DELIVER IN PERSON,SHIP,ccording to t
59106-3,59106,1462,63,3,38.00,51811.48,0.03,0.06,N,O,1996-10-28,1996-11-26,1996-11-04,TAKE BACK RETURN,SHIP,ar deposits haggle furiously
59106-4,59106,1758,43,4,20.00,33195.00,0.08,0.00,N,O,1997-01-12,1996-12-05,1997-01-21,DELIVER IN PERSON,REG AIR,ost against th
59106-5,59106,1550,91,5,39.00,56610.45,0.02,0.03,N,O,1997-01-19,1996-12-28,1997-02-07,DELIVER IN PERSON,FOB,ckly bold instructions. quickly 
59106-6,59106,964,65,6,43.00,80193.28,0.06,0.02,N,O,1997-01-10,1996-12-30,1997-01-11,NONE,FOB, blithely. fluffily final pin
59106-7,59106,893,94,7,48.00,86106.72,0.10,0.08,N,O,1996-11-16,1996-11-27,1996-12-09,DELIVER IN PERSON,TRUCK,onic accounts are pint
59107-1,59107,182,35,1,7.00,7575.26,0.10,0.04,N,O,1998-03-14,1998-02-28,1998-03-24,DELIVER IN PERSON,SHIP,to beans wake above the fluffily ev
59107-2,59107,615,16,2,12.00,18187.32,0.02,0.08,N,O,1998-04-13,1998-02-02,1998-04-14,TAKE BACK RETURN,MAIL, slyly regular packages. slyly s
59107-3,59107,420,79,3,14.00,18485.88,0.02,0.00,N,O,1998-04-11,1998-02-12,1998-05-10,TAKE BACK RETURN,FOB,! special dependencies nag slyl
59107-4,59107,373,30,4,36.00,45841.32,0.06,0.05,N,O,1998-02-18,1998-02-03,1998-03-20,NONE,FOB,fily even requests. final deposits alongsi
59107-5,59107,1618,19,5,47.00,71421.67,0.08,0.07,N,O,1998-03-27,1998-02-04,1998-04-02,TAKE BACK RETURN,FOB,"ep pending, regular foxes. slyly unusu"
59107-6,59107,1356,33,6,9.00,11316.15,0.06,0.00,N,O,1998-04-09,1998-02-04,1998-04-27,DELIVER IN PERSON,FOB,orses. sometimes reg
59108-1,59108,296,24,1,20.00,23925.80,0.02,0.02,N,O,1996-01-13,1995-11-14,1996-01-28,COLLECT COD,AIR," about the special, ironic instructi"
59108-2,59108,1369,70,2,43.00,54625.48,0.09,0.02,N,O,1995-12-18,1995-12-30,1995-12-20,COLLECT COD,AIR,y deposits. special account
59108-3,59108,1975,20,3,39.00,73201.83,0.01,0.05,N,O,1995-11-20,1995-11-19,1995-11-22,COLLECT COD,AIR,ven requests caj
59108-4,59108,1382,59,4,38.00,48768.44,0.05,0.05,N,O,1995-12-26,1996-01-03,1995-12-29,COLLECT COD,MAIL,"n requests. even, final sheaves bo"
59108-5,59108,1723,24,5,13.00,21121.36,0.07,0.07,N,O,1995-11-07,1995-12-13,1995-11-28,DELIVER IN PERSON,REG AIR,waters. as
59108-6,59108,12,88,6,21.00,19152.21,0.00,0.06,N,O,1995-11-16,1995-12-13,1995-11-27,DELIVER IN PERSON,SHIP,requests wake fluffily. ironically reg
59109-1,59109,1838,25,1,41.00,71333.03,0.09,0.05,A,F,1994-05-21,1994-06-27,1994-06-15,NONE,SHIP,ckly final deposits are. bli
59110-1,59110,1756,41,1,19.00,31497.25,0.03,0.02,N,O,1998-03-24,1998-02-23,1998-04-23,COLLECT COD,MAIL,y fluffily express req
59110-2,59110,598,99,2,31.00,46456.29,0.03,0.01,N,O,1998-02-13,1998-03-02,1998-02-27,COLLECT COD,RAIL,e slyly slyly unusua
59110-3,59110,327,12,3,21.00,25773.72,0.03,0.07,N,O,1998-04-04,1998-02-05,1998-04-08,DELIVER IN PERSON,FOB,lly regular acc
59110-4,59110,927,62,4,12.00,21935.04,0.06,0.03,N,O,1998-04-10,1998-03-18,1998-05-07,COLLECT COD,MAIL,uickly ironi
59111-1,59111,765,98,1,33.00,54970.08,0.04,0.08,A,F,1994-06-16,1994-06-21,1994-06-26,TAKE BACK RETURN,FOB,e carefully fluffily f
59111-2,59111,30,31,2,25.00,23250.75,0.08,0.07,R,F,1994-04-13,1994-06-04,1994-04-15,COLLECT COD,RAIL,y ironic b
59136-1,59136,640,3,1,22.00,33894.08,0.03,0.08,N,O,1997-06-29,1997-08-16,1997-07-03,NONE,SHIP,wake final deposits. carefully fluff
59136-2,59136,1984,17,2,42.00,79211.16,0.03,0.02,N,O,1997-07-23,1997-07-28,1997-08-20,COLLECT COD,SHIP,yly. furiously permanent asymptotes wake.
59136-3,59136,691,54,3,15.00,23875.35,0.04,0.01,N,O,1997-06-30,1997-08-16,1997-07-04,TAKE BACK RETURN,TRUCK, pending asymptotes. 
59136-4,59136,473,3,4,39.00,53565.33,0.00,0.03,N,O,1997-06-10,1997-06-27,1997-06-11,DELIVER IN PERSON,FOB,s are quickly amo
59136-5,59136,353,38,5,44.00,55147.40,0.06,0.00,N,O,1997-09-07,1997-06-28,1997-10-03,TAKE BACK RETURN,FOB,thely? slyly final dugouts sleep. slyly 
59136-6,59136,1885,15,6,16.00,28590.08,0.04,0.07,N,O,1997-08-11,1997-08-25,1997-09-10,DELIVER IN PERSON,REG AIR,en accounts hang carefully. care
59137-1,59137,171,24,1,47.00,50344.99,0.06,0.03,A,F,1992-10-21,1992-09-18,1992-11-20,COLLECT COD,REG AIR,uriously unusual pinto beans. regu
59137-2,59137,1160,97,2,10.00,10611.60,0.10,0.02,A,F,1992-09-18,1992-08-12,1992-10-11,NONE,RAIL,telets sublate carefully about
59137-3,59137,244,26,3,41.00,46913.84,0.10,0.00,A,F,1992-07-10,1992-08-10,1992-07-27,DELIVER IN PERSON,RAIL,s grow quickl
59138-1,59138,1821,22,1,31.00,53407.42,0.02,0.01,N,O,1996-06-26,1996-09-09,1996-07-06,COLLECT COD,TRUCK,old ideas are according to th
59139-1,59139,1181,54,1,27.00,29218.86,0.08,0.02,A,F,1995-04-16,1995-03-24,1995-04-17,TAKE BACK RETURN,REG AIR,e regular decoys. regular deposits use al
59139-2,59139,622,16,2,24.00,36542.88,0.02,0.01,A,F,1995-02-28,1995-03-06,1995-03-29,NONE,MAIL, carefully ironic inst
59139-3,59139,741,74,3,26.00,42685.24,0.06,0.04,A,F,1995-04-04,1995-03-03,1995-04-07,DELIVER IN PERSON,TRUCK,odolites along the ruthless packa
59140-1,59140,1257,58,1,4.00,4633.00,0.01,0.04,N,O,1997-11-15,1997-11-20,1997-11-20,TAKE BACK RETURN,RAIL,ffily sile
59140-2,59140,1756,83,2,25.00,41443.75,0.10,0.06,N,O,1997-11-06,1997-11-19,1997-12-06,TAKE BACK RETURN,RAIL,ss foxes. bl
59140-3,59140,1326,65,3,27.00,33137.64,0.08,0.07,N,O,1997-10-02,1997-10-01,1997-10-11,COLLECT COD,RAIL,eep. deposits sle
59140-4,59140,1098,34,4,38.00,37965.42,0.00,0.00,N,O,1997-10-18,1997-11-05,1997-11-12,TAKE BACK RETURN,TRUCK, foxes after the special 
59140-5,59140,1210,11,5,41.00,45559.61,0.05,0.02,N,O,1997-10-04,1997-11-28,1997-10-25,NONE,REG AIR,ully unusual dinos grow blithely furiously 
59140-6,59140,955,58,6,30.00,55678.50,0.03,0.05,N,O,1997-12-15,1997-10-18,1998-01-02,COLLECT COD,AIR,regular accoun
59141-1,59141,443,73,1,14.00,18808.16,0.01,0.06,N,O,1996-04-02,1996-05-22,1996-04-25,DELIVER IN PERSON,RAIL,"even, ironic requests are slyly along the"
59142-1,59142,740,73,1,43.00,70551.82,0.02,0.05,R,F,1993-07-13,1993-07-18,1993-07-15,NONE,TRUCK,imes ironic excuses. quickly regula
59142-2,59142,1232,70,2,37.00,41929.51,0.01,0.07,R,F,1993-05-15,1993-07-04,1993-06-01,DELIVER IN PERSON,SHIP, among the 
59142-3,59142,415,74,3,20.00,26308.20,0.06,0.06,A,F,1993-05-26,1993-06-30,1993-06-10,TAKE BACK RETURN,SHIP,hely even instructions. 
59142-4,59142,1499,100,4,20.00,28009.80,0.08,0.02,A,F,1993-07-30,1993-07-06,1993-08-01,COLLECT COD,SHIP,ithely about the quickly silent pa
59143-1,59143,1296,97,1,24.00,28734.96,0.02,0.04,N,O,1998-09-28,1998-09-01,1998-10-20,COLLECT COD,FOB, deposits; fluffily fina
59143-2,59143,225,7,2,21.00,23629.62,0.09,0.06,N,O,1998-08-11,1998-09-29,1998-09-06,TAKE BACK RETURN,RAIL,cuses. pinto beans according to th
59143-3,59143,481,69,3,33.00,45588.84,0.08,0.01,N,O,1998-09-15,1998-10-12,1998-10-03,COLLECT COD,AIR,pinto beans s
59143-4,59143,1806,36,4,16.00,27324.80,0.09,0.07,N,O,1998-11-11,1998-09-18,1998-12-04,DELIVER IN PERSON,RAIL,"g to the pending, bold pinto beans-- regu"
59168-1,59168,1126,27,1,21.00,21569.52,0.00,0.05,A,F,1993-06-20,1993-08-11,1993-07-02,TAKE BACK RETURN,FOB,the slyly bold requests. furiously unusu
59168-2,59168,492,80,2,42.00,58484.58,0.05,0.04,A,F,1993-09-26,1993-07-28,1993-10-09,COLLECT COD,SHIP,des. express requests use accordi
59168-3,59168,651,45,3,13.00,20171.45,0.00,0.00,R,F,1993-07-08,1993-08-05,1993-07-09,DELIVER IN PERSON,REG AIR,olites after t
59168-4,59168,1196,97,4,45.00,49373.55,0.08,0.08,A,F,1993-07-22,1993-09-03,1993-08-07,NONE,MAIL,uriously bold packages. carefully 
59169-1,59169,1922,11,1,4.00,7295.68,0.08,0.07,N,O,1997-07-10,1997-06-18,1997-07-26,DELIVER IN PERSON,FOB,s haggle among the carefully unusual ac
59169-2,59169,722,55,2,4.00,6490.88,0.09,0.08,N,O,1997-07-19,1997-06-04,1997-07-25,DELIVER IN PERSON,RAIL, ideas affix boldly above the carefully 
59169-3,59169,1942,87,3,10.00,18439.40,0.04,0.05,N,O,1997-04-29,1997-07-03,1997-05-17,NONE,REG AIR,lly. final t
59169-4,59169,1415,94,4,17.00,22378.97,0.08,0.04,N,O,1997-04-08,1997-05-31,1997-04-09,COLLECT COD,REG AIR,s sleep carefully quickly bold request
59169-5,59169,903,38,5,29.00,52313.10,0.03,0.01,N,O,1997-05-26,1997-05-29,1997-06-17,COLLECT COD,REG AIR,. furiously unusual notornis 
59169-6,59169,1868,69,6,29.00,51325.94,0.01,0.02,N,O,1997-06-20,1997-06-16,1997-07-04,COLLECT COD,FOB,lar requests was quickly slyly final theodo
59170-1,59170,1980,69,1,36.00,67751.28,0.04,0.04,A,F,1994-04-02,1994-04-30,1994-04-26,COLLECT COD,FOB,ackages. furiously silent accounts det
59170-2,59170,1106,7,2,26.00,26184.60,0.07,0.08,A,F,1994-05-15,1994-04-28,1994-06-09,NONE,TRUCK,riously regular requests.
59170-3,59170,318,3,3,44.00,53605.64,0.04,0.05,A,F,1994-04-03,1994-03-25,1994-05-01,NONE,TRUCK,ges snooze against the even packag
59170-4,59170,851,51,4,37.00,64818.45,0.10,0.01,A,F,1994-03-24,1994-05-11,1994-04-20,NONE,TRUCK,furiously fi
59170-5,59170,1862,92,5,18.00,31749.48,0.00,0.00,A,F,1994-05-05,1994-03-25,1994-06-03,DELIVER IN PERSON,SHIP, bold dependencies sleep 
59170-6,59170,1664,88,6,39.00,61060.74,0.05,0.07,A,F,1994-05-22,1994-03-24,1994-06-10,TAKE BACK RETURN,TRUCK,ar ideas caj
59171-1,59171,584,75,1,41.00,60867.78,0.04,0.06,N,O,1995-11-03,1995-10-15,1995-11-15,NONE,REG AIR,es boost slyly. carefully ir
59171-2,59171,1444,62,2,4.00,5381.76,0.01,0.01,N,O,1995-11-22,1995-11-19,1995-11-26,TAKE BACK RETURN,FOB,"r, regular platelets boost furiously a"
59172-1,59172,329,86,1,46.00,56548.72,0.02,0.01,N,O,1997-09-30,1997-09-11,1997-10-16,NONE,RAIL,lyly. instructions dou
59172-2,59172,84,60,2,25.00,24602.00,0.03,0.07,N,O,1997-09-05,1997-08-15,1997-09-06,COLLECT COD,AIR,ss ideas. furious
59172-3,59172,327,28,3,24.00,29455.68,0.03,0.08,N,O,1997-08-05,1997-08-28,1997-08-08,TAKE BACK RETURN,SHIP,osits. regular foxes ac
59172-4,59172,1742,43,4,40.00,65749.60,0.10,0.08,N,O,1997-06-27,1997-07-22,1997-07-16,NONE,AIR,lyly dogged requests sleep above the fu
59173-1,59173,1405,84,1,48.00,62707.20,0.04,0.08,R,F,1994-02-24,1994-03-13,1994-03-22,DELIVER IN PERSON,RAIL, the requests! blithely even requests use 
59173-2,59173,1131,4,2,14.00,14449.82,0.00,0.05,A,F,1994-02-18,1994-03-16,1994-03-10,DELIVER IN PERSON,AIR,s the fluffily pending requests
59173-3,59173,1692,34,3,21.00,33467.49,0.08,0.06,A,F,1994-03-09,1994-01-31,1994-04-06,NONE,AIR,slyly expres
59173-4,59173,1916,49,4,13.00,23632.83,0.08,0.03,R,F,1994-04-07,1994-02-28,1994-04-25,COLLECT COD,RAIL,sual packages. fluffy asymptotes haggle bl
59173-5,59173,543,74,5,5.00,7217.70,0.04,0.02,R,F,1994-02-18,1994-01-24,1994-03-05,NONE,REG AIR,sleep. special dependencies alongside 
59174-1,59174,255,10,1,6.00,6931.50,0.06,0.08,A,F,1993-03-14,1993-02-22,1993-03-20,DELIVER IN PERSON,AIR,ously about the furiously f
59174-2,59174,1780,23,2,47.00,79043.66,0.04,0.05,R,F,1993-03-14,1993-03-03,1993-03-26,TAKE BACK RETURN,FOB,le slyly-- furiously even deposits s
59174-3,59174,599,100,3,38.00,56984.42,0.08,0.03,A,F,1993-01-19,1993-02-18,1993-02-10,COLLECT COD,TRUCK,e the ironica
59174-4,59174,32,33,4,33.00,30756.99,0.07,0.01,A,F,1993-03-19,1993-04-02,1993-04-06,COLLECT COD,AIR,wake carefully theodolites. regular accou
59175-1,59175,536,67,1,27.00,38786.31,0.06,0.06,R,F,1994-05-13,1994-06-09,1994-06-07,DELIVER IN PERSON,TRUCK,y express requests according
59200-1,59200,452,53,1,47.00,63565.15,0.05,0.07,N,O,1996-03-31,1996-02-07,1996-04-19,DELIVER IN PERSON,MAIL,express dependenc
59200-2,59200,1635,77,2,12.00,18439.56,0.01,0.01,N,O,1996-03-13,1996-01-19,1996-03-31,DELIVER IN PERSON,RAIL,"unts. bold, spe"
59200-3,59200,421,80,3,37.00,48892.54,0.02,0.00,N,O,1996-02-01,1996-02-16,1996-02-06,DELIVER IN PERSON,REG AIR,uriously even packages 
59201-1,59201,1548,49,1,16.00,23192.64,0.04,0.08,N,O,1997-05-30,1997-07-09,1997-06-22,NONE,REG AIR,quickly idle dugouts are furiously expr
59201-2,59201,1287,99,2,48.00,57037.44,0.05,0.06,N,O,1997-06-24,1997-07-31,1997-07-20,NONE,SHIP,"unusual accounts. bold, re"
59201-3,59201,1020,91,3,36.00,33156.72,0.05,0.03,N,O,1997-05-27,1997-07-29,1997-06-26,DELIVER IN PERSON,AIR,into beans use according to the asy
59201-4,59201,446,5,4,35.00,47125.40,0.02,0.06,N,O,1997-07-01,1997-07-26,1997-07-10,COLLECT COD,MAIL,ep fluffily always ironic ac
59201-5,59201,1240,78,5,43.00,49073.32,0.03,0.05,N,O,1997-06-08,1997-07-25,1997-06-19,DELIVER IN PERSON,MAIL,e fluffily. accounts ac
59201-6,59201,908,77,6,44.00,79591.60,0.10,0.00,N,O,1997-06-30,1997-08-09,1997-07-10,DELIVER IN PERSON,RAIL,x blithely unusual platelets. blithely
59202-1,59202,1656,39,1,6.00,9345.90,0.10,0.07,R,F,1993-01-01,1992-11-01,1993-01-23,NONE,RAIL,. asymptotes against the regular accounts s
59202-2,59202,1,52,2,41.00,36941.00,0.02,0.05,R,F,1992-09-17,1992-11-06,1992-10-16,DELIVER IN PERSON,SHIP,"beans cajole final, th"
59202-3,59202,1796,97,3,6.00,10186.74,0.01,0.08,A,F,1992-09-18,1992-11-28,1992-09-27,NONE,AIR,es. slyly even depos
59202-4,59202,1137,46,4,9.00,9343.17,0.04,0.04,R,F,1992-09-20,1992-10-09,1992-10-04,TAKE BACK RETURN,REG AIR,"g the final excuses. regular, pending m"
59202-5,59202,1462,63,5,34.00,46357.64,0.02,0.03,A,F,1992-09-12,1992-10-10,1992-09-22,COLLECT COD,REG AIR,as sleep carefully above the fur
59202-6,59202,596,57,6,45.00,67346.55,0.01,0.07,A,F,1992-11-18,1992-11-13,1992-12-11,TAKE BACK RETURN,RAIL,excuses boost slyly final package
59203-1,59203,1179,16,1,9.00,9721.53,0.04,0.07,N,O,1995-08-18,1995-09-03,1995-08-21,COLLECT COD,RAIL, special asymptotes. caref
59203-2,59203,882,16,2,30.00,53486.40,0.10,0.00,N,O,1995-07-10,1995-09-17,1995-07-18,NONE,AIR,egular instructions. multipliers affix fu
59204-1,59204,408,9,1,30.00,39252.00,0.00,0.08,A,F,1992-03-02,1992-05-27,1992-03-25,TAKE BACK RETURN,RAIL, haggle across the slyly sp
59204-2,59204,1465,66,2,46.00,62857.16,0.06,0.00,A,F,1992-06-28,1992-05-07,1992-06-29,NONE,FOB,ages haggle blithely furio
59204-3,59204,1062,63,3,37.00,35633.22,0.08,0.05,A,F,1992-05-05,1992-04-20,1992-05-16,COLLECT COD,SHIP,theodolites affix slyly across
59204-4,59204,759,60,4,41.00,68049.75,0.01,0.08,R,F,1992-06-11,1992-04-12,1992-07-07,DELIVER IN PERSON,RAIL,counts cajole among the furiously expre
59204-5,59204,1750,35,5,4.00,6607.00,0.10,0.01,A,F,1992-06-17,1992-04-04,1992-06-19,DELIVER IN PERSON,RAIL, gifts engage slyly iron
59205-1,59205,813,47,1,1.00,1713.81,0.03,0.02,N,O,1996-02-09,1996-01-24,1996-02-28,TAKE BACK RETURN,AIR,theodolites according to the regular
59205-2,59205,798,63,2,13.00,22084.27,0.02,0.07,N,O,1996-01-20,1995-12-23,1996-02-05,TAKE BACK RETURN,TRUCK,kly even foxes. pending deposits unw
59205-3,59205,23,74,3,41.00,37843.82,0.02,0.06,N,O,1996-02-19,1996-01-23,1996-03-05,NONE,MAIL, after the carefully express dugout
59206-1,59206,402,32,1,17.00,22140.80,0.06,0.03,N,O,1995-11-12,1996-01-09,1995-12-04,DELIVER IN PERSON,RAIL,gular deposi
59206-2,59206,781,82,2,3.00,5045.34,0.08,0.08,N,O,1996-02-09,1995-12-01,1996-02-10,TAKE BACK RETURN,TRUCK,s platelets. quickly special d
59206-3,59206,1741,68,3,9.00,14784.66,0.01,0.01,N,O,1995-12-26,1996-01-16,1996-01-20,DELIVER IN PERSON,REG AIR,the furiousl
59206-4,59206,1744,45,4,19.00,31269.06,0.07,0.00,N,O,1995-11-08,1995-12-30,1995-11-22,DELIVER IN PERSON,SHIP,. blithely ironic accou
59206-5,59206,1985,86,5,38.00,71705.24,0.10,0.06,N,O,1995-11-08,1995-11-22,1995-11-10,TAKE BACK RETURN,SHIP, final pinto beans. 
59206-6,59206,1950,83,6,18.00,33335.10,0.09,0.08,N,O,1996-02-18,1995-12-30,1996-03-12,NONE,REG AIR,egular foxes boost fluffi
59207-1,59207,1214,89,1,44.00,49069.24,0.09,0.04,A,F,1994-09-02,1994-08-13,1994-09-12,NONE,TRUCK,cuses above the 
59207-2,59207,434,35,2,15.00,20016.45,0.10,0.06,A,F,1994-08-03,1994-07-17,1994-08-07,TAKE BACK RETURN,MAIL,ackages. carefully final accou
59207-3,59207,840,7,3,14.00,24371.76,0.07,0.02,R,F,1994-06-05,1994-07-21,1994-06-10,NONE,REG AIR, deposits according to t
59207-4,59207,675,38,4,14.00,22059.38,0.08,0.07,R,F,1994-08-07,1994-07-03,1994-08-18,DELIVER IN PERSON,MAIL,"ng the regular, regular requ"
59207-5,59207,181,34,5,5.00,5405.90,0.03,0.06,R,F,1994-09-07,1994-07-18,1994-09-18,TAKE BACK RETURN,MAIL,"al foxes across the even,"
59232-1,59232,1168,41,1,24.00,25659.84,0.01,0.05,R,F,1994-01-27,1994-02-03,1994-02-16,COLLECT COD,TRUCK,lar foxes? furiously 
59232-2,59232,722,23,2,32.00,51927.04,0.09,0.02,R,F,1994-04-18,1994-02-07,1994-05-07,TAKE BACK RETURN,TRUCK,inal platelets are according to the
59232-3,59232,1304,81,3,50.00,60265.00,0.08,0.07,A,F,1994-04-18,1994-03-03,1994-04-26,DELIVER IN PERSON,REG AIR,r excuses. carefully ironic war
59232-4,59232,1389,66,4,10.00,12903.80,0.02,0.07,R,F,1994-02-15,1994-02-22,1994-03-03,NONE,SHIP,uests will ha
59232-5,59232,89,15,5,5.00,4945.40,0.03,0.00,R,F,1994-01-06,1994-02-23,1994-01-24,TAKE BACK RETURN,MAIL,luffily even packages. slyly
59232-6,59232,1450,90,6,33.00,44597.85,0.01,0.06,R,F,1994-04-08,1994-02-21,1994-04-14,TAKE BACK RETURN,SHIP,osits-- fluffily bold packages use f
59233-1,59233,1741,84,1,31.00,50924.94,0.07,0.00,A,F,1993-10-03,1993-11-02,1993-10-06,TAKE BACK RETURN,AIR,ial deposits: even packages sl
59233-2,59233,576,67,2,24.00,35437.68,0.09,0.08,A,F,1993-11-03,1993-11-11,1993-11-11,TAKE BACK RETURN,TRUCK,eposits are ironically. ironic pinto bea
59233-3,59233,632,26,3,26.00,39848.38,0.05,0.01,A,F,1993-12-17,1993-09-26,1994-01-11,NONE,RAIL,"efully among the regular, "
59233-4,59233,1699,23,4,7.00,11204.83,0.09,0.06,R,F,1993-11-30,1993-11-09,1993-12-30,DELIVER IN PERSON,RAIL,ost blithely even requests. ca
59233-5,59233,267,95,5,28.00,32683.28,0.07,0.08,A,F,1993-11-13,1993-10-26,1993-11-24,TAKE BACK RETURN,REG AIR,he idly fin
59233-6,59233,1736,37,6,18.00,29479.14,0.06,0.02,R,F,1993-09-29,1993-11-07,1993-10-29,DELIVER IN PERSON,MAIL,fter the realms
59234-1,59234,1854,84,1,37.00,64966.45,0.06,0.07,A,F,1992-08-07,1992-10-09,1992-08-26,COLLECT COD,SHIP,luffily. furiously even foxes cajo
59234-2,59234,1749,50,2,13.00,21459.62,0.03,0.08,R,F,1992-11-13,1992-09-21,1992-12-10,COLLECT COD,TRUCK,"refully about the special, ironic th"
59234-3,59234,1845,89,3,33.00,57645.72,0.03,0.03,R,F,1992-09-25,1992-10-21,1992-10-06,TAKE BACK RETURN,FOB,nto beans haggle quickly. final
59235-1,59235,634,35,1,31.00,47573.53,0.08,0.07,N,O,1998-03-02,1998-05-17,1998-03-05,DELIVER IN PERSON,FOB,kly. regular excuses cajole. furiousl
59235-2,59235,670,64,2,37.00,58114.79,0.07,0.05,N,O,1998-02-28,1998-05-10,1998-03-21,COLLECT COD,MAIL,boost slyly brave courts. fluffily unu
59236-1,59236,179,6,1,11.00,11870.87,0.01,0.00,R,F,1992-03-16,1992-04-22,1992-04-04,NONE,TRUCK,ithely ironic de
59236-2,59236,1366,67,2,12.00,15208.32,0.00,0.03,A,F,1992-06-13,1992-04-29,1992-07-02,DELIVER IN PERSON,TRUCK,uriously. furiously pen
59237-1,59237,233,15,1,12.00,13598.76,0.06,0.02,A,F,1993-10-07,1993-09-17,1993-10-09,DELIVER IN PERSON,TRUCK,use slyly. furiously ironi
59237-2,59237,1740,25,2,14.00,22984.36,0.10,0.01,A,F,1993-09-07,1993-10-06,1993-09-09,DELIVER IN PERSON,AIR,ornis haggle carefully. fluffily 
59238-1,59238,337,66,1,17.00,21034.61,0.02,0.03,A,F,1994-10-18,1994-12-07,1994-11-03,DELIVER IN PERSON,REG AIR," waters use always about the ironic, "
59238-2,59238,39,90,2,8.00,7512.24,0.05,0.01,R,F,1994-12-11,1994-10-27,1995-01-05,TAKE BACK RETURN,FOB,lent packages
59238-3,59238,1521,22,3,12.00,17070.24,0.07,0.03,R,F,1994-12-26,1994-11-09,1994-12-28,DELIVER IN PERSON,SHIP, instructions. slyly ironic deposits wa
59238-4,59238,592,93,4,20.00,29851.80,0.07,0.00,A,F,1994-10-05,1994-10-30,1994-10-26,TAKE BACK RETURN,TRUCK,ously pending instruct
59238-5,59238,1156,65,5,28.00,29600.20,0.08,0.06,R,F,1994-12-28,1994-11-01,1995-01-18,DELIVER IN PERSON,SHIP,ct carefully ideas. quick
59239-1,59239,461,20,1,22.00,29952.12,0.01,0.00,R,F,1993-02-26,1993-04-26,1993-03-03,DELIVER IN PERSON,REG AIR,e about the expre
59239-2,59239,1103,76,2,22.00,22090.20,0.01,0.04,A,F,1993-03-23,1993-04-17,1993-04-09,COLLECT COD,TRUCK,arefully. carefully e
59239-3,59239,1742,69,3,37.00,60818.38,0.09,0.00,R,F,1993-04-20,1993-05-14,1993-05-03,COLLECT COD,AIR," of the furiously regular requests-- idle, "
59239-4,59239,1217,18,4,49.00,54792.29,0.01,0.03,R,F,1993-03-12,1993-04-23,1993-04-05,COLLECT COD,AIR,"fluffily. special,"
59264-1,59264,747,48,1,35.00,57670.90,0.02,0.03,A,F,1992-11-04,1992-10-27,1992-11-27,COLLECT COD,FOB,. quickly bold accounts cajol
59264-2,59264,1688,12,2,13.00,20665.84,0.05,0.07,R,F,1992-12-12,1992-11-15,1993-01-08,NONE,MAIL,theodolites. bold ideas around the warthogs
59265-1,59265,1586,67,1,16.00,23801.28,0.05,0.01,N,O,1998-01-06,1998-01-03,1998-01-09,NONE,FOB,y regular instructi
59265-2,59265,130,9,2,31.00,31934.03,0.08,0.05,N,O,1998-01-06,1997-12-04,1998-01-25,DELIVER IN PERSON,MAIL,nal theodolites sleep blithely accordin
59266-1,59266,955,56,1,15.00,27839.25,0.06,0.08,N,O,1998-08-08,1998-07-27,1998-08-16,NONE,RAIL,ding to the
59266-2,59266,1804,34,2,14.00,23881.20,0.06,0.05,N,O,1998-07-08,1998-07-24,1998-07-22,DELIVER IN PERSON,SHIP,riously even platelets a
59266-3,59266,1518,99,3,2.00,2839.02,0.07,0.04,N,O,1998-08-26,1998-08-11,1998-09-05,TAKE BACK RETURN,MAIL,ronic accounts kindle 
59266-4,59266,1212,87,4,16.00,17811.36,0.10,0.08,N,O,1998-08-31,1998-09-10,1998-09-15,NONE,REG AIR,regular pinto beans must use according to
59266-5,59266,1675,99,5,17.00,26803.39,0.06,0.06,N,O,1998-08-24,1998-08-27,1998-09-19,DELIVER IN PERSON,MAIL,pending packages 
59267-1,59267,1028,99,1,19.00,17651.38,0.04,0.00,R,F,1995-05-25,1995-07-08,1995-06-10,NONE,RAIL,thely carefull
59267-2,59267,1332,71,2,1.00,1233.33,0.09,0.03,A,F,1995-04-23,1995-05-24,1995-05-09,NONE,FOB,out the final req
59267-3,59267,362,63,3,12.00,15148.32,0.06,0.04,N,O,1995-08-08,1995-06-30,1995-09-04,TAKE BACK RETURN,REG AIR,nts boost asymptotes. slyly final requests
59267-4,59267,822,89,4,43.00,74081.26,0.10,0.06,N,O,1995-06-23,1995-06-09,1995-07-02,DELIVER IN PERSON,FOB,eposits boost ironic attainm
59267-5,59267,1464,65,5,35.00,47791.10,0.00,0.01,R,F,1995-04-21,1995-06-29,1995-04-22,TAKE BACK RETURN,AIR,ffix along the
59268-1,59268,1905,94,1,23.00,41558.70,0.06,0.03,N,F,1995-06-12,1995-05-05,1995-07-06,COLLECT COD,SHIP,olites are
59269-1,59269,2000,33,1,8.00,7216.00,0.07,0.02,N,O,1996-07-28,1996-06-21,1996-08-04,TAKE BACK RETURN,TRUCK,odolites. unusual courts doze qui
59269-2,59269,1569,70,2,36.00,52940.16,0.00,0.06,N,O,1996-05-08,1996-07-29,1996-05-22,TAKE BACK RETURN,MAIL,ironic ideas was 
59269-3,59269,1086,57,3,10.00,9870.80,0.03,0.05,N,O,1996-06-01,1996-07-25,1996-06-30,TAKE BACK RETURN,TRUCK,ts wake quickly exc
59269-4,59269,838,38,4,2.00,3477.66,0.10,0.06,N,O,1996-07-05,1996-07-28,1996-07-29,COLLECT COD,RAIL,refully final packages haggl
59269-5,59269,1172,81,5,42.00,45073.14,0.04,0.07,N,O,1996-07-17,1996-06-27,1996-07-18,DELIVER IN PERSON,FOB,ven dependencies. furiously pending
59269-6,59269,1589,90,6,1.00,1490.58,0.09,0.07,N,O,1996-08-17,1996-07-08,1996-08-25,DELIVER IN PERSON,TRUCK, accounts detect dependencies. unusual 
59269-7,59269,727,28,7,16.00,26043.52,0.10,0.04,N,O,1996-05-07,1996-07-30,1996-05-16,NONE,REG AIR,y always final asymptotes
59270-1,59270,1181,18,1,4.00,4328.72,0.09,0.00,A,F,1993-02-19,1993-04-10,1993-02-20,TAKE BACK RETURN,TRUCK,y. slyly special requests integra
59270-2,59270,277,32,2,2.00,2354.54,0.05,0.02,R,F,1993-01-24,1993-03-19,1993-02-08,DELIVER IN PERSON,RAIL, regular excuses. 
59270-3,59270,1538,39,3,15.00,21592.95,0.07,0.06,A,F,1993-02-20,1993-02-26,1993-03-15,DELIVER IN PERSON,REG AIR, bold ideas are against the dependenci
59270-4,59270,1983,84,4,34.00,64089.32,0.08,0.06,A,F,1993-05-11,1993-03-05,1993-05-30,NONE,REG AIR,"as. even, pending theodolites ha"
59270-5,59270,1935,68,5,36.00,66129.48,0.05,0.05,A,F,1993-04-27,1993-02-23,1993-05-17,COLLECT COD,REG AIR,ly regular packages. waters cajole sly
59270-6,59270,636,68,6,22.00,33805.86,0.07,0.05,R,F,1993-04-05,1993-04-01,1993-05-02,TAKE BACK RETURN,AIR, slyly. final dolp
59270-7,59270,1889,90,7,24.00,42981.12,0.02,0.07,A,F,1993-03-08,1993-02-18,1993-03-30,COLLECT COD,AIR,"ackages. even, ironic instruc"
59271-1,59271,438,26,1,22.00,29445.46,0.08,0.03,N,O,1995-08-06,1995-06-30,1995-08-21,NONE,RAIL,lyly regular ideas about the pending asymp
59271-2,59271,9,10,2,35.00,31815.00,0.02,0.03,N,O,1995-07-24,1995-06-21,1995-08-01,DELIVER IN PERSON,RAIL,refully evenly pendi
59271-3,59271,1926,15,3,18.00,32902.56,0.02,0.07,N,F,1995-06-12,1995-06-08,1995-07-03,TAKE BACK RETURN,MAIL,"ges wake about the ironic, unus"
59271-4,59271,336,93,4,15.00,18544.95,0.08,0.01,N,F,1995-06-05,1995-07-01,1995-06-24,DELIVER IN PERSON,REG AIR,ronic deposits; carefully regular instr
59271-5,59271,31,82,5,19.00,17689.57,0.03,0.02,A,F,1995-05-15,1995-07-08,1995-06-01,TAKE BACK RETURN,MAIL,e quietly. unusual ideas haggle. pinto bean
59271-6,59271,956,57,6,48.00,89133.60,0.01,0.07,N,F,1995-06-04,1995-05-30,1995-06-29,DELIVER IN PERSON,FOB, busily unusual excuses impress along the b
59271-7,59271,526,17,7,34.00,48501.68,0.06,0.01,R,F,1995-05-18,1995-07-06,1995-06-03,COLLECT COD,FOB,s. ironic requests cajole slyly. pending 
59296-1,59296,1736,37,1,18.00,29479.14,0.02,0.02,N,O,1997-11-11,1997-12-12,1997-11-15,NONE,MAIL, the blithely regular in
59296-2,59296,1898,28,2,10.00,17998.90,0.01,0.01,N,O,1997-11-27,1997-12-27,1997-12-21,COLLECT COD,TRUCK, about the furiously pending instruct
59297-1,59297,1401,80,1,47.00,61212.80,0.05,0.05,R,F,1995-02-16,1995-02-22,1995-03-02,DELIVER IN PERSON,RAIL,tes. furiously even platelets around the
59297-2,59297,1361,62,2,29.00,36608.44,0.08,0.06,A,F,1995-03-03,1995-02-15,1995-03-24,DELIVER IN PERSON,TRUCK,boost carefully about the
59297-3,59297,32,8,3,17.00,15844.51,0.02,0.03,R,F,1995-03-16,1995-03-05,1995-03-26,TAKE BACK RETURN,REG AIR,beans affix dependencies. unusu
59297-4,59297,1679,3,4,13.00,20548.71,0.02,0.05,R,F,1995-02-08,1995-02-28,1995-03-08,DELIVER IN PERSON,RAIL,e carefully bold packa
59297-5,59297,1286,24,5,47.00,55802.16,0.01,0.03,A,F,1995-01-21,1995-01-15,1995-02-07,TAKE BACK RETURN,AIR,- slyly special deposits wake blithely
59297-6,59297,1778,21,6,45.00,75589.65,0.02,0.07,R,F,1994-12-26,1995-02-14,1994-12-29,TAKE BACK RETURN,FOB, deposits: permanently furious ideas maint
59297-7,59297,131,32,7,3.00,3093.39,0.03,0.07,R,F,1995-02-09,1995-02-08,1995-02-27,TAKE BACK RETURN,AIR,ackages nag against the fluffily br
59298-1,59298,184,37,1,24.00,26020.32,0.07,0.05,A,F,1994-08-24,1994-07-28,1994-09-19,NONE,RAIL,al ideas about the sl
59299-1,59299,1268,80,1,1.00,1169.26,0.05,0.04,N,O,1997-10-01,1997-09-29,1997-10-02,COLLECT COD,RAIL,ilent instructions affix slyly about t
59299-2,59299,1261,62,2,31.00,36030.06,0.00,0.00,N,O,1997-09-30,1997-10-06,1997-10-18,DELIVER IN PERSON,AIR,ages. deposits sleep carefully along the ir
59299-3,59299,1350,27,3,30.00,37540.50,0.05,0.06,N,O,1997-08-25,1997-10-25,1997-09-05,NONE,FOB,refully alo
59299-4,59299,1915,48,4,24.00,43605.84,0.09,0.02,N,O,1997-11-09,1997-09-30,1997-11-23,COLLECT COD,FOB,iously special accounts? blithel
59299-5,59299,522,13,5,6.00,8535.12,0.08,0.08,N,O,1997-11-13,1997-10-26,1997-11-29,TAKE BACK RETURN,TRUCK,"ainst the ironic, express excuses. furiousl"
59300-1,59300,1131,32,1,21.00,21674.73,0.10,0.04,N,O,1997-05-05,1997-05-08,1997-05-11,COLLECT COD,AIR,packages. regular requests
59301-1,59301,1042,13,1,35.00,33006.40,0.02,0.06,N,O,1997-03-06,1997-01-31,1997-03-22,NONE,MAIL, beans sle
59301-2,59301,1314,15,2,49.00,59550.19,0.10,0.01,N,O,1996-12-06,1996-12-05,1996-12-24,COLLECT COD,FOB,ests after t
59301-3,59301,742,7,3,6.00,9856.44,0.05,0.07,N,O,1997-01-24,1996-12-05,1997-01-25,DELIVER IN PERSON,AIR,escapades affix among the carefu
59301-4,59301,61,87,4,19.00,18260.14,0.07,0.05,N,O,1997-01-10,1996-12-09,1997-02-02,COLLECT COD,TRUCK,. furiously bold requests breach a
59301-5,59301,1385,100,5,40.00,51455.20,0.08,0.04,N,O,1996-11-21,1996-12-24,1996-11-26,COLLECT COD,SHIP,counts are f
59301-6,59301,1131,32,6,11.00,11353.43,0.10,0.02,N,O,1997-01-16,1997-01-19,1997-01-17,DELIVER IN PERSON,AIR,ld deposits. regularly u
59302-1,59302,112,91,1,14.00,14169.54,0.03,0.03,N,O,1996-04-01,1996-04-01,1996-04-05,COLLECT COD,TRUCK,usly ironic asymptotes. blithely ironic
59302-2,59302,1319,34,2,26.00,31728.06,0.08,0.01,N,O,1996-04-07,1996-04-27,1996-04-25,DELIVER IN PERSON,REG AIR,le; blithely even re
59302-3,59302,818,85,3,43.00,73908.83,0.05,0.00,N,O,1996-04-06,1996-04-12,1996-04-12,NONE,AIR,unts above the final pa
59303-1,59303,845,46,1,33.00,57612.72,0.06,0.01,N,O,1997-12-30,1998-02-06,1998-01-16,COLLECT COD,MAIL,ts nod quickly. fluffily express reques
59303-2,59303,947,48,2,27.00,49894.38,0.08,0.04,N,O,1998-03-16,1998-02-10,1998-04-15,DELIVER IN PERSON,TRUCK,e carefully. regular
59303-3,59303,1959,92,3,42.00,78159.90,0.06,0.02,N,O,1997-12-16,1998-02-10,1998-01-09,COLLECT COD,TRUCK,ealthily pending theodolites
59303-4,59303,585,16,4,12.00,17826.96,0.05,0.00,N,O,1998-01-09,1998-02-13,1998-01-27,TAKE BACK RETURN,MAIL,sly special theodolites. carefully regular 
59303-5,59303,345,46,5,18.00,22416.12,0.10,0.00,N,O,1998-03-07,1998-02-26,1998-03-30,TAKE BACK RETURN,RAIL, platelets above the 
59328-1,59328,1605,29,1,4.00,6026.40,0.04,0.03,N,O,1997-05-30,1997-06-27,1997-06-03,COLLECT COD,SHIP,counts. blithely fin
59328-2,59328,1587,8,2,37.00,55077.46,0.09,0.03,N,O,1997-04-25,1997-05-20,1997-05-08,TAKE BACK RETURN,SHIP, use slyly abou
59328-3,59328,1179,16,3,5.00,5400.85,0.02,0.03,N,O,1997-07-25,1997-06-02,1997-08-10,NONE,MAIL,t carefully packages; express ideas try to 
59328-4,59328,1955,44,4,45.00,83562.75,0.01,0.00,N,O,1997-05-08,1997-06-07,1997-05-13,NONE,SHIP,. carefully final instructions
59329-1,59329,1234,9,1,17.00,19298.91,0.03,0.01,R,F,1992-12-08,1993-01-07,1993-01-06,DELIVER IN PERSON,TRUCK,cuses. carefully id
59329-2,59329,1656,98,2,22.00,34268.30,0.05,0.03,R,F,1993-02-02,1993-02-14,1993-02-24,COLLECT COD,TRUCK,run slyly. furiously unusual foxes
59329-3,59329,1956,1,3,2.00,3715.90,0.03,0.05,R,F,1993-02-20,1993-03-01,1993-03-08,COLLECT COD,TRUCK,tructions. blithely regular re
59329-4,59329,978,47,4,19.00,35700.43,0.04,0.04,R,F,1992-12-20,1993-02-19,1993-01-01,TAKE BACK RETURN,RAIL,its according to the even d
59329-5,59329,142,95,5,50.00,52107.00,0.06,0.06,A,F,1993-01-07,1993-02-19,1993-01-08,NONE,FOB, boost carefully. carefully regular dep
59329-6,59329,1487,27,6,32.00,44431.36,0.05,0.02,R,F,1993-02-20,1993-02-06,1993-02-21,DELIVER IN PERSON,REG AIR,s boost slyly. ironic epitaphs sle
59330-1,59330,576,67,1,18.00,26578.26,0.00,0.08,A,F,1994-08-15,1994-09-25,1994-09-08,NONE,FOB,y regular packages cajole qui
59331-1,59331,316,17,1,40.00,48652.40,0.06,0.00,N,O,1998-04-06,1998-06-02,1998-04-21,NONE,AIR,slyly regular theodol
59331-2,59331,1071,77,2,21.00,20413.47,0.06,0.05,N,O,1998-03-29,1998-05-05,1998-04-15,DELIVER IN PERSON,AIR,cording to the carefully ironic packages. 
59331-3,59331,306,91,3,32.00,38601.60,0.08,0.03,N,O,1998-06-22,1998-04-12,1998-07-15,TAKE BACK RETURN,FOB,ves cajole furiously according
59331-4,59331,1533,14,4,30.00,43035.90,0.01,0.02,N,O,1998-04-30,1998-05-18,1998-05-05,COLLECT COD,AIR,ietly final foxes. furiously pending
59331-5,59331,1839,69,5,23.00,40039.09,0.08,0.01,N,O,1998-06-08,1998-05-05,1998-06-15,NONE,FOB,totes. quickly express pac
59331-6,59331,1809,53,6,14.00,23951.20,0.09,0.00,N,O,1998-07-07,1998-05-25,1998-07-15,NONE,FOB,sly express accounts haggle according
59332-1,59332,917,52,1,13.00,23632.83,0.04,0.04,N,O,1996-03-21,1996-03-18,1996-03-27,TAKE BACK RETURN,RAIL,ackages. bold accounts boost. furiousl
59332-2,59332,1803,47,2,21.00,35800.80,0.09,0.03,N,O,1996-03-22,1996-02-23,1996-04-18,DELIVER IN PERSON,MAIL,olites sleep furiously. final foxes wake sl
59332-3,59332,699,100,3,31.00,49590.39,0.02,0.04,N,O,1996-05-14,1996-03-13,1996-06-13,TAKE BACK RETURN,FOB,"carefully ironic warhorses. regular,"
59332-4,59332,144,97,4,38.00,39677.32,0.06,0.08,N,O,1996-03-29,1996-03-18,1996-04-22,COLLECT COD,SHIP,furiously unusual requests a
59332-5,59332,912,81,5,34.00,61638.94,0.02,0.06,N,O,1996-03-11,1996-04-04,1996-03-21,COLLECT COD,TRUCK,r packages detect for t
59332-6,59332,960,61,6,26.00,48384.96,0.01,0.04,N,O,1996-03-31,1996-04-13,1996-04-01,COLLECT COD,FOB,ular asymptotes. quickly even dependen
59333-1,59333,11,37,1,43.00,39173.43,0.06,0.04,N,O,1998-03-07,1998-04-17,1998-03-29,TAKE BACK RETURN,TRUCK, carefully accordi
59333-2,59333,1832,76,2,20.00,34676.60,0.05,0.06,N,O,1998-03-23,1998-04-23,1998-04-16,DELIVER IN PERSON,SHIP,nto beans. regular patt
59333-3,59333,257,12,3,31.00,35874.75,0.10,0.07,N,O,1998-05-07,1998-03-17,1998-06-01,DELIVER IN PERSON,RAIL,encies sleep. regular deposits cajole ca
59334-1,59334,514,5,1,39.00,55165.89,0.03,0.03,A,F,1995-02-10,1995-03-09,1995-03-12,COLLECT COD,TRUCK,ing foxes integrate carefully patter
59334-2,59334,1659,1,2,33.00,51501.45,0.09,0.05,A,F,1995-01-04,1995-03-10,1995-01-13,NONE,FOB, to the frets. regular theodolit
59335-1,59335,1170,71,1,9.00,9640.53,0.01,0.01,N,O,1998-03-12,1998-05-08,1998-03-28,DELIVER IN PERSON,TRUCK,s sleep carefully with the finally
59360-1,59360,466,25,1,2.00,2732.92,0.00,0.04,R,F,1992-07-03,1992-09-11,1992-07-08,DELIVER IN PERSON,RAIL,ns. slyly final dependenc
59360-2,59360,1112,21,2,29.00,29380.19,0.04,0.08,R,F,1992-07-13,1992-07-26,1992-07-18,COLLECT COD,SHIP,lent requests detect slyly ironic dugouts.
59360-3,59360,1539,60,3,33.00,47537.49,0.07,0.00,A,F,1992-09-24,1992-09-14,1992-09-28,COLLECT COD,AIR,uriously unusual deposits integrat
59361-1,59361,1893,37,1,2.00,3589.78,0.09,0.06,R,F,1992-10-07,1992-10-03,1992-10-24,COLLECT COD,RAIL,y after the final accounts. blithely unu
59361-2,59361,1430,48,2,15.00,19971.45,0.02,0.01,A,F,1992-11-29,1992-10-22,1992-12-04,DELIVER IN PERSON,FOB,r accounts dazzle. quickly ironic pl
59361-3,59361,708,41,3,10.00,16087.00,0.05,0.06,R,F,1992-11-22,1992-10-15,1992-12-13,NONE,AIR,l requests. pending instructions imp
59362-1,59362,1887,31,1,4.00,7155.52,0.02,0.03,N,O,1996-08-18,1996-07-30,1996-08-20,COLLECT COD,REG AIR,efully ironic accounts? carefull
59362-2,59362,1639,22,2,8.00,12325.04,0.06,0.08,N,O,1996-07-13,1996-07-30,1996-07-19,TAKE BACK RETURN,SHIP,s nag slyly regular foxes. slyly 
59362-3,59362,1630,54,3,49.00,75049.87,0.06,0.02,N,O,1996-08-21,1996-06-04,1996-08-22,COLLECT COD,REG AIR,ly express requests sleep after th
59362-4,59362,147,26,4,27.00,28272.78,0.10,0.08,N,O,1996-08-23,1996-06-08,1996-09-13,COLLECT COD,AIR, alongside of t
59362-5,59362,1842,86,5,11.00,19182.24,0.03,0.03,N,O,1996-05-18,1996-07-28,1996-05-27,COLLECT COD,TRUCK,eans. carefully even foxes after the re
59363-1,59363,1921,54,1,25.00,45573.00,0.06,0.04,A,F,1994-08-14,1994-06-08,1994-08-31,COLLECT COD,AIR,ans. furiously pending accounts along t
59363-2,59363,1219,31,2,44.00,49289.24,0.06,0.04,A,F,1994-08-15,1994-06-23,1994-09-10,NONE,SHIP,al deposits a
59363-3,59363,1330,45,3,23.00,28320.59,0.04,0.04,A,F,1994-06-24,1994-07-17,1994-07-23,COLLECT COD,AIR,accounts. carefully r
59363-4,59363,537,38,4,6.00,8625.18,0.00,0.02,R,F,1994-08-02,1994-07-27,1994-08-06,TAKE BACK RETURN,MAIL,ding frays sn
59364-1,59364,531,32,1,21.00,30062.13,0.10,0.03,N,O,1996-09-22,1996-09-27,1996-10-08,NONE,SHIP,gle across the pending instruct
59365-1,59365,501,62,1,33.00,46249.50,0.04,0.04,R,F,1994-12-17,1995-02-12,1994-12-19,TAKE BACK RETURN,TRUCK,ons are slyly alongside of the
59365-2,59365,634,97,2,11.00,16880.93,0.03,0.08,R,F,1995-01-29,1995-01-26,1995-02-26,TAKE BACK RETURN,RAIL,yly. slyly even depe
59365-3,59365,84,60,3,28.00,27554.24,0.03,0.07,R,F,1995-03-12,1995-02-24,1995-03-28,COLLECT COD,MAIL, fluffily unusu
59365-4,59365,87,63,4,13.00,12832.04,0.00,0.05,A,F,1995-03-31,1995-02-20,1995-04-21,TAKE BACK RETURN,TRUCK,ven packages above the accounts are pe
59365-5,59365,223,78,5,21.00,23587.62,0.08,0.05,A,F,1995-01-06,1995-02-09,1995-01-12,TAKE BACK RETURN,MAIL,al courts; blith
59365-6,59365,504,95,6,9.00,12640.50,0.00,0.03,R,F,1995-03-02,1995-03-01,1995-03-31,DELIVER IN PERSON,SHIP,counts. blithe
59366-1,59366,1658,41,1,41.00,63945.65,0.08,0.08,N,O,1995-07-03,1995-06-26,1995-07-31,TAKE BACK RETURN,RAIL,pearls. furiously unusual asymptotes u
59366-2,59366,1384,61,2,44.00,56556.72,0.00,0.01,A,F,1995-05-13,1995-07-19,1995-06-11,DELIVER IN PERSON,FOB,l accounts doze furiously furiously unusu
59366-3,59366,618,19,3,14.00,21260.54,0.07,0.04,N,O,1995-06-28,1995-06-14,1995-07-18,TAKE BACK RETURN,TRUCK,ly slyly even requests. quickly unusual d
59366-4,59366,147,74,4,32.00,33508.48,0.08,0.08,R,F,1995-05-20,1995-06-13,1995-05-27,TAKE BACK RETURN,FOB, accounts serve blithely enticing instruc
59366-5,59366,1450,29,5,22.00,29731.90,0.06,0.01,A,F,1995-05-02,1995-05-24,1995-05-09,TAKE BACK RETURN,RAIL,the slyly pending ideas might maintain s
59367-1,59367,1241,42,1,39.00,44547.36,0.05,0.04,N,O,1997-01-06,1996-11-20,1997-02-02,COLLECT COD,TRUCK, carefully pe
59367-2,59367,1404,5,2,48.00,62659.20,0.00,0.05,N,O,1997-01-17,1996-11-07,1997-02-08,TAKE BACK RETURN,FOB,unts detect slyl
59367-3,59367,425,13,3,20.00,26508.40,0.04,0.08,N,O,1997-01-11,1996-11-12,1997-02-05,DELIVER IN PERSON,TRUCK,s wake carefully: s
59367-4,59367,1158,67,4,12.00,12709.80,0.10,0.00,N,O,1996-10-08,1996-10-31,1996-10-09,TAKE BACK RETURN,FOB,the ideas: carefully special package
59367-5,59367,71,72,5,45.00,43698.15,0.03,0.08,N,O,1996-12-01,1996-11-25,1996-12-25,COLLECT COD,SHIP, furiously iron
59367-6,59367,332,33,6,44.00,54222.52,0.10,0.02,N,O,1996-12-04,1996-11-09,1996-12-15,TAKE BACK RETURN,FOB,counts boost blithely a
59392-1,59392,1794,95,1,18.00,30524.22,0.06,0.05,A,F,1993-08-25,1993-08-03,1993-09-03,COLLECT COD,REG AIR,nt accounts use pinto beans. regular asym
59392-2,59392,152,31,2,1.00,1052.15,0.08,0.03,R,F,1993-07-06,1993-07-28,1993-07-21,TAKE BACK RETURN,FOB,encies affix blithely along the furi
59392-3,59392,1125,26,3,15.00,15391.80,0.01,0.01,A,F,1993-10-21,1993-09-06,1993-11-15,DELIVER IN PERSON,MAIL,ges. caref
59392-4,59392,1772,57,4,45.00,75319.65,0.03,0.01,R,F,1993-07-07,1993-08-10,1993-07-16,NONE,RAIL,quests wake furiou
59392-5,59392,1647,89,5,33.00,51105.12,0.00,0.07,R,F,1993-10-17,1993-07-27,1993-11-15,NONE,SHIP,ers until the regular ideas in
59392-6,59392,487,17,6,21.00,29137.08,0.07,0.07,A,F,1993-07-14,1993-08-12,1993-07-20,COLLECT COD,REG AIR,leep blithely according to the stealthy 
59393-1,59393,1113,50,1,17.00,17239.87,0.03,0.02,R,F,1994-01-07,1993-12-23,1994-01-25,NONE,SHIP,atterns sl
59393-2,59393,1701,2,2,49.00,78532.30,0.03,0.08,R,F,1994-01-20,1994-02-13,1994-01-29,TAKE BACK RETURN,AIR, the special accounts. 
59393-3,59393,239,40,3,33.00,37594.59,0.03,0.04,R,F,1994-03-18,1993-12-25,1994-03-28,COLLECT COD,MAIL,quickly express ac
59393-4,59393,1188,25,4,25.00,27229.50,0.08,0.01,R,F,1994-01-19,1994-01-12,1994-02-18,NONE,AIR,"oss the patterns. final, final requests "
59393-5,59393,572,33,5,50.00,73628.50,0.05,0.04,A,F,1993-12-10,1994-01-28,1993-12-13,COLLECT COD,MAIL, dugouts are blithely acc
59393-6,59393,1313,28,6,10.00,12143.10,0.02,0.04,A,F,1994-01-31,1994-01-28,1994-02-21,NONE,TRUCK,hely final instructions along t
59394-1,59394,1160,61,1,11.00,11672.76,0.05,0.00,N,O,1997-07-03,1997-08-03,1997-07-16,DELIVER IN PERSON,RAIL,ly according to the slyly express platelets
59394-2,59394,1463,64,2,27.00,36840.42,0.01,0.03,N,O,1997-09-04,1997-08-18,1997-09-26,NONE,AIR,ate fluffily. unusual requ
59394-3,59394,853,87,3,40.00,70154.00,0.04,0.04,N,O,1997-07-15,1997-08-02,1997-08-12,TAKE BACK RETURN,FOB,furiously ironic deposits. furiou
59394-4,59394,989,58,4,20.00,37799.60,0.10,0.03,N,O,1997-09-06,1997-09-16,1997-09-26,COLLECT COD,REG AIR,s. regular requests boost q
59394-5,59394,1472,51,5,25.00,34336.75,0.04,0.02,N,O,1997-07-28,1997-08-25,1997-08-19,NONE,MAIL,gular requests cajole regular
59394-6,59394,342,71,6,18.00,22362.12,0.04,0.07,N,O,1997-07-24,1997-08-01,1997-08-12,TAKE BACK RETURN,MAIL,uickly express pearls
59395-1,59395,923,58,1,17.00,31006.64,0.01,0.05,A,F,1992-05-23,1992-07-04,1992-05-28,COLLECT COD,FOB,"y final packages. final, bold waters lose "
59395-2,59395,255,56,2,11.00,12707.75,0.06,0.00,A,F,1992-08-10,1992-06-17,1992-08-20,COLLECT COD,SHIP," ruthlessly. ironic, regular frays believe "
59396-1,59396,1673,74,1,50.00,78733.50,0.00,0.05,R,F,1995-01-12,1995-02-05,1995-01-31,COLLECT COD,MAIL,press dependencies sleep furiously unusua
59396-2,59396,1888,18,2,38.00,68015.44,0.06,0.01,R,F,1995-01-05,1995-01-30,1995-01-21,DELIVER IN PERSON,MAIL,. express deposits poa
59396-3,59396,445,75,3,33.00,44399.52,0.07,0.06,A,F,1995-01-13,1995-01-28,1995-01-15,NONE,MAIL,"ke regular, regular warthogs. final, "
59396-4,59396,856,90,4,26.00,45678.10,0.10,0.08,R,F,1995-01-09,1995-02-04,1995-02-06,COLLECT COD,REG AIR,"are special, even forges. blithely"
59396-5,59396,1702,87,5,47.00,75373.90,0.10,0.02,A,F,1994-11-24,1995-02-11,1994-11-28,COLLECT COD,MAIL,lly about the pinto be
59397-1,59397,1066,37,1,22.00,21275.32,0.02,0.02,N,O,1997-05-27,1997-05-02,1997-05-30,COLLECT COD,TRUCK,y final packages. 
59397-2,59397,635,36,2,37.00,56818.31,0.07,0.01,N,O,1997-03-30,1997-04-12,1997-04-15,NONE,REG AIR,s mold blithely fluffily even pack
59397-3,59397,1937,26,3,16.00,29422.88,0.02,0.04,N,O,1997-04-01,1997-04-24,1997-04-27,TAKE BACK RETURN,SHIP,ar packages. thinly special ideas ag
59397-4,59397,64,65,4,27.00,26029.62,0.05,0.03,N,O,1997-04-09,1997-05-18,1997-04-21,NONE,MAIL,y even deposits cajole fu
59398-1,59398,649,81,1,18.00,27893.52,0.02,0.05,N,O,1998-01-24,1998-03-02,1998-02-11,COLLECT COD,MAIL,"oxes. bold, silent instructions cajole"
59399-1,59399,1142,43,1,4.00,4172.56,0.05,0.07,N,O,1995-10-01,1995-09-23,1995-10-27,NONE,AIR,key players. brave ac
59399-2,59399,1522,3,2,30.00,42705.60,0.05,0.07,N,O,1995-09-28,1995-09-24,1995-10-05,COLLECT COD,RAIL,the final requests. express acc
59399-3,59399,1621,22,3,36.00,54814.32,0.00,0.03,N,O,1995-07-20,1995-09-07,1995-08-15,COLLECT COD,RAIL,as. accounts
59399-4,59399,1754,55,4,48.00,79476.00,0.04,0.05,N,O,1995-08-15,1995-09-14,1995-08-25,COLLECT COD,REG AIR,pecial theodoli
59399-5,59399,399,56,5,24.00,31185.36,0.07,0.04,N,O,1995-07-23,1995-08-04,1995-08-14,TAKE BACK RETURN,MAIL,e about the blithely regular 
59424-1,59424,95,96,1,15.00,14926.35,0.07,0.00,N,O,1997-03-26,1997-02-13,1997-04-02,NONE,AIR,ptotes across the furi
59424-2,59424,720,21,2,50.00,81036.00,0.08,0.06,N,O,1997-04-14,1997-02-08,1997-05-10,TAKE BACK RETURN,MAIL,requests. carefully
59424-3,59424,1888,18,3,27.00,48326.76,0.08,0.01,N,O,1997-03-19,1997-02-16,1997-03-27,TAKE BACK RETURN,REG AIR,doggedly special dependenci
59424-4,59424,1827,28,4,34.00,58779.88,0.08,0.08,N,O,1997-02-02,1997-02-06,1997-03-01,COLLECT COD,MAIL,lar deposits are furiously about the p
59425-1,59425,1684,85,1,34.00,53913.12,0.10,0.06,R,F,1992-08-20,1992-08-02,1992-08-26,COLLECT COD,SHIP, realms sleep
59425-2,59425,1528,29,2,35.00,50033.20,0.01,0.06,R,F,1992-07-21,1992-07-10,1992-08-12,COLLECT COD,AIR,"c, blithe pinto beans. reg"
59425-3,59425,1927,60,3,21.00,38407.32,0.07,0.06,A,F,1992-05-24,1992-08-13,1992-05-30,TAKE BACK RETURN,FOB,r packages sleep furiousl
59425-4,59425,456,44,4,35.00,47475.75,0.06,0.08,R,F,1992-08-26,1992-07-26,1992-09-19,COLLECT COD,AIR, sleep furiously final packages. silent 
59425-5,59425,372,29,5,26.00,33081.62,0.10,0.08,A,F,1992-07-15,1992-07-09,1992-07-25,COLLECT COD,TRUCK,r packages use deposits. bold requests 
59426-1,59426,461,49,1,33.00,44928.18,0.10,0.00,N,O,1996-02-20,1996-02-26,1996-03-21,COLLECT COD,FOB,accounts. bold dependencies
59426-2,59426,1637,20,2,30.00,46158.90,0.04,0.04,N,O,1996-03-27,1996-03-15,1996-04-10,COLLECT COD,AIR,leep slyly a
59426-3,59426,1906,95,3,18.00,32542.20,0.06,0.00,N,O,1996-03-20,1996-03-12,1996-04-08,DELIVER IN PERSON,REG AIR,sly along the carefully ironic ideas. pend
59426-4,59426,898,65,4,48.00,86346.72,0.04,0.02,N,O,1996-03-31,1996-04-24,1996-04-17,NONE,SHIP,ehind the blithely fina
59427-1,59427,603,97,1,24.00,36086.40,0.08,0.06,N,O,1996-11-02,1996-09-10,1996-11-03,NONE,AIR,y after the boldly special ideas. final 
59427-2,59427,1401,80,2,11.00,14326.40,0.00,0.05,N,O,1996-11-10,1996-10-13,1996-11-18,TAKE BACK RETURN,MAIL," deposits. regular, pending packages wa"
59427-3,59427,345,2,3,48.00,59776.32,0.03,0.07,N,O,1996-08-12,1996-10-02,1996-08-24,DELIVER IN PERSON,TRUCK,quickly even accounts cajole fluffi
59427-4,59427,452,82,4,36.00,48688.20,0.10,0.04,N,O,1996-10-29,1996-09-09,1996-11-09,TAKE BACK RETURN,REG AIR,ial foxes haggle. quickly 
59427-5,59427,1282,57,5,14.00,16565.92,0.07,0.08,N,O,1996-11-21,1996-10-19,1996-11-29,NONE,SHIP, after the quickly final 
59427-6,59427,697,29,6,20.00,31953.80,0.07,0.08,N,O,1996-09-02,1996-10-28,1996-09-08,TAKE BACK RETURN,RAIL,al accounts 
59428-1,59428,596,97,1,17.00,25442.03,0.00,0.04,A,F,1993-12-19,1993-11-18,1993-12-23,DELIVER IN PERSON,FOB,iously even reque
59428-2,59428,1325,64,2,43.00,52731.76,0.04,0.05,R,F,1993-12-19,1993-10-22,1993-12-25,NONE,REG AIR,pinto beans. always special pat
59428-3,59428,1526,27,3,40.00,57100.80,0.07,0.07,A,F,1993-11-20,1993-11-03,1993-12-08,DELIVER IN PERSON,SHIP,gle furiously among the regular foxes. do
59428-4,59428,777,78,4,17.00,28522.09,0.10,0.03,R,F,1993-12-06,1993-10-28,1993-12-21,NONE,MAIL,requests. furiously
59428-5,59428,65,91,5,27.00,26056.62,0.06,0.06,R,F,1993-11-28,1993-11-29,1993-12-25,NONE,MAIL,ilent braids along the f
59428-6,59428,338,95,6,34.00,42103.22,0.10,0.03,A,F,1993-09-12,1993-11-24,1993-10-05,DELIVER IN PERSON,MAIL,sly. stealthily final accou
59428-7,59428,490,78,7,37.00,51448.13,0.09,0.03,A,F,1993-10-05,1993-11-11,1993-10-09,TAKE BACK RETURN,MAIL, packages 
59429-1,59429,966,69,1,46.00,85880.16,0.06,0.03,A,F,1994-04-01,1994-02-10,1994-04-26,DELIVER IN PERSON,AIR, asymptotes wake across the sile
59429-2,59429,1618,19,2,11.00,16715.71,0.00,0.04,R,F,1994-03-06,1994-02-04,1994-03-08,DELIVER IN PERSON,SHIP,hinly ironic ideas haggle pack
59430-1,59430,428,87,1,5.00,6642.10,0.06,0.01,N,O,1997-11-21,1997-10-30,1997-12-01,DELIVER IN PERSON,AIR,"ic, final requests"
59430-2,59430,219,74,2,23.00,25741.83,0.03,0.02,N,O,1997-11-12,1997-11-01,1997-12-03,DELIVER IN PERSON,REG AIR,g instructions are quickly across the b
59430-3,59430,1147,84,3,21.00,22010.94,0.08,0.07,N,O,1997-10-15,1997-12-11,1997-11-12,DELIVER IN PERSON,REG AIR,otornis serve unusua
59431-1,59431,172,25,1,16.00,17154.72,0.07,0.07,A,F,1993-04-08,1993-03-26,1993-05-07,DELIVER IN PERSON,RAIL, finally bold deposits
59431-2,59431,331,32,2,1.00,1231.33,0.06,0.04,R,F,1993-05-02,1993-05-16,1993-05-25,TAKE BACK RETURN,TRUCK,ding deposits nag against the i
59431-3,59431,1688,12,3,28.00,44511.04,0.09,0.07,R,F,1993-03-02,1993-05-06,1993-03-30,NONE,MAIL,o the fluffily unusual platelets sleep alon
59431-4,59431,1741,68,4,32.00,52567.68,0.00,0.01,R,F,1993-06-22,1993-05-13,1993-06-28,COLLECT COD,REG AIR,bove the package
59456-1,59456,1862,63,1,7.00,12347.02,0.09,0.05,A,F,1992-01-20,1992-02-10,1992-02-07,COLLECT COD,REG AIR,ctions nag slyly quickl
59456-2,59456,722,87,2,30.00,48681.60,0.01,0.02,A,F,1992-02-27,1992-02-27,1992-03-07,TAKE BACK RETURN,TRUCK,egrate carefully. bra
59456-3,59456,752,85,3,23.00,38013.25,0.08,0.02,R,F,1992-01-11,1992-03-24,1992-01-27,TAKE BACK RETURN,TRUCK,"kages. final, final pinto beans"
59456-4,59456,242,24,4,3.00,3426.72,0.04,0.00,R,F,1992-01-24,1992-03-20,1992-02-22,DELIVER IN PERSON,FOB,al hockey players. furiousl
59456-5,59456,1999,32,5,33.00,62732.67,0.02,0.01,A,F,1992-02-03,1992-03-03,1992-02-08,DELIVER IN PERSON,RAIL,uests nag quickly. regu
59457-1,59457,915,50,1,37.00,67188.67,0.05,0.00,N,O,1998-10-14,1998-10-18,1998-10-17,COLLECT COD,SHIP,ts. pending requests
59457-2,59457,449,37,2,38.00,51278.72,0.08,0.04,N,O,1998-10-24,1998-10-02,1998-10-30,COLLECT COD,TRUCK,"s. express, special theodol"
59457-3,59457,434,93,3,10.00,13344.30,0.07,0.08,N,O,1998-08-22,1998-10-24,1998-08-26,DELIVER IN PERSON,RAIL,oze above the bold instru
59457-4,59457,1035,41,4,42.00,39313.26,0.05,0.03,N,O,1998-09-05,1998-10-15,1998-09-17,TAKE BACK RETURN,AIR,lithely after the blithely
59458-1,59458,1305,82,1,5.00,6031.50,0.08,0.06,N,O,1998-05-14,1998-06-29,1998-06-01,TAKE BACK RETURN,FOB,riously. blithely pending ins
59458-2,59458,1857,44,2,12.00,21106.20,0.08,0.08,N,O,1998-08-01,1998-06-01,1998-08-07,DELIVER IN PERSON,TRUCK,", silent deposits. slyly final instructions"
59458-3,59458,844,11,3,16.00,27917.44,0.10,0.03,N,O,1998-05-16,1998-06-02,1998-05-28,TAKE BACK RETURN,AIR,"le blithely across the pinto beans. idle, s"
59458-4,59458,1449,89,4,26.00,35111.44,0.06,0.00,N,O,1998-07-31,1998-07-03,1998-08-18,COLLECT COD,TRUCK,against the even deposits ar
59459-1,59459,1310,25,1,7.00,8479.17,0.00,0.04,R,F,1994-03-28,1994-04-29,1994-04-22,NONE,FOB,". pending, regular deposits nag qu"
59459-2,59459,1015,16,2,37.00,33892.37,0.05,0.08,A,F,1994-03-30,1994-05-01,1994-04-26,DELIVER IN PERSON,TRUCK,ents haggle. deposits use furiou
59459-3,59459,1602,26,3,3.00,4510.80,0.09,0.03,A,F,1994-02-18,1994-05-05,1994-02-22,DELIVER IN PERSON,MAIL,ructions a
59459-4,59459,1023,94,4,42.00,38808.84,0.00,0.08,A,F,1994-04-16,1994-04-08,1994-05-06,COLLECT COD,RAIL,lithely ir
59460-1,59460,1849,50,1,38.00,66531.92,0.03,0.05,N,O,1995-06-26,1995-07-04,1995-07-03,NONE,TRUCK, even requests. fi
59460-2,59460,1689,72,2,19.00,30222.92,0.01,0.04,N,O,1995-07-23,1995-05-27,1995-08-16,NONE,FOB,carefully slyly regular fo
59460-3,59460,482,70,3,42.00,58064.16,0.00,0.04,N,O,1995-08-18,1995-05-31,1995-09-13,COLLECT COD,REG AIR,"es. final, final requ"
59461-1,59461,472,2,1,40.00,54898.80,0.05,0.03,N,O,1997-10-27,1997-12-15,1997-11-21,DELIVER IN PERSON,SHIP, slyly. deposits use a
59461-2,59461,1497,37,2,7.00,9789.43,0.08,0.01,N,O,1997-12-07,1997-11-29,1998-01-04,TAKE BACK RETURN,SHIP, blithely against the i
59462-1,59462,1814,44,1,2.00,3431.62,0.01,0.01,N,O,1998-06-25,1998-05-24,1998-06-29,COLLECT COD,AIR,t theodolites nag. bli
59462-2,59462,1535,36,2,16.00,22984.48,0.09,0.05,N,O,1998-04-29,1998-06-17,1998-05-04,COLLECT COD,MAIL,ular packages. iro
59462-3,59462,486,87,3,23.00,31889.04,0.04,0.01,N,O,1998-03-23,1998-05-25,1998-03-29,NONE,SHIP,hely special accounts. quickl
59462-4,59462,1258,96,4,35.00,40573.75,0.03,0.08,N,O,1998-07-02,1998-06-10,1998-07-17,TAKE BACK RETURN,SHIP,uickly special courts across the 
59462-5,59462,884,18,5,2.00,3569.76,0.06,0.06,N,O,1998-06-11,1998-05-25,1998-06-19,COLLECT COD,RAIL,eodolites. furiously bold requests wake car
59462-6,59462,837,71,6,32.00,55610.56,0.06,0.06,N,O,1998-05-16,1998-06-04,1998-06-07,NONE,FOB,ter the slowl
59462-7,59462,640,34,7,11.00,16947.04,0.00,0.03,N,O,1998-06-17,1998-05-15,1998-06-30,TAKE BACK RETURN,REG AIR,h? closely unus
59463-1,59463,1140,13,1,21.00,21863.94,0.08,0.07,R,F,1994-02-13,1994-01-21,1994-03-04,NONE,MAIL,e quickly regular dependencies hagg
59463-2,59463,870,70,2,14.00,24792.18,0.09,0.05,R,F,1994-02-19,1994-01-18,1994-02-21,NONE,RAIL,ly ironic foxes across th
59463-3,59463,444,74,3,27.00,36299.88,0.10,0.00,R,F,1993-11-23,1994-01-13,1993-12-19,TAKE BACK RETURN,TRUCK,as. slyly final account
59463-4,59463,614,46,4,47.00,71186.67,0.04,0.03,A,F,1993-12-02,1993-12-17,1993-12-12,COLLECT COD,AIR, instructions integrate across the quick
59488-1,59488,1980,25,1,14.00,26347.72,0.10,0.06,N,O,1998-01-04,1998-01-02,1998-01-17,NONE,TRUCK, express id
59488-2,59488,609,72,2,36.00,54345.60,0.04,0.03,N,O,1998-01-23,1997-11-20,1998-01-24,COLLECT COD,TRUCK, against the slyly final pin
59488-3,59488,753,86,3,15.00,24806.25,0.09,0.07,N,O,1998-01-06,1997-12-24,1998-01-08,COLLECT COD,REG AIR,"nt, pending accounts. pe"
59489-1,59489,1387,64,1,28.00,36074.64,0.10,0.05,A,F,1992-04-01,1992-03-09,1992-04-15,DELIVER IN PERSON,AIR,in carefully. furiously ironic packages 
59489-2,59489,1341,80,2,40.00,49693.60,0.03,0.00,A,F,1992-03-15,1992-04-05,1992-03-28,TAKE BACK RETURN,MAIL,ickly regular reque
59489-3,59489,473,61,3,39.00,53565.33,0.01,0.08,R,F,1992-02-27,1992-04-11,1992-03-26,NONE,FOB,s platelets above the ironic ac
59489-4,59489,1037,43,4,29.00,27202.87,0.01,0.06,R,F,1992-04-03,1992-04-06,1992-04-15,DELIVER IN PERSON,FOB,encies. even requ
59489-5,59489,1216,17,5,50.00,55860.50,0.03,0.08,A,F,1992-04-16,1992-02-23,1992-05-15,DELIVER IN PERSON,MAIL,s haggle boldly pending instructions.
59490-1,59490,1441,42,1,41.00,55040.04,0.08,0.04,R,F,1993-10-06,1993-08-30,1993-10-25,COLLECT COD,TRUCK,ut the quickly bold decoys. c
59491-1,59491,1228,29,1,14.00,15809.08,0.09,0.03,R,F,1992-04-14,1992-04-26,1992-04-19,NONE,AIR,al excuses shall nag a
59491-2,59491,613,76,2,44.00,66598.84,0.06,0.00,A,F,1992-05-27,1992-06-23,1992-06-22,NONE,REG AIR, the regular requests.
59491-3,59491,1735,20,3,38.00,62195.74,0.04,0.06,R,F,1992-05-14,1992-04-24,1992-06-08,NONE,AIR,its. fluffily final requests
59491-4,59491,1714,15,4,28.00,45239.88,0.02,0.03,R,F,1992-06-26,1992-06-02,1992-07-05,DELIVER IN PERSON,REG AIR,accounts use. sheaves a
59491-5,59491,1049,55,5,33.00,31351.32,0.03,0.00,A,F,1992-05-25,1992-05-21,1992-06-06,DELIVER IN PERSON,REG AIR,ly regular requests nag carefully among t
59491-6,59491,1785,28,6,1.00,1686.78,0.10,0.07,R,F,1992-04-30,1992-05-20,1992-05-07,TAKE BACK RETURN,SHIP,quickly silent packages detect car
59492-1,59492,58,9,1,48.00,45986.40,0.02,0.02,A,F,1992-11-21,1993-01-20,1992-12-18,COLLECT COD,SHIP,against the blithely exp
59492-2,59492,347,4,2,19.00,23699.46,0.07,0.01,R,F,1993-01-02,1992-12-13,1993-01-16,DELIVER IN PERSON,RAIL,ar courts. bold theodolites sl
59493-1,59493,1905,6,1,4.00,7227.60,0.04,0.05,N,O,1996-05-23,1996-06-07,1996-06-14,COLLECT COD,FOB, accounts cajole across the c
59493-2,59493,74,100,2,41.00,39936.87,0.08,0.04,N,O,1996-04-14,1996-05-26,1996-05-02,COLLECT COD,MAIL,unusual excuses grow. furiously unus
59493-3,59493,729,30,3,19.00,30964.68,0.08,0.06,N,O,1996-03-23,1996-04-14,1996-03-29,DELIVER IN PERSON,AIR, the slyly final pinto beans integra
59494-1,59494,993,94,1,37.00,70077.63,0.04,0.02,N,O,1997-05-26,1997-08-10,1997-06-05,COLLECT COD,MAIL,yly regular idea
59494-2,59494,1505,46,2,47.00,66105.50,0.10,0.07,N,O,1997-06-10,1997-06-25,1997-07-02,TAKE BACK RETURN,RAIL,ts against the slyly final deposits in
59495-1,59495,1138,11,1,5.00,5195.65,0.03,0.02,R,F,1993-01-05,1992-11-26,1993-02-03,TAKE BACK RETURN,TRUCK,ial dolphins cajole r
59495-2,59495,1375,52,2,29.00,37014.73,0.04,0.02,A,F,1993-02-01,1992-12-07,1993-03-01,TAKE BACK RETURN,RAIL,s use slyly express pinto beans. carefully 
59495-3,59495,1959,4,3,50.00,93047.50,0.06,0.07,R,F,1992-10-18,1992-12-21,1992-10-27,TAKE BACK RETURN,AIR,", unusual instruction"
59495-4,59495,1355,56,4,18.00,22614.30,0.08,0.06,A,F,1992-11-02,1993-01-03,1992-11-25,COLLECT COD,TRUCK,jole. unusual ti
59495-5,59495,1296,97,5,30.00,35918.70,0.10,0.07,R,F,1992-12-12,1992-12-15,1992-12-16,COLLECT COD,FOB,blithely idly regular requests. furiou
59520-1,59520,106,85,1,25.00,25152.50,0.03,0.00,N,O,1997-07-01,1997-08-09,1997-07-21,TAKE BACK RETURN,SHIP, platelets
59520-2,59520,1892,93,2,22.00,39465.58,0.01,0.06,N,O,1997-06-07,1997-07-14,1997-06-12,TAKE BACK RETURN,SHIP,ong the final 
59520-3,59520,422,52,3,1.00,1322.42,0.03,0.05,N,O,1997-07-21,1997-08-12,1997-08-08,DELIVER IN PERSON,RAIL,usual theodolites. pending requests no
59520-4,59520,765,66,4,23.00,38312.48,0.04,0.03,N,O,1997-06-29,1997-08-19,1997-06-30,DELIVER IN PERSON,REG AIR, instructions. packages nag bli
59520-5,59520,1937,26,5,27.00,49651.11,0.09,0.04,N,O,1997-06-06,1997-08-02,1997-06-29,TAKE BACK RETURN,MAIL,refully daring 
59520-6,59520,1228,66,6,23.00,25972.06,0.07,0.00,N,O,1997-08-30,1997-07-29,1997-09-23,COLLECT COD,MAIL,p slyly ironic p
59520-7,59520,602,96,7,2.00,3005.20,0.06,0.03,N,O,1997-06-17,1997-07-06,1997-07-01,COLLECT COD,REG AIR,"ously unusual packages. final, final r"
59521-1,59521,676,8,1,25.00,39416.75,0.03,0.05,N,O,1996-02-05,1995-12-30,1996-02-27,COLLECT COD,TRUCK,l deposits: packages acc
59521-2,59521,1420,99,2,25.00,33035.50,0.09,0.00,N,O,1995-10-11,1995-11-21,1995-10-29,DELIVER IN PERSON,TRUCK,ic packages. express theo
59522-1,59522,1417,35,1,21.00,27686.61,0.05,0.00,A,F,1993-07-16,1993-09-27,1993-07-31,NONE,REG AIR,al instructions; slyly bold
59522-2,59522,1374,75,2,2.00,2550.74,0.09,0.06,R,F,1993-07-30,1993-08-16,1993-08-20,DELIVER IN PERSON,TRUCK,al dependencies integrate s
59523-1,59523,878,45,1,27.00,48029.49,0.02,0.07,N,O,1995-10-19,1995-10-13,1995-11-06,COLLECT COD,RAIL,idly regular
59523-2,59523,1515,96,2,48.00,67992.48,0.02,0.07,N,O,1995-09-28,1995-10-20,1995-10-01,DELIVER IN PERSON,RAIL,lar foxes. fluffily regular accounts w
59524-1,59524,1022,93,1,31.00,28613.62,0.03,0.03,A,F,1993-11-29,1993-09-11,1993-12-10,TAKE BACK RETURN,TRUCK, regular ideas. boldly special
59524-2,59524,144,23,2,20.00,20882.80,0.09,0.02,R,F,1993-09-14,1993-10-23,1993-09-25,TAKE BACK RETURN,AIR,elets. daring
59524-3,59524,125,26,3,40.00,41004.80,0.01,0.03,A,F,1993-09-11,1993-10-03,1993-10-01,COLLECT COD,REG AIR,inal decoys slee
59525-1,59525,741,38,1,13.00,21342.62,0.07,0.04,N,O,1997-03-28,1997-02-17,1997-04-12,TAKE BACK RETURN,REG AIR,otes along the iron
59525-2,59525,525,86,2,5.00,7127.60,0.00,0.02,N,O,1997-03-10,1997-03-11,1997-03-13,DELIVER IN PERSON,RAIL,ng deposits cajole 
59525-3,59525,1583,64,3,6.00,8907.48,0.10,0.00,N,O,1997-04-22,1997-02-23,1997-04-28,TAKE BACK RETURN,REG AIR,", pending excus"
59525-4,59525,492,93,4,43.00,59877.07,0.10,0.05,N,O,1997-01-09,1997-03-03,1997-02-01,NONE,SHIP,y above the slyly final foxes. furiou
59525-5,59525,960,63,5,12.00,22331.52,0.04,0.08,N,O,1997-03-15,1997-02-23,1997-03-19,TAKE BACK RETURN,AIR, even packages above the bli
59526-1,59526,1614,15,1,13.00,19702.93,0.10,0.08,N,O,1998-04-14,1998-06-23,1998-05-05,NONE,FOB, dolphins boost furiousl
59526-2,59526,1655,38,2,43.00,66935.95,0.06,0.08,N,O,1998-06-26,1998-06-25,1998-07-20,COLLECT COD,MAIL,"cial, bold pinto beans affix. "
59527-1,59527,772,5,1,10.00,16727.70,0.04,0.04,N,O,1998-11-10,1998-10-07,1998-11-15,TAKE BACK RETURN,TRUCK,ve the blithely final requests cajole ca
59527-2,59527,1763,48,2,37.00,61596.12,0.02,0.00,N,O,1998-11-09,1998-09-25,1998-11-23,COLLECT COD,SHIP,oxes solve slyly
59527-3,59527,261,16,3,21.00,24386.46,0.05,0.07,N,O,1998-09-01,1998-10-02,1998-09-19,NONE,RAIL,kages sleep accounts! unusual ide
59527-4,59527,1127,64,4,36.00,37012.32,0.07,0.04,N,O,1998-08-27,1998-09-15,1998-09-21,COLLECT COD,SHIP,. pinto beans among the
59527-5,59527,156,35,5,37.00,39077.55,0.06,0.04,N,O,1998-08-05,1998-09-04,1998-08-13,DELIVER IN PERSON,AIR,"kages. regular, e"
59527-6,59527,589,90,6,17.00,25322.86,0.09,0.02,N,O,1998-10-30,1998-09-09,1998-11-11,COLLECT COD,TRUCK, bold ideas boost blithely according
59527-7,59527,1867,54,7,12.00,21226.32,0.06,0.02,N,O,1998-08-28,1998-09-16,1998-09-02,NONE,SHIP,ly bold courts. regular depos
59552-1,59552,1977,10,1,39.00,73279.83,0.02,0.01,R,F,1993-03-31,1993-03-21,1993-04-01,DELIVER IN PERSON,FOB,al packages
59552-2,59552,595,96,2,21.00,31407.39,0.09,0.08,R,F,1993-03-04,1993-02-19,1993-03-09,DELIVER IN PERSON,MAIL, to affix furiously final requests. slyly b
59552-3,59552,1247,22,3,48.00,55115.52,0.05,0.00,R,F,1993-04-04,1993-04-14,1993-04-15,NONE,RAIL,equests. furiously final packages a
59552-4,59552,522,83,4,5.00,7112.60,0.05,0.08,R,F,1993-01-28,1993-04-12,1993-02-24,NONE,REG AIR,ate blithely even theodolites.
59552-5,59552,290,45,5,23.00,27376.67,0.04,0.08,A,F,1993-01-19,1993-03-18,1993-02-11,NONE,REG AIR,s. tithes hinder carefully pinto beans
59553-1,59553,233,15,1,27.00,30597.21,0.03,0.08,R,F,1994-03-10,1993-12-25,1994-03-20,NONE,FOB,ns. ironic requests are. quickly 
59553-2,59553,416,4,2,24.00,31593.84,0.07,0.08,A,F,1994-01-27,1994-01-06,1994-02-14,COLLECT COD,SHIP,xpress accounts w
59553-3,59553,519,10,3,18.00,25551.18,0.02,0.02,A,F,1993-12-14,1994-02-02,1993-12-27,TAKE BACK RETURN,RAIL,e of the quickly regular
59553-4,59553,1708,93,4,31.00,49900.70,0.00,0.03,A,F,1994-02-05,1993-12-20,1994-03-04,TAKE BACK RETURN,RAIL,"usly bold asymptotes. regular, final reques"
59553-5,59553,933,34,5,23.00,42180.39,0.01,0.03,R,F,1994-01-18,1993-12-31,1994-01-31,NONE,SHIP,are carefully.
59553-6,59553,1236,37,6,33.00,37528.59,0.00,0.03,A,F,1994-01-22,1993-12-31,1994-02-15,DELIVER IN PERSON,TRUCK, the furiously i
59553-7,59553,705,70,7,14.00,22479.80,0.05,0.00,A,F,1994-03-04,1993-12-24,1994-03-21,TAKE BACK RETURN,RAIL,cuses dazzle across the ironic
59554-1,59554,1259,34,1,10.00,11602.50,0.07,0.07,N,O,1995-12-29,1996-02-13,1996-01-13,DELIVER IN PERSON,MAIL,ven dolphins
59554-2,59554,16,42,2,42.00,38472.42,0.03,0.05,N,O,1996-02-09,1996-01-18,1996-02-24,NONE,REG AIR,pending acc
59554-3,59554,1467,85,3,3.00,4105.38,0.06,0.08,N,O,1996-01-05,1995-12-29,1996-01-16,COLLECT COD,TRUCK,e carefully even de
59554-4,59554,373,58,4,48.00,61121.76,0.09,0.04,N,O,1996-02-25,1996-02-03,1996-03-20,DELIVER IN PERSON,MAIL,st the carefully even depths integrate quic
59554-5,59554,328,13,5,8.00,9826.56,0.02,0.00,N,O,1995-12-20,1996-01-08,1996-01-04,DELIVER IN PERSON,TRUCK,counts. deposits sleep ironically b
59554-6,59554,1406,46,6,43.00,56218.20,0.09,0.03,N,O,1996-02-18,1996-01-06,1996-03-13,DELIVER IN PERSON,SHIP,al accounts! carefully ironic packages 
59554-7,59554,1900,87,7,47.00,84689.30,0.10,0.05,N,O,1996-02-19,1996-01-26,1996-03-14,DELIVER IN PERSON,REG AIR,ongside of the carefully regula
59555-1,59555,62,63,1,1.00,962.06,0.07,0.04,N,O,1996-05-28,1996-03-13,1996-06-09,NONE,SHIP,gainst the special requests are carefully e
59555-2,59555,707,8,2,41.00,65915.70,0.07,0.08,N,O,1996-02-13,1996-03-17,1996-02-27,DELIVER IN PERSON,REG AIR,ubt blithely express warhorses. slyly
59555-3,59555,1984,85,3,17.00,32061.66,0.02,0.04,N,O,1996-02-24,1996-04-24,1996-03-19,NONE,SHIP,jole slyly ironic packages. pen
59555-4,59555,666,98,4,22.00,34466.52,0.10,0.05,N,O,1996-02-04,1996-04-10,1996-02-13,DELIVER IN PERSON,RAIL,"eans. special, final dependencies al"
59555-5,59555,509,10,5,18.00,25371.00,0.03,0.07,N,O,1996-05-04,1996-04-02,1996-05-14,NONE,REG AIR,iously idly special instructions.
59555-6,59555,1621,45,6,35.00,53291.70,0.06,0.03,N,O,1996-03-25,1996-02-29,1996-04-14,TAKE BACK RETURN,AIR,use carefully among the
59555-7,59555,982,51,7,13.00,24478.74,0.09,0.08,N,O,1996-02-08,1996-03-11,1996-03-03,NONE,REG AIR,"g against the even, final p"
59556-1,59556,15,16,1,33.00,30195.33,0.04,0.05,R,F,1994-12-20,1995-01-30,1994-12-21,NONE,REG AIR,es. blithely
59556-2,59556,1326,65,2,34.00,41728.88,0.08,0.08,A,F,1995-01-06,1995-02-13,1995-01-09,DELIVER IN PERSON,REG AIR,uses run fluffily along th
59556-3,59556,893,27,3,38.00,68167.82,0.02,0.02,A,F,1995-01-20,1995-03-02,1995-02-01,TAKE BACK RETURN,AIR,boost quickly. stealthily even packages x-r
59557-1,59557,479,38,1,11.00,15174.17,0.03,0.02,N,O,1997-09-28,1997-07-11,1997-10-12,TAKE BACK RETURN,TRUCK,ely special package
59557-2,59557,1026,62,2,9.00,8343.18,0.08,0.03,N,O,1997-09-24,1997-08-08,1997-10-17,NONE,TRUCK, ironic reques
59557-3,59557,1379,94,3,21.00,26887.77,0.06,0.00,N,O,1997-08-10,1997-07-31,1997-08-30,NONE,FOB, nag about the qui
59557-4,59557,1839,69,4,19.00,33075.77,0.02,0.06,N,O,1997-09-02,1997-08-08,1997-09-11,TAKE BACK RETURN,RAIL, quickly. furiously express ac
59558-1,59558,768,1,1,35.00,58406.60,0.08,0.06,A,F,1992-11-12,1992-10-14,1992-11-23,COLLECT COD,TRUCK,ly quickly regular instructions. f
59558-2,59558,13,39,2,3.00,2739.03,0.08,0.04,R,F,1992-09-01,1992-09-01,1992-09-15,COLLECT COD,RAIL,arefully. carefully bold theodolites nag f
59558-3,59558,1673,97,3,24.00,37792.08,0.07,0.00,A,F,1992-08-15,1992-09-24,1992-09-08,COLLECT COD,FOB,"s. pending, express accounts alon"
59559-1,59559,1428,68,1,41.00,54506.22,0.03,0.01,A,F,1993-11-22,1993-11-30,1993-12-18,NONE,RAIL,y regular dolphins at the fina
59559-2,59559,734,67,2,9.00,14712.57,0.06,0.01,R,F,1993-11-21,1993-12-02,1993-12-14,COLLECT COD,AIR,accounts snooze carefully. bold 
59559-3,59559,742,7,3,31.00,50924.94,0.02,0.03,R,F,1993-09-26,1993-11-03,1993-10-26,DELIVER IN PERSON,TRUCK,wly ironic theodolites! qu
59559-4,59559,1291,3,4,22.00,26230.38,0.04,0.00,R,F,1993-10-13,1993-12-11,1993-10-21,DELIVER IN PERSON,RAIL,ructions wake b
59559-5,59559,1094,95,5,43.00,42788.87,0.04,0.03,R,F,1993-12-15,1993-12-17,1993-12-29,NONE,RAIL,ding notornis sleep. slyly regular 
59584-1,59584,1927,16,1,11.00,20118.12,0.07,0.03,R,F,1993-07-30,1993-08-01,1993-08-09,COLLECT COD,SHIP,tructions. qu
59584-2,59584,120,99,2,3.00,3060.36,0.06,0.01,A,F,1993-09-20,1993-08-03,1993-09-30,TAKE BACK RETURN,FOB,instructions. carefully st
59584-3,59584,472,73,3,39.00,53526.33,0.09,0.02,R,F,1993-08-20,1993-07-29,1993-09-13,COLLECT COD,REG AIR,olites are fluffi
59584-4,59584,806,6,4,2.00,3413.60,0.05,0.08,A,F,1993-09-23,1993-08-04,1993-10-16,DELIVER IN PERSON,AIR,ccounts. slyly 
59584-5,59584,24,100,5,18.00,16632.36,0.03,0.04,R,F,1993-09-23,1993-07-06,1993-10-09,NONE,MAIL,requests. blithely ironic requests detect
59584-6,59584,116,95,6,40.00,40644.40,0.04,0.04,A,F,1993-06-23,1993-08-09,1993-07-23,NONE,RAIL,counts. furiously special account
59584-7,59584,1191,28,7,16.00,17475.04,0.10,0.00,R,F,1993-09-23,1993-08-10,1993-10-17,COLLECT COD,REG AIR,e blithely even packages kindle 
59585-1,59585,1373,74,1,36.00,45877.32,0.09,0.00,R,F,1993-01-18,1992-11-14,1993-02-01,NONE,RAIL,ding forges sleep blithely brave platel
59585-2,59585,627,90,2,12.00,18331.44,0.07,0.08,A,F,1992-11-08,1992-11-15,1992-11-23,NONE,MAIL,y. slyly regular pa
59585-3,59585,530,21,3,36.00,51499.08,0.08,0.00,R,F,1992-09-28,1992-12-14,1992-10-10,NONE,SHIP,ges sleep carefully special inst
59585-4,59585,1416,34,4,14.00,18443.74,0.02,0.08,R,F,1992-12-18,1992-11-08,1993-01-04,TAKE BACK RETURN,MAIL,even courts are quickly bl
59585-5,59585,1203,78,5,34.00,37542.80,0.03,0.02,A,F,1992-10-14,1992-11-18,1992-10-19,NONE,AIR,ld accounts sleep blithely according to
59586-1,59586,933,68,1,31.00,56851.83,0.10,0.00,R,F,1992-06-17,1992-06-06,1992-07-09,COLLECT COD,REG AIR,the slyly silent dependencies. quickly u
59586-2,59586,1982,71,2,25.00,47099.50,0.01,0.05,R,F,1992-04-01,1992-04-13,1992-04-12,NONE,FOB, final dolphin
59586-3,59586,1131,68,3,49.00,50574.37,0.08,0.01,A,F,1992-04-20,1992-05-18,1992-04-25,COLLECT COD,MAIL,nal courts cajole evenly ironic requ
59586-4,59586,570,1,4,50.00,73528.50,0.08,0.04,R,F,1992-03-31,1992-05-16,1992-04-08,NONE,MAIL,horses sleep slyly. even accounts sleep 
59587-1,59587,1410,28,1,7.00,9179.87,0.00,0.05,A,F,1993-11-27,1993-10-25,1993-12-17,NONE,REG AIR,ic ideas. slyly even de
59588-1,59588,537,68,1,46.00,66126.38,0.00,0.08,N,O,1995-07-15,1995-08-26,1995-07-27,NONE,FOB,e slyly quiet warthogs. slyly
59589-1,59589,520,81,1,38.00,53979.76,0.06,0.05,R,F,1992-06-14,1992-05-22,1992-07-08,NONE,TRUCK,ooze blithely excuses. slyl
59589-2,59589,482,12,2,15.00,20737.20,0.08,0.07,A,F,1992-06-07,1992-07-01,1992-06-16,COLLECT COD,MAIL,ent instructions kindle quickly accordin
59590-1,59590,779,44,1,32.00,53752.64,0.02,0.03,A,F,1993-05-06,1993-04-12,1993-05-12,TAKE BACK RETURN,REG AIR,e ironic pin
59590-2,59590,1981,14,2,15.00,28244.70,0.09,0.05,A,F,1993-06-17,1993-05-12,1993-07-07,NONE,TRUCK, regular wartho
59590-3,59590,215,97,3,42.00,46838.82,0.05,0.03,R,F,1993-04-20,1993-04-20,1993-04-29,COLLECT COD,RAIL,carefully even packages. furiously silent p
59590-4,59590,1295,7,4,25.00,29907.25,0.03,0.03,R,F,1993-03-28,1993-05-12,1993-04-04,DELIVER IN PERSON,REG AIR,its are blithely. brave accounts haggle
59590-5,59590,666,67,5,33.00,51699.78,0.06,0.06,A,F,1993-04-15,1993-04-13,1993-05-14,COLLECT COD,SHIP,s nod furiously furiously express instru
59590-6,59590,1339,16,6,28.00,34729.24,0.02,0.02,A,F,1993-05-27,1993-04-19,1993-06-08,NONE,AIR,posits sleep busily bold braids. ide
59590-7,59590,1517,38,7,14.00,19859.14,0.06,0.04,A,F,1993-03-22,1993-04-09,1993-04-15,COLLECT COD,FOB,ely enticing deposits-- even 
59591-1,59591,1196,5,1,49.00,53762.31,0.00,0.06,R,F,1994-12-15,1994-12-23,1994-12-24,TAKE BACK RETURN,AIR,odolites use busily carefu
59591-2,59591,1877,7,2,18.00,32019.66,0.01,0.07,A,F,1994-12-13,1994-11-27,1995-01-04,TAKE BACK RETURN,REG AIR,inal excuses. 
59616-1,59616,1115,24,1,49.00,49789.39,0.09,0.00,N,O,1997-06-04,1997-07-17,1997-07-01,NONE,MAIL,en packages among the 
59616-2,59616,1283,84,2,19.00,22501.32,0.06,0.00,N,O,1997-05-21,1997-07-03,1997-06-11,TAKE BACK RETURN,FOB,"gedly quickly unusual requests. unusual, "
59616-3,59616,64,90,3,11.00,10604.66,0.02,0.01,N,O,1997-06-13,1997-07-01,1997-07-06,DELIVER IN PERSON,AIR,gular theodolites print fi
59617-1,59617,1764,65,1,14.00,23320.64,0.06,0.08,R,F,1993-05-26,1993-06-28,1993-06-09,COLLECT COD,FOB,"the accounts. bold, ev"
59617-2,59617,1530,31,2,14.00,20041.42,0.08,0.00,A,F,1993-08-08,1993-06-21,1993-08-18,COLLECT COD,TRUCK,ggle. deposits haggle. blith
59617-3,59617,1646,29,3,30.00,46429.20,0.03,0.05,A,F,1993-08-25,1993-07-31,1993-09-17,COLLECT COD,REG AIR,uests sleep. fu
59617-4,59617,1501,22,4,42.00,58905.00,0.03,0.00,R,F,1993-08-21,1993-07-02,1993-09-10,DELIVER IN PERSON,TRUCK,lar packages
59617-5,59617,1417,57,5,22.00,29005.02,0.07,0.01,A,F,1993-08-27,1993-07-11,1993-09-03,TAKE BACK RETURN,SHIP,t. quickly final request
59618-1,59618,494,82,1,2.00,2788.98,0.04,0.06,N,O,1997-02-21,1997-02-16,1997-02-23,COLLECT COD,SHIP," express, ironic requests. fina"
59618-2,59618,42,43,2,38.00,35797.52,0.00,0.08,N,O,1997-02-21,1997-03-22,1997-03-21,TAKE BACK RETURN,FOB,y bold instructions. ideas are
59618-3,59618,824,58,3,33.00,56919.06,0.00,0.01,N,O,1997-04-09,1997-03-14,1997-05-02,DELIVER IN PERSON,MAIL,ully above the accounts. grouches play flu
59618-4,59618,33,59,4,34.00,31723.02,0.10,0.04,N,O,1997-01-09,1997-02-22,1997-01-26,TAKE BACK RETURN,RAIL,nt platelets. blithely final accou
59618-5,59618,786,51,5,40.00,67471.20,0.07,0.01,N,O,1997-03-12,1997-03-11,1997-03-26,COLLECT COD,REG AIR,y: thin acco
59618-6,59618,1794,79,6,2.00,3391.58,0.06,0.08,N,O,1997-03-07,1997-02-14,1997-04-06,TAKE BACK RETURN,SHIP,iously. bold requests are quickl
59618-7,59618,1357,34,7,35.00,44042.25,0.08,0.08,N,O,1997-03-24,1997-03-27,1997-04-23,TAKE BACK RETURN,MAIL,inal packages wake fluffily sly
59619-1,59619,838,72,1,26.00,45209.58,0.08,0.05,A,F,1993-03-04,1993-03-23,1993-03-14,DELIVER IN PERSON,MAIL,tions are some
59619-2,59619,1615,98,2,32.00,48531.52,0.07,0.01,R,F,1993-05-02,1993-04-09,1993-05-27,COLLECT COD,RAIL,s alongside of the ironic request
59619-3,59619,1857,58,3,45.00,79148.25,0.01,0.03,R,F,1993-04-23,1993-04-07,1993-04-28,NONE,MAIL, pinto beans. carefully unusua
59620-1,59620,830,97,1,27.00,46732.41,0.09,0.05,N,O,1998-07-01,1998-06-04,1998-07-17,TAKE BACK RETURN,TRUCK,al pinto beans. quickly bo
59620-2,59620,457,45,2,19.00,25791.55,0.10,0.02,N,O,1998-08-18,1998-06-17,1998-08-20,DELIVER IN PERSON,REG AIR,le. unusual packages s
59620-3,59620,329,58,3,25.00,30733.00,0.09,0.01,N,O,1998-05-27,1998-07-08,1998-06-17,COLLECT COD,SHIP,ts play among th
59620-4,59620,862,62,4,43.00,75802.98,0.04,0.07,N,O,1998-07-05,1998-07-25,1998-07-27,DELIVER IN PERSON,FOB,. slyly regular accounts print. even t
59620-5,59620,36,37,5,5.00,4680.15,0.07,0.04,N,O,1998-06-06,1998-07-12,1998-06-26,TAKE BACK RETURN,FOB, regular i
59620-6,59620,26,77,6,25.00,23150.50,0.01,0.04,N,O,1998-05-12,1998-06-19,1998-06-11,COLLECT COD,MAIL,its sleep furiously regular depend
59620-7,59620,1731,16,7,12.00,19592.76,0.07,0.02,N,O,1998-05-01,1998-06-01,1998-05-09,COLLECT COD,AIR,. excuses haggle furiously blithely
59621-1,59621,336,65,1,28.00,34617.24,0.04,0.05,N,O,1997-06-19,1997-07-01,1997-07-05,TAKE BACK RETURN,REG AIR,e final pinto beans boost slyl
59621-2,59621,760,93,2,16.00,26572.16,0.06,0.05,N,O,1997-05-16,1997-05-31,1997-05-29,COLLECT COD,SHIP,"ely. bold, express requ"
59621-3,59621,1162,99,3,20.00,21263.20,0.00,0.04,N,O,1997-08-09,1997-06-29,1997-08-12,TAKE BACK RETURN,SHIP,fully regular pa
59621-4,59621,788,21,4,1.00,1688.78,0.01,0.08,N,O,1997-06-27,1997-07-03,1997-06-28,DELIVER IN PERSON,AIR,sts. fluffily even realms 
59621-5,59621,552,13,5,39.00,56649.45,0.00,0.03,N,O,1997-05-22,1997-07-04,1997-06-16,NONE,SHIP, the requests. carefully sp
59621-6,59621,947,16,6,10.00,18479.40,0.08,0.02,N,O,1997-08-21,1997-07-21,1997-08-22,COLLECT COD,SHIP,blithely slyly ironic dependencies. 
59622-1,59622,1235,10,1,43.00,48857.89,0.05,0.04,N,O,1998-07-14,1998-07-13,1998-07-25,NONE,MAIL, the slyly pending accounts
59622-2,59622,802,3,2,21.00,35758.80,0.02,0.01,N,O,1998-07-06,1998-06-08,1998-08-03,COLLECT COD,RAIL,boost furi
59622-3,59622,1620,44,3,49.00,74559.38,0.09,0.02,N,O,1998-06-04,1998-07-07,1998-06-13,TAKE BACK RETURN,TRUCK,se slyly express packages. fluffi
59622-4,59622,887,88,4,42.00,75090.96,0.09,0.05,N,O,1998-08-26,1998-06-21,1998-08-28,DELIVER IN PERSON,TRUCK,d deposits use busily against the regular i
59622-5,59622,960,29,5,48.00,89326.08,0.10,0.08,N,O,1998-05-17,1998-07-05,1998-05-21,COLLECT COD,MAIL,. slyly express requests affix slyly
59622-6,59622,1580,81,6,13.00,19260.54,0.04,0.03,N,O,1998-06-19,1998-06-20,1998-06-26,DELIVER IN PERSON,REG AIR,ep quickly across the
59623-1,59623,1223,35,1,14.00,15739.08,0.10,0.00,N,O,1997-06-02,1997-03-14,1997-06-26,DELIVER IN PERSON,RAIL,"bove the pending, ironic platelets a"
59623-2,59623,291,19,2,29.00,34547.41,0.06,0.05,N,O,1997-05-16,1997-04-18,1997-06-02,DELIVER IN PERSON,REG AIR,e pinto beans. fluffily regular escapad
59623-3,59623,968,37,3,20.00,37379.20,0.06,0.00,N,O,1997-02-18,1997-03-25,1997-03-08,TAKE BACK RETURN,RAIL,gular pains use furiousl
59623-4,59623,185,38,4,27.00,29299.86,0.09,0.04,N,O,1997-05-31,1997-04-29,1997-06-23,TAKE BACK RETURN,TRUCK,lar accounts use fur
59623-5,59623,50,1,5,44.00,41802.20,0.08,0.03,N,O,1997-03-13,1997-03-19,1997-03-19,NONE,SHIP,ar dependenci
59623-6,59623,1870,71,6,50.00,88593.50,0.02,0.01,N,O,1997-04-15,1997-05-07,1997-04-24,COLLECT COD,MAIL,oost furiously about the carefully ironic 
59623-7,59623,1927,28,7,36.00,65841.12,0.05,0.04,N,O,1997-04-08,1997-04-23,1997-04-09,NONE,FOB,ly. carefully bold courts at th
59648-1,59648,195,22,1,36.00,39426.84,0.01,0.08,N,O,1997-12-10,1997-10-02,1997-12-31,TAKE BACK RETURN,MAIL,s cajole final foxes. slyly sly 
59648-2,59648,1920,53,2,47.00,85630.24,0.01,0.08,N,O,1997-10-06,1997-09-10,1997-10-31,TAKE BACK RETURN,FOB,"ly even excuses are regular, spec"
59648-3,59648,1061,67,3,22.00,21165.32,0.02,0.05,N,O,1997-08-22,1997-09-23,1997-09-06,COLLECT COD,REG AIR,elets. ironic requests across t
59649-1,59649,940,9,1,43.00,79160.42,0.07,0.03,N,O,1997-07-26,1997-10-08,1997-08-07,DELIVER IN PERSON,RAIL,"usly regular dolphins. final, unusual "
59649-2,59649,982,17,2,31.00,58372.38,0.03,0.05,N,O,1997-07-23,1997-09-07,1997-08-20,NONE,MAIL,sual accounts cajole
59649-3,59649,1120,57,3,13.00,13274.56,0.01,0.07,N,O,1997-10-26,1997-09-21,1997-11-23,NONE,SHIP,instructions ben
59649-4,59649,988,23,4,21.00,39668.58,0.06,0.02,N,O,1997-10-25,1997-08-23,1997-10-31,DELIVER IN PERSON,MAIL,ke furiously according to the carefully bus
59649-5,59649,1387,64,5,34.00,43804.92,0.05,0.06,N,O,1997-08-10,1997-09-02,1997-08-14,NONE,RAIL,usly final a
59649-6,59649,476,77,6,1.00,1376.47,0.03,0.01,N,O,1997-08-19,1997-08-21,1997-09-08,NONE,TRUCK,es; slyly re
59649-7,59649,479,9,7,30.00,41384.10,0.03,0.01,N,O,1997-11-10,1997-10-05,1997-11-17,TAKE BACK RETURN,FOB,s. regular in
59650-1,59650,679,80,1,12.00,18956.04,0.00,0.01,A,F,1993-04-25,1993-02-03,1993-05-09,COLLECT COD,TRUCK,ng to the furiously express 
59650-2,59650,956,91,2,7.00,12998.65,0.03,0.00,A,F,1993-03-04,1993-02-06,1993-04-02,DELIVER IN PERSON,AIR,y express packages. gifts cajol
59650-3,59650,893,60,3,9.00,16145.01,0.09,0.05,A,F,1993-04-04,1993-02-13,1993-04-17,NONE,AIR,s doubt busily according
59651-1,59651,705,2,1,49.00,78679.30,0.08,0.01,R,F,1993-06-05,1993-07-10,1993-06-26,COLLECT COD,REG AIR,. carefully special foxe
59651-2,59651,1877,21,2,42.00,74712.54,0.01,0.01,R,F,1993-09-02,1993-07-15,1993-09-16,NONE,MAIL,ts boost carefully fi
59651-3,59651,1765,8,3,2.00,3333.52,0.08,0.02,R,F,1993-09-10,1993-07-03,1993-09-14,TAKE BACK RETURN,SHIP,y even accounts. dependencies h
59651-4,59651,1799,84,4,8.00,13606.32,0.09,0.06,A,F,1993-06-18,1993-07-10,1993-07-09,TAKE BACK RETURN,RAIL,quests poach carefully even accoun
59652-1,59652,518,79,1,46.00,65251.46,0.00,0.06,R,F,1995-03-13,1995-03-24,1995-04-05,DELIVER IN PERSON,MAIL,ideas after the fluff
59653-1,59653,248,30,1,42.00,48226.08,0.01,0.00,N,O,1997-05-19,1997-05-05,1997-06-04,COLLECT COD,REG AIR,"l, express pains. dependenci"
59653-2,59653,1591,92,2,42.00,62688.78,0.00,0.01,N,O,1997-04-01,1997-05-10,1997-04-29,TAKE BACK RETURN,REG AIR,ng the deposits
59653-3,59653,701,2,3,21.00,33635.70,0.02,0.06,N,O,1997-07-19,1997-05-09,1997-08-14,TAKE BACK RETURN,FOB,nically final instructions. 
59653-4,59653,1036,42,4,24.00,22488.72,0.06,0.07,N,O,1997-07-04,1997-05-01,1997-07-10,TAKE BACK RETURN,SHIP,furiously final
59653-5,59653,1415,94,5,45.00,59238.45,0.10,0.00,N,O,1997-04-16,1997-05-29,1997-04-21,NONE,SHIP, beans sleep blithely above the unusu
59653-6,59653,218,19,6,12.00,13418.52,0.04,0.03,N,O,1997-04-12,1997-05-23,1997-04-18,DELIVER IN PERSON,FOB,ironic requests. courts promise furious
59653-7,59653,1437,38,7,1.00,1338.43,0.04,0.04,N,O,1997-05-26,1997-05-02,1997-06-24,DELIVER IN PERSON,RAIL,totes use slyly instru
59654-1,59654,295,96,1,47.00,56178.63,0.01,0.07,A,F,1994-03-08,1994-02-27,1994-03-13,TAKE BACK RETURN,MAIL, theodolites wak
59654-2,59654,897,31,2,5.00,8989.45,0.01,0.02,R,F,1994-03-03,1994-01-14,1994-04-02,COLLECT COD,REG AIR, carefully above the quickly ironic reques
59654-3,59654,1359,98,3,26.00,32769.10,0.02,0.02,A,F,1994-04-02,1994-01-06,1994-04-10,TAKE BACK RETURN,RAIL,deas nag doggedly pending idea
59654-4,59654,1723,66,4,49.00,79611.28,0.03,0.05,A,F,1994-01-07,1994-02-05,1994-01-10,COLLECT COD,FOB,ajole quic
59654-5,59654,716,49,5,4.00,6466.84,0.05,0.04,R,F,1994-01-17,1994-01-23,1994-02-03,TAKE BACK RETURN,SHIP, accounts wake slyly. carefu
59654-6,59654,1859,3,6,34.00,59868.90,0.08,0.00,A,F,1994-04-05,1994-01-13,1994-04-26,NONE,FOB,ep ruthlessly against t
59655-1,59655,1062,63,1,44.00,42374.64,0.10,0.07,A,F,1994-01-27,1993-11-27,1994-02-19,TAKE BACK RETURN,AIR,furiously. pending i
59655-2,59655,1549,30,2,2.00,2901.08,0.00,0.00,A,F,1994-01-26,1993-12-04,1994-02-03,TAKE BACK RETURN,REG AIR,counts cajole slyly: 
59655-3,59655,1472,51,3,36.00,49444.92,0.00,0.01,A,F,1993-11-11,1993-12-08,1993-11-20,TAKE BACK RETURN,RAIL,en asymptotes are f
59680-1,59680,984,19,1,48.00,90479.04,0.10,0.01,A,F,1992-07-27,1992-08-31,1992-08-22,TAKE BACK RETURN,REG AIR,fily; furiously ironic instructions na
59680-2,59680,588,89,2,48.00,71451.84,0.10,0.00,A,F,1992-08-24,1992-09-15,1992-09-03,NONE,FOB,"ter the even, unusual pinto beans h"
59680-3,59680,446,5,3,19.00,25582.36,0.05,0.06,A,F,1992-07-30,1992-08-01,1992-08-05,COLLECT COD,RAIL,sits. regular foxe
59681-1,59681,1056,27,1,31.00,29668.55,0.05,0.05,A,F,1994-07-23,1994-08-01,1994-08-01,TAKE BACK RETURN,REG AIR,ns shall solve r
59681-2,59681,1544,85,2,41.00,59267.14,0.02,0.07,R,F,1994-09-23,1994-08-12,1994-10-08,TAKE BACK RETURN,AIR,beans cajole quickl
59681-3,59681,737,2,3,16.00,26203.68,0.09,0.05,R,F,1994-10-03,1994-08-06,1994-11-01,DELIVER IN PERSON,REG AIR,ans sleep furi
59681-4,59681,1743,86,4,50.00,82237.00,0.10,0.05,A,F,1994-07-28,1994-07-29,1994-08-12,DELIVER IN PERSON,FOB,against the accounts wake ironic account
59681-5,59681,1136,9,5,38.00,39410.94,0.03,0.06,A,F,1994-10-02,1994-08-12,1994-10-17,NONE,MAIL, theodolites. slyly reg
59681-6,59681,430,89,6,28.00,37252.04,0.08,0.04,R,F,1994-07-19,1994-07-12,1994-07-23,NONE,SHIP,kly ironic ideas haggle furiously pendin
59681-7,59681,1748,91,7,31.00,51141.94,0.07,0.00,A,F,1994-10-01,1994-08-27,1994-10-21,COLLECT COD,MAIL,press instructions use blithely a
59682-1,59682,1823,53,1,5.00,8624.10,0.07,0.00,N,O,1996-05-25,1996-05-30,1996-06-11,DELIVER IN PERSON,AIR," regular sheaves at the regular, furious"
59682-2,59682,747,80,2,13.00,21420.62,0.03,0.08,N,O,1996-08-10,1996-06-21,1996-09-09,COLLECT COD,REG AIR,eposits. quickly final packages run
59683-1,59683,1920,65,1,5.00,9109.60,0.09,0.03,A,F,1992-10-22,1992-12-19,1992-11-01,NONE,REG AIR,sts. blithely 
59683-2,59683,779,12,2,30.00,50393.10,0.02,0.08,R,F,1992-11-18,1993-01-04,1992-12-15,NONE,REG AIR,ual deposits h
59683-3,59683,624,56,3,44.00,67083.28,0.00,0.04,R,F,1993-01-02,1992-12-19,1993-01-14,DELIVER IN PERSON,MAIL,l deposits use blithely regular pla
59683-4,59683,389,74,4,26.00,33523.88,0.10,0.03,A,F,1992-10-30,1992-11-13,1992-11-28,NONE,TRUCK,uriously aroun
59684-1,59684,947,16,1,46.00,85005.24,0.07,0.05,R,F,1994-04-14,1994-02-24,1994-05-06,DELIVER IN PERSON,TRUCK,-- furiously entici
59684-2,59684,1651,75,2,42.00,65211.30,0.02,0.04,A,F,1994-03-31,1994-02-19,1994-04-14,DELIVER IN PERSON,RAIL,arefully regular platelets nag ca
59684-3,59684,1255,56,3,24.00,27750.00,0.03,0.03,R,F,1994-03-23,1994-03-02,1994-03-30,TAKE BACK RETURN,MAIL,pecial packages are furiously. slyly eve
59684-4,59684,737,38,4,13.00,21290.49,0.03,0.04,A,F,1994-04-23,1994-03-01,1994-05-12,DELIVER IN PERSON,MAIL,ed foxes nag blithel
59684-5,59684,827,28,5,11.00,19006.02,0.08,0.08,A,F,1994-03-01,1994-02-21,1994-03-08,NONE,MAIL,packages ca
59684-6,59684,1139,48,6,30.00,31203.90,0.01,0.01,A,F,1994-03-04,1994-03-13,1994-03-30,DELIVER IN PERSON,TRUCK,even deposits boost blithely ironic accou
59684-7,59684,675,7,7,40.00,63026.80,0.06,0.05,A,F,1994-04-18,1994-02-25,1994-05-16,NONE,MAIL,arefully unusual packages am
59685-1,59685,386,43,1,44.00,56600.72,0.07,0.00,R,F,1993-03-23,1993-02-06,1993-03-30,NONE,TRUCK,er the blithely special in
59685-2,59685,1399,100,2,6.00,7802.34,0.03,0.01,A,F,1993-02-27,1993-02-14,1993-03-19,NONE,AIR,e express ideas haggle 
59685-3,59685,1083,19,3,36.00,35426.88,0.05,0.08,A,F,1993-03-10,1993-01-25,1993-04-04,DELIVER IN PERSON,REG AIR,"sleep. ironic, regular ideas solve af"
59686-1,59686,1555,36,1,5.00,7282.75,0.06,0.02,R,F,1995-03-28,1995-06-01,1995-04-18,DELIVER IN PERSON,FOB, even waters. b
59686-2,59686,1255,93,2,6.00,6937.50,0.03,0.04,A,F,1995-04-29,1995-05-13,1995-05-28,TAKE BACK RETURN,SHIP,ions unwind alongside of the flu
59687-1,59687,460,61,1,21.00,28569.66,0.03,0.01,N,O,1998-07-09,1998-06-19,1998-08-02,DELIVER IN PERSON,TRUCK,phins are blithely across the pinto bea
59687-2,59687,39,90,2,41.00,38500.23,0.08,0.05,N,O,1998-04-28,1998-06-24,1998-05-06,TAKE BACK RETURN,REG AIR,sts along the regular theodolites wake car
59687-3,59687,1171,80,3,23.00,24659.91,0.09,0.02,N,O,1998-07-08,1998-06-17,1998-07-16,TAKE BACK RETURN,RAIL,y. instructions 
59687-4,59687,1424,42,4,13.00,17230.46,0.03,0.04,N,O,1998-08-06,1998-06-20,1998-08-16,COLLECT COD,MAIL,e slyly pending
59687-5,59687,294,49,5,24.00,28662.96,0.03,0.07,N,O,1998-07-02,1998-07-07,1998-07-06,DELIVER IN PERSON,SHIP,gle carefully fluffily regu
59687-6,59687,1837,24,6,23.00,39993.09,0.03,0.03,N,O,1998-06-11,1998-05-31,1998-06-23,TAKE BACK RETURN,TRUCK,ithely pending plat
59712-1,59712,379,64,1,26.00,33263.62,0.03,0.00,R,F,1993-08-31,1993-09-05,1993-09-24,DELIVER IN PERSON,TRUCK,ss requests 
59713-1,59713,1780,65,1,34.00,57180.52,0.01,0.03,R,F,1993-06-03,1993-06-23,1993-06-11,NONE,TRUCK,s wake quickly along the blithely ironic pl
59713-2,59713,1718,3,2,8.00,12957.68,0.01,0.02,A,F,1993-06-09,1993-07-03,1993-07-02,NONE,REG AIR,ges. always ruthless sauternes 
59713-3,59713,288,70,3,30.00,35648.40,0.10,0.01,R,F,1993-08-31,1993-06-27,1993-09-03,DELIVER IN PERSON,SHIP,pendencies detect blithe
59713-4,59713,153,80,4,49.00,51604.35,0.01,0.01,R,F,1993-05-10,1993-06-18,1993-05-11,DELIVER IN PERSON,TRUCK,", even packages sublate furiously"
59713-5,59713,1549,30,5,36.00,52219.44,0.09,0.05,R,F,1993-06-19,1993-06-25,1993-06-24,NONE,TRUCK,usly quickly darin
59713-6,59713,223,78,6,14.00,15725.08,0.00,0.08,A,F,1993-06-18,1993-07-21,1993-06-25,TAKE BACK RETURN,MAIL," carefully fluffy, even pi"
59714-1,59714,1391,6,1,47.00,60742.33,0.08,0.08,R,F,1994-02-28,1994-02-06,1994-03-14,TAKE BACK RETURN,FOB,"ular deposits. silent, regular f"
59714-2,59714,1637,20,2,11.00,16924.93,0.03,0.01,A,F,1994-03-19,1994-02-05,1994-04-13,DELIVER IN PERSON,RAIL,"ironic accounts among the dogged, regular "
59714-3,59714,1187,96,3,43.00,46791.74,0.09,0.08,R,F,1994-02-16,1994-03-02,1994-02-28,NONE,SHIP,fily regular asympto
59714-4,59714,959,62,4,41.00,76257.95,0.04,0.01,R,F,1994-01-13,1994-01-21,1994-01-14,COLLECT COD,SHIP,s! asymptotes against the regula
59714-5,59714,107,34,5,2.00,2014.20,0.02,0.01,R,F,1994-01-05,1994-02-23,1994-01-20,NONE,RAIL,lithely regular th
59714-6,59714,343,72,6,22.00,27353.48,0.10,0.07,R,F,1993-12-21,1994-03-07,1993-12-23,DELIVER IN PERSON,REG AIR,theodolites. regular requests use. finally
59715-1,59715,1987,88,1,29.00,54780.42,0.07,0.00,N,O,1998-04-24,1998-06-23,1998-04-27,NONE,MAIL,ly about the carefully unusual theodolites
59715-2,59715,1728,55,2,47.00,76596.84,0.09,0.00,N,O,1998-07-08,1998-05-28,1998-07-12,COLLECT COD,TRUCK,ajole across the c
59715-3,59715,85,86,3,40.00,39403.20,0.04,0.06,N,O,1998-04-22,1998-05-07,1998-05-04,DELIVER IN PERSON,REG AIR,ave ideas sleep carefully regular gro
59715-4,59715,1167,76,4,39.00,41658.24,0.09,0.02,N,O,1998-06-12,1998-06-15,1998-07-06,TAKE BACK RETURN,TRUCK,ilent requests boost slyly permanent ac
59716-1,59716,874,8,1,44.00,78094.28,0.02,0.04,N,O,1996-05-04,1996-05-02,1996-05-23,NONE,MAIL,y ironic accounts. sile
59716-2,59716,852,53,2,23.00,40315.55,0.03,0.04,N,O,1996-05-16,1996-05-03,1996-06-15,NONE,RAIL,packages cajole quickly quic
59716-3,59716,34,85,3,19.00,17746.57,0.04,0.06,N,O,1996-05-12,1996-03-06,1996-05-27,NONE,REG AIR,sleep quickly. blithely regular
59717-1,59717,970,5,1,15.00,28064.55,0.08,0.07,N,O,1996-01-04,1996-02-07,1996-01-31,COLLECT COD,REG AIR,orbits cajole carefully fluffily sil
59717-2,59717,593,94,2,24.00,35846.16,0.04,0.01,N,O,1996-03-24,1996-02-23,1996-03-26,NONE,RAIL,ost furiously asymptotes. slyly regular orb
59717-3,59717,1891,21,3,33.00,59165.37,0.03,0.04,N,O,1996-02-04,1996-01-21,1996-02-08,DELIVER IN PERSON,RAIL,e furious instruction
59718-1,59718,501,92,1,43.00,60264.50,0.04,0.01,R,F,1992-04-02,1992-03-26,1992-04-29,COLLECT COD,AIR,. blithely bold gifts haggle
59718-2,59718,50,76,2,23.00,21851.15,0.09,0.05,A,F,1992-01-27,1992-02-12,1992-02-05,NONE,AIR,hins are carefully furiously
59719-1,59719,530,91,1,23.00,32902.19,0.07,0.05,N,O,1995-11-30,1996-02-25,1995-12-17,DELIVER IN PERSON,TRUCK,"kages haggle final, even exc"
59719-2,59719,995,96,2,13.00,24647.87,0.10,0.08,N,O,1996-01-08,1996-02-15,1996-01-29,COLLECT COD,MAIL,ounts. slyly express package
59719-3,59719,10,86,3,18.00,16380.18,0.00,0.02,N,O,1996-01-25,1996-01-23,1996-02-11,NONE,TRUCK,nag blithely furiously busy requ
59744-1,59744,986,21,1,15.00,28304.70,0.00,0.02,R,F,1995-02-15,1994-12-06,1995-03-10,DELIVER IN PERSON,REG AIR,", final notornis sleep blithely against the"
59744-2,59744,1348,63,2,3.00,3748.02,0.10,0.05,A,F,1995-02-06,1994-12-07,1995-02-17,NONE,MAIL,ke carefully: even de
59744-3,59744,781,14,3,12.00,20181.36,0.08,0.02,A,F,1994-11-01,1995-01-21,1994-11-02,DELIVER IN PERSON,TRUCK,ve the sauternes. blithely even acc
59744-4,59744,595,26,4,21.00,31407.39,0.09,0.00,A,F,1995-01-05,1995-01-23,1995-01-25,DELIVER IN PERSON,RAIL,n dependencies. 
59744-5,59744,1525,26,5,26.00,37089.52,0.10,0.08,A,F,1995-01-14,1994-11-30,1995-01-27,COLLECT COD,AIR,uests are 
59745-1,59745,1146,47,1,6.00,6282.84,0.07,0.04,R,F,1994-07-27,1994-07-09,1994-07-28,TAKE BACK RETURN,MAIL,es. slyly regu
59745-2,59745,1557,58,2,33.00,48132.15,0.06,0.06,A,F,1994-06-23,1994-06-23,1994-07-14,COLLECT COD,REG AIR,olites along the carefully regular
59746-1,59746,525,26,1,50.00,71276.00,0.00,0.04,N,O,1997-01-23,1996-11-23,1997-01-29,DELIVER IN PERSON,REG AIR,y ironic requests? 
59747-1,59747,425,84,1,39.00,51691.38,0.04,0.06,N,O,1996-03-23,1996-03-24,1996-04-11,DELIVER IN PERSON,REG AIR, patterns outside the express f
59747-2,59747,30,81,2,50.00,46501.50,0.07,0.00,N,O,1996-01-26,1996-02-12,1996-01-31,DELIVER IN PERSON,SHIP,"are. ironic, special hockey players "
59747-3,59747,506,67,3,9.00,12658.50,0.04,0.00,N,O,1996-02-03,1996-02-13,1996-03-01,NONE,SHIP, are fluffily even packages. car
59747-4,59747,1049,85,4,23.00,21850.92,0.07,0.03,N,O,1996-01-12,1996-04-03,1996-01-23,TAKE BACK RETURN,RAIL,riously ironi
59747-5,59747,388,89,5,23.00,29632.74,0.03,0.00,N,O,1996-01-19,1996-02-27,1996-02-12,DELIVER IN PERSON,MAIL, beans after the regular dolphins are
59748-1,59748,1264,39,1,14.00,16313.64,0.04,0.03,N,O,1997-11-16,1997-09-30,1997-12-09,DELIVER IN PERSON,RAIL, regular requests according to the flu
59748-2,59748,1219,57,2,12.00,13442.52,0.00,0.05,N,O,1997-12-20,1997-10-12,1997-12-21,COLLECT COD,REG AIR,lites. closely special packages wak
59748-3,59748,1915,60,3,8.00,14535.28,0.10,0.06,N,O,1997-10-09,1997-10-10,1997-10-12,DELIVER IN PERSON,FOB,cross the carefully regular depo
59748-4,59748,1675,17,4,10.00,15766.70,0.06,0.05,N,O,1997-09-14,1997-11-16,1997-10-05,NONE,TRUCK,ar packages. quickly regular acc
59748-5,59748,465,24,5,8.00,10923.68,0.03,0.00,N,O,1997-11-14,1997-09-30,1997-11-18,DELIVER IN PERSON,FOB,s the quickly unusual theodol
59749-1,59749,238,93,1,45.00,51220.35,0.03,0.02,N,O,1998-05-05,1998-07-12,1998-05-07,COLLECT COD,AIR,st have to
59749-2,59749,759,56,2,44.00,73029.00,0.07,0.08,N,O,1998-08-24,1998-06-27,1998-08-27,COLLECT COD,FOB,ven accounts. stealthily regular asympto
59749-3,59749,1874,61,3,24.00,42620.88,0.06,0.05,N,O,1998-05-08,1998-06-22,1998-05-21,DELIVER IN PERSON,REG AIR, ironic foxes. req
59749-4,59749,1823,10,4,37.00,63818.34,0.05,0.00,N,O,1998-05-23,1998-06-10,1998-06-09,NONE,REG AIR,ar requests. requests boost foxes. fluff
59750-1,59750,1967,56,1,41.00,76627.36,0.05,0.05,A,F,1993-08-12,1993-08-16,1993-09-08,DELIVER IN PERSON,RAIL,atop the pending requests.
59750-2,59750,1897,27,2,6.00,10793.34,0.04,0.00,R,F,1993-07-29,1993-09-18,1993-08-02,NONE,AIR,xes are blithely furiously close accou
59750-3,59750,258,86,3,37.00,42855.25,0.08,0.04,R,F,1993-10-09,1993-08-22,1993-11-01,DELIVER IN PERSON,RAIL,e slyly even accounts. even deposits sleep
59750-4,59750,227,9,4,31.00,34943.82,0.04,0.04,A,F,1993-08-22,1993-09-09,1993-09-21,DELIVER IN PERSON,RAIL,e quickly regular packages use deposit
59750-5,59750,1342,19,5,44.00,54706.96,0.03,0.01,R,F,1993-08-26,1993-08-12,1993-09-18,TAKE BACK RETURN,MAIL,"l, final pinto beans boost. slyly"
59750-6,59750,407,8,6,11.00,14381.40,0.05,0.02,R,F,1993-07-20,1993-08-17,1993-07-21,DELIVER IN PERSON,TRUCK,e ironically agains
59750-7,59750,1368,7,7,10.00,12693.60,0.01,0.06,R,F,1993-09-28,1993-08-13,1993-10-23,COLLECT COD,REG AIR,ideas wake furiousl
59751-1,59751,1715,58,1,19.00,30717.49,0.02,0.08,N,O,1998-02-11,1998-03-15,1998-03-11,TAKE BACK RETURN,SHIP,ly fluffy requests. quickly re
59751-2,59751,226,8,2,35.00,39417.70,0.02,0.05,N,O,1998-04-27,1998-04-11,1998-05-07,NONE,RAIL,counts haggle regular pinto beans. slyly
59751-3,59751,520,11,3,5.00,7102.60,0.01,0.07,N,O,1998-03-25,1998-03-30,1998-04-04,COLLECT COD,SHIP, courts-- dolphins unwind blithely special
59751-4,59751,1333,34,4,24.00,29623.92,0.07,0.07,N,O,1998-04-18,1998-04-14,1998-04-30,NONE,TRUCK, asymptotes nag thinly packa
59751-5,59751,466,96,5,19.00,25962.74,0.08,0.03,N,O,1998-04-28,1998-03-23,1998-05-06,TAKE BACK RETURN,RAIL,sly after the carefully bold asymp
59751-6,59751,1586,67,6,45.00,66941.10,0.05,0.07,N,O,1998-03-09,1998-02-19,1998-03-27,DELIVER IN PERSON,REG AIR,inal deposits caj
59776-1,59776,953,54,1,23.00,42640.85,0.09,0.07,R,F,1994-07-01,1994-05-02,1994-07-21,DELIVER IN PERSON,RAIL, silently regular ideas. furi
59776-2,59776,1749,76,2,36.00,59426.64,0.04,0.04,R,F,1994-05-03,1994-04-26,1994-05-13,NONE,AIR,inos. silent packages haggle careful
59776-3,59776,1555,56,3,22.00,32044.10,0.09,0.07,A,F,1994-05-23,1994-04-25,1994-06-17,NONE,FOB,riously across the slyly pending foxes. ev
59776-4,59776,31,57,4,39.00,36310.17,0.01,0.02,A,F,1994-06-10,1994-05-26,1994-06-18,TAKE BACK RETURN,REG AIR,asymptotes sleep slyly quick
59776-5,59776,548,39,5,10.00,14485.40,0.02,0.03,R,F,1994-04-13,1994-04-12,1994-04-20,DELIVER IN PERSON,TRUCK,endencies haggl
59776-6,59776,1527,68,6,42.00,59997.84,0.03,0.02,R,F,1994-04-11,1994-05-12,1994-04-22,NONE,MAIL,oost; regular deposi
59777-1,59777,997,100,1,2.00,3795.98,0.02,0.05,R,F,1994-02-19,1994-02-20,1994-03-20,NONE,AIR, the never exp
59777-2,59777,752,17,2,6.00,9916.50,0.05,0.07,A,F,1994-02-24,1994-02-25,1994-03-05,NONE,RAIL,arefully abov
59777-3,59777,1033,39,3,13.00,12142.39,0.05,0.00,R,F,1994-02-21,1994-03-04,1994-03-21,DELIVER IN PERSON,MAIL,"pecial, express accounts sleep da"
59777-4,59777,380,9,4,49.00,62738.62,0.08,0.08,A,F,1994-02-23,1994-02-24,1994-03-12,TAKE BACK RETURN,AIR,eep requests. furiously final plat
59778-1,59778,1511,12,1,2.00,2825.02,0.01,0.01,N,O,1997-09-10,1997-09-08,1997-10-09,COLLECT COD,AIR,its use furiou
59778-2,59778,772,73,2,38.00,63565.26,0.05,0.01,N,O,1997-09-18,1997-08-12,1997-10-05,TAKE BACK RETURN,MAIL,y along the ironic ideas
59778-3,59778,584,45,3,36.00,53444.88,0.02,0.07,N,O,1997-07-25,1997-07-14,1997-08-13,DELIVER IN PERSON,RAIL,ut the furiously even hockey 
59779-1,59779,194,73,1,39.00,42673.41,0.09,0.05,A,F,1994-08-10,1994-06-21,1994-08-17,COLLECT COD,MAIL,"nal, bold theodolites "
59779-2,59779,1614,56,2,31.00,46983.91,0.03,0.07,A,F,1994-06-05,1994-06-17,1994-07-05,COLLECT COD,FOB,gular accounts among the s
59779-3,59779,234,35,3,37.00,41966.51,0.00,0.08,R,F,1994-07-01,1994-07-31,1994-07-12,NONE,AIR, blithely bold instructions nag furio
59779-4,59779,1229,4,4,13.00,14692.86,0.00,0.08,A,F,1994-07-08,1994-07-25,1994-08-01,DELIVER IN PERSON,TRUCK,eposits wake furi
59779-5,59779,1539,20,5,29.00,41775.37,0.06,0.02,R,F,1994-06-17,1994-07-12,1994-07-16,COLLECT COD,SHIP,ly. special asymptotes wake even requests
59779-6,59779,1296,97,6,26.00,31129.54,0.03,0.05,R,F,1994-07-06,1994-08-14,1994-07-18,TAKE BACK RETURN,FOB,nal ideas. quickly special
59779-7,59779,1304,5,7,45.00,54238.50,0.09,0.00,R,F,1994-08-04,1994-07-29,1994-08-30,TAKE BACK RETURN,RAIL,atelets sublate carefully slyl
59780-1,59780,1298,73,1,40.00,47971.60,0.09,0.07,A,F,1993-05-30,1993-04-01,1993-06-21,TAKE BACK RETURN,AIR,sits. deposits cajole f
59780-2,59780,1176,13,2,39.00,42009.63,0.09,0.00,A,F,1993-05-17,1993-04-08,1993-06-03,NONE,REG AIR,eodolites are carefully alongside of
59780-3,59780,1783,68,3,37.00,62336.86,0.06,0.08,A,F,1993-04-01,1993-05-22,1993-04-23,DELIVER IN PERSON,RAIL, deposits. quickly final in
59781-1,59781,1859,60,1,29.00,51064.65,0.07,0.00,A,F,1993-01-09,1993-02-06,1993-01-28,NONE,SHIP,osits haggle
59781-2,59781,440,70,2,9.00,12063.96,0.01,0.03,R,F,1992-12-20,1993-03-05,1993-01-02,COLLECT COD,TRUCK,ut the quickly regular
59781-3,59781,777,74,3,31.00,52010.87,0.09,0.01,A,F,1993-03-31,1993-02-03,1993-04-07,TAKE BACK RETURN,REG AIR,e special platelets. q
59781-4,59781,1843,73,4,6.00,10469.04,0.01,0.04,A,F,1993-03-01,1993-02-23,1993-03-17,TAKE BACK RETURN,FOB,gular ideas hinde
59781-5,59781,1936,25,5,6.00,11027.58,0.05,0.04,R,F,1993-02-23,1993-01-13,1993-03-23,DELIVER IN PERSON,AIR,ly final ideas wake atop t
59781-6,59781,773,6,6,13.00,21759.01,0.08,0.04,A,F,1993-02-14,1993-02-08,1993-02-19,TAKE BACK RETURN,SHIP,". express, regular deposits affix after the"
59781-7,59781,95,21,7,36.00,35823.24,0.03,0.06,A,F,1992-12-16,1993-03-11,1993-01-15,COLLECT COD,MAIL,ss packages cajole express accou
59782-1,59782,892,59,1,16.00,28686.24,0.03,0.06,N,O,1996-11-24,1996-10-14,1996-11-27,TAKE BACK RETURN,REG AIR,ven deposits
59782-2,59782,807,41,2,25.00,42695.00,0.05,0.01,N,O,1996-11-22,1996-10-03,1996-11-25,COLLECT COD,FOB,"fily around the bold, thin forges. d"
59782-3,59782,1613,96,3,1.00,1514.61,0.02,0.06,N,O,1996-09-26,1996-09-16,1996-10-17,COLLECT COD,TRUCK,e quickly express packages. slyly dogge
59782-4,59782,144,71,4,9.00,9397.26,0.09,0.08,N,O,1996-11-28,1996-10-16,1996-12-04,COLLECT COD,REG AIR,ccounts! blithely fluffy requ
59782-5,59782,1166,75,5,46.00,49089.36,0.09,0.05,N,O,1996-11-11,1996-10-01,1996-11-26,NONE,SHIP,eodolites wake 
59783-1,59783,764,65,1,13.00,21641.88,0.05,0.02,R,F,1993-10-12,1993-10-27,1993-10-16,NONE,SHIP,larly fluffy deposits. slyly re
59783-2,59783,1911,56,2,22.00,39884.02,0.10,0.03,R,F,1993-10-11,1993-09-28,1993-10-17,TAKE BACK RETURN,SHIP,quests whithout t
59783-3,59783,174,53,3,30.00,32225.10,0.04,0.04,A,F,1993-09-03,1993-09-21,1993-09-14,COLLECT COD,SHIP,lly final pinto beans. blithely silent warh
59808-1,59808,1496,97,1,34.00,47514.66,0.07,0.03,N,O,1995-10-24,1995-09-26,1995-11-14,NONE,AIR,nusual reque
59809-1,59809,1755,82,1,23.00,38105.25,0.04,0.01,A,F,1995-05-17,1995-04-22,1995-05-26,DELIVER IN PERSON,RAIL, platelets. carefull
59809-2,59809,1129,2,2,5.00,5150.60,0.10,0.08,N,O,1995-06-26,1995-04-10,1995-07-07,TAKE BACK RETURN,REG AIR, about the quickly ironic ideas wake boldly
59809-3,59809,1857,1,3,41.00,72112.85,0.03,0.02,N,O,1995-07-05,1995-05-28,1995-07-21,DELIVER IN PERSON,RAIL,"pecial, special platelet"
59810-1,59810,221,3,1,49.00,54939.78,0.02,0.02,N,O,1998-09-04,1998-08-24,1998-10-04,NONE,SHIP,uthlessly around the fl
59810-2,59810,283,65,2,18.00,21299.04,0.01,0.02,N,O,1998-09-27,1998-09-06,1998-10-17,DELIVER IN PERSON,FOB,blithely above the blit
59811-1,59811,728,25,1,4.00,6514.88,0.10,0.05,N,O,1998-01-25,1998-03-20,1998-02-01,NONE,RAIL,ckages wake
59811-2,59811,1209,47,2,29.00,32195.80,0.03,0.01,N,O,1998-04-22,1998-02-23,1998-05-12,DELIVER IN PERSON,FOB,l pinto beans are. quickly ironic depo
59811-3,59811,1642,66,3,26.00,40134.64,0.05,0.01,N,O,1998-05-07,1998-03-20,1998-05-16,COLLECT COD,FOB,rnes nag slyly. dep
59811-4,59811,1654,96,4,28.00,43558.20,0.08,0.07,N,O,1998-03-29,1998-03-12,1998-04-17,DELIVER IN PERSON,AIR,. pinto beans hagg
59812-1,59812,631,25,1,11.00,16847.93,0.01,0.01,N,O,1995-06-24,1995-07-28,1995-07-04,DELIVER IN PERSON,SHIP,uffily. furiously special dep
59812-2,59812,135,62,2,30.00,31053.90,0.09,0.08,N,O,1995-09-24,1995-08-21,1995-10-16,NONE,REG AIR,r the furiously unusual theodolites. inst
59812-3,59812,728,93,3,7.00,11401.04,0.02,0.05,N,O,1995-09-16,1995-08-09,1995-09-30,DELIVER IN PERSON,FOB,he furiously f
59812-4,59812,1988,33,4,19.00,35909.62,0.09,0.00,N,O,1995-10-18,1995-09-15,1995-10-27,COLLECT COD,TRUCK,onic accounts. quickly 
59812-5,59812,847,81,5,16.00,27965.44,0.08,0.08,N,O,1995-09-10,1995-08-30,1995-10-05,DELIVER IN PERSON,AIR,ions according to the slyly even
59813-1,59813,427,86,1,33.00,43804.86,0.06,0.06,N,O,1996-07-26,1996-09-27,1996-08-03,TAKE BACK RETURN,AIR,unts. sometimes ironic warhorses sleep car
59813-2,59813,1678,61,2,35.00,55288.45,0.05,0.06,N,O,1996-07-20,1996-09-11,1996-08-01,TAKE BACK RETURN,SHIP,ly along th
59813-3,59813,408,9,3,41.00,53644.40,0.06,0.03,N,O,1996-10-08,1996-08-27,1996-11-07,COLLECT COD,FOB,thless pinto beans engage. a
59813-4,59813,1913,2,4,28.00,50817.48,0.04,0.00,N,O,1996-08-18,1996-09-04,1996-08-22,COLLECT COD,TRUCK,e carefully. iron
59813-5,59813,817,17,5,37.00,63558.97,0.10,0.08,N,O,1996-10-17,1996-10-04,1996-11-03,TAKE BACK RETURN,MAIL, cajole. quickly pending r
59813-6,59813,1306,21,6,40.00,48292.00,0.09,0.07,N,O,1996-10-18,1996-08-19,1996-10-19,NONE,RAIL,"bold, pending pinto bean"
59814-1,59814,874,41,1,27.00,47921.49,0.05,0.05,R,F,1994-11-16,1994-12-26,1994-12-02,COLLECT COD,AIR,. carefully unusual theodol
59814-2,59814,768,69,2,1.00,1668.76,0.04,0.00,A,F,1994-11-17,1994-12-07,1994-11-21,COLLECT COD,MAIL,to beans haggle slyly even instruction
59814-3,59814,63,64,3,10.00,9630.60,0.06,0.02,R,F,1994-12-29,1994-10-31,1995-01-02,COLLECT COD,MAIL, regular instruc
59814-4,59814,120,99,4,10.00,10201.20,0.01,0.06,R,F,1994-12-20,1994-12-01,1994-12-31,NONE,AIR,ts sleep slyly. 
59814-5,59814,393,94,5,40.00,51735.60,0.01,0.03,R,F,1994-12-21,1994-11-20,1995-01-04,DELIVER IN PERSON,SHIP,fter the furiously regular T
59814-6,59814,1431,32,6,10.00,13324.30,0.05,0.03,A,F,1994-12-27,1994-10-28,1995-01-03,NONE,TRUCK,carefully slyly even pinto beans. car
59814-7,59814,136,37,7,10.00,10361.30,0.02,0.04,A,F,1995-01-06,1994-11-12,1995-01-23,TAKE BACK RETURN,SHIP,ickly quick foxes sleep
59815-1,59815,56,7,1,27.00,25813.35,0.00,0.07,R,F,1994-01-15,1994-03-08,1994-02-11,NONE,RAIL,ns impress quickl
59815-2,59815,822,22,2,4.00,6891.28,0.09,0.02,R,F,1994-01-16,1994-03-15,1994-01-27,DELIVER IN PERSON,SHIP,ly according to the
59815-3,59815,1803,47,3,30.00,51144.00,0.04,0.05,A,F,1994-04-05,1994-02-05,1994-04-11,DELIVER IN PERSON,MAIL,ly final theodolites? accounts hagg
59815-4,59815,1505,26,4,40.00,56260.00,0.00,0.01,R,F,1994-04-04,1994-01-25,1994-04-28,NONE,MAIL,uses. furiously regular somas s
59815-5,59815,1031,37,5,2.00,1864.06,0.10,0.00,R,F,1994-03-26,1994-01-17,1994-04-15,DELIVER IN PERSON,TRUCK,ly close packages-
59840-1,59840,169,96,1,13.00,13899.08,0.09,0.00,N,O,1997-10-11,1997-09-14,1997-11-07,TAKE BACK RETURN,FOB,odolites wake. bl
59840-2,59840,100,76,2,19.00,19001.90,0.09,0.07,N,O,1997-10-12,1997-09-16,1997-10-13,DELIVER IN PERSON,RAIL,ross the fl
59840-3,59840,1857,1,3,6.00,10553.10,0.10,0.06,N,O,1997-10-07,1997-10-01,1997-10-09,NONE,AIR,"ly! bold, bold foxes dazz"
59840-4,59840,1663,87,4,37.00,57892.42,0.01,0.05,N,O,1997-10-01,1997-09-06,1997-10-30,COLLECT COD,TRUCK,s impress flu
59841-1,59841,106,33,1,43.00,43262.30,0.04,0.07,R,F,1993-09-25,1993-07-31,1993-10-04,COLLECT COD,MAIL, wake according to the carefull
59841-2,59841,1196,5,2,41.00,44984.79,0.00,0.07,R,F,1993-06-15,1993-07-06,1993-07-09,NONE,TRUCK,ggle against the ironic pack
59841-3,59841,560,51,3,39.00,56961.84,0.00,0.06,A,F,1993-09-07,1993-07-29,1993-09-23,NONE,SHIP,idly bold foxe
59841-4,59841,297,98,4,50.00,59864.50,0.03,0.00,A,F,1993-08-28,1993-07-08,1993-09-24,NONE,SHIP,fully regul
59841-5,59841,965,100,5,49.00,91432.04,0.04,0.06,A,F,1993-06-19,1993-07-21,1993-06-27,TAKE BACK RETURN,TRUCK,"encies cajole above the regular, special "
59841-6,59841,517,78,6,47.00,66622.97,0.05,0.05,R,F,1993-07-24,1993-08-25,1993-08-01,TAKE BACK RETURN,SHIP,ckages hang slyly ironic requ
59842-1,59842,195,74,1,17.00,18618.23,0.02,0.00,R,F,1992-06-10,1992-04-30,1992-06-21,DELIVER IN PERSON,TRUCK, boldly special ideas 
59842-2,59842,983,52,2,2.00,3767.96,0.05,0.07,A,F,1992-06-20,1992-06-09,1992-07-05,NONE,SHIP," busily regular, even asympt"
59842-3,59842,653,16,3,43.00,66806.95,0.01,0.02,R,F,1992-05-26,1992-04-23,1992-06-13,COLLECT COD,AIR,ronic deposits. requests n
59843-1,59843,824,91,1,31.00,53469.42,0.02,0.04,A,F,1995-03-21,1995-03-20,1995-04-13,DELIVER IN PERSON,TRUCK,"ions haggle even, regu"
59843-2,59843,1235,73,2,28.00,31814.44,0.10,0.04,A,F,1995-03-05,1995-05-15,1995-03-12,NONE,REG AIR,carefully bold 
59843-3,59843,955,56,3,19.00,35263.05,0.09,0.02,R,F,1995-04-23,1995-05-01,1995-04-27,DELIVER IN PERSON,RAIL,ross the blithely express
59843-4,59843,1939,28,4,47.00,86523.71,0.01,0.05,R,F,1995-04-04,1995-03-17,1995-04-24,TAKE BACK RETURN,MAIL,"sual, regular "
59843-5,59843,671,65,5,4.00,6286.68,0.07,0.04,R,F,1995-05-01,1995-04-05,1995-05-24,COLLECT COD,MAIL,carefully pending ideas sublate fluffi
59843-6,59843,975,78,6,11.00,20635.67,0.07,0.08,A,F,1995-05-23,1995-05-05,1995-06-15,TAKE BACK RETURN,MAIL,"ole blithely regular, expr"
59844-1,59844,626,20,1,40.00,61064.80,0.03,0.06,A,F,1993-09-24,1993-11-05,1993-10-24,DELIVER IN PERSON,MAIL,around the furiously 
59844-2,59844,1943,88,2,4.00,7379.76,0.06,0.01,A,F,1993-09-05,1993-10-26,1993-10-03,COLLECT COD,SHIP,ly. even deposits wake blit
59844-3,59844,129,8,3,37.00,38077.44,0.10,0.02,A,F,1993-11-16,1993-09-23,1993-12-07,DELIVER IN PERSON,RAIL,e carefully final accounts. special as
59845-1,59845,1097,98,1,12.00,11977.08,0.09,0.07,A,F,1995-01-06,1995-03-23,1995-01-15,COLLECT COD,AIR,leep carefully ir
59845-2,59845,779,44,2,41.00,68870.57,0.10,0.08,A,F,1995-01-25,1995-02-01,1995-02-06,TAKE BACK RETURN,MAIL,furiously iron
59845-3,59845,1626,9,3,10.00,15276.20,0.03,0.07,A,F,1995-03-07,1995-02-13,1995-03-21,TAKE BACK RETURN,TRUCK,. bravely regular dependencies haggle
59845-4,59845,1518,99,4,41.00,58199.91,0.06,0.07,R,F,1995-02-19,1995-02-03,1995-03-19,TAKE BACK RETURN,REG AIR,ly near the slyly 
59845-5,59845,423,82,5,9.00,11910.78,0.08,0.06,A,F,1995-01-22,1995-03-08,1995-02-16,NONE,RAIL,lly after the slyly bold
59845-6,59845,150,51,6,48.00,50407.20,0.08,0.07,A,F,1995-02-24,1995-02-17,1995-03-25,NONE,SHIP,ts haggle. blithely final requests h
59845-7,59845,255,83,7,43.00,49675.75,0.04,0.02,A,F,1995-01-23,1995-03-21,1995-01-26,DELIVER IN PERSON,TRUCK,e blithely
59846-1,59846,225,80,1,47.00,52885.34,0.02,0.07,N,O,1995-10-11,1995-11-19,1995-11-01,NONE,TRUCK,s thrash blithely. expr
59846-2,59846,512,43,2,32.00,45200.32,0.03,0.07,N,O,1995-09-11,1995-10-04,1995-10-05,DELIVER IN PERSON,SHIP,ccounts. furiously regular platelet
59846-3,59846,946,47,3,19.00,35091.86,0.00,0.08,N,O,1995-10-28,1995-11-25,1995-11-08,COLLECT COD,REG AIR,bold platelet
59847-1,59847,706,71,1,44.00,70694.80,0.01,0.02,A,F,1994-08-14,1994-05-26,1994-08-19,NONE,FOB,unts. furiously ironic accounts wake betwee
59847-2,59847,1851,81,2,35.00,61349.75,0.08,0.01,A,F,1994-07-21,1994-06-06,1994-07-25,COLLECT COD,FOB,structions can haggle according 
59847-3,59847,1702,3,3,47.00,75373.90,0.09,0.04,A,F,1994-05-09,1994-05-19,1994-05-28,NONE,AIR,e busily at the stealthy depen
59872-1,59872,626,58,1,21.00,32059.02,0.07,0.07,N,O,1996-11-14,1996-10-13,1996-11-23,TAKE BACK RETURN,FOB,te carefully carefully spe
59873-1,59873,899,33,1,47.00,84594.83,0.01,0.05,R,F,1994-02-24,1994-03-25,1994-03-19,NONE,MAIL,"s sleep. regular, unusual deposits at"
59873-2,59873,1386,63,2,9.00,11586.42,0.06,0.00,A,F,1994-03-07,1994-05-02,1994-04-04,COLLECT COD,REG AIR,cuses integrate. quickly even i
59873-3,59873,349,78,3,45.00,56220.30,0.06,0.05,R,F,1994-03-20,1994-03-15,1994-04-03,TAKE BACK RETURN,SHIP,refully ironic
59873-4,59873,648,80,4,35.00,54202.40,0.07,0.02,A,F,1994-02-22,1994-03-27,1994-02-26,TAKE BACK RETURN,TRUCK,es. blithely
59873-5,59873,75,51,5,38.00,37052.66,0.01,0.02,A,F,1994-03-19,1994-04-22,1994-04-08,DELIVER IN PERSON,TRUCK,y behind the
59873-6,59873,535,96,6,46.00,66034.38,0.02,0.03,A,F,1994-04-14,1994-04-02,1994-05-05,COLLECT COD,FOB, nag furiously regular theod
59873-7,59873,192,45,7,45.00,49148.55,0.02,0.03,A,F,1994-02-17,1994-04-08,1994-03-11,COLLECT COD,REG AIR,odolites are slyly after the ironic
59874-1,59874,1072,73,1,22.00,21407.54,0.08,0.05,R,F,1995-03-18,1995-04-02,1995-04-08,TAKE BACK RETURN,REG AIR,e pending pinto beans boost furiously
59874-2,59874,1065,71,2,36.00,34778.16,0.03,0.08,R,F,1995-04-05,1995-03-01,1995-04-27,TAKE BACK RETURN,REG AIR,s cajole. 
59874-3,59874,1339,54,3,26.00,32248.58,0.08,0.02,A,F,1995-03-15,1995-03-26,1995-04-10,TAKE BACK RETURN,FOB,"xpress, ironic accounts. quick"
59874-4,59874,627,59,4,43.00,65687.66,0.04,0.00,A,F,1995-05-02,1995-03-29,1995-05-15,TAKE BACK RETURN,MAIL,jole quickly.
59875-1,59875,1901,90,1,33.00,59495.70,0.04,0.06,N,O,1997-08-12,1997-06-18,1997-08-14,DELIVER IN PERSON,REG AIR,deas are slyly 
59875-2,59875,12,63,2,13.00,11856.13,0.03,0.06,N,O,1997-07-28,1997-07-20,1997-08-24,COLLECT COD,SHIP,fluffily speci
59875-3,59875,1778,21,3,2.00,3359.54,0.03,0.02,N,O,1997-05-07,1997-07-25,1997-05-24,TAKE BACK RETURN,RAIL,usly. quickly ironic ideas beli
59875-4,59875,1942,75,4,23.00,42410.62,0.04,0.01,N,O,1997-08-27,1997-07-01,1997-09-10,COLLECT COD,TRUCK,s impress blithely car
59875-5,59875,1908,97,5,1.00,1809.90,0.04,0.04,N,O,1997-07-14,1997-07-08,1997-08-12,DELIVER IN PERSON,TRUCK,sits use. final forges detect caref
59875-6,59875,1239,51,6,2.00,2280.46,0.07,0.04,N,O,1997-07-08,1997-07-19,1997-07-15,COLLECT COD,SHIP,"ckages wake pending, express pin"
59875-7,59875,1073,74,7,32.00,31170.24,0.10,0.04,N,O,1997-07-26,1997-07-29,1997-08-05,TAKE BACK RETURN,FOB,ld requests wa
59876-1,59876,1414,32,1,49.00,64455.09,0.07,0.07,N,O,1996-10-02,1996-08-15,1996-10-14,COLLECT COD,REG AIR,above the slyly silent p
59876-2,59876,872,73,2,9.00,15955.83,0.02,0.04,N,O,1996-09-17,1996-08-23,1996-09-20,DELIVER IN PERSON,TRUCK,ously pending accounts haggle a
59876-3,59876,170,49,3,21.00,22473.57,0.03,0.08,N,O,1996-09-05,1996-08-10,1996-09-13,DELIVER IN PERSON,RAIL, slyly final 
59877-1,59877,689,21,1,31.00,49280.08,0.09,0.01,A,F,1993-09-22,1993-07-28,1993-10-11,NONE,RAIL,equests among the c
59877-2,59877,1571,92,2,35.00,51539.95,0.05,0.04,A,F,1993-07-26,1993-08-08,1993-08-16,TAKE BACK RETURN,SHIP,: requests about
59878-1,59878,319,20,1,37.00,45114.47,0.00,0.00,A,F,1992-09-18,1992-08-10,1992-10-09,TAKE BACK RETURN,SHIP,eep carefully above the blithel
59878-2,59878,1957,46,2,44.00,81793.80,0.07,0.01,A,F,1992-07-28,1992-08-25,1992-08-21,TAKE BACK RETURN,RAIL,oss the slyly regular depos
59878-3,59878,1008,14,3,15.00,13635.00,0.05,0.06,A,F,1992-09-08,1992-07-20,1992-10-07,COLLECT COD,REG AIR,ly even packages use against the car
59878-4,59878,1912,57,4,43.00,77998.13,0.06,0.04,R,F,1992-08-10,1992-08-12,1992-08-17,NONE,RAIL,"ly pending ideas are slyly. regular, reg"
59878-5,59878,139,18,5,41.00,42604.33,0.00,0.00,R,F,1992-06-08,1992-08-24,1992-06-21,NONE,AIR,o the fluffily b
59879-1,59879,1436,76,1,4.00,5349.72,0.09,0.08,R,F,1994-05-11,1994-04-22,1994-06-10,COLLECT COD,RAIL,y thin foxes alongside of the furiously 
59879-2,59879,598,59,2,36.00,53949.24,0.04,0.01,R,F,1994-04-27,1994-06-01,1994-05-08,COLLECT COD,AIR,xpress inst
59904-1,59904,1246,84,1,19.00,21797.56,0.05,0.02,A,F,1992-04-13,1992-05-13,1992-04-25,COLLECT COD,RAIL, finally dogged requests. car
59904-2,59904,1320,35,2,38.00,46410.16,0.07,0.02,R,F,1992-05-05,1992-06-13,1992-05-29,TAKE BACK RETURN,FOB,ix blithely slyly express braids. depo
59905-1,59905,591,92,1,37.00,55188.83,0.05,0.08,R,F,1992-07-11,1992-06-19,1992-07-14,DELIVER IN PERSON,AIR,r slyly after the blithely special
59905-2,59905,1640,41,2,7.00,10791.48,0.00,0.04,A,F,1992-06-15,1992-06-05,1992-07-09,DELIVER IN PERSON,AIR,ajole fluffily about the blithely sile
59905-3,59905,243,71,3,25.00,28581.00,0.07,0.01,A,F,1992-04-20,1992-06-30,1992-04-30,TAKE BACK RETURN,RAIL,re slyly. fina
59905-4,59905,1115,52,4,2.00,2032.22,0.07,0.04,A,F,1992-07-01,1992-05-24,1992-07-03,TAKE BACK RETURN,RAIL, quickly reg
59905-5,59905,1898,85,5,2.00,3599.78,0.10,0.00,R,F,1992-05-06,1992-07-01,1992-05-26,TAKE BACK RETURN,AIR,nis? accoun
59905-6,59905,205,33,6,16.00,17683.20,0.03,0.04,R,F,1992-05-15,1992-06-10,1992-05-24,DELIVER IN PERSON,REG AIR,equests are bravely after the slyly even fo
59905-7,59905,1193,94,7,29.00,31731.51,0.01,0.08,A,F,1992-04-30,1992-05-19,1992-05-13,DELIVER IN PERSON,FOB, express accounts. e
59906-1,59906,565,56,1,9.00,13190.04,0.08,0.05,A,F,1993-08-27,1993-08-10,1993-09-22,COLLECT COD,TRUCK,l pinto beans are. notornis are fur
59906-2,59906,973,8,2,1.00,1873.97,0.05,0.00,R,F,1993-08-16,1993-07-07,1993-09-02,COLLECT COD,REG AIR,ticingly final accounts sleep carefully sl
59906-3,59906,1731,32,3,10.00,16327.30,0.01,0.08,A,F,1993-07-16,1993-06-24,1993-08-02,COLLECT COD,MAIL,sits sleep slyly. expres
59906-4,59906,5,81,4,29.00,26245.00,0.04,0.08,A,F,1993-09-09,1993-07-05,1993-09-28,NONE,FOB,ely ironically i
59906-5,59906,248,30,5,11.00,12630.64,0.10,0.08,A,F,1993-06-30,1993-06-24,1993-07-27,DELIVER IN PERSON,AIR,pending requests. furious
59906-6,59906,616,17,6,36.00,54597.96,0.00,0.01,A,F,1993-08-18,1993-07-25,1993-09-16,TAKE BACK RETURN,TRUCK,sleep about the slyly final asymptotes. qu
59906-7,59906,740,41,7,35.00,57425.90,0.09,0.05,A,F,1993-06-24,1993-07-02,1993-06-30,NONE,MAIL,ular theodolites. thinly ironic asym
59907-1,59907,937,72,1,48.00,88220.64,0.05,0.02,N,O,1997-03-30,1997-03-11,1997-04-10,COLLECT COD,SHIP,ounts wake among the fluffily final package
59907-2,59907,1105,14,2,41.00,41250.10,0.02,0.08,N,O,1997-02-27,1997-03-07,1997-03-02,DELIVER IN PERSON,REG AIR,luffily regular instructions shoul
59907-3,59907,1427,67,3,19.00,25239.98,0.07,0.06,N,O,1997-01-20,1997-02-10,1997-01-29,NONE,AIR,te slyly with the deposi
59907-4,59907,973,74,4,43.00,80580.71,0.07,0.04,N,O,1997-02-08,1997-03-25,1997-02-21,COLLECT COD,FOB,ar deposits cajo
59908-1,59908,1181,54,1,30.00,32465.40,0.03,0.07,R,F,1992-12-06,1992-11-08,1992-12-26,TAKE BACK RETURN,FOB,to cajole bold pi
59909-1,59909,1365,4,1,14.00,17729.04,0.10,0.01,A,F,1992-09-21,1992-10-31,1992-10-18,COLLECT COD,RAIL,es. quickly ironic a
59909-2,59909,1432,72,2,11.00,14667.73,0.06,0.08,R,F,1992-09-17,1992-09-27,1992-10-13,NONE,RAIL,. carefully speci
59909-3,59909,422,23,3,36.00,47607.12,0.03,0.04,R,F,1992-09-13,1992-10-14,1992-10-01,TAKE BACK RETURN,RAIL,"nts cajole slyly ironic, exp"
59909-4,59909,1775,76,4,39.00,65394.03,0.06,0.06,R,F,1992-11-09,1992-10-16,1992-11-23,COLLECT COD,TRUCK,jole quickly around the unusual requests
59909-5,59909,1139,48,5,3.00,3120.39,0.05,0.03,A,F,1992-12-02,1992-09-27,1992-12-16,NONE,REG AIR, requests. packages sleep around the slyly
59909-6,59909,1374,13,6,16.00,20405.92,0.01,0.02,R,F,1992-12-04,1992-09-27,1992-12-23,DELIVER IN PERSON,MAIL,ly; carefully regular dependencies cajo
59909-7,59909,29,80,7,15.00,13935.30,0.07,0.00,R,F,1992-08-09,1992-10-14,1992-08-21,DELIVER IN PERSON,RAIL,y express theodolites. furiously 
59910-1,59910,1084,90,1,34.00,33492.72,0.01,0.02,N,O,1995-09-01,1995-07-21,1995-09-03,TAKE BACK RETURN,FOB,"ven dependencies haggle unusual, ironi"
59911-1,59911,1641,24,1,40.00,61705.60,0.07,0.01,N,O,1995-12-28,1996-02-19,1995-12-29,TAKE BACK RETURN,FOB,ly final foxes cajole final patterns
59936-1,59936,1384,99,1,22.00,28278.36,0.06,0.03,R,F,1993-02-19,1993-01-13,1993-03-03,COLLECT COD,RAIL,instructions above the blithely ironi
59936-2,59936,111,12,2,23.00,23255.53,0.02,0.00,R,F,1993-03-01,1993-02-15,1993-03-26,TAKE BACK RETURN,AIR,"n blithely final, ironic foxes. "
59936-3,59936,1136,73,3,29.00,30076.77,0.03,0.06,A,F,1993-01-06,1993-01-04,1993-01-12,COLLECT COD,FOB,silent foxe
59937-1,59937,1803,33,1,4.00,6819.20,0.08,0.04,R,F,1995-04-10,1995-02-21,1995-04-26,COLLECT COD,TRUCK,ully ironic accounts nag package
59938-1,59938,1287,62,1,13.00,15447.64,0.01,0.01,N,O,1995-11-20,1995-09-16,1995-12-14,NONE,TRUCK,equests af
59938-2,59938,268,50,2,19.00,22196.94,0.04,0.00,N,O,1995-11-12,1995-10-29,1995-11-13,TAKE BACK RETURN,FOB,c Tiresias. quickly 
59938-3,59938,1883,70,3,22.00,39267.36,0.01,0.02,N,O,1995-08-14,1995-10-26,1995-09-02,NONE,TRUCK,"as sleep along the unusual, pending p"
59939-1,59939,1171,8,1,32.00,34309.44,0.03,0.04,R,F,1993-10-11,1993-10-19,1993-10-24,COLLECT COD,MAIL, after the blithe
59939-2,59939,1417,18,2,11.00,14502.51,0.06,0.08,R,F,1993-10-17,1993-10-19,1993-11-09,COLLECT COD,TRUCK,nusual accounts. ironic foxes haggle qui
59939-3,59939,1590,91,3,12.00,17899.08,0.08,0.04,A,F,1993-10-27,1993-11-30,1993-11-03,COLLECT COD,RAIL,uriously. unusual instructions sl
59939-4,59939,375,4,4,33.00,42087.21,0.03,0.06,A,F,1993-10-22,1993-10-26,1993-10-26,COLLECT COD,SHIP,onic accou
59939-5,59939,1236,74,5,8.00,9097.84,0.00,0.05,A,F,1993-11-11,1993-11-22,1993-12-03,DELIVER IN PERSON,REG AIR,eep always. reques
59940-1,59940,1336,13,1,31.00,38357.23,0.00,0.04,A,F,1994-10-26,1994-10-30,1994-10-29,COLLECT COD,AIR,ffix closely regul
59940-2,59940,137,16,2,37.00,38373.81,0.02,0.07,R,F,1994-11-09,1994-12-05,1994-12-05,TAKE BACK RETURN,FOB, among the instru
59940-3,59940,460,90,3,37.00,50337.02,0.03,0.04,R,F,1995-01-17,1994-11-05,1995-02-10,DELIVER IN PERSON,FOB,eposits serve. furious
59941-1,59941,769,2,1,40.00,66790.40,0.07,0.07,A,F,1992-10-29,1993-01-13,1992-10-31,NONE,FOB,usly even dinos
59941-2,59941,1597,18,2,22.00,32968.98,0.02,0.00,A,F,1992-11-15,1992-12-08,1992-11-16,TAKE BACK RETURN,SHIP,s. foxes wake. 
59942-1,59942,868,35,1,10.00,17688.60,0.08,0.08,A,F,1994-05-12,1994-04-15,1994-05-17,COLLECT COD,AIR,ly regular dep
59942-2,59942,288,70,2,46.00,54660.88,0.00,0.05,R,F,1994-06-07,1994-04-16,1994-06-27,COLLECT COD,FOB, requests. enticin
59942-3,59942,1282,57,3,26.00,30765.28,0.01,0.04,R,F,1994-03-18,1994-04-30,1994-04-12,DELIVER IN PERSON,FOB,y bold packages are. furiously ironic foxes
59942-4,59942,1716,1,4,22.00,35589.62,0.06,0.07,A,F,1994-03-15,1994-04-08,1994-04-05,COLLECT COD,AIR,ve the carefully regula
59942-5,59942,869,36,5,30.00,53095.80,0.09,0.04,R,F,1994-02-18,1994-04-11,1994-03-01,COLLECT COD,REG AIR, requests affix slyly. carefully bold pi
59942-6,59942,552,53,6,35.00,50839.25,0.01,0.00,A,F,1994-04-15,1994-04-11,1994-04-17,NONE,RAIL,"ove the regular,"
59943-1,59943,1565,6,1,9.00,13199.04,0.09,0.03,R,F,1993-07-12,1993-07-13,1993-08-09,TAKE BACK RETURN,FOB,. quickly pending multipliers 
59943-2,59943,32,58,2,1.00,932.03,0.06,0.07,R,F,1993-07-27,1993-07-20,1993-08-01,COLLECT COD,RAIL,ely along the furiously pending asymptotes
59943-3,59943,699,31,3,29.00,46391.01,0.10,0.07,A,F,1993-07-30,1993-08-06,1993-08-06,TAKE BACK RETURN,REG AIR, instructions lose quickly. slyly br
59968-1,59968,112,65,1,9.00,9108.99,0.07,0.04,N,O,1997-12-15,1998-01-08,1997-12-22,TAKE BACK RETURN,TRUCK,. carefully pending multipliers sl
59968-2,59968,1596,37,2,37.00,55410.83,0.10,0.02,N,O,1998-01-26,1997-12-07,1998-02-10,DELIVER IN PERSON,AIR,usly pending decoys. ir
59969-1,59969,1781,82,1,17.00,28607.26,0.09,0.08,R,F,1992-03-08,1992-02-22,1992-03-09,COLLECT COD,FOB,blithely regular req
59969-2,59969,230,31,2,2.00,2260.46,0.03,0.08,A,F,1992-01-30,1992-04-11,1992-02-11,COLLECT COD,FOB,osits. thin 
59969-3,59969,1449,28,3,18.00,24307.92,0.02,0.07,R,F,1992-05-10,1992-02-23,1992-05-29,DELIVER IN PERSON,AIR,ickly after the fluffily ev
59969-4,59969,1463,81,4,18.00,24560.28,0.10,0.06,A,F,1992-03-26,1992-02-29,1992-04-09,NONE,REG AIR,y dependencies. carefully fina
59969-5,59969,108,87,5,47.00,47380.70,0.04,0.08,A,F,1992-05-05,1992-03-25,1992-05-20,NONE,SHIP,s. even deposits haggle
59969-6,59969,1720,63,6,20.00,32434.40,0.10,0.06,A,F,1992-04-22,1992-03-02,1992-05-05,TAKE BACK RETURN,REG AIR,r platelets. carefully ironic reque
59969-7,59969,1823,67,7,40.00,68992.80,0.08,0.01,R,F,1992-05-10,1992-04-03,1992-05-28,DELIVER IN PERSON,TRUCK," ironic theodolites. even,"
59970-1,59970,1816,46,1,16.00,27484.96,0.10,0.05,N,O,1998-10-22,1998-10-06,1998-11-15,TAKE BACK RETURN,FOB,ts x-ray car
59971-1,59971,1470,88,1,9.00,12343.23,0.02,0.02,N,O,1995-08-06,1995-07-23,1995-08-29,COLLECT COD,TRUCK,"lar, regular a"
59971-2,59971,1010,46,2,40.00,36440.40,0.06,0.06,N,O,1995-06-28,1995-07-25,1995-07-24,TAKE BACK RETURN,REG AIR,bold hockey players haggle furiously furi
59971-3,59971,622,16,3,34.00,51769.08,0.02,0.03,N,O,1995-08-21,1995-07-14,1995-09-18,NONE,MAIL,nstructions! slyly silent pearls ha
59971-4,59971,299,54,4,43.00,51569.47,0.01,0.08,N,F,1995-06-09,1995-08-09,1995-07-02,TAKE BACK RETURN,MAIL,l requests shal
59971-5,59971,757,22,5,8.00,13262.00,0.07,0.05,N,O,1995-06-25,1995-08-10,1995-07-13,TAKE BACK RETURN,TRUCK,lithely above the carefully 
59971-6,59971,882,16,6,20.00,35657.60,0.02,0.07,R,F,1995-06-10,1995-07-13,1995-06-17,TAKE BACK RETURN,REG AIR,ideas. furiously specia
59971-7,59971,1748,33,7,24.00,39593.76,0.10,0.02,N,O,1995-07-14,1995-08-07,1995-07-23,TAKE BACK RETURN,TRUCK, fluffily silent requests along the pend
59972-1,59972,1813,57,1,28.00,48014.68,0.06,0.05,R,F,1995-02-08,1995-01-24,1995-02-19,COLLECT COD,RAIL,efully enticing 
59972-2,59972,645,39,2,32.00,49460.48,0.03,0.06,A,F,1995-02-06,1994-12-01,1995-02-23,DELIVER IN PERSON,TRUCK,ecial accounts boost Tiresias.
59973-1,59973,738,35,1,33.00,54078.09,0.03,0.01,N,O,1996-02-16,1996-01-05,1996-02-27,NONE,TRUCK,oss the slyly final pinto 
59973-2,59973,1012,83,2,45.00,41085.45,0.04,0.08,N,O,1995-12-30,1995-12-26,1996-01-23,NONE,TRUCK,luffy request
59973-3,59973,1050,21,3,23.00,21874.15,0.07,0.06,N,O,1995-12-30,1996-01-04,1996-01-12,DELIVER IN PERSON,REG AIR,kly silent
59973-4,59973,1128,1,4,37.00,38077.44,0.00,0.08,N,O,1996-03-11,1996-02-01,1996-04-07,TAKE BACK RETURN,TRUCK,ly about the slyly ironic th
59973-5,59973,1983,16,5,10.00,18849.80,0.05,0.07,N,O,1996-02-09,1996-01-28,1996-02-23,DELIVER IN PERSON,TRUCK,ies-- quietly unusual p
59973-6,59973,846,80,6,7.00,12227.88,0.06,0.00,N,O,1996-01-16,1995-12-26,1996-01-29,TAKE BACK RETURN,FOB,ldly. furiously regular pains 
59973-7,59973,306,7,7,35.00,42220.50,0.01,0.00,N,O,1996-02-03,1996-01-18,1996-02-29,COLLECT COD,RAIL,ding to the slyly ironic packages wak
59974-1,59974,560,51,1,36.00,52580.16,0.10,0.07,N,O,1995-12-12,1996-02-11,1995-12-28,NONE,SHIP,eas. dependencies above the packag
59974-2,59974,437,38,2,10.00,13374.30,0.10,0.05,N,O,1996-01-05,1996-02-29,1996-01-26,COLLECT COD,AIR,y ironic accounts; deposits haggle never
59975-1,59975,496,26,1,6.00,8378.94,0.06,0.06,A,F,1994-03-15,1994-02-18,1994-04-06,DELIVER IN PERSON,REG AIR,ronic ideas 
59975-2,59975,1924,25,2,27.00,49299.84,0.03,0.08,A,F,1994-01-04,1994-03-11,1994-02-02,DELIVER IN PERSON,AIR,regular deposits. fluffily sile
60000-1,60000,292,93,1,45.00,53653.05,0.05,0.06,N,O,1995-07-13,1995-05-29,1995-08-10,TAKE BACK RETURN,MAIL,"e. even, ironic dependencies haggle f"
60000-2,60000,1843,44,2,23.00,40131.32,0.05,0.03,N,O,1995-08-09,1995-06-08,1995-08-23,COLLECT COD,FOB,t the thinly pending foxes 
60000-3,60000,1057,63,3,45.00,43112.25,0.02,0.02,R,F,1995-05-15,1995-05-31,1995-06-03,COLLECT COD,SHIP, cajole slyly final braids. neve
60000-4,60000,271,53,4,29.00,33966.83,0.02,0.01,N,O,1995-07-25,1995-06-07,1995-08-17,COLLECT COD,SHIP,e blithely ironic foxe
60000-5,60000,585,16,5,31.00,46052.98,0.00,0.05,N,O,1995-08-06,1995-07-18,1995-08-19,TAKE BACK RETURN,TRUCK,ously bold re
60000-6,60000,836,3,6,45.00,78157.35,0.04,0.08,N,O,1995-07-23,1995-07-17,1995-07-24,DELIVER IN PERSON,TRUCK,ously even accounts according to the 
